latitude,longitude,Time_Start,Time_Stop,TimeTaken
13.0085000992,80.2135009766,23015,23045,30
12.9872999191,80.2594909668,24312,24342,30
12.9769601822,80.2227783203,26022,26042,20
12.9763498306,80.2216873169,26496,26518,22
12.9872503281,80.259552002,27330,27350,20
12.9802598953,80.2527313232,27825,27855,30
12.9813499451,80.2427978516,28037,28067,30
12.9812898636,80.238067627,28138,28160,22
12.9816703796,80.233291626,28231,28251,20
12.9805803299,80.2288970947,28342,28362,20
12.9771604538,80.2227172852,28493,28514,21
12.9864397049,80.2229919434,28746,28775,29
12.9902296066,80.2204666138,28847,28877,30
12.9975595474,80.2160873413,29000,29018,18
13.0078601837,80.2130813599,29202,29232,30
13.0347204208,80.2302780151,29929,29959,30
13.029709816,80.2308807373,31373,31393,20
13.0246095657,80.229057312,31646,31676,30
13.024479866,80.2288665771,31687,31716,29
13.0162000656,80.2255630493,31858,31877,19
13.0113401413,80.2235336304,32009,32030,21
13.0087604523,80.2138290405,32161,32181,20
12.9834804535,80.2223815918,33041,33065,24
12.9763202667,80.2220306396,33333,33357,24
12.9806995392,80.2289810181,33468,33498,30
12.9814100266,80.2427597046,33831,33852,21
12.9801502228,80.2521896362,33953,33973,20
12.9841899872,80.2522888184,34362,34392,30
12.9872903824,80.2591400146,35081,35111,30
12.9872398376,80.2595214844,35121,35151,30
12.9876403809,80.2561569214,35536,35556,20
12.9810495377,80.2450180054,36122,36142,20
12.9811096191,80.2448120117,36152,36182,30
12.9813299179,80.2433013916,36344,36364,20
12.9813098907,80.238067627,36487,36507,20
12.9771795273,80.2226791382,36881,36901,20
13.0197896957,80.2245635986,37972,37993,21
13.0228395462,80.2269668579,38104,38124,20
13.0335798264,80.2304611206,38681,38702,21
13.0346498489,80.2297897339,38843,38863,20
13.0250997543,80.2297515869,39622,39642,20
12.9843196869,80.2228317261,40716,40739,23
12.9813404083,80.2393188477,41305,41326,21
12.9872598648,80.2595596313,42316,42336,20
12.9873695374,80.258682251,42508,42528,20
12.9873800278,80.2584762573,42528,42550,22
12.9812803268,80.238319397,43226,43246,20
13.0076999664,80.2129669189,44298,44318,20
13.0229902267,80.2273788452,45757,45777,20
13.0113401413,80.2232131958,46080,46100,20
13.0079202652,80.2131881714,46254,46273,19
12.9959897995,80.2166671753,46567,46587,20
12.9908504486,80.2201004028,46719,46749,30
12.9827804565,80.2219619751,46971,46990,19
12.9762496948,80.2212905884,47091,47114,23
12.976360321,80.2218170166,47134,47154,20
12.9817895889,80.2331619263,47679,47699,20
12.9813499451,80.2340774536,47740,47760,20
12.981300354,80.2387237549,47851,47871,20
12.9813604355,80.2428665161,47932,47952,20
12.985830307,80.2518005371,48145,48175,30
12.9872398376,80.259147644,48448,48478,30
12.9815196991,80.2334976196,49399,49419,20
12.9816198349,80.2332687378,49430,49460,30
13.0292797089,80.2308197021,51061,51081,20
13.0338401794,80.230506897,51152,51172,20
13.0343999863,80.2304000854,51192,51212,20
13.0143299103,80.2252883911,51877,51897,20
13.0230798721,80.2274475098,52785,52815,30
13.0199899673,80.2247924805,52878,52898,20
12.9907503128,80.2201385498,53710,53730,20
12.9813604355,80.2427825928,54459,54480,21
12.980099678,80.2521972656,54591,54611,20
12.9871501923,80.259147644,55371,55393,22
13.0036401749,80.2120285034,57041,57061,20
13.007809639,80.2130279541,57122,57152,30
13.0230102539,80.2274093628,58539,58559,20
13.008190155,80.2133178711,59075,59094,19
12.9959697723,80.2166900635,59398,59419,21
12.9949302673,80.2171630859,59479,59499,20
12.9823102951,80.2218170166,60390,60412,22
12.9807596207,80.2210464478,60450,60470,20
12.9761400223,80.221496582,60543,60563,20
12.9872198105,80.2596206665,61545,61575,30
12.9798898697,80.2523193359,63526,63547,21
12.9815702438,80.2335205078,63930,63951,21
12.9872398376,80.2596282959,65912,65932,20
12.9798603058,80.2523193359,67126,67145,19
12.9813098907,80.2429885864,67318,67348,30
12.9812698364,80.2380523682,67490,67520,30
12.9815597534,80.2335205078,67692,67722,30
12.9781904221,80.224861145,67987,68007,20
12.9771604538,80.2228012085,68088,68108,20
12.9822597504,80.2218093872,68259,68280,21
12.9825601578,80.2219009399,68290,68320,30
12.9828500748,80.2220306396,68330,68350,20
12.9967699051,80.2165527344,68785,68805,20
12.9975099564,80.2161865234,68865,68885,20
13.0078401566,80.213142395,69119,69139,20
13.0241298676,80.2282180786,69614,69644,30
13.0297803879,80.2308807373,70261,70282,21
13.0313596725,80.2307434082,70312,70332,20
13.0349397659,80.229888916,70524,70554,30
13.0308599472,80.2307662964,71232,71252,20
13.0246896744,80.2292175293,71575,71596,21
13.0230302811,80.2274780273,71656,71676,20
13.020070076,80.2249603271,71758,71778,20
13.0145397186,80.2262420654,71870,71888,18
13.0084600449,80.2135772705,72286,72307,21
12.9971904755,80.216583252,72642,72662,20
12.9960803986,80.2167129517,72693,72723,30
12.9946203232,80.2173461914,72794,72814,20
12.9877901077,80.2230834961,72955,72985,30
12.9875497818,80.2231674194,72996,73016,20
12.9761800766,80.2217330933,73308,73338,30
12.980050087,80.2523269653,73897,73917,20
12.9871902466,80.2596588135,74505,74525,20
12.9812297821,80.2340774536,75465,75485,20
12.9780797958,80.224822998,75787,75809,22
12.9773702621,80.2214126587,75922,75941,19
12.9946403503,80.2172012329,76356,76376,20
13.0220003128,80.2262802124,77084,77105,21
13.0350999832,80.229927063,77408,77428,20
13.0341100693,80.2300796509,77589,77610,21
13.034070015,80.2303924561,77620,77640,20
13.0230102539,80.227432251,78005,78025,20
13.0141801834,80.22631073,78186,78207,21
13.0082397461,80.213432312,78522,78543,21
13.0080795288,80.2133407593,78543,78563,20
13.0077896118,80.2131729126,78574,78595,21
12.9907503128,80.2202072144,78928,78948,20
12.9831600189,80.2221908569,79160,79190,30
12.987159729,80.2595825195,80375,80396,21
12.9871501923,80.2591323853,80454,80476,22
12.9875001907,80.2559967041,80527,80547,20
12.9974498749,80.2161483765,81690,81710,20
13.0141801834,80.2261810303,82410,82430,20
12.8997602463,80.2279129028,20003,20023,20
12.8744697571,80.2100830078,20578,20598,20
12.879240036,80.2110214233,20840,20870,30
12.8764801025,80.2268676758,21102,21122,20
12.9028100967,80.2279815674,21485,21504,19
12.906920433,80.2282333374,21556,21576,20
12.9140501022,80.2292785645,21657,21677,20
12.9489297867,80.2406463623,22191,22211,20
12.9666595459,80.2478485107,22494,22514,20
12.9799499512,80.2522964478,22685,22706,21
12.9806699753,80.2290115356,23119,23139,20
12.9973897934,80.2165527344,26135,26155,20
12.9831600189,80.2221069336,26437,26457,20
12.9764499664,80.2219467163,26568,26598,30
12.9817199707,80.2304992676,26750,26770,20
12.9813899994,80.2426528931,26972,27002,30
12.956489563,80.2437210083,27496,27516,20
12.9493398666,80.2409362793,27627,27647,20
12.933930397,80.2330474854,27899,27920,21
12.8770799637,80.2269363403,28969,28999,30
12.876830101,80.2269592285,28999,29029,30
12.8792896271,80.2110137939,29917,29937,20
12.8942699432,80.2275238037,30612,30633,21
12.9028701782,80.228012085,31006,31026,20
12.9043903351,80.2280807495,31127,31147,20
12.9053001404,80.2281265259,31238,31258,20
12.9054603577,80.2281188965,31268,31298,30
12.9057197571,80.2282104492,31308,31338,30
12.9200296402,80.2301025391,31631,31651,20
12.9258499146,80.2308425903,31722,31742,20
12.9330501556,80.2324371338,31833,31853,20
12.9512395859,80.2414093018,32266,32296,30
12.9563102722,80.2433319092,32579,32599,20
12.9743299484,80.25050354,33002,33022,20
12.9799098969,80.2523880005,33113,33133,20
12.9813499451,80.2429199219,33275,33295,20
12.9812898636,80.2379302979,33386,33406,20
12.9816198349,80.2333679199,33476,33496,20
12.9806604385,80.2288894653,33597,33617,20
12.9770002365,80.2228164673,33779,33809,30
12.9773101807,80.2227096558,33819,33849,30
12.9829902649,80.2219772339,33991,34021,30
12.9905004501,80.2203216553,34182,34202,20
12.9975299835,80.2160797119,34394,34414,20
13.0075702667,80.2098617554,34656,34686,30
13.0136499405,80.2046279907,34898,34918,20
13.0153598785,80.2250823975,35836,35856,20
12.9974002838,80.2165298462,36562,36592,30
12.9964199066,80.2166595459,36643,36663,20
12.9906196594,80.2203903198,36804,36824,20
12.9817304611,80.2305831909,37470,37500,30
12.981470108,80.23387146,37570,37591,21
12.9813203812,80.2387695313,37691,37720,29
12.9813699722,80.2429199219,37843,37873,30
12.9785299301,80.252571106,38075,38095,20
12.9725799561,80.2501602173,38175,38196,21
12.9652795792,80.2474365234,38286,38307,21
12.9131803513,80.2293167114,39174,39194,20
12.8987903595,80.2279281616,39557,39577,20
12.8764200211,80.2266998291,39890,39910,20
12.8745203018,80.2101287842,40162,40182,20
12.8921604156,80.2272720337,41090,41110,20
12.9050798416,80.2281188965,41332,41352,20
12.9560804367,80.2432098389,42300,42320,20
12.967040062,80.2480621338,42602,42622,20
12.9799098969,80.252281189,42804,42824,20
12.9806203842,80.2289962769,43207,43227,20
13.0073604584,80.2098312378,44135,44165,30
13.0080795288,80.2095794678,44196,44226,30
13.0150604248,80.2247161865,45244,45264,20
12.9954395294,80.2168731689,45779,45809,30
12.9906997681,80.2202224731,45900,45920,20
12.9832201004,80.2222671509,46182,46212,30
12.9761295319,80.2213363647,46353,46374,21
12.9761800766,80.2215423584,46374,46404,30
12.981760025,80.2331619263,46686,46716,30
12.9813098907,80.2422714233,46888,46918,30
12.9798898697,80.2525787354,47069,47089,20
12.9570102692,80.2438278198,47473,47493,20
12.9472503662,80.2400894165,47755,47775,20
12.9131603241,80.2292785645,48310,48340,30
12.9071502686,80.2283706665,48411,48431,20
12.9060897827,80.2282714844,48451,48471,20
12.9012804031,80.2279891968,48572,48592,20
12.8932199478,80.2275314331,48763,48784,21
12.8883304596,80.2273712158,48935,48955,20
12.8764400482,80.226348877,49116,49137,21
12.8790903091,80.2109603882,49288,49308,20
12.8745203018,80.2101287842,49379,49409,30
12.8749399185,80.2097473145,49530,49558,28
12.874710083,80.2098999023,51391,51411,20
12.8792200089,80.2110137939,51502,51522,20
12.8941402435,80.2275085449,51946,51966,20
12.9071397781,80.2282867432,52218,52238,20
12.9193696976,80.2299880981,52389,52409,20
12.9262399673,80.2309188843,52490,52510,20
12.956319809,80.2433013916,53095,53115,20
12.9666795731,80.2478408813,53297,53317,20
12.9826698303,80.2218399048,54164,54184,20
12.9832000732,80.2221298218,56796,56816,20
12.9762201309,80.2216033936,56937,56967,30
12.9815502167,80.2335968018,57179,57199,20
12.9636297226,80.2468490601,57724,57754,30
12.9563999176,80.2437362671,57865,57895,30
12.9338703156,80.2330093384,58238,58268,30
12.9133796692,80.229347229,58510,58529,19
12.8994998932,80.227897644,58833,58853,20
12.8765697479,80.2269592285,59156,59186,30
12.874540329,80.2101364136,59448,59468,20
12.8792495728,80.2110671997,60026,60055,29
12.9054698944,80.2281188965,60752,60782,30
12.9136896133,80.2292785645,60913,60934,21
12.9473104477,80.2400436401,61428,61448,20
12.9483604431,80.2404632568,61468,61488,20
12.9665298462,80.2478485107,61821,61841,20
12.981300354,80.2379608154,62315,62335,20
12.9771699905,80.2227172852,62668,62688,20
13.0075902939,80.2098617554,63505,63525,20
13.0149002075,80.2259597778,64927,64947,20
13.0022201538,80.2193069458,65371,65401,30
13.0020599365,80.2191009521,65411,65441,30
13.0007295609,80.2180023193,65643,65663,20
13.000120163,80.2176437378,65703,65724,21
12.9987897873,80.2168579102,65935,65956,21
12.9967803955,80.2165374756,66107,66137,30
12.9875297546,80.2230606079,66359,66379,20
12.9832201004,80.2221298218,66500,66520,20
12.9816703796,80.2304992676,66873,66893,20
12.981300354,80.2384490967,67085,67105,20
12.9787101746,80.2525787354,67378,67408,30
12.9651699066,80.2473602295,67609,67630,21
12.9563798904,80.243637085,67821,67841,20
12.9519300461,80.2417221069,67922,67942,20
12.9497699738,80.2410202026,67993,68023,30
12.9471502304,80.2399978638,68073,68094,21
12.9395999908,80.2357025146,68235,68255,20
12.9339199066,80.233001709,68346,68376,30
12.9135599136,80.2293014526,68638,68658,20
12.8764696121,80.2269134521,69425,69445,20
12.8747501373,80.209602356,70203,70233,30
12.8753595352,80.2102203369,70264,70294,30
12.8769102097,80.2105102539,70294,70324,30
12.8776702881,80.210647583,70324,70354,30
12.8792104721,80.2109375,70385,70414,29
12.8792896271,80.2119598389,70446,70464,18
12.8764200211,80.2268218994,70728,70758,30
12.8884496689,80.2272109985,70929,70950,21
12.8940496445,80.2274475098,71030,71060,30
12.9662399292,80.2476425171,72765,72795,30
12.9744100571,80.2504730225,72926,72946,20
12.9798498154,80.2524108887,73057,73077,20
12.9813098907,80.242729187,73239,73269,30
12.9812803268,80.2399291992,73320,73340,20
12.9815101624,80.2334518433,73481,73501,20
12.9805498123,80.2288665771,73642,73662,20
12.9772396088,80.2226409912,73814,73834,20
12.982749939,80.2218475342,73995,74015,20
12.9840898514,80.2226486206,74126,74146,20
12.99036026,80.2203369141,74308,74328,20
13.0035495758,80.2118911743,74651,74681,30
13.0065498352,80.2096176147,74782,74802,20
13.0136604309,80.2042236328,75155,75175,20
13.0120697021,80.2125473022,75326,75347,21
12.9959897995,80.2167892456,76345,76375,30
12.9909601212,80.2200012207,76486,76516,30
12.981300354,80.2429580688,77454,77475,21
12.9973497391,80.255897522,78130,78150,20
12.9872703552,80.2591094971,18945,18965,20
12.9813899994,80.242767334,19349,19369,20
12.9757604599,80.2211380005,19752,19772,20
12.9558200836,80.1869277954,20711,20731,20
12.9762496948,80.2215881348,22012,22032,20
12.9885902405,80.2558288574,27813,27833,20
13.0237798691,80.2735290527,28529,28559,30
13.0330600739,80.2774429321,28791,28821,30
13.0570602417,80.2818984985,29275,29296,21
13.0886096954,80.2901535034,29669,29699,30
13.0870399475,80.283706665,29891,29911,20
13.0887002945,80.2892608643,31252,31273,21
13.0568399429,80.2819213867,31706,31727,21
13.0456600189,80.280128479,31848,31868,20
13.0436201096,80.2798309326,31898,31918,20
13.039440155,80.2788772583,31969,31989,20
13.0392799377,80.279296875,31999,32019,20
13.0383300781,80.2802734375,32068,32090,22
13.0210599899,80.2700576782,32614,32634,20
13.0162601471,80.2597198486,32826,32846,20
13.007519722,80.2592773438,33058,33078,20
13.0072097778,80.2587738037,33088,33108,20
12.9885702133,80.255897522,33643,33663,20
12.9764995575,80.2590866089,34107,34127,20
12.9642400742,80.2565307617,34430,34450,20
12.9609804153,80.2561187744,34551,34571,20
12.9582099915,80.2555236816,34622,34652,30
12.95814991,80.2553710938,34652,34672,20
12.9613103867,80.2561416626,34813,34833,20
12.9696102142,80.2577209473,35065,35085,20
12.974029541,80.2583465576,35136,35156,20
12.9773397446,80.2591323853,35217,35247,30
12.9826002121,80.2593612671,35328,35358,30
12.9867897034,80.2579574585,35449,35469,20
12.9874696732,80.2578125,35479,35499,20
12.9886398315,80.2557983398,35721,35751,30
13.0163898468,80.2597198486,36578,36598,20
13.0237197876,80.2734832764,36952,36982,30
13.0254201889,80.2749404907,37022,37042,20
13.0331802368,80.2774124146,37204,37234,30
13.0565395355,80.2817993164,37577,37597,20
13.088809967,80.2901229858,38061,38081,20
13.0871601105,80.2836608887,38251,38281,30
13.0871601105,80.2836608887,38281,38301,20
13.0801296234,80.2882232666,39532,39552,20
13.0390396118,80.2788619995,40097,40117,20
13.0308904648,80.2773132324,40278,40298,20
13.0259895325,80.2752609253,40369,40389,20
13.0208997726,80.2699203491,40510,40530,20
13.0040597916,80.2570495605,40954,40974,20
12.9999599457,80.2563171387,41125,41146,21
12.9971199036,80.2559127808,41245,41267,22
12.9886102676,80.2559280396,41438,41458,20
12.9883899689,80.2559280396,41468,41488,20
12.9873800278,80.2588424683,41559,41579,20
12.9850797653,80.2596817017,41650,41670,20
12.9765100479,80.2591018677,41882,41902,20
12.9505195618,80.2550201416,42305,42326,21
12.9384298325,80.2527618408,42467,42487,20
12.9188404083,80.2509002686,42719,42749,30
12.9384202957,80.2526473999,43607,43637,30
12.9496202469,80.2547912598,44111,44131,20
12.9767799377,80.2591094971,44585,44605,20
12.9773302078,80.2591781616,44625,44645,20
12.988530159,80.2558670044,45140,45160,20
12.9984102249,80.2559814453,45382,45402,20
13.0053701401,80.2572479248,45604,45624,20
13.0282497406,80.2761917114,46421,46451,30
13.0352201462,80.2776489258,46703,46723,20
13.0570201874,80.2819137573,47096,47117,21
13.0638599396,80.2833709717,47228,47258,30
13.0798301697,80.2880325317,47439,47460,21
13.0808296204,80.2882919312,47480,47500,20
13.0878095627,80.2836532593,48034,48055,21
13.0856399536,80.2816925049,55064,55084,20
13.085439682,80.2833328247,55125,55145,20
13.0861997604,80.2835464478,55165,55185,20
13.0862998962,80.283706665,55185,55204,19
13.0877599716,80.2836685181,55327,55347,20
13.0882902145,80.2836074829,63194,63214,20
13.0801200867,80.288192749,63769,63799,30
13.0624904633,80.2831420898,64031,64051,20
13.0567398071,80.2819290161,64172,64192,20
13.0457401276,80.280166626,64384,64404,20
13.0389995575,80.2788162231,64515,64534,19
13.0309295654,80.2772598267,64697,64717,20
13.0277500153,80.2760162354,64778,64798,20
13.0187501907,80.2618179321,65181,65211,30
13.0160198212,80.2596817017,65302,65322,20
12.9971199036,80.2559661865,65817,65837,20
12.9835500717,80.2594985962,66271,66291,20
12.9761295319,80.2591171265,66472,66492,20
12.9609098434,80.2561721802,66825,66846,21
12.9541196823,80.2552337646,66946,66967,21
12.9504899979,80.2550430298,67027,67047,20
12.9503898621,80.2550735474,67057,67078,21
12.9146099091,80.2504730225,67703,67723,20
12.9204301834,80.2514038086,67925,67955,30
12.929309845,80.2516098022,68217,68238,21
12.9386501312,80.2527770996,68389,68409,20
12.9542102814,80.2551879883,68682,68702,20
12.9870996475,80.258140564,69650,69680,30
12.9873600006,80.2585372925,69700,69721,21
12.8998603821,80.2279205322,20946,20966,20
12.78647995,80.2204589844,22188,22218,30
12.7708997726,80.1868133545,22681,22700,19
12.7742204666,80.1969985962,23922,23952,30
12.7708702087,80.2131271362,24134,24164,30
12.7864398956,80.220413208,24316,24346,30
12.8454704285,80.2265167236,25032,25053,21
12.9989099503,80.2560195923,27112,27132,20
12.9978303909,80.2559204102,29383,29403,20
12.9638204575,80.2468414307,30251,30281,30
12.9472303391,80.2400817871,30645,30665,20
12.9398403168,80.2358398438,30746,30766,20
12.9338903427,80.2330093384,30857,30877,20
12.8503198624,80.2265777588,33027,33047,20
12.8459997177,80.2266235352,33108,33128,20
12.8008403778,80.2235870361,33703,33723,20
12.7707099915,80.1849212646,35566,35586,20
12.7857904434,80.220123291,36110,36130,20
12.9560499191,80.2431564331,38583,38613,30
12.987830162,80.2542724609,39653,39673,20
12.997759819,80.256942749,39956,39976,20
12.9960298538,80.255897522,41540,41561,21
12.9956197739,80.2558898926,41571,41601,30
12.9861402512,80.2555618286,41853,41873,20
12.9014196396,80.2276687622,43216,43236,20
12.8397798538,80.2276687622,44013,44043,30
12.7631902695,80.1834487915,45497,45517,20
12.7746400833,80.1937789917,46344,46365,21
12.7707996368,80.2130889893,46617,46637,20
12.7862596512,80.2203216553,46819,46839,20
12.8310003281,80.2293777466,47354,47374,20
12.8391504288,80.2276763916,47475,47505,30
12.8768100739,80.2268371582,47909,47929,20
12.9988698959,80.256072998,51502,51522,20
12.9985303879,80.2560272217,52422,52442,20
12.9972496033,80.2559204102,52473,52503,30
12.9593696594,80.2447509766,53149,53169,20
12.9573297501,80.243888855,53199,53220,21
12.9513397217,80.2414703369,53462,53482,20
12.947259903,80.2400283813,53553,53573,20
12.8726997375,80.2267227173,54542,54562,20
12.8049602509,80.2239990234,55309,55329,20
12.7864103317,80.2204208374,55561,55581,20
12.7845497131,80.2195663452,55662,55692,30
12.7845001221,80.2194824219,57500,57530,30
12.8309898376,80.2294311523,58358,58378,20
12.8384895325,80.228012085,58489,58519,30
12.8744497299,80.2267684937,59135,59155,20
12.8753595352,80.226890564,59186,59206,20
12.8757400513,80.2269134521,59216,59236,20
12.9784803391,80.2522964478,60851,60871,20
12.9943399429,80.2559814453,61527,61546,19
12.9981298447,80.2559509277,61638,61659,21
13.0066003799,80.2527389526,62133,62163,30
13.0066204071,80.2533874512,63213,63233,20
13.0066299438,80.2570419312,63304,63334,30
12.9998703003,80.2563400269,63617,63637,20
12.986410141,80.2555465698,63919,63940,21
12.9564599991,80.2436523438,64475,64495,20
12.9339103699,80.2329788208,64868,64888,20
12.9072799683,80.2283401489,65191,65211,20
12.8993396759,80.2278594971,65343,65363,20
12.8848495483,80.2266998291,65545,65565,20
12.8454999924,80.2265777588,65948,65969,21
12.8322696686,80.2290878296,66110,66130,20
12.7878303528,80.2209396362,66685,66705,20
12.7875003815,80.2208099365,66716,66736,20
12.7846298218,80.2195281982,66948,66968,20
12.7738599777,80.2009963989,67291,67311,20
12.7672595978,80.1830596924,67683,67703,20
12.7629995346,80.1840896606,67794,67814,20
12.7706804276,80.1848983765,69003,69025,22
12.7746496201,80.193687439,69177,69197,20
12.8451900482,80.2265014648,70570,70590,20
12.8499898911,80.2264785767,70650,70671,21
12.8763999939,80.2268218994,71094,71115,21
12.9060602188,80.2281723022,71700,71729,29
12.9960403442,80.2557830811,73396,73416,20
12.9974403381,80.255821228,73457,73487,30
13.0347795486,80.2299194336,195,225,30
13.0348100662,80.2298202515,336,366,30
13.0348300934,80.2296981812,366,396,30
13.0348901749,80.2298202515,416,446,30
13.0349702835,80.2297592163,467,487,20
13.0348100662,80.2298583984,557,577,20
13.0348300934,80.2299804688,648,668,20
13.0348701477,80.2298965454,1061,1091,30
13.0347995758,80.2299880981,1202,1222,20
13.0348596573,80.2300415039,1222,1242,20
13.034819603,80.2300262451,1404,1434,30
13.0348396301,80.2298583984,1444,1464,20
13.0348701477,80.2300872803,1555,1575,20
13.0348300934,80.2300186157,1645,1665,20
13.034910202,80.2299880981,1786,1806,20
13.0349197388,80.2300720215,2169,2199,30
13.0348396301,80.2300262451,2532,2552,20
13.034819603,80.2297515869,2653,2683,30
13.0347795486,80.229637146,2965,2985,20
13.0349197388,80.2300033569,3066,3086,20
13.0349197388,80.2300491333,3509,3539,30
13.0349197388,80.2300720215,4396,4416,20
13.034819603,80.2297973633,4466,4486,20
13.0347795486,80.2298736572,4557,4577,20
13.0349197388,80.2300491333,4577,4607,30
13.0348300934,80.2299423218,4839,4869,30
13.0348501205,80.2299423218,4980,5010,30
13.0348701477,80.2299804688,5040,5061,21
13.0347499847,80.2298202515,5383,5413,30
13.0349397659,80.2300872803,5574,5595,21
13.0349397659,80.2300872803,5595,5615,20
13.0347995758,80.2300491333,6139,6159,20
13.0347795486,80.2299194336,6159,6189,30
13.0351600647,80.2300567627,6955,6985,30
13.0350599289,80.2299880981,7489,7509,20
13.0348796844,80.2299880981,7519,7539,20
13.0349302292,80.2301864624,7831,7851,20
13.0344800949,80.2298812866,8375,8395,20
13.0346002579,80.2300415039,9262,9282,20
13.034239769,80.2300262451,9685,9715,30
13.0348596573,80.2299880981,9735,9756,21
13.0347604752,80.2301101685,10330,10350,20
13.0346403122,80.2302703857,10370,10400,30
13.0347795486,80.2300796509,10773,10803,30
13.0348396301,80.2300186157,11005,11035,30
13.0348396301,80.2299804688,11045,11075,30
13.0348396301,80.2299118042,11086,11116,30
13.0348796844,80.2298278809,11186,11206,20
13.0348300934,80.2300415039,11247,11277,30
13.0348596573,80.2302322388,11287,11307,20
13.0348596573,80.2300491333,12113,12143,30
13.034740448,80.229927063,12546,12567,21
13.034740448,80.2299880981,12698,12728,30
13.0351295471,80.2296066284,13453,13473,20
13.0339403152,80.2305221558,36636,36656,20
13.0348796844,80.2300872803,36707,36727,20
13.0342998505,80.2297668457,37019,37039,20
13.0336904526,80.2299118042,37744,37764,20
13.027299881,80.2331314087,38198,38218,20
13.0058202744,80.2094116211,39255,39276,21
13.0057697296,80.2094573975,39276,39296,20
12.9271001816,80.1180267334,44262,44283,21
12.9369497299,80.1278076172,44655,44675,20
12.9430704117,80.1335983276,44817,44837,20
12.9466896057,80.1365203857,44857,44887,30
12.9504499435,80.1388397217,44907,44927,20
12.9514198303,80.1398925781,44948,44978,30
12.9533596039,80.1419830322,45028,45048,20
12.9685001373,80.149559021,45240,45260,20
12.9851503372,80.1724014282,45633,45653,20
12.9883003235,80.1770629883,45693,45713,20
12.9893102646,80.1784591675,45713,45733,20
12.9896802902,80.1787109375,45733,45753,20
12.9934797287,80.1842803955,45794,45814,20
13.0022001266,80.1974105835,46056,46076,20
13.0077896118,80.206817627,46247,46277,30
13.0089998245,80.2115325928,46358,46388,30
13.0223999023,80.2259597778,46731,46761,30
12.9372301102,80.1283721924,50750,50771,21
12.9302902222,80.121307373,50890,50912,22
12.9086503983,80.0985336304,51315,51335,20
12.8906297684,80.0698776245,51879,51909,30
12.8803501129,80.0766983032,52434,52454,20
12.8803796768,80.076751709,52523,52545,22
12.8800802231,80.0768890381,52555,52585,30
12.8804998398,80.0767974854,52756,52776,20
12.8935604095,80.0804519653,53371,53391,20
12.9054298401,80.0949478149,53643,53663,20
12.9209899902,80.1116714478,54066,54096,30
12.9245500565,80.1155471802,54116,54146,30
12.9263601303,80.1172866821,54157,54177,20
12.9270200729,80.118057251,54207,54227,20
12.9315299988,80.1226119995,54358,54378,20
12.9526395798,80.1410980225,54852,54872,20
12.9909896851,80.1799316406,55567,55597,30
13.0218601227,80.2265396118,56474,56494,20
13.0347003937,80.2297897339,56957,56977,20
13.0343198776,80.2302398682,57501,57531,30
13.034239769,80.2301101685,57703,57723,20
13.0277299881,80.2319335938,57914,57943,29
13.0118198395,80.2194366455,58448,58478,30
13.0039596558,80.2119064331,58700,58730,30
13.0044002533,80.2081604004,58771,58791,20
12.9589796066,80.1444320679,59969,59990,21
12.881939888,80.074180603,62639,62659,20
12.8858604431,80.0697937012,62851,62871,20
12.8913297653,80.0698928833,63042,63062,20
12.9088602066,80.0983123779,63727,63746,19
12.9265899658,80.1176376343,64060,64080,20
12.9269695282,80.1179504395,64120,64150,30
12.9360103607,80.1267776489,64422,64443,21
12.952249527,80.1408233643,64856,64886,30
12.9605998993,80.145362854,65007,65027,20
12.9685602188,80.149520874,65188,65208,20
12.9731702805,80.152671814,65319,65349,30
12.9865398407,80.1747207642,65672,65692,20
12.9939203262,80.1852798462,65863,65883,20
13.0078697205,80.2084732056,66377,66397,20
13.0104999542,80.217086792,66528,66548,20
13.0133104324,80.2223510742,66599,66619,20
13.0259399414,80.2308578491,67012,67032,20
13.0259399414,80.2308578491,67032,67052,20
13.0278701782,80.2309188843,67082,67112,30
13.034330368,80.2297515869,67606,67636,30
13.034330368,80.2297210693,67918,67937,19
13.0340795517,80.229347229,67989,68009,20
13.0342197418,80.2299423218,68068,68090,22
13.0303201675,80.2308807373,68472,68493,21
13.0283699036,80.2310562134,68593,68613,20
13.0285396576,80.2323913574,68613,68634,21
13.0250902176,80.2295837402,68825,68845,20
13.0222196579,80.2264633179,69006,69027,21
13.0202798843,80.225227356,69057,69077,20
13.0118398666,80.2201080322,69510,69530,20
13.0109996796,80.2176513672,69540,69560,20
13.0094604492,80.2148132324,69591,69611,20
13.007610321,80.2129974365,69762,69782,20
13.0040998459,80.2092208862,69903,69933,30
13.0051898956,80.2090377808,69933,69952,19
13.0074796677,80.2055511475,70155,70176,21
12.994389534,80.1864089966,70680,70700,20
12.9813995361,80.1665420532,70992,71012,20
12.9515104294,80.1405563354,71748,71768,20
12.9092102051,80.0990219116,72695,72715,20
12.8816604614,80.0738830566,73592,73612,20
12.8800802231,80.076461792,73712,73733,21
12.8802700043,80.0765075684,73864,73884,20
12.8802404404,80.0764694214,73954,73974,20
12.8919200897,80.0779800415,74881,74901,20
12.8938999176,80.0871582031,75032,75062,30
12.9010896683,80.0921936035,75395,75425,30
12.9180898666,80.1093215942,76141,76161,20
12.9261198044,80.1173400879,76272,76292,20
12.9433898926,80.1337966919,76715,76745,30
12.9821901321,80.1670532227,77541,77571,30
12.9816398621,80.1667785645,77571,77591,20
13.033659935,80.2303390503,78962,78982,20
13.0345697403,80.23021698,79042,79062,20
13.0337200165,80.230178833,79213,79234,21
13.0338096619,80.2304382324,79405,79425,20
13.0340995789,80.2303314209,79435,79465,30
13.0339298248,80.230430603,79717,79747,30
13.034040451,80.2306213379,79747,79768,21
13.0341396332,80.2306213379,79818,79848,30
13.0199203491,80.2248764038,80302,80322,20
13.0080099106,80.2261428833,80443,80463,20
13.0065603256,80.2097320557,80826,80846,20
13.0012302399,80.1957473755,81118,81148,30
12.9702196121,80.1502838135,81712,81732,20
12.9693002701,80.1496810913,81742,81763,21
12.9594697952,80.1455612183,81873,81894,21
12.9288597107,80.1207962036,82508,82528,20
12.9282503128,80.1199111938,82740,82770,30
12.9099998474,80.1006088257,83363,83383,20
12.9068803787,80.0969161987,83584,83614,30
12.9105501175,80.1007766724,84118,84148,30
13.076089859,80.2759933472,3259,3289,30
13.0760698318,80.2763137817,28195,28224,29
13.0791397095,80.2751693726,28257,28286,29
13.0812101364,80.2751998901,28317,28347,30
13.0817403793,80.2755966187,28378,28408,30
13.0880498886,80.2839889526,28732,28752,20
13.0887403488,80.2892837524,29056,29074,18
13.0642299652,80.2835922241,29419,29440,21
13.0310297012,80.2773590088,29928,29948,20
13.0260896683,80.2753219604,30029,30049,20
12.9975500107,80.2165603638,31789,31809,20
12.9827003479,80.2218704224,32889,32910,21
12.9829797745,80.2219924927,32920,32940,20
12.99421978,80.2175369263,33162,33182,20
12.9975700378,80.2164764404,33333,33354,21
13.0152902603,80.2252883911,33710,33730,20
13.0083503723,80.2332687378,33922,33942,20
13.0080099106,80.2346725464,34083,34113,30
13.0077800751,80.2359237671,34133,34154,21
13.0076799393,80.2363815308,34174,34194,20
13.0066995621,80.2570571899,34778,34808,30
13.0162801743,80.2595825195,35103,35123,20
13.031920433,80.2775726318,35698,35718,20
13.0351800919,80.277671814,35789,35809,20
13.0870800018,80.2839202881,36851,36881,30
13.0625896454,80.2831420898,37780,37800,20
13.0240402222,80.2740097046,38397,38417,20
12.9761295319,80.2213363647,40327,40348,21
12.9828100204,80.2219009399,40801,40821,20
12.9833498001,80.2221603394,40831,40851,20
12.99036026,80.2204208374,41012,41035,23
13.0148296356,80.2249984741,41479,41499,20
13.0149803162,80.2258987427,41519,41539,20
13.0082597733,80.2333679199,41660,41680,20
13.0067501068,80.2428588867,42093,42123,30
13.0068397522,80.2509078979,42337,42367,30
13.0276603699,80.2759399414,43184,43204,20
13.0280103683,80.2761306763,43214,43244,30
13.0292396545,80.2765884399,43297,43327,30
13.0296001434,80.2766799927,43327,43347,20
13.0305700302,80.2770385742,43430,43460,30
13.0311403275,80.277381897,43480,43509,29
13.031539917,80.2774963379,43522,43552,30
13.0638799667,80.2833709717,44088,44108,20
13.0807600021,80.2882766724,44309,44330,21
13.0875902176,80.2839508057,45090,45111,21
13.0873699188,80.2839813232,45111,45141,30
13.0869998932,80.2839279175,45151,45181,30
13.0860099792,80.2836074829,46463,46484,21
13.0825195313,80.278678894,46829,46849,20
13.0759096146,80.2752532959,49908,49928,20
13.0760002136,80.275932312,52260,52288,28
13.0749397278,80.2763977051,52321,52351,30
13.0745201111,80.2772598267,52351,52381,30
13.0762395859,80.2790527344,52381,52411,30
13.0800199509,80.2810287476,52442,52472,30
13.0818595886,80.2812271118,52472,52501,29
13.0859003067,80.2835464478,52563,52593,30
13.0874900818,80.2838668823,55865,55885,20
13.0435600281,80.279876709,56908,56938,30
13.0335903168,80.2773971558,57089,57119,30
13.0188503265,80.2627029419,57474,57504,30
13.0188102722,80.2623825073,57504,57534,30
13.0187397003,80.2617797852,57555,57585,30
13.0064601898,80.2538604736,57867,57887,20
13.0065803528,80.2477035522,58079,58109,30
13.0074100494,80.2367477417,58290,58311,21
12.9812698364,80.2211532593,60437,60457,20
12.9825496674,80.2218322754,60548,60568,20
12.9828596115,80.2219390869,60578,60597,19
13.0069799423,80.240020752,61407,61437,30
13.0067501068,80.2443466187,61548,61568,20
13.0067501068,80.2446594238,61578,61598,20
13.0067100525,80.2570037842,61871,61891,20
13.0354099274,80.2777481079,64175,64205,30
13.0427398682,80.2795715332,64339,64359,20
13.0745897293,80.286277771,64777,64806,29
13.0806303024,80.2884368896,65931,65951,20
13.0649795532,80.2837677002,66304,66334,30
13.0645399094,80.283706665,66346,66366,20
13.0610904694,80.2828903198,66498,66519,21
13.0261201859,80.2753677368,67247,67277,30
13.0161104202,80.2597885132,67612,67642,30
13.0065803528,80.2521591187,67854,67884,30
13.0065698624,80.2447967529,68177,68197,20
13.0073699951,80.236831665,68368,68388,20
13.0100498199,80.2261581421,68541,68571,30
13.0024404526,80.219581604,68965,68985,20
13.0019397736,80.2190475464,69015,69035,20
13.0010204315,80.2182769775,69116,69136,20
12.9997301102,80.2174682617,69267,69288,21
12.9986495972,80.2169494629,69348,69368,20
12.9957304001,80.216796875,69540,69570,30
12.9874897003,80.22315979,69833,69854,21
12.9871397018,80.2231369019,69864,69884,20
12.9829702377,80.2220993042,70005,70035,30
12.9783802032,80.2212600708,70115,70138,23
12.9773702621,80.2227706909,70871,70901,30
12.9814901352,80.2213516235,71002,71032,30
12.9831695557,80.2221984863,71065,71095,30
12.9844503403,80.2229995728,71095,71124,29
12.9855699539,80.22315979,71124,71154,30
12.9865903854,80.2230377197,71186,71215,29
12.9905996323,80.2202835083,71286,71307,21
13.013589859,80.2266082764,71984,72004,20
13.0081796646,80.2336196899,72115,72135,20
13.0339899063,80.2774887085,73590,73610,20
13.0369997025,80.2782287598,73711,73732,21
13.0389099121,80.2787399292,73762,73783,21
13.0851898193,80.2841567993,74666,74687,21
13.0870199203,80.2839736938,74747,74777,30
12.980919838,80.2476501465,289,310,21
12.9873504639,80.2585678101,521,542,21
12.9877195358,80.2550582886,2078,2099,21
12.9761896133,80.2212905884,2653,2673,20
13.068189621,80.2048873901,6356,6378,22
13.0683603287,80.2049331665,6388,6418,30
13.0498104095,80.2121734619,6752,6772,20
12.9816102982,80.2335968018,8181,8201,20
13.0093898773,80.2111206055,15491,15511,20
12.9762201309,80.2216262817,16241,16261,20
12.9873600006,80.2585372925,16797,16818,21
13.0147600174,80.2260437012,17851,17881,30
13.0198698044,80.2248077393,28527,28547,20
13.0143203735,80.2262878418,28638,28658,20
12.9876899719,80.2231292725,29206,29226,20
12.9628696442,80.2157669067,29841,29871,30
12.9412002563,80.2061080933,30347,30368,21
12.9262104034,80.1975784302,30772,30802,30
12.8973398209,80.181968689,31712,31732,20
12.8933200836,80.1799621582,31792,31813,21
12.8914499283,80.1765594482,31873,31893,20
12.8564100266,80.1721115112,32500,32520,20
12.8383302689,80.169593811,32732,32753,21
12.8365802765,80.1687316895,32813,32833,20
12.8104000092,80.1596984863,33430,33450,20
12.8654003143,80.1756668091,34754,34774,20
12.8800697327,80.170249939,34968,34997,29
12.8800697327,80.170249939,34997,35018,21
12.8915700912,80.1766662598,35282,35312,30
12.8976297379,80.1820526123,35443,35473,30
12.9066696167,80.1889877319,35655,35674,19
12.9173402786,80.1921234131,36252,36272,20
12.9172096252,80.1930084229,36311,36333,22
12.9172000885,80.1934127808,36353,36373,20
12.9293003082,80.2026596069,36737,36757,20
12.933930397,80.2038192749,36878,36898,20
12.940079689,80.2055664063,37019,37049,30
12.9442901611,80.2082901001,37139,37162,23
12.964220047,80.2161331177,37525,37555,30
12.9710903168,80.2189102173,37820,37840,20
12.976099968,80.2211914063,38125,38145,20
12.9829998016,80.2219467163,38286,38305,19
13.0226802826,80.2267532349,39236,39256,20
13.0232801437,80.2275619507,41765,41793,28
13.0143699646,80.226272583,42028,42048,20
12.9294900894,80.2028198242,43764,43784,20
12.9220695496,80.197303772,43958,43978,20
12.916680336,80.1923904419,44170,44200,30
12.909740448,80.1914825439,44291,44311,20
12.8973398209,80.1820068359,44523,44543,20
12.8799800873,80.1702880859,44895,44911,16
12.8709802628,80.1740722656,45014,45035,21
12.8563899994,80.1721572876,45207,45235,28
12.8282899857,80.1652526855,45671,45701,30
12.827750206,80.1651916504,45721,45742,21
12.8100099564,80.1596069336,46104,46134,30
12.8104801178,80.1596984863,46298,46318,20
12.8277902603,80.1651306152,46863,46893,30
12.8563699722,80.1720962524,47349,47369,20
12.8799295425,80.1701812744,47726,47745,19
12.8976097107,80.1820373535,48061,48081,20
12.9760198593,80.2212371826,49606,49636,30
12.9868602753,80.2229919434,49910,49930,20
12.9871902466,80.2230300903,49939,49963,24
13.0112104416,80.2230682373,50348,50378,30
13.0196399689,80.2244873047,50582,50603,21
13.0219802856,80.2261962891,50653,50673,20
13.0245895386,80.228843689,50734,50754,20
13.034620285,80.2303390503,51017,51037,20
13.0232095718,80.2275314331,53009,53029,20
13.0141801834,80.2261123657,53444,53474,30
12.9756097794,80.2210388184,54325,54355,30
12.9537496567,80.2121734619,54679,54700,21
12.9442195892,80.2084121704,54841,54871,30
12.9336996078,80.2039489746,55055,55085,30
12.9294595718,80.2027511597,55176,55196,20
12.9262399673,80.1975784302,55297,55317,20
12.9166498184,80.1923675537,55540,55570,30
12.8972797394,80.1819992065,55896,55916,20
12.8563995361,80.1721572876,56598,56618,20
12.827870369,80.1652069092,57052,57082,30
12.8116397858,80.1594619751,57326,57346,20
12.8564395905,80.1721420288,58600,58620,20
12.8828401566,80.1707611084,58975,59002,27
12.8976602554,80.1821365356,59260,59280,20
12.9294595718,80.2027282715,60141,60162,21
12.9483499527,80.2097396851,60465,60485,20
12.9553203583,80.2126617432,60646,60666,20
12.9760398865,80.2212524414,61102,61132,30
12.9865102768,80.2229919434,61364,61394,30
12.9904003143,80.2203979492,61485,61505,20
13.0113601685,80.2230834961,61900,61920,20
13.0153903961,80.2248382568,62032,62052,20
13.0194301605,80.224319458,62112,62132,20
13.0256900787,80.2302398682,62314,62334,20
13.0346403122,80.2303009033,62781,62801,20
13.0350503922,80.2299804688,62821,62841,20
13.0268802643,80.2330093384,63642,63662,20
13.0230503082,80.2274169922,63773,63803,30
13.022600174,80.2269973755,63824,63844,20
13.0143299103,80.2262573242,64006,64027,21
13.0105600357,80.225112915,64148,64168,20
12.9976997375,80.2165985107,64704,64734,30
12.9965000153,80.2165985107,64805,64825,20
12.9908895493,80.2201385498,64997,65017,20
12.9876899719,80.2231216431,65088,65118,30
12.9761400223,80.2213363647,65402,65422,20
12.9486398697,80.2102279663,65987,66007,20
12.9336900711,80.2038879395,66340,66360,20
12.9262399673,80.1975708008,66605,66625,20
12.916970253,80.1934509277,66898,66918,20
12.9097299576,80.1914367676,67464,67485,21
12.8933095932,80.1799316406,67929,67959,30
12.8914403915,80.1765594482,68030,68051,21
12.8823795319,80.1705780029,68284,68305,21
12.8650999069,80.1756210327,68628,68648,20
12.8283901215,80.1651763916,69347,69367,20
12.8277902603,80.1651000977,70500,70520,20
12.8282299042,80.1651382446,70530,70560,30
12.8801403046,80.1702804565,71373,71392,19
12.9173297882,80.1902999878,72141,72162,21
12.9170799255,80.1930007935,72212,72242,30
12.9294300079,80.2026367188,72556,72577,21
12.9339599609,80.2037963867,72657,72678,21
12.9634504318,80.2158737183,73172,73193,21
12.9641304016,80.2161407471,73213,73233,20
12.9711399078,80.2189025879,73333,73353,20
12.9760904312,80.2211380005,73598,73628,30
12.9829397202,80.2218780518,73789,73808,19
13.0219802856,80.2261199951,74669,74689,20
13.0350103378,80.2300872803,75123,75153,30
13.0297899246,80.2308197021,76620,76650,30
13.026720047,80.2330169678,76751,76781,30
13.0230398178,80.2275009155,76902,76932,30
13.0142602921,80.2263183594,77134,77155,21
13.0103302002,80.2227706909,77326,77346,20
13.004360199,80.2202377319,77447,77467,20
12.9708003998,80.2190933228,78480,78500,20
12.948559761,80.2102584839,79046,79076,30
12.9441099167,80.2083892822,79157,79187,30
12.9410600662,80.2061004639,79257,79287,30
12.9408798218,80.2060012817,79287,79308,21
12.929479599,80.2028503418,79552,79582,30
12.9262304306,80.1976394653,79703,79723,20
12.9220399857,80.1973266602,79814,79834,20
12.9060001373,80.1887664795,80613,80633,20
12.8914899826,80.1766967773,81047,81067,20
12.827630043,80.1651992798,82160,82180,20
12.8108901978,80.1596832275,82404,82434,30
12.8827199936,80.1707077026,83422,83452,30
12.8827199936,80.1707077026,83452,83473,21
13.0142097473,80.2262268066,85712,85732,20
12.9965896606,80.191368103,20067,20088,21
12.9973697662,80.1907196045,22107,22127,20
12.9975595474,80.1909637451,22137,22167,30
13.0021600723,80.1974182129,22460,22490,30
13.0037202835,80.2007675171,22763,22793,30
13.0349903107,80.211227417,23268,23288,20
13.0480203629,80.212059021,23490,23520,30
13.0545101166,80.2113494873,23661,23680,19
13.069609642,80.2052536011,24005,24025,20
13.0688199997,80.204750061,24469,24499,30
13.0881204605,80.1795806885,25297,25327,30
13.0949602127,80.169921875,25860,25880,20
13.0882902145,80.1786727905,26052,26072,20
13.0879001617,80.1880493164,26173,26193,20
13.0833997726,80.1986694336,26708,26738,30
13.0706396103,80.2040481567,27011,27031,20
13.0705003738,80.204208374,27031,27051,20
13.0700902939,80.2048721313,27142,27162,20
13.0683298111,80.2054977417,27213,27243,30
13.0652399063,80.211227417,28040,28061,21
13.0496702194,80.2121887207,28404,28424,20
13.0379295349,80.2124404907,28596,28626,30
13.0342102051,80.2121276855,28707,28737,30
13.0193195343,80.2064285278,29060,29090,30
13.010140419,80.211479187,29514,29535,21
12.9976701736,80.2165603638,30312,30332,20
12.9910001755,80.2194671631,30473,30494,21
12.9937295914,80.2179031372,32109,32129,20
12.9945697784,80.2173080444,32169,32199,30
13.0072698593,80.2098083496,32623,32644,21
13.0149803162,80.2046127319,32926,32946,20
13.0357198715,80.2122421265,33532,33552,20
13.0484104156,80.2120513916,33825,33845,20
13.0823802948,80.1984634399,34935,34955,20
13.0873203278,80.1929779053,35177,35197,20
13.0882797241,80.1784973145,36459,36478,19
13.088060379,80.1840515137,36548,36569,21
13.0878095627,80.1897277832,36660,36690,30
13.0929298401,80.2001113892,37023,37044,21
13.0851602554,80.1987228394,37508,37528,20
13.0829801559,80.1986236572,37619,37639,20
13.0679798126,80.2053375244,38023,38053,30
13.0698003769,80.2048568726,38124,38154,30
13.0499296188,80.2121429443,38739,38760,21
13.045249939,80.2125396729,38931,38951,20
13.0342102051,80.2121124268,39183,39204,21
13.0316095352,80.2095565796,39295,39315,20
13.0101203918,80.2115402222,39890,39910,20
13.0096597672,80.2112197876,39961,39981,20
12.9982299805,80.2166671753,40576,40597,21
12.9976396561,80.2165603638,40617,40647,30
12.9966201782,80.216583252,40697,40718,21
12.9869699478,80.2182769775,40920,40950,30
12.9762401581,80.2212677002,42020,42040,20
12.9865102768,80.2229309082,42252,42272,20
13.0349903107,80.2113265991,43413,43433,20
13.0348901749,80.2117767334,43443,43473,30
13.0486097336,80.2120819092,43917,43938,21
13.0629396439,80.2115402222,44180,44200,20
13.0832595825,80.1984710693,44826,44856,30
13.0844898224,80.1985473633,44894,44914,20
13.0862102509,80.1984481812,44954,44974,20
13.0871095657,80.1980819702,45014,45035,21
13.0881099701,80.1801071167,45315,45337,22
13.0873098373,80.1982727051,48740,48760,20
13.0699596405,80.2047805786,49406,49436,30
13.0515699387,80.2122573853,49951,49971,20
13.0342597961,80.2121200562,50315,50335,20
13.0191001892,80.2063598633,50658,50678,20
13.0098600388,80.2112808228,51102,51122,20
13.0095300674,80.2110595703,51132,51162,30
12.9950895309,80.2170333862,51869,51889,20
12.9829101563,80.2219467163,52707,52727,20
12.9905195236,80.2202987671,52898,52919,21
13.0349702835,80.2111968994,53918,53938,20
13.0348796844,80.2118911743,53958,53978,20
13.0877103806,80.188949585,55301,55321,20
13.0878200531,80.1896972656,56819,56839,20
13.0891704559,80.1984100342,57051,57071,20
13.0341901779,80.2121582031,58555,58575,20
13.0305595398,80.2093200684,58676,58695,19
12.9960002899,80.2166671753,59948,59968,20
12.9871101379,80.2183380127,60160,60180,20
12.9764699936,80.2212982178,61442,61462,20
13.0350704193,80.2111663818,62906,62926,20
13.0484800339,80.2120132446,63380,63400,20
13.0687398911,80.2051925659,63834,63854,20
13.0692396164,80.2047271729,63905,63935,30
13.074379921,80.1995391846,64299,64319,20
13.0996303558,80.1699981689,65470,65500,30
13.0948600769,80.169921875,66116,66136,20
13.0888700485,80.1695404053,66237,66267,30
13.0882301331,80.1785507202,66449,66469,20
13.0882301331,80.1788864136,66479,66499,20
13.08796978,80.185256958,66600,66630,30
13.0877895355,80.1897506714,66721,66741,20
13.0873403549,80.1983718872,66984,67014,30
13.0928897858,80.2003326416,67206,67226,20
13.0915403366,80.2005310059,67256,67286,30
13.0874900818,80.2004089355,67357,67377,20
13.0835599899,80.198638916,67539,67569,30
13.0736703873,80.2004318237,67761,67781,20
13.0697202682,80.2048492432,68114,68133,19
13.0641899109,80.2116012573,68296,68326,30
13.0495796204,80.2121124268,68639,68669,30
13.0341901779,80.2120895386,69154,69184,30
13.0295295715,80.2089080811,69315,69336,21
13.0191802979,80.2063293457,69548,69568,20
13.0094299316,80.2110214233,70111,70131,20
13.0150003433,80.2246398926,70353,70373,20
12.9964799881,80.2165222168,71443,71464,21
12.9952297211,80.2168884277,71504,71524,20
12.9839296341,80.2179412842,71756,71777,21
12.9833898544,80.2222213745,72897,72916,19
13.0072202682,80.2026062012,73755,73775,20
13.029709816,80.2088088989,74098,74117,19
13.0348901749,80.2118301392,74300,74320,20
13.0428600311,80.2121887207,74441,74462,21
13.0544395447,80.2113723755,74795,74825,30
13.0694904327,80.2053375244,75088,75118,30
13.074259758,80.1995925903,75855,75885,30
13.0866498947,80.1983795166,76117,76137,20
13.0885295868,80.1711883545,76693,76713,20
13.0996303558,80.1697311401,77046,77076,30
13.0881795883,80.1794891357,77894,77924,30
13.0928401947,80.2006225586,78288,78308,20
13.0830802917,80.1986999512,78530,78560,30
13.069849968,80.2050170898,78812,78833,21
13.0495901108,80.2121963501,79428,79448,20
13.037899971,80.2124404907,79600,79620,20
13.0094804764,80.2111434937,80367,80387,20
12.9864702225,80.2229919434,81741,81761,20
12.9963998795,80.1918182373,82569,82589,20
12.9970397949,80.1920471191,427,448,21
12.9965295792,80.1914825439,26322,26352,30
12.9965496063,80.1914215088,26383,26403,20
13.0194702148,80.2243270874,28038,28058,20
13.0354299545,80.2481002808,28543,28573,30
13.0433597565,80.2776412964,29369,29399,30
13.0564203262,80.2739334106,29753,29773,20
13.0575199127,80.273979187,29793,29813,20
13.0668201447,80.2844085693,30358,30388,30
13.0579795837,80.2741317749,30984,31004,20
13.0565500259,80.273979187,31034,31054,20
13.0508899689,80.274230957,31236,31256,20
13.0454597473,80.2742996216,31428,31458,30
13.0438604355,80.2717437744,31529,31549,20
13.038479805,80.2590408325,32154,32175,21
13.0381603241,80.2557601929,32427,32457,30
13.0350904465,80.2459869385,32881,32901,20
13.0247097015,80.2291793823,33466,33485,19
13.0223903656,80.2266311646,33547,33567,20
13.0069599152,80.2127304077,34153,34174,21
13.0072898865,80.209777832,34335,34355,20
13.0079202652,80.208366394,34406,34436,30
13.0081796646,80.209022522,34678,34699,21
13.0150203705,80.2245483398,35647,35667,20
13.0156297684,80.2250823975,35688,35708,20
13.0193395615,80.2242584229,35839,35869,30
13.023059845,80.2272033691,36101,36121,20
13.0349302292,80.2456817627,36717,36737,20
13.0354499817,80.2479095459,36888,36909,21
13.0350999832,80.2539978027,37030,37060,30
13.0387296677,80.258972168,37231,37252,21
13.0436096191,80.2732315063,37704,37725,21
13.0523900986,80.2748184204,38048,38078,30
13.0578699112,80.2740478516,38260,38280,20
13.0581502914,80.2777175903,38401,38431,30
13.0739498138,80.2855911255,38754,38774,20
13.0583095551,80.2768173218,39984,40005,21
13.0587100983,80.2755203247,40035,40065,30
13.0570402145,80.2739715576,40176,40206,30
13.0487203598,80.2745513916,40459,40479,20
13.038599968,80.2676391602,40850,40870,20
13.0389099121,80.2503128052,41304,41334,30
13.0113697052,80.2234420776,42273,42293,20
13.0073204041,80.2097702026,42737,42767,30
12.9963502884,80.1913909912,46178,46198,20
13.015540123,80.2250366211,47278,47308,30
13.0193395615,80.2242736816,47379,47399,20
13.022600174,80.2266998291,47469,47490,21
13.0242395401,80.2282485962,47530,47560,30
13.025850296,80.2307434082,47611,47631,20
13.0263395309,80.2324523926,47671,47691,20
13.0296802521,80.2372894287,47782,47802,20
13.0308103561,80.2392425537,47859,47877,18
13.0371303558,80.2559585571,48452,48482,30
13.0396795273,80.2641983032,48654,48674,20
13.0431499481,80.2676315308,48856,48876,20
13.0443696976,80.2690734863,49007,49037,30
13.043510437,80.2733612061,49098,49128,30
13.0433998108,80.2735824585,49138,49158,20
13.0506696701,80.2795181274,49401,49431,30
13.0527801514,80.2740020752,49592,49612,20
13.05809021,80.2777633667,49905,49925,20
13.0628299713,80.2830963135,50117,50137,20
13.0734300613,80.2851715088,50317,50346,29
13.0576295853,80.2820968628,50850,50880,30
13.0586900711,80.2755126953,51072,51092,20
13.0584497452,80.2741394043,51163,51193,30
13.0580596924,80.2740936279,51193,51213,20
13.0550899506,80.2737808228,51304,51324,20
13.0505895615,80.2742462158,51475,51496,21
13.0487003326,80.2746124268,51556,51586,30
13.0467796326,80.274520874,51617,51637,20
13.0438203812,80.2717437744,51838,51859,21
13.0444803238,80.2684173584,51909,51929,20
13.041270256,80.2682723999,51990,52010,20
13.0370903015,80.2664413452,52099,52129,30
13.0381498337,80.255821228,52402,52432,30
13.0389499664,80.2500228882,52533,52563,30
13.0365400314,80.2464065552,52775,52795,20
13.0351104736,80.2459411621,52836,52856,20
13.0325603485,80.2425994873,53027,53057,30
13.0246200562,80.2290496826,53532,53552,20
13.0144195557,80.2262268066,53835,53865,30
13.0068502426,80.2097015381,54379,54400,21
13.0039997101,80.2010879517,54561,54581,20
12.9941596985,80.1860961914,54803,54823,20
12.987859726,80.1855010986,54924,54945,21
12.9873304367,80.1873931885,54975,54995,20
12.9857501984,80.1884536743,55045,55066,21
12.9827098846,80.1884078979,55126,55146,20
12.9806900024,80.1879882813,55187,55207,20
12.9776697159,80.1815719604,55439,55469,30
12.9805202484,80.183052063,55580,55600,20
12.9838695526,80.1881027222,55742,55762,20
12.9967098236,80.19140625,56226,56246,20
12.995929718,80.1897964478,56832,56852,20
13.0094203949,80.2110366821,57326,57346,20
13.0373697281,80.256111145,58456,58476,20
13.043800354,80.2672805786,58849,58869,20
13.0445203781,80.2691726685,58909,58929,20
13.0523900986,80.2749099731,59373,59394,21
13.0559396744,80.2738571167,59484,59505,21
13.0573701859,80.2740097046,59535,59555,20
13.0587701797,80.2741622925,59616,59636,20
13.0732898712,80.2852325439,60009,60029,20
13.0582399368,80.2770309448,60645,60665,20
13.0588998795,80.2742996216,60736,60756,20
13.0444698334,80.2686004639,61442,61462,20
13.0397396088,80.2678375244,61713,61733,20
13.0385103226,80.267616272,61763,61783,20
13.0225601196,80.2268218994,63277,63297,20
13.0200195313,80.2248382568,63347,63368,21
13.0109796524,80.224281311,63569,63590,21
13.0072603226,80.209777832,64123,64145,22
13.0353298187,80.2461395264,66052,66082,30
13.0354404449,80.2479934692,66123,66143,20
13.035030365,80.2542266846,66264,66294,30
13.0376596451,80.2564086914,66375,66405,30
13.0427703857,80.2679214478,66817,66837,20
13.0440397263,80.2670669556,66857,66877,20
13.0523395538,80.2749404907,67443,67463,20
13.0529098511,80.2738037109,67503,67533,30
13.0573196411,80.2740325928,67655,67675,20
13.0576496124,80.2740783691,67675,67705,30
13.0584697723,80.2741775513,67735,67755,20
13.0586996078,80.2756881714,67816,67846,30
13.0619096756,80.2830581665,69156,69186,30
13.0579996109,80.2822036743,69287,69307,20
13.0586204529,80.2758331299,69489,69519,30
13.0587396622,80.2749633789,69530,69550,20
13.0543699265,80.2737731934,70155,70175,20
13.05286026,80.2737731934,70196,70226,30
13.0513401031,80.2741928101,70295,70317,22
13.0470600128,80.2745895386,70478,70498,20
13.0370502472,80.2666320801,70983,71003,20
13.0383996964,80.2591323853,71144,71164,20
13.0380802155,80.2561416626,71346,71366,20
13.0274496078,80.2348403931,71962,71982,20
13.0197896957,80.2247695923,72375,72396,21
13.0053796768,80.2093276978,73193,73213,20
13.0069599152,80.2098083496,73253,73274,21
12.9973497391,80.2568206787,28207,28227,20
13.0388898849,80.1992034912,36207,36228,21
13.0392103195,80.1969070435,36268,36288,20
13.0372695923,80.1959228516,36480,36500,20
13.036860466,80.1986083984,36551,36571,20
13.0364103317,80.2016601563,36633,36653,20
13.0358104706,80.2058410645,36734,36754,20
13.0325298309,80.2118988037,36966,36986,20
13.0301198959,80.2095108032,37107,37127,20
13.030380249,80.2147216797,37269,37289,20
12.9956197739,80.2674865723,41248,41268,20
12.9968004227,80.2568283081,41440,41460,20
12.9985103607,80.2559204102,41622,41652,30
13.0064201355,80.2574005127,41904,41934,30
13.0064897537,80.2532119751,42005,42025,20
13.0073900223,80.2368164063,42592,42612,20
13.0150995255,80.2246627808,42846,42866,20
13.0183200836,80.2245788574,42936,42958,22
13.0193300247,80.2242965698,42978,43008,30
13.0197200775,80.2245178223,43018,43038,20
13.0243301392,80.2284622192,43129,43150,21
13.0248003006,80.2291183472,43180,43200,20
13.0284204483,80.2308502197,43362,43392,30
13.0288000107,80.2240524292,43726,43745,19
13.0856103897,80.2851486206,41081,41110,29
13.1342201233,80.2537231445,43902,43932,30
13.1313800812,80.2584228516,44104,44124,20
13.1236600876,80.2592391968,44285,44305,20
13.1229400635,80.2594299316,44325,44346,21
13.1191997528,80.2657699585,44537,44567,30
13.1143703461,80.2657165527,44668,44688,20
13.1039400101,80.2733764648,44961,44991,30
13.1043701172,80.2755966187,45041,45062,21
13.1045703888,80.2760772705,45082,45112,30
13.105099678,80.283821106,45233,45253,20
13.1050395966,80.2840423584,45263,45284,21
13.1028995514,80.2901611328,45435,45455,20
13.085439682,80.28465271,46080,46099,19
13.085729599,80.2890777588,46310,46330,20
13.0886297226,80.2902297974,46349,46371,22
13.0914297104,80.2913589478,46431,46451,20
13.0993404388,80.2939682007,46653,46673,20
13.1048803329,80.2849121094,46925,46945,20
13.1052503586,80.2824325562,47036,47066,30
13.1040496826,80.2747192383,47198,47218,20
13.1042995453,80.2717514038,47298,47319,21
13.1194200516,80.2657165527,47682,47702,20
13.1226100922,80.2657318115,47772,47793,21
13.1228704453,80.2618865967,47873,47893,20
13.1247501373,80.2591094971,47994,48024,30
13.1310997009,80.2587966919,48135,48156,21
13.13422966,80.2536773682,51221,51248,27
13.13422966,80.2536773682,51248,51272,24
13.1038599014,80.2734603882,54796,54815,19
13.1142396927,80.2656402588,55098,55118,20
13.1247901917,80.2591323853,55491,55511,20
13.1339902878,80.2535476685,55864,55884,20
13.1234703064,80.2592391968,56863,56893,30
13.1192102432,80.2657623291,57145,57175,30
13.1144199371,80.2657012939,57286,57306,20
13.1110897064,80.2657623291,57377,57397,20
13.1041898727,80.287361145,58002,58022,20
13.0948495865,80.2924423218,59364,59394,30
13.1042203903,80.2872009277,59767,59787,20
13.1089801788,80.2671585083,60463,60483,20
13.1111602783,80.2656173706,60534,60554,20
13.1143798828,80.2657012939,60614,60634,20
13.1195402145,80.2658004761,60725,60755,30
13.1227798462,80.2658004761,60816,60846,30
13.1229000092,80.259437561,60987,61008,21
13.1308603287,80.2588577271,61280,61310,30
13.1315002441,80.2528991699,61441,61461,20
13.1339797974,80.2536010742,61542,61572,30
13.1363401413,80.2551879883,61643,61663,20
13.1342000961,80.2536621094,62631,62652,21
13.1315402985,80.2530212402,62722,62742,20
13.1314001083,80.2584533691,62843,62863,20
13.1257095337,80.2591781616,62995,63016,21
13.1235704422,80.2592773438,63066,63086,20
13.1143798828,80.2657470703,63459,63480,21
13.1046104431,80.2761001587,63853,63883,30
13.102930069,80.2902374268,64206,64226,20
13.0999202728,80.2941894531,64428,64448,20
13.0852603912,80.2843170166,64892,64922,30
13.0916500092,80.2914886475,65406,65426,20
13.0942201614,80.2923126221,65497,65517,20
13.0948495865,80.2925262451,65547,65567,20
13.0993204117,80.2940216064,65678,65708,30
13.122879982,80.2594299316,67090,67110,20
13.1247596741,80.2592926025,67161,67181,20
13.1338996887,80.2536468506,67554,67574,20
13.1342096329,80.2537612915,68653,68674,21
13.1229400635,80.2593383789,69128,69158,30
13.1216697693,80.2658615112,69307,69337,30
13.1216697693,80.2658615112,69337,69367,30
13.1142997742,80.2657623291,69559,69579,20
13.1094999313,80.2667007446,69781,69801,20
13.1045799255,80.2761917114,70205,70235,30
13.1050796509,80.2840194702,70366,70386,20
13.1042604446,80.2909469604,70638,70659,21
13.0946502686,80.2925033569,70941,70961,20
13.0885696411,80.2903213501,71738,71758,20
13.0942497253,80.2923736572,71879,71909,30
13.1049003601,80.284576416,72585,72605,20
13.1042995453,80.2759399414,72756,72777,21
13.1089401245,80.2671508789,73129,73159,30
13.1111602783,80.2656097412,73189,73209,20
13.1141195297,80.2657089233,73280,73300,20
13.1228399277,80.2594985962,73653,73673,20
13.1309604645,80.2588424683,73895,73915,20
13.1348600388,80.2541122437,74157,74178,21
13.1144304276,80.2657165527,75872,75902,30
13.0889797211,80.2906112671,76982,77002,20
13.1049003601,80.2845916748,78111,78141,30
13.1042995453,80.2758636475,78283,78303,20
13.1068201065,80.269317627,78494,78513,19
13.1077404022,80.2683410645,78513,78533,20
13.1140403748,80.2656707764,78684,78704,20
13.1194400787,80.2657470703,78834,78856,22
13.1226100922,80.2657623291,78926,78946,20
13.1246404648,80.2591781616,79168,79188,20
13.1308498383,80.2588500977,79309,79330,21
13.1198596954,80.2587432861,80540,80560,20
13.0881004333,80.2835617065,22612,22632,20
13.0480899811,80.2804794312,23299,23319,20
13.043510437,80.279838562,23339,23369,30
13.0241498947,80.2741470337,23662,23682,20
13.0207796097,80.2697982788,23733,23753,20
12.9986600876,80.2560806274,24106,24125,19
12.9860601425,80.2554931641,24450,24470,20
12.9311599731,80.2385101318,25438,25459,21
12.9283599854,80.2388381958,25540,25560,20
12.9257802963,80.2382507324,25621,25651,30
12.9282398224,80.2388000488,25692,25712,20
12.9332704544,80.2361602783,25934,25964,30
12.9357700348,80.23387146,26277,26298,21
12.9397802353,80.2356414795,26348,26378,30
12.9881095886,80.2558517456,27277,27297,20
12.9992198944,80.2560577393,27530,27550,20
13.0331602097,80.2774734497,28307,28337,30
13.0567302704,80.2818222046,28630,28651,21
13.0625896454,80.2831726074,31276,31296,20
13.0456199646,80.2801589966,31528,31549,21
13.0434904099,80.279838562,31579,31609,30
12.9999904633,80.2563171387,32892,32912,20
12.9985904694,80.2560424805,32952,32972,20
12.9785404205,80.2525482178,33578,33598,20
12.9651403427,80.2474212646,33760,33780,20
12.9563903809,80.2436904907,33932,33952,20
12.9473495483,80.2400970459,34184,34204,20
12.9357404709,80.2339706421,34386,34406,20
12.9312295914,80.2385177612,34618,34638,20
12.9281597137,80.2387313843,35063,35083,20
12.931019783,80.2384414673,35164,35184,20
12.9312295914,80.2385177612,35184,35204,20
12.9563703537,80.2433013916,36032,36052,20
12.9668598175,80.2479171753,36204,36224,20
12.9879398346,80.253578186,37092,37112,20
12.9974803925,80.2558670044,37355,37375,20
13.0145397186,80.2591629028,37779,37799,20
13.0154895782,80.2591781616,37839,37858,19
13.0160398483,80.2593994141,37880,37900,20
13.0162296295,80.2595672607,37910,37930,20
13.0328302383,80.2774505615,38586,38607,21
13.0631303787,80.2831497192,39061,39081,20
13.0885801315,80.2900924683,39465,39495,30
13.0857801437,80.283531189,39706,39726,20
13.0870304108,80.2839202881,39747,39767,20
13.087770462,80.2839584351,39797,39817,20
13.0802202225,80.2882385254,41625,41645,20
13.0435600281,80.2798690796,42109,42129,20
13.0333299637,80.2774581909,42422,42451,29
13.0303201675,80.2770233154,42624,42644,20
13.0160503387,80.2597198486,43149,43169,20
13.010890007,80.2592086792,43238,43256,18
12.9985599518,80.2560272217,43611,43631,20
12.9473104477,80.2401428223,44600,44620,20
12.940079689,80.2359466553,44721,44741,20
12.9311599731,80.2385406494,45075,45105,30
12.925740242,80.238243103,45276,45297,21
12.9282197952,80.2387771606,45337,45357,20
12.9292602539,80.2389984131,45376,45398,22
12.9312200546,80.23853302,45458,45477,19
12.956199646,80.2433013916,46074,46104,30
12.9887399673,80.2558364868,46892,46912,20
13.0185003281,80.2611694336,47538,47558,20
13.0269498825,80.2756195068,47962,47982,20
13.0283899307,80.2762527466,48336,48366,30
13.0326004028,80.2774734497,49336,49356,20
13.0389204025,80.278678894,49579,49599,20
13.0453796387,80.2799987793,49720,49740,20
13.0564603806,80.2817687988,49871,49892,21
13.0565900803,80.2817993164,49892,49912,20
13.0637903214,80.2833099365,50033,50063,30
13.0808696747,80.2882766724,50275,50296,21
13.0760498047,80.2753829956,52989,53009,20
13.0863704681,80.2836227417,53321,53343,22
13.0880203247,80.2838897705,53494,53514,20
13.088470459,80.2854232788,54120,54140,20
13.0338497162,80.2774505615,55049,55069,20
12.9563798904,80.2437286377,57502,57523,21
12.9256896973,80.23828125,58209,58229,20
12.9668302536,80.2479705811,59088,59108,20
12.9878196716,80.2553482056,59552,59572,20
12.9882602692,80.255859375,59603,59623,20
12.9983997345,80.2559967041,59865,59895,30
13.0311603546,80.2773971558,61622,61652,30
13.0334796906,80.2774276733,62016,62036,20
13.0345497131,80.2776489258,62066,62087,21
13.0632095337,80.2832489014,62612,62632,20
13.0740499496,80.2856903076,62824,62844,20
13.0778198242,80.2875137329,62895,62915,20
13.0886602402,80.2901611328,63026,63056,30
13.0867300034,80.2839202881,63228,63258,30
13.0874700546,80.2840118408,63288,63308,20
13.0887899399,80.289352417,64500,64520,20
13.0741500854,80.2861480713,64924,64944,20
13.0626096725,80.2831497192,65126,65156,30
13.0614500046,80.2828826904,65217,65239,22
13.0607004166,80.2827224731,65239,65259,20
13.0567102432,80.2819137573,65320,65340,20
13.0331201553,80.2774505615,65693,65713,20
13.0327396393,80.2774810791,65724,65754,30
13.0309200287,80.2772674561,65895,65915,20
13.025970459,80.2752304077,66016,66037,21
13.0161800385,80.2597198486,66430,66451,21
13.007109642,80.2585983276,66592,66622,30
12.9790296555,80.2526626587,67511,67531,20
12.9661903381,80.247756958,67693,67713,20
12.958820343,80.2445373535,67895,67925,30
12.9564800262,80.2435531616,67975,67996,21
12.9523296356,80.2418823242,68056,68086,30
12.9282197952,80.2387466431,69389,69409,20
12.9310598373,80.2384185791,69500,69530,30
12.9356603622,80.2338790894,69813,69833,20
12.9394798279,80.2354736328,69904,69934,30
12.9468202591,80.2397537231,70035,70055,20
12.995349884,80.2558288574,71520,71540,20
13.0025997162,80.256690979,71823,71843,20
13.0085697174,80.2589187622,71944,71964,20
13.0304603577,80.2769622803,72762,72792,30
13.0326499939,80.2774276733,72903,72923,20
13.0388698578,80.2786407471,73115,73135,20
13.0431003571,80.2794799805,73196,73216,20
13.0457801819,80.2800521851,73256,73277,21
13.0639400482,80.2833175659,73590,73620,30
13.075050354,80.286491394,73801,73820,19
13.0887804031,80.2901077271,74002,74022,20
13.0853996277,80.2836532593,74143,74163,20
13.0390195847,80.2789230347,76797,76827,30
13.0338201523,80.2774810791,76948,76977,29
13.0258302689,80.2752609253,77140,77160,20
13.024720192,80.2747802734,77180,77201,21
12.9985198975,80.2561416626,77766,77796,30
12.9970302582,80.2559509277,77847,77877,30
12.9877004623,80.2558288574,78160,78190,30
12.9858798981,80.2555007935,78221,78251,30
12.9644603729,80.2472076416,78544,78564,20
12.9967403412,80.2558364868,80886,80907,21
12.99903965,80.2560272217,80947,80967,20
13.0238704681,80.2736816406,81472,81492,20
12.9977798462,80.2561187744,23456,23476,20
13.0773601532,80.2611236572,26259,26279,20
13.0754804611,80.2585220337,26340,26370,30
13.0856800079,80.2452774048,26733,26763,30
13.0935497284,80.2410964966,28387,28407,20
13.0839004517,80.2545471191,28780,28800,20
13.0778303146,80.2621383667,29063,29093,30
13.0607204437,80.2653198242,29577,29597,20
13.0565500259,80.2574691772,29718,29738,20
13.0471897125,80.2486801147,29899,29920,21
13.0397100449,80.2471237183,30061,30081,20
13.0396404266,80.2468566895,30091,30111,20
13.0352497101,80.24609375,30192,30212,20
13.0319004059,80.241859436,30273,30303,30
13.0267696381,80.2335586548,30565,30595,30
13.0260601044,80.2317733765,30636,30656,20
13.0245800018,80.229057312,30696,30716,20
13.0240097046,80.228302002,30746,30767,21
13.0076704025,80.2364196777,31180,31200,20
13.0066099167,80.255027771,31714,31735,21
12.9910001755,80.2560577393,32269,32289,20
12.9885501862,80.2559432983,32329,32350,21
13.0010299683,80.2564163208,33358,33388,30
13.0066099167,80.244758606,34203,34223,20
13.0193395615,80.2242965698,34818,34838,20
13.0254402161,80.2299118042,35312,35342,30
13.0357904434,80.2461624146,35705,35725,20
13.0385904312,80.2467193604,35786,35816,30
13.0469999313,80.2483825684,35988,36008,20
13.0511398315,80.2500305176,36179,36198,19
13.0519599915,80.2504730225,36250,36270,20
13.094420433,80.2411804199,38165,38185,20
13.0777997971,80.2620773315,39506,39525,19
13.0456600189,80.2483978271,40575,40595,20
13.0317697525,80.2415771484,40968,40988,20
13.0239496231,80.2282867432,41230,41251,21
13.0143098831,80.226272583,41412,41432,20
13.0068502426,80.2513275146,42178,42208,30
12.997300148,80.2568283081,42934,42964,30
12.9890003204,80.2560119629,43156,43176,20
12.9870100021,80.2591400146,43642,43662,20
12.9875497818,80.256187439,43743,43773,30
12.9885396957,80.2558898926,43814,43834,20
12.9952201843,80.2558822632,43945,43975,30
12.9988002777,80.2560501099,44066,44086,20
12.9989700317,80.2560882568,44086,44106,20
13.0086097717,80.2304763794,44912,44931,19
13.0263795853,80.2325973511,45354,45384,30
13.0304803848,80.238822937,45495,45514,19
13.0357398987,80.2462005615,45657,45677,20
13.0618200302,80.2627410889,46272,46292,20
13.0663995743,80.2682571411,46443,46473,30
13.06690979,80.2684631348,46483,46504,21
13.0701904297,80.2659606934,46625,46645,20
13.0881500244,80.2419967651,47643,47663,20
13.0811901093,80.2548828125,49034,49053,19
13.0756597519,80.2580718994,49216,49236,20
13.0681200027,80.2701416016,49760,49779,19
13.0676498413,80.2708435059,49788,49809,21
13.0654697418,80.2676086426,49859,49879,20
13.0453500748,80.2481765747,50434,50454,20
13.0145597458,80.2261962891,51442,51462,20
13.0069904327,80.2398605347,51755,51785,30
13.006649971,80.2569580078,52057,52087,30
13.0034103394,80.2568588257,52158,52188,30
12.9999303818,80.2563018799,52329,52358,29
12.9884395599,80.255859375,53375,53395,20
12.9964704514,80.2558288574,53516,53536,20
13.0295295715,80.2371368408,54958,54978,20
13.0356197357,80.2460098267,55240,55260,20
13.0407104492,80.2471313477,55351,55371,20
13.0669403076,80.2684783936,56047,56067,20
13.0728998184,80.2619476318,56289,56309,20
13.0812997818,80.2497787476,57277,57307,30
13.0846595764,80.2501068115,57367,57387,20
13.0984096527,80.2422637939,57851,57881,30
13.0986995697,80.2418823242,57902,57932,30
13.0839500427,80.2545776367,59071,59101,30
13.0817804337,80.2548065186,59142,59172,30
13.080909729,80.2548675537,59202,59222,20
13.0791397095,80.256111145,59354,59374,20
13.0777702332,80.2619628906,59535,59565,30
13.0737800598,80.2618408203,59727,59747,20
13.0715198517,80.2647628784,59826,59845,19
13.0465602875,80.2486801147,60559,60581,22
13.0397100449,80.2471313477,60823,60853,30
13.0353097916,80.2460784912,60923,60944,21
13.0146503448,80.2261734009,61770,61791,21
13.0071296692,80.2393188477,61982,62002,20
13.0066404343,80.2548828125,62325,62345,20
12.9986400604,80.2560577393,62627,62648,21
12.9975500107,80.2559432983,62668,62698,30
12.9900999069,80.2560577393,62809,62839,30
12.9871997833,80.2595977783,62960,62990,30
12.9867401123,80.2590713501,63031,63061,30
12.9876203537,80.255859375,63657,63677,20
12.9881801605,80.2557983398,63698,63718,20
12.998749733,80.2560272217,63940,63960,20
12.9988698959,80.2560272217,63960,63990,30
13.0009498596,80.2564620972,64030,64050,20
13.0064401627,80.2574996948,64333,64363,30
13.0065202713,80.2532272339,64424,64444,20
13.0065803528,80.2457962036,64666,64686,20
13.0065603256,80.2451095581,64706,64726,20
13.0074300766,80.2370300293,64938,64968,30
13.0191898346,80.2243881226,65341,65361,20
13.0294704437,80.2370910645,65613,65632,19
13.0355901718,80.2461700439,65825,65845,20
13.0567998886,80.2569274902,66390,66410,20
13.0605602264,80.2611312866,66511,66531,20
13.0670003891,80.2685775757,66843,66864,21
13.0684700012,80.2686767578,66914,66934,20
13.0703296661,80.2659683228,67015,67035,20
13.0797901154,80.2546691895,67499,67529,30
13.0834302902,80.25,67771,67791,20
13.0847396851,80.2502593994,67820,67842,22
13.0858097076,80.2504196167,67872,67902,30
13.0861701965,80.2449111938,69405,69435,30
13.0858602524,80.2499465942,69536,69556,20
13.0855197906,80.254699707,69737,69757,20
13.0839700699,80.2546386719,69788,69808,20
13.0565004349,80.2575683594,71028,71048,20
13.0489397049,80.2498703003,71220,71250,30
13.0455799103,80.2483596802,71462,71482,20
13.0453701019,80.2483520508,71482,71512,30
13.0355997086,80.2462692261,71764,71794,30
13.0274896622,80.2348709106,71966,71986,20
13.0066795349,80.2465896606,72813,72833,20
13.0066795349,80.2468490601,72833,72853,20
12.9985198975,80.2561721802,73206,73226,20
12.9889497757,80.2559967041,73418,73438,20
12.9871702194,80.2595672607,73529,73549,20
12.9882898331,80.255859375,74355,74385,30
13.0073404312,80.2370529175,75404,75434,30
13.0152597427,80.2249526978,75727,75747,20
13.024600029,80.2289581299,75928,75948,20
13.0259304047,80.2312927246,75989,76009,20
13.0753002167,80.2584381104,77532,77552,20
13.0856304169,80.245552063,78056,78086,30
13.0940999985,80.2411727905,78258,78278,20
13.0856599808,80.2465896606,79377,79397,20
13.0808496475,80.2548370361,79649,79669,20
13.0652503967,80.2676773071,80365,80385,20
13.0265903473,80.233253479,81474,81494,20
13.024020195,80.2283477783,81585,81605,20
12.9886398315,80.2559814453,82473,82493,20
12.9885396957,80.2559509277,82493,82523,30
12.9871702194,80.2591323853,82594,82624,30
12.9873304367,80.2586669922,82634,82664,30
12.8278303146,80.1651992798,23373,23393,20
13.0345001221,80.2298583984,27194,27214,20
13.0344600677,80.2299118042,28697,28717,20
13.0342302322,80.2298965454,28737,28767,30
13.0299396515,80.2308120728,28868,28888,20
13.0120096207,80.2272033691,29383,29413,30
12.9958896637,80.2167129517,29705,29726,21
12.9908103943,80.2201766968,29847,29867,20
12.9708795547,80.2190628052,30380,30397,17
12.9293203354,80.202796936,31317,31347,30
12.8563699722,80.1721420288,32860,32890,30
12.8549098969,80.1716537476,32920,32941,21
12.8319702148,80.1659393311,33254,33274,20
12.8176298141,80.1602630615,33506,33526,20
12.8115997314,80.1592636108,33617,33637,20
12.8476696014,80.1704025269,35231,35251,20
12.8603096008,80.1731872559,35453,35483,30
12.868060112,80.1761322021,35554,35584,30
12.8802900314,80.1704101563,35701,35721,20
12.8975000381,80.1820983887,36084,36104,20
12.9170999527,80.1934204102,36881,36911,30
12.9341802597,80.2037811279,37305,37325,20
12.9535999298,80.2119598389,37688,37707,19
13.0342302322,80.2299423218,40028,40048,20
13.0301198959,80.230758667,40361,40381,20
12.9709796906,80.2191162109,42328,42348,20
12.9624099731,80.2155685425,42470,42500,30
12.9439001083,80.2082977295,42702,42732,30
12.9406900406,80.2058868408,42782,42812,30
12.9325799942,80.2035827637,42934,42953,19
12.9290504456,80.2026062012,43014,43044,30
12.9284200668,80.2002868652,43075,43095,20
12.9170303345,80.1930770874,43357,43377,20
12.9163503647,80.1923904419,43408,43438,30
12.9058599472,80.1885070801,43609,43629,20
12.8973302841,80.1820297241,43749,43768,19
12.881819725,80.1711502075,44060,44080,20
12.8702898026,80.1744613647,44248,44278,30
12.8674898148,80.1761779785,44278,44298,20
12.8517799377,80.1712722778,44540,44561,21
12.8376598358,80.1690292358,44692,44712,20
12.8373003006,80.1688766479,44722,44742,20
12.8116903305,80.1594161987,46366,46396,30
12.8279495239,80.1651382446,47062,47082,20
12.8419704437,80.1699676514,47304,47324,20
12.8823003769,80.1707000732,47754,47784,30
12.897649765,80.1820297241,48016,48036,20
12.8976802826,80.1822433472,48046,48066,20
12.9171104431,80.1930236816,48450,48470,20
12.9293699265,80.2026824951,48783,48803,20
12.933259964,80.203666687,48833,48853,20
12.9338502884,80.2037887573,48863,48883,20
12.9391202927,80.2055587769,48954,48974,20
12.9418096542,80.2063980103,49025,49045,20
12.9531497955,80.2111816406,49216,49237,21
12.9537296295,80.2118988037,49237,49257,20
12.9537296295,80.2118988037,49257,49287,30
12.9641504288,80.2161636353,49388,49408,20
12.9641504288,80.2161636353,49408,49428,20
12.9761104584,80.2211380005,49610,49630,20
12.9834699631,80.2222824097,49781,49803,22
12.9862604141,80.2229537964,49834,49864,30
12.9879999161,80.2228164673,49933,49951,18
12.9904403687,80.2203292847,49982,50002,20
12.9975500107,80.2162704468,50101,50131,30
13.0066795349,80.2206192017,50251,50269,18
13.0150995255,80.2246398926,50402,50422,20
13.0218696594,80.2261734009,50573,50593,20
13.0258903503,80.2307662964,50674,50704,30
13.0283203125,80.2308731079,50755,50775,20
13.0335597992,80.2305221558,50866,50896,30
13.0229701996,80.2275009155,52036,52066,30
13.0154104233,80.2256317139,52238,52258,20
13.0145397186,80.2261962891,52268,52288,20
12.9974002838,80.2164993286,52621,52651,30
12.9831895828,80.2221298218,53024,53045,21
12.9756298065,80.2210769653,53176,53206,30
12.9538402557,80.2121963501,53539,53559,20
12.9336500168,80.2040176392,53902,53922,20
12.9336500168,80.2040176392,53922,53942,20
12.9294996262,80.2027893066,53983,54003,20
12.9076499939,80.1898193359,54699,54719,20
12.9076499939,80.1898193359,54719,54749,30
12.9061498642,80.1887283325,54769,54790,21
12.8973398209,80.1819992065,54941,54971,30
12.8933401108,80.1799926758,55032,55052,20
12.8915195465,80.1765670776,55111,55133,22
12.8820495605,80.1707611084,55314,55334,20
12.8722295761,80.1732025146,55474,55504,30
12.8694095612,80.1751098633,55504,55534,30
12.8694095612,80.1751098633,55534,55564,30
12.8651895523,80.1756973267,55575,55605,30
12.8563899994,80.1720809937,55746,55776,30
12.8276195526,80.1652832031,56180,56200,20
12.8275299072,80.1651916504,56200,56230,30
12.8100204468,80.1596069336,56523,56543,20
12.8179197311,80.160369873,57471,57491,20
12.8800497055,80.170249939,58377,58407,30
12.8817195892,80.1709518433,58407,58437,30
12.8817195892,80.1709518433,58437,58467,30
12.9559202194,80.2128677368,60273,60303,30
12.9562797546,80.2129898071,60314,60334,20
13.0311403275,80.230758667,63955,63975,20
13.0269498825,80.2330474854,64157,64177,20
13.0251598358,80.2298736572,64328,64349,21
13.0230998993,80.2274932861,64419,64440,21
13.0230998993,80.2274932861,64440,64470,30
12.9953203201,80.2169265747,65731,65761,30
12.9171104431,80.194229126,68051,68081,30
12.867389679,80.1765365601,69142,69172,30
12.9217596054,80.1969909668,72136,72166,30
13.0141897202,80.2256698608,74809,74829,20
12.9870996475,80.2595672607,18021,18042,21
13.0065898895,80.2465896606,19092,19112,20
13.0074396133,80.2367630005,19273,19294,21
13.0155601501,80.2249984741,19647,19667,20
13.077340126,80.2610015869,21121,21141,20
13.0943002701,80.2411804199,21798,21818,20
13.0936098099,80.2410583496,24827,24847,20
13.039850235,80.2471237183,26473,26503,30
13.0353097916,80.2460021973,26604,26624,20
13.0311698914,80.2401504517,26715,26745,30
13.0240497589,80.2283172607,26947,26967,20
13.0199298859,80.2247924805,27058,27079,21
13.0145301819,80.2261734009,27169,27190,21
13.0068902969,80.2405166626,27422,27442,20
12.9873199463,80.2593231201,28320,28341,21
12.9876804352,80.2557678223,29552,29581,29
12.9881601334,80.2557983398,29593,29623,30
12.9989500046,80.2560501099,29956,29976,20
13.0065898895,80.2464981079,30647,30667,20
13.0154495239,80.2249298096,31173,31193,20
13.0155200958,80.2251281738,31193,31213,20
13.0254898071,80.2300033569,31617,31637,20
13.0357704163,80.2461929321,32053,32073,20
13.0409097672,80.2471923828,32154,32174,20
13.0469903946,80.2484207153,32275,32295,20
13.0567502975,80.2568435669,32487,32507,20
13.0664300919,80.2682800293,32760,32790,30
13.0756502151,80.2580184937,33104,33134,30
13.0789403915,80.2547531128,33225,33255,30
13.088470459,80.241859436,33841,33871,30
13.0977602005,80.2422027588,34762,34782,20
13.0791902542,80.2546386719,35742,35762,20
13.0791196823,80.2563171387,35833,35853,20
13.0679597855,80.270942688,36450,36470,20
13.0657196045,80.2676467896,36551,36581,30
13.0649900436,80.2675476074,36601,36621,20
13.032409668,80.2426223755,37512,37542,30
13.0078401566,80.2351379395,38381,38401,20
13.0067396164,80.2428817749,38674,38704,30
12.9978103638,80.2570495605,39625,39655,30
12.9885702133,80.2559585571,40181,40211,30
12.9881896973,80.2559127808,40211,40241,30
12.9872903824,80.2592163086,40302,40332,30
12.9867696762,80.2590789795,40373,40393,20
12.9875097275,80.2567214966,40585,40605,20
12.9963903427,80.255859375,40910,40940,30
12.9986600876,80.2559814453,40997,41021,24
13.0062799454,80.2574005127,41192,41212,20
13.0065898895,80.246711731,41657,41687,30
13.007399559,80.2369384766,41828,41849,21
13.0262804031,80.2323532104,42506,42526,20
13.0339403152,80.2445373535,42779,42798,19
13.0357198715,80.2461700439,42839,42859,20
13.0702400208,80.2659378052,44024,44044,20
13.0755596161,80.2585372925,44408,44438,30
13.0789699554,80.2550582886,44551,44581,30
13.0814695358,80.2517700195,44743,44773,30
13.0856895447,80.2458877563,45036,45056,20
13.0936403275,80.2411193848,45763,45784,21
13.0859003067,80.2449111938,45925,45955,30
13.0856800079,80.2466201782,46006,46026,20
13.0839595795,80.2545623779,46248,46268,20
13.0714998245,80.2646102905,46877,46897,20
13.0564403534,80.2572021484,47545,47565,20
13.0470895767,80.248626709,47757,47777,20
13.0455503464,80.2482070923,47848,47878,30
13.0366601944,80.2464675903,48201,48221,20
13.0352401733,80.2460327148,48261,48281,20
13.0290403366,80.2366790771,48465,48485,20
13.0239095688,80.2281570435,48657,48677,20
13.006939888,80.2394790649,49081,49101,20
13.0066900253,80.2460174561,49303,49323,20
12.99862957,80.2560195923,49929,49952,23
12.9880800247,80.2558517456,50204,50225,21
12.9885196686,80.255859375,51278,51299,21
13.0010204315,80.2564468384,51642,51662,20
13.0063800812,80.2574386597,51763,51793,30
13.0066604614,80.2483901978,52055,52085,30
13.0113697052,80.2232513428,52461,52483,22
13.0193500519,80.2243118286,52664,52685,21
13.0306797028,80.2389907837,53000,53020,20
13.0307397842,80.2391662598,53020,53040,20
13.0323801041,80.2423782349,53131,53151,20
13.0668802261,80.2685089111,54172,54202,30
13.0702600479,80.265838623,54333,54353,20
13.0728597641,80.2620162964,54434,54454,20
13.0772800446,80.260887146,54626,54647,21
13.0812997818,80.2506637573,55163,55193,30
13.0812597275,80.24974823,55244,55264,20
13.0854501724,80.245300293,55496,55516,20
13.0942602158,80.2411422729,55687,55707,20
13.0970897675,80.2420196533,55790,55810,20
13.0839395523,80.2545623779,56953,56973,20
13.0794696808,80.2546386719,57084,57114,30
13.0790901184,80.2565002441,57165,57185,20
13.0777702332,80.2621002197,57347,57377,30
13.032409668,80.2426376343,58996,59016,20
13.0239601135,80.2282791138,59563,59593,30
13.0082397461,80.2336578369,59906,59936,30
13.006819725,80.2508926392,60279,60300,21
13.0066204071,80.2550582886,60370,60391,21
13.0066404343,80.2569198608,60432,60452,20
12.99862957,80.2560806274,60654,60674,20
12.9971199036,80.2558898926,60725,60755,30
12.9884595871,80.2558898926,61654,61675,21
13.0067100525,80.2405090332,62847,62867,20
13.0264797211,80.2328262329,63585,63605,20
13.0358295441,80.2462387085,63958,63977,19
13.0566596985,80.2567901611,64617,64647,30
13.0669002533,80.2685623169,65030,65051,21
13.0754804611,80.2581787109,65425,65444,19
13.0805797577,80.2548065186,65647,65668,21
13.0847301483,80.2501983643,65930,65960,30
13.0856599808,80.2503585815,65981,66001,20
13.0857601166,80.2462768555,66102,66122,20
13.0942401886,80.2412185669,66457,66477,20
13.0985803604,80.2423706055,66659,66689,30
13.0980300903,80.2423477173,67467,67497,30
13.0973796844,80.2421722412,67517,67537,20
13.0930595398,80.2410430908,67669,67699,30
13.0839099884,80.2546081543,68224,68244,20
13.0778999329,80.2626495361,68660,68690,30
13.0604600906,80.2654724121,69408,69428,20
13.0586996078,80.2654495239,69469,69499,30
13.0564699173,80.2574234009,69651,69681,30
13.0496397018,80.2498931885,69883,69903,20
13.0494699478,80.2498931885,69903,69923,20
13.0487098694,80.2497634888,69984,70004,20
13.0456495285,80.248336792,70226,70246,20
13.0399303436,80.2472000122,70428,70458,30
13.0351600647,80.2460174561,70578,70600,22
13.0313997269,80.240852356,70701,70721,20
13.0278596878,80.2355117798,70852,70882,30
13.027469635,80.2348098755,70902,70923,21
13.0267095566,80.233543396,71003,71024,21
13.0239400864,80.2283096313,71185,71205,20
13.0142202377,80.2262878418,71438,71458,20
12.9871702194,80.2595901489,73203,73225,22
12.9962396622,80.2558898926,74186,74206,20
12.9988002777,80.2560882568,74287,74317,30
13.0061502457,80.2573699951,74529,74559,30
13.0064897537,80.2526321411,74701,74731,30
13.0066099167,80.2481765747,74812,74832,20
13.0308704376,80.2395172119,75913,75933,20
13.0566902161,80.2568588257,76660,76681,21
13.0758695602,80.264289856,77357,77377,20
13.0775403976,80.2639007568,77387,77408,21
13.0777797699,80.263710022,77418,77448,30
13.0779304504,80.2635803223,77448,77468,20
13.0776195526,80.2621002197,77529,77549,20
13.0774202347,80.2614822388,77569,77589,20
13.094909668,80.2413635254,78549,78579,30
13.097240448,80.2421264648,78791,78821,30
13.0323600769,80.2425689697,81184,81214,30
13.0069198608,80.2399597168,82012,82042,30
12.9987897873,80.256111145,82456,82476,20
12.9564304352,80.2436599731,84061,84081,20
12.7861795425,80.2203826904,85847,85869,22
12.8014202118,80.2235870361,86252,86273,21
13.0755596161,80.275062561,81323,81353,30
12.986700058,80.2590637207,4652,4682,30
12.9868898392,80.2590789795,24408,24428,20
12.9873199463,80.2591018677,24438,24458,20
12.9813604355,80.2418136597,24892,24909,17
12.9774599075,80.2236404419,25223,25240,17
12.974360466,80.2203216553,25292,25312,20
12.9638795853,80.2142486572,25514,25534,20
12.964799881,80.1970672607,26765,26785,20
12.9647703171,80.1971282959,26795,26811,16
12.9795198441,80.2269363403,27611,27627,16
12.9801902771,80.2520217896,28063,28083,20
12.9799098969,80.252281189,30162,30182,20
12.9811496735,80.2442703247,30294,30314,20
12.9813098907,80.2379226685,30495,30516,21
12.9812602997,80.2362136841,30546,30562,16
12.9761199951,80.2216186523,30877,30897,20
12.9759197235,80.2213592529,30907,30927,20
12.9741601944,80.2203216553,30978,30994,16
12.963640213,80.2154083252,31178,31198,20
12.9645500183,80.2112426758,31268,31289,21
12.9652500153,80.20703125,31359,31379,20
12.9648103714,80.196472168,31581,31602,21
12.9659004211,80.1890563965,31763,31783,20
12.9558496475,80.186958313,32036,32056,20
12.9560403824,80.1868286133,32549,32569,20
12.9646997452,80.1880493164,32751,32771,20
12.965259552,80.2071228027,33347,33377,30
12.9651403427,80.2078704834,33397,33413,16
12.9710798264,80.2189483643,33950,33980,30
12.9758996964,80.2211685181,34102,34122,20
12.9816503525,80.2334976196,34487,34507,20
12.9813604355,80.2386398315,34578,34608,30
12.9813899994,80.2396621704,34638,34659,21
12.9801597595,80.2521591187,34891,34911,20
12.9872903824,80.2594528198,35898,35918,20
12.9813299179,80.2431182861,37997,38017,20
12.9777698517,80.224319458,38491,38512,21
12.9555797577,80.1867980957,39713,39729,16
12.9658899307,80.1885528564,40579,40599,20
12.964799881,80.1970901489,40750,40771,21
12.9647703171,80.1974182129,40781,40797,16
12.9640598297,80.2160873413,41152,41172,20
12.9763898849,80.2218017578,41435,41455,20
12.9877796173,80.2543411255,42585,42605,20
12.9869403839,80.2591171265,42877,42897,20
12.9873695374,80.2587127686,42998,43018,20
12.9877195358,80.2549819946,43079,43099,20
12.981300354,80.2428665161,43583,43603,20
12.9757299423,80.2212219238,44108,44138,30
12.9659500122,80.1886367798,44946,44964,18
12.9559297562,80.1869277954,45149,45179,30
12.955619812,80.1869125366,45189,45209,20
12.9557600021,80.1857299805,45239,45256,17
12.9606304169,80.1872024536,45612,45632,20
12.9645996094,80.1960983276,45904,45921,17
12.9736700058,80.2199401855,46468,46488,20
12.9763202667,80.2217636108,46639,46669,30
12.982049942,80.2321395874,46902,46922,20
12.9820404053,80.2322998047,46922,46952,30
12.982000351,80.2324295044,46962,46982,20
12.9818696976,80.2328720093,47013,47043,30
12.981300354,80.2427978516,47265,47281,16
12.9877595901,80.2547073364,47717,47737,20
12.9871997833,80.2589035034,47818,47848,30
12.9877996445,80.251701355,48614,48635,21
12.9812898636,80.2428817749,48907,48937,30
12.9815702438,80.2333984375,49220,49240,20
12.9772396088,80.2233734131,49472,49502,30
12.975569725,80.220993042,49563,49583,20
12.9742298126,80.2203979492,49603,49624,21
12.9636602402,80.2153625488,49815,49837,22
12.9649400711,80.1997528076,50170,50186,16
12.9647502899,80.1963882446,50228,50248,20
12.9648504257,80.1882171631,50513,50529,16
12.9657096863,80.1896591187,51217,51233,16
12.9647598267,80.1973266602,51356,51376,20
12.9653396606,80.2012481689,51429,51449,20
12.9786901474,80.2255630493,52106,52126,20
12.9813299179,80.238609314,52421,52441,20
12.9801797867,80.2520675659,52643,52673,30
12.9855298996,80.2519302368,52764,52784,20
12.9875802994,80.2565765381,53037,53053,16
12.9872503281,80.2585372925,53085,53105,20
12.9878902435,80.2520904541,54690,54710,20
12.980099678,80.2527618408,54871,54888,17
12.9798603058,80.2523574829,54888,54910,22
12.9813404083,80.2428207397,55071,55087,16
12.9815502167,80.2334213257,55251,55271,20
12.9805898666,80.2289199829,55352,55372,20
12.9777603149,80.2242584229,55453,55473,20
12.9744997025,80.2203521729,55624,55645,21
12.9655799866,80.204536438,56079,56099,20
12.9558296204,80.1869506836,56613,56634,21
12.9557304382,80.1869277954,56644,56660,16
12.9560699463,80.1868209839,57783,57803,20
12.9654397964,80.1883926392,57995,58015,20
12.964679718,80.1961135864,58187,58207,20
12.964799881,80.1970825195,58247,58268,21
12.9653301239,80.2016372681,58368,58389,21
12.9652795792,80.207069397,58490,58510,20
12.9763097763,80.2217712402,58994,59014,20
12.987279892,80.2593917847,60145,60175,30
12.9871797562,80.2591705322,60385,60415,30
12.9874601364,80.2575378418,60496,60516,20
12.9877004623,80.2550582886,60587,60607,20
12.9878797531,80.2519989014,60708,60728,20
12.9798898697,80.2523727417,60910,60930,20
12.9813604355,80.2434234619,61051,61081,30
12.9813699722,80.2430419922,61092,61112,20
12.9813699722,80.2430419922,61112,61128,16
12.9812698364,80.2381591797,61231,61251,20
12.9759597778,80.2214126587,61645,61665,20
12.9743099213,80.2203674316,61705,61725,20
12.9710502625,80.2191390991,61776,61796,20
12.9655103683,80.2003631592,62250,62270,20
12.9647798538,80.1964035034,62361,62391,30
12.965880394,80.1889877319,62553,62573,20
12.9559497833,80.1869430542,62825,62846,21
12.964799881,80.1970977783,63663,63683,20
12.9641199112,80.2130584717,64057,64087,30
12.964050293,80.2132492065,64097,64113,16
12.9813995361,80.2425918579,64932,64958,26
12.9801197052,80.2522735596,65081,65101,20
12.9876499176,80.2560424805,65566,65586,20
12.9872398376,80.2595672607,65687,65717,30
12.981010437,80.252746582,66615,66637,22
12.9811697006,80.2346878052,67141,67162,21
12.9813404083,80.2340011597,67202,67222,20
12.9815301895,80.2336425781,67232,67262,30
12.9806804657,80.2291412354,67394,67414,20
12.980340004,80.2285232544,67434,67450,16
12.9743404388,80.220413208,67775,67795,20
12.9743404388,80.220413208,67795,67812,17
12.971159935,80.2192687988,67884,67914,30
12.963640213,80.2154312134,68207,68237,30
12.9652204514,80.2070236206,68449,68470,21
12.9655303955,80.2045516968,68530,68550,20
12.965470314,80.2003479004,68631,68651,20
12.9647703171,80.1963577271,68742,68762,20
12.9652700424,80.19165802,68883,68904,21
12.9607000351,80.1872634888,69075,69096,21
12.9556598663,80.1870193481,69237,69257,20
12.9650497437,80.1883010864,69812,69842,30
12.9648504257,80.194229126,70074,70091,17
12.9653396606,80.201210022,70224,70244,20
12.9657201767,80.2029037476,70294,70311,17
12.9653701782,80.2054824829,70363,70383,20
12.9651899338,80.2069778442,70414,70434,20
12.9637098312,80.2149429321,70626,70642,16
12.9739103317,80.2201766968,70846,70876,30
12.9739599228,80.2204437256,70886,70916,30
12.9872999191,80.2583236694,72824,72844,20
12.9876499176,80.2550582886,73117,73137,20
12.9825201035,80.2527236938,73359,73375,16
12.97976017,80.2525634766,73407,73428,21
12.9798402786,80.2523269653,73438,73458,20
12.980099678,80.2281112671,74033,74049,16
12.9762296677,80.2218704224,74214,74234,20
12.9743404388,80.2204284668,74345,74365,20
12.9712896347,80.219291687,74426,74456,30
12.9635801315,80.2155380249,74587,74607,20
12.9647798538,80.2096176147,74749,74765,16
12.9647703171,80.1963806152,75029,75050,21
12.9658603668,80.1889724731,75191,75211,20
12.9556903839,80.1859817505,75543,75573,30
12.9560203552,80.1860427856,75614,75637,23
12.9559602737,80.1868209839,75649,75669,20
12.9654102325,80.1884307861,75861,75881,20
12.9645004272,80.2113800049,76396,76416,20
12.9784603119,80.225440979,76901,76931,30
12.9815702438,80.2305603027,77203,77224,21
12.9816102982,80.2335586548,77325,77345,20
12.9812602997,80.2386932373,77418,77439,21
12.9800701141,80.252281189,77641,77661,20
12.9879999161,80.2523269653,78004,78024,20
12.9872102737,80.2595214844,78196,78226,30
13.0354995728,80.2052078247,27473,27493,20
13.0368795395,80.1978988647,27675,27691,16
13.0413303375,80.1970901489,27925,27941,16
13.0441799164,80.2089691162,28155,28175,20
13.0354995728,80.2083435059,28327,28347,20
13.0421304703,80.2162628174,28629,28650,21
13.0433797836,80.2171173096,28680,28710,30
13.0528697968,80.222038269,28962,28978,16
13.0538597107,80.2263183594,29081,29102,21
13.0519895554,80.2303771973,29243,29263,20
13.0475797653,80.2317428589,29344,29360,16
13.0534200668,80.2364120483,29493,29513,20
13.0526504517,80.2403793335,29584,29605,21
13.0715303421,80.2590866089,30201,30221,20
13.0783395767,80.2636413574,30402,30422,20
13.0804100037,80.2651519775,30483,30513,30
13.0821800232,80.2782897949,30878,30908,30
13.0817298889,80.2762985229,32137,32157,20
13.0812997818,80.2730178833,32278,32308,30
13.0778303146,80.263671875,32520,32541,21
13.0736904144,80.2617034912,32662,32682,20
13.0613803864,80.247177124,33166,33182,16
13.0474996567,80.2321624756,33860,33876,16
13.0539398193,80.2273864746,34191,34211,20
13.0418701172,80.2161331177,34635,34655,20
13.0390300751,80.2141113281,34735,34756,21
13.0342302322,80.2121124268,34946,34976,30
13.0352602005,80.208656311,35118,35138,20
13.0408401489,80.205116272,35390,35410,20
13.0393600464,80.1959228516,35643,35659,16
13.0372600555,80.1959686279,35791,35811,20
13.036860466,80.1986312866,35851,35881,30
13.0353803635,80.2053222656,55521,55541,20
13.0370597839,80.1964797974,55753,55783,30
13.0387802124,80.1928787231,55864,55894,30
13.0441598892,80.2089691162,56298,56328,30
13.0435199738,80.2092208862,56369,56385,16
13.0354299545,80.2084503174,56528,56548,20
13.0349397659,80.2112731934,56599,56629,30
13.0433797836,80.2171096802,56891,56912,21
13.0470104218,80.2188568115,56992,57012,20
13.0494403839,80.2195205688,57053,57069,16
13.0521097183,80.2200775146,57091,57120,29
13.0522298813,80.2304382324,57393,57414,21
13.0715303421,80.2590789795,58655,58675,20
13.0778903961,80.2636489868,58847,58863,16
13.0783195496,80.2637405396,58863,58885,22
13.0804300308,80.2651062012,58946,58976,30
13.080739975,80.2684783936,59038,59068,30
13.0815000534,80.2735366821,59310,59340,30
13.0815696716,80.2738037109,59340,59361,21
13.0853595734,80.2837524414,59634,59664,30
13.0878696442,80.2836380005,60260,60280,20
13.0882101059,80.2835464478,60290,60320,30
13.0824203491,80.2786483765,60492,60522,30
13.0787496567,80.2654266357,61035,61057,22
13.0530004501,80.241897583,62045,62062,17
13.0447397232,80.2260665894,62529,62559,30
13.0460700989,80.22605896,62599,62616,17
13.0538902283,80.2276000977,62739,62757,18
13.0518102646,80.2202835083,63031,63051,20
13.0388298035,80.2140579224,63374,63391,17
13.0356397629,80.212348938,63505,63535,30
13.0343198776,80.2121429443,63575,63595,20
13.0393896103,80.2049026489,64120,64136,16
13.0392503738,80.1970672607,64268,64290,22
13.0368404388,80.1987228394,64542,64558,16
13.0362997055,80.2017364502,65821,65842,21
13.0378398895,80.1928024292,66033,66053,20
13.0416898727,80.1945037842,66174,66191,17
13.043800354,80.2071990967,66485,66502,17
13.0354404449,80.2085037231,66756,66772,16
13.0349798203,80.2113723755,66825,66845,20
13.041179657,80.2156829834,67108,67138,30
13.0531702042,80.2231216431,67804,67834,30
13.0620298386,80.2433166504,68763,68783,20
13.0670700073,80.2545089722,69459,69479,20
13.0776996613,80.2620697021,69832,69853,21
13.0800104141,80.2652282715,69994,70010,16
13.0872297287,80.2813720703,71304,71324,20
13.0817403793,80.2773666382,71546,71566,20
13.081609726,80.276260376,71606,71626,20
13.0815496445,80.2759628296,71637,71657,20
13.0814800262,80.2751617432,71697,71717,20
13.0806303024,80.2660217285,71919,71939,20
13.0674200058,80.2550201416,72414,72444,30
13.046210289,80.239616394,73251,73271,20
13.0472402573,80.2334365845,73392,73413,21
13.044090271,80.228187561,73564,73580,16
13.0538196564,80.2273788452,73804,73825,21
13.0517196655,80.2202606201,73987,74007,20
13.0464801788,80.2188110352,74088,74108,20
13.0341997147,80.2121582031,74472,74492,20
13.0385599136,80.2084732056,74755,74771,16
13.0439996719,80.2088394165,74854,74873,19
13.0387096405,80.1929397583,75277,75294,17
13.0364198685,80.2012405396,75437,75457,20
13.035779953,80.205329895,75538,75558,20
13.0354404449,80.205291748,75578,75594,16
12.8989200592,80.1804885864,858,879,21
12.8988103867,80.1805877686,1656,1686,30
12.8986701965,80.1803436279,6687,6707,20
12.8988304138,80.1803894043,7031,7061,30
12.8985795975,80.1802368164,7263,7293,30
12.8987197876,80.1803436279,7445,7465,20
12.8986597061,80.1803817749,7778,7798,20
12.8990802765,80.180267334,16556,16576,20
12.8989696503,80.1803131104,16616,16637,21
12.8988704681,80.1804199219,16647,16677,30
12.8988304138,80.1802597046,17414,17434,20
12.898639679,80.1804428101,18353,18383,30
12.8989696503,80.1803894043,20827,20857,30
12.8988399506,80.1802062988,27573,27603,30
12.8989095688,80.1803817749,28179,28199,20
12.8988103867,80.1803283691,28724,28754,30
12.8988704681,80.1801986694,28754,28774,20
12.8988895416,80.1803817749,28886,28906,20
12.8989400864,80.1804885864,29310,29330,20
12.8985795975,80.1803512573,39773,39803,30
12.8984804153,80.1804962158,40338,40358,20
12.898639679,80.1805267334,40358,40379,21
12.8990802765,80.1804504395,40581,40601,20
12.8987998962,80.1803970337,40601,40621,20
12.8988599777,80.180519104,40692,40712,20
12.8993196487,80.1806182861,40752,40782,30
12.898639679,80.1804580688,44084,44104,20
12.8985795975,80.1804199219,44296,44316,20
12.8986101151,80.1804962158,44538,44568,30
12.8986902237,80.1804962158,44568,44589,21
12.8986101151,80.1803207397,45217,45247,30
12.8987197876,80.1803817749,45328,45348,20
12.8988704681,80.1803512573,47771,47791,20
12.8990697861,80.1803665161,48750,48771,21
12.8988199234,80.1803817749,48781,48801,20
12.8988399506,80.1805725098,59271,59292,21
12.8988399506,80.1804504395,60736,60757,21
12.8986797333,80.1802825928,61958,61978,20
12.8986701965,80.1802368164,62362,62392,30
12.8988304138,80.1801376343,69945,69965,20
12.8986997604,80.1804733276,73065,73095,30
12.8986997604,80.1805267334,73095,73116,21
12.8986196518,80.1803131104,76811,76831,20
12.8985004425,80.1803207397,76831,76861,30
12.8985500336,80.1804428101,77306,77336,30
12.8988304138,80.1801834106,77376,77397,21
12.8985395432,80.1803817749,77397,77427,30
12.8985204697,80.1803588867,78194,78224,30
12.9944896698,80.2067108154,32523,32543,20
12.9773397446,80.205581665,33584,33614,30
12.977060318,80.2060394287,33645,33675,30
12.9757404327,80.2210235596,34059,34089,30
12.9759998322,80.221321106,34099,34119,20
12.9338302612,80.2039413452,36951,36971,20
12.9295196533,80.202796936,37062,37082,20
12.9221096039,80.197303772,37264,37284,20
12.917140007,80.1922531128,37496,37517,21
12.91726017,80.1912612915,37547,37567,20
12.918419838,80.1881713867,37628,37648,20
12.9205598831,80.1855392456,37708,37725,17
12.9224395752,80.1434020996,38505,38535,30
12.922419548,80.1383209229,38656,38676,20
12.9231996536,80.1206436157,38980,39000,20
12.9273796082,80.118637085,40748,40768,20
12.9233198166,80.1206436157,40960,40980,20
12.9225196838,80.143371582,41414,41435,21
12.9227695465,80.1522064209,41606,41623,17
12.9233798981,80.154510498,41635,41655,20
12.9208202362,80.1968002319,42352,42372,20
12.9338998795,80.2038803101,42665,42681,16
12.9490098953,80.2098312378,42936,42956,20
12.9640102386,80.2161178589,43179,43195,16
12.9711799622,80.2189788818,43298,43318,20
12.9741401672,80.2202224731,43368,43389,21
12.9562196732,80.2131195068,44712,44728,16
12.9538297653,80.2122116089,44740,44761,21
12.9210596085,80.1969833374,45451,45471,20
12.9173002243,80.1913986206,45653,45673,20
12.9198799133,80.1825180054,45885,45905,20
12.9210195541,80.1670684814,46158,46178,20
12.9210195541,80.1670684814,46178,46194,16
12.9220695496,80.1636962891,46227,46247,20
12.9231004715,80.1604919434,46297,46318,21
12.9227399826,80.1522598267,46449,46479,30
12.922539711,80.1468582153,46570,46590,20
12.9224100113,80.143371582,46641,46661,20
12.9228801727,80.1256866455,47015,47035,20
12.9231300354,80.1207199097,47096,47126,30
12.9262800217,80.1173782349,47288,47308,20
12.9315099716,80.1225280762,48966,48986,20
12.9236001968,80.1178283691,49420,49436,16
12.9224901199,80.1428985596,49984,50014,30
12.9225196838,80.1436080933,50035,50055,20
12.9184398651,80.1768188477,50651,50671,20
12.9206495285,80.1853713989,50863,50883,20
12.9171199799,80.1930923462,51035,51055,20
12.9233398438,80.1973800659,51207,51227,20
12.929400444,80.2026901245,51409,51429,20
12.9313602448,80.203086853,51469,51485,16
12.934009552,80.2038574219,51498,51528,30
12.9429101944,80.2074584961,51689,51706,17
12.9443998337,80.2083435059,51706,51726,20
12.9489297867,80.2098388672,51831,51861,30
12.949640274,80.2100982666,51881,51905,24
12.9536104202,80.2118988037,51927,51947,20
12.9650001526,80.2165222168,52139,52157,18
12.9749403,80.2205123901,52312,52332,20
12.9764299393,80.2219161987,52433,52453,20
12.9758796692,80.2211914063,53262,53282,20
12.9709997177,80.2191085815,53873,53893,20
12.9610300064,80.2150268555,54136,54152,16
12.941069603,80.2060089111,54487,54507,20
12.9295597076,80.2027816772,54710,54730,20
12.9262399673,80.1975784302,54831,54851,20
12.9220504761,80.1972808838,54932,54952,20
12.9210596085,80.196937561,54972,54993,21
12.9170799255,80.1941986084,55053,55073,20
12.9172401428,80.1913986206,55124,55154,30
12.9198799133,80.1824798584,55296,55316,20
12.9183301926,80.1766281128,55407,55427,20
12.9197902679,80.1709136963,55508,55538,30
12.9230899811,80.1604232788,55720,55740,20
12.9223403931,80.1414108276,56086,56106,20
12.9231500626,80.1207122803,56460,56490,30
12.9232196808,80.1205368042,56500,56520,20
12.9232397079,80.1202697754,56530,56546,16
12.9269104004,80.1179428101,56771,56801,30
12.9271297455,80.1181411743,56821,56841,20
12.9316301346,80.1226730347,57943,57963,20
12.927280426,80.1185913086,58114,58143,29
12.9233703613,80.1204528809,58365,58385,20
12.9227600098,80.133102417,58658,58678,20
12.9224796295,80.1385803223,58749,58769,20
12.9225997925,80.1436767578,58911,58941,30
12.9232997894,80.1604766846,59254,59274,20
12.9199199677,80.1710205078,59466,59487,21
12.9206600189,80.1854324341,59780,59800,20
12.9185800552,80.188331604,59870,59891,21
12.9171304703,80.1930923462,59982,60012,30
12.920999527,80.1968994141,60113,60129,16
12.9265003204,80.1976089478,60242,60263,21
12.96352005,80.2159500122,61111,61130,19
12.9712400436,80.21900177,61283,61303,20
12.9539003372,80.2122268677,63011,63031,20
12.9485998154,80.2102432251,63122,63142,20
12.9442501068,80.2084197998,63223,63243,20
12.941069603,80.2060623169,63314,63344,30
12.9294996262,80.202796936,63577,63607,30
12.9218597412,80.1972808838,63829,63849,20
12.9210596085,80.1969680786,63870,63890,20
12.9172401428,80.1917037964,64102,64122,20
12.9199304581,80.1826171875,64294,64314,20
12.9197597504,80.171081543,64486,64506,20
12.9233703613,80.1549911499,64788,64809,21
12.9224901199,80.1451187134,65052,65068,16
12.9231300354,80.1211776733,65525,65545,20
12.9232397079,80.1205291748,65565,65585,20
12.9259796143,80.1170120239,65767,65787,20
12.9297399521,80.1207962036,67465,67485,20
12.9233598709,80.1205368042,68091,68121,30
12.9233198166,80.1207504272,68132,68162,30
12.9233198166,80.1207504272,68162,68178,16
12.9228096008,80.1312026978,68412,68433,21
12.9224500656,80.1386032104,68554,68574,20
12.9225502014,80.143699646,68716,68746,30
12.9226503372,80.1472625732,68796,68817,21
12.922249794,80.1636505127,69140,69160,20
12.9184303284,80.1767883301,69372,69393,21
12.9189300537,80.1789703369,69433,69453,20
12.9202003479,80.1835327148,69514,69544,30
12.9205904007,80.1853179932,69595,69615,20
12.917090416,80.1930923462,69827,69857,30
12.9205904007,80.1967926025,70019,70039,20
12.9292802811,80.2027511597,70282,70302,20
12.9352397919,80.2042007446,70433,70450,17
12.9484195709,80.2098693848,70684,70700,16
12.9632101059,80.2158584595,70924,70941,17
12.9740200043,80.2202529907,71145,71175,30
12.9764499664,80.2221298218,71488,71504,16
12.9773702621,80.2213134766,71891,71911,20
12.9765396118,80.2212677002,71931,71951,20
12.9755001068,80.2210388184,72669,72689,20
12.9709396362,80.2191619873,72790,72820,30
12.953789711,80.2122421265,73255,73275,20
12.9485301971,80.2102737427,73356,73386,30
12.9441699982,80.2084274292,73457,73487,30
12.9336700439,80.203956604,73709,73730,21
12.9314804077,80.2032318115,73780,73796,16
12.9294700623,80.2028121948,73818,73839,21
12.9219903946,80.1973266602,74061,74081,20
12.9210195541,80.1969985962,74112,74132,20
12.9171800613,80.19140625,74314,74334,20
12.9199104309,80.1827392578,74496,74526,30
12.918419838,80.1760635376,74688,74704,16
12.9224796295,80.1469268799,75241,75261,20
12.9224996567,80.1468582153,75272,75288,16
12.9223203659,80.1414489746,75350,75371,21
12.9227600098,80.1290588379,75603,75619,16
12.9313097,80.1224899292,76611,76632,21
12.927280426,80.1186599731,76844,76864,20
12.9232501984,80.1210479736,77198,77218,20
12.9227304459,80.131362915,77410,77430,20
12.9223804474,80.1387786865,77551,77571,20
12.9226999283,80.1516876221,77814,77834,20
12.9183597565,80.1767883301,78208,78228,20
12.9185495377,80.1882781982,78430,78450,20
12.9173002243,80.1912612915,78501,78517,16
12.9170503616,80.1930770874,78517,78539,22
12.9495801926,80.2102890015,79237,79253,16
12.9755897522,80.2210235596,79812,79842,30
12.9879398346,80.2048110962,80620,80650,30
12.9909200668,80.2053985596,80721,80751,30
13.0993404388,80.231010437,22310,22328,18
13.1002702713,80.2146377563,22613,22643,30
13.0997400284,80.2143936157,22674,22690,16
13.0912504196,80.2276535034,22843,22864,21
13.079580307,80.2335281372,23126,23142,16
13.0663204193,80.2452774048,23498,23514,16
13.0340499878,80.2304000854,24425,24445,20
13.0146999359,80.2261276245,24889,24909,20
13.0142803192,80.22631073,24930,24950,20
12.9957399368,80.267578125,25788,25808,20
12.9956798553,80.2674407959,27263,27283,20
12.9961395264,80.2632522583,27334,27350,16
12.999710083,80.2561569214,27524,27544,20
13.0066995621,80.248878479,27857,27877,20
13.0244102478,80.2284393311,28574,28594,20
13.0250301361,80.2293624878,28614,28631,17
13.0343904495,80.2304077148,28784,28814,30
13.0444402695,80.2406692505,29138,29168,30
13.0466098785,80.2396011353,29228,29249,21
13.0625200272,80.243347168,29741,29762,21
13.0655202866,80.243560791,29812,29842,30
13.0699396133,80.2421112061,29923,29953,30
13.0768098831,80.2391586304,30135,30165,30
13.076379776,80.2372817993,30307,30327,20
13.0804004669,80.2335128784,30458,30478,20
13.083990097,80.2339324951,30623,30653,30
13.0888795853,80.2305221558,30774,30795,21
13.0913000107,80.2273635864,30855,30871,16
13.0962400436,80.2196578979,31026,31046,20
13.0971603394,80.2169799805,31117,31137,20
13.0979003906,80.2152175903,31167,31197,30
13.0973796844,80.2166671753,31975,31995,20
13.0940103531,80.2247314453,32136,32153,17
13.0912303925,80.2276687622,32184,32214,30
13.0886802673,80.2312469482,32347,32368,21
13.082159996,80.2336196899,32772,32792,20
13.0765304565,80.2373123169,32943,32963,20
13.0766601563,80.2379226685,32974,32994,20
13.0785598755,80.2517166138,33246,33276,30
13.0768299103,80.251953125,33307,33323,16
13.0690002441,80.2424621582,33538,33558,20
13.0677900314,80.2464981079,33720,33750,30
13.0632095337,80.2442016602,33922,33942,20
13.0571699142,80.2428207397,34074,34104,30
13.0537395477,80.2422027588,34185,34215,30
13.0452203751,80.2326278687,34569,34589,20
13.0336399078,80.2304763794,34829,34850,21
13.0277900696,80.2319869995,34991,35007,16
13.0250396729,80.2294998169,35232,35252,20
13.0239896774,80.2282333374,35293,35313,20
13.0142202377,80.2263412476,35464,35485,21
13.0083198547,80.233291626,35788,35808,20
13.0080499649,80.2344818115,35848,35868,20
13.0070695877,80.2395706177,36060,36090,30
13.0068998337,80.2494125366,36323,36343,20
13.0066299438,80.2577362061,37110,37140,30
13.0065002441,80.2562484741,37181,37197,16
13.0064897537,80.2542800903,37219,37239,20
13.0066003799,80.2538604736,37301,37322,21
13.0067796707,80.2509994507,37595,37625,30
13.0067901611,80.2508621216,37625,37655,30
13.0066003799,80.2464370728,38110,38140,30
13.0067100525,80.2404098511,38332,38352,20
13.0067100525,80.2404098511,38352,38368,16
13.0154399872,80.2249069214,38714,38735,21
13.0285396576,80.2308502197,39240,39260,20
13.0291900635,80.2308120728,39270,39290,20
13.0438995361,80.2409210205,40047,40067,20
13.0540399551,80.2422027588,40360,40380,20
13.056810379,80.2425384521,40431,40461,30
13.0624198914,80.2433013916,40572,40592,20
13.066160202,80.2434234619,40703,40720,17
13.0763301849,80.2370223999,41026,41046,20
13.0913801193,80.2272796631,41641,41662,21
13.09815979,80.2146377563,41894,41924,30
13.100230217,80.2145080566,42025,42055,30
13.0985498428,80.2140731812,42712,42732,20
13.0939102173,80.2247695923,42924,42940,16
13.0721101761,80.251701355,43861,43877,16
13.0692996979,80.2434463501,43949,43970,21
13.063079834,80.2443084717,44242,44262,20
13.0572595596,80.2428131104,44424,44454,30
13.0549602509,80.24243927,44505,44521,16
13.0469198227,80.2397384644,44725,44745,20
13.0453996658,80.2327270508,44937,44957,20
13.0416297913,80.2322235107,45018,45034,16
13.0298900604,80.2308273315,45238,45268,30
13.029589653,80.2309112549,45278,45298,20
13.0239400864,80.2282791138,45541,45561,20
13.0201702118,80.2250595093,45631,45648,17
13.0145196915,80.2262268066,45710,45740,30
13.0112495422,80.2275085449,45791,45811,20
13.0081796646,80.2336196899,45874,45893,19
13.0070495605,80.2391967773,45975,45995,20
13.0066204071,80.2443237305,46215,46245,30
13.006819725,80.2512512207,46377,46397,20
13.0066299438,80.2547988892,46447,46467,20
12.9976596832,80.2559585571,46821,46841,20
12.9961900711,80.2623977661,46992,47013,21
12.9960298538,80.2676467896,47103,47124,21
12.9999704361,80.2666625977,47184,47214,30
12.9956703186,80.2673416138,47709,47729,20
12.9961500168,80.2625198364,47790,47810,20
12.9987697601,80.2559432983,48042,48063,21
12.99903965,80.2560119629,48073,48093,20
13.007349968,80.2369537354,48850,48870,20
13.0114803314,80.2228469849,49062,49077,15
13.0284204483,80.2308807373,49432,49452,20
13.0364599228,80.2394485474,49965,49981,16
13.0616197586,80.2432098389,50669,50690,21
13.0624198914,80.243347168,50710,50730,20
13.0659999847,80.2434997559,50791,50811,20
13.0840101242,80.2339401245,51568,51598,30
13.0963401794,80.2193832397,51921,51942,21
13.0984897614,80.2139663696,52053,52073,20
13.0988397598,80.2140579224,52083,52099,16
13.098739624,80.2140884399,52939,52969,30
13.0911998749,80.2276077271,53161,53189,28
13.0836400986,80.2339019775,53391,53412,21
13.076789856,80.2386398315,53702,53722,20
13.0769395828,80.2391967773,53793,53813,20
13.0771903992,80.2403411865,53893,53913,20
13.0718898773,80.2506637573,54389,54405,16
13.0692901611,80.243309021,54499,54519,20
13.0677900314,80.2465209961,54620,54650,30
13.0675601959,80.2479629517,54681,54697,16
13.0567998886,80.2426986694,55022,55038,16
13.0532903671,80.2420272827,55112,55132,20
13.0519504547,80.2408218384,55172,55193,21
13.0503101349,80.2405166626,55273,55294,21
13.0498504639,80.2403717041,55314,55334,20
13.0335102081,80.230506897,55819,55849,30
13.0270395279,80.2329330444,56000,56029,29
13.0201196671,80.2249221802,56271,56287,16
13.0103998184,80.2278518677,56441,56465,24
13.0082101822,80.2337265015,56507,56527,20
13.0068702698,80.2495574951,56820,56840,20
13.006529808,80.252571106,57537,57567,30
13.007399559,80.2367706299,57961,57981,20
13.0113601685,80.2233581543,58133,58163,30
13.015540123,80.2250366211,58284,58300,16
13.0257797241,80.230430603,58545,58564,19
13.040140152,80.2399291992,59302,59332,30
13.052280426,80.2408370972,59626,59656,30
13.052280426,80.2408370972,59656,59672,16
13.0540895462,80.2422714233,59715,59734,19
13.0625295639,80.2433624268,59907,59927,20
13.0700998306,80.2420806885,60129,60159,30
13.0766201019,80.2385025024,60341,60361,20
13.0765600204,80.2381973267,60371,60391,20
13.0782499313,80.233581543,60563,60579,16
13.0834903717,80.2333602905,60753,60773,20
13.0840902328,80.2340011597,60803,60824,21
13.0888900757,80.2304916382,60955,60975,20
13.0951795578,80.2226104736,61137,61157,20
13.0912103653,80.2276611328,62399,62419,20
13.0888204575,80.2309494019,62490,62510,20
13.0883703232,80.2322311401,62540,62556,16
13.0824098587,80.2336425781,62689,62710,21
13.0758600235,80.2339096069,62851,62867,16
13.0692796707,80.2432479858,63386,63406,20
13.0678596497,80.2465667725,63548,63568,20
13.0653800964,80.2478179932,63639,63655,16
13.0623397827,80.245010376,63778,63798,20
13.0631799698,80.2442932129,63798,63818,20
13.0597696304,80.2426223755,63912,63932,20
13.0508804321,80.2405319214,64245,64266,21
13.0463495255,80.2389602661,64367,64383,16
13.0451202393,80.2326583862,64536,64556,20
13.0365896225,80.2307662964,64678,64694,16
13.0334396362,80.2304916382,64837,64867,30
13.0248804092,80.2294769287,65332,65352,20
13.0173997879,80.2251586914,65544,65560,16
13.0143098831,80.226348877,65613,65643,30
13.0082902908,80.233581543,65764,65784,20
13.0079898834,80.2348022461,65835,65865,30
13.0066404343,80.2546081543,66583,66603,20
13.006649971,80.2548522949,66613,66633,20
13.0001401901,80.2564620972,66906,66936,30
12.9964504242,80.2608566284,67289,67306,17
12.996219635,80.2677612305,67470,67500,30
13.0000495911,80.2667388916,67570,67591,21
12.9956598282,80.2677078247,68015,68045,30
12.9956502914,80.2674789429,68045,68065,20
12.9961700439,80.2625579834,68207,68227,20
12.9984502792,80.2559967041,68570,68600,30
13.0064897537,80.252532959,69055,69075,20
13.0065202713,80.2467193604,69295,69315,20
13.0073699951,80.236869812,69517,69537,20
13.0077800751,80.2352600098,69578,69594,16
13.0095996857,80.2271118164,69678,69707,29
13.0151395798,80.2247467041,69981,70011,30
13.0219402313,80.2262420654,70183,70213,30
13.0228900909,80.2270965576,70274,70290,16
13.0279302597,80.231010437,70645,70665,20
13.0337600708,80.2305221558,70898,70928,30
13.0512399673,80.2406387329,71675,71695,20
13.0538597107,80.2422637939,71766,71786,20
13.0652799606,80.2435913086,72089,72109,20
13.0753097534,80.2404937744,72331,72348,17
13.0763902664,80.2376785278,72430,72451,21
13.0763502121,80.2373809814,72461,72481,20
13.0766897202,80.2337188721,72562,72582,20
13.0802698135,80.2335205078,72653,72673,20
13.081990242,80.2326889038,72733,72749,16
13.0840501785,80.2340164185,72853,72873,20
13.0912799835,80.2273406982,73095,73115,20
13.0961303711,80.2198028564,73277,73293,16
13.0976295471,80.2156982422,73376,73396,20
13.1001501083,80.2145385742,73608,73638,30
13.0748701096,80.252243042,76698,76714,16
13.0536699295,80.2423095703,77413,77433,20
13.0527601242,80.2419204712,77453,77473,20
13.0439195633,80.2324905396,77857,77873,16
13.035490036,80.2304534912,77967,77997,30
13.0336503983,80.230506897,78048,78078,30
13.0333995819,80.2305221558,78088,78104,16
13.0080404282,80.2340164185,78622,78642,20
13.0066099167,80.2572479248,79097,79127,30
13.0064601898,80.2531814575,79238,79258,20
13.0065202713,80.2466430664,79380,79400,20
13.0066299438,80.2404785156,79501,79521,20
13.0070295334,80.23853302,79561,79577,16
13.0342597961,80.2373428345,80428,80444,16
13.0464601517,80.2395935059,80658,80678,20
13.0974798203,80.2417678833,83536,83552,16
13.0985403061,80.2422485352,83584,83604,20
12.9877796173,80.2516784668,18191,18221,30
12.9798803329,80.2523574829,18332,18352,20
12.9799404144,80.2522125244,18362,18379,17
12.9813699722,80.2428436279,18502,18522,20
12.9812898636,80.2379379272,18603,18623,20
12.9814996719,80.2336502075,18704,18720,16
12.9807500839,80.2290496826,18813,18832,19
12.9904403687,80.2203979492,19409,19428,19
12.9974803925,80.2161483765,19551,19571,20
13.0078201294,80.2129898071,19773,19803,30
13.0098600388,80.2151565552,19854,19870,16
13.0342702866,80.2304229736,20357,20377,20
13.0270900726,80.232963562,22641,22661,20
13.0230398178,80.2274093628,22782,22803,21
13.0226898193,80.2271575928,22823,22839,16
13.0083999634,80.2134475708,23255,23275,20
13.0079803467,80.2132263184,23296,23326,30
12.9872398376,80.2183837891,24044,24065,21
12.9873199463,80.2181930542,25156,25186,30
12.9915304184,80.2126464844,25338,25358,20
12.9954099655,80.2102584839,25550,25566,16
12.9973096848,80.2104797363,25599,25619,20
12.99903965,80.2075195313,25730,25750,20
13.0078601837,80.2130432129,25942,25972,30
13.0078601837,80.2130432129,25972,25988,16
13.0154104233,80.2248382568,26162,26183,21
13.0285196304,80.2308425903,26455,26471,16
13.0347900391,80.2302398682,26575,26605,30
13.027879715,80.2324676514,27777,27793,16
13.0229797363,80.2273635864,27927,27947,20
13.0203199387,80.2250976563,28017,28034,17
13.0106801987,80.2168807983,28379,28396,17
13.0083799362,80.213432312,28428,28448,20
13.0082397461,80.2133636475,28458,28478,20
13.0080003738,80.2132415771,28487,28509,22
12.9938297272,80.2101135254,28893,28913,20
12.9872303009,80.2183990479,29206,29226,20
12.9752902985,80.2206802368,30418,30434,16
12.9915895462,80.2126998901,30811,30832,21
12.9929504395,80.212852478,30862,30882,20
12.9938697815,80.2100982666,30943,30963,20
12.9985399246,80.2074279785,31145,31165,20
13.004119873,80.2120513916,31317,31337,20
13.012169838,80.2204666138,31630,31650,20
13.0153598785,80.2248764038,31751,31781,30
13.0220098495,80.2261581421,31903,31923,20
13.0341901779,80.2303466797,32608,32638,30
13.0296602249,80.2308731079,32810,32826,16
13.0231103897,80.2274475098,33091,33121,30
13.0083503723,80.2133865356,33687,33707,20
12.9990997314,80.2075119019,34020,34041,21
12.9873800278,80.2183990479,34577,34593,16
12.9835996628,80.2177886963,35961,35982,21
12.9916200638,80.2126617432,36214,36234,20
12.9930095673,80.2125473022,36295,36311,16
12.9984302521,80.207359314,36634,36654,20
12.9985799789,80.2073669434,36654,36674,20
13.0040903091,80.212020874,36816,36846,30
13.0155601501,80.2249908447,37230,37250,20
13.0220003128,80.2261505127,37382,37402,20
13.0285301208,80.2308120728,37715,37735,20
13.0293798447,80.2307662964,37746,37776,30
13.0339002609,80.2304382324,38018,38039,21
13.0340900421,80.2304382324,38049,38065,16
13.0300102234,80.2308425903,38633,38663,30
13.0230197906,80.2274169922,39148,39178,30
13.0086402893,80.2136764526,39704,39724,20
13.0082597733,80.2134017944,39734,39754,20
13.0035495758,80.2102890015,39926,39942,16
12.9886198044,80.2155914307,40439,40469,30
12.9874296188,80.2182388306,40510,40530,20
12.9756402969,80.2204208374,40712,40738,26
12.9759302139,80.2211990356,41095,41115,20
12.9770498276,80.2227706909,41165,41186,21
12.9753904343,80.2209091187,41297,41316,19
12.9937801361,80.2101364136,41782,41802,20
12.9966897964,80.210357666,41873,41893,20
12.9983997345,80.2074432373,41984,42004,20
13.0078201294,80.2130279541,42206,42236,30
13.0140695572,80.2233276367,42418,42438,20
13.0218000412,80.2260818481,42600,42620,20
13.0284700394,80.2308425903,42863,42893,30
13.029800415,80.2308578491,43709,43729,20
13.0230798721,80.2274475098,44021,44042,21
13.0228300095,80.2273101807,44042,44062,20
13.0144996643,80.2262420654,44193,44213,20
12.9951496124,80.2170028687,44870,44890,20
12.9927301407,80.2187271118,44951,44967,16
12.9763202667,80.2217178345,45353,45373,20
12.9763202667,80.2217178345,45373,45389,16
12.9801998138,80.2282333374,45523,45543,20
12.9812898636,80.2386779785,45719,45739,20
12.9813299179,80.2427062988,45799,45820,21
12.9879598618,80.2518386841,46123,46143,20
12.9876899719,80.2551574707,46194,46214,20
12.9867296219,80.2589263916,49144,49174,30
12.9878196716,80.2519226074,49467,49487,20
12.9802503586,80.2527389526,49598,49618,20
12.9801301956,80.2527236938,49628,49645,17
12.9798698425,80.2522583008,49645,49666,21
12.9813299179,80.2428665161,49798,49818,20
12.9812498093,80.2379226685,49889,49909,20
12.9816303253,80.2333374023,49990,50020,30
12.9805698395,80.2289199829,50121,50142,21
12.9777402878,80.2242965698,50243,50263,20
12.9757604599,80.2211380005,50343,50364,21
12.9861803055,80.2179870605,50627,50643,16
12.9873895645,80.2182235718,50643,50665,22
12.9982004166,80.2082519531,51130,51146,16
12.9983701706,80.2074584961,51146,51166,20
13.019659996,80.2245178223,51734,51754,20
13.0347700119,80.2302932739,52067,52087,20
13.0347700119,80.2302932739,52087,52104,17
13.0333204269,80.2304763794,52560,52576,16
13.0230197906,80.2274017334,52892,52912,20
13.0228796005,80.2273330688,52912,52932,20
13.0174398422,80.2250595093,53043,53059,16
13.0082798004,80.2133712769,53395,53415,20
13.0081701279,80.2133178711,53415,53435,20
12.99903965,80.2075424194,53668,53688,20
12.99862957,80.2074584961,53698,53718,20
12.9936199188,80.2102432251,54001,54021,20
12.9765195847,80.2198791504,54466,54482,16
12.9755096436,80.2207489014,54534,54555,21
12.9915504456,80.2126464844,55566,55586,20
12.9985399246,80.2074203491,55960,55980,20
13.0219602585,80.2261428833,56536,56556,20
13.0346002579,80.2302703857,56898,56918,20
13.0349597931,80.2300796509,56938,56959,21
13.0341901779,80.2303009033,57397,57417,20
13.0295000076,80.2309265137,57538,57554,16
13.0246601105,80.2291564941,57770,57790,20
13.0230398178,80.2274703979,57840,57860,20
13.0080299377,80.2132720947,58376,58406,30
12.9983797073,80.2076263428,58649,58669,20
12.9972801208,80.2104797363,58760,58780,20
12.9928703308,80.2130279541,58962,58982,20
12.9874200821,80.2182388306,60993,61013,20
12.9915800095,80.2126998901,61195,61215,20
12.9971199036,80.2104568481,61437,61457,20
12.9975996017,80.2098236084,61478,61498,20
13.0078496933,80.2130584717,61801,61831,30
13.0345497131,80.2303466797,62781,62811,30
13.0348396301,80.2297897339,62872,62892,20
13.0230302811,80.2273788452,63984,64005,21
13.0144300461,80.2262802124,64186,64207,21
13.0144300461,80.2262802124,64207,64223,16
13.0036497116,80.2114181519,64782,64802,20
12.9983901978,80.2075576782,64963,64992,29
12.9935998917,80.210357666,65266,65286,20
12.9913396835,80.2127380371,65377,65397,20
12.9874801636,80.2182235718,65538,65559,21
12.9870796204,80.2183685303,65579,65599,20
12.9774198532,80.2213363647,67136,67156,20
12.9783000946,80.2192077637,67398,67417,19
12.9874296188,80.2182922363,67600,67617,17
12.9916496277,80.2127304077,67803,67826,23
12.998339653,80.2074966431,68192,68212,20
12.99958992,80.2076797485,68262,68278,16
13.0076999664,80.2129974365,68513,68543,30
13.0155096054,80.2250289917,68836,68856,20
13.0195398331,80.2244491577,68917,68937,20
13.0219402313,80.2262115479,68987,69008,21
13.0262002945,80.2313690186,69240,69261,21
13.027179718,80.2311096191,69291,69321,30
13.0276098251,80.2310333252,69341,69362,21
13.0279302597,80.2309875488,69372,69392,20
13.0304698944,80.2307662964,69735,69756,21
13.0339603424,80.230506897,69837,69857,20
13.0297603607,80.2308731079,70887,70908,21
13.0297603607,80.2308731079,70908,70924,16
13.0265598297,80.2331008911,71219,71239,20
13.0249996185,80.2296600342,71320,71350,30
13.0229797363,80.2274475098,71449,71469,20
13.0085096359,80.2136077881,72116,72136,20
13.0041704178,80.2121887207,72278,72298,20
13.0035896301,80.2115402222,72338,72359,21
12.9989595413,80.207572937,72520,72536,16
12.9981098175,80.2089309692,72629,72649,20
12.9935398102,80.2103424072,72852,72872,20
12.9927396774,80.2130813599,72932,72953,21
12.9912595749,80.212890625,72983,73013,30
12.9874000549,80.2182312012,73165,73185,20
12.9873800278,80.2183837891,73185,73205,20
12.975810051,80.2211074829,75033,75053,20
12.9837703705,80.2178573608,75548,75569,21
12.9895200729,80.2147598267,75750,75771,21
12.9935703278,80.2101593018,75963,75983,20
12.9975004196,80.2099380493,76175,76191,16
12.9983301163,80.2074584961,76264,76285,21
12.9988203049,80.2074966431,76315,76336,21
13.0077600479,80.2130813599,76578,76598,20
13.030790329,80.23072052,77245,77261,16
13.0343198776,80.2303771973,77303,77324,21
13.0348501205,80.2298812866,77373,77394,21
13.0342597961,80.2297821045,77415,77445,30
13.0297603607,80.2308578491,79092,79112,20
13.0230998993,80.2275009155,79375,79395,20
13.0142002106,80.2263031006,79537,79557,20
13.0142002106,80.2263031006,79557,79573,16
13.0081195831,80.2133636475,79849,79869,20
13.0078897476,80.213218689,79879,79899,20
12.9985103607,80.2074508667,80123,80143,20
12.987449646,80.2181777954,80598,80614,16
12.9869403839,80.2183380127,80614,80636,22
12.9757499695,80.221031189,80848,80878,30
12.9762201309,80.2216262817,80899,80919,20
12.9762201309,80.2216262817,80919,80935,16
12.9820404053,80.2318191528,81119,81135,16
12.9812898636,80.2386398315,81217,81239,22
12.9813699722,80.2429733276,81300,81320,20
12.9862699509,80.2517166138,81552,81573,21
12.9867401123,80.2587585449,82179,82209,30
12.9867601395,80.259147644,82219,82240,21
13.0022201538,80.1971435547,23249,23269,20
13.002120018,80.1978378296,23309,23325,16
13.0039701462,80.2008972168,23531,23561,30
13.0076599121,80.205368042,23703,23719,16
13.019610405,80.2244415283,24014,24034,20
12.9801397324,80.1949768066,26063,26079,16
12.9692802429,80.1900405884,26235,26258,23
12.9224500656,80.1422119141,27473,27493,20
12.9230203629,80.1241378784,27735,27751,16
12.9232397079,80.1212768555,27976,27997,21
12.9226503372,80.1474075317,28360,28380,20
12.9561901093,80.1868972778,29541,29561,20
12.9655303955,80.1883926392,29733,29752,19
12.9682798386,80.1895523071,29804,29824,20
12.9728403091,80.1915588379,29915,29935,20
12.9781999588,80.1938781738,30046,30066,20
12.9811096191,80.1953887939,30147,30177,30
12.9846897125,80.1959686279,30248,30264,16
13.0018501282,80.1994018555,30672,30690,18
13.0091400146,80.2107772827,30924,30954,30
13.009469986,80.2110595703,30965,30995,30
13.0154104233,80.2248687744,31278,31298,20
13.0241098404,80.2280502319,31469,31490,21
13.0260000229,80.2312393188,31570,31590,20
13.0299196243,80.2307662964,31651,31679,28
13.0277500153,80.2321166992,33274,33294,20
13.0228204727,80.2273025513,33648,33668,20
13.0099401474,80.2153701782,34072,34088,16
13.007229805,80.2127609253,34242,34263,21
13.0067796707,80.2127227783,34273,34303,30
12.9722499847,80.1913070679,35383,35403,20
12.9682302475,80.1895217896,35504,35534,30
12.9662103653,80.1886672974,35575,35595,20
12.9558601379,80.186920166,35837,35853,16
12.9395704269,80.1826019287,36128,36148,20
12.9246902466,80.1827774048,36340,36356,16
12.9224395752,80.1421890259,36975,36995,20
12.9228000641,80.1299819946,37177,37193,16
12.9232196808,80.1203994751,37286,37305,19
12.9236497879,80.1168136597,37377,37397,20
12.9213399887,80.1662979126,38186,38202,16
12.9203596115,80.183883667,38406,38426,20
12.9314804077,80.1815338135,38568,38588,20
12.9387998581,80.1823272705,38709,38725,16
12.9707403183,80.1906280518,39454,39474,20
12.9720602036,80.1912307739,39515,39535,20
12.9810400009,80.1953277588,39767,39787,20
12.9964199066,80.1918182373,40221,40251,30
13.0024900436,80.2004776001,40938,40954,16
13.0036401749,80.2007369995,40954,40976,22
13.0092601776,80.2108078003,41138,41158,20
13.0093297958,80.2110290527,41168,41184,16
13.0155200958,80.224899292,41378,41398,20
13.0197000504,80.2244567871,41449,41469,20
13.0285301208,80.230758667,41761,41782,21
13.0333003998,80.23046875,41933,41953,20
13.0297803879,80.2308425903,42821,42847,26
13.0228099823,80.2273025513,43102,43118,16
12.9965896606,80.1933898926,44129,44146,17
12.9776697159,80.193862915,44512,44532,20
12.9680204391,80.1894989014,44754,44774,20
12.9557800293,80.1869125366,45027,45047,20
12.9554901123,80.1868591309,45057,45073,16
12.9395198822,80.1826019287,45348,45368,20
12.9308004379,80.1815719604,45489,45509,20
12.9198799133,80.1825027466,45751,45772,21
12.9197301865,80.181968689,45994,46014,20
12.9467496872,80.1839981079,46498,46514,16
12.9717798233,80.191116333,47062,47082,20
12.9822301865,80.1971511841,52413,52433,20
12.9820995331,80.1969833374,52433,52453,20
12.9774599075,80.1937637329,52595,52615,20
12.9732704163,80.1918029785,52696,52716,20
12.9681301117,80.1895217896,52847,52867,20
12.9649600983,80.1882781982,52928,52948,20
12.9607801437,80.18724823,53009,53029,20
12.9395103455,80.1826095581,53412,53433,21
12.9200601578,80.1833496094,53776,53796,20
12.9235801697,80.1167831421,55441,55471,30
12.9225196838,80.1435394287,56309,56329,20
12.9388198853,80.1823272705,57137,57157,20
12.961520195,80.1873397827,57591,57611,20
12.9792604446,80.1943435669,58035,58051,16
12.9809398651,80.1953582764,58063,58084,21
12.9914999008,80.1940536499,58275,58292,17
13.0037603378,80.2008590698,58667,58687,20
13.0151195526,80.2247314453,59192,59212,20
13.0258998871,80.230682373,59464,59485,21
13.0259199142,80.2307815552,59495,59525,30
13.0292100906,80.2308731079,59596,59626,30
13.027009964,80.2329483032,61037,61067,30
13.0263795853,80.2328796387,61088,61104,16
13.0252304077,80.2298736572,61136,61166,30
12.9890604019,80.1955413818,62610,62626,16
12.9826002121,80.1968917847,62689,62709,20
12.9688396454,80.1898193359,63234,63250,16
12.9609098434,80.187286377,63454,63474,20
12.9558200836,80.1869812012,63585,63605,20
12.9198999405,80.1824417114,64362,64378,16
12.919839859,80.1708908081,64492,64516,24
12.923620224,80.1167297363,65290,65310,20
12.9227895737,80.1311416626,66065,66085,20
12.9224901199,80.1427383423,66227,66257,30
12.9232997894,80.160369873,66560,66576,16
12.9198999405,80.1711883545,66709,66739,30
12.9197397232,80.1815490723,66871,66887,16
12.920249939,80.1835784912,66899,66929,30
12.9313201904,80.1815795898,67141,67171,30
12.9376897812,80.1822891235,67303,67319,16
12.9387397766,80.1823883057,67381,67402,21
12.9444904327,80.1830368042,67514,67544,30
12.9468002319,80.1840896606,67593,67615,22
12.9524402618,80.1863937378,67776,67792,16
12.9727201462,80.1915969849,68479,68509,30
12.9780902863,80.1939315796,68630,68660,30
12.9805698395,80.1952209473,68741,68771,30
12.9807300568,80.1953125,68771,68792,21
13.0020999908,80.2002563477,69498,69514,16
13.008939743,80.2106781006,69739,69769,30
13.0092802048,80.2109375,69789,69809,20
13.0092802048,80.2109375,69809,69825,16
13.0152997971,80.224899292,70091,70111,20
13.0219402313,80.2261886597,70305,70335,30
13.0269403458,80.2311935425,70668,70689,21
13.0277500153,80.2309799194,70820,70850,30
13.0341997147,80.2304763794,71123,71139,16
13.0246400833,80.2291793823,72160,72177,17
13.023059845,80.2275238037,72199,72229,30
13.0080795288,80.2133407593,72825,72845,20
13.0060300827,80.2095794678,73107,73124,17
13.0048503876,80.2014923096,73308,73328,20
13.0039396286,80.201133728,73429,73450,21
12.9910497665,80.1947631836,73814,73844,30
12.9816703796,80.1958007813,74167,74187,20
12.9721498489,80.1913528442,74430,74450,20
12.9698801041,80.1903762817,74490,74506,16
12.9680204391,80.1895217896,74528,74549,21
12.9607400894,80.18724823,74703,74723,20
12.9445400238,80.1830673218,75097,75117,20
12.939499855,80.1826095581,75218,75248,30
12.9198799133,80.1826400757,75572,75592,20
12.9232997894,80.1549224854,75905,75925,20
12.9226703644,80.1522827148,75965,75995,30
12.9224796295,80.1469116211,76086,76107,21
12.9231100082,80.1207733154,76531,76551,20
12.9235801697,80.1168823242,76652,76682,30
12.9230203629,80.1256713867,76993,77023,30
12.9313497543,80.1815719604,77935,77955,20
12.9474201202,80.1845703125,78238,78254,16
12.963640213,80.1877365112,78619,78635,16
12.9968299866,80.1908187866,79556,79576,20
12.9864902496,80.2352981567,23394,23415,21
12.9900903702,80.2269134521,23566,23582,16
12.988360405,80.2233505249,23635,23655,20
13.0059499741,80.2418670654,24090,24111,21
12.9883699417,80.2233276367,25545,25575,30
12.9866504669,80.2382888794,25908,25929,21
12.9866600037,80.2333526611,26030,26050,20
12.998459816,80.2390899658,26636,26656,20
13.0025901794,80.2400970459,27728,27748,20
12.9915399551,80.233757019,28051,28068,17
12.9886798859,80.2291030884,28454,28471,17
12.9865102768,80.2353286743,29584,29604,20
12.9987602234,80.2391891479,30249,30269,20
12.9991798401,80.2393188477,31453,31473,20
12.9991598129,80.2393493652,31473,31493,20
12.9962797165,80.2363586426,31554,31574,20
12.9918003082,80.2337493896,31675,31705,30
12.990940094,80.2317504883,31756,31786,30
12.9899196625,80.2276916504,32089,32109,20
12.9864797592,80.2351989746,32271,32301,30
12.9864902496,80.2353210449,33907,33926,19
12.9899597168,80.2277297974,34089,34109,20
12.988360405,80.2233428955,34213,34243,30
12.9909601212,80.2310028076,34395,34411,16
12.9917697906,80.2335968018,34443,34462,19
13.0059700012,80.2422027588,34726,34746,20
12.9991998672,80.2392883301,35968,35998,30
12.9917898178,80.2337417603,36160,36180,20
12.9902200699,80.2273712158,36321,36337,16
12.9991903305,80.2393493652,39875,39895,20
12.9909296036,80.2317733765,40087,40107,20
12.9883098602,80.2233810425,40279,40297,18
12.9879302979,80.2309265137,40482,40498,16
12.9864797592,80.2351837158,40570,40591,21
12.9864597321,80.2353286743,41277,41298,21
12.9899301529,80.2253570557,41651,41667,16
12.9938402176,80.234413147,41891,41912,21
12.9987201691,80.2391662598,42023,42053,30
12.999250412,80.2394104004,43214,43234,20
12.9939498901,80.2346115112,43333,43354,21
12.9918403625,80.2338104248,43407,43437,30
12.9910001755,80.2318267822,43488,43507,19
12.9908504486,80.2301101685,43538,43559,21
12.9899196625,80.2276992798,43862,43892,30
12.9883499146,80.2299423218,43942,43962,20
12.9866104126,80.2333221436,44033,44063,30
12.9864797592,80.2352218628,44104,44134,30
12.9869804382,80.2333068848,45105,45125,20
12.9907903671,80.2301712036,45452,45472,20
12.9917201996,80.2336807251,45545,45565,20
12.9986896515,80.2391815186,45716,45737,21
13.0026798248,80.2401504517,46777,46806,29
12.9991903305,80.2393417358,46858,46878,20
12.9909296036,80.2317428589,47120,47150,30
12.99077034,80.2300872803,47181,47201,20
12.9883203506,80.2233581543,47352,47382,30
12.9898900986,80.2276916504,47474,47504,30
12.9864797592,80.2353134155,48420,48440,20
12.9899997711,80.2276611328,48605,48626,21
12.9901304245,80.2275009155,48838,48858,20
12.9917201996,80.2336425781,48999,49019,20
13.0059099197,80.2422409058,49373,49403,30
13.0055704117,80.2421188354,50152,50173,21
13.0026197433,80.2400970459,50223,50253,30
12.9991998672,80.2393417358,50304,50334,30
12.9917898178,80.2337417603,50506,50536,30
12.9883899689,80.2235717773,50749,50769,20
12.9885101318,80.2233810425,51507,51537,30
12.9920396805,80.2336807251,51739,51759,20
12.9987001419,80.2391815186,51900,51921,21
13.0038204193,80.2412109375,52012,52028,16
12.9991798401,80.2393417358,52222,52252,30
12.9900197983,80.2265472412,52616,52634,18
12.9872598648,80.2332611084,54098,54118,20
12.9883298874,80.2233276367,54282,54312,30
12.9919900894,80.2336425781,54514,54534,20
12.9991998672,80.2393035889,55786,55816,30
12.9917898178,80.2337417603,56018,56038,20
12.9909000397,80.2317428589,56089,56109,20
12.9907999039,80.2300796509,56139,56160,21
12.988360405,80.2233276367,56300,56321,21
12.9901199341,80.2276306152,58119,58139,20
12.991060257,80.2323989868,58472,58492,20
12.9938697815,80.2344818115,58593,58623,30
13.0025701523,80.2401428223,59421,59441,20
12.9991798401,80.2393569946,59492,59512,20
12.9962701797,80.2363815308,59653,59673,20
12.9908103943,80.2300415039,59875,59896,21
12.9883298874,80.2300033569,60238,60259,21
12.9864797592,80.2353515625,61350,61370,20
12.9864501953,80.235206604,61380,61400,20
12.988360405,80.2233505249,61673,61703,30
12.9909801483,80.2321014404,61895,61915,20
12.991809845,80.2336883545,61956,61976,20
12.9939098358,80.2344970703,62016,62036,20
12.9962997437,80.2364120483,63299,63329,30
12.9939699173,80.2345428467,63379,63399,20
12.9917402267,80.2338027954,63450,63480,30
12.9899301529,80.2277679443,63965,63985,20
12.9865398407,80.2333602905,64096,64116,20
12.9866600037,80.2388763428,64227,64248,21
12.9899396896,80.2416534424,64379,64399,20
12.9864902496,80.2353591919,65126,65146,20
12.9866800308,80.2333679199,65187,65207,20
12.9902095795,80.2276000977,65621,65641,20
12.9908504486,80.2302322388,65682,65712,30
12.9910001755,80.2321014404,65752,65772,20
12.9940900803,80.2346572876,65944,65974,30
12.9960098267,80.2359771729,66015,66035,20
12.9991998672,80.2393875122,66681,66701,20
12.9962701797,80.2364120483,66762,66782,20
12.9917402267,80.2338180542,66883,66903,20
12.9883298874,80.2233963013,67166,67196,30
12.9899301529,80.2277679443,67287,67307,20
12.986530304,80.2333526611,67439,67459,20
12.9864797592,80.2352905273,67499,67519,20
12.9864597321,80.2353820801,68408,68428,20
12.9866199493,80.2334136963,68479,68499,20
12.9882001877,80.230140686,68559,68580,21
12.9900398254,80.227722168,68630,68650,20
13.0065002441,80.2575302124,19583,19603,20
13.0155801773,80.2249526978,20071,20091,20
13.0340299606,80.2304382324,20384,20414,30
13.0318899155,80.2306289673,22292,22312,20
13.0144701004,80.2262115479,22665,22695,30
13.032500267,80.2674331665,23564,23584,20
13.0334796906,80.2678375244,23604,23624,20
13.0259199142,80.2657318115,24987,25017,30
13.0065603256,80.2576370239,25350,25370,20
13.0154800415,80.2249832153,26057,26077,20
13.0342998505,80.2304000854,26461,26481,20
13.033829689,80.2304382324,27682,27702,20
13.0241003036,80.2284393311,28005,28025,20
13.0070400238,80.2397232056,28399,28429,30
13.0068798065,80.2406997681,28449,28469,20
13.0068998337,80.2493972778,28762,28792,30
13.0334300995,80.267791748,29529,29559,30
13.015999794,80.2596588135,30962,30983,21
13.0065498352,80.2416000366,31790,31810,20
13.0150995255,80.224647522,32164,32194,30
13.0219898224,80.2261962891,32396,32416,20
13.0236597061,80.2276611328,32456,32476,20
13.0285196304,80.2308883667,32638,32668,30
13.0334396362,80.230430603,33112,33133,21
13.0239601135,80.2282485962,33678,33708,30
13.0141897202,80.2263336182,33879,33900,21
13.0083398819,80.2332611084,34142,34162,20
13.0078601837,80.2353668213,34334,34354,20
13.0067300797,80.2441635132,34970,35000,30
13.0068998337,80.2495574951,35081,35111,30
13.0069198608,80.2510681152,35141,35161,20
13.0077600479,80.2586975098,35323,35343,20
13.012840271,80.2590637207,35454,35474,20
13.0150203705,80.259147644,35585,35605,20
13.0334396362,80.2677612305,36261,36282,21
13.0298700333,80.2665481567,37119,37140,21
13.0252103806,80.2653198242,37331,37351,20
13.0221004486,80.263381958,37402,37432,30
13.0229501724,80.2269897461,39491,39511,20
13.0325202942,80.2305603027,39784,39804,20
13.0327997208,80.2305297852,39814,39844,30
13.034620285,80.2300491333,39915,39945,30
13.0340995789,80.2303390503,40258,40278,20
13.0298204422,80.2308578491,40531,40551,20
13.0239601135,80.2283172607,40945,40965,20
13.0068302155,80.2494125366,41772,41792,20
13.0066404343,80.2568588257,41934,41954,20
13.0076704025,80.2585830688,41984,42004,20
13.0291595459,80.2660064697,42569,42590,21
13.0290803909,80.2662963867,42590,42620,30
13.0335798264,80.267791748,42721,42741,20
13.0326404572,80.2676391602,43306,43326,20
13.016169548,80.2597579956,43720,43740,20
13.0065803528,80.2529678345,44063,44083,20
13.0154695511,80.2249221802,44820,44840,20
13.0197696686,80.2245407104,44901,44931,30
13.0276203156,80.2310180664,45173,45194,21
13.0280399323,80.23097229,45204,45234,30
13.0299701691,80.2308273315,45698,45718,20
13.0271997452,80.2329025269,45809,45830,21
13.0261802673,80.2322387695,45880,45910,30
13.0199098587,80.2248764038,46072,46092,20
13.0070199966,80.2395019531,46486,46516,30
13.0066204071,80.245010376,46677,46697,20
13.0066299438,80.2451934814,46697,46718,21
13.0066604614,80.2454681396,46718,46738,20
13.0068597794,80.249458313,46798,46819,21
13.0068101883,80.2509307861,46839,46869,30
13.0164804459,80.259727478,47152,47172,20
13.0310096741,80.2667770386,47899,47919,20
13.0319595337,80.2671737671,47939,47959,20
13.0324602127,80.2674179077,47979,47999,20
13.0345201492,80.2680282593,48181,48201,20
13.0338602066,80.2679519653,48282,48302,20
13.0336503983,80.267906189,48302,48322,20
13.0328197479,80.2677307129,48403,48423,20
13.0326299667,80.2676391602,48423,48443,20
13.0320396423,80.2672805786,48464,48484,20
13.0305595398,80.2667770386,48605,48635,30
13.0268201828,80.2655029297,49877,49897,20
13.0269002914,80.2656021118,49897,49927,30
13.0264902115,80.2653884888,51158,51179,21
13.0253801346,80.2654418945,51431,51451,20
13.0160799026,80.2596893311,51673,51693,20
13.0065498352,80.2576980591,51895,51915,20
13.0066299438,80.2482376099,52137,52157,20
13.0066795349,80.2403717041,52390,52410,20
13.0073795319,80.2367782593,52460,52481,21
13.011349678,80.2231521606,52672,52702,30
13.0155601501,80.2250213623,52793,52814,21
13.0197000504,80.2245330811,52873,52894,21
13.0219497681,80.2261810303,52945,52965,20
13.0258798599,80.2307510376,53066,53086,20
13.0284500122,80.2309036255,53126,53147,21
13.0293397903,80.2307891846,53167,53187,20
13.0348396301,80.2302627563,53278,53308,30
13.0341596603,80.2301635742,53540,53560,20
13.0340995789,80.2302627563,53570,53591,21
13.0066699982,80.2459106445,54600,54620,20
13.0068302155,80.2495193481,54671,54691,20
13.0163898468,80.2596588135,54983,55004,21
13.0222797394,80.2634811401,55135,55155,20
13.0264596939,80.2641296387,55306,55327,21
13.0281295776,80.2637634277,55367,55387,20
13.0314598083,80.2670135498,55518,55548,30
13.0322799683,80.2673492432,55660,55680,20
13.0342998505,80.2679977417,56164,56185,21
13.0331201553,80.2621688843,56417,56437,20
13.0187902451,80.2617263794,57739,57769,30
13.0160903931,80.2596969604,57850,57870,20
13.0073795319,80.2370376587,58738,58758,20
13.0077800751,80.2351608276,58789,58809,20
13.0155801773,80.2250823975,59041,59061,20
13.0259304047,80.2307510376,59364,59383,19
13.0341796875,80.2302474976,59909,59929,20
13.0240497589,80.2283935547,60343,60363,20
13.0145101547,80.2261962891,60535,60565,30
13.0082197189,80.2336883545,60686,60706,20
13.0066900253,80.2568664551,61221,61251,30
13.016500473,80.2597427368,61413,61433,20
13.0292301178,80.2662963867,61908,61928,20
13.0323295593,80.2673492432,62029,62059,30
13.0328702927,80.2677001953,63028,63048,20
13.0317401886,80.2671279907,63089,63119,30
13.0253000259,80.2653579712,63472,63492,20
13.0221996307,80.2634811401,63563,63583,20
13.016119957,80.2597427368,63745,63765,20
13.0100402832,80.2593231201,63846,63866,20
13.0074300766,80.2367782593,64835,64855,20
13.0077400208,80.2354202271,64885,64905,20
13.0220098495,80.2262420654,65309,65339,30
13.0284004211,80.2309494019,65531,65551,20
13.0297803879,80.2308120728,65592,65612,20
13.0269298553,80.2330703735,66934,66954,20
13.0143203735,80.2263183594,67298,67318,20
13.0080404282,80.2343978882,67631,67651,20
13.0068702698,80.2496185303,68227,68247,20
13.0068302155,80.2506027222,68268,68298,30
13.0066404343,80.256149292,68379,68399,20
13.0076904297,80.258682251,68449,68469,20
13.020190239,80.2626876831,68732,68752,20
13.0219497681,80.2633666992,68792,68813,21
13.0292301178,80.2660675049,69105,69126,21
13.0161600113,80.2597885132,70256,70276,20
13.0066604614,80.2578964233,70488,70508,20
13.0064601898,80.2532806396,70609,70629,20
13.0065402985,80.2467727661,71064,71094,30
13.0073204041,80.2369232178,71356,71376,20
13.0154600143,80.2250518799,71730,71750,20
13.0343999863,80.2304077148,72406,72436,30
13.0299797058,80.2308197021,73102,73123,21
13.0239400864,80.2283935547,73425,73446,21
13.0067396164,80.2472229004,73991,74011,20
13.006819725,80.2494506836,74041,74061,20
13.0260400772,80.2658615112,74617,74647,30
13.0292701721,80.2658004761,74839,74859,20
13.0333499908,80.267791748,74970,74990,20
13.0344800949,80.2680130005,75030,75051,21
13.0252199173,80.2653884888,75959,75979,20
13.0221204758,80.2635421753,76060,76080,20
13.0160398483,80.2597503662,76211,76232,21
13.0064601898,80.2533493042,76575,76595,20
13.0112600327,80.2232589722,77130,77150,20
13.0336103439,80.2304611206,78089,78119,30
13.0268602371,80.2329788208,78331,78351,20
13.0246295929,80.2291793823,78412,78442,30
13.01445961,80.2262115479,78634,78654,20
13.0344495773,80.2679977417,79987,80007,20
13.026550293,80.2661972046,84186,84216,30
13.0263795853,80.2663192749,84216,84246,30
13.0494604111,80.2068328857,20883,20904,21
13.0683498383,80.207359314,21216,21237,21
13.069560051,80.2048110962,21792,21812,20
13.0561199188,80.2115936279,22014,22030,16
13.0338401794,80.2120666504,22354,22370,16
13.0095396042,80.2222213745,23251,23267,16
12.9763803482,80.2217788696,23774,23794,20
12.9816398621,80.2334823608,23976,23996,20
12.9799098969,80.252243042,26004,26024,20
12.9768104553,80.2197418213,26589,26605,16
12.9838600159,80.2178268433,26668,26688,20
13.0029602051,80.2120895386,27003,27023,20
13.0150203705,80.2046737671,27386,27402,16
13.054479599,80.2114181519,28073,28103,30
13.0686702728,80.2068405151,28274,28295,21
13.0692501068,80.205078125,28375,28396,21
13.0690402985,80.2054367065,28406,28436,30
13.0688400269,80.204750061,28728,28749,21
13.0696496964,80.2048034668,28779,28809,30
13.0357103348,80.212310791,29415,29435,20
13.0311203003,80.2094116211,29637,29667,30
13.0300197601,80.2091217041,29697,29713,16
13.0123300552,80.2210083008,30839,30856,17
13.0154104233,80.2255096436,30928,30948,20
13.0151500702,80.2258834839,30969,30989,20
12.9974002838,80.2165374756,31334,31354,20
12.9953603745,80.2169189453,31395,31415,20
12.9839496613,80.2179794312,31606,31627,21
12.9756803513,80.2204284668,31838,31855,17
12.982049942,80.2323608398,32178,32198,20
12.9813203812,80.239616394,32389,32406,17
12.9813804626,80.2428207397,32479,32499,20
12.9801197052,80.2522201538,32610,32631,21
12.9879302979,80.2535171509,33145,33175,30
12.9873199463,80.2593612671,33317,33347,30
12.9798898697,80.2524795532,35091,35121,30
12.9813604355,80.2434005737,35282,35302,20
12.9813299179,80.2381210327,35444,35464,20
12.981300354,80.2373123169,35484,35500,16
12.981470108,80.2337188721,35532,35553,21
12.9816503525,80.2333679199,35563,35582,19
12.9827203751,80.2178421021,36037,36053,16
12.9944295883,80.2173995972,36237,36267,30
12.995759964,80.2166366577,36297,36317,20
12.9975404739,80.2160797119,36478,36498,20
13.0036497116,80.2119064331,36619,36649,30
13.0074100494,80.2097930908,36760,36781,21
13.028459549,80.2085494995,37265,37281,16
13.0349702835,80.2107086182,37434,37452,18
13.054479599,80.2114028931,38031,38051,20
13.0673704147,80.2086105347,38252,38273,21
13.0693397522,80.2047195435,38565,38586,21
13.0529003143,80.2118911743,38949,38979,30
13.0494699478,80.2121429443,39322,39342,20
13.0444698334,80.2124023438,39423,39439,16
13.0349597931,80.2122573853,39624,39644,20
13.0342998505,80.2121810913,39664,39684,20
13.0339002609,80.2120895386,39695,39723,28
13.03083992,80.2093505859,39813,39834,21
13.0294303894,80.2089080811,39874,39894,20
13.0282497406,80.2085494995,39914,39931,17
13.0192298889,80.2063674927,40043,40064,21
12.9975996017,80.2165374756,41073,41094,21
12.9763698578,80.2216567993,41578,41598,20
12.9803104401,80.2282791138,41719,41736,17
12.9813404083,80.2427597046,41970,41990,20
12.9800796509,80.252243042,42101,42121,20
12.9820299149,80.2525787354,42172,42202,30
12.9873800278,80.2590103149,42737,42767,30
12.9871997833,80.2596511841,42807,42827,20
12.9813604355,80.2415008545,44008,44028,20
12.9813203812,80.2385025024,44139,44155,16
12.9753704071,80.2206420898,44561,44581,20
12.9775400162,80.2195968628,44621,44637,16
12.9975004196,80.2161026001,44963,44984,21
13.0072202682,80.2098236084,45227,45257,30
13.0215597153,80.2062606812,45630,45646,16
13.0299396515,80.2089920044,45738,45760,22
13.0349302292,80.2112579346,45892,45912,20
13.0364303589,80.2122802734,45972,45992,20
13.0493497849,80.2119598389,46295,46315,20
13.0543203354,80.2114486694,46406,46436,30
13.0692901611,80.2049636841,46729,46745,16
13.0573396683,80.2116012573,47867,47883,16
13.054599762,80.2115402222,47905,47926,21
13.043129921,80.2124023438,48158,48174,16
13.0342102051,80.2121124268,48347,48368,21
13.024889946,80.2070236206,48569,48585,16
13.0129699707,80.2077178955,48800,48817,17
13.009469986,80.2110366821,49041,49061,20
13.009180069,80.2110900879,49071,49091,20
13.0009098053,80.2181625366,49565,49581,16
12.9869003296,80.2182235718,49805,49821,16
12.9758396149,80.2210998535,49995,50014,19
12.9762401581,80.2215881348,50035,50055,20
12.9820098877,80.2319488525,50257,50273,16
12.9807195663,80.2495422363,50548,50564,16
12.9800901413,80.2524185181,50576,50594,18
12.987279892,80.2593765259,51060,51081,21
12.9872102737,80.2596588135,51091,51121,30
12.9873399734,80.2584228516,53462,53482,20
12.9832801819,80.2525787354,53734,53750,16
12.9799003601,80.2522735596,53770,53794,24
12.9813499451,80.2427978516,53925,53945,20
13.0314798355,80.2093963623,55610,55630,20
13.0485200882,80.2119903564,55996,56016,20
13.0505800247,80.2119827271,56057,56073,16
13.0635099411,80.211479187,56266,56284,18
13.0681295395,80.2049484253,57426,57446,20
13.069029808,80.2047195435,57476,57496,20
13.0694303513,80.2047576904,57517,57547,30
13.051320076,80.2122802734,57849,57878,29
13.0440502167,80.2124404907,58050,58070,20
13.025270462,80.2070465088,58466,58482,16
12.9969301224,80.2165374756,59646,59666,20
12.9755401611,80.2206192017,60100,60130,30
12.976269722,80.2217025757,60180,60200,20
12.9814100266,80.2426986694,60564,60584,20
12.9807395935,80.2494888306,60665,60681,16
12.980099678,80.2523498535,60693,60712,19
12.9870595932,80.2591629028,62147,62177,30
12.9799098969,80.2522735596,62742,62762,20
12.9816398621,80.2333831787,63136,63156,20
12.9757900238,80.2211380005,63438,63459,21
12.9874000549,80.2182693481,63681,63701,20
12.9876203537,80.2183532715,63711,63727,16
12.9975404739,80.2161331177,63870,63891,21
13.0036001205,80.2119903564,64022,64042,20
13.0062303543,80.2095870972,64203,64223,20
13.0074396133,80.2098388672,64254,64274,20
13.0072803497,80.2036209106,64435,64452,17
13.0185804367,80.205871582,64636,64656,20
13.0257501602,80.2071685791,64777,64798,21
13.0540895462,80.2114868164,65615,65635,20
13.0575895309,80.2114181519,65696,65716,20
13.0627803802,80.2116012573,65786,65803,17
13.0495100021,80.2122421265,67393,67423,30
13.0307502747,80.2093582153,68028,68048,20
13.0297298431,80.2090377808,68068,68088,20
13.0012998581,80.218460083,69642,69672,30
12.999879837,80.2175598145,69804,69834,30
12.999540329,80.2173309326,69834,69854,20
12.9979600906,80.2166290283,69955,69985,30
12.9961204529,80.2166366577,70066,70086,20
12.9784803391,80.2191390991,70481,70504,23
12.9755001068,80.2206726074,70526,70545,19
12.9812602997,80.2387008667,71062,71082,20
12.9810199738,80.2460708618,71264,71280,16
12.9800395966,80.2524032593,71332,71351,19
12.9877796173,80.2518463135,73209,73229,20
12.9798402786,80.2523498535,73391,73421,30
12.9812803268,80.242980957,73562,73582,20
12.9815797806,80.2333297729,73774,73795,21
12.9806604385,80.2291183472,73926,73947,21
12.9753103256,80.2205963135,74249,74270,21
12.9974603653,80.2161483765,74724,74744,20
13.0150003433,80.2046279907,75357,75378,21
13.016960144,80.2051620483,75418,75434,16
13.0186195374,80.2059173584,75446,75467,21
13.0317201614,80.2094726563,75689,75710,21
13.0484304428,80.2120819092,76113,76133,20
13.0542602539,80.2114715576,76214,76234,20
13.0546398163,80.2116470337,77193,77213,20
13.050740242,80.2122268677,77284,77304,20
12.996919632,80.256149292,23797,23817,20
13.0066204071,80.2465667725,24150,24170,20
13.029250145,80.2308273315,24806,24822,16
13.0413198471,80.1972198486,25916,25936,20
13.0493402481,80.2108306885,26329,26345,16
13.0496501923,80.2121582031,26892,26913,21
13.0397500992,80.1932983398,27437,27457,20
13.0397500992,80.1932983398,27457,27474,17
13.0305404663,80.2092819214,28020,28037,17
13.0303201675,80.2287063599,28625,28641,16
13.0307598114,80.2306213379,28662,28683,21
13.0246896744,80.2291793823,28875,28895,20
13.0239601135,80.2282562256,28915,28936,21
13.0141897202,80.2263793945,29117,29133,16
13.0077600479,80.2359619141,29327,29347,20
13.0067396164,80.2457962036,29700,29721,21
13.0067501068,80.2463378906,29751,29767,16
13.0066795349,80.2572021484,29961,29991,30
13.0029001236,80.2567825317,30051,30068,17
13.0003299713,80.2663497925,31240,31260,20
12.9956598282,80.2674331665,31371,31391,20
12.9988002777,80.2559890747,31724,31745,21
13.0063199997,80.2574081421,31876,31896,20
13.0063199997,80.2574081421,31896,31912,16
13.0064601898,80.2532119751,31964,31985,21
13.0065402985,80.2523803711,32015,32034,19
13.0066299438,80.246963501,32318,32338,20
13.0065698624,80.2464981079,32348,32368,20
13.0073404312,80.2374420166,32570,32586,16
13.007399559,80.2369232178,32586,32608,22
13.0156002045,80.225151062,32941,32961,20
13.0193500519,80.2243118286,33022,33052,30
13.0241098404,80.2281417847,33183,33203,20
13.0257101059,80.2303009033,33274,33304,30
13.0306997299,80.2307662964,33504,33524,20
13.0311899185,80.2232131958,33787,33807,20
13.0314397812,80.2094192505,34333,34354,21
13.0352497101,80.2088928223,34424,34444,20
13.0354995728,80.2056808472,34505,34521,16
13.0362501144,80.2016067505,34594,34614,20
13.038769722,80.1928634644,34846,34865,19
13.0410604477,80.1992416382,35048,35068,20
13.0408802032,80.2005233765,35088,35104,16
13.0467100143,80.2121429443,35508,35528,20
13.0468997955,80.2121429443,35528,35549,21
13.0470504761,80.2118606567,35559,35579,20
13.049079895,80.2068481445,35751,35767,16
13.0492897034,80.206817627,35767,35787,20
13.0496797562,80.2105407715,36122,36142,20
13.0495100021,80.2121734619,36536,36566,30
13.0409097672,80.2051010132,36869,36885,16
13.0363197327,80.2018203735,37401,37422,21
13.0312700272,80.2094497681,37734,37750,16
13.0303602219,80.2282104492,38368,38384,16
13.0279598236,80.2309570313,38618,38634,16
13.0239801407,80.2282791138,38939,38959,20
13.0202903748,80.2250976563,39040,39060,20
13.0082502365,80.2336120605,39282,39302,20
13.0079298019,80.2348937988,39353,39373,20
13.0078802109,80.2351226807,39373,39393,20
13.0067195892,80.2422180176,39595,39615,20
13.0066204071,80.2548370361,39857,39877,20
13.0030202866,80.2568206787,39998,40028,30
12.9977197647,80.2559967041,40240,40261,21
12.9977197647,80.257019043,40351,40367,16
12.9976701736,80.2562637329,40679,40699,20
12.9976797104,80.2560424805,40699,40720,21
12.9961996078,80.2677078247,40992,41012,20
13.0000896454,80.2665405273,41073,41093,20
12.995639801,80.2673721313,41918,41938,20
13.0046796799,80.2570495605,42432,42449,17
13.0066299438,80.2408676147,42975,43005,30
13.0074100494,80.2367706299,43076,43096,20
13.0174798965,80.2249603271,43459,43475,16
13.0192699432,80.2243118286,43488,43506,18
13.0241699219,80.2282485962,43621,43641,20
13.025270462,80.2296905518,43712,43742,30
13.0284004211,80.2308807373,43863,43883,20
13.0309295654,80.2243270874,44226,44242,16
13.0321397781,80.2198181152,44325,44345,20
13.0310001373,80.2101974487,44587,44608,21
13.030090332,80.2094497681,44638,44668,30
13.0385303497,80.1928405762,45117,45137,20
13.0467996597,80.2121963501,45662,45682,20
13.0470399857,80.2121963501,45692,45722,30
13.0489196777,80.2072982788,45904,45924,20
13.0391998291,80.1969299316,46842,46858,16
13.0397195816,80.1931991577,46911,46931,20
13.0367698669,80.1986083984,47082,47102,20
13.0354003906,80.2082138062,47284,47314,30
13.0327596664,80.2119064331,47425,47445,20
13.0303201675,80.2091674805,47536,47566,30
13.031129837,80.223777771,48020,48037,17
13.0304098129,80.2307662964,48311,48327,16
13.0268697739,80.2329711914,48439,48458,19
13.0144100189,80.2262191772,48743,48763,20
13.0067100525,80.2462768555,49288,49308,20
13.0067796707,80.2512512207,49388,49409,21
13.0065603256,80.2549362183,49459,49479,20
12.9968099594,80.2568817139,49974,49991,17
12.9961500168,80.2676773071,50155,50175,20
13.0001096725,80.2665405273,50226,50246,20
13.0003004074,80.2657012939,50286,50306,20
12.9991703033,80.2560806274,51013,51033,20
13.0063199997,80.2576370239,51235,51255,20
13.0064897537,80.2543869019,51305,51325,20
13.0069303513,80.239112854,51941,51957,16
13.0121803284,80.2214126587,52241,52258,17
13.0154695511,80.2249832153,52319,52340,21
13.0193195343,80.224281311,52391,52411,20
13.0284004211,80.2309494019,52623,52643,20
13.0291595459,80.2308502197,52653,52683,30
13.0298595428,80.227432251,52815,52845,30
13.0321397781,80.2197418213,53107,53137,30
13.0315904617,80.2094116211,53521,53541,20
13.0352497101,80.2086410522,53612,53642,30
13.0362596512,80.2014923096,53803,53823,20
13.0386800766,80.1928710938,54005,54025,20
13.0416898727,80.1940994263,54106,54122,16
13.0470199585,80.2118911743,54537,54559,22
13.0488195419,80.2069320679,54700,54730,30
13.0442695618,80.2123413086,55356,55386,30
13.0440797806,80.2089080811,55437,55457,20
13.0392999649,80.1966629028,55749,55769,20
13.0394897461,80.1929702759,55840,55856,16
13.0363197327,80.2016677856,56091,56107,16
13.0300998688,80.209487915,56452,56473,21
13.0271997452,80.2330169678,57200,57230,30
13.0079097748,80.2350997925,57674,57690,16
13.0068397522,80.2407531738,57803,57824,21
13.0068798065,80.2493667603,57955,57975,20
12.9996004105,80.2563323975,58500,58530,30
12.9968500137,80.2569198608,58600,58621,21
12.9960603714,80.2677307129,58782,58802,20
12.9959001541,80.2650909424,60275,60291,16
12.998749733,80.2560424805,60495,60515,20
13.0050401688,80.2571487427,60670,60690,20
13.0066003799,80.2464981079,60982,61003,21
13.0074195862,80.2366867065,61214,61235,21
13.0104799271,80.2252578735,61386,61406,20
13.0193195343,80.2242889404,61648,61668,20
13.0194797516,80.2244110107,61668,61689,21
13.0284996033,80.2309799194,61860,61880,20
13.0388202667,80.1928710938,63222,63242,20
13.0399904251,80.1930923462,63273,63289,16
13.0488595963,80.2070922852,64068,64098,30
13.0495300293,80.2121810913,65268,65289,21
13.0440797806,80.2090835571,65500,65521,21
13.0369501114,80.1977233887,66096,66112,16
13.0363397598,80.2017364502,66184,66205,21
13.0357904434,80.2057418823,66275,66295,20
13.0354404449,80.2082595825,66336,66356,20
13.0324401855,80.2118530273,66477,66507,30
13.0321998596,80.220199585,67012,67032,20
13.0306301117,80.2303390503,67425,67446,21
13.026260376,80.2326812744,67708,67738,30
13.0243501663,80.2286987305,67859,67875,16
13.0140199661,80.2262878418,68111,68132,21
13.0081996918,80.2335205078,68253,68283,30
13.007900238,80.2348403931,68323,68344,21
13.0067195892,80.2462387085,68798,68818,20
13.0067195892,80.2478637695,68848,68864,16
12.9960002899,80.2676391602,69764,69784,20
12.9979600906,80.2673721313,69835,69851,16
12.995639801,80.2673110962,70761,70781,20
12.9961500168,80.2625808716,70852,70882,30
12.9962100983,80.26197052,70892,70912,20
12.9966201782,80.258392334,70993,71013,20
12.9987602234,80.2559585571,71195,71225,30
13.007349968,80.2370529175,71952,71968,16
13.024020195,80.2280426025,72434,72454,20
13.030090332,80.2091827393,73806,73826,20
13.0354795456,80.2069702148,73978,73994,16
13.0355195999,80.2053222656,74016,74036,20
13.0362596512,80.201461792,74107,74127,20
13.0367202759,80.1984405518,74178,74198,20
13.0394001007,80.1929321289,74349,74365,16
13.0410203934,80.1993408203,74519,74549,30
13.0410203934,80.1993408203,74549,74567,18
13.0469198227,80.2121276855,74993,75013,20
13.0488595963,80.20703125,75205,75235,30
13.0499897003,80.2118606567,76335,76365,30
13.0496397018,80.2121887207,76395,76414,19
13.0444002151,80.2123794556,76496,76526,30
13.0371799469,80.1959609985,77021,77040,19
13.0307397842,80.210067749,77526,77547,21
13.0301599503,80.2274627686,78172,78192,20
13.0067396164,80.2514572144,79159,79189,30
13.0065698624,80.2570571899,79270,79290,20
12.9977502823,80.2560195923,79492,79512,20
13.0989303589,80.240737915,20535,20555,20
13.1002998352,80.2146224976,22261,22281,20
13.0823202133,80.2335968018,22736,22756,20
13.0740804672,80.2523880005,23149,23165,16
13.0502996445,80.2403869629,23804,23820,16
13.0451602936,80.2326202393,23994,24015,21
13.0335597992,80.230430603,24227,24243,16
13.0198497772,80.2247161865,24537,24558,21
13.0143203735,80.2262573242,24638,24655,17
13.0066204071,80.254989624,25091,25111,20
13.0002002716,80.2563476563,25212,25232,20
12.9968595505,80.2569732666,25323,25343,20
13.0002698898,80.2664108276,27332,27352,20
12.9962701797,80.262512207,27523,27544,21
12.9988698959,80.2560501099,27743,27764,21
13.0063400269,80.2574462891,27855,27875,20
13.0066795349,80.2468795776,28196,28216,20
13.0069599152,80.2394638062,28357,28373,16
13.0153799057,80.2248764038,28648,28668,20
13.0219202042,80.2260894775,28759,28779,20
13.0274600983,80.2310409546,28931,28947,16
13.0342102051,80.2304534912,29050,29070,20
13.0341997147,80.237197876,29242,29258,16
13.0699796677,80.2421417236,30105,30126,21
13.0764598846,80.2374267578,30572,30592,20
13.0758304596,80.2342529297,30643,30673,30
13.0982599258,80.2144622803,31339,31369,30
13.0983800888,80.2142410278,31390,31420,30
13.0988397598,80.2140808105,32560,32581,21
13.0911397934,80.2276992798,32833,32853,20
13.0888204575,80.2309188843,32934,32954,20
13.0823602676,80.2336502075,33247,33267,20
13.0795001984,80.2334899902,33318,33338,20
13.0760002136,80.2339019775,33388,33408,20
13.0764799118,80.2372436523,33469,33499,30
13.0693502426,80.2433700562,34163,34184,21
13.0678100586,80.2465591431,34396,34416,20
13.0634202957,80.2438964844,34628,34644,16
13.0586996078,80.2425994873,34716,34737,21
13.0537004471,80.2421722412,34840,34870,30
13.0451602936,80.2326126099,35203,35233,30
13.0239801407,80.2281799316,35948,35968,20
13.0141401291,80.2263565063,36109,36130,21
13.013250351,80.2266769409,36150,36166,16
13.0089998245,80.2295379639,36228,36248,20
13.008939743,80.2298736572,36259,36289,30
13.0082702637,80.2334823608,36430,36451,21
13.0078496933,80.2352523804,36491,36511,20
13.0078496933,80.2352523804,36511,36527,16
13.0068798065,80.2497024536,37024,37044,20
13.0068502426,80.2510375977,37064,37084,20
13.0026702881,80.2567214966,37306,37323,17
12.9962100983,80.2623825073,37588,37608,20
12.9957399368,80.2675933838,37689,37705,16
12.9962100983,80.2626800537,38669,38689,20
12.9965400696,80.2598419189,38740,38756,16
12.9986000061,80.2559661865,38940,38960,20
13.0065402985,80.2524490356,39323,39339,16
13.0067596436,80.2403030396,39957,39973,16
13.032959938,80.2305526733,40884,40914,30
13.0397396088,80.2398071289,41297,41318,21
13.0403900146,80.2403030396,41378,41398,20
13.058549881,80.2425537109,41933,41949,16
13.065369606,80.2435379028,42074,42104,30
13.0689601898,80.242477417,42175,42195,20
13.0700101852,80.2420806885,42225,42245,20
13.0860204697,80.2344436646,44255,44271,16
13.0838098526,80.2338867188,44302,44324,22
13.082449913,80.2336120605,44354,44375,21
13.0762195587,80.2363586426,44536,44563,27
13.0676803589,80.2464599609,45205,45225,20
13.0617198944,80.2466201782,45346,45362,16
13.0571403503,80.2427978516,45567,45597,30
13.0537996292,80.2422790527,45708,45724,16
13.0519599915,80.2407989502,45757,45786,29
13.048210144,80.2399597168,45928,45948,20
13.0450801849,80.2326202393,46120,46140,20
13.0367698669,80.2307434082,46241,46261,20
13.0342903137,80.2303924561,46332,46352,20
13.034119606,80.2304000854,46352,46372,20
13.0312299728,80.2306213379,46433,46463,30
13.0260601044,80.2316131592,46724,46744,20
13.0123596191,80.2270202637,46996,47012,16
13.0071001053,80.2388381958,47166,47196,30
13.007109642,80.2389984131,47196,47216,20
13.0065898895,80.2438735962,47388,47418,30
13.0064401627,80.256439209,48183,48199,16
13.0065002441,80.2528076172,48252,48282,30
13.0067901611,80.2496566772,48332,48352,20
13.0066299438,80.2454376221,48524,48544,20
13.0066204071,80.244972229,48564,48585,21
13.007399559,80.2369613647,48736,48766,30
13.0154304504,80.2249221802,49029,49049,20
13.019659996,80.2245635986,49109,49130,21
13.0217199326,80.2260284424,49170,49186,16
13.0259504318,80.2310791016,49312,49335,23
13.0284004211,80.2309036255,49368,49388,20
13.0342702866,80.2304077148,49560,49580,20
13.034119606,80.2370300293,49860,49881,21
13.0601100922,80.2427597046,50497,50517,20
13.0603399277,80.2428436279,50517,50538,21
13.0983200073,80.2143173218,51931,51961,30
13.0911598206,80.2276382446,52758,52778,20
13.0763397217,80.2367401123,53152,53172,20
13.0771503448,80.2403182983,53495,53515,20
13.0766601563,80.2519607544,53798,53814,16
13.0532798767,80.2419662476,54452,54472,20
13.0532798767,80.2419662476,54472,54488,16
13.0269498825,80.232963562,55169,55189,20
13.0236997604,80.2279129028,55310,55326,16
13.0142297745,80.2262573242,55459,55479,20
13.008769989,80.2303390503,55560,55576,16
13.0069198608,80.2400512695,55679,55699,20
13.0067796707,80.2509307861,55845,55865,20
13.0065803528,80.2576065063,56396,56416,20
13.0065898895,80.2467880249,56639,56669,30
13.0066795349,80.240562439,56773,56803,30
13.0073900223,80.236869812,56855,56875,20
13.021900177,80.2261199951,57272,57291,19
13.0444402695,80.2406768799,58121,58151,30
13.0540800095,80.2422790527,58414,58434,20
13.0615596771,80.2431793213,58605,58621,16
13.0624799728,80.2433776855,58621,58642,21
13.0764398575,80.2374572754,59099,59129,30
13.0757598877,80.2340698242,59180,59210,30
13.0801496506,80.233581543,59311,59331,20
13.0972499847,80.2168197632,59869,59889,20
13.098279953,80.2143783569,59930,59960,30
13.0911502838,80.2276763916,61313,61333,20
13.0837602615,80.2338790894,61576,61592,16
13.0765104294,80.2373504639,61796,61816,20
13.0586395264,80.2425918579,62775,62791,16
13.0453395844,80.2325973511,63278,63298,20
13.0366096497,80.2306365967,63419,63439,20
13.0297698975,80.2308273315,63682,63712,30
13.0082597733,80.2335510254,64247,64267,20
13.0074501038,80.2373504639,64368,64388,20
13.0070295334,80.2396774292,64439,64469,30
13.0066003799,80.2548370361,64903,64923,20
12.9971399307,80.2559585571,65246,65266,20
12.9968500137,80.2570266724,65297,65327,30
12.9962396622,80.2677764893,65529,65549,20
13.0002698898,80.2663803101,65870,65900,30
12.9960298538,80.2644729614,66062,66078,16
12.9962396622,80.2626190186,66078,66098,20
12.9968795776,80.2561035156,66211,66234,23
12.9988002777,80.256111145,66267,66287,20
13.0065202713,80.2533874512,66669,66691,22
13.0065803528,80.2466812134,67054,67074,20
13.0073900223,80.2369995117,67418,67438,20
13.0103397369,80.2256622314,67730,67751,21
13.0218801498,80.2261428833,68074,68094,20
13.0281400681,80.2310714722,68346,68366,20
13.0318403244,80.2307434082,68477,68494,17
13.0342798233,80.2305603027,68607,68627,20
13.0539703369,80.2423095703,69424,69445,21
13.0621299744,80.2433624268,69667,69687,20
13.0658597946,80.2435531616,69937,69967,30
13.0678100586,80.2428817749,70018,70038,20
13.0764799118,80.2379074097,70321,70341,20
13.0757598877,80.2342834473,70432,70462,30
13.0913000107,80.2274398804,70977,70997,20
13.09815979,80.2146911621,71320,71350,30
13.0985898972,80.2140808105,72521,72541,20
13.0924596786,80.2262573242,72723,72739,16
13.0606899261,80.2429275513,74084,74100,16
13.0569000244,80.2428207397,74163,74193,30
13.0536699295,80.2422409058,74253,74274,21
13.0529603958,80.2418823242,74324,74340,16
13.0472202301,80.2330474854,74575,74595,20
13.0451498032,80.2326431274,74625,74645,20
13.0361795425,80.2305679321,74766,74782,16
13.0354499817,80.2303771973,74782,74805,23
13.0340595245,80.2304534912,74855,74875,20
13.0266504288,80.2330322266,75128,75144,16
13.0066003799,80.245262146,75711,75727,16
12.9996404648,80.2563018799,76165,76195,30
13.0002403259,80.266456604,76639,76659,20
13.0199098587,80.2247924805,78105,78121,16
13.0258998871,80.2311630249,78234,78254,20
13.0344200134,80.2304077148,78507,78527,20
13.0346603394,80.2303695679,78527,78547,20
13.0348997116,80.2305679321,78567,78597,30
13.0655002594,80.2435531616,79405,79425,20
13.0685901642,80.2425765991,79486,79502,16
13.087679863,80.2345275879,80019,80035,16
13.0974397659,80.2421417236,80927,80943,16
13.0142097473,80.2258834839,21734,21764,30
13.0115003586,80.222869873,21935,21951,16
12.9973497391,80.2163391113,22286,22306,20
12.9838399887,80.2225723267,22548,22568,20
12.9764299393,80.2212371826,22709,22725,16
12.9172401428,80.1913604736,23736,23757,21
12.9231996536,80.1205215454,24684,24704,20
12.923500061,80.154800415,26065,26085,20
12.929479599,80.2027282715,26901,26921,20
12.9339504242,80.2038879395,27004,27024,20
12.9442796707,80.2083206177,27195,27216,21
12.9712295532,80.2189712524,27548,27578,30
12.976269722,80.2212524414,27800,27820,20
12.9903802872,80.2203979492,28141,28161,20
12.9942903519,80.217590332,28232,28248,16
12.9975700378,80.2160491943,28290,28310,20
13.0078201294,80.2130508423,28532,28562,30
13.0155801773,80.2250289917,28754,28774,20
13.0298595428,80.2307815552,29056,29072,16
13.0086603165,80.2136993408,32056,32076,20
13.0080604553,80.2132415771,32165,32185,20
13.0079202652,80.2131576538,32185,32204,19
12.9975795746,80.216178894,32400,32420,20
12.9908800125,80.2201385498,32640,32660,20
12.9763498306,80.2212905884,32983,33012,29
12.9755601883,80.2209701538,33072,33091,19
12.9711303711,80.2191925049,33163,33183,20
12.9706802368,80.2189331055,33203,33219,16
12.9303102493,80.20287323,33775,33792,17
12.9172697067,80.1912994385,34116,34146,30
12.92345047,80.1551437378,34600,34620,20
12.9224796295,80.1435394287,34892,34922,30
12.9231595993,80.1207733154,35275,35295,20
12.9232501984,80.1203994751,35305,35335,30
12.9234399796,80.1169509888,35396,35426,30
12.9224395752,80.1421966553,36502,36519,17
12.9225797653,80.1436004639,36541,36561,20
12.9233999252,80.1545791626,36702,36722,20
12.9198904037,80.1711425781,36934,36950,16
12.9171199799,80.193031311,37378,37398,20
12.9761600494,80.2211914063,38731,38761,30
12.981710434,80.2213668823,38843,38873,30
12.982919693,80.2218933105,38893,38916,23
13.0121803284,80.220703125,39552,39573,21
13.0217599869,80.226020813,39787,39809,22
13.022649765,80.2267913818,39821,39851,30
13.0239295959,80.2279205322,39902,39931,29
13.0260601044,80.231262207,40073,40093,20
13.0288696289,80.2308731079,40115,40145,30
13.0289096832,80.2308502197,40145,40166,21
13.0289096832,80.2308731079,40176,40196,20
13.0341100693,80.230430603,40428,40458,30
13.0199899673,80.224937439,42182,42202,20
12.9987897873,80.2150421143,48908,48924,16
13.007809639,80.2130203247,49057,49077,20
13.0149002075,80.2259902954,50376,50393,17
13.0141897202,80.2259597778,50758,50778,20
13.0242300034,80.2282791138,51131,51151,20
13.027879715,80.2324981689,51977,51993,16
13.0247602463,80.2292709351,52116,52136,20
13.0231399536,80.2274780273,52176,52198,22
13.0189399719,80.2244720459,52299,52317,18
13.0145797729,80.2261581421,52357,52380,23
12.9974098206,80.2163009644,53017,53034,17
12.9832201004,80.2221374512,53358,53378,20
12.976149559,80.221321106,53489,53519,30
12.9679203033,80.2177581787,53670,53686,16
12.9336500168,80.2039108276,54091,54112,21
12.9172401428,80.1912689209,54515,54535,20
12.9202604294,80.1841964722,54626,54656,30
12.9231700897,80.1204681396,55442,55472,30
12.9294595718,80.2027664185,57745,57765,20
12.9329395294,80.2036895752,57836,57852,16
12.9442596436,80.2083511353,58211,58231,20
12.9760799408,80.2212677002,58735,58765,30
12.9829702377,80.2220306396,58866,58886,20
12.9975099564,80.2160186768,59238,59259,21
12.9998598099,80.2141113281,59319,59335,16
13.0077800751,80.2130432129,59458,59487,29
13.024140358,80.2281723022,59881,59902,21
13.026049614,80.2316436768,61141,61161,20
13.0230998993,80.2274627686,61393,61423,30
13.0145597458,80.2262115479,61574,61595,21
12.9964704514,80.2165985107,62330,62350,20
12.9960203171,80.2166976929,62361,62391,30
12.9956302643,80.2167892456,62401,62421,20
12.9951496124,80.2170028687,62431,62461,30
12.9929504395,80.2186126709,62522,62538,16
12.9906797409,80.2202835083,62550,62570,20
12.9832201004,80.2221298218,62712,62742,30
12.9441604614,80.2083587646,63335,63355,20
12.9410600662,80.2060699463,63426,63446,20
12.9336900711,80.2039413452,63567,63587,20
12.9169998169,80.1935424805,64030,64051,21
12.9170303345,80.193321228,64051,64081,30
12.9172000885,80.1918487549,64111,64141,30
12.9172697067,80.1913528442,64151,64171,20
12.9172697067,80.1913528442,64171,64187,16
12.919960022,80.1828079224,64291,64313,22
12.9233903885,80.1551208496,64655,64675,20
12.9231395721,80.1208114624,65220,65240,20
12.9231901169,80.1205215454,65250,65270,20
12.9234104156,80.1169815063,65330,65351,21
12.9233102798,80.1212768555,65995,66015,20
12.9225502014,80.1431808472,66418,66438,20
12.9225902557,80.1433410645,66448,66464,16
12.9227800369,80.1517562866,66649,66679,30
12.9234199524,80.1547088623,66728,66749,21
12.9205999374,80.1851196289,67173,67193,20
12.9234600067,80.1975021362,67556,67572,16
12.9294700623,80.2028198242,67705,67725,20
12.9339704514,80.203956604,67816,67846,30
12.9400100708,80.205657959,67947,67977,30
12.9443798065,80.2084274292,68068,68088,20
12.9712200165,80.219039917,68531,68551,20
12.9941101074,80.2176895142,69237,69257,20
13.0149202347,80.2244796753,69892,69912,20
13.0212697983,80.2257537842,70073,70089,16
13.0243196487,80.2285232544,70313,70333,20
13.0275602341,80.2310333252,70563,70593,30
13.0314598083,80.2306976318,71611,71631,20
13.0266199112,80.2331008911,72002,72032,30
13.0249996185,80.2296218872,72103,72123,20
13.0230503082,80.2274627686,72194,72224,30
13.0220804214,80.2264709473,72254,72270,16
13.0109500885,80.2239990234,72514,72534,20
13.0088396072,80.2140426636,72716,72736,20
13.008310318,80.2134780884,72837,72867,30
12.9975795746,80.2161178589,73371,73391,20
12.997420311,80.2162628174,73391,73411,20
12.997209549,80.2165298462,73421,73441,20
12.9957799911,80.216796875,73492,73512,20
12.9907197952,80.2201919556,73653,73673,20
12.9760704041,80.2214431763,74006,74026,20
12.9754600525,80.2210006714,74096,74117,21
12.9336595535,80.2039794922,74792,74822,30
12.929400444,80.2028198242,74893,74913,20
12.9232702255,80.1549301147,75769,75789,20
12.922659874,80.1522521973,75830,75850,20
12.9231300354,80.1203384399,76303,76324,21
12.9233598709,80.1170196533,76374,76404,30
12.922369957,80.1423492432,77110,77140,30
12.9170799255,80.1930999756,77785,77805,20
12.9170799255,80.1930999756,77805,77821,16
12.9426803589,80.20728302,78261,78284,23
12.979180336,80.2210998535,78830,78846,16
13.0078201294,80.2130966187,79413,79433,20
13.0078201294,80.2130966187,79433,79449,16
13.02684021,80.2329788208,80438,80454,16
13.0143995285,80.2254714966,80739,80759,20
13.0682401657,80.2052078247,29728,29758,30
13.0596199036,80.2117233276,31747,31767,20
13.0540704727,80.2116470337,32343,32373,30
13.0531396866,80.2118988037,32534,32555,21
13.0385503769,80.2124099731,33019,33039,20
13.0342502594,80.2121276855,33150,33180,30
13.0342502594,80.2121276855,33180,33196,16
13.0321598053,80.2099533081,33249,33279,30
13.0193395615,80.2063980103,33600,33620,20
13.0187196732,80.2062530518,33640,33662,22
13.00963974,80.2108306885,34105,34126,21
13.0117101669,80.2194595337,34692,34708,16
12.9793300629,80.218421936,35899,35919,20
12.9756202698,80.2204208374,35980,36010,30
12.9758996964,80.2210464478,36141,36171,30
12.9759597778,80.2210388184,36373,36403,30
12.9759502411,80.2211380005,36494,36514,20
12.975979805,80.2211074829,36514,36544,30
12.9760704041,80.2212295532,36554,36574,20
12.9772796631,80.2212371826,36695,36712,17
12.9755601883,80.2209396362,36744,36774,30
12.9906301498,80.2124023438,37168,37188,20
12.9967098236,80.2164611816,37591,37612,21
12.9966402054,80.2163162231,37612,37632,20
13.0262098312,80.2073364258,38370,38391,21
13.0527200699,80.2120285034,41455,41475,20
13.0498895645,80.2121582031,41677,41697,20
13.0497903824,80.2121582031,41697,41717,20
13.0495700836,80.2121734619,41727,41746,19
13.0382099152,80.2124862671,41879,41909,30
13.0380802155,80.2123794556,41909,41929,20
13.0344800949,80.2122116089,42080,42101,21
13.033659935,80.2120819092,42151,42167,16
13.0304203033,80.2092590332,42240,42260,20
13.0125198364,80.2117767334,42714,42730,16
13.0151796341,80.2246932983,43076,43096,20
12.9949903488,80.2102584839,43913,43934,21
12.9937000275,80.2101364136,43964,43984,20
12.9840803146,80.2179718018,44347,44367,20
12.9755401611,80.2209396362,45223,45243,20
12.9916000366,80.209777832,45737,45754,17
12.9970397949,80.2104110718,45907,45928,21
13.0073795319,80.2098388672,46382,46412,30
13.0089998245,80.2036514282,46564,46580,16
13.0250597,80.2068634033,46875,46891,16
13.0540704727,80.2116012573,49133,49149,16
13.0513095856,80.2120819092,49171,49191,20
13.0452604294,80.2124176025,49293,49323,30
13.0376501083,80.2122802734,49444,49460,16
13.0375699997,80.2123413086,49460,49483,23
13.0353498459,80.205871582,49765,49795,30
13.0345001221,80.2054367065,50381,50411,30
13.0345001221,80.2054519653,50582,50603,21
13.0354795456,80.2058868408,51047,51067,20
13.0348300934,80.2120437622,51309,51329,20
13.0682001114,80.2055892944,52016,52037,21
13.0678300858,80.2052688599,52167,52188,21
13.0680198669,80.2050018311,52258,52280,22
13.0497903824,80.2122497559,52840,52860,20
12.9877004623,80.2174377441,55007,55023,16
12.9964599609,80.2146224976,56589,56609,20
13.0034999847,80.2089996338,56902,56922,20
13.0137300491,80.2038192749,57215,57235,20
13.0139503479,80.2041625977,61775,61795,20
13.0327100754,80.2306213379,3576,3596,20
13.032910347,80.2305603027,3606,3625,19
13.0086603165,80.231262207,20049,20072,23
13.0163698196,80.2596130371,20438,20456,18
13.0345201492,80.2679519653,20852,20872,20
13.0181798935,80.2609634399,21469,21487,18
13.0065803528,80.2533187866,21661,21681,20
13.0066900253,80.2517700195,21710,21725,15
13.006649971,80.247428894,21745,21765,20
13.0066604614,80.2463378906,21796,21819,23
13.0344200134,80.2303771973,22427,22447,20
13.0240097046,80.2282562256,23931,23947,16
13.0068597794,80.2491989136,24376,24396,20
13.0067396164,80.257232666,24477,24497,20
13.0077600479,80.2586364746,24527,24547,20
13.031080246,80.2668685913,24991,25007,16
13.0182600021,80.2610473633,26635,26651,16
13.0065803528,80.2464981079,27136,27156,20
13.0131101608,80.222442627,27480,27496,16
13.0154895782,80.2249832153,27516,27538,22
13.0219602585,80.2261428833,27619,27639,20
13.0291595459,80.2308883667,27771,27787,16
13.0348300934,80.2302703857,27849,27870,21
13.0349502563,80.2300415039,27879,27900,21
13.0300397873,80.2307662964,29626,29646,20
13.0271701813,80.2329177856,29726,29747,21
13.0163898468,80.225479126,29999,30015,16
13.0072402954,80.2385101318,30302,30322,20
13.0067396164,80.2433166504,30483,30500,17
13.0067300797,80.2443237305,30512,30532,20
13.0068902969,80.24949646,30623,30643,20
13.006819725,80.2514724731,30673,30703,30
13.0163602829,80.2596206665,30905,30925,20
13.0322399139,80.267326355,31390,31410,20
13.0345001221,80.2679977417,31470,31490,20
13.0299396515,80.2666168213,32086,32116,30
13.0268802643,80.2659301758,32167,32183,16
13.0221700668,80.2634429932,32244,32265,21
13.0161895752,80.2596893311,32388,32408,20
13.0066099167,80.24659729,33336,33356,20
13.0146598816,80.2241592407,33942,33958,16
13.0154399872,80.224937439,33958,33980,22
13.0235204697,80.2276916504,34254,34275,21
13.0241098404,80.2282180786,34315,34335,20
13.0285596848,80.2308883667,34527,34547,20
13.0272703171,80.2328796387,35656,35682,26
13.0240001678,80.2282333374,35795,35816,21
13.0143604279,80.2262420654,35937,35967,30
13.0083398819,80.2329788208,36189,36209,20
13.0080795288,80.2343673706,36270,36300,30
13.007349968,80.2380218506,36360,36381,21
13.006819725,80.2490081787,36724,36740,16
13.0068101883,80.2513198853,36772,36792,20
13.0077104568,80.2586669922,36883,36903,20
13.029299736,80.26537323,37559,37589,30
13.0345001221,80.2679824829,37793,37813,20
13.0221099854,80.2633972168,38732,38748,16
13.0064897537,80.2531967163,39174,39204,30
13.0066099167,80.2472000122,39709,39729,20
13.0065402985,80.2414703369,39809,39830,21
13.0111703873,80.2238388062,40031,40047,16
13.0346403122,80.2303390503,40936,40955,19
13.0240898132,80.2285003662,42369,42390,21
13.0068702698,80.2496032715,43086,43102,16
13.0076799393,80.2586669922,43286,43306,20
13.0164203644,80.2596817017,43397,43417,20
13.022939682,80.2638092041,43557,43578,21
13.0277500153,80.2636032104,43729,43746,17
13.0330696106,80.2677612305,44183,44203,20
13.0316400528,80.2671737671,44243,44263,20
13.0302200317,80.2667617798,44283,44304,21
13.0298500061,80.2667007446,44314,44330,16
13.0266599655,80.2660675049,44391,44413,22
13.0092000961,80.2591705322,44746,44762,16
13.0065202713,80.2532577515,44916,44936,20
13.0065603256,80.2527313232,44956,44977,21
13.0066404343,80.2464981079,45287,45308,21
13.0065803528,80.2416687012,45398,45419,21
13.0108804703,80.2244491577,45620,45636,16
13.0154895782,80.2249984741,45709,45739,30
13.02202034,80.2262573242,45860,45877,17
13.0291795731,80.2308731079,46050,46070,20
13.033829689,80.2305526733,46181,46202,21
13.029800415,80.2307662964,49542,49563,21
13.0239896774,80.2283096313,49996,50017,21
13.0082702637,80.2333984375,50369,50390,21
13.0066900253,80.2431106567,50612,50632,20
13.0066404343,80.2433776855,50642,50662,20
13.0066995621,80.24584198,50733,50763,30
13.0067396164,80.2465286255,50794,50814,20
13.0068702698,80.2494506836,50864,50894,30
13.0066299438,80.2571182251,51076,51092,16
13.0163002014,80.2595825195,51245,51266,21
13.0229196548,80.2637710571,51417,51437,20
13.0291900635,80.2663421631,51711,51741,30
13.0331497192,80.2678909302,52813,52843,30
13.0251598358,80.2652206421,53105,53125,20
13.02202034,80.263343811,53206,53225,19
13.0071401596,80.2587280273,53509,53529,20
13.0067300797,80.2483673096,53892,53912,20
13.011349678,80.2233810425,54316,54346,30
13.033659935,80.23021698,54901,54922,21
13.027299881,80.2329101563,56617,56637,20
13.0240497589,80.2283706665,56869,56899,30
13.019490242,80.2245407104,57041,57057,16
13.0144901276,80.2262496948,57150,57180,30
13.0082702637,80.2335586548,57301,57321,20
13.006939888,80.2399597168,57412,57442,30
13.0071697235,80.2399597168,57452,57473,21
13.007060051,80.2405166626,57483,57503,20
13.014169693,80.2593612671,58026,58042,16
13.0165300369,80.259803772,58054,58074,20
13.0201997757,80.2626724243,58145,58165,20
13.0264797211,80.2640991211,58356,58377,21
13.0299196243,80.2666320801,58599,58629,30
13.0328702927,80.2677078247,59759,59779,20
13.03166008,80.2669906616,59840,59860,20
13.0313596725,80.266998291,59860,59890,30
13.0072097778,80.2588500977,60960,60980,20
13.0064897537,80.2532806396,61142,61172,30
13.006649971,80.2487106323,61323,61344,21
13.0066900253,80.2485733032,61344,61374,30
13.0066299438,80.2478866577,61394,61410,16
13.022069931,80.2261962891,62179,62199,20
13.0349998474,80.2301025391,62795,62825,30
13.034119606,80.2303695679,63612,63642,30
13.031129837,80.2306518555,63713,63743,30
13.0298500061,80.2307662964,63794,63814,20
13.024140358,80.2284469604,64125,64155,30
13.023850441,80.2281112671,64165,64181,16
13.0145101547,80.2261810303,64355,64385,30
13.0091400146,80.2286300659,64466,64482,16
13.0074901581,80.2371673584,64656,64676,20
13.0068798065,80.2406082153,64857,64878,21
13.0068798065,80.249382019,65069,65089,20
13.0066404343,80.2572479248,65211,65241,30
13.0066404343,80.2572479248,65241,65257,16
13.0163803101,80.2596969604,65431,65451,20
13.018989563,80.2616119385,65521,65537,16
13.0201396942,80.2626495361,65537,65559,22
13.022939682,80.2639923096,65632,65653,21
13.0265703201,80.2640991211,65779,65809,30
13.0344295502,80.2679901123,66263,66283,20
13.0344600677,80.2681274414,66293,66314,21
13.0326299667,80.2675628662,66829,66850,21
13.0303297043,80.2667388916,66920,66940,20
13.0267000198,80.2660293579,67072,67092,20
13.0222301483,80.2637405396,67425,67445,20
13.0219697952,80.2634735107,67455,67475,20
13.0072097778,80.2588272095,67847,67867,20
13.0067396164,80.2577896118,67887,67917,30
13.0065202713,80.2531967163,68220,68236,16
13.0066003799,80.2438201904,68674,68704,30
13.0065202713,80.2417221069,68755,68775,20
13.0066204071,80.2406768799,68805,68826,21
13.007349968,80.2368087769,68937,68967,30
13.0103597641,80.2256317139,69148,69169,21
13.0197601318,80.2245788574,69532,69562,30
13.0220403671,80.2262420654,69613,69643,30
13.0262403488,80.2313995361,70004,70024,20
13.0274496078,80.231048584,70135,70156,21
13.0300703049,80.2307510376,70380,70400,20
13.0336799622,80.2304534912,70481,70501,20
13.0341796875,80.2304229736,70541,70571,30
13.0347795486,80.2303314209,70592,70612,20
13.0308599472,80.2306365967,71439,71460,21
13.029800415,80.2307815552,71490,71510,20
13.0267801285,80.2330474854,71661,71682,21
13.0265903473,80.2330932617,71692,71712,20
13.0260000229,80.2317276001,71772,71793,21
13.0154800415,80.2258071899,72096,72112,16
13.01445961,80.2262191772,72122,72143,21
13.0124702454,80.2269897461,72203,72224,21
13.0067796707,80.2406463623,72540,72560,20
13.0068302155,80.2496032715,72702,72722,20
13.0228204727,80.2637405396,73307,73326,19
13.0239095688,80.2644271851,73348,73368,20
13.0280599594,80.2637481689,73600,73620,20
13.0292100906,80.2660522461,73691,73710,19
13.0291204453,80.2664031982,73721,73741,20
13.0300502777,80.2666931152,74750,74769,19
13.0255002975,80.2654418945,74882,74902,20
13.0223398209,80.2635192871,74973,74993,20
13.0098199844,80.2593002319,75225,75241,16
13.0066204071,80.2577590942,75334,75354,20
13.0063400269,80.2576217651,75364,75394,30
13.0064001083,80.2533187866,75566,75596,30
13.0152301788,80.2249832153,76341,76361,20
13.0263395309,80.2313613892,76613,76630,17
13.0350799561,80.2299423218,76866,76886,20
13.0346002579,80.2297897339,76896,76926,30
13.0268497467,80.2329864502,77855,77875,20
13.0239095688,80.2282333374,77996,78016,20
13.01583004,80.2257232666,78158,78174,16
13.006649971,80.2459411621,78610,78640,30
13.0076503754,80.258682251,78882,78902,20
13.0200796127,80.2626419067,79084,79104,20
13.0262699127,80.2656021118,79235,79252,17
13.029299736,80.2659835815,79396,79416,20
13.0334300995,80.2678375244,79507,79527,20
13.0326795578,80.2676467896,79810,79840,30
13.0219297409,80.263343811,80082,80102,20
13.015999794,80.2596969604,80244,80264,20
13.0112199783,80.2592010498,80334,80351,17
13.0065202713,80.2531661987,80638,80668,30
13.007399559,80.2368011475,81064,81084,20
13.0220403671,80.2262573242,81417,81437,20
13.0341997147,80.2300415039,83436,83456,20
12.9881696701,80.2236633301,32885,32905,20
13.0148000717,80.2255477905,30621,30642,21
13.0146503448,80.2255172729,30642,30672,30
13.0065603256,80.2576370239,18752,18782,30
13.0268602371,80.2329788208,21126,21156,30
13.0144300461,80.2262420654,21479,21499,20
13.0069599152,80.2401504517,21762,21782,20
13.0066900253,80.2572021484,22055,22075,20
13.034330368,80.2679977417,22843,22863,20
13.0278396606,80.2662124634,23115,23135,20
13.0113601685,80.2232818604,25408,25428,20
13.0349397659,80.2302093506,25953,25973,20
13.035030365,80.2298278809,25994,26024,30
13.0342102051,80.2301864624,26287,26317,30
13.0240297318,80.2283630371,27337,27367,30
13.0142803192,80.22631073,27599,27620,21
13.0067596436,80.2425918579,28024,28054,30
13.0068998337,80.2495803833,28276,28296,20
13.0164804459,80.2596969604,28630,28660,30
13.0229301453,80.2638320923,28822,28842,20
13.0335302353,80.267829895,29205,29226,21
13.0226402283,80.2637023926,29872,29892,20
13.0221204758,80.2634429932,29902,29922,20
13.0162000656,80.2597427368,30104,30134,30
13.006480217,80.2531814575,30518,30537,19
13.0066795349,80.2487030029,30710,30730,20
13.0065803528,80.2465286255,30973,30993,20
13.0066099167,80.2409515381,31154,31175,21
13.0151996613,80.2247467041,31639,31669,30
13.0155897141,80.2251434326,31680,31700,20
13.0197296143,80.2245101929,31770,31791,21
13.0219802856,80.2261810303,31841,31871,30
13.0284700394,80.2309036255,32174,32195,21
13.0342102051,80.2303466797,32619,32649,30
13.0338401794,80.2304382324,32659,32689,30
13.0240402222,80.228302002,33255,33285,30
13.01445961,80.2262268066,33548,33578,30
13.0085697174,80.2318191528,33750,33780,30
13.0067396164,80.2422637939,34457,34477,20
13.0066900253,80.2438430786,34517,34537,20
13.0068998337,80.2495422363,34689,34709,20
13.0085401535,80.2590026855,35002,35032,30
13.0138196945,80.2590866089,35153,35174,21
13.0162000656,80.2594985962,35275,35295,20
13.0264902115,80.2639923096,35658,35679,21
13.0283203125,80.2637405396,35719,35739,20
13.029299736,80.2657775879,35800,35820,20
13.0252304077,80.2653427124,36517,36537,20
13.0221204758,80.2634429932,36608,36628,20
13.0160598755,80.2596664429,36769,36789,20
13.0065002441,80.2542877197,37193,37213,20
13.0067596436,80.2508621216,37597,37617,20
13.0067396164,80.2506408691,37627,37648,21
13.0066003799,80.2465591431,38112,38132,20
13.0197401047,80.2245178223,38920,38940,20
13.0219802856,80.2261734009,39001,39031,30
13.023059845,80.2271728516,39082,39112,30
13.0321702957,80.2305908203,39516,39536,20
13.0341901779,80.2302017212,39910,39930,20
13.0335998535,80.2304992676,39960,39980,20
13.0313301086,80.23072052,40031,40051,20
13.014380455,80.2262573242,40839,40859,20
13.0082902908,80.2334365845,41031,41051,20
13.0068798065,80.2495498657,41606,41626,20
13.0066795349,80.256980896,41768,41798,30
13.0164899826,80.2597427368,41980,42000,20
13.0229797363,80.2638015747,42182,42202,20
13.0335197449,80.2677688599,42646,42676,30
13.0344200134,80.2679519653,42697,42727,30
13.0298299789,80.2666625977,42909,42929,20
13.0252199173,80.2654037476,43030,43050,20
13.0160398483,80.2597122192,43292,43313,21
13.0065202713,80.2533035278,43737,43757,20
13.0153198242,80.2248382568,44747,44767,20
13.021780014,80.2260665894,44908,44928,20
13.0258903503,80.2308578491,45060,45080,20
13.0259199142,80.2310562134,45090,45120,30
13.0283699036,80.2309417725,45201,45231,30
13.0305995941,80.23072052,45282,45302,20
13.0272903442,80.2328491211,45817,45837,20
13.0261898041,80.2323226929,45888,45918,30
13.007229805,80.2383575439,46423,46453,30
13.0066404343,80.2447662354,46685,46705,20
13.0068101883,80.2508392334,46847,46867,20
13.0064401627,80.2531280518,49089,49109,20
13.0065002441,80.2521209717,49129,49159,30
13.0113096237,80.2233581543,49785,49806,21
13.0154695511,80.2249679565,49937,49957,20
13.0246601105,80.2288665771,50169,50188,19
13.02602005,80.2312164307,50250,50280,30
13.0269498825,80.2329406738,51088,51108,20
13.0239295959,80.2282409668,51209,51229,20
13.0198497772,80.2247695923,51310,51330,20
13.0143299103,80.2262802124,51431,51451,20
13.0067195892,80.243637085,51906,51936,30
13.0068798065,80.2496032715,52067,52088,21
13.0066900253,80.2568817139,52219,52239,20
13.0202598572,80.2626495361,52532,52552,20
13.0265102386,80.2640533447,52744,52764,20
13.0293397903,80.2665176392,52936,52956,20
13.0295801163,80.2665863037,52966,52996,30
13.0339002609,80.2678833008,53118,53138,20
13.0344200134,80.2679977417,53158,53188,30
13.0160799026,80.2596817017,54986,55006,20
13.011300087,80.2232208252,56056,56086,30
13.0151100159,80.224609375,56187,56208,21
13.0243196487,80.2284088135,56410,56430,20
13.0285100937,80.2308120728,56531,56561,30
13.033949852,80.2304382324,56682,56702,20
13.034819603,80.23021698,56733,56753,20
13.0341501236,80.2303390503,57914,57934,20
13.0297899246,80.2309036255,58066,58086,20
13.0240297318,80.2284011841,58338,58358,20
13.0067796707,80.245880127,59015,59035,20
13.0076799393,80.2587203979,59358,59378,20
13.02023983,80.2626876831,59601,59631,30
13.0229597092,80.2638626099,59702,59722,20
13.0300397873,80.2667007446,60651,60671,20
13.0304203033,80.2667617798,60691,60711,20
13.0339403152,80.2679672241,60873,60893,20
13.0366001129,80.2677612305,61004,61024,20
13.0355501175,80.2678604126,61277,61297,20
13.0351896286,80.2678985596,61307,61327,20
13.0344495773,80.2680206299,61348,61368,20
13.0334596634,80.2678604126,61398,61428,30
13.0333204269,80.2677993774,61439,61469,30
13.0302801132,80.2667236328,61570,61590,20
13.0297403336,80.2666397095,61600,61630,30
13.0293598175,80.2666320801,61671,61691,20
13.0253295898,80.2654037476,61792,61812,20
13.01583004,80.2596130371,62105,62125,20
13.0065803528,80.2467880249,62893,62923,30
13.0073404312,80.2373504639,63135,63165,30
13.0074195862,80.2370376587,63175,63196,21
13.015540123,80.2250137329,63569,63590,21
13.0196695328,80.2245025635,63660,63680,20
13.0284099579,80.2308807373,63953,63973,20
13.0278902054,80.2326507568,65589,65609,20
13.024769783,80.2292633057,65771,65801,30
13.0240497589,80.2283477783,65831,65852,21
13.0198802948,80.224822998,65983,66003,20
13.0145101547,80.2262191772,66104,66124,20
13.0081596375,80.233833313,66377,66407,30
13.0068397522,80.2409362793,66791,66811,20
13.0067195892,80.2457809448,66892,66912,20
13.0068702698,80.2496032715,66973,66993,20
13.0066299438,80.256729126,67195,67215,20
13.0077199936,80.2586364746,67265,67286,21
13.0201997757,80.2626495361,67558,67579,21
13.0292596817,80.2657318115,67962,67982,20
13.0291595459,80.2663192749,67993,68023,30
13.0322704315,80.267326355,68104,68134,30
13.0324401855,80.2674636841,69235,69265,30
13.0303602219,80.2666931152,69326,69346,20
13.029800415,80.2666015625,69366,69386,20
13.0255498886,80.2655410767,69578,69598,20
13.0187597275,80.2620925903,69820,69841,21
13.0162801743,80.2597579956,69972,69992,20
13.0064496994,80.2531585693,70396,70416,20
13.0066795349,80.2496109009,70578,70598,20
13.0220098495,80.2261810303,71739,71760,21
13.0242900848,80.2283706665,71820,71840,20
13.0349502563,80.2300796509,72386,72406,20
13.0334997177,80.23046875,73678,73699,21
13.030380249,80.23072052,73779,73800,21
13.0145597458,80.2261428833,74375,74395,20
13.0068702698,80.2406311035,74678,74698,20
13.0298204422,80.2667312622,76900,76930,30
13.006529808,80.2533569336,77617,77647,30
13.0064601898,80.2531890869,77657,77678,21
13.0066404343,80.2483596802,77839,77869,30
13.0339002609,80.2304077148,78869,78890,21
13.0337696075,80.2678909302,81132,81152,20
13.0344896317,80.2679977417,81182,81202,20
13.075969696,80.2760467529,18692,18712,20
13.0820598602,80.2757720947,18893,18914,21
13.0625200272,80.2831192017,19277,19307,30
13.0567102432,80.2818984985,19378,19398,20
13.0502996445,80.2807922363,19468,19489,21
13.0192699432,80.2678527832,20034,20050,16
12.9961500168,80.2627182007,20739,20759,20
13.0085897446,80.258972168,22855,22871,16
13.0397901535,80.278968811,23611,23627,16
13.0574197769,80.2819976807,23862,23882,20
13.0631599426,80.2831878662,23973,23993,20
13.0638399124,80.2833404541,24013,24033,20
13.0758304596,80.2752532959,27739,27769,30
13.0819797516,80.2756195068,28385,28405,20
13.0821695328,80.2783126831,28466,28496,30
13.0880002975,80.2839813232,28687,28708,21
13.0883598328,80.2827377319,29240,29256,16
13.0884399414,80.2850799561,29269,29289,20
13.088760376,80.2894592285,29380,29400,20
13.0391101837,80.2788467407,30207,30227,20
13.0260095596,80.2752380371,30479,30500,21
13.025850296,80.275138855,30500,30520,20
13.0234699249,80.2732315063,30560,30580,20
13.0218896866,80.2711410522,30661,30681,20
13.0160598755,80.2596893311,31115,31135,20
13.0145998001,80.2593002319,31165,31182,17
13.0028600693,80.2567977905,31356,31386,30
12.9987602234,80.2561035156,31487,31508,21
12.9973096848,80.2559509277,31538,31558,20
12.9827203751,80.2546768188,31920,31940,20
12.9806900024,80.2527770996,32001,32031,30
12.978969574,80.2526168823,32051,32071,20
12.9782896042,80.2522964478,32092,32108,16
12.9591703415,80.2446899414,32322,32338,16
12.9469604492,80.2399520874,32542,32562,20
12.9445199966,80.2384033203,32602,32618,16
12.939909935,80.235786438,32651,32671,20
12.9284095764,80.2388000488,33084,33105,21
12.9258003235,80.238243103,33316,33337,21
12.9281997681,80.2387924194,33387,33407,20
12.9338798523,80.2350463867,33649,33670,21
12.9357004166,80.2339019775,33740,33760,20
12.9469499588,80.2398223877,33912,33928,16
12.9508800507,80.2412719727,34224,34244,20
12.9563999176,80.2433166504,34324,34345,21
12.9783601761,80.252243042,34900,34920,20
12.9785604477,80.2523727417,34920,34950,30
12.9877004623,80.2556533813,35858,35878,20
12.9882202148,80.2558822632,35898,35919,21
12.9953098297,80.2558364868,36050,36080,30
12.9991703033,80.256072998,36211,36241,30
13.013710022,80.2590866089,36544,36564,20
13.0143995285,80.2591171265,36605,36635,30
13.0160598755,80.2594223022,36716,36736,20
13.0327396393,80.2774581909,37361,37380,19
13.0332603455,80.2773666382,37392,37422,30
13.0456800461,80.2800521851,37603,37619,16
13.0815200806,80.2753601074,39166,39186,20
13.0760097504,80.2748031616,53077,53097,20
13.075920105,80.2761230469,53148,53168,20
13.0820503235,80.2814788818,53370,53390,20
13.0887203217,80.2901077271,54258,54288,30
13.0772399902,80.2873535156,54480,54496,16
13.0511798859,80.2808990479,54872,54892,20
13.02602005,80.2752380371,55367,55387,20
13.0184202194,80.2611236572,55650,55666,16
13.0070800781,80.2586135864,55809,55830,21
12.9861402512,80.2555007935,56364,56385,21
12.9596595764,80.2449111938,56849,56869,20
12.9312400818,80.2385635376,57555,57585,30
12.9283399582,80.238822937,57656,57686,30
12.925450325,80.2382736206,57777,57797,20
12.9397001266,80.2356719971,59028,59048,20
12.9471797943,80.2399291992,59119,59139,20
12.9667901993,80.2479705811,59514,59534,20
12.9877500534,80.2554397583,59888,59918,30
12.9877595901,80.2556762695,59928,59948,20
12.9989004135,80.256072998,60160,60190,30
12.9991397858,80.256111145,60190,60220,30
13.0053796768,80.2572402954,60352,60372,20
13.0085201263,80.2590332031,60432,60448,16
13.0235595703,80.2732009888,60804,60824,20
13.0242795944,80.2742080688,60854,60870,16
13.0283203125,80.276260376,61398,61428,30
13.0306396484,80.2771224976,61721,61741,20
13.0311403275,80.2774810791,61983,62003,20
13.0337495804,80.2773971558,62235,62256,21
13.0347099304,80.2776794434,62445,62465,20
13.0350999832,80.2777481079,62496,62526,30
13.0362901688,80.277961731,62657,62677,20
13.0385303497,80.2786483765,62839,62869,30
13.0461502075,80.2801818848,63011,63031,20
13.0565004349,80.2818374634,63173,63203,30
13.0676002502,80.2842025757,63374,63396,22
13.0733098984,80.2852401733,63476,63497,21
13.0798797607,80.2881393433,63587,63608,21
13.0887203217,80.2901382446,63749,63779,30
13.0852804184,80.2842788696,63990,64011,21
13.0884103775,80.2847976685,65625,65646,21
13.088760376,80.2895507813,65797,65817,20
13.0733604431,80.2860565186,66079,66100,21
13.0626001358,80.2832107544,66422,66443,21
13.0612001419,80.2828826904,66483,66503,20
13.0566797256,80.2819595337,66635,66656,21
13.0456600189,80.2802200317,66797,66817,20
13.0456600189,80.2802200317,66817,66833,16
13.0389900208,80.2788925171,66966,66986,20
13.0262403488,80.2754211426,67259,67289,30
13.0256996155,80.2751693726,67319,67336,17
13.0189599991,80.2634277344,67590,67606,16
13.0161104202,80.2597732544,67740,67760,20
13.0071001053,80.2585983276,68053,68073,20
12.986410141,80.2556762695,68679,68699,20
12.9843196869,80.2551422119,68769,68785,16
12.9784002304,80.2525634766,68919,68949,30
12.9656095505,80.2476272583,69131,69151,20
12.9514398575,80.2416687012,69423,69443,20
12.9466400146,80.2399520874,69544,69564,20
12.9403800964,80.2360992432,69675,69696,21
12.9355697632,80.2342605591,69796,69817,21
12.9256696701,80.238243103,70321,70351,30
12.9281597137,80.2388687134,70755,70775,20
12.9394598007,80.2355880737,71270,71300,30
12.9543504715,80.2427215576,71643,71659,16
12.9630298615,80.2465209961,71812,71833,21
12.9666404724,80.2479400635,71893,71913,20
12.972869873,80.2501831055,72004,72034,30
12.9776000977,80.2517318726,72115,72131,16
12.9785203934,80.2524108887,72131,72153,22
12.9983196259,80.2559967041,72867,72897,30
13.0063199997,80.2574462891,73099,73129,30
13.006939888,80.258102417,73159,73175,16
13.0193099976,80.2630004883,73410,73426,16
13.0232400894,80.2729797363,73580,73600,20
13.0296497345,80.2767181396,73903,73923,20
13.0308704376,80.2772979736,73963,73984,21
13.0308704376,80.2772979736,73984,74000,16
13.0315504074,80.2776031494,74012,74032,20
13.0328702927,80.2774810791,74153,74173,20
13.0368499756,80.278213501,74304,74321,17
13.0637702942,80.2833786011,74788,74804,16
13.0736103058,80.2853164673,74917,74935,18
13.0865602493,80.2839279175,75542,75559,17
13.0758800507,80.2763366699,76134,76154,20
12.9974803925,80.2572402954,6071,6087,16
12.9974803925,80.2572402954,6087,6105,18
12.9238996506,80.197479248,12452,12472,20
12.9196500778,80.1811294556,12696,12712,16
12.9226903915,80.1317977905,13158,13175,17
12.923210144,80.1208877563,15317,15337,20
12.9225502014,80.1436233521,15590,15610,20
12.9225597382,80.1456298828,15640,15656,16
12.9198799133,80.1712036133,15922,15952,30
12.919500351,80.1802368164,16083,16104,21
12.9340200424,80.2038879395,16607,16628,21
12.9650602341,80.2165679932,17041,17057,16
12.9760904312,80.2212295532,17161,17191,30
13.0285396576,80.2308883667,18180,18196,16
13.0344896317,80.2304077148,18330,18349,19
13.0349197388,80.2302703857,18349,18369,20
13.0341501236,80.2304382324,18534,18564,30
13.0079898834,80.2132034302,19250,19271,21
12.9754896164,80.2209014893,19876,19893,17
12.9192495346,80.1873474121,20824,20842,18
12.919960022,80.1825790405,20865,20894,29
12.9225702286,80.1486968994,21299,21315,16
12.9232196808,80.1205673218,21701,21721,20
12.9233102798,80.1203079224,21903,21923,20
12.9235801697,80.157661438,22486,22503,17
12.9206399918,80.1852722168,22818,22838,20
12.9339599609,80.2038803101,23312,23333,21
12.9752502441,80.2206573486,23929,23949,20
13.0243501663,80.2284622192,24979,24999,20
13.0342102051,80.2304382324,25212,25242,30
13.0342302322,80.2304382324,26403,26423,20
13.0277795792,80.2316589355,26575,26591,16
13.0153303146,80.2258834839,26947,26963,16
13.0081996918,80.2134094238,27239,27269,30
12.9905796051,80.2203216553,27683,27699,16
12.9757404327,80.2210693359,27965,27985,20
12.9442501068,80.2083816528,28449,28470,21
12.9338998795,80.2039413452,28742,28772,30
12.929400444,80.2027816772,28833,28863,30
12.9220104218,80.197303772,29025,29041,16
12.9172697067,80.1914367676,29346,29366,20
12.9198198318,80.1708831787,29659,29679,20
12.9224596024,80.1424636841,30194,30210,16
12.9232301712,80.1208190918,30537,30557,20
12.9233903885,80.1182022095,30628,30644,16
12.923500061,80.1169891357,30676,30697,21
12.9230003357,80.1254806519,32012,32042,30
12.922419548,80.1421432495,32285,32301,16
12.922539711,80.1436233521,32323,32342,19
12.9232797623,80.1603927612,32585,32606,21
12.9228801727,80.1615829468,32636,32652,16
12.9199495316,80.1709136963,32746,32766,20
12.9194002151,80.1797409058,32918,32934,16
12.9292697906,80.2026672363,33623,33643,20
12.934009552,80.2038803101,33734,33754,20
12.9442996979,80.2083587646,33997,34017,20
12.9494600296,80.2103424072,34098,34114,16
12.9670801163,80.2173690796,34540,34560,20
12.9711999893,80.2189483643,34671,34691,20
12.9830703735,80.2220001221,34964,34984,20
12.9871196747,80.2230300903,35075,35091,16
12.9975204468,80.2161178589,35396,35426,30
13.0219402313,80.2261810303,36252,36272,20
13.0221204758,80.2263183594,36282,36312,30
13.0230197906,80.227180481,36363,36383,20
13.0245199203,80.2287216187,36474,36490,16
13.0260400772,80.231338501,36603,36622,19
13.0282096863,80.2309112549,36634,36654,20
13.0284996033,80.2309112549,36665,36695,30
13.0342903137,80.2303771973,36927,36956,29
13.0347995758,80.2302322388,36978,37008,30
13.0242996216,80.2286071777,37805,37826,21
13.0230398178,80.2273788452,37865,37886,21
12.9973201752,80.2163925171,38894,38915,21
12.9876499176,80.2231063843,39157,39177,20
12.983300209,80.2221984863,39248,39268,20
12.972820282,80.2197113037,39490,39506,16
12.9710903168,80.2192001343,39506,39526,20
12.9368095398,80.2047195435,40023,40039,16
12.9231996536,80.1204833984,41477,41497,20
12.9231901169,80.1211624146,41870,41890,20
12.9230804443,80.125541687,42163,42183,20
12.9233999252,80.1547012329,42637,42658,21
12.9171199799,80.1930770874,43193,43223,30
12.9339799881,80.2038803101,43596,43617,21
12.9644603729,80.2163467407,44020,44037,17
12.9751300812,80.2206420898,44180,44200,20
12.9761800766,80.221282959,44240,44261,21
12.9829998016,80.2220001221,44372,44392,20
12.9904699326,80.2203521729,44523,44543,20
13.000579834,80.2134170532,44786,44802,16
13.0124797821,80.2214202881,45048,45068,20
13.0139799118,80.2233200073,45109,45129,20
13.01541996,80.2249679565,45169,45189,20
13.016169548,80.2253494263,45220,45236,16
13.0218000412,80.2260818481,45329,45349,20
13.0272102356,80.2328796387,47479,47509,30
13.0247001648,80.2291564941,47619,47640,21
13.0230703354,80.227432251,47681,47711,30
13.0143098831,80.2262420654,47893,47923,30
13.0082597733,80.2133712769,48230,48260,30
12.9975500107,80.2161636353,48522,48542,20
12.990819931,80.2201004028,48755,48776,21
12.9891395569,80.2217330933,48826,48856,30
12.9881696701,80.2227630615,49208,49238,30
12.9879398346,80.2229690552,49248,49268,20
12.9830102921,80.2220687866,49450,49470,20
12.9232196808,80.197479248,50439,50455,16
12.9172096252,80.1943588257,50599,50619,20
12.919380188,80.1799621582,50881,50897,16
12.922419548,80.1432571411,51384,51414,30
12.9228601456,80.1286087036,51626,51642,16
12.9231901169,80.1206665039,51705,51724,19
12.92304039,80.1254425049,52190,52211,21
12.9229097366,80.1274871826,52251,52267,16
12.9224796295,80.1435165405,52451,52481,30
12.9224796295,80.1435165405,52481,52497,16
12.9206495285,80.1854400635,53055,53075,20
12.9233598709,80.1974182129,53337,53357,20
12.9365196228,80.2045822144,53660,53676,16
12.9446401596,80.2084579468,53802,53826,24
12.9829397202,80.2219161987,54332,54353,21
12.9864797592,80.2229537964,54423,54443,20
12.9903097153,80.2204208374,54504,54534,30
12.9975099564,80.2160263062,54676,54696,20
13.0078296661,80.2130508423,54879,54909,30
13.0220003128,80.2261581421,55202,55222,20
13.0335998535,80.2304382324,56151,56171,20
13.0231199265,80.2274703979,56504,56534,30
13.0230102539,80.2274398804,56544,56560,16
13.0198202133,80.2247161865,56652,56674,22
13.0133304596,80.2265701294,56785,56801,16
13.011300087,80.2233963013,56894,56924,30
13.0085000992,80.2135162354,57116,57136,20
13.0083198547,80.2134017944,57146,57166,20
12.9957304001,80.2167510986,57469,57489,20
12.9954299927,80.2168579102,57499,57519,20
12.9832696915,80.2221984863,57782,57802,20
12.9823503494,80.2217788696,57822,57838,16
12.9410295486,80.2060089111,58476,58497,21
12.9370098114,80.2047576904,58557,58577,20
12.91726017,80.1915130615,59181,59201,20
12.9199399948,80.1826400757,59344,59364,20
12.9197397232,80.1712112427,59525,59545,20
12.9231595993,80.1210327148,60352,60382,30
12.9234600067,80.1175765991,60443,60463,20
12.9232597351,80.121383667,60655,60675,20
12.9228000641,80.1311721802,61513,61533,20
12.922539711,80.1438980103,61816,61832,16
12.9171199799,80.1931533813,62471,62491,20
12.9252796173,80.1975097656,62663,62679,16
12.9294204712,80.2027587891,62762,62782,20
12.9340200424,80.2039413452,62853,62873,20
12.9372396469,80.2048416138,62923,62939,16
12.9524803162,80.2115707397,63153,63169,16
12.9710903168,80.2189712524,63424,63440,16
12.9762001038,80.2212677002,63634,63664,30
12.9830303192,80.2220230103,63795,63812,17
12.9956197739,80.2166900635,64076,64092,16
12.9967002869,80.2165222168,64092,64112,20
13.0078802109,80.2130966187,64357,64377,20
13.0155496597,80.2250595093,64569,64589,20
13.0255804062,80.2301483154,64821,64837,16
13.0256500244,80.2302398682,64849,64869,20
13.0295495987,80.2308120728,65001,65031,30
13.0308504105,80.2306594849,65394,65411,17
12.9875097275,80.2557525635,19907,19924,17
12.8928499222,80.2274398804,20965,20981,16
12.8911600113,80.2273406982,20981,21001,20
12.8852596283,80.2266616821,21931,21952,21
12.8978300095,80.227722168,22133,22149,16
12.9027099609,80.2279968262,22192,22212,20
12.9335603714,80.232711792,22626,22646,20
12.9510698318,80.2413482666,22959,22979,20
12.9666500092,80.2478485107,23202,23222,20
12.9799604416,80.2523422241,23373,23402,29
12.9814300537,80.2301712036,23775,23791,16
12.9907197952,80.2201766968,24257,24273,16
13.0093698502,80.2110595703,26273,26294,21
13.0070199966,80.239616394,26828,26848,20
13.0066604614,80.2565002441,27123,27139,16
13.0066604614,80.2568664551,27139,27161,22
12.9977197647,80.2560119629,29110,29130,20
12.986120224,80.2555618286,29453,29483,30
12.9817304611,80.2531204224,29584,29614,30
12.9338598251,80.2329864502,30502,30522,20
12.9262304306,80.2310714722,30605,30625,20
12.9083299637,80.2285385132,31009,31025,16
12.8987503052,80.2278823853,31662,31683,21
12.8905000687,80.2274093628,31915,31935,20
12.8898296356,80.2274017334,31985,32005,20
12.8888998032,80.2273788452,32066,32096,30
12.8764200211,80.2264785767,32288,32308,20
12.8851604462,80.2266387939,33468,33489,21
12.8859701157,80.2268218994,33509,33525,16
12.8919401169,80.2273025513,33597,33618,21
12.897939682,80.227722168,33730,33760,30
12.9139499664,80.2292480469,34337,34357,20
12.9350004196,80.2333679199,34670,34686,16
12.9465198517,80.2396469116,34880,34910,30
12.9533004761,80.2421875,35213,35243,30
12.9562797546,80.2432632446,35334,35354,20
12.9586896896,80.2443618774,35394,35415,21
12.9811897278,80.2442626953,36161,36181,20
12.9813604355,80.2434463501,36252,36282,30
12.9817199707,80.2331619263,36514,36530,16
12.9780597687,80.2246170044,36744,36761,17
12.9775104523,80.2212600708,36863,36883,20
12.9967699051,80.216468811,37327,37348,21
13.0069599152,80.2097091675,37610,37630,20
13.007060051,80.2097396851,37630,37650,20
13.0136003494,80.2046127319,37924,37944,20
13.0100097656,80.2115020752,38186,38206,20
13.012260437,80.2208480835,39051,39068,17
13.0150299072,80.2246780396,39120,39140,20
13.0105400085,80.2252426147,39293,39313,20
13.004529953,80.2202529907,39464,39484,20
12.9975404739,80.2165374756,39585,39615,30
12.9907598495,80.2201538086,39747,39777,30
12.9876298904,80.2231216431,39848,39878,30
12.976269722,80.2216491699,40160,40180,20
12.9785404205,80.2253494263,40261,40277,16
12.9813098907,80.2386169434,40562,40582,20
12.9813995361,80.2427597046,40673,40693,20
12.9725103378,80.2501831055,40985,41002,17
12.9567098618,80.243850708,41279,41299,20
12.9565000534,80.2437667847,41299,41327,28
12.9516897202,80.2416915894,41398,41418,20
12.9338302612,80.2329864502,41691,41711,20
12.9077596664,80.2284393311,42064,42094,30
12.8765602112,80.2253417969,42649,42665,16
12.879119873,80.2109603882,42778,42798,20
12.8744897842,80.2101135254,42879,42899,20
12.8791799545,80.2110137939,43383,43404,21
12.8764600754,80.2268371582,43656,43676,20
12.8851804733,80.2266464233,43797,43817,20
12.8858699799,80.2267990112,43837,43858,21
12.8886098862,80.2272796631,43878,43894,16
12.89220047,80.2273025513,43916,43936,20
12.9487104416,80.2405471802,44975,44996,21
12.966799736,80.2479095459,45379,45399,20
12.9816198349,80.2333526611,45863,45883,20
12.977230072,80.2227020264,46125,46146,21
12.9829502106,80.2219924927,46307,46323,16
12.9913597107,80.2196426392,46547,46567,20
13.0011701584,80.2129211426,46759,46775,16
13.0067596436,80.2097015381,46918,46939,21
13.0077199936,80.2071228027,47019,47035,16
13.0150403976,80.2247314453,47886,47906,20
12.9971599579,80.2165527344,48340,48360,20
12.9908103943,80.220123291,48552,48575,23
12.9832296371,80.2221679688,49392,49412,20
12.9763698578,80.2218170166,49574,49594,20
12.9763698578,80.2218170166,49594,49610,16
12.9817199707,80.2332611084,49917,49936,19
12.981300354,80.2386779785,50018,50038,20
12.9813699722,80.2428207397,50098,50118,20
12.9805297852,80.2504196167,50200,50219,19
12.9787797928,80.2526626587,50251,50271,20
12.9635696411,80.2468109131,50513,50543,30
12.948969841,80.2408218384,50826,50846,20
12.9469604492,80.2399597168,50876,50896,20
12.9398803711,80.2358398438,51027,51048,21
12.9262599945,80.2310409546,51239,51261,22
12.9191703796,80.2301177979,51351,51371,20
12.8992500305,80.2278823853,51735,51765,30
12.8932304382,80.2275390625,51846,51866,20
12.8763904572,80.2266693115,52109,52129,20
12.8790597916,80.2109222412,52271,52292,21
12.8744697571,80.2100906372,52362,52392,30
12.8840198517,80.2266387939,54408,54424,16
12.9139499664,80.2292480469,54939,54959,20
12.9336099625,80.2326889038,55191,55211,20
12.9472198486,80.2399291992,55423,55443,20
12.9485197067,80.2404785156,55464,55494,30
12.9773902893,80.2514801025,55988,56004,16
12.9902896881,80.2204971313,56975,56991,16
13.0068798065,80.2097015381,57407,57427,20
13.0134401321,80.2050476074,57689,57709,20
13.0129098892,80.2088928223,57750,57766,16
12.9971599579,80.2165374756,58868,58898,30
12.9958095551,80.2167205811,58938,58968,30
12.9831895828,80.2221603394,59311,59332,21
12.976360321,80.2218017578,59473,59503,30
12.9799003601,80.2527313232,60096,60116,20
12.9600000381,80.2450866699,60449,60466,17
12.8995399475,80.2279205322,61392,61422,30
12.8995399475,80.2279205322,61422,61438,16
12.8764801025,80.2269134521,61725,61755,30
12.8746404648,80.2101287842,62017,62038,21
12.8763904572,80.2104873657,62697,62717,20
12.8791503906,80.2109985352,62748,62768,20
12.9026699066,80.228012085,63424,63444,20
12.9070501328,80.2282791138,63535,63555,20
12.908080101,80.2284164429,63575,63591,16
12.9136896133,80.2292633057,63634,63664,30
12.9286699295,80.2312698364,63886,63906,20
12.9471597672,80.2399368286,64259,64279,20
12.9509496689,80.2413406372,64471,64491,20
12.9630403519,80.2463989258,64733,64754,21
12.9630403519,80.2463989258,64754,64770,16
12.9813604355,80.2428131104,65216,65236,20
12.9813404083,80.2403411865,65286,65306,20
12.9813404083,80.2403411865,65306,65323,17
12.9773797989,80.2235794067,65728,65748,20
12.9771995544,80.2226791382,65789,65819,30
12.9975795746,80.2160491943,66515,66545,30
13.0036001205,80.2119598389,66687,66707,20
13.0123100281,80.2121200562,67554,67571,17
13.01541996,80.2251968384,68713,68733,20
13.0108804703,80.2242889404,68955,68971,16
13.0111503601,80.2233581543,68971,68991,20
13.003950119,80.2200393677,69165,69185,20
13.003660202,80.2199783325,69195,69225,30
13.0002803802,80.2177200317,69599,69619,20
12.9989004135,80.2169189453,69730,69760,30
12.9975795746,80.2165222168,69841,69871,30
12.9943399429,80.2174987793,70022,70043,21
12.9916296005,80.2194976807,70113,70129,16
12.9906797409,80.2201690674,70141,70170,29
12.9875602722,80.2230377197,70284,70307,23
12.9762897491,80.2216873169,70702,70719,17
12.9816303253,80.230506897,70892,70912,20
12.9818696976,80.2328262329,70983,71003,20
12.9812898636,80.2395629883,71215,71235,20
12.9813404083,80.2427368164,71296,71316,20
12.9810199738,80.245880127,71376,71393,17
12.9785699844,80.252571106,71498,71518,20
12.9725599289,80.2501373291,71609,71629,20
12.9652204514,80.2473831177,71760,71780,20
12.9594802856,80.2448425293,71881,71901,20
12.9469604492,80.2399520874,72133,72153,20
12.9432697296,80.2371292114,72214,72234,20
12.9400596619,80.2358932495,72285,72305,20
12.9338703156,80.2329711914,72406,72436,30
12.9259395599,80.2309875488,72527,72547,20
12.9191703796,80.2300796509,72628,72648,20
12.8991203308,80.2278823853,73152,73172,20
12.8930797577,80.2275009155,73263,73283,20
12.8926200867,80.2274398804,73294,73324,30
12.8906602859,80.2273406982,73354,73370,16
12.8763904572,80.2264022827,73584,73614,30
12.8773603439,80.2106628418,74384,74404,20
12.8791999817,80.2109985352,74425,74445,20
12.8796796799,80.2266464233,74758,74774,16
12.8852796555,80.2266387939,74816,74836,20
12.9139795303,80.2292785645,75613,75633,20
12.9192695618,80.2300033569,75704,75724,20
12.9336204529,80.2327194214,75926,75946,20
12.9664802551,80.2477722168,76562,76592,30
12.9758796692,80.2510070801,76743,76759,16
12.9799098969,80.2524490356,76802,76822,20
12.981300354,80.2429504395,76973,76994,21
12.9771299362,80.2227172852,77479,77499,20
12.9828195572,80.2220001221,77650,77676,26
12.9973201752,80.2162704468,78041,78062,21
13.0035600662,80.2119979858,78193,78223,30
13.0092000961,80.2111968994,79404,79424,20
13.0113296509,80.2182922363,79555,79571,16
13.0068902969,80.2401428223,79898,79918,20
13.0069599152,80.2402114868,79938,79958,20
13.0066699982,80.2483596802,80079,80095,16
13.0065002441,80.2526626587,80158,80178,20
12.9994001389,80.2562179565,80372,80390,18
12.9976196289,80.2574920654,3583,3603,20
13.0131397247,80.221031189,26679,26699,20
13.0243997574,80.2285003662,26891,26911,20
13.0244197845,80.2285690308,26921,26937,16
13.0286397934,80.2240371704,27233,27249,16
13.0322599411,80.2197799683,27363,27383,20
13.0410499573,80.1993637085,28213,28233,20
13.0440702438,80.2088928223,29472,29493,21
13.0393104553,80.1968612671,29805,29826,21
13.0397901535,80.1932525635,29896,29917,21
13.0386104584,80.1928482056,29957,29987,30
13.0372495651,80.1960372925,30058,30078,20
13.0363798141,80.2018127441,30270,30300,30
13.0352201462,80.2097167969,30441,30462,21
13.0309400558,80.211807251,30815,30845,30
13.0306596756,80.2133712769,30855,30871,16
13.0303401947,80.2152862549,30925,30944,19
13.0320196152,80.2202987671,31137,31167,30
13.0298500061,80.2273635864,31409,31429,20
13.0303602219,80.2283935547,31470,31490,20
13.0286798477,80.2311706543,31682,31702,20
13.0274600983,80.2328491211,31742,31762,20
13.0000495911,80.255821228,35656,35676,20
12.9994401932,80.2560882568,35686,35706,20
12.999540329,80.2560806274,35716,35736,20
13.0065898895,80.2574234009,35888,35908,20
13.0066099167,80.2574081421,35908,35928,20
13.0068397522,80.2504806519,36160,36180,20
13.0068397522,80.2494735718,36312,36332,20
13.007229805,80.2493972778,36423,36443,20
13.0070800781,80.247543335,36584,36614,30
13.0068597794,80.247467041,36655,36685,30
13.0066003799,80.2465591431,36716,36746,30
13.0066900253,80.2454376221,36877,36897,20
13.0067100525,80.2448883057,36917,36937,20
13.0155801773,80.2249984741,37603,37623,20
13.0192699432,80.224281311,37684,37704,20
13.0230798721,80.2272415161,37866,37886,20
13.025850296,80.2305908203,38047,38068,21
13.0285797119,80.2308502197,38148,38168,20
13.0302600861,80.2307434082,38289,38316,27
13.0288095474,80.2238311768,38521,38541,20
13.0287599564,80.2238769531,38541,38571,30
13.0313997269,80.2230224609,38611,38632,21
13.0322198868,80.2196731567,38692,38712,20
13.0443296432,80.2122497559,40206,40226,20
13.0484304428,80.2107772827,40347,40363,16
13.0496997833,80.2111282349,41112,41128,16
13.0285997391,80.2271194458,42816,42836,20
13.0298099518,80.2308120728,42997,43013,16
13.0261602402,80.232131958,43126,43145,19
13.0239696503,80.2283477783,43186,43216,30
13.0076799393,80.2362136841,43613,43633,20
13.007060051,80.2389831543,43744,43764,20
13.0065097809,80.2550506592,44107,44127,20
13.0039701462,80.2570571899,44319,44349,30
12.9967298508,80.2570114136,44610,44630,20
12.9961795807,80.2616577148,44711,44731,20
13.0000896454,80.2665100098,44912,44939,27
13.0005397797,80.2662506104,45314,45334,20
13.000459671,80.2661819458,45334,45364,30
12.9957103729,80.2673873901,45465,45485,20
12.9964895248,80.259803772,45647,45677,30
13.0064601898,80.2574691772,46111,46141,30
13.0066604614,80.2405166626,46626,46646,20
13.0072402954,80.2378921509,46686,46702,16
13.015370369,80.2249298096,46997,47017,20
13.019080162,80.2242965698,47088,47108,20
13.0195798874,80.2244567871,47118,47138,20
13.0197496414,80.2245635986,47148,47165,17
13.0285396576,80.2308425903,47399,47419,20
13.0286397934,80.2239379883,47661,47681,20
13.0321502686,80.2196578979,47823,47843,20
13.036450386,80.2009887695,48518,48539,21
13.0362997055,80.1969985962,48610,48640,30
13.0363798141,80.2017822266,51219,51240,21
13.0353803635,80.2083816528,51361,51381,20
13.0324001312,80.2119064331,51472,51492,20
13.03221035,80.2203292847,51885,51906,21
13.0311603546,80.2238311768,51976,51996,20
13.0309200287,80.2243118286,52017,52033,16
13.0290203094,80.2242279053,52045,52075,30
13.0283498764,80.227142334,52156,52176,20
12.9966497421,80.2587585449,53849,53866,17
12.9962100983,80.2625427246,53898,53918,20
13.0000696182,80.2665634155,54089,54110,21
13.0002803802,80.2657012939,54130,54150,20
13.0066795349,80.2509994507,56037,56058,21
13.008310318,80.234916687,56421,56441,20
13.0128498077,80.220741272,56663,56683,20
13.0159196854,80.2249832153,56754,56774,20
13.0172395706,80.224899292,56794,56810,16
13.0192403793,80.2242202759,56810,56830,20
13.0197200775,80.2245483398,56852,56873,21
13.0276002884,80.2269210815,57327,57347,20
13.0276002884,80.2269210815,57347,57363,16
13.0398302078,80.2050170898,60327,60350,23
13.0381603241,80.2047805786,60350,60372,22
13.0392904282,80.1968231201,60534,60553,19
13.038649559,80.1928863525,60655,60685,30
13.0363502502,80.2018890381,60897,60917,20
13.0354099274,80.2084884644,61059,61079,20
13.0324802399,80.2118988037,61190,61220,30
13.0304803848,80.2092666626,61311,61331,20
13.0301198959,80.2093963623,61351,61371,20
13.0306997299,80.2169570923,61614,61634,20
13.0322303772,80.2203903198,61735,61755,20
13.0311498642,80.2239990234,61826,61846,20
13.0290403366,80.2242279053,61906,61927,21
13.0303602219,80.2282867432,62078,62094,16
13.0297403336,80.2308273315,62197,62227,30
13.0241203308,80.2284011841,62510,62540,30
13.0139799118,80.2264175415,62742,62772,30
13.0068902969,80.2406616211,63067,63087,20
13.0029201508,80.2567672729,63632,63647,15
13.0001897812,80.256362915,63778,63799,21
12.9967098236,80.2587738037,63950,63966,16
12.9963302612,80.2623214722,63998,64019,21
12.9960803986,80.2676925659,64120,64150,30
12.9956502914,80.2675704956,65098,65119,21
13.0021800995,80.2567062378,65702,65722,20
13.0045795441,80.2574768066,65793,65813,20
13.0061502457,80.2574462891,65863,65884,21
13.0065002441,80.2555770874,65944,65960,16
13.0065402985,80.2415084839,66467,66483,16
13.0074996948,80.236541748,66727,66748,21
13.0082597733,80.2327728271,66879,66899,20
13.008310318,80.2324676514,66909,66929,20
13.0086803436,80.2304763794,67141,67161,20
13.0154800415,80.2250900269,67424,67454,30
13.0194597244,80.2245788574,67656,67676,20
13.0303201675,80.2284622192,68239,68269,30
13.0286998749,80.2272796631,68330,68350,20
13.028260231,80.2250595093,68411,68427,16
13.0321702957,80.2197570801,68671,68701,30
13.0304403305,80.2166976929,68812,68828,16
13.0303401947,80.2146072388,68871,68901,30
13.0354499817,80.2054824829,69525,69555,30
13.0356798172,80.2052764893,69565,69586,21
13.0362300873,80.2016372681,69686,69707,21
13.0367603302,80.1984634399,69787,69808,21
13.0370101929,80.1965637207,69848,69868,20
13.0376996994,80.1923370361,69959,69989,30
13.0418300629,80.1937179565,70080,70096,16
13.0411396027,80.2052612305,70381,70401,20
13.0441398621,80.2096328735,70583,70599,16
13.0442695618,80.2118911743,70712,70742,30
13.0470199585,80.2121887207,70883,70910,27
13.0490398407,80.2077407837,71083,71103,20
13.0489597321,80.2074584961,71103,71124,21
13.0492801666,80.2071762085,71899,71929,30
13.0497703552,80.2122192383,72292,72312,20
13.0493803024,80.2121963501,72323,72343,20
13.0493803024,80.2121963501,72343,72359,16
13.0310697556,80.2167663574,73856,73876,20
13.0290203094,80.2241592407,74098,74118,20
13.0299501419,80.230796814,74330,74360,30
13.0276603699,80.2316207886,74421,74437,16
13.0143098831,80.2262420654,74834,74854,20
13.0068502426,80.2406768799,75146,75167,21
13.0016202927,80.2565002441,75590,75611,21
13.0016202927,80.2565002441,75611,75628,17
12.9998703003,80.2562789917,75690,75711,21
12.9970397949,80.2558822632,75842,75862,20
13.0002498627,80.2662811279,76276,76306,30
13.0004501343,80.2668762207,76589,76619,30
12.9955101013,80.2680892944,76690,76710,20
13.0028400421,80.2550201416,77204,77225,21
13.0062198639,80.2577972412,77275,77305,30
13.0061502457,80.2568511963,77315,77331,16
13.0118198395,80.2205581665,77969,77990,21
13.019659996,80.2245483398,78151,78171,20
13.024600029,80.2289505005,78252,78272,20
13.040019989,80.2054977417,79705,79721,16
13.0495004654,80.2072677612,80108,80128,20
13.0491504669,80.2070236206,80128,80149,21
13.0388097763,80.199798584,80802,80818,16
13.0367603302,80.1986618042,81032,81052,20
13.03565979,80.2063293457,81214,81230,16
13.0341701508,80.2120819092,81353,81373,20
13.0314998627,80.217010498,81728,81744,16
13.0279903412,80.226020813,81978,81994,16
13.0238800049,80.2282562256,82361,82381,20
13.0136003494,80.2265319824,82563,82579,16
13.0066795349,80.2573165894,83035,83055,20
12.9960899353,80.2678527832,83550,83570,20
12.9960899353,80.2679901123,83570,83590,20
13.0758600235,80.2750320435,17373,17403,30
13.0759401321,80.2753067017,17413,17434,21
13.0233697891,80.2276077271,18940,18970,30
13.022769928,80.2270584106,19001,19017,16
13.0060796738,80.247428894,19373,19393,20
12.9878797531,80.251411438,19524,19544,20
12.9785404205,80.2525482178,19635,19656,21
12.9562101364,80.243560791,19898,19914,16
12.9398202896,80.2358016968,20078,20098,20
12.8995895386,80.2279205322,20533,20553,20
12.8848800659,80.2268295288,20695,20715,20
12.7866601944,80.2205734253,21797,21817,20
12.74036026,80.1953811646,22363,22379,16
12.7222795486,80.1875686646,22603,22624,21
12.7295103073,80.1889572144,24162,24183,21
12.7864599228,80.220413208,24759,24789,30
12.8433599472,80.2267608643,25497,25513,16
12.8452301025,80.2265396118,25513,25535,22
12.8767299652,80.2268600464,25808,25828,20
12.9024400711,80.2279510498,26142,26160,18
12.9136295319,80.2292175293,26294,26314,20
12.9298200607,80.2314910889,26476,26492,16
12.9486198425,80.2405090332,26707,26727,20
12.9796199799,80.252571106,27265,27285,20
12.9861402512,80.251739502,27366,27386,20
13.0067396164,80.240562439,27740,27756,16
13.0154695511,80.224899292,28011,28031,20
13.0154695511,80.224899292,28031,28047,16
13.0225000381,80.226600647,28130,28150,20
13.0358400345,80.2461624146,28474,28494,20
13.0505800247,80.25,28777,28793,16
13.072019577,80.274810791,31526,31546,20
13.0707998276,80.274307251,31576,31596,20
13.0650901794,80.2676010132,31741,31761,20
13.0603904724,80.2655029297,31842,31862,20
13.036860466,80.2465362549,32418,32439,21
13.0352602005,80.2460708618,32469,32489,20
13.0142297745,80.2263031006,33218,33238,20
13.0088701248,80.2304000854,33350,33380,30
13.0085201263,80.2321929932,33481,33502,21
13.0067501068,80.2460021973,34107,34128,21
13.0067596436,80.2463531494,34138,34159,21
13.0067796707,80.2467269897,34169,34189,20
12.9786195755,80.2525634766,34714,34735,21
12.9596004486,80.2449111938,35008,35028,20
12.9566202164,80.2437133789,35088,35109,21
12.9362897873,80.2340927124,35543,35564,21
12.9339799881,80.2330093384,35604,35624,20
12.9133195877,80.2292861938,35867,35887,20
12.9043798447,80.2282104492,36140,36160,20
12.8835096359,80.2265777588,36514,36534,20
12.8498096466,80.2266387939,36878,36898,20
12.8460597992,80.226600647,36938,36958,20
12.8454799652,80.2265777588,36979,36999,20
12.8408498764,80.2274627686,37059,37080,21
12.8406600952,80.2275009155,37080,37100,20
12.8399400711,80.2277374268,37181,37211,30
12.7930603027,80.2224578857,37777,37793,16
12.7864599228,80.2205123901,37856,37885,29
12.7864198685,80.2203826904,38665,38685,20
12.8001699448,80.2234191895,38877,38893,16
12.8309202194,80.2293930054,39198,39218,20
12.83852005,80.227897644,39330,39350,20
12.8387098312,80.2278366089,39350,39380,30
12.8392601013,80.2276535034,39499,39520,21
12.8850402832,80.2266082764,40116,40136,20
12.8885402679,80.2272567749,40177,40193,16
12.8921604156,80.2272796631,40205,40225,20
12.9139499664,80.2292404175,40690,40710,20
12.9264202118,80.2309188843,40822,40842,20
12.9336500168,80.2327270508,40923,40943,20
12.9375896454,80.234588623,41014,41030,16
12.9562997818,80.243270874,41326,41356,30
12.9668598175,80.2479400635,41548,41569,21
13.0064897537,80.2464675903,42638,42658,20
13.0066204071,80.2454299927,42678,42694,16
13.0149402618,80.2245864868,43020,43036,16
13.022480011,80.2264709473,43149,43172,23
13.0244197845,80.2285385132,43204,43233,29
13.0264997482,80.2328491211,43448,43468,20
13.0303401947,80.2384109497,43579,43595,16
13.0470895767,80.2483978271,44052,44069,17
13.054400444,80.2538223267,44254,44274,20
13.0552997589,80.254989624,44315,44331,16
13.0681200027,80.2702407837,44738,44754,16
13.0819301605,80.2755584717,45060,45090,30
13.0824699402,80.2785873413,45211,45232,21
13.0814800262,80.2755432129,45302,45323,21
13.0815401077,80.2758789063,47749,47769,20
13.081489563,80.2754974365,47789,47809,20
13.0718698502,80.2746810913,47981,48001,20
13.0687999725,80.271987915,48082,48102,20
13.0587701797,80.265411377,48405,48422,17
13.0565595627,80.257598877,48565,48584,19
13.0564699173,80.2573394775,48596,48616,20
13.0563898087,80.2568435669,48686,48707,21
13.0551595688,80.2549591064,48798,48818,20
13.0551595688,80.2549591064,48818,48834,16
13.0362901688,80.2463684082,49291,49307,16
13.0267095566,80.2334594727,49684,49714,30
13.0143003464,80.2262802124,50008,50025,17
13.0070495605,80.2392578125,50178,50198,20
13.0066699982,80.2425308228,50269,50285,16
13.0067195892,80.2453765869,50420,50443,23
12.9565696716,80.2436294556,51183,51211,28
12.8925600052,80.2274475098,52092,52112,20
12.8764600754,80.2270431519,52274,52294,20
12.8609399796,80.2266235352,52425,52455,30
12.8353099823,80.2285690308,52759,52775,16
12.7869195938,80.2206802368,53272,53291,19
12.7861604691,80.2204818726,53717,53737,20
12.7965297699,80.2229766846,53909,53925,16
12.8314599991,80.2291564941,54230,54251,21
12.8507299423,80.2265319824,54483,54499,16
12.9018802643,80.227897644,55039,55055,16
12.9058103561,80.2280807495,55098,55118,20
12.936920166,80.2342300415,55462,55478,16
12.9668903351,80.2479095459,55916,55937,21
13.0819501877,80.2759780884,59929,59959,30
13.0829000473,80.2788314819,60050,60080,30
13.0656900406,80.2677612305,60575,60596,21
13.0626497269,80.2670516968,60677,60693,16
13.0584201813,80.2654571533,60776,60796,20
13.056429863,80.2571105957,60978,60998,20
13.0348997116,80.2458190918,61483,61499,16
13.0323600769,80.2426071167,61623,61643,20
13.0234003067,80.2276611328,62037,62067,30
13.0193395615,80.2244796753,62148,62165,17
13.0144300461,80.2262420654,62217,62237,20
12.965259552,80.247428894,63108,63128,20
12.9564399719,80.2436904907,63289,63310,21
12.9470996857,80.2400283813,63441,63461,20
12.9336500168,80.2328720093,63643,63659,16
12.9011697769,80.2280426025,64066,64086,20
12.8986597061,80.2278900146,64126,64153,27
12.8838596344,80.2266082764,64347,64367,20
12.8188896179,80.2305221558,65206,65236,30
12.804889679,80.2240066528,65469,65489,20
12.8008699417,80.2236175537,65540,65560,20
12.8008699417,80.2236175537,65560,65576,16
12.7845697403,80.2195968628,65851,65881,30
12.7704296112,80.2130966187,66033,66053,20
12.7565402985,80.2070999146,66195,66215,20
12.7416000366,80.1971969604,66387,66407,20
12.7270097733,80.1884002686,67920,67937,17
12.7656698227,80.2113113403,68343,68359,16
12.796380043,80.2229690552,68765,68786,21
12.8308601379,80.2294235229,69271,69287,16
12.8386898041,80.2279586792,69390,69410,20
12.83934021,80.2276992798,69501,69522,21
12.8607797623,80.2265625,70108,70128,20
12.8759803772,80.2269592285,70310,70340,30
12.8767299652,80.2269363403,70371,70391,20
12.9335899353,80.2327880859,71473,71493,20
12.9336595535,80.2328262329,71493,71513,20
12.9395303726,80.2356185913,71634,71655,21
12.9471998215,80.2399978638,71756,71786,30
12.9478797913,80.2402877808,71806,71826,20
12.9895000458,80.2509307861,72888,72918,30
13.006480217,80.2464828491,73090,73110,20
13.0065803528,80.2408218384,73191,73221,30
13.0070295334,80.2384185791,73272,73288,16
13.019659996,80.2245864868,73635,73655,20
13.0388402939,80.2468185425,74171,74201,30
13.04708004,80.2485427856,74332,74348,16
13.0680904388,80.2693634033,74756,74772,16
13.0706996918,80.2739181519,74855,74875,20
13.0831804276,80.278137207,75664,75680,16
13.0758104324,80.2754974365,75935,75955,20
13.0502595901,80.2070465088,7835,7855,20
13.0494699478,80.2068481445,23081,23101,20
13.0498199463,80.211479187,23222,23252,30
13.0498895645,80.2118301392,23273,23289,16
13.0680904388,80.207649231,23593,23609,16
13.0687999725,80.2054214478,23793,23813,20
13.0649995804,80.2113571167,24842,24862,20
13.0495300293,80.2122421265,25125,25145,20
13.0341396332,80.2120819092,25347,25367,20
13.0296497345,80.208946228,25478,25498,20
13.0190095901,80.2063369751,25659,25680,21
13.0129499435,80.207572937,25841,25857,16
13.0126895905,80.2216720581,26281,26297,16
12.9872198105,80.2595901489,27944,27973,29
12.9867401123,80.2590179443,29266,29296,30
12.987569809,80.2569580078,29467,29487,20
12.9875802994,80.2566375732,29498,29514,16
12.987739563,80.2549591064,29536,29555,19
12.9800300598,80.2518005371,29818,29834,16
12.9813404083,80.2430801392,30109,30139,30
12.9812898636,80.2383880615,30210,30240,30
12.9812803268,80.2379608154,30250,30270,20
12.9812803268,80.2379608154,30270,30286,16
12.9816598892,80.2332992554,30379,30409,30
12.9806203842,80.2289733887,30530,30551,21
12.9756402969,80.2210769653,30824,30854,30
12.9976596832,80.2160110474,31599,31629,30
13.0025501251,80.2120895386,31770,31790,20
13.0036401749,80.2118377686,31820,31841,21
13.0152301788,80.2046813965,32315,32345,30
13.0244503021,80.2067184448,32597,32627,30
13.0317897797,80.2094573975,32738,32758,20
13.0350399017,80.2110977173,32839,32859,20
13.0483999252,80.212059021,33202,33222,20
13.0543899536,80.2114181519,33394,33414,20
13.0584402084,80.2114334106,33495,33511,16
13.0652799606,80.211151123,34411,34430,19
13.0603399277,80.2116928101,34542,34562,20
13.0596399307,80.2116928101,34651,34680,29
13.0588998795,80.2117233276,34792,34822,30
13.0586795807,80.2117233276,34822,34842,20
13.0555801392,80.2116012573,35135,35165,30
13.0548400879,80.2115631104,35205,35225,20
13.0546598434,80.2115478516,35236,35266,30
13.0540599823,80.2116699219,35296,35326,30
13.0531196594,80.2119216919,35367,35387,20
13.0496101379,80.2121810913,35599,35619,20
13.0379600525,80.2124176025,36063,36083,20
13.0356397629,80.212310791,36153,36174,21
13.0342903137,80.2121200562,36224,36240,16
13.0312004089,80.2093963623,36343,36373,30
13.0224599838,80.2065734863,36555,36575,20
13.0218296051,80.206451416,36585,36605,20
13.0189599991,80.2062835693,36656,36676,20
13.0137195587,80.2044219971,36817,36837,20
13.0098104477,80.2113113403,37079,37109,30
13.0153398514,80.2257232666,37461,37481,20
13.0146102905,80.22605896,37501,37517,16
12.997420311,80.2165374756,37824,37844,20
12.9971704483,80.2165374756,37854,37874,20
12.9961996078,80.2166213989,37904,37924,20
12.9868402481,80.2182235718,38126,38146,20
12.9837999344,80.2179336548,38187,38207,20
12.9762296677,80.2201309204,38398,38419,21
12.9816999435,80.2305297852,38852,38872,20
12.9801197052,80.2521591187,39246,39266,20
12.9846000671,80.2521362305,39367,39397,30
12.9871797562,80.2596206665,40133,40163,30
12.9877195358,80.2548828125,40758,40779,21
12.987830162,80.2530975342,40900,40916,16
12.9812202454,80.2379302979,41361,41382,21
12.9815397263,80.2334976196,41513,41543,30
12.9838399887,80.2179031372,42027,42047,20
12.9974603653,80.2161407471,42279,42299,20
13.0073299408,80.2098236084,42582,42602,20
13.018699646,80.2060012817,42915,42935,20
13.0301198959,80.2089996338,43128,43148,20
13.0367803574,80.212272644,43349,43370,21
13.0370903015,80.2122497559,43380,43400,20
13.0374002457,80.2122573853,43410,43430,20
13.0672302246,80.2088623047,44075,44096,21
13.0686798096,80.2052230835,44207,44227,20
13.0649795532,80.2113189697,44761,44782,21
13.0576295853,80.2115783691,44893,44913,20
13.0511398315,80.2121200562,45007,45028,21
13.0499296188,80.2121582031,45048,45068,20
13.0385599136,80.2124023438,45300,45320,20
13.0342197418,80.2121429443,45441,45461,20
13.0328502655,80.2118606567,45492,45508,16
13.0305204391,80.2092590332,45560,45580,20
13.0147399902,80.2048416138,45863,45879,16
13.0099601746,80.2114334106,46123,46139,16
13.0093002319,80.2111816406,46171,46191,20
13.0123796463,80.2215118408,46374,46390,16
13.0150899887,80.2258529663,46463,46484,21
12.9961900711,80.2165985107,46978,46998,20
12.9958496094,80.2166900635,47008,47029,21
12.9952898026,80.2168884277,47039,47069,30
12.9763402939,80.2217102051,47462,47482,20
12.9820699692,80.2316436768,47815,47835,20
12.9820804596,80.2319793701,47856,47876,20
12.9815196991,80.2336578369,47997,48017,20
12.9813098907,80.2428970337,48188,48209,21
12.9800796509,80.252243042,48319,48340,21
12.9871902466,80.2594528198,48916,48936,20
12.9798803329,80.252243042,51216,51236,20
12.9769096375,80.2227401733,51861,51882,21
12.9757204056,80.2210769653,51922,51942,20
12.9757204056,80.2210769653,51942,51958,16
12.9920902252,80.2191467285,52253,52269,16
13.0042600632,80.2087173462,52563,52580,17
13.007399559,80.2097930908,52622,52642,20
13.0376796722,80.2122879028,53368,53384,16
13.069560051,80.2052536011,53952,53982,30
13.0637598038,80.2116317749,54598,54628,30
13.0494203568,80.2121734619,54846,54867,21
13.0308904648,80.2093887329,55290,55314,24
13.0297298431,80.2089996338,55336,55355,19
13.00963974,80.2111816406,55850,55870,20
12.9847097397,80.2179031372,56687,56703,16
12.9762897491,80.2216567993,56937,56958,21
12.9813604355,80.2429122925,57290,57311,21
12.9876098633,80.2562026978,57734,57754,20
12.9804496765,80.252746582,59247,59267,20
12.9813299179,80.2429580688,59439,59459,20
12.9758901596,80.2213363647,59913,59933,20
12.9757995605,80.2212371826,59933,59953,20
13.0074396133,80.2098464966,60568,60588,20
13.0079898834,80.2089767456,60639,60655,16
13.0350503922,80.2113876343,61252,61272,20
13.0485801697,80.2119674683,61706,61726,20
13.0687704086,80.2065200806,62089,62105,16
13.0638999939,80.2117767334,62934,62955,21
13.0494804382,80.2122573853,63278,63299,21
13.0345602036,80.2122497559,63581,63601,20
13.0298900604,80.2090835571,63773,63803,30
13.0191698074,80.2063598633,64015,64035,20
13.0102500916,80.2116165161,64398,64428,30
13.0102796555,80.2156677246,64670,64686,16
13.0127401352,80.2218017578,64749,64769,20
13.0016403198,80.2186889648,65354,65374,20
13.0011396408,80.2183380127,65425,65455,30
13.0008201599,80.2181167603,65465,65495,30
12.9998998642,80.2175521851,65616,65637,21
12.999130249,80.2171096802,65667,65697,30
12.9988603592,80.2169799805,65707,65737,30
12.9978199005,80.2166519165,65889,65909,20
12.9842100143,80.2180099487,66262,66282,20
12.9810199738,80.2295837402,66887,66903,16
12.982170105,80.2526321411,67440,67470,30
12.9869804382,80.259147644,69730,69760,30
12.9876899719,80.2516784668,70185,70205,20
12.9812803268,80.2432022095,70588,70618,30
12.9812803268,80.2428817749,70628,70649,21
12.9812002182,80.2379837036,70739,70759,20
12.9814100266,80.2336196899,70830,70850,20
12.9805202484,80.2289581299,71012,71032,20
12.9762296677,80.2219009399,71223,71244,21
12.9752101898,80.2207107544,71435,71455,20
13.014960289,80.2046508789,72586,72606,20
13.0186595917,80.205909729,72687,72707,20
13.0258903503,80.2072525024,72838,72854,16
13.0298204422,80.2088775635,73009,73039,30
13.0685901642,80.2048110962,74851,74881,30
13.0687904358,80.2047576904,74891,74921,30
13.0508804321,80.2121429443,75466,75486,20
13.0188598633,80.2063369751,76263,76279,16
13.0098304749,80.2140197754,76766,76782,16
13.0103702545,80.2227935791,77137,77157,20
12.9840097427,80.2180328369,77682,77702,20
12.9756698608,80.2203979492,77833,77853,20
12.9796495438,80.2273712158,78055,78071,16
12.9815397263,80.2335968018,78174,78194,20
12.9812803268,80.2387313843,78275,78295,20
12.9813404083,80.2429733276,78376,78396,20
12.9800395966,80.2523269653,78507,78537,30
12.9872903824,80.2591934204,79193,79223,30
12.9877595901,80.2537765503,79889,79905,16
12.9813404083,80.2429275513,80280,80300,20
12.9812402725,80.2378768921,80381,80411,30
13.0301198959,80.2089614868,82088,82108,20
13.0328598022,80.2096405029,82158,82174,16
13.0506000519,80.2069320679,84203,84233,30
12.9976997375,80.2561035156,19586,19616,30
12.9961500168,80.2677230835,20050,20066,16
12.996219635,80.2622909546,20877,20897,20
13.0073795319,80.2370376587,21603,21620,17
13.0286998749,80.2308578491,22167,22184,17
13.0319499969,80.2214126587,22509,22525,16
13.0371398926,80.1958999634,23174,23190,16
13.0414304733,80.1964416504,23333,23353,20
13.0488796234,80.2071762085,23815,23836,21
13.0490102768,80.2068405151,23856,23886,30
13.0383701324,80.2030410767,25390,25405,15
13.0394001007,80.1960525513,25547,25565,18
13.0372600555,80.1960296631,25699,25729,30
13.0371398926,80.1968231201,25749,25768,19
13.036359787,80.2018585205,25854,25874,20
13.0361604691,80.2032012939,25904,25928,24
13.0300703049,80.209602356,26254,26274,20
13.0303602219,80.2148284912,26415,26435,20
13.0307798386,80.2169189453,26486,26506,20
13.0322799683,80.2203216553,26587,26607,20
13.0299396515,80.2308120728,26961,26981,20
13.0271902084,80.2329330444,27083,27103,20
13.0239095688,80.228187561,27194,27215,21
13.0143699646,80.2262878418,27385,27406,21
13.0067195892,80.2451019287,27770,27790,20
13.0067195892,80.2451019287,27790,27806,16
13.005979538,80.2575302124,28100,28120,20
13.0057897568,80.2574310303,28120,28140,20
13.0003595352,80.2662734985,30736,30766,30
12.9956598282,80.2672805786,30887,30907,20
12.9961996078,80.2625732422,30998,31018,20
12.9987401962,80.2559814453,31180,31210,30
13.0065097809,80.2545471191,31381,31398,17
13.0066699982,80.2490081787,31561,31591,30
13.0143098831,80.2236022949,32267,32284,17
13.0221996307,80.2263793945,32528,32544,16
13.0288000107,80.223991394,33131,33147,16
13.0360097885,80.2037200928,33948,33964,16
13.0392398834,80.1929397583,34269,34285,16
13.0405902863,80.2026290894,34509,34525,16
13.0411701202,80.2051391602,34575,34597,22
13.0441799164,80.2089080811,34688,34709,21
13.0443696976,80.2119522095,34759,34789,30
13.0470104218,80.212097168,34910,34931,21
13.0470504761,80.2119369507,34931,34951,20
13.0492601395,80.2108078003,35021,35042,21
13.0496797562,80.2100601196,35072,35088,16
13.0492696762,80.2121963501,36048,36068,20
13.0451202393,80.2124023438,36128,36150,22
13.0440998077,80.2088394165,36240,36261,21
13.0395202637,80.2049636841,36392,36408,16
13.0389204025,80.1992263794,36561,36582,21
13.0397596359,80.1931610107,36713,36733,20
13.0368795395,80.1985702515,36904,36925,21
13.0364198685,80.2016372681,36985,37005,20
13.0300798416,80.2095794678,37389,37409,20
13.0297002792,80.2273178101,37986,38002,16
13.0297203064,80.2308425903,38238,38258,20
13.0208597183,80.225479126,38762,38778,16
13.0066995621,80.2439880371,39578,39594,16
12.9977197647,80.2560424805,40062,40092,30
12.9976396561,80.2561569214,40375,40395,20
12.9961004257,80.2676773071,40617,40637,20
13.0003004074,80.2662887573,40758,40778,20
12.998840332,80.2560195923,41243,41263,20
13.0064697266,80.2532806396,41515,41535,20
13.0066204071,80.248626709,41697,41717,20
13.0073604584,80.2368392944,42010,42030,20
13.0178499222,80.2247467041,42413,42429,16
13.0266895294,80.2312164307,42754,42770,16
13.0321302414,80.2197418213,43257,43277,20
13.0316295624,80.2094116211,43630,43650,20
13.0352401733,80.2086105347,43731,43761,30
13.0362701416,80.2015609741,43913,43933,20
13.0370798111,80.1967163086,44034,44050,16
13.038769722,80.1928787231,44132,44154,22
13.0413599014,80.1968231201,44295,44311,16
13.0441598892,80.2090911865,44605,44625,20
13.0470504761,80.2118377686,44737,44757,20
13.0490598679,80.2108306885,44828,44844,16
13.048910141,80.2074432373,44897,44917,20
13.038649559,80.1928863525,46057,46077,20
13.0372400284,80.1959915161,46138,46158,20
13.0368404388,80.198677063,46208,46229,21
13.0354003906,80.2084503174,46471,46491,20
13.032409668,80.2119216919,46602,46622,20
13.0309095383,80.2106628418,46804,46820,16
13.0303297043,80.2147827148,46903,46923,20
13.0306901932,80.2168273926,46973,46995,22
13.0321598053,80.2202682495,47079,47099,20
13.0290899277,80.224281311,47251,47281,30
13.0287399292,80.2241363525,47291,47307,16
13.0303401947,80.2279968262,47411,47430,19
13.0298204422,80.2308425903,47522,47542,20
13.0261802673,80.2322235107,47684,47700,16
13.0238399506,80.2281112671,47742,47762,20
13.0145597458,80.2261810303,47904,47924,20
13.0088596344,80.2297973633,48015,48031,16
13.0081701279,80.2336730957,48052,48073,21
13.0066795349,80.2432937622,48296,48316,20
13.0066604614,80.2437286377,48326,48347,21
13.006819725,80.2512130737,48488,48508,20
12.9975404739,80.2560119629,48862,48882,20
12.9968204498,80.2570037842,48913,48933,20
12.9961500168,80.2676773071,49135,49165,30
12.9956598282,80.2673568726,49851,49871,20
12.9961795807,80.2626190186,49952,49972,20
12.9986200333,80.2559814453,50204,50225,21
13.0050601959,80.2571563721,50406,50422,16
13.0064697266,80.2532577515,50495,50514,19
13.0065603256,80.2464828491,50798,50818,20
13.0066299438,80.2405471802,50949,50969,20
13.0066299438,80.2405471802,50969,50985,16
13.007349968,80.2369613647,51038,51058,20
13.0154895782,80.2249679565,51402,51422,20
13.0260000229,80.2310562134,51725,51745,20
13.0311203003,80.2238006592,52129,52145,16
13.0352497101,80.2086868286,52712,52728,16
13.0412597656,80.2051391602,53437,53458,21
13.0441799164,80.2089309692,53538,53559,21
13.0443000793,80.2119369507,53609,53629,20
13.0494203568,80.2086410522,53831,53847,16
13.0497999191,80.2116470337,54990,55016,26
13.0494804382,80.2121734619,55048,55068,20
13.0450000763,80.2123413086,55139,55169,30
13.0397195816,80.1932296753,55684,55704,20
13.0372200012,80.1959991455,55815,55835,20
13.0368204117,80.1986236572,55875,55896,21
13.0354204178,80.208442688,56077,56097,20
13.0354204178,80.208442688,56097,56114,17
13.0304002762,80.2142868042,56470,56486,16
13.0306396484,80.2168197632,56517,56539,22
13.0303602219,80.2281112671,56903,56933,30
13.0306596756,80.2306594849,56983,57000,17
13.0296401978,80.2308807373,57022,57052,30
13.024600029,80.2290725708,57295,57315,20
13.0174999237,80.2249832153,57467,57483,16
13.0068998337,80.2405166626,57809,57825,16
13.006770134,80.2465286255,57880,57900,20
13.0068798065,80.2496490479,57950,57970,20
12.9990701675,80.2561187744,59850,59880,30
13.00096035,80.2564468384,59920,59940,20
13.0065402985,80.2522735596,60152,60182,30
13.0065698624,80.2467269897,60324,60344,20
13.0077600479,80.2351379395,60586,60606,20
13.0124397278,80.2216033936,60788,60804,16
13.0156402588,80.2251205444,60846,60867,21
13.0257301331,80.2303237915,61200,61220,20
13.0288801193,80.2308578491,61321,61341,20
13.0303497314,80.2282104492,61442,61468,26
13.0303497314,80.2145004272,61904,61924,20
13.0301399231,80.2098617554,62055,62072,17
13.0316801071,80.2093963623,62175,62195,20
13.0352802277,80.2086486816,62276,62306,30
13.0354995728,80.2056427002,62366,62387,21
13.0386600494,80.1928482056,62709,62730,21
13.0441999435,80.2087631226,63155,63176,21
13.0488901138,80.2072525024,63458,63478,20
13.0497903824,80.21144104,64203,64223,20
13.049539566,80.2122268677,64274,64304,30
13.044549942,80.2124633789,64385,64415,30
13.0442695618,80.2122268677,64435,64451,16
13.0388898849,80.1992797852,64867,64887,20
13.0397596359,80.1932983398,65008,65028,20
13.0386199951,80.1928863525,65059,65089,30
13.0372800827,80.1960067749,65160,65180,20
13.0368995667,80.198638916,65240,65256,16
13.0364103317,80.2018432617,65308,65338,30
13.0354604721,80.2084579468,65522,65542,20
13.0300998688,80.2095870972,65845,65865,20
13.030380249,80.2148132324,66006,66027,21
13.0306797028,80.2169265747,66067,66087,20
13.0306797028,80.2169265747,66087,66103,16
13.0290298462,80.224319458,66340,66360,20
13.0304203033,80.2279891968,66492,66508,16
13.0297403336,80.2309036255,66600,66621,21
13.0238800049,80.2282714844,66974,66994,20
13.0086202621,80.2316665649,67398,67418,20
13.0083198547,80.2334365845,67489,67509,20
13.007900238,80.2352981567,67569,67590,21
13.0068998337,80.2407684326,67781,67802,21
13.0067396164,80.2450027466,67923,67939,16
13.0068702698,80.2497024536,68011,68032,21
13.0066299438,80.2550201416,68153,68173,20
13.0020599365,80.2567520142,68474,68494,20
12.9982700348,80.2561035156,68565,68595,30
13.0000295639,80.2667236328,69059,69079,20
13.0064296722,80.253288269,70269,70289,20
13.0066003799,80.2406463623,70723,70753,30
13.0073795319,80.2367401123,70824,70844,20
13.0112199783,80.2233810425,71036,71056,20
13.0132703781,80.2226867676,71127,71143,16
13.0155200958,80.2250671387,71185,71205,20
13.0192699432,80.2243423462,71267,71287,20
13.0246095657,80.2289199829,71459,71489,30
13.0258798599,80.230796814,71539,71560,21
13.028380394,80.2309188843,71701,71721,20
13.032119751,80.2197036743,72327,72357,30
13.0315799713,80.2094192505,72771,72791,20
13.0351896286,80.2087020874,72872,72892,20
13.0366897583,80.198387146,73144,73164,20
13.0370101929,80.1963500977,73205,73225,20
13.038769722,80.1929016113,73316,73336,20
13.0493602753,80.209312439,74152,74172,20
13.0488100052,80.2073898315,74203,74223,20
13.0495796204,80.2122192383,75666,75686,20
13.0380601883,80.2047729492,76050,76066,16
13.0395298004,80.1945114136,76239,76255,16
13.0321502686,80.2206115723,77166,77182,16
13.0268096924,80.2330093384,77598,77628,30
13.0131797791,80.2267837524,77941,77957,16
13.0066900253,80.2460021973,78292,78312,20
13.0066900253,80.2464065552,78322,78350,28
13.0067996979,80.2514419556,78420,78441,21
12.9968795776,80.2561264038,78754,78770,16
12.9976501465,80.2560806274,79227,79247,20
12.9972200394,80.2571487427,85991,86021,30
13.0912303925,80.2276535034,26631,26661,30
13.0888900757,80.2308883667,26732,26762,30
13.0824298859,80.2336502075,27055,27075,20
13.0796003342,80.2335281372,27125,27146,21
13.0765600204,80.237411499,27315,27335,20
13.06772995,80.2464523315,27884,27904,20
13.0588998795,80.2425613403,28157,28177,20
13.0537996292,80.2423019409,28247,28274,27
13.0462503433,80.2394485474,28458,28482,24
13.0334596634,80.2304382324,28777,28797,20
13.0315303802,80.2306671143,28837,28853,16
13.0239601135,80.2282867432,29118,29138,20
13.0144195557,80.2262496948,29300,29320,20
13.0141000748,80.2263717651,29330,29346,16
13.0079803467,80.2348632813,29492,29512,20
13.0067796707,80.2424316406,29815,29845,30
13.0067396164,80.2430725098,29865,29885,20
13.0067396164,80.2453994751,29956,29976,20
13.0017995834,80.2566375732,30259,30289,30
13.0016002655,80.2565765381,30289,30309,20
12.9974803925,80.2559585571,30481,30497,16
12.9962396622,80.2625274658,30600,30620,20
12.9986696243,80.2559890747,32539,32569,30
13.0066003799,80.2467193604,33416,33436,20
13.0301799774,80.2306976318,34777,34807,30
13.0342702866,80.2303695679,34908,34938,30
13.0344600677,80.2303314209,34938,34958,20
13.0348300934,80.2303390503,34969,34989,20
13.0349998474,80.2304229736,34999,35019,20
13.034239769,80.236656189,35140,35170,30
13.0462598801,80.2394714355,35584,35601,17
13.0625295639,80.2433166504,36016,36037,21
13.0699100494,80.2420806885,36249,36269,20
13.0764198303,80.2370910645,36441,36461,20
13.0803003311,80.2334823608,36612,36633,21
13.0888395309,80.2305526733,36925,36946,21
13.0990104675,80.2140808105,37299,37315,16
13.098690033,80.2140579224,37996,38016,20
13.0888395309,80.2308731079,38349,38369,20
13.085100174,80.2341995239,38470,38490,20
13.0823898315,80.2336425781,38561,38591,30
13.0765199661,80.2372131348,38763,38783,20
13.0679302216,80.2465286255,39328,39349,21
13.0606899261,80.242980957,39591,39607,16
13.0590801239,80.2426071167,39648,39670,22
13.0446996689,80.2326278687,40175,40191,16
13.0361299515,80.2305603027,40294,40312,18
13.0334701538,80.2304992676,40425,40445,20
13.0308799744,80.23072052,40718,40738,20
13.0299596786,80.2308273315,40758,40788,30
13.0246200562,80.2291412354,41243,41273,30
13.0239295959,80.2283401489,41293,41314,21
13.0072803497,80.2383422852,41738,41758,20
13.0067396164,80.2426528931,41970,41990,20
13.0067396164,80.2455978394,42131,42148,17
13.0068798065,80.2496185303,42200,42220,20
13.0065898895,80.2567596436,43220,43250,30
13.0065698624,80.2577362061,43341,43361,20
13.006480217,80.2533493042,43442,43462,20
13.0065402985,80.2465591431,43755,43785,30
13.0066204071,80.2409133911,43886,43916,30
13.0155496597,80.2249603271,44290,44310,20
13.0219697952,80.2261962891,44421,44451,30
13.0242795944,80.2283935547,44492,44512,20
13.0254497528,80.2299804688,44552,44573,21
13.0273199081,80.231010437,44643,44659,16
13.0334796906,80.2304992676,44803,44823,20
13.0347204208,80.2303390503,44905,44935,30
13.0396099091,80.2398071289,45228,45258,30
13.0540599823,80.2422332764,45702,45723,21
13.0627803802,80.2432937622,45985,46001,16
13.0653400421,80.2435684204,46001,46022,21
13.0687704086,80.2424316406,46097,46117,20
13.0699300766,80.2420883179,46148,46168,20
13.0693101883,80.2434005737,49496,49516,20
13.0634098053,80.2437362671,49869,49886,17
13.0628404617,80.2434082031,49886,49909,23
13.0069198608,80.2407302856,51641,51661,20
13.0068998337,80.2494888306,51793,51813,20
13.0066699982,80.2568969727,51934,51950,16
13.0002202988,80.2657775879,52551,52581,30
13.0003004074,80.2662811279,53843,53864,21
12.9955101013,80.2675170898,53964,53985,21
12.9955596924,80.2652282715,54005,54035,30
12.9961500168,80.262512207,54045,54065,20
13.0057401657,80.2572402954,54437,54457,20
13.0065002441,80.252822876,54548,54578,30
13.0073795319,80.2367401123,54922,54942,20
13.0182199478,80.2245635986,55295,55311,16
13.0218400955,80.22605896,55374,55394,20
13.0334196091,80.2304000854,55658,55688,30
13.0341501236,80.2303390503,55728,55749,21
13.0345697403,80.2302474976,55759,55789,30
13.0348701477,80.2303237915,55809,55829,20
13.0525598526,80.2413864136,56435,56455,20
13.0582103729,80.2426528931,56577,56593,16
13.0697402954,80.2420501709,56849,56879,30
13.0767602921,80.2389984131,57031,57051,20
13.076499939,80.2376022339,57112,57132,20
13.075799942,80.2342681885,57192,57213,21
13.0840196609,80.2338867188,57485,57506,21
13.1002998352,80.2145385742,58052,58082,30
13.100569725,80.2146224976,58092,58122,30
13.1000404358,80.2160415649,58153,58183,30
13.096449852,80.219543457,58920,58941,21
13.0912303925,80.2276535034,59062,59082,20
13.0765399933,80.2338409424,59496,59516,20
13.0768499374,80.237701416,59617,59647,30
13.0745201111,80.2522277832,59971,59991,20
13.0679197311,80.2465667725,60303,60324,21
13.0680103302,80.2466812134,60324,60354,30
13.0614595413,80.246887207,60435,60465,30
13.0537004471,80.2422790527,60748,60768,20
13.0519599915,80.240852356,60869,60889,20
13.0517196655,80.2407302856,60899,60915,16
13.0446195602,80.2325592041,61240,61257,17
13.0334796906,80.2304992676,61503,61522,19
13.027680397,80.2314605713,61644,61661,17
13.0261697769,80.2322235107,61713,61733,20
13.0241699219,80.2285232544,61794,61814,20
13.0214700699,80.2258987427,61895,61911,16
13.0079498291,80.2350006104,62156,62177,21
13.0067501068,80.2539367676,62843,62863,20
13.0069999695,80.2541732788,62984,63006,22
13.0066003799,80.2577590942,63288,63309,21
13.0074100494,80.2367477417,63935,63955,20
13.0218801498,80.2260665894,64500,64520,20
13.0289897919,80.2308578491,64783,64803,20
13.0338497162,80.2304382324,64985,65015,30
13.0344495773,80.2303695679,65086,65102,16
13.046500206,80.2395935059,65659,65679,20
13.0539102554,80.2422332764,65841,65861,20
13.0622997284,80.243347168,66144,66164,20
13.0634698868,80.2435302734,66194,66210,16
13.0699195862,80.2421112061,66455,66475,20
13.0764303207,80.2375564575,66707,66728,21
13.0971097946,80.217086792,67727,67747,20
13.0974702835,80.2162399292,67778,67808,30
13.0975704193,80.2160186768,67818,67848,30
13.0929203033,80.2258987427,69292,69308,16
13.0837001801,80.2339706421,69644,69674,30
13.0795297623,80.233581543,69795,69815,20
13.0764799118,80.2373809814,69957,69977,20
13.0692596436,80.2433776855,70431,70452,21
13.0616102219,80.2432098389,70916,70946,30
13.0594596863,80.2425994873,70997,71013,16
13.0587396622,80.2426376343,71025,71055,30
13.0536003113,80.2422637939,71197,71217,20
13.0532598495,80.2420578003,71227,71247,20
13.0509004593,80.2406387329,71318,71338,20
13.047249794,80.2334213257,71560,71577,17
13.0304002762,80.2308120728,72092,72111,19
13.0297603607,80.2308883667,72132,72152,20
13.025270462,80.2300796509,72314,72344,30
13.0082197189,80.233291626,72768,72788,20
13.0072202682,80.2382965088,72859,72879,20
13.0067901611,80.2492218018,73192,73212,20
13.0065402985,80.2568435669,73384,73414,30
12.9989099503,80.2671737671,74111,74127,16
13.0002202988,80.2664489746,74866,74887,21
12.9956197739,80.2675018311,75018,75038,20
12.9986000061,80.2560195923,75341,75371,30
13.0064201355,80.2534332275,75634,75654,20
13.0152997971,80.2249679565,76472,76492,20
13.0192403793,80.2244186401,76563,76579,16
13.0340795517,80.2304000854,76914,76934,20
13.034330368,80.2303695679,76945,76965,20
13.0349197388,80.2306594849,77035,77056,21
13.0342102051,80.2375030518,77207,77227,20
13.0409402847,80.2406005859,77389,77409,20
13.0563297272,80.2425765991,77752,77773,21
13.0576400757,80.2427978516,77803,77823,20
13.0616397858,80.2432403564,77904,77920,16
13.0680303574,80.2427215576,78033,78052,19
13.0698003769,80.2421264648,78072,78095,23
13.0763597488,80.2373962402,78267,78288,21
13.0839796066,80.2339706421,78580,78601,21
13.087439537,80.2345581055,78661,78677,16
13.1002902985,80.2145385742,79104,79134,30
13.0956201553,80.2216262817,79730,79746,16
13.0833501816,80.2338562012,80021,80040,19
13.0768404007,80.2390136719,80264,80280,16
13.0781698227,80.2474365234,80383,80406,23
13.0665998459,80.2460174561,80762,80778,16
13.0569696426,80.2428436279,81055,81077,22
13.0341396332,80.230506897,81652,81672,20
13.02684021,80.233039856,81834,81854,20
13.0142698288,80.226348877,82085,82107,22
13.0066900253,80.2459182739,82379,82395,16
13.0264196396,80.231262207,83448,83464,16
13.0541496277,80.2422485352,84052,84068,16
13.0645599365,80.2435073853,84211,84229,18
13.0766801834,80.2405166626,84413,84443,30
13.0994100571,80.2180633545,85183,85199,16
13.0987596512,80.2417373657,85847,85877,30
13.0988397598,80.2417678833,21298,21328,30
13.0991201401,80.2315597534,21510,21526,16
13.100230217,80.2145309448,21811,21841,30
13.0667104721,80.243270874,22658,22674,16
13.0678701401,80.2466125488,22697,22717,20
13.0527200699,80.2417984009,23030,23060,30
13.0309095383,80.2306671143,23564,23581,17
13.0068702698,80.2494506836,24361,24381,20
13.002869606,80.2567901611,24603,24619,16
13.0001401901,80.2563705444,24631,24649,18
13.0003700256,80.2661209106,26026,26046,20
12.9957103729,80.2672195435,26167,26197,30
12.9962100983,80.2627410889,26258,26278,20
12.9969100952,80.2560272217,26379,26409,30
12.998840332,80.2560119629,26460,26480,20
13.0066099167,80.2523269653,26739,26769,30
13.0067195892,80.2485580444,26840,26860,20
13.0154600143,80.2249603271,27298,27314,16
13.0246801376,80.2289428711,27449,27470,21
13.0284795761,80.2309036255,27550,27566,16
13.0664901733,80.243309021,28517,28533,16
13.0771903992,80.2404403687,28677,28700,23
13.076379776,80.2371826172,28742,28772,30
13.0768404007,80.2336807251,28904,28924,20
13.080329895,80.2335510254,28994,29015,21
13.0838403702,80.2339401245,29126,29142,16
13.0914497375,80.2272415161,29326,29347,21
13.0934200287,80.2252426147,29397,29413,16
13.0939702988,80.2247314453,31252,31268,16
13.0912599564,80.2275695801,31300,31330,30
13.0785198212,80.2508468628,32400,32420,20
13.0693101883,80.2432632446,32713,32743,30
13.0690498352,80.2425003052,32763,32783,20
13.068570137,80.2425003052,32803,32820,17
13.0678596497,80.2465820313,32933,32953,20
13.0643100739,80.2476577759,33033,33050,17
13.0631999969,80.2442398071,33112,33142,30
13.0586996078,80.2425918579,33294,33314,20
13.0509195328,80.2405166626,33536,33556,20
13.0451602936,80.2326507568,33768,33798,30
13.0334501266,80.2304611206,34071,34101,30
13.0299396515,80.2307815552,34182,34212,30
13.0246400833,80.229019165,34495,34515,20
13.0088596344,80.2304382324,35047,35068,21
13.0085897446,80.2318496704,35108,35128,20
13.008480072,80.2324066162,35148,35169,21
13.0079402924,80.2350463867,35340,35360,20
13.0078201294,80.2356719971,35370,35391,21
13.007349968,80.2381286621,35451,35481,30
13.0068397522,80.2408828735,35522,35552,30
13.0066795349,80.254699707,35804,35834,30
13.0000896454,80.256362915,36117,36137,20
12.9968795776,80.2566986084,36248,36273,25
12.9963598251,80.2677001953,36505,36526,21
12.9974899292,80.2676010132,36546,36562,16
13.0,80.2667617798,36574,36594,20
13.0003299713,80.2666931152,36867,36887,20
12.9957399368,80.2671279907,36998,37018,20
12.9968595505,80.2562637329,37220,37240,20
12.9985704422,80.2559661865,37290,37311,21
13.0062999725,80.2574081421,37543,37573,30
13.0065402985,80.2540664673,37644,37664,20
13.0066299438,80.246421814,38378,38398,20
13.0074300766,80.236656189,38832,38852,20
13.0154895782,80.2250137329,39125,39153,28
13.0218601227,80.2260971069,39286,39306,20
13.0236196518,80.2276687622,39488,39504,16
13.0330400467,80.2305221558,39768,39789,21
13.0333204269,80.2305221558,39809,39829,20
13.0445804596,80.240562439,40382,40398,16
13.0461997986,80.2395172119,40418,40440,22
13.0525398254,80.2412719727,40582,40608,26
13.0625400543,80.2433166504,40862,40882,20
13.0835103989,80.2336578369,41572,41593,21
13.0912504196,80.2276000977,42874,42894,20
13.0838499069,80.2339324951,43096,43126,30
13.0823402405,80.2337036133,43146,43167,21
13.0764799118,80.2373123169,43288,43308,20
13.0692796707,80.2432937622,43752,43772,20
13.0572395325,80.2428436279,44236,44266,30
13.0537996292,80.2422714233,44327,44346,19
13.0452699661,80.2326431274,44660,44680,20
13.0446395874,80.2324981689,44700,44716,16
13.0335102081,80.23046875,44931,44951,20
13.0246496201,80.2290725708,45296,45317,21
13.0239801407,80.2282562256,45337,45353,16
13.0081796646,80.2337036133,45668,45688,20
13.0066404343,80.2535629272,46656,46677,21
13.0067596436,80.2513198853,46798,46814,16
13.0111103058,80.2238922119,47219,47240,21
13.0158004761,80.2252502441,47371,47391,20
13.0219497681,80.2261886597,47502,47532,30
13.0247001648,80.2289962769,47593,47609,16
13.0333003998,80.2304992676,47773,47793,20
13.0348100662,80.2303237915,47925,47955,30
13.0400800705,80.2398834229,48298,48318,20
13.0441503525,80.2407836914,48429,48449,20
13.0540304184,80.2422027588,48662,48692,30
13.0623397827,80.2432785034,48874,48894,20
13.0654401779,80.243560791,48955,48975,20
13.0654401779,80.243560791,48975,48991,16
13.0700397491,80.2421035767,49074,49104,30
13.0767202377,80.2387237549,49336,49356,20
13.0802698135,80.2334823608,49598,49619,21
13.083990097,80.2339401245,49760,49780,20
13.091460228,80.2272186279,49982,50005,23
13.0956602097,80.2212524414,50086,50106,20
13.100569725,80.2147521973,50338,50354,16
13.0759496689,80.233833313,54281,54301,20
13.0773496628,80.2411499023,54523,54553,30
13.0777797699,80.2439498901,54604,54634,30
13.0782499313,80.2516403198,54755,54771,16
13.0692996979,80.2433624268,54955,54975,20
13.0526895523,80.2417602539,55560,55576,16
13.0451097488,80.2326583862,56147,56167,20
13.0334596634,80.230506897,56449,56469,20
13.0298299789,80.2308578491,56560,56580,20
13.006939888,80.2399215698,57327,57357,30
13.0068702698,80.2406692505,57367,57388,21
13.000120163,80.256401062,57942,57963,21
12.9968500137,80.2570495605,58074,58090,16
13.0000696182,80.2666778564,58334,58354,20
12.9982795715,80.2674102783,59333,59353,20
12.9986400604,80.2560577393,59677,59697,20
13.0065002441,80.252532959,59990,60010,20
13.006649971,80.2481765747,60091,60111,20
13.0065803528,80.2467803955,60141,60161,20
13.0073699951,80.2371520996,60333,60349,16
13.0148000717,80.2244796753,60644,60660,16
13.0220003128,80.2262115479,60813,60833,20
13.0284996033,80.2309494019,61116,61135,19
13.0343904495,80.2304000854,61328,61344,16
13.0402402878,80.2399597168,61760,61780,20
13.04708004,80.2397384644,62002,62018,16
13.0523195267,80.240852356,62101,62131,30
13.0541000366,80.2422790527,62242,62262,20
13.0577001572,80.2427978516,62363,62383,20
13.0645799637,80.243522644,62555,62575,20
13.0658798218,80.2434463501,62615,62631,16
13.0822000504,80.2322692871,63269,63285,16
13.0840797424,80.2339935303,63378,63398,20
13.0888595581,80.2305374146,63529,63550,21
13.0914096832,80.2273025513,63600,63620,20
13.0836801529,80.2339096069,65507,65537,30
13.0795202255,80.2335510254,65648,65668,20
13.0677499771,80.2465209961,66627,66647,20
13.0620603561,80.2453536987,66819,66835,16
13.0631198883,80.244430542,66835,66857,22
13.0578203201,80.2428436279,67030,67046,16
13.0537796021,80.2423095703,67129,67149,20
13.0480499268,80.240020752,67381,67401,20
13.0334196091,80.2305679321,67946,67976,30
13.0298900604,80.2308731079,68067,68096,29
13.0191602707,80.2245178223,68693,68709,16
13.0102300644,80.2279205322,68863,68886,23
13.0066995621,80.2426300049,69424,69444,20
13.0068397522,80.2496414185,69616,69636,20
13.0068101883,80.251159668,69676,69697,21
13.0065603256,80.2577819824,70807,70827,20
13.006480217,80.25340271,70918,70938,20
13.0073404312,80.2369003296,71402,71422,20
13.0698795319,80.2420806885,73491,73511,20
13.0763397217,80.2373886108,73703,73723,20
13.0802202225,80.2334976196,73884,73904,20
13.0839700699,80.2339782715,74086,74116,30
13.0888299942,80.2305374146,74258,74278,20
13.0913295746,80.2273330688,74338,74358,20
13.0963001251,80.2193984985,74540,74556,16
13.0912303925,80.2275924683,75658,75674,16
13.0784597397,80.2336120605,75999,76015,16
13.0692501068,80.2434616089,76552,76572,20
13.0582103729,80.2427215576,77036,77053,17
13.0536899567,80.2422637939,77095,77115,20
13.0469703674,80.2353591919,77347,77363,16
13.0274600983,80.2329101563,77851,77881,30
13.0210103989,80.2256164551,78093,78109,16
13.0143899918,80.2262573242,78192,78222,30
13.0107002258,80.2276992798,78283,78303,20
13.0081796646,80.2335205078,78365,78386,21
13.0066404343,80.2460403442,78658,78674,16
13.000169754,80.2564315796,78969,78999,30
12.9994401932,80.2562179565,79019,79035,16
12.9961795807,80.2624435425,79189,79209,20
12.9959802628,80.2677001953,79310,79329,19
12.9986801147,80.2560119629,81160,81180,20
13.0063896179,80.2574691772,81311,81331,20
13.0063896179,80.2574691772,81331,81347,16
13.0066404343,80.2518920898,81420,81440,20
13.0066099167,80.24659729,81571,81591,20
13.0153903961,80.224937439,81985,82005,20
13.0157003403,80.2251815796,82015,82031,16
13.0628299713,80.2434310913,83032,83048,16
13.079580307,80.2334899902,83444,83460,16
13.1001195908,80.2144927979,84058,84088,30
13.0499000549,80.2118988037,63,83,20
13.0539999008,80.2277374268,343,359,16
13.0267095566,80.2330627441,1018,1038,20
13.0262403488,80.2325668335,1058,1074,16
13.0045795441,80.2571792603,1623,1639,16
12.9979400635,80.2570877075,3742,3762,20
13.0226097107,80.2266769409,11804,11820,16
13.0453500748,80.2258377075,12785,12801,16
13.0499296188,80.2117767334,13554,13574,20
13.0474796295,80.2325820923,14008,14024,16
13.0418195724,80.2474975586,14643,14660,17
13.0396404266,80.2470626831,14660,14682,22
13.034819603,80.2570571899,14894,14910,16
13.0067300797,80.2423324585,15811,15827,16
12.9967699051,80.2559509277,16101,16118,17
13.049949646,80.2122573853,18130,18160,30
13.0498504639,80.2120285034,18171,18191,20
13.0500402451,80.2128829956,18484,18504,20
13.052740097,80.221572876,18635,18651,16
13.0534000397,80.2305831909,18765,18789,24
12.9977798462,80.2559967041,20297,20317,20
12.9350595474,80.2335128784,24286,24302,16
12.901260376,80.2279815674,24677,24698,21
12.8997097015,80.2278823853,24728,24758,30
12.8878097534,80.2273330688,24900,24916,16
12.8849496841,80.2267532349,24938,24958,20
12.8790502548,80.2109375,25190,25211,21
12.8764896393,80.2268981934,26463,26483,20
12.9060096741,80.2281188965,26877,26897,20
12.9140100479,80.2292480469,27018,27038,20
12.9397201538,80.2356262207,27331,27347,16
12.9562997818,80.2433166504,27602,27632,30
12.9631004333,80.246421814,27753,27783,30
12.9635696411,80.2466506958,27804,27820,16
12.9663600922,80.2477035522,27842,27862,20
12.9813804626,80.2338562012,28337,28357,20
12.9816198349,80.2333831787,28377,28403,26
12.9771995544,80.2227020264,28639,28659,20
12.985329628,80.2232818604,28830,28847,17
13.00481987,80.2089767456,29254,29270,16
13.01060009,80.2118988037,29837,29857,20
13.0090799332,80.2114105225,30928,30948,20
12.9975299835,80.2165374756,31544,31564,20
12.9907798767,80.220199585,31705,31735,30
12.9832296371,80.2221832275,31897,31917,20
12.9763698578,80.2218017578,32059,32089,30
12.9801797867,80.2280502319,32220,32236,16
12.9819402695,80.2328720093,32339,32359,20
12.9813699722,80.2413864136,32551,32571,20
12.9813899994,80.2424468994,32632,32662,30
12.9649896622,80.2473602295,33056,33082,26
12.9593496323,80.2448120117,33225,33246,21
12.9398403168,80.2358169556,33781,33801,20
12.9338598251,80.233001709,33902,33922,20
12.926030159,80.2310180664,34033,34054,21
12.913359642,80.2293167114,34205,34225,20
12.9044399261,80.2281799316,34346,34362,16
12.8938102722,80.2276229858,34566,34587,21
12.8746700287,80.2101211548,35182,35203,21
12.8747396469,80.2097320557,35233,35253,20
12.8746995926,80.2100219727,36737,36757,20
12.8765497208,80.2259674072,37060,37076,16
12.8851804733,80.226600647,37221,37241,20
12.9001197815,80.2277526855,37664,37694,30
12.9024600983,80.2278900146,37745,37765,20
12.9138803482,80.2291793823,38017,38038,21
12.9239997864,80.2306213379,38169,38185,16
12.9263095856,80.2308807373,38185,38205,20
12.9809799194,80.2458190918,39258,39274,16
12.9815502167,80.2334899902,39498,39519,21
12.9772195816,80.2226715088,39761,39781,20
13.007060051,80.2097320557,40508,40538,30
12.9974803925,80.2165603638,42426,42447,21
12.9972896576,80.2165374756,42457,42473,16
12.9956302643,80.2167892456,42485,42504,19
12.9876003265,80.2231063843,42677,42693,16
12.9824399948,80.2218933105,42807,42830,23
12.9809598923,80.2467193604,43307,43323,16
12.9566202164,80.2437591553,43668,43688,20
12.9192399979,80.2300872803,44213,44230,17
12.9075298309,80.2284622192,44333,44354,21
12.9014501572,80.2280807495,44556,44572,16
12.899720192,80.2280197144,44594,44624,30
12.8763904572,80.2265396118,44916,44937,21
12.8745203018,80.2101516724,45139,45159,20
12.8792104721,80.2109680176,47168,47189,21
12.9057703018,80.2280578613,47967,47997,30
12.922659874,80.2304077148,48250,48266,16
12.9632797241,80.2465591431,48764,48784,20
12.9813098907,80.2414093018,49147,49164,17
12.981470108,80.2335968018,49358,49378,20
12.9819202423,80.2325820923,49419,49449,30
12.9865598679,80.2229309082,49913,49934,21
13.0062398911,80.2095336914,50389,50419,30
13.0074195862,80.2098312378,50439,50460,21
12.9768800735,80.2226409912,52270,52292,22
12.9820203781,80.2324981689,52435,52456,21
12.9711704254,80.2497711182,52910,52926,16
12.9666204453,80.2479705811,52958,52973,15
12.9613199234,80.2456588745,53043,53066,23
12.9568004608,80.2438201904,53180,53201,21
12.9207296371,80.2302703857,53766,53782,16
12.8994197845,80.2278823853,54027,54057,30
12.8763904572,80.2265701294,54350,54380,30
12.878950119,80.2108917236,54521,54542,21
12.87458992,80.2101211548,54592,54622,30
12.9023504257,80.2279129028,57129,57149,20
12.9055700302,80.2280731201,57190,57210,20
12.9336395264,80.2327194214,57573,57594,21
12.9629297256,80.2464065552,58119,58149,30
12.9809398651,80.246673584,58411,58428,17
12.9812698364,80.2379226685,58561,58581,20
12.9772596359,80.2227172852,58864,58884,20
12.9975404739,80.2160873413,59369,59389,20
13.0072898865,80.2098388672,59621,59651,30
13.0125198364,80.2039108276,59843,59859,16
13.0120401382,80.2127075195,60004,60023,19
13.0105600357,80.2252197266,61812,61828,16
12.9953899384,80.2169036865,62234,62264,30
12.9897499084,80.2211380005,62396,62412,16
12.9827203751,80.2218704224,62646,62666,20
12.9798402786,80.2211227417,62747,62777,30
12.9763898849,80.2218322754,62858,62878,20
12.9769001007,80.2227935791,62908,62925,17
12.9785404205,80.2525863647,63492,63512,20
12.965180397,80.2474212646,63694,63714,20
12.9639196396,80.2469482422,63744,63765,21
12.9517202377,80.2416992188,63997,64017,20
12.9468803406,80.2399597168,64138,64158,20
12.9341402054,80.2331619263,64381,64411,30
12.9261198044,80.2310409546,64502,64522,20
12.9061603546,80.2283477783,64795,64815,20
12.8994998932,80.2279281616,65047,65077,30
12.8934202194,80.2276000977,65148,65178,30
12.8763999939,80.2264709473,65431,65451,20
12.8792200089,80.2109832764,65582,65602,20
12.8746700287,80.2101516724,65673,65703,30
12.8764600754,80.2267379761,66410,66430,20
12.8764801025,80.2269134521,66430,66451,21
12.8986797333,80.2277832031,66705,66725,20
12.9032697678,80.2279968262,66867,66887,20
12.9046297073,80.2281188965,66927,66947,20
12.9046297073,80.2281188965,66947,66963,16
12.9191904068,80.2300567627,67248,67268,20
12.9245996475,80.230796814,67339,67356,17
12.9263296127,80.2309875488,67356,67376,20
12.9335603714,80.232749939,67489,67510,21
12.9351596832,80.2334899902,67550,67570,20
12.9395999908,80.2356185913,67641,67661,20
12.9510698318,80.2414016724,68136,68156,20
12.9669103622,80.2480392456,68487,68507,20
12.9799499512,80.2523422241,68699,68729,30
12.9813098907,80.2429504395,68921,68941,20
12.9813098907,80.240272522,68992,69022,30
12.9815196991,80.2336196899,69224,69244,20
12.9815702438,80.2334976196,69254,69271,17
12.9805698395,80.2290420532,69424,69444,20
12.9771795273,80.2227325439,69636,69656,20
12.9774303436,80.221321106,69687,69707,20
12.9828596115,80.2220230103,69838,69858,20
12.9893398285,80.2214813232,70050,70066,16
12.9942598343,80.2175521851,70190,70220,30
12.9963903427,80.2165603638,70362,70382,20
13.0135002136,80.2042236328,71039,71069,30
13.0148696899,80.2259979248,72735,72755,20
13.0103197098,80.2227783203,77540,77560,20
13.0054998398,80.2205123901,77621,77637,16
12.9908704758,80.2201385498,77943,77973,30
12.9831695557,80.2222213745,78215,78236,21
12.9761800766,80.2216491699,78367,78397,30
12.9764404297,80.2220993042,78417,78433,16
12.9812698364,80.23828125,78708,78738,30
12.9813404083,80.2428588867,78829,78850,21
12.9787597656,80.2527084351,79001,79031,30
12.9635896683,80.2468414307,79203,79223,20
12.9257297516,80.2309799194,79798,79814,16
12.899600029,80.2279510498,80088,80109,21
12.8745498657,80.2101593018,80614,80634,20
12.8764400482,80.2269668579,81623,81643,20
12.8892803192,80.2272796631,81775,81791,16
12.9139299393,80.2292633057,82025,82045,20
12.9488601685,80.2406082153,82420,82450,30
12.9799604416,80.252281189,82844,82874,30
12.9806098938,80.2496414185,82935,82951,16
13.0072097778,80.2097625732,84195,84215,20
13.0094299316,80.2110671997,85074,85094,20
13.0087795258,80.230506897,85467,85483,16
13.0063800812,80.257598877,85819,85835,16
12.7865495682,80.2204589844,18192,18222,30
12.8395395279,80.2277069092,18788,18808,20
12.8454999924,80.2265396118,18868,18889,21
12.8767595291,80.2268218994,19191,19212,21
12.9017496109,80.227897644,19484,19504,20
12.9225597382,80.2304382324,19767,19783,16
12.9397802353,80.2356414795,19957,19977,20
12.956199646,80.243347168,20229,20245,16
12.966799736,80.2478485107,20369,20389,20
12.9988203049,80.2558822632,20914,20934,20
13.0066604614,80.2406692505,21227,21247,20
13.0350103378,80.230178833,21843,21863,20
13.0300798416,80.2307815552,23801,23822,21
13.0269403458,80.2328796387,23923,23943,20
13.0222301483,80.2265625,24064,24080,16
13.0142402649,80.226272583,24173,24193,20
12.9986200333,80.2560501099,24658,24678,20
12.9809598923,80.2527770996,25001,25017,16
12.8996200562,80.2279205322,26210,26231,21
12.8762798309,80.2270202637,26513,26534,21
12.8744401932,80.226852417,26564,26580,16
12.8082304001,80.2264862061,27319,27335,16
12.7881803513,80.2210922241,27559,27579,20
12.7877397537,80.2209396362,27590,27610,20
12.786450386,80.220413208,27660,27680,20
12.7861604691,80.2208633423,29356,29377,21
12.7866201401,80.2204208374,29447,29468,21
12.8112802505,80.2281036377,29801,29821,20
12.831580162,80.2291870117,30083,30100,17
12.8394403458,80.227722168,30384,30404,20
12.8395204544,80.2276763916,30404,30425,21
12.8887500763,80.2272796631,31061,31081,20
12.8919801712,80.2272720337,31141,31162,21
12.9058799744,80.2281417847,31816,31836,20
12.9334897995,80.232673645,32381,32401,20
12.9397201538,80.2356719971,32522,32543,21
12.9511003494,80.2413711548,32966,32987,21
12.953669548,80.2423477173,33037,33057,20
12.9538402557,80.2424316406,33057,33078,21
12.9624004364,80.24609375,33300,33320,20
12.9625396729,80.2461624146,33330,33346,16
12.966219902,80.2476730347,33386,33409,23
12.9783201218,80.2521820068,33570,33590,20
12.9846401215,80.2521514893,34348,34368,20
12.9942598343,80.2559432983,35135,35155,20
12.9985198975,80.2559509277,35304,35334,30
13.0051698685,80.2571792603,35476,35496,20
13.0067300797,80.2514572144,35799,35829,30
13.0068302155,80.2496414185,35940,35957,17
13.0066299438,80.2459030151,36403,36423,20
13.0194797516,80.2243881226,37464,37484,20
13.0217599869,80.226020813,37534,37555,21
13.0240001678,80.228012085,37706,37736,30
13.0254001617,80.2297821045,37797,37827,30
13.0284204483,80.2308425903,37928,37948,20
13.0349397659,80.2301864624,38281,38302,21
13.0304203033,80.2307510376,39200,39216,16
13.0233802795,80.2276306152,39683,39704,21
13.0178203583,80.2248764038,39825,39841,16
13.0082798004,80.2334671021,40025,40054,29
13.0075502396,80.236831665,40137,40167,30
13.0066995621,80.2452163696,40480,40500,20
13.0043497086,80.2570877075,40823,40843,20
12.9985599518,80.2561569214,41096,41116,20
12.9649896622,80.2473907471,41733,41749,16
12.9636001587,80.2468566895,41761,41791,30
12.9490203857,80.2408905029,42215,42235,20
12.9242401123,80.2307815552,42619,42635,16
12.9013395309,80.2280426025,43001,43022,21
12.8741998672,80.2268295288,43476,43492,16
12.8321695328,80.2291793823,43988,44009,21
12.8070297241,80.225479126,44261,44277,16
12.7879295349,80.2210388184,44471,44501,30
12.7864599228,80.2204971313,45511,45531,20
12.8214101791,80.2304534912,45914,45930,16
12.8316602707,80.2292098999,46023,46045,22
12.9000301361,80.2277984619,46761,46791,30
12.906080246,80.2282028198,46973,46989,16
12.9306001663,80.2316436768,47294,47310,16
12.9441995621,80.2379608154,47484,47503,19
12.947429657,80.240020752,47515,47535,20
12.966799736,80.2479629517,47900,47920,20
12.9828901291,80.2525634766,48092,48108,16
12.9861497879,80.2517166138,48130,48160,30
12.987039566,80.2514877319,48272,48296,24
12.9871997833,80.2584381104,48419,48449,30
12.986749649,80.2587585449,50117,50147,30
12.9868402481,80.2589416504,50793,50823,30
12.9868297577,80.2586975098,59802,59822,20
13.081990242,80.2759628296,25479,25499,20
13.0816297531,80.2759933472,25611,25641,30
13.0749998093,80.2763290405,25823,25839,16
13.0709600449,80.2744369507,25870,25891,21
13.0402402878,80.2472305298,26487,26507,20
13.0356302261,80.2462081909,26608,26629,21
13.0234498978,80.2276382446,26942,26962,20
13.0142297745,80.2263412476,27144,27160,16
13.0067195892,80.245300293,27465,27481,16
12.8850698471,80.2267837524,29080,29100,20
12.872879982,80.2267532349,29251,29272,21
12.8453998566,80.2266387939,29534,29554,20
12.8315296173,80.2293395996,29837,29857,20
12.8293399811,80.2301177979,29887,29904,17
12.8050203323,80.2240829468,30128,30148,20
12.7871799469,80.2207794189,30370,30400,30
12.736700058,80.1909790039,30888,30904,16
12.8052396774,80.2239990234,33482,33502,20
12.8195199966,80.2304229736,33643,33664,21
12.8452596664,80.2265167236,34148,34168,20
12.9138202667,80.2292175293,35350,35370,20
12.933549881,80.2326507568,35582,35602,20
12.9511003494,80.2413024902,35986,36006,20
12.9667396545,80.2478637695,36380,36400,20
13.0065803528,80.2457275391,37733,37749,16
13.0195198059,80.2243423462,38298,38328,30
13.0229196548,80.2270431519,38449,38470,21
13.0309295654,80.2393875122,38863,38884,21
13.0531997681,80.2521133423,39447,39463,16
13.0676898956,80.26902771,39980,39996,16
13.0710601807,80.2741775513,40150,40170,20
13.0713195801,80.2741775513,40170,40190,20
13.0756998062,80.2761993408,40281,40301,20
13.0803604126,80.2752380371,40715,40736,21
13.0815200806,80.2759780884,42101,42121,20
13.0720396042,80.2748565674,42331,42351,20
13.0583095551,80.2653121948,42737,42753,16
13.0469398499,80.2486877441,43039,43059,20
13.0454998016,80.2482376099,43140,43160,20
13.0375995636,80.2466812134,43362,43379,17
13.0316295624,80.2414474487,43605,43625,20
13.0247097015,80.2292175293,43857,43877,20
13.0233602524,80.2276306152,43907,43928,21
13.0232696533,80.2275619507,43938,43954,16
13.0142803192,80.2262878418,44077,44096,19
13.0081796646,80.2335281372,44269,44289,20
13.0066299438,80.2427368164,44481,44511,30
13.0061998367,80.2473831177,44703,44733,30
12.9977397919,80.2489624023,44824,44845,21
12.9925003052,80.2502670288,44905,44921,16
12.9785699844,80.2526016235,45075,45095,20
12.9492902756,80.2409591675,45570,45600,30
12.9470100403,80.2400588989,45640,45660,20
12.9339103699,80.2330474854,45822,45842,20
12.9078502655,80.228553772,46115,46135,20
12.9026899338,80.2281265259,46216,46246,30
12.8849601746,80.2267837524,46488,46505,17
12.8270101547,80.2312698364,47143,47159,16
12.7866697311,80.2205810547,47635,47655,20
12.7223300934,80.1874084473,48362,48392,30
12.7220201492,80.1875762939,49837,49867,30
12.7461595535,80.2015380859,50170,50186,16
12.7864704132,80.220451355,50481,50502,21
12.9374198914,80.2345123291,52087,52103,16
12.9854898453,80.2519226074,52763,52783,20
12.9856500626,80.2518768311,52793,52822,29
13.0265197754,80.2327423096,53772,53793,21
13.0358200073,80.2461929321,54045,54061,16
13.0385398865,80.2467498779,54081,54104,23
13.057849884,80.2578430176,54508,54527,19
13.061750412,80.2625732422,54639,54659,20
13.0680599213,80.2712478638,54881,54900,19
13.0817098618,80.2751617432,55285,55305,20
13.0817804337,80.2767562866,55477,55497,20
13.073969841,80.2764663696,55689,55717,28
13.0652599335,80.2676696777,56000,56020,20
13.0584497452,80.2653579712,56172,56202,30
13.0564804077,80.2573623657,56333,56354,21
13.0350904465,80.2460098267,56798,56828,30
13.0260601044,80.2317581177,57141,57157,16
13.0233201981,80.2276229858,57211,57230,19
13.0082502365,80.2336196899,57514,57534,20
12.9800701141,80.2528305054,58120,58140,20
12.9797496796,80.2527770996,58150,58166,16
12.9566402435,80.2436065674,58491,58512,21
12.9423398972,80.2365264893,58744,58760,16
12.935959816,80.2339401245,58823,58853,30
12.9354200363,80.2337417603,58872,58893,21
12.9015302658,80.2280426025,59297,59313,16
12.899310112,80.2279129028,59346,59366,20
12.8589496613,80.2263565063,59740,59756,16
12.8018798828,80.2236785889,60273,60289,16
12.7865600586,80.2205276489,60464,60484,20
12.7865104675,80.2204666138,61575,61605,30
12.8066596985,80.2250823975,61888,61904,16
12.872879982,80.2266616821,62653,62673,20
12.8918399811,80.2273330688,62885,62906,21
12.9002895355,80.2278823853,63017,63047,30
12.9017496109,80.2279663086,63087,63104,17
12.9383296967,80.2349700928,63530,63546,16
12.9511299133,80.2413482666,63699,63720,21
13.0065498352,80.2459411621,64951,64971,20
13.0073204041,80.2370910645,65213,65233,20
13.0143098831,80.2236862183,65486,65502,16
13.0152702332,80.2247924805,65502,65524,22
13.0211200714,80.2255477905,65647,65665,18
13.0318098068,80.241569519,65960,65976,16
13.0347995758,80.2456436157,66079,66099,20
13.0467996597,80.2484207153,66412,66432,20
13.0681400299,80.2705230713,67039,67067,28
13.0820598602,80.2755203247,67542,67562,20
13.0820999146,80.2782669067,67795,67825,30
13.078789711,80.2751617432,68156,68186,30
13.0707101822,80.2742233276,68318,68348,30
13.0651197433,80.267578125,68558,68578,20
13.0604400635,80.2654418945,68699,68720,21
13.0586204529,80.26537323,68770,68800,30
13.0564403534,80.2572631836,68952,68972,20
13.0495100021,80.2498321533,69194,69215,21
13.0489397049,80.2497787476,69265,69295,30
13.0470695496,80.2486190796,69427,69457,30
13.0460700989,80.2484207153,69497,69518,21
13.0459003448,80.2483978271,69518,69538,20
13.0455703735,80.2482833862,69548,69568,20
13.0352296829,80.2459869385,69790,69810,20
13.0310401917,80.2401123047,69881,69911,30
13.0270900726,80.2340927124,69992,70012,20
13.0070199966,80.2394714355,70742,70762,20
13.0067396164,80.2409362793,70802,70818,16
13.0061197281,80.2473678589,70962,70982,20
12.9666900635,80.2479934692,71739,71755,16
12.965379715,80.2474517822,71755,71778,23
12.9518203735,80.2416915894,71991,72011,20
12.9337797165,80.2329330444,72284,72304,20
12.8993597031,80.2278823853,72869,72890,21
12.8809995651,80.2267303467,73081,73098,17
12.8454999924,80.2266235352,73384,73414,30
12.8302001953,80.2296829224,73606,73622,16
12.8050203323,80.2240066528,73876,73897,21
12.7865695953,80.220489502,74149,74179,30
12.7862796783,80.221786499,74240,74270,30
12.7968502045,80.2229995728,75078,75094,16
12.8309001923,80.229309082,75551,75567,16
12.8590297699,80.2262191772,75933,75949,16
12.9328203201,80.2324295044,76840,76856,16
12.9562797546,80.2434082031,77141,77171,30
12.9894504547,80.2509002686,77704,77724,20
13.0065698624,80.2405395508,77977,78007,30
13.0072803497,80.2368621826,78068,78088,20
13.0196800232,80.2246017456,78421,78437,16
13.0458602905,80.2484512329,78975,78991,16
13.0782403946,80.2754974365,79568,79585,17
13.0819301605,80.2755584717,79708,79728,20
13.0985202789,80.2665176392,43219,43236,17
13.1064395905,80.2800369263,43570,43586,16
13.1041402817,80.2766494751,43831,43847,16
13.0992803574,80.2597503662,44505,44521,16
13.1003503799,80.188659668,46095,46125,30
13.0999898911,80.1877593994,46166,46196,30
13.0994195938,80.1850967407,46307,46323,16
13.099149704,80.1840362549,46335,46365,30
13.0986995697,80.1827774048,46416,46436,20
13.0985097885,80.1820068359,46466,46486,20
13.099650383,80.1707000732,46728,46744,16
13.0996904373,80.1698379517,46764,46787,23
13.1041698456,80.1540374756,47059,47075,16
13.1072702408,80.1522216797,47107,47127,20
13.1116895676,80.1510009766,47228,47248,20
13.1174402237,80.1492233276,47359,47379,20
13.1307001114,80.1591567993,47762,47792,30
13.1311302185,80.16065979,47833,47863,30
13.1195697784,80.1501235962,48397,48417,20
13.1101999283,80.1522903442,48690,48710,20
13.1015501022,80.1619567871,48921,48942,21
13.1013803482,80.162689209,48952,48972,20
13.0995998383,80.1709823608,49102,49123,21
13.0980997086,80.1803817749,49274,49294,20
13.0985298157,80.1822280884,49476,49496,20
13.0990800858,80.1840896606,49647,49667,20
13.099360466,80.1850662231,49718,49748,30
13.0995998383,80.1860275269,49788,49818,30
13.0995597839,80.2303695679,50555,50571,16
13.0976800919,80.2402801514,50736,50756,20
13.0975103378,80.2417984009,50786,50806,20
13.0989303589,80.2403564453,52320,52340,20
13.0976896286,80.2422409058,52512,52542,30
13.0969896317,80.2446670532,52592,52613,21
13.0974903107,80.2485427856,52673,52701,28
13.0978002548,80.2526016235,52781,52802,21
13.0975399017,80.2559890747,52883,52903,20
13.0979204178,80.2593383789,52984,53000,16
13.0998001099,80.2602615356,53081,53103,22
13.0997400284,80.2610473633,53133,53153,20
13.0984601974,80.2668991089,53294,53314,20
13.1014699936,80.2704925537,53395,53415,20
13.1039400101,80.2734222412,53506,53536,30
13.1056900024,80.279586792,53717,53738,21
13.0986003876,80.2661819458,54574,54594,20
13.097820282,80.2519302368,55068,55088,20
13.0972995758,80.2480392456,55159,55179,20
13.0972900391,80.2423934937,55270,55290,20
13.097820282,80.2384262085,55350,55371,21
13.0983200073,80.2356109619,55421,55437,16
13.0998601913,80.2254486084,55661,55681,20
13.1036996841,80.2036819458,56167,56197,30
13.1033802032,80.201499939,56248,56264,16
13.1031103134,80.1993179321,56283,56306,23
13.0982303619,80.174659729,56881,56897,16
13.107049942,80.1522216797,57363,57384,21
13.1217403412,80.1480026245,57756,57776,20
13.1255998611,80.1528625488,57927,57947,20
13.1307601929,80.1592407227,58078,58098,20
13.1196699142,80.1501998901,59046,59066,20
13.1014995575,80.1618804932,59580,59610,30
13.0993499756,80.1848831177,60235,60255,20
13.0996904373,80.1863632202,60286,60306,20
13.1011600494,80.1895599365,60366,60387,21
13.1032104492,80.1990966797,60538,60558,20
13.1036396027,80.2027511597,60628,60649,21
13.1034603119,80.207069397,60759,60776,17
13.1031999588,80.2075195313,61040,61060,20
13.1030797958,80.2079620361,61080,61100,20
13.1000404358,80.2261428833,61483,61503,20
13.0990600586,80.2317810059,61856,61876,20
13.0970401764,80.244392395,62227,62257,30
13.0973997116,80.2481765747,62318,62338,20
13.0997896194,80.2609710693,62721,62751,30
13.0990400314,80.2639694214,62872,62893,21
13.104640007,80.2762298584,63307,63327,20
13.105799675,80.2797698975,63468,63488,20
13.1015195847,80.2706069946,64234,64255,21
13.0976104736,80.2545776367,64839,64859,20
13.0972795486,80.2480392456,65041,65061,20
13.0978002548,80.2385864258,65332,65352,20
13.099729538,80.2297286987,65612,65633,21
13.1002197266,80.2154998779,65915,65945,30
13.1034097672,80.2016220093,66318,66348,30
13.103099823,80.1992797852,66389,66409,20
13.099439621,80.1854629517,66772,66802,30
13.0985002518,80.1820602417,66943,66963,20
13.1013402939,80.1626586914,67506,67536,30
13.1052503586,80.1524581909,67778,67808,30
13.105509758,80.1523666382,67818,67848,30
13.1171302795,80.1489562988,68443,68463,20
13.1176595688,80.1495132446,68484,68514,30
13.1181402206,80.1496582031,68544,68564,20
13.1227502823,80.1485900879,68786,68816,30
13.1273002625,80.1538696289,68937,68967,30
13.1303100586,80.1585388184,70470,70500,30
13.1195297241,80.150062561,70792,70812,20
13.1060304642,80.1524124146,71126,71146,20
13.1014604568,80.1621780396,71317,71333,16
13.0998001099,80.1694107056,71457,71478,21
13.0981702805,80.1807632446,71750,71770,20
13.0993299484,80.1850814819,71901,71921,20
13.1006603241,80.1891021729,72042,72058,16
13.1033401489,80.2007675171,72263,72283,20
13.1031398773,80.207611084,72455,72475,20
13.0985002518,80.2339401245,73068,73088,20
13.0970001221,80.244178772,73330,73350,20
13.0975599289,80.2543182373,73662,73682,20
13.0974998474,80.255821228,73743,73764,21
13.0996799469,80.2610397339,73986,74016,30
13.0990495682,80.2633209229,74077,74107,30
13.1056404114,80.2794723511,74520,74540,20
13.0972604752,80.2592926025,76204,76224,20
13.0972995758,80.2583236694,76244,76264,20
13.0972604752,80.2423095703,76668,76698,30
13.0983896255,80.2348937988,76829,76849,20
13.1027202606,80.2086181641,77555,77575,20
13.1034803391,80.2034683228,77686,77706,20
13.0986404419,80.1827468872,78139,78160,21
13.0994997025,80.1711425781,78422,78442,20
13.1194295883,80.149810791,79269,79288,19
13.1217803955,80.1478424072,79339,79359,20
13.1273803711,80.1539077759,79531,79561,30
13.0997400284,80.1704864502,81033,81063,30
13.0981998444,80.1808166504,81245,81261,16
13.1033401489,80.2006530762,81575,81591,16
13.098859787,80.2414474487,82319,82345,26
13.0756998062,80.2750701904,89,109,20
13.0757198334,80.2749099731,2643,2673,30
13.0707101822,80.2740402222,16345,16366,21
13.0468797684,80.248626709,16779,16796,17
13.0152301788,80.2258911133,17232,17248,16
12.959859848,80.2449874878,17926,17942,16
12.9470796585,80.2399902344,18096,18116,20
12.8764801025,80.2269973755,18903,18924,21
12.8453502655,80.2266311646,19216,19237,21
12.8324203491,80.2291107178,19388,19406,18
12.7962903976,80.2229919434,19741,19757,16
12.7906398773,80.2219314575,19790,19809,19
12.7861995697,80.2203598022,20507,20527,20
12.7863903046,80.2203826904,20537,20567,30
12.8395395279,80.2276611328,21213,21233,20
12.8454198837,80.2265396118,21284,21304,20
12.8766803741,80.226890564,21597,21617,20
12.9334697723,80.2326583862,22192,22213,21
12.9589395523,80.2444610596,22526,22546,20
12.9797296524,80.2526321411,22768,22788,20
13.0169000626,80.2252120972,23487,23504,17
13.0618400574,80.2626037598,24273,24291,18
13.0824298859,80.2786026001,25303,25333,30
13.0566196442,80.2576828003,26021,26037,16
13.0470399857,80.2486114502,26161,26181,20
13.0361995697,80.2463989258,26312,26329,17
13.0311002731,80.239982605,26432,26462,30
13.0310201645,80.2398223877,26472,26502,30
13.0233898163,80.2275924683,26664,26694,30
13.0130996704,80.2267227173,26876,26893,17
13.009059906,80.2292633057,26933,26953,20
13.0067996979,80.2465896606,27275,27297,22
13.0059499741,80.2473983765,27327,27357,30
12.9983501434,80.2487869263,27438,27454,16
12.9909801483,80.2506713867,27527,27545,18
12.9629096985,80.2464370728,28022,28039,17
12.9491901398,80.2408676147,28244,28274,30
12.9471597672,80.2400436401,28314,28334,20
12.9398097992,80.2358169556,28425,28446,21
12.9174003601,80.2298431396,28758,28779,21
12.9074697495,80.2284164429,28910,28926,16
12.8990802765,80.227897644,29029,29059,30
12.8723201752,80.2267303467,29443,29460,17
12.845749855,80.2266235352,29724,29741,17
12.8412599564,80.2273330688,29803,29823,20
12.8409700394,80.2274093628,29854,29874,20
12.8325300217,80.229133606,30147,30167,20
12.8284702301,80.2305297852,30237,30253,16
12.7867202759,80.2205429077,30720,30750,30
12.7866001129,80.2204437256,32174,32194,20
12.8049497604,80.2239532471,32597,32614,17
12.8197498322,80.2304382324,32757,32787,30
12.8239803314,80.2310562134,32868,32898,30
12.8309497833,80.2293624878,32979,33009,30
12.83934021,80.2277526855,33191,33207,16
12.8455295563,80.2265090942,33270,33290,20
12.8921098709,80.2272720337,33895,33915,20
12.9050703049,80.2281036377,34218,34238,20
12.9051799774,80.2281036377,34238,34258,20
12.9288396835,80.2312393188,34601,34621,20
12.9336299896,80.2327270508,34672,34692,20
12.9336299896,80.2327270508,34692,34708,16
12.9464302063,80.2395935059,34882,34912,30
12.9535903931,80.2422714233,35205,35225,20
12.9560403824,80.2431716919,35276,35296,20
12.9669399261,80.2479782104,35488,35508,20
12.9780502319,80.2519607544,35619,35649,30
13.0066003799,80.2459030151,36830,36850,20
13.006649971,80.2441635132,36951,36971,20
13.0155200958,80.2249984741,37487,37507,20
13.0193996429,80.2243423462,37578,37608,30
13.0227003098,80.2268600464,37740,37762,22
13.0237598419,80.2277832031,37842,37863,21
13.0264196396,80.2326202393,38074,38095,21
13.0295801163,80.2371520996,38176,38196,20
13.0308704376,80.2392578125,38236,38256,20
13.0356798172,80.2461471558,38448,38478,30
13.0470600128,80.2483978271,38670,38698,28
13.047750473,80.2489395142,38729,38749,20
13.0607299805,80.2614135742,39163,39182,19
13.0637903214,80.2652664185,39264,39294,30
13.0830898285,80.2781600952,40733,40754,21
13.0719404221,80.2746963501,41127,41147,20
13.0653600693,80.2676391602,41319,41339,20
13.0565004349,80.2574386597,41634,41654,20
13.0260696411,80.2317581177,42583,42599,16
13.0233802795,80.2275619507,42651,42681,30
13.0072898865,80.2382202148,43257,43277,20
13.0060901642,80.2474136353,43640,43656,16
12.9649095535,80.2473373413,44444,44464,20
12.9614095688,80.2457427979,44514,44531,17
12.9593801498,80.2448272705,44531,44553,22
12.9469995499,80.2400131226,44826,44846,20
12.8399000168,80.2276992798,46247,46264,17
12.8319997787,80.2291564941,46338,46359,21
12.7223501205,80.1874084473,47499,47529,30
12.7221002579,80.1874084473,49034,49055,21
12.7710199356,80.213180542,49509,49529,20
12.7859296799,80.2202377319,49660,49680,20
12.8922595978,80.2273025513,50913,50929,16
12.9100704193,80.2287597656,51204,51220,16
12.9395704269,80.2354736328,51484,51504,20
12.9476203918,80.2400817871,51585,51605,20
12.9511404037,80.2413864136,51666,51686,20
12.963060379,80.2465133667,51878,51898,20
12.9896001816,80.250831604,52383,52402,19
13.0064601898,80.2464599609,52564,52584,20
13.011300087,80.2235412598,52877,52907,30
13.011300087,80.2235412598,52907,52924,17
13.0223798752,80.2265167236,53168,53188,20
13.0263395309,80.2323532104,53289,53319,30
13.027009964,80.2337265015,53360,53376,16
13.0681200027,80.2704162598,54488,54504,16
13.082690239,80.2786178589,56032,56052,20
13.0740098953,80.2764205933,56244,56274,30
13.0567798615,80.2587509155,56859,56880,21
13.0403995514,80.2472610474,57253,57273,20
13.0167398453,80.2253417969,58131,58147,16
12.9651603699,80.2473907471,59199,59219,20
12.8921499252,80.2273864746,60534,60550,16
12.8725099564,80.2267303467,60745,60765,20
12.832280159,80.2291412354,61179,61197,18
12.788020134,80.2210388184,61633,61649,16
12.7872800827,80.2207565308,61649,61669,20
12.7869997025,80.2206497192,61681,61702,21
12.7850799561,80.2198181152,61762,61792,30
12.7301197052,80.1890106201,62368,62398,30
12.7579803467,80.2078094482,63853,63869,16
12.7865400314,80.220451355,64215,64245,30
12.8050003052,80.2239837646,64457,64478,21
12.8306999207,80.2294921875,64750,64770,20
12.8454504013,80.2265701294,65003,65033,30
12.8766698837,80.2268829346,65548,65568,20
12.9138097763,80.2292480469,66174,66194,20
12.9362697601,80.2339477539,66476,66492,16
12.939330101,80.2354278564,66515,66535,20
12.9461803436,80.2394790649,66748,66764,16
12.94810009,80.2402801514,66817,66837,20
12.9562301636,80.2432327271,67099,67119,20
12.9623498917,80.2460479736,67220,67241,21
12.9664001465,80.2477264404,67331,67352,21
12.9667100906,80.2478637695,67362,67392,30
12.9785699844,80.2523422241,67543,67564,21
12.9849004745,80.2520294189,67654,67675,21
13.0064296722,80.2464828491,68280,68301,21
13.0065803528,80.2462615967,68311,68327,16
13.006480217,80.2408218384,68430,68450,20
13.0073900223,80.2367172241,68510,68531,21
13.0155696869,80.2249984741,68945,68965,20
13.0195903778,80.2244033813,69025,69046,21
13.0224399567,80.226600647,69096,69126,30
13.0256996155,80.2303771973,69247,69264,17
13.0356998444,80.2461166382,69650,69670,20
13.0468597412,80.2484283447,69882,69903,21
13.0663604736,80.2682495117,70418,70435,17
13.0709199905,80.2740097046,70568,70588,20
13.0818300247,80.2774200439,71153,71174,21
13.0267601013,80.2659225464,293,313,20
13.0266103745,80.2659606934,313,334,21
13.0266799927,80.2658233643,334,354,20
13.0267400742,80.2657089233,455,475,20
13.0267496109,80.2658004761,505,525,20
13.0268096924,80.2656936646,626,646,20
13.0290803909,80.2611923218,1353,1383,30
13.0266399384,80.2657089233,1474,1494,20
13.0268001556,80.2656707764,1524,1545,21
13.0267696381,80.2657318115,1736,1757,21
13.0266599655,80.2665176392,1908,1938,30
13.02684021,80.2657775879,1938,1968,30
13.0266103745,80.2653427124,2019,2049,30
13.0266895294,80.2657318115,8278,8298,20
13.0267496109,80.2657394409,9096,9116,20
13.0094099045,80.2592468262,23769,23785,16
13.006480217,80.2576599121,23847,23868,21
13.033949852,80.2304534912,24846,24867,21
13.0144195557,80.2262573242,25715,25731,16
13.0247097015,80.2648620605,26560,26577,17
13.0274095535,80.2635269165,26669,26690,21
13.0345602036,80.2679977417,26881,26902,21
13.0332803726,80.267791748,26952,26968,16
13.0066604614,80.2578582764,27536,27566,30
13.0220804214,80.2262496948,28404,28424,20
13.028459549,80.2309188843,28545,28564,19
13.0332803726,80.2678527832,32056,32086,30
13.0297603607,80.2666320801,32479,32499,20
13.0087299347,80.2319335938,34154,34175,21
13.0122804642,80.2214813232,34265,34286,21
13.0135402679,80.2231674194,34295,34316,21
13.0253601074,80.2298736572,35020,35040,20
13.0348901749,80.2300720215,35313,35333,20
13.0348901749,80.2300720215,35333,35349,16
13.0311803818,80.2306594849,35977,35997,20
13.0240297318,80.2282485962,36310,36330,20
13.0142498016,80.2263031006,36481,36502,21
13.0087404251,80.2309799194,36613,36643,30
13.0084695816,80.2323303223,36683,36704,21
13.0080404282,80.2343826294,36794,36815,21
13.0079698563,80.2348175049,36825,36845,20
13.0078802109,80.2352294922,36865,36885,20
13.0078001022,80.2355804443,36885,36905,20
13.0070199966,80.239692688,36996,37026,30
13.0068302155,80.2507019043,37491,37511,20
13.0258998871,80.2657394409,38118,38135,17
13.0336999893,80.2678375244,38430,38459,29
13.0345497131,80.2679977417,38491,38510,19
13.0333003998,80.2672271729,38783,38800,17
13.0332803726,80.2673492432,38800,38820,20
13.033200264,80.2677001953,38820,38842,22
13.0332603455,80.2676696777,39145,39165,20
13.0067300797,80.2579193115,39871,39892,21
13.0064697266,80.2532119751,39972,40002,30
13.0065002441,80.2524414063,40023,40043,20
13.0065498352,80.2464599609,40293,40313,20
13.0066995621,80.2406005859,40414,40444,30
13.0181798935,80.2246780396,40848,40864,16
13.024310112,80.2284164429,41018,41048,30
13.0259799957,80.231010437,41109,41129,20
13.0284099579,80.2308731079,41210,41240,30
13.0304203033,80.2307662964,41290,41310,20
13.0329303741,80.2305679321,41403,41423,20
13.0291404724,80.2309112549,42322,42338,16
13.0239801407,80.2282714844,42582,42602,20
13.0082302094,80.2335586548,42945,42964,19
13.0071401596,80.2390213013,43087,43117,30
13.0162696838,80.2595901489,43732,43753,21
13.0265197754,80.2643737793,44055,44072,17
13.0331001282,80.2677307129,44871,44901,30
13.0328302383,80.2677001953,44921,44941,20
13.0293798447,80.2665786743,45054,45075,21
13.0264196396,80.2660064697,45135,45155,20
13.0231800079,80.2639923096,45246,45262,16
13.015999794,80.2596817017,45407,45427,20
13.0067596436,80.2578887939,45639,45659,20
13.0067796707,80.2577667236,45659,45679,20
13.0067796707,80.2577667236,45679,45695,16
13.0061798096,80.2540817261,45778,45808,30
13.0066795349,80.2525405884,45869,45889,20
13.0065402985,80.2480316162,45960,45980,20
13.0065202713,80.2416381836,46252,46272,20
13.0066604614,80.2405395508,46283,46303,20
13.006939888,80.2407836914,46323,46343,20
13.0076704025,80.2357406616,46424,46444,20
13.0154304504,80.224937439,46676,46696,20
13.0220499039,80.2262115479,46817,46838,21
13.0243396759,80.2284393311,46898,46918,20
13.0272197723,80.2329025269,47615,47635,20
13.0078601837,80.2350006104,48139,48160,21
13.0068101883,80.2495193481,48573,48593,20
13.0067501068,80.2512283325,48624,48654,30
13.0065603256,80.2569885254,48735,48755,20
13.0077400208,80.2586593628,48785,48805,20
13.0104398727,80.2590179443,48856,48872,16
13.0164203644,80.2597198486,48905,48926,21
13.0193099976,80.2618637085,48987,49010,23
13.0322704315,80.2673416138,49545,49575,30
13.0326099396,80.2675094604,49596,49616,20
13.0344800949,80.2679519653,49756,49776,20
13.0344800949,80.2679595947,49776,49798,22
13.0278100967,80.2658233643,50165,50185,20
13.0266304016,80.2656097412,50367,50387,20
13.0266799927,80.2657165527,51134,51154,20
13.0266599655,80.265663147,51416,51446,30
13.0265703201,80.2654800415,51446,51467,21
13.0292596817,80.2660598755,51608,51638,30
13.0292596817,80.2664489746,51638,51664,26
13.0297203064,80.2666320801,51676,51697,21
13.0344600677,80.268119812,51798,51828,30
13.0328798294,80.2677001953,52121,52151,30
13.0296001434,80.2661895752,52272,52292,20
13.0289402008,80.2668762207,52312,52329,17
13.008600235,80.2591400146,52665,52681,16
13.0067596436,80.2542037964,52854,52875,21
13.0068798065,80.2519607544,52935,52965,30
13.0068101883,80.2493896484,53016,53036,20
13.0113801956,80.2232131958,53490,53520,30
13.0218601227,80.2260284424,53732,53752,20
13.0277395248,80.2309494019,53884,53904,20
13.0338602066,80.2305984497,54045,54064,19
13.0343399048,80.2303390503,54085,54106,21
13.0347499847,80.2297821045,54308,54328,20
13.0347299576,80.2297973633,54328,54358,30
13.0273399353,80.2329025269,54923,54953,30
13.0239801407,80.2282562256,55054,55074,20
13.0237503052,80.227897644,55085,55101,16
13.0144996643,80.2261810303,55224,55254,30
13.0068998337,80.2399215698,55456,55486,30
13.006819725,80.2406463623,55496,55516,20
13.0067996979,80.2495803833,55617,55638,21
13.0066995621,80.2514724731,55668,55698,30
13.0077295303,80.2586135864,55880,55899,19
13.0164003372,80.2596511841,55991,56021,30
13.0262203217,80.2659683228,56233,56253,20
13.0264396667,80.264503479,56293,56310,17
13.029540062,80.2665863037,56514,56533,19
13.0308303833,80.2667388916,56655,56675,20
13.0356197357,80.2679519653,57664,57684,20
13.0357599258,80.2685394287,57735,57765,30
13.0348901749,80.2679901123,57775,57805,30
13.0343704224,80.2680511475,57826,57845,19
13.02987957,80.2666168213,58027,58043,16
13.0263395309,80.265953064,58106,58136,30
13.0221204758,80.2634506226,58217,58238,21
13.0065898895,80.2574462891,58632,58652,20
13.0067300797,80.2539215088,58703,58733,30
13.0064296722,80.2529830933,58763,58783,20
13.0064496994,80.2530288696,58783,58804,21
13.0069503784,80.245300293,59046,59076,30
13.0114002228,80.2234420776,59369,59389,20
13.0155496597,80.2249832153,59490,59520,30
13.0201997757,80.2248001099,59581,59597,16
13.0347204208,80.2303085327,59983,60011,28
13.0342502594,80.2299575806,60133,60153,20
13.0342302322,80.230140686,60526,60556,30
13.030380249,80.2312393188,60647,60668,21
13.029999733,80.230758667,60678,60697,19
13.0250597,80.2295913696,60930,60950,20
13.014289856,80.2262802124,61202,61219,17
13.0082397461,80.2335891724,61342,61362,20
13.007060051,80.239616394,61453,61483,30
13.0068998337,80.240737915,61513,61533,20
13.0067100525,80.2440338135,61594,61614,20
13.0068798065,80.2494888306,61695,61715,20
13.0077400208,80.258682251,61957,61977,20
13.0164403915,80.2597122192,62088,62109,21
13.0265197754,80.263999939,62512,62533,21
13.0292701721,80.2660522461,62684,62704,20
13.0311002731,80.2668380737,62775,62795,20
13.0339403152,80.2680892944,62926,62947,21
13.0344295502,80.2681427002,63020,63041,21
13.0336999893,80.2678985596,63122,63142,20
13.0337095261,80.2678833008,63647,63667,20
13.0221996307,80.263458252,65350,65370,20
13.0214195251,80.263130188,65391,65407,16
13.018819809,80.2620315552,65449,65469,20
13.0161104202,80.2596969604,65591,65611,20
13.0064697266,80.2531661987,66075,66091,16
13.0365600586,80.2304763794,67779,67799,20
13.0345497131,80.2303771973,67809,67829,20
13.0295495987,80.2310409546,68748,68764,16
13.0270204544,80.233001709,68857,68887,30
13.0270004272,80.2328796387,68887,68907,20
13.0252103806,80.2310409546,68978,68998,20
13.0255298615,80.230430603,68998,69028,30
13.019780159,80.2247161865,69311,69331,20
13.0082197189,80.2335891724,69553,69573,20
13.0068597794,80.2400665283,69755,69775,20
13.0069904327,80.2400588989,69775,69795,20
13.0221004486,80.2630767822,70633,70653,20
13.023059845,80.263923645,70673,70694,21
13.0265903473,80.2639083862,70774,70794,20
13.0291996002,80.2663803101,70903,70923,20
13.0290899277,80.266418457,70923,70944,21
13.033200264,80.2679290771,71216,71237,21
13.0293703079,80.2666015625,72044,72064,20
13.0063199997,80.2572021484,72617,72638,21
13.0063199997,80.2572021484,72638,72654,16
13.0065898895,80.2468566895,72888,72908,20
13.0279302597,80.2310562134,74790,74820,30
13.027130127,80.2329788208,74861,74881,20
13.0138397217,80.2219390869,75123,75144,21
13.0344200134,80.2681884766,76454,76484,30
13.0238399506,80.2644119263,76776,76793,17
13.0143899918,80.2593994141,76966,76988,22
13.0063400269,80.2520828247,77263,77283,20
13.0065202713,80.2465133667,77355,77376,21
13.0113296509,80.2232894897,77648,77669,21
13.0262804031,80.2337799072,77950,77972,22
13.0347499847,80.2302703857,78133,78153,20
13.0312204361,80.2306976318,78416,78432,16
13.0179395676,80.2247390747,78827,78844,17
13.0311002731,80.2668991089,79742,79758,16
13.0335102081,80.2678527832,79779,79800,21
13.0345497131,80.2680282593,79820,79841,21
12.9969100952,80.2571716309,2198,2228,30
13.0065002441,80.2575836182,21192,21212,20
13.0066299438,80.247253418,21404,21421,17
13.02202034,80.2261962891,21877,21897,20
13.0339899063,80.2304229736,22109,22129,20
13.0270204544,80.2329177856,23536,23556,20
13.0144195557,80.2262191772,23798,23814,16
13.0165195465,80.2597503662,24372,24392,20
13.0265598297,80.2639694214,24607,24627,20
13.0292301178,80.2664413452,24758,24779,21
13.0298995972,80.2666473389,25668,25688,20
13.0066099167,80.2464981079,26473,26493,20
13.0155096054,80.2249679565,26860,26890,30
13.0170898438,80.2251434326,26920,26938,18
13.0197601318,80.2245635986,26950,26971,21
13.034620285,80.2303619385,27284,27304,20
13.0334701538,80.2304992676,28709,28729,20
13.0270595551,80.2329711914,28881,28911,30
13.0082397461,80.2335891724,29315,29335,20
13.0075502396,80.236869812,29426,29456,30
13.0067195892,80.2455215454,29759,29779,20
13.0076999664,80.2586364746,30032,30052,20
13.0162200928,80.2595214844,30153,30173,20
13.0165195465,80.2597503662,30194,30224,30
13.0334997177,80.2678070068,30698,30719,21
13.0298900604,80.2666320801,31436,31456,20
13.0065898895,80.2409973145,32830,32860,30
13.0073699951,80.2369766235,32920,32941,21
13.0153102875,80.2248382568,33193,33213,20
13.0194597244,80.2243804932,33264,33294,30
13.028550148,80.2308807373,33678,33694,16
13.0335302353,80.2304763794,34505,34525,20
13.0274496078,80.2328491211,34688,34708,20
13.0263595581,80.2325592041,34769,34789,20
13.0239801407,80.2282180786,34900,34920,20
13.019949913,80.224822998,34991,35011,20
13.009180069,80.2285308838,35193,35223,30
13.0085201263,80.2320175171,35405,35425,20
13.0068397522,80.2406692505,35698,35728,30
13.0068702698,80.2495880127,35839,35869,30
13.0076398849,80.2586135864,36193,36213,20
13.0163002014,80.2595901489,36475,36496,21
13.0200901031,80.2625427246,36677,36693,16
13.0230102539,80.2638397217,36756,36776,20
13.029250145,80.2660827637,37069,37089,20
13.0292596817,80.2665023804,37110,37130,20
13.0334701538,80.2677993774,37221,37251,30
13.0345602036,80.268119812,37291,37311,20
13.0299501419,80.2666397095,37856,37877,21
13.0071697235,80.2586517334,38372,38392,20
13.0065402985,80.2576904297,38443,38459,16
13.0067300797,80.2508773804,38663,38683,20
13.0065803528,80.2464981079,39095,39115,20
13.0065898895,80.2414016724,39287,39303,16
13.0125303268,80.2216873169,39609,39625,16
13.0128803253,80.2220230103,39637,39657,20
13.0155296326,80.2249984741,39728,39758,30
13.0219602585,80.2261276245,39859,39880,21
13.0234098434,80.2274703979,39930,39950,20
13.0243997574,80.2285232544,40041,40061,20
13.0257301331,80.2302780151,40112,40142,30
13.0300102234,80.2307510376,40334,40354,20
13.0346899033,80.2303085327,40524,40554,30
13.03166008,80.2306518555,40948,40968,20
13.0307598114,80.2307434082,41019,41039,20
13.0066995621,80.2428665161,42273,42293,20
13.0068597794,80.2496185303,42465,42485,20
13.0088396072,80.2590408325,42746,42766,20
13.0279397964,80.263633728,43160,43176,16
13.0292596817,80.263999939,43198,43218,20
13.0334796906,80.2677764893,43430,43451,21
13.0346002579,80.2679977417,43481,43501,20
13.0312995911,80.266998291,43915,43935,20
13.0305595398,80.2668228149,43945,43966,21
13.0298995972,80.2667388916,43976,43996,20
13.0268497467,80.2661209106,44056,44073,17
13.0252599716,80.2653808594,44073,44095,22
13.016169548,80.2597503662,44298,44328,30
13.0102300644,80.2592315674,44399,44415,16
13.0066604614,80.2578125,44509,44529,20
13.006480217,80.2555999756,44569,44589,20
13.0065498352,80.2524185181,44631,44661,30
13.0073795319,80.2367706299,45025,45045,20
13.0185699463,80.2244873047,45368,45384,16
13.0219402313,80.2262115479,45457,45478,21
13.0343103409,80.2298202515,45973,45993,20
13.0249004364,80.2293930054,47223,47244,21
13.0239801407,80.2283172607,47274,47294,20
13.0142498016,80.2263031006,47496,47512,16
13.0066604614,80.2429580688,47837,47858,21
13.0066604614,80.2431716919,47858,47878,20
13.006819725,80.2495727539,47999,48019,20
13.0076999664,80.2586212158,48221,48241,20
13.0228796005,80.2637863159,48524,48544,20
13.0263004303,80.2653884888,48616,48636,20
13.0265102386,80.2640304565,48667,48687,20
13.0265598297,80.2635803223,48697,48713,16
13.0291795731,80.2657623291,48806,48827,21
13.030090332,80.2666473389,48868,48888,20
13.0310001373,80.2668228149,48918,48938,20
13.0315999985,80.2670135498,48958,48979,21
13.0338401794,80.2679595947,49362,49383,21
13.029419899,80.2666168213,49706,49736,30
13.0268001556,80.2659225464,50968,50998,30
13.03166008,80.2670288086,51261,51277,16
13.0345201492,80.2680130005,51319,51340,21
13.0344800949,80.268157959,51350,51380,30
13.0343503952,80.2680206299,51390,51411,21
13.0298500061,80.2666397095,51565,51584,19
13.0293998718,80.2665863037,51595,51615,20
13.022069931,80.2634429932,51817,51838,21
13.0195798874,80.2629165649,51888,51904,16
13.0076799393,80.2355880737,52838,52855,17
13.0219602585,80.2261581421,53190,53216,26
13.0341701508,80.2302398682,54006,54026,20
13.0315904617,80.2306594849,54107,54123,16
13.0262002945,80.2323226929,54266,54287,21
13.0101203918,80.227897644,54562,54578,16
13.0066795349,80.245880127,54823,54843,20
13.0104999542,80.2590484619,55237,55253,16
13.0162296295,80.259552002,55295,55316,21
13.0358800888,80.2678985596,56680,56700,20
13.0350503922,80.2679214478,56751,56767,16
13.0342102051,80.2679901123,56799,56819,20
13.025270462,80.2654037476,57182,57202,20
13.0190200806,80.2629013062,57364,57394,30
13.0099802017,80.2592697144,57717,57737,20
13.0096998215,80.2592697144,57758,57788,30
13.0065498352,80.2466583252,58293,58313,20
13.0155200958,80.2250213623,58819,58839,20
13.0256900787,80.2302932739,59102,59122,20
13.028169632,80.2309875488,59193,59209,16
13.0298099518,80.2308273315,60736,60756,20
13.0253801346,80.2301025391,60998,61015,17
13.0207595825,80.225402832,61160,61179,19
13.0145998001,80.2261505127,61252,61271,19
13.0069503784,80.2404937744,61535,61555,20
13.0067996979,80.2413024902,61575,61591,16
13.0067195892,80.2434310913,61603,61623,20
13.0068597794,80.2490692139,61715,61736,21
13.0077199936,80.2587203979,62077,62097,20
13.025179863,80.2652511597,62420,62441,21
13.0316095352,80.267036438,62754,62784,30
13.0336103439,80.2678375244,62845,62865,20
13.0345697403,80.2681274414,62905,62935,30
13.0338697433,80.2679519653,62966,62986,20
13.0337095261,80.2678985596,62986,63006,20
13.0327100754,80.2676391602,63360,63380,20
13.031999588,80.2671966553,63410,63440,30
13.0317201614,80.2671127319,63440,63461,21
13.0311203003,80.2668380737,63531,63552,21
13.0299196243,80.2666473389,63653,63669,16
13.0221700668,80.2634429932,63924,63944,20
13.0181598663,80.2610015869,64076,64096,20
13.0172395706,80.2603988647,64126,64142,16
13.0071802139,80.2587585449,64356,64377,21
13.0066404343,80.2577819824,64397,64427,30
13.0065002441,80.2532577515,64508,64528,20
13.0065402985,80.2465820313,64781,64801,20
13.0065603256,80.2457733154,64831,64851,20
13.0065603256,80.2414169312,64993,65023,30
13.0074195862,80.2367477417,65104,65134,30
13.0154695511,80.2250137329,65490,65510,20
13.0219602585,80.2262268066,65661,65682,21
13.0339803696,80.2305831909,66924,66944,20
13.0243196487,80.2287368774,67338,67366,28
13.0239601135,80.2283706665,67386,67407,21
13.0085096359,80.2320175171,67790,67811,21
13.0263395309,80.2654418945,69322,69339,17
13.0264797211,80.2640304565,69339,69361,22
13.0282201767,80.2638397217,69411,69432,21
13.0334596634,80.267906189,69735,69765,30
13.0345697403,80.2680664063,69795,69815,20
13.0297403336,80.2666778564,71179,71199,20
13.0219602585,80.2634124756,71462,71482,20
13.0082798004,80.2592391968,71765,71781,16
13.0064401627,80.253288269,72135,72157,22
13.0065002441,80.2466430664,72358,72379,21
13.0073204041,80.2367935181,72611,72631,20
13.0101299286,80.2259674072,72773,72789,16
13.0111999512,80.2235565186,72810,72831,21
13.0219202042,80.2261962891,73094,73114,20
13.0307998657,80.2306976318,73415,73434,19
13.0349998474,80.2301025391,73618,73648,30
13.0307302475,80.2307434082,74375,74396,21
13.0277996063,80.2328262329,74507,74527,20
13.0143299103,80.2262802124,74941,74961,20
13.0094003677,80.2282333374,75032,75048,16
13.0068101883,80.2495803833,75444,75464,20
13.006770134,80.2513198853,75495,75515,20
13.0075902939,80.2586669922,75686,75707,21
13.0163297653,80.2596817017,75808,75828,20
13.024939537,80.2651977539,76050,76066,16
13.0264596939,80.2639465332,76119,76139,20
13.0295095444,80.2666168213,76300,76317,17
13.0332899094,80.2678375244,76390,76420,30
13.0292701721,80.2666091919,76845,76865,20
13.0263204575,80.2660217285,77439,77469,30
13.0261697769,80.2663421631,77891,77911,20
13.0145902634,80.2255630493,6275,6296,21
13.0161104202,80.2253036499,19958,19974,16
13.0276403427,80.2328567505,20542,20560,18
13.0230798721,80.2273178101,20643,20663,20
12.9759197235,80.2212600708,21613,21629,16
12.9754695892,80.220916748,21629,21651,22
12.9274597168,80.1981582642,22358,22374,16
12.9225902557,80.1622619629,23003,23019,16
12.9230604172,80.1606521606,23019,23041,22
12.9224500656,80.1429672241,23314,23334,20
12.9229097366,80.1279067993,23536,23552,16
12.9226799011,80.1476669312,25272,25288,16
12.9224500656,80.1630630493,25502,25518,16
12.9292297363,80.2026901245,26217,26237,20
12.9398002625,80.2055435181,26417,26438,21
12.9441099167,80.2082519531,26509,26529,20
12.983130455,80.222038269,27206,27222,16
12.9976100922,80.2160491943,27498,27528,30
13.009519577,80.2147216797,27831,27848,17
13.0155897141,80.2249908447,27981,28001,20
13.02202034,80.2261962891,28093,28113,20
13.0348596573,80.2302627563,28335,28356,21
13.0298595428,80.2308197021,29911,29931,20
13.0247097015,80.2291717529,30174,30194,20
13.0237998962,80.2279510498,30224,30240,16
13.0230703354,80.2274627686,30240,30263,23
12.990819931,80.2201919556,31283,31303,20
12.9833202362,80.2222290039,31445,31465,20
12.9377603531,80.2049789429,32212,32228,16
12.9358901978,80.2044525146,32228,32251,23
12.933719635,80.2039413452,32291,32311,20
12.9174203873,80.1946105957,32655,32685,30
12.9170799255,80.1925506592,32756,32776,20
12.91726017,80.1913375854,32806,32826,20
12.9224004745,80.1416091919,33604,33624,20
12.9234800339,80.1169281006,34059,34089,30
12.9224796295,80.1418609619,34897,34913,16
12.9203996658,80.1695785522,35390,35406,16
12.9207201004,80.1853408813,35673,35693,20
12.9174604416,80.1915206909,36016,36036,20
12.9293699265,80.2026977539,36552,36572,20
12.9340200424,80.2038497925,36642,36663,21
13.0291404724,80.2308273315,46586,46607,21
13.0334997177,80.2304534912,46708,46738,30
13.0336303711,80.2304611206,46738,46768,30
13.0271701813,80.2329025269,47011,47031,20
13.0155200958,80.2257614136,47263,47283,20
13.0155200958,80.2257614136,47283,47301,18
13.0142002106,80.2261123657,49747,49767,20
13.0243501663,80.2284011841,50091,50111,20
13.0333795547,80.2304916382,50313,50334,21
13.0341701508,80.23021698,50798,50828,30
12.9666500092,80.2172164917,57038,57054,16
12.9711799622,80.2189331055,57087,57107,20
13.0077295303,80.2129135132,57682,57703,21
13.021900177,80.22605896,58036,58056,20
13.0245399475,80.2287368774,58137,58153,16
13.0348596573,80.2302627563,58388,58408,20
13.0303297043,80.230796814,59336,59352,16
13.0231103897,80.2274780273,59628,59656,28
12.9973897934,80.2163696289,60394,60410,16
12.9845895767,80.2230377197,60715,60735,20
12.9838895798,80.2226409912,60785,60802,17
12.983499527,80.2223892212,60802,60824,22
12.9759998322,80.2212982178,61006,61026,20
12.9758300781,80.2212219238,61026,61056,30
12.9230203629,80.1974411011,61915,61931,16
12.9169902802,80.1932373047,62084,62105,21
12.9228401184,80.152633667,62620,62650,30
12.9231901169,80.1206436157,63167,63187,20
12.9230499268,80.1255187988,65157,65177,20
12.9229698181,80.1268386841,65207,65224,17
12.9234199524,80.1546173096,65630,65650,20
12.9220895767,80.1641616821,65791,65807,16
12.929400444,80.2027816772,66669,66689,20
12.929400444,80.2027816772,66689,66705,16
12.9399700165,80.205619812,66920,66940,20
12.940990448,80.2059783936,66970,66986,16
12.9479703903,80.2098388672,67130,67153,23
12.9827899933,80.2219696045,67882,67902,20
12.9836196899,80.2224807739,67943,67959,16
12.9974498749,80.2162322998,68365,68385,20
13.0077896118,80.2130584717,68618,68638,20
13.0247297287,80.2290420532,69112,69129,17
13.0269804001,80.2311706543,69302,69323,21
13.0274896622,80.2310562134,69333,69363,30
13.0277996063,80.2310028076,69373,69393,20
13.0303297043,80.2307815552,69737,69757,20
13.0338602066,80.2305297852,69838,69858,20
13.0309095383,80.230758667,70818,70838,20
13.0272598267,80.2329330444,70969,70999,30
13.0264196396,80.2331237793,71212,71232,20
13.0247802734,80.2294082642,71313,71343,30
13.0229997635,80.2274932861,71393,71414,21
13.0197601318,80.2247390747,71494,71510,16
13.0082597733,80.213432312,71997,72018,21
13.0078897476,80.2132415771,72068,72088,20
13.0039901733,80.2121582031,72169,72199,30
12.995759964,80.216758728,72553,72573,20
12.9756603241,80.2211532593,73129,73149,20
12.9254102707,80.1975631714,74039,74055,16
12.9169397354,80.1938781738,74249,74269,20
12.9171600342,80.1916809082,74320,74350,30
12.9196195602,80.1814575195,74562,74578,16
12.9224901199,80.1469192505,75065,75085,20
12.9233598709,80.1169662476,75560,75580,20
12.922949791,80.1256103516,75871,75891,20
12.9202003479,80.1837310791,76649,76679,30
12.9170799255,80.1930618286,76851,76871,20
12.9762001038,80.221282959,77771,77791,20
12.9823102951,80.2218017578,77973,77989,16
13.0069904327,80.2127685547,78517,78533,16
12.9985399246,80.2570495605,6333,6363,30
12.902589798,80.2279281616,28763,28784,21
12.9064798355,80.2281494141,28844,28865,21
12.9138803482,80.2292327881,28948,28968,20
12.939620018,80.2355880737,29372,29392,20
12.9473199844,80.2399597168,29523,29543,20
12.9664201736,80.2476425171,30018,30048,30
12.9664201736,80.2476425171,30048,30064,16
12.9802103043,80.2522201538,30278,30298,20
12.9802103043,80.2522201538,30298,30314,16
12.9813604355,80.2429428101,30499,30519,20
12.981300354,80.2380065918,30601,30631,30
12.9816398621,80.2333984375,30692,30712,20
12.9806804657,80.229019165,30792,30813,21
12.9773101807,80.2227172852,30964,30984,20
12.9863500595,80.2229385376,31226,31246,20
12.9903202057,80.220413208,31347,31367,20
12.9962501526,80.2165679932,31499,31519,20
12.9974803925,80.2159805298,31559,31579,20
13.0036296844,80.2119216919,31761,31781,20
13.0066604614,80.2097091675,31872,31902,30
13.0135698318,80.2041702271,32154,32175,21
13.0136499405,80.2046813965,32205,32225,20
13.0099096298,80.2115936279,32507,32528,21
13.0098495483,80.2114028931,32528,32558,30
13.0099201202,80.2113418579,32800,32830,30
13.009759903,80.2111282349,32971,32992,21
13.0097703934,80.21144104,33042,33062,20
13.0098104477,80.21144104,33062,33082,20
13.0096797943,80.2114105225,33082,33103,21
13.0099096298,80.2114715576,33133,33153,20
13.0098495483,80.2113265991,33163,33183,20
13.0098600388,80.2113876343,33193,33214,21
13.0097799301,80.2113189697,33425,33446,21
13.0090904236,80.2114715576,33557,33587,30
12.9954595566,80.2169036865,34515,34535,20
12.9908399582,80.220161438,34626,34646,20
12.9786901474,80.2254867554,35161,35181,20
12.981760025,80.2305526733,35302,35328,26
12.9817495346,80.2306671143,35328,35350,22
12.9816198349,80.2335510254,35391,35411,20
12.9813499451,80.2387695313,35481,35502,21
12.9813804626,80.2427520752,35572,35602,30
12.9799995422,80.252532959,35814,35834,20
12.9786396027,80.2525405884,36006,36026,20
12.9725503922,80.25025177,36097,36117,20
12.9593400955,80.244682312,36319,36339,20
12.9471902847,80.2400817871,36561,36581,20
12.9396600723,80.2357635498,36712,36732,20
12.936630249,80.2342834473,36783,36799,16
12.9337797165,80.2329483032,36811,36831,20
12.9132404327,80.2293167114,37104,37125,21
12.9121303558,80.2291412354,37155,37171,16
12.9062795639,80.2283172607,37244,37264,20
12.8984203339,80.2278900146,37597,37627,30
12.8791799545,80.2109298706,39007,39027,20
12.9472799301,80.2399597168,40460,40480,20
12.9562196732,80.2433013916,40631,40661,30
12.9669103622,80.2479782104,40924,40944,20
12.9738397598,80.2503204346,41034,41051,17
12.9812097549,80.2343063354,41476,41497,21
12.981470108,80.2336883545,41517,41547,30
12.9816102982,80.2333602905,41557,41577,20
12.9947004318,80.2171096802,42262,42278,16
12.9975099564,80.2160110474,42309,42331,22
13.007809639,80.2098312378,42613,42634,21
13.0102901459,80.2114105225,43077,43098,21
13.0094499588,80.2110366821,43148,43178,30
13.0090398788,80.2115402222,43287,43307,20
12.9831399918,80.2224578857,44186,44216,30
12.9798202515,80.2275619507,44489,44505,16
12.9816102982,80.2334899902,44609,44629,20
12.9814395905,80.2428131104,44780,44800,20
12.9799203873,80.2523880005,44952,44972,20
12.971159935,80.2498626709,45113,45129,16
12.9564304352,80.2437820435,45303,45333,30
12.9261302948,80.2310562134,45807,45837,30
12.9071998596,80.2283782959,46130,46150,20
12.9024801254,80.2280807495,46221,46251,30
12.8933200836,80.2275390625,46402,46422,20
12.8743600845,80.2097167969,46917,46937,20
12.9023599625,80.2278518677,47895,47915,20
12.9061002731,80.2281417847,47966,47996,30
12.9474096298,80.2400131226,48551,48571,20
12.9780902863,80.2520370483,49005,49021,16
12.9817199707,80.2334365845,49396,49416,20
12.9818000793,80.2331390381,49437,49467,30
12.9790496826,80.2261810303,49638,49654,16
12.9772596359,80.2227096558,49716,49737,21
12.9861097336,80.2229537964,49929,49949,20
12.9863300323,80.2229309082,49959,49976,17
12.9910802841,80.2198104858,50059,50079,20
13.0059604645,80.2095031738,50402,50422,20
13.011059761,80.2124481201,50866,50896,30
13.0112695694,80.2124023438,52056,52077,21
13.0108995438,80.2123184204,52077,52107,30
13.0107097626,80.225151062,53389,53405,16
12.9972496033,80.2164230347,53680,53710,30
12.9876098633,80.2230224609,53922,53942,20
12.9830904007,80.2220916748,54043,54063,20
12.9812602997,80.238609314,54517,54537,20
12.9788398743,80.2526626587,54878,54898,20
12.9648504257,80.2473602295,55039,55059,20
12.9636898041,80.246887207,55090,55118,28
12.8837003708,80.2267913818,56371,56389,18
12.8791599274,80.2110137939,56643,56663,20
12.8745803833,80.2101287842,56744,56764,20
12.8749504089,80.2096328735,56966,56986,20
12.8746404648,80.2099761963,57299,57319,20
12.8747301102,80.2098999023,57632,57662,30
12.8764696121,80.2267227173,57955,57975,20
12.8851604462,80.2266387939,58096,58116,20
12.8943595886,80.2273864746,58247,58263,16
12.906920433,80.2281799316,58578,58598,20
12.9140796661,80.2294082642,58689,58709,20
12.926320076,80.231048584,58881,58901,20
12.9357299805,80.2337036133,59062,59083,21
12.9396095276,80.2356414795,59133,59153,20
12.9511804581,80.2414169312,59426,59446,20
12.9563398361,80.2433700562,59547,59567,20
12.9631996155,80.2464981079,59688,59708,20
12.9668703079,80.248008728,59769,59789,20
12.9773302078,80.2227783203,60475,60495,20
12.9799499512,80.2211608887,60616,60636,20
12.9825296402,80.2218399048,60787,60808,21
12.9982795715,80.2153015137,61211,61227,16
13.0074996948,80.2098693848,61472,61492,20
13.010020256,80.2112579346,61915,61936,21
13.0098800659,80.2115402222,61956,61976,20
13.0099201202,80.2113571167,62057,62087,30
13.0099096298,80.2116699219,62127,62147,20
13.0098800659,80.2115402222,62460,62480,20
13.0100698471,80.2117080688,62561,62591,30
12.9998502731,80.2173614502,63350,63370,20
12.9976396561,80.2164916992,63521,63542,21
12.9968900681,80.2165222168,63582,63612,30
12.9966697693,80.2165527344,63612,63632,20
12.9961500168,80.2166595459,63653,63673,20
12.9956998825,80.2168197632,63683,63713,30
12.9877996445,80.2231216431,63925,63945,20
12.9832801819,80.2219009399,64056,64076,20
12.9770498276,80.2212600708,64187,64207,20
12.9786195755,80.2525177002,64823,64843,20
12.9647598267,80.2472229004,65085,65101,16
12.9594097137,80.2447967529,65154,65183,29
12.9467496872,80.2398300171,65456,65477,21
12.9338197708,80.233001709,65749,65779,30
12.926030159,80.231010437,65870,65890,20
12.9257497787,80.2309036255,65900,65916,16
12.9133901596,80.2293395996,66071,66091,20
12.9062204361,80.2284088135,66353,66374,21
12.8932600021,80.2276611328,66735,66765,30
12.8884897232,80.2275009155,66836,66852,16
12.884929657,80.2268829346,66904,66924,20
12.8763799667,80.2266998291,67035,67056,21
12.8765802383,80.2249603271,67086,67102,16
12.8788700104,80.2110366821,67245,67262,17
12.8745603561,80.2102432251,67315,67345,30
12.8747997284,80.2099761963,67930,67950,20
12.8764400482,80.2269134521,68364,68394,30
12.9025602341,80.2278900146,68838,68858,20
12.9053602219,80.2280273438,68909,68939,30
12.9391803741,80.2353973389,69464,69480,16
12.9663801193,80.2476806641,70218,70239,21
12.9798202515,80.2523498535,70410,70436,26
12.9812097549,80.2368774414,70741,70757,16
12.9770698547,80.2227935791,71112,71132,20
12.9829101563,80.222038269,71284,71304,20
12.9863595963,80.2230377197,71375,71394,19
12.9972600937,80.2164077759,71677,71697,20
13.0069198608,80.2098236084,71970,71990,20
13.0128698349,80.2078094482,72283,72299,16
13.0097799301,80.2113418579,72432,72462,30
13.0094099045,80.2111206055,72977,72997,20
13.0097103119,80.2111206055,73219,73249,30
13.0092201233,80.2110290527,73350,73370,20
13.0091896057,80.2110595703,73380,73401,21
13.0102701187,80.2227020264,73859,73879,20
12.9973602295,80.2165679932,74101,74121,20
12.9875001907,80.2231521606,74393,74413,20
12.9871196747,80.2230911255,74424,74444,20
12.9816799164,80.2305374146,74867,74888,21
12.9813499451,80.2429504395,75130,75150,20
12.981180191,80.2446594238,75180,75196,16
12.9798603058,80.2526168823,75329,75352,23
12.9692401886,80.2491531372,75528,75551,23
12.9649896622,80.247467041,75584,75604,20
12.9513597488,80.2416763306,75876,75892,16
12.9491596222,80.2410430908,75925,75945,20
12.9360399246,80.2341003418,76198,76214,16
12.9073600769,80.2285003662,76590,76620,30
12.8997402191,80.2279968262,76912,76942,30
12.8928899765,80.2275695801,77034,77054,20
12.8789396286,80.2109909058,77457,77477,20
12.8744096756,80.2101516724,77568,77588,20
12.8764200211,80.2269592285,77912,77932,20
12.9027500153,80.2279663086,78286,78306,20
12.9663696289,80.2477798462,79426,79446,20
12.9720497131,80.2499084473,79516,79533,17
13.0066299438,80.2096633911,80826,80846,20
13.0107002258,80.216758728,81472,81488,16
13.0066604614,80.257232666,82016,82036,20
12.9976902008,80.2570571899,82692,82712,20
12.9673595428,80.1490402222,21502,21523,21
12.973400116,80.1530303955,21634,21654,20
12.969420433,80.1502380371,21725,21745,20
12.9871702194,80.2595977783,23726,23756,30
12.9489803314,80.2406997681,26028,26058,30
12.9484500885,80.1985702515,26462,26482,20
12.9491596222,80.1838531494,26654,26674,20
12.9543399811,80.1422729492,27189,27209,20
12.9528999329,80.1414337158,27249,27269,20
12.9517498016,80.1406173706,27310,27330,20
12.9262599945,80.1175613403,28249,28279,30
12.9361600876,80.1269607544,29228,29248,20
12.9374399185,80.1279067993,29309,29329,20
12.9505596161,80.1393814087,29521,29551,30
12.9543600082,80.1596374512,30005,30026,21
12.949259758,80.1843414307,30288,30318,30
12.9485998154,80.1958389282,30470,30500,30
12.9485998154,80.1996536255,30553,30574,21
12.9500799179,80.233253479,30917,30947,30
12.9499797821,80.2356491089,31008,31028,20
12.9499797821,80.2357406616,31028,31058,30
12.9491701126,80.2402572632,31260,31281,21
12.9563703537,80.2433624268,31594,31624,30
12.9590797424,80.2445068359,31664,31684,20
12.9871997833,80.2595977783,32916,32946,30
12.9868402481,80.259147644,34320,34350,30
12.9877195358,80.2564697266,34532,34562,30
12.9877500534,80.2515869141,34905,34925,20
12.9801197052,80.2527999878,35016,35037,21
12.9649896622,80.2473373413,35208,35228,20
12.9638900757,80.2468719482,35249,35269,20
12.9564695358,80.243637085,35380,35410,30
12.9492797852,80.2392501831,35622,35642,20
12.9496803284,80.2368774414,35693,35723,30
12.9499998093,80.2337722778,35925,35955,30
12.9499998093,80.2325973511,39027,39048,21
12.9500303268,80.2328567505,39058,39078,20
12.9491300583,80.2402191162,39421,39451,30
12.967040062,80.2479934692,39845,39865,20
12.9832401276,80.252456665,40289,40310,21
12.987830162,80.2518234253,41461,41491,30
12.9651203156,80.2474594116,41834,41864,30
12.9637403488,80.2468719482,41885,41905,20
12.9567298889,80.243850708,42036,42066,30
12.9543399811,80.1590881348,43116,43137,21
12.9370002747,80.1280975342,43732,43752,20
12.9272298813,80.1182632446,44500,44530,30
12.9272899628,80.1184234619,44530,44550,20
12.9356803894,80.1265182495,44782,44802,20
12.9510402679,80.1397628784,45026,45046,20
12.9512500763,80.1399230957,45056,45076,20
12.9544897079,80.1588821411,45389,45419,30
12.9485397339,80.2093887329,45954,45975,21
12.9500198364,80.2331390381,46156,46176,20
12.9491100311,80.2403564453,46328,46358,30
12.9668102264,80.2479629517,46681,46701,20
12.987739563,80.2548370361,48499,48519,20
12.9650497437,80.2473831177,48953,48973,20
12.9516496658,80.2416610718,49236,49266,30
12.9484996796,80.2086105347,49730,49751,21
12.9484901428,80.195602417,49912,49932,20
12.9491796494,80.1838531494,50164,50185,21
12.9682502747,80.1494979858,50760,50790,30
12.9733200073,80.1529388428,50891,50912,21
12.9692602158,80.150138855,50992,51012,20
12.9485797882,80.199432373,51921,51941,20
12.9490995407,80.2403869629,52396,52416,20
12.9873199463,80.2591705322,53324,53345,21
12.9866695404,80.2590866089,53415,53436,21
12.9651203156,80.2474212646,54455,54475,20
12.9516401291,80.2416229248,54748,54768,20
12.949090004,80.2407989502,54819,54839,20
12.954369545,80.1589508057,55828,55848,20
12.9527301788,80.1413269043,56131,56161,30
12.9368000031,80.127822876,56464,56484,20
12.9272098541,80.1182403564,57373,57403,30
12.9289197922,80.1200485229,57454,57474,20
12.9312496185,80.1223678589,57666,57686,20
12.9503002167,80.1393127441,58080,58100,20
12.9526596069,80.1411590576,58312,58342,30
12.9492797852,80.1840209961,58897,58918,21
12.9563703537,80.2433319092,59708,59728,20
12.9669599533,80.2480773926,60001,60021,20
12.9785604477,80.2523727417,60152,60173,21
12.9877099991,80.2557220459,60607,60637,30
12.9872903824,80.2595214844,60708,60728,20
12.9878702164,80.2519226074,62697,62727,30
12.9639797211,80.2469787598,63141,63161,20
12.949259758,80.2409133911,63434,63464,30
12.9489803314,80.1854171753,64211,64241,30
12.9672203064,80.1490402222,64898,64928,30
12.9683103561,80.149559021,64958,64978,20
12.9730501175,80.1525726318,65332,65352,20
12.9693202972,80.1501998901,65514,65544,30
12.9585599899,80.1504516602,65796,65816,20
12.9486598969,80.2100067139,66890,66910,20
12.9500703812,80.2330322266,67112,67132,20
12.950969696,80.2413864136,67354,67374,20
12.9665603638,80.2479019165,67738,67768,30
12.9874000549,80.2572784424,69969,69999,30
12.9875001907,80.2560424805,70030,70050,20
12.9785404205,80.2526168823,70343,70363,20
12.959400177,80.2448806763,70625,70646,21
12.9516897202,80.2417221069,70837,70858,21
12.9491100311,80.2394104004,70969,70989,20
12.9499197006,80.2339401245,71120,71150,30
12.9484300613,80.1955871582,71786,71807,21
12.9491195679,80.1838607788,72019,72039,20
12.9585800171,80.150177002,72412,72433,21
12.951499939,80.1404876709,72675,72705,30
12.9505500793,80.1397705078,72735,72756,21
12.9262199402,80.1175918579,73301,73321,20
12.9272298813,80.1183700562,73634,73654,20
12.9295902252,80.1207962036,73898,73918,20
12.9313297272,80.1225509644,73968,73988,20
12.9524297714,80.1410675049,74695,74715,20
12.9584999084,80.1504898071,74948,74968,20
12.9544696808,80.1588897705,75079,75099,20
12.9491596222,80.1850967407,75473,75493,20
12.9485397339,80.1955413818,75634,75664,30
12.9484996796,80.2092971802,75846,75876,30
12.9500198364,80.2331619263,76098,76119,21
12.9490804672,80.2404403687,76240,76270,30
12.9511203766,80.2414398193,76310,76331,21
12.9563102722,80.2434387207,76422,76442,20
12.9668798447,80.2480621338,76674,76694,20
12.9877099991,80.2549285889,77159,77179,20
12.9871702194,80.2593078613,77260,77290,30
12.9982795715,80.2381820679,74,94,20
12.990940094,80.2335662842,1206,1226,20
12.9908704758,80.2294311523,3402,3422,20
12.9901199341,80.2276229858,4828,4848,20
12.9904003143,80.233291626,4990,5020,30
12.9982995987,80.2380828857,6769,6789,20
12.9882898331,80.2236785889,29715,29736,21
12.988360405,80.2237625122,31818,31848,30
12.9882297516,80.2235412598,38190,38220,30
12.9877195358,80.2238388062,42658,42679,21
12.9901895523,80.2274780273,43154,43174,20
12.9977998734,80.2378311157,45482,45502,20
12.9899396896,80.2276229858,46968,46998,30
12.9899597168,80.2276000977,48425,48455,30
12.9909200668,80.2317276001,50487,50507,20
12.9901103973,80.2273788452,50578,50598,20
12.9916696548,80.2342071533,62472,62502,30
12.9898395538,80.2263565063,70251,70281,30
13.0021896362,80.2397232056,72061,72081,20
13.0022201538,80.2397003174,73953,73973,20
12.9982404709,80.2380371094,75560,75590,30
13.0022201538,80.239616394,79978,79998,20
12.9982795715,80.2381515503,80089,80109,20
12.9899597168,80.2277297974,82639,82659,20
12.9905004501,80.2333984375,82791,82811,20
12.9909095764,80.2333374023,83357,83377,20
12.9907102585,80.2295684814,83498,83519,21
12.9908800125,80.2335968018,85803,85823,20
12.9982795715,80.2379837036,86208,86228,20
13.0270004272,80.2660598755,23789,23810,21
13.0267896652,80.2660064697,23810,23830,20
13.0069704056,80.2403182983,24447,24467,20
13.0292797089,80.2658996582,27623,27645,22
13.0444602966,80.2667999268,28090,28120,30
13.0563697815,80.281791687,28443,28463,20
13.0831804276,80.2891464233,28777,28807,30
13.0866098404,80.2896118164,30324,30344,20
13.0741500854,80.2861633301,30486,30516,30
13.0507497787,80.2808685303,30880,30900,20
13.0432796478,80.2774200439,31011,31032,21
13.0432796478,80.277381897,31032,31062,30
13.0438203812,80.2718582153,31153,31173,20
13.0370798111,80.267616272,31638,31658,20
13.0359897614,80.2677764893,31770,31790,20
13.0297603607,80.2666778564,31982,32002,20
13.0270795822,80.2561798096,32255,32285,30
13.0271701813,80.2535400391,32387,32407,20
13.0285997391,80.25,32437,32457,20
13.0292901993,80.2472000122,32528,32548,20
13.0220098495,80.2424163818,32700,32720,20
13.0209102631,80.2419509888,32740,32761,21
13.0086603165,80.2404098511,33013,33034,21
13.0090398788,80.2116317749,35330,35350,20
13.0088996887,80.2301635742,35896,35916,20
13.0080795288,80.2400588989,36391,36412,21
13.0273704529,80.2566375732,37271,37301,30
13.0411901474,80.2682571411,41244,41265,21
13.0371904373,80.267616272,41355,41376,21
13.0298404694,80.2667236328,41568,41598,30
13.029299736,80.2662582397,63157,63178,21
13.049539566,80.2806015015,64483,64504,21
13.0506601334,80.2807693481,64534,64554,20
13.0566902161,80.2818069458,64635,64656,21
13.0566501617,80.2817993164,64665,64686,21
13.0629997253,80.2831573486,64807,64827,20
13.0631799698,80.2832107544,64827,64847,20
13.0881204605,80.2900390625,65243,65273,30
13.0886297226,80.2901000977,65273,65293,20
13.079750061,80.2880630493,66800,66820,20
13.0712995529,80.2850112915,66951,66972,21
13.0696697235,80.2848434448,67103,67133,30
13.0683097839,80.2845611572,67214,67234,20
13.0626096725,80.2832336426,67409,67430,21
13.0432796478,80.2774963379,67854,67874,20
13.0438604355,80.2719726563,68087,68107,20
13.0376901627,80.267829895,68400,68430,30
13.0342197418,80.2680969238,68663,68683,20
13.0266504288,80.2613220215,69199,69219,20
13.0136404037,80.2046432495,71534,71555,21
13.012840271,80.2081832886,71615,71636,21
13.0128803253,80.2095794678,71656,71676,20
13.0108699799,80.2279205322,72657,72687,30
13.0081996918,80.233543396,72758,72778,20
13.0232496262,80.2427902222,73243,73263,20
13.028840065,80.2497329712,73435,73465,30
13.0270595551,80.2564086914,73627,73647,20
13.0268602371,80.2611083984,73738,73758,20
13.0370197296,80.2665405273,74153,74173,20
13.0410699844,80.2647171021,74305,74325,20
13.056429863,80.2818374634,74954,74975,21
13.057299614,80.2820129395,74995,75015,20
13.063079834,80.2832183838,75096,75126,30
13.0733699799,80.2852478027,75308,75328,20
13.0811004639,80.2887878418,77917,77947,30
13.0739202499,80.2861480713,78008,78028,20
13.0662698746,80.2841491699,78109,78139,30
13.0436000824,80.2798690796,78432,78453,21
13.0435495377,80.279838562,78453,78483,30
13.0267000198,80.2660903931,79140,79160,20
13.028840065,80.2491531372,79453,79474,21
13.0185604095,80.2414398193,79696,79716,20
13.0077800751,80.2072906494,80697,80717,20
13.0091199875,80.2113800049,80808,80829,21
13.0136203766,80.2404327393,81425,81455,30
13.0186004639,80.2412261963,81475,81496,21
13.0288600922,80.2498626709,81819,81839,20
13.0292301178,80.2660903931,82143,82163,20
13.0415697098,80.2681427002,82496,82517,21
13.0650196075,80.2835922241,83074,83094,20
13.0854301453,80.2836380005,83336,83357,21
13.0821800232,80.2785568237,83711,83731,20
12.9884796143,80.2234420776,21956,21986,30
12.988360405,80.2233734131,24520,24540,20
12.988360405,80.2233734131,26528,26548,20
12.9865198135,80.2353363037,28061,28081,20
12.9894895554,80.2243423462,28364,28384,20
12.9987201691,80.2391967773,28868,28888,20
12.9992103577,80.2393722534,29766,29786,20
12.9864997864,80.2352523804,30452,30472,20
12.9864997864,80.2353210449,31473,31494,21
12.9866600037,80.2333068848,31544,31564,20
12.9909696579,80.2320327759,32099,32119,20
12.9917802811,80.2336578369,32149,32169,20
12.9987001419,80.2391891479,32341,32371,30
13.0059404373,80.2423095703,32502,32532,30
12.9884595871,80.223487854,33723,33743,20
12.9987096786,80.2391586304,37516,37536,20
12.9991798401,80.2393188477,37839,37869,30
12.9939098358,80.2344818115,37980,38000,20
12.9918498993,80.2337417603,38041,38071,30
12.9909601212,80.2317428589,38111,38141,30
12.9908399582,80.2300109863,38172,38192,20
12.9901895523,80.2275009155,38232,38252,20
12.9864597321,80.2351913452,38595,38615,20
12.9865999222,80.2384185791,38758,38788,30
12.9864196777,80.2332611084,38919,38949,30
12.9901199341,80.2276229858,39101,39131,30
12.9902000427,80.2275619507,39413,39434,21
12.9909601212,80.2319869995,39514,39534,20
12.9938602448,80.2344436646,39645,39665,20
12.9987096786,80.2391662598,39787,39817,30
12.993929863,80.2345504761,40654,40674,20
12.9913196564,80.2333068848,40765,40785,20
12.9908103943,80.2300415039,40856,40876,20
12.9883098602,80.2233581543,41007,41027,20
12.9864902496,80.2351837158,41269,41289,20
12.9864997864,80.2353591919,42634,42654,20
12.986700058,80.2333221436,42694,42715,21
12.9882802963,80.2300720215,42765,42785,20
12.9900798798,80.2276382446,42836,42856,20
12.9883298874,80.2233963013,42937,42967,30
12.9907999039,80.2301177979,43108,43128,20
12.9917201996,80.2336425781,43229,43259,30
12.9938297272,80.2344284058,43300,43320,20
12.9918498993,80.2337722778,44389,44419,30
12.9898700714,80.2276763916,44782,44802,20
12.9864501953,80.2352371216,44985,45005,20
12.9864196777,80.2352294922,46064,46084,20
12.9900598526,80.2276306152,46286,46306,20
12.9900903702,80.2275085449,46508,46528,20
12.9907598495,80.230140686,46569,46589,20
12.9908800125,80.2320022583,46619,46639,20
12.9917201996,80.2336425781,46670,46690,20
12.9937295914,80.2343826294,46730,46750,20
13.0026597977,80.2401275635,47840,47860,20
12.993929863,80.2345581055,48082,48102,20
12.9918498993,80.2337265015,48142,48162,20
12.9898996353,80.2276763916,48596,48626,30
12.9865999222,80.233291626,48747,48767,20
12.9864397049,80.2352218628,48808,48838,30
12.9899301529,80.2276992798,49717,49737,20
12.9866600037,80.2333526611,50151,50171,20
12.9900398254,80.2276992798,50304,50334,30
12.9909601212,80.2320098877,50415,50445,30
12.9991998672,80.2393188477,51312,51342,30
12.990940094,80.2317810059,51645,51665,20
12.9864902496,80.2353363037,53222,53242,20
12.9882802963,80.2300872803,53343,53363,20
12.9883203506,80.2233276367,53515,53535,20
12.9885997772,80.2232971191,53545,53565,20
12.9909801483,80.2319335938,53727,53747,20
12.9938201904,80.2344207764,53858,53878,20
12.9992103577,80.2393417358,54988,55008,20
12.9918003082,80.2337417603,55169,55199,30
12.990940094,80.2317810059,55250,55280,30
12.9883298874,80.2233276367,55462,55492,30
12.9864196777,80.2351608276,55764,55784,20
12.986530304,80.2353897095,56682,56702,20
12.9909696579,80.2320404053,57177,57197,20
12.9986896515,80.2391967773,57409,57429,20
12.9883298874,80.2233505249,59034,59064,30
12.9865398407,80.2386398315,59387,59407,20
12.9866600037,80.2333221436,60487,60507,20
12.9882698059,80.2301177979,60567,60587,20
12.989979744,80.2277526855,60628,60648,20
12.9883298874,80.2233581543,60739,60769,30
12.9909801483,80.2320632935,60952,60982,30
12.9917898178,80.2337265015,61022,61052,30
12.9960298538,80.2359924316,61143,61163,20
13.0025196075,80.2400970459,61446,61476,30
13.0026502609,80.2400970459,62071,62101,30
12.9899396896,80.227722168,63090,63120,30
12.9883098602,80.2300186157,63170,63191,21
12.9865398407,80.2332992554,63261,63281,20
12.9864702225,80.2351989746,63322,63352,30
12.9865198135,80.2353363037,63998,64018,20
12.9882898331,80.2301025391,64140,64160,20
12.9917497635,80.2337036133,64584,64604,20
12.9987401962,80.2392425537,64795,64816,21
12.9992303848,80.2393875122,65804,65834,30
12.9939603806,80.2345581055,65965,65986,21
12.9917602539,80.2338180542,66026,66046,20
12.9909496307,80.2318191528,66097,66117,20
12.9864902496,80.2353973389,67579,67599,20
12.9902000427,80.2276229858,68016,68046,30
12.9938497543,80.2345123291,68248,68268,20
12.9959802628,80.2360076904,68308,68329,21
12.9987096786,80.2392883301,68389,68409,20
12.9991197586,80.2393569946,69317,69347,30
12.9882802963,80.2233963013,69771,69801,30
12.9899597168,80.2277374268,71306,71326,20
12.9917201996,80.2337799072,73314,73334,20
12.9882602692,80.2233734131,73536,73557,21
12.9882698059,80.2233581543,75173,75203,30
12.9919595718,80.2337417603,75415,75435,20
12.9864902496,80.2385482788,77241,77271,30
13.0821199417,80.2755966187,22055,22075,20
13.0821399689,80.2758102417,22085,22106,21
13.0999002457,80.2254104614,23784,23804,20
13.1034202576,80.2015991211,24239,24269,30
13.0984601974,80.1817703247,24602,24623,21
13.0997600555,80.1696472168,24774,24794,20
13.1307697296,80.1330184937,27178,27198,20
13.1196098328,80.1501922607,27471,27501,30
13.1061000824,80.1523590088,27805,27834,29
13.1015701294,80.1619567871,27986,28007,21
13.1013298035,80.189781189,28512,28532,20
13.1031398773,80.2078323364,28835,28855,20
13.1011800766,80.2133712769,28966,28986,20
13.09856987,80.2342300415,29343,29363,20
13.0936002731,80.2410964966,29595,29616,21
13.0855798721,80.2539596558,29919,29949,30
13.0809497833,80.2548065186,30050,30070,20
13.0802602768,80.2625579834,30202,30222,20
13.0821304321,80.2758102417,30474,30494,20
13.0820903778,80.278137207,30545,30565,20
13.0814399719,80.274017334,32104,32124,20
13.0942602158,80.2411575317,33225,33245,20
13.0984897614,80.2349014282,33538,33558,20
13.0997600555,80.2296829224,33639,33659,20
13.0999498367,80.2253417969,33720,33749,29
13.1002702713,80.2153701782,33912,33942,30
13.1028499603,80.2085494995,34144,34174,30
13.1010904312,80.1900405884,34680,34700,20
13.0984802246,80.1817779541,34873,34894,21
13.1050596237,80.1525497437,35479,35500,21
13.1117601395,80.151008606,35651,35671,20
13.1307401657,80.1315002441,36186,36207,21
13.1308202744,80.1302719116,36237,36257,20
13.119600296,80.1031417847,36581,36602,21
13.1103401184,80.1522369385,38501,38531,30
13.1063604355,80.15234375,38592,38612,20
13.1062698364,80.1523208618,38612,38632,20
13.1014404297,80.1625289917,38986,39006,20
13.1012496948,80.1896514893,39561,39581,20
13.1032104492,80.2075424194,39884,39905,21
13.0985498428,80.2342834473,40450,40480,30
13.0976295471,80.2408981323,40622,40652,30
13.0936002731,80.2411117554,40773,40794,21
13.0878601074,80.2431793213,40884,40905,21
13.0856103897,80.2540893555,41097,41117,20
13.0793600082,80.2584609985,41319,41339,20
13.0826396942,80.2787017822,43253,43283,30
13.081319809,80.2730865479,43415,43445,30
13.0797996521,80.2546386719,43869,43890,21
13.0942296982,80.2412109375,44466,44486,20
13.0985202789,80.2349090576,44668,44688,20
13.0996999741,80.2297363281,44789,44810,21
13.1001901627,80.215423584,45042,45062,20
13.1003198624,80.188583374,45749,45769,20
13.0984802246,80.1819381714,46062,46082,20
13.1217002869,80.1479721069,46992,47012,20
13.1196804047,80.1028518677,49598,49618,20
13.1194601059,80.1500091553,50538,50558,20
13.0996103287,80.1709594727,51316,51346,30
13.0985603333,80.1822662354,51629,51649,20
13.1012001038,80.2133026123,52336,52356,20
13.0995502472,80.2305374146,52680,52701,21
13.0985498428,80.234161377,52781,52802,21
13.0975103378,80.2415237427,52923,52953,30
12.9874401093,80.2578430176,20242,20272,30
13.0242395401,80.2282485962,22638,22658,20
13.0067396164,80.2473983765,23376,23396,20
13.0142202377,80.2261810303,23182,23202,20
13.0234203339,80.2276306152,23577,23597,20
13.006939888,80.2399597168,23962,23992,30
12.9564599991,80.2435913086,24751,24771,20
12.8277397156,80.2194976807,26503,26523,20
12.8727798462,80.2266387939,28706,28736,30
12.8854703903,80.2266998291,28898,28919,21
12.8920602798,80.2272796631,29000,29030,30
12.9792995453,80.2525863647,30893,30923,30
13.0156097412,80.2251663208,32178,32199,21
13.0085401535,80.2319717407,34041,34061,20
13.0080795288,80.2343063354,34183,34203,20
13.0077695847,80.2356567383,34325,34345,20
13.006819725,80.2409591675,34800,34821,21
13.0067396164,80.2420806885,34841,34871,30
13.0067100525,80.2432022095,34902,34922,20
13.0066699982,80.2444992065,34973,34993,20
13.0061998367,80.2473983765,35054,35084,30
12.9982204437,80.2488632202,35185,35205,20
12.9786195755,80.2525482178,36116,36137,21
12.9650297165,80.2473068237,36299,36319,20
12.9338598251,80.2329406738,36886,36906,20
12.9261302948,80.2309799194,37007,37028,21
12.9132003784,80.2292480469,37169,37190,21
12.9041500092,80.2281417847,37463,37483,20
12.8985500336,80.2278289795,37625,37645,20
12.8956203461,80.2276763916,37696,37716,20
12.8500900269,80.2266082764,38445,38465,20
12.8323802948,80.2291030884,38759,38789,30
12.8320398331,80.2291717529,38799,38819,20
12.7861700058,80.220916748,40470,40490,20
12.7861700058,80.2206802368,40490,40520,30
12.831580162,80.2291793823,41140,41170,30
12.83934021,80.227722168,41261,41281,20
12.8922700882,80.2273025513,41860,41881,21
12.9029598236,80.2279815674,42103,42124,21
12.9562702179,80.2433395386,42883,42913,30
13.0150995255,80.2247009277,44300,44320,20
13.0087003708,80.2307662964,44999,45029,30
13.0081996918,80.2335205078,45070,45100,30
13.0072002411,80.2384567261,45191,45211,20
13.0067501068,80.2407531738,45333,45353,20
13.0066604614,80.2434692383,45434,45464,30
13.0067195892,80.2470779419,45555,45576,21
13.005900383,80.2473831177,45606,45626,20
12.9981403351,80.2488708496,45728,45748,20
12.9912595749,80.250617981,45839,45859,20
12.989109993,80.2509613037,45900,45920,20
12.9785499573,80.2525405884,46173,46193,20
12.9471797943,80.240020752,46699,46720,21
12.9396600723,80.2357177734,46811,46831,20
12.9338197708,80.2329025269,46932,46952,20
12.898850441,80.2278671265,47428,47448,20
12.8928003311,80.2274780273,47519,47540,21
12.8765602112,80.2269973755,47732,47762,30
12.8397102356,80.2277679443,48208,48228,20
12.831870079,80.2291793823,48329,48349,20
12.8315000534,80.2287063599,48370,48390,20
12.8275003433,80.2194366455,48604,48634,30
12.8453798294,80.2265167236,49691,49711,20
12.8921499252,80.2272796631,50197,50227,30
12.9026603699,80.2279891968,50491,50521,30
12.9141397476,80.229309082,50865,50885,20
12.9563302994,80.2433624268,51553,51574,21
12.9783601761,80.252243042,51898,51918,20
12.9896402359,80.2508468628,52131,52151,20
12.9965896606,80.2491226196,52232,52252,20
13.0065402985,80.2463607788,52384,52404,20
13.0154695511,80.2249221802,52870,52890,20
13.0192203522,80.2242965698,52961,52991,30
13.0152196884,80.2258377075,53305,53325,20
12.9807395935,80.2526626587,54985,55006,21
12.9491701126,80.2408065796,55562,55583,21
12.9071998596,80.2283172607,56111,56130,19
12.9012002945,80.2279815674,56202,56222,20
12.8270797729,80.2194366455,58572,58593,21
12.8317203522,80.2291030884,58825,58846,21
12.8453903198,80.2266235352,59149,59170,21
12.8457403183,80.2266387939,59180,59200,20
12.9139099121,80.2293167114,60304,60325,21
12.9337501526,80.2328262329,60618,60639,21
12.9472398758,80.2399978638,60851,60881,30
12.9670600891,80.2481384277,61337,61357,20
12.9895000458,80.2509384155,62086,62106,20
13.0065202713,80.2465133667,62279,62299,20
13.0112600327,80.2235488892,62673,62694,21
13.0150403976,80.224609375,62805,62825,20
13.0153198242,80.2248764038,62835,62856,21
13.019610405,80.2244873047,63028,63048,20
12.9563999176,80.2436981201,65579,65599,20
12.9470996857,80.2400283813,65761,65781,20
12.933930397,80.2330322266,66014,66034,20
12.9129896164,80.2292480469,66298,66318,20
12.8847999573,80.2267913818,66905,66925,20
12.8761501312,80.2270431519,67016,67037,21
12.8499898911,80.2266616821,67381,67401,20
12.8454303741,80.2266693115,67472,67492,20
12.8322496414,80.2291793823,67695,67715,20
12.8051996231,80.2241210938,68059,68079,20
12.7861604691,80.2211608887,69173,69193,20
12.7866001129,80.2205886841,69244,69264,20
12.8452301025,80.2266387939,70218,70238,20
12.8606796265,80.2265625,70785,70805,20
12.8766403198,80.2269363403,71007,71028,21
12.8848600388,80.2266769409,71119,71149,30
12.9027204514,80.2280426025,71412,71433,21
12.9137401581,80.2292785645,71736,71757,21
12.9265003204,80.2310180664,71908,71929,21
12.9590797424,80.2445831299,72536,72556,20
12.9663896561,80.247833252,72718,72739,21
12.9792699814,80.2526397705,72901,72921,20
12.9891796112,80.2509613037,73123,73144,21
13.019490242,80.2244033813,73984,74004,20
13.0225200653,80.2267913818,74652,74672,20
13.0141801834,80.2262802124,74814,74834,20
13.008190155,80.2333984375,75027,75047,20
13.0061302185,80.2473907471,75300,75330,30
12.9910202026,80.2506408691,75513,75533,20
12.9593400955,80.2448425293,76080,76100,20
12.9338197708,80.233039856,76555,76576,21
12.9072399139,80.2284469604,76900,76920,20
12.8453998566,80.2266693115,77842,77862,20
12.963350296,80.2465896606,80657,80687,30
13.0067300797,80.2405471802,81467,81497,30
12.9009504318,80.2277603149,291,312,21
12.9874401093,80.258102417,1404,1424,20
12.9786396027,80.2526092529,2506,2526,20
12.9168796539,80.1943206787,8006,8026,20
12.9798202515,80.2527694702,10382,10403,21
12.9008798599,80.2275695801,11343,11363,20
12.9172801971,80.1913375854,11859,11879,20
12.9197998047,80.171043396,12111,12132,21
12.9205598831,80.1847763062,14477,14498,21
12.9014396667,80.220413208,14963,14983,20
12.9337100983,80.232749939,15519,15539,20
12.9754295349,80.2507705688,16085,16105,20
12.9874200821,80.2584915161,16338,16358,20
12.8396701813,80.2276687622,24477,24497,20
12.9008102417,80.2278137207,26894,26914,20
12.9062204361,80.2281036377,27056,27076,20
13.0074396133,80.2369308472,28663,28683,20
13.0112400055,80.223487854,28815,28835,20
13.0151996613,80.2247009277,28946,28967,21
13.0194196701,80.224319458,29027,29047,20
13.0195999146,80.2244110107,29058,29088,30
13.0243797302,80.2284317017,29937,29957,20
13.0235500336,80.2278289795,29998,30018,20
13.0199604034,80.224861145,30149,30170,21
13.0082197189,80.2337036133,30412,30433,21
12.987739563,80.2514877319,31322,31343,21
12.9799995422,80.252746582,31474,31504,30
12.9593601227,80.2447967529,31798,31828,30
12.9565095901,80.2436065674,31878,31899,21
12.951669693,80.2416610718,31959,31980,21
12.9341497421,80.2331008911,32313,32333,20
12.8991498947,80.2278594971,33213,33233,20
12.8402099609,80.2276382446,34113,34143,30
12.8319396973,80.2291564941,34285,34315,30
12.8315296173,80.2285766602,34335,34356,21
12.8458595276,80.2265090942,35894,35915,21
12.8917703629,80.2272262573,36420,36440,20
12.9560699463,80.2432022095,37583,37613,30
12.9588899612,80.2444381714,37674,37694,20
12.9625997543,80.2461929321,37745,37765,20
12.9864397049,80.2516708374,38220,38240,20
13.0065097809,80.246383667,38837,38857,20
13.0066795349,80.2409515381,39008,39029,21
13.0073795319,80.2369308472,39130,39150,20
13.0113401413,80.2232971191,39281,39302,21
13.01541996,80.2249832153,39423,39443,20
13.0192899704,80.2242965698,39504,39534,30
13.0209903717,80.2254180908,39615,39635,20
13.0066995621,80.2427978516,40970,40990,20
12.9565095901,80.2437820435,42042,42072,30
12.8994197845,80.2279586792,42770,42790,20
12.7876501083,80.2209625244,44054,44084,30
12.7864103317,80.2204818726,44195,44225,30
12.7862596512,80.2203826904,44236,44266,30
12.7862796783,80.2219772339,44620,44640,20
12.7861995697,80.2204437256,44691,44711,20
12.7864103317,80.2204284668,44721,44741,20
12.9055404663,80.2281188965,46268,46298,30
13.0066995621,80.2403106689,47925,47946,21
13.0112895966,80.2232971191,48138,48158,20
13.0243797302,80.2284393311,49827,49847,20
13.0061597824,80.2474365234,50635,50656,21
12.8322200775,80.2291183472,52971,53001,30
12.7869596481,80.2205734253,53547,53568,21
12.7862501144,80.2203216553,53588,53608,20
12.786239624,80.221496582,54023,54053,30
12.7861995697,80.2210388184,54073,54093,20
12.7864599228,80.2204589844,54134,54154,20
12.8394298553,80.2276306152,54841,54862,21
12.8454999924,80.2264862061,54932,54953,21
12.902469635,80.2278900146,55610,55630,20
13.0143003464,80.2263183594,58289,58309,20
12.9901895523,80.250869751,58886,58906,20
12.8393697739,80.2276687622,63072,63092,20
12.8454399109,80.2265701294,63173,63203,30
12.8500900269,80.2265319824,63264,63294,30
12.9027004242,80.2279815674,63931,63951,20
12.9471302032,80.2399215698,64598,64619,21
12.9472904205,80.2399902344,64629,64659,30
12.9562997818,80.2432403564,64932,64952,20
12.9585895538,80.2442932129,64993,65013,20
12.9784698486,80.2523193359,65347,65367,20
12.9795103073,80.2525787354,65397,65417,20
12.9894504547,80.2508926392,65963,65984,21
12.9967603683,80.2490615845,66064,66085,21
13.0063400269,80.2466964722,66196,66226,30
13.006480217,80.2422714233,66317,66337,20
13.0084104538,80.2315597534,66590,66610,20
13.0105199814,80.2250823975,66813,66833,20
13.0155000687,80.224937439,66974,66995,21
13.019610405,80.2245407104,67126,67156,30
13.0082397461,80.2334671021,68591,68612,21
13.0080900192,80.2339782715,68623,68653,30
13.0068902969,80.2399902344,68845,68875,30
13.0060300827,80.2473526001,69088,69108,20
12.980509758,80.2527008057,69745,69775,30
12.9651899338,80.2473831177,69977,69998,21
12.9594697952,80.2448272705,70139,70159,20
12.9565401077,80.2436294556,70210,70230,20
12.9036998749,80.2280807495,71019,71049,30
12.8990602493,80.2278594971,71322,71342,20
12.8323402405,80.2291107178,72131,72161,30
12.786529541,80.2203903198,73375,73395,20
12.8304195404,80.2295074463,73941,73971,30
12.8762102127,80.2268295288,74891,74912,21
12.9001102448,80.2277603149,75205,75225,20
12.9795799255,80.2525634766,76519,76539,20
12.9871797562,80.2593994141,76863,76893,30
12.9870796204,80.2596206665,76903,76924,21
12.9867095947,80.2589569092,76964,76994,30
13.0234098434,80.2276535034,24050,24080,30
13.0082597733,80.2334976196,24404,24424,20
12.951880455,80.2416915894,25254,25274,20
12.9340696335,80.2330322266,25517,25537,20
12.8995304108,80.2278671265,25922,25952,30
12.8321695328,80.2291412354,26823,26843,20
12.7958602905,80.2229385376,27248,27268,20
12.7867202759,80.2205276489,27400,27430,30
12.7864904404,80.2203674316,28918,28948,30
12.7876796722,80.2209014893,28978,28999,21
12.8014802933,80.2236022949,29343,29363,20
12.8310699463,80.2293701172,29717,29737,20
12.8391399384,80.2277526855,29950,29980,30
12.8395004272,80.2276992798,29990,30011,21
12.8728399277,80.2266311646,30415,30436,21
12.8769102097,80.2268829346,30496,30516,20
12.8854598999,80.2266921997,30608,30628,20
12.9007797241,80.2278671265,30982,31002,20
12.9010000229,80.227897644,31002,31022,20
12.9047403336,80.2281036377,31326,31356,30
12.9052696228,80.2281494141,31387,31407,20
12.9057798386,80.2281723022,31427,31447,20
12.9143695831,80.2293319702,31670,31690,20
12.9266700745,80.2309799194,31812,31832,20
12.9331502914,80.2325210571,31903,31923,20
12.9391698837,80.2353515625,32004,32024,20
12.9467401505,80.239730835,32115,32136,21
12.9591999054,80.2445831299,32611,32631,20
12.9631595612,80.2465286255,32682,32712,30
12.9669799805,80.2480621338,32763,32783,20
12.9785203934,80.2523727417,32925,32945,20
12.9800300598,80.2526397705,33056,33077,21
12.9967403412,80.2490768433,33774,33795,21
13.0065898895,80.2461624146,33906,33927,21
13.0158700943,80.2252502441,34352,34372,20
13.0192203522,80.2243423462,34433,34453,20
13.0207595825,80.2253265381,34534,34564,30
13.0209598541,80.225479126,34574,34595,21
13.0218000412,80.2260818481,34665,34686,21
13.0227804184,80.2271270752,34807,34827,20
13.009180069,80.2291107178,35859,35880,21
13.0090703964,80.2293395996,35890,35910,20
13.0087203979,80.2308425903,35981,36001,20
13.0085000992,80.2321014404,36031,36052,21
13.008310318,80.2331924438,36081,36102,21
13.0080003738,80.2346115112,36143,36163,20
13.0071401596,80.2387313843,36244,36264,20
13.0068101883,80.240852356,36426,36456,30
13.0067501068,80.2440032959,36507,36537,30
12.9981603622,80.2488174438,36750,36770,20
12.990940094,80.2506408691,36851,36881,30
12.9649295807,80.2472763062,37661,37681,20
12.9565200806,80.243522644,37936,37966,30
12.9516201019,80.2416229248,38027,38047,20
12.9471702576,80.2399978638,38108,38128,20
12.9397296906,80.2357330322,38209,38229,20
12.9339799881,80.2330322266,38310,38330,20
12.913189888,80.2292480469,38573,38594,21
12.8989801407,80.2278289795,38897,38917,20
12.8847799301,80.2267303467,39120,39140,20
12.876709938,80.2269668579,39231,39251,20
12.8499002457,80.2266082764,39545,39565,20
12.8455495834,80.2266235352,39626,39646,20
12.8402500153,80.2275390625,39798,39818,20
12.8315296173,80.2287902832,39990,40010,20
12.8923797607,80.2273101807,41713,41733,20
12.9028396606,80.2280502319,41895,41925,30
12.9056396484,80.2282028198,41966,41996,30
12.9395704269,80.2356185913,42492,42512,20
12.9488096237,80.2406005859,42664,42684,20
12.9509801865,80.2413787842,42715,42735,20
12.9561700821,80.2433319092,42816,42836,20
12.9794301987,80.2526321411,43140,43170,30
13.0155897141,80.2251815796,44091,44111,20
13.0192899704,80.224357605,44152,44182,30
13.0214700699,80.2259063721,44243,44263,20
13.0243797302,80.2284927368,47026,47046,20
13.0082302094,80.2334213257,47532,47552,20
13.0066604614,80.2428588867,47795,47815,20
13.0066404343,80.2432937622,47825,47845,20
13.0060300827,80.2474212646,47997,48017,20
12.998000145,80.248878479,48108,48129,21
12.9881801605,80.2512893677,48250,48270,20
12.9649200439,80.2472305298,48605,48625,20
12.9564504623,80.2434616089,48767,48787,20
12.913189888,80.2292633057,49344,49364,20
12.9068498611,80.2282867432,49425,49445,20
12.892950058,80.2274169922,49617,49647,30
12.8453798294,80.2266235352,50133,50163,30
12.8258199692,80.2314071655,50426,50447,21
12.7874898911,80.2208099365,50902,50932,30
12.7861404419,80.2210388184,52663,52693,30
12.7863397598,80.2203063965,52754,52774,20
12.8261604309,80.2313079834,53300,53320,20
12.8454704285,80.2265396118,53624,53644,20
12.9486398697,80.240562439,54737,54757,20
12.9796104431,80.2526321411,55263,55293,30
12.9871902466,80.2585678101,55587,55617,30
12.9886398315,80.2559280396,62976,62997,21
12.9984197617,80.2560195923,63169,63189,20
13.0065097809,80.2526397705,63573,63594,21
13.007399559,80.2369613647,64079,64100,21
13.0074300766,80.2367706299,64110,64130,20
13.0304603577,80.230796814,64939,64960,21
13.0335502625,80.2305679321,65020,65041,21
13.0489997864,80.2402191162,65638,65658,20
13.0495500565,80.2403411865,65678,65698,20
13.0539798737,80.2423324585,65810,65830,20
13.0646400452,80.2348098755,66225,66245,20
13.0663700104,80.2319793701,66518,66538,20
13.066740036,80.2302474976,66589,66609,20
13.0717897415,80.2210235596,66812,66842,30
13.0720100403,80.2197189331,66903,66933,30
13.072719574,80.2198028564,66974,66994,20
13.072930336,80.2198486328,66994,67014,20
13.0745801926,80.2197875977,67338,67358,20
13.0747203827,80.2190475464,67399,67419,20
13.0756397247,80.2178573608,67510,67530,20
13.0821895599,80.2174072266,67763,67783,20
13.0847797394,80.2004089355,68320,68340,20
13.0937595367,80.1981201172,68694,68724,30
13.1010599136,80.1899719238,68917,68937,20
13.0985202789,80.1821594238,69230,69251,21
13.0984096527,80.1817626953,69261,69291,30
13.1116600037,80.1512374878,70141,70161,20
13.1172103882,80.1490707397,70424,70445,21
13.1218299866,80.1479263306,70627,70657,30
13.1307897568,80.130241394,70991,71011,20
13.119720459,80.1024780273,71952,71973,21
13.1195201874,80.1501083374,72792,72813,21
13.1013898849,80.1616210938,73278,73308,30
13.0993700027,80.1855010986,73837,73857,20
13.0912303925,80.2006072998,74322,74343,21
13.0752096176,80.2181625366,74889,74909,20
13.0743503571,80.2208633423,74970,75000,30
13.0723896027,80.2214431763,75041,75061,20
13.0239601135,80.2283401489,76488,76508,20
13.0142202377,80.2262802124,76660,76680,20
13.0067396164,80.240737915,76903,76923,20
13.0066404343,80.2455368042,76994,77014,20
13.0066604614,80.2460098267,77024,77045,21
13.0066900253,80.246421814,77045,77075,30
12.99862957,80.2561035156,77378,77399,21
12.9885797501,80.2559585571,77591,77621,30
12.988120079,80.2558898926,77652,77672,20
12.9875497818,80.256362915,77712,77733,21
12.9871902466,80.2595291138,19880,19900,20
12.8396997452,80.2276992798,21541,21561,20
12.786450386,80.2204208374,22138,22168,30
12.9511404037,80.2413787842,23851,23871,20
12.9873199463,80.251411438,24256,24276,20
13.0196304321,80.2244262695,24965,24985,20
13.0082902908,80.233581543,26311,26332,21
12.9473495483,80.2401123047,27385,27405,20
12.9399204254,80.2358474731,27506,27527,21
12.9133195877,80.2293014526,27840,27861,21
12.9071903229,80.2283782959,27932,27952,20
12.8995704651,80.2278671265,28134,28154,20
12.8892498016,80.2274017334,28397,28417,20
12.8726701736,80.2267303467,28752,28772,20
12.861000061,80.2266387939,28883,28903,20
12.8453598022,80.2266464233,29086,29106,20
12.8227996826,80.2194366455,29835,29855,20
12.8454399109,80.2265396118,32279,32299,20
12.8607702255,80.2265167236,32482,32502,20
12.885219574,80.2266616821,32755,32775,20
12.9027996063,80.2280197144,33018,33038,20
12.9336795807,80.2327575684,33595,33615,20
12.9397296906,80.2356567383,33696,33717,21
12.9508695602,80.2413101196,34041,34061,20
12.9588899612,80.2444915771,34304,34324,20
12.9630203247,80.2464904785,34395,34425,30
12.9666996002,80.2478790283,34496,34516,20
12.9785203934,80.2523574829,34891,34911,20
12.9896602631,80.2508010864,35772,35792,20
13.0154800415,80.2249832153,36673,36703,30
13.0195398331,80.2243499756,36764,36794,30
13.0222501755,80.2264099121,36896,36926,30
13.0198602676,80.2247619629,37564,37584,20
13.0085496902,80.231842041,37787,37807,20
13.0079097748,80.234992981,37938,37959,21
13.0067396164,80.2452087402,38404,38424,20
12.956700325,80.2437210083,40014,40044,30
12.9497804642,80.2409973145,40156,40176,20
12.9398202896,80.2357711792,40318,40338,20
12.9080400467,80.2285232544,40723,40743,20
12.8932800293,80.2275466919,41097,41117,20
12.845410347,80.2266387939,41716,41736,20
12.8398103714,80.2276382446,41797,41817,20
12.8322000504,80.2291488647,41888,41908,20
12.7861604691,80.2210464478,42890,42910,20
12.9025802612,80.2279815674,44459,44479,20
12.9336700439,80.2327575684,45016,45036,20
13.0241699219,80.2283401489,47426,47456,30
13.0198602676,80.2247314453,48377,48398,21
13.0071001053,80.2391662598,48762,48792,30
13.0068597794,80.2405166626,48894,48924,30
13.0067300797,80.2425384521,48964,48985,21
13.0066795349,80.2431030273,48995,49015,20
13.0066795349,80.2452316284,49066,49086,20
12.991109848,80.250617981,49349,49369,20
12.9651002884,80.2473983765,49754,49774,20
12.9397201538,80.2357788086,50212,50232,20
12.9338598251,80.2329788208,50313,50333,20
12.9260597229,80.2309875488,50424,50444,20
12.8994503021,80.2279129028,50880,50900,20
12.8767595291,80.2269668579,51173,51194,21
12.8453798294,80.2266235352,51578,51599,21
12.8274898529,80.2194595337,51983,52004,21
12.8238201141,80.2194213867,52085,52105,20
12.8316497803,80.2289581299,52905,52925,20
12.8395004272,80.2276000977,53006,53026,20
12.902759552,80.2279510498,53563,53583,20
12.9337301254,80.232711792,53968,53988,20
12.9357099533,80.2336425781,54018,54038,20
12.9562797546,80.243270874,54352,54373,21
12.9667901993,80.2478790283,54504,54524,20
12.9792804718,80.252532959,54656,54676,20
13.0112400055,80.2238998413,55365,55385,20
13.0200395584,80.2247085571,55587,55608,21
12.9638299942,80.246887207,57612,57632,20
12.9396800995,80.2357711792,58078,58098,20
12.9338598251,80.2329483032,58169,58189,20
12.8996400833,80.2279586792,58665,58685,20
12.8764696121,80.2269897461,58959,58979,20
12.8455495834,80.2266387939,59313,59343,30
12.8272600174,80.2194976807,60683,60703,20
12.8393297195,80.2278137207,61098,61128,30
12.9026603699,80.2281112671,62051,62071,20
12.9139099121,80.2293167114,62192,62213,21
12.950920105,80.241317749,62678,62699,21
12.9585399628,80.2443313599,62830,62850,20
13.0077896118,80.2351837158,64096,64116,20
13.0151100159,80.2247161865,64349,64369,20
13.0195798874,80.2244110107,64440,64460,20
13.0198097229,80.2246627808,65959,65989,30
13.0143404007,80.2261810303,66080,66100,20
13.008099556,80.2339935303,66374,66394,20
13.0068798065,80.2406311035,66781,66801,20
13.0067195892,80.2459335327,66872,66902,30
13.0061397552,80.2473831177,66943,66963,20
12.9911203384,80.250579834,67226,67247,21
12.9652996063,80.2473983765,68148,68168,20
12.9645996094,80.2471618652,68188,68208,20
12.9594497681,80.2447662354,68310,68330,20
12.9498100281,80.2409820557,68522,68542,20
12.9398202896,80.2357635498,68704,68725,21
12.9132900238,80.2292404175,69079,69099,20
12.9062299728,80.2281570435,69241,69261,20
12.9042396545,80.2280578613,69302,69322,20
12.9019002914,80.2279434204,69373,69403,30
12.7863998413,80.2203903198,71195,71225,30
12.8306999207,80.2294311523,72613,72643,30
12.8382396698,80.2279815674,72856,72876,20
12.8452396393,80.2265396118,73109,73129,20
12.9263801575,80.2309036255,74548,74569,21
12.9396400452,80.2356033325,74802,74822,20
12.9563102722,80.2432632446,75156,75176,20
12.9665803909,80.2478179932,75369,75389,20
13.0066204071,80.2411727905,76098,76118,20
13.0142803192,80.226272583,78406,78426,20
13.0068798065,80.2399291992,78740,78760,20
13.0060100555,80.2474212646,78953,78973,20
12.9883899689,80.2512969971,79236,79257,21
13.0810203552,80.2751693726,21350,21370,20
13.0820398331,80.2753067017,21441,21471,30
13.0233201981,80.2274780273,22788,22818,30
13.0067100525,80.2473678589,23213,23233,20
12.9787597656,80.2526168823,23537,23558,21
12.9012002945,80.2279586792,24368,24398,30
12.7862501144,80.2217407227,25705,25725,20
12.839509964,80.2277526855,28247,28267,20
12.8452196121,80.2265625,28318,28348,30
12.9005899429,80.2278366089,29017,29037,20
12.9029302597,80.2279663086,29078,29098,20
12.9473199844,80.2399978638,29625,29645,20
12.9511899948,80.2414016724,29928,29949,21
12.958990097,80.2444915771,30060,30080,20
12.978679657,80.2523803711,30374,30394,20
12.9896001816,80.250869751,30688,30708,20
13.0065698624,80.2463531494,30941,30961,20
13.0112695694,80.2236175537,31286,31306,20
13.0151700974,80.2247772217,31427,31448,21
13.0153999329,80.2249679565,31458,31488,30
13.0256099701,80.2302322388,31782,31812,30
13.0294599533,80.2371063232,31944,31974,30
13.031080246,80.2397689819,32035,32055,20
13.035779953,80.2462310791,32167,32187,20
13.0467700958,80.2484588623,32359,32379,20
13.0605697632,80.261138916,32643,32673,30
13.0712003708,80.2741775513,32957,32987,30
13.0821800232,80.2783966064,34405,34425,20
13.0815896988,80.2755126953,34679,34709,30
13.081489563,80.2752380371,34709,34729,20
13.0652198792,80.2675704956,35509,35539,30
13.0355796814,80.2461013794,36238,36258,20
13.0087099075,80.2310714722,37291,37312,21
13.0081796646,80.2336807251,37474,37504,30
12.979929924,80.252822876,39114,39135,21
12.9785804749,80.2525634766,39155,39175,20
12.9649600983,80.2472763062,39297,39317,20
12.9516096115,80.2416305542,39550,39570,20
12.9339895248,80.233039856,39833,39854,21
12.9250802994,80.2308807373,39965,39995,30
12.9133996964,80.229309082,40117,40137,20
12.8995304108,80.227897644,40411,40431,20
12.8454904556,80.2266311646,41049,41079,30
12.8325004578,80.229133606,41251,41271,20
12.7222700119,80.1876373291,42490,42510,20
12.8394203186,80.2277374268,45721,45741,20
12.8454399109,80.2265472412,45802,45822,20
12.8764295578,80.2268981934,46136,46156,20
12.9563102722,80.2433624268,47230,47250,20
12.9668197632,80.2480010986,47412,47432,20
12.9858398438,80.2517776489,47797,47827,30
13.0073900223,80.236907959,48222,48242,20
13.0111398697,80.224067688,48364,48384,20
13.0155696869,80.2250976563,48486,48506,20
13.0223503113,80.2265319824,48607,48637,30
13.0259504318,80.2310791016,48729,48749,20
13.0295495987,80.2372436523,48830,48850,20
13.0356397629,80.2462387085,49053,49083,30
13.0386104584,80.2467498779,49134,49154,20
13.0469799042,80.2484817505,49306,49336,30
13.0521001816,80.2507324219,49427,49448,21
13.0530796051,80.2520599365,49508,49529,21
13.0606803894,80.2612686157,49843,49863,20
13.0663204193,80.2682571411,50025,50045,20
13.070980072,80.2741317749,50217,50238,21
13.080619812,80.2751998901,50653,50673,20
13.0815696716,80.2755813599,52051,52071,20
13.0708398819,80.2743301392,52314,52334,20
13.0690498352,80.2720336914,52385,52405,20
13.0233697891,80.2275009155,54137,54157,20
12.9899196625,80.2509002686,54785,54815,30
12.9641399384,80.2469482422,55210,55231,21
12.9067497253,80.2282867432,55970,56000,30
12.8009300232,80.2235794067,57064,57084,20
12.7869596481,80.2206115723,57276,57297,21
12.7964296341,80.2229995728,58279,58299,20
12.8014001846,80.2236022949,58360,58380,20
12.845459938,80.2265625,59130,59150,20
12.8608598709,80.2265777588,59282,59302,20
12.9785003662,80.2523803711,61136,61166,30
12.9895801544,80.250869751,61349,61379,30
13.006529808,80.2464065552,61582,61612,30
13.0074596405,80.236618042,61784,61805,21
13.0154399872,80.2249526978,62068,62088,20
13.0225400925,80.2266693115,62220,62240,20
13.0256500244,80.2302780151,62311,62341,30
13.0825595856,80.2786178589,64985,65015,30
13.0656795502,80.2677078247,65481,65501,20
13.0492801666,80.2497634888,66180,66210,30
13.048620224,80.2496109009,66251,66271,20
13.0466499329,80.248588562,66534,66555,21
13.045800209,80.2482910156,66585,66605,20
13.035320282,80.2459564209,66819,66849,30
13.0261802673,80.2320785522,67315,67335,20
13.0250301361,80.2295379639,67376,67396,20
13.014289856,80.2261734009,67660,67680,20
13.0082397461,80.2334823608,67913,67943,30
12.990940094,80.2505722046,68500,68520,20
12.9784402847,80.2524490356,69067,69088,21
12.9648704529,80.2471618652,69270,69300,30
12.9563503265,80.243560791,69543,69564,21
12.9467697144,80.2398223877,69736,69756,20
12.939909935,80.2357788086,69847,69867,20
12.9337596893,80.2328720093,69938,69959,21
12.9132404327,80.2292404175,70171,70192,21
12.8992500305,80.2277984619,70738,70759,21
12.8323497772,80.2290420532,71539,71569,30
12.8319301605,80.2291107178,71589,71609,20
12.804889679,80.2239532471,71934,71954,20
12.7859601974,80.2201919556,72227,72247,20
12.7255096436,80.1880722046,72906,72926,20
12.722240448,80.1876373291,72997,73027,30
12.7220697403,80.187286377,74691,74711,20
12.7861795425,80.2202835083,75410,75440,30
12.8311300278,80.2292861938,75947,75967,20
12.845459938,80.2265090942,76200,76220,20
12.979470253,80.2526397705,78016,78036,20
12.9853401184,80.251953125,78157,78178,21
12.9855804443,80.2518768311,78188,78218,30
13.0258998871,80.2311630249,79049,79079,30
13.0389604568,80.2468414307,79373,79393,20
13.0618896484,80.2627563477,79839,79859,20
13.0660600662,80.2678909302,79950,79970,20
13.0818099976,80.2752685547,80345,80375,30
13.0821199417,80.2784118652,80497,80527,30
13.0816402435,80.275718689,80608,80629,21
13.0758600235,80.2758407593,80781,80801,20
13.0142498016,80.226348877,24767,24797,30
13.0196695328,80.2245025635,25071,25091,20
13.0233697891,80.2276077271,25233,25263,30
12.9883003235,80.2513809204,25973,26003,30
12.9801397324,80.2528381348,26115,26135,20
12.9564399719,80.2437210083,26490,26510,20
12.8994598389,80.2279586792,27574,27604,30
12.8886203766,80.2274398804,27858,27878,20
12.8847198486,80.2267608643,27959,27979,20
12.8453397751,80.2266769409,28446,28476,30
12.8445796967,80.2267227173,28496,28517,21
12.8398399353,80.2278137207,28598,28618,20
12.8318395615,80.2292327881,28729,28750,21
12.8315601349,80.2287826538,28760,28790,30
12.822930336,80.2194671631,29155,29175,20
12.8766298294,80.2268371582,30536,30557,21
12.8850297928,80.2265625,30648,30668,20
12.9008703232,80.2277832031,31003,31033,30
12.9023799896,80.2279205322,31094,31124,30
12.9048595428,80.228012085,31327,31357,30
12.905380249,80.2279815674,31388,31408,20
12.9138898849,80.2291717529,31671,31692,21
12.9263401031,80.2308807373,31854,31874,20
12.9340696335,80.2328796387,31986,32016,30
12.9398603439,80.2356414795,32097,32117,20
12.9469404221,80.2397689819,32209,32239,30
12.9561300278,80.2431488037,32654,32675,21
12.9630804062,80.2463912964,32806,32827,21
12.9666996002,80.2478027344,32898,32918,20
12.9782400131,80.2520904541,33050,33070,20
12.9894599915,80.250831604,34165,34185,20
13.0065097809,80.2463989258,34398,34418,20
13.0065002441,80.2445068359,34469,34499,30
13.0152397156,80.225189209,34955,34975,20
13.0157299042,80.2252502441,34985,35006,21
13.0214300156,80.2257385254,35300,35320,20
13.0231103897,80.2272415161,36425,36445,20
13.0083198547,80.2334136963,37114,37134,20
13.0066900253,80.2438201904,37529,37549,20
13.0066795349,80.244178772,37560,37590,30
13.0063400269,80.2473907471,37661,37691,30
12.9805698395,80.2527694702,38606,38636,30
12.9786701202,80.2526092529,38676,38697,21
12.9666004181,80.248046875,38839,38869,30
12.9565000534,80.2437362671,39102,39132,30
12.9397201538,80.2358016968,39406,39426,20
12.9338703156,80.2330627441,39507,39528,21
12.9015798569,80.2280578613,40055,40075,20
12.9012699127,80.228012085,40085,40105,20
12.8992099762,80.2279663086,40146,40166,20
12.8765001297,80.2270126343,40490,40511,21
12.850230217,80.2266616821,40805,40825,20
12.8453302383,80.2266921997,40906,40926,20
12.8399000168,80.2277526855,41007,41028,21
12.786239624,80.2206115723,41747,41767,20
12.7865400314,80.2203979492,43196,43217,21
12.8453798294,80.2265319824,44048,44068,20
12.9065704346,80.2283477783,45152,45173,21
12.9003295898,80.2280273438,45264,45294,30
12.8764696121,80.2270202637,45801,45821,20
12.8455696106,80.2266921997,46237,46257,20
12.8399896622,80.2277297974,46338,46358,20
12.8398599625,80.2277984619,46368,46389,21
12.8316202164,80.2290725708,46500,46520,20
12.8275203705,80.2194976807,46855,46885,30
12.8258104324,80.2194976807,46916,46946,30
12.824760437,80.2159500122,47638,47658,20
12.9064102173,80.2280578613,49009,49030,21
12.9472503662,80.2399215698,49497,49517,20
13.0195198059,80.2243499756,50834,50855,21
13.0195503235,80.2244415283,57493,57513,20
13.0141401291,80.2264480591,57939,57959,20
12.9175395966,80.2298965454,59885,59905,20
12.8845996857,80.2267913818,60341,60361,20
12.8764696121,80.2270584106,60442,60462,20
12.861000061,80.2267227173,60584,60604,20
12.825460434,80.2194213867,61577,61597,20
12.8271903992,80.2194137573,61618,61648,30
12.8393802643,80.2276687622,62297,62327,30
12.9287204742,80.2312088013,63564,63585,21
12.963060379,80.2463912964,64122,64152,30
12.9666500092,80.2478179932,64223,64243,20
13.0065202713,80.2457199097,65054,65074,20
13.006529808,80.2445907593,65115,65135,20
13.0242500305,80.2283477783,65824,65844,20
13.0199403763,80.2248306274,66179,66199,20
13.0144100189,80.2262420654,66311,66331,20
13.008600235,80.2314605713,66442,66463,21
13.0082502365,80.2335205078,66523,66544,21
13.0070199966,80.2395172119,67013,67033,20
13.0063199997,80.2473983765,67246,67266,20
12.9647197723,80.247253418,68199,68219,20
12.8768796921,80.2269210815,69668,69688,20
12.8322000504,80.229133606,70278,70298,20
12.7863101959,80.2203063965,72477,72498,21
12.8310098648,80.2292480469,73035,73065,30
12.831410408,80.2291412354,73075,73096,21
12.8384799957,80.2278594971,73197,73217,20
12.8388204575,80.2277526855,73227,73248,21
12.8391199112,80.2276229858,73258,73288,30
12.8451900482,80.2264404297,73379,73400,21
12.8498802185,80.2264175415,73471,73491,20
12.8758897781,80.2267837524,73858,73878,20
12.8849697113,80.2265396118,74020,74040,20
12.9026002884,80.2278823853,74304,74324,20
12.9139499664,80.2292022705,74679,74699,20
12.9796800613,80.252532959,75753,75783,30
13.0201101303,80.2247161865,76645,76675,30
13.0233402252,80.2276916504,77009,77030,21
13.0142498016,80.2263412476,77172,77192,20
12.925909996,80.2310409546,78793,78813,20
12.8994903564,80.2279586792,79249,79279,30
12.8453397751,80.2267074585,79837,79857,20
13.0201396942,80.2247619629,83282,83304,22
12.9983997345,80.2568588257,19,39,20
12.997759819,80.2565231323,18540,18570,30
13.006649971,80.2475662231,20070,20090,20
13.0114202499,80.2232666016,20353,20373,20
12.8728599548,80.2267379761,23164,23184,20
12.7870998383,80.2206802368,24206,24236,30
12.7864704132,80.2203598022,26350,26370,20
12.8394603729,80.2276992798,26946,26966,20
12.9004096985,80.2278137207,27735,27755,20
12.9139299393,80.2292861938,27998,28028,30
12.939740181,80.2356796265,28321,28342,21
12.956199646,80.2432937622,28635,28665,30
13.0157003403,80.2251663208,29960,29980,20
13.02023983,80.2248764038,30061,30081,20
13.0243597031,80.2283630371,30162,30182,20
13.0144901276,80.2262191772,30870,30890,20
13.0076799393,80.2362594604,31183,31203,20
13.0066995621,80.2433319092,31497,31527,30
12.9650602341,80.2472991943,32750,32771,21
12.9596004486,80.2448806763,32862,32882,20
12.9518899918,80.2417221069,33054,33074,20
12.9340295792,80.2329711914,33468,33489,21
12.9261398315,80.2310028076,33580,33600,20
12.8848800659,80.2267074585,34530,34550,20
12.8766803741,80.2269973755,34641,34662,21
12.8497200012,80.2266082764,34985,35015,30
12.8454303741,80.2265701294,35076,35106,30
12.8413000107,80.2272720337,35218,35238,20
12.8410797119,80.2273406982,35238,35268,30
12.8315200806,80.228729248,35501,35521,20
12.8252601624,80.2193832397,35814,35834,20
12.824930191,80.2159881592,36047,36067,20
12.997710228,80.256072998,41022,41042,20
12.9935302734,80.2560577393,41174,41194,20
12.8996601105,80.2279815674,42650,42680,30
12.8398199081,80.2276229858,43368,43398,30
13.006649971,80.2407608032,48150,48171,21
13.0196895599,80.2244567871,48585,48605,20
13.0228595734,80.2269210815,48707,48737,30
13.0232896805,80.2274627686,50921,50941,20
13.0067195892,80.2442932129,51508,51538,30
13.0066900253,80.2446594238,51538,51558,20
12.8996200562,80.2278671265,53297,53318,21
12.8397903442,80.2276763916,53945,53965,20
12.8607797623,80.2264785767,55232,55252,20
12.9627304077,80.2462387085,56678,56708,30
13.0113401413,80.2233428955,57719,57749,30
13.0236701965,80.227722168,58053,58073,20
13.0079803467,80.2350006104,59175,59196,21
13.0069503784,80.2400894165,59256,59276,20
13.0067596436,80.2474212646,59438,59458,20
13.0060195923,80.2474517822,59479,59499,20
12.9802398682,80.2527389526,59984,60004,20
12.9636201859,80.2468414307,60247,60277,30
12.956489563,80.2435684204,60399,60419,20
12.8850803375,80.2267837524,61330,61350,20
12.8765697479,80.2270202637,61441,61462,21
12.805729866,80.2242965698,62311,62331,20
12.7861604691,80.2205734253,64880,64910,30
12.7865400314,80.220489502,64920,64940,20
12.7964401245,80.2230377197,65082,65102,20
12.8308601379,80.2294616699,65527,65547,20
12.8313503265,80.2292785645,65567,65587,20
12.8457803726,80.2265777588,65820,65840,20
12.9661397934,80.2477035522,67802,67832,30
13.0065898895,80.2441635132,68914,68934,20
13.0111999512,80.2235031128,69400,69430,30
13.0153398514,80.224937439,69571,69592,21
13.0237598419,80.2278289795,69814,69844,30
13.0066995621,80.2430114746,71119,71139,20
13.0066604614,80.2434234619,71149,71179,30
12.9802598953,80.2528076172,72100,72120,20
12.9639101028,80.2469100952,72373,72393,20
12.9503898621,80.2412796021,72646,72666,20
12.9289102554,80.2314224243,73010,73030,20
12.9075403214,80.2284469604,73293,73323,30
12.845410347,80.2266616821,74112,74132,20
12.8397102356,80.2278366089,74213,74233,20
12.831700325,80.2291488647,75185,75205,20
12.8387298584,80.227897644,75296,75316,20
12.8449602127,80.2265777588,75448,75468,20
12.8766803741,80.226890564,75852,75872,20
12.9563102722,80.2433776855,76954,76974,20
12.9963798523,80.255897522,77723,77753,30
12.9973602295,80.2559204102,77773,77794,21
13.0142402649,80.2261428833,21149,21169,20
12.9002103806,80.2279586792,22626,22646,20
12.8397197723,80.2276535034,23273,23303,30
12.78647995,80.2204437256,24215,24236,21
12.913860321,80.2292633057,25884,25904,20
12.9510698318,80.2413482666,26359,26379,20
12.9634399414,80.24659729,26561,26582,21
13.0197601318,80.2245788574,27684,27714,30
13.0069904327,80.2398376465,28402,28422,20
13.0066900253,80.2437896729,28584,28604,20
13.0067596436,80.2465209961,28665,28695,30
13.0061502457,80.2474594116,28736,28756,20
12.9891901016,80.2510528564,28989,29019,30
12.9570398331,80.2438735962,29474,29504,30
12.956489563,80.2436904907,29555,29585,30
12.9471998215,80.2400588989,29858,29878,20
12.9359798431,80.2339019775,30020,30040,20
12.8989801407,80.2278823853,30758,30778,20
12.8899497986,80.2273788452,30981,31001,20
12.8890695572,80.2273788452,31072,31092,20
12.8399000168,80.227722168,31800,31820,20
12.8316802979,80.2292098999,31941,31962,21
12.8315496445,80.2287979126,31972,32002,30
12.8252601624,80.2195510864,32295,32315,20
12.8226699829,80.2161331177,32427,32445,18
12.8378295898,80.2281112671,34240,34260,20
12.8453598022,80.2265014648,34634,34654,20
12.9140796661,80.2292480469,35949,35969,20
12.9337501526,80.2327270508,36202,36222,20
12.9563102722,80.2432785034,36657,36677,20
12.9668798447,80.2479629517,36940,36960,20
13.0065498352,80.2463607788,38204,38224,20
13.0195503235,80.2243881226,38821,38851,30
13.0221204758,80.2262802124,38922,38942,20
13.007900238,80.2351379395,39822,39852,30
13.0071697235,80.2388687134,39923,39953,30
13.0071001053,80.2391967773,39963,39983,20
13.0060997009,80.2474365234,40327,40347,20
12.9979896545,80.2489089966,40469,40489,20
12.9074802399,80.2283935547,41907,41927,20
12.8397397995,80.2277374268,42746,42776,30
12.8189096451,80.2304916382,42979,42999,20
12.7882003784,80.2210693359,43393,43413,20
12.7869701385,80.2206573486,43464,43494,30
12.7862701416,80.2217407227,43555,43575,20
12.8394298553,80.2276687622,44869,44890,21
12.9025402069,80.2279510498,45577,45597,20
12.9669103622,80.2480010986,46679,46700,21
12.9796600342,80.2526168823,46861,46882,21
12.9851303101,80.2520675659,46952,46973,21
13.0242996216,80.2283706665,48055,48085,30
13.0226202011,80.2268371582,52475,52505,30
13.0198602676,80.2247390747,52556,52576,20
13.0143299103,80.2262191772,52647,52677,30
13.0061597824,80.2473907471,53122,53142,20
12.949259758,80.240852356,54073,54093,20
12.8588104248,80.2262802124,55134,55154,20
12.8453502655,80.226600647,55296,55316,20
12.8273000717,80.2193984985,56028,56058,30
12.8275403976,80.2193832397,56069,56089,20
12.8276796341,80.2193603516,56099,56119,20
12.9061803818,80.2281799316,57181,57201,20
12.9562702179,80.2434005737,57838,57858,20
12.9668998718,80.248008728,58000,58020,20
12.9793796539,80.252571106,58152,58172,20
13.0066299438,80.2405166626,58647,58677,30
13.0192203522,80.2243423462,59062,59082,20
13.0232095718,80.2275238037,59751,59772,21
13.0069904327,80.2397384644,60156,60186,30
12.9398403168,80.2358093262,61390,61410,20
12.7863197327,80.2203674316,63240,63260,20
12.7864303589,80.2204437256,63877,63907,30
12.8310699463,80.2293624878,64464,64484,20
12.8451004028,80.2265701294,64898,64919,21
12.8500404358,80.2265014648,65020,65040,20
12.8760204315,80.2268829346,65414,65434,20
12.8974504471,80.2276611328,65687,65707,20
12.913599968,80.2292327881,66122,66152,30
12.9785804749,80.2523422241,67488,67518,30
12.9851198196,80.2519989014,67640,67670,30
13.0202598572,80.224861145,69096,69126,30
13.0233697891,80.2276077271,69238,69268,30
13.0146198273,80.2260818481,69480,69500,20
13.0082397461,80.2335205078,69642,69662,20
13.0067300797,80.2468032837,70057,70087,30
13.0061197281,80.2473831177,70117,70137,20
12.9563703537,80.2436065674,71341,71361,20
12.9338903427,80.2329711914,71735,71755,20
12.876660347,80.2269592285,72666,72686,20
12.8322601318,80.2291412354,73161,73181,20
12.8049001694,80.2239837646,73485,73505,20
12.7864599228,80.2204437256,73808,73829,21
12.7862901688,80.2203063965,75629,75649,20
12.8310499191,80.229309082,76124,76144,20
12.8315696716,80.2291564941,76165,76185,20
12.8394603729,80.2275695801,76296,76316,20
12.9626502991,80.2462921143,77944,77965,21
12.9794998169,80.2526168823,78268,78288,20
13.0191297531,80.2243270874,79259,79279,20
13.0140399933,80.2253036499,80877,80897,20
12.9871397018,80.259147644,21617,21637,20
12.8937397003,80.2275238037,22699,22729,30
12.839679718,80.2277908325,23063,23093,30
12.78647995,80.2204437256,23923,23943,20
12.9663801193,80.2477264404,25916,25937,21
13.0230998993,80.2273712158,27019,27039,20
12.9788799286,80.2526473999,28061,28081,20
12.9565696716,80.2436981201,28364,28384,20
12.8992900848,80.2278823853,29264,29284,20
12.892780304,80.2274780273,29375,29396,21
12.8411903381,80.2273101807,30013,30033,20
12.8398599625,80.2277603149,30195,30225,30
12.7956800461,80.2229385376,30721,30741,20
12.7862300873,80.2204208374,30933,30963,30
12.7862300873,80.221031189,31924,31944,20
12.7866401672,80.2204818726,31975,31995,20
12.8310604095,80.2293701172,32561,32582,21
12.8453702927,80.2265472412,32845,32865,20
12.9023704529,80.2279586792,33785,33805,20
12.9478597641,80.2401885986,34564,34584,20
12.9586496353,80.2443313599,34989,35009,20
12.9668998718,80.2479782104,35150,35171,21
12.9767303467,80.2511825562,35292,35322,30
12.9783496857,80.2521972656,35494,35515,21
13.0113601685,80.2233505249,37426,37446,20
13.019490242,80.224319458,37638,37659,21
13.0196199417,80.2244186401,37659,37689,30
13.0224304199,80.2265777588,37750,37770,20
13.0230302811,80.2271728516,37820,37841,21
13.0087404251,80.2308883667,38579,38599,20
13.0086402893,80.2312774658,38609,38629,20
13.0071296692,80.2390975952,38832,38852,20
13.0061197281,80.247467041,39307,39327,20
12.9654102325,80.2475204468,40217,40237,20
12.956870079,80.243850708,40430,40450,20
12.8996601105,80.2279815674,41372,41392,20
12.8993797302,80.2279586792,41401,41423,22
12.8933095932,80.2275695801,41493,41514,21
12.8315296173,80.2288818359,42424,42444,20
12.8275003433,80.2194595337,42656,42677,21
12.8252096176,80.2194137573,42727,42747,20
12.9045600891,80.2281036377,44397,44427,30
12.956319809,80.2434082031,45298,45318,20
12.9895200729,80.250869751,45905,45925,20
13.0063495636,80.2467193604,46117,46137,20
13.0243597031,80.2284393311,46785,46805,20
13.0144901276,80.2261962891,47068,47088,20
13.006070137,80.2473831177,47634,47654,20
12.9883699417,80.2512817383,47907,47927,20
12.9565000534,80.243522644,48393,48413,20
12.9470996857,80.2399902344,48575,48597,22
12.899310112,80.2278823853,49305,49325,20
12.8453302383,80.2266387939,49982,50003,21
12.8315401077,80.2288284302,50269,50299,30
12.8394098282,80.2276229858,52975,52995,20
12.956319809,80.2433166504,54330,54351,21
12.9793195724,80.2525634766,54654,54674,20
13.0111503601,80.2236709595,55362,55382,20
13.0241098404,80.2279891968,55685,55706,21
13.0241498947,80.2281417847,55706,55726,20
13.0230998993,80.2273788452,55827,55857,30
13.0143404007,80.2261962891,56019,56039,20
13.0082302094,80.2335205078,56252,56272,20
13.006819725,80.2405700684,56373,56393,20
13.0060997009,80.2473831177,56505,56525,20
12.9638900757,80.2469329834,57142,57162,20
12.9020299911,80.2280731201,58103,58123,20
12.8454504013,80.2266387939,58841,58861,20
12.8008804321,80.2235794067,59387,59407,20
12.7863397598,80.2204437256,59650,59670,20
12.8311395645,80.2293624878,61116,61137,21
12.8763198853,80.2268981934,61704,61734,30
12.9137802124,80.2292709351,62200,62220,20
12.9664297104,80.2478027344,62897,62918,21
13.0231800079,80.2274169922,64599,64629,30
13.0199804306,80.2248306274,64710,64740,30
13.0142602921,80.2262802124,64851,64872,21
13.0082502365,80.233543396,65054,65074,20
13.0067596436,80.2408905029,65357,65377,20
13.0058202744,80.2473526001,65610,65630,20
12.9908895493,80.2506408691,65832,65853,21
12.9792604446,80.2526321411,66551,66571,20
12.9651899338,80.2473373413,66753,66773,20
12.9134702682,80.2292404175,67683,67703,20
12.8458595276,80.2265625,68856,68877,21
12.8254804611,80.2194290161,69777,69797,20
12.8394603729,80.2276763916,70272,70293,21
12.9332504272,80.2325515747,71740,71760,20
12.9394598007,80.2354812622,71831,71851,20
12.9664201736,80.2477722168,72367,72387,20
12.9866104126,80.2586212158,76686,76716,30
