12.9870195389,80.2591629028,19,2019,2000
12.9868497849,80.2591094971,2019,2484,465
12.9870100021,80.2590789795,2484,2565,81
12.9868202209,80.2590179443,2565,3171,606
12.9870300293,80.2591171265,3171,4151,980
12.9870300293,80.2592468262,4151,4778,627
12.987039566,80.2591400146,4778,5000,222
12.9869604111,80.2592391968,5000,5172,172
12.9869604111,80.2592391968,5172,5182,10
12.9869804382,80.259147644,5182,9510,4328
12.9870996475,80.2590484619,9510,10733,1223
12.9870595932,80.2590332031,10733,14717,3984
12.986869812,80.2590179443,14717,15455,738
12.9869804382,80.259147644,15455,17578,2123
12.9869804382,80.259147644,17578,17588,10
12.9873600006,80.2591171265,17588,17598,10
12.9873600006,80.2588882446,17598,17608,10
12.9873895645,80.2586593628,17608,17619,11
12.9874000549,80.2584991455,17619,17629,10
12.9874000549,80.2583389282,17629,17639,10
12.9874200821,80.2580490112,17639,17649,10
12.9874601364,80.2576904297,17649,17659,10
12.9874801636,80.2572174072,17659,17669,10
12.9875402451,80.2567062378,17669,17679,10
12.9875802994,80.256187439,17679,17689,10
12.9876499176,80.2557296753,17689,17699,10
12.9877195358,80.2552719116,17699,17710,11
12.9877595901,80.2547073364,17710,17720,10
12.9878196716,80.2541275024,17720,17730,10
12.987859726,80.2535095215,17730,17740,10
12.987950325,80.252243042,17740,17750,10
12.987950325,80.252243042,17750,17760,10
12.9878396988,80.2517776489,17760,17770,10
12.9877595901,80.251663208,17770,17780,10
12.9874801636,80.2516174316,17780,17790,10
12.9870595932,80.2516479492,17790,17800,10
12.9865198135,80.2517929077,17800,17811,11
12.9858398438,80.2519683838,17811,17821,10
12.9851102829,80.252166748,17821,17831,10
12.9843301773,80.2523803711,17831,17841,10
12.9835596085,80.2525787354,17841,17851,10
12.9827604294,80.2526779175,17851,17861,10
12.9819297791,80.2527084351,17861,17871,10
12.9811496735,80.2527236938,17871,17881,10
12.9804000854,80.2527313232,17881,17891,10
12.9798803329,80.2524185181,17891,17922,31
12.9798803329,80.2524185181,17922,17932,10
12.9799203873,80.2522735596,17932,17942,10
12.9799995422,80.2520217896,17942,17952,10
12.980099678,80.2516708374,17952,17962,10
12.9802503586,80.2512130737,17962,17972,10
12.9804201126,80.2506484985,17972,17982,10
12.9806804657,80.2493896484,17982,17992,10
12.9806804657,80.2493896484,17992,18002,10
12.9807195663,80.2487411499,18002,18013,11
12.9807796478,80.2480010986,18013,18023,10
12.9808397293,80.2472915649,18023,18033,10
12.9809103012,80.2465286255,18033,18043,10
12.9809999466,80.2457199097,18043,18053,10
12.981089592,80.2449264526,18053,18063,10
12.9811897278,80.2441635132,18063,18073,10
12.9812898636,80.2436523438,18073,18083,10
12.9813699722,80.2432785034,18083,18093,10
12.9813804626,80.2428512573,18093,18124,31
12.9813804626,80.2428512573,18124,18134,10
12.9813995361,80.2428436279,18134,18144,10
12.9814195633,80.2425384521,18144,18154,10
12.9813995361,80.2422485352,18154,18164,10
12.9813804626,80.2417831421,18164,18174,10
12.9813804626,80.2412109375,18174,18184,10
12.9813699722,80.2405700684,18184,18194,10
12.9813604355,80.2398605347,18194,18205,11
12.9813404083,80.2390518188,18205,18215,10
12.981300354,80.237953186,18215,18235,20
12.981300354,80.237953186,18235,18245,10
12.981300354,80.237739563,18245,18255,10
12.9812602997,80.236618042,18255,18265,10
12.9812602997,80.236618042,18265,18275,10
12.9812402725,80.2359008789,18275,18285,10
12.9812402725,80.2343521118,18285,18295,10
12.9812402725,80.2343521118,18295,18306,11
12.9816703796,80.2332992554,18306,18326,20
12.9816703796,80.2332992554,18326,18336,10
12.9817304611,80.2331924438,18336,18346,10
12.981880188,80.2328796387,18346,18356,10
12.9820203781,80.2324295044,18356,18366,10
12.9820604324,80.2318191528,18366,18376,10
12.9819602966,80.2312011719,18376,18386,10
12.9816904068,80.2305603027,18386,18396,10
12.9813203812,80.2299575806,18396,18407,11
12.981010437,80.2294692993,18407,18417,10
12.9807796478,80.2291870117,18417,18427,10
12.9806804657,80.2290420532,18427,18437,10
12.9806404114,80.2289962769,18437,18447,10
12.9805002213,80.228767395,18447,18457,10
12.9803304672,80.2285003662,18457,18467,10
12.9802904129,80.2283172607,18467,18477,10
12.9801301956,80.2280502319,18477,18487,10
12.9798698425,80.2276229858,18487,18497,10
12.9795598984,80.2270812988,18497,18508,11
12.9792699814,80.2266311646,18508,18518,10
12.9786100388,80.2255401611,18518,18526,8
12.9781703949,80.224822998,18526,18538,12
12.9781703949,80.224822998,18538,18548,10
12.9778203964,80.224319458,18548,18558,10
12.9776697159,80.2240600586,18558,18568,10
12.9774904251,80.2237701416,18568,18578,10
12.9771699905,80.2232513428,18578,18588,10
12.9768104553,80.2226715088,18588,18601,13
12.9763898849,80.2219772339,18601,18611,10
12.9760398865,80.2214584351,18611,18621,10
12.9756498337,80.2210388184,18621,18631,10
12.9754400253,80.2208633423,18631,18641,10
12.9754800797,80.2207565308,18641,18651,10
12.9759101868,80.2210006714,18651,18803,152
12.9759101868,80.2210006714,18803,18813,10
12.9763698578,80.2212295532,18813,18823,10
12.9767904282,80.2212371826,18823,18833,10
12.9773302078,80.2212371826,18833,18843,10
12.9779396057,80.221206665,18843,18853,10
12.9785900116,80.2211685181,18853,18863,10
12.9792995453,80.2211303711,18863,18873,10
12.9800596237,80.2210769653,18873,18883,10
12.9808101654,80.2210083008,18883,18893,10
12.9815196991,80.2212600708,18893,18904,11
12.9821300507,80.2217025757,18904,18914,10
12.9829998016,80.2220001221,18914,18934,20
12.9829998016,80.2220001221,18934,18944,10
12.9831895828,80.2220916748,18944,18954,10
12.983499527,80.2223205566,18954,18964,10
12.9840202332,80.2226409912,18964,18974,10
12.9846096039,80.2229919434,18974,18984,10
12.9852895737,80.2233123779,18984,18996,12
12.9857902527,80.2230377197,18996,19006,10
12.9864196777,80.2229766846,19006,19016,10
12.9865102768,80.2229766846,19016,19026,10
12.9866600037,80.2229919434,19026,19036,10
12.9870595932,80.2230529785,19036,19046,10
12.9883003235,80.2227325439,19046,19056,10
12.9883003235,80.2227325439,19056,19066,10
12.9888401031,80.2221832275,19066,19076,10
12.9893102646,80.2216415405,19076,19086,10
12.9898004532,80.2209777832,19086,19097,11
12.9904298782,80.2203979492,19097,19107,10
12.9905195236,80.2203216553,19107,19117,10
12.9906301498,80.2202377319,19117,19127,10
12.990819931,80.2201004028,19127,19137,10
12.9911899567,80.2198028564,19137,19147,10
12.9914703369,80.2195587158,19147,19157,10
12.991900444,80.2192764282,19157,19167,10
12.9925203323,80.2188415527,19167,19177,10
12.9932203293,80.2183380127,19177,19187,10
12.9939203262,80.2178421021,19187,19198,11
12.9946098328,80.2173461914,19198,19208,10
12.9952201843,80.2169189453,19208,19218,10
12.9959602356,80.2166366577,19218,19228,10
12.9967699051,80.216506958,19228,19238,10
12.9975004196,80.2161407471,19238,19278,40
12.9975004196,80.2161407471,19278,19288,10
12.9977798462,80.2159194946,19288,19299,11
12.9982099533,80.2155609131,19299,19309,10
12.9987001419,80.2151412964,19309,19319,10
12.9991197586,80.2147827148,19319,19329,10
12.999420166,80.2145004272,19329,19339,10
12.9998703003,80.2141113281,19339,19351,12
13.0004701614,80.2136001587,19351,19361,10
13.0011196136,80.2130584717,19361,19371,10
13.0018196106,80.2125473022,19371,19381,10
13.0024700165,80.2121963501,19381,19391,10
13.0031700134,80.2121124268,19391,19402,11
13.0038003922,80.212020874,19402,19412,10
13.0039997101,80.2120132446,19412,19421,9
13.004240036,80.2121200562,19421,19432,11
13.0047702789,80.2123718262,19432,19442,10
13.005279541,80.212677002,19442,19452,10
13.0065803528,80.2127380371,19452,19462,10
13.0065803528,80.2127380371,19462,19472,10
13.0073003769,80.2127914429,19472,19482,10
13.0078802109,80.2130584717,19482,19513,31
13.0078802109,80.2130584717,19513,19523,10
13.0081300735,80.2132568359,19523,19533,10
13.0086097717,80.2134780884,19533,19543,10
13.0090398788,80.214050293,19543,19553,10
13.0094604492,80.2146224976,19553,19563,10
13.009759903,80.2150726318,19563,19573,10
13.0101499557,80.2155838013,19573,19583,10
13.0106601715,80.2162017822,19583,19594,11
13.0108995438,80.2169418335,19594,19604,10
13.0112600327,80.2177886963,19604,19614,10
13.0116300583,80.218788147,19614,19624,10
13.0119895935,80.2198410034,19624,19634,10
13.0122900009,80.2207870483,19634,19642,8
13.0124597549,80.2214508057,19642,19654,12
13.013010025,80.2222671509,19654,19664,10
13.0136003494,80.2229309082,19664,19674,10
13.0142498016,80.223777771,19674,19684,10
13.0142498016,80.223777771,19684,19695,11
13.0146102905,80.2242507935,19695,19705,10
13.0155000687,80.224937439,19705,19714,9
13.0155000687,80.224937439,19714,19725,11
13.0155200958,80.2249526978,19725,19735,10
13.0155696869,80.2250137329,19735,19745,10
13.0157604218,80.2252120972,19745,19755,10
13.01583004,80.2252502441,19755,19765,10
13.0161600113,80.2253417969,19765,19775,10
13.0167102814,80.2252578735,19775,19786,11
13.0174598694,80.2249526978,19786,19797,11
13.0183296204,80.224609375,19797,19800,3
13.0175895691,80.2248764038,19800,19807,7
13.0192098618,80.2243728638,19807,19817,10
13.0199899673,80.2247009277,19817,19827,10
13.0207195282,80.2252197266,19827,19837,10
13.0214395523,80.2257995605,19837,19847,10
13.0220098495,80.2261505127,19847,19857,10
13.0220603943,80.2261962891,19857,19867,10
13.0223503113,80.2264709473,19867,19877,10
13.0223503113,80.2264709473,19877,19887,10
13.0227804184,80.2268676758,19887,19898,11
13.0233898163,80.2274169922,19898,19908,10
13.024020195,80.2280273438,19908,19918,10
13.0245399475,80.2287216187,19918,19928,10
13.0250797272,80.2294616699,19928,19938,10
13.0256204605,80.2302017212,19938,19948,10
13.0259895325,80.2310028076,19948,19958,10
13.0262403488,80.231338501,19958,19968,10
13.0268096924,80.2312088013,19968,19978,10
13.0275096893,80.2310180664,19978,19988,10
13.0281801224,80.2309265137,19988,19999,11
13.029009819,80.2308425903,19999,20009,10
13.0295200348,80.230796814,20009,20019,10
13.0301303864,80.230758667,20019,20029,10
13.03083992,80.2306976318,20029,20039,10
13.0314598083,80.2306518555,20039,20049,10
13.0321903229,80.2305908203,20049,20058,9
13.0328903198,80.2305526733,20058,20070,12
13.033780098,80.2304992676,20070,20080,10
13.0341796875,80.2304534912,20080,20121,41
13.0341796875,80.2304534912,20121,20131,10
13.0345602036,80.2303771973,20131,20141,10
13.0348997116,80.2302627563,20141,20151,10
13.0351104736,80.2303237915,20151,20161,10
13.0349998474,80.2304382324,20161,20171,10
13.0348100662,80.2303466797,20171,20181,10
13.0345497131,80.2303771973,20181,20192,11
13.0343399048,80.2304382324,20192,20202,10
13.0340795517,80.2304534912,20202,20212,10
13.0337696075,80.2304763794,20212,20222,10
13.0333900452,80.230506897,20222,20232,10
13.0329799652,80.2305374146,20232,20242,10
13.0326900482,80.2305984497,20242,20495,253
13.0326900482,80.2305221558,20495,21680,1185
13.0325899124,80.2305831909,21680,22489,809
13.0325899124,80.2305831909,22489,22499,10
13.0325202942,80.2305374146,22499,22509,10
13.0323495865,80.2305603027,22509,22519,10
13.0320196152,80.2305984497,22519,22529,10
13.031539917,80.2306289673,22529,22540,11
13.0309400558,80.230682373,22540,22550,10
13.0304899216,80.2307434082,22550,22560,10
13.030090332,80.230796814,22560,22568,8
13.0297803879,80.2308425903,22568,22580,12
13.0297203064,80.2308502197,22580,22590,10
13.0293903351,80.2308731079,22590,22600,10
13.0289497375,80.2309112549,22600,22610,10
13.0282697678,80.2309799194,22610,22620,10
13.0277395248,80.2310409546,22620,22631,11
13.0276603699,80.2313308716,22631,22641,10
13.0277299881,80.2317123413,22641,22651,10
13.0277996063,80.232093811,22651,22661,10
13.027879715,80.2323989868,22661,22671,10
13.0278100967,80.2328186035,22671,22681,10
13.0272502899,80.2329025269,22681,22691,10
13.0268697739,80.232963562,22691,22701,10
13.026720047,80.2329864502,22701,22711,10
13.026599884,80.2330169678,22711,22722,11
13.0264101028,80.232963562,22722,22732,10
13.0262804031,80.2326278687,22732,22742,10
13.026140213,80.2321090698,22742,22752,10
13.0259599686,80.2314300537,22752,22762,10
13.0257301331,80.2306594849,22762,22772,10
13.0253000259,80.229927063,22772,22782,10
13.0248203278,80.2292785645,22782,22792,10
13.0243301392,80.2286529541,22792,22802,10
13.023850441,80.2281036377,22802,22812,10
13.0230703354,80.2274627686,22812,22843,31
13.0230703354,80.2274627686,22843,22853,10
13.0228796005,80.2273712158,22853,22863,10
13.022600174,80.2271194458,22863,22879,16
13.022359848,80.2267303467,22879,22892,13
13.0218400955,80.2262573242,22892,22902,10
13.0213699341,80.2258987427,22902,22912,10
13.0208501816,80.2254867554,22912,22923,11
13.0202198029,80.2250900269,22923,22931,8
13.0200195313,80.2249603271,22931,22943,12
13.0198602676,80.2248382568,22943,22953,10
13.0194997787,80.2246170044,22953,22963,10
13.018910408,80.2245178223,22963,22974,11
13.0181798935,80.2247619629,22974,22983,9
13.0175104141,80.2250289917,22983,22993,10
13.01679039,80.2253265381,22993,23004,11
13.0160398483,80.2256164551,23004,23014,10
13.0153198242,80.2258682251,23014,23025,11
13.0146303177,80.2261505127,23025,23035,10
13.0143404007,80.226272583,23035,23045,10
13.0143203735,80.2262802124,23045,23055,10
13.0141801834,80.2263183594,23055,23065,10
13.0137996674,80.2264633179,23065,23075,10
13.0132303238,80.2266769409,23075,23085,10
13.0125598907,80.2269287109,23085,23095,10
13.0118303299,80.2272109985,23095,23105,10
13.0110502243,80.2275085449,23105,23116,11
13.0101604462,80.2278594971,23116,23126,10
13.0095500946,80.2276306152,23126,23136,10
13.0097799301,80.2270202637,23136,23146,10
13.0101003647,80.2263336182,23146,23156,10
13.0104398727,80.2255630493,23156,23166,10
13.0107698441,80.2247695923,23166,23176,10
13.011059761,80.2239608765,23176,23186,10
13.0113897324,80.2231521606,23186,23196,10
13.0116796494,80.222366333,23196,23206,10
13.0120201111,80.2215576172,23206,23217,11
13.0120601654,80.2207489014,23217,23227,10
13.0118103027,80.2199478149,23227,23237,10
13.0115499496,80.2192001343,23237,23247,10
13.011300087,80.2184066772,23247,23257,10
13.01101017,80.2176589966,23257,23267,10
13.0106897354,80.2168731689,23267,23277,10
13.0102796555,80.2161178589,23277,23287,10
13.0098695755,80.2152786255,23287,23297,10
13.0093603134,80.2145690918,23297,23308,11
13.0087499619,80.213760376,23308,23318,10
13.0079898834,80.2132415771,23318,23348,30
13.0079898834,80.2132415771,23348,23358,10
13.0077600479,80.2130432129,23358,23368,10
13.0072898865,80.2128295898,23368,23378,10
13.0066099167,80.2127609253,23378,23388,10
13.0059604645,80.2129898071,23388,23398,10
13.0052404404,80.212677002,23398,23408,10
13.0044803619,80.2122573853,23408,23419,11
13.0037403107,80.2119598389,23419,23429,10
13.0037002563,80.2117996216,23429,23439,10
13.0036802292,80.2114105225,23439,23449,10
13.0036201477,80.2107696533,23449,23459,10
13.0035400391,80.2100830078,23459,23469,10
13.0034999847,80.2094573975,23469,23479,10
13.0031299591,80.2091369629,23479,23489,10
13.0024995804,80.2088165283,23489,23500,11
13.0018396378,80.2084579468,23500,23510,10
13.001159668,80.2080993652,23510,23520,10
13.0005197525,80.2078018188,23520,23530,10
13.000169754,80.2077484131,23530,23540,10
12.9996204376,80.2076416016,23540,23550,10
12.9990501404,80.2075424194,23550,23560,10
12.9985399246,80.2074279785,23560,23570,10
12.998459816,80.2074813843,23570,23580,10
12.9983596802,80.207862854,23580,23590,10
12.9982795715,80.2083969116,23590,23601,11
12.9982204437,80.2087478638,23601,23611,10
12.9981403351,80.2091369629,23611,23621,10
12.9978704453,80.2094116211,23621,23637,16
12.9975595474,80.2100219727,23637,23649,12
12.9975099564,80.2101287842,23649,23659,10
12.997420311,80.2103424072,23659,23669,10
12.9972000122,80.2104797363,23669,23679,10
12.9970502853,80.2104415894,23679,23689,10
12.9966201782,80.2103805542,23689,23700,11
12.9959802628,80.2103118896,23700,23710,10
12.9955301285,80.2102584839,23710,23720,10
12.995059967,80.2102279663,23720,23730,10
12.9947299957,80.2101974487,23730,23740,10
12.9943599701,80.2101669312,23740,23750,10
12.9938898087,80.2101364136,23750,23760,10
12.9938402176,80.2101287842,23760,23770,10
12.9937200546,80.2101211548,23770,23780,10
12.9935998917,80.210357666,23780,23791,11
12.9934396744,80.2109985352,23791,23801,10
12.993229866,80.2118225098,23801,23811,10
12.9930896759,80.2124862671,23811,23821,10
12.9930000305,80.2128601074,23821,23831,10
12.9927902222,80.2130126953,23831,23841,10
12.9923400879,80.2128829956,23841,23851,10
12.9918003082,80.2127380371,23851,23861,10
12.9917402267,80.2127304077,23861,23871,10
12.9915800095,80.2126998901,23871,23881,10
12.9913797379,80.2127304077,23881,23892,11
12.9912996292,80.2129516602,23892,23902,10
12.9912099838,80.2132797241,23902,23912,10
12.9910898209,80.2137374878,23912,23922,10
12.9909095764,80.2143630981,23922,23932,10
12.9903202057,80.2148590088,23932,23942,10
12.9895601273,80.2147598267,23942,23952,10
12.9892196655,80.2147674561,23952,23962,10
12.9891700745,80.2148284912,23962,23972,10
12.9890899658,80.2148971558,23972,23983,11
12.9888296127,80.2153091431,23983,23993,10
12.9884500504,80.2158813477,23993,24003,10
12.9880895615,80.2164382935,24003,24013,10
12.9880800247,80.2164993286,24013,24023,10
12.9879798889,80.2167434692,24023,24033,10
12.9877996445,80.2172470093,24033,24043,10
12.9875802994,80.217956543,24043,24053,10
12.987449646,80.2183380127,24053,24063,10
12.9871997833,80.2183609009,24063,24073,10
12.9869804382,80.2182998657,24073,24084,11
12.9865903854,80.2181930542,24084,24094,10
12.9860496521,80.2180404663,24094,24104,10
12.9851999283,80.2179489136,24104,24114,10
12.9842996597,80.2180023193,24114,24124,10
12.9841003418,80.2180023193,24124,24134,10
12.9839000702,80.2179718018,24134,24144,10
12.9834403992,80.2179489136,24144,24154,10
12.9827699661,80.217956543,24154,24164,10
12.9819602966,80.2179794312,24164,24175,11
12.981089592,80.2181777954,24175,24185,10
12.9803304672,80.218421936,24185,24195,10
12.9798297882,80.2186203003,24195,24205,10
12.9793195724,80.2188568115,24205,24214,9
12.9788503647,80.2190322876,24214,24225,11
12.9782600403,80.2192611694,24225,24235,10
12.977350235,80.2196426392,24235,24245,10
12.9764604568,80.2200317383,24245,24255,10
12.9756002426,80.2205963135,24255,24306,51
12.9756002426,80.2205963135,24306,24316,10
12.9758300781,80.2209625244,24316,24921,605
12.9758300781,80.2209625244,24921,24931,10
12.9758901596,80.2211074829,24931,24941,10
12.9760503769,80.2213363647,24941,24952,11
12.9763002396,80.2217407227,24952,24962,10
12.9765996933,80.2221908569,24962,24972,10
12.9769001007,80.22265625,24972,24982,10
12.9772500992,80.2227325439,24982,24992,10
12.977519989,80.2224884033,24992,25002,10
12.9774999619,80.222038269,25002,25012,10
12.9774703979,80.2215194702,25012,25022,10
12.9773797989,80.2212524414,25022,25032,10
12.9769897461,80.2212600708,25032,25042,10
12.9764499664,80.2212600708,25042,25053,11
12.9758996964,80.2212600708,25053,25103,50
12.9758996964,80.2212600708,25103,25113,10
12.9755802155,80.2208709717,25113,25123,10
12.9754400253,80.2205429077,25123,25133,10
12.9757204056,80.2202606201,25133,25150,17
12.9766302109,80.2198028564,25150,25162,12
12.9773902893,80.2194976807,25162,25172,10
12.9779396057,80.2192687988,25172,25180,8
12.978509903,80.219039917,25180,25192,12
12.9790802002,80.2188262939,25192,25202,10
12.9797697067,80.2185592651,25202,25212,10
12.9805402756,80.2182617188,25212,25222,10
12.9814596176,80.2179336548,25222,25232,10
12.982339859,80.2178421021,25232,25242,10
12.9831199646,80.2178421021,25242,25253,11
12.9837903976,80.2178268433,25253,25264,11
12.983880043,80.2178268433,25264,25275,11
12.9842596054,80.2178268433,25275,25285,10
12.9850902557,80.2178268433,25285,25295,10
12.9860095978,80.2179412842,25295,25305,10
12.9873600006,80.218208313,25305,25336,31
12.9873600006,80.218208313,25336,25346,10
12.9875097275,80.2180404663,25346,25356,10
12.9876298904,80.2176513672,25356,25366,10
12.987859726,80.2170410156,25366,25376,10
12.9881401062,80.2163314819,25376,25386,10
12.9885997772,80.215637207,25386,25396,10
12.9890403748,80.2149734497,25396,25406,10
12.9893903732,80.2146911621,25406,25416,10
12.9898500443,80.2148284912,25416,25427,11
12.9905195236,80.2146987915,25427,25437,10
12.9909601212,80.2141799927,25437,25447,10
12.9911203384,80.2135314941,25447,25457,10
12.9912796021,80.2129135132,25457,25467,10
12.9915399551,80.2126617432,25467,25497,30
12.9915399551,80.2126617432,25497,25507,10
12.9916496277,80.212677002,25507,25517,10
12.9918298721,80.2127227783,25517,25528,11
12.9922399521,80.212852478,25528,25538,10
12.9927797318,80.2130203247,25538,25548,10
12.992939949,80.2129211426,25548,25558,10
12.992939949,80.212852478,25558,25568,10
12.9930696487,80.2124404907,25568,25578,10
12.9932203293,80.2118377686,25578,25588,10
12.9933795929,80.2111434937,25588,25598,10
12.9935398102,80.2105484009,25598,25608,10
12.9937000275,80.2101135254,25608,25629,21
12.9937000275,80.2101135254,25629,25639,10
12.9940004349,80.2101211548,25639,25649,10
12.9943504333,80.2101593018,25649,25659,10
12.9947900772,80.2101974487,25659,25669,10
12.9952297211,80.2102279663,25669,25679,10
12.9956502914,80.2102813721,25679,25689,10
12.9962396622,80.2103500366,25689,25699,10
12.9969797134,80.2104415894,25699,25709,10
12.9973096848,80.2104721069,25709,25720,11
12.9975204468,80.2100219727,25720,25730,10
12.9977397919,80.2096176147,25730,25740,10
12.9978303909,80.2094802856,25740,25750,10
12.9981298447,80.2090988159,25750,25760,10
12.9982099533,80.2085876465,25760,25770,10
12.9983196259,80.2079086304,25770,25780,10
12.9983997345,80.2074279785,25780,25790,10
12.9985103607,80.2073822021,25790,25800,10
12.9986200333,80.2074279785,25800,25810,10
12.9989204407,80.2075195313,25810,25821,11
12.9995298386,80.2076263428,25821,25831,10
13.0002002716,80.2077789307,25831,25841,10
13.0009498596,80.2080078125,25841,25851,10
13.0015897751,80.2083206177,25851,25861,10
13.0023603439,80.2087173462,25861,25862,1
13.0024299622,80.2087631226,25862,25863,1
13.0025100708,80.2088012695,25863,25914,51
13.0037603378,80.2113571167,25914,25925,11
13.004070282,80.2120437622,25925,25935,10
13.0043096542,80.2121276855,25935,25945,10
13.0048103333,80.2124023438,25945,25955,10
13.0054798126,80.2127914429,25955,25965,10
13.0062398911,80.2127685547,25965,25975,10
13.0071201324,80.2127609253,25975,25985,10
13.0079097748,80.2130889893,25985,26007,22
13.0079097748,80.2130889893,26007,26017,10
13.0080499649,80.2132034302,26017,26028,11
13.0084104538,80.2133407593,26028,26038,10
13.0087900162,80.213760376,26038,26048,10
13.00922966,80.2143325806,26048,26058,10
13.0096197128,80.2149276733,26058,26068,10
13.0099601746,80.2153625488,26068,26077,9
13.0104103088,80.2158813477,26077,26087,10
13.0107803345,80.2166595459,26087,26098,11
13.0111598969,80.2175369263,26098,26109,11
13.0115995407,80.2187271118,26109,26119,10
13.0119800568,80.2199020386,26119,26129,10
13.0122098923,80.2205123901,26129,26138,9
13.0123596191,80.2209320068,26138,26149,11
13.0127096176,80.2216186523,26149,26159,10
13.0133600235,80.2224731445,26159,26169,10
13.01404953,80.2233123779,26169,26179,10
13.0146198273,80.2240371704,26179,26189,10
13.0150604248,80.224571228,26189,26199,10
13.0152397156,80.2247772217,26199,26210,11
13.0155200958,80.2249526978,26210,26220,10
13.015540123,80.2249679565,26220,26230,10
13.0157299042,80.2251586914,26230,26240,10
13.0162601471,80.2253417969,26240,26250,10
13.0170602798,80.2250976563,26250,26260,10
13.0179700851,80.2247390747,26260,26270,10
13.0188798904,80.2244033813,26270,26286,16
13.0196399689,80.2244491577,26286,26298,12
13.019900322,80.2246170044,26298,26309,11
13.0203895569,80.2250137329,26309,26317,8
13.0208501816,80.2253417969,26317,26329,12
13.0213603973,80.2257385254,26329,26339,10
13.0217103958,80.2259674072,26339,26349,10
13.0219497681,80.2261123657,26349,26358,9
13.0220403671,80.2261810303,26358,26369,11
13.0224599838,80.2265701294,26369,26379,10
13.0229597092,80.2270278931,26379,26389,10
13.0234498978,80.2274932861,26389,26400,11
13.0240097046,80.2280426025,26400,26410,10
13.0245304108,80.2287216187,26410,26420,10
13.0246696472,80.2289199829,26420,26430,10
13.0247001648,80.2289733887,26430,26440,10
13.0249700546,80.2293319702,26440,26450,10
13.0254602432,80.2299804688,26450,26460,10
13.0258998871,80.2308120728,26460,26470,10
13.0261001587,80.2313232422,26470,26480,10
13.0265798569,80.2312164307,26480,26490,10
13.0272598267,80.231048584,26490,26501,11
13.0280599594,80.2309188843,26501,26511,10
13.0284700394,80.2308578491,26511,26541,30
13.0284700394,80.2308578491,26541,26551,10
13.0287599564,80.2308807373,26551,26561,10
13.0291595459,80.2308502197,26561,26571,10
13.0294504166,80.230796814,26571,26581,10
13.0295495987,80.230796814,26581,26592,11
13.0299701691,80.2307662964,26592,26602,10
13.0305595398,80.2307128906,26602,26612,10
13.0309000015,80.230682373,26612,26622,10
13.0315799713,80.2306289673,26622,26632,10
13.0324602127,80.2305603027,26632,26642,10
13.033370018,80.2304916382,26642,26652,10
13.0339097977,80.2304534912,26652,26662,10
13.0342903137,80.2304000854,26662,26672,10
13.0347099304,80.2303009033,26672,26703,31
13.0347099304,80.2303009033,26703,26713,10
13.0349798203,80.2301483154,26713,26723,10
13.035030365,80.2298583984,26723,26733,10
13.0347299576,80.2298126221,26733,26749,16
13.0343399048,80.2297821045,26749,26761,12
13.0342102051,80.2299423218,26761,26769,8
13.0341796875,80.2302703857,26769,26903,134
13.0342102051,80.2304916382,26903,27561,658
13.034330368,80.2304611206,27561,27662,101
13.034330368,80.2304611206,27662,27672,10
13.0341997147,80.2304916382,27672,27682,10
13.0339698792,80.2304382324,27682,27692,10
13.0337400436,80.230430603,27692,27702,10
13.0335102081,80.230430603,27702,27712,10
13.0330696106,80.23046875,27712,27722,10
13.0325202942,80.2305603027,27722,27732,10
13.0319004059,80.2306365967,27732,27742,10
13.0312004089,80.2306976318,27742,27753,11
13.0305204391,80.2307815552,27753,27763,10
13.0299596786,80.2308425903,27763,27773,10
13.0298500061,80.2308425903,27773,27783,10
13.0294799805,80.2308807373,27783,27793,10
13.0289802551,80.2309036255,27793,27803,10
13.0283002853,80.2309570313,27803,27813,10
13.0278100967,80.231010437,27813,27823,10
13.0277004242,80.2313766479,27823,27833,10
13.0277500153,80.2317733765,27833,27844,11
13.0278196335,80.2322616577,27844,27854,10
13.0279102325,80.2326583862,27854,27864,10
13.0275096893,80.2328567505,27864,27874,10
13.02684021,80.2330093384,27874,27934,60
13.02684021,80.2330093384,27934,27945,11
13.0266399384,80.233001709,27945,27954,9
13.0263996124,80.2328720093,27954,27965,11
13.0261802673,80.2322387695,27965,27975,10
13.0259799957,80.2314605713,27975,27985,10
13.0256595612,80.2305297852,27985,27995,10
13.0250902176,80.2296600342,27995,28005,10
13.0245103836,80.2288970947,28005,28015,10
13.0240097046,80.2282180786,28015,28025,10
13.0234804153,80.2276611328,28025,28035,10
13.023059845,80.2274169922,28035,28056,21
13.023059845,80.2274169922,28056,28066,10
13.0229301453,80.2273483276,28066,28076,10
13.0226802826,80.2271270752,28076,28086,10
13.0225696564,80.2268981934,28086,28102,16
13.0219402313,80.2263183594,28102,28114,12
13.0213003159,80.2258071899,28114,28122,8
13.0210199356,80.2255935669,28122,28134,12
13.0204896927,80.2252120972,28134,28145,11
13.0198297501,80.2247924805,28145,28175,30
13.0198297501,80.2247924805,28175,28185,10
13.0197200775,80.2248001099,28185,28194,9
13.0193195343,80.2246170044,28194,28204,10
13.0186100006,80.2246627808,28204,28215,11
13.0176897049,80.2250137329,28215,28225,10
13.0168199539,80.2253570557,28225,28236,11
13.015999794,80.2256622314,28236,28246,10
13.015250206,80.2259368896,28246,28256,10
13.014840126,80.2261199951,28256,28266,10
13.0144701004,80.226272583,28266,28276,10
13.0143604279,80.2263031006,28276,28286,10
13.0142602921,80.2263336182,28286,28296,10
13.0138301849,80.2264785767,28296,28306,10
13.0131797791,80.2267227173,28306,28316,10
13.0124101639,80.2269973755,28316,28327,11
13.0114803314,80.2273635864,28327,28337,10
13.01060009,80.2276992798,28337,28347,10
13.0100097656,80.2279281616,28347,28357,10
13.009519577,80.2277832031,28357,28367,10
13.00963974,80.2273101807,28367,28377,10
13.009929657,80.2266769409,28377,28387,10
13.010219574,80.22605896,28387,28397,10
13.0104999542,80.2253417969,28397,28407,10
13.0108299255,80.2245788574,28407,28417,10
13.0111103058,80.2238464355,28417,28428,11
13.011300087,80.2233581543,28428,28438,10
13.0115699768,80.2227630615,28438,28448,10
13.0118198395,80.222038269,28448,28458,10
13.0120201111,80.2214126587,28458,28468,10
13.012140274,80.2211914063,28468,28478,10
13.0120096207,80.220703125,28478,28488,10
13.0117702484,80.2200469971,28488,28497,9
13.0116596222,80.2197418213,28497,28508,11
13.0115995407,80.2194976807,28508,28519,11
13.0114202499,80.2189712524,28519,28529,10
13.0111999512,80.2183074951,28529,28539,10
13.0109195709,80.2175827026,28539,28549,10
13.0106296539,80.2168273926,28549,28558,9
13.0103302002,80.2162399292,28558,28569,11
13.0099496841,80.215461731,28569,28579,10
13.009519577,80.2148284912,28579,28589,10
13.0090503693,80.2141799927,28589,28599,10
13.008600235,80.2136001587,28599,28609,10
13.0081996918,80.2133407593,28609,28660,51
13.0081996918,80.2133407593,28660,28670,10
13.0078802109,80.2131576538,28670,28680,10
13.0076503754,80.2129669189,28680,28690,10
13.0072202682,80.2128295898,28690,28700,10
13.0066299438,80.2127685547,28700,28710,10
13.0060195923,80.2129898071,28710,28721,11
13.005279541,80.2127227783,28721,28731,10
13.0045404434,80.2123031616,28731,28741,10
13.003780365,80.2120285034,28741,28751,10
13.0036897659,80.2116394043,28751,28761,10
13.003660202,80.2113037109,28761,28771,10
13.0035896301,80.2106170654,28771,28781,10
13.0035400391,80.2098693848,28781,28791,10
13.0034799576,80.2093429565,28791,28801,10
13.0031003952,80.2091598511,28801,28812,11
13.0024003983,80.2087783813,28812,28822,10
13.0017204285,80.2084121704,28822,28832,10
13.0010700226,80.2080764771,28832,28842,10
13.0004701614,80.2078323364,28842,28852,10
12.9998397827,80.2077178955,28852,28862,10
12.9993000031,80.2075576782,28862,28872,10
12.9989500046,80.2074584961,28872,28882,10
12.9985799789,80.2073898315,28882,28892,10
12.9984397888,80.2074966431,28892,28902,10
12.9984102249,80.207572937,28902,28913,11
12.998339653,80.2079620361,28913,28923,10
12.9982500076,80.2085494995,28923,28933,10
12.9981603622,80.2090835571,28933,28943,10
12.9978199005,80.209487915,28943,28953,10
12.9975795746,80.2100601196,28953,28963,10
12.9972200394,80.2104721069,28963,28983,20
12.9972200394,80.2104721069,28983,28993,10
12.9968299866,80.2104110718,28993,29003,10
12.9963598251,80.2103500366,29003,29014,11
12.9957504272,80.2102966309,29014,29024,10
12.9953203201,80.2102508545,29024,29034,10
12.9952001572,80.2102432251,29034,29050,16
12.9948196411,80.2101898193,29050,29062,12
12.9944601059,80.2101516724,29062,29070,8
12.99421978,80.2101287842,29070,29082,12
12.9938898087,80.2101135254,29082,29102,20
12.9938898087,80.2101135254,29102,29113,11
12.993689537,80.2100830078,29113,29122,9
12.9936199188,80.2102432251,29122,29133,11
12.9935398102,80.2105865479,29133,29143,10
12.9933996201,80.2111816406,29143,29153,10
12.9932899475,80.2116699219,29153,29163,10
12.9932804108,80.211730957,29163,29173,10
12.9931898117,80.212020874,29173,29183,10
12.9930801392,80.2124633789,29183,29193,10
12.9929599762,80.2129516602,29193,29203,10
12.9927902222,80.2129821777,29203,29214,11
12.9927101135,80.2129821777,29214,29224,10
12.9922399521,80.2128295898,29224,29234,10
12.9917097092,80.212677002,29234,29244,10
12.9916000366,80.2126617432,29244,29254,10
12.9915399551,80.212677002,29254,29264,10
12.9913396835,80.2128829956,29264,29274,10
12.9911804199,80.2134628296,29274,29284,10
12.9910097122,80.2140579224,29284,29294,10
12.9905595779,80.2146835327,29294,29305,11
12.9896697998,80.2147827148,29305,29315,10
12.989279747,80.2146606445,29315,29325,10
12.9891500473,80.2148208618,29325,29335,10
12.9888296127,80.2152862549,29335,29345,10
12.988409996,80.2159194946,29345,29355,10
12.9880104065,80.2166366577,29355,29365,10
12.9877195358,80.2174835205,29365,29375,10
12.9875001907,80.2181777954,29375,29385,10
12.9874000549,80.2183990479,29385,29396,11
12.9872102737,80.2183914185,29396,29406,10
12.9870300293,80.2183303833,29406,29416,10
12.9864702225,80.2181777954,29416,29426,10
12.9855499268,80.2180023193,29426,29436,10
12.9841299057,80.2180099487,29436,29456,20
12.9841299057,80.2180099487,29456,29466,10
12.9840898514,80.2180023193,29466,29482,16
12.9834499359,80.2179870605,29482,29495,13
12.9823703766,80.2179870605,29495,29505,10
12.9814596176,80.2180786133,29505,29515,10
12.9806404114,80.2183380127,29515,29525,10
12.9800596237,80.2185516357,29525,29535,10
12.9795703888,80.2187728882,29535,29545,10
12.9790296555,80.21900177,29545,29555,10
12.9786701202,80.2191314697,29555,29564,9
12.9780502319,80.219367981,29564,29575,11
12.9771203995,80.2197570801,29575,29585,10
12.9762802124,80.2201309204,29585,29596,11
12.9757404327,80.2203598022,29596,29646,50
12.9757404327,80.2203598022,29646,29656,10
12.9756097794,80.2204437256,29656,29666,10
12.975520134,80.2206726074,29666,29727,61
12.975520134,80.2206726074,29727,29737,10
12.9757604599,80.2209777832,29737,30283,546
12.9757604599,80.2209777832,30283,30293,10
12.9760103226,80.2212371826,30293,30303,10
12.9761800766,80.2215805054,30303,30313,10
12.9765396118,80.2221679688,30313,30323,10
12.9769201279,80.2227478027,30323,30333,10
12.9773397446,80.2227325439,30333,30343,10
12.977519989,80.222366333,30343,30353,10
12.9774799347,80.2216720581,30353,30363,10
12.9774398804,80.2212982178,30363,30374,11
12.9771404266,80.2212677002,30374,30384,10
12.9766798019,80.221282959,30384,30394,10
12.9764003754,80.221282959,30394,30404,10
12.9761295319,80.2213668823,30404,30414,10
12.9754400253,80.2206878662,30414,30452,38
12.9754400253,80.2206878662,30452,30462,10
12.975569725,80.2204284668,30462,30473,11
12.9760103226,80.220161438,30473,30483,10
12.9767303467,80.2198028564,30483,30493,10
12.9774303436,80.2194900513,30493,30503,10
12.9784402847,80.2190475464,30503,30513,10
12.9789400101,80.2188186646,30513,30523,10
12.979640007,80.2185592651,30523,30532,9
12.9801702499,80.2183532715,30532,30543,11
12.9809103012,80.2180786133,30543,30552,9
12.9816999435,80.2178421021,30552,30563,11
12.9824800491,80.2178115845,30563,30574,11
12.9828796387,80.2178192139,30574,30584,10
12.9832801819,80.2178192139,30584,30594,10
12.9837503433,80.2178192139,30594,30604,10
12.9837598801,80.2178192139,30604,30614,10
12.9838600159,80.2178421021,30614,30624,10
12.9842195511,80.2178421021,30624,30634,10
12.9848604202,80.2178421021,30634,30644,10
12.9857597351,80.2179031372,30644,30654,10
12.9867401123,80.2181167603,30654,30665,11
12.9873800278,80.2182235718,30665,30675,10
12.9874200821,80.2182235718,30675,30685,10
12.9875602722,80.2179718018,30685,30695,10
12.987739563,80.2174072266,30695,30705,10
12.9879999161,80.2166671753,30705,30715,10
12.9884195328,80.2158966064,30715,30725,10
12.9889202118,80.2151489258,30725,30735,10
12.9893398285,80.2146835327,30735,30756,21
12.9893398285,80.2146835327,30756,30766,10
12.9896097183,80.2147598267,30766,30776,10
12.9901103973,80.214881897,30776,30786,10
12.9906702042,80.2145690918,30786,30796,10
12.9909896851,80.2140731812,30796,30806,10
12.9911298752,80.213508606,30806,30816,10
12.9912900925,80.2128982544,30816,30826,10
12.9916200638,80.2126998901,30826,30857,31
12.9916200638,80.2126998901,30857,30867,10
12.9918498993,80.2127609253,30867,30877,10
12.9922504425,80.2128677368,30877,30887,10
12.9927597046,80.2130203247,30887,30897,10
12.992939949,80.2128601074,30897,30907,10
12.9929504395,80.2128295898,30907,30923,16
12.9930400848,80.2124404907,30923,30935,12
12.9932003021,80.211769104,30935,30944,9
12.9933700562,80.2110900879,30944,30956,12
12.9935703278,80.2102890015,30956,30966,10
12.9938802719,80.2100982666,30966,31006,40
12.9938802719,80.2100982666,31006,31016,10
12.9942598343,80.2101364136,31016,31026,10
12.9946699142,80.2101593018,31026,31036,10
12.995059967,80.2101974487,31036,31057,21
12.99559021,80.2102432251,31057,31070,13
12.9960098267,80.2102890015,31070,31080,10
12.9963903427,80.2103271484,31080,31090,10
12.9971199036,80.2104187012,31090,31110,20
12.9971199036,80.2104187012,31110,31120,10
12.9971904755,80.2104187012,31120,31130,10
12.9972801208,80.2104492188,31130,31140,10
12.9973802567,80.210319519,31140,31151,11
12.9975795746,80.2098770142,31151,31161,10
12.9977197647,80.2095108032,31161,31171,10
12.9978199005,80.2093887329,31171,31181,10
12.9981002808,80.2090911865,31181,31191,10
12.9981603622,80.2087173462,31191,31201,10
12.9982500076,80.208190918,31201,31211,10
12.9983701706,80.2074966431,31211,31252,41
12.9986000061,80.2074203491,31252,31272,20
12.9986000061,80.2074203491,31272,31282,10
12.9988002777,80.2074584961,31282,31292,10
12.99903965,80.2075119019,31292,31302,10
12.9992599487,80.2075424194,31302,31312,10
12.9994602203,80.2075881958,31312,31322,10
12.9996995926,80.2076263428,31322,31332,10
13.0002002716,80.2077331543,31332,31343,11
13.0007600784,80.2078933716,31343,31353,10
13.0013999939,80.2081985474,31353,31363,10
13.0022096634,80.2086334229,31363,31373,10
13.0030202866,80.2090606689,31373,31383,10
13.0035400391,80.2094192505,31383,31393,10
13.003569603,80.2098312378,31393,31403,10
13.0036201477,80.2101974487,31403,31413,10
13.0037202835,80.2108078003,31413,31423,10
13.0037698746,80.211479187,31423,31434,11
13.0040903091,80.2120437622,31434,31454,20
13.0040903091,80.2120437622,31454,31464,10
13.0044202805,80.2122192383,31464,31474,10
13.0048904419,80.2124633789,31474,31484,10
13.0055198669,80.2128219604,31484,31494,10
13.0061798096,80.2128067017,31494,31504,10
13.0068302155,80.2127304077,31504,31514,10
13.0074996948,80.2128067017,31514,31545,31
13.0078601837,80.2130203247,31545,31646,101
13.0078601837,80.2130203247,31646,31656,10
13.008190155,80.2132720947,31656,31666,10
13.0085897446,80.2134628296,31666,31676,10
13.008939743,80.2139587402,31676,31686,10
13.0093898773,80.2145462036,31686,31696,10
13.0096502304,80.2149429321,31696,31706,10
13.0099401474,80.2152709961,31706,31716,10
13.0102596283,80.2157592773,31716,31727,11
13.0107498169,80.2165985107,31727,31737,10
13.0110502243,80.2172775269,31737,31747,10
13.0113697052,80.2180633545,31747,31757,10
13.0116701126,80.2189331055,31757,31767,10
13.0119104385,80.2197494507,31767,31777,10
13.0122203827,80.2205734253,31777,31807,30
13.0122203827,80.2205734253,31807,31817,10
13.0122995377,80.2208862305,31817,31828,11
13.012430191,80.2212600708,31828,31838,10
13.0125598907,80.2214813232,31838,31848,10
13.0127601624,80.2217636108,31848,31858,10
13.0130996704,80.222038269,31858,31868,10
13.0132799149,80.2222595215,31868,31878,10
13.0136098862,80.2227478027,31878,31888,10
13.0139598846,80.2232131958,31888,31898,10
13.0142602921,80.2235794067,31898,31908,10
13.0144195557,80.2237625122,31908,31918,10
13.014840126,80.2243728638,31918,31929,11
13.0152301788,80.224822998,31929,31939,10
13.0155296326,80.2249984741,31939,31969,30
13.0155296326,80.2249984741,31969,31979,10
13.0158195496,80.2252731323,31979,31989,10
13.0163602829,80.2253494263,31989,31999,10
13.0170001984,80.2251586914,31999,32009,10
13.0175800323,80.2249221802,32009,32020,11
13.0184202194,80.2245788574,32020,32030,10
13.0191001892,80.224357605,32030,32040,10
13.0195798874,80.2244491577,32040,32050,10
13.0199699402,80.2246932983,32050,32060,10
13.0204401016,80.2250289917,32060,32070,10
13.0209503174,80.2254180908,32070,32080,10
13.0214595795,80.2257995605,32080,32090,10
13.0219898224,80.2261428833,32090,32191,101
13.0219898224,80.2261428833,32191,32201,10
13.0221204758,80.2262420654,32201,32211,10
13.0223798752,80.2264633179,32211,32222,11
13.0227603912,80.2268371582,32222,32232,10
13.023229599,80.2272796631,32232,32242,10
13.0236902237,80.2276992798,32242,32252,10
13.0240602493,80.2280197144,32252,32262,10
13.0241298676,80.2281036377,32262,32272,10
13.0242795944,80.228302002,32272,32282,10
13.024479866,80.2285614014,32282,32292,10
13.024600029,80.2287063599,32292,32302,10
13.0248403549,80.2291107178,32302,32313,11
13.0253000259,80.2296676636,32313,32323,10
13.025639534,80.2301635742,32323,32333,10
13.0257997513,80.2305221558,32333,32343,10
13.0259399414,80.2309036255,32343,32353,10
13.0259895325,80.2313079834,32353,32363,10
13.0264196396,80.231262207,32363,32373,10
13.0271596909,80.2310791016,32373,32383,10
13.027970314,80.2309188843,32383,32393,10
13.0285196304,80.2308578491,32393,32402,9
13.0285596848,80.2308578491,32402,32414,12
13.0286998749,80.2308502197,32414,32424,10
13.0293397903,80.230796814,32424,32444,20
13.0293397903,80.230796814,32444,32454,10
13.0295095444,80.2307815552,32454,32464,10
13.0300397873,80.2307281494,32464,32474,10
13.030579567,80.230682373,32474,32484,10
13.0310897827,80.2306518555,32484,32494,10
13.0318002701,80.2305908203,32494,32505,11
13.032699585,80.2304992676,32505,32514,9
13.0337696075,80.2304000854,32514,32545,31
13.0337696075,80.2304000854,32545,32555,10
13.0341396332,80.2303695679,32555,32565,10
13.0346403122,80.2302627563,32565,32606,41
13.0346403122,80.2302627563,32606,32616,10
13.0347995758,80.2302627563,32616,32626,10
13.0350198746,80.230178833,32626,32636,10
13.0350799561,80.2299575806,32636,32646,10
13.0348596573,80.2297973633,32646,32656,10
13.0343999863,80.2297668457,32656,32666,10
13.0342798233,80.229927063,32666,32696,30
13.0342798233,80.229927063,32696,32707,11
13.0343198776,80.230140686,32707,32868,161
13.0341501236,80.23046875,32868,32888,20
13.0341501236,80.23046875,32888,32899,11
13.0338497162,80.2304382324,32899,32909,10
13.0335597992,80.2304611206,32909,32919,10
13.0334396362,80.2304611206,32919,32929,10
13.0331697464,80.23046875,32929,32939,10
13.0327596664,80.230506897,32939,32949,10
13.0321903229,80.2305908203,32949,32959,10
13.0315904617,80.2306289673,32959,32969,10
13.0310297012,80.230682373,32969,32979,10
13.0305299759,80.2307281494,32979,32989,10
13.0300397873,80.230796814,32989,33000,11
13.029999733,80.230796814,33000,33010,10
13.0298900604,80.230796814,33010,33020,10
13.0298595428,80.230796814,33020,33030,10
13.0295600891,80.2308578491,33030,33040,10
13.0290899277,80.2309188843,33040,33050,10
13.028459549,80.231010437,33050,33060,10
13.0278596878,80.2310714722,33060,33070,10
13.0277299881,80.2313079834,33070,33080,10
13.027759552,80.2317276001,33080,33091,11
13.0278100967,80.2321395874,33091,33101,10
13.0278596878,80.2324829102,33101,33111,10
13.027759552,80.2328262329,33111,33252,141
13.027759552,80.2328262329,33252,33262,10
13.0274600983,80.2328414917,33262,33272,10
13.0273599625,80.2328720093,33272,33283,11
13.0270996094,80.2329177856,33283,33293,10
13.0268697739,80.2329483032,33293,33303,10
13.0264997482,80.2329330444,33303,33313,10
13.0262403488,80.2322998047,33313,33323,10
13.0260801315,80.2317123413,33323,33333,10
13.0259199142,80.2310028076,33333,33343,10
13.0255203247,80.2301635742,33343,33353,10
13.0252504349,80.2297668457,33353,33363,10
13.0250902176,80.2295608521,33363,33424,61
13.0250902176,80.2295608521,33424,33434,10
13.0248699188,80.2292480469,33434,33444,10
13.0246601105,80.2289962769,33444,33454,10
13.0244598389,80.2287597656,33454,33464,10
13.0243196487,80.2285690308,33464,33474,10
13.0240497589,80.2282028198,33474,33485,11
13.0234804153,80.2276535034,33485,33495,10
13.0231599808,80.2275085449,33495,33545,50
13.0231599808,80.2275085449,33545,33555,10
13.0228796005,80.2273330688,33555,33565,10
13.0225896835,80.2269287109,33565,33576,11
13.0222101212,80.2265625,33576,33586,10
13.0220499039,80.2264175415,33586,33596,10
13.0216999054,80.2261199951,33596,33606,10
13.021229744,80.2257385254,33606,33616,10
13.0206899643,80.2253570557,33616,33626,10
13.0203895569,80.2251815796,33626,33636,10
13.0201396942,80.2250213623,33636,33646,10
13.0200395584,80.2249526978,33646,33656,10
13.0196199417,80.2246780396,33656,33666,10
13.0187997818,80.224571228,33666,33677,11
13.0178203583,80.2249298096,33677,33687,10
13.0169897079,80.2252731323,33687,33697,10
13.0165100098,80.2254562378,33697,33706,9
13.016169548,80.2255630493,33706,33717,11
13.0156002045,80.2257614136,33717,33727,10
13.0149402618,80.2260437012,33727,33737,10
13.014380455,80.2262573242,33737,33757,20
13.014380455,80.2262573242,33757,33767,10
13.0140104294,80.2263870239,33767,33778,11
13.0133495331,80.2266235352,33778,33788,10
13.0125904083,80.2268981934,33788,33798,10
13.0117998123,80.2272033691,33798,33808,10
13.0109701157,80.2275390625,33808,33818,10
13.0101699829,80.2278518677,33818,33828,10
13.0095796585,80.2277984619,33828,33838,10
13.0097398758,80.227142334,33838,33848,10
13.0101003647,80.226348877,33848,33858,10
13.0104398727,80.2255783081,33858,33869,11
13.0107402802,80.224899292,33869,33879,10
13.0109996796,80.2242202759,33879,33889,10
13.0112600327,80.2236709595,33889,33899,10
13.0114002228,80.2231903076,33899,33909,10
13.011639595,80.2225418091,33909,33919,10
13.011879921,80.2217407227,33919,33929,10
13.0121002197,80.2212219238,33929,33939,10
13.012049675,80.2206497192,33939,33949,10
13.0118303299,80.2198867798,33949,33959,10
13.0117101669,80.2196121216,33959,33970,11
13.0116596222,80.2194366455,33970,33980,10
13.0114803314,80.2188491821,33980,33990,10
13.0111999512,80.2180786133,33990,34000,10
13.0109195709,80.2172698975,34000,34010,10
13.0105199814,80.2163772583,34010,34020,10
13.0100603104,80.2155990601,34020,34030,10
13.0097103119,80.2150115967,34030,34040,10
13.0093002319,80.2144622803,34040,34050,10
13.0088796616,80.2138900757,34050,34060,10
13.008480072,80.2134628296,34060,34111,51
13.0082101822,80.2133331299,34111,34141,30
13.0082101822,80.2133331299,34141,34151,10
13.0079803467,80.2132034302,34151,34192,41
13.0079803467,80.2132034302,34192,34202,10
13.0078201294,80.2130813599,34202,34212,10
13.007519722,80.2128677368,34212,34222,10
13.0071001053,80.2127609253,34222,34232,10
13.0066204071,80.2127609253,34232,34242,10
13.0060396194,80.2129898071,34242,34259,17
13.0049695969,80.2124786377,34259,34271,12
13.004119873,80.2121200562,34271,34281,10
13.0037698746,80.2119674683,34281,34291,10
13.0037202835,80.2117996216,34291,34300,9
13.0037202835,80.2117614746,34300,34310,10
13.0037097931,80.2114868164,34310,34321,11
13.0036401749,80.2107391357,34321,34330,9
13.0035600662,80.2102203369,34330,34341,11
13.0035400391,80.2097702026,34341,34351,10
13.003490448,80.2095336914,34351,34362,11
13.0034399033,80.2093200684,34362,34373,11
13.0030202866,80.2090835571,34373,34383,10
13.0023097992,80.2087097168,34383,34393,10
13.0016298294,80.2083206177,34393,34403,10
13.0010995865,80.2080612183,34403,34413,10
13.0007095337,80.207862854,34413,34423,10
13.0002803802,80.2077484131,34423,34433,10
12.9997196198,80.2076416016,34433,34443,10
12.9994001389,80.207572937,34443,34454,11
12.9991102219,80.2075195313,34454,34464,10
12.9987897873,80.2074508667,34464,34474,10
12.9984798431,80.2074203491,34474,34484,10
12.9984502792,80.2075119019,34484,34494,10
12.9984302521,80.207611084,34494,34504,10
12.9983701706,80.2080535889,34504,34514,10
12.9982700348,80.2087402344,34514,34524,10
12.9980697632,80.2091674805,34524,34534,10
12.9978399277,80.2095870972,34534,34544,10
12.9976596832,80.2099609375,34544,34555,11
12.9974803925,80.2102584839,34555,34565,10
12.9973297119,80.2104415894,34565,34575,10
12.9972896576,80.2104415894,34575,34585,10
12.9970598221,80.2104187012,34585,34595,10
12.9965896606,80.2103729248,34595,34605,10
12.9961204529,80.2103271484,34605,34615,10
12.9959096909,80.210319519,34615,34625,10
12.9954204559,80.2102584839,34625,34635,10
12.9949598312,80.2102279663,34635,34645,10
12.9946403503,80.2101898193,34645,34656,11
12.9939203262,80.2101516724,34656,34676,20
12.9939203262,80.2101516724,34676,34686,10
12.9936800003,80.2101669312,34686,34696,10
12.9935598373,80.2105178833,34696,34706,10
12.9934597015,80.2109680176,34706,34716,10
12.9932699203,80.2116088867,34716,34726,10
12.9932203293,80.2118835449,34726,34736,10
12.9931602478,80.2121582031,34736,34747,11
12.9930000305,80.2127838135,34747,34757,10
12.9928598404,80.2129516602,34757,34767,10
12.992389679,80.212852478,34767,34777,10
12.9917802811,80.2127075195,34777,34787,10
12.9915895462,80.212677002,34787,34797,10
12.9914197922,80.2126617432,34797,34807,10
12.9912595749,80.2131271362,34807,34817,10
12.9911403656,80.2135467529,34817,34827,10
12.9910001755,80.2140808105,34827,34837,10
12.9905996323,80.2146377563,34837,34848,11
12.9898300171,80.2147827148,34848,34858,10
12.989279747,80.2146682739,34858,34878,20
12.989279747,80.2146682739,34878,34888,10
12.9891996384,80.2147598267,34888,34898,10
12.9889202118,80.2151565552,34898,34908,10
12.9885597229,80.2157211304,34908,34918,10
12.9884500504,80.2158584595,34918,34928,10
12.9881496429,80.2163085938,34928,34938,10
12.9878501892,80.2171096802,34938,34949,11
12.9876003265,80.217956543,34949,34958,9
12.9875097275,80.2182769775,34958,34969,11
12.9872598648,80.2183303833,34969,34989,20
12.9872598648,80.2183303833,34989,34999,10
12.9870004654,80.2182617188,34999,35009,10
12.9864397049,80.2181091309,35009,35019,10
12.9856004715,80.2179412842,35019,35029,10
12.9848003387,80.2179336548,35029,35040,11
12.9841499329,80.2179718018,35040,35050,10
12.9840497971,80.2179718018,35050,35060,10
12.9840097427,80.2179718018,35060,35070,10
12.9836101532,80.2179718018,35070,35080,10
12.9828901291,80.2179718018,35080,35090,10
12.9821996689,80.217956543,35090,35100,10
12.9814500809,80.2180480957,35100,35110,10
12.9806404114,80.2183227539,35110,35120,10
12.980050087,80.2185516357,35120,35130,10
12.9797496796,80.2186889648,35130,35141,11
12.9793796539,80.2188262939,35141,35151,10
12.9788703918,80.219039917,35151,35161,10
12.9783096313,80.2192382813,35161,35171,10
12.9774799347,80.219581604,35171,35181,10
12.976559639,80.2199630737,35181,35191,10
12.9759101868,80.2202377319,35191,35262,71
12.9759101868,80.2202377319,35262,35272,10
12.9756402969,80.2202987671,35272,35282,10
12.9755401611,80.2205810547,35282,35292,10
12.9759397507,80.2210464478,35292,35756,464
12.9759397507,80.2210464478,35756,35766,10
12.9761295319,80.2214736938,35766,35776,10
12.9763898849,80.2218704224,35776,35786,10
12.9766998291,80.222366333,35786,35796,10
12.9770498276,80.2227706909,35796,35806,10
12.9774198532,80.2227020264,35806,35816,10
12.9775400162,80.2224502563,35816,35827,11
12.9774999619,80.2219085693,35827,35837,10
12.9774703979,80.2214202881,35837,35847,10
12.9773197174,80.2212600708,35847,35857,10
12.9767999649,80.2212905884,35857,35867,10
12.9764404297,80.221282959,35867,35876,9
12.9761600494,80.2213287354,35876,35928,52
12.9761600494,80.2213287354,35928,35938,10
12.9758996964,80.2212600708,35938,35948,10
12.9755897522,80.2209472656,35948,36039,91
12.9755897522,80.2209472656,36039,36049,10
12.9754400253,80.2207794189,36049,36059,10
12.9753398895,80.2206192017,36059,36069,10
12.9754695892,80.2204818726,36069,36079,10
12.9756402969,80.2203216553,36079,36089,10
12.975810051,80.2202072144,36089,36099,10
12.9762296677,80.2200012207,36099,36109,10
12.976940155,80.2196807861,36109,36120,11
12.9778404236,80.2193069458,36120,36130,10
12.9785003662,80.2190628052,36130,36140,10
12.9790096283,80.2188568115,36140,36150,10
12.9797096252,80.2185821533,36150,36160,10
12.9803104401,80.2183532715,36160,36170,10
12.9809598923,80.2181167603,36170,36186,16
12.982170105,80.2178268433,36186,36198,12
12.9827203751,80.2178268433,36198,36206,8
12.983300209,80.2178192139,36206,36217,11
12.9837903976,80.2178421021,36217,36229,12
12.9839401245,80.2178497314,36229,36239,10
12.9844102859,80.2178421021,36239,36249,10
12.9850597382,80.2178421021,36249,36259,10
12.9859895706,80.2179336548,36259,36268,9
12.986869812,80.2181167603,36268,36278,10
12.9873895645,80.2181930542,36278,36289,11
12.9875097275,80.2181167603,36289,36299,10
12.9876499176,80.2176437378,36299,36310,11
12.9878396988,80.2170562744,36310,36320,10
12.988120079,80.2163162231,36320,36330,10
12.9885196686,80.2157287598,36330,36340,10
12.9889202118,80.2151107788,36340,36350,10
12.9892196655,80.2146911621,36350,36360,10
12.98939991,80.2146682739,36360,36370,10
12.9897298813,80.2147674561,36370,36380,10
12.9903402328,80.2147979736,36380,36390,10
12.9908800125,80.2143096924,36390,36400,10
12.9910802841,80.2136688232,36400,36411,11
12.9912595749,80.2129516602,36411,36421,10
12.9916000366,80.212638855,36421,36451,30
12.9916000366,80.212638855,36451,36461,10
12.9918498993,80.2127075195,36461,36471,10
12.9924297333,80.2128829956,36471,36481,10
12.9928798676,80.2129821777,36481,36491,10
12.992939949,80.212852478,36491,36501,10
12.9929800034,80.2126693726,36501,36512,11
12.9930801392,80.2123031616,36512,36522,10
12.9932403564,80.2116775513,36522,36532,10
12.9933595657,80.2111587524,36532,36542,10
12.9934597015,80.2106704712,36542,36552,10
12.9935398102,80.210319519,36552,36562,10
12.9935703278,80.2101593018,36562,36572,10
12.9937200546,80.2100219727,36572,36582,10
12.9937896729,80.2100372314,36582,36592,10
12.994020462,80.2100906372,36592,36603,11
12.9944400787,80.2101364136,36603,36613,10
12.995010376,80.2101821899,36613,36623,10
12.9954996109,80.2102203369,36623,36633,10
12.9958696365,80.2102584839,36633,36649,16
12.9965295792,80.210319519,36649,36661,12
12.9971199036,80.2104187012,36661,36670,9
12.9971704483,80.2104187012,36670,36681,11
12.9972896576,80.2104492188,36681,36692,11
12.9973402023,80.2104187012,36692,36703,11
12.997469902,80.2101287842,36703,36713,10
12.997710228,80.2095870972,36713,36722,9
12.9981403351,80.2089614868,36722,36793,71
12.9981403351,80.2089614868,36793,36804,11
12.9982204437,80.2086029053,36804,36813,9
12.9982500076,80.2083435059,36813,36824,11
12.9983196259,80.207862854,36824,36834,10
12.9983997345,80.2073822021,36834,36844,10
12.9985399246,80.2073516846,36844,36864,20
12.9985399246,80.2073516846,36864,36874,10
12.9987897873,80.2074279785,36874,36884,10
12.9993495941,80.2075424194,36884,36894,10
12.999879837,80.2076568604,36894,36905,11
13.0004196167,80.2077484131,36905,36915,10
13.0011701584,80.2080688477,36915,36925,10
13.0020399094,80.2085113525,36925,36935,10
13.002869606,80.2089614868,36935,36944,9
13.0034599304,80.2092590332,36944,36955,11
13.0035200119,80.2097015381,36955,36965,10
13.0036401749,80.2101669312,36965,36975,10
13.0037002563,80.2106399536,36975,36985,10
13.0037603378,80.2111206055,36985,36996,11
13.003780365,80.2116394043,36996,37006,10
13.003780365,80.2116699219,37006,37016,10
13.004119873,80.212020874,37016,37036,20
13.004119873,80.212020874,37036,37046,10
13.0043296814,80.212097168,37046,37056,10
13.0047998428,80.2123413086,37056,37066,10
13.0054798126,80.2127609253,37066,37083,17
13.0067501068,80.212677002,37083,37094,11
13.0077199936,80.2128219604,37094,37125,31
13.0077199936,80.2128219604,37125,37135,10
13.0078496933,80.2129898071,37135,37185,50
13.0078496933,80.2129898071,37185,37196,11
13.0081596375,80.213218689,37196,37206,10
13.0086202621,80.2134780884,37206,37216,10
13.0090799332,80.2141036987,37216,37226,10
13.009519577,80.2147216797,37226,37236,10
13.0099201202,80.2152023315,37236,37246,10
13.0103702545,80.2157516479,37246,37256,10
13.0107402802,80.2164306641,37256,37266,10
13.0109796524,80.2170791626,37266,37276,10
13.0112895966,80.2178268433,37276,37287,11
13.0116100311,80.2186889648,37287,37297,10
13.0118999481,80.2195205688,37297,37307,10
13.012140274,80.2202529907,37307,37317,10
13.0122098923,80.2204208374,37317,37327,10
13.0122699738,80.2206268311,37327,37337,10
13.0124502182,80.2211532593,37337,37347,10
13.0126600266,80.2215576172,37347,37356,9
13.0129499435,80.2219085693,37356,37366,10
13.0133104324,80.222328186,37366,37377,11
13.0136995316,80.2228622437,37377,37388,11
13.0141000748,80.2233581543,37388,37398,10
13.0143995285,80.2237091064,37398,37408,10
13.014840126,80.2242279053,37408,37418,10
13.0152301788,80.2247314453,37418,37428,10
13.015540123,80.2249221802,37428,37448,20
13.015540123,80.2249221802,37448,37458,10
13.0157203674,80.2251281738,37458,37468,10
13.0161895752,80.2253417969,37468,37478,10
13.0169296265,80.2251586914,37478,37489,11
13.0177898407,80.2248001099,37489,37499,10
13.0183296204,80.2245788574,37499,37509,10
13.0187997818,80.2243728638,37509,37519,10
13.0192203522,80.2242584229,37519,37529,10
13.0195102692,80.2243423462,37529,37549,20
13.0195102692,80.2243423462,37549,37559,10
13.0197296143,80.2245025635,37559,37569,10
13.0200300217,80.2247161865,37569,37579,10
13.0203399658,80.2249221802,37579,37590,11
13.0205001831,80.2250518799,37590,37600,10
13.0208301544,80.2252807617,37600,37630,30
13.0208301544,80.2252807617,37630,37640,10
13.021109581,80.2255172729,37640,37650,10
13.0212802887,80.2256774902,37650,37660,10
13.0215301514,80.2258834839,37660,37670,10
13.0218000412,80.2260284424,37670,37711,41
13.0218000412,80.2260284424,37711,37727,16
13.0220298767,80.2261734009,37727,37739,12
13.0222797394,80.2263717651,37739,37747,8
13.0222902298,80.2263793945,37747,37758,11
13.0223398209,80.2264328003,37758,37769,11
13.0227499008,80.2267990112,37769,37821,52
13.0229196548,80.2270812988,37821,37892,71
13.0229196548,80.2270812988,37892,37902,10
13.0232400894,80.2273788452,37902,37912,10
13.0233697891,80.2274780273,37912,37922,10
13.0235395432,80.2276077271,37922,37932,10
13.023730278,80.2277374268,37932,37942,10
13.0238800049,80.2278823853,37942,37952,10
13.0240898132,80.2280578613,37952,38033,81
13.0240898132,80.2280578613,38033,38043,10
13.0242500305,80.2282180786,38043,38053,10
13.0244102478,80.2284393311,38053,38063,10
13.0245895386,80.2287216187,38063,38104,41
13.0245895386,80.2287216187,38104,38114,10
13.0247001648,80.2289428711,38114,38124,10
13.0247602463,80.2290496826,38124,38134,10
13.0248498917,80.2292098999,38134,38144,10
13.0251598358,80.2296066284,38144,38154,10
13.0257101059,80.2302780151,38154,38195,41
13.0257101059,80.2302780151,38195,38205,10
13.0257396698,80.2303237915,38205,38215,10
13.0258903503,80.2306518555,38215,38225,10
13.0259799957,80.2309265137,38225,38235,10
13.0261201859,80.231300354,38235,38245,10
13.0267496109,80.2311706543,38245,38255,10
13.0276002884,80.2309799194,38255,38266,11
13.0283403397,80.2308731079,38266,38276,10
13.0285997391,80.2308273315,38276,38286,10
13.028840065,80.2308120728,38286,38326,40
13.028840065,80.2308120728,38326,38336,10
13.0290498734,80.2308425903,38336,38346,10
13.029299736,80.2308197021,38346,38356,10
13.0297603607,80.2307662964,38356,38373,17
13.0305900574,80.2306976318,38373,38385,12
13.0310697556,80.2306594849,38385,38395,10
13.0318698883,80.2305908203,38395,38405,10
13.0328502655,80.2305221558,38405,38415,10
13.0337295532,80.23046875,38415,38455,40
13.0337295532,80.23046875,38455,38466,11
13.0339803696,80.230430603,38466,38476,10
13.034239769,80.2304077148,38476,38486,10
13.0348396301,80.2302093506,38486,38516,30
13.0348396301,80.2302093506,38516,38526,10
13.0349397659,80.2301025391,38526,38536,10
13.0350704193,80.2298583984,38536,38546,10
13.0344400406,80.2297515869,38546,38708,162
13.0341997147,80.2300186157,38708,38858,150
13.0341596603,80.2303924561,38858,38909,51
13.0341596603,80.2303924561,38909,38918,9
13.0340795517,80.2304611206,38918,38928,10
13.0340299606,80.2304534912,38928,38939,11
13.0335702896,80.2304611206,38939,38949,10
13.0330400467,80.2304992676,38949,38961,12
13.0322303772,80.2305831909,38961,38971,10
13.0315198898,80.2306289673,38971,38981,10
13.0308599472,80.2306900024,38981,38991,10
13.0305204391,80.23072052,38991,39000,9
13.0298204422,80.2308120728,39000,39021,21
13.0298204422,80.2308120728,39021,39031,10
13.0295200348,80.2308502197,39031,39041,10
13.0291004181,80.2308807373,39041,39052,11
13.0282802582,80.23097229,39052,39062,10
13.0277204514,80.2310409546,39062,39072,10
13.0276603699,80.231338501,39072,39082,10
13.0277204514,80.2317581177,39082,39092,10
13.0277795792,80.2322006226,39092,39102,10
13.0278196335,80.232749939,39102,39122,20
13.0278196335,80.232749939,39122,39132,10
13.0276699066,80.2328262329,39132,39142,10
13.0273103714,80.2329025269,39142,39153,11
13.0269498825,80.232963562,39153,39243,90
13.0268001556,80.2330703735,39243,39334,91
13.0268001556,80.2330703735,39334,39345,11
13.026720047,80.2330780029,39345,39355,10
13.0265903473,80.2330703735,39355,39365,10
13.02643013,80.2329864502,39365,39375,10
13.0262699127,80.2326583862,39375,39385,10
13.0261201859,80.232131958,39385,39395,10
13.0260295868,80.2316818237,39395,39405,10
13.0259103775,80.2312164307,39405,39415,10
13.0256099701,80.2303771973,39415,39425,10
13.0250101089,80.2294921875,39425,39435,10
13.0246400833,80.2290802002,39435,39446,11
13.0243797302,80.228767395,39446,39456,10
13.0242099762,80.2285690308,39456,39466,10
13.0238304138,80.2280807495,39466,39476,10
13.0232896805,80.2275924683,39476,39486,10
13.0230302811,80.2273864746,39486,39502,16
13.0230102539,80.2273712158,39502,39514,12
13.022649765,80.2269897461,39514,39522,8
13.0223903656,80.2266693115,39522,39534,12
13.0215597153,80.2259979248,39534,39545,11
13.0207004547,80.2253570557,39545,39555,10
13.0199604034,80.2248764038,39555,39565,10
13.0191602707,80.2245407104,39565,39575,10
13.0182800293,80.2247619629,39575,39585,10
13.0173902512,80.225112915,39585,39595,10
13.0167598724,80.2253494263,39595,39605,10
13.0163602829,80.2255096436,39605,39615,10
13.015999794,80.2256317139,39615,39625,10
13.0154304504,80.2258224487,39625,39635,10
13.014840126,80.2260818481,39635,39645,10
13.0143203735,80.2262802124,39645,39656,11
13.0142698288,80.2263031006,39656,39666,10
13.0139799118,80.2264022827,39666,39676,10
13.0133600235,80.2265930176,39676,39686,10
13.0125904083,80.2268829346,39686,39696,10
13.0117301941,80.2272186279,39696,39706,10
13.0106801987,80.2276306152,39706,39716,10
13.0096998215,80.2279205322,39716,39726,10
13.0095996857,80.2273178101,39726,39736,10
13.0099802017,80.2265014648,39736,39747,11
13.0103902817,80.2255477905,39747,39757,10
13.0104799271,80.2253036499,39757,39767,10
13.0105400085,80.225151062,39767,39777,10
13.0106897354,80.2249069214,39777,39787,10
13.0108604431,80.2245635986,39787,39797,10
13.0110902786,80.2239227295,39797,39807,10
13.011179924,80.2236480713,39807,39817,10
13.0112199783,80.2235107422,39817,39827,10
13.0112895966,80.2233810425,39827,39838,11
13.0114898682,80.22290802,39838,39848,10
13.0117301941,80.2223205566,39848,39857,9
13.0119695663,80.2216796875,39857,39868,11
13.0121202469,80.2211227417,39868,39878,10
13.0119400024,80.220451355,39878,39888,10
13.0117101669,80.2197570801,39888,39898,10
13.011300087,80.21849823,39898,39908,10
13.0109300613,80.2175598145,39908,39918,10
13.0105600357,80.2166595459,39918,39927,9
13.0101299286,80.2158966064,39927,39939,12
13.0098199844,80.2152099609,39939,39949,10
13.009469986,80.2147369385,39949,39959,10
13.0089998245,80.2141113281,39959,39969,10
13.0082302094,80.2133636475,39969,40019,50
13.0082302094,80.2133636475,40019,40029,10
13.0080699921,80.2133026123,40029,40060,31
13.0080699921,80.2133026123,40060,40070,10
13.0078001022,80.2130966187,40070,40080,10
13.0074701309,80.2128677368,40080,40090,10
13.0067996979,80.2127609253,40090,40100,10
13.0060300827,80.2129364014,40100,40110,10
13.0052204132,80.212677002,40110,40119,9
13.0045404434,80.212272644,40119,40130,11
13.003780365,80.2120132446,40130,40141,11
13.0036697388,80.2118301392,40141,40151,10
13.0036802292,80.2116775513,40151,40161,10
13.0036401749,80.2111434937,40161,40171,10
13.0035495758,80.210357666,40171,40181,10
13.003490448,80.2098236084,40181,40211,30
13.003490448,80.2098236084,40211,40221,10
13.0034198761,80.2096633911,40221,40232,11
13.0033597946,80.2092819214,40232,40242,10
13.002790451,80.2089920044,40242,40252,10
13.0019903183,80.2085418701,40252,40262,10
13.0011196136,80.2080917358,40262,40272,10
13.0003595352,80.2077789307,40272,40282,10
12.9999504089,80.2077484131,40282,40292,10
12.9994602203,80.2076416016,40292,40302,10
12.99903965,80.2075576782,40302,40312,10
12.9986400604,80.2074813843,40312,40322,10
12.9984397888,80.2075424194,40322,40333,11
12.9984197617,80.2076416016,40333,40343,10
12.998339653,80.2080307007,40343,40353,10
12.9982500076,80.2084579468,40353,40363,10
12.9981899261,80.2089691162,40363,40373,10
12.9979000092,80.2093887329,40373,40383,10
12.9975795746,80.2100372314,40383,40393,10
12.9972896576,80.2104797363,40393,40403,10
12.9971504211,80.2104721069,40403,40413,10
12.9967803955,80.2104187012,40413,40423,10
12.9962997437,80.2103881836,40423,40434,11
12.9957103729,80.2103118896,40434,40444,10
12.9953403473,80.2102737427,40444,40454,10
12.995300293,80.2102737427,40454,40464,10
12.9949998856,80.2102432251,40464,40474,10
12.9949903488,80.2102279663,40474,40484,10
12.9948501587,80.2101974487,40484,40494,10
12.9944896698,80.2101669312,40494,40504,10
12.9938001633,80.2101287842,40504,40524,20
12.9938001633,80.2101287842,40524,40535,11
12.9936103821,80.2102584839,40535,40545,10
12.9935398102,80.2106170654,40545,40555,10
12.9933996201,80.2111968994,40555,40565,10
12.9932098389,80.2119827271,40565,40575,10
12.9930496216,80.2124862671,40575,40585,10
12.9929599762,80.2129516602,40585,40595,10
12.9925804138,80.2129669189,40595,40605,10
12.9919099808,80.2127609253,40605,40615,10
12.9915504456,80.2126922607,40615,40626,11
12.991519928,80.2126922607,40626,40636,10
12.9914102554,80.2126617432,40636,40646,10
12.991230011,80.2130203247,40646,40656,10
12.9910802841,80.2136383057,40656,40666,10
12.9910097122,80.2139129639,40666,40676,10
12.9908704758,80.2143173218,40676,40686,10
12.9903202057,80.2148208618,40686,40696,10
12.9894895554,80.2147369385,40696,40706,10
12.9891796112,80.2147903442,40706,40716,10
12.9889802933,80.2150802612,40716,40727,11
12.9885597229,80.2157211304,40727,40737,10
12.9880895615,80.2164001465,40737,40747,10
12.9877796173,80.2172393799,40747,40757,10
12.9875402451,80.2179412842,40757,40767,10
12.9874296188,80.2182312012,40767,40777,10
12.9873199463,80.2183914185,40777,40787,10
12.9870004654,80.2183303833,40787,40797,10
12.9869604111,80.2183074951,40797,40807,10
12.9865598679,80.218170166,40807,40817,10
12.9857501984,80.2179794312,40817,40828,11
12.9846200943,80.217956543,40828,40837,9
12.9841003418,80.2179870605,40837,40848,11
12.9839897156,80.2179870605,40848,40858,10
12.9835100174,80.2180099487,40858,40868,10
12.9826402664,80.2180023193,40868,40878,10
12.9816102982,80.2180480957,40878,40888,10
12.9805498123,80.2183837891,40888,40898,10
12.9799203873,80.2186279297,40898,40908,10
12.9792604446,80.2189025879,40908,40919,11
12.9786701202,80.2191162109,40919,40929,10
12.9779901505,80.2193908691,40929,40939,10
12.9770402908,80.2197875977,40939,40949,10
12.9759998322,80.2202377319,40949,40959,10
12.9754800797,80.220741272,40959,41020,61
12.9754800797,80.220741272,41020,41030,10
12.975810051,80.2210388184,41030,41201,171
12.975810051,80.2210388184,41201,41211,10
12.9760704041,80.2214431763,41211,41222,11
12.9764204025,80.2219619751,41222,41232,10
12.9770202637,80.2227706909,41232,41252,20
12.9770202637,80.2227706909,41252,41262,10
12.9773197174,80.2227401733,41262,41272,10
12.9774999619,80.2226715088,41272,41282,10
12.9774999619,80.2222900391,41282,41292,10
12.9774904251,80.2219390869,41292,41302,10
12.9774799347,80.2214431763,41302,41323,21
12.9774799347,80.2214431763,41323,41333,10
12.9774303436,80.2212600708,41333,41343,10
12.976940155,80.221282959,41343,41353,10
12.9760503769,80.2213592529,41353,41394,41
12.9760503769,80.2213592529,41394,41404,10
12.9757900238,80.2211914063,41404,41415,11
12.9756002426,80.2210617065,41415,41425,10
12.9755001068,80.2209777832,41425,41435,10
12.9753599167,80.2208404541,41435,41444,9
12.9752998352,80.2207794189,41444,41455,11
12.9754104614,80.2206192017,41455,41465,10
12.9756202698,80.2204208374,41465,41475,10
12.9761800766,80.2201309204,41475,41485,10
12.9770298004,80.2197494507,41485,41495,10
12.9780702591,80.2192993164,41495,41505,10
12.978679657,80.2190475464,41505,41516,11
12.9794301987,80.2187576294,41516,41526,10
12.9799804688,80.2185134888,41526,41536,10
12.9804697037,80.2182998657,41536,41546,10
12.9812698364,80.2180404663,41546,41556,10
12.9821300507,80.217880249,41556,41566,10
12.9825897217,80.2178726196,41566,41576,10
12.9833202362,80.2178726196,41576,41586,10
12.9838199615,80.2178573608,41586,41596,10
12.9840602875,80.217880249,41596,41606,10
12.9846200943,80.217880249,41606,41617,11
12.9855804443,80.2179107666,41617,41627,10
12.9865503311,80.218132019,41627,41637,10
12.9873199463,80.21824646,41637,41647,10
12.9874601364,80.2182235718,41647,41657,10
12.9876098633,80.2176971436,41657,41667,10
12.9877700806,80.2172393799,41667,41677,10
12.9879102707,80.2167816162,41677,41687,10
12.9883003235,80.2160186768,41687,41697,10
12.988820076,80.2152709961,41697,41707,10
12.9891395569,80.2147903442,41707,41718,11
12.9893798828,80.2146835327,41718,41734,16
12.9903802872,80.2147521973,41734,41746,12
12.990940094,80.2141876221,41746,41754,8
12.9910802841,80.2136764526,41754,41765,11
12.9912900925,80.2128829956,41765,41778,13
12.9917001724,80.212677002,41778,41788,10
12.9917201996,80.2126922607,41788,41798,10
12.9918403625,80.2127304077,41798,41808,10
12.9923200607,80.2128219604,41808,41819,11
12.9928998947,80.2129592896,41819,41829,10
12.9929304123,80.2128601074,41829,41839,10
12.992939949,80.2128295898,41839,41849,10
12.9930696487,80.2124023438,41849,41872,23
12.9933996201,80.2111434937,41872,41884,12
12.9935102463,80.2107162476,41884,41894,10
12.9936704636,80.2101516724,41894,41945,51
12.9936704636,80.2101516724,41945,41956,11
12.9940500259,80.2101135254,41956,41966,10
12.994389534,80.2101364136,41966,41976,10
12.9949598312,80.2101821899,41976,41996,20
12.9949598312,80.2101821899,41996,42007,11
12.9953699112,80.2102203369,42007,42016,9
12.9956903458,80.2102432251,42016,42027,11
12.9962396622,80.2102890015,42027,42036,9
12.9966001511,80.2103424072,42036,42047,11
12.9971399307,80.2104034424,42047,42067,20
12.9971399307,80.2104034424,42067,42077,10
12.9973297119,80.2103500366,42077,42087,10
12.9975996017,80.2097702026,42087,42097,10
12.9978103638,80.2094116211,42097,42108,11
12.9981098175,80.2090301514,42108,42118,10
12.9981603622,80.2087631226,42118,42128,10
12.9982500076,80.2082138062,42128,42138,10
12.998339653,80.2078018188,42138,42148,10
12.9984197617,80.2074813843,42148,42168,20
12.9984197617,80.2074813843,42168,42178,10
12.9989004135,80.2074966431,42178,42188,10
12.9994802475,80.2076034546,42188,42198,10
13.0001296997,80.2077484131,42198,42209,11
13.0009498596,80.2079925537,42209,42219,10
13.0018196106,80.2084274292,42219,42229,10
13.0026903152,80.2088623047,42229,42239,10
13.0034599304,80.2092819214,42239,42249,10
13.0035200119,80.2096405029,42249,42259,10
13.0036096573,80.2100906372,42259,42269,10
13.0037298203,80.2108078003,42269,42279,10
13.003780365,80.2115020752,42279,42289,10
13.0040197372,80.2119903564,42289,42300,11
13.0046796799,80.212272644,42300,42310,10
13.0052900314,80.2126235962,42310,42320,10
13.0060501099,80.2128372192,42320,42330,10
13.0068101883,80.2126922607,42330,42340,10
13.0077495575,80.2129135132,42340,42360,20
13.0077495575,80.2129135132,42360,42369,9
13.0078897476,80.2130432129,42369,42411,42
13.0078897476,80.2130432129,42411,42421,10
13.0081100464,80.2132034302,42421,42431,10
13.008480072,80.2133331299,42431,42441,10
13.0089797974,80.2139587402,42441,42451,10
13.0094995499,80.2146835327,42451,42461,10
13.0099496841,80.2152786255,42461,42471,10
13.0105199814,80.2159805298,42471,42481,10
13.0107898712,80.2167205811,42481,42491,10
13.0109395981,80.2171096802,42491,42502,11
13.0112600327,80.2178573608,42502,42512,10
13.0116195679,80.2187805176,42512,42522,10
13.0119199753,80.2196884155,42522,42532,10
13.0121603012,80.2203369141,42532,42542,10
13.0122003555,80.220489502,42542,42552,10
13.0122203827,80.2207183838,42552,42562,10
13.0123701096,80.2210769653,42562,42592,30
13.0123701096,80.2210769653,42592,42603,11
13.0125398636,80.2213287354,42603,42613,10
13.0127296448,80.2216033936,42613,42623,10
13.0131797791,80.2222213745,42623,42633,10
13.0136003494,80.2227630615,42633,42643,10
13.0138702393,80.2231216431,42643,42653,10
13.0139598846,80.2232437134,42653,42663,10
13.0141401291,80.2234191895,42663,42673,10
13.0142498016,80.2235717773,42673,42683,10
13.0145196915,80.2238235474,42683,42693,10
13.0149297714,80.224357605,42693,42704,11
13.0154695511,80.2248764038,42704,42724,20
13.0154695511,80.2248764038,42724,42734,10
13.0157003403,80.2250976563,42734,42744,10
13.0162401199,80.2253112793,42744,42760,16
13.0175304413,80.2249221802,42760,42772,12
13.0185098648,80.2245178223,42772,42782,10
13.0191202164,80.2243270874,42782,42792,10
13.0195198059,80.2243881226,42792,42803,11
13.0198602676,80.2245864868,42803,42813,10
13.0201997757,80.2248535156,42813,42823,10
13.0205602646,80.225112915,42823,42833,10
13.0207996368,80.2253036499,42833,42843,10
13.021030426,80.2255020142,42843,42853,10
13.021490097,80.2258605957,42853,42863,10
13.0218400955,80.2261123657,42863,42873,10
13.0218801498,80.2261276245,42873,42883,10
13.0220298767,80.226272583,42883,42893,10
13.0225095749,80.2267074585,42893,42904,11
13.023059845,80.2272033691,42904,42914,10
13.0232601166,80.2273864746,42914,42924,10
13.0236797333,80.2277908325,42924,42934,10
13.0241003036,80.2282104492,42934,42944,10
13.0243997574,80.2285385132,42944,42954,10
13.0244503021,80.2285995483,42954,42964,10
13.0245800018,80.2287979126,42964,42974,10
13.0247297287,80.2290267944,42974,42984,10
13.0248403549,80.2291870117,42984,42995,11
13.0251998901,80.2296524048,42995,43005,10
13.0255203247,80.2300415039,43005,43015,10
13.0256996155,80.2303085327,43015,43025,10
13.0258598328,80.2306900024,43025,43055,30
13.0258598328,80.2306900024,43055,43065,10
13.0259504318,80.2309799194,43065,43116,51
13.0259504318,80.2309799194,43116,43126,10
13.0259895325,80.2313232422,43126,43142,16
13.0267696381,80.2312316895,43142,43154,12
13.027680397,80.231010437,43154,43164,10
13.0283203125,80.2309265137,43164,43174,10
13.0284404755,80.2309112549,43174,43184,10
13.028670311,80.2308883667,43184,43195,11
13.0293798447,80.2308120728,43195,43225,30
13.0293798447,80.2308120728,43225,43235,10
13.0295000076,80.2307662964,43235,43245,10
13.0298204422,80.230758667,43245,43254,9
13.0304098129,80.2307128906,43254,43265,11
13.0307397842,80.230682373,43265,43276,11
13.0311803818,80.2306594849,43276,43287,11
13.0318002701,80.2305984497,43287,43296,9
13.0324802399,80.2305374146,43296,43306,10
13.033200264,80.2304992676,43306,43317,11
13.0336399078,80.2304916382,43317,43327,10
13.0339097977,80.23046875,43327,43337,10
13.034330368,80.2304000854,43337,43377,40
13.034330368,80.2304000854,43377,43388,11
13.034529686,80.2304000854,43388,43398,10
13.0348701477,80.2302627563,43398,43408,10
13.0350799561,80.2300415039,43408,43418,10
13.0349597931,80.2298583984,43418,43428,10
13.0344600677,80.2298126221,43428,43539,111
13.0342197418,80.2299423218,43539,43761,222
13.0342197418,80.2299423218,43761,43771,10
13.0342102051,80.2303390503,43771,43782,11
13.0341997147,80.2303771973,43782,43792,10
13.0340299606,80.2304534912,43792,43802,10
13.0335597992,80.2304000854,43802,43812,10
13.0327796936,80.2304992676,43812,43822,10
13.0320701599,80.2306137085,43822,43832,10
13.0313301086,80.2306594849,43832,43842,10
13.0306997299,80.2307281494,43842,43852,10
13.0301198959,80.2308120728,43852,43861,9
13.0298099518,80.2308578491,43861,43873,12
13.029800415,80.2308502197,43873,43883,10
13.0295600891,80.2308578491,43883,43893,10
13.0291004181,80.2309417725,43893,43903,10
13.028429985,80.2310180664,43903,43913,10
13.0278100967,80.2310562134,43913,43922,9
13.027680397,80.2312927246,43922,43933,11
13.0277204514,80.2317810059,43933,43943,10
13.0277996063,80.2322998047,43943,43953,10
13.0278501511,80.2328109741,43953,43963,10
13.0273303986,80.2329406738,43963,44024,61
13.0269603729,80.2329483032,44024,44044,20
13.0269603729,80.2329483032,44044,44054,10
13.0266399384,80.2329406738,44054,44064,10
13.026309967,80.2324371338,44064,44075,11
13.0260400772,80.2315063477,44075,44085,10
13.0257301331,80.2305221558,44085,44095,10
13.0250597,80.2295379639,44095,44105,10
13.0246601105,80.2290878296,44105,44115,10
13.0246400833,80.2290725708,44115,44125,10
13.0244197845,80.2287979126,44125,44135,10
13.0239801407,80.2282485962,44135,44144,9
13.0235795975,80.2277984619,44144,44155,11
13.0230998993,80.2274475098,44155,44176,21
13.0230998993,80.2274475098,44176,44186,10
13.0228500366,80.2272567749,44186,44196,10
13.0225095749,80.2267990112,44196,44206,10
13.0219402313,80.2263336182,44206,44216,10
13.0213603973,80.2258911133,44216,44226,10
13.0207901001,80.225440979,44226,44236,10
13.020190239,80.2250366211,44236,44246,10
13.0194997787,80.2246170044,44246,44256,10
13.0187196732,80.2245788574,44256,44267,11
13.0177497864,80.2249832153,44267,44277,10
13.0168399811,80.2253189087,44277,44287,10
13.0164403915,80.225479126,44287,44297,10
13.015999794,80.2256088257,44297,44307,10
13.0153303146,80.2258605957,44307,44317,10
13.0146303177,80.2261428833,44317,44327,10
13.0140600204,80.2264099121,44327,44347,20
13.0140600204,80.2264099121,44347,44357,10
13.0137796402,80.2265014648,44357,44368,11
13.0130901337,80.2267532349,44368,44378,10
13.0122900009,80.2270584106,44378,44388,10
13.0112895966,80.2274169922,44388,44398,10
13.0103797913,80.2277679443,44398,44408,10
13.0098199844,80.2279434204,44408,44418,10
13.0095396042,80.2275085449,44418,44428,10
13.0098400116,80.2267990112,44428,44438,10
13.0101699829,80.2260513306,44438,44448,10
13.0104503632,80.2253723145,44448,44458,10
13.0107002258,80.2248306274,44458,44469,11
13.0109996796,80.2240829468,44469,44479,10
13.0112695694,80.2234191895,44479,44489,10
13.0115003586,80.2228775024,44489,44499,10
13.0117397308,80.2222366333,44499,44515,16
13.0122299194,80.2214126587,44515,44527,12
13.0122804642,80.2209701538,44527,44535,8
13.0121097565,80.220451355,44535,44546,11
13.011759758,80.2194976807,44546,44557,11
13.0114498138,80.2186813354,44557,44568,11
13.0111103058,80.2178115845,44568,44578,10
13.0107803345,80.2170181274,44578,44588,10
13.0105304718,80.2164535522,44588,44598,10
13.0101804733,80.2158508301,44598,44608,10
13.0099496841,80.21534729,44608,44618,10
13.0096797943,80.2149581909,44618,44628,10
13.0093202591,80.2144775391,44628,44638,10
13.0088195801,80.2138214111,44638,44648,10
13.0084104538,80.2134475708,44648,44699,51
13.0084104538,80.2134475708,44699,44709,10
13.0079498291,80.2132263184,44709,44729,20
13.0079498291,80.2132263184,44729,44739,10
13.007809639,80.2130813599,44739,44749,10
13.007399559,80.2128677368,44749,44759,10
13.0068101883,80.2127990723,44759,44770,11
13.006070137,80.2129974365,44770,44780,10
13.0053300858,80.2127304077,44780,44790,10
13.0047397614,80.2124023438,44790,44801,11
13.0040197372,80.2121429443,44801,44811,10
13.0034303665,80.2121200562,44811,44821,10
13.0030202866,80.2121200562,44821,44831,10
13.0023202896,80.2122421265,44831,44841,10
13.0017204285,80.212638855,44841,44851,10
13.0013303757,80.2129211426,44851,44862,11
13.0008001328,80.2133102417,44862,44872,10
13.0000600815,80.2139587402,44872,44882,10
12.9996099472,80.2143630981,44882,44892,10
12.999130249,80.2147674561,44892,44902,10
12.9988603592,80.2149963379,44902,44912,10
12.9983501434,80.2154388428,44912,44922,10
12.9978399277,80.2158432007,44922,44932,10
12.997420311,80.2162475586,44932,44942,10
12.9974002838,80.216293335,44942,44953,11
12.9972600937,80.2165222168,44953,44963,10
12.9967699051,80.2165603638,44963,44973,10
12.9962596893,80.2166595459,44973,44983,10
12.9957704544,80.216758728,44983,44993,10
12.9952096939,80.2170028687,44993,45023,30
12.9952096939,80.2170028687,45023,45033,10
12.994799614,80.2172622681,45033,45043,10
12.994389534,80.2175827026,45043,45054,11
12.9937601089,80.2180404663,45054,45064,10
12.9930801392,80.2185134888,45064,45074,10
12.9923801422,80.219039917,45074,45084,10
12.9917201996,80.2195129395,45084,45094,10
12.9912395477,80.2198562622,45094,45104,10
12.990940094,80.2201080322,45104,45114,10
12.9909200668,80.220123291,45114,45124,10
12.9906597137,80.2203063965,45124,45134,10
12.9901399612,80.220703125,45134,45144,10
12.9895496368,80.2212905884,45144,45155,11
12.9889802933,80.2220306396,45155,45165,10
12.9885597229,80.2224807739,45165,45175,10
12.9880304337,80.2229232788,45175,45185,10
12.9877004623,80.2230987549,45185,45195,10
12.9875202179,80.2230987549,45195,45205,10
12.9871101379,80.2230606079,45205,45215,10
12.9866600037,80.2229919434,45215,45225,10
12.9858198166,80.2230529785,45225,45235,10
12.9852399826,80.2232666016,45235,45245,10
12.9846000671,80.2229919434,45245,45255,10
12.984000206,80.2226409912,45255,45266,11
12.9833698273,80.2222824097,45266,45276,10
12.9833602905,80.2222366333,45276,45286,10
12.9831399918,80.2221374512,45286,45296,10
12.9828300476,80.2220001221,45296,45306,10
12.9825897217,80.2218933105,45306,45316,10
12.9822998047,80.221786499,45316,45326,10
12.981880188,80.2215194702,45326,45336,10
12.9811000824,80.2212295532,45336,45347,11
12.9801502228,80.2211685181,45347,45357,10
12.9792404175,80.2211990356,45357,45367,10
12.9785203934,80.2212295532,45367,45377,10
12.977809906,80.2212219238,45377,45387,10
12.9773397446,80.2212524414,45387,45397,10
12.9767398834,80.2212371826,45397,45407,10
12.9763298035,80.2212371826,45407,45417,10
12.9763002396,80.2215805054,45417,45427,10
12.9763803482,80.2217102051,45427,45437,10
12.9763698578,80.2217483521,45437,45448,11
12.9765701294,80.2221603394,45448,45458,10
12.9770202637,80.222869873,45458,45468,10
12.977519989,80.2237091064,45468,45478,10
12.9780397415,80.2245330811,45478,45488,10
12.978509903,80.2252807617,45488,45498,10
12.9786195755,80.2254486084,45498,45508,10
12.9787902832,80.2257080078,45508,45518,10
12.9791402817,80.2263183594,45518,45528,10
12.9795999527,80.2270889282,45528,45538,10
12.9800796509,80.2278823853,45538,45549,11
12.9805002213,80.2286224365,45549,45559,10
12.9806699753,80.2289581299,45559,45579,20
12.9806699753,80.2289581299,45579,45589,10
12.9809103012,80.2293395996,45589,45599,10
12.9812803268,80.229888916,45599,45609,10
12.9816799164,80.2304992676,45609,45619,10
12.9816999435,80.2305526733,45619,45629,10
12.9818096161,80.2307891846,45629,45639,10
12.982000351,80.2314071655,45639,45650,11
12.9820604324,80.2321395874,45650,45660,10
12.9820203781,80.232460022,45660,45670,10
12.9818201065,80.2330627441,45670,45680,10
12.9816198349,80.233543396,45680,45690,10
12.9815702438,80.2336196899,45690,45700,10
12.9813299179,80.2340927124,45700,45710,10
12.9812202454,80.2347412109,45710,45720,10
12.9812402725,80.2359695435,45720,45730,10
12.9812803268,80.2370223999,45730,45740,10
12.981300354,80.2376174927,45740,45751,11
12.981300354,80.2378997803,45751,45761,10
12.9813098907,80.2383880615,45761,45771,10
12.981300354,80.2386322021,45771,45781,10
12.981300354,80.2388381958,45781,45791,10
12.9813098907,80.2394104004,45791,45801,10
12.9813404083,80.2397613525,45801,45811,10
12.9813404083,80.2403030396,45811,45821,10
12.9813404083,80.2411804199,45821,45831,10
12.9813499451,80.2419586182,45831,45842,11
12.9813699722,80.2426681519,45842,45852,10
12.9813699722,80.2428512573,45852,45862,10
12.9813804626,80.2429580688,45862,45872,10
12.9813699722,80.2434768677,45872,45882,10
12.9812602997,80.2443771362,45882,45892,10
12.9811296463,80.2454833984,45892,45902,10
12.9809999466,80.2466812134,45902,45912,10
12.9808998108,80.2477416992,45912,45922,10
12.9808301926,80.2487564087,45922,45932,10
12.9806995392,80.2497406006,45932,45943,11
12.9804201126,80.2508926392,45943,45953,10
12.9801797867,80.2518234253,45953,45962,9
12.9801101685,80.2522201538,45962,45973,11
12.980099678,80.252243042,45973,45983,10
12.9801101685,80.2523193359,45983,45993,10
12.9801397324,80.2525024414,45993,46003,10
12.9804000854,80.2526321411,46003,46013,10
12.9808597565,80.2526092529,46013,46023,10
12.9816598892,80.2525863647,46023,46033,10
12.9825401306,80.2525482178,46033,46044,11
12.9832201004,80.2524795532,46044,46387,343
12.9832201004,80.2524795532,46387,46397,10
12.9834604263,80.2524185181,46397,46407,10
12.9836196899,80.2524032593,46407,46417,10
12.9839801788,80.252281189,46417,46427,10
12.9843597412,80.2521896362,46427,46438,11
12.9846496582,80.2521209717,46438,46559,121
12.9846496582,80.2521209717,46559,46569,10
12.985159874,80.2519989014,46569,46579,10
12.9857797623,80.2518310547,46579,46589,10
12.9862298965,80.251701355,46589,46599,10
12.9867696762,80.2515716553,46599,46609,10
12.9871797562,80.251449585,46609,46618,9
12.9875097275,80.2513580322,46618,46630,12
12.9879398346,80.2515869141,46630,46640,10
12.9879798889,80.2518234253,46640,46650,10
12.9879999161,80.2520523071,46650,46660,10
12.9879798889,80.252746582,46660,46670,10
12.9878797531,80.2537918091,46670,46680,10
12.9877901077,80.254699707,46680,46690,10
12.9877901077,80.2551116943,46690,46801,111
12.9877901077,80.2551116943,46801,46811,10
12.9876499176,80.2551727295,46811,46821,10
12.9876499176,80.2555770874,46821,46832,11
12.9876003265,80.256072998,46832,46842,10
12.9875602722,80.2565383911,46842,46852,10
12.9874696732,80.2571105957,46852,46862,10
12.9874401093,80.2575912476,46862,46872,10
12.9873304367,80.2584762573,46872,46902,30
12.9873304367,80.2584762573,46902,46912,10
12.9868803024,80.2585601807,46912,47074,162
12.9868803024,80.2585601807,47074,47084,10
12.9867401123,80.2588882446,47084,47094,10
12.9865598679,80.2589416504,47094,47357,263
12.9865703583,80.2587280273,47357,48155,798
12.9864797592,80.2587814331,48155,48660,505
12.9864196777,80.2587814331,48660,48802,142
12.9864397049,80.2587814331,48802,48973,171
12.9864196777,80.2587890625,48973,49832,859
12.986579895,80.2587432861,49832,50246,414
12.9865999222,80.2586975098,50246,50388,142
12.9865999222,80.2586975098,50388,50398,10
12.9867296219,80.2590103149,50398,50449,51
12.9867296219,80.2590103149,50449,50459,10
12.9871997833,80.2591094971,50459,50489,30
12.9871997833,80.2591094971,50489,50499,10
12.9873800278,80.2586898804,50499,50509,10
12.9873895645,80.2584915161,50509,50529,20
12.9873895645,80.2584915161,50529,50539,10
12.9873895645,80.2584228516,50539,50550,11
12.9874200821,80.2579421997,50550,50560,10
12.9874696732,80.2574615479,50560,50570,10
12.9874897003,80.256980896,50570,50580,10
12.9875297546,80.2567214966,50580,50590,10
12.987569809,80.2562484741,50590,50600,10
12.9876804352,80.2556762695,50600,50610,10
12.9877195358,80.2552185059,50610,50620,10
12.987739563,80.255027771,50620,50630,10
12.9877901077,80.2543487549,50630,50640,10
12.9878702164,80.2533035278,50640,50651,11
12.9879398346,80.2520675659,50651,50661,10
12.9877004623,80.2515869141,50661,50671,10
12.9874000549,80.2516403198,50671,50681,10
12.9872303009,80.2516403198,50681,50691,10
12.9870100021,80.2516784668,50691,50700,9
12.9866399765,80.2517929077,50700,50711,11
12.9863004684,80.2518615723,50711,50721,10
12.9854803085,80.2520217896,50721,50731,10
12.9843502045,80.2523422241,50731,50741,10
12.9830102921,80.2526397705,50741,50752,11
12.9814195633,80.2527008057,50752,50762,10
12.9801197052,80.2527236938,50762,50772,10
12.9798698425,80.2526931763,50772,50782,10
12.9798402786,80.2526397705,50782,50792,10
12.9798603058,80.2523574829,50792,50802,10
12.9799003601,80.2522277832,50802,50812,10
12.9799003601,80.2522201538,50812,50822,10
12.9799995422,80.2518615723,50822,50832,10
12.9802598953,80.2511825562,50832,50843,11
12.9805898666,80.25,50843,50853,10
12.9807500839,80.2487182617,50853,50863,10
12.9808597565,80.2473373413,50863,50873,10
12.981010437,80.2458267212,50873,50883,10
12.9811401367,80.2444076538,50883,50893,10
12.981180191,80.2438812256,50893,50903,10
12.9812602997,80.2436981201,50903,50913,10
12.9813404083,80.2434234619,50913,50923,10
12.9813404083,80.2430725098,50923,50933,10
12.9813604355,80.2429122925,50933,50944,11
12.9813699722,80.2428207397,50944,50954,10
12.9813699722,80.2423477173,50954,50964,10
12.9813604355,80.2415771484,50964,50974,10
12.9813499451,80.2408065796,50974,50984,10
12.9813299179,80.2400588989,50984,50994,10
12.9813203812,80.2396316528,50994,51004,10
12.981300354,80.2392272949,51004,51014,10
12.9812803268,80.2387619019,51014,51024,10
12.9812602997,80.2384109497,51024,51034,10
12.9812498093,80.238067627,51034,51045,11
12.9812498093,80.2379302979,51045,51055,10
12.9812402725,80.2375488281,51055,51065,10
12.9812202454,80.2368011475,51065,51075,10
12.9812002182,80.2358398438,51075,51091,16
12.9812002182,80.234413147,51091,51103,12
12.9814996719,80.2335968018,51103,51111,8
12.9815597534,80.2334823608,51111,51123,12
12.9815797806,80.2334365845,51123,51133,10
12.981710434,80.2332229614,51133,51144,11
12.9819097519,80.2327270508,51144,51154,10
12.9820203781,80.2322921753,51154,51163,9
12.9819898605,80.2319412231,51163,51174,11
12.9819602966,80.231628418,51174,51184,10
12.9819097519,80.2313079834,51184,51194,10
12.981760025,80.2308578491,51194,51204,10
12.9815597534,80.2304611206,51204,51214,10
12.9811096191,80.2297515869,51214,51224,10
12.9808597565,80.2293167114,51224,51234,10
12.9806499481,80.2290267944,51234,51245,11
12.9806003571,80.2289199829,51245,51255,10
12.9803495407,80.2284927368,51255,51265,10
12.980099678,80.2279815674,51265,51275,10
12.9796800613,80.2273178101,51275,51285,10
12.9792995453,80.2266769409,51285,51295,10
12.9789400101,80.2260818481,51295,51305,10
12.9785404205,80.225402832,51305,51315,10
12.978269577,80.2249832153,51315,51325,10
12.9778604507,80.2244033813,51325,51346,21
12.9778604507,80.2244033813,51346,51356,10
12.9777297974,80.2241821289,51356,51366,10
12.9774303436,80.2236785889,51366,51376,10
12.9770898819,80.2231369019,51376,51386,10
12.9769697189,80.2229614258,51386,51396,10
12.9768400192,80.2227020264,51396,51406,10
12.9764900208,80.2221221924,51406,51416,10
12.976099968,80.2215499878,51416,51426,10
12.9755401611,80.2208633423,51426,51507,81
12.9755401611,80.2208633423,51507,51517,10
12.9755296707,80.2208023071,51517,51527,10
12.9754295349,80.2205581665,51527,51538,11
12.9754495621,80.2204818726,51538,51548,10
12.9756402969,80.2203216553,51548,51558,10
12.9760904312,80.2200775146,51558,51568,10
12.9768400192,80.2197494507,51568,51578,10
12.9778499603,80.219329834,51578,51588,10
12.9785499573,80.2190475464,51588,51598,10
12.9791898727,80.2188262939,51598,51608,10
12.9799404144,80.2185287476,51608,51618,10
12.9806604385,80.21824646,51618,51628,10
12.9816503525,80.217918396,51628,51639,11
12.982629776,80.2178497314,51639,51649,10
12.9834604263,80.2178421021,51649,51659,10
12.983710289,80.2178192139,51659,51669,10
12.9840297699,80.2178421021,51669,51679,10
12.9846496582,80.2178268433,51679,51689,10
12.9855003357,80.2178421021,51689,51699,10
12.9864301682,80.2180328369,51699,51709,10
12.9872503281,80.2181930542,51709,51719,10
12.9873800278,80.218208313,51719,51729,10
12.9874801636,80.2181777954,51729,51740,11
12.9876203537,80.2177276611,51740,51756,16
12.9881095886,80.2163619995,51756,51768,12
12.9887199402,80.2154388428,51768,51778,10
12.9891500473,80.2147979736,51778,51788,10
12.9893798828,80.2146911621,51788,51798,10
12.9895601273,80.2147369385,51798,51808,10
12.9902095795,80.21484375,51808,51818,10
12.990819931,80.2143707275,51818,51828,10
12.9910097122,80.2138519287,51828,51839,11
12.9911003113,80.2135162354,51839,51849,10
12.9911804199,80.2131881714,51849,51859,10
12.9913702011,80.2126617432,51859,51869,10
12.9916000366,80.2126922607,51869,51879,10
12.9917402267,80.2127380371,51879,51889,10
12.9923000336,80.2129135132,51889,51899,10
12.9928598404,80.2130432129,51899,51909,10
12.9929895401,80.2126617432,51909,51919,10
12.9932003021,80.2118606567,51919,51930,11
12.9934997559,80.2106781006,51930,51940,10
12.9936304092,80.2101135254,51940,51950,10
12.9936800003,80.2100830078,51950,51960,10
12.9939804077,80.2101135254,51960,51970,10
12.9943704605,80.2101364136,51970,51980,10
12.9947004318,80.2101974487,51980,51990,10
12.9951496124,80.2102508545,51990,52000,10
12.9955997467,80.2102890015,52000,52010,10
12.9960603714,80.2103424072,52010,52020,10
12.9965000153,80.2104034424,52020,52031,11
12.9971599579,80.2104873657,52031,52041,10
12.9973497391,80.2103424072,52041,52051,10
12.9975595474,80.2098617554,52051,52061,10
12.997759819,80.2094497681,52061,52071,10
12.9981098175,80.2089767456,52071,52081,10
12.998169899,80.2085113525,52081,52091,10
12.998290062,80.207901001,52091,52101,10
12.9983797073,80.2074737549,52101,52111,10
12.9984798431,80.2073898315,52111,52122,11
12.9985904694,80.2074203491,52122,52132,10
12.9989299774,80.2074966431,52132,52142,10
12.9993801117,80.207572937,52142,52152,10
13.0000095367,80.2077178955,52152,52162,10
13.0006198883,80.2078399658,52162,52172,10
13.0010299683,80.2080307007,52172,52182,10
13.0017404556,80.208366394,52182,52192,10
13.0027198792,80.2088775635,52192,52201,9
13.0034599304,80.2092819214,52201,52211,10
13.0034999847,80.209602356,52211,52223,12
13.0035800934,80.2101821899,52223,52233,10
13.0037097931,80.2109603882,52233,52243,10
13.0037403107,80.2115020752,52243,52253,10
13.0040597916,80.2119903564,52253,52263,10
13.0042200089,80.2120666504,52263,52273,10
13.0047597885,80.2123413086,52273,52283,10
13.0054597855,80.2127990723,52283,52293,10
13.0062198639,80.2127838135,52293,52303,10
13.0071601868,80.2127685547,52303,52313,10
13.007809639,80.2130279541,52313,52324,11
13.0078296661,80.2130432129,52324,52334,10
13.0080900192,80.213218689,52334,52344,10
13.0087003708,80.2136077881,52344,52354,10
13.0093097687,80.2144393921,52354,52364,10
13.0097999573,80.2151031494,52364,52374,10
13.0101995468,80.2156829834,52374,52384,10
13.0107002258,80.2164611816,52384,52394,10
13.0109500885,80.2171783447,52394,52404,10
13.011300087,80.2180786133,52404,52414,10
13.0117797852,80.2193069458,52414,52425,11
13.012140274,80.2204818726,52425,52434,9
13.012169838,80.2205429077,52434,52445,11
13.0123500824,80.2209625244,52445,52455,10
13.0126199722,80.2215423584,52455,52465,10
13.0130796432,80.2220916748,52465,52475,10
13.0135202408,80.2227020264,52475,52485,10
13.013879776,80.2231521606,52485,52495,10
13.0140800476,80.2233886719,52495,52505,10
13.0143995285,80.223739624,52505,52516,11
13.0148696899,80.2243804932,52516,52525,9
13.0152397156,80.2247695923,52525,52536,11
13.0153503418,80.2248306274,52536,52546,10
13.0154600143,80.2249069214,52546,52556,10
13.0157604218,80.2251815796,52556,52566,10
13.0164804459,80.2253036499,52566,52576,10
13.0175104141,80.2249221802,52576,52586,10
13.0186300278,80.2244567871,52586,52596,10
13.0196800232,80.2245025635,52596,52617,21
13.0196800232,80.2245025635,52617,52627,10
13.0198898315,80.2246627808,52627,52637,10
13.0204000473,80.2250595093,52637,52647,10
13.0210599899,80.2255401611,52647,52657,10
13.0217504501,80.2260437012,52657,52667,10
13.0218801498,80.2261428833,52667,52677,10
13.02202034,80.2262496948,52677,52687,10
13.0225200653,80.2266998291,52687,52697,10
13.0232496262,80.2273635864,52697,52707,10
13.0241098404,80.2281799316,52707,52718,11
13.0248098373,80.2291030884,52718,52727,9
13.0253801346,80.229850769,52727,52738,11
13.0259199142,80.2306976318,52738,52768,30
13.0259199142,80.2306976318,52768,52778,10
13.0259399414,80.2308883667,52778,52788,10
13.0259895325,80.2311706543,52788,52798,10
13.0263004303,80.2312774658,52798,52808,10
13.0270500183,80.2310714722,52808,52819,11
13.0279903412,80.2309036255,52819,52829,10
13.0283203125,80.2308807373,52829,52839,10
13.0285596848,80.2308807373,52839,52849,10
13.0290002823,80.2308197021,52849,52889,40
13.0290002823,80.2308197021,52889,52899,10
13.0293998718,80.2308502197,52899,52910,11
13.0298404694,80.230796814,52910,52920,10
13.0303001404,80.2307434082,52920,52930,10
13.0303897858,80.23072052,52930,52940,10
13.0306797028,80.2306976318,52940,52950,10
13.0311498642,80.2306900024,52950,52960,10
13.0317802429,80.2306365967,52960,52970,10
13.0324497223,80.2305831909,52970,52980,10
13.0331001282,80.2305297852,52980,52990,10
13.033659935,80.2304992676,52990,53089,99
13.033659935,80.2304992676,53089,53099,10
13.0340099335,80.2304534912,53099,53109,10
13.0346403122,80.2303237915,53109,53170,61
13.0346403122,80.2303237915,53170,53180,10
13.0347700119,80.2302398682,53180,53190,10
13.0349502563,80.2301635742,53190,53201,11
13.0350503922,80.2298202515,53201,53211,10
13.0346803665,80.2297821045,53211,53221,10
13.0342702866,80.2298126221,53221,53312,91
13.0341596603,80.2301712036,53312,53362,50
13.0341596603,80.2301712036,53362,53372,10
13.0340995789,80.2304611206,53372,53382,10
13.0337896347,80.2304916382,53382,53392,10
13.0331096649,80.2305374146,53392,53403,11
13.0320901871,80.2306518555,53403,53413,10
13.0312204361,80.2307434082,53413,53423,10
13.0307703018,80.2307815552,53423,53433,10
13.0303697586,80.230796814,53433,53443,10
13.0298204422,80.2308502197,53443,53453,10
13.0297803879,80.2308578491,53453,53463,10
13.0294103622,80.2308807373,53463,53473,10
13.0288000107,80.2309494019,53473,53483,10
13.0279798508,80.2310180664,53483,53493,10
13.0276403427,80.2311172485,53493,53504,11
13.027680397,80.2316818237,53504,53514,10
13.0277500153,80.2321395874,53514,53524,10
13.0277996063,80.2327194214,53524,53534,10
13.027299881,80.2328796387,53534,53544,10
13.0269498825,80.2329788208,53544,53554,10
13.0266599655,80.2330169678,53554,53564,10
13.0263299942,80.2327804565,53564,53574,10
13.026140213,80.2322006226,53574,53584,10
13.0260801315,80.2318267822,53584,53595,11
13.0259504318,80.2312774658,53595,53605,10
13.0257396698,80.2305831909,53605,53615,10
13.0252199173,80.2297668457,53615,53625,10
13.0247898102,80.2292480469,53625,53635,10
13.0247297287,80.2291870117,53635,53645,10
13.0246400833,80.2290802002,53645,53655,10
13.0243902206,80.2287368774,53655,53665,10
13.024140358,80.2284011841,53665,53675,10
13.0237598419,80.2279281616,53675,53685,10
13.0231103897,80.2275009155,53685,53716,31
13.0231103897,80.2275009155,53716,53726,10
13.0229301453,80.2273788452,53726,53736,10
13.0229196548,80.2273712158,53736,53746,10
13.0226297379,80.2270889282,53746,53756,10
13.0224704742,80.2267913818,53756,53766,10
13.0219297409,80.22631073,53766,53776,10
13.0211801529,80.2257003784,53776,53786,10
13.0205001831,80.225189209,53786,53797,11
13.0199098587,80.2247695923,53797,53807,10
13.0190696716,80.2244567871,53807,53817,10
13.0182800293,80.2246932983,53817,53827,10
13.0173301697,80.2250976563,53827,53836,9
13.0166501999,80.2253799438,53836,53847,11
13.0162801743,80.2255096436,53847,53857,10
13.0156698227,80.225730896,53857,53867,10
13.0148801804,80.2260437012,53867,53876,9
13.0143003464,80.2262802124,53876,53887,11
13.0142202377,80.2263336182,53887,53898,11
13.0136804581,80.2265319824,53898,53908,10
13.0128803253,80.2268066406,53908,53918,10
13.0120201111,80.2271270752,53918,53928,10
13.0110702515,80.2275009155,53928,53938,10
13.0099802017,80.2279205322,53938,53948,10
13.009519577,80.2275314331,53948,53958,10
13.0098400116,80.226852417,53958,53968,10
13.0102300644,80.2259902954,53968,53978,10
13.0105695724,80.225189209,53978,53989,11
13.010840416,80.2246017456,53989,53999,10
13.0111703873,80.2238311768,53999,54009,10
13.0112800598,80.2232666016,54009,54019,10
13.0112895966,80.2232513428,54019,54029,10
13.0113697052,80.2230987549,54029,54039,10
13.011590004,80.2225418091,54039,54049,10
13.0119800568,80.2215805054,54049,54059,10
13.0120897293,80.2208862305,54059,54069,10
13.0118398666,80.2199630737,54069,54079,10
13.0114603043,80.2188415527,54079,54090,11
13.0109796524,80.2175521851,54090,54100,10
13.0104703903,80.2164230347,54100,54110,10
13.0100002289,80.2155685425,54110,54120,10
13.0095796585,80.2149200439,54120,54130,10
13.0091199875,80.2142868042,54130,54140,10
13.0085296631,80.2135620117,54140,54150,10
13.0082302094,80.2133636475,54150,54160,10
13.0080699921,80.2132797241,54160,54180,20
13.0080699921,80.2132797241,54180,54191,11
13.0079097748,80.2132034302,54191,54201,10
13.0077199936,80.2130126953,54201,54211,10
13.0073204041,80.2128372192,54211,54221,10
13.0068702698,80.2127685547,54221,54231,10
13.006070137,80.2129592896,54231,54241,10
13.005279541,80.2127075195,54241,54251,10
13.0044603348,80.2122497559,54251,54261,10
13.0038795471,80.212059021,54261,54278,17
13.0036497116,80.2114105225,54278,54290,12
13.0035600662,80.2106399536,54290,54300,10
13.003490448,80.2099990845,54300,54310,10
13.0034503937,80.2095718384,54310,54320,10
13.0033903122,80.2092895508,54320,54329,9
13.002869606,80.2090301514,54329,54339,10
13.0020503998,80.2085800171,54339,54350,11
13.0010099411,80.2080383301,54350,54360,10
13.0003004074,80.2077484131,54360,54370,10
12.999830246,80.2077026367,54370,54380,10
12.9993696213,80.2075881958,54380,54391,11
12.9989995956,80.2075195313,54391,54401,10
12.9985904694,80.2074203491,54401,54411,10
12.9983501434,80.2075119019,54411,54421,10
12.9983501434,80.2075576782,54421,54431,10
12.9982795715,80.2079620361,54431,54441,10
12.9981803894,80.2085189819,54441,54451,10
12.9981002808,80.2089996338,54451,54461,10
12.9977302551,80.2095184326,54461,54471,10
12.9974002838,80.2102737427,54471,54482,11
12.997179985,80.2104568481,54482,54492,10
12.9968004227,80.2104110718,54492,54502,10
12.996339798,80.2103805542,54502,54512,10
12.9955596924,80.2102890015,54512,54522,10
12.9948797226,80.2102279663,54522,54532,10
12.9942302704,80.2101593018,54532,54542,10
12.993639946,80.2102203369,54542,54572,30
12.993639946,80.2102203369,54572,54583,11
12.9935598373,80.2103729248,54583,54593,10
12.9934597015,80.2108383179,54593,54603,10
12.9932203293,80.2117233276,54603,54613,10
12.992939949,80.2127990723,54613,54623,10
12.9925403595,80.2129592896,54623,54633,10
12.9918203354,80.2127609253,54633,54649,16
12.9914798737,80.2126617432,54649,54661,12
12.9912395477,80.2128295898,54661,54668,7
12.9911203384,80.2133178711,54668,54682,14
12.9907598495,80.2144622803,54682,54692,10
12.990240097,80.2148590088,54692,54702,10
12.9898700714,80.21484375,54702,54712,10
12.989279747,80.2147064209,54712,54721,9
12.9892196655,80.2147293091,54721,54732,11
12.9888095856,80.2153015137,54732,54742,10
12.9882698059,80.2160568237,54742,54753,11
12.9879398346,80.2166900635,54753,54763,10
12.9877195358,80.217338562,54763,54774,11
12.9875602722,80.2177963257,54774,54784,10
12.9874401093,80.218208313,54784,54794,10
12.9872198105,80.2183685303,54794,54804,10
12.9869403839,80.2182998657,54804,54814,10
12.9865598679,80.2181777954,54814,54824,10
12.9858598709,80.2179794312,54824,54834,10
12.9848098755,80.2179412842,54834,54844,10
12.9840698242,80.2179794312,54844,54854,10
12.9840097427,80.2179794312,54854,54864,10
12.9837903976,80.2179718018,54864,54875,11
12.9829998016,80.217956543,54875,54885,10
12.9819297791,80.217956543,54885,54895,10
12.9807195663,80.2182617188,54895,54905,10
12.9799804688,80.2185287476,54905,54915,10
12.9792699814,80.2188110352,54915,54925,10
12.9787397385,80.2190628052,54925,54935,10
12.9780597687,80.2192764282,54935,54945,10
12.9770898819,80.2196731567,54945,54955,10
12.9760198593,80.2201309204,54955,54965,10
12.9755401611,80.2204666138,54965,54976,11
12.9755096436,80.2207717896,54976,54985,9
12.9757499695,80.2209320068,54985,55258,273
12.9757499695,80.2209320068,55258,55269,11
12.9759101868,80.2212371826,55269,55279,10
12.976269722,80.2218170166,55279,55289,10
12.9767904282,80.2226028442,55289,55299,10
12.9773597717,80.2226715088,55299,55309,10
12.9774703979,80.2221603394,55309,55319,10
12.9774198532,80.221496582,55319,55329,10
12.9773902893,80.2212295532,55329,55339,10
12.9769201279,80.2212295532,55339,55349,10
12.9764204025,80.2212371826,55349,55359,10
12.976099968,80.2212905884,55359,55370,11
12.9757204056,80.2211303711,55370,55380,10
12.9756002426,80.2210235596,55380,55390,10
12.9753103256,80.2207107544,55390,55450,60
12.9753103256,80.2207107544,55450,55461,11
12.975520134,80.2203903198,55461,55471,10
12.9760398865,80.2200393677,55471,55480,9
12.9767999649,80.2197113037,55480,55491,11
12.9778404236,80.2192764282,55491,55501,10
12.9785003662,80.2189865112,55501,55510,9
12.979060173,80.218788147,55510,55521,11
12.9798603058,80.2184829712,55521,55531,10
12.9805803299,80.2182235718,55531,55541,10
12.9814395905,80.2179107666,55541,55551,10
12.9822702408,80.2178115845,55551,55561,10
12.9831399918,80.2177963257,55561,55572,11
12.9836997986,80.2177886963,55572,55582,10
12.9840202332,80.2177886963,55582,55592,10
12.9847698212,80.2177886963,55592,55602,10
12.9858503342,80.217880249,55602,55612,10
12.9868602753,80.2181167603,55612,55622,10
12.9873199463,80.218170166,55622,55632,10
12.9874801636,80.2179870605,55632,55642,10
12.987739563,80.2172317505,55642,55652,10
12.9881496429,80.216178894,55652,55663,11
12.988820076,80.2152328491,55663,55673,10
12.98939991,80.2146835327,55673,55693,20
12.98939991,80.2146835327,55693,55703,10
12.9896402359,80.2147293091,55703,55713,10
12.9902696609,80.2147674561,55713,55723,10
12.9908599854,80.2142333984,55723,55733,10
12.9910898209,80.2135162354,55733,55743,10
12.9912700653,80.2127380371,55743,55754,11
12.9915103912,80.2126235962,55754,55774,20
12.9915103912,80.2126235962,55774,55784,10
12.9917001724,80.212677002,55784,55794,10
12.9923295975,80.2128601074,55794,55804,10
12.9928302765,80.2129669189,55804,55814,10
12.9929800034,80.212562561,55814,55824,10
12.9931402206,80.2120513916,55824,55834,10
12.9932203293,80.2117462158,55834,55844,10
12.9933004379,80.2113723755,55844,55855,11
12.9935102463,80.2106018066,55855,55865,10
12.9936199188,80.2101211548,55865,55875,10
12.9937496185,80.210067749,55875,55885,10
12.9938402176,80.2100830078,55885,55895,10
12.9939498901,80.2100830078,55895,55905,10
12.9941797256,80.2100906372,55905,55915,10
12.9945201874,80.2101135254,55915,55925,10
12.9949598312,80.2101593018,55925,55935,10
12.9954795837,80.2101974487,55935,55946,11
12.9960699081,80.2102813721,55946,55956,10
12.9970703125,80.2104110718,55956,55976,20
12.9970703125,80.2104110718,55976,55986,10
12.997300148,80.2102966309,55986,55996,10
12.9975595474,80.2097396851,55996,56006,10
12.9978599548,80.2092437744,56006,56016,10
12.9981603622,80.2085571289,56016,56047,31
12.9981603622,80.2085571289,56047,56057,10
12.9982004166,80.2083816528,56057,56067,10
12.9982795715,80.2080688477,56067,56077,10
12.9983501434,80.2077026367,56077,56087,10
12.9983701706,80.2076034546,56087,56097,10
12.9984302521,80.2073822021,56097,56107,10
12.9985198975,80.2073974609,56107,56117,10
12.9988803864,80.2074890137,56117,56127,10
12.9992198944,80.2075576782,56127,56137,10
12.9994602203,80.2076034546,56137,56148,11
13.0000400543,80.2077026367,56148,56158,10
13.0007600784,80.207901001,56158,56168,10
13.0017299652,80.2083816528,56168,56178,10
13.0028600693,80.2089920044,56178,56188,10
13.0034599304,80.2093582153,56188,56198,10
13.0034999847,80.2098007202,56198,56208,10
13.0036296844,80.2103729248,56208,56218,10
13.0037202835,80.2113037109,56218,56228,10
13.0039100647,80.2119598389,56228,56238,10
13.0045795441,80.2122497559,56238,56249,11
13.0052900314,80.2126464844,56249,56265,16
13.0062398911,80.2127304077,56265,56277,12
13.007060051,80.2127075195,56277,56285,8
13.0078201294,80.2130584717,56285,56307,22
13.0078201294,80.2130584717,56307,56317,10
13.0078897476,80.2130889893,56317,56327,10
13.0081796646,80.2132415771,56327,56337,10
13.0087099075,80.2136535645,56337,56348,11
13.0093603134,80.2145385742,56348,56358,10
13.009759903,80.215057373,56358,56368,10
13.0102500916,80.2156219482,56368,56377,9
13.0106801987,80.2164230347,56377,56388,11
13.0109996796,80.2172698975,56388,56398,10
13.0113801956,80.2182769775,56398,56408,10
13.0119495392,80.2199020386,56408,56418,10
13.0121803284,80.2205810547,56418,56428,10
13.0122203827,80.2206192017,56428,56439,11
13.0123996735,80.2211227417,56439,56449,10
13.0127601624,80.2217102051,56449,56459,10
13.013250351,80.2223205566,56459,56469,10
13.0137500763,80.2229537964,56469,56479,10
13.0140895844,80.2233886719,56479,56489,10
13.0142402649,80.2235488892,56489,56499,10
13.0145101547,80.2238922119,56499,56509,10
13.0153799057,80.2247924805,56509,56529,20
13.0153799057,80.2247924805,56529,56540,11
13.0154800415,80.224822998,56540,56550,10
13.0158195496,80.225151062,56550,56560,10
13.0166101456,80.2251815796,56560,56570,10
13.0176200867,80.2248001099,56570,56580,10
13.0187501907,80.2243728638,56580,56590,10
13.0195398331,80.2243728638,56590,56600,10
13.019659996,80.2244110107,56600,56610,10
13.0197200775,80.2244720459,56610,56620,10
13.0200796127,80.2247772217,56620,56630,10
13.02064991,80.2251968384,56630,56641,11
13.0213298798,80.2257003784,56641,56651,10
13.0219202042,80.2261123657,56651,56661,10
13.0219898224,80.2261734009,56661,56677,16
13.0222396851,80.2264175415,56677,56689,12
13.022359848,80.2265090942,56689,56699,10
13.0225801468,80.2266998291,56699,56709,10
13.0232400894,80.2272872925,56709,56719,10
13.0238399506,80.2277984619,56719,56729,10
13.0242795944,80.2283096313,56729,56739,10
13.0245599747,80.2286911011,56739,56750,11
13.0246200562,80.2287979126,56750,56761,11
13.0246295929,80.2288513184,56761,56773,12
13.0249996185,80.2293624878,56773,56783,10
13.0255203247,80.2300720215,56783,56793,10
13.0259599686,80.23097229,56793,56803,10
13.0260000229,80.2312011719,56803,56813,10
13.0260400772,80.2313232422,56813,56823,10
13.0262403488,80.2313079834,56823,56834,11
13.0269403458,80.2311401367,56834,56844,10
13.0277996063,80.23097229,56844,56854,10
13.0284700394,80.2308807373,56854,56864,10
13.0284900665,80.2308578491,56864,56874,10
13.0287799835,80.2308502197,56874,56884,10
13.0292701721,80.2308120728,56884,56910,26
13.0292701721,80.2308120728,56910,56922,12
13.0293798447,80.2307662964,56922,56930,8
13.0296602249,80.2307510376,56930,56943,13
13.0305404663,80.230682373,56943,56953,10
13.0313100815,80.2306213379,56953,56963,10
13.0321598053,80.2305526733,56963,56972,9
13.0331201553,80.2305297852,56972,57034,62
13.0331201553,80.2305297852,57034,57044,10
13.033370018,80.2304916382,57044,57054,10
13.0335597992,80.2304916382,57054,57064,10
13.0338096619,80.2304763794,57064,57074,10
13.0342197418,80.2304229736,57074,57084,10
13.0345697403,80.2303771973,57084,57094,10
13.0349798203,80.2300796509,57094,57124,30
13.0349798203,80.2300796509,57124,57135,11
13.0350198746,80.2299575806,57135,57145,10
13.035030365,80.2297973633,57145,57155,10
13.0347499847,80.2297897339,57155,57165,10
13.0342903137,80.2297363281,57165,57175,10
13.0342102051,80.2299880981,57175,57448,273
13.0342102051,80.2299880981,57448,57458,10
13.0342197418,80.2302398682,57458,57468,10
13.0341396332,80.230430603,57468,57478,10
13.0340595245,80.2304534912,57478,57488,10
13.0336999893,80.2304992676,57488,57498,10
13.0331401825,80.2305603027,57498,57508,10
13.0325098038,80.2306213379,57508,57519,11
13.0316095352,80.2306976318,57519,57529,10
13.0309000015,80.2307662964,57529,57539,10
13.0307798386,80.2307815552,57539,57549,10
13.0306901932,80.2307815552,57549,57559,10
13.029800415,80.2308731079,57559,57579,20
13.029800415,80.2308731079,57579,57589,10
13.0296201706,80.2308883667,57589,57599,10
13.0290403366,80.2309188843,57599,57609,10
13.0281801224,80.231010437,57609,57620,11
13.0276403427,80.2311401367,57620,57629,9
13.0276899338,80.2316207886,57629,57640,11
13.0278196335,80.2323379517,57640,57650,10
13.0277795792,80.2328262329,57650,57660,10
13.0272397995,80.2329177856,57660,57670,10
13.0270204544,80.2329483032,57670,57700,30
13.0270204544,80.2329483032,57700,57711,11
13.0269298553,80.2329406738,57711,57721,10
13.0266399384,80.233001709,57721,57731,10
13.0263004303,80.2326202393,57731,57741,10
13.02602005,80.2316589355,57741,57761,20
13.02602005,80.2316589355,57761,57771,10
13.0259799957,80.2315292358,57771,57781,10
13.0258197784,80.2309036255,57781,57791,10
13.0253400803,80.2300186157,57791,57801,10
13.0247802734,80.2292633057,57801,57812,11
13.0243997574,80.2287826538,57812,57822,10
13.0239896774,80.2282104492,57822,57832,10
13.0234098434,80.2276306152,57832,57842,10
13.0230302811,80.2274398804,57842,57862,20
13.0230302811,80.2274398804,57862,57872,10
13.0229301453,80.2273788452,57872,57882,10
13.0226297379,80.2270889282,57882,57892,10
13.022480011,80.2267913818,57892,57902,10
13.0219402313,80.2263412476,57902,57913,11
13.0213298798,80.2258605957,57913,57923,10
13.0208597183,80.2254867554,57923,57933,10
13.0203504562,80.2251586914,57933,57943,10
13.0196504593,80.2246932983,57943,57953,10
13.0187196732,80.2245483398,57953,57963,10
13.017780304,80.2249298096,57963,57973,10
13.0169401169,80.2253036499,57973,57983,10
13.0165100098,80.225479126,57983,57993,10
13.0162401199,80.2255935669,57993,58003,10
13.0157203674,80.2257614136,58003,58014,11
13.0149202347,80.2260818481,58014,58024,10
13.0143604279,80.2263031006,58024,58044,20
13.0143604279,80.2263031006,58044,58054,10
13.0143098831,80.22631073,58054,58064,10
13.013879776,80.2264633179,58064,58074,10
13.0131196976,80.2267379761,58074,58084,10
13.0121002197,80.2271575928,58084,58094,10
13.0108995438,80.2276382446,58094,58105,11
13.0097703934,80.2279968262,58105,58115,10
13.0095796585,80.2275009155,58115,58125,10
13.0098695755,80.2268600464,58125,58135,10
13.0102100372,80.2260665894,58135,58145,10
13.0106296539,80.2250976563,58145,58155,10
13.0109596252,80.224319458,58155,58165,10
13.0110397339,80.2241287231,58165,58175,10
13.0112400055,80.2236022949,58175,58185,10
13.0115299225,80.2228164673,58185,58195,10
13.0118198395,80.2219924927,58195,58206,11
13.0120000839,80.2215194702,58206,58216,10
13.012140274,80.2212219238,58216,58226,10
13.0120296478,80.2206802368,58226,58236,10
13.0117502213,80.2198181152,58236,58246,10
13.0114002228,80.2188034058,58246,58256,10
13.0110797882,80.2179031372,58256,58266,10
13.0107402802,80.2171173096,58266,58275,9
13.0104999542,80.2165527344,58275,58286,11
13.0100898743,80.2157897949,58286,58296,10
13.0097198486,80.2150726318,58296,58307,11
13.0091695786,80.2143707275,58307,58317,10
13.0084695816,80.213508606,58317,58357,40
13.0082998276,80.213432312,58357,58377,20
13.0082197189,80.2133789063,58377,58398,21
13.0082197189,80.2133789063,58398,58408,10
13.0079898834,80.2132797241,58408,58418,10
13.0078697205,80.2132034302,58418,58428,10
13.0077600479,80.2130737305,58428,58438,10
13.0075502396,80.2129211426,58438,58448,10
13.0072402954,80.2128295898,58448,58458,10
13.0065803528,80.2127685547,58458,58468,10
13.0058298111,80.2130203247,58468,58478,10
13.0050401688,80.2125778198,58478,58488,10
13.0040903091,80.2121582031,58488,58509,21
13.0040903091,80.2121582031,58509,58519,10
13.0038003922,80.2120895386,58519,58529,10
13.0036697388,80.2120437622,58529,58539,10
13.003660202,80.2117233276,58539,58549,10
13.0036096573,80.2110290527,58549,58559,10
13.0035200119,80.210319519,58559,58569,10
13.0034999847,80.2096710205,58569,58579,10
13.0031995773,80.2092437744,58579,58589,10
13.0024700165,80.2088470459,58589,58600,11
13.001449585,80.2082824707,58600,58610,10
13.0007600784,80.2079620361,58610,58620,10
13.0002803802,80.2078094482,58620,58630,10
12.9996595383,80.2077026367,58630,58640,10
12.9991397858,80.2075881958,58640,58650,10
12.9987602234,80.2074890137,58650,58660,10
12.9985399246,80.2074584961,58660,58670,10
12.9984397888,80.2074279785,58670,58680,10
12.9983797073,80.2075271606,58680,58691,11
12.9983797073,80.2076187134,58691,58701,10
12.9983301163,80.2078704834,58701,58711,10
12.9982204437,80.2085189819,58711,58721,10
12.9981498718,80.2090606689,58721,58731,10
12.9978504181,80.2094192505,58731,58741,10
12.997590065,80.2099761963,58741,58751,10
12.9972801208,80.2104873657,58751,58761,10
12.9971504211,80.2104492188,58761,58771,10
12.9967803955,80.2103805542,58771,58781,10
12.9963903427,80.2103729248,58781,58792,11
12.9956903458,80.2102966309,58792,58802,10
12.9952802658,80.2102584839,58802,58812,10
12.9950304031,80.2102508545,58812,58822,10
12.9945697784,80.2101974487,58822,58832,10
12.9941701889,80.2101669312,58832,58842,10
12.9936704636,80.2101287842,58842,58852,10
12.9936199188,80.2102584839,58852,58862,10
12.9935903549,80.2103500366,58862,58872,10
12.9934997559,80.2107315063,58872,58882,10
12.9933099747,80.211479187,58882,58893,11
12.9930295944,80.2125167847,58893,58903,10
12.9927797318,80.2130432129,58903,58913,10
12.9921398163,80.2128601074,58913,58923,10
12.9915704727,80.2127075195,58923,58933,10
12.9915599823,80.2127075195,58933,58943,10
12.991350174,80.2126998901,58943,58953,10
12.9911804199,80.2133026123,58953,58963,10
12.9910497665,80.2138214111,58963,58973,10
12.9907197952,80.2145385742,58973,58984,11
12.9897499084,80.2148208618,58984,58994,10
12.9891796112,80.2147827148,58994,59004,10
12.9888095856,80.2153320313,59004,59014,10
12.9883203506,80.2160415649,59014,59024,10
12.987859726,80.2170028687,59024,59034,10
12.9875602722,80.217880249,59034,59044,10
12.9874696732,80.2181777954,59044,59054,10
12.9874401093,80.2182693481,59054,59064,10
12.9872303009,80.2183609009,59064,59074,10
12.9865398407,80.2181777954,59074,59085,11
12.9853401184,80.217956543,59085,59095,10
12.9842300415,80.2180023193,59095,59105,10
12.9840202332,80.2180099487,59105,59115,10
12.9839401245,80.2180023193,59115,59125,10
12.9833898544,80.2179794312,59125,59135,10
12.9825296402,80.2180023193,59135,59145,10
12.9820404053,80.2179718018,59145,59155,10
12.9813203812,80.2180786133,59155,59165,10
12.9803695679,80.2183990479,59165,59175,10
12.979590416,80.2187194824,59175,59186,11
12.9788398743,80.2190170288,59186,59195,9
12.9783496857,80.2192230225,59195,59206,11
12.9774999619,80.2195587158,59206,59216,10
12.9765100479,80.2199783325,59216,59226,10
12.9758796692,80.2202911377,59226,59236,10
12.9755897522,80.2208404541,59236,60632,1396
12.9757699966,80.2210693359,60632,60663,31
12.9757699966,80.2210693359,60663,60673,10
12.9759397507,80.2212600708,60673,60683,10
12.9761400223,80.221572876,60683,60693,10
12.9765195847,80.2221374512,60693,60703,10
12.9769296646,80.2227478027,60703,60713,10
12.9773597717,80.2227706909,60713,60723,10
12.9775295258,80.2225036621,60723,60733,10
12.9774799347,80.2218780518,60733,60743,10
12.9774398804,80.2213363647,60743,60754,11
12.9769697189,80.2212982178,60754,60764,10
12.976269722,80.2212905884,60764,60804,40
12.976269722,80.2212905884,60804,60814,10
12.9759902954,80.2212982178,60814,60824,10
12.9758300781,80.2211914063,60824,60834,10
12.9754495621,80.2208328247,60834,60946,112
12.9754495621,80.2208328247,60946,60962,16
12.9754600525,80.2204208374,60962,60974,12
12.9759702682,80.2201309204,60974,60984,10
12.9765501022,80.219871521,60984,60993,9
12.9774799347,80.2194671631,60993,61004,11
12.9783201218,80.2191467285,61004,61014,10
12.9788198471,80.2189483643,61014,61024,10
12.9794101715,80.2187423706,61024,61034,10
12.9798297882,80.2185974121,61034,61045,11
12.9805202484,80.2183074951,61045,61055,10
12.9814596176,80.2179794312,61055,61064,9
12.9822902679,80.217880249,61064,61074,10
12.9827299118,80.217880249,61074,61085,11
12.9835300446,80.2178878784,61085,61095,10
12.9839296341,80.2178497314,61095,61105,10
12.9840297699,80.2178573608,61105,61115,10
12.9845504761,80.2178573608,61115,61125,10
12.985449791,80.2178573608,61125,61135,10
12.9865398407,80.2181015015,61135,61146,11
12.9874000549,80.2182388306,61146,61166,20
12.9874000549,80.2182388306,61166,61176,10
12.9874401093,80.2182312012,61176,61186,10
12.9875802994,80.2178192139,61186,61196,10
12.987830162,80.2170410156,61196,61206,10
12.9881696701,80.2162399292,61206,61216,10
12.9886903763,80.2154998779,61216,61226,10
12.9893798828,80.2146835327,61226,61247,21
12.9893798828,80.2146835327,61247,61257,10
12.9897203445,80.2147827148,61257,61267,10
12.9904003143,80.2147903442,61267,61277,10
12.9909696579,80.2140808105,61277,61287,10
12.9911003113,80.2135467529,61287,61297,10
12.9913196564,80.2127838135,61297,61307,10
12.9914999008,80.2126464844,61307,61317,10
12.9915504456,80.2126617432,61317,61327,10
12.9917201996,80.2127304077,61327,61338,11
12.9924001694,80.2129364014,61338,61348,10
12.9929304123,80.2129669189,61348,61358,10
12.9930400848,80.2125015259,61358,61368,10
12.993229866,80.2117004395,61368,61378,10
12.9934196472,80.2109375,61378,61388,10
12.9935703278,80.2104568481,61388,61398,10
12.9938001633,80.2101364136,61398,61418,20
12.9938001633,80.2101364136,61418,61428,10
12.9939804077,80.2101821899,61428,61439,11
12.994509697,80.2102203369,61439,61449,10
12.9950399399,80.2102813721,61449,61459,10
12.9956598282,80.210319519,61459,61469,10
12.9963102341,80.2103805542,61469,61479,10
12.9969997406,80.2104568481,61479,61489,10
12.9971599579,80.2104873657,61489,61499,10
12.9973402023,80.2105102539,61499,61509,10
12.9975004196,80.2100830078,61509,61519,10
12.9978103638,80.2094192505,61519,61529,10
12.998169899,80.2088775635,61529,61546,17
12.9983701706,80.2075881958,61546,61558,12
12.9985599518,80.2074584961,61558,61568,10
12.9985704422,80.2074584961,61568,61578,10
12.9986400604,80.2074813843,61578,61588,10
12.9989204407,80.2075424194,61588,61598,10
12.9991998672,80.2075881958,61598,61608,10
12.9996900558,80.2076873779,61608,61618,10
13.0000896454,80.2077865601,61618,61629,11
13.0001897812,80.2077789307,61629,61639,10
13.0003004074,80.2078018188,61639,61649,10
13.0007400513,80.2079391479,61649,61659,10
13.0014801025,80.2083129883,61659,61669,10
13.0023097992,80.2087402344,61669,61679,10
13.0032300949,80.2092208862,61679,61689,10
13.0035200119,80.2095108032,61689,61699,10
13.0035495758,80.2098388672,61699,61709,10
13.0036296844,80.210357666,61709,61719,10
13.0037298203,80.2110671997,61719,61730,11
13.0040798187,80.2120437622,61730,61760,30
13.0040798187,80.2120437622,61760,61770,10
13.0044002533,80.2122192383,61770,61780,10
13.0048999786,80.2124710083,61780,61790,10
13.0056295395,80.2128829956,61790,61800,10
13.0064096451,80.2127838135,61800,61810,10
13.0071802139,80.2127914429,61810,61820,10
13.0078697205,80.2130813599,61820,61841,21
13.0078697205,80.2130813599,61841,61851,10
13.0079298019,80.2131271362,61851,61861,10
13.0082702637,80.2133178711,61861,61871,10
13.0087299347,80.2136764526,61871,61881,10
13.0092802048,80.2144088745,61881,61891,10
13.0096502304,80.2149887085,61891,61901,10
13.0099897385,80.2154083252,61901,61911,10
13.0105600357,80.2160491943,61911,61922,11
13.0108995438,80.217010498,61922,61932,10
13.0113697052,80.2181777954,61932,61942,10
13.0118398666,80.2195587158,61942,61952,10
13.0122995377,80.2209014893,61952,61962,10
13.0126399994,80.2215423584,61962,61972,10
13.0130796432,80.222076416,61972,61982,10
13.0135498047,80.2226715088,61982,61992,10
13.0139102936,80.2231521606,61992,62002,10
13.0141401291,80.2234268188,62002,62012,10
13.0143699646,80.2236862183,62012,62023,11
13.014840126,80.2242279053,62023,62033,10
13.0153398514,80.2248382568,62033,62043,10
13.0153903961,80.224861145,62043,62053,10
13.0155296326,80.2249832153,62053,62063,10
13.015879631,80.2252731323,62063,62073,10
13.0164899826,80.2253112793,62073,62083,10
13.0173597336,80.2250137329,62083,62093,10
13.0183200836,80.2246627808,62093,62103,10
13.0192499161,80.2244110107,62103,62113,10
13.0197296143,80.2245178223,62113,62124,11
13.0202198029,80.2248687744,62124,62134,10
13.0207195282,80.2252426147,62134,62144,10
13.0212097168,80.2256317139,62144,62154,10
13.0217399597,80.2259979248,62154,62164,10
13.0218400955,80.2260818481,62164,62174,10
13.0219402313,80.2261734009,62174,62184,10
13.0223703384,80.2265167236,62184,62194,10
13.0230302811,80.2270889282,62194,62204,10
13.0235900879,80.2276077271,62204,62215,11
13.0241298676,80.2281112671,62215,62225,10
13.0244503021,80.2285232544,62225,62235,10
13.0246496201,80.2288131714,62235,62245,10
13.0248603821,80.2291488647,62245,62255,10
13.025270462,80.229637146,62255,62265,10
13.0256500244,80.2302017212,62265,62275,10
13.0257797241,80.2304611206,62275,62285,10
13.0258398056,80.2305603027,62285,62295,10
13.0258998871,80.2306900024,62295,62305,10
13.0259599686,80.2309036255,62305,62316,11
13.02602005,80.2312316895,62316,62326,10
13.0263004303,80.2313308716,62326,62336,10
13.0269804001,80.2311477661,62336,62346,10
13.0278501511,80.23097229,62346,62356,10
13.028429985,80.2308807373,62356,62366,10
13.0285396576,80.2308807373,62366,62376,10
13.0290498734,80.2308425903,62376,62396,20
13.0290498734,80.2308425903,62396,62406,10
13.0292701721,80.2308273315,62406,62417,11
13.0297298431,80.2307662964,62417,62427,10
13.0301103592,80.2307281494,62427,62487,60
13.0301103592,80.2307281494,62487,62497,10
13.0305099487,80.2307434082,62497,62508,11
13.0309696198,80.2306976318,62508,62518,10
13.0314302444,80.2306594849,62518,62528,10
13.0319700241,80.2306213379,62528,62538,10
13.0329198837,80.2305526733,62538,62588,50
13.0329198837,80.2305526733,62588,62598,10
13.033200264,80.2305374146,62598,62609,11
13.0335597992,80.2304763794,62609,62629,20
13.0338602066,80.230430603,62629,62651,22
13.0348396301,80.2302322388,62651,62718,67
13.0348396301,80.2302322388,62718,62728,10
13.0349597931,80.2301864624,62728,62738,10
13.0350904465,80.2300415039,62738,62748,10
13.0350198746,80.2298278809,62748,62758,10
13.0346603394,80.2298126221,62758,62779,21
13.0346603394,80.2298126221,62779,62790,11
13.0344104767,80.2297821045,62790,62982,192
13.0344104767,80.2297821045,62982,62992,10
13.0342302322,80.2302932739,62992,63114,122
13.0342302322,80.2302932739,63114,63124,10
13.0342102051,80.2304992676,63124,63134,10
13.0340204239,80.230506897,63134,63144,10
13.033539772,80.2305221558,63144,63154,10
13.0329799652,80.2305908203,63154,63164,10
13.0324802399,80.2306289673,63164,63174,10
13.0317802429,80.2306976318,63174,63184,10
13.0312004089,80.2307434082,63184,63195,11
13.0310201645,80.2307510376,63195,63205,10
13.0307798386,80.2307662964,63205,63225,20
13.0307798386,80.2307662964,63225,63235,10
13.0306396484,80.2307662964,63235,63245,10
13.0297803879,80.2308731079,63245,63265,20
13.0297803879,80.2308731079,63265,63275,10
13.0294504166,80.2309112549,63275,63285,10
13.0288295746,80.2309417725,63285,63296,11
13.0280199051,80.2310180664,63296,63306,10
13.0276498795,80.2312011719,63306,63316,10
13.0277395248,80.2318572998,63316,63326,10
13.0278997421,80.2326889038,63326,63336,10
13.0271902084,80.2329330444,63336,63376,40
13.0271902084,80.2329330444,63376,63387,11
13.0270595551,80.2330169678,63387,63397,10
13.0267896652,80.2330474854,63397,63407,10
13.0264501572,80.233039856,63407,63417,10
13.0262804031,80.2326583862,63417,63427,10
13.0261802673,80.2323074341,63427,63437,10
13.026140213,80.2321014404,63437,63447,10
13.026049614,80.2317886353,63447,63457,10
13.0259304047,80.231262207,63457,63467,10
13.0256204605,80.23046875,63467,63477,10
13.0249996185,80.229598999,63477,63508,31
13.0249996185,80.229598999,63508,63518,10
13.0248804092,80.2294464111,63518,63528,10
13.0246400833,80.2291412354,63528,63538,10
13.0243196487,80.2286834717,63538,63548,10
13.0238800049,80.2281188965,63548,63558,10
13.0233802795,80.2276000977,63558,63568,10
13.0231304169,80.2274475098,63568,63589,21
13.0231304169,80.2274475098,63589,63599,10
13.0228395462,80.2272567749,63599,63609,10
13.0226097107,80.2268371582,63609,63619,10
13.0221300125,80.2264099121,63619,63629,10
13.0214004517,80.2258377075,63629,63639,10
13.0206804276,80.2253036499,63639,63649,10
13.0202999115,80.2250671387,63649,63659,10
13.0201597214,80.2249832153,63659,63669,10
13.0197401047,80.2246704102,63669,63680,11
13.0188102722,80.2244796753,63680,63690,10
13.0178098679,80.2248764038,63690,63699,9
13.0169401169,80.2252502441,63699,63710,11
13.0164003372,80.2254867554,63710,63720,10
13.0159301758,80.2256622314,63720,63729,9
13.0153102875,80.2258987427,63729,63740,11
13.0143995285,80.226272583,63740,63750,10
13.0142602921,80.2263336182,63750,63760,10
13.0142202377,80.226348877,63760,63770,10
13.0137996674,80.2265014648,63770,63781,11
13.0129804611,80.2267990112,63781,63791,10
13.0120201111,80.2271575928,63791,63801,10
13.0109996796,80.2275619507,63801,63811,10
13.0101299286,80.2278823853,63811,63821,10
13.0094900131,80.2277832031,63821,63831,10
13.0097103119,80.2272109985,63831,63841,10
13.0100603104,80.2264404297,63841,63851,10
13.0103998184,80.2257080078,63851,63861,10
13.0105400085,80.2253570557,63861,63871,10
13.0107498169,80.224899292,63871,63882,11
13.0110301971,80.2242126465,63882,63892,10
13.0113401413,80.2234573364,63892,63902,10
13.0116996765,80.2224578857,63902,63912,10
13.012049675,80.2214508057,63912,63932,20
13.012049675,80.2214508057,63932,63942,10
13.0121097565,80.2213668823,63942,63952,10
13.0121297836,80.2209472656,63952,63962,10
13.0118598938,80.2201385498,63962,63973,11
13.0115003586,80.2191009521,63973,63983,10
13.0111503601,80.2180633545,63983,63993,10
13.0107402802,80.2170791626,63993,64002,9
13.0104103088,80.2163391113,64002,64013,11
13.0099000931,80.2153778076,64013,64024,11
13.0094099045,80.2146835327,64024,64034,10
13.0088100433,80.2138671875,64034,64044,10
13.0083904266,80.2134475708,64044,64054,10
13.0078601837,80.213142395,64054,64095,41
13.0078601837,80.213142395,64095,64105,10
13.0075397491,80.212890625,64105,64115,10
13.006939888,80.2127685547,64115,64125,10
13.0061597824,80.212890625,64125,64135,10
13.0054197311,80.2128219604,64135,64145,10
13.0046100616,80.212310791,64145,64155,10
13.0037298203,80.2119598389,64155,64164,9
13.0036802292,80.2117004395,64164,64176,12
13.0036897659,80.2116012573,64176,64186,10
13.0036401749,80.2110824585,64186,64196,10
13.0035400391,80.210357666,64196,64206,10
13.0035104752,80.2096786499,64206,64216,10
13.0032501221,80.2092437744,64216,64226,10
13.0025396347,80.2088623047,64226,64236,10
13.0018100739,80.2084884644,64236,64246,10
13.0010995865,80.2081375122,64246,64256,10
13.0005702972,80.2078781128,64256,64267,11
13.0001401901,80.2078018188,64267,64276,9
12.9995803833,80.2076797485,64276,64287,11
12.9991102219,80.207572937,64287,64297,10
12.9987297058,80.2074890137,64297,64307,10
12.9983797073,80.2075881958,64307,64327,20
12.9983797073,80.2075881958,64327,64337,10
12.998339653,80.2078399658,64337,64347,10
12.9982404709,80.208442688,64347,64357,10
12.9981603622,80.2090530396,64357,64378,21
12.9981603622,80.2090530396,64378,64388,10
12.997879982,80.2093734741,64388,64398,10
12.9975595474,80.2100219727,64398,64414,16
12.9970598221,80.2104797363,64414,64434,20
12.9970598221,80.2104797363,64434,64446,12
12.9968004227,80.2104415894,64446,64456,10
12.9962797165,80.2103805542,64456,64467,11
12.9957704544,80.2103118896,64467,64477,10
12.995300293,80.2102584839,64477,64487,10
12.9949903488,80.2102432251,64487,64497,10
12.9946804047,80.2102279663,64497,64507,10
12.9939203262,80.2101516724,64507,64517,10
12.993639946,80.2102584839,64517,64527,10
12.9936304092,80.2102584839,64527,64538,11
12.9935998917,80.2102584839,64538,64547,9
12.9935503006,80.2105026245,64547,64559,12
12.9933795929,80.2112121582,64559,64569,10
12.9931497574,80.2121200562,64569,64579,10
12.9929304123,80.2129592896,64579,64589,10
12.992650032,80.2130203247,64589,64598,9
12.9921302795,80.2128677368,64598,64609,11
12.9914903641,80.2126998901,64609,64619,10
12.9914598465,80.2126922607,64619,64629,10
12.9913797379,80.2126464844,64629,64639,10
12.991230011,80.2130584717,64639,64649,10
12.9910802841,80.2135925293,64649,64660,11
12.9909696579,80.2140808105,64660,64670,10
12.9908399582,80.2144622803,64670,64680,10
12.9905195236,80.2147598267,64680,64690,10
12.9897403717,80.2148208618,64690,64700,10
12.9892101288,80.2147598267,64700,64710,10
12.9888401031,80.2152786255,64710,64720,10
12.9884500504,80.2158813477,64720,64730,10
12.9880695343,80.2164764404,64730,64740,10
12.9877796173,80.217300415,64740,64751,11
12.9875202179,80.2180404663,64751,64761,10
12.9873695374,80.218421936,64761,64771,10
12.9871101379,80.2183914185,64771,64781,10
12.987039566,80.2183609009,64781,64791,10
12.9868001938,80.2182693481,64791,64801,10
12.9861097336,80.2180786133,64801,64811,10
12.9849796295,80.2179718018,64811,64821,10
12.9841003418,80.2180099487,64821,64831,10
12.9840402603,80.2180175781,64831,64841,10
12.9839096069,80.2180175781,64841,64852,11
12.9831895828,80.2180023193,64852,64862,10
12.982219696,80.2180404663,64862,64872,10
12.9811496735,80.218208313,64872,64882,10
12.9802999496,80.21849823,64882,64892,10
12.9798002243,80.2186965942,64892,64902,10
12.9791002274,80.2189788818,64902,64912,10
12.9785404205,80.2191925049,64912,64922,10
12.9777297974,80.2195129395,64922,64932,10
12.9766998291,80.2199401855,64932,64942,10
12.9759702682,80.2202987671,64942,65023,81
12.9759702682,80.2202987671,65023,65033,10
12.9755401611,80.2205886841,65033,65044,11
12.9758901596,80.2211380005,65044,65387,343
12.9758901596,80.2211380005,65387,65397,10
12.9760799408,80.2214431763,65397,65407,10
12.9763698578,80.2219085693,65407,65417,10
12.9767303467,80.2224807739,65417,65428,11
12.9770698547,80.2228469849,65428,65438,10
12.9773101807,80.2227706909,65438,65448,10
12.9774904251,80.2227172852,65448,65458,10
12.977519989,80.2225418091,65458,65468,10
12.9774999619,80.2222366333,65468,65478,10
12.9774599075,80.2216033936,65478,65488,10
12.9772901535,80.221321106,65488,65498,10
12.9766702652,80.2213287354,65498,65508,10
12.976099968,80.2213668823,65508,65549,41
12.976099968,80.2213668823,65549,65559,10
12.9757604599,80.2211685181,65559,65569,10
12.9755001068,80.2209777832,65569,65579,10
12.9753398895,80.2207717896,65579,65650,71
12.9753398895,80.2207717896,65650,65660,10
12.9752998352,80.2206115723,65660,65670,10
12.9753198624,80.2205963135,65670,65680,10
12.9754800797,80.220451355,65680,65690,10
12.9758300781,80.2202224731,65690,65700,10
12.976559639,80.2198867798,65700,65710,10
12.9773397446,80.219581604,65710,65720,10
12.9782896042,80.2191772461,65720,65731,11
12.9789199829,80.218963623,65731,65741,10
12.9796800613,80.2186508179,65741,65751,10
12.9802598953,80.2183990479,65751,65761,10
12.981089592,80.2181091309,65761,65771,10
12.9819898605,80.2179107666,65771,65781,10
12.9826803207,80.2178878784,65781,65791,10
12.9836196899,80.217880249,65791,65811,20
12.9836196899,80.217880249,65811,65822,11
12.9837903976,80.2178878784,65822,65832,10
12.9839096069,80.2179031372,65832,65842,10
12.9841995239,80.2179031372,65842,65852,10
12.9848804474,80.2179107666,65852,65861,9
12.9857196808,80.217956543,65861,65872,11
12.9869003296,80.2182235718,65872,65882,10
12.9873304367,80.2182693481,65882,65892,10
12.9873600006,80.2182769775,65892,65902,10
12.9874801636,80.2181396484,65902,65912,10
12.9877195358,80.2174606323,65912,65923,11
12.9881095886,80.2164077759,65923,65933,10
12.9884195328,80.215927124,65933,65943,10
12.9888296127,80.2153167725,65943,65953,10
12.9892196655,80.2147674561,65953,65963,10
12.98939991,80.2147369385,65963,65973,10
12.9894599915,80.2147674561,65973,65983,10
12.9899396896,80.2148971558,65983,65993,10
12.9906797409,80.2145996094,65993,66003,10
12.9910402298,80.2138671875,66003,66014,11
12.9912900925,80.2129669189,66014,66024,10
12.9914703369,80.2126693726,66024,66034,10
12.9916000366,80.2127075195,66034,66044,10
12.9917402267,80.2127532959,66044,66054,10
12.9921398163,80.2128601074,66054,66064,10
12.9927301407,80.2130203247,66064,66074,10
12.9929199219,80.2129821777,66074,66084,10
12.9930000305,80.2125930786,66084,66094,10
12.9932003021,80.2118301392,66094,66104,10
12.9933795929,80.2111282349,66104,66115,11
12.9935703278,80.2104797363,66115,66125,10
12.9937696457,80.2101364136,66125,66145,20
12.9937696457,80.2101364136,66145,66155,10
12.9940099716,80.2101669312,66155,66165,10
12.9943304062,80.2101974487,66165,66175,10
12.9945497513,80.2102279663,66175,66185,10
12.9948501587,80.2102584839,66185,66195,10
12.9953098297,80.2102966309,66195,66205,10
12.995759964,80.2103424072,66205,66216,11
12.9962997437,80.2104110718,66216,66226,10
12.996720314,80.2104721069,66226,66236,10
12.9971704483,80.2105331421,66236,66246,10
12.9972000122,80.2105407715,66246,66256,10
12.9973297119,80.2105178833,66256,66266,10
12.9974002838,80.2103271484,66266,66276,10
12.9975795746,80.2099609375,66276,66286,10
12.9980602264,80.2091903687,66286,66296,10
12.998169899,80.2086181641,66296,66307,11
12.9983701706,80.2074890137,66307,66357,50
12.9983701706,80.2074890137,66357,66367,10
12.9986000061,80.2074584961,66367,66377,10
12.9988803864,80.2075424194,66377,66397,20
12.9988803864,80.2075424194,66397,66408,11
12.9992198944,80.2076034546,66408,66418,10
12.9995203018,80.2076568604,66418,66428,10
12.9998598099,80.2077407837,66428,66438,10
13.0002603531,80.2078094482,66438,66448,10
13.0006799698,80.2079315186,66448,66458,10
13.0013799667,80.2082824707,66458,66468,10
13.0021295547,80.208656311,66468,66478,10
13.0027503967,80.2089920044,66478,66488,10
13.0033998489,80.2093429565,66488,66498,10
13.0034799576,80.209602356,66498,66509,11
13.0035295486,80.2099990845,66509,66519,10
13.0036401749,80.2105407715,66519,66529,10
13.0037202835,80.2112121582,66529,66539,10
13.0037403107,80.2116775513,66539,66549,10
13.0038499832,80.2120132446,66549,66559,10
13.0039396286,80.2120437622,66559,66569,10
13.0040798187,80.2121124268,66569,66579,10
13.0045204163,80.2123184204,66579,66589,10
13.0050096512,80.212562561,66589,66600,11
13.0056600571,80.212928772,66600,66610,10
13.0062599182,80.2128372192,66610,66620,10
13.0067796707,80.2127914429,66620,66630,10
13.007349968,80.2128601074,66630,66640,10
13.0076999664,80.2129592896,66640,66650,10
13.0078401566,80.2131271362,66650,66671,21
13.0078401566,80.2131271362,66671,66681,10
13.0080900192,80.2132797241,66681,66690,9
13.0083904266,80.2134017944,66690,66702,12
13.0087604523,80.2137908936,66702,66712,10
13.0091495514,80.214302063,66712,66722,10
13.0095596313,80.2148971558,66722,66732,10
13.0099201202,80.2153396606,66732,66741,9
13.0104198456,80.2158813477,66741,66752,11
13.0107603073,80.2166213989,66752,66762,10
13.0109996796,80.217300415,66762,66772,10
13.0113201141,80.2181625366,66772,66782,10
13.011639595,80.21900177,66782,66793,11
13.0120000839,80.2201004028,66793,66802,9
13.0122003555,80.2206115723,66802,66824,22
13.0122003555,80.2206115723,66824,66834,10
13.0123300552,80.2208328247,66834,66844,10
13.0124998093,80.221321106,66844,66854,10
13.0127696991,80.2217712402,66854,66864,10
13.0131196976,80.2222366333,66864,66874,10
13.0134401321,80.22265625,66874,66884,10
13.013759613,80.2230834961,66884,66895,11
13.0141201019,80.2235107422,66895,66905,10
13.014380455,80.2238311768,66905,66915,10
13.0146303177,80.2241210938,66915,66925,10
13.0150003433,80.2245635986,66925,66935,10
13.0153102875,80.2249221802,66935,66955,20
13.0153102875,80.2249221802,66955,66965,10
13.0155696869,80.2252120972,66965,66975,10
13.0162601471,80.225440979,66975,66985,10
13.0172796249,80.225112915,66985,66996,11
13.0183095932,80.2247009277,66996,67005,9
13.0190601349,80.2244491577,67005,67016,11
13.0193595886,80.2244491577,67016,67026,10
13.019610405,80.2245483398,67026,67036,10
13.019900322,80.2247161865,67036,67046,10
13.0201997757,80.2249679565,67046,67056,10
13.0207395554,80.2253417969,67056,67066,10
13.0213499069,80.2258071899,67066,67076,10
13.0218801498,80.2261734009,67076,67087,11
13.0219202042,80.2261962891,67087,67097,10
13.0219802856,80.2262420654,67097,67107,10
13.0223197937,80.2265472412,67107,67117,10
13.0228204727,80.2269973755,67117,67127,10
13.0233402252,80.2274780273,67127,67137,10
13.0237197876,80.2278366089,67137,67147,10
13.0240402222,80.2281417847,67147,67157,10
13.0242996216,80.2284698486,67157,67167,10
13.0245304108,80.2287368774,67167,67177,10
13.0247001648,80.2289886475,67177,67188,11
13.0249300003,80.2293319702,67188,67198,10
13.0252199173,80.2296829224,67198,67208,10
13.0255498886,80.2300872803,67208,67228,20
13.0255498886,80.2300872803,67228,67238,10
13.0257396698,80.2304000854,67238,67248,10
13.0259199142,80.2307662964,67248,67258,10
13.0259895325,80.2310791016,67258,67268,10
13.0260601044,80.2313690186,67268,67279,11
13.0267601013,80.231262207,67279,67299,20
13.0267601013,80.231262207,67299,67309,10
13.0268602371,80.2312393188,67309,67319,10
13.0270299911,80.2311706543,67319,67329,10
13.0272903442,80.2311096191,67329,67349,20
13.0276098251,80.2310409546,67349,67410,61
13.0276098251,80.2310409546,67410,67420,10
13.0279798508,80.2309494019,67420,67430,10
13.028169632,80.2309417725,67430,67440,10
13.0283699036,80.2309112549,67440,67450,10
13.0284004211,80.2309112549,67450,67460,10
13.0292396545,80.2308502197,67460,67551,91
13.0292396545,80.2308502197,67551,67561,10
13.0294103622,80.2308502197,67561,67572,11
13.0300598145,80.2307891846,67572,67582,10
13.0305595398,80.230758667,67582,67592,10
13.0310297012,80.23072052,67592,67602,10
13.0317201614,80.2306594849,67602,67612,10
13.032409668,80.2306137085,67612,67622,10
13.0330295563,80.2305603027,67622,67632,10
13.0335597992,80.2305297852,67632,67642,10
13.0340795517,80.2304763794,67642,67719,77
13.0340795517,80.2304763794,67719,67731,12
13.0344400406,80.2304000854,67731,67782,51
13.0344400406,80.2304000854,67782,67792,10
13.0348501205,80.2302627563,67792,67802,10
13.0349998474,80.230140686,67802,67821,19
13.0349998474,80.230140686,67821,67832,11
13.0349197388,80.2298736572,67832,67842,10
13.0344400406,80.2298202515,67842,67852,10
13.0341901779,80.2299118042,67852,67863,11
13.0341396332,80.2303085327,67863,68166,303
13.0341396332,80.2303085327,68166,68176,10
13.0340795517,80.2306289673,68176,68186,10
13.0335998535,80.2305908203,68186,68196,10
13.0329198837,80.2306289673,68196,68206,10
13.0321102142,80.2306976318,68206,68216,10
13.0313396454,80.230758667,68216,68327,111
13.0313396454,80.230758667,68327,68337,10
13.0310201645,80.230796814,68337,68348,11
13.0307197571,80.230796814,68348,68358,10
13.0304803848,80.2308273315,68358,68368,10
13.0302200317,80.2308425903,68368,68378,10
13.030090332,80.2308578491,68378,68388,10
13.0297803879,80.2308807373,68388,68408,20
13.0297803879,80.2308807373,68408,68418,10
13.029540062,80.2309112549,68418,68428,10
13.0289802551,80.2309570313,68428,68438,10
13.0281801224,80.2310180664,68438,68449,11
13.0276002884,80.2312088013,68449,68459,10
13.0276899338,80.2318115234,68459,68489,30
13.0276899338,80.2318115234,68489,68499,10
13.0277700424,80.2322616577,68499,68509,10
13.0278100967,80.2324905396,68509,68519,10
13.0278596878,80.2326965332,68519,68529,10
13.0277204514,80.2328872681,68529,68681,152
13.0277204514,80.2328872681,68681,68691,10
13.0273399353,80.2330474854,68691,68701,10
13.0272598267,80.2330627441,68701,68711,10
13.0269899368,80.2330627441,68711,68721,10
13.0267801285,80.2330780029,68721,68731,10
13.0265197754,80.2331237793,68731,68742,11
13.0263700485,80.2329330444,68742,68752,10
13.026309967,80.2327575684,68752,68762,10
13.026260376,80.2325897217,68762,68772,10
13.0262203217,80.232421875,68772,68782,10
13.0261802673,80.2323074341,68782,68792,10
13.0261297226,80.2320785522,68792,68802,10
13.0260696411,80.231842041,68802,68812,10
13.0259504318,80.2313995361,68812,68822,10
13.0256795883,80.2306365967,68822,68833,11
13.0250701904,80.2297286987,68833,68843,10
13.0246400833,80.2291870117,68843,68853,10
13.024310112,80.2287368774,68853,68863,10
13.023900032,80.2282104492,68863,68873,10
13.0232896805,80.2276000977,68873,68902,29
13.0232896805,80.2276000977,68902,68913,11
13.0230998993,80.2275695801,68913,68923,10
13.0228500366,80.2273635864,68923,68934,11
13.022600174,80.2269515991,68934,68944,10
13.0221099854,80.2265090942,68944,68954,10
13.0215702057,80.2260818481,68954,68964,10
13.0209598541,80.2256011963,68964,68973,9
13.0199203491,80.224937439,68973,68993,20
13.0199203491,80.224937439,68993,69004,11
13.0197896957,80.2248382568,69004,69014,10
13.0193796158,80.2246627808,69014,69025,11
13.0184497833,80.2247314453,69025,69035,10
13.0174303055,80.2251434326,69035,69045,10
13.0165100098,80.2255096436,69045,69055,10
13.0158596039,80.2257385254,69055,69065,10
13.0152997971,80.2259292603,69065,69075,10
13.0147104263,80.2261428833,69075,69085,10
13.0139503479,80.2264785767,69085,69105,20
13.0139503479,80.2264785767,69105,69115,10
13.0138902664,80.2264862061,69115,69132,17
13.0130500793,80.2267990112,69132,69144,12
13.012140274,80.2271499634,69144,69154,10
13.0115203857,80.2273712158,69154,69164,10
13.0104198456,80.2278213501,69164,69174,10
13.009519577,80.2278900146,69174,69184,10
13.0096197128,80.2273406982,69184,69194,10
13.0099897385,80.2265777588,69194,69204,10
13.0103797913,80.2257614136,69204,69214,10
13.0105400085,80.2253799438,69214,69223,9
13.0106697083,80.225112915,69223,69235,12
13.0108604431,80.2245483398,69235,69245,10
13.0110902786,80.2239837646,69245,69256,11
13.0112199783,80.2236709595,69256,69266,10
13.0114202499,80.2230834961,69266,69276,10
13.0117301941,80.2221679688,69276,69286,10
13.0120601654,80.2212600708,69286,69296,10
13.0119800568,80.2207489014,69296,69306,10
13.0117397308,80.2200164795,69306,69317,11
13.0114097595,80.2189407349,69317,69327,10
13.0111303329,80.2181472778,69327,69337,10
13.0108098984,80.2172775269,69337,69347,10
13.0106296539,80.2168731689,69347,69357,10
13.0103998184,80.2164077759,69357,69367,10
13.0100002289,80.2156982422,69367,69377,10
13.0094804764,80.2148590088,69377,69387,10
13.0088996887,80.2141036987,69387,69397,10
13.0086202621,80.213760376,69397,69428,31
13.0086202621,80.213760376,69428,69438,10
13.0082502365,80.213470459,69438,69458,20
13.0082502365,80.213470459,69458,69468,10
13.007900238,80.2132797241,69468,69498,30
13.007900238,80.2132797241,69498,69508,10
13.0075902939,80.2130203247,69508,69519,11
13.0072898865,80.2129211426,69519,69539,20
13.0072898865,80.2129211426,69539,69549,10
13.007060051,80.2128601074,69549,69559,10
13.0066795349,80.2128295898,69559,69569,10
13.0061702728,80.2128829956,69569,69579,10
13.0056600571,80.2129974365,69579,69589,10
13.004989624,80.212600708,69589,69600,11
13.0041704178,80.2122268677,69600,69611,11
13.0037603378,80.2121429443,69611,69621,10
13.0037403107,80.2121200562,69621,69631,10
13.0036201477,80.211769104,69631,69651,20
13.0036201477,80.211769104,69651,69661,10
13.0035800934,80.2114028931,69661,69671,10
13.0035104752,80.2107086182,69671,69681,10
13.0034503937,80.2100067139,69681,69691,10
13.0033998489,80.2094421387,69691,69701,10
13.002869606,80.2091522217,69701,69712,11
13.0020799637,80.2087173462,69712,69722,10
13.00137043,80.2083435059,69722,69732,10
13.0008296967,80.2080688477,69732,69742,10
13.0003995895,80.2079086304,69742,69752,10
12.9998998642,80.2078094482,69752,69762,10
12.9993095398,80.2076797485,69762,69772,10
12.9988698959,80.2076034546,69772,69782,10
12.9983701706,80.207611084,69782,69803,21
12.9983701706,80.207611084,69803,69813,10
12.998339653,80.2076568604,69813,69823,10
12.9982995987,80.2078399658,69823,69833,10
12.9982204437,80.2083435059,69833,69843,10
12.9981298447,80.2089614868,69843,69853,10
12.9978504181,80.2093582153,69853,69863,10
12.9975700378,80.2099304199,69863,69873,10
12.9973096848,80.2105331421,69873,69883,10
12.9971599579,80.2105331421,69883,69893,10
12.9970703125,80.2105331421,69893,69904,11
12.9965696335,80.2104492188,69904,69914,10
12.9961595535,80.2104187012,69914,69924,10
12.9959897995,80.2104110718,69924,69934,10
12.9954395294,80.2103424072,69934,69944,10
12.9952802658,80.2103271484,69944,69954,10
12.9949302673,80.2102966309,69954,69964,10
12.9944601059,80.2102508545,69964,69974,10
12.9939203262,80.2102127075,69974,69984,10
12.9935903549,80.2102890015,69984,70015,31
12.9935903549,80.2102890015,70015,70025,10
12.9934902191,80.2106399536,70025,70035,10
12.9933395386,80.2112503052,70035,70045,10
12.9931497574,80.2119598389,70045,70055,10
12.9929800034,80.2126922607,70055,70065,10
12.9928598404,80.2130889893,70065,70075,10
12.9923696518,80.2129821777,70075,70085,10
12.9916496277,80.2127914429,70085,70096,11
12.9914999008,80.2127532959,70096,70106,10
12.9913797379,80.2127227783,70106,70116,10
12.9910402298,80.213722229,70116,70126,10
12.9910402298,80.213722229,70126,70136,10
12.9907102585,80.21459198,70136,70146,10
12.9899196625,80.2149429321,70146,70156,10
12.9892101288,80.2147674561,70156,70176,20
12.9892101288,80.2147674561,70176,70186,10
12.9890003204,80.2150421143,70186,70199,13
12.9884796143,80.2158203125,70199,70208,9
12.9880599976,80.2164382935,70208,70219,11
12.9877901077,80.2171630859,70219,70229,10
12.9875898361,80.2177581787,70229,70239,10
12.9874200821,80.2182922363,70239,70259,20
12.9874200821,80.2182922363,70259,70269,10
12.9872999191,80.2185134888,70269,70279,10
12.9868202209,80.2183609009,70279,70290,11
12.9858703613,80.2181167603,70290,70300,10
12.9848098755,80.2180404663,70300,70309,9
12.9841995239,80.2180633545,70309,70320,11
12.9839801788,80.2180633545,70320,70330,10
12.9839296341,80.2180480957,70330,70340,10
12.9834403992,80.2180404663,70340,70350,10
12.9825696945,80.2180480957,70350,70360,10
12.9815502167,80.2180786133,70360,70370,10
12.9806203842,80.2183685303,70370,70380,10
12.9802999496,80.2184906006,70380,70391,11
12.9801797867,80.218536377,70391,70401,10
12.9798402786,80.2186584473,70401,70411,10
12.9792299271,80.2189025879,70411,70421,10
12.9787197113,80.2191009521,70421,70431,10
12.9780502319,80.2193832397,70431,70441,10
12.9771404266,80.2197494507,70441,70457,16
12.976360321,80.2201004028,70457,70651,194
12.9760198593,80.2202987671,70651,70682,31
12.9760198593,80.2202987671,70682,70692,10
12.9756803513,80.220413208,70692,70863,171
12.9754896164,80.220741272,70863,70884,21
12.9754896164,80.220741272,70884,70894,10
12.9754695892,80.2207794189,70894,70904,10
12.9758300781,80.2211380005,70904,71318,414
12.9758300781,80.2211380005,71318,71328,10
12.9759101868,80.2212982178,71328,71338,10
12.9761295319,80.2216567993,71338,71348,10
12.976559639,80.222328186,71348,71358,10
12.9768896103,80.2228164673,71358,71369,11
12.9771604538,80.2227783203,71369,71379,10
12.9774303436,80.2227401733,71379,71389,10
12.9774503708,80.2224578857,71389,71399,10
12.9774103165,80.2216110229,71399,71429,30
12.9774103165,80.2216110229,71429,71439,10
12.977399826,80.2214584351,71439,71449,10
12.977230072,80.2212677002,71449,71460,11
12.9765796661,80.221282959,71460,71490,30
12.9765796661,80.221282959,71490,71500,10
12.9760198593,80.221321106,71500,71561,61
12.9760198593,80.221321106,71561,71571,10
12.9756402969,80.2211303711,71571,71581,10
12.9755401611,80.2210388184,71581,71591,10
12.9753799438,80.220916748,71591,71712,121
12.9753799438,80.220916748,71712,71722,10
12.9753198624,80.2205810547,71722,71732,10
12.9755001068,80.2204437256,71732,71743,11
12.9759302139,80.2201766968,71743,71753,10
12.9766998291,80.2198181152,71753,71763,10
12.9774904251,80.2194976807,71763,71773,10
12.9783096313,80.2191467285,71773,71783,10
12.9787597656,80.2189788818,71783,71793,10
12.9793395996,80.2187576294,71793,71803,10
12.9796800613,80.2186279297,71803,71813,10
12.9800596237,80.2184524536,71813,71823,10
12.980629921,80.2182617188,71823,71833,10
12.9812898636,80.2180480957,71833,71844,11
12.9820404053,80.2179031372,71844,71854,10
12.9824399948,80.2178878784,71854,71864,10
12.9831695557,80.217880249,71864,71874,10
12.9836101532,80.2178726196,71874,71884,10
12.9837799072,80.217880249,71884,71894,10
12.9841899872,80.217880249,71894,71904,10
12.9848604202,80.2178878784,71904,71914,10
12.9857797623,80.217956543,71914,71931,17
12.9869098663,80.2182006836,71931,71943,12
12.9873600006,80.2182922363,71943,71953,10
12.9875097275,80.2179031372,71953,71963,10
12.9877300262,80.2172470093,71963,71972,9
12.9879798889,80.2165527344,71972,71983,11
12.9885702133,80.2156295776,71983,71993,10
12.9890604019,80.214881897,71993,72003,10
12.9892997742,80.2146987915,72003,72013,10
12.9898900986,80.214881897,72013,72023,10
12.9905900955,80.2145996094,72023,72034,11
12.9909896851,80.213760376,72034,72043,9
12.9911804199,80.2130126953,72043,72054,11
12.9914398193,80.2126693726,72054,72063,9
12.9916000366,80.2127227783,72063,72074,11
12.992190361,80.2128829956,72074,72084,10
12.9928102493,80.2130508423,72084,72094,10
12.9928798676,80.212852478,72094,72104,10
12.9930200577,80.2123184204,72104,72114,10
12.9931602478,80.2117919922,72114,72124,10
12.9933204651,80.2111816406,72124,72135,11
12.9935102463,80.2104110718,72135,72145,10
12.9935998917,80.2101364136,72145,72155,10
12.9937200546,80.2101287842,72155,72165,10
12.9938297272,80.2101364136,72165,72175,10
12.9942903519,80.2101821899,72175,72185,10
12.9948196411,80.2102279663,72185,72195,10
12.9951601028,80.2102584839,72195,72205,10
12.9953403473,80.2102737427,72205,72215,10
12.9956302643,80.2103118896,72215,72226,11
12.9960803986,80.210357666,72226,72236,10
12.9965400696,80.2104110718,72236,72246,10
12.9969902039,80.2104797363,72246,72256,10
12.9972496033,80.2105102539,72256,72306,50
12.9972496033,80.2105102539,72306,72316,10
12.9973602295,80.2102966309,72316,72327,11
12.9976196289,80.2096633911,72327,72337,10
12.9979295731,80.2092514038,72337,72347,10
12.9980897903,80.2088775635,72347,72357,10
12.9981498718,80.2083511353,72357,72367,10
12.9982995987,80.2074813843,72367,72387,20
12.9982995987,80.2074813843,72387,72397,10
12.998459816,80.2074203491,72397,72407,10
12.9986896515,80.2074737549,72407,72428,21
12.9986896515,80.2074737549,72428,72438,10
12.9990196228,80.2075271606,72438,72448,10
12.9993600845,80.207611084,72448,72458,10
12.9998703003,80.2077102661,72458,72468,10
13.0003995895,80.2078094482,72468,72478,10
13.0009403229,80.2080612183,72478,72488,10
13.0017404556,80.2084732056,72488,72498,10
13.0024204254,80.2088165283,72498,72508,10
13.0030002594,80.2091369629,72508,72519,11
13.0034303665,80.2093963623,72519,72529,10
13.0034303665,80.2097473145,72529,72539,10
13.0035200119,80.2101287842,72539,72549,10
13.0036296844,80.2108001709,72549,72559,10
13.0036802292,80.2114181519,72559,72569,10
13.0039596558,80.2120513916,72569,72589,20
13.0039596558,80.2120513916,72589,72599,10
13.0042800903,80.2122192383,72599,72609,10
13.0048704147,80.2125091553,72609,72620,11
13.0056295395,80.212928772,72620,72630,10
13.0062904358,80.2127914429,72630,72640,10
13.0068998337,80.2127838135,72640,72649,9
13.007349968,80.2128372192,72649,72660,11
13.0077800751,80.2130966187,72660,72680,20
13.0077800751,80.2130966187,72680,72690,10
13.0079097748,80.2132034302,72690,72700,10
13.0082397461,80.2133636475,72700,72711,11
13.0087203979,80.2137985229,72711,72721,10
13.0092096329,80.2144622803,72721,72731,10
13.0094995499,80.2148971558,72731,72741,10
13.0097999573,80.2152404785,72741,72751,10
13.0101900101,80.2157592773,72751,72761,10
13.0105895996,80.2163391113,72761,72771,10
13.0108203888,80.2170028687,72771,72781,10
13.0111703873,80.2178115845,72781,72791,10
13.0114898682,80.218711853,72791,72801,10
13.0117998123,80.219619751,72801,72812,11
13.0121202469,80.2205963135,72812,72822,10
13.0124998093,80.2214813232,72822,72832,10
13.0129404068,80.2220077515,72832,72842,10
13.0133199692,80.2224884033,72842,72852,10
13.0136804581,80.2229919434,72852,72862,10
13.0141296387,80.2235412598,72862,72872,10
13.0144796371,80.2239227295,72872,72882,10
13.0148601532,80.2244186401,72882,72892,10
13.0150098801,80.2245864868,72892,72902,10
13.0152597427,80.2248764038,72902,72913,11
13.0154304504,80.2249832153,72913,72923,10
13.0155496597,80.2250823975,72923,72933,10
13.0160398483,80.2253494263,72933,72943,10
13.0168399811,80.225189209,72943,72953,10
13.0178804398,80.2247924805,72953,72963,10
13.0188703537,80.2244033813,72963,72973,10
13.0193996429,80.2243881226,72973,72983,10
13.0196504593,80.2245483398,72983,72993,10
13.0200500488,80.2248382568,72993,73003,10
13.0205402374,80.2252120972,73003,73014,11
13.0209999084,80.2255477905,73014,73024,10
13.021900177,80.2261810303,73024,73044,20
13.021900177,80.2261810303,73044,73054,10
13.0220403671,80.2263183594,73054,73064,10
13.0223197937,80.2265701294,73064,73074,10
13.0227804184,80.2269668579,73074,73084,10
13.0234804153,80.2276077271,73084,73094,10
13.0240402222,80.2281417847,73094,73105,11
13.0242500305,80.2283401489,73105,73115,10
13.0244398117,80.2286376953,73115,73131,16
13.0248603821,80.2292633057,73131,73143,12
13.0253601074,80.2299423218,73143,73153,10
13.0258598328,80.2308120728,73153,73183,30
13.0258598328,80.2308120728,73183,73192,9
13.0258703232,80.2309417725,73192,73202,10
13.0259304047,80.2312011719,73202,73214,12
13.0263004303,80.2313232422,73214,73224,10
13.0271196365,80.2311019897,73224,73234,10
13.0278396606,80.2309494019,73234,73244,10
13.0282297134,80.2309036255,73244,73253,9
13.0283603668,80.2308883667,73253,73264,11
13.0290298462,80.2308197021,73264,73283,19
13.0290298462,80.2308197021,73283,73295,12
13.0291500092,80.2308120728,73295,73305,10
13.0295000076,80.2307662964,73305,73315,10
13.0300197601,80.2307281494,73315,73325,10
13.0304403305,80.2306976318,73325,73335,10
13.0308198929,80.2306671143,73335,73345,10
13.0313901901,80.2306365967,73345,73355,10
13.0320501328,80.2305908203,73355,73365,10
13.032699585,80.2305297852,73365,73375,10
13.0333995819,80.2304763794,73375,73385,10
13.033829689,80.2304229736,73385,73406,21
13.033829689,80.2304229736,73406,73416,10
13.0340795517,80.2303771973,73416,73426,10
13.0344400406,80.2303390503,73426,73436,10
13.0347604752,80.2302398682,73436,73446,10
13.0349798203,80.2300796509,73446,73456,10
13.034910202,80.2298126221,73456,73466,10
13.0343799591,80.2297592163,73466,73476,10
13.0341701508,80.2300033569,73476,73527,51
13.0341701508,80.2300033569,73527,73537,10
13.0340795517,80.2301025391,73537,73719,182
13.0340795517,80.2301025391,73719,73729,10
13.0340900421,80.2304763794,73729,73739,10
13.0338897705,80.230506897,73739,73749,10
13.0332803726,80.2305297852,73749,73759,10
13.032409668,80.2305984497,73759,73769,10
13.0320396423,80.2306518555,73769,73779,10
13.0316696167,80.230682373,73779,73790,11
13.0310297012,80.23072052,73790,73803,13
13.0304803848,80.2307662964,73803,73813,10
13.0297603607,80.2308731079,73813,73833,20
13.0297603607,80.2308731079,73833,73843,10
13.0296096802,80.2308807373,73843,73853,10
13.0290298462,80.2309265137,73853,73863,10
13.0282096863,80.2310333252,73863,73873,10
13.027680397,80.2311172485,73873,73884,11
13.0276699066,80.2316665649,73884,73894,10
13.0277700424,80.2322235107,73894,73904,10
13.0278396606,80.2326507568,73904,73914,10
13.0276298523,80.2328491211,73914,73924,10
13.0270795822,80.2329483032,73924,73934,10
13.0268497467,80.2329788208,73934,73944,10
13.0264596939,80.2329788208,73944,73954,10
13.0261802673,80.2323684692,73954,73974,20
13.025970459,80.2316970825,73974,73986,12
13.0258703232,80.2312774658,73986,73994,8
13.0256700516,80.2306594849,73994,74006,12
13.0250101089,80.2296218872,74006,74016,10
13.0246400833,80.2291717529,74016,74026,10
13.0244703293,80.2289810181,74026,74036,10
13.0243997574,80.2288894653,74036,74044,8
13.0241003036,80.2284622192,74044,74056,12
13.0231800079,80.2275695801,74056,74087,31
13.0230398178,80.2275085449,74087,74107,20
13.0229301453,80.2273864746,74107,74127,20
13.0229301453,80.2273864746,74127,74137,10
13.0226297379,80.2270584106,74137,74147,10
13.0222501755,80.2266082764,74147,74157,10
13.0215797424,80.226020813,74157,74168,11
13.0208396912,80.2254486084,74168,74178,10
13.0202102661,80.2250366211,74178,74187,9
13.0197200775,80.2247161865,74187,74198,11
13.0189399719,80.2244796753,74198,74208,10
13.0179195404,80.2248535156,74208,74218,10
13.0168600082,80.2253112793,74218,74228,10
13.0162801743,80.2255401611,74228,74238,10
13.0155200958,80.2257766724,74238,74247,9
13.0148496628,80.2260665894,74247,74258,11
13.0144395828,80.2262191772,74258,74269,11
13.0139799118,80.2263717651,74269,74279,10
13.0131597519,80.2266769409,74279,74289,10
13.0121097565,80.2270889282,74289,74299,10
13.010890007,80.2275772095,74299,74309,10
13.0097999573,80.2279968262,74309,74319,10
13.009469986,80.2275772095,74319,74329,10
13.0097799301,80.2269210815,74329,74339,10
13.010219574,80.2260131836,74339,74349,10
13.0105800629,80.2251815796,74349,74360,11
13.0107402802,80.2248077393,74360,74370,10
13.0108995438,80.2244033813,74370,74380,10
13.0109596252,80.2242431641,74380,74390,10
13.0110301971,80.2240982056,74390,74400,10
13.011179924,80.223739624,74400,74410,10
13.0113401413,80.2232971191,74410,74420,10
13.0115995407,80.2226409912,74420,74430,10
13.0119304657,80.2217025757,74430,74440,10
13.0120000839,80.2214813232,74440,74450,10
13.0121002197,80.2211685181,74450,74461,11
13.0119495392,80.2206115723,74461,74471,10
13.0117197037,80.219871521,74471,74481,10
13.0114498138,80.219039917,74481,74491,10
13.0112695694,80.2184371948,74491,74501,10
13.0110502243,80.2178573608,74501,74511,10
13.0107498169,80.2171096802,74511,74521,10
13.0104103088,80.2163467407,74521,74531,10
13.0101299286,80.216003418,74531,74541,10
13.0098304749,80.2153091431,74541,74553,12
13.0094203949,80.2147369385,74553,74563,10
13.0088100433,80.2139663696,74563,74583,20
13.0088100433,80.2139663696,74583,74593,10
13.0087099075,80.2138519287,74593,74603,10
13.0084400177,80.2135772705,74603,74664,61
13.0084400177,80.2135772705,74664,74674,10
13.0079698563,80.2132492065,74674,74714,40
13.0079698563,80.2132492065,74714,74724,10
13.0077295303,80.2130508423,74724,74734,10
13.0072803497,80.2128601074,74734,74745,11
13.0065202713,80.2127990723,74745,74755,10
13.0059604645,80.2130279541,74755,74765,10
13.0053396225,80.2127914429,74765,74774,9
13.0047597885,80.2124404907,74774,74785,11
13.0041399002,80.2121887207,74785,74795,10
13.0037002563,80.2119903564,74795,74805,10
13.0036697388,80.2117996216,74805,74815,10
13.0036497116,80.2115325928,74815,74825,10
13.0035600662,80.2108306885,74825,74835,10
13.0034799576,80.2100372314,74835,74846,11
13.0034103394,80.2093734741,74846,74856,10
13.0029001236,80.2090988159,74856,74866,10
13.0023097992,80.208770752,74866,74876,10
13.0015602112,80.2083816528,74876,74886,10
13.0010299683,80.2080993652,74886,74896,10
13.0005598068,80.2078781128,74896,74906,10
13.0001296997,80.2078018188,74906,74916,10
12.9997396469,80.2077407837,74916,74926,10
12.999420166,80.207649231,74926,74936,10
12.9989595413,80.2075576782,74936,74957,21
12.9989595413,80.2075576782,74957,74967,10
12.9985399246,80.2074279785,74967,74977,10
12.9983901978,80.2075881958,74977,74997,20
12.9983901978,80.2075881958,74997,75007,10
12.998339653,80.2077713013,75007,75017,10
12.9982500076,80.2082138062,75017,75027,10
12.9981498718,80.2088623047,75027,75038,11
12.9979095459,80.209312439,75038,75048,10
12.9977397919,80.2096176147,75048,75058,10
12.9975500107,80.2100219727,75058,75068,10
12.9971599579,80.2104568481,75068,75088,20
12.9971599579,80.2104568481,75088,75098,10
12.996919632,80.2104492188,75098,75108,10
12.9967699051,80.2104415894,75108,75118,10
12.9963598251,80.2104034424,75118,75128,10
12.9959201813,80.2103500366,75128,75138,10
12.9953403473,80.2102966309,75138,75149,11
12.9948196411,80.2102584839,75149,75159,10
12.9943399429,80.2101974487,75159,75169,10
12.9938402176,80.2101593018,75169,75179,10
12.9936304092,80.2102584839,75179,75189,10
12.9936199188,80.2102890015,75189,75199,10
12.9935503006,80.2103881836,75199,75209,10
12.993470192,80.2107620239,75209,75219,10
12.9932899475,80.2114562988,75219,75230,11
12.9931097031,80.2121810913,75230,75240,10
12.992939949,80.2128982544,75240,75250,10
12.9925804138,80.2129821777,75250,75260,10
12.9914503098,80.2127075195,75260,75290,30
12.9914503098,80.2127075195,75290,75300,10
12.9912395477,80.2130279541,75300,75310,10
12.9910497665,80.2136611938,75310,75320,10
12.9909601212,80.2140426636,75320,75331,11
12.9906196594,80.2146224976,75331,75341,10
12.9900903702,80.2149124146,75341,75351,10
12.9895200729,80.2147598267,75351,75361,10
12.9892196655,80.2147216797,75361,75371,10
12.9890804291,80.2148971558,75371,75381,10
12.9887399673,80.2154083252,75381,75391,10
12.9883699417,80.2159500122,75391,75401,10
12.9880304337,80.2164993286,75401,75411,10
12.987739563,80.2173233032,75411,75421,10
12.9874601364,80.218132019,75421,75432,11
12.9873695374,80.2183380127,75432,75442,10
12.9872903824,80.2184295654,75442,75452,10
12.9870004654,80.2183609009,75452,75462,10
12.9868898392,80.2183303833,75462,75472,10
12.9865198135,80.218208313,75472,75482,10
12.9857397079,80.2180175781,75482,75492,10
12.984629631,80.2179794312,75492,75502,10
12.9839696884,80.2180099487,75502,75512,10
12.9839200974,80.2180175781,75512,75523,11
12.9833803177,80.2180175781,75523,75533,10
12.9825000763,80.2180175781,75533,75543,10
12.981470108,80.2180786133,75543,75553,10
12.980509758,80.2183837891,75553,75563,10
12.9799203873,80.2186126709,75563,75572,9
12.97935009,80.2188491821,75572,75581,9
12.9787797928,80.2190704346,75581,75593,12
12.9780397415,80.219367981,75593,75603,10
12.9771499634,80.2197570801,75603,75613,10
12.9766798019,80.2200012207,75613,75624,11
12.9764003754,80.2201309204,75624,75654,30
12.9764003754,80.2201309204,75654,75664,10
12.9760398865,80.2202682495,75664,75795,131
12.9760398865,80.2202682495,75795,75805,10
12.9756498337,80.2204208374,75805,75816,11
12.9755001068,80.2207336426,75816,75826,10
12.975810051,80.2211303711,75826,75836,10
12.9760704041,80.2213821411,75836,75846,10
12.9763498306,80.2218093872,75846,75847,1
12.9763698578,80.2218475342,75847,75848,1
12.9763898849,80.2218780518,75848,75894,46
12.9769601822,80.2229385376,75894,75904,10
12.9775104523,80.2238235474,75904,75915,11
12.9781503677,80.224822998,75915,75925,10
12.9785604477,80.2255096436,75925,75935,10
12.9790401459,80.2263412476,75935,75945,10
12.9796495438,80.2273178101,75945,75955,10
12.9802598953,80.2283172607,75955,75965,10
12.9807500839,80.2291870117,75965,75975,10
12.981180191,80.2298965454,75975,75985,10
12.9816303253,80.2305374146,75985,75995,10
12.9816398621,80.2305603027,75995,76005,10
12.9817399979,80.2307510376,76005,76016,11
12.9819698334,80.2314224243,76016,76025,9
12.9820299149,80.2321395874,76025,76036,11
12.9819698334,80.2326126099,76036,76046,10
12.9817800522,80.2331771851,76046,76056,10
12.9816198349,80.2334823608,76056,76067,11
12.9815797806,80.2335662842,76067,76077,10
12.9815301895,80.2336807251,76077,76087,10
12.9812898636,80.2341690063,76087,76097,10
12.981180191,80.2349472046,76097,76108,11
12.9812402725,80.2362365723,76108,76118,10
12.9812602997,80.2373428345,76118,76128,10
12.9812803268,80.2381820679,76128,76138,10
12.981300354,80.2386703491,76138,76148,10
12.9813203812,80.2387008667,76148,76158,10
12.9813098907,80.2391433716,76158,76168,10
12.9813203812,80.2397079468,76168,76178,10
12.9813299179,80.2403793335,76178,76188,10
12.9813404083,80.241317749,76188,76199,11
12.9813499451,80.2421035767,76199,76209,10
12.9813604355,80.2428131104,76209,76219,10
12.9813604355,80.243019104,76219,76229,10
12.9813499451,80.243270874,76229,76239,10
12.9812898636,80.2439880371,76239,76249,10
12.9811401367,80.2450408936,76249,76259,10
12.9809904099,80.246307373,76259,76269,10
12.9808597565,80.2477035522,76269,76279,10
12.9807500839,80.2490234375,76279,76289,10
12.9804801941,80.2506332397,76289,76300,11
12.9801397324,80.2520217896,76300,76310,10
12.9800901413,80.2522201538,76310,76320,10
12.9800596237,80.2524185181,76320,76330,10
12.9804496765,80.2526626587,76330,76340,10
12.981300354,80.2526168823,76340,76350,10
12.9824800491,80.2525787354,76350,76360,10
12.9837598801,80.2524108887,76360,76370,10
12.9848899841,80.2520904541,76370,76380,10
12.9856004715,80.2519073486,76380,76411,31
12.9856004715,80.2519073486,76411,76421,10
12.9856004715,80.2519683838,76421,76431,10
12.9860897064,80.2518005371,76431,76441,10
12.9868001938,80.2516326904,76441,76457,16
12.987279892,80.2514801025,76457,76469,12
12.9876699448,80.2513885498,76469,76477,8
12.9878997803,80.2515563965,76477,76489,12
12.9879703522,80.2519378662,76489,76500,11
12.9879903793,80.2524337769,76500,76510,10
12.9879198074,80.253036499,76510,76520,10
12.987859726,80.2537994385,76520,76530,10
12.9877996445,80.2542419434,76530,76550,20
12.9877996445,80.2542419434,76550,76560,10
12.9877996445,80.2543334961,76560,76570,10
12.9877500534,80.2547836304,76570,76580,10
12.987739563,80.2548522949,76580,76591,11
12.9877004623,80.2553024292,76591,76601,10
12.9876403809,80.2558364868,76601,76611,10
12.9875602722,80.2565078735,76611,76621,10
12.9875202179,80.257019043,76621,76631,10
12.9874696732,80.2577285767,76631,76641,10
12.9874200821,80.2582778931,76641,76651,10
12.9873600006,80.2588119507,76651,76661,10
12.9872598648,80.2593078613,76661,76702,41
12.9872598648,80.2593078613,76702,76712,10
12.9872598648,80.2595291138,76712,76722,10
12.9871196747,80.2596206665,76722,76732,10
12.9869804382,80.2595291138,76732,76742,10
12.9869804382,80.2593383789,76742,77664,922
12.9869804382,80.2593383789,77664,77674,10
12.9870004654,80.2590332031,77674,82222,4548
12.9870004654,80.2590332031,82222,82232,10
