13.0986700058,80.2407608032,16,1883,1867
13.0985097885,80.2408218384,1883,3143,1260
13.0986404419,80.2407531738,3143,4081,938
13.0986204147,80.2407989502,4081,4262,181
13.0986604691,80.2407836914,4262,20002,15740
13.0986604691,80.2407836914,20002,20012,10
13.0989198685,80.240852356,20012,20022,10
13.0989198685,80.2411575317,20022,20031,9
13.0988998413,80.2413406372,20031,20042,11
13.0988397598,80.2416229248,20042,20052,10
13.0988397598,80.2416229248,20052,20062,10
13.0987997055,80.2418823242,20062,20072,10
13.0987997055,80.2418823242,20072,20082,10
13.0987796783,80.2420578003,20082,20092,10
13.0986499786,80.2422485352,20092,20102,10
13.0983400345,80.2422714233,20102,20112,10
13.0979700089,80.2422485352,20112,20122,10
13.0975799561,80.2422103882,20122,20132,10
13.097410202,80.2421188354,20132,20143,11
13.0974903107,80.2417297363,20143,20153,10
13.0976104736,80.2411193848,20153,20163,10
13.0976400375,80.240562439,20163,20173,10
13.0977096558,80.2399215698,20173,20183,10
13.0977497101,80.2392120361,20183,20193,10
13.0978403091,80.2384185791,20193,20203,10
13.0979995728,80.2376174927,20203,20213,10
13.0981397629,80.2368087769,20213,20223,10
13.0982599258,80.236076355,20223,20233,10
13.0983800888,80.2353668213,20233,20243,10
13.0985202789,80.2345962524,20243,20254,11
13.0986099243,80.2335510254,20254,20264,10
13.0987300873,80.2326965332,20264,20274,10
13.0988998413,80.2320709229,20274,20284,10
13.0991001129,80.2315597534,20284,20294,10
13.0993003845,80.2311172485,20294,20304,10
13.0995101929,80.2306289673,20304,20314,10
13.0996999741,80.229888916,20314,20324,10
13.0998096466,80.2293395996,20324,20334,10
13.0998802185,80.228843689,20334,20344,10
13.0999698639,80.2283477783,20344,20354,10
13.1000299454,80.2276611328,20354,20364,10
13.1000404358,80.2268600464,20364,20374,10
13.0999803543,80.2261428833,20374,20385,11
13.0999298096,80.2255172729,20385,20395,10
13.0997600555,80.2247314453,20395,20405,10
13.0995502472,80.2240524292,20405,20415,10
13.0993299484,80.2237091064,20415,20425,10
13.0991201401,80.2234573364,20425,20435,10
13.0989303589,80.2232208252,20435,20445,10
13.0987701416,80.2229614258,20445,20455,10
13.098739624,80.2222976685,20455,20465,10
13.0988302231,80.2214508057,20465,20475,10
13.0989904404,80.2204971313,20475,20485,10
13.0991201401,80.2197418213,20485,20495,10
13.0991897583,80.2193603516,20495,20505,10
13.0992298126,80.219039917,20505,20516,11
13.0993499756,80.2182617188,20516,20526,10
13.0994796753,80.2174835205,20526,20536,10
13.0996799469,80.2167663574,20536,20546,10
13.0999202728,80.2161178589,20546,20556,10
13.0999603271,80.2156600952,20556,20626,70
13.0999603271,80.2156600952,20626,20636,10
13.1000900269,80.2154769897,20636,20647,11
13.1002397537,80.2146911621,20647,20848,201
13.1002397537,80.2146911621,20848,20858,10
13.1000404358,80.2144622803,20858,20869,11
13.0997896194,80.2144088745,20869,20879,10
13.0993003845,80.2142791748,20879,20887,8
13.0988702774,80.2141494751,20887,20899,12
13.0984296799,80.2141494751,20899,20909,10
13.0981998444,80.2146987915,20909,20919,10
13.0979003906,80.2154083252,20919,20929,10
13.0975999832,80.2161407471,20929,20939,10
13.097410202,80.2166976929,20939,20949,10
13.0973901749,80.2167282104,20949,20959,10
13.0973796844,80.2168197632,20959,20969,10
13.0972003937,80.2172698975,20969,20979,10
13.0970201492,80.2177810669,20979,20990,11
13.0969696045,80.2179031372,20990,21000,10
13.0968198776,80.2182922363,21000,21010,10
13.0965995789,80.2190170288,21010,21020,10
13.0963096619,80.2197799683,21020,21030,10
13.0959596634,80.2208023071,21030,21040,10
13.0956802368,80.2216110229,21040,21050,10
13.0953798294,80.2224578857,21050,21058,8
13.0950803757,80.2231826782,21058,21069,11
13.0943698883,80.2241973877,21069,21080,11
13.0936403275,80.2250976563,21080,21094,14
13.0926599503,80.2261199951,21094,21104,10
13.0920200348,80.2267608643,21104,21114,10
13.0912399292,80.2276000977,21114,21134,20
13.0912399292,80.2276000977,21134,21144,10
13.0909795761,80.2278671265,21144,21154,10
13.0905199051,80.2283401489,21154,21164,10
13.0899200439,80.2289886475,21164,21187,23
13.0891103745,80.2302322388,21187,21199,12
13.0888395309,80.2309112549,21199,21219,20
13.0888395309,80.2309112549,21219,21230,11
13.088640213,80.2313232422,21230,21240,10
13.0884504318,80.2319412231,21240,21250,10
13.0881795883,80.2329025269,21250,21259,9
13.088060379,80.2336425781,21259,21269,10
13.0879402161,80.2343902588,21269,21280,11
13.0871601105,80.2345733643,21280,21290,10
13.0865402222,80.2345428467,21290,21300,10
13.0858001709,80.2343826294,21300,21310,10
13.084810257,80.2341308594,21310,21320,10
13.0839700699,80.2339477539,21320,21330,10
13.0833902359,80.2338409424,21330,21341,11
13.0823802948,80.2336578369,21341,21361,20
13.0823802948,80.2336578369,21361,21371,10
13.0820503235,80.2336120605,21371,21381,10
13.0813999176,80.2335586548,21381,21391,10
13.0805702209,80.2335586548,21391,21401,10
13.0799303055,80.233581543,21401,21411,10
13.0792102814,80.2335891724,21411,21421,10
13.0785999298,80.2336120605,21421,21431,10
13.0779399872,80.2336196899,21431,21441,10
13.0772399902,80.2336883545,21441,21452,11
13.0765104294,80.2338104248,21452,21462,10
13.0760698318,80.2339019775,21462,21471,9
13.0758800507,80.2339401245,21471,21482,11
13.0759296417,80.2343521118,21482,21491,9
13.0760498047,80.2349014282,21491,21502,11
13.0762796402,80.2359237671,21502,21512,10
13.0763998032,80.2367019653,21512,21522,10
13.076499939,80.2371520996,21522,21532,10
13.076499939,80.2373199463,21532,21542,10
13.0766201019,80.2378463745,21542,21552,10
13.0767803192,80.2385787964,21552,21562,10
13.0769796371,80.2394104004,21562,21573,11
13.0771799088,80.2402267456,21573,21583,10
13.0772199631,80.2406005859,21583,21593,10
13.076789856,80.2406387329,21593,21603,10
13.0761404037,80.2405166626,21603,21612,9
13.0754203796,80.2405166626,21612,21623,11
13.0745401382,80.2405319214,21623,21632,9
13.0739202499,80.2405776978,21632,21643,11
13.0730800629,80.2408218384,21643,21653,10
13.0723800659,80.2411193848,21653,21663,10
13.0715503693,80.241607666,21663,21673,10
13.0708703995,80.2418670654,21673,21684,11
13.0703496933,80.2420578003,21684,21693,9
13.0703001022,80.2420730591,21693,21703,10
13.0699996948,80.2421188354,21703,21714,11
13.0694599152,80.2422790527,21714,21724,10
13.0689201355,80.2425079346,21724,21734,10
13.0680799484,80.2427368164,21734,21744,10
13.0672397614,80.2430419922,21744,21753,9
13.066619873,80.243309021,21753,21764,11
13.0661096573,80.2439498901,21764,21774,10
13.0662202835,80.2447662354,21774,21784,10
13.0663795471,80.2456817627,21784,21794,10
13.067029953,80.2461395264,21794,21805,11
13.0676202774,80.2464065552,21805,21815,10
13.0678796768,80.2466812134,21815,21825,10
13.0679302216,80.2468338013,21825,21835,10
13.0679597855,80.2474212646,21835,21845,10
13.0676002502,80.2479095459,21845,21855,10
13.0667896271,80.2478790283,21855,21865,10
13.0659704208,80.2478408813,21865,21875,10
13.0651798248,80.247756958,21875,21885,10
13.0640802383,80.2476806641,21885,21895,10
13.0630903244,80.2476196289,21895,21905,10
13.0621204376,80.2476730347,21905,21916,11
13.0614004135,80.2472610474,21916,21926,10
13.0614900589,80.2467803955,21926,21936,10
13.061829567,80.2462081909,21936,21946,10
13.0620098114,80.2453689575,21946,21955,9
13.0624904633,80.2449188232,21955,21966,11
13.0631198883,80.2443771362,21966,21976,10
13.0631504059,80.2442932129,21976,21986,10
13.0633602142,80.2439193726,21986,21994,8
13.0626001358,80.243347168,21994,22006,12
13.0619602203,80.2432403564,22006,22016,10
13.0619602203,80.2432403564,22016,22026,10
13.0613603592,80.2431488037,22026,22037,11
13.0607404709,80.2429885864,22037,22047,10
13.0602903366,80.2427978516,22047,22057,10
13.0596904755,80.2425994873,22057,22067,10
13.0590896606,80.2425613403,22067,22077,10
13.0587100983,80.2426071167,22077,22087,10
13.0585899353,80.2426528931,22087,22097,10
13.0581798553,80.2427368164,22097,22107,10
13.0574798584,80.2428283691,22107,22117,10
13.0568199158,80.2427520752,22117,22127,10
13.0561599731,80.2424468994,22127,22137,10
13.0553703308,80.2422714233,22137,22147,10
13.0544996262,80.2423782349,22147,22157,10
13.0538101196,80.2422866821,22157,22168,11
13.0536699295,80.2421875,22168,22179,11
13.0532598495,80.2419662476,22179,22189,10
13.0525999069,80.2416992188,22189,22199,10
13.052189827,80.2411422729,22199,22209,10
13.0519599915,80.2408218384,22209,22220,11
13.0516195297,80.2406997681,22220,22230,10
13.0510902405,80.2406005859,22230,22240,10
13.0509395599,80.240562439,22240,22250,10
13.050620079,80.2405014038,22250,22260,10
13.0499601364,80.2403488159,22260,22270,10
13.0490503311,80.2401580811,22270,22280,10
13.0481300354,80.2399673462,22280,22291,11
13.0473899841,80.2398071289,22291,22301,10
13.0466604233,80.2396469116,22301,22311,10
13.0461997986,80.2394180298,22311,22321,10
13.0462999344,80.2390899658,22321,22331,10
13.0464296341,80.2384872437,22331,22341,10
13.0466098785,80.2377319336,22341,22351,10
13.0468101501,80.2368621826,22351,22361,10
13.0469398499,80.2361831665,22361,22370,9
13.0470104218,80.2358322144,22370,22380,10
13.0470399857,80.2355575562,22380,22391,11
13.0471496582,80.2349014282,22391,22401,10
13.047249794,80.2340774536,22401,22412,11
13.0473403931,80.2331771851,22412,22422,10
13.0467996597,80.2329788208,22422,22432,10
13.0460500717,80.2328262329,22432,22442,10
13.0453701019,80.2327423096,22442,22452,10
13.045249939,80.2326812744,22452,22462,10
13.0451803207,80.2325973511,22462,22472,10
13.0447902679,80.2325592041,22472,22482,10
13.0439796448,80.2323989868,22482,22492,10
13.0432596207,80.2323226929,22492,22502,10
13.0426197052,80.2323226929,22502,22512,10
13.0419301987,80.2322769165,22512,22522,10
13.041179657,80.2321014404,22522,22533,11
13.0402698517,80.2317733765,22533,22543,10
13.0393800735,80.2315368652,22543,22553,10
13.0384702682,80.2312698364,22553,22563,10
13.0375299454,80.2310028076,22563,22573,10
13.036860466,80.2308120728,22573,22583,10
13.0366001129,80.23072052,22583,22593,10
13.0360603333,80.2305374146,22593,22603,10
13.0353403091,80.2303390503,22603,22613,10
13.0349197388,80.2303009033,22613,22623,10
13.0347003937,80.2303314209,22623,22633,10
13.0344200134,80.2304000854,22633,22644,11
13.0341396332,80.2304534912,22644,22654,10
13.0340003967,80.2304611206,22654,22664,10
13.0336103439,80.2304763794,22664,22674,10
13.0330896378,80.2305221558,22674,22684,10
13.0325298309,80.2305831909,22684,22693,9
13.0318803787,80.2306365967,22693,22704,11
13.0312004089,80.2306900024,22704,22715,11
13.0305500031,80.230758667,22715,22725,10
13.0300502777,80.230796814,22725,22735,10
13.0297203064,80.2308425903,22735,22745,10
13.0295600891,80.2308578491,22745,22776,31
13.0295600891,80.2308578491,22776,22786,10
13.0293998718,80.2308502197,22786,22796,10
13.0289096832,80.2309188843,22796,22806,10
13.0282402039,80.2309875488,22806,22816,10
13.0277395248,80.2310562134,22816,22826,10
13.0277204514,80.2313690186,22826,22836,10
13.0277900696,80.2320022583,22836,22846,10
13.0278997421,80.2325973511,22846,22856,10
13.0274200439,80.2328720093,22856,22866,10
13.0269002914,80.2329711914,22866,22877,11
13.0265197754,80.232963562,22877,22887,10
13.0262899399,80.2324295044,22887,22897,10
13.0260601044,80.2315979004,22897,22907,10
13.0257501602,80.2305679321,22907,22916,9
13.0252199173,80.2297592163,22916,22927,11
13.024600029,80.2289428711,22927,22936,9
13.0239896774,80.2283096313,22936,22958,22
13.0239896774,80.2283096313,22958,22968,10
13.0238399506,80.2281265259,22968,22978,10
13.0235700607,80.2278213501,22978,22988,10
13.0233297348,80.2275924683,22988,22999,11
13.0229597092,80.227180481,22999,23008,9
13.0224704742,80.2266998291,23008,23021,13
13.0216197968,80.2259979248,23021,23031,10
13.0209302902,80.2254486084,23031,23041,10
13.0203199387,80.2250213623,23041,23051,10
13.0197896957,80.2246627808,23051,23061,10
13.0192699432,80.2244491577,23061,23071,10
13.0185403824,80.2245635986,23071,23081,10
13.0177497864,80.2249069214,23081,23091,10
13.016869545,80.2252807617,23091,23115,24
13.0152997971,80.2258834839,23115,23127,12
13.0143003464,80.226272583,23127,23137,10
13.0139198303,80.2264709473,23137,23147,10
13.0137996674,80.2265090942,23147,23157,10
13.0132904053,80.2266998291,23157,23166,9
13.0127401352,80.2268981934,23166,23177,11
13.0117797852,80.2272567749,23177,23187,10
13.0109901428,80.2275924683,23187,23196,9
13.010020256,80.2279968262,23196,23208,12
13.0091199875,80.2287063599,23208,23218,10
13.0089101791,80.2297592163,23218,23228,10
13.0086803436,80.2309188843,23228,23239,11
13.008480072,80.2320175171,23239,23249,10
13.0083503723,80.2328796387,23249,23259,10
13.0083198547,80.2333221436,23259,23269,10
13.0082798004,80.2334365845,23269,23279,10
13.0081396103,80.2338790894,23279,23289,10
13.0079803467,80.2345733643,23289,23299,10
13.0078201294,80.2353973389,23299,23309,10
13.0074300766,80.2374191284,23309,23319,10
13.0074300766,80.2374191284,23319,23329,10
13.0072603226,80.2383575439,23329,23339,10
13.0071001053,80.2391433716,23339,23349,10
13.0069799423,80.2398376465,23349,23360,11
13.0069599152,80.2402114868,23360,23370,10
13.006939888,80.2404708862,23370,23380,10
13.0068902969,80.2408218384,23380,23390,10
13.0068597794,80.2410125732,23390,23400,10
13.0067796707,80.2415466309,23400,23410,10
13.006770134,80.2423934937,23410,23420,10
13.0067100525,80.243270874,23420,23430,10
13.0067195892,80.2444381714,23430,23440,10
13.0067195892,80.2455368042,23440,23450,10
13.0067596436,80.2466430664,23450,23460,10
13.0067596436,80.2476730347,23460,23470,10
13.0067901611,80.2486190796,23470,23481,11
13.0068998337,80.249382019,23481,23490,9
13.0068998337,80.2495117188,23490,23501,11
13.0068902969,80.2499084473,23501,23511,10
13.0068702698,80.250541687,23511,23521,10
13.0068702698,80.2512664795,23521,23531,10
13.0067501068,80.251991272,23531,23541,10
13.0066204071,80.2528991699,23541,23551,10
13.0066204071,80.2538528442,23551,23560,9
13.0066699982,80.2546463013,23560,23570,10
13.0066699982,80.2549667358,23570,23581,11
13.0066404343,80.2552032471,23581,23591,10
13.0066299438,80.255859375,23591,23602,11
13.0067396164,80.2571182251,23602,23642,40
13.0067396164,80.2571182251,23642,23652,10
13.0068101883,80.2574005127,23652,23662,10
13.0064201355,80.257598877,23662,23672,10
13.0060501099,80.2574615479,23672,23682,10
13.0051403046,80.2572631836,23682,23692,10
13.0043802261,80.2570800781,23692,23702,10
13.0036001205,80.2569198608,23702,23712,10
13.0029096603,80.2567901611,23712,23723,11
13.0021400452,80.2566375732,23723,23733,10
13.0016098022,80.2565765381,23733,23743,10
13.0011396408,80.2565231323,23743,23753,10
13.0004796982,80.2564163208,23753,23763,10
13.0002298355,80.2563781738,23763,23773,10
12.9999198914,80.2563095093,23773,23783,10
12.9992799759,80.2561569214,23783,23793,10
12.9985198975,80.2560195923,23793,23803,10
12.9980602264,80.2559814453,23803,23813,10
12.9975004196,80.2559509277,23813,23823,10
12.9969797134,80.2560424805,23823,23833,10
12.9968996048,80.2568588257,23833,23864,31
12.9968996048,80.2568588257,23864,23874,10
12.9969396591,80.2571029663,23874,23884,10
12.9968700409,80.2576065063,23884,23894,10
12.9967699051,80.2583236694,23894,23904,10
12.9966697693,80.2590637207,23904,23914,10
12.9965400696,80.2598266602,23914,23924,10
12.9964599609,80.2606430054,23924,23934,10
12.9963903427,80.261428833,23934,23944,10
12.9963197708,80.2619934082,23944,23954,10
12.9962596893,80.2623519897,23954,23965,11
12.9961996078,80.2624511719,23965,23975,10
12.9961700439,80.262840271,23975,23985,10
12.9961395264,80.263458252,23985,23995,10
12.9960803986,80.2641601563,23995,24005,10
12.9960098267,80.2648620605,24005,24015,10
12.995929718,80.2656097412,24015,24025,10
12.9958295822,80.2664413452,24025,24035,10
12.9957504272,80.2672576904,24035,24045,10
12.9960603714,80.2677001953,24045,24065,20
12.9960603714,80.2677001953,24065,24075,10
12.9963998795,80.2677536011,24075,24085,10
12.9970397949,80.2677001953,24085,24096,11
12.9978504181,80.2674713135,24096,24106,10
12.9986400604,80.2672576904,24106,24116,10
12.999250412,80.2670516968,24116,24126,10
12.9999303818,80.2667770386,24126,24136,10
13.0000801086,80.2666015625,24136,24146,10
13.0001001358,80.2665405273,24146,24156,10
13.0001401901,80.2662506104,24156,24166,10
13.0001802444,80.265838623,24166,24176,10
13.0003204346,80.2657318115,24176,24186,10
13.0003595352,80.2658996582,24186,24196,10
13.0003595352,80.2660598755,24196,24206,10
13.0003404617,80.2661972046,24206,24892,686
13.0003404617,80.2661972046,24892,24902,10
13.0003204346,80.266456604,24902,24912,10
13.0003004074,80.2666931152,24912,24922,10
12.9998703003,80.2668914795,24922,24932,10
12.9991502762,80.2670974731,24932,24942,10
12.9982595444,80.2673568726,24942,24953,11
12.9973096848,80.2676467896,24953,24963,10
12.9964199066,80.2677612305,24963,24973,10
12.9957895279,80.2676773071,24973,24983,10
12.9957103729,80.2675170898,24983,24993,10
12.9957304001,80.2674026489,24993,25003,10
12.9957895279,80.2668685913,25003,25013,10
12.9958095551,80.2664794922,25013,25023,10
12.9958400726,80.2661895752,25023,25033,10
12.995929718,80.2655029297,25033,25043,10
12.9960298538,80.2646408081,25043,25053,10
12.9961299896,80.2637405396,25053,25063,10
12.9962100983,80.2630386353,25063,25074,11
12.9962596893,80.2626190186,25074,25084,10
12.9962902069,80.2624816895,25084,25094,10
12.9963197708,80.2621994019,25094,25104,10
12.9963798523,80.261756897,25104,25114,10
12.9964504242,80.2610473633,25114,25124,10
12.9965400696,80.2602233887,25124,25134,10
12.996629715,80.2593231201,25134,25144,10
12.9966897964,80.2583999634,25144,25154,10
12.9968004227,80.2574234009,25154,25164,10
12.9968795776,80.2565689087,25164,25174,10
12.996919632,80.2560501099,25174,25195,21
12.996919632,80.2560501099,25195,25205,10
12.9969396591,80.2560119629,25205,25215,10
12.9970397949,80.2558135986,25215,25225,10
12.9974803925,80.255821228,25225,25235,10
12.9981603622,80.2559204102,25235,25245,10
12.9987001419,80.2559814453,25245,25255,10
12.9987297058,80.2559890747,25255,25265,10
12.9988298416,80.2560424805,25265,25275,10
12.9990797043,80.2561035156,25275,25285,10
12.9991397858,80.256111145,25285,25295,10
12.9994001389,80.2561569214,25295,25305,10
12.9999904633,80.2562637329,25305,25315,10
13.0008001328,80.256401062,25315,25326,11
13.0012102127,80.2564697266,25326,25336,10
13.0014295578,80.2565231323,25336,25346,10
13.0020103455,80.2566070557,25346,25356,10
13.0027999878,80.2567367554,25356,25366,10
13.0037403107,80.2568969727,25366,25376,10
13.0048103333,80.2571182251,25376,25386,10
13.0058803558,80.2573165894,25386,25396,10
13.0064401627,80.2574081421,25396,25406,10
13.0066099167,80.2572097778,25406,25416,10
13.006529808,80.2565383911,25416,25426,10
13.006529808,80.2555923462,25426,25436,10
13.0065603256,80.2544631958,25436,25447,11
13.0065498352,80.2534408569,25447,25457,10
13.0065698624,80.2532196045,25457,25467,10
13.0065803528,80.2529373169,25467,25477,10
13.0066795349,80.2520370483,25477,25517,40
13.0066795349,80.2520370483,25517,25527,10
13.0067300797,80.251663208,25527,25537,10
13.0068101883,80.2508926392,25537,25547,10
13.0068101883,80.2500762939,25547,25557,10
13.006819725,80.2499237061,25557,25568,11
13.0068397522,80.2493667603,25568,25578,10
13.0067796707,80.2485809326,25578,25588,10
13.0067300797,80.2477493286,25588,25598,10
13.0067195892,80.2469787598,25598,25608,10
13.0066795349,80.246421814,25608,25618,10
13.0066795349,80.246307373,25618,25628,10
13.0066699982,80.2460021973,25628,25638,10
13.0066604614,80.2453079224,25638,25648,10
13.0066404343,80.2443771362,25648,25658,10
13.0066204071,80.2433166504,25658,25668,10
13.0066099167,80.2423400879,25668,25678,10
13.0066404343,80.2411727905,25678,25689,11
13.0067195892,80.2405319214,25689,25699,10
13.0067195892,80.2405014038,25699,25709,10
13.0067996979,80.2401580811,25709,25719,10
13.0069198608,80.2395095825,25719,25729,10
13.0070800781,80.2386627197,25729,25739,10
13.0072803497,80.237701416,25739,25749,10
13.007399559,80.2369766235,25749,25759,10
13.007399559,80.236907959,25759,25769,10
13.0074300766,80.2367706299,25769,25779,10
13.0075798035,80.236289978,25779,25789,10
13.0077295303,80.2355270386,25789,25799,10
13.0079402924,80.2345809937,25799,25810,11
13.0081996918,80.2332763672,25810,25820,10
13.0084400177,80.2320175171,25820,25830,10
13.0086898804,80.2307128906,25830,25840,10
13.0089502335,80.2294082642,25840,25850,10
13.0092201233,80.2281494141,25850,25860,10
13.0097198486,80.2270278931,25860,25870,10
13.0101995468,80.2260131836,25870,25880,10
13.0106697083,80.2250900269,25880,25890,10
13.0109996796,80.2242279053,25890,25900,10
13.0113801956,80.223197937,25900,25910,10
13.011759758,80.2221984863,25910,25920,10
13.0120897293,80.2214736938,25920,25931,11
13.0124101639,80.2215805054,25931,25941,10
13.0127496719,80.2220611572,25941,25951,10
13.0131397247,80.2225036621,25951,25961,10
13.0136899948,80.2231063843,25961,25971,10
13.0143203735,80.2238464355,25971,25981,10
13.0149202347,80.2245788574,25981,25991,10
13.0154495239,80.2249679565,25991,26011,20
13.0154495239,80.2249679565,26011,26021,10
13.0156497955,80.2251586914,26021,26031,10
13.0162296295,80.2253799438,26031,26041,10
13.0171203613,80.2251205444,26041,26051,10
13.0180797577,80.2247390747,26051,26062,11
13.0190696716,80.2244262695,26062,26078,16
13.0196504593,80.2244873047,26078,26090,12
13.0198202133,80.2246398926,26090,26100,10
13.0202703476,80.2249679565,26100,26110,10
13.0208797455,80.2253875732,26110,26120,10
13.0217199326,80.2259979248,26120,26129,9
13.0220098495,80.2261962891,26129,26140,11
13.02202034,80.2262420654,26140,26149,9
13.0222301483,80.2264328003,26149,26160,11
13.0226697922,80.2268218994,26160,26169,9
13.023229599,80.2273178101,26169,26181,12
13.0240297318,80.2281265259,26181,26190,9
13.0243396759,80.2285308838,26190,26201,11
13.0246696472,80.2289810181,26201,26210,9
13.0251102448,80.2295684814,26210,26221,11
13.0256700516,80.2303390503,26221,26231,10
13.0260095596,80.2311477661,26231,26241,10
13.0263996124,80.2313308716,26241,26251,10
13.0271396637,80.2311325073,26251,26261,10
13.0279903412,80.2309494019,26261,26271,10
13.0284795761,80.2309112549,26271,26281,10
13.0288000107,80.2308731079,26281,26291,10
13.0293798447,80.2308425903,26291,26301,10
13.0299196243,80.2307815552,26301,26312,11
13.0306997299,80.23072052,26312,26328,16
13.0318603516,80.2306518555,26328,26340,12
13.0328998566,80.2305603027,26340,26349,9
13.0336904526,80.2304992676,26349,26360,11
13.0343599319,80.2304229736,26360,26379,19
13.0343599319,80.2304229736,26379,26390,11
13.0345401764,80.2304000854,26390,26399,9
13.0348796844,80.2303466797,26399,26409,10
13.0349798203,80.2304916382,26409,26420,11
13.0349197388,80.2310409546,26420,26431,11
13.0347995758,80.2319107056,26431,26441,10
13.0346899033,80.2327423096,26441,26451,10
13.0346002579,80.2334289551,26451,26461,10
13.0344800949,80.2341308594,26461,26471,10
13.0343904495,80.234916687,26471,26481,10
13.0342998505,80.2358016968,26481,26491,10
13.0342102051,80.2367706299,26491,26501,10
13.0343198776,80.2373504639,26501,26511,10
13.0344600677,80.2376327515,26511,26521,10
13.0347700119,80.2381134033,26521,26531,10
13.035200119,80.2388076782,26531,26541,10
13.0356798172,80.2393722534,26541,26551,10
13.0365104675,80.2394790649,26551,26562,11
13.0375900269,80.239616394,26562,26572,10
13.0385704041,80.2397384644,26572,26582,10
13.0393800735,80.2398300171,26582,26598,16
13.0403699875,80.2400512695,26598,26610,12
13.0405902863,80.2405319214,26610,26620,10
13.0412902832,80.2406387329,26620,26630,10
13.042090416,80.2407531738,26630,26640,10
13.0430898666,80.2408905029,26640,26650,10
13.0440597534,80.2409286499,26650,26660,10
13.0445995331,80.240562439,26660,26671,11
13.0447502136,80.2404327393,26671,26681,10
13.0451097488,80.240196228,26681,26692,11
13.0457201004,80.2398223877,26692,26702,10
13.0463600159,80.2396011353,26702,26713,11
13.0465602875,80.2396469116,26713,26723,10
13.0466995239,80.239692688,26723,26733,10
13.0471696854,80.2397766113,26733,26743,10
13.0478696823,80.2399368286,26743,26753,10
13.0486602783,80.2400817871,26753,26763,10
13.0494003296,80.2402191162,26763,26773,10
13.0499401093,80.2403335571,26773,26783,10
13.0505199432,80.2404632568,26783,26793,10
13.0511302948,80.2405776978,26793,26804,11
13.0513000488,80.2406082153,26804,26814,10
13.0516395569,80.2406997681,26814,26824,10
13.0522203445,80.2408370972,26824,26834,10
13.0525798798,80.2412719727,26834,26844,10
13.052980423,80.2418365479,26844,26854,10
13.0537395477,80.2421722412,26854,26864,10
13.0541296005,80.2422790527,26864,26874,10
13.0543003082,80.2423171997,26874,26884,10
13.0548801422,80.2423629761,26884,26894,10
13.0556898117,80.2423019409,26894,26904,10
13.0564403534,80.2425765991,26904,26914,10
13.0567998886,80.2426300049,26914,26925,11
13.0568199158,80.2426300049,26925,26935,10
13.0571203232,80.2427597046,26935,26945,10
13.0576200485,80.2427825928,26945,26955,10
13.0577697754,80.2427902222,26955,26965,10
13.0581598282,80.2427368164,26965,26975,10
13.0588197708,80.2426223755,26975,26986,11
13.0595598221,80.2425689697,26986,26998,12
13.0603704453,80.2428512573,26998,27007,9
13.0610799789,80.2430801392,27007,27018,11
13.0618200302,80.2432479858,27018,27028,10
13.0623102188,80.2433395386,27028,27038,10
13.0625200272,80.2433700562,27038,27049,11
13.0626401901,80.2433929443,27049,27059,10
13.0631198883,80.2434997559,27059,27069,10
13.0637397766,80.2435379028,27069,27079,10
13.064499855,80.243560791,27079,27088,9
13.0652103424,80.243560791,27088,27099,11
13.0657596588,80.2435302734,27099,27129,30
13.0657596588,80.2435302734,27129,27139,10
13.0659999847,80.2434616089,27139,27149,10
13.0665597916,80.2433013916,27149,27159,10
13.0672702789,80.243019104,27159,27170,11
13.0682001114,80.2426986694,27170,27180,10
13.0689201355,80.24243927,27180,27190,10
13.0695800781,80.2422027588,27190,27200,10
13.0700302124,80.2421035767,27200,27210,10
13.0700798035,80.2421188354,27210,27220,10
13.0704603195,80.2420425415,27220,27230,10
13.0711202621,80.2418365479,27230,27240,10
13.0719404221,80.2414627075,27240,27250,10
13.0727796555,80.2409362793,27250,27260,10
13.0736703873,80.2406616211,27260,27270,10
13.0745601654,80.2405166626,27270,27280,10
13.0755701065,80.2405014038,27280,27290,10
13.0765600204,80.2405471802,27290,27301,11
13.077170372,80.240447998,27301,27311,10
13.077050209,80.2397537231,27311,27321,10
13.0768203735,80.238899231,27321,27331,10
13.0766296387,80.2381896973,27331,27341,10
13.0765199661,80.2375869751,27341,27351,10
13.0763998032,80.2369918823,27351,27370,19
13.0763998032,80.2369918823,27370,27380,10
13.0763502121,80.2366485596,27380,27391,11
13.076259613,80.2359390259,27391,27401,10
13.0760803223,80.2350921631,27401,27411,10
13.0758495331,80.2341079712,27411,27482,71
13.0758495331,80.2341079712,27482,27492,10
13.0758104324,80.2339782715,27492,27502,10
13.076210022,80.2337799072,27502,27512,10
13.0767602921,80.2337112427,27512,27522,10
13.0769100189,80.2337036133,27522,27532,10
13.0773801804,80.2336425781,27532,27543,11
13.0779895782,80.2335891724,27543,27553,10
13.0787601471,80.233543396,27553,27563,10
13.0795602798,80.2335205078,27563,27573,10
13.080160141,80.2335205078,27573,27583,10
13.0803604126,80.233543396,27583,27593,10
13.0804595947,80.2335662842,27593,27603,10
13.0808801651,80.233581543,27603,27613,10
13.081609726,80.2336196899,27613,27623,10
13.0820198059,80.2334136963,27623,27633,10
13.0821199417,80.2326583862,27633,27643,10
13.0824098587,80.2317428589,27643,27653,10
13.0827703476,80.2308883667,27653,27663,10
13.0829696655,80.2306518555,27663,27674,11
13.0831604004,80.2308578491,27674,27684,10
13.0832099915,80.2315292358,27684,27694,10
13.0832700729,80.232383728,27694,27704,10
13.0834598541,80.233291626,27704,27714,10
13.0837402344,80.2339019775,27714,27724,10
13.0840797424,80.2339782715,27724,27734,10
13.0841999054,80.2340164185,27734,27744,10
13.0846204758,80.2341308594,27744,27754,10
13.0851898193,80.2342605591,27754,27764,10
13.0859298706,80.2344512939,27764,27774,10
13.0867395401,80.2345581055,27774,27785,11
13.0877599716,80.2344894409,27785,27795,10
13.0879898071,80.2336807251,27795,27805,10
13.0881795883,80.2326889038,27805,27815,10
13.0884199142,80.2317276001,27815,27825,10
13.0886802673,80.2310028076,27825,27835,10
13.0889101028,80.2304992676,27835,27845,10
13.0889196396,80.2304916382,27845,27855,10
13.0890598297,80.23021698,27855,27865,10
13.0893802643,80.229637146,27865,27875,10
13.0899600983,80.2289199829,27875,27885,10
13.0906801224,80.2281417847,27885,27895,10
13.0912599564,80.2274780273,27895,27906,11
13.0914402008,80.2272720337,27906,27916,10
13.091509819,80.2271881104,27916,27926,10
13.0918397903,80.2268981934,27926,27936,10
13.0923404694,80.2263793945,27936,27946,10
13.0929498672,80.2257766724,27946,27956,10
13.093290329,80.2254180908,27956,27966,10
13.093460083,80.2252426147,27966,27976,10
13.0938796997,80.2247619629,27976,27986,10
13.0943899155,80.224067688,27986,27996,10
13.0949802399,80.223197937,27996,28006,10
13.0953598022,80.2222900391,28006,28016,10
13.095749855,80.2212295532,28016,28026,10
13.0960597992,80.2203216553,28026,28037,11
13.0962600708,80.2196807861,28037,28047,10
13.0962696075,80.2196578979,28047,28057,10
13.0964403152,80.2192001343,28057,28087,30
13.0964403152,80.2192001343,28087,28097,10
13.0964603424,80.2191314697,28097,28107,10
13.0966396332,80.2187271118,28107,28117,10
13.0968599319,80.2180175781,28117,28127,10
13.0971403122,80.2172012329,28127,28137,10
13.0974903107,80.2163085938,28137,28147,10
13.0978803635,80.2154006958,28147,28158,11
13.0982398987,80.2145767212,28158,28168,10
13.0983104706,80.2144622803,28168,28178,10
13.0983400345,80.2143783569,28178,28188,10
13.0984897614,80.2140808105,28188,28198,10
13.0988998413,80.2141189575,28198,28208,10
13.0994100571,80.214302063,28208,28218,10
13.0999002457,80.2144393921,28218,28228,10
13.1001901627,80.2145080566,28228,28238,10
13.1001996994,80.2145233154,28238,28248,10
13.1004199982,80.2146072388,28248,28268,20
13.1004199982,80.2146072388,28268,28279,11
13.1006097794,80.2146987915,28279,28289,10
13.1004400253,80.2151794434,28289,28299,10
13.1001596451,80.2158126831,28299,28309,10
13.1000299454,80.2160720825,28309,28319,10
13.0999002457,80.2160415649,28319,28329,10
13.1000204086,80.2156829834,28329,28339,10
13.1001796722,80.2153167725,28339,28349,10
13.1002597809,80.2147521973,28349,30103,1754
13.1002597809,80.2147521973,30103,30113,10
13.100230217,80.2145385742,30113,30123,10
13.1001901627,80.2145080566,30123,30134,11
13.1000003815,80.2144622803,30134,30144,10
13.0999202728,80.2144393921,30144,30154,10
13.0995397568,80.2143173218,30154,30164,10
13.0989599228,80.2141723633,30164,30174,10
13.0985002518,80.2141113281,30174,30184,10
13.0982303619,80.2146835327,30184,30194,10
13.0979204178,80.2153930664,30194,30204,10
13.0975799561,80.2161712646,30204,30214,10
13.0973796844,80.2166976929,30214,30234,20
13.0973796844,80.2166976929,30234,30244,10
13.0973300934,80.2168121338,30244,30254,10
13.097240448,80.2170562744,30254,30265,11
13.0970401764,80.2175827026,30265,30275,10
13.0967998505,80.2182769775,30275,30285,10
13.0965795517,80.2189788818,30285,30295,10
13.0963497162,80.2196273804,30295,30305,10
13.0960798264,80.2203903198,30305,30315,10
13.0958003998,80.2211914063,30315,30325,10
13.0955400467,80.2219619751,30325,30335,10
13.0953998566,80.2223815918,30335,30345,10
13.0953903198,80.2223892212,30345,30355,10
13.0952796936,80.2227096558,30355,30365,10
13.095000267,80.2232971191,30365,30375,10
13.0945196152,80.2239990234,30375,30386,11
13.0939102173,80.2248001099,30386,30396,10
13.0933303833,80.2254486084,30396,30406,10
13.0927400589,80.22605896,30406,30416,10
13.0921602249,80.2266464233,30416,30426,10
13.0915699005,80.2272796631,30426,30436,10
13.0912599564,80.2276229858,30436,30446,10
13.0912399292,80.2276229858,30446,30456,10
13.0911397934,80.2276687622,30456,30466,10
13.0908002853,80.2280273438,30466,30476,10
13.0902900696,80.2285919189,30476,30486,10
13.0897197723,80.2292327881,30486,30496,10
13.0892801285,80.2298812866,30496,30506,10
13.0891304016,80.2301864624,30506,30523,17
13.0888299942,80.2308883667,30523,30565,42
13.0888299942,80.2308883667,30565,30574,9
13.0887203217,80.2312088013,30574,30586,12
13.0886201859,80.2314071655,30586,30596,10
13.08852005,80.2316818237,30596,30605,9
13.0883998871,80.2320709229,30605,30616,11
13.0882797241,80.2324981689,30616,30637,21
13.0882797241,80.2324981689,30637,30647,10
13.0881996155,80.2327804565,30647,30657,10
13.0880804062,80.2332992554,30657,30666,9
13.0880098343,80.2339401245,30666,30677,11
13.0877599716,80.2345199585,30677,30687,10
13.0870304108,80.2345581055,30687,30697,10
13.0863599777,80.2344970703,30697,30707,10
13.0855798721,80.2343215942,30707,30717,10
13.0848302841,80.2341384888,30717,30727,10
13.0841798782,80.2340011597,30727,30737,10
13.0837402344,80.2339172363,30737,30747,10
13.0837097168,80.2339019775,30747,30758,11
13.0832300186,80.233833313,30758,30768,10
13.0827999115,80.233757019,30768,30778,10
13.0825595856,80.2337036133,30778,30808,30
13.0825595856,80.2337036133,30808,30818,10
13.0825004578,80.2336502075,30818,30828,10
13.0822000504,80.2336196899,30828,30838,10
13.0817298889,80.233581543,30838,30848,10
13.0810203552,80.2335510254,30848,30858,10
13.0802402496,80.233543396,30858,30868,10
13.0795097351,80.2335205078,30868,30878,10
13.078669548,80.2335586548,30878,30889,11
13.0778198242,80.2336425781,30889,30899,10
13.0770397186,80.2337417603,30899,30909,10
13.0762996674,80.233833313,30909,30919,10
13.0758895874,80.2339630127,30919,30929,10
13.0759296417,80.2342681885,30929,30939,10
13.0759296417,80.2342910767,30939,30949,10
13.0759601593,80.2344970703,30949,30959,10
13.0760602951,80.2349700928,30959,30969,10
13.0761899948,80.2356491089,30969,30979,10
13.0762996674,80.2362976074,30979,30995,16
13.0764703751,80.2371673584,30995,31018,23
13.0764703751,80.2371673584,31018,31028,10
13.076499939,80.2373580933,31028,31037,9
13.0765895844,80.2377090454,31037,31048,11
13.0767402649,80.2384796143,31048,31058,10
13.0768995285,80.2391967773,31058,31068,10
13.0770702362,80.2398986816,31068,31079,11
13.0772600174,80.2406997681,31079,31088,9
13.0773897171,80.2412261963,31088,31099,11
13.0774097443,80.2415466309,31099,31109,10
13.0775499344,80.2421264648,31109,31119,10
13.0776901245,80.2429275513,31119,31130,11
13.0778198242,80.243850708,31130,31140,10
13.0777702332,80.244102478,31140,31150,10
13.0777902603,80.2444534302,31150,31160,10
13.0778398514,80.2449264526,31160,31170,10
13.0779104233,80.2456283569,31170,31180,10
13.0779304504,80.2460403442,31180,31190,10
13.0780000687,80.2466278076,31190,31200,10
13.0781698227,80.2474365234,31200,31210,10
13.0783500671,80.2483520508,31210,31220,10
13.0785398483,80.2490692139,31220,31230,10
13.0786800385,80.2498016357,31230,31240,10
13.0785503387,80.2504272461,31240,31250,10
13.0785102844,80.2510910034,31250,31261,11
13.0785799026,80.2514190674,31261,31277,16
13.0783596039,80.2516403198,31277,31289,12
13.0779399872,80.2517166138,31289,31298,9
13.0773096085,80.2518310547,31298,31310,12
13.0763702393,80.2520294189,31310,31320,10
13.0755395889,80.2521362305,31320,31329,9
13.0749597549,80.2521820068,31329,31339,10
13.074259758,80.2522201538,31339,31350,11
13.0735902786,80.2524032593,31350,31360,10
13.0729198456,80.2523727417,31360,31370,10
13.0722999573,80.2521362305,31370,31381,11
13.0720996857,80.2513198853,31381,31391,10
13.071849823,80.2504806519,31391,31400,9
13.0715799332,80.2495193481,31400,31410,10
13.0713596344,80.2483520508,31410,31421,11
13.0709600449,80.2472381592,31421,31431,10
13.0704097748,80.2460784912,31431,31441,10
13.0699596405,80.2450714111,31441,31451,10
13.0696601868,80.2441482544,31451,31461,10
13.0694103241,80.2434387207,31461,31471,10
13.0693397522,80.2432785034,31471,31481,10
13.0693101883,80.2432479858,31481,31491,10
13.0692501068,80.2428817749,31491,31501,10
13.0691604614,80.2426223755,31501,31512,11
13.0691404343,80.2425994873,31512,31522,10
13.068810463,80.2425231934,31522,31532,10
13.0684099197,80.2426223755,31532,31542,10
13.0678195953,80.2427978516,31542,31552,10
13.0671396255,80.2430801392,31552,31562,10
13.0664796829,80.243309021,31562,31572,10
13.0661401749,80.2437973022,31572,31582,10
13.0662002563,80.2444076538,31582,31592,10
13.0662698746,80.2448272705,31592,31602,10
13.0663204193,80.2452697754,31602,31611,9
13.0664596558,80.2457809448,31611,31622,11
13.0670604706,80.2461776733,31622,31633,11
13.067779541,80.2465286255,31633,31663,30
13.067779541,80.2465286255,31663,31673,10
13.067899704,80.2467193604,31673,31683,10
13.0679101944,80.2473526001,31683,31693,10
13.0678100586,80.2478408813,31693,31703,10
13.0671195984,80.2478713989,31703,31713,10
13.0664300919,80.2478637695,31713,31723,10
13.0660495758,80.2478179932,31723,31739,16
13.0649795532,80.2477264404,31739,31751,12
13.0638103485,80.2476730347,31751,31762,11
13.0628299713,80.2476577759,31762,31772,10
13.061920166,80.2476119995,31772,31782,10
13.0613803864,80.2472076416,31782,31792,10
13.0615901947,80.246711731,31792,31802,10
13.0618801117,80.2460327148,31802,31812,10
13.0621299744,80.2451477051,31812,31822,10
13.0628595352,80.2446136475,31822,31832,10
13.063170433,80.2442169189,31832,31842,10
13.0631904602,80.2442016602,31842,31852,10
13.0633296967,80.2440032959,31852,31862,10
13.0634202957,80.2435531616,31862,31872,10
13.0629196167,80.2434310913,31872,31883,11
13.0622396469,80.2432937622,31883,31893,10
13.0616197586,80.2431793213,31893,31903,10
13.061249733,80.2431182861,31903,31913,10
13.0607500076,80.2429962158,31913,31923,10
13.0601396561,80.242767334,31923,31933,10
13.0594396591,80.2425613403,31933,31943,10
13.0590600967,80.2425689697,31943,31953,10
13.0585699081,80.2425918579,31953,31963,10
13.0579204559,80.242729187,31963,31973,10
13.0573301315,80.2427978516,31973,31983,10
13.0571203232,80.2427902222,31983,31993,10
13.0569801331,80.242767334,31993,32003,10
13.0565500259,80.2426376343,32003,32014,11
13.0559501648,80.2423400879,32014,32024,10
13.0553302765,80.2422409058,32024,32034,10
13.0548000336,80.2423400879,32034,32044,10
13.0543203354,80.2423629761,32044,32054,10
13.053730011,80.2422180176,32054,32074,20
13.053730011,80.2422180176,32074,32084,10
13.0536003113,80.2421417236,32084,32094,10
13.0532999039,80.2419815063,32094,32104,10
13.0532903671,80.2419815063,32104,32114,10
13.0531797409,80.2419281006,32114,32124,10
13.0527696609,80.2417907715,32124,32135,11
13.0523004532,80.2412719727,32135,32145,10
13.0520896912,80.2409210205,32145,32155,10
13.05189991,80.240737915,32155,32165,10
13.0516395569,80.2406692505,32165,32175,10
13.0511703491,80.2405776978,32175,32195,20
13.0511703491,80.2405776978,32195,32205,10
13.0509004593,80.2405319214,32205,32215,10
13.0505199432,80.2404632568,32215,32225,10
13.0500602722,80.2403717041,32225,32235,10
13.0497903824,80.2402877808,32235,32245,10
13.0494403839,80.240196228,32245,32256,11
13.0488004684,80.2400894165,32256,32266,10
13.0481300354,80.2399902344,32266,32276,10
13.0474700928,80.2398300171,32276,32286,10
13.0467796326,80.2396774292,32286,32296,10
13.0462398529,80.2395629883,32296,32306,10
13.046330452,80.2391891479,32306,32316,10
13.0464696884,80.2385482788,32316,32326,10
13.0466499329,80.2377624512,32326,32336,10
13.0467796326,80.2369003296,32336,32346,10
13.0469398499,80.2362289429,32346,32356,10
13.0470104218,80.2358703613,32356,32366,10
13.0470600128,80.2356109619,32366,32377,11
13.047129631,80.2350387573,32377,32387,10
13.0472297668,80.2342071533,32387,32397,10
13.0473299026,80.2334899902,32397,32407,10
13.0473003387,80.2330169678,32407,32417,10
13.0467996597,80.2329788208,32417,32427,10
13.0460300446,80.2328186035,32427,32437,10
13.0451803207,80.2326126099,32437,32457,20
13.0451803207,80.2326126099,32457,32467,10
13.0448503494,80.2325668335,32467,32477,10
13.0441999435,80.232421875,32477,32487,10
13.043419838,80.2323379517,32487,32497,10
13.0426998138,80.2322692871,32497,32508,11
13.04185009,80.2322387695,32508,32518,10
13.041009903,80.2320404053,32518,32528,10
13.0400600433,80.2317123413,32528,32538,10
13.0391302109,80.2314910889,32538,32548,10
13.0381498337,80.2312164307,32548,32558,10
13.0372800827,80.23097229,32558,32568,10
13.036860466,80.2308425903,32568,32578,10
13.0365200043,80.2306976318,32578,32588,10
13.0359601974,80.2304992676,32588,32598,10
13.0354995728,80.2304000854,32598,32649,51
13.0354995728,80.2304000854,32649,32659,10
13.0354003906,80.2303009033,32659,32669,10
13.0350399017,80.2302322388,32669,32679,10
13.0345697403,80.2303085327,32679,32689,10
13.0342197418,80.2303771973,32689,32699,10
13.0338897705,80.2304229736,32699,32709,10
13.0335302353,80.230430603,32709,32739,30
13.0335302353,80.230430603,32739,32750,11
13.0333795547,80.23046875,32750,32760,10
13.0328702927,80.2304992676,32760,32770,10
13.032119751,80.2305603027,32770,32780,10
13.0312595367,80.2306289673,32780,32800,20
13.0312595367,80.2306289673,32800,32810,10
13.0310401917,80.2306289673,32810,32820,10
13.0307197571,80.230682373,32820,32830,10
13.0303201675,80.23072052,32830,32840,10
13.0299396515,80.230758667,32840,32850,10
13.029540062,80.230796814,32850,32860,10
13.0289201736,80.2308731079,32860,32876,16
13.0280399323,80.2309570313,32876,32889,13
13.0277299881,80.2313919067,32889,32919,30
13.0277299881,80.2313919067,32919,32928,9
13.0277795792,80.2315216064,32928,32939,11
13.0277795792,80.2317962646,32939,32949,10
13.0277900696,80.2320327759,32949,32959,10
13.0278100967,80.2321777344,32959,32969,10
13.0278501511,80.2323684692,32969,33009,40
13.0278501511,80.2323684692,33009,33020,11
13.0279197693,80.2326889038,33020,33030,10
13.0279197693,80.2327194214,33030,33040,10
13.0277004242,80.2328109741,33040,33050,10
13.0273704529,80.2328567505,33050,33060,10
13.0269002914,80.2329406738,33060,33231,171
13.0269002914,80.2329406738,33231,33241,10
13.0266199112,80.2329483032,33241,33252,11
13.0263299942,80.2326507568,33252,33262,10
13.0262098312,80.2321624756,33262,33272,10
13.0261201859,80.2317428589,33272,33282,10
13.0259799957,80.2311401367,33282,33292,10
13.0256595612,80.2303466797,33292,33302,10
13.0253400803,80.229927063,33302,33312,10
13.0252599716,80.2298278809,33312,33322,10
13.0251502991,80.2296600342,33322,33332,10
13.0249795914,80.2294387817,33332,33342,10
13.0248298645,80.2292709351,33342,33352,10
13.0245199203,80.2288818359,33352,33373,21
13.0245199203,80.2288818359,33373,33383,10
13.0243797302,80.2287216187,33383,33393,10
13.0239601135,80.2281799316,33393,33423,30
13.0239601135,80.2281799316,33423,33433,10
13.0238199234,80.2279663086,33433,33443,10
13.0234603882,80.2276229858,33443,33453,10
13.0230197906,80.227142334,33453,33469,16
13.0219497681,80.226272583,33469,33481,12
13.0210599899,80.2255096436,33481,33491,10
13.0206003189,80.225227356,33491,33501,10
13.0199604034,80.2247695923,33501,33512,11
13.0189399719,80.2244873047,33512,33522,10
13.0179700851,80.2248382568,33522,33532,10
13.0171604156,80.2251815796,33532,33542,10
13.0166702271,80.2253875732,33542,33552,10
13.0164699554,80.2254562378,33552,33562,10
13.0161399841,80.2255783081,33562,33572,10
13.0154495239,80.2257995605,33572,33582,10
13.0146503448,80.2260894775,33582,33592,10
13.0141000748,80.22631073,33592,33602,10
13.0138902664,80.2264328003,33602,33612,10
13.0137996674,80.2264480591,33612,33623,11
13.0133304596,80.2266235352,33623,33633,10
13.0126399994,80.2268676758,33633,33643,10
13.0118198395,80.2271881104,33643,33653,10
13.0108804703,80.2275619507,33653,33663,10
13.0099201202,80.2279586792,33663,33673,10
13.0091600418,80.228553772,33673,33683,10
13.0089702606,80.2295913696,33683,33693,10
13.0088195801,80.2304382324,33693,33703,10
13.008769989,80.230758667,33703,33713,10
13.0087404251,80.2309112549,33713,33723,10
13.0087404251,80.2309570313,33723,33733,10
13.0087003708,80.231262207,33733,33744,11
13.0086097717,80.2316131592,33744,33754,10
13.0085401535,80.2319412231,33754,33764,10
13.0084896088,80.2323074341,33764,33773,9
13.0084600449,80.2324676514,33773,33784,11
13.0083999634,80.2326812744,33784,33794,10
13.0083904266,80.232749939,33794,33804,10
13.0083599091,80.2329483032,33804,33814,10
13.0083503723,80.2332611084,33814,33854,40
13.0083503723,80.2332611084,33854,33864,10
13.0082397461,80.2336196899,33864,33876,12
13.0081501007,80.2339172363,33876,33886,10
13.0080795288,80.2341918945,33886,33896,10
13.0080499649,80.2342987061,33896,33906,10
13.0079698563,80.2347106934,33906,33916,10
13.0078802109,80.2353210449,33916,33926,10
13.0077199936,80.2360610962,33926,33936,10
13.0075798035,80.2368469238,33936,33946,10
13.0074701309,80.2373123169,33946,33956,10
13.0074195862,80.237487793,33956,33966,10
13.0073699951,80.2376937866,33966,33976,10
13.0073204041,80.2379226685,33976,33986,10
13.0072803497,80.2381896973,33986,33997,11
13.0072097778,80.2387695313,33997,34007,10
13.0071601868,80.2391967773,34007,34027,20
13.0071601868,80.2391967773,34027,34037,10
13.0070695877,80.2396011353,34037,34097,60
13.0070695877,80.2396011353,34097,34107,10
13.0070199966,80.2398834229,34107,34117,10
13.0069599152,80.2403793335,34117,34148,31
13.0069599152,80.2403793335,34148,34158,10
13.0068702698,80.2408370972,34158,34218,60
13.0068702698,80.2408370972,34218,34228,10
13.0068397522,80.2412109375,34228,34238,10
13.0067996979,80.2417373657,34238,34279,41
13.0067996979,80.2417373657,34279,34289,10
13.0067596436,80.2421188354,34289,34299,10
13.0067596436,80.2421264648,34299,34309,10
13.0067396164,80.2422485352,34309,34319,10
13.0067501068,80.242477417,34319,34329,10
13.0067396164,80.2426986694,34329,34339,10
13.0067300797,80.2429962158,34339,34349,10
13.0067195892,80.2431869507,34349,34359,10
13.0067195892,80.2434310913,34359,34369,10
13.0067195892,80.2437210083,34369,34380,11
13.0067100525,80.2441864014,34380,34390,10
13.0066995621,80.2446517944,34390,34400,10
13.0066900253,80.2450027466,34400,34410,10
13.0067195892,80.2453918457,34410,34450,40
13.0067300797,80.2457733154,34450,34470,20
13.0067300797,80.2457733154,34470,34480,10
13.0067596436,80.2461166382,34480,34490,10
13.0067796707,80.2466583252,34490,34501,11
13.0067596436,80.247467041,34501,34511,10
13.0067796707,80.2483291626,34511,34521,10
13.0068798065,80.2490921021,34521,34531,10
13.0068998337,80.2493209839,34531,34541,10
13.0069303513,80.2494430542,34541,34551,10
13.0069599152,80.2499008179,34551,34561,10
13.0069198608,80.250579834,34561,34571,10
13.0069198608,80.2511367798,34571,34581,10
13.0068502426,80.2517929077,34581,34591,10
13.0067501068,80.2524490356,34591,34601,10
13.0068101883,80.2528610229,34601,34611,10
13.0067596436,80.2532501221,34611,34622,11
13.0067396164,80.2537994385,34622,34882,260
13.0067396164,80.2537994385,34882,34892,10
13.0067100525,80.2540206909,34892,34902,10
13.0067501068,80.2542572021,34902,34912,10
13.0067195892,80.2545776367,34912,34922,10
13.0066900253,80.2551574707,34922,34932,10
13.0066795349,80.2559204102,34932,34942,10
13.0066900253,80.2568588257,34942,34962,20
13.0066900253,80.2568588257,34962,34972,10
13.0067100525,80.2573318481,34972,34982,10
13.0069503784,80.2579879761,34982,34991,9
13.0073299408,80.2584381104,34991,35003,12
13.0076599121,80.2587127686,35003,35013,10
13.0077600479,80.2587509155,35013,35023,10
13.0079603195,80.2588806152,35023,35033,10
13.0080795288,80.2591094971,35033,35043,10
13.0076904297,80.2593231201,35043,35053,10
13.0074300766,80.2590866089,35053,35063,10
13.0072698593,80.2586593628,35063,35073,10
13.0070295334,80.2583007813,35073,35083,10
13.0066099167,80.2576980591,35083,35174,91
13.0066099167,80.2576980591,35174,35184,10
13.0065498352,80.2573776245,35184,35194,10
13.0065002441,80.2572402954,35194,35204,10
13.0065803528,80.2565536499,35204,35214,10
13.0065898895,80.2556381226,35214,35224,10
13.006649971,80.2546920776,35224,35234,10
13.0066604614,80.2538299561,35234,35244,10
13.0066900253,80.2531433105,35244,35255,11
13.0066795349,80.2529602051,35255,35265,10
13.0066795349,80.2525863647,35265,35315,50
13.0066795349,80.2525863647,35315,35325,10
13.0067195892,80.2524795532,35325,35335,10
13.0067501068,80.2521209717,35335,35345,10
13.0068702698,80.2514266968,35345,35355,10
13.0068998337,80.2506027222,35355,35365,10
13.0069103241,80.2501678467,35365,35396,31
13.0069103241,80.2501678467,35396,35406,10
13.0069599152,80.2500076294,35406,35436,30
13.0069599152,80.2500076294,35436,35446,10
13.0069103241,80.2497711182,35446,35456,10
13.0068998337,80.2491912842,35456,35466,10
13.0068502426,80.248626709,35466,35476,10
13.0067996979,80.2482376099,35476,35486,10
13.0067796707,80.2480926514,35486,35496,10
13.0067396164,80.2479171753,35496,35688,192
13.0066699982,80.2477035522,35688,35859,171
13.0066699982,80.2477035522,35859,35869,10
13.0067300797,80.2473526001,35869,35880,11
13.0067195892,80.2469406128,35880,35890,10
13.0066204071,80.2465591431,35890,35910,20
13.0066204071,80.2465591431,35910,35920,10
13.0066404343,80.246421814,35920,35930,10
13.0066604614,80.2458572388,35930,35940,10
13.0066604614,80.2451782227,35940,35950,10
13.006649971,80.2445297241,35950,35960,10
13.0066299438,80.2440032959,35960,35970,10
13.0066404343,80.2435302734,35970,35980,10
13.0066404343,80.2431411743,35980,35990,10
13.0066204071,80.2425003052,35990,36001,11
13.0066099167,80.2416687012,36001,36011,10
13.0066099167,80.2413024902,36011,36031,20
13.0066099167,80.2413024902,36031,36041,10
13.0066099167,80.2412414551,36041,36051,10
13.006649971,80.2409515381,36051,36061,10
13.0067300797,80.2405014038,36061,36121,60
13.0067300797,80.2405014038,36121,36132,11
13.0068397522,80.240020752,36132,36142,10
13.0069103241,80.2394180298,36142,36152,10
13.0070800781,80.2386398315,36152,36162,10
13.0072498322,80.2378082275,36162,36172,10
13.0074596405,80.2366714478,36172,36192,20
13.0074596405,80.2366714478,36192,36202,10
13.0074996948,80.236541748,36202,36212,10
13.0076398849,80.2360534668,36212,36222,10
13.0077800751,80.2352828979,36222,36232,10
13.0079603195,80.2343521118,36232,36242,10
13.0081996918,80.2332000732,36242,36253,11
13.008480072,80.231880188,36253,36263,10
13.0087003708,80.2306976318,36263,36273,10
13.008939743,80.2294616699,36273,36283,10
13.0092000961,80.2282180786,36283,36293,10
13.0096597672,80.2271575928,36293,36303,10
13.0100603104,80.2262878418,36303,36313,10
13.0102396011,80.2259063721,36313,36333,20
13.0102396011,80.2259063721,36333,36343,10
13.0103797913,80.2257003784,36343,36353,10
13.0104598999,80.2255096436,36353,36363,10
13.0105400085,80.2253417969,36363,36373,10
13.0106496811,80.2250976563,36373,36384,11
13.0108003616,80.2248535156,36384,36394,10
13.0109395981,80.2244415283,36394,36404,10
13.0112895966,80.2235717773,36404,36444,40
13.0112895966,80.2235717773,36444,36454,10
13.0112800598,80.2233123779,36454,36464,10
13.0115003586,80.2228317261,36464,36474,10
13.0117902756,80.222038269,36474,36484,10
13.0121002197,80.2214431763,36484,36494,10
13.0124597549,80.2216415405,36494,36505,11
13.0129098892,80.2222518921,36505,36515,10
13.0134601593,80.2228622437,36515,36525,10
13.0139799118,80.2234573364,36525,36535,10
13.0142202377,80.2237930298,36535,36545,10
13.0147800446,80.224319458,36545,36555,10
13.0152702332,80.2247924805,36555,36565,10
13.0155296326,80.2250213623,36565,36575,10
13.015540123,80.2250213623,36575,36585,10
13.0156002045,80.2250976563,36585,36595,10
13.0159196854,80.2253112793,36595,36605,10
13.0165596008,80.2252807617,36605,36615,10
13.0172996521,80.2250137329,36615,36626,11
13.0181903839,80.2246627808,36626,36636,10
13.0186901093,80.2244567871,36636,36646,10
13.0190896988,80.2243499756,36646,36656,10
13.0195798874,80.2244186401,36656,36686,30
13.0195798874,80.2244186401,36686,36696,10
13.019659996,80.2244491577,36696,36706,10
13.0199298859,80.2246627808,36706,36716,10
13.0203695297,80.2249603271,36716,36726,10
13.02064991,80.225151062,36726,36736,10
13.0210599899,80.225479126,36736,36757,21
13.0210599899,80.225479126,36757,36767,10
13.0212802887,80.2257003784,36767,36777,10
13.0214595795,80.2258377075,36777,36787,10
13.0217199326,80.2259979248,36787,36797,10
13.0217695236,80.2260284424,36797,36807,10
13.0218496323,80.2260665894,36807,36817,10
13.0219697952,80.2261428833,36817,36827,10
13.022069931,80.2262573242,36827,36837,10
13.0221700668,80.2263412476,36837,36847,10
13.0224304199,80.2265701294,36847,36888,41
13.0224304199,80.2265701294,36888,36898,10
13.0225095749,80.2266387939,36898,36908,10
13.0225896835,80.2266998291,36908,36918,10
13.0227403641,80.226852417,36918,36928,10
13.0228099823,80.2269515991,36928,36938,10
13.0228395462,80.2269821167,36938,36948,10
13.0231103897,80.2272262573,36948,36958,10
13.023349762,80.2274169922,36958,36968,10
13.0236101151,80.2276382446,36968,36978,10
13.0238599777,80.2278289795,36978,36988,10
13.0241003036,80.2280883789,36988,36999,11
13.0242996216,80.2283630371,36999,37009,10
13.0244398117,80.2285308838,37009,37019,10
13.0245895386,80.2287521362,37019,37059,40
13.0245895386,80.2287521362,37059,37069,10
13.0246801376,80.2289428711,37069,37079,10
13.0249900818,80.229347229,37079,37089,10
13.0253896713,80.2298431396,37089,37099,10
13.0257396698,80.2303237915,37099,37160,61
13.0257396698,80.2303237915,37160,37170,10
13.0257396698,80.2304077148,37170,37180,10
13.0259199142,80.2307662964,37180,37190,10
13.02602005,80.2311477661,37190,37200,10
13.0263595581,80.2312316895,37200,37210,10
13.0270299911,80.2311096191,37210,37220,10
13.0277299881,80.23097229,37220,37230,10
13.0282201767,80.2309265137,37230,37240,10
13.0285396576,80.2309036255,37240,37291,51
13.0285396576,80.2309036255,37291,37301,10
13.0290002823,80.2308807373,37301,37311,10
13.0295000076,80.2308197021,37311,37321,10
13.0299797058,80.2307891846,37321,37331,10
13.0300703049,80.2307662964,37331,37341,10
13.0305299759,80.2307434082,37341,37351,10
13.0311498642,80.230682373,37351,37361,10
13.0317897797,80.2306365967,37361,37371,10
13.0323495865,80.2305984497,37371,37382,11
13.0331001282,80.2305374146,37382,37392,10
13.0342798233,80.2304229736,37392,37432,40
13.0342798233,80.2304229736,37432,37442,10
13.0343904495,80.2303771973,37442,37452,10
13.0345697403,80.2303619385,37452,37462,10
13.0347204208,80.2303390503,37462,37472,10
13.034819603,80.2303314209,37472,37482,10
13.0349397659,80.2304763794,37482,37492,10
13.0348997116,80.230796814,37492,37502,10
13.0348396301,80.2314605713,37502,37513,11
13.034740448,80.2322463989,37513,37523,10
13.0346603394,80.2329177856,37523,37533,10
13.0346002579,80.2333221436,37533,37543,10
13.034529686,80.2336807251,37543,37553,10
13.0344600677,80.2344207764,37553,37563,10
13.0343599319,80.2352981567,37563,37573,10
13.0342502594,80.2361984253,37573,37583,10
13.0342102051,80.2370834351,37583,37672,89
13.0342102051,80.2370834351,37672,37681,9
13.0343198776,80.2373428345,37681,37692,11
13.0345802307,80.2378005981,37692,37702,10
13.0349197388,80.2383499146,37702,37712,10
13.0352697372,80.2389297485,37712,37722,10
13.0355501175,80.2393112183,37722,37732,10
13.0358295441,80.2393493652,37732,37742,10
13.0364198685,80.2394180298,37742,37752,10
13.037150383,80.2395172119,37752,37763,11
13.0380001068,80.239616394,37763,37773,10
13.0385398865,80.2396621704,37773,37783,10
13.0391197205,80.239730835,37783,37799,16
13.0399198532,80.2398300171,37799,37811,12
13.0402402878,80.2399291992,37811,37819,8
13.0403995514,80.2400512695,37819,37830,11
13.0403995514,80.2400970459,37830,37840,10
13.040430069,80.2403793335,37840,37852,12
13.0408802032,80.2405014038,37852,37862,10
13.0411396027,80.240562439,37862,37872,10
13.0415897369,80.2406005859,37872,37882,10
13.0422000885,80.2406692505,37882,37893,11
13.0431203842,80.2408218384,37893,37903,10
13.0439195633,80.2409210205,37903,37913,10
13.0444202423,80.2406616211,37913,37921,8
13.0447702408,80.2403869629,37921,37995,74
13.0447702408,80.2403869629,37995,38005,10
13.0451202393,80.2401733398,38005,38029,24
13.0461902618,80.2395629883,38029,38041,12
13.0465297699,80.2396316528,38041,38051,10
13.04666996,80.2396621704,38051,38061,10
13.0471601486,80.2397079468,38061,38071,10
13.0477399826,80.2398376465,38071,38080,9
13.0483999252,80.239982605,38080,38091,11
13.0489702225,80.2400817871,38091,38101,10
13.0495195389,80.2402114868,38101,38111,10
13.0500402451,80.2403335571,38111,38121,10
13.0506296158,80.2404632568,38121,38131,10
13.0511398315,80.240562439,38131,38142,11
13.0517702103,80.2406463623,38142,38152,10
13.0522203445,80.2407302856,38152,38162,10
13.052280426,80.240737915,38162,38172,10
13.0523996353,80.2407989502,38172,38182,10
13.0525302887,80.2411422729,38182,38191,9
13.052570343,80.2413024902,38191,38202,11
13.0527000427,80.241607666,38202,38212,10
13.0533504486,80.2419281006,38212,38222,10
13.0539398193,80.2422027588,38222,38232,10
13.0540599823,80.2422180176,38232,38242,10
13.0541095734,80.2422332764,38242,38252,10
13.0544204712,80.2423019409,38252,38263,11
13.055150032,80.2422485352,38263,38273,10
13.0559396744,80.2423095703,38273,38283,10
13.0565395355,80.2425918579,38283,38293,10
13.056889534,80.2426223755,38293,38303,10
13.0573396683,80.242767334,38303,38313,10
13.0579996109,80.242729187,38313,38323,10
13.0586299896,80.2425994873,38323,38333,10
13.0591001511,80.2425537109,38333,38343,10
13.0593996048,80.2425231934,38343,38353,10
13.059510231,80.2425231934,38353,38363,10
13.0598297119,80.2425918579,38363,38373,10
13.0603199005,80.2427368164,38373,38384,11
13.0606403351,80.2428665161,38384,38394,10
13.0611400604,80.2430267334,38394,38404,10
13.0615701675,80.2431335449,38404,38414,10
13.0620498657,80.2432098389,38414,38424,10
13.0624599457,80.2432785034,38424,38434,10
13.0624799728,80.2432937622,38434,38444,10
13.0625896454,80.2433013916,38444,38454,10
13.0630702972,80.2434005737,38454,38464,10
13.0636301041,80.2434921265,38464,38474,10
13.0641403198,80.2435073853,38474,38484,10
13.0648002625,80.2435302734,38484,38494,10
13.0655202866,80.243560791,38494,38591,97
13.0655202866,80.243560791,38591,38603,12
13.0658502579,80.2435302734,38603,38611,8
13.0662603378,80.2434234619,38611,38623,12
13.0670404434,80.2431106567,38623,38633,10
13.0678300858,80.2427978516,38633,38644,11
13.0690402985,80.2423629761,38644,38673,29
13.0690402985,80.2423629761,38673,38684,11
13.0692796707,80.2422637939,38684,38694,10
13.0697002411,80.2421722412,38694,38704,10
13.0700702667,80.2420806885,38704,38714,10
13.0700798035,80.2420806885,38714,38724,10
13.0701398849,80.2420578003,38724,38734,10
13.0705499649,80.2419509888,38734,38744,10
13.0711202621,80.2417831421,38744,38754,10
13.0717401505,80.2415008545,38754,38765,11
13.0723896027,80.2410888672,38765,38775,10
13.0731601715,80.2407608032,38775,38785,10
13.0738697052,80.2405395508,38785,38795,10
13.0745897293,80.2404785156,38795,38805,10
13.0754995346,80.2404632568,38805,38815,10
13.0764303207,80.2405014038,38815,38825,10
13.0769195557,80.2406005859,38825,38835,10
13.0770902634,80.2404632568,38835,38845,10
13.0771102905,80.2400894165,38845,38855,10
13.0769796371,80.2395401001,38855,38865,10
13.0767002106,80.2385177612,38865,38875,10
13.0765199661,80.2378616333,38875,38886,11
13.0764303207,80.2373962402,38886,38896,10
13.0764198303,80.2373580933,38896,38906,10
13.0764102936,80.2372817993,38906,38916,10
13.0763397217,80.2368392944,38916,38926,10
13.0762395859,80.2361221313,38926,38936,10
13.0761003494,80.2353591919,38936,38946,10
13.0759296417,80.2346878052,38946,38956,10
13.0757799149,80.2341766357,38956,38976,20
13.0757799149,80.2341766357,38976,38986,10
13.0757799149,80.2340011597,38986,38996,10
13.0761899948,80.2337799072,38996,39006,10
13.0767097473,80.2337036133,39006,39017,11
13.0774803162,80.2335891724,39017,39027,10
13.0782299042,80.2335205078,39027,39037,10
13.0789203644,80.2335205078,39037,39047,10
13.0795698166,80.2335205078,39047,39057,10
13.0801801682,80.2334899902,39057,39066,9
13.0803604126,80.2334976196,39066,39077,11
13.0804195404,80.2335205078,39077,39086,9
13.0807800293,80.2335205078,39086,39097,11
13.0815401077,80.233543396,39097,39107,10
13.0819301605,80.2333984375,39107,39117,10
13.0820503235,80.232749939,39117,39127,10
13.0823097229,80.2319564819,39127,39138,11
13.0826196671,80.2311630249,39138,39148,10
13.082859993,80.2306594849,39148,39158,10
13.0831098557,80.230796814,39158,39168,10
13.0831604004,80.2313995361,39168,39178,10
13.0832195282,80.2322387695,39178,39188,10
13.0833501816,80.2329025269,39188,39198,10
13.0834598541,80.2334136963,39198,39208,10
13.0835399628,80.2337265015,39208,39218,10
13.0839195251,80.2338867188,39218,39228,10
13.0840501785,80.2339324951,39228,39238,10
13.0840997696,80.2339477539,39238,39248,10
13.0844497681,80.2340393066,39248,39258,10
13.0849399567,80.234161377,39258,39269,11
13.0854997635,80.2342605591,39269,39279,10
13.0858402252,80.2343597412,39279,39289,10
13.0863895416,80.2344665527,39289,39299,10
13.0869703293,80.2345428467,39299,39309,10
13.0876197815,80.2344970703,39309,39319,10
13.0879497528,80.2339172363,39319,39329,10
13.0880899429,80.2330703735,39329,39339,10
13.0882997513,80.2322311401,39339,39349,10
13.0885000229,80.2314910889,39349,39359,10
13.0886697769,80.2310180664,39359,39369,10
13.0888700485,80.2305526733,39369,39379,10
13.0888996124,80.2304992676,39379,39390,11
13.0889997482,80.2303390503,39390,39400,10
13.0892601013,80.2298126221,39400,39410,10
13.0897798538,80.2290802002,39410,39420,10
13.0905399323,80.2282562256,39420,39430,10
13.0912399292,80.2275238037,39430,39440,10
13.091460228,80.2272415161,39440,39450,10
13.0915699005,80.227142334,39450,39460,10
13.0919303894,80.2267837524,39460,39470,10
13.0924596786,80.2261810303,39470,39480,10
13.0932397842,80.2254486084,39480,39490,10
13.0936403275,80.2249679565,39490,39500,10
13.0941295624,80.2244033813,39500,39511,11
13.0948200226,80.2234573364,39511,39521,10
13.095290184,80.2224273682,39521,39531,10
13.0956897736,80.2212982178,39531,39541,10
13.0960302353,80.2203979492,39541,39551,10
13.0963401794,80.2194900513,39551,39561,10
13.0965595245,80.2188720703,39561,39571,10
13.0967998505,80.2181015015,39571,39581,10
13.0970096588,80.2174682617,39581,39591,10
13.0972003937,80.2169189453,39591,39601,10
13.0972499847,80.2168121338,39601,39611,10
13.0974397659,80.2163085938,39611,39621,10
13.0977802277,80.2155380249,39621,39692,71
13.0977802277,80.2155380249,39692,39702,10
13.0979404449,80.2151794434,39702,39712,10
13.098110199,80.21484375,39712,39783,71
13.098110199,80.21484375,39783,39793,10
13.0982599258,80.21459198,39793,39803,10
13.0984697342,80.2141036987,39803,39883,80
13.0984697342,80.2141036987,39883,39894,11
13.0985898972,80.2139892578,39894,39904,10
13.0990104675,80.2141723633,39904,39914,10
13.0994796753,80.214302063,39914,39924,10
13.1002197266,80.2145004272,39924,39954,30
13.1002197266,80.2145004272,39954,39964,10
13.1004695892,80.2145767212,39964,39994,30
13.1004695892,80.2145767212,39994,40005,11
13.1006002426,80.2146606445,40005,40015,10
13.1004695892,80.2150497437,40015,40025,10
13.1002101898,80.2156219482,40025,40035,10
13.1000299454,80.2160263062,40035,40045,10
13.1000299454,80.2160415649,40045,40055,10
13.0999002457,80.2159194946,40055,40065,10
13.1000299454,80.2155838013,40065,40075,10
13.1002998352,80.2148971558,40075,40589,514
13.1002998352,80.2148971558,40589,40599,10
13.1002197266,80.2146835327,40599,40609,10
13.1000003815,80.2145080566,40609,40619,10
13.0997104645,80.2144165039,40619,40629,10
13.099149704,80.2142562866,40629,40640,11
13.0986795425,80.2140808105,40640,40670,30
13.0986795425,80.2140808105,40670,40680,10
13.0984601974,80.2141036987,40680,40690,10
13.0982198715,80.214630127,40690,40700,10
13.0979099274,80.2153701782,40700,40710,10
13.0975704193,80.2161712646,40710,40720,10
13.0973596573,80.2167434692,40720,40730,10
13.0973300934,80.2168121338,40730,40740,10
13.0972499847,80.217010498,40740,40750,10
13.0970497131,80.2175216675,40750,40760,10
13.0968103409,80.2182006836,40760,40771,11
13.096540451,80.2190093994,40771,40781,10
13.0962495804,80.2198562622,40781,40791,10
13.0959501266,80.2207183838,40791,40801,10
13.0957298279,80.2213821411,40801,40811,10
13.0954904556,80.2220993042,40811,40821,10
13.0953903198,80.2223815918,40821,40831,10
13.0953502655,80.2224197388,40831,40841,10
13.0952100754,80.2227783203,40841,40851,10
13.0949401855,80.2233581543,40851,40861,10
13.0944900513,80.2240524292,40861,40871,10
13.0939702988,80.2247161865,40871,40888,17
13.0931997299,80.2255630493,40888,40899,11
13.0927000046,80.2260818481,40899,40910,11
13.0922899246,80.2264709473,40910,40920,10
13.0917596817,80.2269973755,40920,40930,10
13.091340065,80.2274780273,40930,40940,10
13.0911903381,80.2276306152,40940,40950,10
13.0911502838,80.2276535034,40950,40960,10
13.0908699036,80.2279586792,40960,40970,10
13.0904102325,80.2284622192,40970,40979,9
13.0899095535,80.2289886475,40979,40990,11
13.0893497467,80.2297515869,40990,41000,10
13.0891399384,80.230178833,41000,41010,10
13.0888299942,80.2309036255,41010,41041,31
13.0888299942,80.2309036255,41041,41051,10
13.0887098312,80.2311325073,41051,41061,10
13.0885400772,80.2315673828,41061,41071,10
13.0882997513,80.2322769165,41071,41081,10
13.0880804062,80.2331466675,41081,41091,10
13.0879898071,80.2340011597,41091,41101,10
13.0876598358,80.2345581055,41101,41111,10
13.086979866,80.2345428467,41111,41121,10
13.0864601135,80.2344970703,41121,41131,10
13.0861501694,80.2344207764,41131,41142,11
13.0860204697,80.234413147,41142,41152,10
13.0856599808,80.2343215942,41152,41162,10
13.085149765,80.2342071533,41162,41172,10
13.0846099854,80.2340774536,41172,41182,10
13.0840702057,80.2339477539,41182,41192,10
13.0834598541,80.2338485718,41192,41202,10
13.083029747,80.2338180542,41202,41212,10
13.0826597214,80.2337493896,41212,41222,10
13.0823497772,80.2336883545,41222,41232,10
13.0823297501,80.2336807251,41232,41242,10
13.0822095871,80.2336273193,41242,41252,10
13.0818004608,80.2335891724,41252,41263,11
13.0811004639,80.233581543,41263,41273,10
13.0805101395,80.233543396,41273,41283,10
13.0801696777,80.2335205078,41283,41293,10
13.0795698166,80.2334976196,41293,41313,20
13.0793800354,80.2334823608,41313,41322,9
13.0793800354,80.2334823608,41322,41333,11
13.0788698196,80.2335128784,41333,41343,10
13.0781497955,80.233581543,41343,41353,10
13.0773096085,80.2336502075,41353,41363,10
13.0766000748,80.2337417603,41363,41373,10
13.0761604309,80.2338180542,41373,41383,10
13.0760803223,80.2337417603,41383,41394,11
13.0758800507,80.2338790894,41394,41404,10
13.0758800507,80.2338867188,41404,41414,10
13.075920105,80.2342910767,41414,41424,10
13.0760402679,80.2348709106,41424,41434,10
13.0761804581,80.235496521,41434,41444,10
13.0762701035,80.236038208,41444,41454,10
13.0763502121,80.2366027832,41454,41464,10
13.0764398575,80.2369613647,41464,41473,9
13.0765199661,80.2372207642,41473,41545,72
13.0765199661,80.2372207642,41545,41555,10
13.0766296387,80.2376403809,41555,41565,10
13.0766897202,80.23802948,41565,41575,10
13.0768098831,80.2386779785,41575,41585,10
13.0769901276,80.2394104004,41585,41595,10
13.0771503448,80.2400817871,41595,41611,16
13.0774002075,80.2411193848,41611,41623,12
13.0775403976,80.241859436,41623,41633,10
13.0776901245,80.2426681519,41633,41643,10
13.0778102875,80.243560791,41643,41654,11
13.0777797699,80.2442779541,41654,41664,10
13.0778598785,80.2447891235,41664,41674,10
13.07791996,80.245552063,41674,41682,8
13.0779800415,80.2462615967,41682,41694,12
13.078209877,80.2474594116,41694,41702,8
13.0783596039,80.2481994629,41702,41714,12
13.0785703659,80.2490234375,41714,41725,11
13.0787000656,80.2497787476,41725,41735,10
13.0784902573,80.2505569458,41735,41745,10
13.0785398483,80.2512893677,41745,41755,10
13.0784196854,80.2516174316,41755,41766,11
13.0778398514,80.2517471313,41766,41776,10
13.0771198273,80.2518997192,41776,41786,10
13.0763597488,80.2520065308,41786,41796,10
13.0755395889,80.2521896362,41796,41805,9
13.0749101639,80.2522201538,41805,41814,9
13.0743598938,80.252243042,41814,41826,12
13.0737104416,80.2524337769,41826,41836,10
13.07310009,80.2524490356,41836,41846,10
13.0725498199,80.2523269653,41846,41856,10
13.0722198486,80.2519989014,41856,41866,10
13.0720996857,80.2513198853,41866,41876,10
13.0719203949,80.2506408691,41876,41886,10
13.0717000961,80.249786377,41886,41897,11
13.0714998245,80.248588562,41897,41907,10
13.0711803436,80.2475967407,41907,41917,10
13.0707397461,80.2466583252,41917,41927,10
13.0702495575,80.2456130981,41927,41937,10
13.069849968,80.2446365356,41937,41947,10
13.0696296692,80.244102478,41947,41957,10
13.0693998337,80.2434997559,41957,41977,20
13.0693998337,80.2434997559,41977,41987,10
13.0693798065,80.2433319092,41987,41997,10
13.0692596436,80.2428588867,41997,42007,10
13.0690402985,80.2425537109,42007,42018,11
13.0684204102,80.2426300049,42018,42028,10
13.0676898956,80.2428512573,42028,42038,10
13.067029953,80.2431182861,42038,42048,10
13.0664901733,80.243347168,42048,42058,10
13.0661296844,80.2437973022,42058,42068,10
13.0661897659,80.2445831299,42068,42078,10
13.0663499832,80.2453689575,42078,42088,10
13.0668201447,80.2460327148,42088,42098,10
13.0676898956,80.2464370728,42098,42118,20
13.0676898956,80.2464370728,42118,42128,10
13.0677995682,80.2465286255,42128,42138,10
13.0678796768,80.2466430664,42138,42149,11
13.0679597855,80.2471923828,42149,42169,20
13.0679597855,80.2471923828,42169,42179,10
13.0679197311,80.2474136353,42179,42189,10
13.0678596497,80.2477035522,42189,42249,60
13.0678596497,80.2477035522,42249,42259,10
13.067609787,80.2479019165,42259,42300,41
13.067609787,80.2479019165,42300,42310,10
13.0673398972,80.2478790283,42310,42320,10
13.0671596527,80.2478637695,42320,42330,10
13.0669698715,80.2478866577,42330,42340,10
13.0667295456,80.2478713989,42340,42350,10
13.0665197372,80.2478713989,42350,42360,10
13.066160202,80.2478485107,42360,42370,10
13.0655002594,80.2477798462,42370,42380,10
13.0646896362,80.2477416992,42380,42390,10
13.0638799667,80.2476577759,42390,42401,11
13.0630903244,80.2476425171,42401,42411,10
13.0624504089,80.2476119995,42411,42421,10
13.061750412,80.247543335,42421,42431,10
13.061340332,80.2471923828,42431,42441,10
13.0614299774,80.2469100952,42441,42451,10
13.0617704391,80.2464599609,42451,42461,10
13.0619697571,80.2456893921,42461,42471,10
13.0625095367,80.2450180054,42471,42481,10
13.0629701614,80.2446670532,42481,42491,10
13.0632295609,80.2443008423,42491,42501,10
13.0632400513,80.2442932129,42501,42511,10
13.0632801056,80.2442169189,42511,42527,16
13.0635099411,80.2437210083,42527,42540,13
13.0631303787,80.243560791,42540,42550,10
13.0626602173,80.2434234619,42550,42559,9
13.062210083,80.243309021,42559,42571,12
13.0618600845,80.2432479858,42571,42581,10
13.0615596771,80.2431869507,42581,42591,10
13.0614595413,80.2431716919,42591,42601,10
13.061249733,80.2431182861,42601,42610,9
13.0608701706,80.2429962158,42610,42621,11
13.0601902008,80.242729187,42621,42631,10
13.059709549,80.2425994873,42631,42642,11
13.0593595505,80.2425384521,42642,42653,11
13.0588502884,80.2426223755,42653,42663,10
13.0588302612,80.2426223755,42663,42673,10
13.0587701797,80.2426223755,42673,42683,10
13.0584096909,80.2426834106,42683,42693,10
13.057849884,80.2427825928,42693,42703,10
13.0572004318,80.2427902222,42703,42713,10
13.0568304062,80.2426986694,42713,42723,10
13.0563402176,80.2425003052,42723,42733,10
13.0556898117,80.2422637939,42733,42743,10
13.0550203323,80.2423171997,42743,42752,9
13.0544300079,80.2423171997,42752,42764,12
13.053899765,80.2422485352,42764,42773,9
13.0537900925,80.2422103882,42773,42784,11
13.0535497665,80.2421035767,42784,42844,60
13.0535497665,80.2421035767,42844,42854,10
13.0533800125,80.2420425415,42854,42864,10
13.0529499054,80.241859436,42864,42874,10
13.0524301529,80.2414703369,42874,42884,10
13.0521602631,80.241027832,42884,42894,10
13.0516901016,80.2407302856,42894,42915,21
13.0516901016,80.2407302856,42915,42925,10
13.0515203476,80.2406463623,42925,42945,20
13.0515203476,80.2406463623,42945,42955,10
13.0511102676,80.2405776978,42955,43005,50
13.0507297516,80.2405014038,43005,43086,81
13.0507297516,80.2405014038,43086,43096,10
13.0503196716,80.2404174805,43096,43106,10
13.0501298904,80.2403717041,43106,43116,10
13.0499401093,80.2403182983,43116,43126,10
13.0495996475,80.2402114868,43126,43136,10
13.0491399765,80.2401199341,43136,43146,10
13.0484304428,80.239982605,43146,43157,11
13.0478096008,80.2398605347,43157,43167,10
13.0472097397,80.2397613525,43167,43177,10
13.0467195511,80.2396469116,43177,43187,10
13.0463104248,80.2395401001,43187,43197,10
13.0463399887,80.2392196655,43197,43207,10
13.0464601517,80.2387237549,43207,43217,10
13.0465602875,80.2383422852,43217,43227,10
13.0466499329,80.237953186,43227,43237,10
13.0467700958,80.2374267578,43237,43247,10
13.0468997955,80.2368392944,43247,43257,10
13.0469999313,80.2363128662,43257,43267,10
13.0470695496,80.2360305786,43267,43278,11
13.0471096039,80.2358016968,43278,43288,10
13.0471601486,80.2353820801,43288,43298,10
13.0472602844,80.2345962524,43298,43308,10
13.0474004745,80.2337799072,43308,43318,10
13.0474100113,80.2331695557,43318,43328,10
13.0469999313,80.2330322266,43328,43338,10
13.0462198257,80.2329025269,43338,43348,10
13.0457601547,80.2327804565,43348,43358,10
13.0457401276,80.2327804565,43358,43368,10
13.0454301834,80.2326507568,43368,43378,10
13.0453996658,80.2326431274,43378,43388,10
13.0450496674,80.2325668335,43388,43398,10
13.0444803238,80.2324676514,43398,43409,11
13.0437202454,80.2323684692,43409,43419,10
13.0430402756,80.2323303223,43419,43429,10
13.04226017,80.2322998047,43429,43439,10
13.0414400101,80.2321472168,43439,43449,10
13.0405302048,80.2318878174,43449,43459,10
13.0395803452,80.231590271,43459,43469,10
13.0386600494,80.2313537598,43469,43479,10
13.037730217,80.2310562134,43479,43489,10
13.0370798111,80.2308578491,43489,43499,10
13.0368404388,80.230796814,43499,43509,10
13.0363397598,80.2306213379,43509,43519,10
13.0353899002,80.2303314209,43519,43628,109
13.0353899002,80.2303314209,43628,43638,10
13.035200119,80.2302017212,43638,43649,11
13.0348300934,80.2302474976,43649,43658,9
13.0344295502,80.2303771973,43658,43669,11
13.0337200165,80.2304382324,43669,43689,20
13.0337200165,80.2304382324,43689,43699,10
13.0333299637,80.2304611206,43699,43709,10
13.0326099396,80.2305603027,43709,43719,10
13.0317697525,80.2306213379,43719,43729,10
13.0310096741,80.2306594849,43729,43739,10
13.0304899216,80.2307128906,43739,43749,10
13.0301303864,80.2307815552,43749,43759,10
13.0299196243,80.230796814,43759,43769,10
13.0297603607,80.2308425903,43769,43779,10
13.0293397903,80.2308578491,43779,43789,10
13.0288095474,80.2309188843,43789,43799,10
13.028169632,80.2310028076,43799,43810,11
13.027759552,80.2311477661,43810,43820,10
13.0277299881,80.2316818237,43820,43830,10
13.0278100967,80.2323379517,43830,43840,10
13.027879715,80.2327880859,43840,43850,10
13.0273599625,80.2329177856,43850,43860,10
13.027009964,80.233001709,43860,43870,10
13.0265398026,80.2329177856,43870,43880,10
13.0262899399,80.2323379517,43880,43890,10
13.0261201859,80.2317810059,43890,43900,10
13.0260400772,80.2315597534,43900,43911,11
13.0258998871,80.2310714722,43911,43921,10
13.0255804062,80.2303619385,43921,43931,10
13.0250597,80.2295837402,43931,43941,10
13.0246696472,80.2291412354,43941,43951,10
13.0246400833,80.2291030884,43951,43961,10
13.0245599747,80.2289962769,43961,43971,10
13.0242795944,80.2286224365,43971,43981,10
13.0239696503,80.228302002,43981,43991,10
13.0239496231,80.2282409668,43991,44001,10
13.0236902237,80.2279205322,44001,44011,10
13.0232696533,80.2274932861,44011,44021,10
13.0227203369,80.2270202637,44021,44031,10
13.0220003128,80.2264328003,44031,44041,10
13.0213403702,80.2258987427,44041,44052,11
13.0205898285,80.2253265381,44052,44062,10
13.0198402405,80.2247924805,44062,44078,16
13.0182504654,80.2247390747,44078,44090,12
13.0171203613,80.2252120972,44090,44098,8
13.0167102814,80.225402832,44098,44110,12
13.0164299011,80.2255096436,44110,44120,10
13.0160703659,80.2256011963,44120,44130,10
13.0154895782,80.2257995605,44130,44140,10
13.0146999359,80.2260971069,44140,44150,10
13.014289856,80.2262878418,44150,44160,10
13.0142402649,80.2263183594,44160,44170,10
13.0138597488,80.2264633179,44170,44181,11
13.0130996704,80.2267532349,44181,44191,10
13.0123596191,80.2270278931,44191,44201,10
13.0114498138,80.2273712158,44201,44211,10
13.0103702545,80.2277984619,44211,44221,10
13.0093202591,80.2283172607,44221,44231,10
13.0089998245,80.229309082,44231,44241,10
13.008769989,80.23046875,44241,44250,9
13.0085697174,80.2315597534,44250,44260,10
13.0083703995,80.2326507568,44260,44271,11
13.0082902908,80.2333297729,44271,44282,11
13.0082902908,80.2333602905,44282,44291,9
13.0082502365,80.2334899902,44291,44302,11
13.0081195831,80.2338409424,44302,44312,10
13.0080299377,80.2342834473,44312,44322,10
13.0079803467,80.2344894409,44322,44332,10
13.0079097748,80.2348403931,44332,44342,10
13.0077800751,80.2354736328,44342,44352,10
13.0076599121,80.2359924316,44352,44362,10
13.0076599121,80.236038208,44362,44372,10
13.0076503754,80.2361526489,44372,44382,10
13.0075502396,80.2366027832,44382,44392,10
13.0074796677,80.2370605469,44392,44402,10
13.0074596405,80.237121582,44402,44412,10
13.007399559,80.2374191284,44412,44443,31
13.007399559,80.2374191284,44443,44453,10
13.007349968,80.2376403809,44453,44463,10
13.0073003769,80.2378768921,44463,44473,10
13.0072603226,80.2380371094,44473,44483,10
13.0072002411,80.2383422852,44483,44513,30
13.0072002411,80.2383422852,44513,44523,10
13.0072097778,80.2384872437,44523,44533,10
13.0071201324,80.2388687134,44533,44543,10
13.0070199966,80.2394104004,44543,44554,11
13.0068798065,80.2400588989,44554,44614,60
13.0068798065,80.2400588989,44614,44624,10
13.0068902969,80.2401809692,44624,44634,10
13.0068502426,80.2405471802,44634,44644,10
13.0068101883,80.2407836914,44644,44654,10
13.0067396164,80.2410736084,44654,44664,10
13.0066795349,80.2417602539,44664,44675,11
13.0066699982,80.2425231934,44675,44685,10
13.0066900253,80.2427902222,44685,44695,10
13.006649971,80.2430419922,44695,44705,10
13.0066404343,80.2434387207,44705,44715,10
13.0065803528,80.2439422607,44715,44725,10
13.0065402985,80.2444000244,44725,44735,10
13.0065402985,80.2444381714,44735,44745,10
13.0065202713,80.2446289063,44745,44755,10
13.006529808,80.2446594238,44755,44765,10
13.0065498352,80.2449417114,44765,44775,10
13.0065498352,80.2454528809,44775,44785,10
13.0066404343,80.2460784912,44785,44795,10
13.0066995621,80.2467422485,44795,44806,11
13.0066995621,80.2473602295,44806,44816,10
13.0066900253,80.2481384277,44816,44826,10
13.0067501068,80.2489929199,44826,44836,10
13.0068302155,80.2495880127,44836,44846,10
13.0068101883,80.2496414185,44846,44856,10
13.0068101883,80.2498626709,44856,44866,10
13.0067796707,80.2504425049,44866,44876,10
13.0067195892,80.2514724731,44876,44927,51
13.0067195892,80.2514724731,44927,44937,10
13.0067100525,80.2517929077,44937,44947,10
13.0065603256,80.2523498535,44947,44957,10
13.0065097809,80.2531967163,44957,44967,10
13.0065002441,80.2541503906,44967,44977,10
13.0065803528,80.2548980713,44977,44987,10
13.0065898895,80.2550506592,44987,44997,10
13.0065803528,80.2551803589,44997,45007,10
13.0065402985,80.2556762695,45007,45017,10
13.0065498352,80.2563705444,45017,45027,10
13.0066099167,80.2572402954,45027,45098,71
13.0066099167,80.2572402954,45098,45108,10
13.0066995621,80.2574386597,45108,45118,10
13.0062398911,80.2574691772,45118,45128,10
13.0056295395,80.2573623657,45128,45138,10
13.004940033,80.2572174072,45138,45148,10
13.0041503906,80.2570419312,45148,45158,10
13.0036096573,80.2569503784,45158,45178,20
13.0036096573,80.2569503784,45178,45189,11
13.0034399033,80.2568664551,45189,45199,10
13.0030603409,80.2567977905,45199,45209,10
13.002579689,80.2567214966,45209,45219,10
13.0022802353,80.2566680908,45219,45279,60
13.0022802353,80.2566680908,45279,45289,10
13.0020799637,80.2566680908,45289,45300,11
13.0014200211,80.2565917969,45300,45310,10
13.0003900528,80.2564315796,45310,45330,20
13.0003900528,80.2564315796,45330,45340,10
13.0002403259,80.2563934326,45340,45350,10
13.0000200272,80.2563400269,45350,45360,10
12.9995002747,80.2562408447,45360,45370,10
12.9991598129,80.256149292,45370,45380,10
12.9989404678,80.2560806274,45380,45390,10
12.99862957,80.2560424805,45390,45400,10
12.9982204437,80.2559967041,45400,45410,10
12.9978103638,80.2559280396,45410,45427,17
12.9974298477,80.2559509277,45427,45439,12
12.9971199036,80.2559661865,45439,45449,10
12.9969797134,80.2560806274,45449,45459,10
12.9968395233,80.2564697266,45459,45469,10
12.9967803955,80.2568969727,45469,45489,20
12.9967803955,80.2568969727,45489,45499,10
12.9967899323,80.2570877075,45499,45509,10
12.9967298508,80.2576293945,45509,45519,10
12.9966201782,80.2583465576,45519,45529,10
12.9965200424,80.2589263916,45529,45539,10
12.996430397,80.2594223022,45539,45550,11
12.9963998795,80.2599411011,45550,45561,11
12.9963502884,80.2608184814,45561,45571,10
12.9962797165,80.2615814209,45571,45581,10
12.9961395264,80.2623977661,45581,45601,20
12.9961395264,80.2623977661,45601,45611,10
12.9961500168,80.2624969482,45611,45621,10
12.9960603714,80.2629470825,45621,45631,10
12.9960298538,80.2637329102,45631,45641,10
12.9959497452,80.2645568848,45641,45651,10
12.9958896637,80.2651977539,45651,45661,10
12.9958200455,80.2658233643,45661,45671,10
12.9958200455,80.2659835815,45671,45681,10
12.995759964,80.2664718628,45681,45692,11
12.9956998825,80.2672576904,45692,45702,10
12.9961500168,80.2676773071,45702,45732,30
12.9961500168,80.2676773071,45732,45742,10
12.9964399338,80.2678375244,45742,45752,10
12.9969501495,80.2677230835,45752,45762,10
12.9976301193,80.2675323486,45762,45778,16
12.9988203049,80.2671890259,45778,45790,12
12.9996404648,80.2668991089,45790,45800,10
13.0000600815,80.2666015625,45800,45821,21
13.0000600815,80.2666015625,45821,45831,10
13.0001602173,80.2664337158,45831,45841,10
13.0002098083,80.2659988403,45841,45851,10
13.0003204346,80.2657699585,45851,45861,10
13.0003204346,80.265953064,45861,45871,10
13.0002698898,80.2664031982,45871,46113,242
13.0002698898,80.2664031982,46113,46123,10
13.0003404617,80.2666015625,46123,46133,10
13.0002803802,80.2667694092,46133,46143,10
13.0000801086,80.2668991089,46143,46153,10
12.9995498657,80.267036438,46153,46163,10
12.9988498688,80.2672195435,46163,46173,10
12.9980697632,80.2674407959,46173,46184,11
12.9971399307,80.2676773071,46184,46194,10
12.9962997437,80.2677612305,46194,46204,10
12.9958000183,80.2677001953,46204,46214,10
12.9957895279,80.2673873901,46214,46234,20
12.9957895279,80.2673873901,46234,46244,10
12.9957895279,80.2671203613,46244,46254,10
12.9958000183,80.2665328979,46254,46264,10
12.9959201813,80.2656784058,46264,46274,10
12.9959897995,80.2647628784,46274,46284,10
12.9961004257,80.2639389038,46284,46294,10
12.9961500168,80.2633972168,46294,46304,10
12.9961996078,80.2630310059,46304,46314,10
12.9962301254,80.2626495361,46314,46325,11
12.9962396622,80.2625808716,46325,46335,10
12.9962596893,80.26222229,46335,46345,10
12.9963302612,80.2618331909,46345,46355,10
12.9963798523,80.2612304688,46355,46365,10
12.9964599609,80.2608566284,46365,46375,10
12.9965200424,80.2602920532,46375,46385,10
12.9965801239,80.2597427368,46385,46395,10
12.9965801239,80.2593307495,46395,46405,10
12.9965696335,80.2591400146,46405,46415,10
12.9966497421,80.2586517334,46415,46425,10
12.9967002869,80.2579803467,46425,46436,11
12.9967803955,80.2573623657,46436,46446,10
12.9968395233,80.2570877075,46446,46456,10
12.9968700409,80.2566070557,46456,46506,50
12.9968700409,80.2566070557,46506,46516,10
12.9968996048,80.256439209,46516,46526,10
12.9968595505,80.2561416626,46526,46597,71
12.9968595505,80.2561416626,46597,46607,10
12.9969100952,80.2560195923,46607,46614,7
12.9970197678,80.2557983398,46614,46627,13
12.9975996017,80.2558288574,46627,46637,10
12.9980201721,80.2558898926,46637,46647,10
12.9988298416,80.2559967041,46647,46667,20
12.9988298416,80.2559967041,46667,46677,10
12.9989500046,80.2560195923,46677,46687,10
12.9993696213,80.2561187744,46687,46698,11
12.9999799728,80.2562332153,46698,46708,10
13.0005397797,80.2563095093,46708,46717,9
13.0008201599,80.256362915,46717,46758,41
13.0008201599,80.256362915,46758,46768,10
13.001159668,80.2565231323,46768,46778,10
13.0015096664,80.2565536499,46778,46788,10
13.0020999908,80.2566223145,46788,46798,10
13.0026397705,80.2566986084,46798,46808,10
13.0032701492,80.2568130493,46808,46818,10
13.0040597916,80.2569580078,46818,46829,11
13.0048303604,80.2571563721,46829,46839,10
13.0054998398,80.2572402954,46839,46849,10
13.005900383,80.2572631836,46849,46859,10
13.0061998367,80.2573394775,46859,46869,10
13.0065002441,80.2572784424,46869,46879,10
13.0065097809,80.2567901611,46879,46889,10
13.0065202713,80.2559585571,46889,46899,10
13.0065698624,80.255279541,46899,46909,10
13.0066204071,80.2546386719,46909,46919,10
13.0065803528,80.2539978027,46919,46929,10
13.0066003799,80.2532501221,46929,46939,10
13.0065898895,80.2531890869,46939,46949,10
13.0065603256,80.2531433105,46949,46960,11
13.0065803528,80.2526397705,46960,46970,10
13.0066795349,80.2518615723,46970,46980,10
13.0068101883,80.250869751,46980,46990,10
13.0067996979,80.2499389648,46990,47000,10
13.0068397522,80.2495803833,47000,47010,10
13.0068302155,80.2491607666,47010,47020,10
13.0067796707,80.2486801147,47020,47030,10
13.0067300797,80.2483673096,47030,47040,10
13.0066900253,80.2479934692,47040,47050,10
13.0066699982,80.2475585938,47050,47121,71
13.0066699982,80.2475585938,47121,47131,10
13.0066604614,80.2472991943,47131,47141,10
13.0066299438,80.2467422485,47141,47151,10
13.0066003799,80.2465362549,47151,47161,10
13.0066404343,80.246421814,47161,47171,10
13.006649971,80.2459335327,47171,47181,10
13.006649971,80.2452392578,47181,47191,10
13.0066404343,80.2445907593,47191,47201,10
13.0066299438,80.2441177368,47201,47212,11
13.0066204071,80.2438583374,47212,47222,10
13.0066204071,80.2434005737,47222,47232,10
13.0065898895,80.2426986694,47232,47242,10
13.0065803528,80.2418289185,47242,47252,10
13.0066299438,80.2410736084,47252,47262,10
13.0066795349,80.2407302856,47262,47272,10
13.0067195892,80.2405166626,47272,47282,10
13.0067901611,80.2401428223,47282,47292,10
13.0068998337,80.2394485474,47292,47302,10
13.0071001053,80.2385482788,47302,47312,10
13.0073404312,80.2375564575,47312,47323,11
13.0074300766,80.2368164063,47323,47333,10
13.0074396133,80.2367706299,47333,47343,10
13.007519722,80.2365570068,47343,47353,10
13.0076398849,80.2360534668,47353,47363,10
13.0078001022,80.2352828979,47363,47373,10
13.0079898834,80.2343902588,47373,47383,10
13.0081996918,80.2333602905,47383,47393,10
13.0084199905,80.2321777344,47393,47403,10
13.008649826,80.2309799194,47403,47413,10
13.0088701248,80.2297668457,47413,47423,10
13.0090999603,80.2285919189,47423,47433,10
13.0094900131,80.2275085449,47433,47442,9
13.0099096298,80.2265701294,47442,47453,11
13.0103702545,80.2256011963,47453,47464,11
13.010720253,80.2248306274,47464,47474,10
13.0109701157,80.2242202759,47474,47484,10
13.0112400055,80.223487854,47484,47494,10
13.0115203857,80.2227630615,47494,47504,10
13.011759758,80.2219696045,47504,47514,10
13.0120897293,80.2213973999,47514,47524,10
13.0124197006,80.2215805054,47524,47534,10
13.0127801895,80.2220916748,47534,47544,10
13.013299942,80.2227096558,47544,47554,10
13.013879776,80.2233886719,47554,47564,10
13.0142498016,80.2238769531,47564,47575,11
13.0146999359,80.2243881226,47575,47585,10
13.0148601532,80.2245025635,47585,47595,10
13.0150995255,80.2247314453,47595,47604,9
13.0154104233,80.224937439,47604,47615,11
13.0154399872,80.2249679565,47615,47625,10
13.0155200958,80.2250213623,47625,47635,10
13.0158996582,80.2252502441,47635,47645,10
13.0166797638,80.2251968384,47645,47655,10
13.0176200867,80.2248382568,47655,47665,10
13.0186100006,80.2244491577,47665,47675,10
13.0193796158,80.2243423462,47675,47685,10
13.0195102692,80.2243728638,47685,47695,10
13.019659996,80.2244873047,47695,47705,10
13.0200004578,80.2247619629,47705,47716,11
13.0206203461,80.225189209,47716,47726,10
13.0211801529,80.2256164551,47726,47736,10
13.0218896866,80.2261199951,47736,47756,20
13.0218896866,80.2261199951,47756,47766,10
13.0221099854,80.2263183594,47766,47782,16
13.0228996277,80.2270202637,47782,47794,12
13.0236101151,80.2276763916,47794,47804,10
13.0240001678,80.2280197144,47804,47814,10
13.0242004395,80.2282485962,47814,47824,10
13.0244197845,80.2285766602,47824,47834,10
13.0246696472,80.2289810181,47834,47845,11
13.0249996185,80.2294387817,47845,47854,9
13.0253896713,80.229927063,47854,47865,11
13.0257902145,80.2305374146,47865,47875,10
13.0258398056,80.2306671143,47875,47885,10
13.0258903503,80.2308273315,47885,47895,10
13.0259599686,80.2312011719,47895,47905,10
13.0262403488,80.2312469482,47905,47915,10
13.0268697739,80.231086731,47915,47925,10
13.0274496078,80.2309570313,47925,47935,10
13.0278396606,80.2309417725,47935,47945,10
13.028380394,80.2308883667,47945,47955,10
13.0285797119,80.2308578491,47955,47966,11
13.0288000107,80.2308502197,47966,47976,10
13.0288696289,80.2308578491,47976,47986,10
13.0292301178,80.2308120728,47986,47996,10
13.0296401978,80.230758667,47996,48006,10
13.0300397873,80.230682373,48006,48016,10
13.0304498672,80.2306594849,48016,48026,10
13.03083992,80.2306289673,48026,48036,10
13.0314903259,80.2305908203,48036,48046,10
13.0320596695,80.2305297852,48046,48055,9
13.0327596664,80.2304916382,48055,48066,11
13.033539772,80.2304000854,48066,48076,10
13.0341997147,80.2303466797,48076,48147,71
13.0344696045,80.2303237915,48147,48167,20
13.0346498489,80.2303009033,48167,48217,50
13.0348901749,80.2303390503,48217,48238,21
13.0348901749,80.2303390503,48238,48248,10
13.0349302292,80.230758667,48248,48258,10
13.0348396301,80.2312316895,48258,48268,10
13.0347795486,80.2318115234,48268,48278,10
13.0346803665,80.2322463989,48278,48288,10
13.0346498489,80.2328033447,48288,48298,10
13.0345697403,80.2331695557,48298,48308,10
13.0345201492,80.2334823608,48308,48318,10
13.0344495773,80.2340011597,48318,48328,10
13.034330368,80.2347183228,48328,48338,10
13.0342998505,80.2355422974,48338,48349,11
13.0341997147,80.2364578247,48349,48359,10
13.0342197418,80.2371826172,48359,48419,60
13.0342197418,80.2371826172,48419,48429,10
13.0342798233,80.2374191284,48429,48439,10
13.0343999863,80.2376327515,48439,48455,16
13.0347003937,80.2381134033,48455,48467,12
13.0351200104,80.2387619019,48467,48478,11
13.0354604721,80.2393035889,48478,48488,10
13.0360298157,80.239402771,48488,48498,10
13.0366802216,80.2394638062,48498,48508,10
13.0373697281,80.2395324707,48508,48518,10
13.0378799438,80.2396011353,48518,48528,10
13.0383901596,80.2396469116,48528,48538,10
13.0389499664,80.2397079468,48538,48548,10
13.0394001007,80.2397766113,48548,48558,10
13.0396995544,80.2398376465,48558,48568,10
13.0401000977,80.2398986816,48568,48586,18
13.0401000977,80.2398986816,48586,48598,12
13.0402803421,80.2400131226,48598,48609,11
13.0403699875,80.2401199341,48609,48619,10
13.0403795242,80.240447998,48619,48629,10
13.0408201218,80.2405166626,48629,48639,10
13.0410404205,80.240562439,48639,48648,9
13.0412397385,80.2405700684,48648,48659,11
13.0417995453,80.2406311035,48659,48669,10
13.0424604416,80.2407302856,48669,48679,10
13.0431804657,80.2408370972,48679,48687,8
13.0437498093,80.2409210205,48687,48698,11
13.0443401337,80.2406768799,48698,48729,31
13.0443401337,80.2406768799,48729,48740,11
13.0446395874,80.2406082153,48740,48750,10
13.0448598862,80.2403488159,48750,48760,10
13.0453500748,80.2399978638,48760,48770,10
13.0458698273,80.239692688,48770,48780,10
13.0462598801,80.2395172119,48780,48790,10
13.046500206,80.2396011353,48790,48800,10
13.0467300415,80.2396621704,48800,48810,10
13.0472698212,80.2397689819,48810,48820,10
13.0480699539,80.2398986816,48820,48830,10
13.0488195419,80.2400970459,48830,48840,10
13.0494098663,80.240196228,48840,48850,10
13.0498199463,80.2402877808,48850,48861,11
13.0504598618,80.2404098511,48861,48871,10
13.0509700775,80.2405395508,48871,48881,10
13.0511798859,80.240562439,48881,48891,10
13.0514097214,80.2406311035,48891,48901,10
13.0520200729,80.240737915,48901,48911,10
13.0525102615,80.2412414551,48911,48921,10
13.0527095795,80.2416915894,48921,48931,10
13.0533800125,80.2419891357,48931,48941,10
13.0537996292,80.2421875,48941,48951,10
13.0539102554,80.2422103882,48951,48961,10
13.0539903641,80.2422332764,48961,48972,11
13.0544900894,80.2423095703,48972,48982,10
13.0551996231,80.2422332764,48982,48992,10
13.0559997559,80.2423324585,48992,49002,10
13.0566301346,80.2425765991,49002,49011,9
13.0569295883,80.2426605225,49011,49022,11
13.0573596954,80.2427825928,49022,49032,10
13.0577802658,80.2427597046,49032,49042,10
13.0582799911,80.2426986694,49042,49052,10
13.0588302612,80.2426071167,49052,49062,10
13.0592899323,80.2425231934,49062,49072,10
13.0597696304,80.2426376343,49072,49082,10
13.0602197647,80.242767334,49082,49093,11
13.0606298447,80.2429199219,49093,49103,10
13.0608196259,80.242980957,49103,49113,10
13.0610399246,80.2430496216,49113,49123,10
13.0613002777,80.2431106567,49123,49133,10
13.0615501404,80.2431716919,49133,49143,10
13.062040329,80.2432403564,49143,49163,20
13.062040329,80.2432403564,49163,49173,10
13.0624198914,80.2433013916,49173,49203,30
13.0624198914,80.2433013916,49203,49213,10
13.0625896454,80.243347168,49213,49223,10
13.0629396439,80.2434234619,49223,49234,11
13.0635700226,80.2435073853,49234,49244,10
13.064040184,80.2434997559,49244,49254,10
13.0646600723,80.2435379028,49254,49264,10
13.0654296875,80.2435379028,49264,49284,20
13.0654296875,80.2435379028,49284,49294,10
13.0656604767,80.2434768677,49294,49304,10
13.0660200119,80.2434692383,49304,49314,10
13.0663700104,80.2433700562,49314,49324,10
13.0668802261,80.2431716919,49324,49334,10
13.0675001144,80.2428817749,49334,49344,10
13.0682001114,80.2426681519,49344,49355,11
13.0689401627,80.242401123,49355,49365,10
13.069439888,80.2422332764,49365,49375,10
13.0699195862,80.2421722412,49375,49395,20
13.0699195862,80.2421722412,49395,49405,10
13.0700902939,80.2421112061,49405,49415,10
13.0705404282,80.2419815063,49415,49424,9
13.0710296631,80.2418136597,49424,49435,11
13.071680069,80.2414779663,49435,49445,10
13.0723400116,80.2410812378,49445,49455,10
13.0729799271,80.2407913208,49455,49465,10
13.0736398697,80.2406082153,49465,49476,11
13.0744800568,80.2404937744,49476,49486,10
13.075340271,80.2404785156,49486,49496,10
13.0762300491,80.2404785156,49496,49506,10
13.076880455,80.2406234741,49506,49576,70
13.076880455,80.2406234741,49576,49586,10
13.0770998001,80.2404785156,49586,49607,21
13.0770998001,80.2404785156,49607,49617,10
13.0771198273,80.2403793335,49617,49627,10
13.0770397186,80.2399215698,49627,49637,10
13.0768299103,80.2391662598,49637,49727,90
13.0768299103,80.2391662598,49727,49738,11
13.0767402649,80.2387466431,49738,49748,10
13.0767002106,80.2386627197,49748,49758,10
13.0766601563,80.2384796143,49758,49768,10
13.0765895844,80.2381134033,49768,49778,10
13.0764904022,80.2376022339,49778,49788,10
13.0764303207,80.2371826172,49788,49798,10
13.076499939,80.2371368408,49798,49808,10
13.0764198303,80.2367706299,49808,49818,10
13.0763196945,80.2362518311,49818,49828,10
13.0762901306,80.2361221313,49828,49838,10
13.0762195587,80.235786438,49838,49848,10
13.0761404037,80.2354125977,49848,49859,11
13.0759897232,80.2347793579,49859,49869,10
13.0758199692,80.2342376709,49869,49889,20
13.0758199692,80.2342376709,49889,49899,10
13.0757904053,80.2342224121,49899,49909,10
13.075799942,80.2339630127,49909,49919,10
13.0760002136,80.2338180542,49919,49929,10
13.0763502121,80.2338027954,49929,49939,10
13.0767402649,80.2337493896,49939,49948,9
13.0768203735,80.233757019,49948,49958,10
13.0769500732,80.2337799072,49958,49970,12
13.0775003433,80.2336883545,49970,49979,9
13.0780897141,80.2336196899,49979,49990,11
13.0788002014,80.2335586548,49990,50000,10
13.079369545,80.2335510254,50000,50010,10
13.0799102783,80.2335281372,50010,50020,10
13.0802202225,80.2335281372,50020,50030,10
13.0803403854,80.2335510254,50030,50040,10
13.0807504654,80.233543396,50040,50050,10
13.0813798904,80.2335662842,50050,50060,10
13.0818996429,80.2336120605,50060,50070,10
13.0819597244,80.2333908081,50070,50080,10
13.0819997787,80.2330169678,50080,50090,10
13.0820398331,80.232749939,50090,50100,10
13.0821304321,80.232460022,50100,50111,11
13.0823202133,80.2319107056,50111,50121,10
13.0825996399,80.2312316895,50121,50131,10
13.0827903748,80.2307434082,50131,50141,10
13.0830001831,80.2306976318,50141,50151,10
13.0831298828,80.2310562134,50151,50161,10
13.0831804276,80.2318115234,50161,50171,10
13.0832901001,80.2326431274,50171,50181,10
13.0834302902,80.2332992554,50181,50191,10
13.0835103989,80.2337036133,50191,50201,10
13.0836496353,80.2338485718,50201,50211,10
13.0840196609,80.2339401245,50211,50221,10
13.0840597153,80.2339477539,50221,50231,10
13.0843095779,80.2340316772,50231,50242,11
13.0847997665,80.2341537476,50242,50252,10
13.0854597092,80.2342910767,50252,50262,10
13.0861997604,80.2344589233,50262,50272,10
13.0870704651,80.2345428467,50272,50282,10
13.0879201889,80.2342376709,50282,50292,10
13.0880403519,80.2332992554,50292,50302,10
13.0881500244,80.2326889038,50302,50312,10
13.0882997513,80.2321166992,50312,50322,10
13.0885095596,80.2314300537,50322,50332,10
13.0887699127,80.2307662964,50332,50341,9
13.0888900757,80.2305374146,50341,50352,11
13.0889196396,80.2304611206,50352,50363,11
13.0891599655,80.2299880981,50363,50373,10
13.0895700455,80.229309082,50373,50383,10
13.0902395248,80.2285766602,50383,50393,10
13.090880394,80.2278823853,50393,50403,10
13.0912799835,80.2274398804,50403,50413,10
13.0914201736,80.2272872925,50413,50423,10
13.0916204453,80.2270965576,50423,50433,10
13.092040062,80.2267074585,50433,50443,10
13.0925397873,80.2261810303,50443,50453,10
13.0930500031,80.2256622314,50453,50463,10
13.0932397842,80.2254486084,50463,50473,10
13.0934495926,80.2252731323,50473,50484,11
13.0938796997,80.2247772217,50484,50494,10
13.0943603516,80.2241821289,50494,50504,10
13.0948801041,80.2233963013,50504,50514,10
13.095199585,80.2226791382,50514,50524,10
13.0952701569,80.2224731445,50524,50534,10
13.0953798294,80.2221984863,50534,50544,10
13.0956201553,80.2215805054,50544,50554,10
13.0958995819,80.2208404541,50554,50564,10
13.0961399078,80.2201309204,50564,50574,10
13.0962200165,80.2198791504,50574,50584,10
13.0962600708,80.2197875977,50584,50593,9
13.0964097977,80.2193908691,50593,50603,10
13.0965900421,80.2188720703,50603,50615,12
13.0968599319,80.2180786133,50615,50625,10
13.0971002579,80.2173233032,50625,50635,10
13.097240448,80.2169265747,50635,50645,10
13.0972995758,80.216758728,50645,50655,10
13.0975103378,80.2162475586,50655,50665,10
13.0978097916,80.2155380249,50665,50675,10
13.0981397629,80.2147979736,50675,50685,10
13.0983104706,80.2144088745,50685,50695,10
13.0983295441,80.2143630981,50695,50705,10
13.0983695984,80.214302063,50705,50715,10
13.0984697342,80.2140579224,50715,50725,10
13.0987100601,80.2140274048,50725,50736,11
13.0993099213,80.2142791748,50736,50746,10
13.0998802185,80.2144165039,50746,50756,10
13.1002197266,80.2145080566,50756,50776,20
13.1002197266,80.2145080566,50776,50786,10
13.1003303528,80.2145767212,50786,50796,10
13.1003398895,80.21459198,50796,50806,10
13.1004800797,80.2146377563,50806,50816,10
13.1004600525,80.2150192261,50816,50826,10
13.1001901627,80.2156066895,50826,50836,10
13.0999898911,80.2160491943,50836,50846,10
13.0998802185,80.2158889771,50846,50856,10
13.1000099182,80.2156295776,50856,50867,11
13.100279808,80.2151184082,50867,50927,60
13.100279808,80.2151184082,50927,50937,10
13.1003303528,80.215057373,50937,50947,10
13.100279808,80.2148284912,50947,50957,10
13.1002397537,80.2146987915,50957,52198,1241
13.1002397537,80.2146987915,52198,52209,11
13.1000900269,80.2145233154,52209,52219,10
13.0999002457,80.2144470215,52219,52229,10
13.0998001099,80.2144165039,52229,52239,10
13.0996303558,80.2143783569,52239,52249,10
13.0992803574,80.2142715454,52249,52260,11
13.0988101959,80.2141036987,52260,52271,11
13.0985803604,80.2140197754,52271,52280,9
13.0984697342,80.2140731812,52280,52291,11
13.0983104706,80.2144393921,52291,52301,10
13.0980596542,80.2149810791,52301,52311,10
13.0978097916,80.2155380249,52311,52321,10
13.0975599289,80.2161712646,52321,52331,10
13.0973796844,80.2166519165,52331,52341,10
13.0973796844,80.2166595459,52341,52351,10
13.097240448,80.2169876099,52351,52361,10
13.0970802307,80.2174072266,52361,52372,11
13.0968103409,80.2182617188,52372,52382,10
13.0965795517,80.2189407349,52382,52392,10
13.0963497162,80.2196121216,52392,52402,10
13.0960903168,80.2203369141,52402,52412,10
13.0958404541,80.2210388184,52412,52422,10
13.0956802368,80.2215118408,52422,52432,10
13.0954799652,80.2221984863,52432,52442,10
13.0954504013,80.2222976685,52442,52452,10
13.0953502655,80.2225494385,52452,52462,10
13.0951299667,80.2230682373,52462,52472,10
13.0946998596,80.2237167358,52472,52482,10
13.094209671,80.2243728638,52482,52493,11
13.0936899185,80.2250213623,52493,52503,10
13.0931797028,80.2255706787,52503,52513,10
13.0926198959,80.2261199951,52513,52523,10
13.0920495987,80.2267303467,52523,52533,10
13.0911998749,80.2276382446,52533,52553,20
13.0911998749,80.2276382446,52553,52563,10
13.0910902023,80.2277526855,52563,52573,10
13.0907001495,80.2281494141,52573,52583,10
13.0902004242,80.2286834717,52583,52593,10
13.0896396637,80.229309082,52593,52603,10
13.0892400742,80.2299804688,52603,52613,10
13.0890903473,80.2302780151,52613,52623,10
13.0888996124,80.2307662964,52623,52634,11
13.0888395309,80.2308578491,52634,52644,10
13.0887804031,80.2309570313,52644,52654,10
13.0886001587,80.2313766479,52654,52664,10
13.0883998871,80.2320404053,52664,52674,10
13.0881795883,80.2328186035,52674,52684,10
13.0880498886,80.2335968018,52684,52694,10
13.0879497528,80.2342987061,52694,52704,10
13.0873498917,80.2345581055,52704,52714,10
13.086640358,80.2345428467,52714,52724,10
13.0861501694,80.2344436646,52724,52734,10
13.0860395432,80.2343978882,52734,52744,10
13.0857400894,80.2343215942,52744,52755,11
13.0852603912,80.2342224121,52755,52765,10
13.0846996307,80.2340393066,52765,52775,10
13.0841503143,80.2339172363,52775,52785,10
13.0836400986,80.2338562012,52785,52795,10
13.0831804276,80.2337875366,52795,52805,10
13.082400322,80.2336273193,52805,52824,19
13.082400322,80.2336273193,52824,52834,10
13.0822401047,80.2335891724,52834,52844,10
13.0818300247,80.2335891724,52844,52855,11
13.0812196732,80.2335891724,52855,52865,10
13.080619812,80.2335586548,52865,52876,11
13.0800104141,80.2335662842,52876,52886,10
13.079580307,80.2335510254,52886,52896,10
13.0795698166,80.2335510254,52896,52906,10
13.0792303085,80.233581543,52906,52916,10
13.0787496567,80.2335891724,52916,52926,10
13.0780496597,80.2336502075,52926,52936,10
13.0774202347,80.2336807251,52936,52946,10
13.0767297745,80.233757019,52946,52955,9
13.0761003494,80.2338790894,52955,52976,21
13.0761003494,80.2338790894,52976,52986,10
13.0760002136,80.2337875366,52986,52997,11
13.075799942,80.2339630127,52997,53007,10
13.0759401321,80.2344970703,53007,53017,10
13.0760402679,80.2351226807,53017,53027,10
13.076210022,80.2358627319,53027,53037,10
13.0763196945,80.2366027832,53037,53047,10
13.0764503479,80.2371826172,53047,53077,30
13.0764503479,80.2371826172,53077,53087,10
13.07654953,80.2375411987,53087,53097,10
13.0766401291,80.23802948,53097,53107,10
13.0767602921,80.2386398315,53107,53117,10
13.0768995285,80.2391967773,53117,53127,10
13.0770101547,80.2397689819,53127,53138,11
13.0771598816,80.2403869629,53138,53148,10
13.0773000717,80.2409820557,53148,53158,10
13.0774097443,80.241569519,53158,53168,10
13.0775899887,80.2422790527,53168,53178,10
13.0777196884,80.2431030273,53178,53188,10
13.0777797699,80.2438964844,53188,53198,10
13.0778102875,80.2445373535,53198,53208,10
13.077870369,80.2452774048,53208,53218,10
13.0779495239,80.2460403442,53218,53228,10
13.0781002045,80.2468490601,53228,53238,10
13.0782804489,80.2477035522,53238,53249,11
13.0784702301,80.2486190796,53249,53259,10
13.078619957,80.2493362427,53259,53269,10
13.0787096024,80.2501068115,53269,53279,10
13.0784797668,80.2507400513,53279,53289,10
13.0785598755,80.2513275146,53289,53299,10
13.0782604218,80.2515792847,53299,53309,10
13.0777597427,80.251739502,53309,53319,10
13.0770797729,80.2518768311,53319,53329,10
13.0765104294,80.2520294189,53329,53339,10
13.0755596161,80.252166748,53339,53349,10
13.0748500824,80.2522125244,53349,53359,10
13.074139595,80.2522583008,53359,53369,10
13.0735502243,80.2524490356,53369,53380,11
13.0728197098,80.2524032593,53380,53390,10
13.0722398758,80.2520675659,53390,53400,10
13.0720901489,80.2513198853,53400,53410,10
13.0718698502,80.250579834,53410,53420,10
13.0717000961,80.249961853,53420,53430,10
13.0715503693,80.2493591309,53430,53440,10
13.0714197159,80.2486190796,53440,53450,10
13.0712099075,80.2479019165,53450,53460,10
13.0709104538,80.2471618652,53460,53470,10
13.0705604553,80.2464523315,53470,53480,10
13.0701704025,80.2456130981,53480,53490,10
13.0698204041,80.2447662354,53490,53501,11
13.0695199966,80.2438735962,53501,53511,10
13.0693397522,80.2433776855,53511,53521,10
13.0693397522,80.2433700562,53521,53531,10
13.0692796707,80.2431411743,53531,53541,10
13.0691995621,80.2426300049,53541,53551,10
13.0687398911,80.2425994873,53551,53561,10
13.0679597855,80.2427902222,53561,53571,10
13.0672302246,80.2430725098,53571,53581,10
13.0665397644,80.2433395386,53581,53591,10
13.0661401749,80.243812561,53591,53601,10
13.0662002563,80.2445602417,53601,53611,10
13.0663204193,80.2453308105,53611,53621,10
13.0666799545,80.2459564209,53621,53631,10
13.0674495697,80.2462921143,53631,53642,11
13.0677995682,80.2465286255,53642,53652,10
13.0678501129,80.2466583252,53652,53662,10
13.0678701401,80.2471618652,53662,53672,10
13.0678195953,80.2478179932,53672,53682,10
13.0672502518,80.2479095459,53682,53692,10
13.0665302277,80.2478485107,53692,53702,10
13.0659399033,80.2479324341,53702,53712,10
13.0651397705,80.2478713989,53712,53728,16
13.0637397766,80.2476501465,53728,53740,12
13.0627803802,80.2475662231,53740,53750,10
13.06208992,80.2475967407,53750,53761,11
13.0614204407,80.2471466064,53761,53771,10
13.0615701675,80.2466964722,53771,53781,10
13.0618200302,80.2463912964,53781,53791,10
13.0619602203,80.2456817627,53791,53801,10
13.0623397827,80.2449798584,53801,53811,10
13.062959671,80.2445297241,53811,53821,10
13.0630302429,80.2442932129,53821,53831,10
13.0631399155,80.2441711426,53831,53841,10
13.0633602142,80.2437515259,53841,53851,10
13.0631198883,80.2435073853,53851,53861,10
13.062620163,80.2433929443,53861,53871,10
13.0621204376,80.2433166504,53871,53881,10
13.0616598129,80.2432327271,53881,53892,11
13.0611896515,80.2431793213,53892,53902,10
13.0606002808,80.2429580688,53902,53912,10
13.0600099564,80.2427978516,53912,53922,10
13.0594797134,80.2426071167,53922,53932,10
13.0590000153,80.2426223755,53932,53942,10
13.0588703156,80.2426300049,53942,53952,10
13.0584897995,80.2426986694,53952,53962,10
13.0579204559,80.242767334,53962,53972,10
13.0572795868,80.2428207397,53972,53982,10
13.0566396713,80.2426300049,53982,53992,10
13.0561599731,80.2424316406,53992,54002,10
13.0558395386,80.2423019409,54002,54012,10
13.0553197861,80.2422790527,54012,54023,11
13.0548295975,80.2424087524,54023,54033,10
13.0543203354,80.2423782349,54033,54043,10
13.0537395477,80.2422180176,54043,54083,40
13.0537395477,80.2422180176,54083,54093,10
13.0535402298,80.2421035767,54093,54103,10
13.0531702042,80.2419281006,54103,54113,10
13.0527000427,80.2417602539,54113,54123,10
13.0523004532,80.2413635254,54123,54134,11
13.052069664,80.2409362793,54134,54143,9
13.05189991,80.2407608032,54143,54154,11
13.0516395569,80.2407531738,54154,54164,10
13.0512895584,80.2406692505,54164,54174,10
13.0510997772,80.2406234741,54174,54184,10
13.050740242,80.2405471802,54184,54194,10
13.0500802994,80.2404022217,54194,54214,20
13.0500802994,80.2404022217,54214,54224,10
13.0497903824,80.2403030396,54224,54234,10
13.0493803024,80.2402420044,54234,54244,10
13.0490598679,80.240196228,54244,54254,10
13.0485801697,80.2401123047,54254,54265,11
13.0480203629,80.240020752,54265,54275,10
13.0472698212,80.2397994995,54275,54291,16
13.0462903976,80.2396011353,54291,54303,12
13.0463495255,80.2391433716,54303,54311,8
13.0464801788,80.2386169434,54311,54323,12
13.0466403961,80.2378997803,54323,54333,10
13.0467996597,80.2372589111,54333,54343,10
13.0469703674,80.2365570068,54343,54353,10
13.0470304489,80.2360992432,54353,54363,10
13.0471000671,80.2358016968,54363,54373,10
13.0471200943,80.2354888916,54373,54383,10
13.0472097397,80.234916687,54383,54394,11
13.0472698212,80.234161377,54394,54404,10
13.0473299026,80.233543396,54404,54414,10
13.0473403931,80.2330932617,54414,54424,10
13.0467796326,80.2330169678,54424,54434,10
13.0461397171,80.2328720093,54434,54444,10
13.0455799103,80.2328109741,54444,54454,10
13.0453100204,80.2327270508,54454,54464,10
13.0451898575,80.2326889038,54464,54474,10
13.0447301865,80.2325820923,54474,54485,11
13.0440101624,80.232460022,54485,54495,10
13.0431203842,80.2322616577,54495,54505,10
13.0424804688,80.2322769165,54505,54516,11
13.0416402817,80.2322006226,54516,54525,9
13.0409297943,80.2320404053,54525,54536,11
13.0401601791,80.2317810059,54536,54546,10
13.0393800735,80.2315368652,54546,54555,9
13.0387096405,80.2313232422,54555,54566,11
13.037899971,80.2310333252,54566,54576,10
13.0368995667,80.2307815552,54576,54606,30
13.0368995667,80.2307815552,54606,54616,10
13.0366201401,80.2307815552,54616,54626,10
13.0360603333,80.2305603027,54626,54636,10
13.0355396271,80.2303466797,54636,54647,11
13.0350704193,80.2303237915,54647,54657,10
13.0346698761,80.2303619385,54657,54667,10
13.0341796875,80.2304229736,54667,54677,10
13.0336704254,80.2305221558,54677,54687,10
13.0335502625,80.230506897,54687,54697,10
13.0331897736,80.2304763794,54697,54706,9
13.0326700211,80.2305603027,54706,54717,11
13.0319099426,80.2306289673,54717,54727,10
13.0312404633,80.2306900024,54727,54737,10
13.0307102203,80.2307281494,54737,54746,9
13.030380249,80.2307281494,54746,54757,11
13.0299501419,80.2308197021,54757,54767,10
13.0297698975,80.2308120728,54767,54778,11
13.0293998718,80.2308731079,54778,54788,10
13.0289001465,80.2309417725,54788,54798,10
13.0284004211,80.2309875488,54798,54808,10
13.0278396606,80.2310333252,54808,54818,10
13.027680397,80.231262207,54818,54828,10
13.0277004242,80.2317123413,54828,54838,10
13.0277700424,80.2321929932,54838,54848,10
13.0278396606,80.2326431274,54848,54858,10
13.0273895264,80.2328567505,54858,54868,10
13.0268802643,80.2329864502,54868,54878,10
13.0264797211,80.232963562,54878,54888,10
13.026260376,80.2324371338,54888,54899,11
13.0260801315,80.2316894531,54899,54909,10
13.0258998871,80.2309494019,54909,54919,10
13.0255403519,80.2302017212,54919,54929,10
13.0250797272,80.2295913696,54929,54939,10
13.0246896744,80.2291107178,54939,54949,10
13.0243396759,80.2286529541,54949,54959,10
13.0241003036,80.2284164429,54959,54969,10
13.0240297318,80.2283477783,54969,54979,10
13.0238199234,80.2280426025,54979,54989,10
13.023440361,80.2276611328,54989,54999,10
13.0229701996,80.227142334,54999,55009,10
13.0223903656,80.226600647,55009,55020,11
13.0217399597,80.2260665894,55020,55030,10
13.0210599899,80.2255172729,55030,55040,10
13.0204696655,80.2251205444,55040,55050,10
13.0199298859,80.2247619629,55050,55060,10
13.0193901062,80.2244796753,55060,55070,10
13.0185899734,80.2245330811,55070,55080,10
13.0177898407,80.2248764038,55080,55090,10
13.0170097351,80.2252120972,55090,55100,10
13.0163803101,80.225479126,55100,55110,10
13.0158596039,80.2257003784,55110,55120,10
13.015250206,80.2259292603,55120,55130,10
13.0146903992,80.2261581421,55130,55141,11
13.0132398605,80.2266616821,55141,55161,20
13.0132398605,80.2266616821,55161,55177,16
13.0121803284,80.2270431519,55177,55189,12
13.0112800598,80.2274627686,55189,55197,8
13.0106201172,80.227722168,55197,55207,10
13.0097198486,80.2281112671,55207,55219,12
13.0090398788,80.2289123535,55219,55229,10
13.0088500977,80.2298583984,55229,55239,10
13.0086603165,80.230796814,55239,55248,9
13.0085000992,80.2316207886,55248,55259,11
13.0082798004,80.2326583862,55259,55269,10
13.0081596375,80.2334213257,55269,55280,11
13.0079898834,80.2341995239,55280,55290,10
13.0078802109,80.2348175049,55290,55300,10
13.0077896118,80.2352828979,55300,55310,10
13.0076599121,80.2360305786,55310,55320,10
13.0075101852,80.2368392944,55320,55330,10
13.0073795319,80.2375183105,55330,55340,10
13.0072202682,80.2383575439,55340,55350,10
13.0070800781,80.2390594482,55350,55360,10
13.0069599152,80.2399520874,55360,55401,41
13.0069599152,80.2399520874,55401,55411,10
13.0069103241,80.2401428223,55411,55421,10
13.006770134,80.2407073975,55421,55431,10
13.0067300797,80.2415008545,55431,55441,10
13.0066900253,80.2423095703,55441,55451,10
13.0066604614,80.243019104,55451,55461,10
13.0066299438,80.2437515259,55461,55471,10
13.0066204071,80.2444763184,55471,55481,10
13.0066204071,80.2452392578,55481,55491,10
13.0066404343,80.2457962036,55491,55501,10
13.0066795349,80.2463607788,55501,55511,10
13.0066795349,80.246383667,55511,55522,11
13.0066900253,80.2465896606,55522,55532,10
13.0066995621,80.2470703125,55532,55542,10
13.0066699982,80.2477798462,55542,55552,10
13.0066699982,80.2485198975,55552,55562,10
13.0067901611,80.2492828369,55562,55572,10
13.0068101883,80.2495498657,55572,55582,10
13.0068101883,80.2498397827,55582,55592,10
13.0067596436,80.2504577637,55592,55602,10
13.0067501068,80.2511367798,55602,55612,10
13.006649971,80.2517776489,55612,55622,10
13.0065402985,80.2524490356,55622,55632,10
13.0066299438,80.2528991699,55632,55642,10
13.0066099167,80.2533569336,55642,55653,11
13.0065603256,80.2539978027,55653,56378,725
13.0065603256,80.2539978027,56378,56388,10
13.0064096451,80.2541809082,56388,56398,10
13.0064296722,80.2542419434,56398,56409,11
13.0064401627,80.2544174194,56409,56419,10
13.0064296722,80.2548828125,56419,56429,10
13.0064401627,80.2555618286,56429,56439,10
13.006480217,80.2562332153,56439,56449,10
13.0065603256,80.2571029663,56449,56530,81
13.0065603256,80.2571029663,56530,56540,10
13.0065898895,80.2572174072,56540,56550,10
13.0068101883,80.2575378418,56550,56560,10
13.0070800781,80.2579879761,56560,56570,10
13.0073795319,80.2584686279,56570,56580,10
13.0077600479,80.2587509155,56580,56590,10
13.0080499649,80.2590866089,56590,56600,10
13.0078001022,80.2593307495,56600,56610,10
13.0074596405,80.2592773438,56610,56620,10
13.0072402954,80.2588424683,56620,56630,10
13.0072402954,80.2587966919,56630,56640,10
13.0070199966,80.2584228516,56640,56651,11
13.0068702698,80.2581176758,56651,56671,20
13.0068702698,80.2581176758,56671,56681,10
13.0066699982,80.2577514648,56681,56691,10
13.0065603256,80.2572937012,56691,56701,10
13.0065202713,80.2567901611,56701,56711,10
13.006529808,80.2559890747,56711,56721,10
13.0065698624,80.2553482056,56721,56731,10
13.0065803528,80.254699707,56731,56741,10
13.0065498352,80.2542572021,56741,56751,10
13.0065803528,80.2540969849,56751,56761,10
13.0065803528,80.2535324097,56761,56771,10
13.0065898895,80.2533035278,56771,56782,11
13.0065603256,80.2532196045,56782,56792,10
13.0065803528,80.2529067993,56792,56802,10
13.0065803528,80.2526702881,56802,56842,40
13.0065803528,80.2526702881,56842,56852,10
13.0066003799,80.2523498535,56852,56862,10
13.0066900253,80.2518234253,56862,56872,10
13.0067901611,80.251121521,56872,56882,10
13.0067996979,80.2503585815,56882,56892,10
13.0067796707,80.2494735718,56892,56903,11
13.0066900253,80.2485809326,56903,56913,10
13.0066404343,80.2479171753,56913,56923,10
13.0065698624,80.2467269897,56923,56953,30
13.0065698624,80.2467269897,56953,56963,10
13.0066204071,80.2463531494,56963,56973,10
13.006649971,80.2456130981,56973,56983,10
13.0066299438,80.2447433472,56983,56993,10
13.0066299438,80.2440795898,56993,57003,10
13.0066099167,80.2435379028,57003,57013,10
13.0065698624,80.2428970337,57013,57023,10
13.0065803528,80.2420501709,57023,57034,11
13.0066003799,80.2410964966,57034,57044,10
13.0066604614,80.2405090332,57044,57054,10
13.0066604614,80.2403564453,57054,57064,10
13.0067396164,80.2399902344,57064,57074,10
13.0068597794,80.2393493652,57074,57084,10
13.0070400238,80.2386474609,57084,57094,10
13.0071802139,80.2380218506,57094,57104,10
13.0073204041,80.2374191284,57104,57114,10
13.0073900223,80.2368774414,57114,57130,16
13.007399559,80.2368621826,57130,57142,12
13.0075597763,80.2363586426,57142,57153,11
13.0076999664,80.2356414795,57153,57162,9
13.0078401566,80.2349472046,57162,57173,11
13.008020401,80.2340164185,57173,57183,10
13.0081996918,80.2331695557,57183,57193,10
13.0083503723,80.2323074341,57193,57203,10
13.0085201263,80.2314224243,57203,57213,10
13.0087003708,80.2305221558,57213,57223,10
13.0088796616,80.2295837402,57223,57233,10
13.0090503693,80.2286987305,57233,57242,9
13.0092697144,80.2279586792,57242,57253,11
13.0097198486,80.2269897461,57253,57263,10
13.0101699829,80.22605896,57263,57273,10
13.0105600357,80.2252120972,57273,57284,11
13.0109300613,80.2243881226,57284,57294,10
13.0112199783,80.2236785889,57294,57324,30
13.0112199783,80.2236785889,57324,57334,10
13.0112800598,80.2234191895,57334,57344,10
13.0114898682,80.2230072021,57344,57354,10
13.0117101669,80.2223815918,57354,57364,10
13.0119800568,80.2217102051,57364,57374,10
13.0123100281,80.2215805054,57374,57384,10
13.0126199722,80.2219085693,57384,57393,9
13.0129699707,80.2223815918,57393,57405,12
13.0135698318,80.2230224609,57405,57415,10
13.0139598846,80.2234191895,57415,57425,10
13.0142202377,80.2238693237,57425,57435,10
13.0146198273,80.224281311,57435,57445,10
13.0150403976,80.2246780396,57445,57455,10
13.01541996,80.2249526978,57455,57465,10
13.0154399872,80.2249603271,57465,57475,10
13.0157403946,80.2251968384,57475,57485,10
13.0163803101,80.2253265381,57485,57495,10
13.0171403885,80.2250595093,57495,57505,10
13.0178899765,80.2247619629,57505,57515,10
13.0186901093,80.2244491577,57515,57526,11
13.0195398331,80.2244720459,57526,57536,10
13.0197696686,80.2245864868,57536,57545,9
13.019780159,80.2245864868,57545,57556,11
13.019949913,80.2247619629,57556,57566,10
13.0203199387,80.2250289917,57566,57576,10
13.0208501816,80.225402832,57576,57586,10
13.0213699341,80.2258071899,57586,57596,10
13.0219497681,80.2261810303,57596,57616,20
13.0219497681,80.2261810303,57616,57626,10
13.0220403671,80.2262573242,57626,57636,10
13.0224304199,80.226600647,57636,57646,10
13.0229797363,80.2270965576,57646,57657,11
13.0236701965,80.2277297974,57657,57667,10
13.0242004395,80.2282485962,57667,57677,10
13.0243902206,80.2284469604,57677,57687,10
13.0243701935,80.2285003662,57687,57697,10
13.0245895386,80.2288818359,57697,57707,10
13.0250396729,80.2294921875,57707,57717,10
13.0255203247,80.2301330566,57717,57727,10
13.0258398056,80.2308120728,57727,57737,10
13.0260601044,80.2313308716,57737,57747,10
13.0265102386,80.2312164307,57747,57757,10
13.0271596909,80.2310409546,57757,57767,10
13.0278196335,80.2309036255,57767,57777,10
13.0283498764,80.2308578491,57777,57788,11
13.0285396576,80.2308502197,57788,57804,16
13.0291795731,80.230796814,57804,57816,12
13.029709816,80.2307662964,57816,57824,8
13.0301799774,80.2307434082,57824,57834,10
13.0307197571,80.2306976318,57834,57846,12
13.0312700272,80.2306365967,57846,57856,10
13.0318803787,80.2305679321,57856,57866,10
13.0324897766,80.2305221558,57866,57876,10
13.0331401825,80.2305221558,57876,57896,20
13.0331401825,80.2305221558,57896,57907,11
13.0332298279,80.23046875,57907,57917,10
13.0338096619,80.23046875,57917,57937,20
13.0338096619,80.23046875,57937,57947,10
13.0342798233,80.2304077148,57947,57977,30
13.0342798233,80.2304077148,57977,57987,10
13.0345401764,80.2303924561,57987,57997,10
13.0346899033,80.2303771973,57997,58007,10
13.0347499847,80.2303619385,58007,58017,10
13.0349597931,80.2305526733,58017,58028,11
13.0349597931,80.2308807373,58028,58038,10
13.0348396301,80.2314224243,58038,58048,10
13.0347499847,80.2320404053,58048,58058,10
13.0346803665,80.2327575684,58058,58068,10
13.0346002579,80.2333602905,58068,58078,10
13.0345802307,80.2333831787,58078,58088,10
13.0345602036,80.2335205078,58088,58098,10
13.0345201492,80.2339019775,58098,58108,10
13.0344600677,80.2345199585,58108,58118,10
13.0343599319,80.2352218628,58118,58128,10
13.0342798233,80.2359390259,58128,58138,10
13.0342102051,80.236656189,58138,58148,10
13.0342102051,80.2372512817,58148,58159,11
13.0342102051,80.2373275757,58159,58175,16
13.0345401764,80.2378616333,58175,58187,12
13.0349597931,80.2384185791,58187,58197,10
13.0352296829,80.2388763428,58197,58204,7
13.0355396271,80.2393493652,58204,58218,14
13.0362300873,80.2393417358,58218,58228,10
13.036860466,80.239440918,58228,58238,10
13.0374498367,80.2395401001,58238,58248,10
13.037899971,80.2395629883,58248,58258,10
13.0383901596,80.239692688,58258,58268,10
13.0389995575,80.2397918701,58268,58278,10
13.0394897461,80.2398376465,58278,58289,11
13.0399904251,80.2398529053,58289,58312,23
13.0405397415,80.2405014038,58312,58324,12
13.0410003662,80.2406005859,58324,58334,10
13.0410499573,80.2405929565,58334,58344,10
13.0414600372,80.2406463623,58344,58354,10
13.0420598984,80.2407836914,58354,58364,10
13.0427503586,80.2408905029,58364,58374,10
13.0433597565,80.2409362793,58374,58384,10
13.0440196991,80.2409820557,58384,58394,10
13.0443201065,80.2408828735,58394,58404,10
13.0444602966,80.2407226563,58404,58415,11
13.0444803238,80.2404327393,58415,58444,29
13.0444803238,80.2404327393,58444,58454,10
13.0445098877,80.2402496338,58454,58465,11
13.0448904037,80.2402191162,58465,58475,10
13.04529953,80.2400131226,58475,58485,10
13.0457601547,80.2398376465,58485,58495,10
13.0462303162,80.2396621704,58495,58505,10
13.0465097427,80.2397003174,58505,58515,10
13.0466098785,80.2396774292,58515,58525,10
13.0470695496,80.2397766113,58525,58536,11
13.0476999283,80.2399520874,58536,58546,10
13.0483903885,80.2400970459,58546,58556,10
13.0488901138,80.2401428223,58556,58566,10
13.0493497849,80.2402267456,58566,58576,10
13.0498104095,80.2403335571,58576,58586,10
13.0503196716,80.2404174805,58586,58596,10
13.0508499146,80.2405471802,58596,58606,10
13.0512399673,80.2406463623,58606,58616,10
13.0513896942,80.2406692505,58616,58626,10
13.0515699387,80.2407226563,58626,58636,10
13.0520200729,80.2408218384,58636,58646,10
13.0525197983,80.2412109375,58646,58656,10
13.0527296066,80.2417526245,58656,58667,11
13.0533800125,80.2420578003,58667,58677,10
13.0539302826,80.2422790527,58677,58687,10
13.0540399551,80.2423324585,58687,58697,10
13.054189682,80.2423629761,58697,58707,10
13.0547304153,80.24243927,58707,58717,10
13.0554199219,80.2423095703,58717,58727,10
13.0560598373,80.2424468994,58727,58737,10
13.0566301346,80.2426300049,58737,58747,10
13.0569095612,80.2426605225,58747,58757,10
13.0574903488,80.2428283691,58757,58767,10
13.057800293,80.2427902222,58767,58777,10
13.0581502914,80.2427368164,58777,58788,11
13.0586900711,80.2426223755,58788,58798,10
13.0591402054,80.2425079346,58798,58808,10
13.0596199036,80.2425613403,58808,58818,10
13.0600795746,80.2427062988,58818,58828,10
13.0605297089,80.2428665161,58828,58838,10
13.0611000061,80.2430801392,58838,58848,10
13.0614995956,80.2431564331,58848,58858,10
13.0619297028,80.2432403564,58858,58868,10
13.0624399185,80.243309021,58868,58888,20
13.0624399185,80.243309021,58888,58898,10
13.0626096725,80.243347168,58898,58909,11
13.0631504059,80.2434692383,58909,58919,10
13.0637598038,80.2435073853,58919,58929,10
13.0643596649,80.2435379028,58929,58939,10
13.0649299622,80.2435379028,58939,58949,10
13.065290451,80.243560791,58949,58959,10
13.0655097961,80.2435531616,58959,58969,10
13.0659303665,80.2435073853,58969,58985,16
13.066450119,80.2433624268,58985,58997,12
13.0669002533,80.2431869507,58997,59007,10
13.0672302246,80.2430496216,59007,59017,10
13.0676603317,80.2428894043,59017,59027,10
13.0682897568,80.2427062988,59027,59038,11
13.0689897537,80.2424621582,59038,59048,10
13.0695199966,80.2422180176,59048,59057,9
13.0699901581,80.2421112061,59057,59078,21
13.0699901581,80.2421112061,59078,59088,10
13.0700798035,80.2421112061,59088,59098,10
13.0705099106,80.2419891357,59098,59108,10
13.071149826,80.2417678833,59108,59118,10
13.0718402863,80.2414627075,59118,59128,10
13.0725097656,80.241027832,59128,59138,10
13.0731401443,80.2407913208,59138,59148,10
13.0737895966,80.2405776978,59148,59159,11
13.0745801926,80.2405014038,59159,59169,10
13.0753498077,80.2404937744,59169,59179,10
13.0761404037,80.2405014038,59179,59189,10
13.0768299103,80.2406234741,59189,59199,10
13.0771198273,80.2402267456,59199,59209,10
13.07695961,80.239616394,59209,59219,10
13.0767803192,80.2390594482,59219,59229,10
13.0766496658,80.2386016846,59229,59239,10
13.0765600204,80.2381973267,59239,59249,10
13.0765600204,80.2381591797,59249,59259,10
13.0765399933,80.2380065918,59259,59269,10
13.0764198303,80.2375335693,59269,59310,41
13.0764198303,80.2375335693,59310,59320,10
13.0764503479,80.2373504639,59320,59336,16
13.0762796402,80.2366027832,59336,59348,12
13.0761604309,80.2357330322,59348,59358,10
13.0760297775,80.2351531982,59358,59368,10
13.0757904053,80.2341308594,59368,59419,51
13.0757904053,80.2341308594,59419,59429,10
13.0757799149,80.2340621948,59429,59439,10
13.075920105,80.2338409424,59439,59449,10
13.0762500763,80.233833313,59449,59459,10
13.0766296387,80.2337799072,59459,59469,10
13.0771999359,80.2337188721,59469,59479,10
13.0778198242,80.2336425781,59479,59488,9
13.078379631,80.2336120605,59488,59498,10
13.0789403915,80.2335662842,59498,59509,11
13.079460144,80.2335586548,59509,59519,10
13.0802097321,80.233543396,59519,59540,21
13.0802097321,80.233543396,59540,59550,10
13.0804004669,80.2335662842,59550,59560,10
13.0808496475,80.233581543,59560,59570,10
13.0814695358,80.233581543,59570,59580,10
13.0819101334,80.2335510254,59580,59590,10
13.0819997787,80.2330780029,59590,59600,10
13.082159996,80.2324905396,59600,59610,10
13.0823698044,80.2317962646,59610,59620,10
13.0825300217,80.2313995361,59620,59630,10
13.0825996399,80.2312698364,59630,59640,10
13.0827999115,80.2308578491,59640,59650,10
13.0831098557,80.230796814,59650,59661,11
13.0831804276,80.2314987183,59661,59671,10
13.0832099915,80.2321624756,59671,59681,10
13.083319664,80.2328109741,59681,59691,10
13.083439827,80.2333679199,59691,59701,10
13.0835599899,80.233833313,59701,59711,10
13.0840301514,80.2339782715,59711,59741,30
13.0840301514,80.2339782715,59741,59751,10
13.0842103958,80.2340164185,59751,59761,10
13.0845603943,80.23412323,59761,59771,10
13.0850000381,80.2342224121,59771,59782,11
13.0851802826,80.2342376709,59782,59792,10
13.0854701996,80.2342987061,59792,59802,10
13.085940361,80.234413147,59802,59812,10
13.0865402222,80.2345428467,59812,59822,10
13.0870599747,80.234588623,59822,59832,10
13.0877399445,80.2344665527,59832,59842,10
13.0879497528,80.2338409424,59842,59852,10
13.0881004333,80.2330169678,59852,59862,10
13.0883302689,80.2321166992,59862,59871,9
13.088549614,80.2313766479,59871,59882,11
13.0888795853,80.2305679321,59882,59903,21
13.0888795853,80.2305679321,59903,59913,10
13.0890197754,80.2303390503,59913,59923,10
13.0892801285,80.2297821045,59923,59933,10
13.0897502899,80.2291183472,59933,59943,10
13.0903396606,80.228477478,59943,59953,10
13.0909204483,80.2278366089,59953,59963,10
13.0913801193,80.2273101807,59963,59983,20
13.0913801193,80.2273101807,59983,59993,10
13.091509819,80.227180481,59993,60003,10
13.0918998718,80.2268295288,60003,60013,10
13.0923700333,80.2263031006,60013,60023,10
13.0928401947,80.2258377075,60023,60034,11
13.0934000015,80.2252807617,60034,60044,10
13.0938100815,80.2248001099,60044,60054,10
13.0942897797,80.2242202759,60054,60064,10
13.0948200226,80.2234268188,60064,60074,10
13.0952196121,80.2226028442,60074,60084,10
13.0952796936,80.2223968506,60084,60094,10
13.0953598022,80.2222213745,60094,60104,10
13.0955495834,80.2217025757,60104,60114,10
13.0957803726,80.2210464478,60114,60124,10
13.0960197449,80.2203826904,60124,60134,10
13.0961999893,80.2198181152,60134,60144,10
13.0962696075,80.219619751,60144,60155,11
13.0963897705,80.2192993164,60155,60165,10
13.0965003967,80.2190170288,60165,60175,10
13.0966396332,80.2186126709,60175,60185,10
13.096830368,80.2180175781,60185,60195,10
13.0970602036,80.217338562,60195,60205,10
13.0971603394,80.217048645,60205,60215,10
13.0972499847,80.2168426514,60215,60225,10
13.0974397659,80.2163619995,60225,60235,10
13.0976896286,80.2157363892,60235,60245,10
13.097990036,80.2150802612,60245,60255,10
13.0982704163,80.2144622803,60255,60265,10
13.0985603333,80.2139892578,60265,60275,10
13.0989103317,80.2141418457,60275,60286,11
13.0993900299,80.214302063,60286,60296,10
13.0999202728,80.2144393921,60296,60306,10
13.1001996994,80.2145233154,60306,60326,20
13.1001996994,80.2145233154,60326,60336,10
13.1003904343,80.2146224976,60336,60407,71
13.1003904343,80.2146224976,60407,60417,10
13.1005802155,80.2146987915,60417,60427,10
13.1004400253,80.2150878906,60427,60437,10
13.1001796722,80.2156066895,60437,60447,10
13.0999803543,80.2160568237,60447,60457,10
13.0998802185,80.2158889771,60457,60467,10
13.1000003815,80.2155990601,60467,60477,10
13.1001596451,80.2152786255,60477,60487,10
13.1002597809,80.2149581909,60487,61616,1129
13.1002597809,80.2149581909,61616,61626,10
13.1002597809,80.2147598267,61626,61636,10
13.100279808,80.2146072388,61636,61646,10
13.1001195908,80.2144622803,61646,61657,11
13.0999202728,80.2144165039,61657,61667,10
13.0996398926,80.2143478394,61667,61677,10
13.0991802216,80.2142410278,61677,61687,10
13.0988197327,80.2141189575,61687,61697,10
13.09856987,80.2140579224,61697,61707,10
13.0983600616,80.2143707275,61707,61717,10
13.098110199,80.2149200439,61717,61727,10
13.0978403091,80.2155303955,61727,61737,10
13.0975799561,80.2161636353,61737,61747,10
13.0973596573,80.2167510986,61747,61757,10
13.0971298218,80.2173614502,61757,61767,10
13.0968799591,80.2180328369,61767,61778,11
13.096619606,80.218788147,61778,61788,10
13.0964002609,80.2193908691,61788,61798,10
13.0961799622,80.2200317383,61798,61808,10
13.0959596634,80.2206573486,61808,61818,10
13.0957603455,80.2212219238,61818,61828,10
13.0955495834,80.2218170166,61828,61838,10
13.095290184,80.2225418091,61838,61848,10
13.0949201584,80.2233505249,61848,61858,10
13.0944900513,80.2239990234,61858,61868,10
13.0937995911,80.2248687744,61868,61878,10
13.093290329,80.2254562378,61878,61888,10
13.0927095413,80.2260437012,61888,61899,11
13.0921401978,80.2266235352,61899,61909,10
13.0916004181,80.227180481,61909,61919,10
13.0913000107,80.2275238037,61919,61929,10
13.0912904739,80.2275238037,61929,61939,10
13.0910902023,80.2276992798,61939,61949,10
13.0906896591,80.2281417847,61949,61959,10
13.0901403427,80.228729248,61959,61969,10
13.0895795822,80.2293701172,61969,61979,10
13.0891895294,80.2300415039,61979,61989,10
13.089050293,80.2303237915,61989,61999,10
13.0888395309,80.230796814,61999,62009,10
13.0888004303,80.2309036255,62009,62019,10
13.0887098312,80.2311019897,62019,62030,11
13.0885000229,80.231590271,62030,62040,10
13.0882797241,80.2322692871,62040,62050,10
13.0881004333,80.233039856,62050,62060,10
13.0880002975,80.2338409424,62060,62070,10
13.0878095627,80.2344818115,62070,62080,10
13.0871496201,80.234588623,62080,62090,10
13.0866603851,80.2345199585,62090,62100,10
13.0861997604,80.2344207764,62100,62109,9
13.0859298706,80.2343673706,62109,62120,11
13.0854797363,80.2342529297,62120,62130,10
13.0851602554,80.234161377,62130,62140,10
13.0849399567,80.2341308594,62140,62151,11
13.0844898224,80.2340316772,62151,62161,10
13.0837097168,80.233833313,62161,62181,20
13.0837097168,80.233833313,62181,62191,10
13.0834102631,80.2337875366,62191,62201,10
13.0828800201,80.2337112427,62201,62211,10
13.082400322,80.2335968018,62211,62221,10
13.0823898315,80.2335968018,62221,62231,10
13.0823402405,80.2335281372,62231,62241,10
13.0820302963,80.2334899902,62241,62251,10
13.0814599991,80.2334365845,62251,62261,10
13.0808401108,80.2334365845,62261,62271,10
13.0802602768,80.2334518433,62271,62281,10
13.0797700882,80.2334365845,62281,62291,10
13.0796003342,80.2334365845,62291,62302,11
13.0794000626,80.2334823608,62302,62312,10
13.0790100098,80.2334823608,62312,62322,10
13.0784597397,80.2334899902,62322,62332,10
13.0777797699,80.233543396,62332,62342,10
13.0770797729,80.2336502075,62342,62351,9
13.0765304565,80.2337417603,62351,62362,11
13.075920105,80.2339782715,62362,62372,10
13.0759496689,80.2345504761,62372,62382,10
13.0760698318,80.2351608276,62382,62392,10
13.076210022,80.2358474731,62392,62403,11
13.0763502121,80.2366714478,62403,62413,10
13.076499939,80.2372817993,62413,62433,20
13.076499939,80.2372817993,62433,62443,10
13.0765695572,80.2375869751,62443,62453,10
13.0766296387,80.237953186,62453,62463,10
13.0767202377,80.2384414673,62463,62473,10
13.0768499374,80.2390289307,62473,62483,10
13.0769500732,80.2395172119,62483,62493,10
13.0770902634,80.240020752,62493,62503,10
13.0771903992,80.2406005859,62503,62544,41
13.0771903992,80.2406005859,62544,62554,10
13.0771903992,80.2405776978,62554,62564,10
13.0772895813,80.2409820557,62564,62574,10
13.0773696899,80.2415390015,62574,62584,10
13.077580452,80.2423019409,62584,62594,10
13.0777196884,80.243057251,62594,62604,10
13.0777902603,80.2440872192,62604,62614,10
13.0778598785,80.2448577881,62614,62624,10
13.0779304504,80.2456665039,62624,62634,10
13.0780000687,80.2465133667,62634,62645,11
13.0781803131,80.2474365234,62645,62655,10
13.0783195496,80.2481994629,62655,62665,10
13.0785198212,80.2490234375,62665,62675,10
13.0786800385,80.2498092651,62675,62685,10
13.0785102844,80.2505111694,62685,62695,10
13.0785398483,80.2512817383,62695,62705,10
13.0783996582,80.2516937256,62705,62715,10
13.0782403946,80.2517089844,62715,62725,10
13.0778303146,80.2517929077,62725,62735,10
13.0772199631,80.2518997192,62735,62745,10
13.0765104294,80.2520294189,62745,62755,10
13.0757598877,80.2521514893,62755,62765,10
13.0752000809,80.2521972656,62765,62776,11
13.0743198395,80.2522201538,62776,62786,10
13.0737199783,80.2524490356,62786,62796,10
13.0731296539,80.2524337769,62796,62806,10
13.072520256,80.2523803711,62806,62816,10
13.0721197128,80.2519378662,62816,62826,10
13.0720100403,80.2512664795,62826,62836,10
13.0718698502,80.2506027222,62836,62846,10
13.0716104507,80.2498931885,62846,62856,10
13.0714702606,80.2491226196,62856,62866,10
13.0713300705,80.2483215332,62866,62876,10
13.0711698532,80.2479171753,62876,62886,10
13.0709495544,80.2473373413,62886,62897,11
13.0705900192,80.2465591431,62897,62907,10
13.0702199936,80.2457580566,62907,62917,10
13.0698795319,80.2449569702,62917,62927,10
13.0695800781,80.2441101074,62927,62937,10
13.0693397522,80.243347168,62937,62957,20
13.0693397522,80.243347168,62957,62967,10
13.0693101883,80.2431869507,62967,62977,10
13.0692501068,80.2428588867,62977,62986,9
13.0691404343,80.2425613403,62986,62997,11
13.0686197281,80.2425613403,62997,63007,10
13.0680103302,80.2427520752,63007,63017,10
13.0673704147,80.2429733276,63017,63029,12
13.0665903091,80.2432937622,63029,63038,9
13.0661296844,80.2435684204,63038,63049,11
13.0661296844,80.2442932129,63049,63059,10
13.0662403107,80.244972229,63059,63069,10
13.0663604736,80.2456207275,63069,63079,10
13.0668201447,80.2461090088,63079,63089,10
13.0678195953,80.2465209961,63089,63109,20
13.0678195953,80.2465209961,63109,63119,10
13.0678701401,80.2467498779,63119,63129,10
13.0678901672,80.247428894,63129,63139,10
13.0677404404,80.2480010986,63139,63149,10
13.0671901703,80.2479171753,63149,63160,11
13.0666103363,80.2478637695,63160,63169,9
13.0660896301,80.2478179932,63169,63180,11
13.0653800964,80.2477798462,63180,63190,10
13.0645399094,80.247718811,63190,63200,10
13.0638303757,80.2476577759,63200,63210,10
13.0631999969,80.2476196289,63210,63220,10
13.0625400543,80.2476119995,63220,63230,10
13.0619096756,80.247543335,63230,63240,10
13.0614299774,80.2472610474,63240,63250,10
13.0613603592,80.246887207,63250,63260,10
13.0616397858,80.2465591431,63260,63271,11
13.0618696213,80.2459869385,63271,63281,10
13.0620498657,80.2452011108,63281,63291,10
13.062620163,80.2448120117,63291,63301,10
13.0630598068,80.2443389893,63301,63321,20
13.0630598068,80.2443389893,63321,63331,10
13.0632200241,80.2440795898,63331,63341,10
13.0634098053,80.2436676025,63341,63351,10
13.062959671,80.2434692383,63351,63361,10
13.0624399185,80.2433395386,63361,63371,10
13.0618696213,80.2432098389,63371,63381,10
13.0613698959,80.2430877686,63381,63391,10
13.0609197617,80.2430114746,63391,63408,17
13.0601902008,80.2427978516,63408,63420,12
13.0596704483,80.2426376343,63420,63428,8
13.0593700409,80.2425079346,63428,63440,12
13.0587997437,80.2425918579,63440,63450,10
13.0587596893,80.2425994873,63450,63459,9
13.0584096909,80.2426605225,63459,63470,11
13.057800293,80.242767334,63470,63480,10
13.0571498871,80.2428207397,63480,63490,10
13.0567398071,80.242729187,63490,63500,10
13.0560703278,80.2424316406,63500,63541,41
13.0560703278,80.2424316406,63541,63551,10
13.0558204651,80.2422485352,63551,63561,10
13.0552501678,80.2422180176,63561,63571,10
13.0546703339,80.2423400879,63571,63581,10
13.0541296005,80.2423095703,63581,63591,10
13.0537004471,80.2422103882,63591,63611,20
13.0537004471,80.2422103882,63611,63621,10
13.0534496307,80.2420730591,63621,63631,10
13.0529603958,80.2418823242,63631,63722,91
13.0529603958,80.2418823242,63722,63732,10
13.0527000427,80.2417831421,63732,63742,10
13.0523996353,80.241569519,63742,63752,10
13.0521402359,80.2411727905,63752,63762,10
13.0520200729,80.2409362793,63762,63773,11
13.0517501831,80.2407302856,63773,63783,10
13.0513496399,80.2406082153,63783,63793,10
13.0509195328,80.2405166626,63793,63803,10
13.0508899689,80.2405166626,63803,63813,10
13.0508298874,80.2405014038,63813,63823,10
13.0504102707,80.2404174805,63823,63833,10
13.0497999191,80.2403106689,63833,63843,10
13.0491399765,80.2401428223,63843,63853,10
13.0484895706,80.2399978638,63853,63863,10
13.0477399826,80.2398605347,63863,63873,10
13.0469703674,80.2397003174,63873,63883,10
13.0462503433,80.2395629883,63883,63894,11
13.0462398529,80.2392807007,63894,63904,10
13.0463895798,80.2387313843,63904,63913,9
13.0465097427,80.2381591797,63913,63924,11
13.04666996,80.2374191284,63924,63934,10
13.0468301773,80.2367782593,63934,63944,10
13.0469303131,80.2362518311,63944,63954,10
13.0469903946,80.2359390259,63954,63964,10
13.0470399857,80.235710144,63964,63974,10
13.0470695496,80.2353363037,63974,63984,10
13.0471897125,80.2347183228,63984,63994,10
13.0472297668,80.2341003418,63994,64004,10
13.0473098755,80.2334823608,64004,64014,10
13.0472297668,80.2331314087,64014,64025,11
13.0465898514,80.2329483032,64025,64035,10
13.0459804535,80.2328491211,64035,64045,10
13.0452404022,80.2326889038,64045,64065,20
13.0452404022,80.2326889038,64065,64075,10
13.0449895859,80.2325897217,64075,64085,10
13.0448598862,80.2325592041,64085,64095,10
13.0444002151,80.2324371338,64095,64105,10
13.0437002182,80.2322921753,64105,64115,10
13.0430002213,80.2321624756,64115,64125,10
13.0422897339,80.2322387695,64125,64141,16
13.0411195755,80.2320632935,64141,64154,13
13.0401697159,80.2317123413,64154,64164,10
13.0395002365,80.2315826416,64164,64174,10
13.0385103226,80.2313079834,64174,64184,10
13.0377502441,80.231086731,64184,64194,10
13.0370597839,80.2309188843,64194,64204,10
13.0367603302,80.2308120728,64204,64214,10
13.036450386,80.2306594849,64214,64223,9
13.0358295441,80.2303314209,64223,64385,162
13.0358295441,80.2303314209,64385,64396,11
13.0356302261,80.2303237915,64396,64412,16
13.0351600647,80.2302627563,64412,64424,12
13.0348100662,80.2302627563,64424,64434,10
13.0344800949,80.2303619385,64434,64444,10
13.034070015,80.230430603,64444,64454,10
13.0334501266,80.2304382324,64454,64484,30
13.0334501266,80.2304382324,64484,64494,10
13.0332403183,80.2304382324,64494,64504,10
13.0327997208,80.23046875,64504,64514,10
13.03221035,80.2305374146,64514,64526,12
13.0314598083,80.2306137085,64526,64537,11
13.0308904648,80.2306671143,64537,64607,70
13.0308904648,80.2306671143,64607,64617,10
13.0308103561,80.2307662964,64617,64627,10
13.030500412,80.2307662964,64627,64637,10
13.0297403336,80.2308425903,64637,64658,21
13.0297403336,80.2308425903,64658,64668,10
13.0295801163,80.2308425903,64668,64678,10
13.0291404724,80.2308731079,64678,64688,10
13.0284996033,80.2309112549,64688,64698,10
13.027879715,80.2309494019,64698,64708,10
13.0276403427,80.2311019897,64708,64718,10
13.0277204514,80.2316513062,64718,64728,10
13.0278100967,80.2322998047,64728,64738,10
13.0278396606,80.2328186035,64738,64748,10
13.0273399353,80.2329101563,64748,64758,10
13.0269298553,80.233001709,64758,64879,121
13.0269298553,80.233001709,64879,64890,11
13.0266599655,80.2330169678,64890,64900,10
13.0264701843,80.2330627441,64900,64910,10
13.0263996124,80.2329711914,64910,64920,10
13.0263395309,80.2328033447,64920,64930,10
13.0263004303,80.2325897217,64930,64940,10
13.0262498856,80.2323684692,64940,64950,10
13.0261602402,80.2320022583,64950,64959,9
13.0260400772,80.2315063477,64959,64970,11
13.0258598328,80.2308502197,64970,64980,10
13.0254602432,80.2301635742,64980,64990,10
13.0250902176,80.2296600342,64990,65000,10
13.0249595642,80.2294769287,65000,65011,11
13.0249300003,80.2294235229,65011,65021,10
13.0247497559,80.2292098999,65021,65031,10
13.0245800018,80.2289581299,65031,65041,10
13.0242700577,80.2285766602,65041,65051,10
13.0240297318,80.2283401489,65051,65081,30
13.0240297318,80.2283401489,65081,65091,10
13.0238399506,80.2280807495,65091,65101,10
13.0235900879,80.2278366089,65101,65111,10
13.0233697891,80.2276000977,65111,65121,10
13.0232000351,80.227432251,65121,65131,10
13.0228004456,80.2270584106,65131,65142,11
13.022359848,80.2266387939,65142,65152,10
13.021780014,80.2261734009,65152,65162,10
13.0211601257,80.2256774902,65162,65172,10
13.0204601288,80.2251663208,65172,65182,10
13.0197696686,80.2246704102,65182,65192,10
13.0188999176,80.2244720459,65192,65202,10
13.0180397034,80.2248001099,65202,65212,10
13.0172300339,80.2251434326,65212,65222,10
13.0164899826,80.2254486084,65222,65232,10
13.0157899857,80.225692749,65232,65242,10
13.0150899887,80.2259597778,65242,65252,10
13.0144300461,80.2262268066,65252,65273,21
13.0144300461,80.2262268066,65273,65283,10
13.014380455,80.2262802124,65283,65293,10
13.0140600204,80.2264022827,65293,65303,10
13.0135002136,80.226600647,65303,65319,16
13.0123596191,80.2270202637,65319,65331,12
13.0114402771,80.2273864746,65331,65339,8
13.0108003616,80.2276535034,65339,65351,12
13.0098199844,80.2280578613,65351,65361,10
13.009180069,80.2284698486,65361,65371,10
13.0089797974,80.229347229,65371,65381,10
13.0087995529,80.2302322388,65381,65392,11
13.0086202621,80.2312011719,65392,65402,10
13.0084400177,80.232131958,65402,65412,10
13.0082902908,80.2329483032,65412,65421,9
13.0082302094,80.2335662842,65421,65705,284
13.0082302094,80.2335662842,65705,65715,10
13.0081195831,80.2337799072,65715,65725,10
13.008020401,80.2342529297,65725,65735,10
13.0079402924,80.2346725464,65735,65745,10
13.0079298019,80.2347488403,65745,65755,10
13.007900238,80.2349700928,65755,65766,11
13.0077800751,80.2355422974,65766,65776,10
13.0076599121,80.2361831665,65776,65786,10
13.007519722,80.2369003296,65786,65796,10
13.0073604584,80.2376480103,65796,65806,10
13.0072202682,80.2383575439,65806,65816,10
13.0071001053,80.2389907837,65816,65826,10
13.0070800781,80.2392730713,65826,65836,10
13.0070695877,80.2395095825,65836,65876,40
13.0070695877,80.2395095825,65876,65887,11
13.0069704056,80.2397613525,65887,65897,10
13.0069303513,80.240272522,65897,65907,10
13.0068702698,80.240737915,65907,65937,30
13.0068702698,80.240737915,65937,65947,10
13.0068302155,80.2409210205,65947,65957,10
13.0067796707,80.2414169312,65957,65967,10
13.0067195892,80.2421188354,65967,65977,10
13.0066795349,80.2428283691,65977,65987,10
13.0066604614,80.2434005737,65987,65997,10
13.0066204071,80.2440109253,65997,66008,11
13.0066404343,80.2445068359,66008,66048,40
13.0066404343,80.2445068359,66048,66058,10
13.006649971,80.2448883057,66058,66068,10
13.0066404343,80.2450790405,66068,66078,10
13.0066404343,80.2453308105,66078,66088,10
13.006649971,80.2457580566,66088,66097,9
13.0066699982,80.2462768555,66097,66107,10
13.0066900253,80.2469482422,66107,66118,11
13.0066699982,80.2476806641,66118,66128,10
13.0066900253,80.2484130859,66128,66139,11
13.0067596436,80.2490768433,66139,66149,10
13.0068101883,80.2496414185,66149,66179,30
13.0068101883,80.2496414185,66179,66189,10
13.0068101883,80.2498397827,66189,66199,10
13.0067796707,80.2503204346,66199,66209,10
13.0067901611,80.2509078979,66209,66219,10
13.0067796707,80.2514724731,66219,66229,10
13.0066299438,80.2521362305,66229,66239,10
13.0065498352,80.2527389526,66239,66249,10
13.0065402985,80.2533569336,66249,66260,11
13.0065603256,80.2541122437,66260,66270,10
13.0065803528,80.2548980713,66270,66300,30
13.0065803528,80.2548980713,66300,66310,10
13.0065202713,80.2550506592,66310,66320,10
13.0065402985,80.255531311,66320,66330,10
13.0065498352,80.2561798096,66330,66340,10
13.0066003799,80.2567977905,66340,66350,10
13.006649971,80.257522583,66350,66360,10
13.0062799454,80.2575836182,66360,66370,10
13.0060396194,80.2574768066,66370,66381,11
13.0057296753,80.2573699951,66381,66391,10
13.0053195953,80.257232666,66391,66401,10
13.0047597885,80.2571105957,66401,66411,10
13.0042295456,80.2570114136,66411,66421,10
13.0037298203,80.2569198608,66421,66430,9
13.0033197403,80.2568511963,66430,66441,11
13.002790451,80.2567596436,66441,66450,9
13.0024595261,80.2566986084,66450,66471,21
13.0024595261,80.2566986084,66471,66481,10
13.0022602081,80.2567214966,66481,66491,10
13.0018997192,80.2566223145,66491,66502,11
13.0013399124,80.2565383911,66502,66512,10
13.0007295609,80.2564620972,66512,66522,10
13.0001497269,80.2563705444,66522,66552,30
13.0001497269,80.2563705444,66552,66562,10
12.999879837,80.2563171387,66562,66572,10
12.9995803833,80.2562637329,66572,66582,10
12.9992599487,80.256187439,66582,66592,10
12.9989795685,80.2561187744,66592,66602,10
12.9988698959,80.2561035156,66602,66612,10
12.9987001419,80.2560806274,66612,66622,10
12.9982204437,80.2560119629,66622,66633,11
12.9977302551,80.2559432983,66633,66643,10
12.9972600937,80.2559127808,66643,66653,10
12.9969596863,80.256072998,66653,66663,10
12.9968299866,80.257019043,66663,66693,30
12.9968299866,80.257019043,66693,66703,10
12.9968299866,80.2571411133,66703,66713,10
12.9967899323,80.2575836182,66713,66723,10
12.9967098236,80.2581634521,66723,66733,10
12.9966402054,80.2587966919,66733,66743,10
12.9965801239,80.2593765259,66743,66754,11
12.996509552,80.2597503662,66754,66764,10
12.9964799881,80.2599563599,66764,66774,10
12.9964504242,80.2604522705,66774,66784,10
12.9963903427,80.261100769,66784,66794,10
12.9963197708,80.2617492676,66794,66804,10
12.996219635,80.2624969482,66804,66834,30
12.996219635,80.2624969482,66834,66844,10
12.9961700439,80.262802124,66844,66854,10
12.9961500168,80.2630615234,66854,66864,10
12.9961099625,80.2635803223,66864,66875,11
12.9960403442,80.264251709,66875,66885,10
12.9959697723,80.2648925781,66885,66895,10
12.9959201813,80.2653198242,66895,66905,10
12.9959001541,80.2654571533,66905,66915,10
12.9958496094,80.2659225464,66915,66925,10
12.995759964,80.2666320801,66925,66935,10
12.9956998825,80.2672729492,66935,66945,10
12.9960603714,80.2677001953,66945,66985,40
12.9960603714,80.2677001953,66985,66995,10
12.9963903427,80.2677612305,66995,67006,11
12.996919632,80.2677307129,67006,67016,10
12.9975204468,80.267578125,67016,67026,10
12.9981002808,80.2674179077,67026,67036,10
12.9987297058,80.2672271729,67036,67046,10
12.9993896484,80.267036438,67046,67056,10
13.0000495911,80.2666168213,67056,67086,30
13.0000495911,80.2666168213,67086,67096,10
13.0001497269,80.2665100098,67096,67106,10
13.0001802444,80.2661437988,67106,67116,10
13.0002002716,80.2657470703,67116,67127,11
13.0003204346,80.2659225464,67127,67137,10
13.0003204346,80.2661895752,67137,67659,522
13.0003204346,80.2661895752,67659,67669,10
13.0003499985,80.2663879395,67669,67679,10
13.0003299713,80.2665176392,67679,67689,10
13.0003099442,80.2667236328,67689,67699,10
13.0002002716,80.2668304443,67699,67709,10
12.9999704361,80.2669219971,67709,67719,10
12.9995498657,80.2670135498,67719,67729,10
12.9989700317,80.2671813965,67729,67739,10
12.9984998703,80.267326355,67739,67750,11
12.998049736,80.2674179077,67750,67760,10
12.9975595474,80.2675323486,67760,67770,10
12.9969501495,80.2677307129,67770,67780,10
12.9963302612,80.2677383423,67780,67790,10
12.9956903458,80.2674026489,67790,67820,30
12.9956903458,80.2674026489,67820,67830,10
12.9956903458,80.2673110962,67830,67840,10
12.9957103729,80.2669296265,67840,67850,10
12.9957504272,80.2664413452,67850,67860,10
12.9958200455,80.2659225464,67860,67871,11
12.9958696365,80.2653503418,67871,67881,10
12.9959602356,80.264831543,67881,67891,10
12.9960002899,80.2643203735,67891,67901,10
12.996049881,80.2638015747,67901,67911,10
12.9961004257,80.2633132935,67911,67921,10
12.9961795807,80.2626495361,67921,67941,20
12.9961795807,80.2626495361,67941,67951,10
12.9961795807,80.2624130249,67951,67961,10
12.9962396622,80.2620315552,67961,67971,10
12.9963302612,80.2615585327,67971,67981,10
12.9963903427,80.2609405518,67981,67992,11
12.9964599609,80.2602462769,67992,68002,10
12.9965200424,80.2594909668,68002,68022,20
12.9965200424,80.2594909668,68022,68032,10
12.9965496063,80.2591400146,68032,68042,10
12.9966096878,80.2585830688,68042,68052,10
12.9966697693,80.2578964233,68052,68062,10
12.9967498779,80.2572784424,68062,68072,10
12.9968595505,80.2562026978,68072,68151,79
12.9968595505,80.2562026978,68151,68161,10
12.9968299866,80.2558822632,68161,68171,10
12.9971199036,80.2558288574,68171,68181,10
12.9976196289,80.255897522,68181,68191,10
12.9981002808,80.2559509277,68191,68201,10
12.9983797073,80.2559814453,68201,68211,10
12.9986696243,80.2560424805,68211,68252,41
12.9986696243,80.2560424805,68252,68262,10
12.998840332,80.2560424805,68262,68272,10
12.9990997314,80.2561035156,68272,68282,10
12.9994897842,80.256187439,68282,68292,10
12.9997301102,80.2562484741,68292,68302,10
13.0000495911,80.2563095093,68302,68312,10
13.0004501343,80.2563705444,68312,68322,10
13.0006504059,80.2564163208,68322,68332,10
13.0009202957,80.2564620972,68332,68342,10
13.0012598038,80.2565231323,68342,68352,10
13.0015897751,80.2565765381,68352,68362,10
13.0021095276,80.2566604614,68362,68373,11
13.0027103424,80.2567825317,68373,68383,10
13.0031700134,80.2568664551,68383,68399,16
13.0039901733,80.2570114136,68399,68411,12
13.0045995712,80.2571182251,68411,68419,8
13.0048599243,80.2571563721,68419,68431,12
13.0051803589,80.2572021484,68431,68451,20
13.0051803589,80.2572021484,68451,68461,10
13.0053596497,80.2572631836,68461,68471,10
13.0055704117,80.2573013306,68471,68481,10
13.0059995651,80.2573928833,68481,68491,10
13.0065002441,80.2574234009,68491,68502,11
13.0064897537,80.2568893433,68502,68512,10
13.0064601898,80.2562866211,68512,68522,10
13.0064401627,80.2556610107,68522,68532,10
13.0064697266,80.2551116943,68532,68542,10
13.006480217,80.2545318604,68542,68552,10
13.0064496994,80.254119873,68552,68562,10
13.0064401627,80.2537231445,68562,68572,10
13.0064601898,80.2532806396,68572,68592,20
13.0064601898,80.2532806396,68592,68602,10
13.006480217,80.2530670166,68602,68613,11
13.0065002441,80.2524490356,68613,68623,10
13.0065603256,80.2518997192,68623,68703,80
13.0065603256,80.2518997192,68703,68713,10
13.0066995621,80.2517318726,68713,68723,10
13.0067396164,80.251083374,68723,68734,11
13.0066995621,80.2502975464,68734,68744,10
13.0066900253,80.2497406006,68744,68764,20
13.0066900253,80.2497406006,68764,68774,10
13.0066699982,80.2496109009,68774,68783,9
13.0066604614,80.2492904663,68783,68794,11
13.0066299438,80.2488174438,68794,68804,10
13.0065898895,80.2484436035,68804,68814,10
13.0065803528,80.2481613159,68814,68824,10
13.0065803528,80.2477111816,68824,68834,10
13.0065898895,80.2472610474,68834,68865,31
13.0065898895,80.2472610474,68865,68875,10
13.0065803528,80.2468109131,68875,68895,20
13.0065803528,80.2468109131,68895,68905,10
13.0065698624,80.2466125488,68905,68915,10
13.0066003799,80.2460708618,68915,68925,10
13.0066099167,80.2454605103,68925,68935,10
13.0066003799,80.2448501587,68935,68945,10
13.0066003799,80.2442321777,68945,68955,10
13.0065898895,80.2438583374,68955,68965,10
13.0065698624,80.2434463501,68965,68975,10
13.0065402985,80.2429199219,68975,68986,11
13.0065202713,80.2421722412,68986,68996,10
13.006529808,80.2415390015,68996,69006,10
13.0065603256,80.2411270142,69006,69016,10
13.0066299438,80.2406311035,69016,69026,10
13.0067501068,80.2399368286,69026,69036,10
13.0068998337,80.239151001,69036,69046,10
13.0070896149,80.2383575439,69046,69056,10
13.0072002411,80.2378616333,69056,69066,10
13.0072898865,80.2374725342,69066,69076,10
13.007349968,80.2372512817,69076,69086,10
13.0073699951,80.2371673584,69086,69096,10
13.0073604584,80.2370223999,69096,69117,21
13.0073604584,80.2370223999,69117,69127,10
13.0074501038,80.2367172241,69127,69137,10
13.0075397491,80.2363510132,69137,69147,10
13.0076599121,80.2357635498,69147,69157,10
13.0077800751,80.2351226807,69157,69167,10
13.0079097748,80.2343826294,69167,69177,10
13.0080604553,80.2336273193,69177,69187,10
13.0082101822,80.2328109741,69187,69197,10
13.0083503723,80.2320098877,69197,69207,10
13.0084896088,80.2311630249,69207,69217,10
13.0086698532,80.2303237915,69217,69227,10
13.0088396072,80.2294616699,69227,69238,11
13.0090103149,80.2285385132,69238,69248,10
13.0092401505,80.2278518677,69248,69258,10
13.0095701218,80.2271728516,69258,69268,10
13.0099201202,80.2264404297,69268,69278,10
13.0102901459,80.2257080078,69278,69288,10
13.0106401443,80.2250289917,69288,69298,10
13.0108299255,80.2246322632,69298,69308,10
13.011059761,80.2241210938,69308,69318,10
13.0112895966,80.2234115601,69318,69328,10
13.0115499496,80.2228012085,69328,69338,10
13.0116996765,80.22215271,69338,69348,10
13.0120801926,80.2215805054,69348,69359,11
13.0123901367,80.2217025757,69359,69369,10
13.0127401352,80.2221069336,69369,69379,10
13.0130596161,80.2225265503,69379,69389,10
13.013469696,80.2229919434,69389,69399,10
13.0138998032,80.2234725952,69399,69409,10
13.0142002106,80.2239532471,69409,69419,10
13.0145101547,80.2243270874,69419,69429,10
13.0145998001,80.2244033813,69429,69439,10
13.0148000717,80.2245788574,69439,69449,10
13.0149297714,80.2247390747,69449,69459,10
13.0151100159,80.224937439,69459,69469,10
13.0156698227,80.2252197266,69469,69490,21
13.0156698227,80.2252197266,69490,69500,10
13.0159101486,80.2253036499,69500,69516,16
13.0166196823,80.2253112793,69516,69528,12
13.0174398422,80.2249984741,69528,69538,10
13.0181503296,80.2247085571,69538,69548,10
13.0188398361,80.2244567871,69548,69558,10
13.0194702148,80.2244796753,69558,69568,10
13.0199298859,80.2247390747,69568,69577,9
13.020359993,80.2250671387,69577,69589,12
13.0209302902,80.2254562378,69589,69599,10
13.0213699341,80.2258224487,69599,69610,11
13.0219497681,80.2262191772,69610,69630,20
13.0219497681,80.2262191772,69630,69640,10
13.0219497681,80.2262573242,69640,69650,10
13.022310257,80.2266082764,69650,69660,10
13.0228395462,80.2270736694,69660,69683,23
13.024020195,80.2281494141,69683,69695,12
13.0244102478,80.2286376953,69695,69705,10
13.0246295929,80.2289505005,69705,69715,10
13.0249595642,80.2294235229,69715,69725,10
13.0253801346,80.2299423218,69725,69736,11
13.0257396698,80.2304534912,69736,69786,50
13.0257396698,80.2304534912,69786,69796,10
13.0258598328,80.230796814,69796,69816,20
13.0258598328,80.230796814,69816,69826,10
13.0258903503,80.2309417725,69826,69836,10
13.0259504318,80.2312316895,69836,69846,10
13.0261201859,80.2314300537,69846,69856,10
13.0263299942,80.2313766479,69856,69867,11
13.0264396667,80.2313537598,69867,69877,10
13.0267601013,80.2312774658,69877,69887,10
13.0270004272,80.2312164307,69887,69917,30
13.0270004272,80.2312164307,69917,69927,10
13.0274295807,80.2311096191,69927,69937,10
13.0276002884,80.2310714722,69937,69947,10
13.0277299881,80.2310409546,69947,69957,10
13.0279102325,80.2310180664,69957,69978,21
13.0279102325,80.2310180664,69978,69988,10
13.0282201767,80.2309570313,69988,69998,10
13.0286598206,80.2308883667,69998,70008,10
13.0291500092,80.2308883667,70008,70018,10
13.0294799805,80.2308578491,70018,70028,10
13.0300397873,80.230796814,70028,70048,20
13.0300397873,80.230796814,70048,70058,10
13.0303001404,80.2307815552,70058,70068,10
13.0304899216,80.2307662964,70068,70078,10
13.030500412,80.2307662964,70078,70088,10
13.0307798386,80.2307662964,70088,70098,10
13.0312299728,80.2307128906,70098,70109,11
13.0319099426,80.2306518555,70109,70119,10
13.032500267,80.2306213379,70119,70128,9
13.0333404541,80.2305374146,70128,70169,41
13.0336799622,80.2305297852,70169,70220,51
13.0336799622,80.2305297852,70220,70231,11
13.0337896347,80.2305374146,70231,70241,10
13.0340003967,80.2304992676,70241,70251,10
13.0342502594,80.2304992676,70251,70291,40
13.0342502594,80.2304992676,70291,70301,10
13.0343999863,80.2305679321,70301,70311,10
13.0345497131,80.2305297852,70311,70321,10
13.0347204208,80.2304916382,70321,70392,71
13.0347204208,80.2304916382,70392,70402,10
13.0347795486,80.230430603,70402,70412,10
13.0348796844,80.2306289673,70412,70422,10
13.0348596573,80.23097229,70422,70432,10
13.0347995758,80.2315597534,70432,70442,10
13.0347204208,80.2321929932,70442,70452,10
13.0346403122,80.2328796387,70452,70462,10
13.0345602036,80.2333984375,70462,70473,11
13.0344896317,80.2337722778,70473,70483,10
13.0344104767,80.2343597412,70483,70493,10
13.034330368,80.2349624634,70493,70503,10
13.0342597961,80.2356262207,70503,70513,10
13.0341501236,80.2364196777,70513,70523,10
13.0342197418,80.2374725342,70523,70624,101
13.0342197418,80.2374725342,70624,70634,10
13.0343103409,80.2376403809,70634,70644,10
13.0345602036,80.237991333,70644,70654,10
13.0348701477,80.2385177612,70654,70664,10
13.0351896286,80.2390823364,70664,70674,10
13.0354795456,80.2395172119,70674,70684,10
13.035949707,80.2395172119,70684,70694,10
13.0365896225,80.2395706177,70694,70704,10
13.0371799469,80.2396316528,70704,70713,9
13.0376596451,80.2396392822,70713,70725,12
13.0382795334,80.2397232056,70725,70735,10
13.0386104584,80.2397537231,70735,70745,10
13.0390195847,80.2398376465,70745,70755,10
13.0395698547,80.2399673462,70755,70765,10
13.0400896072,80.2400436401,70765,70775,10
13.0403003693,80.2400894165,70775,70785,10
13.0403699875,80.2403335571,70785,70795,10
13.0403795242,80.240562439,70795,70805,10
13.0409803391,80.2406616211,70805,70825,20
13.0409803391,80.2406616211,70825,70835,10
13.0413503647,80.2406692505,70835,70846,11
13.0418596268,80.2407302856,70846,70856,10
13.0423297882,80.2407608032,70856,70866,10
13.0429601669,80.2408599854,70866,70876,10
13.0436000824,80.2409591675,70876,70886,10
13.0440196991,80.2409896851,70886,70896,10
13.0442199707,80.2408828735,70896,70926,30
13.0442199707,80.2408828735,70926,70936,10
13.0443696976,80.2407531738,70936,70946,10
13.0446796417,80.2405319214,70946,70956,10
13.045129776,80.2402496338,70956,70967,11
13.0455503464,80.239982605,70967,70977,10
13.045999527,80.239692688,70977,70987,10
13.0464200974,80.2397079468,70987,70997,10
13.0464801788,80.2397079468,70997,71007,10
13.0466804504,80.239730835,71007,71017,10
13.0472097397,80.2398529053,71017,71027,10
13.0479602814,80.2399978638,71027,71037,10
13.0487203598,80.2401809692,71037,71046,9
13.0493602753,80.2402801514,71046,71056,10
13.0498504639,80.2404022217,71056,71067,11
13.0503997803,80.2405090332,71067,71077,10
13.0509700775,80.2406234741,71077,71087,10
13.0512399673,80.2406692505,71087,71098,11
13.0514202118,80.240737915,71098,71108,10
13.0519304276,80.240852356,71108,71118,10
13.0523004532,80.2409667969,71118,71148,30
13.0523004532,80.2409667969,71148,71158,10
13.0524597168,80.2412414551,71158,71168,10
13.0525598526,80.2416000366,71168,71178,10
13.0529298782,80.2419128418,71178,71188,10
13.0535802841,80.2422180176,71188,71198,10
13.0540895462,80.2423782349,71198,71208,10
13.0541400909,80.2423934937,71208,71219,11
13.054400444,80.24243927,71219,71229,10
13.0550203323,80.2423782349,71229,71239,10
13.0558204651,80.2423706055,71239,71249,10
13.056520462,80.2426681519,71249,71259,10
13.0568504333,80.24269104,71259,71268,9
13.0570802689,80.2428817749,71268,71279,11
13.0574302673,80.2428970337,71279,71288,9
13.0576000214,80.2429122925,71288,71299,11
13.0577201843,80.2429122925,71299,71309,10
13.0581598282,80.2428207397,71309,71319,10
13.0586795807,80.2427215576,71319,71329,10
13.0592298508,80.2426071167,71329,71339,10
13.0597000122,80.242729187,71339,71349,10
13.0601196289,80.2428817749,71349,71360,11
13.0605297089,80.2429962158,71360,71370,10
13.0608596802,80.2431030273,71370,71380,10
13.0611801147,80.2432022095,71380,71390,10
13.0614995956,80.243270874,71390,71400,10
13.0617599487,80.243309021,71400,71410,10
13.0620803833,80.2433624268,71410,71420,10
13.0624504089,80.2434234619,71420,71440,20
13.0624504089,80.2434234619,71440,71450,10
13.0627202988,80.2434768677,71450,71460,10
13.0632600784,80.2435684204,71460,71470,10
13.0638799667,80.243598938,71470,71481,11
13.0645904541,80.2436523438,71481,71491,10
13.0653400421,80.2436523438,71491,71531,40
13.0653400421,80.2436523438,71531,71541,10
13.0655698776,80.2436218262,71541,71551,10
13.0659103394,80.2436065674,71551,71561,10
13.0661697388,80.2435379028,71561,71571,10
13.0664796829,80.2434387207,71571,71581,10
13.06690979,80.2432403564,71581,71592,11
13.0675601959,80.2429199219,71592,71602,10
13.0682497025,80.242729187,71602,71612,10
13.0686397552,80.2425994873,71612,71622,10
13.0690402985,80.24243927,71622,71632,10
13.0694599152,80.2423019409,71632,71642,10
13.0698699951,80.2422103882,71642,71662,20
13.0698699951,80.2422103882,71662,71672,10
13.0699701309,80.2422180176,71672,71682,10
13.0703496933,80.2421264648,71682,71692,10
13.0709199905,80.2418823242,71692,71702,10
13.0715799332,80.2415924072,71702,71713,11
13.072259903,80.2411804199,71713,71723,10
13.0728702545,80.2408676147,71723,71733,10
13.0734796524,80.2407073975,71733,71743,10
13.0740804672,80.2405776978,71743,71753,10
13.0747404099,80.240562439,71753,71762,9
13.0753698349,80.2405471802,71762,71773,11
13.0761699677,80.2405471802,71773,71783,10
13.076789856,80.2406616211,71783,71793,10
13.0770702362,80.2404708862,71793,71803,10
13.07695961,80.2399597168,71803,71813,10
13.0768003464,80.2393035889,71813,71823,10
13.0766401291,80.2386627197,71823,71834,11
13.0765399933,80.2381362915,71834,71843,9
13.076379776,80.2375183105,71843,71874,31
13.076379776,80.2375183105,71874,71884,10
13.0763702393,80.2372283936,71884,71894,10
13.0762500763,80.2366027832,71894,71904,10
13.0761404037,80.2359085083,71904,71914,10
13.0759897232,80.2352371216,71914,71924,10
13.0757303238,80.2341384888,71924,71985,61
13.0757303238,80.2341384888,71985,71995,10
13.0757703781,80.2340698242,71995,72011,16
13.0762500763,80.2338485718,72011,72023,12
13.0768499374,80.2337417603,72023,72033,10
13.0774402618,80.2336502075,72033,72043,10
13.0779304504,80.2336273193,72043,72053,10
13.0785999298,80.2336120605,72053,72063,10
13.0791301727,80.2336196899,72063,72073,10
13.0796604156,80.2335891724,72073,72084,11
13.080160141,80.2335662842,72084,72094,10
13.0802202225,80.233581543,72094,72104,10
13.0805797577,80.2335968018,72104,72114,10
13.0810203552,80.2336120605,72114,72124,10
13.0812997818,80.2336196899,72124,72134,10
13.0816602707,80.2336425781,72134,72144,10
13.081870079,80.2335128784,72144,72153,9
13.0818996429,80.2333297729,72153,72164,11
13.0819597244,80.2328186035,72164,72174,10
13.0821199417,80.232383728,72174,72184,10
13.082280159,80.2317886353,72184,72194,10
13.0825300217,80.231300354,72194,72204,10
13.0826501846,80.2309570313,72204,72215,11
13.0829296112,80.2307434082,72215,72225,10
13.0830602646,80.2310562134,72225,72235,10
13.0830898285,80.2317276001,72235,72245,10
13.0831203461,80.2324371338,72245,72255,10
13.0832796097,80.2330474854,72255,72265,10
13.0833902359,80.2336807251,72265,72275,10
13.0834999084,80.2339019775,72275,72285,10
13.0839500427,80.2340164185,72285,72305,20
13.0839500427,80.2340164185,72305,72315,10
13.0841903687,80.23412323,72315,72325,10
13.0843400955,80.234161377,72325,72336,11
13.0846500397,80.2342376709,72336,72346,10
13.0848302841,80.2342681885,72346,72356,10
13.0850400925,80.2342987061,72356,72366,10
13.085439682,80.2343902588,72366,72376,10
13.0860004425,80.2345275879,72376,72386,10
13.0864896774,80.2345962524,72386,72396,10
13.0869998932,80.2346420288,72396,72406,10
13.0876302719,80.2345581055,72406,72416,10
13.0878696442,80.2339630127,72416,72426,10
13.0879802704,80.2332229614,72426,72436,10
13.088139534,80.2325134277,72436,72446,10
13.088350296,80.2317810059,72446,72457,11
13.0885801315,80.2310791016,72457,72467,10
13.0888299942,80.2305526733,72467,72477,10
13.0888299942,80.2305297852,72477,72486,9
13.08893013,80.2303771973,72486,72497,11
13.0891799927,80.2298736572,72497,72507,10
13.0896596909,80.2292175293,72507,72517,10
13.0901899338,80.2286529541,72517,72527,10
13.0907497406,80.2280578613,72527,72537,10
13.0911798477,80.2275695801,72537,72547,10
13.0913200378,80.2273864746,72547,72557,10
13.0913801193,80.2273483276,72557,72567,10
13.0916500092,80.2270278931,72567,72578,11
13.0921401978,80.2265090942,72578,72588,10
13.0926799774,80.225982666,72588,72598,10
13.0931100845,80.2255172729,72598,72608,10
13.0931797028,80.2254562378,72608,72617,9
13.0934095383,80.2251968384,72617,72628,11
13.0935602188,80.2250289917,72628,72638,10
13.0939302444,80.224609375,72638,72648,10
13.0943698883,80.2239990234,72648,72658,10
13.0948495865,80.2232971191,72658,72668,10
13.0951004028,80.2227020264,72668,72688,20
13.0951004028,80.2227020264,72688,72698,10
13.0951404572,80.2226104736,72698,72709,11
13.0953598022,80.2220687866,72709,72719,10
13.0956802368,80.2212295532,72719,72729,10
13.0959997177,80.2203979492,72729,72739,10
13.0963401794,80.2194519043,72739,72749,10
13.0965795517,80.218788147,72749,72759,10
13.0967998505,80.2181015015,72759,72769,10
13.0970697403,80.217338562,72769,72779,10
13.0971603394,80.2170028687,72779,72789,10
13.0972003937,80.2169418335,72789,72799,10
13.0973796844,80.2165298462,72799,72809,10
13.0976400375,80.2158966064,72809,72819,10
13.0978899002,80.2153015137,72819,72860,41
13.0978899002,80.2153015137,72860,72870,10
13.0980596542,80.214881897,72870,72880,10
13.0982398987,80.2144699097,72880,72890,10
13.098400116,80.2141113281,72890,72900,10
13.098739624,80.2141036987,72900,72910,10
13.0992002487,80.2143325806,72910,72920,10
13.0995798111,80.2144165039,72920,72930,10
13.0996198654,80.2144317627,72930,72940,10
13.0999002457,80.2145004272,72940,72971,31
13.1000299454,80.2145614624,72971,73011,40
13.1000299454,80.2145614624,73011,73021,10
13.1001796722,80.2146377563,73021,73031,10
13.100399971,80.2147064209,73031,73142,111
13.100399971,80.2147064209,73142,73152,10
13.1004695892,80.2147216797,73152,73162,10
13.100569725,80.2148590088,73162,73172,10
13.1003398895,80.2153320313,73172,73182,10
13.1000995636,80.2158584595,73182,73192,10
13.0999403,80.2161407471,73192,73203,11
13.0998497009,80.2159423828,73203,73213,10
13.0999603271,80.215713501,73213,73223,10
13.1000995636,80.215423584,73223,73233,10
13.1002197266,80.2150497437,73233,74193,960
13.1002197266,80.2150497437,74193,74203,10
13.1001996994,80.2145996094,74203,74213,10
13.0999803543,80.2145004272,74213,74223,10
13.0997200012,80.2144088745,74223,74233,10
13.0993204117,80.2142868042,74233,74243,10
13.0988702774,80.2141418457,74243,74253,10
13.098449707,80.2141036987,74253,74263,10
13.0981903076,80.2146530151,74263,74273,10
13.0979204178,80.2152786255,74273,74283,10
13.0976295471,80.2159500122,74283,74293,10
13.0973396301,80.2166824341,74293,74303,10
13.0970497131,80.2174301147,74303,74314,11
13.0967502594,80.2183074951,74314,74324,10
13.0965204239,80.219078064,74324,74334,10
13.0962200165,80.2198562622,74334,74344,10
13.0959596634,80.2206268311,74344,74354,10
13.0957202911,80.2213134766,74354,74364,10
13.0955400467,80.2218017578,74364,74374,10
13.0952701569,80.2225189209,74374,74384,10
13.0949296951,80.2232894897,74384,74394,10
13.0944404602,80.2240371704,74394,74404,10
13.0940103531,80.2247009277,74404,74414,10
13.0935201645,80.2253036499,74414,74424,10
13.0929498672,80.2258605957,74424,74435,11
13.0923595428,80.2264404297,74435,74445,10
13.0918102264,80.2269821167,74445,74455,10
13.091340065,80.2275009155,74455,74465,10
13.0909795761,80.2278900146,74465,74475,10
13.0904798508,80.2284164429,74475,74485,10
13.0899295807,80.2289962769,74485,74495,10
13.0894498825,80.2296218872,74495,74505,10
13.0891399384,80.230140686,74505,74515,10
13.0889797211,80.2304229736,74515,74525,10
13.088809967,80.2308197021,74525,74535,10
13.0887699127,80.2309112549,74535,74545,10
13.0885896683,80.2312774658,74545,74556,11
13.0883197784,80.2320632935,74556,74566,10
13.0881299973,80.2328033447,74566,74576,10
13.0879898071,80.2334823608,74576,74586,10
13.0879497528,80.234161377,74586,74596,10
13.0875597,80.2345581055,74596,74606,10
13.0869703293,80.2345733643,74606,74614,8
13.086520195,80.2345581055,74614,74625,11
13.0859603882,80.2344512939,74625,74636,11
13.0854101181,80.2342987061,74636,74646,10
13.0848903656,80.2341690063,74646,74656,10
13.08452034,80.2340621948,74656,74666,10
13.0840597153,80.2339630127,74666,74676,10
13.0836200714,80.2338790894,74676,74687,11
13.0831403732,80.2338027954,74687,74697,10
13.0826396942,80.2336883545,74697,74707,10
13.0824804306,80.2336425781,74707,74717,10
13.0822401047,80.2336196899,74717,74727,10
13.0818395615,80.2335510254,74727,74737,10
13.0811901093,80.2334899902,74737,74747,10
13.0805397034,80.2334899902,74747,74757,10
13.0799798965,80.2334823608,74757,74767,10
13.0795602798,80.2334518433,74767,74777,10
13.0794095993,80.2334365845,74777,74786,9
13.0790395737,80.2334671021,74786,74797,11
13.0784797668,80.2334365845,74797,74808,11
13.077750206,80.2335281372,74808,74818,10
13.0771198273,80.2336196899,74818,74828,10
13.0764598846,80.2337417603,74828,74838,10
13.0759897232,80.233757019,74838,74848,10
13.0758399963,80.2339782715,74848,74858,10
13.0759401321,80.2345733643,74858,74868,10
13.0760602951,80.2352905273,74868,74878,10
13.0762195587,80.2359771729,74878,74888,10
13.0762996674,80.2365875244,74888,74898,10
13.0762996674,80.2367477417,74898,74908,10
13.0764198303,80.2372283936,74908,74918,10
13.0764398575,80.2373275757,74918,74929,11
13.0764703751,80.2374267578,74929,74939,10
13.0765800476,80.2378692627,74939,74949,10
13.0767202377,80.2385406494,74949,74959,10
13.0768699646,80.2392425537,74959,74969,10
13.0770397186,80.2399520874,74969,74979,10
13.0771903992,80.2403717041,74979,74989,10
13.0771999359,80.2405166626,74989,74999,10
13.0773000717,80.2409210205,74999,75009,10
13.0773601532,80.2413101196,75009,75019,10
13.077460289,80.2418212891,75019,75029,10
13.0776100159,80.2425003052,75029,75039,10
13.0777196884,80.2432403564,75039,75049,10
13.0777797699,80.2439575195,75049,75060,11
13.0778102875,80.244682312,75060,75070,10
13.07791996,80.2454376221,75070,75080,10
13.0779495239,80.2462463379,75080,75090,10
13.0781002045,80.2470779419,75090,75100,10
13.0782604218,80.2479400635,75100,75110,10
13.0784196854,80.2487106323,75110,75120,10
13.0785799026,80.2493972778,75120,75130,10
13.0787000656,80.2501220703,75130,75140,10
13.0784597397,80.2507705688,75140,75150,10
13.0785598755,80.2515029907,75150,75160,10
13.0781698227,80.2517318726,75160,75170,10
13.077580452,80.2518386841,75170,75181,11
13.0766897202,80.2519989014,75181,75191,10
13.0757799149,80.2521286011,75191,75201,10
13.0749797821,80.2522125244,75201,75211,10
13.0742998123,80.252243042,75211,75221,10
13.0737600327,80.2524414063,75221,75231,10
13.07310009,80.2524108887,75231,75241,10
13.0724601746,80.2522964478,75241,75251,10
13.0720996857,80.251663208,75251,75261,10
13.0719804764,80.2508773804,75261,75271,10
13.0717496872,80.2500991821,75271,75281,10
13.0715398788,80.2492828369,75281,75291,10
13.0713996887,80.2484436035,75291,75302,11
13.0711097717,80.2476882935,75302,75312,10
13.0707798004,80.2469482422,75312,75322,10
13.0704097748,80.2461776733,75322,75332,10
13.0700397491,80.2453765869,75332,75341,9
13.0697603226,80.2446365356,75341,75352,11
13.0695104599,80.2438964844,75352,75362,10
13.069319725,80.2434234619,75362,75372,10
13.0692300797,80.2431411743,75372,75382,10
13.0691699982,80.2426986694,75382,75392,10
13.0686397552,80.2425689697,75392,75402,10
13.067899704,80.2427825928,75402,75412,10
13.0671796799,80.2430419922,75412,75422,10
13.0663995743,80.243347168,75422,75433,11
13.0660800934,80.2440414429,75433,75443,10
13.0662002563,80.2448883057,75443,75453,10
13.0663795471,80.2457809448,75453,75469,16
13.0675802231,80.2464294434,75469,75481,12
13.0677900314,80.24659729,75481,75489,8
13.0678300858,80.2469482422,75489,75501,12
13.0678501129,80.2476730347,75501,75510,9
13.0675697327,80.2479934692,75510,75522,12
13.0672197342,80.2479095459,75522,75532,10
13.0669498444,80.2478713989,75532,75542,10
13.0664596558,80.247833252,75542,75553,11
13.0656204224,80.2477798462,75553,75563,10
13.0647497177,80.247756958,75563,75573,10
13.0638504028,80.2476730347,75573,75583,10
13.0630397797,80.2476196289,75583,75593,10
13.062210083,80.2476196289,75593,75603,10
13.0614595413,80.2473373413,75603,75613,10
13.0613803864,80.2468719482,75613,75623,10
13.0617599487,80.2464065552,75623,75633,10
13.0619001389,80.245880127,75633,75643,10
13.0622596741,80.2451019287,75643,75653,10
13.0630998611,80.2443466187,75653,75674,21
13.0630998611,80.2443466187,75674,75684,10
13.0633001328,80.2440414429,75684,75694,10
13.0634002686,80.2435836792,75694,75704,10
13.0628995895,80.2434387207,75704,75714,10
13.0623397827,80.2433319092,75714,75724,10
13.0617599487,80.2432174683,75724,75734,10
13.0612001419,80.2431335449,75734,75744,10
13.0606603622,80.2429733276,75744,75754,10
13.0601701736,80.2427902222,75754,75764,10
13.0595998764,80.2425918579,75764,75774,10
13.0591001511,80.2425308228,75774,75784,10
13.059009552,80.2425384521,75784,75794,10
13.0586996078,80.2425613403,75794,75805,11
13.0585699081,80.2425765991,75805,75815,10
13.0581798553,80.2426834106,75815,75825,10
13.0575399399,80.2427978516,75825,75835,10
13.0569496155,80.2427825928,75835,75845,10
13.0564203262,80.2425918579,75845,75855,10
13.0558996201,80.2423477173,75855,75871,16
13.0548400879,80.2423477173,75871,75883,12
13.054019928,80.2422866821,75883,75891,8
13.0537700653,80.2422409058,75891,75954,63
13.0537700653,80.2422409058,75954,75964,10
13.0535001755,80.2421035767,75964,75974,10
13.0531196594,80.2419433594,75974,75983,9
13.0528001785,80.241859436,75983,76023,40
13.0528001785,80.241859436,76023,76034,11
13.0527296066,80.2418136597,76034,76045,11
13.0524101257,80.2415771484,76045,76055,10
13.0521297455,80.2410736084,76055,76065,10
13.0519304276,80.2407836914,76065,76075,10
13.0516004562,80.2406692505,76075,76085,10
13.0511598587,80.2405776978,76085,76095,10
13.0509595871,80.2405319214,76095,76105,10
13.0508203506,80.2405166626,76105,76115,10
13.0503101349,80.2404174805,76115,76125,10
13.0498199463,80.2403335571,76125,76135,10
13.0495796204,80.2402572632,76135,76145,10
13.0491600037,80.2401733398,76145,76155,10
13.0486097336,80.2400588989,76155,76166,11
13.0478897095,80.239906311,76166,76176,10
13.0471897125,80.2397689819,76176,76186,10
13.0465297699,80.239616394,76186,76196,10
13.0461702347,80.239440918,76196,76206,10
13.046330452,80.2390136719,76206,76216,10
13.0464601517,80.2383728027,76216,76226,10
13.0466003418,80.2377166748,76226,76236,10
13.0467195511,80.2370376587,76236,76246,10
13.0468797684,80.236328125,76246,76256,10
13.0469799042,80.2359771729,76256,76266,10
13.0470504761,80.2356491089,76266,76276,10
13.0470895767,80.2352523804,76276,76286,10
13.0471601486,80.2345809937,76286,76297,11
13.0472602844,80.2338027954,76297,76307,10
13.0473203659,80.2332763672,76307,76317,10
13.0470199585,80.2330322266,76317,76327,10
13.0466299057,80.2328720093,76327,76337,10
13.0460996628,80.2328033447,76337,76347,10
13.0455598831,80.2326583862,76347,76357,10
13.0451898575,80.2325973511,76357,76367,10
13.0450801849,80.2325592041,76367,76377,10
13.0445995331,80.2324676514,76377,76387,10
13.043970108,80.2323532104,76387,76397,10
13.0433301926,80.2322921753,76397,76407,10
13.0426502228,80.2322998047,76407,76418,11
13.04185009,80.2322616577,76418,76428,10
13.0411300659,80.2321090698,76428,76438,10
13.0404100418,80.2318191528,76438,76448,10
13.0395698547,80.2316131592,76448,76458,10
13.0388202667,80.2313995361,76458,76467,9
13.038189888,80.2312164307,76467,76478,11
13.0375404358,80.2310180664,76478,76488,10
13.0370597839,80.2308578491,76488,76498,10
13.0367603302,80.2307510376,76498,76528,30
13.0367603302,80.2307510376,76528,76539,11
13.0364999771,80.2306365967,76539,76549,10
13.0359802246,80.2305221558,76549,76579,30
13.0359802246,80.2305221558,76579,76589,10
13.0357503891,80.2304611206,76589,76599,10
13.0353002548,80.2303237915,76599,76680,81
13.0353002548,80.2303237915,76680,76690,10
13.0350399017,80.2303619385,76690,76700,10
13.0347299576,80.2303466797,76700,76710,10
13.0343399048,80.230430603,76710,76720,10
13.0340299606,80.23046875,76720,76730,10
13.0334396362,80.23046875,76730,76750,20
13.0334396362,80.23046875,76750,76760,10
13.0331897736,80.2304382324,76760,76770,10
13.032699585,80.2304763794,76770,76780,10
13.0321702957,80.2305374146,76780,76791,11
13.0315599442,80.2305984497,76791,76801,10
13.0310001373,80.2306518555,76801,76811,10
13.0305700302,80.230682373,76811,76821,10
13.0301198959,80.2307434082,76821,76831,10
13.0298500061,80.2307662964,76831,76840,9
13.0297803879,80.2307891846,76840,76851,11
13.0294704437,80.2308197021,76851,76861,10
13.0289297104,80.2308578491,76861,76871,10
13.0283002853,80.2309265137,76871,76881,10
13.0277500153,80.2309799194,76881,76891,10
13.0276098251,80.2312164307,76891,76901,10
13.0276699066,80.2317581177,76901,76911,10
13.0277700424,80.2323074341,76911,76922,11
13.0278301239,80.2328186035,76922,76932,10
13.0272502899,80.2329177856,76932,76942,10
13.02684021,80.2329788208,76942,76952,10
13.0264997482,80.2329788208,76952,76962,10
13.026260376,80.2325210571,76962,76971,9
13.0261297226,80.2319564819,76971,76983,12
13.0259399414,80.231262207,76983,76993,10
13.0256900787,80.230506897,76993,77003,10
13.0251903534,80.2297897339,77003,77013,10
13.0247402191,80.2292098999,77013,77023,10
13.0239601135,80.2283172607,77023,77044,21
13.0239601135,80.2283172607,77044,77054,10
13.0238199234,80.2280502319,77054,77064,10
13.0235204697,80.2277832031,77064,77074,10
13.0231599808,80.2274169922,77074,77083,9
13.0227899551,80.2271118164,77083,77094,11
13.0220804214,80.2264709473,77094,77104,10
13.0212697983,80.2258377075,77104,77114,10
13.0206899643,80.2253570557,77114,77124,10
13.019900322,80.2248382568,77124,77133,9
13.0191602707,80.2244873047,77133,77143,10
13.018409729,80.2246398926,77143,77155,12
13.0174198151,80.2250366211,77155,77165,10
13.0167703629,80.2253112793,77165,77175,10
13.0164604187,80.225440979,77175,77185,10
13.0162200928,80.2255172729,77185,77195,10
13.01583004,80.2256317139,77195,77205,10
13.0153503418,80.2258300781,77205,77215,10
13.0150604248,80.2259368896,77215,77225,10
13.0145998001,80.2261199951,77225,77235,10
13.0140399933,80.226348877,77235,77245,10
13.0138998032,80.2264022827,77245,77255,10
13.0133800507,80.2265777588,77255,77265,10
13.0125999451,80.2268676758,77265,77275,10
13.0116996765,80.2272262573,77275,77286,11
13.0105895996,80.2276611328,77286,77296,10
13.0095701218,80.2280731201,77296,77306,10
13.0090303421,80.2288208008,77306,77315,9
13.0088500977,80.2297821045,77315,77326,11
13.0086202621,80.2309799194,77326,77336,10
13.0083904266,80.2322006226,77336,77346,10
13.0082197189,80.2333221436,77346,77356,10
13.0080404282,80.2341003418,77356,77366,10
13.0079603195,80.234588623,77366,77376,10
13.0079498291,80.2346572876,77376,77386,10
13.0079097748,80.2348098755,77386,77396,10
13.0078496933,80.2351379395,77396,77407,11
13.0078296661,80.2353210449,77407,77416,9
13.007809639,80.2353973389,77416,77427,11
13.0077695847,80.2355499268,77427,77438,11
13.0077295303,80.235748291,77438,77447,9
13.0076904297,80.2360229492,77447,77458,11
13.0076599121,80.2361907959,77458,77468,10
13.0076198578,80.2363586426,77468,77478,10
13.0075397491,80.2367935181,77478,77498,20
13.0075397491,80.2367935181,77498,77508,10
13.0074901581,80.2369537354,77508,77518,10
13.0074796677,80.2370529175,77518,77529,11
13.0074195862,80.2373809814,77529,77539,10
13.0073404312,80.237739563,77539,77549,10
13.0072603226,80.2382202148,77549,77629,80
13.0072603226,80.2382202148,77629,77639,10
13.0072402954,80.2384109497,77639,77650,11
13.0071697235,80.2387466431,77650,77660,10
13.0070295334,80.2394485474,77660,77760,100
13.0070295334,80.2394485474,77760,77771,11
13.0069103241,80.2399902344,77771,77781,10
13.0068397522,80.2404174805,77781,77791,10
13.0067501068,80.2408370972,77791,77801,10
13.0066795349,80.2414093018,77801,77811,10
13.0066795349,80.2420806885,77811,77821,10
13.006649971,80.2429122925,77821,77861,40
13.006649971,80.2429122925,77861,77871,10
13.0066299438,80.2432022095,77871,77881,10
13.0066099167,80.2434692383,77881,77891,10
13.0065898895,80.2437210083,77891,77902,11
13.0065803528,80.2438430786,77902,77918,16
13.0065898895,80.2444076538,77918,77990,72
13.0065898895,80.2444076538,77990,78000,10
13.0065898895,80.2447967529,78000,78010,10
13.0065803528,80.2450866699,78010,78021,11
13.0065898895,80.2455825806,78021,78061,40
13.0065898895,80.2455825806,78061,78071,10
13.0066404343,80.2460021973,78071,78081,10
13.0066604614,80.2461395264,78081,78091,10
13.0066604614,80.2464370728,78091,78101,10
13.0066404343,80.2467422485,78101,78111,10
13.0066699982,80.2472000122,78111,78121,10
13.0066404343,80.2478408813,78121,78131,10
13.0066699982,80.2485733032,78131,78142,11
13.0067596436,80.2492828369,78142,78152,10
13.0067796707,80.2493972778,78152,78162,10
13.0067796707,80.2496490479,78162,78172,10
13.0067396164,80.2501907349,78172,78182,10
13.0067300797,80.250831604,78182,78192,10
13.0067100525,80.2514038086,78192,78202,10
13.0065498352,80.2520065308,78202,78212,10
13.0064296722,80.2527236938,78212,78222,10
13.0064296722,80.2534713745,78222,78232,10
13.0064496994,80.2543411255,78232,78242,10
13.0065202713,80.2549133301,78242,78252,10
13.0065202713,80.2553787231,78252,78262,10
13.0065202713,80.256072998,78262,78273,11
13.0065097809,80.2567367554,78273,78283,10
13.0065603256,80.2573013306,78283,78373,90
13.0065603256,80.2573013306,78373,78383,10
13.006649971,80.257522583,78383,78394,11
13.0061302185,80.2575073242,78394,78410,16
13.0051298141,80.257270813,78410,78422,12
13.0043096542,80.2570877075,78422,78431,9
13.0037403107,80.2569580078,78431,78443,12
13.0031499863,80.2568511963,78443,78453,10
13.0024499893,80.2566986084,78453,78463,10
13.0016899109,80.2565765381,78463,78473,10
13.0010700226,80.2565231323,78473,78482,9
13.0001401901,80.2563781738,78482,78503,21
13.0001401901,80.2563781738,78503,78513,10
12.9999704361,80.2563400269,78513,78524,11
12.9994497299,80.2562408447,78524,78534,10
12.99903965,80.2561264038,78534,78544,10
12.9984903336,80.2560424805,78544,78554,10
12.9979896545,80.2559509277,78554,78564,10
12.9975099564,80.2559204102,78564,78574,10
12.9970703125,80.2559204102,78574,78584,10
12.9968004227,80.2562866211,78584,78594,10
12.9967403412,80.2568206787,78594,78604,10
12.9967498779,80.2568511963,78604,78614,10
12.9967699051,80.2569198608,78614,78624,10
12.9967403412,80.2572937012,78624,78634,10
12.9966802597,80.2578277588,78634,78645,11
12.9965801239,80.2584609985,78645,78655,10
12.996509552,80.2590713501,78655,78665,10
12.996430397,80.2596206665,78665,78675,10
12.9963798523,80.2602615356,78675,78685,10
12.9963102341,80.2609329224,78685,78695,10
12.9962596893,80.2616271973,78695,78705,10
12.9961395264,80.2623596191,78705,78725,20
12.9961395264,80.2623596191,78725,78735,10
12.9960803986,80.262802124,78735,78745,10
12.9960298538,80.2632598877,78745,78755,10
12.9959697723,80.2638702393,78755,78766,11
12.9959096909,80.2646102905,78766,78776,10
12.995880127,80.2651901245,78776,78786,10
12.9958496094,80.26537323,78786,78796,10
12.9957704544,80.2658996582,78796,78806,10
12.9957199097,80.2666320801,78806,78816,10
12.9956598282,80.2672424316,78816,78826,10
12.9956998825,80.2676315308,78826,78836,10
12.9957103729,80.2676391602,78836,78846,10
12.9958600998,80.2676696777,78846,78856,10
12.9962902069,80.2676925659,78856,78866,10
12.9968595505,80.2676620483,78866,78876,10
12.9974002838,80.2675323486,78876,78887,11
12.998049736,80.2673492432,78887,78897,10
12.998749733,80.2671585083,78897,78907,10
12.9994497299,80.2669296265,78907,78917,10
12.9999103546,80.2667236328,78917,78927,10
12.9999799728,80.2666931152,78927,78937,10
13.000120163,80.266418457,78937,78947,10
13.000169754,80.2660369873,78947,78957,10
13.0002202988,80.2657699585,78957,78967,10
13.0002298355,80.2657394409,78967,78977,10
13.0003204346,80.2657623291,78977,78987,10
13.0002098083,80.2660064697,78987,78997,10
13.0001602173,80.2663116455,78997,79671,674
13.0002098083,80.2667007446,79671,79762,91
13.0002098083,80.2667007446,79762,79772,10
13.0001602173,80.2664108276,79772,79812,40
13.0000896454,80.2661972046,79812,79832,20
13.0000896454,80.2661972046,79832,79842,10
13.0000600815,80.2660369873,79842,79903,61
13.0000095367,80.2657394409,79903,79923,20
13.0000200272,80.2660522461,79923,79963,40
13.0000200272,80.2660522461,79963,79973,10
13.0001401901,80.2663879395,79973,79983,10
13.0001401901,80.2667617798,79983,79993,10
12.9999198914,80.2668685913,79993,80004,11
12.9994401932,80.2669830322,80004,80014,10
12.9989404678,80.2671432495,80014,80024,10
12.9983701706,80.267288208,80024,80034,10
12.9978399277,80.2674026489,80034,80044,10
12.9971904755,80.267616272,80044,80054,10
12.9965295792,80.2677307129,80054,80064,10
12.995880127,80.2677230835,80064,80074,10
12.9956598282,80.2674636841,80074,80084,10
12.995639801,80.2673873901,80084,80094,10
12.9956598282,80.266998291,80094,80104,10
12.9957304001,80.2663574219,80104,80114,10
12.9958095551,80.2656707764,80114,80125,11
12.9959001541,80.2648620605,80125,80135,10
12.9959697723,80.2641906738,80135,80145,10
12.9960603714,80.2634811401,80145,80155,10
12.9961099625,80.2629394531,80155,80165,10
12.9961395264,80.2625274658,80165,80175,10
12.9961700439,80.2622909546,80175,80185,10
12.996219635,80.2618637085,80185,80195,10
12.9962997437,80.2612686157,80195,80205,10
12.9963598251,80.260597229,80205,80215,10
12.9964504242,80.2599105835,80215,80225,10
12.9965000153,80.2592163086,80225,80235,10
12.9965696335,80.2585220337,80235,80246,11
12.9966402054,80.2576980591,80246,80256,10
12.996720314,80.2570419312,80256,80266,10
12.9967699051,80.2564620972,80266,80276,10
12.9968299866,80.255897522,80276,80286,10
12.9972200394,80.255821228,80286,80296,10
12.9978303909,80.2559127808,80296,80306,10
12.9987201691,80.2560501099,80306,80326,20
12.9987201691,80.2560501099,80326,80336,10
12.9990501404,80.2561035156,80336,80346,10
12.9996404648,80.2562332153,80346,80362,16
13.0007095337,80.256439209,80362,80374,12
13.0015001297,80.2565536499,80374,80385,11
13.002240181,80.2566680908,80385,80394,9
13.0027799606,80.2567672729,80394,80403,9
13.0033397675,80.2568817139,80403,80415,12
13.004070282,80.2570266724,80415,80425,10
13.0047397614,80.2571563721,80425,80435,10
13.005399704,80.257270813,80435,80445,10
13.0060596466,80.2573776245,80445,80455,10
13.0064496994,80.2574234009,80455,80465,10
13.006480217,80.256942749,80465,80475,10
13.0064897537,80.2561798096,80475,80485,10
13.0064897537,80.2554397583,80485,80495,10
13.0065202713,80.2547225952,80495,80506,11
13.0064897537,80.2540817261,80506,80516,10
13.0065202713,80.2539672852,80516,80534,18
13.0065002441,80.2532119751,80534,80546,12
13.0065002441,80.2529907227,80546,80554,8
13.0065002441,80.2525787354,80554,80564,10
13.0065498352,80.2521362305,80564,80576,12
13.0066795349,80.2515792847,80576,80586,10
13.0067396164,80.2509384155,80586,80596,10
13.0066995621,80.2504272461,80596,80606,10
13.0067195892,80.249671936,80606,80627,21
13.0067195892,80.249671936,80627,80637,10
13.0067100525,80.2493133545,80637,80647,10
13.0066795349,80.2486190796,80647,80657,10
13.0066204071,80.2480926514,80657,80667,10
13.0066003799,80.2476730347,80667,80677,10
13.0066204071,80.2471694946,80677,80687,10
13.0065698624,80.2465820313,80687,80697,10
13.0066099167,80.2464828491,80697,80707,10
13.0066299438,80.2461013794,80707,80717,10
13.0066299438,80.2454833984,80717,80727,10
13.0066204071,80.2448577881,80727,80737,10
13.0066204071,80.2442169189,80737,80748,11
13.0065898895,80.243598938,80748,80756,8
13.0065498352,80.2431793213,80756,80767,11
13.006529808,80.2423782349,80767,80778,11
13.006529808,80.2415084839,80778,80788,10
13.0066099167,80.2407989502,80788,80798,10
13.0066795349,80.2403564453,80798,80808,10
13.0068302155,80.2396469116,80808,80818,10
13.0069904327,80.2388687134,80818,80828,10
13.0071201324,80.238243103,80828,80838,10
13.0072603226,80.237663269,80838,80848,10
13.007349968,80.2370986938,80848,80858,10
13.007349968,80.2368774414,80858,80869,11
13.0073795319,80.2367401123,80869,80880,11
13.0075397491,80.236289978,80880,80890,10
13.0076999664,80.2356414795,80890,80900,10
13.0078401566,80.2349319458,80900,80910,10
13.0079698563,80.2342529297,80910,80920,10
13.0081396103,80.2333984375,80920,80930,10
13.0082998276,80.2325134277,80930,80940,10
13.008480072,80.231590271,80940,80950,10
13.008649826,80.2306976318,80950,80960,10
13.0088195801,80.2297973633,80960,80970,10
13.0089902878,80.2289123535,80970,80980,10
13.0092000961,80.2280426025,80980,80990,10
13.0095796585,80.2272033691,80990,81002,12
13.0100498199,80.2261810303,81002,81011,9
13.0103998184,80.2254867554,81011,81021,10
13.0107002258,80.2248306274,81021,81033,12
13.0109901428,80.2240829468,81033,81043,10
13.0112199783,80.2235794067,81043,81053,10
13.0112400055,80.223487854,81053,81063,10
13.0112400055,80.2233581543,81063,81073,10
13.0114402771,80.2229232788,81073,81083,10
13.0117101669,80.2222671509,81083,81094,11
13.0119600296,80.2215881348,81094,81104,10
13.0123796463,80.221572876,81104,81115,11
13.0128698349,80.2222366333,81115,81125,10
13.0134096146,80.2228317261,81125,81135,10
13.0139398575,80.2233963013,81135,81145,10
13.0143404007,80.2239532471,81145,81155,10
13.0148601532,80.2244873047,81155,81164,9
13.0153398514,80.2248764038,81164,81175,11
13.0155496597,80.2249832153,81175,81185,10
13.0159196854,80.2252578735,81185,81195,10
13.0165300369,80.2252578735,81195,81205,10
13.0171403885,80.2250213623,81205,81215,10
13.0178003311,80.2247619629,81215,81225,10
13.0184698105,80.2244873047,81225,81235,10
13.0191202164,80.2243270874,81235,81246,11
13.0198602676,80.2246170044,81246,81256,10
13.0204200745,80.2250289917,81256,81266,10
13.0209703445,80.2254333496,81266,81276,10
13.0214796066,80.2258377075,81276,81284,8
13.021900177,80.2261276245,81284,81295,11
13.0220499039,80.2262802124,81295,81306,11
13.0224199295,80.2265930176,81306,81316,10
13.0229997635,80.2270965576,81316,81326,10
13.0235795975,80.2276000977,81326,81336,10
13.0240697861,80.2281112671,81336,81346,10
13.024430275,80.2285995483,81346,81356,10
13.0248403549,80.2291870117,81356,81367,11
13.0253696442,80.2298812866,81367,81377,10
13.0257701874,80.2305297852,81377,81387,10
13.0259599686,80.2311782837,81387,81397,10
13.0262002945,80.2313232422,81397,81407,10
13.0267696381,80.2311325073,81407,81417,10
13.0273799896,80.2309799194,81417,81433,16
13.028380394,80.2308807373,81433,81445,12
13.0287303925,80.2308578491,81445,81454,9
13.0291996002,80.2308273315,81454,81464,10
13.0295600891,80.230796814,81464,81475,11
13.0301504135,80.230758667,81475,81485,10
13.0306301117,80.2307281494,81485,81496,11
13.0310897827,80.2306900024,81496,81506,10
13.0316801071,80.2306594849,81506,81516,10
13.0322904587,80.2306213379,81516,81526,10
13.0329399109,80.2305679321,81526,81532,6
13.0332899094,80.2305526733,81532,81547,15
13.0342302322,80.2304611206,81547,81567,20
13.0342302322,80.2304611206,81567,81577,10
13.0344696045,80.2304611206,81577,81587,10
13.0349502563,80.230506897,81587,81607,20
13.0349502563,80.230506897,81607,81618,11
13.0349197388,80.2307891846,81618,81641,23
13.0347499847,80.2320022583,81641,81653,12
13.0346603394,80.2327575684,81653,81663,10
13.0346097946,80.2331924438,81663,81673,10
13.0344896317,80.2339019775,81673,81683,10
13.0344200134,80.2345199585,81683,81693,10
13.0343198776,80.2352294922,81693,81703,10
13.0342597961,80.2358932495,81703,81713,10
13.0341796875,80.2365570068,81713,81722,9
13.0341997147,80.2371368408,81722,81733,11
13.0344800949,80.2376708984,81733,81744,11
13.0347795486,80.2381820679,81744,81754,10
13.0351200104,80.2387237549,81754,81764,10
13.0354204178,80.2392196655,81764,81772,8
13.0357398987,80.2393493652,81772,81784,12
13.0364704132,80.2394104004,81784,81794,10
13.0370397568,80.2394866943,81794,81804,10
13.0376796722,80.2395706177,81804,81814,10
13.0383501053,80.2396774292,81814,81824,10
13.0389995575,80.2397689819,81824,81834,10
13.0396003723,80.2398376465,81834,81844,10
13.0401802063,80.2399520874,81844,81854,10
13.0403299332,80.2403030396,81854,81865,11
13.0407495499,80.240562439,81865,81875,10
13.0411996841,80.2406311035,81875,81885,10
13.0417003632,80.2406768799,81885,81894,9
13.0422496796,80.2407608032,81894,81905,11
13.0430698395,80.2408828735,81905,81915,10
13.0438203812,80.2409667969,81915,81925,10
13.0444002151,80.2406921387,81925,81935,10
13.0448999405,80.2403488159,81935,81945,10
13.0452604294,80.2401123047,81945,81955,10
13.0458202362,80.239730835,81955,81965,10
13.0462999344,80.2395629883,81965,81975,10
13.0464496613,80.2396011353,81975,81986,11
13.0468301773,80.2397003174,81986,81996,10
13.0473499298,80.2397994995,81996,82006,10
13.0476198196,80.2398834229,82006,82016,10
13.0479297638,80.239906311,82016,82026,10
13.0484600067,80.240020752,82026,82036,10
13.0490198135,80.2400817871,82036,82046,10
13.0496397018,80.2402420044,82046,82056,10
13.0501804352,80.2403717041,82056,82066,10
13.0507698059,80.2404785156,82066,82076,10
13.0513401031,80.2405929565,82076,82086,10
13.0517597198,80.2406768799,82086,82096,10
13.0523004532,80.2408599854,82096,82107,11
13.0525302887,80.2413711548,82107,82117,10
13.0529003143,80.2417602539,82117,82127,10
13.0534696579,80.2420196533,82127,82137,10
13.053899765,80.2421875,82137,82147,10
13.054019928,80.2422180176,82147,82157,10
13.0544700623,80.2423019409,82157,82167,10
13.055100441,80.2422409058,82167,82177,10
13.0557804108,80.2422790527,82177,82187,10
13.0563602448,80.2425613403,82187,82197,10
13.0567398071,80.2426071167,82197,82207,10
13.0571899414,80.2427902222,82207,82217,10
13.0573797226,80.2427978516,82217,82227,10
13.0576295853,80.2427978516,82227,82238,11
13.0580596924,80.2427368164,82238,82248,10
13.0586099625,80.2426071167,82248,82258,10
13.0591201782,80.2425384521,82258,82268,10
13.0597200394,80.2426223755,82268,82278,10
13.060259819,80.2428131104,82278,82288,10
13.0607995987,80.242980957,82288,82298,10
13.0612602234,80.2431106567,82298,82308,10
13.0618200302,80.2432174683,82308,82318,10
13.0623703003,80.2433013916,82318,82328,10
13.0624198914,80.243309021,82328,82338,10
13.0626602173,80.243347168,82338,82348,10
13.0631904602,80.2434616089,82348,82359,11
13.0637998581,80.2434768677,82359,82369,10
13.0642995834,80.2435073853,82369,82379,10
13.0649700165,80.243522644,82379,82389,10
13.0655899048,80.243522644,82389,82399,10
13.0661802292,80.2434005737,82399,82409,10
13.0667495728,80.2432174683,82409,82419,10
13.0673503876,80.242980957,82419,82429,10
13.0679798126,80.2427597046,82429,82439,10
13.0686302185,80.2425537109,82439,82449,10
13.0691404343,80.2423400879,82449,82459,10
13.069609642,80.2421112061,82459,82469,10
13.0698795319,80.2420272827,82469,82480,11
13.0699796677,80.2420730591,82480,82490,10
13.0702800751,80.2419815063,82490,82499,9
13.0706996918,80.2418212891,82499,82510,11
13.071390152,80.2416381836,82510,82520,10
13.0720100403,80.2413024902,82520,82530,10
13.0724897385,80.2409896851,82530,82540,10
13.0732498169,80.2406616211,82540,82550,10
13.0738897324,80.2405166626,82550,82560,10
13.0745601654,80.2404785156,82560,82570,10
13.0752401352,80.2404785156,82570,82580,10
13.0759296417,80.2404708862,82580,82590,10
13.0765695572,80.2405395508,82590,82601,11
13.0771102905,80.2404403687,82601,82611,10
13.077050209,80.2401123047,82611,82621,10
13.0769901276,80.2398605347,82621,82631,10
13.0768899918,80.2393417358,82631,82641,10
13.0767202377,80.2387237549,82641,82651,10
13.0765800476,80.2381362915,82651,82661,10
13.0764598846,80.2376403809,82661,82671,10
13.0764198303,80.2374267578,82671,82681,10
13.0763597488,80.2370834351,82681,82691,10
13.076259613,80.236541748,82691,82701,10
13.0761899948,80.2359390259,82701,82711,10
13.0760803223,80.2353363037,82711,82721,10
13.0759296417,80.23462677,82721,82732,11
13.0758199692,80.2340164185,82732,82742,10
13.0761203766,80.2337417603,82742,82752,10
13.0766401291,80.2336807251,82752,82762,10
13.0769195557,80.2336578369,82762,82772,10
13.0772199631,80.2336120605,82772,82782,10
13.077750206,80.2335586548,82782,82792,10
13.0783004761,80.2335510254,82792,82802,10
13.0788202286,80.2334976196,82802,82812,10
13.0793504715,80.2335281372,82812,82822,10
13.0798597336,80.2335205078,82822,82832,10
13.0802202225,80.2335205078,82832,82842,10
13.0805501938,80.233543396,82842,82853,11
13.0811100006,80.2335586548,82853,82863,10
13.0816602707,80.2335891724,82863,82873,10
13.0819597244,80.2333374023,82873,82883,10
13.0820703506,80.2326812744,82883,82893,10
13.0822896957,80.2320404053,82893,82903,10
13.0825796127,80.231338501,82903,82913,10
13.0828199387,80.23072052,82913,82923,10
13.0831098557,80.2308120728,82923,82933,10
13.0831699371,80.2314224243,82933,82943,10
13.0832300186,80.2322463989,82943,82953,10
13.0833997726,80.2331008911,82953,82963,10
13.0834999084,80.2336730957,82963,82974,11
13.0840196609,80.2339477539,82974,82984,10
13.0844497681,80.2340774536,82984,82994,10
13.0848903656,80.2341995239,82994,83004,10
13.0854997635,80.2343215942,83004,83014,10
13.0861597061,80.2344818115,83014,83024,10
13.086810112,80.2345809937,83024,83034,10
13.0879297256,80.2340927124,83034,83044,10
13.0879297256,80.2340927124,83044,83054,10
13.0880203247,80.2333068848,83054,83064,10
13.088139534,80.2326812744,83064,83074,10
13.0883798599,80.2317581177,83074,83084,10
13.0886297226,80.2310791016,83084,83095,11
13.0888795853,80.2305221558,83095,83105,10
13.0889196396,80.230430603,83105,83115,10
13.0891103745,80.2300567627,83115,83124,9
13.089389801,80.2295532227,83124,83135,11
13.0899200439,80.2289199829,83135,83145,10
13.0904998779,80.228302002,83145,83155,10
13.0910596848,80.2276763916,83155,83165,10
13.0913200378,80.2273712158,83165,83175,10
13.0914201736,80.2272720337,83175,83185,10
13.0918102264,80.2268981934,83185,83195,10
13.0922803879,80.2264022827,83195,83204,9
13.0927400589,80.2259216309,83204,83215,11
13.0932197571,80.2254180908,83215,83226,11
13.0934400558,80.2251815796,83226,83236,10
13.0937900543,80.224822998,83236,83245,9
13.0941400528,80.2243804932,83245,83256,11
13.0945997238,80.223777771,83256,83266,10
13.0950498581,80.2230224609,83266,83276,10
13.0953197479,80.2223815918,83276,83285,9
13.0955600739,80.2217788696,83285,83296,11
13.0957803726,80.2211227417,83296,83306,10
13.0959796906,80.2205734253,83306,83316,10
13.0962696075,80.2197113037,83316,83326,10
13.0964899063,80.2191085815,83326,83336,10
13.0966901779,80.2185211182,83336,83347,11
13.0968999863,80.2178573608,83347,83357,10
13.097120285,80.2172317505,83357,83367,10
13.0973300934,80.2166137695,83367,83377,10
13.0975799561,80.2160720825,83377,83387,10
13.0978603363,80.2153778076,83387,83397,10
13.0981702805,80.2146835327,83397,83407,10
13.098449707,80.214050293,83407,83417,10
13.0988998413,80.2141036987,83417,83427,10
13.0994796753,80.214302063,83427,83437,10
13.0999698639,80.2144317627,83437,83447,10
13.1001596451,80.2145004272,83447,83457,10
13.1001596451,80.2145080566,83457,83468,11
13.100230217,80.2145996094,83468,83478,10
13.100279808,80.2148132324,83478,83488,10
13.1002597809,80.215057373,83488,83498,10
13.1001996994,80.2152709961,83498,83617,119
13.1001996994,80.2152709961,83617,83626,9
13.1000795364,80.2154769897,83626,83637,11
13.0999498367,80.2157287598,83637,83647,10
13.0998497009,80.2159805298,83647,83657,10
13.0999002457,80.2162780762,83657,83667,10
13.0997104645,80.216758728,83667,83677,10
13.0995397568,80.2173995972,83677,83687,10
13.0993995667,80.2180709839,83687,83697,10
13.0993099213,80.2186279297,83697,83707,10
13.0992498398,80.2190704346,83707,83718,11
13.0991802216,80.219367981,83718,83728,10
13.0991001129,80.2198486328,83728,83738,10
13.0990200043,80.2202987671,83738,83748,10
13.0988998413,80.2208633423,83748,83757,9
13.0987997055,80.2214202881,83757,83768,11
13.0987300873,80.2221374512,83768,83778,10
13.0987195969,80.2227020264,83778,83788,10
13.0989103317,80.2231826782,83788,83798,10
13.099240303,80.2235870361,83798,83808,10
13.0995798111,80.2240524292,83808,83818,10
13.0997400284,80.2245864868,83818,83828,10
13.0998497009,80.2251281738,83828,83839,11
13.0999298096,80.2257385254,83839,83849,10
13.0999803543,80.2262802124,83849,83859,10
13.1000204086,80.2268676758,83859,83869,10
13.1000404358,80.2274780273,83869,83879,10
13.1000204086,80.2280197144,83879,83889,10
13.0999403,80.228477478,83889,83899,10
13.0998601913,80.2289581299,83899,83909,10
13.0997800827,80.2294311523,83909,83919,10
13.0996799469,80.2298965454,83919,83929,10
13.09953022,80.2304077148,83929,83939,10
13.0993404388,80.2309265137,83939,83949,10
13.0991401672,80.2314605713,83949,83960,11
13.0989398956,80.2319717407,83960,83970,10
13.0987796783,80.2324676514,83970,83980,10
13.0986404419,80.2330627441,83980,83989,9
13.09856987,80.2335205078,83989,84000,11
13.0985403061,80.2339706421,84000,84010,10
13.0984697342,80.2345428467,84010,84020,10
13.098400116,80.2350997925,84020,84030,10
13.0982999802,80.2356262207,84030,84040,10
13.0982198715,80.2361907959,84040,84050,10
13.0981302261,80.2367401123,84050,84060,10
13.0980396271,80.2372817993,84060,84070,10
13.0979604721,80.237739563,84070,84080,10
13.0978603363,80.2382125854,84080,84091,11
13.0977602005,80.2387924194,84091,84101,10
13.0977201462,80.2392730713,84101,84111,10
13.0976896286,80.2397689819,84111,84121,10
13.0976400375,80.2403106689,84121,84137,16
13.0975503922,80.2412109375,84137,84149,12
13.0974597931,80.2418212891,84149,84159,10
13.0974998474,80.2421188354,84159,84169,10
13.0981702805,80.2423019409,84169,84179,10
13.0986700058,80.2422485352,84179,84189,10
13.0987596512,80.2420120239,84189,84199,10
13.0987997055,80.2417526245,84199,84210,11
13.0988798141,80.2414779663,84210,84220,10
13.0989904404,80.2412567139,84220,84290,70
13.0989904404,80.2412567139,84290,84300,10
13.09897995,80.2409667969,84300,84310,10
13.0991802216,80.2408599854,84310,84320,10
13.099240303,80.2407073975,84320,84562,242
13.099240303,80.2405776978,84562,84917,355
13.099240303,80.2405776978,84917,84927,10
13.0992803574,80.2403411865,84927,84937,10
13.0991697311,80.2401809692,84937,84948,11
13.0991601944,80.2401580811,84948,84958,10
13.0989999771,80.2402191162,84958,84968,10
13.0989904404,80.2402420044,84968,84978,10
13.0990104675,80.2404632568,84978,85099,121
13.0990104675,80.2404632568,85099,85109,10
13.0989904404,80.2405471802,85109,85119,10
13.099029541,80.2408065796,85119,85129,10
13.0989599228,80.2409973145,85129,85139,10
13.0989999771,80.2409133911,85139,85149,10
13.0988903046,80.2406692505,85149,85159,10
13.0988397598,80.2402420044,85159,85169,10
13.0985603333,80.2402496338,85169,85179,10
13.0985498428,80.2406082153,85179,85189,10
13.0985603333,80.2408218384,85189,85200,11
13.0983400345,80.2408905029,85200,85240,40
13.0986099243,80.2406311035,85240,85341,101
13.0986099243,80.2406311035,85341,85351,10
