12.9865503311,80.2592773438,17,17838,17821
12.9867696762,80.2595901489,17838,17909,71
12.9871397018,80.259552002,17909,17949,40
12.9871397018,80.259552002,17949,17959,10
12.9873800278,80.2592697144,17959,17990,31
12.9873800278,80.2592697144,17990,18000,10
12.9873600006,80.2590332031,18000,18010,10
12.9873800278,80.2587280273,18010,18020,10
12.9873695374,80.2584991455,18020,18405,385
12.9873800278,80.2583465576,18405,18729,324
12.9874000549,80.2583389282,18729,20053,1324
12.9873104095,80.2583770752,20053,20214,161
12.9873895645,80.2583694458,20214,23927,3713
12.9873895645,80.2583694458,23927,23937,10
12.9875602722,80.2582702637,23937,23947,10
12.9875602722,80.2579498291,23947,23957,10
12.9876003265,80.2573928833,23957,23967,10
12.9876499176,80.2566680908,23967,23977,10
12.9876499176,80.2560195923,23977,23987,10
12.987739563,80.2555465698,23987,23997,10
12.9877700806,80.2549819946,23997,24007,10
12.9878101349,80.2546081543,24007,24017,10
12.9878797531,80.2538986206,24017,24027,10
12.9879198074,80.253112793,24027,24038,11
12.9879703522,80.2521514893,24038,24048,10
12.987830162,80.2516937256,24048,24058,10
12.9877195358,80.2515792847,24058,24068,10
12.9872903824,80.2516174316,24068,24078,10
12.9871196747,80.2516403198,24078,24088,10
12.986700058,80.251739502,24088,24098,10
12.9859399796,80.2519073486,24098,24108,10
12.9849796295,80.2521591187,24108,24118,10
12.9839000702,80.252456665,24118,24128,10
12.9827899933,80.2526626587,24128,24139,11
12.9815196991,80.2527008057,24139,24149,10
12.9805803299,80.2527236938,24149,24159,10
12.9799404144,80.2526626587,24159,24169,10
12.9798898697,80.2523498535,24169,24179,10
12.9799499512,80.2522125244,24179,24189,10
12.9800596237,80.2517471313,24189,24199,10
12.9802999496,80.2510223389,24199,24209,10
12.9805402756,80.2501220703,24209,24219,10
12.9807195663,80.2490005493,24219,24229,10
12.9807901382,80.2479629517,24229,24239,10
12.980919838,80.2466430664,24239,24250,11
12.981089592,80.2452697754,24250,24260,10
12.9811897278,80.2442016602,24260,24270,10
12.9812498093,80.2436981201,24270,24280,10
12.9813604355,80.2434463501,24280,24290,10
12.9813604355,80.2431564331,24290,24300,10
12.9813699722,80.243057251,24300,24310,10
12.9813995361,80.2427597046,24310,24320,10
12.9814300537,80.2423324585,24320,24330,10
12.9814100266,80.2420120239,24330,24340,10
12.9813995361,80.2416610718,24340,24351,11
12.9813899994,80.2409210205,24351,24361,10
12.9813699722,80.2401428223,24361,24371,10
12.9813604355,80.2393875122,24371,24381,10
12.9813203812,80.2385406494,24381,24391,10
12.9813098907,80.2378616333,24391,24401,10
12.981300354,80.2375335693,24401,24411,10
12.9812803268,80.236869812,24411,24421,10
12.9812498093,80.236076355,24421,24431,10
12.9812297821,80.2355575562,24431,24441,10
12.9812202454,80.2349777222,24441,24451,10
12.9812602997,80.2343215942,24451,24462,11
12.981470108,80.2337417603,24462,24472,10
12.9818096161,80.233039856,24472,24482,10
12.982000351,80.2324676514,24482,24492,10
12.9820098877,80.2320327759,24492,24502,10
12.9819803238,80.2315216064,24502,24512,10
12.9819097519,80.2311019897,24512,24522,10
12.9817199707,80.2306594849,24522,24532,10
12.9813604355,80.2300262451,24532,24542,10
12.9809999466,80.2294769287,24542,24552,10
12.9808301926,80.2290802002,24552,24563,11
12.9804296494,80.2284622192,24563,24573,10
12.9800796509,80.2278671265,24573,24583,10
12.9796895981,80.2272491455,24583,24593,10
12.9794101715,80.2267837524,24593,24603,10
12.9790897369,80.2262420654,24603,24613,10
12.9786901474,80.2255630493,24613,24623,10
12.9782600403,80.2248382568,24623,24633,10
12.9779500961,80.2244186401,24633,24643,10
12.9776496887,80.2239227295,24643,24653,10
12.9773397446,80.2233963013,24653,24664,11
12.9770298004,80.2228469849,24664,24674,10
12.9770698547,80.2226867676,24674,24684,10
12.9771499634,80.2226715088,24684,24694,10
12.9773797989,80.2226791382,24694,24704,10
12.9775295258,80.2225112915,24704,24714,10
12.9775495529,80.2221298218,24714,24724,10
12.9775295258,80.2216491699,24724,24734,10
12.9774799347,80.2213134766,24734,24744,10
12.9769001007,80.2212677002,24744,24997,253
12.9766798019,80.2213516235,24997,25522,525
12.9766798019,80.2213516235,25522,25532,10
12.9765396118,80.2212219238,25532,25542,10
12.9762201309,80.221282959,25542,25552,10
12.9762001038,80.2215270996,25552,25562,10
12.9763498306,80.2217102051,25562,25582,20
12.9763498306,80.2217102051,25582,25592,10
12.9764299393,80.2219161987,25592,25602,10
12.9765996933,80.2222900391,25602,25613,11
12.976940155,80.2228317261,25613,25623,10
12.9773397446,80.2234115601,25623,25633,10
12.9777498245,80.2240524292,25633,25643,10
12.9781103134,80.2246170044,25643,25653,10
12.9784698486,80.2251968384,25653,25663,10
12.9786100388,80.225402832,25663,25673,10
12.9788103104,80.225692749,25673,25683,10
12.9791097641,80.2262115479,25683,25693,10
12.9793796539,80.2266693115,25693,25703,10
12.9797201157,80.2272567749,25703,25714,11
12.9801702499,80.228012085,25714,25724,10
12.9805698395,80.2286834717,25724,25734,10
12.9807901382,80.2290725708,25734,25744,10
12.9809598923,80.2293701172,25744,25754,10
12.9812402725,80.2297668457,25754,25764,10
12.9816198349,80.2303695679,25764,25774,10
12.9817695618,80.2306518555,25774,25784,10
12.9819803238,80.2311706543,25784,25794,10
12.9820699692,80.2319564819,25794,25804,10
12.9819803238,80.2326812744,25804,25815,11
12.9816598892,80.2334594727,25815,25825,10
12.9816303253,80.2335205078,25825,25835,10
12.9814996719,80.2337722778,25835,25845,10
12.9812803268,80.2342987061,25845,25855,10
12.9812297821,80.2351531982,25855,25865,10
12.9812602997,80.2361831665,25865,25875,10
12.981300354,80.2373809814,25875,25885,10
12.9813203812,80.2381973267,25885,25895,10
12.9813404083,80.2386474609,25895,25905,10
12.9813404083,80.238822937,25905,25915,10
12.9813499451,80.2392120361,25915,25926,11
12.9813604355,80.2399520874,25926,25936,10
12.9813804626,80.2407913208,25936,25946,10
12.9813899994,80.2417297363,25946,25956,10
12.9814100266,80.2425765991,25956,25966,10
12.9814195633,80.2428894043,25966,25976,10
12.9814195633,80.2430114746,25976,25986,10
12.9813995361,80.2434921265,25986,25996,10
12.9812898636,80.2442626953,25996,26006,10
12.9811601639,80.2452468872,26006,26016,10
12.9810304642,80.246383667,26016,26027,11
12.9809103012,80.247756958,26027,26037,10
12.980799675,80.2490921021,26037,26047,10
12.9805698395,80.2504196167,26047,26057,10
12.9802398682,80.2516708374,26057,26067,10
12.980099678,80.252243042,26067,26077,10
12.9800100327,80.2525177002,26077,26087,10
12.9799995422,80.2525634766,26087,26097,10
12.9799499512,80.252746582,26097,26107,10
12.979640007,80.2527770996,26107,26117,10
12.978969574,80.2526779175,26117,26127,10
12.9786901474,80.2526168823,26127,26138,11
12.9784002304,80.252456665,26138,26148,10
12.9778203964,80.251991272,26148,26158,10
12.9770202637,80.2514419556,26158,26168,10
12.9759998322,80.2511291504,26168,26178,10
12.9749002457,80.2508010864,26178,26188,10
12.9737901688,80.25050354,26188,26198,10
12.9727497101,80.2502212524,26198,26208,10
12.9715795517,80.2499084473,26208,26218,10
12.9704399109,80.2495803833,26218,26228,10
12.9694099426,80.249168396,26228,26239,11
12.9681901932,80.2486495972,26239,26249,10
12.9671201706,80.2482070923,26249,26259,10
12.9662599564,80.2478027344,26259,26269,10
12.9653596878,80.2474594116,26269,26279,10
12.9651002884,80.2473983765,26279,26289,10
12.964799881,80.2472763062,26289,26299,10
12.9642496109,80.2470703125,26299,26309,10
12.9639596939,80.246963501,26309,26319,10
12.9636497498,80.2468414307,26319,26329,10
12.9630804062,80.2465667725,26329,26339,10
12.9623003006,80.2461929321,26339,26350,11
12.9613800049,80.2457275391,26350,26360,10
12.9604597092,80.245300293,26360,26370,10
12.9596700668,80.244972229,26370,26380,10
12.9594202042,80.2448425293,26380,26390,10
12.9591798782,80.244720459,26390,26400,10
12.9586601257,80.2444763184,26400,26410,10
12.9580001831,80.2442092896,26410,26420,10
12.9574699402,80.2440109253,26420,26430,10
12.9564599991,80.243637085,26430,26471,41
12.9564599991,80.243637085,26471,26481,10
12.9559803009,80.2434463501,26481,26491,10
12.955280304,80.2431182861,26491,26501,10
12.9544296265,80.2427520752,26501,26511,10
12.9535598755,80.242401123,26511,26521,10
12.9525499344,80.2419815063,26521,26531,10
12.9517602921,80.2416992188,26531,26540,9
12.9516401291,80.2416687012,26540,26552,12
12.9510602951,80.2414627075,26552,26562,10
12.9502601624,80.2412109375,26562,26572,10
12.9490995407,80.240852356,26572,26592,20
12.9490995407,80.240852356,26592,26602,10
12.9490299225,80.2408218384,26602,26612,10
12.9487800598,80.2406997681,26612,26622,10
12.9482498169,80.2405014038,26622,26632,10
12.9475297928,80.240196228,26632,26642,10
12.9471597672,80.2400588989,26642,26652,10
12.9469900131,80.239982605,26652,26663,11
12.9464197159,80.2397384644,26663,26673,10
12.9456501007,80.2394104004,26673,26683,10
12.9448900223,80.2388305664,26683,26693,10
12.9441795349,80.2380371094,26693,26703,10
12.9435300827,80.2372970581,26703,26713,10
12.9429702759,80.2367782593,26713,26723,10
12.9420700073,80.236366272,26723,26733,10
12.9410400391,80.2361373901,26733,26743,10
12.9401798248,80.2359313965,26743,26753,10
12.939740181,80.2357788086,26753,26764,11
12.9394798279,80.2356491089,26764,26774,10
12.9388799667,80.2353591919,26774,26784,10
12.938079834,80.2349624634,26784,26794,10
12.9371595383,80.2345199585,26794,26804,10
12.9361801147,80.234046936,26804,26814,10
12.9352703094,80.2336196899,26814,26824,10
12.9343004227,80.2332000732,26824,26834,10
12.9338798523,80.2330169678,26834,26844,10
12.9338102341,80.2329788208,26844,26854,10
12.933380127,80.2327575684,26854,26864,10
12.9326295853,80.2324676514,26864,26875,11
12.9316396713,80.2321014404,26875,26884,9
12.9307498932,80.2318191528,26884,26895,11
12.9296798706,80.2315292358,26895,26905,10
12.9285001755,80.2313079834,26905,26915,10
12.9273395538,80.2311630249,26915,26925,10
12.92648983,80.2310714722,26925,26934,9
12.9262104034,80.2310409546,26934,26945,11
12.9260797501,80.2310180664,26945,26955,10
12.9255599976,80.2309570313,26955,26965,10
12.9247598648,80.2308883667,26965,26976,11
12.9236402512,80.2307281494,26976,26986,10
12.9224596024,80.2305603027,26986,26996,10
12.9212703705,80.2304000854,26996,27006,10
12.9201402664,80.2302474976,27006,27016,10
12.9194602966,80.2301712036,27016,27026,10
12.9194297791,80.2301712036,27026,27036,10
12.9192800522,80.230140686,27036,27046,10
12.9187402725,80.2300567627,27046,27056,10
12.917889595,80.2299575806,27056,27066,10
12.9172897339,80.2298965454,27066,27077,11
12.9169197083,80.229850769,27077,27087,10
12.9162998199,80.2297515869,27087,27097,10
12.9155397415,80.229637146,27097,27107,10
12.9147701263,80.2295227051,27107,27117,10
12.9140996933,80.2294082642,27117,27127,10
12.9134197235,80.229347229,27127,27137,10
12.9133195877,80.2293167114,27137,27147,10
12.9131803513,80.2293014526,27147,27157,10
12.9128103256,80.2292404175,27157,27167,10
12.9123497009,80.2291564941,27167,27177,10
12.9119195938,80.2291030884,27177,27188,11
12.9110498428,80.2289810181,27188,27198,10
12.9099998474,80.2288284302,27198,27208,10
12.9090003967,80.2286834717,27208,27218,10
12.9083404541,80.2285995483,27218,27228,10
12.9075899124,80.228477478,27228,27285,57
12.9075899124,80.228477478,27285,27297,12
12.9075202942,80.2284393311,27297,27307,10
12.9072904587,80.2284164429,27307,27317,10
12.906999588,80.2283782959,27317,27357,40
12.906999588,80.2283782959,27357,27367,10
12.9068098068,80.2283172607,27367,27377,10
12.9066896439,80.2283096313,27377,27387,10
12.9064998627,80.2282791138,27387,27398,11
12.9058704376,80.2282333374,27398,27408,10
12.9050397873,80.2282028198,27408,27418,10
12.904009819,80.2281570435,27418,27428,10
12.9031095505,80.2281112671,27428,27437,9
12.9017496109,80.2280502319,27437,27569,132
12.9017496109,80.2280502319,27569,27579,10
12.9014902115,80.2279891968,27579,27589,10
12.9011802673,80.2279891968,27589,27600,11
12.901049614,80.2279891968,27600,27610,10
12.9008798599,80.2279815674,27610,27620,10
12.9006004333,80.2279510498,27620,27630,10
12.9002304077,80.2279129028,27630,27640,10
12.8998699188,80.2278900146,27640,27650,10
12.8996400833,80.2278671265,27650,27660,10
12.8993196487,80.2278594971,27660,27670,10
12.8990097046,80.2278518677,27670,27680,10
12.8987503052,80.2278366089,27680,27690,10
12.8982095718,80.2278137207,27690,27700,10
12.8973999023,80.2277679443,27700,27711,11
12.896320343,80.2277297974,27711,27721,10
12.8953199387,80.2276916504,27721,27731,10
12.8944597244,80.2276535034,27731,27741,10
12.8936195374,80.2276000977,27741,27751,10
12.8933296204,80.2275695801,27751,27761,10
12.892999649,80.2275238037,27761,27771,10
12.8926801682,80.2274780273,27771,27781,10
12.8924198151,80.2274475098,27781,27791,10
12.8924598694,80.2272796631,27791,27801,10
12.8927402496,80.2273330688,27801,27812,11
12.8934001923,80.2274169922,27812,27822,10
12.8940200806,80.2274780273,27822,27832,10
12.8941202164,80.2275009155,27832,27842,10
12.8942804337,80.2275238037,27842,27852,10
12.8947896957,80.2275695801,27852,27862,10
12.8954801559,80.2276000977,27862,27872,10
12.8963003159,80.2276306152,27872,27882,10
12.8972597122,80.2276687622,27882,27892,10
12.8982801437,80.2277297974,27892,27902,10
12.899189949,80.2277832031,27902,27913,11
12.9000396729,80.2278213501,27913,27923,10
12.9004602432,80.2278366089,27923,28024,101
12.9007797241,80.2278823853,28024,28044,20
12.9007797241,80.2278823853,28044,28054,10
12.9009304047,80.2278900146,28054,28064,10
12.9012403488,80.2279586792,28064,28074,10
12.9017095566,80.2279891968,28074,28084,10
12.9027004242,80.2279968262,28084,28104,20
12.9027004242,80.2279968262,28104,28114,10
12.9028997421,80.2280197144,28114,28125,11
12.9035596848,80.2280578613,28125,28135,10
12.9043502808,80.2281036377,28135,28144,9
12.905090332,80.2281494141,28144,28155,11
12.9057302475,80.2281494141,28155,28175,20
12.9057302475,80.2281494141,28175,28185,10
12.9059200287,80.2281265259,28185,28195,10
12.9059896469,80.2281417847,28195,28205,10
12.9061403275,80.2281570435,28205,28215,10
12.9064397812,80.2281799316,28215,28256,41
12.9064397812,80.2281799316,28256,28266,10
12.9064998627,80.2282028198,28266,28276,10
12.9069004059,80.2282409668,28276,28286,10
12.9070396423,80.2282562256,28286,28296,10
12.9072704315,80.2282867432,28296,28306,10
12.9078798294,80.2283935547,28306,28316,10
12.908780098,80.2285308838,28316,28333,17
12.9107704163,80.2288589478,28333,28346,13
12.9123802185,80.2290802002,28346,28356,10
12.9139795303,80.2292861938,28356,28376,20
12.9139795303,80.2292861938,28376,28386,10
12.9142999649,80.229347229,28386,28395,9
12.9149198532,80.2294387817,28395,28406,11
12.9160404205,80.2296066284,28406,28416,10
12.9168796539,80.2296981812,28416,28425,9
12.9174804688,80.2297897339,28425,28437,12
12.9185400009,80.229927063,28437,28446,9
12.9192495346,80.2300109863,28446,28457,11
12.9193496704,80.2300186157,28457,28467,10
12.9195203781,80.2300491333,28467,28477,10
12.920129776,80.2301330566,28477,28487,10
12.9210195541,80.2302398682,28487,28497,10
12.9221000671,80.2303771973,28497,28507,10
12.9233198166,80.2305679321,28507,28517,10
12.9246196747,80.2307434082,28517,28527,10
12.9258403778,80.2308807373,28527,28538,11
12.9264497757,80.2309494019,28538,28548,10
12.926609993,80.2309799194,28548,28558,10
12.9272003174,80.231048584,28558,28568,10
12.9280900955,80.2311630249,28568,28578,10
12.9291601181,80.2313308716,28578,28588,10
12.9303302765,80.2316131592,28588,28598,10
12.9315900803,80.2319564819,28598,28607,9
12.9327201843,80.2323226929,28607,28617,10
12.9335298538,80.2326431274,28617,28628,11
12.9336500168,80.232711792,28628,28638,10
12.9336996078,80.2327423096,28638,28649,11
12.9340801239,80.2329406738,28649,28659,10
12.9348201752,80.2332687378,28659,28669,10
12.9357299805,80.2336807251,28669,28679,10
12.9366102219,80.2341003418,28679,28689,10
12.9375095367,80.2345199585,28689,28699,10
12.9385299683,80.2350234985,28699,28709,10
12.9396800995,80.2356109619,28709,28729,20
12.9396800995,80.2356109619,28729,28739,10
12.9398202896,80.2357406616,28739,28750,11
12.9404802322,80.2359390259,28750,28760,10
12.9413404465,80.2361297607,28760,28770,10
12.9423398972,80.2363815308,28770,28780,10
12.9433002472,80.236907959,28780,28790,10
12.9441003799,80.2377471924,28790,28800,10
12.9449100494,80.2386627197,28800,28810,10
12.9457302094,80.2393722534,28810,28820,10
12.9466896057,80.2397537231,28820,28830,10
12.9473199844,80.2399902344,28830,28840,10
12.9473400116,80.2399978638,28840,28850,10
12.9475698471,80.2400894165,28850,28861,11
12.9482402802,80.2403717041,28861,28871,10
12.9489803314,80.2406692505,28871,28931,60
12.9489803314,80.2406692505,28931,28941,10
12.9494400024,80.2408370972,28941,28951,10
12.9500799179,80.2410202026,28951,28961,10
12.9508399963,80.2412414551,28961,28972,11
12.9510803223,80.241317749,28972,28982,10
12.9511404037,80.2413330078,28982,28992,10
12.9514904022,80.2414703369,28992,29002,10
12.9520101547,80.2416763306,29002,29012,10
12.9526395798,80.2419509888,29012,29022,10
12.9533500671,80.2421875,29022,29032,10
12.9536399841,80.2422790527,29032,29042,10
12.9539203644,80.2423782349,29042,29052,10
12.9543199539,80.2425537109,29052,29062,10
12.9549999237,80.2428207397,29062,29073,11
12.9556999207,80.2431030273,29073,29083,10
12.9562797546,80.2433013916,29083,29093,10
12.9563598633,80.2433395386,29093,29103,10
12.9566297531,80.2434387207,29103,29113,10
12.9572000504,80.2436904907,29113,29123,10
12.9578695297,80.2439880371,29123,29133,10
12.9582700729,80.2442016602,29133,29143,10
12.9587202072,80.2443771362,29143,29153,10
12.9587602615,80.2443771362,29153,29163,10
12.9589700699,80.2444915771,29163,29173,10
12.959280014,80.2446212769,29173,29184,11
12.9597702026,80.2448730469,29184,29194,10
12.9604997635,80.2452087402,29194,29204,10
12.961400032,80.2456283569,29204,29214,10
12.962389946,80.2461013794,29214,29224,10
12.963060379,80.246421814,29224,29234,10
12.9632101059,80.2465515137,29234,29244,10
12.9635601044,80.2467422485,29244,29254,10
12.9641304016,80.2469711304,29254,29264,10
12.9648704529,80.2472076416,29264,29274,10
12.9656496048,80.247467041,29274,29285,11
12.9666004181,80.2478179932,29285,29305,20
12.9666004181,80.2478179932,29305,29315,10
12.9667196274,80.2478790283,29315,29325,10
12.966919899,80.2479934692,29325,29335,10
12.9672002792,80.2482070923,29335,29345,10
12.9679498672,80.2484970093,29345,29355,10
12.9688596725,80.2488632202,29355,29365,10
12.9698600769,80.249206543,29365,29375,10
12.970870018,80.2496032715,29375,29386,11
12.9721097946,80.2499313354,29386,29396,10
12.97315979,80.250213623,29396,29406,10
12.9740695953,80.2504425049,29406,29416,10
12.9748601913,80.2506713867,29416,29426,10
12.9758796692,80.2509689331,29426,29436,10
12.9769897461,80.2512969971,29436,29446,10
12.9779901505,80.2519378662,29446,29456,10
12.9788599014,80.2525100708,29456,29466,10
12.9797401428,80.252571106,29466,29476,10
12.9799900055,80.2523498535,29476,29493,17
12.9799900055,80.2523422241,29493,29505,12
12.9800100327,80.2520599365,29505,29515,10
12.9801597595,80.2516021729,29515,29525,10
12.9803695679,80.2508773804,29525,29535,10
12.9805803299,80.2500076294,29535,29545,10
12.9807395935,80.2490386963,29545,29556,11
12.9807796478,80.2482528687,29556,29565,9
12.9808502197,80.2474899292,29565,29574,9
12.9809303284,80.2465286255,29574,29585,11
12.9810695648,80.2453613281,29585,29596,11
12.9811496735,80.2444992065,29596,29606,10
12.9811601639,80.2442321777,29606,29666,60
12.9812097549,80.2438201904,29666,29705,39
12.9812097549,80.2438201904,29705,29715,10
12.9813499451,80.2435531616,29715,29725,10
12.9813995361,80.2431106567,29725,29734,9
12.9813899994,80.2428588867,29734,29745,11
12.9813995361,80.2428436279,29745,29755,10
12.9813995361,80.24269104,29755,29766,11
12.9813995361,80.2424468994,29766,29776,10
12.9813899994,80.2419281006,29776,29786,10
12.9813804626,80.2412261963,29786,29796,10
12.9813699722,80.2404327393,29796,29807,11
12.9813604355,80.2397384644,29807,29817,10
12.9813404083,80.2391967773,29817,29827,10
12.9813098907,80.2384185791,29827,29837,10
12.9813098907,80.2379302979,29837,29847,10
12.9813098907,80.2379226685,29847,29857,10
12.981300354,80.2378311157,29857,29867,10
12.981300354,80.237739563,29867,29877,10
12.981300354,80.2376174927,29877,29887,10
12.9812803268,80.2371063232,29887,29897,10
12.9812602997,80.236289978,29897,29907,10
12.9812402725,80.2354278564,29907,29918,11
12.9812202454,80.2345428467,29918,29928,10
12.9814195633,80.2338409424,29928,29938,10
12.9816503525,80.2333679199,29938,29958,20
12.9816503525,80.2333679199,29958,29968,10
12.9816703796,80.2333374023,29968,29978,10
12.9818096161,80.2330627441,29978,29988,10
12.9819898605,80.2325592041,29988,29998,10
12.9820203781,80.2321395874,29998,30008,10
12.982000351,80.2316207886,30008,30019,11
12.9819002151,80.2311019897,30019,30029,10
12.9816904068,80.2306518555,30029,30039,10
12.9813299179,80.2300567627,30039,30049,10
12.9809703827,80.2295074463,30049,30059,10
12.9807596207,80.2291564941,30059,30069,10
12.9806404114,80.2289733887,30069,30079,10
12.9805898666,80.2288589478,30079,30089,10
12.980389595,80.2285232544,30089,30099,10
12.9801998138,80.2281112671,30099,30109,10
12.9798402786,80.2275390625,30109,30120,11
12.97935009,80.2267379761,30120,30130,10
12.9789199829,80.226020813,30130,30140,10
12.9784803391,80.2253036499,30140,30150,10
12.9780797958,80.2246704102,30150,30160,10
12.9778003693,80.2243270874,30160,30170,10
12.9776000977,80.2239608765,30170,30180,10
12.9773702621,80.2236099243,30180,30190,10
12.9770402908,80.2230834961,30190,30200,10
12.9771299362,80.2227172852,30200,30220,20
12.9771299362,80.2227172852,30220,30231,11
12.9772596359,80.2227096558,30231,30241,10
12.9775295258,80.22265625,30241,30251,10
12.977519989,80.2223434448,30251,30261,10
12.9774999619,80.2219390869,30261,30271,10
12.9774999619,80.2214279175,30271,30281,10
12.977399826,80.2212371826,30281,30291,10
12.9766798019,80.2212982178,30291,30856,565
12.9765501022,80.2211608887,30856,31099,243
12.9764795303,80.220993042,31099,31654,555
12.9764795303,80.220993042,31654,31664,10
12.9764604568,80.2211608887,31664,31673,9
12.9761400223,80.221282959,31673,31725,52
12.976269722,80.2216567993,31725,31785,60
12.976269722,80.2216567993,31785,31795,10
12.9762401581,80.2219772339,31795,31805,10
12.9763097763,80.2220993042,31805,31816,11
12.9764003754,80.2222824097,31816,31826,10
12.9766798019,80.2225875854,31826,31836,10
12.9770498276,80.2231063843,31836,31846,10
12.9773902893,80.2236480713,31846,31856,10
12.9777898788,80.2242431641,31856,31865,9
12.9781398773,80.2247695923,31865,31876,11
12.9785804749,80.2254867554,31876,31886,10
12.9790096283,80.2261810303,31886,31896,10
12.9794597626,80.2268981934,31896,31906,10
12.9798498154,80.2275390625,31906,31916,10
12.9802598953,80.2282028198,31916,31927,11
12.980509758,80.2286834717,31927,31937,10
12.9807796478,80.2291717529,31937,31957,20
12.9807796478,80.2291717529,31957,31967,10
12.9809598923,80.2294311523,31967,31977,10
12.9811601639,80.2297821045,31977,31987,10
12.9815702438,80.2303619385,31987,31997,10
12.9816598892,80.2304992676,31997,32007,10
12.9817895889,80.2307434082,32007,32017,10
12.9819602966,80.2312774658,32017,32028,11
12.9820203781,80.231880188,32028,32038,10
12.9820604324,80.2322387695,32038,32048,10
12.982049942,80.2323303223,32048,32058,10
12.9820299149,80.2325363159,32058,32068,10
12.9819803238,80.2327423096,32068,32078,10
12.9819602966,80.2328262329,32078,32088,10
12.9818897247,80.233001709,32088,32104,16
12.9816799164,80.2334365845,32104,32116,12
12.9816398621,80.2335510254,32116,32126,10
12.9814996719,80.2338409424,32126,32137,11
12.9812498093,80.2345275879,32137,32147,10
12.9812402725,80.2352981567,32147,32157,10
12.9812402725,80.2361221313,32157,32167,10
12.9812803268,80.2369232178,32167,32177,10
12.9812803268,80.237411499,32177,32187,10
12.9812898636,80.237487793,32187,32197,10
12.981300354,80.237739563,32197,32206,9
12.981300354,80.2379684448,32206,32216,10
12.9813299179,80.2383117676,32216,32258,42
12.9813499451,80.2386474609,32258,32288,30
12.9813499451,80.2386474609,32288,32298,10
12.9813499451,80.2387619019,32298,32308,10
12.9813404083,80.2389984131,32308,32328,20
12.9813404083,80.2389984131,32328,32338,10
12.9813499451,80.2393875122,32338,32379,41
12.9813499451,80.2393875122,32379,32389,10
12.9813404083,80.2396011353,32389,32399,10
12.9813604355,80.2398376465,32399,32409,10
12.9813604355,80.2403182983,32409,32419,10
12.9813699722,80.2410125732,32419,32429,10
12.9813699722,80.2417602539,32429,32439,10
12.9813995361,80.242767334,32439,32460,21
12.9813995361,80.242767334,32460,32470,10
12.9813804626,80.2429885864,32470,32480,10
12.9813995361,80.2433319092,32480,32490,10
12.9813604355,80.2437362671,32490,32500,10
12.9812297821,80.2444534302,32500,32510,10
12.9811201096,80.2453384399,32510,32520,10
12.9809999466,80.2463378906,32520,32530,10
12.980890274,80.247428894,32530,32540,10
12.9808197021,80.2485580444,32540,32550,10
12.9806995392,80.2496795654,32550,32561,11
12.9804401398,80.250831604,32561,32571,10
12.9801902771,80.2518005371,32571,32581,10
12.9800701141,80.2522583008,32581,32591,10
12.9799499512,80.2524490356,32591,32601,10
12.9798898697,80.2526931763,32601,32611,10
12.9797296524,80.2527770996,32611,32621,10
12.9792699814,80.2527084351,32621,32631,10
12.9787397385,80.2526168823,32631,32641,10
12.9787302017,80.2526092529,32641,32651,10
12.9785900116,80.2525634766,32651,32662,11
12.9780902863,80.2522201538,32662,32672,10
12.9774703979,80.251663208,32672,32682,10
12.9766197205,80.2512512207,32682,32692,10
12.9756698608,80.2509689331,32692,32702,10
12.9747400284,80.2507324219,32702,32712,10
12.9738397598,80.2504806519,32712,32722,10
12.9729404449,80.2502288818,32722,32732,10
12.9725399017,80.2501525879,32732,32742,10
12.9723396301,80.2500991821,32742,32752,10
12.9717798233,80.2499389648,32752,32762,10
12.9709796906,80.2497329712,32762,32773,11
12.9699897766,80.249382019,32773,32783,10
12.9690198898,80.2489776611,32783,32793,10
12.9680595398,80.2485580444,32793,32803,10
12.9671602249,80.2481765747,32803,32813,10
12.9664402008,80.2478027344,32813,32823,10
12.9655799866,80.2474822998,32823,32833,10
12.9651002884,80.2473526001,32833,32843,10
12.9650697708,80.2473297119,32843,32853,10
12.9649095535,80.2472381592,32853,32863,10
12.9644699097,80.2471008301,32863,32874,11
12.9636001587,80.2468032837,32874,32904,30
12.9636001587,80.2468032837,32904,32914,10
12.9635095596,80.2467422485,32914,32924,10
12.9631204605,80.2465286255,32924,32934,10
12.9625301361,80.2462310791,32934,32944,10
12.9617204666,80.2458114624,32944,32954,10
12.960849762,80.2453918457,32954,32964,10
12.9599599838,80.2450027466,32964,32974,10
12.9594697952,80.2447967529,32974,32985,11
12.9594497681,80.2447814941,32985,32995,10
12.959280014,80.2446594238,32995,33005,10
12.958820343,80.244468689,33005,33015,10
12.9581804276,80.244178772,33015,33025,10
12.9577503204,80.2440719604,33025,33035,10
12.9571399689,80.2438583374,33035,33045,10
12.9563798904,80.243637085,33045,33065,20
12.9563798904,80.243637085,33065,33075,10
12.9562501907,80.2436218262,33075,33086,11
12.9557104111,80.2433166504,33086,33096,10
12.9549999237,80.2429580688,33096,33097,1
12.9549303055,80.2429199219,33097,33136,39
12.9519300461,80.2417221069,33136,33146,10
12.9517698288,80.2416763306,33146,33156,10
12.9515600204,80.241607666,33156,33166,10
12.9509801865,80.2414093018,33166,33176,10
12.9501600266,80.2411270142,33176,33186,10
12.9492998123,80.2408828735,33186,33197,11
12.9487400055,80.2406463623,33197,33207,10
12.9479999542,80.2403411865,33207,33217,10
12.9473800659,80.2400894165,33217,33234,17
12.9471902847,80.240020752,33234,33244,10
12.9469804764,80.2399368286,33244,33253,9
12.9465904236,80.2397689819,33253,33263,10
12.9459600449,80.2395019531,33263,33274,11
12.9451503754,80.2390365601,33274,33284,10
12.9445295334,80.2384033203,33284,33295,11
12.9438495636,80.2376327515,33295,33306,11
12.9432096481,80.2369766235,33306,33316,10
12.9424200058,80.2365036011,33316,33326,10
12.9414701462,80.2362213135,33326,33336,10
12.9406700134,80.236038208,33336,33346,10
12.940320015,80.2359390259,33346,33356,10
12.9398603439,80.2357788086,33356,33366,10
12.9398202896,80.2357635498,33366,33376,10
12.9395399094,80.2356414795,33376,33386,10
12.938949585,80.2353591919,33386,33396,10
12.9381799698,80.2349700928,33396,33407,11
12.9371404648,80.2344589233,33407,33417,10
12.9363498688,80.2340774536,33417,33427,10
12.9360303879,80.2339401245,33427,33437,10
12.9357404709,80.2338027954,33437,33447,10
12.9353599548,80.2336120605,33447,33457,10
12.9346904755,80.2332992554,33457,33467,10
12.9340000153,80.2329788208,33467,33477,10
12.9337797165,80.2329101563,33477,33487,10
12.9337396622,80.2329025269,33487,33497,10
12.933380127,80.2327270508,33497,33507,10
12.9327402115,80.2324523926,33507,33518,11
12.9318199158,80.2321166992,33518,33528,10
12.9308595657,80.2318115234,33528,33538,10
12.9298400879,80.2315216064,33538,33548,10
12.9288396835,80.2313308716,33548,33558,10
12.9277801514,80.2311706543,33558,33568,10
12.9267501831,80.2310562134,33568,33578,10
12.9261798859,80.231010437,33578,33588,10
12.9261102676,80.2310028076,33588,33598,10
12.9258804321,80.2309799194,33598,33608,10
12.925330162,80.2309188843,33608,33619,11
12.9244403839,80.2308120728,33619,33629,10
12.9235296249,80.230682373,33629,33639,10
12.9224901199,80.2305297852,33639,33649,10
12.9213495255,80.2303619385,33649,33659,10
12.9201498032,80.23021698,33659,33669,10
12.9193401337,80.2301330566,33669,33679,10
12.9191999435,80.2301101685,33679,33689,10
12.9189596176,80.2300567627,33689,33699,10
12.918390274,80.2299804688,33699,33709,10
12.9176197052,80.2298583984,33709,33719,10
12.9167203903,80.2297286987,33719,33730,11
12.9157304764,80.229598999,33730,33740,10
12.9147596359,80.2294616699,33740,33750,10
12.9138402939,80.2293167114,33750,33760,10
12.9132995605,80.2292861938,33760,33770,10
12.9132795334,80.2292861938,33770,33780,10
12.9132299423,80.2292785645,33780,33790,10
12.9128799438,80.2292022705,33790,33800,10
12.9123497009,80.2291183472,33800,33810,10
12.9116296768,80.229019165,33810,33820,10
12.9108104706,80.2288970947,33820,33831,11
12.9098596573,80.2287597656,33831,33841,10
12.9090003967,80.2285995483,33841,33851,10
12.9081201553,80.2284622192,33851,33861,10
12.9071798325,80.2283401489,33861,33871,10
12.9066095352,80.2282791138,33871,33881,10
12.9062995911,80.2282485962,33881,33891,10
12.9062900543,80.2282485962,33891,33901,10
12.9060001373,80.2282562256,33901,33911,10
12.905500412,80.2282333374,33911,33921,10
12.904800415,80.2282028198,33921,33931,10
12.9040803909,80.2281570435,33931,33942,11
12.9033699036,80.2281417847,33942,33982,40
12.9033699036,80.2281417847,33982,33992,10
12.9032497406,80.2281112671,33992,34002,10
12.9027996063,80.2281036377,34002,34012,10
12.9023399353,80.2280731201,34012,34022,10
12.9019804001,80.2280502319,34022,34032,10
12.9015798569,80.2280273438,34032,34043,11
12.9012098312,80.2280197144,34043,34053,10
12.9008903503,80.2279663086,34053,34063,10
12.9006099701,80.2279586792,34063,34073,10
12.9002895355,80.2279510498,34073,34083,10
12.8999204636,80.2279281616,34083,34093,10
12.8995199203,80.227897644,34093,34103,10
12.8988399506,80.2279205322,34103,34133,30
12.8988399506,80.2279205322,34133,34143,10
12.8985996246,80.227897644,34143,34154,11
12.8981103897,80.2278366089,34154,34164,10
12.8974304199,80.2277984619,34164,34174,10
12.8965997696,80.2277603149,34174,34185,11
12.8955001831,80.2276916504,34185,34195,10
12.894490242,80.2276611328,34195,34206,11
12.8937501907,80.2276229858,34206,34217,11
12.8936395645,80.2276077271,34217,34227,10
12.8932800293,80.2275390625,34227,34237,10
12.8928203583,80.2274780273,34237,34247,10
12.892490387,80.2274627686,34247,34257,10
12.8924503326,80.2273330688,34257,34268,11
12.8926496506,80.2272796631,34268,34278,10
12.8930501938,80.2273635864,34278,34288,10
12.8937397003,80.2274398804,34288,34298,10
12.8941202164,80.2274627686,34298,35025,727
12.8941202164,80.2274627686,35025,35035,10
12.8943595886,80.2275085449,35035,35045,10
12.8946895599,80.2275390625,35045,35055,10
12.89523983,80.2275619507,35055,35065,10
12.8959503174,80.2276000977,35065,35075,10
12.8967695236,80.2276306152,35075,35085,10
12.8976898193,80.2276763916,35085,35095,10
12.8986501694,80.2277297974,35095,35106,11
12.8995304108,80.2277832031,35106,35116,10
12.8999996185,80.2277832031,35116,35408,292
12.8999996185,80.2277832031,35408,35419,11
12.9003095627,80.2277832031,35419,35429,10
12.9005203247,80.2277984619,35429,35439,10
12.9008197784,80.2278213501,35439,35449,10
12.9011697769,80.2278671265,35449,35459,10
12.9017801285,80.2279281616,35459,35469,10
12.9023799896,80.2279510498,35469,35479,10
12.9028501511,80.2279510498,35479,35499,20
12.9028501511,80.2279510498,35499,35509,10
12.9031801224,80.2279281616,35509,35519,10
12.903670311,80.2279968262,35519,35530,11
12.9045200348,80.2280578613,35530,35540,10
12.9052200317,80.2280807495,35540,35550,10
12.905380249,80.2280807495,35550,35560,10
12.9057102203,80.2281417847,35560,35570,10
12.9062299728,80.2281570435,35570,35709,139
12.9062299728,80.2281570435,35709,35719,10
12.9062995911,80.2281036377,35719,35729,10
12.906539917,80.2281265259,35729,35740,11
12.9066896439,80.2281570435,35740,35750,10
12.9070796967,80.2282028198,35750,35760,10
12.9072303772,80.2282104492,35760,35770,10
12.9074001312,80.2282409668,35770,35780,10
12.9079504013,80.2283401489,35780,35790,10
12.9087095261,80.2284622192,35790,35800,10
12.9096002579,80.2285995483,35800,35810,10
12.9106302261,80.2287597656,35810,35820,10
12.911740303,80.2289505005,35820,35830,10
12.912899971,80.2291183472,35830,35840,10
12.9138097763,80.2292098999,35840,35851,11
12.9139204025,80.2292175293,35851,35861,10
12.9144001007,80.2293014526,35861,35871,10
12.9150695801,80.2293777466,35871,35881,10
12.9159202576,80.2295227051,35881,35891,10
12.9168701172,80.2296524048,35891,35901,10
12.9178800583,80.2297973633,35901,35911,10
12.9187803268,80.229927063,35911,35921,10
12.9192800522,80.2299804688,35921,35931,10
12.9195899963,80.2300109863,35931,35941,10
12.9202003479,80.2301025391,35941,35951,10
12.9210596085,80.2302093506,35951,35962,11
12.9222402573,80.2303924561,35962,35972,10
12.9233999252,80.2305679321,35972,35982,10
12.9247503281,80.23072052,35982,35998,16
12.9262695313,80.2308883667,35998,36010,12
12.9264802933,80.2309112549,36010,36020,10
12.9269304276,80.2309799194,36020,36030,10
12.9276895523,80.231086731,36030,36040,10
12.9286499023,80.2312011719,36040,36050,10
12.9297199249,80.2314376831,36050,36061,11
12.9309997559,80.2317581177,36061,36071,10
12.9320001602,80.232093811,36071,36081,10
12.9329395294,80.2324066162,36081,36091,10
12.9335098267,80.232673645,36091,36101,10
12.9337902069,80.2327575684,36101,36111,10
12.9339199066,80.2328414917,36111,36121,10
12.9343900681,80.2330703735,36121,36131,10
12.9350299835,80.2333679199,36131,36141,10
12.9357795715,80.2337417603,36141,36151,10
12.9364795685,80.2340698242,36151,36161,10
12.9373998642,80.2344970703,36161,36172,11
12.9385700226,80.2350463867,36172,36182,10
12.939450264,80.2354888916,36182,36192,10
12.9398298264,80.2356567383,36192,36202,10
12.9400196075,80.235748291,36202,36212,10
12.9406499863,80.2359466553,36212,36222,10
12.9415302277,80.2361831665,36222,36232,10
12.9426002502,80.2364807129,36232,36242,10
12.9435195923,80.2371368408,36242,36252,10
12.944319725,80.2380371094,36252,36262,10
12.945110321,80.2389068604,36262,36273,11
12.9459295273,80.2394638062,36273,36283,10
12.947259903,80.2399520874,36283,36303,20
12.947259903,80.2399520874,36303,36313,10
12.9474601746,80.2400436401,36313,36323,10
12.9480495453,80.2402877808,36323,36333,10
12.9488401413,80.2406234741,36333,36343,10
12.9493398666,80.2408218384,36343,36353,10
12.9497804642,80.2409362793,36353,36363,10
12.9504404068,80.2411270142,36363,36373,10
12.9510402679,80.2413024902,36373,36384,11
12.9511404037,80.2413635254,36384,36394,10
12.9515695572,80.2415237427,36394,36404,10
12.9523096085,80.2418136597,36404,36414,10
12.9531202316,80.2421035767,36414,36424,10
12.9537401199,80.2423095703,36424,36434,10
12.9539604187,80.242401123,36434,36444,10
12.9542999268,80.2425537109,36444,36454,10
12.9548797607,80.2427825928,36454,36464,10
12.955499649,80.2430114746,36464,36474,10
12.9561195374,80.2431869507,36474,36485,11
12.9563999176,80.2433166504,36485,36505,20
12.9563999176,80.2433166504,36505,36515,10
12.956609726,80.2433624268,36515,36525,10
12.9570503235,80.243598938,36525,36535,10
12.95773983,80.2439193726,36535,36545,10
12.9583997726,80.2442092896,36545,36555,10
12.9588804245,80.2444076538,36555,36565,10
12.9590196609,80.2444992065,36565,36575,10
12.9593200684,80.2446594238,36575,36585,10
12.9597597122,80.2448577881,36585,36596,11
12.9606304169,80.2452392578,36596,36606,10
12.9615898132,80.2456817627,36606,36616,10
12.962389946,80.2460708618,36616,36626,10
12.9628200531,80.2462768555,36626,36676,50
12.9628200531,80.2462768555,36676,36686,10
12.9630098343,80.2465133667,36686,36696,10
12.9632701874,80.2466430664,36696,36707,11
12.9636802673,80.2468109131,36707,36717,10
12.9642801285,80.2470092773,36717,36727,10
12.9649896622,80.247253418,36727,36737,10
12.9657297134,80.2474975586,36737,36747,10
12.9662103653,80.2476882935,36747,36757,10
12.9664201736,80.2477798462,36757,36767,10
12.9665298462,80.2478103638,36767,36777,10
12.9666099548,80.247833252,36777,36787,10
12.9669704437,80.248008728,36787,36797,10
12.9675798416,80.2482910156,36797,36807,10
12.9684000015,80.2486190796,36807,36818,11
12.9694404602,80.2490386963,36818,36828,10
12.9703998566,80.249420166,36828,36844,16
12.9720096588,80.2498931885,36844,36856,12
12.9732398987,80.250213623,36856,36866,10
12.9739904404,80.2504196167,36866,36876,10
12.9749097824,80.2506713867,36876,36884,8
12.9757204056,80.2509002686,36884,36896,12
12.9768800735,80.2512283325,36896,36906,10
12.9777402878,80.2517166138,36906,36917,11
12.9784698486,80.2522964478,36917,36926,9
12.9791002274,80.2525405884,36926,36937,11
12.9795303345,80.2525100708,36937,36947,10
12.9798803329,80.252456665,36947,36957,10
12.979929924,80.2523574829,36957,36966,9
12.9799699783,80.2521972656,36966,36977,11
12.9800300598,80.2519073486,36977,36987,10
12.9802398682,80.2512512207,36987,36997,10
12.9805002213,80.2503433228,36997,37007,10
12.9806995392,80.2492980957,37007,37017,10
12.9807701111,80.248260498,37017,37027,10
12.9808597565,80.2472991943,37027,37038,11
12.9809799194,80.2461013794,37038,37048,10
12.9811096191,80.2449569702,37048,37058,10
12.9811897278,80.2440032959,37058,37068,10
12.9812498093,80.243637085,37068,37078,10
12.9813404083,80.2434082031,37078,37088,10
12.9813499451,80.2431106567,37088,37098,10
12.9813699722,80.2428894043,37098,37108,10
12.9813699722,80.242729187,37108,37118,10
12.9813804626,80.2425079346,37118,37129,11
12.9813699722,80.2421569824,37129,37139,10
12.9813699722,80.2417068481,37139,37149,10
12.9813699722,80.2413635254,37149,37159,10
12.9813804626,80.2410583496,37159,37169,10
12.9813804626,80.2407989502,37169,37179,10
12.9813699722,80.2405776978,37179,37189,10
12.9813699722,80.2403717041,37189,37199,10
12.9813604355,80.2400588989,37199,37229,30
12.9813604355,80.2400588989,37229,37240,11
12.9813899994,80.2399215698,37240,37250,10
12.9813699722,80.2396469116,37250,37280,30
12.9813699722,80.2396469116,37280,37290,10
12.9813499451,80.239402771,37290,37300,10
12.9813404083,80.2392196655,37300,37310,10
12.9813404083,80.2389984131,37310,37320,10
12.9813299179,80.2387466431,37320,37341,21
12.9813299179,80.2387466431,37341,37351,10
12.9813203812,80.23853302,37351,37361,10
12.9813098907,80.2383117676,37361,37371,10
12.981300354,80.23802948,37371,37391,20
12.981300354,80.23802948,37391,37401,10
12.981300354,80.2377166748,37401,37421,20
12.981300354,80.2377166748,37421,37431,10
12.9812898636,80.2375564575,37431,37441,10
12.9812803268,80.237411499,37441,37452,11
12.9812803268,80.2373809814,37452,37462,10
12.9812803268,80.237159729,37462,37472,10
12.9812698364,80.2369537354,37472,37482,10
12.9812602997,80.2366790771,37482,37492,10
12.9812602997,80.2363815308,37492,37502,10
12.9812498093,80.2362213135,37502,37512,10
12.9812402725,80.2359924316,37512,37522,10
12.9812402725,80.2357025146,37522,37532,10
12.9812202454,80.2353973389,37532,37542,10
12.9812097549,80.2350006104,37542,37553,11
12.9812202454,80.2344818115,37553,37563,10
12.9813098907,80.2340316772,37563,37573,10
12.9814100266,80.2337875366,37573,37583,10
12.9814500809,80.2337036133,37583,37593,10
12.9815597534,80.2334136963,37593,37613,20
12.9815597534,80.2334136963,37613,37623,10
12.9816102982,80.2333374023,37623,37633,10
12.9816999435,80.2331085205,37633,37643,10
12.9818601608,80.2327423096,37643,37653,10
12.9819898605,80.2322998047,37653,37664,11
12.9819898605,80.231842041,37664,37674,10
12.9819402695,80.2313690186,37674,37684,10
12.9818096161,80.2308807373,37684,37694,10
12.9815597534,80.2304000854,37694,37704,10
12.9811601639,80.2297363281,37704,37714,10
12.9808998108,80.2293395996,37714,37724,10
12.9807901382,80.2291870117,37724,37734,10
12.9806804657,80.2290267944,37734,37744,10
12.9806604385,80.2289581299,37744,37754,10
12.9805202484,80.2287216187,37754,37764,10
12.9803304672,80.2283935547,37764,37775,11
12.9801797867,80.2280426025,37775,37785,10
12.9799995422,80.2277526855,37785,37796,11
12.97976017,80.2273712158,37796,37806,10
12.9794597626,80.2268676758,37806,37816,10
12.9791402817,80.2263412476,37816,37826,10
12.9787502289,80.225692749,37826,37836,10
12.9783401489,80.2250213623,37836,37846,10
12.9779901505,80.2245025635,37846,37855,9
12.9778003693,80.2242279053,37855,37867,12
12.9774904251,80.2237091064,37867,37877,10
12.9771795273,80.2231826782,37877,37887,10
12.9769601822,80.2227783203,37887,37897,10
12.9771099091,80.2226486206,37897,37907,10
12.9771404266,80.2226486206,37907,37917,10
12.9774198532,80.2226486206,37917,37927,10
12.9774999619,80.2224502563,37927,37937,10
12.9774904251,80.2221069336,37937,37947,10
12.9774799347,80.2216186523,37947,37957,10
12.9774799347,80.2212905884,37957,37967,10
12.9772901535,80.2212524414,37967,37977,10
12.9768695831,80.221282959,37977,38058,81
12.9765701294,80.2212219238,38058,38492,434
12.9765701294,80.2212219238,38492,38502,10
12.9765501022,80.2212219238,38502,38543,41
12.9765195847,80.221282959,38543,38603,60
12.9765195847,80.221282959,38603,38613,10
12.976559639,80.2210464478,38613,38755,142
12.976559639,80.2210464478,38755,38765,10
12.976269722,80.2212219238,38765,38775,10
12.9761104584,80.2213592529,38775,38785,10
12.9763498306,80.2217483521,38785,38876,91
12.9763498306,80.2217483521,38876,38886,10
12.9764604568,80.2221221924,38886,38896,10
12.9766302109,80.2224121094,38896,38906,10
12.9768800735,80.2228164673,38906,38916,10
12.9771900177,80.2233123779,38916,38926,10
12.9776000977,80.2239303589,38926,38936,10
12.97797966,80.2245330811,38936,38947,11
12.9783496857,80.2251586914,38947,38957,10
12.9785404205,80.225402832,38957,38967,10
12.9786500931,80.2256011963,38967,38977,10
12.9789304733,80.2260971069,38977,38987,10
12.9792699814,80.2266998291,38987,38997,10
12.9796600342,80.2273178101,38997,39007,10
12.9799995422,80.2278594971,39007,39017,10
12.9803199768,80.228477478,39017,39027,10
12.9806995392,80.2291183472,39027,39037,10
12.9811000824,80.2297286987,39037,39048,11
12.9815797806,80.2304382324,39048,39058,10
12.9816598892,80.2305908203,39058,39068,10
12.9817304611,80.230758667,39068,39078,10
12.9819002151,80.2311630249,39078,39088,10
12.9820995331,80.2318496704,39088,39146,58
12.982049942,80.2322235107,39146,39187,41
12.982049942,80.2322235107,39187,39197,10
12.9820203781,80.2322921753,39197,39207,10
12.9819602966,80.2326278687,39207,39217,10
12.9818000793,80.2330932617,39217,39227,10
12.9815998077,80.2335128784,39227,39237,10
12.9815397263,80.2336120605,39237,39247,10
12.9812898636,80.2341079712,39247,39258,11
12.9811601639,80.2348937988,39258,39268,10
12.981180191,80.2356491089,39268,39278,10
12.9812297821,80.2365570068,39278,39288,10
12.9812602997,80.2375411987,39288,39298,10
12.9812803268,80.238319397,39298,39308,10
12.981300354,80.2386703491,39308,39318,10
12.981300354,80.2387771606,39318,39328,10
12.981300354,80.2391586304,39328,39338,10
12.981300354,80.2393493652,39338,39348,10
12.981300354,80.2397384644,39348,39358,10
12.9813299179,80.2403182983,39358,39368,10
12.9813404083,80.2411193848,39368,39379,11
12.9813499451,80.2419586182,39379,39389,10
12.9813699722,80.2427368164,39389,39409,20
12.9813699722,80.2427368164,39409,39419,10
12.9813804626,80.2428436279,39419,39429,10
12.9813699722,80.2432022095,39429,39439,10
12.9813299179,80.2437362671,39439,39449,10
12.9812097549,80.2444992065,39449,39459,10
12.9810800552,80.2454605103,39459,39469,10
12.9809598923,80.2465286255,39469,39480,11
12.9808597565,80.2477111816,39480,39496,16
12.9807300568,80.2493896484,39496,39508,12
12.9804801941,80.2506027222,39508,39518,10
12.9802598953,80.2514419556,39518,39528,10
12.9800796509,80.2521591187,39528,39538,10
12.9800100327,80.2523498535,39538,39548,10
12.9798803329,80.2526016235,39548,39558,10
12.9796695709,80.252822876,39558,39568,10
12.9790897369,80.2527236938,39568,39578,10
12.9785804749,80.2526321411,39578,39589,11
12.9785604477,80.2526168823,39589,39599,10
12.9784803391,80.2525405884,39599,39609,10
12.9781799316,80.2523422241,39609,39619,10
12.9776201248,80.2518386841,39619,39629,10
12.9767599106,80.2513427734,39629,39639,10
12.9757099152,80.2510223389,39639,39649,10
12.9746999741,80.2507171631,39649,39659,10
12.9734897614,80.2503890991,39659,39669,10
12.9725999832,80.2501907349,39669,39679,10
12.9724597931,80.2501373291,39679,39690,11
12.9718904495,80.249961853,39690,39700,10
12.9710302353,80.2497406006,39700,39710,10
12.9699802399,80.249420166,39710,39720,10
12.9687995911,80.2489471436,39720,39730,10
12.9675397873,80.2484588623,39730,39740,10
12.9665203094,80.2479782104,39740,39750,10
12.9657201767,80.2476119995,39750,39760,10
12.9650602341,80.2474136353,39760,39770,10
12.9650201797,80.2473831177,39770,39780,10
12.9648199081,80.2472763062,39780,39790,10
12.96434021,80.2470932007,39790,39801,11
12.9636602402,80.2468338013,39801,39817,16
12.9626598358,80.2463302612,39817,39829,12
12.9616203308,80.2458267212,39829,39839,10
12.9607601166,80.2454071045,39839,39849,10
12.9599199295,80.2450485229,39849,39859,10
12.9593696594,80.2448196411,39859,39869,10
12.9592599869,80.2447967529,39869,39879,10
12.9591798782,80.2447433472,39879,39889,10
12.9589195251,80.2445907593,39889,39900,11
12.9582395554,80.2443084717,39900,39909,9
12.9577198029,80.2441101074,39909,39920,11
12.9565496445,80.2437820435,39920,39980,60
12.9565496445,80.2437820435,39980,39990,10
12.9560899734,80.243598938,39990,40001,11
12.9554700851,80.2432327271,40001,40011,10
12.9547195435,80.2428665161,40011,40021,10
12.9540195465,80.2425765991,40021,40031,10
12.9532804489,80.2422637939,40031,40041,10
12.9523897171,80.2419281006,40041,40051,10
12.9518995285,80.2417602539,40051,40061,10
12.9517402649,80.2417221069,40061,40071,10
12.9515895844,80.2416687012,40071,40081,10
12.9511299133,80.2415008545,40081,40091,10
12.9504299164,80.2412719727,40091,40101,10
12.949930191,80.2411193848,40101,40112,11
12.949760437,80.2410812378,40112,40122,10
12.9497003555,80.2410430908,40122,40132,10
12.9492998123,80.2408981323,40132,40142,10
12.9486103058,80.2406234741,40142,40152,10
12.9477596283,80.2402801514,40152,40162,10
12.9471902847,80.2400436401,40162,40172,10
12.94713974,80.2400283813,40172,40182,10
12.946969986,80.2399597168,40182,40192,10
12.946439743,80.2397384644,40192,40202,10
12.9456796646,80.2394104004,40202,40212,10
12.9449596405,80.2389221191,40212,40223,11
12.9441900253,80.2380981445,40223,40233,10
12.9434700012,80.2373275757,40233,40243,10
12.9426603317,80.2366409302,40243,40251,8
12.9418201447,80.2363433838,40251,40263,12
12.9405097961,80.2360229492,40263,40273,10
12.9397602081,80.235786438,40273,40293,20
12.9397602081,80.235786438,40293,40303,10
12.939499855,80.2356796265,40303,40313,10
12.9388599396,80.2353515625,40313,40324,11
12.9379396439,80.2348937988,40324,40334,10
12.9369802475,80.2343978882,40334,40344,10
12.9358797073,80.2339019775,40344,40354,10
12.9347696304,80.2333831787,40354,40364,10
12.9338998795,80.2330093384,40364,40374,10
12.9337902069,80.2329483032,40374,40384,10
12.9336996078,80.2329025269,40384,40394,10
12.9332799911,80.2326812744,40394,40404,10
12.932559967,80.2323989868,40404,40414,10
12.9316596985,80.2321014404,40414,40424,10
12.9305400848,80.2317428589,40424,40435,11
12.9292802811,80.2314376831,40435,40445,10
12.9282903671,80.231262207,40445,40455,10
12.9271602631,80.2311325073,40455,40465,10
12.9262695313,80.2310409546,40465,40475,10
12.9260501862,80.2310409546,40475,40485,10
12.9257097244,80.2309875488,40485,40495,10
12.9250497818,80.2309188843,40495,40505,10
12.9241600037,80.2308120728,40505,40515,10
12.923119545,80.2306594849,40515,40525,10
12.9219799042,80.2304916382,40525,40535,10
12.9207696915,80.2303237915,40535,40546,11
12.919500351,80.2301483154,40546,40556,10
12.9185495377,80.2300109863,40556,40566,10
12.917429924,80.2298583984,40566,40576,10
12.9161500931,80.2296905518,40576,40586,10
12.9149303436,80.2295227051,40586,40596,10
12.9139499664,80.2293777466,40596,40606,10
12.9132995605,80.2293395996,40606,40616,10
12.9131002426,80.2292785645,40616,40626,10
12.9125299454,80.2291793823,40626,40636,10
12.9117002487,80.229057312,40636,40647,11
12.91065979,80.2289199829,40647,40657,10
12.9096498489,80.228767395,40657,40667,10
12.9088697433,80.2286376953,40667,40677,10
12.9083204269,80.2285614014,40677,40687,10
12.9076404572,80.2284622192,40687,40707,20
12.9076404572,80.2284622192,40707,40717,10
12.9075098038,80.2284164429,40717,40727,10
12.9070396423,80.2283477783,40727,40737,10
12.9064903259,80.2282867432,40737,40748,11
12.9056301117,80.2282409668,40748,40758,10
12.9048204422,80.2282180786,40758,40768,10
12.9040603638,80.228187561,40768,40778,10
12.9030799866,80.2281494141,40778,40788,10
12.9021902084,80.2281112671,40788,40798,10
12.901599884,80.2280807495,40798,40808,10
12.9011497498,80.2280578613,40808,40818,10
12.9006996155,80.2279968262,40818,40828,10
12.9004297256,80.2279815674,40828,40838,10
12.9000501633,80.2279663086,40838,40849,11
12.8998699188,80.2279815674,40849,40859,10
12.899720192,80.2279815674,40859,40869,10
12.8992500305,80.2279510498,40869,40878,9
12.898730278,80.2279129028,40878,40889,11
12.8979597092,80.2278671265,40889,40899,10
12.8971700668,80.2278137207,40899,40909,10
12.8963298798,80.2277832031,40909,40919,10
12.8956203461,80.2277526855,40919,40929,10
12.8949298859,80.2277069092,40929,40939,10
12.894080162,80.2276611328,40939,40949,10
12.8933696747,80.2276077271,40949,40959,10
12.8933095932,80.2276000977,40959,40970,11
12.8932600021,80.2275924683,40970,40980,10
12.8928403854,80.2275238037,40980,40990,10
12.8924798965,80.2274780273,40990,41000,10
12.8924503326,80.2274780273,41000,41010,10
12.8923597336,80.2274017334,41010,41026,16
12.8927001953,80.2273406982,41026,41038,12
12.8932104111,80.2274398804,41038,41048,10
12.893819809,80.2275009155,41048,41058,10
12.8941202164,80.2274780273,41058,41473,415
12.8941202164,80.2274780273,41473,41483,10
12.8945798874,80.2275314331,41483,41493,10
12.8951702118,80.2275619507,41493,41504,11
12.8959999084,80.2276000977,41504,41514,10
12.896780014,80.2276229858,41514,41524,10
12.8975496292,80.2276611328,41524,41534,10
12.8983201981,80.2277374268,41534,41544,10
12.8991203308,80.2277984619,41544,41554,10
12.9000902176,80.2278594971,41554,41564,10
12.9007501602,80.2278594971,41564,41604,40
12.9007701874,80.2279205322,41604,41653,49
12.9007701874,80.2279205322,41653,41663,10
12.9008798599,80.2279815674,41663,41673,10
12.9012298584,80.2279891968,41673,41682,9
12.9016304016,80.2279815674,41682,41693,11
12.9024600983,80.228012085,41693,41723,30
12.9024600983,80.228012085,41723,41734,11
12.9026699066,80.2279815674,41734,41744,10
12.9029903412,80.228012085,41744,41754,10
12.9036798477,80.2280426025,41754,41764,10
12.9046401978,80.2281036377,41764,41774,10
12.9056301117,80.2281188965,41774,41784,10
12.9061403275,80.2281494141,41784,41814,30
12.9061403275,80.2281494141,41814,41825,11
12.9063901901,80.2281570435,41825,41835,10
12.9065999985,80.2281799316,41835,41845,10
12.9069700241,80.2282104492,41845,41855,10
12.9073600769,80.2282485962,41855,41865,10
12.908080101,80.2283782959,41865,41875,10
12.9089803696,80.2285308838,41875,41885,10
12.9098796844,80.2287063599,41885,41895,10
12.9110403061,80.2288970947,41895,41905,10
12.9123001099,80.2290420532,41905,41915,10
12.9134502411,80.2292175293,41915,41926,11
12.9139404297,80.2292633057,41926,41936,10
12.9141798019,80.2292861938,41936,41946,10
12.9147195816,80.2293624878,41946,41956,10
12.9154396057,80.2294692993,41956,41966,10
12.9162397385,80.2296066284,41966,41976,10
12.9169197083,80.2297134399,41976,41986,10
12.9175596237,80.2298126221,41986,41996,10
12.9182796478,80.2298812866,41996,42006,10
12.9191598892,80.2299880981,42006,42016,10
12.9201002121,80.2301101685,42016,42026,10
12.9211101532,80.2302322388,42026,42036,10
12.9221200943,80.2303771973,42036,42047,11
12.9232301712,80.2305526733,42047,42057,10
12.9243297577,80.230682373,42057,42073,16
12.9259500504,80.2308731079,42073,42085,12
12.9263896942,80.2309417725,42085,42095,10
12.9265003204,80.2309570313,42095,42105,10
12.9270200729,80.2310333252,42105,42115,10
12.9277496338,80.2311096191,42115,42125,10
12.9287900925,80.2312393188,42125,42135,10
12.9297504425,80.2314376831,42135,42144,9
12.9306602478,80.2316665649,42144,42156,12
12.9319400787,80.232093811,42156,42166,10
12.9329996109,80.2324523926,42166,42176,10
12.9336795807,80.232749939,42176,42196,20
12.9336795807,80.232749939,42196,42206,10
12.9337396622,80.2328262329,42206,42216,10
12.9341201782,80.233001709,42216,42226,10
12.9348602295,80.2333221436,42226,42236,10
12.9356002808,80.2336425781,42236,42246,10
12.9359397888,80.2338180542,42246,42257,11
12.9363002777,80.2340164185,42257,42267,10
12.9369602203,80.2343063354,42267,42277,10
12.9378499985,80.2347183228,42277,42287,10
12.9388799667,80.2352218628,42287,42297,10
12.9396400452,80.2356185913,42297,42307,10
12.9397802353,80.2356567383,42307,42317,10
12.9399995804,80.2357711792,42317,42327,10
12.9406604767,80.236000061,42327,42337,10
12.9415397644,80.2361984253,42337,42347,10
12.9426002502,80.2365112305,42347,42358,11
12.9436101913,80.2372436523,42358,42368,10
12.9443998337,80.2381286621,42368,42378,10
12.9452600479,80.2390289307,42378,42388,10
12.9463396072,80.2395706177,42388,42398,10
12.9471597672,80.2398986816,42398,42408,10
12.9472999573,80.2399597168,42408,42418,10
12.9476604462,80.2401275635,42418,42428,10
12.9483003616,80.2404022217,42428,42438,10
12.9488201141,80.2405776978,42438,42469,31
12.9488201141,80.2405776978,42469,42479,10
12.9489402771,80.2406768799,42479,42489,10
12.9492998123,80.2408294678,42489,42499,10
12.9499197006,80.2410430908,42499,42509,10
12.9507598877,80.2412796021,42509,42519,10
12.9511499405,80.2414169312,42519,42529,10
12.9512701035,80.2414932251,42529,42539,10
12.9517002106,80.2416381836,42539,42549,10
12.9524002075,80.241897583,42549,42559,10
12.9532403946,80.2422027588,42559,42570,11
12.9540100098,80.2424468994,42570,42580,10
12.9547996521,80.242767334,42580,42590,10
12.955450058,80.2430114746,42590,42600,10
12.9562702179,80.2433013916,42600,42628,28
12.9562702179,80.2433013916,42628,42638,10
12.9565401077,80.2434005737,42638,42648,10
12.9569997787,80.2436218262,42648,42658,10
12.95773983,80.2439575195,42658,42668,10
12.9586000443,80.2443008423,42668,42678,10
12.9589195251,80.2444381714,42678,42689,11
12.9591703415,80.2445983887,42689,42699,10
12.9596204758,80.2448577881,42699,42708,9
12.9603395462,80.2451629639,42708,42719,11
12.9611997604,80.245552063,42719,42729,10
12.9622602463,80.24609375,42729,42739,10
12.9633102417,80.2466201782,42739,42779,40
12.9633102417,80.2466201782,42779,42790,11
12.9635095596,80.2467498779,42790,42800,10
12.9639196396,80.2469329834,42800,42810,10
12.9646596909,80.247177124,42810,42820,10
12.9655799866,80.2474212646,42820,42830,10
12.9669904709,80.2480010986,42830,42850,20
12.9669904709,80.2480010986,42850,42860,10
12.9672803879,80.2481307983,42860,42870,10
12.9680299759,80.2484512329,42870,42880,10
12.9688901901,80.2488021851,42880,42891,11
12.9699897766,80.2492980957,42891,42901,10
12.9711799622,80.2496795654,42901,42911,10
12.9723396301,80.2499923706,42911,42921,10
12.973400116,80.2502365112,42921,42931,10
12.9743404388,80.2505111694,42931,42941,10
12.9754695892,80.2508392334,42941,42951,10
12.9765501022,80.2511978149,42951,42961,10
12.9776096344,80.2516403198,42961,42971,10
12.9785604477,80.2523574829,42971,42981,10
12.9796199799,80.2525787354,42981,42991,10
12.9799499512,80.2524032593,42991,43002,11
12.9800100327,80.2521820068,43002,43012,10
12.9801197052,80.251739502,43012,43028,16
12.9805002213,80.2504425049,43028,43039,11
12.9807195663,80.2493972778,43039,43050,11
12.9808301926,80.2481079102,43050,43060,10
12.9809103012,80.2470779419,43060,43070,10
12.9810199738,80.2459716797,43070,43080,10
12.9811601639,80.2448272705,43080,43090,10
12.9812202454,80.2440032959,43090,43100,10
12.9812297821,80.2438278198,43100,43111,11
12.9812698364,80.2436904907,43111,43121,10
12.9813699722,80.2434768677,43121,43131,10
12.9813995361,80.2432327271,43131,43141,10
12.9813899994,80.2430496216,43141,43150,9
12.9813899994,80.2427902222,43150,43161,11
12.9813995361,80.2424087524,43161,43171,10
12.9813804626,80.2417297363,43171,43181,10
12.9813804626,80.2409973145,43181,43191,10
12.9813699722,80.2404937744,43191,43201,10
12.9813699722,80.240447998,43201,43212,11
12.9813604355,80.2400436401,43212,43222,10
12.9813499451,80.2397384644,43222,43232,10
12.9813499451,80.2397079468,43232,43242,10
12.9813404083,80.2393798828,43242,43252,10
12.9813203812,80.2388305664,43252,43262,10
12.981300354,80.2382125854,43262,43272,10
12.981300354,80.2379989624,43272,43282,10
12.9812803268,80.2378921509,43282,43292,10
12.9812803268,80.237411499,43292,43302,10
12.9812602997,80.2366027832,43302,43312,10
12.9812097549,80.2356109619,43312,43323,11
12.9811897278,80.2345428467,43323,43333,10
12.9812602997,80.2341537476,43333,43343,10
12.9814300537,80.2337799072,43343,43353,10
12.9816398621,80.2333221436,43353,43363,10
12.9816503525,80.2333068848,43363,43373,10
12.9817695618,80.2330780029,43373,43383,10
12.9819602966,80.2325973511,43383,43393,10
12.9820203781,80.2320632935,43393,43403,10
12.9820098877,80.2315826416,43403,43413,10
12.9819602966,80.2312774658,43413,43430,17
12.9815702438,80.2304992676,43430,43442,12
12.9810600281,80.2296905518,43442,43452,10
12.980890274,80.2293930054,43452,43462,10
12.9807500839,80.2291564941,43462,43472,10
12.9806604385,80.229019165,43472,43482,10
12.9805498123,80.2288284302,43482,43491,9
12.9803495407,80.2285003662,43491,43501,10
12.9802103043,80.2281494141,43501,43512,11
12.9798698425,80.2275924683,43512,43522,10
12.9795598984,80.2270736694,43522,43533,11
12.9791603088,80.2263717651,43533,43543,10
12.9787197113,80.2256317139,43543,43553,10
12.9782896042,80.224937439,43553,43563,10
12.9780101776,80.2245864868,43563,43573,10
12.977809906,80.2243423462,43573,43583,10
12.9775400162,80.2238616943,43583,43593,10
12.9771604538,80.2232131958,43593,43603,10
12.9769496918,80.2228469849,43603,43613,10
12.9771995544,80.2227325439,43613,43623,10
12.9774999619,80.22265625,43623,43633,10
12.9775104523,80.222366333,43633,43644,11
12.9774503708,80.2219772339,43644,43654,10
12.9774303436,80.2214889526,43654,43664,10
12.9772796631,80.2213821411,43664,43674,10
12.9767398834,80.221321106,43674,43704,30
12.9765195847,80.2211380005,43704,44027,323
12.9765195847,80.2211380005,44027,44037,10
12.9764995575,80.2209320068,44037,45028,991
12.9764995575,80.2209320068,45028,45039,11
12.9763803482,80.220916748,45039,45049,10
12.9761295319,80.2211608887,45049,45059,10
12.9762802124,80.2215194702,45059,45099,40
12.976360321,80.2218170166,45099,45160,61
12.976360321,80.2218170166,45160,45170,10
12.976559639,80.2221298218,45170,45180,10
12.9766302109,80.222328186,45180,45190,10
12.9767799377,80.2225570679,45190,45200,10
12.9770402908,80.2229690552,45200,45210,10
12.977399826,80.2235412598,45210,45220,10
12.9778299332,80.2241592407,45220,45230,10
12.9781999588,80.2247772217,45230,45241,11
12.9785299301,80.2253036499,45241,45251,10
12.9786195755,80.2254486084,45251,45261,10
12.9788703918,80.2258529663,45261,45271,10
12.9792699814,80.2265396118,45271,45281,10
12.9795799255,80.2270584106,45281,45291,10
12.9799804688,80.2277374268,45291,45301,10
12.9804096222,80.2284927368,45301,45311,10
12.9807100296,80.2290802002,45311,45321,10
12.980919838,80.229598999,45321,45331,10
12.9813699722,80.23021698,45331,45341,10
12.9815502167,80.2304916382,45341,45352,11
12.9818296432,80.2309570313,45352,45362,10
12.9820098877,80.2315979004,45362,45372,10
12.982049942,80.231918335,45372,45388,16
12.982049942,80.2319717407,45388,45400,12
12.982049942,80.2322769165,45400,45410,10
12.9820098877,80.2324829102,45410,45420,10
12.9819698334,80.2326431274,45420,45428,8
12.981880188,80.2328567505,45428,45440,12
12.9817304611,80.2332305908,45440,45450,10
12.9816198349,80.2334823608,45450,45461,11
12.9815101624,80.2337265015,45461,45471,10
12.9812698364,80.2343597412,45471,45481,10
12.9812402725,80.2352218628,45481,45490,9
12.9812498093,80.236076355,45490,45501,11
12.9812698364,80.2372436523,45501,45510,9
12.981300354,80.2379379272,45510,45521,11
12.9813098907,80.238609314,45521,45531,10
12.9813098907,80.2386627197,45531,45540,9
12.9813098907,80.238861084,45540,45551,11
12.9812803268,80.2394332886,45551,45562,11
12.9813098907,80.2400665283,45562,45572,10
12.9813203812,80.2407913208,45572,45582,10
12.9813404083,80.2413787842,45582,45592,10
12.9813404083,80.2420806885,45592,45602,10
12.9813203812,80.2425613403,45602,45612,10
12.9813203812,80.2426223755,45612,45622,10
12.981300354,80.2428512573,45622,45632,10
12.9813203812,80.2433624268,45632,45642,10
12.9812498093,80.2441177368,45642,45652,10
12.9811401367,80.2450637817,45652,45662,10
12.9810199738,80.2460708618,45662,45673,11
12.980919838,80.247253418,45673,45683,10
12.9808397293,80.248298645,45683,45693,10
12.9807500839,80.2493667603,45693,45703,10
12.9805402756,80.2504196167,45703,45713,10
12.9802598953,80.2514724731,45713,45722,9
12.9800796509,80.252166748,45722,45733,11
12.9799604416,80.252571106,45733,45795,62
12.9799604416,80.252571106,45795,45805,10
12.9797096252,80.2528076172,45805,45815,10
12.9789800644,80.2527236938,45815,45825,10
12.9786596298,80.2526321411,45825,45835,10
12.9785804749,80.2525787354,45835,45845,10
12.9781703949,80.252281189,45845,45855,10
12.977519989,80.251701355,45855,45865,10
12.976559639,80.2512435913,45865,45875,10
12.9754400253,80.2509078979,45875,45886,11
12.9741601944,80.2505569458,45886,45896,10
12.9730300903,80.2502365112,45896,45906,10
12.9718399048,80.2499389648,45906,45916,10
12.970700264,80.2496414185,45916,45926,10
12.9695501328,80.2491989136,45926,45936,10
12.9684200287,80.2487335205,45936,45946,10
12.96737957,80.2483062744,45946,45956,10
12.9665002823,80.2478790283,45956,45966,10
12.9656200409,80.2475128174,45966,45976,10
12.9650802612,80.2473678589,45976,45994,18
12.9647197723,80.2472229004,45994,46006,12
12.964099884,80.2470016479,46006,46016,10
12.9637899399,80.246887207,46016,46026,10
12.9633197784,80.2466583252,46026,46036,10
12.9626502991,80.2463226318,46036,46046,10
12.9620399475,80.2460098267,46046,46056,10
12.9610900879,80.2455291748,46056,46065,9
12.9603004456,80.2452011108,46065,46076,11
12.9595098495,80.2448806763,46076,46086,10
12.9594097137,80.2448272705,46086,46096,10
12.9591903687,80.244720459,46096,46107,11
12.9586200714,80.2444610596,46107,46117,10
12.9580402374,80.2442321777,46117,46127,10
12.9575195313,80.2440414429,46127,46137,10
12.9569797516,80.2438735962,46137,46147,10
12.9566602707,80.2437515259,46147,46218,71
12.9566602707,80.2437515259,46218,46228,10
12.9562797546,80.2436218262,46228,46238,10
12.9558696747,80.2434005737,46238,46248,10
12.955160141,80.2430419922,46248,46258,10
12.9544200897,80.2427215576,46258,46268,10
12.9541797638,80.2426223755,46268,46278,10
12.9541101456,80.2425765991,46278,46288,10
12.9538602829,80.2424621582,46288,46298,10
12.9534597397,80.2423019409,46298,46308,10
12.9527997971,80.2420501709,46308,46319,11
12.9521102905,80.2417984009,46319,46329,10
12.9518098831,80.2416992188,46329,46339,10
12.9517803192,80.2416915894,46339,46349,10
12.9513998032,80.2415313721,46349,46359,10
12.9506998062,80.2412796021,46359,46369,10
12.9499998093,80.2410736084,46369,46379,10
12.9491596222,80.2408218384,46379,46389,10
12.9483699799,80.2405014038,46389,46399,10
12.9476604462,80.2402114868,46399,46409,10
12.9473199844,80.2400817871,46409,46420,11
12.9472999573,80.2400665283,46420,46430,10
12.9471597672,80.2400131226,46430,46440,10
12.9467697144,80.2398529053,46440,46450,10
12.9460897446,80.2395706177,46450,46460,10
12.9452295303,80.2390975952,46460,46470,10
12.9444198608,80.2382888794,46470,46480,10
12.943570137,80.2373809814,46480,46490,10
12.9426403046,80.2365875244,46490,46500,10
12.9414997101,80.2362213135,46500,46510,10
12.9405097961,80.236000061,46510,46520,10
12.9398202896,80.235786438,46520,46531,11
12.939740181,80.2357635498,46531,46541,10
12.9394598007,80.2356185913,46541,46551,10
12.9388904572,80.2353210449,46551,46561,10
12.9381103516,80.2349319458,46561,46571,10
12.9371900558,80.2344818115,46571,46581,10
12.9362401962,80.2340393066,46581,46591,10
12.9353504181,80.2336120605,46591,46601,10
12.933839798,80.232963562,46601,46632,31
12.933839798,80.232963562,46632,46642,10
12.9334602356,80.2327575684,46642,46652,10
12.9328098297,80.2324676514,46652,46662,10
12.9319496155,80.2321777344,46662,46672,10
12.930970192,80.2318572998,46672,46682,10
12.9299297333,80.2315826416,46682,46698,16
12.929019928,80.2314071655,46698,46711,13
12.9289598465,80.2313995361,46711,46721,10
12.9285297394,80.2313308716,46721,46731,10
12.9277601242,80.2312011719,46731,46742,11
12.9267196655,80.231086731,46742,46752,10
12.9261302948,80.2310333252,46752,46762,10
12.9259796143,80.231010437,46762,46772,10
12.9254398346,80.2309265137,46772,46782,10
12.9247398376,80.2308273315,46782,46792,10
12.923789978,80.2307434082,46792,46802,10
12.9225597382,80.2305603027,46802,46812,10
12.9212999344,80.2303771973,46812,46821,9
12.92029953,80.2302627563,46821,46831,10
12.919210434,80.2301483154,46831,46842,11
12.9190597534,80.2301330566,46842,46853,11
12.9187602997,80.2300567627,46853,46863,10
12.9181098938,80.2299575806,46863,46873,10
12.9172000885,80.2298278809,46873,46883,10
12.9161500931,80.2296829224,46883,46893,10
12.9150600433,80.2294998169,46893,46903,10
12.9139795303,80.229347229,46903,46913,10
12.9132995605,80.2292861938,46913,46923,10
12.9132604599,80.2292861938,46923,46933,10
12.912899971,80.2292327881,46933,46943,10
12.9121704102,80.2291183472,46943,46954,11
12.9110898972,80.2289733887,46954,46964,10
12.9100198746,80.2288131714,46964,46974,10
12.9089403152,80.2286300659,46974,46984,10
12.907910347,80.2284698486,46984,46994,10
12.9070901871,80.2283706665,46994,47004,10
12.9068803787,80.2283630371,47004,47014,10
12.9064998627,80.2283325195,47014,47024,10
12.9057302475,80.2282485962,47024,47034,10
12.9046802521,80.2281723022,47034,47044,10
12.9035902023,80.2281188965,47044,47054,10
12.9025201797,80.2280883789,47054,47065,11
12.9016103745,80.228012085,47065,47075,10
12.9012403488,80.2280197144,47075,47095,20
12.9012403488,80.2280197144,47095,47105,10
12.9008798599,80.2279815674,47105,47115,10
12.9003896713,80.2279510498,47115,47125,10
12.9000196457,80.2279434204,47125,47135,10
12.8999595642,80.2279205322,47135,47145,10
12.8995504379,80.2278594971,47145,47155,10
12.8989200592,80.2278289795,47155,47165,10
12.8981704712,80.2278289795,47165,47176,11
12.8971700668,80.2277832031,47176,47186,10
12.8962898254,80.2277374268,47186,47196,10
12.8954696655,80.227722168,47196,47206,10
12.8946399689,80.2276916504,47206,47216,10
12.8937301636,80.2276077271,47216,47226,10
12.8931903839,80.2275619507,47226,47236,10
12.8929796219,80.2275238037,47236,47246,10
12.892539978,80.2274703979,47246,47256,10
12.892490387,80.2274475098,47256,47266,10
12.8925800323,80.2272796631,47266,47277,11
12.8928699493,80.2273330688,47277,47287,10
12.8933897018,80.2274017334,47287,47297,10
12.8941001892,80.2274398804,47297,47953,656
12.8941001892,80.2274398804,47953,47963,10
12.8942899704,80.2274932861,47963,47973,10
12.8945999146,80.2275238037,47973,47983,10
12.8951702118,80.2275466919,47983,47993,10
12.8958797455,80.2275772095,47993,48003,10
12.8967895508,80.2276229858,48003,48013,10
12.8978204727,80.2276687622,48013,48023,10
12.8988399506,80.2277297974,48023,48034,11
12.8998699188,80.2277679443,48034,48044,10
12.9003400803,80.2277832031,48044,48064,20
12.9003400803,80.2277832031,48064,48074,10
12.9005203247,80.2277984619,48074,48084,10
12.9008998871,80.2278289795,48084,48094,10
12.9012203217,80.2278823853,48094,48104,10
12.9017696381,80.2279281616,48104,48114,10
12.9024400711,80.2279434204,48114,48125,11
12.9026098251,80.2279281616,48125,48135,10
12.9027099609,80.2279434204,48135,48145,10
12.9031400681,80.2279663086,48145,48155,10
12.9038095474,80.2279968262,48155,48165,10
12.9045495987,80.2280502319,48165,48175,10
12.905380249,80.2281036377,48175,48185,10
12.9061203003,80.2281265259,48185,48195,10
12.9068899155,80.228187561,48195,48215,20
12.9068899155,80.228187561,48215,48225,10
12.9071502686,80.2282562256,48225,48235,10
12.9077501297,80.2283172607,48235,48246,11
12.9087095261,80.2284698486,48246,48256,10
12.9097499847,80.2286529541,48256,48266,10
12.9108800888,80.2288208008,48266,48276,10
12.9119100571,80.2289581299,48276,48286,10
12.9128704071,80.2291030884,48286,48296,10
12.9140796661,80.2292633057,48296,48316,20
12.9140796661,80.2292633057,48316,48326,10
12.9142503738,80.229309082,48326,48336,10
12.9147100449,80.229347229,48336,48347,11
12.9154901505,80.2294769287,48347,48357,10
12.9164600372,80.2296066284,48357,48367,10
12.9174203873,80.2297286987,48367,48377,10
12.918390274,80.2298583984,48377,48387,10
12.9191303253,80.2299499512,48387,48396,9
12.9192695618,80.2299575806,48396,48407,11
12.9195699692,80.2300262451,48407,48417,10
12.9202003479,80.2301025391,48417,48427,10
12.9210300446,80.2302017212,48427,48437,10
12.9219903946,80.2303390503,48437,48447,10
12.9229898453,80.2304992676,48447,48458,11
12.924079895,80.2306365967,48458,48468,10
12.9250898361,80.2307662964,48468,48478,10
12.9260396957,80.2308731079,48478,48488,10
12.9264602661,80.2309188843,48488,48498,10
12.9265203476,80.2309188843,48498,48508,10
12.9269199371,80.23097229,48508,48518,10
12.9275999069,80.231048584,48518,48528,10
12.928730011,80.2312011719,48528,48548,20
12.928730011,80.2312011719,48548,48558,10
12.9289903641,80.2312393188,48558,48569,11
12.9294700623,80.231338501,48569,48579,10
12.9299602509,80.2314300537,48579,48639,60
12.9299602509,80.2314300537,48639,48650,11
12.9302396774,80.231552124,48650,48661,11
12.9309101105,80.2317199707,48661,48671,10
12.9317703247,80.2319793701,48671,48681,10
12.9326496124,80.2322692871,48681,48691,10
12.9337701797,80.232749939,48691,48711,20
12.9337701797,80.232749939,48711,48721,10
12.9339199066,80.2328567505,48721,48731,10
12.9344902039,80.2331314087,48731,48741,10
12.9353103638,80.2334899902,48741,48751,10
12.9361696243,80.2339019775,48751,48761,10
12.9371595383,80.2343826294,48761,48772,11
12.9384098053,80.2349777222,48772,48782,10
12.9393901825,80.2354736328,48782,48792,10
12.9397802353,80.2356567383,48792,48802,10
12.9398002625,80.2357025146,48802,48812,10
12.9401903152,80.2358474731,48812,48822,10
12.9409599304,80.2360534668,48822,48832,10
12.9418802261,80.2362670898,48832,48842,10
12.942899704,80.2366333008,48842,48852,10
12.9437398911,80.2373809814,48852,48862,10
12.9445295334,80.2382583618,48862,48873,11
12.9454698563,80.2391815186,48873,48883,10
12.9464998245,80.2396469116,48883,48893,10
12.9474201202,80.2400131226,48893,48923,30
12.9474201202,80.2400131226,48923,48933,10
12.9475603104,80.2400817871,48933,48943,10
12.9479799271,80.2402496338,48943,48953,10
12.9487400055,80.240562439,48953,48983,30
12.9487400055,80.240562439,48983,48994,11
12.9489898682,80.2406616211,48994,49004,10
12.9494304657,80.2408294678,49004,49014,10
12.9500904083,80.2410430908,49014,49024,10
12.9508304596,80.2412719727,49024,49034,10
12.9511003494,80.2413787842,49034,49044,10
12.9512796402,80.2414474487,49044,49054,10
12.9517803192,80.2416229248,49054,49064,10
12.952460289,80.2418365479,49064,49074,10
12.9532403946,80.2421417236,49074,49084,10
12.9539604187,80.2424316406,49084,49095,11
12.9547395706,80.242729187,49095,49105,10
12.9553899765,80.2429504395,49105,49114,9
12.9563999176,80.2432937622,49114,49135,21
12.9563999176,80.2432937622,49135,49145,10
12.9568996429,80.2434997559,49145,49155,10
12.9576396942,80.2438735962,49155,49165,10
12.9584703445,80.2442016602,49165,49175,10
12.9589195251,80.2444076538,49175,49185,10
12.9590501785,80.2444992065,49185,49195,10
12.9594602585,80.2447280884,49195,49206,11
12.9602804184,80.2450790405,49206,49216,10
12.9611997604,80.2454986572,49216,49226,10
12.9621496201,80.2459564209,49226,49236,10
12.9631595612,80.2464828491,49236,49266,30
12.9631595612,80.2464828491,49266,49276,10
12.9634799957,80.2466964722,49276,49286,10
12.9640302658,80.2469100952,49286,49296,10
12.9647703171,80.2471618652,49296,49307,11
12.9656896591,80.247467041,49307,49317,10
12.9666500092,80.2478637695,49317,49347,30
12.9666500092,80.2478637695,49347,49357,10
12.9668102264,80.2479934692,49357,49367,10
12.9672403336,80.2482070923,49367,49377,10
12.968079567,80.2484970093,49377,49387,10
12.9691095352,80.248878479,49387,49397,10
12.9702596664,80.2493362427,49397,49408,11
12.9716300964,80.2497634888,49408,49418,10
12.9729003906,80.2500991821,49418,49428,10
12.973859787,80.2503509521,49428,49438,10
12.9748401642,80.2506408691,49438,49448,10
12.9759397507,80.2509613037,49448,49458,10
12.9770402908,80.2512817383,49458,49468,10
12.977930069,80.2518768311,49468,49478,10
12.9787302017,80.2524337769,49478,49488,10
12.9795198441,80.2525634766,49488,49498,10
12.9798898697,80.2524719238,49498,49508,10
12.9799499512,80.2523422241,49508,49519,11
12.9800195694,80.2520370483,49519,49529,10
12.9801797867,80.2515029907,49529,49539,10
12.9804296494,80.2506866455,49539,49549,10
12.9806499481,80.249710083,49549,49559,10
12.9807701111,80.2486877441,49559,49575,16
12.980890274,80.2470397949,49575,49587,12
12.9810199738,80.2457427979,49587,49597,10
12.9811296463,80.2447128296,49597,49607,10
12.9811897278,80.2440414429,49607,49617,10
12.9811897278,80.243850708,49617,49628,11
12.9812602997,80.243637085,49628,49638,10
12.9813404083,80.2433929443,49638,49648,10
12.9813499451,80.2431716919,49648,49658,10
12.9813499451,80.243057251,49658,49668,10
12.9813604355,80.2429199219,49668,49677,9
12.9813604355,80.2428817749,49677,49688,11
12.9813699722,80.2425994873,49688,49698,10
12.9813604355,80.2421417236,49698,49708,10
12.9813604355,80.2414398193,49708,49717,9
12.9813604355,80.2406768799,49717,49728,11
12.9813299179,80.2397613525,49728,49739,11
12.9813203812,80.2393722534,49739,49749,10
12.981300354,80.2387771606,49749,49759,10
12.9812803268,80.2382278442,49759,49769,10
12.9812803268,80.2378921509,49769,49779,10
12.9812803268,80.2377090454,49779,49789,10
12.9812602997,80.2371673584,49789,49799,10
12.9812297821,80.2363815308,49799,49809,10
12.9812002182,80.2355728149,49809,49819,10
12.9811897278,80.2347412109,49819,49829,10
12.9813699722,80.23387146,49829,49840,11
12.9816102982,80.2333679199,49840,49850,10
12.9816198349,80.2333602905,49850,49860,10
12.9817800522,80.2330703735,49860,49870,10
12.9819698334,80.2325668335,49870,49880,10
12.9819898605,80.2321395874,49880,49890,10
12.9819898605,80.2317810059,49890,49900,10
12.9819402695,80.2313232422,49900,49910,10
12.9817800522,80.2308273315,49910,49920,10
12.9814796448,80.2302780151,49920,49930,10
12.9810600281,80.2296218872,49930,49940,10
12.9808397293,80.2292404175,49940,49951,11
12.9806804657,80.2289962769,49951,49961,10
12.9804601669,80.2286376953,49961,49971,10
12.9803104401,80.2283096313,49971,49981,10
12.9801397324,80.2279891968,49981,49991,10
12.9797296524,80.2273635864,49991,50001,10
12.9792203903,80.2265319824,50001,50017,16
12.9783697128,80.2251205444,50017,50029,12
12.9780197144,80.2245788574,50029,50039,10
12.9778003693,80.2242965698,50039,50050,11
12.9774703979,80.2237167358,50050,50060,10
12.9771203995,80.2231216431,50060,50070,10
12.976940155,80.2227783203,50070,50080,10
12.9770298004,80.2226486206,50080,50090,10
12.9770803452,80.2226409912,50090,50100,10
12.9773101807,80.22265625,50100,50110,10
12.9774398804,80.2225570679,50110,50120,10
12.9774503708,80.2221832275,50120,50130,10
12.9774303436,80.2216720581,50130,50140,10
12.9774303436,80.2212982178,50140,50150,10
12.9770097733,80.221282959,50150,50279,129
12.9767503738,80.2210998535,50279,51935,1656
12.9767503738,80.2210998535,51935,51945,10
12.9764795303,80.2211990356,51945,51955,10
12.9762001038,80.2212371826,51955,51965,10
12.9761896133,80.2215576172,51965,52016,51
12.9761896133,80.2215576172,52016,52026,10
12.9764499664,80.2219467163,52026,52036,10
12.9766597748,80.2223434448,52036,52046,10
12.9769201279,80.2227630615,52046,52056,10
12.9772500992,80.2233123779,52056,52066,10
12.9776201248,80.2238769531,52066,52076,10
12.9779901505,80.2244873047,52076,52087,11
12.97838974,80.2251281738,52087,52097,10
12.9786901474,80.2256393433,52097,52107,10
12.9790000916,80.2261428833,52107,52117,10
12.9793701172,80.2267379761,52117,52127,10
12.9797096252,80.2273101807,52127,52137,10
12.9800901413,80.2279205322,52137,52147,10
12.9804601669,80.2285919189,52147,52157,10
12.9808101654,80.2291564941,52157,52167,10
12.9809999466,80.2294616699,52167,52177,10
12.9813404083,80.2299804688,52177,52194,17
12.9816799164,80.2305297852,52194,52206,12
12.981880188,80.231010437,52206,52216,10
12.9819698334,80.231628418,52216,52226,10
12.9819803238,80.2323379517,52226,52236,10
12.9817895889,80.2330322266,52236,52246,10
12.9815998077,80.2334823608,52246,52256,10
12.9815597534,80.2335662842,52256,52266,10
12.9813098907,80.2341003418,52266,52276,10
12.9812002182,80.2348937988,52276,52286,10
12.9812297821,80.2358169556,52286,52296,10
12.9812602997,80.2368164063,52296,52307,11
12.9812803268,80.2377319336,52307,52317,10
12.981300354,80.238571167,52317,52327,10
12.981300354,80.2386703491,52327,52337,10
12.981300354,80.2390518188,52337,52347,10
12.981300354,80.2396621704,52347,52357,10
12.9813299179,80.2404022217,52357,52367,10
12.9813404083,80.2412414551,52367,52377,10
12.9813604355,80.2421417236,52377,52387,10
12.9813804626,80.2426071167,52387,52397,10
12.9813604355,80.2427597046,52397,52407,10
12.9813604355,80.2431182861,52407,52418,11
12.981300354,80.2438583374,52418,52428,10
12.9811897278,80.244720459,52428,52438,10
12.9810800552,80.2456893921,52438,52448,10
12.9809703827,80.2466812134,52448,52458,10
12.9808797836,80.2476730347,52458,52468,10
12.9808301926,80.2484817505,52468,52478,10
12.9806900024,80.2496566772,52478,52488,10
12.9804601669,80.2506637573,52488,52498,10
12.9802103043,80.2516479492,52498,52508,10
12.9800596237,80.2521972656,52508,52519,11
12.9799499512,80.2525787354,52519,52619,100
12.9799499512,80.2525787354,52619,52630,11
12.9798202515,80.2529296875,52630,52640,10
12.9792604446,80.2528305054,52640,52650,10
12.9786500931,80.2526931763,52650,52660,10
12.9784698486,80.2525787354,52660,52670,10
12.9779901505,80.2521820068,52670,52680,10
12.9772796631,80.2516021729,52680,52690,10
12.9763002396,80.2512283325,52690,52700,10
12.9752101898,80.2509002686,52700,52710,10
12.9741401672,80.250579834,52710,52720,10
12.9730596542,80.250289917,52720,52731,11
12.9719495773,80.2499923706,52731,52741,10
12.9708995819,80.2497024536,52741,52751,10
12.9698896408,80.2493362427,52751,52761,10
12.9689302444,80.2489471436,52761,52771,10
12.9679899216,80.248588562,52771,52780,9
12.9671201706,80.2482223511,52780,52791,11
12.9662303925,80.2478027344,52791,52801,10
12.9654598236,80.2474899292,52801,52811,10
12.9651203156,80.2473831177,52811,52821,10
12.965089798,80.2473678589,52821,52831,10
12.9646997452,80.2472229004,52831,52842,11
12.96393013,80.2469329834,52842,52852,10
12.9632701874,80.2466278076,52852,52862,10
12.9624099731,80.2462081909,52862,52872,10
12.9614200592,80.2457199097,52872,52882,10
12.9604196548,80.2452392578,52882,52892,10
12.9595298767,80.2448577881,52892,52902,10
12.9592399597,80.244720459,52902,52912,10
12.9586896896,80.2444610596,52912,52922,10
12.9579401016,80.244140625,52922,52932,10
12.9571895599,80.2438812256,52932,52973,41
12.9571895599,80.2438812256,52973,52983,10
12.9570302963,80.2438201904,52983,53064,81
12.9566802979,80.2437133789,53064,53134,70
12.9566802979,80.2437133789,53134,53144,10
12.9562702179,80.243598938,53144,53154,10
12.9557800293,80.243347168,53154,53165,11
12.9549598694,80.2429580688,53165,53175,10
12.9542398453,80.2426376343,53175,53185,10
12.9535303116,80.2423400879,53185,53195,10
12.9527902603,80.2420425415,53195,53205,10
12.9520196915,80.2417526245,53205,53215,10
12.9515800476,80.2416000366,53215,53225,10
12.951379776,80.2415237427,53225,53235,10
12.9507102966,80.2413024902,53235,53245,10
12.9498100281,80.2410430908,53245,53255,10
12.949259758,80.2408905029,53255,53265,10
12.9491996765,80.2408828735,53265,53276,11
12.949139595,80.2408676147,53276,53286,10
12.9487600327,80.2407226563,53286,53296,10
12.9480895996,80.2404327393,53296,53306,10
12.9474201202,80.2401428223,53306,53316,10
12.947259903,80.2400665283,53316,53326,10
12.9471302032,80.2399978638,53326,53336,10
12.9465799332,80.2397766113,53336,53346,10
12.9458198547,80.239440918,53346,53356,10
12.9450798035,80.2390213013,53356,53367,11
12.9443702698,80.2382583618,53367,53377,10
12.9435901642,80.2373962402,53377,53387,10
12.94272995,80.236656189,53387,53397,10
12.9415597916,80.2362518311,53397,53407,10
12.9404001236,80.2359695435,53407,53417,10
12.9397602081,80.2357635498,53417,53427,10
12.9397096634,80.2357177734,53427,53437,10
12.9394302368,80.2355880737,53437,53447,10
12.9388303757,80.2352828979,53447,53457,10
12.9379901886,80.2348632813,53457,53467,10
12.9370603561,80.234413147,53467,53477,10
12.9360799789,80.2339401245,53477,53488,11
12.9349098206,80.2333908081,53488,53498,10
12.9339799881,80.2329788208,53498,53508,10
12.9337997437,80.2328872681,53508,53518,10
12.9336395264,80.2328109741,53518,53528,10
12.933380127,80.2326812744,53528,53538,10
12.9327602386,80.2324371338,53538,53548,10
12.9319400787,80.2321624756,53548,53558,10
12.9309196472,80.2318267822,53558,53568,10
12.9299001694,80.2315826416,53568,53578,10
12.9292497635,80.2314529419,53578,53588,10
12.9291000366,80.2314224243,53588,53599,11
12.928899765,80.2313690186,53599,53609,10
12.9282798767,80.2312469482,53609,53619,10
12.9274902344,80.2311325073,53619,53629,10
12.9262199402,80.2309875488,53629,53649,20
12.9262199402,80.2309875488,53649,53659,10
12.925909996,80.2309188843,53659,53669,10
12.925239563,80.2308273315,53669,53679,10
12.9243297577,80.2307434082,53679,53689,10
12.9231700897,80.2305908203,53689,53700,11
12.9218196869,80.2303771973,53700,53710,10
12.9206199646,80.23021698,53710,53720,10
12.9194898605,80.2301177979,53720,53730,10
12.9191303253,80.2300720215,53730,53740,10
12.9188098907,80.2300262451,53740,53750,10
12.9181203842,80.229927063,53750,53760,10
12.91726017,80.2297973633,53760,53770,10
12.916560173,80.2297134399,53770,53780,10
12.9156198502,80.2295684814,53780,53790,10
12.9146203995,80.2294464111,53790,53800,10
12.9136104584,80.2293167114,53800,53811,11
12.9132900238,80.2292861938,53811,53821,10
12.9128704071,80.2292175293,53821,53831,10
12.9120903015,80.2291183472,53831,53841,10
12.9110898972,80.2289733887,53841,53851,10
12.9099798203,80.2287979126,53851,53861,10
12.908829689,80.2286071777,53861,53871,10
12.9077196121,80.2284393311,53871,53881,10
12.9068202972,80.2283401489,53881,53920,39
12.9068202972,80.2283401489,53920,53930,10
12.9067401886,80.2283325195,53930,53940,10
12.9064102173,80.2282867432,53940,53950,10
12.9058599472,80.2282562256,53950,53959,9
12.904999733,80.2282104492,53959,53970,11
12.9037799835,80.2281417847,53970,53979,9
12.9026603699,80.2280807495,53979,53990,11
12.9015302658,80.2280197144,53990,54000,10
12.9011201859,80.228012085,54000,54030,30
12.9011201859,80.228012085,54030,54041,11
12.9008197784,80.2279510498,54041,54051,10
12.9001998901,80.2279129028,54051,54060,9
12.8994503021,80.2278594971,54060,54071,11
12.8990001678,80.2278671265,54071,54080,9
12.898900032,80.2278823853,54080,54091,11
12.8983697891,80.2278366089,54091,54101,10
12.8975400925,80.2277832031,54101,54111,10
12.8966197968,80.2277297974,54111,54121,10
12.8956203461,80.2276763916,54121,54132,11
12.8945302963,80.2276306152,54132,54141,9
12.8936395645,80.2275619507,54141,54152,11
12.8927402496,80.2274627686,54152,54162,10
12.8924398422,80.227432251,54162,54172,10
12.8923902512,80.2273483276,54172,54182,10
12.8925895691,80.2272796631,54182,54192,10
12.8929395676,80.2273406982,54192,54202,10
12.8935699463,80.2274398804,54202,54212,10
12.8940696716,80.2274627686,54212,54869,657
12.8940696716,80.2274627686,54869,54879,10
12.8945398331,80.2275390625,54879,54889,10
12.8951797485,80.2275695801,54889,54899,10
12.8960399628,80.2276000977,54899,54909,10
12.8968696594,80.2276306152,54909,54919,10
12.8977203369,80.2276687622,54919,54929,10
12.8985395432,80.227722168,54929,54938,9
12.899310112,80.2277679443,54938,54949,11
12.9000902176,80.2278213501,54949,54959,10
12.900179863,80.2278213501,54959,54969,10
12.9003000259,80.2278366089,54969,54979,10
12.9006299973,80.2278594971,54979,54990,11
12.9010601044,80.2278671265,54990,55000,10
12.9015598297,80.227897644,55000,55010,10
12.9026203156,80.2279510498,55010,55030,20
12.9026203156,80.2279510498,55030,55040,10
12.9026603699,80.2279510498,55040,55050,10
12.9030199051,80.2279815674,55050,55060,10
12.9036502838,80.228012085,55060,55070,10
12.9043798447,80.2280502319,55070,55081,11
12.9053697586,80.2281036377,55081,55091,10
12.9059200287,80.2280883789,55091,55111,20
12.9059200287,80.2280883789,55111,55121,10
12.9060297012,80.2281570435,55121,55131,10
12.9063796997,80.228187561,55131,55141,10
12.9066696167,80.2282028198,55141,55151,10
12.9068803787,80.2282180786,55151,55161,10
12.9070796967,80.2282562256,55161,55171,10
12.9076700211,80.2283401489,55171,55181,10
12.9084701538,80.2284698486,55181,55191,10
12.9094696045,80.2286224365,55191,55202,11
12.9106197357,80.2288131714,55202,55212,10
12.9117002487,80.2289810181,55212,55222,10
12.912779808,80.2291183472,55222,55232,10
12.9136896133,80.2292480469,55232,55242,10
12.9139604568,80.2293167114,55242,55252,10
12.9140796661,80.229347229,55252,55262,10
12.914560318,80.2294311523,55262,55272,10
12.9153995514,80.2295303345,55272,55282,10
12.9165296555,80.2296905518,55282,55292,10
12.9178104401,80.2298202515,55292,55303,11
12.918970108,80.2299575806,55303,55313,10
12.9191398621,80.2299804688,55313,55323,10
12.9194202423,80.2300186157,55323,55333,10
12.9201498032,80.2301177979,55333,55343,10
12.9210700989,80.2302627563,55343,55353,10
12.9222097397,80.2304077148,55353,55363,10
12.923500061,80.2305908203,55363,55373,10
12.9248399734,80.2307815552,55373,55383,10
12.9258403778,80.2309036255,55383,55393,10
12.9261798859,80.2309494019,55393,55403,10
12.9265403748,80.231010437,55403,55414,11
12.9273195267,80.231086731,55414,55424,10
12.9282598495,80.2312088013,55424,55434,10
12.9292802811,80.2313766479,55434,55444,10
12.9303197861,80.2316131592,55444,55454,10
12.9314098358,80.2319412231,55454,55464,10
12.9324598312,80.2322998047,55464,55474,10
12.9333295822,80.2326202393,55474,55484,10
12.933549881,80.2327194214,55484,55494,10
12.9336500168,80.2327728271,55494,55504,10
12.9339799881,80.2329406738,55504,55515,11
12.9347000122,80.2332611084,55515,55525,10
12.9355201721,80.2336196899,55525,55535,10
12.9363002777,80.2340087891,55535,55545,10
12.9372901917,80.2344818115,55545,55555,10
12.9384202957,80.2350311279,55555,55565,10
12.9396400452,80.2356185913,55565,55585,20
12.9396400452,80.2356185913,55585,55595,10
12.9398403168,80.2357177734,55595,55605,10
12.9404602051,80.2359313965,55605,55616,11
12.9414300919,80.2361831665,55616,55626,10
12.942489624,80.2364730835,55626,55636,10
12.9434099197,80.2370834351,55636,55646,10
12.9441900253,80.237953186,55646,55656,10
12.9449596405,80.2388000488,55656,55666,10
12.9459104538,80.2394104004,55666,55676,10
12.9468603134,80.2397994995,55676,55686,10
12.947259903,80.2399673462,55686,55696,10
12.9474201202,80.2400512695,55696,55706,10
12.9478702545,80.2402420044,55706,55716,10
12.9484195709,80.2404403687,55716,55726,10
12.9489402771,80.2406616211,55726,55737,11
12.9493303299,80.2408065796,55737,55747,10
12.9498796463,80.2409820557,55747,55757,10
12.9506397247,80.2412033081,55757,55767,10
12.9510097504,80.241317749,55767,55777,10
12.9511299133,80.2413711548,55777,55787,10
12.9514198303,80.2414932251,55787,55798,11
12.9518604279,80.2416610718,55798,55809,11
12.9523897171,80.241859436,55809,55819,10
12.9531002045,80.2421264648,55819,55829,10
12.9538002014,80.242401123,55829,55840,11
12.9542798996,80.2425918579,55840,55850,10
12.9549503326,80.2428436279,55850,55860,10
12.955739975,80.2431030273,55860,55870,10
12.9562997818,80.2432785034,55870,55890,20
12.9562997818,80.2432785034,55890,55900,10
12.9567899704,80.2434921265,55900,55910,10
12.9574899673,80.2438583374,55910,55920,10
12.9582901001,80.2442169189,55920,55930,10
12.9591798782,80.2445907593,55930,55940,10
12.9602203369,80.2450790405,55940,55951,11
12.9614896774,80.2456817627,55951,55961,10
12.9625301361,80.2461776733,55961,55971,10
12.96296978,80.246421814,55971,55981,10
12.9630002975,80.2464370728,55981,55991,10
12.9631996155,80.2464981079,55991,56001,10
12.9635601044,80.2466583252,56001,56011,10
12.9639902115,80.2468566895,56011,56021,10
12.9645795822,80.2471008301,56021,56031,10
12.9653997421,80.2473983765,56031,56041,10
12.9662799835,80.2477264404,56041,56052,11
12.9666795731,80.2479324341,56052,56062,10
12.9668998718,80.2480621338,56062,56072,10
12.9670000076,80.2481231689,56072,56081,9
12.9673500061,80.248298645,56081,56092,11
12.9682598114,80.2486724854,56092,56102,10
12.9693698883,80.2490692139,56102,56112,10
12.9706401825,80.2495574951,56112,56122,10
12.9720201492,80.2499465942,56122,56132,10
12.9730501175,80.250213623,56132,56142,10
12.9743204117,80.250541687,56142,56152,10
12.9754600525,80.2508773804,56152,56163,11
12.9767799377,80.2512435913,56163,56173,10
12.9775800705,80.2516403198,56173,56183,10
12.9783496857,80.2522583008,56183,56193,10
12.9791498184,80.2525634766,56193,56203,10
12.9798898697,80.2523422241,56203,56223,20
12.9798898697,80.2523422241,56223,56233,10
12.9799404144,80.2520828247,56233,56243,10
12.9800596237,80.251701355,56243,56253,10
12.9802703857,80.2510375977,56253,56263,10
12.9804897308,80.2501983643,56263,56274,11
12.9806804657,80.249130249,56274,56284,10
12.9807701111,80.2481231689,56284,56294,10
12.9808597565,80.2470779419,56294,56304,10
12.9809799194,80.2460479736,56304,56314,10
12.981089592,80.2450714111,56314,56324,10
12.9811201096,80.2444763184,56324,56334,10
12.9811401367,80.2444000244,56334,56344,10
12.9811601639,80.2442016602,56344,56354,10
12.9811697006,80.2440567017,56354,56375,21
12.9811697006,80.2440567017,56375,56385,10
12.9812202454,80.2437362671,56385,56395,10
12.9813098907,80.243598938,56395,56405,10
12.9813404083,80.2432327271,56405,56415,10
12.9813699722,80.2429122925,56415,56425,10
12.9813699722,80.2428970337,56425,56435,10
12.9813804626,80.2425765991,56435,56445,10
12.9813699722,80.2421875,56445,56455,10
12.9813404083,80.2414627075,56455,56466,11
12.9813203812,80.2404327393,56466,56475,9
12.981300354,80.2397232056,56475,56486,11
12.9812898636,80.2393417358,56486,56496,10
12.9812803268,80.2386779785,56496,56506,10
12.9812602997,80.2380065918,56506,56516,10
12.9812602997,80.2379226685,56516,56526,10
12.9812498093,80.2377319336,56526,56536,10
12.9812202454,80.2374420166,56536,56546,10
12.9812097549,80.2367782593,56546,56556,10
12.981180191,80.2358932495,56556,56566,10
12.9811601639,80.234992981,56566,56576,10
12.9811897278,80.2342681885,56576,56587,11
12.9814996719,80.2334823608,56587,56597,10
12.9816102982,80.233253479,56597,56607,10
12.9816598892,80.2331314087,56607,56617,10
12.9818401337,80.2327194214,56617,56627,10
12.9819602966,80.2321777344,56627,56637,10
12.9819402695,80.2319030762,56637,56647,10
12.9819097519,80.2313766479,56647,56657,10
12.9817695618,80.2309036255,56657,56667,10
12.9815502167,80.2304763794,56667,56677,10
12.9811496735,80.2298126221,56677,56687,10
12.9808797836,80.2294006348,56687,56698,11
12.9806404114,80.229019165,56698,56718,20
12.9806404114,80.229019165,56718,56728,10
12.9805603027,80.2288284302,56728,56738,10
12.9803304672,80.2284393311,56738,56748,10
12.9801397324,80.2280426025,56748,56758,10
12.9798402786,80.2275314331,56758,56768,10
12.979470253,80.2269363403,56768,56778,10
12.9790802002,80.2262802124,56778,56788,10
12.9786300659,80.2255401611,56788,56799,11
12.9781703949,80.2248001099,56799,56809,10
12.9778795242,80.2243881226,56809,56819,10
12.9775896072,80.2238998413,56819,56829,10
12.9772396088,80.2233200073,56829,56839,10
12.9769601822,80.2228164673,56839,56849,10
12.9770898819,80.2226791382,56849,56869,20
12.9770898819,80.2226791382,56869,56879,10
12.9772396088,80.2226715088,56879,56895,16
12.977519989,80.2224884033,56895,56907,12
12.9774999619,80.2220535278,56907,56918,11
12.9774503708,80.221321106,56918,56937,19
12.9774503708,80.221321106,56937,56948,11
12.9770097733,80.2212371826,56948,56958,10
12.9765195847,80.2212371826,56958,57161,203
12.9765195847,80.2212371826,57161,57171,10
12.9762802124,80.2212371826,57171,57868,697
12.9762802124,80.2212371826,57868,57878,10
12.9761400223,80.2212600708,57878,57888,10
12.9760198593,80.2213363647,57888,57898,10
12.9760904312,80.2215576172,57898,57989,91
12.9760904312,80.2215576172,57989,57999,10
12.9763202667,80.2219085693,57999,58009,10
12.9764995575,80.2221984863,58009,58019,10
12.9766998291,80.2225189209,58019,58029,10
12.9768896103,80.2228469849,58029,58039,10
12.9771299362,80.2232589722,58039,58049,10
12.9774103165,80.2237014771,58049,58059,10
12.9777297974,80.2241821289,58059,58070,11
12.9780902863,80.2247467041,58070,58080,10
12.9784097672,80.2252807617,58080,58090,10
12.9785404205,80.2254486084,58090,58100,10
12.9786996841,80.2257232666,58100,58110,10
12.9790096283,80.2262268066,58110,58120,10
12.9793901443,80.2268829346,58120,58130,10
12.9798002243,80.2275466919,58130,58140,10
12.9802598953,80.2283096313,58140,58150,10
12.9807100296,80.2290725708,58150,58160,10
12.9811201096,80.2297134399,58160,58170,10
12.9815502167,80.2303695679,58170,58187,17
12.9816904068,80.2306137085,58187,58199,12
12.9818496704,80.2309188843,58199,58209,10
12.9820404053,80.2314376831,58209,58219,10
12.9820804596,80.2321395874,58219,58227,8
12.9819803238,80.232711792,58227,58239,12
12.9817495346,80.2332763672,58239,58249,10
12.9816799164,80.2334823608,58249,58259,10
12.9816398621,80.2335662842,58259,58269,10
12.9814596176,80.2339630127,58269,58279,10
12.9812402725,80.2346725464,58279,58289,10
12.9812402725,80.2356033325,58289,58300,11
12.9812803268,80.2367172241,58300,58309,9
12.981300354,80.2376403809,58309,58320,11
12.9813404083,80.2386398315,58320,58331,11
12.9813404083,80.2387466431,58331,58341,10
12.9813203812,80.239151001,58341,58351,10
12.9813404083,80.2397994995,58351,58361,10
12.9813699722,80.2405929565,58361,58371,10
12.9813804626,80.2414779663,58371,58381,10
12.9813899994,80.2422332764,58381,58391,10
12.9814100266,80.2427062988,58391,58402,11
12.9813995361,80.2428207397,58402,58412,10
12.9813804626,80.2431335449,58412,58422,10
12.9813699722,80.2436599731,58422,58432,10
12.9812602997,80.2443313599,58432,58442,10
12.9811296463,80.2452392578,58442,58452,10
12.9809999466,80.246383667,58452,58462,10
12.9808797836,80.2476577759,58462,58472,10
12.9807901382,80.2489013672,58472,58482,10
12.9806404114,80.2500228882,58482,58493,11
12.9803304672,80.2512207031,58493,58504,11
12.9801197052,80.2520980835,58504,58514,10
12.980050087,80.2523574829,58514,58524,10
12.9799804688,80.2526626587,58524,58534,10
12.9799203873,80.252822876,58534,58544,10
12.9796895981,80.2528533936,58544,58554,10
12.979180336,80.2527694702,58554,58564,10
12.978679657,80.2526779175,58564,58574,10
12.9786300659,80.2526626587,58574,58584,10
12.9783401489,80.2524719238,58584,58594,10
12.9778604507,80.2520370483,58594,58605,11
12.9771699905,80.2515182495,58605,58615,10
12.9762496948,80.2511901855,58615,58625,10
12.9752702713,80.2508926392,58625,58635,10
12.9742097855,80.2505874634,58635,58645,10
12.9731197357,80.250289917,58645,58655,10
12.9720001221,80.25,58655,58665,10
12.9708795547,80.2496871948,58665,58675,10
12.9697799683,80.2492980957,58675,58685,10
12.9687004089,80.2488632202,58685,58694,9
12.9677200317,80.2484664917,58694,58705,11
12.9668502808,80.2480773926,58705,58715,10
12.9660797119,80.2477264404,58715,58726,11
12.9652996063,80.2474594116,58726,58736,10
12.9651403427,80.2474212646,58736,58746,10
12.9647197723,80.2472686768,58746,58756,10
12.9640398026,80.2470092773,58756,58766,10
12.96352005,80.2468032837,58766,58776,10
12.9628896713,80.2464675903,58776,58786,10
12.962100029,80.2460632324,58786,58796,10
12.961139679,80.2455978394,58796,58806,10
12.9601602554,80.2451629639,58806,58816,10
12.9595298767,80.2448883057,58816,58827,11
12.9594202042,80.2448425293,58827,58837,10
12.9589004517,80.2446212769,58837,58847,10
12.95814991,80.2442932129,58847,58857,10
12.9575796127,80.2440719604,58857,58867,10
12.9570503235,80.2439193726,58867,58877,10
12.9567899704,80.2438583374,58877,58917,40
12.956609726,80.2437973022,58917,58968,51
12.956609726,80.2437973022,58968,58978,10
12.9564599991,80.2437591553,58978,59018,40
12.9564599991,80.2437591553,59018,59029,11
12.9562501907,80.2436904907,59029,59039,10
12.9558801651,80.2434768677,59039,59049,10
12.955160141,80.2430877686,59049,59059,10
12.9542798996,80.2427062988,59059,59069,10
12.9533004761,80.2423019409,59069,59079,10
12.9523601532,80.2419281006,59079,59089,10
12.9517202377,80.2417221069,59089,59099,10
12.9516201019,80.2416915894,59099,59109,10
12.9511203766,80.2415084839,59109,59119,10
12.9503803253,80.2412719727,59119,59129,10
12.949549675,80.2410202026,59129,59139,10
12.9491796494,80.2408981323,59139,59150,11
12.9491701126,80.2408981323,59150,59160,10
12.9489803314,80.2408294678,59160,59170,10
12.9484596252,80.2406005859,59170,59180,10
12.9477500916,80.2403030396,59180,59190,10
12.9469900131,80.2399902344,59190,59200,10
12.9467697144,80.2398986816,59200,59210,10
12.9465799332,80.2398300171,59210,59220,10
12.946100235,80.239616394,59220,59230,10
12.9454202652,80.2392730713,59230,59241,11
12.9446802139,80.2386016846,59241,59251,10
12.943980217,80.2378311157,59251,59261,10
12.9432096481,80.2370376587,59261,59271,10
12.9422597885,80.2364501953,59271,59281,10
12.9411201477,80.2361602783,59281,59291,10
12.940079689,80.2359085083,59291,59301,10
12.9396896362,80.2357788086,59301,59311,10
12.9395399094,80.2357177734,59311,59321,10
12.9390802383,80.2354888916,59321,59331,10
12.9383602142,80.2351074219,59331,59341,10
12.9374303818,80.2346420288,59341,59352,11
12.9364004135,80.2341537476,59352,59362,10
12.9356203079,80.2337722778,59362,59372,10
12.934800148,80.2333984375,59372,59382,10
12.9339599609,80.2330322266,59382,59392,10
12.9338197708,80.232963562,59392,59402,10
12.9334602356,80.2327880859,59402,59412,10
12.932800293,80.2324981689,59412,59422,10
12.9319400787,80.2322006226,59422,59432,10
12.9309396744,80.231880188,59432,59442,10
12.9299402237,80.2315979004,59442,59452,10
12.9292201996,80.2314605713,59452,59463,11
12.9286298752,80.231338501,59463,59473,10
12.9277601242,80.2312088013,59473,59483,10
12.9267101288,80.231086731,59483,59493,10
12.9261302948,80.2310333252,59493,59503,10
12.9261102676,80.2310333252,59503,59519,16
12.9254798889,80.2309494019,59519,59531,12
12.9245195389,80.2308425903,59531,59541,10
12.9235401154,80.2307128906,59541,59551,10
12.9224300385,80.2305374146,59551,59561,10
12.9213399887,80.2303619385,59561,59572,11
12.9202203751,80.2302322388,59572,59582,10
12.9193897247,80.2301483154,59582,59592,10
12.9192199707,80.230140686,59592,59602,10
12.9189996719,80.2300872803,59602,59612,10
12.918390274,80.2300109863,59612,59622,10
12.9176397324,80.2298965454,59622,59631,9
12.9167995453,80.2297897339,59631,59642,11
12.9157304764,80.229637146,59642,59651,9
12.9148397446,80.2294998169,59651,59661,10
12.9133195877,80.2293395996,59661,59683,22
12.9133195877,80.2293395996,59683,59693,10
12.9129695892,80.2292785645,59693,59703,10
12.9123096466,80.2291793823,59703,59713,10
12.9114198685,80.2290420532,59713,59723,10
12.9104099274,80.2288894653,59723,59733,10
12.9093198776,80.2286987305,59733,59743,10
12.9081802368,80.2285079956,59743,59753,10
12.907119751,80.2283477783,59753,59763,10
12.9065303802,80.2283096313,59763,59774,11
12.9062099457,80.2282867432,59774,59784,10
12.9061203003,80.2282791138,59784,59794,10
12.9055900574,80.2282409668,59794,59804,10
12.9047803879,80.228187561,59804,59814,10
12.9037799835,80.2281417847,59814,59824,10
12.9026699066,80.2280807495,59824,59834,10
12.90184021,80.2280197144,59834,59844,10
12.9012699127,80.2279968262,59844,59854,10
12.9006204605,80.2279586792,59854,59864,10
12.8998498917,80.2279205322,59864,59885,21
12.8998498917,80.2279205322,59885,59895,10
12.8996696472,80.227897644,59895,59905,10
12.8991298676,80.2278671265,59905,59915,10
12.8982801437,80.2278213501,59915,59925,10
12.8972196579,80.2277526855,59925,59935,10
12.8960199356,80.2277069092,59935,59945,10
12.8948001862,80.2276611328,59945,59955,10
12.8935699463,80.2275695801,59955,59965,10
12.8927602768,80.2274780273,59965,59975,10
12.892370224,80.2273864746,59975,59985,10
12.892539978,80.2272720337,59985,59996,11
12.8929395676,80.2273483276,59996,60006,10
12.8935499191,80.2274169922,60006,60016,10
12.894109726,80.2274627686,60016,60763,747
12.894109726,80.2274627686,60763,60773,10
12.8944101334,80.2275619507,60773,60783,10
12.8949203491,80.2275924683,60783,60793,10
12.8955898285,80.2276229858,60793,60803,10
12.8963403702,80.2276535034,60803,60813,10
12.8971204758,80.2276763916,60813,60823,10
12.8978900909,80.2277374268,60823,60833,10
12.8987503052,80.2277832031,60833,60843,10
12.8996801376,80.2278518677,60843,60854,11
12.9006700516,80.227897644,60854,60864,10
12.9010000229,80.2279205322,60864,60874,10
12.9013004303,80.2279434204,60874,60884,10
12.9016199112,80.2279586792,60884,60894,10
12.9019603729,80.2279663086,60894,60904,10
12.9021396637,80.2279815674,60904,60914,10
12.9024400711,80.2279891968,60914,60995,81
12.9024400711,80.2279891968,60995,61005,10
12.9026603699,80.2279968262,61005,61015,10
12.9028701782,80.2279891968,61015,61025,10
12.9029302597,80.2279891968,61025,61035,10
12.903260231,80.2279815674,61035,61045,10
12.9035701752,80.2280273438,61045,61056,11
12.9040403366,80.2280731201,61056,61066,10
12.9046897888,80.2281112671,61066,61076,10
12.9054298401,80.2281570435,61076,61086,10
12.9062204361,80.228187561,61086,61096,10
12.9068002701,80.2282333374,61096,61106,10
12.9069700241,80.2282409668,61106,61116,10
12.9071102142,80.2282409668,61116,61126,10
12.9075298309,80.228302002,61126,61136,10
12.9083003998,80.2284317017,61136,61146,10
12.9091300964,80.2285766602,61146,61157,11
12.9102096558,80.2287597656,61157,61167,10
12.9112901688,80.2289199829,61167,61177,10
12.9123296738,80.2290802002,61177,61187,10
12.9132699966,80.2292175293,61187,61197,10
12.9138803482,80.2292861938,61197,61207,10
12.9139995575,80.229309082,61207,61217,10
12.9143400192,80.2293624878,61217,61227,10
12.9149999619,80.2294311523,61227,61237,10
12.9158496857,80.2295608521,61237,61247,10
12.9168195724,80.2296905518,61247,61257,10
12.9176101685,80.2298126221,61257,61268,11
12.9184999466,80.2299423218,61268,61278,10
12.9190502167,80.2300415039,61278,61288,10
12.9194097519,80.2300567627,61288,61298,10
12.9196500778,80.2300872803,61298,61308,10
12.9202804565,80.2301712036,61308,61318,10
12.9211397171,80.2302780151,61318,61328,10
12.9220695496,80.2304077148,61328,61338,10
12.9230203629,80.2305603027,61338,61348,10
12.9240102768,80.2307128906,61348,61358,10
12.925069809,80.2308425903,61358,61368,10
12.9259796143,80.2309417725,61368,61378,10
12.9262800217,80.2309570313,61378,61389,11
12.9264497757,80.23097229,61389,61399,10
12.9269199371,80.2310333252,61399,61409,10
12.9276800156,80.2311325073,61409,61419,10
12.9285001755,80.2312393188,61419,61435,16
12.928899765,80.2313079834,61435,61447,12
12.9294700623,80.2314224243,61447,61457,10
12.9302196503,80.2315979004,61457,61467,10
12.9311304092,80.2318572998,61467,61477,10
12.9320402145,80.2321472168,61477,61488,11
12.9330396652,80.2324981689,61488,61498,10
12.9336500168,80.232749939,61498,61508,10
12.9337396622,80.2328033447,61508,61518,10
12.934009552,80.2329330444,61518,61528,10
12.9346599579,80.2332229614,61528,61538,10
12.9353704453,80.2335510254,61538,61548,10
12.9363002777,80.2339782715,61548,61558,10
12.9371900558,80.2343978882,61558,61568,10
12.9381103516,80.2348480225,61568,61579,11
12.9390201569,80.2352905273,61579,61590,11
12.9395704269,80.2355575562,61590,61599,9
12.9395999908,80.2355804443,61599,61610,11
12.9398403168,80.2357177734,61610,61620,10
12.9404296875,80.2359237671,61620,61630,10
12.9412002563,80.2361297607,61630,61640,10
12.9421300888,80.2363586426,61640,61650,10
12.9431295395,80.2368087769,61650,61660,10
12.9439697266,80.2376480103,61660,61670,10
12.9446401596,80.2383804321,61670,61680,10
12.9456501007,80.2393188477,61680,61691,11
12.9467000961,80.2397689819,61691,61701,10
12.9471998215,80.2399597168,61701,61711,10
12.9472503662,80.239982605,61711,61721,10
12.9475097656,80.2400970459,61721,61731,10
12.9480495453,80.2403335571,61731,61741,10
12.9488801956,80.2406387329,61741,61791,50
12.9488801956,80.2406387329,61791,61802,11
12.9491195679,80.240737915,61802,61812,10
12.9497098923,80.2409515381,61812,61822,10
12.9505701065,80.2412109375,61822,61832,10
12.9511899948,80.2413864136,61832,61842,10
12.951210022,80.2414016724,61842,61852,10
12.9513502121,80.2414474487,61852,61862,10
12.9518499374,80.2416305542,61862,61872,10
12.952630043,80.2419281006,61872,61882,10
12.9535303116,80.2423019409,61882,61892,10
12.9542703629,80.2425689697,61892,61902,10
12.9549999237,80.2428512573,61902,61913,11
12.9556903839,80.2430877686,61913,61923,10
12.9561595917,80.2432785034,61923,61931,8
12.956319809,80.243347168,61931,61952,21
12.956319809,80.243347168,61952,61963,11
12.9564695358,80.2434310913,61963,61973,10
12.9568901062,80.2436218262,61973,61983,10
12.9575901031,80.2439422607,61983,61994,11
12.9589500427,80.2444610596,61994,62014,20
12.9589500427,80.2444610596,62014,62025,11
12.9590902328,80.2445373535,62025,62035,10
12.9594802856,80.2447280884,62035,62045,10
12.9600696564,80.2450027466,62045,62055,10
12.9608402252,80.2453536987,62055,62065,10
12.9617395401,80.2457809448,62065,62075,10
12.9628295898,80.2463226318,62075,62113,38
12.9628295898,80.2463226318,62113,62124,11
12.9629096985,80.2464370728,62124,62134,10
12.9631795883,80.24659729,62134,62144,10
12.9636697769,80.2468338013,62144,62154,10
12.9642400742,80.2470474243,62154,62164,10
12.9649600983,80.2472763062,62164,62174,10
12.9657001495,80.2474899292,62174,62184,10
12.9663696289,80.2477493286,62184,62194,10
12.9666595459,80.2478637695,62194,62204,10
12.9666700363,80.2478637695,62204,62214,10
12.9667701721,80.2479400635,62214,62226,12
12.967089653,80.2481307983,62226,62235,9
12.9674797058,80.2483062744,62235,62246,11
12.9682798386,80.2486190796,62246,62256,10
12.9690799713,80.2489013672,62256,62266,10
12.970000267,80.2492599487,62266,62276,10
12.9709300995,80.2496032715,62276,62286,10
12.9719200134,80.2498931885,62286,62296,10
12.9729404449,80.2501907349,62296,62306,10
12.9737596512,80.2504119873,62306,62316,10
12.9746103287,80.2506637573,62316,62327,11
12.9757604599,80.2509918213,62327,62337,10
12.976770401,80.2512817383,62337,62347,10
12.9777097702,80.2517471313,62347,62357,10
12.9783000946,80.252243042,62357,62367,10
12.9786500931,80.2524719238,62367,62377,10
12.978969574,80.2525787354,62377,62387,10
12.9793195724,80.2526016235,62387,62397,10
12.9796199799,80.2526016235,62397,62407,10
12.9799203873,80.2523803711,62407,62438,31
12.9799203873,80.2523803711,62438,62448,10
12.9799995422,80.2521820068,62448,62458,10
12.9800796509,80.2518386841,62458,62468,10
12.9802598953,80.2512435913,62468,62478,10
12.9804897308,80.2504577637,62478,62488,10
12.9806699753,80.2495574951,62488,62498,10
12.9807500839,80.2485961914,62498,62507,9
12.9808101654,80.2476882935,62507,62517,10
12.980890274,80.2466583252,62517,62528,11
12.9810199738,80.2454910278,62528,62539,11
12.9811201096,80.2444610596,62539,62549,10
12.9811496735,80.2439575195,62549,62569,20
12.9811496735,80.2439575195,62569,62579,10
12.9812803268,80.2436065674,62579,62589,10
12.9813203812,80.2433395386,62589,62599,10
12.9813404083,80.2429580688,62599,62609,10
12.9813404083,80.2428436279,62609,62619,10
12.9813499451,80.2426681519,62619,62629,10
12.9813604355,80.2424087524,62629,62639,10
12.9813404083,80.2419815063,62639,62650,11
12.9813404083,80.2412261963,62650,62660,10
12.9813299179,80.2405014038,62660,62670,10
12.9813098907,80.2399520874,62670,62680,10
12.9813098907,80.2397079468,62680,62690,10
12.9812898636,80.2392425537,62690,62700,10
12.9812698364,80.2386016846,62700,62710,10
12.9812602997,80.2379989624,62710,62720,10
12.9812498093,80.2379226685,62720,62730,10
12.9812498093,80.2376098633,62730,62740,10
12.9812297821,80.2369766235,62740,62751,11
12.9812002182,80.2360610962,62751,62761,10
12.981180191,80.2352523804,62761,62771,10
12.981180191,80.2346115112,62771,62781,10
12.9813098907,80.2340011597,62781,62791,10
12.9814796448,80.2336273193,62791,62801,10
12.9815998077,80.2333831787,62801,62817,16
12.9816799164,80.2332000732,62817,62829,12
12.9818496704,80.2328414917,62829,62839,10
12.9819498062,80.2325592041,62839,62849,10
12.982000351,80.2322463989,62849,62859,10
12.9819803238,80.231918335,62859,62870,11
12.9819202423,80.2314605713,62870,62880,10
12.9818201065,80.2310409546,62880,62890,10
12.9816904068,80.230758667,62890,62900,10
12.9814596176,80.2303771973,62900,62910,10
12.9811496735,80.229850769,62910,62920,10
12.980919838,80.2294692993,62920,62930,10
12.9807500839,80.2291793823,62930,62940,10
12.980629921,80.2290267944,62940,62950,10
12.9806003571,80.2289810181,62950,62961,11
12.980389595,80.2286605835,62961,62971,10
12.9802503586,80.2283172607,62971,62981,10
12.9799499512,80.2278137207,62981,62991,10
12.9794998169,80.2270584106,62991,63001,10
12.9790802002,80.226348877,63001,63011,10
12.9785995483,80.2255401611,63011,63021,10
12.9783000946,80.2250289917,63021,63031,10
12.9782600403,80.2249679565,63031,63041,10
12.9782104492,80.2248764038,63041,63051,10
12.9779901505,80.2245864868,63051,63061,10
12.9777603149,80.2242889404,63061,63072,11
12.9775800705,80.2239379883,63072,63082,10
12.9772701263,80.2233963013,63082,63092,10
12.976940155,80.2228622437,63092,63102,10
12.9770698547,80.2226715088,63102,63122,20
12.9770698547,80.2226715088,63122,63132,10
12.9774303436,80.2226409912,63132,63142,10
12.9774999619,80.2224197388,63142,63152,10
12.9774799347,80.2220230103,63152,63162,10
12.9774799347,80.221496582,63162,63172,10
12.9773702621,80.221321106,63172,63183,11
12.9766597748,80.221282959,63183,63423,240
12.9764900208,80.2210388184,63423,64342,919
12.9764900208,80.2210388184,64342,64352,10
12.9762096405,80.2210235596,64352,64362,10
12.9760103226,80.2211837769,64362,64372,10
12.9761800766,80.2215194702,64372,64432,60
12.9761800766,80.2215194702,64432,64442,10
12.9765396118,80.222038269,64442,64513,71
12.9765396118,80.222038269,64513,64523,10
12.9766798019,80.2224121094,64523,64533,10
12.9769296646,80.2228317261,64533,64543,10
12.9772195816,80.2233276367,64543,64554,11
12.9776201248,80.2239837646,64554,64564,10
12.9779596329,80.2245407104,64564,64574,10
12.9781904221,80.2249221802,64574,64584,10
12.9784603119,80.2253570557,64584,64594,10
12.9785299301,80.2254714966,64594,64604,10
12.9786901474,80.2257385254,64604,64614,10
12.978969574,80.2262496948,64614,64624,10
12.9792699814,80.2267303467,64624,64634,10
12.9796104431,80.2272796631,64634,64644,10
12.9799900055,80.2278671265,64644,64655,11
12.9804000854,80.2285614014,64655,64665,10
12.9807195663,80.2290802002,64665,64675,10
12.9809904099,80.2295837402,64675,64685,10
12.9814395905,80.2302398682,64685,64695,10
12.9816398621,80.2305374146,64695,64705,10
12.9816398621,80.2305679321,64705,64715,10
12.9817895889,80.2308883667,64715,64725,10
12.9819803238,80.2315216064,64725,64735,10
12.982000351,80.2322463989,64735,64745,10
12.9819297791,80.2327804565,64745,64755,10
12.9818000793,80.2331314087,64755,64766,11
12.9816198349,80.2335205078,64766,64776,10
12.9814796448,80.2338027954,64776,64786,10
12.9813499451,80.2340621948,64786,64796,10
12.9812602997,80.2342376709,64796,64806,10
12.9812097549,80.2345428467,64806,64816,10
12.9812097549,80.2350234985,64816,64826,10
12.9812202454,80.2355270386,64826,64836,10
12.9812402725,80.2361526489,64836,64846,10
12.9812498093,80.2364883423,64846,64856,10
12.9812698364,80.2371673584,64856,64887,31
12.9812698364,80.2371673584,64887,64897,10
12.9812803268,80.2372589111,64897,64907,10
12.9812898636,80.2375564575,64907,64917,10
12.981300354,80.2380828857,64917,64927,10
12.9813098907,80.2386398315,64927,64937,10
12.9813098907,80.2386932373,64937,64947,10
12.9813098907,80.2390823364,64947,64957,10
12.9813299179,80.2396774292,64957,64967,10
12.9813499451,80.2404174805,64967,64978,11
12.9813604355,80.2412414551,64978,64988,10
12.9813699722,80.2419891357,64988,64998,10
12.9813804626,80.2425231934,64998,65008,10
12.9813699722,80.2427215576,65008,65018,10
12.9813404083,80.2428436279,65018,65028,10
12.9813404083,80.2431793213,65028,65038,10
12.9813499451,80.2434082031,65038,65048,10
12.9812803268,80.243927002,65048,65058,10
12.9811601639,80.2447662354,65058,65068,10
12.9810400009,80.2457809448,65068,65078,10
12.9809303284,80.2468338013,65078,65089,11
12.9808397293,80.2480926514,65089,65099,10
12.9807500839,80.2492523193,65099,65109,10
12.9805402756,80.2503890991,65109,65119,10
12.9802503586,80.2515029907,65119,65129,10
12.9800796509,80.2521820068,65129,65139,10
12.9799499512,80.252532959,65139,65220,81
12.9799499512,80.252532959,65220,65230,10
12.9798698425,80.2527084351,65230,65240,10
12.9795198441,80.2527389526,65240,65250,10
12.9788303375,80.2526397705,65250,65260,10
12.9786100388,80.252571106,65260,65270,10
12.9783601761,80.2524414063,65270,65280,10
12.9778203964,80.251991272,65280,65291,11
12.9768896103,80.2513580322,65291,65301,10
12.9758300781,80.2510375977,65301,65311,10
12.9746904373,80.2506866455,65311,65321,10
12.9735603333,80.2503890991,65321,65331,10
12.972410202,80.2500915527,65331,65341,10
12.971159935,80.2497634888,65341,65351,10
12.9698896408,80.2493362427,65351,65361,10
12.968629837,80.2488479614,65361,65371,10
12.9675998688,80.2484207153,65371,65381,10
12.967040062,80.2481918335,65381,65391,10
12.9667797089,80.2480621338,65391,65402,11
12.9666795731,80.2480010986,65402,65412,10
12.9664201736,80.2478866577,65412,65422,10
12.9659795761,80.2477035522,65422,65432,10
12.9653596878,80.2474822998,65432,65442,10
12.9652299881,80.2474365234,65442,65452,10
12.965089798,80.2473831177,65452,65462,10
12.9648103714,80.2472763062,65462,65472,10
12.96434021,80.2471084595,65472,65482,10
12.9641103745,80.2470092773,65482,65492,10
12.9639501572,80.2469482422,65492,65502,10
12.9638204575,80.2469100952,65502,65513,11
12.9635400772,80.2468032837,65513,65543,30
12.9635400772,80.2468032837,65543,65553,10
12.9633998871,80.2466583252,65553,65563,10
12.9631204605,80.2465286255,65563,65573,10
12.9624996185,80.2462463379,65573,65583,10
12.9616699219,80.24584198,65583,65593,10
12.9606895447,80.2453689575,65593,65603,10
12.9593200684,80.2447662354,65603,65634,31
12.9593200684,80.2447662354,65634,65644,10
12.9591197968,80.2446899414,65644,65654,10
12.9586000443,80.2444381714,65654,65664,10
12.9579496384,80.244178772,65664,65674,10
12.9573497772,80.2439804077,65674,65684,10
12.9563703537,80.2435913086,65684,65704,20
12.9563703537,80.2435913086,65704,65715,11
12.9560604095,80.2434005737,65715,65725,10
12.9554300308,80.2431335449,65725,65735,10
12.9546203613,80.2427825928,65735,65745,10
12.9538297653,80.2424621582,65745,65755,10
12.9529600143,80.2420883179,65755,65765,10
12.9518203735,80.2416763306,65765,65785,20
12.9518203735,80.2416763306,65785,65795,10
12.9516000748,80.2416229248,65795,65805,10
12.9512701035,80.2414932251,65805,65815,10
12.9505996704,80.2412796021,65815,65826,11
12.9496097565,80.2409896851,65826,65836,10
12.9488897324,80.240737915,65836,65846,10
12.9482002258,80.2404403687,65846,65856,10
12.9473400116,80.2400894165,65856,65866,10
12.9470500946,80.239982605,65866,65876,10
12.9469995499,80.2399597168,65876,65886,10
12.9466295242,80.2397994995,65886,65896,10
12.9459495544,80.2395019531,65896,65906,10
12.9451799393,80.2390899658,65906,65916,10
12.9444704056,80.2383728027,65916,65926,10
12.9437303543,80.2375793457,65926,65943,17
12.9424600601,80.2365112305,65943,65955,12
12.9410896301,80.2361221313,65955,65965,10
12.9398202896,80.2358016968,65965,65985,20
12.9398202896,80.2358016968,65985,65995,10
12.9396095276,80.2357330322,65995,66005,10
12.9391202927,80.2354812622,66005,66015,10
12.9383001328,80.2350387573,66015,66025,10
12.937379837,80.2345809937,66025,66036,11
12.9362697601,80.234046936,66036,66046,10
12.9356298447,80.233757019,66046,66056,10
12.934920311,80.2334518433,66056,66066,10
12.9338197708,80.2329788208,66066,66086,20
12.9338197708,80.2329788208,66086,66096,10
12.9336099625,80.2328720093,66096,66106,10
12.9330997467,80.2326278687,66106,66116,10
12.9323101044,80.2323226929,66116,66126,10
12.9313802719,80.2320175171,66126,66136,10
12.9303398132,80.2316665649,66136,66147,11
12.929400444,80.2314376831,66147,66157,10
12.9290399551,80.2313766479,66157,66167,10
12.9285297394,80.2312774658,66167,66177,10
12.9277200699,80.2311706543,66177,66187,10
12.9267196655,80.2310409546,66187,66197,10
12.9260501862,80.2309875488,66197,66207,10
12.926030159,80.2309875488,66207,66217,10
12.9256801605,80.2309417725,66217,66227,10
12.9250497818,80.2308578491,66227,66237,10
12.9241695404,80.2307662964,66237,66248,11
12.9230003357,80.2306137085,66248,66258,10
12.9217596054,80.2304000854,66258,66268,10
12.9204502106,80.23021698,66268,66278,10
12.9194002151,80.2301177979,66278,66288,10
12.9191503525,80.2301025391,66288,66298,10
12.9189395905,80.2300491333,66298,66308,10
12.9183397293,80.2299728394,66308,66318,10
12.9174699783,80.229850769,66318,66328,10
12.9167995453,80.2297668457,66328,66338,10
12.9160203934,80.2296676636,66338,66349,11
12.9149703979,80.2295227051,66349,66359,10
12.9140300751,80.2293701172,66359,66369,10
12.9134101868,80.229309082,66369,66379,10
12.9133396149,80.2293014526,66379,66389,10
12.9132795334,80.2292709351,66389,66399,10
12.9128398895,80.2292022705,66399,66409,10
12.9120502472,80.2290878296,66409,66419,10
12.9110603333,80.2289505005,66419,66429,10
12.9099597931,80.2287826538,66429,66439,10
12.9088897705,80.2285995483,66439,66449,10
12.907910347,80.2284622192,66449,66460,11
12.9072999954,80.2283782959,66460,66550,90
12.9072999954,80.2283782959,66550,66561,11
12.9070196152,80.2283172607,66561,66571,10
12.9067802429,80.228302002,66571,66581,10
12.9062404633,80.2282409668,66581,66601,20
12.9062404633,80.2282409668,66601,66611,10
12.9059000015,80.2282180786,66611,66621,10
12.9052400589,80.2282028198,66621,66631,10
12.9045000076,80.2281494141,66631,66641,10
12.9039402008,80.2281112671,66641,66651,10
12.9031896591,80.2280807495,66651,66661,10
12.9028596878,80.2280578613,66661,66672,11
12.9022798538,80.2280273438,66672,66682,10
12.9016304016,80.2279968262,66682,66692,10
12.9011898041,80.2279891968,66692,66831,139
12.9011898041,80.2279891968,66831,66841,10
12.9008197784,80.227897644,66841,66850,9
12.9005203247,80.2278823853,66850,66861,11
12.8998403549,80.2278594971,66861,66871,10
12.8993701935,80.2278137207,66871,66882,11
12.8989400864,80.2278137207,66882,66892,10
12.8985996246,80.2277908325,66892,66902,10
12.8980197906,80.2277603149,66902,66912,10
12.8972101212,80.227722168,66912,66922,10
12.8962602615,80.2276611328,66922,66932,10
12.8952102661,80.2276229858,66932,66942,10
12.8941497803,80.2275619507,66942,66952,10
12.8935003281,80.2275390625,66952,66961,9
12.8934001923,80.2275085449,66961,66972,11
12.8929395676,80.2274398804,66972,66982,10
12.8924398422,80.2273788452,66982,66993,11
12.8923997879,80.2272415161,66993,67003,10
12.8925800323,80.2272415161,67003,67013,10
12.8929300308,80.2273178101,67013,67023,10
12.8935003281,80.2274017334,67023,67033,10
12.8939199448,80.2274475098,67033,67053,20
12.8939199448,80.2274475098,67053,67063,10
12.8940296173,80.2274932861,67063,67073,10
12.8943796158,80.2275238037,67073,67083,10
12.8949604034,80.2275619507,67083,67094,11
12.8957595825,80.2276000977,67094,67104,10
12.8965702057,80.2276306152,67104,67114,10
12.8975000381,80.2276687622,67114,67124,10
12.898440361,80.227722168,67124,67133,9
12.8990097046,80.2277526855,67133,67144,11
12.8997297287,80.2277908325,67144,67205,61
12.8997297287,80.2277908325,67205,67215,10
12.9000396729,80.2278289795,67215,67225,10
12.9003801346,80.2278366089,67225,67235,10
12.900759697,80.2278518677,67235,67245,10
12.9011001587,80.2278900146,67245,67255,10
12.9013595581,80.2279205322,67255,67265,10
12.9016199112,80.2279815674,67265,67275,10
12.9020395279,80.2279815674,67275,67285,10
12.902879715,80.2279815674,67285,67316,31
12.902879715,80.2279815674,67316,67326,10
12.9031896591,80.2279510498,67326,67336,10
12.9036102295,80.2279968262,67336,67346,10
12.9038000107,80.2280197144,67346,67356,10
12.904299736,80.2280502319,67356,67366,10
12.9046401978,80.2280578613,67366,67376,10
12.9049797058,80.2280883789,67376,67386,10
12.90528965,80.2281036377,67386,67396,10
12.9058103561,80.2281494141,67396,67407,11
12.9062795639,80.228187561,67407,67417,10
12.9066200256,80.2282180786,67417,67427,10
12.9069900513,80.2282562256,67427,67447,20
12.9069900513,80.2282562256,67447,67457,10
12.9073200226,80.2283325195,67457,67467,10
12.9077997208,80.2283782959,67467,67477,10
12.908370018,80.2284698486,67477,67487,10
12.9089202881,80.2285614014,67487,67497,10
12.9096002579,80.2286682129,67497,67507,10
12.9102697372,80.2287902832,67507,67518,11
12.9110002518,80.2288894653,67518,67528,10
12.9117097855,80.2289886475,67528,67538,10
12.9124803543,80.2290878296,67538,67548,10
12.9131698608,80.2291870117,67548,67558,10
12.9139604568,80.2292785645,67558,67588,30
12.9139604568,80.2292785645,67588,67598,10
12.9140996933,80.2292861938,67598,67608,10
12.9145298004,80.2293395996,67608,67619,11
12.9151802063,80.2294387817,67619,67629,10
12.91588974,80.2295608521,67629,67639,10
12.9166698456,80.2296676636,67639,67649,10
12.9174995422,80.2297821045,67649,67659,10
12.9183397293,80.229888916,67659,67669,10
12.9191703796,80.2299728394,67669,67709,40
12.9191703796,80.2299728394,67709,67719,10
12.9194602966,80.2300186157,67719,67730,11
12.9200201035,80.2300720215,67730,67740,10
12.9206199646,80.230140686,67740,67750,10
12.9212799072,80.23021698,67750,67760,10
12.921959877,80.2303237915,67760,67770,10
12.9226903915,80.2304382324,67770,67780,10
12.92345047,80.2305526733,67780,67789,9
12.9242200851,80.2306518555,67789,67800,11
12.9251403809,80.2307662964,67800,67810,10
12.9258804321,80.2308731079,67810,67820,10
12.9263296127,80.2309036255,67820,67841,21
12.9263296127,80.2309036255,67841,67851,10
12.9264202118,80.2309188843,67851,67861,10
12.9266996384,80.2309494019,67861,67871,10
12.9272003174,80.231010437,67871,67881,10
12.9278497696,80.2310791016,67881,67891,10
12.9284896851,80.2311706543,67891,67901,10
12.9287395477,80.2312088013,67901,67911,10
12.928850174,80.2312316895,67911,67921,10
12.9292602539,80.2313079834,67921,67932,11
12.9298696518,80.2314529419,67932,67942,10
12.9305400848,80.231628418,67942,67952,10
12.9312801361,80.2318496704,67952,67962,10
12.9319801331,80.232093811,67962,67972,10
12.9327297211,80.2323608398,67972,67982,10
12.9336595535,80.2327575684,67982,68022,40
12.9336595535,80.2327575684,68022,68032,10
12.9337902069,80.2329330444,68032,68043,11
12.9341497421,80.2330932617,68043,68053,10
12.9346904755,80.2333068848,68053,68063,10
12.9352502823,80.233581543,68063,68073,10
12.9356603622,80.233757019,68073,68083,10
12.9361000061,80.2339477539,68083,68093,10
12.9366598129,80.2341995239,68093,68103,10
12.9372701645,80.2344970703,68103,68113,10
12.93791008,80.2348022461,68113,68123,10
12.9385499954,80.2350997925,68123,68133,10
12.9395103455,80.2355728149,68133,68174,41
12.9395103455,80.2355728149,68174,68184,10
12.9398002625,80.2356796265,68184,68194,10
12.9402704239,80.2358627319,68194,68204,10
12.9408798218,80.2360076904,68204,68214,10
12.941570282,80.2361831665,68214,68224,10
12.9422397614,80.2363433838,68224,68234,10
12.9428596497,80.2366027832,68234,68244,10
12.9434299469,80.2370605469,68244,68255,11
12.9439401627,80.2376403809,68255,68265,10
12.9441404343,80.2378997803,68265,68274,9
12.9443998337,80.238243103,68274,68285,11
12.9448900223,80.2387695313,68285,68295,10
12.9454803467,80.2392578125,68295,68305,10
12.9460496902,80.2395172119,68305,68315,10
12.9463996887,80.2396087646,68315,68324,9
12.9466295242,80.239692688,68324,68517,193
12.9466295242,80.239692688,68517,68527,10
12.9467201233,80.2396774292,68527,68537,10
12.946969986,80.2397994995,68537,68547,10
12.9470996857,80.2398605347,68547,68557,10
12.9472198486,80.239906311,68557,68568,11
12.9475402832,80.2400588989,68568,68578,10
12.9479703903,80.2402420044,68578,68588,10
12.9481601715,80.2403182983,68588,68598,10
12.948220253,80.2403411865,68598,68608,10
12.9483499527,80.2404022217,68608,68618,10
12.9485502243,80.2404708862,68618,68709,91
12.9485502243,80.2404708862,68709,68719,10
12.9486999512,80.2405700684,68719,68729,10
12.948969841,80.2406616211,68729,68739,10
12.9493103027,80.2407989502,68739,68749,10
12.9497404099,80.2409591675,68749,68759,10
12.9504203796,80.2411422729,68759,68769,10
12.9510402679,80.241317749,68769,68780,11
12.9511003494,80.2413482666,68780,68790,10
12.9511299133,80.2413711548,68790,68800,10
12.9513101578,80.2414474487,68800,68810,10
12.9515399933,80.2415390015,68810,68820,10
12.9519300461,80.2416915894,68820,68830,10
12.9525699615,80.2419433594,68830,68840,10
12.9532699585,80.2421875,68840,68850,10
12.9537696838,80.242401123,68850,68860,10
12.9542398453,80.2425765991,68860,68870,10
12.9547700882,80.2427825928,68870,68881,11
12.9554100037,80.2429885864,68881,68891,10
12.9559898376,80.2432022095,68891,68901,10
12.9562397003,80.2432785034,68901,68921,20
12.9562397003,80.2432785034,68921,68931,10
12.9564800262,80.243347168,68931,68941,10
12.9568796158,80.2435379028,68941,68951,10
12.9573898315,80.2438278198,68951,68961,10
12.9579801559,80.2440719604,68961,68971,10
12.9587802887,80.2443771362,68971,68992,21
12.9587802887,80.2443771362,68992,69002,10
12.9590101242,80.2445220947,69002,69012,10
12.9593000412,80.2446517944,69012,69022,10
12.9597301483,80.2448425293,69022,69032,10
12.9603796005,80.2451324463,69032,69042,10
12.9611196518,80.2454833984,69042,69052,10
12.9618997574,80.2458496094,69052,69062,10
12.9624996185,80.2461471558,69062,69072,10
12.9626703262,80.2462463379,69072,69082,10
12.9629001617,80.2463607788,69082,69093,11
12.9632196426,80.2465209961,69093,69103,10
12.9634103775,80.2466201782,69103,69119,16
12.9639501572,80.2468795776,69119,69131,12
12.9647598267,80.2471694946,69131,69141,10
12.9656000137,80.2474365234,69141,69151,10
12.966219902,80.2476730347,69151,69161,10
12.9666004181,80.2478179932,69161,69202,41
12.9666004181,80.2478179932,69202,69212,10
12.9669303894,80.2480010986,69212,69222,10
12.9673299789,80.2481994629,69222,69232,10
12.9679002762,80.2484436035,69232,69242,10
12.9685401917,80.2486877441,69242,69252,10
12.969209671,80.2489776611,69252,69262,10
12.9699296951,80.2492675781,69262,69272,10
12.9707803726,80.2495574951,69272,69281,9
12.9715795517,80.249786377,69281,69292,11
12.9725399017,80.2500305176,69292,69303,11
12.9733295441,80.2502593994,69303,69313,10
12.9739303589,80.2504119873,69313,69323,10
12.974360466,80.25050354,69323,69333,10
12.9743900299,80.25050354,69333,69343,10
12.9746103287,80.2505722046,69343,69353,10
12.9751195908,80.2507171631,69353,69363,10
12.9758300781,80.2509384155,69363,69373,10
12.9765901566,80.251159668,69373,69383,10
12.9773101807,80.2514572144,69383,69393,10
12.9779396057,80.2519683838,69393,69403,10
12.9785404205,80.2523880005,69403,69414,11
12.979180336,80.2525634766,69414,69430,16
12.9799003601,80.2522888184,69430,69462,32
12.9799003601,80.2522888184,69462,69472,10
12.979929924,80.2520217896,69472,69482,10
12.980050087,80.2516479492,69482,69492,10
12.9802799225,80.2509689331,69492,69501,9
12.9804401398,80.2503433228,69501,69513,12
12.980629921,80.2494430542,69513,69523,10
12.9806900024,80.248840332,69523,69533,10
12.9807500839,80.2480926514,69533,69543,10
12.9808101654,80.2472229004,69543,69552,9
12.980890274,80.2463378906,69552,69563,11
12.9809999466,80.2452697754,69563,69573,10
12.9811000824,80.2444000244,69573,69583,10
12.9811496735,80.2437973022,69583,69593,10
12.9812698364,80.2435531616,69593,69602,9
12.9813098907,80.2432785034,69602,69613,11
12.9813098907,80.2429199219,69613,69624,11
12.9813203812,80.2428817749,69624,69634,10
12.9813404083,80.2427368164,69634,69654,20
12.9813404083,80.2427368164,69654,69664,10
12.9813404083,80.2423706055,69664,69674,10
12.9813203812,80.2419891357,69674,69684,10
12.9813299179,80.2414398193,69684,69694,10
12.9813203812,80.2408981323,69694,69704,10
12.9813098907,80.2406387329,69704,69714,10
12.9813098907,80.2403411865,69714,69725,11
12.981300354,80.2400894165,69725,69735,10
12.981300354,80.239906311,69735,69745,10
12.9812898636,80.2396774292,69745,69755,10
12.9812803268,80.239440918,69755,69765,10
12.9812602997,80.2389526367,69765,69775,10
12.9812498093,80.2384719849,69775,69785,10
12.9812297821,80.23828125,69785,69801,16
12.9812402725,80.2379684448,69801,69813,12
12.9812297821,80.2378616333,69813,69823,10
12.9812297821,80.237487793,69823,69834,11
12.9812002182,80.2367935181,69834,69844,10
12.9811897278,80.2361297607,69844,69854,10
12.9811697006,80.2354431152,69854,69864,10
12.9811601639,80.2347106934,69864,69874,10
12.9812498093,80.2340927124,69874,69884,10
12.9814596176,80.2335968018,69884,69894,10
12.9815502167,80.2333908081,69894,69903,9
12.9815597534,80.2333831787,69903,69914,11
12.9816102982,80.233291626,69914,69924,10
12.9817399979,80.2330093384,69924,69935,11
12.9818601608,80.2327194214,69935,69945,10
12.9819202423,80.2325134277,69945,69955,10
12.9819602966,80.2323303223,69955,69965,10
12.9819602966,80.2321395874,69965,69975,10
12.9819498062,80.2320022583,69975,69985,10
12.9819402695,80.2316131592,69985,69995,10
12.9818897247,80.231300354,69995,70005,10
12.9817399979,80.2308807373,70005,70015,10
12.9815502167,80.2304992676,70015,70025,10
12.9812498093,80.2300033569,70025,70035,10
12.9809799194,80.2295913696,70035,70046,11
12.9808197021,80.2293167114,70046,70056,10
12.9806995392,80.2291488647,70056,70066,10
12.9806203842,80.2290267944,70066,70076,10
12.9806003571,80.2290115356,70076,70086,10
12.9804496765,80.2287063599,70086,70096,10
12.9802799225,80.2284011841,70096,70106,10
12.9800796509,80.2279968262,70106,70116,10
12.9795198441,80.2270812988,70116,70126,10
12.9795198441,80.2270812988,70126,70136,10
12.9793901443,80.226852417,70136,70147,11
12.9791603088,80.2264862061,70147,70157,10
12.9788703918,80.2259902954,70157,70167,10
12.9783802032,80.2251815796,70167,70187,20
12.9783802032,80.2251815796,70187,70199,12
12.9782800674,80.2249984741,70199,70209,10
12.978099823,80.2247314453,70209,70219,10
12.9780502319,80.2246627808,70219,70229,10
12.977930069,80.2245407104,70229,70239,10
12.9777603149,80.224281311,70239,70250,11
12.9775695801,80.2239837646,70250,70260,10
12.977519989,80.2239074707,70260,70270,10
12.9773397446,80.2235870361,70270,70279,9
12.9771299362,80.2232284546,70279,70290,11
12.9769697189,80.2227401733,70290,70320,30
12.9769697189,80.2227401733,70320,70330,10
12.9770803452,80.2226715088,70330,70340,10
12.9771003723,80.2226715088,70340,70350,10
12.9773797989,80.2226715088,70350,70361,11
12.9774799347,80.2224884033,70361,70371,10
12.9774703979,80.222076416,70371,70381,10
12.9774503708,80.2216033936,70381,70391,10
12.9774398804,80.2214508057,70391,70401,10
12.9771404266,80.2212600708,70401,70411,10
12.9766302109,80.2212982178,70411,70462,51
12.976360321,80.2211380005,70462,71996,1534
12.976360321,80.2211380005,71996,72006,10
12.9762001038,80.2210693359,72006,72016,10
12.9760103226,80.2211914063,72016,72026,10
12.9761199951,80.221496582,72026,72066,40
12.9761199951,80.221496582,72066,72077,11
12.9762897491,80.2218780518,72077,72097,20
12.9762897491,80.2218780518,72097,72107,10
12.9763402939,80.222076416,72107,72117,10
12.9764404297,80.2222366333,72117,72127,10
12.9766302109,80.2225112915,72127,72137,10
12.9768295288,80.2227935791,72137,72148,11
12.9771203995,80.2232437134,72148,72158,10
12.9774398804,80.2237167358,72158,72168,10
12.9778003693,80.2242736816,72168,72178,10
12.9781198502,80.2247619629,72178,72188,10
12.9784402847,80.2252807617,72188,72198,10
12.978770256,80.2258224487,72198,72208,10
12.9791202545,80.2263870239,72208,72218,10
12.9794301987,80.2269210815,72218,72228,10
12.9797401428,80.2274398804,72228,72238,10
12.9800395966,80.2279205322,72238,72248,10
12.9803695679,80.2284698486,72248,72259,11
12.9806699753,80.2289962769,72259,72275,16
12.9808597565,80.2293014526,72275,72287,12
12.9811496735,80.2297592163,72287,72297,10
12.9816303253,80.2304763794,72297,72317,20
12.9816303253,80.2304763794,72317,72327,10
12.9816999435,80.2306518555,72327,72337,10
12.9819202423,80.2312164307,72337,72347,10
12.982000351,80.2318191528,72347,72357,10
12.9819803238,80.2323226929,72357,72367,10
12.9819002151,80.2327575684,72367,72378,11
12.981760025,80.2330780029,72378,72388,10
12.9816904068,80.2332229614,72388,72397,9
12.9815797806,80.2334594727,72397,72408,11
12.9815702438,80.2334823608,72408,72418,10
12.9814300537,80.2337417603,72418,72428,10
12.9812402725,80.2341537476,72428,72438,10
12.9811601639,80.2345199585,72438,72448,10
12.9811601639,80.2351531982,72448,72459,11
12.9811897278,80.236000061,72459,72469,10
12.9812202454,80.2367706299,72469,72479,10
12.9812498093,80.2375488281,72479,72489,10
12.9812803268,80.2381134033,72489,72499,10
12.9812803268,80.2385406494,72499,72509,10
12.9812803268,80.2386016846,72509,72518,9
12.9812803268,80.2387619019,72518,72529,11
12.9812803268,80.2392807007,72529,72539,10
12.9812898636,80.2398300171,72539,72549,10
12.981300354,80.2404632568,72549,72559,10
12.9813203812,80.2409973145,72559,72570,11
12.9813404083,80.2417068481,72570,72580,10
12.9813404083,80.2422485352,72580,72590,10
12.9813404083,80.242729187,72590,72600,10
12.9813203812,80.2428436279,72600,72610,10
12.9813203812,80.242980957,72610,72620,10
12.9813098907,80.2434082031,72620,72630,10
12.9812803268,80.2437667847,72630,72640,10
12.981180191,80.2443008423,72640,72650,10
12.9810695648,80.2451171875,72650,72660,10
12.9809598923,80.2461013794,72660,72671,11
12.9808502197,80.2472610474,72671,72681,10
12.9807796478,80.248298645,72681,72691,10
12.9806900024,80.2493515015,72691,72701,10
12.9805202484,80.250328064,72701,72711,10
12.9802598953,80.2512817383,72711,72721,10
12.9800596237,80.2520675659,72721,72730,9
12.9799699783,80.2523498535,72730,72741,11
12.9798498154,80.2526702881,72741,72751,10
12.9797201157,80.2527770996,72751,72761,10
12.9792804718,80.2527236938,72761,72771,10
12.9786596298,80.2526168823,72771,72792,21
12.9786596298,80.2526168823,72792,72802,10
12.9784803391,80.2525100708,72802,72812,10
12.9780797958,80.252243042,72812,72822,10
12.9775600433,80.2517623901,72822,72832,10
12.9770202637,80.2514038086,72832,72842,10
12.9762802124,80.2511520386,72842,72852,10
12.9754295349,80.2509078979,72852,72862,10
12.9745597839,80.2506637573,72862,72872,10
12.9737701416,80.2504425049,72872,72882,10
12.9729499817,80.2502288818,72882,72893,11
12.9725399017,80.2501525879,72893,72903,10
12.9723701477,80.2501068115,72903,72913,10
12.9718904495,80.2499694824,72913,72923,10
12.9712095261,80.249786377,72923,72933,10
12.9704799652,80.2495727539,72933,72943,10
12.9696702957,80.2492828369,72943,72959,16
12.9683904648,80.2487487793,72959,72971,12
12.9675798416,80.2484283447,72971,72981,10
12.9669399261,80.2481231689,72981,72991,10
12.9664297104,80.2478790283,72991,73001,10
12.9660997391,80.2477264404,73001,73012,11
12.9652700424,80.247428894,73012,73032,20
12.9652700424,80.247428894,73032,73042,10
12.9651403427,80.2473678589,73042,73052,10
12.9650001526,80.2473373413,73052,73062,10
12.9646596909,80.2472229004,73062,73071,9
12.9645299911,80.2471618652,73071,73081,10
12.9643001556,80.2470779419,73081,73092,11
12.9641599655,80.2470397949,73092,73123,31
12.9641599655,80.2470397949,73123,73133,10
12.9639902115,80.2469787598,73133,73143,10
12.9637002945,80.2468566895,73143,73153,10
12.963259697,80.2466430664,73153,73163,10
12.9626598358,80.2463378906,73163,73173,10
12.9619703293,80.2460021973,73173,73183,10
12.9612398148,80.2456436157,73183,73193,10
12.9604902267,80.245300293,73193,73204,11
12.9593000412,80.2447891235,73204,73224,20
12.9593000412,80.2447891235,73224,73234,10
12.959230423,80.2447662354,73234,73244,10
12.9589500427,80.2446136475,73244,73254,10
12.9583597183,80.2443695068,73254,73264,10
12.9578399658,80.2441482544,73264,73274,10
12.957280159,80.2439727783,73274,73284,10
12.9568195343,80.2438430786,73284,73335,51
12.9564399719,80.2437133789,73335,73355,20
12.9564399719,80.2437133789,73355,73365,10
12.9560804367,80.243560791,73365,73375,10
12.9555597305,80.2432632446,73375,73385,10
12.9548501968,80.2429199219,73385,73395,10
12.9540901184,80.2425994873,73395,73405,10
12.9534397125,80.2423324585,73405,73416,11
12.952630043,80.2420120239,73416,73426,10
12.9519195557,80.2417526245,73426,73436,10
12.9516801834,80.2416687012,73436,73446,10
12.9516296387,80.2416534424,73446,73456,10
12.9512500763,80.2415008545,73456,73466,10
12.9506797791,80.2413024902,73466,73476,10
12.9499902725,80.2410964966,73476,73486,10
12.9495201111,80.2409667969,73486,73496,10
12.9489898682,80.2407913208,73496,73506,10
12.948390007,80.2405166626,73506,73517,11
12.9476604462,80.2402191162,73517,73527,10
12.9471998215,80.2400436401,73527,73537,10
12.9471597672,80.240020752,73537,73547,10
12.9471302032,80.2400131226,73547,73557,10
12.9468202591,80.2398834229,73557,73567,10
12.946269989,80.2396621704,73567,73577,10
12.9456195831,80.2393493652,73577,73587,10
12.9449901581,80.2389068604,73587,73597,10
12.9444599152,80.238319397,73597,73607,10
12.9438695908,80.2376708984,73607,73617,10
12.9432897568,80.2370376587,73617,73628,11
12.942440033,80.2365036011,73628,73638,10
12.9414701462,80.2362213135,73638,73648,10
12.9405202866,80.2359771729,73648,73658,10
12.9397697449,80.2357635498,73658,73678,20
12.9397697449,80.2357635498,73678,73688,10
12.9395599365,80.2356262207,73688,73698,10
12.9391002655,80.2354202271,73698,73708,10
12.9384002686,80.2350769043,73708,73718,10
12.9376401901,80.2347183228,73718,73729,11
12.9368600845,80.234336853,73729,73739,10
12.9361200333,80.2340011597,73739,73749,10
12.9356403351,80.233757019,73749,73759,10
12.9351196289,80.2335205078,73759,73769,10
12.9344501495,80.2332229614,73769,73779,10
12.9339199066,80.2329788208,73779,73789,10
12.9338598251,80.2329406738,73789,73800,11
12.9336004257,80.2328033447,73800,73810,10
12.9331102371,80.2325897217,73810,73822,12
12.9321603775,80.2322387695,73822,73833,11
12.9311304092,80.2318878174,73833,73843,10
12.9300699234,80.2315826416,73843,73853,10
12.9290599823,80.2313537598,73853,73863,10
12.9279499054,80.2311630249,73863,73873,10
12.9268102646,80.2310333252,73873,73883,10
12.9261302948,80.23097229,73883,73893,10
12.9260196686,80.2309570313,73893,73916,23
12.9246501923,80.2307815552,73916,73928,12
12.9236402512,80.2306518555,73928,73938,10
12.9226999283,80.2304992676,73938,73949,11
12.9214897156,80.2303314209,73949,73959,10
12.92029953,80.230178833,73959,73969,10
12.919380188,80.2300796509,73969,73979,10
12.9191999435,80.2300720215,73979,73989,10
12.9191198349,80.2300491333,73989,73999,10
12.9187097549,80.2299804688,73999,74009,10
12.9180803299,80.229888916,74009,74019,10
12.9170999527,80.2297668457,74019,74029,10
12.9160900116,80.2296218872,74029,74039,10
12.9152002335,80.2294769287,74039,74050,11
12.9143104553,80.2293624878,74050,74060,10
12.9135398865,80.2292785645,74060,74070,10
12.9133701324,80.2292709351,74070,74080,10
12.9132604599,80.2292480469,74080,74090,10
12.912779808,80.2291564941,74090,74100,10
12.9119796753,80.2290420532,74100,74110,10
12.9110202789,80.2288970947,74110,74120,10
12.9099397659,80.228729248,74120,74130,10
12.9088201523,80.2285385132,74130,74140,10
12.9078397751,80.2283935547,74140,74221,81
12.9078397751,80.2283935547,74221,74231,10
12.9077301025,80.2284011841,74231,74241,10
12.9073696136,80.2283401489,74241,74251,10
12.906999588,80.2283096313,74251,74262,11
12.9066095352,80.2282562256,74262,74272,10
12.9062595367,80.2282409668,74272,74282,10
12.9062404633,80.2282409668,74282,74292,10
12.9058904648,80.2282104492,74292,74302,10
12.9052600861,80.2281570435,74302,74312,10
12.9047603607,80.2281112671,74312,74322,10
12.9044799805,80.2281036377,74322,74332,10
12.9040603638,80.2280807495,74332,74342,10
12.9033298492,80.2280426025,74342,74352,10
12.9025497437,80.228012085,74352,74363,11
12.9023103714,80.2279968262,74363,74373,10
12.9020204544,80.2279815674,74373,74383,10
12.901599884,80.2279586792,74383,74393,10
12.901140213,80.2279510498,74393,74403,10
12.9002799988,80.2279281616,74403,74423,20
12.9002799988,80.2279281616,74423,74433,10
12.900179863,80.2279281616,74433,74443,10
12.8998203278,80.2278594971,74443,74453,10
12.8992595673,80.2278289795,74453,74464,11
12.898440361,80.2277679443,74464,74474,10
12.8975296021,80.2277069092,74474,74484,10
12.8965597153,80.2276687622,74484,74494,10
12.8955898285,80.2276306152,74494,74504,10
12.8947296143,80.2276077271,74504,74514,10
12.8938102722,80.2275466919,74514,74524,10
12.8934297562,80.2275238037,74524,74534,10
12.8933095932,80.2275009155,74534,74544,10
12.8928804398,80.227432251,74544,74554,10
12.8924398422,80.2273635864,74554,74585,31
12.8924398422,80.2273635864,74585,74595,10
12.8925304413,80.2272109985,74595,74605,10
12.8927402496,80.2272567749,74605,74615,10
12.8931303024,80.2273406982,74615,74625,10
12.8937301636,80.2274169922,74625,74635,10
12.8941802979,80.2274169922,74635,75049,414
12.8941802979,80.2274169922,75049,75059,10
12.8943500519,80.2274932861,75059,75069,10
12.8946504593,80.2275238037,75069,75079,10
12.8950996399,80.2275390625,75079,75089,10
12.8956098557,80.2275466919,75089,75100,11
12.8963098526,80.2275924683,75100,75110,10
12.8970403671,80.2276229858,75110,75120,10
12.8978099823,80.2276687622,75120,75130,10
12.8985996246,80.227722168,75130,75140,10
12.8992996216,80.2277603149,75140,75150,10
12.9001197815,80.2277984619,75150,75170,20
12.9001197815,80.2277984619,75170,75180,10
12.9004001617,80.2278289795,75180,75190,10
12.9007701874,80.2278594971,75190,75201,11
12.9012804031,80.227897644,75201,75211,10
12.9019403458,80.2279205322,75211,75221,10
12.9028396606,80.2279510498,75221,75241,20
12.9028396606,80.2279510498,75241,75251,10
12.9029998779,80.2279510498,75251,75261,10
12.903380394,80.2279815674,75261,75271,10
12.9039001465,80.228012085,75271,75281,10
12.9042396545,80.2280197144,75281,75291,10
12.9044303894,80.2280426025,75291,75302,11
12.9048404694,80.2280502319,75302,75312,10
12.9051599503,80.2280807495,75312,75322,10
12.9054498672,80.2280807495,75322,75332,10
12.9059000015,80.2280883789,75332,75342,10
12.906370163,80.2281188965,75342,75352,10
12.9068603516,80.2281570435,75352,75372,20
12.9068603516,80.2281570435,75372,75382,10
12.9071102142,80.2281799316,75382,75392,10
12.9075498581,80.2282409668,75392,75402,10
12.9082298279,80.2283782959,75402,75413,11
12.909330368,80.2285766602,75413,75423,10
12.9105596542,80.2287826538,75423,75433,10
12.9118900299,80.2289810181,75433,75443,10
12.9130601883,80.2291412354,75443,75453,10
12.9140300751,80.2292480469,75453,75473,20
12.9140300751,80.2292480469,75473,75483,10
12.9144496918,80.2293167114,75483,75493,10
12.9149103165,80.2293701172,75493,75503,10
12.9156599045,80.2294998169,75503,75514,11
12.9167299271,80.229637146,75514,75524,10
12.9177999496,80.2297821045,75524,75534,10
12.9188804626,80.229927063,75534,75544,10
12.9193201065,80.2299804688,75544,75554,10
12.9195995331,80.2300033569,75554,75564,10
12.920249939,80.2300872803,75564,75574,10
12.9210796356,80.2302017212,75574,75584,10
12.9219999313,80.2303390503,75584,75594,10
12.9229001999,80.2304763794,75594,75604,10
12.9240398407,80.2306289673,75604,75614,10
12.9251003265,80.2307815552,75614,75625,11
12.9261102676,80.2308807373,75625,75635,10
12.9264097214,80.2309188843,75635,75645,10
12.9268102646,80.2309570313,75645,75655,10
12.9275798798,80.2310562134,75655,75665,10
12.9283800125,80.2311630249,75665,75675,10
12.9287099838,80.2312011719,75675,75684,9
12.929019928,80.231262207,75684,75694,10
12.9296598434,80.2313995361,75694,75705,11
12.9305295944,80.2316131592,75705,75715,10
12.9314699173,80.2318878174,75715,75726,11
12.9324798584,80.2322235107,75726,75736,10
12.933139801,80.2324676514,75736,75746,10
12.9337396622,80.2327270508,75746,75766,20
12.9337396622,80.2327270508,75766,75776,10
12.9339599609,80.2328262329,75776,75786,10
12.9344301224,80.2330474854,75786,75796,10
12.9351997375,80.2333908081,75796,75806,10
12.9356899261,80.2335968018,75806,75816,10
12.9358301163,80.2336578369,75816,75827,11
12.936249733,80.23387146,75827,75837,10
12.9369297028,80.2341995239,75837,75847,10
12.9377698898,80.2346115112,75847,75857,10
12.9387197495,80.2350769043,75857,75867,10
12.939499855,80.2354736328,75867,75877,10
12.9397096634,80.2355575562,75877,75887,10
12.9398097992,80.2356109619,75887,75897,10
12.9402799606,80.2357788086,75897,75907,10
12.9410896301,80.236000061,75907,75917,10
12.9420604706,80.2362518311,75917,75927,10
12.9429197311,80.2365722656,75927,75938,11
12.9437398911,80.2372589111,75938,75948,10
12.9444999695,80.2380981445,75948,75958,10
12.9451599121,80.2388000488,75958,75968,10
12.9458198547,80.2393035889,75968,75978,10
12.9465904236,80.2396316528,75978,75988,10
12.9472103119,80.2398834229,75988,75998,10
12.9473104477,80.2399215698,75998,76008,10
12.9476299286,80.2400588989,76008,76018,10
12.948220253,80.2403106689,76018,76028,10
12.9489002228,80.2405700684,76028,76069,41
12.9489002228,80.2405700684,76069,76079,10
12.948969841,80.2406082153,76079,76089,10
12.9493598938,80.2407608032,76089,76099,10
12.9500703812,80.2409896851,76099,76109,10
12.9508199692,80.2412185669,76109,76119,10
12.9511804581,80.241317749,76119,76129,10
12.9513101578,80.2413711548,76129,76139,10
12.9518299103,80.241569519,76139,76150,11
12.9525499344,80.2418289185,76150,76160,10
12.9534397125,80.2421569824,76160,76170,10
12.9540195465,80.2423477173,76170,76180,10
12.95470047,80.2426376343,76180,76190,10
12.9552698135,80.2428665161,76190,76200,10
12.9559602737,80.2431411743,76200,76210,10
12.9563598633,80.2433319092,76210,76220,10
12.9563703537,80.2433395386,76220,76230,10
12.9567699432,80.2435302734,76230,76240,10
12.9574604034,80.2438430786,76240,76251,11
12.9582901001,80.2442016602,76251,76261,10
12.9588298798,80.2444000244,76261,76271,10
12.958990097,80.2444763184,76271,76281,10
12.9593400955,80.2446517944,76281,76291,10
12.9598999023,80.2449111938,76291,76301,10
12.9607000351,80.2452774048,76301,76311,10
12.9616603851,80.2457427979,76311,76321,10
12.9625997543,80.2462005615,76321,76331,10
12.9633703232,80.2465362549,76331,76380,49
12.9633703232,80.2465362549,76380,76390,10
12.9635095596,80.2466812134,76390,76400,10
12.9638500214,80.2468566895,76400,76410,10
12.9644498825,80.2470703125,76410,76420,10
12.9651403427,80.2473220825,76420,76428,8
12.9658603668,80.2475585938,76428,76440,12
12.9665203094,80.2478179932,76440,76450,10
12.9666004181,80.2478637695,76450,76461,11
12.9669599533,80.248046875,76461,76471,10
12.9675197601,80.2483291626,76471,76481,10
12.96833992,80.2486572266,76481,76491,10
12.9691801071,80.2489929199,76491,76501,10
12.9702796936,80.249420166,76501,76511,10
12.9713602066,80.2497711182,76511,76521,10
12.9724197388,80.2500534058,76521,76531,10
12.9734296799,80.2503204346,76531,76541,10
12.974439621,80.2506027222,76541,76551,10
12.9753599167,80.2508468628,76551,76561,10
12.9765195847,80.2511825562,76561,76572,11
12.9776296616,80.2516784668,76572,76582,10
12.9784698486,80.2523574829,76582,76592,10
12.9793796539,80.2526016235,76592,76602,10
12.9798803329,80.2524871826,76602,76612,10
12.9799203873,80.2524185181,76612,76622,10
12.9799604416,80.2521972656,76622,76632,10
12.9800395966,80.2518386841,76632,76642,10
12.9802398682,80.2512588501,76642,76652,10
12.9804401398,80.2505569458,76652,76662,10
12.9806404114,80.24974823,76662,76672,10
12.9807395935,80.2488632202,76672,76683,11
12.980799675,80.2479705811,76683,76693,10
12.9808797836,80.2469482422,76693,76703,10
12.9809799194,80.2459793091,76703,76713,10
12.9810800552,80.245010376,76713,76723,10
12.9811496735,80.2442016602,76723,76733,10
12.981180191,80.2438583374,76733,76743,10
12.9812202454,80.2436904907,76743,76753,10
12.9813203812,80.2434921265,76753,76763,10
12.9813203812,80.2432022095,76763,76774,11
12.9813404083,80.242980957,76774,76784,10
12.9813604355,80.2428817749,76784,76794,10
12.9813699722,80.24269104,76794,76804,10
12.9813699722,80.2423019409,76804,76814,10
12.9813499451,80.2418212891,76814,76824,10
12.9813499451,80.2411804199,76824,76834,10
12.9813404083,80.2404632568,76834,76844,10
12.9813203812,80.2398986816,76844,76854,10
12.9813203812,80.2396392822,76854,76864,10
12.981300354,80.2392272949,76864,76874,10
12.9812803268,80.2386016846,76874,76885,11
12.9812698364,80.2380218506,76885,76895,10
12.9812698364,80.2379302979,76895,76905,10
12.9812698364,80.2376403809,76905,76915,10
12.9812498093,80.2371292114,76915,76925,10
12.9812402725,80.2364807129,76925,76935,10
12.9812202454,80.2358474731,76935,76945,10
12.9812002182,80.2351608276,76945,76954,9
12.9811897278,80.2344970703,76954,76965,11
12.9814100266,80.2337417603,76965,76975,10
12.9816102982,80.2332992554,76975,76986,11
12.9816904068,80.2331466675,76986,76996,10
12.9818601608,80.232749939,76996,77006,10
12.9819698334,80.2323684692,77006,77016,10
12.9819803238,80.2321624756,77016,77026,10
12.9819698334,80.2318878174,77026,77036,10
12.9819498062,80.2314987183,77036,77046,10
12.9819002151,80.2311477661,77046,77056,10
12.9817199707,80.2307815552,77056,77066,10
12.9813899994,80.2302093506,77066,77076,10
12.9810495377,80.2296600342,77076,77086,10
12.9808397293,80.2293167114,77086,77097,11
12.9806699753,80.2290802002,77097,77107,10
12.9806499481,80.229057312,77107,77117,10
12.9805002213,80.2287597656,77117,77127,10
12.9803199768,80.2284088135,77127,77137,10
12.9801502228,80.2280578613,77137,77147,10
12.9797801971,80.2274703979,77147,77157,10
12.9794797897,80.2269592285,77157,77167,10
12.9792003632,80.2265319824,77167,77177,10
12.9787597656,80.2258224487,77177,77187,10
12.9783496857,80.2251205444,77187,77198,11
12.9780397415,80.224647522,77198,77208,10
12.977809906,80.2243804932,77208,77218,10
12.9777803421,80.2243118286,77218,77228,10
12.977640152,80.2240219116,77228,77238,10
12.977399826,80.2236099243,77238,77248,10
12.9770402908,80.2230529785,77248,77258,10
12.9769201279,80.2228317261,77258,77268,10
12.9771003723,80.2226791382,77268,77278,10
12.9772996902,80.2226791382,77278,77288,10
12.9774799347,80.2225570679,77288,77299,11
12.9774999619,80.22215271,77299,77309,10
12.9774904251,80.2216796875,77309,77319,10
12.9774599075,80.2213516235,77319,77329,10
12.9772596359,80.2212982178,77329,77339,10
12.9766302109,80.2213134766,77339,77472,133
12.9764499664,80.2211380005,77472,77947,475
12.9764499664,80.2211380005,77947,77957,10
12.9763002396,80.2212371826,77957,77967,10
12.976099968,80.221282959,77967,77977,10
12.9761800766,80.2216033936,77977,77997,20
12.9761800766,80.2216033936,77997,78007,10
12.9762296677,80.2217102051,78007,78017,10
12.9763402939,80.2219467163,78017,78027,10
12.9765501022,80.2223129272,78027,78038,11
12.9768800735,80.2228012085,78038,78048,10
12.9771900177,80.2233123779,78048,78058,10
12.9775400162,80.2238388062,78058,78068,10
12.9778795242,80.2243804932,78068,78078,10
12.9782800674,80.2250137329,78078,78088,10
12.9786596298,80.2256317139,78088,78098,10
12.9790296555,80.2262420654,78098,78108,10
12.9793996811,80.2268295288,78108,78118,10
12.97976017,80.2274398804,78118,78128,10
12.980099678,80.2279968262,78128,78139,11
12.9804296494,80.2285614014,78139,78149,10
12.9807195663,80.229057312,78149,78159,10
12.9809503555,80.2294464111,78159,78169,10
12.981300354,80.2299880981,78169,78179,10
12.9816598892,80.2305831909,78179,78189,10
12.9819402695,80.2312316895,78189,78198,9
12.9820098877,80.2317428589,78198,78209,11
12.9820203781,80.2322616577,78209,78219,10
12.9819297791,80.232749939,78219,78229,10
12.981710434,80.2332763672,78229,78239,10
12.9815502167,80.2336425781,78239,78250,11
12.9813404083,80.2340164185,78250,78260,10
12.981180191,80.2345275879,78260,78269,9
12.981180191,80.2350769043,78269,78280,11
12.9811897278,80.2358398438,78280,78290,10
12.9812002182,80.2365264893,78290,78300,10
12.9812202454,80.2372512817,78300,78310,10
12.9812402725,80.2379608154,78310,78320,10
12.9812602997,80.2384796143,78320,78330,10
12.9812602997,80.2385406494,78330,78340,10
12.9812602997,80.2388305664,78340,78351,11
12.9812803268,80.2392272949,78351,78361,10
12.9812898636,80.2395782471,78361,78371,10
12.981300354,80.240020752,78371,78381,10
12.9813098907,80.2405166626,78381,78391,10
12.9813098907,80.2411422729,78391,78407,16
12.9813098907,80.2421875,78407,78419,12
12.9813404083,80.2425765991,78419,78429,10
12.9813404083,80.2428207397,78429,78439,10
12.9813299179,80.2432403564,78439,78449,10
12.9812803268,80.2438583374,78449,78460,11
12.9811496735,80.244682312,78460,78470,10
12.9810400009,80.2455673218,78470,78479,9
12.9809503555,80.2463989258,78479,78491,12
12.9808502197,80.2475204468,78491,78501,10
12.9807796478,80.2484207153,78501,78511,10
12.9807100296,80.2493286133,78511,78520,9
12.9805898666,80.2500610352,78520,78531,11
12.9803800583,80.2509307861,78531,78543,12
12.9801797867,80.2517318726,78543,78554,11
12.9801397324,80.2519836426,78554,78565,11
12.980099678,80.2521362305,78565,78577,12
12.9800901413,80.2522125244,78577,78587,10
12.9800596237,80.2524108887,78587,78597,10
12.9801502228,80.2525863647,78597,78607,10
12.9804201126,80.2526702881,78607,78617,10
12.9808597565,80.2526626587,78617,78627,10
12.9814901352,80.2526321411,78627,78637,10
12.9821996689,80.2526016235,78637,78647,10
12.9829902649,80.2525482178,78647,78657,10
12.9838695526,80.2523803711,78657,78668,11
12.9846801758,80.2521514893,78668,78678,10
12.9852304459,80.251991272,78678,78768,90
12.9852304459,80.251991272,78768,78779,11
12.9857501984,80.2518386841,78779,78789,10
12.9858798981,80.2517776489,78789,78799,10
12.9859399796,80.2517471313,78799,78809,10
12.9863004684,80.2516937256,78809,78869,60
12.9863004684,80.2516937256,78869,78880,11
12.986579895,80.2516403198,78880,78890,10
12.9869699478,80.2515487671,78890,78900,10
12.9873800278,80.251411438,78900,78991,91
12.9873800278,80.251411438,78991,79001,10
12.9875001907,80.2514038086,79001,79011,10
12.9877796173,80.2513809204,79011,79021,10
12.987950325,80.251701355,79021,79031,10
12.9880199432,80.2521896362,79031,79041,10
12.9879598618,80.2528991699,79041,79051,10
12.987859726,80.2537994385,79051,79061,10
12.9877700806,80.254737854,79061,79071,10
12.987660408,80.2555923462,79071,79142,71
12.987660408,80.2555923462,79142,79152,10
12.9876699448,80.2556762695,79152,79162,10
12.9876203537,80.2559585571,79162,79178,16
12.9875202179,80.2568511963,79178,79190,12
12.9874401093,80.2576065063,79190,79201,11
12.9873695374,80.2584686279,79201,79211,10
12.9872598648,80.2591400146,79211,79221,10
12.9871702194,80.2594909668,79221,79231,10
12.9871702194,80.2594985962,79231,79241,10
12.9870195389,80.2596130371,79241,79251,10
12.9868202209,80.2596130371,79251,79261,10
12.9865903854,80.2595062256,79261,79271,10
12.9865999222,80.2592086792,79271,79281,10
12.9867095947,80.2590332031,79281,79292,11
12.9867200851,80.2586288452,79292,79433,141
12.9867095947,80.2585372925,79433,80816,1383
12.9867095947,80.2585372925,80816,80826,10
12.9867200851,80.2585296631,80826,84371,3545
12.9867200851,80.2585296631,84371,84381,10
