13.0142202377,80.2255172729,18,8031,8013
13.0143203735,80.2255325317,8031,9039,1008
13.0142698288,80.2256393433,9039,9321,282
13.0144100189,80.2256317139,9321,9422,101
13.0142803192,80.2256469727,9422,22217,12795
13.014380455,80.2256317139,22217,22227,10
13.014380455,80.2256317139,22227,22237,10
13.0142402649,80.2259979248,22237,22257,20
13.0142402649,80.2259979248,22257,22267,10
13.0142498016,80.2261734009,22267,22278,11
13.0139598846,80.2263565063,22278,22288,10
13.0133800507,80.2265625,22288,22298,10
13.0127601624,80.2267990112,22298,22308,10
13.0123195648,80.2269897461,22308,22620,312
13.0120801926,80.227180481,22620,22872,252
13.0120801926,80.227180481,22872,22882,10
13.0118904114,80.227180481,22882,22893,11
13.0114202499,80.2273178101,22893,22903,10
13.0107402802,80.2275924683,22903,22913,10
13.0099697113,80.2278823853,22913,22923,10
13.0095396042,80.2275238037,22923,22933,10
13.0099096298,80.2267684937,22933,22943,10
13.0102996826,80.2257995605,22943,22953,10
13.0107603073,80.2247390747,22953,22963,10
13.0111999512,80.2236404419,22963,22973,10
13.0115203857,80.2227935791,22973,22983,10
13.0117797852,80.221862793,22983,22993,10
13.0119800568,80.2207565308,22993,23002,9
13.0116996765,80.2197418213,23002,23013,11
13.011349678,80.2185592651,23013,23024,11
13.0108995438,80.2173995972,23024,23034,10
13.0105304718,80.2165222168,23034,23044,10
13.0101604462,80.2158966064,23044,23054,10
13.0098199844,80.2152099609,23054,23064,10
13.0094003677,80.214630127,23064,23074,10
13.0088596344,80.2138977051,23074,23084,10
13.0084295273,80.2134628296,23084,23114,30
13.0084295273,80.2134628296,23114,23124,10
13.0082998276,80.2133789063,23124,23134,10
13.008099556,80.2132797241,23134,23144,10
13.0079698563,80.213218689,23144,23155,11
13.0077800751,80.2130508423,23155,23165,10
13.0072603226,80.2128372192,23165,23175,10
13.0065498352,80.2127609253,23175,23185,10
13.0058698654,80.2129974365,23185,23195,10
13.0053300858,80.2127304077,23195,23205,10
13.0044202805,80.2122573853,23205,23215,10
13.0035200119,80.2120819092,23215,23225,10
13.0027704239,80.2121200562,23225,23235,10
13.0021896362,80.2123031616,23235,23245,10
13.0016498566,80.212677002,23245,23255,10
13.0012102127,80.2129974365,23255,23265,10
13.000579834,80.2135009766,23265,23276,11
12.9999103546,80.2141265869,23276,23286,10
12.9994802475,80.2145004272,23286,23296,10
12.9991102219,80.2147979736,23296,23306,10
12.998749733,80.2150802612,23306,23316,10
12.9981899261,80.2155914307,23316,23326,10
12.997590065,80.2160797119,23326,23336,10
12.9975404739,80.2161178589,23336,23346,10
12.997420311,80.2162475586,23346,23356,10
12.9972400665,80.2164535522,23356,23366,10
12.9967298508,80.2165298462,23366,23377,11
12.9960098267,80.2166900635,23377,23387,10
12.9952602386,80.2169799805,23387,23397,10
12.9946098328,80.2174301147,23397,23408,11
12.993929863,80.217918396,23408,23418,10
12.9931697845,80.2184371948,23418,23428,10
12.9923200607,80.2190704346,23428,23438,10
12.9915895462,80.2196121216,23438,23448,10
12.9910001755,80.2200393677,23448,23458,10
12.9908704758,80.2201004028,23458,23468,10
12.9905996323,80.2203292847,23468,23478,10
12.9900798798,80.2207717896,23478,23488,10
12.9894599915,80.2214736938,23488,23498,10
12.9888496399,80.2222671509,23498,23508,10
12.9880800247,80.2229614258,23508,23525,17
12.9867095947,80.2229614258,23525,23537,12
12.9856395721,80.2231369019,23537,23547,10
12.9853496552,80.2232971191,23547,23557,10
12.984629631,80.2229995728,23557,23567,10
12.983880043,80.2225494385,23567,23577,10
12.9834098816,80.2222824097,23577,23587,10
12.9832801819,80.2221908569,23587,23597,10
12.9831199646,80.2220993042,23597,23607,10
12.9826602936,80.2219009399,23607,23617,10
12.9821300507,80.2217407227,23617,23627,10
12.981760025,80.2214431763,23627,23637,10
12.9811000824,80.2211074829,23637,23647,10
12.9802303314,80.2211074829,23647,23657,10
12.9792499542,80.2211608887,23657,23668,11
12.9781398773,80.2211914063,23668,23678,10
12.9775400162,80.2212371826,23678,23688,10
12.9769001007,80.2212295532,23688,23698,10
12.9762496948,80.2212371826,23698,23708,10
12.9756498337,80.2210083008,23708,23738,30
12.9756498337,80.2210083008,23738,23748,10
12.9754199982,80.2208175659,23748,23758,10
12.9749002457,80.2205810547,23758,23768,10
12.9741601944,80.2202224731,23768,23778,10
12.9733400345,80.2199020386,23778,23788,10
12.9723701477,80.2195281982,23788,23805,17
12.9711399078,80.2191162109,23805,23817,12
12.9708900452,80.2190093994,23817,23827,10
12.9704999924,80.2188491821,23827,23836,9
12.9702701569,80.2187728882,23836,23847,11
12.9700803757,80.2186889648,23847,23857,10
12.9696702957,80.2185211182,23857,23867,10
12.9692802429,80.2183685303,23867,23877,10
12.9688396454,80.2182006836,23877,23887,10
12.9683599472,80.2180099487,23887,23897,10
12.9679298401,80.2178421021,23897,23907,10
12.9674797058,80.2176589966,23907,23918,11
12.9667797089,80.2173919678,23918,23928,10
12.9658002853,80.2170028687,23928,23938,10
12.9646902084,80.2165298462,23938,23948,10
12.9637699127,80.2161483765,23948,23958,10
12.96296978,80.2157974243,23958,23968,10
12.9628801346,80.2157592773,23968,23978,10
12.9625501633,80.2156219482,23978,23988,10
12.9619398117,80.2153778076,23988,23998,10
12.9611597061,80.2150726318,23998,24008,10
12.9602003098,80.2146911621,24008,24018,10
12.9591503143,80.2142562866,24018,24028,10
12.9580802917,80.2138290405,24028,24038,10
12.9570999146,80.213432312,24038,24049,11
12.9559497833,80.2129821777,24049,24059,10
12.954870224,80.2125701904,24059,24069,10
12.9539203644,80.2122192383,24069,24079,10
12.9537801743,80.2121582031,24079,24089,10
12.9533996582,80.2119903564,24089,24099,10
12.9527597427,80.2117385864,24099,24109,10
12.9519500732,80.2114105225,24109,24119,10
12.9510002136,80.2110366821,24119,24129,10
12.9499702454,80.2106399536,24129,24139,10
12.9490499496,80.2102813721,24139,24149,10
12.9481697083,80.2099380493,24149,24159,10
12.9470996857,80.2095031738,24159,24169,10
12.9458599091,80.2089996338,24169,24180,11
12.9446401596,80.2085189819,24180,24190,10
12.9442501068,80.2083892822,24190,24200,10
12.9440402985,80.2082824707,24200,24210,10
12.9435195923,80.2080688477,24210,24220,10
12.9429197311,80.2076263428,24220,24230,10
12.94231987,80.2069168091,24230,24240,10
12.9414997101,80.2062683105,24240,24250,10
12.9411096573,80.2060623169,24250,24260,10
12.9408302307,80.2059402466,24260,24270,10
12.9402399063,80.2057418823,24270,24280,10
12.9395103455,80.2055282593,24280,24290,10
12.9386796951,80.2052536011,24290,24301,11
12.937620163,80.2049331665,24301,24311,10
12.9365901947,80.2046432495,24311,24321,10
12.9357995987,80.2044219971,24321,24331,10
12.9349803925,80.2040634155,24331,24341,10
12.9340600967,80.2039489746,24341,24351,10
12.933719635,80.2039413452,24351,24361,10
12.933429718,80.2039031982,24361,24371,10
12.9329004288,80.2036972046,24371,24381,10
12.9322004318,80.2034378052,24381,24391,10
12.9313697815,80.203163147,24391,24401,10
12.9299497604,80.2028427124,24401,24421,20
12.9299497604,80.2028427124,24421,24432,11
12.9296197891,80.2027893066,24432,24442,10
12.9294500351,80.2027816772,24442,24452,10
12.929019928,80.2027206421,24452,24462,10
12.9285097122,80.2024765015,24462,24472,10
12.9284601212,80.2016983032,24472,24482,10
12.9284296036,80.2006988525,24482,24492,10
12.9282598495,80.1995925903,24492,24502,10
12.9278001785,80.1985931396,24502,24512,10
12.9263296127,80.1976013184,24512,24532,20
12.9263296127,80.1976013184,24532,24542,10
12.9260597229,80.1975708008,24542,24552,10
12.9255599976,80.1975479126,24552,24563,11
12.9252004623,80.197517395,24563,24573,10
12.9245901108,80.197517395,24573,24583,10
12.9238100052,80.1975021362,24583,24593,10
12.9228801727,80.1973800659,24593,24603,10
12.9218397141,80.1971969604,24603,24613,10
12.920920372,80.1968688965,24613,24623,10
12.9199399948,80.1965332031,24623,24633,10
12.9190196991,80.1960296631,24633,24643,10
12.9182100296,80.1953125,24643,24653,10
12.9174404144,80.1945877075,24653,24663,10
12.9171304703,80.1941986084,24663,24673,10
12.9170198441,80.1937637329,24673,24683,10
12.9170503616,80.193031311,24683,24694,11
12.9171600342,80.1922607422,24694,24704,10
12.9172201157,80.1916427612,24704,24714,10
12.9172401428,80.1914978027,24714,24724,10
12.91726017,80.1914520264,24724,24740,16
12.9173498154,80.1907577515,24740,24752,12
12.9174804688,80.1898422241,24752,24760,8
12.9177398682,80.1891403198,24760,24772,12
12.9184598923,80.1881713867,24772,24782,10
12.9192800522,80.1872406006,24782,24794,12
12.9202299118,80.1861495972,24794,24803,9
12.920539856,80.185218811,24803,24814,11
12.9202699661,80.1840896606,24814,24823,9
12.9200801849,80.1831665039,24823,24834,11
12.9199199677,80.1825714111,24834,24845,11
12.9198703766,80.1823501587,24845,24855,10
12.9197502136,80.1818008423,24855,24865,10
12.9195995331,80.1810684204,24865,24875,10
12.9194097519,80.1801986694,24875,24885,10
12.9190597534,80.1792221069,24885,24895,10
12.918419838,80.1783294678,24895,24905,10
12.9182500839,80.177230835,24905,24915,10
12.9183702469,80.1763763428,24915,24925,10
12.9183998108,80.1762313843,24925,24935,10
12.9184999466,80.1758422852,24935,24946,11
12.9186897278,80.1750488281,24946,24956,10
12.9188804626,80.1742172241,24956,24966,10
12.9191598892,80.1731719971,24966,24976,10
12.9194202423,80.1721420288,24976,24986,10
12.9196596146,80.1712722778,24986,24996,10
12.9197797775,80.1709136963,24996,25006,10
12.9199199677,80.170539856,25006,25016,10
12.9201402664,80.169883728,25016,25026,10
12.9203996658,80.1689987183,25026,25036,10
12.9207201004,80.1680297852,25036,25046,10
12.920999527,80.1671829224,25046,25056,10
12.9213104248,80.1661987305,25056,25066,10
12.9216499329,80.1651382446,25066,25077,11
12.9220399857,80.1639404297,25077,25087,10
12.9223804474,80.1628417969,25087,25097,10
12.9227399826,80.1617431641,25097,25107,10
12.92304039,80.1607971191,25107,25117,10
12.923119545,80.1605300903,25117,25127,10
12.9232397079,80.1602172852,25127,25137,10
12.9233398438,80.1595611572,25137,25147,10
12.9234304428,80.158706665,25147,25157,10
12.9235296249,80.157623291,25157,25167,10
12.9236297607,80.1564865112,25167,25177,10
12.9233903885,80.1549377441,25177,25197,20
12.9233903885,80.1549377441,25197,25208,11
12.9233703613,80.1547622681,25208,25218,10
12.9232597351,80.1542816162,25218,25228,10
12.9230899811,80.1535797119,25228,25238,10
12.9228801727,80.1527633667,25238,25248,10
12.9227199554,80.1519622803,25248,25258,10
12.9227104187,80.1518936157,25258,25274,16
12.9226999283,80.1517486572,25274,25286,12
12.9226799011,80.1510391235,25286,25296,10
12.9226503372,80.1503601074,25296,25306,10
12.9225902557,80.1490783691,25306,25316,10
12.9225702286,80.1479263306,25316,25326,10
12.9225597382,80.1467971802,25326,25337,11
12.9225502014,80.1455230713,25337,25347,10
12.9225196838,80.1445007324,25347,25357,10
12.9224796295,80.1436920166,25357,25367,10
12.9224596024,80.1432037354,25367,25417,50
12.9224596024,80.1432037354,25417,25427,10
12.922419548,80.142829895,25427,25437,10
12.9224300385,80.1423492432,25437,25447,10
12.9224395752,80.1418304443,25447,25458,11
12.922419548,80.1416397095,25458,25468,10
12.922419548,80.1412582397,25468,25478,10
12.922419548,80.1406021118,25478,25488,10
12.922419548,80.1397476196,25488,25498,10
12.922419548,80.1387863159,25498,25508,10
12.9224796295,80.1377410889,25508,25518,10
12.922539711,80.136680603,25518,25528,10
12.9225797653,80.1355209351,25528,25538,10
12.9226198196,80.134437561,25538,25548,10
12.922659874,80.1333236694,25548,25558,10
12.9226903915,80.1324005127,25558,25568,10
12.9226999283,80.1315002441,25568,25578,10
12.9227199554,80.1312637329,25578,25595,17
12.9227695465,80.1304397583,25595,25608,13
12.9228096008,80.1297836304,25608,25617,9
12.9228401184,80.1292724609,25617,25627,10
12.9229001999,80.1286773682,25627,25638,11
12.9229202271,80.1277999878,25638,25648,10
12.922949791,80.1270217896,25648,25658,10
12.9229602814,80.126121521,25658,25668,10
12.9230003357,80.1250762939,25668,25678,10
12.9230499268,80.1239700317,25678,25688,10
12.9230899811,80.122833252,25688,25697,9
12.9231300354,80.1218414307,25697,25707,10
12.9231796265,80.12084198,25707,25729,22
12.9231796265,80.12084198,25729,25739,10
12.9232397079,80.1205825806,25739,25749,10
12.9232797623,80.1200408936,25749,25759,10
12.9232902527,80.1193237305,25759,25769,10
12.9232902527,80.1188201904,25769,25779,10
12.9233598709,80.1180419922,25779,25789,10
12.9234399796,80.1169433594,25789,25860,71
12.9234399796,80.1169433594,25860,25870,10
12.9235401154,80.1167984009,25870,25880,10
12.9236001968,80.1169967651,25880,25890,10
12.9235401154,80.1173171997,25890,25900,10
12.9236297607,80.1176834106,25900,25920,20
12.9236297607,80.1176834106,25920,25930,10
12.9237203598,80.1177902222,25930,25940,10
12.9236803055,80.117980957,25940,25950,10
12.9236097336,80.1184616089,25950,25960,10
12.9235401154,80.1191177368,25960,25971,11
12.9234399796,80.1198425293,25971,25981,10
12.9233598709,80.1204833984,25981,25991,10
12.923330307,80.1209030151,25991,26011,20
12.9233503342,80.1210098267,26011,26051,40
12.9233398438,80.1211013794,26051,26202,151
12.9233398438,80.1211013794,26202,26212,10
12.9233102798,80.121307373,26212,26223,11
12.9232702255,80.1216812134,26223,26233,10
12.9232301712,80.1220932007,26233,26243,10
12.9231996536,80.1228027344,26243,26253,10
12.9231700897,80.1236572266,26253,26263,10
12.923119545,80.1245803833,26263,26273,10
12.9230899811,80.1254882813,26273,26283,10
12.9230298996,80.1265029907,26283,26293,10
12.9229898453,80.1274108887,26293,26303,10
12.922949791,80.1280822754,26303,26313,10
12.9229097366,80.1286773682,26313,26323,10
12.9228801727,80.12940979,26323,26333,10
12.922829628,80.1301422119,26333,26343,10
12.9228401184,80.130859375,26343,26354,11
12.922829628,80.1312179565,26354,26364,10
12.9228200912,80.131401062,26364,26374,10
12.9227800369,80.1318206787,26374,26384,10
12.9227600098,80.13256073,26384,26394,10
12.9227199554,80.1334991455,26394,26404,10
12.922659874,80.1345977783,26404,26414,10
12.9226102829,80.1356201172,26414,26424,10
12.9225702286,80.1365127563,26424,26434,10
12.9225301743,80.1374816895,26434,26444,10
12.9224901199,80.1383590698,26444,26454,10
12.9224300385,80.1393203735,26454,26464,10
12.9224500656,80.1401367188,26464,26474,10
12.9224500656,80.1406784058,26474,26485,11
12.9224700928,80.1415634155,26485,26495,10
12.9224796295,80.1423797607,26495,26505,10
12.9225101471,80.142578125,26505,26515,10
12.9225101471,80.1426773071,26515,26525,10
12.9225702286,80.143371582,26525,26553,28
12.9225702286,80.143371582,26553,26561,8
12.9225301743,80.1435699463,26561,26573,12
12.922539711,80.1442337036,26573,26583,10
12.9225797653,80.1451034546,26583,26593,10
12.9226303101,80.1462173462,26593,26603,10
12.922659874,80.1472015381,26603,26613,10
12.922659874,80.1474380493,26613,26623,10
12.9226503372,80.1479797363,26623,26634,11
12.9226398468,80.1488418579,26634,26644,10
12.9226799011,80.149810791,26644,26654,10
12.9227199554,80.150932312,26654,26664,10
12.9227600098,80.1520690918,26664,26674,10
12.9230098724,80.1531600952,26674,26684,10
12.9233102798,80.1542434692,26684,26694,10
12.92345047,80.1547470093,26694,26704,10
12.9234600067,80.1548614502,26704,26714,10
12.9235601425,80.1553192139,26714,26724,10
12.9237203598,80.1560592651,26724,26735,11
12.9236402512,80.1571426392,26735,26745,10
12.9235296249,80.1582794189,26745,26755,10
12.9234399796,80.1594390869,26755,26765,10
12.9233503342,80.1602935791,26765,26775,10
12.9232997894,80.1604614258,26775,26785,10
12.9232301712,80.1606826782,26785,26795,10
12.9230499268,80.161239624,26795,26805,10
12.9227895737,80.1619873047,26805,26815,10
12.9224596024,80.1629562378,26815,26825,10
12.9221000671,80.1640777588,26825,26835,10
12.9217300415,80.1652297974,26835,26845,10
12.9213600159,80.1663665771,26845,26855,10
12.920999527,80.1674880981,26855,26866,11
12.9206104279,80.1687164307,26866,26876,10
12.9202804565,80.1697769165,26876,26886,10
12.9199304581,80.1709823608,26886,26906,20
12.9199304581,80.1709823608,26906,26916,10
12.9198598862,80.1712036133,26916,26926,10
12.9197101593,80.171661377,26926,26936,10
12.9195203781,80.1723403931,26936,26946,10
12.9193096161,80.1731796265,26946,26956,10
12.9190597534,80.1741409302,26956,26966,10
12.9188203812,80.1752166748,26966,26976,10
12.9185199738,80.1763076782,26976,26986,10
12.9182901382,80.1774291992,26986,26997,11
12.9186496735,80.1785507202,26997,27007,10
12.9193000793,80.1795120239,27007,27017,10
12.9195804596,80.1806564331,27017,27027,10
12.919839859,80.1818237305,27027,27037,10
12.9200897217,80.1829605103,27037,27047,10
12.9203300476,80.1839828491,27047,27057,10
12.9205198288,80.1848602295,27057,27067,10
12.9206800461,80.1853790283,27067,27087,20
12.9206800461,80.1853790283,27087,27097,10
12.9206800461,80.1854782104,27097,27107,10
12.9206495285,80.1858673096,27107,27117,10
12.9202604294,80.1863937378,27117,27128,11
12.9196996689,80.1870193481,27128,27138,10
12.9191303253,80.1876525879,27138,27148,10
12.9184999466,80.188369751,27148,27158,10
12.9178304672,80.1891708374,27158,27168,10
12.9175395966,80.1900482178,27168,27178,10
12.917429924,80.1908416748,27178,27188,10
12.9173297882,80.1918106079,27188,27198,10
12.9171495438,80.193107605,27198,27228,30
12.9171495438,80.193107605,27228,27238,10
12.9171199799,80.1931915283,27238,27248,10
12.9170999527,80.193397522,27248,27259,11
12.9171104431,80.1937484741,27259,27269,10
12.9171895981,80.1941299438,27269,27285,16
12.9175195694,80.1945800781,27285,27297,12
12.9181604385,80.1951904297,27297,27307,10
12.9186697006,80.1956634521,27307,27316,9
12.9194202423,80.1962585449,27316,27327,11
12.9205303192,80.1967163086,27327,27337,10
12.9212799072,80.1969604492,27337,27347,10
12.9221601486,80.1972503662,27347,27357,10
12.9232301712,80.1974105835,27357,27367,10
12.9243297577,80.197479248,27367,27377,10
12.9251804352,80.1974563599,27377,27388,11
12.9255199432,80.197479248,27388,27398,10
12.9260797501,80.1975021362,27398,27408,10
12.9268198013,80.1977005005,27408,27418,10
12.9275398254,80.1981887817,27418,27428,10
12.9280195236,80.1988601685,27428,27438,10
12.928440094,80.1998977661,27438,27448,10
12.9285297394,80.200843811,27448,27458,10
12.928560257,80.2016677856,27458,27468,10
12.928560257,80.2020568848,27468,27478,10
12.9286403656,80.2025222778,27478,27488,10
12.929400444,80.2027282715,27488,27509,21
12.929400444,80.2027282715,27509,27519,10
12.9296302795,80.2027893066,27519,27529,10
12.9301595688,80.2028579712,27529,27539,10
12.9307203293,80.2029571533,27539,27555,16
12.9319200516,80.2033233643,27555,27567,12
12.9329099655,80.20362854,27567,27577,10
12.933549881,80.2038497925,27577,27586,9
12.9340200424,80.2039031982,27586,27617,31
12.9340200424,80.2039031982,27617,27626,9
12.9342403412,80.2039413452,27626,27638,12
12.9346399307,80.2039871216,27638,27648,10
12.934920311,80.2040481567,27648,27658,10
12.9354400635,80.204246521,27658,27668,10
12.9361600876,80.204498291,27668,27678,10
12.9369697571,80.2047271729,27678,27688,10
12.9378404617,80.2049789429,27688,27698,10
12.938659668,80.2052078247,27698,27708,10
12.9395599365,80.2054824829,27708,27718,10
12.9400901794,80.2056427002,27718,27728,10
12.9401102066,80.2056427002,27728,27738,10
12.940199852,80.2056808472,27738,27748,10
12.940580368,80.2058029175,27748,27758,10
12.9411401749,80.2060089111,27758,27769,11
12.9418497086,80.2064590454,27769,27779,10
12.9425497055,80.2070083618,27779,27789,10
12.9430103302,80.2076034546,27789,27799,10
12.9435100555,80.2080383301,27799,27809,10
12.9443902969,80.2083587646,27809,27839,30
12.9443902969,80.2083587646,27839,27849,10
12.9446001053,80.2084732056,27849,27859,10
12.9450502396,80.2086410522,27859,27869,10
12.945690155,80.2088775635,27869,27879,10
12.9463796616,80.2091369629,27879,27889,10
12.9470100403,80.2093811035,27889,27900,11
12.9476299286,80.2096176147,27900,27910,10
12.9481697083,80.2098083496,27910,27920,10
12.9487199783,80.2100296021,27920,27930,10
12.9494800568,80.2103271484,27930,27940,10
12.9504299164,80.2107009888,27940,27950,10
12.951379776,80.2110824585,27950,27960,10
12.9521999359,80.2114028931,27960,27970,10
12.9528999329,80.2116775513,27970,27980,10
12.9535198212,80.2119522095,27980,27990,10
12.9542703629,80.2122421265,27990,28000,10
12.9551401138,80.2125930786,28000,28010,10
12.9560003281,80.2129211426,28010,28021,11
12.9569196701,80.2132568359,28021,28031,10
12.95773983,80.2136001587,28031,28041,10
12.9586400986,80.2139587402,28041,28051,10
12.9595804214,80.2143630981,28051,28061,10
12.9604902267,80.2147369385,28061,28071,10
12.9611797333,80.2150115967,28071,28081,10
12.9619598389,80.2153167725,28081,28091,10
12.9627103806,80.2156066895,28091,28101,10
12.9633903503,80.2158813477,28101,28111,10
12.9638996124,80.2161178589,28111,28121,10
12.9645900726,80.2164077759,28121,28131,10
12.9652900696,80.2166671753,28131,28141,10
12.9659204483,80.2169189453,28141,28152,11
12.9665298462,80.2171630859,28152,28162,10
12.967040062,80.2173614502,28162,28172,10
12.9675102234,80.2175521851,28172,28182,10
12.9679403305,80.2177276611,28182,28192,10
12.9683904648,80.2179107666,28192,28202,10
12.9690504074,80.2181625366,28202,28212,10
12.9698600769,80.2184677124,28212,28222,10
12.9706201553,80.2187728882,28222,28232,10
12.9713001251,80.2189788818,28232,28252,20
12.9713001251,80.2189788818,28252,28262,10
12.9716396332,80.2191085815,28262,28272,10
12.9720897675,80.2193222046,28272,28283,11
12.9727697372,80.2195968628,28283,28293,10
12.9734897614,80.2198562622,28293,28303,10
12.9741401672,80.220161438,28303,28313,10
12.9746103287,80.2203903198,28313,28333,20
12.9746103287,80.2204666138,28333,28353,20
12.9746103287,80.2204666138,28353,28363,10
12.9746999741,80.2204971313,28363,28373,10
12.9749603271,80.2205810547,28373,28383,10
12.9753103256,80.220703125,28383,28393,10
12.975689888,80.2208786011,28393,28403,10
12.9758796692,80.2210388184,28403,28414,11
12.9762201309,80.2212524414,28414,28444,30
12.9762201309,80.2212524414,28444,28454,10
12.9763498306,80.2212295532,28454,28464,10
12.9766101837,80.2212371826,28464,28474,10
12.9770498276,80.2212600708,28474,28484,10
12.9775600433,80.2212295532,28484,28494,10
12.9781198502,80.2212219238,28494,28504,10
12.9787101746,80.2211608887,28504,28514,10
12.9792804718,80.2211074829,28514,28524,10
12.9799203873,80.2210693359,28524,28535,11
12.9806604385,80.2210083008,28535,28544,9
12.9809799194,80.2210388184,28544,28555,11
12.9809999466,80.221031189,28555,28565,10
12.9812803268,80.2211227417,28565,28575,10
12.9815502167,80.2212677002,28575,28585,10
12.9819297791,80.2215423584,28585,28595,10
12.9828195572,80.2218780518,28595,28635,40
12.9828195572,80.2218780518,28635,28645,10
12.983039856,80.2220077515,28645,28655,10
12.9833803177,80.2222137451,28655,28666,11
12.9836997986,80.2223968506,28666,28676,10
12.9841003418,80.2226409912,28676,28686,10
12.9846401215,80.2229766846,28686,28696,10
12.9852199554,80.2232666016,28696,28706,10
12.9855003357,80.2232208252,28706,28716,10
12.9859199524,80.2229690552,28716,28726,10
12.9864797592,80.2229766846,28726,28736,10
12.9869203568,80.2230377197,28736,28746,10
12.9876003265,80.2230987549,28746,28756,10
12.9882698059,80.2227325439,28756,28766,10
12.9889001846,80.2220993042,28766,28776,10
12.9894199371,80.2213363647,28776,28787,11
12.9904298782,80.2203369141,28787,28807,20
12.9904298782,80.2203369141,28807,28817,10
12.9906101227,80.2202224731,28817,28827,10
12.990940094,80.2199478149,28827,28837,10
12.9914999008,80.219543457,28837,28847,10
12.9920301437,80.2191390991,28847,28857,10
12.9926300049,80.218711853,28857,28867,10
12.9933900833,80.2181625366,28867,28877,10
12.994099617,80.2176818848,28877,28887,10
12.9947004318,80.2172470093,28887,28897,10
12.9952898026,80.2168579102,28897,28907,10
12.9960298538,80.2166137695,28907,28917,10
12.9967403412,80.2164764404,28917,28928,11
12.9974098206,80.2161712646,28928,28948,20
12.9974098206,80.2161712646,28948,28958,10
12.9975996017,80.2160415649,28958,28968,10
12.9979200363,80.2157516479,28968,28978,10
12.9983596802,80.2153091431,28978,28988,10
12.9989404678,80.2148208618,28988,28998,10
12.9991998672,80.2146224976,28998,29008,10
12.9994897842,80.2143783569,29008,29018,10
12.9999704361,80.2139892578,29018,29028,10
13.0003900528,80.2136001587,29028,29038,10
13.0009498596,80.2131118774,29038,29049,11
13.0016002655,80.212638855,29049,29059,10
13.0022201538,80.2122573853,29059,29069,10
13.0027999878,80.2120819092,29069,29079,10
13.0034799576,80.2120513916,29079,29089,10
13.0040998459,80.2120666504,29089,29099,10
13.0047302246,80.2123413086,29099,29109,10
13.00522995,80.2127227783,29109,29119,10
13.0060195923,80.2128601074,29119,29129,10
13.0068397522,80.2127304077,29129,29139,10
13.0078001022,80.2129592896,29139,29180,41
13.0078001022,80.2129592896,29180,29190,10
13.008099556,80.2132263184,29190,29200,10
13.0081501007,80.2132720947,29200,29210,10
13.0083703995,80.2133483887,29210,29220,10
13.0087099075,80.2136535645,29220,29230,10
13.0091600418,80.2142410278,29230,29240,10
13.0095396042,80.2147827148,29240,29250,10
13.0099096298,80.2152404785,29250,29260,10
13.010310173,80.2157974243,29260,29270,10
13.010720253,80.2164306641,29270,29280,10
13.0109395981,80.2170562744,29280,29290,10
13.0112895966,80.2178573608,29290,29300,10
13.0115804672,80.2186584473,29300,29311,11
13.0120697021,80.2199935913,29311,29321,10
13.0124101639,80.2209701538,29321,29331,10
13.0126399994,80.2215881348,29331,29341,10
13.0131397247,80.2221832275,29341,29351,10
13.0135602951,80.2226791382,29351,29361,10
13.013999939,80.2232513428,29361,29371,10
13.0142602921,80.2236785889,29371,29381,10
13.0146102905,80.2240829468,29381,29391,10
13.0153598785,80.2248764038,29391,29411,20
13.0153598785,80.2248764038,29411,29421,10
13.0156097412,80.2250366211,29421,29431,10
13.0160799026,80.2253036499,29431,29442,11
13.0168199539,80.225189209,29442,29452,10
13.017490387,80.2249298096,29452,29462,10
13.018239975,80.2246170044,29462,29472,10
13.0190296173,80.224357605,29472,29482,10
13.0197296143,80.2244873047,29482,29492,10
13.0200595856,80.2247161865,29492,29502,10
13.0203399658,80.2249069214,29502,29512,10
13.0209102631,80.2253265381,29512,29522,10
13.0215196609,80.2258071899,29522,29532,10
13.0219497681,80.2260894775,29532,29542,10
13.0219497681,80.2260971069,29542,29552,10
13.0221500397,80.2262878418,29552,29562,10
13.0226097107,80.2266921997,29562,29573,11
13.0232601166,80.2273025513,29573,29590,17
13.024189949,80.2282791138,29590,29602,12
13.0245304108,80.228729248,29602,29612,10
13.0247001648,80.2289733887,29612,29621,9
13.0250701904,80.2294387817,29621,29630,9
13.0257797241,80.2304229736,29630,29653,23
13.0257797241,80.2304229736,29653,29663,10
13.0259103775,80.23072052,29663,29673,10
13.02602005,80.2311935425,29673,29683,10
13.0263299942,80.2313079834,29683,29693,10
13.0270700455,80.2311019897,29693,29704,11
13.0279998779,80.2309494019,29704,29714,10
13.0289096832,80.2308425903,29714,29737,23
13.0300998688,80.23072052,29737,29749,12
13.0309400558,80.2306594849,29749,29759,10
13.0315504074,80.2306289673,29759,29769,10
13.0320901871,80.2305984497,29769,29779,10
13.0329504013,80.2305374146,29779,29789,10
13.0337200165,80.23046875,29789,29799,10
13.0342302322,80.230430603,29799,29809,10
13.0347499847,80.2302703857,29809,29850,41
13.0347499847,80.2302703857,29850,29860,10
13.0350198746,80.230140686,29860,29869,9
13.0351295471,80.2299575806,29869,29880,11
13.0349397659,80.2298431396,29880,29889,9
13.0345401764,80.2297821045,29889,29910,21
13.0345401764,80.2297821045,29910,29920,10
13.0342702866,80.2298736572,29920,30071,151
13.0341997147,80.2302627563,30071,30102,31
13.0341997147,80.2302627563,30102,30112,10
13.0339603424,80.2304611206,30112,30122,10
13.0334596634,80.2304611206,30122,30132,10
13.0326499939,80.2305374146,30132,30142,10
13.031920433,80.2306213379,30142,30152,10
13.0312595367,80.230682373,30152,30162,10
13.0307302475,80.2307434082,30162,30172,10
13.0302200317,80.2307891846,30172,30182,10
13.0299501419,80.2308273315,30182,30192,10
13.0296201706,80.2308807373,30192,30202,10
13.0291500092,80.2309036255,30202,30213,11
13.028550148,80.2309494019,30213,30223,10
13.0282402039,80.2310028076,30223,30233,10
13.0279798508,80.2309875488,30233,30243,10
13.0277500153,80.2310562134,30243,30253,10
13.0277099609,80.2314605713,30253,30263,10
13.0277795792,80.2320785522,30263,30279,16
13.0277500153,80.2328186035,30279,30291,12
13.0270700455,80.2329788208,30291,30342,51
13.0270700455,80.2329788208,30342,30352,10
13.0268802643,80.232963562,30352,30361,9
13.0266599655,80.2329864502,30361,30372,11
13.0263700485,80.2327804565,30372,30382,10
13.0261697769,80.2321624756,30382,30392,10
13.0259895325,80.2314300537,30392,30402,10
13.0256595612,80.2304992676,30402,30412,10
13.0250396729,80.2295837402,30412,30422,10
13.0247001648,80.2291717529,30422,30452,30
13.0247001648,80.2291717529,30452,30462,10
13.0245304108,80.2289581299,30462,30473,11
13.0242300034,80.2285308838,30473,30483,10
13.0238103867,80.2279663086,30483,30493,10
13.0233297348,80.2275466919,30493,30503,10
13.0230998993,80.2273788452,30503,30513,10
13.022600174,80.226890564,30513,30523,10
13.0219497681,80.2263031006,30523,30533,10
13.0211000443,80.2256317139,30533,30543,10
13.0201196671,80.2249526978,30543,30559,16
13.0183401108,80.2246780396,30559,30571,12
13.0170602798,80.2252426147,30571,30580,9
13.0164003372,80.2255172729,30580,30591,11
13.01583004,80.2257003784,30591,30602,11
13.0151596069,80.226020813,30602,30612,10
13.0150203705,80.2260894775,30612,30622,10
13.0146598816,80.2261810303,30622,30632,10
13.0144195557,80.2262496948,30632,30641,9
13.0141401291,80.226348877,30641,30652,11
13.0135202408,80.2265930176,30652,30662,10
13.0125703812,80.2269287109,30662,30672,10
13.0115404129,80.2273483276,30672,30682,10
13.0104799271,80.2277908325,30682,30692,10
13.0096302032,80.2279205322,30692,30702,10
13.0096797943,80.2272567749,30702,30712,10
13.0100698471,80.2264099121,30712,30722,10
13.0105199814,80.225479126,30722,30733,11
13.010720253,80.2250213623,30733,30743,10
13.0107603073,80.224937439,30743,30753,10
13.0109100342,80.2245483398,30753,30763,10
13.0111999512,80.2237930298,30763,30773,10
13.0113697052,80.2233581543,30773,30783,10
13.0114202499,80.2232208252,30783,30793,10
13.0115604401,80.2228927612,30793,30803,10
13.0118198395,80.2221908569,30803,30813,10
13.0120601654,80.2214431763,30813,30823,10
13.0120697021,80.2207717896,30823,30833,10
13.0118303299,80.2200698853,30833,30843,10
13.0115499496,80.2192306519,30843,30852,9
13.0112800598,80.2183532715,30852,30864,12
13.0108203888,80.2171325684,30864,30874,10
13.0103797913,80.2162628174,30874,30884,10
13.010020256,80.2155914307,30884,30894,10
13.0098695755,80.2152786255,30894,30904,10
13.0095996857,80.2148666382,30904,30914,10
13.0091295242,80.2142410278,30914,30924,10
13.0086898804,80.2136764526,30924,30934,10
13.0083599091,80.213432312,30934,30964,30
13.0083599091,80.213432312,30964,30974,10
13.0081195831,80.2133026123,30974,30985,11
13.0079603195,80.2132034302,30985,31074,89
13.0079603195,80.2132034302,31074,31084,10
13.0077400208,80.2130203247,31084,31095,11
13.0072803497,80.2128295898,31095,31105,10
13.0067901611,80.2127609253,31105,31116,11
13.0061197281,80.2129592896,31116,31126,10
13.0054397583,80.2128295898,31126,31136,10
13.0047998428,80.2124099731,31136,31146,10
13.0042104721,80.2121810913,31146,31156,10
13.0035495758,80.2121200562,31156,31166,10
13.0030002594,80.2121200562,31166,31176,10
13.0025501251,80.2121810913,31176,31186,10
13.0020799637,80.2124176025,31186,31196,10
13.0015201569,80.2128219604,31196,31206,10
13.001250267,80.2130432129,31206,31216,10
13.0008096695,80.2133789063,31216,31226,10
13.0003004074,80.2138137817,31226,31236,10
12.9998197556,80.2142410278,31236,31247,11
12.9993495941,80.2146377563,31247,31257,10
12.99903965,80.2149429321,31257,31267,10
12.9986000061,80.2153396606,31267,31277,10
12.9980401993,80.2158889771,31277,31287,10
12.9975004196,80.216293335,31287,31297,10
12.9973201752,80.2164764404,31297,31337,40
12.9973201752,80.2164764404,31337,31347,10
12.9972295761,80.2165374756,31347,31357,10
12.9968996048,80.2165985107,31357,31367,10
12.9963302612,80.2166671753,31367,31378,11
12.9954500198,80.2169418335,31378,31388,10
12.994720459,80.2173614502,31388,31398,10
12.9940299988,80.217880249,31398,31408,10
12.9932203293,80.2185211182,31408,31418,10
12.992389679,80.219078064,31418,31428,10
12.991519928,80.2197113037,31428,31438,10
12.9909000397,80.220123291,31438,31448,10
12.9907798767,80.2202224731,31448,31458,10
12.9905500412,80.2203674316,31458,31468,10
12.9900903702,80.2207565308,31468,31478,10
12.9896402359,80.2213516235,31478,31488,10
12.9894104004,80.221572876,31488,31498,10
12.9889802933,80.2221298218,31498,31509,11
12.9883203506,80.2227783203,31509,31519,10
12.9876899719,80.2231292725,31519,31529,10
12.9871196747,80.2230606079,31529,31539,10
12.9867801666,80.2230072021,31539,31549,10
12.9860496521,80.2230300903,31549,31559,10
12.98554039,80.2233428955,31559,31569,10
12.9850301743,80.2232589722,31569,31579,10
12.9843997955,80.2228775024,31579,31588,9
12.9839401245,80.2226028442,31588,31599,11
12.9836196899,80.2223815918,31599,31609,10
12.9832696915,80.2221832275,31609,31640,31
12.9832696915,80.2221832275,31640,31650,10
12.9829597473,80.2220077515,31650,31660,10
12.9826002121,80.2218780518,31660,31670,10
12.9819202423,80.221496582,31670,31680,10
12.9812498093,80.2210998535,31680,31690,10
12.9804897308,80.2210998535,31690,31700,10
12.979590416,80.2211380005,31700,31710,10
12.9788398743,80.2211608887,31710,31720,10
12.9781198502,80.2211990356,31720,31730,10
12.9775800705,80.2212677002,31730,31740,10
12.9769201279,80.2212905884,31740,31750,10
12.9760904312,80.221321106,31750,31781,31
12.9760904312,80.221321106,31781,31791,10
12.9756603241,80.2210998535,31791,31821,30
12.9756603241,80.2210998535,31821,31831,10
12.9755401611,80.2209777832,31831,31841,10
12.9754600525,80.2209320068,31841,31851,10
12.9753599167,80.2208175659,31851,31861,10
12.9750995636,80.220703125,31861,31871,10
12.9745903015,80.2204666138,31871,31881,10
12.9740695953,80.2202529907,31881,31891,10
12.9737300873,80.2201004028,31891,31902,11
12.9732599258,80.2198791504,31902,31912,10
12.9725904465,80.219619751,31912,31922,10
12.9718599319,80.2193832397,31922,31932,10
12.9710798264,80.2191925049,31932,31952,20
12.9710798264,80.2191925049,31952,31962,10
12.9708099365,80.219039917,31962,31972,10
12.9703197479,80.2187728882,31972,31982,10
12.9696397781,80.21849823,31982,31992,10
12.9689598083,80.2182388306,31992,32002,10
12.9682798386,80.2179718018,32002,32216,214
12.9495601654,80.2104721069,32216,32228,12
12.948559761,80.2100830078,32228,32238,10
12.9474697113,80.2096633911,32238,32248,10
12.9465198517,80.2092971802,32248,32258,10
12.9453401566,80.2088165283,32258,32268,10
12.9446296692,80.2085189819,32268,32277,9
12.9442396164,80.2083892822,32277,32288,11
12.9441604614,80.2083587646,32288,32299,11
12.9437303543,80.2081832886,32299,32309,10
12.9431200027,80.2078399658,32309,32319,10
12.9428796768,80.2075500488,32319,32359,40
12.9428796768,80.2075500488,32359,32369,10
12.9426498413,80.2072067261,32369,32379,10
12.9422397614,80.2068099976,32379,32389,10
12.9416303635,80.2063293457,32389,32399,10
12.9411001205,80.2060394287,32399,32409,10
12.9410104752,80.2059783936,32409,32419,10
12.9406204224,80.2058181763,32419,32430,11
12.9398803711,80.2056121826,32430,32440,10
12.9391803741,80.205368042,32440,32450,10
12.9384298325,80.2051696777,32450,32460,10
12.9376802444,80.2049636841,32460,32470,10
12.9368400574,80.2047424316,32470,32480,10
12.9360198975,80.204498291,32480,32490,10
12.9355401993,80.2043380737,32490,32500,10
12.9350099564,80.2041091919,32500,32510,10
12.9343099594,80.2039794922,32510,32520,10
12.9337596893,80.2039413452,32520,32530,10
12.9336500168,80.2039413452,32530,32540,10
12.9333295822,80.2038803101,32540,32551,11
12.9327602386,80.20362854,32551,32561,10
12.9320497513,80.2033920288,32561,32571,10
12.9313297272,80.2031478882,32571,32581,10
12.9306201935,80.2029418945,32581,32591,10
12.9298801422,80.2028427124,32591,32601,10
12.9294996262,80.202796936,32601,32611,10
12.9293403625,80.2027816772,32611,32621,10
12.9289503098,80.2027130127,32621,32631,10
12.9285097122,80.2024307251,32631,32641,10
12.9284601212,80.2016677856,32641,32651,10
12.9284200668,80.2008514404,32651,32661,10
12.9283704758,80.1999816895,32661,32671,10
12.9280900955,80.1992111206,32671,32682,11
12.9277601242,80.1985626221,32682,32692,10
12.9272499084,80.1979904175,32692,32702,10
12.9265699387,80.1976318359,32702,32712,10
12.9259300232,80.197517395,32712,32722,10
12.925450325,80.1975479126,32722,32732,10
12.9251203537,80.197517395,32732,32742,10
12.9244499207,80.197517395,32742,32752,10
12.9237003326,80.1974868774,32752,32762,10
12.9229297638,80.1974029541,32762,32772,10
12.922129631,80.197303772,32772,32782,10
12.9215402603,80.1971206665,32782,32792,10
12.9213199615,80.197052002,32792,32802,10
12.9211702347,80.1969985962,32802,32813,11
12.9207897186,80.1968612671,32813,32823,10
12.920249939,80.1966705322,32823,32833,10
12.9195404053,80.1964035034,32833,32843,10
12.9190702438,80.1960678101,32843,32853,10
12.9188404083,80.1958694458,32853,32863,10
12.9184303284,80.1955032349,32863,32873,10
12.9175796509,80.194732666,32873,32974,101
12.9175796509,80.194732666,32974,32984,10
12.9173498154,80.1943969727,32984,32994,10
12.9171695709,80.1941375732,32994,33004,10
12.9170503616,80.1937026978,33004,33014,10
12.9170198441,80.1932067871,33014,33024,10
12.9170703888,80.1927108765,33024,33034,10
12.917140007,80.1922607422,33034,33044,10
12.9172000885,80.1917419434,33044,33054,10
12.9172496796,80.1914215088,33054,33065,11
12.91726017,80.19140625,33065,33075,10
12.9173002243,80.1912612915,33075,33085,10
12.9173603058,80.1908111572,33085,33095,10
12.9174203873,80.1900787354,33095,33105,10
12.9176502228,80.1892700195,33105,33115,10
12.9182596207,80.1884002686,33115,33125,10
12.9188404083,80.1877593994,33125,33135,10
12.919549942,80.1869735718,33135,33145,10
12.9203195572,80.186088562,33145,33155,10
12.9205598831,80.1851806641,33155,33165,10
12.9203996658,80.1846084595,33165,33175,10
12.92029953,80.1843414307,33175,33185,10
12.9202899933,80.1842422485,33185,33195,10
12.9202203751,80.1838226318,33195,33206,11
12.9199399948,80.1825790405,33206,33226,20
12.9199399948,80.1825790405,33226,33236,10
12.9198904037,80.1823730469,33236,33246,10
12.9197797775,80.1818084717,33246,33256,10
12.9196395874,80.1810684204,33256,33266,10
12.9194498062,80.1801986694,33266,33276,10
12.9190998077,80.1792373657,33276,33286,10
12.9184398651,80.1783065796,33286,33296,10
12.9182500839,80.1772384644,33296,33306,10
12.9184503555,80.1761322021,33306,33316,10
12.9187402725,80.1750335693,33316,33327,11
12.9190502167,80.1737594604,33327,33337,10
12.9193296432,80.1726837158,33337,33347,10
12.9195203781,80.1719436646,33347,33357,10
12.9196300507,80.1715087891,33357,33367,10
12.9196300507,80.1715011597,33367,33377,10
12.9196796417,80.1714019775,33377,33387,10
12.9198102951,80.1710281372,33387,33397,10
12.9200201035,80.1703567505,33397,33407,10
12.92029953,80.1694564819,33407,33417,10
12.9206199646,80.1684188843,33417,33427,10
12.9209299088,80.1674575806,33427,33436,9
12.9212303162,80.1665115356,33436,33447,11
12.921620369,80.1653213501,33447,33458,11
12.9219799042,80.1642227173,33458,33468,10
12.9222202301,80.1633987427,33468,33478,10
12.9223604202,80.1629562378,33478,33488,10
12.922419548,80.1627883911,33488,33498,10
12.9224996567,80.1625595093,33498,33508,10
12.9226303101,80.162071228,33508,33518,10
12.922829628,80.1614608765,33518,33528,10
12.9230203629,80.1608276367,33528,33538,10
12.9230899811,80.1605377197,33538,33548,10
12.923119545,80.1604766846,33548,33558,10
12.9232301712,80.1601104736,33558,33568,10
12.923330307,80.1593933105,33568,33578,10
12.9234304428,80.1584472656,33578,33589,11
12.9235401154,80.1573486328,33589,33599,10
12.9236001968,80.1565933228,33599,33609,10
12.9236497879,80.1560287476,33609,33619,10
12.9234600067,80.1552886963,33619,33629,10
12.9233503342,80.1549377441,33629,33639,10
12.9233398438,80.1549224854,33639,33649,10
12.9232597351,80.1545333862,33649,33659,10
12.923119545,80.1539077759,33659,33669,10
12.922949791,80.1531677246,33669,33679,10
12.9227895737,80.1526565552,33679,33689,10
12.922750473,80.1525802612,33689,33699,10
12.9227199554,80.15234375,33699,33709,10
12.922659874,80.1520004272,33709,33720,11
12.922659874,80.1515197754,33720,33730,10
12.9226398468,80.1508026123,33730,33740,10
12.9226198196,80.1500015259,33740,33750,10
12.9225797653,80.1491394043,33750,33760,10
12.922539711,80.1482086182,33760,33770,10
12.9225196838,80.1474914551,33770,33780,10
12.9225502014,80.1468582153,33780,33790,10
12.922539711,80.1462631226,33790,33800,10
12.9225196838,80.1454925537,33800,33810,10
12.9224796295,80.1446380615,33810,33820,10
12.9224395752,80.1436462402,33820,33830,10
12.9224100113,80.1429977417,33830,33840,10
12.922419548,80.1425704956,33840,33851,11
12.9223804474,80.1421203613,33851,33861,10
12.9223804474,80.142036438,33861,33871,10
12.9224004745,80.1417617798,33871,33881,10
12.9223899841,80.1412963867,33881,33891,10
12.922369957,80.1407089233,33891,33901,10
12.922369957,80.1402435303,33901,33911,10
12.9223604202,80.1395187378,33911,33921,10
12.9223499298,80.1389389038,33921,33931,10
12.9223899841,80.138420105,33931,33941,10
12.922419548,80.137878418,33941,33951,10
12.9224596024,80.1372909546,33951,33961,10
12.9224996567,80.1365890503,33961,33972,11
12.9225301743,80.1357192993,33972,33982,10
12.9225597382,80.1347427368,33982,33992,10
12.9226198196,80.1337432861,33992,34002,10
12.9226303101,80.1330184937,34002,34011,9
12.9226198196,80.1327590942,34011,34022,11
12.922659874,80.132270813,34022,34032,10
12.9226703644,80.1315383911,34032,34042,10
12.9226799011,80.1312103271,34042,34052,10
12.9227399826,80.1309814453,34052,34062,10
12.9227399826,80.130569458,34062,34072,10
12.9227695465,80.1298675537,34072,34082,10
12.9228000641,80.129119873,34082,34092,10
12.9228496552,80.1283187866,34092,34103,11
12.9229202271,80.127243042,34103,34113,10
12.9230098724,80.1249694824,34113,34123,10
12.9230098724,80.1249694824,34123,34133,10
12.9230604172,80.1238098145,34133,34143,10
12.9231004715,80.1226501465,34143,34153,10
12.9231395721,80.1215667725,34153,34163,10
12.9231700897,80.1205291748,34163,34214,51
12.9231700897,80.1205291748,34214,34224,10
12.9232397079,80.1203308105,34224,34235,11
12.9232597351,80.1198501587,34235,34245,10
12.9232501984,80.1190795898,34245,34255,10
12.9232797623,80.1181564331,34255,34265,10
12.9233903885,80.1170806885,34265,35000,735
12.9233903885,80.1170806885,35000,35011,11
12.9235401154,80.116897583,35011,35021,10
12.9235401154,80.1167831421,35021,35031,10
12.9236803055,80.1169128418,35031,35041,10
12.9235601425,80.1173171997,35041,35051,10
12.9236803055,80.1176528931,35051,35061,10
12.9236001968,80.1180877686,35061,35071,10
12.9235401154,80.1187362671,35071,35081,10
12.92345047,80.1194915771,35081,35091,10
12.9233999252,80.1200866699,35091,35101,10
12.9234199524,80.1202392578,35101,35111,10
12.9233598709,80.1205825806,35111,35121,10
12.9233102798,80.1210708618,35121,35131,10
12.9233398438,80.121421814,35131,35776,645
12.9233398438,80.121421814,35776,35787,11
12.9232997894,80.1216812134,35787,35797,10
12.9232597351,80.1222915649,35797,35807,10
12.923210144,80.1229934692,35807,35817,10
12.9231700897,80.1237487793,35817,35827,10
12.9231395721,80.1244812012,35827,35837,10
12.9231004715,80.1252975464,35837,35847,10
12.92304039,80.1259994507,35847,35857,10
12.9230098724,80.1267929077,35857,35867,10
12.9229803085,80.1274108887,35867,35877,10
12.9229602814,80.1278305054,35877,35887,10
12.9229402542,80.1282196045,35887,35897,10
12.9229001999,80.1286468506,35897,35907,10
12.9228601456,80.1292037964,35907,35918,11
12.922829628,80.129737854,35918,35928,10
12.9228096008,80.1304168701,35928,35938,10
12.9228096008,80.1310424805,35938,35948,10
12.9228096008,80.131187439,35948,35958,10
12.9227895737,80.1315231323,35958,35968,10
12.9227600098,80.1321182251,35968,35978,10
12.9227304459,80.1328277588,35978,35988,10
12.9226999283,80.1337127686,35988,35998,10
12.9226398468,80.134803772,35998,36007,9
12.9225997925,80.1356582642,36007,36018,11
12.9225597382,80.1367874146,36018,36028,10
12.9224996567,80.1376876831,36028,36038,10
12.9224500656,80.1385879517,36038,36049,11
12.9224100113,80.1395568848,36049,36059,10
12.922419548,80.1401367188,36059,36069,10
12.9224300385,80.1406173706,36069,36079,10
12.9224395752,80.1413879395,36079,36089,10
12.9224500656,80.1421432495,36089,36099,10
12.9224996567,80.1427078247,36099,36139,40
12.9224996567,80.1427078247,36139,36149,10
12.922539711,80.1429214478,36149,36159,10
12.9225702286,80.1435394287,36159,36190,31
12.9225702286,80.1435394287,36190,36200,10
12.9225597382,80.1438522339,36200,36210,10
12.9225502014,80.14427948,36210,36220,10
12.9225797653,80.1450576782,36220,36230,10
12.9226303101,80.1458587646,36230,36240,10
12.9226303101,80.1465301514,36240,36250,10
12.922659874,80.1472167969,36250,36260,10
12.922659874,80.1473999023,36260,36269,9
12.9226703644,80.1475601196,36269,36280,11
12.9226503372,80.1481399536,36280,36290,10
12.922659874,80.14894104,36290,36300,10
12.9226903915,80.1499328613,36300,36310,10
12.9227199554,80.1508636475,36310,36321,11
12.9227399826,80.1516113281,36321,36331,10
12.9227800369,80.1522064209,36331,36341,10
12.9229402542,80.1528778076,36341,36351,10
12.9231395721,80.1536178589,36351,36361,10
12.9234199524,80.1546173096,36361,36381,20
12.9234199524,80.1546173096,36381,36391,10
12.9234800339,80.154838562,36391,36401,10
12.9235801697,80.1553421021,36401,36411,10
12.923740387,80.1561126709,36411,36421,10
12.9236602783,80.1569976807,36421,36431,10
12.9235696793,80.1578521729,36431,36442,11
12.923500061,80.1587371826,36442,36452,10
12.9234199524,80.159538269,36452,36462,10
12.9233503342,80.1602020264,36462,36472,10
12.9232997894,80.1603927612,36472,36482,10
12.9232597351,80.1604766846,36482,36492,10
12.9231500626,80.1607971191,36492,36502,10
12.922949791,80.1614532471,36502,36512,10
12.9226903915,80.1622695923,36512,36522,10
12.922419548,80.1631469727,36522,36532,10
12.9221601486,80.1640167236,36532,36542,10
12.9218997955,80.1648330688,36542,36552,10
12.9215803146,80.165802002,36552,36562,10
12.9212999344,80.1666412354,36562,36573,11
12.9210100174,80.1676712036,36573,36583,10
12.9207696915,80.1683502197,36583,36593,10
12.9205703735,80.1689376831,36593,36603,10
12.9203395844,80.1695709229,36603,36613,10
12.9201402664,80.1704025269,36613,36623,10
12.919960022,80.1709594727,36623,36643,20
12.919960022,80.1709594727,36643,36653,10
12.9198503494,80.1712188721,36653,36663,10
12.9197597504,80.1714477539,36663,36673,10
12.9195995331,80.1719970703,36673,36683,10
12.9194402695,80.1726226807,36683,36693,10
12.9192495346,80.1733779907,36693,36704,11
12.9190196991,80.1743087769,36704,36714,10
12.9187803268,80.1753387451,36714,36724,10
12.918510437,80.176361084,36724,36734,10
12.918419838,80.1769714355,36734,36744,10
12.9183797836,80.1772079468,36744,36754,10
12.9183197021,80.1778182983,36754,36764,10
12.9186601639,80.1784973145,36764,36774,10
12.9191703796,80.1792221069,36774,36784,10
12.9195098877,80.1802215576,36784,36794,10
12.9197301865,80.1812896729,36794,36804,10
12.919960022,80.1824188232,36804,36814,10
12.9202003479,80.1833877563,36814,36824,10
12.9203901291,80.1842727661,36824,36835,11
12.9206104279,80.1852035522,36835,36855,20
12.9206104279,80.1852035522,36855,36865,10
12.920630455,80.1853790283,36865,36875,10
12.9205703735,80.1858978271,36875,36885,10
12.9201202393,80.1864700317,36885,36895,10
12.9195804596,80.1871032715,36895,36905,10
12.9189996719,80.1878128052,36905,36915,10
12.9184598923,80.1884078979,36915,36925,10
12.9179697037,80.1889877319,36925,36935,10
12.9175901413,80.1897888184,36935,36945,10
12.9174404144,80.1906433105,36945,36955,10
12.9173202515,80.1915893555,36955,36965,10
12.9172296524,80.1923217773,36965,36976,11
12.917140007,80.1929016113,36976,38563,1587
12.9916801453,80.2193603516,38563,38575,12
12.9921503067,80.2190170288,38575,38584,9
12.9928197861,80.218536377,38584,38596,12
12.9938497543,80.2177963257,38596,38607,11
12.9944295883,80.2173690796,38607,38617,10
12.9947004318,80.2171783447,38617,38628,11
12.9951000214,80.2169189453,38628,38637,9
12.9956798553,80.2166671753,38637,38648,11
12.9963598251,80.2165298462,38648,38659,11
12.9969596863,80.2164535522,38659,38668,9
12.9973201752,80.2162399292,38668,38679,11
12.9974403381,80.2161178589,38679,38689,10
12.9976596832,80.2159423828,38689,38699,10
12.9980297089,80.2155990601,38699,38709,10
12.9985799789,80.215133667,38709,38719,10
12.9990301132,80.2147293091,38719,38729,10
12.9993495941,80.2144699097,38729,38739,10
12.9998197556,80.2140808105,38739,38750,11
13.0003595352,80.2135391235,38750,38760,10
13.0009202957,80.2130966187,38760,38770,10
13.0013799667,80.2127685547,38770,38780,10
13.0019798279,80.2123413086,38780,38790,10
13.002530098,80.212097168,38790,38800,10
13.0031499863,80.2120285034,38800,38810,10
13.0037498474,80.2119598389,38810,38820,10
13.0043897629,80.2121582031,38820,38830,10
13.0049600601,80.2124710083,38830,38840,10
13.0057497025,80.2128295898,38840,38850,10
13.0065002441,80.212677002,38850,38860,10
13.0072402954,80.2127227783,38860,38870,10
13.0076999664,80.212852478,38870,38901,31
13.0076999664,80.212852478,38901,38911,10
13.0078296661,80.2129974365,38911,38921,10
13.0080900192,80.2131729126,38921,38931,10
13.0085601807,80.2133636475,38931,38941,10
13.0089302063,80.2139129639,38941,38951,10
13.0094203949,80.2145614624,38951,38961,10
13.0097999573,80.2151031494,38961,38971,10
13.010219574,80.2156982422,38971,38981,10
13.0107097626,80.216506958,38981,38991,10
13.0109901428,80.2171936035,38991,39001,10
13.0113296509,80.2179489136,39001,39012,11
13.0117197037,80.2190475464,39012,39022,10
13.0119495392,80.2199783325,39022,39032,10
13.0122404099,80.2206573486,39032,39042,10
13.0123996735,80.2211227417,39042,39052,10
13.0124797821,80.2214202881,39052,39062,10
13.0126695633,80.2216720581,39062,39072,10
13.0131902695,80.2222137451,39072,39088,16
13.013710022,80.2228469849,39088,39100,12
13.0139198303,80.2230834961,39100,39110,10
13.0139198303,80.2230911255,39110,39120,10
13.0140199661,80.2232894897,39120,39130,10
13.0141296387,80.223449707,39130,39140,10
13.0143604279,80.2236175537,39140,39151,11
13.0151395798,80.224609375,39151,39171,20
13.0151395798,80.224609375,39171,39181,10
13.0152797699,80.2248001099,39181,39191,10
13.0156297684,80.2251281738,39191,39201,10
13.0163202286,80.2253036499,39201,39211,10
13.0170602798,80.2250671387,39211,39231,20
13.0170602798,80.2250671387,39231,39241,10
13.0171804428,80.2250213623,39241,39251,10
13.0175104141,80.2248764038,39251,39261,10
13.0178899765,80.2247314453,39261,39272,11
13.0181303024,80.2246170044,39272,39282,10
13.0183401108,80.2245407104,39282,39292,10
13.018409729,80.2245025635,39292,39302,10
13.0186500549,80.2244110107,39302,39312,10
13.0190095901,80.2243118286,39312,39322,10
13.0192403793,80.2242965698,39322,39352,30
13.0192403793,80.2242965698,39352,39362,10
13.0194702148,80.2244033813,39362,39372,10
13.0196199417,80.2244491577,39372,39382,10
13.0197696686,80.2245407104,39382,39392,10
13.0200004578,80.2246627808,39392,39403,11
13.0203199387,80.2248764038,39403,39413,10
13.0204496384,80.2250213623,39413,39423,10
13.0205602646,80.2250976563,39423,39433,10
13.0207395554,80.2252120972,39433,39443,10
13.0207700729,80.2252426147,39443,39453,10
13.0209598541,80.2254104614,39453,39463,10
13.0211400986,80.2255477905,39463,39473,10
13.0211496353,80.2255706787,39473,39483,10
13.0213603973,80.225769043,39483,39493,10
13.0216197968,80.2259368896,39493,39503,10
13.0218896866,80.2261276245,39503,39513,10
13.0221796036,80.2263565063,39513,39523,10
13.022359848,80.2265396118,39523,39534,11
13.0225400925,80.2266693115,39534,39554,20
13.0226602554,80.2267608643,39554,39574,20
13.0226602554,80.2267608643,39574,39584,10
13.0228099823,80.2268981934,39584,39604,20
13.0228099823,80.2268981934,39604,39614,10
13.0231103897,80.2272415161,39614,39624,10
13.0233001709,80.2274169922,39624,39634,10
13.0235004425,80.2275924683,39634,39644,10
13.0235395432,80.2276229858,39644,39654,10
13.0238199234,80.2278137207,39654,39675,21
13.0238199234,80.2278137207,39675,39685,10
13.0240001678,80.2279968262,39685,39695,10
13.0241603851,80.2281799316,39695,39705,10
13.0242700577,80.2283477783,39705,39715,10
13.0244703293,80.2286376953,39715,39725,10
13.0248298645,80.229133606,39725,39735,10
13.0252199173,80.2295837402,39735,39745,10
13.0253295898,80.2296905518,39745,39755,10
13.0254602432,80.2298583984,39755,39765,10
13.0256204605,80.2301025391,39765,39775,10
13.0257501602,80.2303466797,39775,39785,10
13.0258302689,80.23046875,39785,39796,11
13.0259304047,80.230796814,39796,39806,10
13.0260000229,80.231010437,39806,39816,10
13.0260400772,80.2312469482,39816,39826,10
13.0263204575,80.231262207,39826,39836,10
13.0269298553,80.2311019897,39836,39846,10
13.0275697708,80.2309494019,39846,39856,10
13.027970314,80.2309112549,39856,39866,10
13.0281295776,80.2308807373,39866,39876,10
13.0283699036,80.2308807373,39876,39886,10
13.0286598206,80.2308425903,39886,39896,10
13.029129982,80.2307815552,39896,39927,31
13.029129982,80.2307815552,39927,39937,10
13.0293397903,80.2307662964,39937,39947,10
13.0299100876,80.2307128906,39947,39967,20
13.0299100876,80.2307128906,39967,39977,10
13.0300598145,80.23072052,39977,39987,10
13.0302696228,80.2307128906,39987,39997,10
13.0306797028,80.230682373,39997,40007,10
13.0313196182,80.2306137085,40007,40017,10
13.0316801071,80.2305908203,40017,40027,10
13.0319900513,80.2305908203,40027,40037,10
13.0324201584,80.2305297852,40037,40047,10
13.0331001282,80.230506897,40047,40058,11
13.0342502594,80.2304534912,40058,40098,40
13.0342502594,80.2304534912,40098,40108,10
13.0346498489,80.2303237915,40108,40138,30
13.0346498489,80.2303237915,40138,40148,10
13.0348796844,80.2302322388,40148,40158,10
13.0350399017,80.2299728394,40158,40168,10
13.0347499847,80.2298431396,40168,40178,10
13.034239769,80.2300186157,40178,40309,131
13.0341796875,80.2300567627,40309,40672,363
13.0341796875,80.2300567627,40672,40682,10
13.0341901779,80.2303771973,40682,40702,20
13.0341901779,80.2303771973,40702,40713,11
13.0339803696,80.2304382324,40713,40723,10
13.033829689,80.2304534912,40723,40733,10
13.033659935,80.2304611206,40733,40743,10
13.0332899094,80.230506897,40743,40753,10
13.0326595306,80.2305679321,40753,40763,10
13.0319404602,80.2306289673,40763,40773,10
13.0314302444,80.2306594849,40773,40783,10
13.0312204361,80.230682373,40783,40793,10
13.0310602188,80.230682373,40793,40803,10
13.0308103561,80.2307434082,40803,40813,10
13.0306797028,80.2307510376,40813,40823,10
13.0304298401,80.2307662964,40823,40833,10
13.0299501419,80.2308197021,40833,40844,11
13.0296697617,80.2308578491,40844,40854,10
13.0296497345,80.2308578491,40854,40864,10
13.0291795731,80.2309112549,40864,40874,10
13.028719902,80.2309417725,40874,40884,10
13.0281200409,80.231010437,40884,40894,10
13.0277500153,80.2311019897,40894,40904,10
13.0277395248,80.231552124,40904,40914,10
13.0278196335,80.2322921753,40914,40924,10
13.0278701782,80.232749939,40924,40934,10
13.0276699066,80.2328033447,40934,40944,10
13.0272798538,80.2328720093,40944,40954,10
13.0270004272,80.2329406738,40954,40964,10
13.0267496109,80.2329711914,40964,40975,11
13.0263500214,80.2326965332,40975,40985,10
13.0262002945,80.2322387695,40985,40995,10
13.0260801315,80.2317199707,40995,41005,10
13.0259399414,80.2311706543,41005,41015,10
13.0256500244,80.2304077148,41015,41025,10
13.0251598358,80.2296829224,41025,41055,30
13.0251598358,80.2296829224,41055,41065,10
13.0249099731,80.2294311523,41065,41075,10
13.0247097015,80.2292022705,41075,41085,10
13.024600029,80.2290496826,41085,41095,10
13.024430275,80.2288208008,41095,41106,11
13.0242300034,80.2285614014,41106,41116,10
13.0239295959,80.2281570435,41116,41126,10
13.0234699249,80.2276611328,41126,41136,10
13.0231895447,80.2275238037,41136,41166,30
13.0231895447,80.2275238037,41166,41176,10
13.0229701996,80.2272872925,41176,41186,10
13.022769928,80.2270812988,41186,41196,10
13.0225696564,80.2267837524,41196,41206,10
13.0221004486,80.2263793945,41206,41216,10
13.0214796066,80.2258987427,41216,41226,10
13.0208396912,80.225402832,41226,41237,11
13.0200796127,80.224937439,41237,41247,10
13.0191898346,80.2245178223,41247,41257,10
13.0181303024,80.2247695923,41257,41267,10
13.0171899796,80.2251586914,41267,41277,10
13.0167398453,80.2253494263,41277,41287,10
13.0164699554,80.2254486084,41287,41297,10
13.0161399841,80.2255630493,41297,41307,10
13.0156803131,80.2257080078,41307,41317,10
13.0149898529,80.2259979248,41317,41327,10
13.0143995285,80.2262496948,41327,41337,10
13.0143604279,80.226272583,41337,41347,10
13.0141401291,80.2263565063,41347,41357,10
13.0136404037,80.2265319824,41357,41368,11
13.0129899979,80.2267684937,41368,41378,10
13.0122203827,80.2270202637,41378,41388,10
13.0112600327,80.2273483276,41388,41398,10
13.0103197098,80.2277374268,41398,46089,4691
12.9233598709,80.1974182129,46089,46101,12
12.9235401154,80.1974334717,46101,46110,9
12.9239597321,80.1974563599,46110,46122,12
12.9248504639,80.1974716187,46122,46132,10
12.9252996445,80.1974563599,46132,46142,10
12.9256095886,80.1974563599,46142,46151,9
12.9262304306,80.1975097656,46151,46161,10
12.9269504547,80.1977767944,46161,46172,11
12.9276399612,80.1982727051,46172,46182,10
12.9280796051,80.1990509033,46182,46193,11
12.928440094,80.200088501,46193,46203,10
12.9285001755,80.2009811401,46203,46212,9
12.9285497665,80.201751709,46212,46223,11
12.9286003113,80.2024307251,46223,46233,10
12.9292201996,80.2026824951,46233,46243,10
12.9293804169,80.2027130127,46243,46253,10
12.9295597076,80.2027664185,46253,46263,10
12.929980278,80.2028198242,46263,46273,10
12.9304199219,80.2028808594,46273,46283,10
12.930970192,80.2030029297,46283,46293,10
12.9315595627,80.2031936646,46293,46303,10
12.9322299957,80.2034072876,46303,46313,10
12.932849884,80.2035980225,46313,46324,11
12.9334402084,80.2038192749,46324,46334,10
12.9339799881,80.2038803101,46334,46344,10
12.9339895248,80.2038803101,46344,46354,10
12.9341602325,80.2039108276,46354,46364,10
12.9346599579,80.203956604,46364,46374,10
12.9352302551,80.2041320801,46374,46384,10
12.9359197617,80.2044067383,46384,46394,10
12.9365997314,80.2045974731,46394,46404,10
12.937379837,80.2048187256,46404,46414,10
12.9382801056,80.2050704956,46414,46424,10
12.9391698837,80.2053375244,46424,46434,10
12.9398002625,80.2055206299,46434,46444,10
12.9400997162,80.2056121826,46444,46455,11
12.940199852,80.2056427002,46455,46465,10
12.9406204224,80.2057723999,46465,46475,10
12.941280365,80.2060623169,46475,46485,10
12.9419698715,80.2065429688,46485,46495,10
12.9426403046,80.2071075439,46495,46505,10
12.9431600571,80.2077865601,46505,46515,10
12.9439697266,80.2082138062,46515,46525,10
12.9445199966,80.2083969116,46525,46535,10
12.9446401596,80.208442688,46535,46545,10
12.9449901581,80.2085800171,46545,46555,10
12.9456195831,80.2088165283,46555,46565,10
12.9463701248,80.2091217041,46565,46575,10
12.9470396042,80.2093887329,46575,46586,11
12.9477300644,80.2096633911,46586,46596,10
12.9483995438,80.2099227905,46596,46606,10
12.9491596222,80.2102203369,46606,46616,10
12.9501800537,80.2106170654,46616,46626,10
12.9512395859,80.2110595703,46626,46636,10
12.9522199631,80.21144104,46636,46646,10
12.9530601501,80.2117767334,46646,46656,10
12.9537601471,80.2120666504,46656,46666,10
12.954580307,80.2124023438,46666,46676,10
12.9555501938,80.2127838135,46676,46686,10
12.9565601349,80.213142395,46686,46696,10
12.9575996399,80.2135696411,46696,46707,11
12.9587602615,80.2140426636,46707,46723,16
12.9603796005,80.2146987915,46723,46735,12
12.961640358,80.2151870728,46735,46742,7
12.9622802734,80.2154464722,46742,46756,14
12.9632902145,80.2158432007,46756,46766,10
12.9635896683,80.2159729004,46766,46776,10
12.9639997482,80.2161178589,46776,46786,10
12.9645395279,80.2163467407,46786,46796,10
12.9652299881,80.2166290283,46796,46806,10
12.9659004211,80.2168884277,46806,46815,9
12.9665403366,80.2171401978,46815,46825,10
12.9672203064,80.2174224854,46825,46836,11
12.9679498672,80.2177276611,46836,46847,11
12.96875,80.2180328369,46847,46857,10
12.9696998596,80.2183990479,46857,46867,10
12.9705295563,80.2187423706,46867,46877,10
12.9712600708,80.2189865112,46877,46887,10
12.971449852,80.2190628052,46887,46897,10
12.9717798233,80.2192077637,46897,46907,10
12.9722995758,80.2194366455,46907,46917,10
12.9729995728,80.2197418213,46917,46927,10
12.9738998413,80.2200698853,46927,46937,10
12.9750204086,80.2204818726,46937,46968,31
12.9750204086,80.2204818726,46968,46978,10
12.9752902985,80.220703125,46978,46988,10
12.9755601883,80.2208099365,46988,46998,10
12.9757699966,80.2210083008,46998,47008,10
12.9760599136,80.2211532593,47008,47028,20
12.9760599136,80.2211532593,47028,47038,10
12.9762401581,80.2211608887,47038,47048,10
12.9766798019,80.2211837769,47048,47058,10
12.9773101807,80.2211990356,47058,47068,10
12.9779195786,80.2211608887,47068,47078,10
12.9784498215,80.2211074829,47078,47088,10
12.9790897369,80.2210693359,47088,47098,10
12.9797897339,80.2210464478,47098,47109,11
12.9805898666,80.220993042,47109,47119,10
12.9812602997,80.2211380005,47119,47129,10
12.9818201065,80.2214813232,47129,47139,10
12.9823503494,80.2217407227,47139,47149,10
12.9828796387,80.2219161987,47149,47169,20
12.9828796387,80.2219161987,47169,47179,10
12.9831495285,80.2220687866,47179,47189,10
12.9834604263,80.2222518921,47189,47199,10
12.9837303162,80.2224197388,47199,47209,10
12.9840898514,80.2226409912,47209,47219,10
12.9845600128,80.2229309082,47219,47229,10
12.9849500656,80.2231369019,47229,47240,11
12.9854402542,80.223197937,47240,47250,10
12.9856500626,80.2230224609,47250,47260,10
12.9861898422,80.2229385376,47260,47270,10
12.9868001938,80.2230072021,47270,47280,10
12.9873504639,80.2230834961,47280,47290,10
12.9879102707,80.2229385376,47290,47300,10
12.9884595871,80.2225418091,47300,47310,10
12.9889001846,80.2220993042,47310,47320,10
12.9892997742,80.2216033936,47320,47330,10
12.989780426,80.2208786011,47330,47340,10
12.9901695251,80.2205429077,47340,47350,10
12.9901800156,80.2205276489,47350,47360,10
12.9904298782,80.2203979492,47360,47377,17
12.9911699295,80.2198486328,47377,47389,12
12.9917001724,80.2194213867,47389,47399,10
12.9921398163,80.2191009521,47399,47409,10
12.992939949,80.2185134888,47409,47418,9
12.9935703278,80.2179870605,47418,47429,11
12.9941596985,80.2175598145,47429,47439,10
12.9945802689,80.2172775269,47439,47449,10
12.9952001572,80.2168579102,47449,47459,10
12.9957704544,80.2166595459,47459,47469,10
12.9965000153,80.216583252,47469,47479,10
12.9972696304,80.2163925171,47479,47489,10
12.9974098206,80.216217041,47489,47500,11
12.9975700378,80.2160797119,47500,47510,10
12.9979696274,80.2157363892,47510,47520,10
12.9983596802,80.215461731,47520,47530,10
12.9989004135,80.2149887085,47530,47540,10
12.9991703033,80.2146911621,47540,47550,10
12.9995803833,80.2143325806,47550,47560,10
13.0000095367,80.2139587402,47560,47570,10
13.0004997253,80.2134780884,47570,47580,10
13.0009202957,80.2131271362,47580,47590,10
13.0014400482,80.2127914429,47590,47600,10
13.0020599365,80.2123565674,47600,47610,10
13.0025997162,80.2121582031,47610,47621,11
13.0033397675,80.2120513916,47621,47631,10
13.0039100647,80.2119979858,47631,47641,10
13.0045404434,80.2122497559,47641,47651,10
13.0051603317,80.2126235962,47651,47661,10
13.0059204102,80.2128982544,47661,47671,10
13.0066604614,80.2127075195,47671,47681,10
13.0074100494,80.2127990723,47681,47691,10
13.0078001022,80.2130203247,47691,47701,10
13.007809639,80.2130203247,47701,47711,10
13.0079803467,80.2131500244,47711,47721,10
13.008480072,80.2133483887,47721,47731,10
13.0089197159,80.2139129639,47731,47741,10
13.0094499588,80.2146377563,47741,47751,10
13.0099096298,80.2152633667,47751,47762,11
13.0105304718,80.2160263062,47762,47772,10
13.010840416,80.2169036865,47772,47782,10
13.0111703873,80.2176437378,47782,47792,10
13.0115098953,80.2186584473,47792,47801,9
13.0118503571,80.2196273804,47801,47812,11
13.0121498108,80.2205429077,47812,47822,10
13.0123796463,80.2211380005,47822,47832,10
13.0125799179,80.2215423584,47832,47842,10
13.0129299164,80.2220611572,47842,47851,9
13.0133304596,80.2224884033,47851,47861,10
13.0138196945,80.2230682373,47861,47872,11
13.0140800476,80.2233810425,47872,47882,10
13.014289856,80.2236404419,47882,47893,11
13.0148096085,80.224281311,47893,47903,10
13.0153598785,80.2248077393,47903,47913,10
13.0156202316,80.2250518799,47913,47923,10
13.015709877,80.2251586914,47923,47933,10
13.016169548,80.2253112793,47933,47943,10
13.0169200897,80.2251205444,47943,47953,10
13.0178098679,80.2247695923,47953,47963,10
13.0186595917,80.2244415283,47963,47973,10
13.0196399689,80.2244491577,47973,47993,20
13.0196399689,80.2244491577,47993,48003,10
13.019780159,80.2244720459,48003,48013,10
13.0200996399,80.2247161865,48013,48024,11
13.0206203461,80.225112915,48024,48034,10
13.0211496353,80.2255401611,48034,48044,10
13.0219802856,80.2261505127,48044,48064,20
13.0219802856,80.2261505127,48064,48074,10
13.0221996307,80.2263565063,48074,48084,10
13.0226202011,80.2267379761,48084,48094,10
13.0231800079,80.2272720337,48094,48104,10
13.023730278,80.2277603149,48104,48114,10
13.0241699219,80.2281570435,48114,48124,10
13.0242795944,80.2282791138,48124,48134,10
13.0244598389,80.2285919189,48134,48145,11
13.0247402191,80.2290267944,48145,48155,10
13.0250597,80.2294387817,48155,48165,10
13.0254898071,80.2300109863,48165,48175,10
13.0257501602,80.2304229736,48175,48185,10
13.0258703232,80.230682373,48185,48195,10
13.0259304047,80.2309036255,48195,48205,10
13.0259504318,80.2310714722,48205,48215,10
13.0260000229,80.231300354,48215,48225,10
13.0263395309,80.2312469482,48225,48235,10
13.0270395279,80.2311019897,48235,48245,10
13.0277099609,80.2309570313,48245,48255,10
13.0283203125,80.2308807373,48255,48265,10
13.028840065,80.2308425903,48265,48286,21
13.028840065,80.2308425903,48286,48296,10
13.0290403366,80.2309112549,48296,48306,10
13.0293397903,80.2308578491,48306,48316,10
13.0296297073,80.2308120728,48316,48326,10
13.0298404694,80.2307891846,48326,48336,10
13.0303201675,80.23072052,48336,48346,10
13.0307197571,80.230682373,48346,48356,10
13.0312299728,80.2306518555,48356,48366,10
13.0320396423,80.2305831909,48366,48376,10
13.032790184,80.2305221558,48376,48386,10
13.0334796906,80.2304763794,48386,48395,9
13.033829689,80.23046875,48395,48407,12
13.0342302322,80.230430603,48407,48417,10
13.0348300934,80.2302322388,48417,48457,40
13.0349798203,80.2301483154,48457,48487,30
13.0349798203,80.2301483154,48487,48497,10
13.0350503922,80.2301635742,48497,48507,10
13.0350399017,80.2303390503,48507,48517,10
13.034740448,80.2303466797,48517,48527,10
13.0343599319,80.2304229736,48527,48538,11
13.0339403152,80.2304534912,48538,48548,10
13.0333003998,80.2304992676,48548,48558,10
13.0325899124,80.2305374146,48558,48568,10
13.031999588,80.2306213379,48568,48578,10
13.0313596725,80.2306671143,48578,48588,10
13.0308198929,80.2307128906,48588,48598,10
13.0302696228,80.230758667,48598,48608,10
13.0297803879,80.2308273315,48608,48618,10
13.0293102264,80.2308883667,48618,48628,10
13.028840065,80.2309265137,48628,48638,10
13.0282001495,80.2310028076,48638,48648,10
13.0277395248,80.2310791016,48648,48658,10
13.0277004242,80.2315292358,48658,48669,11
13.0278100967,80.2322769165,48669,48679,10
13.0277795792,80.2328033447,48679,48689,10
13.0272102356,80.2329406738,48689,48699,10
13.0269498825,80.232963562,48699,48709,10
13.0266103745,80.233001709,48709,48719,10
13.0263004303,80.2325973511,48719,48729,10
13.0261697769,80.2321472168,48729,48738,9
13.0260896683,80.2318267822,48738,48749,11
13.0259799957,80.2315292358,48749,48759,10
13.0258598328,80.2309875488,48759,48769,10
13.0255098343,80.2302322388,48769,48779,10
13.0249900818,80.2295227051,48779,48789,10
13.0247001648,80.2291488647,48789,48800,11
13.0244197845,80.2287979126,48800,48810,10
13.0241003036,80.2283401489,48810,48820,10
13.0235996246,80.2277526855,48820,48830,10
13.0230998993,80.2272796631,48830,48840,10
13.0228700638,80.2270965576,48840,48850,10
13.0226297379,80.226890564,48850,48860,10
13.022359848,80.2266464233,48860,48870,10
13.0219602585,80.2262802124,48870,48880,10
13.0213603973,80.2258224487,48880,48890,10
13.0205602646,80.2252197266,48890,48900,10
13.0196199417,80.224609375,48900,48910,10
13.0185203552,80.2245788574,48910,48920,10
13.0174703598,80.2250213623,48920,48930,10
13.0166101456,80.2253799438,48930,48941,11
13.0163602829,80.2254714966,48941,48950,9
13.0159797668,80.2255935669,48950,48961,11
13.0154495239,80.2257766724,48961,48971,10
13.0149803162,80.2258987427,48971,49011,40
13.0149803162,80.2258987427,49011,49021,10
13.0145101547,80.2261428833,49021,49031,10
13.0142002106,80.2261581421,49031,49041,10
13.0141201019,80.2256393433,49041,49072,31
13.0141401291,80.2255020142,49072,49223,151
13.0141401291,80.2255020142,49223,49233,10
13.0141296387,80.2252120972,49233,49243,10
13.0142202377,80.2257232666,49243,49505,262
13.0142202377,80.2257232666,49505,49515,10
13.0141801834,80.2260818481,49515,49525,10
13.0141801834,80.2261428833,49525,49535,10
13.0140199661,80.2263565063,49535,49545,10
13.0134296417,80.226600647,49545,49555,10
13.0128297806,80.2268218994,49555,49565,10
13.0120801926,80.2271270752,49565,49576,11
13.0111398697,80.2275009155,49576,49586,10
13.0102500916,80.2278366089,49586,49596,10
13.0095396042,80.2277374268,49596,49606,10
13.009759903,80.2270812988,49606,49616,10
13.0101299286,80.2262802124,49616,49626,10
13.0104799271,80.2255096436,49626,49636,10
13.0106201172,80.2251815796,49636,49646,10
13.0107803345,80.2247772217,49646,49656,10
13.0110397339,80.2241516113,49656,49666,10
13.011300087,80.2234573364,49666,49676,10
13.0115804672,80.2233810425,49676,49686,10
13.0121297836,80.2236785889,49686,49696,10
13.0127897263,80.224029541,49696,49707,11
13.0136299133,80.2244415283,49707,49717,10
13.0143604279,80.2247924805,49717,49733,16
13.015130043,80.2252731323,49733,49745,12
13.0158004761,80.2253189087,49745,49755,10
13.0164804459,80.2253189087,49755,49764,9
13.0174303055,80.2249908447,49764,49775,11
13.0183496475,80.224609375,49775,49785,10
13.0190696716,80.2243728638,49785,49795,10
13.0195102692,80.2244262695,49795,49805,10
13.0197200775,80.2245635986,49805,49815,10
13.0200195313,80.2247772217,49815,49825,10
13.020529747,80.225151062,49825,49835,10
13.0209598541,80.225440979,49835,49846,11
13.0214796066,80.2258987427,49846,49856,10
13.0219497681,80.2262420654,49856,49866,10
13.0227003098,80.2268600464,49866,49876,10
13.0234298706,80.2275238037,49876,49886,10
13.0240402222,80.2280731201,49886,49896,10
13.0244197845,80.2285003662,49896,49906,10
13.0247497559,80.2289962769,49906,49916,10
13.0250902176,80.2294616699,49916,49926,10
13.0254802704,80.2299575806,49926,49935,9
13.0259199142,80.2306976318,49935,49977,42
13.0259199142,80.2306976318,49977,49987,10
13.0260601044,80.2311630249,49987,49997,10
13.0263204575,80.2313079834,49997,50007,10
13.0269699097,80.2311630249,50007,50017,10
13.027680397,80.2309799194,50017,50027,10
13.0284700394,80.2309188843,50027,50037,10
13.0293197632,80.2308502197,50037,50098,61
13.0293197632,80.2308502197,50098,50108,10
13.0298204422,80.2308731079,50108,50118,10
13.0304298401,80.2307815552,50118,50128,10
13.0309200287,80.2307281494,50128,50138,10
13.0315999985,80.2306976318,50138,50148,10
13.0322303772,80.2306289673,50148,50158,10
13.0329198837,80.2305908203,50158,50168,10
13.0336103439,80.2305603027,50168,50178,10
13.0341796875,80.2304992676,50178,50188,10
13.0345802307,80.2303619385,50188,50239,51
13.0349302292,80.2302093506,50239,50309,70
13.0349302292,80.2302093506,50309,50319,10
13.0350599289,80.2298431396,50319,50410,91
13.0347499847,80.2297897339,50410,50521,111
13.0343904495,80.2297668457,50521,50823,302
13.0342302322,80.2300872803,50823,50924,101
13.0342302322,80.2300872803,50924,50934,10
13.0340900421,80.2304077148,50934,50944,10
13.0337600708,80.2304229736,50944,50954,10
13.0331001282,80.230506897,50954,50964,10
13.0323095322,80.2305908203,50964,50974,10
13.0317802429,80.2306518555,50974,50984,10
13.031080246,80.23072052,50984,50994,10
13.0305404663,80.2307662964,50994,51004,10
13.0298204422,80.2308425903,51004,51035,31
13.0298204422,80.2308425903,51035,51045,10
13.0294799805,80.2309036255,51045,51055,10
13.0289802551,80.2309417725,51055,51065,10
13.0284700394,80.23097229,51065,51075,10
13.0280504227,80.2310180664,51075,51085,10
13.0277500153,80.2311019897,51085,51095,10
13.0277500153,80.2315597534,51095,51105,10
13.0278396606,80.2321166992,51105,51115,10
13.0278396606,80.232673645,51115,51125,10
13.0274000168,80.2328186035,51125,51135,10
13.0270996094,80.2329330444,51135,51146,11
13.0267801285,80.2330093384,51146,51156,10
13.0263996124,80.2328033447,51156,51166,10
13.0262002945,80.2322006226,51166,51176,10
13.0261001587,80.231842041,51176,51186,10
13.0260801315,80.2317810059,51186,51202,16
13.025970459,80.2313537598,51202,51214,12
13.0257101059,80.2305221558,51214,51224,10
13.0251703262,80.2296981812,51224,51233,9
13.024769783,80.2292175293,51233,51244,11
13.0246601105,80.2290802002,51244,51254,10
13.0243501663,80.2286911011,51254,51264,10
13.0239095688,80.2281723022,51264,51274,10
13.0234203339,80.2276535034,51274,51285,11
13.0230398178,80.2274017334,51285,51306,21
13.0230398178,80.2274017334,51306,51316,10
13.0229301453,80.2274017334,51316,51326,10
13.0226898193,80.2271575928,51326,51336,10
13.0225496292,80.2268295288,51336,51346,10
13.0221595764,80.2264633179,51346,51356,10
13.0215702057,80.2259902954,51356,51366,10
13.0209102631,80.2254562378,51366,51376,10
13.0201702118,80.2249679565,51376,51386,10
13.0193996429,80.2245483398,51386,51403,17
13.0176696777,80.2249679565,51403,51416,13
13.016699791,80.2253799438,51416,51426,10
13.0163297653,80.2255096436,51426,51435,9
13.0156602859,80.2257537842,51435,51446,11
13.0150995255,80.2259902954,51446,51456,10
13.0150403976,80.2260131836,51456,51466,10
13.0147800446,80.2261581421,51466,51476,10
13.0143098831,80.226348877,51476,51486,10
13.0139598846,80.2265167236,51486,51496,10
13.0139398575,80.2265167236,51496,51505,9
13.0137195587,80.2265472412,51505,51515,10
13.0132904053,80.2266998291,51515,51526,11
13.0125198364,80.2269897461,51526,51536,10
13.0116701126,80.2273025513,51536,51547,11
13.0105400085,80.2277297974,51547,51557,10
13.0097398758,80.2279281616,51557,51567,10
13.0095500946,80.2276000977,51567,51577,10
13.009759903,80.2271194458,51577,51587,10
13.0100603104,80.2264633179,51587,51597,10
13.0104103088,80.2256698608,51597,51607,10
13.0108003616,80.2247390747,51607,51617,10
13.0111398697,80.2238311768,51617,51627,10
13.0113601685,80.2232437134,51627,51647,20
13.0113601685,80.2232437134,51647,51657,10
13.0114803314,80.2231369019,51657,51668,11
13.0116195679,80.2227325439,51668,51678,10
13.0118598938,80.2220001221,51678,51688,10
13.0121297836,80.2211914063,51688,51698,10
13.0119400024,80.2203979492,51698,51708,10
13.011639595,80.2194366455,51708,51718,10
13.011300087,80.2184295654,51718,51728,10
13.0109195709,80.2174224854,51728,51738,10
13.0104799271,80.2164382935,51738,51747,9
13.0100803375,80.2157363892,51747,51757,10
13.0096597672,80.2149734497,51757,51768,11
13.009059906,80.2141876221,51768,51778,10
13.0083799362,80.213432312,51778,51799,21
13.0081796646,80.2133178711,51799,51849,50
13.0081796646,80.2133178711,51849,51859,10
13.0079097748,80.213180542,51859,51869,10
13.0078601837,80.2131271362,51869,51879,10
13.0077896118,80.2130584717,51879,51889,10
13.0075597763,80.2128829956,51889,51899,10
13.0071697235,80.2127609253,51899,51909,10
13.0066995621,80.2127304077,51909,51919,10
13.0062198639,80.212852478,51919,51935,16
13.0051698685,80.2125930786,51935,51948,13
13.004240036,80.2121429443,51948,51958,10
13.0035200119,80.2120513916,51958,51968,10
13.0026702881,80.2121124268,51968,51978,10
13.0024900436,80.2121582031,51978,51988,10
13.0022096634,80.2123413086,51988,51998,10
13.0016403198,80.2127227783,51998,52008,10
13.0009698868,80.213218689,52008,52018,10
13.000459671,80.2136611938,52018,52028,10
12.999879837,80.2141723633,52028,52038,10
12.9994697571,80.2145767212,52038,52048,10
12.999130249,80.214881897,52048,52059,11
12.9987802505,80.2151794434,52059,52069,10
12.9982795715,80.2155380249,52069,52079,10
12.9974403381,80.2163009644,52079,52099,20
12.9974403381,80.2163009644,52099,52109,10
12.9972400665,80.2165603638,52109,52119,10
12.9967899323,80.2166137695,52119,52129,10
12.9961900711,80.216758728,52129,52139,10
12.9954004288,80.2169494629,52139,52148,9
12.9951000214,80.2171020508,52148,52158,10
12.9947595596,80.2173233032,52158,52169,11
12.9942398071,80.2176971436,52169,52180,11
12.9937801361,80.2180328369,52180,52190,10
12.9931602478,80.218460083,52190,52200,10
12.9925003052,80.218963623,52200,52210,10
12.991689682,80.2195587158,52210,52220,10
12.9907903671,80.2201690674,52220,52310,90
12.9907903671,80.2201690674,52310,52321,11
12.9904499054,80.2205200195,52321,52331,10
12.989979744,80.2208862305,52331,52341,10
12.9895200729,80.2214126587,52341,52351,10
12.989159584,80.2217712402,52351,52361,10
12.9888095856,80.2222595215,52361,52371,10
12.9882001877,80.2227935791,52371,52381,10
12.9877300262,80.2231063843,52381,52391,10
12.9874296188,80.2230987549,52391,52401,10
12.987039566,80.2230606079,52401,52411,10
12.9864797592,80.2229766846,52411,52421,10
12.9858503342,80.2229995728,52421,52431,10
12.9854097366,80.2232818604,52431,52441,10
12.9849100113,80.2231369019,52441,52452,11
12.9845199585,80.2229232788,52452,52462,10
12.984120369,80.2226867676,52462,52472,10
12.9837198257,80.2224807739,52472,52482,10
12.9832801819,80.2221908569,52482,52512,30
12.9832801819,80.2221908569,52512,52522,10
12.9829597473,80.2219467163,52522,52532,10
12.9824199677,80.2218322754,52532,52542,10
12.9818096161,80.2214889526,52542,52552,10
12.981010437,80.2210998535,52552,52562,10
12.9802103043,80.2210693359,52562,52572,10
12.9793100357,80.2211380005,52572,52583,11
12.9782400131,80.2211990356,52583,52593,10
12.9774503708,80.2212219238,52593,52603,10
12.9768104553,80.2212982178,52603,52613,10
12.9762401581,80.221282959,52613,52623,10
12.9759702682,80.2212524414,52623,52633,10
12.975689888,80.2210388184,52633,52643,10
12.9756402969,80.2209777832,52643,52653,10
12.9754695892,80.2208328247,52653,52663,10
12.9750299454,80.2205810547,52663,52673,10
12.9742097855,80.2202072144,52673,52683,10
12.9732198715,80.2198181152,52683,52693,10
12.9722204208,80.2194595337,52693,52703,10
12.971449852,80.2192230225,52703,52713,10
12.9709100723,80.2190704346,52713,52724,11
12.9708795547,80.2190628052,52724,52734,10
12.9706001282,80.2189025879,52734,52744,10
12.9700202942,80.2186431885,52744,52754,10
12.9693498611,80.2183609009,52754,57130,4376
12.9242401123,80.1974716187,57130,57143,13
12.9251804352,80.1974563599,57143,57152,9
12.9254198074,80.1974487305,57152,57163,11
12.9260702133,80.197479248,57163,57174,11
12.9268598557,80.1977310181,57174,57184,10
12.9275398254,80.1981964111,57184,57194,10
12.9280004501,80.1989593506,57194,57204,10
12.9283704758,80.1998214722,57204,57214,10
12.9284801483,80.2007827759,57214,57225,11
12.9285202026,80.2015991211,57225,57235,10
12.9285297394,80.201789856,57235,57245,10
12.9285297394,80.2021865845,57245,57256,11
12.9289703369,80.20262146,57256,57266,10
12.9293603897,80.2026901245,57266,57276,10
12.9294099808,80.2027206421,57276,57286,10
12.9296703339,80.2027893066,57286,57296,10
12.9301204681,80.2028274536,57296,57306,10
12.9307603836,80.2029418945,57306,57316,10
12.9315004349,80.2031707764,57316,57326,10
12.9322795868,80.2034301758,57326,57336,10
12.9329996109,80.203666687,57336,57346,10
12.9336795807,80.2038574219,57346,57356,10
12.9339799881,80.2038803101,57356,57366,10
12.9341402054,80.2039031982,57366,57376,10
12.9346399307,80.2039413452,57376,57387,11
12.935379982,80.2042236328,57387,57396,9
12.9361000061,80.2044677734,57396,57407,11
12.9368801117,80.2046966553,57407,57417,10
12.9375600815,80.2049026489,57417,57427,10
12.9383602142,80.2051391602,57427,57437,10
12.9392004013,80.2053909302,57437,57447,10
12.9399204254,80.2055969238,57447,57457,10
12.9400196075,80.205619812,57457,57467,10
12.9403400421,80.2057266235,57467,57477,10
12.9409399033,80.2059326172,57477,57487,10
12.9416103363,80.2062988281,57487,57497,10
12.9422302246,80.2067871094,57497,57507,10
12.942779541,80.2073287964,57507,57517,10
12.9432601929,80.2079162598,57517,57528,11
12.9439401627,80.2082366943,57528,57538,10
12.9443101883,80.2083587646,57538,57547,9
12.9444599152,80.2084121704,57547,57558,11
12.9450101852,80.2086181641,57558,57568,10
12.9457397461,80.2089004517,57568,57578,10
12.9465904236,80.2092437744,57578,57588,10
12.9474000931,80.2095565796,57588,57598,10
12.9481601715,80.2098236084,57598,57608,10
12.9489402771,80.2101287842,57608,57618,10
12.9497203827,80.2104415894,57618,57628,10
12.9510002136,80.2109603882,57628,57638,10
12.9520397186,80.2113800049,57638,57648,10
12.9530000687,80.2117462158,57648,57659,11
12.9540300369,80.2121734619,57659,57669,10
12.9550504684,80.212562561,57669,57679,10
12.9560699463,80.2129592896,57679,57689,10
12.9570598602,80.2133483887,57689,57699,10
12.9581203461,80.2137908936,57699,57709,10
12.9591798782,80.2142028809,57709,57719,10
12.9602298737,80.2146377563,57719,57729,10
12.9612598419,80.2150421143,57729,57739,10
12.9623003006,80.2154388428,57739,57749,10
12.9631299973,80.2157363892,57749,57759,10
12.9635295868,80.2159118652,57759,57769,10
12.9639701843,80.2161102295,57769,57779,10
12.9645996094,80.2163696289,57779,57790,11
12.9654798508,80.2167282104,57790,57800,10
12.9662504196,80.2170562744,57800,57810,10
12.9669399261,80.217338562,57810,57820,10
12.9675703049,80.2175979614,57820,57830,10
12.9682397842,80.2178726196,57830,57840,10
12.9690599442,80.2181625366,57840,57850,10
12.9699602127,80.2185211182,57850,57860,10
12.9708795547,80.2188796997,57860,57870,10
12.9712295532,80.21900177,57870,57880,10
12.9715299606,80.2191390991,57880,57890,10
12.972120285,80.2193908691,57890,57900,10
12.9729404449,80.2197189331,57900,57910,10
12.974240303,80.2201766968,57910,57931,21
12.974240303,80.2201766968,57931,57941,10
12.9744701385,80.2202987671,57941,57951,10
12.9749298096,80.2204971313,57951,57961,10
12.975279808,80.2206573486,57961,57971,10
12.975569725,80.2208633423,57971,57981,10
12.975979805,80.2211837769,57981,58001,20
12.975979805,80.2211837769,58001,58011,10
12.9761695862,80.2212371826,58011,58021,10
12.976559639,80.221206665,58021,58031,10
12.9769296646,80.2211685181,58031,58042,11
12.9775400162,80.2211380005,58042,58052,10
12.9782400131,80.2211074829,58052,58062,10
12.979060173,80.2210617065,58062,58072,10
12.97976017,80.2210083008,58072,58082,10
12.9801301956,80.2210235596,58082,58092,10
12.9806203842,80.220993042,58092,58102,10
12.9811401367,80.2211380005,58102,58112,10
12.9818096161,80.2214584351,58112,58122,10
12.9823102951,80.221786499,58122,58132,10
12.9826602936,80.221862793,58132,58148,16
12.9827699661,80.2218933105,58148,58160,12
12.983039856,80.2220077515,58160,58168,8
12.9832401276,80.22215271,58168,58181,13
12.9835796356,80.2223815918,58181,58191,10
12.9839401245,80.2226104736,58191,58201,10
12.9843101501,80.2228469849,58201,58211,10
12.9848203659,80.2231826782,58211,58220,9
12.9854297638,80.2233123779,58220,58231,11
12.9860601425,80.2230224609,58231,58241,10
12.9866399765,80.2229690552,58241,58251,10
12.9870595932,80.2230072021,58251,58261,10
12.9873104095,80.2230606079,58261,58271,10
12.9876203537,80.2230300903,58271,58281,10
12.988120079,80.2227020264,58281,58291,10
12.9887304306,80.2221298218,58291,58301,10
12.9891300201,80.2216415405,58301,58312,11
12.9896001816,80.2210388184,58312,58322,10
12.9904203415,80.2203216553,58322,58342,20
12.9904203415,80.2203216553,58342,58352,10
12.990650177,80.2202072144,58352,58362,10
12.9910001755,80.2199630737,58362,58372,10
12.9913597107,80.2196578979,58372,58382,10
12.991519928,80.2195510864,58382,58392,10
12.9919204712,80.2192611694,58392,58402,10
12.9924898148,80.2188186646,58402,58412,10
12.9932498932,80.2182617188,58412,58422,10
12.9940395355,80.2177124023,58422,58432,10
12.9947299957,80.2172012329,58432,58443,11
12.9954004288,80.2168197632,58443,58453,10
12.9961500168,80.2165908813,58453,58463,10
12.9968795776,80.2164230347,58463,58473,10
12.9972400665,80.2162704468,58473,58483,10
12.9974298477,80.2161102295,58483,58493,10
12.9975299835,80.2160720825,58493,58503,10
12.9978399277,80.2157669067,58503,58513,10
12.9983301163,80.2153396606,58513,58523,10
12.9989299774,80.2148513794,58523,58533,10
12.9992399216,80.2146072388,58533,58543,10
12.9996700287,80.2142562866,58543,58553,10
13.0000600815,80.2138977051,58553,58563,10
13.0005598068,80.2134475708,58563,58574,11
13.0011196136,80.2129974365,58574,58584,10
13.0015602112,80.212677002,58584,58594,10
13.0019197464,80.2124404907,58594,58604,10
13.0023097992,80.2122573853,58604,58614,10
13.0027303696,80.2121200562,58614,58624,10
13.0032300949,80.2120437622,58624,58634,10
13.0038299561,80.2120437622,58634,58644,10
13.0044498444,80.2122879028,58644,58654,10
13.0048303604,80.2124176025,58654,58664,10
13.0054798126,80.2127914429,58664,58674,10
13.006310463,80.2126922607,58674,58685,11
13.0071401596,80.2128219604,58685,58695,10
13.0078201294,80.2130966187,58695,58715,20
13.0078201294,80.2130966187,58715,58725,10
13.0080795288,80.2132415771,58725,58735,10
13.0085601807,80.2134628296,58735,58745,10
13.0089797974,80.214050293,58745,58755,10
13.0094995499,80.2147827148,58755,58765,10
13.010020256,80.215461731,58765,58775,10
13.0105199814,80.2160186768,58775,58785,10
13.0108003616,80.2166976929,58785,58795,10
13.0110502243,80.2173614502,58795,58805,10
13.0113601685,80.218132019,58805,58816,11
13.0117797852,80.2192764282,58816,58825,9
13.0120697021,80.2202606201,58825,58836,11
13.0123300552,80.221031189,58836,58846,10
13.0126399994,80.2216415405,58846,58856,10
13.0129899979,80.222076416,58856,58866,10
13.0132303238,80.222366333,58866,58876,10
13.0134801865,80.2227020264,58876,58886,10
13.0138597488,80.2231674194,58886,58896,10
13.0141401291,80.223487854,58896,58906,10
13.0142698288,80.2236709595,58906,58916,10
13.0146903992,80.2241516113,58916,58926,10
13.0153999329,80.2249221802,58926,58947,21
13.0153999329,80.2249221802,58947,58957,10
13.0156002045,80.2251586914,58957,58967,10
13.0160903931,80.2253570557,58967,58977,10
13.0168600082,80.2251815796,58977,58987,10
13.0177202225,80.2248535156,58987,58997,10
13.0186100006,80.2245025635,58997,59007,10
13.0194196701,80.2244033813,59007,59017,10
13.0195302963,80.2244262695,59017,59027,10
13.0196199417,80.2245025635,59027,59037,10
13.0199604034,80.2247161865,59037,59047,10
13.0203895569,80.2250366211,59047,59057,10
13.0209302902,80.2254486084,59057,59067,10
13.021490097,80.2258987427,59067,59077,10
13.0218496323,80.2261123657,59077,59088,11
13.0218601227,80.2261199951,59088,59098,10
13.0220003128,80.2262496948,59098,59108,10
13.0223999023,80.2266082764,59108,59118,10
13.0229196548,80.2270965576,59118,59128,10
13.0235204697,80.2276763916,59128,59138,10
13.0240297318,80.2281570435,59138,59148,10
13.024479866,80.2286911011,59148,59158,10
13.0248804092,80.2292480469,59158,59168,10
13.0253801346,80.2298812866,59168,59178,10
13.0258302689,80.2305221558,59178,59188,10
13.0260000229,80.2309875488,59188,59198,10
13.026049614,80.231300354,59198,59209,11
13.0263204575,80.2313232422,59209,59219,10
13.0268201828,80.2311401367,59219,59229,10
13.0274000168,80.2309265137,59229,59239,10
13.0279197693,80.2308578491,59239,59249,10
13.0287399292,80.2308197021,59249,59269,20
13.0287399292,80.2308197021,59269,59279,10
13.0289897919,80.2308578491,59279,59289,10
13.0291996002,80.2308502197,59289,59299,10
13.0295696259,80.2308273315,59299,59309,10
13.0300703049,80.2307815552,59309,59319,10
13.0304403305,80.2307662964,59319,59329,10
13.0307798386,80.2307281494,59329,59339,10
13.0311403275,80.2306365967,59339,59350,11
13.0316896439,80.2306518555,59350,59360,10
13.031920433,80.2306289673,59360,59369,9
13.0322303772,80.2305526733,59369,59380,11
13.032910347,80.2305526733,59380,59390,10
13.0339698792,80.23046875,59390,59410,20
13.0339698792,80.23046875,59410,59420,10
13.0340995789,80.2305679321,59420,59499,79
13.0340995789,80.2305679321,59499,59507,8
13.0342597961,80.2304611206,59507,59519,12
13.0344696045,80.2304229736,59519,59528,9
13.0348796844,80.2302017212,59528,59861,333
13.0345897675,80.2299423218,59861,60275,414
13.0342702866,80.229888916,60275,60748,473
13.0342702866,80.229888916,60748,60758,10
13.034239769,80.2302627563,60758,60768,10
13.0341901779,80.2303771973,60768,60779,11
13.0341701508,80.2304534912,60779,60789,10
13.0339202881,80.2304992676,60789,60799,10
13.033659935,80.2304916382,60799,60809,10
13.0334997177,80.2304992676,60809,60819,10
13.033080101,80.2305221558,60819,60829,10
13.032500267,80.2305831909,60829,60839,10
13.0319404602,80.2306518555,60839,60848,9
13.0314302444,80.2306900024,60848,60859,11
13.031129837,80.2307128906,60859,60869,10
13.030960083,80.2307281494,60869,60879,10
13.0307397842,80.2307434082,60879,60889,10
13.0303001404,80.2307815552,60889,60900,11
13.0299501419,80.2308197021,60900,60910,10
13.029800415,80.2308425903,60910,60920,10
13.0294599533,80.2308883667,60920,60930,10
13.0287599564,80.23097229,60930,60940,10
13.0280799866,80.2310409546,60940,60950,10
13.0277500153,80.2311019897,60950,60960,10
13.0277004242,80.2314910889,60960,60970,10
13.0277500153,80.231918335,60970,60980,10
13.0278596878,80.2324829102,60980,60990,10
13.0276899338,80.2328414917,60990,61000,10
13.0269899368,80.232963562,61000,61061,61
13.0269899368,80.232963562,61061,61071,10
13.0267696381,80.2329711914,61071,61081,10
13.0264196396,80.2329025269,61081,61091,10
13.0262298584,80.2323226929,61091,61101,10
13.02602005,80.2315292358,61101,61111,10
13.0257101059,80.2305526733,61111,61121,10
13.0250597,80.2295684814,61121,61131,10
13.0244102478,80.228729248,61131,61141,10
13.0239801407,80.2281799316,61141,61151,10
13.0231704712,80.2274627686,61151,61182,31
13.0231704712,80.2274627686,61182,61192,10
13.0229301453,80.2273025513,61192,61202,10
13.0226802826,80.2269668579,61202,61212,10
13.0222501755,80.2265625,61212,61222,10
13.0216302872,80.2260513306,61222,61232,10
13.0208797455,80.2254714966,61232,61242,10
13.0200004578,80.2248382568,61242,61252,10
13.018989563,80.2244720459,61252,61262,10
13.0179195404,80.2248535156,61262,61272,10
13.0168600082,80.2252731323,61272,61283,11
13.0159597397,80.2256164551,61283,61293,10
13.015250206,80.2259063721,61293,61303,10
13.0149898529,80.2260437012,61303,61313,10
13.0147695541,80.2261199951,61313,61323,10
13.0143299103,80.2263031006,61323,61333,10
13.0141801834,80.2263717651,61333,61343,10
13.0140399933,80.2264175415,61343,61353,10
13.0135698318,80.2265777588,61353,61363,10
13.0128898621,80.2268371582,61363,61577,214
13.0095396042,80.2147903442,61577,61589,12
13.0089502335,80.2139968872,61589,61599,10
13.0084695816,80.2134780884,61599,61608,9
13.0081996918,80.2133331299,61608,61629,21
13.0081996918,80.2133331299,61629,61639,10
13.0080299377,80.213218689,61639,61649,10
13.0079202652,80.213142395,61649,61659,10
13.0077295303,80.2129974365,61659,61669,10
13.0072097778,80.2128219604,61669,61679,10
13.0064897537,80.2127990723,61679,61690,11
13.0057201385,80.2129821777,61690,61700,10
13.0049800873,80.2125396729,61700,61710,10
13.0042800903,80.2122268677,61710,61720,10
13.0034799576,80.2121200562,61720,61730,10
13.0027799606,80.2121429443,61730,61740,10
13.0025396347,80.2121734619,61740,61750,10
13.0021696091,80.212348938,61750,61760,10
13.0017795563,80.2126083374,61760,61770,10
13.0013599396,80.2129364014,61770,61780,10
13.000749588,80.2134017944,61780,61796,16
12.9998598099,80.2142333984,61796,61808,12
12.9993801117,80.2146530151,61808,61819,11
12.99903965,80.2149276733,61819,61827,8
12.998749733,80.2152023315,61827,61839,12
12.998049736,80.2157669067,61839,61849,10
12.9975299835,80.2162399292,61849,61859,10
12.9974803925,80.2163009644,61859,61869,10
12.997300148,80.216506958,61869,61909,40
12.997300148,80.216506958,61909,61919,10
12.9967603683,80.2165679932,61919,61960,41
12.9967603683,80.2165679932,61960,61970,10
12.9963798523,80.2166213989,61970,61990,20
12.9963798523,80.2166213989,61990,62000,10
12.9959001541,80.2167205811,62000,62020,20
12.9959001541,80.2167205811,62020,62029,9
12.9955301285,80.2168197632,62029,62039,10
12.9955196381,80.2168273926,62039,62050,11
12.9953699112,80.2168884277,62050,62059,9
12.9952402115,80.2169723511,62059,62070,11
12.9951000214,80.2170562744,62070,62081,11
12.9948501587,80.2172317505,62081,62091,10
12.9944801331,80.2174835205,62091,62101,10
12.9940900803,80.2177886963,62101,62111,10
12.9938001633,80.2180099487,62111,62121,10
12.9932804108,80.2183837891,62121,62131,10
12.9926795959,80.2188262939,62131,62141,10
12.9919395447,80.219367981,62141,62151,10
12.9912204742,80.219871521,62151,62161,10
12.9907999039,80.220199585,62161,62171,10
12.9907903671,80.2202072144,62171,62181,10
12.990480423,80.2204437256,62181,62191,10
12.9900102615,80.2208480835,62191,62201,10
12.989569664,80.2214126587,62201,62212,11
12.9890403748,80.2220077515,62212,62222,10
12.9885101318,80.2225570679,62222,62238,16
12.9876804352,80.2230987549,62238,62250,12
12.9873199463,80.2230834961,62250,62258,8
12.9871702194,80.2230606079,62258,62269,11
12.9869699478,80.2230300903,62269,62280,11
12.9865999222,80.2229614258,62280,62290,10
12.9860496521,80.2229690552,62290,62300,10
12.9854402542,80.2233200073,62300,62310,10
12.9848403931,80.2231216431,62310,62320,10
12.9841604233,80.2227325439,62320,62331,11
12.9833602905,80.2222518921,62331,62352,21
12.9833602905,80.2222518921,62352,62362,10
12.9831199646,80.2220687866,62362,62372,10
12.9829502106,80.2219619751,62372,62382,10
12.9826402664,80.221862793,62382,62392,10
12.9820995331,80.2216720581,62392,62402,10
12.9815397263,80.2212371826,62402,62412,10
12.980919838,80.2210693359,62412,62422,10
12.9800901413,80.2211837769,62422,62432,10
12.9793395996,80.2212219238,62432,62442,10
12.9784698486,80.2212524414,62442,62452,10
12.977640152,80.2212677002,62452,62463,11
12.9768400192,80.2212677002,62463,62473,10
12.9762096405,80.2212982178,62473,62543,70
12.9762096405,80.2212982178,62543,62553,10
12.9758501053,80.2212371826,62553,62563,10
12.9756698608,80.2210693359,62563,62573,10
12.9756603241,80.2210617065,62573,62583,10
12.9756097794,80.220993042,62583,62594,11
12.9753599167,80.2208023071,62594,62604,10
12.9747695923,80.2205429077,62604,62614,10
12.9739599228,80.2202301025,62614,62624,10
12.9730300903,80.2198486328,62624,62634,10
12.9720096588,80.2194595337,62634,62644,10
12.9711503983,80.2191772461,62644,62664,20
12.9711503983,80.2191772461,62664,62674,10
12.9709396362,80.219078064,62674,62690,16
12.9705295563,80.2188568115,62690,62702,12
12.9698696136,80.2185821533,62702,62710,8
12.9693803787,80.2183837891,62710,62722,12
12.968629837,80.2180786133,62722,62733,11
12.9679203033,80.2178115845,62733,62743,10
12.9672403336,80.2175369263,62743,62753,10
12.9663095474,80.2171707153,62753,62763,10
12.9652395248,80.2167434692,62763,62773,10
12.9642400742,80.2163314819,62773,62782,9
12.9633197784,80.2159118652,62782,62793,11
12.9628601074,80.215713501,62793,62803,10
12.9626102448,80.2156066895,62803,62813,10
12.9619998932,80.2153701782,62813,62823,10
12.9611597061,80.2150421143,62823,62833,10
12.9601802826,80.2146606445,62833,62843,10
12.9591703415,80.2142562866,62843,62854,11
12.9580097198,80.2137985229,62854,62864,10
12.9571199417,80.2134399414,62864,62874,10
12.9562397003,80.2130966187,62874,62884,10
12.9552402496,80.2127227783,62884,62894,10
12.9542503357,80.2123184204,62894,62904,10
12.9534797668,80.212020874,62904,62914,10
12.9527397156,80.2117233276,62914,62924,10
12.9518604279,80.2113800049,62924,62934,10
12.9508695602,80.2109832764,62934,62944,10
12.9498596191,80.2106018066,62944,62954,10
12.9489898682,80.2102508545,62954,62964,10
12.9481601715,80.2099304199,62964,62974,10
12.9471902847,80.2095336914,62974,62985,11
12.9459400177,80.2090377808,62985,62995,10
12.9448604584,80.2086105347,62995,63005,10
12.9442596436,80.208366394,63005,63015,10
12.9442195892,80.2083587646,63015,63025,10
12.9439601898,80.2082519531,63025,63035,10
12.943479538,80.2080612183,63035,63045,10
12.9429597855,80.207649231,63045,63055,10
12.9427995682,80.2074508667,63055,63065,10
12.9425201416,80.2070770264,63065,63075,10
12.9420204163,80.2066192627,63075,63085,10
12.9411201477,80.2060699463,63085,63105,20
12.9411201477,80.2060699463,63105,63116,11
12.9408197403,80.2059173584,63116,63126,10
12.9402799606,80.2057418823,63126,63136,10
12.9395799637,80.2055435181,63136,63146,10
12.9388198853,80.2052993774,63146,63156,10
12.9379796982,80.2050476074,63156,63166,10
12.9370603561,80.2047805786,63166,63176,10
12.9361495972,80.2045211792,63176,63186,10
12.935379982,80.2042388916,63186,63196,10
12.9345903397,80.2039871216,63196,63206,10
12.9338598251,80.2039489746,63206,63216,10
12.9337501526,80.2039413452,63216,63226,10
12.9336700439,80.2039337158,63226,63237,11
12.9332504272,80.2038421631,63237,63247,10
12.9326601028,80.2035827637,63247,63257,10
12.9319601059,80.2033462524,63257,63267,10
12.9312801361,80.2031173706,63267,63277,10
12.9309501648,80.2030181885,63277,63287,10
12.9304504395,80.2029037476,63287,63297,10
12.9295597076,80.2027893066,63297,63317,20
12.9295597076,80.2027893066,63317,63327,10
12.9292697906,80.2027435303,63327,63337,10
12.9287796021,80.2026824951,63337,63347,10
12.9285097122,80.2022094727,63347,63357,10
12.9284696579,80.2018127441,63357,63367,10
12.9284696579,80.2011566162,63367,63378,11
12.9284200668,80.2002182007,63378,63388,10
12.9281396866,80.1992797852,63388,63398,10
12.9276599884,80.1983718872,63398,63408,10
12.9268198013,80.1977386475,63408,63418,10
12.9259395599,80.1975326538,63418,63428,10
12.9254598618,80.1975402832,63428,63438,10
12.9251298904,80.197517395,63438,63448,10
12.9245100021,80.197517395,63448,63458,10
12.9238195419,80.1975021362,63458,63468,10
12.923119545,80.1974182129,63468,63478,10
12.9224004745,80.1973419189,63478,63488,10
12.9220695496,80.197303772,63488,63499,11
12.9220104218,80.1972808838,63499,63509,10
12.921620369,80.1971511841,63509,63519,10
12.9210195541,80.1969223022,63519,63529,10
12.9202804565,80.1966629028,63529,63539,10
12.9195203781,80.1963806152,63539,63549,10
12.9189195633,80.1959609985,63549,63559,10
12.9184398651,80.1955032349,63559,63569,10
12.9179096222,80.195022583,63569,63579,10
12.9172897339,80.1944274902,63579,63589,10
12.9170198441,80.1939697266,63589,63599,10
12.9169998169,80.193321228,63599,63609,10
12.9170999527,80.1925735474,63609,63619,10
12.9172096252,80.1919174194,63619,63630,11
12.91726017,80.19140625,63630,63640,10
12.91726017,80.1913986206,63640,63650,10
12.9173002243,80.1912612915,63650,63660,10
12.9173402786,80.1906967163,63660,63670,10
12.9174499512,80.1899414063,63670,63680,10
12.9177999496,80.1890716553,63680,63690,10
12.9184503555,80.1882400513,63690,63700,10
12.9190196991,80.1876220703,63700,63710,10
12.9196996689,80.1868362427,63710,63720,10
12.9203796387,80.1860275269,63720,63730,10
12.9205102921,80.1850585938,63730,63740,10
12.9202604294,80.1842498779,63740,63760,20
12.9202604294,80.1842498779,63760,63771,11
12.9201898575,80.1838226318,63771,63782,11
12.9200401306,80.1830596924,63782,63792,10
12.9198904037,80.1824798584,63792,63802,10
12.9198799133,80.1824417114,63802,63812,10
12.9197998047,80.1820831299,63812,63822,10
12.9196796417,80.1814498901,63822,63832,10
12.9195203781,80.1806793213,63832,63842,10
12.9193201065,80.1797409058,63842,63852,10
12.9188604355,80.1789169312,63852,63862,10
12.9183397293,80.1781692505,63862,63872,10
12.9182195663,80.1773223877,63872,63882,10
12.9183998108,80.1763534546,63882,63893,11
12.9186897278,80.1752166748,63893,63903,10
12.9189395905,80.1741485596,63903,63913,10
12.9191999435,80.1731185913,63913,63923,10
12.9194602966,80.1722488403,63923,63933,10
12.9196596146,80.1715087891,63933,63943,10
12.9197998047,80.1709976196,63943,63959,16
12.919839859,80.1708984375,63959,63971,12
12.9199800491,80.1704177856,63971,63979,8
12.9201602936,80.1698532104,63979,63991,12
12.9204797745,80.1688232422,63991,64001,10
12.9208698273,80.1676101685,64001,64011,10
12.9212303162,80.1664962769,64011,64022,11
12.921620369,80.1652679443,64022,64032,10
12.921959877,80.1642227173,64032,64042,10
12.922249794,80.1632995605,64042,64052,10
12.9225597382,80.1622467041,64052,64062,10
12.9228601456,80.1613311768,64062,64072,10
12.9230804443,80.1605911255,64072,64082,10
12.9231100082,80.1605224609,64082,64092,10
12.9232397079,80.1601028442,64092,64102,10
12.9233398438,80.1593475342,64102,64112,10
12.9234600067,80.1583328247,64112,64122,10
12.9235496521,80.1571578979,64122,64132,10
12.9236497879,80.1561279297,64132,64142,10
12.9233398438,80.1548995972,64142,64163,21
12.9233398438,80.1548995972,64163,64173,10
12.9233102798,80.1547775269,64173,64183,10
12.9232301712,80.1543121338,64183,64193,10
12.9230604172,80.1536102295,64193,64203,10
12.9228401184,80.1527786255,64203,64213,10
12.9226999283,80.152130127,64213,64223,10
12.922659874,80.1517562866,64223,64233,10
12.9226503372,80.1510391235,64233,64243,10
12.9226198196,80.1500778198,64243,64253,10
12.9225597382,80.1490707397,64253,64263,10
12.922539711,80.1482467651,64263,64274,11
12.922539711,80.1478500366,64274,64284,10
12.9225301743,80.1474609375,64284,64294,10
12.9225196838,80.1471328735,64294,64304,10
12.9225301743,80.1469573975,64304,64314,10
12.9225301743,80.146446228,64314,64324,10
12.9225101471,80.1456985474,64324,64334,10
12.9224796295,80.144821167,64334,64344,10
12.9224596024,80.1440200806,64344,64354,10
12.9224395752,80.1433334351,64354,64405,51
12.9224395752,80.1433334351,64405,64415,10
12.9224500656,80.1432723999,64415,64425,10
12.922419548,80.1428985596,64425,64435,10
12.9224100113,80.1422805786,64435,64445,10
12.9223804474,80.1414794922,64445,64455,10
12.9223604202,80.1406097412,64455,64465,10
12.9223499298,80.1395568848,64465,64475,10
12.9223804474,80.1385726929,64475,64485,10
12.922419548,80.1377410889,64485,64495,10
12.9224796295,80.1366882324,64495,64505,10
12.9225196838,80.1357421875,64505,64515,10
12.9225702286,80.1345291138,64515,64525,10
12.9226303101,80.1333999634,64525,64536,11
12.922659874,80.1324996948,64536,64546,10
12.922659874,80.1315994263,64546,64556,10
12.9226703644,80.1311721802,64556,64566,10
12.9226799011,80.1310195923,64566,64576,10
12.9227199554,80.130531311,64576,64586,10
12.9227600098,80.1298217773,64586,64596,10
12.9228096008,80.1289520264,64596,64606,10
12.9228496552,80.1281433105,64606,64616,10
12.9228696823,80.1274108887,64616,64626,10
12.9228801727,80.1269226074,64626,64636,10
12.9229001999,80.1260528564,64636,64646,10
12.9229402542,80.1252365112,64646,64656,10
12.9229803085,80.124420166,64656,64667,11
12.9230003357,80.1233673096,64667,64677,10
12.9230499268,80.1223373413,64677,64687,10
12.9231004715,80.1214675903,64687,64697,10
12.9231395721,80.120880127,64697,64727,30
12.9231395721,80.120880127,64727,64737,10
12.9231700897,80.1207580566,64737,64747,10
12.9231901169,80.1205673218,64747,64757,10
12.9232397079,80.1201629639,64757,64767,10
12.9232797623,80.1194381714,64767,64777,10
12.9232902527,80.1187820435,64777,64787,10
12.9233703613,80.1180267334,64787,64798,11
12.9234304428,80.1169662476,64798,64838,40
12.9234304428,80.1169662476,64838,64848,10
12.923620224,80.1169662476,64848,64858,10
12.9235496521,80.1172714233,64858,64868,10
12.9236097336,80.1177978516,64868,64878,10
12.9235296249,80.1184387207,64878,64888,10
12.9234895706,80.1191635132,64888,64898,10
12.9234199524,80.1195907593,64898,64908,10
12.9233798981,80.1202011108,64908,64918,10
12.9233598709,80.1206665039,64918,64935,17
12.9233398438,80.1209335327,64935,64947,12
12.9232597351,80.1211700439,64947,64957,10
12.9232997894,80.1212997437,64957,65551,594
12.9232997894,80.1212997437,65551,65561,10
12.9233598709,80.1214904785,65561,65572,11
12.9232997894,80.121887207,65572,65582,10
12.9232597351,80.1224365234,65582,65592,10
12.923210144,80.1231994629,65592,65602,10
12.9231595993,80.1240921021,65602,65612,10
12.9231004715,80.1250762939,65612,65622,10
12.9230699539,80.1256790161,65622,65672,50
12.9230699539,80.1256790161,65672,65682,10
12.9230604172,80.1258468628,65682,65692,10
12.9230203629,80.1263885498,65692,65703,11
12.9229898453,80.1273269653,65703,65713,10
12.9229402542,80.1281967163,65713,65723,10
12.9229001999,80.1288223267,65723,65733,10
12.9228696823,80.1294937134,65733,65743,10
12.9228200912,80.130241394,65743,65753,10
12.9228096008,80.1310882568,65753,65763,10
12.9228096008,80.1313476563,65763,65773,10
12.9227895737,80.1316604614,65773,65783,10
12.9227695465,80.1322937012,65783,65793,10
12.9227199554,80.1331634521,65793,65803,10
12.9226703644,80.1342315674,65803,65813,10
12.9226303101,80.1351623535,65813,65823,10
12.9225997925,80.1358566284,65823,65834,11
12.922539711,80.1368713379,65834,65844,10
12.9224996567,80.1377792358,65844,65854,10
12.9224596024,80.1385574341,65854,65864,10
12.9224100113,80.1394119263,65864,65873,9
12.9224395752,80.1403121948,65873,65884,11
12.9224500656,80.141242981,65884,65894,10
12.9224700928,80.1421966553,65894,65904,10
12.9224996567,80.1426086426,65904,65914,10
12.9225196838,80.1428909302,65914,65924,10
12.9225502014,80.1433334351,65924,65934,10
12.9225702286,80.1436920166,65934,65944,10
12.9225702286,80.143699646,65944,65955,11
12.9225597382,80.1437911987,65955,65965,10
12.9225597382,80.1441574097,65965,65974,9
12.9225902557,80.1447906494,65974,65985,11
12.9226102829,80.1457595825,65985,65995,10
12.9226398468,80.1467208862,65995,66005,10
12.9226703644,80.1473693848,66005,66015,10
12.922659874,80.1480102539,66015,66025,10
12.9226398468,80.1488189697,66025,66035,10
12.9226999283,80.1498184204,66035,66045,10
12.9227304459,80.1507492065,66045,66055,10
12.9227695465,80.1514816284,66055,66086,31
12.9227695465,80.1514816284,66086,66096,10
12.9227800369,80.151802063,66096,66106,10
12.9228200912,80.1522979736,66106,66116,10
12.9229602814,80.152961731,66116,66126,10
12.9231595993,80.1538085938,66126,66136,10
12.9234304428,80.1547393799,66136,66156,20
12.9234304428,80.1547393799,66156,66166,10
12.9234800339,80.1551208496,66166,66176,10
12.9236297607,80.1557617188,66176,66186,10
12.9236698151,80.1566619873,66186,66196,10
12.9235801697,80.1577224731,66196,66206,10
12.9234800339,80.1588592529,66206,66217,11
12.9233798981,80.1600418091,66217,66227,10
12.9233198166,80.1604614258,66227,66237,10
12.9232597351,80.1606063843,66237,66247,10
12.9230699539,80.1611480713,66247,66257,10
12.9228096008,80.1619415283,66257,66267,10
12.9224996567,80.1628723145,66267,66277,10
12.9221897125,80.163848877,66277,66287,10
12.9219102859,80.1646881104,66287,66297,10
12.9215698242,80.1657485962,66297,66307,10
12.921210289,80.1668395996,66307,66317,10
12.9209003448,80.1678924561,66317,66327,10
12.9205598831,80.1688919067,66327,66337,10
12.9202604294,80.169960022,66337,66348,11
12.919960022,80.1709213257,66348,66358,10
12.9199199677,80.171043396,66358,66368,10
12.9198799133,80.1711807251,66368,66378,10
12.9197301865,80.1716995239,66378,66388,10
12.9195299149,80.1724395752,66388,66398,10
12.9193000793,80.1733169556,66398,66408,10
12.9190397263,80.174369812,66408,66418,10
12.9187898636,80.175453186,66418,66428,10
12.918510437,80.1764297485,66428,66438,10
12.9183397293,80.1774368286,66438,66448,10
12.918510437,80.1783981323,66448,66458,10
12.9191598892,80.1792984009,66458,66468,10
12.9195299149,80.1804122925,66468,66479,11
12.9197797775,80.1816635132,66479,66489,10
12.9199895859,80.1826705933,66489,66499,10
12.9203395844,80.1840209961,66499,66539,40
12.9203395844,80.1840209961,66539,66549,10
12.9203996658,80.1842422485,66549,66559,10
12.9205102921,80.1848220825,66559,66569,10
12.9206800461,80.1856231689,66569,66589,20
12.9206800461,80.1856231689,66589,66600,11
12.9206800461,80.1859512329,66600,66611,11
12.9202804565,80.1864471436,66611,66620,9
12.9198198318,80.186958313,66620,66631,11
12.9191904068,80.1876678467,66631,66641,10
12.9187202454,80.1882171631,66641,66651,10
12.9181604385,80.1887969971,66651,66661,10
12.9176597595,80.1895828247,66661,66671,10
12.9174995422,80.1903381348,66671,66681,10
12.9174404144,80.1908493042,66681,66691,10
12.9173803329,80.1914215088,66691,66701,10
12.9173002243,80.1920471191,66701,66711,10
12.9172296524,80.1925964355,66711,66721,10
12.9171695709,80.1932220459,66721,66782,61
12.9171695709,80.1932220459,66782,66792,10
12.917090416,80.1935577393,66792,66802,10
12.917140007,80.1940383911,66802,66812,10
12.9173603058,80.1945114136,66812,66822,10
12.9176797867,80.1948394775,66822,66832,10
12.9180603027,80.1951675415,66832,66842,10
12.9185199738,80.1955871582,66842,66852,10
12.9189796448,80.1960067749,66852,66863,11
12.9196100235,80.1964416504,66863,66873,10
12.9202299118,80.1966934204,66873,66883,10
12.9207601547,80.1968765259,66883,66893,10
12.921210289,80.1970214844,66893,66903,10
12.9218397141,80.1972579956,66903,66913,10
12.9226198196,80.1974105835,66913,66923,10
12.9232301712,80.197479248,66923,66933,10
12.9232797623,80.1974868774,66933,66943,10
12.9235801697,80.1975479126,66943,66953,10
12.9241695404,80.1975784302,66953,66963,10
12.9249696732,80.1975631714,66963,66973,10
12.9253501892,80.1975631714,66973,66983,10
12.9257602692,80.1975708008,66983,66994,11
12.9264802933,80.1976699829,66994,67004,10
12.9271402359,80.1979675293,67004,67014,10
12.9277601242,80.1985397339,67014,67024,10
12.928150177,80.1992721558,67024,67034,10
12.928440094,80.2001113892,67034,67044,10
12.9285202026,80.2010192871,67044,67053,9
12.9285497665,80.2017593384,67053,67064,11
12.9286003113,80.2025222778,67064,67074,10
12.9293603897,80.202796936,67074,67094,20
12.9293603897,80.202796936,67094,67104,10
12.9294595718,80.2028121948,67104,67114,10
12.930100441,80.2029037476,67114,67135,21
12.930100441,80.2029037476,67135,67145,10
12.9303998947,80.2029418945,67145,67155,10
12.9307498932,80.2030181885,67155,67165,10
12.9312095642,80.203163147,67165,67175,10
12.9318399429,80.2033691406,67175,67176,1
12.9319000244,80.20337677,67176,67177,1
12.9319601059,80.2034072876,67177,67223,46
12.9339504242,80.2039718628,67223,67233,10
12.934009552,80.2039794922,67233,67243,10
12.9342603683,80.2040100098,67243,67254,11
12.9346904755,80.2040634155,67254,67264,10
12.9353103638,80.204246521,67264,67274,10
12.935790062,80.204460144,67274,67284,10
12.9360799789,80.2045593262,67284,67294,10
12.9366502762,80.2047195435,67294,67304,10
12.9371995926,80.2048721313,67304,67315,11
12.9378004074,80.205039978,67315,67325,10
12.9385700226,80.2052612305,67325,67335,10
12.9393396378,80.2054977417,67335,67345,10
12.9399795532,80.2056808472,67345,67355,10
12.9400396347,80.2057037354,67355,67365,10
12.9403600693,80.2058029175,67365,67375,10
12.9408102036,80.205947876,67375,67385,10
12.9414196014,80.2062530518,67385,67396,11
12.9420795441,80.2067184448,67396,67406,10
12.942609787,80.2071609497,67406,67416,10
12.9429798126,80.2076568604,67416,67426,10
12.9434995651,80.2081069946,67426,67436,10
12.943860054,80.2082519531,67436,67446,10
12.9443101883,80.2084121704,67446,67456,10
12.9443902969,80.208442688,67456,67466,10
12.9445104599,80.2085037231,67466,67476,10
12.9449195862,80.2086486816,67476,67486,10
12.9455900192,80.2088928223,67486,67496,10
12.9463596344,80.2091903687,67496,67507,11
12.9471597672,80.2095108032,67507,67517,10
12.9477396011,80.2097473145,67517,67527,10
12.948340416,80.2099761963,67527,67537,10
12.9490499496,80.2102584839,67537,67547,10
12.9499597549,80.2106170654,67547,67557,10
12.9509096146,80.2110137939,67557,67567,10
12.9517803192,80.2113571167,67567,67577,10
12.9524402618,80.2116165161,67577,67587,10
12.9526395798,80.2117004395,67587,67597,10
12.9527301788,80.2117385864,67597,67607,10
12.9528799057,80.2117919922,67607,67617,10
12.953209877,80.2119369507,67617,67627,10
12.9538097382,80.2121734619,67627,67638,11
12.9546699524,80.2125167847,67638,67648,10
12.9555997849,80.212890625,67648,67658,10
12.9564800262,80.213218689,67658,67668,10
12.9572696686,80.2135162354,67668,67678,10
12.9581403732,80.2138595581,67678,67688,10
12.9585800171,80.2140274048,67688,67698,10
12.9588499069,80.2141494751,67698,67708,10
12.9591999054,80.2142868042,67708,67718,10
12.9595603943,80.2144393921,67718,67728,10
12.9599399567,80.21459198,67728,67738,10
12.9602499008,80.2147064209,67738,67748,10
12.9606399536,80.2148590088,67748,67758,10
12.9610004425,80.2149963379,67758,67769,11
12.9615497589,80.2152099609,67769,67779,10
12.9620895386,80.215423584,67779,67789,10
12.9624700546,80.2155838013,67789,67799,10
12.9628801346,80.2157211304,67799,67839,40
12.9628801346,80.2157211304,67839,67849,10
12.963139534,80.2157974243,67849,67859,10
12.9634199142,80.2159194946,67859,67869,10
12.9638004303,80.2160873413,67869,67879,10
12.96434021,80.2163467407,67879,67889,10
12.9650201797,80.2166290283,67889,67900,11
12.9657697678,80.2169418335,67900,67910,10
12.9663600922,80.2171936035,67910,67920,10
12.9669704437,80.2174377441,67920,67930,10
12.9676103592,80.2176971436,67930,67940,10
12.9682502747,80.217956543,67940,67950,10
12.9690303802,80.2182617188,67950,67960,10
12.969909668,80.2185974121,67960,67970,10
12.970700264,80.2189178467,67970,67980,10
12.9712095261,80.2190628052,67980,67990,10
12.9712400436,80.219078064,67990,68000,10
12.971570015,80.2192077637,68000,68041,41
12.971570015,80.2192077637,68041,68051,10
12.9719600677,80.2193908691,68051,68061,10
12.9721698761,80.2194824219,68061,68071,10
12.9722995758,80.219543457,68071,68081,10
12.9727897644,80.2197189331,68081,68152,71
12.9727897644,80.2197189331,68152,68162,10
12.9731302261,80.2198562622,68162,68222,60
12.9731302261,80.2198562622,68222,68232,10
12.9735603333,80.2200317383,68232,68242,10
12.9738397598,80.220161438,68242,68252,10
12.9741401672,80.2203063965,68252,68262,10
12.9744100571,80.2204666138,68262,68272,10
12.9749403,80.2206420898,68272,68363,91
12.9752397537,80.2208023071,68363,68444,81
12.9752397537,80.2208023071,68444,68454,10
12.9753398895,80.2208175659,68454,68464,10
12.9755897522,80.2209625244,68464,68474,10
12.9761104584,80.2213592529,68474,68494,20
12.9761104584,80.2213592529,68494,68504,10
12.9761695862,80.2212982178,68504,68514,10
12.9764795303,80.221321106,68514,68524,10
12.9770202637,80.2213363647,68524,68535,11
12.9777603149,80.2212982178,68535,68544,9
12.9782800674,80.221282959,68544,68555,11
12.9790000916,80.2212219238,68555,68565,10
12.9795398712,80.2211837769,68565,68575,10
12.980219841,80.2211303711,68575,68585,10
12.9809103012,80.2210922241,68585,68595,10
12.9815196991,80.2213516235,68595,68605,10
12.9819402695,80.2216262817,68605,68614,9
12.9821796417,80.2217712402,68614,68625,11
12.9823598862,80.2218399048,68625,68635,10
12.9826202393,80.2219161987,68635,68645,10
12.9826202393,80.2219314575,68645,68655,10
12.9829597473,80.2220687866,68655,68676,21
12.9829597473,80.2220687866,68676,68686,10
12.983130455,80.2221069336,68686,68696,10
12.9834299088,80.2223205566,68696,68706,10
12.9836997986,80.2225265503,68706,68716,10
12.9839496613,80.2226791382,68716,68726,10
12.9841604233,80.2228164673,68726,68736,10
12.9845199585,80.2230606079,68736,68746,10
12.9850597382,80.2233276367,68746,68756,10
12.9854202271,80.2233581543,68756,68766,10
12.9856004715,80.2231674194,68766,68776,10
12.9864301682,80.2230606079,68776,68897,121
12.9864301682,80.2230606079,68897,68907,10
12.9869203568,80.2231369019,68907,68928,21
12.9869203568,80.2231369019,68928,68938,10
12.987159729,80.2231369019,68938,68948,10
12.9873199463,80.2231826782,68948,68958,10
12.9875402451,80.22315979,68958,68968,10
12.9878797531,80.2230377197,68968,68978,10
12.9883699417,80.22265625,68978,68988,10
12.9887895584,80.2222671509,68988,68998,10
12.9891004562,80.2219009399,68998,69008,10
12.9895200729,80.2213973999,69008,69018,10
12.990070343,80.2207489014,69018,69028,10
12.9904899597,80.2203979492,69028,69038,10
12.9905996323,80.2203216553,69038,69049,11
12.9909601212,80.2200622559,69049,69059,10
12.9914999008,80.2196273804,69059,69069,10
12.9921503067,80.2191772461,69069,69079,10
12.992890358,80.2186431885,69079,69089,10
12.9936304092,80.2181015015,69089,69099,10
12.9941902161,80.2176818848,69099,69109,10
12.9946403503,80.2173614502,69109,69119,10
12.9949903488,80.2171096802,69119,69129,10
12.995470047,80.2168426514,69129,69139,10
12.995759964,80.2167510986,69139,69169,30
12.9961500168,80.2166519165,69169,69200,31
12.9961500168,80.2166519165,69200,69210,10
12.9965200424,80.2165985107,69210,69220,10
12.9967498779,80.2165679932,69220,69230,10
12.9969701767,80.2165603638,69230,69240,10
12.9971904755,80.2164764404,69240,69250,10
12.997420311,80.2162704468,69250,69290,40
12.997420311,80.2162704468,69290,69300,10
12.9977798462,80.2159729004,69300,69311,11
12.9982204437,80.2155914307,69311,69321,10
12.9987401962,80.2151794434,69321,69331,10
12.9991598129,80.2148208618,69331,69341,10
12.9994401932,80.2145690918,69341,69351,10
12.9998502731,80.2142028809,69351,69361,10
13.0003099442,80.2137908936,69361,69371,10
13.0007200241,80.2134094238,69371,69381,10
13.0011301041,80.2130966187,69381,69391,10
13.0015802383,80.2127609253,69391,69401,10
13.001830101,80.2125778198,69401,69411,10
13.0022001266,80.2123794556,69411,69421,10
13.0023803711,80.2122879028,69421,69431,10
13.0026702881,80.2122192383,69431,69442,11
13.0031499863,80.2121582031,69442,69452,10
13.0038003922,80.2120895386,69452,69461,9
13.0043802261,80.212310791,69461,69472,11
13.0050001144,80.2126693726,69472,69482,10
13.0058603287,80.2130279541,69482,69492,10
13.006480217,80.2128295898,69492,69502,10
13.0070295334,80.2128601074,69502,69512,10
13.0074100494,80.2129135132,69512,69522,10
13.0078201294,80.213180542,69522,69562,40
13.0078201294,80.213180542,69562,69573,11
13.008020401,80.2133026123,69573,69583,10
13.0081501007,80.2133483887,69583,69593,10
13.0085296631,80.2135314941,69593,69609,16
13.0092802048,80.2145385742,69609,69621,12
13.0098400116,80.2153015137,69621,69631,10
13.0101804733,80.2157897949,69631,69641,10
13.0107002258,80.2167282104,69641,69651,10
13.0110702515,80.2175674438,69651,69661,10
13.0114603043,80.2185516357,69661,69671,10
13.0118598938,80.2196807861,69671,69681,10
13.0122203827,80.2207489014,69681,69691,10
13.0124998093,80.2214889526,69691,69702,11
13.0127601624,80.2219161987,69702,69712,10
13.0131902695,80.2224273682,69712,69722,10
13.0136203766,80.2229385376,69722,69732,10
13.0140399933,80.2234191895,69732,69743,11
13.014289856,80.2237701416,69743,69753,10
13.0146102905,80.2241516113,69753,69763,10
13.0150499344,80.2246704102,69763,69773,10
13.0151100159,80.2247619629,69773,69783,10
13.0153198242,80.2250137329,69783,69793,10
13.0157604218,80.2253570557,69793,69803,10
13.016500473,80.2254104614,69803,69813,10
13.0172996521,80.225112915,69813,69823,10
13.0180902481,80.2248001099,69823,69840,17
13.0192499161,80.2244567871,69840,69852,12
13.0194396973,80.2245025635,69852,69862,10
13.0197200775,80.2246398926,69862,69872,10
13.02023983,80.2250366211,69872,69882,10
13.0207395554,80.2253875732,69882,69892,10
13.0211496353,80.225730896,69892,69902,10
13.0215501785,80.2260284424,69902,69912,10
13.021730423,80.2261199951,69912,69922,10
13.0218896866,80.2262115479,69922,69932,10
13.0220003128,80.2262878418,69932,69941,9
13.0223197937,80.2265930176,69941,69951,10
13.0228500366,80.2270889282,69951,69963,12
13.0236797333,80.2278671265,69963,69973,10
13.0242204666,80.228477478,69973,69983,10
13.0242795944,80.2285614014,69983,69993,10
13.0244703293,80.2288208008,69993,70003,10
13.0246496201,80.229057312,70003,70013,10
13.0247097015,80.2291183472,70013,70023,10
13.0249996185,80.2294998169,70023,70033,10
13.0254602432,80.2300872803,70033,70043,10
13.0258903503,80.2308807373,70043,70053,10
13.02602005,80.2313690186,70053,70063,10
13.0264997482,80.2313537598,70063,70073,10
13.0272903442,80.2311706543,70073,70104,31
13.0272903442,80.2311706543,70104,70114,10
13.0277299881,80.231086731,70114,70124,10
13.0280799866,80.2310180664,70124,70134,10
13.0286998749,80.23097229,70134,70144,10
13.0291795731,80.2309417725,70144,70160,16
13.0298900604,80.2308731079,70160,70172,12
13.030380249,80.2308197021,70172,70180,8
13.0306797028,80.230796814,70180,70192,12
13.0309000015,80.2307815552,70192,70202,10
13.0310897827,80.2307662964,70202,70212,10
13.0312795639,80.2307815552,70212,70223,11
13.0314998627,80.230796814,70223,70233,10
13.0315704346,80.230796814,70233,70243,10
13.0320196152,80.2307434082,70243,70283,40
13.0320196152,80.2307434082,70283,70293,10
13.0321502686,80.2307281494,70293,70303,10
13.0324201584,80.2307128906,70303,70313,10
13.0329504013,80.2306671143,70313,70414,101
13.0329504013,80.2306671143,70414,70424,10
13.0332698822,80.2306518555,70424,70434,10
13.0337200165,80.2306213379,70434,70454,20
13.0337200165,80.2306213379,70454,70464,10
13.0339002609,80.2305984497,70464,70475,11
13.0340995789,80.2305831909,70475,70485,10
13.0343904495,80.2305221558,70485,70495,10
13.0348901749,80.2302627563,70495,70515,20
13.0346498489,80.2301330566,70515,70555,40
13.0342798233,80.2300796509,70555,71054,499
13.0342798233,80.2300796509,71054,71064,10
13.0340995789,80.2304382324,71064,71135,71
13.0340995789,80.2304382324,71135,71145,10
13.0337400436,80.2305679321,71145,71155,10
13.0333003998,80.2305831909,71155,71165,10
13.0328397751,80.2306213379,71165,71175,10
13.032409668,80.2306594849,71175,71266,91
13.032409668,80.2306594849,71266,71276,10
13.0320196152,80.2307434082,71276,71286,10
13.0319499969,80.2307434082,71286,71296,10
13.0313596725,80.2307434082,71296,71387,91
13.0313596725,80.2307434082,71387,71397,10
13.0310096741,80.2307434082,71397,71407,10
13.0308103561,80.230758667,71407,71417,10
13.0306196213,80.2307815552,71417,71427,10
13.0303096771,80.2308197021,71427,71437,10
13.029999733,80.2308731079,71437,71446,9
13.0296001434,80.2309188843,71446,71457,11
13.0289201736,80.2309799194,71457,71467,10
13.0283002853,80.2310409546,71467,71477,10
13.0278701782,80.2310714722,71477,71487,10
13.0276403427,80.2311630249,71487,71497,10
13.0276603699,80.2316818237,71497,71507,10
13.0277395248,80.2322769165,71507,71518,11
13.0278301239,80.2327804565,71518,71528,10
13.027299881,80.2329788208,71528,71558,30
13.027299881,80.2329788208,71558,71568,10
13.0268602371,80.2330474854,71568,71578,10
13.0265703201,80.2331085205,71578,71588,10
13.0263004303,80.2328720093,71588,71598,10
13.0262002945,80.2326278687,71598,71608,10
13.0261602402,80.2323913574,71608,71618,10
13.0260801315,80.2320632935,71618,71628,10
13.0259599686,80.231628418,71628,71639,11
13.0257797241,80.2309875488,71639,71649,10
13.0253801346,80.2302703857,71649,71659,10
13.0251197815,80.2299118042,71659,71669,10
13.0250501633,80.2298202515,71669,71679,10
13.0249099731,80.2296218872,71679,71689,10
13.024769783,80.2294387817,71689,71699,10
13.024600029,80.2292404175,71699,71709,10
13.0243597031,80.2288589478,71709,71719,10
13.0239896774,80.2283401489,71719,71729,10
13.0234603882,80.2277832031,71729,71739,10
13.0230703354,80.2275085449,71739,71759,20
13.0230703354,80.2275085449,71759,71770,11
13.0228996277,80.2273864746,71770,71780,10
13.0226297379,80.2270431519,71780,71790,10
13.0222597122,80.2266387939,71790,71800,10
13.0216398239,80.2261199951,71800,71810,10
13.0213098526,80.2258682251,71810,71820,10
13.0209102631,80.2255401611,71820,71830,10
13.0206098557,80.2253494263,71830,71840,10
13.0201396942,80.2250595093,71840,71850,10
13.0195503235,80.2246627808,71850,71860,10
13.018699646,80.2245483398,71860,71870,10
13.0178899765,80.224899292,71870,71880,10
13.0172796249,80.2251586914,71880,71890,10
13.0170497894,80.2252731323,71890,71901,11
13.0168600082,80.2253494263,71901,71911,10
13.0166597366,80.225440979,71911,71921,10
13.016500473,80.2255096436,71921,71931,10
13.0163402557,80.2255630493,71931,71941,10
13.0162496567,80.2255935669,71941,71951,10
13.015879631,80.2257232666,71951,71967,16
13.015080452,80.2260437012,71967,71979,12
13.0145902634,80.2262191772,71979,71999,20
13.0145902634,80.2262191772,71999,72009,10
13.0144901276,80.2262191772,72009,72019,10
13.0140695572,80.2263565063,72019,72030,11
13.013299942,80.2266616821,72030,72040,10
13.0124397278,80.2269897461,72040,72050,10
13.0114402771,80.2273635864,72050,72060,10
13.010430336,80.2277603149,72060,72070,10
13.0096702576,80.2280273438,72070,72081,11
13.0094299316,80.2276229858,72081,72091,10
13.0096998215,80.2270507813,72091,72101,10
13.0100402832,80.22631073,72101,72111,10
13.0103502274,80.2256011963,72111,72121,10
13.0107498169,80.2246322632,72121,72141,20
13.0107498169,80.2246322632,72141,72152,11
13.0108604431,80.2243499756,72152,72162,10
13.0109996796,80.2240066528,72162,72172,10
13.0112104416,80.2234420776,72172,72182,10
13.0114898682,80.2227935791,72182,72192,10
13.0117197037,80.2219390869,72192,72202,10
13.0119199753,80.2215805054,72202,72212,10
13.0120401382,80.2213821411,72212,72222,10
13.0121002197,80.2210769653,72222,72231,9
13.0119495392,80.2205810547,72231,72242,11
13.0116996765,80.2198410034,72242,72252,10
13.0114002228,80.218963623,72252,72262,10
13.0111103058,80.218170166,72262,72272,10
13.0108098984,80.2173995972,72272,72283,11
13.0104999542,80.2167434692,72283,72293,10
13.0101804733,80.2161483765,72293,72303,10
13.0098896027,80.2155075073,72303,72313,10
13.009759903,80.2152786255,72313,72323,10
13.0097103119,80.2152023315,72323,72333,10
13.0093603134,80.2147369385,72333,72343,10
13.0089197159,80.2141571045,72343,72353,10
13.0088100433,80.2140197754,72353,72363,10
13.0087604523,80.2139434814,72363,72373,10
13.0085601807,80.213722229,72373,72403,30
13.0082798004,80.2134780884,72403,72444,41
13.0082798004,80.2134780884,72444,72454,10
13.0080003738,80.2133331299,72454,72464,10
13.0079803467,80.2133178711,72464,72474,10
13.0077600479,80.2131271362,72474,72484,10
13.0074501038,80.2129211426,72484,72494,10
13.0070400238,80.2128295898,72494,72504,10
13.0063199997,80.212852478,72504,72514,10
13.005610466,80.2130203247,72514,72524,10
13.0050201416,80.2126083374,72524,72534,10
13.0044498444,80.2123184204,72534,72545,11
13.004070282,80.2121963501,72545,72555,10
13.0037899017,80.2121505737,72555,72565,10
13.003370285,80.2121505737,72565,72575,10
13.0030698776,80.2121582031,72575,72585,10
13.0027599335,80.2121582031,72585,72595,10
13.0024204254,80.2122497559,72595,72605,10
13.0019702911,80.2124710083,72605,72615,10
13.0013504028,80.2128982544,72615,72625,10
13.0006504059,80.2134399414,72625,72635,10
13.0000495911,80.2139892578,72635,72645,10
12.9996299744,80.2143630981,72645,72655,10
12.9991598129,80.2147598267,72655,72665,10
12.9988698959,80.2149963379,72665,72676,11
12.9983797073,80.2154312134,72676,72686,10
12.9974403381,80.2162399292,72686,72744,58
12.9974403381,80.2162399292,72744,72754,10
12.9972200394,80.2165679932,72754,72805,51
12.9972200394,80.2165679932,72805,72815,10
12.996720314,80.2166290283,72815,72824,9
12.9964895248,80.2166366577,72824,72835,11
12.996219635,80.2167205811,72835,72845,10
12.9959697723,80.2167816162,72845,72855,10
12.9956502914,80.2168502808,72855,72863,8
12.9954099655,80.2169189453,72863,72874,11
12.9951400757,80.2170410156,72874,72884,10
12.9948196411,80.2172393799,72884,72894,10
12.9944000244,80.2175369263,72894,72905,11
12.994099617,80.2177581787,72905,72915,10
12.9937095642,80.2180404663,72915,72926,11
12.9930696487,80.2184829712,72926,72936,10
12.992480278,80.2189407349,72936,72946,10
12.9919300079,80.219329834,72946,72956,10
12.9917697906,80.2194519043,72956,72966,10
12.9914398193,80.2196884155,72966,72976,10
12.990940094,80.2200317383,72976,72986,10
12.9908800125,80.2200469971,72986,72996,10
12.990650177,80.2202377319,72996,73006,10
12.9901304245,80.2206497192,73006,73016,10
12.9895200729,80.2213134766,73016,73032,16
12.9887199402,80.222328186,73032,73044,12
12.988120079,80.2228622437,73044,73186,142
12.988120079,80.2228622437,73186,73196,10
12.9879302979,80.2229919434,73196,73206,10
12.987660408,80.2231292725,73206,73236,30
12.987660408,80.2231292725,73236,73246,10
12.9874296188,80.2231216431,73246,73256,10
12.9872198105,80.2231063843,73256,73266,10
12.987039566,80.2230987549,73266,73276,10
12.9868297577,80.2230606079,73276,73286,10
12.9865999222,80.2230224609,73286,73296,10
12.9861297607,80.2230300903,73296,73306,10
12.9856004715,80.2231826782,73306,73317,11
12.985039711,80.2232818604,73317,73327,10
12.9844303131,80.2229537964,73327,73337,10
12.9841995239,80.2228088379,73337,73347,10
12.984000206,80.2227020264,73347,73357,10
12.9834299088,80.2223815918,73357,73377,20
12.9834299088,80.2223815918,73377,73387,10
12.9833097458,80.2222900391,73387,73397,10
12.9831800461,80.2221908569,73397,73407,10
12.9830503464,80.222076416,73407,73417,10
12.9827098846,80.2219161987,73417,73427,10
12.9824399948,80.2218399048,73427,73437,10
12.982049942,80.2216262817,73437,73448,11
12.9814195633,80.2212371826,73448,73458,10
12.9805297852,80.2211380005,73458,73468,10
12.9796800613,80.2211990356,73468,73478,10
12.9788198471,80.2212524414,73478,73488,10
12.9781103134,80.221282959,73488,73498,10
12.977640152,80.2212982178,73498,73508,10
12.9771099091,80.2213134766,73508,73518,10
12.9766798019,80.2213134766,73518,73528,10
12.976360321,80.221321106,73528,73558,30
12.976360321,80.221321106,73558,73575,17
12.9761400223,80.221321106,73575,73587,12
12.9760398865,80.2213516235,73587,73597,10
12.9759397507,80.2213668823,73597,73607,10
12.9757604599,80.2212295532,73607,73617,10
12.9754104614,80.2209625244,73617,73666,49
12.9754104614,80.2209625244,73666,73677,11
12.975060463,80.220703125,73677,73687,10
12.9746599197,80.2205123901,73687,73697,10
12.9740600586,80.2202529907,73697,73708,11
12.9735498428,80.2200698853,73708,73718,10
12.9729404449,80.219833374,73718,73728,10
12.9722003937,80.2195587158,73728,73738,10
12.9714202881,80.2193222046,73738,73748,10
12.9712095261,80.2192611694,73748,73758,10
12.9711103439,80.2191925049,73758,73767,9
12.9708404541,80.219078064,73767,73778,11
12.9704799652,80.2189025879,73778,73788,10
12.9698200226,80.2186431885,73788,73798,10
12.96916008,80.2183914185,73798,73808,10
12.9684896469,80.2181167603,73808,73818,10
12.9678201675,80.2178573608,73818,73829,11
12.967040062,80.2175521851,73829,73839,10
12.9660196304,80.2171401978,73839,73849,10
12.9649095535,80.2166824341,73849,73859,10
12.9639797211,80.2162780762,73859,73869,10
12.9631900787,80.2159194946,73869,73879,10
12.9622602463,80.2155609131,73879,73889,10
12.9612398148,80.215171814,73889,73899,10
12.9601697922,80.2147598267,73899,73908,9
12.9592599869,80.2143783569,73908,73918,10
12.9582004547,80.2139434814,73918,73928,10
12.9571800232,80.2135314941,73928,73939,11
12.956199646,80.2131271362,73939,73949,10
12.9551801682,80.2127532959,73949,73960,11
12.9539699554,80.2122573853,73960,73970,10
12.9528398514,80.2118301392,73970,73980,10
12.9517602921,80.2114105225,73980,73990,10
12.9506998062,80.2109909058,73990,74000,10
12.9496297836,80.2105712891,74000,74010,10
12.9486703873,80.2101898193,74010,74020,10
12.9476900101,80.2098007202,74020,74030,10
12.9465198517,80.2093429565,74030,74040,10
12.9453496933,80.2088775635,74040,74050,10
12.9444904327,80.2085494995,74050,74060,10
12.9442596436,80.2084579468,74060,74070,10
12.9441099167,80.2083969116,74070,74080,10
12.943810463,80.2082595825,74080,74091,11
12.9432001114,80.2079925537,74091,74101,10
12.9426603317,80.2074203491,74101,74111,10
12.942029953,80.2067489624,74111,74121,10
12.9413499832,80.2062606812,74121,74131,10
12.9412603378,80.206199646,74131,74141,10
12.9410400391,80.2060470581,74141,74151,10
12.9405002594,80.2058410645,74151,74161,10
12.9398002625,80.205619812,74161,74171,10
12.9390296936,80.2053985596,74171,74181,10
12.9381799698,80.2051391602,74181,74191,10
12.9372396469,80.2048721313,74191,74201,10
12.9363899231,80.2046432495,74201,74211,10
12.9357595444,80.204460144,74211,74222,11
12.9352197647,80.204208374,74222,74232,10
12.9349002838,80.2040786743,74232,74242,10
12.9345998764,80.2040176392,74242,74252,10
12.9342899323,80.2040023804,74252,74262,10
12.9340801239,80.2040023804,74262,74272,10
12.9340200424,80.2040023804,74272,74282,10
12.9338998795,80.2039794922,74282,74292,10
12.9335098267,80.2039413452,74292,74302,10
12.9332399368,80.2038879395,74302,74312,10
12.932970047,80.2037734985,74312,74322,10
12.9324703217,80.2035827637,74322,74332,10
12.9317903519,80.2033462524,74332,74343,11
12.9309597015,80.2030792236,74343,74353,10
12.930270195,80.2029190063,74353,74363,10
12.9297199249,80.2028503418,74363,74383,20
12.9297199249,80.2028503418,74383,74393,10
12.9295301437,80.202796936,74393,74403,10
12.9290599823,80.2027435303,74403,74419,16
12.928440094,80.2020721436,74419,74431,12
12.9283895493,80.2009506226,74431,74439,8
12.9283599854,80.2002182007,74439,74451,12
12.9281396866,80.1993408203,74451,74461,10
12.9278402328,80.1987380981,74461,74471,10
12.927359581,80.1981124878,74471,74482,11
12.9264802933,80.1976470947,74482,74492,10
12.9263696671,80.1976089478,74492,74502,10
12.9262104034,80.1976013184,74502,74512,10
12.9259195328,80.1975784302,74512,74522,10
12.9255399704,80.1975784302,74522,74531,9
12.925330162,80.1975784302,74531,74542,11
12.9247598648,80.1975784302,74542,74552,10
12.924030304,80.1975708008,74552,74562,10
12.9233198166,80.1975326538,74562,74572,10
12.9228696823,80.1974563599,74572,74582,10
12.9221897125,80.1973800659,74582,74592,10
12.9220600128,80.1973495483,74592,74603,11
12.9217195511,80.1972579956,74603,74613,10
12.9215497971,80.1971893311,74613,74623,10
12.9215402603,80.1971893311,74623,74633,10
12.9213104248,80.1970977783,74633,74643,10
12.9211397171,80.1970367432,74643,74653,10
12.9210395813,80.1969985962,74653,74663,10
12.9209604263,80.1969680786,74663,74673,10
12.9205904007,80.1968383789,74673,74683,10
12.9200201035,80.1966400146,74683,74693,10
12.9196100235,80.1965026855,74693,74703,10
12.919549942,80.196472168,74703,74713,10
12.9193601608,80.1963500977,74713,74723,10
12.9190196991,80.1961212158,74723,74734,11
12.9186897278,80.1958312988,74734,74744,10
12.9182395935,80.1953964233,74744,74754,10
12.9176797867,80.1949234009,74754,74764,10
12.9171895981,80.1944122314,74764,74774,10
12.9169902802,80.1941375732,74774,74784,10
12.9169502258,80.1937408447,74784,74804,20
12.9169502258,80.1937408447,74804,74814,10
12.9169397354,80.193397522,74814,74824,10
12.9169797897,80.1929626465,74824,74834,10
12.9170303345,80.1925506592,74834,74844,10
12.917090416,80.1922531128,74844,74854,10
12.9171600342,80.1917800903,74854,74865,11
12.9171895981,80.1914672852,74865,74875,10
12.9172000885,80.1914596558,74875,74885,10
12.9172201157,80.1912994385,74885,74895,10
12.9172697067,80.1908416748,74895,74905,10
12.9173297882,80.1902084351,74905,74915,10
12.9175395966,80.1894607544,74915,74925,10
12.9180002213,80.1886672974,74925,74935,10
12.9185800552,80.1880264282,74935,74945,10
12.9190397263,80.187538147,74945,74955,10
12.9196195602,80.1868896484,74955,74965,10
12.9202899933,80.186126709,74965,74975,10
12.9204797745,80.1851806641,74975,74986,11
12.9202899933,80.1845016479,74986,74996,10
12.9201602936,80.1838989258,74996,75006,10
12.919960022,80.1830673218,75006,75016,10
12.9198799133,80.1827163696,75016,75032,16
12.9198598862,80.1826095581,75032,75044,12
12.919719696,80.181968689,75044,75054,10
12.9195899963,80.1813735962,75054,75064,10
12.919380188,80.1803817749,75064,75073,9
12.9190597534,80.1793289185,75073,75084,11
12.918390274,80.1784210205,75084,75094,10
12.9181499481,80.1774520874,75094,75104,10
12.9182500839,80.1766891479,75104,75114,10
12.918299675,80.1764678955,75114,75125,11
12.9184398651,80.1758499146,75125,75135,10
12.9186296463,80.1751098633,75135,75145,10
12.9188404083,80.1742019653,75145,75154,9
12.919090271,80.173210144,75154,75165,11
12.9193897247,80.1722106934,75165,75175,10
12.9196195602,80.171333313,75175,75185,10
12.9197502136,80.1708679199,75185,75195,10
12.9198198318,80.1706924438,75195,75205,10
12.9200000763,80.1701965332,75205,75215,10
12.9202203751,80.1695098877,75215,75225,10
12.9205102921,80.1686019897,75225,75235,10
12.9208602905,80.1675033569,75235,75246,11
12.9212598801,80.166267395,75246,75256,10
12.921620369,80.1651535034,75256,75266,10
12.9219503403,80.1640701294,75266,75276,10
12.9222803116,80.1630020142,75276,75286,10
12.9226303101,80.1619796753,75286,75296,10
12.9229202271,80.1610031128,75296,75306,10
12.9230203629,80.1606292725,75306,75316,10
12.9230499268,80.1605911255,75316,75326,10
12.9231796265,80.1601715088,75326,75336,10
12.9233102798,80.1594161987,75336,75346,10
12.9233999252,80.1583862305,75346,75356,10
12.9235095978,80.1572113037,75356,75366,10
12.9236001968,80.1562271118,75366,75377,11
12.9233398438,80.1550216675,75377,75397,20
12.9233398438,80.1550216675,75397,75407,10
12.9232702255,80.1546783447,75407,75417,10
12.923119545,80.1540527344,75417,75427,10
12.9229202271,80.1532592773,75427,75437,10
12.9226999283,80.1523971558,75437,75447,10
12.9226503372,80.1520309448,75447,75457,10
12.9226198196,80.1514587402,75457,75467,10
12.9225997925,80.1505966187,75467,75477,10
12.9225597382,80.1494674683,75477,75487,10
12.9224996567,80.1483612061,75487,75496,9
12.9224901199,80.1477203369,75496,75508,12
12.9224901199,80.1473770142,75508,75518,10
12.9224996567,80.1469726563,75518,75528,10
12.9224901199,80.1462631226,75528,75538,10
12.9224500656,80.1453475952,75538,75548,10
12.922419548,80.1443023682,75548,75558,10
12.922369957,80.1434173584,75558,75568,10
12.9223499298,80.1429824829,75568,75578,10
12.9223604202,80.142578125,75578,75588,10
12.9223499298,80.1421508789,75588,75598,10
12.9223299026,80.1417236328,75598,75608,10
12.9223203659,80.1415710449,75608,75618,10
12.9223203659,80.1409912109,75618,75628,10
12.9223203659,80.1404800415,75628,75639,11
12.9223098755,80.1399078369,75639,75649,10
12.9223003387,80.1391601563,75649,75658,9
12.9223499298,80.1385421753,75658,75669,11
12.9223899841,80.1379089355,75669,75679,10
12.922419548,80.13722229,75679,75689,10
12.9224596024,80.1363677979,75689,75699,10
12.9224796295,80.1355133057,75699,75709,10
12.9225196838,80.1346282959,75709,75719,10
12.9225797653,80.1335830688,75719,75729,10
12.9225997925,80.1327362061,75729,75739,10
12.9226198196,80.1319885254,75739,75749,10
12.9226303101,80.1313934326,75749,75760,11
12.9226398468,80.1311569214,75760,75770,10
12.9226903915,80.130531311,75770,75780,10
12.9227399826,80.1297607422,75780,75790,10
12.9227895737,80.1289215088,75790,75800,10
12.9228096008,80.1282424927,75800,75810,10
12.922829628,80.1275100708,75810,75820,10
12.9228496552,80.1266403198,75820,75830,10
12.9228897095,80.1256484985,75830,75840,10
12.9229602814,80.1245803833,75840,75850,10
12.9230003357,80.1234893799,75850,75860,10
12.9230499268,80.1223678589,75860,75870,10
12.9231004715,80.1213378906,75870,75880,10
12.9231796265,80.1204376221,75880,75891,11
12.9231796265,80.1200790405,75891,75901,10
12.9232196808,80.1197967529,75901,75911,10
12.9232397079,80.1191177368,75911,75921,10
12.9232702255,80.1183624268,75921,75931,10
12.9233703613,80.1176376343,75931,75941,10
12.9233999252,80.1170425415,75941,75951,10
12.9234399796,80.1168518066,75951,75961,10
12.9235496521,80.1169586182,75961,75971,10
12.92345047,80.1172790527,75971,76028,57
12.9233598709,80.1173934937,76028,76323,295
12.9233598709,80.1173934937,76323,76333,10
12.9234895706,80.1176834106,76333,76343,10
12.9235296249,80.1181488037,76343,76353,10
12.9234800339,80.1188201904,76353,76363,10
12.9233999252,80.119468689,76363,76373,10
12.9233198166,80.1202011108,76373,76383,10
12.9232797623,80.1207427979,76383,76393,10
12.9232902527,80.1210021973,76393,76454,61
12.9232902527,80.1211395264,76454,76494,40
12.9232902527,80.1211395264,76494,76504,10
12.923210144,80.121421814,76504,76514,10
12.9231901169,80.1219711304,76514,76524,10
12.9231500626,80.1227416992,76524,76535,11
12.923119545,80.1237487793,76535,76545,10
12.9230804443,80.1244812012,76545,76555,10
12.9230804443,80.1251983643,76555,76565,10
12.9230804443,80.1254196167,76565,76575,10
12.9230604172,80.1256408691,76575,76585,10
12.9230203629,80.1259231567,76585,76595,10
12.9230003357,80.1262893677,76595,76605,10
12.9229803085,80.1266784668,76605,76615,10
12.9229602814,80.1273117065,76615,76625,10
12.9229402542,80.1278686523,76625,76635,10
12.9228897095,80.128326416,76635,76645,10
12.9228601456,80.1287384033,76645,76655,10
12.9228000641,80.1293411255,76655,76666,11
12.9227695465,80.1300506592,76666,76676,10
12.9227695465,80.1305999756,76676,76686,10
12.9227800369,80.1309967041,76686,76696,10
12.9227600098,80.1312789917,76696,76705,9
12.9227399826,80.131690979,76705,76716,11
12.9227199554,80.1324234009,76716,76726,10
12.9226799011,80.1331481934,76726,76736,10
12.9226398468,80.1339569092,76736,76746,10
12.9225997925,80.1348495483,76746,76756,10
12.9225702286,80.1356811523,76756,76766,10
12.922539711,80.1364212036,76766,76776,10
12.9224796295,80.1373214722,76776,76786,10
12.9224500656,80.138092041,76786,76797,11
12.9223804474,80.138999939,76797,76807,10
12.9223804474,80.1399765015,76807,76817,10
12.9223804474,80.14087677,76817,76827,10
12.9224004745,80.141746521,76827,76837,10
12.9224796295,80.1428222656,76837,76877,40
12.9224796295,80.1428222656,76877,76893,16
12.9225597382,80.1429214478,76893,76905,12
12.9225502014,80.143447876,76905,76915,10
12.9225597382,80.143661499,76915,76926,11
12.9225597382,80.1441802979,76926,76934,8
12.9225597382,80.1448135376,76934,76977,43
12.9226198196,80.1481170654,76977,76987,10
12.9226303101,80.1490402222,76987,76997,10
12.9226703644,80.150100708,76997,77007,10
12.9226999283,80.1511306763,77007,77017,10
12.9227399826,80.1519165039,77017,77027,10
12.9228601456,80.1526565552,77027,77037,10
12.9231004715,80.1535797119,77037,77047,10
12.9233503342,80.1544418335,77047,77058,11
12.9234304428,80.1547470093,77058,77069,11
12.9235401154,80.1553115845,77069,77081,12
12.9236803055,80.1563720703,77081,77091,10
12.9235801697,80.1575012207,77091,77100,9
12.9234800339,80.1585464478,77100,77111,11
12.9233598709,80.159828186,77111,77121,10
12.9232301712,80.1605377197,77121,77131,10
12.9231595993,80.1607437134,77131,77141,10
12.9229602814,80.1613693237,77141,77151,10
12.9226198196,80.1623764038,77151,77161,10
12.9222803116,80.1633987427,77161,77171,10
12.9219303131,80.1645202637,77171,77182,11
12.9215297699,80.1657180786,77182,77192,10
12.9211702347,80.1668395996,77192,77201,9
12.9208898544,80.1678085327,77201,77212,11
12.920539856,80.1688613892,77212,77222,10
12.9201698303,80.1700897217,77222,77232,10
12.9199399948,80.1708984375,77232,77242,10
12.9198303223,80.1712036133,77242,77252,10
12.9196395874,80.1718063354,77252,77262,10
12.919380188,80.172668457,77262,77272,10
12.9190998077,80.1737289429,77272,77282,10
12.9188203812,80.1748580933,77282,77292,10
12.9185400009,80.1759872437,77292,77302,10
12.9183197021,80.177116394,77302,77313,11
12.9185199738,80.1783828735,77313,77323,10
12.919210434,80.179359436,77323,77333,10
12.9195299149,80.1804504395,77333,77343,10
12.9197301865,80.1813735962,77343,77352,9
12.9199399948,80.1824035645,77352,77363,11
12.9202098846,80.1835174561,77363,77373,10
12.9204502106,80.1845321655,77373,77383,10
12.9205999374,80.1851425171,77383,77393,10
12.9206495285,80.1853027344,77393,77403,10
12.9206800461,80.1856002808,77403,77413,10
12.9204902649,80.1860580444,77413,77423,10
12.9201097488,80.1865005493,77423,77434,11
12.9195604324,80.1871185303,77434,77444,10
12.9191198349,80.1876068115,77444,77454,10
12.9187402725,80.1880722046,77454,77464,10
12.9182100296,80.188659668,77464,77474,10
12.9176998138,80.1893997192,77474,77484,10
12.9174499512,80.1902694702,77484,77494,10
12.9173402786,80.1912002563,77494,77503,9
12.9172401428,80.1920623779,77503,77514,11
12.9171199799,80.1928710938,77514,77524,10
12.9171104431,80.1932830811,77524,77534,10
12.917090416,80.1937026978,77534,77543,9
12.917140007,80.193901062,77543,77554,11
12.9171600342,80.1940536499,77554,77565,11
12.9172096252,80.1942062378,77565,77575,10
12.9175701141,80.1946716309,77575,77585,10
12.9181995392,80.1952514648,77585,77595,10
12.9189395905,80.1959228516,77595,77605,10
12.9196796417,80.1964035034,77605,77615,10
12.9203901291,80.1966781616,77615,77625,10
12.9210996628,80.1969223022,77625,77635,10
12.9219503403,80.1972427368,77635,77645,10
12.9228200912,80.1973800659,77645,77655,10
12.9235095978,80.1974716187,77655,77665,10
12.9241695404,80.1975021362,77665,77675,10
12.9248600006,80.1974868774,77675,77685,10
12.9252796173,80.197479248,77685,77702,17
12.9262199402,80.1975402832,77702,77714,12
12.9271097183,80.1978912354,77714,77724,10
12.9277896881,80.1985168457,77724,77734,10
12.9282197952,80.1993789673,77734,77744,10
12.9284601212,80.2003631592,77744,77754,10
12.9285001755,80.2013320923,77754,77764,10
12.9285297394,80.2020874023,77764,77774,10
12.9288797379,80.2026824951,77774,77784,10
12.9294099808,80.2027435303,77784,77794,10
12.929690361,80.2027893066,77794,77804,10
12.9302597046,80.2028579712,77804,77814,10
12.9309797287,80.2030334473,77814,77824,10
12.9317598343,80.2032775879,77824,77835,11
12.9326200485,80.2035598755,77835,77845,10
12.9332399368,80.2037963867,77845,77855,10
12.9337396622,80.2038803101,77855,77865,10
12.9339704514,80.2039108276,77865,77875,10
12.9342403412,80.203918457,77875,77885,10
12.9344701767,80.2039337158,77885,77895,10
12.9350299835,80.2040481567,77895,77905,10
12.9358501434,80.2044067383,77905,77915,10
12.9366998672,80.2046585083,77915,77925,10
12.9375200272,80.2048797607,77925,77935,10
12.9383401871,80.205116272,77935,77945,10
12.9390001297,80.2053375244,77945,77956,11
12.9395704269,80.2055130005,77956,77966,10
12.9399003983,80.205619812,77966,77976,10
12.9404296875,80.2057723999,77976,77986,10
12.9410200119,80.2059783936,77986,77996,10
12.9415502548,80.2062835693,77996,78006,10
12.942150116,80.2067337036,78006,78016,10
12.9426898956,80.2072067261,78016,78026,10
12.9430999756,80.2077789307,78026,78036,10
12.9436903,80.2081375122,78036,78046,10
12.9442300797,80.2083435059,78046,78056,10
12.9446601868,80.2085113525,78056,78066,10
12.9452400208,80.2087173462,78066,78076,10
12.9459104538,80.2089691162,78076,78087,11
12.946680069,80.2092819214,78087,78097,10
12.9473400116,80.2095413208,78097,78107,10
12.9479799271,80.2097930908,78107,78117,10
12.9486198425,80.2100524902,78117,78126,9
12.9493999481,80.2103500366,78126,78137,11
12.9504804611,80.2107772827,78137,78148,11
12.9516000748,80.211227417,78148,78158,10
12.9526796341,80.2116470337,78158,78168,10
12.953379631,80.2119522095,78168,78178,10
12.9541397095,80.2122573853,78178,78188,10
12.9551200867,80.2126617432,78188,78198,10
12.956199646,80.2130584717,78198,78209,11
12.9573698044,80.2135314941,78209,78219,10
12.9584598541,80.2139587402,78219,78229,10
12.959400177,80.2143325806,78229,78239,10
12.9603796005,80.2147293091,78239,78249,10
12.9611797333,80.2150497437,78249,78259,10
12.9621200562,80.2154083252,78259,78269,10
12.9628000259,80.2156600952,78269,78279,10
12.9631795883,80.2158279419,78279,78289,10
12.9632196426,80.2158432007,78289,78305,16
12.9638900757,80.2161407471,78305,78317,12
12.9647197723,80.2164993286,78317,78325,8
12.9652795792,80.2167205811,78325,78337,12
12.966050148,80.2170333862,78337,78348,11
12.9666900635,80.2172775269,78348,78357,9
12.9672403336,80.2174911499,78357,78368,11
12.9679203033,80.2177581787,78368,78378,10
12.9686002731,80.2180404663,78378,78388,10
12.9694299698,80.2183685303,78388,78398,10
12.9703998566,80.2187728882,78398,78408,10
12.9713897705,80.2191696167,78408,78418,10
12.9723596573,80.219543457,78418,78428,10
12.9731397629,80.2198410034,78428,78438,10
12.9738397598,80.2201004028,78438,78448,10
12.9745597839,80.2204284668,78448,78458,10
12.9753599167,80.220741272,78458,78469,11
12.9757204056,80.2210083008,78469,78479,10
12.9759502411,80.2211837769,78479,78489,10
12.9760103226,80.2212219238,78489,78499,10
12.9763097763,80.2212524414,78499,78509,10
12.9765100479,80.2212371826,78509,78519,10
12.9768295288,80.2212295532,78519,78529,10
12.9773597717,80.221206665,78529,78539,10
12.9778699875,80.2211990356,78539,78549,10
12.9784202576,80.2211380005,78549,78559,10
12.9790201187,80.2211303711,78559,78569,10
12.9796600342,80.2210769653,78569,78579,10
12.9802799225,80.221031189,78579,78589,10
12.9809999466,80.2210388184,78589,78599,10
12.9816398621,80.2213668823,78599,78610,11
12.9822597504,80.2217407227,78610,78620,10
12.9827604294,80.2218933105,78620,78630,10
12.9828796387,80.2219696045,78630,78640,10
12.9831695557,80.22215271,78640,78650,10
12.9835500717,80.2224121094,78650,78660,10
12.9837903976,80.2225570679,78660,78670,10
12.9842195511,80.2227935791,78670,78680,10
12.9847297668,80.2231063843,78680,78690,10
12.9853096008,80.2232971191,78690,78700,10
12.9857196808,80.2230224609,78700,78710,10
12.9863796234,80.2229614258,78710,78720,10
12.9868898392,80.2230300903,78720,78731,11
12.9871501923,80.2230834961,78731,78741,10
12.9872303009,80.2230987549,78741,78751,10
12.9874601364,80.2231063843,78751,78761,10
12.9879102707,80.2229385376,78761,78771,10
12.9883804321,80.2225570679,78771,78781,10
12.9888000488,80.2221221924,78781,78791,10
12.9891796112,80.2216491699,78791,78801,10
12.98939991,80.2213516235,78801,78811,10
12.9897203445,80.2209396362,78811,78821,10
12.9902095795,80.220489502,78821,78831,10
12.990650177,80.2201385498,78831,78841,10
12.9911603928,80.2197494507,78841,78852,11
12.9917697906,80.219291687,78852,78862,10
12.9923200607,80.2189025879,78862,78872,10
12.992939949,80.2184524536,78872,78882,10
12.9934797287,80.2180480957,78882,78892,10
12.994099617,80.2176132202,78892,78902,10
12.9947004318,80.2171707153,78902,78912,10
12.9952898026,80.216796875,78912,78922,10
12.9958600998,80.2165985107,78922,78932,10
12.9965801239,80.2164916992,78932,78942,10
12.9970903397,80.2164230347,78942,78952,10
12.9972801208,80.2162780762,78952,78962,10
12.9974002838,80.2161865234,78962,78972,10
12.997710228,80.2159118652,78972,78983,11
12.9980802536,80.2155914307,78983,78993,10
12.9985198975,80.2151870728,78993,79003,10
12.9990196228,80.2147598267,79003,79013,10
12.9993000031,80.2145080566,79013,79023,10
12.9997701645,80.2141189575,79023,79033,10
13.0001401901,80.2138137817,79033,79043,10
13.0006999969,80.2133102417,79043,79053,10
13.0012397766,80.212890625,79053,79063,10
13.0017900467,80.2124786377,79063,79073,10
13.002240181,80.2122116089,79073,79083,10
13.0027799606,80.2120819092,79083,79093,10
13.0033798218,80.212020874,79093,79103,10
13.0038204193,80.2119903564,79103,79114,11
13.0044298172,80.2122192383,79114,79124,10
13.0050401688,80.2125167847,79124,79134,10
13.0058097839,80.212928772,79134,79144,10
13.0064296722,80.2127304077,79144,79154,10
13.0071601868,80.2127609253,79154,79164,10
13.0077104568,80.2129364014,79164,79174,10
13.0078201294,80.2130584717,79174,79184,10
13.0081300735,80.2132568359,79184,79194,10
13.0085697174,80.2134933472,79194,79204,10
13.008939743,80.214012146,79204,79214,10
13.0093002319,80.2144699097,79214,79224,10
13.0096197128,80.2149810791,79224,79235,11
13.0100603104,80.2155227661,79235,79245,10
13.0105400085,80.2161026001,79245,79255,10
13.0107603073,80.2167510986,79255,79265,10
13.0110797882,80.2174682617,79265,79275,10
13.0113897324,80.2183532715,79275,79285,10
13.0116996765,80.2193069458,79285,79295,10
13.0120296478,80.2203369141,79295,79305,10
13.0122995377,80.2212600708,79305,79315,10
13.0126199722,80.2219161987,79315,79325,10
13.0131397247,80.2225189209,79325,79335,10
13.0136899948,80.2231369019,79335,79345,10
13.0142402649,80.2237625122,79345,79355,10
13.0147399902,80.224319458,79355,79366,11
13.0150003433,80.2246170044,79366,79376,10
13.0151700974,80.2248077393,79376,79386,10
13.0154104233,80.2251968384,79386,79396,10
13.0153102875,80.2257080078,79396,79406,10
13.0147800446,80.2259979248,79406,79416,10
13.0142402649,80.2261810303,79416,79426,10
13.0141601563,80.2257766724,79426,79466,40
13.0141601563,80.2257766724,79466,79476,10
13.0141296387,80.225479126,79476,79486,10
13.0143604279,80.2253723145,79486,79507,21
