13.0500297546,80.2069396973,21,1140,1119
13.0501403809,80.2070236206,1140,1977,837
13.0501499176,80.2069396973,1977,2159,182
13.050160408,80.2068786621,2159,2320,161
13.0501899719,80.2070007324,2320,2381,61
13.0501499176,80.2069015503,2381,2452,71
13.0500001907,80.2068328857,2452,2502,50
13.0501203537,80.2069625854,2502,3672,1170
13.0501699448,80.2068481445,3672,4328,656
13.0501699448,80.2068481445,4328,4338,10
13.0500802994,80.2069091797,4338,4469,131
13.0502595901,80.2069778442,4469,4903,434
13.0502004623,80.2068405151,4903,6377,1474
13.0500898361,80.206993103,6377,7094,717
13.0501804352,80.2069396973,7094,7769,675
13.0502099991,80.2069702148,7769,8062,293
13.0501699448,80.2068099976,8062,8546,484
13.0501699448,80.2068099976,8546,8556,10
13.0500497818,80.2071685791,8556,8909,353
13.050160408,80.2068405151,8909,9787,878
13.0501899719,80.2069091797,9787,10493,706
13.0502004623,80.2071685791,10493,10584,91
13.0502700806,80.2069625854,10584,15225,4641
13.0501804352,80.2067565918,15225,16153,928
13.0501203537,80.2068786621,16153,16236,83
13.0501203537,80.2068786621,16236,16246,10
13.0500202179,80.2069015503,16246,16306,60
13.0501203537,80.2068481445,16306,16821,515
13.0501499176,80.2069015503,16821,17143,322
13.0501499176,80.2069015503,17143,17154,11
13.0501699448,80.2069396973,17154,17386,232
13.0501699448,80.2069396973,17386,17396,10
13.0501098633,80.2068405151,17396,17446,50
13.0501298904,80.2069091797,17446,17729,283
13.0501003265,80.2069091797,17729,17829,100
13.0501403809,80.2070007324,17829,19245,1416
13.0501403809,80.2070007324,19245,19255,10
13.0500497818,80.2070465088,19255,21149,1894
13.0504102707,80.2069702148,21149,21310,161
13.0502500534,80.207069397,21310,21381,71
13.0501403809,80.2069625854,21381,22754,1373
13.0501403809,80.2069625854,22754,22764,10
13.050239563,80.2069168091,22764,22774,10
13.0499200821,80.2069168091,22774,22784,10
13.0496196747,80.2069320679,22784,22794,10
13.0493898392,80.2069091797,22794,22815,21
13.0493898392,80.2069091797,22815,22825,10
13.049200058,80.2069396973,22825,22835,10
13.0491199493,80.2069625854,22835,22845,10
13.049079895,80.2070770264,22845,22855,10
13.0490999222,80.2072677612,22855,22865,10
13.049079895,80.2074813843,22865,22875,10
13.049200058,80.2078781128,22875,22885,10
13.0493497849,80.2085037231,22885,22895,10
13.0495004654,80.2092590332,22895,22905,10
13.049659729,80.2101364136,22905,22915,10
13.0497503281,80.2109909058,22915,22926,11
13.0498600006,80.2116699219,22926,22936,10
13.0499095917,80.2118606567,22936,22946,10
13.0502796173,80.2119827271,22946,22956,10
13.0509500504,80.2120285034,22956,22966,10
13.051779747,80.2120437622,22966,22976,10
13.0525903702,80.2118682861,22976,22986,10
13.0534601212,80.2116317749,22986,22996,10
13.054400444,80.2113876343,22996,23006,10
13.0553998947,80.2113723755,23006,23016,10
13.0564403534,80.2113800049,23016,23026,10
13.0573596954,80.2114181519,23026,23037,11
13.0584096909,80.2114181519,23037,23047,10
13.0593996048,80.2114562988,23047,23057,10
13.060379982,80.2115020752,23057,23067,10
13.061340332,80.2115402222,23067,23077,10
13.0620698929,80.2116088867,23077,23087,10
13.0630502701,80.2115631104,23087,23096,9
13.0637102127,80.2115097046,23096,23106,10
13.0644702911,80.2113494873,23106,23117,11
13.065369606,80.2108535767,23117,23127,10
13.0661401749,80.2102203369,23127,23137,10
13.06690979,80.209487915,23137,23147,10
13.067440033,80.2086029053,23147,23158,11
13.0679302216,80.2078323364,23158,23168,10
13.0684499741,80.2070617676,23168,23178,10
13.068860054,80.206451416,23178,23188,10
13.0692195892,80.2059020996,23188,23198,10
13.0695199966,80.2053909302,23198,23218,20
13.0695199966,80.2053909302,23218,23228,10
13.0696001053,80.2052230835,23228,23238,10
13.0697002411,80.2049636841,23238,23248,10
13.0693702698,80.2048492432,23248,23258,10
13.0690202713,80.2052612305,23258,23269,11
13.0685300827,80.2054214478,23269,23279,10
13.0680103302,80.2053604126,23279,23309,30
13.0680103302,80.2053604126,23309,23319,10
13.0679502487,80.2051391602,23319,23450,131
13.0679502487,80.2051391602,23450,23460,10
13.0682096481,80.2049407959,23460,23470,10
13.0683097839,80.2049407959,23470,23480,10
13.0684604645,80.2049026489,23480,23490,10
13.0690002441,80.204750061,23490,23511,21
13.0690002441,80.204750061,23511,23521,10
13.0691900253,80.2047271729,23521,23531,10
13.0693702698,80.2047576904,23531,23541,10
13.0694599152,80.2047805786,23541,23551,10
13.0696201324,80.2048110962,23551,23561,10
13.069849968,80.2051010132,23561,23571,10
13.0696401596,80.2055511475,23571,23581,10
13.0692501068,80.2061691284,23581,23591,10
13.0688400269,80.2068328857,23591,23601,10
13.0682601929,80.2077789307,23601,23611,10
13.0676803589,80.2086868286,23611,23622,11
13.0670204163,80.2096633911,23622,23632,10
13.0662298203,80.2104034424,23632,23642,10
13.0654096603,80.2110671997,23642,23652,10
13.0650501251,80.2113418579,23652,23662,10
13.065030098,80.2113571167,23662,23672,10
13.0649595261,80.2114028931,23672,23682,10
13.0648202896,80.2114562988,23682,23692,10
13.0643396378,80.2116317749,23692,23702,10
13.0635700226,80.2117614746,23702,23712,10
13.0627002716,80.2117996216,23712,23722,10
13.061750412,80.2118835449,23722,23733,11
13.0605802536,80.2117996216,23733,23743,10
13.059510231,80.2117614746,23743,23752,9
13.0585803986,80.2117233276,23752,23763,11
13.05768013,80.2117004395,23763,23773,10
13.057559967,80.2117004395,23773,23783,10
13.0574197769,80.2117080688,23783,23793,10
13.0569696426,80.2116928101,23793,23803,10
13.0563201904,80.2116775513,23803,23813,10
13.0555400848,80.2116622925,23813,23823,10
13.0546398163,80.2116317749,23823,23833,10
13.0536804199,80.2117919922,23833,23843,10
13.0526599884,80.2120513916,23843,23854,11
13.0516195297,80.2122192383,23854,23864,10
13.0508003235,80.2122421265,23864,23874,10
13.0503501892,80.2122421265,23874,23884,10
13.0501203537,80.2122192383,23884,23894,10
13.0498504639,80.2122268677,23894,23904,10
13.0495195389,80.2122268677,23904,23914,10
13.0495004654,80.2122268677,23914,23924,10
13.0493202209,80.2122192383,23924,23934,10
13.048789978,80.2122192383,23934,23944,10
13.0481004715,80.2122421265,23944,23954,10
13.0472602844,80.2122879028,23954,23965,11
13.0461196899,80.212348938,23965,23975,10
13.04529953,80.2124023438,23975,23985,10
13.0449895859,80.2124404907,23985,23995,10
13.0444602966,80.2124481201,23995,24005,10
13.0438098907,80.2124328613,24005,24015,10
13.0433397293,80.2124176025,24015,24025,10
13.0427103043,80.2124023438,24025,24035,10
13.0419101715,80.2124176025,24035,24045,10
13.0409603119,80.2124176025,24045,24055,10
13.0399999619,80.2124328613,24055,24065,10
13.0390501022,80.2124176025,24065,24075,10
13.0383300781,80.2124099731,24075,24086,11
13.0381603241,80.2124099731,24086,24096,10
13.0381298065,80.2124099731,24096,24106,10
13.037779808,80.2124023438,24106,24116,10
13.0371599197,80.2123794556,24116,24126,10
13.0363798141,80.2123565674,24126,24136,10
13.0354995728,80.2123336792,24136,24145,9
13.0349302292,80.212272644,24145,24155,10
13.0341901779,80.2121429443,24155,24176,21
13.0341901779,80.2121429443,24176,24186,10
13.0340995789,80.2121200562,24186,24197,11
13.0337200165,80.212059021,24197,24207,10
13.0331096649,80.2118988037,24207,24217,10
13.0323495865,80.211769104,24217,24227,10
13.0319795609,80.2114028931,24227,24237,10
13.0320501328,80.2106704712,24237,24247,10
13.0321302414,80.2098388672,24247,24257,10
13.0317802429,80.209602356,24257,24267,10
13.0311698914,80.2094421387,24267,24277,10
13.0304803848,80.2092208862,24277,24287,10
13.0295600891,80.2089385986,24287,24308,21
13.0295600891,80.2089385986,24308,24318,10
13.0295000076,80.2089233398,24318,24328,10
13.0291500092,80.2088394165,24328,24338,10
13.0284996033,80.2086791992,24338,24348,10
13.0277795792,80.2084197998,24348,24358,10
13.0270900726,80.2080230713,24358,24368,10
13.0263004303,80.2075424194,24368,24378,10
13.0253601074,80.2070922852,24378,24388,10
13.0244703293,80.2069473267,24388,24398,10
13.0242795944,80.2069320679,24398,24408,10
13.024189949,80.2069091797,24408,24418,10
13.0239095688,80.2068023682,24418,24429,11
13.0232896805,80.2066574097,24429,24439,10
13.0225400925,80.2065429688,24439,24449,10
13.0215797424,80.2064819336,24449,24459,10
13.0204801559,80.2064971924,24459,24469,10
13.0190696716,80.2063369751,24469,24489,20
13.0190696716,80.2063369751,24489,24499,10
13.0187597275,80.2062225342,24499,24509,10
13.0184497833,80.2061080933,24509,24519,10
13.0178699493,80.2059173584,24519,24529,10
13.0172796249,80.2056503296,24529,24540,11
13.0164604187,80.2054672241,24540,24550,10
13.0154600143,80.2050628662,24550,24560,10
13.0144796371,80.2047119141,24560,24570,10
13.0143098831,80.2046127319,24570,24580,10
13.0141296387,80.204498291,24580,24590,10
13.0136995316,80.2044067383,24590,24600,10
13.0135297775,80.2047195435,24600,24610,10
13.0133399963,80.2053375244,24610,24620,10
13.0131196976,80.2060775757,24620,24636,16
13.0129699707,80.2075195313,24636,24648,12
13.0128698349,80.2080001831,24648,24657,9
13.0128803253,80.2084503174,24657,24669,12
13.0129404068,80.2088775635,24669,24679,10
13.0130996704,80.2094726563,24679,24689,10
13.0131998062,80.210067749,24689,24699,10
13.0130701065,80.2108230591,24699,24709,10
13.012720108,80.2116088867,24709,24719,10
13.0123596191,80.2122116089,24719,24729,10
13.0119800568,80.2127380371,24729,24739,10
13.0117397308,80.2127685547,24739,24749,10
13.0113897324,80.2125015259,24749,24759,10
13.0108098984,80.2120819092,24759,24769,10
13.0101995468,80.2116012573,24769,24780,11
13.0098695755,80.2113418579,24780,24790,10
13.0096101761,80.2111282349,24790,24800,10
13.0095996857,80.2111206055,24800,24810,10
13.0094099045,80.2110290527,24810,24820,10
13.009349823,80.2110977173,24820,24837,17
13.0091600418,80.2113189697,24837,24849,12
13.0091199875,80.2118377686,24849,24857,8
13.0092802048,80.2123336792,24857,24869,12
13.0095701218,80.213142395,24869,24879,10
13.0098400116,80.2138137817,24879,24888,9
13.0100803375,80.2144088745,24888,24898,10
13.0102396011,80.2151870728,24898,24910,12
13.0105400085,80.216217041,24910,24920,10
13.0109796524,80.2171783447,24920,24930,10
13.0113801956,80.2181930542,24930,24940,10
13.0117197037,80.219078064,24940,24950,10
13.0120697021,80.220161438,24950,24959,9
13.0123596191,80.2209777832,24959,24969,10
13.0127401352,80.2216491699,24969,24980,11
13.0132703781,80.2222671509,24980,24990,10
13.0136995316,80.2228775024,24990,25000,10
13.0141000748,80.223449707,25000,25011,11
13.01445961,80.2238235474,25011,25021,10
13.0148096085,80.2243423462,25021,25031,10
13.0152902603,80.2249832153,25031,25041,10
13.015370369,80.2256774902,25041,25051,10
13.0147199631,80.22605896,25051,25061,10
13.0139102936,80.2263870239,25061,25071,10
13.0129804611,80.2267837524,25071,25081,10
13.0120296478,80.2271575928,25081,25091,10
13.0110197067,80.2275619507,25091,25101,10
13.0100803375,80.2279434204,25101,25111,10
13.0095596313,80.2278366089,25111,25122,11
13.0096902847,80.2272415161,25122,25132,10
13.0100002289,80.2265472412,25132,25142,10
13.0103197098,80.2257385254,25142,25152,10
13.0107097626,80.2248382568,25152,25162,10
13.0111103058,80.2238388062,25162,25172,10
13.0112199783,80.2231521606,25172,25182,10
13.0107002258,80.2229003906,25182,25192,10
13.0100698471,80.2225570679,25192,25202,10
13.0093603134,80.2221832275,25202,25212,10
13.0085897446,80.2217483521,25212,25222,10
13.0077199936,80.2212905884,25222,25232,10
13.006770134,80.2207794189,25232,25243,11
13.0055799484,80.2204284668,25243,25253,10
13.0046195984,80.2202224731,25253,25263,10
13.0037403107,80.2200317383,25263,25273,10
13.0027198792,80.2196578979,25273,25283,10
13.0018901825,80.2188796997,25283,25293,10
13.0010404587,80.2182235718,25293,25303,10
13.0003004074,80.2177429199,25303,25313,10
12.9996404648,80.2173233032,25313,25323,10
12.9983997345,80.2167205811,25323,25333,10
12.9975795746,80.2165374756,25333,25343,10
12.9973802567,80.2165298462,25343,25354,11
12.9971199036,80.2165374756,25354,25364,10
12.9965295792,80.216583252,25364,25374,10
12.9959001541,80.2167129517,25374,25384,10
12.9952402115,80.2169799805,25384,25394,10
12.9945297241,80.2174682617,25394,25404,10
12.9939002991,80.2179336548,25404,25414,10
12.993229866,80.2183837891,25414,25424,10
12.9925203323,80.2189025879,25424,25434,10
12.9917497635,80.2194595337,25434,25444,10
12.9913797379,80.2195892334,25444,25454,10
12.9910402298,80.2194824219,25454,25464,10
12.9905796051,80.2192993164,25464,25475,11
12.9898300171,80.2190322876,25475,25485,10
12.9890003204,80.2187194824,25485,25495,10
12.9880504608,80.2184371948,25495,25505,10
12.9874401093,80.2183227539,25505,25515,10
12.9870500565,80.2182617188,25515,25525,10
12.9869699478,80.21824646,25525,25535,10
12.986579895,80.2181625366,25535,25545,10
12.9859600067,80.2180023193,25545,25555,10
12.9850502014,80.217918396,25555,25565,10
12.9842596054,80.2179489136,25565,25575,10
12.9841499329,80.217956543,25575,25586,11
12.9838895798,80.2179489136,25586,25596,10
12.9833498001,80.2179718018,25596,25606,10
12.9825696945,80.217956543,25606,25616,10
12.9816999435,80.2179870605,25616,25626,10
12.9809303284,80.2182006836,25626,25636,10
12.9801998138,80.2184524536,25636,25646,10
12.9796199799,80.2186737061,25646,25656,10
12.9789896011,80.2189483643,25656,25666,10
12.9785804749,80.2191085815,25666,25676,10
12.9779701233,80.219367981,25676,25686,10
12.9772100449,80.2196884155,25686,25696,10
12.9763498306,80.2200775146,25696,25707,11
12.9758701324,80.2202682495,25707,25727,20
12.9758701324,80.2202682495,25727,25737,10
12.9755296707,80.2205963135,25737,25747,10
12.9758195877,80.2210388184,25747,25757,10
12.9762296677,80.2215805054,25757,25787,30
12.9762296677,80.2215805054,25787,25797,10
12.976360321,80.2217636108,25797,25807,10
12.9765996933,80.2221832275,25807,25818,11
12.9769897461,80.2228164673,25818,25828,10
12.9773902893,80.223487854,25828,25838,10
12.9777603149,80.2240982056,25838,25848,10
12.9781103134,80.2246398926,25848,25858,10
12.9783296585,80.2249908447,25858,25868,10
12.9785900116,80.225402832,25868,25878,10
12.9789495468,80.226020813,25878,25888,10
12.9791002274,80.2262878418,25888,25898,10
12.9792995453,80.2266311646,25898,25908,10
12.9795598984,80.2270584106,25908,25918,10
12.9799499512,80.2276916504,25918,25929,11
12.9802103043,80.2281494141,25929,25939,10
12.9802904129,80.2283096313,25939,25949,10
12.980340004,80.2283782959,25949,25959,10
12.9805402756,80.2287063599,25959,25969,10
12.980799675,80.2291870117,25969,25979,10
12.9811697006,80.2297515869,25979,25989,10
12.9816102982,80.2303771973,25989,25999,10
12.981710434,80.2305374146,25999,26009,10
12.9818096161,80.2307815552,26009,26019,10
12.9819803238,80.231300354,26019,26029,10
12.982049942,80.2320404053,26029,26039,10
12.981880188,80.2329177856,26039,26050,11
12.9816398621,80.2335128784,26050,26060,10
12.9815502167,80.2336807251,26060,26070,10
12.9813098907,80.2341690063,26070,26080,10
12.9812202454,80.2349395752,26080,26090,10
12.9812402725,80.2359237671,26090,26100,10
12.9812698364,80.2369613647,26100,26110,10
12.9812898636,80.2378921509,26110,26120,10
12.9813098907,80.2386779785,26120,26130,10
12.9813098907,80.2388381958,26130,26140,10
12.9813098907,80.2392730713,26140,26150,10
12.9813299179,80.2399673462,26150,26161,11
12.9813604355,80.2408905029,26161,26171,10
12.9813604355,80.2418899536,26171,26181,10
12.9813699722,80.2427597046,26181,26191,10
12.9813604355,80.2428512573,26191,26201,10
12.9813699722,80.2431793213,26201,26211,10
12.9813404083,80.2437667847,26211,26221,10
12.9812698364,80.2444076538,26221,26231,10
12.9812202454,80.2447891235,26231,26241,10
12.9811496735,80.2454071045,26241,26251,10
12.9810600281,80.2461700439,26251,26261,10
12.9809703827,80.2471008301,26261,26271,10
12.9808797836,80.2480621338,26271,26282,11
12.980799675,80.2491836548,26282,26292,10
12.980629921,80.2502212524,26292,26302,10
12.9803600311,80.2512207031,26302,26312,10
12.9801197052,80.2522735596,26312,26332,20
12.9801197052,80.2522735596,26332,26342,10
12.9801502228,80.2524795532,26342,26352,10
12.9804601669,80.2526321411,26352,26368,16
12.9814996719,80.2526016235,26368,26380,12
12.9826097488,80.252571106,26380,26390,10
12.9835300446,80.2524719238,26390,26400,10
12.9844503403,80.2522277832,26400,26411,11
12.9854097366,80.2519607544,26411,26421,10
12.9863595963,80.2517318726,26421,26430,9
12.9871997833,80.2515182495,26430,26441,11
12.9877996445,80.2513809204,26441,26501,60
12.9877996445,80.2513809204,26501,26512,11
12.9879798889,80.2516784668,26512,26522,10
12.9880599976,80.2522964478,26522,26532,10
12.9879598618,80.2531967163,26532,26542,10
12.9878797531,80.2541427612,26542,26552,10
12.9877996445,80.2550582886,26552,26562,10
12.9877595901,80.2553405762,26562,26572,10
12.9877195358,80.2556228638,26572,26582,10
12.9876298904,80.2560577393,26582,26592,10
12.9875802994,80.2566223145,26592,26602,10
12.9875297546,80.2573699951,26602,26612,10
12.9874801636,80.2582473755,26612,26628,16
12.9872198105,80.2595825195,26628,26651,23
12.9872198105,80.2595825195,26651,26659,8
12.9870996475,80.2595596313,26659,26681,22
12.9870996475,80.2595596313,26681,26693,12
12.9868402481,80.2595214844,26693,26703,10
12.9867601395,80.2591934204,26703,27774,1071
12.9867601395,80.2591934204,27774,27785,11
12.9869499207,80.2590026855,27785,27855,70
12.9869499207,80.2590026855,27855,27865,10
12.9873399734,80.2588195801,27865,27896,31
12.9873399734,80.2588195801,27896,27906,10
12.9873600006,80.258682251,27906,27916,10
12.9873695374,80.2585372925,27916,27926,10
12.9874200821,80.2582321167,27926,27936,10
12.9874401093,80.2578430176,27936,27946,10
12.9874897003,80.2571792603,27946,27956,10
12.987569809,80.2559967041,27956,28006,50
12.987569809,80.2559967041,28006,28017,11
12.9876804352,80.2555923462,28017,28027,10
12.9877300262,80.2549591064,28027,28037,10
12.9877300262,80.2548065186,28037,28047,10
12.9877700806,80.2544021606,28047,28057,10
12.9878196716,80.2537078857,28057,28067,10
12.9878902435,80.2528610229,28067,28077,10
12.9878797531,80.251953125,28077,28087,10
12.9877700806,80.251663208,28087,28097,10
12.9875297546,80.2515792847,28097,28107,10
12.9868803024,80.251701355,28107,28117,10
12.9860296249,80.2519226074,28117,28127,10
12.985039711,80.2521820068,28127,28138,11
12.983880043,80.2525024414,28138,28148,10
12.9827899933,80.2526779175,28148,28158,10
12.9816703796,80.2527236938,28158,28168,10
12.9805698395,80.2527389526,28168,28178,10
12.9799003601,80.2527389526,28178,28228,50
12.9799003601,80.2527389526,28228,28238,10
12.9798498154,80.2526092529,28238,28249,11
12.9798498154,80.2525405884,28249,28259,10
12.9799003601,80.2522506714,28259,28269,10
12.9799003601,80.252243042,28269,28279,10
12.979929924,80.2521286011,28279,28289,10
12.9799995422,80.2518997192,28289,28299,10
12.9801597595,80.2514724731,28299,28309,10
12.980340004,80.2508010864,28309,28319,10
12.9805603027,80.249961853,28319,28329,10
12.9807100296,80.2489471436,28329,28339,10
12.9807701111,80.2478179932,28339,28349,10
12.9808597565,80.2466964722,28349,28359,10
12.9809904099,80.2455368042,28359,28370,11
12.9811296463,80.2442932129,28370,28380,10
12.9812602997,80.243637085,28380,28390,10
12.9813404083,80.2432403564,28390,28400,10
12.9813604355,80.2428970337,28400,28410,10
12.9813699722,80.2427520752,28410,28426,16
12.9813804626,80.2423019409,28426,28446,20
12.9813804626,80.2423019409,28446,28458,12
12.9813699722,80.241897583,28458,28468,10
12.9813699722,80.2412490845,28468,28479,11
12.9813604355,80.2403564453,28479,28488,9
12.9813404083,80.2395324707,28488,28499,11
12.9812698364,80.2378616333,28499,28518,19
12.9812698364,80.2378616333,28518,28529,11
12.9812698364,80.2377471924,28529,28539,10
12.9812698364,80.2376098633,28539,28549,10
12.9812498093,80.2371826172,28549,28559,10
12.9812402725,80.2365112305,28559,28569,10
12.9812097549,80.235710144,28569,28579,10
12.9811897278,80.2348175049,28579,28589,10
12.9812498093,80.2341995239,28589,28600,11
12.9814395905,80.2337417603,28600,28610,10
12.9816398621,80.2333374023,28610,28620,10
12.9816503525,80.2333374023,28620,28630,10
12.9816904068,80.2332763672,28630,28640,10
12.9818496704,80.232963562,28640,28650,10
12.9819898605,80.2324829102,28650,28660,10
12.9819898605,80.2320709229,28660,28670,10
12.9819803238,80.2316131592,28670,28686,16
12.9816799164,80.230682373,28686,28698,12
12.9812202454,80.2298965454,28698,28706,8
12.9809398651,80.2294616699,28706,28718,12
12.9806804657,80.2290420532,28718,28729,11
12.9806404114,80.2289733887,28729,28738,9
12.9805803299,80.2288894653,28738,28749,11
12.9803600311,80.2285003662,28749,28759,10
12.9802598953,80.2282409668,28759,28769,10
12.9799604416,80.2277526855,28769,28779,10
12.9795703888,80.2271194458,28779,28789,10
12.9791202545,80.2263565063,28789,28799,10
12.9785995483,80.2254867554,28799,28809,10
12.9780797958,80.2246704102,28809,28819,10
12.9777803421,80.2242584229,28819,28830,11
12.9776802063,80.2240982056,28830,28840,10
12.9774398804,80.2237091064,28840,28850,10
12.9770803452,80.2231216431,28850,28860,10
12.9767503738,80.2225799561,28860,28870,10
12.9763898849,80.2220077515,28870,28880,10
12.9760198593,80.2214508057,28880,28890,10
12.9759302139,80.2213363647,28890,28900,10
12.9755296707,80.220916748,28900,28930,30
12.975399971,80.2208633423,28930,29031,101
12.975399971,80.2208633423,29031,29041,10
12.9753398895,80.2205810547,29041,29051,10
12.9755496979,80.2203979492,29051,29062,11
12.9757995605,80.2202377319,29062,29071,9
12.9762296677,80.2200393677,29071,29082,11
12.9769496918,80.2197265625,29082,29092,10
12.9777297974,80.2194137573,29092,29102,10
12.9784803391,80.2191162109,29102,29112,10
12.9790401459,80.2189025879,29112,29122,10
12.9797401428,80.2186279297,29122,29132,10
12.9805402756,80.2182998657,29132,29142,10
12.9814796448,80.2179794312,29142,29152,10
12.9822998047,80.2178497314,29152,29162,10
12.9826602936,80.2178421021,29162,29172,10
12.9838495255,80.2177963257,29172,29193,21
12.9838495255,80.2177963257,29193,29203,10
12.9841899872,80.2177963257,29203,29213,10
12.9847698212,80.2177886963,29213,29223,10
12.9855203629,80.2177963257,29223,29233,10
12.9863300323,80.2179794312,29233,29243,10
12.9871101379,80.218170166,29243,29253,10
12.987449646,80.2182235718,29253,29263,10
12.9875097275,80.21824646,29263,29273,10
12.9878797531,80.2183609009,29273,29283,10
12.9884996414,80.2185134888,29283,29293,10
12.9892597198,80.2187271118,29293,29304,11
12.9901800156,80.2190628052,29304,29314,10
12.9911203384,80.2193832397,29314,29324,10
12.991900444,80.2193374634,29324,29340,16
12.9930295944,80.2184906006,29340,29352,12
12.9939403534,80.2178192139,29352,29360,8
12.9944295883,80.2174606323,29360,29372,12
12.9948101044,80.2171630859,29372,29382,10
12.9951095581,80.2169799805,29382,29392,10
12.9956798553,80.2166900635,29392,29402,10
12.9963798523,80.2165374756,29402,29412,10
12.9971504211,80.2164535522,29412,29423,11
12.9975996017,80.2160720825,29423,29444,21
12.9975996017,80.2160720825,29444,29454,10
12.997879982,80.2158203125,29454,29464,10
12.9982500076,80.2154769897,29464,29474,10
12.9988002777,80.2150192261,29474,29484,10
12.9991798401,80.2146911621,29484,29494,10
12.9994602203,80.2144393921,29494,29504,10
12.9998502731,80.2141036987,29504,29514,10
13.0002202988,80.2137985229,29514,29524,10
13.0007801056,80.2132873535,29524,29535,11
13.0014600754,80.2127914429,29535,29545,10
13.0019798279,80.2124023438,29545,29555,10
13.0025396347,80.2121200562,29555,29565,10
13.0031604767,80.212059021,29565,29575,10
13.0036697388,80.2119293213,29575,29585,10
13.0036897659,80.2119216919,29585,29595,10
13.0037298203,80.2118225098,29595,29605,10
13.0037202835,80.21144104,29605,29615,10
13.0036697388,80.2109222412,29615,29625,10
13.0036296844,80.2104797363,29625,29635,10
13.003569603,80.2100296021,29635,29645,10
13.0035400391,80.2095718384,29645,29656,11
13.0036401749,80.2089996338,29656,29666,10
13.004119873,80.2086715698,29666,29676,10
13.0049800873,80.2090606689,29676,29686,10
13.0059204102,80.2094497681,29686,29696,10
13.006770134,80.2097167969,29696,29706,10
13.0072498322,80.2098236084,29706,29736,30
13.0072498322,80.2098236084,29736,29746,10
13.0073604584,80.2098083496,29746,29756,10
13.0076999664,80.2098999023,29756,29767,11
13.0081701279,80.2099609375,29767,29777,10
13.0081396103,80.2095794678,29777,29793,16
13.0079402924,80.2085189819,29793,29805,12
13.0077800751,80.2075195313,29805,29815,10
13.0076599121,80.2067871094,29815,29825,10
13.007519722,80.2055969238,29825,29835,10
13.007519722,80.2047424316,29835,29845,10
13.0074996948,80.2041625977,29845,29855,10
13.007399559,80.2033691406,29855,29865,10
13.0071601868,80.20262146,29865,29874,9
13.0066404343,80.2026824951,29874,29886,12
13.0066404343,80.2032394409,29886,29896,10
13.007060051,80.2034988403,29896,29906,10
13.0075597763,80.2036819458,29906,29916,10
13.0081796646,80.2037200928,29916,29926,10
13.0090398788,80.2036590576,29926,29936,10
13.0101604462,80.2035980225,29936,29946,10
13.0113296509,80.2036590576,29946,29956,10
13.0124597549,80.2038574219,29956,29966,10
13.013420105,80.2040786743,29966,29976,10
13.013710022,80.2041625977,29976,29986,10
13.0140800476,80.2042999268,29986,29997,11
13.0146999359,80.204536438,29997,30007,10
13.0150403976,80.2046737671,30007,30017,10
13.0150499344,80.2046737671,30017,30027,10
13.0151996613,80.2047805786,30027,30037,10
13.0156402588,80.2049026489,30037,30047,10
13.0162401199,80.2051315308,30047,30057,10
13.0169095993,80.2051773071,30057,30067,10
13.0177602768,80.2055664063,30067,30077,10
13.0184803009,80.2058334351,30077,30086,9
13.0186100006,80.2058868408,30086,30096,10
13.018699646,80.2059326172,30096,30107,11
13.0191402435,80.2060928345,30107,30118,11
13.0198602676,80.2062606812,30118,30128,10
13.0206804276,80.2062606812,30128,30138,10
13.0215902328,80.2062835693,30138,30148,10
13.0225296021,80.2063674927,30148,30157,9
13.0233898163,80.2065505981,30157,30168,11
13.0241699219,80.2066421509,30168,30178,10
13.0243501663,80.2066574097,30178,30188,10
13.0243997574,80.2066726685,30188,30198,10
13.0247602463,80.20677948,30198,30208,10
13.0254201889,80.2069625854,30208,30218,10
13.0261802673,80.2073364258,30218,30228,10
13.0269098282,80.2077789307,30228,30239,11
13.0277996063,80.2082901001,30239,30249,10
13.0287799835,80.2086410522,30249,30259,10
13.0297603607,80.2088775635,30259,30269,10
13.0303096771,80.2090301514,30269,30286,17
13.03166008,80.2094116211,30286,30317,31
13.03166008,80.2094116211,30317,30328,11
13.0320596695,80.2095108032,30328,30338,10
13.03262043,80.2096176147,30338,30348,10
13.0333404541,80.2097702026,30348,30359,11
13.0341300964,80.2099914551,30359,30368,9
13.0347995758,80.2101135254,30368,30379,11
13.0350198746,80.2106704712,30379,30388,9
13.0350399017,80.2113037109,30388,30409,21
13.0350399017,80.2113037109,30409,30419,10
13.0349903107,80.2114868164,30419,30429,10
13.0349197388,80.2119598389,30429,30439,10
13.0352897644,80.2122116089,30439,30449,10
13.0359897614,80.2122421265,30449,30459,10
13.0367803574,80.2122573853,30459,30480,21
13.0367803574,80.2122573853,30480,30497,17
13.0370998383,80.2122497559,30497,30509,12
13.0374002457,80.2122573853,30509,30519,10
13.0377902985,80.2122573853,30519,30529,10
13.0386199951,80.2122573853,30529,30539,10
13.0394296646,80.2122421265,30539,30549,10
13.0403995514,80.2122268677,30549,30559,10
13.0414800644,80.2121963501,30559,30569,10
13.042599678,80.2122192383,30569,30579,10
13.0441904068,80.2122497559,30579,30701,122
13.0441904068,80.2122497559,30701,30711,10
13.044549942,80.2123718262,30711,30721,10
13.0451002121,80.2123413086,30721,30731,10
13.0458402634,80.2123031616,30731,30741,10
13.04666996,80.2122573853,30741,30751,10
13.0476503372,80.2121734619,30751,30760,9
13.0485601425,80.2120513916,30760,30781,21
13.0485601425,80.2120513916,30781,30791,10
13.0488500595,80.2120437622,30791,30801,10
13.0494604111,80.2119979858,30801,30811,10
13.0501098633,80.2119598389,30811,30822,11
13.050740242,80.212020874,30822,30832,10
13.0514698029,80.2120819092,30832,30842,10
13.0523395538,80.2119903564,30842,30852,10
13.0532398224,80.2117614746,30852,30862,10
13.0541496277,80.2115097046,30862,30872,10
13.054980278,80.2114334106,30872,30882,10
13.0558795929,80.2114562988,30882,30892,10
13.0569295883,80.2114562988,30892,30902,10
13.0575799942,80.2113876343,30902,30919,17
13.057849884,80.2113494873,30919,30930,11
13.0584897995,80.2113876343,30930,30941,11
13.0593004227,80.2114562988,30941,30950,9
13.0600795746,80.211517334,30950,30961,11
13.0610904694,80.2115783691,30961,30971,10
13.0616197586,80.2116699219,30971,30981,10
13.0631198883,80.2115478516,30981,31001,20
13.0631198883,80.2115478516,31001,31011,10
13.06346035,80.2115402222,31011,31021,10
13.0641098022,80.2114868164,31021,31031,10
13.0648403168,80.2112121582,31031,31041,10
13.0656204224,80.2106399536,31041,31053,12
13.0666399002,80.2097625732,31053,31063,10
13.0672798157,80.2088623047,31063,31072,9
13.0678396225,80.2079467773,31072,31082,10
13.0684204102,80.2070617676,31082,31093,11
13.0690402985,80.2060775757,31093,31103,10
13.0694704056,80.205406189,31103,31113,10
13.0696802139,80.2048873901,31113,31123,10
13.0693397522,80.2049026489,31123,31133,10
13.0690402985,80.2053604126,31133,31143,10
13.0687398911,80.2052612305,31143,31153,10
13.0682296753,80.2051391602,31153,31396,243
13.0682296753,80.2051391602,31396,31406,10
13.0680599213,80.2051391602,31406,31466,60
13.0680599213,80.2051391602,31466,31476,10
13.0681600571,80.2049789429,31476,31486,10
13.0684099197,80.2049407959,31486,31496,10
13.0685100555,80.2049102783,31496,31506,10
13.0689001083,80.2047576904,31506,31517,11
13.0695400238,80.2047729492,31517,31527,10
13.0697698593,80.2048873901,31527,31537,10
13.0697803497,80.2048873901,31537,31547,10
13.0698299408,80.2049713135,31547,31557,10
13.0698003769,80.2052993774,31557,31567,10
13.0694904327,80.2057876587,31567,31577,10
13.0690898895,80.2064590454,31577,31587,10
13.0686197281,80.2072067261,31587,31597,10
13.068110466,80.2080535889,31597,31607,10
13.0678901672,80.2083969116,31607,31617,10
13.0678195953,80.2085266113,31617,31627,10
13.0676002502,80.2088623047,31627,31638,11
13.0672798157,80.2094192505,31638,31647,9
13.0668296814,80.2099304199,31647,31658,11
13.0660200119,80.2105789185,31658,31668,10
13.0652399063,80.2112731934,31668,31688,20
13.0652399063,80.2112731934,31688,31698,10
13.0650701523,80.2113418579,31698,31708,10
13.0649299622,80.2113571167,31708,31718,10
13.0640802383,80.2116622925,31718,31749,31
13.0640802383,80.2116622925,31749,31759,10
13.0639696121,80.2117004395,31759,31769,10
13.0637197495,80.2117080688,31769,31779,10
13.0633096695,80.2117233276,31779,31789,10
13.0627498627,80.2117462158,31789,31799,10
13.0622196198,80.2116928101,31799,31809,10
13.0612802505,80.2115097046,31809,31819,10
13.060210228,80.2116775513,31819,31829,10
13.0591497421,80.2116622925,31829,31839,10
13.0582895279,80.2116622925,31839,31849,10
13.0577402115,80.2116394043,31849,31859,10
13.0577201843,80.2116470337,31859,31870,11
13.0573501587,80.2116622925,31870,31880,10
13.0568399429,80.2116394043,31880,31890,10
13.0561504364,80.2116317749,31890,31900,10
13.0553302765,80.2116165161,31900,31910,10
13.0545396805,80.2116012573,31910,31920,10
13.053730011,80.2117614746,31920,31930,10
13.05286026,80.2119903564,31930,31940,10
13.0519304276,80.2121734619,31940,31970,30
13.0519304276,80.2121734619,31970,31980,10
13.0515804291,80.2122421265,31980,31991,11
13.0512199402,80.212272644,31991,32007,16
13.0503501892,80.2122116089,32007,32059,52
13.0503501892,80.2122116089,32059,32069,10
13.0500202179,80.2122879028,32069,32079,10
13.049539566,80.2122421265,32079,32110,31
13.049539566,80.2122421265,32110,32120,10
13.0493497849,80.2121582031,32120,32130,10
13.0489997864,80.2121582031,32130,32140,10
13.0485200882,80.2121887207,32140,32150,10
13.0478696823,80.2122497559,32150,32160,10
13.0471601486,80.2123184204,32160,32170,10
13.0461797714,80.212348938,32170,32180,10
13.0452203751,80.2124328613,32180,32190,10
13.0447397232,80.2124023438,32190,32200,10
13.0442495346,80.2123794556,32200,32210,10
13.0435800552,80.212387085,32210,32221,11
13.0427598953,80.2124099731,32221,32231,10
13.0420703888,80.2123565674,32231,32241,10
13.0413398743,80.2123184204,32241,32251,10
13.0404996872,80.212310791,32251,32261,10
13.0396299362,80.2123413086,32261,32271,10
13.0386896133,80.2124099731,32271,32281,10
13.0379600525,80.2123565674,32281,32372,91
13.0379600525,80.2123565674,32372,32382,10
13.0374898911,80.212310791,32382,32392,10
13.0368900299,80.2123184204,32392,32402,10
13.0361404419,80.2123413086,32402,32412,10
13.0349702835,80.2122497559,32412,32442,30
13.0349702835,80.2122497559,32442,32452,10
13.0346803665,80.2121505737,32452,32463,11
13.0340795517,80.212097168,32463,32493,30
13.0340795517,80.212097168,32493,32503,10
13.0338201523,80.212097168,32503,32513,10
13.0337400436,80.212059021,32513,32529,16
13.0330896378,80.2118835449,32529,32541,12
13.0322599411,80.2117385864,32541,32549,8
13.0319900513,80.2114486694,32549,32561,12
13.0320596695,80.2106323242,32561,32571,10
13.032119751,80.2098693848,32571,32582,11
13.0317697525,80.2096099854,32582,32592,10
13.0312204361,80.2094192505,32592,32602,10
13.0305404663,80.2092666626,32602,32622,20
13.0305404663,80.2092666626,32622,32632,10
13.0302400589,80.2091903687,32632,32642,10
13.0295801163,80.2090072632,32642,32672,30
13.0295801163,80.2090072632,32672,32693,21
13.0289802551,80.2088165283,32693,32706,13
13.0283298492,80.2086410522,32706,32716,10
13.0278396606,80.208480835,32716,32726,10
13.0273895264,80.2082214355,32726,32736,10
13.0268497467,80.2078933716,32736,32746,10
13.0262203217,80.2074966431,32746,32756,10
13.0255002975,80.2071533203,32756,32766,10
13.0247802734,80.2070236206,32766,32776,10
13.0242900848,80.2069091797,32776,32796,20
13.0242900848,80.2069091797,32796,32806,10
13.0240402222,80.2069015503,32806,32817,11
13.0235900879,80.2067718506,32817,32826,9
13.0230703354,80.2066574097,32826,32837,11
13.0225000381,80.2065429688,32837,32846,9
13.0222702026,80.2065124512,32846,32857,11
13.0218896866,80.2064819336,32857,32867,10
13.0217199326,80.206489563,32867,32876,9
13.0214195251,80.20652771,32876,32887,11
13.0206604004,80.2065200806,32887,32897,10
13.0198898315,80.2065200806,32897,32907,10
13.0191402435,80.2063827515,32907,32928,21
13.0191402435,80.2063827515,32928,32938,10
13.0190296173,80.2063369751,32938,32948,10
13.018699646,80.2062225342,32948,32958,10
13.0181598663,80.2060317993,32958,32968,10
13.0177402496,80.205871582,32968,32978,10
13.0176696777,80.2058410645,32978,32988,10
13.0173301697,80.2057037354,32988,32998,10
13.0169200897,80.2055511475,32998,33014,16
13.0157804489,80.2051620483,33014,33026,12
13.0148000717,80.2048568726,33026,33035,9
13.0143203735,80.2046585083,33035,33046,11
13.0143003464,80.2046432495,33046,33056,10
13.0142297745,80.2046203613,33056,33066,10
13.0139799118,80.2045135498,33066,33078,12
13.0139503479,80.204498291,33078,33087,9
13.0137901306,80.2044525146,33087,33098,11
13.0136203766,80.2045974731,33098,33108,10
13.0135803223,80.2046890259,33108,33118,10
13.0135202408,80.2049026489,33118,33128,10
13.0134296417,80.2051467896,33128,33138,10
13.0132799149,80.205619812,33138,33148,10
13.0130901337,80.2062835693,33148,33158,10
13.013010025,80.2070617676,33158,33169,11
13.0129299164,80.2077484131,33169,33179,10
13.0129098892,80.2082595825,33179,33189,10
13.0129299164,80.2086410522,33189,33199,10
13.0129995346,80.2091522217,33199,33209,10
13.0131998062,80.2096786499,33209,33219,10
13.0132102966,80.2102203369,33219,33229,10
13.0130500793,80.2109832764,33229,33239,10
13.0127401352,80.2115402222,33239,33249,10
13.0123500824,80.2121963501,33249,33259,10
13.0120801926,80.2125320435,33259,33269,10
13.011879921,80.2127685547,33269,33280,11
13.0115995407,80.212600708,33280,33290,10
13.0111904144,80.2123184204,33290,33300,10
13.010720253,80.2119598389,33300,33310,10
13.0102300644,80.2115783691,33310,33320,10
13.0099601746,80.2113723755,33320,33330,10
13.0096197128,80.2111282349,33330,33360,30
13.0096197128,80.2111282349,33360,33370,10
13.0094099045,80.2110214233,33370,33401,31
13.0094099045,80.2110214233,33401,33411,10
13.0091495514,80.2113189697,33411,33421,10
13.0090799332,80.2115097046,33421,33431,10
13.0091199875,80.2117614746,33431,33441,10
13.0091896057,80.2119674683,33441,33451,10
13.0092601776,80.2122268677,33451,33461,10
13.0093698502,80.212638855,33461,33470,9
13.009519577,80.2130279541,33470,33480,10
13.0096998215,80.2134780884,33480,33491,11
13.0099201202,80.2139968872,33491,33501,10
13.0101203918,80.2144622803,33501,33511,10
13.010219574,80.2150497437,33511,33522,11
13.0103797913,80.2158813477,33522,33532,10
13.0106897354,80.2165985107,33532,33542,10
13.0110301971,80.2172927856,33542,33552,10
13.0113096237,80.2180328369,33552,33562,10
13.0116100311,80.2188491821,33562,33572,10
13.0119104385,80.2198028564,33572,33582,10
13.0122404099,80.2207183838,33582,33598,16
13.0126399994,80.2215881348,33598,33610,12
13.0129995346,80.2220611572,33610,33618,8
13.0132598877,80.222328186,33618,33630,12
13.0136003494,80.2227935791,33630,33641,11
13.013999939,80.2233123779,33641,33651,10
13.0142297745,80.2235794067,33651,33661,10
13.0144701004,80.2239227295,33661,33671,10
13.015080452,80.2247390747,33671,33691,20
13.015080452,80.2247390747,33691,33701,10
13.0153503418,80.2249984741,33701,33711,10
13.0155601501,80.2253036499,33711,33721,10
13.0154895782,80.2256774902,33721,33731,10
13.015080452,80.2259292603,33731,33741,10
13.0144701004,80.2261734009,33741,33752,11
13.0136404037,80.2265014648,33752,33762,10
13.0128002167,80.2268295288,33762,33772,10
13.0118503571,80.2272033691,33772,33782,10
13.010840416,80.2275924683,33782,33792,10
13.0098800659,80.2279510498,33792,33802,10
13.0095300674,80.2275772095,33802,33812,10
13.0098199844,80.2269821167,33812,33822,10
13.010140419,80.2262496948,33822,33832,10
13.0104198456,80.2254562378,33832,33842,10
13.0105304718,80.2251434326,33842,33852,10
13.01060009,80.2250137329,33852,33862,10
13.0107498169,80.2246627808,33862,33873,11
13.0110197067,80.2239532471,33873,33883,10
13.0112400055,80.2233886719,33883,33893,10
13.0111503601,80.2230682373,33893,33903,10
13.0106601715,80.2228469849,33903,33913,10
13.0100097656,80.2225036621,33913,33923,10
13.0094003677,80.2221374512,33923,33933,10
13.0088796616,80.2218780518,33933,33942,9
13.0084104538,80.2216186523,33942,33953,11
13.0077600479,80.221206665,33953,33963,10
13.0071201324,80.2208633423,33963,33973,10
13.0062799454,80.2205810547,33973,33984,11
13.00522995,80.2203598022,33984,33994,10
13.0043497086,80.220161438,33994,34004,10
13.0035896301,80.2199707031,34004,34014,10
13.002790451,80.2196884155,34014,34024,10
13.0021600723,80.2191390991,34024,34034,10
13.001709938,80.2186889648,34034,34044,10
13.0011396408,80.2182617188,34044,34054,10
13.0005302429,80.2178497314,34054,34064,10
12.999879837,80.2174530029,34064,34074,10
12.9990501404,80.2169876099,34074,34084,10
12.9981403351,80.2165985107,34084,34094,10
12.9976501465,80.2165222168,34094,34115,21
12.9976501465,80.2165222168,34115,34125,10
12.9974403381,80.2165603638,34125,34135,10
12.9972295761,80.2165374756,34135,34145,10
12.9968700409,80.2165603638,34145,34155,10
12.9963102341,80.2166213989,34155,34171,16
12.9951696396,80.2170181274,34171,34183,12
12.9945802689,80.2174301147,34183,34191,8
12.9941701889,80.2177276611,34191,34203,12
12.9935302734,80.2181777954,34203,34213,10
12.992890358,80.2186431885,34213,34224,11
12.9921798706,80.2191925049,34224,34234,10
12.9917201996,80.2194824219,34234,34244,10
12.991230011,80.2194595337,34244,34254,10
12.9911403656,80.2194366455,34254,34264,10
12.9907903671,80.2193222046,34264,34274,10
12.9902200699,80.2191162109,34274,34283,9
12.9895601273,80.2188873291,34283,34294,11
12.9887399673,80.2186126709,34294,34304,10
12.9877996445,80.218421936,34304,34314,10
12.9871902466,80.2183303833,34314,34324,10
12.9871301651,80.2183227539,34324,34335,11
12.9868097305,80.2182312012,34335,34345,10
12.986289978,80.2180862427,34345,34355,10
12.9855098724,80.217956543,34355,34365,10
12.9846401215,80.2179794312,34365,34375,10
12.9840698242,80.2180023193,34375,34385,10
12.9840602875,80.2180023193,34385,34395,10
12.9837503433,80.2180023193,34395,34405,10
12.9831800461,80.2180023193,34405,34415,10
12.9824399948,80.2180023193,34415,34425,10
12.9815797806,80.2180480957,34425,34435,10
12.9806604385,80.2183227539,34435,34445,10
12.9798603058,80.2186279297,34445,34456,11
12.9791402817,80.2189025879,34456,34466,10
12.9787502289,80.2190628052,34466,34476,10
12.9783000946,80.2192306519,34476,34486,10
12.9776496887,80.2194976807,34486,34496,10
12.9769001007,80.2198104858,34496,34506,10
12.976099968,80.2201766968,34506,34516,10
12.9757299423,80.2203521729,34516,34607,91
12.9757299423,80.2203521729,34607,34617,10
12.9755001068,80.2206115723,34617,34627,10
12.9757499695,80.2210235596,34627,34637,10
12.9760303497,80.2213287354,34637,34647,10
12.9763097763,80.221786499,34647,34667,20
12.9763097763,80.221786499,34667,34677,10
12.9763202667,80.2219467163,34677,34688,11
12.9763898849,80.2220993042,34688,34698,10
12.9765701294,80.2223815918,34698,34708,10
12.9769096375,80.2228775024,34708,34718,10
12.9773397446,80.2235031128,34718,34728,10
12.9778003693,80.2242584229,34728,34738,10
12.9782800674,80.2249832153,34738,34748,10
12.9785404205,80.2253570557,34748,34758,10
12.9786596298,80.2255401611,34758,34768,10
12.9788999557,80.2259368896,34768,34778,10
12.9792003632,80.2264480591,34778,34788,10
12.979470253,80.2269363403,34788,34798,10
12.9798297882,80.2275314331,34798,34809,11
12.9801597595,80.2281036377,34809,34819,10
12.9804801941,80.2286376953,34819,34829,10
12.9806900024,80.2289962769,34829,34839,10
12.9808301926,80.2292022705,34839,34849,10
12.981010437,80.2295227051,34849,34859,10
12.9813203812,80.2299880981,34859,34869,10
12.9816503525,80.2304534912,34869,34878,9
12.9816703796,80.2304916382,34878,34889,11
12.9817895889,80.2307434082,34889,34899,10
12.9819402695,80.2312011719,34899,34909,10
12.9820299149,80.2318115234,34909,34960,51
12.9820804596,80.2321777344,34960,34980,20
12.9820804596,80.2321777344,34980,34990,10
12.9820699692,80.2322921753,34990,35000,10
12.9820203781,80.2325820923,35000,35010,10
12.9819602966,80.2327575684,35010,35020,10
12.9819002151,80.2329406738,35020,35030,10
12.9816398621,80.233543396,35030,35051,21
12.9816398621,80.233543396,35051,35061,10
12.9814796448,80.2338562012,35061,35071,10
12.9812602997,80.2344589233,35071,35081,10
12.9812498093,80.2352218628,35081,35091,10
12.9812803268,80.2360076904,35091,35101,10
12.9813098907,80.2369003296,35101,35111,10
12.9813404083,80.2375030518,35111,35121,10
12.9813404083,80.2377624512,35121,35131,10
12.9813404083,80.2380599976,35131,35141,10
12.9813604355,80.2385787964,35141,35151,10
12.9813604355,80.2386627197,35151,35162,11
12.9813499451,80.2389068604,35162,35172,10
12.9813404083,80.239440918,35172,35182,10
12.9813604355,80.239730835,35182,35192,10
12.9813699722,80.2401580811,35192,35202,10
12.9813899994,80.2406463623,35202,35212,10
12.9813995361,80.241027832,35212,35222,10
12.9813995361,80.2414093018,35222,35232,10
12.9813995361,80.2416610718,35232,35242,10
12.9813995361,80.2418136597,35242,35252,10
12.9814100266,80.2419128418,35252,35262,10
12.9814100266,80.2421569824,35262,35273,11
12.9814195633,80.2424087524,35273,35283,10
12.9813995361,80.242729187,35283,35293,10
12.9813995361,80.2427368164,35293,35303,10
12.9813995361,80.2428283691,35303,35313,10
12.9814100266,80.2432174683,35313,35323,10
12.9813699722,80.2438430786,35323,35333,10
12.9812698364,80.2445831299,35333,35343,10
12.9811601639,80.2454223633,35343,35353,10
12.9810600281,80.2463684082,35353,35363,10
12.9809598923,80.2474365234,35363,35373,10
12.980890274,80.2485809326,35373,35383,10
12.9807500839,80.24974823,35383,35394,11
12.9804601669,80.2509384155,35394,35404,10
12.9801197052,80.252281189,35404,35424,20
12.9801197052,80.252281189,35424,35434,10
12.980099678,80.2523269653,35434,35444,10
12.9802503586,80.2525482178,35444,35454,10
12.9806003571,80.2526092529,35454,35464,10
12.9812097549,80.2526016235,35464,35474,10
12.982000351,80.252571106,35474,35484,10
12.9829702377,80.252532959,35484,35494,10
12.9839601517,80.2523422241,35494,35505,11
12.984919548,80.2520675659,35505,35807,302
12.984919548,80.2520675659,35807,35817,10
12.985159874,80.2519989014,35817,35827,10
12.9856595993,80.2518615723,35827,35837,10
12.9862098694,80.2517166138,35837,35847,10
12.9866399765,80.2516098022,35847,35858,11
12.9869499207,80.2515411377,35858,35868,10
12.9872999191,80.2514419556,35868,35878,10
12.9876804352,80.2513427734,35878,35888,10
12.9880199432,80.2517776489,35888,35908,20
12.9880199432,80.2517776489,35908,35918,10
12.9880800247,80.2520904541,35918,35928,10
12.9880599976,80.252532959,35928,35938,10
12.9879999161,80.253112793,35938,35948,10
12.9879198074,80.2538299561,35948,35958,10
12.987830162,80.2546005249,35958,35989,31
12.987830162,80.2546005249,35989,35999,10
12.9878196716,80.2547683716,35999,36009,10
12.9877700806,80.2550964355,36009,36019,10
12.9877195358,80.2555084229,36019,36035,16
12.9876298904,80.2562408447,36035,36047,12
12.9876098633,80.2566223145,36047,36057,10
12.9875898361,80.2569580078,36057,36067,10
12.9875497818,80.2576599121,36067,36077,10
12.987449646,80.2584075928,36077,36087,10
12.9873695374,80.2589035034,36087,36118,31
12.9873695374,80.2589035034,36118,36128,10
12.9872903824,80.2591094971,36128,36138,10
12.9871997833,80.2594909668,36138,36147,9
12.9870195389,80.2595291138,36147,36158,11
12.9868402481,80.2594985962,36158,36168,10
12.9866104126,80.2591094971,36168,37136,968
12.9866104126,80.2591094971,37136,37146,10
12.9867601395,80.2589416504,37146,37157,11
12.9871101379,80.2590103149,37157,37207,50
12.9871101379,80.2590103149,37207,37217,10
12.9873600006,80.258972168,37217,37227,10
12.9873600006,80.2589416504,37227,37237,10
12.9874000549,80.2586975098,37237,37257,20
12.9874000549,80.2586975098,37257,37267,10
12.9874200821,80.2585296631,37267,37278,11
12.9874401093,80.2583465576,37278,37288,10
12.9874401093,80.2581634521,37288,37298,10
12.9874401093,80.2579193115,37298,37308,10
12.9874801636,80.2573928833,37308,37318,10
12.9874897003,80.2571105957,37318,37328,10
12.9875202179,80.2568969727,37328,37338,10
12.987569809,80.2565536499,37338,37348,10
12.9876003265,80.2561416626,37348,37358,10
12.987660408,80.2555999756,37358,37368,10
12.9876899719,80.2553024292,37368,37409,41
12.9876899719,80.2553024292,37409,37419,10
12.9877195358,80.2551727295,37419,37429,10
12.9877195358,80.2548675537,37429,37439,10
12.9877595901,80.2544937134,37439,37449,10
12.9877901077,80.2541885376,37449,37459,10
12.9878101349,80.2538986206,37459,37497,38
12.9878101349,80.2538986206,37497,37506,9
12.9878396988,80.2534866333,37506,37518,12
12.987859726,80.2529983521,37518,37548,30
12.987859726,80.2529983521,37548,37558,10
12.9879198074,80.2525787354,37558,37598,40
12.9879198074,80.2525787354,37598,37608,10
12.9879198074,80.2523269653,37608,37710,102
12.9879198074,80.2523269653,37710,37720,10
12.9878902435,80.2520217896,37720,37730,10
12.9877300262,80.2516326904,37730,37740,10
12.9871702194,80.2516326904,37740,37751,11
12.9861402512,80.2518692017,37751,37761,10
12.9851703644,80.2521209717,37761,37771,10
12.9841804504,80.2523880005,37771,37781,10
12.9831495285,80.2526168823,37781,37791,10
12.9820699692,80.2526779175,37791,37801,10
12.9809503555,80.2527084351,37801,37811,10
12.9799604416,80.2526931763,37811,37821,10
12.9799003601,80.2522735596,37821,37831,10
12.9799003601,80.2522583008,37831,37841,10
12.9799499512,80.2520599365,37841,37851,10
12.980099678,80.2515792847,37851,37861,10
12.9803199768,80.250869751,37861,37878,17
12.9806604385,80.2493133545,37878,37890,12
12.9807796478,80.248046875,37890,37897,7
12.9808397293,80.2473297119,37897,37909,12
12.9809904099,80.2459793091,37909,37920,11
12.9811401367,80.244758606,37920,37930,10
12.9812202454,80.2438812256,37930,37940,10
12.9813404083,80.243522644,37940,37950,10
12.9813699722,80.2431716919,37950,37960,10
12.9813899994,80.2427597046,37960,37970,10
12.9813995361,80.24269104,37970,37981,11
12.9813995361,80.2424697876,37981,37991,10
12.9813804626,80.2422866821,37991,38001,10
12.9813699722,80.2418212891,38001,38011,10
12.9813804626,80.2412796021,38011,38021,10
12.9813804626,80.2412490845,38021,38031,10
12.9813604355,80.2410125732,38031,38041,10
12.9813499451,80.2406005859,38041,38051,10
12.9813404083,80.2403717041,38051,38061,10
12.9813404083,80.2401199341,38061,38091,30
12.9813404083,80.2401199341,38091,38102,11
12.9813404083,80.2397079468,38102,38122,20
12.9813404083,80.2397079468,38122,38132,10
12.9813203812,80.239616394,38132,38142,10
12.9813098907,80.2393798828,38142,38152,10
12.9813098907,80.2390365601,38152,38162,10
12.981300354,80.2389602661,38162,38172,10
12.981300354,80.2387466431,38172,38182,10
12.9812898636,80.2384033203,38182,38192,10
12.9812803268,80.2381820679,38192,38202,10
12.9812803268,80.2378997803,38202,38212,10
12.9812803268,80.2378921509,38212,38223,11
12.9812803268,80.2375869751,38223,38233,10
12.9812602997,80.2369918823,38233,38243,10
12.9812402725,80.2361831665,38243,38252,9
12.9812202454,80.2354812622,38252,38263,11
12.9812002182,80.2351303101,38263,38273,10
12.9812002182,80.2350082397,38273,38283,10
12.9811897278,80.2348327637,38283,38293,10
12.9812002182,80.2345581055,38293,38303,10
12.9812602997,80.2341766357,38303,38334,31
12.9812602997,80.2341766357,38334,38344,10
12.981300354,80.2340774536,38344,38354,10
12.9813203812,80.2340087891,38354,38364,10
12.9813699722,80.2339096069,38364,38374,10
12.9813899994,80.2338562012,38374,38384,10
12.9814500809,80.2337188721,38384,38394,10
12.9815196991,80.2335586548,38394,38404,10
12.981590271,80.2333984375,38404,38414,10
12.9816799164,80.2332000732,38414,38424,10
12.9816904068,80.2331924438,38424,38434,10
12.9818000793,80.2329788208,38434,38444,10
12.9819002151,80.2327270508,38444,38455,11
12.9819898605,80.2324066162,38455,38465,10
12.9819898605,80.232383728,38465,38475,10
12.982000351,80.232208252,38475,38485,10
12.9819898605,80.2318267822,38485,38495,10
12.9819402695,80.2313690186,38495,38505,10
12.9817800522,80.2308807373,38505,38515,10
12.9816102982,80.2305374146,38515,38525,10
12.981300354,80.2300186157,38525,38535,10
12.9809303284,80.2294387817,38535,38545,10
12.9807395935,80.2291412354,38545,38555,10
12.9806404114,80.2289886475,38555,38565,10
12.9805402756,80.2288589478,38565,38576,11
12.9802799225,80.2284088135,38576,38586,10
12.9800596237,80.2279510498,38586,38596,10
12.9797697067,80.2274475098,38596,38606,10
12.9794502258,80.2269134521,38606,38616,10
12.9791402817,80.2263793945,38616,38626,10
12.9787397385,80.225730896,38626,38636,10
12.9782896042,80.2249832153,38636,38646,10
12.977930069,80.2244720459,38646,38656,10
12.9777498245,80.2242202759,38656,38666,10
12.9776201248,80.223991394,38666,38676,10
12.9773302078,80.2235031128,38676,38686,10
12.9769601822,80.2228927612,38686,38697,11
12.9766798019,80.2224273682,38697,38707,10
12.9763002396,80.2218399048,38707,38717,10
12.9760398865,80.2214736938,38717,38727,10
12.9756498337,80.2210464478,38727,38737,10
12.9754695892,80.2209014893,38737,38787,50
12.9754695892,80.2209014893,38787,38797,10
12.9753303528,80.2207183838,38797,38885,88
12.9753303528,80.2207183838,38885,38896,11
12.9754695892,80.2204437256,38896,38906,10
12.9757604599,80.2202301025,38906,38916,10
12.9762601852,80.2200317383,38916,38927,11
12.9770097733,80.2197418213,38927,38937,10
12.9778604507,80.2193832397,38937,38947,10
12.9785203934,80.2191162109,38947,38957,10
12.9790201187,80.2189178467,38957,38966,9
12.9796495438,80.2186584473,38966,38977,11
12.9803304672,80.2183685303,38977,38986,9
12.9811401367,80.2180862427,38986,38997,11
12.9819803238,80.217880249,38997,39007,10
12.9826002121,80.2178573608,39007,39017,10
12.9833498001,80.2178268433,39017,39027,10
12.983830452,80.2178421021,39027,39037,10
12.984120369,80.2178573608,39037,39048,11
12.9847002029,80.2178573608,39048,39058,10
12.9854602814,80.2178573608,39058,39068,10
12.9863395691,80.2180099487,39068,39078,10
12.9871196747,80.2181777954,39078,39088,10
12.9873800278,80.2182235718,39088,39098,10
12.9876403809,80.2182769775,39098,39108,10
12.9882001877,80.2183990479,39108,39118,10
12.9889802933,80.2185974121,39118,39128,10
12.9898395538,80.2188796997,39128,39138,10
12.9907398224,80.2191772461,39138,39148,10
12.9915895462,80.2194137573,39148,39158,10
12.992099762,80.2191162109,39158,39169,11
12.9927396774,80.2186279297,39169,39179,10
12.9935302734,80.2180633545,39179,39189,10
12.9942302704,80.2175598145,39189,39199,10
12.9945802689,80.2173233032,39199,39209,10
12.9948997498,80.2170791626,39209,39219,10
12.9952898026,80.2168426514,39219,39229,10
12.9958400726,80.2166366577,39229,39239,10
12.9962797165,80.2165527344,39239,39249,10
12.9968700409,80.216468811,39249,39259,10
12.9971103668,80.2164382935,39259,39269,10
12.9973802567,80.2162017822,39269,39280,11
12.9974002838,80.2161865234,39280,39290,10
12.9976396561,80.2159805298,39290,39306,16
12.9984102249,80.2152633667,39306,39318,12
12.9990596771,80.2147216797,39318,39328,10
12.9992799759,80.2145385742,39328,39338,10
12.9997596741,80.2141418457,39338,39348,10
13.0002498627,80.2137069702,39348,39357,9
13.000749588,80.2132720947,39357,39368,11
13.0014801025,80.2127075195,39368,39378,10
13.0021800995,80.2122268677,39378,39388,10
13.0026798248,80.2120666504,39388,39399,11
13.0031499863,80.2120437622,39399,39409,10
13.0035495758,80.2119216919,39409,39419,10
13.0036401749,80.2116317749,39419,39429,10
13.0036401749,80.2110900879,39429,39439,10
13.0035495758,80.210319519,39439,39449,10
13.0034999847,80.209602356,39449,39459,10
13.0036497116,80.2088317871,39459,39469,10
13.0042800903,80.2087097168,39469,39479,10
13.0048904419,80.2089767456,39479,39489,10
13.0054101944,80.209197998,39489,39499,10
13.0058002472,80.2093505859,39499,39509,10
13.0061597824,80.2094573975,39509,39520,11
13.0068702698,80.2096862793,39520,39540,20
13.0068702698,80.2096862793,39540,39550,10
13.0071201324,80.2097320557,39550,39600,50
13.0071201324,80.2097320557,39600,39610,10
13.007519722,80.2098693848,39610,39620,10
13.0078296661,80.2099227905,39620,39631,11
13.0078802109,80.2099304199,39631,39641,10
13.0080499649,80.2099609375,39641,39651,10
13.008190155,80.2099075317,39651,39661,10
13.008099556,80.209487915,39661,39671,10
13.0079298019,80.2087936401,39671,39681,10
13.0078001022,80.2079162598,39681,39691,10
13.0076599121,80.2069625854,39691,39701,10
13.0075397491,80.2060699463,39701,39711,10
13.0074996948,80.2052612305,39711,39721,10
13.0075101852,80.2045593262,39721,39731,10
13.0074596405,80.2038269043,39731,39741,10
13.0073099136,80.2030487061,39741,39752,11
13.0067796707,80.2025527954,39752,39762,10
13.0065603256,80.2031326294,39762,39772,10
13.0071201324,80.2034988403,39772,39782,10
13.0078802109,80.2036895752,39782,39792,10
13.0088396072,80.2036590576,39792,39802,10
13.0098400116,80.2035903931,39802,39812,10
13.0108203888,80.2035980225,39812,39822,10
13.0118999481,80.2037200928,39822,39832,10
13.0129098892,80.203918457,39832,39842,10
13.0136003494,80.2041320801,39842,39852,10
13.014289856,80.2043609619,39852,39862,10
13.014840126,80.2045135498,39862,39873,11
13.0148496628,80.2045135498,39873,39883,10
13.0151796341,80.2046279907,39883,39893,10
13.0156898499,80.2048492432,39893,39903,10
13.0164804459,80.2051391602,39903,39913,10
13.0170402527,80.2052078247,39913,39923,10
13.0176496506,80.2054901123,39923,39933,10
13.0180797577,80.2056808472,39933,39943,10
13.0185203552,80.2058563232,39943,39953,10
13.0185604095,80.2059020996,39953,39963,10
13.0189800262,80.2060394287,39963,39973,10
13.0196695328,80.2062072754,39973,39983,10
13.0204401016,80.2062606812,39983,39994,11
13.0211400986,80.2062301636,39994,40004,10
13.0213003159,80.2062301636,40004,40014,10
13.0215597153,80.206237793,40014,40024,10
13.02202034,80.2062606812,40024,40034,10
13.0226697922,80.2063369751,40034,40044,10
13.0234203339,80.2065124512,40044,40054,10
13.0241003036,80.2066116333,40054,40064,10
13.0243501663,80.2066497803,40064,40074,10
13.0246200562,80.2067337036,40074,40084,10
13.025179863,80.2068786621,40084,40094,10
13.0258598328,80.2071533203,40094,40105,11
13.0266399384,80.2075881958,40105,40115,10
13.027299881,80.2079772949,40115,40125,10
13.0279397964,80.2083511353,40125,40135,10
13.0286197662,80.2085723877,40135,40145,10
13.0297002792,80.2088165283,40145,40165,20
13.0297002792,80.2088165283,40165,40175,10
13.0300102234,80.2089004517,40175,40185,10
13.0305404663,80.2090606689,40185,40195,10
13.03125,80.2092666626,40195,40205,10
13.0314998627,80.2093276978,40205,40215,10
13.0317497253,80.2093582153,40215,40232,17
13.032910347,80.209602356,40232,40244,12
13.0340099335,80.2098388672,40244,40254,10
13.0347795486,80.2100296021,40254,40264,10
13.0351104736,80.2102584839,40264,40274,10
13.0350599289,80.2104415894,40274,40282,8
13.0350103378,80.2106704712,40282,40296,14
13.0349998474,80.2110519409,40296,40306,10
13.0349798203,80.2110977173,40306,40316,10
13.0349597931,80.2115402222,40316,40326,10
13.0349197388,80.2119674683,40326,40336,10
13.0351200104,80.2121276855,40336,40347,11
13.0356302261,80.2121887207,40347,40357,10
13.0356998444,80.2121963501,40357,40367,10
13.0358400345,80.2122192383,40367,40377,10
13.0361404419,80.2122268677,40377,40387,10
13.0363998413,80.2122497559,40387,40397,10
13.0366697311,80.2122802734,40397,40407,10
13.0368404388,80.2122802734,40407,40417,10
13.0371599197,80.2122802734,40417,40427,10
13.0377502441,80.212272644,40427,40437,10
13.0385398865,80.2122573853,40437,40447,10
13.0394496918,80.212272644,40447,40457,10
13.0405101776,80.2122879028,40457,40468,11
13.0416097641,80.212272644,40468,40478,10
13.0426597595,80.2122573853,40478,40488,10
13.0433301926,80.2122421265,40488,40498,10
13.0434103012,80.2122573853,40498,40508,10
13.0437898636,80.2122573853,40508,40518,10
13.0441999435,80.2122421265,40518,40528,10
13.0447597504,80.2122421265,40528,40538,10
13.0454597473,80.2122192383,40538,40548,10
13.0461702347,80.2121963501,40548,40558,10
13.0469503403,80.2121734619,40558,40568,10
13.0476503372,80.2121200562,40568,40579,11
13.0480298996,80.2120895386,40579,40589,10
13.0480804443,80.212097168,40589,40599,10
13.0483999252,80.212097168,40599,40609,10
13.0488996506,80.2120437622,40609,40619,10
13.0496101379,80.2119903564,40619,40649,30
13.0496501923,80.2120437622,40649,40687,38
13.0496501923,80.2120437622,40687,40698,11
13.049659729,80.2120285034,40698,40708,10
13.0499296188,80.2120132446,40708,40718,10
13.0504102707,80.212020874,40718,40728,10
13.0509996414,80.2120666504,40728,40737,9
13.0516796112,80.212020874,40737,40748,11
13.052479744,80.2118682861,40748,40758,10
13.053150177,80.2117233276,40758,40768,10
13.0541200638,80.2115020752,40768,40778,10
13.0549201965,80.2114105225,40778,40788,10
13.0558395386,80.2114486694,40788,40799,11
13.0569200516,80.2114486694,40799,40810,11
13.05768013,80.2114486694,40810,40820,10
13.0580101013,80.2114334106,40820,40830,10
13.0586595535,80.21144104,40830,40840,10
13.0594301224,80.2114715576,40840,40850,10
13.0603399277,80.2115707397,40850,40860,10
13.0613603592,80.2116088867,40860,40870,10
13.0622196198,80.2115707397,40870,40880,10
13.0630397797,80.2115325928,40880,40889,9
13.0632400513,80.2115097046,40889,40899,10
13.0635700226,80.2115020752,40899,40910,11
13.0642404556,80.211479187,40910,40919,9
13.064909935,80.2111816406,40919,40930,11
13.0657396317,80.2105789185,40930,40941,11
13.0665397644,80.2098464966,40941,40951,10
13.0671796799,80.2090530396,40951,40961,10
13.0676403046,80.2082672119,40961,40971,10
13.0682001114,80.2073898315,40971,40980,9
13.0686998367,80.2066421509,40980,40991,11
13.0695199966,80.2053375244,40991,41011,20
13.0695199966,80.2053375244,41011,41021,10
13.0696496964,80.2051010132,41021,41031,10
13.0694799423,80.2048110962,41031,41041,10
13.0691003799,80.2051086426,41041,41052,11
13.0687799454,80.2053833008,41052,41062,10
13.0687599182,80.2053833008,41062,41072,10
13.0686597824,80.205406189,41072,41082,10
13.0682096481,80.2054290771,41082,41092,10
13.0679597855,80.2053604126,41092,41102,10
13.0679197311,80.205039978,41102,41294,192
13.0679197311,80.205039978,41294,41304,10
13.0682001114,80.2049636841,41304,41324,20
13.0683498383,80.2049865723,41324,41344,20
13.0683498383,80.2049865723,41344,41354,10
13.0685100555,80.2049331665,41354,41364,10
13.0689096451,80.2047729492,41364,41374,10
13.0693597794,80.2047576904,41374,41384,10
13.0697002411,80.2048187256,41384,41406,22
13.0697002411,80.2048187256,41406,41416,10
13.0697698593,80.2048797607,41416,41426,10
13.0698003769,80.2052764893,41426,41435,9
13.0694799423,80.2057876587,41435,41446,11
13.068980217,80.2065582275,41446,41455,9
13.0685100555,80.2072906494,41455,41466,11
13.0680398941,80.2080612183,41466,41476,10
13.0675897598,80.2087478638,41476,41486,10
13.0672101974,80.2093505859,41486,41496,10
13.0666799545,80.2099761963,41496,41506,10
13.0660200119,80.2105178833,41506,41517,11
13.0652103424,80.2111434937,41517,41527,10
13.065030098,80.2112731934,41527,41537,10
13.0648298264,80.2113876343,41537,41547,10
13.0643196106,80.2116012573,41547,41557,10
13.0636196136,80.2116928101,41557,41567,10
13.0628595352,80.2117385864,41567,41577,10
13.0622301102,80.2117767334,41577,41587,10
13.0614595413,80.2117767334,41587,41597,10
13.0604000092,80.2117004395,41597,41607,10
13.0594301224,80.2116622925,41607,41617,10
13.0586204529,80.2116165161,41617,41627,10
13.0580997467,80.2116088867,41627,41638,11
13.0576496124,80.2116088867,41638,41648,10
13.0574998856,80.2115707397,41648,41658,10
13.0571699142,80.2115478516,41658,41668,10
13.0566701889,80.2115631104,41668,41678,10
13.0559597015,80.2115631104,41678,41688,10
13.0546998978,80.211517334,41688,41708,20
13.0546998978,80.211517334,41708,41718,10
13.0545597076,80.211517334,41718,41728,10
13.0541296005,80.2116012573,41728,41738,10
13.0534801483,80.2117385864,41738,41748,10
13.0528097153,80.2119674683,41748,41759,11
13.0517101288,80.2121582031,41759,41809,50
13.0517101288,80.2121582031,41809,41819,10
13.0516195297,80.2119522095,41819,41829,10
13.0513601303,80.2119293213,41829,41839,10
13.0510997772,80.2119674683,41839,41849,10
13.0504598618,80.2120437622,41849,41859,10
13.0497903824,80.212097168,41859,41869,10
13.0496301651,80.2121200562,41869,41880,11
13.0495195389,80.2121582031,41880,41890,10
13.0491800308,80.2121582031,41890,41900,10
13.048789978,80.2121810913,41900,41910,10
13.0482301712,80.2122192383,41910,41920,10
13.0474796295,80.2122573853,41920,41930,10
13.0466804504,80.2123031616,41930,41940,10
13.0460195541,80.2123413086,41940,41950,10
13.045920372,80.2123413086,41950,41960,10
13.0457601547,80.212348938,41960,41970,10
13.0454301834,80.2123718262,41970,42061,91
13.0454301834,80.2123718262,42061,42071,10
13.0451002121,80.2123184204,42071,42081,10
13.0445995331,80.212348938,42081,42091,10
13.0441398621,80.2123413086,42091,42101,10
13.0437097549,80.2123413086,42101,42112,11
13.0429096222,80.2123565674,42112,42122,10
13.0422000885,80.212348938,42122,42132,10
13.0414104462,80.2123565674,42132,42142,10
13.04047966,80.2123718262,42142,42152,10
13.039440155,80.2123565674,42152,42162,10
13.038599968,80.2123794556,42162,42172,10
13.0381202698,80.2124099731,42172,42182,10
13.0378398895,80.2124404907,42182,42192,10
13.0373802185,80.2124404907,42192,42208,16
13.0366201401,80.2123794556,42208,42220,12
13.0357503891,80.2123718262,42220,42231,11
13.0353403091,80.2123336792,42231,42241,10
13.0351200104,80.2122421265,42241,42261,20
13.0351200104,80.2122421265,42261,42271,10
13.0349397659,80.2121810913,42271,42281,10
13.0341701508,80.212097168,42281,42310,29
13.0341701508,80.212097168,42310,42321,11
13.0339803696,80.2121124268,42321,42331,10
13.0335903168,80.212020874,42331,42341,10
13.0333995819,80.2119903564,42341,42352,11
13.0328903198,80.2118911743,42352,42362,10
13.0321702957,80.2117767334,42362,42372,10
13.0319795609,80.211227417,42372,42382,10
13.0320596695,80.2105026245,42382,42392,10
13.0321102142,80.2099380493,42392,42402,10
13.031920433,80.2096862793,42402,42412,10
13.031419754,80.2095031738,42412,42422,10
13.0310001373,80.2093887329,42422,42432,10
13.0305900574,80.2092590332,42432,42442,10
13.0301198959,80.2091217041,42442,42452,10
13.0298404694,80.2089691162,42452,42463,11
13.0297203064,80.2089385986,42463,42473,10
13.0295200348,80.2088775635,42473,42483,10
13.0290002823,80.2087402344,42483,42493,10
13.0282497406,80.2085418701,42493,42503,10
13.0275602341,80.2082519531,42503,42513,10
13.0270500183,80.2079467773,42513,42523,10
13.0263795853,80.2075500488,42523,42533,10
13.0255804062,80.2071609497,42533,42543,10
13.0243396759,80.2069015503,42543,42563,20
13.0243396759,80.2069015503,42563,42573,10
13.0239896774,80.2068099976,42573,42584,11
13.0233201981,80.2066574097,42584,42594,10
13.0225296021,80.2064666748,42594,42604,10
13.021900177,80.2063980103,42604,42614,10
13.0212602615,80.2063827515,42614,42624,10
13.020409584,80.2063827515,42624,42634,10
13.0195102692,80.2063369751,42634,42644,10
13.0192203522,80.2063293457,42644,42654,10
13.019200325,80.2063293457,42654,42664,10
13.0188798904,80.206237793,42664,42674,10
13.0182800293,80.2060165405,42674,42684,10
13.0176696777,80.2058105469,42684,42694,10
13.0172595978,80.2056427002,42694,42705,11
13.0166797638,80.2054214478,42705,42715,10
13.0158195496,80.2051925659,42715,42725,10
13.0149002075,80.2048721313,42725,42735,10
13.0143699646,80.2046813965,42735,42745,10
13.014289856,80.2046279907,42745,42755,10
13.0138597488,80.2044677734,42755,42765,10
13.0136604309,80.2044372559,42765,42775,10
13.0135602951,80.2046737671,42775,42785,10
13.013420105,80.2050933838,42785,42795,10
13.0132198334,80.2057266235,42795,42805,10
13.0130195618,80.2065200806,42805,42816,11
13.0129404068,80.2074966431,42816,42826,10
13.0128602982,80.2079467773,42826,42836,10
13.0128803253,80.2084274292,42836,42846,10
13.0129299164,80.2087936401,42846,42856,10
13.0130596161,80.2093963623,42856,42866,10
13.0131998062,80.2099609375,42866,42876,10
13.013130188,80.2106399536,42876,42886,10
13.0127897263,80.2114028931,42886,42896,10
13.012339592,80.2121810913,42896,42906,10
13.0119400024,80.2127380371,42906,42916,10
13.0116996765,80.2127532959,42916,42926,10
13.0114002228,80.2125167847,42926,42937,11
13.0106601715,80.2119216919,42937,42947,10
13.010020256,80.2114181519,42947,42957,10
13.0093898773,80.2111434937,42957,42977,20
13.0093898773,80.2111434937,42977,42986,9
13.0093002319,80.2111968994,42986,42997,11
13.0090799332,80.2114715576,42997,43007,10
13.0090799332,80.2117767334,43007,43017,10
13.0092000961,80.2121200562,43017,43027,10
13.0093402863,80.2125473022,43027,43037,10
13.0094995499,80.2130126953,43037,43047,10
13.0096502304,80.2133865356,43047,43058,11
13.0099201202,80.214050293,43058,43068,10
13.0101203918,80.2145767212,43068,43078,10
13.0102300644,80.2153778076,43078,43088,10
13.0105199814,80.2162628174,43088,43098,10
13.0109596252,80.2171936035,43098,43108,10
13.0113401413,80.2181472778,43108,43118,10
13.0116701126,80.2190933228,43118,43128,10
13.0119695663,80.2200088501,43128,43138,10
13.012260437,80.2208709717,43138,43148,10
13.0123796463,80.2213363647,43148,43158,10
13.0125398636,80.2217330933,43158,43174,16
13.0132799149,80.222618103,43174,43187,13
13.0139198303,80.2232208252,43187,43197,10
13.014169693,80.2235565186,43197,43206,9
13.0145196915,80.2240524292,43206,43217,11
13.0153598785,80.2250976563,43217,43237,20
13.0153598785,80.2250976563,43237,43247,10
13.0154399872,80.2253417969,43247,43256,9
13.0153999329,80.2256393433,43256,43267,11
13.015130043,80.2259063721,43267,43277,10
13.0151195526,80.2259063721,43277,43287,10
13.0150299072,80.2259597778,43287,43298,11
13.0146198273,80.2261123657,43298,43308,10
13.0140199661,80.22631073,43308,43318,10
13.0132598877,80.2266082764,43318,43328,10
13.0123596191,80.2269668579,43328,43338,10
13.011349678,80.2273635864,43338,43348,10
13.0103502274,80.2277374268,43348,43358,10
13.0096197128,80.2278594971,43358,43368,10
13.0096702576,80.2272567749,43368,43378,10
13.0099802017,80.2265472412,43378,43388,10
13.0103597641,80.2256774902,43388,43398,10
13.010720253,80.2248535156,43398,43409,11
13.011059761,80.2239379883,43409,43419,10
13.0112895966,80.2233734131,43419,43429,10
13.0109996796,80.2230834961,43429,43439,10
13.0103397369,80.2227478027,43439,43449,10
13.00963974,80.2223510742,43449,43459,10
13.0088596344,80.2219314575,43459,43469,10
13.0080299377,80.2214584351,43469,43479,10
13.0071201324,80.2209777832,43479,43489,10
13.0061798096,80.2206268311,43489,43499,10
13.0052404404,80.2204208374,43499,43509,10
13.0043497086,80.2201919556,43509,43518,9
13.0035400391,80.2200088501,43518,43530,12
13.002579689,80.2195892334,43530,43540,10
13.0019197464,80.2189102173,43540,43550,10
13.0012102127,80.2183227539,43550,43560,10
13.00041008,80.2177505493,43560,43570,10
12.9995002747,80.2172088623,43570,43579,9
12.9986600876,80.2168121338,43579,43590,11
12.9977302551,80.2165374756,43590,43600,10
12.9973802567,80.2165222168,43600,43610,10
12.9972295761,80.2165222168,43610,43620,10
12.9967699051,80.2165374756,43620,43630,10
12.9960803986,80.2166519165,43630,43640,10
12.9952201843,80.2169799805,43640,43651,11
12.9944200516,80.2175292969,43651,43661,10
12.994020462,80.2178192139,43661,43671,10
12.9935998917,80.2181091309,43671,43681,10
12.9930095673,80.2185211182,43681,43691,10
12.9923400879,80.2190170288,43691,43701,10
12.9916496277,80.2195281982,43701,43711,10
12.9912595749,80.2195281982,43711,43721,10
12.9912004471,80.2194976807,43721,43731,10
12.9909896851,80.2194290161,43731,43741,10
12.9905395508,80.21925354,43741,43751,10
12.9897603989,80.2189865112,43751,43761,10
12.9889097214,80.2186813354,43761,43772,11
12.9878902435,80.2184066772,43772,43782,10
12.9872198105,80.2182922363,43782,43792,10
12.9871797562,80.2182769775,43792,43802,10
12.9870300293,80.2182617188,43802,43812,10
12.986579895,80.2181396484,43812,43822,10
12.9858798981,80.2179718018,43822,43832,10
12.9849004745,80.2179336548,43832,43842,10
12.9841499329,80.2179718018,43842,43852,10
12.9841003418,80.217956543,43852,43862,10
12.9837999344,80.2179412842,43862,43872,10
12.9832000732,80.217956543,43872,43883,11
12.9823799133,80.2179794312,43883,43893,10
12.9816398621,80.2180175781,43893,43903,10
12.9807596207,80.2182769775,43903,43913,10
12.9798402786,80.2186203003,43913,43923,10
12.9791297913,80.2189178467,43923,43933,10
12.9787797928,80.2190475464,43933,43943,10
12.9782104492,80.2192611694,43943,43953,10
12.9774503708,80.2195587158,43953,43963,10
12.9762001038,80.220123291,43963,44034,71
12.9759397507,80.2202377319,44034,44135,101
12.9759397507,80.2202377319,44135,44145,10
12.9756402969,80.2204437256,44145,44155,10
12.9755401611,80.2207565308,44155,44165,10
12.9759302139,80.221206665,44165,44175,10
12.9762096405,80.2216186523,44175,44195,20
12.9762096405,80.2216186523,44195,44205,10
12.9763698578,80.2219314575,44205,44215,10
12.9764604568,80.2221069336,44215,44225,10
12.9766998291,80.2225036621,44225,44236,11
12.9771003723,80.2231521606,44236,44246,10
12.9775400162,80.2238464355,44246,44256,10
12.9779396057,80.2244873047,44256,44266,10
12.9781198502,80.2247924805,44266,44276,10
12.9783496857,80.2251586914,44276,44286,10
12.9785900116,80.2255172729,44286,44296,10
12.9788599014,80.2259674072,44296,44306,10
12.9791402817,80.2264099121,44306,44316,10
12.9794597626,80.2269592285,44316,44332,16
12.9799995422,80.2278213501,44332,44344,12
12.9804201126,80.2285614014,44344,44352,8
12.9806995392,80.2290267944,44352,44365,13
12.9811296463,80.2296981812,44365,44374,9
12.981470108,80.2302627563,44374,44385,11
12.9817304611,80.2306976318,44385,44395,10
12.981760025,80.2308425903,44395,44405,10
12.9819097519,80.2312393188,44405,44415,10
12.982000351,80.2319412231,44415,44425,10
12.9819898605,80.2323913574,44425,44435,10
12.9817800522,80.2331008911,44435,44445,10
12.9815597534,80.2335891724,44445,44455,10
12.9815301895,80.2336883545,44455,44465,10
12.9813098907,80.234161377,44465,44476,11
12.9812002182,80.2349700928,44476,44486,10
12.9812202454,80.2358093262,44486,44496,10
12.9812498093,80.2366485596,44496,44506,10
12.9812602997,80.2375183105,44506,44516,10
12.9812898636,80.2382888794,44516,44526,10
12.981300354,80.2386779785,44526,44536,10
12.981300354,80.2388763428,44536,44546,10
12.981300354,80.2394332886,44546,44556,10
12.9813299179,80.240196228,44556,44566,10
12.9813404083,80.2410583496,44566,44576,10
12.9813499451,80.2419204712,44576,44586,10
12.9813499451,80.2428436279,44586,44607,21
12.9813499451,80.2428436279,44607,44617,10
12.9813604355,80.2428894043,44617,44627,10
12.9813499451,80.2432785034,44627,44637,10
12.9812898636,80.2439422607,44637,44647,10
12.9811897278,80.244758606,44647,44657,10
12.9810800552,80.2456970215,44657,44667,10
12.9809799194,80.2466812134,44667,44677,10
12.9808797836,80.2477264404,44677,44687,10
12.9808101654,80.2487487793,44687,44697,10
12.9806604385,80.2498092651,44697,44707,10
12.9804296494,80.2508010864,44707,44718,11
12.9801597595,80.2518692017,44718,44728,10
12.9800596237,80.252281189,44728,44738,10
12.980050087,80.2523422241,44738,44748,10
12.9801902771,80.2525634766,44748,44758,10
12.9806995392,80.2526321411,44758,44768,10
12.9814195633,80.2526016235,44768,44778,10
12.9822702408,80.2525787354,44778,44788,10
12.9828901291,80.2525405884,44788,44818,30
12.9828901291,80.2525405884,44818,44829,11
12.9831600189,80.2525405884,44829,44839,10
12.9833803177,80.2525024414,44839,44849,10
12.9835300446,80.2524795532,44849,44859,10
12.9838399887,80.2524032593,44859,44869,10
12.9844303131,80.2522201538,44869,44879,10
12.9851903915,80.2520217896,44879,44889,10
12.9860696793,80.2517776489,44889,44899,10
12.9876804352,80.251373291,44899,45060,161
12.9879703522,80.2514801025,45060,45101,41
12.9879703522,80.2514801025,45101,45111,10
12.9881000519,80.2515792847,45111,45121,10
12.9881801605,80.2520980835,45121,45131,10
12.988120079,80.2529220581,45131,45141,10
12.9879999161,80.2539367676,45141,45151,10
12.987859726,80.2549133301,45151,45161,10
12.987739563,80.2554397583,45161,45292,131
12.987739563,80.2554397583,45292,45303,11
12.9876403809,80.2556228638,45303,45313,10
12.9875802994,80.2559432983,45313,45323,10
12.9875297546,80.2565307617,45323,45333,10
12.9874897003,80.2568511963,45333,45343,10
12.987449646,80.2571411133,45343,45353,10
12.9873895645,80.2577590942,45353,45363,10
12.9873695374,80.2584991455,45363,45373,10
12.9872703552,80.2591018677,45373,45383,10
12.9871702194,80.2595825195,45383,45403,20
12.9871702194,80.2595825195,45403,45413,10
12.9869804382,80.2595977783,45413,45424,11
12.9866600037,80.2594528198,45424,45434,10
12.9869298935,80.2590637207,45434,47116,1682
12.9870500565,80.2591094971,47116,47136,20
12.9870500565,80.2591094971,47136,47146,10
12.987279892,80.2591171265,47146,47156,10
12.9873504639,80.2589492798,47156,47166,10
12.9873600006,80.2586975098,47166,47176,10
12.9873895645,80.2582092285,47176,47187,11
12.9874296188,80.2577133179,47187,47197,10
12.9874801636,80.2570877075,47197,47207,10
12.9875602722,80.2563171387,47207,47227,20
12.9875602722,80.2563171387,47227,47237,10
12.9875802994,80.2561416626,47237,47267,30
12.9875802994,80.2561416626,47267,47277,10
12.9875297546,80.2560272217,47277,47287,10
12.9876298904,80.2555999756,47287,47297,10
12.9877004623,80.2549209595,47297,47308,11
12.9877195358,80.2547302246,47308,47318,10
12.9877595901,80.2543029785,47318,47328,10
12.9878101349,80.2536087036,47328,47338,10
12.9878797531,80.2529067993,47338,47348,10
12.9879102707,80.2521514893,47348,47358,10
12.9877996445,80.251701355,47358,47368,10
12.9877796173,80.2516403198,47368,47378,10
12.9873504639,80.2516174316,47378,47388,10
12.9868402481,80.2517166138,47388,47398,10
12.9861698151,80.2518768311,47398,47408,10
12.9853401184,80.2521133423,47408,47418,10
12.9843902588,80.2523727417,47418,47429,11
12.9832296371,80.2526397705,47429,47439,10
12.9821195602,80.2527084351,47439,47449,10
12.9811601639,80.2527313232,47449,47459,10
12.9804201126,80.2527618408,47459,47469,10
12.9800300598,80.2527618408,47469,47479,10
12.9798603058,80.252243042,47479,47499,20
12.9798603058,80.252243042,47499,47509,10
12.9799499512,80.2519378662,47509,47525,16
12.9802598953,80.2510299683,47525,47537,12
12.9804801941,80.2502365112,47537,47548,11
12.9806499481,80.249458313,47548,47558,10
12.9806804657,80.2492599487,47558,47568,10
12.9807195663,80.2487716675,47568,47577,9
12.9807500839,80.2481231689,47577,47588,11
12.9808197021,80.2472610474,47588,47598,10
12.980890274,80.246421814,47598,47607,9
12.9809904099,80.2455215454,47607,47617,10
12.981089592,80.2445907593,47617,47628,11
12.9811401367,80.2442169189,47628,47638,10
12.9811897278,80.2438201904,47638,47648,10
12.9812698364,80.243637085,47648,47659,11
12.9813499451,80.2433013916,47659,47669,10
12.9813699722,80.2429122925,47669,47679,10
12.9813699722,80.2428512573,47679,47689,10
12.9813499451,80.2427978516,47689,47699,10
12.9813604355,80.2424697876,47699,47709,10
12.9813299179,80.241897583,47709,47719,10
12.9813404083,80.2411270142,47719,47729,10
12.9813203812,80.2402267456,47729,47739,10
12.981300354,80.2392883301,47739,47749,10
12.9812698364,80.2383499146,47749,47759,10
12.9812602997,80.2380523682,47759,47769,10
12.9812402725,80.2379226685,47769,47780,11
12.9812297821,80.2373886108,47780,47790,10
12.9812202454,80.236656189,47790,47800,10
12.9812002182,80.2359313965,47800,47810,10
12.9811897278,80.2351379395,47810,47820,10
12.9811897278,80.2345809937,47820,47830,10
12.9812498093,80.23412323,47830,47840,10
12.9814796448,80.2335968018,47840,47850,10
12.9816398621,80.2332763672,47850,47860,10
12.981710434,80.2331314087,47860,47870,10
12.9818897247,80.2327194214,47870,47880,10
12.982000351,80.2322235107,47880,47889,9
12.9819803238,80.2318572998,47889,47901,12
12.9819602966,80.2314987183,47901,47911,10
12.9819097519,80.2311477661,47911,47921,10
12.9816598892,80.2305831909,47921,47931,10
12.9812498093,80.2298965454,47931,47941,10
12.980919838,80.2293624878,47941,47951,10
12.9806499481,80.2289428711,47951,47971,20
12.9806499481,80.2289428711,47971,47981,10
12.9806098938,80.2288589478,47981,47991,10
12.9804496765,80.2285766602,47991,48001,10
12.9802598953,80.2282028198,48001,48012,11
12.9799098969,80.2276229858,48012,48022,10
12.979470253,80.226890564,48022,48032,10
12.9789495468,80.2260437012,48032,48042,10
12.9785404205,80.2253417969,48042,48052,10
12.9781503677,80.2246932983,48052,48062,10
12.9777898788,80.2241973877,48062,48072,10
12.977519989,80.2237167358,48072,48082,10
12.9772195816,80.2232513428,48082,48092,10
12.977060318,80.2229919434,48092,48102,10
12.9768800735,80.2226791382,48102,48112,10
12.976559639,80.2221832275,48112,48122,10
12.976269722,80.2217636108,48122,48133,11
12.975979805,80.2213516235,48133,48142,9
12.9757099152,80.2210769653,48142,48152,10
12.9757003784,80.2210769653,48152,48163,11
12.9755802155,80.2209701538,48163,48173,10
12.9753303528,80.2206268311,48173,48183,10
12.975399971,80.2205123901,48183,48193,10
12.9756097794,80.2202682495,48193,48203,10
12.9759998322,80.2200469971,48203,48213,10
12.9766302109,80.2197418213,48213,48223,10
12.9774103165,80.2194366455,48223,48233,10
12.9782896042,80.219078064,48233,48243,10
12.9787302017,80.218963623,48243,48254,11
12.9793901443,80.2186813354,48254,48264,10
12.9799804688,80.2184524536,48264,48274,10
12.9806499481,80.2181930542,48274,48284,10
12.9814395905,80.2179412842,48284,48294,10
12.9822597504,80.2178192139,48294,48304,10
12.9825496674,80.2178192139,48304,48314,10
12.9831199646,80.2178192139,48314,48324,10
12.983710289,80.2178115845,48324,48334,10
12.9837703705,80.2177963257,48334,48344,10
12.9839496613,80.2178115845,48344,48354,10
12.9844102859,80.2178192139,48354,48364,10
12.9851198196,80.2177963257,48364,48375,11
12.9860401154,80.2179107666,48375,48385,10
12.9868001938,80.2181015015,48385,48395,10
12.9873399734,80.2182006836,48395,48435,40
12.9873399734,80.2182006836,48435,48445,10
12.9878396988,80.2183380127,48445,48455,10
12.9883403778,80.218460083,48455,48465,10
12.9890298843,80.2186508179,48465,48475,10
12.989859581,80.2189178467,48475,48486,11
12.9908895493,80.2192382813,48486,48496,10
12.9916801453,80.2193832397,48496,48506,10
12.9922800064,80.2189712524,48506,48516,10
12.9930200577,80.218421936,48516,48526,10
12.9937400818,80.2178878784,48526,48536,10
12.9939603806,80.2177124023,48536,48546,10
12.9942703247,80.2174987793,48546,48556,10
12.9945898056,80.2172775269,48556,48566,10
12.9947595596,80.2171401978,48566,48576,10
12.9949398041,80.217010498,48576,48586,10
12.9953899384,80.216758728,48586,48596,10
12.9960803986,80.2165603638,48596,48613,17
12.9975700378,80.2160720825,48613,48635,22
12.9975700378,80.2160720825,48635,48645,10
12.9978904724,80.2158203125,48645,48654,9
12.9982595444,80.2154922485,48654,48665,11
12.9988498688,80.2149505615,48665,48715,50
12.9991903305,80.2147293091,48715,48736,21
12.9991903305,80.2147293091,48736,48746,10
12.9993696213,80.2145385742,48746,48756,10
12.9996595383,80.2142868042,48756,48765,9
12.9999799728,80.2140274048,48765,48776,11
13.0005197525,80.2135772705,48776,48786,10
13.0009002686,80.213218689,48786,48796,10
13.0013599396,80.2128601074,48796,48806,10
13.0017499924,80.2125396729,48806,48816,10
13.0020399094,80.212348938,48816,48826,10
13.0025396347,80.2121276855,48826,48836,10
13.0031404495,80.2120895386,48836,48847,11
13.0036001205,80.2119598389,48847,48857,10
13.003660202,80.2118301392,48857,48867,10
13.0036697388,80.2113571167,48867,48877,10
13.0036096573,80.2106781006,48877,48887,10
13.0035400391,80.2099914551,48887,48897,10
13.0035800934,80.2092590332,48897,48907,10
13.0038995743,80.2086105347,48907,48917,10
13.0046596527,80.2089004517,48917,48927,10
13.0055198669,80.2092666626,48927,48937,10
13.0061798096,80.2095108032,48937,48947,10
13.0067996979,80.2097015381,48947,48957,10
13.007349968,80.2098236084,48957,48968,11
13.0073900223,80.2098312378,48968,48978,10
13.0075302124,80.2098770142,48978,48988,10
13.0080003738,80.2099609375,48988,48998,10
13.0081596375,80.2098464966,48998,49008,10
13.0080604553,80.2093582153,49008,49018,10
13.0079498291,80.2086181641,49018,49028,10
13.0078201294,80.2077331543,49028,49038,10
13.0076599121,80.2067871094,49038,49048,10
13.0075597763,80.2058181763,49048,49058,10
13.007519722,80.2049179077,49058,49074,16
13.0074396133,80.203742981,49074,49087,13
13.0072202682,80.2026977539,49087,49097,10
13.0066204071,80.2026901245,49097,49107,10
13.0066995621,80.2032699585,49107,49116,9
13.0072402954,80.2035598755,49116,49127,11
13.0080699921,80.2036895752,49127,49137,10
13.008939743,80.2036437988,49137,49147,10
13.0100603104,80.2035827637,49147,49157,10
13.0110797882,80.2036132813,49157,49167,10
13.0120801926,80.2037582397,49167,49177,10
13.0130195618,80.2039489746,49177,49187,10
13.0138597488,80.2042388916,49187,49198,11
13.0147600174,80.204536438,49198,49208,10
13.014960289,80.2045974731,49208,49218,10
13.0150499344,80.2046585083,49218,49228,10
13.0154600143,80.2048416138,49228,49238,10
13.0162401199,80.2051010132,49238,49248,10
13.0167198181,80.2052230835,49248,49258,10
13.0173902512,80.2054977417,49258,49268,10
13.0178699493,80.2056503296,49268,49278,10
13.0184202194,80.2058410645,49278,49288,10
13.0187196732,80.2059402466,49288,49298,10
13.0187597275,80.2059783936,49298,49308,10
13.0191402435,80.2061080933,49308,49319,11
13.0199098587,80.2062606812,49319,49329,10
13.0207595825,80.2062835693,49329,49339,10
13.0216999054,80.2063064575,49339,49349,10
13.0226297379,80.206413269,49349,49359,10
13.0235996246,80.2066268921,49359,49369,10
13.0244102478,80.2067565918,49369,49379,10
13.0246696472,80.206817627,49379,49389,10
13.0252599716,80.2069625854,49389,49399,10
13.0260095596,80.2072601318,49399,49409,10
13.0267801285,80.2077102661,49409,49419,10
13.0276699066,80.2082366943,49419,49429,10
13.028670311,80.2086105347,49429,49440,11
13.0292301178,80.2087402344,49440,49450,10
13.029419899,80.2087783813,49450,49460,10
13.0296401978,80.2088470459,49460,49470,10
13.0298595428,80.2089080811,49470,49479,9
13.0302495956,80.2090301514,49479,49490,11
13.0309200287,80.2092208862,49490,49500,10
13.0313997269,80.2092971802,49500,49510,10
13.0315103531,80.2093200684,49510,49520,10
13.0315504074,80.2093200684,49520,49530,10
13.0318698883,80.2094497681,49530,49540,10
13.0324897766,80.209602356,49540,49551,11
13.0333499908,80.2097625732,49551,49561,10
13.0342302322,80.2099304199,49561,49571,10
13.0348997116,80.2100982666,49571,49581,10
13.035030365,80.2105407715,49581,49591,10
13.0350198746,80.2113189697,49591,49611,20
13.0350198746,80.2113189697,49611,49621,10
13.0349998474,80.2114715576,49621,49631,10
13.0349502563,80.2118835449,49631,49651,20
13.0349502563,80.2118835449,49651,49661,10
13.0349397659,80.2119903564,49661,49672,11
13.0351295471,80.2121887207,49672,49681,9
13.0355796814,80.2122497559,49681,49692,11
13.0364198685,80.2123031616,49692,49702,10
13.0369997025,80.2123031616,49702,49722,20
13.0369997025,80.2123031616,49722,49732,10
13.0373001099,80.212272644,49732,49742,10
13.0377998352,80.2122802734,49742,49752,10
13.0385503769,80.2122802734,49752,49762,10
13.039349556,80.212272644,49762,49772,10
13.0403203964,80.2122802734,49772,49782,10
13.0414104462,80.2122802734,49782,49793,11
13.0426797867,80.212272644,49793,49803,10
13.0441102982,80.2122573853,49803,49900,97
13.0441102982,80.2122573853,49900,49912,12
13.044260025,80.2123565674,49912,49922,10
13.0447101593,80.2123336792,49922,49932,10
13.0453796387,80.2123031616,49932,49941,9
13.0460596085,80.212272644,49941,49952,11
13.0468997955,80.2122192383,49952,49962,10
13.0479097366,80.2121276855,49962,49972,10
13.0484304428,80.2120819092,49972,49982,10
13.048500061,80.2120819092,49982,49992,10
13.0487203598,80.2120513916,49992,50002,10
13.0495901108,80.2119903564,50002,50043,41
13.0495901108,80.2119903564,50043,50053,10
13.0496501923,80.2120285034,50053,50069,16
13.0502195358,80.212020874,50069,50081,12
13.0509395599,80.2121505737,50081,50091,10
13.0517501831,80.2121429443,50091,50101,10
13.0527801514,80.2118911743,50101,50111,10
13.0538196564,80.2115936279,50111,50119,8
13.0542697906,80.2114486694,50119,50131,12
13.0547304153,80.2114181519,50131,50141,10
13.0552396774,80.2114715576,50141,50152,11
13.0561304092,80.211479187,50152,50162,10
13.0570001602,80.211479187,50162,50172,10
13.0575504303,80.2114486694,50172,50182,10
13.0577297211,80.2114486694,50182,50192,10
13.0583000183,80.211479187,50192,50202,10
13.0589895248,80.2115020752,50202,50212,10
13.0598297119,80.2115478516,50212,50222,10
13.0608596802,80.2116165161,50222,50232,10
13.0615797043,80.2116699219,50232,50242,10
13.0622596741,80.2116165161,50242,50252,10
13.0630502701,80.2115325928,50252,50263,11
13.0632200241,80.2115325928,50263,50273,10
13.0633897781,80.2115402222,50273,50283,10
13.0638399124,80.2115402222,50283,50293,10
13.064499855,80.2113571167,50293,50303,10
13.0652198792,80.2109603882,50303,50313,10
13.0660104752,80.2103424072,50313,50323,10
13.0666799545,80.2097473145,50323,50333,10
13.0672998428,80.2088775635,50333,50343,10
13.0678901672,80.2079391479,50343,50353,10
13.0684900284,80.2070465088,50353,50362,9
13.0690002441,80.2062606812,50362,50372,10
13.0694303513,80.2055206299,50372,50384,12
13.0696802139,80.2049636841,50384,50394,10
13.0693397522,80.2049331665,50394,50404,10
13.0690603256,80.2053604126,50404,50414,10
13.0685796738,80.205291748,50414,50938,524
13.0685796738,80.205291748,50938,50948,10
13.0683803558,80.2054367065,50948,50958,10
13.0679197311,80.2051773071,50958,51049,91
13.0679197311,80.2051773071,51049,51059,10
13.0682001114,80.2049331665,51059,51130,71
13.0682001114,80.2049331665,51130,51140,10
13.0685396194,80.2049102783,51140,51150,10
13.0689897537,80.2047576904,51150,51160,10
13.0693502426,80.2047576904,51160,51170,10
13.0695800781,80.2048034668,51170,51180,10
13.0698699951,80.2050476074,51180,51190,10
13.0695800781,80.2056427002,51190,51206,16
13.068860054,80.2067871094,51206,51219,13
13.0681800842,80.2078781128,51219,51229,10
13.0676403046,80.208732605,51229,51239,10
13.0670604706,80.209602356,51239,51249,10
13.0662899017,80.2103271484,51249,51259,10
13.0655899048,80.2109222412,51259,51268,9
13.0651302338,80.2112731934,51268,51280,12
13.0650701523,80.2113189697,51280,51290,10
13.0648403168,80.2114562988,51290,51300,10
13.0643396378,80.2116622925,51300,51310,10
13.0640897751,80.2117385864,51310,51319,9
13.0639600754,80.2117462158,51319,51330,11
13.0635404587,80.2117614746,51330,51341,11
13.0633201599,80.2117462158,51341,51351,10
13.0629196167,80.2117614746,51351,51361,10
13.0623397827,80.2117614746,51361,51371,10
13.0616703033,80.2117233276,51371,51381,10
13.0608901978,80.2116928101,51381,51391,10
13.0600299835,80.2116622925,51391,51401,10
13.0586595535,80.2116012573,51401,51421,20
13.0586595535,80.2116012573,51421,51431,10
13.0582504272,80.2116088867,51431,51441,10
13.0576295853,80.2116088867,51441,51462,21
13.0576295853,80.2116088867,51462,51472,10
13.0574102402,80.2116012573,51472,51482,10
13.0570497513,80.2116012573,51482,51492,10
13.0565004349,80.2116088867,51492,51502,10
13.0557498932,80.2115936279,51502,51512,10
13.0549097061,80.2115402222,51512,51522,10
13.0545396805,80.2115402222,51522,51532,10
13.0544595718,80.2115707397,51532,51542,10
13.0540399551,80.2116317749,51542,51552,10
13.0534000397,80.2117614746,51552,51563,11
13.0525598526,80.2120132446,51563,51573,10
13.0517196655,80.2121734619,51573,51583,10
13.0508699417,80.2120819092,51583,51593,10
13.050239563,80.2121429443,51593,51603,10
13.0501804352,80.2121429443,51603,51613,10
13.0500001907,80.2121429443,51613,51623,10
13.0495700836,80.2121582031,51623,51643,20
13.0495700836,80.2121582031,51643,51653,10
13.0492801666,80.2121200562,51653,51663,10
13.0487298965,80.2121429443,51663,51673,10
13.0480604172,80.2121963501,51673,51684,11
13.0471897125,80.2122497559,51684,51694,10
13.046380043,80.2122879028,51694,51704,10
13.0454397202,80.2123184204,51704,51714,10
13.0444202423,80.2123718262,51714,51724,10
13.0434398651,80.2123413086,51724,51734,10
13.042599678,80.2123413086,51734,51744,10
13.0418395996,80.212348938,51744,51754,10
13.0409002304,80.2123794556,51754,51764,10
13.0398597717,80.2123565674,51764,51774,10
13.0389499664,80.2123718262,51774,51784,10
13.0380001068,80.2123794556,51784,51794,10
13.0370502472,80.2123413086,51794,51805,11
13.0361204147,80.2123413086,51805,51815,10
13.0357599258,80.2123565674,51815,51825,10
13.0354499817,80.2123336792,51825,51835,10
13.035200119,80.2123031616,51835,51845,10
13.0349798203,80.2122573853,51845,51855,10
13.0347204208,80.2122192383,51855,51865,10
13.0345401764,80.2121734619,51865,51875,10
13.0342102051,80.2121200562,51875,51895,20
13.0342102051,80.2121200562,51895,51905,10
13.034040451,80.2121124268,51905,51915,10
13.0337295532,80.2120437622,51915,51926,11
13.0330600739,80.2118835449,51926,51936,10
13.0323295593,80.2117767334,51936,51946,10
13.0320100784,80.2113571167,51946,51956,10
13.0320596695,80.2106933594,51956,51966,10
13.032119751,80.2099227905,51966,51976,10
13.0318698883,80.2096328735,51976,51986,10
13.0312299728,80.2094421387,51986,52002,16
13.0300598145,80.2090835571,52002,52014,12
13.0295696259,80.2089385986,52014,52022,8
13.0295696259,80.2089385986,52022,52034,12
13.029540062,80.2089309692,52034,52044,10
13.0293302536,80.2088699341,52044,52054,10
13.0287799835,80.208732605,52054,52065,11
13.0280303955,80.2085189819,52065,52075,10
13.0274400711,80.2082366943,52075,52085,10
13.0269098282,80.2079162598,52085,52095,10
13.0262298584,80.2074966431,52095,52105,10
13.0254402161,80.2071990967,52105,52115,10
13.0245504379,80.20703125,52115,52124,9
13.0242795944,80.2069702148,52124,52135,11
13.0241498947,80.2069168091,52135,52145,10
13.0237398148,80.2068023682,52145,52156,11
13.0230503082,80.2066421509,52156,52166,10
13.0222597122,80.206489563,52166,52176,10
13.0214395523,80.2064437866,52176,52187,11
13.0203895569,80.2064437866,52187,52199,12
13.0190496445,80.2063293457,52199,52219,20
13.0190496445,80.2063293457,52219,52229,10
13.0188798904,80.2062988281,52229,52239,10
13.0184202194,80.2061004639,52239,52249,10
13.0177497864,80.2058563232,52249,52259,10
13.0173397064,80.2056808472,52259,52269,10
13.0170097351,80.2055206299,52269,52279,10
13.0162000656,80.2052230835,52279,52290,11
13.0152797699,80.2049331665,52290,52300,10
13.0143203735,80.2046279907,52300,52310,10
13.0142297745,80.2045974731,52310,52320,10
13.0139102936,80.2044830322,52320,52330,10
13.0136699677,80.2044219971,52330,52340,10
13.0135498047,80.2045288086,52340,52350,10
13.0134000778,80.2050018311,52350,52360,10
13.0132198334,80.2056427002,52360,52370,10
13.0130395889,80.2063980103,52370,52380,10
13.0129899979,80.2072067261,52380,52390,10
13.0129404068,80.2077178955,52390,52401,11
13.0128803253,80.2081604004,52401,52411,10
13.0128803253,80.2085418701,52411,52421,10
13.0129404068,80.208946228,52421,52431,10
13.0131597519,80.2095489502,52431,52441,10
13.0131597519,80.2100982666,52441,52451,10
13.0130395889,80.2108078003,52451,52461,10
13.0127000809,80.211517334,52461,52471,10
13.0123195648,80.2121734619,52471,52481,10
13.0119304657,80.2127532959,52481,52491,10
13.0116996765,80.2127685547,52491,52501,10
13.0113201141,80.2124710083,52501,52512,11
13.010720253,80.212020874,52512,52522,10
13.0100803375,80.211517334,52522,52532,10
13.0096797943,80.2112426758,52532,52562,30
13.0096797943,80.2112426758,52562,52572,10
13.0095500946,80.2111434937,52572,52582,10
13.009519577,80.2110977173,52582,52592,10
13.009349823,80.2110900879,52592,52602,10
13.0093002319,80.211151123,52602,52612,10
13.0090703964,80.2114334106,52612,52622,10
13.0091400146,80.2119293213,52622,52633,11
13.0093803406,80.212677002,52633,52643,10
13.0096302032,80.2133483887,52643,52653,10
13.0099000931,80.2140274048,52653,52663,10
13.0101499557,80.2147369385,52663,52673,10
13.0102596283,80.2155532837,52673,52683,10
13.0105800629,80.2164001465,52683,52693,10
13.0109300613,80.2171401978,52693,52703,10
13.0113801956,80.2182922363,52703,52713,10
13.0117301941,80.2192611694,52713,52723,10
13.012049675,80.2201919556,52723,52732,9
13.0123596191,80.221031189,52732,52742,10
13.0126800537,80.2215881348,52742,52754,12
13.0130796432,80.2221221924,52754,52764,10
13.0133600235,80.2224502563,52764,52774,10
13.0136995316,80.22290802,52774,52784,10
13.0139904022,80.2233428955,52784,52794,10
13.0141401291,80.2235031128,52794,52804,10
13.0145702362,80.2240829468,52804,52814,10
13.015080452,80.2247619629,52814,52824,10
13.0154399872,80.2252426147,52824,52834,10
13.015250206,80.2257766724,52834,52844,10
13.0146303177,80.226020813,52844,52854,10
13.0138597488,80.2263412476,52854,52864,10
13.0130596161,80.2266693115,52864,52875,11
13.0122203827,80.2270584106,52875,52885,10
13.0114803314,80.2273635864,52885,52895,10
13.0105800629,80.2276763916,52895,52905,10
13.0097198486,80.2278823853,52905,52915,10
13.00963974,80.2273635864,52915,52925,10
13.0099401474,80.2266769409,52925,52935,10
13.0102901459,80.2258682251,52935,52945,10
13.0106601715,80.2249679565,52945,52955,10
13.0110397339,80.2241592407,52955,52965,10
13.0112600327,80.2236022949,52965,52975,10
13.011300087,80.2233428955,52975,52986,11
13.0110797882,80.2230682373,52986,52996,10
13.0105400085,80.2228088379,52996,53006,10
13.0098400116,80.2224273682,53006,53016,10
13.0090799332,80.222038269,53016,53026,10
13.0083799362,80.2216491699,53026,53036,10
13.0075998306,80.2212219238,53036,53046,10
13.0068902969,80.2208404541,53046,53056,10
13.0064897537,80.2206573486,53056,53066,10
13.0058603287,80.2205200195,53066,53076,10
13.0050296783,80.2203292847,53076,53086,10
13.0041704178,80.2201309204,53086,53096,10
13.0030498505,80.2198410034,53096,53107,11
13.0021295547,80.2191696167,53107,53117,10
13.0014400482,80.2184829712,53117,53127,10
13.0005998611,80.2179336548,53127,53137,10
12.9997596741,80.2173995972,53137,53147,10
12.9990797043,80.2170028687,53147,53157,10
12.9982404709,80.2166290283,53157,53167,10
12.997590065,80.2165222168,53167,53177,10
12.9975004196,80.2165222168,53177,53187,10
12.9970703125,80.2165222168,53187,53197,10
12.9963502884,80.2165985107,53197,53207,10
12.9951400757,80.2169876099,53207,53228,21
12.9951400757,80.2169876099,53228,53238,10
12.9949102402,80.2171401978,53238,53248,10
12.9945201874,80.2174224854,53248,53258,10
12.9940795898,80.2177581787,53258,53268,10
12.9935998917,80.2181015015,53268,53278,10
12.9929599762,80.218536377,53278,53288,10
12.9922599792,80.2190628052,53288,53298,10
12.9916095734,80.219581604,53298,53308,10
12.9911298752,80.2195205688,53308,53318,10
12.9910097122,80.2194366455,53318,53328,10
12.9906101227,80.219291687,53328,53339,11
12.9898796082,80.2190475464,53339,53349,10
12.9890499115,80.21875,53349,53359,10
12.9880895615,80.218460083,53359,53369,10
12.9873304367,80.2183380127,53369,53379,10
12.9871101379,80.2183074951,53379,53389,10
12.9869203568,80.2182693481,53389,53399,10
12.9864196777,80.2181472778,53399,53409,10
12.9856395721,80.2179794312,53409,53419,10
12.9846801758,80.217956543,53419,53429,10
12.9839897156,80.2179794312,53429,53439,10
12.9838399887,80.2179794312,53439,53449,10
12.9833498001,80.2179870605,53449,53460,11
12.9825496674,80.2179794312,53460,53470,10
12.9816904068,80.2180023193,53470,53480,10
12.9807500839,80.2182617188,53480,53490,10
12.9799003601,80.2185821533,53490,53500,10
12.9792203903,80.2188720703,53500,53510,10
12.9786996841,80.2190704346,53510,53520,10
12.9781599045,80.2192382813,53520,53530,10
12.9774599075,80.2195281982,53530,53540,10
12.9765996933,80.2199020386,53540,53550,10
12.9757204056,80.2202987671,53550,53560,10
12.9755096436,80.2206420898,53560,53570,10
12.9756803513,80.2208862305,53570,53581,11
12.9760303497,80.2212982178,53581,53591,10
12.9762401581,80.2215805054,53591,53611,20
12.9762401581,80.2215805054,53611,53621,10
12.9763803482,80.2217788696,53621,53631,10
12.9765701294,80.2222290039,53631,53641,10
12.9768400192,80.2226409912,53641,53651,10
12.9772100449,80.2232513428,53651,53661,10
12.9776802063,80.2239532471,53661,53671,10
12.9781703949,80.2247467041,53671,53681,10
12.9785404205,80.2253265381,53681,53692,11
12.9786701202,80.2255477905,53692,53702,10
12.9789400101,80.226020813,53702,53712,10
12.9793195724,80.2266616821,53712,53722,10
12.9797697067,80.2273788452,53722,53732,10
12.9802598953,80.2282333374,53732,53742,10
12.9807500839,80.229057312,53742,53752,10
12.9812803268,80.2299118042,53752,53762,10
12.9816799164,80.230506897,53762,53772,10
12.9817495346,80.2306213379,53772,53782,10
12.9819097519,80.2310714722,53782,53792,10
12.982000351,80.2317428589,53792,53802,10
12.9819803238,80.2324905396,53802,53813,11
12.9816799164,80.2333068848,53813,53823,10
12.9815797806,80.2335510254,53823,53833,10
12.9814796448,80.233757019,53833,53843,10
12.9812402725,80.2343215942,53843,53853,10
12.9812002182,80.2351531982,53853,53863,10
12.9812402725,80.2361221313,53863,53873,10
12.9812602997,80.2371368408,53873,53883,10
12.981300354,80.2379608154,53883,53893,10
12.981300354,80.2386779785,53893,53923,30
12.981300354,80.2386779785,53923,53934,11
12.9812898636,80.2389831543,53934,53944,10
12.9812898636,80.2395401001,53944,53954,10
12.9813203812,80.2403411865,53954,53964,10
12.9813404083,80.2412567139,53964,53974,10
12.9813404083,80.2421264648,53974,53984,10
12.9813699722,80.2424621582,53984,53994,10
12.9813604355,80.2425537109,53994,54004,10
12.9813299179,80.243019104,54004,54014,10
12.9812803268,80.2437896729,54014,54024,10
12.9811601639,80.2446975708,54024,54034,10
12.9810304642,80.2457809448,54034,54044,10
12.980919838,80.2469329834,54044,54055,11
12.9808301926,80.2481536865,54055,54065,10
12.9807596207,80.2492599487,54065,54075,10
12.9805698395,80.2502975464,54075,54085,10
12.9803199768,80.2513198853,54085,54095,10
12.9801397324,80.2520675659,54095,54115,20
12.9801397324,80.2520675659,54115,54125,10
12.9800796509,80.252281189,54125,54135,10
12.9801797867,80.2525024414,54135,54145,10
12.9806098938,80.2526092529,54145,54155,10
12.981300354,80.252571106,54155,54165,10
12.9824399948,80.252532959,54165,54232,67
12.9824399948,80.252532959,54232,54243,11
12.9826002121,80.252456665,54243,54254,11
12.98279953,80.2524490356,54254,54264,10
12.9829397202,80.2524490356,54264,54274,10
12.9831199646,80.2524490356,54274,54284,10
12.9832201004,80.2524414063,54284,54295,11
12.9834003448,80.2524108887,54295,54305,10
12.9838495255,80.2523193359,54305,54345,40
12.9838495255,80.2523193359,54345,54355,10
12.9839801788,80.2522964478,54355,54365,10
12.9842596054,80.2522201538,54365,54375,10
12.984459877,80.252166748,54375,54385,10
12.9846200943,80.2521209717,54385,54395,10
12.984629631,80.2521209717,54395,54406,11
12.9848804474,80.2520675659,54406,54416,10
12.9854898453,80.2518920898,54416,54466,50
12.9856901169,80.2518463135,54466,54506,40
12.9856901169,80.2518463135,54506,54516,10
12.9857902527,80.2517700195,54516,54527,11
12.9860401154,80.251701355,54527,54537,10
12.9865398407,80.2516021729,54537,54547,10
12.9873695374,80.2514038086,54547,54668,121
12.9873695374,80.2514038086,54668,54678,10
12.9874696732,80.2513580322,54678,54688,10
12.9877796173,80.2513275146,54688,54698,10
12.9879703522,80.2517776489,54698,54708,10
12.9880399704,80.2522506714,54708,54718,10
12.9879302979,80.2530288696,54718,54727,9
12.9878501892,80.2539520264,54727,54737,10
12.9877595901,80.2548980713,54737,54748,11
12.9877300262,80.2551269531,54748,54759,11
12.987660408,80.2553405762,54759,54769,10
12.9876003265,80.2557830811,54769,54779,10
12.9875297546,80.2563323975,54779,54789,10
12.9874696732,80.2569732666,54789,54799,10
12.9874095917,80.2576980591,54799,54809,10
12.9873800278,80.2583389282,54809,54819,10
12.9873104095,80.2589492798,54819,54829,10
12.9872303009,80.2593307495,54829,54859,30
12.9872303009,80.2593307495,54859,54869,10
12.9872303009,80.2594909668,54869,54880,11
12.9871101379,80.2596206665,54880,54890,10
12.9868402481,80.2595825195,54890,55303,413
12.9865999222,80.2595367432,55303,55798,495
12.9865999222,80.2595367432,55798,55808,10
12.9865398407,80.2593612671,55808,55819,11
12.9868803024,80.2590866089,55819,55950,131
12.9868803024,80.2590866089,55950,55960,10
12.9872903824,80.2590484619,55960,55970,10
12.9873504639,80.2585678101,55970,55980,10
12.9874401093,80.2578582764,55980,55990,10
12.9875097275,80.2571334839,55990,56000,10
12.9875802994,80.2561721802,56000,56050,50
12.9875802994,80.2561721802,56050,56061,11
12.987569809,80.2557373047,56061,56071,10
12.9876804352,80.2550811768,56071,56081,10
12.9876899719,80.2548904419,56081,56091,10
12.9877004623,80.2548294067,56091,56101,10
12.9877595901,80.2544021606,56101,56111,10
12.987830162,80.2537002563,56111,56121,10
12.9878797531,80.2528533936,56121,56131,10
12.9878101349,80.2518615723,56131,56262,131
12.9878101349,80.2518615723,56262,56272,10
12.987859726,80.251663208,56272,56282,10
12.9874095917,80.2515792847,56282,56293,11
12.986579895,80.251739502,56293,56303,10
12.9856595993,80.2519607544,56303,56313,10
12.9846000671,80.2522583008,56313,56323,10
12.9834804535,80.2525482178,56323,56333,10
12.982339859,80.2526702881,56333,56343,10
12.9811897278,80.2527008057,56343,56353,10
12.9801197052,80.2527389526,56353,56363,10
12.9798498154,80.252571106,56363,56373,10
12.9798603058,80.252281189,56373,56383,10
12.9798898697,80.2521972656,56383,56393,10
12.9799404144,80.2519836426,56393,56403,10
12.9801197052,80.2515869141,56403,56414,11
12.9803304672,80.2508621216,56414,56424,10
12.9805402756,80.250038147,56424,56434,10
12.9806804657,80.2490997314,56434,56444,10
12.9807500839,80.2481079102,56444,56454,10
12.9808301926,80.2471313477,56454,56464,10
12.9809398651,80.2461090088,56464,56474,10
12.9810400009,80.2452011108,56474,56484,10
12.9811000824,80.2445831299,56484,56494,10
12.9811201096,80.2443771362,56494,56514,20
12.9811201096,80.2441711426,56514,56575,61
12.9811201096,80.2441711426,56575,56585,10
12.9811697006,80.2437667847,56585,56595,10
12.9812803268,80.2436218262,56595,56605,10
12.9813404083,80.2430496216,56605,56635,30
12.9813404083,80.2430496216,56635,56646,11
12.9813404083,80.2428665161,56646,56656,10
12.9813404083,80.2428588867,56656,56666,10
12.9813404083,80.2425384521,56666,56676,10
12.9813203812,80.2420120239,56676,56686,10
12.9813299179,80.2412796021,56686,56696,10
12.9813098907,80.2404098511,56696,56706,10
12.981300354,80.2398300171,56706,56726,20
12.981300354,80.2398300171,56726,56736,10
12.981300354,80.2394485474,56736,56746,10
12.9812803268,80.238822937,56746,56756,10
12.9812602997,80.2380599976,56756,56767,11
12.9812498093,80.2379608154,56767,56777,10
12.9812297821,80.2377471924,56777,56787,10
12.9812202454,80.237197876,56787,56797,10
12.9812002182,80.2364273071,56797,56807,10
12.9811697006,80.2355194092,56807,56817,10
12.9811601639,80.2345581055,56817,56827,10
12.9814300537,80.2336730957,56827,56837,10
12.9815998077,80.2333297729,56837,56847,10
12.9816598892,80.2331924438,56847,56857,10
12.9818401337,80.2328033447,56857,56867,10
12.9819803238,80.2322921753,56867,56876,9
12.9819402695,80.2320175171,56876,56888,12
12.9819202423,80.2314910889,56888,56898,10
12.9818401337,80.2310714722,56898,56908,10
12.9815797806,80.2305603027,56908,56918,10
12.9812002182,80.2299194336,56918,56928,10
12.9808797836,80.2294006348,56928,56938,10
12.9807195663,80.2291412354,56938,56948,10
12.9806003571,80.2289428711,56948,56958,10
12.9805603027,80.2288894653,56958,56968,10
12.9803304672,80.2285308838,56968,56978,10
12.9802398682,80.2282791138,56978,56988,10
12.9799699783,80.2278289795,56988,56998,10
12.9795799255,80.2271728516,56998,57009,11
12.979060173,80.2263031006,57009,57019,10
12.9786100388,80.2255630493,57019,57029,10
12.9782304764,80.224937439,57029,57039,10
12.9779195786,80.2245178223,57039,57049,10
12.977640152,80.2240524292,57049,57059,10
12.9773397446,80.2235412598,57059,57069,10
12.9770097733,80.2229995728,57069,57079,10
12.9767503738,80.2225570679,57079,57089,10
12.9763898849,80.2219772339,57089,57099,10
12.9760103226,80.2214736938,57099,57109,10
12.9757299423,80.2211608887,57109,57140,31
12.9757299423,80.2211608887,57140,57150,10
12.9755001068,80.2209472656,57150,57200,50
12.9755001068,80.2209472656,57200,57210,10
12.975399971,80.2208175659,57210,57220,10
12.9753303528,80.2205429077,57220,57230,10
12.9754495621,80.2204208374,57230,57241,11
12.9757499695,80.220199585,57241,57251,10
12.976269722,80.2199401855,57251,57261,10
12.9769697189,80.2196426392,57261,57271,10
12.9777803421,80.219329834,57271,57281,10
12.9784803391,80.2190628052,57281,57291,10
12.9789896011,80.2188720703,57291,57301,10
12.9796199799,80.2186203003,57301,57311,10
12.9802999496,80.2183609009,57311,57321,10
12.9811000824,80.2180709839,57321,57331,10
12.9820404053,80.2178573608,57331,57341,10
12.9829702377,80.2178421021,57341,57351,10
12.9837503433,80.2178192139,57351,57362,11
12.9838399887,80.2178192139,57362,57372,10
12.9842195511,80.2178192139,57372,57382,10
12.9848899841,80.2178115845,57382,57392,10
12.9856996536,80.2178573608,57392,57402,10
12.9873504639,80.2182235718,57402,57430,28
12.9873504639,80.2182235718,57430,57439,9
12.9876098633,80.2182769775,57439,57450,11
12.9881896973,80.2184066772,57450,57460,10
12.9889202118,80.2186126709,57460,57470,10
12.989780426,80.2189102173,57470,57481,11
12.9908504486,80.2192611694,57481,57491,10
12.9917097092,80.2194137573,57491,57501,10
12.9923696518,80.218963623,57501,57511,10
12.993060112,80.218421936,57511,57521,10
12.9935703278,80.2180633545,57521,57530,9
12.9939699173,80.2177886963,57530,57541,11
12.9941902161,80.2176589966,57541,57551,10
12.9944801331,80.2174301147,57551,57561,10
12.9947004318,80.2172775269,57561,57572,11
12.994799614,80.2171936035,57572,57582,10
12.9949302673,80.217086792,57582,57593,11
12.9954099655,80.2167892456,57593,57603,10
12.9961299896,80.2165908813,57603,57613,10
12.9969902039,80.2164764404,57613,57623,10
12.9974498749,80.2161331177,57623,57633,10
12.9975204468,80.2160568237,57633,57643,10
12.9977302551,80.2158966064,57643,57653,10
12.9981298447,80.2155303955,57653,57663,10
12.9987001419,80.2149887085,57663,57673,10
12.9991397858,80.2146606445,57673,57683,10
12.9995098114,80.2143173218,57683,57693,10
12.9999103546,80.2139892578,57693,57703,10
13.000459671,80.2134933472,57703,57714,11
13.0011396408,80.2129516602,57714,57724,10
13.0018396378,80.2124710083,57724,57734,10
13.0022602081,80.2122497559,57734,57744,10
13.0026102066,80.2121429443,57744,57754,10
13.0030498505,80.2120666504,57754,57764,10
13.0035495758,80.2119598389,57764,57774,10
13.0036001205,80.2119293213,57774,57784,10
13.0036802292,80.2115707397,57784,57794,10
13.0036401749,80.2109222412,57794,57804,10
13.0035600662,80.2102203369,57804,57814,10
13.0035295486,80.209487915,57814,57824,10
13.0037298203,80.208732605,57824,57835,11
13.0045700073,80.2088775635,57835,57845,10
13.0053901672,80.2092437744,57845,57855,10
13.0060396194,80.2094802856,57855,57865,10
13.0064401627,80.209602356,57865,57875,10
13.0070199966,80.209777832,57875,57885,10
13.0074100494,80.2098312378,57885,57905,20
13.0074100494,80.2098312378,57905,57915,10
13.0076503754,80.2098999023,57915,57925,10
13.0081100464,80.2099761963,57925,57935,10
13.0080900192,80.2095718384,57935,57945,10
13.0079603195,80.2088623047,57945,57956,11
13.0078201294,80.207901001,57956,57966,10
13.0076999664,80.207069397,57966,57976,10
13.0075798035,80.2062530518,57976,57986,10
13.0074996948,80.2053375244,57986,57996,10
13.0074996948,80.2045516968,57996,58006,10
13.0074396133,80.2038803101,58006,58016,10
13.0073299408,80.2031478882,58016,58026,10
13.0069799423,80.2025299072,58026,58036,10
13.0065202713,80.2029418945,58036,58046,10
13.0069904327,80.2034378052,58046,58056,10
13.0077295303,80.203666687,58056,58067,11
13.008769989,80.2036514282,58067,58077,10
13.0097198486,80.2035903931,58077,58087,10
13.0106801987,80.2035903931,58087,58097,10
13.0116300583,80.2036972046,58097,58107,10
13.0125198364,80.2038497925,58107,58117,10
13.0132904053,80.2040634155,58117,58127,10
13.0138998032,80.2042617798,58127,58137,10
13.014550209,80.204498291,58137,58147,10
13.0146999359,80.2045669556,58147,58157,10
13.0148496628,80.2045974731,58157,58167,10
13.0149297714,80.2046432495,58167,58177,10
13.015080452,80.2046966553,58177,58188,11
13.0156097412,80.2048873901,58188,58198,10
13.0163002014,80.2052001953,58198,58208,10
13.0170297623,80.2053222656,58208,58218,10
13.017780304,80.2055892944,58218,58228,10
13.0185203552,80.2058792114,58228,58238,10
13.0186796188,80.2059326172,58238,58248,10
13.0189800262,80.2060394287,58248,58258,10
13.0195703506,80.2062072754,58258,58268,10
13.0203695297,80.2062835693,58268,58278,10
13.0213098526,80.2062835693,58278,58288,10
13.0221300125,80.2063369751,58288,58298,10
13.0230197906,80.2064590454,58298,58309,11
13.0240001678,80.2066116333,58309,58325,16
13.0244102478,80.206703186,58325,58337,12
13.0249700546,80.2068786621,58337,58347,10
13.0257501602,80.2071533203,58347,58357,10
13.0264797211,80.2075576782,58357,58367,10
13.0273199081,80.2080383301,58367,58377,10
13.0281600952,80.2084732056,58377,58387,10
13.0290403366,80.2087402344,58387,58397,10
13.0296697617,80.2088623047,58397,58406,9
13.0299701691,80.2089385986,58406,58416,10
13.0299797058,80.2089385986,58416,58427,11
13.030090332,80.2089691162,58427,58438,11
13.0304403305,80.2090682983,58438,58448,10
13.0310401917,80.2092666626,58448,58458,10
13.0316400528,80.2094421387,58458,58468,10
13.0318002701,80.2095184326,58468,58478,10
13.0322504044,80.2095794678,58478,58488,10
13.0329999924,80.2097396851,58488,58498,10
13.0338697433,80.2099533081,58498,58508,10
13.0347995758,80.2101135254,58508,58518,10
13.0350399017,80.2105331421,58518,58528,10
13.0350399017,80.2113418579,58528,58549,21
13.0350399017,80.2113418579,58549,58559,10
13.0349597931,80.2115402222,58559,58569,10
13.0348997116,80.2119293213,58569,58579,10
13.0349597931,80.2121810913,58579,58589,10
13.0353498459,80.2122497559,58589,58605,16
13.0363502502,80.2123184204,58605,58617,12
13.0369596481,80.2123413086,58617,58625,8
13.0374202728,80.2123413086,58625,58637,12
13.0381698608,80.2123413086,58637,58647,10
13.0388002396,80.2123031616,58647,58657,10
13.039560318,80.2123184204,58657,58668,11
13.0406799316,80.2122497559,58668,58678,10
13.0416002274,80.2122421265,58678,58688,10
13.0425300598,80.2122802734,58688,58698,10
13.0436897278,80.2122192383,58698,58758,60
13.0436897278,80.2122192383,58758,58768,10
13.043800354,80.2122192383,58768,58779,11
13.0441799164,80.2122573853,58779,58789,10
13.0446300507,80.2122573853,58789,58799,10
13.0452299118,80.2122421265,58799,58809,10
13.0459098816,80.2122497559,58809,58819,10
13.046500206,80.2122268677,58819,58829,10
13.0472002029,80.2121734619,58829,58839,10
13.048330307,80.2120437622,58839,58859,20
13.048330307,80.2120437622,58859,58869,10
13.0485296249,80.2120132446,58869,58879,10
13.0488796234,80.2119827271,58879,58889,10
13.0490598679,80.2119598389,58889,58905,16
13.0495700836,80.2119369507,58905,58918,13
13.0500402451,80.2119369507,58918,58928,10
13.0504999161,80.2119827271,58928,58938,10
13.0508699417,80.2120513916,58938,58946,8
13.0513296127,80.2120437622,58946,58957,11
13.052069664,80.2119903564,58957,58969,12
13.0525798798,80.2118682861,58969,58979,10
13.05327034,80.2116928101,58979,58989,10
13.0541095734,80.2114486694,58989,59000,11
13.0550298691,80.2113876343,59000,59010,10
13.0559396744,80.2114105225,59010,59021,11
13.0569696426,80.2114028931,59021,59031,10
13.0574903488,80.2114181519,59031,59041,10
13.0576200485,80.21144104,59041,59051,10
13.0581598282,80.2114562988,59051,59061,10
13.0587701797,80.2114868164,59061,59071,10
13.0591897964,80.2115097046,59071,59081,10
13.0598096848,80.2115631104,59081,59091,10
13.0605897903,80.2116165161,59091,59101,10
13.0614299774,80.2116394043,59101,59111,10
13.0622901917,80.2116394043,59111,59121,10
13.0630598068,80.2115325928,59121,59131,10
13.0632095337,80.2115020752,59131,59142,11
13.0634202957,80.2114562988,59142,59152,10
13.0639600754,80.2114486694,59152,59162,10
13.0646600723,80.2112503052,59162,59172,10
13.0654096603,80.2107620239,59172,59182,10
13.0659399033,80.2101898193,59182,59192,10
13.0665197372,80.2096786499,59192,59202,10
13.0670604706,80.2090606689,59202,59212,10
13.06731987,80.2087097168,59212,59222,10
13.0675802231,80.2083435059,59222,59232,10
13.0679702759,80.2077331543,59232,59242,10
13.0684499741,80.206993103,59242,59253,11
13.0690402985,80.2061004639,59253,59263,10
13.0693998337,80.2055206299,59263,59273,10
13.069560051,80.2052536011,59273,59283,10
13.0696897507,80.2049636841,59283,59293,10
13.0693998337,80.2048492432,59293,59303,10
13.0691299438,80.2052383423,59303,59313,10
13.068810463,80.205329895,59313,59323,10
13.0685300827,80.2052001953,59323,60231,908
13.0685300827,80.2052001953,60231,60241,10
13.0680999756,80.2051620483,60241,60755,514
13.0681400299,80.2050018311,60755,60775,20
13.0681400299,80.2050018311,60775,60786,11
13.068479538,80.2049179077,60786,60796,10
13.0688800812,80.2047576904,60796,60806,10
13.0693798065,80.204750061,60806,60816,10
13.0697402954,80.2048568726,60816,60826,10
13.0697603226,80.2053527832,60826,60836,10
13.0693902969,80.2059707642,60836,60846,10
13.0690402985,80.2065505981,60846,60855,9
13.0684995651,80.2074203491,60855,60866,11
13.0679998398,80.2082519531,60866,60876,10
13.0677204132,80.2087402344,60876,60886,10
13.0676403046,80.2088775635,60886,60897,11
13.0673599243,80.2093582153,60897,60907,10
13.0669202805,80.2099380493,60907,60917,10
13.0663404465,80.2104415894,60917,60927,10
13.0656700134,80.2109832764,60927,60937,10
13.0651197433,80.2113876343,60937,60947,10
13.0650997162,80.2114028931,60947,60957,10
13.0649995804,80.2114486694,60957,60967,10
13.0649404526,80.211479187,60967,60977,10
13.0645399094,80.2116317749,60977,60987,10
13.0638904572,80.2117767334,60987,60997,10
13.0630502701,80.2118301392,60997,61007,10
13.0622997284,80.2118606567,61007,61018,11
13.0613803864,80.2118377686,61018,61028,10
13.0605201721,80.2117996216,61028,61038,10
13.0596399307,80.2117614746,61038,61048,10
13.0587797165,80.2117233276,61048,61058,10
13.0581798553,80.2116928101,61058,61068,10
13.0576601028,80.2116928101,61068,61078,10
13.0576496124,80.2116928101,61078,61088,10
13.0573596954,80.2117080688,61088,61098,10
13.0568599701,80.2117004395,61098,61108,10
13.0561704636,80.2116928101,61108,61118,10
13.0553302765,80.2116699219,61118,61128,10
13.0544300079,80.2116775513,61128,61139,11
13.0533704758,80.2119216919,61139,61149,10
13.0525798798,80.2121276855,61149,61159,10
13.0521602631,80.2122497559,61159,61175,16
13.0515604019,80.2123336792,61175,61187,12
13.0509595871,80.2122192383,61187,61217,30
13.0509595871,80.2122192383,61217,61229,12
13.0504903793,80.2122192383,61229,61239,10
13.0499601364,80.2122268677,61239,61249,10
13.0495700836,80.2122421265,61249,61270,21
13.0495700836,80.2122421265,61270,61280,10
13.0494804382,80.2122116089,61280,61289,9
13.0491104126,80.2121810913,61289,61300,11
13.0483999252,80.2122421265,61300,61310,10
13.0475997925,80.2123184204,61310,61320,10
13.0467596054,80.2124023438,61320,61329,9
13.0458202362,80.2124404907,61329,61342,13
13.0444803238,80.2124786377,61342,61352,10
13.0435400009,80.2124481201,61352,61362,10
13.0424499512,80.2124404907,61362,61373,11
13.0412998199,80.2124481201,61373,61383,10
13.0402603149,80.2124862671,61383,61393,10
13.0392103195,80.2124786377,61393,61403,10
13.0381803513,80.2124786377,61403,61413,10
13.0375995636,80.2124786377,61413,61463,50
13.0375995636,80.2124786377,61463,61473,10
13.0375003815,80.2124710083,61473,61483,10
13.0371103287,80.2124328613,61483,61494,11
13.0364904404,80.2123794556,61494,61503,9
13.03606987,80.2123794556,61503,61514,11
13.0354404449,80.2123565674,61514,61524,10
13.0352802277,80.2123413086,61524,61534,10
13.0350799561,80.2123184204,61534,61544,10
13.0347700119,80.2122802734,61544,61554,10
13.0345401764,80.2122192383,61554,61564,10
13.034070015,80.2121429443,61564,61594,30
13.034070015,80.2121429443,61594,61605,11
13.0338897705,80.212097168,61605,61615,10
13.0337200165,80.212059021,61615,61625,10
13.0334100723,80.2119674683,61625,61635,10
13.0328302383,80.2118606567,61635,61645,10
13.0320901871,80.2117233276,61645,61655,10
13.0320396423,80.2110214233,61655,61665,10
13.0320596695,80.2101669312,61665,61675,10
13.0318803787,80.2096328735,61675,61685,10
13.0312299728,80.2094268799,61685,61695,10
13.0304603577,80.2092208862,61695,61704,9
13.0299100876,80.2090530396,61704,61715,11
13.0296201706,80.2089691162,61715,61726,11
13.029540062,80.2089614868,61726,61736,10
13.0291795731,80.2088394165,61736,61746,10
13.0287904739,80.2087478638,61746,61756,10
13.0283498764,80.2086181641,61756,61766,10
13.0277900696,80.208442688,61766,61776,10
13.0271596909,80.2080764771,61776,61786,10
13.0264396667,80.207649231,61786,61796,10
13.0256996155,80.2072067261,61796,61806,10
13.0248298645,80.2070236206,61806,61816,10
13.0243196487,80.2069091797,61816,61826,10
13.0242204666,80.2068862915,61826,61836,10
13.0238399506,80.2068023682,61836,61847,11
13.0232200623,80.2066726685,61847,61857,10
13.0225000381,80.2065505981,61857,61867,10
13.0217103958,80.206489563,61867,61877,10
13.0208501816,80.2064971924,61877,61887,10
13.0198898315,80.2065124512,61887,61897,10
13.0191698074,80.2064208984,61897,61907,10
13.0191402435,80.2063903809,61907,61917,10
13.0189399719,80.2062988281,61917,61927,10
13.0184202194,80.2061233521,61927,61937,10
13.017780304,80.205909729,61937,61947,10
13.0175199509,80.2057800293,61947,61957,10
13.0171203613,80.205619812,61957,61968,11
13.0167303085,80.2054290771,61968,61978,10
13.0160303116,80.205291748,61978,61988,10
13.0152797699,80.2050476074,61988,61998,10
13.0142202377,80.2046508789,61998,62018,20
13.0142202377,80.2046508789,62018,62028,10
13.0139198303,80.2045211792,62028,62038,10
13.0135803223,80.2045288086,62038,62048,10
13.0134601593,80.2049636841,62048,62058,10
13.0132398605,80.205619812,62058,62068,10
13.0130395889,80.2063980103,62068,62078,10
13.0129804611,80.2072906494,62078,62095,17
13.0128803253,80.2080612183,62095,62107,12
13.0128898621,80.2085800171,62107,62117,10
13.0129404068,80.2089080811,62117,62127,10
13.013130188,80.2095794678,62127,62137,10
13.0131797791,80.2100982666,62137,62145,8
13.0131502151,80.2105026245,62145,62156,11
13.0129499435,80.211151123,62156,62167,11
13.0126199722,80.2117462158,62167,62177,10
13.0124902725,80.2119827271,62177,62187,10
13.0122299194,80.212348938,62187,62198,11
13.0119199753,80.2127685547,62198,62208,10
13.0117902756,80.212852478,62208,62218,10
13.0115003586,80.212638855,62218,62228,10
13.0110502243,80.2123031616,62228,62238,10
13.0104503632,80.2118377686,62238,62248,10
13.0099201202,80.2114181519,62248,62258,10
13.0095701218,80.2111434937,62258,62298,40
13.0095701218,80.2111434937,62298,62308,10
13.0093803406,80.2110519409,62308,62319,11
13.009349823,80.2110519409,62319,62329,10
13.0092201233,80.2112426758,62329,62339,10
13.0090703964,80.21144104,62339,62349,10
13.0090198517,80.2116622925,62349,62359,10
13.0091295242,80.2120285034,62359,62369,10
13.0093097687,80.212562561,62369,62379,10
13.0094995499,80.2130432129,62379,62389,10
13.0096902847,80.213508606,62389,62399,10
13.0098800659,80.2139892578,62399,62409,10
13.0100898743,80.2144927979,62409,62419,10
13.0101995468,80.2151031494,62419,62429,10
13.0103597641,80.2158966064,62429,62440,11
13.0107803345,80.2168579102,62440,62450,10
13.0111999512,80.2178268433,62450,62460,10
13.011590004,80.2189025879,62460,62476,16
13.0121297836,80.2205276489,62476,62488,12
13.0125799179,80.221496582,62488,62498,10
13.0128602982,80.2219467163,62498,62508,10
13.013469696,80.2226409912,62508,62518,10
13.0140199661,80.2233200073,62518,62528,10
13.0143404007,80.2237625122,62528,62538,10
13.014749527,80.2242736816,62538,62548,10
13.0152902603,80.2249832153,62548,62559,11
13.0154695511,80.225479126,62559,62569,10
13.0151500702,80.2258834839,62569,62580,11
13.01445961,80.2261428833,62580,62590,10
13.0136995316,80.2264404297,62590,62600,10
13.012840271,80.2267913818,62600,62610,10
13.0118598938,80.227180481,62610,62620,10
13.0108499527,80.2275924683,62620,62630,10
13.0099697113,80.2279434204,62630,62640,10
13.0094900131,80.2276763916,62640,62650,10
13.0097198486,80.2271194458,62650,62660,10
13.0100297928,80.2264404297,62660,62671,11
13.0103597641,80.2256011963,62671,62681,10
13.0106496811,80.224937439,62681,62691,10
13.0108604431,80.2243728638,62691,62701,10
13.011059761,80.2238769531,62701,62711,10
13.0112199783,80.2233963013,62711,62721,10
13.0110197067,80.2230987549,62721,62731,10
13.0104398727,80.2227783203,62731,62741,10
13.0097799301,80.2223968506,62741,62751,10
13.0090904236,80.222038269,62751,62761,10
13.0084400177,80.2216262817,62761,62771,10
13.0076999664,80.2212524414,62771,62781,10
13.0068798065,80.2208175659,62781,62792,11
13.0058603287,80.2205123901,62792,62802,10
13.0049800873,80.2203063965,62802,62812,10
13.004119873,80.2201004028,62812,62822,10
13.0032100677,80.2198867798,62822,62832,10
13.0024404526,80.2194595337,62832,62842,10
13.0018997192,80.2188720703,62842,62852,10
13.0013799667,80.2184371948,62852,62862,10
13.0008296967,80.2180709839,62862,62872,10
13.0002202988,80.2176818848,62872,62882,10
12.9995603561,80.2172470093,62882,62892,10
12.9988203049,80.2168884277,62892,62902,10
12.9975299835,80.2165298462,62902,62933,31
12.9975299835,80.2165298462,62933,62943,10
12.9972896576,80.2165222168,62943,62953,10
12.9972000122,80.2165222168,62953,62963,10
12.9967699051,80.2165374756,62963,62973,10
12.9961004257,80.2166366577,62973,62983,10
12.9956703186,80.2167663574,62983,62993,10
12.995470047,80.2168426514,62993,63003,10
12.9952201843,80.2169799805,63003,63013,10
12.9949197769,80.2171707153,63013,63024,11
12.9944801331,80.2174835205,63024,63034,10
12.994099617,80.2177581787,63034,63044,10
12.993689537,80.2180480957,63044,63053,9
12.9931602478,80.2184295654,63053,63064,11
12.9924602509,80.2189483643,63064,63074,10
12.991900444,80.2193603516,63074,63084,10
12.9915704727,80.2195663452,63084,63094,10
12.9911603928,80.2194976807,63094,63104,10
12.9910802841,80.2194595337,63104,63114,10
12.9907999039,80.2193603516,63114,63124,10
12.9902496338,80.2191696167,63124,63134,10
12.9895095825,80.2189331055,63134,63145,11
12.988530159,80.2185821533,63145,63155,10
12.9876804352,80.2184295654,63155,63165,10
12.9869804382,80.2183227539,63165,63175,10
12.986869812,80.2182998657,63175,63185,10
12.9866600037,80.2182388306,63185,63195,10
12.986120224,80.2180786133,63195,63205,10
12.9852600098,80.2179794312,63205,63215,10
12.9843597412,80.2180023193,63215,63225,10
12.9840402603,80.2180099487,63225,63235,10
12.9839801788,80.2180099487,63235,63245,10
12.9835796356,80.2180175781,63245,63256,11
12.9828395844,80.2180175781,63256,63266,10
12.982000351,80.2180404663,63266,63276,10
12.9810600281,80.2182235718,63276,63286,10
12.9801197052,80.2185211182,63286,63296,10
12.9794197083,80.2188262939,63296,63306,10
12.9788103104,80.2190704346,63306,63316,10
12.9783201218,80.2192611694,63316,63326,10
12.9776496887,80.2195510864,63326,63336,10
12.9768295288,80.2199020386,63336,63346,10
12.975810051,80.2203598022,63346,63377,31
12.975810051,80.2203598022,63377,63393,16
12.9757204056,80.2203903198,63393,63405,12
12.9755001068,80.2206802368,63405,63415,10
12.9757099152,80.2210083008,63415,63425,10
12.9763803482,80.2218322754,63425,63445,20
12.9763803482,80.2218322754,63445,63455,10
12.9764499664,80.2220993042,63455,63465,10
12.976770401,80.2225875854,63465,63474,9
12.9771203995,80.2231521606,63474,63485,11
12.977640152,80.2239532471,63485,63496,11
12.9782304764,80.2248764038,63496,63506,10
12.978679657,80.2256317139,63506,63516,10
12.9791202545,80.2263412476,63516,63526,10
12.9794197083,80.2268371582,63526,63536,10
12.97976017,80.2274017334,63536,63546,10
12.9801502228,80.2280426025,63546,63556,10
12.9805002213,80.2286376953,63556,63566,10
12.9807500839,80.2290878296,63566,63576,10
12.9808998108,80.2293624878,63576,63586,10
12.9811096191,80.2296981812,63586,63596,10
12.9812898636,80.2300033569,63596,63606,10
12.9815702438,80.2304000854,63606,63617,11
12.981710434,80.2305908203,63617,63627,10
12.9818000793,80.2307815552,63627,63637,10
12.9819698334,80.2312774658,63637,63647,10
12.9820804596,80.2319793701,63647,63657,10
12.9820604324,80.232383728,63657,63667,10
12.9818601608,80.2330780029,63667,63687,20
12.9818601608,80.2330780029,63687,63697,10
12.9817800522,80.2332229614,63697,63707,10
12.9816703796,80.2334594727,63707,63717,10
12.9815998077,80.2336196899,63717,63728,11
12.9813404083,80.2341308594,63728,63738,10
12.9812202454,80.234916687,63738,63748,10
12.9812498093,80.235786438,63748,63758,10
12.9812898636,80.2368011475,63758,63768,10
12.9813098907,80.2376785278,63768,63778,10
12.9813203812,80.23802948,63778,63788,10
12.9813404083,80.2385406494,63788,63798,10
12.9813499451,80.2387237549,63798,63808,10
12.9813604355,80.2390365601,63808,63818,10
12.9813699722,80.2396316528,63818,63828,10
12.9813899994,80.2404022217,63828,63838,10
12.9813899994,80.2413024902,63838,63849,11
12.9814100266,80.2422637939,63849,63858,9
12.9814300537,80.2427215576,63858,63879,21
12.9814300537,80.2427215576,63879,63889,10
12.9814100266,80.2429885864,63889,63899,10
12.9813995361,80.2434387207,63899,63909,10
12.9813299179,80.2440185547,63909,63919,10
12.9812202454,80.2448196411,63919,63929,10
12.9811096191,80.2457580566,63929,63939,10
12.9809999466,80.2467727661,63939,63949,10
12.9809103012,80.247833252,63949,63959,10
12.9808397293,80.248840332,63959,63970,11
12.9806499481,80.2500610352,63970,63980,10
12.980389595,80.2511367798,63980,63990,10
12.9801902771,80.2519607544,63990,64000,10
12.9801502228,80.2521820068,64000,64010,10
12.9801397324,80.2521972656,64010,64020,10
12.980099678,80.2524490356,64020,64030,10
12.9803800583,80.2526626587,64030,64040,10
12.9809103012,80.2526626587,64040,64050,10
12.9816799164,80.2526397705,64050,64060,10
12.9826097488,80.2526168823,64060,64070,10
12.9834403992,80.2525100708,64070,64121,51
12.9834403992,80.2525100708,64121,64131,10
12.9834699631,80.2524795532,64131,64141,10
12.9838399887,80.2524032593,64141,64151,10
12.9844398499,80.252243042,64151,64161,10
12.9849796295,80.2520980835,64161,64171,10
12.9853801727,80.2519989014,64171,64181,10
12.9857797623,80.2519073486,64181,64191,10
12.986289978,80.2517776489,64191,64202,11
12.9869804382,80.2516021729,64202,64212,10
12.9874200821,80.2514724731,64212,64222,10
12.9878196716,80.251411438,64222,64232,10
12.9879398346,80.2516021729,64232,64242,10
12.9879598618,80.251739502,64242,64252,10
12.9879999161,80.2519073486,64252,64262,10
12.9880399704,80.2520599365,64262,64272,10
12.9880504608,80.2523880005,64272,64282,10
12.9879598618,80.2531661987,64282,64292,10
12.987859726,80.254119873,64292,64303,11
12.9878196716,80.2545928955,64303,64313,10
12.9877300262,80.2557525635,64313,64464,151
12.9877300262,80.2557525635,64464,64474,10
12.9876804352,80.2559204102,64474,64484,10
12.9876098633,80.256439209,64484,64494,10
12.9875602722,80.2571868896,64494,64504,10
12.9874897003,80.258140564,64504,64514,10
12.9872503281,80.2596130371,64514,64544,30
12.9872503281,80.2596130371,64544,64555,11
12.9871397018,80.2596588135,64555,64565,10
12.9870700836,80.2596282959,64565,64575,10
12.9870100021,80.2596282959,64575,64585,10
12.9867401123,80.2595825195,64585,64595,10
12.986579895,80.2594604492,64595,64605,10
12.9865903854,80.2593765259,64605,64615,10
12.9868898392,80.2591171265,64615,64776,161
12.9868898392,80.2591171265,64776,64787,11
12.9873199463,80.2591629028,64787,64797,10
12.9873695374,80.2589416504,64797,64807,10
12.9873895645,80.2587203979,64807,64817,10
12.9874095917,80.2584228516,64817,64826,9
12.9874401093,80.2581710815,64826,64836,10
12.9874801636,80.2576599121,64836,64847,11
12.9876098633,80.2565765381,64847,65019,172
12.9876098633,80.2565765381,65019,65029,10
12.9877195358,80.2562484741,65029,65039,10
12.9876899719,80.2559509277,65039,65049,10
12.9877700806,80.2551269531,65049,65079,30
12.9877700806,80.2551269531,65079,65089,10
12.9877796173,80.2548980713,65089,65099,10
12.987830162,80.2542877197,65099,65109,10
12.9878702164,80.2534713745,65109,65119,10
12.9879302979,80.2525482178,65119,65129,10
12.9877796173,80.2517166138,65129,65149,20
12.9877796173,80.2517166138,65149,65160,11
12.9873895645,80.2516174316,65160,65170,10
12.9871301651,80.251663208,65170,65180,10
12.9868202209,80.251739502,65180,65190,10
12.9862604141,80.2518768311,65190,65200,10
12.9854898453,80.2520675659,65200,65210,10
12.9845199585,80.2523498535,65210,65220,10
12.9834804535,80.2526092529,65220,65230,10
12.9824104309,80.2527236938,65230,65240,10
12.9814195633,80.2527389526,65240,65251,11
12.9806003571,80.2527694702,65251,65261,10
12.9802999496,80.2527770996,65261,65271,10
12.9799003601,80.2527618408,65271,65281,10
12.9798698425,80.2524185181,65281,65311,30
12.9798698425,80.2524185181,65311,65321,10
12.9799499512,80.2520599365,65321,65331,10
12.9801197052,80.2515869141,65331,65341,10
12.9803199768,80.2509002686,65341,65351,10
12.9805402756,80.2500610352,65351,65361,10
12.9806995392,80.2490615845,65361,65372,11
12.9807796478,80.2479629517,65372,65382,10
12.9808597565,80.2468566895,65382,65392,10
12.9809799194,80.2457580566,65392,65401,9
12.9810800552,80.2447891235,65401,65412,11
12.9811897278,80.2437362671,65412,65442,30
12.9811897278,80.2437362671,65442,65452,10
12.9813098907,80.243560791,65452,65462,10
12.9813203812,80.2433395386,65462,65472,10
12.9813203812,80.243019104,65472,65523,51
12.9813203812,80.243019104,65523,65533,10
12.9813404083,80.2427215576,65533,65543,10
12.9813604355,80.2425384521,65543,65553,10
12.9813699722,80.2423477173,65553,65563,10
12.9813404083,80.2420578003,65563,65579,16
12.9813499451,80.2412109375,65579,65591,12
12.9813404083,80.2407989502,65591,65600,9
12.9813404083,80.2402572632,65600,65612,12
12.9813404083,80.2396392822,65612,65622,10
12.981300354,80.2392578125,65622,65632,10
12.9812803268,80.2386169434,65632,65642,10
12.9812698364,80.2379684448,65642,65651,9
12.9812602997,80.237953186,65651,65662,11
12.9812602997,80.2375793457,65662,65672,10
12.9812402725,80.2369613647,65672,65682,10
12.9812297821,80.2361297607,65682,65692,10
12.9811897278,80.235206604,65692,65702,10
12.9811897278,80.2344970703,65702,65712,10
12.9812297821,80.2342605591,65712,65723,11
12.9813804626,80.2339019775,65723,65733,10
12.981590271,80.2334671021,65733,65743,10
12.9816904068,80.2332000732,65743,65753,10
12.981710434,80.2331390381,65753,65763,10
12.9817304611,80.2331008911,65763,65773,10
12.9818201065,80.2329177856,65773,65783,10
12.9818601608,80.2328109741,65783,65793,10
12.9819097519,80.2326583862,65793,65803,10
12.9819498062,80.2325286865,65803,65813,10
12.9819698334,80.2323379517,65813,65824,11
12.9819402695,80.232131958,65824,65834,10
12.9819297791,80.2316513062,65834,65844,10
12.9818601608,80.2312088013,65844,65854,10
12.9816999435,80.2308273315,65854,65864,10
12.9814300537,80.2303466797,65864,65874,10
12.9812097549,80.2299804688,65874,65884,10
12.9810400009,80.2297592163,65884,65894,10
12.9809799194,80.229637146,65894,65904,10
12.980890274,80.2294616699,65904,65914,10
12.9807701111,80.2292480469,65914,65924,10
12.9807500839,80.2292098999,65924,65934,10
12.9806404114,80.2290267944,65934,65951,17
12.9805202484,80.2287979126,65951,65963,12
12.9802999496,80.2283630371,65963,65973,10
12.9801101685,80.2280197144,65973,65983,10
12.9797897339,80.2275085449,65983,65993,10
12.9796104431,80.2272186279,65993,66003,10
12.9795198441,80.2270889282,66003,66013,10
12.9793701172,80.2268066406,66013,66023,10
12.9791002274,80.226348877,66023,66032,9
12.9786901474,80.2256622314,66032,66046,14
12.9781904221,80.2248535156,66046,66056,10
12.9780397415,80.2246322632,66056,66067,11
12.9777603149,80.2242202759,66067,66077,10
12.9774703979,80.2237319946,66077,66087,10
12.9771699905,80.2232666016,66087,66097,10
12.9769897461,80.2229614258,66097,66107,10
12.9768104553,80.22265625,66107,66117,10
12.9764795303,80.2221374512,66117,66140,23
12.9758396149,80.2212905884,66140,66162,22
12.9758396149,80.2212905884,66162,66172,10
12.9756498337,80.2210998535,66172,66182,10
12.9755601883,80.2210006714,66182,66193,11
12.975399971,80.2208328247,66193,66202,9
12.9753599167,80.2207107544,66202,66213,11
12.975399971,80.2206268311,66213,66223,10
12.975520134,80.2204666138,66223,66233,10
12.9756498337,80.2203598022,66233,66243,10
12.9759101868,80.2202377319,66243,66253,10
12.9764299393,80.2200088501,66253,66263,10
12.9771404266,80.2197113037,66263,66273,10
12.9779396057,80.2193832397,66273,66283,10
12.9785900116,80.2191314697,66283,66293,10
12.9791603088,80.2189102173,66293,66304,11
12.9798603058,80.2186431885,66304,66314,10
12.9802703857,80.218460083,66314,66324,10
12.9809103012,80.21824646,66324,66334,10
12.981590271,80.2180404663,66334,66344,10
12.9821996689,80.217956543,66344,66353,9
12.982460022,80.2179489136,66353,66364,11
12.9830102921,80.2179412842,66364,66374,10
12.9837198257,80.2179336548,66374,66383,9
12.9837799072,80.2179412842,66383,66393,10
12.9838104248,80.2179412842,66393,66404,11
12.9841995239,80.2179489136,66404,66415,11
12.9847698212,80.2179412842,66415,66425,10
12.9855098724,80.217956543,66425,66435,10
12.9863395691,80.2181167603,66435,66445,10
12.9870100021,80.2182617188,66445,66455,10
12.9873199463,80.2182998657,66455,66465,10
12.9873304367,80.2182998657,66465,66475,10
12.9874801636,80.2183380127,66475,66485,10
12.9877004623,80.2183990479,66485,66495,10
12.9882602692,80.2185134888,66495,66505,10
12.9890003204,80.2187194824,66505,66515,10
12.9907398224,80.2193069458,66515,66525,10
12.9913597107,80.2195205688,66525,66556,31
12.9913597107,80.2195205688,66556,66566,10
12.9914798737,80.2195129395,66566,66576,10
12.9917297363,80.2194595337,66576,66586,10
12.9920797348,80.2192382813,66586,66597,11
12.992650032,80.2188034058,66597,66605,8
12.9930801392,80.2184829712,66605,66617,12
12.9937200546,80.2180175781,66617,66627,10
12.9939002991,80.2179031372,66627,66637,10
12.9941396713,80.2177429199,66637,66646,9
12.994720459,80.2173233032,66646,66678,32
12.994720459,80.2173233032,66678,66688,10
12.9949102402,80.2172012329,66688,66698,10
12.9952697754,80.2169570923,66698,66708,10
12.9958095551,80.2167510986,66708,66718,10
12.9963302612,80.2166366577,66718,66728,10
12.9966897964,80.216583252,66728,66738,10
12.9970703125,80.2165527344,66738,66748,10
12.9973897934,80.2162780762,66748,66758,10
12.9974603653,80.216217041,66758,66769,11
12.9976196289,80.2161331177,66769,66779,10
12.9979000092,80.2158813477,66779,66789,10
12.9983596802,80.2154769897,66789,66799,10
12.9989299774,80.2150115967,66799,66809,10
12.9992303848,80.2147521973,66809,66819,10
12.9996004105,80.2144317627,66819,66829,10
13.0000200272,80.214050293,66829,66838,9
13.0004501343,80.2136383057,66838,66848,10
13.0010499954,80.2131500244,66848,66859,11
13.0017004013,80.2126617432,66859,66869,10
13.0021495819,80.2123718262,66869,66879,10
13.0023698807,80.2122573853,66879,66890,11
13.0029802322,80.2121582031,66890,66899,9
13.0035800934,80.212097168,66899,66920,21
13.0035800934,80.212097168,66920,66930,10
13.0037002563,80.2118835449,66930,66940,10
13.0036802292,80.2113494873,66940,66950,10
13.0036096573,80.2106781006,66950,66960,10
13.0035200119,80.2100219727,66960,66970,10
13.0035495758,80.209312439,66970,66980,10
13.003780365,80.2087097168,66980,66990,10
13.0042104721,80.208770752,66990,67001,11
13.0045404434,80.2089309692,67001,67011,10
13.0048999786,80.2090988159,67011,67021,10
13.0054397583,80.2093429565,67021,67041,20
13.0054397583,80.2093429565,67041,67051,10
13.0054998398,80.2093505859,67051,67061,10
13.0057897568,80.2094573975,67061,67071,10
13.0059404373,80.2095336914,67071,67111,40
13.0059404373,80.2095336914,67111,67122,11
13.0062103271,80.2096405029,67122,67132,10
13.006360054,80.2096862793,67132,67142,10
13.0066995621,80.2098007202,67142,67152,10
13.0073900223,80.2099075317,67152,67172,20
13.0073900223,80.2099075317,67172,67182,10
13.0076398849,80.2099685669,67182,67192,10
13.0079603195,80.2100372314,67192,67202,10
13.0081796646,80.2099914551,67202,67212,10
13.0080795288,80.2095336914,67212,67223,11
13.0079698563,80.2088165283,67223,67233,10
13.0078496933,80.2080001831,67233,67243,10
13.0076999664,80.2071304321,67243,67253,10
13.0075798035,80.2062835693,67253,67269,16
13.0074701309,80.2049331665,67269,67281,12
13.0074596405,80.2040863037,67281,67289,8
13.0073795319,80.2034378052,67289,67301,12
13.0071201324,80.2026367188,67301,67310,9
13.0065498352,80.2027816772,67310,67321,11
13.0066604614,80.2033081055,67321,67331,10
13.0071001053,80.2035827637,67331,67341,10
13.0076704025,80.203742981,67341,67352,11
13.0085601807,80.203742981,67352,67362,10
13.009519577,80.2036819458,67362,67372,10
13.010430336,80.203666687,67372,67382,10
13.0113801956,80.203742981,67382,67392,10
13.0123100281,80.2038803101,67392,67402,10
13.0135002136,80.2041625977,67402,67452,50
13.0135002136,80.2041625977,67452,67463,11
13.0138998032,80.2042694092,67463,67473,10
13.0144395828,80.2044677734,67473,67483,10
13.0148897171,80.2046203613,67483,67493,10
13.0149002075,80.2046203613,67493,67503,10
13.0151901245,80.2047195435,67503,67513,10
13.0157299042,80.2049026489,67513,67523,10
13.0161304474,80.2050170898,67523,67533,10
13.0163097382,80.2051086426,67533,67543,10
13.0165596008,80.2051467896,67543,67559,16
13.0170001984,80.2052383423,67559,67571,12
13.0174598694,80.2054595947,67571,67582,11
13.0176696777,80.2055969238,67582,67592,10
13.0181102753,80.2057723999,67592,67602,10
13.0185804367,80.205947876,67602,67612,10
13.0186796188,80.2059936523,67612,67620,8
13.018819809,80.2060470581,67620,67633,13
13.0194702148,80.2062606812,67633,67643,10
13.0201997757,80.2063217163,67643,67653,10
13.0209503174,80.2063293457,67653,67663,10
13.0214195251,80.2063293457,67663,67671,8
13.0217599869,80.2063293457,67671,67683,12
13.0223903656,80.2063827515,67683,67693,10
13.0231304169,80.2065200806,67693,67703,10
13.0238199234,80.2066116333,67703,67714,11
13.0240802765,80.2066421509,67714,67724,10
13.024189949,80.2066726685,67724,67733,9
13.0242795944,80.2067108154,67733,67744,11
13.0247402191,80.2068328857,67744,67754,10
13.02546978,80.2070388794,67754,67764,10
13.0261898041,80.2074127197,67764,67774,10
13.0268001556,80.2077713013,67774,67784,10
13.0273399353,80.2080993652,67784,67794,10
13.0276498795,80.2082901001,67794,67805,11
13.0278396606,80.2083969116,67805,67815,10
13.0281200409,80.2085037231,67815,67825,10
13.0285100937,80.2086410522,67825,67835,10
13.0288896561,80.208732605,67835,67845,10
13.0293502808,80.2088088989,67845,67855,10
13.0298995972,80.2089614868,67855,67865,10
13.0303201675,80.2090835571,67865,67875,10
13.0305995941,80.2091522217,67875,67885,10
13.0308103561,80.2092132568,67885,67895,10
13.0314998627,80.2093963623,67895,67915,20
13.0314998627,80.2093963623,67915,67932,17
13.0319795609,80.2095413208,67932,67944,12
13.0321302414,80.2095489502,67944,67954,10
13.0325202942,80.2096176147,67954,67964,10
13.0333795547,80.2097930908,67964,67974,10
13.0341796875,80.2099761963,67974,67984,10
13.0348596573,80.2101287842,67984,67994,10
13.035030365,80.2105102539,67994,68004,10
13.0349798203,80.2108001709,68004,68013,9
13.0349903107,80.2113418579,68013,68034,21
13.0349903107,80.2113418579,68034,68044,10
13.0349502563,80.2116928101,68044,68055,11
13.0349197388,80.2118988037,68055,68095,40
13.0349197388,80.2118988037,68095,68105,10
13.0349798203,80.2122421265,68105,68115,10
13.0353298187,80.212310791,68115,68125,10
13.0359296799,80.2123336792,68125,68155,30
13.0359296799,80.2123336792,68155,68166,11
13.0361795425,80.2123413086,68166,68176,10
13.0362195969,80.2123413086,68176,68186,10
13.0363702774,80.2123565674,68186,68196,10
13.0365896225,80.2124023438,68196,68206,10
13.0369796753,80.2124023438,68206,68216,10
13.0375795364,80.2124023438,68216,68226,10
13.0383501053,80.2124023438,68226,68236,10
13.0392398834,80.2123718262,68236,68246,10
13.0402498245,80.212348938,68246,68256,10
13.041270256,80.2123184204,68256,68266,10
13.0422897339,80.2123031616,68266,68297,31
13.0422897339,80.2123031616,68297,68307,10
13.0426902771,80.2123031616,68307,68317,10
13.0429296494,80.2123031616,68317,68327,10
13.0432701111,80.2123031616,68327,68337,10
13.0437002182,80.2122879028,68337,68347,10
13.0441102982,80.2122802734,68347,68357,10
13.0444803238,80.2122802734,68357,68367,10
13.0450401306,80.2122573853,68367,68377,10
13.0457296371,80.2122573853,68377,68387,10
13.0462398529,80.2122497559,68387,68398,11
13.0468797684,80.2122192383,68398,68408,10
13.047249794,80.2122116089,68408,68418,10
13.0474996567,80.2121810913,68418,68428,10
13.0477199554,80.2121582031,68428,68438,10
13.0479602814,80.2121276855,68438,68478,40
13.0479602814,80.2121276855,68478,68488,10
13.0481500626,80.2121810913,68488,68498,10
13.0482702255,80.2121429443,68498,68514,16
13.0486602783,80.2120819092,68514,68527,13
13.0491399765,80.2120437622,68527,68537,10
13.0492801666,80.2120513916,68537,68547,10
13.0495195389,80.212020874,68547,68557,10
13.0499000549,80.2119827271,68557,68577,20
13.0499000549,80.2119827271,68577,68587,10
13.0502195358,80.2119979858,68587,68597,10
13.0506296158,80.2120513916,68597,68607,10
13.0512304306,80.2121810913,68607,68617,10
13.0520401001,80.212059021,68617,68627,10
13.0526504517,80.2119216919,68627,68638,11
13.0535001755,80.2116699219,68638,68647,9
13.0539102554,80.2115631104,68647,68658,11
13.0542402267,80.211479187,68658,68668,10
13.0547103882,80.2114334106,68668,68678,10
13.0553503036,80.2114715576,68678,68688,10
13.0561800003,80.2115020752,68688,68698,10
13.0570402145,80.2114868164,68698,68708,10
13.0574903488,80.211479187,68708,68718,10
13.0575799942,80.2114486694,68718,68728,10
13.0580501556,80.2114868164,68728,68739,11
13.0588598251,80.211517334,68739,68749,10
13.059679985,80.2115783691,68749,68758,9
13.0605201721,80.2116012573,68758,68769,11
13.0614299774,80.2116317749,68769,68779,10
13.0621004105,80.2116012573,68779,68789,10
13.0633001328,80.2115402222,68789,68809,20
13.0633001328,80.2115402222,68809,68819,10
13.0636196136,80.2115707397,68819,68839,20
13.0636196136,80.2115707397,68839,68849,10
13.0637998581,80.2115478516,68849,68860,11
13.0642595291,80.211479187,68860,68870,10
13.064909935,80.2111968994,68870,68880,10
13.0656099319,80.2107009888,68880,68890,10
13.066280365,80.2101516724,68890,68900,10
13.0669498444,80.2094726563,68900,68910,10
13.0675096512,80.2085418701,68910,68920,10
13.0681400299,80.2075271606,68920,68930,10
13.0688199997,80.206489563,68930,68940,10
13.0692596436,80.2057418823,68940,68950,10
13.0695695877,80.2052230835,68950,68960,10
13.0694904327,80.2048492432,68960,68970,10
13.0690002441,80.205291748,68970,69031,61
13.0690002441,80.205291748,69031,69041,10
13.0689096451,80.2054672241,69041,69051,10
13.0686397552,80.2055282593,69051,69061,10
13.0680303574,80.2054519653,69061,69112,51
13.0680303574,80.2054519653,69112,69122,10
13.0678796768,80.2053222656,69122,69364,242
13.0678796768,80.2053222656,69364,69374,10
13.0681400299,80.205039978,69374,69424,50
13.0681400299,80.205039978,69424,69435,11
13.0685901642,80.2049789429,69435,69445,10
13.0689601898,80.2048492432,69445,69455,10
13.0693702698,80.2048568726,69455,69465,10
13.0695800781,80.2048873901,69465,69475,10
13.0697402954,80.2050018311,69475,69495,20
13.0697402954,80.2050018311,69495,69505,10
13.0698404312,80.2051696777,69505,69515,10
13.0696802139,80.2054901123,69515,69525,10
13.0693798065,80.2059783936,69525,69535,10
13.0690402985,80.2065124512,69535,69545,10
13.0686101913,80.2071990967,69545,69556,11
13.0681400299,80.2079620361,69556,69566,10
13.0676898956,80.208656311,69566,69576,10
13.0672702789,80.2093276978,69576,69586,10
13.0668201447,80.2099380493,69586,69596,10
13.0662603378,80.2104034424,69596,69606,10
13.0657997131,80.2107772827,69606,69616,10
13.0652999878,80.21118927,69616,69626,10
13.0652503967,80.2112197876,69626,69636,10
13.0652198792,80.2112808228,69636,69646,10
13.0650501251,80.2114028931,69646,69656,10
13.064740181,80.2115478516,69656,69666,10
13.0642299652,80.211730957,69666,69677,11
13.0637598038,80.2118301392,69677,69687,10
13.0632400513,80.2118530273,69687,69697,10
13.0627002716,80.2118835449,69697,69707,10
13.0621700287,80.2118682861,69707,69717,10
13.0617303848,80.2117767334,69717,69733,16
13.0604400635,80.2117996216,69733,69745,12
13.0595197678,80.211769104,69745,69753,8
13.0590400696,80.2117614746,69753,69765,12
13.0585203171,80.2117385864,69765,69775,10
13.0578603745,80.211730957,69775,69796,21
13.0578603745,80.211730957,69796,69806,10
13.0577898026,80.2117233276,69806,69816,10
13.0574998856,80.2117080688,69816,69826,10
13.0570201874,80.2117080688,69826,69836,10
13.0563497543,80.2117004395,69836,69846,10
13.0555696487,80.2117004395,69846,69857,11
13.0549097061,80.2117004395,69857,69867,10
13.054400444,80.2117233276,69867,69877,10
13.053850174,80.2118301392,69877,69886,9
13.0532999039,80.2119522095,69886,69897,11
13.0527000427,80.2120819092,69897,69908,11
13.0521097183,80.2122192383,69908,69918,10
13.0514602661,80.2122802734,69918,69928,10
13.0508298874,80.2122573853,69928,69938,10
13.0502996445,80.2122879028,69938,70019,81
13.0502996445,80.2122879028,70019,70029,10
13.0500297546,80.2122497559,70029,70039,10
13.0496101379,80.2122802734,70039,70089,50
13.0496101379,80.2122802734,70089,70099,10
13.0493602753,80.2122192383,70099,70109,10
13.0489797592,80.2122268677,70109,70119,10
13.048500061,80.2122802734,70119,70129,10
13.0479001999,80.2123413086,70129,70139,10
13.0474395752,80.2123794556,70139,70150,11
13.0470399857,80.2124099731,70150,70160,10
13.0467195511,80.2124176025,70160,70170,10
13.0463199615,80.2124404907,70170,70180,10
13.045920372,80.2124710083,70180,70190,10
13.0456695557,80.2124786377,70190,70200,10
13.045539856,80.2125015259,70200,70210,10
13.0453796387,80.2125015259,70210,70220,10
13.0452203751,80.2125167847,70220,70230,10
13.0450801849,80.2125167847,70230,70240,10
13.0448799133,80.2125167847,70240,70341,101
13.0448799133,80.2125167847,70341,70351,10
13.0445203781,80.2125320435,70351,70361,10
13.0440702438,80.2125091553,70361,70372,11
13.043680191,80.2124862671,70372,70382,10
13.0431098938,80.2124786377,70382,70392,10
13.0424604416,80.2124786377,70392,70402,10
13.0417804718,80.2125091553,70402,70412,10
13.0409698486,80.2125091553,70412,70422,10
13.0399904251,80.2125091553,70422,70432,10
13.0390300751,80.2125091553,70432,70442,10
13.0381803513,80.2125320435,70442,70523,81
13.0381803513,80.2125320435,70523,70533,10
13.0378198624,80.2125320435,70533,70543,10
13.0374603271,80.2125167847,70543,70553,10
13.0370101929,80.2124786377,70553,70563,10
13.0364704132,80.2124633789,70563,70573,10
13.0357999802,80.2124633789,70573,70583,10
13.0349302292,80.2124023438,70583,70604,21
13.0349302292,80.2124023438,70604,70614,10
13.0347299576,80.2123413086,70614,70624,10
13.0343999863,80.2122573853,70624,70634,10
13.0341300964,80.2122192383,70634,70644,10
13.034119606,80.2122192383,70644,70654,10
13.0340003967,80.2121963501,70654,70664,10
13.0336799622,80.2121200562,70664,70674,10
13.033200264,80.212020874,70674,70684,10
13.0325202942,80.2118988037,70684,70694,10
13.0319404602,80.2116928101,70694,70704,10
13.0319900513,80.2111434937,70704,70714,10
13.0320196152,80.210647583,70714,70725,11
13.0320596695,80.2101593018,70725,70735,10
13.0319795609,80.2097320557,70735,70745,10
13.0314998627,80.2095870972,70745,70755,10
13.03083992,80.2094421387,70755,70765,10
13.0303401947,80.2092971802,70765,70782,17
13.0301504135,80.2092590332,70782,70794,12
13.0301399231,80.2092514038,70794,70802,8
13.0299501419,80.2091903687,70802,70814,12
13.0296297073,80.2090988159,70814,70835,21
13.0296297073,80.2090988159,70835,70845,10
13.029299736,80.2089767456,70845,70855,10
13.0286998749,80.2088088989,70855,70864,9
13.0279903412,80.2086029053,70864,70875,11
13.027179718,80.2081832886,70875,70885,10
13.0263996124,80.2077178955,70885,70895,10
13.0255098343,80.2072296143,70895,70905,10
13.0245895386,80.2070617676,70905,70915,10
13.0241804123,80.2069778442,70915,70925,10
13.0240602493,80.2069625854,70925,70935,10
13.0236701965,80.2068405151,70935,70945,10
13.023059845,80.206703186,70945,70956,11
13.0223903656,80.2065811157,70956,70966,10
13.0218400955,80.2065200806,70966,70976,10
13.0213899612,80.20652771,70976,70986,10
13.0207004547,80.2065429688,70986,70996,10
13.0198602676,80.2065429688,70996,71006,10
13.0191802979,80.206451416,71006,71026,20
13.0191802979,80.206451416,71026,71036,10
13.0187501907,80.2063217163,71036,71046,10
13.0181102753,80.2061004639,71046,71062,16
13.0174503326,80.2058486938,71062,71075,13
13.0169095993,80.205619812,71075,71085,10
13.0164299011,80.205406189,71085,71095,10
13.0155601501,80.2051391602,71095,71105,10
13.0148296356,80.2048873901,71105,71115,10
13.0142698288,80.2046966553,71115,71124,9
13.0142498016,80.2046966553,71124,71135,11
13.0140695572,80.2046432495,71135,71145,10
13.0137796402,80.2045135498,71145,71155,10
13.0135402679,80.2046203613,71155,71165,10
13.0134401321,80.2049179077,71165,71174,9
13.013420105,80.2050094604,71174,71186,12
13.0133304596,80.2053222656,71186,71196,10
13.0131597519,80.2058334351,71196,71206,10
13.0129899979,80.2065429688,71206,71216,10
13.0129299164,80.2072982788,71216,71226,10
13.012840271,80.207862854,71226,71236,10
13.0128097534,80.2082901001,71236,71246,10
13.0128297806,80.208656311,71246,71256,10
13.0128898621,80.2091522217,71256,71266,10
13.0131101608,80.2097167969,71266,71276,10
13.0130701065,80.2102890015,71276,71286,10
13.0129203796,80.2110290527,71286,71296,10
13.0125703812,80.2117233276,71296,71307,11
13.0121898651,80.2123565674,71307,71317,10
13.0118999481,80.2127685547,71317,71327,10
13.0116500854,80.2128295898,71327,71337,10
13.011300087,80.2125778198,71337,71347,10
13.0107603073,80.2121810913,71347,71357,10
13.0102500916,80.2117767334,71357,71367,10
13.0097904205,80.2114334106,71367,71418,51
13.0094900131,80.2112121582,71418,71496,78
13.0094900131,80.2112121582,71496,71506,10
13.0091400146,80.2112731934,71506,71516,10
13.0090198517,80.21144104,71516,71526,10
13.0089502335,80.211730957,71526,71537,11
13.0091400146,80.212272644,71537,71547,10
13.0093097687,80.2127609253,71547,71557,10
13.0095901489,80.2135009766,71557,71566,9
13.0098304749,80.2140808105,71566,71577,11
13.0101003647,80.2148284912,71577,71587,10
13.0101995468,80.2156066895,71587,71597,10
13.0104799271,80.2163467407,71597,71607,10
13.0108098984,80.217048645,71607,71616,9
13.0111703873,80.2178192139,71616,71627,11
13.0114803314,80.218711853,71627,71637,10
13.0117702484,80.2195587158,71637,71647,10
13.0120096207,80.2203216553,71647,71657,10
13.0122804642,80.2210769653,71657,71668,11
13.0125198364,80.2215576172,71668,71678,10
13.0127496719,80.2219696045,71678,71688,10
13.0132102966,80.2224884033,71688,71698,10
13.0136604309,80.2230377197,71698,71708,10
13.0139503479,80.2235412598,71708,71718,10
13.0143203735,80.2240219116,71718,71728,10
13.0148601532,80.2247009277,71728,71738,10
13.0153398514,80.2252807617,71738,71748,10
13.015370369,80.2253570557,71748,71758,10
13.0153598785,80.2255096436,71758,71769,11
13.0151500702,80.2259292603,71769,71779,10
13.0145797729,80.2261581421,71779,71789,10
13.0138502121,80.2264328003,71789,71799,10
13.0130195618,80.2267532349,71799,71809,10
13.0121202469,80.2271118164,71809,71819,10
13.0112304688,80.2274475098,71819,71829,10
13.0103302002,80.2277908325,71829,71839,10
13.0096302032,80.2279891968,71839,71849,10
13.0094499588,80.2276611328,71849,71859,10
13.0096702576,80.2272186279,71859,71869,10
13.0099496841,80.2265777588,71869,71879,10
13.0101900101,80.2259521484,71879,71890,11
13.0104198456,80.2253189087,71890,71900,10
13.0104799271,80.2252120972,71900,71910,10
13.0106601715,80.2248382568,71910,71920,10
13.0109300613,80.2242431641,71920,71930,10
13.0111999512,80.2235412598,71930,71940,10
13.0111398697,80.223197937,71940,71950,10
13.0108003616,80.2230224609,71950,71960,10
13.0103902817,80.2228393555,71960,71970,10
13.0103797913,80.2228393555,71970,71980,10
13.0100698471,80.2226715088,71980,71990,10
13.0096302032,80.222442627,71990,72001,11
13.0089597702,80.2220611572,72001,72011,10
13.0082902908,80.2217025757,72011,72021,10
13.0075502396,80.2212982178,72021,72031,10
13.006770134,80.2208786011,72031,72041,10
13.0058298111,80.2205963135,72041,72051,10
13.0048904419,80.2203979492,72051,72061,10
13.0041503906,80.2202224731,72061,72071,10
13.0031404495,80.2199935913,72071,72081,10
13.0023803711,80.2195892334,72081,72090,9
13.001830101,80.2189865112,72090,72100,10
13.0012397766,80.2184677124,72100,72111,11
13.0005302429,80.2179794312,72111,72121,10
12.9999504089,80.2176132202,72121,72132,11
12.999540329,80.2173614502,72132,72143,11
12.9993200302,80.2172393799,72143,72153,10
12.9988698959,80.2170410156,72153,72183,30
12.9988698959,80.2170410156,72183,72193,10
12.9987201691,80.2169570923,72193,72203,10
12.9984197617,80.2168197632,72203,72213,10
12.9983797073,80.2168121338,72213,72223,10
12.9979801178,80.2166671753,72223,72284,61
12.9979801178,80.2166671753,72284,72294,10
12.9975996017,80.2166290283,72294,72304,10
12.9975299835,80.2166213989,72304,72314,10
12.9973897934,80.2165985107,72314,72324,10
12.9971399307,80.2166137695,72324,72344,20
12.9971399307,80.2166137695,72344,72355,11
12.9968004227,80.2166213989,72355,72365,10
12.996629715,80.2166213989,72365,72375,10
12.9964799881,80.2166290283,72375,72385,10
12.9961595535,80.2166900635,72385,72395,10
12.9958496094,80.216758728,72395,72405,10
12.9954795837,80.2168731689,72405,72445,40
12.9954795837,80.2168731689,72445,72455,10
12.9951200485,80.2170181274,72455,72466,11
12.9949398041,80.2171401978,72466,72476,10
12.9945802689,80.217376709,72476,72486,10
12.9940795898,80.2177505493,72486,72496,10
12.9936504364,80.2180786133,72496,72505,9
12.9931201935,80.2184371948,72505,72516,11
12.9924497604,80.2189407349,72516,72525,9
12.9918498993,80.2193832397,72525,72536,11
12.9915504456,80.2196121216,72536,72546,10
12.991230011,80.2195968628,72546,72556,10
12.9910097122,80.2195129395,72556,72566,10
12.9907798767,80.2194213867,72566,72576,10
12.9904899597,80.2193222046,72576,72587,11
12.9898796082,80.2191009521,72587,72597,10
12.9891300201,80.2188415527,72597,72607,10
12.9882497787,80.2185592651,72607,72617,10
12.9875202179,80.2184371948,72617,72627,10
12.9870901108,80.2183685303,72627,72637,10
12.9869098663,80.2183380127,72637,72647,10
12.9868497849,80.2183303833,72647,72657,10
12.9864797592,80.2182235718,72657,72667,10
12.9858398438,80.2180633545,72667,72677,10
12.9849500656,80.2180023193,72677,72687,10
12.9841299057,80.2180404663,72687,72697,10
12.9839897156,80.2180404663,72697,72708,11
12.9837398529,80.2180175781,72708,72718,10
12.98320961,80.2180175781,72718,72728,10
12.982460022,80.2180175781,72728,72738,10
12.9815797806,80.2180633545,72738,72748,10
12.9806604385,80.2183303833,72748,72758,10
12.9798898697,80.2186203003,72758,72768,10
12.9792900085,80.2188720703,72768,72778,10
12.978770256,80.219078064,72778,72788,10
12.9783601761,80.21925354,72788,72798,10
12.9777603149,80.2194900513,72798,72808,10
12.9770202637,80.2198104858,72808,72818,10
12.9760198593,80.2202835083,72818,72867,49
12.9760198593,80.2202835083,72867,72877,10
12.9756202698,80.2204208374,72877,72886,9
12.9754695892,80.2206192017,72886,72897,11
12.9756498337,80.2210235596,72897,72907,10
12.9760103226,80.2213897705,72907,72916,9
12.9762496948,80.2217636108,72916,72938,22
12.9762496948,80.2217636108,72938,72948,10
12.9764099121,80.2221374512,72948,72958,10
12.9766798019,80.2225799561,72958,72968,10
12.976940155,80.2229537964,72968,72978,10
12.9771995544,80.2233810425,72978,72988,10
12.9774999619,80.2238006592,72988,72998,10
12.9778900146,80.2244110107,72998,73008,10
12.9782400131,80.2249679565,73008,73018,10
12.9785299301,80.2254333496,73018,73028,10
12.9788103104,80.2258987427,73028,73038,10
12.979180336,80.2265167236,73038,73048,10
12.9794597626,80.2269592285,73048,73059,11
12.9798297882,80.2275619507,73059,73069,10
12.980219841,80.2282333374,73069,73079,10
12.9806098938,80.2288894653,73079,73089,10
12.9808502197,80.2293014526,73089,73099,10
12.9809303284,80.2294616699,73099,73109,10
12.9811697006,80.2298431396,73109,73119,10
12.9815101624,80.2303466797,73119,73129,10
12.9816503525,80.2305603027,73129,73139,10
12.9817495346,80.230758667,73139,73149,10
12.9819002151,80.2312393188,73149,73159,10
12.9819898605,80.2319412231,73159,73170,11
12.9819402695,80.2325897217,73170,73180,10
12.9817199707,80.2332229614,73180,73190,10
12.981590271,80.2334976196,73190,73200,10
12.9815101624,80.2336807251,73200,73210,10
12.9812498093,80.2342071533,73210,73220,10
12.9811601639,80.2350082397,73220,73230,10
12.9811897278,80.2359695435,73230,73240,10
12.9812202454,80.2369613647,73240,73250,10
12.9812402725,80.2378768921,73250,73260,10
12.9812602997,80.2383575439,73260,73270,10
12.9812602997,80.238571167,73270,73280,10
12.9812698364,80.2386779785,73280,73291,11
12.9812698364,80.2391967773,73291,73301,10
12.9812803268,80.2397689819,73301,73311,10
12.981300354,80.2405166626,73311,73321,10
12.9813098907,80.2414016724,73321,73331,10
12.9813203812,80.2428512573,73331,73351,20
12.9813203812,80.2428512573,73351,73361,10
12.9813098907,80.243019104,73361,73371,10
12.981300354,80.2433776855,73371,73381,10
12.9812498093,80.2440032959,73381,73391,10
12.9811401367,80.2448120117,73391,73402,11
12.9810199738,80.2458190918,73402,73412,10
12.9808998108,80.2467575073,73412,73422,10
12.9808301926,80.2477111816,73422,73432,10
12.9807596207,80.2487030029,73432,73442,10
12.9806604385,80.249671936,73442,73452,10
12.9804801941,80.2505493164,73452,73462,10
12.9802398682,80.2514419556,73462,73472,10
12.9800796509,80.2520523071,73472,73482,10
12.980050087,80.2522964478,73482,73492,10
12.9800395966,80.2523117065,73492,73502,10
12.9800395966,80.2523498535,73502,73512,10
12.9800300598,80.2524490356,73512,73523,11
12.9802103043,80.2526168823,73523,73533,10
12.9806804657,80.2526473999,73533,73543,10
12.9813804626,80.2526168823,73543,73553,10
12.982219696,80.2526016235,73553,73563,10
12.9830598831,80.2525405884,73563,73573,10
12.9838895798,80.2523574829,73573,73583,10
12.9846200943,80.252166748,73583,73593,10
12.9852399826,80.2519989014,73593,73603,10
12.9858102798,80.2518310547,73603,73613,10
12.9862003326,80.2517318726,73613,73622,9
12.9864797592,80.2516708374,73622,73634,12
12.9869804382,80.2515411377,73634,73644,10
12.9874401093,80.251411438,73644,73654,10
12.9878196716,80.251411438,73654,73664,10
12.9878997803,80.2515869141,73664,73674,10
12.9878902435,80.2516174316,73674,73684,10
12.9879398346,80.2518920898,73684,73694,10
12.9879703522,80.2523803711,73694,73704,10
12.9878902435,80.2531890869,73704,73714,10
12.987830162,80.2539672852,73714,73724,10
12.9877901077,80.2546081543,73724,73906,182
12.9877901077,80.2546081543,73906,73916,10
12.987739563,80.2549133301,73916,73926,10
12.9877099991,80.2552490234,73926,73936,10
12.9876804352,80.2554779053,73936,73946,10
12.9876499176,80.2557830811,73946,73956,10
12.9875602722,80.2563018799,73956,73966,10
12.9875202179,80.2567672729,73966,73977,11
12.9874696732,80.2574234009,73977,73987,10
12.9874401093,80.2580718994,73987,73997,10
12.9874095917,80.2585296631,73997,74007,10
12.9873399734,80.2589035034,74007,74017,10
12.9872598648,80.2592086792,74017,74057,40
12.9872598648,80.2592086792,74057,74067,10
12.987159729,80.2595672607,74067,74087,20
12.987159729,80.2595672607,74087,74104,17
12.9870700836,80.2596282959,74104,74116,12
12.9868803024,80.2595596313,74116,74126,10
12.986700058,80.2595367432,74126,74136,10
12.9866600037,80.2595367432,74136,74146,10
12.986530304,80.2593078613,74146,74156,10
12.9865398407,80.2591323853,74156,74166,10
12.9867401123,80.2590332031,74166,75114,948
12.9867401123,80.2590332031,75114,75124,10
12.9870796204,80.2591934204,75124,75155,31
12.9870796204,80.2591934204,75155,75165,10
12.9873104095,80.2590789795,75165,75175,10
12.9873199463,80.2589111328,75175,75185,10
12.9873304367,80.2586975098,75185,75195,10
12.9873399734,80.2586517334,75195,75205,10
12.9873695374,80.2582626343,75205,75215,10
12.9874000549,80.2577514648,75215,75225,10
12.9874296188,80.2571563721,75225,75235,10
12.9874801636,80.2565078735,75235,75245,10
12.9875097275,80.2558364868,75245,75256,11
12.9876499176,80.2550964355,75256,75266,10
12.987660408,80.2549133301,75266,75276,10
12.9876899719,80.2547607422,75276,75286,10
12.987739563,80.2543029785,75286,75296,10
12.9877901077,80.253616333,75296,75306,10
12.9878501892,80.2527923584,75306,75316,10
12.9877500534,80.2516708374,75316,75346,30
12.9877500534,80.2516708374,75346,75356,10
12.9876003265,80.2515487671,75356,75366,10
12.9870996475,80.2516174316,75366,75377,11
12.9862804413,80.2518386841,75377,75387,10
12.9854602814,80.2520370483,75387,75397,10
12.9845600128,80.2522888184,75397,75407,10
12.9836397171,80.2525482178,75407,75417,10
12.9826602936,80.2526779175,75417,75427,10
12.9816904068,80.2527084351,75427,75437,10
12.9807195663,80.2527389526,75437,75447,10
12.9798803329,80.2527770996,75447,75487,40
12.9798803329,80.2527770996,75487,75498,11
12.9798002243,80.252746582,75498,75508,10
12.9798698425,80.2523574829,75508,75528,20
12.9798698425,80.2523574829,75528,75538,10
12.9799203873,80.2521209717,75538,75548,10
12.980050087,80.2517166138,75548,75558,10
12.9802303314,80.2511672974,75558,75568,10
12.9804296494,80.2504577637,75568,75578,10
12.9806003571,80.2496566772,75578,75588,10
12.9806995392,80.2488021851,75588,75598,10
12.9807596207,80.2479629517,75598,75607,9
12.9808301926,80.2471923828,75607,75619,12
12.9809398651,80.2461395264,75619,75629,10
12.9810400009,80.2452087402,75629,75639,10
12.9811201096,80.2442626953,75639,75649,10
12.9812602997,80.2436294556,75649,75659,10
12.9813203812,80.2432098389,75659,75669,10
12.9813404083,80.2428665161,75669,75689,20
12.9813404083,80.2428665161,75689,75699,10
12.9813404083,80.2427520752,75699,75709,10
12.9813604355,80.2424163818,75709,75719,10
12.9813404083,80.241897583,75719,75730,11
12.9813404083,80.2411804199,75730,75740,10
12.9813404083,80.2405166626,75740,75750,10
12.9813203812,80.239982605,75750,75760,10
12.9813098907,80.2396621704,75760,75776,16
12.9812803268,80.2389602661,75776,75788,12
12.9812602997,80.2383728027,75788,75796,8
12.9812602997,80.2380828857,75796,75818,22
12.9812602997,80.2380828857,75818,75828,10
12.9812602997,80.2380523682,75828,75838,10
12.9812602997,80.2377090454,75838,75849,11
12.9812402725,80.2370910645,75849,75859,10
12.9812202454,80.236328125,75859,75869,10
12.9811897278,80.2355422974,75869,75879,10
12.981180191,80.2348098755,75879,75889,10
12.9812602997,80.2341384888,75889,75899,10
12.9812803268,80.2340927124,75899,75909,10
12.9813098907,80.2340011597,75909,75919,10
12.9813899994,80.2338104248,75919,75929,10
12.9815196991,80.2335281372,75929,75960,31
12.9815797806,80.2333908081,75960,75980,20
12.9815797806,80.2333908081,75980,75990,10
12.9816198349,80.2332992554,75990,76000,10
12.9817495346,80.2330169678,76000,76010,10
12.9819097519,80.2325973511,76010,76020,10
12.9819602966,80.2322387695,76020,76030,10
12.9819402695,80.2317810059,76030,76040,10
12.9819002151,80.2313232422,76040,76050,10
12.981760025,80.2308883667,76050,76060,10
12.9814300537,80.2303009033,76060,76070,10
12.9810400009,80.2297210693,76070,76081,11
12.9807596207,80.2292785645,76081,76091,10
12.9806203842,80.2290420532,76091,76101,10
12.9806203842,80.2290267944,76101,76111,10
12.9804201126,80.2287368774,76111,76121,10
12.9802303314,80.2283172607,76121,76131,10
12.9799404144,80.2278213501,76131,76141,10
12.9795703888,80.2272186279,76141,76151,10
12.9791498184,80.2265396118,76151,76161,10
12.9787302017,80.2258224487,76161,76171,10
12.9783000946,80.2251205444,76171,76181,10
12.9779996872,80.2246627808,76181,76192,11
12.9778203964,80.2244262695,76192,76202,10
12.9777402878,80.2242736816,76202,76212,10
12.977519989,80.2238769531,76212,76222,10
12.9771900177,80.2233200073,76222,76232,10
12.9769601822,80.22290802,76232,76242,10
12.9767398834,80.2225875854,76242,76252,10
12.9764604568,80.2220993042,76252,76268,16
12.9757099152,80.2211914063,76268,76300,32
12.9757099152,80.2211914063,76300,76310,10
12.9756202698,80.2211227417,76310,76321,11
12.9753704071,80.220916748,76321,76331,10
12.9753103256,80.2206420898,76331,76341,10
12.9755296707,80.220413208,76341,76351,10
12.9759197235,80.2201766968,76351,76359,8
12.9763498306,80.2199783325,76359,76371,12
12.9771604538,80.2196426392,76371,76380,9
12.9778404236,80.2193527222,76380,76391,11
12.9784803391,80.2190933228,76391,76401,10
12.9790000916,80.2188796997,76401,76411,10
12.9796800613,80.2186203003,76411,76422,11
12.9800701141,80.2184371948,76422,76432,10
12.9805002213,80.2182693481,76432,76442,10
12.9811000824,80.2180786133,76442,76452,10
12.9818096161,80.2179031372,76452,76462,10
12.982509613,80.2178573608,76462,76472,10
12.9837503433,80.2178573608,76472,76502,30
12.9837503433,80.2178573608,76502,76512,10
12.9840698242,80.2178573608,76512,76522,10
12.9846496582,80.2178573608,76522,76532,10
12.9853897095,80.2178726196,76532,76542,10
12.9862003326,80.2180099487,76542,76553,11
12.9873199463,80.21824646,76553,76573,20
12.9873199463,80.21824646,76573,76583,10
12.9874200821,80.2182617188,76583,76593,10
12.9878396988,80.2183685303,76593,76603,10
12.9884796143,80.2185287476,76603,76613,10
12.9892396927,80.2187728882,76613,76623,10
12.9900503159,80.2190475464,76623,76633,10
12.9909200668,80.219329834,76633,76643,10
12.9915895462,80.2194595337,76643,76653,10
12.9919900894,80.2191925049,76653,76664,11
12.9926204681,80.2187271118,76664,76674,10
12.9932603836,80.2182617188,76674,76684,10
12.9937400818,80.2179031372,76684,76694,10
12.9938602448,80.2178192139,76694,76704,10
12.99421978,80.2175598145,76704,76714,10
12.9947595596,80.2171630859,76714,76724,10
12.9954004288,80.2167663574,76724,76734,10
12.9961795807,80.2165679932,76734,76744,10
12.9969396591,80.2164764404,76744,76754,10
12.9975500107,80.2160568237,76754,76774,20
12.9975500107,80.2160568237,76774,76785,11
12.9978199005,80.2158203125,76785,76795,10
12.9982204437,80.2154769897,76795,76811,16
12.9990501404,80.2147598267,76811,76823,12
12.999420166,80.2144317627,76823,76832,9
12.9998102188,80.2140808105,76832,76843,11
13.0003004074,80.2136535645,76843,76853,10
13.0008602142,80.2131576538,76853,76863,10
13.0014801025,80.2126922607,76863,76873,10
13.0020704269,80.2123031616,76873,76883,10
13.0026197433,80.2120819092,76883,76893,10
13.0030498505,80.2120513916,76893,76904,11
13.0036401749,80.2119064331,76904,76924,20
13.0036401749,80.2119064331,76924,76945,21
13.0036497116,80.2108688354,76945,76957,12
13.0035600662,80.2101974487,76957,76965,8
13.0035200119,80.2098236084,76965,76977,12
13.0035600662,80.2092437744,76977,76987,10
13.0037603378,80.2086334229,76987,76997,10
13.0045003891,80.2088165283,76997,77007,10
13.0053701401,80.2092132568,77007,77018,11
13.0062599182,80.2095489502,77018,77028,10
13.0073900223,80.2098236084,77028,77048,20
13.0073900223,80.2098236084,77048,77058,10
13.0075902939,80.2098770142,77058,77068,10
13.008020401,80.2099761963,77068,77078,10
13.0081100464,80.2096710205,77078,77088,10
13.0079603195,80.2089691162,77088,77098,10
13.0078401566,80.208152771,77098,77108,10
13.0076904297,80.2072372437,77108,77118,10
13.0075597763,80.2062683105,77118,77129,11
13.0074796677,80.2051925659,77129,77138,9
13.0074796677,80.2044525146,77138,77149,11
13.0074300766,80.2036819458,77149,77159,10
13.0073003769,80.2029418945,77159,77169,10
13.006819725,80.2025222778,77169,77179,10
13.0065202713,80.2030563354,77179,77189,10
13.0070295334,80.2034835815,77189,77199,10
13.0077400208,80.2036819458,77199,77209,10
13.0084199905,80.2036819458,77209,77219,10
13.0095500946,80.2036132813,77219,77229,10
13.0104598999,80.2035980225,77229,77239,10
13.011469841,80.2036819458,77239,77250,11
13.0126399994,80.203918457,77250,77260,10
13.0136604309,80.2042236328,77260,77270,10
13.0149297714,80.2046279907,77270,77290,20
13.0149297714,80.2046279907,77290,77300,10
13.0152997971,80.2047576904,77300,77310,10
13.0158700943,80.2049865723,77310,77320,10
13.016579628,80.2051620483,77320,77330,10
13.0172595978,80.205329895,77330,77340,10
13.0178604126,80.2055587769,77340,77350,10
13.0184402466,80.2057723999,77350,77361,11
13.0186395645,80.2058486938,77361,77371,10
13.0188398361,80.2059402466,77371,77381,10
13.0193595886,80.2061233521,77381,77391,10
13.0200996399,80.2062301636,77391,77403,12
13.0211801529,80.2062530518,77403,77413,10
13.022069931,80.2062911987,77413,77423,10
13.0228996277,80.2064437866,77423,77433,10
13.0239400864,80.2066421509,77433,77443,10
13.0243196487,80.2066802979,77443,77453,10
13.0246400833,80.2067565918,77453,77464,11
13.0253601074,80.2069473267,77464,77475,11
13.0262203217,80.2073898315,77475,77485,10
13.0270395279,80.2078933716,77485,77494,9
13.0278301239,80.2083587646,77494,77505,11
13.0288200378,80.2086791992,77505,77515,10
13.0296201706,80.2088775635,77515,77525,10
13.0300798416,80.2089920044,77525,77535,10
13.0306596756,80.2091522217,77535,77545,10
13.0313901901,80.2093429565,77545,77555,10
13.03166008,80.2093887329,77555,77565,10
13.0317497253,80.2094421387,77565,77575,10
13.0321502686,80.2095413208,77575,77585,10
13.0328397751,80.2096481323,77585,77596,11
13.0336999893,80.2098312378,77596,77612,16
13.0349197388,80.2101211548,77612,77624,12
13.0350103378,80.2106323242,77624,77632,8
13.0350198746,80.2110137939,77632,77644,12
13.0349903107,80.2113037109,77644,77654,10
13.0349502563,80.2114486694,77654,77664,10
13.0348997116,80.2117919922,77664,77674,10
13.0350399017,80.2121810913,77674,77684,10
13.0357904434,80.212272644,77684,77694,10
13.0366401672,80.212310791,77694,77704,10
13.0374202728,80.212310791,77704,77715,11
13.0382795334,80.2123031616,77715,77725,10
13.0392103195,80.2123031616,77725,77735,10
13.0402202606,80.212272644,77735,77745,10
13.0412797928,80.2122268677,77745,77755,10
13.0423402786,80.2122421265,77755,77765,10
13.0438404083,80.2122421265,77765,77805,40
13.0438404083,80.2122421265,77805,77815,10
13.0440397263,80.2122497559,77815,77826,11
13.0443401337,80.2122421265,77826,77836,10
13.044719696,80.2122421265,77836,77846,10
13.0453596115,80.2122268677,77846,77855,9
13.0460596085,80.2121963501,77855,77866,11
13.0469999313,80.2121734619,77866,77876,10
13.0478801727,80.2120666504,77876,77886,10
13.0485601425,80.2119979858,77886,77906,20
13.0485601425,80.2119979858,77906,77916,10
13.0488195419,80.212020874,77916,77926,10
13.0494098663,80.2119598389,77926,77936,10
13.0497903824,80.2119369507,77936,77947,11
13.0500202179,80.2119369507,77947,77957,10
13.0504198074,80.2119598389,77957,77967,10
13.0509996414,80.2120513916,77967,77977,10
13.0517597198,80.2120819092,77977,77993,16
13.0529003143,80.2117919922,77993,78005,12
13.0539398193,80.2115020752,78005,78013,8
13.0544595718,80.2114028931,78013,78025,12
13.0549602509,80.2114028931,78025,78035,10
13.0558700562,80.2114028931,78035,78045,10
13.0567998886,80.2114028931,78045,78055,10
13.0574903488,80.2113876343,78055,78066,11
13.0576000214,80.2114028931,78066,78076,10
13.0580701828,80.2114181519,78076,78086,10
13.0587797165,80.21144104,78086,78096,10
13.059419632,80.211479187,78096,78106,10
13.0602197647,80.2115097046,78106,78116,10
13.0611801147,80.2115707397,78116,78126,10
13.062210083,80.2115707397,78126,78135,9
13.0629396439,80.2115325928,78135,78146,11
13.063079834,80.211517334,78146,78156,10
13.06346035,80.2115097046,78156,78166,10
13.0641002655,80.2114334106,78166,78177,11
13.0649204254,80.2110977173,78177,78187,10
13.0657196045,80.2105026245,78187,78197,10
13.0665302277,80.2098007202,78197,78206,9
13.0671195984,80.2090606689,78206,78217,11
13.0673303604,80.2086791992,78217,78227,10
13.0673599243,80.2086105347,78227,78237,10
13.0675401688,80.2082901001,78237,78247,10
13.0678901672,80.2077636719,78247,78257,10
13.0683298111,80.2071075439,78257,78267,10
13.0688400269,80.2063064575,78267,78277,10
13.0692596436,80.2056503296,78277,78288,11
13.0696001053,80.2051010132,78288,78298,10
13.0695695877,80.2048110962,78298,78308,10
13.0692300797,80.2050170898,78308,78318,10
13.0686798096,80.2054519653,78318,78449,131
13.0686798096,80.2054519653,78449,78459,10
13.0683202744,80.2054824829,78459,78469,10
13.0680398941,80.2054824829,78469,78509,40
13.0680398941,80.2054824829,78509,78519,10
13.0679597855,80.2052230835,78519,78530,11
13.0682201385,80.2049636841,78530,78540,10
13.0686903,80.2048034668,78540,78550,10
13.069439888,80.2047805786,78550,78580,30
13.069439888,80.2047805786,78580,78590,10
13.0695495605,80.2048187256,78590,78600,10
13.0696001053,80.2048187256,78600,78610,10
13.0697498322,80.2049331665,78610,78620,10
13.0697202682,80.2053222656,78620,78630,10
13.0693702698,80.2058868408,78630,78641,11
13.0689201355,80.2066192627,78641,78651,10
13.068479538,80.2073364258,78651,78661,10
13.0680103302,80.2080993652,78661,78671,10
13.0676603317,80.2086410522,78671,78681,10
13.0672197342,80.2093200684,78681,78691,10
13.0666904449,80.2099609375,78691,78701,10
13.0660400391,80.2105102539,78701,78711,10
13.0654001236,80.2110366821,78711,78721,10
13.0647497177,80.2114562988,78721,78731,10
13.0641403198,80.211730957,78731,78741,10
13.0638904572,80.2117996216,78741,78751,10
13.0635900497,80.2118301392,78751,78762,11
13.0630903244,80.2118682861,78762,78772,10
13.0625200272,80.2119064331,78772,78782,10
13.0618801117,80.2118835449,78782,78792,10
13.0611095428,80.2118225098,78792,78802,10
13.0602397919,80.2117767334,78802,78812,10
13.0595598221,80.2117614746,78812,78822,10
13.0590400696,80.2117614746,78822,78832,10
13.0583000183,80.2117385864,78832,78842,10
13.0575199127,80.2117080688,78842,78852,10
13.0566902161,80.2117004395,78852,78862,10
13.0558700562,80.2116699219,78862,78873,11
13.0550603867,80.2116775513,78873,78882,9
13.0547399521,80.2116622925,78882,78893,11
13.0543699265,80.2116622925,78893,78903,10
13.0538196564,80.2117614746,78903,78913,10
13.0531396866,80.2119293213,78913,78923,10
13.0524597168,80.2121200562,78923,78933,10
13.0518102646,80.2122573853,78933,78943,10
13.0511102676,80.2122497559,78943,78953,10
13.0505800247,80.2122116089,78953,78983,30
13.0505800247,80.2122116089,78983,78994,11
13.0503501892,80.2122268677,78994,79004,10
13.0500802994,80.2122116089,79004,79014,10
13.0498800278,80.2122573853,79014,79024,10
13.0498800278,80.2125320435,79024,79034,10
13.0499296188,80.2128677368,79034,79044,10
13.0500402451,80.2134017944,79044,79054,10
13.050239563,80.2139968872,79054,79064,10
13.0504102707,80.2144622803,79064,79074,10
13.0502700806,80.2146911621,79074,79084,10
13.0497303009,80.2146835327,79084,79094,10
13.0493402481,80.2146377563,79094,79105,11
13.048740387,80.2145767212,79105,79115,10
13.0480804443,80.2145385742,79115,79125,10
13.0476102829,80.2145004272,79125,79135,10
13.0470600128,80.2144775391,79135,79145,10
13.0462303162,80.2145767212,79145,79155,10
13.0453596115,80.2147293091,79155,79165,10
13.0446195602,80.2148132324,79165,79175,10
13.0444803238,80.2147216797,79175,79185,10
13.0444803238,80.2142562866,79185,79195,10
13.0444202423,80.2135772705,79195,79205,10
13.0444297791,80.2130737305,79205,79215,10
13.0444097519,80.2127685547,79215,79226,11
13.0444202423,80.2123184204,79226,79236,10
13.0448799133,80.2122573853,79236,79246,10
13.0456199646,80.2122192383,79246,79256,10
13.046500206,80.2121963501,79256,79266,10
13.0469198227,80.2121810913,79266,79276,10
13.0470304489,80.2120819092,79276,79292,16
13.0469999313,80.2113876343,79292,79304,12
13.047129631,80.2107391357,79304,79312,8
13.0476198196,80.2107620239,79312,79323,11
13.0483798981,80.2107772827,79323,79334,11
13.048910141,80.2108230591,79334,79345,11
13.0494604111,80.2108535767,79345,79355,10
13.0495996475,80.2105712891,79355,79365,10
13.0495595932,80.2099533081,79365,79375,10
13.0494699478,80.2091827393,79375,79385,10
13.0493602753,80.2085800171,79385,79395,10
13.0491399765,80.2079391479,79395,79405,10
13.0489501953,80.207321167,79405,79415,10
13.0488195419,80.2069091797,79415,79425,10
13.0490503311,80.206817627,79425,79435,10
13.0493602753,80.2068405151,79435,79466,31
13.0493602753,80.2068405151,79466,79476,10
13.0495195389,80.2068481445,79476,79486,10
13.0498800278,80.2068405151,79486,79496,10
13.0503997803,80.2068786621,79496,79506,10
13.050909996,80.2069168091,79506,79516,10
13.050740242,80.2070617676,79516,79637,121
13.050740242,80.2070617676,79637,79647,10
13.050620079,80.20703125,79647,79657,10
13.0504398346,80.2069625854,79657,79667,10
13.0502595901,80.2068099976,79667,79677,10
13.0500202179,80.2068328857,79677,80785,1108
13.0498800278,80.2070999146,80785,83537,2752
13.0498800278,80.2070999146,83537,83547,10
13.0497903824,80.2070999146,83547,83557,10
13.0495595932,80.2070236206,83557,83567,10
13.0494098663,80.2070236206,83567,83577,10
13.0491104126,80.2070770264,83577,83587,10
13.0491695404,80.2073822021,83587,83597,10
13.0493202209,80.2071380615,83597,83607,10
13.0494604111,80.2069015503,83607,83617,10
13.0494699478,80.2069015503,83617,83627,10
13.0498199463,80.2069015503,83627,83637,10
13.0502595901,80.2068786621,83637,83648,11
13.0506401062,80.2068786621,83648,83668,20
13.0506401062,80.2068786621,83668,83678,10
13.0506801605,80.2065811157,83678,83718,40
13.0506801605,80.2065811157,83718,83728,10
13.0506601334,80.2065963745,83728,83789,61
13.0506601334,80.2065963745,83789,83799,10
