12.998339653,80.2566223145,11,122,111
12.9980697632,80.2566299438,122,406,284
12.9983100891,80.2565994263,406,1965,1559
12.9983100891,80.2565994263,1965,1975,10
12.9981002808,80.2566604614,1975,2592,617
12.9983196259,80.2565994263,2592,5040,2448
12.9982700348,80.2564468384,5040,5100,60
12.9982795715,80.2566223145,5100,5272,172
12.9982795715,80.2566223145,5272,5282,10
12.9984197617,80.2566986084,5282,5394,112
12.998339653,80.2566375732,5394,7012,1618
12.9982995987,80.2567596436,7012,7356,344
12.9983501434,80.2566070557,7356,7922,566
12.9983501434,80.2566070557,7922,7932,10
12.9983596802,80.2565917969,7932,8337,405
12.9983196259,80.2565765381,8337,13031,4694
12.9983997345,80.2565689087,13031,14184,1153
12.9982595444,80.2565536499,14184,18300,4116
12.9982595444,80.2565536499,18300,18311,11
12.9979000092,80.256362915,18311,18453,142
12.9979000092,80.256362915,18453,18463,10
12.9977197647,80.2560424805,18463,18473,10
12.9977197647,80.2560119629,18473,18483,10
12.997759819,80.2558898926,18483,18494,11
12.9979896545,80.2559204102,18494,18504,10
12.9983701706,80.2559967041,18504,18544,40
12.9987401962,80.2560501099,18544,18595,51
12.9987401962,80.2560501099,18595,18605,10
12.9988498688,80.2561264038,18605,18797,192
12.9988098145,80.2561035156,18797,18999,202
12.9988203049,80.2561187744,18999,19060,61
12.9988498688,80.2560577393,19060,19201,141
12.998840332,80.2559814453,19201,19221,20
12.998840332,80.2559814453,19221,19232,11
12.9987802505,80.2560882568,19232,19606,374
12.9987802505,80.2560882568,19606,19616,10
12.9989004135,80.2560119629,19616,19626,10
12.9993400574,80.256111145,19626,19636,10
12.9999303818,80.2562179565,19636,19646,10
13.0006399155,80.256401062,19646,19656,10
13.0013399124,80.2565078735,19656,19666,10
13.0020599365,80.2566299438,19666,19676,10
13.0028400421,80.2567596436,19676,19687,11
13.0036802292,80.2569198608,19687,19697,10
13.004529953,80.2570800781,19697,19707,10
13.0054798126,80.2572479248,19707,19717,10
13.006310463,80.2574081421,19717,19727,10
13.0065402985,80.2571563721,19727,19737,10
13.0065402985,80.256362915,19737,19747,10
13.0065202713,80.2553634644,19747,19757,10
13.0065202713,80.2543792725,19757,19767,10
13.0065002441,80.253288269,19767,19778,11
13.0065803528,80.2521820068,19778,19788,10
13.0067501068,80.2513809204,19788,19798,10
13.0067501068,80.2503967285,19798,19808,10
13.0067195892,80.2492370605,19808,19818,10
13.006649971,80.2481384277,19818,19827,9
13.006649971,80.2477035522,19827,19838,11
13.006649971,80.2475814819,19838,19848,10
13.0066604614,80.247177124,19848,19858,10
13.0066604614,80.2465209961,19858,19869,11
13.006649971,80.2455978394,19869,19879,10
13.0066003799,80.2447433472,19879,19889,10
13.0065803528,80.2437820435,19889,19899,10
13.0065803528,80.2429199219,19899,19909,10
13.0065603256,80.2418899536,19909,19919,10
13.0066795349,80.2409591675,19919,19929,10
13.0068302155,80.2401428223,19929,19939,10
13.0069599152,80.2393798828,19939,19949,10
13.007109642,80.2385177612,19949,19960,11
13.0073604584,80.2374725342,19960,19970,10
13.0075502396,80.2365570068,19970,19980,10
13.0077400208,80.2356109619,19980,19990,10
13.0079202652,80.2346725464,19990,20000,10
13.008099556,80.2338180542,20000,20010,10
13.0082902908,80.2328109741,20010,20020,10
13.0085000992,80.2316970825,20020,20030,10
13.0087003708,80.2306518555,20030,20040,10
13.0089597702,80.2293624878,20040,20050,10
13.0092000961,80.2282409668,20050,20061,11
13.0096702576,80.2271575928,20061,20071,10
13.0101203918,80.2261810303,20071,20081,10
13.0109300613,80.2243423462,20081,20091,10
13.0109300613,80.2243423462,20091,20101,10
13.0114097595,80.2232589722,20101,20111,10
13.0118103027,80.2223434448,20111,20121,10
13.0124397278,80.2216415405,20121,20131,10
13.0124397278,80.2216415405,20131,20141,10
13.0129098892,80.2223129272,20141,20152,11
13.0136604309,80.2230529785,20152,20162,10
13.0141401291,80.2236404419,20162,20172,10
13.0145397186,80.2241668701,20172,20182,10
13.0150604248,80.2246170044,20182,20192,10
13.0153303146,80.2248764038,20192,20202,10
13.0158500671,80.2252426147,20202,20212,10
13.0172595978,80.2250366211,20212,20222,10
13.0172595978,80.2250366211,20222,20232,10
13.0181303024,80.2246932983,20232,20243,11
13.0189599991,80.2243728638,20243,20253,10
13.0197200775,80.2245407104,20253,20263,10
13.0205001831,80.2250823975,20263,20273,10
13.0212802887,80.2256698608,20273,20283,10
13.0220804214,80.2262573242,20283,20293,10
13.0228700638,80.2269363403,20293,20303,10
13.023639679,80.2276382446,20303,20313,10
13.0244598389,80.2284698486,20313,20344,31
13.0244598389,80.2284698486,20344,20354,10
13.0241603851,80.2285232544,20354,20365,11
13.0237703323,80.2280502319,20365,20375,10
13.0234003067,80.227722168,20375,20567,192
13.0232801437,80.2275772095,20567,20841,274
13.0232601166,80.2276000977,20841,20943,102
13.0232601166,80.2276000977,20943,20953,10
13.0232200623,80.2274932861,20953,20963,10
13.0230197906,80.2272720337,20963,20973,10
13.0226802826,80.2269363403,20973,20983,10
13.0222597122,80.2265396118,20983,20993,10
13.0218296051,80.2261734009,20993,21003,10
13.0213298798,80.2257766724,21003,21013,10
13.0209999084,80.2255477905,21013,21023,10
13.0207595825,80.225402832,21023,21034,11
13.0202503204,80.2250595093,21034,21044,10
13.0197095871,80.2247009277,21044,21054,10
13.019490242,80.2245864868,21054,21064,10
13.0189504623,80.2244873047,21064,21074,10
13.0181798935,80.2247467041,21074,21084,10
13.0172300339,80.225151062,21084,21094,10
13.0164299011,80.2254486084,21094,21104,10
13.0157299042,80.2257003784,21104,21115,11
13.0148801804,80.2260437012,21115,21125,10
13.0145797729,80.2261810303,21125,21135,10
13.0144500732,80.2262420654,21135,21145,10
13.0143404007,80.2262878418,21145,21155,10
13.0140399933,80.2264022827,21155,21165,10
13.013469696,80.2266082764,21165,21175,10
13.0127496719,80.2268676758,21175,21185,10
13.0118398666,80.2272491455,21185,21195,10
13.0109300613,80.2276077271,21195,21206,11
13.0099000931,80.2280426025,21206,21216,10
13.0092000961,80.2285919189,21216,21226,10
13.0090398788,80.2294692993,21226,21236,10
13.0088500977,80.2304000854,21236,21246,10
13.0086698532,80.2313690186,21246,21256,10
13.0084295273,80.232460022,21256,21266,10
13.0082902908,80.2333679199,21266,21276,10
13.0082197189,80.2336807251,21276,21286,10
13.0081195831,80.2340698242,21286,21297,11
13.0079498291,80.2349014282,21297,21307,10
13.0077600479,80.2358016968,21307,21317,10
13.0075702667,80.2367782593,21317,21327,10
13.0073699951,80.237739563,21327,21337,10
13.007229805,80.2386627197,21337,21347,10
13.0070104599,80.2396011353,21347,21357,10
13.0068998337,80.240447998,21357,21367,10
13.0068798065,80.2406768799,21367,21378,11
13.0068101883,80.2409515381,21378,21388,10
13.0067996979,80.2416000366,21388,21398,10
13.0067501068,80.2425384521,21398,21408,10
13.0067396164,80.243347168,21408,21418,10
13.0068702698,80.2442169189,21418,21428,10
13.0067796707,80.2455673218,21428,21438,10
13.0067796707,80.2463912964,21438,21448,10
13.0067501068,80.247253418,21448,21458,10
13.0066299438,80.2474136353,21458,21469,11
13.0061903,80.2474594116,21469,21479,10
13.0059404373,80.2474212646,21479,21489,10
13.0053100586,80.2474136353,21489,21499,10
13.0045099258,80.2474365234,21499,21509,10
13.0035400391,80.2475585938,21509,21519,10
13.0025196075,80.247718811,21519,21529,10
13.0015001297,80.2479782104,21529,21539,10
13.0004701614,80.2482299805,21539,21550,11
12.9993095398,80.2485198975,21550,21560,10
12.9982299805,80.2487792969,21560,21570,10
12.9970998764,80.2490615845,21570,21580,10
12.9960603714,80.2493209839,21580,21590,10
12.9948797226,80.2496032715,21590,21600,10
12.9936304092,80.2499237061,21600,21610,10
12.9924497604,80.2502212524,21610,21620,10
12.991399765,80.25050354,21620,21630,10
12.991060257,80.250617981,21630,21641,11
12.9908599854,80.2506637573,21641,21651,10
12.990240097,80.2507781982,21651,21661,10
12.9893903732,80.2509994507,21661,21671,10
12.9883203506,80.2512588501,21671,21681,10
12.9875402451,80.2514724731,21681,21691,10
12.9865999222,80.2517318726,21691,21701,10
12.9855003357,80.2519989014,21701,21711,10
12.9843797684,80.2522964478,21711,21721,10
12.9833498001,80.2525634766,21721,21732,11
12.9821395874,80.2526473999,21732,21742,10
12.981010437,80.2526779175,21742,21752,10
12.9801902771,80.252746582,21752,21762,10
12.9793300629,80.2526779175,21762,21772,10
12.9787101746,80.2526016235,21772,21782,10
12.9785604477,80.2525405884,21782,21792,10
12.9780197144,80.2521514893,21792,21802,10
12.9772996902,80.2515487671,21802,21813,11
12.976099968,80.2511062622,21813,21823,10
12.9749097824,80.2507629395,21823,21833,10
12.9737100601,80.2504272461,21833,21843,10
12.9724998474,80.2500762939,21843,21853,10
12.971280098,80.2497634888,21853,21863,10
12.9701499939,80.2493972778,21863,21873,10
12.9689598083,80.2489318848,21873,21883,10
12.9676799774,80.2484130859,21883,21893,10
12.9666099548,80.2479019165,21893,21904,11
12.9655199051,80.247467041,21904,21914,10
12.9651098251,80.2473373413,21914,21924,10
12.9649496078,80.2472915649,21924,21934,10
12.9644098282,80.2471008301,21934,21944,10
12.9636297226,80.2468032837,21944,21954,10
12.962770462,80.2463684082,21954,21964,10
12.9618997574,80.2459411621,21964,21974,10
12.960849762,80.2454299927,21974,21984,10
12.9597702026,80.244972229,21984,21995,11
12.9590797424,80.2446289063,21995,22005,10
12.9583997726,80.2443237305,22005,22015,10
12.9577302933,80.2440490723,22015,22025,10
12.9577302933,80.2440490723,22025,22035,10
12.9569597244,80.2437820435,22035,22045,10
12.9563798904,80.243560791,22045,22055,10
12.9560804367,80.2434616089,22055,22065,10
12.9554796219,80.2431793213,22065,22075,10
12.9546403885,80.2428207397,22075,22086,11
12.9536104202,80.2423782349,22086,22096,10
12.952630043,80.2419815063,22096,22106,10
12.9518098831,80.2417068481,22106,22116,10
12.9516296387,80.2416534424,22116,22126,10
12.9513597488,80.2415618896,22126,22136,10
12.9507303238,80.2413482666,22136,22146,10
12.9498901367,80.2410964966,22146,22156,10
12.9489402771,80.2407913208,22156,22166,10
12.9479904175,80.2403869629,22166,22177,11
12.9472904205,80.2400817871,22177,22187,10
12.9466896057,80.2398071289,22187,22197,10
12.9458799362,80.2394638062,22197,22207,10
12.9449901581,80.2388916016,22207,22217,10
12.9442100525,80.2380599976,22217,22227,10
12.9434204102,80.2371902466,22227,22237,10
12.942440033,80.2365188599,22237,22247,10
12.9412403107,80.2361831665,22247,22257,10
12.9401397705,80.2359008789,22257,22268,11
12.9397802353,80.2357635498,22268,22278,10
12.9394598007,80.2356414795,22278,22288,10
12.9387998581,80.2353134155,22288,22298,10
12.9379396439,80.23487854,22298,22308,10
12.9369697571,80.2343978882,22308,22318,10
12.9359703064,80.2339172363,22318,22328,10
12.9349803925,80.2334594727,22328,22338,10
12.9339799881,80.2330093384,22338,22348,10
12.9330101013,80.2325592041,22348,22359,11
12.9318199158,80.2321395874,22359,22369,10
12.930680275,80.2317733765,22369,22379,10
12.9295301437,80.2314682007,22379,22389,10
12.9285001755,80.2312469482,22389,22399,10
12.9274597168,80.2311019897,22399,22409,10
12.9265298843,80.231010437,22409,22419,10
12.9261903763,80.2309875488,22419,22429,10
12.9259595871,80.2309570313,22429,22440,11
12.9252700806,80.2309036255,22440,22450,10
12.9244003296,80.230796814,22450,22460,10
12.9233503342,80.2306518555,22460,22470,10
12.9221897125,80.2304763794,22470,22480,10
12.9209804535,80.2303085327,22480,22490,10
12.9197597504,80.230140686,22490,22500,10
12.9185495377,80.2299880981,22500,22510,10
12.9173297882,80.2298278809,22510,22520,10
12.916179657,80.2296829224,22520,22531,11
12.9146604538,80.2294692993,22531,22541,10
12.913649559,80.2293624878,22541,22551,10
12.9133796692,80.2293167114,22551,22561,10
12.9132204056,80.2292785645,22561,22571,10
12.9126396179,80.2291793823,22571,22581,10
12.9117698669,80.2290725708,22581,22591,10
12.9106998444,80.2289276123,22591,22600,9
12.9096899033,80.228767395,22600,22611,11
12.9083900452,80.2285614014,22611,22622,11
12.9072599411,80.2284011841,22622,22632,10
12.9067201614,80.2283325195,22632,22642,10
12.9060602188,80.2282791138,22642,22652,10
12.9051198959,80.2282333374,22652,22662,10
12.9040403366,80.2281723022,22662,22672,10
12.902879715,80.2281112671,22672,22682,10
12.9017896652,80.2280578613,22682,22692,10
12.9011497498,80.2280426025,22692,22702,10
12.900639534,80.2279815674,22702,22713,11
12.8998203278,80.2279510498,22713,22723,10
12.8996095657,80.2279434204,22723,22733,10
12.8994197845,80.2279281616,22733,22743,10
12.898850441,80.2278823853,22743,22753,10
12.8980703354,80.2278366089,22753,22763,10
12.8971004486,80.2277832031,22763,22773,10
12.8959903717,80.227722168,22773,22783,10
12.8948802948,80.2276916504,22783,22793,10
12.8937501907,80.2276000977,22793,22804,11
12.8925895691,80.2274475098,22804,22814,10
12.8917398453,80.2274169922,22814,22824,10
12.8906698227,80.2274017334,22824,22834,10
12.8894996643,80.2274017334,22834,22844,10
12.8883104324,80.2273788452,22844,22854,10
12.8871002197,80.2272262573,22854,22864,10
12.8859596252,80.2269134521,22864,22874,10
12.8850898743,80.2267684937,22874,22884,10
12.8849000931,80.2267608643,22884,22895,11
12.8845300674,80.2267532349,22895,22905,10
12.8839797974,80.2267532349,22905,22915,10
12.8833198547,80.2267227173,22915,22925,10
12.8824300766,80.2267303467,22925,22935,10
12.8813400269,80.2267532349,22935,22945,10
12.8801803589,80.2267379761,22945,22955,10
12.8789796829,80.2267684937,22955,22965,10
12.8777704239,80.2268829346,22965,22975,10
12.8767995834,80.2269592285,22975,22986,11
12.8763904572,80.2269897461,22986,22996,10
12.87596035,80.2269973755,22996,23006,10
12.8752002716,80.2269515991,23006,23016,10
12.8742399216,80.2268218994,23016,23026,10
12.8733501434,80.2267532349,23026,23036,10
12.8730201721,80.2267379761,23036,23046,10
12.8729600906,80.2267532349,23046,23056,10
12.8727302551,80.2267532349,23056,23066,10
12.872420311,80.2267379761,23066,23077,11
12.8716602325,80.2267227173,23077,23087,10
12.8707304001,80.2266464233,23087,23097,10
12.8696298599,80.2265396118,23097,23107,10
12.8684597015,80.2264328003,23107,23117,10
12.8672599792,80.2265014648,23117,23127,10
12.8661003113,80.2266082764,23127,23137,10
12.8649396896,80.2266082764,23137,23147,10
12.8637304306,80.2265701294,23147,23157,10
12.8623895645,80.2265930176,23157,23168,11
12.8613300323,80.2266387939,23168,23178,10
12.8610200882,80.2266387939,23178,23188,10
12.8606796265,80.2266082764,23188,23198,10
12.8599700928,80.2265014648,23198,23208,10
12.8590602875,80.2263565063,23208,23218,10
12.8580198288,80.226272583,23218,23228,10
12.8568601608,80.226348877,23228,23238,10
12.8556404114,80.2264709473,23238,23248,10
12.8543701172,80.2266082764,23248,23259,11
12.8529500961,80.2267227173,23259,23269,10
12.851650238,80.2266616821,23269,23279,10
12.8504104614,80.2266311646,23279,23289,10
12.8499803543,80.2266235352,23289,23299,10
12.8496799469,80.2266235352,23299,23309,10
12.849029541,80.2266082764,23309,23319,10
12.8480501175,80.2266082764,23319,23329,10
12.8469200134,80.2266235352,23329,23339,10
12.8459701538,80.2266235352,23339,23350,11
12.8455600739,80.2266082764,23350,23360,10
12.8454198837,80.2265777588,23360,23370,10
12.8450403214,80.2265930176,23370,23380,10
12.8443002701,80.2266464233,23380,23390,10
12.8433198929,80.2267913818,23390,23400,10
12.8421802521,80.2270126343,23400,23410,10
12.8409795761,80.2273101807,23410,23420,10
12.8401498795,80.2275390625,23420,23431,11
12.8396596909,80.2276763916,23431,23441,10
12.839220047,80.2277984619,23441,23451,10
12.8383598328,80.2280273438,23451,23461,10
12.8373003006,80.2282409668,23461,23471,10
12.8361597061,80.2284164429,23471,23481,10
12.834980011,80.2286071777,23481,23491,10
12.8337602615,80.2288513184,23491,23501,10
12.83273983,80.2290420532,23501,23511,10
12.8323802948,80.2291183472,23511,23522,11
12.8322601318,80.2291412354,23522,23532,10
12.8317499161,80.2292480469,23532,23542,10
12.8310003281,80.2294692993,23542,23552,10
12.830039978,80.2298202515,23552,23562,10
12.8290300369,80.2302322388,23562,23572,10
12.8279695511,80.2308120728,23572,23582,10
12.8268604279,80.231300354,23582,23592,10
12.8256196976,80.2313995361,23592,23602,10
12.8243999481,80.2313079834,23602,23613,11
12.8231096268,80.2309494019,23613,23623,10
12.8219003677,80.2305831909,23623,23633,10
12.8206796646,80.23046875,23633,23643,10
12.8195295334,80.2305297852,23643,23653,10
12.8189601898,80.2304992676,23653,23663,10
12.8187799454,80.2304534912,23663,23673,10
12.8182296753,80.2301712036,23673,23683,10
12.8173904419,80.2297821045,23683,23693,10
12.8163404465,80.2294998169,23693,23704,11
12.815079689,80.2293014526,23704,23714,10
12.8138799667,80.229057312,23714,23724,10
12.8127002716,80.2286834717,23724,23734,10
12.8115100861,80.2282409668,23734,23744,10
12.8103303909,80.2277832031,23744,23754,10
12.8092002869,80.2272415161,23754,23764,10
12.8081998825,80.2264404297,23764,23774,10
12.8072595596,80.2256469727,23774,23784,10
12.8064804077,80.2249603271,23784,23795,11
12.8056898117,80.224281311,23795,23805,10
12.8050098419,80.2240219116,23805,23815,10
12.8045902252,80.2239379883,23815,23825,10
12.8040103912,80.2238998413,23825,23835,10
12.8032598495,80.2238311768,23835,23845,10
12.8023004532,80.2236862183,23845,23855,10
12.8012199402,80.2235794067,23855,23865,10
12.8000802994,80.2234802246,23865,23875,10
12.7988700867,80.2233734131,23875,23886,11
12.7974100113,80.2231826782,23886,23896,10
12.7962799072,80.2229919434,23896,23906,10
12.7953500748,80.2228317261,23906,23916,10
12.7944002151,80.2226715088,23916,23926,10
12.7935800552,80.2225494385,23926,23936,10
12.7925300598,80.2223815918,23936,23946,10
12.7913799286,80.2221069336,23946,23956,10
12.7902698517,80.2218399048,23956,23966,10
12.7895002365,80.2216186523,23966,23977,11
12.7889003754,80.2213897705,23977,23987,10
12.7883996964,80.2211914063,23987,23997,10
12.7878599167,80.2209625244,23997,24007,10
12.7871704102,80.2207183838,24007,24017,10
12.7865400314,80.2204666138,24017,24027,10
12.7863702774,80.2203903198,24027,24037,10
12.7862901688,80.2203292847,24037,24047,10
12.7861995697,80.2204971313,24047,24057,10
12.7861795425,80.2208328247,24057,24068,11
12.7861795425,80.2211990356,24068,24078,10
12.786239624,80.2216262817,24078,24148,70
12.7862997055,80.2220001221,24148,24968,820
12.7862997055,80.2220001221,24968,24978,10
12.7861795425,80.2218017578,24978,24988,10
12.7861995697,80.2215118408,24988,24998,10
12.786190033,80.2214126587,24998,25008,10
12.786190033,80.2211380005,25008,25018,10
12.7862300873,80.2205581665,25018,25038,20
12.7862300873,80.2205581665,25038,25049,11
12.7865104675,80.2204666138,25049,25069,20
12.7865104675,80.2204666138,25069,25079,10
12.7867097855,80.2205963135,25079,25089,10
12.7871198654,80.2207489014,25089,25099,10
12.7877702713,80.2209777832,25099,25109,10
12.788599968,80.2212982178,25109,25119,10
12.7896203995,80.2216491699,25119,25129,10
12.7904396057,80.2218780518,25129,25140,11
12.7916402817,80.2221908569,25140,25150,10
12.7929401398,80.2224807739,25150,25160,10
12.7942695618,80.2226715088,25160,25170,10
12.7954998016,80.222869873,25170,25180,10
12.7963895798,80.2229919434,25180,25190,10
12.7966003418,80.2230529785,25190,25200,10
12.7971801758,80.22315979,25200,25210,10
12.7980203629,80.2232818604,25210,25220,10
12.7990503311,80.2233963013,25220,25231,11
12.8004398346,80.2235183716,25231,25241,10
12.8014297485,80.2236175537,25241,25251,10
12.8017501831,80.2236633301,25251,25261,10
12.8024501801,80.223739624,25261,25271,10
12.803319931,80.2238616943,25271,25281,10
12.8042697906,80.2239227295,25281,25291,10
12.8050403595,80.2240219116,25291,25301,10
12.8054704666,80.2241287231,25301,25311,10
12.8057603836,80.224281311,25311,25322,11
12.8063697815,80.2248001099,25322,25332,10
12.8071203232,80.2254562378,25332,25342,10
12.8079500198,80.2261734009,25342,25352,10
12.808930397,80.2269973755,25352,25362,10
12.8101396561,80.2276763916,25362,25372,10
12.8114404678,80.2282180786,25372,25382,10
12.8127202988,80.2286834717,25382,25392,10
12.8140201569,80.2291030884,25392,25402,10
12.8153800964,80.2293395996,25402,25413,11
12.8168401718,80.2295684814,25413,25423,10
12.8180398941,80.2300415039,25423,25433,10
12.8191604614,80.2304763794,25433,25443,10
12.8197603226,80.23046875,25443,25453,10
12.8198795319,80.2304611206,25453,25463,10
12.8203001022,80.2304534912,25463,25473,10
12.8205003738,80.2304382324,25473,25483,10
12.8210802078,80.2304534912,25483,25493,10
12.8214998245,80.2304992676,25493,25504,11
12.8223800659,80.2306900024,25504,25514,10
12.8234300613,80.2310180664,25514,25524,10
12.8245401382,80.2312927246,25524,25534,10
12.8257102966,80.2313919067,25534,25544,10
12.8269500732,80.2312774658,25544,25554,10
12.8281002045,80.2307281494,25554,25564,10
12.8292598724,80.2301330566,25564,25574,10
12.8304195404,80.229637146,25574,25584,10
12.8310804367,80.2293701172,25584,25595,11
12.8312501907,80.2293395996,25595,25605,10
12.8317403793,80.2291793823,25605,25615,10
12.8324604034,80.2290115356,25615,25625,10
12.8333902359,80.2288513184,25625,25635,10
12.834400177,80.2286911011,25635,25645,10
12.8355197906,80.2285079956,25645,25655,10
12.8367099762,80.2283401489,25655,25665,10
12.8379001617,80.2281417847,25665,25675,10
12.8389501572,80.2278900146,25675,25686,11
12.8393802643,80.2277832031,25686,25696,10
12.8395795822,80.227722168,25696,25706,10
12.8400497437,80.2275772095,25706,25716,10
12.8408603668,80.2273635864,25716,25726,10
12.8418703079,80.2271270752,25726,25736,10
12.843079567,80.226852417,25736,25746,10
12.8442497253,80.2266235352,25746,25756,10
12.8452396393,80.2265472412,25756,25766,10
12.8453998566,80.2265625,25766,25777,11
12.8455095291,80.2265777588,25777,25787,10
12.8459997177,80.2265777588,25787,25797,10
12.8468198776,80.2265701294,25797,25807,10
12.8479003906,80.2265777588,25807,25817,10
12.8491201401,80.2265625,25817,25827,10
12.8500299454,80.2265396118,25827,25837,10
12.850060463,80.2265396118,25837,25847,10
12.8504104614,80.2265396118,25847,25858,11
12.8512001038,80.2265701294,25858,25868,10
12.8522195816,80.2266082764,25868,25878,10
12.8533802032,80.2266387939,25878,25888,10
12.8546199799,80.2265167236,25888,25898,10
12.8559503555,80.2263793945,25898,25908,10
12.8572998047,80.2262268066,25908,25918,10
12.8585996628,80.2262191772,25918,25928,10
12.8598804474,80.2263793945,25928,25938,10
12.8607196808,80.2265014648,25938,25949,11
12.8607997894,80.2264862061,25949,25959,10
12.8610496521,80.2265014648,25959,25969,10
12.8616104126,80.2265090942,25969,25979,10
12.8625097275,80.2264785767,25979,25989,10
12.8636302948,80.2264785767,25989,25999,10
12.8648900986,80.2265396118,25999,26009,10
12.866230011,80.2265167236,26009,26019,10
12.8675899506,80.2264175415,26019,26029,10
12.8689603806,80.2264099121,26029,26040,11
12.8704595566,80.2265777588,26040,26050,10
12.8717803955,80.2266464233,26050,26060,10
12.8727197647,80.2266387939,26060,26070,10
12.8729000092,80.2266387939,26070,26080,10
12.8733701706,80.2266616821,26080,26090,10
12.8741703033,80.2267303467,26090,26100,10
12.8752202988,80.2268676758,26100,26110,10
12.8762702942,80.2269134521,26110,26120,10
12.876660347,80.2268981934,26120,26131,11
12.8767004013,80.2269134521,26131,26141,10
12.8769702911,80.226890564,26141,26151,10
12.8776702881,80.2268295288,26151,26161,10
12.8786096573,80.2267608643,26161,26171,10
12.8797397614,80.2267227173,26171,26181,10
12.8809204102,80.2266998291,26181,26191,10
12.8821802139,80.2266921997,26191,26201,10
12.8834600449,80.2266769409,26201,26211,10
12.8846797943,80.2266693115,26211,26222,11
12.8852300644,80.2266693115,26222,26232,10
12.8853998184,80.2266998291,26232,26242,10
12.8859500885,80.2268295288,26242,26252,10
12.8867797852,80.2270584106,26252,26262,10
12.8878002167,80.2272491455,26262,26272,10
12.8889198303,80.2273025513,26272,26282,10
12.8902196884,80.2273025513,26282,26292,10
12.8915596008,80.2273178101,26292,26302,10
12.8925895691,80.2273635864,26302,26313,11
12.8937196732,80.2275009155,26313,26323,10
12.8948898315,80.2276077271,26323,26333,10
12.8961000443,80.2276687622,26333,26343,10
12.8973398209,80.2277297974,26343,26353,10
12.898639679,80.2278137207,26353,26363,10
12.8996896744,80.2278671265,26363,26373,10
12.9002199173,80.2278671265,26373,26383,10
12.9003000259,80.2278671265,26383,26393,10
12.9004402161,80.227897644,26393,26404,11
12.9008398056,80.2279205322,26404,26414,10
12.901049614,80.2279281616,26414,26424,10
12.9016103745,80.2279663086,26424,26434,10
12.9023895264,80.2279891968,26434,26444,10
12.9028396606,80.2279968262,26444,26454,10
12.9029197693,80.2279968262,26454,26464,10
12.9033403397,80.2279968262,26464,26474,10
12.9040498734,80.2280731201,26474,26484,10
12.9049100876,80.2281265259,26484,26495,11
12.905500412,80.2281723022,26495,26505,10
12.9058704376,80.2282028198,26505,26515,10
12.906129837,80.2282180786,26515,26555,40
12.906129837,80.2282180786,26555,26565,10
12.9064903259,80.2282409668,26565,26586,21
12.9064903259,80.2282409668,26586,26596,10
12.9067401886,80.2282791138,26596,26606,10
12.9070701599,80.2282791138,26606,26616,10
12.9072399139,80.2283172607,26616,26626,10
12.9078397751,80.2284011841,26626,26636,10
12.9087696075,80.2285385132,26636,26646,10
12.9099502563,80.2287368774,26646,26656,10
12.9112901688,80.2289428711,26656,26666,10
12.9126796722,80.2291183472,26666,26677,11
12.9138803482,80.2292785645,26677,26687,10
12.914059639,80.229309082,26687,26697,10
12.9144001007,80.229347229,26697,26707,10
12.9150495529,80.2294616699,26707,26717,10
12.9159898758,80.229598999,26717,26727,10
12.9171199799,80.2297515869,26727,26737,10
12.9183197021,80.2299118042,26737,26747,10
12.9195899963,80.2300796509,26747,26757,10
12.920920372,80.2302398682,26757,26768,11
12.9224100113,80.2304534912,26768,26778,10
12.9237699509,80.2306518555,26778,26788,10
12.9251098633,80.2308273315,26788,26798,10
12.9262199402,80.2309265137,26798,26808,10
12.9264297485,80.2309570313,26808,26818,10
12.9268598557,80.231010437,26818,26828,10
12.9276199341,80.2311096191,26828,26838,10
12.928609848,80.2312393188,26838,26848,10
12.9297304153,80.2314682007,26848,26859,11
12.9310102463,80.231842041,26859,26869,10
12.9322099686,80.2322006226,26869,26879,10
12.9332799911,80.2325820923,26879,26889,10
12.9336595535,80.232749939,26889,26899,10
12.9337596893,80.2327880859,26899,26909,10
12.9341497421,80.2330093384,26909,26919,10
12.934920311,80.2333526611,26919,26929,10
12.9356098175,80.2336273193,26929,26939,10
12.9357204437,80.2336807251,26939,26950,11
12.9359502792,80.2337799072,26950,26960,10
12.9364900589,80.2340621948,26960,26970,10
12.9372997284,80.2344207764,26970,26980,10
12.9382801056,80.234916687,26980,26990,10
12.939330101,80.2354278564,26990,27000,10
12.939740181,80.2356262207,27000,27010,10
12.9398803711,80.235710144,27010,27020,10
12.9404497147,80.2359237671,27020,27030,10
12.9411897659,80.2361068726,27030,27041,11
12.942440033,80.2364425659,27041,27051,10
12.943400383,80.2370376587,27051,27061,10
12.9442100525,80.2379379272,27061,27071,10
12.9450902939,80.238899231,27071,27081,10
12.9461803436,80.2395782471,27081,27091,10
12.9471998215,80.2399597168,27091,27101,10
12.9473600388,80.240020752,27101,27111,10
12.9476804733,80.2401504517,27111,27122,11
12.9483299255,80.2404174805,27122,27132,10
12.9487304688,80.2405319214,27132,27142,10
12.948800087,80.240562439,27142,27152,10
12.9489803314,80.2406311035,27152,27162,10
12.9494199753,80.2408294678,27162,27172,10
12.9501495361,80.2410583496,27172,27182,10
12.9507799149,80.2412414551,27182,27192,10
12.9511804581,80.2413635254,27192,27202,10
12.9514398575,80.2414703369,27202,27213,11
12.9520902634,80.2416992188,27213,27223,10
12.9528799057,80.2420196533,27223,27233,10
12.9538202286,80.2424087524,27233,27243,10
12.9547595978,80.2427902222,27243,27253,10
12.9553604126,80.243019104,27253,27263,10
12.956319809,80.2434463501,27263,27293,30
12.956319809,80.2434463501,27293,27304,11
12.9567899704,80.2436294556,27304,27314,10
12.9575500488,80.2439193726,27314,27324,10
12.9584798813,80.2442703247,27324,27334,10
12.9589796066,80.244468689,27334,27344,10
12.9591197968,80.2445526123,27344,27354,10
12.9595003128,80.2447433472,27354,27364,10
12.9603796005,80.2451629639,27364,27374,10
12.9613399506,80.2456207275,27374,27384,10
12.962389946,80.2461090088,27384,27395,11
12.9632101059,80.2464981079,27395,27405,10
12.9632797241,80.2465362549,27405,27415,10
12.9634399414,80.2466201782,27415,27425,10
12.9635295868,80.2466812134,27425,27435,10
12.96393013,80.2468566895,27435,27445,10
12.9646396637,80.2471313477,27445,27455,10
12.9655199051,80.2474212646,27455,27465,10
12.966509819,80.2477798462,27465,27475,10
12.9667196274,80.2478790283,27475,27486,11
12.9669599533,80.248008728,27486,27496,10
12.967499733,80.2482681274,27496,27506,10
12.9683103561,80.2486190796,27506,27516,10
12.9692802429,80.2490081787,27516,27526,10
12.9701900482,80.2493667603,27526,27536,10
12.9709300995,80.2496185303,27536,27546,10
12.9717702866,80.2498626709,27546,27556,10
12.9725999832,80.2500762939,27556,27566,10
12.9734296799,80.2503204346,27566,27577,11
12.9744701385,80.2506027222,27577,27587,10
12.9755096436,80.2509307861,27587,27597,10
12.9765901566,80.2512130737,27597,27607,10
12.977640152,80.2516937256,27607,27617,10
12.9784202576,80.252281189,27617,27627,10
12.9785804749,80.2523803711,27627,27637,10
12.9787797928,80.252456665,27637,27647,10
12.9794597626,80.2525863647,27647,27668,21
12.9794597626,80.2525863647,27668,27678,10
12.9796304703,80.2525634766,27678,27688,10
12.9798498154,80.2526168823,27688,27698,10
12.9804296494,80.2526397705,27698,27708,10
12.9812602997,80.2526397705,27708,27718,10
12.9822101593,80.2526092529,27718,27728,10
12.9831199646,80.2525634766,27728,27738,10
12.9841299057,80.2523498535,27738,27748,10
12.9852199554,80.2520599365,27748,27759,11
12.9860696793,80.2518463135,27759,27769,10
12.9869003296,80.2516098022,27769,27799,30
12.9869003296,80.2516098022,27799,27809,10
12.9869699478,80.2515792847,27809,27819,10
12.9872999191,80.2514877319,27819,27829,10
12.987830162,80.251373291,27829,27839,10
12.9886198044,80.2511825562,27839,27850,11
12.989569664,80.2509307861,27850,27870,20
12.989569664,80.2509307861,27870,27880,10
12.9899301529,80.250831604,27880,27890,10
12.9905796051,80.2506790161,27890,27900,10
12.9913902283,80.2504730225,27900,27910,10
12.9923295975,80.2502365112,27910,27920,10
12.9933900833,80.2499923706,27920,27930,10
12.9945201874,80.249710083,27930,27941,11
12.995880127,80.2493515015,27941,27951,10
12.9967098236,80.2491226196,27951,27961,10
12.9967603683,80.249130249,27961,27971,10
12.997010231,80.2490768433,27971,27981,10
12.9975700378,80.2489395142,27981,27991,10
12.9985198975,80.2487106323,27991,28001,10
12.9995803833,80.2484512329,28001,28011,10
13.0007600784,80.2481689453,28011,28021,10
13.001999855,80.2478637695,28021,28032,11
13.0033597946,80.2475662231,28032,28042,10
13.0046396255,80.2473602295,28042,28052,10
13.0057897568,80.2471466064,28052,28062,10
13.0065898895,80.2463226318,28062,28082,20
13.0065898895,80.2463226318,28082,28092,10
13.0066404343,80.2458877563,28092,28102,10
13.0066795349,80.2451934814,28102,28112,10
13.0066795349,80.2443008423,28112,28123,11
13.0066204071,80.2431182861,28123,28133,10
13.0065898895,80.2420120239,28133,28143,10
13.0066404343,80.2409973145,28143,28153,10
13.0066604614,80.2404632568,28153,28163,10
13.0067300797,80.2401733398,28163,28173,10
13.0068902969,80.2396087646,28173,28183,10
13.007060051,80.2386932373,28183,28193,10
13.0072603226,80.2376480103,28193,28203,10
13.0073900223,80.2368011475,28203,28214,11
13.0074396133,80.236579895,28214,28224,10
13.0075502396,80.2362594604,28224,28234,10
13.0076904297,80.2356033325,28234,28244,10
13.0078601837,80.2348098755,28244,28254,10
13.0080499649,80.2340011597,28254,28264,10
13.0083198547,80.2326507568,28264,28274,10
13.0085601807,80.2313537598,28274,28284,10
13.0088195801,80.2300186157,28284,28295,11
13.0090999603,80.2285995483,28295,28305,10
13.0095100403,80.2275009155,28305,28315,10
13.010020256,80.2263793945,28315,28325,10
13.0105600357,80.2253189087,28325,28335,10
13.0109901428,80.224357605,28335,28345,10
13.0114002228,80.2233886719,28345,28355,10
13.0117902756,80.2223129272,28355,28365,10
13.0122203827,80.2214508057,28365,28375,10
13.0124702454,80.2216033936,28375,28386,11
13.012840271,80.2221603394,28386,28396,10
13.013420105,80.2227630615,28396,28406,10
13.0139703751,80.2233505249,28406,28416,10
13.0142698288,80.2236785889,28416,28426,10
13.0146198273,80.2240066528,28426,28436,10
13.0152702332,80.2247772217,28436,28446,10
13.0155200958,80.2249679565,28446,28456,10
13.0156002045,80.2249984741,28456,28466,10
13.0159101486,80.2253189087,28466,28477,11
13.0167703629,80.2252502441,28477,28487,10
13.0176401138,80.224937439,28487,28497,10
13.0185403824,80.2245635986,28497,28507,10
13.0193996429,80.2244033813,28507,28517,10
13.0202703476,80.224861145,28517,28537,20
13.0202703476,80.224861145,28537,28547,10
13.020409584,80.2249984741,28547,28557,10
13.0208797455,80.2253417969,28557,28568,11
13.0213298798,80.225692749,28568,28578,10
13.0217599869,80.2259979248,28578,28588,10
13.0221004486,80.2261886597,28588,29205,617
13.022190094,80.2262573242,29205,29296,91
13.022190094,80.2262573242,29296,29306,10
13.0222997665,80.2263031006,29306,29316,10
13.0224199295,80.2264785767,29316,29326,10
13.0227203369,80.2267608643,29326,29336,10
13.0231800079,80.2272262573,29336,29346,10
13.0236597061,80.2276763916,29346,29356,10
13.0242795944,80.228302002,29356,29377,21
13.0243501663,80.2284164429,29377,29468,91
13.0243501663,80.2284164429,29468,29478,10
13.0244197845,80.2285995483,29478,29488,10
13.0241804123,80.2285614014,29488,29498,10
13.023900032,80.2281570435,29498,29508,10
13.0236101151,80.2278823853,29508,29660,152
13.0234098434,80.2277526855,29660,30024,364
13.0234098434,80.2277526855,30024,30034,10
13.023349762,80.2276000977,30034,30044,10
13.0230998993,80.2274093628,30044,30054,10
13.0228204727,80.2270812988,30054,30064,10
13.0225801468,80.2268218994,30064,30074,10
13.0222902298,80.2265396118,30074,30084,10
13.0218696594,80.2261810303,30084,30095,11
13.0215902328,80.2259902954,30095,30105,10
13.0213603973,80.2258377075,30105,30115,10
13.0210103989,80.2255630493,30115,30125,10
13.0205202103,80.2251815796,30125,30135,10
13.0198402405,80.2247390747,30135,30165,30
13.0198402405,80.2247390747,30165,30175,10
13.0197401047,80.2247085571,30175,30186,11
13.0193395615,80.2245483398,30186,30196,10
13.0185403824,80.2246398926,30196,30206,10
13.0176200867,80.2250137329,30206,30216,10
13.0167198181,80.2253799438,30216,30226,10
13.0160398483,80.2256011963,30226,30236,10
13.0152597427,80.2258605957,30236,30246,10
13.01445961,80.2261962891,30246,30256,10
13.014380455,80.2262268066,30256,30266,10
13.0141601563,80.2262802124,30266,30277,11
13.0136098862,80.2265014648,30277,30287,10
13.0128602982,80.2267990112,30287,30297,10
13.0119600296,80.2271575928,30297,30307,10
13.0110397339,80.2275314331,30307,30317,10
13.0100803375,80.2279510498,30317,30327,10
13.0092496872,80.2283935547,30327,30337,10
13.0090503693,80.2291564941,30337,30347,10
13.0089302063,80.229850769,30347,30358,11
13.0088100433,80.2306594849,30358,30408,50
13.0088100433,80.2306594849,30408,30418,10
13.0087299347,80.2309112549,30418,30428,10
13.0086402893,80.2314224243,30428,30438,10
13.008480072,80.2321777344,30438,30449,11
13.0082998276,80.2331008911,30449,30459,10
13.0082302094,80.2335510254,30459,30469,10
13.0081796646,80.2337112427,30469,30479,10
13.0080604553,80.2342224121,30479,30489,10
13.0079097748,80.234916687,30489,30499,10
13.0078496933,80.2352676392,30499,30509,10
13.0077199936,80.2359008789,30509,30519,10
13.0075397491,80.2368087769,30519,30529,10
13.0073003769,80.2379379272,30529,30540,11
13.007060051,80.2391891479,30540,30550,10
13.0069303513,80.2398376465,30550,30560,10
13.0068502426,80.2402191162,30560,30570,10
13.006770134,80.2406997681,30570,30580,10
13.0067100525,80.2409973145,30580,30590,10
13.0066604614,80.2414932251,30590,30599,9
13.0066404343,80.2420425415,30599,30610,11
13.0066404343,80.2423782349,30610,30620,10
13.0066604614,80.2425231934,30620,30631,11
13.0066604614,80.242767334,30631,30641,10
13.0066604614,80.2429580688,30641,30651,10
13.006649971,80.2432479858,30651,30661,10
13.0066795349,80.2435302734,30661,30671,10
13.0066404343,80.243927002,30671,30681,10
13.0066404343,80.2442474365,30681,30691,10
13.0066604614,80.2444915771,30691,30701,10
13.0066604614,80.2448577881,30701,30711,10
13.0066795349,80.2453613281,30711,30732,21
13.0066795349,80.2453613281,30732,30742,10
13.0067195892,80.2455596924,30742,30752,10
13.0066795349,80.2459793091,30752,30762,10
13.0066900253,80.2465286255,30762,30772,10
13.0066900253,80.2469329834,30772,30782,10
13.0065698624,80.2473678589,30782,30792,10
13.0061197281,80.2474365234,30792,30813,21
13.0061197281,80.2474365234,30813,30823,10
13.0059995651,80.2474136353,30823,30833,10
13.0055799484,80.2473831177,30833,30843,10
13.0048398972,80.2474136353,30843,30853,10
13.0038900375,80.2474899292,30853,30863,10
13.0030002594,80.2476119995,30863,30873,10
13.0015602112,80.2479782104,30873,30883,10
13.0002403259,80.2483062744,30883,30893,10
12.9989204407,80.248626709,30893,30904,11
12.9979896545,80.2488708496,30904,30914,10
12.9979600906,80.2488708496,30914,30924,10
12.9978599548,80.248878479,30924,30934,10
12.9973897934,80.2490081787,30934,30944,10
12.9966001511,80.2491912842,30944,30954,10
12.9956502914,80.249420166,30954,30964,10
12.9945402145,80.24974823,30964,30974,10
12.9932603836,80.2500686646,30974,30984,10
12.9919996262,80.2503814697,30984,30995,11
12.9910297394,80.2506637573,30995,31005,10
12.9909896851,80.2506637573,31005,31015,10
12.9906597137,80.2507629395,31015,31025,10
12.9899902344,80.2509231567,31025,31035,10
12.9894599915,80.2510604858,31035,31257,222
12.9894599915,80.2510604858,31257,31268,11
12.9893102646,80.2509613037,31268,31278,10
12.9891004562,80.2510986328,31278,31288,10
12.9888801575,80.2511367798,31288,31298,10
12.9887104034,80.2511825562,31298,31338,40
12.9887104034,80.2511825562,31338,31348,10
12.9884195328,80.2512969971,31348,31470,122
12.9884195328,80.2512969971,31470,31480,10
12.9883203506,80.2513580322,31480,31490,10
12.9880304337,80.2514190674,31490,31500,10
12.9875602722,80.2515335083,31500,31510,10
12.987039566,80.2516784668,31510,31520,10
12.9865398407,80.2518386841,31520,31530,10
12.9858598709,80.2519683838,31530,31541,11
12.9848098755,80.252243042,31541,31551,10
12.9837703705,80.2525024414,31551,31561,10
12.9827299118,80.2526626587,31561,31571,10
12.9817399979,80.2526626587,31571,31581,10
12.980799675,80.2526779175,31581,31591,10
12.9802703857,80.2527618408,31591,31601,10
12.9794797897,80.2527084351,31601,31611,10
12.9786396027,80.2525787354,31611,31632,21
12.9786396027,80.2525787354,31632,31642,10
12.978509903,80.2525024414,31642,31652,10
12.978099823,80.2522125244,31652,31662,10
12.9774904251,80.2516937256,31662,31672,10
12.9765396118,80.2512588501,31672,31682,10
12.9753503799,80.2508773804,31682,31692,10
12.9740695953,80.2505111694,31692,31702,10
12.9730396271,80.2502212524,31702,31712,10
12.9714097977,80.249786377,31712,31723,11
12.9699201584,80.2493515015,31723,31733,10
12.9686002731,80.2488479614,31733,31743,10
12.96737957,80.248298645,31743,31753,10
12.9667396545,80.2480392456,31753,31763,10
12.9661397934,80.2477264404,31763,31773,10
12.9650802612,80.2473831177,31773,31793,20
12.9650802612,80.2473831177,31793,31803,10
12.9649400711,80.2473068237,31803,31814,11
12.9645795822,80.247177124,31814,31824,10
12.9640798569,80.2469482422,31824,31834,10
12.9639797211,80.2469329834,31834,31844,10
12.963760376,80.2468795776,31844,31854,10
12.9632396698,80.24659729,31854,31864,10
12.9625902176,80.246307373,31864,31874,10
12.9617795944,80.2458877563,31874,31884,10
12.9608602524,80.2454528809,31884,31894,10
12.9593801498,80.2448196411,31894,31915,21
12.9593801498,80.2448196411,31915,31925,10
12.9593200684,80.2447509766,31925,31935,10
12.9591398239,80.244682312,31935,31945,10
12.9587802887,80.2445602417,31945,31955,10
12.95814991,80.2443084717,31955,31965,10
12.9577798843,80.2441482544,31965,31975,10
12.9573802948,80.2439804077,31975,31985,10
12.9565000534,80.243598938,31985,32006,21
12.9565000534,80.243598938,32006,32016,10
12.9563102722,80.2435302734,32016,32026,10
12.9557600021,80.2432785034,32026,32036,10
12.9549999237,80.2429275513,32036,32046,10
12.9542703629,80.2426605225,32046,32056,10
12.9529895782,80.2420578003,32056,32066,10
12.9519395828,80.2417602539,32066,32076,10
12.9517297745,80.2416915894,32076,32087,11
12.9516496658,80.2417068481,32087,32097,10
12.9511404037,80.2415084839,32097,32107,10
12.9503898621,80.2413101196,32107,32117,10
12.9495201111,80.2410202026,32117,32228,111
12.9495201111,80.2410202026,32228,32238,10
12.9493198395,80.2408828735,32238,32248,10
12.9490003586,80.2408218384,32248,32258,10
12.9484195709,80.2405395508,32258,32269,11
12.9472904205,80.2400588989,32269,32289,20
12.9472904205,80.2400588989,32289,32299,10
12.9471998215,80.2400283813,32299,32309,10
12.946849823,80.2398605347,32309,32319,10
12.9462003708,80.2395782471,32319,32329,10
12.9454202652,80.2391967773,32329,32339,10
12.9446496964,80.2384872437,32339,32349,10
12.9438800812,80.23777771,32349,32360,11
12.943189621,80.2369995117,32360,32370,10
12.9424495697,80.236541748,32370,32380,10
12.9414100647,80.2362594604,32380,32390,10
12.9398803711,80.2358322144,32390,32420,30
12.9398803711,80.2358322144,32420,32430,10
12.9395503998,80.2356491089,32430,32440,10
12.9388904572,80.2353591919,32440,32451,11
12.9379997253,80.2349319458,32451,32461,10
12.9370498657,80.2344512939,32461,32471,10
12.936249733,80.2340316772,32471,32481,10
12.9357595444,80.2338027954,32481,32491,10
12.9351797104,80.2335586548,32491,32501,10
12.9343900681,80.2332077026,32501,32511,10
12.9339704514,80.2329864502,32511,32531,20
12.9339704514,80.2329864502,32531,32542,11
12.9336204529,80.2328567505,32542,32552,10
12.9329500198,80.2325210571,32552,32562,10
12.9321203232,80.2322235107,32562,32572,10
12.9311103821,80.2318191528,32572,32582,10
12.9300098419,80.2314987183,32582,32592,10
12.929309845,80.2314071655,32592,32602,10
12.9289398193,80.2313613892,32602,32622,20
12.9289398193,80.2313613892,32622,32633,11
12.9287900925,80.231338501,32633,32643,10
12.92827034,80.2312469482,32643,32653,10
12.927479744,80.2311477661,32653,32663,10
12.9261703491,80.231010437,32663,32693,30
12.9261703491,80.231010437,32693,32703,10
12.9259700775,80.2309799194,32703,32713,10
12.9254398346,80.2309112549,32713,32724,11
12.9246196747,80.230796814,32724,32734,10
12.9237499237,80.230682373,32734,32744,10
12.9226999283,80.2305297852,32744,32754,10
12.9214696884,80.2303390503,32754,32764,10
12.9201602936,80.2301864624,32764,32774,10
12.9188098907,80.2300109863,32774,32784,10
12.9175395966,80.2298583984,32784,32794,10
12.9169597626,80.2297592163,32794,32804,10
12.9164199829,80.2297210693,32804,32815,11
12.9155502319,80.229598999,32815,32825,10
12.9145498276,80.2294235229,32825,32835,10
12.9132404327,80.2292633057,32835,32875,40
12.9132404327,80.2292633057,32875,32885,10
12.9130001068,80.2292327881,32885,32895,10
12.9124002457,80.2291412354,32895,32906,11
12.9114599228,80.2289810181,32906,32916,10
12.9104299545,80.228843689,32916,32926,10
12.9093503952,80.2286605835,32926,32936,10
12.9085102081,80.2285308838,32936,32946,10
12.9081401825,80.2284622192,32946,32956,10
12.9081001282,80.2284622192,32956,32966,10
12.9077796936,80.2284164429,32966,32976,10
12.9071598053,80.2284088135,32976,33067,91
12.9071598053,80.2284088135,33067,33077,10
12.9068803787,80.2282409668,33077,33088,11
12.9064798355,80.2282791138,33088,33098,10
12.9057197571,80.2281799316,33098,33108,10
12.9047899246,80.2281265259,33108,33118,10
12.9039697647,80.2281036377,33118,33128,10
12.9030704498,80.2280807495,33128,33138,10
12.9021997452,80.2280426025,33138,33148,10
12.9017400742,80.2280426025,33148,33158,10
12.9013700485,80.2280197144,33158,33168,10
12.9009599686,80.2279586792,33168,33179,11
12.9003295898,80.227897644,33179,33189,10
12.8997402191,80.227897644,33189,33199,10
12.8988103867,80.227897644,33199,33270,71
12.8988103867,80.227897644,33270,33280,10
12.8986301422,80.2279434204,33280,33290,10
12.8981895447,80.2278289795,33290,33300,10
12.8974304199,80.2277526855,33300,33310,10
12.8965301514,80.2276992798,33310,33320,10
12.8954601288,80.2276611328,33320,33330,10
12.8943796158,80.2276229858,33330,33340,10
12.8937597275,80.2275619507,33340,33350,10
12.8937196732,80.2275466919,33350,33361,11
12.8935203552,80.2275085449,33361,33371,10
12.8931598663,80.2274475098,33371,33381,10
12.892999649,80.2274398804,33381,33391,10
12.8928003311,80.2274398804,33391,33401,10
12.8924503326,80.2274017334,33401,33411,10
12.8921098709,80.2273864746,33411,33421,10
12.8914899826,80.2273635864,33421,33431,10
12.8906402588,80.2273483276,33431,33442,11
12.8895397186,80.2273635864,33442,33452,10
12.8885698318,80.2273483276,33452,33462,10
12.8874998093,80.2272567749,33462,33472,10
12.886349678,80.2270202637,33472,33482,10
12.8855104446,80.2268218994,33482,33492,10
12.8851900101,80.2267379761,33492,33512,20
12.8851900101,80.2267379761,33512,33522,10
12.8850402832,80.2267227173,33522,33533,11
12.8845500946,80.2267227173,33533,33543,10
12.8838195801,80.2267227173,33543,33553,10
12.8829097748,80.2267303467,33553,33563,10
12.8820400238,80.2267227173,33563,33573,10
12.8805999756,80.2267074585,33573,33583,10
12.8792800903,80.2267303467,33583,33593,10
12.8780298233,80.2268218994,33593,33603,10
12.877530098,80.2269134521,33603,33613,10
12.8775196075,80.2269134521,33613,33624,11
12.8774003983,80.2269592285,33624,33634,10
12.8773899078,80.2269592285,33634,33644,10
12.8772602081,80.2269515991,33644,33654,10
12.8769903183,80.2269592285,33654,33664,10
12.876709938,80.2269821167,33664,33674,10
12.8766002655,80.2269897461,33674,33684,10
12.8763999939,80.2269668579,33684,33694,10
12.8759698868,80.2269668579,33694,33704,10
12.8752698898,80.2269210815,33704,33715,11
12.8742799759,80.2267990112,33715,33725,10
12.8732204437,80.2267379761,33725,33735,10
12.8725595474,80.2267379761,33735,33745,10
12.8725404739,80.2267303467,33745,33755,10
12.8723096848,80.2266998291,33755,33765,10
12.8718004227,80.2266616821,33765,33775,10
12.8710803986,80.2266387939,33775,33785,10
12.8702001572,80.2265777588,33785,33795,10
12.86921978,80.2264785767,33795,33806,11
12.8680801392,80.2264175415,33806,33816,10
12.8670597076,80.2265090942,33816,33826,10
12.8659601212,80.2266235352,33826,33836,10
12.8647499084,80.2266082764,33836,33846,10
12.8634500504,80.2265625,33846,33856,10
12.8621101379,80.226600647,33856,33866,10
12.8609895706,80.2266082764,33866,33886,20
12.8609895706,80.2266082764,33886,33897,11
12.8605604172,80.226600647,33897,33907,10
12.8598899841,80.2265014648,33907,33917,10
12.859000206,80.2263717651,33917,33927,10
12.8581495285,80.2263031006,33927,33937,10
12.8570995331,80.226348877,33937,33947,10
12.8559103012,80.2264633179,33947,33957,10
12.8546304703,80.226600647,33957,33967,10
12.853269577,80.2267227173,33967,33977,10
12.851849556,80.2266769409,33977,33988,11
12.8503599167,80.2266235352,33988,33998,10
12.8497495651,80.2266464233,33998,34018,20
12.8497495651,80.2266464233,34018,34028,10
12.8494100571,80.2266235352,34028,34038,10
12.8487796783,80.226600647,34038,34048,10
12.8478803635,80.2266082764,34048,34058,10
12.8467998505,80.2266235352,34058,34068,10
12.8460998535,80.2266464233,34068,34079,11
12.8459997177,80.2266464233,34079,34089,10
12.8453702927,80.2266082764,34089,34129,40
12.8453702927,80.2266082764,34129,34139,10
12.8451499939,80.2266616821,34139,34149,10
12.8446302414,80.2266693115,34149,34159,10
12.8438997269,80.2267303467,34159,34170,11
12.8428697586,80.2268676758,34170,34180,10
12.8416900635,80.2271499634,34180,34190,10
12.8406400681,80.2274475098,34190,34200,10
12.8399000168,80.2276992798,34200,34271,71
12.8399000168,80.2276992798,34271,34281,10
12.8391103745,80.2279129028,34281,34291,10
12.8383302689,80.2280807495,34291,34301,10
12.8373498917,80.2282791138,34301,34311,10
12.8361597061,80.2284469604,34311,34321,10
12.8348398209,80.2286529541,34321,34331,10
12.8334903717,80.2288894653,34331,34341,10
12.8325500488,80.229057312,34341,34352,11
12.8320503235,80.2291793823,34352,34362,10
12.8316802979,80.2291412354,34362,34372,10
12.8316001892,80.2289428711,34372,34382,10
12.8316001892,80.2287979126,34382,34392,10
12.8315000534,80.2283325195,34392,34402,10
12.8313398361,80.2275772095,34402,34412,10
12.8311395645,80.2266311646,34412,34422,10
12.8310804367,80.2254714966,34422,34432,10
12.8310899734,80.2247161865,34432,34443,11
12.8310899734,80.2243118286,34443,34453,10
12.8311004639,80.2236099243,34453,34463,10
12.8311004639,80.2227096558,34463,34473,10
12.8311100006,80.2221832275,34473,34483,10
12.8311100006,80.2217788696,34483,34493,10
12.8311004639,80.2210769653,34493,34503,10
12.8311195374,80.2201766968,34503,34513,10
12.8311300278,80.2196731567,34513,34523,10
12.8308601379,80.2193984985,34523,34534,11
12.8300800323,80.2194213867,34534,34544,10
12.8291397095,80.2194519043,34544,34554,10
12.8280897141,80.2194824219,34554,34564,10
12.8276100159,80.2194824219,34564,34594,30
12.8276100159,80.2194824219,34594,34604,10
12.8275098801,80.2194137573,34604,34614,10
12.8269996643,80.2194213867,34614,34625,11
12.8262395859,80.2194137573,34625,34635,10
12.8259000778,80.2193832397,34635,34645,10
12.8252601624,80.2194366455,34645,34665,20
12.8252601624,80.2194366455,34665,34675,10
12.8248195648,80.2194671631,34675,34685,10
12.8241195679,80.2194213867,34685,34695,10
12.8232002258,80.2194290161,34695,34705,10
12.8228597641,80.2194213867,34705,34716,11
12.8226804733,80.2190933228,34716,34726,10
12.8226804733,80.219078064,34726,34736,10
12.8226604462,80.2189025879,34736,34746,10
12.8226699829,80.2183227539,34746,34756,10
12.8226604462,80.2174224854,34756,34766,10
12.8226804733,80.2165679932,34766,34776,10
12.8228502274,80.215927124,34776,34786,10
12.8230104446,80.2159500122,34786,34796,10
12.8235301971,80.2159729004,34796,34807,11
12.8247900009,80.2159729004,34807,34837,30
12.8247900009,80.2159729004,34837,34847,10
12.8251199722,80.216003418,34847,34857,10
12.8256502151,80.216003418,34857,34868,11
12.8258399963,80.2160797119,34868,34877,9
12.8259000778,80.2165985107,34877,34888,11
12.8259000778,80.2175674438,34888,34900,12
12.8258695602,80.2186584473,34900,34910,10
12.8259000778,80.21925354,34910,34920,10
12.8263597488,80.2193374634,34920,34930,10
12.8271598816,80.2193527222,34930,34940,10
12.8275003433,80.2193603516,34940,34950,10
12.8278799057,80.2193603516,34950,34960,10
12.8281002045,80.2193603516,34960,34970,10
12.8287200928,80.2193832397,34970,34980,10
12.8297395706,80.2194137573,34980,34991,11
12.8307199478,80.2194137573,34991,35001,10
12.8310403824,80.2194595337,35001,35011,10
12.831199646,80.2199325562,35011,35021,10
12.8311595917,80.2208099365,35021,35031,10
12.8311796188,80.2218399048,35031,35041,10
12.8311700821,80.2221984863,35041,35051,10
12.8311700821,80.2228393555,35051,35061,10
12.8311595917,80.2237701416,35061,35071,10
12.8311500549,80.2245483398,35071,35082,11
12.8311395645,80.2249679565,35082,35092,10
12.8311595917,80.225730896,35092,35102,10
12.8312196732,80.2266769409,35102,35112,10
12.8314199448,80.2276000977,35112,35122,10
12.831580162,80.2283706665,35122,35132,10
12.8317098618,80.2289123535,35132,35142,10
12.8317203522,80.2289428711,35142,35152,10
12.8317804337,80.2290802002,35152,35162,10
12.8321399689,80.229057312,35162,35173,11
12.8329496384,80.2289123535,35173,35183,10
12.8338403702,80.2287597656,35183,35193,10
12.834859848,80.2285766602,35193,35203,10
12.8359203339,80.2284164429,35203,35213,10
12.8370399475,80.2282562256,35213,35223,10
12.8381204605,80.2280426025,35223,35233,10
12.8389797211,80.2278137207,35233,35243,10
12.8394203186,80.2276229858,35243,35253,10
12.8395004272,80.2276000977,35253,35264,11
12.8397397995,80.2275390625,35264,35274,10
12.8403501511,80.2274475098,35274,35284,10
12.841170311,80.2272415161,35284,35294,10
12.8421602249,80.2270278931,35294,35304,10
12.8432102203,80.2268371582,35304,35314,10
12.8442897797,80.2266769409,35314,35324,10
12.8450698853,80.2266082764,35324,35334,10
12.8452796936,80.2265930176,35334,35344,10
12.8453102112,80.2265777588,35344,35355,11
12.845580101,80.226600647,35355,35365,10
12.8458003998,80.2265930176,35365,35375,10
12.8464202881,80.2265701294,35375,35385,10
12.8473396301,80.2265625,35385,35395,10
12.8483695984,80.2265396118,35395,35405,10
12.8494596481,80.2265167236,35405,35415,10
12.850060463,80.2265014648,35415,35425,10
12.8501796722,80.2265014648,35425,35436,11
12.850810051,80.2265396118,35436,35446,10
12.8516998291,80.226600647,35446,35456,10
12.8528499603,80.2266464233,35456,35466,10
12.854060173,80.2265777588,35466,35476,10
12.8552103043,80.2264480591,35476,35486,10
12.8564300537,80.2263183594,35486,35496,10
12.8577203751,80.2261886597,35496,35506,10
12.858880043,80.2262115479,35506,35516,10
12.8601102829,80.2263793945,35516,35527,11
12.8607797623,80.2264709473,35527,35537,10
12.8609399796,80.2264862061,35537,35547,10
12.8614797592,80.2265014648,35547,35557,10
12.8623800278,80.2264633179,35557,35567,10
12.8634395599,80.2264328003,35567,35577,10
12.8645401001,80.2264709473,35577,35587,10
12.8657398224,80.2265014648,35587,35597,10
12.8666801453,80.2264480591,35597,35607,10
12.8681201935,80.2263031006,35607,35617,10
12.8694295883,80.2263870239,35617,35628,11
12.8706502914,80.2265319824,35628,35638,10
12.8717899323,80.2265930176,35638,35648,10
12.8727302551,80.2265930176,35648,35658,10
12.8729000092,80.226600647,35658,35668,10
12.8732404709,80.2266082764,35668,35678,10
12.8739500046,80.2266616821,35678,35688,10
12.8749399185,80.2267913818,35688,35698,10
12.8760099411,80.2268829346,35698,35708,10
12.876449585,80.2268600464,35708,35719,11
12.8766403198,80.2268600464,35719,35729,10
12.8769397736,80.2268600464,35729,35739,10
12.8776702881,80.2267990112,35739,35749,10
12.8786697388,80.2267227173,35749,35759,10
12.8798303604,80.2266921997,35759,35769,10
12.8810396194,80.2266769409,35769,35779,10
12.8823204041,80.2266693115,35779,35789,10
12.8836402893,80.2266387939,35789,35799,10
12.8847904205,80.2266235352,35799,35810,11
12.8851203918,80.2266235352,35810,35820,10
12.8853397369,80.2266464233,35820,35830,10
12.8859596252,80.2267913818,35830,35840,10
12.8868398666,80.2270202637,35840,35850,10
12.8879699707,80.2272109985,35850,35860,10
12.8891801834,80.2272796631,35860,35870,10
12.8903303146,80.2272872925,35870,35880,10
12.8911800385,80.2273101807,35880,35891,11
12.8919200897,80.2272872925,35891,35901,10
12.8924703598,80.2273101807,35901,35911,10
12.893289566,80.2274398804,35911,35921,10
12.8939695358,80.2275238037,35921,35931,10
12.8946199417,80.2275695801,35931,35941,10
12.8954496384,80.2276077271,35941,35951,10
12.8965501785,80.2276535034,35951,35961,10
12.8977804184,80.2277069092,35961,35971,10
12.8989200592,80.2277832031,35971,35982,11
12.8992996216,80.2277984619,35982,35992,10
12.8999004364,80.2277984619,35992,36042,50
12.8999004364,80.2277984619,36042,36052,10
12.9003601074,80.2277679443,36052,36062,10
12.900639534,80.2277984619,36062,36073,11
12.90102005,80.2278518677,36073,36083,10
12.9013595581,80.2278823853,36083,36093,10
12.9017295837,80.2279129028,36093,36103,10
12.9023303986,80.2279205322,36103,36113,10
12.9024896622,80.2279434204,36113,36123,10
12.9028100967,80.2279434204,36123,36133,10
12.9029598236,80.2279586792,36133,36143,10
12.9035196304,80.2279968262,36143,36153,10
12.9040803909,80.2280197144,36153,36164,11
12.9044399261,80.2280426025,36164,36174,10
12.9044704437,80.2280426025,36174,36184,10
12.9048204422,80.2280578613,36184,36204,20
12.9048204422,80.2280578613,36204,36214,10
12.9050798416,80.2281265259,36214,36224,10
12.9053401947,80.2281188965,36224,36234,10
12.9053897858,80.2281494141,36234,36244,10
12.9057502747,80.228187561,36244,36406,162
12.9057502747,80.228187561,36406,36416,10
12.9061498642,80.2281417847,36416,36426,10
12.9064302444,80.2281265259,36426,36437,11
12.9069004059,80.2281799316,36437,36447,10
12.9070901871,80.2282485962,36447,36457,10
12.9076900482,80.2283325195,36457,36467,10
12.9085903168,80.2284698486,36467,36477,10
12.909819603,80.2286605835,36477,36487,10
12.911190033,80.2288589478,36487,36497,10
12.9125299454,80.2290496826,36497,36507,10
12.9137001038,80.2291870117,36507,36517,10
12.9140100479,80.2292480469,36517,36528,11
12.9143400192,80.2293014526,36528,36538,10
12.9150400162,80.2293930054,36538,36548,10
12.9159698486,80.2295532227,36548,36558,10
12.9170598984,80.2297134399,36558,36568,10
12.9182701111,80.2298812866,36568,36578,10
12.9195299149,80.2300491333,36578,36588,10
12.9208097458,80.23021698,36588,36598,10
12.9220895767,80.2303771973,36598,36608,10
12.9233999252,80.2305908203,36608,36619,11
12.9248399734,80.2307662964,36619,36629,10
12.9259300232,80.2308883667,36629,36639,10
12.9263401031,80.2309188843,36639,36649,10
12.9265899658,80.2309570313,36649,36659,10
12.9271602631,80.2310333252,36659,36669,10
12.9280004501,80.2311325073,36669,36679,10
12.9290103912,80.2312774658,36679,36689,10
12.930100441,80.2315216064,36689,36699,10
12.9312496185,80.2318496704,36699,36710,11
12.9325199127,80.2322921753,36710,36720,10
12.9334602356,80.2326202393,36720,36730,10
12.9336204529,80.2326889038,36730,36740,10
12.9338798523,80.2328186035,36740,36750,10
12.9344797134,80.2331008911,36750,36760,10
12.9357299805,80.2336578369,36760,36780,20
12.9357299805,80.2336578369,36780,36790,10
12.9360799789,80.2338104248,36790,36801,11
12.9367799759,80.234161377,36801,36811,10
12.9376802444,80.2345809937,36811,36821,10
12.9387397766,80.2351074219,36821,36831,10
12.9396600723,80.2355499268,36831,36841,10
12.9398202896,80.2356414795,36841,36851,10
12.9400100708,80.2357406616,36851,36861,10
12.9405899048,80.2359237671,36861,36871,10
12.9414100647,80.2361297607,36871,36881,10
12.9424295425,80.2363891602,36881,36892,11
12.9434499741,80.2370376587,36892,36902,10
12.9441995621,80.2378997803,36902,36912,10
12.9450597763,80.238861084,36912,36922,10
12.9461402893,80.2395324707,36922,36932,10
12.9469203949,80.2397994995,36932,36962,30
12.9469203949,80.2397994995,36962,36972,10
12.9470996857,80.2398605347,36972,36983,11
12.9474096298,80.239982605,36983,36993,10
12.9476995468,80.2400970459,36993,37003,10
12.9482402802,80.2403182983,37003,37013,10
12.9486503601,80.2404632568,37013,37124,111
12.9486503601,80.2404632568,37124,37134,10
12.9490804672,80.2406082153,37134,37144,10
12.9494895935,80.2407913208,37144,37154,10
12.9501495361,80.2409973145,37154,37165,11
12.9510097504,80.2412567139,37165,37175,10
12.9511203766,80.2413101196,37175,37185,10
12.9512796402,80.2413635254,37185,37195,10
12.9517402649,80.2415390015,37195,37205,10
12.952460289,80.2417831421,37205,37215,10
12.95333004,80.2421264648,37215,37225,10
12.9538698196,80.2423324585,37225,37235,10
12.9546203613,80.2426376343,37235,37245,10
12.9551696777,80.2428588867,37245,37256,11
12.9563302994,80.2432403564,37256,37286,30
12.9563302994,80.2432403564,37286,37296,10
12.9565496445,80.2433166504,37296,37306,10
12.9570102692,80.243560791,37306,37316,10
12.9577598572,80.243927002,37316,37326,10
12.9585895538,80.2442779541,37326,37336,10
12.9589004517,80.2444229126,37336,37347,11
12.9590301514,80.2444992065,37347,37357,10
12.9594202042,80.244720459,37357,37367,10
12.9601202011,80.2450637817,37367,37377,10
12.9610204697,80.2454528809,37377,37387,10
12.9620599747,80.2459411621,37387,37397,10
12.9627399445,80.2462387085,37397,37468,71
12.9627399445,80.2462387085,37468,37478,10
12.9628400803,80.246383667,37478,37488,10
12.9631004333,80.2464828491,37488,37498,10
12.9633302689,80.24659729,37498,37508,10
12.9635801315,80.2467422485,37508,37518,10
12.9639902115,80.2468795776,37518,37529,11
12.9646596909,80.2471008301,37529,37539,10
12.9654102325,80.2473526001,37539,37549,10
12.9660196304,80.2475585938,37549,37559,10
12.9662599564,80.2476806641,37559,37569,10
12.9664402008,80.2477493286,37569,37589,20
12.9664402008,80.2477493286,37589,37599,10
12.9666204453,80.2478027344,37599,37609,10
12.9670600891,80.2480392456,37609,37620,11
12.9678697586,80.2484207153,37620,37630,10
12.9688596725,80.2488098145,37630,37640,10
12.9699602127,80.2492523193,37640,37650,10
12.9711303711,80.2496566772,37650,37660,10
12.9723796844,80.2499771118,37660,37670,10
12.9734802246,80.2502822876,37670,37680,10
12.9742803574,80.2504806519,37680,37690,10
12.9753103256,80.2507705688,37690,37700,10
12.9764404297,80.2511062622,37700,37711,11
12.9776496887,80.2516403198,37711,37721,10
12.9783601761,80.2521972656,37721,37731,10
12.9785203934,80.2523193359,37731,37741,10
12.9787101746,80.2524337769,37741,37751,10
12.9793195724,80.252571106,37751,37761,10
12.9801797867,80.2526397705,37761,37771,10
12.9810695648,80.2526016235,37771,37781,10
12.9818201065,80.2525787354,37781,37791,10
12.9825201035,80.2525482178,37791,37802,11
12.9826698303,80.252532959,37802,37812,10
12.9828596115,80.2525024414,37812,37822,10
12.9830703735,80.2524795532,37822,38216,394
12.9830703735,80.2524795532,38216,38226,10
12.9833803177,80.2524719238,38226,38236,10
12.9837198257,80.2524108887,38236,38246,10
12.9843301773,80.2522277832,38246,38257,11
12.9852199554,80.251991272,38257,38267,10
12.9858999252,80.2517929077,38267,38277,10
12.9865102768,80.251663208,38277,38287,10
12.9869604111,80.2515182495,38287,38297,10
12.9872703552,80.2514190674,38297,38307,10
12.9875602722,80.2513275146,38307,38317,10
12.9879999161,80.2512435913,38317,38327,10
12.9887399673,80.2510604858,38327,38337,10
12.9894800186,80.2508468628,38337,38348,11
12.9895000458,80.2508392334,38348,38358,10
12.9898099899,80.2508087158,38358,38368,10
12.9904098511,80.2506332397,38368,38378,10
12.9912204742,80.2504196167,38378,38388,10
12.9921998978,80.2501983643,38388,38398,10
12.9933004379,80.2499237061,38398,38408,10
12.9944601059,80.2496337891,38408,38418,10
12.9954996109,80.2493667603,38418,38428,10
12.9965295792,80.2490692139,38428,38439,11
12.9968795776,80.2490005493,38439,38449,10
12.9971504211,80.2489471436,38449,38459,10
12.9977798462,80.2488021851,38459,38469,10
12.9986600876,80.2485809326,38469,38479,10
12.9997596741,80.2483062744,38479,38489,10
13.00096035,80.2480010986,38489,38499,10
13.0020704269,80.2477416992,38499,38509,10
13.0030202866,80.247543335,38509,38519,10
13.0041399002,80.2473602295,38519,38530,11
13.0053195953,80.2471923828,38530,38540,10
13.0061998367,80.246887207,38540,38550,10
13.0065402985,80.2463378906,38550,38560,10
13.0065603256,80.2462997437,38560,38570,10
13.0065803528,80.2461700439,38570,38580,10
13.0066099167,80.2456817627,38580,38590,10
13.0065803528,80.2450790405,38590,38600,10
13.0066003799,80.2445220947,38600,38610,10
13.0065803528,80.2440185547,38610,38621,11
13.006529808,80.2434387207,38621,38631,10
13.0065097809,80.2427062988,38631,38641,10
13.0065202713,80.2416610718,38641,38651,10
13.006649971,80.2404327393,38651,38671,20
13.006649971,80.2404327393,38671,38681,10
13.0068101883,80.240020752,38681,38691,10
13.0069799423,80.2392883301,38691,38701,10
13.0071496964,80.2382507324,38701,38712,11
13.0073604584,80.2372436523,38712,38722,10
13.0074300766,80.2366333008,38722,38732,10
13.0074596405,80.2365188599,38732,38742,10
13.0075597763,80.2361602783,38742,38752,10
13.0077104568,80.2354431152,38752,38762,10
13.007900238,80.2345733643,38762,38772,10
13.0081300735,80.2334594727,38772,38782,10
13.0083599091,80.2322769165,38782,38792,10
13.008600235,80.2310791016,38792,38803,11
13.0088396072,80.2297363281,38803,38813,10
13.0090303421,80.2286605835,38813,38823,10
13.0094003677,80.2275924683,38823,38833,10
13.0098896027,80.2264709473,38833,38843,10
13.0103502274,80.2255020142,38843,38853,10
13.0106296539,80.2249984741,38853,38863,10
13.010720253,80.224899292,38863,38873,10
13.0109500885,80.2242889404,38873,38883,10
13.0112400055,80.2236785889,38883,38894,11
13.011300087,80.2235870361,38894,38904,10
13.011469841,80.223197937,38904,38914,10
13.011759758,80.2224121094,38914,38924,10
13.0121097565,80.2214813232,38924,38934,10
13.0123701096,80.2214813232,38934,38944,10
13.0124597549,80.2216186523,38944,38954,10
13.0125398636,80.2217788696,38954,38964,10
13.012720108,80.2219619751,38964,38973,9
13.0129899979,80.2223205566,38973,38985,12
13.0134296417,80.2228012085,38985,38995,10
13.013759613,80.2231216431,38995,39005,10
13.0139799118,80.2233810425,39005,39015,10
13.0141096115,80.2235565186,39015,39025,10
13.0143699646,80.2238006592,39025,39035,10
13.0150499344,80.2245788574,39035,39055,20
13.0150499344,80.2245788574,39055,39065,10
13.0152196884,80.2247390747,39065,39076,11
13.0157299042,80.2251968384,39076,39086,10
13.0163402557,80.2253189087,39086,39096,10
13.0167198181,80.2252426147,39096,39106,10
13.0171604156,80.2250213623,39106,39116,10
13.0175104141,80.2248764038,39116,39126,10
13.0176401138,80.2248077393,39126,39136,10
13.017780304,80.2247619629,39136,39146,10
13.0180702209,80.2246398926,39146,39156,10
13.0183601379,80.2245407104,39156,39167,11
13.0186901093,80.2243804932,39167,39187,20
13.0186901093,80.2243804932,39187,39197,10
13.0188798904,80.224319458,39197,39207,10
13.0191602707,80.224281311,39207,39217,10
13.0195198059,80.224319458,39217,39258,41
13.0195198059,80.224319458,39258,39268,10
13.0196399689,80.2244262695,39268,39278,10
13.0198802948,80.2246170044,39278,39288,10
13.0201301575,80.2248001099,39288,39298,10
13.0203399658,80.2249526978,39298,39308,10
13.0204000473,80.2250137329,39308,39318,10
13.0205602646,80.2251205444,39318,39328,10
13.0207395554,80.225227356,39328,39338,10
13.0209903717,80.225402832,39338,39349,11
13.0212202072,80.2256011963,39349,39359,10
13.0218296051,80.2260131836,39359,39379,20
13.0218296051,80.2260131836,39379,39389,10
13.0220003128,80.2261581421,39389,39409,20
13.0220003128,80.2261581421,39409,39419,10
13.0223197937,80.2264328003,39419,39450,31
13.0223197937,80.2264328003,39450,39460,10
13.0226297379,80.2267303467,39460,39470,10
13.0227804184,80.2268829346,39470,39480,10
13.0228500366,80.2269515991,39480,39490,10
13.0229902267,80.2271575928,39490,39500,10
13.023150444,80.2273101807,39500,39510,10
13.0233097076,80.2274475098,39510,39520,10
13.0236797333,80.2276992798,39520,39541,21
13.0236797333,80.2276992798,39541,39551,10
13.0238399506,80.2277603149,39551,39561,10
13.0241003036,80.2280426025,39561,39622,61
13.0241003036,80.2280426025,39622,39632,10
13.024310112,80.2283172607,39632,39642,10
13.0244102478,80.228553772,39642,39652,10
13.0240097046,80.2283172607,39652,39662,10
13.0234899521,80.2277526855,39662,39905,243
13.0233802795,80.2274475098,39905,39965,60
13.0233802795,80.2274475098,39965,39976,11
13.0232801437,80.2273712158,39976,39986,10
13.0229997635,80.227142334,39986,39996,10
13.0225000381,80.2268066406,39996,40006,10
13.0221004486,80.2264480591,40006,40016,10
13.0217504501,80.2261428833,40016,40026,10
13.021320343,80.2257766724,40026,40036,10
13.0206699371,80.2253036499,40036,40046,10
13.0200004578,80.2248687744,40046,40056,10
13.0197095871,80.2246627808,40056,40067,11
13.0188999176,80.2245025635,40067,40077,10
13.0180196762,80.224822998,40077,40087,10
13.017080307,80.2251815796,40087,40097,10
13.0164203644,80.2254333496,40097,40107,10
13.0160903931,80.2255477905,40107,40117,10
13.0155200958,80.2257385254,40117,40127,10
13.0149297714,80.225982666,40127,40137,10
13.0148897171,80.2259979248,40137,40147,10
13.0147800446,80.2260818481,40147,40158,11
13.0145101547,80.2261962891,40158,40168,10
13.014289856,80.226272583,40168,40178,10
13.0142002106,80.2262802124,40178,40188,10
13.0139503479,80.2263793945,40188,40198,10
13.0134496689,80.2265472412,40198,40208,10
13.0127801895,80.2267913818,40208,40218,10
13.0120601654,80.2270736694,40218,40228,10
13.0112400055,80.2273635864,40228,40238,10
13.0103597641,80.227722168,40238,40249,11
13.0095996857,80.2280731201,40249,40259,10
13.009180069,80.2285995483,40259,40269,10
13.0090303421,80.2292633057,40269,40279,10
13.008939743,80.2298126221,40279,40289,10
13.0088195801,80.2303237915,40289,40299,10
13.0087499619,80.2306594849,40299,40309,10
13.0086898804,80.231048584,40309,40329,20
13.0086898804,80.231048584,40329,40340,11
13.0086097717,80.2314224243,40340,40350,10
13.008600235,80.2314376831,40350,40360,10
13.0085296631,80.2318267822,40360,40370,10
13.0084600449,80.2321472168,40370,40380,10
13.0083999634,80.2325363159,40380,40390,10
13.0083398819,80.2329025269,40390,40399,9
13.0083198547,80.2332687378,40399,40410,11
13.0083198547,80.233291626,40410,40420,10
13.0082798004,80.2334671021,40420,40431,11
13.0082798004,80.2334899902,40431,40441,10
13.008190155,80.2336578369,40441,40451,10
13.008099556,80.2339706421,40451,40461,10
13.0079803467,80.2345199585,40461,40471,10
13.0078496933,80.2351989746,40471,40481,10
13.0076799393,80.2360076904,40481,40491,10
13.007519722,80.2368927002,40491,40501,10
13.0074100494,80.2374801636,40501,40511,10
13.0073699951,80.2375869751,40511,40522,11
13.0073204041,80.2379989624,40522,40532,10
13.0072002411,80.2386932373,40532,40542,10
13.0071001053,80.2392425537,40542,40552,10
13.007060051,80.2394790649,40552,40572,20
13.007060051,80.2394790649,40572,40582,10
13.0069999695,80.2396316528,40582,40592,10
13.0069303513,80.2398986816,40592,40602,10
13.006819725,80.2405319214,40602,40613,11
13.0068101883,80.2406997681,40613,40623,10
13.0067596436,80.2411499023,40623,40633,10
13.006770134,80.241897583,40633,40643,10
13.0067501068,80.242729187,40643,40653,10
13.0067300797,80.2430267334,40653,40673,20
13.0067300797,80.2430267334,40673,40683,10
13.0066900253,80.2432785034,40683,40693,10
13.0066995621,80.2435302734,40693,40704,11
13.0067195892,80.2441482544,40704,40714,10
13.0067501068,80.2446670532,40714,40724,10
13.0067396164,80.2449798584,40724,40734,10
13.0067501068,80.2452926636,40734,40744,10
13.0067596436,80.2460632324,40744,40774,30
13.0067596436,80.2460632324,40774,40784,10
13.0067796707,80.2466506958,40784,40795,11
13.0067100525,80.2472305298,40795,40805,10
13.0061702728,80.2473983765,40805,40825,20
13.0061702728,80.2473983765,40825,40835,10
13.0060100555,80.2473831177,40835,40845,10
13.005689621,80.2473907471,40845,40855,10
13.0051298141,80.2473983765,40855,40865,10
13.0044698715,80.2474594116,40865,40875,10
13.0038299561,80.2475509644,40875,40886,11
13.0030899048,80.2476425171,40886,40896,10
13.0024404526,80.247756958,40896,40906,10
13.0017795563,80.2479324341,40906,40916,10
13.0012102127,80.2480697632,40916,40926,10
13.0003995895,80.2482681274,40926,40936,10
12.9998102188,80.2484207153,40936,40946,10
12.9992904663,80.2485580444,40946,40956,10
12.9985799789,80.2487487793,40956,40966,10
12.9981403351,80.2488708496,40966,40977,11
12.9980802536,80.248878479,40977,40987,10
12.9976997375,80.2489471436,40987,40997,10
12.9971399307,80.249130249,40997,41007,10
12.9963598251,80.2493362427,41007,41017,10
12.9956798553,80.2495269775,41017,41027,10
12.9953203201,80.2497711182,41027,41037,10
12.9944200516,80.2498779297,41037,41047,10
12.9935798645,80.2500762939,41047,41057,10
12.9927597046,80.2502670288,41057,41068,11
12.9920902252,80.2504425049,41068,41078,10
12.9914398193,80.2505722046,41078,41088,10
12.9910001755,80.2506790161,41088,41108,20
12.9907903671,80.2506866455,41108,41462,354
12.9907903671,80.2506866455,41462,41472,10
12.9904203415,80.2508392334,41472,41482,10
12.989859581,80.2509994507,41482,41492,10
12.98939991,80.251083374,41492,41502,10
12.9890403748,80.2511520386,41502,41513,11
12.9886302948,80.2512283325,41513,41523,10
12.9881496429,80.2513809204,41523,41533,10
12.9876203537,80.2514877319,41533,41543,10
12.9869098663,80.251701355,41543,41553,10
12.9862203598,80.2518463135,41553,41563,10
12.9855098724,80.2520217896,41563,41573,10
12.98458004,80.2522735596,41573,41583,10
12.9835300446,80.2525405884,41583,41593,10
12.9824800491,80.2526702881,41593,41604,11
12.981300354,80.2527236938,41604,41614,10
12.9806003571,80.2527313232,41614,41624,10
12.9802503586,80.252746582,41624,41634,10
12.980050087,80.2527389526,41634,41644,10
12.9796600342,80.2526931763,41644,41654,10
12.978969574,80.2526397705,41654,41664,10
12.9787197113,80.2526016235,41664,41674,10
12.9785604477,80.2525405884,41674,41684,10
12.978099823,80.2521972656,41684,41695,11
12.9773597717,80.2515563965,41695,41705,10
12.9763402939,80.251159668,41705,41715,10
12.9751996994,80.2508163452,41715,41725,10
12.9741802216,80.250541687,41725,41735,10
12.9736604691,80.2503967285,41735,41745,10
12.9729499817,80.2501983643,41745,41755,10
12.9719896317,80.2499694824,41755,41765,10
12.9715995789,80.2498397827,41765,41775,10
12.9714403152,80.2498168945,41775,41786,11
12.9712095261,80.2498321533,41786,41796,10
12.9710903168,80.2498474121,41796,41806,10
12.9706802368,80.2497711182,41806,41816,10
12.9699697495,80.2494812012,41816,41826,10
12.9690799713,80.2491378784,41826,41836,10
12.9680299759,80.2486495972,41836,41846,10
12.9669399261,80.2481536865,41846,41856,10
12.9662303925,80.2478103638,41856,41866,10
12.9654798508,80.2474975586,41866,41877,11
12.965180397,80.2474212646,41877,41887,10
12.9651098251,80.2473220825,41887,41897,10
12.964679718,80.2471389771,41897,41907,10
12.9642496109,80.2469863892,41907,41927,20
12.9642496109,80.2469863892,41927,41937,10
12.9638299942,80.2468795776,41937,41947,10
12.9634895325,80.2467269897,41947,41957,10
12.9628295898,80.2463989258,41957,41968,11
12.9617996216,80.2458877563,41968,41978,10
12.9607000351,80.2453765869,41978,41988,10
12.959690094,80.244972229,41988,41998,10
12.9595098495,80.2448883057,41998,42008,10
12.9591999054,80.244720459,42008,42018,10
12.9585599899,80.244430542,42018,42028,10
12.9579601288,80.2442016602,42028,42038,10
12.9574098587,80.2440338135,42038,42048,10
12.9571399689,80.243927002,42048,42129,81
12.9567499161,80.2438430786,42129,42210,81
12.9567499161,80.2438430786,42210,42220,10
12.9563598633,80.2436828613,42220,42230,10
12.9559202194,80.2434616089,42230,42241,11
12.9551200867,80.2430419922,42241,42251,10
12.9541597366,80.2426223755,42251,42261,10
12.9530601501,80.2421417236,42261,42271,10
12.9516801834,80.2416763306,42271,42291,20
12.9516801834,80.2416763306,42291,42301,10
12.9515600204,80.2416229248,42301,42311,10
12.9510202408,80.2414474487,42311,42321,10
12.9502096176,80.2412033081,42321,42332,11
12.9495296478,80.2409515381,42332,42342,10
12.9494304657,80.2409210205,42342,42352,10
12.9493904114,80.2409133911,42352,42362,10
12.9490098953,80.2407989502,42362,42372,10
12.9483499527,80.2405166626,42372,42382,10
12.9471998215,80.2400588989,42382,42402,20
12.9471998215,80.2400588989,42402,42412,10
12.9470796585,80.2400131226,42412,42423,11
12.946559906,80.2397918701,42423,42433,10
12.9458198547,80.239440918,42433,42443,10
12.9449796677,80.238899231,42443,42453,10
12.9441604614,80.2380371094,42453,42463,10
12.9433002472,80.237159729,42463,42473,10
12.9422397614,80.2364807129,42473,42483,10
12.9409599304,80.2361373901,42483,42493,10
12.9399404526,80.2358779907,42493,42503,10
12.939740181,80.2357711792,42503,42514,11
12.939499855,80.2356719971,42514,42524,10
12.9389200211,80.2353668213,42524,42534,10
12.9381399155,80.2349777222,42534,42542,8
12.937379837,80.2345962524,42542,42554,12
12.9362201691,80.2340087891,42554,42564,10
12.9353704453,80.2336425781,42564,42574,10
12.9343795776,80.2332000732,42574,42584,10
12.9339599609,80.233039856,42584,42605,21
12.9339599609,80.233039856,42605,42615,10
12.933719635,80.2329025269,42615,42625,10
12.9331598282,80.2326507568,42625,42635,10
12.9323596954,80.2323608398,42635,42645,10
12.9313402176,80.2320022583,42645,42655,10
12.9301795959,80.2316665649,42655,42665,10
12.9290704727,80.2314300537,42665,42675,10
12.9279499054,80.2312469482,42675,42685,10
12.9267702103,80.2311019897,42685,42696,11
12.926199913,80.2310409546,42696,42706,10
12.9260702133,80.2310180664,42706,42716,10
12.9255800247,80.2309494019,42716,42726,10
12.9248399734,80.2308578491,42726,42736,10
12.9239196777,80.2307510376,42736,42746,10
12.9228000641,80.2305908203,42746,42756,10
12.9216098785,80.2303924561,42756,42766,10
12.9203100204,80.23021698,42766,42776,10
12.918970108,80.2300491333,42776,42787,11
12.9174804688,80.2298812866,42787,42797,10
12.9161996841,80.2297134399,42797,42807,10
12.9148902893,80.2295379639,42807,42817,10
12.9138002396,80.2294006348,42817,42827,10
12.9132299423,80.2293395996,42827,42857,30
12.9131402969,80.2292175293,42857,42969,112
12.9131402969,80.2292175293,42969,42979,10
12.9131803513,80.2291412354,42979,42989,10
12.9127101898,80.229133606,42989,42999,10
12.9118499756,80.2290420532,42999,43009,10
12.9107999802,80.2289199829,43009,43019,10
12.9096002579,80.2287368774,43019,43029,10
12.9082803726,80.2285614014,43029,43039,10
12.906920433,80.2283935547,43039,43100,61
12.906920433,80.2283935547,43100,43110,10
12.9067802429,80.2283630371,43110,43120,10
12.9063501358,80.2283325195,43120,43130,10
12.906080246,80.2283172607,43130,43140,10
12.9054498672,80.2282714844,43140,43151,11
12.9044599533,80.2282104492,43151,43161,10
12.9034099579,80.2281494141,43161,43171,10
12.9023799896,80.2281036377,43171,43181,10
12.9014997482,80.2280426025,43181,43221,40
12.9014997482,80.2280426025,43221,43231,10
12.9010601044,80.2279586792,43231,43242,11
12.9006900787,80.2279586792,43242,43252,10
12.9001703262,80.2279510498,43252,43262,10
12.8992996216,80.2279205322,43262,43282,20
12.8992996216,80.2279205322,43282,43292,10
12.8989801407,80.227897644,43292,43302,10
12.8983602524,80.2278594971,43302,43312,10
12.8975000381,80.2278137207,43312,43322,10
12.8964195251,80.2277374268,43322,43333,11
12.8951301575,80.2276611328,43333,43343,10
12.8938903809,80.2276000977,43343,43353,10
12.8927402496,80.2274627686,43353,43363,10
12.8924598694,80.2274398804,43363,43373,10
12.8920898438,80.2274017334,43373,43383,10
12.8913898468,80.2273712158,43383,43393,10
12.8904495239,80.2273788452,43393,43403,10
12.8893203735,80.2273788452,43403,43413,10
12.8881196976,80.2273406982,43413,43424,11
12.886759758,80.2271270752,43424,43434,10
12.8855600357,80.2268371582,43434,43444,10
12.8848495483,80.2267608643,43444,43454,10
12.8846797943,80.2267608643,43454,43464,10
12.8841199875,80.2267532349,43464,43474,10
12.8832702637,80.2267608643,43474,43484,10
12.8822202682,80.2267608643,43484,43494,10
12.8810300827,80.2267684937,43494,43504,10
12.8797397614,80.2267913818,43504,43515,11
12.8782901764,80.226852417,43515,43525,10
12.8771800995,80.2269363403,43525,43535,10
12.8764696121,80.2269973755,43535,43555,20
12.8764696121,80.2269973755,43555,43565,10
12.8760499954,80.2270202637,43565,43575,10
12.8753499985,80.2269973755,43575,43585,10
12.874420166,80.2268829346,43585,43595,10
12.8733501434,80.2267684937,43595,43606,11
12.8727197647,80.2267608643,43606,43616,10
12.8725004196,80.2267532349,43616,43626,10
12.8718900681,80.2267227173,43626,43636,10
12.8710603714,80.2266769409,43636,43646,10
12.8699703217,80.226600647,43646,43656,10
12.8687496185,80.2264404297,43656,43666,10
12.8674898148,80.2264633179,43666,43676,10
12.8665599823,80.2265319824,43676,43686,10
12.8655700684,80.2265777588,43686,43697,11
12.864279747,80.2265625,43697,43707,10
12.8629999161,80.2265396118,43707,43717,10
12.8619604111,80.226600647,43717,43727,10
12.8612203598,80.2266082764,43727,43737,10
12.8612003326,80.2266082764,43737,43747,10
12.8607397079,80.2265930176,43747,43757,10
12.8599996567,80.2264709473,43757,43767,10
12.859000206,80.2263565063,43767,43777,10
12.8577899933,80.2262802124,43777,43788,11
12.8563404083,80.2264099121,43788,43798,10
12.8549804688,80.2265472412,43798,43808,10
12.8535900116,80.2266998291,43808,43818,10
12.8521900177,80.2267227173,43818,43828,10
12.850859642,80.2266387939,43828,43838,10
12.8499298096,80.2266235352,43838,43848,10
12.8497600555,80.2266311646,43848,43858,10
12.8494701385,80.2266235352,43858,43868,10
12.8487997055,80.2266082764,43868,43879,11
12.8477602005,80.2266235352,43879,43889,10
12.8465995789,80.2266235352,43889,43899,10
12.845749855,80.2266235352,43899,43909,10
12.8456602097,80.2266235352,43909,43919,10
12.8453197479,80.2266235352,43919,43929,10
12.8446397781,80.2266616821,43929,43939,10
12.8437299728,80.2267379761,43939,43949,10
12.8427000046,80.2268829346,43949,43959,10
12.8415899277,80.2270965576,43959,43970,11
12.8403902054,80.2274780273,43970,43980,10
12.8398199081,80.2276687622,43980,44000,20
12.8398199081,80.2276687622,44000,44010,10
12.8396501541,80.2277832031,44010,44020,10
12.8390703201,80.2279129028,44020,44030,10
12.8382101059,80.2281112671,44030,44040,10
12.8371295929,80.2282791138,44040,44050,10
12.8358697891,80.2284698486,44050,44061,11
12.8343696594,80.2287063599,44061,44071,10
12.8330802917,80.2289505005,44071,44081,10
12.8324098587,80.2291030884,44081,44091,10
12.832400322,80.2291030884,44091,44101,10
12.8322601318,80.229133606,44101,44111,10
12.8318099976,80.2292404175,44111,44121,10
12.8310003281,80.2294616699,44121,44131,10
12.8300800323,80.2297821045,44131,44141,10
12.8289604187,80.2302322388,44141,44152,11
12.8276996613,80.2309494019,44152,44162,10
12.8264398575,80.231300354,44162,44172,10
12.8250398636,80.2313613892,44172,44182,10
12.8237400055,80.2310791016,44182,44192,10
12.8224401474,80.2306976318,44192,44202,10
12.8211297989,80.23046875,44202,44212,10
12.8198404312,80.2304763794,44212,44222,10
12.8186597824,80.2303771973,44222,44232,10
12.8175096512,80.229850769,44232,44243,11
12.8160896301,80.2294464111,44243,44253,10
12.8147201538,80.2292480469,44253,44263,10
12.8133401871,80.2289199829,44263,44273,10
12.8120298386,80.2284622192,44273,44283,10
12.8107795715,80.2279968262,44283,44293,10
12.8097400665,80.2275466919,44293,44303,10
12.8087100983,80.2269363403,44303,44313,10
12.8077297211,80.2260971069,44313,44323,10
12.806889534,80.2253417969,44323,44334,11
12.8062400818,80.2247619629,44334,44344,10
12.8056402206,80.2242584229,44344,44354,10
12.8050003052,80.2240219116,44354,44364,10
12.8049001694,80.2240066528,44364,44374,10
12.8045301437,80.2239379883,44374,44384,10
12.8038301468,80.2238998413,44384,44394,10
12.8029899597,80.2238235474,44394,44404,10
12.8019504547,80.2236785889,44404,44414,10
12.8010797501,80.2236175537,44414,44425,11
12.8009395599,80.2235870361,44425,44435,10
12.8005304337,80.2235565186,44435,44445,10
12.7997398376,80.223487854,44445,44455,10
12.7986803055,80.2233963013,44455,44465,10
12.797419548,80.2232284546,44465,44475,10
12.7958402634,80.2229690552,44475,44495,20
12.7958402634,80.2229690552,44495,44505,10
12.7955303192,80.2229232788,44505,44516,11
12.7948102951,80.2227706909,44516,44526,10
12.7938203812,80.2226028442,44526,44536,10
12.7926597595,80.2224197388,44536,44546,10
12.7914800644,80.2221374512,44546,44556,10
12.7903900146,80.2218780518,44556,44566,10
12.7897500992,80.2217102051,44566,44576,10
12.7893896103,80.221572876,44576,44586,10
12.7888402939,80.2213668823,44586,44596,10
12.7882604599,80.2211227417,44596,44607,11
12.7875995636,80.2208633423,44607,44667,60
12.7875995636,80.2208633423,44667,44677,10
12.7871799469,80.2207336426,44677,44687,10
12.7870798111,80.2206878662,44687,44698,11
12.7868795395,80.2206192017,44698,44708,10
12.7865495682,80.2204589844,44708,44718,10
12.7864198685,80.2203826904,44718,44728,10
12.7863101959,80.2203292847,44728,44738,10
12.786239624,80.2204589844,44738,44748,10
12.7862300873,80.2207107544,44748,44758,10
12.7861995697,80.2208023071,44758,44768,10
12.7862300873,80.2212371826,44768,44778,10
12.7862195969,80.2216796875,44778,44789,11
12.7862997055,80.2219696045,44789,45072,283
12.7862997055,80.2219696045,45072,45082,10
12.7863397598,80.2217788696,45082,45112,30
12.7863397598,80.2217788696,45112,45122,10
12.7862997055,80.2213973999,45122,45132,10
12.7862596512,80.2211532593,45132,45142,10
12.7862195969,80.2210235596,45142,45153,11
12.786190033,80.2206192017,45153,45223,70
12.786190033,80.2206192017,45223,45233,10
12.7866401672,80.2204589844,45233,45264,31
12.7866401672,80.2204589844,45264,45274,10
12.786860466,80.2205963135,45274,45284,10
12.7871398926,80.220703125,45284,45294,10
12.7874603271,80.2208099365,45294,45304,10
12.787560463,80.2208633423,45304,45314,10
12.7878904343,80.2209777832,45314,45324,10
12.7885103226,80.221206665,45324,45335,11
12.7893400192,80.2215118408,45335,45345,10
12.7897996902,80.2216796875,45345,45355,10
12.7902002335,80.2218017578,45355,45365,10
12.7909603119,80.2219772339,45365,45375,10
12.7919902802,80.2222518921,45375,45385,10
12.7932195663,80.2224807739,45385,45395,10
12.794549942,80.2226715088,45395,45405,10
12.7957801819,80.2229003906,45405,45415,10
12.7967195511,80.2230377197,45415,45426,11
12.797949791,80.2232818604,45426,45436,10
12.7991895676,80.2233963013,45436,45446,10
12.8004102707,80.2235031128,45446,45456,10
12.8014202118,80.2235717773,45456,45466,10
12.8023195267,80.2236862183,45466,45476,10
12.802740097,80.223739624,45476,45486,10
12.8031702042,80.2238006592,45486,45496,10
12.8035697937,80.2238388062,45496,45506,10
12.8037900925,80.2238693237,45506,45517,11
12.804400444,80.2239227295,45517,45527,10
12.8050699234,80.2240066528,45527,45537,10
12.8055400848,80.2241363525,45537,45547,10
12.8057603836,80.2242736816,45547,45557,10
12.8062601089,80.2247009277,45557,45567,10
12.8069200516,80.2252807617,45567,45577,10
12.8076295853,80.2259063721,45577,45587,10
12.8085002899,80.2266387939,45587,45597,10
12.809419632,80.2273330688,45597,45608,11
12.8106803894,80.227897644,45608,45618,10
12.8118200302,80.2283401489,45618,45628,10
12.813079834,80.2287902832,45628,45638,10
12.8142004013,80.2291412354,45638,45648,10
12.815079689,80.2292785645,45648,45658,10
12.8162603378,80.2294616699,45658,45668,10
12.8175296783,80.2298126221,45668,45678,10
12.8187503815,80.2303695679,45678,45688,10
12.8196697235,80.2304534912,45688,45699,11
12.8199195862,80.2304534912,45699,45709,10
12.820599556,80.2304229736,45709,45719,10
12.8215999603,80.2304763794,45719,45729,10
12.8227701187,80.2307815552,45729,45739,10
12.8240203857,80.2311325073,45739,45749,10
12.825220108,80.2313766479,45749,45759,10
12.8265199661,80.2313232422,45759,45769,10
12.8277301788,80.2308883667,45769,45779,10
12.8289003372,80.2302627563,45779,45790,11
12.8302602768,80.2296905518,45790,45800,10
12.8310604095,80.2293624878,45800,45810,10
12.8311901093,80.2293395996,45810,45820,10
12.8314304352,80.2292785645,45820,45830,10
12.8318395615,80.2291564941,45830,45840,10
12.8324098587,80.2290420532,45840,45850,10
12.8332700729,80.2288894653,45850,45860,10
12.8343896866,80.2286911011,45860,45870,10
12.8355998993,80.2285003662,45870,45881,11
12.8369102478,80.2282867432,45881,45891,10
12.8380498886,80.2280807495,45891,45901,10
12.8389701843,80.2278366089,45901,45911,10
12.8395595551,80.2276306152,45911,45951,40
12.8395595551,80.2276306152,45951,45961,10
12.8401098251,80.2275009155,45961,45972,11
12.840929985,80.2273025513,45972,45982,10
12.841919899,80.2270584106,45982,45992,10
12.8430500031,80.2268218994,45992,46002,10
12.8442201614,80.2266464233,46002,46012,10
12.845290184,80.2265396118,46012,46022,10
12.845459938,80.2265396118,46022,46032,10
12.8457603455,80.2265319824,46032,46042,10
12.8464202881,80.2265396118,46042,46052,10
12.8473997116,80.2265396118,46052,46063,11
12.8487100601,80.2265167236,46063,46073,10
12.8497896194,80.2264862061,46073,46083,10
12.8500299454,80.2264785767,46083,46093,10
12.8501996994,80.2265014648,46093,46103,10
12.8507795334,80.2265167236,46103,46113,10
12.8516302109,80.2265625,46113,46123,10
12.8528003693,80.2266311646,46123,46133,10
12.8541002274,80.2265472412,46133,46143,10
12.855340004,80.2264175415,46143,46154,11
12.8570299149,80.2262420654,46154,46164,10
12.8582401276,80.2261886597,46164,46174,10
12.8593597412,80.2263031006,46174,46184,10
12.8605203629,80.2264633179,46184,46194,10
12.8608398438,80.2265014648,46194,46204,10
12.861240387,80.2265167236,46204,46214,10
12.8620100021,80.2265014648,46214,46224,10
12.8630304337,80.2264633179,46224,46234,10
12.8642196655,80.2264785767,46234,46245,11
12.8656301498,80.2265319824,46245,46255,10
12.8669395447,80.2264480591,46255,46265,10
12.8683004379,80.2263412476,46265,46275,10
12.8696699142,80.2264633179,46275,46285,10
12.8710699081,80.2265777588,46285,46295,10
12.8722896576,80.2266235352,46295,46305,10
12.8728704453,80.2266311646,46305,46315,10
12.8729400635,80.2266387939,46315,46325,10
12.8733797073,80.2266464233,46325,46336,11
12.8742599487,80.2267227173,46336,46346,10
12.8753004074,80.2268676758,46346,46356,10
12.8766899109,80.2268676758,46356,46376,20
12.8766899109,80.2268676758,46376,46386,10
12.8770303726,80.2268600464,46386,46396,10
12.8777303696,80.2267990112,46396,46406,10
12.8787002563,80.2267303467,46406,46416,10
12.8799200058,80.2266921997,46416,46427,11
12.8814001083,80.2266769409,46427,46437,10
12.882809639,80.2266769409,46437,46447,10
12.8840303421,80.2266693115,46447,46457,10
12.8851699829,80.2266464233,46457,46477,20
12.8851699829,80.2266464233,46477,46487,10
12.8853597641,80.2266921997,46487,46497,10
12.8859195709,80.226852417,46497,46507,10
12.8867797852,80.2270736694,46507,46518,11
12.8880195618,80.2272720337,46518,46528,10
12.8892803192,80.2273178101,46528,46538,10
12.8906202316,80.2273330688,46538,46548,10
12.8919200897,80.2273178101,46548,46558,10
12.892539978,80.2273635864,46558,46568,10
12.8930301666,80.2274169922,46568,46578,10
12.8938598633,80.2275238037,46578,46588,10
12.8947896957,80.2275924683,46588,46598,10
12.8960399628,80.2276382446,46598,46609,11
12.8974399567,80.2276992798,46609,46619,10
12.8986997604,80.2277832031,46619,46629,10
12.8998403549,80.2278366089,46629,46639,10
12.9007997513,80.227897644,46639,46649,10
12.9011802673,80.2279129028,46649,46659,10
12.9017801285,80.2279281616,46659,46669,10
12.9025096893,80.2279510498,46669,46679,10
12.9026203156,80.2279510498,46679,46689,10
12.9029302597,80.2279815674,46689,46700,11
12.9036998749,80.2280197144,46700,46710,10
12.9046602249,80.2280807495,46710,46720,10
12.9056100845,80.2281265259,46720,46730,10
12.9059801102,80.2281265259,46730,46750,20
12.9059801102,80.2281265259,46750,46760,10
12.9061803818,80.2281036377,46760,46770,10
12.9064598083,80.2281112671,46770,46780,10
12.9068098068,80.2281570435,46780,46791,11
12.90721035,80.2282714844,46791,46801,10
12.9079198837,80.2283782959,46801,46811,10
12.9089002609,80.2285614014,46811,46821,10
12.9101495743,80.228767395,46821,46831,10
12.9113998413,80.2289428711,46831,46841,10
12.9124698639,80.2290802002,46841,46851,10
12.9134597778,80.2292175293,46851,46861,10
12.9138002396,80.2292633057,46861,46871,10
12.9139299393,80.2292785645,46871,46882,11
12.9145202637,80.2293777466,46882,46892,10
12.9153203964,80.2295227051,46892,46902,10
12.9162902832,80.2296524048,46902,46912,10
12.9167604446,80.2297210693,46912,46922,10
12.9171495438,80.2297363281,46922,46932,10
12.9176101685,80.2298126221,46932,46942,10
12.9183397293,80.229927063,46942,46952,10
12.9191198349,80.2300415039,46952,46962,10
12.9197597504,80.2301101685,46962,46973,11
12.9207000732,80.2302322388,46973,46983,10
12.9218301773,80.2303771973,46983,46993,10
12.923119545,80.2305831909,46993,47003,10
12.9245100021,80.230758667,47003,47013,10
12.9258203506,80.2308807373,47013,47023,10
12.926440239,80.2309494019,47023,47033,10
12.9267997742,80.2310028076,47033,47043,10
12.9274396896,80.2310562134,47043,47053,10
12.9285402298,80.2312164307,47053,47064,11
12.9295597076,80.2314071655,47064,47074,10
12.9306402206,80.2316818237,47074,47084,10
12.9316797256,80.2319869995,47084,47094,10
12.9325895309,80.2322692871,47094,47104,10
12.9333000183,80.2325515747,47104,47114,10
12.9335403442,80.232673645,47114,47124,10
12.9337997437,80.2328109741,47124,47134,10
12.9344100952,80.2331237793,47134,47144,10
12.935259819,80.2335128784,47144,47155,11
12.9364099503,80.2340393066,47155,47165,10
12.9375600815,80.234588623,47165,47175,10
12.9385795593,80.2350921631,47175,47185,10
12.9395704269,80.2356033325,47185,47195,10
12.9403600693,80.2358932495,47195,47205,10
12.9413795471,80.2361373901,47205,47215,10
12.9425001144,80.2364196777,47215,47225,10
12.9434604645,80.2370529175,47225,47236,11
12.9443101883,80.2379989624,47236,47246,10
12.9451599121,80.2389221191,47246,47256,10
12.9461898804,80.2395172119,47256,47266,10
12.9470996857,80.2398834229,47266,47276,10
12.9474201202,80.240020752,47276,47286,10
12.9476995468,80.2401275635,47286,47296,10
12.9482603073,80.2403717041,47296,47306,10
12.9484996796,80.2404403687,47306,47316,10
12.9486598969,80.2405090332,47316,47327,11
12.9490804672,80.2406921387,47327,47337,10
12.9497404099,80.2409515381,47337,47347,10
12.9506196976,80.2412185669,47347,47357,10
12.9515600204,80.2415313721,47357,47367,10
12.9523601532,80.2418289185,47367,47377,10
12.9532804489,80.2421875,47377,47387,10
12.954199791,80.2425537109,47387,47397,10
12.9548902512,80.2428207397,47397,47407,10
12.9562997818,80.2432785034,47407,47428,21
12.9562997818,80.2432785034,47428,47438,10
12.9564304352,80.2433166504,47438,47448,10
12.9569301605,80.243598938,47448,47458,10
12.9577503204,80.2439880371,47458,47468,10
12.9586801529,80.2443771362,47468,47478,10
12.9590101242,80.2445220947,47478,47488,10
12.9593296051,80.2446365356,47488,47498,10
12.9599704742,80.2449264526,47498,47509,11
12.9609298706,80.2453918457,47509,47519,10
12.9620199203,80.2459182739,47519,47529,10
12.9632501602,80.2465209961,47529,47579,50
12.9632501602,80.2465209961,47579,47589,10
12.9634799957,80.2465896606,47589,47600,11
12.9639596939,80.2468338013,47600,47610,10
12.964679718,80.2471008301,47610,47620,10
12.9655799866,80.2473983765,47620,47630,10
12.9665498734,80.2478027344,47630,47640,10
12.9669103622,80.2479782104,47640,47650,10
12.967040062,80.2480621338,47650,47660,10
12.9675598145,80.248298645,47660,47670,10
12.9683198929,80.2486114502,47670,47680,10
12.9692697525,80.2490005493,47680,47691,11
12.9704904556,80.2494430542,47691,47701,10
12.9716596603,80.2497634888,47701,47711,10
12.9728298187,80.2500686646,47711,47721,10
12.9737901688,80.250328064,47721,47731,10
12.9746904373,80.2506332397,47731,47741,10
12.9757604599,80.2509384155,47741,47751,10
12.976650238,80.2511901855,47751,47761,10
12.9778795242,80.2518692017,47761,47771,10
12.9785203934,80.2523193359,47771,47782,11
12.978679657,80.2523880005,47782,47792,10
12.9791898727,80.2525482178,47792,47802,10
12.9799003601,80.2526321411,47802,47812,10
12.9806995392,80.2526321411,47812,47822,10
12.9816703796,80.2526016235,47822,47832,10
12.9826402664,80.252571106,47832,47842,10
12.9835996628,80.2524490356,47842,47852,10
12.9840297699,80.2522964478,47852,48024,172
12.9840297699,80.2522964478,48024,48034,10
12.9841403961,80.2522583008,48034,48044,10
12.9846000671,80.2521514893,48044,48055,11
12.9852399826,80.2519607544,48055,48065,10
12.9857501984,80.2518234253,48065,48075,10
12.9861698151,80.2517089844,48075,48085,10
12.9864397049,80.251663208,48085,48095,10
12.9868497849,80.2515563965,48095,48105,10
12.9872598648,80.2514419556,48105,48115,10
12.9876203537,80.2513427734,48115,48125,10
12.9881601334,80.2512207031,48125,48135,10
12.9889497757,80.2510070801,48135,48146,11
12.98939991,80.2508773804,48146,48156,10
12.9896202087,80.2508392334,48156,48166,10
12.9902095795,80.2506790161,48166,48176,10
12.9910202026,80.2504730225,48176,48186,10
12.9919700623,80.25025177,48186,48196,10
12.9930095673,80.25,48196,48206,10
12.9940595627,80.249710083,48206,48216,10
12.9948501587,80.2495117188,48216,48226,10
12.9949302673,80.2494888306,48226,48237,11
12.9950504303,80.2494812012,48237,48247,10
12.9954795837,80.2493896484,48247,48257,10
12.9962596893,80.2492218018,48257,48267,10
12.9972295761,80.2489471436,48267,48277,10
12.9983797073,80.2486724854,48277,48287,10
12.9996204376,80.2483596802,48287,48297,10
13.0008602142,80.248046875,48297,48307,10
13.0019598007,80.2477798462,48307,48317,10
13.0028800964,80.2475814819,48317,48328,11
13.0040998459,80.2473907471,48328,48338,10
13.0052404404,80.2472229004,48338,48348,10
13.0061197281,80.2469329834,48348,48358,10
13.0063896179,80.2467193604,48358,48368,10
13.0065202713,80.2464599609,48368,48378,10
13.0066099167,80.246131897,48378,48388,10
13.0066404343,80.2454910278,48388,48398,10
13.0066404343,80.2449035645,48398,48408,10
13.0066299438,80.2447433472,48408,48419,11
13.0066204071,80.2443695068,48419,48429,10
13.0065803528,80.2440185547,48429,48439,10
13.0065603256,80.2436294556,48439,48449,10
13.0065803528,80.243057251,48449,48459,10
13.0065698624,80.2422485352,48459,48469,10
13.0065803528,80.2414016724,48469,48479,10
13.0066099167,80.2409973145,48479,48489,10
13.0066204071,80.2408828735,48489,48499,10
13.0066699982,80.2405090332,48499,48510,11
13.0068101883,80.2399520874,48510,48520,10
13.0068998337,80.2394332886,48520,48530,10
13.0070104599,80.2386932373,48530,48540,10
13.0071697235,80.2379226685,48540,48550,10
13.007349968,80.2372207642,48550,48560,10
13.0075302124,80.2364120483,48560,48570,10
13.0077104568,80.2355194092,48570,48580,10
13.0078401566,80.2348175049,48580,48590,10
13.0080604553,80.2339477539,48590,48601,11
13.0082798004,80.232749939,48601,48611,10
13.0085096359,80.2316131592,48611,48621,10
13.0087404251,80.2304992676,48621,48631,10
13.0089797974,80.229309082,48631,48641,10
13.0092096329,80.2282333374,48641,48651,10
13.0095996857,80.2272872925,48651,48661,10
13.0100402832,80.2263183594,48661,48671,10
13.0104598999,80.2254867554,48671,48681,10
13.0106601715,80.2250137329,48681,48692,11
13.0109195709,80.2243728638,48692,48702,10
13.0112400055,80.2235565186,48702,48712,10
13.0116300583,80.22265625,48712,48722,10
13.0119895935,80.2216567993,48722,48732,10
13.012339592,80.2213821411,48732,48742,10
13.0124998093,80.2217407227,48742,48752,10
13.0130300522,80.2223892212,48752,48762,10
13.0136604309,80.2230682373,48762,48772,10
13.0140399933,80.2236175537,48772,48783,11
13.0145397186,80.2240524292,48783,48793,10
13.0149202347,80.2245330811,48793,48803,10
13.0153303146,80.2248916626,48803,48813,10
13.0154895782,80.2249908447,48813,48823,10
13.0156297684,80.2251281738,48823,48833,10
13.0161800385,80.2253036499,48833,48843,10
13.0169696808,80.2250900269,48843,48853,10
13.0178098679,80.2247924805,48853,48863,10
13.0186500549,80.2244491577,48863,48874,11
13.0194301605,80.2243728638,48874,48884,10
13.0197601318,80.2245178223,48884,48894,10
13.0201501846,80.2248077393,48894,48914,20
13.0201501846,80.2248077393,48914,48924,10
13.0202198029,80.2249298096,48924,48934,10
13.0205698013,80.2251586914,48934,48944,10
13.0210199356,80.2255096436,48944,48954,10
13.0214700699,80.2258605957,48954,48965,11
13.0220403671,80.2262573242,48965,48975,10
13.0225000381,80.2266387939,48975,48985,10
13.0228796005,80.2270278931,48985,49025,40
13.0229196548,80.2272796631,49025,49379,354
13.0229797363,80.2273712158,49379,49703,324
13.0229902267,80.2272872925,49703,50269,566
13.0229902267,80.2272872925,50269,50279,10
13.0232601166,80.2274780273,50279,50289,10
13.0235595703,80.2276000977,50289,50299,10
13.0238895416,80.2278823853,50299,50310,11
13.0242204666,80.2282409668,50310,50411,101
13.0242204666,80.2282409668,50411,50421,10
13.024430275,80.2285079956,50421,50431,10
13.0242099762,80.228553772,50431,50441,10
13.0239095688,80.2281723022,50441,50451,10
13.0236196518,80.2278518677,50451,50461,10
13.0234298706,80.2276763916,50461,50674,213
13.0234298706,80.2276763916,50674,50684,10
13.0232801437,80.2274932861,50684,50694,10
13.0230197906,80.2272262573,50694,50704,10
13.0227203369,80.2269363403,50704,50714,10
13.0224504471,80.2266769409,50714,50724,10
13.0220403671,80.22631073,50724,50734,10
13.0215597153,80.2259292603,50734,50744,10
13.0210399628,80.2255401611,50744,50755,11
13.0204401016,80.2251434326,50755,50765,10
13.0198297501,80.2247085571,50765,50775,10
13.0191001892,80.2244567871,50775,50785,10
13.0182800293,80.2247009277,50785,50795,10
13.0174303055,80.2250595093,50795,50805,10
13.0166597366,80.225402832,50805,50815,10
13.0161399841,80.2256011963,50815,50825,10
13.0155200958,80.2258071899,50825,50835,10
13.0150403976,80.2259979248,50835,50846,11
13.0149297714,80.2260284424,50846,50856,10
13.014380455,80.2262878418,50856,50876,20
13.014380455,80.2262878418,50876,50886,10
13.0142202377,80.2263183594,50886,50896,10
13.0139102936,80.2264404297,50896,50906,10
13.0133695602,80.2266387939,50906,50916,10
13.0127601624,80.2268981934,50916,50926,10
13.0119104385,80.2272415161,50926,50937,11
13.0108003616,80.2276306152,50937,50947,10
13.0098400116,80.2280426025,50947,50957,10
13.0091600418,80.2287521362,50957,50967,10
13.0089702606,80.229637146,50967,50977,10
13.0087995529,80.2306594849,50977,50987,10
13.0085496902,80.2317123413,50987,50997,10
13.0083398819,80.2328262329,50997,51007,10
13.0082197189,80.233581543,51007,51017,10
13.0081501007,80.2337799072,51017,51028,11
13.0080499649,80.2344207764,51028,51038,10
13.0079097748,80.2351837158,51038,51048,10
13.0076999664,80.2360992432,51048,51058,10
13.0074996948,80.2370834351,51058,51068,10
13.007349968,80.2382125854,51068,51078,10
13.0071201324,80.2391204834,51078,51088,10
13.0068998337,80.239982605,51088,51108,20
13.0068998337,80.239982605,51108,51119,11
13.0068798065,80.240447998,51119,51129,10
13.0068302155,80.2407226563,51129,51139,10
13.0068101883,80.2408370972,51139,51149,10
13.0067796707,80.2412490845,51149,51159,10
13.006770134,80.2419815063,51159,51169,10
13.0067396164,80.2429733276,51169,51179,10
13.006770134,80.243927002,51179,51189,10
13.0066995621,80.244720459,51189,51199,10
13.0066995621,80.24559021,51199,51210,11
13.0067396164,80.2463684082,51210,51220,10
13.0067396164,80.24659729,51220,51230,10
13.0067396164,80.2470169067,51230,51240,10
13.0066003799,80.2473831177,51240,51250,10
13.0062198639,80.247428894,51250,51260,10
13.0061302185,80.2473983765,51260,51270,10
13.0057001114,80.2473678589,51270,51280,10
13.0050601959,80.2473983765,51280,51290,10
13.0039796829,80.2474975586,51290,51301,11
13.0027999878,80.2476806641,51301,51311,10
13.001709938,80.2479324341,51311,51321,10
13.000579834,80.2482223511,51321,51331,10
12.999420166,80.2485198975,51331,51341,10
12.998339653,80.2488098145,51341,51351,10
12.9973402023,80.2490615845,51351,51361,10
12.9961996078,80.2493286133,51361,51371,10
12.995010376,80.2496414185,51371,51381,10
12.9938697815,80.249961853,51381,51392,11
12.9925804138,80.2502975464,51392,51402,10
12.9911699295,80.2506637573,51402,51422,20
12.9911699295,80.2506637573,51422,51432,10
12.990940094,80.250617981,51432,51442,10
12.9905996323,80.2507019043,51442,51452,10
12.9899501801,80.2509002686,51452,51462,10
12.9891004562,80.2511367798,51462,51472,10
12.9882698059,80.251373291,51472,51614,142
12.9882698059,80.251373291,51614,51624,10
12.9880399704,80.2513885498,51624,51634,10
12.9877099991,80.2514801025,51634,51644,10
12.987159729,80.2516174316,51644,51654,10
12.9866800308,80.2517623901,51654,51665,11
12.98595047,80.2519302368,51665,51675,10
12.9849996567,80.2521591187,51675,51685,10
12.9838895798,80.252456665,51685,51695,10
12.9827203751,80.2526702881,51695,51705,10
12.9814901352,80.2527008057,51705,51715,10
12.9804601669,80.2527999878,51715,51725,10
12.979809761,80.2527770996,51725,51735,10
12.9787597656,80.2526397705,51735,51745,10
12.978509903,80.2525405884,51745,51756,11
12.9780597687,80.2521820068,51756,51766,10
12.9773597717,80.2515869141,51766,51776,10
12.9763498306,80.2511901855,51776,51786,10
12.9751596451,80.2508163452,51786,51796,10
12.9739103317,80.2504806519,51796,51806,10
12.9726295471,80.2501296997,51806,51816,10
12.9713602066,80.2497787476,51816,51826,10
12.9701404572,80.249382019,51826,51836,10
12.9689502716,80.2489318848,51836,51847,11
12.9676399231,80.2484207153,51847,51857,10
12.9667596817,80.2480010986,51857,51867,10
12.9662303925,80.247756958,51867,51877,10
12.9655399323,80.2474899292,51877,51887,10
12.9650201797,80.2473220825,51887,51897,10
12.9647798538,80.2472229004,51897,51907,10
12.9642000198,80.2470016479,51907,51917,10
12.9633703232,80.2466506958,51917,51927,10
12.9624204636,80.2461700439,51927,51938,11
12.961350441,80.2456512451,51938,51948,10
12.9606304169,80.2453231812,51948,51958,10
12.9601202011,80.2450790405,51958,51968,10
12.9594602585,80.2448196411,51968,51978,10
12.9593095779,80.2447433472,51978,51988,10
12.9589195251,80.2445602417,51988,51998,10
12.9584102631,80.2443389893,51998,52008,10
12.9579296112,80.244140625,52008,52018,10
12.9574604034,80.2439804077,52018,52029,11
12.9568996429,80.2438430786,52029,52049,20
12.956700325,80.2437820435,52049,52140,91
12.956700325,80.2437820435,52140,52150,10
12.9563398361,80.2436828613,52150,52160,10
12.9558801651,80.2434387207,52160,52170,10
12.955160141,80.2430419922,52170,52180,10
12.9542798996,80.2426528931,52180,52190,10
12.9533996582,80.2422866821,52190,52200,10
12.9524898529,80.2419204712,52200,52211,11
12.951789856,80.2416687012,52211,52221,10
12.9517402649,80.2416381836,52221,52231,10
12.9514303207,80.2415313721,52231,52241,10
12.9507703781,80.2413024902,52241,52251,10
12.9498300552,80.2410202026,52251,52261,10
12.9492301941,80.2408599854,52261,52271,10
12.9488801956,80.2407302856,52271,52281,10
12.9482698441,80.2404632568,52281,52291,10
12.9474401474,80.2401199341,52291,52302,11
12.94713974,80.2399978638,52302,52312,10
12.9468097687,80.2398605347,52312,52322,10
12.946149826,80.2395782471,52322,52332,10
12.9453201294,80.2391586304,52332,52342,10
12.9445400238,80.2384109497,52342,52352,10
12.9437904358,80.2376098633,52352,52362,10
12.9430599213,80.2369003296,52362,52372,10
12.9420204163,80.2363891602,52372,52382,10
12.9407901764,80.236076355,52382,52393,11
12.9398803711,80.2358169556,52393,52403,10
12.9398002625,80.2357711792,52403,52413,10
12.9393997192,80.2355575562,52413,52423,10
12.9386796951,80.2351913452,52423,52433,10
12.9377803802,80.2347488403,52433,52443,10
12.9367303848,80.2342529297,52443,52453,10
12.9359102249,80.2338562012,52453,52463,10
12.9358301163,80.2338180542,52463,52473,10
12.935669899,80.2337417603,52473,52484,11
12.9350795746,80.2334594727,52484,52494,10
12.9343204498,80.2331314087,52494,52504,10
12.9337902069,80.2329025269,52504,52514,10
12.9337100983,80.2328720093,52514,52524,10
12.9332399368,80.2326507568,52524,52534,10
12.9324598312,80.2323379517,52534,52544,10
12.9314203262,80.2320098877,52544,52554,10
12.9302797318,80.2316513062,52554,52564,10
12.9291601181,80.2313919067,52564,52575,11
12.9278202057,80.2311706543,52575,52585,10
12.9266700745,80.231048584,52585,52595,10
12.9261398315,80.231010437,52595,52605,10
12.9260702133,80.2309875488,52605,52615,10
12.9254398346,80.2308883667,52615,52625,10
12.9246101379,80.230796814,52625,52635,10
12.9235801697,80.2306671143,52635,52645,10
12.9224100113,80.2304916382,52645,52655,10
12.9212303162,80.2303085327,52655,52666,11
12.9199399948,80.230140686,52666,52676,10
12.9186897278,80.2299728394,52676,52686,10
12.9174003601,80.2297973633,52686,52696,10
12.9161500931,80.2296295166,52696,52706,10
12.9149103165,80.2294464111,52706,52716,10
12.9137802124,80.229309082,52716,52726,10
12.9133996964,80.2292785645,52726,52736,10
12.9133701324,80.2292633057,52736,52746,10
12.9131002426,80.2292175293,52746,52757,11
12.9123802185,80.2291030884,52757,52767,10
12.9114398956,80.2289581299,52767,52777,10
12.9103002548,80.2287902832,52777,52787,10
12.909119606,80.2285995483,52787,52797,10
12.9076595306,80.2284011841,52797,52817,20
12.9076595306,80.2284011841,52817,52827,10
12.9070901871,80.2283477783,52827,52888,61
12.9070901871,80.2283477783,52888,52898,10
12.9069299698,80.2282562256,52898,52908,10
12.9067296982,80.2282409668,52908,52918,10
12.9061698914,80.228187561,52918,52928,10
12.9053096771,80.2281494141,52928,52939,11
12.904250145,80.2281036377,52939,52949,10
12.9032897949,80.2280502319,52949,52959,10
12.9024295807,80.228012085,52959,52969,10
12.901550293,80.2279586792,52969,52979,10
12.9007797241,80.2279205322,52979,52989,10
12.9000301361,80.2278900146,52989,52999,10
12.8993997574,80.2278594971,52999,53009,10
12.8991003036,80.2278594971,53009,53019,10
12.8988199234,80.2278213501,53019,53030,11
12.8980503082,80.2277832031,53030,53040,10
12.8971004486,80.227722168,53040,53050,10
12.8959903717,80.2276763916,53050,53060,10
12.8948097229,80.2276000977,53060,53070,10
12.8936195374,80.2275085449,53070,53080,10
12.8927402496,80.2274169922,53080,53090,10
12.8917999268,80.2273330688,53090,53100,10
12.8905696869,80.2273101807,53100,53110,10
12.8893604279,80.2273330688,53110,53121,11
12.8884096146,80.2273330688,53121,53131,10
12.8873701096,80.2272109985,53131,53141,10
12.8861999512,80.2269592285,53141,53151,10
12.8851804733,80.2267532349,53151,53161,10
12.8849802017,80.2267303467,53161,53171,10
12.8847999573,80.2267227173,53171,53181,10
12.884180069,80.2267074585,53181,53191,10
12.8832397461,80.2267074585,53191,53201,10
12.882060051,80.2266998291,53201,53212,11
12.8807001114,80.2267227173,53212,53222,10
12.8794498444,80.2267303467,53222,53232,10
12.8781404495,80.2268218994,53232,53242,10
12.8770904541,80.2269210815,53242,53252,10
12.8767004013,80.2269668579,53252,53262,10
12.8765802383,80.2269668579,53262,53272,10
12.8761196136,80.2269821167,53272,53282,10
12.8752803802,80.2269210815,53282,53292,10
12.8741903305,80.2267913818,53292,53303,11
12.8729000092,80.2266998291,53303,53313,10
12.8716497421,80.2266616821,53313,53323,10
12.8703699112,80.2265930176,53323,53333,10
12.8691196442,80.2264404297,53333,53343,10
12.8678398132,80.2263870239,53343,53353,10
12.8665800095,80.2265319824,53353,53363,10
12.8653001785,80.2265930176,53363,53373,10
12.8640098572,80.2265396118,53373,53383,10
12.8627195358,80.2265319824,53383,53394,11
12.8614902496,80.2266235352,53394,53404,10
12.8610601425,80.2266311646,53404,53414,10
12.8607902527,80.2266235352,53414,53424,10
12.8600997925,80.2265167236,53424,53434,10
12.8591995239,80.2263793945,53434,53444,10
12.8582000732,80.2262573242,53444,53454,10
12.8570604324,80.22631073,53454,53464,10
12.8558502197,80.2264328003,53464,53474,10
12.8545999527,80.2265701294,53474,53485,11
12.8531904221,80.2266998291,53485,53495,10
12.8518695831,80.2266616821,53495,53505,10
12.850520134,80.2266082764,53505,53515,10
12.8491897583,80.226600647,53515,53525,10
12.8478603363,80.2265930176,53525,53535,10
12.8466501236,80.2266082764,53535,53545,10
12.8454999924,80.2266235352,53545,53565,20
12.8454999924,80.2266235352,53565,53576,11
12.8451404572,80.2266235352,53576,53586,10
12.8444404602,80.2266616821,53586,53596,10
12.8434801102,80.2267684937,53596,53606,10
12.8423900604,80.2269821167,53606,53616,10
12.8412599564,80.2272796631,53616,53626,10
12.8400201797,80.2276229858,53626,53717,91
12.8400201797,80.2276229858,53717,53727,10
12.8396396637,80.227722168,53727,53737,10
12.8390398026,80.227897644,53737,53747,10
12.8381204605,80.2281265259,53747,53758,11
12.8368501663,80.2283401489,53758,53768,10
12.8356199265,80.2285232544,53768,53778,10
12.8343696594,80.2287216187,53778,53788,10
12.8332195282,80.2289276123,53788,53798,10
12.8322601318,80.2291183472,53798,53808,10
12.8318595886,80.2291870117,53808,53818,10
12.8317604065,80.2291870117,53818,53828,10
12.8315696716,80.2289962769,53828,53838,10
12.8315496445,80.2289276123,53838,53849,11
12.831489563,80.2285308838,53849,53859,10
12.8313703537,80.2278671265,53859,53869,10
12.8311901093,80.2269515991,53869,53879,10
12.8310604095,80.2258987427,53879,53889,10
12.8310604095,80.2248382568,53889,53899,10
12.8310604095,80.2245025635,53899,53909,10
12.8310604095,80.2238311768,53909,53919,10
12.8310604095,80.2228927612,53919,53929,10
12.8310604095,80.2222213745,53929,53940,11
12.8310699463,80.2218017578,53940,53950,10
12.8310804367,80.2210388184,53950,53960,10
12.8310604095,80.2200393677,53960,53970,10
12.8310403824,80.2196121216,53970,53980,10
12.8305797577,80.2193984985,53980,53990,10
12.8297595978,80.2193984985,53990,54000,10
12.8287601471,80.2194366455,54000,54010,10
12.8277196884,80.2194824219,54010,54031,21
12.8277196884,80.2194824219,54031,54041,10
12.8275098801,80.2194671631,54041,54051,10
12.8268995285,80.2194519043,54051,54061,10
12.8261699677,80.2194366455,54061,54071,10
12.8259000778,80.2193984985,54071,54081,10
12.825799942,80.2191696167,54081,54091,10
12.8258399963,80.2188034058,54091,54101,10
12.8258399963,80.2180023193,54101,54111,10
12.8258304596,80.2170562744,54111,54122,11
12.8258199692,80.2161407471,54122,54132,10
12.8255796432,80.2159729004,54132,54142,10
12.8250598907,80.2159805298,54142,54152,10
12.8245897293,80.2160110474,54152,54162,10
12.8244400024,80.2159881592,54162,54172,10
12.8244104385,80.2159881592,54172,54182,10
12.823969841,80.2159805298,54182,54192,10
12.8231601715,80.2159805298,54192,54202,10
12.8227596283,80.2159881592,54202,54213,11
12.8226604462,80.2166213989,54213,54223,10
12.8226604462,80.2175521851,54223,54233,10
12.8226604462,80.218536377,54233,54242,9
12.822640419,80.2191619873,54242,54253,11
12.8229703903,80.2194137573,54253,54263,10
12.8237600327,80.2194366455,54263,54273,10
12.8246603012,80.2194595337,54273,54283,10
12.8252696991,80.2194976807,54283,54293,10
12.8257398605,80.2194824219,54293,54304,11
12.8265800476,80.2193984985,54304,54314,10
12.8270797729,80.2193603516,54314,54324,10
12.8270998001,80.2193374634,54324,54334,10
12.8272800446,80.2192687988,54334,54496,162
12.8272800446,80.2192687988,54496,54506,10
12.8275995255,80.2193222046,54506,54516,10
12.8276996613,80.2193222046,54516,54526,10
12.8278999329,80.219329834,54526,54536,10
12.8285198212,80.2193374634,54536,54546,10
12.8294496536,80.2193527222,54546,54556,10
12.8304796219,80.219367981,54556,54566,10
12.8309602737,80.2194213867,54566,54577,11
12.8311796188,80.2199935913,54577,54587,10
12.8311595917,80.2207183838,54587,54597,10
12.8311300278,80.2219161987,54597,54607,10
12.8311300278,80.2222366333,54607,54617,10
12.8311195374,80.2228469849,54617,54627,10
12.8311100006,80.2237319946,54627,54637,10
12.8311100006,80.2245635986,54637,54647,10
12.8311004639,80.2249221802,54647,54657,10
12.8311004639,80.2256317139,54657,54668,11
12.8311595917,80.2265777588,54668,54678,10
12.8313598633,80.2274169922,54678,54688,10
12.8315696716,80.2284088135,54688,54698,10
12.8317403793,80.2291030884,54698,54708,10
12.8318796158,80.2291717529,54708,54718,10
12.8322000504,80.2290878296,54718,54728,10
12.8331804276,80.2288894653,54728,54738,10
12.8340797424,80.2287216187,54738,54748,10
12.8350000381,80.2285614014,54748,54759,11
12.8360204697,80.2284011841,54759,54769,10
12.8371400833,80.2282485962,54769,54779,10
12.8382501602,80.2280273438,54779,54789,10
12.839050293,80.2277832031,54789,54799,10
12.8394002914,80.2276000977,54799,54809,10
12.8395996094,80.2275466919,54809,54819,10
12.8401498795,80.2275009155,54819,54829,10
12.8409099579,80.2273178101,54829,54839,10
12.8418598175,80.2270812988,54839,54850,11
12.8430204391,80.226852417,54850,54860,10
12.8440799713,80.2266464233,54860,54870,10
12.8450899124,80.2265625,54870,54880,10
12.8452596664,80.2265472412,54880,54890,10
12.8453702927,80.2265701294,54890,54900,10
12.8457899094,80.2265319824,54900,54910,10
12.8465299606,80.2265167236,54910,54920,10
12.847530365,80.2265090942,54920,54930,10
12.8486204147,80.2265014648,54930,54941,11
12.8497695923,80.2264709473,54941,54951,10
12.8500499725,80.2264785767,54951,54961,10
12.8503198624,80.2264862061,54961,54971,10
12.850979805,80.2265014648,54971,54981,10
12.8519001007,80.2265625,54981,54991,10
12.8530197144,80.2266235352,54991,55001,10
12.8542098999,80.2265319824,55001,55011,10
12.8554601669,80.2264022827,55011,55021,10
12.856760025,80.2262573242,55021,55032,11
12.8581600189,80.2261581421,55032,55042,10
12.8593997955,80.2262878418,55042,55052,10
12.8605298996,80.2264404297,55052,55062,10
12.8607702255,80.2264633179,55062,55072,10
12.8610200882,80.2264709473,55072,55082,10
12.8617401123,80.2264633179,55082,55092,10
12.8627099991,80.2264328003,55092,55102,10
12.8638601303,80.2264709473,55102,55112,10
12.8651103973,80.2265319824,55112,55123,11
12.8664398193,80.2264785767,55123,55133,10
12.8676795959,80.226348877,55133,55143,10
12.8689603806,80.2263565063,55143,55153,10
12.8702402115,80.2265319824,55153,55163,10
12.8714399338,80.226600647,55163,55173,10
12.8724603653,80.2265930176,55173,55183,10
12.8727302551,80.2265930176,55183,55193,10
12.8731899261,80.226600647,55193,55203,10
12.8739595413,80.2266693115,55203,55214,11
12.8750295639,80.2268066406,55214,55224,10
12.8760995865,80.2268829346,55224,55234,10
12.8765802383,80.2268371582,55234,55244,10
12.8767299652,80.2268218994,55244,55254,10
12.8770103455,80.2268066406,55254,55264,10
12.8777198792,80.2267532349,55264,55274,10
12.8786401749,80.2266769409,55274,55284,10
12.8797798157,80.2266311646,55284,55294,10
12.8810195923,80.2266311646,55294,55305,11
12.8824596405,80.2266387939,55305,55315,10
12.8837900162,80.2266235352,55315,55325,10
12.8849000931,80.2266082764,55325,55335,10
12.8851900101,80.2266082764,55335,55345,10
12.8855600357,80.2266921997,55345,55355,10
12.8862495422,80.2268829346,55355,55365,10
12.8871603012,80.2271118164,55365,55375,10
12.8882598877,80.2272415161,55375,55385,10
12.8894395828,80.2272872925,55385,55396,11
12.8907699585,80.2272872925,55396,55406,10
12.8919296265,80.2272872925,55406,55416,10
12.8931102753,80.2274017334,55416,55426,10
12.8943796158,80.2275466919,55426,55436,10
12.8956804276,80.2276000977,55436,55446,10
12.8970003128,80.2276535034,55446,55456,10
12.8982095718,80.2276992798,55456,55466,10
12.899140358,80.2277603149,55466,55476,10
12.8996696472,80.2277603149,55476,55487,11
12.9000701904,80.2277603149,55487,55567,80
12.9003200531,80.2277526855,55567,55598,31
12.9003200531,80.2277526855,55598,55608,10
12.9004402161,80.2277984619,55608,55618,10
12.9007301331,80.2278289795,55618,55628,10
12.9011201859,80.2278289795,55628,55638,10
12.9016799927,80.2278671265,55638,55648,10
12.9023599625,80.2279129028,55648,55658,10
12.9024896622,80.2279205322,55658,55669,11
12.9029197693,80.2279510498,55669,55679,10
12.903670311,80.2279968262,55679,55689,10
12.9046802521,80.2280578613,55689,55699,10
12.9056797028,80.2281036377,55699,55709,10
12.9062795639,80.2281112671,55709,55719,10
12.9066801071,80.2281417847,55719,55729,10
12.9070196152,80.2281799316,55729,55739,10
12.9072904587,80.2282485962,55739,55749,10
12.9079303741,80.2283401489,55749,55760,11
12.9089603424,80.2285079956,55760,55770,10
12.9100904465,80.2287063599,55770,55780,10
12.9113302231,80.2289505005,55780,55790,10
12.9125003815,80.2291183472,55790,55800,10
12.9134302139,80.2292327881,55800,55810,10
12.9136800766,80.2292633057,55810,55821,11
12.9138202667,80.229309082,55821,55831,10
12.9139900208,80.2293395996,55831,55841,10
12.9144096375,80.2294006348,55841,55852,11
12.915189743,80.2294769287,55852,55862,10
12.9162797928,80.2296524048,55862,55872,10
12.9173803329,80.2297821045,55872,55882,10
12.9185400009,80.2299499512,55882,55892,10
12.919719696,80.2300796509,55892,55902,10
12.920999527,80.2302322388,55902,55912,10
12.9223098755,80.2304077148,55912,55922,10
12.9236402512,80.2306137085,55922,55932,10
12.924949646,80.2307662964,55932,55943,11
12.926199913,80.2309036255,55943,55953,10
12.9264802933,80.2309417725,55953,55963,10
12.9268798828,80.2309875488,55963,55973,10
12.9276199341,80.2311172485,55973,55983,10
12.9284696579,80.2312469482,55983,55993,10
12.9293003082,80.2314071655,55993,56003,10
12.9303302765,80.2316436768,56003,56013,10
12.9315004349,80.2319793701,56013,56023,10
12.9326601028,80.2323608398,56023,56034,11
12.9336395264,80.2327423096,56034,56044,10
12.9337100983,80.2327804565,56044,56054,10
12.9340496063,80.2329788208,56054,56064,10
12.9347896576,80.2333068848,56064,56074,10
12.9355401993,80.2336425781,56074,56084,10
12.9363603592,80.2340393066,56084,56094,10
12.9373903275,80.2345275879,56094,56104,10
12.9385204315,80.2350769043,56104,56114,10
12.939499855,80.2355575562,56114,56125,11
12.9398097992,80.2357025146,56125,56135,10
12.9403400421,80.2359008789,56135,56145,10
12.9411802292,80.2360992432,56145,56155,10
12.9421701431,80.2363510132,56155,56165,10
12.9431800842,80.2368774414,56165,56175,10
12.9439897537,80.237739563,56175,56185,10
12.9448699951,80.2386779785,56185,56195,10
12.9459295273,80.2394180298,56195,56205,10
12.9469995499,80.2398529053,56205,56216,11
12.9472799301,80.2399520874,56216,56226,10
12.947429657,80.2400436401,56226,56236,10
12.9478597641,80.2402191162,56236,56246,10
12.9484901428,80.2405014038,56246,56256,10
12.9491901398,80.2407913208,56256,56266,10
12.9499998093,80.241027832,56266,56276,10
12.9506998062,80.2412261963,56276,56286,10
12.9507598877,80.2412414551,56286,56296,10
12.9510498047,80.241317749,56296,56307,11
12.9515800476,80.2415237427,56307,56317,10
12.9520397186,80.2417221069,56317,56327,10
12.9527797699,80.2419891357,56327,56337,10
12.9536895752,80.2423324585,56337,56347,10
12.9545898438,80.2427062988,56347,56357,10
12.9553403854,80.243019104,56357,56367,10
12.9561195374,80.2433624268,56367,56377,10
12.9562501907,80.2434310913,56377,56387,10
12.9567699432,80.2435836792,56387,56398,11
12.9576702118,80.2439575195,56398,56408,10
12.9584197998,80.2442474365,56408,56418,10
12.958609581,80.2443237305,56418,56428,10
12.9589700699,80.2444763184,56428,56438,10
12.9596395493,80.2447967529,56438,56448,10
12.9605503082,80.2452163696,56448,56458,10
12.9616699219,80.2457427979,56458,56468,10
12.9626502991,80.2462081909,56468,56478,10
12.9630804062,80.2464675903,56478,56489,11
12.96352005,80.2466812134,56489,56499,10
12.9642496109,80.2469711304,56499,56509,10
12.9651699066,80.2472381592,56509,56519,10
12.9661197662,80.247543335,56519,56529,10
12.9668598175,80.2479400635,56529,56549,20
12.9668598175,80.2479400635,56549,56559,10
12.9673995972,80.2482070923,56559,56569,10
12.9682397842,80.2485580444,56569,56580,11
12.9692697525,80.2489318848,56580,56590,10
12.9703197479,80.2493515015,56590,56600,10
12.9714899063,80.2497177124,56600,56610,10
12.9726896286,80.250038147,56610,56620,10
12.9737701416,80.2502975464,56620,56630,10
12.9746704102,80.2505569458,56630,56640,10
12.9757900238,80.2508773804,56640,56650,10
12.9769496918,80.2512588501,56650,56660,10
12.977930069,80.2519073486,56660,56671,11
12.9784803391,80.2523193359,56671,56681,10
12.9785699844,80.2523880005,56681,56691,10
12.9790296555,80.2525634766,56691,56701,10
12.9797801971,80.2526397705,56701,56711,10
12.9805002213,80.2526397705,56711,56782,71
12.9805002213,80.2526397705,56782,56792,10
12.980919838,80.2526321411,56792,56802,10
12.9814500809,80.2525787354,56802,56812,10
12.9814996719,80.2525787354,56812,56822,10
12.9816102982,80.252571106,56822,56832,10
12.9820098877,80.2525405884,56832,56954,122
12.9820098877,80.2525405884,56954,56964,10
12.9824199677,80.252571106,56964,56974,10
12.9827404022,80.2525405884,56974,56984,10
12.9831104279,80.2525177002,56984,56994,10
12.9835195541,80.2524719238,56994,57004,10
12.9835996628,80.2524414063,57004,57014,10
12.983830452,80.2523422241,57014,57115,101
12.983830452,80.2523422241,57115,57126,11
12.9841403961,80.252281189,57126,57136,10
12.98458004,80.2521591187,57136,57146,10
12.9850196838,80.2520599365,57146,57156,10
12.9855098724,80.2519378662,57156,57166,10
12.9855203629,80.2519378662,57166,57176,10
12.9859800339,80.2517776489,57176,57217,41
12.9859800339,80.2517776489,57217,57227,10
12.9861001968,80.2516326904,57227,57237,10
12.9863195419,80.2516098022,57237,57247,10
12.9867601395,80.2515335083,57247,57257,10
12.9874200821,80.251373291,57257,57267,10
12.9878997803,80.2512969971,57267,57277,10
12.988650322,80.251121521,57277,57287,10
12.989689827,80.2508392334,57287,57297,10
12.990530014,80.2506103516,57297,57308,11
12.9917297363,80.2503433228,57308,57318,10
12.9928398132,80.2500991821,57318,57328,10
12.9939498901,80.2498168945,57328,57338,10
12.9950399399,80.2495422363,57338,57348,10
12.9959602356,80.2492980957,57348,57358,10
12.9964799881,80.249168396,57358,57368,10
12.996509552,80.2491531372,57368,57378,10
12.997010231,80.2490692139,57378,57388,10
12.9977703094,80.248878479,57388,57399,11
12.9988698959,80.248588562,57399,57409,10
13.0,80.248298645,57409,57419,10
13.001159668,80.2480316162,57419,57429,10
13.0021600723,80.2477798462,57429,57439,10
13.0030603409,80.2476119995,57439,57449,10
13.0041999817,80.247428894,57449,57459,10
13.0053796768,80.2472381592,57459,57469,10
13.0062599182,80.246887207,57469,57479,10
13.0065202713,80.2464675903,57479,57490,11
13.0065498352,80.246383667,57490,57500,10
13.0066003799,80.2461624146,57500,57510,10
13.0066204071,80.2456512451,57510,57520,10
13.0066204071,80.2451171875,57520,57530,10
13.0066003799,80.2448501587,57530,57540,10
13.0066099167,80.2446136475,57540,57550,10
13.0066204071,80.244430542,57550,57560,10
13.0066299438,80.2439804077,57560,57570,10
13.0066299438,80.243598938,57570,57581,11
13.0066099167,80.2430419922,57581,57591,10
13.0065803528,80.2421722412,57591,57601,10
13.0065898895,80.2412033081,57601,57611,10
13.0066404343,80.2407913208,57611,57621,10
13.0066795349,80.2405090332,57621,57631,10
13.0068397522,80.239906311,57631,57641,10
13.0069999695,80.2391586304,57641,57651,10
13.0071201324,80.2384414673,57651,57661,10
13.0072603226,80.2377319336,57661,57672,11
13.0073604584,80.2369766235,57672,57682,10
13.0073795319,80.236831665,57682,57692,10
13.0074396133,80.2366027832,57692,57702,10
13.0075902939,80.2360916138,57702,57712,10
13.0077695847,80.2352294922,57712,57722,10
13.0079698563,80.2341995239,57722,57732,10
13.008190155,80.2331085205,57732,57742,10
13.0083904266,80.2321166992,57742,57752,10
13.0085802078,80.2311096191,57752,57763,11
13.0087795258,80.2299575806,57763,57773,10
13.0089998245,80.2289428711,57773,57783,10
13.0092496872,80.2279815674,57783,57793,10
13.00963974,80.2271194458,57793,57803,10
13.0100898743,80.2261810303,57803,57813,10
13.0105304718,80.2254180908,57813,57823,10
13.010840416,80.2247085571,57823,57833,10
13.0111398697,80.2240066528,57833,57843,10
13.011179924,80.2238922119,57843,57854,11
13.0113201141,80.2235107422,57854,57864,10
13.0115604401,80.2229003906,57864,57874,10
13.0119600296,80.2221984863,57874,57884,10
13.0121498108,80.2217178345,57884,57894,10
13.0123901367,80.2215881348,57894,57904,10
13.0125904083,80.2219161987,57904,57914,10
13.0130796432,80.2224807739,57914,57924,10
13.0136899948,80.2231521606,57924,57934,10
13.0141096115,80.2237167358,57934,57945,11
13.0148096085,80.2242965698,57945,57955,10
13.0153999329,80.224861145,57955,57965,10
13.0155496597,80.2249908447,57965,57975,10
13.0159196854,80.2252120972,57975,57985,10
13.0165500641,80.2252426147,57985,57995,10
13.0173397064,80.224937439,57995,58005,10
13.0182199478,80.2246017456,58005,58015,10
13.0190496445,80.2243423462,58015,58025,10
13.0197296143,80.2245407104,58025,58036,11
13.0201997757,80.224861145,58036,58046,10
13.0202102661,80.2248687744,58046,58056,10
13.0202503204,80.2249679565,58056,58066,10
13.0205001831,80.2251815796,58066,58076,10
13.0209903717,80.2255630493,58076,58086,10
13.0215101242,80.2259597778,58086,58096,10
13.0221204758,80.2264175415,58096,58106,10
13.0228204727,80.2270202637,58106,58116,10
13.0233802795,80.2275619507,58116,58127,11
13.0239295959,80.2279968262,58127,58137,10
13.0243301392,80.2284164429,58137,58167,30
13.0243301392,80.2284164429,58167,58177,10
13.0243196487,80.2286376953,58177,58187,10
13.0241804123,80.2285690308,58187,58197,10
13.0239095688,80.2282333374,58197,58207,10
13.0234603882,80.2277679443,58207,58298,91
13.0234603882,80.2277679443,58298,58309,11
13.0232601166,80.2274475098,58309,58319,10
13.0229902267,80.2272262573,58319,58329,10
13.0224599838,80.2267303467,58329,58339,10
13.0217895508,80.2261428833,58339,58349,10
13.0210399628,80.2255401611,58349,58359,10
13.0198402405,80.2247009277,58359,58389,30
13.0198402405,80.2247009277,58389,58400,11
13.0193996429,80.2244567871,58400,58410,10
13.0186100006,80.2245330811,58410,58420,10
13.017660141,80.2249221802,58420,58430,10
13.0166597366,80.2253189087,58430,58439,9
13.015879631,80.2256011963,58439,58450,11
13.014840126,80.2260284424,58450,58460,10
13.0142803192,80.226272583,58460,58470,10
13.0141897202,80.2262802124,58470,58480,10
13.0137901306,80.2264404297,58480,58491,11
13.0129995346,80.2267379761,58491,58501,10
13.0121297836,80.2270889282,58501,58511,10
13.0110797882,80.2275085449,58511,58521,10
13.010020256,80.2279205322,58521,58531,10
13.009180069,80.2284011841,58531,58541,10
13.0089597702,80.2292785645,58541,58551,10
13.0088195801,80.2303237915,58551,58561,10
13.0086402893,80.2313079834,58561,58571,10
13.0084295273,80.2323226929,58571,58582,11
13.0082902908,80.2333984375,58582,58602,20
13.0082902908,80.2333984375,58602,58612,10
13.0082597733,80.2335662842,58612,58622,10
13.0081996918,80.2339401245,58622,58632,10
13.0081100464,80.2345504761,58632,58642,10
13.0079498291,80.2350387573,58642,58652,10
13.0078201294,80.2355422974,58652,58662,10
13.0076398849,80.2363433838,58662,58673,11
13.0074396133,80.2373428345,58673,58683,10
13.0073003769,80.2381515503,58683,58693,10
13.0072202682,80.2387237549,58693,58703,10
13.0071001053,80.2393493652,58703,58723,20
13.0071001053,80.2393493652,58723,58733,10
13.0070199966,80.2396621704,58733,58743,10
13.0069599152,80.240020752,58743,58774,31
13.0068998337,80.2402267456,58774,58804,30
13.0068998337,80.2402267456,58804,58814,10
13.0068502426,80.2406387329,58814,58834,20
13.0068502426,80.2406387329,58834,58844,10
13.0067596436,80.2409591675,58844,58855,11
13.0066995621,80.2416915894,58855,58865,10
13.0067396164,80.2426605225,58865,58875,10
13.0067996979,80.2435073853,58875,58885,10
13.0067901611,80.2444915771,58885,58895,10
13.0067901611,80.2453918457,58895,58905,10
13.0067901611,80.2460021973,58905,58915,10
13.0068397522,80.2467575073,58915,58925,10
13.006819725,80.2472991943,58925,58935,10
13.0062999725,80.2474212646,58935,58956,21
13.0062999725,80.2474212646,58956,58966,10
13.0060997009,80.2474365234,58966,58976,10
13.0056495667,80.2473678589,58976,58986,10
13.0049600601,80.2473373413,58986,58996,10
13.0040798187,80.2474365234,58996,59006,10
13.0030202866,80.2476272583,59006,59016,10
13.0018501282,80.2478866577,59016,59026,10
13.0006198883,80.2481994629,59026,59037,11
12.9992303848,80.2485427856,59037,59047,10
12.9982404709,80.2488098145,59047,59057,10
12.9981002808,80.248840332,59057,59067,10
12.9976997375,80.2489089966,59067,59077,10
12.9970197678,80.2490692139,59077,59087,10
12.9960803986,80.2493209839,59087,59097,10
12.9949903488,80.2495880127,59097,59107,10
12.9938602448,80.2499008179,59107,59117,10
12.9926700592,80.2501907349,59117,59128,11
12.9914999008,80.2505111694,59128,59138,10
12.9912204742,80.250579834,59138,59148,10
12.9909696579,80.2506408691,59148,59158,10
12.9909095764,80.2506484985,59158,59168,10
12.9905195236,80.2507324219,59168,59178,10
12.9898395538,80.2509002686,59178,59188,10
12.9890098572,80.251121521,59188,59198,10
12.9885702133,80.2512512207,59198,59299,101
12.9885702133,80.2512512207,59299,59310,11
12.9884300232,80.2512588501,59310,59320,10
12.9880800247,80.251373291,59320,59330,10
12.9875898361,80.2514724731,59330,59340,10
12.9869098663,80.2516708374,59340,59350,10
12.986410141,80.2517929077,59350,59360,10
12.985830307,80.2519378662,59360,59370,10
12.9850902557,80.2521362305,59370,59380,10
12.98416996,80.2523727417,59380,59390,10
12.9828395844,80.2526397705,59390,59401,11
12.9815196991,80.2526779175,59401,59411,10
12.9805402756,80.2527236938,59411,59421,10
12.9802398682,80.2527618408,59421,59431,10
12.9800395966,80.2527923584,59431,59441,10
12.979809761,80.252746582,59441,59451,10
12.9794597626,80.2526779175,59451,59461,10
12.9788198471,80.2526321411,59461,59471,10
12.978509903,80.2525405884,59471,59481,10
12.9783802032,80.252456665,59481,59492,11
12.9778995514,80.2520370483,59492,59502,10
12.9772195816,80.2515182495,59502,59512,10
12.9763402939,80.2511978149,59512,59522,10
12.9753198624,80.2509002686,59522,59532,10
12.9742698669,80.250617981,59532,59542,10
12.9735603333,80.2503967285,59542,59552,10
12.9727897644,80.2501907349,59552,59562,10
12.9717702866,80.2499237061,59562,59573,11
12.970580101,80.2495727539,59573,59583,10
12.9694900513,80.2491836548,59583,59593,10
12.9684696198,80.2487869263,59593,59603,10
12.9675102234,80.2483978271,59603,59613,10
12.9666996002,80.2480163574,59613,59623,10
12.9660100937,80.2477111816,59623,59633,10
12.9653596878,80.2474594116,59633,59643,10
12.9652795792,80.2474212646,59643,59653,10
12.9650201797,80.2473297119,59653,59664,11
12.96434021,80.2470397949,59664,59674,10
12.9638595581,80.2468414307,59674,59684,10
12.963549614,80.246711731,59684,59694,10
12.9629201889,80.246421814,59694,59704,10
12.9620399475,80.2460021973,59704,59714,10
12.9610004425,80.2454986572,59714,59724,10
12.9599504471,80.2450485229,59724,59734,10
12.9593296051,80.2447967529,59734,59744,10
12.9591999054,80.2447433472,59744,59755,11
12.9586601257,80.244468689,59755,59765,10
12.9579401016,80.2441864014,59765,59775,10
12.9573602676,80.2439575195,59775,59785,10
12.9564599991,80.2435302734,59785,59805,20
12.9564599991,80.2435302734,59805,59815,10
12.9560499191,80.243347168,59815,59825,10
12.9553403854,80.2430725098,59825,59835,10
12.9545097351,80.2427368164,59835,59846,11
12.9535398483,80.2423629761,59846,59856,10
12.9525899887,80.2419891357,59856,59866,10
12.9518604279,80.2417373657,59866,59876,10
12.9517202377,80.2416915894,59876,59886,10
12.9513902664,80.241569519,59886,59896,10
12.950750351,80.2413482666,59896,59906,10
12.9498500824,80.2410583496,59906,59916,10
12.9491100311,80.240852356,59916,59926,10
12.9486303329,80.2406234741,59926,59937,11
12.9477300644,80.2402572632,59937,59947,10
12.9471902847,80.2400283813,59947,59957,10
12.9471302032,80.240020752,59957,59967,10
12.9468297958,80.2398605347,59967,59977,10
12.9462203979,80.2396011353,59977,59987,10
12.9454202652,80.2392196655,59987,59997,10
12.9446201324,80.2384872437,59997,60007,10
12.9438199997,80.2376098633,60007,60017,10
12.9429397583,80.2367782593,60017,60028,11
12.9416799545,80.2362670898,60028,60038,10
12.9405202866,80.236000061,60038,60048,10
12.9398603439,80.2358093262,60048,60058,10
12.9398498535,80.2358093262,60058,60068,10
12.9394598007,80.2356185913,60068,60078,10
12.9387598038,80.2352828979,60078,60088,10
12.9378299713,80.2348403931,60088,60098,10
12.936750412,80.2343215942,60098,60108,10
12.9357500076,80.2338562012,60108,60119,11
12.9349002838,80.2334594727,60119,60129,10
12.9341001511,80.2331008911,60129,60139,10
12.9340400696,80.2330703735,60139,60149,10
12.933719635,80.2329177856,60149,60159,10
12.9330596924,80.2325973511,60159,60169,10
12.9321403503,80.2322463989,60169,60179,10
12.9310398102,80.231880188,60179,60189,10
12.9298696518,80.231552124,60189,60199,10
12.9287004471,80.2313079834,60199,60210,11
12.9273900986,80.2311401367,60210,60220,10
12.9263801575,80.2310333252,60220,60230,10
12.9261302948,80.231010437,60230,60240,10
12.9257202148,80.23097229,60240,60250,10
12.9250202179,80.2308883667,60250,60260,10
12.9241199493,80.2307662964,60260,60270,10
12.9230098724,80.2305984497,60270,60280,10
12.921790123,80.2304000854,60280,60290,10
12.9206199646,80.2302627563,60290,60301,11
12.9193601608,80.2301101685,60301,60311,10
12.9182500839,80.2299728394,60311,60321,10
12.9169998169,80.2298202515,60321,60331,10
12.9158697128,80.2296600342,60331,60341,10
12.9147396088,80.2294921875,60341,60351,10
12.9138002396,80.2293624878,60351,60361,10
12.9133901596,80.2293167114,60361,60371,10
12.9132299423,80.2293014526,60371,60381,10
12.9128198624,80.2292404175,60381,60392,11
12.9119701385,80.229133606,60392,60402,10
12.910949707,80.2289810181,60402,60412,10
12.9097900391,80.2287979126,60412,60422,10
12.9087200165,80.2286224365,60422,60432,10
12.9076795578,80.2284469604,60432,60442,10
12.9069004059,80.2283630371,60442,60452,10
12.9064502716,80.2283172607,60452,60462,10
12.9063596725,80.2283172607,60462,60472,10
12.9060297012,80.2282867432,60472,60483,11
12.9052200317,80.2282409668,60483,60493,10
12.9043998718,80.2282104492,60493,60503,10
12.9035596848,80.2281570435,60503,60513,10
12.9027500153,80.2281265259,60513,60523,10
12.9020795822,80.2280883789,60523,60533,10
12.9014396667,80.2280578613,60533,60543,10
12.9009599686,80.2280426025,60543,60553,10
12.9005002975,80.2279968262,60553,60563,10
12.900270462,80.2279891968,60563,60574,11
12.8999004364,80.2279586792,60574,60584,10
12.8998203278,80.2279586792,60584,60594,10
12.8995895386,80.2279281616,60594,60604,10
12.8991804123,80.2279281616,60604,60614,10
12.8991098404,80.2279281616,60614,60624,10
12.8986902237,80.2278900146,60624,60634,10
12.897939682,80.2278366089,60634,60644,10
12.8969802856,80.2277679443,60644,60654,10
12.8957996368,80.227722168,60654,60665,11
12.8944396973,80.2276611328,60665,60675,10
12.8932504654,80.2275390625,60675,60685,10
12.8923997879,80.2274398804,60685,60695,10
12.8915996552,80.2273864746,60695,60705,10
12.8905296326,80.2273788452,60705,60715,10
12.889380455,80.2273864746,60715,60725,10
12.8884601593,80.2273712158,60725,60735,10
12.8874597549,80.2272720337,60735,60745,10
12.8864002228,80.2270736694,60745,60756,11
12.8855495453,80.226852417,60756,60766,10
12.8851900101,80.2267990112,60766,60776,10
12.8851203918,80.2267913818,60776,60786,10
12.8847198486,80.2267608643,60786,60796,10
12.8846197128,80.2267608643,60796,60806,10
12.8842897415,80.2267684937,60806,60816,10
12.883600235,80.2267684937,60816,60826,10
12.8826303482,80.2267837524,60826,60836,10
12.8814897537,80.2267684937,60836,60847,11
12.8801403046,80.2267684937,60847,60857,10
12.8788499832,80.2267990112,60857,60867,10
12.877579689,80.2268981934,60867,60877,10
12.8768796921,80.2269897461,60877,60887,10
12.8768396378,80.2269897461,60887,60897,10
12.8766403198,80.2269897461,60897,60907,10
12.8764801025,80.2269973755,60907,60917,10
12.8761901855,80.2269973755,60917,60927,10
12.8755302429,80.2269821167,60927,60938,11
12.87458992,80.2268600464,60938,60948,10
12.873550415,80.2267532349,60948,60958,10
12.8724603653,80.2267074585,60958,60968,10
12.8713502884,80.2266693115,60968,60978,10
12.870059967,80.2265930176,60978,60988,10
12.8687496185,80.2264328003,60988,60998,10
12.8674097061,80.2264633179,60998,61008,10
12.8660898209,80.2265930176,61008,61018,10
12.8647499084,80.2265777588,61018,61029,11
12.8632297516,80.2265396118,61029,61039,10
12.8618497849,80.2266311646,61039,61049,10
12.8607501984,80.2266387939,61049,61059,10
12.859629631,80.2264709473,61059,61069,10
12.858590126,80.2263183594,61069,61079,10
12.8574199677,80.2263031006,61079,61089,10
12.8561601639,80.2264328003,61089,61099,10
12.8548297882,80.2265625,61099,61109,10
12.853509903,80.2266998291,61109,61120,11
12.8520202637,80.2266998291,61120,61130,10
12.8507204056,80.2266616821,61130,61140,10
12.8498401642,80.2266464233,61140,61150,10
12.8496103287,80.2266616821,61150,61160,10
12.8491201401,80.2266464233,61160,61170,10
12.8483200073,80.2266387939,61170,61180,10
12.8472700119,80.2266387939,61180,61190,10
12.846159935,80.2266387939,61190,61200,10
12.8456802368,80.2266387939,61200,61211,11
12.8452396393,80.2266616821,61211,61221,10
12.8452301025,80.2266616821,61221,61231,10
12.8449802399,80.2266769409,61231,61241,10
12.8443603516,80.2267227173,61241,61251,10
12.8435401917,80.2267990112,61251,61261,10
12.8425102234,80.2269668579,61261,61271,10
12.8413696289,80.2272567749,61271,61281,10
12.8403701782,80.2275390625,61281,61291,10
12.8399095535,80.2276763916,61291,61302,11
12.8396596909,80.2277832031,61302,61312,10
12.8390197754,80.2279129028,61312,61322,10
12.8381099701,80.2281265259,61322,61332,10
12.8369598389,80.2283401489,61332,61342,10
12.8357000351,80.2285079956,61342,61352,10
12.8344297409,80.2287063599,61352,61362,10
12.8332300186,80.2289428711,61362,61372,10
12.8324098587,80.2291030884,61372,61382,10
12.8322296143,80.2291488647,61382,61393,11
12.8317403793,80.2292404175,61393,61403,10
12.8309803009,80.2294464111,61403,61413,10
12.8299303055,80.229850769,61413,61423,10
12.8288402557,80.2303009033,61423,61433,10
12.827750206,80.2309188843,61433,61443,10
12.8266201019,80.2313232422,61443,61453,10
12.8253602982,80.2314071655,61453,61463,10
12.8241500854,80.2312698364,61463,61473,10
12.8229703903,80.2308883667,61473,61484,11
12.8215999603,80.2305221558,61484,61494,10
12.8203201294,80.23046875,61494,61504,10
12.8192501068,80.230506897,61504,61514,10
12.8190097809,80.230506897,61514,61524,10
12.8186197281,80.2303771973,61524,61534,10
12.8179397583,80.2300491333,61534,61544,10
12.8170099258,80.2296600342,61544,61554,10
12.8158903122,80.2294311523,61554,61564,10
12.8146600723,80.2292480469,61564,61575,11
12.8132801056,80.2288894653,61575,61585,10
12.8120298386,80.2284622192,61585,61595,10
12.8107595444,80.2279815674,61595,61605,10
12.8095397949,80.2274398804,61605,61615,10
12.8084602356,80.2266693115,61615,61625,10
12.8074398041,80.2258224487,61625,61635,10
12.8065500259,80.2250289917,61635,61645,10
12.8057804108,80.2243499756,61645,61655,10
12.8050899506,80.2240219116,61655,61666,11
12.8050003052,80.223991394,61666,61676,10
12.8046503067,80.2239379883,61676,61686,10
12.8040399551,80.2238998413,61686,61696,10
12.8032503128,80.2238311768,61696,61706,10
12.8022603989,80.2237091064,61706,61716,10
12.8012399673,80.2236022949,61716,61726,10
12.8002700806,80.2235107422,61726,61736,10
12.7991199493,80.2234191895,61736,61746,10
12.7978000641,80.2232818604,61746,61757,11
12.7964401245,80.2230377197,61757,61767,10
12.795800209,80.2229537964,61767,61777,10
12.795539856,80.2229003906,61777,61787,10
12.7948598862,80.2227630615,61787,61797,10
12.7938995361,80.2226028442,61797,61807,10
12.7927799225,80.222442627,61807,61817,10
12.7916498184,80.2221908569,61817,61827,10
12.7904996872,80.2219161987,61827,61837,10
12.7894802094,80.2216186523,61837,61848,11
12.7886295319,80.2212905884,61848,61858,10
12.7878599167,80.220993042,61858,61868,10
12.7872800827,80.2207794189,61868,61878,10
12.786740303,80.2205734253,61878,61898,20
12.786740303,80.2205734253,61898,61908,10
12.7866697311,80.2205810547,61908,61918,10
12.7863397598,80.2204208374,61918,61928,10
12.7861795425,80.2204589844,61928,61939,11
12.786190033,80.2208633423,61939,61949,10
12.7861995697,80.2210464478,61949,61959,10
12.7862100601,80.2214202881,61959,61969,10
12.7863197327,80.2218780518,61969,64115,2146
12.7864303589,80.2217483521,64115,64226,111
12.7862701416,80.2217636108,64226,64610,384
12.786239624,80.2214889526,64610,64651,41
12.786190033,80.2210922241,64651,64671,20
12.786190033,80.2210922241,64671,64681,10
12.7861700058,80.2205886841,64681,64732,51
12.7861700058,80.2205886841,64732,64742,10
12.7864398956,80.2203826904,64742,64762,20
12.7864398956,80.2203826904,64762,64772,10
12.7866201401,80.2205200195,64772,64782,10
12.7868995667,80.2206573486,64782,64792,10
12.787320137,80.2208023071,64792,64803,11
12.7877998352,80.2209777832,64803,64813,10
12.7883300781,80.2211990356,64813,64823,10
12.7889499664,80.2214279175,64823,64833,10
12.7894096375,80.2216033936,64833,64843,10
12.7897500992,80.2217178345,64843,64853,10
12.790019989,80.2218017578,64853,64863,10
12.7905797958,80.2219314575,64863,64873,10
12.7913599014,80.2221069336,64873,64883,10
12.7922296524,80.2223129272,64883,64894,11
12.7933101654,80.2225036621,64894,64904,10
12.7943000793,80.22265625,64904,64914,10
12.7953195572,80.2228164673,64914,64924,10
12.7961997986,80.2229385376,64924,64934,10
12.7963895798,80.2229766846,64934,64944,10
12.7968196869,80.2230911255,64944,64954,10
12.7975997925,80.2232513428,64954,64964,10
12.798500061,80.2233505249,64964,64974,10
12.7996101379,80.2234573364,64974,64985,11
12.8006601334,80.2235412598,64985,64995,10
12.8014202118,80.2235870361,64995,65005,10
12.8016395569,80.2236404419,65005,65015,10
12.8022203445,80.2237014771,65015,65025,10
12.8029298782,80.2238006592,65025,65035,10
12.803730011,80.2238616943,65035,65045,10
12.8045396805,80.2239227295,65045,65055,10
12.8052597046,80.2240524292,65055,65065,10
12.805560112,80.2241592407,65065,65076,11
12.8056402206,80.2241897583,65076,65086,10
12.8060102463,80.2244796753,65086,65096,10
12.8065299988,80.2249526978,65096,65106,10
12.8071098328,80.2254714966,65106,65116,10
12.8077497482,80.2260284424,65116,65126,10
12.8085403442,80.2266998291,65126,65136,10
12.8095397949,80.2274169922,65136,65146,10
12.8106498718,80.2279205322,65146,65156,10
12.8117599487,80.2283401489,65156,65167,11
12.8130197525,80.2287826538,65167,65177,10
12.8142004013,80.229133606,65177,65187,10
12.8154401779,80.2293167114,65187,65197,10
12.8166599274,80.2295227051,65197,65207,10
12.8177700043,80.2299118042,65207,65217,10
12.8187599182,80.2303771973,65217,65227,10
12.819560051,80.2304534912,65227,65237,10
12.8197002411,80.2304534912,65237,65247,10
12.8199596405,80.2304382324,65247,65258,11
12.8207502365,80.2304229736,65258,65268,10
12.8217802048,80.230506897,65268,65278,10
12.822930336,80.2308425903,65278,65288,10
12.8241300583,80.2311630249,65288,65298,10
12.8253002167,80.2313766479,65298,65308,10
12.8265800476,80.2313079834,65308,65316,8
12.8275604248,80.2309875488,65316,65328,12
12.8288497925,80.2302703857,65328,65338,10
12.8308200836,80.2294464111,65338,65379,41
12.8308200836,80.2294464111,65379,65389,10
12.8311796188,80.2293319702,65389,65399,10
12.8316802979,80.2291793823,65399,65409,10
12.8323402405,80.2290420532,65409,65419,10
12.8331403732,80.2288818359,65419,65430,11
12.8341798782,80.2286911011,65430,65440,10
12.8352003098,80.2285232544,65440,65450,10
12.8362598419,80.2283630371,65450,65460,10
12.8373498917,80.2282028198,65460,65470,10
12.8384103775,80.2279815674,65470,65480,10
12.8390798569,80.2277984619,65480,65490,10
12.8395500183,80.2276992798,65490,65500,10
12.8400802612,80.2275466919,65500,65510,10
12.8408403397,80.2273483276,65510,65521,11
12.8418598175,80.2270812988,65521,65531,10
12.8427696228,80.2268829346,65531,65541,10
12.8436002731,80.2267303467,65541,65551,10
12.8443603516,80.2266311646,65551,65561,10
12.8453702927,80.2265472412,65561,65581,20
12.8453702927,80.2265472412,65581,65591,10
12.8454799652,80.2265777588,65591,65601,10
12.8455400467,80.2265701294,65601,65612,11
12.8458204269,80.2265777588,65612,65622,10
12.8463001251,80.2265777588,65622,65632,10
12.8470001221,80.2265777588,65632,65642,10
12.8477802277,80.2265777588,65642,65652,10
12.8486099243,80.2265777588,65652,65662,10
12.8494997025,80.2265625,65662,65672,10
12.8499403,80.2265625,65672,65682,10
12.8499603271,80.2265701294,65682,65692,10
12.850060463,80.2266387939,65692,65703,11
12.8504695892,80.2266235352,65703,65713,10
12.8510398865,80.2266082764,65713,65723,10
12.8514699936,80.2266082764,65723,65854,131
12.8514699936,80.2266082764,65854,65864,10
12.8515396118,80.2265396118,65864,65874,10
12.8520002365,80.2265777588,65874,65885,11
12.8528203964,80.2266464233,65885,65895,10
12.8537397385,80.2266082764,65895,65905,10
12.8547897339,80.2265014648,65905,65915,10
12.8559103012,80.2263793945,65915,65925,10
12.857049942,80.2262496948,65925,65935,10
12.8578996658,80.2261810303,65935,65945,10
12.8582401276,80.2261962891,65945,65955,10
12.8585300446,80.2262268066,65955,65965,10
12.8591403961,80.2262802124,65965,65976,11
12.8600597382,80.2264175415,65976,65986,10
12.8607196808,80.2264862061,65986,65996,10
12.8609399796,80.2265167236,65996,66006,10
12.8614196777,80.2265319824,66006,66016,10
12.8622398376,80.2265090942,66016,66026,10
12.8631801605,80.2264709473,66026,66036,10
12.8642597198,80.2265090942,66036,66046,10
12.8654098511,80.2265396118,66046,66056,10
12.8665599823,80.2265014648,66056,66067,11
12.8677997589,80.2263793945,66067,66077,10
12.8689203262,80.2263793945,66077,66087,10
12.8701400757,80.2265319824,66087,66097,10
12.8712902069,80.2266082764,66097,66107,10
12.8722600937,80.2266235352,66107,66117,10
12.872879982,80.2266311646,66117,66127,10
12.8730602264,80.2266387939,66127,66137,10
12.8735198975,80.2266693115,66137,66147,10
12.8742599487,80.2267532349,66147,66158,11
12.8752202988,80.2268829346,66158,66168,10
12.8760700226,80.2269363403,66168,66178,10
12.8765001297,80.2269134521,66178,66188,10
12.8765802383,80.2269210815,66188,66198,10
12.8770103455,80.226890564,66198,66208,10
12.8777704239,80.2268371582,66208,66218,10
12.8787403107,80.2267837524,66218,66228,10
12.8798799515,80.2267379761,66228,66238,10
12.8811197281,80.2267303467,66238,66249,11
12.8825397491,80.2267227173,66249,66259,10
12.8838100433,80.2267074585,66259,66269,10
12.8847198486,80.2266769409,66269,66279,10
12.8849000931,80.2266769409,66279,66289,10
12.8851299286,80.2266998291,66289,66299,10
12.8856601715,80.2268218994,66299,66309,10
12.8864202499,80.2270202637,66309,66319,10
12.8873596191,80.2272186279,66319,66329,10
12.888469696,80.2273406982,66329,66340,11
12.8898000717,80.2273635864,66340,66350,10
12.8910503387,80.2273712158,66350,66360,10
12.8923101425,80.2273635864,66360,66370,10
12.8935499191,80.2275314331,66370,66380,10
12.8948202133,80.2276382446,66380,66390,10
12.8961400986,80.2276916504,66390,66400,10
12.8975095749,80.2277526855,66400,66410,10
12.8987998962,80.2278366089,66410,66420,10
12.8999300003,80.2278823853,66420,66431,11
12.9005298615,80.2278366089,66431,66501,70
12.9005298615,80.2278366089,66501,66511,10
12.9008703232,80.2278137207,66511,66522,11
12.9014196396,80.2278823853,66522,66532,10
12.902130127,80.2279281616,66532,66542,10
12.9027299881,80.2279510498,66542,66562,20
12.9027299881,80.2279510498,66562,66572,10
12.9029102325,80.2280197144,66572,66582,10
12.9034204483,80.2280273438,66582,66592,10
12.9045095444,80.2280578613,66592,66704,112
12.9045095444,80.2280578613,66704,66714,10
12.9048500061,80.2280807495,66714,66724,10
12.9051198959,80.2280807495,66724,66734,10
12.9053201675,80.2280883789,66734,66744,10
12.9055995941,80.2281265259,66744,66754,10
12.9059095383,80.2281494141,66754,66764,10
12.906129837,80.2281494141,66764,66774,10
12.9064598083,80.2281723022,66774,66784,10
12.9069299698,80.2282333374,66784,66795,11
12.9070901871,80.2282714844,66795,66805,10
12.9076004028,80.2283325195,66805,66815,10
12.9084100723,80.2284469604,66815,66825,10
12.9094400406,80.2286071777,66825,66835,10
12.9105195999,80.2287826538,66835,66845,10
12.9116802216,80.2289505005,66845,66855,10
12.9128599167,80.2291107178,66855,66865,10
12.9139003754,80.2292480469,66865,66886,21
12.9139003754,80.2292480469,66886,66896,10
12.9141302109,80.2293395996,66896,66906,10
12.9146099091,80.2294006348,66906,66916,10
12.9153404236,80.2295227051,66916,66926,10
12.916270256,80.2296524048,66926,66936,10
12.9172801971,80.2297821045,66936,66946,10
12.918299675,80.229927063,66946,66956,10
12.9190797806,80.2300415039,66956,66966,10
12.920129776,80.230178833,66966,66977,11
12.9211597443,80.2303237915,66977,66987,10
12.9222402573,80.2304763794,66987,66997,10
12.9233598709,80.2306518555,66997,67007,10
12.924489975,80.2307891846,67007,67017,10
12.9256095886,80.2308807373,67017,67027,10
12.926320076,80.2309494019,67027,67037,10
12.9263401031,80.2309494019,67037,67047,10
12.9266996384,80.2309875488,67047,67058,11
12.9274301529,80.2310791016,67058,67068,10
12.9282598495,80.2311935425,67068,67078,10
12.9288101196,80.2312774658,67078,67088,10
12.9294395447,80.2314224243,67088,67098,10
12.930270195,80.2316207886,67098,67108,10
12.9313001633,80.2319107056,67108,67118,10
12.93227005,80.2322235107,67118,67128,10
12.9329595566,80.2324371338,67128,67138,10
12.9332895279,80.2325820923,67138,67149,11
12.9333200455,80.2325973511,67149,67159,10
12.9334201813,80.2326583862,67159,67169,10
12.9337501526,80.2328109741,67169,67179,10
12.9342899323,80.2330627441,67179,67189,10
12.9350500107,80.2333679199,67189,67199,10
12.9353504181,80.2334899902,67199,67209,10
12.9356899261,80.2336578369,67209,67219,10
12.9362897873,80.2339401245,67219,67229,10
12.9370803833,80.234336853,67229,67240,11
12.9381599426,80.23487854,67240,67250,10
12.9391002655,80.2353515625,67250,67260,10
12.9393997192,80.2354812622,67260,67270,10
12.9394798279,80.2355422974,67270,67280,10
12.9398899078,80.2357406616,67280,67290,10
12.9406499863,80.2359771729,67290,67300,10
12.941570282,80.2362365723,67300,67310,10
12.9426002502,80.2365570068,67310,67320,10
12.9434604645,80.2371826172,67320,67331,11
12.9442796707,80.238067627,67331,67341,10
12.9450397491,80.238861084,67341,67351,10
12.9455099106,80.2392272949,67351,67422,71
12.9455099106,80.2392272949,67422,67432,10
12.9458904266,80.239440918,67432,67442,10
12.9463300705,80.2395935059,67442,67452,10
12.9466400146,80.2397003174,67452,67462,10
12.9467401505,80.239730835,67462,67472,10
12.9469900131,80.2398376465,67472,67482,10
12.9470796585,80.2398834229,67482,67492,10
12.9472904205,80.2399597168,67492,67502,10
12.9477701187,80.2401809692,67502,67513,11
12.9482097626,80.2403793335,67513,67523,10
12.948559761,80.2404937744,67523,67695,172
12.948559761,80.2404937744,67695,67705,10
12.948679924,80.2405776978,67705,67715,10
12.9488601685,80.2406692505,67715,67725,10
12.9491596222,80.2407913208,67725,67735,10
12.9497900009,80.2409820557,67735,67745,10
12.9505395889,80.2412185669,67745,67755,10
12.9509401321,80.241317749,67755,67765,10
12.9509496689,80.241317749,67765,67775,10
12.9512996674,80.2414627075,67775,67786,11
12.9519195557,80.2417068481,67786,67796,10
12.952580452,80.2419586182,67796,67806,10
12.9533100128,80.2422409058,67806,67816,10
12.9537401199,80.242401123,67816,67826,10
12.9543199539,80.2426376343,67826,67836,10
12.9549398422,80.2428894043,67836,67846,10
12.9555597305,80.2431411743,67846,67856,10
12.9562997818,80.2434768677,67856,67877,21
12.9562997818,80.2434768677,67877,67887,10
12.9565401077,80.2435684204,67887,67897,10
12.9570398331,80.2437591553,67897,67907,10
12.9577798843,80.2440490723,67907,67917,10
12.9587898254,80.2444381714,67917,67937,20
12.9587898254,80.2444381714,67937,67947,10
12.9590702057,80.2445983887,67947,67957,10
12.9596204758,80.2448577881,67957,67968,11
12.9604597092,80.2452468872,67968,67978,10
12.9613800049,80.2456817627,67978,67988,10
12.9623203278,80.2461395264,67988,67998,10
12.9633798599,80.2466430664,67998,68119,121
12.9633798599,80.2466430664,68119,68129,10
12.9636297226,80.2467575073,68129,68140,11
12.964099884,80.2469482422,68140,68150,10
12.964799881,80.2472000122,68150,68160,10
12.9657201767,80.2474975586,68160,68170,10
12.9666795731,80.2478637695,68170,68190,20
12.9666795731,80.2478637695,68190,68200,10
12.966799736,80.2479400635,68200,68210,10
12.9671401978,80.2481079102,68210,68220,10
12.9677600861,80.2483825684,68220,68231,11
12.9685897827,80.2487030029,68231,68241,10
12.9694795609,80.2490692139,68241,68251,10
12.970459938,80.2494506836,68251,68261,10
12.9714403152,80.2497634888,68261,68271,10
12.9723997116,80.2500076294,68271,68281,10
12.9733600616,80.2502670288,68281,68291,10
12.9742898941,80.2505111694,68291,68301,10
12.9752597809,80.2507781982,68301,68311,10
12.9763002396,80.251083374,68311,68322,11
12.9774103165,80.2515182495,68322,68332,10
12.978509903,80.2523117065,68332,68362,30
12.978509903,80.2523117065,68362,68372,10
12.9787197113,80.2524414063,68372,68382,10
12.9794397354,80.252571106,68382,68423,41
12.9794397354,80.252571106,68423,68433,10
12.9794797897,80.2526321411,68433,68443,10
12.9798498154,80.2526626587,68443,68453,10
12.9804201126,80.2526702881,68453,68463,10
12.9812002182,80.2526397705,68463,68473,10
12.9820604324,80.2526016235,68473,68483,10
12.9829397202,80.252532959,68483,68493,10
12.9840497971,80.2523117065,68493,68504,11
12.9855499268,80.2518692017,68504,68584,80
12.9856595993,80.2517776489,68584,68635,51
12.9856595993,80.2517776489,68635,68645,10
12.985619545,80.2518234253,68645,68696,51
12.985619545,80.2518234253,68696,68706,10
12.9856595993,80.2517929077,68706,68716,10
12.986120224,80.2516784668,68716,68726,10
12.9867095947,80.2515487671,68726,68736,10
12.987279892,80.2514038086,68736,68746,10
12.9878396988,80.2512817383,68746,68756,10
12.9885902405,80.2510986328,68756,68766,10
12.9894304276,80.2508773804,68766,68787,21
12.9894304276,80.2508773804,68787,68797,10
12.9896202087,80.2508773804,68797,68807,10
12.9901199341,80.2507705688,68807,68817,10
12.990819931,80.250579834,68817,68827,10
12.9916696548,80.2503585815,68827,68837,10
12.9922399521,80.2502212524,68837,68847,10
12.9928998947,80.2500534058,68847,68857,10
12.9937496185,80.2498321533,68857,68868,11
12.9948701859,80.2495498657,68868,68878,10
12.9956998825,80.2493209839,68878,68888,10
12.9965896606,80.2490768433,68888,68898,10
12.9966001511,80.2490768433,68898,68908,10
12.9969396591,80.2490386963,68908,68918,10
12.9975404739,80.2489089966,68918,68928,10
12.998339653,80.2487030029,68928,68938,10
12.999329567,80.2484436035,68938,68948,10
13.0004701614,80.2481613159,68948,68959,11
13.0017299652,80.2478485107,68959,68969,10
13.0027999878,80.2476196289,68969,68979,10
13.003950119,80.247428894,68979,68989,10
13.0050401688,80.2472915649,68989,68999,10
13.0058202744,80.2470779419,68999,69009,10
13.0065402985,80.2463226318,69009,69029,20
13.0065402985,80.2463226318,69029,69040,11
13.0065803528,80.2460479736,69040,69050,10
13.0066404343,80.2454986572,69050,69060,10
13.0066299438,80.2449264526,69060,69070,10
13.006649971,80.2442321777,69070,69080,10
13.0066404343,80.2434616089,69080,69090,10
13.0065603256,80.2425537109,69090,69100,10
13.0065498352,80.2415313721,69100,69110,10
13.0065803528,80.2409362793,69110,69120,10
13.0066204071,80.2405776978,69120,69131,11
13.0066299438,80.240562439,69131,69141,10
13.0067300797,80.240020752,69141,69151,10
13.0068798065,80.2393493652,69151,69161,10
13.007060051,80.2384109497,69161,69171,10
13.0072002411,80.237739563,69171,69181,10
13.0072898865,80.2372512817,69181,69191,10
13.0074100494,80.2365493774,69191,69242,51
13.0074100494,80.2365493774,69242,69252,10
13.0075902939,80.2364120483,69252,69262,10
13.0075502396,80.2363204956,69262,69272,10
13.0075902939,80.2359619141,69272,69282,10
13.0076503754,80.2355117798,69282,69292,10
13.0077104568,80.2350769043,69292,69302,10
13.0078401566,80.2345428467,69302,69313,11
13.008020401,80.2338790894,69313,69323,10
13.0081596375,80.2331619263,69323,69333,10
13.0083599091,80.2321472168,69333,69343,10
13.0085201263,80.2310409546,69343,69353,10
13.0087604523,80.2298583984,69353,69362,9
13.0090198517,80.2287216187,69362,69373,11
13.0094404221,80.2274780273,69373,69383,10
13.0099096298,80.2264022827,69383,69393,10
13.0104103088,80.2254562378,69393,69404,11
13.0107803345,80.2247009277,69404,69414,10
13.0110301971,80.2240524292,69414,69424,10
13.0112400055,80.2235183716,69424,69434,10
13.0115003586,80.222869873,69434,69444,10
13.0118198395,80.2219772339,69444,69454,10
13.0121097565,80.2213973999,69454,69464,10
13.0123500824,80.221496582,69464,69474,10
13.0126800537,80.2220001221,69474,69484,10
13.0132102966,80.2226028442,69484,69495,11
13.0137701035,80.2232971191,69495,69505,10
13.0142602921,80.2238693237,69505,69515,10
13.0150604248,80.2246932983,69515,69535,20
13.0150604248,80.2246932983,69535,69545,10
13.015250206,80.2248382568,69545,69555,10
13.0155296326,80.2250595093,69555,69565,10
13.0158395767,80.2252883911,69565,69575,10
13.0165100098,80.2253036499,69575,69586,11
13.0173301697,80.2249679565,69586,69596,10
13.0180797577,80.224647522,69596,69606,10
13.0187702179,80.2243728638,69606,69616,10
13.0194997787,80.2243728638,69616,69666,50
13.0194997787,80.2243728638,69666,69677,11
13.0197496414,80.2246170044,69677,69687,10
13.0201396942,80.224899292,69687,69697,10
13.0205698013,80.2251815796,69697,69707,10
13.0209703445,80.2255020142,69707,69717,10
13.0214395523,80.2258377075,69717,69727,10
13.0220403671,80.2262802124,69727,69737,10
13.0225801468,80.2267379761,69737,69747,10
13.0231599808,80.2273178101,69747,69757,10
13.0236196518,80.227722168,69757,69768,11
13.0240402222,80.2281036377,69768,69778,10
13.0243501663,80.2284622192,69778,69828,50
13.0243501663,80.2284622192,69828,69838,10
13.0243797302,80.2285232544,69838,69848,10
13.0242395401,80.2285690308,69848,69859,11
13.0240297318,80.2283706665,69859,69869,10
13.0237197876,80.2279815674,69869,69879,10
13.0235500336,80.2278137207,69879,69980,101
13.0233001709,80.2275085449,69980,70020,40
13.0233001709,80.2275085449,70020,70030,10
13.0231199265,80.2273406982,70030,70041,11
13.0228996277,80.2271575928,70041,70051,10
13.0228004456,80.2270584106,70051,70061,10
13.0227203369,80.2269592285,70061,70071,10
13.022480011,80.2267227173,70071,70081,10
13.0222301483,80.2265090942,70081,70091,10
13.0217599869,80.2261123657,70091,70101,10
13.0211496353,80.2256164551,70101,70111,10
13.020359993,80.2250671387,70111,70121,10
13.0195398331,80.2245330811,70121,70132,11
13.0184402466,80.2245483398,70132,70142,10
13.0174198151,80.2249679565,70142,70152,10
13.0166196823,80.2253036499,70152,70162,10
13.016289711,80.2254180908,70162,70172,10
13.0157604218,80.2256011963,70172,70182,10
13.0153198242,80.2258224487,70182,70192,10
13.0149402618,80.2259597778,70192,70202,10
13.0144195557,80.2261505127,70202,70212,10
13.0143003464,80.2262191772,70212,70223,11
13.0141296387,80.2262878418,70223,70233,10
13.0135698318,80.2265014648,70233,70243,10
13.0128002167,80.2267837524,70243,70253,10
13.0118999481,80.227142334,70253,70263,10
13.0109300613,80.2275238037,70263,70273,10
13.0100603104,80.2278594971,70273,70283,10
13.0093603134,80.2281417847,70283,70293,10
13.0090303421,80.2288208008,70293,70303,10
13.0088796616,80.2297821045,70303,70314,11
13.0087003708,80.2308883667,70314,70324,10
13.0085096359,80.2317886353,70324,70334,10
13.0083703995,80.2326507568,70334,70344,10
13.0082597733,80.2333831787,70344,70354,10
13.0082302094,80.2334671021,70354,70364,10
13.0081796646,80.2336425781,70364,70374,10
13.008099556,80.234046936,70374,70384,10
13.0079498291,80.2347183228,70384,70394,10
13.0078001022,80.2355422974,70394,70405,11
13.007610321,80.2365112305,70405,70415,10
13.0074300766,80.2374191284,70415,70425,10
13.0072803497,80.2382507324,70425,70435,10
13.0071401596,80.239112854,70435,70445,10
13.0069599152,80.239730835,70445,70455,10
13.0068798065,80.2401428223,70455,70465,10
13.0067396164,80.2406768799,70465,70475,10
13.0066900253,80.2413864136,70475,70485,10
13.0066995621,80.2423171997,70485,70496,11
13.0066604614,80.2431564331,70496,70506,10
13.0066699982,80.2440032959,70506,70516,10
13.0066699982,80.2447814941,70516,70526,10
13.0066699982,80.2451171875,70526,70536,10
13.0066699982,80.2453384399,70536,70546,10
13.0066699982,80.2456283569,70546,70556,10
13.0066795349,80.2460632324,70556,70566,10
13.0066795349,80.2464065552,70566,70576,10
13.0062999725,80.2473602295,70576,70597,21
13.0062999725,80.2473602295,70597,70607,10
13.0061597824,80.2473220825,70607,70617,10
13.0055999756,80.2473068237,70617,70627,10
13.0047597885,80.2473526001,70627,70637,10
13.003660202,80.2475204468,70637,70647,10
13.0024204254,80.247756958,70647,70657,10
13.0011301041,80.2480621338,70657,70667,10
12.999830246,80.2483825684,70667,70678,11
12.9983701706,80.2487335205,70678,70688,10
12.9970397949,80.2490386963,70688,70698,10
12.9957199097,80.2494125366,70698,70708,10
12.9944200516,80.2497329712,70708,70718,10
12.9931201935,80.2500534058,70718,70728,10
12.9918498993,80.2503585815,70728,70738,10
12.9910297394,80.2506027222,70738,70747,9
12.9910001755,80.2506027222,70747,70758,11
12.9905700684,80.2506866455,70758,70769,11
12.9897403717,80.2509002686,70769,70779,10
12.9888801575,80.251121521,70779,70789,10
12.9884996414,80.2512435913,70789,70971,182
12.9884996414,80.2512435913,70971,70981,10
12.9881401062,80.2513427734,70981,70991,10
12.9878997803,80.2513580322,70991,71001,10
12.9874601364,80.2514419556,71001,71011,10
12.9868898392,80.2515869141,71011,71021,10
12.9863100052,80.251739502,71021,71032,11
12.9853601456,80.2519683838,71032,71042,10
12.9843902588,80.252243042,71042,71052,10
12.9833498001,80.2525024414,71052,71062,10
12.9823102951,80.2526016235,71062,71072,10
12.9812602997,80.2526473999,71072,71082,10
12.9804801941,80.2527084351,71082,71092,10
12.9800796509,80.2527389526,71092,71133,41
12.9800796509,80.2527389526,71133,71143,10
12.9798202515,80.2526168823,71143,71153,10
12.9792804718,80.2526016235,71153,71163,10
12.9786396027,80.2525405884,71163,71173,10
12.9785499573,80.252532959,71173,71183,10
12.978219986,80.2523193359,71183,71193,10
12.977640152,80.2518234253,71193,71203,10
12.9767799377,80.2512893677,71203,71214,11
12.9758501053,80.2510375977,71214,71224,10
12.9754400253,80.2509078979,71224,71234,10
12.9746704102,80.2506790161,71234,71244,10
12.9737300873,80.2504119873,71244,71254,10
12.9727802277,80.2501373291,71254,71264,10
12.9717597961,80.2498779297,71264,71274,10
12.9706602097,80.2495880127,71274,71284,10
12.9695997238,80.2491989136,71284,71294,10
12.9685602188,80.2487792969,71294,71305,11
12.9675502777,80.2483978271,71305,71315,10
12.9670696259,80.2481689453,71315,71325,10
12.9668397903,80.2480621338,71325,71335,10
12.9665603638,80.2479171753,71335,71345,10
12.9662504196,80.2477798462,71345,71355,10
12.966050148,80.2476806641,71355,71365,10
12.9659004211,80.2476425171,71365,71375,10
12.9654397964,80.247467041,71375,71385,10
12.9651203156,80.2473831177,71385,71396,11
12.9648799896,80.2472991943,71396,71406,10
12.96434021,80.2471008301,71406,71416,10
12.9640798569,80.2470016479,71416,71446,30
12.9640798569,80.2470016479,71446,71456,10
12.963760376,80.246887207,71456,71466,10
12.9633197784,80.2466506958,71466,71476,10
12.9626598358,80.2463378906,71476,71487,11
12.9616699219,80.24584198,71487,71497,10
12.9606599808,80.2453613281,71497,71507,10
12.9597396851,80.244972229,71507,71517,10
12.9593601227,80.2447967529,71517,71527,10
12.9591999054,80.244720459,71527,71537,10
12.9587802887,80.2445297241,71537,71547,10
12.9581098557,80.2442169189,71547,71557,10
12.9575395584,80.2439575195,71557,71567,10
12.957110405,80.2437591553,71567,71578,11
12.9569597244,80.2436904907,71578,71648,70
12.956609726,80.2435684204,71648,71669,21
12.956609726,80.2435684204,71669,71679,10
12.9564800262,80.243522644,71679,71719,40
12.9564800262,80.243522644,71719,71729,10
12.9562101364,80.2434005737,71729,71739,10
12.9555797577,80.2431716919,71739,71749,10
12.9547700882,80.2428436279,71749,71760,11
12.9539299011,80.2425384521,71760,71770,10
12.9533996582,80.2423019409,71770,71780,10
12.9526195526,80.2419891357,71780,71790,10
12.9519300461,80.2417526245,71790,71800,10
12.9516296387,80.2416381836,71800,71810,10
12.9512500763,80.2415008545,71810,71820,10
12.9505701065,80.2412872314,71820,71830,10
12.949640274,80.2410125732,71830,71840,10
12.9489297867,80.2407836914,71840,71851,11
12.9480800629,80.2404022217,71851,71861,10
12.9472303391,80.2400588989,71861,71871,10
12.9470796585,80.2400131226,71871,71881,10
12.946680069,80.2398300171,71881,71891,10
12.9459896088,80.2395401001,71891,71901,10
12.9451704025,80.2390823364,71901,71911,10
12.9443998337,80.2382888794,71911,71921,10
12.9436101913,80.2374267578,71921,71931,10
12.9427404404,80.236656189,71931,71942,11
12.941450119,80.2362213135,71942,71952,10
12.9402999878,80.2359390259,71952,71962,10
12.9398298264,80.2357788086,71962,71972,10
12.9397602081,80.235710144,71972,71982,10
12.9392595291,80.2354812622,71982,71992,10
12.9385204315,80.2351226807,71992,72002,10
12.9375696182,80.2346725464,72002,72012,10
12.9365196228,80.2341537476,72012,72022,10
12.9354801178,80.2336578369,72022,72033,11
12.9343395233,80.2331771851,72033,72043,10
12.9338998795,80.2329788208,72043,72053,10
12.9338102341,80.2329177856,72053,72063,10
12.9333200455,80.2326812744,72063,72073,10
12.932559967,80.2323684692,72073,72083,10
12.9315500259,80.2320327759,72083,72093,10
12.9303703308,80.2316589355,72093,72103,10
12.9292402267,80.2313995361,72103,72113,10
12.9281997681,80.2312011719,72113,72124,11
12.9269399643,80.2310714722,72124,72134,10
12.9260997772,80.2309494019,72134,72144,10
12.9258298874,80.2309570313,72144,72154,10
12.9254999161,80.2309188843,72154,72164,10
12.9248695374,80.2308273315,72164,72174,10
12.924030304,80.23072052,72174,72184,10
12.9229898453,80.2305831909,72184,72194,10
12.9218196869,80.2303924561,72194,72204,10
12.9204502106,80.2302093506,72204,72215,11
12.9191999435,80.2300415039,72215,72225,10
12.9180498123,80.2298812866,72225,72235,10
12.9169197083,80.2297286987,72235,72245,10
12.9158000946,80.2295837402,72245,72255,10
12.9145898819,80.2294082642,72255,72265,10
12.9133396149,80.2293014526,72265,72285,20
12.9133396149,80.2293014526,72285,72295,10
12.9131002426,80.2292480469,72295,72306,11
12.9124698639,80.2291488647,72306,72316,10
12.9115800858,80.2289962769,72316,72326,10
12.9104700089,80.2288513184,72326,72336,10
12.9092798233,80.2286605835,72336,72346,10
12.9081802368,80.2284698486,72346,72356,10
12.9076299667,80.2284088135,72356,72437,81
12.9076299667,80.2284088135,72437,72447,10
12.9075298309,80.2283630371,72447,72457,10
12.9071598053,80.228302002,72457,72467,10
12.9066896439,80.2282562256,72467,72478,11
12.9060697556,80.2282028198,72478,72488,10
12.9052801132,80.228187561,72488,72498,10
12.9048500061,80.2281799316,72498,72508,10
12.9045600891,80.2281570435,72508,72518,10
12.9040298462,80.2281265259,72518,72528,10
12.9032201767,80.2280807495,72528,72538,10
12.9021997452,80.2280197144,72538,72548,10
12.9014997482,80.2279968262,72548,72558,10
12.9009799957,80.2279815674,72558,72569,11
12.9004497528,80.2279129028,72569,72579,10
12.9001598358,80.227897644,72579,72589,10
12.8999900818,80.227897644,72589,72599,10
12.8998403549,80.227897644,72599,72609,10
12.8996200562,80.2278900146,72609,72619,10
12.8993997574,80.2278823853,72619,72629,10
12.8992204666,80.2278671265,72629,72639,10
12.8988199234,80.2278289795,72639,72649,10
12.8980998993,80.2277832031,72649,72660,11
12.8970403671,80.227722168,72660,72670,10
12.8958597183,80.2276687622,72670,72680,10
12.8946695328,80.2276229858,72680,72690,10
12.8935003281,80.2275009155,72690,72700,10
12.8925199509,80.2273788452,72700,72710,10
12.8918895721,80.2273635864,72710,72720,10
12.8909797668,80.2273406982,72720,72730,10
12.8898897171,80.2273178101,72730,72740,10
12.8889503479,80.2273406982,72740,72751,11
12.888299942,80.2272872925,72751,72761,10
12.8876104355,80.2272262573,72761,72771,10
12.886759758,80.2270812988,72771,72781,10
12.885720253,80.2268218994,72781,72791,10
12.8849802017,80.2266921997,72791,72801,10
12.8849601746,80.2266769409,72801,72811,10
12.8848495483,80.2266616821,72811,72821,10
12.8843803406,80.2266387939,72821,72831,10
12.8835802078,80.2266387939,72831,72842,11
12.8824100494,80.2266464233,72842,72852,10
12.8812599182,80.2266693115,72852,72862,10
12.8800601959,80.2266769409,72862,72872,10
12.8788003922,80.2267227173,72872,72882,10
12.8775596619,80.2268218994,72882,72892,10
12.8766002655,80.2269287109,72892,72902,10
12.8764400482,80.2269592285,72902,72912,10
12.8762998581,80.2269515991,72912,72922,10
12.8757200241,80.2269515991,72922,72933,11
12.8747797012,80.226852417,72933,72943,10
12.8737096786,80.2267227173,72943,72953,10
12.8726196289,80.2266616821,72953,72963,10
12.8714799881,80.2266387939,72963,72973,10
12.8702802658,80.2265625,72973,72983,10
12.8690500259,80.2264099121,72983,72993,10
12.8677797318,80.2263565063,72993,73003,10
12.8666601181,80.2264709473,73003,73013,10
12.8653202057,80.2265625,73013,73024,11
12.8639602661,80.2265014648,73024,73034,10
12.8627099991,80.2264862061,73034,73044,10
12.8614997864,80.2265625,73044,73054,10
12.8610496521,80.2265777588,73054,73064,10
12.8607797623,80.2265472412,73064,73074,10
12.8601303101,80.2264633179,73074,73084,10
12.8592195511,80.2263183594,73084,73094,10
12.8583803177,80.2262191772,73094,73104,10
12.8572301865,80.2262496948,73104,73115,11
12.8559598923,80.2263793945,73115,73125,10
12.85476017,80.2265014648,73125,73135,10
12.8535299301,80.2266235352,73135,73145,10
12.8522796631,80.2266311646,73145,73155,10
12.8510103226,80.2265701294,73155,73165,10
12.8499002457,80.2265396118,73165,73175,10
12.8496398926,80.2265396118,73175,73185,10
12.849149704,80.2265319824,73185,73195,10
12.8483200073,80.2265167236,73195,73206,11
12.847120285,80.2265167236,73206,73216,10
12.8459796906,80.2265396118,73216,73226,10
12.8453598022,80.2265472412,73226,73236,10
12.8453502655,80.2265625,73236,73246,10
12.8450803757,80.2265625,73246,73256,10
12.8444404602,80.2266235352,73256,73266,10
12.8435401917,80.2267227173,73266,73276,10
12.8424596786,80.2269210815,73276,73286,10
12.8413295746,80.2272109985,73286,73297,11
12.840259552,80.2275314331,73297,73307,10
12.839799881,80.227722168,73307,73327,20
12.839799881,80.227722168,73327,73337,10
12.8391799927,80.2278594971,73337,73347,10
12.8384103775,80.2279968262,73347,73357,10
12.8374004364,80.2282028198,73357,73367,10
12.8362998962,80.2283630371,73367,73377,10
12.8351402283,80.2285308838,73377,73388,11
12.8338098526,80.2287368774,73388,73398,10
12.8328104019,80.2289199829,73398,73408,10
12.8324804306,80.2289886475,73408,73418,10
12.8322896957,80.2290496826,73418,73428,10
12.8319501877,80.2291564941,73428,73580,152
12.8319501877,80.2291564941,73580,73590,10
12.8316001892,80.2289962769,73590,73600,10
12.8315401077,80.2287063599,73600,73610,10
12.8314199448,80.2281036377,73610,73620,10
12.8312301636,80.2272109985,73620,73629,9
12.8310499191,80.2262268066,73629,73640,11
12.8310499191,80.225189209,73640,73650,10
12.8310604095,80.2245635986,73650,73661,11
12.8310699463,80.2238693237,73661,73671,10
12.8310804367,80.2229232788,73671,73681,10
12.8310804367,80.2221984863,73681,73691,10
12.8310804367,80.2218399048,73691,73701,10
12.8310899734,80.2210769653,73701,73711,10
12.8310899734,80.220123291,73711,73721,10
12.8310699463,80.2196426392,73721,73731,10
12.8307104111,80.2193908691,73731,73741,10
12.829870224,80.2193908691,73741,73752,11
12.828789711,80.2193984985,73752,73762,10
12.8280496597,80.2193832397,73762,73772,10
12.8277101517,80.2193984985,73772,73782,10
12.8275003433,80.2193984985,73782,73792,10
12.8268604279,80.2193984985,73792,73802,10
12.826210022,80.2193908691,73802,73812,10
12.8259496689,80.2193222046,73812,73822,10
12.8258695602,80.2190322876,73822,73832,10
12.8258695602,80.2183990479,73832,73843,11
12.8258800507,80.2173614502,73843,73853,10
12.8258895874,80.2163772583,73853,73863,10
12.8256797791,80.2159423828,73863,73873,10
12.8248500824,80.2159423828,73873,73893,20
12.8246603012,80.2159729004,73893,73903,10
12.8246603012,80.2159729004,73903,73913,10
12.824139595,80.2159729004,73913,73923,10
12.823340416,80.2159729004,73923,73934,11
12.8227996826,80.2159576416,73934,73944,10
12.8226699829,80.2162704468,73944,73954,10
12.8226804733,80.2169570923,73954,73964,10
12.8226604462,80.2178573608,73964,73974,10
12.8226604462,80.2191772461,73974,74004,30
12.8226604462,80.2191772461,74004,74014,10
12.8226699829,80.2192764282,74014,74025,11
12.82310009,80.2193832397,74025,74035,10
12.8238096237,80.2193832397,74035,74045,10
12.8246498108,80.2193527222,74045,74055,10
12.8254203796,80.21925354,74055,74075,20
12.8254203796,80.21925354,74075,74085,10
12.8258495331,80.2192993164,74085,74095,10
12.8261899948,80.2192993164,74095,74105,10
12.8264503479,80.2192993164,74105,74116,11
12.8267202377,80.2193069458,74116,74197,81
12.8269901276,80.2194213867,74197,74257,60
12.8269901276,80.2194213867,74257,74267,10
12.8273601532,80.2193832397,74267,74277,10
12.8273801804,80.2193832397,74277,74287,10
12.8275899887,80.2193908691,74287,74298,11
12.827750206,80.2193832397,74298,74308,10
12.8280496597,80.2193832397,74308,74318,10
12.8285398483,80.2193832397,74318,74328,10
12.8292303085,80.2193832397,74328,74339,11
12.8300695419,80.2193832397,74339,74348,9
12.8307800293,80.2193832397,74348,74359,11
12.8311300278,80.2195205688,74359,74369,10
12.8311901093,80.2200393677,74369,74380,11
12.8312397003,80.2206115723,74380,74450,70
12.8312397003,80.2206115723,74450,74460,10
12.8312501907,80.2207717896,74460,74471,11
12.8312397003,80.221321106,74471,74481,10
12.8312301636,80.2219390869,74481,74491,10
12.8312196732,80.2222290039,74491,74501,10
12.8312196732,80.2227935791,74501,74511,10
12.8312101364,80.2235870361,74511,74521,10
12.831199646,80.2243804932,74521,74531,10
12.831199646,80.2247161865,74531,74541,10
12.8311901093,80.2253112793,74541,74551,10
12.831199646,80.2261428833,74551,74562,11
12.8313598633,80.2271499634,74562,74572,10
12.8314199448,80.2274398804,74572,74582,10
12.8314504623,80.2275466919,74582,74612,30
12.8314504623,80.2275466919,74612,74622,10
12.831489563,80.2279281616,74622,74632,10
12.8315200806,80.2280273438,74632,74642,10
12.831580162,80.2282485962,74642,74653,11
12.8316202164,80.2284927368,74653,74663,10
12.8316602707,80.2286682129,74663,74673,10
12.8317098618,80.2289581299,74673,74693,20
12.8317098618,80.2289581299,74693,74703,10
12.8317604065,80.2290725708,74703,74713,10
12.8320302963,80.2290802002,74713,74723,10
12.8323097229,80.2290115356,74723,74733,10
12.8329801559,80.2288894653,74733,74744,11
12.8339595795,80.2287063599,74744,74754,10
12.834980011,80.2285308838,74754,74764,10
12.8361101151,80.2283477783,74764,74774,10
12.8372497559,80.228187561,74774,74784,10
12.8387203217,80.2278823853,74784,74804,20
12.8387203217,80.2278823853,74804,74814,10
12.8389596939,80.2277984619,74814,74824,10
12.8392696381,80.2276611328,74824,74835,11
12.8394403458,80.2275695801,74835,74845,10
12.8397102356,80.2275009155,74845,74855,10
12.8402700424,80.2274093628,74855,74865,10
12.8408899307,80.2272796631,74865,74875,10
12.8416996002,80.2270812988,74875,74885,10
12.842590332,80.2268829346,74885,74895,10
12.8434896469,80.2267227173,74895,74905,10
12.8443603516,80.2265930176,74905,74915,10
12.8453798294,80.2265014648,74915,74936,21
12.8453798294,80.2265014648,74936,74946,10
12.8456602097,80.2264709473,74946,74956,10
12.8456897736,80.2264633179,74956,74966,10
12.8458795547,80.2264709473,74966,74976,10
12.8464202881,80.2264785767,74976,74986,10
12.847240448,80.2264862061,74986,74996,10
12.8482198715,80.2265014648,74996,75006,10
12.8492698669,80.2264862061,75006,75017,11
12.850060463,80.2264785767,75017,75027,10
12.8501596451,80.2264709473,75027,75037,10
12.8506402969,80.2264709473,75037,75047,10
12.8513898849,80.2265167236,75047,75057,10
12.8523397446,80.2265777588,75057,75067,10
12.8533802032,80.2266082764,75067,75077,10
12.8544502258,80.2264862061,75077,75087,10
12.8555698395,80.2263565063,75087,75097,10
12.8566398621,80.2262496948,75097,75108,11
12.8574104309,80.2261581421,75108,75118,10
12.8576898575,80.2261428833,75118,75128,10
12.8578996658,80.2261276245,75128,75138,10
12.8581399918,80.2261276245,75138,75148,10
12.8583803177,80.2261581421,75148,75158,10
12.8588199615,80.2261886597,75158,75168,10
12.85958004,80.22631073,75168,75178,10
12.8604402542,80.2264328003,75178,75188,10
12.8605804443,80.2264404297,75188,75199,11
12.8609399796,80.2265014648,75199,75209,10
12.8615598679,80.2265014648,75209,75219,10
12.8624801636,80.2264633179,75219,75229,10
12.8635396957,80.2264404297,75229,75239,10
12.864689827,80.2265090942,75239,75249,10
12.8658504486,80.2265396118,75249,75259,10
12.8670501709,80.2264099121,75259,75269,10
12.8682699203,80.2262802124,75269,75279,10
12.8695497513,80.2264099121,75279,75290,11
12.8709001541,80.2265396118,75290,75300,10
12.872010231,80.2265701294,75300,75310,10
12.8731498718,80.2265930176,75310,75320,10
12.8743200302,80.2266769409,75320,75330,10
12.8753795624,80.2268295288,75330,75340,10
12.8759002686,80.2268829346,75340,75350,10
12.8761701584,80.226852417,75350,75360,10
12.8764200211,80.2268218994,75360,75371,11
12.8766498566,80.2268218994,75371,75381,10
12.8768701553,80.2268295288,75381,75391,10
12.8774204254,80.2267990112,75391,75401,10
12.8782501221,80.2267303467,75401,75411,10
12.879240036,80.2266921997,75411,75421,10
12.8803701401,80.2266693115,75421,75431,10
12.8815803528,80.2266616821,75431,75441,10
12.8827199936,80.2266616821,75441,75451,10
12.8838396072,80.2266387939,75451,75462,11
12.8848400116,80.2266235352,75462,75472,10
12.885020256,80.2266235352,75472,75482,10
12.8851099014,80.2266235352,75482,75492,10
12.8855104446,80.2266769409,75492,75502,10
12.8861904144,80.226852417,75502,75512,10
12.887049675,80.2270584106,75512,75522,10
12.8879299164,80.2272109985,75522,75532,10
12.8889799118,80.2272796631,75532,75542,10
12.890130043,80.2272796631,75542,75553,11
12.8914003372,80.2272796631,75553,75563,10
12.8922796249,80.2273025513,75563,75573,10
12.8929395676,80.2273788452,75573,75583,10
12.8937997818,80.2275009155,75583,75593,10
12.8947601318,80.2275695801,75593,75603,10
12.8957595825,80.2276229858,75603,75613,10
12.8968296051,80.2276611328,75613,75623,10
12.8978595734,80.227722168,75623,75633,10
12.8988103867,80.2277679443,75633,75644,11
12.8995399475,80.2277984619,75644,75654,10
12.9000997543,80.2278137207,75654,75664,10
12.9003896713,80.2278213501,75664,75714,50
12.9003896713,80.2278213501,75714,75724,10
12.9006595612,80.2278137207,75724,75735,11
12.9009504318,80.2278594971,75735,75745,10
12.901309967,80.227897644,75745,75755,10
12.9018802643,80.2279205322,75755,75765,10
12.9024000168,80.2279510498,75765,75775,10
12.9025096893,80.2279510498,75775,75785,10
12.9026203156,80.2279586792,75785,75795,10
12.9030399323,80.2279968262,75795,75805,10
12.9037599564,80.2280426025,75805,75815,10
12.9047203064,80.2280807495,75815,75826,11
12.9056901932,80.2281112671,75826,75836,10
12.9066295624,80.2281570435,75836,75856,20
12.9066295624,80.2281570435,75856,75866,10
12.9068899155,80.2281723022,75866,75876,10
12.9074897766,80.2282562256,75876,75886,10
12.9081697464,80.2283782959,75886,75896,10
12.9094600677,80.2285995483,75896,75906,10
12.9106197357,80.2287902832,75906,75917,11
12.9119596481,80.2289810181,75917,75927,10
12.9130802155,80.2291412354,75927,75937,10
12.9138002396,80.2292175293,75937,75947,10
12.9138097763,80.2292175293,75947,75957,10
12.9139499664,80.2292633057,75957,75967,10
12.9144001007,80.2293395996,75967,75977,10
12.915140152,80.2294387817,75977,75987,10
12.9161195755,80.2295837402,75987,75997,10
12.91726017,80.2297286987,75997,76008,11
12.9185304642,80.2299118042,76008,76018,10
12.9195604324,80.2300415039,76018,76028,10
12.9206600189,80.230178833,76028,76038,10
12.9218196869,80.2303314209,76038,76048,10
12.9229898453,80.2304992676,76048,76058,10
12.9241695404,80.2306518555,76058,76068,10
12.9253501892,80.2307891846,76068,76078,10
12.9263000488,80.2308807373,76078,76088,10
12.9265403748,80.2309188843,76088,76099,11
12.9267301559,80.2309494019,76099,76109,10
12.9273395538,80.2310180664,76109,76119,10
12.9281902313,80.2311325073,76119,76129,10
12.9291000366,80.2312774658,76129,76139,10
12.9300699234,80.2314987183,76139,76149,10
12.9311199188,80.2317962646,76149,76159,10
12.9321098328,80.2321166992,76159,76169,10
12.9329996109,80.2324066162,76169,76179,10
12.9336595535,80.2326889038,76179,76190,11
12.9337301254,80.2327270508,76190,76200,10
12.934009552,80.2328567505,76200,76210,10
12.9346399307,80.2331619263,76210,76220,10
12.9354801178,80.233543396,76220,76230,10
12.9362602234,80.2339324951,76230,76240,10
12.936920166,80.2342605591,76240,76250,10
12.9378900528,80.2347335815,76250,76260,10
12.9390802383,80.2353134155,76260,76270,10
12.9396800995,80.2355880737,76270,76281,11
12.9398298264,80.2356567383,76281,76291,10
12.9403295517,80.2358398438,76291,76301,10
12.941160202,80.2360610962,76301,76311,10
12.942150116,80.2362976074,76311,76321,10
12.9431200027,80.2367401123,76321,76331,10
12.9438800812,80.2375106812,76331,76341,10
12.9446697235,80.2383575439,76341,76351,10
12.9454603195,80.2391586304,76351,76361,10
12.9464101791,80.239616394,76361,76372,11
12.9471101761,80.2398986816,76372,76382,10
12.9471998215,80.2399597168,76382,76392,10
12.9476299286,80.2401428223,76392,76402,10
12.9482898712,80.2404403687,76402,76412,10
12.9489803314,80.2407073975,76412,76422,10
12.9495401382,80.2409210205,76422,76432,10
12.9503602982,80.2411804199,76432,76442,10
12.9511299133,80.2414398193,76442,76452,10
12.9517002106,80.2415924072,76452,76463,11
12.9519701004,80.2416763306,76463,76473,10
12.9524402618,80.241859436,76473,76483,10
12.9531803131,80.242149353,76483,76493,10
12.9539003372,80.2424316406,76493,76503,10
12.9546804428,80.2427597046,76503,76513,10
12.9552698135,80.242980957,76513,76523,10
12.9560403824,80.2432632446,76523,76533,10
12.9563999176,80.2434082031,76533,76543,10
12.9567699432,80.243560791,76543,76554,11
12.9575996399,80.2439422607,76554,76564,10
12.958439827,80.2443008423,76564,76574,10
12.9589500427,80.2445068359,76574,76584,10
12.9590997696,80.2445831299,76584,76594,10
12.9596395493,80.2448272705,76594,76604,10
12.9604196548,80.2451934814,76604,76614,10
12.9613704681,80.2456512451,76614,76624,10
12.9623403549,80.2461471558,76624,76634,10
12.9628896713,80.2464065552,76634,76645,11
12.9632196426,80.2465667725,76645,76655,10
12.9636297226,80.2468032837,76655,76665,10
12.9643096924,80.2470397949,76665,76675,10
12.965180397,80.2473602295,76675,76685,10
12.9660100937,80.2476577759,76685,76695,10
12.9663496017,80.2478027344,76695,76705,10
12.9665203094,80.2478790283,76705,76715,10
12.9669799805,80.2481384277,76715,76725,10
12.9675798416,80.2483901978,76725,76736,11
12.968580246,80.2487792969,76736,76746,10
12.9695997238,80.2491989136,76746,76756,10
12.9706602097,80.2496109009,76756,76766,10
12.9717903137,80.2499237061,76766,76776,10
12.9729604721,80.2502288818,76776,76786,10
12.9740800858,80.2505264282,76786,76796,10
12.9751701355,80.2508392334,76796,76806,10
12.9762802124,80.2511520386,76806,76816,10
12.977399826,80.2515563965,76816,76827,11
12.9783096313,80.2522506714,76827,76837,10
12.9784898758,80.2523574829,76837,76847,10
12.9788198471,80.2525024414,76847,76857,10
12.9796600342,80.2526397705,76857,76907,50
12.9796600342,80.2526397705,76907,76918,11
12.9798698425,80.2526626587,76918,76928,10
12.9802904129,80.2526779175,76928,76938,10
12.9809799194,80.2526779175,76938,76948,10
12.9819297791,80.2526473999,76948,76958,10
12.9829998016,80.2526016235,76958,76969,11
12.9840402603,80.2523727417,76969,76978,9
12.9851198196,80.2520675659,76978,76989,11
12.986000061,80.2518386841,76989,76999,10
12.9867401123,80.2516326904,76999,77010,11
12.9873800278,80.2514190674,77010,77020,10
12.9878196716,80.2514190674,77020,77030,10
12.987950325,80.251663208,77030,77040,10
12.9879903793,80.2518768311,77040,77050,10
12.9879999161,80.2523193359,77050,77060,10
12.9879398346,80.2530593872,77060,77070,10
12.9878702164,80.2538986206,77070,77080,10
12.9878101349,80.2547988892,77080,77111,31
12.9878101349,80.2547988892,77111,77121,10
12.9876899719,80.2551193237,77121,77131,10
12.9876499176,80.2555007935,77131,77141,10
12.9877004623,80.2558670044,77141,77151,10
12.9882001877,80.255897522,77151,77161,10
12.9885797501,80.2559280396,77161,77171,10
12.9888896942,80.2559585571,77171,77182,11
12.9895496368,80.2560119629,77182,77192,10
12.9902601242,80.2559967041,77192,77202,10
12.9909095764,80.2560424805,77202,77212,10
12.9916801453,80.2560424805,77212,77222,10
12.9925699234,80.2560501099,77222,77232,10
12.9933900833,80.2559890747,77232,77242,10
12.9940795898,80.2559509277,77242,77252,10
12.994720459,80.255897522,77252,77262,10
12.9953298569,80.2558822632,77262,77273,11
12.9963903427,80.2558670044,77273,77323,50
12.9963903427,80.2558670044,77323,77333,10
12.9965000153,80.2558822632,77333,77343,10
12.9970397949,80.2558670044,77343,77374,31
12.9970397949,80.2558670044,77374,77384,10
12.9972696304,80.2558898926,77384,77404,20
12.9972696304,80.2558898926,77404,77414,10
12.9975404739,80.2559204102,77414,77424,10
12.9975795746,80.2559204102,77424,77434,10
12.9976797104,80.2560806274,77434,77444,10
12.9976797104,80.2563095093,77444,77455,11
12.9977197647,80.2565612793,77455,77839,384
12.9976701736,80.2569122314,77839,78071,232
12.9976701736,80.2569122314,78071,78082,11
12.9981603622,80.2572021484,78082,78092,10
12.998339653,80.2568283081,78092,78102,10
12.9982595444,80.256477356,78102,78112,10
12.9978504181,80.2564163208,78112,78618,506
12.9978504181,80.2564163208,78618,78628,10
12.9976797104,80.2562103271,78628,78668,40
12.9976797104,80.2562103271,78668,78678,10
12.9975595474,80.2559585571,78678,78688,10
12.9971599579,80.2559509277,78688,78698,10
12.9968004227,80.2559204102,78698,78709,11
12.9962396622,80.2559204102,78709,78719,10
12.9956598282,80.2559204102,78719,78729,10
12.9951696396,80.2559204102,78729,78739,10
12.9945497513,80.2559509277,78739,78749,10
12.993929863,80.2559814453,78749,78759,10
12.9931497574,80.2560424805,78759,78769,10
12.9923200607,80.256072998,78769,78779,10
12.9916200638,80.2560577393,78779,78789,10
12.9910097122,80.2560195923,78789,78800,11
12.9902200699,80.2559814453,78800,78810,10
12.9894199371,80.2559890747,78810,78820,10
12.9886302948,80.2559280396,78820,78830,10
12.9879903793,80.2558288574,78830,78850,20
12.9879903793,80.2558288574,78850,78860,10
12.9877996445,80.2558364868,78860,78870,10
12.9876499176,80.2558898926,78870,78880,10
12.9875602722,80.2563781738,78880,78891,11
12.9874601364,80.2571868896,78891,78901,10
12.9873800278,80.2580413818,78901,78911,10
12.9873199463,80.2587127686,78911,78921,10
12.9872398376,80.2593002319,78921,78931,10
12.9870595932,80.2596206665,78931,78941,10
12.9869203568,80.2596435547,78941,78951,10
12.9866399765,80.2595214844,78951,78961,10
12.9866895676,80.2591705322,78961,78971,10
12.9869604111,80.2591781616,78971,79265,294
12.9870700836,80.259147644,79265,79679,414
12.9870700836,80.259147644,79679,79690,11
12.9872398376,80.2590789795,79690,79720,30
12.9872398376,80.2590789795,79720,79730,10
12.9873695374,80.2583236694,79730,79750,20
12.9873695374,80.2583236694,79750,79760,10
12.9873800278,80.2578125,79760,79770,10
12.9873895645,80.2572631836,79770,79781,11
12.9874696732,80.2565307617,79781,79791,10
12.9875402451,80.2560806274,79791,79831,40
12.9875402451,80.2560806274,79831,79841,10
12.9876003265,80.2557830811,79841,79851,10
12.987660408,80.2551193237,79851,79882,31
12.987660408,80.2551193237,79882,79892,10
12.9876499176,80.2547912598,79892,79902,10
12.9876899719,80.2541275024,79902,79912,10
12.9877700806,80.2533035278,79912,79922,10
12.987859726,80.2523498535,79922,79932,10
12.9877901077,80.2517929077,79932,79973,41
12.9877901077,80.2517929077,79973,79983,10
12.9876403809,80.2514801025,79983,79993,10
12.9873199463,80.2515106201,79993,80003,10
12.9868202209,80.2516174316,80003,80013,10
12.986289978,80.2517776489,80013,80023,10
12.9857196808,80.2519378662,80023,80033,10
12.9851198196,80.2521286011,80033,80043,10
12.9846000671,80.2522964478,80043,80054,11
12.9843502045,80.2523803711,80054,80205,151
12.9843502045,80.2523803711,80205,80215,10
12.9840602875,80.2524185181,80215,80225,10
12.9834699631,80.252571106,80225,80236,11
12.9825601578,80.2526779175,80236,80246,10
12.9816303253,80.2527008057,80246,80256,10
12.9807596207,80.2527236938,80256,80266,10
12.9802103043,80.2527770996,80266,80276,10
12.9797096252,80.2527236938,80276,80286,10
12.9789304733,80.2526473999,80286,80347,61
12.9789304733,80.2526473999,80347,80357,10
12.9785804749,80.252571106,80357,80367,10
12.9780902863,80.2522277832,80367,80377,10
12.9776000977,80.2517776489,80377,80387,10
12.9765396118,80.2512283325,80387,80397,10
12.975520134,80.2509231567,80397,80407,10
12.9745502472,80.2506637573,80407,80418,11
12.9734601974,80.2503814697,80418,80428,10
12.9724702835,80.2501068115,80428,80438,10
12.9714698792,80.2498397827,80438,80448,10
12.970459938,80.2495269775,80448,80458,10
12.9696502686,80.249206543,80458,80468,10
12.9684696198,80.2487564087,80468,80478,10
12.9676303864,80.2484130859,80478,80488,10
12.9668903351,80.248046875,80488,80499,11
12.9662704468,80.2477722168,80499,80509,10
12.9656200409,80.2474975586,80509,80519,10
12.9648799896,80.2472686768,80519,80549,30
12.9648799896,80.2472686768,80549,80559,10
12.9645395279,80.2471389771,80559,80569,10
12.9640398026,80.246963501,80569,80579,10
12.9634199142,80.2466812134,80579,80590,11
12.9626302719,80.2462768555,80590,80600,10
12.9617595673,80.2458572388,80600,80610,10
12.9608201981,80.2453994751,80610,80620,10
12.9598903656,80.2449874878,80620,80630,10
12.9593601227,80.2447891235,80630,80650,20
12.9593601227,80.2447891235,80650,80660,10
12.9590902328,80.2446594238,80660,80670,10
12.9585895538,80.2444381714,80670,80681,11
12.9579296112,80.244178772,80681,80691,10
12.9573402405,80.2439880371,80691,80701,10
12.9563999176,80.2436981201,80701,80741,40
12.9563999176,80.2436981201,80741,80751,10
12.9559698105,80.2435302734,80751,80761,10
12.9554004669,80.2431793213,80761,80772,11
12.9545497894,80.242767334,80772,80782,10
12.9537200928,80.2424163818,80782,80792,10
12.9530601501,80.2421264648,80792,80802,10
12.9523000717,80.2418289185,80802,80812,10
12.9515199661,80.2415924072,80812,80832,20
12.9515199661,80.2415924072,80832,80842,10
12.9511299133,80.2414321899,80842,80852,10
12.950510025,80.2412261963,80852,80863,11
12.9498100281,80.2410430908,80863,80873,10
12.9491100311,80.2408218384,80873,80883,10
12.9484596252,80.2405395508,80883,80893,10
12.9476699829,80.240196228,80893,80903,10
12.9469604492,80.2399291992,80903,80923,20
12.9469604492,80.2399291992,80923,80933,10
12.9466199875,80.2397766113,80933,80943,10
12.9461402893,80.2395629883,80943,80954,11
12.9452600479,80.2391204834,80954,80964,10
12.9446401596,80.2385177612,80964,80973,9
12.9439296722,80.2377166748,80973,80984,11
12.9431200027,80.236869812,80984,80994,10
12.9422101974,80.2363815308,80994,81004,10
12.9411497116,80.2361221313,81004,81014,10
12.9398202896,80.2357635498,81014,81055,41
12.9398202896,80.2357635498,81055,81065,10
12.9393796921,80.2355575562,81065,81075,10
12.9386997223,80.2351913452,81075,81085,10
12.9378995895,80.2347793579,81085,81095,10
12.9369602203,80.2343215942,81095,81105,10
12.936050415,80.2339096069,81105,81115,10
12.9351997375,80.2335205078,81115,81125,10
12.9343299866,80.2331314087,81125,81136,11
12.9337301254,80.2329025269,81136,81156,20
12.9337301254,80.2329025269,81156,81166,10
12.9335603714,80.2328033447,81166,81176,10
12.9332199097,80.2326507568,81176,81186,10
12.9325704575,80.232383728,81186,81196,10
12.9317903519,80.2321090698,81196,81206,10
12.9306402206,80.2317504883,81206,81216,10
12.9297895432,80.2315216064,81216,81227,11
12.9284601212,80.231262207,81227,81237,10
12.9273700714,80.2311325073,81237,81247,10
12.9260196686,80.231010437,81247,81267,20
12.9260196686,80.231010437,81267,81277,10
12.925860405,80.2309570313,81277,81287,10
12.9253396988,80.2309036255,81287,81297,10
12.9245595932,80.2308120728,81297,81307,10
12.9236097336,80.230682373,81307,81318,11
12.9224004745,80.2304992676,81318,81328,10
12.9212398529,80.2303237915,81328,81338,10
12.9200496674,80.2301712036,81338,81348,10
12.9192199707,80.2300872803,81348,81358,10
12.9191703796,80.2300796509,81358,81368,10
12.9191198349,80.2300567627,81368,81378,10
12.9186401367,80.2299880981,81378,81388,10
12.9178800583,80.2298736572,81388,81398,10
12.9169197083,80.2297363281,81398,81409,11
12.9157304764,80.2295684814,81409,81419,10
12.9146299362,80.2294006348,81419,81429,10
12.9136400223,80.2292861938,81429,81439,10
12.9132204056,80.2292633057,81439,81449,10
12.9132204056,80.2292480469,81449,81459,10
12.9131603241,80.2292404175,81459,81469,10
12.9127101898,80.2291564941,81469,81479,10
12.9119300842,80.229057312,81479,81489,10
12.910949707,80.2289199829,81489,81500,11
12.9097299576,80.2287368774,81500,81510,10
12.9085903168,80.2285614014,81510,81520,10
12.9074897766,80.2283935547,81520,81530,10
12.9067201614,80.2283096313,81530,81540,10
12.9061899185,80.2282791138,81540,81560,20
12.9061899185,80.2282791138,81560,81570,10
12.9058103561,80.2282180786,81570,81580,10
12.9051399231,80.2281570435,81580,81591,11
12.9042196274,80.2281036377,81591,81601,10
12.9033098221,80.2280578613,81601,81611,10
12.9023103714,80.228012085,81611,81621,10
12.9013004303,80.2279586792,81621,81692,71
12.9013004303,80.2279586792,81692,81702,10
12.9011001587,80.2280731201,81702,81712,10
12.9008197784,80.2278823853,81712,81722,10
12.9008398056,80.2274627686,81722,81752,30
12.9008398056,80.2274627686,81752,81763,11
12.9008798599,80.2270965576,81763,81773,10
12.9008798599,80.2265090942,81773,81783,10
12.9009304047,80.2257766724,81783,81793,10
12.9009599686,80.2248764038,81793,81803,10
12.9010000229,80.2238693237,81803,81813,10
12.9010601044,80.2227935791,81813,81823,10
12.9011802673,80.2216796875,81823,81833,10
12.901260376,80.2208023071,81833,81843,10
12.901309967,80.2204971313,81843,81854,11
12.9013299942,80.2204208374,81854,81864,10
12.9014101028,80.2199325562,81864,81874,10
12.9015197754,80.2191162109,81874,81884,10
12.901599884,80.2182388306,81884,81904,20
12.901599884,80.2182388306,81904,81914,10
12.9016599655,80.2178726196,81914,81924,10
12.9017896652,80.2171478271,81924,81934,10
12.9020795822,80.2162399292,81934,81945,11
12.9025201797,80.2151184082,81945,81955,10
12.9029302597,80.2140731812,81955,81965,10
12.903380394,80.2130126953,81965,81975,10
12.9038000107,80.2118988037,81975,81985,10
12.9042396545,80.2107772827,81985,81995,10
12.9046802521,80.2097015381,81995,82005,10
12.9051198959,80.2086105347,82005,82015,10
12.9054698944,80.2077178955,82015,82025,10
12.9055700302,80.2074966431,82025,82036,11
12.9057302475,80.2071609497,82036,82046,10
12.9060096741,80.206451416,82046,82056,10
12.9063796997,80.2055435181,82056,82066,10
12.9069099426,80.2046585083,82066,82076,10
12.9073295593,80.2036590576,82076,82086,10
12.9074497223,80.202507019,82086,82096,10
12.9075202942,80.2013931274,82096,82106,10
12.9075803757,80.2003173828,82106,82116,10
12.9076404572,80.1988677979,82116,82147,31
12.9076404572,80.1988677979,82147,82157,10
12.9077596664,80.1985092163,82157,82167,10
12.9082603455,80.1980895996,82167,82177,10
12.9089403152,80.1976318359,82177,82187,10
12.9096803665,80.1971817017,82187,82197,10
12.9104700089,80.1966094971,82197,82207,10
12.9110498428,80.1960983276,82207,82218,11
12.9111795425,80.1960067749,82218,82228,10
12.9114398956,80.1958694458,82228,82238,10
12.9119701385,80.1954879761,82238,82248,10
12.9126396179,80.1950378418,82248,82258,10
12.9131803513,80.1949310303,82258,82268,10
12.9135198593,80.1948471069,82268,82278,10
12.9137802124,80.1947784424,82278,82288,10
12.914270401,80.1947174072,82288,82298,10
12.9149799347,80.1945877075,82298,82309,11
12.9156799316,80.1944198608,82309,82319,10
12.9160604477,80.1943435669,82319,82329,10
12.9164304733,80.1942367554,82329,82339,10
12.9167299271,80.1941986084,82339,82349,10
12.9169797897,80.1940536499,82349,82359,10
12.9169502258,80.1936416626,82359,82369,10
12.9169797897,80.1932678223,82369,82379,10
12.9170198441,80.1930389404,82379,82389,10
12.9170799255,80.1927108765,82389,82400,11
12.9171199799,80.1923599243,82400,82410,10
12.9171695709,80.1920623779,82410,82420,10
12.9172000885,80.1917419434,82420,82430,10
12.9172296524,80.1913986206,82430,82440,10
12.9172401428,80.1913833618,82440,82450,10
12.917309761,80.1910400391,82450,82460,10
12.9173297882,80.1905517578,82460,82470,10
12.9174804688,80.1897125244,82470,82480,10
12.9179801941,80.1887283325,82480,82491,11
12.9188404083,80.1877975464,82491,82501,10
12.9197101593,80.1868362427,82501,82511,10
12.9204797745,80.1859207153,82511,82521,10
12.9204702377,80.1849594116,82521,82531,10
12.9202003479,80.1839599609,82531,82541,10
12.919960022,80.1829528809,82541,82551,10
12.9198503494,80.1824569702,82551,82561,10
12.9198102951,80.1823425293,82561,82571,10
12.9196796417,80.1818008423,82571,82582,11
12.9194698334,80.1808624268,82582,82592,10
12.9192199707,80.1798019409,82592,82602,10
12.9187297821,80.1788330078,82602,82612,10
12.9181404114,80.1778335571,82612,82622,10
12.9183301926,80.1766586304,82622,82632,10
12.9186201096,80.1754989624,82632,82642,10
12.9189195633,80.1742401123,82642,82652,10
12.9192495346,80.1729431152,82652,82662,10
12.9195203781,80.1719207764,82662,82673,11
12.9197502136,80.1710128784,82673,82683,10
12.9197797775,80.1709289551,82683,82693,10
12.9198598862,80.1706314087,82693,82703,10
12.9200897217,80.1699371338,82703,82713,10
12.920419693,80.1689071655,82713,82723,10
12.9208498001,80.1676025391,82723,82732,9
12.9212398529,80.1663665771,82732,82743,11
12.9216403961,80.1651382446,82743,82753,10
12.9221000671,80.1636428833,82753,82764,11
12.9224500656,80.1625289917,82764,82774,10
12.9226999283,80.161819458,82774,82784,10
12.9229803085,80.160987854,82784,82794,10
12.9230699539,80.1605529785,82794,82804,10
12.9231700897,80.1602401733,82804,82814,10
12.9232997894,80.1595077515,82814,82824,10
12.9233999252,80.1584320068,82824,82834,10
12.9235200882,80.1572113037,82834,82845,11
12.9236097336,80.155921936,82845,82855,10
12.9233598709,80.1549987793,82855,82865,10
12.9233198166,80.1548995972,82865,82875,10
12.9232196808,80.1545028687,82875,82885,10
12.9230499268,80.1537475586,82885,82895,10
12.9228096008,80.1527709961,82895,82905,10
12.9226398468,80.1518325806,82905,82915,10
12.9226198196,80.1507568359,82915,82925,10
12.9225797653,80.1495132446,82925,82936,11
12.9225301743,80.1482162476,82936,82946,10
12.9225196838,80.1472625732,82946,82956,10
12.9225196838,80.1466064453,82956,82966,10
12.9225196838,80.1457519531,82966,82976,10
12.9224796295,80.1447372437,82976,82986,10
12.9224596024,80.143661499,82986,82996,10
12.922419548,80.1426010132,82996,83006,10
12.922369957,80.1416015625,83006,83016,10
12.9223403931,80.1410598755,83016,83027,11
12.9223499298,80.1407165527,83027,83037,10
12.9223499298,80.1399536133,83037,83047,10
12.9223403931,80.1389694214,83047,83057,10
12.922419548,80.1379165649,83057,83067,10
12.9224796295,80.13697052,83067,83077,10
12.9225196838,80.1359863281,83077,83087,10
12.9225597382,80.1349029541,83087,83097,10
12.9226102829,80.1337432861,83097,83107,10
12.9226398468,80.1327514648,83107,83118,11
12.9226903915,80.1317214966,83118,83128,10
12.9226999283,80.1311035156,83128,83138,10
12.9227199554,80.130859375,83138,83148,10
12.9227600098,80.1301574707,83148,83158,10
12.9228200912,80.1292724609,83158,83168,10
12.9228696823,80.1285324097,83168,83178,10
12.9228601456,80.1279602051,83178,83188,10
12.9228801727,80.1271133423,83188,83198,10
12.9229202271,80.126121521,83198,83209,11
12.9229698181,80.1249008179,83209,83219,10
12.9230203629,80.1237564087,83219,83229,10
12.9230804443,80.1225585938,83229,83239,10
12.9231300354,80.1213912964,83239,83249,10
12.9231901169,80.1206130981,83249,83269,20
12.9231901169,80.1206130981,83269,83279,10
12.9232397079,80.1202011108,83279,83289,10
12.923330307,80.1194229126,83289,83300,11
12.9234304428,80.1182937622,83300,83310,10
12.923620224,80.1174621582,83310,83320,10
12.923789978,80.1167373657,83320,83330,10
12.9239797592,80.1159591675,83330,83340,10
12.9240598679,80.1155471802,83340,83350,10
12.9239397049,80.1152267456,83350,83360,10
12.9240198135,80.1150436401,83360,83370,10
12.924200058,80.1150436401,83370,83380,10
12.9245595932,80.1154174805,83380,83391,11
12.9251403809,80.1160202026,83391,83401,10
12.9256896973,80.1165771484,83401,83411,10
12.9260797501,80.1170501709,83411,83421,10
12.9264297485,80.1175308228,83421,83441,20
12.9264297485,80.1175308228,83441,83451,10
12.9266300201,80.117729187,83451,83461,10
12.9269504547,80.1179504395,83461,84311,850
12.9270296097,80.1181869507,84311,84372,61
12.9270296097,80.1181869507,84372,84382,10
12.9271001816,80.1182098389,84382,84392,10
12.9272003174,80.1183013916,84392,84402,10
12.927280426,80.1184463501,84402,84412,10
12.927479744,80.1186599731,84412,84422,10
12.9276599884,80.118850708,84422,84432,10
12.9280796051,80.1192474365,84432,84442,10
12.9286298752,80.1197967529,84442,84452,10
12.9292602539,80.1203918457,84452,84463,11
12.9299402237,80.1210632324,84463,84473,10
12.9305801392,80.1217193604,84473,84483,10
12.9312896729,80.1223526001,84483,84493,10
12.9316797256,80.1227493286,84493,84503,10
12.9316596985,80.1229019165,84503,84513,10
12.9314804077,80.1228637695,84513,84523,10
12.9312295914,80.1225509644,84523,84533,10
12.930729866,80.1220397949,84533,84543,10
12.9300899506,80.1214370728,84543,84554,11
12.9293203354,80.1206512451,84554,84563,9
12.9287395477,80.1200637817,84563,84574,11
12.9284296036,80.1197509766,84574,84584,10
12.9283504486,80.119682312,84584,84594,10
12.9282398224,80.1195678711,84594,84604,10
12.928150177,80.119468689,84604,84614,10
12.928030014,80.1193313599,84614,84624,10
12.9277296066,80.1190795898,84624,84675,51
12.9274597168,80.118812561,84675,84725,50
12.9274597168,80.118812561,84725,84736,11
12.9272899628,80.1184768677,84736,84746,10
12.927280426,80.1184616089,84746,84756,10
12.9271602631,80.1183166504,84756,84776,20
12.9271602631,80.1183166504,84776,84786,10
12.9269599915,80.1181488037,84786,84796,10
12.9268102646,80.1179962158,84796,84806,10
12.9266300201,80.1178436279,84806,84816,10
12.926440239,80.1176605225,84816,84827,11
12.9262104034,80.1174621582,84827,84837,10
12.925860405,80.1172637939,84837,84847,10
12.9254302979,80.1168518066,84847,84857,10
12.9249897003,80.1164016724,84857,84867,10
12.924539566,80.1159591675,84867,84877,10
12.9242801666,80.1157226563,84877,84887,10
12.9240598679,80.1157989502,84887,84897,10
12.9239196777,80.1163406372,84897,84907,10
12.923740387,80.1171188354,84907,84918,11
12.923500061,80.1181488037,84918,84928,10
12.9233999252,80.119178772,84928,84938,10
12.9233102798,80.1203994751,84938,84958,20
12.9233102798,80.1203994751,84958,84968,10
12.9232597351,80.1205215454,84968,84978,10
12.9232397079,80.1209793091,84978,84988,10
12.9231796265,80.1216964722,84988,84998,10
12.9231300354,80.1226119995,84998,85009,11
12.9230804443,80.1236877441,85009,85019,10
12.9230499268,80.1246795654,85019,85029,10
12.9230003357,80.1256637573,85029,85039,10
12.9229402542,80.1265335083,85039,85049,10
12.9229001999,80.1274032593,85049,85059,10
12.9228696823,80.1281433105,85059,85069,10
12.9228200912,80.1289215088,85069,85079,10
12.9227800369,80.1298217773,85079,85089,10
12.922750473,80.1306991577,85089,85100,11
12.922750473,80.131362915,85100,85110,10
12.922750473,80.1314620972,85110,85120,10
12.9227104187,80.1319732666,85120,85130,10
12.9226903915,80.1327590942,85130,85140,10
12.9226398468,80.1337203979,85140,85150,10
12.9225902557,80.1347427368,85150,85160,10
12.922539711,80.1358413696,85160,85170,10
12.9224996567,80.1368713379,85170,85180,10
12.9224500656,80.1379089355,85180,85191,11
12.922369957,80.1390609741,85191,85201,10
12.9223804474,80.1401977539,85201,85211,10
12.9224004745,80.1413574219,85211,85221,10
12.9224300385,80.1424636841,85221,85231,10
12.9224901199,80.1433410645,85231,85241,10
12.9224996567,80.1436004639,85241,85251,10
12.9224901199,80.1438064575,85251,85261,10
12.9225101471,80.1445007324,85261,85271,10
12.922539711,80.1455917358,85271,85282,11
12.9225797653,80.1466674805,85282,85292,10
12.9226198196,80.1473617554,85292,85302,10
12.9226102829,80.1474380493,85302,85312,10
12.9226198196,80.1479415894,85312,85322,10
12.9225997925,80.1488113403,85322,85332,10
12.9226398468,80.1499099731,85332,85342,10
12.9226799011,80.1510772705,85342,85352,10
12.922750473,80.1522369385,85352,85362,10
12.9230499268,80.1535186768,85362,85373,11
12.9233102798,80.154510498,85373,85383,10
12.9233703613,80.1547393799,85383,85393,10
12.9234695435,80.1551132202,85393,85403,10
12.9234895706,80.1552581787,85403,85413,10
12.9236097336,80.1558074951,85413,85423,10
12.9236297607,80.1567001343,85423,85433,10
12.9235401154,80.1578598022,85433,85443,10
12.9234199524,80.1591033936,85443,85453,10
12.9232997894,80.1602172852,85453,85464,11
12.9231700897,80.16065979,85464,85474,10
12.9230499268,80.1610107422,85474,85484,10
12.9228096008,80.1617584229,85484,85494,10
12.9224596024,80.1627807617,85494,85504,10
12.9220895767,80.1639099121,85504,85514,10
12.9217395782,80.1649475098,85514,85524,10
12.9214200974,80.1659622192,85524,85534,10
12.9210395813,80.1670913696,85534,85545,11
12.9205999374,80.16847229,85545,85555,10
12.9202003479,80.1697387695,85555,85565,10
12.9199104309,80.1708221436,85565,85575,10
12.919839859,80.1710281372,85575,85585,10
12.9197702408,80.1712036133,85585,85595,10
12.9197597504,80.1712188721,85595,85605,10
12.9196796417,80.17137146,85605,85615,10
12.9195804596,80.1718215942,85615,85625,10
12.9193897247,80.1725769043,85625,85636,11
12.9190998077,80.1736526489,85636,85646,10
12.9188404083,80.174697876,85646,85656,10
12.9185695648,80.1758880615,85656,85666,10
12.9183197021,80.1770629883,85666,85676,10
12.9182796478,80.1781463623,85676,85686,10
12.9188995361,80.1790084839,85686,85696,10
12.919380188,80.1800537109,85696,85706,10
12.9196395874,80.1812896729,85706,85716,10
12.9199399948,80.1825714111,85716,85727,11
12.920249939,80.183883667,85727,85737,10
12.9204301834,80.1845703125,85737,85747,10
12.9204397202,80.1846008301,85747,85757,10
12.920539856,80.1850280762,85757,85767,10
12.920630455,80.1857681274,85767,85777,10
12.9201002121,80.1864929199,85777,85787,10
12.919549942,80.1871109009,85787,85797,10
12.9187402725,80.1880187988,85797,85807,10
12.9179897308,80.1888275146,85807,85818,11
12.9174804688,80.1899490356,85818,85828,10
12.9173297882,80.1909103394,85828,85838,10
12.9171800613,80.1919937134,85838,85848,10
12.9170198441,80.1930236816,85848,85858,10
12.9170303345,80.193939209,85858,85868,10
12.9169397354,80.1942825317,85868,85878,10
12.9167404175,80.1943206787,85878,85888,10
12.916680336,80.1943206787,85888,85898,10
12.9161901474,80.1944122314,85898,85909,11
12.9152898788,80.1945800781,85909,85919,10
12.9142999649,80.1947784424,85919,85929,10
12.9132604599,80.1949996948,85929,85939,10
12.912320137,80.1953125,85939,85949,10
12.9114704132,80.1958999634,85949,85959,10
12.9108896255,80.1963424683,85959,85969,10
12.9108200073,80.1963882446,85969,85979,10
12.9104003906,80.1966705322,85979,85989,10
12.9096603394,80.1971817017,85989,86000,11
12.9087200165,80.1978530884,86000,86010,10
12.907959938,80.1984176636,86010,86020,10
12.9078598022,80.1985015869,86020,86030,10
12.9076795578,80.1987762451,86030,86040,10
12.90762043,80.1996078491,86040,86050,10
12.9075803757,80.2006912231,86050,86060,10
12.9074497223,80.2018966675,86060,86070,10
12.9073896408,80.2029571533,86070,86080,10
12.9071798325,80.2042388916,86080,86091,11
12.9065303802,80.2052993774,86091,86101,10
12.9060602188,80.2063827515,86101,86111,10
12.9056100845,80.2074813843,86111,86121,10
12.9051303864,80.2086181641,86121,86131,10
12.9046802521,80.2097015381,86131,86141,10
12.9042396545,80.2107925415,86141,86151,10
12.9038000107,80.2118988037,86151,86161,10
12.9033498764,80.2130737305,86161,86171,10
12.9028701782,80.2142868042,86171,86182,11
12.9023199081,80.2156677246,86182,86192,10
12.9018602371,80.2169265747,86192,86202,10
12.9016599655,80.2179794312,86202,86212,10
12.9016504288,80.2182617188,86212,86222,10
12.9016199112,80.2183685303,86222,86232,10
12.9015398026,80.2189712524,86232,86242,10
12.9014596939,80.2198791504,86242,86252,10
12.9014396667,80.2204437256,86252,86262,10
12.9014196396,80.220703125,86262,86273,11
12.9012899399,80.2215499878,86273,86283,10
12.901140213,80.2225875854,86283,86293,10
12.9010400772,80.2237625122,86293,86303,10
12.9010000229,80.2249832153,86303,86313,10
12.9009599686,80.2261734009,86313,86323,10
12.9009199142,80.2272109985,86323,86333,10
12.9010896683,80.227897644,86333,86343,10
12.9014501572,80.2279205322,86343,86353,10
12.9017801285,80.2279510498,86353,86364,11
12.9018201828,80.2279281616,86364,86374,10
12.902299881,80.2279586792,86374,86384,10
