12.9970703125,80.1915206909,12,4342,4330
12.9970197678,80.1917114258,4342,4645,303
12.997010231,80.1915817261,4645,5352,707
12.9970397949,80.1916122437,5352,6109,757
12.997010231,80.1915512085,6109,8612,2503
12.9971103668,80.1915206909,8612,8693,81
12.9969701767,80.191619873,8693,15820,7127
12.9970798492,80.1916427612,15820,16528,708
12.9970197678,80.1915206909,16528,18407,1879
12.9970197678,80.1915512085,18407,18629,222
12.9970197678,80.1915512085,18629,18639,10
12.9969997406,80.1915817261,18639,18834,195
12.9969797134,80.1915206909,18834,18955,121
12.9970397949,80.1915588379,18955,19096,141
12.9968996048,80.1915893555,19096,20177,1081
12.9970598221,80.1915893555,20177,21338,1161
12.9968299866,80.1916275024,21338,21661,323
12.9970197678,80.1915817261,21661,23872,2211
12.9970197678,80.1915817261,23872,23883,11
12.9970598221,80.1914901733,23883,23893,10
12.9971399307,80.1913909912,23893,23903,10
12.996720314,80.1912231445,23903,23923,20
12.996720314,80.1912231445,23923,23933,10
12.9965295792,80.1913604736,23933,23963,30
12.9965295792,80.1913604736,23963,23973,10
12.9964799881,80.1914215088,23973,23983,10
12.9964599609,80.1914291382,23983,23994,11
12.9962902069,80.1913375854,23994,24004,10
12.9962396622,80.1910629272,24004,24014,10
12.9960899353,80.1904907227,24014,24024,10
12.9959402084,80.1895370483,24024,24054,30
12.9959402084,80.1895370483,24054,24064,10
12.996049881,80.1893463135,24064,24074,10
12.9962596893,80.1893997192,24074,24084,10
12.9966602325,80.1898880005,24084,24095,11
12.997300148,80.1906509399,24095,24105,10
12.9979496002,80.1914672852,24105,24115,10
12.9986495972,80.1923675537,24115,24125,10
12.9992704391,80.1932220459,24125,24135,10
12.9998903275,80.1940383911,24135,24145,10
13.0004997253,80.1948013306,24145,24154,9
13.0010499954,80.1955108643,24154,24163,9
13.0016698837,80.1962966919,24163,24175,12
13.0020198822,80.1977233887,24175,24185,10
13.0018396378,80.1989517212,24185,24195,10
13.0019798279,80.200050354,24195,24206,11
13.0028896332,80.2006835938,24206,24216,10
13.0038795471,80.200920105,24216,24226,10
13.00481987,80.201210022,24226,24236,10
13.0056295395,80.2018508911,24236,24246,10
13.0061998367,80.2028198242,24246,24256,10
13.0070104599,80.2034835815,24256,24266,10
13.0080003738,80.2036972046,24266,24276,10
13.0083799362,80.2030029297,24276,24286,10
13.0075902939,80.2032318115,24286,24296,10
13.0076503754,80.204246521,24296,24306,10
13.0076503754,80.205291748,24306,24317,11
13.0077800751,80.2063064575,24317,24327,10
13.007900238,80.2072067261,24327,24337,10
13.008020401,80.2081375122,24337,24347,10
13.0081300735,80.2090988159,24347,24357,10
13.0083703995,80.2099761963,24357,24373,16
13.008939743,80.211479187,24373,24385,12
13.0092697144,80.2124862671,24385,24395,10
13.0095701218,80.2133178711,24395,24405,10
13.0099496841,80.2142105103,24405,24415,10
13.0101995468,80.2152175903,24415,24424,9
13.0105104446,80.2162399292,24424,24436,12
13.011179924,80.2176818848,24436,24446,10
13.0115203857,80.2186508179,24446,24456,10
13.0119800568,80.2199020386,24456,24466,10
13.0122804642,80.2207489014,24466,24476,10
13.0124101639,80.2210006714,24476,24486,10
13.0124597549,80.2212982178,24486,24496,10
13.0123195648,80.2213363647,24496,24506,10
13.012169838,80.2209701538,24506,24516,10
13.0118904114,80.2201538086,24516,24527,11
13.0115203857,80.2189407349,24527,24537,10
13.0111598969,80.217956543,24537,24547,10
13.0108299255,80.2171936035,24547,24557,10
13.0105895996,80.2166519165,24557,24567,10
13.0103197098,80.216178894,24567,24577,10
13.0099401474,80.2154006958,24577,24586,9
13.0094995499,80.2147521973,24586,24596,10
13.0092000961,80.2143478394,24596,24607,11
13.0089502335,80.2139968872,24607,24617,10
13.0083799362,80.213432312,24617,24638,21
13.0083799362,80.213432312,24638,24648,10
13.0081501007,80.2133178711,24648,24658,10
13.0081501007,80.2133102417,24658,24668,10
13.0080299377,80.213218689,24668,24678,10
13.0079097748,80.2130966187,24678,24688,10
13.0076599121,80.2129364014,24688,24698,10
13.0070896149,80.2127609253,24698,24708,10
13.0064096451,80.2127685547,24708,24718,10
13.0058002472,80.2129821777,24718,24729,11
13.0050897598,80.2125701904,24729,24739,10
13.0043697357,80.2122192383,24739,24749,10
13.0037603378,80.2119827271,24749,24759,10
13.0037202835,80.2113037109,24759,24769,10
13.0036096573,80.2104187012,24769,24779,10
13.0035400391,80.2096405029,24779,24789,10
13.003660202,80.2089691162,24789,24799,10
13.0041999817,80.2087020874,24799,24809,10
13.0049800873,80.2090530396,24809,24819,10
13.0058202744,80.2093963623,24819,24829,10
13.0065402985,80.2096176147,24829,24840,11
13.0069599152,80.2097473145,24840,24850,10
13.0074300766,80.2098770142,24850,24860,10
13.007900238,80.2099533081,24860,24870,10
13.0081796646,80.2097625732,24870,24880,10
13.0080299377,80.2090377808,24880,24890,10
13.0078601837,80.2081069946,24890,24900,10
13.0077104568,80.2071533203,24900,24910,10
13.0075798035,80.2062072754,24910,24920,10
13.0073003769,80.2052764893,24920,24930,10
13.0068101883,80.2042617798,24930,24940,10
13.0061903,80.2033233643,24940,24951,11
13.0057401657,80.2025909424,24951,24961,10
13.005279541,80.2018203735,24961,24971,10
13.0044603348,80.2013473511,24971,24991,20
13.0044603348,80.2013473511,24991,25001,10
13.0043296814,80.2013015747,25001,25011,10
13.004119873,80.201210022,25011,25021,10
13.0035104752,80.200958252,25021,25031,10
13.0026798248,80.2007217407,25031,25041,10
13.001950264,80.2002182007,25041,25052,11
13.001660347,80.1995162964,25052,25062,10
13.0017299652,80.1988067627,25062,25072,10
13.0018701553,80.1979370117,25072,25082,10
13.0018901825,80.1969299316,25082,25092,10
13.0014295578,80.1961288452,25092,25102,10
13.0007896423,80.1953277588,25102,25112,10
13.0001497269,80.1945724487,25112,25122,10
12.999540329,80.1937637329,25122,25132,10
12.9989404678,80.1929779053,25132,25142,10
12.998339653,80.1923065186,25142,25152,10
12.9977798462,80.1926879883,25152,25163,11
12.9970598221,80.1932830811,25163,25173,10
12.9967699051,80.1934204102,25173,25183,10
12.9961099625,80.1933898926,25183,25193,10
12.9951295853,80.193397522,25193,25203,10
12.9940299988,80.1934432983,25203,25213,10
12.9929895401,80.1934280396,25213,25223,10
12.9919996262,80.1934814453,25223,25233,10
12.9914703369,80.194152832,25233,25249,16
12.991230011,80.1946105957,25249,25262,13
12.9910497665,80.1948623657,25262,25272,10
12.9906101227,80.1953201294,25272,25282,10
12.9898395538,80.1955566406,25282,25292,10
12.9888801575,80.1955337524,25292,25302,10
12.9878997803,80.1955413818,25302,25312,10
12.9868202209,80.1958465576,25312,25322,10
12.9856700897,80.1961593628,25322,25332,10
12.9843597412,80.196182251,25332,25342,10
12.9834499359,80.1963195801,25342,25352,10
12.9831895828,80.1964035034,25352,25362,10
12.9827699661,80.196647644,25362,25373,11
12.9822902679,80.1971206665,25373,25383,10
12.9821195602,80.1970977783,25383,25413,30
12.9821195602,80.1970977783,25413,25431,18
12.98279953,80.1964569092,25431,25443,12
12.9824495316,80.1961517334,25443,25453,10
12.9819097519,80.1958770752,25453,25463,10
12.9816598892,80.1957473755,25463,25474,11
12.9814796448,80.195640564,25474,25484,10
12.9808797836,80.1953582764,25484,25493,9
12.9801197052,80.1949691772,25493,25502,9
12.9794101715,80.1944885254,25502,25514,12
12.9785203934,80.1939926147,25514,25525,11
12.9777002335,80.1938171387,25525,25535,10
12.9776000977,80.1937866211,25535,25545,10
12.977230072,80.1937026978,25545,25555,10
12.9765796661,80.1933670044,25555,25565,10
12.9761400223,80.1930770874,25565,25576,11
12.9757003784,80.1927566528,25576,25586,10
12.9749403,80.1924133301,25586,25596,10
12.974360466,80.1921920776,25596,25606,10
12.973690033,80.1919326782,25606,25616,10
12.9735298157,80.1918411255,25616,25626,10
12.9732303619,80.1917266846,25626,25636,10
12.9727497101,80.1915664673,25636,25646,10
12.9723997116,80.1914367676,25646,25656,10
12.9721603394,80.1913223267,25656,25666,10
12.9718503952,80.1911621094,25666,25676,10
12.9711999893,80.19090271,25676,25687,11
12.9703397751,80.1905517578,25687,25697,10
12.9694595337,80.1901321411,25697,25707,10
12.96875,80.1897888184,25707,25717,10
12.9680700302,80.1894607544,25717,25727,10
12.9679002762,80.1893768311,25727,25737,10
12.9673404694,80.1891479492,25737,25747,10
12.9665203094,80.1888504028,25747,25757,10
12.9658002853,80.1885681152,25757,25767,10
12.9653301239,80.1883392334,25767,25777,10
12.9650602341,80.1882171631,25777,25788,11
12.9648399353,80.1881484985,25788,25798,10
12.9646196365,80.1880722046,25798,25808,10
12.9639596939,80.1878662109,25808,25818,10
12.9631795883,80.1876525879,25818,25828,10
12.9625396729,80.1874923706,25828,25838,10
12.9619197845,80.1873779297,25838,25848,10
12.961230278,80.1872787476,25848,25858,10
12.9607496262,80.1872024536,25858,25868,10
12.9604997635,80.1871414185,25868,25878,10
12.9600896835,80.1870803833,25878,25888,10
12.9595899582,80.1870422363,25888,25899,11
12.9587001801,80.1869812012,25899,25909,10
12.9579801559,80.1869812012,25909,25919,10
12.9571695328,80.186958313,25919,25929,10
12.9563703537,80.1868972778,25929,25939,10
12.9562797546,80.1869125366,25939,25949,10
12.9559698105,80.1869277954,25949,25969,20
12.9559698105,80.1869277954,25969,25979,10
12.9558401108,80.186882019,25979,25989,10
12.9557304382,80.186882019,25989,25999,10
12.9555902481,80.186882019,25999,26010,11
12.9553699493,80.1868209839,26010,26020,10
12.9548797607,80.1867370605,26020,26030,10
12.9541501999,80.1866531372,26030,26046,16
12.9527301788,80.1864318848,26046,26058,12
12.9516897202,80.1861495972,26058,26068,10
12.9508399963,80.1858673096,26068,26078,10
12.9495897293,80.1854782104,26078,26098,20
12.9495897293,80.1854782104,26098,26108,10
12.9493103027,80.1854095459,26108,26119,11
12.948849678,80.1852264404,26119,26129,10
12.9483804703,80.1850814819,26129,26139,10
12.9478397369,80.1848526001,26139,26149,10
12.947259903,80.1844406128,26149,26159,10
12.9466104507,80.1839370728,26159,26169,10
12.9458904266,80.1833724976,26169,26179,10
12.9450502396,80.183052063,26179,26189,10
12.9446201324,80.1830368042,26189,26199,10
12.9444303513,80.1830215454,26199,26210,11
12.9438199997,80.1829681396,26210,26220,10
12.9430704117,80.1829528809,26220,26230,10
12.9421596527,80.1828689575,26230,26240,10
12.9412698746,80.1827774048,26240,26250,10
12.9408502579,80.1827468872,26250,26260,10
12.9403800964,80.1827392578,26260,26270,10
12.9401397705,80.1827011108,26270,26280,10
12.939909935,80.1826629639,26280,26290,10
12.9395503998,80.1825790405,26290,26311,21
12.9395503998,80.1825790405,26311,26321,10
12.9393901825,80.182510376,26321,26331,10
12.9390296936,80.1824569702,26331,26341,10
12.938659668,80.1823730469,26341,26351,10
12.9379997253,80.1822509766,26351,26361,10
12.9371995926,80.1822280884,26361,26371,10
12.9363698959,80.1822814941,26371,26381,10
12.9355802536,80.1823806763,26381,26397,16
12.9342699051,80.1821594238,26397,26409,12
12.9332103729,80.1819229126,26409,26420,11
12.9321899414,80.1817169189,26420,26429,9
12.9315795898,80.1816329956,26429,26440,11
12.9310798645,80.1815795898,26440,26541,101
12.9310798645,80.1815795898,26541,26551,10
12.9309101105,80.1815490723,26551,26561,10
12.9306497574,80.1815490723,26561,26571,10
12.9302997589,80.1816101074,26571,26581,10
12.9298400879,80.1817321777,26581,26591,10
12.9292602539,80.1818771362,26591,26601,10
12.9286403656,80.1820220947,26601,26611,10
12.9280395508,80.182182312,26611,26621,10
12.9274396896,80.1823120117,26621,26631,10
12.9269599915,80.1824188232,26631,26642,11
12.9266195297,80.182472229,26642,26652,10
12.9262304306,80.1825637817,26652,26722,70
12.9262304306,80.1825637817,26722,26732,10
12.9258003235,80.1826629639,26732,26743,11
12.925160408,80.182762146,26743,26753,10
12.9243001938,80.1828765869,26753,26763,10
12.9233798981,80.1830596924,26763,26773,10
12.9223804474,80.1832809448,26773,26783,10
12.9213895798,80.1836624146,26783,26793,10
12.9206104279,80.1839904785,26793,26803,10
12.9204597473,80.1840286255,26803,26813,10
12.9202003479,80.1838302612,26813,26823,10
12.9199399948,80.1826324463,26823,26854,31
12.9199399948,80.1826324463,26854,26864,10
12.919839859,80.1822128296,26864,26874,10
12.9196901321,80.1814880371,26874,26884,10
12.9194898605,80.180557251,26884,26894,10
12.9192304611,80.1795196533,26894,26904,10
12.9187202454,80.1787261963,26904,26914,10
12.9182395935,80.1780166626,26914,26924,10
12.9182701111,80.1771316528,26924,26934,10
12.9184398651,80.1762237549,26934,26944,10
12.9186897278,80.1751785278,26944,26955,11
12.9189901352,80.1739425659,26955,26965,10
12.9192895889,80.1728591919,26965,26975,10
12.9195404053,80.1719284058,26975,26986,11
12.9196796417,80.1714096069,26986,26997,11
12.9198198318,80.1709365845,26997,27007,10
12.919839859,80.1708831787,27007,27017,10
12.920009613,80.1704101563,27017,27027,10
12.9202604294,80.1696090698,27027,27037,10
12.9205799103,80.168586731,27037,27047,10
12.920920372,80.1675186157,27047,27057,10
12.9212703705,80.1664428711,27057,27068,11
12.9216499329,80.1652526855,27068,27078,10
12.9219903946,80.1642227173,27078,27088,10
12.9222803116,80.1632766724,27088,27098,10
12.9224796295,80.1625595093,27098,27108,10
12.9227104187,80.1618804932,27108,27118,10
12.9229803085,80.1610336304,27118,27128,10
12.923119545,80.1604766846,27128,27138,10
12.9231395721,80.1604232788,27138,27148,10
12.9232797623,80.1599121094,27148,27158,10
12.9233999252,80.1590194702,27158,27169,11
12.9235200882,80.1577224731,27169,27179,10
12.923620224,80.156539917,27179,27189,10
12.9235696793,80.1555023193,27189,27199,10
12.9233903885,80.1549682617,27199,27209,10
12.9233798981,80.1549377441,27209,27219,10
12.9232702255,80.1544570923,27219,27229,10
12.9230804443,80.1537094116,27229,27239,10
12.9227199554,80.1522979736,27239,27280,41
12.9227199554,80.1522979736,27280,27290,10
12.9226703644,80.1520309448,27290,27300,10
12.9226398468,80.151512146,27300,27310,10
12.9226398468,80.1509399414,27310,27320,10
12.9226303101,80.1500701904,27320,27330,10
12.9226102829,80.1491775513,27330,27340,10
12.9225797653,80.1481933594,27340,27350,10
12.9225502014,80.1473312378,27350,27360,10
12.922539711,80.1468887329,27360,27371,11
12.9225301743,80.1467132568,27371,27381,10
12.9225301743,80.1460571289,27381,27391,10
12.9224996567,80.145362854,27391,27401,10
12.9224796295,80.1444625854,27401,27411,10
12.9224796295,80.1438064575,27411,27421,10
12.9224796295,80.1437835693,27421,27431,10
12.9224796295,80.143699646,27431,27441,10
12.9224596024,80.1433410645,27441,27451,10
12.9224500656,80.1428527832,27451,27473,22
12.9224100113,80.1414718628,27473,27485,12
12.9224004745,80.1410827637,27485,27495,10
12.9224004745,80.1403198242,27495,27504,9
12.922369957,80.1394195557,27504,27515,11
12.9224395752,80.1381912231,27515,27525,10
12.9224796295,80.1374130249,27525,27535,10
12.9225101471,80.136756897,27535,27548,13
12.922539711,80.1359634399,27548,27558,10
12.9225597382,80.1350097656,27558,27568,10
12.9226303101,80.1338577271,27568,27578,10
12.9226398468,80.1330871582,27578,27589,11
12.9226799011,80.1324768066,27589,27599,10
12.9227199554,80.1316604614,27599,27609,10
12.9227304459,80.1310272217,27609,27619,10
12.9227600098,80.1304779053,27619,27642,23
12.9228200912,80.1294937134,27642,27654,12
12.9228601456,80.1289901733,27654,27664,10
12.9228696823,80.1284637451,27664,27674,10
12.9229001999,80.1280670166,27674,27684,10
12.9229097366,80.1275787354,27684,27695,11
12.9229297638,80.126739502,27695,27705,10
12.9229602814,80.1257324219,27705,27715,10
12.9230203629,80.1245498657,27715,27725,10
12.9230604172,80.1234512329,27725,27735,10
12.9231100082,80.1222381592,27735,27744,9
12.9231796265,80.1210021973,27744,27765,21
12.9231796265,80.1210021973,27765,27775,10
12.9232301712,80.1207504272,27775,27796,21
12.9232301712,80.1207504272,27796,27806,10
12.9232196808,80.1206588745,27806,27816,10
12.9232501984,80.1203613281,27816,27826,10
12.9232797623,80.1197662354,27826,27836,10
12.9232902527,80.1191177368,27836,27846,10
12.9233198166,80.1184768677,27846,27856,10
12.9234399796,80.1177978516,27856,27866,10
12.9234800339,80.1171188354,27866,27896,30
12.9234800339,80.1171188354,27896,27907,11
12.9234800339,80.116897583,27907,27917,10
12.923620224,80.1168212891,27917,27927,10
12.9236698151,80.1168518066,27927,27937,10
12.923620224,80.1171188354,27937,27967,30
12.923620224,80.1171188354,27967,27977,10
12.9235200882,80.1172790527,27977,27987,10
12.9236097336,80.1175765991,27987,28004,17
12.9235296249,80.1182403564,28004,28016,12
12.9234800339,80.1191177368,28016,28026,10
12.9233903885,80.1199417114,28026,28036,10
12.9233999252,80.1202316284,28036,28046,10
12.9233798981,80.1205368042,28046,28056,10
12.9233503342,80.1208724976,28056,28066,10
12.9232797623,80.1210632324,28066,28075,9
12.9232597351,80.1212005615,28075,28086,11
12.9232397079,80.1216430664,28086,28096,10
12.9232196808,80.1223373413,28096,28106,10
12.9231796265,80.1233291626,28106,28117,11
12.923119545,80.1246337891,28117,28127,10
12.923119545,80.125579834,28127,28207,80
12.923119545,80.125579834,28207,28217,10
12.9230003357,80.1261367798,28217,28228,11
12.9229803085,80.1271362305,28228,28238,10
12.9229202271,80.1278686523,28238,28248,10
12.9229001999,80.128326416,28248,28258,10
12.9228696823,80.1288375854,28258,28268,10
12.9228200912,80.1296005249,28268,28278,10
12.9228096008,80.130317688,28278,28288,10
12.9228200912,80.1309814453,28288,28298,10
12.9228096008,80.1312179565,28298,28308,10
12.9228000641,80.1315689087,28308,28319,11
12.922750473,80.1321563721,28319,28329,10
12.9227199554,80.1329574585,28329,28339,10
12.9226799011,80.1338424683,28339,28349,10
12.9226398468,80.1346588135,28349,28359,10
12.9226303101,80.134803772,28359,28369,10
12.9226198196,80.1350479126,28369,28379,10
12.9225997925,80.1356430054,28379,28389,10
12.9225702286,80.1364517212,28389,28399,10
12.9225196838,80.1373062134,28399,28409,10
12.9224796295,80.138092041,28409,28419,10
12.9224300385,80.1390609741,28419,28430,11
12.9224395752,80.1403579712,28430,28440,10
12.9224500656,80.1415786743,28440,28450,10
12.9225702286,80.1435623169,28450,28476,26
12.9225702286,80.1435623169,28476,28488,12
12.9225702286,80.1438674927,28488,28498,10
12.9225797653,80.1445922852,28498,28506,8
12.9225902557,80.1452178955,28506,28520,14
12.9226398468,80.1466827393,28520,28530,10
12.9226703644,80.1473464966,28530,28541,11
12.922659874,80.1480407715,28541,28551,10
12.922659874,80.1490402222,28551,28561,10
12.9227199554,80.1502685547,28561,28571,10
12.9228000641,80.1517105103,28571,28591,20
12.9228000641,80.1517105103,28591,28601,10
12.9227800369,80.1519393921,28601,28611,10
12.9228897095,80.1525421143,28611,28621,10
12.923119545,80.1534805298,28621,28631,10
12.9233798981,80.1544494629,28631,28642,11
12.9234104156,80.154548645,28642,28652,10
12.92345047,80.1547470093,28652,28662,10
12.9235496521,80.1552505493,28662,28672,10
12.9237203598,80.1560897827,28672,28682,10
12.9236402512,80.1571731567,28682,28692,10
12.9235401154,80.1583404541,28692,28702,10
12.9234304428,80.1595687866,28702,28712,10
12.9233503342,80.1602630615,28712,28722,10
12.9232902527,80.1604003906,28722,28732,10
12.923210144,80.1606521606,28732,28743,11
12.9229602814,80.1614379883,28743,28753,10
12.9226198196,80.1624832153,28753,28763,10
12.9222402573,80.1636734009,28763,28773,10
12.9218196869,80.1649475098,28773,28783,10
12.9214696884,80.1661376953,28783,28793,10
12.9211597443,80.1670532227,28793,28803,10
12.9209003448,80.1678771973,28803,28813,10
12.9205904007,80.1687774658,28813,28823,10
12.9203100204,80.1697235107,28823,28833,10
12.9200201035,80.1706237793,28833,28844,11
12.9198999405,80.1710205078,28844,28854,10
12.9198703766,80.1711196899,28854,28864,10
12.9197597504,80.1714782715,28864,28874,10
12.9195699692,80.1721878052,28874,28884,10
12.9192895889,80.1731796265,28884,28894,10
12.9189996719,80.1743774414,28894,28904,10
12.9186401367,80.1757736206,28904,28914,10
12.9183301926,80.1772689819,28914,28924,10
12.918680191,80.1785964966,28924,28934,10
12.9193897247,80.1797409058,28934,28944,10
12.9197301865,80.1812591553,28944,28954,10
12.9200601578,80.1827774048,28954,28965,11
12.9203701019,80.1839599609,28965,28975,10
12.9206199646,80.1839981079,28975,28985,10
12.9211997986,80.1837615967,28985,28995,10
12.922129631,80.1833877563,28995,29005,10
12.9232797623,80.1830673218,29005,29015,10
12.9242401123,80.1828765869,29015,29025,10
12.9245901108,80.1828384399,29025,29035,10
12.9251098633,80.1827392578,29035,29045,10
12.9257097244,80.1826400757,29045,29056,11
12.926779747,80.1824264526,29056,29066,10
12.9277200699,80.1822128296,29066,29076,10
12.9286499023,80.1820068359,29076,29086,10
12.9298200607,80.1817169189,29086,29096,10
12.9315795898,80.1815872192,29096,29116,20
12.9315795898,80.1815872192,29116,29126,10
12.9319601059,80.1816482544,29126,29136,10
12.9326496124,80.1817626953,29136,29146,10
12.9336004257,80.1819763184,29146,29156,10
12.934709549,80.182258606,29156,29167,11
12.9358997345,80.1823501587,29167,29177,10
12.9369001389,80.1822433472,29177,29187,10
12.9378595352,80.1822433472,29187,29197,10
12.9387302399,80.1823272705,29197,29217,20
12.9387302399,80.1823272705,29217,29227,10
12.9388904572,80.1823883057,29227,29237,10
12.9391498566,80.1824188232,29237,29247,10
12.939450264,80.1825332642,29247,29257,10
12.9396095276,80.1825790405,29257,29267,10
12.940199852,80.1827087402,29267,29277,10
12.9410200119,80.1827468872,29277,29288,11
12.9421100616,80.1828613281,29288,29298,10
12.9433002472,80.1829376221,29298,29308,10
12.9442195892,80.1829910278,29308,29318,10
12.9444599152,80.1830062866,29318,29328,10
12.9445695877,80.1830215454,29328,29338,10
12.9449501038,80.1830368042,29338,29348,10
12.945599556,80.1830978394,29348,29358,10
12.9463396072,80.1836471558,29358,29367,9
12.94713974,80.1842803955,29367,29379,12
12.948559761,80.1850967407,29379,29409,30
12.948559761,80.1850967407,29409,29419,10
12.9486398697,80.1850967407,29419,29429,10
12.9490203857,80.1852111816,29429,29439,10
12.9496898651,80.1854629517,29439,29449,10
12.9505796432,80.185760498,29449,29459,10
12.9516496658,80.1860961914,29459,29469,10
12.9524698257,80.1863479614,29469,29479,10
12.9532604218,80.1865005493,29479,29490,11
12.9539699554,80.1865997314,29490,29500,10
12.9547300339,80.1867218018,29500,29510,10
12.9555196762,80.1868362427,29510,29530,20
12.9555196762,80.1868362427,29530,29546,16
12.9556903839,80.186882019,29546,29558,12
12.9561796188,80.186920166,29558,29568,10
12.9563102722,80.1869430542,29568,29578,10
12.956870079,80.18699646,29578,29588,10
12.9576301575,80.1870422363,29588,29598,10
12.9582595825,80.1870498657,29598,29609,11
12.9590301514,80.1870727539,29609,29618,9
12.9596796036,80.1871032715,29618,29629,11
12.9602603912,80.1871490479,29629,29639,10
12.9608802795,80.18724823,29639,29648,9
12.9614200592,80.1873474121,29648,29658,10
12.9621601105,80.187461853,29658,29669,11
12.9629802704,80.1876373291,29669,29679,10
12.9638004303,80.187828064,29679,29689,10
12.9644403458,80.1880187988,29689,29699,10
12.9649801254,80.1882019043,29699,29710,11
12.9654397964,80.1884002686,29710,29720,10
12.9658403397,80.1885070801,29720,29730,10
12.9660396576,80.1886062622,29730,29740,10
12.9664897919,80.1887969971,29740,29750,10
12.9671297073,80.1890487671,29750,29760,10
12.9683904648,80.1895980835,29760,29780,20
12.9683904648,80.1895980835,29780,29796,16
12.968870163,80.1898269653,29796,29809,13
12.9693603516,80.1900634766,29809,29819,10
12.9699497223,80.1903381348,29819,29829,10
12.9705200195,80.1905975342,29829,29839,10
12.9711198807,80.190826416,29839,29849,10
12.9715299606,80.1910095215,29849,29857,8
12.9721698761,80.1912994385,29857,29870,13
12.9727697372,80.1915435791,29870,29880,10
12.9728403091,80.1915664673,29880,29890,10
12.9732503891,80.1917190552,29890,29900,10
12.9737796783,80.1919174194,29900,29910,10
12.9743795395,80.1921310425,29910,29921,11
12.9749498367,80.1923370361,29921,29931,10
12.975520134,80.1925811768,29931,29941,10
12.9759397507,80.1928634644,29941,29964,23
12.9771299362,80.1936569214,29964,29976,12
12.977640152,80.1938095093,29976,29986,10
12.9780502319,80.1938705444,29986,29994,8
12.9781398773,80.1938934326,29994,30006,12
12.9782400131,80.1939086914,30006,30016,10
12.978509903,80.1939697266,30016,30027,11
12.9790802002,80.1942367554,30027,30037,10
12.9797000885,80.1946563721,30037,30047,10
12.9803600311,80.1950378418,30047,30057,10
12.9809503555,80.1953277588,30057,30066,9
12.9810800552,80.1953811646,30066,30077,11
12.9811601639,80.1954574585,30077,30085,8
12.9814395905,80.195602417,30085,30097,12
12.9817199707,80.1957473755,30097,30107,10
12.9822397232,80.1960220337,30107,30117,10
12.98279953,80.1962814331,30117,30127,10
12.9830503464,80.1963424683,30127,30138,11
12.9834003448,80.1961364746,30138,30148,10
12.9838399887,80.1959991455,30148,30158,10
12.9845695496,80.195930481,30158,30168,10
12.9855604172,80.1959381104,30168,30178,10
12.9867200851,80.1957015991,30178,30188,10
12.9879703522,80.1954116821,30188,30198,10
12.9892702103,80.1954269409,30198,30208,10
12.9905195236,80.1953430176,30208,30218,10
12.9911403656,80.1946182251,30218,30228,10
12.9911899567,80.1945419312,30228,30239,11
12.9913196564,80.1943511963,30239,30249,10
12.9917402267,80.1937026978,30249,30259,10
12.9925699234,80.1933364868,30259,30269,10
12.993639946,80.1933364868,30269,30279,10
12.9946699142,80.193321228,30279,30289,10
12.9956598282,80.193321228,30289,30299,10
12.9966096878,80.1932830811,30299,30309,10
12.9968299866,80.1930923462,30309,30319,10
12.9966497421,80.1924591064,30319,30329,10
12.9963998795,80.191619873,30329,30340,11
12.9961299896,80.1905822754,30340,30350,10
12.9959096909,80.1898422241,30350,30360,10
12.9959402084,80.1893463135,30360,30370,10
12.9962100983,80.1893386841,30370,30380,10
12.9965896606,80.1898193359,30380,30390,10
12.9971704483,80.1904907227,30390,30400,10
12.9978399277,80.1913223267,30400,30410,10
12.9985599518,80.192237854,30410,30420,10
12.9992599487,80.1931228638,30420,30430,10
12.9999103546,80.193939209,30430,30440,10
13.0005903244,80.1948013306,30440,30451,11
13.0014095306,80.1958236694,30451,30461,10
13.0020399094,80.1966705322,30461,30471,10
13.0021095276,80.1978225708,30471,30481,10
13.0018997192,80.1988296509,30481,30491,10
13.0018596649,80.199546814,30491,30501,10
13.0021800995,80.2002563477,30501,30511,10
13.002820015,80.2006225586,30511,30521,10
13.0034399033,80.2007522583,30521,30537,16
13.0034599304,80.2007522583,30537,30551,14
13.0038404465,80.2008514404,30551,30560,9
13.00440979,80.2010498047,30560,30569,9
13.0051803589,80.2014083862,30569,30581,12
13.0059995651,80.2024688721,30581,30591,10
13.0064496994,80.2031326294,30591,30601,10
13.0071201324,80.2035522461,30601,30611,10
13.0079402924,80.2037200928,30611,30621,10
13.008480072,80.2032775879,30621,30631,10
13.0077400208,80.2029190063,30631,30641,10
13.0076198578,80.2040710449,30641,30651,10
13.0076398849,80.2053604126,30651,30662,11
13.0078001022,80.206703186,30662,30672,10
13.0079498291,80.2077636719,30672,30682,10
13.008020401,80.2086105347,30682,30692,10
13.0082798004,80.2096405029,30692,30702,10
13.009180069,80.2108078003,30702,30742,40
13.009180069,80.2108078003,30742,30752,10
13.0094003677,80.2110519409,30752,30763,11
13.0092697144,80.2112197876,30763,30773,10
13.0090703964,80.2115936279,30773,30783,10
13.0090999603,80.2117996216,30783,30793,10
13.0091600418,80.2120437622,30793,30803,10
13.0092401505,80.2123184204,30803,30813,10
13.0094299316,80.2128295898,30813,30823,10
13.0096702576,80.213470459,30823,30833,10
13.0099401474,80.2140808105,30833,30843,10
13.0101604462,80.2146987915,30843,30853,10
13.0102396011,80.2153778076,30853,30863,10
13.0104503632,80.2161178589,30863,30874,11
13.010890007,80.2170715332,30874,30884,10
13.0112800598,80.217880249,30884,30894,10
13.011590004,80.2187194824,30894,30904,10
13.0119199753,80.2197189331,30904,30914,10
13.0121803284,80.2205886841,30914,30924,10
13.0124998093,80.2213821411,30924,30940,16
13.0132703781,80.2223205566,30940,30952,12
13.013759613,80.2229766846,30952,30962,10
13.0140399933,80.2233505249,30962,30972,10
13.0142002106,80.2235183716,30972,30983,11
13.0143499374,80.2237091064,30983,30993,10
13.014749527,80.2242431641,30993,31003,10
13.0150604248,80.2245483398,31003,31012,9
13.0151996613,80.2247085571,31012,31023,11
13.0155496597,80.2250137329,31023,31033,10
13.0155801773,80.2250366211,31033,31043,10
13.0157003403,80.2251586914,31043,31053,10
13.0162496567,80.2253265381,31053,31063,10
13.0171804428,80.2250671387,31063,31065,2
13.0171804428,80.2250671387,31065,31117,52
13.0197000504,80.2244873047,31117,31127,10
13.0198802948,80.2246398926,31127,31137,10
13.020409584,80.2250213623,31137,31147,10
13.0210199356,80.2254714966,31147,31157,10
13.02161026,80.2259216309,31157,31167,10
13.02202034,80.2261810303,31167,31187,20
13.02202034,80.2261810303,31187,31198,11
13.0221595764,80.2262802124,31198,31209,11
13.0224895477,80.2266235352,31209,31220,11
13.0231199265,80.2271881104,31220,31230,10
13.0234899521,80.2275390625,31230,31240,10
13.0239095688,80.2279129028,31240,31250,10
13.0243396759,80.2284164429,31250,31260,10
13.0246601105,80.2288894653,31260,31270,10
13.0250196457,80.2293701172,31270,31280,10
13.0254001617,80.2298431396,31280,31290,10
13.0256500244,80.2302017212,31290,31301,11
13.0258197784,80.2304992676,31301,31311,10
13.0259199142,80.2307434082,31311,31321,10
13.0259895325,80.2311096191,31321,31331,10
13.0261297226,80.2313995361,31331,31341,10
13.0267000198,80.2312316895,31341,31351,10
13.0274600983,80.2310409546,31351,31361,10
13.0282497406,80.2309112549,31361,31371,10
13.0291595459,80.2308502197,31371,31397,26
13.0291595459,80.2308502197,31397,31410,13
13.0295600891,80.2307815552,31410,31420,10
13.0300798416,80.2307281494,31420,31429,9
13.0306396484,80.2306900024,31429,31440,11
13.0311899185,80.2306518555,31440,31450,10
13.0319004059,80.2305984497,31450,31460,10
13.0326900482,80.2305526733,31460,31470,10
13.0334701538,80.230506897,31470,31480,10
13.0338001251,80.2304763794,31480,31490,10
13.0341796875,80.2304382324,31490,31500,10
13.0346097946,80.2303695679,31500,31510,10
13.0349702835,80.2301712036,31510,31521,11
13.0346498489,80.2299423218,31521,32462,941
13.0343999863,80.2298431396,32462,32563,101
13.0343999863,80.2298431396,32563,32574,11
13.0342197418,80.2302017212,32574,32584,10
13.0341701508,80.2303314209,32584,32594,10
13.0340595245,80.230430603,32594,32604,10
13.033780098,80.2304000854,32604,32614,10
13.0334396362,80.2304763794,32614,32624,10
13.0329904556,80.2304992676,32624,32634,10
13.0324401855,80.2305526733,32634,32644,10
13.0317602158,80.2306289673,32644,32654,10
13.0309295654,80.2306976318,32654,32674,20
13.0309295654,80.2306976318,32674,32684,10
13.030579567,80.23072052,32684,32694,10
13.0300102234,80.2307891846,32694,32705,11
13.0293197632,80.2308578491,32705,32715,10
13.0285797119,80.2309494019,32715,32725,10
13.0278997421,80.2310333252,32725,32735,10
13.0276699066,80.2312927246,32735,32751,16
13.0278100967,80.2322998047,32751,32895,144
13.0278100967,80.2322998047,32895,32905,10
13.0279102325,80.2324676514,32905,32916,11
13.0279302597,80.2326812744,32916,32926,10
13.0278396606,80.2328033447,32926,32936,10
13.0274000168,80.2328720093,32936,32976,40
13.0274000168,80.2328720093,32976,32986,10
13.0270795822,80.2329177856,32986,33007,21
13.0270795822,80.2329177856,33007,33017,10
13.0268602371,80.2329330444,33017,33027,10
13.0264797211,80.2328262329,33027,33037,10
13.026260376,80.2322998047,33037,33047,10
13.0262203217,80.2319564819,33047,33057,10
13.026140213,80.2316665649,33057,33067,10
13.0259799957,80.2311935425,33067,33077,10
13.0256996155,80.2304534912,33077,33087,10
13.0254802704,80.2301177979,33087,33097,10
13.0252199173,80.2296981812,33097,33107,10
13.0249595642,80.2293395996,33107,33118,11
13.0249004364,80.2292785645,33118,33128,10
13.0246601105,80.2289962769,33128,33138,10
13.0244197845,80.2287063599,33138,33158,20
13.0244197845,80.2287063599,33158,33168,10
13.0243597031,80.2286300659,33168,33185,17
13.0231103897,80.2274398804,33185,33217,32
13.0231103897,80.2274398804,33217,33228,11
13.022769928,80.227142334,33228,33238,10
13.0223398209,80.2265777588,33238,33248,10
13.0216999054,80.226020813,33248,33258,10
13.021030426,80.2255096436,33258,33267,9
13.0202903748,80.2250213623,33267,33279,12
13.019080162,80.2244567871,33279,33290,11
13.0178203583,80.2248687744,33290,33300,10
13.0169696808,80.2252197266,33300,33311,11
13.0166702271,80.2253494263,33311,33320,9
13.0164899826,80.2254180908,33320,33332,12
13.0161504745,80.2255630493,33332,33342,10
13.0156297684,80.2257385254,33342,33352,10
13.0150203705,80.225982666,33352,33362,10
13.014380455,80.2262268066,33362,33372,10
13.0142297745,80.2263183594,33372,33382,10
13.0138597488,80.2264404297,33382,33392,10
13.0131502151,80.2266387939,33392,33402,10
13.0122404099,80.2269973755,33402,33412,10
13.0112800598,80.2273635864,33412,33422,10
13.0102996826,80.2277297974,33422,33432,10
13.0096902847,80.2277832031,33432,33443,11
13.0095701218,80.2274398804,33443,33453,10
13.0098304749,80.2268600464,33453,33463,10
13.0101995468,80.226020813,33463,33479,16
13.010720253,80.2247924805,33479,33491,12
13.0108995438,80.2242736816,33491,33501,10
13.0111303329,80.2238311768,33501,33509,8
13.011349678,80.2232971191,33509,33519,10
13.0116195679,80.22265625,33519,33531,12
13.0118598938,80.2220077515,33531,33541,10
13.0121002197,80.2213973999,33541,33552,11
13.012140274,80.2209777832,33552,33562,10
13.0119800568,80.2203369141,33562,33571,9
13.0116901398,80.2195587158,33571,33582,11
13.0113201141,80.2185134888,33582,33592,10
13.0109195709,80.2173995972,33592,33602,10
13.01060009,80.2166976929,33602,33612,10
13.0102796555,80.2161026001,33612,33622,10
13.0099601746,80.2154388428,33622,33632,10
13.0095396042,80.2148208618,33632,33642,10
13.0091400146,80.2142791748,33642,33653,11
13.0084896088,80.2135009766,33653,33713,60
13.0084896088,80.2135009766,33713,33723,10
13.0081100464,80.2132568359,33723,33743,20
13.0081100464,80.2132568359,33743,33754,11
13.007900238,80.2130889893,33754,33764,10
13.0076303482,80.2129135132,33764,33774,10
13.0072002411,80.2127532959,33774,33784,10
13.0062503815,80.2128372192,33784,33804,20
13.0062503815,80.2128372192,33804,33814,10
13.0060396194,80.2129516602,33814,33824,10
13.0056800842,80.212928772,33824,33834,10
13.0052099228,80.2126083374,33834,33844,10
13.0046796799,80.212272644,33844,33854,10
13.0038499832,80.2119827271,33854,33865,11
13.0037202835,80.2115783691,33865,33881,16
13.0036296844,80.2105865479,33881,33893,12
13.0035400391,80.209777832,33893,33903,10
13.0036401749,80.2090377808,33903,33913,10
13.0040998459,80.2086410522,33913,33923,10
13.0049495697,80.2090301514,33923,33933,10
13.0057201385,80.2093734741,33933,33943,10
13.0064697266,80.2096176147,33943,33953,10
13.0068902969,80.2097473145,33953,33963,10
13.0071802139,80.2098007202,33963,33974,11
13.007809639,80.2098999023,33974,33983,9
13.0082302094,80.2098388672,33983,33994,11
13.0080795288,80.2090988159,33994,34005,11
13.0078802109,80.2081375122,34005,34015,10
13.0076704025,80.2070922852,34015,34025,10
13.0075302124,80.206199646,34025,34035,10
13.0073204041,80.2053833008,34035,34045,10
13.0072097778,80.2050170898,34045,34055,10
13.0071802139,80.2049789429,34055,34065,10
13.0070199966,80.2046279907,34065,34076,11
13.0066604614,80.203956604,34076,34086,10
13.0061302185,80.2032165527,34086,34096,10
13.0059404373,80.202911377,34096,34106,10
13.0059404373,80.2029037476,34106,34116,10
13.0058403015,80.2027587891,34116,34126,10
13.0056800842,80.2023696899,34126,34136,10
13.0052604675,80.2017822266,34136,34146,10
13.0045003891,80.2012786865,34146,34156,10
13.0042695999,80.2012176514,34156,34166,10
13.0043401718,80.2012176514,34166,34176,10
13.0039100647,80.2010574341,34176,34193,17
13.0026798248,80.2006607056,34193,34205,12
13.0018997192,80.2000427246,34205,34215,10
13.0016899109,80.19947052,34215,34225,10
13.0017004013,80.1990585327,34225,34235,10
13.0017995834,80.1983566284,34235,34245,10
13.0019302368,80.1973571777,34245,34255,10
13.0016202927,80.1964416504,34255,34265,10
13.0009899139,80.1955566406,34265,34275,10
13.0002403259,80.1946105957,34275,34285,10
12.9995803833,80.1938095093,34285,34296,11
12.9988803864,80.1929779053,34296,34306,10
12.9983797073,80.1923522949,34306,34316,10
12.9978704453,80.1926422119,34316,34326,10
12.997209549,80.1931762695,34326,34336,10
12.996919632,80.1933898926,34336,34346,10
12.9963903427,80.193397522,34346,34356,10
12.9954900742,80.1933898926,34356,34366,10
12.9943799973,80.193397522,34366,34376,10
12.9932403564,80.1934127808,34376,34386,10
12.9921598434,80.1934585571,34386,34397,11
12.9914999008,80.1940383911,34397,34407,10
12.9912700653,80.1944885254,34407,34417,10
12.9910001755,80.1949386597,34417,34427,10
12.9908800125,80.1951370239,34427,34437,10
12.9904203415,80.1954879761,34437,34447,10
12.9895801544,80.1955337524,34447,34457,10
12.9885196686,80.1955413818,34457,34467,10
12.9874000549,80.1956634521,34467,34477,10
12.9862804413,80.1960830688,34477,34487,10
12.9850101471,80.1962127686,34487,34497,10
12.9837598801,80.1962814331,34497,34507,10
12.9832496643,80.1964263916,34507,34518,11
12.9829101563,80.1965789795,34518,34528,10
12.9824199677,80.1969909668,34528,34538,10
12.9822902679,80.1971206665,34538,34548,10
12.9821596146,80.196937561,34548,34568,20
12.9821596146,80.196937561,34568,34578,10
12.9824495316,80.1966781616,34578,34588,10
12.9827604294,80.1964111328,34588,34598,10
12.9823799133,80.1961288452,34598,34608,10
12.981760025,80.1958236694,34608,34619,11
12.9815597534,80.1957015991,34619,34649,30
12.9815597534,80.1957015991,34649,34659,10
12.9815597534,80.1957397461,34659,34669,10
12.9813604355,80.195602417,34669,34679,10
12.9811601639,80.1954879761,34679,34689,10
12.9806995392,80.1952819824,34689,34699,10
12.9801197052,80.1949462891,34699,34709,10
12.9794998169,80.1945114136,34709,34720,11
12.9788198471,80.1940994263,34720,34730,10
12.9782104492,80.1938781738,34730,34740,10
12.9777002335,80.1938171387,34740,34750,10
12.9776000977,80.1937789917,34750,34760,10
12.9772396088,80.1936798096,34760,34770,10
12.9766597748,80.1934280396,34770,34780,10
12.976269722,80.1931228638,34780,34790,10
12.9758195877,80.192779541,34790,34800,10
12.9751996994,80.1924667358,34800,34810,10
12.9745397568,80.1921691895,34810,34820,10
12.9739999771,80.1919784546,34820,34831,11
12.9733600616,80.1917495728,34831,34841,10
12.9728498459,80.1915435791,34841,34851,10
12.9724397659,80.1913986206,34851,34861,10
12.9722003937,80.1912994385,34861,34871,10
12.972120285,80.1912536621,34871,34881,10
12.9716997147,80.191078186,34881,34891,10
12.9711399078,80.1908187866,34891,34901,10
12.9705696106,80.1905975342,34901,34911,10
12.9698400497,80.1902618408,34911,34921,10
12.9691400528,80.1899490356,34921,34931,10
12.9687204361,80.1897506714,34931,34942,11
12.9686498642,80.1897201538,34942,34952,10
12.9682502747,80.1895523071,34952,34962,10
12.968079567,80.189453125,34962,34972,10
12.9679803848,80.1894073486,34972,34982,10
12.9675397873,80.189239502,34982,34992,10
12.9669399261,80.1889877319,34992,35002,10
12.9663696289,80.1887283325,35002,35012,10
12.9660396576,80.1885986328,35012,35022,10
12.9655399323,80.1884078979,35022,35032,10
12.9649600983,80.1882171631,35032,35043,11
12.9648704529,80.1881637573,35043,35053,10
12.9645004272,80.1880187988,35053,35063,10
12.9638500214,80.1878585815,35063,35073,10
12.9631700516,80.1876602173,35073,35083,10
12.9625101089,80.1875076294,35083,35093,10
12.9618701935,80.1873931885,35093,35103,10
12.9614801407,80.1873626709,35103,35113,10
12.9609098434,80.18724823,35113,35123,10
12.960729599,80.1872329712,35123,35133,10
12.9603204727,80.1871871948,35133,35143,10
12.9599399567,80.1871337891,35143,35154,11
12.9592399597,80.1870574951,35154,35164,10
12.9584703445,80.1870117188,35164,35174,10
12.9576797485,80.1870117188,35174,35190,16
12.9564504623,80.1869277954,35190,35202,12
12.9558897018,80.186920166,35202,35221,19
12.9558897018,80.186920166,35221,35232,11
12.9554901123,80.186882019,35232,35242,10
12.9548397064,80.1867828369,35242,35252,10
12.9539604187,80.1866607666,35252,35263,11
12.9527797699,80.1864700317,35263,35273,10
12.9516096115,80.1861419678,35273,35283,10
12.9504804611,80.185760498,35283,35293,10
12.9495897293,80.1854705811,35293,35343,50
12.9495897293,80.1854705811,35343,35353,10
12.9493598938,80.1853866577,35353,35364,11
12.9488697052,80.1852035522,35364,35374,10
12.9484996796,80.1851196289,35374,35384,10
12.9478797913,80.1848831177,35384,35394,10
12.9472103119,80.1844177246,35394,35404,10
12.9465398788,80.183883667,35404,35414,10
12.9462099075,80.1836395264,35414,35424,10
12.9460296631,80.1834869385,35424,35454,30
12.9460296631,80.1834869385,35454,35464,10
12.9458398819,80.1833267212,35464,35475,11
12.9456796646,80.1831665039,35475,35485,10
12.9453601837,80.183052063,35485,35495,10
12.9447402954,80.1830215454,35495,35505,10
12.9443302155,80.1830215454,35505,35515,10
12.9438199997,80.1829986572,35515,35525,10
12.9430599213,80.1829605103,35525,35535,10
12.9421396255,80.1828765869,35535,35545,10
12.9411697388,80.182800293,35545,35555,10
12.9404602051,80.1827468872,35555,35565,10
12.9394903183,80.1825714111,35565,35586,21
12.9394903183,80.1825714111,35586,35596,10
12.9393997192,80.1825408936,35596,35606,10
12.9390201569,80.182472229,35606,35616,10
12.9385795593,80.1823577881,35616,35626,10
12.9377698898,80.182258606,35626,35636,10
12.9367904663,80.182258606,35636,35646,10
12.9357204437,80.1823806763,35646,35656,10
12.934630394,80.1822814941,35656,35666,10
12.9334497452,80.1819763184,35666,35676,10
12.9322395325,80.1817016602,35676,35687,11
12.9311103821,80.1815567017,35687,35697,10
12.9309797287,80.1815490723,35697,35707,10
12.9307804108,80.1815414429,35707,35717,10
12.9300899506,80.1816635132,35717,35727,10
12.9291400909,80.181892395,35727,35737,10
12.9280595779,80.1821517944,35737,35747,10
12.9269695282,80.1823806763,35747,35757,10
12.925860405,80.1826019287,35757,35767,10
12.9248399734,80.182762146,35767,35777,10
12.9238395691,80.1829528809,35777,35787,10
12.9231700897,80.1830291748,35787,35798,11
12.9222898483,80.1832809448,35798,35808,10
12.921380043,80.1836166382,35808,35818,10
12.9204902649,80.1840286255,35818,35868,50
12.9204902649,80.1840286255,35868,35878,10
12.9202699661,80.1842575073,35878,35888,10
12.9200801849,80.1837005615,35888,35899,11
12.9199104309,80.1826782227,35899,35909,10
12.9196996689,80.1816329956,35909,35919,10
12.9194498062,80.1803665161,35919,35929,10
12.9190196991,80.1791610718,35929,35939,10
12.9183502197,80.1781997681,35939,35949,10
12.9182701111,80.1770324707,35949,35959,10
12.9185695648,80.1756973267,35959,35969,10
12.9189195633,80.1743392944,35969,35979,10
12.9192399979,80.1730194092,35979,35989,10
12.9195404053,80.1719436646,35989,35999,10
12.9196901321,80.1713409424,35999,36010,11
12.9198198318,80.1708679199,36010,36020,10
12.9198799133,80.1707305908,36020,36030,10
12.9201202393,80.1700668335,36030,36040,10
12.9204301834,80.1690368652,36040,36050,10
12.920800209,80.1678619385,36050,36060,10
12.9211902618,80.1666183472,36060,36070,10
12.9216003418,80.1653823853,36070,36080,10
12.9219703674,80.1642379761,36080,36090,10
12.9223203659,80.1631011963,36090,36100,10
12.922659874,80.1620025635,36100,36117,17
12.9231595993,80.1604537964,36117,36129,12
12.9234104156,80.1592025757,36129,36139,10
12.9234895706,80.1581497192,36139,36149,10
12.9235696793,80.157119751,36149,36158,9
12.9236402512,80.1564178467,36158,36169,11
12.9235095978,80.1553115845,36169,36179,10
12.9233102798,80.1544265747,36179,36189,10
12.9230899811,80.1535797119,36189,36199,10
12.9228801727,80.1527175903,36199,36209,10
12.9228200912,80.1526184082,36209,36219,10
12.9227695465,80.152381897,36219,36230,11
12.9226903915,80.1520767212,36230,36240,10
12.9226703644,80.1514663696,36240,36250,10
12.9226703644,80.1506118774,36250,36269,19
12.9225797653,80.1487731934,36269,36281,12
12.9225702286,80.1475372314,36281,36291,10
12.9225702286,80.1466522217,36291,36301,10
12.9225101471,80.1457290649,36301,36311,10
12.9224996567,80.1447677612,36311,36321,10
12.9224796295,80.1437835693,36321,36332,11
12.9224700928,80.1429595947,36332,36342,10
12.9224596024,80.142578125,36342,36352,10
12.9224500656,80.1422424316,36352,36362,10
12.9224500656,80.1418991089,36362,36372,10
12.9224004745,80.141456604,36372,36382,10
12.9224004745,80.1413421631,36382,36391,9
12.9224004745,80.1408920288,36391,36401,10
12.9224004745,80.1405181885,36401,36412,11
12.9223899841,80.1399917603,36412,36422,10
12.9223804474,80.1392974854,36422,36432,10
12.9224100113,80.1386184692,36432,36443,11
12.9224500656,80.1383514404,36443,36453,10
12.9224500656,80.1381225586,36453,36463,10
12.9224395752,80.1379013062,36463,36473,10
12.9224500656,80.1375198364,36473,36483,10
12.9225101471,80.1367492676,36483,36493,10
12.922539711,80.1359405518,36493,36503,10
12.9225797653,80.1350326538,36503,36513,10
12.9226198196,80.1340103149,36513,36523,10
12.9226503372,80.1330413818,36523,36533,10
12.9226398468,80.1328125,36533,36544,11
12.9226999283,80.1322174072,36544,36554,10
12.9227399826,80.1313705444,36554,36564,10
12.9227695465,80.1306381226,36564,36574,10
12.9228000641,80.1297531128,36574,36584,10
12.9228496552,80.1290206909,36584,36594,10
12.9228601456,80.1284179688,36594,36604,10
12.9229001999,80.1277389526,36604,36614,10
12.9229097366,80.1273422241,36614,36624,10
12.9229297638,80.1266021729,36624,36634,10
12.9229698181,80.1256790161,36634,36644,10
12.9230098724,80.1246490479,36644,36655,11
12.9230604172,80.123298645,36655,36665,10
12.923119545,80.1220474243,36665,36675,10
12.9231796265,80.1211395264,36675,36685,10
12.9231901169,80.1205978394,36685,36695,10
12.9231901169,80.1205825806,36695,36705,10
12.923210144,80.1205291748,36705,36715,10
12.9232702255,80.1200637817,36715,36725,10
12.9232902527,80.1192016602,36725,36735,10
12.9233102798,80.118522644,36735,36745,10
12.9234399796,80.1176681519,36745,36756,11
12.9234695435,80.1169967651,36756,36766,10
12.9234695435,80.1169815063,36766,36776,10
12.9235601425,80.1168136597,36776,36786,10
12.9236497879,80.1168289185,36786,36796,10
12.9236602783,80.1169128418,36796,36806,10
12.9236001968,80.1174163818,36806,36816,10
12.9237098694,80.1176986694,36816,36826,10
12.923740387,80.117767334,36826,36836,10
12.9236001968,80.1181793213,36836,36846,10
12.9235296249,80.1189575195,36846,36856,10
12.9233798981,80.1197967529,36856,36867,11
12.9233503342,80.1202011108,36867,36877,10
12.9233102798,80.1207427979,36877,36887,10
12.9232902527,80.1211700439,36887,36897,10
12.9232797623,80.12159729,36897,37420,523
12.9232797623,80.12159729,37420,37430,10
12.9232902527,80.1216201782,37430,37440,10
12.9232702255,80.1217575073,37440,37450,10
12.9232301712,80.1222991943,37450,37460,10
12.9231796265,80.123046875,37460,37470,10
12.9231300354,80.1238174438,37470,37480,10
12.9230899811,80.1246414185,37480,37490,10
12.9230499268,80.125541687,37490,37521,31
12.9230499268,80.125541687,37521,37531,10
12.9230203629,80.1256866455,37531,37541,10
12.9229803085,80.1260681152,37541,37551,10
12.9229602814,80.1267318726,37551,37561,10
12.9229402542,80.1274871826,37561,37571,10
12.9229001999,80.1281661987,37571,37581,10
12.9228696823,80.1287002563,37581,37591,10
12.9228401184,80.1293106079,37591,37601,10
12.9228000641,80.130027771,37601,37611,10
12.9227800369,80.1307067871,37611,37622,11
12.9227600098,80.1315231323,37622,37632,10
12.9227199554,80.1323623657,37632,37642,10
12.9226903915,80.1333236694,37642,37652,10
12.9226303101,80.1343536377,37652,37661,9
12.9225902557,80.1351013184,37661,37672,11
12.9225997925,80.1360168457,37672,37682,10
12.9225196838,80.1370162964,37682,37692,10
12.9224700928,80.1380233765,37692,37702,10
12.9224004745,80.1391372681,37702,37712,10
12.922419548,80.1402206421,37712,37723,11
12.9224395752,80.1413803101,37723,37733,10
12.9224901199,80.1427230835,37733,37763,30
12.9224901199,80.1427230835,37763,37773,10
12.9224796295,80.143081665,37773,37783,10
12.9225196838,80.1435775757,37783,37795,12
12.9225597382,80.1437225342,37795,37805,10
12.9225301743,80.1442337036,37805,37815,10
12.9225702286,80.1450271606,37815,37825,10
12.9225997925,80.1461868286,37825,37836,11
12.922659874,80.1472702026,37836,37846,10
12.9226398468,80.1474227905,37846,37856,10
12.9226198196,80.1478805542,37856,37866,10
12.9225997925,80.1486816406,37866,37876,10
12.9226799011,80.1498413086,37876,37886,10
12.9227104187,80.1510314941,37886,37896,10
12.9228000641,80.1520767212,37896,37906,10
12.9230499268,80.1531295776,37906,37916,10
12.9233503342,80.1542282104,37916,37926,10
12.92345047,80.1546630859,37926,37937,11
12.9235601425,80.1552734375,37937,37947,10
12.9237203598,80.1561965942,37947,37957,10
12.923620224,80.1572799683,37957,37967,10
12.9235200882,80.1583633423,37967,37977,10
12.9234199524,80.1595077515,37977,37987,10
12.9232997894,80.1603393555,37987,37997,10
12.9232501984,80.1604766846,37997,38007,10
12.9230604172,80.1610107422,38007,38017,10
12.9227800369,80.1619186401,38017,38027,10
12.9224300385,80.1630172729,38027,38037,10
12.9221000671,80.1641082764,38037,38048,11
12.9216804504,80.1653671265,38048,38058,10
12.9212303162,80.1667175293,38058,38068,10
12.9208202362,80.1679763794,38068,38078,10
12.920419693,80.1692581177,38078,38088,10
12.9200801849,80.1704101563,38088,38098,10
12.9199800491,80.1708221436,38098,38108,10
12.9198703766,80.1711196899,38108,38118,10
12.919670105,80.1718826294,38118,38128,10
12.9194402695,80.1727523804,38128,38138,10
12.9192304611,80.1736068726,38138,38147,9
12.9189996719,80.1744537354,38147,38159,12
12.9186897278,80.1758270264,38159,38169,10
12.9184503555,80.1769332886,38169,38179,10
12.918419838,80.1781234741,38179,38189,10
12.9191598892,80.1791992188,38189,38199,10
12.9195699692,80.1804885864,38199,38209,10
12.9198503494,80.1818313599,38209,38219,10
12.9201402664,80.1830978394,38219,38229,10
12.9203300476,80.1837768555,38229,38260,31
12.9203300476,80.1837768555,38260,38270,10
12.9204397202,80.1840362549,38270,38280,10
12.9206600189,80.1839523315,38280,38290,10
12.9210395813,80.1837921143,38290,38300,10
12.9214296341,80.1836166382,38300,38310,10
12.9221696854,80.18334198,38310,38320,10
12.9227800369,80.1831283569,38320,38330,10
12.9235200882,80.1830062866,38330,38340,10
12.9245300293,80.1828079224,38340,38350,10
12.9254999161,80.1826400757,38350,38360,10
12.9265604019,80.1824417114,38360,38371,11
12.9276599884,80.1822128296,38371,38381,10
12.928730011,80.1819534302,38381,38391,10
12.9297800064,80.1816864014,38391,38401,10
12.9307403564,80.1814575195,38401,38411,10
12.931429863,80.1815032959,38411,38427,16
12.9315795898,80.1815414429,38427,38439,12
12.9319801331,80.1816101074,38439,38449,10
12.9326601028,80.1817398071,38449,38459,10
12.9335803986,80.1819534302,38459,38469,10
12.9345197678,80.182182312,38469,38480,11
12.9354600906,80.1823425293,38480,38490,10
12.9364004135,80.1822433472,38490,38500,10
12.9372797012,80.182182312,38500,38510,10
12.9378900528,80.182182312,38510,38520,10
12.9382801056,80.182220459,38520,38530,10
12.9385595322,80.1822433472,38530,38550,20
12.9385595322,80.1822433472,38550,38560,10
12.9386997223,80.1822662354,38560,38570,10
12.9387702942,80.1822814941,38570,38581,11
12.9387903214,80.1822814941,38581,38591,10
12.9388904572,80.1823425293,38591,38601,10
12.9390802383,80.1823501587,38601,38611,10
12.9391899109,80.1824111938,38611,38621,10
12.9394798279,80.1825027466,38621,38631,10
12.9398403168,80.1825790405,38631,38641,10
12.9404201508,80.1826705933,38641,38651,10
12.9410896301,80.1826934814,38651,38661,10
12.9419202805,80.1827468872,38661,38671,10
12.9427604675,80.1828536987,38671,38681,10
12.9436502457,80.1828918457,38681,38692,11
12.9444999695,80.1829223633,38692,38702,10
12.944609642,80.1829223633,38702,38712,10
12.9449195862,80.1829376221,38712,38722,10
12.9453296661,80.1829681396,38722,38732,10
12.945599556,80.1830368042,38732,38742,10
12.9460897446,80.1834106445,38742,38752,10
12.9465198517,80.1837463379,38752,38762,10
12.9472703934,80.1843414307,38762,38772,10
12.9480199814,80.1848526001,38772,38782,10
12.9488401413,80.1851119995,38782,38813,31
12.9488401413,80.1851119995,38813,38823,10
12.9488601685,80.1851425171,38823,38833,10
12.9493103027,80.1853027344,38833,38843,10
12.9499597549,80.1855010986,38843,38853,10
12.9507102966,80.1857376099,38853,38863,10
12.951499939,80.1860198975,38863,38873,10
12.9523801804,80.1862792969,38873,38883,10
12.9532899857,80.1864624023,38883,38893,10
12.9540596008,80.1865692139,38893,38903,10
12.9547901154,80.186668396,38903,38914,11
12.9554395676,80.1867675781,38914,38924,10
12.9561500549,80.1868515015,38924,38944,20
12.9561500549,80.1868515015,38944,38954,10
12.9563703537,80.186882019,38954,38964,10
12.9569997787,80.1869506836,38964,38974,10
12.9577503204,80.186958313,38974,38984,10
12.9583997726,80.186958313,38984,38994,10
12.9592103958,80.1869888306,38994,39004,10
12.9598703384,80.1870498657,39004,39015,11
12.9604301453,80.1870880127,39015,39025,10
12.9609498978,80.1871795654,39025,39035,10
12.9614200592,80.187286377,39035,39045,10
12.9615898132,80.1873168945,39045,39055,10
12.9621295929,80.1874237061,39055,39065,10
12.962770462,80.1875305176,39065,39075,10
12.9633197784,80.1876373291,39075,39085,10
12.9638004303,80.1877670288,39085,39095,10
12.9640102386,80.1878814697,39095,39105,10
12.9644498825,80.1879806519,39105,39115,10
12.9649600983,80.1881408691,39115,39126,11
12.9654798508,80.1883392334,39126,39136,10
12.9655399323,80.188369751,39136,39146,10
12.9657897949,80.1884689331,39146,39156,10
12.966170311,80.1886291504,39156,39166,10
12.9667100906,80.1887969971,39166,39176,10
12.9672698975,80.1890411377,39176,39192,16
12.9682798386,80.1894989014,39192,39204,12
12.96833992,80.1895294189,39204,39214,10
12.9687995911,80.189781189,39214,39235,21
12.9687995911,80.189781189,39235,39244,9
12.9691801071,80.1899795532,39244,39255,11
12.9696798325,80.1902084351,39255,39264,9
12.97012043,80.1904220581,39264,39275,11
12.9706802368,80.1906204224,39275,39285,10
12.9710702896,80.1907730103,39285,39295,10
12.9715099335,80.1909484863,39295,39305,10
12.9719696045,80.1911621094,39305,39315,10
12.9722204208,80.1912918091,39315,39325,10
12.9725399017,80.1914367676,39325,39336,11
12.9726200104,80.1914672852,39336,39346,10
12.9730100632,80.191619873,39346,39356,10
12.9731302261,80.19165802,39356,39366,10
12.9735097885,80.1917800903,39366,39376,10
12.9739599228,80.1919631958,39376,39386,10
12.9744100571,80.1921310425,39386,39396,10
12.9746904373,80.1922302246,39396,39406,10
12.975060463,80.1923675537,39406,39416,10
12.9755496979,80.1925964355,39416,39426,10
12.9760103226,80.1929321289,39426,39436,10
12.9763202667,80.1931610107,39436,39447,11
12.976849556,80.1934967041,39447,39457,10
12.9773797989,80.1937103271,39457,39467,10
12.9777803421,80.1937866211,39467,39477,10
12.978099823,80.1938400269,39477,39487,10
12.9782400131,80.1938705444,39487,39497,10
12.9787302017,80.1940307617,39497,39507,10
12.9791498184,80.1942596436,39507,39517,10
12.9796199799,80.1945571899,39517,39527,10
12.9800901413,80.1948699951,39527,39537,10
12.9806995392,80.1951980591,39537,39547,10
12.9811000824,80.1953582764,39547,39558,11
12.9811697006,80.1954421997,39558,39568,10
12.9812803268,80.1955032349,39568,39578,10
12.9816703796,80.1957092285,39578,39588,10
12.9820604324,80.1959075928,39588,39598,10
12.9825401306,80.1960983276,39598,39608,10
12.9828796387,80.1962509155,39608,39618,10
12.9830198288,80.1962585449,39618,39628,10
12.9833097458,80.1961212158,39628,39638,10
12.9839200974,80.1959609985,39638,39648,10
12.9848299026,80.195930481,39648,39658,10
12.9859895706,80.195892334,39658,39669,11
12.9871997833,80.1955413818,39669,39679,10
12.9880800247,80.1953582764,39679,39689,10
12.9890699387,80.1953735352,39689,39699,10
12.9901199341,80.1953964233,39699,39709,10
12.9908704758,80.1949462891,39709,39719,10
12.9911203384,80.1945266724,39719,39729,10
12.9911403656,80.1945037842,39729,39739,10
12.9912004471,80.194442749,39739,39749,10
12.9914197922,80.1940612793,39749,39759,10
12.9919595718,80.1933898926,39759,39769,10
12.9928998947,80.1932678223,39769,39780,11
12.9940004349,80.1932830811,39780,39790,10
12.9948797226,80.1932830811,39790,39800,10
12.99559021,80.1932830811,39800,39816,16
12.9966201782,80.1932296753,39816,39828,12
12.9967803955,80.1929168701,39828,39838,10
12.9965801239,80.1922531128,39838,39848,10
12.9963302612,80.1913299561,39848,39858,10
12.9960699081,80.1903915405,39858,39868,10
12.9959096909,80.1894607544,39868,39878,10
12.996339798,80.1895370483,39878,39889,11
12.996919632,80.1902084351,39889,39899,10
12.9976196289,80.1910476685,39899,39909,10
12.9983596802,80.1919708252,39909,39919,10
12.9989099503,80.1926727295,39919,39929,10
12.9994697571,80.1933822632,39929,39939,10
13.0001096725,80.194152832,39939,39949,10
13.0007400513,80.1949386597,39949,39959,10
13.0013399124,80.1956481934,39959,39969,10
13.0017700195,80.1962585449,39969,39979,10
13.0021095276,80.1972579956,39979,39990,11
13.0019598007,80.1982803345,39990,40000,10
13.001830101,80.1990890503,40000,40010,10
13.0019102097,80.1999130249,40010,40020,10
13.0024795532,80.2005004883,40020,40030,10
13.0032501221,80.2007217407,40030,40040,10
13.0036802292,80.2007980347,40040,40050,10
13.0037002563,80.2008209229,40050,40060,10
13.0040502548,80.2009429932,40060,40070,10
13.004650116,80.2011489868,40070,40080,10
13.0053300858,80.2015533447,40080,40091,11
13.0059204102,80.2023391724,40091,40101,10
13.0064096451,80.2030487061,40101,40111,10
13.0069904327,80.2034606934,40111,40121,10
13.0077199936,80.2036819458,40121,40131,10
13.0084295273,80.2034301758,40131,40141,10
13.0080003738,80.202796936,40141,40151,10
13.0075597763,80.2034225464,40151,40161,10
13.0076503754,80.2043609619,40161,40171,10
13.0076599121,80.2053985596,40171,40181,10
13.0077800751,80.2064285278,40181,40191,10
13.0079603195,80.2074203491,40191,40202,11
13.0080604553,80.2083892822,40202,40212,10
13.0081501007,80.2091827393,40212,40222,10
13.008480072,80.2099685669,40222,40232,10
13.0089597702,80.2106170654,40232,40242,10
13.0092401505,80.2108306885,40242,40252,10
13.0092401505,80.2108383179,40252,40262,10
13.0093297958,80.2109222412,40262,40272,10
13.0093603134,80.2111206055,40272,40486,214
13.0141000748,80.2236022949,40486,40499,13
13.014380455,80.2237472534,40499,40509,10
13.0147399902,80.2241210938,40509,40519,10
13.0152597427,80.2247467041,40519,40529,10
13.0155200958,80.2249526978,40529,40539,10
13.015540123,80.2249603271,40539,40550,11
13.0158500671,80.2252197266,40550,40560,10
13.0165901184,80.2252731323,40560,40570,10
13.0174303055,80.224937439,40570,40580,10
13.0183000565,80.2245864868,40580,40590,10
13.0189199448,80.224319458,40590,40600,10
13.0192699432,80.2242965698,40600,40610,10
13.0195703506,80.2244033813,40610,40651,41
13.0195703506,80.2244033813,40651,40661,10
13.0198202133,80.2245407104,40661,40671,10
13.0202302933,80.224822998,40671,40681,10
13.0208101273,80.2252807617,40681,40691,10
13.0213804245,80.2256774902,40691,40701,10
13.0217695236,80.2259368896,40701,40711,10
13.0219202042,80.226020813,40711,40721,10
13.02202034,80.2261123657,40721,40731,10
13.0221395493,80.2262268066,40731,40741,10
13.0223903656,80.2264785767,40741,40751,10
13.0225496292,80.2266998291,40751,40762,11
13.0227499008,80.226890564,40762,40772,10
13.022939682,80.2270584106,40772,40782,10
13.0229597092,80.2270889282,40782,40792,10
13.0230798721,80.2272033691,40792,40802,10
13.0232200623,80.2273406982,40802,40812,10
13.0234298706,80.2275238037,40812,40822,10
13.023730278,80.2276992798,40822,40832,10
13.0238103867,80.2277526855,40832,40842,10
13.0240001678,80.2279586792,40842,40852,10
13.0242004395,80.2282028198,40852,40862,10
13.0242900848,80.2283096313,40862,40873,11
13.0244703293,80.228553772,40873,40883,10
13.024600029,80.2287368774,40883,40893,10
13.0246801376,80.2288665771,40893,40903,10
13.024889946,80.2292098999,40903,40913,10
13.0255098343,80.2300033569,40913,40963,50
13.0257396698,80.2302474976,40963,40994,31
13.0257396698,80.2302474976,40994,41004,10
13.0256900787,80.2302627563,41004,41042,38
13.0256900787,80.2302627563,41042,41051,9
13.0257997513,80.2304763794,41051,41063,12
13.0259304047,80.2308578491,41063,41074,11
13.0259799957,80.231048584,41074,41084,10
13.0260696411,80.2313308716,41084,41094,10
13.0264501572,80.2312469482,41094,41103,9
13.0271196365,80.231048584,41103,41115,12
13.0280303955,80.2308578491,41115,41123,8
13.0283403397,80.230758667,41123,41135,12
13.0284099579,80.2307662964,41135,41145,10
13.028670311,80.2307662964,41145,41155,10
13.0292701721,80.2306900024,41155,41216,61
13.0292701721,80.2306900024,41216,41226,10
13.0294704437,80.2306976318,41226,41236,10
13.029709816,80.2307128906,41236,41246,10
13.0300703049,80.2306518555,41246,41256,10
13.0304403305,80.2306365967,41256,41276,20
13.0304403305,80.2306365967,41276,41286,10
13.0307598114,80.230682373,41286,41297,11
13.0311899185,80.2305908203,41297,41307,10
13.0318002701,80.230506897,41307,41317,10
13.0323600769,80.2304611206,41317,41327,10
13.0330200195,80.2303390503,41327,41337,10
13.0334997177,80.2304077148,41337,41347,10
13.0337200165,80.2304077148,41347,41357,10
13.0340795517,80.2303771973,41357,41367,10
13.0344600677,80.2303619385,41367,41430,63
13.0344600677,80.2303619385,41430,41440,10
13.0347499847,80.2302932739,41440,41449,9
13.0349302292,80.230178833,41449,41460,11
13.0350999832,80.2299194336,41460,41470,10
13.0349397659,80.2297973633,41470,41479,9
13.0345096588,80.2297592163,41479,41489,10
13.0342702866,80.2298202515,41489,41541,52
13.0342702866,80.2298202515,41541,41551,10
13.0341796875,80.2300796509,41551,41773,222
13.0341796875,80.2300796509,41773,41783,10
13.0341300964,80.2304382324,41783,41793,10
13.0338001251,80.2304000854,41793,41813,20
13.0338001251,80.2304000854,41813,41823,10
13.0332298279,80.2304916382,41823,41833,10
13.0328502655,80.2305297852,41833,41844,11
13.0323801041,80.2305603027,41844,41854,10
13.0319004059,80.2306365967,41854,41864,10
13.0313997269,80.2306518555,41864,41874,10
13.0308599472,80.23072052,41874,41884,10
13.0305204391,80.230758667,41884,41894,10
13.0301704407,80.2307662964,41894,41914,20
13.0301704407,80.2307662964,41914,41930,16
13.0292396545,80.230796814,41930,41942,12
13.0285596848,80.2308502197,41942,41953,11
13.0279798508,80.2309036255,41953,41963,10
13.0277204514,80.23097229,41963,41973,10
13.0276498795,80.2313537598,41973,41983,10
13.0276498795,80.231590271,41983,41993,10
13.0277004242,80.2321777344,41993,42013,20
13.0278501511,80.232421875,42013,42064,51
13.0278501511,80.232421875,42064,42074,10
13.0279302597,80.2326812744,42074,42084,10
13.0276002884,80.2327804565,42084,42094,10
13.0271997452,80.2328720093,42094,42104,10
13.0269098282,80.2329025269,42104,42114,10
13.02643013,80.2328033447,42114,42124,10
13.0262002945,80.2320632935,42124,42134,10
13.0259199142,80.2309799194,42134,42144,10
13.0255098343,80.2301483154,42144,42154,10
13.0252399445,80.2297973633,42154,42165,11
13.0250301361,80.2294998169,42165,42175,10
13.0249204636,80.2293701172,42175,42185,10
13.0247602463,80.2291870117,42185,42195,10
13.024479866,80.2288131714,42195,42235,40
13.024479866,80.2288131714,42235,42244,9
13.0243501663,80.2286834717,42244,42255,11
13.0239896774,80.2281723022,42255,42266,11
13.0233602524,80.2275085449,42266,42276,10
13.0226297379,80.2268981934,42276,42286,10
13.0218601227,80.2262191772,42286,42296,10
13.0210800171,80.2256011963,42296,42306,10
13.0204000473,80.2251815796,42306,42316,10
13.0199699402,80.224861145,42316,42326,10
13.0199403763,80.2248382568,42326,42336,10
13.0197496414,80.2246780396,42336,42346,10
13.0192403793,80.2245025635,42346,42356,10
13.0183496475,80.2246704102,42356,42372,16
13.0168399811,80.2252883911,42372,42385,13
13.0159597397,80.2255706787,42385,42395,10
13.0153598785,80.2258224487,42395,42404,9
13.0148696899,80.2259979248,42404,42416,12
13.0139303207,80.226348877,42416,42426,10
13.0128803253,80.2267608643,42426,42435,9
13.0121498108,80.2270812988,42435,42446,11
13.0108003616,80.2275924683,42446,42455,9
13.0099000931,80.2278594971,42455,42466,11
13.0095596313,80.2274703979,42466,42476,10
13.0097999573,80.2269363403,42476,42487,11
13.0102796555,80.2258605957,42487,42497,10
13.0107498169,80.2248001099,42497,42507,10
13.0109796524,80.2242126465,42507,42517,10
13.0110797882,80.2239227295,42517,42527,10
13.0112800598,80.2233810425,42527,42537,10
13.0116996765,80.2225418091,42537,42547,10
13.011879921,80.2218933105,42547,42557,10
13.012169838,80.221496582,42557,42567,10
13.0121097565,80.2208633423,42567,42577,10
13.0118398666,80.2199783325,42577,42587,10
13.0115203857,80.2189025879,42587,42598,11
13.0111398697,80.2179031372,42598,42608,10
13.0107898712,80.2171020508,42608,42618,10
13.0105104446,80.2164916992,42618,42628,10
13.0102901459,80.2161483765,42628,42638,10
13.010020256,80.2155532837,42638,42648,10
13.0096502304,80.2149505615,42648,42658,10
13.0092201233,80.2144012451,42658,42668,10
13.0086402893,80.2136383057,42668,42688,20
13.0086402893,80.2136383057,42688,42699,11
13.0085601807,80.2135467529,42699,42719,20
13.0085601807,80.2135467529,42719,42729,10
13.0084295273,80.2134628296,42729,42739,10
13.0081195831,80.213218689,42739,42749,10
13.0075798035,80.212890625,42749,42759,10
13.0067796707,80.2127227783,42759,42769,10
13.0061101913,80.2128601074,42769,42778,9
13.0054597855,80.212677002,42778,42789,11
13.0048799515,80.2123565674,42789,42799,10
13.0042200089,80.212059021,42799,42810,11
13.0038299561,80.2116088867,42810,42820,10
13.0037202835,80.2107315063,42820,42830,10
13.0035800934,80.2098617554,42830,42840,10
13.003660202,80.2090911865,42840,42850,10
13.0039997101,80.2086029053,42850,42860,10
13.0047903061,80.2089233398,42860,42870,10
13.0055198669,80.2092285156,42870,42880,10
13.0061302185,80.2094726563,42880,42890,10
13.0065498352,80.209602356,42890,42900,10
13.007229805,80.209777832,42900,42911,11
13.008020401,80.2099227905,42911,42921,10
13.0082101822,80.2097702026,42921,42931,10
13.0080795288,80.2090911865,42931,42941,10
13.0079298019,80.208152771,42941,42951,10
13.0077800751,80.2072372437,42951,42961,10
13.0076398849,80.2063980103,42961,42971,10
13.0075998306,80.2058792114,42971,42981,10
13.0073099136,80.205078125,42981,42991,10
13.0069904327,80.2044372559,42991,43001,10
13.0064401627,80.2036514282,43001,43011,10
13.0059404373,80.2029571533,43011,43022,11
13.0057201385,80.202507019,43022,43032,10
13.0053901672,80.2018966675,43032,43042,10
13.0045795441,80.2013702393,43042,43052,10
13.0039997101,80.2011184692,43052,43062,10
13.0039796829,80.2011032104,43062,43072,10
13.0036697388,80.2008972168,43072,43082,10
13.0030002594,80.2007522583,43082,43092,10
13.0021400452,80.200340271,43092,43102,10
13.0017204285,80.1996383667,43102,43112,10
13.0017595291,80.198928833,43112,43122,10
13.0018796921,80.1981582642,43122,43133,11
13.001950264,80.1971511841,43133,43143,10
13.0015497208,80.1962280273,43143,43153,10
13.0009698868,80.1955108643,43153,43161,8
13.0004901886,80.1948928833,43161,43173,12
12.9997396469,80.1940231323,43173,43183,10
12.9994401932,80.1936721802,43183,43193,10
12.9992599487,80.1934585571,43193,43203,10
12.9991102219,80.1932525635,43203,43213,10
12.9988203049,80.1928405762,43213,43223,10
12.9985198975,80.1924591064,43223,43233,10
12.998000145,80.1924972534,43233,43244,11
12.9972600937,80.1930999756,43244,43254,10
12.9969396591,80.1933517456,43254,43264,10
12.9965295792,80.1933670044,43264,43274,10
12.9960298538,80.1933822632,43274,43284,10
12.9951400757,80.193397522,43284,43294,10
12.9941596985,80.1934432983,43294,43304,10
12.9930696487,80.1934509277,43304,43314,10
12.9919595718,80.1934509277,43314,43324,10
12.991519928,80.1940612793,43324,43334,10
12.9912796021,80.1944580078,43334,43345,11
12.9911804199,80.1947097778,43345,43355,10
12.9908599854,80.1950683594,43355,43365,10
12.9902200699,80.1955184937,43365,43375,10
12.9892902374,80.1955108643,43375,43385,10
12.9884500504,80.1955032349,43385,43395,10
12.9877195358,80.1955108643,43395,43405,10
12.9868097305,80.1958236694,43405,43415,10
12.9857902527,80.1961364746,43415,43425,10
12.9847202301,80.1961669922,43425,43435,10
12.983710289,80.1962432861,43435,43445,10
12.9831895828,80.1964187622,43445,43456,11
12.9828100204,80.1966018677,43456,43466,10
12.9823799133,80.1969604492,43466,43476,10
12.9821796417,80.1971435547,43476,43486,10
12.9820899963,80.1969985962,43486,43496,10
12.9820899963,80.1969680786,43496,43506,10
12.9822597504,80.1968231201,43506,43516,10
12.9826698303,80.1965332031,43516,43526,10
12.9827699661,80.1963195801,43526,43536,10
12.9823904037,80.1960830688,43536,43546,10
12.9818296432,80.1958389282,43546,43556,10
12.9815797806,80.1957397461,43556,43567,11
12.9811897278,80.1955337524,43567,43577,10
12.981010437,80.1954269409,43577,43587,10
12.9805803299,80.1951675415,43587,43597,10
12.9798698425,80.1948623657,43597,43607,10
12.9791202545,80.1943283081,43607,43617,10
12.9784698486,80.1940078735,43617,43627,10
12.9777803421,80.1938705444,43627,43637,10
12.977519989,80.1938171387,43637,43647,10
12.9770402908,80.1936798096,43647,43657,10
12.9764099121,80.193359375,43657,43668,11
12.9760198593,80.1930999756,43668,43678,10
12.9755601883,80.1927337646,43678,43688,10
12.9747896194,80.1923904419,43688,43698,10
12.9743204117,80.192199707,43698,43708,10
12.9737300873,80.191947937,43708,43718,10
12.9732198715,80.19165802,43718,43728,10
12.9728498459,80.1915664673,43728,43738,10
12.9725399017,80.1914367676,43738,43748,10
12.9721803665,80.1913070679,43748,43758,10
12.9720697403,80.1912918091,43758,43768,10
12.9716796875,80.191116333,43768,43779,11
12.9712295532,80.1908798218,43779,43789,10
12.9707698822,80.1906433105,43789,43799,10
12.9702596664,80.1904830933,43799,43809,10
12.9698295593,80.190322876,43809,43819,10
12.9697799683,80.1903076172,43819,43829,10
12.9695501328,80.1901779175,43829,43839,10
12.969329834,80.1900482178,43839,43849,10
12.9691200256,80.1899871826,43849,43859,10
12.9687204361,80.1898422241,43859,43869,10
12.9687004089,80.1898193359,43869,43879,10
12.96833992,80.1896362305,43879,43890,11
12.9680995941,80.1895217896,43890,43900,10
12.9678001404,80.1893463135,43900,43910,10
12.9671697617,80.1891021729,43910,43920,10
12.966629982,80.1889038086,43920,43930,10
12.9661102295,80.1886978149,43930,43940,10
12.9654998779,80.1884689331,43940,43950,10
12.9651002884,80.1882629395,43950,43960,10
12.9648799896,80.1881790161,43960,43970,10
12.9644498825,80.188041687,43970,43980,10
12.9638795853,80.1878585815,43980,43991,11
12.9631700516,80.1876220703,43991,44001,10
12.9625396729,80.1875,44001,44011,10
12.9618196487,80.1874237061,44011,44027,16
12.9608201981,80.1872406006,44027,44039,12
12.9605703354,80.1872024536,44039,44049,10
12.9600896835,80.1871337891,44049,44059,10
12.9594297409,80.1870574951,44059,44069,10
12.9586496353,80.18699646,44069,44079,10
12.9579401016,80.18699646,44079,44089,10
12.9573297501,80.1870117188,44089,44100,11
12.9568300247,80.1869888306,44100,44110,10
12.9560604095,80.1869812012,44110,44120,10
12.9558601379,80.1869888306,44120,44131,11
12.9557199478,80.1869735718,44131,44141,10
12.9555997849,80.186920166,44141,44151,10
12.9553098679,80.1868362427,44151,44161,10
12.9547395706,80.1867675781,44161,44171,10
12.9539804459,80.1866607666,44171,44181,10
12.9530801773,80.1865386963,44181,44191,10
12.9521398544,80.1862869263,44191,44201,10
12.9513597488,80.186050415,44201,44212,11
12.9510297775,80.1859512329,44212,44222,10
12.9504299164,80.1857833862,44222,44232,10
12.9498596191,80.185546875,44232,44242,10
12.9493398666,80.1854171753,44242,44252,10
12.949139595,80.1853637695,44252,44262,10
12.948679924,80.1852035522,44262,44272,10
12.9480695724,80.1849822998,44272,44282,10
12.9473896027,80.1845397949,44282,44292,10
12.946680069,80.1839599609,44292,44302,10
12.9459495544,80.1834030151,44302,44313,11
12.9451503754,80.1830596924,44313,44323,10
12.9442796707,80.1830062866,44323,44333,10
12.9433403015,80.1829299927,44333,44343,10
12.9423704147,80.1829223633,44343,44353,10
12.9414796829,80.1828308105,44353,44363,10
12.9406995773,80.182800293,44363,44373,10
12.9400501251,80.1827087402,44373,44383,10
12.9396095276,80.1826019287,44383,44393,10
12.9395704269,80.1825866699,44393,44403,10
12.9394397736,80.1825714111,44403,44414,11
12.9390602112,80.1824874878,44414,44424,10
12.9388399124,80.1824264526,44424,44434,10
12.9383201599,80.1823425293,44434,44444,10
12.9376401901,80.1822662354,44444,44454,10
12.9368000031,80.1822662354,44454,44464,10
12.9358997345,80.1823577881,44464,44474,10
12.9351100922,80.1823577881,44474,44483,9
12.9342899323,80.1821670532,44483,44494,11
12.9332199097,80.181930542,44494,44504,10
12.9322795868,80.1817321777,44504,44514,10
12.9314203262,80.1816177368,44514,44525,11
12.9309301376,80.1815795898,44525,44535,10
12.9308204651,80.1815795898,44535,44545,10
12.9303197861,80.1816101074,44545,44555,10
12.9296102524,80.1817703247,44555,44565,10
12.9287996292,80.181968689,44565,44575,10
12.9278802872,80.1821975708,44575,44585,10
12.9269304276,80.1823883057,44585,44595,10
12.9259996414,80.1825637817,44595,44605,10
12.9250202179,80.1827316284,44605,44621,16
12.9235296249,80.1829986572,44621,44633,12
12.9226903915,80.1831283569,44633,44644,11
12.921620369,80.1835403442,44644,44714,70
12.921620369,80.1835403442,44714,44724,10
12.9214200974,80.1836395264,44724,44734,10
12.9207897186,80.1838912964,44734,44805,71
12.9207897186,80.1838912964,44805,44815,10
12.9206399918,80.1839370728,44815,44825,10
12.9202003479,80.1838912964,44825,44835,10
12.9200801849,80.1832504272,44835,44845,10
12.9198999405,80.1823425293,44845,44856,11
12.9197101593,80.181312561,44856,44866,10
12.9195098877,80.1803588867,44866,44876,10
12.9192199707,80.1793823242,44876,44886,10
12.9186496735,80.1785964966,44886,44896,10
12.9182500839,80.1775588989,44896,44906,10
12.918390274,80.1765670776,44906,44916,10
12.9185800552,80.1756591797,44916,44926,10
12.9188098907,80.1745986938,44926,44936,10
12.9189901352,80.173500061,44936,44946,10
12.9191904068,80.1724395752,44946,44956,10
12.9194803238,80.1715011597,44956,44967,11
12.9196901321,80.1709213257,44967,44977,10
12.9197797775,80.1707611084,44977,44987,10
12.920009613,80.1700820923,44987,44997,10
12.92029953,80.1691207886,44997,45007,10
12.9206399918,80.1681289673,45007,45017,10
12.9209699631,80.1671829224,45017,45028,11
12.9212999344,80.1661605835,45028,45038,10
12.921620369,80.1651077271,45038,45048,10
12.9219799042,80.1640014648,45048,45059,11
12.9223203659,80.1628875732,45059,45069,10
12.9226102829,80.1619567871,45069,45079,10
12.9229402542,80.1608810425,45079,45089,10
12.9232301712,80.1600036621,45089,45099,10
12.9233999252,80.158996582,45099,45109,10
12.9235200882,80.1578903198,45109,45119,10
12.9236097336,80.1569595337,45119,45129,10
12.9236602783,80.1561508179,45129,45139,10
12.9234695435,80.1551818848,45139,45149,10
12.9233198166,80.1547012329,45149,45180,31
12.9233198166,80.1547012329,45180,45190,10
12.9232397079,80.1546630859,45190,45200,10
12.9231796265,80.1542510986,45200,45210,10
12.92304039,80.1536331177,45210,45220,10
12.9228696823,80.1528701782,45220,45230,10
12.9227695465,80.1523284912,45230,45240,10
12.9227399826,80.1520690918,45240,45250,10
12.9226903915,80.1514129639,45250,45260,10
12.9226703644,80.1505203247,45260,45270,10
12.9226198196,80.149520874,45270,45280,10
12.9225702286,80.1485900879,45280,45291,11
12.9225997925,80.1476593018,45291,45301,10
12.9225997925,80.146987915,45301,45311,10
12.9225797653,80.1463928223,45311,45321,10
12.9224996567,80.1455535889,45321,45331,10
12.9224996567,80.1446075439,45331,45341,10
12.9224700928,80.1436767578,45341,45351,10
12.9224395752,80.1432189941,45351,45412,61
12.9224395752,80.1432189941,45412,45422,10
12.922419548,80.1431274414,45422,45432,10
12.9224300385,80.1427612305,45432,45442,10
12.9224300385,80.1423187256,45442,45452,10
12.922419548,80.1418304443,45452,45462,10
12.9224004745,80.1413421631,45462,45472,10
12.9224004745,80.1411590576,45472,45482,10
12.9224300385,80.1405029297,45482,45492,10
12.9224300385,80.1396408081,45492,45502,10
12.9224300385,80.1387176514,45502,45513,11
12.9224100113,80.1376266479,45513,45522,9
12.9224395752,80.1367263794,45522,45533,11
12.9225101471,80.135559082,45533,45543,10
12.9225702286,80.1345214844,45543,45553,10
12.9226102829,80.1335296631,45553,45563,10
12.9226303101,80.1326370239,45563,45573,10
12.9226703644,80.1316986084,45573,45583,10
12.9227304459,80.1307830811,45583,45593,10
12.922750473,80.1299591064,45593,45604,11
12.9228096008,80.1293106079,45604,45614,10
12.9228401184,80.1289520264,45614,45624,10
12.9228496552,80.1285934448,45624,45634,10
12.9228601456,80.1281509399,45634,45644,10
12.9228801727,80.1276702881,45644,45654,10
12.9228897095,80.1269226074,45654,45664,10
12.9229001999,80.1260375977,45664,45674,10
12.922949791,80.1251602173,45674,45684,10
12.922949791,80.1242523193,45684,45694,10
12.9230203629,80.123336792,45694,45704,10
12.92304039,80.1223831177,45704,45715,11
12.9231004715,80.121421814,45715,45725,10
12.9231595993,80.1206893921,45725,45735,10
12.9231996536,80.1206436157,45735,45745,10
12.9232196808,80.1203613281,45745,45755,10
12.9232797623,80.1196594238,45755,45765,10
12.9232597351,80.1190567017,45765,45775,10
12.9232196808,80.1185379028,45775,45785,10
12.9232597351,80.1178131104,45785,45795,10
12.9236001968,80.1168212891,45795,45826,31
12.9236001968,80.1168212891,45826,45836,10
12.9235601425,80.1171569824,45836,45846,10
12.9235496521,80.1175079346,45846,45856,10
12.9236001968,80.1179122925,45856,45866,10
12.923500061,80.118522644,45866,45882,16
12.9233999252,80.1195983887,45882,45894,12
12.9233703613,80.1201629639,45894,45904,10
12.9233398438,80.1204376221,45904,45914,10
12.9232397079,80.1209564209,45914,46591,677
12.9232397079,80.1209564209,46591,46601,10
12.9233398438,80.1211929321,46601,46611,10
12.9232597351,80.1215667725,46611,46621,10
12.923210144,80.1222915649,46621,46631,10
12.9231796265,80.1231002808,46631,46641,10
12.9231100082,80.1239929199,46641,46651,10
12.9230499268,80.125038147,46651,46661,10
12.9230203629,80.1259613037,46661,46671,10
12.9230003357,80.1269378662,46671,46682,11
12.9229898453,80.1275863647,46682,46692,10
12.9229898453,80.1276321411,46692,46702,10
12.9230098724,80.1279602051,46702,46712,10
12.922949791,80.12840271,46712,46722,10
12.9228801727,80.12890625,46722,46732,10
12.9228096008,80.1294708252,46732,46742,10
12.9227895737,80.1300201416,46742,46752,10
12.9228096008,80.130607605,46752,46762,10
12.9228000641,80.131187439,46762,46772,10
12.9228000641,80.1312484741,46772,46782,10
12.922750473,80.1316299438,46782,46793,11
12.9226999283,80.1324081421,46793,46803,10
12.9226799011,80.1331481934,46803,46813,10
12.9226703644,80.1337585449,46813,46823,10
12.9226303101,80.1345214844,46823,46833,10
12.9225997925,80.135383606,46833,46843,10
12.9225902557,80.1362762451,46843,46853,10
12.9225301743,80.1372375488,46853,46863,10
12.9224596024,80.138130188,46863,46873,10
12.922369957,80.1390228271,46873,46883,10
12.9223804474,80.1399230957,46883,46893,10
12.9223203659,80.1407012939,46893,46903,10
12.922369957,80.1415405273,46903,46914,11
12.922369957,80.1418075562,46914,46924,10
12.9224004745,80.1422576904,46924,46934,10
12.922419548,80.1427078247,46934,46944,10
12.9224596024,80.1433334351,46944,46954,10
12.9224796295,80.1435775757,46954,46964,10
12.9224996567,80.1437301636,46964,46974,10
12.9224901199,80.144203186,46974,46984,10
12.9225196838,80.1449966431,46984,46994,10
12.9225902557,80.1459579468,46994,47004,10
12.9225997925,80.1467285156,47004,47015,11
12.9226198196,80.1471786499,47015,47025,10
12.9226303101,80.1473388672,47025,47035,10
12.9226398468,80.1473770142,47035,47045,10
12.922659874,80.1476211548,47045,47055,10
12.9226198196,80.1481628418,47055,47065,10
12.9226102829,80.1490020752,47065,47075,10
12.9226303101,80.1500396729,47075,47091,16
12.9227399826,80.1515731812,47091,47103,12
12.9228801727,80.1525802612,47103,47113,10
12.9230899811,80.1534576416,47113,47122,9
12.9232997894,80.154258728,47122,47134,12
12.9234399796,80.1547012329,47134,47143,9
12.9234600067,80.1547698975,47143,47155,12
12.9235801697,80.1553192139,47155,47165,10
12.9237203598,80.1561431885,47165,47175,10
12.9236402512,80.1570663452,47175,47186,11
12.9235296249,80.1580810547,47186,47195,9
12.9234304428,80.1591796875,47195,47205,10
12.9233398438,80.1602325439,47205,47216,11
12.9232997894,80.16040802,47216,47226,10
12.9231100082,80.1609115601,47226,47237,11
12.9228096008,80.1618423462,47237,47247,10
12.9225502014,80.1626434326,47247,47257,10
12.9223003387,80.1633529663,47257,47267,10
12.9219799042,80.1643295288,47267,47277,10
12.9216098785,80.1654205322,47277,47287,10
12.9212398529,80.1665725708,47287,47297,10
12.920920372,80.16771698,47297,47307,10
12.920630455,80.1687011719,47307,47317,10
12.92029953,80.1696777344,47317,47327,10
12.9200401306,80.1704788208,47327,47337,10
12.9199199677,80.1708526611,47337,47348,11
12.9198999405,80.1709594727,47348,47358,10
12.9198303223,80.1712417603,47358,47368,10
12.9196395874,80.1716690063,47368,47378,10
12.9194402695,80.1724777222,47378,47388,10
12.9191398621,80.1734008789,47388,47398,10
12.9188699722,80.1744613647,47398,47408,10
12.9186401367,80.17552948,47408,47418,10
12.918419838,80.1764068604,47418,47428,10
12.9182701111,80.1773376465,47428,47439,11
12.9186697006,80.1785202026,47439,47449,10
12.9192800522,80.1794662476,47449,47459,10
12.9195699692,80.1806793213,47459,47469,10
12.9198503494,80.1819076538,47469,47479,10
12.9201002121,80.1829833984,47479,47489,10
12.9202404022,80.1835021973,47489,47499,10
12.9202604294,80.1835708618,47499,47509,10
12.9202699661,80.1836166382,47509,47519,10
12.9203395844,80.183883667,47519,47529,10
12.9205198288,80.1839294434,47529,47539,10
12.9207897186,80.1838378906,47539,47550,11
12.9209403992,80.1837921143,47550,47560,10
12.9211502075,80.1837387085,47560,47570,10
12.9217395782,80.1835174561,47570,47580,10
12.9225597382,80.1831893921,47580,47590,10
12.9233598709,80.1830215454,47590,47600,10
12.9243202209,80.1828384399,47600,47610,10
12.925359726,80.1826629639,47610,47620,10
12.926440239,80.1824569702,47620,47630,10
12.9275798798,80.182220459,47630,47640,10
12.9286804199,80.181968689,47640,47650,10
12.9297704697,80.1817092896,47650,47661,11
12.9310102463,80.1814575195,47661,47671,10
12.9315500259,80.1815414429,47671,47681,10
12.9320497513,80.181640625,47681,47691,10
12.9329004288,80.1817932129,47691,47701,10
12.9338998795,80.1820373535,47701,47711,10
12.9349002838,80.1822967529,47711,47721,10
12.9359102249,80.1822967529,47721,47731,10
12.9368801117,80.1822128296,47731,47741,10
12.9377202988,80.1821899414,47741,47751,10
12.9385700226,80.1822967529,47751,47761,10
12.9387598038,80.1823196411,47761,47771,10
12.9388504028,80.1823577881,47771,47782,11
12.9390897751,80.1823806763,47782,47792,10
12.9394302368,80.1825027466,47792,47802,10
12.9399795532,80.1826324463,47802,47812,10
12.9406099319,80.1826782227,47812,47822,10
12.9414100647,80.1827316284,47822,47838,16
12.942990303,80.1828994751,47838,47850,12
12.9440898895,80.1829376221,47850,47860,10
12.9446697235,80.1829376221,47860,47870,10
12.9448404312,80.1829528809,47870,47881,11
12.9454803467,80.1830215454,47881,47891,10
12.9462299347,80.1835327148,47891,47901,10
12.9470500946,80.1841964722,47901,47911,10
12.9478902817,80.1848220825,47911,47921,10
12.9489202499,80.1851577759,47921,48012,91
12.9489202499,80.1851577759,48012,48022,10
12.949139595,80.1852035522,48022,48032,10
12.9496603012,80.1854171753,48032,48042,10
12.9504098892,80.1856689453,48042,48052,10
12.9512395859,80.1859512329,48052,48062,10
12.9520998001,80.1862182617,48062,48072,10
12.9530601501,80.1864471436,48072,48082,10
12.9538602829,80.1865615845,48082,48093,11
12.954750061,80.186668396,48093,48103,10
12.955499649,80.1867904663,48103,48113,10
12.9560003281,80.1868515015,48113,48123,10
12.956199646,80.186882019,48123,48133,10
12.9562997818,80.1868972778,48133,48143,10
12.9568004608,80.186958313,48143,48153,10
12.9572296143,80.1869888306,48153,48163,10
12.9577598572,80.18699646,48163,48173,10
12.9584798813,80.1870193481,48173,48183,10
12.9591798782,80.1870422363,48183,48193,10
12.9598798752,80.1870803833,48193,48203,10
12.9604301453,80.1871414185,48203,48224,21
12.9604301453,80.1871414185,48224,48234,10
12.9606895447,80.187171936,48234,48244,10
12.9611196518,80.1872177124,48244,48254,10
12.9614601135,80.1872711182,48254,48270,16
12.9620895386,80.1873779297,48270,48282,12
12.9628400803,80.1875,48282,48292,10
12.9635400772,80.1876831055,48292,48302,10
12.9642896652,80.1879196167,48302,48313,11
12.9649801254,80.188117981,48313,48323,10
12.9654798508,80.1883163452,48323,48333,10
12.9656400681,80.1884231567,48333,48343,10
12.965880394,80.1885223389,48343,48353,10
12.966170311,80.1886367798,48353,48363,10
12.9666004181,80.1887969971,48363,48373,10
12.9670600891,80.1890106201,48373,48383,10
12.9677696228,80.1893005371,48383,48392,9
12.9682798386,80.1895217896,48392,48402,10
12.9683303833,80.1895599365,48402,48414,12
12.968580246,80.1896972656,48414,48424,10
12.9690599442,80.1899032593,48424,48434,10
12.9695196152,80.1901397705,48434,48444,10
12.9700202942,80.1903610229,48444,48454,10
12.9704799652,80.1905670166,48454,48464,10
12.971039772,80.1907730103,48464,48494,30
12.971039772,80.1907730103,48494,48504,10
12.9714698792,80.1909790039,48504,48514,10
12.9720001221,80.1912307739,48514,48525,11
12.9726104736,80.1914672852,48525,48535,10
12.9727401733,80.1915206909,48535,48545,10
12.972869873,80.1915664673,48545,48555,10
12.9731702805,80.1916732788,48555,48565,10
12.9736404419,80.1918411255,48565,48575,10
12.9743499756,80.1920928955,48575,48585,10
12.9750003815,80.1923370361,48585,48595,10
12.9756002426,80.1926269531,48595,48605,10
12.9760599136,80.1929702759,48605,48622,17
12.9770002365,80.1936035156,48622,48634,12
12.977640152,80.1937789917,48634,48644,10
12.9780702591,80.1938400269,48644,48654,10
12.9782400131,80.1938781738,48654,48664,10
12.9787502289,80.1940536499,48664,48674,10
12.9792995453,80.1943511963,48674,48684,10
12.9797801971,80.1947021484,48684,48694,10
12.9802598953,80.1949920654,48694,48704,10
12.9808397293,80.1952667236,48704,48714,10
12.9810695648,80.1953582764,48714,48724,10
12.9813203812,80.1955184937,48724,48735,11
12.9816904068,80.1957168579,48735,48745,10
12.9820203781,80.1959228516,48745,48755,10
12.9824399948,80.1961212158,48755,48765,10
12.9828195572,80.1962890625,48765,48775,10
12.9831104279,80.1962585449,48775,48785,10
12.9835996628,80.1960372925,48785,48795,10
12.9844198227,80.1959609985,48795,48805,10
12.9855003357,80.1959609985,48805,48815,10
12.9865999222,80.1957168579,48815,48825,10
12.9875802994,80.1954803467,48825,48835,10
12.9886398315,80.1954193115,48835,48845,10
12.9895601273,80.1954421997,48845,48856,11
12.9905796051,80.1952667236,48856,48866,10
12.9909496307,80.1949691772,48866,48876,10
12.9911003113,80.1946487427,48876,48886,10
12.9911699295,80.1945037842,48886,48896,10
12.9913902283,80.194152832,48896,48906,10
12.9918203354,80.1934661865,48906,48916,10
12.9926204681,80.193359375,48916,48926,10
12.9934301376,80.193359375,48926,48936,10
12.9943304062,80.1933364868,48936,48946,10
12.9951696396,80.1933135986,48946,48957,11
12.9960899353,80.1932983398,48957,48967,10
12.9966001511,80.1932601929,48967,48977,10
12.9967899323,80.1932220459,48977,48987,10
12.996720314,80.1928329468,48987,48997,10
12.9965400696,80.1920776367,48997,49007,10
12.9963502884,80.1913604736,49007,49017,10
12.9961395264,80.1905288696,49017,49027,10
12.9959201813,80.1894989014,49027,49076,49
12.9959201813,80.1894989014,49076,49085,9
12.995880127,80.1894073486,49085,49096,11
12.9961595535,80.1892623901,49096,49106,10
12.9962596893,80.1894073486,49106,49116,10
12.9965000153,80.189743042,49116,49126,10
12.9970998764,80.1904220581,49126,49136,10
12.9977502823,80.1912002563,49136,49146,10
12.9983997345,80.1920471191,49146,49156,10
12.9990797043,80.1929168701,49156,49167,11
12.9998397827,80.1939468384,49167,49177,10
13.0005903244,80.1948699951,49177,49187,10
13.0013198853,80.1957702637,49187,49197,10
13.001999855,80.1967391968,49197,49207,10
13.0020303726,80.1979293823,49207,49217,10
13.0018100739,80.1989974976,49217,49227,10
13.001950264,80.200012207,49227,49237,10
13.002820015,80.2006607056,49237,49247,10
13.0036401749,80.2007827759,49247,49257,10
13.0037097931,80.2007827759,49257,49267,10
13.0038604736,80.2008209229,49267,49277,10
13.0043897629,80.2010192871,49277,49288,11
13.005279541,80.201499939,49288,49298,10
13.0059604645,80.2024383545,49298,49308,10
13.0066995621,80.2033081055,49308,49318,10
13.0075502396,80.2036514282,49318,49328,10
13.0083599091,80.2035217285,49328,49337,9
13.0080499649,80.2027893066,49337,49347,10
13.0075998306,80.20362854,49347,49358,11
13.0076704025,80.2047424316,49358,49367,9
13.0076904297,80.2058181763,49367,49377,10
13.0078802109,80.2069778442,49377,49388,11
13.0080299377,80.2081832886,49388,49399,11
13.0082397461,80.2093429565,49399,49409,10
13.0084896088,80.2101211548,49409,49419,10
13.0090799332,80.2107391357,49419,49429,10
13.0092201233,80.2107925415,49429,49439,10
13.009349823,80.2109985352,49439,49449,10
13.0092201233,80.2112503052,49449,49459,10
13.0090799332,80.2116928101,49459,49469,10
13.0092802048,80.2124023438,49469,49479,10
13.0095701218,80.213218689,49479,49489,10
13.0099000931,80.214012146,49489,49500,11
13.0101699829,80.2148590088,49500,49510,10
13.0102596283,80.2155380249,49510,49520,10
13.0105400085,80.2162475586,49520,49530,10
13.0108995438,80.2170333862,49530,49540,10
13.0112695694,80.217880249,49540,49550,10
13.0116100311,80.2186889648,49550,49560,10
13.0118904114,80.2195892334,49560,49570,10
13.012140274,80.2204666138,49570,49580,10
13.0124597549,80.2212524414,49580,49590,10
13.0126199722,80.2215805054,49590,49601,11
13.0131101608,80.2222137451,49601,49611,10
13.0134496689,80.2226715088,49611,49621,10
13.0138301849,80.2231521606,49621,49631,10
13.0139102936,80.2232513428,49631,49641,10
13.0140895844,80.2235107422,49641,49651,10
13.0143995285,80.2237701416,49651,49661,10
13.014960289,80.2244567871,49661,49671,10
13.0155000687,80.2250213623,49671,49681,10
13.0156698227,80.225151062,49681,49691,10
13.0162296295,80.2252883911,49691,49702,11
13.0170097351,80.2250823975,49702,49712,10
13.0178499222,80.2247619629,49712,49721,9
13.0186004639,80.2244491577,49721,49732,11
13.0193004608,80.2242965698,49732,49742,10
13.0195198059,80.2243423462,49742,49752,10
13.0196304321,80.2244110107,49752,49782,30
13.0196304321,80.2244110107,49782,49792,10
13.0198802948,80.2246322632,49792,49802,10
13.0202703476,80.2248916626,49802,49812,10
13.0207195282,80.2252426147,49812,49823,11
13.0211801529,80.2256011963,49823,49833,10
13.0218801498,80.2260818481,49833,49984,151
13.0221796036,80.2262802124,49984,52247,2263
13.0221796036,80.2262802124,52247,52257,10
13.0223703384,80.2265396118,52257,52267,10
13.0226802826,80.2268218994,52267,52277,10
13.0230998993,80.227180481,52277,52288,11
13.0235900879,80.2276382446,52288,52298,10
13.0242900848,80.2284011841,52298,52328,30
13.0242900848,80.2284011841,52328,52338,10
13.0243396759,80.2285385132,52338,52348,10
13.0241003036,80.2284698486,52348,52358,10
13.0237102509,80.2279434204,52358,52368,10
13.0230102539,80.2273712158,52368,52389,21
13.0230102539,80.2273712158,52389,52399,10
13.0228700638,80.2272720337,52399,52409,10
13.0225801468,80.2269134521,52409,52419,10
13.0222196579,80.2265472412,52419,52429,10
13.0217199326,80.2261428833,52429,52439,10
13.0211601257,80.2257080078,52439,52449,10
13.0205802917,80.2252426147,52449,52459,10
13.0199403763,80.224822998,52459,52469,10
13.019200325,80.2245101929,52469,52479,10
13.0183801651,80.2247009277,52479,52489,10
13.0175199509,80.2250518799,52489,52500,11
13.0167102814,80.2253875732,52500,52510,10
13.0162601471,80.2255401611,52510,52520,10
13.0157299042,80.2257232666,52520,52530,10
13.0151996613,80.2259368896,52530,52540,10
13.0145397186,80.2262191772,52540,52550,10
13.0141000748,80.2264099121,52550,52560,10
13.0137395859,80.2265701294,52560,52570,10
13.0132303238,80.2267074585,52570,52580,10
13.0123996735,80.2270278931,52580,52590,10
13.0114603043,80.2273712158,52590,52600,10
13.0104503632,80.2277526855,52600,52611,11
13.0095596313,80.2277526855,52611,52621,10
13.0097398758,80.2270889282,52621,52631,10
13.0101203918,80.2262878418,52631,52647,16
13.0106201172,80.2252883911,52647,52659,12
13.0108804703,80.2245788574,52659,52669,10
13.0111598969,80.2236328125,52669,52689,20
13.0111598969,80.2236328125,52689,52699,10
13.0112800598,80.2231369019,52699,52709,10
13.0115499496,80.2227020264,52709,52720,11
13.0118598938,80.2221603394,52720,52730,10
13.0121097565,80.2216186523,52730,52740,10
13.0122003555,80.2210922241,52740,52749,9
13.0120296478,80.2205734253,52749,52760,11
13.0118398666,80.2199783325,52760,52770,10
13.0116596222,80.2194213867,52770,52780,10
13.0114297867,80.2187194824,52780,52790,10
13.0111503601,80.2179412842,52790,52800,10
13.0109195709,80.2173995972,52800,52810,10
13.0107297897,80.2170028687,52810,52821,11
13.0104503632,80.2164077759,52821,52831,10
13.0100803375,80.2157669067,52831,52841,10
13.00963974,80.2149963379,52841,52851,10
13.0092201233,80.2144622803,52851,52861,10
13.0084295273,80.2135162354,52861,52880,19
13.0082597733,80.2133865356,52880,52901,21
13.0082597733,80.2133865356,52901,52911,10
13.008099556,80.2133026123,52911,52921,10
13.008020401,80.2132492065,52921,52932,11
13.0078802109,80.2131576538,52932,52942,10
13.0074901581,80.2128677368,52942,52952,10
13.0068397522,80.2127304077,52952,52962,10
13.0061903,80.2128295898,52962,52972,10
13.0055198669,80.212852478,52972,52982,10
13.0048303604,80.2124404907,52982,52992,10
13.0041503906,80.2121734619,52992,53002,10
13.0036802292,80.2117767334,53002,53012,10
13.0036401749,80.2110977173,53012,53022,10
13.0035495758,80.2103424072,53022,53033,11
13.0034999847,80.2095718384,53033,53043,10
13.0036401749,80.2088699341,53043,53053,10
13.004240036,80.208732605,53053,53063,10
13.0050401688,80.2090988159,53063,53073,10
13.0058803558,80.2094268799,53073,53083,10
13.0063695908,80.2096405029,53083,53093,10
13.0067996979,80.2097320557,53093,53103,10
13.0069599152,80.2097473145,53103,53113,10
13.0071697235,80.2098236084,53113,53123,10
13.0075502396,80.2098770142,53123,53133,10
13.0080795288,80.2099533081,53133,53144,11
13.0080699921,80.2094802856,53144,53154,10
13.0079402924,80.2087936401,53154,53164,10
13.0078001022,80.2079696655,53164,53174,10
13.0076599121,80.2070922852,53174,53184,10
13.0075302124,80.2062072754,53184,53194,10
13.0073099136,80.205368042,53194,53204,10
13.0069799423,80.2045898438,53204,53213,9
13.0066604614,80.2039871216,53213,53224,11
13.0061302185,80.2032623291,53224,53234,10
13.0057897568,80.2027587891,53234,53244,10
13.0055599213,80.2022628784,53244,53255,11
13.0049200058,80.2016220093,53255,53265,10
13.0039701462,80.2011032104,53265,53285,20
13.0039701462,80.2011032104,53285,53295,10
13.0038204193,80.2009963989,53295,53305,10
13.0032300949,80.2008285522,53305,53315,10
13.0025196075,80.2006225586,53315,53325,10
13.0019397736,80.2001419067,53325,53335,10
13.001660347,80.199432373,53335,53345,10
13.0017700195,80.1985397339,53345,53356,11
13.0018901825,80.1976013184,53356,53366,10
13.0017404556,80.1967086792,53366,53376,10
13.0012702942,80.1959991455,53376,53386,10
13.0007200241,80.1952896118,53386,53396,10
13.0001602173,80.1945877075,53396,53406,10
12.9996099472,80.193901062,53406,53416,10
12.9990596771,80.1931991577,53416,53426,10
12.998550415,80.1925506592,53426,53436,10
12.9981002808,80.1924209595,53436,53446,10
12.9975700378,80.1928787231,53446,53456,10
12.9970397949,80.1933135986,53456,53467,11
12.9967403412,80.1934204102,53467,53477,10
12.9960403442,80.193397522,53477,53487,10
12.9951000214,80.1934204102,53487,53497,10
12.994099617,80.1934509277,53497,53507,10
12.9930801392,80.1934585571,53507,53517,10
12.9920701981,80.1934432983,53517,53527,10
12.991519928,80.1940383911,53527,53537,10
12.9913101196,80.1943817139,53537,53547,10
12.9911603928,80.1946563721,53547,53557,10
12.9910001755,80.1948928833,53557,53568,11
12.9904603958,80.1954421997,53568,53578,10
12.9895801544,80.1955337524,53578,53588,10
12.9885797501,80.1955184937,53588,53598,10
12.987569809,80.1955871582,53598,53608,10
12.986579895,80.195930481,53608,53618,10
12.9855098724,80.1961669922,53618,53628,10
12.9844198227,80.1961669922,53628,53638,10
12.983499527,80.1962966919,53638,53648,10
12.9831695557,80.1964416504,53648,53658,10
12.9827203751,80.1967086792,53658,53668,10
12.9822702408,80.1971206665,53668,53679,11
12.9820899963,80.1969985962,53679,53699,20
12.9820899963,80.1969985962,53699,53709,10
12.9824104309,80.196762085,53709,53719,10
12.982749939,80.1965408325,53719,53729,10
12.9826402664,80.1962890625,53729,53739,10
12.9821901321,80.1960601807,53739,53749,10
12.9816503525,80.1957778931,53749,53759,10
12.9816102982,80.1957473755,53759,53769,10
12.9813995361,80.1956176758,53769,53779,10
12.980919838,80.1953811646,53779,53790,11
12.9801702499,80.195022583,53790,53800,10
12.9794502258,80.194519043,53800,53810,10
12.9786996841,80.1940765381,53810,53820,10
12.977930069,80.1938705444,53820,53830,10
12.9775495529,80.1938171387,53830,53840,10
12.9772195816,80.1937332153,53840,53850,10
12.9765996933,80.1934204102,53850,53860,10
12.9759397507,80.1929016113,53860,53870,10
12.9752902985,80.1925125122,53870,53880,10
12.9745798111,80.1922531128,53880,53891,11
12.97397995,80.1920318604,53891,53901,10
12.9735298157,80.1918563843,53901,53911,10
12.9728403091,80.191619873,53911,53921,10
12.9722003937,80.191368103,53921,53931,10
12.972120285,80.1913375854,53931,53941,10
12.9716796875,80.1911315918,53941,53951,10
12.971159935,80.19090271,53951,53961,10
12.9705495834,80.1906204224,53961,53971,10
12.9698200226,80.1903076172,53971,53981,10
12.9692602158,80.190032959,53981,53991,10
12.9687004089,80.189781189,53991,54002,11
12.9680099487,80.189453125,54002,54012,10
12.9679603577,80.1894378662,54012,54022,10
12.9678401947,80.1894073486,54022,54032,10
12.967300415,80.1891708374,54032,54042,10
12.9665603638,80.188873291,54042,54052,10
12.9660301208,80.1886520386,54052,54062,10
12.9659404755,80.1886062622,54062,54072,10
12.9656200409,80.1884613037,54072,54082,10
12.9651498795,80.1883010864,54082,54092,10
12.9648504257,80.1881790161,54092,54102,10
12.9646902084,80.1881027222,54102,54113,11
12.9641399384,80.1879425049,54113,54123,10
12.9635000229,80.18775177,54123,54133,10
12.9626903534,80.1875762939,54133,54143,10
12.9618597031,80.1874237061,54143,54153,10
12.9610996246,80.1873092651,54153,54163,10
12.9606304169,80.1872406006,54163,54173,10
12.9604902267,80.1872024536,54173,54183,10
12.9600400925,80.1871566772,54183,54193,10
12.9593696594,80.1871032715,54193,54203,10
12.9586000443,80.1870422363,54203,54214,11
12.9576597214,80.1870269775,54214,54224,10
12.9568004608,80.1870269775,54224,54234,10
12.9556999207,80.186920166,54234,54254,20
12.9556999207,80.186920166,54254,54264,10
12.9555997849,80.1869125366,54264,54273,9
12.955280304,80.1868591309,54273,54284,11
12.954460144,80.1867370605,54284,54294,10
12.9535799026,80.186630249,54294,54304,10
12.9526395798,80.1864776611,54304,54314,10
12.9515695572,80.1861877441,54314,54325,11
12.9504098892,80.1857910156,54325,54335,10
12.9492998123,80.1854400635,54335,54385,50
12.9492998123,80.1854400635,54385,54395,10
12.9492197037,80.1853866577,54395,54405,10
12.9488401413,80.1852493286,54405,54415,10
12.9483299255,80.1850662231,54415,54425,10
12.9476995468,80.1847763062,54425,54436,11
12.9469499588,80.184211731,54436,54446,10
12.9462099075,80.1836166382,54446,54456,10
12.9454698563,80.1830825806,54456,54466,10
12.9446201324,80.1830368042,54466,54476,10
12.9444503784,80.1830596924,54476,54486,10
12.9439897537,80.1830291748,54486,54496,10
12.9432201385,80.1829833984,54496,54506,10
12.9422798157,80.1829223633,54506,54516,10
12.9413099289,80.1828384399,54516,54526,10
12.9406404495,80.1828308105,54526,54537,11
12.9399700165,80.1827468872,54537,54547,10
12.939499855,80.1826171875,54547,54557,10
12.9394798279,80.1826095581,54557,54564,7
12.9393701553,80.1825485229,54564,54577,13
12.9390001297,80.1824874878,54577,54587,10
12.9386796951,80.1823806763,54587,54597,10
12.9380197525,80.1823120117,54597,54607,10
12.9371900558,80.1822814941,54607,54617,10
12.9362401962,80.1823425293,54617,54627,10
12.9354000092,80.1824111938,54627,54637,10
12.9353599548,80.1824188232,54637,54648,11
12.9348497391,80.1823272705,54648,54658,10
12.9340400696,80.1821517944,54658,54668,10
12.9330797195,80.1819229126,54668,54678,10
12.9320602417,80.1817321777,54678,54688,10
12.9311304092,80.1816101074,54688,54697,9
12.9306497574,80.1815872192,54697,54708,11
12.9297800064,80.1817474365,54708,54718,10
12.9287900925,80.1819992065,54718,54728,10
12.9278402328,80.1822280884,54728,54738,10
12.92689991,80.1824188232,54738,54748,10
12.9258899689,80.1826095581,54748,54759,11
12.9247398376,80.1828079224,54759,54769,10
12.9237003326,80.1829910278,54769,54779,10
12.9228496552,80.1831283569,54779,54789,10
12.9215898514,80.1836013794,54789,54829,40
12.9215898514,80.1836013794,54829,54839,10
12.9214601517,80.1837234497,54839,54849,10
12.9210300446,80.183883667,54849,54860,11
12.9207801819,80.1839599609,54860,54870,10
12.9205904007,80.1840209961,54870,54920,50
12.9205904007,80.1840209961,54920,54930,10
12.9202098846,80.1840133667,54930,54940,10
12.9200496674,80.1834182739,54940,54950,10
12.9198904037,80.1827011108,54950,54960,10
12.919839859,80.182472229,54960,54971,11
12.919719696,80.1818466187,54971,54981,10
12.9195604324,80.1811294556,54981,54991,10
12.919380188,80.1802520752,54991,55001,10
12.9190998077,80.179359436,55001,55011,10
12.9185800552,80.1786193848,55011,55021,10
12.9181404114,80.1777496338,55021,55031,10
12.9182796478,80.1767272949,55031,55041,10
12.9185600281,80.1755905151,55041,55051,10
12.9188699722,80.174369812,55051,55061,10
12.9191799164,80.1731033325,55061,55071,10
12.9194698334,80.1720504761,55071,55082,11
12.919670105,80.1712188721,55082,55092,10
12.9197397232,80.1709136963,55092,55102,10
12.9199104309,80.170501709,55102,55112,10
12.9201803207,80.1696472168,55112,55121,9
12.9204597473,80.1687393188,55121,55132,11
12.9207801819,80.1677627563,55132,55142,10
12.9210395813,80.1668930054,55142,55152,10
12.9214296341,80.165687561,55152,55162,10
12.9217596054,80.1646499634,55162,55172,10
12.92208004,80.1636199951,55172,55183,11
12.9224500656,80.1624832153,55183,55193,10
12.9227600098,80.1615066528,55193,55203,10
12.9230003357,80.1607208252,55203,55213,10
12.923119545,80.1603012085,55213,55223,10
12.9232397079,80.1597366333,55223,55233,10
12.9233102798,80.1588668823,55233,55243,10
12.9234104156,80.157913208,55243,55253,10
12.9235095978,80.1569213867,55253,55263,10
12.9235801697,80.1563034058,55263,55273,10
12.9235200882,80.1555786133,55273,55283,10
12.9233598709,80.1551208496,55283,55293,10
12.923330307,80.1549835205,55293,55304,11
12.9232301712,80.1543807983,55304,55314,10
12.9230098724,80.1535263062,55314,55324,10
12.9227399826,80.1525878906,55324,55334,10
12.9225997925,80.1517105103,55334,55344,10
12.9225997925,80.1508102417,55344,55354,10
12.9225702286,80.1498031616,55354,55364,10
12.9225101471,80.1488037109,55364,55374,10
12.9225101471,80.1478805542,55374,55384,10
12.9224996567,80.1473464966,55384,55394,10
12.9225101471,80.146697998,55394,55405,11
12.9224901199,80.1457595825,55405,55415,10
12.9224395752,80.1447906494,55415,55425,10
12.922419548,80.1436691284,55425,55574,149
12.922419548,80.1436691284,55574,55584,10
12.9224300385,80.1435699463,55584,55594,10
12.9223804474,80.1431427002,55594,55675,81
12.9223804474,80.1431427002,55675,55685,10
12.9223604202,80.1429672241,55685,55695,10
12.9223604202,80.1424636841,55695,55705,10
12.9223203659,80.141708374,55705,55715,10
12.9223203659,80.1410369873,55715,55726,11
12.9223203659,80.1410369873,55726,55736,10
12.9223499298,80.1404037476,55736,55746,10
12.9223499298,80.1395874023,55746,55756,10
12.9223604202,80.1386871338,55756,55766,10
12.9224300385,80.1378173828,55766,55776,10
12.9224796295,80.1368408203,55776,55786,10
12.9224901199,80.1358795166,55786,55798,12
12.922539711,80.1346588135,55798,55809,11
12.9225902557,80.1335067749,55809,55819,10
12.9226198196,80.132522583,55819,55829,10
12.9226303101,80.1316299438,55829,55840,11
12.9226398468,80.1311721802,55840,55850,10
12.9226398468,80.1309585571,55850,55859,9
12.9226799011,80.1304397583,55859,55870,11
12.9227600098,80.1297225952,55870,55880,10
12.9228496552,80.1288604736,55880,55890,10
12.9228801727,80.1280975342,55890,55900,10
12.9228801727,80.127281189,55900,55910,10
12.9228801727,80.1263427734,55910,55920,10
12.9229097366,80.1255111694,55920,55930,10
12.9229402542,80.124710083,55930,55941,11
12.9229898453,80.1237182617,55941,55951,10
12.9230203629,80.1227264404,55951,55961,10
12.9230804443,80.1216430664,55961,55971,10
12.9231700897,80.1205596924,55971,55991,20
12.9231700897,80.1205596924,55991,56001,10
12.923210144,80.1203384399,56001,56011,10
12.9232597351,80.1196289063,56011,56021,10
12.9232902527,80.1187591553,56021,56031,10
12.9233798981,80.1179733276,56031,56041,10
12.9233999252,80.1172790527,56041,56627,586
12.9233999252,80.1172790527,56627,56637,10
12.9233999252,80.1169891357,56637,56647,10
12.9235496521,80.1167831421,56647,56657,10
12.9235897064,80.1167984009,56657,56667,10
12.9235801697,80.116897583,56667,56677,10
12.9235401154,80.1172180176,56677,56687,10
12.9235801697,80.1175765991,56687,56697,10
12.9235496521,80.1179962158,56697,56708,11
12.9234600067,80.1187896729,56708,56718,10
12.9233999252,80.1195373535,56718,56728,10
12.9233903885,80.1201477051,56728,56738,10
12.9233903885,80.1201629639,56738,56748,10
12.9233598709,80.1205978394,56748,56758,10
12.9232997894,80.1211471558,56758,56768,10
12.9233102798,80.1214599609,56768,56950,182
12.9233102798,80.1214599609,56950,56960,10
12.9232902527,80.1216812134,56960,56970,10
12.9232397079,80.1222229004,56970,56980,10
12.9231996536,80.1229705811,56980,56990,10
12.9231300354,80.1238632202,56990,57000,10
12.9230899811,80.1248626709,57000,57010,10
12.9230604172,80.1255493164,57010,57021,11
12.9230604172,80.1257705688,57021,57031,10
12.9230298996,80.1263580322,57031,57041,10
12.9230003357,80.127166748,57041,57051,10
12.9229402542,80.1278762817,57051,57061,10
12.9228801727,80.1286315918,57061,57071,10
12.922829628,80.1294631958,57071,57081,10
12.9228000641,80.1303100586,57081,57091,10
12.9228096008,80.1311569214,57091,57101,10
12.9228096008,80.1312866211,57101,57111,10
12.9227800369,80.1317825317,57111,57121,10
12.922750473,80.132598877,57121,57132,11
12.9226999283,80.1337203979,57132,57142,10
12.9226398468,80.1348266602,57142,57152,10
12.9225902557,80.1359405518,57152,57162,10
12.922539711,80.1369781494,57162,57172,10
12.9224796295,80.1379013062,57172,57182,10
12.9224100113,80.1388168335,57182,57192,10
12.9223804474,80.1398468018,57192,57202,10
12.9224100113,80.1407775879,57202,57212,10
12.9224300385,80.1417999268,57212,57222,10
12.9225101471,80.1429367065,57222,57261,39
12.9225101471,80.1429367065,57261,57271,10
12.9225702286,80.1433029175,57271,57281,10
12.9225797653,80.143737793,57281,57291,10
12.9225797653,80.1437530518,57291,57301,10
12.9225502014,80.1439437866,57301,57311,10
12.922539711,80.1444091797,57311,57321,10
12.9225702286,80.1452789307,57321,57331,10
12.9226102829,80.1463470459,57331,57341,10
12.9226303101,80.1473236084,57341,57352,11
12.9226303101,80.1477966309,57352,57362,10
12.9225997925,80.1486206055,57362,57372,10
12.9226703644,80.1496582031,57372,57383,11
12.9226903915,80.150718689,57383,57393,10
12.9227399826,80.1519165039,57393,57403,10
12.922949791,80.1529998779,57403,57413,10
12.9232301712,80.1540603638,57413,57423,10
12.9234304428,80.1547088623,57423,57433,10
12.9234304428,80.1547164917,57433,57443,10
12.9235200882,80.155090332,57443,57453,10
12.9237003326,80.1558609009,57453,57464,11
12.9236602783,80.1569595337,57464,57474,10
12.9235401154,80.1580505371,57474,57484,10
12.9234304428,80.1591720581,57484,57494,10
12.923330307,80.16015625,57494,57504,10
12.9232902527,80.1603775024,57504,57514,10
12.9232501984,80.1605224609,57514,57524,10
12.9230604172,80.1610794067,57524,57534,10
12.9228000641,80.1619110107,57534,57544,10
12.922539711,80.1626815796,57544,57554,10
12.9222898483,80.1634216309,57554,57565,11
12.921959877,80.1645431519,57565,57575,10
12.9215898514,80.1656570435,57575,57585,10
12.9212503433,80.1667098999,57585,57595,10
12.9209604263,80.1676712036,57595,57605,10
12.9207000732,80.168510437,57605,57615,10
12.920419693,80.169380188,57615,57625,10
12.9201498032,80.1702575684,57625,57635,10
12.9199800491,80.1708679199,57635,57645,10
12.9199104309,80.1710662842,57645,57655,10
12.9198703766,80.1712036133,57655,57665,10
12.9197797775,80.1714706421,57665,57676,11
12.9195995331,80.1720733643,57676,57686,10
12.9193401337,80.1728897095,57686,57696,10
12.9191198349,80.1737670898,57696,57706,10
12.9188995361,80.174621582,57706,57716,10
12.9187498093,80.1755218506,57716,57726,10
12.9185400009,80.1765289307,57726,57736,10
12.9183101654,80.1776504517,57736,57746,10
12.9187803268,80.1786499023,57746,57756,10
12.9193601608,80.1796112061,57756,57766,10
12.9196100235,80.180770874,57766,57777,11
12.9199199677,80.1821212769,57777,57786,9
12.9201498032,80.1831665039,57786,57797,11
12.9203100204,80.1837005615,57797,57807,10
12.9203596115,80.183883667,57807,57817,10
12.9205904007,80.1838989258,57817,57827,10
12.9211597443,80.1837005615,57827,57837,10
12.9219999313,80.183380127,57837,57847,10
12.92304039,80.1830596924,57847,57857,10
12.923620224,80.1829071045,57857,57867,10
12.9244203568,80.1828079224,57867,57877,10
12.9253196716,80.1826400757,57877,57888,11
12.9264802933,80.1824188232,57888,57898,10
12.9276304245,80.182182312,57898,57908,10
12.9287204742,80.1819381714,57908,57918,10
12.9298095703,80.181678772,57918,57928,10
12.9308900833,80.1814498901,57928,57938,10
12.9315004349,80.1815109253,57938,57948,10
12.9315795898,80.1815338135,57948,57958,10
12.9320497513,80.1816101074,57958,57968,10
12.9328804016,80.1817626953,57968,57978,10
12.9338598251,80.1820068359,57978,57988,10
12.9346199036,80.1822128296,57988,57999,11
12.9354400635,80.1823577881,57999,58009,10
12.9362802505,80.182258606,58009,58019,10
12.9371795654,80.1821975708,58019,58029,10
12.938079834,80.1822509766,58029,58039,10
12.9389200211,80.1823577881,58039,58059,20
12.9389200211,80.1823577881,58059,58069,10
12.9390897751,80.1824035645,58069,58079,10
12.9391098022,80.1824111938,58079,58089,10
12.9392700195,80.1824798584,58089,58099,10
12.9394598007,80.1825180054,58099,58110,11
12.9400596619,80.1826400757,58110,58120,10
12.9408197403,80.1827011108,58120,58130,10
12.9417200089,80.1827468872,58130,58140,10
12.94272995,80.1828689575,58140,58150,10
12.9437103271,80.1829223633,58150,58160,10
12.9444799423,80.1829986572,58160,58170,10
12.9447002411,80.1829910278,58170,58180,10
12.9452104568,80.1830215454,58180,58190,10
12.9459295273,80.1833496094,58190,58200,10
12.9466199875,80.183883667,58200,58210,10
12.947429657,80.1844863892,58210,58221,11
12.9488401413,80.1851196289,58221,58261,40
12.9488401413,80.1851196289,58261,58271,10
12.9491596222,80.1852798462,58271,58281,10
12.9496202469,80.1854782104,58281,58291,10
12.9502601624,80.1856994629,58291,58301,10
12.9510202408,80.1859436035,58301,58311,10
12.9519195557,80.1862564087,58311,58322,11
12.9528598785,80.1864929199,58322,58332,10
12.9537200928,80.1865921021,58332,58342,10
12.9545001984,80.1866989136,58342,58352,10
12.9552602768,80.1868133545,58352,58362,10
12.9556398392,80.1868667603,58362,58372,10
12.9559803009,80.186920166,58372,58392,20
12.9559803009,80.186920166,58392,58402,10
12.9561901093,80.186958313,58402,58412,10
12.956580162,80.1869735718,58412,58422,10
12.9571199417,80.1869888306,58422,58433,11
12.9577798843,80.1870498657,58433,58443,10
12.958439827,80.1871032715,58443,58453,10
12.9591197968,80.1870880127,58453,58463,10
12.9597396851,80.1871109009,58463,58473,10
12.960439682,80.1871795654,58473,58483,10
12.9611501694,80.1872634888,58483,58493,10
12.9614496231,80.1873626709,58493,58503,10
12.9614601135,80.1873626709,58503,58513,10
12.9617900848,80.1874237061,58513,58523,10
12.9623298645,80.1874694824,58523,58534,11
12.9631204605,80.1876602173,58534,58544,10
12.9638299942,80.1878509521,58544,58554,10
12.9645595551,80.188079834,58554,58564,10
12.9650001526,80.1882095337,58564,58574,10
12.9654302597,80.1883773804,58574,58584,10
12.9654903412,80.1884002686,58584,58593,9
12.9656000137,80.1885375977,58593,58604,11
12.965929985,80.188583374,58604,58614,10
12.9663696289,80.1887283325,58614,58624,10
12.9670200348,80.1890335083,58624,58634,10
12.9677696228,80.1893768311,58634,58645,11
12.96833992,80.1896209717,58645,58665,20
12.96833992,80.1896209717,58665,58675,10
12.9686603546,80.1897964478,58675,58685,10
12.9691400528,80.1900177002,58685,58695,10
12.969329834,80.1901016235,58695,58705,10
12.9697999954,80.1903076172,58705,58714,9
12.9703798294,80.1905593872,58714,58725,11
12.9710903168,80.1908721924,58725,58735,10
12.9716396332,80.1911010742,58735,58745,10
12.972240448,80.1913604736,58745,58756,11
12.9726800919,80.1915512085,58756,58766,10
12.9727697372,80.1915969849,58766,58776,10
12.9729604721,80.1916885376,58776,58786,10
12.9735002518,80.1918411255,58786,58796,10
12.9740495682,80.1920471191,58796,58806,10
12.9746599197,80.1922836304,58806,58816,10
12.9752597809,80.192527771,58816,58826,10
12.9759197235,80.1929168701,58826,58836,10
12.9764499664,80.1933288574,58836,58846,10
12.9770898819,80.1937026978,58846,58856,10
12.9776496887,80.1938171387,58856,58867,11
12.9781198502,80.193862915,58867,58877,10
12.9781503677,80.1938781738,58877,58887,10
12.9783296585,80.193939209,58887,58897,10
12.9788198471,80.1941223145,58897,58907,10
12.9793395996,80.1943969727,58907,58917,10
12.9795198441,80.1945495605,58917,58933,16
12.9804000854,80.195098877,58933,58945,12
12.9810695648,80.1953964233,58945,58955,10
12.9810800552,80.1954116821,58955,58964,9
12.9814395905,80.1956100464,58964,58975,11
12.9820995331,80.1959533691,58975,58987,12
12.9828701019,80.1963195801,58987,58997,10
12.9830999374,80.1962738037,58997,59007,10
12.983590126,80.1960372925,59007,59017,10
12.9843797684,80.1959609985,59017,59027,10
12.9853801727,80.1959686279,59027,59037,10
12.9864501953,80.1957778931,59037,59047,10
12.9874401093,80.1954421997,59047,59057,10
12.9884796143,80.1953811646,59057,59067,10
12.9894399643,80.1954269409,59067,59078,11
12.9905796051,80.1951675415,59078,59088,10
12.9910697937,80.1945877075,59088,59098,10
12.9911203384,80.1945419312,59098,59108,10
12.9913101196,80.1942901611,59108,59118,10
12.9917201996,80.1936416626,59118,59128,10
12.9925699234,80.193359375,59128,59138,10
12.9935398102,80.1933898926,59138,59148,10
12.9944295883,80.1933517456,59148,59158,10
12.9950895309,80.1933288574,59158,59168,10
12.9957504272,80.1933135986,59168,59178,10
12.9965400696,80.1932907104,59178,59189,11
12.9968004227,80.193107605,59189,59199,10
12.996629715,80.1925201416,59199,59209,10
12.9963903427,80.1917190552,59209,59219,10
12.9961595535,80.1908874512,59219,59229,10
12.9959602356,80.1901321411,59229,59239,10
12.9958400726,80.1895980835,59239,59249,10
12.995880127,80.1894073486,59249,59259,10
12.9959897995,80.1893234253,59259,59269,10
12.9962396622,80.189453125,59269,59279,10
12.9966602325,80.1899719238,59279,59289,10
12.9972496033,80.1906814575,59289,59300,11
12.9979801178,80.1915664673,59300,59310,10
12.9986696243,80.1924591064,59310,59320,10
12.9993600845,80.1933898926,59320,59330,10
13.0000896454,80.1943511963,59330,59340,10
13.0008802414,80.1952819824,59340,59350,10
13.0015602112,80.1961135864,59350,59360,10
13.002120018,80.1971893311,59360,59370,10
13.0019702911,80.1983566284,59370,59380,10
13.0018396378,80.1995162964,59380,59390,10
13.0024003983,80.2004928589,59390,59401,11
13.003780365,80.2008514404,59401,59421,20
13.003780365,80.2008514404,59421,59431,10
13.0040197372,80.2009429932,59431,59441,10
13.0046596527,80.2011489868,59441,59451,10
13.0054397583,80.2016525269,59451,59461,10
13.005979538,80.2024765015,59461,59471,10
13.0064496994,80.2031402588,59471,59481,10
13.0069704056,80.2034835815,59481,59491,10
13.0076904297,80.2037124634,59491,59501,10
13.0084400177,80.20337677,59501,59512,11
13.0076799393,80.2029418945,59512,59522,10
13.0076398849,80.2040176392,59522,59532,10
13.0076704025,80.205116272,59532,59542,10
13.0077695847,80.2062988281,59542,59552,10
13.007900238,80.2073135376,59552,59562,10
13.0080299377,80.2084732056,59562,59572,10
13.0082798004,80.2095718384,59572,59582,10
13.0089998245,80.2106781006,59582,59623,41
13.0089998245,80.2106781006,59623,59633,10
13.0093402863,80.2110366821,59633,59643,10
13.009180069,80.2113265991,59643,59653,10
13.009059906,80.2116012573,59653,59663,10
13.0091695786,80.2119674683,59663,59673,10
13.0093698502,80.2126617432,59673,59683,10
13.0096597672,80.2133865356,59683,59693,10
13.0099802017,80.2141723633,59693,59703,10
13.0101900101,80.2149963379,59703,59713,10
13.0103502274,80.2158584595,59713,59723,10
13.0106897354,80.2166519165,59723,59734,11
13.0111398697,80.2175674438,59734,59750,16
13.0116596222,80.2189788818,59750,59762,12
13.0120296478,80.2201538086,59762,59772,10
13.0122900009,80.2208862305,59772,59781,9
13.0124998093,80.2213592529,59781,59792,11
13.0128202438,80.2218780518,59792,59802,10
13.0132904053,80.2224731445,59802,59812,10
13.0137300491,80.2229766846,59812,59822,10
13.0140304565,80.2233886719,59822,59833,11
13.0142202377,80.2235870361,59833,59843,10
13.0144300461,80.2237930298,59843,59853,10
13.0148601532,80.2243270874,59853,59863,10
13.0153903961,80.2248764038,59863,59873,10
13.0155000687,80.2249679565,59873,59883,10
13.0156803131,80.2251586914,59883,59893,10
13.0162296295,80.2253723145,59893,59903,10
13.0171003342,80.2250976563,59903,59913,10
13.0180797577,80.2246932983,59913,59923,10
13.0191001892,80.2243728638,59923,59933,10
13.0198802948,80.224609375,59933,59944,11
13.0207500458,80.2252426147,59944,59954,10
13.021229744,80.2256164551,59954,59964,10
13.0216598511,80.2259292603,59964,59974,10
13.0220403671,80.2261810303,59974,59983,9
13.0220804214,80.2262420654,59983,59994,11
13.0224895477,80.2266082764,59994,60003,9
13.0229797363,80.2270584106,60003,60013,10
13.0235795975,80.2276229858,60013,60024,11
13.0242500305,80.2282791138,60024,60034,10
13.0244598389,80.2285614014,60034,60045,11
13.0246496201,80.228843689,60045,60055,10
13.0248403549,80.2291564941,60055,60064,9
13.0251502991,80.2295379639,60064,60074,10
13.025560379,80.2300720215,60074,60085,11
13.0257797241,80.2304382324,60085,60095,10
13.0259504318,80.2307128906,60095,60105,10
13.02602005,80.231010437,60105,60115,10
13.0260696411,80.2313079834,60115,60125,10
13.0263996124,80.231338501,60125,60135,10
13.0270204544,80.2311935425,60135,60145,10
13.0277395248,80.2310180664,60145,60156,11
13.0283098221,80.231010437,60156,60166,10
13.0284795761,80.2309799194,60166,60176,10
13.0293903351,80.2309036255,60176,60234,58
13.0293903351,80.2309036255,60234,60244,10
13.0297002792,80.2308425903,60244,60254,10
13.0303602219,80.230796814,60254,60265,11
13.031129837,80.2307281494,60265,60275,10
13.0318698883,80.2306594849,60275,60284,9
13.0325803757,80.2306137085,60284,60295,11
13.0333404541,80.2305679321,60295,60304,9
13.0337200165,80.2305297852,60304,60345,41
13.0337200165,80.2305297852,60345,60355,10
13.0339698792,80.2305374146,60355,60376,21
13.0339698792,80.2305374146,60376,60386,10
13.0342702866,80.2304763794,60386,60396,10
13.0345897675,80.2304229736,60396,60406,10
13.0348396301,80.2303009033,60406,60436,30
13.0348396301,80.2303009033,60436,60446,10
13.0350198746,80.2299880981,60446,60466,20
13.0350198746,80.2299880981,60466,60477,11
13.0348701477,80.229888916,60477,60487,10
13.0345201492,80.2298431396,60487,60890,403
13.0342197418,80.2299194336,60890,61153,263
13.0342197418,80.2299194336,61153,61163,10
13.0341997147,80.2301177979,61163,61223,60
13.0341997147,80.2301177979,61223,61234,11
13.0341396332,80.2304229736,61234,61244,10
13.0340499878,80.2304763794,61244,61254,10
13.0338497162,80.23046875,61254,61264,10
13.0338001251,80.23046875,61264,61274,10
13.033490181,80.23046875,61274,61284,10
13.033080101,80.230506897,61284,61294,10
13.0326795578,80.2305374146,61294,61304,10
13.0322399139,80.2305984497,61304,61314,10
13.0313997269,80.2306976318,61314,61334,20
13.0313997269,80.2306976318,61334,61345,11
13.0313100815,80.2306594849,61345,61355,10
13.0310697556,80.230682373,61355,61365,10
13.0306596756,80.2307281494,61365,61375,10
13.0301799774,80.2307815552,61375,61385,10
13.0301303864,80.230796814,61385,61395,10
13.0298900604,80.2308273315,61395,61405,10
13.0294599533,80.2308807373,61405,61415,10
13.0289001465,80.2309265137,61415,61425,10
13.0283899307,80.2309799194,61425,61435,10
13.0279598236,80.2310180664,61435,61446,11
13.0276403427,80.2310791016,61446,61456,10
13.0276498795,80.2314834595,61456,61466,10
13.0277299881,80.2320327759,61466,61476,10
13.0278501511,80.2325363159,61476,61486,10
13.0277500153,80.2328491211,61486,61496,10
13.0269899368,80.2329406738,61496,61546,50
13.0269899368,80.2329406738,61546,61557,11
13.026720047,80.233001709,61557,61567,10
13.0263996124,80.2329025269,61567,61577,10
13.0262098312,80.2323608398,61577,61587,10
13.02602005,80.231628418,61587,61597,10
13.0258302689,80.2309188843,61597,61607,10
13.0254001617,80.2300796509,61607,61617,10
13.0248498917,80.2293395996,61617,61627,10
13.0244197845,80.2287902832,61627,61637,10
13.024020195,80.2282333374,61637,61647,10
13.0235500336,80.2277374268,61647,61658,11
13.0233097076,80.2275314331,61658,61668,10
13.0230998993,80.227432251,61668,61698,30
13.0230998993,80.227432251,61698,61708,10
13.0228996277,80.2272720337,61708,61718,10
13.0227098465,80.2271118164,61718,61728,10
13.0225696564,80.2268066406,61728,61738,10
13.022359848,80.226600647,61738,61748,10
13.0218496323,80.2262115479,61748,61758,10
13.0212402344,80.2257232666,61758,61769,11
13.0205402374,80.2251663208,61769,61779,10
13.019900322,80.2247467041,61779,61789,10
13.0190000534,80.2244720459,61789,61799,10
13.0180597305,80.2248077393,61799,61809,10
13.0170698166,80.2252197266,61809,61819,10
13.0162401199,80.2255630493,61819,61829,10
13.0154800415,80.2258224487,61829,61839,10
13.0148096085,80.2261199951,61839,61849,10
13.0145902634,80.2261962891,61849,61859,10
13.0145196915,80.2262115479,61859,61870,11
13.0140800476,80.2263565063,61870,61880,10
13.0134000778,80.226600647,61880,61890,10
13.0126600266,80.2268829346,61890,61900,10
13.0117301941,80.2272567749,61900,61910,10
13.0107803345,80.2276611328,61910,61920,10
13.0099000931,80.2279663086,61920,61930,10
13.0095396042,80.2275619507,61930,61940,10
13.0098104477,80.2269973755,61940,61950,10
13.0101604462,80.2262268066,61950,61960,10
13.0104904175,80.2255096436,61960,61970,10
13.0106897354,80.2250823975,61970,61981,11
13.0108995438,80.2245788574,61981,61991,10
13.011179924,80.2238311768,61991,62001,10
13.0115003586,80.2230911255,62001,62011,10
13.0117702484,80.2222976685,62011,62021,10
13.0120601654,80.2215423584,62021,62031,10
13.0121097565,80.2209777832,62031,62041,10
13.0119104385,80.2203598022,62041,62051,10
13.0116500854,80.219581604,62051,62061,10
13.0113601685,80.2186965942,62061,62071,10
13.0110797882,80.2178573608,62071,62081,10
13.0107803345,80.2171173096,62081,62092,11
13.0103197098,80.2162017822,62092,62102,10
13.0099496841,80.2154922485,62102,62112,10
13.0097503662,80.2151031494,62112,62122,10
13.0093603134,80.21459198,62122,62132,10
13.0088796616,80.2139587402,62132,62142,10
13.0087003708,80.2136993408,62142,62152,10
13.0084896088,80.2135162354,62152,62182,30
13.0084896088,80.2135162354,62182,62193,11
13.0081796646,80.2133178711,62193,62203,10
13.0080795288,80.2132873535,62203,62213,10
13.0079202652,80.2131881714,62213,62223,10
13.0074996948,80.2128829956,62223,62233,10
13.006939888,80.2127532959,62233,62243,10
13.006360054,80.2127838135,62243,62253,10
13.00578022,80.2129898071,62253,62263,10
13.0051603317,80.2126235962,62263,62273,10
13.0044603348,80.2122192383,62273,62283,10
13.0037202835,80.2119598389,62283,62293,10
13.0037002563,80.211479187,62293,62304,11
13.0036401749,80.2107772827,62304,62314,10
13.0035495758,80.2101211548,62314,62324,10
13.0035400391,80.2094192505,62324,62334,10
13.0037403107,80.2087097168,62334,62344,10
13.0044403076,80.2088165283,62344,62354,10
13.0053195953,80.2092208862,62354,62364,10
13.0061597824,80.2095413208,62364,62374,10
13.0066404343,80.2097015381,62374,62384,10
13.0068502426,80.2097473145,62384,62394,10
13.007060051,80.2098007202,62394,62404,10
13.0075998306,80.2098999023,62404,62415,11
13.0081996918,80.2099075317,62415,62425,10
13.0080795288,80.2093276978,62425,62435,10
13.0079402924,80.2086715698,62435,62445,10
13.0077600479,80.2076263428,62445,62455,10
13.0075998306,80.2066116333,62455,62465,10
13.007399559,80.2057266235,62465,62475,10
13.0071001053,80.2049102783,62475,62483,8
13.0068397522,80.2042922974,62483,62495,12
13.0062303543,80.203338623,62495,62505,10
13.0059995651,80.2029876709,62505,62515,10
13.0059299469,80.2028579712,62515,62526,11
13.0056695938,80.2024765015,62526,62536,10
13.0052995682,80.2018814087,62536,62546,10
13.0043096542,80.2012863159,62546,62586,40
13.0043096542,80.2012863159,62586,62596,10
13.0042104721,80.2011566162,62596,62606,10
13.0038204193,80.2010192871,62606,62616,10
13.0031900406,80.2008285522,62616,62627,11
13.0023298264,80.2005004883,62627,62637,10
13.0017795563,80.1998519897,62637,62647,10
13.0016899109,80.1991195679,62647,62657,10
13.0018196106,80.1983032227,62657,62667,10
13.0019197464,80.1973266602,62667,62677,10
13.0017499924,80.1964569092,62677,62687,10
13.0011997223,80.1957778931,62687,62697,10
13.0006198883,80.195022583,62697,62707,10
12.9999504089,80.194152832,62707,62717,10
12.9993200302,80.1934204102,62717,62727,10
12.9988603592,80.1928405762,62727,62738,11
12.998550415,80.1924591064,62738,62748,10
12.9983196259,80.192237854,62748,62758,10
12.9978904724,80.1925506592,62758,62768,10
12.9973096848,80.1930389404,62768,62778,10
12.9969701767,80.1932983398,62778,62788,10
12.9965600967,80.193359375,62788,62798,10
12.9958095551,80.1933898926,62798,62808,10
12.9948797226,80.1934127808,62808,62818,10
12.9938602448,80.1934509277,62818,62828,10
12.9928598404,80.1934585571,62828,62839,11
12.9919395447,80.1935501099,62839,62849,10
12.9914999008,80.1941299438,62849,62859,10
12.9913396835,80.1943969727,62859,62869,10
12.9912099838,80.1946792603,62869,62879,10
12.9911804199,80.1947174072,62879,62889,10
12.9910097122,80.1949691772,62889,62899,10
12.9905796051,80.1953887939,62899,62909,10
12.9898300171,80.195602417,62909,62919,10
12.988940239,80.1955718994,62919,62929,10
12.9881601334,80.1955795288,62929,62939,10
12.9870901108,80.1958236694,62939,62950,11
12.9859695435,80.1961898804,62950,62960,10
12.9848804474,80.1962280273,62960,62970,10
12.9837999344,80.1962585449,62970,62980,10
12.9832296371,80.1964569092,62980,62990,10
12.9829397202,80.1965866089,62990,63000,10
12.9824495316,80.1969985962,63000,63010,10
12.9821100235,80.1970291138,63010,63030,20
12.9821100235,80.1970291138,63030,63040,10
12.9824104309,80.1967773438,63040,63051,11
12.9827604294,80.1965026855,63051,63061,10
12.9826002121,80.1962585449,63061,63071,10
12.9820604324,80.1959762573,63071,63081,10
12.9815196991,80.1956787109,63081,63101,20
12.9815196991,80.1956787109,63101,63111,10
12.9813804626,80.1955566406,63111,63121,10
12.9809904099,80.1953887939,63121,63131,10
12.9804601669,80.1951370239,63131,63141,10
12.9798603058,80.19480896,63141,63151,10
12.9792499542,80.1943817139,63151,63162,11
12.9784498215,80.1939926147,63162,63172,10
12.9777803421,80.193862915,63172,63182,10
12.9776096344,80.1938400269,63182,63192,10
12.9775800705,80.1938323975,63192,63202,10
12.9772500992,80.1937408447,63202,63212,10
12.9768695831,80.1935806274,63212,63222,10
12.9764204025,80.1932678223,63222,63232,10
12.9759502411,80.1929626465,63232,63242,10
12.975399971,80.1925964355,63242,63252,10
12.9747200012,80.1923370361,63252,63262,10
12.9742298126,80.1921005249,63262,63273,11
12.9735202789,80.1918563843,63273,63283,10
12.9730596542,80.1917037964,63283,63293,10
12.972990036,80.1916809082,63293,63303,10
12.9726104736,80.1915283203,63303,63313,10
12.9721097946,80.1913299561,63313,63333,20
12.9721097946,80.1913299561,63333,63343,10
12.9718503952,80.1912231445,63343,63353,10
12.9713497162,80.1909713745,63353,63363,10
12.9707803726,80.1906661987,63363,63374,11
12.9700202942,80.1903610229,63374,63384,10
12.969420433,80.1901016235,63384,63394,10
12.9690504074,80.1899414063,63394,63404,10
12.968580246,80.1897201538,63404,63414,10
12.9680299759,80.1894836426,63414,63454,40
12.9680299759,80.1894836426,63454,63464,10
12.9677000046,80.1893692017,63464,63474,10
12.9671001434,80.1891174316,63474,63485,11
12.9664201736,80.1888427734,63485,63495,10
12.9658203125,80.1885986328,63495,63505,10
12.9648199081,80.1882019043,63505,63525,20
12.9648199081,80.1882019043,63525,63535,10
12.9645204544,80.188079834,63535,63545,10
12.9639196396,80.1878890991,63545,63555,10
12.9632101059,80.1876831055,63555,63565,10
12.9624996185,80.1875228882,63565,63575,10
12.9617900848,80.1873779297,63575,63586,11
12.9611196518,80.1872787476,63586,63596,10
12.960650444,80.1872177124,63596,63636,40
12.960650444,80.1872177124,63636,63646,10
12.9604597092,80.1872024536,63646,63656,10
12.9601602554,80.1871490479,63656,63666,10
12.9599103928,80.1871185303,63666,63676,10
12.9595804214,80.1871109009,63676,63686,10
12.9591798782,80.1870727539,63686,63697,11
12.9585599899,80.1870269775,63697,63707,10
12.9579401016,80.1870498657,63707,63717,10
12.9572601318,80.1870498657,63717,63727,10
12.9566202164,80.18699646,63727,63737,10
12.9559497833,80.1869888306,63737,63808,71
12.9559497833,80.1869888306,63808,63818,10
12.9556798935,80.1869506836,63818,63828,10
12.9554004669,80.1868896484,63828,63838,10
12.9548196793,80.1868133545,63838,63848,10
12.9540700912,80.1866989136,63848,63858,10
12.9532403946,80.1865768433,63858,63868,10
12.952460289,80.186416626,63868,63878,10
12.9515399933,80.1861724854,63878,63888,10
12.9505996704,80.1858673096,63888,63898,10
12.9493398666,80.1854629517,63898,63959,61
12.9493398666,80.1854629517,63959,63969,10
12.949259758,80.1854171753,63969,63979,10
12.9489202499,80.1853103638,63979,63989,10
12.9486103058,80.1851882935,63989,63999,10
12.9481601715,80.1850509644,63999,64009,10
12.9476203918,80.1847763062,64009,64019,10
12.947019577,80.1843185425,64019,64030,11
12.9463596344,80.1837615967,64030,64040,10
12.9458198547,80.1834030151,64040,64050,10
12.9456396103,80.1832504272,64050,64060,10
12.9451799393,80.1831130981,64060,64070,10
12.9445695877,80.1830978394,64070,64080,10
12.9444904327,80.1830978394,64080,64090,10
12.9444303513,80.1830978394,64090,64100,10
12.944029808,80.1830596924,64100,64110,10
12.9433898926,80.1829986572,64110,64121,11
12.9425897598,80.1829833984,64121,64131,10
12.9417200089,80.1828613281,64131,64141,10
12.9408302307,80.1827774048,64141,64151,10
12.9401397705,80.1827468872,64151,64161,10
12.9394598007,80.1826171875,64161,64191,30
12.9394598007,80.1826171875,64191,64201,10
12.9393596649,80.1826019287,64201,64211,10
12.9389896393,80.1825180054,64211,64221,10
12.9387903214,80.1824264526,64221,64231,10
12.9384803772,80.1823806763,64231,64242,11
12.9377698898,80.1822967529,64242,64252,10
12.9369897842,80.1822967529,64252,64268,16
12.9355802536,80.1824417114,64268,64280,12
12.9345502853,80.1822967529,64280,64290,10
12.9336099625,80.1820678711,64290,64300,10
12.9327297211,80.1818618774,64300,64309,9
12.9318504333,80.1817169189,64309,64320,11
12.9307603836,80.1816101074,64320,64341,21
12.9307603836,80.1816101074,64341,64351,10
12.9303398132,80.181640625,64351,64361,10
12.9296398163,80.1818084717,64361,64371,10
12.9288396835,80.1819915771,64371,64381,10
12.9279098511,80.1821975708,64381,64391,10
12.9269695282,80.1824188232,64391,64401,10
12.9261798859,80.1825790405,64401,64411,10
12.9255895615,80.1827011108,64411,64421,10
12.9249601364,80.182800293,64421,64431,10
12.924249649,80.1829223633,64431,64441,10
12.9235401154,80.183052063,64441,64452,11
12.9228096008,80.1831817627,64452,64462,10
12.9221601486,80.1834030151,64462,64472,10
12.9215698242,80.1836395264,64472,64482,10
12.9209699631,80.183883667,64482,64502,20
12.9209699631,80.183883667,64502,64512,10
12.920800209,80.1839599609,64512,64522,10
12.9205102921,80.1840515137,64522,64532,10
12.9202098846,80.1839904785,64532,64542,10
12.9200897217,80.1834182739,64542,64553,11
12.9199399948,80.1827468872,64553,64563,10
12.9199199677,80.1827011108,64563,64573,10
12.9198799133,80.1825332642,64573,64583,10
12.9197797775,80.1820220947,64583,64593,10
12.9196300507,80.1813430786,64593,64603,10
12.9194698334,80.1805114746,64603,64613,10
12.9192495346,80.1796112061,64613,64623,10
12.9187602997,80.1788330078,64623,64633,10
12.9182300568,80.1780471802,64633,64643,10
12.918299675,80.1770095825,64643,64653,10
12.9184799194,80.1760177612,64653,64664,11
12.9187698364,80.1748886108,64664,64674,10
12.9190502167,80.1738128662,64674,64684,10
12.9193201065,80.1727600098,64684,64694,10
12.9195604324,80.1719436646,64694,64704,10
12.9197597504,80.1711196899,64704,64714,10
12.9198198318,80.1709136963,64714,64730,16
12.919960022,80.1704864502,64730,64742,12
12.9202604294,80.1695709229,64742,64752,10
12.9205503464,80.1686630249,64752,64762,10
12.9208602905,80.1676712036,64762,64773,11
12.9212303162,80.1665267944,64773,64783,10
12.9215698242,80.1654586792,64783,64793,10
12.9219303131,80.1643829346,64793,64803,10
12.9222402573,80.1633605957,64803,64813,10
12.9225196838,80.162437439,64813,64823,10
12.9228696823,80.1613693237,64823,64833,10
12.9230003357,80.1609420776,64833,64843,10
12.9230098724,80.1609191895,64843,64853,10
12.9230804443,80.1606369019,64853,64864,11
12.9232597351,80.1599502563,64864,64875,11
12.9233598709,80.1590118408,64875,64885,10
12.9234600067,80.1580734253,64885,64895,10
12.9235401154,80.1571884155,64895,64905,10
12.9236097336,80.1564102173,64905,64915,10
12.9235601425,80.155670166,64915,64924,9
12.9233999252,80.155090332,64924,64935,11
12.9232997894,80.1547927856,64935,64945,10
12.9232397079,80.154548645,64945,64955,10
12.9231004715,80.1539535522,64955,64965,10
12.9228801727,80.153137207,64965,64975,10
12.922659874,80.1520614624,64975,65036,61
12.922659874,80.1520614624,65036,65046,10
12.922659874,80.1516799927,65046,65056,10
12.9226503372,80.150932312,65056,65066,10
12.9226303101,80.1499862671,65066,65076,10
12.9225702286,80.14894104,65076,65087,11
12.9225502014,80.1478424072,65087,65097,10
12.922539711,80.1469497681,65097,65107,10
12.9225196838,80.1459884644,65107,65117,10
12.9224796295,80.1450424194,65117,65127,10
12.9224700928,80.1442108154,65127,65137,10
12.9224500656,80.1434020996,65137,65167,30
12.9224500656,80.1434020996,65167,65177,10
12.9224500656,80.1431884766,65177,65187,10
12.9224500656,80.1428527832,65187,65198,11
12.922419548,80.1424636841,65198,65208,10
12.9223899841,80.142036438,65208,65218,10
12.922369957,80.1417007446,65218,65228,10
12.922369957,80.1416625977,65228,65238,10
12.9223604202,80.1413192749,65238,65248,10
12.9223299026,80.1404876709,65248,65258,10
12.9223299026,80.1395492554,65258,65268,10
12.9223804474,80.1385498047,65268,65278,10
12.9224395752,80.1374816895,65278,65288,10
12.9224996567,80.1364593506,65288,65299,11
12.9225196838,80.1354064941,65299,65309,10
12.9225797653,80.1343612671,65309,65319,10
12.9226303101,80.1332168579,65319,65329,10
12.9226703644,80.1323165894,65329,65339,10
12.922659874,80.1314086914,65339,65349,10
12.9226703644,80.1312866211,65349,65359,10
12.9227199554,80.1308364868,65359,65369,10
12.9227695465,80.1301116943,65369,65379,10
12.9228096008,80.1293563843,65379,65389,10
12.9228601456,80.128692627,65389,65399,10
12.9228801727,80.1280822754,65399,65410,11
12.9228801727,80.1273193359,65410,65420,10
12.9229001999,80.1265487671,65420,65430,10
12.9229297638,80.1258392334,65430,65440,10
12.9229803085,80.1250762939,65440,65450,10
12.9230098724,80.1241073608,65450,65460,10
12.9230604172,80.1230392456,65460,65470,10
12.9231004715,80.1219177246,65470,65480,10
12.9231796265,80.1206817627,65480,65500,20
12.9231796265,80.1206817627,65500,65510,10
12.923210144,80.1205673218,65510,65521,11
12.9232196808,80.120552063,65521,65531,10
12.9232597351,80.120262146,65531,65541,10
12.9232902527,80.1196136475,65541,65551,10
12.9232997894,80.1190719604,65551,65561,10
12.9232997894,80.1184616089,65561,65571,10
12.9234199524,80.1176834106,65571,65581,10
12.923620224,80.116897583,65581,65611,30
12.923620224,80.116897583,65611,65622,11
12.9236497879,80.1169967651,65622,65632,10
12.9235897064,80.1172409058,65632,65642,10
12.9236602783,80.1177902222,65642,65652,10
12.9235601425,80.1183929443,65652,65662,10
12.9234695435,80.1192321777,65662,65672,10
12.9233903885,80.1200027466,65672,65682,10
12.9233798981,80.1201629639,65682,65691,9
12.9233398438,80.1204376221,65691,65702,11
12.9233102798,80.1208190918,65702,65712,10
12.9232702255,80.1211395264,65712,65722,10
12.923330307,80.1213378906,65722,66318,596
12.923330307,80.1213378906,66318,66328,10
12.9232797623,80.121711731,66328,66338,10
12.9232501984,80.1220932007,66338,66348,10
12.9232196808,80.1223373413,66348,66358,10
12.9231796265,80.1229171753,66358,66369,11
12.9231395721,80.1236572266,66369,66379,10
12.9231004715,80.1243286133,66379,66389,10
12.9230604172,80.1250686646,66389,66399,10
12.9230203629,80.1258621216,66399,66409,10
12.9230003357,80.1263427734,66409,66419,10
12.9229898453,80.1269073486,66419,66429,10
12.9229898453,80.1273422241,66429,66439,10
12.9229698181,80.1276626587,66439,66449,10
12.9229402542,80.1281814575,66449,66459,10
12.9229001999,80.128616333,66459,66469,10
12.9228401184,80.1291427612,66469,66480,11
12.9228096008,80.1297836304,66480,66490,10
12.9228000641,80.1303710938,66490,66500,10
12.9228096008,80.1310272217,66500,66510,10
12.9228000641,80.1312408447,66510,66520,10
12.9227695465,80.1315994263,66520,66530,10
12.922750473,80.1322097778,66530,66540,10
12.9227104187,80.1328811646,66540,66550,10
12.9226903915,80.1336212158,66550,66560,10
12.922659874,80.1344070435,66560,66570,10
12.9226102829,80.1352081299,66570,66581,11
12.9225797653,80.1360473633,66581,66591,10
12.9225301743,80.1368637085,66591,66601,10
12.9224996567,80.137588501,66601,66611,10
12.9224796295,80.1382980347,66611,66621,10
12.922419548,80.1390304565,66621,66631,10
12.922419548,80.1399078369,66631,66641,10
12.922419548,80.1408309937,66641,66651,10
12.9224500656,80.1416778564,66651,66661,10
12.9224596024,80.1423873901,66661,66671,10
12.9225502014,80.143447876,66671,66722,51
12.9225502014,80.143447876,66722,66732,10
12.922539711,80.143699646,66732,66742,10
12.9225502014,80.1440505981,66742,66752,10
12.9225702286,80.1447296143,66752,66762,10
12.9225997925,80.1456832886,66762,66772,10
12.9226303101,80.1466217041,66772,66782,10
12.922659874,80.147277832,66782,66792,10
12.9226703644,80.1473617554,66792,66803,11
12.9226799011,80.1474685669,66803,66813,10
12.9226903915,80.1476593018,66813,66823,10
12.922659874,80.1482086182,66823,66833,10
12.922659874,80.1490478516,66833,66843,10
12.9226999283,80.1500167847,66843,66859,16
12.9227600098,80.1516036987,66859,66871,12
12.9228897095,80.1526412964,66871,66881,10
12.9230604172,80.1533813477,66881,66891,10
12.923330307,80.1544113159,66891,66901,10
12.9234104156,80.1546783447,66901,66911,10
12.9234304428,80.1547927856,66911,66921,10
12.923500061,80.1551513672,66921,66932,11
12.9236698151,80.1558685303,66932,66941,9
12.9236698151,80.1566696167,66941,66952,11
12.9235801697,80.1575927734,66952,66962,10
12.923500061,80.158531189,66962,66973,11
12.9233903885,80.1595687866,66973,66983,10
12.923330307,80.1602630615,66983,66993,10
12.9232997894,80.1603775024,66993,67003,10
12.9232797623,80.1604614258,67003,67014,11
12.9230899811,80.1609725952,67014,67024,10
12.922829628,80.1617584229,67024,67034,10
12.922539711,80.1626434326,67034,67044,10
12.9222602844,80.1634979248,67044,67054,10
12.9220199585,80.1642379761,67054,67064,10
12.9217395782,80.1651687622,67064,67074,10
12.9214000702,80.1661605835,67074,67084,10
12.9210596085,80.1671676636,67084,67094,10
12.9207801819,80.168182373,67094,67104,10
12.9204797745,80.1691589355,67104,67115,11
12.9201402664,80.1702423096,67115,67125,10
12.9198799133,80.1711578369,67125,67145,20
12.9198799133,80.1711578369,67145,67155,10
12.9198598862,80.1712722778,67155,67165,10
12.9197797775,80.1714935303,67165,67175,10
12.9196100235,80.1720581055,67175,67185,10
12.9194202423,80.1728591919,67185,67195,10
12.9191799164,80.1736984253,67195,67205,10
12.9189395905,80.1745834351,67205,67215,10
12.9187202454,80.1755523682,67215,67226,11
12.9184503555,80.1765365601,67226,67236,10
12.9182901382,80.1774520874,67236,67246,10
12.9184799194,80.1784286499,67246,67256,10
12.9190998077,80.1792602539,67256,67266,10
12.9194602966,80.1802597046,67266,67276,10
12.9196796417,80.1813278198,67276,67286,10
12.9199304581,80.1824035645,67286,67296,10
12.9201498032,80.183380127,67296,67306,10
12.9203195572,80.1838989258,67306,67316,10
12.9203195572,80.1839065552,67316,67326,10
12.9203500748,80.1839675903,67326,67337,11
12.9204998016,80.18409729,67337,67347,10
12.92070961,80.1839981079,67347,67357,10
12.9212503433,80.1837768555,67357,67373,16
12.9223299026,80.1833496094,67373,67385,12
12.9231996536,80.1831283569,67385,67395,10
12.9239397049,80.1829833984,67395,67405,10
12.9246997833,80.1828613281,67405,67415,10
12.9254302979,80.1827163696,67415,67425,10
12.9259395599,80.1826477051,67425,67435,10
12.9265604019,80.1825332642,67435,67446,11
12.9273996353,80.1823501587,67446,67457,11
12.9282903671,80.1821365356,67457,67468,11
12.9290599823,80.181968689,67468,67479,11
12.9299001694,80.1817626953,67479,67491,12
12.9314603806,80.1816101074,67491,67511,20
12.9314603806,80.1816101074,67511,67520,9
12.9316196442,80.1816635132,67520,67531,11
12.9321403503,80.1817398071,67531,67542,11
12.9328804016,80.1818771362,67542,67552,10
12.9336500168,80.1820678711,67552,67562,10
12.934419632,80.1822662354,67562,67572,10
12.9351797104,80.1824493408,67572,67582,10
12.9359102249,80.1824035645,67582,67592,10
12.9366598129,80.1823120117,67592,67602,10
12.937210083,80.1822891235,67602,67612,10
12.9378595352,80.1822891235,67612,67622,10
12.9388198853,80.1823577881,67622,67642,20
12.9388198853,80.1823577881,67642,67653,11
12.9389696121,80.1823806763,67653,67663,10
12.9391403198,80.1824417114,67663,67673,10
12.9393997192,80.1825714111,67673,67683,10
12.9398202896,80.1826934814,67683,67693,10
12.940369606,80.1827774048,67693,67703,10
12.9408597946,80.182800293,67703,67713,10
12.9415302277,80.1828308105,67713,67723,10
12.9422998428,80.1829299927,67723,67733,10
12.9430799484,80.1829910278,67733,67743,10
12.9438400269,80.1830291748,67743,67754,11
12.944560051,80.183052063,67754,67764,10
12.944609642,80.1830596924,67764,67774,10
12.9449596405,80.1830673218,67774,67784,10
12.9455795288,80.1831512451,67784,67794,10
12.9461202621,80.1835708618,67794,67804,10
12.9467496872,80.1840591431,67804,67814,10
12.9473695755,80.1845703125,67814,67824,10
12.9479999542,80.1849975586,67824,67834,10
12.9487495422,80.185218811,67834,67885,51
12.9487495422,80.185218811,67885,67895,10
12.9488601685,80.1852416992,67895,67905,10
12.9491996765,80.1853713989,67905,67915,10
12.9497003555,80.185546875,67915,67925,10
12.9502696991,80.1857299805,67925,67935,10
12.9509401321,80.1859588623,67935,67945,10
12.9516296387,80.1862030029,67945,67955,10
12.9524002075,80.186416626,67955,67966,11
12.953209877,80.1865692139,67966,67976,10
12.9538602829,80.1866607666,67976,67986,10
12.9544696808,80.1867370605,67986,67996,10
12.9550600052,80.1868209839,67996,68006,10
12.9554796219,80.186882019,68006,68016,10
12.9559402466,80.1869735718,68016,68046,30
12.9559402466,80.1869735718,68046,68056,10
12.9560899734,80.1869735718,68056,68066,10
12.9564800262,80.1870193481,68066,68077,11
12.9570999146,80.1870803833,68077,68087,10
12.9576702118,80.1870880127,68087,68097,10
12.958319664,80.1870803833,68097,68107,10
12.9589195251,80.1871032715,68107,68117,10
12.9594297409,80.1871414185,68117,68127,10
12.9598999023,80.1871871948,68127,68137,10
12.9602603912,80.187210083,68137,68147,10
12.9607095718,80.18724823,68147,68157,10
12.9610795975,80.1873016357,68157,68167,10
12.9614496231,80.1873626709,68167,68178,11
12.9616603851,80.1873779297,68178,68188,10
12.9621696472,80.1874923706,68188,68198,10
12.9626998901,80.1875991821,68198,68208,10
12.9632701874,80.1877212524,68208,68218,10
12.9637403488,80.187828064,68218,68228,10
12.9642496109,80.1880111694,68228,68238,10
12.9647502899,80.1881866455,68238,68248,10
12.9648895264,80.1882400513,68248,68258,10
12.9651002884,80.1883163452,68258,68268,10
12.9653196335,80.1884231567,68268,68289,21
12.9653196335,80.1884231567,68289,68299,10
12.9656000137,80.1885375977,68299,68309,10
12.9659204483,80.1886825562,68309,68319,10
12.9660196304,80.1887283325,68319,68329,10
12.9663000107,80.1888427734,68329,68339,10
12.9667396545,80.1890029907,68339,68349,10
12.9672403336,80.189201355,68349,68359,10
12.9681596756,80.1895980835,68359,68379,20
12.9681596756,80.1895980835,68379,68390,11
12.9683704376,80.1896972656,68390,68400,10
12.9688796997,80.1899414063,68400,68410,10
12.9692497253,80.1901397705,68410,68420,10
12.9695997238,80.1903076172,68420,68430,10
12.9699897766,80.1904983521,68430,68446,16
12.9703397751,80.1906661987,68446,68458,12
12.9706001282,80.1907501221,68458,68466,8
12.9707403183,80.1908111572,68466,68478,12
12.9710998535,80.1909713745,68478,68488,10
12.9715299606,80.1911621094,68488,68499,11
12.9721298218,80.1914215088,68499,68509,10
12.9725399017,80.1915817261,68509,68529,20
12.9725399017,80.1915817261,68529,68539,10
12.9727697372,80.1916732788,68539,68548,9
12.9731397629,80.1917877197,68548,68559,11
12.9736003876,80.1919631958,68559,68569,10
12.9740695953,80.1921234131,68569,68579,10
12.9746198654,80.1923522949,68579,68589,10
12.9751300812,80.1925506592,68589,68600,11
12.9755601883,80.192741394,68600,68609,9
12.9759702682,80.193031311,68609,68620,11
12.9762802124,80.1932678223,68620,68630,10
12.9767398834,80.1935806274,68630,68640,10
12.9773197174,80.1938171387,68640,68650,10
12.97797966,80.1939468384,68650,68670,20
12.97797966,80.1939468384,68670,68680,10
12.978099823,80.1939697266,68680,68690,10
12.9785604477,80.1940917969,68690,68700,10
12.9790802002,80.1943283081,68700,68711,11
12.9796199799,80.1946868896,68711,68721,10
12.9801397324,80.1950378418,68721,68731,10
12.9806900024,80.1953277588,68731,68741,10
12.9809503555,80.1954574585,68741,68751,10
12.9810199738,80.1955108643,68751,68761,10
12.9812202454,80.1956176758,68761,68771,10
12.9815397263,80.1957702637,68771,68781,10
12.9819202423,80.1959915161,68781,68791,10
12.9822998047,80.196182251,68791,68801,10
12.9827604294,80.1964035034,68801,68812,11
12.9830503464,80.1964035034,68812,68822,10
12.9834403992,80.1961975098,68822,68832,10
12.9840898514,80.1960525513,68832,68842,10
12.9849796295,80.1960372925,68842,68852,10
12.9859800339,80.1959609985,68852,68862,10
12.9869203568,80.1956787109,68862,68872,10
12.9876899719,80.1954803467,68872,68882,10
12.9885396957,80.1954574585,68882,68892,10
12.9894504547,80.1955032349,68892,68902,10
12.9904003143,80.1953964233,68902,68912,10
12.9909095764,80.1949615479,68912,68923,11
12.9911003113,80.1946563721,68923,68933,10
12.991109848,80.1946563721,68933,68943,10
12.9912700653,80.1943969727,68943,68953,10
12.9916496277,80.1938171387,68953,68963,10
12.9923200607,80.1934432983,68963,68973,10
12.9933204651,80.1934509277,68973,68983,10
12.9942502975,80.1934280396,68983,68993,10
12.9949798584,80.1934204102,68993,69003,10
12.9956302643,80.1934204102,69003,69013,10
12.9963703156,80.1933822632,69013,69023,10
12.9967298508,80.1933288574,69023,69034,11
12.9966802597,80.1928787231,69034,69044,10
12.9965295792,80.1922531128,69044,69054,10
12.9963102341,80.1914978027,69054,69064,10
12.9961299896,80.1908111572,69064,69074,10
12.9959497452,80.1902008057,69074,69124,50
12.9959497452,80.1902008057,69124,69135,11
12.9958896637,80.1898269653,69135,69145,10
12.9959402084,80.1894302368,69145,69155,10
12.996219635,80.1894989014,69155,69165,10
12.9966001511,80.1899719238,69165,69175,10
12.997130394,80.1905670166,69175,69185,10
12.9976596832,80.1912612915,69185,69195,10
12.9982299805,80.1919631958,69195,69205,10
12.9988203049,80.1926727295,69205,69215,10
12.9993801117,80.1933898926,69215,69225,10
12.9999399185,80.194152832,69225,69235,10
13.0005598068,80.1949234009,69235,69246,11
13.0012702942,80.1958007813,69246,69256,10
13.0017995834,80.1964874268,69256,69265,9
13.0021600723,80.197303772,69265,69276,11
13.0020103455,80.1983032227,69276,69286,10
13.0018796921,80.1989898682,69286,69296,10
13.001830101,80.1994018555,69296,69306,10
13.0019302368,80.200012207,69306,69316,10
13.0024299622,80.2005767822,69316,69326,10
13.0036401749,80.2008895874,69326,69347,21
13.0036401749,80.2008895874,69347,69357,10
13.0037002563,80.200920105,69357,69367,10
13.0039596558,80.2010421753,69367,69377,10
13.0045604706,80.2012405396,69377,69387,10
13.0052995682,80.2016372681,69387,69397,10
13.0058603287,80.2023391724,69397,69407,10
13.0062904358,80.2030792236,69407,69417,10
13.0069198608,80.2035522461,69417,69427,10
13.0076599121,80.2037963867,69427,69437,10
13.0083799362,80.2035827637,69437,69447,10
13.0079402924,80.2029037476,69447,69458,11
13.0075702667,80.2037811279,69458,69468,10
13.0076303482,80.2047805786,69468,69478,10
13.0076704025,80.2058563232,69478,69488,10
13.0078201294,80.206817627,69488,69498,10
13.0079298019,80.2077789307,69498,69508,10
13.0080299377,80.208656311,69508,69518,10
13.0082101822,80.2096176147,69518,69528,10
13.0085296631,80.2104034424,69528,69538,10
13.0089502335,80.2107620239,69538,69569,31
13.0091600418,80.2108306885,69569,69629,60
13.0091600418,80.2108306885,69629,69639,10
13.0093603134,80.2111282349,69639,69649,10
13.0092096329,80.2113418579,69649,69659,10
13.0090198517,80.2117004395,69659,69670,11
13.0091600418,80.2121963501,69670,69680,10
13.0092897415,80.2126617432,69680,69690,10
13.0094995499,80.213218689,69690,69700,10
13.009759903,80.2138595581,69700,69710,10
13.010020256,80.2145080566,69710,69720,10
13.0101699829,80.2151870728,69720,69730,10
13.0102996826,80.2159423828,69730,69740,10
13.0106601715,80.2167434692,69740,69750,10
13.011059761,80.2176132202,69750,69760,10
13.0114202499,80.2184677124,69760,69770,10
13.0117197037,80.219367981,69770,69781,11
13.0120801926,80.2204284668,69781,69791,10
13.0123796463,80.2212982178,69791,69807,16
13.012960434,80.2220993042,69807,69819,12
13.0135297775,80.2228012085,69819,69829,10
13.0139799118,80.2233810425,69829,69838,9
13.014289856,80.2237472534,69838,69848,10
13.0145397186,80.224067688,69848,69859,11
13.0153999329,80.2249832153,69859,69900,41
13.0153999329,80.2249832153,69900,69910,10
13.0156002045,80.2251205444,69910,69920,10
13.0158901215,80.2253799438,69920,69930,10
13.0164499283,80.225402832,69930,69940,10
13.0171804428,80.2251281738,69940,69950,10
13.017999649,80.2248001099,69950,69960,10
13.018819809,80.2244796753,69960,69969,9
13.019490242,80.2245101929,69969,69980,11
13.0199804306,80.2248077393,69980,69991,11
13.0204601288,80.2251815796,69991,70001,10
13.020939827,80.2254867554,70001,70011,10
13.0213098526,80.2257919312,70011,70021,10
13.0219297409,80.2262191772,70021,70041,20
13.0219297409,80.2262191772,70041,70051,10
13.0220403671,80.2263336182,70051,70061,10
13.0224599838,80.2267227173,70061,70071,10
13.0229902267,80.2271499634,70071,70081,10
13.023440361,80.2276000977,70081,70092,11
13.0240001678,80.2281799316,70092,70102,10
13.0242395401,80.2284622192,70102,70112,10
13.0244598389,80.228729248,70112,70122,10
13.0248003006,80.2292175293,70122,70132,10
13.0252799988,80.229850769,70132,70142,10
13.0257701874,80.2305908203,70142,70152,10
13.0260095596,80.2312774658,70152,70161,9
13.0262002945,80.2314224243,70161,70172,11
13.0267601013,80.231262207,70172,70182,10
13.0275096893,80.231086731,70182,70192,10
13.0281000137,80.2310180664,70192,70203,11
13.0282201767,80.2310180664,70203,70213,10
13.0290298462,80.2309417725,70213,70344,131
13.0290298462,80.2309417725,70344,70354,10
13.0291204453,80.2309875488,70354,70364,10
13.0293998718,80.2309494019,70364,70374,10
13.0299501419,80.2308731079,70374,70415,41
13.0299501419,80.2308731079,70415,70425,10
13.0301704407,80.2308273315,70425,70435,10
13.0304803848,80.230796814,70435,70445,10
13.0309000015,80.230758667,70445,70455,10
13.0317001343,80.23072052,70455,70475,20
13.0317001343,80.23072052,70475,70485,10
13.0319404602,80.23072052,70485,70495,10
13.0323495865,80.230682373,70495,70505,10
13.0328798294,80.2306365967,70505,70516,11
13.0333003998,80.2306213379,70516,70526,10
13.0335197449,80.2305984497,70526,70637,111
13.0335197449,80.2305984497,70637,70647,10
13.0337600708,80.2305984497,70647,70657,10
13.0341396332,80.2305603027,70657,70667,10
13.0343704224,80.2304916382,70667,70717,50
13.0343704224,80.2304916382,70717,70728,11
13.034620285,80.2304077148,70728,70768,40
13.034620285,80.2304077148,70768,70778,10
13.0348596573,80.2302932739,70778,70788,10
13.0348796844,80.230140686,70788,70798,10
13.0347299576,80.2300186157,70798,70970,172
13.0343704224,80.2299880981,70970,71454,484
13.0341596603,80.2303009033,71454,71475,21
13.0341596603,80.2303009033,71475,71485,10
13.0339803696,80.2305297852,71485,71505,20
13.0339803696,80.2305297852,71505,71515,10
13.0334997177,80.230506897,71515,71525,10
13.0329799652,80.2305984497,71525,71535,10
13.0324001312,80.2306365967,71535,71545,10
13.0318498611,80.23072052,71545,71561,16
13.0310096741,80.2307434082,71561,71685,124
13.0310096741,80.2307434082,71685,71695,10
13.0306797028,80.2307815552,71695,71705,10
13.0304498672,80.230796814,71705,71715,10
13.0300703049,80.2308425903,71715,71716,1
13.0300397873,80.2308273315,71716,71755,39
13.0284795761,80.2309875488,71755,71765,10
13.0278997421,80.2310180664,71765,71775,10
13.0276203156,80.2312316895,71775,71785,10
13.0276603699,80.2318191528,71785,71796,11
13.027759552,80.232460022,71796,71806,10
13.0277004242,80.2328567505,71806,71816,10
13.0273399353,80.2329177856,71816,71826,10
13.0270700455,80.233001709,71826,71836,10
13.0268201828,80.2330169678,71836,71853,17
13.0262098312,80.2326126099,71853,71863,10
13.026049614,80.2320632935,71863,71873,10
13.0258798599,80.2314224243,71873,71883,10
13.0256004333,80.2306671143,71883,71893,10
13.0253200531,80.23021698,71893,71904,11
13.0251302719,80.2299423218,71904,71954,50
13.0251302719,80.2299423218,71954,71964,10
13.0249795914,80.2297134399,71964,71974,10
13.0248403549,80.2294998169,71974,71984,10
13.0245504379,80.2291412354,71984,71994,10
13.0243396759,80.2288284302,71994,72005,11
13.0239601135,80.228302002,72005,72015,10
13.0234603882,80.2277603149,72015,72025,10
13.0231599808,80.2275466919,72025,72035,10
13.0229902267,80.2274169922,72035,72045,10
13.0229701996,80.2274169922,72045,72055,10
13.0228395462,80.2273483276,72055,72065,10
13.0225696564,80.2270202637,72065,72075,10
13.0224199295,80.2268295288,72075,72085,10
13.0222101212,80.2266235352,72085,72095,10
13.0218000412,80.2262496948,72095,72105,10
13.0214996338,80.2260284424,72105,72116,11
13.021229744,80.2258071899,72116,72126,10
13.0208301544,80.2254562378,72126,72136,10
13.0201797485,80.2250823975,72136,72146,10
13.019490242,80.2246322632,72146,72156,10
13.0185899734,80.2245788574,72156,72166,10
13.0177497864,80.224937439,72166,72176,10
13.0169401169,80.2252883911,72176,72186,10
13.0163602829,80.2255172729,72186,72196,10
13.0159301758,80.2256622314,72196,72206,10
13.0153198242,80.2258834839,72206,72217,11
13.0146398544,80.2261199951,72217,72227,10
13.0145998001,80.2261428833,72227,72237,10
13.0144100189,80.2262268066,72237,72247,10
13.0139198303,80.2264099121,72247,72257,10
13.0133600235,80.226600647,72257,72267,10
13.0126800537,80.226852417,72267,72277,10
13.0119400024,80.2271270752,72277,72287,10
13.0110902786,80.2275009155,72287,72297,10
13.0102596283,80.2278366089,72297,72307,10
13.0095901489,80.2279510498,72307,72317,10
13.0094995499,80.2274932861,72317,72328,11
13.0098199844,80.2268066406,72328,72338,10
13.0101299286,80.2261581421,72338,72348,10
13.0103702545,80.2256317139,72348,72358,10
13.0105495453,80.2252731323,72358,72368,10
13.0106801987,80.2249832153,72368,72378,10
13.0107698441,80.2247009277,72378,72388,10
13.0109901428,80.2241592407,72388,72398,10
13.011179924,80.2235336304,72398,72429,31
13.011179924,80.2235336304,72429,72439,10
13.0114603043,80.2230606079,72439,72449,10
13.0116500854,80.2223510742,72449,72459,10
13.0118999481,80.2215423584,72459,72469,10
13.0120601654,80.2210235596,72469,72479,10
13.0117998123,80.2202835083,72479,72489,10
13.0115604401,80.2195205688,72489,72499,10
13.0111198425,80.2182998657,72499,72509,10
13.0108604431,80.2175521851,72509,72519,10
13.0106801987,80.2171096802,72519,72529,10
13.0104598999,80.2166366577,72529,72540,11
13.0102596283,80.2162475586,72540,72550,10
13.010020256,80.2158432007,72550,72560,10
13.0097799301,80.2153396606,72560,72570,10
13.009519577,80.2149581909,72570,72580,10
13.0092201233,80.2145614624,72580,72590,10
13.0088500977,80.214050293,72590,72600,10
13.0086402893,80.2137680054,72600,72610,10
13.008480072,80.2136001587,72610,72620,10
13.0082597733,80.2134475708,72620,72640,20
13.0082597733,80.2134475708,72640,72651,11
13.0081796646,80.2133789063,72651,72661,10
13.0080003738,80.2132873535,72661,72671,10
13.0078802109,80.213218689,72671,72681,10
13.0076999664,80.2130584717,72681,72691,10
13.0074100494,80.2129135132,72691,72701,10
13.007060051,80.2127990723,72701,72711,10
13.006649971,80.2127685547,72711,72721,10
13.0061397552,80.212890625,72721,72731,10
13.0056200027,80.2129898071,72731,72741,10
13.0050401688,80.212600708,72741,72752,11
13.0046596527,80.212348938,72752,72762,10
13.0040197372,80.2121276855,72762,72772,10
13.0036401749,80.2118530273,72772,72782,10
13.0036201477,80.2113418579,72782,72792,10
13.0035495758,80.2106933594,72792,72802,10
13.0034704208,80.2100219727,72802,72812,10
13.0035200119,80.2092971802,72812,72822,10
13.0038299561,80.2086791992,72822,72832,10
13.0045604706,80.2089614868,72832,72842,10
13.0052700043,80.2092666626,72842,72852,10
13.0058002472,80.2094802856,72852,72863,11
13.0061397552,80.2095794678,72863,72873,10
13.0064601898,80.2096862793,72873,72883,10
13.0066099167,80.2097396851,72883,72893,10
13.0067996979,80.209777832,72893,72903,10
13.0072002411,80.2098770142,72903,72913,10
13.0077896118,80.2099609375,72913,72923,10
13.0080099106,80.2099990845,72923,72933,10
13.0081396103,80.2098007202,72933,72943,10
13.0079898834,80.2091903687,72943,72953,10
13.0078296661,80.2083587646,72953,72964,11
13.0076799393,80.2074584961,72964,72974,10
13.0075302124,80.2066574097,72974,72984,10
13.0074195862,80.2059707642,72984,72994,10
13.0072202682,80.2053375244,72994,73004,10
13.0070695877,80.2050018311,73004,73014,10
13.007060051,80.2049865723,73014,73024,10
13.0068902969,80.2046432495,73024,73034,10
13.0067195892,80.2042388916,73034,73044,10
13.0064897537,80.2038269043,73044,73054,10
13.0063400269,80.20362854,73054,73064,10
13.0062503815,80.2034683228,73064,73075,11
13.0060901642,80.2032623291,73075,73085,10
13.0059204102,80.2030410767,73085,73095,10
13.0058803558,80.2029876709,73095,73105,10
13.0058298111,80.2028808594,73105,73115,10
13.0056600571,80.2025680542,73115,73125,10
13.0054397583,80.2020568848,73125,73135,10
13.0048999786,80.2015533447,73135,73145,10
13.0043802261,80.2013320923,73145,73165,20
13.0043802261,80.2013320923,73165,73176,11
13.0042495728,80.2012863159,73176,73186,10
13.0041503906,80.2012634277,73186,73196,10
13.0040502548,80.2012023926,73196,73206,10
13.0037002563,80.2010421753,73206,73216,10
13.0031900406,80.2008895874,73216,73226,10
13.0024900436,80.200668335,73226,73236,10
13.0019903183,80.200340271,73236,73246,10
13.0017499924,80.1999816895,73246,73256,10
13.0016202927,80.1996765137,73256,73266,10
13.0015802383,80.1993103027,73266,73276,10
13.0016803741,80.1986999512,73276,73287,11
13.0018196106,80.1978378296,73287,73297,10
13.0018196106,80.1970367432,73297,73307,10
13.001449585,80.1963729858,73307,73317,10
13.0009403229,80.1956634521,73317,73327,10
13.0003204346,80.1948471069,73327,73337,10
12.9997196198,80.1940536499,73337,73347,10
12.9992599487,80.1934814453,73347,73357,10
12.9990501404,80.1931762695,73357,73367,10
12.9986600876,80.1926727295,73367,73377,10
12.9982004166,80.1923217773,73377,73388,11
12.9975996017,80.1928024292,73388,73398,10
12.9969797134,80.1932830811,73398,73408,10
12.9966802597,80.1934509277,73408,73418,10
12.9960699081,80.1934204102,73418,73428,10
12.9952402115,80.1934204102,73428,73438,10
12.9942903519,80.1934432983,73438,73448,10
12.9933099747,80.1934585571,73448,73458,10
12.9923801422,80.1934509277,73458,73468,10
12.9916200638,80.1938476563,73468,73478,10
12.9912700653,80.1943664551,73478,73488,10
12.9911499023,80.1946487427,73488,73499,11
12.9911203384,80.1947021484,73499,73509,10
12.9909095764,80.1949920654,73509,73519,10
12.9904403687,80.1954269409,73519,73529,10
12.9896697998,80.1955413818,73529,73539,10
12.9887599945,80.1955032349,73539,73549,10
12.9878702164,80.1955032349,73549,73559,10
12.9869098663,80.1958236694,73559,73569,10
12.9859104156,80.1961517334,73569,73579,10
12.9848203659,80.1962127686,73579,73589,10
12.9837799072,80.1962585449,73589,73600,11
12.9832296371,80.1964492798,73600,73610,10
12.9829397202,80.1965789795,73610,73620,10
12.982509613,80.1968917847,73620,73630,10
12.9822301865,80.1971664429,73630,73640,10
12.982049942,80.197052002,73640,73690,50
12.982049942,80.197052002,73690,73700,10
12.9822502136,80.1967926025,73700,73711,11
12.9826803207,80.1965026855,73711,73721,10
12.9825897217,80.1962738037,73721,73737,16
12.9819402695,80.1959533691,73737,73749,12
12.981590271,80.1957626343,73749,73759,10
12.9815597534,80.1957397461,73759,73769,10
12.9813699722,80.1956481934,73769,73779,10
12.9809703827,80.1954498291,73779,73789,10
12.980389595,80.1951599121,73789,73799,10
12.97976017,80.19480896,73799,73809,10
12.9791603088,80.1943969727,73809,73820,11
12.9784498215,80.1940231323,73820,73830,10
12.9777498245,80.1938705444,73830,73840,10
12.977519989,80.1938400269,73840,73850,10
12.9773797989,80.1938095093,73850,73860,10
12.9768800735,80.1936264038,73860,73870,10
12.9763803482,80.1932983398,73870,73880,10
12.9759302139,80.1929626465,73880,73890,10
12.9753904343,80.1926269531,73890,73900,10
12.9748497009,80.1923980713,73900,73910,10
12.9743995667,80.1922225952,73910,73921,11
12.9738903046,80.1920394897,73921,73931,10
12.9734601974,80.1919021606,73931,73941,10
12.9730501175,80.1917266846,73941,73951,10
12.9726800919,80.1915969849,73951,73961,10
12.972240448,80.1914215088,73961,73971,10
12.9721002579,80.1913528442,73971,73981,10
12.9719696045,80.1912918091,73981,73991,10
12.971739769,80.1911773682,73991,74001,10
12.9713497162,80.1910171509,74001,74011,10
12.9709396362,80.1908416748,74011,74021,10
12.9704904556,80.1906814575,74021,74032,11
12.9700098038,80.1904525757,74032,74042,10
12.9694795609,80.1902084351,74042,74052,10
12.9691696167,80.1900482178,74052,74062,10
12.9687700272,80.1898574829,74062,74078,16
12.9679899216,80.189491272,74078,74090,12
12.967880249,80.189453125,74090,74100,10
12.9673900604,80.1892471313,74100,74110,10
12.9668102264,80.1890411377,74110,74120,10
12.9663200378,80.1888198853,74120,74131,11
12.965669632,80.1885528564,74131,74141,10
12.9648895264,80.1882171631,74141,74191,50
12.9648895264,80.1882171631,74191,74201,10
12.964679718,80.1881713867,74201,74211,10
12.9644498825,80.188079834,74211,74221,10
12.9640598297,80.1879730225,74221,74232,11
12.9634799957,80.1877670288,74232,74242,10
12.9629201889,80.1876296997,74242,74252,10
12.9623003006,80.1875,74252,74262,10
12.9616098404,80.1873779297,74262,74272,10
12.9609498978,80.1872787476,74272,74282,10
12.9606599808,80.1872406006,74282,74292,10
12.9606103897,80.1872406006,74292,74302,10
12.9603700638,80.1872024536,74302,74312,10
12.9599504471,80.1871414185,74312,74322,10
12.9594202042,80.1870880127,74322,74332,10
12.9587697983,80.1870574951,74332,74343,11
12.9581203461,80.1870422363,74343,74353,10
12.9574699402,80.1870727539,74353,74363,10
12.9568901062,80.1870422363,74363,74373,10
12.9562702179,80.1869888306,74373,74383,10
12.9556703568,80.1869430542,74383,74454,71
12.9556703568,80.1869430542,74454,74464,10
12.9552898407,80.1868515015,74464,74474,10
12.9546804428,80.1867675781,74474,74484,10
12.9539203644,80.1866607666,74484,74494,10
12.9531698227,80.1865463257,74494,74504,10
12.9523601532,80.1863937378,74504,74514,10
12.9514904022,80.1861419678,74514,74524,10
12.9505701065,80.185836792,74524,74534,10
12.9496002197,80.1855316162,74534,74544,10
12.9486598969,80.185218811,74544,74555,11
12.9478902817,80.1849517822,74555,74565,10
12.9471597672,80.1844406128,74565,74575,10
12.9465103149,80.1839370728,74575,74585,10
12.9457502365,80.1833267212,74585,74595,10
12.9449901581,80.1830673218,74595,74606,11
12.944439888,80.1830825806,74606,74616,10
12.9444303513,80.1830825806,74616,74625,9
12.9440698624,80.1830673218,74625,74635,10
12.9435796738,80.1830062866,74635,74646,11
12.9429597855,80.1829986572,74646,74656,10
12.9422101974,80.1829299927,74656,74667,11
12.9413003922,80.1828308105,74667,74677,10
12.9406404495,80.182800293,74677,74687,10
12.940580368,80.182800293,74687,74697,10
12.9403600693,80.182800293,74697,74717,20
12.9403600693,80.182800293,74717,74727,10
12.9402303696,80.1827926636,74727,74737,10
12.9401102066,80.182762146,74737,74747,10
12.9400100708,80.1827392578,74747,74757,10
12.9398403168,80.1827087402,74757,74788,31
12.9398403168,80.1827087402,74788,74798,10
12.9396800995,80.1826629639,74798,74808,10
12.9394397736,80.1826095581,74808,74858,50
12.9394397736,80.1826095581,74858,74868,10
12.939040184,80.1825332642,74868,74879,11
12.9388799667,80.1824874878,74879,74889,10
12.9384803772,80.1823806763,74889,74899,10
12.9378404617,80.1822967529,74899,74909,10
12.9371204376,80.1822891235,74909,74919,10
12.9364204407,80.1823196411,74919,74929,10
12.9356899261,80.1824035645,74929,74939,10
12.9350500107,80.1824188232,74939,74949,10
12.9342899323,80.182258606,74949,74959,10
12.9334402084,80.1820526123,74959,74969,10
12.932559967,80.1818389893,74969,74980,11
12.9315595627,80.181678772,74980,74990,10
12.9308395386,80.1816101074,74990,75000,10
12.9307804108,80.181602478,75000,75010,10
12.9304103851,80.1816329956,75010,75020,10
12.9297103882,80.1817779541,75020,75030,10
12.9288702011,80.1819915771,75030,75040,10
12.9279403687,80.1822128296,75040,75050,10
12.9271402359,80.1823806763,75050,75060,10
12.9264497757,80.1825180054,75060,75070,10
12.9256401062,80.1826477051,75070,75080,10
12.9247503281,80.182800293,75080,75091,11
12.923740387,80.1829833984,75091,75101,10
12.9230203629,80.1831283569,75101,75111,10
12.922249794,80.1833190918,75111,75121,10
12.921620369,80.1835708618,75121,75131,10
12.9213600159,80.1836776733,75131,75141,10
12.9209804535,80.1838531494,75141,75181,40
12.9209804535,80.1838531494,75181,75192,11
12.9207201004,80.1839828491,75192,75202,10
12.9202203751,80.1840591431,75202,75212,10
12.9200601578,80.1834411621,75212,75222,10
12.9198799133,80.1827163696,75222,75232,10
12.9198503494,80.1825866699,75232,75242,10
12.9198198318,80.1824569702,75242,75252,10
12.9197397232,80.1820678711,75252,75262,10
12.9195804596,80.1813735962,75262,75272,10
12.9194002151,80.1804962158,75272,75282,10
12.9191904068,80.1795806885,75282,75292,10
12.9188404083,80.1789627075,75292,75303,11
12.9182701111,80.1781616211,75303,75313,10
12.9181900024,80.177230835,75313,75323,10
12.9183797836,80.1762619019,75323,75333,10
12.9186401367,80.1752624512,75333,75343,10
12.9189195633,80.174118042,75343,75353,10
12.9191904068,80.1730194092,75353,75363,10
12.9194297791,80.1720962524,75363,75373,10
12.9196796417,80.1712036133,75373,75383,10
12.9197502136,80.1709365845,75383,75393,10
12.9199399948,80.1703796387,75393,75404,11
12.9202404022,80.1694412231,75404,75414,10
12.9205598831,80.1684570313,75414,75424,10
12.9207801819,80.1677627563,75424,75434,10
12.9210195541,80.1669921875,75434,75444,10
12.9213399887,80.1660385132,75444,75454,10
12.9216604233,80.1650390625,75454,75464,10
12.9219703674,80.1640167236,75464,75474,10
12.9223003387,80.162979126,75474,75484,10
12.9225502014,80.1621627808,75484,75494,10
12.9228200912,80.1613311768,75494,75504,10
12.92304039,80.1605911255,75504,75515,11
12.9231004715,80.1603775024,75515,75525,10
12.9232301712,80.1598129272,75525,75535,10
12.923330307,80.1589584351,75535,75545,10
12.9234304428,80.1580276489,75545,75555,10
12.9235200882,80.1569976807,75555,75565,10
12.9236001968,80.1560592651,75565,75575,10
12.9233703613,80.1551818848,75575,75585,10
12.9232902527,80.1548614502,75585,75595,10
12.9232397079,80.1546020508,75595,75605,10
12.9230899811,80.1539382935,75605,75616,11
12.9228496552,80.1529769897,75616,75625,9
12.922659874,80.1522064209,75625,75636,11
12.9226198196,80.1516571045,75636,75646,10
12.9225997925,80.1509475708,75646,75656,10
12.9225797653,80.1499786377,75656,75666,10
12.9225301743,80.148979187,75666,75676,10
12.9225101471,80.1482620239,75676,75686,10
12.9224996567,80.1478424072,75686,75696,10
12.9224796295,80.1475906372,75696,75706,10
12.9224996567,80.1472625732,75706,75716,10
12.9224901199,80.1465988159,75716,75727,11
12.9224596024,80.1457290649,75727,75737,10
12.9224300385,80.1448669434,75737,75747,10
12.9224100113,80.14402771,75747,75757,10
12.9223899841,80.1435165405,75757,75797,40
12.9223899841,80.1435165405,75797,75807,10
12.9223899841,80.1433563232,75807,75817,10
12.9223804474,80.1429595947,75817,75828,11
12.9223604202,80.1424865723,75828,75838,10
12.9223403931,80.1420288086,75838,75858,20
12.9223403931,80.1420288086,75858,75868,10
12.9223299026,80.1417770386,75868,75878,10
12.9223203659,80.1412734985,75878,75888,10
12.9223098755,80.1406784058,75888,75898,10
12.9223098755,80.1405487061,75898,75908,10
12.9223003387,80.1401596069,75908,75918,10
12.9223003387,80.139503479,75918,75928,10
12.9223203659,80.1387405396,75928,75939,11
12.9223804474,80.1378479004,75939,75949,10
12.922419548,80.1369476318,75949,75959,10
12.9224596024,80.1360778809,75959,75969,10
12.9224901199,80.1351318359,75969,75979,10
12.922539711,80.1341400146,75979,75989,10
12.9225797653,80.133140564,75989,75999,10
12.9225997925,80.1323013306,75999,76009,10
12.9226198196,80.1313705444,76009,76019,10
12.9226303101,80.1311721802,76019,76029,10
12.9226503372,80.1307830811,76029,76040,11
12.9226903915,80.1301727295,76040,76050,10
12.9227199554,80.1296920776,76050,76060,10
12.9227399826,80.1292037964,76060,76070,10
12.9227895737,80.1285934448,76070,76080,10
12.9228096008,80.1279830933,76080,76090,10
12.9228200912,80.1274185181,76090,76100,10
12.9228496552,80.1267929077,76100,76110,10
12.9228601456,80.1259002686,76110,76120,10
12.9229001999,80.1249008179,76120,76130,10
12.9229402542,80.123878479,76130,76140,10
12.9229803085,80.1229400635,76140,76151,11
12.92304039,80.1219482422,76151,76161,10
12.923119545,80.1207122803,76161,76191,30
12.923119545,80.1207122803,76191,76201,10
12.9232196808,80.1205368042,76201,76211,10
12.9232501984,80.1199417114,76211,76221,10
12.9232501984,80.1192169189,76221,76231,10
12.9232597351,80.1186294556,76231,76241,10
12.9232902527,80.1181716919,76241,76252,11
12.9233598709,80.1174926758,76252,76262,10
12.9233903885,80.1170120239,76262,76272,10
12.9235801697,80.1168365479,76272,76292,20
12.9235801697,80.1168365479,76292,76302,10
12.9235801697,80.1170578003,76302,76312,10
12.9235601425,80.1175308228,76312,76322,10
12.923620224,80.1178894043,76322,76332,10
12.9235296249,80.1184387207,76332,76342,10
12.9234695435,80.119140625,76342,76353,11
12.9233398438,80.1199569702,76353,76363,10
12.9232797623,80.1204376221,76363,76373,10
12.9232797623,80.1208724976,76373,76383,10
12.9233198166,80.1210021973,76383,76393,10
12.9232997894,80.1212081909,76393,76665,272
12.9232997894,80.1212081909,76665,76676,11
12.9232702255,80.1213684082,76676,76686,10
12.9231996536,80.1218719482,76686,76696,10
12.9231595993,80.1225967407,76696,76706,10
12.9231300354,80.1232910156,76706,76716,10
12.9230804443,80.1240997314,76716,76726,10
12.9230604172,80.1249237061,76726,76736,10
12.9230699539,80.12550354,76736,76787,51
12.9230699539,80.12550354,76787,76797,10
12.92304039,80.1257476807,76797,76807,10
12.9229898453,80.1260223389,76807,76817,10
12.9229602814,80.1264877319,76817,76827,10
12.9229602814,80.1270904541,76827,76837,10
12.9229402542,80.1274032593,76837,76847,10
12.9229297638,80.1277618408,76847,76857,10
12.9229297638,80.128036499,76857,76867,10
12.9228801727,80.1284790039,76867,76877,10
12.9228200912,80.1289978027,76877,76888,11
12.9228000641,80.1296005249,76888,76898,10
12.9227800369,80.1300430298,76898,76908,10
12.9227800369,80.1305236816,76908,76918,10
12.9227695465,80.1310119629,76918,76928,10
12.9227304459,80.131729126,76928,76938,10
12.9227199554,80.1324996948,76938,76948,10
12.9226903915,80.1331710815,76948,76958,10
12.922659874,80.1339874268,76958,76968,10
12.9226198196,80.1348419189,76968,76977,9
12.9225702286,80.1355514526,76977,76988,11
12.9225196838,80.136428833,76988,76999,11
12.9224796295,80.1373596191,76999,77009,10
12.9224100113,80.1380462646,77009,77019,10
12.9223604202,80.1388397217,77019,77029,10
12.9223499298,80.1396865845,77029,77039,10
12.9223804474,80.1401901245,77039,77049,10
12.9223804474,80.1404266357,77049,77059,10
12.9223804474,80.1409683228,77059,77069,10
12.9224004745,80.1416473389,77069,77079,10
12.9224100113,80.1423797607,77079,77089,10
12.9224500656,80.1430892944,77089,77100,11
12.9224996567,80.1436233521,77100,77110,10
12.9225101471,80.143913269,77110,77120,10
12.9225196838,80.1446228027,77120,77130,10
12.9225702286,80.1455993652,77130,77140,10
12.9225997925,80.1466598511,77140,77150,10
12.9226303101,80.1473770142,77150,77160,10
12.9226198196,80.1475601196,77160,77170,10
12.9225997925,80.1482162476,77170,77180,10
12.9226102829,80.1491317749,77180,77190,10
12.922659874,80.1501617432,77190,77200,10
12.9226903915,80.1511306763,77200,77211,11
12.9227199554,80.1519012451,77211,77221,10
12.9228200912,80.1524887085,77221,77230,9
12.9229602814,80.1530227661,77230,77241,11
12.9231300354,80.1537094116,77241,77251,10
12.9232997894,80.1543884277,77251,77261,10
12.9233703613,80.1546020508,77261,77271,10
12.9234199524,80.1547698975,77271,77281,10
12.9234895706,80.1551589966,77281,77291,10
12.9236602783,80.1558914185,77291,77301,10
12.923620224,80.1567687988,77301,77312,11
12.9235296249,80.1578292847,77312,77322,10
12.9234399796,80.1587905884,77322,77332,10
12.9233598709,80.1597671509,77332,77342,10
12.9232196808,80.1605300903,77342,77352,10
12.9231300354,80.1608428955,77352,77362,10
12.9229202271,80.1614837646,77362,77372,10
12.9226303101,80.162361145,77372,77382,10
12.9223499298,80.1631698608,77382,77392,10
12.9220600128,80.1640701294,77392,77402,10
12.9217395782,80.1650314331,77402,77412,10
12.9214200974,80.1660385132,77412,77423,11
12.9210395813,80.1671905518,77423,77433,10
12.920800209,80.1680679321,77433,77443,10
12.9205102921,80.1689605713,77443,77453,10
12.9202098846,80.1699295044,77453,77463,10
12.9199399948,80.1708221436,77463,77473,10
12.9198799133,80.1709823608,77473,77483,10
12.9197702408,80.1713485718,77483,77493,10
12.9195804596,80.1720275879,77493,77503,10
12.9193296432,80.1728591919,77503,77514,11
12.9190597534,80.1738815308,77514,77525,11
12.9187803268,80.1749801636,77525,77534,9
12.9185400009,80.1759262085,77534,77545,11
12.9183101654,80.1770019531,77545,77555,10
12.9182901382,80.1780776978,77555,77565,10
12.9189300537,80.1789703369,77565,77575,10
12.9194002151,80.1799926758,77575,77585,10
12.9196395874,80.1811065674,77585,77595,10
12.9198904037,80.1821975708,77595,77605,10
12.9201097488,80.1831283569,77605,77615,10
12.9201602936,80.1832962036,77615,77626,11
12.9201898575,80.1834335327,77626,77636,10
12.92029953,80.1837921143,77636,77646,10
12.92029953,80.1838226318,77646,77656,10
12.9203195572,80.183883667,77656,77666,10
12.9204101563,80.1840209961,77666,77676,10
12.9204702377,80.1840133667,77676,77685,9
12.9207496643,80.183883667,77685,77696,11
12.9213399887,80.1836624146,77696,77706,10
12.9221897125,80.1833114624,77706,77716,10
12.9229898453,80.1830825806,77716,77726,10
12.9238395691,80.1829376221,77726,77737,11
12.9249000549,80.1827392578,77737,77747,10
12.9257698059,80.1826019287,77747,77757,10
12.9266004562,80.1824417114,77757,77767,10
12.9275197983,80.1822433472,77767,77777,10
12.9283504486,80.1820373535,77777,77787,10
12.9291296005,80.1818695068,77787,77797,10
12.9299201965,80.1816635132,77797,77807,10
12.9307804108,80.1814804077,77807,77817,10
12.931429863,80.1815338135,77817,77827,10
12.9315500259,80.1815414429,77827,77837,10
12.931889534,80.1816177368,77837,77848,11
12.9326601028,80.1817474365,77848,77858,10
12.9335603714,80.1819610596,77858,77868,10
12.9344100952,80.1821670532,77868,77878,10
12.9353199005,80.1823501587,77878,77888,10
12.9360599518,80.1822814941,77888,77898,10
12.936750412,80.1822128296,77898,77908,10
12.9374399185,80.1821975708,77908,77918,10
12.9381198883,80.182220459,77918,77928,10
12.9388198853,80.1823196411,77928,77938,10
12.9388799667,80.1823272705,77938,77949,11
12.9390001297,80.1823577881,77949,77959,10
12.9393100739,80.1824569702,77959,77969,10
12.9399204254,80.1826171875,77969,77979,10
12.9406204224,80.1827011108,77979,77989,10
12.9413499832,80.1827163696,77989,77999,10
12.9421596527,80.1828231812,77999,78009,10
12.9430599213,80.1828994751,78009,78019,10
12.9439496994,80.1829376221,78019,78029,10
12.944849968,80.1829833984,78029,78039,10
12.9457397461,80.1831588745,78039,78049,10
12.9464197159,80.1836929321,78049,78060,11
12.9471197128,80.1842880249,78060,78070,10
12.9477996826,80.1847763062,78070,78086,16
12.9487199783,80.1851196289,78086,78098,12
12.9490203857,80.1851882935,78098,78108,10
12.9493598938,80.1853179932,78108,78118,10
12.9497404099,80.1854400635,78118,78128,10
12.9503097534,80.1856536865,78128,78138,10
12.9511499405,80.1859207153,78138,78148,10
12.9518995285,80.1861801147,78148,78159,11
12.9526901245,80.1863937378,78159,78168,9
12.9535799026,80.1865310669,78168,78190,22
12.9535799026,80.1865310669,78190,78200,10
12.9538202286,80.1865692139,78200,78210,10
12.9542198181,80.186630249,78210,78220,10
12.9548597336,80.1867218018,78220,78230,10
12.9554195404,80.1867980957,78230,78240,10
12.9558296204,80.1868667603,78240,78250,10
12.9562501907,80.1869125366,78250,78260,10
12.9563398361,80.186920166,78260,78271,11
12.9568395615,80.1869812012,78271,78281,10
12.9573497772,80.18699646,78281,78291,10
12.9580402374,80.18699646,78291,78301,10
12.9586801529,80.1870193481,78301,78311,10
12.9592695236,80.1870498657,78311,78321,10
12.9598398209,80.1870803833,78321,78331,10
12.9603004456,80.1871109009,78331,78341,10
12.9608602524,80.1872024536,78341,78351,10
12.9613800049,80.1872787476,78351,78361,10
12.9617595673,80.1873626709,78361,78372,11
12.9623804092,80.187461853,78372,78382,10
12.9629402161,80.1875610352,78382,78392,10
12.9634599686,80.1876831055,78392,78402,10
12.9640197754,80.1878585815,78402,78412,10
12.9645795822,80.188041687,78412,78422,10
12.9651203156,80.1882171631,78422,78432,10
12.9657201767,80.1884613037,78432,78452,20
12.9657201767,80.1884613037,78452,78462,10
12.9659204483,80.1885528564,78462,78472,10
12.9663200378,80.1886978149,78472,78483,11
12.9670295715,80.1890029907,78483,78493,10
12.9677000046,80.1892776489,78493,78503,10
12.9683904648,80.1895675659,78503,78513,10
12.9685297012,80.1896820068,78513,78523,10
12.9689102173,80.1898422241,78523,78533,10
12.9692697525,80.1900100708,78533,78543,10
12.9696702957,80.1902008057,78543,78553,10
12.9701700211,80.1904525757,78553,78563,10
12.9707298279,80.1906890869,78563,78573,10
12.9711704254,80.1908569336,78573,78584,11
12.9717798233,80.1911392212,78584,78594,10
12.9721498489,80.1912765503,78594,78604,10
12.9726400375,80.1914901733,78604,78614,10
12.972820282,80.1915664673,78614,78624,10
12.9729604721,80.1916275024,78624,78634,10
12.9733400345,80.1917572021,78634,78644,10
12.9737796783,80.1919174194,78644,78654,10
12.9740400314,80.1920166016,78654,78664,10
12.9745798111,80.192199707,78664,78674,10
12.9750995636,80.1923980713,78674,78684,10
12.9756402969,80.1926498413,78684,78695,11
12.976099968,80.1930236816,78695,78705,10
12.9764404297,80.1932601929,78705,78715,10
12.9769296646,80.1936035156,78715,78725,10
12.9774198532,80.1937484741,78725,78735,10
12.9778995514,80.1938400269,78735,78745,10
12.9784097672,80.1939468384,78745,78755,10
12.9789495468,80.1941680908,78755,78771,16
12.9798803329,80.1947784424,78771,78783,12
12.9805898666,80.1951980591,78783,78793,10
12.9810400009,80.1953964233,78793,78804,11
12.9811401367,80.1954727173,78804,78814,10
12.9818000793,80.1957931519,78814,78915,101
12.9818000793,80.1957931519,78915,78925,10
12.9820299149,80.1959381104,78925,78935,10
12.982509613,80.1961669922,78935,78945,10
12.9828901291,80.1963577271,78945,78955,10
12.9831695557,80.1962432861,78955,78965,10
12.9837799072,80.1960220337,78965,78975,10
12.9846496582,80.1959609985,78975,78985,10
12.9855899811,80.1959533691,78985,78995,10
12.9865198135,80.1957321167,78995,79006,11
12.9875097275,80.1954421997,79006,79016,10
12.9884395599,80.1954116821,79016,79026,10
12.9893503189,80.1954193115,79026,79036,10
12.9902095795,80.1954116821,79036,79046,10
12.9908399582,80.1949386597,79046,79056,10
12.9910802841,80.1946029663,79056,79065,9
12.9912204742,80.1943817139,79065,79076,11
12.991519928,80.1938476563,79076,79086,10
12.9919700623,80.1933364868,79086,79096,10
12.9926595688,80.1933288574,79096,79106,10
12.9934396744,80.1933135986,79106,79117,11
12.9943399429,80.1932983398,79117,79127,10
12.9950199127,80.1932907104,79127,79137,10
12.9957895279,80.1932678223,79137,79147,10
12.9963302612,80.1932373047,79147,79662,515
12.9963302612,80.1932373047,79662,79672,10
12.9964704514,80.1932373047,79672,79682,10
12.9967098236,80.1932067871,79682,79692,10
12.9967298508,80.1929473877,79692,79702,10
12.9966201782,80.1924819946,79702,79712,10
12.9964599609,80.1919937134,79712,79722,10
12.9963302612,80.1914367676,79722,79743,21
12.9963302612,80.1914367676,79743,79753,10
12.9966497421,80.1912689209,79753,79763,10
12.9970197678,80.191116333,79763,82791,3028
12.9970197678,80.191116333,82791,82801,10
12.997130394,80.1909637451,82801,82811,10
12.9970703125,80.1911087036,82811,82822,11
12.9969596863,80.1911773682,82822,82832,10
12.9967403412,80.191116333,82832,82842,10
12.9967098236,80.19090271,82842,82852,10
12.9968996048,80.1908111572,82852,82892,40
12.9968996048,80.1908111572,82892,82902,10
12.9969596863,80.1910018921,82902,82912,10
12.9968700409,80.1910934448,82912,83114,202
12.9968700409,80.1910934448,83114,83124,10
12.9966402054,80.1911392212,83124,83134,10
12.9968700409,80.1908874512,83134,83145,11
12.9971103668,80.1911392212,83145,83155,10
