13.075920105,80.275352478,7714,7795,81
13.075920105,80.275352478,7795,7805,10
13.075750351,80.2754211426,7805,8128,323
13.075750351,80.2754211426,8128,8138,10
13.0760002136,80.2753601074,8138,8168,30
13.0760202408,80.2753067017,8168,22924,14756
13.0757799149,80.275390625,22924,31227,8303
13.0757703781,80.2751312256,31227,31259,32
13.0761299133,80.2747497559,31259,31304,45
13.0760202408,80.2749710083,31304,31373,69
13.0759000778,80.2759628296,31373,32030,657
13.0759000778,80.2759628296,32030,32041,11
13.075969696,80.2760620117,32041,32051,10
13.075969696,80.2760696411,32051,32061,10
13.0761203766,80.276260376,32061,32071,10
13.0766897202,80.2762527466,32071,32081,10
13.0774402618,80.2761917114,32081,32091,10
13.0781402588,80.2760162354,32091,32101,10
13.0784196854,80.2752990723,32101,32111,10
13.0791702271,80.2751617432,32111,32121,10
13.0800504684,80.2752609253,32121,32131,10
13.0810003281,80.2751617432,32131,32141,10
13.0816497803,80.275138855,32141,32151,10
13.0819797516,80.2753067017,32151,32162,11
13.0820198059,80.2755432129,32162,32172,10
13.0820302963,80.2757492065,32172,32182,10
13.0818996429,80.2760162354,32182,32192,10
13.0818996429,80.2764129639,32192,32202,10
13.0820102692,80.2771224976,32202,32212,10
13.0822000504,80.2783203125,32212,32252,40
13.0822000504,80.2783203125,32252,32262,10
13.082159996,80.2784576416,32262,32273,11
13.082159996,80.2789993286,32273,32283,10
13.0822496414,80.2798233032,32283,32293,10
13.0823497772,80.2808380127,32293,32303,10
13.082400322,80.2816619873,32303,32313,10
13.0829696655,80.2821426392,32313,32324,11
13.0839395523,80.2827529907,32324,32334,10
13.0847797394,80.2834014893,32334,32344,10
13.085269928,80.2838668823,32344,32352,8
13.0854597092,80.2836608887,32352,32364,12
13.0859203339,80.2835617065,32364,32374,10
13.0863199234,80.2835998535,32374,32385,11
13.0866498947,80.2837600708,32385,32393,8
13.0869703293,80.2837295532,32393,32415,22
13.0869703293,80.2837295532,32415,32423,8
13.0873498917,80.2837371826,32423,32465,42
13.0873498917,80.2837371826,32465,32475,10
13.0878896713,80.2836990356,32475,32485,10
13.0881004333,80.2836990356,32485,32760,275
13.0881099701,80.2837600708,32760,33529,769
13.0882301331,80.2835617065,33529,33561,32
13.0882301331,80.2835617065,33561,33581,20
13.0883197784,80.2829208374,33581,33592,11
13.0882997513,80.282409668,33592,33602,10
13.0882501602,80.2819671631,33602,33612,10
13.0880098343,80.2815628052,33612,33622,10
13.0873098373,80.2813034058,33622,33632,10
13.0865602493,80.2810668945,33632,33642,10
13.0858697891,80.2808380127,33642,33653,11
13.0856399536,80.280166626,33653,33663,10
13.0853996277,80.279548645,33663,33673,10
13.0846395493,80.2792663574,33673,33683,10
13.083820343,80.2791366577,33683,33691,8
13.0826797485,80.278678894,33691,33713,22
13.0826797485,80.278678894,33713,33723,10
13.0823297501,80.2785263062,33723,33733,10
13.081990242,80.2782592773,33733,33741,8
13.0819396973,80.2778396606,33741,33753,12
13.0818195343,80.2768936157,33753,33774,21
13.0818195343,80.2768936157,33774,33784,10
13.0818099976,80.2768173218,33784,33794,10
13.0817804337,80.2765884399,33794,33804,10
13.0817604065,80.2764205933,33804,33834,30
13.0817604065,80.2764205933,33834,33844,10
13.0816602707,80.2759475708,33844,33864,20
13.081580162,80.2757110596,33864,33955,91
13.081580162,80.2757110596,33955,33965,10
13.0815401077,80.2753829956,33965,33975,10
13.0815000534,80.2752609253,33975,33985,10
13.0814800262,80.2752075195,33985,33995,10
13.0811500549,80.275177002,33995,34006,11
13.0805997849,80.2752609253,34006,34016,10
13.0800600052,80.2753295898,34016,34026,10
13.0795497894,80.2753295898,34026,34036,10
13.0789203644,80.2751922607,34036,34046,10
13.0783004761,80.2756271362,34046,34056,10
13.0778102875,80.2762374878,34056,34066,10
13.0768995285,80.2762908936,34066,34076,10
13.0759601593,80.2763214111,34076,34086,10
13.0750703812,80.2763595581,34086,34096,10
13.0739898682,80.2764968872,34096,34117,21
13.0739898682,80.2764968872,34117,34127,10
13.0736703873,80.2765274048,34127,34137,10
13.0733098984,80.2762832642,34137,34147,10
13.0730400085,80.2759399414,34147,34187,40
13.0730400085,80.2759399414,34187,34197,10
13.0729999542,80.2758712769,34197,34206,9
13.072810173,80.2756118774,34206,34218,12
13.0723199844,80.275100708,34218,34228,10
13.0718603134,80.2746505737,34228,34238,10
13.0710000992,80.2744522095,34238,34268,30
13.0710000992,80.2744522095,34268,34278,10
13.0708198547,80.2742462158,34278,34288,10
13.0706396103,80.2738571167,34288,34298,10
13.0703601837,80.2733306885,34298,34308,10
13.069849968,80.2727584839,34308,34318,10
13.0692501068,80.2721481323,34318,34328,10
13.0685300827,80.2718429565,34328,34340,12
13.0680398941,80.271232605,34340,34350,10
13.0676403046,80.270690918,34350,34362,12
13.0668697357,80.2699966431,34362,34372,10
13.066450119,80.2693023682,34372,34382,10
13.0664701462,80.2687225342,34382,34392,10
13.0662603378,80.2682113647,34392,34402,10
13.065870285,80.267791748,34402,34412,10
13.0655002594,80.2676391602,34412,34419,7
13.0652399063,80.2676010132,34419,34432,13
13.0650701523,80.2676086426,34432,34443,11
13.0649595261,80.2675704956,34443,34453,10
13.0645704269,80.2675170898,34453,34463,10
13.0639200211,80.2673873901,34463,34473,10
13.0630998611,80.2672424316,34473,34483,10
13.0624799728,80.2667694092,34483,34493,10
13.061920166,80.2660522461,34493,34503,10
13.0614204407,80.2653579712,34503,34513,10
13.0607204437,80.2653121948,34513,34523,10
13.0604095459,80.2655105591,34523,34533,10
13.0604095459,80.2655181885,34533,34542,9
13.0602397919,80.2656173706,34542,34554,12
13.0596704483,80.2656097412,34554,34564,10
13.0590696335,80.2654876709,34564,34574,10
13.0586004257,80.265411377,34574,34584,10
13.0581998825,80.26512146,34584,34594,10
13.05809021,80.264503479,34594,34604,10
13.0579795837,80.2636184692,34604,34614,10
13.0579204559,80.2628479004,34614,34624,10
13.0577802658,80.2620925903,34624,34634,10
13.0576496124,80.2612762451,34634,34644,10
13.0574197769,80.2604980469,34644,34654,10
13.0571203232,80.2596664429,34654,34665,11
13.05671978,80.2583694458,34665,34675,10
13.0565500259,80.25756073,34675,34685,10
13.0565004349,80.2572479248,34685,34695,10
13.0564899445,80.2572402954,34695,34705,10
13.0564699173,80.2570800781,34705,34715,10
13.0563402176,80.2566986084,34715,34725,10
13.0561103821,80.2562179565,34725,34735,10
13.0556697845,80.2555389404,34735,34745,10
13.0551300049,80.2547836304,34745,34755,10
13.0545597076,80.2540283203,34755,34765,10
13.0540704727,80.2533493042,34765,34776,11
13.0537595749,80.2528915405,34776,34786,10
13.0534095764,80.2524185181,34786,34796,10
13.0529098511,80.2517700195,34796,34806,10
13.0524396896,80.2511520386,34806,34816,10
13.0518903732,80.2505187988,34816,34826,10
13.051440239,80.2502212524,34826,34836,10
13.0509004593,80.250038147,34836,34846,10
13.0499200821,80.2498397827,34846,34856,10
13.0488595963,80.2497329712,34856,34866,10
13.0482501984,80.2494888306,34866,34875,9
13.0476703644,80.2489929199,34875,34887,12
13.0470104218,80.2486419678,34887,34907,20
13.0470104218,80.2486419678,34907,34917,10
13.0468702316,80.2485580444,34917,34927,10
13.0464601517,80.2485122681,34927,34937,10
13.0457801819,80.2483596802,34937,34947,10
13.0450496674,80.2481307983,34947,34957,10
13.0443096161,80.248008728,34957,34967,10
13.0437498093,80.2479095459,34967,34977,10
13.0432901382,80.2478485107,34977,34987,10
13.0426502228,80.2477264404,34987,34997,10
13.0420598984,80.2475814819,34997,35008,11
13.0417699814,80.2474975586,35008,35018,10
13.0417604446,80.2474517822,35018,35028,10
13.0413303375,80.2473373413,35028,35038,10
13.0406303406,80.2472229004,35038,35048,10
13.0398797989,80.2471237183,35048,35088,40
13.0398797989,80.2471237183,35088,35098,10
13.0397901535,80.2470016479,35098,35108,10
13.039440155,80.2469177246,35108,35119,11
13.0387496948,80.2467727661,35119,35129,10
13.0381803513,80.2466888428,35129,35139,10
13.0375795364,80.2466125488,35139,35149,10
13.0369501114,80.2465133667,35149,35159,10
13.0365695953,80.2464294434,35159,35169,10
13.0360803604,80.2462997437,35169,35179,10
13.0354499817,80.2460708618,35179,35209,30
13.0354499817,80.2460708618,35209,35219,10
13.0351295471,80.2458724976,35219,35229,10
13.0347499847,80.2454605103,35229,35241,12
13.034119606,80.2446594238,35241,35249,8
13.0336198807,80.2440338135,35249,35259,10
13.0328798294,80.2430801392,35259,35269,10
13.0321798325,80.2422103882,35269,35279,10
13.0317401886,80.2413787842,35279,35290,11
13.0316095352,80.2412109375,35290,35300,10
13.0316095352,80.2411270142,35300,35310,10
13.0314397812,80.2407836914,35310,35320,10
13.0312299728,80.240272522,35320,35330,10
13.0310497284,80.2398376465,35330,35340,10
13.0306797028,80.2391433716,35340,35350,10
13.0302000046,80.2382965088,35350,35360,10
13.0291404724,80.2368392944,35360,35380,20
13.0291404724,80.2368392944,35380,35390,10
13.0289402008,80.236618042,35390,35400,10
13.0284996033,80.2361221313,35400,35410,10
13.0279302597,80.2354202271,35410,35420,10
13.0274200439,80.2345581055,35420,35430,10
13.0267295837,80.2334213257,35430,35493,63
13.0267295837,80.2334213257,35493,35503,10
13.0266799927,80.2333068848,35503,35513,10
13.0264997482,80.2329788208,35513,35523,10
13.0262804031,80.2323684692,35523,35533,10
13.0261497498,80.2317810059,35533,35543,10
13.0260896683,80.2313308716,35543,35553,10
13.0257902145,80.2304916382,35553,35563,10
13.0251598358,80.2296066284,35563,35574,11
13.024479866,80.2287826538,35574,35584,10
13.0240097046,80.2282409668,35584,35604,20
13.0240097046,80.2282409668,35604,35614,10
13.0239200592,80.2280883789,35614,35624,10
13.023639679,80.2277984619,35624,35634,10
13.0232200623,80.2274017334,35634,35644,10
13.0225801468,80.2267990112,35644,35654,10
13.0218400955,80.2261581421,35654,35664,10
13.020939827,80.2254562378,35664,35674,10
13.0201101303,80.2248916626,35674,35685,11
13.0192203522,80.2244491577,35685,35695,10
13.0183401108,80.2246932983,35695,35705,10
13.0174598694,80.2250671387,35705,35715,10
13.0168304443,80.2253417969,35715,35725,10
13.0166501999,80.2254104614,35725,35735,10
13.0163803101,80.2255096436,35735,35745,10
13.0159196854,80.2256698608,35745,35755,10
13.0153398514,80.2258834839,35755,35765,10
13.0144701004,80.2262496948,35765,35785,20
13.0144701004,80.2262496948,35785,35796,11
13.0144300461,80.2262878418,35796,35806,10
13.0140199661,80.2264328003,35806,35816,10
13.0133600235,80.2266464233,35816,35826,10
13.0124998093,80.2269668579,35826,35836,10
13.011469841,80.2273330688,35836,35846,10
13.0103702545,80.2277679443,35846,35856,10
13.0095100403,80.2281799316,35856,35866,10
13.0091600418,80.2287979126,35866,35886,20
13.0091600418,80.2287979126,35886,35896,10
13.0091199875,80.2290496826,35896,35907,11
13.0090999603,80.2291564941,35907,35917,10
13.0089998245,80.2296905518,35917,35937,20
13.0089998245,80.2296905518,35937,35947,10
13.0089197159,80.2300796509,35947,35987,40
13.0089197159,80.2300796509,35987,35997,10
13.0088300705,80.2303695679,35997,36007,10
13.0088300705,80.2304229736,36007,36018,11
13.0087499619,80.2308807373,36018,36038,20
13.0087499619,80.2308807373,36038,36048,10
13.0086402893,80.2314300537,36048,36068,20
13.0086402893,80.2314300537,36068,36078,10
13.0085897446,80.2316818237,36078,36088,10
13.0085296631,80.2319717407,36088,36098,10
13.0084600449,80.2323532104,36098,36108,10
13.0084104538,80.2325973511,36108,36118,10
13.0083703995,80.2329330444,36118,36128,10
13.008310318,80.2333602905,36128,36139,11
13.0082798004,80.2335968018,36139,36149,10
13.0082302094,80.2337265015,36149,36159,10
13.0081396103,80.2340393066,36159,36169,10
13.0081100464,80.2342300415,36169,36179,10
13.0080795288,80.2343063354,36179,36189,10
13.0080099106,80.2347106934,36189,36199,10
13.0079097748,80.235168457,36199,36210,11
13.0078201294,80.2355880737,36210,36220,10
13.0078001022,80.2356796265,36220,36230,10
13.0077400208,80.2359695435,36230,36240,10
13.0076303482,80.2365112305,36240,36250,10
13.0075597763,80.2369232178,36250,36260,10
13.0074996948,80.2372894287,36260,36271,11
13.0073900223,80.2378234863,36271,36281,10
13.0073099136,80.2382888794,36281,36332,51
13.0072002411,80.2386474609,36332,36363,31
13.0072002411,80.2386474609,36363,36373,10
13.0071897507,80.2388076782,36373,36383,10
13.0071401596,80.2391433716,36383,36391,8
13.0070800781,80.2394485474,36391,36463,72
13.0070800781,80.2394485474,36463,36474,11
13.0069704056,80.2397689819,36474,36484,10
13.0069103241,80.2402420044,36484,36494,10
13.0068597794,80.2406997681,36494,36504,10
13.0068597794,80.2407302856,36504,36514,10
13.0068101883,80.2410812378,36514,36524,10
13.0067596436,80.2417602539,36524,36534,10
13.006770134,80.2423782349,36534,36544,10
13.0067396164,80.2428512573,36544,36554,10
13.0067195892,80.2432327271,36554,36564,10
13.0067195892,80.2434921265,36564,36574,10
13.0067100525,80.2440185547,36574,36585,11
13.0067300797,80.2446899414,36585,36595,10
13.0067396164,80.2452468872,36595,36605,10
13.0067396164,80.2456893921,36605,36645,40
13.0067396164,80.2456893921,36645,36655,10
13.0067596436,80.2460708618,36655,36665,10
13.0067596436,80.2460784912,36665,36675,10
13.0067501068,80.2463684082,36675,36685,10
13.006770134,80.2467575073,36685,36695,10
13.006770134,80.2473831177,36695,36706,11
13.0067596436,80.248260498,36706,36716,10
13.0067996979,80.2492218018,36716,36726,10
13.006819725,80.2503204346,36726,36736,10
13.0068702698,80.2509765625,36736,36746,10
13.0067996979,80.2515182495,36746,36756,10
13.006649971,80.2521362305,36756,36766,10
13.0065803528,80.2530517578,36766,36776,10
13.0065698624,80.2540435791,36776,36786,10
13.006649971,80.2547988892,36786,36796,10
13.0066404343,80.2548828125,36796,36806,10
13.0066204071,80.2550201416,36806,36817,11
13.0066204071,80.2555618286,36817,36827,10
13.0066204071,80.2563705444,36827,36837,10
13.0066699982,80.2572402954,36837,36958,121
13.0066699982,80.2572402954,36958,36968,10
13.0066404343,80.2574996948,36968,36978,10
13.0061397552,80.2575073242,36978,36988,10
13.0056495667,80.2573623657,36988,36998,10
13.0049800873,80.2571792603,36998,37008,10
13.0041303635,80.2570266724,37008,37018,10
13.003490448,80.2569122314,37018,37028,10
13.002989769,80.2568206787,37028,37039,11
13.0024900436,80.2567214966,37039,37099,60
13.0024900436,80.2567214966,37099,37109,10
13.0023803711,80.2567367554,37109,37119,10
13.0021600723,80.2566680908,37119,37129,10
13.001660347,80.2566299438,37129,37139,10
13.0009002686,80.2565002441,37139,37149,10
13.0001497269,80.2564086914,37149,37160,11
12.9995498657,80.2562713623,37160,37170,10
12.9991998672,80.2562103271,37170,37180,10
12.9988899231,80.2561416626,37180,37190,10
12.9984903336,80.2560806274,37190,37210,20
12.9984903336,80.2560806274,37210,37220,10
12.9980401993,80.2559661865,37220,37250,30
12.9980401993,80.2559661865,37250,37260,10
12.9975996017,80.2559204102,37260,37271,11
12.9972295761,80.2559204102,37271,37280,9
12.9968996048,80.2559204102,37280,37290,10
12.9963798523,80.2558898926,37290,37301,11
12.9958200455,80.2558822632,37301,37311,10
12.9953603745,80.255897522,37311,37321,10
12.9948501587,80.2559127808,37321,37331,10
12.9944496155,80.2559127808,37331,37341,10
12.9940700531,80.2559509277,37341,37351,10
12.9934301376,80.2559661865,37351,37361,10
12.9925298691,80.2560195923,37361,37372,11
12.9914703369,80.2560195923,37372,37382,10
12.9908399582,80.256072998,37382,37392,10
12.9905700684,80.2560424805,37392,37402,10
12.9902000427,80.2559814453,37402,37412,10
12.9895496368,80.2560119629,37412,37422,10
12.9889097214,80.2559890747,37422,37432,10
12.9888296127,80.2559890747,37432,37441,9
12.988699913,80.2559661865,37441,37452,11
12.9884901047,80.2559585571,37452,37504,52
12.9884901047,80.2559585571,37504,37514,10
12.9881801605,80.2558822632,37514,37524,10
12.9877796173,80.2558288574,37524,37534,10
12.9876203537,80.2562332153,37534,37544,10
12.9875602722,80.256942749,37544,37554,10
12.9875001907,80.2578964233,37554,37564,10
12.9874000549,80.2588882446,37564,37574,10
12.9872999191,80.2595901489,37574,37584,10
12.9869098663,80.2598114014,37584,37594,10
12.986240387,80.2597579956,37594,37604,10
12.9855203629,80.2596511841,37604,37615,11
12.9850902557,80.2596282959,37615,37635,20
12.9850902557,80.2596282959,37635,37645,10
12.9848804474,80.2595672607,37645,37655,10
12.9843902588,80.2595062256,37655,37665,10
12.9835395813,80.2594909668,37665,37695,30
12.9835395813,80.2594909668,37695,37705,10
12.9833297729,80.2594680786,37705,37715,10
12.9830503464,80.2594528198,37715,37726,11
12.9826602936,80.2593917847,37726,37736,10
12.9820203781,80.2593536377,37736,37745,9
12.9812602997,80.2593383789,37745,37758,13
12.9805698395,80.2593231201,37758,37768,10
12.980050087,80.2592391968,37768,37778,10
12.9791698456,80.2591171265,37778,37808,30
12.9791698456,80.2591171265,37808,37818,10
12.9787902832,80.2591018677,37818,37828,10
12.9784097672,80.2590713501,37828,37839,11
12.9781103134,80.2591094971,37839,37849,10
12.9778003693,80.2591171265,37849,37859,10
12.9772796631,80.2591171265,37859,37869,10
12.9766397476,80.2590789795,37869,37879,10
12.9765501022,80.2590866089,37879,37889,10
12.9763202667,80.2590789795,37889,37899,10
12.9758796692,80.258972168,37899,37909,10
12.9754896164,80.2588272095,37909,37919,10
12.9749298096,80.2586669922,37919,37929,10
12.9743900299,80.2585372925,37929,37939,10
12.9740600586,80.2584762573,37939,37950,11
12.9734601974,80.2583236694,37950,37960,10
12.9726600647,80.2581863403,37960,37970,10
12.9717798233,80.2581481934,37970,37980,10
12.9708795547,80.258140564,37980,37990,10
12.9701595306,80.2579803467,37990,38000,10
12.9696903229,80.257850647,38000,38010,10
12.9696397781,80.2578430176,38010,38020,10
12.9694099426,80.2577514648,38020,38030,10
12.9689798355,80.2575836182,38030,38040,10
12.968290329,80.2573928833,38040,38050,10
12.9675302505,80.2572021484,38050,38061,11
12.9666595459,80.2570037842,38061,38071,10
12.9660396576,80.2568969727,38071,38081,10
12.9653396606,80.2567520142,38081,38091,10
12.9645395279,80.2566375732,38091,38101,10
12.9639396667,80.2565689087,38101,38111,10
12.9634599686,80.2565078735,38111,38121,10
12.9627799988,80.2564468384,38121,38131,10
12.9623003006,80.256401062,38131,38141,10
12.9621095657,80.2563781738,38141,38151,10
12.961979866,80.2563705444,38151,38161,10
12.9615402222,80.2562789917,38161,38171,10
12.9609804153,80.2561798096,38171,38181,10
12.9608602524,80.2561416626,38181,38191,10
12.9606304169,80.256072998,38191,38201,10
12.9600400925,80.2559432983,38201,38211,10
12.9591903687,80.2557525635,38211,38221,10
12.9582996368,80.2555618286,38221,38232,11
12.9574604034,80.2553787231,38232,38241,9
12.956609726,80.2552719116,38241,38252,11
12.9555597305,80.2552337646,38252,38262,10
12.9547796249,80.2552108765,38262,38272,10
12.9543399811,80.2552108765,38272,38282,10
12.9541501999,80.2552108765,38282,38292,10
12.9539899826,80.2552108765,38292,38302,10
12.9534597397,80.2552032471,38302,38312,10
12.9526596069,80.2551574707,38312,38322,10
12.951669693,80.2551193237,38322,38332,10
12.9506702423,80.2550582886,38332,38342,10
12.9505195618,80.2550430298,38342,38352,10
12.9504203796,80.2550125122,38352,38362,10
12.9503202438,80.254989624,38362,38372,10
12.9499702454,80.2549133301,38372,38382,10
12.9494600296,80.2547836304,38382,38392,10
12.948679924,80.2545776367,38392,38405,13
12.9474697113,80.2542419434,38405,38415,10
12.9463796616,80.2539672852,38415,38425,10
12.9451904297,80.2537918091,38425,38435,10
12.9441099167,80.2536392212,38435,38445,10
12.9429197311,80.2534332275,38445,38455,10
12.9419803619,80.253288269,38455,38465,10
12.9412498474,80.2531661987,38465,38475,10
12.9403400421,80.2529602051,38475,38485,10
12.9392499924,80.2528381348,38485,38495,10
12.9384698868,80.2527770996,38495,38505,10
12.9383802414,80.2527618408,38505,38516,11
12.9382801056,80.2527236938,38516,38526,10
12.9377803802,80.2526016235,38526,38536,10
12.9369897842,80.2524871826,38536,38546,10
12.9360198975,80.2523803711,38546,38556,10
12.9348297119,80.2522583008,38556,38566,10
12.9335298538,80.2521286011,38566,38576,10
12.9321603775,80.2519607544,38576,38586,10
12.9307203293,80.2517929077,38586,38596,10
12.9293498993,80.2516403198,38596,38606,10
12.9281902313,80.2515182495,38606,38616,10
12.9274301529,80.2514266968,38616,38627,11
12.9273996353,80.2514266968,38627,38637,10
12.9269895554,80.2513885498,38637,38647,10
12.9262599945,80.2513122559,38647,38657,10
12.9253196716,80.2512512207,38657,38667,10
12.9241895676,80.2512283325,38667,38677,10
12.9229202271,80.2511062622,38677,38687,10
12.9215803146,80.2511978149,38687,38697,10
12.9203596115,80.251411438,38697,38707,10
12.9192304611,80.2509994507,38707,38717,10
12.9187202454,80.2508926392,38717,38727,10
12.9186697006,80.2508773804,38727,38738,11
12.9181404114,80.2507781982,38738,38748,10
12.9173603058,80.2506713867,38748,38758,10
12.9163703918,80.2505722046,38758,38768,10
12.9152202606,80.2504806519,38768,38778,10
12.9142103195,80.2503890991,38778,38788,10
12.9137296677,80.2503662109,38788,38798,10
12.9135503769,80.250328064,38798,38808,10
12.9130001068,80.2502822876,38808,38818,10
12.9121303558,80.2502212524,38818,38828,10
12.9111204147,80.2501525879,38828,38838,10
12.9099302292,80.2500610352,38838,38848,10
12.908659935,80.2499237061,38848,38859,11
12.9071502686,80.2496109009,38859,38869,10
12.9057598114,80.2492828369,38869,38879,10
12.904299736,80.2490310669,38879,38889,10
12.9028501511,80.2488708496,38889,38899,10
12.9015398026,80.2487030029,38899,38909,10
12.9002895355,80.2483291626,38909,38919,10
12.8990697861,80.2478485107,38919,38929,10
12.8974895477,80.2474136353,38929,38949,20
12.8974895477,80.2474136353,38949,38959,10
12.8972301483,80.2473373413,38959,38970,11
12.8965196609,80.2472000122,38970,38980,10
12.8956298828,80.2470092773,38980,38990,10
12.8945503235,80.2467803955,38990,39000,10
12.8933696747,80.2464294434,39000,39010,10
12.8922796249,80.24609375,39010,39020,10
12.8912496567,80.2458496094,39020,39030,10
12.8903503418,80.2456283569,39030,39040,10
12.8893404007,80.2453994751,39040,39050,10
12.8883399963,80.2453765869,39050,39060,10
12.8876399994,80.2455215454,39060,39069,9
12.8872203827,80.2456283569,39069,39081,12
12.8865203857,80.2457809448,39081,39091,10
12.886349678,80.2457885742,39091,39101,10
12.886059761,80.2457504272,39101,39111,10
12.8854598999,80.2456436157,39111,39121,10
12.8846101761,80.2454605103,39121,39131,10
12.8835201263,80.245262146,39131,39141,10
12.8824596405,80.2450485229,39141,39151,10
12.8815603256,80.2449035645,39151,39161,10
12.8804798126,80.244682312,39161,39171,10
12.8792600632,80.2443237305,39171,39181,10
12.8780498505,80.2438812256,39181,39192,11
12.8774204254,80.2437591553,39192,39202,10
12.8772201538,80.2437210083,39202,39212,10
12.8768997192,80.2436294556,39212,39222,10
12.8762702942,80.2435684204,39222,39232,10
12.8753595352,80.2434387207,39232,39242,10
12.8742599487,80.2433166504,39242,39252,10
12.8730602264,80.2432098389,39252,39262,10
12.8718299866,80.2432098389,39262,39272,10
12.870639801,80.243309021,39272,39282,10
12.8695402145,80.2435073853,39282,39292,10
12.8687896729,80.243598938,39292,39302,10
12.8687095642,80.2435913086,39302,39312,10
12.8683700562,80.2435073853,39312,39322,10
12.8677797318,80.2433166504,39322,39333,11
12.8668403625,80.2429504395,39333,39343,10
12.8656797409,80.2425689697,39343,39353,10
12.8645401001,80.2423400879,39353,39363,10
12.8634195328,80.2421798706,39363,39373,10
12.862279892,80.2421035767,39373,39383,10
12.8615999222,80.2420730591,39383,39445,62
12.8615999222,80.2420730591,39445,39453,8
12.8614702225,80.2420501709,39453,39465,12
12.8611402512,80.2419815063,39465,39513,48
12.8611402512,80.2419815063,39513,39522,9
12.8608798981,80.2419662476,39522,39536,14
12.8599996567,80.2419433594,39536,39546,10
12.8595504761,80.2419128418,39546,39556,10
12.8588399887,80.2418823242,39556,39566,10
12.8579101563,80.2418289185,39566,39576,10
12.8568096161,80.2417221069,39576,39586,10
12.8555202484,80.2416229248,39586,39596,10
12.8541202545,80.2415237427,39596,39606,10
12.8528404236,80.2414474487,39606,39616,10
12.8515796661,80.2413024902,39616,39626,10
12.8502397537,80.2411804199,39626,39647,21
12.8502397537,80.2411804199,39647,39657,10
12.8499298096,80.2411270142,39657,39667,10
12.8492898941,80.2410430908,39667,39677,10
12.8483896255,80.2409362793,39677,39687,10
12.8474903107,80.2408828735,39687,39697,10
12.8465499878,80.2407989502,39697,39707,10
12.8456802368,80.2407836914,39707,39717,10
12.8446998596,80.2407531738,39717,39727,10
12.8435297012,80.2406997681,39727,39737,10
12.8422803879,80.2406616211,39737,39747,10
12.8414402008,80.2406387329,39747,39757,10
12.8413696289,80.2406387329,39757,39768,11
12.8408498764,80.2406005859,39768,39778,10
12.8400096893,80.2405471802,39778,39788,10
12.8392095566,80.2404937744,39788,39798,10
12.8383798599,80.2404708862,39798,39808,10
12.8372898102,80.2404098511,39808,39818,10
12.8360996246,80.2404174805,39818,39828,10
12.8347997665,80.2404708862,39828,39838,10
12.8333797455,80.2405166626,39838,39848,10
12.8320503235,80.2405014038,39848,39858,10
12.8307504654,80.2404327393,39858,39867,9
12.8296003342,80.2403717041,39867,39879,12
12.8282699585,80.2403182983,39879,39889,10
12.8272800446,80.2403182983,39889,39899,10
12.8261098862,80.2403106689,39899,39909,10
12.8255596161,80.2403106689,39909,39919,10
12.8252401352,80.2402191162,39919,39929,10
12.8245401382,80.2402191162,39929,39939,10
12.8235902786,80.2401885986,39939,39949,10
12.8224201202,80.2401428223,39949,39959,10
12.8211202621,80.2402267456,39959,39969,10
12.8198795319,80.2403182983,39969,39979,10
12.8191699982,80.2403793335,39979,39990,11
12.8184299469,80.2405014038,39990,40000,10
12.8182296753,80.2405319214,40000,40010,10
12.8178596497,80.2405776978,40010,40020,10
12.817150116,80.2406921387,40020,40030,10
12.8162603378,80.2409667969,40030,40040,10
12.8153400421,80.241317749,40040,40050,10
12.8144102097,80.2417373657,40050,40060,10
12.8132801056,80.2422103882,40060,40070,10
12.8125400543,80.2425384521,40070,40080,10
12.8125295639,80.2425384521,40080,40090,10
12.8124504089,80.2425689697,40090,40101,11
12.8119602203,80.242767334,40101,40111,10
12.8112297058,80.2430725098,40111,40121,10
12.8103199005,80.2433929443,40121,40131,10
12.8091497421,80.2434921265,40131,40141,10
12.8078699112,80.2432785034,40141,40151,10
12.8068304062,80.2431106567,40151,40161,10
12.805680275,80.2428894043,40161,40171,10
12.8044595718,80.2426605225,40171,40181,10
12.8031396866,80.2424163818,40181,40191,10
12.8017396927,80.2421722412,40191,40201,10
12.8002996445,80.241897583,40201,40211,10
12.7988300323,80.2416381836,40211,40222,11
12.7972097397,80.2413406372,40222,40232,10
12.7958698273,80.2411422729,40232,40242,10
12.7953395844,80.2411804199,40242,40252,10
12.7951002121,80.2412261963,40252,40263,11
12.7943897247,80.2414321899,40263,40273,10
12.7934703827,80.2416763306,40273,40283,10
12.7923402786,80.2419815063,40283,40293,10
12.7910804749,80.2423171997,40293,40303,10
12.7897500992,80.24269104,40303,40313,10
12.7884197235,80.2432632446,40313,40324,11
12.7869100571,80.2439498901,40324,40334,10
12.785610199,80.2445907593,40334,40344,10
12.7846097946,80.2451019287,40344,40354,10
12.7844295502,80.2451934814,40354,40364,10
12.7842102051,80.2452926636,40364,40374,10
12.783659935,80.2455596924,40374,40384,10
12.7828798294,80.2459487915,40384,40393,9
12.7820501328,80.2463684082,40393,40404,11
12.7808504105,80.2470016479,40404,40414,10
12.779709816,80.2476196289,40414,40424,10
12.7787103653,80.2481918335,40424,40434,10
12.7786197662,80.2485275269,40434,40446,12
12.7787704468,80.248550415,40446,40456,10
12.7792196274,80.2486190796,40456,40466,10
12.7799701691,80.2487411499,40466,40476,10
12.7808904648,80.2489318848,40476,40486,10
12.7819795609,80.2492904663,40486,40496,10
12.782959938,80.2495880127,40496,40506,10
12.7830696106,80.2496109009,40506,40516,10
12.7834596634,80.2496795654,40516,40526,10
12.7840099335,80.2497634888,40526,40536,10
12.7845401764,80.2498321533,40536,40546,10
12.7853498459,80.2499237061,40546,40557,11
12.7859802246,80.2499923706,40557,40567,10
12.7861099243,80.25,40567,40577,10
12.7863397598,80.2500305176,40577,40587,10
12.786649704,80.2500534058,40587,40597,10
12.7866897583,80.2498016357,40597,40607,10
12.7867898941,80.2493209839,40607,40617,10
12.7867803574,80.2493209839,40617,41196,579
12.7867097855,80.2491531372,41196,41229,33
12.7872104645,80.2465591431,41229,41259,30
12.7847995758,80.2451324463,41259,41292,33
12.7852802277,80.2446975708,41292,41321,29
12.7881097794,80.2433624268,41321,41352,31
12.7920198441,80.2419891357,41352,41383,31
12.7955904007,80.2410583496,41383,41413,30
12.7955904007,80.2410583496,41413,41433,20
12.7966499329,80.2411422729,41433,41443,10
12.7975702286,80.2413330078,41443,41453,10
12.7986803055,80.2415390015,41453,41464,11
12.800069809,80.2418136597,41464,41474,10
12.8014202118,80.2420425415,41474,41484,10
12.8028001785,80.2423095703,41484,41494,10
12.8042097092,80.2425689697,41494,41504,10
12.805560112,80.2428207397,41504,41514,10
12.806810379,80.243057251,41514,41524,10
12.8079395294,80.2432479858,41524,41534,10
12.8090696335,80.2434234619,41534,41544,10
12.8102998734,80.243347168,41544,41554,10
12.8115301132,80.2429122925,41554,41564,10
12.8124799728,80.2425003052,41564,41574,10
12.8125801086,80.2424468994,41574,41585,11
12.813079834,80.2422409058,41585,41595,10
12.8138599396,80.2419204712,41595,41605,10
12.8148298264,80.2415466309,41605,41615,10
12.8155403137,80.2412261963,41615,41625,10
12.8162899017,80.2409133911,41625,41635,10
12.8172903061,80.2406005859,41635,41645,10
12.8185396194,80.240447998,41645,41655,10
12.8195896149,80.2402877808,41655,41665,10
12.819729805,80.240272522,41665,41675,10
12.8201904297,80.2402267456,41675,41685,10
12.8209295273,80.2401733398,41685,41696,11
12.8219404221,80.2400817871,41696,41706,10
12.8230600357,80.2400970459,41706,41716,10
12.8242998123,80.2401504517,41716,41726,10
12.8251895905,80.2401885986,41726,41736,10
12.8261003494,80.2402191162,41736,41746,10
12.8272199631,80.2402420044,41746,41756,10
12.8278102875,80.2402572632,41756,41766,10
12.8281002045,80.2403030396,41766,41776,10
12.828499794,80.240272522,41776,41786,10
12.8292303085,80.2403106689,41786,41796,10
12.8301801682,80.2403488159,41796,41806,10
12.8311901093,80.2403793335,41806,41816,10
12.8320503235,80.2404327393,41816,41826,10
12.8331003189,80.2404632568,41826,41836,10
12.8343200684,80.2404174805,41836,41846,10
12.8356304169,80.2403717041,41846,41856,10
12.8369903564,80.2403411865,41856,41866,10
12.8383998871,80.2404022217,41866,41876,10
12.8392496109,80.2404708862,41876,41886,10
12.8398199081,80.2405166626,41886,41897,11
12.8407697678,80.2405090332,41897,41908,11
12.841629982,80.240562439,41908,41917,9
12.8416900635,80.240562439,41917,41927,10
12.8421001434,80.2405700684,41927,41937,10
12.8428497314,80.2406234741,41937,41947,10
12.8438501358,80.2406463623,41947,41957,10
12.8450298309,80.2406921387,41957,41967,10
12.8463201523,80.2407531738,41967,41977,10
12.8474197388,80.2408370972,41977,41988,11
12.8483295441,80.2408981323,41988,41997,9
12.8492097855,80.2409896851,41997,42008,11
12.850060463,80.2410812378,42008,42018,10
12.850520134,80.2411575317,42018,42027,9
12.8519697189,80.2412872314,42027,42060,33
12.8519697189,80.2412872314,42060,42070,10
12.8522596359,80.2413482666,42070,42080,10
12.8529100418,80.2414321899,42080,42090,10
12.8537998199,80.2415084839,42090,42100,10
12.8549098969,80.2415618896,42100,42110,10
12.8561601639,80.2416610718,42110,42120,10
12.8574199677,80.2417526245,42120,42130,10
12.8587198257,80.2418518066,42130,42140,10
12.8597602844,80.2418518066,42140,42151,11
12.8598299026,80.2418518066,42151,42161,10
12.8599996567,80.2418670654,42161,42171,10
12.8606004715,80.2418823242,42171,42181,10
12.8613300323,80.241897583,42181,42191,10
12.8619003296,80.2419586182,42191,42201,10
12.862739563,80.2420578003,42201,42211,10
12.8637599945,80.2422027588,42211,42221,10
12.8649396896,80.242401123,42221,42231,10
12.8662004471,80.24269104,42231,42241,10
12.8674001694,80.2431030273,42241,42250,9
12.867939949,80.2432785034,42250,42262,12
12.8681297302,80.243347168,42262,42272,10
12.8687496185,80.2435073853,42272,42282,10
12.8696804047,80.2434310913,42282,42292,10
12.8707895279,80.243270874,42292,42302,10
12.8718795776,80.2431793213,42302,42312,10
12.8731203079,80.2431716919,42312,42322,10
12.8744602203,80.2433013916,42322,42332,10
12.8758201599,80.2434387207,42332,42342,10
12.8770303726,80.2436294556,42342,42352,10
12.8778896332,80.2437820435,42352,42362,10
12.8779802322,80.2437973022,42362,42373,11
12.878490448,80.2439193726,42373,42383,10
12.879240036,80.2442169189,42383,42393,10
12.8802099228,80.2445907593,42393,42403,10
12.8813695908,80.2447967529,42403,42413,10
12.8824300766,80.2450180054,42413,42423,10
12.8835496902,80.2452392578,42423,42433,10
12.8847904205,80.2454528809,42433,42443,10
12.8859395981,80.2456817627,42443,42453,10
12.8869800568,80.2456970215,42453,42463,10
12.8876199722,80.2455291748,42463,42473,10
12.8877401352,80.2454910278,42473,42483,10
12.8878602982,80.2454833984,42483,42494,11
12.888420105,80.2453918457,42494,42504,10
12.8892202377,80.2453918457,42504,42514,10
12.8901996613,80.2455825806,42514,42524,10
12.8913698196,80.2458572388,42524,42534,10
12.8924198151,80.2461395264,42534,42544,10
12.8933296204,80.2463989258,42544,42554,10
12.8944301605,80.2467422485,42554,42564,10
12.8956298828,80.2470092773,42564,42574,10
12.8968095779,80.247253418,42574,42584,10
12.8975496292,80.2473678589,42584,42595,11
12.8982095718,80.247467041,42595,42605,10
12.8982601166,80.2474899292,42605,42615,10
12.898639679,80.2475967407,42615,42625,10
12.8992900848,80.2478485107,42625,42635,10
12.900179863,80.2482223511,42635,42645,10
12.9012699127,80.2485961914,42645,42655,10
12.9025297165,80.2487792969,42655,42665,10
12.9038696289,80.2489318848,42665,42675,10
12.9049196243,80.2490386963,42675,42685,10
12.9059200287,80.2492370605,42685,42695,10
12.9070901871,80.2495269775,42695,42705,10
12.9083995819,80.249786377,42705,42716,11
12.9098997116,80.2499389648,42716,42726,10
12.9113397598,80.2500686646,42726,42736,10
12.9127902985,80.2501525879,42736,42746,10
12.9141902924,80.25025177,42746,42756,10
12.9151601791,80.2503509521,42756,42766,10
12.916270256,80.2504425049,42766,42776,10
12.9175300598,80.2505569458,42776,42786,10
12.9187002182,80.2507324219,42786,42796,10
12.9195899963,80.2509918213,42796,42806,10
12.9199800491,80.2511520386,42806,42816,10
12.9204902649,80.2513122559,42816,42837,21
12.9204902649,80.2513122559,42837,42847,10
12.9207000732,80.2513427734,42847,42857,10
12.9212503433,80.2512283325,42857,42867,10
12.9220399857,80.2510528564,42867,42877,10
12.9229898453,80.2510299683,42877,42887,10
12.9239797592,80.251121521,42887,42897,10
12.9246101379,80.2511520386,42897,42908,11
12.9254198074,80.251159668,42908,42917,9
12.9262695313,80.2512207031,42917,42927,10
12.9274101257,80.2513198853,42927,42937,10
12.9285097122,80.251449585,42937,42947,10
12.9295196533,80.2515487671,42947,42957,10
12.9296703339,80.2515411377,42957,42967,10
12.929980278,80.2515869141,42967,42977,10
12.9306602478,80.2516708374,42977,42987,10
12.9315700531,80.2517776489,42987,42997,10
12.9327096939,80.2519226074,42997,43008,11
12.9341096878,80.2520904541,43008,43018,10
12.9354896545,80.252243042,43018,43028,10
12.9367599487,80.2523803711,43028,43038,10
12.9384698868,80.2526168823,43038,43058,20
12.9384698868,80.2526168823,43058,43068,10
12.9387903214,80.2527236938,43068,43078,10
12.939450264,80.2527923584,43078,43088,10
12.9403495789,80.2528762817,43088,43098,10
12.9414396286,80.2531204224,43098,43108,10
12.9426202774,80.2533035278,43108,43118,10
12.9434995651,80.2534637451,43118,43130,12
12.9445695877,80.2536468506,43130,43138,8
12.9452695847,80.2537384033,43138,43148,10
12.9462795258,80.2538909912,43148,43161,13
12.9476604462,80.2542190552,43161,43168,7
12.948390007,80.2544174194,43168,43181,13
12.9494895935,80.254699707,43181,43191,10
12.9497299194,80.2547607422,43191,43201,10
12.9498701096,80.2548370361,43201,43211,10
12.9503898621,80.2549514771,43211,43221,10
12.9512300491,80.2550506592,43221,43231,10
12.9522399902,80.2550964355,43231,43241,10
12.9534101486,80.2551269531,43241,43251,10
12.9543800354,80.2551269531,43251,43261,10
12.9545898438,80.2551269531,43261,43268,7
12.9547100067,80.2551498413,43268,43282,14
12.955499649,80.2551727295,43282,43292,10
12.9563798904,80.2552032471,43292,43302,10
12.957449913,80.2553482056,43302,43312,10
12.9585399628,80.2555389404,43312,43322,10
12.9597396851,80.2557907104,43322,43332,10
12.9608602524,80.2560272217,43332,43342,10
12.9612798691,80.256111145,43342,43352,10
12.9613304138,80.256149292,43352,43362,10
12.9617004395,80.2562484741,43362,43372,10
12.962389946,80.2563934326,43372,43382,10
12.9636802673,80.2565002441,43382,43403,21
12.9636802673,80.2565002441,43403,43413,10
12.9637403488,80.2565231323,43413,43423,10
12.9641504288,80.2565689087,43423,43433,10
12.9648799896,80.2566604614,43433,43443,10
12.9658002853,80.2567901611,43443,43451,8
12.9661102295,80.2568511963,43451,43463,12
12.9664001465,80.2568969727,43463,43473,10
12.9670600891,80.2570114136,43473,43483,10
12.9679403305,80.2572097778,43483,43493,10
12.9687700272,80.2574386597,43493,43504,11
12.9694795609,80.2576293945,43504,43514,10
12.9696102142,80.2576675415,43514,43524,10
12.9697399139,80.2577362061,43524,43534,10
12.9700603485,80.257850647,43534,43544,10
12.9706602097,80.2580413818,43544,43554,10
12.9715204239,80.2581634521,43554,43564,10
12.9725503922,80.258140564,43564,43574,10
12.9735803604,80.2582931519,43574,43584,10
12.9745798111,80.2584991455,43584,43594,10
12.9756202698,80.2587814331,43594,43604,10
12.9766597748,80.2590713501,43604,43615,11
12.9768800735,80.2591400146,43615,43625,10
12.9770402908,80.259147644,43625,43635,10
12.9776000977,80.259147644,43635,43645,10
12.9783697128,80.2591400146,43645,43655,10
12.9792604446,80.2591629028,43655,43665,10
12.9801502228,80.2593002319,43665,43675,10
12.980890274,80.2593612671,43675,43685,10
12.9817495346,80.2593765259,43685,43695,10
12.98279953,80.2593994141,43695,43715,20
12.98279953,80.2593994141,43715,43725,10
12.9830303192,80.2594223022,43725,43736,11
12.9836702347,80.2594604492,43736,43746,10
12.984000206,80.259262085,43746,43756,10
12.9840497971,80.2586135864,43756,43766,10
12.9841499329,80.2579116821,43766,43776,10
12.9846496582,80.2577362061,43776,43786,10
12.9853401184,80.2576217651,43786,43796,10
12.9865598679,80.2576522827,43796,43816,20
12.9865598679,80.2576522827,43816,43826,10
12.9871101379,80.2579727173,43826,43835,9
12.9873399734,80.2577362061,43835,43847,12
12.9875001907,80.2568664551,43847,43857,10
12.9876003265,80.2559127808,43857,43988,131
12.9876003265,80.2559127808,43988,43998,10
12.9878196716,80.2556686401,43998,44008,10
12.9883899689,80.2557830811,44008,44018,10
12.9888401031,80.255859375,44018,44028,10
12.9888496399,80.2558898926,44028,44038,10
12.9891300201,80.2559661865,44038,44048,10
12.9896602631,80.2559967041,44048,44058,10
12.9903697968,80.2560501099,44058,44068,10
12.9908599854,80.2560195923,44068,44078,10
12.9914999008,80.2560501099,44078,44088,10
12.992389679,80.2559967041,44088,44098,10
12.9933795929,80.2559814453,44098,44108,10
12.9942703247,80.2559432983,44108,44119,11
12.9950199127,80.2559127808,44119,44139,20
12.9950199127,80.2559127808,44139,44150,11
12.9953098297,80.2558898926,44150,44159,9
12.995639801,80.2558898926,44159,44169,10
12.9960298538,80.2558898926,44169,44179,10
12.9965896606,80.255897522,44179,44191,12
12.9971904755,80.2558898926,44191,44199,8
12.9975795746,80.255897522,44199,44211,12
12.9981803894,80.2559127808,44211,44219,8
12.9984397888,80.2559509277,44219,44229,10
12.9988899231,80.2560424805,44229,44292,63
12.9988899231,80.2560424805,44292,44302,10
12.9992704391,80.2561416626,44302,44312,10
12.9996795654,80.2562103271,44312,44322,10
13.0000095367,80.2562866211,44322,44332,10
13.0005598068,80.2563781738,44332,44342,10
13.0009002686,80.256439209,44342,44352,10
13.0009498596,80.2564620972,44352,44362,10
13.0013599396,80.2565383911,44362,44372,10
13.0017299652,80.2566070557,44372,44382,10
13.0020599365,80.2566375732,44382,44392,10
13.0025997162,80.2567214966,44392,44402,10
13.0032100677,80.2567977905,44402,44413,11
13.0038003922,80.256942749,44413,44423,10
13.0043897629,80.257019043,44423,44433,10
13.0049800873,80.2571182251,44433,44443,10
13.0053796768,80.2571716309,44443,44453,10
13.0057001114,80.2572937012,44453,44463,10
13.0061597824,80.2573776245,44463,44473,10
13.0065498352,80.2573165894,44473,44483,10
13.0065002441,80.2570037842,44483,44493,10
13.0064401627,80.2567825317,44493,44503,10
13.0065002441,80.2562484741,44503,44512,9
13.0065402985,80.2554931641,44512,44524,12
13.0065498352,80.25440979,44524,44534,10
13.0065603256,80.2536315918,44534,44544,10
13.0065402985,80.2532424927,44544,44554,10
13.0065402985,80.253036499,44554,44564,10
13.0065803528,80.252746582,44564,44574,10
13.0066404343,80.252166748,44574,44584,10
13.0067501068,80.2513885498,44584,44594,10
13.0067996979,80.2504806519,44594,44604,10
13.0068397522,80.2495574951,44604,44614,10
13.0067396164,80.248588562,44614,44635,21
13.0067195892,80.2484664917,44635,44675,40
13.0067195892,80.2484664917,44675,44685,10
13.0066900253,80.2480773926,44685,44695,10
13.0066604614,80.247428894,44695,44705,10
13.006649971,80.2469100952,44705,44715,10
13.0066099167,80.2465820313,44715,44725,10
13.0066099167,80.2465362549,44725,44735,10
13.0066204071,80.2463531494,44735,44746,11
13.0066204071,80.2456665039,44746,44756,10
13.0066099167,80.2449874878,44756,44766,10
13.0065698624,80.2444915771,44766,44776,10
13.0065898895,80.2440032959,44776,44786,10
13.0065803528,80.2433319092,44786,44796,10
13.0065603256,80.242477417,44796,44806,10
13.0065402985,80.2416229248,44806,44816,10
13.0066699982,80.2406082153,44816,44845,29
13.0066699982,80.2406082153,44845,44857,12
13.0067300797,80.2401428223,44857,44867,10
13.0068998337,80.2395172119,44867,44877,10
13.0070896149,80.2386627197,44877,44887,10
13.0072498322,80.2378311157,44887,44897,10
13.0073795319,80.2371368408,44897,44907,10
13.0073900223,80.2368927002,44907,44927,20
13.0073900223,80.2368927002,44927,44937,10
13.0074901581,80.2365036011,44937,44947,10
13.0076198578,80.2359237671,44947,44957,10
13.0077800751,80.2351989746,44957,44968,11
13.0079803467,80.2342300415,44968,44978,10
13.0081796646,80.2331390381,44978,44988,10
13.0083904266,80.2320404053,44988,44998,10
13.0085897446,80.2309494019,44998,45008,10
13.0088195801,80.2297973633,45008,45018,10
13.0090398788,80.2286987305,45018,45028,10
13.0093603134,80.2276992798,45028,45038,10
13.0098304749,80.226600647,45038,45048,10
13.0103797913,80.2255172729,45048,45058,10
13.0108003616,80.224571228,45058,45068,10
13.0110902786,80.2238388062,45068,45079,11
13.0112695694,80.2232513428,45079,45089,10
13.0115299225,80.222618103,45089,45099,10
13.0118198395,80.2217483521,45099,45109,10
13.0122299194,80.2213973999,45109,45119,10
13.0124797821,80.2217407227,45119,45130,11
13.0128498077,80.2222137451,45130,45139,9
13.0132303238,80.2226028442,45139,45149,10
13.0137701035,80.2231903076,45149,45159,10
13.0140399933,80.2234725952,45159,45169,10
13.0142402649,80.223739624,45169,45180,11
13.0145998001,80.2241592407,45180,45190,10
13.0149803162,80.2245635986,45190,45201,11
13.0151796341,80.2247619629,45201,45209,8
13.0154600143,80.2249526978,45209,45231,22
13.0154600143,80.2249526978,45231,45240,9
13.0155200958,80.2249984741,45240,45250,10
13.0158596039,80.2252731323,45250,45260,10
13.016409874,80.2253265381,45260,45271,11
13.0171699524,80.2250366211,45271,45281,10
13.0179595947,80.2247161865,45281,45291,10
13.0186395645,80.2244415283,45291,45300,9
13.0190896988,80.224319458,45300,45312,12
13.0194997787,80.2244110107,45312,45320,8
13.0196504593,80.2245101929,45320,45332,12
13.0200099945,80.2247924805,45332,45342,10
13.0204601288,80.2250976563,45342,45352,10
13.0208997726,80.2254104614,45352,45362,10
13.0213699341,80.2258071899,45362,45372,10
13.021900177,80.2261962891,45372,45382,10
13.0224599838,80.2266235352,45382,45402,20
13.0224599838,80.2266235352,45402,45412,10
13.0225801468,80.2267303467,45412,45423,11
13.0229902267,80.2271270752,45423,45433,10
13.0235795975,80.2276992798,45433,45443,10
13.0242204666,80.2283706665,45443,45453,10
13.0246200562,80.2288894653,45453,45463,10
13.024889946,80.229309082,45463,45473,10
13.025349617,80.2298965454,45473,45483,10
13.0257902145,80.2304916382,45483,45503,20
13.0257902145,80.2304916382,45503,45513,10
13.0258903503,80.2306976318,45513,45523,10
13.0259504318,80.2310028076,45523,45534,11
13.0260295868,80.2314376831,45534,45544,10
13.0261602402,80.2319107056,45544,45554,10
13.0263500214,80.2325286865,45554,45564,10
13.0267295837,80.2333068848,45564,45574,10
13.0272502899,80.23412323,45574,45584,10
13.0276603699,80.2348480225,45584,45594,10
13.027879715,80.2352828979,45594,45604,10
13.0283298492,80.2358322144,45604,45614,10
13.0289402008,80.2364807129,45614,45624,10
13.0295200348,80.2370605469,45624,45634,10
13.0296602249,80.2371902466,45634,45645,11
13.0297603607,80.2373733521,45645,45655,10
13.0300703049,80.2379379272,45655,45665,10
13.0304498672,80.2384872437,45665,45675,10
13.0305500031,80.2386322021,45675,45685,10
13.0307197571,80.2389526367,45685,45695,10
13.0309200287,80.2393188477,45695,45705,10
13.031080246,80.2396774292,45705,45715,10
13.0312404633,80.2399520874,45715,45745,30
13.0312404633,80.2399520874,45745,45756,11
13.0313196182,80.2400817871,45756,45766,10
13.0313997269,80.2404327393,45766,45776,10
13.0313997269,80.2405776978,45776,45786,10
13.031370163,80.2407302856,45786,45846,60
13.031370163,80.2407302856,45846,45856,10
13.0316200256,80.2410812378,45856,45866,10
13.0318603516,80.2415466309,45866,45877,11
13.0322504044,80.2422409058,45877,45887,10
13.032790184,80.2429122925,45887,45897,10
13.0333595276,80.2437133789,45897,45907,10
13.0340499878,80.2446899414,45907,45917,10
13.0346698761,80.2454223633,45917,45927,10
13.0352802277,80.2460327148,45927,45937,10
13.0357198715,80.2461776733,45937,45947,10
13.0357704163,80.2462081909,45947,45957,10
13.0358600616,80.2462463379,45957,45967,10
13.036190033,80.2463912964,45967,45976,9
13.0367498398,80.2464904785,45976,45988,12
13.0375404358,80.2464370728,45988,45998,10
13.0381603241,80.2465820313,45998,46008,10
13.0389299393,80.2468185425,46008,46068,60
13.0389299393,80.2468185425,46068,46078,10
13.0392904282,80.246887207,46078,46088,10
13.0396003723,80.2469787598,46088,46099,11
13.0402202606,80.2471008301,46099,46109,10
13.040769577,80.247177124,46109,46119,10
13.0408000946,80.247177124,46119,46131,12
13.0412397385,80.2472686768,46131,46139,8
13.0418796539,80.2473907471,46139,46210,71
13.0418796539,80.2473907471,46210,46222,12
13.0428199768,80.247718811,46222,46232,10
13.0428199768,80.247718811,46232,46242,10
13.0434503555,80.2478790283,46242,46252,10
13.0438203812,80.2478103638,46252,46270,18
13.0447797775,80.2479476929,46270,46279,9
13.0452804565,80.2481765747,46279,46289,10
13.0460596085,80.2484664917,46289,46301,12
13.0468997955,80.2483673096,46301,46322,21
13.0468997955,80.2483673096,46322,46331,9
13.0472097397,80.2485427856,46331,46341,10
13.0475597382,80.2488098145,46341,46351,10
13.0480604172,80.2493133545,46351,46362,11
13.0487298965,80.2496337891,46362,46371,9
13.0495300293,80.2497634888,46371,46381,10
13.0505304337,80.2499389648,46381,46391,10
13.0513601303,80.2501678467,46391,46401,10
13.0520601273,80.2506637573,46401,46411,10
13.0527095795,80.2514877319,46411,46421,10
13.0534496307,80.2524871826,46421,46431,10
13.0540504456,80.2533187866,46431,46442,11
13.0546398163,80.2540893555,46442,46454,12
13.0550403595,80.2545700073,46454,46464,10
13.055270195,80.2549133301,46464,46474,10
13.0555000305,80.255241394,46474,46484,10
13.0556001663,80.2553863525,46484,46494,10
13.0558395386,80.2556991577,46494,46504,10
13.056019783,80.2559432983,46504,46514,10
13.0562400818,80.2562179565,46514,46524,10
13.0567998886,80.2568206787,46524,46543,19
13.0567998886,80.2568206787,46543,46555,12
13.0570201874,80.2570419312,46555,46565,10
13.0574598312,80.2574386597,46565,46575,10
13.0579204559,80.2578811646,46575,46585,10
13.058380127,80.2584609985,46585,46595,10
13.0588302612,80.2589874268,46595,46605,10
13.0592498779,80.2596817017,46605,46615,10
13.0598201752,80.2602233887,46615,46625,10
13.0603399277,80.2607574463,46625,46635,10
13.0606803894,80.261177063,46635,46645,10
13.0607595444,80.2612762451,46645,46655,10
13.0608997345,80.2615585327,46655,46666,11
13.0612602234,80.2620010376,46666,46676,10
13.06153965,80.2623214722,46676,46686,10
13.061920166,80.2628173828,46686,46696,10
13.0628499985,80.2638931274,46696,46716,20
13.0628499985,80.2638931274,46716,46726,10
13.0631103516,80.264251709,46726,46736,10
13.06346035,80.2647476196,46736,46746,10
13.0637998581,80.265296936,46746,46756,10
13.0640201569,80.2656097412,46756,46766,10
13.0642595291,80.2658996582,46766,46777,11
13.0644397736,80.2660369873,46777,46787,10
13.0645999908,80.2662582397,46787,46797,10
13.0647096634,80.266418457,46797,46807,10
13.0648403168,80.2665786743,46807,46817,10
13.0650100708,80.2668075562,46817,46827,10
13.0653800964,80.2670822144,46827,46837,10
13.0658302307,80.2674865723,46837,46847,10
13.0658903122,80.2675933838,46847,46857,10
13.0659799576,80.267791748,46857,46867,10
13.0663099289,80.2681808472,46867,46877,10
13.0666399002,80.2683868408,46877,46888,11
13.0670404434,80.2686386108,46888,46898,10
13.0675802231,80.2689819336,46898,46908,10
13.0680599213,80.26927948,46908,46918,10
13.0682001114,80.2693786621,46918,46928,10
13.0682401657,80.269569397,46928,46937,9
13.068189621,80.2700195313,46937,46949,12
13.0681400299,80.2703323364,46949,46959,10
13.0680999756,80.2706985474,46959,46969,10
13.0681295395,80.2712783813,46969,46979,10
13.0683403015,80.2715988159,46979,47010,31
13.0683403015,80.2715988159,47010,47020,10
13.0687303543,80.2719192505,47020,47040,20
13.0687303543,80.2719192505,47040,47050,10
13.0691099167,80.2720565796,47050,47060,10
13.0694999695,80.2724304199,47060,47071,11
13.0699796677,80.2729568481,47071,47081,10
13.0703601837,80.2734069824,47081,47091,10
13.0709896088,80.2740402222,47091,47110,19
13.0709896088,80.2740402222,47110,47121,11
13.0713300705,80.2741165161,47121,47151,30
13.0713300705,80.2741165161,47151,47161,10
13.0716600418,80.2742614746,47161,47171,10
13.0720596313,80.2746200562,47171,47181,10
13.0725002289,80.2751083374,47181,47191,10
13.0730304718,80.275680542,47191,47201,10
13.0735197067,80.2761764526,47201,47213,12
13.0739402771,80.2763214111,47213,47224,11
13.0741500854,80.2763290405,47224,47234,10
13.0747299194,80.2763137817,47234,47244,10
13.0754899979,80.2762527466,47244,47254,10
13.0757198334,80.2762298584,47254,47264,10
13.0761699677,80.2762298584,47264,47274,10
13.0768699646,80.2762069702,47274,47284,10
13.0777196884,80.2761611938,47284,47294,10
13.0782003403,80.2757720947,47294,47304,10
13.0785398483,80.275177002,47304,47314,10
13.0792798996,80.2751998901,47314,47324,10
13.0801296234,80.2752532959,47324,47334,10
13.0809001923,80.2751464844,47334,47345,11
13.0811100006,80.2751312256,47345,47355,10
13.0814504623,80.2750930786,47355,47365,10
13.0818796158,80.2752609253,47365,47375,10
13.0820198059,80.2757720947,47375,47395,20
13.0820198059,80.2757720947,47395,47405,10
13.0818901062,80.2759933472,47405,47415,10
13.0818595886,80.2763366699,47415,47425,10
13.0819301605,80.2770004272,47425,47435,10
13.0820102692,80.2777481079,47435,47445,10
13.0820798874,80.2781295776,47445,47456,11
13.0820999146,80.2787704468,47456,47466,10
13.082159996,80.2796630859,47466,47476,10
13.0823097229,80.2807922363,47476,47486,10
13.0823802948,80.2816314697,47486,47496,10
13.0830001831,80.282119751,47496,47506,10
13.0838804245,80.2826766968,47506,47516,10
13.0846796036,80.2832794189,47516,47526,10
13.0851602554,80.2837982178,47526,47536,10
13.0854301453,80.2836608887,47536,47546,10
13.0856704712,80.2835617065,47546,47556,10
13.0860900879,80.2835617065,47556,47567,11
13.0865497589,80.283706665,47567,47577,10
13.0869598389,80.2836837769,47577,47587,10
13.0874300003,80.2836685181,47587,47597,10
13.0878000259,80.2836685181,47597,47607,10
13.0880699158,80.2837677002,47607,49404,1797
13.088259697,80.2834472656,49404,49437,33
13.0882196426,80.2822418213,49437,49467,30
13.0874996185,80.2813796997,49467,49498,31
13.0874996185,80.2813796997,49498,49528,30
13.0873203278,80.2813415527,49528,49538,10
13.0868196487,80.2811965942,49538,49548,10
13.086400032,80.2810668945,49548,49558,10
13.0862102509,80.2810287476,49558,49579,21
13.0862102509,80.2810287476,49579,49589,10
13.0859203339,80.2809371948,49589,49599,10
13.0857400894,80.2807617188,49599,49609,10
13.0856399536,80.2804031372,49609,49619,10
13.0855998993,80.2801895142,49619,49629,10
13.0855798721,80.2801513672,49629,49639,10
13.0854701996,80.2797775269,49639,49649,10
13.0850200653,80.2794036865,49649,49659,10
13.0846700668,80.2793121338,49659,49669,10
13.0843801498,80.279258728,49669,49679,10
13.0839395523,80.2791976929,49679,49690,11
13.0832901001,80.2789611816,49690,49700,10
13.0828504562,80.2787628174,49700,49710,10
13.0825500488,80.2786483765,49710,49720,10
13.082110405,80.2784423828,49720,49730,10
13.0819501877,80.2780303955,49730,49740,10
13.081870079,80.2776184082,49740,49750,10
13.0818099976,80.2771835327,49750,49760,10
13.0818004608,80.2770080566,49760,49770,10
13.0817899704,80.2767562866,49770,49780,10
13.0817298889,80.2762374878,49780,49790,10
13.081609726,80.2758865356,49790,49801,11
13.0815200806,80.2756271362,49801,49821,20
13.0815200806,80.2756271362,49821,49831,10
13.081489563,80.275428772,49831,49841,10
13.0814304352,80.2752380371,49841,49851,10
13.0810899734,80.2752304077,49851,49861,10
13.0805397034,80.2752990723,49861,49871,10
13.0799398422,80.2753677368,49871,49881,10
13.0793504715,80.2753295898,49881,49891,10
13.0785799026,80.2752838135,49891,49901,10
13.0781698227,80.2760391235,49901,49912,11
13.0773200989,80.2762832642,49912,49922,10
13.0763196945,80.2763290405,49922,49932,10
13.0754699707,80.2763671875,49932,49942,10
13.0750198364,80.2763900757,49942,49952,10
13.0744600296,80.2764205933,49952,49962,10
13.0740299225,80.2764816284,49962,49972,10
13.0736598969,80.2764968872,49972,49982,10
13.0731601715,80.2760696411,49982,49992,10
13.0725898743,80.2754211426,49992,50002,10
13.0721101761,80.2749176025,50002,50012,10
13.0719604492,80.2747802734,50012,50023,11
13.0714702606,80.2745437622,50023,50033,10
13.0708198547,80.2743225098,50033,50053,20
13.0708198547,80.2743225098,50053,50063,10
13.0706796646,80.2741775513,50063,50073,10
13.0704698563,80.2737426758,50073,50083,10
13.0700902939,80.2731933594,50083,50093,10
13.0694904327,80.2725372314,50093,50103,10
13.0690698624,80.2720870972,50103,50113,10
13.0687398911,80.2719802856,50113,50123,10
13.0683002472,80.2717514038,50123,50133,10
13.0680704117,80.2714080811,50133,50145,12
13.0676803589,80.2708587646,50145,50153,8
13.0672302246,80.2703933716,50153,50163,10
13.0666399002,80.2697601318,50163,50173,10
13.0664997101,80.2692871094,50173,50183,10
13.0664100647,80.2686309814,50183,50193,10
13.066069603,80.268081665,50193,50203,10
13.0656099319,80.2677001953,50203,50224,21
13.0656099319,80.2677001953,50224,50234,10
13.0654802322,80.2675933838,50234,50244,10
13.065290451,80.267578125,50244,50254,10
13.0651597977,80.2676010132,50254,50264,10
13.0646800995,80.267539978,50264,50274,10
13.0641698837,80.2674484253,50274,50284,10
13.0635700226,80.2673568726,50284,50294,10
13.0631198883,80.2672805786,50294,50304,10
13.0627603531,80.2672119141,50304,50315,11
13.0623397827,80.2666778564,50315,50325,10
13.061920166,80.266166687,50325,50335,10
13.0616598129,80.2658233643,50335,50345,10
13.0613603592,80.2654418945,50345,50355,10
13.060549736,80.26537323,50355,50377,22
13.060549736,80.26537323,50377,50387,10
13.0603704453,80.2655334473,50387,50397,10
13.059920311,80.2656402588,50397,50407,10
13.0592498779,80.2655487061,50407,50417,10
13.0584497452,80.2654037476,50417,50427,10
13.0580701828,80.2648010254,50427,50437,10
13.0579204559,80.2638931274,50437,50447,10
13.0577898026,80.2629623413,50447,50457,10
13.0577001572,80.2623214722,50457,50467,10
13.0575799942,80.2615737915,50467,50478,11
13.0574102402,80.2606887817,50478,50488,10
13.0571498871,80.2598266602,50488,50498,10
13.0569200516,80.2591171265,50498,50508,10
13.0567703247,80.2586135864,50508,50518,10
13.0566596985,80.258102417,50518,50528,10
13.0565700531,80.2576599121,50528,50538,10
13.0564804077,80.2572937012,50538,50548,10
13.0564899445,80.2572937012,50548,50558,10
13.0564804077,80.2568893433,50558,50568,10
13.0562601089,80.2563171387,50568,50578,10
13.0558700562,80.2557830811,50578,50589,11
13.0552997589,80.2549972534,50589,50599,10
13.0547399521,80.2542572021,50599,50609,10
13.0543298721,80.2537231445,50609,50619,10
13.0541095734,80.2534179688,50619,50629,10
13.0537500381,80.2529296875,50629,50639,10
13.0533599854,80.2524032593,50639,50649,10
13.0529699326,80.2518768311,50649,50659,10
13.0525302887,80.2512817383,50659,50669,10
13.0520496368,80.2506790161,50669,50679,10
13.0513601303,80.2501983643,50679,50689,10
13.0503196716,80.2499084473,50689,50700,11
13.0490598679,80.2497634888,50700,50710,10
13.0481500626,80.2493896484,50710,50720,10
13.0474300385,80.2487869263,50720,50730,10
13.0469398499,80.2486114502,50730,50740,10
13.0469102859,80.2486114502,50740,50750,10
13.0466604233,80.2486114502,50750,50760,10
13.0461101532,80.2484817505,50760,50770,10
13.0453500748,80.2482070923,50770,50780,10
13.0445203781,80.2480392456,50780,50790,10
13.0435695648,80.2478637695,50790,50800,10
13.0426902771,80.247718811,50800,50811,11
13.0418100357,80.2475280762,50811,50821,10
13.0415000916,80.2474517822,50821,50831,10
13.0412998199,80.2473678589,50831,50841,10
13.0407600403,80.2472686768,50841,50851,10
13.0402803421,80.247177124,50851,50861,10
13.0402603149,80.247177124,50861,50871,10
13.0400295258,80.2471237183,50871,50881,10
13.0396699905,80.2470626831,50881,50891,10
13.039270401,80.2469482422,50891,50901,10
13.0388402939,80.2468566895,50901,50911,10
13.0387096405,80.2468490601,50911,50921,10
13.0384998322,80.2468414307,50921,50932,11
13.0382099152,80.2467880249,50932,50942,10
13.0378503799,80.2467269897,50942,50952,10
13.0378398895,80.2467269897,50952,50962,10
13.037730217,80.246711731,50962,50972,10
13.0375795364,80.2466812134,50972,50982,10
13.0372495651,80.2466278076,50982,50992,10
13.0367898941,80.2465286255,50992,51002,10
13.0362195969,80.2463989258,51002,51012,10
13.0358695984,80.2462997437,51012,51043,31
13.0358695984,80.2462997437,51043,51053,10
13.0356502533,80.2461929321,51053,51063,10
13.035369873,80.2460403442,51063,51073,10
13.0353298187,80.2460174561,51073,51083,10
13.0352401733,80.2459335327,51083,51093,10
13.0348796844,80.2456970215,51093,51103,10
13.0347499847,80.2454833984,51103,51113,10
13.034529686,80.2452011108,51113,51123,10
13.0341796875,80.2448120117,51123,51133,10
13.0337095261,80.2442474365,51133,51142,9
13.0331401825,80.243560791,51142,51154,12
13.0323896408,80.2425613403,51154,51164,10
13.031920433,80.2418823242,51164,51174,10
13.0317296982,80.2414321899,51174,51194,20
13.0317296982,80.2414321899,51194,51204,10
13.0316495895,80.2411575317,51204,51214,10
13.0313997269,80.2406692505,51214,51224,10
13.0311403275,80.2400588989,51224,51234,10
13.0308198929,80.2394104004,51234,51244,10
13.0303602219,80.2386169434,51244,51254,10
13.0297803879,80.2376174927,51254,51264,10
13.0291795731,80.2369003296,51264,51274,10
13.0290498734,80.2367630005,51274,51284,10
13.0287103653,80.2363586426,51284,51294,10
13.0282001495,80.2357635498,51294,51304,10
13.0277004242,80.2350387573,51304,51314,10
13.0271701813,80.2341308594,51314,51324,10
13.0266103745,80.2331771851,51324,51335,11
13.0262403488,80.2324371338,51335,51345,10
13.0262298584,80.2323608398,51345,51355,10
13.0261602402,80.2320632935,51355,51365,10
13.0260696411,80.2316818237,51365,51375,10
13.0259599686,80.2312469482,51375,51385,10
13.0257101059,80.2305297852,51385,51395,10
13.0252304077,80.2297668457,51395,51405,10
13.0249204636,80.2294006348,51405,51415,10
13.0247297287,80.2291564941,51415,51425,10
13.0244503021,80.2287979126,51425,51435,10
13.0240097046,80.2282867432,51435,51455,20
13.0240097046,80.2282867432,51455,51465,10
13.0237998962,80.2280197144,51465,51475,10
13.023440361,80.2276611328,51475,51485,10
13.0229501724,80.2272109985,51485,51498,13
13.0225896835,80.2268066406,51498,51508,10
13.0221700668,80.2264175415,51508,51518,10
13.0215101242,80.2258911133,51518,51528,10
13.0207195282,80.2252883911,51528,51538,10
13.0198001862,80.2246780396,51538,51548,10
13.0187397003,80.2245025635,51548,51558,10
13.0175600052,80.2249679565,51558,51568,10
13.0165500641,80.2254104614,51568,51580,12
13.0160198212,80.2256164551,51580,51590,10
13.0154695511,80.2258224487,51590,51600,10
13.014840126,80.2260818481,51600,51611,11
13.0140895844,80.2264404297,51611,51631,20
13.0140895844,80.2264404297,51631,51641,10
13.0140304565,80.2264633179,51641,51651,10
13.0136804581,80.226600647,51651,51661,10
13.013250351,80.2266921997,51661,51671,10
13.0125999451,80.2269668579,51671,51681,10
13.0117502213,80.2273178101,51681,51691,10
13.0107698441,80.2276992798,51691,51701,10
13.0096797943,80.2281265259,51701,51711,10
13.0090799332,80.2289733887,51711,51722,11
13.0088195801,80.2302627563,51722,51732,10
13.0085802078,80.2315216064,51732,51742,10
13.0083303452,80.2328033447,51742,51752,10
13.0082597733,80.233543396,51752,51764,12
13.0082502365,80.2335586548,51764,51774,10
13.0081701279,80.2337875366,51774,51784,10
13.0080795288,80.2342605591,51784,51794,10
13.0079298019,80.2349624634,51794,51804,10
13.0077495575,80.2358169556,51804,51814,10
13.0075798035,80.2366485596,51814,51824,10
13.0073795319,80.2377166748,51824,51835,11
13.0072202682,80.2386627197,51835,51845,10
13.007060051,80.239402771,51845,51855,10
13.0069503784,80.2400283813,51855,51875,20
13.0069503784,80.2400283813,51875,51885,10
13.0068902969,80.2405776978,51885,51895,10
13.0068702698,80.2407302856,51895,51905,10
13.0068101883,80.2409591675,51905,51915,10
13.006770134,80.2415771484,51915,51925,10
13.0067300797,80.2425308228,51925,51935,10
13.0066795349,80.2434005737,51935,51946,11
13.0066795349,80.2444534302,51946,51955,9
13.0066900253,80.2454299927,51955,51966,11
13.0067300797,80.2465133667,51966,51978,12
13.0067596436,80.2473983765,51978,51988,10
13.0067501068,80.2481613159,51988,51998,10
13.0068397522,80.2491073608,51998,52008,10
13.0068702698,80.2497711182,52008,52018,10
13.0068397522,80.250213623,52018,52028,10
13.006819725,80.2509384155,52028,52038,10
13.0067195892,80.2518234253,52038,52048,10
13.0065698624,80.2528381348,52048,52059,11
13.0065698624,80.254119873,52059,52069,10
13.0066204071,80.2550125122,52069,52089,20
13.0066204071,80.2550125122,52089,52099,10
13.0066099167,80.2554168701,52099,52109,10
13.0066299438,80.2561264038,52109,52119,10
13.0066995621,80.2573394775,52119,52200,81
13.0066995621,80.2573394775,52200,52210,10
13.0064096451,80.2575683594,52210,52220,10
13.0059204102,80.2573699951,52220,52230,10
13.0051403046,80.2572174072,52230,52240,10
13.0043697357,80.2570495605,52240,52250,10
13.0036296844,80.2569122314,52250,52260,10
13.0029001236,80.2567672729,52260,52270,10
13.0017700195,80.2565994263,52270,52341,71
13.0017700195,80.2565994263,52341,52351,10
13.0015602112,80.2565383911,52351,52361,10
13.0009498596,80.2564620972,52361,52371,10
13.000120163,80.2563171387,52371,52381,10
12.9992799759,80.2561721802,52381,52391,10
12.9985399246,80.2560882568,52391,52422,31
12.9985399246,80.2560882568,52422,52432,10
12.9983100891,80.2560806274,52432,52442,10
12.9982299805,80.2560501099,52442,52452,10
12.997710228,80.2559585571,52452,52462,10
12.9972200394,80.2559509277,52462,52492,30
12.9972200394,80.2559509277,52492,52502,10
12.9970302582,80.2559127808,52502,52512,10
12.9965896606,80.2558898926,52512,52523,11
12.9960298538,80.2558898926,52523,52533,10
12.9956998825,80.255897522,52533,52543,10
12.9952497482,80.2559204102,52543,52553,10
12.994600296,80.2559204102,52553,52563,10
12.9938697815,80.2559814453,52563,52573,10
12.9929800034,80.2560195923,52573,52583,10
12.9920501709,80.2560501099,52583,52593,10
12.9912900925,80.2560195923,52593,52603,10
12.9905700684,80.2560195923,52603,52613,10
12.989780426,80.2559890747,52613,52623,10
12.9886198044,80.2559204102,52623,52644,21
12.9886198044,80.2559204102,52644,52654,10
12.9882698059,80.2558822632,52654,52664,10
12.9878396988,80.2558517456,52664,52674,10
12.9876203537,80.2562408447,52674,52684,10
12.9875602722,80.256980896,52684,52694,10
12.9874801636,80.2578964233,52694,52704,10
12.9874095917,80.2588500977,52704,52714,10
12.9872999191,80.2595214844,52714,52724,10
12.9871301651,80.2597503662,52724,52734,10
12.9866600037,80.2597732544,52734,52745,11
12.9858999252,80.2596817017,52745,52755,10
12.9852895737,80.2596435547,52755,52785,30
12.9852895737,80.2596435547,52785,52795,10
12.9851198196,80.2596130371,52795,52805,10
12.9847402573,80.259552002,52805,52815,10
12.9841003418,80.2594985962,52815,52825,10
12.9831399918,80.2594604492,52825,52845,20
12.9831399918,80.2594604492,52845,52855,10
12.9828901291,80.2594070435,52855,52865,10
12.9823303223,80.2593765259,52865,52875,10
12.9814996719,80.2593536377,52875,52885,10
12.9805498123,80.2593231201,52885,52895,10
12.9794902802,80.2591629028,52895,52905,10
12.9784002304,80.2590866089,52905,52915,10
12.9775104523,80.2591323853,52915,52925,10
12.9765100479,80.2590637207,52925,52946,21
12.9765100479,80.2590637207,52946,52956,10
12.9763402939,80.2589874268,52956,52966,10
12.9758396149,80.2588882446,52966,52976,10
12.9750995636,80.2586669922,52976,52986,10
12.9742097855,80.2584533691,52986,52996,10
12.9733200073,80.2582397461,52996,53006,10
12.9722795486,80.2580871582,53006,53016,10
12.9712095261,80.2581100464,53016,53026,10
12.970199585,80.2579193115,53026,53036,10
12.9696702957,80.2577514648,53036,53046,10
12.9696598053,80.2577514648,53046,53056,10
12.9695796967,80.2577362061,53056,53066,10
12.9691400528,80.2575836182,53066,53076,10
12.9685001373,80.2574081421,53076,53089,13
12.9673204422,80.2571105957,53089,53099,10
12.9661998749,80.2568969727,53099,53109,10
12.9649896622,80.2566604614,53109,53119,10
12.96393013,80.2565307617,53119,53129,10
12.9630498886,80.2564620972,53129,53139,10
12.9622001648,80.256362915,53139,53149,10
12.9614601135,80.2562179565,53149,53159,10
12.9608201981,80.256072998,53159,53179,20
12.9608201981,80.256072998,53179,53189,10
12.9605197906,80.2559890747,53189,53200,11
12.959859848,80.2558364868,53200,53210,10
12.9589996338,80.2556610107,53210,53220,10
12.958029747,80.2554626465,53220,53230,10
12.9570398331,80.255279541,53230,53240,10
12.9559497833,80.2551803589,53240,53250,10
12.9549398422,80.2551803589,53250,53260,10
12.9541797638,80.2551803589,53260,53270,10
12.9541397095,80.2551727295,53270,53280,10
12.9538002014,80.2551574707,53280,53290,10
12.9531803131,80.2551574707,53290,53300,10
12.9523496628,80.2551193237,53300,53310,10
12.9513196945,80.2550735474,53310,53321,11
12.9504203796,80.2549972534,53321,53331,10
12.9504098892,80.254989624,53331,53341,10
12.9503097534,80.2549133301,53341,53351,10
12.9498996735,80.2548294067,53351,53361,10
12.9492902756,80.254699707,53361,53371,10
12.9484195709,80.254447937,53371,53381,10
12.9473600388,80.25415802,53381,53391,10
12.9461603165,80.2538909912,53391,53401,10
12.9448699951,80.2537307739,53401,53411,10
12.9435501099,80.2535171509,53411,53421,10
12.9422597885,80.253288269,53421,53432,11
12.9408798218,80.253036499,53432,53442,10
12.9395704269,80.2528076172,53442,53452,10
12.9383897781,80.2527389526,53452,53472,20
12.9383897781,80.2527389526,53472,53482,10
12.9380903244,80.2526626587,53482,53492,10
12.9373998642,80.2525405884,53492,53502,10
12.9364795685,80.2524185181,53502,53512,10
12.9354200363,80.2523193359,53512,53522,10
12.9344396591,80.2521896362,53522,53531,9
12.9334001541,80.2520828247,53531,53543,12
12.9318799973,80.2518768311,53543,53553,10
12.9304895401,80.2517166138,53553,53563,10
12.9291496277,80.2515792847,53563,53573,10
12.9279899597,80.2514572144,53573,53583,10
12.9274597168,80.251411438,53583,53593,10
12.9273996353,80.251411438,53593,53603,10
12.9269504547,80.2513580322,53603,53613,10
12.926199913,80.2512893677,53613,53623,10
12.925239563,80.2512130737,53623,53633,10
12.9241199493,80.251159668,53633,53642,9
12.9229803085,80.2510681152,53642,53654,12
12.9213600159,80.2512207031,53654,53664,10
12.9200801849,80.2512969971,53664,53674,10
12.9190301895,80.2509384155,53674,53684,10
12.9187097549,80.250869751,53684,53694,10
12.918589592,80.2508392334,53694,53704,10
12.9180498123,80.2507476807,53704,53714,10
12.9172401428,80.2506332397,53714,53724,10
12.9162502289,80.250541687,53724,53734,10
12.9150495529,80.2504425049,53734,53744,10
12.9137802124,80.2503204346,53744,53754,10
12.9125204086,80.250213623,53754,53765,11
12.9111099243,80.2501220703,53765,53775,10
12.9100103378,80.2500534058,53775,53785,10
12.9088802338,80.2499694824,53785,53795,10
12.9076099396,80.24974823,53795,53805,10
12.9062795639,80.249420166,53805,53815,10
12.9048900604,80.249130249,53815,53825,10
12.9034404755,80.2489395142,53825,53835,10
12.9019603729,80.2487716675,53835,53845,10
12.9005804062,80.2484512329,53845,53855,10
12.8992395401,80.2479171753,53855,53865,10
12.8980398178,80.2475509644,53865,53875,10
12.8974599838,80.2474136353,53875,53886,11
12.8973903656,80.2473678589,53886,53896,10
12.8969898224,80.2472991943,53896,53906,10
12.8962697983,80.2471618652,53906,53917,11
12.8952703476,80.2469482422,53917,53927,10
12.8941497803,80.246673584,53927,53937,10
12.8930101395,80.246307373,53937,53947,10
12.8921003342,80.2460632324,53947,53957,10
12.890999794,80.2457962036,53957,53967,10
12.8897695541,80.2455062866,53967,53977,10
12.8885803223,80.2453689575,53977,53986,9
12.8879003525,80.2454681396,53986,53999,13
12.8873996735,80.2455978394,53999,54007,8
12.8870897293,80.2456893921,54007,54017,10
12.8865995407,80.2457809448,54017,54027,10
12.886469841,80.2457885742,54027,54037,10
12.8861198425,80.2457733154,54037,54047,10
12.8854999542,80.2456588745,54047,54057,10
12.8846902847,80.2454910278,54057,54067,10
12.8837499619,80.2453308105,54067,54077,10
12.8827199936,80.2451324463,54077,54087,10
12.8817996979,80.2449493408,54087,54097,10
12.88078022,80.2447662354,54097,54110,13
12.8794202805,80.2444000244,54110,54120,10
12.8783197403,80.2439575195,54120,54130,10
12.877289772,80.2437286377,54130,54140,10
12.8765602112,80.2436218262,54140,54150,10
12.8756599426,80.2434768677,54150,54160,10
12.8746004105,80.2433624268,54160,54170,10
12.8733997345,80.2432403564,54170,54180,10
12.8722496033,80.2431869507,54180,54190,10
12.8712902069,80.2432403564,54190,54200,10
12.8704795837,80.243309021,54200,54210,10
12.8690099716,80.2435836792,54210,54231,21
12.8690099716,80.2435836792,54231,54241,10
12.8687496185,80.2435684204,54241,54251,10
12.8682098389,80.2434616089,54251,54261,10
12.867480278,80.2432098389,54261,54271,10
12.8665399551,80.2428436279,54271,54281,10
12.8654298782,80.2425308228,54281,54291,10
12.8647899628,80.2423782349,54291,54301,10
12.8642396927,80.2423095703,54301,54311,10
12.8633804321,80.2421875,54311,54321,10
12.8622398376,80.2420730591,54321,54372,51
12.8622398376,80.2420730591,54372,54382,10
12.8617801666,80.2420578003,54382,54443,61
12.8617801666,80.2420578003,54443,54453,10
12.8614597321,80.2420272827,54453,54463,10
12.8609199524,80.2419967651,54463,54473,10
12.8600997925,80.2419433594,54473,54483,10
12.8595600128,80.2419204712,54483,54493,10
12.8590097427,80.241897583,54493,54503,10
12.8581695557,80.2418518066,54503,54513,10
12.8572101593,80.2417678833,54513,54523,10
12.8560495377,80.2416687012,54523,54533,10
12.8547697067,80.241569519,54533,54543,10
12.8535299301,80.2415237427,54543,54553,10
12.8524198532,80.2414093018,54553,54564,11
12.8512496948,80.2412567139,54564,54574,10
12.8504199982,80.2411880493,54574,54584,10
12.8502597809,80.2411804199,54584,54594,10
12.8502101898,80.2411499023,54594,54604,10
12.8497896194,80.2410583496,54604,54614,10
12.8490495682,80.2409973145,54614,54624,10
12.8480701447,80.2408905029,54624,54634,10
12.8471803665,80.2408370972,54634,54644,10
12.8462200165,80.2407913208,54644,54654,10
12.8451004028,80.240737915,54654,54663,9
12.8439502716,80.2406997681,54663,54675,12
12.8423404694,80.2406311035,54675,54685,10
12.841509819,80.2406234741,54685,54695,10
12.8413801193,80.2406082153,54695,54705,10
12.8408403397,80.2405700684,54705,54715,10
12.8399295807,80.2405090332,54715,54725,10
12.8389396667,80.2404785156,54725,54735,10
12.8378400803,80.2404174805,54735,54745,10
12.8366298676,80.2403869629,54745,54755,10
12.8353700638,80.2404327393,54755,54765,10
12.8339700699,80.2404632568,54765,54775,10
12.8325500488,80.2405014038,54775,54786,11
12.831319809,80.240447998,54786,54796,10
12.8312397003,80.2404403687,54796,54806,10
12.8309898376,80.2404098511,54806,54816,10
12.8303604126,80.2404022217,54816,54826,10
12.8295097351,80.2403564453,54826,54836,10
12.8285198212,80.2403182983,54836,54846,10
12.8275403976,80.2403106689,54846,54856,10
12.8263502121,80.2402801514,54856,54866,10
12.8250303268,80.240196228,54866,54876,10
12.8237199783,80.2401733398,54876,54886,10
12.8223199844,80.2401275635,54886,54896,10
12.8208703995,80.2402267456,54896,54907,11
12.819439888,80.2403411865,54907,54917,10
12.8185997009,80.2404785156,54917,54927,10
12.8182401657,80.2405090332,54927,54937,10
12.8180599213,80.2405319214,54937,54947,10
12.8175201416,80.2406005859,54947,54957,10
12.8167104721,80.2407836914,54957,54967,10
12.8153800964,80.2413024902,54967,54987,20
12.8153800964,80.2413024902,54987,54997,10
12.8151302338,80.2414474487,54997,55007,10
12.8145399094,80.2417068481,55007,55017,10
12.8140296936,80.2419204712,55017,55028,11
12.8138599396,80.2419815063,55028,55038,10
12.8133201599,80.2422103882,55038,55048,10
12.812620163,80.2425003052,55048,55058,10
12.8125400543,80.2425308228,55058,55068,10
12.8121700287,80.24269104,55068,55078,10
12.8115196228,80.2429504395,55078,55087,9
12.810790062,80.2432403564,55087,55098,11
12.8095998764,80.2434768677,55098,55108,10
12.8083295822,80.2433776855,55108,55118,10
12.8071203232,80.2431793213,55118,55131,13
12.8057899475,80.2429199219,55131,55141,10
12.8055200577,80.2428588867,55141,55151,10
12.8049297333,80.2427368164,55151,55161,10
12.8040704727,80.2425918579,55161,55171,10
12.803030014,80.242401123,55171,55181,10
12.8018198013,80.2421798706,55181,55191,10
12.8004903793,80.2419509888,55191,55201,10
12.7991800308,80.2417221069,55201,55211,10
12.7988195419,80.2416534424,55211,55221,10
12.7983999252,80.241569519,55221,55231,10
12.7976799011,80.2414321899,55231,55242,11
12.7966403961,80.2412414551,55242,55252,10
12.7955799103,80.2411422729,55252,55262,10
12.7952699661,80.2411880493,55262,55272,10
12.7948503494,80.2412872314,55272,55282,10
12.7940998077,80.2415008545,55282,55292,10
12.7931604385,80.2417602539,55292,55302,10
12.7919998169,80.2420730591,55302,55312,10
12.7907400131,80.2424163818,55312,55322,10
12.7894201279,80.2428283691,55322,55332,10
12.7881097794,80.2434234619,55332,55342,10
12.7867603302,80.2440567017,55342,55353,11
12.7854003906,80.2446975708,55353,55363,10
12.784529686,80.2451477051,55363,55373,10
12.7844200134,80.2452011108,55373,55383,10
12.7843704224,80.2452163696,55383,55393,10
12.7839603424,80.2454223633,55393,55403,10
12.7832803726,80.2457580566,55403,55413,10
12.7824497223,80.2461700439,55413,55423,10
12.7814502716,80.246711731,55423,55433,10
12.7803602219,80.2472915649,55433,55443,10
12.7792596817,80.2479019165,55443,55453,10
12.7785596848,80.2484436035,55453,55464,11
12.7788200378,80.2485580444,55464,55474,10
12.779299736,80.2486495972,55474,55484,10
12.7800703049,80.2487564087,55484,55494,10
12.7809801102,80.2489624023,55494,55504,10
12.7820396423,80.2493209839,55504,55514,10
12.7830095291,80.2496032715,55514,55524,10
12.7836399078,80.2497024536,55524,55534,10
12.784119606,80.2497634888,55534,55544,10
12.7847003937,80.2498321533,55544,55554,10
12.7855396271,80.2499389648,55554,55564,10
12.7863702774,80.2500305176,55564,55574,10
12.7866697311,80.2499389648,55574,55585,11
12.7867498398,80.2492980957,55585,56412,827
12.7901697159,80.2424468994,56412,56642,230
12.7946195602,80.2413024902,56642,56676,34
12.7960700989,80.2410812378,56676,56706,30
12.7990999222,80.2416229248,56706,56737,31
12.8031301498,80.242401123,56737,56767,30
12.8063402176,80.2429580688,56767,56797,30
12.8083496094,80.243309021,56797,56827,30
12.8118200302,80.2427825928,56827,56858,31
12.8128004074,80.2423706055,56858,56888,30
12.8154001236,80.2413024902,56888,56918,30
12.8154001236,80.2413024902,56918,56938,20
12.8177204132,80.2405395508,56938,56949,11
12.8189296722,80.2404174805,56949,56959,10
12.8197803497,80.2403030396,56959,56969,10
12.8199396133,80.2402877808,56969,56979,10
12.8204298019,80.2402572632,56979,56989,10
12.8212099075,80.240196228,56989,56999,10
12.8221502304,80.2401123047,56999,57009,10
12.8233003616,80.2401275635,57009,57019,10
12.8245801926,80.2401885986,57019,57029,10
12.8257198334,80.240196228,57029,57039,10
12.8268995285,80.2402267456,57039,57049,10
12.8275299072,80.2402496338,57049,57060,11
12.8277797699,80.240272522,57060,57070,10
12.8282804489,80.2403030396,57070,57080,10
12.8290300369,80.2402877808,57080,57090,10
12.8299798965,80.2403335571,57090,57100,10
12.8310604095,80.2404022217,57100,57110,10
12.8318195343,80.2404098511,57110,57120,10
12.8318395615,80.2404022217,57120,57130,10
12.8320398331,80.2404174805,57130,57140,10
12.8326101303,80.2404632568,57140,57150,10
12.8334503174,80.2404632568,57150,57160,10
12.8344402313,80.2404403687,57160,57170,10
12.8356199265,80.2404022217,57170,57180,10
12.8368797302,80.2403793335,57180,57191,11
12.8383398056,80.2404327393,57191,57201,10
12.8393096924,80.2405014038,57201,57211,10
12.8400802612,80.2405166626,57211,57221,10
12.8409404755,80.240562439,57221,57231,10
12.841629982,80.2405776978,57231,57241,10
12.8417901993,80.2405929565,57241,57250,9
12.8422603607,80.2406234741,57250,57261,11
12.8431901932,80.2406387329,57261,57271,10
12.8442497253,80.2406997681,57271,57281,10
12.8454399109,80.240737915,57281,57293,12
12.8469495773,80.2408218384,57293,57301,8
12.8477401733,80.2408676147,57301,57313,12
12.8488798141,80.2409820557,57313,57323,10
12.8497800827,80.2410888672,57323,57333,10
12.8505001068,80.2412033081,57333,57343,10
12.8510503769,80.2412414551,57343,57353,10
12.8517904282,80.2413101196,57353,57363,10
12.8519697189,80.2413406372,57363,57373,10
12.8520298004,80.2413482666,57373,57383,10
12.8524599075,80.2413864136,57383,57393,10
12.8531799316,80.2414703369,57393,57404,11
12.8542203903,80.2415313721,57404,57414,10
12.8553695679,80.241607666,57414,57424,10
12.8565797806,80.2416915894,57424,57434,10
12.8578701019,80.2418136597,57434,57444,10
12.8591995239,80.241859436,57444,57454,10
12.8598299026,80.241897583,57454,57464,10
12.8598899841,80.2419281006,57464,57474,10
12.8603096008,80.2419586182,57474,57484,10
12.8610200882,80.2419509888,57484,57494,10
12.8614397049,80.2419433594,57494,57504,10
12.8615598679,80.2419586182,57504,57514,10
12.8620100021,80.2419815063,57514,57525,11
12.8628196716,80.2420806885,57525,57535,10
12.8637599945,80.2422103882,57535,57545,10
12.8643798828,80.2423095703,57545,57555,10
12.8645095825,80.2423324585,57555,57565,10
12.8649101257,80.2423782349,57565,57575,10
12.8655900955,80.2425308228,57575,57585,10
12.8664798737,80.2427825928,57585,57595,10
12.8674697876,80.2431411743,57595,57605,10
12.8679304123,80.243309021,57605,57615,10
12.8680295944,80.2433624268,57615,57625,10
12.868519783,80.2434768677,57625,57636,11
12.8694200516,80.2434997559,57636,57646,10
12.870349884,80.243309021,57646,57656,10
12.8709402084,80.243270874,57656,57666,10
12.8714399338,80.2432174683,57666,57676,10
12.8722000122,80.2431793213,57676,57686,10
12.8731403351,80.2431869507,57686,57696,10
12.8743095398,80.243309021,57696,57706,10
12.875579834,80.2434768677,57706,57716,10
12.876660347,80.2436218262,57716,57726,10
12.8773403168,80.2437362671,57726,57736,10
12.8779602051,80.2438430786,57736,57747,11
12.8782396317,80.2438964844,57747,57757,10
12.8788404465,80.2440872192,57757,57767,10
12.8797101974,80.2444381714,57767,57777,10
12.8807601929,80.244720459,57777,57787,10
12.8818101883,80.2449417114,57787,57797,10
12.8823204041,80.2450027466,57797,57807,10
12.882809639,80.2450866699,57807,57817,10
12.8835296631,80.2452316284,57817,57827,10
12.8844404221,80.2453918457,57827,57837,10
12.885219574,80.245552063,57837,57847,10
12.886059761,80.2457122803,57847,57858,11
12.886879921,80.2456893921,57858,57868,10
12.8872098923,80.2456207275,57868,57878,10
12.8875703812,80.2455291748,57878,57888,10
12.8876399994,80.2455215454,57888,57898,10
12.8877496719,80.2454986572,57898,57908,10
12.8881998062,80.2454223633,57908,57918,10
12.8889503479,80.2453918457,57918,57928,10
12.8898696899,80.2455062866,57928,57938,10
12.8909397125,80.2457733154,57938,57948,10
12.8920297623,80.2460403442,57948,57958,10
12.8928499222,80.2462615967,57958,57969,11
12.8938903809,80.24659729,57969,57979,10
12.8949298859,80.246887207,57979,57989,10
12.895939827,80.2471008301,57989,57999,10
12.8968601227,80.2472915649,57999,58009,10
12.8975296021,80.2473907471,58009,58019,10
12.8979597092,80.2474594116,58019,58029,10
12.8981704712,80.2474822998,58029,58039,10
12.8983898163,80.2475280762,58039,58049,10
12.898900032,80.2477111816,58049,58059,10
12.8996696472,80.248008728,58059,58069,10
12.9006004333,80.2483673096,58069,58079,10
12.9017295837,80.2486877441,58079,58090,11
12.9031200409,80.2488708496,58090,58099,9
12.9042797089,80.2490005493,58099,58110,11
12.9055299759,80.2491836548,58110,58120,10
12.9067401886,80.2494812012,58120,58130,10
12.9080495834,80.2497634888,58130,58140,10
12.9094104767,80.249961853,58140,58150,10
12.9107599258,80.2500686646,58150,58160,10
12.9121799469,80.2501602173,58160,58170,10
12.913479805,80.2502365112,58170,58180,10
12.9145002365,80.250328064,58180,58190,10
12.9154396057,80.2504272461,58190,58200,10
12.916560173,80.2505111694,58200,58210,10
12.9177904129,80.2506484985,58210,58220,10
12.9188804626,80.2508163452,58220,58230,10
12.919549942,80.2510299683,58230,58240,10
12.9200897217,80.2512435913,58240,58250,10
12.9204998016,80.2513427734,58250,58260,10
12.9205303192,80.2513427734,58260,58272,12
12.9210500717,80.2512969971,58272,58280,8
12.9216499329,80.2511672974,58280,58291,11
12.9226799011,80.2510604858,58291,58301,10
12.9236602783,80.2511062622,58301,58311,10
12.9246797562,80.2511672974,58311,58321,10
12.9258699417,80.2511978149,58321,58332,11
12.9271697998,80.2513275146,58332,58341,9
12.928150177,80.2514419556,58341,58352,11
12.9292201996,80.2515335083,58352,58361,9
12.9294204712,80.2515563965,58361,58372,11
12.9297800064,80.2516021729,58372,58382,10
12.9304103851,80.2516937256,58382,58392,10
12.9312896729,80.2517929077,58392,58403,11
12.9324197769,80.2519226074,58403,58412,9
12.9334001541,80.2520294189,58412,58424,12
12.9347400665,80.252166748,58424,58434,10
12.9359798431,80.2523193359,58434,58444,10
12.9370603561,80.2524490356,58444,58454,10
12.9379796982,80.2525787354,58454,58464,10
12.9384298325,80.2526397705,58464,58474,10
12.9384298325,80.2526473999,58474,58484,10
12.9387702942,80.2527084351,58484,58494,10
12.9393796921,80.2527999878,58494,58504,10
12.9402399063,80.2528991699,58504,58514,10
12.9411802292,80.2531204224,58514,58524,10
12.9421701431,80.2532577515,58524,58535,11
12.9430799484,80.25340271,58535,58545,10
12.9435396194,80.2535018921,58545,58555,10
12.9440202713,80.2535400391,58555,58565,10
12.9443502426,80.2536010742,58565,58575,10
12.9448404312,80.2536773682,58575,58585,10
12.9455604553,80.2537994385,58585,58595,10
12.946439743,80.2539215088,58595,58602,7
12.9469995499,80.2540512085,58602,58615,13
12.9475498199,80.2542190552,58615,58625,10
12.9479904175,80.2543334961,58625,58635,10
12.9486703873,80.2545394897,58635,58645,10
12.9492998123,80.254699707,58645,58656,11
12.9496498108,80.2548065186,58656,58666,10
12.9498596191,80.2548675537,58666,58676,10
12.9504098892,80.2549972534,58676,58686,10
12.9512300491,80.2550582886,58686,58696,10
12.9522399902,80.2551193237,58696,58706,10
12.9534196854,80.2551727295,58706,58716,10
12.9546003342,80.2551803589,58716,58736,20
12.9546003342,80.2551803589,58736,58746,10
12.9550199509,80.2552032471,58746,58756,10
12.9556598663,80.2552185059,58756,58767,11
12.9566402435,80.2552566528,58767,58777,10
12.9576396942,80.2554168701,58777,58787,10
12.9584598541,80.255569458,58787,58797,10
12.959400177,80.2557601929,58797,58807,10
12.9603900909,80.2559432983,58807,58817,10
12.9611301422,80.256111145,58817,58827,10
12.9612398148,80.2561187744,58827,58837,10
12.961400032,80.2561721802,58837,58847,10
12.9619197845,80.2563171387,58847,58857,10
12.9626502991,80.2564315796,58857,58867,10
12.9632902145,80.2564926147,58867,58878,11
12.9636497498,80.2565231323,58878,58888,10
12.9639997482,80.2565689087,58888,58898,10
12.9644603729,80.2566375732,58898,58908,10
12.9652004242,80.256729126,58908,58918,10
12.9660997391,80.2568817139,58918,58928,10
12.9670295715,80.2570495605,58928,58938,10
12.9679803848,80.257270813,58938,58948,10
12.9685497284,80.2574081421,58948,58958,10
12.9690504074,80.2575302124,58958,58968,10
12.9695301056,80.2576675415,58968,58978,10
12.9695997238,80.2576980591,58978,58989,11
12.9699497223,80.2578430176,58989,58999,10
12.9705600739,80.2580490112,58999,59009,10
12.9713602066,80.2581634521,59009,59019,10
12.9722499847,80.2581329346,59019,59029,10
12.9730195999,80.2581863403,59029,59039,10
12.9733600616,80.2582626343,59039,59049,10
12.9737596512,80.2583694458,59049,59059,10
12.9743499756,80.2584762573,59059,59069,10
12.9749403,80.2586593628,59069,59079,10
12.9754896164,80.2588424683,59079,59089,10
12.9762296677,80.2590789795,59089,59100,11
12.9768104553,80.259147644,59100,59110,10
12.9768199921,80.259147644,59110,59120,10
12.9771795273,80.2591629028,59120,59130,10
12.9774503708,80.2591629028,59130,59140,10
12.977689743,80.2591629028,59140,59150,10
12.9782400131,80.2591323853,59150,59160,10
12.979060173,80.2591323853,59160,59170,10
12.9799499512,80.2592697144,59170,59180,10
12.9808197021,80.2593612671,59180,59190,10
12.9818601608,80.2593917847,59190,59200,10
12.9827299118,80.2594604492,59200,59221,21
12.9827299118,80.2594604492,59221,59231,10
12.98279953,80.259437561,59231,59241,10
12.9830999374,80.2594680786,59241,59251,10
12.9837198257,80.2595214844,59251,59261,10
12.9839401245,80.2592010498,59261,59271,10
12.9840602875,80.2583999634,59271,59281,10
12.9842195511,80.2577285767,59281,59291,10
12.9846000671,80.2577285767,59291,59301,10
12.9851102829,80.2577362061,59301,59311,10
12.9860601425,80.2578430176,59311,59321,10
12.9865903854,80.2578811646,59321,59342,21
12.9865903854,80.2578811646,59342,59352,10
12.9870901108,80.2580490112,59352,59362,10
12.9873199463,80.2577590942,59362,59372,10
12.9873695374,80.2572402954,59372,59432,60
12.9873695374,80.2572402954,59432,59445,13
12.9875001907,80.2567977905,59445,59455,10
12.9875602722,80.2562484741,59455,59465,10
12.9876003265,80.2558288574,59465,59475,10
12.9878902435,80.2557525635,59475,59485,10
12.9881000519,80.2558135986,59485,59495,10
12.9883203506,80.2558517456,59495,59505,10
12.9886198044,80.255897522,59505,59525,20
12.9886198044,80.255897522,59525,59535,10
12.9890203476,80.2559432983,59535,59545,10
12.9894895554,80.2559814453,59545,59556,11
12.9901399612,80.2560195923,59556,59566,10
12.9905004501,80.2559661865,59566,59576,10
12.9909696579,80.2560119629,59576,59586,10
12.9915399551,80.2560195923,59586,59596,10
12.9923000336,80.2560195923,59596,59606,10
12.9931497574,80.2559967041,59606,59616,10
12.9940099716,80.2559967041,59616,59626,10
12.9946403503,80.2559432983,59626,59636,10
12.9949998856,80.255897522,59636,59646,10
12.9953203201,80.2558898926,59646,59656,10
12.9955596924,80.2558822632,59656,59666,10
12.9958696365,80.2558898926,59666,59677,11
12.9962797165,80.2558898926,59677,59717,40
12.9962797165,80.2558898926,59717,59727,10
12.9964504242,80.2558288574,59727,59737,10
12.9968099594,80.255859375,59737,59747,10
12.9972200394,80.2558898926,59747,59757,10
12.9976596832,80.2559432983,59757,59767,10
12.9980297089,80.2559585571,59767,59777,10
12.9988098145,80.256072998,59777,59798,21
12.9988098145,80.256072998,59798,59808,10
12.999250412,80.256111145,59808,59848,40
12.999250412,80.256111145,59848,59858,10
12.999710083,80.2562408447,59858,59868,10
13.0003404617,80.256362915,59868,59878,10
13.0009202957,80.256477356,59878,59888,10
13.0009803772,80.2565002441,59888,59899,11
13.0013303757,80.2565536499,59899,59909,10
13.0016899109,80.2566223145,59909,59919,10
13.002240181,80.256690979,59919,59929,10
13.0028095245,80.2567901611,59929,59939,10
13.0031700134,80.2568664551,59939,59949,10
13.0034999847,80.256942749,59949,59959,10
13.0039100647,80.2570114136,59959,59966,7
13.004240036,80.2570724487,59966,59979,13
13.0047197342,80.2571563721,59979,59989,10
13.0051898956,80.257232666,59989,59999,10
13.0054998398,80.2572784424,59999,60010,11
13.0060300827,80.2574005127,60010,60020,10
13.006480217,80.2574005127,60020,60030,10
13.006480217,80.2569198608,60030,60040,10
13.0064697266,80.2561264038,60040,60050,10
13.0065097809,80.2552490234,60050,60060,10
13.0065097809,80.2543869019,60060,60070,10
13.0064897537,80.2536621094,60070,60080,10
13.006480217,80.2532577515,60080,60090,10
13.006480217,80.2531585693,60090,60100,10
13.0065002441,80.2527999878,60100,60110,10
13.0065402985,80.2524032593,60110,60191,81
13.0065402985,80.2524032593,60191,60201,10
13.0065603256,80.2521591187,60201,60211,10
13.0066099167,80.2518920898,60211,60221,10
13.0067195892,80.2512207031,60221,60231,10
13.0067100525,80.2502593994,60231,60242,11
13.0066995621,80.2492980957,60242,60252,10
13.0066404343,80.2484817505,60252,60262,10
13.0066003799,80.248046875,60262,60312,50
13.0066003799,80.248046875,60312,60322,10
13.0066003799,80.2479019165,60322,60332,10
13.0066099167,80.2474899292,60332,60342,10
13.0066099167,80.2468719482,60342,60352,10
13.0065803528,80.2467422485,60352,60364,12
13.0065498352,80.246673584,60364,60374,10
13.0066099167,80.246421814,60374,60383,9
13.0066404343,80.2459793091,60383,60392,9
13.0066604614,80.2454986572,60392,60403,11
13.0066604614,80.2450485229,60403,60413,10
13.0066699982,80.2447128296,60413,60423,10
13.0066795349,80.244430542,60423,60434,11
13.0066404343,80.244102478,60434,60444,10
13.0066404343,80.2436981201,60444,60453,9
13.0066204071,80.2432098389,60453,60463,10
13.0066404343,80.2425231934,60463,60473,10
13.0066299438,80.2417068481,60473,60483,10
13.0066900253,80.2408981323,60483,60493,10
13.006819725,80.240196228,60493,60503,10
13.0069904327,80.2392883301,60503,60513,10
13.0071496964,80.2384719849,60513,60523,10
13.0072898865,80.2376022339,60523,60533,10
13.0073795319,80.2369003296,60533,60543,10
13.0074195862,80.2366790771,60543,60553,10
13.0074396133,80.2366027832,60553,60563,10
13.0075502396,80.2361602783,60563,60576,13
13.0077495575,80.2351913452,60576,60586,10
13.0079298019,80.2342376709,60586,60596,10
13.0081596375,80.2331085205,60596,60606,10
13.0084104538,80.2317810059,60606,60616,10
13.008649826,80.2304763794,60616,60626,10
13.0088996887,80.2292327881,60626,60636,10
13.009180069,80.2280502319,60636,60646,10
13.0097103119,80.2269210815,60646,60656,10
13.0101995468,80.2258987427,60656,60666,10
13.0105800629,80.225112915,60666,60676,10
13.0108098984,80.2245788574,60676,60687,11
13.0111103058,80.2238769531,60687,60697,10
13.0112800598,80.223449707,60697,60717,20
13.0112800598,80.223449707,60717,60727,10
13.0114603043,80.2230834961,60727,60737,10
13.0116796494,80.2224884033,60737,60747,10
13.0119199753,80.2216873169,60747,60757,10
13.0123100281,80.2215270996,60757,60764,7
13.012550354,80.2218475342,60764,60777,13
13.0132703781,80.2226867676,60777,60787,10
13.0138397217,80.2232589722,60787,60798,11
13.0142402649,80.2235870361,60798,60808,10
13.0145597458,80.2239227295,60808,60818,10
13.0152301788,80.2248306274,60818,60838,20
13.0152301788,80.2248306274,60838,60848,10
13.0153903961,80.2249679565,60848,60858,10
13.0157003403,80.2252120972,60858,60868,10
13.0161895752,80.2253799438,60868,60878,10
13.0168800354,80.225189209,60878,60888,10
13.0177097321,80.2248535156,60888,60898,10
13.0185899734,80.2244873047,60898,60908,10
13.019370079,80.2244033813,60908,60919,11
13.0196304321,80.2244873047,60919,60929,10
13.0199899673,80.2247161865,60929,60939,10
13.0205698013,80.2251586914,60939,60949,10
13.0211601257,80.2256011963,60949,60959,10
13.0218601227,80.2261199951,60959,60969,10
13.0224504471,80.2265701294,60969,60979,10
13.0225095749,80.2266387939,60979,60989,10
13.0225896835,80.2267074585,60989,60999,10
13.022939682,80.2270507813,60999,61009,10
13.0235300064,80.2276077271,61009,61019,10
13.0242099762,80.2283096313,61019,61030,11
13.0247097015,80.2289962769,61030,61040,10
13.0250902176,80.2295303345,61040,61050,10
13.0255699158,80.2302093506,61050,61060,10
13.0258703232,80.2307891846,61060,61070,10
13.0259799957,80.2311325073,61070,61080,10
13.026049614,80.2313766479,61080,61090,10
13.0262098312,80.2319335938,61090,61100,10
13.0264196396,80.2325363159,61100,61120,20
13.0264196396,80.2325363159,61120,61130,10
13.0264501572,80.2326889038,61130,61141,11
13.0267000198,80.2331619263,61141,61151,10
13.027009964,80.2337188721,61151,61161,10
13.0274000168,80.2343902588,61161,61171,10
13.0277500153,80.2350616455,61171,61181,10
13.0281496048,80.2356414795,61181,61191,10
13.0288000107,80.2363510132,61191,61201,10
13.0294599533,80.2370529175,61201,61211,10
13.0296401978,80.2372283936,61211,61221,10
13.0297803879,80.2374572754,61221,61231,10
13.0301198959,80.2380371094,61231,61241,10
13.0305595398,80.2387619019,61241,61252,11
13.030960083,80.239402771,61252,61282,30
13.030960083,80.239402771,61282,61292,10
13.0311698914,80.2398910522,61292,61302,10
13.0313100815,80.2400894165,61302,61312,10
13.0314102173,80.2405700684,61312,61323,11
13.0315999985,80.2411422729,61323,61334,11
13.031920433,80.2418289185,61334,61343,9
13.0322999954,80.2423477173,61343,61353,10
13.0327997208,80.2429885864,61353,61363,10
13.0334100723,80.2437820435,61363,61374,11
13.0341796875,80.2448196411,61374,61384,10
13.0346698761,80.2454223633,61384,61395,11
13.0352401733,80.2459869385,61395,61404,9
13.0356397629,80.24609375,61404,61414,10
13.0357599258,80.2461395264,61414,61424,10
13.0359096527,80.2462463379,61424,61434,10
13.0363903046,80.2464065552,61434,61443,9
13.0370798111,80.2465515137,61443,61454,11
13.0378303528,80.2464981079,61454,61464,10
13.0390396118,80.2468566895,61464,61607,143
13.0390396118,80.2468566895,61607,61617,10
13.0393800735,80.2470016479,61617,61627,10
13.039730072,80.2470397949,61627,61637,10
13.0403795242,80.2471618652,61637,61647,10
13.0408802032,80.2472381592,61647,61657,10
13.0409498215,80.2472686768,61657,61667,10
13.0414199829,80.2473831177,61667,61677,10
13.0418901443,80.2474975586,61677,61687,10
13.0419597626,80.2474975586,61687,61697,10
13.042090416,80.2475280762,61697,61708,11
13.0425100327,80.2476425171,61708,61718,10
13.0431900024,80.2478408813,61718,61728,10
13.0439796448,80.2478179932,61728,61738,10
13.0446796417,80.2479400635,61738,61748,10
13.0452699661,80.2482070923,61748,61758,10
13.0459098816,80.2484664917,61758,61768,10
13.0466804504,80.2484588623,61768,61778,10
13.0468301773,80.2484436035,61778,61788,10
13.0468797684,80.2484436035,61788,61798,10
13.0472803116,80.2485198975,61798,61808,10
13.0477104187,80.2488632202,61808,61819,11
13.0482797623,80.2493972778,61819,61829,10
13.0489501953,80.2496490479,61829,61839,10
13.0493202209,80.249710083,61839,61849,10
13.0495996475,80.2497711182,61849,61859,10
13.050239563,80.2499008179,61859,61869,10
13.0509796143,80.2500686646,61869,61879,10
13.0516796112,80.2503509521,61879,61889,10
13.0523300171,80.2509689331,61889,61899,10
13.0530195236,80.2518768311,61899,61909,10
13.0537500381,80.2528915405,61909,61919,10
13.0543203354,80.2537002563,61919,61930,11
13.0548801422,80.2544174194,61930,61940,10
13.055270195,80.2549362183,61940,61950,10
13.0556898117,80.2555236816,61950,61960,10
13.0559797287,80.255897522,61960,61970,10
13.0562200546,80.2562408447,61970,61980,10
13.0564498901,80.2565078735,61980,61990,10
13.0566997528,80.2567520142,61990,62000,10
13.05671978,80.2567672729,62000,62010,10
13.0569400787,80.256980896,62010,62020,10
13.0574102402,80.2574005127,62020,62030,10
13.0579099655,80.2578582764,62030,62041,11
13.0583896637,80.2584609985,62041,62051,10
13.058839798,80.2590179443,62051,62061,10
13.0591497421,80.259552002,62061,62071,10
13.0595703125,80.2601013184,62071,62081,10
13.060210228,80.2606430054,62081,62091,10
13.060500145,80.2609176636,62091,62101,10
13.0605201721,80.2609405518,62101,62111,10
13.0606203079,80.2610931396,62111,62121,10
13.0608997345,80.26146698,62121,62131,10
13.061249733,80.2619094849,62131,62141,10
13.0615797043,80.262298584,62141,62152,11
13.0620698929,80.2630004883,62152,62162,10
13.0625801086,80.263671875,62162,62172,10
13.0631198883,80.2642669678,62172,62182,10
13.0635299683,80.2649383545,62182,62192,10
13.0638399124,80.2653808594,62192,62202,10
13.0640602112,80.2656936646,62202,62212,10
13.0644102097,80.2661209106,62212,62222,10
13.0646600723,80.2664413452,62222,62232,10
13.0648097992,80.2666320801,62232,62242,10
13.0649299622,80.2667770386,62242,62252,10
13.0653095245,80.2670822144,62252,62262,10
13.0656995773,80.2673721313,62262,62273,11
13.0657701492,80.2674789429,62273,62283,10
13.065779686,80.267539978,62283,62293,10
13.0659599304,80.2678070068,62293,62303,10
13.0663499832,80.2682571411,62303,62313,10
13.0667295456,80.2685089111,62313,62323,10
13.0670900345,80.268737793,62323,62333,10
13.0676803589,80.2691192627,62333,62343,10
13.0681600571,80.2694091797,62343,62352,9
13.0683298111,80.2695236206,62352,62363,11
13.0683002472,80.269859314,62363,62374,11
13.0682201385,80.2704772949,62374,62383,9
13.0681695938,80.2710800171,62383,62392,9
13.0683097839,80.2715606689,62392,62403,11
13.0685796738,80.2718734741,62403,62413,10
13.0691099167,80.2720489502,62413,62423,10
13.0696697235,80.2726287842,62423,62435,12
13.0702199936,80.2732467651,62435,62445,10
13.0707101822,80.2739028931,62445,62453,8
13.0709199905,80.2740402222,62453,62464,11
13.070980072,80.2740783691,62464,62474,10
13.0714998245,80.2741775513,62474,62504,30
13.0714998245,80.2741775513,62504,62514,10
13.0718603134,80.2744216919,62514,62524,10
13.0722503662,80.2748413086,62524,62536,12
13.0728998184,80.2755508423,62536,62544,8
13.0734395981,80.2761077881,62544,62554,10
13.0741796494,80.2763824463,62554,62564,10
13.0749397278,80.2763290405,62564,62574,10
13.0756998062,80.2763137817,62574,62584,10
13.0764598846,80.2762832642,62584,62594,10
13.0772695541,80.276222229,62594,62605,11
13.0780601501,80.2761230469,62605,62617,12
13.0783500671,80.2754135132,62617,62625,8
13.0788002014,80.2751235962,62625,62637,12
13.0797395706,80.2752990723,62637,62647,10
13.0805301666,80.2752227783,62647,62768,121
13.0805301666,80.2752227783,62768,62778,10
13.0810499191,80.2752304077,62778,62788,10
13.0812902451,80.2751998901,62788,62798,10
13.0816698074,80.2751998901,62798,62808,10
13.0819597244,80.2753219604,62808,62818,10
13.082110405,80.2755203247,62818,62829,11
13.0821504593,80.2758178711,62829,62859,30
13.0821504593,80.2758178711,62859,62869,10
13.0820798874,80.2759933472,62869,62988,119
13.0880002975,80.2836685181,62988,63000,12
13.0820798874,80.2759933472,63000,63056,56
13.0880002975,80.2836685181,63056,63070,14
13.081870079,80.276260376,63070,63086,16
13.0821399689,80.279006958,63086,63138,52
13.0823497772,80.280921936,63138,63168,30
13.0834903717,80.2825012207,63168,63207,39
13.0852403641,80.2837677002,63207,63237,30
13.0859003067,80.2835922241,63237,63266,29
13.0859003067,80.2835922241,63266,63299,33
13.0871295929,80.2837371826,63299,63309,10
13.0875597,80.2837219238,63309,63318,9
13.0878000259,80.2837219238,63318,63329,11
13.0880498886,80.2837219238,63329,63799,470
13.0880899429,80.2837905884,63799,64594,795
13.0883102417,80.283416748,64594,64628,34
13.0883102417,80.283416748,64628,64656,28
13.0882902145,80.2825393677,64656,64669,13
13.0881595612,80.2818984985,64669,64679,10
13.0879402161,80.281539917,64679,64689,10
13.0876197815,80.2814407349,64689,64699,10
13.0874300003,80.2814102173,64699,64709,10
13.0871400833,80.2813262939,64709,64719,10
13.0868797302,80.28125,64719,64729,10
13.0866098404,80.2811431885,64729,64739,10
13.0861902237,80.2810134888,64739,64749,10
13.0857601166,80.2807769775,64749,64759,10
13.0855903625,80.2801513672,64759,64769,10
13.0852403641,80.2795028687,64769,64780,11
13.0845499039,80.2792816162,64780,64790,10
13.0839500427,80.2792129517,64790,64798,8
13.0833797455,80.2790298462,64798,64810,12
13.082449913,80.2787017822,64810,64860,50
13.082449913,80.2787017822,64860,64870,10
13.0822896957,80.278678894,64870,64880,10
13.0819396973,80.2783813477,64880,64889,9
13.0818796158,80.2778625488,64889,64901,12
13.0818195343,80.2771911621,64901,64911,10
13.0818195343,80.2769088745,64911,64921,10
13.0817804337,80.2764892578,64921,64931,10
13.0816802979,80.2761306763,64931,64941,10
13.0815601349,80.2758102417,64941,64951,10
13.0815401077,80.2757110596,64951,64961,10
13.081489563,80.2754592896,64961,64971,10
13.0813598633,80.2752609253,64971,64981,10
13.0809202194,80.2753067017,64981,64991,10
13.0803499222,80.2753677368,64991,65002,11
13.0796403885,80.2754135132,65002,65012,10
13.0788002014,80.2752532959,65012,65022,10
13.0782203674,80.2759017944,65022,65032,10
13.0774898529,80.2763137817,65032,65042,10
13.0763397217,80.2763671875,65042,65052,10
13.0752401352,80.2764205933,65052,65062,10
13.0741596222,80.2764587402,65062,65072,10
13.0733203888,80.2763214111,65072,65082,10
13.0727300644,80.2756195068,65082,65092,10
13.0721998215,80.275062561,65092,65102,10
13.0719003677,80.2747573853,65102,65113,11
13.0716695786,80.2746429443,65113,65123,10
13.0707798004,80.2743682861,65123,65143,20
13.0707798004,80.2743682861,65143,65153,10
13.0706100464,80.2741394043,65153,65163,10
13.0704202652,80.273727417,65163,65173,10
13.0700702667,80.2732620239,65173,65183,10
13.0695495605,80.2726821899,65183,65193,10
13.0687999725,80.2720794678,65193,65213,20
13.0687999725,80.2720794678,65213,65223,10
13.0686302185,80.2720870972,65223,65234,11
13.0682601929,80.2718200684,65234,65244,10
13.0680398941,80.2713165283,65244,65254,10
13.0676298141,80.2707977295,65254,65264,10
13.0671300888,80.2702865601,65264,65274,10
13.066740036,80.2698822021,65274,65284,10
13.0665502548,80.2696533203,65284,65294,10
13.0664796829,80.2694091797,65294,65314,20
13.0664796829,80.2694091797,65314,65324,10
13.0663299561,80.269203186,65324,65335,11
13.0663404465,80.2689819336,65335,65344,9
13.0663499832,80.2686386108,65344,65354,10
13.0661001205,80.2682266235,65354,65366,12
13.0656700134,80.2677993774,65366,65374,8
13.0652303696,80.2677001953,65374,65394,20
13.0652303696,80.2677001953,65394,65406,12
13.0651302338,80.2677001953,65406,65414,8
13.0648298264,80.267616272,65414,65426,12
13.0642995834,80.2675323486,65426,65435,9
13.0641002655,80.2674636841,65435,65445,10
13.0637102127,80.2674102783,65445,65455,10
13.0632600784,80.2673187256,65455,65467,12
13.0627202988,80.2671585083,65467,65477,10
13.0623102188,80.2667236328,65477,65485,8
13.062040329,80.2663574219,65485,65495,10
13.0616598129,80.2659225464,65495,65505,10
13.0614299774,80.2656097412,65505,65515,10
13.0611896515,80.2653427124,65515,65525,10
13.0609998703,80.2652816772,65525,65535,10
13.060839653,80.2653274536,65535,65547,12
13.0605697632,80.2654800415,65547,65555,8
13.060500145,80.2655181885,65555,65568,13
13.0600004196,80.2656936646,65568,65578,10
13.0598602295,80.2657012939,65578,65588,10
13.0597200394,80.2656936646,65588,65598,10
13.0595598221,80.2656478882,65598,65608,10
13.0593700409,80.2656097412,65608,65618,10
13.0589895248,80.2655334473,65618,65628,10
13.0584602356,80.2654571533,65628,65658,30
13.0584602356,80.2654571533,65658,65668,10
13.058139801,80.2653274536,65668,65679,11
13.0579795837,80.2646102905,65679,65689,10
13.0578899384,80.2637710571,65689,65699,10
13.0578298569,80.2628479004,65699,65709,10
13.0577297211,80.2621994019,65709,65719,10
13.0575704575,80.2614517212,65719,65729,10
13.0574302673,80.2609024048,65729,65739,10
13.0572595596,80.2602920532,65739,65749,10
13.0571699142,80.260017395,65749,65759,10
13.0571203232,80.2598266602,65759,65769,10
13.0570497513,80.2596511841,65769,65779,10
13.0569801331,80.2594299316,65779,65790,11
13.0569000244,80.2591781616,65790,65800,10
13.0568704605,80.2590179443,65800,65810,10
13.056810379,80.2587966919,65810,65820,10
13.0566902161,80.2584762573,65820,65840,20
13.0566902161,80.2584762573,65840,65850,10
13.0566596985,80.2582092285,65850,65860,10
13.0565700531,80.2578430176,65860,65870,10
13.0565595627,80.257598877,65870,65880,10
13.0564899445,80.2573165894,65880,65890,10
13.0564899445,80.2572784424,65890,65901,11
13.0564899445,80.2571563721,65901,65911,10
13.0564203262,80.2568206787,65911,65921,10
13.0563001633,80.2564697266,65921,65931,10
13.0560302734,80.256111145,65931,65941,10
13.0556001663,80.2555007935,65941,65951,10
13.0550098419,80.2547073364,65951,65961,10
13.0544204712,80.2539825439,65961,65971,10
13.0541200638,80.2535934448,65971,65981,10
13.0538196564,80.2531661987,65981,65991,10
13.053440094,80.2526168823,65991,66001,10
13.0529899597,80.2520217896,66001,66011,10
13.0527000427,80.2516326904,66011,66022,11
13.0525102615,80.2514038086,66022,66032,10
13.0524396896,80.2513275146,66032,66042,10
13.0522403717,80.2510375977,66042,66052,10
13.0520496368,80.2508010864,66052,66062,10
13.0517597198,80.2505187988,66062,66072,10
13.0514802933,80.250328064,66072,66082,10
13.0513601303,80.2502670288,66082,66092,10
13.0509996414,80.2501602173,66092,66102,10
13.0508203506,80.2501296997,66102,66111,9
13.0506896973,80.2501220703,66111,66122,11
13.0505504608,80.2500762939,66122,66133,11
13.0504302979,80.2500534058,66133,66143,10
13.0502595901,80.2500305176,66143,66153,10
13.0498600006,80.2499694824,66153,66173,20
13.0498600006,80.2499694824,66173,66183,10
13.0496902466,80.2499694824,66183,66193,10
13.0495195389,80.2499389648,66193,66203,10
13.0493097305,80.2499084473,66203,66223,20
13.0493097305,80.2499084473,66223,66233,10
13.0488700867,80.2498397827,66233,66254,21
13.0488700867,80.2498397827,66254,66264,10
13.0485897064,80.2497634888,66264,66274,10
13.0482597351,80.2495880127,66274,66284,10
13.0480098724,80.249382019,66284,66294,10
13.047829628,80.2492218018,66294,66304,10
13.0477399826,80.2491531372,66304,66314,10
13.0475902557,80.2490463257,66314,66395,81
13.0475902557,80.2490463257,66395,66405,10
13.0472202301,80.2487411499,66405,66446,41
13.0472202301,80.2487411499,66446,66456,10
13.0469503403,80.2487030029,66456,66468,12
13.0468597412,80.2487030029,66468,66476,8
13.0467796326,80.2486877441,66476,66486,10
13.046500206,80.2486572266,66486,66496,10
13.0462398529,80.2486190796,66496,66506,10
13.0461101532,80.2485427856,66506,66516,10
13.0458602905,80.2484893799,66516,66546,30
13.0458602905,80.2484893799,66546,66559,13
13.0454301834,80.248336792,66559,66568,9
13.04529953,80.2482910156,66568,66579,11
13.0451202393,80.248260498,66579,66589,10
13.0448198318,80.2482223511,66589,66599,10
13.0445995331,80.2482070923,66599,66609,10
13.0443696976,80.2481689453,66609,66619,10
13.044090271,80.2481079102,66619,66629,10
13.0439100266,80.2480392456,66629,66639,10
13.0436096191,80.2479629517,66639,66649,10
13.0433597565,80.2479400635,66649,66659,10
13.0429897308,80.2479324341,66659,66669,10
13.0426197052,80.2478790283,66669,66679,10
13.0420503616,80.2477264404,66679,66690,11
13.0415802002,80.2476272583,66690,66700,10
13.0413303375,80.247543335,66700,66710,10
13.0406999588,80.2474136353,66710,66720,10
13.0399599075,80.2472763062,66720,66750,30
13.0399599075,80.2472763062,66750,66760,10
13.0398597717,80.2472229004,66760,66770,10
13.0394496918,80.2471313477,66770,66780,10
13.038860321,80.2469863892,66780,66789,9
13.0382995605,80.2468566895,66789,66801,12
13.0375795364,80.2467422485,66801,66811,10
13.0368995667,80.24659729,66811,66821,10
13.0363302231,80.2464828491,66821,66831,10
13.0359096527,80.2463531494,66831,66841,10
13.0353403091,80.2461166382,66841,66861,20
13.0353403091,80.2461166382,66861,66871,10
13.0352497101,80.2460784912,66871,66881,10
13.035200119,80.2460708618,66881,66891,10
13.0350399017,80.2460174561,66891,66901,10
13.0347499847,80.2456665039,66901,66911,10
13.0344200134,80.2452316284,66911,66922,11
13.0340995789,80.2448425293,66922,66932,10
13.0336799622,80.2443237305,66932,66942,10
13.0330896378,80.2435684204,66942,66952,10
13.0323696136,80.2426300049,66952,67002,50
13.0323696136,80.2426300049,67002,67012,10
13.0321798325,80.2424163818,67012,67022,10
13.0319499969,80.2421417236,67022,67033,11
13.0317001343,80.2415466309,67033,67043,10
13.0314502716,80.2408218384,67043,67053,10
13.031129837,80.2402114868,67053,67063,10
13.0308103561,80.2395935059,67063,67073,10
13.0303697586,80.2388076782,67073,67083,10
13.0299100876,80.237991333,67083,67093,10
13.0295495987,80.2373809814,67093,67103,10
13.0293903351,80.237197876,67103,67113,10
13.0292596817,80.237121582,67113,67123,10
13.0289697647,80.2367630005,67123,67133,10
13.0284900665,80.2361831665,67133,67144,11
13.0278596878,80.2353973389,67144,67154,10
13.0273799896,80.2345962524,67154,67194,40
13.0273799896,80.2345962524,67194,67204,10
13.0272397995,80.2343902588,67204,67214,10
13.0271196365,80.234161377,67214,67224,10
13.0270996094,80.2341308594,67224,67234,10
13.0270395279,80.2340011597,67234,67244,10
13.0268802643,80.2337493896,67244,67255,11
13.0267801285,80.233543396,67255,67265,10
13.0266399384,80.2333602905,67265,67275,10
13.0265102386,80.2331924438,67275,67285,10
13.0263996124,80.2329483032,67285,67295,10
13.0263299942,80.2327575684,67295,67325,30
13.0263299942,80.2327575684,67325,67335,10
13.0262098312,80.2322616577,67335,67355,20
13.0262098312,80.2322616577,67355,67366,11
13.026140213,80.2318725586,67366,67376,10
13.0260400772,80.2314605713,67376,67386,10
13.0258398056,80.2307815552,67386,67397,11
13.0252399445,80.2298965454,67397,67406,9
13.0245704651,80.2290878296,67406,67427,21
13.0245704651,80.2290878296,67427,67437,10
13.0244998932,80.2290267944,67437,67446,9
13.0242795944,80.2287063599,67446,67457,11
13.0239400864,80.2283096313,67457,67497,40
13.0239400864,80.2283096313,67497,67507,10
13.0238199234,80.2281265259,67507,67518,11
13.0236501694,80.2279281616,67518,67527,9
13.0234603882,80.2277374268,67527,67537,10
13.0233402252,80.2276382446,67537,67547,10
13.0231800079,80.2274475098,67547,67557,10
13.0227403641,80.2270584106,67557,67568,11
13.0222797394,80.2266387939,67568,67577,9
13.0217599869,80.2261962891,67577,67588,11
13.0212202072,80.2257766724,67588,67599,11
13.0206003189,80.2253265381,67599,67609,10
13.0198497772,80.224822998,67609,67627,18
13.0198497772,80.224822998,67627,67639,12
13.0196399689,80.2247314453,67639,67649,10
13.0190000534,80.2245864868,67649,67659,10
13.018119812,80.224899292,67659,67669,10
13.0171098709,80.2253112793,67669,67679,10
13.0162000656,80.2256393433,67679,67689,10
13.0160198212,80.2257080078,67689,67699,10
13.0156698227,80.2258224487,67699,67710,11
13.0150604248,80.2261123657,67710,67720,10
13.0148696899,80.2261962891,67720,67730,10
13.0143098831,80.2263717651,67730,67750,20
13.0143098831,80.2263717651,67750,67760,10
13.0142602921,80.2264099121,67760,67770,10
13.0138597488,80.2265701294,67770,67780,10
13.0131797791,80.2268218994,67780,67790,10
13.0123596191,80.227142334,67790,67800,10
13.0114803314,80.2274780273,67800,67810,10
13.0104799271,80.2278823853,67810,67821,11
13.0094804764,80.2282867432,67821,67828,7
13.0091199875,80.2287597656,67828,67841,13
13.008890152,80.2299880981,67841,67849,8
13.0087499619,80.2307891846,67849,67862,13
13.0084896088,80.2321090698,67862,67872,10
13.0083303452,80.2329864502,67872,67882,10
13.0082597733,80.2335968018,67882,67892,10
13.0082597733,80.2336502075,67892,67902,10
13.0081701279,80.2338867188,67902,67912,10
13.0080604553,80.2344207764,67912,67921,9
13.0079803467,80.2348480225,67921,67933,12
13.0079402924,80.2350387573,67933,67943,10
13.0078401566,80.2355117798,67943,67953,10
13.0076904297,80.236289978,67953,67963,10
13.007519722,80.2371826172,67963,67973,10
13.0073699951,80.2379989624,67973,67983,10
13.0072803497,80.2384796143,67983,67993,10
13.0071296692,80.2392501831,67993,68003,10
13.0069303513,80.2402572632,68003,68124,121
13.0069303513,80.2402572632,68124,68134,10
13.0069103241,80.2406692505,68134,68144,10
13.0068597794,80.2408905029,68144,68155,11
13.0068101883,80.2411422729,68155,68165,10
13.006770134,80.2417831421,68165,68175,10
13.006770134,80.2426223755,68175,68185,10
13.0067396164,80.2430801392,68185,68195,10
13.0067300797,80.2433166504,68195,68205,10
13.0067100525,80.2435913086,68205,68215,10
13.0067100525,80.2440109253,68215,68225,10
13.0067300797,80.2445831299,68225,68235,10
13.0067300797,80.2450332642,68235,68245,10
13.0067300797,80.2454681396,68245,68255,10
13.0067596436,80.2461013794,68255,68266,11
13.0067796707,80.2468566895,68266,68276,10
13.0067596436,80.2477111816,68276,68286,10
13.0067596436,80.2486190796,68286,68296,10
13.0067996979,80.2496566772,68296,68306,10
13.0068397522,80.2509613037,68306,68326,20
13.0068397522,80.2509613037,68326,68336,10
13.0068502426,80.251121521,68336,68346,10
13.0068302155,80.2515106201,68346,68356,10
13.0066995621,80.2521133423,68356,68366,10
13.0065898895,80.2527618408,68366,68377,11
13.0065803528,80.2535629272,68377,68386,9
13.0065898895,80.2542266846,68386,68398,12
13.0066204071,80.2548294067,68398,68418,20
13.0066204071,80.2548294067,68418,68428,10
13.0066099167,80.2549362183,68428,68438,10
13.0066003799,80.2552108765,68438,68448,10
13.0066099167,80.2557983398,68448,68458,10
13.0066204071,80.2565917969,68458,68468,10
13.0066299438,80.257019043,68468,68610,142
13.0066299438,80.257019043,68610,68620,10
13.0066099167,80.2571792603,68620,68630,10
13.0066404343,80.2575378418,68630,68640,10
13.0064096451,80.2576675415,68640,68650,10
13.0060100555,80.257598877,68650,68660,10
13.0054302216,80.2574691772,68660,68670,10
13.0047101974,80.2572937012,68670,68680,10
13.0040197372,80.2571105957,68680,68690,10
13.0034799576,80.257019043,68690,68700,10
13.0030202866,80.2569198608,68700,68710,10
13.002530098,80.2568206787,68710,68721,11
13.0018701553,80.2567062378,68721,68731,10
13.0015602112,80.2566833496,68731,68791,60
13.0015602112,80.2566833496,68791,68801,10
13.0013303757,80.2566986084,68801,68811,10
13.0007896423,80.2565765381,68811,68820,9
13.0001296997,80.2564620972,68820,68832,12
12.9990997314,80.2562637329,68832,68842,10
12.9984397888,80.2561798096,68842,68882,40
12.9984397888,80.2561798096,68882,68892,10
12.9982204437,80.2561721802,68892,68902,10
12.9978599548,80.2560882568,68902,68912,10
12.9973402023,80.2560119629,68912,68922,10
12.9968204498,80.2559890747,68922,68931,9
12.9964599609,80.2559661865,68931,68943,12
12.9959497452,80.2559814453,68943,68953,10
12.9955701828,80.2559890747,68953,68963,10
12.9952001572,80.2559814453,68963,68973,10
12.994799614,80.2559814453,68973,68983,10
12.9945201874,80.2560501099,68983,68993,10
12.9943704605,80.256072998,68993,69003,10
12.9941596985,80.2560806274,69003,69013,10
12.9935998917,80.256111145,69013,69023,10
12.9927997589,80.2561035156,69023,69033,10
12.9919204712,80.2561416626,69033,69043,10
12.991230011,80.2560501099,69043,69054,11
12.9905996323,80.2560806274,69054,69064,10
12.9899997711,80.2560806274,69064,69084,20
12.9899997711,80.2560806274,69084,69094,10
12.9897899628,80.2561569214,69094,69104,10
12.9895296097,80.2561187744,69104,69114,10
12.9892902374,80.2560882568,69114,69124,10
12.9891796112,80.2560882568,69124,69134,10
12.9890804291,80.2561035156,69134,69144,10
12.988820076,80.2560806274,69144,69154,10
12.9886102676,80.2560806274,69154,69235,81
12.9886102676,80.2560806274,69235,69245,10
12.9883403778,80.2560424805,69245,69255,10
12.9880695343,80.2559890747,69255,69265,10
12.987739563,80.2559661865,69265,69274,9
12.9875898361,80.256401062,69274,69286,12
12.9875202179,80.2572402954,69286,69296,10
12.9874401093,80.2581329346,69296,69306,10
12.9873695374,80.2590408325,69306,69316,10
12.9873199463,80.259437561,69316,69326,10
12.9871397018,80.2599105835,69326,69336,10
12.9866199493,80.2599334717,69336,69346,10
12.9861402512,80.2598800659,69346,69366,20
12.9861402512,80.2598800659,69366,69376,10
12.9857501984,80.2598190308,69376,69386,10
12.9851503372,80.2597732544,69386,69437,51
12.9851503372,80.2597732544,69437,69447,10
12.9849596024,80.2597503662,69447,69458,11
12.9848003387,80.2596969604,69458,69469,11
12.9842996597,80.2596588135,69469,69478,9
12.9837799072,80.2596282959,69478,69489,11
12.9833202362,80.2595977783,69489,69498,9
12.9830303192,80.2595825195,69498,69508,10
12.9827604294,80.2595367432,69508,69520,12
12.982170105,80.2594985962,69520,69530,10
12.9815397263,80.2594985962,69530,69540,10
12.9809904099,80.2594909668,69540,69550,10
12.9806003571,80.2594680786,69550,69558,8
12.9802303314,80.2594223022,69558,69568,10
12.9796695709,80.2593383789,69568,69578,10
12.9790296555,80.2592391968,69578,69588,10
12.9782896042,80.2592468262,69588,69608,20
12.9782896042,80.2592468262,69608,69621,13
12.9780797958,80.2592773438,69621,69631,10
12.9777898788,80.2592697144,69631,69641,10
12.9772996902,80.2592773438,69641,69651,10
12.9767103195,80.2592468262,69651,69681,30
12.9767103195,80.2592468262,69681,69691,10
12.9764499664,80.2591705322,69691,69701,10
12.9760398865,80.2591018677,69701,69711,10
12.9758300781,80.2590789795,69711,69721,10
12.9754695892,80.2589569092,69721,69732,11
12.9749002457,80.2587966919,69732,69742,10
12.9742698669,80.2586288452,69742,69752,10
12.9737195969,80.2585067749,69752,69762,10
12.9730901718,80.2583770752,69762,69772,10
12.972319603,80.2582702637,69772,69782,10
12.9714803696,80.2582931519,69782,69792,10
12.9707098007,80.2582321167,69792,69802,10
12.9700899124,80.2580490112,69802,69812,10
12.96971035,80.2578964233,69812,69831,19
12.96971035,80.2578964233,69831,69843,12
12.9696702957,80.2578735352,69843,69853,10
12.9693603516,80.2577896118,69853,69863,10
12.9688396454,80.2576293945,69863,69873,10
12.9681501389,80.2574615479,69873,69883,10
12.9673700333,80.2572631836,69883,69893,10
12.9668302536,80.2571716309,69893,69903,10
12.9665403366,80.2571182251,69903,69913,10
12.9659996033,80.2570114136,69913,69923,10
12.9653701782,80.2568893433,69923,69933,10
12.9647798538,80.2567977905,69933,69943,10
12.9645595551,80.2567672729,69943,69953,10
12.9643602371,80.2567367554,69953,69964,11
12.9639396667,80.256690979,69964,69974,10
12.963470459,80.2566299438,69974,69984,10
12.9627895355,80.2565994263,69984,69994,10
12.9620704651,80.2565078735,69994,70004,10
12.9615402222,80.2563934326,70004,70014,10
12.9610204697,80.2562789917,70014,70044,30
12.9610204697,80.2562789917,70044,70054,10
12.9607400894,80.2562026978,70054,70064,10
12.9602203369,80.2560882568,70064,70075,11
12.9593601227,80.2559127808,70075,70085,10
12.9584999084,80.2557525635,70085,70095,10
12.9577503204,80.2555770874,70095,70105,10
12.9568796158,80.2554168701,70105,70115,10
12.9559202194,80.2553710938,70115,70125,10
12.9549198151,80.2553482056,70125,70135,10
12.9542598724,80.2553405762,70135,70145,10
12.9542198181,80.2553405762,70145,70155,10
12.9541301727,80.255317688,70155,70165,10
12.9536895752,80.2553100586,70165,70175,10
12.9530096054,80.2553024292,70175,70186,11
12.9520397186,80.2552566528,70186,70196,10
12.9511404037,80.2552108765,70196,70206,10
12.9506502151,80.2551803589,70206,70216,10
12.9506397247,80.2551803589,70216,70226,10
12.9505300522,80.2551269531,70226,70236,10
12.9500598907,80.2550506592,70236,70246,10
12.9494304657,80.2549209595,70246,70256,10
12.9487600327,80.254737854,70256,70266,10
12.9479103088,80.2544937134,70266,70276,10
12.9469099045,80.2542037964,70276,70286,10
12.9458198547,80.2539978027,70286,70297,11
12.9447002411,80.2538604736,70297,70307,10
12.9437503815,80.2537231445,70307,70317,10
12.9428100586,80.2535400391,70317,70327,10
12.9419803619,80.2534332275,70327,70337,10
12.9419403076,80.2534179688,70337,70347,10
12.9416599274,80.2533721924,70347,70357,10
12.9410495758,80.2532577515,70357,70367,10
12.9402399063,80.2530670166,70367,70377,10
12.9393196106,80.2529830933,70377,70387,10
12.9385700226,80.2529220581,70387,70418,31
12.9385700226,80.2529220581,70418,70428,10
12.9384002686,80.2529067993,70428,70438,10
12.9380302429,80.2527999878,70438,70448,10
12.9374704361,80.2526931763,70448,70458,10
12.9366703033,80.2525863647,70458,70468,10
12.9357404709,80.2524871826,70468,70479,11
12.9344902039,80.2523498535,70479,70488,9
12.9333896637,80.2522277832,70488,70498,10
12.9320802689,80.2520599365,70498,70509,11
12.9305896759,80.2518768311,70509,70520,11
12.9291696548,80.2517166138,70520,70530,10
12.9281301498,80.2516098022,70530,70538,8
12.9275798798,80.2515487671,70538,70550,12
12.9274597168,80.2515411377,70550,70560,10
12.9273195267,80.2515335083,70560,70570,10
12.9268102646,80.2514801025,70570,70579,9
12.9261198044,80.251411438,70579,70589,10
12.9251804352,80.2513580322,70589,70599,10
12.9242200851,80.2513198853,70599,70610,11
12.9230604172,80.2512130737,70610,70619,9
12.9219799042,80.2512130737,70619,70631,12
12.9205102921,80.2515029907,70631,70641,10
12.919500351,80.2511825562,70641,70651,10
12.918970108,80.2510223389,70651,70659,8
12.9189596176,80.2510223389,70659,70671,12
12.9188499451,80.2509918213,70671,70681,10
12.9183597565,80.2509002686,70681,70691,10
12.917599678,80.250793457,70691,70701,10
12.916680336,80.2506790161,70701,70711,10
12.9155797958,80.2505874634,70711,70721,10
12.9139604568,80.2504577637,70721,70742,21
12.9139604568,80.2504577637,70742,70752,10
12.9136896133,80.2504272461,70752,70762,10
12.9131097794,80.2503814697,70762,70772,10
12.9123001099,80.2503204346,70772,70782,10
12.9113397598,80.2502593994,70782,70792,10
12.9101400375,80.2501907349,70792,70802,10
12.9088697433,80.2500686646,70802,70812,10
12.9075098038,80.2498168945,70812,70822,10
12.906129837,80.2494888306,70822,70832,10
12.9047203064,80.249206543,70832,70842,10
12.9033298492,80.2490615845,70842,70853,11
12.9017896652,80.2488632202,70853,70863,10
12.9005498886,80.2485580444,70863,70873,10
12.8993396759,80.2480926514,70873,70883,10
12.8983001709,80.2477416992,70883,70893,10
12.8976898193,80.2475967407,70893,70903,10
12.8975400925,80.2475585938,70903,70913,10
12.8973703384,80.2474975586,70913,70923,10
12.8969202042,80.2473983765,70923,70933,10
12.8961801529,80.2472610474,70933,70943,10
12.8953399658,80.2470779419,70943,70953,10
12.8943300247,80.2468414307,70953,70964,11
12.8931703568,80.2464981079,70964,70974,10
12.892080307,80.2461700439,70974,70984,10
12.8910303116,80.2459030151,70984,70994,10
12.8900299072,80.2456665039,70994,71004,10
12.8889904022,80.2454528809,71004,71014,10
12.8881101608,80.2454986572,71014,71024,10
12.8875999451,80.2456283569,71024,71034,10
12.8873100281,80.2456970215,71034,71044,10
12.8869895935,80.2457809448,71044,71054,10
12.886590004,80.2458724976,71054,71064,10
12.8865604401,80.245880127,71064,71074,10
12.8864002228,80.245880127,71074,71085,11
12.8858499527,80.2458114624,71085,71095,10
12.8850698471,80.2456512451,71095,71105,10
12.8840198517,80.2454528809,71105,71115,10
12.8827695847,80.2452316284,71115,71125,10
12.881480217,80.2449798584,71125,71135,10
12.8801403046,80.2447280884,71135,71145,10
12.8788204193,80.2442321777,71145,71155,10
12.8778295517,80.2439575195,71155,71165,10
12.8775196075,80.2438964844,71165,71175,10
12.8774700165,80.243888855,71175,71185,10
12.876999855,80.2437896729,71185,71196,11
12.8761301041,80.2436523438,71196,71206,10
12.8750801086,80.2435073853,71206,71216,10
12.8738603592,80.2433776855,71216,71226,10
12.8725996017,80.2432937622,71226,71236,10
12.8713903427,80.2433395386,71236,71246,10
12.8701200485,80.2434463501,71246,71256,10
12.869099617,80.2436676025,71256,71266,10
12.8689603806,80.2436904907,71266,71276,10
12.8688297272,80.2436904907,71276,71286,10
12.868350029,80.243598938,71286,71296,10
12.8676700592,80.2434005737,71296,71307,11
12.8667097092,80.243019104,71307,71317,10
12.8655500412,80.2426834106,71317,71327,10
12.8642301559,80.242401123,71327,71337,10
12.8628997803,80.2422409058,71337,71347,10
12.8619098663,80.2421798706,71347,71357,10
12.8614997864,80.2421569824,71357,71367,10
12.8614702225,80.2421569824,71367,71377,10
12.861289978,80.2421569824,71377,71387,10
12.8607397079,80.2420883179,71387,71397,10
12.8599996567,80.2420425415,71397,71407,10
12.859869957,80.2420272827,71407,71418,11
12.8593797684,80.2419891357,71418,71428,10
12.8586196899,80.2419509888,71428,71438,10
12.8577098846,80.241897583,71438,71448,10
12.8566102982,80.2417907715,71448,71458,10
12.8554000854,80.2417068481,71458,71468,10
12.8541498184,80.2416381836,71468,71478,10
12.8529500961,80.2415390015,71478,71488,10
12.8520097733,80.2414321899,71488,71498,10
12.8513803482,80.2413635254,71498,71508,10
12.8506603241,80.2412719727,71508,71521,13
12.850230217,80.2412490845,71521,71530,9
12.8501996994,80.2412414551,71530,71541,11
12.8497400284,80.2411575317,71541,71551,10
12.8489904404,80.2410736084,71551,71561,10
12.8480501175,80.2409973145,71561,71570,9
12.8470802307,80.2409133911,71570,71580,10
12.8459100723,80.240852356,71580,71589,9
12.8448295593,80.2408065796,71589,71600,11
12.8435201645,80.2407531738,71600,71610,10
12.8421897888,80.2407226563,71610,71620,10
12.8408002853,80.2406616211,71620,71630,10
12.8393201828,80.2405929565,71630,71640,10
12.8378095627,80.2405319214,71640,71652,12
12.8361902237,80.2405014038,71652,71662,10
12.8348503113,80.2405319214,71662,71672,10
12.8334102631,80.2405776978,71672,71682,10
12.832110405,80.2405776978,71682,71692,10
12.8314199448,80.2405395508,71692,71702,10
12.8313102722,80.2405319214,71702,71712,10
12.8308095932,80.2405014038,71712,71722,10
12.8299999237,80.240447998,71722,71732,10
12.8290395737,80.2404403687,71732,71742,10
12.8278999329,80.2404022217,71742,71753,11
12.8267402649,80.2403793335,71753,71763,10
12.8256902695,80.2403488159,71763,71773,10
12.8244304657,80.2403030396,71773,71783,10
12.8230400085,80.2402496338,71783,71793,10
12.8216199875,80.240272522,71793,71803,10
12.8202600479,80.2403793335,71803,71813,10
12.8190498352,80.2405014038,71813,71823,10
12.8179302216,80.2406234741,71823,71833,10
12.8167800903,80.2408370972,71833,71843,10
12.8155603409,80.2413101196,71843,71853,10
12.8142795563,80.2418518066,71853,71864,11
12.8128204346,80.2424621582,71864,71874,10
12.8114795685,80.2430114746,71874,71884,10
12.8101100922,80.2434768677,71884,71894,10
12.8086395264,80.2435379028,71894,71904,10
12.8071203232,80.243270874,71904,71914,10
12.8058204651,80.243019104,71914,71924,10
12.8048801422,80.2428207397,71924,71934,10
12.803730011,80.2426071167,71934,71944,10
12.8024501801,80.2423782349,71944,71954,10
12.8010997772,80.2421417236,71954,71963,9
12.7998399734,80.241897583,71963,71975,12
12.798119545,80.2415924072,71975,71985,10
12.79666996,80.241317749,71985,71995,10
12.7952899933,80.2412185669,71995,72005,10
12.7939100266,80.2415771484,72005,72015,10
12.7924900055,80.2419662476,72015,72025,10
12.7910604477,80.2423477173,72025,72035,10
12.7896795273,80.2427520752,72035,72045,10
12.7885303497,80.2432403564,72045,72055,10
12.7873601913,80.2437896729,72055,72065,10
12.786239624,80.2443084717,72065,72074,9
12.7853403091,80.2447433472,72074,72086,12
12.7843799591,80.2452087402,72086,72096,10
12.7842197418,80.2452774048,72096,72106,10
12.7840299606,80.2453689575,72106,72116,10
12.783490181,80.2456283569,72116,72126,10
12.7827196121,80.2460098267,72126,72136,10
12.7818002701,80.2464904785,72136,72146,10
12.7807502747,80.2470703125,72146,72156,10
12.7796602249,80.2476577759,72156,72166,10
12.7787399292,80.2481765747,72166,72176,10
12.7785396576,80.2485580444,72176,72186,10
12.7786397934,80.2485809326,72186,72197,11
12.7789001465,80.248626709,72197,72207,10
12.7794704437,80.2487335205,72207,72217,10
12.7803096771,80.248878479,72217,72227,10
12.7812595367,80.2491073608,72227,72237,10
12.7822198868,80.249458313,72237,72247,10
12.7830600739,80.2496795654,72247,72257,10
12.7834796906,80.24974823,72257,72267,10
12.7839202881,80.2498168945,72267,72277,10
12.7842597961,80.2498703003,72277,72287,10
12.7849302292,80.2499389648,72287,72297,10
12.7857103348,80.250038147,72297,72308,11
12.7864904404,80.2501373291,72308,72318,10
12.7866401672,80.2499923706,72318,72328,10
12.7866401672,80.2497787476,72328,72338,10
12.7866401672,80.2497634888,72338,72348,10
12.786649704,80.2495803833,72348,72358,10
12.7867202759,80.249130249,72358,72593,235
12.7867298126,80.2489471436,72593,73501,908
12.7867202759,80.2487792969,73501,73533,32
12.7867202759,80.2487792969,73533,73563,30
12.7871599197,80.2463684082,73563,73573,10
12.7864398956,80.2459335327,73573,73583,10
12.785490036,80.2455215454,73583,73593,10
12.7848396301,80.2452392578,73593,73603,10
12.7847204208,80.2450866699,73603,73613,10
12.784740448,80.2450027466,73613,73621,8
12.785030365,80.2448272705,73621,73641,20
12.7864303589,80.244178772,73641,73650,9
12.787320137,80.2437591553,73650,73660,10
12.7884302139,80.2432327271,73660,73672,12
12.7898597717,80.2426223755,73672,73682,10
12.7911396027,80.2422409058,73682,73692,10
12.7924699783,80.2418823242,73692,73702,10
12.7938604355,80.2415008545,73702,73712,10
12.7951803207,80.2411499023,73712,73722,10
12.7956199646,80.2410888672,73722,73732,10
12.7961702347,80.2411193848,73732,73742,10
12.7969999313,80.2412796021,73742,73752,10
12.7980604172,80.2414779663,73752,73762,10
12.7992897034,80.2417221069,73762,73772,10
12.8006401062,80.2419586182,73772,73783,11
12.8021602631,80.2422637939,73783,73793,10
12.8034601212,80.2425231934,73793,73803,10
12.8048200607,80.242767334,73803,73813,10
12.806189537,80.243019104,73813,73823,10
12.8076000214,80.243270874,73823,73833,10
12.8089704514,80.2434997559,73833,73843,10
12.8094501495,80.2434997559,73843,73853,10
12.8097496033,80.2434692383,73853,73863,10
12.8104200363,80.243347168,73863,73873,10
12.8112802505,80.2430267334,73873,73883,10
12.8122596741,80.2426071167,73883,73894,11
12.8125600815,80.242477417,73894,73904,10
12.813079834,80.2422485352,73904,73914,10
12.8138999939,80.2419281006,73914,73924,10
12.8149299622,80.2415084839,73924,73934,10
12.8161096573,80.2410202026,73934,73944,10
12.8173999786,80.2406082153,73944,73954,10
12.8185997009,80.2404403687,73954,73964,10
12.8195800781,80.2403335571,73964,73974,10
12.8196697235,80.2403182983,73974,73984,10
12.8201198578,80.2402801514,73984,73994,10
12.8208999634,80.2402114868,73994,74005,11
12.8219499588,80.2401428223,74005,74015,10
12.82310009,80.2401428223,74015,74025,10
12.8243598938,80.240196228,74025,74035,10
12.8256998062,80.2402496338,74035,74045,10
12.8268899918,80.2402801514,74045,74055,10
12.8275699615,80.2402877808,74055,74065,10
12.8277597427,80.2403030396,74065,74075,10
12.8283500671,80.2403182983,74075,74085,10
12.829199791,80.2403411865,74085,74095,10
12.8302497864,80.2403793335,74095,74105,10
12.8314304352,80.2404403687,74105,74116,11
12.831870079,80.2404632568,74116,74126,10
12.8323202133,80.2404937744,74126,74136,10
12.8330898285,80.2404937744,74136,74146,10
12.8340301514,80.2404785156,74146,74156,10
12.8351898193,80.240447998,74156,74166,10
12.8364496231,80.2404098511,74166,74176,10
12.8378601074,80.2404403687,74176,74186,10
12.8393697739,80.2405166626,74186,74196,10
12.840880394,80.2405929565,74196,74206,10
12.842300415,80.2406463623,74206,74216,10
12.8437795639,80.2406997681,74216,74227,11
12.845410347,80.2407608032,74227,74237,10
12.8468103409,80.2408065796,74237,74247,10
12.8480501175,80.2409210205,74247,74257,10
12.8491296768,80.2410202026,74257,74267,10
12.8500404358,80.2411270142,74267,74277,10
12.8509197235,80.2412490845,74277,74287,10
12.8519802094,80.2413406372,74287,74307,20
12.8519802094,80.2413406372,74307,74317,10
12.8522701263,80.2413864136,74317,74327,10
12.8529100418,80.2414627075,74327,74338,11
12.8538599014,80.2415390015,74338,74348,10
12.8549804688,80.241607666,74348,74358,10
12.8561601639,80.2416763306,74358,74368,10
12.8573503494,80.2417907715,74368,74378,10
12.8586196899,80.241859436,74378,74388,10
12.8598499298,80.2419204712,74388,74398,10
12.8609399796,80.2419204712,74398,74408,10
12.8614597321,80.2419204712,74408,74418,10
12.8619298935,80.2419662476,74418,74428,10
12.8626899719,80.2420806885,74428,74438,10
12.8636302948,80.2422180176,74438,74449,11
12.8648195267,80.2424087524,74449,74459,10
12.8660202026,80.24269104,74459,74469,10
12.867099762,80.2430725098,74469,74479,10
12.8678102493,80.2433166504,74479,74489,10
12.8678598404,80.2433624268,74489,74499,10
12.8682098389,80.2434768677,74499,74509,10
12.8689498901,80.2435913086,74509,74519,10
12.8699703217,80.2434234619,74519,74529,10
12.8711099625,80.2432785034,74529,74539,10
12.8723402023,80.2432022095,74539,74548,9
12.873550415,80.2432632446,74548,74559,11
12.8751096725,80.2434310913,74559,74569,10
12.8763799667,80.2436065674,74569,74579,10
12.8774404526,80.2437820435,74579,74589,10
12.8778800964,80.2438583374,74589,74601,12
12.8780899048,80.2438964844,74601,74611,10
12.8786697388,80.2440567017,74611,74619,8
12.8792800903,80.2443313599,74619,74631,12
12.8804397583,80.2447280884,74631,74639,8
12.8813495636,80.2449035645,74639,74651,12
12.8829402924,80.2451934814,74651,74660,9
12.8841896057,80.2454071045,74660,74670,10
12.8853597641,80.2456283569,74670,74680,10
12.886300087,80.2457809448,74680,74690,10
12.887049675,80.2456970215,74690,74701,11
12.8875904083,80.245552063,74701,74712,11
12.8876495361,80.2455291748,74712,74721,9
12.8878698349,80.2454986572,74721,74732,11
12.8884601593,80.2453994751,74732,74741,9
12.8891897202,80.2454223633,74741,74751,10
12.8901996613,80.2456283569,74751,74760,9
12.8912200928,80.245880127,74760,74771,11
12.8923902512,80.2461700439,74771,74781,10
12.8935403824,80.2465286255,74781,74793,12
12.8949604034,80.2469329834,74793,74803,10
12.8960399628,80.2471618652,74803,74813,10
12.8970499039,80.2473602295,74813,74823,10
12.8977899551,80.2474822998,74823,74833,10
12.8980998993,80.2475204468,74833,74843,10
12.8982200623,80.2475585938,74843,74853,10
12.8987197876,80.2477111816,74853,74863,10
12.8994197845,80.2479782104,74863,74873,10
12.9003601074,80.248336792,74873,74883,10
12.90143013,80.2486801147,74883,74893,10
12.9026403427,80.248840332,74893,74904,11
12.9040498734,80.2490081787,74904,74914,10
12.9053297043,80.2491836548,74914,74924,10
12.9066095352,80.2494888306,74924,74934,10
12.9079399109,80.2497787476,74934,74944,10
12.9092998505,80.2499771118,74944,74954,10
12.9105501175,80.2500762939,74954,74964,10
12.9118099213,80.2501602173,74964,74974,10
12.9131202698,80.2502288818,74974,74984,10
12.9143104553,80.2503204346,74984,74993,9
12.9153604507,80.2504196167,74993,75004,11
12.916680336,80.2505187988,75004,75015,11
12.9180498123,80.2506790161,75015,75025,10
12.9191703796,80.2509002686,75025,75035,10
12.9198703766,80.251159668,75035,75045,10
12.9203596115,80.2513198853,75045,75055,10
12.9204998016,80.2513504028,75055,75065,10
12.9206600189,80.2513809204,75065,75075,10
12.9211597443,80.2512817383,75075,75085,10
12.9218997955,80.2511062622,75085,75095,10
12.9227895737,80.2510681152,75095,75105,10
12.9237604141,80.251159668,75105,75115,10
12.9247598648,80.2511978149,75115,75126,11
12.9259996414,80.2512512207,75126,75136,10
12.9271602631,80.2513504028,75136,75146,10
12.9281902313,80.2514801025,75146,75156,10
12.9293603897,80.2515716553,75156,75176,20
12.9293603897,80.2515716553,75176,75186,10
12.9297800064,80.2516174316,75186,75196,10
12.9304895401,80.251701355,75196,75206,10
12.9314203262,80.2518234253,75206,75216,10
12.9324998856,80.2519607544,75216,75226,10
12.9334497452,80.2520904541,75226,75237,11
12.9347295761,80.2522506714,75237,75247,10
12.9358797073,80.2523803711,75247,75257,10
12.9368801117,80.2524871826,75257,75267,10
12.9378595352,80.2526168823,75267,75277,10
12.9383602142,80.2526702881,75277,75287,10
12.9383897781,80.2526779175,75287,75297,10
12.9387998581,80.2527618408,75297,75307,10
12.9394903183,80.2528381348,75307,75317,10
12.9403600693,80.2529525757,75317,75327,10
12.9413795471,80.2531814575,75327,75336,9
12.9424200058,80.2533416748,75336,75348,12
12.9436197281,80.2535705566,75348,75358,10
12.9444599152,80.2537078857,75358,75368,10
12.9453601837,80.2538299561,75368,75378,10
12.9461402893,80.2539215088,75378,75388,10
12.9467496872,80.2540206909,75388,75416,28
12.9467496872,80.2540206909,75416,75428,12
12.9471101761,80.2541122437,75428,75438,10
12.9472503662,80.2541503906,75438,75448,10
12.9472999573,80.2541732788,75448,75459,11
12.9474601746,80.2542266846,75459,75469,10
12.9479103088,80.2543716431,75469,75479,10
12.9486503601,80.2545928955,75479,75489,10
12.9493598938,80.2547607422,75489,75499,10
12.949640274,80.2548217773,75499,75509,10
12.9496803284,80.2548294067,75509,75519,10
12.9500598907,80.2549209595,75519,75529,10
12.9506998062,80.2550506592,75529,75539,10
12.9515399933,80.2551116943,75539,75549,10
12.9526195526,80.2551574707,75549,75558,9
12.9536399841,80.2552032471,75558,75570,12
12.9545602798,80.2551879883,75570,75580,10
12.95470047,80.2552032471,75580,75590,10
12.9551696777,80.2552185059,75590,75600,10
12.9558801651,80.255241394,75600,75610,10
12.9568004608,80.2553100586,75610,75620,10
12.9578104019,80.2554702759,75620,75630,10
12.9587402344,80.2556610107,75630,75640,10
12.9597902298,80.2558898926,75640,75650,10
12.9607601166,80.2560806274,75650,75661,11
12.961230278,80.2561721802,75661,75670,9
12.9612903595,80.2561798096,75670,75680,10
12.961640358,80.2562789917,75680,75690,10
12.9621801376,80.2564086914,75690,75702,12
12.9629402161,80.2565002441,75702,75710,8
12.9631900787,80.2565231323,75710,75720,10
12.9636096954,80.2565307617,75720,75762,42
12.9636096954,80.2565307617,75762,75772,10
12.9638795853,80.2565765381,75772,75782,10
12.9644098282,80.256652832,75782,75793,11
12.9652900696,80.2567596436,75793,75803,10
12.9661998749,80.2569122314,75803,75813,10
12.9671497345,80.2570877075,75813,75823,10
12.9681797028,80.2573623657,75823,75831,8
12.9689397812,80.2575531006,75831,75843,12
12.9695396423,80.2577133179,75843,75853,10
12.9696102142,80.2577514648,75853,75861,8
12.9699296951,80.2578735352,75861,75873,12
12.970749855,80.2581176758,75873,75881,8
12.971449852,80.2581863403,75881,75891,10
12.9724597931,80.2581634521,75891,75904,13
12.9736499786,80.2583618164,75904,75914,10
12.9739198685,80.2584228516,75914,75924,10
12.9741601944,80.2584762573,75924,75934,10
12.9747400284,80.2586288452,75934,75944,10
12.9754600525,80.2588424683,75944,75954,10
12.9767398834,80.2591323853,75954,75974,20
12.9767398834,80.2591323853,75974,75984,10
12.9770202637,80.2591781616,75984,75994,10
12.977519989,80.2591934204,75994,76004,10
12.9778203964,80.2591705322,76004,76015,11
12.9784803391,80.2591400146,76015,76025,10
12.9793195724,80.2591781616,76025,76035,10
12.9802398682,80.2593231201,76035,76045,10
12.9811296463,80.2593917847,76045,76055,10
12.9821996689,80.2594223022,76055,76065,10
12.9830799103,80.2594833374,76065,76075,10
12.9837398529,80.2595291138,76075,76085,10
12.9839296341,80.2593383789,76085,76095,10
12.9839801788,80.2587814331,76095,76105,10
12.9840297699,80.258102417,76105,76115,10
12.9843997955,80.2577972412,76115,76126,11
12.9851903915,80.257850647,76126,76136,10
12.9860296249,80.2579498291,76136,76146,10
12.9869403839,80.2580566406,76146,76166,20
12.9869403839,80.2580566406,76166,76176,10
12.9871997833,80.2581329346,76176,76186,10
12.9873695374,80.2578277588,76186,76196,10
12.9874296188,80.2571487427,76196,76206,10
12.9875097275,80.2564620972,76206,76216,10
12.9875001907,80.2560806274,76216,76226,10
12.9875202179,80.2559432983,76226,76236,10
12.9876699448,80.2557678223,76236,76247,11
12.9881601334,80.2558517456,76247,76256,9
12.9885997772,80.2558898926,76256,76267,11
12.9886198044,80.255897522,76267,76277,10
12.9889001846,80.2559280396,76277,76287,10
12.9893903732,80.2559814453,76287,76297,10
12.9900598526,80.2559890747,76297,76307,10
12.9906797409,80.2560119629,76307,76317,10
12.9912700653,80.2560272217,76317,76327,10
12.9920797348,80.256072998,76327,76337,10
12.9929103851,80.2560577393,76337,76347,10
12.9936504364,80.2560119629,76347,76358,11
12.9944000244,80.2559814453,76358,76368,10
12.9950399399,80.2559204102,76368,76378,10
12.9956197739,80.255897522,76378,76388,10
12.995759964,80.2558898926,76388,76398,10
12.9958696365,80.2558898926,76398,76408,10
12.9962701797,80.2559127808,76408,76418,10
12.9968099594,80.255897522,76418,76428,10
12.997179985,80.2559127808,76428,76438,10
12.9975795746,80.2559280396,76438,76448,10
12.9980401993,80.2559509277,76448,76458,10
12.9986095428,80.2560424805,76458,76467,9
12.9988803864,80.2560577393,76467,76479,12
12.9988899231,80.2560577393,76479,76489,10
12.9990501404,80.256111145,76489,76519,30
12.9990501404,80.256111145,76519,76529,10
12.9992198944,80.256149292,76529,76539,10
12.99958992,80.2562179565,76539,76549,10
13.0000801086,80.2563095093,76549,76559,10
13.0007801056,80.2564468384,76559,76569,10
13.0014600754,80.2565689087,76569,76580,11
13.0023202896,80.2567062378,76580,76590,10
13.0031404495,80.2568664551,76590,76600,10
13.0039901733,80.2570266724,76600,76610,10
13.0047597885,80.2571716309,76610,76620,10
13.0055704117,80.2573394775,76620,76630,10
13.0061502457,80.2574386597,76630,76640,10
13.006360054,80.2574615479,76640,76650,10
13.006480217,80.2574081421,76650,76662,12
13.0064601898,80.2570114136,76662,76672,10
13.0064401627,80.2562332153,76672,76683,11
13.006480217,80.2552337646,76683,76691,8
13.006480217,80.2545394897,76691,76701,10
13.006480217,80.2537689209,76701,76712,11
13.0064697266,80.2532196045,76712,76723,11
13.0064697266,80.2530899048,76723,76733,10
13.006480217,80.2526321411,76733,76743,10
13.0065202713,80.2521591187,76743,76804,61
13.0065202713,80.2521591187,76804,76814,10
13.0064897537,80.2520370483,76814,76824,10
13.0065603256,80.2517089844,76824,76834,10
13.006649971,80.2511367798,76834,76844,10
13.0066900253,80.2503890991,76844,76852,8
13.0066995621,80.2496566772,76852,76862,10
13.006649971,80.2486419678,76862,76872,10
13.0066003799,80.2481307983,76872,76882,10
13.0066003799,80.2480316162,76882,76894,12
13.0065803528,80.2478485107,76894,76902,8
13.0065803528,80.2475662231,76902,76915,13
13.0066099167,80.246963501,76915,76925,10
13.0066003799,80.2468185425,76925,76935,10
13.0066404343,80.2465591431,76935,76945,10
13.0066604614,80.2461013794,76945,76955,10
13.0066795349,80.2453079224,76955,76965,10
13.0066404343,80.2443771362,76965,76972,7
13.0066099167,80.2438278198,76972,76985,13
13.0066003799,80.2428588867,76985,76995,10
13.0065698624,80.2419967651,76995,77005,10
13.0066099167,80.2410964966,77005,77015,10
13.006649971,80.2405166626,77015,77026,11
13.0067796707,80.239906311,77026,77036,10
13.0069303513,80.239112854,77036,77046,10
13.0071001053,80.2382888794,77046,77056,10
13.0072202682,80.237701416,77056,77066,10
13.0073299408,80.2371292114,77066,77076,10
13.0073900223,80.2366867065,77076,77086,10
13.0074195862,80.236618042,77086,77096,10
13.0075302124,80.2362136841,77096,77106,10
13.0076704025,80.2355270386,77106,77116,10
13.0078401566,80.2346801758,77116,77126,10
13.0080499649,80.2336502075,77126,77137,11
13.0083398819,80.2322235107,77137,77147,10
13.008600235,80.230796814,77147,77157,10
13.0088996887,80.2293319702,77157,77167,10
13.009180069,80.2280426025,77167,77177,10
13.0096597672,80.2269592285,77177,77187,10
13.0101299286,80.2259902954,77187,77197,10
13.0104398727,80.2253494263,77197,77207,10
13.01060009,80.2250518799,77207,77217,10
13.0107803345,80.2246398926,77217,77227,10
13.0111198425,80.2238998413,77227,77237,10
13.0113201141,80.2234115601,77237,77248,11
13.0114297867,80.223197937,77248,77258,10
13.0116195679,80.2227706909,77258,77268,10
13.0118703842,80.2220611572,77268,77278,10
13.012140274,80.2214736938,77278,77288,10
13.0123500824,80.2215194702,77288,77298,10
13.0126199722,80.2219467163,77298,77308,10
13.0130996704,80.2225112915,77308,77318,10
13.013710022,80.22315979,77318,77328,10
13.0142097473,80.2237701416,77328,77338,10
13.0146598816,80.2243118286,77338,77348,10
13.0149297714,80.224571228,77348,77361,13
13.0152797699,80.2249221802,77361,77371,10
13.0155801773,80.225151062,77371,77381,10
13.015709877,80.2252120972,77381,77391,10
13.016119957,80.2253570557,77391,77401,10
13.0168199539,80.2251968384,77401,77411,10
13.0176095963,80.2248687744,77411,77421,10
13.0184698105,80.2245025635,77421,77431,10
13.019200325,80.2243118286,77431,77441,10
13.0197896957,80.2245483398,77441,77451,10
13.02023983,80.2249069214,77451,77461,10
13.0206403732,80.2252197266,77461,77471,10
13.0211000443,80.2255630493,77471,77483,12
13.0218296051,80.2260818481,77483,77491,8
13.0222301483,80.2263793945,77491,77503,12
13.0223503113,80.2265014648,77503,77513,10
13.0224704742,80.2266387939,77513,77523,10
13.0228796005,80.2270202637,77523,77533,10
13.0234203339,80.2275390625,77533,77543,10
13.0240001678,80.2280731201,77543,77551,8
13.0242500305,80.2283706665,77551,77562,11
13.0243797302,80.2285385132,77562,77573,11
13.0246601105,80.2289733887,77573,77584,11
13.0250501633,80.2294921875,77584,77592,8
13.0253896713,80.2299423218,77592,77602,10
13.0258302689,80.2306976318,77602,77614,12
13.0261001587,80.2315979004,77614,77622,8
13.026260376,80.2322235107,77622,77634,12
13.0264997482,80.2328033447,77634,77674,40
13.0264997482,80.2328033447,77674,77684,10
13.0266599655,80.2332611084,77684,77695,11
13.0270595551,80.23387146,77695,77705,10
13.0274801254,80.234588623,77705,77715,10
13.0279502869,80.235458374,77715,77725,10
13.0286998749,80.2362976074,77725,77735,10
13.0293798447,80.2369995117,77735,77745,10
13.0295600891,80.237197876,77745,77755,10
13.0296401978,80.2373504639,77755,77765,10
13.0299396515,80.2378387451,77765,77775,10
13.0303401947,80.23853302,77775,77785,10
13.0307703018,80.2392196655,77785,77793,8
13.0309801102,80.2395782471,77793,77846,53
13.0309801102,80.2395782471,77846,77856,10
13.0310697556,80.2397232056,77856,77866,10
13.0312099457,80.2399597168,77866,77876,10
13.0313796997,80.240272522,77876,77886,10
13.0314302444,80.2407608032,77886,77896,10
13.0316295624,80.2411804199,77896,77906,10
13.0319099426,80.2417984009,77906,77917,11
13.0322799683,80.2423400879,77917,77927,10
13.0327997208,80.2430267334,77927,77937,10
13.0334300995,80.2438583374,77937,77947,10
13.0338401794,80.2444534302,77947,77957,10
13.0342903137,80.2450180054,77957,77967,10
13.0347204208,80.2455596924,77967,77977,10
13.0351896286,80.2460098267,77977,77987,10
13.0355300903,80.2461013794,77987,77997,10
13.0356302261,80.2460784912,77997,78007,10
13.0358695984,80.2462310791,78007,78016,9
13.036239624,80.2463378906,78016,78028,12
13.0370998383,80.2465286255,78028,78038,10
13.0376796722,80.2464599609,78038,78046,8
13.0382204056,80.24659729,78046,78058,12
13.0392103195,80.2469100952,78058,78068,10
13.0407304764,80.2471923828,78068,78088,20
13.0407304764,80.2471923828,78088,78098,10
13.0409002304,80.247253418,78098,78108,10
13.0414199829,80.2473373413,78108,78118,10
13.0415000916,80.2473602295,78118,78128,10
13.0418596268,80.247428894,78128,78139,11
13.0425300598,80.2476577759,78139,78149,10
13.0431203842,80.2478713989,78149,78159,10
13.0438098907,80.2478866577,78159,78169,10
13.0444202423,80.2479095459,78169,78179,10
13.0449695587,80.2481307983,78179,78189,10
13.0454397202,80.248298645,78189,78199,10
13.0460700989,80.248550415,78199,78209,10
13.0467500687,80.2484512329,78209,78219,10
13.0468397141,80.2484512329,78219,78229,10
13.0469398499,80.2484664917,78229,78239,10
13.0473604202,80.2486495972,78239,78250,11
13.0479698181,80.2492370605,78250,78260,10
13.0486001968,80.2496871948,78260,78270,10
13.0493898392,80.2497711182,78270,78280,10
13.0503797531,80.249961853,78280,78290,10
13.0513401031,80.2502212524,78290,78300,10
13.0521297455,80.2508163452,78300,78310,10
13.052740097,80.2516021729,78310,78320,10
13.0534200668,80.2525100708,78320,78330,10
13.054019928,80.2533493042,78330,78340,10
13.054690361,80.2542190552,78340,78350,10
13.0552997589,80.2550201416,78350,78361,11
13.0559396744,80.255859375,78361,78371,10
13.0563898087,80.2564468384,78371,78381,10
13.0567798615,80.2568206787,78381,78391,10
13.0567798615,80.2568283081,78391,78401,10
13.0570201874,80.2570495605,78401,78411,10
13.0574798584,80.2574920654,78411,78421,10
13.0579795837,80.2580032349,78421,78431,10
13.0584402084,80.2585983276,78431,78441,10
13.0589504242,80.2592163086,78441,78451,10
13.0593795776,80.2599334717,78451,78461,10
13.0600299835,80.2604904175,78461,78472,11
13.0606002808,80.2611312866,78472,78484,12
13.0606803894,80.2613372803,78484,78494,10
13.0609197617,80.2616577148,78494,78504,10
13.0612602234,80.2619934082,78504,78512,8
13.0615501404,80.2623062134,78512,78524,12
13.0620498657,80.2629699707,78524,78534,10
13.0625600815,80.2635574341,78534,78544,10
13.0627803802,80.2638168335,78544,78553,9
13.0631103516,80.2641677856,78553,78563,10
13.0635004044,80.2648162842,78563,78573,10
13.0639200211,80.2655105591,78573,78585,12
13.0645103455,80.266242981,78585,78593,8
13.0648803711,80.2666931152,78593,78603,10
13.065320015,80.2670974731,78603,78613,10
13.0657196045,80.2674331665,78613,78623,10
13.0657997131,80.267539978,78623,78633,10
13.0661001205,80.2679595947,78633,78645,12
13.0667600632,80.268447876,78645,78655,10
13.0670604706,80.2686080933,78655,78663,8
13.0670995712,80.2686462402,78663,78673,10
13.0674600601,80.2689208984,78673,78683,10
13.0679597855,80.2692337036,78683,78696,13
13.0682201385,80.2696990967,78696,78704,8
13.0681400299,80.2702407837,78704,78715,11
13.0680799484,80.2710800171,78715,78726,11
13.0684604645,80.2717514038,78726,78736,10
13.0691795349,80.2721176147,78736,78746,10
13.0698404312,80.2728271484,78746,78756,10
13.0703802109,80.2734985352,78756,78766,10
13.0708198547,80.2740020752,78766,78776,10
13.0708599091,80.274017334,78776,78788,12
13.0708904266,80.2740707397,78788,78798,10
13.0712404251,80.2742233276,78798,78809,11
13.0719099045,80.2745819092,78809,78819,10
13.0725002289,80.2752227783,78819,78829,10
13.07310009,80.2758636475,78829,78839,10
13.0734901428,80.2762374878,78839,78849,10
13.0739898682,80.2763824463,78849,78859,10
13.0747499466,80.2763366699,78859,78869,10
13.0755300522,80.2762985229,78869,78879,10
13.075920105,80.276260376,78879,78889,10
13.0764198303,80.276260376,78889,78899,10
13.0771903992,80.2762069702,78899,78909,10
13.078040123,80.2760696411,78909,78920,11
13.0784397125,80.2752380371,78920,78930,10
13.079199791,80.2751998901,78930,78940,10
13.0800895691,80.2752838135,78940,78950,10
13.0808401108,80.2752075195,78950,78960,10
13.0812797546,80.275177002,78960,79000,40
13.0812797546,80.275177002,79000,79009,9
13.0813903809,80.275177002,79009,79018,9
13.0817203522,80.2752532959,79018,79031,13
13.0819797516,80.2757415771,79031,79051,20
13.0819797516,80.2757415771,79051,79061,10
13.081990242,80.2758483887,79061,79071,10
13.0818300247,80.2760391235,79071,79081,10
13.0818195343,80.2760620117,79081,79091,10
13.0817899704,80.2761993408,79091,79101,10
13.0818300247,80.2765426636,79101,79110,9
13.0819101334,80.2770996094,79110,79121,11
13.082110405,80.2783279419,79121,79162,41
13.082110405,80.2783279419,79162,79172,10
13.082110405,80.2785186768,79172,79183,11
13.0821399689,80.2791900635,79183,79193,10
13.0822200775,80.2799987793,79193,79204,11
13.0823097229,80.2810897827,79204,79214,10
13.082400322,80.2817687988,79214,79223,9
13.0829696655,80.2821426392,79223,79233,10
13.0838003159,80.2826690674,79233,79245,12
13.0847196579,80.2833633423,79245,79256,11
13.0852298737,80.2838516235,79256,79266,10
13.0854101181,80.2836532593,79266,79276,10
13.0855102539,80.2835617065,79276,79286,10
13.085849762,80.2835464478,79286,79296,10
13.0862102509,80.2835693359,79296,79306,10
13.0864801407,80.2837524414,79306,79316,10
13.0867300034,80.2837905884,79316,79326,10
13.0870304108,80.2837600708,79326,79336,10
13.0872602463,80.2836990356,79336,79346,10
13.0875597,80.2837219238,79346,79626,280
13.0882396698,80.2835464478,79626,79666,40
13.0882501602,80.2822189331,79666,79696,30
13.0865001678,80.2810516357,79696,79726,30
13.085439682,80.2797012329,79726,79755,29
13.085439682,80.2797012329,79755,79775,20
13.08411026,80.2791976929,79775,79785,10
13.0833501816,80.279006958,79785,79795,10
13.0827198029,80.2787475586,79795,79804,9
13.0825099945,80.2786712646,79804,79818,14
13.0823602676,80.2786178589,79818,79828,10
13.0819997787,80.278427124,79828,79838,10
13.0818796158,80.2779922485,79838,79848,10
13.0818395615,80.2774505615,79848,79856,8
13.0817899704,80.2769165039,79856,79868,12
13.0816402435,80.2760314941,79868,79878,10
13.0815401077,80.2755203247,79878,79888,10
13.0814695358,80.2752990723,79888,79898,10
13.0812797546,80.2751617432,79898,79909,11
13.0808095932,80.2752380371,79909,79919,10
13.0802898407,80.2753067017,79919,79930,11
13.0796804428,80.275352478,79930,79940,10
13.0790596008,80.2752380371,79940,79950,10
13.0783395767,80.2754211426,79950,79960,10
13.0780000687,80.2761688232,79960,79970,10
13.077249527,80.2762680054,79970,79980,10
13.0764303207,80.2763137817,79980,79990,10
13.0758800507,80.2762908936,79990,80000,10
13.0758399963,80.2760162354,80000,80010,10
13.0758895874,80.2758331299,80010,80020,10
13.0758199692,80.2748794556,80020,80787,767
13.0758199692,80.2748794556,80787,80807,20
13.0754995346,80.2752380371,80807,82834,2027
13.0754995346,80.2752380371,82834,82844,10
13.0756902695,80.2752914429,82844,82905,61
13.0757398605,80.2747192383,82905,86314,3409
13.075630188,80.2749176025,86314,86385,71
