12.9980297089,80.2565002441,17,18285,18268
12.9977197647,80.2563171387,18285,18376,91
12.9972896576,80.2559280396,18376,18406,30
12.9969701767,80.256111145,18406,18573,167
12.9969501495,80.2561416626,18573,18738,165
12.9969501495,80.2562484741,18738,19031,293
12.997010231,80.2562484741,19031,19091,60
12.9969997406,80.2562637329,19091,19518,427
12.9968900681,80.2567596436,19518,19552,34
12.9966697693,80.2588272095,19552,19582,30
12.9962396622,80.2627487183,19582,19638,56
12.9960203171,80.2648468018,19638,19671,33
12.9957504272,80.2674179077,19671,19703,32
12.9968996048,80.2677612305,19703,19734,31
12.9989995956,80.2671279907,19734,19767,33
13.0001602173,80.2662506104,19767,19797,30
13.0003595352,80.2658691406,19797,19828,31
13.0002603531,80.2663879395,19828,20704,876
13.0002098083,80.2668380737,20704,20735,31
12.9986495972,80.267288208,20735,20766,31
12.9965896606,80.267791748,20766,20794,28
12.9956703186,80.2673568726,20794,20823,29
12.9958496094,80.2657928467,20823,20857,34
12.9961299896,80.2633972168,20857,20887,30
12.9962501526,80.2620010376,20887,20916,29
12.9964704514,80.2602462769,20916,20948,32
12.9967603683,80.2574234009,20948,20979,31
12.9971399307,80.2558517456,20979,21009,30
12.9979000092,80.2559127808,21009,21039,30
12.9989595413,80.2560424805,21039,21069,30
13.0009698868,80.2564315796,21069,21100,31
13.0029096603,80.2567672729,21100,21129,29
13.0051403046,80.2571792603,21129,21159,30
13.006480217,80.2567214966,21159,21190,31
13.0065002441,80.2535705566,21190,21221,31
13.0066604614,80.2516937256,21221,21251,30
13.0067100525,80.2495117188,21251,21282,31
13.0066299438,80.247428894,21282,21311,29
13.0066404343,80.2463989258,21311,21342,31
13.0066099167,80.2444992065,21342,21372,30
13.0065803528,80.2432098389,21372,21402,30
13.0066604614,80.2406997681,21402,21433,31
13.0072603226,80.2377471924,21433,21463,30
13.007519722,80.2364196777,21463,21493,30
13.0080404282,80.2338409424,21493,21526,33
13.0087203979,80.2303619385,21526,21555,29
13.00963974,80.2271270752,21555,21584,29
13.0110998154,80.2239990234,21584,21618,34
13.0110998154,80.2239990234,21618,21640,22
13.0117998123,80.2222824097,21640,21649,9
13.0120601654,80.2215881348,21649,21659,10
13.0123996735,80.2214431763,21659,21669,10
13.0126800537,80.2218780518,21669,21679,10
13.0131502151,80.2224502563,21679,21688,9
13.0136003494,80.2229537964,21688,21700,12
13.0142498016,80.2237319946,21700,21710,10
13.0147600174,80.2243270874,21710,21720,10
13.01541996,80.224899292,21720,21740,20
13.01541996,80.224899292,21740,21750,10
13.0154695511,80.2249526978,21750,21760,10
13.0157203674,80.225189209,21760,21770,10
13.0162601471,80.2253494263,21770,21780,10
13.0169801712,80.225151062,21780,21790,10
13.0178098679,80.224822998,21790,21801,11
13.0191602707,80.224319458,21801,21851,50
13.0191602707,80.224319458,21851,21861,10
13.0193996429,80.2243423462,21861,21871,10
13.0197896957,80.2245635986,21871,21881,10
13.020359993,80.2249679565,21881,21891,10
13.0210199356,80.2254562378,21891,21902,11
13.0218601227,80.2260971069,21902,21912,10
13.0226602554,80.2267913818,21912,21922,10
13.0234899521,80.2275314331,21922,21932,10
13.0242004395,80.2282791138,21932,21942,10
13.0243997574,80.2285308838,21942,21952,10
13.0246696472,80.2289276123,21952,21962,10
13.0250997543,80.2295227051,21962,21972,10
13.0255298615,80.2300872803,21972,21982,10
13.0258998871,80.230796814,21982,21992,10
13.0261001587,80.231338501,21992,22002,10
13.0266399384,80.2312469482,22002,22012,10
13.0273799896,80.231048584,22012,22022,10
13.0283699036,80.2309036255,22022,22054,32
13.0297803879,80.2307662964,22054,22094,40
13.0305995941,80.2300796509,22094,22125,31
13.0303602219,80.2282791138,22125,22155,30
13.028169632,80.2271194458,22155,22230,75
13.0281295776,80.2255935669,22230,22260,30
13.0287904739,80.2240219116,22260,22289,29
13.0299596786,80.2242736816,22289,22322,33
13.0311603546,80.2233428955,22322,22353,31
13.0314102173,80.2226104736,22353,22383,30
13.0321598053,80.2205886841,22383,22414,31
13.0321598053,80.2205886841,22414,22434,20
13.0321998596,80.2197494507,22434,22444,10
13.03221035,80.2192993164,22444,22454,10
13.0321903229,80.2186965942,22454,22464,10
13.0318202972,80.2184371948,22464,22474,10
13.0314798355,80.2180709839,22474,22484,10
13.0314502716,80.217376709,22484,22494,10
13.031370163,80.2170333862,22494,22505,11
13.0309696198,80.2169570923,22505,22515,10
13.030500412,80.2168197632,22515,22525,10
13.0304603577,80.2165374756,22525,22535,10
13.0304203033,80.2162628174,22535,22545,10
13.0303602219,80.2157211304,22545,22555,10
13.0303201675,80.2149810791,22555,22565,10
13.0303497314,80.2146224976,22565,22575,10
13.030380249,80.2145080566,22575,22585,10
13.0304498672,80.2140579224,22585,22595,10
13.0304899216,80.2136611938,22595,22606,11
13.0305404663,80.2133407593,22606,22616,10
13.0306196213,80.2127838135,22616,22626,10
13.0306997299,80.2122116089,22626,22636,10
13.0307703018,80.2116470337,22636,22646,10
13.0308198929,80.2113494873,22646,22656,10
13.0309095383,80.2108535767,22656,22666,10
13.0310001373,80.2102279663,22666,22676,10
13.0308504105,80.2100601196,22676,22686,10
13.0304403305,80.2099380493,22686,22696,10
13.0300197601,80.2097396851,22696,22707,11
13.0301198959,80.2092285156,22707,22747,40
13.0301198959,80.2092285156,22747,22757,10
13.0306196213,80.2091217041,22757,22767,10
13.0313100815,80.2092590332,22767,22777,10
13.0315904617,80.2093582153,22777,22787,10
13.0317602158,80.2094421387,22787,22797,10
13.0323495865,80.2095565796,22797,22807,10
13.033200264,80.2097015381,22807,22817,10
13.0342502594,80.2098770142,22817,22827,10
13.0350904465,80.2098770142,22827,22837,10
13.0352401733,80.2091598511,22837,22847,10
13.0352897644,80.2086410522,22847,22857,10
13.0353002548,80.2085494995,22857,22867,10
13.0353498459,80.2081604004,22867,22878,11
13.0354604721,80.2074127197,22878,22888,10
13.0355796814,80.2065963745,22888,22898,10
13.0356903076,80.2058792114,22898,22908,10
13.0357999802,80.2051773071,22908,22918,10
13.0359096527,80.2045669556,22918,22928,10
13.0360298157,80.2038574219,22928,22938,10
13.0361204147,80.2031021118,22938,22948,10
13.0362501144,80.2023010254,22948,22958,10
13.036359787,80.2015228271,22958,22968,10
13.0363702774,80.2012405396,22968,22978,10
13.0364198685,80.2008590698,22978,22988,10
13.0365400314,80.2001419067,22988,22998,10
13.0366601944,80.19921875,22998,23011,13
13.0368204117,80.1981887817,23011,23021,10
13.036939621,80.1974868774,23021,23031,10
13.0370397568,80.1967697144,23031,23041,10
13.0371103287,80.1962966919,23041,23051,10
13.0371398926,80.1961517334,23051,23061,10
13.0372200012,80.1955871582,23061,23071,10
13.0373001099,80.1948776245,23071,23081,10
13.0374202728,80.1941070557,23081,23091,10
13.037560463,80.1931610107,23091,23101,10
13.0377702713,80.1927566528,23101,23132,31
13.0377702713,80.1927566528,23132,23142,10
13.0379199982,80.1927566528,23142,23152,10
13.0384597778,80.192817688,23152,23162,10
13.0389499664,80.1929016113,23162,23172,10
13.0390996933,80.1929168701,23172,23182,10
13.0396003723,80.1930007935,23182,23192,10
13.0403604507,80.193107605,23192,23202,10
13.0411996841,80.1932525635,23202,23213,11
13.0417699814,80.1935882568,23213,23223,10
13.0417604446,80.1940383911,23223,23233,10
13.0417203903,80.1943435669,23233,23243,10
13.0416097641,80.1949920654,23243,23253,10
13.0415296555,80.1956787109,23253,23263,10
13.0414104462,80.1965026855,23263,23273,10
13.0413198471,80.1971511841,23273,23283,10
13.0411901474,80.1979370117,23283,23293,10
13.0410995483,80.1987686157,23293,23304,11
13.0409803391,80.199546814,23304,23314,10
13.0408601761,80.2004089355,23314,23324,10
13.0407600403,80.2013931274,23324,23334,10
13.0406703949,80.2019882202,23334,23343,9
13.0405902863,80.2024002075,23343,23354,11
13.0404396057,80.2032470703,23354,23364,10
13.040309906,80.2041397095,23364,23374,10
13.0402202606,80.2048416138,23374,23384,10
13.0404996872,80.2050476074,23384,23394,10
13.0410995483,80.2051467896,23394,23405,11
13.0412902832,80.2051773071,23405,23415,10
13.0415401459,80.2052230835,23415,23425,10
13.0421304703,80.2053070068,23425,23435,10
13.0426797867,80.2055435181,23435,23445,10
13.0430202484,80.2061004639,23445,23455,10
13.0434999466,80.2067337036,23455,23465,10
13.0439195633,80.2073669434,23465,23475,10
13.0441303253,80.2081298828,23475,23485,10
13.0441598892,80.2088775635,23485,23494,9
13.0441904068,80.2090988159,23494,23506,12
13.0441799164,80.2094421387,23506,23516,10
13.0442199707,80.2101287842,23516,23526,10
13.044260025,80.2110595703,23526,23536,10
13.0443296432,80.2119369507,23536,23546,10
13.044380188,80.2121810913,23546,23556,10
13.0445098877,80.2122573853,23556,23566,10
13.0449895859,80.2122421265,23566,23576,10
13.0454702377,80.2122268677,23576,23586,10
13.046210289,80.2121963501,23586,23596,10
13.0469999313,80.2121505737,23596,23607,11
13.0471200943,80.2119064331,23607,23617,10
13.0471000671,80.2117919922,23617,23627,10
13.0470895767,80.2113571167,23627,23637,10
13.04708004,80.2107696533,23637,23647,10
13.0476799011,80.2107620239,23647,23657,10
13.0484600067,80.2107925415,23657,23667,10
13.0492696762,80.2108383179,23667,23677,10
13.049659729,80.2107620239,23677,23687,10
13.0496501923,80.2102813721,23687,23697,10
13.0495100021,80.2094802856,23697,23708,11
13.0494298935,80.2086181641,23708,23718,10
13.0491600037,80.2078323364,23718,23728,10
13.0488595963,80.207069397,23728,23748,20
13.0488595963,80.207069397,23748,23758,10
13.0488195419,80.2069778442,23758,23768,10
13.0490503311,80.2068405151,23768,23778,10
13.0490999222,80.2071914673,23778,25093,1315
13.0490999222,80.2071914673,25093,25103,10
13.0490598679,80.2073974609,25103,25113,10
13.0491199493,80.2077026367,25113,25124,11
13.0493497849,80.2082519531,25124,25134,10
13.0495004654,80.2089614868,25134,25144,10
13.0496397018,80.2097702026,25144,25154,10
13.0497303009,80.2106018066,25154,25164,10
13.0498304367,80.2114181519,25164,25174,10
13.0494804382,80.2121963501,25174,25194,20
13.0494804382,80.2121963501,25194,25204,10
13.0492696762,80.2122116089,25204,25214,10
13.0488500595,80.2122116089,25214,25225,11
13.0481996536,80.2122497559,25225,25235,10
13.0474500656,80.2122879028,25235,25245,10
13.0465097427,80.2123184204,25245,25255,10
13.0455503464,80.2123565674,25255,25265,10
13.0448303223,80.2123794556,25265,25275,10
13.0444002151,80.2123718262,25275,25285,10
13.0442304611,80.2119598389,25285,25295,10
13.0442199707,80.2112121582,25295,25305,10
13.0441904068,80.2104034424,25305,25315,10
13.0441503525,80.2095794678,25315,25326,11
13.0440998077,80.2089385986,25326,25336,10
13.0440998077,80.2088928223,25336,25346,10
13.0441102982,80.2086715698,25346,25356,10
13.0440998077,80.2081375122,25356,25366,10
13.0439300537,80.2074203491,25366,25376,10
13.0434703827,80.2067489624,25376,25386,10
13.0429401398,80.2060089111,25386,25396,10
13.0423202515,80.2054214478,25396,25406,10
13.0416297913,80.2052536011,25406,25416,10
13.0409698486,80.2051620483,25416,25427,11
13.0408201218,80.2051315308,25427,25437,10
13.0404596329,80.2051010132,25437,25447,10
13.0398597717,80.2050018311,25447,25457,10
13.0391302109,80.2048873901,25457,25467,10
13.0384101868,80.2048034668,25467,25477,10
13.0382099152,80.2047576904,25477,25487,10
13.0381803513,80.2045135498,25487,25497,10
13.0382699966,80.2040481567,25497,25507,10
13.0383796692,80.203338623,25507,25518,11
13.0384998322,80.2024917603,25518,25528,10
13.0385904312,80.2019119263,25528,25538,10
13.0386104584,80.201789856,25538,25548,10
13.038649559,80.2014312744,25548,25558,10
13.0387601852,80.2008666992,25558,25568,10
13.0388402939,80.2002716064,25568,25578,10
13.0389404297,80.1996231079,25578,25588,10
13.0390195847,80.1989974976,25588,25598,10
13.0391197205,80.1982116699,25598,25608,10
13.0392503738,80.1974411011,25608,25618,10
13.0392999649,80.1969985962,25618,25629,11
13.0393104553,80.1968078613,25629,25700,71
13.0393104553,80.1968078613,25700,25710,10
13.0393600464,80.1963272095,25710,25720,10
13.0394296646,80.1958770752,25720,25730,10
13.0395097733,80.1951599121,25730,25740,10
13.0396203995,80.1943283081,25740,25750,10
13.0397901535,80.1931915283,25750,25770,20
13.0397901535,80.1931915283,25770,25780,10
13.0394296646,80.1929931641,25780,25790,10
13.0386695862,80.1928710938,25790,25810,20
13.0386695862,80.1928710938,25810,25820,10
13.0385303497,80.1928634644,25820,25833,13
13.0382404327,80.1928100586,25833,25843,10
13.0378599167,80.1928634644,25843,25853,10
13.0376501083,80.1933822632,25853,25863,10
13.0375204086,80.1941833496,25863,25873,10
13.0374097824,80.1949768066,25873,25883,10
13.0373001099,80.1957473755,25883,25893,10
13.0372695923,80.1960067749,25893,25901,8
13.0372495651,80.1960678101,25901,25913,12
13.0371599197,80.1965332031,25913,25924,11
13.0370397568,80.1973266602,25924,25934,10
13.0369300842,80.1981506348,25934,25944,10
13.0368700027,80.1986999512,25944,25954,10
13.036860466,80.1987380981,25954,25964,10
13.0367898941,80.1990585327,25964,25974,10
13.0367097855,80.1996307373,25974,25984,10
13.0365800858,80.2004089355,25984,25994,10
13.0364599228,80.2012329102,25994,26004,10
13.0364103317,80.2017211914,26004,26014,10
13.0364103317,80.2017288208,26014,26025,11
13.0363302231,80.2020874023,26025,26035,10
13.0362300873,80.2026596069,26035,26045,10
13.0361204147,80.2034072876,26045,26055,10
13.0360202789,80.2041778564,26055,26065,10
13.0359296799,80.2049102783,26065,26075,10
13.0358200073,80.2056808472,26075,26085,10
13.0357999802,80.2058486938,26085,26095,10
13.0357303619,80.2062835693,26095,26105,10
13.0356302261,80.206993103,26105,26115,10
13.0355100632,80.207862854,26115,26126,11
13.0354604721,80.2082672119,26126,26136,10
13.0354499817,80.2083816528,26136,26146,10
13.035369873,80.208732605,26146,26156,10
13.0352802277,80.2093811035,26156,26166,10
13.0351896286,80.2100982666,26166,26176,10
13.0350399017,80.2106018066,26176,26186,10
13.0349197388,80.2110977173,26186,26196,10
13.0348100662,80.2118682861,26196,26206,10
13.0345201492,80.2121200562,26206,26216,10
13.0338697433,80.2120437622,26216,26227,11
13.0330095291,80.2119827271,26227,26237,10
13.0325202942,80.2119293213,26237,26247,10
13.0324296951,80.2119293213,26247,26257,10
13.032119751,80.2118606567,26257,26267,10
13.031920433,80.2114562988,26267,26277,10
13.031999588,80.2107467651,26277,26287,10
13.0321102142,80.2099533081,26287,26297,10
13.0317497253,80.209602356,26297,26307,10
13.0311002731,80.2093963623,26307,26316,9
13.0304203033,80.2092285156,26316,26328,12
13.0301303864,80.2095031738,26328,26338,10
13.0300998688,80.2095565796,26338,26348,10
13.030090332,80.209777832,26348,26358,10
13.0304298401,80.2098922729,26358,26368,10
13.0309200287,80.2100219727,26368,26378,10
13.0310001373,80.2102203369,26378,26388,10
13.030960083,80.210609436,26388,26398,10
13.0309000015,80.2110671997,26398,26408,10
13.0308599472,80.2113876343,26408,26418,10
13.0307998657,80.2117919922,26418,26429,11
13.0307102203,80.2123031616,26429,26439,10
13.0306501389,80.2127380371,26439,26449,10
13.0305700302,80.2132568359,26449,26459,10
13.0305204391,80.2136306763,26459,26469,10
13.0304698944,80.2139968872,26469,26479,10
13.0303897858,80.2145690918,26479,26489,10
13.0303697586,80.2147293091,26489,26499,10
13.030380249,80.2149276733,26499,26509,10
13.0304002762,80.2154388428,26509,26519,10
13.0304298401,80.2161331177,26519,26530,11
13.0305204391,80.2168426514,26530,26540,10
13.0306901932,80.2168884277,26540,26550,10
13.0307998657,80.2169189453,26550,26560,10
13.0311498642,80.2169494629,26560,26570,10
13.0314598083,80.2170562744,26570,26580,10
13.031539917,80.217590332,26580,26590,10
13.0316400528,80.2183227539,26590,26600,10
13.0321903229,80.2184524536,26600,26610,10
13.0322599411,80.2189483643,26610,26620,10
13.0322599411,80.2196578979,26620,26630,10
13.0322599411,80.2202224731,26630,26640,10
13.0322704315,80.2202606201,26640,26650,10
13.0322399139,80.2205581665,26650,26661,11
13.0321102142,80.2210693359,26661,26671,10
13.031920433,80.2216796875,26671,26681,10
13.0316295624,80.2222671509,26681,26691,10
13.0313100815,80.2228317261,26691,26701,10
13.0312004089,80.2235717773,26701,26711,10
13.0312204361,80.2239227295,26711,26720,9
13.0312204361,80.2240905762,26720,26731,11
13.0309200287,80.2243118286,26731,26741,10
13.0302801132,80.2242889404,26741,26751,10
13.0295295715,80.224281311,26751,26761,10
13.0291204453,80.2242279053,26761,26771,10
13.028960228,80.2241287231,26771,26781,10
13.0285701752,80.2241287231,26781,26791,10
13.028380394,80.2247772217,26791,26801,10
13.0282201767,80.2256011963,26801,26811,10
13.0280704498,80.2263183594,26811,26821,10
13.0279598236,80.2268829346,26821,26834,13
13.028260231,80.2271194458,26834,26844,10
13.0286302567,80.227180481,26844,26854,10
13.0287904739,80.2272033691,26854,26864,10
13.0292301178,80.2272796631,26864,26874,10
13.0298900604,80.2273864746,26874,26884,10
13.0304498672,80.2275238037,26884,26894,10
13.0304498672,80.2279129028,26894,26904,10
13.0304203033,80.2281570435,26904,26914,10
13.0303697586,80.228553772,26914,26924,10
13.0303401947,80.2292175293,26924,26935,11
13.0305595398,80.2298583984,26935,26943,8
13.030670166,80.2303695679,26943,26954,11
13.0306501389,80.2307434082,26954,26967,13
13.0297803879,80.2308425903,26967,26987,20
13.0297803879,80.2308425903,26987,26997,10
13.0294399261,80.2308502197,26997,27007,10
13.0289201736,80.2309036255,27007,27016,9
13.0283498764,80.2309570313,27016,27027,11
13.0277996063,80.231048584,27027,27038,11
13.0277395248,80.2314987183,27038,27048,10
13.0277900696,80.232131958,27048,27058,10
13.027879715,80.2326202393,27058,27068,10
13.0275096893,80.2328567505,27068,27261,193
13.0275096893,80.2328567505,27261,27271,10
13.0272502899,80.2329711914,27271,27281,10
13.0270996094,80.233001709,27281,27321,40
13.0270996094,80.233001709,27321,27334,13
13.0269203186,80.2329864502,27334,27344,10
13.0266599655,80.233039856,27344,27354,10
13.0263795853,80.2328186035,27354,27362,8
13.0262203217,80.2323684692,27362,27374,12
13.026140213,80.2320632935,27374,27384,10
13.0260696411,80.2317962646,27384,27394,10
13.0259799957,80.2313995361,27394,27404,10
13.0257997513,80.2307815552,27404,27414,10
13.0254096985,80.2300872803,27414,27424,10
13.0249004364,80.2294082642,27424,27435,11
13.0243301392,80.2286834717,27435,27445,10
13.0239400864,80.2282409668,27445,27453,8
13.0239200592,80.2282333374,27453,27465,12
13.0238599777,80.2281570435,27465,27475,10
13.0236101151,80.2278671265,27475,27485,10
13.023349762,80.2276077271,27485,27495,10
13.0230998993,80.2273483276,27495,27505,10
13.0226602554,80.2269363403,27505,27515,10
13.0221204758,80.2264785767,27515,27525,10
13.0216503143,80.2260818481,27525,27536,11
13.0209503174,80.2255172729,27536,27546,10
13.0202903748,80.2250671387,27546,27556,10
13.0199899673,80.2248916626,27556,27566,10
13.0195999146,80.2246322632,27566,27576,10
13.0188398361,80.2245178223,27576,27586,10
13.0178899765,80.2248916626,27586,27596,10
13.0168895721,80.2252883911,27596,27606,10
13.016289711,80.2255325317,27606,27616,10
13.0156402588,80.2257537842,27616,27626,10
13.0148496628,80.2260437012,27626,27637,11
13.0144796371,80.2261962891,27637,27647,10
13.0140104294,80.2264175415,27647,27667,20
13.0140104294,80.2264175415,27667,27677,10
13.0138702393,80.2264862061,27677,27687,10
13.013469696,80.2266387939,27687,27697,10
13.0128202438,80.2268676758,27697,27707,10
13.0121297836,80.227142334,27707,27717,10
13.011349678,80.2274627686,27717,27726,9
13.0105104446,80.2277908325,27726,27738,12
13.0093698502,80.228302002,27738,27748,10
13.0090303421,80.2292404175,27748,27758,10
13.0088195801,80.2303009033,27758,27768,10
13.0086202621,80.231338501,27768,27778,10
13.0084199905,80.2324066162,27778,27788,10
13.0082902908,80.2333602905,27788,27798,10
13.0082597733,80.2335586548,27798,27808,10
13.0082302094,80.2336578369,27808,27818,10
13.0081596375,80.2338867188,27818,27828,10
13.0081396103,80.2339782715,27828,27839,11
13.0080604553,80.2344436646,27839,27849,10
13.0079402924,80.2350769043,27849,27859,10
13.0077896118,80.2358322144,27859,27869,10
13.0076303482,80.2366104126,27869,27879,10
13.0074901581,80.2372589111,27879,27889,10
13.0073404312,80.2380828857,27889,27899,10
13.0071697235,80.2390136719,27899,27909,10
13.0069799423,80.2399597168,27909,27919,10
13.0068302155,80.2409667969,27919,27950,31
13.0068302155,80.2409667969,27950,27960,10
13.0067996979,80.2411880493,27960,27970,10
13.0067501068,80.2417602539,27970,27980,10
13.0067596436,80.2426223755,27980,27990,10
13.0067195892,80.2438201904,27990,28010,20
13.0067195892,80.2438201904,28010,28021,11
13.0066995621,80.2441177368,28021,28031,10
13.0067100525,80.2444076538,28031,28041,10
13.0067100525,80.2447433472,28041,28051,10
13.0067100525,80.2451400757,28051,28061,10
13.0067396164,80.2456970215,28061,28072,11
13.0067396164,80.2464065552,28072,28082,10
13.0067501068,80.2471389771,28082,28092,10
13.0067396164,80.2479019165,28092,28102,10
13.0067796707,80.248840332,28102,28112,10
13.0068798065,80.249671936,28112,28122,10
13.0068798065,80.2497024536,28122,28132,10
13.0068702698,80.2498092651,28132,28142,10
13.0068502426,80.2502822876,28142,28152,10
13.0068502426,80.2509994507,28152,28162,10
13.006819725,80.2515487671,28162,28172,10
13.0066900253,80.2521133423,28172,28182,10
13.0066003799,80.2529602051,28182,28192,10
13.0065898895,80.2539978027,28192,28202,10
13.0066604614,80.254989624,28202,28212,10
13.0066604614,80.2551727295,28212,28222,10
13.0066404343,80.2554473877,28222,28235,13
13.0066404343,80.2562713623,28235,28245,10
13.0066604614,80.2572097778,28245,28285,40
13.0066604614,80.2572097778,28285,28295,10
13.0066404343,80.2575302124,28295,28305,10
13.0061502457,80.2575836182,28305,28315,10
13.0055398941,80.2574234009,28315,28325,10
13.0048704147,80.2572402954,28325,28336,11
13.0039596558,80.257019043,28336,28346,10
13.0031795502,80.2568664551,28346,28356,10
13.0026397705,80.2567672729,28356,28366,10
13.0023603439,80.2567062378,28366,28376,10
13.0018796921,80.2566223145,28376,28386,10
13.0013198853,80.2565536499,28386,28396,10
13.0005998611,80.2564468384,28396,28406,10
13.0001497269,80.2563781738,28406,28416,10
13.0001497269,80.2563705444,28416,28426,10
12.9998998642,80.2562637329,28426,28437,11
12.9995002747,80.2562026978,28437,28447,10
12.9989900589,80.256111145,28447,28457,10
12.998459816,80.2560501099,28457,28467,10
12.9981498718,80.2559967041,28467,28477,10
12.9977397919,80.2559814453,28477,28487,10
12.9974899292,80.2559661865,28487,28497,10
12.9973897934,80.2559661865,28497,28507,10
12.9970703125,80.2559661865,28507,28517,10
12.9969301224,80.2563095093,28517,28526,9
12.9968795776,80.2568206787,28526,28538,12
12.9968795776,80.2570495605,28538,28548,10
12.9968595505,80.2572631836,28548,28558,10
12.9967803955,80.2578277588,28558,28568,10
12.9967002869,80.2586212158,28568,28578,10
12.9966001511,80.2594833374,28578,28588,10
12.9965400696,80.260093689,28588,28598,10
12.9964599609,80.2608337402,28598,28608,10
12.9963798523,80.261680603,28608,28618,10
12.9963102341,80.2623062134,28618,28628,10
12.9962797165,80.2624893188,28628,28639,11
12.9962301254,80.2628326416,28639,28649,10
12.9961700439,80.2634506226,28649,28658,9
12.9961099625,80.2640609741,28658,28673,15
12.9960203171,80.2649765015,28673,28683,10
12.9957304001,80.267539978,28683,28723,40
13.0003499985,80.2664108276,28723,30216,1493
13.0003499985,80.2664108276,30216,30641,425
12.9968996048,80.2560119629,30641,30742,101
12.9968996048,80.2560119629,30742,30752,10
12.9969797134,80.2559204102,30752,30762,10
12.9972200394,80.2557983398,30762,30772,10
12.9977197647,80.255859375,30772,30782,10
12.9982500076,80.2559204102,30782,30792,10
12.9987697601,80.2559967041,30792,30812,20
12.9987697601,80.2559967041,30812,30823,11
12.9988899231,80.2560424805,30823,30833,10
12.9991903305,80.2560882568,30833,30843,10
12.9997301102,80.2562026978,30843,30853,10
13.000289917,80.2563095093,30853,30863,10
13.0008201599,80.2563934326,30863,30873,10
13.0013399124,80.2564697266,30873,30883,10
13.0017499924,80.2565536499,30883,30893,10
13.0023298264,80.2566375732,30893,30903,10
13.0028896332,80.2567520142,30903,30913,10
13.0035495758,80.2568817139,30913,30924,11
13.0043096542,80.257019043,30924,30934,10
13.0048303604,80.2571182251,30934,30944,10
13.005399704,80.2572021484,30944,30954,10
13.0057096481,80.2573394775,30954,30994,40
13.0057096481,80.2573394775,30994,31004,10
13.0060396194,80.2574234009,31004,31013,9
13.0064496994,80.2574234009,31013,31025,12
13.0064897537,80.2567977905,31025,31035,10
13.0064897537,80.2559661865,31035,31045,10
13.0064897537,80.2552185059,31045,31055,10
13.0064897537,80.254699707,31055,31065,10
13.0064697266,80.25390625,31065,31075,10
13.0064601898,80.2532196045,31075,31085,10
13.0064601898,80.2531661987,31085,31095,10
13.006480217,80.253036499,31095,31105,10
13.006480217,80.2526473999,31105,31115,10
13.0065803528,80.2520294189,31115,31176,61
13.0065803528,80.2520294189,31176,31186,10
13.0067100525,80.2517471313,31186,31196,10
13.0067796707,80.2512664795,31196,31206,10
13.0067796707,80.2507019043,31206,31215,9
13.0067501068,80.25,31215,31227,12
13.0067300797,80.2494125366,31227,31247,20
13.0067300797,80.2494125366,31247,31257,10
13.0066995621,80.2492675781,31257,31267,10
13.0066795349,80.2489013672,31267,31277,10
13.0066404343,80.2483978271,31277,31367,90
13.0066404343,80.2483978271,31367,31378,11
13.0066204071,80.2478866577,31378,31388,10
13.0066299438,80.2474212646,31388,31398,10
13.0065803528,80.2464904785,31398,31428,30
13.0065803528,80.2464904785,31428,31438,10
13.0066204071,80.2463684082,31438,31448,10
13.0066299438,80.2460098267,31448,31458,10
13.0066204071,80.2454223633,31458,31468,10
13.0065898895,80.2449264526,31468,31478,10
13.0066099167,80.2445831299,31478,31488,10
13.0065898895,80.2442474365,31488,31498,10
13.0065898895,80.2440567017,31498,31508,10
13.0065898895,80.2437667847,31508,31518,10
13.0066003799,80.2435684204,31518,31531,13
13.0065603256,80.2430114746,31531,31541,10
13.0065402985,80.2417678833,31541,31561,20
13.0065402985,80.2417678833,31561,31571,10
13.0065402985,80.2416305542,31571,31581,10
13.0065603256,80.2412490845,31581,31591,10
13.0066204071,80.2408218384,31591,31601,10
13.0067796707,80.2401428223,31601,31611,10
13.0069503784,80.2392807007,31611,31621,10
13.0071401596,80.2383117676,31621,31632,11
13.0073604584,80.2372894287,31632,31642,10
13.0074195862,80.2367095947,31642,31672,30
13.0074195862,80.2367095947,31672,31682,10
13.0074501038,80.2365570068,31682,31692,10
13.0075502396,80.2361984253,31692,31702,10
13.0076704025,80.2356109619,31702,31712,10
13.0078201294,80.2348709106,31712,31722,10
13.0079898834,80.2340316772,31722,31733,11
13.0082302094,80.2328567505,31733,31743,10
13.0084600449,80.2316665649,31743,31753,10
13.0086898804,80.2304992676,31753,31761,8
13.0088796616,80.2295608521,31761,31773,12
13.009180069,80.228187561,31773,31785,12
13.0097398758,80.2269363403,31785,31795,10
13.0102396011,80.2258911133,31795,31805,10
13.0106897354,80.2248764038,31805,31815,10
13.0110902786,80.223991394,31815,31824,9
13.0114603043,80.2231674194,31824,31836,12
13.0118503571,80.2221221924,31836,31844,8
13.0121002197,80.2215194702,31844,31856,12
13.0124998093,80.2215881348,31856,31866,10
13.0128498077,80.2221069336,31866,31876,10
13.0131797791,80.2225112915,31876,31886,10
13.0136203766,80.2230224609,31886,31896,10
13.0141401291,80.2235488892,31896,31906,10
13.0144901276,80.2240982056,31906,31916,10
13.0149803162,80.2246017456,31916,31926,10
13.0156698227,80.2251205444,31926,31957,31
13.0156698227,80.2251205444,31957,31967,10
13.0157804489,80.2251815796,31967,31977,10
13.0160799026,80.2253189087,31977,31987,10
13.0166397095,80.2252731323,31987,31997,10
13.0172300339,80.2250518799,31997,32007,10
13.0177097321,80.2248306274,32007,32018,11
13.0178098679,80.2247924805,32018,32028,10
13.0178499222,80.2247772217,32028,32038,10
13.0181903839,80.2246398926,32038,32049,11
13.0187597275,80.2244186401,32049,32059,10
13.0191402435,80.2242965698,32059,32079,20
13.0191402435,80.2242965698,32079,32088,9
13.0192899704,80.2242965698,32088,32099,11
13.0196399689,80.2244110107,32099,32109,10
13.0196800232,80.2244491577,32109,32119,10
13.0197896957,80.2245635986,32119,32129,10
13.0201702118,80.2248535156,32129,32139,10
13.0207595825,80.2252731323,32139,32151,12
13.0215797424,80.2258987427,32151,32161,10
13.0222597122,80.2264633179,32161,32171,10
13.0229797363,80.2270812988,32171,32181,10
13.0236902237,80.2277297974,32181,32191,10
13.0241804123,80.2282104492,32191,32201,10
13.0245599747,80.228729248,32201,32211,10
13.024889946,80.2291870117,32211,32221,10
13.025270462,80.2296600342,32221,32231,10
13.0254297256,80.229850769,32231,32242,11
13.0255298615,80.2300109863,32242,32252,10
13.0257701874,80.2304000854,32252,32262,10
13.0259399414,80.2307434082,32262,32292,30
13.0259399414,80.2307434082,32292,32302,10
13.0260000229,80.231048584,32302,32312,10
13.0261001587,80.2313766479,32312,32322,10
13.0265102386,80.2312698364,32322,32332,10
13.0271997452,80.2310791016,32332,32343,11
13.028550148,80.2308807373,32343,32363,20
13.028550148,80.2308807373,32363,32373,10
13.0285797119,80.2308502197,32373,32383,10
13.0289402008,80.230796814,32383,32393,10
13.0292701721,80.2307662964,32393,32403,10
13.0295095444,80.230758667,32403,32413,10
13.0300397873,80.2307281494,32413,32423,10
13.0305700302,80.2306976318,32423,32433,10
13.0306901932,80.2306137085,32433,32444,11
13.0306396484,80.2302780151,32444,32454,10
13.0304403305,80.2296829224,32454,32464,10
13.0302696228,80.2290725708,32464,32474,10
13.0303602219,80.2282180786,32474,32494,20
13.0303602219,80.2282180786,32494,32504,10
13.0304203033,80.227897644,32504,32514,10
13.0304098129,80.2275238037,32514,32524,10
13.0299396515,80.2274093628,32524,32534,10
13.0293502808,80.2273101807,32534,32545,11
13.0286998749,80.2271881104,32545,32555,10
13.0285596848,80.2271575928,32555,32565,10
13.0283603668,80.2271194458,32565,32575,10
13.0280799866,80.2270584106,32575,32585,10
13.027970314,80.2267074585,32585,32595,10
13.0280504227,80.2261276245,32595,32605,10
13.0282096863,80.225402832,32605,32615,10
13.0283498764,80.2246932983,32615,32625,10
13.0284900665,80.2240600586,32625,32635,10
13.0287799835,80.223991394,32635,32646,11
13.0287904739,80.2239990234,32646,32656,10
13.0289497375,80.2241134644,32656,32666,10
13.0292701721,80.224281311,32666,32676,10
13.0299196243,80.2242584229,32676,32686,10
13.0305404663,80.2242965698,32686,32696,10
13.0310497284,80.224281311,32696,32706,10
13.0311803818,80.2241897583,32706,32716,10
13.0311603546,80.2238311768,32716,32726,10
13.0311603546,80.2233581543,32726,32736,10
13.0311899185,80.22315979,32736,32747,11
13.0312204361,80.22290802,32747,32757,10
13.0314598083,80.2224731445,32757,32767,10
13.0317497253,80.2218933105,32767,32777,10
13.0319595337,80.2213973999,32777,32787,10
13.032119751,80.2207107544,32787,32797,10
13.0322198868,80.2197189331,32797,32817,20
13.0322198868,80.2197189331,32817,32827,10
13.0322704315,80.2195663452,32827,32836,9
13.0322704315,80.2192230225,32836,32848,12
13.0321903229,80.2185516357,32848,32858,10
13.0316400528,80.2183609009,32858,32868,10
13.0314998627,80.2177276611,32868,32878,10
13.0313796997,80.2171325684,32878,32888,10
13.0312204361,80.2170333862,32888,32898,10
13.0308904648,80.2170410156,32898,32908,10
13.030500412,80.2166366577,32908,32928,20
13.030500412,80.2166366577,32928,32938,10
13.0304603577,80.2163696289,32938,32948,10
13.0303897858,80.2158966064,32948,32958,10
13.0303497314,80.2152099609,32958,32968,10
13.0303401947,80.2147369385,32968,32978,10
13.030380249,80.2144775391,32978,32988,10
13.0304098129,80.2143936157,32988,32998,10
13.0304403305,80.2140426636,32998,33009,11
13.0305099487,80.2136001587,33009,33019,10
13.0305595398,80.2132720947,33019,33029,10
13.0306196213,80.2127609253,33029,33039,10
13.0307397842,80.212020874,33039,33049,10
13.0307998657,80.2116012573,33049,33059,10
13.03083992,80.2111968994,33059,33069,10
13.0308904648,80.2108764648,33069,33079,10
13.030960083,80.2103805542,33079,33089,10
13.0309000015,80.2100982666,33089,33099,10
13.0306196213,80.2099761963,33099,33109,10
13.0301599503,80.2098464966,33109,33119,10
13.0301399231,80.2093200684,33119,33139,20
13.0301399231,80.2093200684,33139,33152,13
13.0301704407,80.2092132568,33152,33162,10
13.0303602219,80.2090377808,33162,33172,10
13.0309095383,80.2091903687,33172,33182,10
13.0316896439,80.2093582153,33182,33202,20
13.0316896439,80.2093582153,33202,33212,10
13.0319499969,80.2094421387,33212,33222,10
13.0324897766,80.2095565796,33222,33232,10
13.0332298279,80.2097015381,33232,33242,10
13.0340995789,80.2098693848,33242,33253,11
13.0349302292,80.2099761963,33253,33263,10
13.0351800919,80.2096176147,33263,33273,10
13.0352697372,80.2086410522,33273,33293,20
13.0352697372,80.2086410522,33293,33303,10
13.0352897644,80.2085037231,33303,33313,10
13.0353498459,80.2081222534,33313,33323,10
13.0354404449,80.2074813843,33323,33333,10
13.0355501175,80.2067184448,33333,33343,10
13.0355901718,80.2060394287,33343,33354,11
13.0355501175,80.2053985596,33354,33374,20
13.0355501175,80.2053985596,33374,33384,10
13.0356798172,80.2051925659,33384,33394,10
13.0358104706,80.2049713135,33394,33404,10
13.0358495712,80.204498291,33404,33414,10
13.0359401703,80.2039413452,33414,33424,10
13.0360603333,80.2032165527,33424,33434,10
13.0361995697,80.2024002075,33434,33444,10
13.0363101959,80.201461792,33444,33465,21
13.0363101959,80.201461792,33465,33475,10
13.0363798141,80.2012176514,33475,33485,10
13.0364599228,80.2008590698,33485,33495,10
13.036529541,80.2003097534,33495,33505,10
13.0366401672,80.1995697021,33505,33515,10
13.036740303,80.1987609863,33515,33525,10
13.0368003845,80.1983108521,33525,33535,10
13.0368099213,80.1982727051,33535,33545,10
13.0368700027,80.197883606,33545,33556,11
13.0369100571,80.1976776123,33556,33566,10
13.0369501114,80.1974411011,33566,33576,10
13.0370397568,80.1968994141,33576,33586,10
13.0370998383,80.1962814331,33586,33596,10
13.0371103287,80.1961898804,33596,33606,10
13.0371799469,80.1958007813,33606,33616,10
13.0372896194,80.1951293945,33616,33626,10
13.0374097824,80.1943283081,33626,33636,10
13.0375299454,80.1934204102,33636,33646,10
13.0377397537,80.192779541,33646,33677,31
13.0377397537,80.192779541,33677,33687,10
13.0379295349,80.1927032471,33687,33697,10
13.0382699966,80.1927337646,33697,33707,10
13.0388803482,80.1928329468,33707,33727,20
13.0388803482,80.1928329468,33727,33737,10
13.0390396118,80.1928863525,33737,33747,10
13.0394001007,80.1929702759,33747,33758,11
13.0399398804,80.1930618286,33758,33768,10
13.0406398773,80.1931381226,33768,33778,10
13.0413599014,80.1932525635,33778,33788,10
13.0418195724,80.1935119629,33788,33798,10
13.0418195724,80.1937484741,33798,33808,10
13.0418195724,80.1939315796,33808,33818,10
13.0417299271,80.1943893433,33818,33829,11
13.0416603088,80.1948928833,33829,33839,10
13.0415697098,80.1954269409,33839,33849,10
13.0414896011,80.1961364746,33849,33859,10
13.0414199829,80.196762085,33859,33869,10
13.0414199829,80.1967697144,33869,33880,11
13.0413599014,80.1970825195,33880,33890,10
13.0412797928,80.1977462769,33890,33900,10
13.0411500931,80.1985626221,33900,33910,10
13.0410804749,80.1991577148,33910,33920,10
13.0410604477,80.1992797852,33920,33930,10
13.041009903,80.1995773315,33930,33939,9
13.0409202576,80.2001266479,33939,33950,11
13.0408401489,80.2010116577,33950,33962,12
13.0406703949,80.2018814087,33962,33972,10
13.040599823,80.202293396,33972,33982,10
13.0405197144,80.2027587891,33982,33992,10
13.04047966,80.2030410767,33992,34002,10
13.0403995514,80.2036209106,34002,34012,10
13.0403299332,80.2042236328,34012,34022,10
13.0402698517,80.2047195435,34022,34032,10
13.04047966,80.2050323486,34032,34042,10
13.0410604477,80.2051315308,34042,34052,10
13.0413103104,80.2051773071,34052,34063,11
13.0415802002,80.2052078247,34063,34073,10
13.042140007,80.2052993774,34073,34083,10
13.042719841,80.2054595947,34083,34093,10
13.0430002213,80.2059631348,34093,34103,10
13.0434398651,80.2066116333,34103,34113,10
13.0441703796,80.2080993652,34113,34123,10
13.0441703796,80.2080993652,34123,34133,10
13.0441904068,80.2087478638,34133,34143,10
13.0441999435,80.2090072632,34143,34156,13
13.0442199707,80.2091903687,34156,34166,10
13.0442199707,80.2094573975,34166,34176,10
13.0442304611,80.2100524902,34176,34186,10
13.0442399979,80.2107009888,34186,34196,10
13.0442495346,80.2113418579,34196,34206,10
13.0443201065,80.2120132446,34206,34216,10
13.0447301865,80.2122116089,34216,34226,10
13.0454702377,80.2121810913,34226,34236,10
13.046380043,80.2121582031,34236,34246,10
13.0471096039,80.211807251,34246,34267,21
13.0471096039,80.211807251,34267,34277,10
13.0470895767,80.2115325928,34277,34287,10
13.0470399857,80.2110137939,34287,34295,8
13.0471601486,80.2107391357,34295,34308,13
13.0478601456,80.2107772827,34308,34318,10
13.0484600067,80.2108001709,34318,34328,10
13.0491104126,80.2108535767,34328,34338,10
13.0496902466,80.2107772827,34338,34348,10
13.0496902466,80.2102508545,34348,34358,10
13.0495996475,80.2095031738,34358,34369,11
13.0495500565,80.2088775635,34369,34379,10
13.0494699478,80.208480835,34379,34389,10
13.049200058,80.2078170776,34389,34399,10
13.0489196777,80.2071075439,34399,34459,60
13.0489196777,80.2071075439,34459,34469,10
13.0490503311,80.2067718506,34469,34479,10
13.0492401123,80.2068099976,34479,34489,10
13.0492601395,80.2071533203,34489,34804,315
13.0492601395,80.2071533203,34804,34814,10
13.0491399765,80.2073974609,34814,34824,10
13.0491800308,80.2076416016,34824,34834,10
13.0492696762,80.2080230713,34834,34844,10
13.0493803024,80.2085266113,34844,34854,10
13.0495004654,80.2089920044,34854,34864,10
13.0496196747,80.2095108032,34864,34875,11
13.0497503281,80.2102813721,34875,34885,10
13.0498199463,80.2109069824,34885,34895,10
13.0498895645,80.2117004395,34895,34945,50
13.0498895645,80.2117004395,34945,34955,10
13.0498895645,80.2117919922,34955,34965,10
13.0499200821,80.2120666504,34965,34976,11
13.0497903824,80.2121963501,34976,34986,10
13.0494203568,80.2121887207,34986,34996,10
13.0493898392,80.2121887207,34996,35006,10
13.0492801666,80.2121582031,35006,35016,10
13.0488996506,80.2121734619,35016,35026,10
13.0483598709,80.2122116089,35026,35036,10
13.0475902557,80.2122879028,35036,35046,10
13.0466499329,80.2123184204,35046,35056,10
13.0455703735,80.2123794556,35056,35066,10
13.0445699692,80.2124328613,35066,35137,71
13.0445699692,80.2124328613,35137,35147,10
13.0444898605,80.2124633789,35147,35157,10
13.0442495346,80.2122497559,35157,35167,10
13.0442199707,80.2116699219,35167,35178,11
13.0441799164,80.2108001709,35178,35188,10
13.0441503525,80.2098999023,35188,35198,10
13.0441398621,80.2091827393,35198,35208,10
13.0441102982,80.2087936401,35208,35218,10
13.0441102982,80.2086791992,35218,35228,10
13.044090271,80.2082519531,35228,35238,10
13.0439500809,80.2075576782,35238,35248,10
13.0435199738,80.2068634033,35248,35255,7
13.0431604385,80.2063217163,35255,35268,13
13.0423803329,80.2054367065,35268,35279,11
13.0415401459,80.2052383423,35279,35289,10
13.0410003662,80.2051620483,35289,35299,10
13.0408296585,80.2051086426,35299,35309,10
13.0407104492,80.2050704956,35309,35319,10
13.0403299332,80.2050094604,35319,35329,10
13.0396795273,80.2049179077,35329,35339,10
13.0389795303,80.2047805786,35339,35349,10
13.0383701324,80.2047195435,35349,35360,11
13.0382099152,80.2046813965,35360,35370,10
13.0381603241,80.204460144,35370,35380,10
13.0382099152,80.2040328979,35380,35390,10
13.0382699966,80.2035293579,35390,35401,11
13.0383501053,80.202796936,35401,35411,10
13.0384502411,80.2022628784,35411,35421,10
13.0384998322,80.2019424438,35421,35431,10
13.0385198593,80.2018280029,35431,35441,10
13.0385704041,80.2015228271,35441,35451,10
13.0386104584,80.2010192871,35451,35461,10
13.0386896133,80.2004776001,35461,35470,9
13.0387401581,80.2001037598,35470,35483,13
13.0388898849,80.1993408203,35483,35493,10
13.0389099121,80.1991882324,35493,35503,10
13.0389795303,80.1988220215,35503,35513,10
13.0390195847,80.1982192993,35513,35521,8
13.0390701294,80.1979675293,35521,35533,12
13.0392103195,80.1968917847,35533,35553,20
13.0392103195,80.1968917847,35553,35563,10
13.0392999649,80.1965103149,35563,35573,10
13.0393800735,80.1960296631,35573,35584,11
13.0394802094,80.1952209473,35584,35594,10
13.0396003723,80.1943206787,35594,35604,10
13.0397195816,80.1934509277,35604,35614,10
13.039730072,80.1932067871,35614,35624,10
13.0397396088,80.1930770874,35624,35634,10
13.0394201279,80.1930084229,35634,35644,10
13.0387001038,80.1928405762,35644,35664,20
13.0387001038,80.1928405762,35664,35674,10
13.0385704041,80.192817688,35674,35685,11
13.0381202698,80.1928024292,35685,35695,10
13.0376901627,80.1931533813,35695,35705,10
13.0375699997,80.1939315796,35705,35715,10
13.0374403,80.1947021484,35715,35725,10
13.0372695923,80.1959228516,35725,35745,20
13.0372695923,80.1959228516,35745,35755,10
13.0372104645,80.1962509155,35755,35765,10
13.0371198654,80.1967315674,35765,35775,10
13.0369997025,80.1975021362,35775,35784,9
13.0368700027,80.1985702515,35784,35806,22
13.0368700027,80.1985702515,35806,35816,10
13.0368204117,80.1989135742,35816,35826,10
13.036740303,80.1993408203,35826,35836,10
13.0366401672,80.2001113892,35836,35845,9
13.0365200043,80.2007980347,35845,35857,12
13.0364103317,80.2016830444,35857,35877,20
13.0364103317,80.2016830444,35877,35887,10
13.0363903046,80.2018737793,35887,35898,11
13.0363302231,80.2022323608,35898,35908,10
13.0362701416,80.2027511597,35908,35918,10
13.0361499786,80.2035217285,35918,35928,10
13.0360898972,80.2041473389,35928,35938,10
13.0360002518,80.2045135498,35938,35948,10
13.0359201431,80.2050170898,35948,35958,10
13.0358295441,80.2056808472,35958,35968,10
13.0358104706,80.2058029175,35968,35978,10
13.0357704163,80.205947876,35978,35988,10
13.0356998444,80.2063980103,35988,35999,11
13.0355796814,80.2072677612,35999,36009,10
13.0354404449,80.2083435059,36009,36039,30
13.0354404449,80.2083435059,36039,36049,10
13.0353899002,80.2085494995,36049,36059,10
13.0353403091,80.2088470459,36059,36069,10
13.0352497101,80.2094192505,36069,36079,10
13.0351400375,80.2101593018,36079,36089,10
13.0349998474,80.2107086182,36089,36100,11
13.0348701477,80.2114486694,36100,36110,10
13.0347099304,80.2120513916,36110,36120,10
13.0342903137,80.2120437622,36120,36130,10
13.0337696075,80.2119369507,36130,36140,10
13.0326700211,80.2118911743,36140,36160,20
13.0326700211,80.2118911743,36160,36170,10
13.0324497223,80.2119064331,36170,36180,10
13.0320301056,80.2117996216,36180,36190,10
13.0319499969,80.2113265991,36190,36200,10
13.0320196152,80.2106628418,36200,36210,10
13.0321102142,80.2100296021,36210,36220,10
13.0320396423,80.2096710205,36220,36230,10
13.0316696167,80.2095794678,36230,36240,10
13.0307703018,80.2093429565,36240,36260,20
13.0307703018,80.2093429565,36260,36270,10
13.0305299759,80.2092895508,36270,36281,11
13.030090332,80.2095336914,36281,36301,20
13.030090332,80.2095336914,36301,36311,10
13.0301799774,80.2098007202,36311,36321,10
13.0307197571,80.2099380493,36321,36331,10
13.0309896469,80.2100372314,36331,36341,10
13.0309896469,80.2102813721,36341,36352,11
13.0309295654,80.2107620239,36352,36362,10
13.0308799744,80.2110824585,36362,36372,10
13.0308303833,80.2115402222,36372,36382,10
13.0307598114,80.2118530273,36382,36391,9
13.0306997299,80.2122497559,36391,36404,13
13.0306100845,80.2130508423,36404,36414,10
13.0305500031,80.2134628296,36414,36424,10
13.030500412,80.2137908936,36424,36434,10
13.0304298401,80.2143096924,36434,36444,10
13.030380249,80.2147521973,36444,36454,10
13.030380249,80.2148666382,36454,36464,10
13.030380249,80.2152175903,36464,36474,10
13.0304203033,80.2158584595,36474,36484,10
13.0304498672,80.2164764404,36484,36495,11
13.030670166,80.2168197632,36495,36505,10
13.0307397842,80.2168502808,36505,36515,10
13.0310697556,80.2169189453,36515,36525,10
13.0313396454,80.2169189453,36525,36535,10
13.0314998627,80.2171707153,36535,36545,10
13.031539917,80.2177276611,36545,36555,10
13.0317401886,80.2183532715,36555,36565,10
13.0322504044,80.2185134888,36565,36575,10
13.0322399139,80.2191390991,36575,36585,10
13.0322504044,80.2196121216,36585,36595,10
13.0322504044,80.2198410034,36595,36606,11
13.0322504044,80.2203063965,36606,36626,20
13.0322504044,80.2203063965,36626,36636,10
13.0321998596,80.2206802368,36636,36646,10
13.0320596695,80.221321106,36646,36656,10
13.0317602158,80.2219390869,36656,36666,10
13.0314998627,80.2224884033,36666,36676,10
13.0312795639,80.2229690552,36676,36686,10
13.0312099457,80.2235488892,36686,36697,11
13.0312204361,80.2238616943,36697,36707,10
13.0312204361,80.2239837646,36707,36717,10
13.0311803818,80.2242584229,36717,36727,10
13.0309095383,80.224281311,36727,36737,10
13.0303497314,80.2242736816,36737,36747,10
13.0296401978,80.2242584229,36747,36757,10
13.0290899277,80.2241821289,36757,36767,10
13.0289402008,80.2240829468,36767,36777,10
13.0286102295,80.2241134644,36777,36787,10
13.0284204483,80.2247085571,36787,36797,10
13.0282402039,80.225479126,36797,36808,11
13.0280799866,80.226272583,36808,36818,10
13.027970314,80.2268676758,36818,36828,10
13.0282297134,80.2270889282,36828,36838,10
13.0287904739,80.2271881104,36838,36848,10
13.029540062,80.2273025513,36848,36858,10
13.0299196243,80.2273483276,36858,36868,10
13.0302600861,80.2274169922,36868,36878,10
13.0304403305,80.2276763916,36878,36888,10
13.0304098129,80.2280807495,36888,36897,9
13.0303401947,80.2284698486,36897,36909,12
13.0303096771,80.229019165,36909,36919,10
13.0304498672,80.2295837402,36919,36929,10
13.0307102203,80.2304763794,36929,37070,141
13.0307102203,80.2304763794,37070,37080,10
13.0306596756,80.2307815552,37080,37090,10
13.0303401947,80.2307891846,37090,37100,10
13.0299596786,80.2308197021,37100,37141,41
13.0299596786,80.2308197021,37141,37151,10
13.029709816,80.2308578491,37151,37161,10
13.0295295715,80.2308883667,37161,37171,10
13.0291595459,80.2309036255,37171,37181,10
13.0286998749,80.2309036255,37181,37191,10
13.0285196304,80.2309112549,37191,37201,10
13.028380394,80.2309417725,37201,37211,10
13.0280199051,80.23097229,37211,37262,51
13.027680397,80.2310333252,37262,37402,140
13.027680397,80.2310333252,37402,37415,13
13.0276603699,80.2312393188,37415,37425,10
13.0276899338,80.2314834595,37425,37435,10
13.0277299881,80.2317962646,37435,37445,10
13.027759552,80.2320632935,37445,37455,10
13.0277795792,80.2321777344,37455,37465,10
13.0278396606,80.2324905396,37465,37475,10
13.027879715,80.232749939,37475,37485,10
13.0277099609,80.2328186035,37485,37492,7
13.0274496078,80.2328567505,37492,37505,13
13.0269002914,80.2329711914,37505,37516,11
13.0265102386,80.2329788208,37516,37526,10
13.0262899399,80.2324066162,37526,37536,10
13.026049614,80.2315597534,37536,37546,10
13.0256996155,80.2305297852,37546,37556,10
13.0251398087,80.2296676636,37556,37566,10
13.0246601105,80.2290802002,37566,37576,10
13.0243902206,80.2287216187,37576,37585,9
13.0241003036,80.2284011841,37585,37606,21
13.0241003036,80.2284011841,37606,37617,11
13.0239496231,80.2281265259,37617,37627,10
13.0235204697,80.2276611328,37627,37637,10
13.0228900909,80.2270584106,37637,37647,10
13.0221500397,80.2264099121,37647,37657,10
13.0214004517,80.2258071899,37657,37667,10
13.0206203461,80.2252426147,37667,37677,10
13.0197296143,80.2246398926,37677,37687,10
13.0186700821,80.2245025635,37687,37697,10
13.0177297592,80.2248916626,37697,37707,10
13.0169897079,80.2251968384,37707,37718,11
13.0166101456,80.2253723145,37718,37728,10
13.0163202286,80.2255020142,37728,37738,10
13.0157804489,80.2256622314,37738,37748,10
13.0151500702,80.2259292603,37748,37758,10
13.0145797729,80.2261505127,37758,37768,10
13.014169693,80.2262878418,37768,37778,10
13.0138702393,80.2264709473,37778,37788,10
13.0138196945,80.2264785767,37788,37798,10
13.013420105,80.2266235352,37798,37808,10
13.012720108,80.2268600464,37808,37819,11
13.0117301941,80.2272872925,37819,37829,10
13.0106897354,80.2277374268,37829,37839,10
13.0098304749,80.2280807495,37839,37849,10
13.0091896057,80.2286071777,37849,37859,10
13.0089502335,80.2296600342,37859,37869,10
13.0087404251,80.23072052,37869,37879,10
13.0086603165,80.2311935425,37879,37888,9
13.0086603165,80.2312164307,37888,37899,11
13.0086097717,80.2314300537,37899,37909,10
13.0085201263,80.231918335,37909,37920,11
13.0084400177,80.2323608398,37920,37930,10
13.0083999634,80.2325286865,37930,37940,10
13.0083599091,80.232749939,37940,37950,10
13.008310318,80.233001709,37950,37960,10
13.0082597733,80.2333984375,37960,37990,30
13.0082597733,80.2333984375,37990,38000,10
13.0081596375,80.2337875366,38000,38031,31
13.0081596375,80.2337875366,38031,38041,10
13.0080795288,80.23412323,38041,38051,10
13.0080003738,80.2345962524,38051,38061,10
13.0079202652,80.2350234985,38061,38071,10
13.0079202652,80.2350463867,38071,38081,10
13.0078496933,80.2352676392,38081,38091,10
13.0077896118,80.2356262207,38091,38101,10
13.0077199936,80.2360687256,38101,38111,10
13.0076799393,80.2362365723,38111,38121,10
13.0076503754,80.2363967896,38121,38132,11
13.0076198578,80.236541748,38132,38142,10
13.0075597763,80.2368392944,38142,38152,10
13.007519722,80.2369995117,38152,38162,10
13.0074796677,80.2372131348,38162,38172,10
13.0074100494,80.2375793457,38172,38202,30
13.0074100494,80.2375793457,38202,38212,10
13.0073404312,80.2378921509,38212,38222,10
13.0072603226,80.2384414673,38222,38253,31
13.0072603226,80.2384414673,38253,38263,10
13.007229805,80.2385177612,38263,38273,10
13.0071496964,80.238861084,38273,38283,10
13.0070295334,80.2394104004,38283,38293,10
13.0068798065,80.2401885986,38293,38303,10
13.0067901611,80.2407989502,38303,38312,9
13.0067796707,80.2412872314,38312,38323,11
13.0067501068,80.2414703369,38323,38335,12
13.0067396164,80.2422180176,38335,38345,10
13.0067300797,80.2428817749,38345,38355,10
13.0067195892,80.2431716919,38355,38363,8
13.0067300797,80.2433929443,38363,38375,12
13.0067100525,80.243850708,38375,38393,18
13.0067100525,80.243850708,38393,38403,10
13.0066995621,80.2440414429,38403,38423,20
13.0066995621,80.2440414429,38423,38436,13
13.0066795349,80.2444763184,38436,38446,10
13.0066900253,80.2450485229,38446,38456,10
13.0067195892,80.2457733154,38456,38466,10
13.0067300797,80.2462921143,38466,38476,10
13.0067396164,80.2465591431,38476,38486,10
13.0067396164,80.2466125488,38486,38496,10
13.0067596436,80.2470092773,38496,38506,10
13.0067300797,80.2475814819,38506,38516,10
13.0067501068,80.2484207153,38516,38526,10
13.0068597794,80.2492675781,38526,38537,11
13.0068702698,80.249382019,38537,38547,10
13.0068702698,80.2494735718,38547,38557,10
13.0068597794,80.2499313354,38557,38567,10
13.0068397522,80.2505187988,38567,38577,10
13.0068397522,80.2505493164,38577,38587,10
13.0068397522,80.2507171631,38587,38597,10
13.0068302155,80.2511291504,38597,38607,10
13.0067396164,80.2516784668,38607,38617,10
13.0066003799,80.2523498535,38617,38627,10
13.0065603256,80.2526016235,38627,38638,11
13.0065402985,80.2532730103,38638,38648,10
13.0065402985,80.2541503906,38648,38658,10
13.0066204071,80.2548828125,38658,38668,10
13.0066099167,80.2549362183,38668,38678,10
13.0066099167,80.2553634644,38678,38688,10
13.0066099167,80.256111145,38688,38698,10
13.0066299438,80.2568817139,38698,38759,61
13.0066299438,80.2568817139,38759,38769,10
13.0066404343,80.256980896,38769,38779,10
13.0066995621,80.2573471069,38779,38789,10
13.0064496994,80.2575531006,38789,38799,10
13.0059499741,80.2574386597,38799,38809,10
13.0055398941,80.2573699951,38809,38819,10
13.005279541,80.2572479248,38819,38829,10
13.0048303604,80.2571563721,38829,38840,11
13.004119873,80.257019043,38840,38850,10
13.0034999847,80.2569274902,38850,38860,10
13.0029201508,80.2568206787,38860,38870,10
13.0023202896,80.2567214966,38870,38880,10
13.0020999908,80.2566680908,38880,38890,10
13.0015897751,80.2565994263,38890,38961,71
13.0015897751,80.2565994263,38961,38971,10
13.0012702942,80.2565994263,38971,38981,10
13.0006198883,80.2564926147,38981,38991,10
12.9998903275,80.256362915,38991,39001,10
12.9991998672,80.2562179565,39001,39011,10
12.998840332,80.2561569214,39011,39021,10
12.9987802505,80.2561416626,39021,39030,9
12.9983901978,80.2560806274,39030,39042,12
12.9977397919,80.2560501099,39042,39062,20
12.9977397919,80.2560501099,39062,39072,10
12.9977502823,80.256401062,39072,39082,10
12.9977502823,80.2570877075,39082,39203,121
12.9977502823,80.2570877075,39203,39213,10
12.9975004196,80.2570037842,39213,39223,10
12.9976100922,80.2567672729,39223,39396,173
12.9976100922,80.2567672729,39396,39406,10
12.9976196289,80.2565612793,39406,39416,10
12.9976701736,80.2562179565,39416,39426,10
12.9976797104,80.2559432983,39426,39436,10
12.9974002838,80.2559127808,39436,39447,11
12.9970598221,80.2559585571,39447,39457,10
12.996919632,80.256072998,39457,39467,10
12.9969100952,80.2563934326,39467,39477,10
12.9968395233,80.2568283081,39477,39487,10
12.9967699051,80.2575073242,39487,39497,10
12.9967298508,80.2578430176,39497,39507,10
12.9966602325,80.2584915161,39507,39517,10
12.9965696335,80.2593307495,39517,39527,10
12.9965400696,80.2596511841,39527,39537,10
12.9965295792,80.2598419189,39537,39547,10
12.9964799881,80.2603912354,39547,39558,11
12.9963798523,80.2612762451,39558,39568,10
12.9963302612,80.2618179321,39568,39578,10
12.9962997437,80.262046814,39578,39588,10
12.9962301254,80.262512207,39588,39598,10
12.9962100983,80.2626495361,39598,39608,10
12.9961500168,80.2631607056,39608,39618,10
12.9960899353,80.2638778687,39618,39628,10
12.9959697723,80.2648391724,39628,39638,10
12.9958400726,80.2659683228,39638,39649,11
12.9957103729,80.2672119141,39649,39659,10
12.9958896637,80.2676773071,39659,39669,10
12.9962501526,80.2677078247,39669,39679,10
12.9963703156,80.2677230835,39679,39689,10
12.9968395233,80.2677230835,39689,39699,10
12.9975700378,80.2675018311,39699,39709,10
12.998290062,80.267288208,39709,39719,10
12.9990701675,80.2670593262,39719,39729,10
13.0000696182,80.2665634155,39729,39749,20
13.0000696182,80.2665634155,39749,39760,11
13.0001401901,80.2662200928,39760,39770,10
13.0002002716,80.2657165527,39770,39780,10
13.0003099442,80.2656173706,39780,39790,10
13.0003004074,80.2659378052,39790,39921,131
13.0002498627,80.2661819458,39921,40133,212
13.0003404617,80.2662734985,40133,40294,161
13.0003404617,80.2662734985,40294,40304,10
13.0003099442,80.2666168213,40304,40314,10
13.0002202988,80.2667617798,40314,40324,10
12.9999303818,80.2668914795,40324,40334,10
12.9994602203,80.2670288086,40334,40344,10
12.9988603592,80.2671966553,40344,40354,10
12.9981899261,80.2673492432,40354,40364,10
12.9975700378,80.267539978,40364,40377,13
12.9968299866,80.2677688599,40377,40387,10
12.9963598251,80.2677688599,40387,40397,10
12.9959001541,80.2677383423,40397,40407,10
12.9957399368,80.2674026489,40407,40417,10
12.9957304001,80.2673034668,40417,40427,10
12.9957199097,80.2671127319,40427,40437,10
12.9957799911,80.2666091919,40437,40447,10
12.9958496094,80.2659072876,40447,40457,10
12.9959402084,80.2650527954,40457,40467,10
12.9960403442,80.2642822266,40467,40478,11
12.9961395264,80.2634124756,40478,40488,10
12.9961996078,80.2627792358,40488,40498,10
12.996219635,80.2625808716,40498,40508,10
12.9962596893,80.2623977661,40508,40518,10
12.9962902069,80.2620010376,40518,40528,10
12.9963598251,80.2615432739,40528,40538,10
12.9964199066,80.260848999,40538,40548,10
12.9964895248,80.2601776123,40548,40558,10
12.9965295792,80.2597579956,40558,40568,10
12.9965696335,80.2595062256,40568,40579,11
12.9965600967,80.259437561,40579,40589,10
12.9965896606,80.2591629028,40589,40599,10
12.9966402054,80.2585983276,40599,40609,10
12.9966897964,80.2581100464,40609,40619,10
12.9967699051,80.2574386597,40619,40629,10
12.9968299866,80.2565689087,40629,40680,51
12.9968299866,80.2565689087,40680,40690,10
12.9968996048,80.2560806274,40690,40791,101
12.9968996048,80.2560806274,40791,40801,10
12.9968204498,80.2559585571,40801,40811,10
12.9970598221,80.2557983398,40811,40821,10
12.9975996017,80.2558288574,40821,40831,10
12.9985799789,80.2559204102,40831,40882,51
12.9985799789,80.2559204102,40882,40892,10
12.9989995956,80.256072998,40892,40902,10
12.9994897842,80.2561416626,40902,40912,10
12.9999399185,80.2562332153,40912,40922,10
13.0005302429,80.2563171387,40922,40932,10
13.0010700226,80.256439209,40932,40942,10
13.0013504028,80.256477356,40942,40952,10
13.0015296936,80.2565383911,40952,40962,10
13.0018501282,80.2565917969,40962,40972,10
13.0022602081,80.2566604614,40972,40983,11
13.0027303696,80.2567367554,40983,40993,10
13.0032196045,80.2568130493,40993,41003,10
13.003780365,80.2568969727,41003,41013,10
13.0043897629,80.2570114136,41013,41023,10
13.0048303604,80.2571029663,41023,41033,10
13.0048599243,80.2571029663,41033,41043,10
13.0049495697,80.2571792603,41043,41053,10
13.0053300858,80.2572021484,41053,41063,10
13.0058603287,80.2573013306,41063,41073,10
13.0063896179,80.2573623657,41073,41083,10
13.0064897537,80.2570037842,41083,41094,11
13.006480217,80.2562103271,41094,41104,10
13.0064697266,80.2553482056,41104,41114,10
13.0065002441,80.2545089722,41114,41124,10
13.0064897537,80.2532424927,41124,41144,20
13.0064897537,80.2532424927,41144,41154,10
13.0064697266,80.2529678345,41154,41164,10
13.0065002441,80.2527236938,41164,41174,10
13.0065803528,80.2521514893,41174,41225,51
13.0065803528,80.2521514893,41225,41235,10
13.0066604614,80.2518386841,41235,41245,10
13.0067195892,80.2513580322,41245,41255,10
13.0067901611,80.2506027222,41255,41265,10
13.0067796707,80.2497406006,41265,41275,10
13.0067596436,80.2495269775,41275,41284,9
13.006770134,80.249206543,41284,41295,11
13.0066900253,80.2484817505,41295,41305,10
13.0066604614,80.2477798462,41305,41315,10
13.0066099167,80.2465209961,41315,41335,20
13.0066099167,80.2465209961,41335,41345,10
13.0065898895,80.2464828491,41345,41355,10
13.0066299438,80.2461395264,41355,41365,10
13.0066404343,80.2455062866,41365,41375,10
13.0066404343,80.2447967529,41375,41384,9
13.0066604614,80.2443313599,41384,41398,14
13.0066404343,80.2435836792,41398,41408,10
13.0066099167,80.2429122925,41408,41418,10
13.0066003799,80.2421112061,41418,41428,10
13.0065803528,80.2416000366,41428,41438,10
13.0065898895,80.2414932251,41438,41448,10
13.006649971,80.2410202026,41448,41458,10
13.0068397522,80.2403182983,41458,41468,10
13.0070104599,80.2394790649,41468,41478,10
13.0071697235,80.2384567261,41478,41488,10
13.0073795319,80.2373962402,41488,41499,11
13.0074396133,80.2367095947,41499,41509,10
13.0074501038,80.2366714478,41509,41519,10
13.0075397491,80.2363967896,41519,41529,10
13.0076398849,80.2359008789,41529,41539,10
13.0077800751,80.235168457,41539,41549,10
13.0079603195,80.234336853,41549,41558,9
13.0081396103,80.2333908081,41558,41569,11
13.0083904266,80.2320785522,41569,41579,10
13.0086202621,80.2309112549,41579,41589,10
13.0088500977,80.2297515869,41589,41600,11
13.0090999603,80.228553772,41600,41610,10
13.0094499588,80.2275772095,41610,41620,10
13.0098800659,80.2266235352,41620,41630,10
13.010310173,80.2257232666,41630,41640,10
13.0105199814,80.2252731323,41640,41650,10
13.0105600357,80.2251968384,41650,41660,10
13.0107402802,80.2248306274,41660,41670,10
13.0109195709,80.2244262695,41670,41680,10
13.0111703873,80.2238922119,41680,41689,9
13.0113296509,80.2234573364,41689,41701,12
13.0117301941,80.2226028442,41701,41711,10
13.0119800568,80.2217788696,41711,41721,10
13.0123996735,80.221572876,41721,41731,10
13.0127096176,80.2220077515,41731,41741,10
13.0132198334,80.2225494385,41741,41751,10
13.0137996674,80.2232284546,41751,41761,10
13.0143995285,80.223991394,41761,41771,10
13.015250206,80.2248001099,41771,41802,31
13.015250206,80.2248001099,41802,41812,10
13.0153999329,80.2248764038,41812,41822,10
13.0156602859,80.2250823975,41822,41842,20
13.0156602859,80.2250823975,41842,41852,10
13.0159301758,80.2252807617,41852,41862,10
13.0164804459,80.2253189087,41862,41872,10
13.0172100067,80.2250366211,41872,41882,10
13.0179700851,80.2247390747,41882,41891,9
13.0186195374,80.2244796753,41891,41903,12
13.019370079,80.224281311,41903,41913,10
13.0193996429,80.224281311,41913,41923,10
13.0194501877,80.2242889404,41923,41933,10
13.0196399689,80.2244110107,41933,41943,10
13.0199203491,80.2246170044,41943,41953,10
13.0202999115,80.2249298096,41953,41963,10
13.0207395554,80.2252502441,41963,41973,10
13.0209999084,80.2254714966,41973,41983,10
13.0213603973,80.2257766724,41983,41993,10
13.0218400955,80.2261505127,41993,42004,11
13.0225200653,80.2267074585,42004,42014,10
13.0232200623,80.2273406982,42014,42024,10
13.023850441,80.227897644,42024,42034,10
13.0243797302,80.2285079956,42034,42044,10
13.0246801376,80.2289123535,42044,42054,10
13.0250396729,80.2294082642,42054,42064,10
13.0253696442,80.2297821045,42064,42074,10
13.02546978,80.2299194336,42074,42094,20
13.02546978,80.2299194336,42094,42105,11
13.025560379,80.2300796509,42105,42115,10
13.0256795883,80.2302627563,42115,42125,10
13.0258398056,80.2305603027,42125,42135,10
13.025970459,80.2308883667,42135,42145,10
13.0259895325,80.2310791016,42145,42155,10
13.0260095596,80.2312469482,42155,42165,10
13.026140213,80.2313232422,42165,42175,10
13.0265197754,80.2312393188,42175,42185,10
13.0272302628,80.2310791016,42185,42195,10
13.0280599594,80.2309188843,42195,42204,9
13.0284900665,80.2308197021,42204,42216,12
13.0284996033,80.2308197021,42216,42226,10
13.0287599564,80.2308578491,42226,42236,10
13.0293998718,80.230796814,42236,42286,50
13.0293998718,80.230796814,42286,42296,10
13.0296297073,80.2308578491,42296,42308,12
13.0302400589,80.2307510376,42308,42316,8
13.0305595398,80.2307128906,42316,42328,12
13.0307302475,80.2306289673,42328,42338,10
13.030670166,80.2303390503,42338,42348,10
13.0305099487,80.2297821045,42348,42358,10
13.0303297043,80.229133606,42358,42368,10
13.030380249,80.2284393311,42368,42378,10
13.030380249,80.2283096313,42378,42388,10
13.0303401947,80.2282180786,42388,42398,10
13.0303897858,80.2278366089,42398,42409,11
13.0303096771,80.2275009155,42409,42419,10
13.0297803879,80.2274017334,42419,42429,10
13.0291500092,80.2273025513,42429,42439,10
13.0286903381,80.2272567749,42439,42449,10
13.0285997391,80.2272415161,42449,42459,10
13.0283498764,80.227180481,42459,42469,10
13.0279903412,80.2270584106,42469,42479,10
13.0280103683,80.2265625,42479,42489,10
13.0281600952,80.2257995605,42489,42499,10
13.0283498764,80.2247924805,42499,42510,11
13.0288095474,80.2240524292,42510,42530,20
13.0288095474,80.2240524292,42530,42540,10
13.029009819,80.2241287231,42540,42550,10
13.0293998718,80.2242736816,42550,42560,10
13.0299901962,80.2242507935,42560,42570,10
13.0305204391,80.2242965698,42570,42580,10
13.0310897827,80.2242431641,42580,42590,10
13.0311098099,80.2237930298,42590,42600,10
13.0311899185,80.223197937,42600,42611,11
13.0312204361,80.2231216431,42611,42621,10
13.0312700272,80.2227706909,42621,42631,10
13.0315103531,80.2223968506,42631,42641,10
13.0317802429,80.2218322754,42641,42651,10
13.0319900513,80.2212295532,42651,42661,10
13.0321397781,80.2204971313,42661,42671,10
13.0321903229,80.2197799683,42671,42691,20
13.0321903229,80.2197799683,42691,42701,10
13.0322198868,80.2194671631,42701,42712,11
13.0322303772,80.2188415527,42712,42722,10
13.0319700241,80.218460083,42722,42732,10
13.0315303802,80.218208313,42732,42742,10
13.0314998627,80.2174987793,42742,42752,10
13.031419754,80.217086792,42752,42762,10
13.0312795639,80.2169876099,42762,42772,10
13.03083992,80.2169723511,42772,42782,10
13.0305099487,80.2167663574,42782,42792,10
13.0304698944,80.2167282104,42792,42802,10
13.0304498672,80.2164764404,42802,42813,11
13.0304002762,80.2157363892,42813,42823,10
13.0303897858,80.2150115967,42823,42833,10
13.0304203033,80.2145690918,42833,42843,10
13.0304498672,80.2144317627,42843,42853,10
13.030500412,80.2139816284,42853,42863,10
13.0305595398,80.2135314941,42863,42873,10
13.0306100845,80.2131271362,42873,42883,10
13.0306901932,80.2126922607,42883,42893,10
13.0308103561,80.2120895386,42893,42903,10
13.0308504105,80.2117004395,42903,42914,11
13.0308904648,80.2112884521,42914,42924,10
13.0309495926,80.2108612061,42924,42934,10
13.0310297012,80.2102813721,42934,42942,8
13.0310096741,80.2101287842,42942,42954,12
13.0306901932,80.2099914551,42954,42964,10
13.0302000046,80.2098083496,42964,42974,10
13.0301704407,80.2092208862,42974,43014,40
13.0301704407,80.2092208862,43014,43025,11
13.0304498672,80.2090988159,43025,43035,10
13.0310602188,80.2092590332,43035,43045,10
13.0316295624,80.2093887329,43045,43055,10
13.03166008,80.2093887329,43055,43065,10
13.0317296982,80.2094116211,43065,43075,10
13.032119751,80.2095031738,43075,43085,10
13.0327796936,80.2096328735,43085,43095,10
13.033539772,80.209777832,43095,43105,10
13.0342502594,80.2098922729,43105,43115,10
13.034910202,80.2099609375,43115,43125,10
13.0351896286,80.2096710205,43125,43135,10
13.0352296829,80.2091598511,43135,43145,10
13.0352401733,80.2090072632,43145,43155,10
13.0352602005,80.208946228,43155,43165,10
13.0352697372,80.2087173462,43165,43172,7
13.0352802277,80.2086486816,43172,43186,14
13.0353803635,80.2080001831,43186,43196,10
13.0354995728,80.2072372437,43196,43205,9
13.0356197357,80.206451416,43205,43216,11
13.035490036,80.2059402466,43216,43226,10
13.0354995728,80.2056274414,43226,43246,20
13.0354995728,80.2056274414,43246,43256,10
13.0357398987,80.2052764893,43256,43266,10
13.0358400345,80.2049865723,43266,43276,10
13.0359296799,80.2044372559,43276,43286,10
13.0360002518,80.2040023804,43286,43409,123
13.0360002518,80.2040023804,43409,43419,10
13.0360803604,80.2037506104,43419,43430,11
13.0360898972,80.2037200928,43430,43440,10
13.0361204147,80.2034072876,43440,43450,10
13.0361795425,80.2029800415,43450,43460,10
13.036239624,80.2024383545,43460,43470,10
13.0363502502,80.2015304565,43470,43490,20
13.0363502502,80.2015304565,43490,43500,10
13.0363702774,80.2012481689,43500,43510,10
13.0364999771,80.2007217407,43510,43519,9
13.0366001129,80.2000274658,43519,43532,13
13.0368099213,80.198387146,43532,43552,20
13.0368099213,80.198387146,43552,43562,10
13.0368404388,80.1982192993,43562,43572,10
13.0368900299,80.1978225708,43572,43582,10
13.0369501114,80.1975097656,43582,43592,10
13.03703022,80.1969909668,43592,43602,10
13.0371198654,80.1963806152,43602,43612,10
13.0371303558,80.1963119507,43612,43623,11
13.0371704102,80.1960372925,43623,43633,10
13.0372495651,80.1955184937,43633,43643,10
13.0373497009,80.1948013306,43643,43653,10
13.0374603271,80.1939620972,43653,43663,10
13.0375795364,80.1930465698,43663,43673,10
13.0378904343,80.1927566528,43673,43683,10
13.0382204056,80.1927566528,43683,43693,10
13.0388202667,80.1928482056,43693,43713,20
13.0388202667,80.1928482056,43713,43723,10
13.0391302109,80.1929321289,43723,43734,11
13.0395803452,80.1930007935,43734,43744,10
13.0398101807,80.1930465698,43744,43754,10
13.0402803421,80.1931228638,43754,43764,10
13.0409202576,80.1932296753,43764,43774,10
13.041560173,80.1932983398,43774,43784,10
13.0417098999,80.1938934326,43784,43804,20
13.0417098999,80.1938934326,43804,43814,10
13.0417003632,80.194229126,43814,43824,10
13.0416498184,80.194732666,43824,43835,11
13.041560173,80.1953811646,43835,43845,10
13.0414896011,80.1959991455,43845,43855,10
13.0414199829,80.1965866089,43855,43865,10
13.0414104462,80.1968002319,43865,43875,10
13.0413799286,80.1969909668,43875,43885,10
13.0412797928,80.1974716187,43885,43895,10
13.0411701202,80.1982269287,43895,43905,10
13.041009903,80.1993331909,43905,43925,20
13.041009903,80.1993331909,43925,43936,11
13.0409698486,80.199546814,43936,43946,10
13.0408802032,80.2000274658,43946,43956,10
13.0407800674,80.2005996704,43956,43966,10
13.0406904221,80.2013778687,43966,43976,10
13.0405902863,80.2019271851,43976,43986,10
13.0405902863,80.2021713257,43986,43996,10
13.0404996872,80.2026062012,43996,44006,10
13.0404100418,80.2032470703,44006,44016,10
13.0403299332,80.2037963867,44016,44026,10
13.0402698517,80.204208374,44026,44036,10
13.0402002335,80.2046585083,44036,44046,10
13.0402002335,80.2049407959,44046,44056,10
13.0406503677,80.2050628662,44056,44067,11
13.0412502289,80.2051620483,44067,44077,10
13.0412797928,80.2051620483,44077,44087,10
13.0415000916,80.2051925659,44087,44097,10
13.0419998169,80.2052612305,44097,44107,10
13.0425701141,80.205406189,44107,44117,10
13.0426998138,80.2054824829,44117,44127,10
13.0428600311,80.2058181763,44127,44139,12
13.0433502197,80.2065124512,44139,44149,10
13.0437898636,80.2071380615,44149,44157,8
13.0440397263,80.2077331543,44157,44169,12
13.0441303253,80.2085037231,44169,44177,8
13.0441703796,80.2089385986,44177,44187,10
13.0441799164,80.2089691162,44187,44197,10
13.044210434,80.2092208862,44197,44207,10
13.0441904068,80.2096862793,44207,44217,10
13.0441999435,80.2104492188,44217,44227,10
13.0442304611,80.2113037109,44227,44240,13
13.0443096161,80.2119979858,44240,44260,20
13.0443096161,80.2119979858,44260,44270,10
13.0444297791,80.2122879028,44270,44280,10
13.0448703766,80.2122497559,44280,44290,10
13.0456104279,80.2122192383,44290,44300,10
13.0464496613,80.2121887207,44300,44310,10
13.0470104218,80.2121429443,44310,44320,10
13.0471000671,80.2118911743,44320,44330,10
13.04708004,80.2118225098,44330,44341,11
13.0470199585,80.2116394043,44341,44351,10
13.0470104218,80.2113113403,44351,44361,10
13.0469799042,80.2110366821,44361,44371,10
13.04708004,80.2108001709,44371,44381,10
13.0475301743,80.2108078003,44381,44391,10
13.0482597351,80.2108230591,44391,44401,10
13.0489902496,80.2108306885,44401,44411,10
13.0495595932,80.2108535767,44411,44421,10
13.0496797562,80.2106781006,44421,44431,10
13.0496196747,80.2101669312,44431,44442,11
13.049489975,80.2093276978,44442,44452,10
13.0493898392,80.2086486816,44452,44462,10
13.0491399765,80.2079315186,44462,44472,10
13.0488395691,80.2070922852,44472,44512,40
13.0488796234,80.2067718506,44512,44532,20
13.0488796234,80.2067718506,44532,44543,11
13.0492296219,80.2067718506,44543,44553,10
13.0493898392,80.2067871094,44553,44563,10
13.0494403839,80.206817627,44563,44573,10
13.0495996475,80.2068710327,44573,44583,10
13.0498895645,80.2069015503,44583,44593,10
13.050239563,80.2069015503,44593,44603,10
13.0506401062,80.2067565918,44603,44613,10
13.0509796143,80.2064666748,44613,44927,314
13.0509796143,80.2064666748,44927,44937,10
13.0508499146,80.2065429688,44937,44948,11
13.0505599976,80.2068405151,44948,44958,10
13.0501298904,80.2068862915,44958,44968,10
13.0496902466,80.2068786621,44968,44978,10
13.0494604111,80.2068786621,44978,44988,10
13.0492601395,80.2069396973,44988,44998,10
13.0492200851,80.2072677612,44998,45028,30
13.0492200851,80.2072677612,45028,45038,10
13.0490398407,80.2074890137,45038,45048,10
13.0491600037,80.207862854,45048,45058,10
13.0493202209,80.2084503174,45058,45070,12
13.049489975,80.2092285156,45070,45080,10
13.0496397018,80.2099990845,45080,45090,10
13.0497303009,80.2107467651,45090,45100,10
13.0497999191,80.2112731934,45100,45110,10
13.0498800278,80.2118988037,45110,45120,10
13.0498800278,80.2118988037,45120,45130,10
13.0497999191,80.2121963501,45130,45140,10
13.049539566,80.2121963501,45140,45156,16
13.0495300293,80.2121887207,45156,45168,12
13.0492801666,80.2121734619,45168,45178,10
13.048740387,80.2121887207,45178,45188,10
13.0479898453,80.2122421265,45188,45198,10
13.0471096039,80.212310791,45198,45208,10
13.0461397171,80.212348938,45208,45218,10
13.0450801849,80.2124023438,45218,45238,20
13.0450801849,80.2124023438,45238,45248,10
13.0449304581,80.2124099731,45248,45260,12
13.0445995331,80.2124099731,45260,45270,10
13.0443601608,80.212387085,45270,45310,40
13.0443601608,80.212387085,45310,45320,10
13.0443096161,80.2121963501,45320,45330,10
13.044260025,80.2116088867,45330,45340,10
13.0442199707,80.2107696533,45340,45350,10
13.0441598892,80.2098083496,45350,45361,11
13.0441102982,80.209022522,45361,45371,10
13.0441102982,80.2088623047,45371,45381,10
13.0440998077,80.2086029053,45381,45391,10
13.0440397263,80.2079696655,45391,45401,10
13.0437402725,80.2071990967,45401,45409,8
13.0432901382,80.2065582275,45409,45421,12
13.0425796509,80.2056427002,45421,45430,9
13.0418300629,80.2053222656,45430,45441,11
13.0411901474,80.2052078247,45441,45451,10
13.0407800674,80.2051467896,45451,45462,11
13.0405397415,80.2051315308,45462,45472,10
13.0399999619,80.2050323486,45472,45482,10
13.0392799377,80.2049331665,45482,45492,10
13.038769722,80.2048568726,45492,45502,10
13.0382099152,80.204750061,45502,45512,10
13.0382099152,80.2042922974,45512,45522,10
13.0382995605,80.2036514282,45522,45532,10
13.0384101868,80.20287323,45532,45542,10
13.0384998322,80.2020797729,45542,45552,10
13.0385503769,80.2018508911,45552,45563,11
13.0386199951,80.2014694214,45563,45573,10
13.0386800766,80.2009887695,45573,45583,10
13.0387296677,80.2004394531,45583,45593,10
13.0388402939,80.199760437,45593,45603,10
13.0389404297,80.1992034912,45603,45613,10
13.0389795303,80.1989822388,45613,45623,10
13.0390100479,80.1984405518,45623,45633,10
13.0391101837,80.1976623535,45633,45640,7
13.0391902924,80.1971588135,45640,45653,13
13.0392599106,80.1968002319,45653,45664,11
13.0392799377,80.1965103149,45664,45674,10
13.039349556,80.1961135864,45674,45684,10
13.0394096375,80.1954421997,45684,45694,10
13.0395298004,80.194732666,45694,45704,10
13.0396604538,80.1938476563,45704,45714,10
13.0397596359,80.1931762695,45714,45724,10
13.0397701263,80.1931610107,45724,45736,12
13.0396699905,80.193031311,45736,45746,10
13.0393104553,80.1929779053,45746,45756,10
13.038769722,80.1928482056,45756,45777,21
13.038769722,80.1928482056,45777,45787,10
13.0385198593,80.192817688,45787,45797,10
13.038020134,80.1928100586,45797,45807,10
13.0376701355,80.1932525635,45807,45817,10
13.0375499725,80.1940231323,45817,45827,10
13.0373897552,80.1949920654,45827,45837,10
13.0372495651,80.1959075928,45837,45847,10
13.0372400284,80.1960601807,45847,45857,10
13.0372200012,80.1962203979,45857,45867,10
13.0371303558,80.1966934204,45867,45877,10
13.0370101929,80.1974182129,45877,45887,10
13.0368900299,80.1982192993,45887,45897,10
13.0368499756,80.1986923218,45897,45907,10
13.0368700027,80.1987533569,45907,45917,10
13.0367603302,80.1990737915,45917,45928,11
13.0366401672,80.1996994019,45928,45938,10
13.0365400314,80.2004928589,45938,45949,11
13.0364103317,80.2013168335,45949,45958,9
13.0363502502,80.2017288208,45958,45978,20
13.0363502502,80.2017288208,45978,45988,10
13.0363197327,80.2019424438,45988,45998,10
13.0362100601,80.202331543,45998,46008,10
13.0361003876,80.2030105591,46008,46018,10
13.0360097885,80.2038269043,46018,46028,10
13.0359401703,80.2044906616,46028,46038,10
13.0358695984,80.2050704956,46038,46048,10
13.0357704163,80.2058792114,46048,46071,23
13.0357704163,80.2058792114,46071,46081,10
13.0357398987,80.206199646,46081,46091,10
13.0356502533,80.2067337036,46091,46101,10
13.0355396271,80.2075500488,46101,46111,10
13.0354003906,80.2085189819,46111,46131,20
13.0354003906,80.2085189819,46131,46141,10
13.0353403091,80.2089004517,46141,46151,10
13.0352401733,80.2094421387,46151,46161,10
13.0351495743,80.2100296021,46161,46172,11
13.0349998474,80.2105712891,46172,46182,10
13.0348997116,80.211227417,46182,46192,10
13.0347604752,80.2119979858,46192,46202,10
13.0343103409,80.2120895386,46202,46212,10
13.0336799622,80.212020874,46212,46222,10
13.032500267,80.2119064331,46222,46252,30
13.032500267,80.2119064331,46252,46262,10
13.0321798325,80.2118377686,46262,46273,11
13.0319004059,80.2116012573,46273,46283,10
13.0319700241,80.2110519409,46283,46293,10
13.031999588,80.2107315063,46293,46303,10
13.0320796967,80.2101898193,46303,46313,10
13.0320301056,80.2097091675,46313,46323,10
13.0316095352,80.2095718384,46323,46333,10
13.0309295654,80.2093734741,46333,46343,10
13.0304298401,80.2092590332,46343,46353,10
13.0303897858,80.2092437744,46353,46363,10
13.0302801132,80.2091674805,46363,46374,11
13.0300798416,80.2093505859,46374,46384,10
13.0300598145,80.2094802856,46384,46394,10
13.0300703049,80.2095565796,46394,46404,10
13.0301303864,80.2098083496,46404,46414,10
13.0306301117,80.2099380493,46414,46424,10
13.0309495926,80.2100906372,46424,46434,10
13.0309400558,80.2104034424,46434,46444,10
13.0308799744,80.2109603882,46444,46454,10
13.0308303833,80.2112731934,46454,46464,10
13.0307798386,80.2116928101,46464,46475,11
13.030670166,80.2121582031,46475,46485,10
13.030579567,80.2128601074,46485,46495,10
13.0304803848,80.213508606,46495,46505,10
13.0304298401,80.2138519287,46505,46515,10
13.0303602219,80.2143783569,46515,46525,10
13.0303401947,80.2146911621,46525,46535,10
13.0303401947,80.2148513794,46535,46545,10
13.0302801132,80.2152862549,46545,46555,10
13.0303297043,80.2160720825,46555,46565,10
13.0303401947,80.2167129517,46565,46576,11
13.0305595398,80.2168426514,46576,46586,10
13.0309200287,80.2168884277,46586,46596,10
13.0313396454,80.2169494629,46596,46606,10
13.0314998627,80.2173614502,46606,46616,10
13.0315504074,80.2180480957,46616,46626,10
13.0319900513,80.2183914185,46626,46636,10
13.0322399139,80.2185974121,46636,46646,10
13.03221035,80.2190704346,46646,46656,10
13.0321502686,80.2194976807,46656,46666,10
13.0321702957,80.2202987671,46666,46687,21
13.0321702957,80.2202987671,46687,46697,10
13.0321502686,80.2205734253,46697,46707,10
13.0320396423,80.2210769653,46707,46717,10
13.0319404602,80.221496582,46717,46727,10
13.0317401886,80.2219085693,46727,46737,10
13.0315799713,80.2222824097,46737,46747,10
13.0313501358,80.2227172852,46747,46757,10
13.0312004089,80.2234268188,46757,46767,10
13.0311498642,80.2238235474,46767,46777,10
13.0311203003,80.2238998413,46777,46788,11
13.0311203003,80.2242431641,46788,46798,10
13.0307502747,80.2242736816,46798,46808,10
13.0300598145,80.2242584229,46808,46818,10
13.0290002823,80.2241973877,46818,46838,20
13.0290002823,80.2241973877,46838,46848,10
13.0288095474,80.2241210938,46848,46858,10
13.0284700394,80.2242126465,46858,46868,10
13.0283098221,80.2248916626,46868,46878,10
13.0281400681,80.2257003784,46878,46888,10
13.0280199051,80.2263565063,46888,46898,10
13.0278997421,80.2267990112,46898,46909,11
13.0280599594,80.2270278931,46909,46918,9
13.0284004211,80.2271118164,46918,46929,11
13.0285701752,80.2271499634,46929,46939,10
13.0288200378,80.2272033691,46939,46949,10
13.0292596817,80.2272720337,46949,46959,10
13.0298595428,80.2273712158,46959,46968,9
13.0303602219,80.2274627686,46968,46979,11
13.0303297043,80.2280578613,46979,47001,22
13.0303297043,80.2280578613,47001,47011,10
13.0303201675,80.2281799316,47011,47019,8
13.03028965,80.2285079956,47019,47031,12
13.0302801132,80.2292480469,47031,47039,8
13.030500412,80.2297821045,47039,47049,10
13.0306797028,80.2304229736,47049,47069,20
13.0306797028,80.2304229736,47069,47079,10
13.0307302475,80.2305679321,47079,47092,13
13.0306596756,80.2307281494,47092,47102,10
13.0304403305,80.2307662964,47102,47112,10
13.0298099518,80.2308197021,47112,47152,40
13.0298099518,80.2308197021,47152,47162,10
13.0296897888,80.2308502197,47162,47172,10
13.0296201706,80.2308502197,47172,47182,10
13.0295000076,80.2308502197,47182,47193,11
13.0291099548,80.2308807373,47193,47203,10
13.0284795761,80.2309112549,47203,47213,10
13.0278396606,80.2309570313,47213,47223,10
13.0276699066,80.231262207,47223,47233,10
13.0277395248,80.2319107056,47233,47243,10
13.0278701782,80.232673645,47243,47253,10
13.0274600983,80.2328567505,47253,47263,10
13.0271997452,80.2329101563,47263,47273,10
13.0268201828,80.2329788208,47273,47282,9
13.0265197754,80.2330093384,47282,47294,12
13.0262498856,80.2323989868,47294,47304,10
13.0260601044,80.2317428589,47304,47314,10
13.0259399414,80.231262207,47314,47324,10
13.0257101059,80.2305831909,47324,47334,10
13.0252599716,80.2298583984,47334,47344,10
13.024720192,80.2291793823,47344,47354,10
13.0242595673,80.228553772,47354,47364,10
13.024020195,80.2283172607,47364,47374,10
13.0239496231,80.2282180786,47374,47384,10
13.0239295959,80.2282028198,47384,47395,11
13.0236902237,80.2278823853,47395,47405,10
13.0232801437,80.2274780273,47405,47415,10
13.0227603912,80.2269821167,47415,47425,10
13.0220804214,80.2263793945,47425,47435,10
13.0214004517,80.2258377075,47435,47445,10
13.0208101273,80.2253875732,47445,47455,10
13.0200500488,80.2248764038,47455,47475,20
13.0200500488,80.2248764038,47475,47485,10
13.0199298859,80.2248077393,47485,47496,11
13.0194797516,80.2245788574,47496,47506,10
13.0186796188,80.2245483398,47506,47516,10
13.0177297592,80.2249298096,47516,47526,10
13.0167703629,80.2253189087,47526,47536,10
13.0160102844,80.2256164551,47536,47546,10
13.0153598785,80.2258605957,47546,47556,10
13.0150003433,80.2260131836,47556,47566,10
13.0144996643,80.2261886597,47566,47576,10
13.0140104294,80.2264099121,47576,47586,10
13.0139799118,80.2264175415,47586,47597,11
13.0136299133,80.2265472412,47597,47607,10
13.0130901337,80.2267303467,47607,47617,10
13.0124101639,80.2269973755,47617,47627,10
13.0115995407,80.2273101807,47627,47637,10
13.0107002258,80.2276687622,47637,47647,10
13.0096998215,80.2280807495,47647,47657,10
13.0090904236,80.2287368774,47657,47667,10
13.0088996887,80.2297363281,47667,47677,10
13.0087003708,80.2307510376,47677,47688,11
13.0085096359,80.2317733765,47688,47698,10
13.0083398819,80.2326889038,47698,47707,9
13.0082302094,80.2334213257,47707,47718,11
13.008190155,80.2337036133,47718,47728,10
13.0081501007,80.2338180542,47728,47738,10
13.0080699921,80.2341537476,47738,47748,10
13.0079402924,80.2347869873,47748,47758,10
13.0077800751,80.2356491089,47758,47768,10
13.0075597763,80.2366714478,47768,47778,10
13.007349968,80.2377929688,47778,47790,12
13.0071401596,80.2389984131,47790,47800,10
13.0069799423,80.2397994995,47800,47810,10
13.0069599152,80.2400131226,47810,47820,10
13.0069704056,80.2401428223,47820,47830,10
13.0068902969,80.2406616211,47830,47840,10
13.0068597794,80.2407913208,47840,47849,9
13.0068101883,80.2409591675,47849,47860,11
13.0067396164,80.2415466309,47860,47870,10
13.0067195892,80.2423629761,47870,47880,10
13.0066795349,80.2431716919,47880,47890,10
13.0066795349,80.2436065674,47890,47898,8
13.0066699982,80.243850708,47898,47912,14
13.0066404343,80.2444229126,47912,47922,10
13.0066299438,80.2448883057,47922,47932,10
13.0066604614,80.2454223633,47932,47940,8
13.0066900253,80.2460708618,47940,47972,32
13.0066900253,80.2460708618,47972,47982,10
13.0066900253,80.2464828491,47982,47992,10
13.0066995621,80.2468795776,47992,48003,11
13.0066995621,80.2476272583,48003,48013,10
13.0067195892,80.2484817505,48013,48023,10
13.0068397522,80.249382019,48023,48033,10
13.0068397522,80.2496109009,48033,48043,10
13.0068302155,80.2496414185,48043,48053,10
13.006819725,80.2500762939,48053,48063,10
13.0068397522,80.2511367798,48063,48083,20
13.0068397522,80.2511367798,48083,48093,10
13.006819725,80.2513122559,48093,48104,11
13.0066995621,80.251739502,48104,48114,10
13.0065803528,80.2523803711,48114,48124,10
13.0065603256,80.2531661987,48124,48134,10
13.0065603256,80.2540512085,48134,48144,10
13.0066003799,80.2548599243,48144,48154,10
13.0065698624,80.2550964355,48154,48164,10
13.0065402985,80.2551193237,48164,48174,10
13.0065803528,80.2555618286,48174,48184,10
13.0065603256,80.2562179565,48184,48194,10
13.0066299438,80.2571563721,48194,48285,91
13.0066299438,80.2571563721,48285,48295,10
13.006770134,80.2573699951,48295,48306,11
13.0063800812,80.2575836182,48306,48316,10
13.00578022,80.2574386597,48316,48326,10
13.0050601959,80.2572937012,48326,48336,10
13.0043001175,80.2571029663,48336,48346,10
13.0035400391,80.256942749,48346,48356,10
13.002790451,80.2568130493,48356,48366,10
13.0016002655,80.2565917969,48366,48417,51
13.0016002655,80.2565917969,48417,48427,10
13.0015497208,80.2565765381,48427,48437,10
13.0011701584,80.2565307617,48437,48447,10
13.0006399155,80.2564468384,48447,48457,10
13.0000495911,80.2563705444,48457,48467,10
13.0000095367,80.256362915,48467,48477,10
12.9999303818,80.2563400269,48477,48487,10
12.9995002747,80.2562637329,48487,48497,10
12.998840332,80.2561187744,48497,48507,10
12.998339653,80.2560424805,48507,48518,11
12.9977703094,80.2559585571,48518,48528,10
12.9975500107,80.2559661865,48528,48538,10
12.9972696304,80.2559661865,48538,48547,9
12.9969997406,80.2560424805,48547,48560,13
12.9968996048,80.2564620972,48560,48570,10
12.9968299866,80.2570419312,48570,48590,20
12.9968299866,80.2570419312,48590,48600,10
12.9968004227,80.2571182251,48600,48613,13
12.9967403412,80.2576522827,48613,48623,10
12.9966497421,80.2583465576,48623,48633,10
12.9965896606,80.2589111328,48633,48643,10
12.9965295792,80.2593383789,48643,48653,10
12.9965000153,80.2597579956,48653,48663,10
12.9964599609,80.2602081299,48663,48673,10
12.9963798523,80.2609329224,48673,48683,10
12.9963302612,80.2616500854,48683,48693,10
12.9962501526,80.2621307373,48693,48700,7
12.9962100983,80.2623977661,48700,48714,14
12.9962100983,80.2624130249,48714,48724,10
12.9961900711,80.2625579834,48724,48734,10
12.9961299896,80.2630004883,48734,48744,10
12.9960899353,80.2637405396,48744,48754,10
12.9959897995,80.2646026611,48754,48764,10
12.9959402084,80.2652435303,48764,48774,10
12.9959201813,80.2653579712,48774,48784,10
12.9958600998,80.2658615112,48784,48794,10
12.9957895279,80.2666091919,48794,48804,10
12.9956998825,80.2674179077,48804,48815,11
12.9961795807,80.2676696777,48815,48845,30
12.9961795807,80.2676696777,48845,48855,10
12.996339798,80.2676925659,48855,48865,10
12.9968795776,80.2676773071,48865,48875,10
12.9975795746,80.2675018311,48875,48885,10
12.9982404709,80.267326355,48885,48895,10
12.9989995956,80.2670974731,48895,48905,10
13.0000495911,80.2665863037,48905,48936,31
13.0000495911,80.2665863037,48936,48946,10
13.0001296997,80.266418457,48946,48956,10
13.000169754,80.2661514282,48956,48966,10
13.0002002716,80.2658081055,48966,48976,10
13.0003204346,80.2657012939,48976,48986,10
13.0003499985,80.2658462524,48986,48996,10
13.0003004074,80.2662200928,48996,49067,71
13.0003004074,80.2662200928,49067,49077,10
13.0003299713,80.2664489746,49077,50169,1092
13.0003299713,80.2664489746,50169,50179,10
13.0003995895,80.2664871216,50179,50544,365
13.0003995895,80.2664871216,50544,50555,11
13.0003299713,80.2667007446,50555,50565,10
13.0002002716,80.2668762207,50565,50575,10
12.9997196198,80.2670135498,50575,50585,10
12.99903965,80.2671813965,50585,50595,10
12.9983701706,80.2673721313,50595,50605,10
12.9977703094,80.267539978,50605,50615,10
12.997130394,80.2677078247,50615,50625,10
12.9963703156,80.2677612305,50625,50635,10
12.9957895279,80.2677001953,50635,50644,9
12.9956703186,80.2674789429,50644,50656,12
12.9956798553,80.2673492432,50656,50666,10
12.9956798553,80.267250061,50666,50676,10
12.9957504272,80.2668228149,50676,50686,10
12.9958095551,80.266166687,50686,50696,10
12.9958896637,80.2653884888,50696,50706,10
12.9959497452,80.2647323608,50706,50716,10
12.996049881,80.2640533447,50716,50726,10
12.9961500168,80.2632827759,50726,50736,10
12.9961900711,80.2627563477,50736,50746,10
12.9961996078,80.2624893188,50746,50757,11
12.9962100983,80.262336731,50757,50767,10
12.9962596893,80.26197052,50767,50777,10
12.9962997437,80.2616577148,50777,50787,10
12.9963302612,80.2614135742,50787,50797,10
12.9963903427,80.2608108521,50797,50807,10
12.9964799881,80.2600631714,50807,50817,10
12.9965295792,80.2593994141,50817,50827,10
12.9965896606,80.2588806152,50827,50837,10
12.996629715,80.2583999634,50837,50847,10
12.9967002869,80.2577819824,50847,50858,11
12.9968004227,80.2570419312,50858,50868,10
12.9968395233,80.2561721802,50868,50928,60
12.9968395233,80.2561721802,50928,50938,10
12.9968996048,80.255897522,50938,50948,10
12.9972696304,80.2558288574,50948,50958,10
12.9979095459,80.2558822632,50958,50969,11
12.9988603592,80.2559814453,50969,50999,30
12.9989595413,80.2560272217,50999,51039,40
12.9989595413,80.2560272217,51039,51049,10
12.9992399216,80.2561187744,51049,51059,10
12.999710083,80.2562103271,51059,51070,11
13.00041008,80.2563476563,51070,51080,10
13.0008201599,80.2564086914,51080,51100,20
13.0008201599,80.2564086914,51100,51110,10
13.0009002686,80.256401062,51110,51120,10
13.0012397766,80.2564620972,51120,51130,10
13.0016403198,80.2565307617,51130,51140,10
13.0022296906,80.2566299438,51140,51150,10
13.0027399063,80.256729126,51150,51160,10
13.0033502579,80.2568511963,51160,51171,11
13.0040502548,80.2569885254,51171,51181,10
13.0046796799,80.2571029663,51181,51191,10
13.0053501129,80.2572097778,51191,51201,10
13.005979538,80.2573699951,51201,51211,10
13.0063295364,80.2574386597,51211,51221,10
13.0063695908,80.2574615479,51221,51231,10
13.0065097809,80.2572784424,51231,51241,10
13.0064601898,80.2566986084,51241,51251,10
13.0064401627,80.2560195923,51251,51261,10
13.0064601898,80.2554779053,51261,51271,10
13.0065097809,80.2550201416,51271,51281,10
13.0064897537,80.2543334961,51281,51291,10
13.0065002441,80.2538528442,51291,51302,11
13.0065002441,80.2532501221,51302,51322,20
13.0065002441,80.2532501221,51322,51332,10
13.0065002441,80.2530822754,51332,51342,10
13.0065002441,80.2529067993,51342,51352,10
13.0065097809,80.2527618408,51352,51361,9
13.0065498352,80.2522201538,51361,51432,71
13.0065498352,80.2522201538,51432,51442,10
13.0066204071,80.2519683838,51442,51452,10
13.0067100525,80.2515182495,51452,51462,10
13.006770134,80.2508621216,51462,51475,13
13.0067396164,80.2497634888,51475,51485,10
13.0066995621,80.248840332,51485,51495,10
13.0066204071,80.2481002808,51495,51525,30
13.0066204071,80.2481002808,51525,51535,10
13.0066099167,80.2480621338,51535,51545,10
13.0066099167,80.2480010986,51545,51555,10
13.0066204071,80.2479019165,51555,51562,7
13.0066099167,80.2476425171,51562,51576,14
13.0066003799,80.2468490601,51576,51586,10
13.0065603256,80.2465515137,51586,51596,10
13.0065698624,80.2465209961,51596,51606,10
13.0066299438,80.2462081909,51606,51616,10
13.0066099167,80.2455673218,51616,51626,10
13.0066003799,80.2448120117,51626,51636,10
13.0066099167,80.2443313599,51636,51646,10
13.0065898895,80.2440032959,51646,51656,10
13.0066003799,80.2438278198,51656,51666,10
13.0065803528,80.2434005737,51666,51677,11
13.0065603256,80.2426300049,51677,51687,10
13.0065498352,80.2417373657,51687,51697,10
13.0066204071,80.2409210205,51697,51707,10
13.0067195892,80.2402420044,51707,51717,10
13.0068597794,80.2394866943,51717,51727,10
13.0070400238,80.2386016846,51727,51737,10
13.0072603226,80.2376480103,51737,51747,10
13.0074100494,80.2367401123,51747,51766,19
13.0074100494,80.2367401123,51766,51778,12
13.0074300766,80.236656189,51778,51788,10
13.0075502396,80.2362823486,51788,51798,10
13.0076799393,80.2356567383,51798,51808,10
13.0078201294,80.2349624634,51808,51816,8
13.0079402924,80.234336853,51816,51828,12
13.0081701279,80.2332305908,51828,51838,10
13.0083904266,80.232131958,51838,51848,10
13.0086097717,80.23097229,51848,51858,10
13.0088396072,80.2297821045,51858,51868,10
13.0090904236,80.2286071777,51868,51879,11
13.0095100403,80.2274398804,51879,51889,10
13.0100002289,80.2263793945,51889,51899,10
13.0104999542,80.2254180908,51899,51909,10
13.0108995438,80.2244567871,51909,51919,10
13.0112895966,80.2234420776,51919,51929,10
13.0115995407,80.2226333618,51929,51939,10
13.0119304657,80.2217330933,51939,51949,10
13.0123500824,80.2213897705,51949,51959,10
13.0127000809,80.2218780518,51959,51969,10
13.013130188,80.2224273682,51969,51980,11
13.0137701035,80.2231292725,51980,51990,10
13.0141801834,80.223739624,51990,52000,10
13.014749527,80.2242736816,52000,52010,10
13.0150499344,80.2246170044,52010,52020,10
13.0151796341,80.2247467041,52020,52030,10
13.01541996,80.2248916626,52030,52040,10
13.0155000687,80.2249298096,52040,52050,10
13.0156002045,80.2250213623,52050,52060,10
13.0159702301,80.2252883911,52060,52070,10
13.0166397095,80.2252426147,52070,52081,11
13.0174703598,80.2249221802,52081,52091,10
13.0183095932,80.2245788574,52091,52101,10
13.018989563,80.2243118286,52101,52111,10
13.0194501877,80.224319458,52111,52131,20
13.0194501877,80.224319458,52131,52141,10
13.0195903778,80.2244415283,52141,52151,10
13.0198602676,80.2246322632,52151,52161,10
13.0202798843,80.2249526978,52161,52171,10
13.0207500458,80.2252807617,52171,52181,10
13.0211896896,80.2256393433,52181,52191,10
13.0217399597,80.2260665894,52191,52202,11
13.0222301483,80.2264404297,52202,52212,10
13.0226898193,80.2268371582,52212,52222,10
13.0232601166,80.2273635864,52222,52232,10
13.0238895416,80.2279510498,52232,52242,10
13.0244102478,80.2285308838,52242,52252,10
13.0247402191,80.2290115356,52252,52262,10
13.025179863,80.2295837402,52262,52272,10
13.0256500244,80.2302627563,52272,52283,11
13.0259599686,80.2308883667,52283,52292,9
13.0260295868,80.2311935425,52292,52303,11
13.0262002945,80.2313232422,52303,52313,10
13.026720047,80.2311935425,52313,52323,10
13.0274200439,80.2310180664,52323,52333,10
13.028169632,80.2309494019,52333,52342,9
13.0285596848,80.2308807373,52342,52363,21
13.0285596848,80.2308807373,52363,52373,10
13.0291404724,80.2308120728,52373,52383,10
13.0294704437,80.230796814,52383,52393,10
13.0299396515,80.2307662964,52393,52405,12
13.0303897858,80.23072052,52405,52415,10
13.030579567,80.2306976318,52415,52425,10
13.0306596756,80.2305831909,52425,52435,10
13.0305995941,80.2302017212,52435,52445,10
13.030380249,80.2295532227,52445,52455,10
13.03028965,80.2287826538,52455,52465,10
13.0303401947,80.2282333374,52465,52485,20
13.0303401947,80.2282333374,52485,52496,11
13.0303897858,80.2277603149,52496,52506,10
13.0302495956,80.2274780273,52506,52516,10
13.0296096802,80.2273635864,52516,52546,30
13.0296096802,80.2273635864,52546,52556,10
13.0293397903,80.2272720337,52556,52566,10
13.0287904739,80.2271881104,52566,52607,41
13.0287904739,80.2271881104,52607,52617,10
13.0282897949,80.227142334,52617,52627,10
13.0280399323,80.2270507813,52627,52637,10
13.0279598236,80.2267379761,52637,52647,10
13.0280599594,80.2261734009,52647,52657,10
13.0282201767,80.2253265381,52657,52667,10
13.0284004211,80.2244567871,52667,52677,10
13.028550148,80.2240219116,52677,52687,10
13.0288200378,80.2240371704,52687,52698,11
13.0288496017,80.2240524292,52698,52708,10
13.0289297104,80.2240829468,52708,52718,10
13.0291795731,80.2242431641,52718,52728,10
13.0296802521,80.2242736816,52728,52738,10
13.0303096771,80.224281311,52738,52748,10
13.0309000015,80.2242736816,52748,52758,10
13.0310602188,80.2239837646,52758,52768,10
13.0311098099,80.2234268188,52768,52778,10
13.0311603546,80.2230682373,52778,52788,10
13.0312404633,80.2228775024,52788,52799,11
13.0314798355,80.2223892212,52799,52809,10
13.0317897797,80.2217407227,52809,52819,10
13.0319900513,80.2211990356,52819,52829,10
13.0321598053,80.2205123901,52829,52839,10
13.0321702957,80.2198791504,52839,52849,10
13.0321798325,80.2196884155,52849,52859,10
13.0321903229,80.2195892334,52859,52869,10
13.0322198868,80.2192230225,52869,52879,10
13.0321903229,80.2186279297,52879,52889,10
13.0316696167,80.2184295654,52889,52900,11
13.0314798355,80.2177581787,52900,52910,10
13.0313997269,80.2171020508,52910,52920,10
13.0311803818,80.2169570923,52920,52930,10
13.0306396484,80.2169570923,52930,52940,10
13.0304498672,80.2165298462,52940,52950,10
13.0304403305,80.2164001465,52950,52960,10
13.0304098129,80.2161712646,52960,52970,10
13.030380249,80.215637207,52970,52980,10
13.0303602219,80.2144927979,52980,53001,21
13.0303602219,80.2144927979,53001,53011,10
13.0304298401,80.2141571045,53011,53021,10
13.030500412,80.213722229,53021,53031,10
13.0305404663,80.2135009766,53031,53041,10
13.0306100845,80.2130737305,53041,53051,10
13.0306997299,80.212387085,53051,53061,10
13.0308103561,80.2117614746,53061,53071,10
13.0308198929,80.2115020752,53071,53081,10
13.0308599472,80.2113265991,53081,53091,10
13.0308904648,80.2110519409,53091,53102,11
13.0309495926,80.2106323242,53102,53112,10
13.0310096741,80.2101974487,53112,53122,10
13.0309200287,80.2100601196,53122,53132,10
13.0305900574,80.2099914551,53132,53142,10
13.0301103592,80.2098236084,53142,53152,10
13.0301303864,80.2091903687,53152,53172,20
13.0301303864,80.2091903687,53172,53182,10
13.0304098129,80.2090530396,53182,53192,10
13.0310201645,80.2092132568,53192,53202,10
13.0316200256,80.2093887329,53202,53212,10
13.0316495895,80.2094192505,53212,53222,10
13.0318803787,80.2095718384,53222,53232,10
13.0323896408,80.2096481323,53232,53242,10
13.0330696106,80.2097625732,53242,53252,10
13.0338096619,80.2098693848,53252,53263,11
13.0346803665,80.2099914551,53263,53272,9
13.0351400375,80.2097167969,53272,53283,11
13.0352401733,80.2089385986,53283,53293,10
13.0352602005,80.2086868286,53293,53303,10
13.0352697372,80.2086334229,53303,53313,10
13.0353298187,80.2082595825,53313,53323,10
13.0353899002,80.2077102661,53323,53333,10
13.035490036,80.2070083618,53333,53343,10
13.035610199,80.2062530518,53343,53353,10
13.0354604721,80.2058410645,53353,53363,10
13.0355396271,80.205329895,53363,53373,10
13.0356903076,80.2052383423,53373,53383,10
13.0358104706,80.2050094604,53383,53393,10
13.0358896255,80.204498291,53393,53406,13
13.0359897614,80.2039489746,53406,53426,20
13.0359897614,80.2039489746,53426,53436,10
13.0360298157,80.203742981,53436,53446,10
13.0360603333,80.2034835815,53446,53456,10
13.0361299515,80.2030334473,53456,53466,10
13.0362300873,80.2023162842,53466,53476,10
13.0363197327,80.2017822266,53476,53486,10
13.0363197327,80.2016220093,53486,53496,10
13.0363197327,80.2013931274,53496,53507,11
13.0364303589,80.2008209229,53507,53517,10
13.0365400314,80.2000579834,53517,53527,10
13.0366601944,80.1991729736,53527,53536,9
13.0367298126,80.1985168457,53536,53548,12
13.0367498398,80.1984024048,53548,53558,10
13.0367898941,80.1982269287,53558,53568,10
13.0368499756,80.1978912354,53568,53578,10
13.0369195938,80.1975021362,53578,53588,10
13.0369997025,80.1969299316,53588,53598,10
13.0370702744,80.1964569092,53598,53609,11
13.0370798111,80.1962966919,53609,53619,10
13.0370998383,80.1960983276,53619,53629,10
13.0371799469,80.1955413818,53629,53639,10
13.0373001099,80.1948165894,53639,53649,10
13.0374298096,80.1940231323,53649,53659,10
13.0375404358,80.1931228638,53659,53669,10
13.0378303528,80.1927566528,53669,53679,10
13.0382003784,80.1927566528,53679,53689,10
13.0387802124,80.1928634644,53689,53699,10
13.0389795303,80.1928863525,53699,53710,11
13.0390501022,80.1929321289,53710,53720,10
13.0393800735,80.1929931641,53720,53730,10
13.0399999619,80.1930923462,53730,53740,10
13.0406799316,80.1932067871,53740,53750,10
13.0414199829,80.1933288574,53750,53760,10
13.0417699814,80.1935806274,53760,53770,10
13.0417003632,80.194152832,53770,53780,10
13.0417003632,80.1943435669,53780,53790,10
13.0416297913,80.194770813,53790,53800,10
13.0415096283,80.1954727173,53800,53811,11
13.041390419,80.1962585449,53811,53821,10
13.0413599014,80.1967391968,53821,53831,10
13.0413503647,80.1968536377,53831,53841,10
13.0412797928,80.1973114014,53841,53851,10
13.041179657,80.1980667114,53851,53861,10
13.0410699844,80.198890686,53861,53871,10
13.0410003662,80.1994018555,53871,53881,10
13.0409898758,80.1994934082,53881,53891,10
13.0409097672,80.1999511719,53891,53901,10
13.0408401489,80.2005310059,53901,53912,11
13.040719986,80.2013702393,53912,53922,10
13.040599823,80.2020111084,53922,53932,10
13.0405101776,80.2025604248,53932,53942,10
13.0404396057,80.2032470703,53942,53952,10
13.0403003693,80.2040176392,53952,53962,10
13.0402097702,80.2046966553,53962,53972,10
13.0403995514,80.2050170898,53972,53982,10
13.0410203934,80.205116272,53982,53992,10
13.0412101746,80.2051391602,53992,54002,10
13.0412797928,80.2051391602,54002,54012,10
13.041680336,80.2052078247,54012,54023,11
13.0424098969,80.2053375244,54023,54033,10
13.0428600311,80.2058334351,54033,54043,10
13.0433797836,80.2065505981,54043,54053,10
13.0439100266,80.207321167,54053,54063,10
13.0441198349,80.2082214355,54063,54073,10
13.0441398621,80.2090301514,54073,54083,10
13.0441398621,80.2091903687,54083,54093,10
13.0441198349,80.2095413208,54093,54103,10
13.0441398621,80.2101974487,54103,54113,10
13.0441904068,80.2110595703,54113,54123,10
13.0442695618,80.2119598389,54123,54154,31
13.0442695618,80.2119598389,54154,54164,10
13.044380188,80.2122802734,54164,54174,10
13.0448598862,80.2122421265,54174,54184,10
13.0455598831,80.2122116089,54184,54194,10
13.0463399887,80.2121963501,54194,54203,9
13.0468702316,80.2121582031,54203,54214,11
13.0470600128,80.2120895386,54214,54224,10
13.0470600128,80.2118301392,54224,54234,10
13.0470504761,80.2117385864,54234,54246,12
13.0470104218,80.2115936279,54246,54254,8
13.0469999313,80.211227417,54254,54266,12
13.0471401215,80.2107315063,54266,54274,8
13.0474796295,80.2107162476,54274,54284,10
13.0480604172,80.2107391357,54284,54294,10
13.0486497879,80.2107315063,54294,54304,10
13.0493001938,80.2107620239,54304,54317,13
13.0494804382,80.2101593018,54317,54327,10
13.0494098663,80.2093887329,54327,54337,10
13.0493402481,80.2089004517,54337,54347,10
13.0492601395,80.2084197998,54347,54357,10
13.0490503311,80.2077865601,54357,54367,10
13.0488004684,80.2070465088,54367,54407,40
13.0488004684,80.2070465088,54407,54418,11
13.0489196777,80.2068099976,54418,54448,30
13.0489196777,80.2068099976,54448,54458,10
13.0491399765,80.206817627,54458,54468,10
13.0493001938,80.2068023682,54468,54478,10
13.0493202209,80.2067871094,54478,54488,10
13.0495195389,80.2068328857,54488,54498,10
13.0498199463,80.2068634033,54498,54508,10
13.0503101349,80.2068481445,54508,54518,10
13.0506696701,80.2065429688,54518,54529,11
13.0509901047,80.2063064575,54529,54892,363
13.0509901047,80.2063064575,54892,54902,10
13.050909996,80.2062683105,54902,54912,10
13.0509004593,80.2064208984,54912,54922,10
13.0507698059,80.2067565918,54922,54933,11
13.0504798889,80.2068786621,54933,54943,10
13.0501499176,80.2068099976,54943,55033,90
13.0501499176,80.2068099976,55033,55044,11
13.0497102737,80.2069473267,55044,55054,10
13.0494203568,80.2069396973,55054,55094,40
13.0494203568,80.2069396973,55094,55104,10
13.049079895,80.2072601318,55104,55124,20
13.049079895,80.2072601318,55124,55135,11
13.0490398407,80.2073364258,55135,55144,9
13.0490999222,80.2076721191,55144,55155,11
13.0493402481,80.2082824707,55155,55165,10
13.0494403839,80.2089004517,55165,55175,10
13.0495700836,80.2095870972,55175,55185,10
13.049659729,80.2103881836,55185,55195,10
13.0497503281,80.2111587524,55195,55205,10
13.0498695374,80.2118911743,55205,55217,12
13.0498695374,80.212059021,55217,55227,10
13.049779892,80.2121276855,55227,55237,10
13.0494098663,80.2121582031,55237,55248,11
13.0492601395,80.2121734619,55248,55258,10
13.0488500595,80.2121810913,55258,55268,10
13.0482196808,80.2122116089,55268,55278,10
13.0474700928,80.2122802734,55278,55288,10
13.0466003418,80.2123184204,55288,55298,10
13.0456895828,80.2123413086,55298,55308,10
13.0449895859,80.212387085,55308,55318,10
13.0443496704,80.2123718262,55318,55349,31
13.0443496704,80.2123718262,55349,55359,10
13.0442199707,80.2121734619,55359,55369,10
13.0441904068,80.2115783691,55369,55379,10
13.0441598892,80.2107772827,55379,55389,10
13.0441198349,80.2098388672,55389,55399,10
13.0440702438,80.2087631226,55399,55419,20
13.0440702438,80.2087631226,55419,55429,10
13.0440502167,80.2083969116,55429,55439,10
13.043970108,80.2077713013,55439,55450,11
13.0435400009,80.2069320679,55450,55460,10
13.0430002213,80.2061920166,55460,55470,10
13.0423803329,80.2054901123,55470,55480,10
13.0414199829,80.2052383423,55480,55490,10
13.0407304764,80.2051086426,55490,55500,10
13.0406599045,80.2051086426,55500,55510,10
13.0402297974,80.205039978,55510,55520,10
13.0395803452,80.2049636841,55520,55530,10
13.0388402939,80.204826355,55530,55540,10
13.0381603241,80.2046890259,55540,55551,11
13.0382299423,80.2041625977,55551,55561,10
13.038310051,80.2034835815,55561,55571,10
13.0384101868,80.2027130127,55571,55581,10
13.0385103226,80.2019882202,55581,55591,10
13.0385303497,80.2017288208,55591,55601,10
13.038599968,80.2013320923,55601,55611,10
13.0387201309,80.2006988525,55611,55621,10
13.0388402939,80.200012207,55621,55631,10
13.0388698578,80.1996231079,55631,55641,10
13.0389204025,80.19921875,55641,55652,11
13.0389204025,80.1991119385,55652,55662,10
13.0389795303,80.1986465454,55662,55672,10
13.0391101837,80.1979827881,55672,55682,10
13.0392198563,80.1972198486,55682,55692,10
13.0392904282,80.1965637207,55692,55702,10
13.0393104553,80.1964111328,55702,55712,10
13.0393600464,80.1960296631,55712,55722,10
13.0394601822,80.1953735352,55722,55732,10
13.0395698547,80.1945800781,55732,55743,11
13.0397396088,80.1931381226,55743,55763,20
13.0397396088,80.1931381226,55763,55773,10
13.0395097733,80.193031311,55773,55783,10
13.0390300751,80.1929397583,55783,55793,10
13.0386600494,80.1928863525,55793,55803,10
13.0385799408,80.1928863525,55803,55813,10
13.0382499695,80.1928405762,55813,55823,10
13.0380601883,80.1928482056,55823,55833,10
13.037779808,80.1929397583,55833,55843,10
13.0375900269,80.1935272217,55843,55854,11
13.0374603271,80.194480896,55854,55864,10
13.0373001099,80.1954574585,55864,55874,10
13.037229538,80.1959991455,55874,55884,10
13.0372200012,80.1960830688,55884,55894,10
13.0371799469,80.1962890625,55894,55905,11
13.0370798111,80.1968765259,55905,55914,9
13.0369997025,80.1975631714,55914,55925,11
13.036860466,80.1984710693,55925,55935,10
13.0368099213,80.1987609863,55935,55945,10
13.0368003845,80.1987991333,55945,55955,10
13.0367202759,80.1992034912,55955,55965,10
13.0366401672,80.1998291016,55965,55975,10
13.0365400314,80.2006225586,55975,55985,10
13.036450386,80.2013015747,55985,55995,10
13.036359787,80.2017211914,55995,56005,10
13.036359787,80.2017364502,56005,56015,10
13.0363502502,80.2019500732,56015,56025,10
13.0362596512,80.2024536133,56025,56035,10
13.0361700058,80.2031707764,56035,56045,10
13.0360603333,80.2038726807,56045,56058,13
13.0359296799,80.2047805786,56058,56068,10
13.0357904434,80.2056274414,56068,56078,10
13.0357503891,80.2059173584,56078,56088,10
13.0356903076,80.2062683105,56088,56098,10
13.0355901718,80.2068862915,56098,56108,10
13.0354995728,80.2076797485,56108,56118,10
13.0354604721,80.2081298828,56118,56128,10
13.0354404449,80.2082214355,56128,56138,10
13.0354299545,80.2082672119,56138,56148,10
13.0354003906,80.2084503174,56148,56159,11
13.0353298187,80.2089691162,56159,56169,10
13.0352201462,80.2096786499,56169,56179,10
13.0350904465,80.2103729248,56179,56189,10
13.0349197388,80.2108688354,56189,56199,10
13.034819603,80.2115631104,56199,56209,10
13.0347003937,80.2120895386,56209,56219,10
13.034239769,80.212097168,56219,56229,10
13.0335197449,80.212020874,56229,56239,10
13.0327701569,80.2119522095,56239,56249,10
13.0323896408,80.2119064331,56249,56260,11
13.0323095322,80.2118911743,56260,56270,10
13.0319700241,80.2117767334,56270,56280,10
13.0318803787,80.2112503052,56280,56290,10
13.0320100784,80.2105178833,56290,56300,10
13.0320901871,80.2099761963,56300,56310,10
13.0320997238,80.2097320557,56310,56320,10
13.0316896439,80.2095870972,56320,56330,10
13.0310401917,80.2094192505,56330,56340,10
13.0304498672,80.2092666626,56340,56350,10
13.0304203033,80.2092590332,56350,56361,11
13.0302000046,80.2092132568,56361,56371,10
13.030090332,80.2094268799,56371,56381,10
13.0300197601,80.2096328735,56381,56391,10
13.0299797058,80.2097396851,56391,56401,10
13.0303297043,80.2098693848,56401,56411,10
13.0307197571,80.2099685669,56411,56421,10
13.0308904648,80.2100296021,56421,56431,10
13.0308799744,80.2103729248,56431,56441,10
13.0308303833,80.2109527588,56441,56451,10
13.0308103561,80.2112121582,56451,56462,11
13.0307598114,80.2116317749,56462,56472,10
13.0307102203,80.2119216919,56472,56482,10
13.0306301117,80.2123794556,56482,56492,10
13.0305500031,80.2130279541,56492,56502,10
13.0305099487,80.2135162354,56502,56512,10
13.0304498672,80.2138366699,56512,56522,10
13.030380249,80.2143478394,56522,56532,10
13.0303401947,80.2147369385,56532,56542,10
13.0303297043,80.2148895264,56542,56552,10
13.0303001404,80.2152709961,56552,56563,11
13.0303602219,80.2159729004,56563,56573,10
13.0303897858,80.2165679932,56573,56583,10
13.0307703018,80.2168121338,56583,56592,9
13.0308704376,80.2168273926,56592,56605,13
13.03125,80.2169113159,56605,56615,10
13.0314502716,80.2172393799,56615,56625,10
13.0314998627,80.2179718018,56625,56635,10
13.0319900513,80.2183990479,56635,56645,10
13.0322198868,80.2188873291,56645,56655,10
13.0322303772,80.2194976807,56655,56666,11
13.0322303772,80.220123291,56666,56676,10
13.03221035,80.2205123901,56676,56686,10
13.0321397781,80.2206268311,56686,56696,10
13.0320396423,80.2210464478,56696,56706,10
13.0319004059,80.2216415405,56706,56716,10
13.0316095352,80.2222290039,56716,56726,10
13.0313196182,80.2227401733,56726,56735,9
13.0311803818,80.2232666016,56735,56746,11
13.0311498642,80.2239074707,56746,56756,10
13.0311498642,80.2239685059,56756,56768,12
13.0310602188,80.2243499756,56768,56778,10
13.0305299759,80.2243423462,56778,56788,10
13.02987957,80.2243270874,56788,56798,10
13.0290298462,80.2242431641,56798,56838,40
13.0290298462,80.2242431641,56838,56848,10
13.0287303925,80.224029541,56848,56858,10
13.0286102295,80.224029541,56858,56869,11
13.028380394,80.2244033813,56869,56879,10
13.0282201767,80.225227356,56879,56889,10
13.0280799866,80.2260894775,56889,56899,10
13.0279397964,80.2267913818,56899,56909,10
13.027970314,80.2270431519,56909,56919,10
13.0283002853,80.2271194458,56919,56929,10
13.0285997391,80.2271728516,56929,56939,10
13.0287399292,80.2272033691,56939,56949,10
13.0291996002,80.2272796631,56949,56960,11
13.0299196243,80.2274017334,56960,56970,10
13.0304002762,80.2275390625,56970,56980,10
13.030380249,80.2279129028,56980,56990,10
13.0303401947,80.2283325195,56990,57010,20
13.0303401947,80.2283325195,57010,57020,10
13.0302801132,80.2286071777,57020,57030,10
13.0302495956,80.2291030884,57030,57040,10
13.0304203033,80.2296600342,57040,57050,10
13.0306100845,80.2302322388,57050,57161,111
13.0307102203,80.2306289673,57161,57222,61
13.0307102203,80.2306289673,57222,57232,10
13.0306797028,80.2308502197,57232,57242,10
13.0304203033,80.2308502197,57242,57252,10
13.0299901962,80.2308731079,57252,57262,10
13.0297803879,80.2308807373,57262,57272,10
13.0296697617,80.2308807373,57272,57283,11
13.0292701721,80.2309036255,57283,57293,10
13.0286998749,80.2309417725,57293,57303,10
13.0281095505,80.2309875488,57303,57313,10
13.0277004242,80.2310791016,57313,57323,10
13.0277004242,80.2314910889,57323,57333,10
13.0277795792,80.2320632935,57333,57343,10
13.0278596878,80.2325592041,57343,57353,10
13.0277004242,80.2328414917,57353,57363,10
13.0274000168,80.2329101563,57363,57374,11
13.0271596909,80.232963562,57374,57384,10
13.0269498825,80.2329864502,57384,57394,10
13.0266399384,80.2330169678,57394,57404,10
13.0263204575,80.2326889038,57404,57414,10
13.0261297226,80.2320327759,57414,57424,10
13.0259304047,80.2312927246,57424,57434,10
13.0256004333,80.230430603,57434,57444,10
13.0250196457,80.2295837402,57444,57454,10
13.0246601105,80.2291412354,57454,57464,10
13.0243396759,80.228729248,57464,57474,10
13.0239295959,80.2282714844,57474,57505,31
13.0239295959,80.2282714844,57505,57515,10
13.0238599777,80.2281494141,57515,57525,10
13.0235099792,80.2277832031,57525,57535,10
13.0232801437,80.2275466919,57535,57546,11
13.0230998993,80.2273406982,57546,57556,10
13.0226802826,80.2269363403,57556,57566,10
13.0221700668,80.2264709473,57566,57576,10
13.0215997696,80.2259979248,57576,57586,10
13.0210599899,80.2256011963,57586,57596,10
13.0204200745,80.225151062,57596,57606,10
13.0197601318,80.2247009277,57606,57616,10
13.0188398361,80.2244720459,57616,57626,10
13.0179595947,80.2248001099,57626,57636,10
13.0170402527,80.2251815796,57636,57647,11
13.0164299011,80.225440979,57647,57659,12
13.0159597397,80.2256011963,57659,57669,10
13.01541996,80.2257995605,57669,57679,10
13.0144701004,80.2262191772,57679,57700,21
13.0144701004,80.2262191772,57700,57710,10
13.0141601563,80.22631073,57710,57720,10
13.0135402679,80.2265472412,57720,57730,10
13.012720108,80.2268829346,57730,57740,10
13.0117902756,80.2272567749,57740,57750,10
13.0107803345,80.2276382446,57750,57760,10
13.0097703934,80.2280731201,57760,57770,10
13.0090703964,80.2287521362,57770,57781,11
13.0088500977,80.2299499512,57781,57791,10
13.0086402893,80.2311096191,57791,57801,10
13.0084295273,80.2322692871,57801,57811,10
13.0082597733,80.2333526611,57811,57821,10
13.008190155,80.2337188721,57821,57829,8
13.0081396103,80.2338409424,57829,57841,12
13.008020401,80.2344818115,57841,57851,10
13.0079402924,80.2349624634,57851,57861,10
13.007900238,80.2351531982,57861,57871,10
13.0077896118,80.2357177734,57871,57882,11
13.0075998306,80.2366790771,57882,57892,10
13.0073900223,80.2376785278,57892,57902,10
13.0072498322,80.2384262085,57902,57912,10
13.0071296692,80.2391586304,57912,57922,10
13.0069799423,80.2398681641,57922,57932,10
13.006939888,80.2401199341,57932,57942,10
13.0068302155,80.2407608032,57942,57962,20
13.0068302155,80.2407608032,57962,57972,10
13.006770134,80.2409515381,57972,57983,11
13.0067300797,80.241569519,57983,57993,10
13.0067300797,80.2424087524,57993,58003,10
13.0067100525,80.2433013916,58003,58013,10
13.0067195892,80.2442398071,58013,58023,10
13.0067195892,80.2452468872,58023,58033,10
13.0067396164,80.2459030151,58033,58043,10
13.0067300797,80.2463302612,58043,58053,10
13.0067300797,80.2466888428,58053,58063,10
13.0067396164,80.2473220825,58063,58072,9
13.0067396164,80.2479782104,58072,58083,11
13.0068798065,80.2493667603,58083,58104,21
13.0068798065,80.2493667603,58104,58114,10
13.0068902969,80.2494506836,58114,58124,10
13.0068998337,80.2498703003,58124,58134,10
13.0068597794,80.2504806519,58134,58144,10
13.0068502426,80.2508468628,58144,58154,10
13.0068397522,80.2513809204,58154,58164,10
13.0066995621,80.2520065308,58164,58174,10
13.0065803528,80.2527618408,58174,58184,10
13.0065803528,80.253616333,58184,58195,11
13.0065898895,80.2544021606,58195,58205,10
13.0066099167,80.2545089722,58205,58215,10
13.0066204071,80.2546386719,58215,58225,10
13.0066204071,80.2548217773,58225,58235,10
13.0066404343,80.2552719116,58235,58245,10
13.0066699982,80.2559585571,58245,58255,10
13.0066604614,80.2566680908,58255,58265,10
13.0066795349,80.2571029663,58265,58336,71
13.0066795349,80.2571029663,58336,58346,10
13.0067100525,80.2570800781,58346,58356,10
13.0067501068,80.2573928833,58356,58366,10
13.006529808,80.2575683594,58366,58376,10
13.0061903,80.2575378418,58376,58386,10
13.0056200027,80.2573928833,58386,58396,10
13.0051403046,80.2572631836,58396,58406,10
13.00481987,80.2571868896,58406,58417,11
13.0041399002,80.2570419312,58417,58426,9
13.0034704208,80.2569122314,58426,58437,11
13.0030603409,80.2568435669,58437,58447,10
13.0030498505,80.2568435669,58447,58457,10
13.0028600693,80.2568130493,58457,58467,10
13.0023803711,80.2567214966,58467,58476,9
13.0018796921,80.2566375732,58476,58487,11
13.0012903214,80.2565994263,58487,58549,62
13.0012903214,80.2565994263,58549,58557,8
13.0012102127,80.2565765381,58557,58567,10
13.0008201599,80.2565078735,58567,58579,12
13.0001401901,80.256401062,58579,58587,8
13.0000896454,80.256401062,58587,58600,13
12.9997196198,80.2563323975,58600,58620,20
12.9997196198,80.2563323975,58620,58630,10
12.9995803833,80.2563095093,58630,58640,10
12.999250412,80.2562103271,58640,58650,10
12.998749733,80.2561035156,58650,58660,10
12.9980802536,80.2560195923,58660,58670,10
12.9973897934,80.2559814453,58670,58680,10
12.996919632,80.2560806274,58680,58691,11
12.9968700409,80.2566070557,58691,58701,10
12.9968395233,80.256942749,58701,58711,10
12.9968299866,80.2570114136,58711,58721,10
12.9968004227,80.2574615479,58721,58731,10
12.9967098236,80.2582015991,58731,58741,10
12.996629715,80.258972168,58741,58751,10
12.9965600967,80.2595291138,58751,58761,10
12.9965400696,80.2599411011,58761,58771,10
12.9964599609,80.2605514526,58771,58781,10
12.9963903427,80.2612762451,58781,58791,10
12.9962701797,80.2624206543,58791,58812,21
12.9962701797,80.2624206543,58812,58822,10
12.996219635,80.2626724243,58822,58832,10
12.9961700439,80.2631607056,58832,58842,10
12.9961204529,80.2638168335,58842,58852,10
12.9960298538,80.2646789551,58852,58862,10
12.9959201813,80.2656021118,58862,58872,10
12.9958200455,80.2666091919,58872,58882,10
12.9957304001,80.2675170898,58882,58893,11
12.996219635,80.2677612305,58893,58903,10
12.996339798,80.2677688599,58903,58913,10
12.9966497421,80.2677764893,58913,58923,10
12.997300148,80.2676315308,58923,58933,10
12.9980201721,80.2674179077,58933,58943,10
12.9986896515,80.267250061,58943,58953,10
12.9995098114,80.2670211792,58953,58963,10
13.0000896454,80.2666397095,58963,58973,10
13.0001096725,80.2665405273,58973,58983,10
13.0001401901,80.2663879395,58983,58994,11
13.0001802444,80.2658996582,58994,59004,10
13.0002803802,80.2656936646,59004,59014,10
13.0003299713,80.2659378052,59014,59024,10
13.0002603531,80.2662582397,59024,59733,709
13.0002603531,80.2662582397,59733,59743,10
13.0003099442,80.2665023804,59743,59753,10
13.0003404617,80.2667388916,59753,59763,10
13.0001497269,80.2669372559,59763,59773,10
12.9996700287,80.2670288086,59773,59783,10
12.9990301132,80.2671966553,59783,59793,10
12.9983301163,80.2673797607,59793,59803,10
12.9977703094,80.2675323486,59803,59814,11
12.9970197678,80.2677383423,59814,59824,10
12.9963197708,80.2677688599,59824,59834,10
12.9957199097,80.2677307129,59834,59864,30
12.9957199097,80.2677307129,59864,59874,10
12.995639801,80.2673492432,59874,59894,20
12.995639801,80.2673492432,59894,59903,9
12.9956598282,80.2672805786,59903,59915,12
12.9956998825,80.266998291,59915,59925,10
12.9957399368,80.2664794922,59925,59935,10
12.9958200455,80.2658004761,59935,59945,10
12.9959201813,80.2650299072,59945,59955,10
12.9960203171,80.2641906738,59955,59965,10
12.9961299896,80.2632598877,59965,59975,10
12.9961700439,80.2626190186,59975,59985,10
12.9961700439,80.2625732422,59985,59995,10
12.996219635,80.2623214722,59995,60005,10
12.9962701797,80.261932373,60005,60014,9
12.9962997437,80.26171875,60014,60026,12
12.9963598251,80.2610931396,60026,60036,10
12.9964399338,80.2604522705,60036,60046,10
12.9964895248,80.2599182129,60046,60056,10
12.9965000153,80.2596969604,60056,60066,10
12.996509552,80.2594985962,60066,60076,10
12.9965295792,80.2594223022,60076,60086,10
12.9965696335,80.2591400146,60086,60096,10
12.9966201782,80.258682251,60096,60106,10
12.9966697693,80.2580566406,60106,60117,11
12.9967603683,80.2572631836,60117,60127,10
12.9968004227,80.2565612793,60127,60137,10
12.9968395233,80.2561416626,60137,60208,71
12.9977397919,80.255897522,60208,60247,39
12.9989299774,80.2560501099,60247,60278,31
12.999130249,80.2560882568,60278,60308,30
12.999130249,80.2560882568,60308,60329,21
12.9993000031,80.2561569214,60329,60339,10
12.9996995926,80.2562332153,60339,60351,12
13.0002498627,80.2563400269,60351,60361,10
13.0009498596,80.2564697266,60361,60371,10
13.0016803741,80.2565994263,60371,60381,10
13.0024499893,80.256729126,60381,60391,10
13.0031003952,80.2568435669,60391,60401,10
13.0038003922,80.2569580078,60401,60411,10
13.0043802261,80.2570800781,60411,60422,11
13.0051403046,80.2572174072,60422,60432,10
13.0054798126,80.2572784424,60432,60442,10
13.0055103302,80.2573013306,60442,60452,10
13.0058403015,80.2573776245,60452,60453,1
13.0058898926,80.2573928833,60453,60472,19
