12.9865703583,80.2592697144,16,10955,10939
12.9867296219,80.2591629028,10955,13914,2959
12.9867296219,80.2591629028,13914,13924,10
12.9867401123,80.2592086792,13924,18783,4859
12.9867401123,80.2592086792,18783,18793,10
12.986989975,80.2591094971,18793,18804,11
12.9871902466,80.2591094971,18804,18843,39
12.9871902466,80.2591094971,18843,18854,11
12.9874200821,80.2589416504,18854,18864,10
12.9874601364,80.2584228516,18864,18884,20
12.9874601364,80.2582397461,18884,18904,20
12.9874601364,80.2582397461,18904,18915,11
12.9874696732,80.2578887939,18915,18925,10
12.9875001907,80.2575683594,18925,18935,10
12.9875402451,80.2568969727,18935,18945,10
12.9875802994,80.2561035156,18945,18955,10
12.9877004623,80.2554702759,18955,18965,10
12.9877796173,80.2545623779,18965,18975,10
12.9878902435,80.2535018921,18975,18985,10
12.9879703522,80.2523574829,18985,18995,10
12.9878902435,80.2518386841,18995,19006,11
12.9878902435,80.2518386841,19006,19016,10
12.9877700806,80.2516174316,19016,19027,11
12.9876403809,80.2515792847,19027,19037,10
12.9871101379,80.2516174316,19037,19047,10
12.9862604141,80.2518234253,19047,19057,10
12.9851903915,80.2520828247,19057,19067,10
12.9839496613,80.2524490356,19067,19077,10
12.9825601578,80.2526702881,19077,19087,10
12.9811000824,80.2527084351,19087,19097,10
12.9797496796,80.2527389526,19097,19107,10
12.9786596298,80.2526168823,19107,19117,10
12.9785203934,80.2525634766,19117,19128,11
12.9781503677,80.252281189,19128,19138,10
12.9774999619,80.2517166138,19138,19148,10
12.9765300751,80.2512207031,19148,19158,10
12.9753198624,80.2508621216,19158,19167,9
12.9742698669,80.2505569458,19167,19178,11
12.9725999832,80.2501220703,19178,19188,10
12.9711503983,80.2497329712,19188,19198,10
12.96971035,80.2492294312,19198,19208,10
12.9682798386,80.2486495972,19208,19218,10
12.9670000076,80.2481002808,19218,19228,10
12.9658498764,80.2475967407,19228,19239,11
12.9653100967,80.2474212646,19239,19248,9
12.9652996063,80.2474136353,19248,19259,11
12.9651603699,80.2473602295,19259,19269,10
12.9647397995,80.2472000122,19269,19279,10
12.9640102386,80.2469177246,19279,19289,10
12.9631099701,80.2465133667,19289,19299,10
12.9620599747,80.2459869385,19299,19309,10
12.9609804153,80.2454833984,19309,19319,10
12.9599199295,80.2450180054,19319,19329,10
12.9593601227,80.2447662354,19329,19339,10
12.9592504501,80.244720459,19339,19350,11
12.9587802887,80.2444992065,19350,19360,10
12.9580698013,80.2442016602,19360,19370,10
12.9574604034,80.2439880371,19370,19380,10
12.9566202164,80.2437591553,19380,19390,10
12.9564304352,80.2436904907,19390,19400,10
12.9561500549,80.2435913086,19400,19410,10
12.9556798935,80.2433166504,19410,19420,10
12.95470047,80.2428283691,19420,19430,10
12.9537200928,80.2424087524,19430,19440,10
12.9526395798,80.2419815063,19440,19451,11
12.9517202377,80.2416687012,19451,19461,10
12.9516401291,80.2416381836,19461,19471,10
12.951379776,80.2415390015,19471,19481,10
12.9507598877,80.241317749,19481,19491,10
12.9498796463,80.2410430908,19491,19501,10
12.9490299225,80.2407226563,19501,19511,10
12.9490003586,80.2401275635,19511,19521,10
12.9491796494,80.2393569946,19521,19531,10
12.9493904114,80.2385101318,19531,19541,10
12.9495801926,80.2374191284,19541,19551,10
12.9497003555,80.2365188599,19551,19562,11
12.9497699738,80.2359390259,19562,19572,10
12.9497804642,80.235786438,19572,19582,10
12.9498796463,80.2352218628,19582,19592,10
12.9499998093,80.2343826294,19592,19602,10
12.9500102997,80.2338562012,19602,19612,10
12.9500198364,80.2337493896,19612,19622,10
12.9500102997,80.2331466675,19622,19632,10
12.9499597549,80.2323608398,19632,19642,10
12.9498796463,80.2312698364,19642,19652,10
12.9497900009,80.2300415039,19652,19662,10
12.9497003555,80.2286224365,19662,19673,11
12.949640274,80.2272567749,19673,19686,13
12.9495601654,80.2258834839,19686,19696,10
12.9494800568,80.2241821289,19696,19706,10
12.9493999481,80.222618103,19706,19716,10
12.9492998123,80.2211685181,19716,19726,10
12.9491596222,80.2197113037,19726,19736,10
12.9490003586,80.2182388306,19736,19746,10
12.9488697052,80.2167892456,19746,19756,10
12.9487104416,80.2153396606,19756,19766,10
12.9485797882,80.2140197754,19766,19777,11
12.9484300613,80.2122421265,19777,19787,10
12.948390007,80.2109909058,19787,19797,10
12.9483604431,80.2100067139,19797,19801,4
12.9489803314,80.2179412842,19801,19807,6
12.9483995438,80.2093200684,19807,19817,10
12.9484596252,80.2087402344,19817,19827,10
12.9484996796,80.2086181641,19827,19837,10
12.9485502243,80.2080917358,19837,19847,10
12.9486398697,80.2072372437,19847,19857,10
12.9487104416,80.206199646,19857,19867,10
12.9487199783,80.2050323486,19867,19877,10
12.9486703873,80.2037811279,19877,19888,11
12.9486198425,80.2029495239,19888,19898,10
12.9486103058,80.2021408081,19898,19908,10
12.9485902786,80.2010269165,19908,19918,10
12.948559761,80.1998596191,19918,19928,10
12.9484996796,80.1989517212,19928,19938,10
12.9484596252,80.1982269287,19938,19958,20
12.9484596252,80.1982269287,19958,19968,10
12.9484596252,80.1981430054,19968,19978,10
12.9484701157,80.1976470947,19978,19989,11
12.9484996796,80.1967926025,19989,19999,10
12.9484996796,80.195930481,19999,20009,10
12.9485197067,80.1955718994,20009,20019,10
12.9485197067,80.1955718994,20019,20029,10
12.94851017,80.1948928833,20029,20039,10
12.9485301971,80.1939620972,20039,20049,10
12.9485702515,80.192817688,20049,20059,10
12.9486198425,80.1915435791,20059,20069,10
12.9486999512,80.1902084351,20069,20079,10
12.9488201141,80.188873291,20079,20089,10
12.9489402771,80.1876296997,20089,20100,11
12.9490499496,80.1862106323,20100,20111,11
12.9490404129,80.185256958,20111,20121,10
12.9491195679,80.1845703125,20121,20131,10
12.9491796494,80.183921814,20131,20141,10
12.9491901398,80.183883667,20141,20151,10
12.9492397308,80.183631897,20151,20161,10
12.9493598938,80.1829833984,20161,20171,10
12.9495296478,80.1820831299,20171,20181,10
12.9496898651,80.181137085,20181,20191,10
12.9497900009,80.1805496216,20191,20201,10
12.9499397278,80.1797180176,20201,20212,11
12.9502401352,80.178527832,20212,20222,10
12.9505796432,80.1772994995,20222,20233,11
12.9508600235,80.1761779785,20233,20243,10
12.9511404037,80.1748199463,20243,20253,10
12.9514398575,80.1735305786,20253,20263,10
12.9517002106,80.1722106934,20263,20273,10
12.9519300461,80.1708602905,20273,20283,10
12.952170372,80.1694793701,20283,20293,10
12.9524402618,80.1680831909,20293,20305,12
12.9528198242,80.1666564941,20305,20316,11
12.9532604218,80.1647567749,20316,20326,10
12.9535799026,80.163269043,20326,20336,10
12.9539003372,80.1617584229,20336,20346,10
12.9541797638,80.1603927612,20346,20356,10
12.9545202255,80.1585235596,20356,20366,10
12.9545202255,80.1585235596,20366,20376,10
12.9545698166,80.1583023071,20376,20386,10
12.95470047,80.1576919556,20386,20396,10
12.9548902512,80.156829834,20396,20406,10
12.9551200867,80.1557617188,20406,20416,10
12.9553804398,80.1545715332,20416,20427,11
12.9557504654,80.153213501,20427,20437,10
12.9563398361,80.1521224976,20437,20447,10
12.9572496414,80.1513214111,20447,20457,10
12.9581403732,80.1505813599,20457,20467,10
12.9587602615,80.150062561,20467,20477,10
12.9588603973,80.1500015259,20477,20487,10
12.9591999054,80.1497421265,20487,20497,10
12.9595499039,80.1491775513,20497,20507,10
12.9597101212,80.1484680176,20507,20517,10
12.959859848,80.1478500366,20517,20528,11
12.9600696564,80.1468734741,20528,20538,10
12.9602603912,80.145942688,20538,20548,10
12.9603204727,80.1455535889,20548,20558,10
12.9603099823,80.1452407837,20558,20568,10
12.9607601166,80.1453781128,20568,20578,10
12.9615097046,80.1457977295,20578,20588,10
12.9623804092,80.1462783813,20588,20597,9
12.9631204605,80.1466903687,20597,20608,11
12.964220047,80.1473770142,20608,20618,10
12.9651403427,80.1479568481,20618,20628,10
12.9660997391,80.1484680176,20628,20639,11
12.9673700333,80.1490936279,20639,20669,30
12.9673700333,80.1490936279,20669,20679,10
12.9674501419,80.1491012573,20679,20689,10
12.96778965,80.1492614746,20689,20699,10
12.9681301117,80.1493988037,20699,20709,10
12.9681596756,80.1494216919,20709,20719,10
12.9685201645,80.1496124268,20719,20729,10
12.9690799713,80.1498565674,20729,20740,11
12.9696702957,80.150138855,20740,20750,10
12.9705095291,80.1505432129,20750,20760,10
12.9713697433,80.1509170532,20760,20770,10
12.9722003937,80.1513366699,20770,20780,10
12.9727602005,80.1520080566,20780,20790,10
12.9731302261,80.1525726318,20790,20800,10
12.9734201431,80.1530227661,20800,20820,20
12.9734201431,80.1530227661,20820,20830,10
12.9733200073,80.153137207,20830,20841,11
12.9730396271,80.1527481079,20841,20851,10
12.9726200104,80.1521072388,20851,20861,10
12.972029686,80.1514205933,20861,20871,10
12.9711799622,80.1509475708,20871,20881,10
12.9704504013,80.1505889893,20881,20891,10
12.9697303772,80.1502914429,20891,20901,10
12.9692497253,80.1501083374,20901,21134,233
12.9691295624,80.149772644,21134,21406,272
12.9689998627,80.1498413086,21406,21447,41
12.9689998627,80.1498413086,21447,21457,10
12.9689903259,80.1498031616,21457,21467,10
12.9686603546,80.1496810913,21467,21477,10
12.9681997299,80.1494903564,21477,21487,10
12.9675102234,80.1492004395,21487,21497,10
12.9667100906,80.1488189697,21497,21507,10
12.9659004211,80.1484222412,21507,21517,10
12.9650201797,80.1479721069,21517,21528,11
12.9641199112,80.1474761963,21528,21538,10
12.9633598328,80.1471176147,21538,21548,10
12.9625797272,80.1467208862,21548,21557,9
12.9618396759,80.1463165283,21557,21568,11
12.9611196518,80.1459274292,21568,21578,10
12.9605197906,80.1456375122,21578,21588,10
12.9602203369,80.1459197998,21588,21598,10
12.9600696564,80.1466903687,21598,21608,10
12.9598903656,80.1475601196,21608,21618,10
12.9596996307,80.1484680176,21618,21629,11
12.9594202042,80.1495437622,21629,21639,10
12.9587802887,80.1502227783,21639,21649,10
12.958609581,80.1503601074,21649,21659,10
12.958439827,80.1505126953,21659,21669,10
12.9580001831,80.1508407593,21669,21679,10
12.9573202133,80.1513671875,21679,21689,10
12.9565401077,80.1520385742,21689,21699,10
12.9558696747,80.1529769897,21699,21709,10
12.9554700851,80.154296875,21709,21719,10
12.9552001953,80.1555480957,21719,21730,11
12.9549303055,80.1568984985,21730,21740,10
12.9546804428,80.1581497192,21740,21750,10
12.9544696808,80.1592102051,21750,21760,10
12.9544000626,80.1596298218,21760,21770,10
12.9542999268,80.1601333618,21770,21780,10
12.9540996552,80.1610794067,21780,21790,10
12.9538602829,80.1621780396,21790,21800,10
12.9535903931,80.1634368896,21800,21810,10
12.9533004761,80.1647720337,21810,21820,10
12.9530000687,80.1661376953,21820,21831,11
12.9526195526,80.1676483154,21831,21841,10
12.9522800446,80.169052124,21841,21851,10
12.9520797729,80.1703186035,21851,21861,10
12.9520397186,80.1707077026,21861,21871,10
12.9519701004,80.1711273193,21871,21881,10
12.9518098831,80.1719665527,21881,21891,10
12.9516096115,80.1730422974,21891,21901,10
12.9513301849,80.1743469238,21901,21911,10
12.9510602951,80.175567627,21911,21921,10
12.9507703781,80.1768417358,21921,21932,11
12.9504098892,80.1782073975,21932,21942,10
12.9500904083,80.1794815063,21942,21952,10
12.9499197006,80.1803665161,21952,21962,10
12.9497699738,80.1813201904,21962,21972,10
12.9496898651,80.1817169189,21972,21982,10
12.9495401382,80.1825027466,21982,21992,10
12.9493703842,80.1835174561,21992,22002,10
12.9493198395,80.1839065552,22002,22012,10
12.9492502213,80.1845321655,22012,22022,10
12.9492502213,80.1845321655,22022,22032,10
12.9492197037,80.1851501465,22032,22043,11
12.9491901398,80.1855010986,22043,22053,10
12.949139595,80.1861572266,22053,22062,9
12.9490804672,80.186920166,22062,22073,11
12.9489803314,80.1878890991,22073,22083,10
12.9488096237,80.1898193359,22083,22093,10
12.9488096237,80.1898193359,22093,22103,10
12.9487199783,80.1910018921,22103,22113,10
12.9486598969,80.1923217773,22113,22123,10
12.9486198425,80.1937026978,22123,22133,10
12.9486103058,80.1949996948,22133,22144,11
12.9486198425,80.1954498291,22144,22154,10
12.9486198425,80.1956863403,22154,22164,10
12.9485998154,80.1962509155,22164,22174,10
12.9485797882,80.1970672607,22174,22184,10
12.948559761,80.1979522705,22184,22194,10
12.9485702515,80.198638916,22194,22204,10
12.9486103058,80.1993637085,22204,22214,10
12.9486398697,80.2003097534,22214,22224,10
12.9486703873,80.2013778687,22224,22234,10
12.9486999512,80.2025222778,22234,22244,10
12.9487400055,80.2036132813,22244,22255,11
12.9487800598,80.2049179077,22255,22265,10
12.948800087,80.2061233521,22265,22275,10
12.9487400055,80.2071075439,22275,22285,10
12.948679924,80.2080612183,22285,22295,10
12.9486103058,80.2092208862,22295,22315,20
12.9486103058,80.2092208862,22315,22325,10
12.9486703873,80.2092666626,22325,22335,10
12.9486398697,80.2095565796,22335,22345,10
12.9486398697,80.2099609375,22345,22356,11
12.9485397339,80.2105026245,22356,22366,10
12.94851017,80.2112808228,22366,22376,10
12.9485301971,80.2122802734,22376,22386,10
12.9485998154,80.213432312,22386,22396,10
12.9486999512,80.2146606445,22396,22406,10
12.9488296509,80.2159729004,22406,22416,10
12.9489603043,80.2172775269,22416,22426,10
12.9490804672,80.2185821533,22426,22436,10
12.9492197037,80.2199630737,22436,22447,11
12.9493598938,80.2213592529,22447,22457,10
12.9494695663,80.22290802,22457,22468,11
12.9495401382,80.2239837646,22468,22478,10
12.9495897293,80.2254180908,22478,22488,10
12.9496603012,80.2266387939,22488,22498,10
12.9497299194,80.2279815674,22498,22508,10
12.9497804642,80.2293701172,22508,22518,10
12.9498796463,80.2307434082,22518,22528,10
12.9499797821,80.2319488525,22528,22538,10
12.9500598907,80.2329406738,22538,22548,10
12.9500904083,80.2330474854,22548,22558,10
12.9501104355,80.2334136963,22558,22569,11
12.9501199722,80.2341537476,22569,22579,10
12.950050354,80.2348632813,22579,22589,10
12.9499998093,80.2354507446,22589,22598,9
12.9499597549,80.2358322144,22598,22609,11
12.9499197006,80.2361526489,22609,22619,10
12.9498195648,80.236618042,22619,22629,10
12.9497003555,80.2374191284,22629,22639,10
12.9495401382,80.2386016846,22639,22649,10
12.9493398666,80.2395401001,22649,22659,10
12.9491996765,80.240272522,22659,22670,11
12.9491901398,80.2403869629,22670,22680,10
12.949259758,80.2406997681,22680,22690,10
12.949669838,80.2409286499,22690,22700,10
12.9503097534,80.2411193848,22700,22710,10
12.9509496689,80.2413024902,22710,22719,9
12.9511203766,80.2413635254,22719,22730,11
12.9512195587,80.2414016724,22730,22740,10
12.9518299103,80.2416381836,22740,22750,10
12.9525699615,80.241897583,22750,22760,10
12.9534397125,80.2422409058,22760,22771,11
12.9542703629,80.2425994873,22771,22781,10
12.9549999237,80.2428894043,22781,22791,10
12.9557199478,80.2431793213,22791,22801,10
12.9563598633,80.2434310913,22801,22810,9
12.956580162,80.2435302734,22810,22821,11
12.957110405,80.2437515259,22821,22830,9
12.9578895569,80.2440795898,22830,22841,11
12.9585800171,80.2443771362,22841,22851,10
12.9589099884,80.2444763184,22851,22861,10
12.9589996338,80.2445297241,22861,22872,11
12.9594402313,80.244720459,22872,22882,10
12.9601297379,80.2450408936,22882,22892,10
12.9610004425,80.2454376221,22892,22902,10
12.9620199203,80.2459411621,22902,22912,10
12.963060379,80.2464599609,22912,22922,10
12.9638700485,80.2468566895,22922,22932,10
12.9646997452,80.2471618652,22932,22942,10
12.9654798508,80.2474136353,22942,22952,10
12.9661903381,80.2476730347,22952,22962,10
12.9666996002,80.2479095459,22962,22972,10
12.9669799805,80.2480163574,22972,22983,11
12.9670200348,80.2480316162,22983,22993,10
12.9673204422,80.2481918335,22993,23003,10
12.9679803848,80.2484512329,23003,23013,10
12.9687595367,80.2487716675,23013,23023,10
12.9696598053,80.249130249,23023,23033,10
12.9705896378,80.24949646,23033,23043,10
12.9716396332,80.2498092651,23043,23053,10
12.9727296829,80.2501220703,23053,23063,10
12.9736700058,80.2503662109,23063,23073,10
12.9746999741,80.2506637573,23073,23084,11
12.9760198593,80.2510375977,23084,23094,10
12.9771203995,80.2513809204,23094,23104,10
12.9780597687,80.2520065308,23104,23114,10
12.9785804749,80.2523803711,23114,23124,10
12.9787998199,80.2524795532,23124,23134,10
12.9793195724,80.2526321411,23134,23144,10
12.9797897339,80.2526779175,23144,23164,20
12.9797897339,80.2526779175,23164,23174,10
12.9800596237,80.2526779175,23174,23185,11
12.9807796478,80.2526626587,23185,23195,10
12.9816598892,80.2526397705,23195,23205,10
12.9826602936,80.2526168823,23205,23215,10
12.9837598801,80.2524490356,23215,23225,10
12.9849300385,80.2521362305,23225,23235,10
12.9860401154,80.2518310547,23235,23245,10
12.9869098663,80.2516326904,23245,23255,10
12.9876804352,80.2514190674,23255,23265,10
12.9879903793,80.2517318726,23265,23275,10
12.9880199432,80.2518768311,23275,23285,10
12.9879999161,80.2520599365,23285,23296,11
12.9879999161,80.2527999878,23296,23306,10
12.9879198074,80.2537612915,23306,23316,10
12.9878396988,80.2547531128,23316,23326,10
12.9877500534,80.2555999756,23326,23366,40
12.9877500534,80.2555999756,23366,23376,10
12.9876804352,80.2560501099,23376,23388,12
12.9876298904,80.256729126,23388,23399,11
12.9875202179,80.2576904297,23399,23409,10
12.9874296188,80.2585067749,23409,23419,10
12.9874200821,80.2587509155,23419,23430,11
12.9873695374,80.2590637207,23430,23440,10
12.9872503281,80.2595291138,23440,23480,40
12.9869298935,80.2595367432,23480,23561,81
12.9869298935,80.2595367432,23561,23571,10
12.9865703583,80.2593994141,23571,23632,61
12.9865703583,80.2593994141,23632,23642,10
12.9866800308,80.2590484619,23642,23652,10
12.9867801666,80.2589187622,23652,24965,1313
12.9871397018,80.2591094971,24965,25005,40
12.9871397018,80.2591094971,25005,25015,10
12.9873800278,80.2590179443,25015,25025,10
12.9874000549,80.2588195801,25025,25035,10
12.9874000549,80.2584686279,25035,25045,10
12.9874095917,80.258140564,25045,25055,10
12.9874000549,80.2580108643,25055,25066,11
12.9874401093,80.257522583,25066,25076,10
12.9874801636,80.2568969727,25076,25086,10
12.9875402451,80.2564086914,25086,25096,10
12.9875898361,80.2559204102,25096,25106,10
12.9876699448,80.2555007935,25106,25116,10
12.9877099991,80.2549209595,25116,25126,10
12.987739563,80.2543792725,25126,25136,10
12.9877996445,80.253578186,25136,25146,10
12.9878902435,80.2526626587,25146,25156,10
12.987859726,80.251953125,25156,25167,11
12.9877300262,80.2516174316,25167,25177,10
12.9877004623,80.2516098022,25177,25187,10
12.9874897003,80.2516021729,25187,25197,10
12.9869604111,80.251663208,25197,25207,10
12.9863100052,80.2518005371,25207,25217,10
12.9856004715,80.251991272,25217,25227,10
12.9848403931,80.2521972656,25227,25237,10
12.984000206,80.2524185181,25237,25247,10
12.9831399918,80.2526092529,25247,25257,10
12.9822301865,80.2526626587,25257,25267,10
12.9813098907,80.2526779175,25267,25278,11
12.9804496765,80.2527236938,25278,25288,10
12.9797201157,80.2527084351,25288,25298,10
12.9790401459,80.2526473999,25298,25308,10
12.978679657,80.2526016235,25308,25318,10
12.9786596298,80.2525863647,25318,25328,10
12.9784498215,80.2524795532,25328,25338,10
12.9779596329,80.2520904541,25338,25348,10
12.9772596359,80.2515029907,25348,25358,10
12.976269722,80.2511367798,25358,25368,10
12.9751901627,80.2508163452,25368,25379,11
12.97397995,80.2504577637,25379,25389,10
12.9728603363,80.2501525879,25389,25399,10
12.9717502594,80.2498474121,25399,25409,10
12.9707298279,80.2495574951,25409,25419,10
12.9696702957,80.249168396,25419,25429,10
12.9685897827,80.2487487793,25429,25439,10
12.9676198959,80.2483596802,25439,25449,10
12.9666795731,80.2479400635,25449,25459,10
12.9658203125,80.2475814819,25459,25469,10
12.9652795792,80.2474136353,25469,25490,21
12.9652795792,80.2474136353,25490,25500,10
12.9649600983,80.2472991943,25500,25510,10
12.964389801,80.2470779419,25510,25520,10
12.9636602402,80.2468032837,25520,25530,10
12.9629001617,80.2463912964,25530,25540,10
12.9620504379,80.2459793091,25540,25550,10
12.9612398148,80.24559021,25550,25560,10
12.960559845,80.2452697754,25560,25570,10
12.9604501724,80.2452163696,25570,25580,10
12.9599895477,80.2450408936,25580,25591,11
12.9594297409,80.2448196411,25591,25601,10
12.9593896866,80.2447891235,25601,25611,10
12.9593200684,80.2447280884,25611,25621,10
12.9590396881,80.2445831299,25621,25631,10
12.9585399628,80.2443466187,25631,25641,10
12.9579601288,80.2441177368,25641,25651,10
12.9573898315,80.2439193726,25651,25661,10
12.9567098618,80.2437210083,25661,25671,10
12.9563398361,80.243560791,25671,25681,10
12.9558601379,80.2433166504,25681,25692,11
12.955160141,80.242980957,25692,25702,10
12.9544000626,80.2426605225,25702,25712,10
12.9535398483,80.2423171997,25712,25722,10
12.9526796341,80.2419891357,25722,25732,10
12.9517602921,80.2416610718,25732,25752,20
12.9517602921,80.2416610718,25752,25762,10
12.9515695572,80.241569519,25762,25772,10
12.9511404037,80.2413864136,25772,25782,10
12.950460434,80.2411575317,25782,25792,10
12.9496898651,80.2409362793,25792,25803,11
12.9492101669,80.2407836914,25803,25853,50
12.9492101669,80.2407836914,25853,25863,10
12.9491596222,80.2407913208,25863,25873,10
12.9489202499,80.2405319214,25873,25883,10
12.9490804672,80.2399215698,25883,25893,10
12.9491701126,80.2393417358,25893,25914,21
12.9491701126,80.2393417358,25914,25924,10
12.9492301941,80.2391815186,25924,25934,10
12.9493503571,80.2387390137,25934,25944,10
12.9494800568,80.2380828857,25944,25954,10
12.9495897293,80.2372894287,25954,25964,10
12.9496603012,80.2365264893,25964,25974,10
12.9497003555,80.2359619141,25974,25984,10
12.9497404099,80.2358093262,25984,25994,10
12.9498195648,80.2353591919,25994,26004,10
12.9499397278,80.2346801758,26004,26015,11
12.9499702454,80.2339019775,26015,26025,10
12.9499702454,80.2338027954,26025,26035,10
12.9499702454,80.2336578369,26035,26045,10
12.9499797821,80.2331314087,26045,26055,10
12.949930191,80.2322921753,26055,26065,10
12.9498500824,80.2312698364,26065,26075,10
12.9497699738,80.2301101685,26075,26085,10
12.9497003555,80.2288665771,26085,26095,10
12.949640274,80.2276992798,26095,26105,10
12.9495697021,80.2263717651,26105,26116,11
12.9495000839,80.2247619629,26116,26126,10
12.9494304657,80.2234115601,26126,26136,10
12.9493598938,80.2220611572,26136,26146,10
12.949259758,80.2208404541,26146,26156,10
12.9491195679,80.2193527222,26156,26166,10
12.9489803314,80.2179870605,26166,26176,10
12.9488401413,80.2165985107,26176,26186,10
12.9486999512,80.2151870728,26186,26196,10
12.9485702515,80.2138137817,26196,26206,10
12.9484596252,80.2124786377,26206,26217,11
12.9484100342,80.2112579346,26217,26227,10
12.9483804703,80.2103805542,26227,26237,10
12.9484195709,80.2098617554,26237,26247,10
12.9485197067,80.2091674805,26247,26257,10
12.9485397339,80.2088775635,26257,26267,10
12.9485502243,80.2088012695,26267,26277,10
12.9485998154,80.2083129883,26277,26287,10
12.9486598969,80.2074890137,26287,26297,10
12.9487304688,80.2065200806,26297,26307,10
12.9487304688,80.2054595947,26307,26317,10
12.9486999512,80.2042388916,26317,26328,11
12.9486398697,80.2028579712,26328,26338,10
12.9486103058,80.2015609741,26338,26348,10
12.9485502243,80.2002105713,26348,26358,10
12.9485197067,80.1989898682,26358,26368,10
12.9484796524,80.1982574463,26368,26378,10
12.9484596252,80.197517395,26378,26388,10
12.9484901428,80.1965637207,26388,26398,10
12.9484701157,80.1958465576,26398,26408,10
12.9484701157,80.1958389282,26408,26418,10
12.9484701157,80.1957626343,26418,26429,11
12.9484996796,80.1952590942,26429,26439,10
12.9484996796,80.1945037842,26439,26449,10
12.9485197067,80.193572998,26449,26459,10
12.948559761,80.192489624,26459,26469,10
12.9486103058,80.1913604736,26469,26479,10
12.9486703873,80.1902236938,26479,26489,10
12.9487600327,80.1892623901,26489,26498,9
12.9488401413,80.1882781982,26498,26509,11
12.9489498138,80.1871566772,26509,26519,10
12.9490203857,80.1860427856,26519,26529,10
12.9489898682,80.1854019165,26529,26550,21
12.9489898682,80.1854019165,26550,26560,10
12.9490299225,80.1850967407,26560,26570,10
12.949139595,80.1840896606,26570,26590,20
12.949139595,80.1840896606,26590,26600,10
12.9491996765,80.1838684082,26600,26610,10
12.9492902756,80.1832962036,26610,26620,10
12.9494400024,80.1824569702,26620,26630,10
12.9496002197,80.1815032959,26630,26641,11
12.9496803284,80.1809997559,26641,26651,10
12.9497995377,80.1804428101,26651,26661,10
12.9499597549,80.1796188354,26661,26671,10
12.9502096176,80.1786270142,26671,26681,10
12.950510025,80.177482605,26681,26691,10
12.9508304596,80.1762313843,26691,26701,10
12.9510803223,80.1749572754,26701,26711,10
12.951210022,80.1741790771,26711,26721,10
12.951259613,80.1739730835,26721,26731,10
12.9513902664,80.1734466553,26731,26742,11
12.95154953,80.1725997925,26742,26752,10
12.9517202377,80.1716690063,26752,26762,10
12.9519195557,80.1706008911,26762,26772,10
12.9520902634,80.1696777344,26772,26782,10
12.9522695541,80.1686401367,26782,26792,10
12.9525499344,80.1675186157,26792,26802,10
12.9528598785,80.1663208008,26802,26812,10
12.9531402588,80.1650695801,26812,26822,10
12.9534101486,80.1638412476,26822,26832,10
12.9536800385,80.1625518799,26832,26842,10
12.9539699554,80.1612014771,26842,26853,11
12.9542503357,80.1597366333,26853,26863,10
12.9544401169,80.1586990356,26863,26873,10
12.9544801712,80.1584777832,26873,26883,10
12.9545602798,80.1581497192,26883,26893,10
12.95470047,80.1575317383,26893,26903,10
12.9548902512,80.1567306519,26903,26913,10
12.9553203583,80.1547470093,26913,26923,10
12.9553203583,80.1547470093,26923,26933,10
12.9555902481,80.1536178589,26933,26943,10
12.9560203552,80.1525115967,26943,26954,11
12.9569301605,80.151550293,26954,26964,10
12.9577703476,80.1508789063,26964,26974,10
12.9584503174,80.1502990723,26974,26986,12
12.9587402344,80.150062561,26986,26996,10
12.9590301514,80.1498718262,26996,27006,10
12.9594402313,80.1494293213,27006,27016,10
12.9596300125,80.1487579346,27016,27025,9
12.959810257,80.1479034424,27025,27036,11
12.9600000381,80.1470108032,27036,27046,10
12.9601802826,80.146156311,27046,27056,10
12.960269928,80.1455917358,27056,27067,11
12.9601097107,80.145362854,27067,27077,10
12.9588003159,80.1446609497,27077,27087,10
12.9588003159,80.1446609497,27087,27097,10
12.9580202103,80.1441879272,27097,27107,10
12.9571800232,80.1437225342,27107,27117,10
12.9565401077,80.1434020996,27117,27127,10
12.9561901093,80.1432418823,27127,27137,10
12.956029892,80.1431808472,27137,27147,10
12.9559602737,80.1431427002,27147,27157,10
12.9557504654,80.1430511475,27157,27168,11
12.9556903839,80.1430282593,27168,27178,10
12.9556102753,80.1429672241,27178,27188,10
12.9555101395,80.1429214478,27188,27198,10
12.9553203583,80.1427993774,27198,27208,10
12.9550895691,80.1426773071,27208,27218,10
12.9548397064,80.142539978,27218,27238,20
12.9548397064,80.142539978,27238,27248,10
12.9545602798,80.1423873901,27248,27258,10
12.9543199539,80.142250061,27258,27269,11
12.953909874,80.1420288086,27269,27279,10
12.9535598755,80.1418380737,27279,27288,9
12.9532604218,80.1416931152,27288,27309,21
12.9532604218,80.1416931152,27309,27319,10
12.9530096054,80.1415710449,27319,27329,10
12.9527196884,80.1413421631,27329,27339,10
12.9522695541,80.1409988403,27339,27349,10
12.9518404007,80.1406936646,27349,27359,10
12.9515695572,80.1404876709,27359,27390,31
12.9515695572,80.1404876709,27390,27400,10
12.9513196945,80.1402435303,27400,27410,10
12.9511098862,80.1400604248,27410,27420,10
12.9507198334,80.1397781372,27420,27430,10
12.950630188,80.1397323608,27430,27440,10
12.9505796432,80.1396102905,27440,27450,10
12.9502096176,80.1393203735,27450,27460,10
12.9496097565,80.1388397217,27460,27470,10
12.9488801956,80.1382293701,27470,27481,11
12.9479398727,80.1375579834,27481,27491,10
12.9471101761,80.1369476318,27491,27501,10
12.9461803436,80.1362304688,27501,27511,10
12.9451503754,80.1354522705,27511,27521,10
12.9441003799,80.1346511841,27521,27531,10
12.9433002472,80.1339797974,27531,27540,9
12.9426202774,80.133392334,27540,27551,11
12.9422397614,80.1330032349,27551,27561,10
12.941740036,80.1324996948,27561,27571,10
12.9411697388,80.1318817139,27571,27581,10
12.9405097961,80.131187439,27581,27592,11
12.9398603439,80.1305236816,27592,27602,10
12.9394302368,80.1301727295,27602,27612,10
12.9389696121,80.1297531128,27612,27622,10
12.9385204315,80.1293411255,27622,27632,10
12.9379701614,80.1289367676,27632,27693,61
12.9379701614,80.1289367676,27693,27703,10
12.9377202988,80.1286773682,27703,27713,10
12.9374103546,80.1284179688,27713,27723,10
12.9372701645,80.128288269,27723,27733,10
12.9371595383,80.1281585693,27733,27743,10
12.936920166,80.1279373169,27743,27753,10
12.9369096756,80.1279296875,27753,27763,10
12.9366703033,80.1277236938,27763,27773,10
12.9362297058,80.1273574829,27773,27783,10
12.9356098175,80.1268005371,27783,27794,11
12.9347896576,80.1260375977,27794,27804,10
12.9339799881,80.1252593994,27804,27814,10
12.9331798553,80.124458313,27814,27824,10
12.932510376,80.1238021851,27824,27834,10
12.9319095612,80.1232223511,27834,27844,10
12.9314203262,80.1227035522,27844,27854,10
12.9309396744,80.1222000122,27854,27864,10
12.9304304123,80.1217269897,27864,27874,10
12.9298496246,80.1211700439,27874,27884,10
12.9292201996,80.1204833984,27884,27894,10
12.928560257,80.1197967529,27894,27905,11
12.9278802872,80.1191711426,27905,27925,20
12.9278802872,80.1191711426,27925,27935,10
12.9278297424,80.1190795898,27935,27945,10
12.9275598526,80.118812561,27945,27955,10
12.9272403717,80.118522644,27955,27965,10
12.9270095825,80.1182937622,27965,27975,10
12.9266395569,80.1179199219,27975,27985,10
12.926320076,80.1176223755,27985,28016,31
12.926320076,80.1176223755,28016,28026,10
12.9261798859,80.1174468994,28026,28036,10
12.9258804321,80.1172332764,28036,28046,10
12.9254302979,80.1167984009,28046,28056,10
12.9249200821,80.1162796021,28056,28066,10
12.9244499207,80.1157989502,28066,28076,10
12.924249649,80.1156082153,28076,28086,10
12.9239196777,80.1152572632,28086,28096,10
12.924079895,80.1150283813,28096,28106,10
12.9243202209,80.115196228,28106,28117,11
12.9245901108,80.1154785156,28117,28127,10
12.9251003265,80.1159820557,28127,28137,10
12.925740242,80.1166000366,28137,28147,10
12.926320076,80.1173095703,28147,28157,10
12.926609993,80.1176605225,28157,28167,10
12.9268398285,80.1178588867,28167,28238,71
12.9268398285,80.1178588867,28238,28248,10
12.9272003174,80.1181411743,28248,28319,71
12.9272003174,80.1181411743,28319,28329,10
12.9274301529,80.1184616089,28329,28339,10
12.9277801514,80.1188583374,28339,28349,10
12.9282999039,80.1194000244,28349,28359,10
12.9287900925,80.1198425293,28359,28369,10
12.9290599823,80.1200790405,28369,28379,10
12.929189682,80.1201782227,28379,28389,10
12.9293899536,80.1203689575,28389,28743,354
12.9293899536,80.1203689575,28743,28753,10
12.929479599,80.1205596924,28753,28763,10
12.9298000336,80.1208572388,28763,28773,10
12.9303302765,80.121383667,28773,28783,10
12.9309501648,80.1220016479,28783,28793,10
12.9316196442,80.1226806641,28793,28823,30
12.9316196442,80.1226806641,28823,28833,10
12.9317798615,80.1228179932,28833,28844,11
12.9322099686,80.123260498,28844,28854,10
12.9327802658,80.1238174438,28854,28864,10
12.933380127,80.1244430542,28864,28874,10
12.9340496063,80.1251068115,28874,28884,10
12.9347600937,80.125793457,28884,28894,10
12.9352197647,80.1262283325,28894,28904,10
12.9356803894,80.1266174316,28904,28914,10
12.9362401962,80.1270980835,28914,28924,10
12.9365301132,80.1273193359,28924,29045,121
12.9365301132,80.1273193359,29045,29056,11
12.9367198944,80.1274414063,29056,29066,10
12.9369096756,80.1272277832,29066,29076,10
12.9372301102,80.1268463135,29076,29086,10
12.9376296997,80.1271209717,29086,29096,10
12.9376602173,80.127532959,29096,29106,10
12.9375801086,80.1276397705,29106,29116,10
12.9374103546,80.1278915405,29116,29126,10
12.9374399185,80.128112793,29126,29136,10
12.9377803802,80.1283874512,29136,29146,10
12.9382696152,80.1288986206,29146,29157,11
12.939040184,80.1295776367,29157,29167,10
12.9398899078,80.1303634644,29167,29177,10
12.9407997131,80.1312789917,29177,29187,10
12.9416503906,80.1321487427,29187,29197,10
12.9422302246,80.1327514648,29197,29207,10
12.9427499771,80.1332778931,29207,29217,10
12.9433002472,80.1338577271,29217,29227,10
12.9439496994,80.1344680786,29227,29237,10
12.9445800781,80.1349411011,29237,29247,10
12.9452600479,80.1354904175,29247,29257,10
12.9460697174,80.136138916,29257,29268,11
12.9470796585,80.1369171143,29268,29278,10
12.9480104446,80.1375579834,29278,29288,10
12.9490003586,80.1382675171,29288,29298,10
12.9498701096,80.138923645,29298,29308,10
12.9503898621,80.139289856,29308,29318,10
12.950460434,80.1393508911,29318,29328,10
12.9505500793,80.1394424438,29328,29338,10
12.9508199692,80.1396408081,29338,29348,10
12.9513397217,80.1399688721,29348,29379,31
12.9513397217,80.1399688721,29379,29389,10
12.9516897202,80.1402511597,29389,29399,10
12.9520101547,80.1405792236,29399,29409,10
12.952340126,80.140953064,29409,29419,10
12.952580452,80.1411209106,29419,29429,10
12.9526796341,80.1411819458,29429,29439,10
12.9530200958,80.1414337158,29439,29449,10
12.9535999298,80.1417694092,29449,29459,10
12.9543399811,80.1421585083,29459,29469,10
12.9551496506,80.142578125,29469,29480,11
12.9560899734,80.1429977417,29480,29500,20
12.9560899734,80.1429977417,29500,29510,10
12.9561300278,80.1430435181,29510,29520,10
12.9564399719,80.1432189941,29520,29530,10
12.9569396973,80.1435012817,29530,29540,10
12.9576196671,80.1438293457,29540,29550,10
12.9583301544,80.1441879272,29550,29560,10
12.9588499069,80.1444396973,29560,29570,10
12.959400177,80.1447372437,29570,29581,11
12.959980011,80.1450424194,29581,29591,10
12.960439682,80.1452636719,29591,29601,10
12.9605398178,80.1455993652,29601,29611,10
12.9602804184,80.1461181641,29611,29621,10
12.9601202011,80.1468734741,29621,29631,10
12.9599304199,80.1477584839,29631,29641,10
12.9596996307,80.1488876343,29641,29651,10
12.9591798782,80.1499404907,29651,29661,10
12.9585895538,80.1504516602,29661,29671,10
12.9585504532,80.1504669189,29671,29681,10
12.958439827,80.1505508423,29681,29692,11
12.9580001831,80.1508865356,29692,29702,10
12.957400322,80.1513824463,29702,29712,10
12.9566602707,80.1519699097,29712,29722,10
12.9559497833,80.1528015137,29722,29732,10
12.9555397034,80.1539535522,29732,29742,10
12.9552402496,80.1552276611,29742,29752,10
12.9549598694,80.156578064,29752,29762,10
12.9546699524,80.1579971313,29762,29772,10
12.9544496536,80.1591873169,29772,29782,10
12.9543800354,80.159576416,29782,29793,11
12.9543800354,80.1596298218,29793,29803,10
12.95429039,80.1600189209,29803,29813,10
12.9541501999,80.1606826782,29813,29823,10
12.9539804459,80.161529541,29823,29833,10
12.9537401199,80.1625137329,29833,29843,10
12.953499794,80.1636276245,29843,29853,10
12.9532403946,80.1648406982,29853,29863,10
12.9529495239,80.1661376953,29863,29873,10
12.9526100159,80.1674880981,29873,29883,10
12.9522695541,80.1688995361,29883,29894,11
12.9520797729,80.1701965332,29894,29904,10
12.9520196915,80.1706466675,29904,29914,10
12.9520196915,80.1706619263,29914,29924,10
12.9520101547,80.1707992554,29924,29934,10
12.9519195557,80.1712799072,29934,29944,10
12.9517803192,80.1720733643,29944,29954,10
12.9516096115,80.172996521,29954,29964,10
12.9514102936,80.1739807129,29964,29974,10
12.9512500763,80.1747970581,29974,29994,20
12.9512500763,80.1747970581,29994,30005,11
12.9511899948,80.1750411987,30005,30015,10
12.9510602951,80.1755828857,30015,30025,10
12.9508895874,80.176322937,30025,30035,10
12.9506502151,80.177192688,30035,30045,10
12.9503898621,80.1781616211,30045,30055,10
12.9501199722,80.1792068481,30055,30065,10
12.9498996735,80.1803207397,30065,30075,10
12.9497098923,80.181427002,30075,30085,10
12.9495401382,80.182472229,30085,30095,10
12.9493198395,80.1839370728,30095,30116,21
12.9493198395,80.1839370728,30116,30126,10
12.9492998123,80.1840591431,30126,30136,10
12.949259758,80.1845169067,30136,30146,10
12.949259758,80.1849594116,30146,30156,10
12.9492301941,80.185256958,30156,30166,10
12.9491796494,80.1856231689,30166,30176,10
12.9491300583,80.1862564087,30176,30186,10
12.9490699768,80.1869888306,30186,30196,10
12.9490098953,80.1876907349,30196,30206,10
12.9489402771,80.1884002686,30206,30217,11
12.9489002228,80.1889419556,30217,30227,10
12.9488201141,80.1896209717,30227,30237,10
12.9487400055,80.190536499,30237,30247,10
12.9486598969,80.1916122437,30247,30257,10
12.9486198425,80.1927871704,30257,30267,10
12.9485902786,80.1940231323,30267,30277,10
12.9485998154,80.195022583,30277,30287,10
12.9486103058,80.1954803467,30287,30297,10
12.9485998154,80.1955032349,30297,30307,10
12.9485902786,80.1955718994,30307,30318,11
12.9485797882,80.1960296631,30318,30328,10
12.9485397339,80.1967697144,30328,30338,10
12.9485301971,80.1977005005,30338,30348,10
12.9485502243,80.1986236572,30348,30358,10
12.9486103058,80.1996307373,30358,30408,50
12.9486103058,80.1996307373,30408,30419,11
12.9486198425,80.2000198364,30419,30429,10
12.9486398697,80.2006378174,30429,30439,10
12.9486598969,80.201423645,30439,30449,10
12.948679924,80.2022628784,30449,30459,10
12.9486904144,80.2030487061,30459,30469,10
12.9486999512,80.2039031982,30469,30479,10
12.9487400055,80.2048721313,30479,30489,10
12.9487600327,80.205909729,30489,30499,10
12.9487304688,80.2068481445,30499,30509,10
12.948679924,80.2077713013,30509,30519,10
12.9486103058,80.2086410522,30519,30530,11
12.9485797882,80.2093582153,30530,30550,20
12.9485797882,80.2093582153,30550,30559,9
12.9485502243,80.2095184326,30559,30570,11
12.948559761,80.2099685669,30570,30580,10
12.9484996796,80.2102279663,30580,30590,10
12.9484701157,80.2107391357,30590,30600,10
12.9484596252,80.211479187,30600,30610,10
12.9484901428,80.2124710083,30610,30620,10
12.9485797882,80.2135772705,30620,30631,11
12.9486999512,80.2149200439,30631,30641,10
12.9488296509,80.2162094116,30641,30651,10
12.9489603043,80.2175369263,30651,30661,10
12.9491100311,80.2189025879,30661,30671,10
12.9492502213,80.2203063965,30671,30681,10
12.949379921,80.2216720581,30681,30691,10
12.9494800568,80.2230224609,30691,30701,10
12.949549675,80.2243728638,30701,30711,10
12.9495897293,80.2255630493,30711,30721,10
12.9496603012,80.2267227173,30721,30731,10
12.9497003555,80.2279586792,30731,30742,11
12.949760437,80.2293167114,30742,30752,10
12.9498596191,80.2305221558,30752,30762,10
12.9499502182,80.2317428589,30762,30772,10
12.9500598907,80.2330703735,30772,30802,30
12.9500598907,80.2330703735,30802,30812,10
12.9500598907,80.2333374023,30812,30822,10
12.9500904083,80.2339172363,30822,30832,10
12.9500398636,80.2346801758,30832,30843,11
12.9499998093,80.2354202271,30843,30853,10
12.9499902725,80.235710144,30853,30883,30
12.9499902725,80.235710144,30883,30893,10
12.9499197006,80.2362823486,30893,30903,10
12.9497804642,80.2368927002,30903,30913,10
12.9497098923,80.237411499,30913,30923,10
12.9497098923,80.2374191284,30923,30933,10
12.9496803284,80.2375564575,30933,30943,10
12.9496097565,80.2380523682,30943,30954,11
12.9494800568,80.2388381958,30954,30964,10
12.9492998123,80.2396087646,30964,30974,10
12.9492101669,80.2400588989,30974,30994,20
12.9492101669,80.2400588989,30994,31004,10
12.9491596222,80.2403182983,31004,31085,81
12.9491596222,80.2403182983,31085,31095,10
12.9490804672,80.2404403687,31095,31105,10
12.9492797852,80.2408065796,31105,31115,10
12.9499397278,80.2410202026,31115,31125,10
12.9510297775,80.2413406372,31125,31156,31
12.9510297775,80.2413406372,31156,31166,10
12.9511203766,80.2414016724,31166,31176,10
12.9515600204,80.2415618896,31176,31186,10
12.9522399902,80.2417984009,31186,31196,10
12.9530801773,80.2421188354,31196,31206,10
12.953789711,80.2424087524,31206,31216,10
12.9543800354,80.2426376343,31216,31226,10
12.9550304413,80.2428894043,31226,31236,10
12.955739975,80.2431411743,31236,31246,10
12.9563102722,80.243347168,31246,31256,10
12.9563503265,80.2433624268,31256,31267,11
12.9565601349,80.2434310913,31267,31277,10
12.9570798874,80.2436676025,31277,31287,10
12.9578104019,80.2440032959,31287,31297,10
12.9588403702,80.2444076538,31297,31317,20
12.9588403702,80.2444076538,31317,31327,10
12.9590597153,80.2445220947,31327,31337,10
12.9592599869,80.2446289063,31337,31347,10
12.9597196579,80.2448577881,31347,31357,10
12.9604196548,80.2451705933,31357,31368,11
12.961350441,80.2456207275,31368,31378,10
12.9621801376,80.2460403442,31378,31388,10
12.9626398087,80.2462768555,31388,31398,10
12.962679863,80.2462997437,31398,31408,10
12.9628601074,80.246421814,31408,31418,10
12.9632797241,80.2466278076,31418,31428,10
12.9636802673,80.2468109131,31428,31438,10
12.9641199112,80.2469787598,31438,31448,10
12.964799881,80.2471923828,31448,31458,10
12.9655799866,80.2474594116,31458,31468,10
12.9663896561,80.2477798462,31468,31479,11
12.9670295715,80.2480316162,31479,31499,20
12.9670295715,80.2480316162,31499,31509,10
12.9671001434,80.2481079102,31509,31519,10
12.9674797058,80.248336792,31519,31529,10
12.9682102203,80.248626709,31529,31539,10
12.9691295624,80.2489776611,31539,31549,10
12.9700498581,80.2493286133,31549,31559,10
12.971159935,80.249710083,31559,31569,10
12.9725103378,80.2500610352,31569,31580,11
12.9739198685,80.2504272461,31580,31590,10
12.9752597809,80.2508087158,31590,31600,10
12.9765195847,80.2511672974,31600,31610,10
12.9775600433,80.2516021729,31610,31620,10
12.9782600403,80.252166748,31620,31630,10
12.9785995483,80.2523803711,31630,31640,10
12.9786100388,80.2523880005,31640,31650,10
12.9787302017,80.252456665,31650,31660,10
12.9791498184,80.2525863647,31660,31670,10
12.9793996811,80.2526092529,31670,31680,10
12.9795503616,80.2526321411,31680,31691,11
12.9800100327,80.2526626587,31691,31701,10
12.9807500839,80.2526473999,31701,31711,10
12.9816102982,80.2526321411,31711,31721,10
12.982460022,80.2526016235,31721,31731,10
12.9833498001,80.252532959,31731,31741,10
12.9841098785,80.2523269653,31741,31751,10
12.9847803116,80.2521362305,31751,31923,172
12.9847803116,80.2521362305,31923,31933,10
12.9849700928,80.2520370483,31933,31943,10
12.9853601456,80.251953125,31943,31953,10
12.985830307,80.2518234253,31953,31963,10
12.9861602783,80.2517318726,31963,31973,10
12.9864902496,80.2516479492,31973,31983,10
12.9869003296,80.2515563965,31983,31993,10
12.9873600006,80.2514266968,31993,32004,11
12.9877500534,80.2513427734,32004,32014,10
12.9879999161,80.2516326904,32014,32024,10
12.9881000519,80.2521209717,32024,32034,10
12.9881000519,80.2521286011,32034,32044,10
12.9880895615,80.2522125244,32044,32054,10
12.9880304337,80.2526779175,32054,32064,10
12.9879302979,80.2535171509,32064,32074,10
12.9877901077,80.2545776367,32074,32125,51
12.9877901077,80.2545776367,32125,32135,10
12.9877996445,80.2547988892,32135,32145,10
12.9877700806,80.2553405762,32145,32155,10
12.9876804352,80.2559585571,32155,32165,10
12.9875898361,80.2567367554,32165,32175,10
12.9875202179,80.2575073242,32175,32185,10
12.9874401093,80.2584228516,32185,32195,10
12.9873504639,80.259147644,32195,32205,10
12.9872303009,80.2595825195,32205,32236,31
12.9872303009,80.2595825195,32236,32246,10
12.9870300293,80.2595977783,32246,32256,10
12.9866695404,80.2595214844,32256,32266,10
12.9866104126,80.2591400146,32266,32276,10
12.9867897034,80.2590026855,32276,32286,10
12.9868001938,80.2587890625,32286,32296,10
12.986749649,80.2585220337,32296,32407,111
12.9867601395,80.2586593628,32407,32539,132
12.9867601395,80.2586593628,32539,32549,10
12.9867296219,80.2588806152,32549,32559,10
12.9867897034,80.2590637207,32559,32619,60
12.9871702194,80.2591094971,32619,33094,475
12.9874296188,80.2591171265,33094,33872,778
12.9874296188,80.2591171265,33872,33882,10
12.9874401093,80.2591018677,33882,33892,10
12.987449646,80.2588424683,33892,33912,20
12.987449646,80.2588424683,33912,33922,10
12.9874296188,80.2586288452,33922,33932,10
12.9874401093,80.2584381104,33932,33942,10
12.9874401093,80.2580566406,33942,33952,10
12.9874696732,80.2574310303,33952,34013,61
12.9874696732,80.2574310303,34013,34023,10
12.9875402451,80.2570571899,34023,34033,10
12.9875602722,80.2565536499,34033,34043,10
12.9875602722,80.2560424805,34043,34063,20
12.9875602722,80.2560424805,34063,34073,10
12.9877004623,80.2556915283,34073,34084,11
12.9877595901,80.2550811768,34084,34094,10
12.9877700806,80.254737854,34094,34104,10
12.9878196716,80.2540130615,34104,34459,355
12.9878196716,80.2540130615,34459,34469,10
12.9878797531,80.2535705566,34469,34479,10
12.9878997803,80.2531433105,34479,34489,10
12.9879102707,80.2525024414,34489,34499,10
12.987859726,80.2519683838,34499,34510,11
12.9874095917,80.251663208,34510,34560,50
12.9874095917,80.251663208,34560,34570,10
12.9872198105,80.2516479492,34570,34580,10
12.9870901108,80.2516403198,34580,34590,10
12.9869298935,80.2516784668,34590,34600,10
12.9864902496,80.2517776489,34600,34610,10
12.9858999252,80.2519073486,34610,34621,11
12.9852800369,80.2520904541,34621,34631,10
12.984629631,80.2523117065,34631,34691,60
12.984629631,80.2523117065,34691,34701,10
12.9845199585,80.252281189,34701,34711,10
12.9841403961,80.2523803711,34711,34722,11
12.9833803177,80.2525634766,34722,34732,10
12.9824695587,80.2526626587,34732,34742,10
12.9815797806,80.2526931763,34742,34752,10
12.9811697006,80.2527084351,34752,34782,30
12.9811697006,80.2527084351,34782,34792,10
12.9809303284,80.2527389526,34792,34802,10
12.9806804657,80.252746582,34802,34812,10
12.9805698395,80.2527618408,34812,34823,11
12.9801902771,80.2527770996,34823,34833,10
12.9798603058,80.2527389526,34833,34843,10
12.9794597626,80.2527084351,34843,34853,10
12.9788198471,80.2526321411,34853,34863,10
12.9786396027,80.2525787354,34863,34873,10
12.9784498215,80.2525024414,34873,34883,10
12.9780502319,80.2521820068,34883,34893,10
12.9776096344,80.2517700195,34893,34903,10
12.9768896103,80.2513580322,34903,34913,10
12.975979805,80.2510910034,34913,34923,10
12.9750099182,80.2508087158,34923,34934,11
12.9738903046,80.25050354,34934,34944,10
12.9729003906,80.2502288818,34944,34954,10
12.9721097946,80.25,34954,34964,10
12.9712200165,80.2497787476,34964,34984,20
12.9712200165,80.2497787476,34984,34994,10
12.9709796906,80.249671936,34994,35004,10
12.9706697464,80.2496109009,35004,35014,10
12.9699897766,80.2493972778,35014,35024,10
12.9691295624,80.2490615845,35024,35035,11
12.9679603577,80.248588562,35035,35045,10
12.9671297073,80.2482223511,35045,35055,10
12.9668397903,80.2480392456,35055,35065,10
12.9665203094,80.2478790283,35065,35075,10
12.9661102295,80.2477035522,35075,35085,10
12.9655799866,80.2474975586,35085,35095,10
12.9651298523,80.2474136353,35095,35105,10
12.9651203156,80.2473983765,35105,35115,10
12.9650602341,80.2473373413,35115,35125,10
12.9647397995,80.2472076416,35125,35135,10
12.9643096924,80.2470397949,35135,35146,11
12.9639101028,80.246887207,35146,35156,10
12.9632997513,80.2466125488,35156,35166,10
12.9624795914,80.2462005615,35166,35176,10
12.9616298676,80.2457809448,35176,35186,10
12.9608697891,80.2454071045,35186,35196,10
12.9600696564,80.2450637817,35196,35206,10
12.9595098495,80.2448577881,35206,35226,20
12.9595098495,80.2448577881,35226,35236,10
12.9593496323,80.2447891235,35236,35247,11
12.9590196609,80.2446212769,35247,35257,10
12.9583997726,80.2443618774,35257,35267,10
12.9578399658,80.2441177368,35267,35277,10
12.9571800232,80.2439117432,35277,35287,10
12.9564504623,80.2437133789,35287,35307,20
12.9564504623,80.2437133789,35307,35317,10
12.9562301636,80.2436218262,35317,35327,10
12.9557199478,80.2433013916,35327,35337,10
12.9550800323,80.2429885864,35337,35348,11
12.9542598724,80.2426223755,35348,35358,10
12.9533700943,80.2422637939,35358,35368,10
12.9523897171,80.2418823242,35368,35378,10
12.9518299103,80.2416915894,35378,35388,10
12.9517202377,80.2416381836,35388,35398,10
12.9515895844,80.241569519,35398,35408,10
12.9510602951,80.2413482666,35408,35418,10
12.9502801895,80.2410964966,35418,35428,10
12.9494495392,80.2408599854,35428,35509,81
12.9494495392,80.2408599854,35509,35519,10
12.949259758,80.2408828735,35519,35529,10
12.9489603043,80.2406463623,35529,35539,10
12.9490995407,80.240020752,35539,35549,10
12.9492397308,80.2394104004,35549,35570,21
12.9492397308,80.2394104004,35570,35580,10
12.9493503571,80.2391281128,35580,35590,10
12.9494304657,80.2388000488,35590,35600,10
12.9495201111,80.2383270264,35600,35610,10
12.9495601654,80.2378311157,35610,35620,10
12.949640274,80.2373504639,35620,35630,10
12.9497098923,80.2366409302,35630,35640,10
12.9497299194,80.2359771729,35640,35660,20
12.9497299194,80.2359771729,35660,35671,11
12.9497499466,80.2358093262,35671,35681,10
12.9498300552,80.2354202271,35681,35691,10
12.9499597549,80.2348175049,35691,35701,10
12.9499797821,80.2337722778,35701,35721,20
12.9499797821,80.2337722778,35721,35731,10
12.9499797821,80.2335510254,35731,35741,10
12.9499397278,80.2328567505,35741,35751,10
12.9498996735,80.2318572998,35751,35761,10
12.9498300552,80.230682373,35761,35772,11
12.9497499466,80.2292480469,35772,35782,10
12.9496898651,80.2280197144,35782,35792,10
12.9496097565,80.2266235352,35792,35802,10
12.9495401382,80.2250976563,35802,35812,10
12.9494695663,80.2235183716,35812,35822,10
12.9493703842,80.2219772339,35822,35832,10
12.9492902756,80.2207183838,35832,35842,10
12.9490995407,80.2187576294,35842,35852,10
12.9489297867,80.2170791626,35852,35862,10
12.9487600327,80.2153778076,35862,35873,11
12.9485797882,80.2135009766,35873,35883,10
12.9484596252,80.2118911743,35883,35893,10
12.9484195709,80.2105865479,35893,35903,10
12.948390007,80.2100296021,35903,35913,10
12.9484100342,80.2096862793,35913,35923,10
12.9484796524,80.2091598511,35923,35933,10
12.94851017,80.2086410522,35933,35953,20
12.94851017,80.2086410522,35953,35963,10
12.948559761,80.2084579468,35963,35973,10
12.9485902786,80.2079315186,35973,35984,11
12.9486703873,80.2070922852,35984,35994,10
12.9487199783,80.2061386108,35994,36004,10
12.9487304688,80.2050094604,36004,36014,10
12.948679924,80.2037734985,36014,36024,10
12.9486503601,80.2026367188,36024,36034,10
12.9486198425,80.2016830444,36034,36044,10
12.9485902786,80.2006835938,36044,36054,10
12.9485397339,80.1995010376,36054,36064,10
12.9484901428,80.1986083984,36064,36074,10
12.9484796524,80.1983566284,36074,36085,11
12.9484796524,80.1982879639,36085,36095,10
12.9484596252,80.1978378296,36095,36105,10
12.9484796524,80.1970901489,36105,36115,10
12.9484901428,80.196182251,36115,36125,10
12.9484996796,80.1958694458,36125,36135,10
12.9485197067,80.1956329346,36135,36145,10
12.9485197067,80.1952667236,36145,36155,10
12.9485197067,80.1945114136,36155,36165,10
12.9485397339,80.1935119629,36165,36175,10
12.9485797882,80.1922988892,36175,36185,10
12.9486398697,80.1909332275,36185,36196,11
12.9487600327,80.189491272,36196,36206,10
12.9488897324,80.1881637573,36206,36216,10
12.9490203857,80.1866378784,36216,36226,10
12.9490404129,80.1851806641,36226,36236,10
12.9491195679,80.184387207,36236,36246,10
12.9491796494,80.1839370728,36246,36256,10
12.9491796494,80.1839294434,36256,36266,10
12.9492101669,80.1836395264,36266,36276,10
12.9493198395,80.1829605103,36276,36286,10
12.9494800568,80.1820602417,36286,36297,11
12.949640274,80.181137085,36297,36307,10
12.9497404099,80.1807098389,36307,36317,10
12.9498796463,80.1799926758,36317,36327,10
12.9500999451,80.1789703369,36327,36337,10
12.9504203796,80.1777572632,36337,36347,10
12.9507703781,80.1764602661,36347,36357,10
12.9510698318,80.1750869751,36357,36367,10
12.951210022,80.1742172241,36367,36377,10
12.951210022,80.1742019653,36377,36387,10
12.9512395859,80.1740264893,36387,36397,10
12.9513597488,80.1734924316,36397,36408,11
12.95154953,80.1725463867,36408,36418,10
12.9517202377,80.1715621948,36418,36428,10
12.9517602921,80.171257019,36428,36438,10
12.9518404007,80.1708526611,36438,36448,10
12.9519796371,80.1700973511,36448,36457,9
12.9521198273,80.1692428589,36457,36468,11
12.9523801804,80.1680221558,36468,36478,10
12.9527301788,80.1668014526,36478,36488,10
12.9530096054,80.1656188965,36488,36498,10
12.9532604218,80.164390564,36498,36509,11
12.9535303116,80.1631698608,36509,36519,10
12.953789711,80.1620483398,36519,36529,10
12.954079628,80.1607131958,36529,36539,10
12.9544000626,80.1589813232,36539,36559,20
12.9544000626,80.1589813232,36559,36569,10
12.9544496536,80.1587600708,36569,36579,10
12.9545001984,80.1584091187,36579,36589,10
12.9545202255,80.1583404541,36589,36599,10
12.9546203613,80.1579284668,36599,36609,10
12.9547996521,80.157119751,36609,36620,11
12.9550199509,80.156036377,36620,36630,10
12.9552402496,80.1550216675,36630,36640,10
12.9554700851,80.1540298462,36640,36650,10
12.9558095932,80.1529388428,36650,36660,10
12.9565095901,80.1518783569,36660,36670,10
12.9575004578,80.1510467529,36670,36680,10
12.9583501816,80.1503601074,36680,36690,10
12.958990097,80.1498413086,36690,36700,10
12.9591398239,80.1497268677,36700,36710,10
12.9594602585,80.1493682861,36710,36721,11
12.959690094,80.1485671997,36721,36731,10
12.959859848,80.1478500366,36731,36741,10
12.9599895477,80.147102356,36741,36751,10
12.9601802826,80.146232605,36751,36761,10
12.9603099823,80.1455383301,36761,36771,10
12.9602603912,80.1452789307,36771,36781,10
12.9605703354,80.1451797485,36781,36791,10
12.9611902237,80.1455612183,36791,36801,10
12.9620704651,80.1460494995,36801,36811,10
12.9629602432,80.1465377808,36811,36822,11
12.9639196396,80.1471176147,36822,36832,10
12.9646501541,80.1476211548,36832,36842,10
12.9655399323,80.1481323242,36842,36852,10
12.9665002823,80.1486206055,36852,36862,10
12.967209816,80.1489486694,36862,36872,10
12.9672698975,80.1490020752,36872,36882,10
12.9675197601,80.1491165161,36882,36892,10
12.968000412,80.1493377686,36892,36902,10
12.9683504105,80.1494827271,36902,36922,20
12.9683504105,80.1494827271,36922,36933,11
12.9684801102,80.149559021,36933,36943,10
12.9687700272,80.1496887207,36943,36953,10
12.9689903259,80.1497879028,36953,37104,151
12.9689903259,80.1497879028,37104,37114,10
12.9691200256,80.1499099731,37114,37124,10
12.9695100784,80.1501235962,37124,37135,11
12.970199585,80.1504364014,37135,37145,10
12.9709396362,80.1507797241,37145,37155,10
12.9715795517,80.1510772705,37155,37165,10
12.9719800949,80.1512680054,37165,37175,10
12.9725103378,80.1517333984,37175,37185,10
12.9729003906,80.1522979736,37185,37195,10
12.9733600616,80.1529769897,37195,37225,30
12.9733600616,80.1529769897,37225,37235,10
12.9731397629,80.1529922485,37235,37246,11
12.9727897644,80.1524200439,37246,37256,10
12.9723100662,80.1517333984,37256,37266,10
12.9715995789,80.1511535645,37266,37276,10
12.9707298279,80.1507415771,37276,37286,10
12.969909668,80.1503829956,37286,37296,10
12.9692697525,80.1501235962,37296,37326,30
12.9692697525,80.1501235962,37326,37336,10
12.9689397812,80.1497802734,37336,37347,11
12.9683599472,80.1495513916,37347,37357,10
12.968000412,80.1494293213,37357,37367,10
12.9676103592,80.1492767334,37367,37377,10
12.9673900604,80.1491775513,37377,37387,10
12.9669904709,80.1489868164,37387,37397,10
12.9667901993,80.1489028931,37397,37407,10
12.9664802551,80.1487426758,37407,37417,10
12.9662799835,80.1486434937,37417,37427,10
12.965929985,80.1484375,37427,37437,10
12.9652299881,80.1480789185,37437,37447,10
12.9646501541,80.1477737427,37447,37458,11
12.964050293,80.1474304199,37458,37468,10
12.9632797241,80.1471176147,37468,37478,10
12.9624004364,80.1466369629,37478,37488,10
12.9615402222,80.1461791992,37488,37498,10
12.9607200623,80.1457519531,37498,37508,10
12.9602804184,80.1457366943,37508,37518,10
12.9601297379,80.1464385986,37518,37528,10
12.9599504471,80.1473388672,37528,37538,10
12.9597396851,80.1483383179,37538,37548,10
12.95952034,80.1493911743,37548,37559,11
12.9588899612,80.150138855,37559,37569,10
12.9585599899,80.1503982544,37569,37579,10
12.9582595825,80.150642395,37579,37589,10
12.9576396942,80.1511383057,37589,37599,10
12.9568395615,80.1517791748,37599,37609,10
12.9561700821,80.1524429321,37609,37619,10
12.9555797577,80.1538314819,37619,37629,10
12.9552602768,80.1551818848,37629,37639,10
12.9549598694,80.1566009521,37639,37649,10
12.9546699524,80.157989502,37649,37659,10
12.9544095993,80.1592407227,37659,37670,11
12.9541397095,80.1605529785,37670,37680,10
12.9539203644,80.1616516113,37680,37690,10
12.9537000656,80.1626663208,37690,37700,10
12.9534702301,80.1637496948,37700,37710,10
12.9532403946,80.1648025513,37710,37720,10
12.9530496597,80.1657333374,37720,37730,10
12.9527797699,80.1668930054,37730,37740,10
12.9525203705,80.1678619385,37740,37750,10
12.9521999359,80.1693115234,37750,37760,10
12.952050209,80.1703033447,37760,37770,10
12.95195961,80.1707077026,37770,37781,11
12.9518404007,80.1714630127,37781,37791,10
12.9516401291,80.1725234985,37791,37801,10
12.9514398575,80.1736526489,37801,37811,10
12.9512996674,80.1743087769,37811,37821,10
12.9511404037,80.1750335693,37821,37831,10
12.9509601593,80.1758422852,37831,37841,10
12.9506597519,80.1770324707,37841,37851,10
12.950340271,80.1782836914,37851,37861,10
12.9500303268,80.1795806885,37861,37871,10
12.9497995377,80.1807403564,37871,37882,11
12.9496603012,80.1815795898,37882,37892,10
12.9494895935,80.1824417114,37892,37902,10
12.9493198395,80.1835021973,37902,37912,10
12.9492301941,80.1841888428,37912,37922,10
12.9492197037,80.1846008301,37922,37932,10
12.9492301941,80.1848831177,37932,37942,10
12.9491796494,80.1853637695,37942,37952,10
12.9491100311,80.1860733032,37952,37962,10
12.9490499496,80.1867828369,37962,37972,10
12.9489803314,80.1876220703,37972,37983,11
12.9488697052,80.188621521,37983,37993,10
12.948800087,80.1893997192,37993,38003,10
12.9486999512,80.1904525757,38003,38012,9
12.9486103058,80.1915969849,38012,38023,11
12.9485702515,80.1929473877,38023,38033,10
12.9485397339,80.1941375732,38033,38043,10
12.9485397339,80.1950912476,38043,38053,10
12.948559761,80.1953964233,38053,38063,10
12.9485702515,80.1955566406,38063,38073,10
12.9485397339,80.196182251,38073,38084,11
12.94851017,80.1973266602,38084,38094,10
12.9484996796,80.1983108521,38094,38104,10
12.9485197067,80.1987380981,38104,38113,9
12.9485502243,80.1993179321,38113,38124,11
12.948559761,80.1995391846,38124,38134,10
12.948559761,80.1999588013,38134,38144,10
12.9485998154,80.2007369995,38144,38154,10
12.9486103058,80.2014770508,38154,38164,10
12.9486398697,80.2023391724,38164,38174,10
12.9486598969,80.2032394409,38174,38184,10
12.9486999512,80.204246521,38184,38195,11
12.9487104416,80.2056732178,38195,38205,10
12.948679924,80.2070236206,38205,38215,10
12.9485998154,80.2081832886,38215,38225,10
12.9485502243,80.2091598511,38225,38235,10
12.9485397339,80.2092437744,38235,38245,10
12.94851017,80.2096633911,38245,38255,10
12.9485197067,80.2099685669,38255,38265,10
12.9484500885,80.2102813721,38265,38275,10
12.9484395981,80.211151123,38275,38285,10
12.9484701157,80.212387085,38285,38296,11
12.9485998154,80.2139663696,38296,38306,10
12.9487600327,80.2155227661,38306,38316,10
12.9489202499,80.2171325684,38316,38326,10
12.9490604401,80.218460083,38326,38336,10
12.9491996765,80.2198028564,38336,38346,10
12.9493303299,80.2211990356,38346,38356,10
12.9493999481,80.2223968506,38356,38366,10
12.9494495392,80.2235031128,38366,38376,10
12.9495401382,80.2252578735,38376,38386,10
12.9496097565,80.2267608643,38386,38396,10
12.9497003555,80.2282180786,38396,38407,11
12.9497804642,80.2295303345,38407,38417,10
12.9498701096,80.2308578491,38417,38427,10
12.9499502182,80.2321166992,38427,38437,10
12.9500398636,80.2330627441,38437,38447,10
12.950050354,80.2331390381,38447,38457,10
12.9500703812,80.2334976196,38457,38467,10
12.9500703812,80.2342300415,38467,38477,10
12.9500303268,80.234992981,38477,38487,10
12.9499998093,80.2352218628,38487,38497,10
12.9499797821,80.2354431152,38497,38548,51
12.9499797821,80.2354431152,38548,38558,10
12.9499502182,80.2358093262,38558,38568,10
12.949930191,80.236038208,38568,38578,10
12.9497804642,80.236618042,38578,38588,10
12.9496603012,80.2374801636,38588,38598,10
12.9496002197,80.2379989624,38598,38608,10
12.9494695663,80.2386932373,38608,38619,11
12.9492502213,80.2397003174,38619,38629,10
12.949090004,80.2404632568,38629,38639,10
12.9491796494,80.2407226563,38639,38649,10
12.9496603012,80.2409362793,38649,38659,10
12.9504995346,80.2411804199,38659,38669,10
12.9510803223,80.2413406372,38669,38679,10
12.9510698318,80.2413406372,38679,38689,10
12.9512796402,80.2414169312,38689,38699,10
12.9518699646,80.2416305542,38699,38709,10
12.9526796341,80.2419281006,38709,38720,11
12.9536399841,80.2422790527,38720,38730,10
12.9544696808,80.2426071167,38730,38740,10
12.9551496506,80.2428665161,38740,38750,10
12.9558897018,80.2431106567,38750,38760,10
12.9564399719,80.2433319092,38760,38770,10
12.9564599991,80.243347168,38770,38780,10
12.9567804337,80.2434692383,38780,38790,10
12.9572401047,80.2436904907,38790,38800,10
12.9578399658,80.2439498901,38800,38810,10
12.9584598541,80.2442092896,38810,38821,11
12.9589595795,80.2444000244,38821,38831,10
12.9591999054,80.2445373535,38831,38841,10
12.959810257,80.2448501587,38841,38851,10
12.9606800079,80.2452163696,38851,38861,10
12.9616203308,80.2456588745,38861,38871,10
12.9625101089,80.2460708618,38871,38932,61
12.9625101089,80.2460708618,38932,38942,10
12.9627199173,80.2462234497,38942,38952,10
12.9630804062,80.2463912964,38952,38962,10
12.9634399414,80.2465667725,38962,38972,10
12.9637203217,80.2467269897,38972,38982,10
12.9643201828,80.2469482422,38982,38992,10
12.9650602341,80.2472076416,38992,39002,10
12.9658098221,80.2474517822,39002,39012,10
12.9662799835,80.2476806641,39012,39022,10
12.9665203094,80.2477798462,39022,39033,11
12.9667100906,80.2478637695,39033,39043,10
12.967040062,80.2479782104,39043,39063,20
12.967040062,80.2479782104,39063,39073,10
12.9672603607,80.2481079102,39073,39083,10
12.9678201675,80.2483596802,39083,39093,10
12.9686603546,80.2486801147,39093,39103,10
12.9696903229,80.2490768433,39103,39113,10
12.9707899094,80.2495269775,39113,39123,10
12.9720096588,80.2498779297,39123,39134,11
12.9732103348,80.250213623,39134,39144,10
12.9737195969,80.250328064,39144,39154,10
12.9741601944,80.2504425049,39154,39164,10
12.9750003815,80.2506866455,39164,39174,10
12.9760198593,80.2509689331,39174,39184,10
12.9771404266,80.2513275146,39184,39194,10
12.9780397415,80.2519226074,39194,39204,10
12.9786100388,80.2523117065,39204,39214,10
12.9786901474,80.2523574829,39214,39224,10
12.9789304733,80.2525024414,39224,39234,10
12.979809761,80.2526168823,39234,39305,71
12.979809761,80.2526168823,39305,39315,10
12.980099678,80.2526397705,39315,39325,10
12.9807500839,80.2526168823,39325,39335,10
12.9817199707,80.2525482178,39335,39436,101
12.9817199707,80.2525482178,39436,39446,10
12.9818496704,80.252532959,39446,39457,11
12.9821500778,80.2525177002,39457,39467,10
12.9824399948,80.2525100708,39467,39477,10
12.9827604294,80.2524795532,39477,39487,10
12.983039856,80.252456665,39487,39497,10
12.9832601547,80.2524490356,39497,39507,10
12.983710289,80.2523803711,39507,39517,10
12.9845104218,80.2521820068,39517,39527,10
12.9854803085,80.2519073486,39527,39537,10
12.9863004684,80.2516784668,39537,39840,303
12.9863004684,80.2516784668,39840,39850,10
12.9864301682,80.2515869141,39850,39860,10
12.9866304398,80.2515563965,39860,39870,10
12.9869804382,80.2514724731,39870,39881,11
12.987449646,80.2513427734,39881,39891,10
12.987859726,80.2513198853,39891,39901,10
12.9880304337,80.251739502,39901,39911,10
12.9880895615,80.2521972656,39911,39921,10
12.9880504608,80.2524490356,39921,39931,10
12.9879598618,80.2530899048,39931,39941,10
12.9878997803,80.2535705566,39941,39951,10
12.9878196716,80.2543563843,39951,39961,10
12.9877195358,80.2553100586,39961,39971,10
12.9876804352,80.2558288574,39971,39982,11
12.9876203537,80.2563705444,39982,39992,10
12.9875802994,80.2564926147,39992,40002,10
12.9875402451,80.2569580078,40002,40012,10
12.9874696732,80.2576980591,40012,40022,10
12.9874095917,80.2585525513,40022,40032,10
12.9872398376,80.2593994141,40032,40072,40
12.9872398376,80.2593994141,40072,40082,10
12.9869403839,80.2595977783,40082,40093,11
12.9868097305,80.2592697144,40093,40224,131
12.9868097305,80.2592697144,40224,40234,10
12.9872598648,80.2590713501,40234,40244,10
12.9873695374,80.2588806152,40244,40254,10
12.9874095917,80.2583236694,40254,40264,10
12.987449646,80.2576904297,40264,40274,10
12.9875001907,80.2569198608,40274,40284,10
12.9875402451,80.256439209,40284,40295,11
12.9875497818,80.2559967041,40295,40305,10
12.9877004623,80.2554931641,40305,40315,10
12.9877300262,80.2548675537,40315,40325,10
12.987739563,80.2547225952,40325,40335,10
12.9877595901,80.2544631958,40335,40345,10
12.9878101349,80.2538604736,40345,40355,10
12.9878997803,80.2528686523,40355,40365,10
12.9878702164,80.2520065308,40365,40698,333
12.9878702164,80.2520065308,40698,40708,10
12.987830162,80.2518768311,40708,40719,11
12.9876499176,80.2515869141,40719,40729,10
12.9871797562,80.2516174316,40729,40739,10
12.9864997864,80.2517776489,40739,40749,10
12.9856004715,80.2519989014,40749,40759,10
12.9844398499,80.2523117065,40759,40769,10
12.9831399918,80.2526092529,40769,40779,10
12.9817199707,80.2526931763,40779,40789,10
12.9804201126,80.2527618408,40789,40799,10
12.9792900085,80.2527236938,40799,40809,10
12.9785699844,80.2526092529,40809,40819,10
12.9785604477,80.2526016235,40819,40830,11
12.9782400131,80.2523727417,40830,40840,10
12.9776201248,80.2518234253,40840,40850,10
12.9766597748,80.2512969971,40850,40860,10
12.9754199982,80.2509307861,40860,40870,10
12.974149704,80.2505722046,40870,40880,10
12.9729795456,80.25025177,40880,40890,10
12.9716396332,80.2499237061,40890,40900,10
12.9702501297,80.2495117188,40900,40910,10
12.9688596725,80.2489776611,40910,40920,10
12.967590332,80.2484893799,40920,40931,11
12.9665899277,80.2480010986,40931,40941,10
12.9656000137,80.2476196289,40941,40951,10
12.9649600983,80.2474212646,40951,40961,10
12.9649496078,80.2474136353,40961,40971,10
12.9647302628,80.2473220825,40971,40981,10
12.9644298553,80.2472000122,40981,40991,10
12.9640703201,80.2470703125,40991,41001,10
12.9638595581,80.2469863892,41001,41011,10
12.9637298584,80.2469406128,41011,41021,10
12.963259697,80.2466964722,41021,41032,11
12.9623203278,80.2462081909,41032,41042,10
12.9612398148,80.2456817627,41042,41052,10
12.9602499008,80.2452163696,41052,41062,10
12.9593296051,80.2448730469,41062,41092,30
12.9593296051,80.2448730469,41092,41102,10
12.9591999054,80.2448272705,41102,41112,10
12.9587697983,80.2446212769,41112,41122,10
12.9580402374,80.2443084717,41122,41132,10
12.9569597244,80.2439422607,41132,41153,21
12.9569597244,80.2439422607,41153,41163,10
12.9568004608,80.2438583374,41163,41183,20
12.9568004608,80.2438583374,41183,41193,10
12.9565601349,80.2437820435,41193,41223,30
12.9565601349,80.2437820435,41223,41233,10
12.9562902451,80.2436904907,41233,41244,11
12.9559602737,80.243522644,41244,41254,10
12.955329895,80.2431716919,41254,41264,10
12.9544696808,80.2427902222,41264,41274,10
12.953499794,80.2423782349,41274,41284,10
12.9524097443,80.2419433594,41284,41294,10
12.9516000748,80.2416763306,41294,41314,20
12.9513502121,80.2415618896,41314,41324,10
12.9513502121,80.2415618896,41324,41334,10
12.9506101608,80.2413024902,41334,41344,10
12.9491500854,80.2408294678,41344,41407,63
12.9491500854,80.2408294678,41407,41417,10
12.9488697052,80.2406463623,41417,41427,10
12.9490604401,80.2398834229,41427,41437,10
12.9491596222,80.2393875122,41437,41446,9
12.9491596222,80.2393798828,41446,41458,12
12.9492197037,80.2392272949,41458,41468,10
12.9492998123,80.2389297485,41468,41478,10
12.9494104385,80.2384719849,41478,41488,10
12.9495000839,80.2379379272,41488,41498,10
12.9495697021,80.2373580933,41498,41508,10
12.949640274,80.2368621826,41508,41518,10
12.9496803284,80.2364120483,41518,41528,10
12.9497404099,80.2360076904,41528,41538,10
12.9497699738,80.2358398438,41538,41548,10
12.9497900009,80.2356185913,41548,41559,11
12.9498796463,80.2351379395,41559,41569,10
12.9499502182,80.2345962524,41569,41579,10
12.9499902725,80.2338790894,41579,41599,20
12.9499902725,80.2338790894,41599,41609,10
12.9499998093,80.2338562012,41609,41619,10
12.9499998093,80.2334899902,41619,41629,10
12.9499597549,80.2326965332,41629,41639,10
12.9498996735,80.2316589355,41639,41649,10
12.9498195648,80.2304382324,41649,41659,10
12.9497203827,80.2289962769,41659,41670,11
12.949640274,80.2275390625,41670,41680,10
12.9495601654,80.2259368896,41680,41690,10
12.9494800568,80.2242889404,41690,41700,10
12.9494104385,80.2226333618,41700,41710,10
12.9492797852,80.2210922241,41710,41720,10
12.9491596222,80.2196578979,41720,41730,10
12.9490203857,80.218132019,41730,41740,10
12.9488697052,80.2165222168,41740,41750,10
12.9486999512,80.2148590088,41750,41760,10
12.9485397339,80.2132492065,41760,41771,11
12.9484395981,80.2116775513,41771,41781,10
12.9484195709,80.2104797363,41781,41791,10
12.948390007,80.2099914551,41791,41801,10
12.9484701157,80.2095489502,41801,41811,10
12.9485502243,80.2087173462,41811,41831,20
12.9485502243,80.2087173462,41831,41841,10
12.9485902786,80.2084503174,41841,41851,10
12.9486398697,80.2077713013,41851,41861,10
12.9487199783,80.2068786621,41861,41871,10
12.9487400055,80.2060699463,41871,41882,11
12.9486999512,80.204498291,41882,41892,10
12.9486598969,80.2032394409,41892,41902,10
12.9486103058,80.2020187378,41902,41912,10
12.9485702515,80.2008132935,41912,41922,10
12.9485197067,80.199546814,41922,41932,10
12.9484901428,80.1987075806,41932,41942,10
12.9484596252,80.1982116699,41942,41952,10
12.9484596252,80.1980667114,41952,41962,10
12.9484596252,80.1975479126,41962,41972,10
12.9484901428,80.1967697144,41972,41983,11
12.9484796524,80.1957321167,41983,42003,20
12.9484796524,80.1957321167,42003,42013,10
12.9484901428,80.195350647,42013,42023,10
12.94851017,80.1948928833,42023,42033,10
12.9485197067,80.1941833496,42033,42043,10
12.9485502243,80.1932678223,42043,42053,10
12.9485797882,80.1922225952,42053,42063,10
12.9486198425,80.1910476685,42063,42073,10
12.9486999512,80.1898880005,42073,42084,11
12.9488201141,80.1887207031,42084,42094,10
12.9489202499,80.1875991821,42094,42104,10
12.9490098953,80.1865615845,42104,42114,10
12.9490203857,80.1857910156,42114,42124,10
12.9490003586,80.1853637695,42124,42164,40
12.9490003586,80.1853637695,42164,42174,10
12.9490499496,80.1849899292,42174,42184,10
12.9491996765,80.1837921143,42184,42205,21
12.9491996765,80.1837921143,42205,42215,10
12.949259758,80.1835021973,42215,42225,10
12.9493703842,80.1828765869,42225,42235,10
12.9495000839,80.1820678711,42235,42245,10
12.9496297836,80.181312561,42245,42255,10
12.949669838,80.1810531616,42255,42265,10
12.9497699738,80.1805496216,42265,42275,10
12.9499101639,80.1797790527,42275,42285,10
12.9501600266,80.178817749,42285,42296,11
12.9504899979,80.177520752,42296,42306,10
12.9507703781,80.176361084,42306,42316,10
12.9510202408,80.175239563,42316,42326,10
12.9511899948,80.174331665,42326,42336,10
12.951210022,80.1742324829,42336,42346,10
12.9512796402,80.1739196777,42346,42356,10
12.9514102936,80.1733398438,42356,42366,10
12.9515695572,80.1725082397,42366,42376,10
12.9517402649,80.1715393066,42376,42386,10
12.9519395828,80.1704711914,42386,42396,10
12.9521598816,80.1692810059,42396,42407,11
12.9524402618,80.1678771973,42407,42417,10
12.9527597427,80.1665802002,42417,42427,10
12.9530897141,80.1652908325,42427,42437,10
12.953379631,80.1639709473,42437,42447,10
12.9536800385,80.1625595093,42447,42457,10
12.9539899826,80.1610565186,42457,42467,10
12.9542703629,80.1595611572,42467,42477,10
12.9544000626,80.1588973999,42477,42508,31
12.9544000626,80.1588973999,42508,42518,10
12.954460144,80.1585998535,42518,42528,10
12.9544897079,80.158493042,42528,42538,10
12.9545001984,80.1584014893,42538,42548,10
12.9546098709,80.1579437256,42548,42558,10
12.9547700882,80.1572113037,42558,42568,10
12.9549798965,80.1563262939,42568,42577,9
12.9551801682,80.1553878784,42577,42588,11
12.9554595947,80.1540985107,42588,42598,10
12.9558401108,80.1528701782,42598,42608,10
12.9566001892,80.1518325806,42608,42619,11
12.9576501846,80.150970459,42619,42629,10
12.9587497711,80.1500473022,42629,42649,20
12.9587497711,80.1500473022,42649,42659,10
12.9590597153,80.149848938,42659,42669,10
12.9594697952,80.1493377686,42669,42679,10
12.9596595764,80.1486206055,42679,42689,10
12.959810257,80.1478424072,42689,42699,10
12.9599704742,80.1470718384,42699,42709,10
12.9601402283,80.1462478638,42709,42720,11
12.9602499008,80.1455764771,42720,42730,10
12.9600696564,80.1453399658,42730,42740,10
12.9594602585,80.1450195313,42740,42750,10
12.9585895538,80.144569397,42750,42759,9
12.95773983,80.1441192627,42759,42770,11
12.9566402435,80.1435317993,42770,42780,10
12.9557800293,80.1430511475,42780,42790,10
12.9547700882,80.1424713135,42790,42800,10
12.9538002014,80.1419525146,42800,42810,10
12.9532203674,80.1416625977,42810,42821,11
12.9526796341,80.1413192749,42821,42831,10
12.9522695541,80.1409835815,42831,42841,10
12.9515800476,80.1405029297,42841,42871,30
12.9515800476,80.1405029297,42871,42881,10
12.9512901306,80.1402511597,42881,42891,10
12.950920105,80.1399612427,42891,42901,10
12.9506702423,80.1397171021,42901,42911,10
12.9502096176,80.1393737793,42911,42921,10
12.9496097565,80.1389083862,42921,42932,11
12.9486198425,80.1381072998,42932,42942,10
12.9476804733,80.1374511719,42942,42952,10
12.9468097687,80.1368103027,42952,42962,10
12.9457397461,80.1359405518,42962,42972,10
12.9446401596,80.1351013184,42972,42982,10
12.9437303543,80.1344070435,42982,42992,10
12.9428195953,80.1336135864,42992,43002,10
12.94190979,80.1326675415,43002,43012,10
12.9409799576,80.1317062378,43012,43022,10
12.9400596619,80.1307296753,43022,43033,11
12.9390201569,80.1297683716,43033,43043,10
12.9382801056,80.12915802,43043,43053,10
12.9377803802,80.1287765503,43053,43073,20
12.9377803802,80.1287765503,43073,43083,10
12.9374799728,80.1285018921,43083,43093,10
12.9371204376,80.1281585693,43093,43103,10
12.9367904663,80.1278991699,43103,43133,30
12.9367904663,80.1278991699,43133,43144,11
12.93653965,80.1277008057,43144,43154,10
12.9362297058,80.1274795532,43154,43164,10
12.9359397888,80.1271820068,43164,43174,10
12.9354600906,80.1266937256,43174,43184,10
12.934800148,80.1260528564,43184,43194,10
12.9340400696,80.1253509521,43194,43204,10
12.9332199097,80.1245498657,43204,43214,10
12.9324197769,80.1237411499,43214,43224,10
12.9315500259,80.1228790283,43224,43234,10
12.9307804108,80.1221313477,43234,43245,11
12.9300298691,80.121421814,43245,43255,10
12.9293699265,80.1207199097,43255,43265,10
12.9286003113,80.1199035645,43265,43275,10
12.9278001785,80.119102478,43275,43285,10
12.9274301529,80.1187210083,43285,43295,10
12.9274101257,80.1187133789,43295,43305,10
12.9273099899,80.118598938,43305,43315,10
12.9271297455,80.1183929443,43315,43325,10
12.9267301559,80.1180114746,43325,43335,10
12.9262800217,80.1176071167,43335,43366,31
12.9262800217,80.1176071167,43366,43376,10
12.9261198044,80.1174468994,43376,43386,10
12.9257202148,80.1171417236,43386,43396,10
12.925239563,80.1166687012,43396,43406,10
12.9247198105,80.1161422729,43406,43416,10
12.9243202209,80.1157302856,43416,43426,10
12.9240903854,80.1155090332,43426,43436,10
12.9239196777,80.1151123047,43436,43446,10
12.9241199493,80.1150512695,43446,43457,11
12.9244804382,80.1154022217,43457,43467,10
12.9249897003,80.1159362793,43467,43477,10
12.9255800247,80.1165237427,43477,43487,10
12.9260702133,80.1170501709,43487,43497,10
12.9262199402,80.1172714233,43497,43507,10
12.9264001846,80.117477417,43507,43517,10
12.9265604019,80.1176528931,43517,43527,10
12.9267501831,80.1178207397,43527,43557,30
12.9267501831,80.1178207397,43557,43568,11
12.9270601273,80.1180496216,43568,43628,60
12.9270601273,80.1180496216,43628,43638,10
12.927280426,80.1183624268,43638,43648,10
12.9273195267,80.1184463501,43648,43658,10
12.9276304245,80.1187515259,43658,43669,11
12.9281396866,80.1192474365,43669,43679,10
12.9285097122,80.1196136475,43679,43689,10
12.9287796021,80.1198730469,43689,43699,10
12.9289102554,80.120010376,43699,43709,10
12.9291095734,80.1201934814,43709,43719,10
12.9293899536,80.1204223633,43719,44093,374
12.9293899536,80.1204223633,44093,44103,10
12.9295902252,80.1206588745,44103,44113,10
12.9299402237,80.1209869385,44113,44123,10
12.9304199219,80.1214904785,44123,44133,10
12.9309797287,80.1220626831,44133,44143,10
12.9313201904,80.1223983765,44143,44153,10
12.9314203262,80.1225128174,44153,44163,10
12.9317102432,80.122833252,44163,44224,61
12.9317102432,80.122833252,44224,44234,10
12.9319896698,80.1231536865,44234,44244,10
12.932559967,80.1237335205,44244,44254,10
12.9332799911,80.1244430542,44254,44264,10
12.9340896606,80.1252365112,44264,44274,10
12.9349403381,80.1260528564,44274,44284,10
12.9356899261,80.1266403198,44284,44295,11
12.936249733,80.1271362305,44295,44305,10
12.9366798401,80.1274185181,44305,44315,10
12.936920166,80.1271514893,44315,44325,10
12.9372797012,80.1268386841,44325,44335,10
12.9376897812,80.127166748,44335,44345,10
12.9376296997,80.1275177002,44345,44365,20
12.9376296997,80.1275177002,44365,44375,10
12.9375495911,80.1277389526,44375,44385,10
12.9374504089,80.1278915405,44385,44396,11
12.9373998642,80.1279983521,44396,44406,10
12.9375600815,80.1281814575,44406,44416,10
12.9379901886,80.1285934448,44416,44426,10
12.938659668,80.1292190552,44426,44436,10
12.939499855,80.130027771,44436,44446,10
12.9405097961,80.1309967041,44446,44456,10
12.9414596558,80.1319503784,44456,44466,10
12.942150116,80.1326980591,44466,44476,10
12.9423904419,80.1330032349,44476,44486,10
12.9427995682,80.1334075928,44486,44496,10
12.943479538,80.1340866089,44496,44507,11
12.9444599152,80.1348800659,44507,44517,10
12.9454803467,80.1356964111,44517,44527,10
12.9465799332,80.1365737915,44527,44537,10
12.9476995468,80.1373519897,44537,44547,10
12.9488296509,80.1381530762,44547,44557,10
12.9498500824,80.1389770508,44557,44567,10
12.9504899979,80.1393814087,44567,44587,20
12.9504899979,80.1393814087,44587,44597,10
12.9505796432,80.1394424438,44597,44608,11
12.9509801865,80.1396865845,44608,44618,10
12.9514503479,80.1400222778,44618,44628,10
12.9514598846,80.1400375366,44628,44638,10
12.9515104294,80.1400909424,44638,44648,10
12.951789856,80.1403121948,44648,44658,10
12.9519500732,80.1404037476,44658,44668,10
12.9521198273,80.1406478882,44668,44678,10
12.9522800446,80.140838623,44678,44688,10
12.9524698257,80.1409835815,44688,44698,10
12.9529600143,80.1413421631,44698,44708,10
12.9534597397,80.1416625977,44708,44719,11
12.9541797638,80.1420593262,44719,44729,10
12.9549598694,80.1424789429,44729,44739,10
12.9556398392,80.142829895,44739,44749,10
12.9559602737,80.1429977417,44749,44759,10
12.9560403824,80.1430435181,44759,44769,10
12.9564399719,80.1432495117,44769,44779,10
12.9569301605,80.1435012817,44779,44789,10
12.9573802948,80.143737793,44789,44799,10
12.9580097198,80.1440429688,44799,44809,10
12.9587402344,80.1443710327,44809,44820,11
12.9594898224,80.14478302,44820,44830,10
12.9601602554,80.1451263428,44830,44840,10
12.960559845,80.1453399658,44840,44850,10
12.9603900909,80.1457519531,44850,44860,10
12.9602003098,80.1465072632,44860,44870,10
12.9600000381,80.1474761963,44870,44880,10
12.9597702026,80.1485900879,44880,44890,10
12.9594202042,80.1496963501,44890,44900,10
12.9587097168,80.1503677368,44900,44910,10
12.9585695267,80.1504592896,44910,44921,11
12.9581298828,80.1507873535,44921,44931,10
12.9574203491,80.1513366699,44931,44941,10
12.9565496445,80.1520385742,44941,44951,10
12.9558095932,80.1530838013,44951,44961,10
12.9554004669,80.1544418335,44961,44971,10
12.9550800323,80.155960083,44971,44981,10
12.954750061,80.1575469971,44981,44991,10
12.9544801712,80.1589431763,44991,45001,10
12.9543895721,80.1595230103,45001,45011,10
12.9543800354,80.1595916748,45011,45021,10
12.9542703629,80.1600570679,45021,45032,11
12.9540596008,80.1610412598,45032,45042,10
12.9538002014,80.1622085571,45042,45052,10
12.9535102844,80.16355896,45052,45062,10
12.9532003403,80.1650238037,45062,45072,10
12.9528503418,80.166557312,45072,45082,10
12.9524402618,80.1681137085,45082,45092,10
12.9521799088,80.1694869995,45092,45102,10
12.9520196915,80.1705093384,45102,45112,10
12.9518299103,80.1716003418,45112,45122,10
12.9515895844,80.1728668213,45122,45133,11
12.9513301849,80.1742477417,45133,45143,10
12.9510498047,80.1754837036,45143,45153,10
12.9507598877,80.1767730713,45153,45163,10
12.9504299164,80.1780776978,45163,45173,10
12.9500999451,80.1793365479,45173,45183,10
12.9498996735,80.1802597046,45183,45193,10
12.949760437,80.1810684204,45193,45203,10
12.949640274,80.1818084717,45203,45213,10
12.9494695663,80.1827392578,45213,45223,10
12.9493198395,80.1837310791,45223,45233,10
12.9493103027,80.1840133667,45233,45244,11
12.9492998123,80.1841888428,45244,45254,10
12.949259758,80.1851119995,45254,45314,60
12.949259758,80.1851119995,45314,45324,10
12.9492902756,80.1852874756,45324,45334,10
12.9492197037,80.185798645,45334,45345,11
12.9491701126,80.1864624023,45345,45355,10
12.9491100311,80.1870880127,45355,45365,10
12.9490499496,80.1877365112,45365,45375,10
12.948969841,80.1884231567,45375,45385,10
12.9489202499,80.1890182495,45385,45395,10
12.9488401413,80.1896133423,45395,45405,10
12.9487695694,80.1904830933,45405,45415,10
12.9486999512,80.191368103,45415,45425,10
12.9486703873,80.1922225952,45425,45435,10
12.9486303329,80.193107605,45435,45445,10
12.9485902786,80.1941833496,45445,45456,11
12.9485998154,80.1951828003,45456,45466,10
12.9485998154,80.195602417,45466,45476,10
12.9485702515,80.1960372925,45476,45486,10
12.9485502243,80.1968231201,45486,45496,10
12.9485197067,80.197807312,45496,45506,10
12.9485502243,80.1987991333,45506,45516,10
12.9485902786,80.1995391846,45516,45526,10
12.9486103058,80.1998519897,45526,45536,10
12.9486398697,80.2005386353,45536,45546,10
12.9486598969,80.2015075684,45546,45557,11
12.9486999512,80.2027206421,45557,45567,10
12.9487304688,80.2032165527,45567,45577,10
12.9487199783,80.2034225464,45577,45587,10
12.9487400055,80.2040405273,45587,45597,10
12.9487600327,80.2049407959,45597,45607,10
12.9487800598,80.2060165405,45607,45617,10
12.9487199783,80.2070770264,45617,45627,10
12.9486503601,80.2080078125,45627,45637,10
12.9485902786,80.2087936401,45637,45647,10
12.9485797882,80.2091827393,45647,45658,11
12.9485797882,80.2092590332,45658,45668,10
12.948559761,80.2093811035,45668,45678,10
12.9485502243,80.2098770142,45678,45688,10
12.9484701157,80.2104568481,45688,45698,10
12.9484596252,80.2113189697,45698,45708,10
12.9484796524,80.2124099731,45708,45718,10
12.948559761,80.2136306763,45718,45728,10
12.948679924,80.214881897,45728,45738,10
12.9488201141,80.216217041,45738,45748,10
12.948969841,80.217666626,45748,45758,10
12.9491195679,80.2191696167,45758,45769,11
12.9492902756,80.2208786011,45769,45779,10
12.9494104385,80.2224502563,45779,45789,10
12.9495000839,80.2240600586,45789,45799,10
12.9495801926,80.225692749,45799,45809,10
12.9496603012,80.2273025513,45809,45819,10
12.9497404099,80.2288589478,45819,45829,10
12.9498195648,80.2302322388,45829,45839,10
12.949930191,80.2315597534,45839,45849,10
12.9500198364,80.2326583862,45849,45859,10
12.950050354,80.2331085205,45859,45870,11
12.9500703812,80.2332687378,45870,45880,10
12.9500904083,80.23387146,45880,45890,10
12.9500398636,80.2346878052,45890,45900,10
12.9499797821,80.2356719971,45900,45981,81
12.9499797821,80.2356719971,45981,45991,10
12.9499397278,80.2361373901,45991,46001,10
12.9497995377,80.2368011475,46001,46011,10
12.9496603012,80.237701416,46011,46021,10
12.9495000839,80.2386627197,46021,46031,10
12.9492998123,80.2396316528,46031,46041,10
12.9491596222,80.2403411865,46041,46051,10
12.949139595,80.2404327393,46051,46061,10
12.9491996765,80.2406387329,46061,46071,10
12.9492902756,80.2407913208,46071,46082,11
12.9497003555,80.2409362793,46082,46092,10
12.9504098892,80.2411575317,46092,46102,10
12.9510002136,80.241317749,46102,46112,10
12.951089859,80.2413787842,46112,46122,10
12.9514198303,80.2415237427,46122,46132,10
12.9520797729,80.2417526245,46132,46142,10
12.9529304504,80.2420501709,46142,46152,10
12.9538402557,80.2424087524,46152,46161,9
12.9546203613,80.2427215576,46161,46172,11
12.9551200867,80.2429122925,46172,46182,10
12.9560003281,80.2432022095,46182,46193,11
12.9564399719,80.2433395386,46193,46203,10
12.9564399719,80.243347168,46203,46213,10
12.9568500519,80.2435073853,46213,46223,10
12.9575595856,80.2438812256,46223,46233,10
12.9583797455,80.2442169189,46233,46243,10
12.9589595795,80.2444610596,46243,46253,10
12.9590501785,80.2445220947,46253,46263,10
12.9594097137,80.2447128296,46263,46273,10
12.9601297379,80.2450408936,46273,46283,10
12.9610795975,80.2454833984,46283,46294,11
12.9623403549,80.24609375,46294,46304,10
12.9634399414,80.2466430664,46304,46314,10
12.9640798569,80.246887207,46314,46324,10
12.9647397995,80.2471389771,46324,46334,10
12.9654998779,80.2473831177,46334,46344,10
12.966219902,80.2476806641,46344,46354,10
12.9667596817,80.2479400635,46354,46364,10
12.967040062,80.248046875,46364,46374,10
12.9671401978,80.2480773926,46374,46384,10
12.9672403336,80.2481307983,46384,46395,11
12.9678096771,80.2483901978,46395,46405,10
12.9686098099,80.2487182617,46405,46415,10
12.9696102142,80.2491226196,46415,46425,10
12.9707202911,80.2495193481,46425,46435,10
12.9720401764,80.2499008179,46435,46445,10
12.9733295441,80.2502365112,46445,46455,10
12.9742603302,80.2504882813,46455,46465,10
12.9753398895,80.2508163452,46465,46475,10
12.9765100479,80.2511520386,46475,46485,10
12.9773902893,80.2514877319,46485,46495,10
12.9780597687,80.2519989014,46495,46506,11
12.9784097672,80.2522506714,46506,46516,10
12.9785499573,80.2523422241,46516,46596,80
12.9785499573,80.2523422241,46596,46607,11
12.9788503647,80.2524795532,46607,46617,10
12.9792404175,80.252571106,46617,46627,10
12.979590416,80.2526016235,46627,46718,91
12.979590416,80.2526016235,46718,46728,10
12.9796199799,80.2525634766,46728,46738,10
12.9799699783,80.2525787354,46738,46748,10
12.9805297852,80.252571106,46748,46758,10
12.9809398651,80.252571106,46758,46768,10
12.9811000824,80.252571106,46768,46778,10
12.981470108,80.252571106,46778,46788,10
12.9817800522,80.252571106,46788,46808,20
12.9817800522,80.252571106,46808,46819,11
12.9820203781,80.252571106,46819,46829,10
12.9820995331,80.252571106,46829,46839,10
12.9823799133,80.2525634766,46839,46849,10
12.9827299118,80.252532959,46849,46859,10
12.9829797745,80.2525100708,46859,46869,10
12.9831895828,80.2525024414,46869,46879,10
12.9834604263,80.252456665,46879,46889,10
12.9837398529,80.2524032593,46889,46899,10
12.9843997955,80.2521972656,46899,46909,10
12.9854803085,80.2518920898,46909,47061,152
12.9858503342,80.2518234253,47061,47111,50
12.9858503342,80.2518234253,47111,47121,10
12.9862804413,80.2515869141,47121,47131,10
12.9867200851,80.2515029907,47131,47142,11
12.987449646,80.2513427734,47142,47152,10
12.9878396988,80.2513427734,47152,47162,10
12.9879903793,80.2517929077,47162,47172,10
12.9880504608,80.2521972656,47172,47182,10
12.9880304337,80.2523574829,47182,47192,10
12.9879398346,80.2531280518,47192,47202,10
12.987830162,80.2542800903,47202,47212,10
12.9877099991,80.255279541,47212,47222,10
12.9876804352,80.2556991577,47222,47323,101
12.9876804352,80.2556991577,47323,47333,10
12.9877099991,80.2557983398,47333,47343,10
12.9876203537,80.2561416626,47343,47354,11
12.9875097275,80.2568511963,47354,47364,10
12.9874000549,80.2576980591,47364,47374,10
12.9873399734,80.2586135864,47374,47384,10
12.9872598648,80.2592010498,47384,47394,10
12.9872102737,80.2595367432,47394,47425,31
12.9872102737,80.2595367432,47425,47435,10
12.986989975,80.2596588135,47435,47688,253
12.986989975,80.2596588135,47688,47698,10
12.9867897034,80.2595596313,47698,47708,10
12.9865999222,80.2593917847,47708,47769,61
12.986579895,80.2591781616,47769,47789,20
12.986579895,80.2591781616,47789,47799,10
12.9867296219,80.2590026855,47799,47809,10
12.9870100021,80.2590789795,47809,47870,61
12.9873895645,80.2590484619,47870,47910,40
12.9873895645,80.2590484619,47910,47920,10
12.987449646,80.2589187622,47920,47930,10
12.9874401093,80.2585906982,47930,47940,10
12.987449646,80.2583007813,47940,47950,10
12.987449646,80.2578964233,47950,47960,10
12.9874696732,80.2573623657,47960,47970,10
12.9875202179,80.2567367554,47970,47981,11
12.987569809,80.2562484741,47981,47991,10
12.9876499176,80.2556991577,47991,48001,10
12.9877195358,80.255241394,48001,48011,10
12.9877595901,80.2547683716,48011,48021,10
12.9878396988,80.2537918091,48021,48031,10
12.987859726,80.2526779175,48031,48213,182
12.987859726,80.2526779175,48213,48223,10
12.9878902435,80.252532959,48223,48233,10
12.9879198074,80.252281189,48233,48243,10
12.9878797531,80.2519226074,48243,48253,10
12.987830162,80.2517166138,48253,48263,10
12.9873199463,80.2516098022,48263,48273,10
12.9865598679,80.251739502,48273,48283,10
12.9853200912,80.2520599365,48283,48294,11
12.9839401245,80.2524414063,48294,48304,10
12.9825496674,80.2526626587,48304,48314,10
12.9811496735,80.2527084351,48314,48324,10
12.9800395966,80.2527389526,48324,48334,10
12.9792995453,80.2526779175,48334,48344,10
12.9784002304,80.2524490356,48344,48354,10
12.977399826,80.251663208,48354,48364,10
12.975979805,80.2510986328,48364,48374,10
12.9746799469,80.2507171631,48374,48384,10
12.973739624,80.2504730225,48384,48395,11
12.9724702835,80.2501220703,48395,48405,10
12.971280098,80.2498016357,48405,48415,10
12.9707603455,80.249671936,48415,48425,10
12.9699497223,80.249382019,48425,48435,10
12.9688396454,80.2489395142,48435,48445,10
12.9675998688,80.2484436035,48445,48455,10
12.9666795731,80.2480010986,48455,48465,10
12.9660596848,80.247718811,48465,48475,10
12.9653997421,80.2474822998,48475,48485,10
12.9651699066,80.2474212646,48485,48496,11
12.9648895264,80.2473297119,48496,48506,10
12.9643297195,80.2471084595,48506,48516,10
12.9638795853,80.2469177246,48516,48526,10
12.9638795853,80.2469177246,48526,48536,10
12.9635801315,80.2468032837,48536,48546,10
12.9630899429,80.2465362549,48546,48556,10
12.9625101089,80.2462387085,48556,48566,10
12.9618301392,80.2459106445,48566,48576,10
12.9610996246,80.2455596924,48576,48588,12
12.9603300095,80.2452011108,48588,48599,11
12.9596004486,80.2449035645,48599,48610,11
12.9595298767,80.2448577881,48610,48620,10
12.9593696594,80.2447891235,48620,48630,10
12.9588403702,80.2445373535,48630,48641,11
12.9581003189,80.2442169189,48641,48650,9
12.9574203491,80.2440032959,48650,48661,11
12.9564599991,80.2436904907,48661,48701,40
12.9564599991,80.2436904907,48701,48712,11
12.9562902451,80.2436828613,48712,48722,10
12.9557695389,80.2433776855,48722,48732,10
12.9548397064,80.2429428101,48732,48742,10
12.9539003372,80.2425384521,48742,48752,10
12.9528102875,80.2420806885,48752,48762,10
12.9519701004,80.2417678833,48762,48772,10
12.9516601563,80.2416305542,48772,48782,10
12.9508800507,80.2413635254,48782,48792,10
12.9497995377,80.2410430908,48792,48802,10
12.9491195679,80.2408218384,48802,48843,41
12.9491195679,80.2408218384,48843,48853,10
12.948969841,80.2407302856,48853,48863,10
12.9489202499,80.2403869629,48863,48873,10
12.9490699768,80.2398223877,48873,48883,10
12.9491596222,80.2393569946,48883,48893,10
12.9491701126,80.2393569946,48893,48903,10
12.9492797852,80.2391204834,48903,48913,10
12.9494400024,80.2384567261,48913,48924,11
12.9495601654,80.2377166748,48924,48934,10
12.949669838,80.2369308472,48934,48944,10
12.9497003555,80.2359390259,48944,48974,30
12.9497003555,80.2359390259,48974,48984,10
12.9497699738,80.2355422974,48984,48994,10
12.949930191,80.2347488403,48994,49004,10
12.9499902725,80.2339019775,49004,49014,10
12.9499998093,80.2335968018,49014,49025,11
12.9499797821,80.2328262329,49025,49035,10
12.949930191,80.2318878174,49035,49045,10
12.9498701096,80.2308120728,49045,49055,10
12.9498100281,80.2296524048,49055,49065,10
12.9497499466,80.2284622192,49065,49075,10
12.9496803284,80.2272262573,49075,49085,10
12.9496097565,80.225982666,49085,49095,10
12.9495601654,80.2247085571,49095,49105,10
12.9494895935,80.2233963013,49105,49116,11
12.9494199753,80.2220230103,49116,49125,9
12.9492998123,80.2205505371,49125,49137,12
12.9491195679,80.2186965942,49137,49147,10
12.9489603043,80.2171783447,49147,49157,10
12.9488096237,80.2156829834,49157,49167,10
12.9486598969,80.2141799927,49167,49177,10
12.9485197067,80.2127685547,49177,49187,10
12.9484596252,80.2114181519,49187,49197,10
12.9484500885,80.2102584839,49197,49207,10
12.9484596252,80.2095336914,49207,49217,10
12.9485197067,80.2087478638,49217,49227,10
12.9485397339,80.2085800171,49227,49238,11
12.9485797882,80.2079086304,49238,49248,10
12.9486703873,80.2069625854,49248,49258,10
12.9487199783,80.2059326172,49258,49268,10
12.9487104416,80.2048721313,49268,49278,10
12.948679924,80.2037811279,49278,49288,10
12.9486503601,80.2026824951,49288,49298,10
12.9486198425,80.2015533447,49298,49308,10
12.9485797882,80.200378418,49308,49318,10
12.9485397339,80.1993179321,49318,49328,10
12.9484996796,80.1987609863,49328,49338,10
12.9484996796,80.1985092163,49338,49349,11
12.9484901428,80.1977996826,49349,49359,10
12.9484996796,80.1968994141,49359,49369,10
12.9485197067,80.1959533691,49369,49379,10
12.9485397339,80.1949462891,49379,49389,10
12.9485502243,80.1940383911,49389,49399,10
12.9485702515,80.1932907104,49399,49409,10
12.9485998154,80.1923370361,49409,49419,10
12.9486398697,80.1912002563,49419,49429,10
12.9487104416,80.1901016235,49429,49439,10
12.9487895966,80.1893081665,49439,49450,11
12.9488801956,80.188117981,49450,49460,10
12.9490098953,80.1869277954,49460,49470,10
12.9490804672,80.1857376099,49470,49480,10
12.949139595,80.1845703125,49480,49490,10
12.9492797852,80.1836395264,49490,49500,10
12.9494199753,80.1827774048,49500,49510,10
12.949549675,80.1819763184,49510,49520,10
12.9496803284,80.1811676025,49520,49530,10
12.9497804642,80.1806411743,49530,49540,10
12.9499197006,80.1798934937,49540,49550,10
12.9501399994,80.1788787842,49550,49561,11
12.9503602982,80.1780014038,49561,49571,10
12.9505901337,80.1771316528,49571,49581,10
12.9508399963,80.1761779785,49581,49591,10
12.9510498047,80.175239563,49591,49601,10
12.9511995316,80.1744003296,49601,49611,10
12.951379776,80.1736297607,49611,49621,10
12.9515695572,80.1726303101,49621,49631,10
12.9517498016,80.1716079712,49631,49641,10
12.9519500732,80.1705322266,49641,49651,10
12.9521598816,80.1693267822,49651,49662,11
12.9524402618,80.1679763794,49662,49672,10
12.9527797699,80.1667404175,49672,49682,10
12.9530696869,80.1654815674,49682,49692,10
12.9533500671,80.1641921997,49692,49702,10
12.9536304474,80.1629180908,49702,49712,10
12.953909874,80.1616210938,49712,49722,10
12.9541797638,80.1602706909,49722,49732,10
12.9544401169,80.1588821411,49732,49763,31
12.9544401169,80.1588821411,49763,49773,10
12.9544801712,80.1586837769,49773,49783,10
12.9545001984,80.1585083008,49783,49793,10
12.9545497894,80.1582565308,49793,49803,10
12.9546899796,80.1576309204,49803,49813,10
12.9548597336,80.1568069458,49813,49823,10
12.9550104141,80.1560821533,49823,49833,10
12.9552202225,80.1551132202,49833,49843,10
12.9554595947,80.154006958,49843,49853,10
12.9557304382,80.1530914307,49853,49863,10
12.9561395645,80.1522674561,49863,49874,11
12.956990242,80.1514968872,49874,49884,10
12.9578304291,80.1508102417,49884,49894,10
12.9585599899,80.1501998901,49894,49904,10
12.9592504501,80.1496505737,49904,49914,10
12.9596099854,80.1488800049,49914,49924,10
12.9597702026,80.148147583,49924,49934,10
12.9599103928,80.1474304199,49934,49944,10
12.9600801468,80.1465911865,49944,49954,10
12.9602499008,80.1457214355,49954,49964,10
12.9602403641,80.1453933716,49964,49975,11
12.9605798721,80.1452407837,49975,49985,10
12.9612598419,80.1456604004,49985,49995,10
12.9621601105,80.146156311,49995,50005,10
12.9631204605,80.1466827393,50005,50015,10
12.9639101028,80.1472167969,50015,50025,10
12.9647703171,80.1477279663,50025,50035,10
12.965669632,80.1482391357,50035,50045,10
12.9665298462,80.1486587524,50045,50055,10
12.9672698975,80.1490097046,50055,50075,20
12.9672698975,80.1490097046,50075,50086,11
12.9674596786,80.1491470337,50086,50096,10
12.9678897858,80.1493682861,50096,50106,10
12.9682798386,80.149520874,50106,50126,20
12.9682798386,80.149520874,50126,50136,10
12.9684801102,80.1496124268,50136,50146,10
12.9689903259,80.1498565674,50146,50156,10
12.969619751,80.1501617432,50156,50166,10
12.9703998566,80.1505203247,50166,50176,10
12.9712095261,80.150932312,50176,50187,11
12.9718704224,80.1512374878,50187,50197,10
12.972530365,80.15184021,50197,50207,10
12.973279953,80.1528701782,50207,50247,40
12.973279953,80.1528701782,50247,50257,10
12.9734201431,80.1530838013,50257,50308,51
12.9734201431,80.1530838013,50308,50318,10
12.9732999802,80.153213501,50318,50328,10
12.9729795456,80.1527175903,50328,50338,10
12.9725103378,80.1520309448,50338,50348,10
12.9720001221,80.1514434814,50348,50358,10
12.9712200165,80.1510162354,50358,50368,10
12.9703998566,80.1506195068,50368,50378,10
12.9696798325,80.1503219604,50378,50388,10
12.9693002701,80.1501312256,50388,50479,91
12.9692296982,80.1499633789,50479,50560,81
12.9692802429,80.1500167847,50560,50671,111
12.9692802429,80.1500167847,50671,50681,10
12.969209671,80.1499481201,50681,50691,10
12.9690103531,80.1498336792,50691,50701,10
12.9684400558,80.149597168,50701,50712,11
12.9675502777,80.1492767334,50712,50732,20
12.9675502777,80.1492767334,50732,50742,10
12.9674196243,80.1492462158,50742,50752,10
12.9669704437,80.149017334,50752,50762,10
12.9664402008,80.1487426758,50762,50772,10
12.9658498764,80.1484680176,50772,50782,10
12.9651002884,80.1480484009,50782,50792,10
12.9642295837,80.1475601196,50792,50802,10
12.963259697,80.1471176147,50802,50813,11
12.9621696472,80.1465377808,50813,50823,10
12.961139679,80.1459884644,50823,50833,10
12.9603595734,80.1456375122,50833,50843,10
12.9601402283,80.1463165283,50843,50853,10
12.9599504471,80.147277832,50853,50863,10
12.9597501755,80.1483001709,50863,50873,10
12.9595804214,80.1491622925,50873,50883,10
12.9588804245,80.1501312256,50883,50893,10
12.9585800171,80.1503982544,50893,50903,10
12.9583902359,80.1505584717,50903,50913,10
12.9577198029,80.1511001587,50913,50924,11
12.9566802979,80.1519088745,50924,50934,10
12.9558696747,80.1529312134,50934,50944,10
12.9554595947,80.1542205811,50944,50954,10
12.955160141,80.1556091309,50954,50964,10
12.954870224,80.157043457,50964,50974,10
12.9545202255,80.1588592529,50974,51004,30
12.9545202255,80.1588592529,51004,51014,10
12.9544401169,80.1592636108,51014,51025,11
12.9544000626,80.1595077515,51025,51035,10
12.9543304443,80.1598205566,51035,51045,10
12.9541597366,80.1606369019,51045,51055,10
12.9539299011,80.1616973877,51055,51065,10
12.953669548,80.162902832,51065,51075,10
12.953379631,80.1642608643,51075,51085,10
12.9531002045,80.1656112671,51085,51095,10
12.9529495239,80.1663208008,51095,51105,10
12.9527797699,80.1671066284,51105,51115,10
12.9524297714,80.1682510376,51115,51125,10
12.9521398544,80.169708252,51125,51136,11
12.9519195557,80.1710891724,51136,51146,10
12.9516601563,80.1725387573,51146,51156,10
12.9513902664,80.1740036011,51156,51166,10
12.9511003494,80.1752929688,51166,51176,10
12.9508399963,80.1765518188,51176,51186,10
12.9504899979,80.1779022217,51186,51196,10
12.9500904083,80.179359436,51196,51206,10
12.9498195648,80.1807098389,51206,51216,10
12.9496002197,80.1818695068,51216,51226,10
12.949379921,80.1831283569,51226,51237,11
12.9492902756,80.1839370728,51237,51247,10
12.9492702484,80.1840667725,51247,51257,10
12.9492301941,80.185256958,51257,51368,111
12.9492301941,80.185256958,51368,51378,10
12.9492301941,80.1854782104,51378,51388,10
12.9491596222,80.1862030029,51388,51398,10
12.9490604401,80.1871795654,51398,51408,10
12.9489603043,80.1882171631,51408,51418,10
12.9488601685,80.1893005371,51418,51428,10
12.9487400055,80.1904983521,51428,51438,10
12.9486503601,80.1918411255,51438,51449,11
12.9486103058,80.1933898926,51449,51459,10
12.948559761,80.1947402954,51459,51469,10
12.9485902786,80.1955413818,51469,51479,10
12.9485797882,80.1957473755,51479,51489,10
12.948559761,80.1965408325,51489,51499,10
12.9485197067,80.1976394653,51499,51509,10
12.9485502243,80.1988067627,51509,51519,10
12.9485998154,80.1995620728,51519,51529,10
12.9486103058,80.1996688843,51529,51539,10
12.9486398697,80.2003326416,51539,51550,11
12.9486398697,80.201461792,51550,51560,10
12.9486703873,80.2026519775,51560,51570,10
12.9486999512,80.203918457,51570,51580,10
12.9487495422,80.2052764893,51580,51590,10
12.9487304688,80.2066268921,51590,51600,10
12.9486904144,80.2076263428,51600,51610,10
12.9486398697,80.2078475952,51610,51620,10
12.9485797882,80.2087173462,51620,51630,10
12.948559761,80.209312439,51630,51640,10
12.948559761,80.2094726563,51640,51650,10
12.9485397339,80.2098693848,51650,51661,11
12.94851017,80.2102279663,51661,51671,10
12.9484901428,80.2107086182,51671,51681,10
12.9484796524,80.2113189697,51681,51691,10
12.9484996796,80.2120819092,51691,51701,10
12.9485397339,80.2130279541,51701,51711,10
12.9486398697,80.2140274048,51711,51721,10
12.9487400055,80.2151107788,51721,51731,10
12.9488401413,80.2161712646,51731,51741,10
12.9489498138,80.2171783447,51741,51751,10
12.9490699768,80.2182388306,51751,51762,11
12.9492197037,80.2196884155,51762,51772,10
12.9493503571,80.2210617065,51772,51782,10
12.9494600296,80.2223510742,51782,51792,10
12.9495296478,80.2237091064,51792,51802,10
12.9495801926,80.2249221802,51802,51812,10
12.9496498108,80.2261428833,51812,51822,10
12.9497098923,80.2274017334,51822,51832,10
12.949760437,80.2285919189,51832,51842,10
12.9498195648,80.2297515869,51842,51852,10
12.9499197006,80.2309799194,51852,51863,11
12.9500102997,80.2322006226,51863,51873,10
12.9500598907,80.2330780029,51873,51883,10
12.9500598907,80.2330932617,51883,51893,10
12.950050354,80.2334136963,51893,51903,10
12.9500703812,80.2342376709,51903,51913,10
12.9499998093,80.2351074219,51913,51923,10
12.9499998093,80.2355804443,51923,51963,40
12.9499998093,80.2355804443,51963,51974,11
12.9499998093,80.2357711792,51974,51984,10
12.9499397278,80.2360305786,51984,51994,10
12.9497404099,80.2368011475,51994,52004,10
12.949640274,80.2375335693,52004,52014,10
12.9496002197,80.23777771,52014,52044,30
12.9496002197,80.23777771,52044,52054,10
12.949549675,80.2381362915,52054,52064,10
12.9493999481,80.2389831543,52064,52075,11
12.949139595,80.2401885986,52075,52085,10
12.9491100311,80.2405929565,52085,52095,10
12.9493198395,80.2408218384,52095,52105,10
12.9501600266,80.2410888672,52105,52115,10
12.9511995316,80.2413787842,52115,52125,10
12.9511995316,80.2413787842,52125,52135,10
12.9515304565,80.2414932251,52135,52145,10
12.9522399902,80.2417984009,52145,52155,10
12.953379631,80.2422103882,52155,52165,10
12.9545001984,80.2426605225,52165,52175,10
12.955329895,80.2429504395,52175,52187,12
12.9562397003,80.2432327271,52187,52197,10
12.9564800262,80.2433395386,52197,52207,10
12.9568395615,80.2434997559,52207,52217,10
12.957449913,80.2438201904,52217,52227,10
12.95814991,80.2441177368,52227,52237,10
12.9586400986,80.2443084717,52237,52247,10
12.9586601257,80.2443237305,52247,52257,10
12.9589195251,80.244430542,52257,52267,10
12.9592399597,80.2445907593,52267,52277,10
12.9599599838,80.2449264526,52277,52288,11
12.961139679,80.2454681396,52288,52298,10
12.9623298645,80.2460708618,52298,52308,10
12.9634103775,80.24659729,52308,52318,10
12.9644699097,80.2470397949,52318,52328,10
12.9656000137,80.2474365234,52328,52338,10
12.966509819,80.247756958,52338,52348,10
12.9666595459,80.247833252,52348,52358,10
12.9668598175,80.2479476929,52358,52368,10
12.9673700333,80.2482299805,52368,52378,10
12.9682703018,80.248588562,52378,52388,10
12.9693603516,80.2489929199,52388,52399,11
12.9705095291,80.249458313,52399,52409,10
12.9716396332,80.2497711182,52409,52419,10
12.972820282,80.2500762939,52419,52429,10
12.9738101959,80.2503585815,52429,52439,10
12.9750003815,80.2507095337,52439,52449,10
12.976269722,80.2510681152,52449,52459,10
12.9774398804,80.2515029907,52459,52469,10
12.9783601761,80.2522888184,52469,52479,10
12.9795598984,80.2526168823,52479,52489,10
12.9804801941,80.2526397705,52489,52500,11
12.9813804626,80.2526016235,52500,52520,20
12.9813804626,80.2526016235,52520,52530,10
12.981470108,80.2525787354,52530,52540,10
12.9815998077,80.252571106,52540,52550,10
12.9818496704,80.252571106,52550,52560,10
12.9820203781,80.252571106,52560,52570,10
12.9822797775,80.252571106,52570,52580,10
12.982749939,80.252532959,52580,52631,51
12.982749939,80.252532959,52631,52641,10
12.9831695557,80.2525024414,52641,52651,10
12.9834098816,80.2524719238,52651,52661,10
12.983880043,80.2523574829,52661,52671,10
12.9846696854,80.2521514893,52671,52681,10
12.985250473,80.251991272,52681,52934,253
12.9855203629,80.2518768311,52934,52974,40
12.9855203629,80.2518768311,52974,52984,10
12.9859104156,80.2517929077,52984,52994,10
12.9864997864,80.2516708374,52994,53004,10
12.9874200821,80.251449585,53004,53014,10
12.9879598618,80.251701355,53014,53025,11
12.9879999161,80.2519607544,53025,53035,10
12.9880304337,80.2521209717,53035,53045,10
12.9879903793,80.2527999878,53045,53055,10
12.9878997803,80.2537078857,53055,53064,9
12.9878196716,80.2546768188,53064,53075,11
12.9877195358,80.2556228638,53075,53085,10
12.9876203537,80.2563400269,53085,53095,10
12.9875402451,80.2572174072,53095,53105,10
12.9874696732,80.2580184937,53105,53115,10
12.9874000549,80.2587814331,53115,53125,10
12.9873504639,80.2590866089,53125,53136,11
12.9871997833,80.259552002,53136,53166,30
12.9871997833,80.259552002,53166,53176,10
12.9868202209,80.2595825195,53176,53337,161
12.9868202209,80.2595825195,53337,53348,11
12.9865903854,80.2593002319,53348,53368,20
12.9865903854,80.2593002319,53368,53378,10
12.9869203568,80.2590789795,53378,53438,60
12.9872503281,80.2591018677,53438,54539,1101
12.9872503281,80.2591018677,54539,54549,10
12.9874000549,80.2588195801,54549,54559,10
12.9874401093,80.2581710815,54559,54569,10
12.9874897003,80.2573623657,54569,54579,10
12.987569809,80.2565383911,54579,54590,11
12.9876203537,80.2558288574,54590,54600,10
12.9876899719,80.2551422119,54600,54630,30
12.9876899719,80.2551422119,54630,54640,10
12.9876804352,80.2548828125,54640,54650,10
12.9877195358,80.2546386719,54650,54660,10
12.9877901077,80.2537765503,54660,54670,10
12.9878997803,80.2526626587,54670,54680,10
12.9878797531,80.2521133423,54680,54721,41
12.9878797531,80.2521133423,54721,54731,10
12.987830162,80.251953125,54731,54741,10
12.9877500534,80.2516326904,54741,54751,10
12.9875602722,80.2515411377,54751,54761,10
12.9868497849,80.2516326904,54761,54771,10
12.9858198166,80.2518768311,54771,54781,10
12.9846897125,80.252243042,54781,54791,10
12.9844903946,80.2522964478,54791,54802,11
12.9840097427,80.2524185181,54802,54812,10
12.9830799103,80.2526168823,54812,54822,10
12.9818496704,80.2526931763,54822,54832,10
12.9805803299,80.2527236938,54832,54842,10
12.9785404205,80.252571106,54842,54862,20
12.9785404205,80.252571106,54862,54872,10
12.978219986,80.2523498535,54872,54882,10
12.9775295258,80.2517318726,54882,54892,10
12.9764404297,80.2512130737,54892,54903,11
12.9749898911,80.2507781982,54903,54913,10
12.9736604691,80.2504196167,54913,54923,10
12.9722299576,80.2500228882,54923,54933,10
12.9707202911,80.2496337891,54933,54943,10
12.9692201614,80.2490615845,54943,54953,10
12.9680099487,80.2485961914,54953,54963,10
12.9665002823,80.2479400635,54963,54973,10
12.9650001526,80.2473373413,54973,54993,20
12.9650001526,80.2473373413,54993,55003,10
12.9648399353,80.2472763062,55003,55014,11
12.9641504288,80.2470092773,55014,55024,10
12.9633197784,80.2466430664,55024,55034,10
12.9623699188,80.2461700439,55034,55044,10
12.9613704681,80.2456588745,55044,55054,10
12.960559845,80.2452774048,55054,55064,10
12.9593400955,80.2447814941,55064,55084,20
12.9593400955,80.2447814941,55084,55094,10
12.9589700699,80.2445831299,55094,55104,10
12.9583396912,80.2443084717,55104,55115,11
12.95773983,80.2440795898,55115,55125,10
12.9568996429,80.2437973022,55125,55155,30
12.9566898346,80.2437210083,55155,55175,20
12.9566898346,80.2437210083,55175,55185,10
12.9563703537,80.243598938,55185,55195,10
12.9562301636,80.243560791,55195,55205,10
12.9556398392,80.2432174683,55205,55215,10
12.9548797607,80.2428588867,55215,55226,11
12.9542398453,80.2426223755,55226,55236,10
12.9534702301,80.2423019409,55236,55246,10
12.9524202347,80.2418899536,55246,55256,10
12.9516496658,80.2416534424,55256,55266,10
12.9516401291,80.2416381836,55266,55276,10
12.9514198303,80.2415390015,55276,55286,10
12.9506101608,80.2412567139,55286,55296,10
12.9490203857,80.240737915,55296,55357,61
12.9490203857,80.240737915,55357,55367,10
12.9487800598,80.2405700684,55367,55377,10
12.9489297867,80.239982605,55377,55387,10
12.9490699768,80.2393722534,55387,55397,10
12.9490804672,80.2393722534,55397,55407,10
12.9491701126,80.2392120361,55407,55417,10
12.9493398666,80.238571167,55417,55428,11
12.9495296478,80.237487793,55428,55438,10
12.9496097565,80.2365036011,55438,55448,10
12.9497003555,80.2359008789,55448,55458,10
12.9497499466,80.235748291,55458,55468,10
12.9498596191,80.2350387573,55468,55478,10
12.9499597549,80.2338790894,55478,55498,20
12.9499597549,80.2338790894,55498,55508,10
12.9499902725,80.2338409424,55508,55518,10
12.9499998093,80.2333831787,55518,55528,10
12.9498596191,80.2314071655,55528,55538,10
12.9498596191,80.2314071655,55538,55549,11
12.9497804642,80.2301635742,55549,55559,10
12.9497003555,80.2289581299,55559,55569,10
12.9496297836,80.2276611328,55569,55579,10
12.949549675,80.2262420654,55579,55589,10
12.9494695663,80.2247009277,55589,55602,13
12.9493999481,80.2231063843,55602,55612,10
12.949259758,80.2210083008,55612,55632,20
12.9489603043,80.2180786133,55632,55643,11
12.9487199783,80.2159423828,55643,55653,10
12.9485702515,80.2142562866,55653,55663,10
12.9483995438,80.2125701904,55663,55673,10
12.9483499527,80.2110519409,55673,55683,10
12.948340416,80.2100524902,55683,55693,10
12.9484300613,80.2093582153,55693,55703,10
12.9484996796,80.2086715698,55703,55723,20
12.9484996796,80.2086715698,55723,55733,10
12.9485502243,80.2086105347,55733,55744,11
12.9485702515,80.2081604004,55744,55754,10
12.9486303329,80.207321167,55754,55764,10
12.9486904144,80.206237793,55764,55774,10
12.9486999512,80.2049484253,55774,55784,10
12.9486503601,80.2035980225,55784,55794,10
12.9486103058,80.2022323608,55794,55804,10
12.948559761,80.2007827759,55804,55814,10
12.9484901428,80.1994628906,55814,55824,10
12.9484596252,80.1987762451,55824,55834,10
12.9484596252,80.1987686157,55834,55844,10
12.9484395981,80.1983566284,55844,55855,11
12.9484395981,80.1974487305,55855,55865,10
12.9484996796,80.1963729858,55865,55875,10
12.9484796524,80.1955718994,55875,55885,10
12.9484796524,80.1955490112,55885,55895,10
12.9484796524,80.1953125,55895,55905,10
12.9484996796,80.1946029663,55905,55915,10
12.9485197067,80.1935806274,55915,55925,10
12.948559761,80.1923065186,55925,55935,10
12.9486198425,80.1909332275,55935,55945,10
12.9486904144,80.1898193359,55945,55956,11
12.9487895966,80.1887893677,55956,55966,10
12.9488897324,80.1875762939,55966,55976,10
12.9489898682,80.1863098145,55976,55986,10
12.9489402771,80.1852874756,55986,56016,30
12.9489402771,80.1852874756,56016,56026,10
12.9489603043,80.1851806641,56026,56039,13
12.9490604401,80.1845703125,56039,56049,10
12.9491300583,80.1839065552,56049,56059,10
12.9491701126,80.1836929321,56059,56070,11
12.9493198395,80.1828536987,56070,56080,10
12.9495000839,80.1817932129,56080,56090,10
12.949640274,80.1810531616,56090,56100,10
12.949760437,80.1804275513,56100,56110,10
12.9499397278,80.1794815063,56110,56120,10
12.9502401352,80.1782684326,56120,56130,10
12.9505596161,80.1770324707,56130,56140,10
12.9508600235,80.1757965088,56140,56150,10
12.9511003494,80.1746673584,56150,56160,10
12.9511699677,80.1742401123,56160,56170,10
12.951210022,80.174118042,56170,56181,11
12.9514198303,80.1731414795,56181,56191,10
12.9516096115,80.172088623,56191,56201,10
12.9518299103,80.1708984375,56201,56211,10
12.9520797729,80.1695022583,56211,56221,10
12.9523696899,80.1680526733,56221,56231,10
12.9527597427,80.1665878296,56231,56241,10
12.9530696869,80.1652374268,56241,56251,10
12.9534301758,80.1635818481,56251,56261,10
12.9537696838,80.1620330811,56261,56271,10
12.9540700912,80.1604995728,56271,56282,11
12.9542703629,80.1594924927,56282,56292,10
12.9543399811,80.1591033936,56292,56302,10
12.9543399811,80.1590805054,56302,56312,10
12.9543600082,80.1589584351,56312,56322,10
12.9544296265,80.158706665,56322,56332,10
12.9544696808,80.1584472656,56332,56342,10
12.9544696808,80.1584320068,56342,56352,10
12.954580307,80.157989502,56352,56362,10
12.9547395706,80.1572113037,56362,56372,10
12.9549598694,80.1561889648,56372,56383,11
12.9552698135,80.1548080444,56383,56393,10
12.9556303024,80.153427124,56393,56403,10
12.9561796188,80.1522369385,56403,56413,10
12.9573001862,80.1512374878,56413,56423,10
12.9582004547,80.1504821777,56423,56433,10
12.9587802887,80.1499862671,56433,56442,9
12.9588499069,80.1499481201,56442,56453,11
12.9593601227,80.1495132446,56453,56463,10
12.9596300125,80.1486129761,56463,56473,10
12.9598398209,80.1477203369,56473,56484,11
12.9600601196,80.1466598511,56484,56494,10
12.9602603912,80.145652771,56494,56504,10
12.9601202011,80.1453475952,56504,56513,9
12.95952034,80.1450424194,56513,56524,11
12.958530426,80.1445083618,56524,56534,10
12.9577302933,80.1440200806,56534,56544,10
12.9568004608,80.1435089111,56544,56554,10
12.9557800293,80.1429824829,56554,56564,10
12.9548597336,80.1424713135,56564,56574,10
12.9540100098,80.1420211792,56574,56584,10
12.953379631,80.1417007446,56584,56595,11
12.9527902603,80.1413574219,56595,56605,10
12.95195961,80.1407470703,56605,56635,30
12.95195961,80.1407470703,56635,56645,10
12.9516601563,80.1404800415,56645,56655,10
12.9510202408,80.1399993896,56655,56665,10
12.9503297806,80.1394500732,56665,56675,10
12.9495000839,80.1387863159,56675,56685,10
12.9484300613,80.1379470825,56685,56696,11
12.9471302032,80.1370315552,56696,56706,10
12.9459400177,80.136100769,56706,56716,10
12.9446802139,80.1351623535,56716,56726,10
12.9435796738,80.1342697144,56726,56736,10
12.9426603317,80.133392334,56736,56746,10
12.9418802261,80.1325683594,56746,56756,10
12.9408903122,80.1315536499,56756,56766,10
12.9399700165,80.130607605,56766,56776,10
12.9390602112,80.1297607422,56776,56786,10
12.938249588,80.1290817261,56786,56796,10
12.9376096725,80.128578186,56796,56837,41
12.9376096725,80.128578186,56837,56847,10
12.9374704361,80.1284790039,56847,56857,10
12.9371595383,80.1281814575,56857,56867,10
12.9370803833,80.1280975342,56867,56877,10
12.9369897842,80.1280136108,56877,56887,10
12.9366598129,80.1277313232,56887,56897,10
12.9361600876,80.1272964478,56897,56908,11
12.9354200363,80.1265869141,56908,56918,10
12.9346904755,80.1259384155,56918,56928,10
12.9337797165,80.1250686646,56928,56938,10
12.9330196381,80.1242904663,56938,56948,10
12.9323196411,80.1235427856,56948,56958,10
12.9316196442,80.1228790283,56958,56968,10
12.930850029,80.1220703125,56968,56978,10
12.9301795959,80.1214370728,56978,56988,10
12.9296398163,80.1208724976,56988,56998,10
12.9289703369,80.1202011108,56998,57009,11
12.9281196594,80.1193695068,57009,57019,10
12.9275798798,80.1188278198,57019,57029,10
12.9272499084,80.1184997559,57029,57049,20
12.9272499084,80.1184997559,57049,57059,10
12.9270200729,80.118270874,57059,57069,10
12.9268102646,80.118057251,57069,57079,10
12.9267702103,80.118019104,57079,57089,10
12.9266004562,80.1178283691,57089,57099,10
12.9262399673,80.1175003052,57099,57120,21
12.9262399673,80.1175003052,57120,57130,10
12.9261798859,80.117477417,57130,57140,10
12.9259195328,80.1172866821,57140,57150,10
12.9254703522,80.1168823242,57150,57160,10
12.9248600006,80.1162414551,57160,57170,10
12.9243202209,80.1156997681,57170,57180,10
12.9241199493,80.1155090332,57180,57190,10
12.9239797592,80.1153411865,57190,57200,10
12.9238796234,80.115196228,57200,57210,10
12.9239196777,80.1150665283,57210,57221,11
12.9241399765,80.1150283813,57221,57231,10
12.9245300293,80.1154327393,57231,57241,10
12.9250898361,80.1160125732,57241,57251,10
12.9257001877,80.1166381836,57251,57261,10
12.9260902405,80.1171188354,57261,57271,10
12.9262695313,80.1174087524,57271,57281,10
12.9268598557,80.1178970337,57281,57493,212
12.9271602631,80.1181030273,57493,57645,152
12.9271602631,80.1181030273,57645,57655,10
12.9273700714,80.1185073853,57655,57665,10
12.9277601242,80.1189117432,57665,57675,10
12.9283800125,80.1195526123,57675,57685,10
12.9290399551,80.1201324463,57685,57877,192
12.9290399551,80.1201324463,57877,57887,10
12.9291400909,80.1202392578,57887,57897,10
12.9294099808,80.1205215454,57897,57907,10
12.9297800064,80.120880127,57907,57917,10
12.9302797318,80.1213912964,57917,57927,10
12.9308900833,80.1220092773,57927,57937,10
12.9313097,80.1223983765,57937,57947,10
12.9314002991,80.1224822998,57947,57958,11
12.9316701889,80.1227798462,57958,57968,10
12.9321699142,80.1233291626,57968,57978,10
12.9328603745,80.1240310669,57978,57988,10
12.9335203171,80.1246795654,57988,57998,10
12.934220314,80.1253662109,57998,58008,10
12.9348897934,80.1259918213,58008,58018,10
12.9354600906,80.1264572144,58018,58028,10
12.9359197617,80.1268005371,58028,58038,10
12.9364500046,80.1272888184,58038,58048,10
12.9364595413,80.1272964478,58048,58059,11
12.9366197586,80.1274719238,58059,58069,10
12.9374198914,80.1281585693,58069,58099,30
12.9374198914,80.1281585693,58099,58109,10
12.9376096725,80.1283187866,58109,58119,10
12.9381303787,80.1287994385,58119,58129,10
12.9390001297,80.1295776367,58129,58138,9
12.9399299622,80.1304397583,58138,58149,11
12.9411497116,80.1316680908,58149,58159,10
12.9422397614,80.1327896118,58159,58170,11
12.9432601929,80.1338577271,58170,58180,10
12.9442195892,80.1347198486,58180,58190,10
12.9452199936,80.1355133057,58190,58200,10
12.9463195801,80.1363830566,58200,58210,10
12.9471302032,80.1369628906,58210,58220,10
12.9475698471,80.1372528076,58220,58230,10
12.9480304718,80.137588501,58230,58240,10
12.948800087,80.1381607056,58240,58250,10
12.949640274,80.1388092041,58250,58260,10
12.9503297806,80.1393203735,58260,58271,11
12.950460434,80.1393966675,58271,58281,10
12.9506101608,80.1395568848,58281,58291,10
12.9511995316,80.1398925781,58291,58331,40
12.9511995316,80.1398925781,58331,58341,10
12.9514198303,80.1399993896,58341,58351,10
12.9515199661,80.140083313,58351,58361,10
12.9518003464,80.1402435303,58361,58371,10
12.952170372,80.1408004761,58371,58382,11
12.9529495239,80.1413879395,58382,58392,10
12.9538602829,80.1419372559,58392,58402,10
12.9549102783,80.1425018311,58402,58412,10
12.9560699463,80.1430435181,58412,58442,30
12.9560699463,80.1430435181,58442,58452,10
12.9564599991,80.1432418823,58452,58462,10
12.9571800232,80.1436386108,58462,58472,10
12.9578104019,80.1439666748,58472,58483,11
12.9588403702,80.1444778442,58483,58493,10
12.9598398209,80.1449966431,58493,58503,10
12.960559845,80.1453704834,58503,58513,10
12.9603395462,80.1459274292,58513,58523,10
12.960100174,80.1469726563,58523,58533,10
12.9598197937,80.1482620239,58533,58543,10
12.9595804214,80.149307251,58543,58553,10
12.9585800171,80.1504516602,58553,58573,20
12.9585800171,80.1504516602,58573,58584,11
12.9582395554,80.1507034302,58584,58594,10
12.9578695297,80.1510009766,58594,58604,10
12.9570999146,80.1516113281,58604,58614,10
12.9561195374,80.1525115967,58614,58624,10
12.9555397034,80.1539535522,58624,58634,10
12.9551801682,80.1555404663,58634,58644,10
12.9548597336,80.1571273804,58644,58654,10
12.9546003342,80.1584625244,58654,58664,10
12.9545497894,80.1588134766,58664,58674,10
12.9545097351,80.1589889526,58674,58684,10
12.9544095993,80.1594467163,58684,58695,11
12.9543504715,80.1596679688,58695,58705,10
12.9541702271,80.1605072021,58705,58715,10
12.9539299011,80.1617584229,58715,58725,10
12.9536104202,80.1632537842,58725,58735,10
12.9532804489,80.1647186279,58735,58745,10
12.9529600143,80.1661987305,58745,58755,10
12.952580452,80.1676635742,58755,58765,10
12.9522199631,80.1691818237,58765,58775,10
12.9519701004,80.1706619263,58775,58785,10
12.9517402649,80.1720581055,58785,58796,11
12.9514799118,80.1734771729,58796,58806,10
12.9512395859,80.174659729,58806,58816,10
12.9509401321,80.1760025024,58816,58826,10
12.9505701065,80.1774902344,58826,58836,10
12.9501600266,80.1790390015,58836,58846,10
12.9498796463,80.1804428101,58846,58856,10
12.9496898651,80.1814498901,58856,58866,10
12.9495096207,80.1825180054,58866,58876,10
12.9493103027,80.1837081909,58876,58886,10
12.9492397308,80.184211731,58886,58896,10
12.9491701126,80.1852111816,58896,58907,11
12.949090004,80.1864395142,58907,58917,10
12.9490003586,80.1875228882,58917,58927,10
12.9489202499,80.1883010864,58927,58937,10
12.9488697052,80.1889190674,58937,58947,10
12.9487895966,80.1896820068,58947,58957,10
12.9486999512,80.1907424927,58957,58967,10
12.9486398697,80.1918029785,58967,58976,9
12.9486103058,80.193031311,58976,58987,11
12.9485702515,80.1941223145,58987,58997,10
12.9485702515,80.1952209473,58997,59008,11
12.9485797882,80.1953582764,59008,59018,10
12.9485702515,80.1958770752,59018,59028,10
12.9485397339,80.1969299316,59028,59038,10
12.9485197067,80.1981811523,59038,59048,10
12.948559761,80.1991119385,59048,59058,10
12.9485902786,80.1995773315,59058,59068,10
12.9485998154,80.1998672485,59068,59078,10
12.9486198425,80.2007217407,59078,59088,10
12.9486398697,80.2016296387,59088,59098,10
12.9486904144,80.2028198242,59098,59109,11
12.9487199783,80.2044296265,59109,59119,10
12.9487600327,80.2057876587,59119,59129,10
12.9487400055,80.2068786621,59129,59139,10
12.9487104416,80.2074584961,59139,59149,10
12.9486999512,80.2078018188,59149,59159,10
12.9486198425,80.2083969116,59159,59169,10
12.9485797882,80.2090988159,59169,59189,20
12.9485797882,80.2090988159,59189,59199,10
12.9485797882,80.2092819214,59199,59209,10
12.9485397339,80.2098312378,59209,59220,11
12.9484195709,80.2104187012,59220,59230,10
12.9483995438,80.2112426758,59230,59240,10
12.9484395981,80.2123413086,59240,59250,10
12.948559761,80.2136383057,59250,59260,10
12.948679924,80.2149429321,59260,59270,10
12.9488296509,80.2163085938,59270,59280,10
12.9490098953,80.2177886963,59280,59290,10
12.949139595,80.2192077637,59290,59299,9
12.9492797852,80.2205276489,59299,59310,11
12.9494104385,80.2218017578,59310,59321,11
12.9495201111,80.2236633301,59321,59331,10
12.9495601654,80.2246780396,59331,59341,10
12.949640274,80.2263565063,59341,59351,10
12.9496898651,80.2278823853,59351,59361,10
12.9497804642,80.2294616699,59361,59371,10
12.9499101639,80.2310791016,59371,59381,10
12.9500198364,80.2324371338,59381,59391,10
12.9500799179,80.2332229614,59391,59401,10
12.9500904083,80.2333068848,59401,59411,10
12.9501104355,80.23387146,59411,59421,10
12.9500598907,80.2347793579,59421,59432,11
12.9499797821,80.2358627319,59432,59452,20
12.9499797821,80.2358627319,59452,59462,10
12.9499397278,80.2363128662,59462,59472,10
12.9497299194,80.2371826172,59472,59482,10
12.9496297836,80.2378921509,59482,59492,10
12.949549675,80.2383575439,59492,59502,10
12.9493703842,80.2393417358,59502,59512,10
12.949139595,80.2403793335,59512,59522,10
12.9491596222,80.2407226563,59522,59533,11
12.9491996765,80.2407989502,59533,59543,10
12.9496002197,80.2409973145,59543,59553,10
12.9505195618,80.2413024902,59553,59563,10
12.9511604309,80.2414779663,59563,59573,10
12.9513902664,80.241569519,59573,59583,10
12.9519701004,80.2417602539,59583,59593,10
12.9529304504,80.2421188354,59593,59603,10
12.954079628,80.2425613403,59603,59613,10
12.9550104141,80.2428970337,59613,59623,10
12.9562902451,80.2434082031,59623,59664,41
12.9562902451,80.2434082031,59664,59674,10
12.9569997787,80.2437133789,59674,59684,10
12.957909584,80.244102478,59684,59694,10
12.9586801529,80.2444000244,59694,59704,10
12.9587402344,80.2444229126,59704,59714,10
12.9591302872,80.2446212769,59714,59724,10
12.9597797394,80.2449493408,59724,59734,10
12.9607200623,80.2453765869,59734,59745,11
12.9619197845,80.2459564209,59745,59755,10
12.9633398056,80.2466583252,59755,59815,60
12.9633398056,80.2466583252,59815,59825,10
12.9634199142,80.2467498779,59825,59835,10
12.9638204575,80.2469406128,59835,59846,11
12.9646596909,80.2472229004,59846,59856,10
12.9657096863,80.247543335,59856,59866,10
12.9667701721,80.2479629517,59866,59886,20
12.9667701721,80.2479629517,59886,59896,10
12.9669904709,80.2481231689,59896,59906,10
12.9674596786,80.248336792,59906,59916,10
12.96833992,80.2487030029,59916,59926,10
12.9692497253,80.2490692139,59926,59936,10
12.9702501297,80.249458313,59936,59946,10
12.9713802338,80.2498168945,59946,59957,11
12.9726896286,80.2501525879,59957,59967,10
12.973739624,80.2504196167,59967,59977,10
12.9746103287,80.2506637573,59977,59987,10
12.9758195877,80.2510070801,59987,59997,10
12.977060318,80.251373291,59997,60007,10
12.977640152,80.251701355,60007,60017,10
12.9781303406,80.2521362305,60017,60027,10
12.9784603119,80.2523422241,60027,60037,10
12.9788503647,80.252532959,60037,60047,10
12.9793300629,80.2526016235,60047,60058,11
12.9795598984,80.2526321411,60058,60068,10
12.9800195694,80.2526702881,60068,60078,10
12.9807901382,80.2526702881,60078,60088,10
12.9817495346,80.2526397705,60088,60098,10
12.98279953,80.2526016235,60098,60108,10
12.9838600159,80.2524185181,60108,60118,10
12.9847898483,80.2521514893,60118,60128,10
12.9851198196,80.2520370483,60128,60138,10
12.9853897095,80.251953125,60138,60148,10
12.9857196808,80.2519226074,60148,60158,10
12.9863500595,80.2517166138,60158,60169,11
12.9870796204,80.2515182495,60169,60179,10
12.987449646,80.2514190674,60179,60189,10
12.987739563,80.2514038086,60189,60199,10
12.9879703522,80.2519607544,60199,60209,10
12.9880599976,80.2523193359,60209,60219,10
12.9880399704,80.2524871826,60219,60229,10
12.9879598618,80.2532577515,60229,60239,10
12.987859726,80.25415802,60239,60249,10
12.9877500534,80.2551803589,60249,60300,51
12.9876804352,80.2552185059,60300,60370,70
12.9876804352,80.2552185059,60370,60381,11
12.9877099991,80.2554168701,60381,60391,10
12.9876899719,80.2557373047,60391,60401,10
12.9876003265,80.2562026978,60401,60411,10
12.9875602722,80.2568511963,60411,60421,10
12.9875402451,80.2573623657,60421,60431,10
12.9874801636,80.258102417,60431,60441,10
12.9872999191,80.2593231201,60441,60482,41
12.9872999191,80.2593231201,60482,60492,10
12.987279892,80.2593917847,60492,60502,10
12.9872703552,80.2594909668,60502,60512,10
12.9871797562,80.2596511841,60512,60522,10
12.9870300293,80.2596206665,60522,60532,10
12.9869804382,80.2593917847,60532,60805,273
12.9870004654,80.2593078613,60805,60996,191
12.9869203568,80.2592163086,60996,61936,940
12.9869203568,80.2592163086,61936,61946,10
12.9872703552,80.2591171265,61946,61966,20
12.9872703552,80.2591171265,61966,61976,10
12.9873695374,80.2589263916,61976,61986,10
12.9873800278,80.2585601807,61986,61996,10
12.9874200821,80.2579803467,61996,62006,10
12.9874696732,80.2571716309,62006,62016,10
12.9875001907,80.2566833496,62016,62057,41
12.9875602722,80.2565536499,62057,62208,151
12.9875602722,80.2565536499,62208,62218,10
12.987660408,80.2562713623,62218,62228,10
12.9876804352,80.2558822632,62228,62238,10
12.9877796173,80.2554473877,62238,62249,11
12.9877700806,80.2552185059,62249,62259,10
12.9877700806,80.2548217773,62259,62269,10
12.9877796173,80.2546005249,62269,62279,10
12.9878196716,80.2540206909,62279,62289,10
12.9878997803,80.2530136108,62289,62299,10
12.9878997803,80.2520904541,62299,62349,50
12.9878997803,80.2520904541,62349,62360,11
12.987830162,80.2518005371,62360,62370,10
12.9877700806,80.251701355,62370,62380,10
12.9875001907,80.2516403198,62380,62390,10
12.9868001938,80.2517318726,62390,62400,10
12.985830307,80.2519378662,62400,62410,10
12.9846897125,80.2522277832,62410,62420,10
12.9834499359,80.2525634766,62420,62430,10
12.9821500778,80.2526779175,62430,62440,10
12.9808597565,80.2527236938,62440,62450,10
12.9800100327,80.2527770996,62450,62461,11
12.9793996811,80.2526779175,62461,62471,10
12.9786396027,80.2525863647,62471,62481,10
12.9785804749,80.252571106,62481,62491,10
12.9783601761,80.2524414063,62491,62501,10
12.9778795242,80.2520523071,62501,62511,10
12.977060318,80.251411438,62511,62521,10
12.9758996964,80.2510299683,62521,62531,10
12.9746799469,80.2506790161,62531,62541,10
12.9734802246,80.2503585815,62541,62551,10
12.9722204208,80.250038147,62551,62561,10
12.9709796906,80.2497177124,62561,62572,11
12.9695796967,80.2492294312,62572,62582,10
12.9683103561,80.2487182617,62582,62592,10
12.9671897888,80.2482681274,62592,62602,10
12.9662704468,80.2478408813,62602,62612,10
12.9653997421,80.2474975586,62612,62622,10
12.9651403427,80.2474365234,62622,62632,10
12.9650602341,80.2474212646,62632,62642,10
12.9645996094,80.247253418,62642,62652,10
12.9636898041,80.246887207,62652,62673,21
12.9636898041,80.246887207,62673,62683,10
12.9634799957,80.2467803955,62683,62693,10
12.962849617,80.2464523315,62693,62703,10
12.9619598389,80.2460174561,62703,62713,10
12.9609498978,80.2455215454,62713,62723,10
12.9593296051,80.2448272705,62723,62743,20
12.9593296051,80.2448272705,62743,62753,10
12.9589700699,80.2446517944,62753,62763,10
12.9582901001,80.2443466187,62763,62773,10
12.9577598572,80.2441482544,62773,62784,11
12.9571399689,80.2439117432,62784,62794,10
12.9569797516,80.2438735962,62794,62804,10
12.9567203522,80.2437820435,62804,62905,101
12.9563798904,80.2437286377,62905,62925,20
12.9563798904,80.2437286377,62925,62935,10
12.9559001923,80.2434692383,62935,62945,10
12.9552602768,80.2431335449,62945,62955,10
12.9541196823,80.2426071167,62955,62965,10
12.9532003403,80.2422103882,62965,62975,10
12.9520101547,80.2417678833,62975,62986,11
12.9516201019,80.2416534424,62986,62996,10
12.9515399933,80.2416000366,62996,63006,10
12.9510002136,80.2413787842,63006,63016,10
12.9500398636,80.2410736084,63016,63026,10
12.9493503571,80.240852356,63026,63036,10
12.9492797852,80.240852356,63036,63046,10
12.9490604401,80.2407608032,63046,63056,10
12.9489402771,80.2404174805,63056,63066,10
12.9491596222,80.2393875122,63066,63086,20
12.9491596222,80.2393875122,63086,63097,11
12.9491996765,80.2393035889,63097,63107,10
12.9493303299,80.238861084,63107,63117,10
12.9494800568,80.2380828857,63117,63127,10
12.9496202469,80.2371902466,63127,63137,10
12.9497203827,80.2359466553,63137,63157,20
12.9497203827,80.2359466553,63157,63167,10
12.9497900009,80.2355880737,63167,63177,10
12.9499397278,80.2348937988,63177,63187,10
12.9500102997,80.2338409424,63187,63208,21
12.9500102997,80.2338409424,63208,63218,10
12.9499998093,80.2336425781,63218,63228,10
12.9499702454,80.233039856,63228,63238,10
12.9499197006,80.2321014404,63238,63248,10
12.9498300552,80.2310409546,63248,63258,10
12.9497499466,80.2297286987,63258,63268,10
12.949669838,80.2283401489,63268,63278,10
12.9495897293,80.2269363403,63278,63288,10
12.9495201111,80.225479126,63288,63298,10
12.9494495392,80.2239837646,63298,63309,11
12.9493598938,80.2223205566,63309,63319,10
12.9490995407,80.2192764282,63319,63329,10
12.9490995407,80.2192764282,63329,63339,10
12.9489402771,80.2177200317,63339,63349,10
12.9487895966,80.2161636353,63349,63359,10
12.9486303329,80.2145996094,63359,63369,10
12.9484796524,80.2130432129,63369,63379,10
12.9483804703,80.2114868164,63379,63391,12
12.9483499527,80.2103271484,63391,63401,10
12.9483299255,80.2098388672,63401,63412,11
12.9484300613,80.2095565796,63412,63421,9
12.9484701157,80.2091293335,63421,63432,11
12.9484996796,80.208732605,63432,63452,20
12.9484996796,80.208732605,63452,63462,10
12.9484996796,80.2086791992,63462,63472,10
12.9485397339,80.2082824707,63472,63482,10
12.9486198425,80.2074813843,63482,63492,10
12.9486999512,80.2064590454,63492,63502,10
12.9486999512,80.2052001953,63502,63513,11
12.9486503601,80.203666687,63513,63523,10
12.9485998154,80.2022399902,63523,63533,10
12.9485502243,80.2007827759,63533,63543,10
12.9484796524,80.1995391846,63543,63553,10
12.9484395981,80.1988372803,63553,63563,10
12.9484395981,80.1987609863,63563,63573,10
12.9484395981,80.1984100342,63573,63583,10
12.9484300613,80.1976623535,63583,63593,10
12.9484796524,80.1967163086,63593,63603,10
12.9484796524,80.1958465576,63603,63613,10
12.9484701157,80.195602417,63613,63624,11
12.9484901428,80.1954727173,63624,63634,10
12.9484796524,80.1949768066,63634,63644,10
12.9484901428,80.1941223145,63644,63654,10
12.9485397339,80.1930389404,63654,63664,10
12.9485797882,80.1917572021,63664,63674,10
12.9486598969,80.1904525757,63674,63684,10
12.9487304688,80.1895980835,63684,63694,10
12.9488201141,80.1887893677,63694,63704,10
12.9489097595,80.1876602173,63704,63714,10
12.9489898682,80.1865615845,63714,63725,11
12.948969841,80.1856384277,63725,63735,10
12.9489498138,80.1852035522,63735,63745,10
12.9490499496,80.184677124,63745,63755,10
12.949139595,80.1840362549,63755,63765,10
12.9491701126,80.1838607788,63765,63775,10
12.9491901398,80.1837768555,63775,63785,10
12.9492197037,80.1837005615,63785,63795,10
12.9492797852,80.1832962036,63795,63805,10
12.9494199753,80.1825408936,63805,63815,10
12.949549675,80.181678772,63815,63826,11
12.9496097565,80.181427002,63826,63836,10
12.9496603012,80.1812210083,63836,63846,10
12.949760437,80.1807632446,63846,63856,10
12.9499197006,80.1799316406,63856,63866,10
12.9501800537,80.1788330078,63866,63876,10
12.9505195618,80.1774902344,63876,63886,10
12.9508399963,80.1762313843,63886,63896,10
12.9510803223,80.1750564575,63896,63906,10
12.9512195587,80.1743087769,63906,63916,10
12.951259613,80.174156189,63916,63926,10
12.9513998032,80.1735687256,63926,63937,11
12.9516000748,80.1724777222,63937,63947,10
12.9517698288,80.1715011597,63947,63957,10
12.951789856,80.1713790894,63957,63966,9
12.9518995285,80.1707992554,63966,63977,11
12.9520902634,80.1697311401,63977,63987,10
12.9523200989,80.168510437,63987,63997,10
12.9526996613,80.1670837402,63997,64007,10
12.9530601501,80.1655578613,64007,64017,10
12.9533901215,80.1640090942,64017,64027,10
12.9537401199,80.162437439,64027,64038,11
12.954079628,80.1607666016,64038,64048,10
12.9543895721,80.159072876,64048,64078,30
12.9543895721,80.159072876,64078,64088,10
12.9544200897,80.1589736938,64088,64098,10
12.9545001984,80.1585617065,64098,64108,10
12.9545297623,80.158416748,64108,64118,10
12.9546804428,80.1578063965,64118,64128,10
12.9548797607,80.1568603516,64128,64138,10
12.9551401138,80.1556930542,64138,64148,10
12.9554300308,80.1544036865,64148,64159,11
12.9558401108,80.152961731,64159,64169,10
12.9565601349,80.1519393921,64169,64179,10
12.9573698044,80.151260376,64179,64189,10
12.9580698013,80.1506576538,64189,64199,10
12.9586801529,80.1501617432,64199,64209,10
12.9587602615,80.150100708,64209,64219,10
12.9587802887,80.1500930786,64219,64229,10
12.9593000412,80.1497192383,64229,64239,10
12.9596595764,80.1488189697,64239,64250,11
12.9598903656,80.1477203369,64250,64260,10
12.9601202011,80.1466217041,64260,64270,10
12.9603004456,80.145690918,64270,64280,10
12.9602499008,80.1453781128,64280,64290,10
12.9605398178,80.1452331543,64290,64300,10
12.9611797333,80.1456375122,64300,64310,10
12.9621400833,80.1461715698,64310,64320,10
12.9631900787,80.1467437744,64320,64330,10
12.9642400742,80.1474380493,64330,64340,10
12.9651403427,80.1479873657,64340,64350,10
12.9664697647,80.1486663818,64350,64361,11
12.9673299789,80.1490631104,64361,64381,20
12.9673299789,80.1490631104,64381,64391,10
12.9674797058,80.1491622925,64391,64401,10
12.9681396484,80.1494827271,64401,64441,40
12.9681396484,80.1494827271,64441,64451,10
12.9688396454,80.1497802734,64451,64795,344
12.9688396454,80.1497802734,64795,64805,10
12.9689998627,80.1499710083,64805,64815,10
12.9693098068,80.150138855,64815,64825,10
12.9698095322,80.1503677368,64825,64835,10
12.9704904556,80.1506881714,64835,64845,10
12.9711503983,80.1509933472,64845,64855,10
12.9717502594,80.1512527466,64855,64865,10
12.9723300934,80.1516494751,64865,64876,11
12.9727497101,80.1522293091,64876,64886,10
12.9729499817,80.1524581909,64886,64896,10
12.9732904434,80.1529769897,64896,64936,40
12.9732904434,80.1529769897,64936,64946,10
12.973400116,80.1530990601,64946,64956,10
12.9732503891,80.1531600952,64956,64966,10
12.9730396271,80.1529006958,64966,65067,101
12.9730396271,80.1529006958,65067,65077,10
12.9729003906,80.1526489258,65077,65088,11
12.9725704193,80.152130127,65088,65098,10
12.9721298218,80.1515579224,65098,65108,10
12.9714803696,80.1511383057,65108,65118,10
12.970749855,80.1507720947,65118,65128,10
12.9700202942,80.1504516602,65128,65138,10
12.9693002701,80.1501693726,65138,65189,51
12.9693002701,80.1501693726,65189,65199,10
12.9690999985,80.1500473022,65199,65209,10
12.9687595367,80.1499023438,65209,65219,10
12.9683599472,80.1496963501,65219,65229,10
12.9679403305,80.1494979858,65229,65239,10
12.9675397873,80.1493225098,65239,65249,10
12.967209816,80.1491394043,65249,65259,10
12.9666500092,80.1488723755,65259,65269,10
12.966219902,80.1486663818,65269,65279,10
12.9657897949,80.1484375,65279,65289,10
12.9651603699,80.148109436,65289,65300,11
12.9644603729,80.1477279663,65300,65310,10
12.9638996124,80.1474380493,65310,65320,10
12.9630899429,80.147102356,65320,65330,10
12.9622001648,80.1465988159,65330,65340,10
12.9612798691,80.1461029053,65340,65350,10
12.9605102539,80.1457214355,65350,65360,10
12.9602403641,80.1458435059,65360,65370,10
12.960100174,80.1465911865,65370,65380,10
12.9598999023,80.1475830078,65380,65390,10
12.959690094,80.1486282349,65390,65401,11
12.9591598511,80.1499481201,65401,65411,10
12.9585800171,80.150428772,65411,65421,10
12.9585103989,80.1504974365,65421,65431,10
12.9580402374,80.1508712769,65431,65441,10
12.9572601318,80.1514968872,65441,65451,10
12.9563798904,80.1522293091,65451,65461,10
12.9557199478,80.1533584595,65461,65471,10
12.9553604126,80.1547164917,65471,65481,10
12.9550600052,80.1561889648,65481,65491,10
12.9547595978,80.1576766968,65491,65501,10
12.9545402527,80.1589508057,65501,65542,41
12.9545402527,80.1589508057,65542,65552,10
12.9545202255,80.1589279175,65552,65562,10
12.9544200897,80.1593780518,65562,65572,10
12.9544000626,80.1594772339,65572,65582,10
12.9543600082,80.1596679688,65582,65592,10
12.9542102814,80.1603775024,65592,65602,10
12.9540195465,80.1613311768,65602,65613,11
12.9537696838,80.1624679565,65613,65623,10
12.953499794,80.1636734009,65623,65633,10
12.9532003403,80.1650238037,65633,65643,10
12.9528799057,80.1664581299,65643,65653,10
12.9525098801,80.1679382324,65653,65663,10
12.9522199631,80.1693115234,65663,65673,10
12.9520597458,80.1703414917,65673,65683,10
12.9520101547,80.1706466675,65683,65693,10
12.95195961,80.1709213257,65693,65703,10
12.9518098831,80.1717605591,65703,65713,10
12.9515695572,80.1731033325,65713,65724,11
12.9513597488,80.1742019653,65724,65734,10
12.951259613,80.1747283936,65734,65744,10
12.951259613,80.1747589111,65744,65754,10
12.9511404037,80.1752700806,65754,65764,10
12.9509401321,80.1760787964,65764,65774,10
12.9507703781,80.1767578125,65774,65784,10
12.9505195618,80.1777572632,65784,65794,10
12.9501800537,80.1790390015,65794,65804,10
12.9498996735,80.1804199219,65804,65814,10
12.9497203827,80.1814422607,65814,65825,11
12.9495401382,80.1824264526,65825,65835,10
12.9493999481,80.1833190918,65835,65845,10
12.9493198395,80.1838378906,65845,65855,10
12.9493198395,80.183883667,65855,65865,10
12.9493103027,80.1839370728,65865,65875,10
12.949259758,80.1843566895,65875,65885,10
12.9492397308,80.1850585938,65885,65915,30
12.9492397308,80.1850585938,65915,65926,11
12.9492902756,80.1851806641,65926,65936,10
12.9492197037,80.1857528687,65936,65946,10
12.9491500854,80.1865386963,65946,65956,10
12.9490804672,80.1872406006,65956,65966,10
12.9489898682,80.1879882813,65966,65976,10
12.9489202499,80.1887893677,65976,65986,10
12.9488296509,80.189743042,65986,65996,10
12.9487304688,80.1908721924,65996,66006,10
12.9486503601,80.1921081543,66006,66016,10
12.9486303329,80.1932830811,66016,66026,10
12.9485998154,80.1941986084,66026,66037,11
12.9486103058,80.1955032349,66037,66057,20
12.9486103058,80.1955032349,66057,66067,10
12.9485998154,80.1956787109,66067,66077,10
12.948559761,80.1964187622,66077,66087,10
12.9485397339,80.1973114014,66087,66097,10
12.9485397339,80.1983108521,66097,66107,10
12.9485797882,80.1989822388,66107,66117,10
12.9485998154,80.1992721558,66117,66127,10
12.9486103058,80.1995620728,66127,66138,11
12.9486103058,80.1996536255,66138,66148,10
12.9486303329,80.2001800537,66148,66158,10
12.9486503601,80.2009429932,66158,66168,10
12.9486703873,80.2018432617,66168,66178,10
12.9487104416,80.2027587891,66178,66188,10
12.9487400055,80.2033004761,66188,66198,10
12.9487400055,80.2036132813,66198,66208,10
12.9487600327,80.2044372559,66208,66218,10
12.9487695694,80.205581665,66218,66228,10
12.9487600327,80.2067337036,66228,66238,10
12.9486999512,80.2076187134,66238,66249,11
12.9485797882,80.2093734741,66249,66279,30
12.9485797882,80.2093734741,66279,66289,10
12.9485998154,80.2094192505,66289,66299,10
12.948559761,80.2098236084,66299,66329,30
12.948559761,80.2098236084,66329,66339,10
12.9485301971,80.2101135254,66339,66360,21
12.9485301971,80.2101135254,66360,66370,10
12.9484596252,80.2106018066,66370,66380,10
12.9484596252,80.211479187,66380,66390,10
12.9484996796,80.212677002,66390,66400,10
12.9486198425,80.2140426636,66400,66410,10
12.9487495422,80.2154312134,66410,66420,10
12.9489002228,80.2168502808,66420,66430,10
12.9490404129,80.2182693481,66430,66440,10
12.9491901398,80.2197189331,66440,66450,10
12.9493398666,80.2211990356,66450,66461,11
12.9494400024,80.2228393555,66461,66472,11
12.9495096207,80.2241668701,66472,66481,9
12.9495897293,80.2258224487,66481,66492,11
12.9496803284,80.2274627686,66492,66502,10
12.9497699738,80.2289505005,66502,66512,10
12.9498701096,80.230430603,66512,66522,10
12.9499597549,80.2317428589,66522,66532,10
12.9500799179,80.2331314087,66532,66552,20
12.9500799179,80.2331314087,66552,66563,11
12.9500999451,80.2334213257,66563,66573,10
12.9501104355,80.2340927124,66573,66583,10
12.9500398636,80.2349472046,66583,66593,10
12.9499998093,80.2355117798,66593,66663,70
12.9499998093,80.2355117798,66663,66674,11
12.9499397278,80.2360305786,66674,66684,10
12.9498195648,80.2365722656,66684,66694,10
12.949669838,80.2375869751,66694,66734,40
12.949669838,80.2375869751,66734,66744,10
12.9496097565,80.2380218506,66744,66754,10
12.9495096207,80.2386703491,66754,66764,10
12.9493198395,80.239616394,66764,66775,11
12.9491596222,80.2404174805,66775,66795,20
12.9491596222,80.2404174805,66795,66805,10
12.949139595,80.2405929565,66805,66815,10
12.949259758,80.2408828735,66815,66825,10
12.9499197006,80.2410812378,66825,66835,10
12.9505500793,80.2412490845,66835,66845,10
12.9509496689,80.2413635254,66845,66855,10
12.9509801865,80.2413711548,66855,66865,10
12.9513196945,80.2415084839,66865,66876,11
12.9518699646,80.2416992188,66876,66886,10
12.9524497986,80.2419281006,66886,66896,10
12.9529800415,80.2421112061,66896,66906,10
12.9529895782,80.2421188354,66906,66916,10
12.9532804489,80.2422332764,66916,66936,20
12.9532804489,80.2422332764,66936,66946,10
12.953499794,80.2423477173,66946,66956,10
12.9535799026,80.2423629761,66956,66966,10
12.9540395737,80.2425613403,66966,66976,10
12.9546003342,80.2427902222,66976,66987,11
12.9552402496,80.243019104,66987,66997,10
12.9558801651,80.2432403564,66997,67007,10
12.9562301636,80.2433624268,67007,67017,10
12.9563398361,80.2434082031,67017,67027,10
12.9564199448,80.2434616089,67027,67037,10
12.9568004608,80.243598938,67037,67047,10
12.9575395584,80.2439498901,67047,67057,10
12.9583396912,80.2442779541,67057,67067,10
12.9585199356,80.2443618774,67067,67077,10
12.9587602615,80.2444763184,67077,67088,11
12.9590196609,80.2445983887,67088,67098,10
12.9596204758,80.2449111938,67098,67108,10
12.9605102539,80.2453079224,67108,67118,10
12.9615802765,80.2458190918,67118,67128,10
12.9625997543,80.2463226318,67128,67138,10
12.9631500244,80.24659729,67138,67148,10
12.9635601044,80.2467803955,67148,67158,10
12.9639596939,80.246963501,67158,67168,10
12.9645395279,80.2471466064,67168,67178,10
12.9649095535,80.2472610474,67178,67188,10
12.9652004242,80.2473602295,67188,67199,11
12.9658899307,80.2476119995,67199,67219,20
12.9658899307,80.2476119995,67219,67229,10
12.9660301208,80.2476806641,67229,67239,10
12.9662103653,80.247756958,67239,67249,10
12.9665002823,80.2478790283,67249,67259,10
12.9665603638,80.2479095459,67259,67269,10
12.966629982,80.2479400635,67269,67279,10
12.966919899,80.2480926514,67279,67289,10
12.9675798416,80.2484207153,67289,67300,11
12.968580246,80.2488174438,67300,67310,10
12.9696102142,80.2492218018,67310,67320,10
12.9707202911,80.2496414185,67320,67330,10
12.9718599319,80.2499389648,67330,67340,10
12.9728803635,80.250213623,67340,67350,10
12.9737596512,80.2504425049,67350,67360,10
12.9747600555,80.2507171631,67360,67370,10
12.9758501053,80.2510223389,67370,67380,10
12.976940155,80.2513504028,67380,67390,10
12.9778499603,80.2518768311,67390,67401,11
12.9780502319,80.2520599365,67401,67411,10
12.9781503677,80.2521972656,67411,67421,10
12.978679657,80.2525405884,67421,67431,10
12.9790496826,80.2526397705,67431,67441,10
12.9792900085,80.2526702881,67441,67451,10
12.9796199799,80.2527008057,67451,67461,10
12.9798898697,80.2527313232,67461,67471,10
12.980389595,80.2527389526,67471,67481,10
12.9813604355,80.2527236938,67481,67491,10
12.9827899933,80.2526397705,67491,67562,71
12.9827899933,80.2526397705,67562,67572,10
12.9828395844,80.2526626587,67572,67582,10
12.9831399918,80.2526321411,67582,67592,10
12.9835796356,80.2525482178,67592,67602,10
12.9841003418,80.2524185181,67602,67613,11
12.9847402573,80.252243042,67613,67623,10
12.9853096008,80.2520675659,67623,67865,242
12.9853096008,80.2520675659,67865,67875,10
12.9854202271,80.2519989014,67875,67885,10
12.9857501984,80.2518997192,67885,67895,10
12.9861402512,80.2518005371,67895,67905,10
12.9866104126,80.251701355,67905,67915,10
12.9868402481,80.2516326904,67915,67926,11
12.9872198105,80.2515335083,67926,67936,10
12.9875497818,80.2514266968,67936,67946,10
12.9878797531,80.2516021729,67946,67966,20
12.9878797531,80.2516021729,67966,67976,10
12.9879703522,80.2519683838,67976,67986,10
12.9879999161,80.2525405884,67986,67996,10
12.9879102707,80.2534103394,67996,68006,10
12.987830162,80.2543106079,68006,68016,10
12.9877996445,80.2546386719,68016,68027,11
12.9877796173,80.2547683716,68027,68037,10
12.9877500534,80.2551422119,68037,68047,10
12.9877004623,80.2556228638,68047,68057,10
12.9876499176,80.256149292,68057,68067,10
12.9876098633,80.2562713623,68067,68077,10
12.9875602722,80.2567825317,68077,68087,10
12.9875297546,80.2571029663,68087,68097,10
12.9874696732,80.2576293945,68097,68107,10
12.9874200821,80.2584686279,68107,68117,10
12.9873695374,80.2590026855,68117,68127,10
12.9872598648,80.2593612671,68127,68158,31
12.9872598648,80.2593612671,68158,68168,10
12.9870996475,80.2597122192,68168,68188,20
12.9870996475,80.2597122192,68188,68198,10
12.9867696762,80.2596435547,68198,68208,10
12.9867296219,80.2593231201,68208,68733,525
12.9870901108,80.2592010498,68733,68764,31
12.9870901108,80.2592010498,68764,68774,10
12.9873399734,80.2590789795,68774,68784,10
12.9873399734,80.2588272095,68784,68794,10
12.9873600006,80.2583694458,68794,68804,10
12.9873895645,80.2576828003,68804,68814,10
12.9874696732,80.2567901611,68814,68824,10
12.9874801636,80.2562179565,68824,68834,10
12.9874897003,80.2560501099,68834,68915,81
12.9874897003,80.2560501099,68915,68925,10
12.9875602722,80.2558288574,68925,68935,10
12.9876699448,80.2553482056,68935,68945,10
12.987660408,80.2549362183,68945,68955,10
12.9876699448,80.254737854,68955,68966,11
12.987739563,80.2538528442,68966,68976,10
12.9878396988,80.2527770996,68976,68986,10
12.9877996445,80.2519226074,68986,68996,10
12.9876499176,80.2516403198,68996,69026,30
12.9876499176,80.2516403198,69026,69036,10
12.9873895645,80.2516708374,69036,69046,10
12.9871902466,80.2516784668,69046,69056,10
12.9871397018,80.2516937256,69056,69066,10
12.9867601395,80.2517776489,69066,69077,11
12.9861402512,80.2519302368,69077,69087,10
12.9853696823,80.2521362305,69087,69097,10
12.9846696854,80.2523574829,69097,69137,40
12.9846696854,80.2523574829,69137,69147,10
12.9843301773,80.2524414063,69147,69157,10
12.9835300446,80.2526321411,69157,69167,10
12.9823999405,80.2527084351,69167,69178,11
12.9811296463,80.2527770996,69178,69188,10
12.9804897308,80.2528076172,69188,69198,10
12.9802999496,80.2528381348,69198,69208,10
12.9800701141,80.2528533936,69208,69218,10
12.9798002243,80.2527999878,69218,69248,30
12.9798002243,80.2527999878,69248,69258,10
12.9794502258,80.2527694702,69258,69268,10
12.9788799286,80.2527236938,69268,69279,11
12.9785900116,80.2526626587,69279,69289,10
12.9784898758,80.2526168823,69289,69299,10
12.9780397415,80.252281189,69299,69309,10
12.9773397446,80.2516708374,69309,69319,10
12.9763402939,80.2512512207,69319,69329,10
12.9752197266,80.2509231567,69329,69339,10
12.9740400314,80.250579834,69339,69349,10
12.9729003906,80.2502822876,69349,69359,10
12.9716501236,80.2499465942,69359,69369,10
12.9704399109,80.2496109009,69369,69379,10
12.9692802429,80.249168396,69379,69390,11
12.9681901932,80.2487564087,69390,69400,10
12.9673900604,80.2484664917,69400,69420,20
12.9673900604,80.2484664917,69420,69430,10
12.9672298431,80.2483901978,69430,69440,10
12.9670600891,80.2482833862,69440,69450,10
12.9668598175,80.2481765747,69450,69460,10
12.9666595459,80.2480926514,69460,69470,10
12.9665403366,80.2480392456,69470,69480,10
12.9661798477,80.2478790283,69480,69491,11
12.9656095505,80.2476501465,69491,69511,20
12.965470314,80.2475814819,69511,69531,20
12.965470314,80.2475814819,69531,69541,10
12.9651899338,80.2474899292,69541,69551,10
12.9647102356,80.2473220825,69551,69561,10
12.964099884,80.2470932007,69561,69571,10
12.9637298584,80.2469482422,69571,69632,61
12.9637298584,80.2469482422,69632,69642,10
12.9634504318,80.2468032837,69642,69652,10
12.9629497528,80.2465286255,69652,69662,10
12.9622802734,80.2462081909,69662,69672,10
12.961520195,80.2458496094,69672,69682,10
12.9607200623,80.2454681396,69682,69692,10
12.9594697952,80.2449417114,69692,69713,21
12.9594697952,80.2449417114,69713,69723,10
12.9593400955,80.2448806763,69723,69733,10
12.9591598511,80.2448120117,69733,69743,10
12.9587697983,80.2446212769,69743,69753,10
12.9581604004,80.2443618774,69753,69763,10
12.9575796127,80.2441482544,69763,69773,10
12.9570598602,80.2439804077,69773,69783,10
12.9567499161,80.2439193726,69783,69834,51
12.9567499161,80.2439193726,69834,69844,10
12.956489563,80.2438430786,69844,69864,20
12.956489563,80.2438430786,69864,69874,10
12.9562101364,80.2437286377,69874,69884,10
12.9557800293,80.2434921265,69884,69894,10
12.9552097321,80.2431869507,69894,69904,10
12.9545898438,80.2428894043,69904,69915,11
12.9538898468,80.2426223755,69915,69925,10
12.9532403946,80.2423477173,69925,69935,10
12.9524002075,80.2420196533,69935,69945,10
12.9516601563,80.2417678833,69945,69955,10
12.9514904022,80.2417221069,69955,69965,10
12.9513597488,80.2416610718,69965,69975,10
12.950799942,80.2414474487,69975,69985,10
12.9500904083,80.2412109375,69985,69995,10
12.9493904114,80.2410202026,69995,70005,10
12.9490404129,80.2409133911,70005,70036,31
12.9490404129,80.2409133911,70036,70046,10
12.9488697052,80.2408218384,70046,70056,10
12.948800087,80.240562439,70056,70066,10
12.9489097595,80.2401199341,70066,70076,10
12.9490404129,80.2395019531,70076,70086,10
12.9490699768,80.2394180298,70086,70096,10
12.9491500854,80.2392120361,70096,70106,10
12.9492702484,80.2387695313,70106,70116,10
12.9493598938,80.2382125854,70116,70127,11
12.9493598938,80.2382125854,70127,70137,10
12.949379921,80.23802948,70137,70147,10
12.9494400024,80.2376937866,70147,70157,10
12.9495096207,80.2371673584,70157,70167,10
12.9495697021,80.2366867065,70167,70177,10
12.9496498108,80.2360687256,70177,70199,22
12.9496498108,80.2360687256,70199,70209,10
12.9497098923,80.2359008789,70209,70219,10
12.9497900009,80.2352828979,70219,70239,20
12.9497900009,80.2352828979,70239,70250,11
12.9498500824,80.2350311279,70250,70260,10
12.9498901367,80.2347793579,70260,70270,10
12.949930191,80.2338485718,70270,70290,20
12.949930191,80.2338485718,70290,70300,10
12.9499397278,80.2336807251,70300,70310,10
12.949930191,80.2331314087,70310,70320,10
12.9498796463,80.2324905396,70320,70331,11
12.949839592,80.2318572998,70331,70341,10
12.9498100281,80.2314224243,70341,70351,10
12.9498100281,80.2311172485,70351,70361,10
12.949760437,80.2304611206,70361,70371,10
12.9497098923,80.2295684814,70371,70381,10
12.9496603012,80.2285995483,70381,70391,10
12.9496002197,80.2275924683,70391,70401,10
12.9495601654,80.2265396118,70401,70411,10
12.9495000839,80.2254562378,70411,70421,10
12.9494600296,80.2243423462,70421,70431,10
12.9494104385,80.2232208252,70431,70441,10
12.9493398666,80.2220611572,70441,70452,11
12.9492301941,80.2207336426,70452,70462,10
12.9490995407,80.2194824219,70462,70472,10
12.9489498138,80.2180404663,70472,70482,10
12.948800087,80.2166290283,70482,70492,10
12.9486398697,80.2150421143,70492,70502,10
12.9484901428,80.213470459,70502,70511,9
12.948390007,80.2119598389,70511,70522,11
12.9483499527,80.2110137939,70522,70532,10
12.9482803345,80.2105865479,70532,70543,11
12.9482803345,80.2105789185,70543,70553,10
12.9482803345,80.2104263306,70553,70563,10
12.9482898712,80.2100830078,70563,70573,10
12.9483699799,80.2097015381,70573,70583,10
12.9484100342,80.2093200684,70583,70593,10
12.9484596252,80.2086181641,70593,70613,20
12.9484596252,80.2086181641,70613,70623,10
12.9484796524,80.2084121704,70623,70633,10
12.9485397339,80.2077407837,70633,70644,11
12.9486303329,80.2067108154,70644,70654,10
12.9486703873,80.2056121826,70654,70664,10
12.9486398697,80.2043991089,70664,70674,10
12.9485998154,80.2031784058,70674,70684,10
12.948559761,80.2019424438,70684,70694,10
12.9485197067,80.2006912231,70694,70704,10
12.9484901428,80.1996536255,70704,70714,10
12.9484300613,80.1990737915,70714,70724,10
12.9484300613,80.1987991333,70724,70734,10
12.9484300613,80.198677063,70734,70744,10
12.9484300613,80.1983413696,70744,70755,11
12.9484300613,80.1978225708,70755,70765,10
12.9484500885,80.1972427368,70765,70775,10
12.9484701157,80.1965789795,70775,70785,10
12.9484701157,80.1957931519,70785,70795,10
12.9484701157,80.1955490112,70795,70805,10
12.9484596252,80.1954803467,70805,70815,10
12.9484796524,80.195022583,70815,70825,10
12.9484796524,80.1942825317,70825,70835,10
12.9485197067,80.1933670044,70835,70845,10
12.9485502243,80.1922073364,70845,70856,11
12.9486103058,80.1907730103,70856,70866,10
12.9486904144,80.1898193359,70866,70876,10
12.9487600327,80.1889572144,70876,70886,10
12.9488401413,80.1879730225,70886,70896,10
12.9489402771,80.1869125366,70896,70906,10
12.9489803314,80.1859512329,70906,70916,10
12.9489603043,80.1851501465,70916,70926,10
12.9490499496,80.1846084595,70926,70936,10
12.949139595,80.1838989258,70936,70956,20
12.949139595,80.1838989258,70956,70967,11
12.9491500854,80.1837997437,70967,70977,10
12.9492397308,80.1832809448,70977,70987,10
12.9493999481,80.1824188232,70987,70997,10
12.9495401382,80.181602478,70997,71007,10
12.9495601654,80.1815109253,71007,71017,10
12.9496002197,80.1812362671,71017,71027,10
12.9496898651,80.1807403564,71027,71037,10
12.9498100281,80.1800918579,71037,71047,10
12.9501304626,80.1787796021,71047,71057,10
12.9504699707,80.1774291992,71057,71068,11
12.9508304596,80.1759262085,71068,71078,10
12.9511003494,80.174621582,71078,71088,10
12.9511804581,80.1742019653,71088,71098,10
12.9513101578,80.1736526489,71098,71108,10
12.9514904022,80.1727523804,71108,71118,10
12.951669693,80.1717224121,71118,71128,10
12.9517297745,80.1713485718,71128,71138,10
12.9518003464,80.1709365845,71138,71147,9
12.9519395828,80.1700973511,71147,71158,11
12.9521102905,80.1691589355,71158,71168,10
12.9524497986,80.1677398682,71168,71179,11
12.9527997971,80.1664276123,71179,71189,10
12.9531097412,80.1650009155,71189,71199,10
12.9534397125,80.163520813,71199,71209,10
12.9537696838,80.1620025635,71209,71219,10
12.9540395737,80.16065979,71219,71229,10
12.9542503357,80.1596374512,71229,71239,10
12.9543199539,80.1591491699,71239,71259,20
12.9543199539,80.1591491699,71259,71269,10
12.9543304443,80.1590270996,71269,71280,11
12.9544401169,80.1585769653,71280,71290,10
12.954580307,80.1579284668,71290,71300,10
12.9547700882,80.1570587158,71300,71310,10
12.954990387,80.1560211182,71310,71320,10
12.9552001953,80.1550598145,71320,71330,10
12.9554004669,80.1540603638,71330,71340,10
12.9557199478,80.1530914307,71340,71350,10
12.9563102722,80.152130127,71350,71360,10
12.9571695328,80.1513977051,71360,71370,10
12.9579401016,80.1507492065,71370,71381,11
12.9586400986,80.1501922607,71381,71391,10
12.9588098526,80.1500167847,71391,71401,10
12.9589395523,80.1499633789,71401,71411,10
12.9593801498,80.1494979858,71411,71421,10
12.9596004486,80.1486816406,71421,71431,10
12.9597597122,80.1478729248,71431,71441,10
12.9599199295,80.1470718384,71441,71451,10
12.960100174,80.1462478638,71451,71461,10
12.9602003098,80.1456604004,71461,71471,10
12.9600200653,80.1453933716,71471,71481,10
12.9591999054,80.1449737549,71481,71492,11
12.9582195282,80.1444168091,71492,71502,10
12.9575500488,80.1440124512,71502,71512,10
12.9567203522,80.1436004639,71512,71522,10
12.9561796188,80.1433029175,71522,71532,10
12.9555501938,80.1429595947,71532,71542,10
12.9549102783,80.1426086426,71542,71552,10
12.9542703629,80.1422576904,71552,71562,10
12.9538002014,80.141998291,71562,71572,10
12.953379631,80.1417922974,71572,71582,10
12.9533195496,80.1417617798,71582,71593,11
12.9530696869,80.1416320801,71593,71603,10
12.9528903961,80.1415176392,71603,71613,10
12.9525203705,80.1412506104,71613,71623,10
12.9518003464,80.1407318115,71623,71663,40
12.9518003464,80.1407318115,71663,71673,10
12.9515695572,80.1405410767,71673,71683,10
12.9510202408,80.1401062012,71683,71693,10
12.9506101608,80.1397781372,71693,71704,11
12.9505901337,80.1397705078,71704,71714,10
12.9504003525,80.1396331787,71714,71734,20
12.9504003525,80.1396331787,71734,71744,10
12.9501695633,80.1394577026,71744,71754,10
12.949549675,80.1389389038,71754,71764,10
12.9486999512,80.1382369995,71764,71774,10
12.9477996826,80.1376113892,71774,71784,10
12.9469404221,80.13697052,71784,71794,10
12.9459600449,80.1362228394,71794,71805,11
12.9448003769,80.1353225708,71805,71815,10
12.9440402985,80.1347198486,71815,71825,10
12.9433803558,80.1341781616,71825,71835,10
12.9423599243,80.1331710815,71835,71855,20
12.9423599243,80.1331710815,71855,71865,10
12.9423103333,80.1331100464,71865,71875,10
12.9419698715,80.1327667236,71875,71885,10
12.9413604736,80.1321334839,71885,71895,10
12.9406404495,80.1313934326,71895,71905,10
12.9398202896,80.1305007935,71905,71916,11
12.9387197495,80.1295089722,71916,71926,10
12.9378995895,80.1288375854,71926,71936,10
12.9374504089,80.1284790039,71936,71946,10
12.9371595383,80.1282272339,71946,71956,10
12.9369697571,80.1280517578,71956,71966,10
12.9369602203,80.1280517578,71966,71976,10
12.9368600845,80.1279602051,71976,71986,10
12.9365196228,80.1276473999,71986,71996,10
12.9359998703,80.1271972656,71996,72006,10
12.9352397919,80.1265029907,72006,72017,11
12.9341897964,80.1255493164,72017,72027,10
12.9332399368,80.1246032715,72027,72037,10
12.9322900772,80.1236801147,72037,72047,10
12.9314899445,80.1229095459,72047,72057,10
12.9307403564,80.1221008301,72057,72067,10
12.9299402237,80.121383667,72067,72077,10
12.9293003082,80.1206970215,72077,72087,10
12.9284896851,80.1198501587,72087,72097,10
12.9278402328,80.1192016602,72097,72107,10
12.9275598526,80.118888855,72107,72117,10
12.9274501801,80.1187896729,72117,72128,11
12.927280426,80.1186523438,72128,72168,40
12.927280426,80.1186523438,72168,72178,10
12.9271097183,80.1184921265,72178,72188,10
12.9270000458,80.1183624268,72188,72198,10
12.9266996384,80.1180496216,72198,72208,10
12.92648983,80.1178436279,72208,72218,10
12.9262104034,80.1175994873,72218,72239,21
12.9262104034,80.1175994873,72239,72249,10
12.9261102676,80.1175079346,72249,72259,10
12.9259796143,80.1174087524,72259,72269,10
12.9256601334,80.1171798706,72269,72279,10
12.9251804352,80.1166915894,72279,72288,9
12.9246196747,80.1161193848,72288,72299,11
12.9243803024,80.1158676147,72299,72309,10
12.9242095947,80.1156997681,72309,72319,10
12.9240703583,80.1155700684,72319,72330,11
12.9238300323,80.1153106689,72330,72340,10
12.923910141,80.1150665283,72340,72350,10
12.924200058,80.1151885986,72350,72360,10
12.9246397018,80.1156692505,72360,72370,10
12.9251899719,80.1162261963,72370,72380,10
12.9256896973,80.1167373657,72380,72390,10
12.9260396957,80.117149353,72390,72400,10
12.9261398315,80.1173019409,72400,72410,10
12.9262104034,80.1174087524,72410,72420,10
12.9263000488,80.1175308228,72420,72430,10
12.9266901016,80.1179122925,72430,72470,40
12.9266901016,80.1179122925,72470,72481,11
12.9269895554,80.1181106567,72481,72531,50
12.9269895554,80.1181106567,72531,72541,10
12.9271602631,80.1182403564,72541,72582,41
12.9271602631,80.1182403564,72582,72592,10
12.9274196625,80.1186828613,72592,72602,10
12.9278898239,80.119140625,72602,72612,10
12.928440094,80.1196594238,72612,72622,10
12.9287796021,80.1199798584,72622,72632,10
12.9290504456,80.1202011108,72632,72885,253
12.9290504456,80.1202011108,72885,72895,10
12.9292001724,80.1203308105,72895,72905,10
12.9292201996,80.1203765869,72905,72915,10
12.9294900894,80.1206970215,72915,72925,10
12.9298000336,80.1209869385,72925,72935,10
12.9302101135,80.1213989258,72935,72945,10
12.9308099747,80.1220016479,72945,72955,10
12.9314002991,80.1225891113,72955,73006,51
12.9314002991,80.1225891113,73006,73016,10
12.9315595627,80.122718811,73016,73026,10
12.9318304062,80.123008728,73026,73036,10
12.9323797226,80.123550415,73036,73046,10
12.9330396652,80.1242294312,73046,73056,10
12.9337501526,80.1249465942,73056,73067,11
12.934510231,80.1257095337,73067,73077,10
12.9351100922,80.1262588501,73077,73087,10
12.9356203079,80.1266403198,73087,73097,10
12.9359502792,80.1269226074,73097,73107,10
12.9362697601,80.1272583008,73107,73117,10
12.9365196228,80.1274795532,73117,73127,10
12.9366197586,80.1274795532,73127,73137,10
12.936920166,80.1270828247,73137,73147,10
12.9372501373,80.1268997192,73147,73157,10
12.9374704361,80.1277084351,73157,73188,31
12.9374704361,80.1277084351,73188,73198,10
12.9373102188,80.1279525757,73198,73208,10
12.9374198914,80.1281890869,73208,73218,10
12.9378499985,80.128578186,73218,73228,10
12.9385995865,80.1292877197,73228,73238,10
12.9395904541,80.1301879883,73238,73248,10
12.9404096603,80.1310119629,73248,73258,10
12.9415597916,80.1321868896,73258,73268,10
12.9422302246,80.1328735352,73268,73289,21
12.9422302246,80.1328735352,73289,73299,10
12.9423398972,80.1329879761,73299,73309,10
12.9427204132,80.1333999634,73309,73318,9
12.9432401657,80.1339416504,73318,73329,11
12.9440202713,80.1346282959,73329,73339,10
12.9447002411,80.1351699829,73339,73349,10
12.945599556,80.1358566284,73349,73359,10
12.9465999603,80.1366577148,73359,73369,10
12.9475603104,80.1373291016,73369,73379,10
12.9486703873,80.138130188,73379,73390,11
12.9495897293,80.1388092041,73390,73400,10
12.950220108,80.139251709,73400,73420,20
12.950220108,80.139251709,73420,73430,10
12.950460434,80.1394729614,73430,73440,10
12.9509296417,80.1397399902,73440,73470,30
12.9509296417,80.1397399902,73470,73480,10
12.9510698318,80.1398468018,73480,73491,11
12.951259613,80.1399765015,73491,73501,10
12.9514198303,80.1401062012,73501,73511,10
12.9515304565,80.1401977539,73511,73521,10
12.9519100189,80.1405410767,73521,73531,10
12.9525403976,80.1411514282,73531,73551,20
12.9525403976,80.1411514282,73551,73561,10
12.9527301788,80.1412887573,73561,73571,10
12.9532403946,80.1416473389,73571,73581,10
12.9538698196,80.1420135498,73581,73592,11
12.954750061,80.1424789429,73592,73602,10
12.9556102753,80.142906189,73602,73612,10
12.9562196732,80.1432418823,73612,73622,10
12.9568004608,80.1435317993,73622,73632,10
12.9574604034,80.1438674927,73632,73642,10
12.9581003189,80.1441802979,73642,73652,10
12.9586496353,80.1444091797,73652,73662,10
12.9593400955,80.14478302,73662,73672,10
12.959980011,80.1451263428,73672,73682,10
12.9604701996,80.145362854,73682,73692,10
12.9603996277,80.1457138062,73692,73703,11
12.9601697922,80.1464080811,73703,73713,10
12.9599599838,80.1473617554,73713,73723,10
12.9597501755,80.1483535767,73723,73733,10
12.9595098495,80.1493835449,73733,73743,10
12.9585800171,80.1504211426,73743,73762,19
12.9585800171,80.1504211426,73762,73773,11
12.9581604004,80.1507263184,73773,73783,10
12.9574298859,80.1512985229,73783,73793,10
12.9565200806,80.1520233154,73793,73804,11
12.9557199478,80.1531677246,73804,73814,10
12.9553203583,80.1546096802,73814,73824,10
12.9549999237,80.1561203003,73824,73834,10
12.9547395706,80.1574478149,73834,73844,10
12.9544801712,80.158782959,73844,73864,20
12.9544801712,80.158782959,73864,73874,10
12.954460144,80.1588821411,73874,73884,10
12.9543600082,80.1593170166,73884,73894,10
12.9541902542,80.1601409912,73894,73904,10
12.9539499283,80.1613006592,73904,73915,11
12.9536304474,80.1628265381,73915,73925,10
12.9533195496,80.1643218994,73925,73935,10
12.9529895782,80.1657867432,73935,73945,10
12.9526796341,80.1671218872,73945,73955,10
12.952340126,80.1684188843,73955,73965,10
12.9520998001,80.1697235107,73965,73975,10
12.9519701004,80.1706237793,73975,73985,10
12.9519300461,80.1708374023,73985,73995,10
12.951789856,80.1716308594,73995,74005,10
12.9515695572,80.1727981567,74005,74016,11
12.9512796402,80.1742401123,74016,74026,10
12.9509801865,80.1754989624,74026,74036,10
12.9506797791,80.1769104004,74036,74046,10
12.9502897263,80.1783676147,74046,74056,10
12.9499197006,80.1798782349,74056,74066,10
12.9497203827,80.181022644,74066,74076,10
12.9495401382,80.1820068359,74076,74086,10
12.9493398666,80.1830596924,74086,74096,10
12.9492197037,80.1840209961,74096,74117,21
12.9492197037,80.1840209961,74117,74127,10
12.9491996765,80.1841888428,74127,74137,10
12.9491701126,80.1852874756,74137,74228,91
12.9491701126,80.1852874756,74228,74238,10
12.9491195679,80.1855621338,74238,74248,10
12.9490499496,80.1863021851,74248,74258,10
12.9489803314,80.1872406006,74258,74268,10
12.9488697052,80.1882629395,74268,74278,10
12.9487800598,80.1892166138,74278,74288,10
12.9486598969,80.1902770996,74288,74298,10
12.9485902786,80.1914672852,74298,74308,10
12.9485301971,80.1928634644,74308,74318,10
12.9484996796,80.1940307617,74318,74329,11
12.9484996796,80.1952819824,74329,74339,10
12.9485197067,80.1955718994,74339,74349,10
12.9484996796,80.1961288452,74349,74359,10
12.9484701157,80.1971206665,74359,74369,10
12.9484596252,80.1983413696,74369,74379,10
12.94851017,80.1992492676,74379,74389,10
12.9485197067,80.1995391846,74389,74399,10
12.9485397339,80.2000808716,74399,74409,10
12.948559761,80.2010269165,74409,74419,10
12.9485902786,80.2021179199,74419,74429,10
12.9486398697,80.2031021118,74429,74440,11
12.9486503601,80.2032623291,74440,74450,10
12.9486598969,80.2038574219,74450,74460,10
12.948679924,80.2049102783,74460,74470,10
12.9486904144,80.206199646,74470,74480,10
12.9486398697,80.2072601318,74480,74490,10
12.9485502243,80.2083969116,74490,74500,10
12.9484996796,80.2092971802,74500,74510,10
12.9484996796,80.2093811035,74510,74520,10
12.9484996796,80.2097396851,74520,74530,10
12.9485197067,80.2100830078,74530,74541,11
12.9484395981,80.2109603882,74541,74551,10
12.9484500885,80.2121429443,74551,74561,10
12.9485397339,80.2136077881,74561,74571,10
12.948679924,80.2151489258,74571,74581,10
12.948849678,80.2167510986,74581,74591,10
12.9490098953,80.2183837891,74591,74601,10
12.9491701126,80.2200164795,74601,74611,10
12.9493398666,80.2213363647,74611,74621,10
12.9494304657,80.2232894897,74621,74631,10
12.9495000839,80.2248687744,74631,74641,10
12.9495801926,80.2265090942,74641,74652,11
12.949669838,80.2283172607,74652,74662,10
12.949760437,80.2299728394,74662,74672,10
12.9498796463,80.2314682007,74672,74682,10
12.9499797821,80.2326812744,74682,74692,10
12.9499998093,80.2330169678,74692,74702,10
12.9500198364,80.2332763672,74702,74712,10
12.9500398636,80.2341003418,74712,74722,10
12.9499597549,80.2349090576,74722,74732,10
12.9499397278,80.235710144,74732,74742,10
12.9499197006,80.2359313965,74742,74753,11
12.9498300552,80.2363586426,74753,74763,10
12.9496603012,80.2372817993,74763,74773,10
12.9495801926,80.2378997803,74773,74783,10
12.9495697021,80.2379226685,74783,74793,10
12.9495601654,80.2380065918,74793,74803,10
12.9494600296,80.23853302,74803,74813,10
12.9492397308,80.2395324707,74813,74823,10
12.9490604401,80.2406616211,74823,74843,20
12.9490604401,80.2406616211,74843,74854,11
12.9491596222,80.2408065796,74854,74864,10
12.9493598938,80.2409210205,74864,74874,10
12.9497699738,80.2410430908,74874,74884,10
12.9501800537,80.2411575317,74884,74894,10
12.9507904053,80.2413101196,74894,74904,10
12.9509401321,80.2413635254,74904,74914,10
12.9510002136,80.2413787842,74914,74924,10
12.9513902664,80.2415237427,74924,74934,10
12.9521598816,80.2418136597,74934,74944,10
12.9531602859,80.2421875,74944,74954,10
12.9539299011,80.2425003052,74954,74965,11
12.954750061,80.2428283691,74965,74975,10
12.955499649,80.2430877686,74975,74985,10
12.9560604095,80.2432937622,74985,74995,10
12.9562196732,80.243347168,74995,75005,10
12.956319809,80.2433776855,75005,75015,10
12.9565200806,80.2434768677,75015,75025,10
12.9572000504,80.2437820435,75025,75035,10
12.9579801559,80.2441101074,75035,75045,10
12.9585599899,80.2443466187,75045,75055,10
12.9586801529,80.2444000244,75055,75066,11
12.9591903687,80.244682312,75066,75076,10
12.9600200653,80.2450485229,75076,75086,10
12.9611301422,80.2455596924,75086,75096,10
12.9622802734,80.246131897,75096,75106,10
12.9631795883,80.2465820313,75106,75116,10
12.9637498856,80.2468566895,75116,75126,10
12.96434021,80.2470703125,75126,75136,10
12.9650402069,80.2473220825,75136,75146,10
12.9658699036,80.2475814819,75146,75156,10
12.9660396576,80.2476501465,75156,75166,10
12.9661197662,80.2477035522,75166,75177,11
12.9664897919,80.2478790283,75177,75187,10
12.9669399261,80.2481079102,75187,75197,10
12.9674797058,80.248336792,75197,75207,10
12.9682502747,80.2486190796,75207,75217,10
12.969209671,80.2490005493,75217,75227,10
12.9702997208,80.2494430542,75227,75237,10
12.9713897705,80.249786377,75237,75247,10
12.9724197388,80.2500610352,75247,75257,10
12.973449707,80.2503204346,75257,75267,10
12.9744796753,80.2506103516,75267,75278,11
12.9757995605,80.2509918213,75278,75288,10
12.9769496918,80.2513427734,75288,75298,10
12.9778795242,80.2519226074,75298,75308,10
12.9783000946,80.2522583008,75308,75318,10
12.9784002304,80.2523422241,75318,75328,10
12.9790802002,80.2526168823,75328,75338,10
12.9801797867,80.2527236938,75338,75348,10
12.9814300537,80.2526779175,75348,75358,10
12.9828300476,80.2526321411,75358,75368,10
12.9841499329,80.2523803711,75368,75378,10
12.9850301743,80.2521133423,75378,75389,11
12.9854898453,80.251991272,75389,75399,10
12.9857702255,80.2518920898,75399,75409,10
12.9861001968,80.2517929077,75409,75419,10
12.9866104126,80.2516784668,75419,75540,121
12.9866104126,80.2516784668,75540,75550,10
12.9869804382,80.2515792847,75550,75560,10
12.9874095917,80.251449585,75560,75570,10
12.987830162,80.251411438,75570,75580,10
12.9879598618,80.2517700195,75580,75590,10
12.9880199432,80.2523574829,75590,75601,11
12.9879102707,80.253288269,75601,75611,10
12.9878101349,80.2543411255,75611,75621,10
12.9877300262,80.2552032471,75621,75631,10
12.9876499176,80.2558822632,75631,75641,10
12.9875802994,80.2562484741,75641,75651,10
12.9875602722,80.2564468384,75651,75661,10
12.9875001907,80.2570571899,75661,75671,10
12.9874601364,80.2577209473,75671,75681,10
12.9874000549,80.2584762573,75681,75691,10
12.9873399734,80.2591171265,75691,75702,11
12.987159729,80.2596435547,75702,75732,30
12.987159729,80.2596435547,75732,75742,10
12.9868497849,80.259437561,75742,76570,828
12.9868803024,80.2590789795,76570,77409,839
12.9867897034,80.2592163086,77409,78096,687
12.9869098663,80.2590866089,78096,78368,272
12.9868001938,80.2590026855,78368,79691,1323
12.9868803024,80.2591171265,79691,80156,465
12.9868803024,80.258972168,80156,82741,2585
12.9869098663,80.2591171265,82741,86254,3513
