13.0349502563,80.2052688599,13,7622,7609
13.0350399017,80.2052612305,7622,8055,433
13.0349998474,80.2053222656,8055,9309,1254
13.0349197388,80.205078125,9309,9379,70
13.0350503922,80.2051773071,9379,16284,6905
13.0349397659,80.2051773071,16284,16395,111
13.0349798203,80.205116272,16395,19010,2615
13.0349798203,80.205116272,19010,19020,10
13.0349397659,80.205291748,19020,19030,10
13.0349197388,80.2054595947,19030,19040,10
13.0347204208,80.205619812,19040,19101,61
13.0347204208,80.205619812,19101,19111,10
13.0347204208,80.2055664063,19111,19121,10
13.0348596573,80.205406189,19121,19131,10
13.0349998474,80.2051620483,19131,19140,9
13.0352296829,80.2051773071,19140,19151,11
13.0354604721,80.2052230835,19151,19161,10
13.03565979,80.2052536011,19161,19171,10
13.0358104706,80.2052764893,19171,19181,10
13.0358400345,80.2058181763,19181,19191,10
13.0358400345,80.2058410645,19191,20684,1493
13.0358400345,80.2058410645,20684,20695,11
13.0357103348,80.2062606812,20695,20705,10
13.0356798172,80.206489563,20705,20715,10
13.0356502533,80.2067337036,20715,20724,9
13.0355997086,80.2070617676,20724,20735,11
13.0355100632,80.2077102661,20735,20745,10
13.0354404449,80.2082138062,20745,20755,10
13.0353498459,80.2088623047,20755,20764,9
13.0352602005,80.209487915,20764,20775,11
13.0351896286,80.2100296021,20775,20785,10
13.0351295471,80.2104187012,20785,20795,10
13.0349903107,80.2109222412,20795,20806,11
13.0348300934,80.2117767334,20806,20816,10
13.0345001221,80.2121429443,20816,20826,10
13.0338201523,80.2120437622,20826,20836,10
13.0329904556,80.2119522095,20836,20846,10
13.0324897766,80.2118606567,20846,20856,10
13.0319700241,80.2118911743,20856,20866,10
13.0318498611,80.2124176025,20866,20886,20
13.03166008,80.2138595581,20886,20898,12
13.0315799713,80.2144012451,20898,20908,10
13.0314998627,80.2150192261,20908,20919,11
13.0313997269,80.2159194946,20919,20927,8
13.031419754,80.2164306641,20927,20938,11
13.0314903259,80.2170562744,20938,20949,11
13.031539917,80.2177581787,20949,20959,10
13.0316801071,80.2183609009,20959,20969,10
13.0321598053,80.2184524536,20969,20979,10
13.0322504044,80.2188720703,20979,20989,10
13.0322504044,80.2193832397,20989,20999,10
13.0322399139,80.2200012207,20999,21009,10
13.0318698883,80.2201690674,21009,21020,11
13.0313396454,80.2202377319,21020,21031,11
13.0308103561,80.2202529907,21031,21041,10
13.0305595398,80.2202301025,21041,21050,9
13.0301303864,80.2202072144,21050,21061,11
13.0294103622,80.2201004028,21061,21071,10
13.0287904739,80.2199325562,21071,21081,10
13.0281496048,80.219833374,21081,21090,9
13.0276603699,80.2197799683,21090,21101,11
13.0269098282,80.2197723389,21101,21111,10
13.0264396667,80.2197723389,21111,21121,10
13.0259199142,80.2197723389,21121,21132,11
13.0253000259,80.2197723389,21132,21142,10
13.0249204636,80.2198028564,21142,21152,10
13.0245800018,80.2198028564,21152,21162,10
13.0242900848,80.2196807861,21162,21172,10
13.0242795944,80.2192382813,21172,21181,9
13.0242595673,80.2187728882,21181,21191,10
13.0242395401,80.2182693481,21191,21202,11
13.0242595673,80.2175979614,21202,21212,10
13.0242795944,80.2166976929,21212,21556,344
13.0242795944,80.2166976929,21556,21566,10
13.0244102478,80.2165985107,21566,21575,9
13.0245504379,80.2165679932,21575,21586,11
13.0246496201,80.2166824341,21586,21595,9
13.0246696472,80.2169036865,21595,21605,10
13.0247097015,80.2173690796,21605,21616,11
13.024769783,80.2181167603,21616,21626,10
13.0247802734,80.2183227539,21626,21636,10
13.0248203278,80.2187271118,21636,21646,10
13.024889946,80.2193222046,21646,21657,11
13.0250196457,80.2197113037,21657,21665,8
13.0252399445,80.2197189331,21665,21677,12
13.0255804062,80.2197265625,21677,21686,9
13.0259504318,80.2197265625,21686,21697,11
13.0265798569,80.2197189331,21697,21707,10
13.0267400742,80.2197265625,21707,21715,8
13.0269804001,80.2197418213,21715,21727,12
13.0275201797,80.2197494507,21727,21737,10
13.0276699066,80.2197723389,21737,21748,11
13.0281600952,80.2198181152,21748,21758,10
13.0287599564,80.2199172974,21758,21768,10
13.029540062,80.2201004028,21768,21776,8
13.0300998688,80.2201766968,21776,21787,11
13.0308198929,80.2202224731,21787,21798,11
13.0312595367,80.2202224731,21798,21808,10
13.0316095352,80.2202072144,21808,21818,10
13.0319595337,80.220123291,21818,21828,10
13.0322599411,80.2201385498,21828,21838,10
13.0322399139,80.2204666138,21838,21849,11
13.0320701599,80.2211685181,21849,21859,10
13.0317802429,80.2219390869,21859,21869,10
13.0314702988,80.2225723267,21869,21879,10
13.0312404633,80.2232208252,21879,21889,10
13.0312004089,80.2238616943,21889,21898,9
13.0312004089,80.2239532471,21898,21909,11
13.0311803818,80.224281311,21909,21921,12
13.0304203033,80.224319458,21921,21931,10
13.0296001434,80.2242965698,21931,21941,10
13.0290803909,80.2242507935,21941,21951,10
13.0289402008,80.2241668701,21951,21962,11
13.0286502838,80.2240829468,21962,21972,10
13.0284404755,80.2244567871,21972,21982,10
13.0282897949,80.2252426147,21982,21992,10
13.0280103683,80.2266387939,21992,22002,10
13.0279798508,80.2269363403,22002,22012,10
13.0281801224,80.2270812988,22012,22022,10
13.0281801224,80.2270812988,22022,22031,9
13.0286397934,80.2271499634,22031,22042,11
13.0294904709,80.2273101807,22042,22052,10
13.0303201675,80.2274398804,22052,22063,11
13.0304403305,80.2278137207,22063,22073,10
13.0303897858,80.2283096313,22073,22083,10
13.0303096771,80.2291030884,22083,22093,10
13.0305204391,80.2297592163,22093,22104,11
13.0307197571,80.23046875,22104,22114,10
13.0307598114,80.2306976318,22114,22124,10
13.0304403305,80.2307815552,22124,22134,10
13.0299701691,80.2308273315,22134,22154,20
13.0299701691,80.2308273315,22154,22164,10
13.02987957,80.2308120728,22164,22175,11
13.0294799805,80.2308578491,22175,22185,10
13.0288896561,80.2309036255,22185,22195,10
13.0281400681,80.23097229,22195,22205,10
13.0276899338,80.2310180664,22205,22215,10
13.0276603699,80.2313766479,22215,22225,10
13.0277204514,80.2318191528,22225,22235,10
13.0278301239,80.2323074341,22235,22245,10
13.0278701782,80.2328109741,22245,22255,10
13.0272502899,80.2329101563,22255,22265,10
13.0268497467,80.232963562,22265,22275,10
13.0264997482,80.232963562,22275,22285,10
13.0262498856,80.232421875,22285,22296,11
13.0260000229,80.2314910889,22296,22306,10
13.025639534,80.2304000854,22306,22316,10
13.0249500275,80.2294235229,22316,22324,8
13.0243902206,80.2286911011,22324,22336,12
13.0235395432,80.2276763916,22336,22346,10
13.0227499008,80.2269897461,22346,22356,10
13.0225095749,80.2267913818,22356,22366,10
13.0224704742,80.2267608643,22366,22376,10
13.0221300125,80.2264633179,22376,22387,11
13.0214796066,80.2259216309,22387,22397,10
13.0207796097,80.2253875732,22397,22408,11
13.0198698044,80.2247619629,22408,22418,10
13.018910408,80.2244796753,22418,22428,10
13.0179100037,80.2248535156,22428,22438,10
13.0169296265,80.2252807617,22438,22448,10
13.0162696838,80.2255401611,22448,22458,10
13.0157003403,80.2257385254,22458,22468,10
13.0148496628,80.2260818481,22468,22478,10
13.014380455,80.2262573242,22478,22488,10
13.0143604279,80.226272583,22488,22497,9
13.0143499374,80.2262802124,22497,22508,11
13.0139703751,80.2264175415,22508,22519,11
13.0133104324,80.2266693115,22519,22529,10
13.0124101639,80.2269973755,22529,22539,10
13.0113697052,80.2273712158,22539,22549,10
13.0104198456,80.2277526855,22549,22559,10
13.0095701218,80.2277832031,22559,22569,10
13.0096998215,80.227180481,22569,22579,10
13.0100603104,80.2263717651,22579,22589,10
13.0104904175,80.225402832,22589,22599,10
13.0109100342,80.2244567871,22599,22610,11
13.0112695694,80.2235717773,22610,22612,2
13.0112895966,80.2235107422,22612,22613,1
13.0113296509,80.2234115601,22613,22684,71
13.011590004,80.2192382813,22684,22694,10
13.0112495422,80.218208313,22694,22704,10
13.010840416,80.2171936035,22704,22714,10
13.0104398727,80.2163085938,22714,22725,11
13.0100402832,80.2155838013,22725,22735,10
13.00963974,80.2149200439,22735,22745,10
13.0091600418,80.2142868042,22745,22755,10
13.0086202621,80.2135925293,22755,22765,10
13.0081796646,80.2133102417,22765,22775,10
13.0081300735,80.2133026123,22775,22784,9
13.008020401,80.2132263184,22784,22796,12
13.0078802109,80.2131195068,22796,22806,10
13.0074901581,80.2128677368,22806,22816,10
13.0067100525,80.2127380371,22816,22826,10
13.0059995651,80.2129592896,22826,22837,11
13.0052404404,80.212677002,22837,22847,10
13.00440979,80.2122268677,22847,22857,10
13.0037002563,80.2119522095,22857,22867,10
13.0036802292,80.2113265991,22867,22877,10
13.0036296844,80.2106781006,22877,22887,10
13.0035295486,80.2099227905,22887,22896,9
13.0035896301,80.2092208862,22896,22906,10
13.0040197372,80.2086410522,22906,22917,11
13.004940033,80.2090301514,22917,22927,10
13.0056800842,80.2093505859,22927,22938,11
13.0067195892,80.2097015381,22938,22948,10
13.0070495605,80.2097625732,22948,22957,9
13.0074396133,80.2098236084,22957,22967,10
13.0075798035,80.2098464966,22967,22978,11
13.0080604553,80.2099685669,22978,22987,9
13.0081796646,80.2097473145,22987,22998,11
13.0080404282,80.2090377808,22998,23006,8
13.0079298019,80.2082672119,23006,23018,12
13.0076999664,80.2067871094,23018,23028,10
13.0075597763,80.2056808472,23028,23038,10
13.0075597763,80.2046813965,23038,23049,11
13.0074996948,80.2037582397,23049,23059,10
13.0074195862,80.2031021118,23059,23069,10
13.0073099136,80.2024765015,23069,23079,10
13.007349968,80.2018585205,23079,23089,10
13.0073900223,80.2015991211,23089,23099,10
13.0074300766,80.2011108398,23099,23108,9
13.0074701309,80.2003173828,23108,23119,11
13.007399559,80.1991882324,23119,23129,10
13.0073404312,80.1981964111,23129,23139,10
13.0073204041,80.1972808838,23139,23150,11
13.0072803497,80.1967391968,23150,23160,10
13.0073204041,80.1964874268,23160,23169,9
13.0073604584,80.1962509155,23169,23179,10
13.0078296661,80.1961975098,23179,23190,11
13.0084495544,80.1962509155,23190,23200,10
13.0086803436,80.1962432861,23200,23209,9
13.0090103149,80.1960906982,23209,23220,11
13.0098600388,80.1958770752,23220,23230,10
13.0106801987,80.1958084106,23230,23240,10
13.0115604401,80.1952972412,23240,23251,11
13.0127096176,80.1945800781,23251,23261,10
13.0137901306,80.193901062,23261,23271,10
13.0146198273,80.193031311,23271,23281,10
13.0152397156,80.1919784546,23281,23291,10
13.0158500671,80.1908798218,23291,23301,10
13.0163898468,80.1898498535,23301,23311,10
13.0166797638,80.1893005371,23311,23321,10
13.0167999268,80.1890792847,23321,23331,10
13.0171203613,80.1885528564,23331,23341,10
13.0175600052,80.1877365112,23341,23351,10
13.0181703568,80.1868515015,23351,23362,11
13.0191802979,80.1862106323,23362,23372,10
13.0201301575,80.1856231689,23372,23382,10
13.0205698013,80.1846008301,23382,23402,20
13.0205698013,80.1846008301,23402,23412,10
13.0206403732,80.184387207,23412,23422,10
13.0208702087,80.1838989258,23422,23432,10
13.0211200714,80.18334198,23432,23493,61
13.0211200714,80.18334198,23493,23503,10
13.0212001801,80.1831817627,23503,23513,10
13.0214996338,80.1826934814,23513,23523,10
13.0219497681,80.1819000244,23523,23533,10
13.0225095749,80.1808929443,23533,23543,10
13.0230798721,80.1798629761,23543,23553,10
13.0236196518,80.1788864136,23553,23563,10
13.0238895416,80.1783599854,23563,23573,10
13.023900032,80.1783370972,23573,23584,11
13.0240402222,80.1781234741,23584,23594,10
13.0243196487,80.1776123047,23594,23604,10
13.0246601105,80.1770324707,23604,23614,10
13.0250196457,80.1763534546,23614,23624,10
13.0253200531,80.175819397,23624,23634,10
13.0254898071,80.17552948,23634,23644,10
13.0258398056,80.1748962402,23644,23654,10
13.026309967,80.1740722656,23654,23664,10
13.0268602371,80.1730804443,23664,23674,10
13.0274200439,80.1720581055,23674,23684,10
13.0278997421,80.1712188721,23684,23695,11
13.0283203125,80.1704788208,23695,23705,10
13.0284996033,80.1701583862,23705,23715,10
13.0288095474,80.169593811,23715,23725,10
13.0290699005,80.1690979004,23725,23735,10
13.0291099548,80.1690216064,23735,23745,10
13.0293502808,80.1686096191,23745,23755,10
13.0297203064,80.1679382324,23755,23765,10
13.0301904678,80.1670913696,23765,23775,10
13.0307397842,80.1660919189,23775,23785,10
13.0313196182,80.1650619507,23785,23795,10
13.0318002701,80.1641998291,23795,23806,11
13.0322904587,80.1633300781,23806,23816,10
13.0323696136,80.1631622314,23816,23826,10
13.0324296951,80.1630630493,23826,23836,10
13.0326795578,80.1626205444,23836,23846,10
13.0330696106,80.1619262695,23846,23856,10
13.0335903168,80.1610488892,23856,23866,10
13.0340499878,80.1602020264,23866,23876,10
13.0342102051,80.1598892212,23876,23886,10
13.0343503952,80.1593475342,23886,23896,10
13.0343599319,80.1585388184,23896,23906,10
13.0343103409,80.1575164795,23906,23917,11
13.0344200134,80.1564407349,23917,23927,10
13.0345802307,80.1559524536,23927,23937,10
13.0344200134,80.1557235718,23937,23947,10
13.0339698792,80.1554412842,23947,23957,10
13.0338497162,80.1553497314,23957,23967,10
13.0337696075,80.1552581787,23967,23977,10
13.0334196091,80.1549682617,23977,23987,10
13.0328197479,80.1544494629,23987,23997,10
13.0321102142,80.1538391113,23997,24007,10
13.0312995911,80.1533432007,24007,24017,10
13.0307598114,80.1530075073,24017,24028,11
13.0306196213,80.1529006958,24028,24038,10
13.0301504135,80.1525878906,24038,24048,10
13.0294704437,80.1521530151,24048,24058,10
13.0285997391,80.1515579224,24058,24068,10
13.0281400681,80.1512527466,24068,24078,10
13.0279102325,80.1510620117,24078,24088,10
13.0273799896,80.1506729126,24088,24098,10
13.0267601013,80.1501998901,24098,24108,10
13.0262804031,80.1498184204,24108,24118,10
13.0254201889,80.1490097046,24118,24128,10
13.0246696472,80.1481781006,24128,24139,11
13.023900032,80.1473693848,24139,24149,10
13.0232601166,80.1467437744,24149,24159,10
13.0228900909,80.1463928223,24159,24169,10
13.0228300095,80.1463623047,24169,24179,10
13.0225400925,80.1460571289,24179,24189,10
13.0220804214,80.1455993652,24189,24199,10
13.0216999054,80.1452102661,24199,24209,10
13.0211296082,80.1446533203,24209,24219,10
13.0207195282,80.1442337036,24219,24229,10
13.0204696655,80.1439590454,24229,24239,10
13.0200796127,80.1434936523,24239,24249,10
13.0197200775,80.1430892944,24249,24266,17
13.0191297531,80.1425323486,24266,24278,12
13.0190200806,80.1424179077,24278,24288,10
13.0187397003,80.1421432495,24288,24298,10
13.0183401108,80.1417770386,24298,24308,10
13.0178098679,80.1412277222,24308,24318,10
13.0173196793,80.140296936,24318,24328,10
13.0168800354,80.1394424438,24328,24338,10
13.0167703629,80.1391983032,24338,24348,10
13.0165195465,80.1386871338,24348,24359,11
13.0160999298,80.137840271,24359,24369,10
13.0156803131,80.1369934082,24369,24380,11
13.0153999329,80.1364822388,24380,24390,10
13.0153398514,80.1363601685,24390,24400,10
13.015080452,80.1358718872,24400,24410,10
13.0146999359,80.1351776123,24410,24420,10
13.0141601563,80.1343002319,24420,24430,10
13.0135803223,80.1334762573,24430,24440,10
13.0129995346,80.1330413818,24440,24450,10
13.0125303268,80.1324234009,24450,24460,10
13.0125398636,80.1318817139,24460,24470,10
13.0125398636,80.1316986084,24470,24481,11
13.012339592,80.131072998,24481,24491,10
13.0120000839,80.1302871704,24491,24501,10
13.0117502213,80.1294784546,24501,24511,10
13.011639595,80.1287918091,24511,24521,10
13.0115299225,80.1278533936,24521,24530,9
13.0114803314,80.1270980835,24530,24541,11
13.0114297867,80.1261672974,24541,24550,9
13.0114603043,80.1252365112,24550,24560,10
13.0113096237,80.1242904663,24560,24571,11
13.0110197067,80.1238021851,24571,24581,10
13.0109500885,80.1236801147,24581,24592,11
13.0106601715,80.1233215332,24592,24602,10
13.0100603104,80.1229324341,24602,24612,10
13.009759903,80.1222610474,24612,24622,10
13.0097103119,80.1215133667,24622,24632,10
13.0096998215,80.1210632324,24632,24641,9
13.0097103119,80.1207199097,24641,24652,11
13.0099000931,80.1201019287,24652,24662,10
13.009929657,80.1200408936,24662,24672,10
13.0100402832,80.1196594238,24672,24682,10
13.0101604462,80.1189575195,24682,24692,10
13.0103902817,80.1181030273,24692,24703,11
13.0108203888,80.1169586182,24703,24713,10
13.0110397339,80.1158370972,24713,24723,10
13.0111303329,80.1148529053,24723,24733,10
13.0108098984,80.1144485474,24733,24743,10
13.0104598999,80.1144638062,24743,24753,10
13.0102500916,80.1144790649,24753,24763,10
13.0096502304,80.1144866943,24763,24781,18
13.0081501007,80.1140213013,24781,24793,12
13.0074796677,80.1131210327,24793,24803,10
13.007399559,80.112991333,24803,24812,9
13.0071802139,80.1126785278,24812,24824,12
13.0066699982,80.1119384766,24824,24834,10
13.0062303543,80.111076355,24834,24844,10
13.0057601929,80.1101531982,24844,24854,10
13.0054197311,80.1094512939,24854,24863,9
13.0054101944,80.1093597412,24863,24874,11
13.0053796768,80.1088485718,24874,24884,10
13.0053195953,80.1080780029,24884,24894,10
13.0052700043,80.1071472168,24894,24905,11
13.0051603317,80.1059875488,24905,24916,11
13.0048799515,80.1047210693,24916,24926,10
13.0046701431,80.1037979126,24926,24936,10
13.0046596527,80.1034622192,24936,24946,10
13.004650116,80.1027832031,24946,24956,10
13.0044698715,80.1018981934,24956,24966,10
13.0039997101,80.1009216309,24966,24976,10
13.0036096573,80.0999679565,24976,24986,10
13.0034704208,80.0995635986,24986,24996,10
13.0034704208,80.0995025635,24996,25006,10
13.0033197403,80.0992431641,25006,25016,10
13.0029802322,80.0989608765,25016,25027,11
13.0023403168,80.0985717773,25027,25037,10
13.0016803741,80.0982208252,25037,25047,10
13.0010700226,80.0979537964,25047,25057,10
13.0003995895,80.0977325439,25057,25067,10
12.9998102188,80.0973510742,25067,25077,10
12.9991397858,80.0969467163,25077,25087,10
12.9987802505,80.0967788696,25087,25097,10
12.9986896515,80.0967330933,25097,25107,10
12.9982995987,80.0965881348,25107,25117,10
12.9979000092,80.0964813232,25117,25127,10
12.9974403381,80.0964202881,25127,25138,11
12.9969701767,80.0963668823,25138,25208,70
12.9969701767,80.0963668823,25208,25218,10
12.9966697693,80.0963134766,25218,25228,10
12.9964504242,80.0962600708,25228,25239,11
12.9961795807,80.0961990356,25239,25249,10
12.9958400726,80.0961074829,25249,25259,10
12.9953203201,80.0959320068,25259,25269,10
12.9949197769,80.0958404541,25269,25279,10
12.9946203232,80.0957489014,25279,25289,10
12.99421978,80.0955886841,25289,25299,10
12.9940595627,80.0955200195,25299,25309,10
12.9939403534,80.0954818726,25309,25319,10
12.9935102463,80.0954208374,25319,25329,10
12.9928398132,80.0953979492,25329,25339,10
12.9920396805,80.0952682495,25339,25349,10
12.9912700653,80.095123291,25349,25360,11
12.9907503128,80.0947875977,25360,25370,10
12.9901800156,80.094291687,25370,25380,10
12.989780426,80.0940093994,25380,25390,10
12.9897403717,80.0939865112,25390,25400,10
12.9893798828,80.0938262939,25400,25410,10
12.9887104034,80.0936279297,25410,25420,10
12.987859726,80.0934371948,25420,25430,10
12.9874095917,80.0933303833,25430,25440,10
12.9872102737,80.0933227539,25440,25450,10
12.9869203568,80.0932998657,25450,25481,31
12.9869203568,80.0932998657,25481,25491,10
12.9866399765,80.09324646,25491,25501,10
12.9866399765,80.0934295654,25501,25511,10
12.9868001938,80.0932922363,25511,25521,10
12.9870300293,80.0932998657,25521,25531,10
12.9870796204,80.0933074951,25531,25541,10
12.9871501923,80.0933227539,25541,25551,10
12.9873800278,80.0933380127,25551,25561,10
12.987569809,80.0933609009,25561,25571,10
12.9880104065,80.093460083,25571,25581,10
12.9888000488,80.0936431885,25581,25592,11
12.9896497726,80.0939025879,25592,25602,10
12.9898195267,80.0939865112,25602,25612,10
12.9898300171,80.09400177,25612,25628,16
12.9904098511,80.0944595337,25628,25640,12
12.991060257,80.0950088501,25640,25650,10
12.9911699295,80.0950698853,25650,25659,9
12.9914102554,80.095161438,25659,25670,11
12.9920701981,80.0952682495,25670,25680,10
12.9924602509,80.0953369141,25680,25689,9
12.9929800034,80.0953979492,25689,25701,12
12.9931602478,80.0954208374,25701,25710,9
12.9932498932,80.0954208374,25710,25721,11
12.9937095642,80.0954208374,25721,25731,10
12.9943799973,80.0956268311,25731,25741,10
12.9948101044,80.0958023071,25741,25751,10
12.9950399399,80.0958633423,25751,25761,10
12.9952497482,80.095916748,25761,25771,10
12.9958600998,80.0961227417,25771,25781,10
12.9964895248,80.0962677002,25781,25791,10
12.9969301224,80.0963363647,25791,25802,11
12.9971504211,80.0963363647,25802,25822,20
12.9971504211,80.0963363647,25822,25832,10
12.9972295761,80.0963516235,25832,25842,10
12.9974603653,80.0963821411,25842,25852,10
12.997759819,80.0964584351,25852,25862,10
12.9981002808,80.096496582,25862,25872,10
12.9984798431,80.0966491699,25872,25882,10
12.9989595413,80.0968399048,25882,25892,10
12.9996299744,80.0972213745,25892,25902,10
13.0002803802,80.0976409912,25902,25913,11
13.000579834,80.0977783203,25913,25923,10
13.0011796951,80.0979537964,25923,25933,10
13.0018997192,80.0983123779,25933,25943,10
13.0026597977,80.098739624,25943,25953,10
13.0032196045,80.0991287231,25953,25963,10
13.0034704208,80.0994796753,25963,25973,10
13.0036096573,80.0998535156,25973,25983,10
13.0036401749,80.0999526978,25983,25999,16
13.003950119,80.1007766724,25999,26011,12
13.0043697357,80.1016311646,26011,26021,10
13.0046596527,80.1025238037,26021,26032,11
13.004699707,80.1035614014,26032,26042,10
13.0048904419,80.104598999,26042,26052,10
13.0051498413,80.10572052,26052,26062,10
13.0052995682,80.1068878174,26062,26072,10
13.0053501129,80.1079711914,26072,26082,10
13.0054302216,80.1091766357,26082,26092,10
13.0054597855,80.1095504761,26092,26102,10
13.0054798126,80.109588623,26102,26112,10
13.0056200027,80.1099472046,26112,26123,11
13.0060796738,80.1105728149,26123,26133,10
13.0062904358,80.1112289429,26133,26144,11
13.0066699982,80.1119537354,26144,26154,10
13.007109642,80.1125564575,26154,26164,10
13.0075998306,80.113243103,26164,26174,10
13.0080900192,80.1139068604,26174,26184,10
13.0086603165,80.1144485474,26184,26194,10
13.0095100403,80.1145019531,26194,26204,10
13.0101003647,80.1144790649,26204,26213,9
13.0105800629,80.1144790649,26213,26223,10
13.0106801987,80.1144714355,26223,26234,11
13.0108098984,80.1144638062,26234,26244,10
13.0111303329,80.1147079468,26244,26255,11
13.0110797882,80.1155166626,26255,26265,10
13.0109596252,80.1164779663,26265,26275,10
13.0106401443,80.1175613403,26275,26285,10
13.0102701187,80.1184616089,26285,26295,10
13.010140419,80.1192169189,26295,26305,10
13.0100097656,80.1199188232,26305,26315,10
13.0098104477,80.1204528809,26315,26325,10
13.0097703934,80.1205596924,26325,26335,10
13.0097198486,80.1210021973,26335,26345,10
13.0097303391,80.1213989258,26345,26355,10
13.009759903,80.1220626831,26355,26366,11
13.0098695755,80.1227874756,26366,26376,10
13.0104799271,80.1231918335,26376,26386,10
13.0110301971,80.1238021851,26386,26396,10
13.0111398697,80.1239700317,26396,26406,10
13.0113401413,80.1243591309,26406,26416,10
13.0114898682,80.1250534058,26416,26426,10
13.0114498138,80.1259536743,26426,26436,10
13.0114898682,80.1269302368,26436,26445,9
13.0115003586,80.1270599365,26445,26455,10
13.0115299225,80.1273880005,26455,26466,11
13.0115499496,80.1279830933,26466,26477,11
13.011639595,80.1285934448,26477,26487,10
13.0117397308,80.1294021606,26487,26497,10
13.0119400024,80.1301422119,26497,26507,10
13.0123195648,80.1310195923,26507,26517,10
13.0125398636,80.1317672729,26517,26527,10
13.012550354,80.1318206787,26527,26537,10
13.0125598907,80.1319198608,26537,26547,10
13.0125703812,80.13230896,26547,26557,10
13.0125999451,80.1328125,26557,26567,10
13.0132198334,80.133140564,26567,26576,9
13.013759613,80.1336975098,26576,26588,12
13.0144500732,80.134727478,26588,26598,10
13.0149097443,80.1355285645,26598,26608,10
13.0153799057,80.1363830566,26608,26618,10
13.0155801773,80.1367721558,26618,26628,10
13.0156002045,80.1368103027,26628,26638,10
13.0157604218,80.1371307373,26638,26648,10
13.0160503387,80.1377182007,26648,26658,10
13.0164003372,80.1384506226,26658,26668,10
13.016869545,80.1393585205,26668,26678,10
13.0173797607,80.1404037476,26678,26688,10
13.0178403854,80.1412887573,26688,26699,11
13.0186004639,80.1420593262,26699,26709,10
13.019200325,80.1426086426,26709,26719,10
13.0196800232,80.1430664063,26719,26729,10
13.0199298859,80.1433181763,26729,26739,10
13.0202703476,80.143699646,26739,26749,10
13.0205497742,80.1440200806,26749,26759,10
13.0206098557,80.1440811157,26759,26768,9
13.0206403732,80.1440963745,26768,26779,11
13.020939827,80.1444015503,26779,26789,10
13.0213899612,80.144859314,26789,26800,11
13.0219402313,80.145401001,26800,26810,10
13.0225400925,80.1459884644,26810,26830,20
13.0225400925,80.1459884644,26830,26840,10
13.0227203369,80.1461715698,26840,26850,10
13.0230102539,80.1464385986,26850,26860,10
13.0234899521,80.1469192505,26860,26870,10
13.0240697861,80.1474914551,26870,26880,10
13.0247402191,80.1482009888,26880,26890,10
13.0254802704,80.1490020752,26890,26900,10
13.0262203217,80.1497116089,26900,26911,11
13.0269899368,80.1503295898,26911,26921,10
13.0277996063,80.1509170532,26921,26931,10
13.0283403397,80.1513214111,26931,26941,10
13.0284204483,80.1513671875,26941,26950,9
13.0286502838,80.1515274048,26950,26961,11
13.0291700363,80.1518783569,26961,26971,10
13.0297899246,80.1522979736,26971,26981,10
13.030500412,80.1527633667,26981,26991,10
13.0311803818,80.1531982422,26991,27001,10
13.0319299698,80.153678894,27001,27011,10
13.0325403214,80.1540985107,27011,27022,11
13.0330400467,80.1545791626,27022,27032,10
13.0333995819,80.1549224854,27032,27042,10
13.0339803696,80.1553726196,27042,27052,10
13.034330368,80.1555862427,27052,27143,91
13.034330368,80.1555862427,27143,27153,10
13.0345897675,80.1557922363,27153,27163,10
13.0347299576,80.1561508179,27163,27173,10
13.0344200134,80.1567230225,27173,27183,10
13.0343799591,80.1575164795,27183,27193,10
13.0344295502,80.1584014893,27193,27203,10
13.0344400406,80.1593399048,27203,27213,10
13.034239769,80.1600799561,27213,27223,10
13.0336503983,80.1612167358,27223,27244,21
13.0336503983,80.1612167358,27244,27254,10
13.0334701538,80.1615371704,27254,27264,10
13.0331401825,80.162109375,27264,27274,10
13.0327501297,80.1628112793,27274,27284,10
13.0323200226,80.1635971069,27284,27294,10
13.0319900513,80.1642379761,27294,27304,10
13.0319595337,80.1642990112,27304,27314,10
13.031829834,80.1644973755,27314,27324,10
13.0315599442,80.1649627686,27324,27334,10
13.0311899185,80.1656112671,27334,27344,10
13.0307502747,80.1663894653,27344,27355,11
13.0301704407,80.1674118042,27355,27365,10
13.0296802521,80.168296814,27365,27375,10
13.0293998718,80.1688232422,27375,27384,9
13.0293998718,80.1688308716,27384,27395,11
13.0293102264,80.1689834595,27395,27405,10
13.0290603638,80.1693878174,27405,27415,10
13.0287303925,80.1700134277,27415,27425,10
13.028380394,80.1706314087,27425,27435,10
13.0279598236,80.1713790894,27435,27445,10
13.0274600983,80.1722793579,27445,27455,10
13.0269203186,80.1732635498,27455,27466,11
13.0263204575,80.1743392944,27466,27476,10
13.0257501602,80.1753234863,27476,27486,10
13.0249700546,80.1767501831,27486,27516,30
13.0249700546,80.1767501831,27516,27526,10
13.0249099731,80.1768493652,27526,27536,10
13.0246801376,80.1772537231,27536,27546,10
13.0243396759,80.1778717041,27546,27562,16
13.0238304138,80.1788101196,27562,27574,12
13.0237503052,80.1789627075,27574,27585,11
13.0235004425,80.1793823242,27585,27595,10
13.023150444,80.1799926758,27595,27605,10
13.0227203369,80.1807632446,27605,27615,10
13.0221996307,80.1816177368,27615,27625,10
13.0217399597,80.1824874878,27625,27635,10
13.0214500427,80.1830978394,27635,27706,71
13.0214500427,80.1830978394,27706,27716,10
13.0213603973,80.1832580566,27716,27726,10
13.0212402344,80.1834411621,27726,27736,10
13.0211000443,80.1837005615,27736,27746,10
13.0209302902,80.1840209961,27746,27766,20
13.0209302902,80.1840209961,27766,27776,10
13.0209102631,80.1840362549,27776,27786,10
13.0207901001,80.184387207,27786,27797,11
13.0206003189,80.1850204468,27797,27807,10
13.0202503204,80.1856613159,27807,27817,10
13.0195198059,80.1861190796,27817,27827,10
13.0186395645,80.1866607666,27827,27837,10
13.0178699493,80.1874237061,27837,27847,10
13.0173597336,80.1883773804,27847,27857,10
13.0168504715,80.1893997192,27857,27877,20
13.0168504715,80.1893997192,27877,27887,10
13.0167598724,80.1895675659,27887,27898,11
13.0165100098,80.1899871826,27898,27909,11
13.0161399841,80.1906204224,27909,27919,10
13.0157804489,80.1912765503,27919,27929,10
13.0153398514,80.1920471191,27929,27939,10
13.0148696899,80.1928787231,27939,27949,10
13.0143003464,80.193687439,27949,27969,20
13.0143003464,80.193687439,27969,27979,10
13.0140600204,80.193862915,27979,27989,10
13.0135803223,80.1941680908,27989,27999,10
13.0129404068,80.1945571899,27999,28009,10
13.0122404099,80.1949920654,28009,28020,11
13.0114097595,80.1955184937,28020,28030,10
13.0111703873,80.1956863403,28030,28040,10
13.0111198425,80.1957092285,28040,28050,10
13.0108604431,80.1958465576,28050,28060,10
13.0104398727,80.1959609985,28060,28070,10
13.0099201202,80.1959533691,28070,28080,10
13.0092496872,80.1960525513,28080,28090,10
13.008649826,80.1963577271,28090,28100,10
13.0085601807,80.1971588135,28100,28110,10
13.008600235,80.197769165,28110,28131,21
13.008600235,80.197769165,28131,28141,10
13.008600235,80.1978530884,28141,28151,10
13.0086402893,80.1983108521,28151,28161,10
13.008649826,80.1990280151,28161,28171,10
13.0086603165,80.1999893188,28171,28181,10
13.0086803436,80.2009277344,28181,28191,10
13.0085897446,80.2023696899,28191,28219,28
13.0085897446,80.2023696899,28219,28227,8
13.0085496902,80.2025604248,28227,28240,13
13.0083398819,80.2031402588,28240,28249,9
13.0079202652,80.2035598755,28249,28260,11
13.0077400208,80.2042999268,28260,28270,10
13.0077400208,80.205116272,28270,28280,10
13.0077400208,80.2061233521,28280,28290,10
13.0079097748,80.2071075439,28290,28300,10
13.0080900192,80.208366394,28300,28310,10
13.008310318,80.209487915,28310,28320,10
13.0086402893,80.2103424072,28320,28330,10
13.0089597702,80.2106170654,28330,28381,51
13.0089597702,80.2106170654,28381,28391,10
13.0091495514,80.2107772827,28391,28401,10
13.00922966,80.2108612061,28401,28411,10
13.0093297958,80.2109603882,28411,28427,16
13.0093603134,80.2109985352,28427,28439,12
13.0093603134,80.21118927,28439,28447,8
13.009180069,80.2113876343,28447,28458,11
13.0090999603,80.211807251,28458,28470,12
13.0093603134,80.212562561,28470,28480,10
13.0096101761,80.2132720947,28480,28489,9
13.0098695755,80.2138977051,28489,28500,11
13.0101604462,80.2146682739,28500,28510,10
13.0102596283,80.215423584,28510,28520,10
13.0106201172,80.2164077759,28520,28530,10
13.0109996796,80.2172470093,28530,28540,10
13.0114803314,80.2183837891,28540,28550,10
13.0118999481,80.219543457,28550,28560,10
13.0122203827,80.220451355,28560,28571,11
13.0124797821,80.2210235596,28571,28581,10
13.0124998093,80.2211532593,28581,28591,10
13.0126695633,80.2215194702,28591,28601,10
13.0129995346,80.2220993042,28601,28611,10
13.0135803223,80.2227401733,28611,28621,10
13.0141496658,80.2234268188,28621,28631,10
13.0144796371,80.2238769531,28631,28641,10
13.0147695541,80.2242431641,28641,28651,10
13.0153198242,80.2248382568,28651,28661,10
13.015540123,80.2249603271,28661,28671,10
13.0156002045,80.2249832153,28671,28682,11
13.0159797668,80.2252731323,28682,28692,10
13.0167398453,80.225227356,28692,28702,10
13.0175800323,80.2248764038,28702,28712,10
13.018409729,80.2245407104,28712,28722,10
13.0193595886,80.2242889404,28722,28752,30
13.0193595886,80.2242889404,28752,28762,10
13.0194396973,80.224357605,28762,28772,10
13.0197896957,80.2245788574,28772,28803,31
13.0197896957,80.2245788574,28803,28813,10
13.0200395584,80.2247924805,28813,28823,10
13.0205602646,80.2251586914,28823,28833,10
13.0212602615,80.2256698608,28833,28843,10
13.0220403671,80.2262573242,28843,28853,10
13.0228204727,80.2269515991,28853,28863,10
13.0236301422,80.2276916504,28863,28873,10
13.0243997574,80.2284393311,28873,28893,20
13.0243997574,80.2284393311,28893,28904,11
13.0245199203,80.2286300659,28904,28914,10
13.0248203278,80.2291030884,28914,28924,10
13.0252895355,80.2297134399,28924,28934,10
13.0257902145,80.2304534912,28934,28944,10
13.0260295868,80.2311172485,28944,28954,10
13.0262298584,80.2313613892,28954,28964,10
13.0268602371,80.2311782837,28964,28974,10
13.027680397,80.2309875488,28974,28984,10
13.0283899307,80.2309188843,28984,28994,10
13.0285100937,80.2309188843,28994,29004,10
13.0286197662,80.2308883667,29004,29015,11
13.0292797089,80.2308425903,29015,29035,20
13.0292797089,80.2308425903,29035,29045,10
13.0293397903,80.2308197021,29045,29055,10
13.0297298431,80.2307662964,29055,29065,10
13.0304498672,80.23072052,29065,29075,10
13.0307197571,80.2305374146,29075,29083,8
13.0306501389,80.2302093506,29083,29095,12
13.0303297043,80.2293624878,29095,29105,10
13.0303001404,80.2288284302,29105,29115,10
13.0303602219,80.2283325195,29115,29126,11
13.0303602219,80.2282180786,29126,29136,10
13.0304203033,80.2278366089,29136,29146,10
13.0303001404,80.2274780273,29146,29156,10
13.029589653,80.2273712158,29156,29166,10
13.028719902,80.2272186279,29166,29176,10
13.0280799866,80.2270812988,29176,29186,10
13.0278997421,80.2268600464,29186,29202,16
13.0281095505,80.2258224487,29202,29214,12
13.0283498764,80.2247314453,29214,29224,10
13.0284900665,80.2240829468,29224,29234,10
13.0287504196,80.2240066528,29234,29245,11
13.0290203094,80.2241516113,29245,29255,10
13.0295801163,80.2242965698,29255,29264,9
13.0303401947,80.224319458,29264,29276,12
13.0310401917,80.2242965698,29276,29286,10
13.0311403275,80.2238616943,29286,29296,10
13.0311603546,80.2232666016,29296,29305,9
13.0312204361,80.2229995728,29305,29315,10
13.0314903259,80.222442627,29315,29326,11
13.0317802429,80.221862793,29326,29336,10
13.031999588,80.2212524414,29336,29347,11
13.0321998596,80.2204208374,29347,29357,10
13.0321397781,80.2200698853,29357,29367,10
13.0319404602,80.2201004028,29367,29377,10
13.0315198898,80.2202224731,29377,29387,10
13.0312795639,80.2202224731,29387,29397,10
13.0308599472,80.2202224731,29397,29407,10
13.0302696228,80.2202224731,29407,29417,10
13.0301103592,80.2202072144,29417,29427,10
13.0297498703,80.2201538086,29427,29437,10
13.0294103622,80.2200775146,29437,29447,10
13.0288496017,80.2199478149,29447,29458,11
13.0284404755,80.2198791504,29458,29468,10
13.0284099579,80.2198791504,29468,29478,10
13.0282297134,80.2198562622,29478,29488,10
13.0277204514,80.2197799683,29488,29498,10
13.0270395279,80.2197418213,29498,29508,10
13.026550293,80.2197265625,29508,29518,10
13.0259799957,80.2197723389,29518,29528,10
13.0253400803,80.2197418213,29528,29538,10
13.0250597,80.2197570801,29538,29548,10
13.0249500275,80.2197723389,29548,29558,10
13.0248298645,80.2197799683,29558,29569,11
13.0243797302,80.2197723389,29569,29579,10
13.024310112,80.2195205688,29579,29589,10
13.0242795944,80.2190933228,29589,29599,10
13.0242395401,80.2184677124,29599,29609,10
13.0242395401,80.2179412842,29609,29619,10
13.0242595673,80.2169418335,29619,30517,898
13.0242595673,80.2169418335,30517,30527,10
13.0242595673,80.2167510986,30527,30537,10
13.0242500305,80.2167205811,30537,30547,10
13.0243797302,80.2165908813,30547,30568,21
13.0245399475,80.2166213989,30568,30588,20
13.0245399475,80.2166213989,30588,30598,10
13.0246400833,80.2168197632,30598,30608,10
13.0246696472,80.2171630859,30608,30618,10
13.0247097015,80.2176208496,30618,30628,10
13.0247497559,80.2181777954,30628,30638,10
13.024769783,80.2183914185,30638,30648,10
13.0248003006,80.2187805176,30648,30658,10
13.0248603821,80.2192382813,30658,30668,10
13.0248603821,80.2193222046,30668,30679,11
13.0248699188,80.2194824219,30679,30689,10
13.024889946,80.2196731567,30689,30699,10
13.0250597,80.2197418213,30699,30709,10
13.0253095627,80.2197418213,30709,30719,10
13.0257997513,80.2197265625,30719,30729,10
13.0263595581,80.2197113037,30729,30739,10
13.0267601013,80.2197189331,30739,30749,10
13.0271596909,80.2197494507,30749,30759,10
13.0274000168,80.2197799683,30759,30769,10
13.0275201797,80.2197799683,30769,30779,10
13.0276603699,80.2197799683,30779,30790,11
13.0277299881,80.2197799683,30790,30800,10
13.0280199051,80.2198181152,30800,30810,10
13.0284795761,80.2198791504,30810,30820,10
13.028840065,80.2199325562,30820,30830,10
13.0293397903,80.2200469971,30830,30846,16
13.0302200317,80.2202072144,30846,30858,12
13.03083992,80.2202377319,30858,30866,8
13.0312795639,80.2202606201,30866,30878,12
13.0317497253,80.2202072144,30878,30888,10
13.0319595337,80.2201309204,30888,30898,10
13.0321702957,80.2200698853,30898,30909,11
13.0322704315,80.2201766968,30909,30917,8
13.0322599411,80.2202835083,30917,30929,12
13.0322599411,80.2203063965,30929,30939,10
13.0321998596,80.2205581665,30939,30948,9
13.0321102142,80.220916748,30948,30959,11
13.0319700241,80.2215499878,30959,30969,10
13.0316400528,80.2221984863,30969,30979,10
13.0313396454,80.2227401733,30979,30989,10
13.0312099457,80.2234191895,30989,30999,10
13.0311899185,80.2239532471,30999,31009,10
13.0311899185,80.2239608765,31009,31020,11
13.0311498642,80.2243270874,31020,31030,10
13.0307197571,80.2243423462,31030,31040,10
13.0300598145,80.2243423462,31040,31050,10
13.0290498734,80.224281311,31050,31070,20
13.0290498734,80.224281311,31070,31080,10
13.0288200378,80.2241287231,31080,31090,10
13.0285396576,80.2241592407,31090,31100,10
13.0284204483,80.2246322632,31100,31111,11
13.0282096863,80.2254486084,31111,31120,9
13.0280799866,80.2260665894,31120,31131,11
13.0279397964,80.2267379761,31131,31141,10
13.027970314,80.2269973755,31141,31151,10
13.0283603668,80.2271194458,31151,31161,10
13.0287399292,80.2272033691,31161,31171,10
13.0293397903,80.2273025513,31171,31181,10
13.030090332,80.2274169922,31181,31191,10
13.0304603577,80.2277069092,31191,31201,10
13.0304203033,80.2281036377,31201,31211,10
13.0304002762,80.2282409668,31211,31221,10
13.030380249,80.2283401489,31221,31231,10
13.0303096771,80.228843689,31231,31242,11
13.0304603577,80.229637146,31242,31252,10
13.0306797028,80.2303924561,31252,31262,10
13.0306797028,80.2307128906,31262,31272,10
13.029800415,80.2308502197,31272,31300,28
13.029800415,80.2308502197,31300,31308,8
13.0295000076,80.2308807373,31308,31320,12
13.0287504196,80.2309265137,31320,31330,10
13.0280504227,80.231010437,31330,31340,10
13.0277004242,80.2311096191,31340,31351,11
13.0277004242,80.231628418,31351,31361,10
13.027759552,80.232131958,31361,31371,10
13.027879715,80.2327423096,31371,31380,9
13.0274400711,80.2328720093,31380,31391,11
13.027009964,80.2329483032,31391,31401,10
13.0266895294,80.2330093384,31401,31411,10
13.0263500214,80.2327804565,31411,31421,10
13.026140213,80.2321014404,31421,31431,10
13.0259399414,80.231338501,31431,31441,10
13.0256004333,80.2304534912,31441,31451,10
13.0252103806,80.2297973633,31451,31462,11
13.0248603821,80.2293395996,31462,31472,10
13.0246200562,80.229057312,31472,31482,10
13.0244197845,80.2288208008,31482,31492,10
13.0242204666,80.228553772,31492,31502,10
13.0238895416,80.2281036377,31502,31512,10
13.0233297348,80.2275314331,31512,31522,10
13.0224199295,80.2267379761,31522,31542,20
13.0224199295,80.2267379761,31542,31552,10
13.0223999023,80.2266769409,31552,31562,10
13.0222396851,80.2265472412,31562,31573,11
13.0218400955,80.2262191772,31573,31583,10
13.0213003159,80.2257995605,31583,31593,10
13.0207195282,80.2253494263,31593,31603,10
13.0204000473,80.2251205444,31603,31613,10
13.0199699402,80.2248306274,31613,31623,10
13.0198602676,80.2247467041,31623,31633,10
13.0197200775,80.2246627808,31633,31643,10
13.0191802979,80.2245178223,31643,31653,10
13.0183601379,80.2247085571,31653,31663,10
13.017370224,80.225112915,31663,31673,10
13.0164403915,80.225479126,31673,31684,11
13.0155096054,80.2258071899,31684,31694,10
13.01445961,80.2262420654,31694,31724,30
13.01445961,80.2262420654,31724,31734,10
13.0143098831,80.2262802124,31734,31744,10
13.0138397217,80.2264480591,31744,31754,10
13.013130188,80.2266998291,31754,31764,10
13.0122404099,80.2270431519,31764,31774,10
13.0111999512,80.2274627686,31774,31784,10
13.0101900101,80.2278518677,31784,31795,11
13.0095100403,80.2276916504,31795,31805,10
13.009759903,80.2270889282,31805,31815,10
13.0101203918,80.2262802124,31815,31825,10
13.0105400085,80.2253036499,31825,31835,10
13.0109996796,80.224281311,31835,31844,9
13.0113801956,80.2233963013,31844,31855,11
13.0116996765,80.2225112915,31855,31865,10
13.0119800568,80.2217407227,31865,31875,10
13.0121603012,80.2211837769,31875,31885,10
13.0120601654,80.2207107544,31885,31895,10
13.0118198395,80.2199783325,31895,31906,11
13.0117301941,80.2197494507,31906,31916,10
13.011639595,80.2194519043,31916,31926,10
13.0114803314,80.2189025879,31926,31936,10
13.0112600327,80.218208313,31936,31946,10
13.0109701157,80.2174606323,31946,31956,10
13.0106201172,80.2166900635,31956,31966,10
13.010219574,80.216003418,31966,31976,10
13.0098800659,80.2152786255,31976,31986,10
13.0095701218,80.2148590088,31986,31996,10
13.0091495514,80.2142868042,31996,32006,10
13.0082998276,80.2134017944,32006,32047,41
13.0082998276,80.2134017944,32047,32057,10
13.0080699921,80.2133026123,32057,32087,30
13.0080699921,80.2133026123,32087,32097,10
13.0078401566,80.2131195068,32097,32107,10
13.007610321,80.2129364014,32107,32118,11
13.0071401596,80.2127990723,32118,32128,10
13.0065498352,80.2127838135,32128,32138,10
13.005979538,80.2129974365,32138,32148,10
13.0052995682,80.2127532959,32148,32259,111
13.0052995682,80.2127532959,32259,32269,10
13.0051498413,80.2126464844,32269,32279,10
13.0048503876,80.2124404907,32279,32289,10
13.0042295456,80.2121887207,32289,32299,10
13.0037698746,80.2119598389,32299,32309,10
13.0037298203,80.2115325928,32309,32319,10
13.0036802292,80.2108764648,32319,32329,10
13.0035800934,80.2101898193,32329,32339,10
13.0035495758,80.2094573975,32339,32350,11
13.0037698746,80.2086791992,32350,32360,10
13.0044403076,80.2087936401,32360,32370,10
13.0052099228,80.2091522217,32370,32380,10
13.0059204102,80.2094268799,32380,32390,10
13.0064601898,80.2095870972,32390,32400,10
13.0070695877,80.2097702026,32400,32410,10
13.0075101852,80.2098388672,32410,32430,20
13.0075101852,80.2098388672,32430,32440,10
13.007809639,80.2099075317,32440,32450,10
13.0080299377,80.2099609375,32450,32461,11
13.0081796646,80.2098770142,32461,32471,10
13.008099556,80.2094802856,32471,32481,10
13.0079803467,80.2088699341,32481,32491,10
13.0078802109,80.2080383301,32491,32501,10
13.0077400208,80.2071228027,32501,32511,10
13.007610321,80.2061309814,32511,32521,10
13.0075502396,80.2051620483,32521,32531,10
13.0075597763,80.2043685913,32531,32541,10
13.0074901581,80.20362854,32541,32551,10
13.0073604584,80.2027587891,32551,32561,10
13.007349968,80.2019882202,32561,32571,10
13.007399559,80.2013626099,32571,32602,31
13.007399559,80.2013626099,32602,32612,10
13.0074100494,80.2013092041,32612,32622,10
13.0074300766,80.2009429932,32622,32632,10
13.0074596405,80.2004013062,32632,32642,10
13.0074300766,80.1996917725,32642,32652,10
13.0073900223,80.1990432739,32652,32662,10
13.0073299408,80.1984176636,32662,32672,10
13.0073204041,80.1976623535,32672,32682,10
13.0073003769,80.1970596313,32682,32693,11
13.0073003769,80.1969070435,32693,32703,10
13.0073099136,80.1968765259,32703,32713,10
13.0073404312,80.1965637207,32713,32733,20
13.0073404312,80.1965637207,32733,32743,10
13.0073299408,80.1963272095,32743,32753,10
13.0074396133,80.1961593628,32753,32773,20
13.0074396133,80.1961593628,32773,32783,10
13.007610321,80.1961975098,32783,32793,10
13.0078697205,80.1962203979,32793,32824,31
13.0082597733,80.1962814331,32824,32864,40
13.0082597733,80.1962814331,32864,32874,10
13.008649826,80.1962814331,32874,32884,10
13.0088596344,80.196182251,32884,32894,10
13.0090303421,80.1960906982,32894,32904,10
13.009349823,80.1959533691,32904,32915,11
13.0101203918,80.1958999634,32915,32925,10
13.0108699799,80.1956787109,32925,32935,10
13.0113801956,80.1953430176,32935,32945,10
13.0114002228,80.1953277588,32945,32955,10
13.0117301941,80.1951370239,32955,32965,10
13.0123195648,80.1947784424,32965,32975,10
13.0130796432,80.1943130493,32975,32985,10
13.0136804581,80.1939468384,32985,32995,10
13.0141096115,80.1936264038,32995,33005,10
13.0144300461,80.1932678223,33005,33015,10
13.0148096085,80.1927032471,33015,33026,11
13.015250206,80.1919174194,33026,33042,16
13.0160398483,80.1904907227,33042,33054,12
13.0165700912,80.1895294189,33054,33064,10
13.0167798996,80.1891098022,33064,33074,10
13.0167999268,80.1890792847,33074,33084,10
13.016960144,80.1888198853,33084,33094,10
13.0172100067,80.1883468628,33094,33103,9
13.0175504684,80.1877365112,33103,33114,11
13.0178804398,80.1871337891,33114,33123,9
13.0181303024,80.1868667603,33123,33135,12
13.0186100006,80.1865386963,33135,33145,10
13.0192298889,80.1861724854,33145,33154,9
13.0198497772,80.1857910156,33154,33165,11
13.0201597214,80.1855392456,33165,33175,10
13.0202302933,80.1854476929,33175,33185,10
13.0204200745,80.1850814819,33185,33194,9
13.0206203461,80.1843719482,33194,33215,21
13.0206203461,80.1843719482,33215,33225,10
13.0206604004,80.1842422485,33225,33236,11
13.0209703445,80.18359375,33236,33306,70
13.0209703445,80.18359375,33306,33316,10
13.0209999084,80.1835784912,33316,33326,10
13.0211496353,80.18334198,33326,33336,10
13.0214099884,80.1828765869,33336,33347,11
13.0216598511,80.1824264526,33347,33357,10
13.0218801498,80.1820526123,33357,33367,10
13.0220804214,80.181678772,33367,33377,10
13.0224199295,80.1810836792,33377,33387,10
13.0228300095,80.1803436279,33387,33397,10
13.0232801437,80.1795196533,33397,33407,10
13.0236797333,80.1787872314,33407,33417,10
13.0238800049,80.1783599854,33417,33427,10
13.0238895416,80.1783599854,33427,33443,16
13.0239200592,80.1783294678,33443,33455,12
13.0241804123,80.1779022217,33455,33463,8
13.0244503021,80.1774368286,33463,33475,12
13.0249300003,80.1765518188,33475,33486,11
13.0253400803,80.1757736206,33486,33536,50
13.0253400803,80.1757736206,33536,33546,10
13.0255498886,80.1755981445,33546,33556,10
13.025759697,80.1751937866,33556,33566,10
13.0261001587,80.1745605469,33566,33576,10
13.0265398026,80.1737670898,33576,33587,11
13.0271100998,80.1727371216,33587,33597,10
13.0276603699,80.1717376709,33597,33607,10
13.028169632,80.1708068848,33607,33617,10
13.0286502838,80.1699523926,33617,33627,10
13.0290002823,80.1692733765,33627,33637,10
13.0290298462,80.1691970825,33637,33647,10
13.0291996002,80.1688995361,33647,33678,31
13.0291996002,80.1688995361,33678,33688,10
13.0293798447,80.1686172485,33688,33698,10
13.0296497345,80.1681137085,33698,33708,10
13.0300397873,80.167427063,33708,33718,10
13.030500412,80.1666030884,33718,33728,10
13.0310297012,80.1656265259,33728,33738,10
13.0315799713,80.1646575928,33738,33748,10
13.0320100784,80.1638793945,33748,33758,10
13.0323696136,80.1632080078,33758,33768,10
13.032409668,80.1631393433,33768,33778,10
13.0325899124,80.1628112793,33778,33788,10
13.0329198837,80.1622314453,33788,33799,11
13.0333595276,80.1614608765,33799,33809,10
13.0337600708,80.1607208252,33809,33819,10
13.0338802338,80.1605072021,33819,33829,10
13.0340204239,80.1603088379,33829,33839,10
13.034239769,80.1598815918,33839,33849,10
13.0343799591,80.1593399048,33849,33859,10
13.0343904495,80.1585693359,33859,33869,10
13.0343599319,80.1577224731,33869,33879,10
13.0343198776,80.1568374634,33879,33889,10
13.0344400406,80.1564025879,33889,33990,101
13.0344400406,80.1564025879,33990,34000,10
13.0346403122,80.1559906006,34000,34010,10
13.0343904495,80.1556625366,34010,34021,11
13.0340995789,80.1554794312,34021,34031,10
13.0339202881,80.155380249,34031,34111,80
13.0339202881,80.155380249,34111,34121,10
13.0337600708,80.1552963257,34121,34131,10
13.0335197449,80.155090332,34131,34142,11
13.0330400467,80.1546707153,34142,34152,10
13.032500267,80.1541671753,34152,34162,10
13.031920433,80.1537780762,34162,34172,10
13.0313196182,80.1533966064,34172,34182,10
13.0307798386,80.1530532837,34182,34192,10
13.030670166,80.152961731,34192,34202,10
13.0303401947,80.1527404785,34202,34212,10
13.0297403336,80.1523666382,34212,34222,10
13.0290498734,80.1519012451,34222,34232,10
13.0281400681,80.1512985229,34232,34253,21
13.0281400681,80.1512985229,34253,34263,10
13.0280199051,80.1511993408,34263,34273,10
13.0276603699,80.1509170532,34273,34283,10
13.0270700455,80.1504592896,34283,34293,10
13.0263500214,80.1499176025,34293,34303,10
13.025560379,80.1491622925,34303,34313,10
13.0248298645,80.1483612061,34313,34323,10
13.0243196487,80.1478118896,34323,34333,10
13.0238103867,80.1473007202,34333,34343,10
13.0229196548,80.1464309692,34343,34384,41
13.0229196548,80.1464309692,34384,34394,10
13.0226697922,80.1461868286,34394,34404,10
13.0222997665,80.1457824707,34404,34414,10
13.0218801498,80.145362854,34414,34424,10
13.0213403702,80.144821167,34424,34434,10
13.0207099915,80.144203186,34434,34444,10
13.0201597214,80.1435928345,34444,34454,10
13.0197601318,80.1431427002,34454,34464,10
13.0191602707,80.1425476074,34464,34485,21
13.0191602707,80.1425476074,34485,34495,10
13.0191001892,80.1424865723,34495,34505,10
13.0188102722,80.1421890259,34505,34515,10
13.0183000565,80.141708374,34515,34525,10
13.0177402496,80.1410827637,34525,34535,10
13.0172796249,80.1401824951,34535,34545,10
13.0170297623,80.1396636963,34545,34555,10
13.0167198181,80.1390075684,34555,34565,10
13.0163202286,80.1381988525,34565,34575,10
13.0158195496,80.1372528076,34575,34586,11
13.01541996,80.1364898682,34586,34596,10
13.0153999329,80.1364593506,34596,34606,10
13.0152597427,80.1361999512,34606,34616,10
13.0149803162,80.1356582642,34616,34626,10
13.0145797729,80.1349487305,34626,34636,10
13.0141000748,80.1342163086,34636,34646,10
13.0136404037,80.1335601807,34646,34656,10
13.0129899979,80.1330413818,34656,34665,9
13.0125303268,80.1326828003,34665,34675,10
13.0124998093,80.1319885254,34675,34686,11
13.0124998093,80.1318969727,34686,34697,11
13.012550354,80.1318130493,34697,34707,10
13.0124797821,80.1313781738,34707,34717,10
13.0119800568,80.1302337646,34717,34767,50
13.0119800568,80.1302337646,34767,34777,10
13.0118703842,80.1299819946,34777,34787,10
13.0117301941,80.1293792725,34787,34798,11
13.0116100311,80.1284637451,34798,34808,10
13.0115203857,80.1276092529,34808,34818,10
13.0114297867,80.1269836426,34818,34828,10
13.0114202499,80.1262893677,34828,34838,10
13.0114202499,80.1255111694,34838,34848,10
13.0114603043,80.1251602173,34848,34858,10
13.0114603043,80.1247406006,34858,34868,10
13.011179924,80.1240692139,34868,34878,10
13.0109996796,80.1237487793,34878,34888,10
13.0109300613,80.1236419678,34888,34898,10
13.0106401443,80.1232528687,34898,34908,10
13.0100097656,80.1228713989,34908,34919,11
13.0097703934,80.1221618652,34919,34929,10
13.0097503662,80.1214675903,34929,34939,10
13.0096998215,80.1210174561,34939,34949,10
13.0097398758,80.1205825806,34949,34959,10
13.0099401474,80.119972229,34959,34969,10
13.0099496841,80.1199264526,34969,34979,10
13.010020256,80.1197433472,34979,34989,10
13.010140419,80.1191711426,34989,34999,10
13.0102796555,80.1183624268,34999,35009,10
13.0106801987,80.117401123,35009,35019,10
13.0109901428,80.1162872314,35019,35029,10
13.0111103058,80.1151275635,35029,35046,17
13.0107097626,80.1144180298,35046,35058,12
13.0105695724,80.114440918,35058,35068,10
13.0104799271,80.1144638062,35068,35078,10
13.0100698471,80.1144485474,35078,35088,10
13.0093603134,80.1144714355,35088,35098,10
13.008600235,80.114402771,35098,35108,10
13.0079202652,80.1136779785,35108,35118,10
13.0074195862,80.112991333,35118,35128,10
13.0074100494,80.1129608154,35128,35138,10
13.0072698593,80.11277771,35138,35149,11
13.0068998337,80.1122512817,35149,35159,10
13.0064296722,80.1115493774,35159,35169,10
13.0060997009,80.1106719971,35169,35179,10
13.0056200027,80.1099395752,35179,35189,10
13.0054101944,80.1092987061,35189,35199,10
13.0054197311,80.1092376709,35199,35209,10
13.0053901672,80.1087799072,35209,35219,10
13.0053195953,80.1080474854,35219,35229,10
13.0052700043,80.1072387695,35229,35239,10
13.0052099228,80.1062164307,35239,35250,11
13.0049695969,80.1049575806,35250,35260,10
13.004699707,80.1038208008,35260,35270,10
13.004650116,80.1027069092,35270,35280,10
13.00440979,80.1016998291,35280,35290,10
13.0040302277,80.1009216309,35290,35300,10
13.0036697388,80.1000976563,35300,35310,10
13.0035200119,80.0996704102,35310,35330,20
13.0035200119,80.0996704102,35330,35340,10
13.0034303665,80.0994262695,35340,35350,10
13.0031404495,80.099067688,35350,35360,10
13.0026903152,80.0987701416,35360,35371,11
13.0019302368,80.0983428955,35371,35381,10
13.0012798309,80.0979995728,35381,35391,10
13.0005598068,80.0977935791,35391,35407,16
13.0001897812,80.0976104736,35407,35419,12
12.9997997284,80.0973510742,35419,35428,9
12.9994001389,80.0971221924,35428,35439,11
12.9987697601,80.096786499,35439,35449,10
12.9987602234,80.0967788696,35449,35459,10
12.9984798431,80.0966567993,35459,35469,10
12.9981002808,80.0965194702,35469,35490,21
12.9981002808,80.0965194702,35490,35499,9
12.9979000092,80.096496582,35499,35510,11
12.9976396561,80.0964736938,35510,35520,10
12.9973402023,80.0963973999,35520,35530,10
12.9969501495,80.0962219238,35530,35540,10
12.9970903397,80.0958099365,35540,35550,10
12.9971504211,80.0961074829,35550,36085,535
12.9971504211,80.0961074829,36085,36095,10
12.9971399307,80.0964202881,36095,36105,10
12.9972200394,80.0964508057,36105,36115,10
12.9973602295,80.0964431763,36115,36125,10
12.9975099564,80.0964431763,36125,36135,10
12.9977302551,80.0964889526,36135,36145,10
12.9980802536,80.0965194702,36145,36156,11
12.998459816,80.0966491699,36156,36166,10
12.9989099503,80.0968399048,36166,36176,10
12.999420166,80.0970993042,36176,36186,10
12.9999504089,80.0974197388,36186,36196,10
13.000289917,80.0976409912,36196,36206,10
13.0003700256,80.0976867676,36206,36216,10
13.0007200241,80.0978088379,36216,36226,10
13.0013799667,80.0980224609,36226,36236,10
13.001950264,80.0983200073,36236,36246,10
13.0025396347,80.0986480713,36246,36257,11
13.0029001236,80.0988998413,36257,36267,10
13.0032901764,80.0991592407,36267,36277,10
13.0035200119,80.0996398926,36277,36287,10
13.0035800934,80.0997924805,36287,36297,10
13.0036802292,80.1000976563,36297,36307,10
13.0039196014,80.1007232666,36307,36317,10
13.0043001175,80.1014633179,36317,36327,10
13.0046100616,80.1022415161,36327,36337,10
13.0047101974,80.103187561,36337,36347,10
13.0047903061,80.1042175293,36347,36357,10
13.0050601959,80.1052780151,36357,36367,10
13.0052604675,80.106338501,36367,36378,11
13.0053300858,80.1073989868,36378,36388,10
13.0053701401,80.1083297729,36388,36398,10
13.0054502487,80.1091918945,36398,36408,10
13.0054702759,80.1094970703,36408,36418,10
13.0055103302,80.1096878052,36418,36428,10
13.0058202744,80.1101913452,36428,36438,10
13.0061998367,80.1108627319,36438,36448,10
13.0065202713,80.111656189,36448,36458,10
13.0070104599,80.1123733521,36458,36468,10
13.007349968,80.1128692627,36468,36478,10
13.0078401566,80.1135482788,36478,36489,11
13.0085401535,80.1143417358,36489,36499,10
13.009469986,80.1144714355,36499,36509,10
13.0103597641,80.1144485474,36509,36519,10
13.0106897354,80.114440918,36519,36529,10
13.0108203888,80.1144180298,36529,36539,10
13.0111398697,80.1145782471,36539,36549,10
13.0111103058,80.1152420044,36549,36559,10
13.0110301971,80.1161270142,36559,36569,10
13.0108098984,80.1171569824,36569,36579,10
13.0103998184,80.1181182861,36579,36590,11
13.0101699829,80.1190795898,36590,36600,10
13.0100297928,80.1198196411,36600,36610,10
13.0098600388,80.1203384399,36610,36620,10
13.0098199844,80.1204071045,36620,36630,10
13.0097303391,80.1207199097,36630,36640,10
13.0097103119,80.1211471558,36640,36650,10
13.0097303391,80.12159729,36650,36660,10
13.0097703934,80.122177124,36660,36670,10
13.0097799301,80.1224212646,36670,36680,10
13.0101900101,80.1229782104,36680,36690,10
13.010840416,80.1234970093,36690,36700,10
13.011300087,80.1242828369,36700,36711,11
13.0115003586,80.1252365112,36711,36721,10
13.0114603043,80.1261291504,36721,36731,10
13.0115003586,80.1269836426,36731,36741,10
13.0115404129,80.1273422241,36741,36751,10
13.0115804672,80.1280593872,36751,36761,10
13.0116901398,80.1289291382,36761,36771,10
13.0117702484,80.1295166016,36771,36781,10
13.0119199753,80.1300811768,36781,36791,10
13.0122203827,80.1307907104,36791,36801,10
13.0124797821,80.1314468384,36801,36811,10
13.0125598907,80.1317977905,36811,36822,11
13.0125598907,80.1319122314,36822,36832,10
13.0125598907,80.1323623657,36832,36842,10
13.0128002167,80.1329498291,36842,36852,10
13.0134801865,80.1332931519,36852,36862,10
13.0139198303,80.1338882446,36862,36872,10
13.014550209,80.1348571777,36872,36882,10
13.0150203705,80.1356735229,36882,36892,10
13.0154600143,80.1364974976,36892,36902,10
13.015709877,80.1369628906,36902,36912,10
13.0160598755,80.1376419067,36912,36922,10
13.0163602829,80.1382598877,36922,36933,11
13.0167398453,80.1390304565,36933,36943,10
13.0171804428,80.1399230957,36943,36953,10
13.0174999237,80.1405792236,36953,36963,10
13.0178203583,80.1411972046,36963,36973,10
13.0182695389,80.1416931152,36973,36983,10
13.0188398361,80.1422424316,36983,36993,10
13.0193300247,80.1427001953,36993,37003,10
13.0197200775,80.1430664063,37003,37013,10
13.0201196671,80.1435012817,37013,37023,10
13.0204496384,80.1438827515,37023,37033,10
13.0205602646,80.1439971924,37033,37044,11
13.0207700729,80.1442337036,37044,37054,10
13.0212097168,80.1446609497,37054,37064,10
13.0217199326,80.1451721191,37064,37074,10
13.0222101212,80.1456222534,37074,37084,10
13.0225400925,80.1459579468,37084,37094,10
13.0225801468,80.1460037231,37094,37104,10
13.0228500366,80.1462631226,37104,37114,10
13.023349762,80.1467666626,37114,37124,10
13.0238800049,80.147277832,37124,37134,10
13.0244197845,80.1478424072,37134,37145,11
13.0248498917,80.1483001709,37145,37154,9
13.0253400803,80.1488265991,37154,37165,11
13.0261201859,80.1496124268,37165,37175,10
13.0267801285,80.1501464844,37175,37185,10
13.0272903442,80.1505279541,37185,37195,10
13.0279102325,80.1510009766,37195,37205,10
13.0283699036,80.1513290405,37205,37215,10
13.0284700394,80.1513900757,37215,37224,9
13.0287904739,80.1516189575,37224,37234,10
13.0293798447,80.1520309448,37234,37245,11
13.0301399231,80.1525268555,37245,37255,10
13.03083992,80.1529769897,37255,37266,11
13.0316495895,80.1535110474,37266,37276,10
13.0322904587,80.1539077759,37276,37286,10
13.0327196121,80.1542816162,37286,37296,10
13.0332202911,80.1547775269,37296,37306,10
13.0336999893,80.1551971436,37306,37316,10
13.0342998505,80.1556015015,37316,37387,71
13.0342998505,80.1556015015,37387,37397,10
13.0345401764,80.1557388306,37397,37407,10
13.034740448,80.1560668945,37407,37417,10
13.0344600677,80.1565475464,37417,37427,10
13.034330368,80.1572189331,37427,37437,10
13.0344104767,80.1579208374,37437,37447,10
13.0344200134,80.1587219238,37447,37457,10
13.0344200134,80.1594467163,37457,37467,10
13.0342597961,80.1599884033,37467,37477,10
13.0339803696,80.1605072021,37477,37488,11
13.0337095261,80.1610107422,37488,37498,10
13.0336904526,80.1610565186,37498,37508,10
13.0336198807,80.1611785889,37508,37518,10
13.0333595276,80.1616210938,37518,37528,10
13.0330095291,80.1622619629,37528,37538,10
13.0326299667,80.1629180908,37538,37548,10
13.0322504044,80.1636276245,37548,37558,10
13.0319404602,80.1642074585,37558,37568,10
13.031920433,80.1642684937,37568,37578,10
13.0317401886,80.1645584106,37578,37588,10
13.0314302444,80.1651229858,37588,37598,10
13.0310096741,80.1658630371,37598,37609,11
13.0304603577,80.166847229,37609,37619,10
13.0299797058,80.16771698,37619,37629,10
13.0295801163,80.1684417725,37629,37639,10
13.0294599533,80.1686935425,37639,37649,10
13.0294504166,80.1687164307,37649,37665,16
13.0290899277,80.169342041,37665,37677,12
13.0287103653,80.1700210571,37677,37687,10
13.0284700394,80.1704483032,37687,37697,10
13.0281400681,80.1710510254,37697,37707,10
13.0277004242,80.1718215942,37707,37718,11
13.0272703171,80.1726226807,37718,37728,10
13.026720047,80.1735916138,37728,37738,10
13.0262804031,80.1743927002,37738,37748,10
13.025850296,80.1751174927,37748,37758,10
13.0255098343,80.1757278442,37758,37768,10
13.0250301361,80.176612854,37768,37787,19
13.0250301361,80.176612854,37787,37798,11
13.0249900818,80.1766586304,37798,37808,10
13.0248699188,80.1768493652,37808,37817,9
13.0246896744,80.177192688,37817,37828,11
13.0242996216,80.1778793335,37828,37840,12
13.0238704681,80.1786575317,37840,37850,10
13.023730278,80.1789321899,37850,37860,10
13.0235595703,80.1792221069,37860,37870,10
13.0232000351,80.1798706055,37870,37880,10
13.0227899551,80.1805877686,37880,37890,10
13.0223197937,80.181427002,37890,37900,10
13.0218296051,80.1823272705,37900,37920,20
13.0218296051,80.1823272705,37920,37930,10
13.0217895508,80.1824417114,37930,37941,11
13.0215101242,80.1829833984,37941,38021,80
13.0215101242,80.1829833984,38021,38031,10
13.0213403702,80.1832809448,38031,38041,10
13.0211200714,80.1836395264,38041,38052,11
13.0209598541,80.1839523315,38052,38062,10
13.0209598541,80.1839599609,38062,38072,10
13.0209102631,80.1840591431,38072,38082,10
13.0207500458,80.1844406128,38082,38092,10
13.0206003189,80.1849594116,38092,38101,9
13.0204401016,80.1853637695,38101,38111,10
13.0201196671,80.1857376099,38111,38122,11
13.0195398331,80.186088562,38122,38132,10
13.0187101364,80.1865921021,38132,38141,9
13.0180397034,80.1871414185,38141,38152,11
13.0175104141,80.1880569458,38152,38162,10
13.0170602798,80.1889419556,38162,38172,10
13.0167198181,80.1895065308,38172,38183,11
13.0163402557,80.1902084351,38183,38193,10
13.0159196854,80.1909637451,38193,38203,10
13.0153903961,80.1918716431,38203,38213,10
13.0148496628,80.192817688,38213,38223,10
13.0144395828,80.1934661865,38223,38233,10
13.0143003464,80.1936416626,38233,38243,10
13.0142698288,80.1936569214,38243,38253,10
13.0139198303,80.1939086914,38253,38263,10
13.013299942,80.1942977905,38263,38274,11
13.0124397278,80.1948165894,38274,38284,10
13.0115499496,80.1953964233,38284,38294,10
13.0110197067,80.1957702637,38294,38304,10
13.0108995438,80.1958389282,38304,38314,10
13.0105104446,80.1959381104,38314,38324,10
13.0099000931,80.1959075928,38324,38334,10
13.00922966,80.1960220337,38334,38344,10
13.0087003708,80.1962585449,38344,38354,10
13.0085697174,80.1968765259,38354,38364,10
13.0086297989,80.1979598999,38364,38384,20
13.0086297989,80.1979598999,38384,38395,11
13.0086402893,80.1981735229,38395,38405,10
13.008649826,80.1983566284,38405,38415,10
13.008649826,80.198638916,38415,38425,10
13.008649826,80.1993103027,38425,38435,10
13.0086698532,80.2001724243,38435,38445,10
13.0086698532,80.2009124756,38445,38461,16
13.0085897446,80.2020568848,38461,38473,12
13.0085897446,80.2022781372,38473,38482,9
13.0085601807,80.2024993896,38482,38492,10
13.0083703995,80.2030487061,38492,38503,11
13.0078496933,80.2036514282,38503,38514,11
13.0077295303,80.2044677734,38514,38524,10
13.0077199936,80.205406189,38524,38534,10
13.0078001022,80.2064590454,38534,38544,10
13.0079298019,80.2075805664,38544,38554,10
13.0080900192,80.2087173462,38554,38564,10
13.0083599091,80.2098388672,38564,38574,10
13.0089197159,80.2105789185,38574,38584,10
13.0093297958,80.2108764648,38584,38594,10
13.0093402863,80.2108917236,38594,38616,22
13.0094203949,80.2109985352,38616,38629,13
13.0092401505,80.211227417,38629,38639,10
13.0090703964,80.211479187,38639,38649,10
13.009180069,80.2119903564,38649,38659,10
13.0094003677,80.2126693726,38659,38669,10
13.0096302032,80.2133102417,38669,38678,9
13.0099096298,80.2140197754,38678,38689,11
13.0101604462,80.2148208618,38689,38699,10
13.0102701187,80.2156066895,38699,38709,10
13.0105695724,80.2163619995,38709,38720,11
13.0110797882,80.217376709,38720,38730,10
13.0115203857,80.2184829712,38730,38740,10
13.0119304657,80.2196426392,38740,38749,9
13.0122203827,80.2204818726,38749,38760,11
13.0123100281,80.2206573486,38760,38770,10
13.0124502182,80.2211074829,38770,38780,10
13.0126399994,80.2215194702,38780,38790,10
13.0129804611,80.2220230103,38790,38800,10
13.0133600235,80.2224884033,38800,38810,10
13.013710022,80.2229385376,38810,38820,10
13.0139198303,80.2231903076,38820,38831,11
13.0140399933,80.2233581543,38831,38840,9
13.0141601563,80.2235565186,38840,38851,11
13.0144195557,80.223777771,38851,38861,10
13.0147600174,80.2241210938,38861,38871,10
13.0153999329,80.224861145,38871,38891,20
13.0153999329,80.224861145,38891,38901,10
13.0156097412,80.2250976563,38901,38911,10
13.0158195496,80.2252502441,38911,38921,10
13.0159397125,80.2252883911,38921,38931,10
13.0160102844,80.2253036499,38931,38941,10
13.0160903931,80.2253112793,38941,38952,11
13.0163002014,80.2253189087,38952,38962,10
13.0166397095,80.2252426147,38962,38972,10
13.0169401169,80.2251205444,38972,38982,10
13.0171098709,80.2250518799,38982,38992,10
13.0174503326,80.2249221802,38992,39002,10
13.017829895,80.2247619629,39002,39022,20
13.017829895,80.2247619629,39022,39032,10
13.0181999207,80.224609375,39032,39042,10
13.0186300278,80.2244415283,39042,39052,10
13.0191898346,80.224281311,39052,39083,31
13.0191898346,80.224281311,39083,39093,10
13.0193996429,80.224319458,39093,39103,10
13.0196199417,80.2244262695,39103,39113,10
13.0198202133,80.2245788574,39113,39123,10
13.0201101303,80.2248001099,39123,39133,10
13.0202999115,80.2249069214,39133,39143,10
13.0204401016,80.2250213623,39143,39153,10
13.02064991,80.2251586914,39153,39163,10
13.0207901001,80.2252731323,39163,39173,10
13.0210800171,80.2255020142,39173,39184,11
13.0213603973,80.2257614136,39184,39194,10
13.0214500427,80.2258224487,39194,39204,10
13.0215702057,80.2258987427,39204,39214,10
13.0216903687,80.2259597778,39214,39224,10
13.0220298767,80.2261962891,39224,39243,19
13.0220298767,80.2261962891,39243,39253,10
13.0221204758,80.2262802124,39253,39264,11
13.0223302841,80.2264633179,39264,39274,10
13.0225000381,80.2266082764,39274,39284,10
13.0226202011,80.2266998291,39284,39295,11
13.0227603912,80.226852417,39295,39305,10
13.0228204727,80.2269210815,39305,39315,10
13.0229597092,80.2270812988,39315,39325,10
13.0232000351,80.2273025513,39325,39355,30
13.0232000351,80.2273025513,39355,39365,10
13.0233402252,80.2274093628,39365,39375,10
13.0235500336,80.2275772095,39375,39385,10
13.0238304138,80.2278137207,39385,39396,11
13.0240001678,80.2279510498,39396,39406,10
13.024020195,80.2279586792,39406,39416,10
13.0240898132,80.2280578613,39416,39426,10
13.0242500305,80.2282562256,39426,39436,10
13.024479866,80.2285995483,39436,39446,10
13.0247097015,80.2289199829,39446,39456,10
13.0249204636,80.2292098999,39456,39466,10
13.0250997543,80.2294387817,39466,39476,10
13.0254001617,80.2298126221,39476,39486,10
13.0256004333,80.2300872803,39486,39496,10
13.0257396698,80.2303390503,39496,39507,11
13.0258798599,80.2306213379,39507,39517,10
13.0259599686,80.2309036255,39517,39527,10
13.0260400772,80.2311630249,39527,39537,10
13.0262699127,80.2312927246,39537,39553,16
13.0273799896,80.2310333252,39553,39565,12
13.0284900665,80.2308807373,39565,39585,20
13.0284900665,80.2308807373,39585,39595,10
13.0285196304,80.2308578491,39595,39603,8
13.0286998749,80.2308425903,39603,39615,12
13.0288200378,80.2308425903,39615,39626,11
13.029009819,80.2308273315,39626,39636,10
13.0293502808,80.2308197021,39636,39646,10
13.0299196243,80.230758667,39646,39666,20
13.0299196243,80.230758667,39666,39676,10
13.0301198959,80.230758667,39676,39686,10
13.0303297043,80.230758667,39686,39696,10
13.0305995941,80.2307128906,39696,39706,10
13.0306301117,80.2306671143,39706,39716,10
13.0306396484,80.2304534912,39716,39726,10
13.0305299759,80.2299575806,39726,39737,11
13.0302696228,80.2291412354,39737,39747,10
13.0303297043,80.2283782959,39747,39757,10
13.0303602219,80.2282028198,39757,39767,10
13.0304002762,80.2278213501,39767,39777,10
13.0303401947,80.2274932861,39777,39787,10
13.0297403336,80.2273788452,39787,39797,10
13.0293703079,80.2273025513,39797,39807,10
13.0284700394,80.2271499634,39807,39837,30
13.0284700394,80.2271499634,39837,39848,11
13.0281496048,80.2271118164,39848,39858,10
13.0278997421,80.2269210815,39858,39868,10
13.0279798508,80.2264175415,39868,39878,10
13.0281095505,80.225730896,39878,39888,10
13.0283002853,80.2248001099,39888,39898,10
13.0287103653,80.2240219116,39898,39918,20
13.0287103653,80.2240219116,39918,39928,10
13.0289497375,80.2241363525,39928,39938,10
13.029419899,80.2242889404,39938,39948,10
13.0302000046,80.2242889404,39948,39959,11
13.0309696198,80.224281311,39959,39969,10
13.0311002731,80.2242279053,39969,39979,10
13.0311002731,80.2238082886,39979,39989,10
13.0311403275,80.2233734131,39989,39998,9
13.0311698914,80.2232513428,39998,40009,11
13.0311803818,80.22315979,40009,40019,10
13.03125,80.2228622437,40019,40029,10
13.0315303802,80.2223205566,40029,40039,10
13.0318698883,80.2216415405,40039,40049,10
13.032119751,80.220741272,40049,40059,10
13.0321702957,80.2201004028,40059,40070,11
13.0319700241,80.2201004028,40070,40080,10
13.0319595337,80.2201004028,40080,40090,10
13.0317201614,80.220161438,40090,40100,10
13.03125,80.2202072144,40100,40110,10
13.0307798386,80.2202072144,40110,40120,10
13.0300502777,80.2201766968,40120,40170,50
13.0300502777,80.2201766968,40170,40180,10
13.0296697617,80.2201690674,40180,40201,21
13.0296697617,80.2201690674,40201,40211,10
13.0293502808,80.2200393677,40211,40221,10
13.0291996002,80.2200317383,40221,40231,10
13.0289201736,80.2199401855,40231,40241,10
13.0284795761,80.2198791504,40241,40261,20
13.0284795761,80.2198791504,40261,40271,10
13.0281896591,80.2198410034,40271,40281,10
13.0276699066,80.2198181152,40281,40291,10
13.0270700455,80.2197799683,40291,40301,10
13.02643013,80.2197723389,40301,40312,11
13.0262498856,80.2197265625,40312,40322,10
13.0259504318,80.2197494507,40322,40332,10
13.0256004333,80.2197418213,40332,40342,10
13.0250597,80.2197570801,40342,40362,20
13.0250597,80.2197570801,40362,40372,10
13.024769783,80.2197799683,40372,40382,10
13.0243196487,80.2197570801,40382,40392,10
13.0242795944,80.2195205688,40392,40402,10
13.0242700577,80.2188796997,40402,40413,11
13.0242595673,80.2182388306,40413,40423,10
13.0242700577,80.2178421021,40423,40433,10
13.0242595673,80.2169494629,40433,41168,735
13.0242595673,80.2169494629,41168,41178,10
13.0242900848,80.2166290283,41178,41209,31
13.0242900848,80.2166290283,41209,41219,10
13.0245304108,80.2165908813,41219,41229,10
13.0245800018,80.2165985107,41229,41239,10
13.0246601105,80.2167816162,41239,41249,10
13.0246801376,80.2171173096,41249,41259,10
13.024720192,80.2175827026,41259,41269,10
13.0247497559,80.2180023193,41269,41279,10
13.0247898102,80.2182617188,41279,41289,10
13.0248203278,80.2186279297,41289,41299,10
13.0248403549,80.2189178467,41299,41310,11
13.0248603821,80.2191772461,41310,41320,10
13.0248699188,80.21925354,41320,41330,10
13.024889946,80.2196426392,41330,41340,10
13.0251197815,80.2197418213,41340,41350,10
13.0252504349,80.2197265625,41350,41360,10
13.0254802704,80.2197113037,41360,41370,10
13.0257196426,80.2197036743,41370,41380,10
13.0262203217,80.2196731567,41380,41410,30
13.0262203217,80.2196731567,41410,41420,10
13.0265703201,80.2196731567,41420,41431,11
13.0269699097,80.2197036743,41431,41441,10
13.0274095535,80.2197189331,41441,41451,10
13.0276002884,80.2197418213,41451,41461,10
13.0276699066,80.2197570801,41461,41477,16
13.0283298492,80.2198181152,41477,41489,12
13.0290203094,80.2199020386,41489,41497,8
13.0293903351,80.2199783325,41497,41509,12
13.0299196243,80.2201080322,41509,41519,10
13.0301904678,80.220161438,41519,41529,10
13.0303001404,80.2201766968,41529,41540,11
13.030670166,80.2202224731,41540,41549,9
13.0311002731,80.2202301025,41549,41560,11
13.0316400528,80.220199585,41560,41570,10
13.0320796967,80.2200775146,41570,41580,10
13.0321903229,80.2200775146,41580,41590,10
13.0322504044,80.2203063965,41590,41600,10
13.0322399139,80.2203369141,41600,41610,10
13.0321598053,80.2205810547,41610,41620,10
13.0320196152,80.2211914063,41620,41630,10
13.0317602158,80.221862793,41630,41640,10
13.0315303802,80.222366333,41640,41651,11
13.0311899185,80.2230987549,41651,41661,10
13.0311498642,80.2236785889,41661,41671,10
13.0311698914,80.2239837646,41671,41681,10
13.0311603546,80.2241973877,41681,41697,16
13.0303897858,80.2243270874,41697,41709,12
13.0294399261,80.224319458,41709,41719,10
13.0290603638,80.2242584229,41719,41729,10
13.0289297104,80.2241592407,41729,41739,10
13.0285997391,80.2241210938,41739,41749,10
13.028429985,80.2245788574,41749,41758,9
13.0282497406,80.2252807617,41758,41770,12
13.0280799866,80.2261810303,41770,41780,10
13.0279598236,80.2268295288,41780,41790,10
13.0280399323,80.2270126343,41790,41800,10
13.0285396576,80.2270889282,41800,41810,10
13.0292396545,80.2272109985,41810,41819,9
13.0297899246,80.2273178101,41819,41830,11
13.0302801132,80.2273788452,41830,41839,9
13.0304203033,80.2276763916,41839,41849,10
13.0303897858,80.2280807495,41849,41860,11
13.0303602219,80.2282562256,41860,41870,10
13.0303201675,80.228553772,41870,41881,11
13.03028965,80.229057312,41881,41891,10
13.0304403305,80.2296600342,41891,41901,10
13.0306901932,80.2304229736,41901,41941,40
13.0306901932,80.2304229736,41941,41951,10
13.0307397842,80.2306976318,41951,41961,10
13.0306396484,80.2307662964,41961,41971,10
13.0302400589,80.2307891846,41971,41981,10
13.0298595428,80.2308273315,41981,41992,11
13.0298204422,80.2308273315,41992,42002,10
13.0297002792,80.2308578491,42002,42012,10
13.0293903351,80.2308807373,42012,42022,10
13.0287599564,80.2309494019,42022,42032,10
13.0279197693,80.231048584,42032,42042,10
13.0276603699,80.2311630249,42042,42052,10
13.0277004242,80.2316207886,42052,42062,10
13.0277395248,80.2318725586,42062,42072,10
13.0277395248,80.231880188,42072,42082,10
13.0277795792,80.232208252,42082,42092,10
13.0278396606,80.2325515747,42092,42103,11
13.0277004242,80.2328186035,42103,42113,10
13.0272302628,80.2329177856,42113,42123,10
13.0269603729,80.2330093384,42123,42284,161
13.0269603729,80.2330093384,42284,42294,10
13.0267000198,80.2330093384,42294,42304,10
13.0263795853,80.2328414917,42304,42314,10
13.0261802673,80.2321777344,42314,42325,11
13.0259399414,80.231262207,42325,42335,10
13.0256004333,80.2303466797,42335,42345,10
13.0251197815,80.2296905518,42345,42355,10
13.0248298645,80.2293014526,42355,42365,10
13.024600029,80.2290420532,42365,42375,10
13.0245103836,80.2289428711,42375,42385,10
13.0243196487,80.2287368774,42385,42395,10
13.024020195,80.2283096313,42395,42405,10
13.0234804153,80.2277297974,42405,42415,10
13.0223903656,80.2267913818,42415,42435,20
13.0223903656,80.2267913818,42435,42446,11
13.0222101212,80.2266387939,42446,42456,10
13.0220403671,80.2264709473,42456,42466,10
13.021780014,80.2262268066,42466,42482,16
13.0208301544,80.2254867554,42482,42494,12
13.0198202133,80.2247924805,42494,42504,10
13.0190601349,80.2244796753,42504,42512,8
13.0180797577,80.2247619629,42512,42524,12
13.0171003342,80.2251586914,42524,42534,10
13.01679039,80.2253036499,42534,42544,10
13.0165996552,80.2253723145,42544,42555,11
13.0164403915,80.2254486084,42555,42565,10
13.0160999298,80.2255706787,42565,42575,10
13.0155496597,80.2257614136,42575,42585,10
13.014960289,80.226020813,42585,42594,9
13.0146398544,80.2261581421,42594,42605,11
13.0145301819,80.2262191772,42605,42615,10
13.0144195557,80.2262573242,42615,42625,10
13.0139703751,80.2264022827,42625,42635,10
13.0133399963,80.2266235352,42635,42645,10
13.0124797821,80.2269592285,42645,42655,10
13.0114803314,80.2273406982,42655,42666,11
13.0103197098,80.2277832031,42666,42676,10
13.0095596313,80.2277679443,42676,42686,10
13.0097198486,80.2271118164,42686,42696,10
13.0101099014,80.2262496948,42696,42706,10
13.0105695724,80.225227356,42706,42716,10
13.0109100342,80.2244796753,42716,42726,10
13.0111198425,80.2239685059,42726,42736,10
13.0112895966,80.2235031128,42736,42746,10
13.0115804672,80.2229614258,42746,42756,10
13.0119304657,80.22215271,42756,42766,10
13.0122299194,80.2215576172,42766,42777,11
13.0122995377,80.2212982178,42777,42787,10
13.0122098923,80.2209320068,42787,42797,10
13.0119695663,80.2203216553,42797,42807,10
13.0117397308,80.2195587158,42807,42817,10
13.0114297867,80.2186965942,42817,42827,10
13.011059761,80.2177581787,42827,42837,10
13.0107097626,80.2169570923,42837,42847,10
13.0103902817,80.2162780762,42847,42857,10
13.0100698471,80.2157211304,42857,42867,10
13.0097503662,80.2150878906,42867,42877,10
13.0094299316,80.2146835327,42877,42887,10
13.0089998245,80.2141265869,42887,42898,11
13.0088596344,80.2139511108,42898,42908,10
13.0087003708,80.2137832642,42908,42958,50
13.0087003708,80.2137832642,42958,42968,10
13.0086202621,80.2136688232,42968,42978,10
13.0085000992,80.2135467529,42978,42988,10
13.0083999634,80.213470459,42988,42998,10
13.0083398819,80.2134170532,42998,43009,11
13.0082197189,80.2133712769,43009,43019,10
13.008099556,80.2133026123,43019,43029,10
13.0079603195,80.213218689,43029,43039,10
13.0077495575,80.2130203247,43039,43049,10
13.0071697235,80.2127990723,43049,43059,10
13.0063695908,80.2127914429,43059,43069,10
13.0056600571,80.2129211426,43069,43079,10
13.0049495697,80.2124862671,43079,43089,10
13.0042200089,80.2121582031,43089,43099,10
13.0037202835,80.2117919922,43099,43109,10
13.0037002563,80.2111282349,43109,43120,11
13.0036001205,80.210319519,43120,43130,10
13.0035495758,80.2095718384,43130,43140,10
13.0037002563,80.2088165283,43140,43150,10
13.0043201447,80.2087402344,43150,43160,10
13.0051498413,80.2091217041,43160,43170,10
13.005900383,80.2094116211,43170,43180,10
13.0065898895,80.2096176147,43180,43190,10
13.0071401596,80.2097625732,43190,43200,10
13.0071802139,80.2097702026,43200,43210,10
13.007229805,80.2098007202,43210,43220,10
13.0076503754,80.2098770142,43220,43231,11
13.0080299377,80.2099533081,43231,43241,10
13.0081996918,80.2098007202,43241,43251,10
13.0080795288,80.209197998,43251,43261,10
13.0079603195,80.2083435059,43261,43277,16
13.0076999664,80.2067565918,43277,43289,12
13.0075597763,80.2055282593,43289,43297,8
13.0075597763,80.2048034668,43297,43307,10
13.0075397491,80.2039337158,43307,43319,12
13.0073795319,80.20287323,43319,43329,10
13.0073299408,80.2021026611,43329,43339,10
13.0073604584,80.2016296387,43339,43350,11
13.0074396133,80.2010803223,43350,43360,10
13.0074596405,80.2004470825,43360,43369,9
13.0074501038,80.1996765137,43369,43380,11
13.0073795319,80.1987609863,43380,43389,9
13.0073699951,80.1980209351,43389,43400,11
13.0073299408,80.196937561,43400,43409,9
13.0073003769,80.1964111328,43409,43419,10
13.0073699951,80.1962203979,43419,43430,11
13.0079402924,80.1961975098,43430,43440,10
13.0086402893,80.1962585449,43440,43450,10
13.0091400146,80.1960601807,43450,43461,11
13.0100402832,80.1958999634,43461,43471,10
13.0107803345,80.1957778931,43471,43480,9
13.0115003586,80.1953201294,43480,43491,11
13.0123996735,80.1947479248,43491,43501,10
13.0131797791,80.1942596436,43501,43511,10
13.013759613,80.193901062,43511,43521,10
13.0143604279,80.1933822632,43521,43531,10
13.0148000717,80.1927337646,43531,43541,10
13.0152702332,80.19190979,43541,43551,10
13.0158195496,80.1909179688,43551,43561,10
13.0163898468,80.1899032593,43561,43572,11
13.01679039,80.1891174316,43572,43582,10
13.0169696808,80.1888122559,43582,43592,10
13.0173196793,80.1881637573,43592,43602,10
13.017660141,80.187538147,43602,43612,10
13.0177202225,80.1873931885,43612,43622,10
13.0179300308,80.1870422363,43622,43638,16
13.0186004639,80.1865005493,43638,43650,12
13.019370079,80.1860427856,43650,43658,8
13.019949913,80.1856994629,43658,43669,11
13.0206003189,80.1845321655,43669,43691,22
13.0206003189,80.1845321655,43691,43701,10
13.0207195282,80.1843032837,43701,43711,10
13.0208501816,80.1840286255,43711,43721,10
13.0210399628,80.1835708618,43721,43781,60
13.0210399628,80.1835708618,43781,43792,11
13.021109581,80.18334198,43792,43802,10
13.0213298798,80.1829605103,43802,43812,10
13.0215902328,80.1825027466,43812,43822,10
13.0218200684,80.1820907593,43822,43832,10
13.022190094,80.1814575195,43832,43842,10
13.0225896835,80.1807327271,43842,43852,10
13.0230302811,80.1799163818,43852,43862,10
13.0232400894,80.1794586182,43862,43872,10
13.0232696533,80.1794204712,43872,43882,10
13.0233297348,80.179359436,43882,43892,10
13.0235395432,80.1789932251,43892,43903,11
13.0237798691,80.1784820557,43903,43913,10
13.0237998962,80.1784591675,43913,43923,10
13.0240001678,80.1782226563,43923,43933,10
13.0242099762,80.1778564453,43933,43943,10
13.0245800018,80.1772232056,43943,43953,10
13.024939537,80.1765365601,43953,43963,10
13.0254001617,80.1757125854,43963,43973,10
13.0258903503,80.1747970581,43973,43983,10
13.0264196396,80.1738967896,43983,43993,10
13.0270004272,80.1728668213,43993,44003,10
13.0275802612,80.1718292236,44003,44013,10
13.0281400681,80.1707992554,44013,44024,11
13.0285902023,80.1699371338,44024,44034,10
13.0289697647,80.1692276001,44034,44044,10
13.029009819,80.1691665649,44044,44054,10
13.0291099548,80.1690597534,44054,44064,10
13.0292797089,80.1687393188,44064,44074,10
13.0296001434,80.1681594849,44074,44084,10
13.0300197601,80.1673965454,44084,44094,10
13.0305500031,80.1664428711,44094,44104,10
13.0310897827,80.1654663086,44104,44114,10
13.0315799713,80.1645812988,44114,44124,10
13.031920433,80.1640014648,44124,44135,11
13.032409668,80.1631622314,44135,44145,10
13.0329399109,80.1621627808,44145,44155,10
13.0334997177,80.1611633301,44155,44165,10
13.0339698792,80.1602630615,44165,44175,10
13.0340900421,80.1600570679,44175,44185,10
13.0342798233,80.1597595215,44185,44195,10
13.0343799591,80.1591186523,44195,44204,9
13.0343799591,80.1583404541,44204,44215,11
13.0343103409,80.157409668,44215,44226,11
13.0342903137,80.1570587158,44226,44234,8
13.0345001221,80.1563720703,44234,44245,11
13.0346002579,80.1558380127,44245,44256,11
13.0341901779,80.1555786133,44256,44266,10
13.0338697433,80.1554031372,44266,44306,40
13.0338697433,80.1554031372,44306,44316,10
13.033829689,80.1552734375,44316,44326,10
13.0335502625,80.1550598145,44326,44336,10
13.0331201553,80.1547164917,44336,44346,10
13.0327301025,80.1543884277,44346,44357,11
13.032409668,80.1540985107,44357,44367,10
13.0323095322,80.1540374756,44367,44377,10
13.0320501328,80.1538314819,44377,44387,10
13.0315704346,80.1535415649,44387,44397,10
13.0309200287,80.1531066895,44397,44407,10
13.0302200317,80.1526565552,44407,44417,10
13.0293598175,80.1521377563,44417,44427,10
13.0285301208,80.1516036987,44427,44437,10
13.0281095505,80.1513137817,44437,44447,10
13.0281095505,80.1512985229,44447,44457,10
13.0279197693,80.1511306763,44457,44468,11
13.0274400711,80.1507720947,44468,44478,10
13.0268602371,80.1503295898,44478,44488,10
13.0262699127,80.1498718262,44488,44498,10
13.0256700516,80.1492996216,44498,44508,10
13.0250196457,80.1485977173,44508,44518,10
13.0244703293,80.1480102539,44518,44528,10
13.0243196487,80.1478424072,44528,44538,10
13.0242500305,80.1477584839,44538,44548,10
13.0240802765,80.1475830078,44548,44558,10
13.0236597061,80.1471710205,44558,44568,10
13.0230998993,80.1466064453,44568,44585,17
13.0228099823,80.1463165283,44585,44597,12
13.022359848,80.1458969116,44597,44607,10
13.0220403671,80.1455993652,44607,44617,10
13.0215196609,80.1450576782,44617,44627,10
13.0209598541,80.1445083618,44627,44637,10
13.020359993,80.1438827515,44637,44647,10
13.0198001862,80.1432571411,44647,44657,10
13.019080162,80.1425476074,44657,44677,20
13.019080162,80.1425476074,44677,44687,10
13.0189599991,80.1424407959,44687,44699,12
13.0185003281,80.141998291,44699,44709,10
13.017950058,80.1414489746,44709,44719,10
13.0174999237,80.1407318115,44719,44729,10
13.0170297623,80.1397781372,44729,44739,10
13.0165300369,80.1387634277,44739,44749,10
13.0160503387,80.1377792358,44749,44759,10
13.0156002045,80.1368865967,44759,44769,10
13.0153999329,80.1364822388,44769,44779,10
13.0153903961,80.13646698,44779,44789,10
13.0153102875,80.1363372803,44789,44799,10
13.015080452,80.1359100342,44799,44810,11
13.0146903992,80.1351776123,44810,44820,10
13.0142002106,80.1343688965,44820,44830,10
13.0135602951,80.1334381104,44830,44840,10
13.0127401352,80.1329727173,44840,44850,10
13.0125198364,80.1324386597,44850,44866,16
13.0125198364,80.1318969727,44866,44878,12
13.0125398636,80.131729126,44878,44886,8
13.0124702454,80.1313705444,44886,44898,12
13.0121297836,80.1306610107,44898,44908,10
13.0116996765,80.12940979,44908,44918,10
13.0116996765,80.12940979,44918,44929,11
13.0116195679,80.1287994385,44929,44939,10
13.0115203857,80.1279983521,44939,44949,10
13.0114603043,80.1271820068,44949,44959,10
13.0114297867,80.1264266968,44959,44969,10
13.0114297867,80.125579834,44969,44979,10
13.0114297867,80.124710083,44979,44989,10
13.0110702515,80.123916626,44989,44999,10
13.0106601715,80.1233215332,44999,45009,10
13.0098495483,80.122756958,45009,45019,10
13.0097503662,80.1219863892,45019,45029,10
13.0096998215,80.1213989258,45029,45040,11
13.0096998215,80.1209106445,45040,45050,10
13.0099401474,80.1199569702,45050,45070,20
13.0099401474,80.1199569702,45070,45079,9
13.0099802017,80.1198120117,45079,45090,11
13.0100698471,80.119430542,45090,45100,10
13.0101203918,80.1192092896,45100,45110,10
13.0101699829,80.1186218262,45110,45120,10
13.0104598999,80.1178588867,45120,45130,10
13.0108203888,80.1168899536,45130,45140,10
13.0110197067,80.1157302856,45140,45151,11
13.0110797882,80.1146774292,45151,45161,10
13.0106697083,80.1144180298,45161,45171,10
13.0102796555,80.1144485474,45171,45181,10
13.0102396011,80.1144485474,45181,45191,10
13.0098600388,80.1144638062,45191,45201,10
13.0091600418,80.1144790649,45201,45211,10
13.0083599091,80.1142501831,45211,45221,10
13.0077800751,80.11353302,45221,45231,10
13.007399559,80.1129837036,45231,45241,10
13.0073204041,80.1128692627,45241,45251,10
13.0070800781,80.1125411987,45251,45261,10
13.0066699982,80.1119613647,45261,45272,11
13.0061903,80.111000061,45272,45281,9
13.0057401657,80.1101074219,45281,45292,11
13.0054197311,80.1094970703,45292,45302,10
13.0054101944,80.1093215942,45302,45312,10
13.005399704,80.1089401245,45312,45322,10
13.0053596497,80.108253479,45322,45332,10
13.0052995682,80.1074829102,45332,45342,10
13.0052499771,80.1065826416,45342,45352,10
13.0050897598,80.10546875,45352,45362,10
13.00481987,80.1043624878,45362,45372,10
13.0046596527,80.1032180786,45372,45383,11
13.0044898987,80.1019592285,45383,45393,10
13.0040397644,80.101020813,45393,45403,10
13.0036296844,80.0999984741,45403,45413,10
13.0034799576,80.0995788574,45413,45423,10
13.0034704208,80.0995635986,45423,45433,10
13.0033502579,80.0992965698,45433,45443,10
13.0030698776,80.0990371704,45443,45453,10
13.0025901794,80.0987091064,45453,45463,10
13.0019397736,80.0983581543,45463,45473,10
13.0012798309,80.0980224609,45473,45483,10
13.0007696152,80.0978622437,45483,45494,11
13.0002403259,80.09765625,45494,45504,10
13.0002403259,80.0976715088,45504,45514,10
12.9999704361,80.0974884033,45514,45524,10
12.999420166,80.0971221924,45524,45534,10
12.9988203049,80.0968093872,45534,45544,10
12.9987602234,80.0967788696,45544,45554,10
12.9983596802,80.0966415405,45554,45584,30
12.9983596802,80.0966415405,45584,45594,10
12.9981203079,80.0965499878,45594,45605,11
12.9978303909,80.096496582,45605,45615,10
12.9975404739,80.0964813232,45615,45625,10
12.9971904755,80.0963821411,45625,45635,10
12.996919632,80.096031189,45635,45645,10
12.9971504211,80.0961608887,45645,45897,252
12.9971504211,80.0961608887,45897,45907,10
12.9971399307,80.0963821411,45907,45917,10
12.9973602295,80.0964431763,45917,45927,10
12.9975204468,80.0964508057,45927,45948,21
12.9975204468,80.0964508057,45948,45958,10
12.9978103638,80.096496582,45958,45967,9
12.9981203079,80.0965194702,45967,45978,11
12.9983901978,80.0966262817,45978,45988,10
12.9987802505,80.0967712402,45988,45998,10
12.9991798401,80.0969467163,45998,46008,10
12.9994096756,80.0970916748,46008,46018,10
12.9996500015,80.0972366333,46018,46028,10
12.9998598099,80.097366333,46028,46059,31
12.9998598099,80.097366333,46059,46069,10
13.0001602173,80.0975799561,46069,46079,10
13.0003595352,80.0977020264,46079,46089,10
13.0006198883,80.0977935791,46089,46099,10
13.001250267,80.0979766846,46099,46109,10
13.0018901825,80.0983200073,46109,46119,10
13.0025596619,80.0986862183,46119,46129,10
13.0031604767,80.0990829468,46129,46139,10
13.0034303665,80.0993881226,46139,46149,10
13.0035600662,80.0997695923,46149,46159,10
13.003569603,80.0998001099,46159,46170,11
13.0036401749,80.0999984741,46170,46180,10
13.0037403107,80.1002578735,46180,46190,10
13.0039300919,80.1007385254,46190,46200,10
13.0042800903,80.1014328003,46200,46210,10
13.0045900345,80.1022491455,46210,46220,10
13.0047101974,80.1032104492,46220,46230,10
13.0048103333,80.1042861938,46230,46240,10
13.0050897598,80.1054077148,46240,46250,10
13.0052700043,80.1065597534,46250,46260,10
13.0053195953,80.1076812744,46260,46270,10
13.0053901672,80.1086730957,46270,46281,11
13.0054397583,80.1094665527,46281,46291,10
13.0054597855,80.1095428467,46291,46301,10
13.0055704117,80.1098403931,46301,46311,10
13.0059404373,80.1103591919,46311,46321,10
13.0062599182,80.1111602783,46321,46331,10
13.0067501068,80.1120681763,46331,46341,10
13.0074195862,80.1129989624,46341,46351,10
13.0078401566,80.1135787964,46351,46361,10
13.0079498291,80.1137313843,46361,46371,10
13.0083198547,80.1141662598,46371,46381,10
13.0089502335,80.1144790649,46381,46392,11
13.0098199844,80.1144485474,46392,46402,10
13.0105800629,80.114440918,46402,46412,10
13.0106801987,80.1144332886,46412,46422,10
13.010720253,80.1144104004,46422,46432,10
13.011059761,80.1145324707,46432,46442,10
13.0110797882,80.115196228,46442,46452,10
13.0109996796,80.1160812378,46452,46462,10
13.0107898712,80.1171264648,46462,46472,10
13.0103702545,80.1181488037,46472,46482,10
13.0101299286,80.1191864014,46482,46492,10
13.0099201202,80.1201477051,46492,46503,11
13.0097999573,80.1204833984,46503,46513,10
13.0097703934,80.1205368042,46513,46523,10
13.0097503662,80.1206970215,46523,46533,10
13.0097303391,80.1209335327,46533,46543,10
13.0097303391,80.1212921143,46543,46553,10
13.0097398758,80.1218032837,46553,46563,10
13.0097799301,80.1224899292,46563,46573,10
13.0102300644,80.1230163574,46573,46583,10
13.0107803345,80.1234283447,46583,46593,10
13.011059761,80.123840332,46593,46603,10
13.0110702515,80.1238632202,46603,46614,11
13.0112800598,80.1242294312,46614,46624,10
13.0114898682,80.1249008179,46624,46634,10
13.0114603043,80.1258163452,46634,46644,10
13.0114898682,80.1267929077,46644,46654,10
13.0115003586,80.1269989014,46654,46664,10
13.0115203857,80.1273193359,46664,46674,10
13.0115604401,80.1278991699,46674,46684,10
13.0116596222,80.1287307739,46684,46694,10
13.011759758,80.1294937134,46694,46704,10
13.0119800568,80.1302871704,46704,46714,10
13.0123796463,80.1311569214,46714,46724,10
13.0125398636,80.1317825317,46724,46735,11
13.0125398636,80.1317977905,46735,46745,10
13.012550354,80.132019043,46745,46755,10
13.0125598907,80.132598877,46755,46765,10
13.012960434,80.1330337524,46765,46775,10
13.0136003494,80.1334762573,46775,46785,10
13.0141000748,80.1342163086,46785,46795,10
13.0145797729,80.134979248,46795,46805,10
13.0150299072,80.1357727051,46805,46815,10
13.0153999329,80.13646698,46815,46825,10
13.0155496597,80.1367263794,46825,46835,10
13.0156497955,80.1369018555,46835,46846,11
13.0159196854,80.1374282837,46846,46856,10
13.0162601471,80.138130188,46856,46866,10
13.0166797638,80.138999939,46866,46876,10
13.0170602798,80.139793396,46876,46886,10
13.0175104141,80.1407318115,46886,46896,10
13.0177202225,80.1411132813,46896,46906,10
13.0179796219,80.141418457,46906,46916,10
13.0185003281,80.1419525146,46916,46926,10
13.0189199448,80.1423568726,46926,46936,10
13.0192098618,80.142616272,46936,46946,10
13.0193595886,80.1427612305,46946,46957,11
13.0194597244,80.1428604126,46957,46967,10
13.0196695328,80.1430587769,46967,46977,10
13.0199699402,80.1433792114,46977,46987,10
13.0205497742,80.1440429688,46987,47006,19
13.0205497742,80.1440429688,47006,47017,11
13.0207195282,80.1442337036,47017,47027,10
13.0211400986,80.1446304321,47027,47037,10
13.0216903687,80.1451797485,47037,47047,10
13.0221004486,80.1455764771,47047,47057,10
13.0224895477,80.1459579468,47057,47068,11
13.0225296021,80.1460037231,47068,47078,10
13.0227899551,80.1462631226,47078,47088,10
13.0232601166,80.1467208862,47088,47098,10
13.0238704681,80.1473083496,47098,47108,10
13.0244998932,80.1479568481,47108,47118,10
13.0250501633,80.1485366821,47118,47128,10
13.0256795883,80.1492233276,47128,47138,10
13.0263004303,80.1497879028,47138,47148,10
13.0268096924,80.1501922607,47148,47158,10
13.0274295807,80.1506576538,47158,47168,10
13.027970314,80.1510620117,47168,47179,11
13.0282897949,80.1512908936,47179,47189,10
13.0284204483,80.1513671875,47189,47199,10
13.0285396576,80.1514587402,47199,47209,10
13.0289201736,80.1517333984,47209,47219,10
13.0294904709,80.1521224976,47219,47229,10
13.0301799774,80.1525726318,47229,47239,10
13.0309200287,80.1530380249,47239,47249,10
13.0314998627,80.1534423828,47249,47259,10
13.0323295593,80.153968811,47259,47269,10
13.0328798294,80.1544799805,47269,47279,10
13.0332899094,80.1548614502,47279,47289,10
13.033829689,80.1553115845,47289,47299,10
13.0344295502,80.1556930542,47299,47330,31
13.0344295502,80.1556930542,47330,47340,10
13.0346298218,80.1558532715,47340,47350,10
13.0347204208,80.1561584473,47350,47360,10
13.0344400406,80.1566162109,47360,47370,10
13.0343599319,80.1573791504,47370,47380,10
13.0344295502,80.158241272,47380,47390,10
13.0344200134,80.1590576172,47390,47400,10
13.0343904495,80.1596984863,47400,47411,11
13.0340499878,80.160369873,47411,47421,10
13.0336303711,80.1611480713,47421,47441,20
13.0336303711,80.1611480713,47441,47451,10
13.0335597992,80.1611785889,47451,47461,10
13.0333499908,80.161567688,47461,47471,10
13.0330295563,80.1622161865,47471,47481,10
13.0325803757,80.1629867554,47481,47491,10
13.0321102142,80.1639328003,47491,47501,10
13.0319499969,80.1642379761,47501,47511,10
13.0319004059,80.164352417,47511,47522,11
13.0317296982,80.164642334,47522,47532,10
13.0313997269,80.1651992798,47532,47542,10
13.0309801102,80.1659393311,47542,47552,10
13.0304698944,80.166847229,47552,47562,10
13.0299196243,80.1678237915,47562,47572,10
13.0295200348,80.1685714722,47572,47582,10
13.0294103622,80.168800354,47582,47592,10
13.0293703079,80.1688690186,47592,47602,10
13.0291500092,80.1692276001,47602,47612,10
13.0288600922,80.1696929932,47612,47622,10
13.0285301208,80.1703109741,47622,47633,11
13.0280199051,80.1711883545,47633,47643,10
13.0274896622,80.1721572876,47643,47652,9
13.0269804001,80.1730880737,47652,47663,11
13.0263595581,80.1742019653,47663,47673,10
13.0258598328,80.1751098633,47673,47683,10
13.02546978,80.17578125,47683,47693,10
13.0250597,80.1765594482,47693,47713,20
13.0250597,80.1765594482,47713,47723,10
13.0249700546,80.1767272949,47723,47733,10
13.0247297287,80.1771392822,47733,47744,11
13.0243301392,80.1778717041,47744,47754,10
13.0238199234,80.178817749,47754,47774,20
13.0238199234,80.178817749,47774,47784,10
13.023730278,80.1789703369,47784,47794,10
13.0234699249,80.1794433594,47794,47804,10
13.0230798721,80.1801071167,47804,47814,10
13.0226202011,80.1809005737,47814,47824,10
13.0221300125,80.1817474365,47824,47834,10
13.02161026,80.1827774048,47834,47865,31
13.02161026,80.1827774048,47865,47875,10
13.0215301514,80.1829528809,47875,47885,10
13.0213298798,80.1832885742,47885,47895,10
13.0209197998,80.1839294434,47895,47915,20
13.0209197998,80.1839294434,47915,47925,10
13.0207500458,80.184211731,47925,47935,10
13.0205802917,80.1847000122,47935,47945,10
13.0203199387,80.1854095459,47945,47955,10
13.0197000504,80.1859207153,47955,47966,11
13.0187797546,80.1865005493,47966,47976,10
13.0179700851,80.1871414185,47976,47986,10
13.0174798965,80.1880722046,47986,47996,10
13.0171403885,80.1887435913,47996,48006,10
13.0170097351,80.1890487671,48006,48016,10
13.0168199539,80.1893768311,48016,48026,10
13.0167798996,80.1894607544,48026,48036,10
13.0167503357,80.1895294189,48036,48046,10
13.0165395737,80.1898803711,48046,48056,10
13.0162096024,80.1904373169,48056,48066,10
13.0158195496,80.1910934448,48066,48076,10
13.015370369,80.1918792725,48076,48087,11
13.0148801804,80.192741394,48087,48097,10
13.0144796371,80.1933822632,48097,48107,10
13.0143699646,80.1935272217,48107,48117,10
13.0142002106,80.193687439,48117,48127,10
13.013759613,80.1940078735,48127,48137,10
13.0131397247,80.1944122314,48137,48147,10
13.0123996735,80.1948776245,48147,48157,10
13.0111703873,80.1956787109,48157,48177,20
13.0111703873,80.1956787109,48177,48187,10
13.0110998154,80.1957168579,48187,48198,11
13.0107603073,80.1958999634,48198,48214,16
13.0100898743,80.1959686279,48214,48226,12
13.0093297958,80.1960296631,48226,48236,10
13.0087995529,80.1962432861,48236,48241,5
13.008649826,80.1963577271,48241,48256,15
13.0085697174,80.1978607178,48256,48276,20
13.0085697174,80.1978607178,48276,48286,10
13.0085802078,80.1979980469,48286,48296,10
13.0085897446,80.1985092163,48296,48306,10
13.008600235,80.1992797852,48306,48317,11
13.0086097717,80.2002868652,48317,48327,10
13.0085897446,80.2012176514,48327,48350,23
13.0085601807,80.2022476196,48350,48362,12
13.0085296631,80.2024078369,48362,48372,10
13.0084104538,80.2029190063,48372,48382,10
13.0080003738,80.2034072876,48382,48392,10
13.0077104568,80.2041320801,48392,48405,13
13.0077104568,80.2051925659,48405,48415,10
13.0077295303,80.2062072754,48415,48426,11
13.0078802109,80.2073516846,48426,48436,10
13.0080003738,80.2082366943,48436,48446,10
13.0081300735,80.2091598511,48446,48456,10
13.0084295273,80.2100906372,48456,48466,10
13.0091400146,80.2107772827,48466,48521,55
13.0091400146,80.2107772827,48521,48528,7
13.0092802048,80.2108612061,48528,48542,14
13.0093898773,80.2110519409,48542,48552,10
13.0092697144,80.2111816406,48552,48562,10
13.0090703964,80.2114334106,48562,48572,10
13.0090999603,80.2118377686,48572,48581,9
13.0093002319,80.2124404907,48581,48594,13
13.0096101761,80.2133483887,48594,48604,10
13.0099000931,80.214050293,48604,48614,10
13.0101299286,80.2147598267,48614,48624,10
13.0102596283,80.2156066895,48624,48634,10
13.01060009,80.2164382935,48634,48644,10
13.0110197067,80.2173233032,48644,48655,11
13.0114002228,80.2182769775,48655,48665,10
13.0122098923,80.2205429077,48665,48720,55
13.0122098923,80.2205429077,48720,48729,9
13.0123701096,80.2208099365,48729,48740,11
13.0126304626,80.2215423584,48740,48750,10
13.0130996704,80.2221603394,48750,48760,10
13.0135698318,80.2227401733,48760,48771,11
13.0140304565,80.2233200073,48771,48781,10
13.0142202377,80.2235565186,48781,48791,10
13.0144901276,80.2238464355,48791,48800,9
13.0147104263,80.2241210938,48800,48813,13
13.0150995255,80.2246017456,48813,48823,10
13.0154600143,80.2249069214,48823,48843,20
13.0154600143,80.2249069214,48843,48853,10
13.0156002045,80.2249908447,48853,48863,10
13.0158004761,80.2251968384,48863,48873,10
13.0164003372,80.2252807617,48873,48884,11
13.01720047,80.2250289917,48884,48907,23
13.0193099976,80.2242736816,48907,48949,42
13.0193099976,80.2242736816,48949,48959,10
13.0195398331,80.2243881226,48959,48969,10
13.0197896957,80.2245635986,48969,48979,10
13.0202503204,80.2249069214,48979,48990,11
13.0208702087,80.2253723145,48990,49000,10
13.0213804245,80.2257919312,49000,49010,10
13.0220098495,80.2262496948,49010,49020,10
13.0227403641,80.2268829346,49020,49029,9
13.0233297348,80.2274169922,49029,49040,11
13.0241699219,80.2282485962,49040,49050,10
13.0247001648,80.2289581299,49050,49060,10
13.0251998901,80.229637146,49060,49070,10
13.025759697,80.2304611206,49070,49080,10
13.0260095596,80.2311401367,49080,49121,41
13.0260095596,80.2311401367,49121,49131,10
13.0260295868,80.2313537598,49131,49141,10
13.0263795853,80.2313079834,49141,49151,10
13.0270996094,80.2311019897,49151,49161,10
13.028380394,80.2308883667,49161,49191,30
13.028380394,80.2308883667,49191,49201,10
13.0286598206,80.2308578491,49201,49211,10
13.0291900635,80.2307891846,49211,49242,31
13.0291900635,80.2307891846,49242,49252,10
13.0293903351,80.2307662964,49252,49262,10
13.0298099518,80.2307434082,49262,49272,10
13.0304803848,80.230682373,49272,49282,10
13.0306301117,80.230506897,49282,49292,10
13.0305995941,80.2303009033,49292,49302,10
13.0304698944,80.2297592163,49302,49312,10
13.0302600861,80.2290802002,49312,49323,11
13.0303401947,80.2282714844,49323,49353,30
13.0303401947,80.2282714844,49353,49363,10
13.0303497314,80.2280273438,49363,49373,10
13.030380249,80.2276916504,49373,49383,10
13.0302801132,80.2274398804,49383,49393,10
13.0297899246,80.2273712158,49393,49403,10
13.028719902,80.2272033691,49403,49423,20
13.028719902,80.2272033691,49423,49434,11
13.0284500122,80.227142334,49434,49444,10
13.0280799866,80.2270584106,49444,49454,10
13.0278596878,80.2267913818,49454,49464,10
13.0279798508,80.2262802124,49464,49474,10
13.0281295776,80.2255401611,49474,49484,10
13.0283203125,80.2246322632,49484,49493,9
13.0286798477,80.2239685059,49493,49514,21
13.0286798477,80.2239685059,49514,49524,10
13.0289402008,80.2241287231,49524,49534,10
13.0293197632,80.2242889404,49534,49545,11
13.0300598145,80.2242584229,49545,49555,10
13.0308704376,80.2242507935,49555,49565,10
13.031080246,80.223991394,49565,49575,10
13.0311403275,80.2231903076,49575,49595,20
13.0311403275,80.2231903076,49595,49605,10
13.0311899185,80.2229919434,49605,49615,10
13.0313501358,80.222618103,49615,49645,30
13.0313501358,80.222618103,49645,49656,11
13.0314798355,80.2223892212,49656,49666,10
13.0317401886,80.2218399048,49666,49676,10
13.0319595337,80.221282959,49676,49686,10
13.0321502686,80.2205200195,49686,49696,10
13.0319595337,80.2201004028,49696,49716,20
13.0319595337,80.2201004028,49716,49726,10
13.0316295624,80.2201766968,49726,49736,10
13.0310602188,80.2202072144,49736,49746,10
13.0304498672,80.2202072144,49746,49756,10
13.0299797058,80.2201919556,49756,49766,10
13.0294399261,80.2201080322,49766,49777,11
13.0286903381,80.2199478149,49777,49787,10
13.0283002853,80.2198486328,49787,49797,10
13.0282697678,80.2198486328,49797,49807,10
13.0280303955,80.2198486328,49807,49827,20
13.0280303955,80.2198486328,49827,49837,10
13.0277700424,80.2198104858,49837,49847,10
13.0274600983,80.2197799683,49847,49857,10
13.0273103714,80.2197799683,49857,49867,10
13.0271501541,80.2197570801,49867,49878,11
13.0267400742,80.2197418213,49878,49888,10
13.0261802673,80.2197113037,49888,49898,10
13.025560379,80.2197036743,49898,49908,10
13.0253400803,80.2196884155,49908,49918,10
13.0250101089,80.2197418213,49918,49938,20
13.0250101089,80.2197418213,49938,49948,10
13.0248804092,80.2197799683,49948,49958,10
13.0245199203,80.2197875977,49958,49968,10
13.0242795944,80.2197265625,49968,49978,10
13.0242700577,80.2195129395,49978,49988,10
13.0242595673,80.218963623,49988,49999,11
13.0242204666,80.2182998657,49999,50009,10
13.0242004395,80.2180786133,50009,50019,10
13.0242204666,80.2174987793,50019,50029,10
13.0242700577,80.2166366577,50029,50089,60
13.0242700577,80.2166366577,50089,50099,10
13.0245704651,80.2166213989,50099,50110,11
13.0246295929,80.216796875,50110,50120,10
13.0246601105,80.2170791626,50120,50130,10
13.0246801376,80.2173461914,50130,50140,10
13.024720192,80.2177581787,50140,50150,10
13.0247297287,80.2179870605,50150,50160,10
13.0247497559,80.2182769775,50160,50170,10
13.0247802734,80.2185974121,50170,50180,10
13.0248298645,80.2191467285,50180,50190,10
13.0248804092,80.2196731567,50190,50200,10
13.0249500275,80.2197189331,50200,50210,10
13.025270462,80.2197418213,50210,50221,11
13.025850296,80.2197113037,50221,50231,10
13.0264501572,80.2197113037,50231,50241,10
13.0270595551,80.2197418213,50241,50251,10
13.0273399353,80.2197723389,50251,50261,10
13.0277500153,80.2197875977,50261,50271,10
13.0280399323,80.219833374,50271,50281,10
13.0284404755,80.2198867798,50281,50291,10
13.0289497375,80.2199478149,50291,50301,10
13.0297298431,80.220123291,50301,50342,41
13.0297298431,80.220123291,50342,50352,10
13.0300703049,80.2202377319,50352,50362,10
13.0303201675,80.2202377319,50362,50372,10
13.0306997299,80.2202606201,50372,50382,10
13.0311002731,80.2202835083,50382,50392,10
13.0317401886,80.2202301025,50392,50402,10
13.0320997238,80.2201004028,50402,50412,10
13.0321598053,80.2199783325,50412,50422,10
13.0321702957,80.2195968628,50422,50432,10
13.0321798325,80.2189102173,50432,50442,10
13.0318403244,80.2184829712,50442,50453,11
13.0314598083,80.2179412842,50453,50463,10
13.0313796997,80.2171478271,50463,50473,10
13.0313501358,80.2168579102,50473,50489,16
13.0312795639,80.2157669067,50489,50501,12
13.031419754,80.2146224976,50501,50511,10
13.031539917,80.2138366699,50511,50521,10
13.0316400528,80.2132720947,50521,50531,10
13.0316801071,80.2128219604,50531,50541,10
13.0317802429,80.2121963501,50541,50551,10
13.031920433,80.2116165161,50551,50562,11
13.0320701599,80.2109985352,50562,50572,10
13.0321702957,80.2101974487,50572,50582,10
13.0325098038,80.2097167969,50582,50592,10
13.0332202911,80.2098312378,50592,50602,10
13.0339202881,80.2098999023,50602,50611,9
13.0347499847,80.2099761963,50611,50621,10
13.0349798203,80.2099609375,50621,50631,10
13.0351400375,80.2097320557,50631,50642,11
13.0352401733,80.2090301514,50642,50652,10
13.035320282,80.2083282471,50652,50662,10
13.0354099274,80.2076187134,50662,50673,11
13.0355396271,80.2067184448,50673,50683,10
13.0356302261,80.2061004639,50683,50693,10
13.0356998444,80.2053222656,50693,50723,30
13.0356998444,80.2053222656,50723,50733,10
13.0355195999,80.2052688599,50733,50743,10
13.035369873,80.2052536011,50743,50753,10
13.0351800919,80.2052001953,50753,50763,10
13.0349302292,80.2052307129,50763,50773,10
13.0349197388,80.2052383423,50773,50784,11
13.0348396301,80.2053833008,50784,50794,10
13.0348300934,80.2055435181,50794,50804,10
13.0347700119,80.2056503296,50804,50814,10
13.034620285,80.2059173584,50814,77052,26238
13.0347003937,80.2055664063,77052,80534,3482
13.0346498489,80.2057495117,80534,81515,981
13.0346498489,80.2057495117,81515,81525,10
13.0346002579,80.205657959,81525,81535,10
13.0346403122,80.2058181763,81535,81686,151
13.0346403122,80.2058181763,81686,81696,10
13.0345697403,80.2054672241,81696,81706,10
13.0342798233,80.2055206299,81706,81716,10
13.0344696045,80.2056732178,81716,81737,21
13.0344696045,80.2056732178,81737,81747,10
13.0345802307,80.2054824829,81747,81757,10
13.0345602036,80.2051467896,81757,81767,10
13.0340499878,80.2050323486,81767,82160,393
13.0340499878,80.2050323486,82160,82170,10
13.0341997147,80.205039978,82170,82181,11
13.0343799591,80.2051010132,82181,82191,10
13.0345201492,80.2051696777,82191,82199,8
13.0345096588,80.2052536011,82199,82211,12
13.0343904495,80.205619812,82211,82221,10
13.0341796875,80.2055435181,82221,82231,10
13.0342903137,80.205581665,82231,82241,10
