12.9966001511,80.1912536621,16,16,0
12.9968204498,80.1909637451,16,2832,2816
12.9969501495,80.1908569336,2832,3246,414
12.9968204498,80.1909713745,3246,8596,5350
12.9968204498,80.1909713745,8596,8606,10
12.9968900681,80.190826416,8606,9090,484
12.9968900681,80.1909408569,9090,9797,707
12.9969100952,80.1908569336,9797,14925,5128
12.997010231,80.1908187866,14925,17237,2312
12.9970197678,80.1908493042,17237,17681,444
12.9969997406,80.1908798218,17681,18879,1198
12.9969501495,80.1906967163,18879,21336,2457
12.9969902039,80.1907577515,21336,22202,866
12.9968500137,80.1908798218,22202,24932,2730
12.9968500137,80.1908798218,24932,24942,10
12.9970397949,80.1908569336,24942,24952,10
12.9971599579,80.1909713745,24952,24962,10
12.9968900681,80.1911697388,24962,24971,9
12.9967403412,80.1912994385,24971,25013,42
12.9967403412,80.1912994385,25013,25023,10
12.9963598251,80.1912612915,25023,25033,10
12.996219635,80.1908111572,25033,25043,10
12.9960603714,80.1902313232,25043,25053,10
12.9959497452,80.1898803711,25053,25063,10
12.9959201813,80.1895599365,25063,25073,10
12.9961299896,80.1893005371,25073,25083,10
12.9964895248,80.1897125244,25083,25094,11
12.9970302582,80.1903076172,25094,25104,10
12.9975500107,80.1909484863,25104,25114,10
12.9980401993,80.1915664673,25114,25124,10
12.9986000061,80.192199707,25124,25134,10
12.9991798401,80.1929092407,25134,25144,10
12.9997901917,80.1937179565,25144,25154,10
13.0004396439,80.1945571899,25154,25164,10
13.0010995865,80.1954498291,25164,25174,10
13.0016899109,80.1961898804,25174,25185,11
13.0021800995,80.1971435547,25185,25195,10
13.0020399094,80.1982269287,25195,25205,10
13.0018501282,80.1991882324,25205,25215,10
13.0020704269,80.2001190186,25215,25225,10
13.0029001236,80.2006835938,25225,25235,10
13.0035200119,80.2008132935,25235,25255,20
13.0035200119,80.2008132935,25255,25265,10
13.0038204193,80.200881958,25265,25275,10
13.0042800903,80.2010879517,25275,25285,10
13.0049800873,80.2013702393,25285,25295,10
13.0056695938,80.2019729614,25295,25306,11
13.0061998367,80.20287323,25306,25316,10
13.0068502426,80.2034378052,25316,25326,10
13.0076198578,80.2037277222,25326,25336,10
13.0085697174,80.203742981,25336,25346,10
13.0097198486,80.203666687,25346,25356,10
13.0109996796,80.2036895752,25356,25366,10
13.012339592,80.2038726807,25366,25376,10
13.0135698318,80.2041778564,25376,25386,10
13.0145998001,80.204536438,25386,25396,10
13.0150003433,80.2046585083,25396,25407,11
13.0153198242,80.2047729492,25407,25417,10
13.0159196854,80.2050476074,25417,25427,10
13.0163402557,80.2052001953,25427,25437,10
13.016869545,80.2053985596,25437,25447,10
13.0180702209,80.2057571411,25447,25457,10
13.018989563,80.2061004639,25457,25467,10
13.0199098587,80.2063293457,25467,25477,10
13.0209703445,80.2062988281,25477,25487,10
13.0220403671,80.2063369751,25487,25497,10
13.0230798721,80.20652771,25497,25508,11
13.0242795944,80.2067337036,25508,25518,10
13.0253601074,80.206993103,25518,25528,10
13.0265102386,80.2075881958,25528,25538,10
13.0276203156,80.2082519531,25538,25548,10
13.0287904739,80.2086410522,25548,25558,10
13.0294599533,80.2088317871,25558,25568,10
13.0301198959,80.2090301514,25568,25578,10
13.0307703018,80.2092132568,25578,25588,10
13.0315198898,80.2094116211,25588,25598,10
13.0323400497,80.2096176147,25598,25607,9
13.0332603455,80.2098007202,25607,25619,12
13.0346002579,80.2100601196,25619,25629,10
13.035030365,80.2104415894,25629,25639,10
13.0350103378,80.2111282349,25639,25659,20
13.0350103378,80.2111282349,25659,25669,10
13.0349397659,80.2116012573,25669,25679,10
13.0350503922,80.2121429443,25679,25689,10
13.0356798172,80.2122116089,25689,25699,10
13.0364599228,80.2122497559,25699,25709,10
13.0371704102,80.2122802734,25709,25720,11
13.0378799438,80.2123031616,25720,25730,10
13.038769722,80.2122802734,25730,25740,10
13.0397701263,80.212272644,25740,25750,10
13.0409002304,80.2123184204,25750,25760,10
13.0420303345,80.2123184204,25760,25770,10
13.0431003571,80.2123718262,25770,25780,10
13.0439395905,80.212310791,25780,25790,10
13.0444002151,80.2122802734,25790,25800,10
13.0450000763,80.2122573853,25800,25810,10
13.0458803177,80.2122192383,25810,25820,10
13.0468397141,80.2121810913,25820,25831,11
13.0482597351,80.2120666504,25831,25851,20
13.0482597351,80.2120666504,25851,25861,10
13.048620224,80.2120513916,25861,25871,10
13.0488796234,80.2120437622,25871,25881,10
13.0495901108,80.2119598389,25881,25901,20
13.0495901108,80.2119598389,25901,25911,10
13.0498104095,80.2119598389,25911,25921,10
13.0501699448,80.2119598389,25921,25931,10
13.0506696701,80.2119979858,25931,25942,11
13.0513801575,80.2120132446,25942,25952,10
13.0525197983,80.2118911743,25952,25962,10
13.0536003113,80.2116394043,25962,25972,10
13.054599762,80.2114181519,25972,25982,10
13.0556898117,80.21144104,25982,25992,10
13.0568599701,80.2114334106,25992,26002,10
13.0575895309,80.21144104,26002,26012,10
13.0578899384,80.2114486694,26012,26022,10
13.0584201813,80.2114562988,26022,26032,10
13.0592403412,80.2114868164,26032,26043,11
13.0602397919,80.2115631104,26043,26053,10
13.0611400604,80.2115936279,26053,26063,10
13.0618600845,80.2116088867,26063,26073,10
13.0633001328,80.2115402222,26073,26093,20
13.0633001328,80.2115402222,26093,26103,10
13.0636796951,80.2115325928,26103,26113,10
13.0642204285,80.21144104,26113,26123,10
13.0649299622,80.211151123,26123,26133,10
13.0656995773,80.2105865479,26133,26144,11
13.0666103363,80.2098617554,26144,26154,10
13.0674200058,80.2086868286,26154,26174,20
13.0674200058,80.2086868286,26174,26184,10
13.067609787,80.2083206177,26184,26194,10
13.067899704,80.2077865601,26194,26204,10
13.0683603287,80.2071228027,26204,26214,10
13.0687398911,80.2065963745,26214,26224,10
13.0689201355,80.2063293457,26224,26234,10
13.0692195892,80.2058334351,26234,26244,10
13.0695400238,80.2053222656,26244,26255,11
13.0696697235,80.2050704956,26255,26265,10
13.0696296692,80.2048721313,26265,26275,10
13.0693902969,80.2048797607,26275,26285,10
13.0692195892,80.2050094604,26285,26295,10
13.0690402985,80.2052764893,26295,26305,10
13.0687704086,80.2049865723,26305,26325,20
13.0687704086,80.2049865723,26325,26335,10
13.0688896179,80.2048034668,26335,26345,10
13.0691795349,80.2047424316,26345,26355,10
13.0694799423,80.2047805786,26355,26366,11
13.0697202682,80.2048187256,26366,26376,10
13.0699701309,80.2047729492,26376,26386,10
13.0702295303,80.2044219971,26386,26396,10
13.0706396103,80.203918457,26396,26406,10
13.0710802078,80.2033996582,26406,26416,10
13.0715799332,80.2028121948,26416,26426,10
13.0720901489,80.2022171021,26426,26436,10
13.0722999573,80.2019577026,26436,26446,10
13.0726203918,80.2015914917,26446,26456,10
13.0730800629,80.2010726929,26456,26467,11
13.0735502243,80.2005310059,26467,26477,10
13.0739603043,80.2000579834,26477,26487,10
13.0743198395,80.1996765137,26487,26497,10
13.0745801926,80.1994018555,26497,26507,10
13.0750102997,80.1991577148,26507,26517,10
13.0756702423,80.1990737915,26517,26527,10
13.0765104294,80.1990509033,26527,26537,10
13.0774497986,80.1989517212,26537,26547,10
13.0783596039,80.1988296509,26547,26557,10
13.0792398453,80.1987304688,26557,26567,10
13.0801801682,80.1986618042,26567,26578,11
13.0811300278,80.1985778809,26578,26588,10
13.0819597244,80.1985702515,26588,26598,10
13.0827798843,80.1985015869,26598,26608,10
13.083439827,80.1985015869,26608,26618,10
13.0838603973,80.1985015869,26618,26628,10
13.0844402313,80.1985168457,26628,26638,10
13.0850400925,80.1985168457,26638,26648,10
13.085439682,80.1985092163,26648,26658,10
13.085849762,80.1985015869,26658,26668,10
13.086400032,80.1984710693,26668,26679,11
13.0868701935,80.1984405518,26679,26689,10
13.0871601105,80.1983413696,26689,26699,10
13.0871896744,80.1980514526,26699,26709,10
13.087220192,80.1978530884,26709,26719,10
13.0872297287,80.1973571777,26719,26729,10
13.0872402191,80.1965866089,26729,26739,10
13.0872497559,80.1956710815,26739,26749,10
13.0872497559,80.1947097778,26749,26759,10
13.087269783,80.1935806274,26759,26769,10
13.0872802734,80.192817688,26769,26790,21
13.0872802734,80.192817688,26790,26800,10
13.0873003006,80.1927719116,26800,26810,10
13.0873298645,80.1923828125,26810,26820,10
13.0874099731,80.1917266846,26820,26830,10
13.0875196457,80.1908721924,26830,26840,10
13.0876398087,80.1898803711,26840,26850,10
13.087679863,80.1890335083,26850,26860,10
13.0876903534,80.1889572144,26860,26870,10
13.0877103806,80.1887435913,26870,26880,10
13.0877199173,80.1886062622,26880,26891,11
13.0877199173,80.1883010864,26891,26921,30
13.0877199173,80.1883010864,26921,26931,10
13.0877504349,80.1879577637,26931,26941,10
13.0877895355,80.1874237061,26941,26951,10
13.0878000259,80.1866531372,26951,26961,10
13.0878601074,80.1857299805,26961,26971,10
13.0879096985,80.1847305298,26971,26981,10
13.0879497528,80.1838226318,26981,26991,10
13.0879898071,80.1827468872,26991,27002,11
13.088060379,80.1815032959,27002,27012,10
13.0881099701,80.1803665161,27012,27022,10
13.0881004333,80.1792297363,27022,27032,10
13.0881299973,80.1788635254,27032,27042,10
13.088139534,80.1787109375,27042,27051,9
13.0881500244,80.1782608032,27051,27062,11
13.0881500244,80.1775436401,27062,27072,10
13.0881700516,80.1766891479,27072,27082,10
13.0882396698,80.1757965088,27082,27092,10
13.0882997513,80.1747589111,27092,27102,10
13.0883798599,80.1736221313,27102,27113,11
13.0884504318,80.1724472046,27113,27123,10
13.0884599686,80.1717987061,27123,27133,10
13.0884599686,80.1717834473,27133,27143,10
13.0885095596,80.1714401245,27143,27153,10
13.0885400772,80.1708602905,27153,27163,10
13.0885896683,80.1700592041,27163,27173,10
13.0886201859,80.1695785522,27173,27183,10
13.0888395309,80.1694488525,27183,27193,10
13.0894298553,80.1695098877,27193,27203,10
13.0902500153,80.1695785522,27203,27214,11
13.0912904739,80.1696624756,27214,27224,10
13.09237957,80.1697311401,27224,27234,10
13.0935096741,80.1697769165,27234,27244,10
13.0944299698,80.1698226929,27244,27254,10
13.0946702957,80.1698379517,27254,27264,10
13.0949401855,80.169883728,27264,27274,10
13.0952596664,80.169921875,27274,27284,10
13.0958795547,80.1699676514,27284,27294,10
13.0967102051,80.1700210571,27294,27304,10
13.0976696014,80.1700668335,27304,27315,11
13.098739624,80.1701278687,27315,27325,10
13.0996198654,80.1700897217,27325,27335,10
13.0996198654,80.1697311401,27335,27355,20
13.0996198654,80.1697311401,27355,27365,10
13.0994997025,80.1696624756,27365,27375,10
13.0994701385,80.1696624756,27375,27385,10
13.0991296768,80.169593811,27385,27395,10
13.0987997055,80.1695785522,27395,27405,10
13.099029541,80.1694793701,27405,27415,10
13.099360466,80.1696166992,27415,27426,11
13.0994300842,80.1697311401,27426,27436,10
13.0994195938,80.1699523926,27436,27506,70
13.0994195938,80.1699523926,27506,27517,11
13.0992803574,80.1702270508,27517,27527,10
13.0990200043,80.1702194214,27527,27537,10
13.0985002518,80.1701812744,27537,27547,10
13.0978298187,80.1701202393,27547,27557,10
13.0970401764,80.1700668335,27557,27567,10
13.0960102081,80.1700286865,27567,27577,10
13.0951795578,80.169921875,27577,27587,10
13.0950298309,80.1699295044,27587,27597,10
13.0945997238,80.1698989868,27597,27607,10
13.0943098068,80.1698608398,27607,27617,10
13.094209671,80.1698913574,27617,27627,10
13.0936603546,80.1698532104,27627,27638,11
13.092880249,80.1697998047,27638,27648,10
13.0919103622,80.1697463989,27648,27658,10
13.0908203125,80.1696929932,27658,27668,10
13.0896596909,80.169631958,27668,27678,10
13.0887699127,80.1696014404,27678,27688,10
13.0886802673,80.1699829102,27688,27698,10
13.0886497498,80.1705627441,27698,27708,10
13.0886201859,80.1719589233,27708,27729,21
13.0886201859,80.1719589233,27729,27739,10
13.0885696411,80.1723632813,27739,27749,10
13.0885295868,80.1729431152,27749,27759,10
13.0884895325,80.1737594604,27759,27769,10
13.0884504318,80.174621582,27769,27779,10
13.0883903503,80.175453186,27779,27789,10
13.0883197784,80.1764831543,27789,27799,10
13.0882797241,80.1774520874,27799,27809,10
13.0882797241,80.1783294678,27809,27829,20
13.0882797241,80.1783294678,27829,27840,11
13.088259697,80.1785430908,27840,27850,10
13.0882396698,80.1789093018,27850,27860,10
13.0882196426,80.1794891357,27860,27870,10
13.0881996155,80.1803207397,27870,27880,10
13.0881595612,80.1812896729,27880,27890,10
13.088139534,80.1820220947,27890,27900,10
13.0881099701,80.1826629639,27900,27910,10
13.0880899429,80.1834793091,27910,27920,10
13.0880203247,80.184463501,27920,27930,10
13.0880002975,80.1850204468,27930,27940,10
13.0879898071,80.1854095459,27940,27951,11
13.08796978,80.1858596802,27951,27961,10
13.0879402161,80.186416626,27961,27971,10
13.0879201889,80.1872406006,27971,27981,10
13.0879001617,80.1881027222,27981,27991,10
13.087849617,80.1890335083,27991,28001,10
13.0878295898,80.1896591187,28001,28021,20
13.0878295898,80.1896591187,28021,28031,10
13.0877895355,80.189956665,28031,28041,10
13.0877103806,80.1904067993,28041,28051,10
13.0875597,80.1910934448,28051,28062,11
13.0874099731,80.1919631958,28062,28072,10
13.0873804092,80.1922225952,28072,28082,10
13.087389946,80.1924514771,28082,28092,10
13.0873498917,80.1928634644,28092,28102,10
13.0873498917,80.1934509277,28102,28112,10
13.0873298645,80.194190979,28112,28122,10
13.0873203278,80.1950531006,28122,28132,10
13.0873203278,80.195640564,28132,28142,10
13.0873098373,80.1960220337,28142,28152,10
13.0873098373,80.1965179443,28152,28163,11
13.0873003006,80.1972579956,28163,28173,10
13.0872898102,80.1976470947,28173,28183,10
13.0872802734,80.1977233887,28183,28193,10
13.0872802734,80.1980361938,28193,28203,10
13.0873804092,80.1983795166,28203,28213,10
13.0875301361,80.1984710693,28213,28223,10
13.0878801346,80.1984634399,28223,28233,10
13.0883598328,80.1984329224,28233,28243,10
13.0888204575,80.1984176636,28243,28253,10
13.0892000198,80.1984634399,28253,28264,11
13.0896701813,80.1984786987,28264,28274,10
13.090259552,80.1985321045,28274,28284,10
13.0909004211,80.198600769,28284,28294,10
13.0914201736,80.1986312866,28294,28304,10
13.0921096802,80.1986694336,28304,28314,10
13.0928697586,80.198677063,28314,28324,10
13.0930595398,80.1988296509,28324,28334,10
13.0929899216,80.1992492676,28334,28344,10
13.0928897858,80.1998672485,28344,28354,10
13.0928497314,80.2004470825,28354,28364,10
13.0928297043,80.2005310059,28364,28375,11
13.092590332,80.200592041,28375,28385,10
13.0923700333,80.2005767822,28385,28395,10
13.0919103622,80.2005767822,28395,28405,10
13.0912103653,80.2005996704,28405,28415,10
13.0904903412,80.200592041,28415,28425,10
13.0897903442,80.2005386353,28425,28435,10
13.0889902115,80.2005310059,28435,28445,10
13.0881700516,80.2004928589,28445,28455,10
13.0873098373,80.2004318237,28455,28466,11
13.0863399506,80.2004089355,28466,28476,10
13.0856199265,80.2003707886,28476,28486,10
13.0853595734,80.2002563477,28486,28496,10
13.0853595734,80.1999130249,28496,28506,10
13.0853500366,80.1993637085,28506,28516,10
13.0852098465,80.1987304688,28516,28526,10
13.0849304199,80.1986465454,28526,28536,10
13.084400177,80.1986694336,28536,28546,10
13.0843296051,80.1986694336,28546,28556,10
13.08411026,80.1986694336,28556,28566,10
13.0836896896,80.1986999512,28566,28577,11
13.0834903717,80.198677063,28577,28587,10
13.083319664,80.1986618042,28587,28597,10
13.0830202103,80.1986465454,28597,28607,10
13.0827503204,80.1986236572,28607,28617,10
13.0823497772,80.1986312866,28617,28627,10
13.0818395615,80.198638916,28627,28637,10
13.0811300278,80.1986465454,28637,28647,10
13.0804004669,80.1987228394,28647,28657,10
13.0795898438,80.1987915039,28657,28667,10
13.0787200928,80.1988601685,28667,28678,11
13.0776996613,80.1989898682,28678,28688,10
13.076789856,80.1990814209,28688,28698,10
13.0760402679,80.199180603,28698,28708,10
13.0753097534,80.1992797852,28708,28718,10
13.0746297836,80.1995773315,28718,28728,10
13.0740995407,80.2000274658,28728,28738,10
13.0737895966,80.2004089355,28738,28748,10
13.0737199783,80.2005081177,28748,28758,10
13.0736103058,80.2006378174,28758,28768,10
13.0733203888,80.2009963989,28768,28778,10
13.0728597641,80.2015380859,28778,28788,10
13.0724096298,80.2021026611,28788,28799,11
13.0717897415,80.2027511597,28799,28809,10
13.0711803436,80.203453064,28809,28819,10
13.0705299377,80.204208374,28819,28829,10
13.0702600479,80.2045822144,28829,28839,10
13.0701303482,80.204750061,28839,28849,10
13.0701198578,80.2047729492,28849,28859,10
13.0700101852,80.2048873901,28859,28869,10
13.0697803497,80.2050704956,28869,28879,10
13.0694103241,80.2049179077,28879,28889,10
13.0691604614,80.2053375244,28889,28900,11
13.0685195923,80.2054977417,28900,28910,10
13.0680103302,80.205368042,28910,28930,20
13.0680103302,80.205368042,28930,28940,10
13.0679798126,80.2052001953,28940,28950,10
13.0681600571,80.2050094604,28950,28960,10
13.0683698654,80.2049636841,28960,28970,10
13.0685100555,80.2049102783,28970,28980,10
13.0687599182,80.204826355,28980,28990,10
13.0692596436,80.204750061,28990,29021,31
13.0692596436,80.204750061,29021,29031,10
13.0696697235,80.2048110962,29031,29041,10
13.0698795319,80.2050018311,29041,29051,10
13.0697803497,80.2052993774,29051,29061,10
13.0694799423,80.2058029175,29061,29071,10
13.0690603256,80.2064437866,29071,29081,10
13.0685997009,80.2071762085,29081,29091,10
13.0680999756,80.2079772949,29091,29101,10
13.0675401688,80.2088775635,29101,29111,10
13.066860199,80.2098083496,29111,29122,11
13.065990448,80.2106170654,29122,29132,10
13.0650701523,80.2113494873,29132,29152,20
13.0650701523,80.2113494873,29152,29162,10
13.0646495819,80.2115020752,29162,29172,10
13.0640802383,80.2117004395,29172,29182,10
13.0633897781,80.2117233276,29182,29192,10
13.0626602173,80.2117614746,29192,29202,10
13.0620803833,80.2116775513,29202,29213,11
13.0606803894,80.2117080688,29213,29222,9
13.0596599579,80.2117080688,29222,29233,11
13.0585403442,80.2116470337,29233,29243,10
13.0577697754,80.2115707397,29243,29263,20
13.0577697754,80.2115707397,29263,29273,10
13.0574598312,80.2115325928,29273,29283,10
13.057100296,80.2115402222,29283,29293,10
13.0564804077,80.2115478516,29293,29303,10
13.0556001663,80.2115936279,29303,29313,10
13.0548696518,80.2115707397,29313,29324,11
13.0547304153,80.2115783691,29324,29334,10
13.0544900894,80.2115936279,29334,29344,10
13.0540304184,80.2116775513,29344,29354,10
13.0534095764,80.2117996216,29354,29364,10
13.0526599884,80.2120132446,29364,29374,10
13.0518903732,80.2121963501,29374,29384,10
13.0513095856,80.2122497559,29384,29394,10
13.0508699417,80.2122802734,29394,29404,10
13.0497999191,80.2121429443,29404,29425,21
13.0497999191,80.2121429443,29425,29435,10
13.0494699478,80.212059021,29435,29445,10
13.0489501953,80.2121200562,29445,29455,10
13.0481901169,80.2121810913,29455,29465,10
13.0473299026,80.2122573853,29465,29475,10
13.0463199615,80.2123413086,29475,29485,10
13.0454998016,80.2124099731,29485,29495,10
13.0449800491,80.2124481201,29495,29576,81
13.0449800491,80.2124481201,29576,29586,10
13.0447101593,80.2123794556,29586,29596,10
13.0444097519,80.2124023438,29596,29606,10
13.0439996719,80.2123794556,29606,29616,10
13.0433301926,80.2123794556,29616,29626,10
13.0425195694,80.212387085,29626,29636,10
13.0417404175,80.2124023438,29636,29647,11
13.0406904221,80.2123031616,29647,29657,10
13.0395002365,80.2123565674,29657,29667,10
13.0385303497,80.212348938,29667,29677,10
13.0379695892,80.2123718262,29677,29697,20
13.0379695892,80.2123718262,29697,29707,10
13.0378198624,80.2123413086,29707,29717,10
13.0374202728,80.2123413086,29717,29727,10
13.0368003845,80.2123413086,29727,29737,10
13.0361604691,80.212348938,29737,29748,11
13.0355796814,80.212348938,29748,29758,10
13.0354499817,80.2123413086,29758,29768,10
13.0352497101,80.2123336792,29768,29778,10
13.0349798203,80.2122497559,29778,29788,10
13.0343999863,80.2121582031,29788,29828,40
13.0343999863,80.2121582031,29828,29838,10
13.0340299606,80.212097168,29838,29848,10
13.0337295532,80.212020874,29848,29859,11
13.0332202911,80.2118835449,29859,29869,10
13.0325498581,80.2117919922,29869,29879,10
13.0320501328,80.2114334106,29879,29889,10
13.0321102142,80.2107086182,29889,29899,10
13.0321702957,80.2098770142,29899,29909,10
13.0317401886,80.209602356,29909,29919,10
13.0309801102,80.2093734741,29919,29929,10
13.0304002762,80.2092437744,29929,29939,10
13.0300197601,80.2091293335,29939,29949,10
13.0297298431,80.2090301514,29949,29970,21
13.0297298431,80.2090301514,29970,29980,10
13.0293998718,80.2089385986,29980,29990,10
13.0288600922,80.208770752,29990,30000,10
13.0280799866,80.2085113525,30000,30010,10
13.0273704529,80.2081604004,30010,30020,10
13.0266399384,80.2077102661,30020,30030,10
13.0257797241,80.2072296143,30030,30040,10
13.0248699188,80.2070083618,30040,30050,10
13.0243396759,80.2069091797,30050,30060,10
13.0242900848,80.2068862915,30060,30071,11
13.0239295959,80.2068328857,30071,30081,10
13.0234498978,80.2066879272,30081,30091,10
13.0227403641,80.2065734863,30091,30101,10
13.0219802856,80.2064437866,30101,30111,10
13.021109581,80.2064208984,30111,30121,10
13.0200195313,80.2064590454,30121,30131,10
13.0192699432,80.2063903809,30131,30151,20
13.0192699432,80.2063903809,30151,30161,10
13.019080162,80.2063369751,30161,30172,11
13.0186300278,80.2061767578,30172,30182,10
13.0181999207,80.2060165405,30182,30192,10
13.0179300308,80.2059402466,30192,30202,10
13.0177402496,80.205871582,30202,30212,10
13.0175600052,80.2058029175,30212,30222,10
13.0171604156,80.2056503296,30222,30232,10
13.0167598724,80.2053985596,30232,30242,10
13.0158996582,80.205116272,30242,30252,10
13.0150203705,80.2048797607,30252,30262,10
13.0143203735,80.2046737671,30262,30271,9
13.0142698288,80.2046432495,30271,30283,12
13.013999939,80.2045211792,30283,30293,10
13.0136499405,80.2044525146,30293,30303,10
13.0135402679,80.2048034668,30303,30313,10
13.0134096146,80.2053604126,30313,30323,10
13.0131998062,80.2061004639,30323,30333,10
13.0130996704,80.2069778442,30333,30343,10
13.0129995346,80.2077636719,30343,30353,10
13.0129804611,80.2081604004,30353,30363,10
13.0129299164,80.2086486816,30363,30373,10
13.0129098892,80.2090377808,30373,30383,10
13.0130796432,80.2095489502,30383,30394,11
13.013130188,80.2103805542,30394,30404,10
13.0129098892,80.2112884521,30404,30414,10
13.0125703812,80.2119522095,30414,30424,10
13.0121202469,80.212638855,30424,30434,10
13.0119304657,80.2128829956,30434,30444,10
13.0117197037,80.2128295898,30444,30454,10
13.0114603043,80.2127075195,30454,30464,10
13.0110502243,80.2125015259,30464,30474,10
13.0108604431,80.2123794556,30474,30484,10
13.0104999542,80.2118988037,30484,30495,11
13.0101499557,80.211479187,30495,30505,10
13.0096197128,80.211151123,30505,30544,39
13.0096197128,80.211151123,30544,30555,11
13.0094099045,80.2109832764,30555,30565,10
13.0090999603,80.2114334106,30565,30585,20
13.0090999603,80.2114334106,30585,30595,10
13.0090503693,80.2117004395,30595,30606,11
13.0091600418,80.2120666504,30606,30616,10
13.0092802048,80.2125320435,30616,30626,10
13.0094804764,80.2130432129,30626,30636,10
13.0096797943,80.2135467529,30636,30646,10
13.0098896027,80.214050293,30646,30656,10
13.0101003647,80.2145767212,30656,30666,10
13.0101995468,80.2152175903,30666,30676,10
13.0104198456,80.2160415649,30676,30686,10
13.0108299255,80.2169570923,30686,30696,10
13.0112104416,80.2178497314,30696,30707,11
13.0115499496,80.2188491821,30707,30717,10
13.0119495392,80.2199401855,30717,30727,10
13.0122699738,80.2209014893,30727,30737,10
13.0124101639,80.2213821411,30737,30747,10
13.0124197006,80.2215423584,30747,30757,10
13.0126304626,80.2218704224,30757,30767,10
13.013010025,80.2223587036,30767,30777,10
13.0135297775,80.2229232788,30777,30787,10
13.0138902664,80.2233810425,30787,30797,10
13.0140600204,80.2236404419,30797,30807,10
13.0144100189,80.224029541,30807,30817,10
13.0150003433,80.2247314453,30817,30828,11
13.0153398514,80.2251968384,30828,30838,10
13.0153598785,80.2256317139,30838,30848,10
13.0151901245,80.2258377075,30848,30858,10
13.0147600174,80.2260284424,30858,30868,10
13.014169693,80.2262573242,30868,30878,10
13.0135803223,80.2265090942,30878,30888,10
13.0127897263,80.2268600464,30888,30898,10
13.0119400024,80.2271881104,30898,30908,10
13.011059761,80.2275466919,30908,30919,11
13.0100698471,80.2279205322,30919,30929,10
13.009519577,80.2277679443,30929,30939,10
13.0097103119,80.227142334,30939,30949,10
13.0100402832,80.2263717651,30949,30959,10
13.0103797913,80.2255401611,30959,30969,10
13.0107002258,80.224822998,30969,30979,10
13.0110397339,80.2240371704,30979,30989,10
13.0113201141,80.2233200073,30989,30999,10
13.0109796524,80.2230834961,30999,31009,10
13.0103302002,80.2226791382,31009,31019,10
13.0096302032,80.2222595215,31019,31030,11
13.0088100433,80.2218399048,31030,31040,10
13.0078802109,80.2214584351,31040,31050,10
13.0069103241,80.2210388184,31050,31060,10
13.0061302185,80.2206802368,31060,31070,10
13.0052099228,80.2204284668,31070,31080,10
13.0042295456,80.2201766968,31080,31090,10
13.003370285,80.2200393677,31090,31100,10
13.0023498535,80.2194366455,31100,31110,10
13.0017404556,80.2186965942,31110,31120,10
13.0012598038,80.2183074951,31120,31129,9
13.0009202957,80.2180862427,31129,31141,12
12.9998397827,80.2175598145,31141,31151,10
12.9998397827,80.2175598145,31151,31161,10
12.9989500046,80.2169799805,31161,31170,9
12.998000145,80.2165603638,31170,31183,13
12.9974603653,80.2165298462,31183,31193,10
12.9973096848,80.2165374756,31193,31203,10
12.9969100952,80.2166290283,31203,31213,10
12.9963998795,80.2168121338,31213,31223,10
12.9956302643,80.2170333862,31223,31233,10
12.9950799942,80.2172393799,31233,31244,11
12.9945201874,80.2175674438,31244,31254,10
12.9939002991,80.2180099487,31254,31264,10
12.9931497574,80.21849823,31264,31274,10
12.9924201965,80.219039917,31274,31284,10
12.9916496277,80.2195968628,31284,31294,10
12.9911203384,80.219581604,31294,31304,10
12.9909801483,80.2194824219,31304,31314,10
12.9909095764,80.2193984985,31314,31324,10
12.9905500412,80.219291687,31324,31334,10
12.9898900986,80.2190628052,31334,31345,11
12.98898983,80.2187271118,31345,31355,10
12.9879703522,80.2184371948,31355,31365,10
12.9872303009,80.2183380127,31365,31375,10
12.9869804382,80.2182922363,31375,31385,10
12.9868497849,80.2182617188,31385,31395,10
12.9864597321,80.218170166,31395,31405,10
12.9857301712,80.2179870605,31405,31415,10
12.9847803116,80.217956543,31415,31425,10
12.9841899872,80.2179794312,31425,31435,10
12.9840898514,80.2179794312,31435,31445,10
12.984000206,80.2179870605,31445,31456,11
12.9835195541,80.2179794312,31456,31466,10
12.98279953,80.2179794312,31466,31476,10
12.9821901321,80.2180175781,31476,31486,10
12.9813804626,80.2181396484,31486,31496,10
12.9804801941,80.2183990479,31496,31506,10
12.9798603058,80.2186813354,31506,31516,10
12.9793300629,80.2189407349,31516,31526,10
12.9787397385,80.2191390991,31526,31536,10
12.9781799316,80.219367981,31536,31546,10
12.977399826,80.2196807861,31546,31556,10
12.9765195847,80.2200698853,31556,31567,11
12.9757499695,80.2203826904,31567,31637,70
12.9757499695,80.2203826904,31637,31647,10
12.9756002426,80.2203826904,31647,31657,10
12.9756202698,80.2207794189,31657,31678,21
12.9758901596,80.2210693359,31678,31829,151
12.9758901596,80.2210693359,31829,31839,10
12.9760704041,80.2212371826,31839,32727,888
12.9760704041,80.2212371826,32727,32738,11
12.9762296677,80.2212982178,32738,32748,10
12.9763698578,80.221282959,32748,32758,10
12.9767398834,80.221282959,32758,32768,10
12.9772596359,80.2212600708,32768,32778,10
12.9779396057,80.221206665,32778,32788,10
12.9786901474,80.2211380005,32788,32798,10
12.9792203903,80.2210922241,32798,32808,10
12.9799003601,80.2210464478,32808,32818,10
12.980509758,80.2210235596,32818,32828,10
12.9809503555,80.2210006714,32828,32838,10
12.9813699722,80.2211608887,32838,32849,11
12.9816799164,80.2213821411,32849,32859,10
12.9820604324,80.2216186523,32859,32869,10
12.9824199677,80.2217407227,32869,32879,10
12.9828195572,80.2218933105,32879,32889,10
12.9828500748,80.2219085693,32889,32899,10
12.983039856,80.2220230103,32899,32909,10
12.9832801819,80.2221679688,32909,32919,10
12.9835100174,80.2223205566,32919,32929,10
12.9839601517,80.2225570679,32929,32939,10
12.9844903946,80.2228927612,32939,32950,11
12.9849901199,80.2231521606,32950,32960,10
12.9854602814,80.22315979,32960,32970,10
12.98595047,80.2229537964,32970,32980,10
12.9865598679,80.2229614258,32980,33000,20
12.9865598679,80.2229614258,33000,33010,10
12.9869098663,80.2229995728,33010,33020,10
12.9873199463,80.2230377197,33020,33030,10
12.9878501892,80.2229690552,33030,33040,10
12.9883899689,80.2225723267,33040,33050,10
12.9889497757,80.2220230103,33050,33061,11
12.9895000458,80.2213134766,33061,33071,10
12.9899501801,80.2207489014,33071,33081,10
12.9905500412,80.2202682495,33081,33091,10
12.9911298752,80.2198486328,33091,33101,10
12.9916496277,80.2194595337,33101,33111,10
12.9919300079,80.2192611694,33111,33121,10
12.9923696518,80.2189331055,33121,33131,10
12.9929304123,80.2185287476,33131,33141,10
12.9934597015,80.2181472778,33141,33151,10
12.9937200546,80.217956543,33151,33161,10
12.9939403534,80.2178115845,33161,33172,11
12.9942598343,80.2175827026,33172,33182,10
12.9942798615,80.2175521851,33182,33192,10
12.9945001602,80.217376709,33192,33202,10
12.9947900772,80.2171707153,33202,33212,10
12.9952001572,80.2169036865,33212,33222,10
12.9955997467,80.2166976929,33222,33232,10
12.9960002899,80.2165908813,33232,33262,30
12.9960002899,80.2165908813,33262,33272,10
12.9965696335,80.216506958,33272,33282,10
12.9969501495,80.216468811,33282,33293,11
12.9970197678,80.216468811,33293,33303,10
12.997590065,80.2160797119,33303,33323,20
12.997590065,80.2160797119,33323,33333,10
12.9976997375,80.2159805298,33333,33343,10
12.9980096817,80.2157287598,33343,33353,10
12.9984102249,80.2153778076,33353,33363,10
12.9989404678,80.2149429321,33363,33373,10
12.9992103577,80.2146987915,33373,33384,11
12.9995203018,80.2144393921,33384,33394,10
12.9998998642,80.2141036987,33394,33404,10
13.0002498627,80.2137832642,33404,33414,10
13.0007295609,80.2133636475,33414,33424,10
13.0013103485,80.2128982544,33424,33434,10
13.0018596649,80.2124786377,33434,33444,10
13.002409935,80.2121810913,33444,33454,10
13.0026302338,80.212097168,33454,33464,10
13.003080368,80.2120513916,33464,33474,10
13.0036802292,80.2119064331,33474,33495,21
13.0036802292,80.2119064331,33495,33505,10
13.003780365,80.2118530273,33505,33515,10
13.0037698746,80.2115020752,33515,33525,10
13.0037002563,80.2109375,33525,33535,10
13.0036296844,80.2105026245,33535,33545,10
13.0035600662,80.2100372314,33545,33555,10
13.0035295486,80.2095794678,33555,33565,10
13.0036201477,80.2090530396,33565,33575,10
13.0039701462,80.2086105347,33575,33585,10
13.0047998428,80.2089691162,33585,33596,11
13.0058603287,80.2094116211,33596,33606,10
13.0065002441,80.2096176147,33606,33616,10
13.0073795319,80.2098236084,33616,33646,30
13.0073795319,80.2098236084,33646,33656,10
13.007610321,80.2098693848,33656,33666,10
13.0079402924,80.2099380493,33666,33676,10
13.0081596375,80.2099533081,33676,33686,10
13.008099556,80.2094802856,33686,33696,10
13.0079898834,80.2088623047,33696,33707,11
13.0078802109,80.2079772949,33707,33717,10
13.0077199936,80.2071609497,33717,33727,10
13.007610321,80.2065734863,33727,33737,10
13.0075302124,80.2059402466,33737,33747,10
13.0074796677,80.2053070068,33747,33757,10
13.0074996948,80.2047805786,33757,33767,10
13.007519722,80.2043075562,33767,33777,10
13.0074596405,80.2037887573,33777,33787,10
13.0073604584,80.2030410767,33787,33797,10
13.0069103241,80.2025222778,33797,33808,11
13.0065603256,80.2030181885,33808,33818,10
13.0069503784,80.2033996582,33818,33828,10
13.007399559,80.2035980225,33828,33838,10
13.0079803467,80.2036972046,33838,33848,10
13.0088100433,80.2036514282,33848,33858,10
13.0099096298,80.2035903931,33858,33868,10
13.0112199783,80.2036437988,33868,33878,10
13.0123996735,80.2038192749,33878,33888,10
13.0132102966,80.2040023804,33888,33898,10
13.0139102936,80.2042312622,33898,33908,10
13.0151100159,80.2046203613,33908,33929,21
13.0151100159,80.2046203613,33929,33939,10
13.0153198242,80.2047424316,33939,33949,10
13.0157403946,80.2049484253,33949,33959,10
13.0163002014,80.2052001953,33959,33969,10
13.01679039,80.205368042,33969,33979,10
13.0177402496,80.2056503296,33979,33989,10
13.0186100006,80.2058868408,33989,34009,20
13.0186100006,80.2058868408,34009,34019,10
13.0187702179,80.2059402466,34019,34030,11
13.0191698074,80.2061233521,34030,34040,10
13.0197401047,80.2062606812,34040,34050,10
13.0205402374,80.2062606812,34050,34060,10
13.0213804245,80.2062683105,34060,34070,10
13.0222597122,80.2062988281,34070,34080,10
13.0230998993,80.2065200806,34080,34090,10
13.0239400864,80.2066116333,34090,34100,10
13.0244197845,80.2066802979,34100,34110,10
13.0244197845,80.2066879272,34110,34120,10
13.0245599747,80.2067489624,34120,34131,11
13.0250196457,80.2068710327,34131,34141,10
13.0257396698,80.2070922852,34141,34151,10
13.0264596939,80.2074737549,34151,34161,10
13.0271997452,80.2079315186,34161,34171,10
13.0280199051,80.2083969116,34171,34181,10
13.0290203094,80.2086791992,34181,34191,10
13.0297298431,80.2089004517,34191,34201,10
13.0302696228,80.209022522,34201,34211,10
13.0309400558,80.2091903687,34211,34221,10
13.0314102173,80.2093505859,34221,34231,10
13.0314302444,80.2093734741,34231,34242,11
13.0315704346,80.2094726563,34242,34252,10
13.0319499969,80.2095718384,34252,34262,10
13.0325202942,80.2096633911,34262,34272,10
13.0333099365,80.2097625732,34272,34282,10
13.0341901779,80.2099227905,34282,34292,10
13.0350103378,80.2101211548,34292,34302,10
13.035030365,80.2105636597,34302,34312,10
13.0350103378,80.2109222412,34312,34322,10
13.035030365,80.2112731934,34322,34342,20
13.035030365,80.2112731934,34342,34353,11
13.0350103378,80.2117233276,34353,34375,22
13.0350103378,80.2117233276,34375,34385,10
13.0349597931,80.2118606567,34385,34395,10
13.0349798203,80.2120513916,34395,34405,10
13.0352497101,80.2122268677,34405,34415,10
13.0355796814,80.2123031616,34415,34445,30
13.0355796814,80.2123031616,34445,34456,11
13.0358104706,80.2123031616,34456,34486,30
13.0358104706,80.2123031616,34486,34496,10
13.03606987,80.2123413086,34496,34506,10
13.0363397598,80.2123413086,34506,34516,10
13.0366802216,80.2123413086,34516,34526,10
13.0371398926,80.212310791,34526,34536,10
13.0376596451,80.2123031616,34536,34546,10
13.0383701324,80.2123031616,34546,34556,10
13.0392198563,80.2122879028,34556,34567,11
13.040309906,80.2122573853,34567,34577,10
13.0413999557,80.2122421265,34577,34587,10
13.0424900055,80.2122192383,34587,34597,10
13.0437803268,80.2122192383,34597,34617,20
13.0437803268,80.2122192383,34617,34627,10
13.0441799164,80.2122421265,34627,34637,10
13.0447502136,80.2122268677,34637,34647,10
13.0454998016,80.2122116089,34647,34657,10
13.0463399887,80.2121887207,34657,34668,11
13.0471000671,80.2121582031,34668,34678,10
13.0475797653,80.2121200562,34678,34688,10
13.0481595993,80.2120513916,34688,34698,10
13.0487098694,80.2119979858,34698,34718,20
13.0487098694,80.2119979858,34718,34728,10
13.0489902496,80.2119979858,34728,34738,10
13.0493297577,80.2119903564,34738,34767,29
13.0493297577,80.2119903564,34767,34779,12
13.0493898392,80.2119827271,34779,34789,10
13.0496101379,80.2119674683,34789,34799,10
13.0497503281,80.2119674683,34799,34809,10
13.0499000549,80.2119369507,34809,34819,10
13.0501203537,80.2119369507,34819,34829,10
13.050450325,80.2119522095,34829,34839,10
13.0508403778,80.212020874,34839,34849,10
13.0516195297,80.2119827271,34849,34859,10
13.0526399612,80.2118225098,34859,34869,10
13.0536298752,80.2115631104,34869,34879,10
13.0543298721,80.2113876343,34879,34890,11
13.0544099808,80.2113800049,34890,34900,10
13.0544900894,80.2113876343,34900,34910,10
13.0548801422,80.2113800049,34910,34920,10
13.0555095673,80.2113876343,34920,34930,10
13.0563297272,80.2114105225,34930,34940,10
13.0572595596,80.2114105225,34940,34950,10
13.0576496124,80.2114181519,34950,34960,10
13.057800293,80.21144104,34960,34970,10
13.0582103729,80.2114562988,34970,34980,10
13.0588197708,80.211479187,34980,34991,11
13.0596399307,80.2114868164,34991,35001,10
13.0605602264,80.2115325928,35001,35011,10
13.0615301132,80.2115478516,35011,35021,10
13.0624399185,80.2115707397,35021,35031,10
13.0631799698,80.2115097046,35031,35041,10
13.0633201599,80.211517334,35041,35051,10
13.0636301041,80.2115097046,35051,35061,10
13.0641498566,80.2114562988,35061,35071,10
13.0648803711,80.2111968994,35071,35081,10
13.0655298233,80.2107315063,35081,35091,10
13.0661296844,80.2101287842,35091,35102,11
13.0670099258,80.2092666626,35102,35112,10
13.0673904419,80.2087783813,35112,35122,10
13.0673904419,80.2087478638,35122,35132,10
13.0675096512,80.2085571289,35132,35142,10
13.0677499771,80.208190918,35142,35152,10
13.0680799484,80.2076721191,35152,35162,10
13.0685195923,80.206993103,35162,35172,10
13.0690202713,80.206199646,35172,35182,10
13.0695400238,80.205329895,35182,35192,10
13.0696496964,80.2048187256,35192,35202,10
13.0692796707,80.2048721313,35202,35213,11
13.0689201355,80.2052688599,35213,35223,10
13.0687103271,80.2048492432,35223,35253,30
13.0687103271,80.2048492432,35253,35263,10
13.0688495636,80.2047195435,35263,35273,10
13.0693101883,80.2046966553,35273,35283,10
13.0696697235,80.204750061,35283,35293,10
13.0699195862,80.2046890259,35293,35303,10
13.0701503754,80.2044219971,35303,35314,11
13.0705900192,80.2039031982,35314,35324,10
13.0711297989,80.2032699585,35324,35334,10
13.0717201233,80.2025604248,35334,35344,10
13.0719804764,80.2022628784,35344,35384,40
13.0719804764,80.2022628784,35384,35394,10
13.0721302032,80.2021026611,35394,35404,10
13.0722703934,80.2019424438,35404,35414,10
13.072520256,80.2016677856,35414,35425,11
13.0729503632,80.2011566162,35425,35435,10
13.0734300613,80.2006530762,35435,35445,10
13.0737495422,80.200302124,35445,35455,10
13.0741596222,80.1998214722,35455,35465,10
13.0745201111,80.1994171143,35465,35475,10
13.0745296478,80.1994094849,35475,35485,10
13.074669838,80.1992874146,35485,35495,10
13.0750598907,80.1990890503,35495,35505,10
13.0756502151,80.1989974976,35505,35515,10
13.0764503479,80.1990127563,35515,35526,11
13.0773096085,80.1989364624,35526,35536,10
13.0781097412,80.1988372803,35536,35546,10
13.0789699554,80.1987304688,35546,35556,10
13.0796298981,80.1986923218,35556,35566,10
13.0801000595,80.1986236572,35566,35576,10
13.080450058,80.1985931396,35576,35586,10
13.0806798935,80.1985702515,35586,35596,10
13.0810003281,80.1985397339,35596,35605,9
13.0811395645,80.1985397339,35605,35616,11
13.0812101364,80.1985473633,35616,35626,10
13.0813999176,80.1985473633,35626,35637,11
13.0816898346,80.1985397339,35637,35647,10
13.0819301605,80.1985168457,35647,35657,10
13.0823001862,80.1984634399,35657,35667,10
13.0826101303,80.1984481812,35667,35677,10
13.0826797485,80.1984481812,35677,35687,10
13.0828695297,80.1984481812,35687,35697,10
13.0832500458,80.1984710693,35697,35707,10
13.0834598541,80.1984786987,35707,35717,10
13.0836000443,80.1985015869,35717,35727,10
13.0838899612,80.1984786987,35727,35737,10
13.0843601227,80.1985168457,35737,35758,21
13.0843601227,80.1985168457,35758,35768,10
13.0849399567,80.1985092163,35768,35788,20
13.0849399567,80.1985092163,35788,35798,10
13.0852003098,80.1985015869,35798,35808,10
13.085439682,80.1984863281,35808,35817,9
13.0857000351,80.1984786987,35817,35828,11
13.0862102509,80.1984481812,35828,35838,10
13.0868301392,80.1984405518,35838,35849,11
13.0871400833,80.1979370117,35849,35869,20
13.0871400833,80.1979370117,35869,35879,10
13.087220192,80.1976165771,35879,35889,10
13.087220192,80.1970596313,35889,35899,10
13.087220192,80.1963119507,35899,35909,10
13.0872602463,80.1954116821,35909,35919,10
13.087220192,80.1945266724,35919,35929,10
13.0872097015,80.1934890747,35929,35939,10
13.0872402191,80.1925582886,35939,35948,9
13.0873403549,80.1919631958,35948,35960,12
13.0874004364,80.1911621094,35960,35970,10
13.0875196457,80.1902923584,35970,35980,10
13.0875797272,80.1894683838,35980,35990,10
13.0876197815,80.1891403198,35990,36000,10
13.0876703262,80.1890182495,36000,36010,10
13.0876703262,80.1886901855,36010,36020,10
13.0877399445,80.1883010864,36020,36081,61
13.0877399445,80.1883010864,36081,36091,10
13.0877599716,80.188079834,36091,36101,10
13.087770462,80.1876068115,36101,36111,10
13.0878000259,80.186882019,36111,36121,10
13.0878000259,80.186050415,36121,36131,10
13.0878000259,80.1856384277,36131,36141,10
13.087849617,80.1854782104,36141,36151,10
13.0878896713,80.1850204468,36151,36161,10
13.0879096985,80.1843795776,36161,36172,11
13.0879201889,80.1835098267,36172,36182,10
13.0879602432,80.1825714111,36182,36192,10
13.0880002975,80.1816177368,36192,36202,10
13.0880403519,80.1807479858,36202,36212,10
13.0880699158,80.17993927,36212,36222,10
13.0881099701,80.1797180176,36222,36232,10
13.0881204605,80.1794509888,36232,36242,10
13.0881204605,80.1790618896,36242,36252,10
13.0881204605,80.1789627075,36252,36262,10
13.0881004333,80.1788024902,36262,36271,9
13.0881004333,80.1786422729,36271,36283,12
13.0881204605,80.1781692505,36283,36293,10
13.0881299973,80.1775283813,36293,36303,10
13.0881595612,80.1767272949,36303,36313,10
13.0882396698,80.1758728027,36313,36323,10
13.0882797241,80.1750717163,36323,36333,10
13.0883398056,80.1742630005,36333,36343,10
13.0883998871,80.1734619141,36343,36353,10
13.0884399414,80.1726531982,36353,36363,10
13.0884399414,80.1719512939,36363,36373,10
13.088470459,80.1718902588,36373,36383,10
13.0885400772,80.1716384888,36383,36394,11
13.0885696411,80.1710968018,36394,36404,10
13.0886297226,80.1699676514,36404,36454,50
13.088640213,80.1698532104,36454,36484,30
13.088640213,80.1698532104,36484,36495,11
13.088640213,80.1697616577,36495,36505,10
13.0887498856,80.1694335938,36505,36515,10
13.0893096924,80.1694564819,36515,36525,10
13.0901098251,80.1695175171,36525,36535,10
13.0910100937,80.1695709229,36535,36545,10
13.0917901993,80.169631958,36545,36555,10
13.0926599503,80.169670105,36555,36565,10
13.0934095383,80.1697387695,36565,36575,10
13.0939502716,80.1697463989,36575,36585,10
13.0945796967,80.1697692871,36585,36594,9
13.0946598053,80.1697769165,36594,36606,12
13.0948801041,80.1698226929,36606,36616,10
13.0951404572,80.1698608398,36616,36626,10
13.0956602097,80.1698989868,36626,36636,10
13.0964298248,80.1699371338,36636,36646,10
13.0973396301,80.1699905396,36646,36656,10
13.0983104706,80.1700286865,36656,36666,10
13.0992097855,80.1700820923,36666,36676,10
13.0996799469,80.169960022,36676,36686,10
13.099650383,80.1697311401,36686,36705,19
13.099650383,80.1697311401,36705,36717,12
13.0995502472,80.1696166992,36717,36727,10
13.0994997025,80.169883728,36727,37130,403
13.0995597839,80.1701278687,37130,37181,51
13.0995597839,80.1701278687,37181,37191,10
13.099240303,80.1702575684,37191,37201,10
13.0990495682,80.170249939,37201,37211,10
13.0985898972,80.170211792,37211,37221,10
13.0979404449,80.1701431274,37221,37231,10
13.0971002579,80.1700363159,37231,37241,10
13.0960998535,80.1699676514,37241,37252,11
13.0950202942,80.1698913574,37252,37262,10
13.0948400497,80.1698532104,37262,37272,10
13.0945997238,80.1698303223,37272,37282,10
13.094329834,80.1698226929,37282,37292,10
13.0938196182,80.1697769165,37292,37302,10
13.0930500031,80.1697463989,37302,37312,10
13.0920600891,80.1697311401,37312,37322,10
13.0909900665,80.1696395874,37322,37332,10
13.0898103714,80.1695709229,37332,37342,10
13.0889596939,80.1695327759,37342,37413,71
13.0889596939,80.1695327759,37413,37423,10
13.0886898041,80.169593811,37423,37433,10
13.0886802673,80.1701126099,37433,37443,10
13.0886602402,80.1709213257,37443,37452,9
13.0886602402,80.1717376709,37452,37464,12
13.0886096954,80.1719970703,37464,37474,10
13.0885696411,80.1723327637,37474,37484,10
13.088549614,80.1730194092,37484,37494,10
13.0884895325,80.1739120483,37494,37504,10
13.0884103775,80.1748580933,37504,37514,10
13.0883598328,80.1759262085,37514,37524,10
13.0882997513,80.1769790649,37524,37534,10
13.0882797241,80.1776275635,37534,37544,10
13.0882997513,80.1784286499,37544,37554,10
13.0882997513,80.1785964966,37554,37564,10
13.0882797241,80.1787261963,37564,37575,11
13.0882902145,80.1790237427,37575,37585,10
13.0882701874,80.179359436,37585,37595,10
13.0882701874,80.1797637939,37595,37605,10
13.088259697,80.1803131104,37605,37615,10
13.0882501602,80.1810684204,37615,37625,10
13.0882196426,80.1819076538,37625,37635,10
13.0881500244,80.1826019287,37635,37645,10
13.0881099701,80.1833496094,37645,37655,10
13.0880403519,80.1842575073,37655,37665,10
13.0880098343,80.1848678589,37665,37674,9
13.0879898071,80.1852493286,37674,37686,12
13.0879802704,80.1855773926,37686,37696,10
13.0879497528,80.186050415,37696,37706,10
13.0879297256,80.1868209839,37706,37716,10
13.0879096985,80.1877212524,37716,37726,10
13.0878896713,80.1885528564,37726,37736,10
13.0878696442,80.1894073486,37736,37747,11
13.0878295898,80.1898269653,37747,37757,10
13.0878200531,80.1898269653,37757,37767,10
13.0877599716,80.1900100708,37767,37776,9
13.0877103806,80.1904907227,37776,37788,12
13.0875797272,80.1914520264,37788,37798,10
13.0874700546,80.1926269531,37798,37818,20
13.0874700546,80.1926269531,37818,37828,10
13.087439537,80.192741394,37828,37838,10
13.0874300003,80.1928024292,37838,37848,10
13.087389946,80.1931304932,37848,37858,10
13.0873699188,80.1937332153,37858,37868,10
13.0873298645,80.1945419312,37868,37878,10
13.0873098373,80.1952972412,37878,37888,10
13.0873003006,80.1961593628,37888,37899,11
13.0872602463,80.197227478,37899,37909,10
13.0872602463,80.1977767944,37909,37919,10
13.0872402191,80.1978530884,37919,37929,10
13.0872898102,80.1982574463,37929,37939,10
13.0874500275,80.1984329224,37939,37949,10
13.087770462,80.1984100342,37949,37959,10
13.088259697,80.1984100342,37959,37969,10
13.0889701843,80.1983718872,37969,37979,10
13.0895204544,80.1984100342,37979,37989,10
13.0901403427,80.1984634399,37989,37999,10
13.0909900665,80.1985321045,37999,38010,11
13.091799736,80.1985931396,38010,38020,10
13.0926303864,80.198600769,38020,38030,10
13.0930299759,80.1987991333,38030,38040,10
13.0929899216,80.1993408203,38040,38050,10
13.0929803848,80.2001190186,38050,38060,10
13.0929498672,80.2003631592,38060,38070,10
13.0929098129,80.2005462646,38070,38080,10
13.0927200317,80.2006378174,38080,38090,10
13.092209816,80.2005996704,38090,38100,10
13.091460228,80.2005691528,38100,38111,11
13.0908498764,80.2005233765,38111,38121,10
13.0903396606,80.2005615234,38121,38131,10
13.0896396637,80.2005767822,38131,38141,10
13.0888204575,80.200592041,38141,38151,10
13.0877895355,80.2004776001,38151,38161,10
13.0868701935,80.2004470825,38161,38171,10
13.0861301422,80.200378418,38171,38181,10
13.0856103897,80.2003707886,38181,38191,10
13.0853500366,80.2002487183,38191,38201,10
13.0853099823,80.1999206543,38201,38211,10
13.0853004456,80.1993408203,38211,38222,11
13.0851402283,80.1987304688,38222,38232,10
13.0846796036,80.198677063,38232,38242,10
13.0843000412,80.198677063,38242,38252,10
13.0841598511,80.1986312866,38252,38262,10
13.0837602615,80.1986465454,38262,38272,10
13.0834598541,80.1986236572,38272,38282,10
13.0832901001,80.1985702515,38282,38292,10
13.0830602646,80.1985702515,38292,38302,10
13.0828104019,80.1985931396,38302,38312,10
13.0824098587,80.198600769,38312,38322,10
13.0817604065,80.1986999512,38322,38333,11
13.0810804367,80.1987533569,38333,38343,10
13.080450058,80.1987762451,38343,38353,10
13.0797300339,80.1988067627,38353,38363,10
13.0789604187,80.1988601685,38363,38373,10
13.0781002045,80.1989517212,38373,38383,10
13.0770797729,80.1990585327,38383,38393,10
13.0760097504,80.1991729736,38393,38403,10
13.0750198364,80.1993865967,38403,38413,10
13.0742502213,80.1998825073,38413,38423,10
13.0737695694,80.2004089355,38423,38434,11
13.0736703873,80.2005386353,38434,38444,10
13.07351017,80.2007293701,38444,38454,10
13.0731401443,80.2011566162,38454,38464,10
13.0726203918,80.2017822266,38464,38474,10
13.0721702576,80.2023162842,38474,38484,10
13.0716199875,80.202911377,38484,38494,10
13.0709695816,80.2036590576,38494,38504,10
13.0701198578,80.2046737671,38504,38524,20
13.0701198578,80.2046737671,38524,38534,10
13.070019722,80.2048110962,38534,38585,51
13.070019722,80.2048110962,38585,38595,10
13.0697698593,80.2050018311,38595,38605,10
13.0693998337,80.2048416138,38605,38615,10
13.0690498352,80.2052001953,38615,38625,10
13.0684499741,80.2053985596,38625,38632,7
13.0682201385,80.2053985596,38632,38666,34
13.0679302216,80.2051620483,38666,38686,20
13.0679302216,80.2051620483,38686,38696,10
13.0680999756,80.2049789429,38696,38706,10
13.06828022,80.2049179077,38706,38716,10
13.0686197281,80.2047805786,38716,38726,10
13.0688695908,80.2047195435,38726,38736,10
13.0691003799,80.2046890259,38736,38746,10
13.0692796707,80.2046966553,38746,38758,12
13.0698204041,80.204826355,38758,38788,30
13.0698204041,80.204826355,38788,38798,10
13.0698204041,80.2052230835,38798,38808,10
13.0694799423,80.2057800293,38808,38818,10
13.0690097809,80.2065200806,38818,38828,10
13.068479538,80.2073898315,38828,38837,9
13.0679397583,80.2082366943,38837,38848,11
13.0671901703,80.209312439,38848,38858,10
13.0663995743,80.2101821899,38858,38869,11
13.0656995773,80.2107925415,38869,38879,10
13.0651597977,80.2112197876,38879,38889,10
13.0650997162,80.2112503052,38889,38899,10
13.0647201538,80.2114486694,38899,38909,10
13.0640802383,80.2116317749,38909,38919,10
13.0632801056,80.211730957,38919,38927,8
13.0624799728,80.211807251,38927,38939,12
13.0612201691,80.2117385864,38939,38949,10
13.0600595474,80.2117004395,38949,38959,10
13.0589103699,80.2116622925,38959,38969,10
13.0582199097,80.2116470337,38969,38980,11
13.0580196381,80.2116317749,38980,38990,10
13.0577697754,80.2116088867,38990,39000,10
13.05727005,80.2116012573,39000,39010,10
13.0565795898,80.2116012573,39010,39020,10
13.0557203293,80.2115783691,39020,39030,10
13.0546102524,80.2115631104,39030,39050,20
13.0546102524,80.2115631104,39050,39060,10
13.0545196533,80.2115631104,39060,39070,10
13.0541696548,80.2116088867,39070,39080,10
13.0536298752,80.2117233276,39080,39091,11
13.0527896881,80.2119598389,39091,39101,10
13.0513296127,80.2121505737,39101,39131,30
13.0513296127,80.2121505737,39131,39141,10
13.0510101318,80.2122268677,39141,39151,10
13.0509796143,80.2122268677,39151,39161,10
13.0507802963,80.2122116089,39161,39170,9
13.0503902435,80.2121887207,39170,39181,11
13.0499601364,80.2121734619,39181,39192,11
13.0498399734,80.2121734619,39192,39202,10
13.0496397018,80.2121429443,39202,39212,10
13.0495996475,80.2121276855,39212,39222,10
13.0492401123,80.212097168,39222,39232,10
13.0486402512,80.2121505737,39232,39242,10
13.0479001999,80.212272644,39242,39252,10
13.0469198227,80.212348938,39252,39262,10
13.0454597473,80.2124099731,39262,39343,81
13.0454597473,80.2124099731,39343,39353,10
13.0452699661,80.2123718262,39353,39363,10
13.0450201035,80.2123794556,39363,39373,10
13.0446901321,80.212387085,39373,39383,10
13.0440998077,80.2124023438,39383,39393,10
13.0432701111,80.2124099731,39393,39402,9
13.0426301956,80.2124023438,39402,39414,12
13.0418596268,80.2124328613,39414,39424,10
13.0409698486,80.2124176025,39424,39434,10
13.0399799347,80.2124328613,39434,39444,10
13.0390901566,80.2124099731,39444,39454,10
13.0382204056,80.2124176025,39454,39494,40
13.0382204056,80.2124176025,39494,39504,10
13.0378704071,80.2123794556,39504,39515,11
13.0372600555,80.2123718262,39515,39525,10
13.0365200043,80.2123413086,39525,39535,10
13.0358495712,80.212348938,39535,39545,10
13.0352096558,80.2123336792,39545,39565,20
13.0352096558,80.2123336792,39565,39575,10
13.0349302292,80.2121887207,39575,39585,10
13.0343198776,80.2121200562,39585,39605,20
13.0343198776,80.2121200562,39605,39615,10
13.0342102051,80.2120819092,39615,39626,11
13.033829689,80.2120285034,39626,39636,10
13.0332298279,80.2118988037,39636,39646,10
13.032409668,80.2117767334,39646,39656,10
13.0320501328,80.2114105225,39656,39666,10
13.0320796967,80.2108078003,39666,39676,10
13.0321302414,80.2100296021,39676,39686,10
13.0319900513,80.2096633911,39686,39696,10
13.0314903259,80.2094802856,39696,39706,10
13.0308103561,80.2092895508,39706,39716,10
13.0306396484,80.2092514038,39716,39726,10
13.0303497314,80.2091827393,39726,39737,11
13.0299301147,80.2090606689,39737,39747,10
13.0298299789,80.2090301514,39747,39757,10
13.0295600891,80.2089385986,39757,39767,10
13.0290298462,80.2088012695,39767,39777,10
13.0282096863,80.2085571289,39777,39787,10
13.0274095535,80.208190918,39787,39797,10
13.0265302658,80.2076568604,39797,39807,10
13.0255298615,80.2071304321,39807,39817,10
13.0245199203,80.2069320679,39817,39828,11
13.024310112,80.2068710327,39828,39837,9
13.0239896774,80.2068023682,39837,39847,10
13.0233697891,80.2066802979,39847,39859,12
13.0223302841,80.2065200806,39859,39869,10
13.0214796066,80.2064666748,39869,39879,10
13.0207395554,80.2064666748,39879,39889,10
13.0198602676,80.2064819336,39889,39898,9
13.019200325,80.206413269,39898,39908,10
13.0191497803,80.2063674927,39908,39918,10
13.0186395645,80.2061767578,39918,39929,11
13.0178003311,80.205909729,39929,39938,9
13.0171804428,80.2057037354,39938,39950,12
13.0166501999,80.2054595947,39950,39958,8
13.0159797668,80.2052536011,39958,39970,12
13.0149202347,80.2048873901,39970,39978,8
13.0142602921,80.2046813965,39978,39990,12
13.0139703751,80.204536438,39990,40000,10
13.0136299133,80.204498291,40000,40008,8
13.0135698318,80.204536438,40008,40018,10
13.0134601593,80.2048568726,40018,40030,12
13.013250351,80.205581665,40030,40038,8
13.013130188,80.206237793,40038,40048,10
13.0130300522,80.2073135376,40048,40061,13
13.0129299164,80.2080612183,40061,40071,10
13.0129098892,80.208480835,40071,40081,10
13.0129899979,80.208946228,40081,40091,10
13.0132198334,80.2095413208,40091,40101,10
13.0131597519,80.2101974487,40101,40111,10
13.0130596161,80.2108001709,40111,40121,10
13.0127897263,80.2114105225,40121,40131,10
13.0126800537,80.2116088867,40131,40141,10
13.0124998093,80.2119369507,40141,40151,10
13.0122203827,80.2124099731,40151,40161,10
13.0119104385,80.2127609253,40161,40172,11
13.0116901398,80.2126922607,40172,40182,10
13.0112800598,80.2124862671,40182,40192,10
13.010840416,80.2121276855,40192,40202,10
13.0104503632,80.2117996216,40202,40212,10
13.010140419,80.211517334,40212,40242,30
13.0098199844,80.2112808228,40242,40283,41
13.0098199844,80.2112808228,40283,40293,10
13.0094804764,80.2110595703,40293,40303,10
13.0092496872,80.2112808228,40303,40313,10
13.0090703964,80.2115402222,40313,40323,10
13.0090799332,80.2117462158,40323,40333,10
13.0092601776,80.2121582031,40333,40343,10
13.0094203949,80.2127609253,40343,40353,10
13.0096302032,80.2133483887,40353,40363,10
13.0099000931,80.214012146,40363,40372,9
13.0101099014,80.2145614624,40372,40384,12
13.0101900101,80.2152633667,40384,40394,10
13.0103998184,80.2160491943,40394,40404,10
13.010840416,80.217048645,40404,40412,8
13.0113096237,80.2179336548,40412,40424,12
13.0119800568,80.2196426392,40424,40434,10
13.0123100281,80.2208023071,40434,40444,10
13.0123596191,80.2214202881,40444,40454,10
13.012339592,80.2216033936,40454,40464,10
13.0129299164,80.2222671509,40464,40474,10
13.0136098862,80.2229385376,40474,40483,9
13.014289856,80.2237625122,40483,40495,12
13.0150003433,80.2246780396,40495,40505,10
13.015370369,80.2250518799,40505,40515,10
13.015370369,80.2256774902,40515,40525,10
13.0147399902,80.2259902954,40525,40535,10
13.0138597488,80.226348877,40535,40545,10
13.0129404068,80.2266693115,40545,40555,10
13.0119800568,80.2270889282,40555,40565,10
13.0109300613,80.2275390625,40565,40575,10
13.0098695755,80.2279586792,40575,40585,10
13.009519577,80.2275390625,40585,40596,11
13.0098600388,80.2267837524,40596,40606,10
13.0102100372,80.2258529663,40606,40616,10
13.0106201172,80.2248535156,40616,40626,10
13.0108995438,80.2241897583,40626,40636,10
13.0109701157,80.2240524292,40636,40646,10
13.0110797882,80.2239685059,40646,40656,10
13.0111598969,80.2237014771,40656,40666,10
13.0111398697,80.2232437134,40666,40676,10
13.0104598999,80.2229766846,40676,40686,10
13.0098896027,80.2225265503,40686,40696,10
13.0089597702,80.2220535278,40696,40707,11
13.0079097748,80.2215194702,40707,40717,10
13.0072898865,80.2211608887,40717,40727,10
13.006480217,80.2207717896,40727,40737,10
13.0054502487,80.2204971313,40737,40747,10
13.0047397614,80.2203063965,40747,40757,10
13.0040197372,80.2201538086,40757,40767,10
13.0031099319,80.2199401855,40767,40777,10
13.0023803711,80.2195663452,40777,40787,10
13.0018501282,80.2190170288,40787,40797,10
13.0013799667,80.2185287476,40797,40807,10
13.0013103485,80.218460083,40807,40818,11
13.0010299683,80.2182388306,40818,40828,10
13.0005598068,80.2179336548,40828,40838,10
13.0001096725,80.2175598145,40838,40848,10
12.999250412,80.2171096802,40848,40859,11
12.9979896545,80.2166900635,40859,40869,10
12.9976396561,80.2166519165,40869,40878,9
12.9974298477,80.2165985107,40878,40889,11
12.9970798492,80.2166137695,40889,40898,9
12.9966402054,80.2166213989,40898,40909,11
12.9960803986,80.2167434692,40909,40918,9
12.9954099655,80.2169723511,40918,40930,12
12.9947099686,80.2173690796,40930,40938,8
12.9942398071,80.2176589966,40938,40949,11
12.9934902191,80.2181777954,40949,40959,10
12.9929103851,80.2185211182,40959,40969,10
12.9921503067,80.2191162109,40969,40979,10
12.9917697906,80.2194213867,40979,40990,11
12.9914398193,80.219543457,40990,41000,10
12.9910297394,80.2194519043,41000,41010,10
12.9906196594,80.2193069458,41010,41019,9
12.9899997711,80.2191009521,41019,41031,12
12.9889202118,80.2186965942,41031,41041,10
12.9878797531,80.2184371948,41041,41051,10
12.9870500565,80.2182769775,41051,41061,10
12.9861297607,80.2180480957,41061,41071,10
12.9849901199,80.2179336548,41071,41081,10
12.9842500687,80.2179718018,41081,41091,10
12.983590126,80.2179489136,41091,41101,10
12.9827604294,80.2179336548,41101,41111,10
12.9817495346,80.2179718018,41111,41121,10
12.9806699753,80.2182922363,41121,41131,10
12.9798898697,80.2185821533,41131,41142,11
12.9792098999,80.2189025879,41142,41152,10
12.9786996841,80.219078064,41152,41162,10
12.9781799316,80.2192687988,41162,41172,10
12.9774703979,80.219581604,41172,41182,10
12.9766197205,80.2199478149,41182,41192,10
12.975810051,80.2203216553,41192,41202,10
12.9755296707,80.2206726074,41202,41212,10
12.9757404327,80.2207565308,41212,41222,10
12.975979805,80.220916748,41222,41253,31
12.9760599136,80.2211608887,41253,41767,514
12.9760599136,80.2211608887,41767,41777,10
12.9763202667,80.2213821411,41777,41787,10
12.9767398834,80.2213287354,41787,41798,11
12.9774904251,80.221206665,41798,41808,10
12.9779996872,80.2211685181,41808,41818,10
12.9785003662,80.2211227417,41818,41828,10
12.9792404175,80.2210922241,41828,41838,10
12.9800901413,80.2210388184,41838,41848,10
12.980629921,80.2209472656,41848,41858,10
12.9806900024,80.2209472656,41858,41868,10
12.9810304642,80.220993042,41868,41878,10
12.9815397263,80.2212524414,41878,41888,10
12.9819402695,80.221496582,41888,41898,10
12.982339859,80.2216873169,41898,41908,10
12.9825000763,80.2217636108,41908,41920,12
12.9828996658,80.2219009399,41920,41940,20
12.9828996658,80.2219009399,41940,41949,9
12.9831600189,80.2220306396,41949,41960,11
12.9833498001,80.22215271,41960,41970,10
12.9836797714,80.2223129272,41970,41980,10
12.9841804504,80.2225799561,41980,41989,9
12.9846696854,80.2228164673,41989,42000,11
12.9852600098,80.2230911255,42000,42011,11
12.9857196808,80.2229232788,42011,42020,9
12.9862604141,80.2228469849,42020,42030,10
12.9864597321,80.2228775024,42030,42041,11
12.9868898392,80.2229385376,42041,42051,10
12.9874897003,80.2229537964,42051,42061,10
12.988240242,80.2225723267,42061,42070,9
12.9887800217,80.222038269,42070,42080,10
12.9893798828,80.2213287354,42080,42090,10
12.9898996353,80.2207717896,42090,42099,9
12.990530014,80.2202377319,42099,42110,11
12.9918003082,80.2192611694,42110,42122,12
12.9918003082,80.2192611694,42122,42132,10
12.9923400879,80.2188796997,42132,42140,8
12.9928798676,80.2184906006,42140,42159,19
12.9942102432,80.2175521851,42159,42171,12
12.9945697784,80.2173309326,42171,42182,11
12.9949102402,80.2170791626,42182,42192,10
12.9954204559,80.2168121338,42192,42202,10
12.9961204529,80.216583252,42202,42212,10
12.9966096878,80.2164916992,42212,42223,11
12.9968795776,80.2164611816,42223,42233,10
12.9968996048,80.2164611816,42233,42243,10
12.997179985,80.2164230347,42243,42253,10
12.9974403381,80.2161865234,42253,42263,10
12.9975299835,80.2161102295,42263,42273,10
12.9978599548,80.2158432007,42273,42283,10
12.9982995987,80.2154693604,42283,42293,10
12.9988899231,80.2149581909,42293,42303,10
12.9991903305,80.2146682739,42303,42313,10
12.9995298386,80.2143783569,42313,42323,10
12.9999704361,80.2139816284,42323,42334,11
13.0004701614,80.2135009766,42334,42344,10
13.0009803772,80.2130889893,42344,42354,10
13.0016698837,80.2125473022,42354,42364,10
13.0024995804,80.2121200562,42364,42374,10
13.0034503937,80.212020874,42374,42384,10
13.0036096573,80.2119216919,42384,42394,10
13.0036897659,80.2116775513,42394,42404,10
13.0036802292,80.2111282349,42404,42414,10
13.0036201477,80.2104492188,42414,42424,10
13.0035600662,80.2098999023,42424,42434,10
13.0035600662,80.2094802856,42434,42445,11
13.0037002563,80.2088317871,42445,42455,10
13.0043401718,80.2087478638,42455,42465,10
13.0051298141,80.2091217041,42465,42475,10
13.0060501099,80.2094497681,42475,42485,10
13.0064897537,80.209602356,42485,42495,10
13.0071296692,80.2097167969,42495,42515,20
13.0071296692,80.2097167969,42515,42525,10
13.0073900223,80.209777832,42525,42535,10
13.0078496933,80.2099075317,42535,42544,9
13.0081796646,80.2099075317,42544,42556,12
13.0081195831,80.2093429565,42556,42566,10
13.0079898834,80.2086715698,42566,42576,10
13.0078601837,80.2077484131,42576,42586,10
13.0076904297,80.2066802979,42586,42596,10
13.0075902939,80.2056884766,42596,42606,10
13.0075702667,80.2048187256,42606,42616,10
13.0075502396,80.2040710449,42616,42626,10
13.0074195862,80.2032318115,42626,42636,10
13.0069999695,80.202507019,42636,42646,10
13.0065698624,80.2029724121,42646,42657,11
13.0070800781,80.2034606934,42657,42667,10
13.007809639,80.2036819458,42667,42677,10
13.0087404251,80.2036590576,42677,42687,10
13.0100002289,80.2035980225,42687,42697,10
13.0114097595,80.2036819458,42697,42707,10
13.0126495361,80.2038879395,42707,42717,10
13.0135202408,80.2041397095,42717,42727,10
13.0143404007,80.2044296265,42727,42737,10
13.0149803162,80.2046432495,42737,42747,10
13.0150299072,80.2046890259,42747,42757,10
13.0152101517,80.2047805786,42757,42768,11
13.0156402588,80.2049713135,42768,42778,10
13.0161600113,80.2051086426,42778,42788,10
13.0167303085,80.2052307129,42788,42798,10
13.0172796249,80.2054672241,42798,42808,10
13.0178203583,80.2056503296,42808,42818,10
13.0183897018,80.2058563232,42818,42828,10
13.0186796188,80.2059783936,42828,42838,10
13.0188598633,80.2060470581,42838,42848,10
13.0193004608,80.2061920166,42848,42858,10
13.0199298859,80.2063217163,42858,42868,10
13.0207195282,80.2062911987,42868,42879,11
13.0217895508,80.2062911987,42879,42891,12
13.0227203369,80.2064590454,42891,42901,10
13.0236997604,80.2066421509,42901,42909,8
13.0242004395,80.2067108154,42909,42919,10
13.0242996216,80.2067184448,42919,42931,12
13.0247898102,80.206817627,42931,42941,10
13.0253601074,80.2069091797,42941,42951,10
13.0262002945,80.2073516846,42951,42961,10
13.0270900726,80.207901001,42961,42971,10
13.0281000137,80.2084579468,42971,42982,11
13.0293397903,80.2087936401,42982,42992,10
13.0303401947,80.2090530396,42992,43002,10
13.0311002731,80.2092514038,43002,43012,10
13.0312004089,80.2092819214,43012,43022,10
13.031370163,80.2093505859,43022,43032,10
13.0316696167,80.2094192505,43032,43040,8
13.0317296982,80.2094497681,43040,43052,12
13.0322198868,80.209602356,43052,43061,9
13.0327796936,80.2096862793,43061,43070,9
13.0335102081,80.2098083496,43070,43082,12
13.0345897675,80.2100601196,43082,43093,11
13.0349998474,80.2104187012,43093,43103,10
13.0350103378,80.2108612061,43103,43113,10
13.0349998474,80.2110824585,43113,43123,10
13.0349903107,80.2111434937,43123,43133,10
13.0349397659,80.2114028931,43133,43143,10
13.0348901749,80.2118606567,43143,43160,17
13.0348901749,80.2118606567,43160,43173,13
13.034819603,80.2121124268,43173,43183,10
13.0351200104,80.2122497559,43183,43192,9
13.0356702805,80.2122879028,43192,43205,13
13.0367498398,80.2123184204,43205,43215,10
13.0373296738,80.2123184204,43215,43225,10
13.0377597809,80.2123184204,43225,43235,10
13.0384197235,80.2122497559,43235,43245,10
13.0392599106,80.212272644,43245,43255,10
13.0401201248,80.212272644,43255,43265,10
13.0411500931,80.2123413086,43265,43275,10
13.0421895981,80.212348938,43275,43285,10
13.0437602997,80.2122879028,43285,43306,21
13.0437602997,80.2122879028,43306,43316,10
13.0440397263,80.212310791,43316,43326,10
13.0445203781,80.2123184204,43326,43336,10
13.0452098846,80.2122802734,43336,43346,10
13.046090126,80.2122497559,43346,43356,10
13.0471200943,80.2121734619,43356,43366,10
13.0484600067,80.2120819092,43366,43396,30
13.0484600067,80.2120819092,43396,43406,10
13.0487203598,80.2120819092,43406,43417,11
13.0494499207,80.2119903564,43417,43437,20
13.0494499207,80.2119903564,43437,43447,10
13.0497598648,80.2119522095,43447,43457,10
13.0501403809,80.2119369507,43457,43465,8
13.0505895615,80.2119522095,43465,43477,12
13.051440239,80.2119903564,43477,43487,10
13.052359581,80.2118835449,43487,43497,10
13.0533895493,80.2117004395,43497,43506,9
13.0543003082,80.211479187,43506,43518,12
13.0555200577,80.2114715576,43518,43528,10
13.0565500259,80.2114562988,43528,43538,10
13.0572004318,80.2114486694,43538,43548,10
13.0573797226,80.2114486694,43548,43558,10
13.0577001572,80.2114486694,43558,43568,10
13.0583095551,80.211479187,43568,43578,10
13.0591697693,80.2115020752,43578,43588,10
13.0600996017,80.2115402222,43588,43598,10
13.0611200333,80.2115631104,43598,43608,10
13.0620803833,80.2115097046,43608,43617,9
13.0632400513,80.2115402222,43617,43640,23
13.0632400513,80.2115402222,43640,43650,10
13.0636100769,80.2115020752,43650,43660,10
13.0637998581,80.211517334,43660,43671,11
13.0641498566,80.211479187,43671,43681,10
13.0646896362,80.2113113403,43681,43691,10
13.0653800964,80.210899353,43691,43701,10
13.066160202,80.2102508545,43701,43711,10
13.0669603348,80.209487915,43711,43721,10
13.0674695969,80.2087631226,43721,43731,10
13.0675601959,80.2086334229,43731,43742,11
13.0677900314,80.2082366943,43742,43752,10
13.0681495667,80.207649231,43752,43762,10
13.0685501099,80.206993103,43762,43772,10
13.0690803528,80.2061920166,43772,43782,10
13.0694503784,80.2055511475,43782,43792,10
13.0696897507,80.2051086426,43792,43801,9
13.0695896149,80.204826355,43801,43812,11
13.0691900253,80.205039978,43812,43822,10
13.0689401627,80.2052764893,43822,43832,10
13.0687599182,80.2048721313,43832,43865,33
13.0687599182,80.2048721313,43865,43875,10
13.0689296722,80.2046737671,43875,43885,10
13.0694599152,80.2047119141,43885,43895,10
13.0697803497,80.204788208,43895,43905,10
13.070110321,80.2045822144,43905,43915,10
13.0704498291,80.2041015625,43915,43925,10
13.0709896088,80.2034378052,43925,43935,10
13.0717000961,80.2026290894,43935,43944,9
13.0722503662,80.2019882202,43944,43956,12
13.0726804733,80.2014694214,43956,43966,10
13.0730695724,80.2010116577,43966,43976,10
13.0734300613,80.2006530762,43976,43986,10
13.0738601685,80.2001419067,43986,43996,10
13.074259758,80.1996688843,43996,44006,10
13.074379921,80.199546814,44006,44016,10
13.0744600296,80.1995010376,44016,44026,10
13.074669838,80.1992797852,44026,44036,10
13.0751895905,80.1991119385,44036,44046,10
13.075969696,80.1990814209,44046,44056,10
13.0769300461,80.1990127563,44056,44067,11
13.0781803131,80.1988601685,44067,44077,10
13.0792102814,80.1987380981,44077,44087,10
13.0802402496,80.1986465454,44087,44097,10
13.0812301636,80.1985931396,44097,44107,10
13.0821800232,80.1985397339,44107,44117,10
13.0829601288,80.1985015869,44117,44127,10
13.0833101273,80.1984863281,44127,44137,10
13.0833702087,80.1985015869,44137,44147,10
13.0836200714,80.1985092163,44147,44157,10
13.0836200714,80.1985168457,44157,44168,11
13.0838098526,80.1985321045,44168,44178,10
13.0841398239,80.1985168457,44178,44188,10
13.0845098495,80.1985473633,44188,44198,10
13.0846700668,80.1985626221,44198,44208,10
13.0848999023,80.1985626221,44208,44218,10
13.0852098465,80.1985168457,44218,44228,10
13.0853004456,80.1985092163,44228,44238,10
13.085559845,80.1985321045,44238,44248,10
13.085940361,80.1984710693,44248,44258,10
13.0863599777,80.1984634399,44258,44268,10
13.0867595673,80.1984481812,44268,44279,11
13.0870895386,80.1983032227,44279,44289,10
13.0871200562,80.1980209351,44289,44299,10
13.0871696472,80.1979064941,44299,44309,10
13.0872001648,80.197517395,44309,44319,10
13.0872497559,80.1968994141,44319,44329,10
13.0873003006,80.1960525513,44329,44339,10
13.0873003006,80.1951599121,44339,44349,10
13.0873298645,80.1941223145,44349,44359,10
13.0873403549,80.1929321289,44359,44390,31
13.0873403549,80.1929321289,44390,44400,10
13.0873298645,80.1928710938,44400,44410,10
13.0873603821,80.1925201416,44410,44420,10
13.087439537,80.1919174194,44420,44430,10
13.0875396729,80.191078186,44430,44440,10
13.0876598358,80.1901397705,44440,44450,10
13.0877599716,80.1889877319,44450,44470,20
13.0877599716,80.1889877319,44470,44480,10
13.0877799988,80.1887435913,44480,44490,10
13.0877399445,80.188621521,44490,44502,12
13.0877399445,80.1881866455,44502,44512,10
13.0878095627,80.1875686646,44512,44520,8
13.0878801346,80.1868972778,44520,44532,12
13.0878896713,80.1858291626,44532,44542,10
13.0879497528,80.1848602295,44542,44552,10
13.0879898071,80.1837768555,44552,44562,10
13.0880403519,80.1828079224,44562,44572,10
13.088060379,80.182258606,44572,44582,10
13.0881004333,80.181678772,44582,44592,10
13.0881595612,80.1809692383,44592,44603,11
13.0881795883,80.180229187,44603,44613,10
13.088139534,80.1796264648,44613,44643,30
13.088139534,80.1796264648,44643,44653,10
13.0881595612,80.1794662476,44653,44663,10
13.0881595612,80.1791229248,44663,44673,10
13.088139534,80.1788482666,44673,44683,10
13.088139534,80.1786422729,44683,44693,10
13.0881500244,80.1781387329,44693,44704,11
13.0881996155,80.1773071289,44704,44714,10
13.0881996155,80.1768493652,44714,44724,10
13.0882396698,80.1761779785,44724,44734,10
13.0882797241,80.1754226685,44734,44744,10
13.0883197784,80.1747207642,44744,44754,10
13.0883703232,80.1742324829,44754,44764,10
13.0884304047,80.1737289429,44764,44774,10
13.088470459,80.172996521,44774,44784,10
13.0884895325,80.1723709106,44784,44794,10
13.0884799957,80.1720504761,44794,44815,21
13.0884799957,80.1720504761,44815,44825,10
13.0885295868,80.171913147,44825,44835,10
13.0885400772,80.1716995239,44835,44845,10
13.0885696411,80.1714782715,44845,44855,10
13.0886001587,80.1712722778,44855,44865,10
13.0885896683,80.1708908081,44865,44944,79
13.0885896683,80.1708908081,44944,44958,14
13.0886297226,80.170501709,44958,44968,10
13.0886201859,80.1701583862,44968,45029,61
13.0886201859,80.1701583862,45029,45039,10
13.088640213,80.1696929932,45039,45049,10
13.08893013,80.1694717407,45049,45059,10
13.0895204544,80.1695327759,45059,45069,10
13.0903396606,80.1695785522,45069,45079,10
13.0912799835,80.1696624756,45079,45089,10
13.0923299789,80.1697387695,45089,45099,10
13.0933904648,80.1697998047,45099,45109,10
13.0942001343,80.1698532104,45109,45119,10
13.0946397781,80.1698684692,45119,45129,10
13.0949296951,80.169921875,45129,45140,11
13.0952196121,80.1699371338,45140,45150,10
13.0957899094,80.1699676514,45150,45160,10
13.096540451,80.1700134277,45160,45170,10
13.0974197388,80.1700363159,45170,45180,10
13.0981798172,80.1700897217,45180,45190,10
13.09897995,80.1701278687,45190,45200,10
13.0996103287,80.1701126099,45200,45210,10
13.0997104645,80.1700592041,45210,45220,10
13.0997600555,80.1698684692,45220,45230,10
13.0995702744,80.1697311401,45230,45251,21
13.0995702744,80.1697311401,45251,45261,10
13.0992498398,80.1696395874,45261,45271,10
13.0990200043,80.1696014404,45271,45283,12
13.0986995697,80.1696472168,45283,45293,10
13.0984897614,80.1695785522,45293,45303,10
13.0985803604,80.1692199707,45303,47151,1848
13.0985803604,80.1692199707,47151,47161,10
13.098739624,80.1691970825,47161,47171,10
13.0989303589,80.1693725586,47171,47181,10
13.099240303,80.1695022583,47181,47191,10
13.0993404388,80.1698684692,47191,47242,51
13.099360466,80.1701507568,47242,47342,100
13.099360466,80.1701507568,47342,47354,12
13.0988397598,80.1702423096,47354,47362,8
13.0984401703,80.170173645,47362,47374,12
13.0977802277,80.1700820923,47374,47382,8
13.0973300934,80.1700515747,47382,47394,12
13.0964298248,80.1699905396,47394,47404,10
13.0957098007,80.1699295044,47404,47414,10
13.095000267,80.1698684692,47414,47424,10
13.0947303772,80.1698303223,47424,47433,9
13.0945301056,80.1698379517,47433,47445,12
13.094039917,80.1698226929,47445,47455,10
13.0933103561,80.1697998047,47455,47465,10
13.0924396515,80.1697692871,47465,47473,8
13.091919899,80.1697387695,47473,47485,12
13.0909700394,80.1696624756,47485,47493,8
13.0902299881,80.1696166992,47493,47503,10
13.0889797211,80.1695480347,47503,47536,33
13.0889797211,80.1695480347,47536,47546,10
13.0887002945,80.1695327759,47546,47556,10
13.0886497498,80.1698684692,47556,47566,10
13.0886201859,80.1704788208,47566,47576,10
13.0885801315,80.1713027954,47576,47586,10
13.0885601044,80.1719436646,47586,47596,10
13.0885601044,80.1720275879,47596,47606,10
13.0885400772,80.1724395752,47606,47616,10
13.08852005,80.1727523804,47616,47626,10
13.08852005,80.1729812622,47626,47637,11
13.088470459,80.1735687256,47637,47647,10
13.0884304047,80.1744003296,47647,47657,10
13.0883703232,80.1752929688,47657,47667,10
13.0882997513,80.1762924194,47667,47677,10
13.0882501602,80.1772613525,47677,47687,10
13.0881996155,80.1780471802,47687,47697,10
13.0881996155,80.1786270142,47697,47707,10
13.0881996155,80.1786422729,47707,47717,10
13.0881900787,80.1787719727,47717,47727,10
13.0881795883,80.1791381836,47727,47737,10
13.0881795883,80.1793365479,47737,47748,11
13.0881795883,80.1797866821,47748,47758,10
13.0881700516,80.1804199219,47758,47768,10
13.0881204605,80.1810684204,47768,47778,10
13.0881099701,80.1814575195,47778,47788,10
13.0881204605,80.181602478,47788,47798,10
13.0881204605,80.1818466187,47798,47808,10
13.0881204605,80.1818771362,47808,47818,10
13.0881004333,80.1821594238,47818,47828,10
13.088060379,80.1826019287,47828,47838,10
13.0880298615,80.1832199097,47838,47848,10
13.0879898071,80.18409729,47848,47859,11
13.0879297256,80.1852722168,47859,47879,20
13.0879297256,80.1852722168,47879,47889,10
13.0879297256,80.1854705811,47889,47899,10
13.0878896713,80.1859588623,47899,47909,10
13.0878801346,80.1867294312,47909,47919,10
13.0878400803,80.1876068115,47919,47929,10
13.0878696442,80.1879806519,47929,47939,10
13.0878400803,80.1884536743,47939,47949,10
13.0878295898,80.1891479492,47949,47960,11
13.087770462,80.189781189,47960,47970,10
13.0877599716,80.1898117065,47970,47980,10
13.0877504349,80.1899795532,47980,47990,10
13.087679863,80.1904373169,47990,48000,10
13.0875597,80.1911773682,48000,48010,10
13.0873804092,80.1927032471,48010,48071,61
13.0873804092,80.1927032471,48071,48081,10
13.0873403549,80.1929779053,48081,48091,10
13.0873403549,80.1935272217,48091,48101,10
13.0873098373,80.1942367554,48101,48111,10
13.0872497559,80.1951217651,48111,48121,10
13.0872402191,80.1962585449,48121,48131,10
13.0872097015,80.1973876953,48131,48141,10
13.0872097015,80.197883606,48141,48151,10
13.0872001648,80.1980361938,48151,48161,10
13.0872898102,80.1983718872,48161,48171,10
13.0874500275,80.1984481812,48171,48182,11
13.0878801346,80.1984100342,48182,48192,10
13.0884599686,80.1983795166,48192,48202,10
13.0892601013,80.1984024048,48202,48212,10
13.090180397,80.1984481812,48212,48222,10
13.0912303925,80.1985321045,48222,48232,10
13.0923204422,80.198600769,48232,48242,10
13.0929403305,80.1986465454,48242,48252,10
13.0929698944,80.1988983154,48252,48262,10
13.0929298401,80.1993637085,48262,48272,10
13.0929098129,80.1996994019,48272,48282,10
13.092880249,80.2002182007,48282,48293,11
13.0927200317,80.2004928589,48293,48303,10
13.0923404694,80.2005767822,48303,48313,10
13.0916795731,80.2005767822,48313,48323,10
13.0909795761,80.2005462646,48323,48333,10
13.0903196335,80.2005233765,48333,48343,10
13.089509964,80.2004165649,48343,48353,10
13.0887002945,80.2003707886,48353,48364,11
13.0878200531,80.2004013062,48364,48374,10
13.0873098373,80.2003707886,48374,48383,9
13.087100029,80.2003936768,48383,48395,12
13.0866603851,80.2004394531,48395,48405,10
13.0860004425,80.2003707886,48405,48415,10
13.0856199265,80.2003707886,48415,48425,10
13.0854101181,80.2003173828,48425,48435,10
13.0853595734,80.1999816895,48435,48445,10
13.0853300095,80.1993484497,48445,48454,9
13.085269928,80.1987533569,48454,48464,10
13.085100174,80.1987304688,48464,48474,10
13.0847301483,80.1986999512,48474,48485,11
13.0842695236,80.1987075806,48485,48495,10
13.0841398239,80.1986923218,48495,48504,9
13.0838403702,80.1987228394,48504,48514,10
13.0831804276,80.1986923218,48514,48557,43
13.0831804276,80.1986923218,48557,48567,10
13.0829000473,80.1985473633,48567,48577,10
13.0825796127,80.1986312866,48577,48587,10
13.0819702148,80.198677063,48587,48594,7
13.0813798904,80.1986923218,48594,48608,14
13.0803203583,80.1987228394,48608,48618,10
13.0794696808,80.1987686157,48618,48628,10
13.0785598755,80.1988525391,48628,48638,10
13.0775098801,80.1989593506,48638,48648,10
13.0764198303,80.1990966797,48648,48658,10
13.0753602982,80.1992874146,48658,48668,10
13.0743904114,80.199760437,48668,48678,10
13.073849678,80.2002716064,48678,48688,10
13.0736999512,80.2004776001,48688,48698,10
13.0736703873,80.2005081177,48698,48707,9
13.07351017,80.2007217407,48707,48719,12
13.0730400085,80.2012863159,48719,48729,10
13.0725097656,80.2019195557,48729,48739,10
13.0719499588,80.2025222778,48739,48749,10
13.0713100433,80.2032394409,48749,48759,10
13.0705795288,80.2040405273,48759,48769,10
13.0700702667,80.2047195435,48769,48779,10
13.069899559,80.2050018311,48779,48789,10
13.0697002411,80.2050628662,48789,48799,10
13.0693998337,80.2048873901,48799,48809,10
13.0691003799,80.2052307129,48809,48822,13
13.0683898926,80.2054977417,48822,48832,10
13.0680704117,80.2052688599,48832,48842,10
13.0680599213,80.2052383423,48842,48852,10
13.0681295395,80.205078125,48852,48862,10
13.0683202744,80.2049713135,48862,48872,10
13.0688400269,80.2047729492,48872,48882,10
13.0695400238,80.2047576904,48882,48892,10
13.0697603226,80.2048797607,48892,48902,10
13.0697803497,80.2049026489,48902,48912,10
13.069849968,80.2050628662,48912,48922,10
13.0696296692,80.2054977417,48922,48933,11
13.0691900253,80.2062225342,48933,48943,10
13.0687103271,80.2069702148,48943,48953,10
13.0681695938,80.207862854,48953,48963,10
13.0675401688,80.2088088989,48963,48972,9
13.0669403076,80.2097091675,48972,48983,11
13.0658903122,80.2106323242,48983,48993,10
13.0651302338,80.2112579346,48993,49003,10
13.0650396347,80.2113418579,49003,49013,10
13.0649204254,80.2114334106,49013,49023,10
13.0644798279,80.2116012573,49023,49033,10
13.0637702942,80.211730957,49033,49043,10
13.063079834,80.2117462158,49043,49053,10
13.0625200272,80.2117767334,49053,49065,12
13.0621500015,80.211807251,49065,49073,8
13.0616197586,80.2117614746,49073,49085,12
13.0605201721,80.2116775513,49085,49095,10
13.059630394,80.2116622925,49095,49105,10
13.0588903427,80.2116165161,49105,49115,10
13.0582504272,80.2116165161,49115,49125,10
13.0576295853,80.2116088867,49125,49135,10
13.0574998856,80.2116012573,49135,49145,10
13.0570697784,80.2115707397,49145,49154,9
13.0565500259,80.2115478516,49154,49165,11
13.0556402206,80.2115478516,49165,49175,10
13.0547103882,80.211517334,49175,49186,11
13.0535097122,80.211730957,49186,49196,10
13.0526304245,80.212020874,49196,49205,9
13.0522603989,80.2121200562,49205,49216,11
13.0516395569,80.2121734619,49216,49225,9
13.0510597229,80.2121276855,49225,49235,10
13.0506496429,80.2121963501,49235,49246,11
13.0501499176,80.2121505737,49246,49255,9
13.0501098633,80.2121429443,49255,49267,12
13.0495901108,80.2121505737,49267,49287,20
13.0495901108,80.2121505737,49287,49297,10
13.0493898392,80.212097168,49297,49307,10
13.0488996506,80.2121200562,49307,49317,10
13.0482301712,80.2121582031,49317,49327,10
13.0473899841,80.2122421265,49327,49337,10
13.0464200974,80.2122879028,49337,49347,10
13.0453500748,80.2123413086,49347,49357,10
13.0445804596,80.2124176025,49357,49428,71
13.0445804596,80.2124176025,49428,49438,10
13.0441598892,80.2123565674,49438,49448,10
13.0438899994,80.2123336792,49448,49458,10
13.0433301926,80.212348938,49458,49467,9
13.0426101685,80.2123413086,49467,49479,12
13.0414304733,80.212348938,49479,49489,10
13.0402698517,80.2123184204,49489,49499,10
13.039059639,80.2123413086,49499,49509,10
13.0381402969,80.2123184204,49509,49517,8
13.0378103256,80.2123184204,49517,49529,12
13.0371799469,80.2122879028,49529,49539,10
13.036450386,80.2122879028,49539,49549,10
13.0357503891,80.2122879028,49549,49559,10
13.0355100632,80.2122573853,49559,49569,10
13.0354003906,80.2122573853,49569,49579,10
13.0350999832,80.2122268677,49579,49590,11
13.0348300934,80.2121887207,49590,49600,10
13.0345602036,80.2121582031,49600,49630,30
13.0343999863,80.2121276855,49630,49650,20
13.0343999863,80.2121276855,49650,49660,10
13.0341501236,80.2120819092,49660,49670,10
13.0338001251,80.212020874,49670,49680,10
13.0333404541,80.2118988037,49680,49691,11
13.0325098038,80.2117462158,49691,49701,10
13.0319900513,80.2114028931,49701,49711,10
13.0320796967,80.2106018066,49711,49721,10
13.032119751,80.2097473145,49721,49731,10
13.0317001343,80.2094497681,49731,49741,10
13.0308303833,80.2092590332,49741,49751,10
13.0300302505,80.2090377808,49751,49761,10
13.0298299789,80.2089996338,49761,49771,10
13.0296497345,80.2089614868,49771,49781,10
13.029299736,80.2088470459,49781,49791,10
13.0286502838,80.208656311,49791,49802,11
13.0277900696,80.208366394,49802,49812,10
13.0270395279,80.2079391479,49812,49822,10
13.0261697769,80.2074203491,49822,49832,10
13.0252599716,80.2070770264,49832,49842,10
13.0246295929,80.2069625854,49842,49852,10
13.0244503021,80.2069091797,49852,49862,10
13.0242900848,80.2068710327,49862,49872,10
13.0238800049,80.2067718506,49872,49882,10
13.0232801437,80.2066421509,49882,49892,10
13.0225200653,80.2064819336,49892,49901,9
13.0219202042,80.2064208984,49901,49913,12
13.0213403702,80.206413269,49913,49923,10
13.0205497742,80.2063980103,49923,49933,10
13.0196800232,80.2063827515,49933,49943,10
13.0191001892,80.2062988281,49943,49953,10
13.0190200806,80.2062225342,49953,49963,10
13.0185203552,80.2060470581,49963,49973,10
13.0178499222,80.2058563232,49973,49983,10
13.017250061,80.2056503296,49983,49993,10
13.0165996552,80.2054595947,49993,50003,10
13.0155601501,80.2050704956,50003,50014,11
13.0144701004,80.2047119141,50014,50024,10
13.0142297745,80.2045822144,50024,50036,12
13.0140399933,80.204460144,50036,50046,10
13.0138597488,80.2043685913,50046,50054,8
13.0136404037,80.2043609619,50054,50066,12
13.0136299133,80.2043609619,50066,50075,9
13.0135402679,80.2045974731,50075,50086,11
13.0134096146,80.2052001953,50086,50095,9
13.0132102966,80.2059326172,50095,50105,10
13.0130796432,80.206817627,50105,50116,11
13.0130300522,80.2074737549,50116,50127,11
13.0129404068,80.2077484131,50127,50137,10
13.0129098892,80.2080917358,50137,50147,10
13.0129003525,80.2083892822,50147,50157,10
13.0129404068,80.208770752,50157,50167,10
13.0131502151,80.2091903687,50167,50177,10
13.0132303238,80.2097396851,50177,50187,10
13.0130300522,80.210647583,50187,50197,10
13.0126199722,80.211769104,50197,50207,10
13.0121498108,80.2126083374,50207,50217,10
13.011879921,80.2127990723,50217,50227,10
13.011639595,80.2126693726,50227,50238,11
13.0111198425,80.212348938,50238,50248,10
13.0104999542,80.2118988037,50248,50258,10
13.0101900101,80.2116012573,50258,50268,10
13.0100603104,80.2114715576,50268,50278,10
13.0095901489,80.2111282349,50278,50325,47
13.0095901489,80.2111282349,50325,50339,14
13.0091896057,80.2112808228,50339,50349,10
13.0090703964,80.2113876343,50349,50359,10
13.0090198517,80.2116699219,50359,50369,10
13.0091600418,80.212059021,50369,50379,10
13.0093202591,80.2124710083,50379,50389,10
13.0094900131,80.2130126953,50389,50399,10
13.0096797943,80.2135314941,50399,50409,10
13.0098896027,80.2141113281,50409,50419,10
13.0100898743,80.2146835327,50419,50428,9
13.0101804733,80.2153625488,50428,50439,11
13.0104904175,80.2163391113,50439,50450,11
13.0110197067,80.2173690796,50450,50460,10
13.0114603043,80.2185211182,50460,50470,10
13.0118999481,80.2198181152,50470,50480,10
13.0122804642,80.220993042,50480,50490,10
13.0124998093,80.221572876,50490,50500,10
13.0130195618,80.2221603394,50500,50510,10
13.0135498047,80.2229232788,50510,50520,10
13.0140199661,80.2235031128,50520,50530,10
13.0145597458,80.2240371704,50530,50540,10
13.0151996613,80.2248764038,50540,50550,10
13.0153398514,80.2252883911,50550,50561,11
13.0152196884,80.2256469727,50561,50571,10
13.0151100159,80.2258071899,50571,50581,10
13.0147800446,80.2259979248,50581,50591,10
13.0142498016,80.2262115479,50591,50601,10
13.0135202408,80.2265319824,50601,50611,10
13.0126495361,80.226890564,50611,50621,10
13.0117902756,80.2272415161,50621,50631,10
13.0108299255,80.2276077271,50631,50641,10
13.0098600388,80.2279586792,50641,50651,10
13.0096902847,80.2273483276,50651,50662,11
13.0100297928,80.2265625,50662,50672,10
13.0103998184,80.225730896,50672,50682,10
13.0106801987,80.2250289917,50682,50692,10
13.0108804703,80.2245101929,50692,50702,10
13.0110902786,80.2238616943,50702,50712,10
13.0112600327,80.2233734131,50712,50722,10
13.0110502243,80.2230834961,50722,50731,9
13.0105304718,80.2228088379,50731,50742,11
13.0097103119,80.2223510742,50742,50752,10
13.0090398788,80.2219696045,50752,50762,10
13.0084495544,80.2216567993,50762,50773,11
13.0076799393,80.2212600708,50773,50783,10
13.0069999695,80.2209320068,50783,50793,10
13.0064296722,80.2206497192,50793,50803,10
13.005610466,80.2204437256,50803,50813,10
13.0047397614,80.2202224731,50813,50823,10
13.003780365,80.2200317383,50823,50833,10
13.0027599335,80.2197189331,50833,50843,10
13.0020599365,80.2190933228,50843,50853,10
13.0008401871,80.2181015015,50853,50863,10
13.0008401871,80.2181015015,50863,50873,10
13.0001497269,80.2176513672,50873,50883,10
12.9992103577,80.2171020508,50883,50904,21
12.9973297119,80.2165374756,50904,50914,10
12.9971904755,80.2165298462,50914,50924,10
12.9965801239,80.2165603638,50924,50944,20
12.9965801239,80.2165603638,50944,50954,10
12.996339798,80.2166290283,50954,50964,10
12.9959402084,80.2167434692,50964,50974,10
12.9953098297,80.2169723511,50974,50984,10
12.9946298599,80.2174301147,50984,50995,11
12.9940299988,80.2178268433,50995,51005,10
12.9934101105,80.2182312012,51005,51015,10
12.9928598404,80.2186965942,51015,51025,10
12.9919996262,80.2192764282,51025,51036,11
12.9912099838,80.2194976807,51036,51045,9
12.9909296036,80.2193984985,51045,51056,11
12.9906301498,80.2192611694,51056,51066,10
12.9900598526,80.2190628052,51066,51075,9
12.98939991,80.2188110352,51075,51086,11
12.988360405,80.2184524536,51086,51097,11
12.9873304367,80.2182769775,51097,51107,10
12.9868803024,80.2182006836,51107,51115,8
12.9868602753,80.2182006836,51115,51127,12
12.9864301682,80.2180862427,51127,51137,10
12.9857597351,80.217918396,51137,51147,10
12.9849596024,80.2178878784,51147,51156,9
12.9841995239,80.217918396,51156,51166,10
12.9839000702,80.217918396,51166,51176,10
12.9836997986,80.2179336548,51176,51187,11
12.9830799103,80.2179412842,51187,51197,10
12.9822702408,80.2179489136,51197,51208,11
12.9812698364,80.2180786133,51208,51218,10
12.9802799225,80.2184066772,51218,51228,10
12.9796199799,80.2186889648,51228,51236,8
12.9791898727,80.2188720703,51236,51248,12
12.9786596298,80.2190704346,51248,51258,10
12.9781103134,80.2192993164,51258,51268,10
12.9772996902,80.2195968628,51268,51276,8
12.9765396118,80.2199172974,51276,51288,12
12.9757995605,80.2202529907,51288,51296,8
12.9755897522,80.2204284668,51296,51309,13
12.9756298065,80.2207489014,51309,51319,10
12.975810051,80.2208633423,51319,51409,90
12.975810051,80.2208633423,51409,51420,11
12.9759197235,80.2211532593,51420,52126,706
12.9759197235,80.2211532593,52126,52136,10
12.9761600494,80.221321106,52136,52236,100
12.9763002396,80.2212982178,52236,52257,21
12.9763002396,80.2212982178,52257,52267,10
12.976650238,80.221282959,52267,52277,10
12.9771003723,80.2212600708,52277,52288,11
12.9777803421,80.2211914063,52288,52297,9
12.9784402847,80.2211685181,52297,52306,9
12.9791898727,80.2211227417,52306,52317,11
12.9799804688,80.2210922241,52317,52328,11
12.9806804657,80.2210388184,52328,52338,10
12.9815196991,80.2212219238,52338,52348,10
12.9819602966,80.2214431763,52348,52358,10
12.9821796417,80.2216033936,52358,52368,10
12.982460022,80.2217483521,52368,52378,10
12.9828300476,80.2218780518,52378,52387,9
12.982919693,80.2219390869,52387,52399,12
12.9831600189,80.2220687866,52399,52409,10
12.9835300446,80.2222900391,52409,52419,10
12.9841098785,80.2226028442,52419,52429,10
12.9847297668,80.2229614258,52429,52439,10
12.9853401184,80.2231903076,52439,52449,10
12.9857997894,80.2229614258,52449,52459,10
12.9864397049,80.2229537964,52459,52479,20
12.9864397049,80.2229537964,52479,52489,10
12.9867696762,80.2230377197,52489,52499,10
12.9871196747,80.2230682373,52499,52510,11
12.9876499176,80.2230224609,52510,52520,10
12.9882297516,80.2225799561,52520,52530,10
12.988820076,80.2220077515,52530,52540,10
12.9893102646,80.2215576172,52540,52550,10
12.9898004532,80.2209091187,52550,52560,10
12.9904603958,80.2203292847,52560,52570,10
12.9905796051,80.2202529907,52570,52580,10
12.9908704758,80.2200088501,52580,52590,10
12.9912900925,80.2197036743,52590,52600,10
12.9916000366,80.2194671631,52600,52610,10
12.9920396805,80.2191772461,52610,52621,11
12.9927396774,80.2186508179,52621,52631,10
12.9934597015,80.2180633545,52631,52641,10
12.9942798615,80.2175369263,52641,52651,10
12.9949197769,80.2170410156,52651,52661,10
12.9957799911,80.2166824341,52661,52671,10
12.9965295792,80.2165527344,52671,52681,10
12.9970703125,80.2164611816,52681,52691,10
12.9972696304,80.2162780762,52691,52701,10
12.9975099564,80.2160491943,52701,52711,10
12.9979000092,80.2156982422,52711,52722,11
12.9985198975,80.2152099609,52722,52732,10
12.9990596771,80.2147521973,52732,52742,10
12.9993600845,80.2145004272,52742,52752,10
12.9998197556,80.2141189575,52752,52762,10
13.0002403259,80.213722229,52762,52772,10
13.0007600784,80.2132034302,52772,52782,10
13.0011796951,80.2128601074,52782,52792,10
13.0016298294,80.2125167847,52792,52802,10
13.0021600723,80.2122268677,52802,52812,10
13.0030002594,80.2120819092,52812,52822,10
13.0036201477,80.2118988037,52822,52833,11
13.0036802292,80.2113494873,52833,52843,10
13.0036201477,80.210647583,52843,52853,10
13.0035495758,80.2099990845,52853,52863,10
13.0035295486,80.2095413208,52863,52873,10
13.0036096573,80.2090530396,52873,52883,10
13.0038900375,80.2086105347,52883,52893,10
13.004699707,80.2089309692,52893,52903,10
13.0056695938,80.2093429565,52903,52911,8
13.0063800812,80.2096099854,52911,52923,12
13.0069599152,80.209777832,52923,52934,11
13.0069704056,80.209777832,52934,52944,10
13.007229805,80.2098236084,52944,52954,10
13.0077104568,80.2099075317,52954,52964,10
13.0080499649,80.2098617554,52964,52974,10
13.0079603195,80.209197998,52974,52984,10
13.0078496933,80.2084274292,52984,52994,10
13.0077896118,80.2077026367,52994,53004,10
13.0076599121,80.2069091797,53004,53014,10
13.0075397491,80.2060012817,53014,53024,10
13.0074996948,80.205039978,53024,53034,10
13.0074796677,80.2042007446,53034,53045,11
13.0073404312,80.2032318115,53045,53055,10
13.0068702698,80.2025527954,53055,53065,10
13.006529808,80.203086853,53065,53075,10
13.0070800781,80.2034988403,53075,53085,10
13.0078296661,80.2036972046,53085,53095,10
13.0088100433,80.2036819458,53095,53105,10
13.0100803375,80.2036209106,53105,53115,10
13.0115404129,80.2037200928,53115,53125,10
13.0128602982,80.203956604,53125,53135,10
13.0137701035,80.2042388916,53135,53145,10
13.0145797729,80.2045135498,53145,53156,11
13.0156202316,80.2049026489,53156,53166,10
13.016500473,80.205078125,53166,53176,10
13.0174102783,80.2054977417,53176,53186,10
13.0182304382,80.2058181763,53186,53196,10
13.0186004639,80.2059783936,53196,53206,10
13.0187397003,80.2060928345,53206,53216,10
13.0191698074,80.206237793,53216,53226,10
13.0197000504,80.2063522339,53226,53236,10
13.0207099915,80.2063369751,53236,53246,10
13.0215501785,80.2062988281,53246,53258,12
13.0220899582,80.2063064575,53258,53268,10
13.0224199295,80.20652771,53268,53278,10
13.0228004456,80.2066421509,53278,53288,10
13.0242204666,80.2067489624,53288,53298,10
13.0256795883,80.2071075439,53298,53308,10
13.0268001556,80.2077484131,53308,53318,10
13.027879715,80.2083816528,53318,53326,8
13.028719902,80.2086410522,53326,53338,12
13.0296802521,80.2088928223,53338,53348,10
13.0300598145,80.2089385986,53348,53379,31
13.0300598145,80.2089385986,53379,53387,8
13.0303897858,80.2089996338,53387,53399,12
13.0306797028,80.2089996338,53399,53409,10
13.0310897827,80.2090377808,53409,53419,10
13.0314302444,80.2092666626,53419,53429,10
13.0320796967,80.2095108032,53429,53439,10
13.0328998566,80.2097015381,53439,53449,10
13.0337495804,80.2099533081,53449,53459,10
13.0347700119,80.2101364136,53459,53468,9
13.0349998474,80.2104797363,53468,53480,12
13.0349702835,80.2112503052,53480,53490,10
13.0349302292,80.2114334106,53490,53500,10
13.0348796844,80.2117919922,53500,53510,10
13.0348701477,80.2119216919,53510,53520,10
13.0348796844,80.212097168,53520,53530,10
13.0353002548,80.2122497559,53530,53540,10
13.035900116,80.2123031616,53540,53550,10
13.0366096497,80.2123565674,53550,53560,10
13.0374298096,80.2123413086,53560,53570,10
13.0381402969,80.2123031616,53570,53581,11
13.0391302109,80.2122879028,53581,53591,10
13.0401601791,80.2123031616,53591,53601,10
13.0413599014,80.212310791,53601,53609,8
13.0422296524,80.2123031616,53609,53621,12
13.043510437,80.2121963501,53621,53661,40
13.043510437,80.2121963501,53661,53671,10
13.0438499451,80.2122802734,53671,53681,10
13.0441503525,80.212310791,53681,53692,11
13.044839859,80.2123184204,53692,53702,10
13.0456695557,80.2123031616,53702,53712,10
13.0465497971,80.2122497559,53712,53722,10
13.0474796295,80.2121810913,53722,53732,10
13.0483102798,80.2120895386,53732,53752,20
13.0483102798,80.2120895386,53752,53762,10
13.0485897064,80.2120666504,53762,53772,10
13.0488300323,80.2120285034,53772,53782,10
13.0488395691,80.2120285034,53782,53792,10
13.0491199493,80.212020874,53792,53803,11
13.0495796204,80.2119979858,53803,53813,10
13.0500097275,80.2119522095,53813,53823,10
13.0503797531,80.2119369507,53823,53833,10
13.0509595871,80.2119064331,53833,53843,10
13.0518102646,80.2119293213,53843,53853,10
13.0527000427,80.2118225098,53853,53863,10
13.0536603928,80.2115783691,53863,53873,10
13.0547399521,80.2114105225,53873,53883,10
13.0558099747,80.2114486694,53883,53893,10
13.0567398071,80.2114181519,53893,53903,10
13.057220459,80.2114028931,53903,53914,11
13.0573797226,80.2114715576,53914,53924,10
13.0578804016,80.2115020752,53924,53934,10
13.0586004257,80.2114868164,53934,53944,10
13.0593395233,80.2115478516,53944,53954,10
13.0601997375,80.2116012573,53954,53964,10
13.0611200333,80.2116012573,53964,53974,10
13.0618896484,80.211769104,53974,53984,10
13.062330246,80.2116012573,53984,53994,10
13.0634803772,80.2114868164,53994,54015,21
13.0634803772,80.2114868164,54015,54025,10
13.0637903214,80.2115402222,54025,54035,10
13.0642595291,80.2114486694,54035,54045,10
13.0650196075,80.2110824585,54045,54055,10
13.0658597946,80.2105026245,54055,54065,10
13.0667200089,80.2097702026,54065,54075,10
13.0674200058,80.2088470459,54075,54085,10
13.0679998398,80.2078704834,54085,54095,10
13.0686197281,80.2068481445,54095,54105,10
13.0692596436,80.2058105469,54105,54115,10
13.0695800781,80.2052383423,54115,54126,11
13.0696001053,80.2052001953,54126,54136,10
13.0696697235,80.2049789429,54136,54146,10
13.0692596436,80.2048873901,54146,54156,10
13.0689401627,80.2053604126,54156,54165,9
13.0687704086,80.2049179077,54165,54186,21
13.0687704086,80.2049179077,54186,54196,10
13.0689401627,80.2047195435,54196,54206,10
13.0693397522,80.204750061,54206,54216,10
13.0696296692,80.2048034668,54216,54226,10
13.0697202682,80.2048187256,54226,54237,11
13.0698900223,80.2048034668,54237,54247,10
13.0700998306,80.2045288086,54247,54257,10
13.0704698563,80.2040634155,54257,54269,12
13.0711297989,80.2032775879,54269,54279,10
13.0717401505,80.2025375366,54279,54309,30
13.0717401505,80.2025375366,54309,54319,10
13.0719003677,80.2024536133,54319,54329,10
13.0720796585,80.2022323608,54329,54340,11
13.0722703934,80.2020111084,54340,54350,10
13.0725803375,80.2016372681,54350,54360,10
13.0730104446,80.201133728,54360,54368,8
13.0733299255,80.2007827759,54368,54380,12
13.0739002228,80.2001495361,54380,54390,10
13.0742998123,80.1996231079,54390,54400,10
13.0745000839,80.1993179321,54400,54410,10
13.0745201111,80.1993026733,54410,54420,10
13.0748996735,80.1991424561,54420,54430,10
13.0755195618,80.1990432739,54430,54438,8
13.0761995316,80.1990509033,54438,54451,13
13.0775098801,80.198928833,54451,54461,10
13.0784902573,80.1988067627,54461,54471,10
13.0793800354,80.1987075806,54471,54481,10
13.0801296234,80.1986312866,54481,54491,10
13.0808496475,80.1985626221,54491,54501,10
13.0815696716,80.1985397339,54501,54511,10
13.0824298859,80.1984634399,54511,54521,10
13.0831098557,80.1984786987,54521,54531,10
13.0835800171,80.1984405518,54531,54541,10
13.0840396881,80.1984176636,54541,54551,10
13.0845899582,80.1984176636,54551,54562,11
13.084980011,80.198387146,54562,54572,10
13.0850095749,80.1984100342,54572,54582,10
13.0853796005,80.1984634399,54582,54592,10
13.0857400894,80.1983718872,54592,54602,10
13.0861196518,80.1982116699,54602,54612,10
13.0864696503,80.1982116699,54612,54622,10
13.0867595673,80.1979675293,54622,54632,10
13.086810112,80.1979904175,54632,54642,10
13.0870504379,80.1977233887,54642,54652,10
13.087100029,80.1971435547,54652,54663,11
13.0871696472,80.1962432861,54663,54673,10
13.0872097015,80.1953887939,54673,54683,10
13.087220192,80.1945037842,54683,54693,10
13.0872602463,80.1934814453,54693,54703,10
13.0872898102,80.1928405762,54703,54743,40
13.0872898102,80.1928405762,54743,54753,10
13.0873298645,80.1925506592,54753,54763,10
13.0873804092,80.1921386719,54763,54774,11
13.087439537,80.191368103,54774,54784,10
13.0875396729,80.1904830933,54784,54794,10
13.0876598358,80.1889190674,54794,54814,20
13.0876598358,80.1889190674,54814,54824,10
13.0877199173,80.1887435913,54824,54834,10
13.0877304077,80.1882400513,54834,54874,40
13.0877304077,80.1882400513,54874,54885,11
13.0877399445,80.1880187988,54885,54895,10
13.087770462,80.1875076294,54895,54905,10
13.087849617,80.1867294312,54905,54915,10
13.0878601074,80.1858215332,54915,54925,10
13.0879201889,80.1847610474,54925,54935,10
13.08796978,80.1835784912,54935,54945,10
13.0880002975,80.1824035645,54945,54955,10
13.088060379,80.1813735962,54955,54965,10
13.0880699158,80.180229187,54965,54975,10
13.0880403519,80.1794967651,54975,55006,31
13.0880403519,80.1794967651,55006,55016,10
13.0880699158,80.1793670654,55016,55026,10
13.0880498886,80.178817749,55026,55046,20
13.0880498886,80.178817749,55046,55056,10
13.0880899429,80.1785888672,55056,55066,10
13.0880899429,80.178062439,55066,55076,10
13.0880899429,80.1773300171,55076,55086,10
13.088139534,80.1765975952,55086,55097,11
13.0882101059,80.1756515503,55097,55107,10
13.0882797241,80.174621582,55107,55117,10
13.0883903503,80.1736373901,55117,55127,10
13.0884304047,80.1725921631,55127,55137,10
13.0884304047,80.1719284058,55137,55147,10
13.0884399414,80.171836853,55147,55157,10
13.0884799957,80.1714630127,55157,55167,10
13.088549614,80.1708831787,55167,55177,10
13.0885896683,80.1701202393,55177,55228,51
13.0885896683,80.1701202393,55228,55238,10
13.0885896683,80.1699829102,55238,55248,10
13.0886001587,80.1697311401,55248,55258,10
13.0888795853,80.1694335938,55258,55269,11
13.089630127,80.1695327759,55269,55279,10
13.0904798508,80.1696014404,55279,55289,10
13.0911798477,80.1696395874,55289,55298,9
13.0918397903,80.169670105,55298,55310,12
13.092880249,80.1697463989,55310,55320,10
13.0938100815,80.1698074341,55320,55330,10
13.0945596695,80.1698303223,55330,55340,10
13.0948600769,80.1698379517,55340,55350,10
13.0951700211,80.1698608398,55350,55360,10
13.0957603455,80.169921875,55360,55370,10
13.0965499878,80.1699829102,55370,55380,10
13.0974397659,80.1700210571,55380,55390,10
13.098449707,80.1700897217,55390,55400,10
13.0993099213,80.1701126099,55400,55410,10
13.0995798111,80.1700668335,55410,55421,11
13.0996799469,80.1699905396,55421,55431,10
13.0995597839,80.1696777344,55431,55451,20
13.0995597839,80.1696777344,55451,55461,10
13.0993700027,80.1696624756,55461,55471,10
13.0990896225,80.1696166992,55471,55481,10
13.098859787,80.1695098877,55481,55491,10
13.0991201401,80.1695098877,55491,55501,10
13.0994195938,80.1696624756,55501,55552,51
13.0994195938,80.1696624756,55552,55562,10
13.0997200012,80.1700134277,55562,55572,10
13.099360466,80.1701965332,55572,55592,20
13.099360466,80.1701965332,55592,55602,10
13.0991601944,80.1701889038,55602,55612,10
13.0987195969,80.170173645,55612,55622,10
13.0979499817,80.1701202393,55622,55633,11
13.0969200134,80.1700592041,55633,55643,10
13.0958795547,80.1699905396,55643,55653,10
13.0951299667,80.1699523926,55653,55663,10
13.0948200226,80.1699371338,55663,55673,10
13.0945997238,80.1699066162,55673,55683,10
13.0943899155,80.1698913574,55683,55693,10
13.0939903259,80.1698684692,55693,55703,10
13.0932798386,80.1698532104,55703,55713,10
13.0923595428,80.1698226929,55713,55723,10
13.0915603638,80.1697616577,55723,55732,9
13.0908403397,80.1697235107,55732,55744,12
13.0896701813,80.1696472168,55744,55753,9
13.0889101028,80.1696014404,55753,55765,12
13.0886297226,80.1699295044,55765,55775,10
13.0886602402,80.1705093384,55775,55785,10
13.0886001587,80.1713409424,55785,55795,10
13.0885601044,80.171913147,55795,55805,10
13.088549614,80.1720504761,55805,55815,10
13.0885601044,80.172492981,55815,55825,10
13.0885095596,80.1732711792,55825,55835,10
13.0884199142,80.1742477417,55835,55844,9
13.088350296,80.1751937866,55844,55856,12
13.0882501602,80.1765670776,55856,55866,10
13.0882196426,80.1774291992,55866,55876,10
13.0881996155,80.1782913208,55876,55886,10
13.0882301331,80.1784591675,55886,55896,10
13.0882396698,80.1787185669,55896,55906,10
13.0882797241,80.1792831421,55906,55916,10
13.0882396698,80.1801528931,55916,55926,10
13.0881595612,80.1812133789,55926,55936,10
13.0880899429,80.1824111938,55936,55945,9
13.0880298615,80.1834869385,55945,55957,12
13.0880002975,80.1847305298,55957,55967,10
13.08796978,80.1856536865,55967,55977,10
13.0879402161,80.1867218018,55977,55987,10
13.0879402161,80.1875305176,55987,55997,10
13.0879497528,80.1881027222,55997,56007,10
13.0879602432,80.1888275146,56007,56017,10
13.0880002975,80.1894302368,56017,56027,10
13.0879402161,80.1895980835,56027,56037,10
13.0877599716,80.1900100708,56037,56047,10
13.0875797272,80.1907577515,56047,56057,10
13.0874795914,80.1917114258,56057,56068,11
13.0873298645,80.1927185059,56068,56078,10
13.0873203278,80.1927719116,56078,56088,10
13.0872898102,80.1928787231,56088,56098,10
13.087269783,80.1932907104,56098,56108,10
13.0872802734,80.1939926147,56108,56118,10
13.0872602463,80.1948776245,56118,56128,10
13.0872402191,80.195892334,56128,56138,10
13.0872297287,80.1969604492,56138,56148,10
13.0872097015,80.1977996826,56148,56158,10
13.0871601105,80.1979675293,56158,56167,9
13.0872802734,80.198348999,56167,56180,13
13.0876903534,80.1984024048,56180,56190,10
13.0882501602,80.1983566284,56190,56200,10
13.088760376,80.198348999,56200,56210,10
13.0893497467,80.1984100342,56210,56220,10
13.0899600983,80.1984710693,56220,56230,10
13.0908203125,80.1985397339,56230,56240,10
13.0917701721,80.1986618042,56240,56250,10
13.0922498703,80.198600769,56250,56260,10
13.0929298401,80.1986618042,56260,56269,9
13.0929098129,80.1992874146,56269,56281,12
13.0929098129,80.2003173828,56281,56311,30
13.0929098129,80.2003173828,56311,56321,10
13.0926799774,80.2005996704,56321,56331,10
13.0921297073,80.2005767822,56331,56341,10
13.0912904739,80.2005233765,56341,56350,9
13.0904998779,80.2005004883,56350,56361,11
13.0893802643,80.2004623413,56361,56370,9
13.0883598328,80.2004394531,56370,56381,11
13.0872898102,80.2003936768,56381,56392,11
13.0866203308,80.2003707886,56392,56402,10
13.086139679,80.2003479004,56402,56412,10
13.085849762,80.2003707886,56412,56422,10
13.0856599808,80.2003707886,56422,56432,10
13.0855903625,80.2003631592,56432,56442,10
13.0853395462,80.2003097534,56442,56452,10
13.0853204727,80.2000808716,56452,56462,10
13.0853204727,80.1995162964,56462,56472,10
13.0852804184,80.1988220215,56472,56482,10
13.085149765,80.1986999512,56482,56491,9
13.0848798752,80.1986999512,56491,56503,12
13.0843496323,80.1986999512,56503,56513,10
13.0841798782,80.198677063,56513,56523,10
13.0838003159,80.1986923218,56523,56533,10
13.0830402374,80.1986312866,56533,56543,10
13.0822401047,80.1986083984,56543,56553,10
13.0817604065,80.1986312866,56553,56563,10
13.0812301636,80.1986083984,56563,56573,10
13.0806598663,80.1986083984,56573,56583,10
13.0799503326,80.198677063,56583,56593,10
13.0792198181,80.1987533569,56593,56604,11
13.0782499313,80.1988677979,56604,56614,10
13.077340126,80.1990280151,56614,56624,10
13.076789856,80.1991119385,56624,56634,10
13.0762901306,80.1991424561,56634,56644,10
13.0758895874,80.199180603,56644,56654,10
13.0752401352,80.1993026733,56654,56664,10
13.0744800568,80.1996765137,56664,56674,10
13.0740098953,80.2001419067,56674,56684,10
13.0738601685,80.2002868652,56684,56694,10
13.0737695694,80.2003631592,56694,56704,10
13.0735301971,80.2006835938,56704,56715,11
13.0729904175,80.2012786865,56715,56725,10
13.0725097656,80.2018737793,56725,56735,10
13.0719900131,80.2024688721,56735,56745,10
13.0713500977,80.2031326294,56745,56755,10
13.0707197189,80.2038574219,56755,56765,10
13.0700702667,80.2046890259,56765,56785,20
13.0700702667,80.2046890259,56785,56795,10
13.0700302124,80.2047805786,56795,56805,10
13.0699300766,80.2049484253,56805,56815,10
13.0697002411,80.2050094604,56815,56826,11
13.0692796707,80.2049636841,56826,56836,10
13.0690097809,80.2053909302,56836,56846,10
13.0685501099,80.2054824829,56846,57048,202
13.0681400299,80.2054977417,57048,57098,50
13.0681400299,80.2054977417,57098,57108,10
13.0679502487,80.2052001953,57108,57230,122
13.0682296753,80.2049636841,57230,57249,19
13.0682296753,80.2049636841,57249,57261,12
13.0685501099,80.2048416138,57261,57271,10
13.0688695908,80.2047576904,57271,57281,10
13.0691099167,80.2047195435,57281,57291,10
13.0693798065,80.204750061,57291,57311,20
13.0693798065,80.204750061,57311,57321,10
13.0695896149,80.2048034668,57321,57331,10
13.0698003769,80.2050476074,57331,57341,10
13.0695800781,80.2055511475,57341,57351,10
13.0691795349,80.2061767578,57351,57362,11
13.0686597824,80.2070388794,57362,57372,10
13.0680904388,80.2079467773,57372,57382,10
13.0675401688,80.2088012695,57382,57392,10
13.0669403076,80.2096633911,57392,57402,10
13.0660295486,80.2105178833,57402,57412,10
13.0653295517,80.2111587524,57412,57422,10
13.0647602081,80.211479187,57422,57432,10
13.0639696121,80.211730957,57432,57442,10
13.0629997253,80.2117767334,57442,57452,10
13.0622797012,80.211807251,57452,57462,10
13.0616903305,80.2118301392,57462,57473,11
13.0606298447,80.211807251,57473,57483,10
13.059679985,80.2117385864,57483,57493,10
13.0588598251,80.2117080688,57493,57503,10
13.0581703186,80.2117004395,57503,57513,10
13.0576095581,80.2117004395,57513,57523,10
13.057510376,80.2116775513,57523,57533,10
13.0571298599,80.2116394043,57533,57543,10
13.0565004349,80.2116088867,57543,57553,10
13.0556402206,80.2115936279,57553,57562,9
13.0547800064,80.2115707397,57562,57573,11
13.0537796021,80.2117385864,57573,57584,11
13.052980423,80.2119827271,57584,57594,10
13.052359581,80.2121200562,57594,57604,10
13.0516500473,80.2122192383,57604,57614,10
13.0510797501,80.2121963501,57614,57624,10
13.0508804321,80.2121582031,57624,57634,10
13.050450325,80.2122192383,57634,57644,10
13.050239563,80.2122192383,57644,57654,10
13.0500802994,80.2122421265,57654,57664,10
13.049779892,80.2122192383,57664,57673,9
13.0495996475,80.2122192383,57673,57686,13
13.0493402481,80.2122116089,57686,57696,10
13.0488595963,80.2122116089,57696,57706,10
13.0481500626,80.2122802734,57706,57716,10
13.047249794,80.212348938,57716,57726,10
13.0461196899,80.2123794556,57726,57736,10
13.0450801849,80.2124328613,57736,57746,10
13.0441503525,80.2124404907,57746,57756,10
13.0430898666,80.2124023438,57756,57766,10
13.0419797897,80.212348938,57766,57776,10
13.0408401489,80.2123184204,57776,57786,10
13.0398302078,80.2123718262,57786,57797,11
13.0387496948,80.2124099731,57797,57807,10
13.0374803543,80.2124099731,57807,57887,80
13.0374803543,80.2124099731,57887,57896,9
13.0371103287,80.2123031616,57896,57908,12
13.0363998413,80.2123184204,57908,57918,10
13.0355501175,80.2123031616,57918,57928,10
13.0351400375,80.212272644,57928,57938,10
13.0347995758,80.2122268677,57938,57948,10
13.0344800949,80.2121734619,57948,57958,10
13.0344295502,80.2121734619,57958,57968,10
13.0342597961,80.2121429443,57968,57978,10
13.034239769,80.2121429443,57978,57988,10
13.0338201523,80.2120819092,57988,57998,10
13.0332202911,80.2119522095,57998,58009,11
13.0323200226,80.2117919922,58009,58019,10
13.0319795609,80.2113571167,58019,58029,10
13.0320396423,80.2106704712,58029,58039,10
13.032119751,80.2099990845,58039,58049,10
13.0319700241,80.2096481323,58049,58059,10
13.031419754,80.2094726563,58059,58069,10
13.0308198929,80.2093429565,58069,58079,10
13.0304803848,80.2092514038,58079,58089,10
13.0296897888,80.209022522,58089,58109,20
13.0296897888,80.209022522,58109,58120,11
13.0293302536,80.2089004517,58120,58130,10
13.0287599564,80.2087631226,58130,58139,9
13.0280199051,80.2085113525,58139,58150,11
13.0271902084,80.2080917358,58150,58161,11
13.0263004303,80.2075500488,58161,58171,10
13.0253000259,80.2070922852,58171,58181,10
13.024479866,80.2069473267,58181,58190,9
13.0244102478,80.2069320679,58190,58201,11
13.024310112,80.2069396973,58201,58211,10
13.0239400864,80.2068634033,58211,58222,11
13.0232696533,80.206703186,58222,58232,10
13.022480011,80.2065124512,58232,58242,10
13.0218296051,80.206451416,58242,58252,10
13.0211696625,80.2064666748,58252,58262,10
13.0202703476,80.2064819336,58262,58272,10
13.0193500519,80.2064285278,58272,58282,10
13.0190601349,80.2063522339,58282,58292,10
13.0189599991,80.2062835693,58292,58302,10
13.0185804367,80.2061767578,58302,58312,10
13.0179395676,80.2059783936,58312,58322,10
13.0175600052,80.2058486938,58322,58333,11
13.0171003342,80.205657959,58333,58343,10
13.0165100098,80.2054367065,58343,58353,10
13.0156898499,80.2051391602,58353,58363,10
13.0147199631,80.2048492432,58363,58373,10
13.0143699646,80.2047424316,58373,58383,10
13.0140895844,80.2046127319,58383,58393,10
13.0136995316,80.2044677734,58393,58403,10
13.0135402679,80.2046585083,58403,58413,10
13.0134000778,80.2051773071,58413,58423,10
13.0131502151,80.205947876,58423,58433,10
13.0130300522,80.2068862915,58433,58444,11
13.0129098892,80.2077331543,58444,58454,10
13.0128803253,80.2080764771,58454,58464,10
13.0128602982,80.2084274292,58464,58474,10
13.0128898621,80.2087402344,58474,58484,10
13.0130996704,80.2092666626,58484,58492,8
13.0132598877,80.2096099854,58492,58504,12
13.0131998062,80.2102890015,58504,58514,10
13.0129299164,80.2110595703,58514,58524,10
13.0124998093,80.2118682861,58524,58534,10
13.0120897293,80.2125396729,58534,58545,11
13.0119104385,80.2127685547,58545,58555,10
13.0116100311,80.2127304077,58555,58565,10
13.0111703873,80.2124404907,58565,58575,10
13.0105495453,80.2119827271,58575,58585,10
13.0100002289,80.2115325928,58585,58595,10
13.0096101761,80.2112121582,58595,58625,30
13.0096101761,80.2112121582,58625,58635,10
13.0093097687,80.2112121582,58635,58645,10
13.0091400146,80.2114486694,58645,58656,11
13.0091400146,80.2118225098,58656,58666,10
13.0092401505,80.2121887207,58666,58676,10
13.0093803406,80.2126693726,58676,58686,10
13.0095796585,80.2131881714,58686,58696,10
13.0097799301,80.213722229,58696,58706,10
13.0100002289,80.2142486572,58706,58716,10
13.0101699829,80.2148284912,58716,58726,10
13.0102701187,80.2156600952,58726,58736,10
13.0106496811,80.2165527344,58736,58746,10
13.0110197067,80.2174072266,58746,58756,10
13.0113801956,80.2183837891,58756,58767,11
13.0118703842,80.2197036743,58767,58777,10
13.0121898651,80.2207336426,58777,58787,10
13.0124702454,80.2213821411,58787,58797,10
13.0126104355,80.2215499878,58797,58807,10
13.0127897263,80.2218170166,58807,58817,10
13.0131702423,80.2223205566,58817,58827,10
13.0135002136,80.2226486206,58827,58837,10
13.0139102936,80.2232437134,58837,58847,10
13.0140695572,80.2235107422,58847,58857,10
13.0143404007,80.2238006592,58857,58868,11
13.0148696899,80.2244415283,58868,58878,10
13.0152301788,80.2249526978,58878,58888,10
13.01541996,80.2254333496,58888,58898,10
13.0151596069,80.2258224487,58898,58908,10
13.0144100189,80.2261199951,58908,58918,10
13.0135602951,80.2264785767,58918,58928,10
13.0126304626,80.2268829346,58928,58938,10
13.0118904114,80.2271881104,58938,58948,10
13.0109701157,80.2275619507,58948,58958,10
13.010020256,80.2279281616,58958,58968,10
13.0094604492,80.2277069092,58968,58979,11
13.0096302032,80.2273178101,58979,58989,10
13.0098695755,80.2268066406,58989,58999,10
13.0101804733,80.2260818481,58999,59009,10
13.0103597641,80.2256622314,59009,59019,10
13.0105104446,80.2252883911,59019,59039,20
13.0105104446,80.2252883911,59039,59049,10
13.0106801987,80.2249298096,59049,59059,10
13.0108604431,80.2244491577,59059,59069,10
13.0110797882,80.2238769531,59069,59079,10
13.0111703873,80.2236328125,59079,59090,11
13.0111303329,80.2232284546,59090,59100,10
13.0106401443,80.2229232788,59100,59110,10
13.0099601746,80.2225570679,59110,59120,10
13.009180069,80.2221221924,59120,59130,10
13.0082597733,80.2216110229,59130,59140,10
13.007229805,80.2210693359,59140,59150,10
13.0061101913,80.2206268311,59150,59160,10
13.0050497055,80.2203903198,59160,59170,10
13.0040903091,80.220161438,59170,59180,10
13.0031700134,80.2198867798,59180,59191,11
13.0023403168,80.2194137573,59191,59201,10
13.0018100739,80.2188262939,59201,59211,10
13.0012197495,80.2183685303,59211,59221,10
13.0007295609,80.2180175781,59221,59231,10
13.0001096725,80.2176208496,59231,59241,10
12.9993696213,80.2172088623,59241,59251,10
12.99862957,80.2168502808,59251,59261,10
12.9977703094,80.2166137695,59261,59271,10
12.9975204468,80.216583252,59271,59281,10
12.9972600937,80.2165603638,59281,59291,10
12.9967098236,80.2165679932,59291,59302,11
12.9959201813,80.2167510986,59302,59312,10
12.9951000214,80.2170791626,59312,59322,10
12.9943704605,80.2175979614,59322,59332,10
12.9939804077,80.217880249,59332,59341,9
12.9936504364,80.218132019,59341,59352,11
12.9930000305,80.2185974121,59352,59362,10
12.992389679,80.2190475464,59362,59372,10
12.9918203354,80.2194595337,59372,59382,10
12.9914999008,80.2196884155,59382,59392,10
12.9911403656,80.2195587158,59392,59402,10
12.9908304214,80.2194290161,59402,59413,11
12.9901695251,80.2191925049,59413,59423,10
12.9893398285,80.2188720703,59423,59433,10
12.9883804321,80.2185592651,59433,59443,10
12.9876699448,80.218421936,59443,59453,10
12.9870700836,80.2183303833,59453,59463,10
12.9868097305,80.21824646,59463,59473,10
12.986410141,80.2181472778,59473,59483,10
12.9856595993,80.2179718018,59483,59493,10
12.9847297668,80.2179412842,59493,59503,10
12.9840097427,80.2179870605,59503,59514,11
12.9839601517,80.2179794312,59514,59524,10
12.9836397171,80.2179718018,59524,59534,10
12.9830303192,80.217956543,59534,59544,10
12.9821996689,80.2179412842,59544,59554,10
12.9812602997,80.2180786133,59554,59564,10
12.9804401398,80.2183609009,59564,59574,10
12.9800701141,80.2185134888,59574,59584,10
12.9798202515,80.2186203003,59584,59594,10
12.9795103073,80.21875,59594,59604,10
12.9790296555,80.2189407349,59604,59614,10
12.9786396027,80.2191085815,59614,59625,11
12.9779396057,80.2193984985,59625,59635,10
12.9770803452,80.2197570801,59635,59645,10
12.9756603241,80.2203979492,59645,59726,81
12.9756603241,80.2203979492,59726,59736,10
12.9755096436,80.2205123901,59736,59746,10
12.9755802155,80.2207870483,59746,59816,70
12.9758901596,80.2209091187,59816,60595,779
12.9760904312,80.2211837769,60595,60887,292
12.9760904312,80.2211837769,60887,60897,10
12.976360321,80.221321106,60897,60907,10
12.976650238,80.2213287354,60907,60918,11
12.9772195816,80.2212905884,60918,60928,10
12.9778795242,80.2212371826,60928,60938,10
12.9783296585,80.221206665,60938,60948,10
12.9788799286,80.2211532593,60948,60958,10
12.9797697067,80.2210922241,60958,60968,10
12.9806098938,80.2210235596,60968,60978,10
12.9813995361,80.2212982178,60978,60988,10
12.9820203781,80.2216415405,60988,60998,10
12.9826698303,80.2218322754,60998,61008,10
12.9828100204,80.2218933105,61008,61018,10
12.982919693,80.2219619751,61018,61029,11
12.9831895828,80.2220916748,61029,61039,10
12.9835395813,80.2223205566,61039,61049,10
12.9839496613,80.2225418091,61049,61059,10
12.9845104218,80.2228469849,61059,61069,10
12.985159874,80.2231369019,61069,61079,10
12.9855203629,80.2230224609,61079,61089,10
12.9863004684,80.2229232788,61089,61109,20
12.9863004684,80.2229232788,61109,61119,10
12.9864902496,80.2229385376,61119,61129,10
12.9867897034,80.2230224609,61129,61140,11
12.9872999191,80.2229995728,61140,61150,10
12.9877099991,80.2228164673,61150,61160,10
12.988360405,80.2224197388,61160,61170,10
12.9888095856,80.2219696045,61170,61180,10
12.9892396927,80.2215270996,61180,61190,10
12.9897203445,80.2209701538,61190,61200,10
12.9903001785,80.2203826904,61200,61210,10
12.9909801483,80.2197875977,61210,61220,10
12.9914302826,80.2195281982,61220,61230,10
12.9918203354,80.2192764282,61230,61241,11
12.9924297333,80.2188415527,61241,61251,10
12.9929800034,80.2184829712,61251,61261,10
12.9937200546,80.217956543,61261,61271,10
12.9940500259,80.2176895142,61271,61281,10
12.9944801331,80.2173080444,61281,61291,10
12.9949903488,80.2169799805,61291,61301,10
12.9956197739,80.2166824341,61301,61311,10
12.9963598251,80.216468811,61311,61321,10
12.9974403381,80.2160568237,61321,61340,19
12.9974403381,80.2160568237,61340,61352,12
12.9977502823,80.2158126831,61352,61362,10
12.9981098175,80.2154388428,61362,61372,10
12.9985599518,80.2149810791,61372,61382,10
12.9989404678,80.2146911621,61382,61392,10
12.9993801117,80.2144012451,61392,61402,10
12.9998903275,80.2140197754,61402,61412,10
13.0003795624,80.2135772705,61412,61422,10
13.0008296967,80.2130889893,61422,61432,10
13.0015001297,80.2126464844,61432,61442,10
13.0021095276,80.212272644,61442,61452,10
13.0026102066,80.2120819092,61452,61463,11
13.003080368,80.2120437622,61463,61473,10
13.0035200119,80.2119216919,61473,61483,10
13.0036401749,80.2117767334,61483,61493,10
13.0036401749,80.2113265991,61493,61503,10
13.0035896301,80.2106933594,61503,61513,10
13.0035104752,80.2099914551,61513,61523,10
13.0035600662,80.2092666626,61523,61533,10
13.0038499832,80.208656311,61533,61543,10
13.0046100616,80.2089080811,61543,61553,10
13.0055103302,80.2093200684,61553,61564,11
13.006360054,80.2095870972,61564,61574,10
13.0067901611,80.2096862793,61574,61584,10
13.0070800781,80.2097396851,61584,61604,20
13.0070800781,80.2097396851,61604,61614,10
13.0073404312,80.2097930908,61614,61624,10
13.007519722,80.2098312378,61624,61634,10
13.0077695847,80.2098693848,61634,61644,10
13.0079298019,80.2098999023,61644,61654,10
13.0081501007,80.2099304199,61654,61664,10
13.0081396103,80.2096862793,61664,61675,11
13.0079698563,80.2090988159,61675,61685,10
13.0078401566,80.2082290649,61685,61695,10
13.0076704025,80.2071380615,61695,61705,10
13.007519722,80.2059783936,61705,61715,10
13.0074796677,80.2049026489,61715,61725,10
13.0074501038,80.203956604,61725,61735,10
13.0073003769,80.2030029297,61735,61745,10
13.0066995621,80.2026367188,61745,61755,10
13.006649971,80.2032394409,61755,61765,10
13.0072898865,80.2035827637,61765,61776,11
13.0082101822,80.2037124634,61776,61786,10
13.0092697144,80.2036514282,61786,61796,10
13.0105104446,80.2036514282,61796,61806,10
13.0118198395,80.2037582397,61806,61816,10
13.0128898621,80.203956604,61816,61826,10
13.0134496689,80.2041320801,61826,61836,10
13.0135602951,80.2041702271,61836,61846,10
13.0137500763,80.2042312622,61846,61856,10
13.014289856,80.2043991089,61856,61866,10
13.0147199631,80.2045822144,61866,61876,10
13.0149297714,80.2046127319,61876,61887,11
13.0152196884,80.2046890259,61887,61897,10
13.0156898499,80.2049179077,61897,61907,10
13.015999794,80.2048797607,61907,61917,10
13.0163202286,80.2050323486,61917,61927,10
13.0168895721,80.2053070068,61927,61937,10
13.0174703598,80.2055435181,61937,61947,10
13.0179195404,80.2057189941,61947,61957,10
13.0184698105,80.205871582,61957,61967,10
13.0185403824,80.2058792114,61967,61977,10
13.0188503265,80.2059783936,61977,61987,10
13.0193099976,80.2061462402,61987,61998,11
13.0198001862,80.2059402466,61998,62008,10
13.0201301575,80.2057189941,62008,62018,10
13.020529747,80.2059631348,62018,62028,10
13.0208797455,80.2060699463,62028,62038,10
13.0215902328,80.2062301636,62038,62048,10
13.0220003128,80.2063064575,62048,62058,10
13.0223903656,80.2062911987,62058,62068,10
13.0228796005,80.2064437866,62068,62078,10
13.0232696533,80.2065811157,62078,62088,10
13.0238199234,80.2066879272,62088,62099,11
13.024600029,80.2067871094,62099,62109,10
13.0259504318,80.2073516846,62109,62119,10
13.0269203186,80.2078781128,62119,62129,10
13.0278396606,80.2083969116,62129,62139,10
13.0288496017,80.2086868286,62139,62149,10
13.0291996002,80.2087097168,62149,62159,10
13.0294904709,80.2088165283,62159,62169,10
13.0298900604,80.2089385986,62169,62179,10
13.0304203033,80.2090682983,62179,62189,10
13.0314397812,80.209312439,62189,62210,21
13.0314397812,80.209312439,62210,62220,10
13.0318698883,80.2094421387,62220,62230,10
13.0324697495,80.2095565796,62230,62240,10
13.0333003998,80.2097320557,62240,62250,10
13.034040451,80.2098999023,62250,62260,10
13.0347604752,80.2100601196,62260,62270,10
13.035030365,80.2104797363,62270,62280,10
13.0349798203,80.2108383179,62280,62290,10
13.035030365,80.2112884521,62290,62300,10
13.0350198746,80.2113418579,62300,62311,11
13.0349397659,80.2116928101,62311,62321,10
13.0349302292,80.212097168,62321,62331,10
13.035320282,80.2122573853,62331,62341,10
13.0357198715,80.2122116089,62341,62351,10
13.035779953,80.2121963501,62351,62361,10
13.0359601974,80.2122497559,62361,62371,10
13.0362796783,80.2122497559,62371,62381,10
13.0366001129,80.2122802734,62381,62391,10
13.0371198654,80.2123031616,62391,62401,10
13.0378799438,80.2123184204,62401,62411,10
13.0387496948,80.2123184204,62411,62422,11
13.0395803452,80.2123413086,62422,62432,10
13.0404596329,80.2123794556,62432,62442,10
13.0416402817,80.2123413086,62442,62452,10
13.042889595,80.2123718262,62452,62462,10
13.0435495377,80.2123413086,62462,62512,50
13.0435495377,80.2123413086,62512,62522,10
13.0437698364,80.212387085,62522,62533,11
13.0442399979,80.2123718262,62533,62543,10
13.0447301865,80.2123413086,62543,62553,10
13.0454797745,80.2123184204,62553,62563,10
13.0462903976,80.2122879028,62563,62573,10
13.0469703674,80.2122497559,62573,62583,10
13.047369957,80.2121963501,62583,62593,10
13.0476999283,80.2121276855,62593,62603,10
13.0481595993,80.2120819092,62603,62613,10
13.0484104156,80.2120437622,62613,62623,10
13.0484304428,80.212020874,62623,62633,10
13.0486297607,80.2119903564,62633,62644,11
13.0492200851,80.2119293213,62644,62654,10
13.0496501923,80.2118911743,62654,62664,10
13.0497198105,80.2118835449,62664,62674,10
13.050069809,80.2119064331,62674,62684,10
13.0504903793,80.2119827271,62684,62694,10
13.0509195328,80.2119827271,62694,62704,10
13.0519304276,80.2120285034,62704,62714,10
13.0529003143,80.2118301392,62714,62724,10
13.0538902283,80.2115707397,62724,62733,9
13.0544996262,80.21144104,62733,62745,12
13.055100441,80.2114105225,62745,62755,10
13.0558700562,80.2114334106,62755,62765,10
13.0567998886,80.2114181519,62765,62775,10
13.0573797226,80.2114181519,62775,62785,10
13.0574798584,80.2114181519,62785,62795,10
13.0577602386,80.2114181519,62795,62805,10
13.0580701828,80.2113189697,62805,62815,10
13.0583896637,80.2111968994,62815,62825,10
13.0593900681,80.2113113403,62825,62835,10
13.060669899,80.2114715576,62835,62845,10
13.061750412,80.211479187,62845,62856,11
13.0631198883,80.211517334,62856,62896,40
13.0631198883,80.211517334,62896,62906,10
13.0634098053,80.2116088867,62906,62916,10
13.0638198853,80.2115478516,62916,62925,9
13.0643901825,80.21144104,62925,62936,11
13.0652303696,80.2110137939,62936,62946,10
13.0659303665,80.2104492188,62946,62957,11
13.0667800903,80.2097015381,62957,62967,10
13.067150116,80.2090988159,62967,62977,10
13.0673503876,80.2087402344,62977,62987,10
13.0676698685,80.2082138062,62987,62997,10
13.0680904388,80.2074890137,62997,63007,10
13.0686597824,80.2066802979,63007,63017,10
13.0691900253,80.205871582,63017,63027,10
13.0694999695,80.2053604126,63027,63047,20
13.0694999695,80.2053604126,63047,63057,10
13.069560051,80.2052993774,63057,63068,11
13.0697002411,80.2050323486,63068,63078,10
13.0695104599,80.2048187256,63078,63088,10
13.0692195892,80.2050018311,63088,63098,10
13.0690402985,80.2052612305,63098,63108,10
13.0687904358,80.2052078247,63108,63168,60
13.0687904358,80.2052078247,63168,63179,11
13.0687599182,80.2049179077,63179,63189,10
13.0688896179,80.2047576904,63189,63199,10
13.0692796707,80.204750061,63199,63209,10
13.0695695877,80.2048110962,63209,63219,10
13.0698699951,80.204826355,63219,63229,10
13.0701999664,80.204460144,63229,63239,10
13.0707302094,80.2038421631,63239,63249,10
13.0713996887,80.2030792236,63249,63258,9
13.0719995499,80.2023925781,63258,63269,11
13.0722303391,80.2021179199,63269,63280,11
13.0723400116,80.2019805908,63280,63290,10
13.0723495483,80.2019729614,63290,63300,10
13.0725097656,80.201789856,63300,63310,10
13.0725698471,80.2017211914,63310,63320,10
13.072930336,80.2012786865,63320,63340,20
13.072930336,80.2012786865,63340,63350,10
13.0730104446,80.2012329102,63350,63360,10
13.073220253,80.2009887695,63360,63370,10
13.0735397339,80.2006225586,63370,63380,10
13.0740098953,80.2000579834,63380,63391,11
13.0744400024,80.1995773315,63391,63401,10
13.0747499466,80.1992492676,63401,63411,10
13.0748901367,80.1992034912,63411,63421,10
13.0752897263,80.1991119385,63421,63431,10
13.0760002136,80.1990966797,63431,63441,10
13.0768995285,80.1990585327,63441,63451,10
13.0777397156,80.1989364624,63451,63461,10
13.0785398483,80.1988372803,63461,63471,10
13.0793199539,80.1987762451,63471,63481,10
13.0801897049,80.1986999512,63481,63490,9
13.0809297562,80.198638916,63490,63502,12
13.0815896988,80.1986236572,63502,63512,10
13.0823898315,80.1984863281,63512,63562,50
13.0823898315,80.1984863281,63562,63572,10
13.0827503204,80.1985168457,63572,63582,10
13.0829401016,80.1985397339,63582,63592,10
13.0832901001,80.1985321045,63592,63603,11
13.083609581,80.1984710693,63603,63613,10
13.0837898254,80.1984634399,63613,63623,10
13.0840196609,80.1984710693,63623,63633,10
13.0841798782,80.1984786987,63633,63643,10
13.084400177,80.1985092163,63643,63653,10
13.0845603943,80.1985168457,63653,63663,10
13.0848398209,80.1984786987,63663,63703,40
13.0852098465,80.1984634399,63703,63744,41
13.0852098465,80.1984634399,63744,63754,10
13.0857601166,80.1983566284,63754,63764,10
13.0864496231,80.1984329224,63764,63774,10
13.0868997574,80.1984481812,63774,63784,10
13.0870800018,80.1982498169,63784,63794,10
13.0871295929,80.1981201172,63794,63804,10
13.0871801376,80.1979598999,63804,63814,10
13.0872001648,80.1974716187,63814,63825,11
13.087220192,80.1966094971,63825,63835,10
13.0872297287,80.1958770752,63835,63845,10
13.0872297287,80.1956100464,63845,63855,10
13.0872497559,80.1950073242,63855,63865,10
13.0872602463,80.1941833496,63865,63875,10
13.087269783,80.193321228,63875,63885,10
13.0872602463,80.1929016113,63885,63895,10
13.0873203278,80.1925201416,63895,63905,10
13.0874099731,80.1918716431,63905,63915,10
13.0874996185,80.1910095215,63915,63926,11
13.0876302719,80.1899185181,63926,63936,10
13.0876598358,80.1893768311,63936,63946,10
13.0876703262,80.1892776489,63946,63956,10
13.0877599716,80.188873291,63956,63986,30
13.0877599716,80.188873291,63986,63996,10
13.0878200531,80.1885986328,63996,64006,10
13.0878000259,80.1883087158,64006,64016,10
13.0878295898,80.1879196167,64016,64026,10
13.087849617,80.1871109009,64026,64037,11
13.0878696442,80.1861572266,64037,64047,10
13.0879096985,80.185798645,64047,64057,10
13.0879096985,80.185760498,64057,64067,10
13.0879497528,80.1854400635,64067,64077,10
13.08796978,80.1848831177,64077,64087,10
13.08796978,80.1840209961,64087,64097,10
13.0879802704,80.18309021,64097,64107,10
13.0880098343,80.1821975708,64107,64117,10
13.0880498886,80.181427002,64117,64127,10
13.088060379,80.180557251,64127,64158,31
13.088060379,80.180557251,64158,64168,10
13.0880699158,80.1804580688,64168,64178,10
13.0880699158,80.180229187,64178,64188,10
13.0880899429,80.1797637939,64188,64208,20
13.0880899429,80.1797637939,64208,64218,10
13.088139534,80.1794586182,64218,64228,10
13.0881099701,80.1789398193,64228,64249,21
13.0881099701,80.1789398193,64249,64259,10
13.088139534,80.1784515381,64259,64269,10
13.0881500244,80.1777801514,64269,64279,10
13.0881700516,80.1772994995,64279,64289,10
13.0881795883,80.1768798828,64289,64299,10
13.0882196426,80.1761703491,64299,64309,10
13.0882797241,80.1752700806,64309,64319,10
13.0883302689,80.1746292114,64319,64329,10
13.0883798599,80.1741104126,64329,64339,10
13.0884304047,80.1734619141,64339,64349,10
13.0884599686,80.1727371216,64349,64360,11
13.0884799957,80.1723175049,64360,64370,10
13.0885095596,80.1721878052,64370,64380,10
13.0885095596,80.1717834473,64380,64390,10
13.0885801315,80.1710281372,64390,64420,30
13.0885801315,80.1710281372,64420,64430,10
13.0886001587,80.1706924438,64430,64440,10
13.0886297226,80.1701126099,64440,64449,9
13.0886697769,80.1696472168,64449,64461,12
13.0889797211,80.1695632935,64461,64471,10
13.0895595551,80.169631958,64471,64481,10
13.0902500153,80.1696777344,64481,64491,10
13.0911397934,80.1697235107,64491,64501,10
13.0920200348,80.1697769165,64501,64511,10
13.0928401947,80.1698303223,64511,64521,10
13.0935602188,80.1698684692,64521,64531,10
13.0942201614,80.1698913574,64531,64541,10
13.0945901871,80.1699066162,64541,64551,10
13.0947999954,80.1699371338,64551,64561,10
13.0950498581,80.1699523926,64561,64572,11
13.0955896378,80.1699829102,64572,64582,10
13.096280098,80.1700210571,64582,64592,10
13.0970602036,80.1700515747,64592,64602,10
13.0977602005,80.1700897217,64602,64612,10
13.0983695984,80.1701278687,64612,64622,10
13.0990600586,80.1701583862,64622,64632,10
13.0994195938,80.1701889038,64632,64642,10
13.0996999741,80.1698608398,64642,64703,61
13.0996999741,80.1698608398,64703,64713,10
13.099360466,80.169921875,64713,65379,666
13.099360466,80.1701812744,65379,65732,353
13.099360466,80.1701812744,65732,65741,9
13.0992202759,80.1702575684,65741,65753,12
13.098690033,80.1701965332,65753,65763,10
13.0980300903,80.1701431274,65763,65773,10
13.0975704193,80.1701202393,65773,65783,10
13.0969104767,80.1700897217,65783,65793,10
13.0960597992,80.1700286865,65793,65803,10
13.095199585,80.1699905396,65803,65813,10
13.0947504044,80.169960022,65813,65823,10
13.0946598053,80.1699371338,65823,65833,10
13.0944404602,80.169921875,65833,65843,10
13.0940799713,80.1698989868,65843,65852,9
13.0935697556,80.1698608398,65852,65864,12
13.0925798416,80.1698226929,65864,65874,10
13.0916404724,80.1697692871,65874,65884,10
13.0907297134,80.169708252,65884,65894,10
13.0901002884,80.1696777344,65894,65904,10
13.089220047,80.1696014404,65904,65975,71
13.089220047,80.1696014404,65975,65985,10
13.0889396667,80.1696395874,65985,65995,10
13.0886697769,80.1698532104,65995,66005,10
13.0886602402,80.1701965332,66005,66015,10
13.0886497498,80.1704483032,66015,66025,10
13.0886201859,80.1708221436,66025,66035,10
13.0886001587,80.1714019775,66035,66045,10
13.0885801315,80.1718978882,66045,66055,10
13.0885601044,80.1719894409,66055,66065,10
13.088549614,80.1723098755,66065,66076,11
13.0885095596,80.1730117798,66076,66086,10
13.088470459,80.1738204956,66086,66096,10
13.0883998871,80.1747436523,66096,66106,10
13.0883598328,80.175491333,66106,66116,10
13.0883102417,80.1762390137,66116,66126,10
13.0883102417,80.1765365601,66126,66136,10
13.0882797241,80.1769714355,66136,66146,10
13.0882701874,80.1773681641,66146,66156,10
13.088259697,80.1779632568,66156,66166,10
13.0882396698,80.1784973145,66166,66175,9
13.0882301331,80.1785202026,66175,66187,12
13.0882396698,80.1791763306,66187,66247,60
13.0882396698,80.1791763306,66247,66257,10
13.0882101059,80.1793823242,66257,66267,10
13.0881996155,80.1798171997,66267,66277,10
13.0881900787,80.1804428101,66277,66288,11
13.0881700516,80.1813201904,66288,66298,10
13.0881500244,80.1821975708,66298,66308,10
13.0881099701,80.1831436157,66308,66318,10
13.0880298615,80.1842193604,66318,66328,10
13.0880002975,80.1850585938,66328,66338,10
13.08796978,80.1856231689,66338,66348,10
13.0879402161,80.1863632202,66348,66358,10
13.0879297256,80.1870803833,66358,66368,10
13.0879402161,80.1876373291,66368,66378,10
13.0879402161,80.1877365112,66378,66388,10
13.0879201889,80.1878433228,66388,66399,11
13.0879001617,80.1883087158,66399,66409,10
13.0878896713,80.1888885498,66409,66419,10
13.0878601074,80.1895294189,66419,66429,10
13.0878200531,80.1898498535,66429,66439,10
13.0878000259,80.1899490356,66439,66449,10
13.0877399445,80.1902389526,66449,66459,10
13.0876502991,80.1906890869,66459,66469,10
13.0875396729,80.1913375854,66469,66479,10
13.0874204636,80.1922225952,66479,66510,31
13.0874204636,80.1922225952,66510,66520,10
13.0874204636,80.192237854,66520,66530,10
13.087389946,80.1925888062,66530,66540,10
13.0873498917,80.1930465698,66540,66550,10
13.0873403549,80.1937637329,66550,66560,10
13.0873203278,80.1946105957,66560,66570,10
13.0873003006,80.1952972412,66570,66580,10
13.0872802734,80.1958084106,66580,66590,10
13.087269783,80.1964797974,66590,66600,10
13.0872402191,80.1973114014,66600,66611,11
13.0872402191,80.1977615356,66611,66621,10
13.087220192,80.197883606,66621,66631,10
13.0872297287,80.1982803345,66631,66641,10
13.0874300003,80.1985702515,66641,66651,10
13.087849617,80.1985321045,66651,66661,10
13.0885000229,80.1985168457,66661,66671,10
13.0890798569,80.1985321045,66671,66681,10
13.0895900726,80.1985626221,66681,66691,10
13.0902395248,80.1986236572,66691,66701,10
13.0910396576,80.1986465454,66701,66711,10
13.0917797089,80.1986999512,66711,66722,11
13.0925302505,80.1987304688,66722,66732,10
13.0929803848,80.1987686157,66732,66742,10
13.093000412,80.1991424561,66742,66752,10
13.0929603577,80.1997375488,66752,66762,10
13.0929203033,80.200340271,66762,66772,10
13.0929002762,80.2006225586,66772,66782,10
13.0927600861,80.2007064819,66782,66792,10
13.0924196243,80.2006912231,66792,66802,10
13.0918598175,80.2006988525,66802,66812,10
13.091050148,80.2006378174,66812,66823,11
13.0902900696,80.2006530762,66823,66833,10
13.0896100998,80.2005996704,66833,66843,10
13.0889196396,80.2005615234,66843,66853,10
13.0882301331,80.2005081177,66853,66863,10
13.0874900818,80.2004928589,66863,66883,20
13.0874900818,80.2004928589,66883,66893,10
13.0870304108,80.2004928589,66893,66903,10
13.0861301422,80.2004623413,66903,66922,19
13.0861301422,80.2004623413,66922,66934,12
13.0858297348,80.2004928589,66934,66944,10
13.0855998993,80.2004699707,66944,66954,10
13.0853395462,80.200378418,66954,66964,10
13.0852499008,80.2000427246,66964,66974,10
13.0852804184,80.1994171143,66974,66984,10
13.0852098465,80.1987915039,66984,66994,10
13.0848903656,80.1988525391,66994,67004,10
13.084280014,80.1987991333,67004,67024,20
13.084280014,80.1987991333,67024,67034,10
13.0840196609,80.1987609863,67034,67045,11
13.0836296082,80.1987609863,67045,67055,10
13.0831604004,80.198677063,67055,67065,10
13.0827598572,80.1986694336,67065,67075,10
13.0822696686,80.198677063,67075,67085,10
13.0819101334,80.1987075806,67085,67095,10
13.0814504623,80.1987075806,67095,67105,10
13.0809001923,80.1987304688,67105,67115,10
13.0801897049,80.1987915039,67115,67125,10
13.0793895721,80.1988525391,67125,67135,10
13.078499794,80.198928833,67135,67146,11
13.0774202347,80.1990585327,67146,67156,10
13.0764904022,80.1991577148,67156,67166,10
13.0757398605,80.1992492676,67166,67176,10
13.0749702454,80.1994781494,67176,67186,10
13.0743503571,80.1998825073,67186,67196,10
13.0740098953,80.2001876831,67196,67206,10
13.0739097595,80.2002792358,67206,67216,10
13.0736904144,80.2005615234,67216,67226,10
13.0733995438,80.2009124756,67226,67236,10
13.0729503632,80.2014389038,67236,67246,10
13.0725002289,80.2019882202,67246,67257,11
13.0719804764,80.2025299072,67257,67267,10
13.0714197159,80.2031478882,67267,67277,10
13.0708198547,80.2038421631,67277,67287,10
13.0700597763,80.2048492432,67287,67317,30
13.0700597763,80.2048492432,67317,67327,10
13.0700101852,80.2049331665,67327,67337,10
13.069899559,80.2050704956,67337,67347,10
13.069609642,80.2049713135,67347,67358,11
13.0693798065,80.2049179077,67358,67368,10
13.0691204071,80.2051696777,67368,67378,10
13.0687503815,80.2054901123,67378,67388,10
13.0679397583,80.2052993774,67388,67438,50
13.0679397583,80.2052993774,67438,67448,10
13.0680599213,80.205039978,67448,67458,10
13.0683298111,80.2049484253,67458,67469,11
13.0687904358,80.2047805786,67469,67479,10
13.0690603256,80.2047424316,67479,67489,10
13.0693597794,80.2048034668,67489,67499,10
13.0695800781,80.2048492432,67499,67509,10
13.0698003769,80.205039978,67509,67519,10
13.0696601868,80.2054595947,67519,67529,10
13.0693101883,80.2060394287,67529,67539,10
13.0688695908,80.2067337036,67539,67549,10
13.0683698654,80.2075195313,67549,67559,10
13.0678300858,80.2084274292,67559,67569,10
13.0672597885,80.2093811035,67569,67580,11
13.0663995743,80.2102966309,67580,67590,10
13.0655899048,80.2109603882,67590,67600,10
13.0650997162,80.2113571167,67600,67610,10
13.065079689,80.2113800049,67610,67620,10
13.0647697449,80.2115097046,67620,67630,10
13.0642595291,80.2116699219,67630,67640,10
13.0637998581,80.211730957,67640,67681,41
13.0637998581,80.211730957,67681,67691,10
13.063369751,80.2117996216,67691,67701,10
13.0628204346,80.2118377686,67701,67711,10
13.0621795654,80.2118377686,67711,67721,10
13.0612897873,80.2118225098,67721,67731,10
13.0600795746,80.2117614746,67731,67741,10
13.059009552,80.2116775513,67741,67751,10
13.0585403442,80.2116622925,67751,67761,10
13.0580797195,80.2116622925,67761,67771,10
13.0575799942,80.2116699219,67771,67781,10
13.0575399399,80.2116622925,67781,67792,11
13.057299614,80.2116394043,67792,67802,10
13.0568304062,80.2116165161,67802,67812,10
13.0561800003,80.2116088867,67812,67822,10
13.0553798676,80.2116088867,67822,67832,10
13.0547103882,80.2115936279,67832,67842,10
13.054400444,80.2116470337,67842,67852,10
13.0538597107,80.2117462158,67852,67862,10
13.0531997681,80.2118911743,67862,67872,10
13.0524702072,80.2120819092,67872,67881,9
13.0518703461,80.2122192383,67881,67893,12
13.0512104034,80.2122879028,67893,67903,10
13.0510396957,80.2123336792,67903,67913,10
13.0507802963,80.2122879028,67913,67923,10
13.0503101349,80.2122497559,67923,67933,10
13.0498504639,80.2122192383,67933,67943,10
13.0495004654,80.2122268677,67943,67953,10
13.049489975,80.2122192383,67953,67963,10
13.0493202209,80.2121582031,67963,67973,10
13.0490903854,80.2121734619,67973,67983,10
13.048740387,80.2122116089,67983,67993,10
13.0483503342,80.2122268677,67993,68004,11
13.0476999283,80.2122802734,68004,68014,10
13.0470104218,80.212348938,68014,68024,10
13.0466804504,80.212387085,68024,68034,10
13.0465097427,80.2124023438,68034,68044,10
13.0462999344,80.2124099731,68044,68054,10
13.0459003448,80.2124404907,68054,68064,10
13.0456399918,80.2124710083,68064,68074,10
13.0452404022,80.2124862671,68074,68226,152
13.0452404022,80.2124862671,68226,68236,10
13.0449399948,80.2124710083,68236,68246,10
13.0445203781,80.2124862671,68246,68256,10
13.0439395905,80.2124481201,68256,68266,10
13.0430803299,80.2124023438,68266,68276,10
13.0422296524,80.2124099731,68276,68286,10
13.0411701202,80.2124099731,68286,68296,10
13.0401096344,80.2124176025,68296,68306,10
13.0392999649,80.2124404907,68306,68316,10
13.0387802124,80.2124404907,68316,68367,51
13.0387802124,80.2124404907,68367,68377,10
13.0384502411,80.2124404907,68377,68387,10
13.0382404327,80.2124633789,68387,68397,10
13.0378904343,80.2124710083,68397,68407,10
13.037560463,80.2124404907,68407,68417,10
13.0371398926,80.2124099731,68417,68428,11
13.0364103317,80.2123565674,68428,68438,10
13.0355396271,80.2123718262,68438,68468,30
13.0355396271,80.2123718262,68468,68478,10
13.0351600647,80.2123413086,68478,68488,10
13.0350799561,80.2123413086,68488,68498,10
13.0349397659,80.2122879028,68498,68508,10
13.0347499847,80.2122879028,68508,68539,31
13.0347499847,80.2122879028,68539,68549,10
13.0342903137,80.2122421265,68549,68579,30
13.0342903137,80.2122421265,68579,68589,10
13.0339603424,80.2121810913,68589,68599,10
13.0336704254,80.2121124268,68599,68609,10
13.0332698822,80.2120132446,68609,68619,10
13.0327301025,80.2119293213,68619,68629,10
13.0322303772,80.2118301392,68629,68639,10
13.031999588,80.2115325928,68639,68650,11
13.0320396423,80.2109222412,68650,68660,10
13.0320396423,80.2102966309,68660,68670,10
13.031999588,80.2097091675,68670,68680,10
13.0316495895,80.2096405029,68680,68690,10
13.03083992,80.2093887329,68690,68700,10
13.0295801163,80.2090530396,68700,68720,20
13.0295801163,80.2090530396,68720,68730,10
13.0293998718,80.2089920044,68730,68740,10
13.0288696289,80.2088623047,68740,68751,11
13.0279502869,80.2085571289,68751,68761,10
13.0272197723,80.2081680298,68761,68771,10
13.0264501572,80.2077102661,68771,68781,10
13.0255699158,80.2072601318,68781,68791,10
13.0242300034,80.2069625854,68791,68811,20
13.0242300034,80.2069625854,68811,68821,10
13.0237598419,80.2068328857,68821,68831,10
13.0232801437,80.206817627,68831,68841,10
13.0226202011,80.20677948,68841,68851,10
13.0215196609,80.2065582275,68851,68862,11
13.0203199387,80.2065124512,68862,68872,10
13.0191802979,80.2064590454,68872,68892,20
13.0191802979,80.2064590454,68892,68902,10
13.0190200806,80.2063827515,68902,68912,10
13.0186395645,80.2062835693,68912,68922,10
13.0179595947,80.2060317993,68922,68932,10
13.0173597336,80.2057876587,68932,68942,10
13.0169401169,80.2056427002,68942,68952,10
13.0162496567,80.205291748,68952,68963,11
13.0152101517,80.2049865723,68963,68973,10
13.0143995285,80.204750061,68973,68993,20
13.0143995285,80.204750061,68993,69003,10
13.0140600204,80.2045974731,69003,69033,30
13.0140600204,80.2045974731,69033,69043,10
13.013759613,80.2044906616,69043,69053,10
13.0135803223,80.2045516968,69053,69063,10
13.0134401321,80.2049636841,69063,69074,11
13.013250351,80.2056808472,69074,69084,10
13.0130796432,80.2064285278,69084,69094,10
13.0129995346,80.20728302,69094,69104,10
13.0129299164,80.2078323364,69104,69114,10
13.0128698349,80.2080307007,69114,69124,10
13.012840271,80.2085418701,69124,69134,10
13.012840271,80.208732605,69134,69144,10
13.0129003525,80.2091674805,69144,69154,10
13.0131397247,80.2097167969,69154,69164,10
13.0131597519,80.2102508545,69164,69175,11
13.0130596161,80.2109069824,69175,69185,10
13.0129699707,80.2110977173,69185,69195,10
13.0127801895,80.2115020752,69195,69205,10
13.0125198364,80.212020874,69205,69215,10
13.0121498108,80.2125930786,69215,69225,10
13.0119800568,80.2128372192,69225,69235,10
13.0117397308,80.2129211426,69235,69245,10
13.0114898682,80.2127227783,69245,69255,10
13.010720253,80.2121887207,69255,69275,20
13.010720253,80.2121887207,69275,69286,11
13.0104904175,80.2119903564,69286,69296,10
13.0103397369,80.2118606567,69296,69306,10
13.0100698471,80.2116394043,69306,69336,30
13.0098304749,80.2114028931,69336,69397,61
13.0095100403,80.2112121582,69397,69437,40
13.0095100403,80.2112121582,69437,69447,10
13.0091695786,80.2113723755,69447,69457,10
13.0090703964,80.2117385864,69457,69467,10
13.00922966,80.212310791,69467,69477,10
13.0094499588,80.2129898071,69477,69487,10
13.0096998215,80.2136535645,69487,69498,11
13.0099897385,80.21434021,69498,69508,10
13.0101499557,80.2149505615,69508,69518,10
13.010219574,80.2156829834,69518,69528,10
13.0105304718,80.2164611816,69528,69538,10
13.0109596252,80.2173995972,69538,69548,10
13.0114097595,80.2185211182,69548,69558,10
13.0118198395,80.2198181152,69558,69568,10
13.0122098923,80.220993042,69568,69578,10
13.0124702454,80.2217483521,69578,69588,10
13.0128698349,80.2223434448,69588,69598,10
13.0133895874,80.2229232788,69598,69609,11
13.0139398575,80.2236099243,69609,69618,9
13.0144701004,80.2241973877,69618,69629,11
13.0149497986,80.2247924805,69629,69639,10
13.0150003433,80.224822998,69639,69649,10
13.0151901245,80.2249679565,69649,69659,10
13.015370369,80.2252426147,69659,69669,10
13.0154304504,80.225479126,69669,69679,10
13.0152997971,80.2258529663,69679,69689,10
13.0149402618,80.2260437012,69689,69699,10
13.0144100189,80.226272583,69699,69710,11
13.0135803223,80.2265777588,69710,69720,10
13.0126800537,80.2269210815,69720,69730,10
13.0116901398,80.2272872925,69730,69740,10
13.0106296539,80.2276992798,69740,69750,10
13.0097904205,80.2279586792,69750,69760,10
13.0095396042,80.2275314331,69760,69770,10
13.0097999573,80.226890564,69770,69780,10
13.0101299286,80.2261428833,69780,69790,10
13.010430336,80.2253875732,69790,69800,10
13.0106801987,80.224861145,69800,69810,10
13.0108003616,80.2245330811,69810,69821,11
13.0109701157,80.2240905762,69821,69831,10
13.0111904144,80.2235717773,69831,69841,10
13.0111904144,80.2232513428,69841,69851,10
13.0108299255,80.2230987549,69851,69861,10
13.0101900101,80.2227630615,69861,69871,10
13.0094804764,80.2223815918,69871,69881,10
13.0087203979,80.2219619751,69881,69891,10
13.0078897476,80.2215423584,69891,69901,10
13.0071697235,80.2211608887,69901,69911,10
13.006480217,80.2208328247,69911,69922,11
13.0055704117,80.2205505371,69922,69932,10
13.0047903061,80.2203674316,69932,69942,10
13.0040302277,80.2201766968,69942,69952,10
13.003490448,80.2200927734,69952,69962,10
13.0028896332,80.2199020386,69962,69972,10
13.0023202896,80.2194900513,69972,69982,10
13.0017795563,80.2189788818,69982,69992,10
13.0011396408,80.21849823,69992,70002,10
13.0005903244,80.218132019,70002,70012,10
12.9999399185,80.2177200317,70012,70022,10
12.9992904663,80.217338562,70022,70033,11
12.9987096786,80.2170410156,70033,70043,10
12.9984903336,80.2169113159,70043,70053,10
12.9982204437,80.2167816162,70053,70103,50
12.9982204437,80.2167816162,70103,70113,10
12.9977703094,80.2166519165,70113,70123,10
12.9976196289,80.2166595459,70123,70134,11
12.9975404739,80.2166213989,70134,70144,10
12.9972801208,80.2166290283,70144,70154,10
12.9972600937,80.2166290283,70154,70164,10
12.9969501495,80.2166213989,70164,70174,10
12.9967899323,80.2166366577,70174,70184,10
12.9965896606,80.2166595459,70184,70194,10
12.9964103699,80.2167129517,70194,70204,10
12.9961395264,80.2167816162,70204,70214,10
12.9958400726,80.2168426514,70214,70234,20
12.9958400726,80.2168426514,70234,70245,11
12.9954795837,80.2169113159,70245,70255,10
12.9954500198,80.2169265747,70255,70265,10
12.9952297211,80.217048645,70265,70275,10
12.9952001572,80.2170715332,70275,70285,10
12.9949703217,80.2172164917,70285,70295,10
12.99477005,80.2173614502,70295,70305,10
12.9944095612,80.217628479,70305,70315,10
12.9938697815,80.2180328369,70315,70325,10
12.9932403564,80.2184295654,70325,70335,10
12.9927301407,80.2188415527,70335,70346,11
12.9919996262,80.219367981,70346,70356,10
12.9916200638,80.219619751,70356,70376,20
12.9916200638,80.219619751,70376,70386,10
12.9914598465,80.2197113037,70386,70396,10
12.9910898209,80.219619751,70396,70406,10
12.9909896851,80.219581604,70406,70416,10
12.9906101227,80.2194213867,70416,70426,10
12.9900503159,80.2192306519,70426,70436,10
12.9893398285,80.2189788818,70436,70446,10
12.9885902405,80.2187194824,70446,70457,11
12.9876403809,80.21849823,70457,70467,10
12.9869003296,80.2183685303,70467,70477,10
12.9867601395,80.2183303833,70477,70487,10
12.9864902496,80.2182769775,70487,70497,10
12.9858999252,80.2181396484,70497,70507,10
12.9850101471,80.2180175781,70507,70517,10
12.9843196869,80.2180099487,70517,70527,10
12.9838695526,80.2180480957,70527,70537,10
12.9838399887,80.2180328369,70537,70547,10
12.9835996628,80.2180023193,70547,70558,11
12.9829998016,80.2180023193,70558,70568,10
12.9822502136,80.2180175781,70568,70578,10
12.9814796448,80.2181015015,70578,70588,10
12.9806995392,80.2183227539,70588,70598,10
12.9801397324,80.218536377,70598,70608,10
12.9799604416,80.2186203003,70608,70618,10
12.979590416,80.2188110352,70618,70628,10
12.9790201187,80.219039917,70628,70638,10
12.9785699844,80.2191925049,70638,70648,10
12.9779596329,80.2194519043,70648,70657,9
12.9773197174,80.2197418213,70657,70669,12
12.9768104553,80.2199630737,70669,70689,20
12.9768104553,80.2199630737,70689,70699,10
12.9766302109,80.2200469971,70699,70709,10
12.9764995575,80.220123291,70709,70719,10
12.9763698578,80.2201690674,70719,70941,222
12.9763698578,80.2201690674,70941,70951,10
12.9759902954,80.2202606201,70951,70961,10
12.9758396149,80.2203292847,70961,70981,20
12.9758396149,80.2203292847,70981,70992,11
12.9754400253,80.2207336426,70992,71012,20
12.9754400253,80.2207336426,71012,71022,10
12.9755897522,80.2209014893,71022,71082,60
12.9758796692,80.2211303711,71082,71739,657
12.9758796692,80.2211303711,71739,71749,10
12.9763698578,80.2213287354,71749,71759,10
12.9767799377,80.221321106,71759,71769,10
12.9774103165,80.2213134766,71769,71779,10
12.9778795242,80.221282959,71779,71789,10
12.9781999588,80.2212600708,71789,71799,10
12.9787197113,80.2211990356,71799,71809,10
12.9792299271,80.2211685181,71809,71819,10
12.9798803329,80.2211380005,71819,71829,10
12.9805498123,80.2210388184,71829,71839,10
12.9812202454,80.2211914063,71839,71850,11
12.9818496704,80.2216033936,71850,71860,10
12.9821100235,80.2217407227,71860,71870,10
12.9822998047,80.2218093872,71870,71880,10
12.982509613,80.221862793,71880,71890,10
12.9826698303,80.2219161987,71890,71900,10
12.9828901291,80.2220077515,71900,71910,10
12.9829998016,80.2220611572,71910,71920,10
12.983300209,80.2222595215,71920,71930,10
12.9837398529,80.2225570679,71930,71940,10
12.9839401245,80.2226715088,71940,71951,11
12.9841899872,80.2228164673,71951,71961,10
12.9845895767,80.2230682373,71961,71971,10
12.9850502014,80.2232818604,71971,71981,10
12.9854402542,80.2232894897,71981,71991,10
12.9856595993,80.2230682373,71991,72001,10
12.9857997894,80.2230224609,72001,72011,10
12.9861803055,80.2229995728,72011,72021,10
12.9864397049,80.2230072021,72021,72031,10
12.9866399765,80.2229995728,72031,72041,10
12.9868803024,80.2230606079,72041,72051,10
12.9871397018,80.2230911255,72051,72062,11
12.9876203537,80.2230529785,72062,72072,10
12.988120079,80.2227401733,72072,72082,10
12.9885396957,80.222366333,72082,72092,10
12.9888601303,80.2220077515,72092,72102,10
12.9892101288,80.221572876,72102,72112,10
12.9897298813,80.2209014893,72112,72122,10
12.9904203415,80.2203216553,72122,72132,10
12.9912595749,80.219619751,72132,72203,71
12.9912595749,80.219619751,72203,72213,10
12.9916400909,80.2193908691,72213,72223,10
12.9921197891,80.2190704346,72223,72233,10
12.9927501678,80.2185897827,72233,72243,10
12.9934997559,80.2180404663,72243,72253,10
12.9940795898,80.2176513672,72253,72263,10
12.994600296,80.2172470093,72263,72274,11
12.9951601028,80.2168807983,72274,72284,10
12.9956197739,80.2166519165,72284,72294,10
12.9961395264,80.216506958,72294,72304,10
12.9967403412,80.2164764404,72304,72314,10
12.9970998764,80.2164306641,72314,72324,10
12.9973096848,80.2161865234,72324,72334,10
12.9973402023,80.2161712646,72334,72344,10
12.9975996017,80.2159729004,72344,72354,10
12.9979600906,80.215637207,72354,72364,10
12.9984798431,80.2152023315,72364,72374,10
12.9990100861,80.2147293091,72374,72385,11
12.999329567,80.2144775391,72385,72395,10
12.9997997284,80.2141036987,72395,72405,10
13.0002698898,80.2136688232,72405,72415,10
13.0008096695,80.2131729126,72415,72425,10
13.0013303757,80.2127685547,72425,72435,10
13.0018997192,80.2123565674,72435,72445,10
13.0023403168,80.2121582031,72445,72455,10
13.0026397705,80.2120819092,72455,72465,10
13.0032100677,80.2120819092,72465,72475,10
13.0035800934,80.2118835449,72475,72486,11
13.0035896301,80.2114181519,72486,72496,10
13.0035600662,80.2107925415,72496,72506,10
13.0034704208,80.2101364136,72506,72516,10
13.0034503937,80.2095336914,72516,72526,10
13.0035600662,80.2089385986,72526,72536,10
13.004070282,80.2087020874,72536,72546,10
13.0047798157,80.2090377808,72546,72556,10
13.0055503845,80.2093887329,72556,72566,10
13.0060596466,80.2095718384,72566,72576,10
13.0063400269,80.2096633911,72576,72586,10
13.0069999695,80.2098236084,72586,72617,31
13.0069999695,80.2098236084,72617,72627,10
13.007229805,80.2098388672,72627,72637,10
13.0073299408,80.2098617554,72637,72647,10
13.0074701309,80.2099075317,72647,72657,10
13.0077199936,80.2099685669,72657,72667,10
13.0078802109,80.2099914551,72667,72677,10
13.008099556,80.2099990845,72677,72687,10
13.0080404282,80.2095489502,72687,72698,11
13.0078897476,80.2088165283,72698,72708,10
13.0077896118,80.2080307007,72708,72718,10
13.0076599121,80.2071380615,72718,72728,10
13.0075302124,80.2063980103,72728,72738,10
13.0074501038,80.2056808472,72738,72748,10
13.0074300766,80.2050018311,72748,72758,10
13.0074300766,80.2042999268,72758,72768,10
13.007349968,80.2035827637,72768,72778,10
13.0071296692,80.2026977539,72778,72788,10
13.0065202713,80.2027511597,72788,72798,10
13.006649971,80.2033233643,72798,72809,11
13.0073404312,80.2036514282,72809,72819,10
13.0081195831,80.2037506104,72819,72829,10
13.0091495514,80.2036895752,72829,72839,10
13.0104904175,80.203666687,72839,72849,10
13.0117998123,80.2037963867,72849,72859,10
13.0129003525,80.2040328979,72859,72869,10
13.0137395859,80.2043075562,72869,72879,10
13.0149002075,80.2046508789,72879,72899,20
13.0149002075,80.2046508789,72899,72909,10
13.015080452,80.2046890259,72909,72920,11
13.015540123,80.2048034668,72920,72960,40
13.015879631,80.2049179077,72960,73000,40
13.015879631,80.2049179077,73000,73010,10
13.0163202286,80.2051467896,73010,73031,21
13.0163202286,80.2051467896,73031,73041,10
13.0167703629,80.2052230835,73041,73061,20
13.0167703629,80.2052230835,73061,73071,10
13.0174503326,80.2055511475,73071,73081,10
13.0179004669,80.2057189941,73081,73091,10
13.0185098648,80.2059173584,73091,73101,10
13.0185604095,80.2059402466,73101,73111,10
13.0188398361,80.2060394287,73111,73121,10
13.0193300247,80.2061691284,73121,73132,11
13.0201702118,80.2062606812,73132,73142,10
13.0210599899,80.2062835693,73142,73152,10
13.0216798782,80.2063293457,73152,73162,10
13.0222997665,80.206413269,73162,73172,10
13.0229797363,80.2065582275,73172,73182,10
13.0238895416,80.2066726685,73182,73192,10
13.0246801376,80.2068099976,73192,73202,10
13.0254602432,80.2070388794,73202,73212,10
13.0261802673,80.2074432373,73212,73222,10
13.0269403458,80.2079086304,73222,73233,11
13.0279102325,80.2084503174,73233,73243,10
13.0287303925,80.2087020874,73243,73253,10
13.0296497345,80.2089309692,73253,73273,20
13.0296497345,80.2089309692,73273,73283,10
13.0297698975,80.2089691162,73283,73293,10
13.0301799774,80.2090911865,73293,73303,10
13.0307102203,80.2092437744,73303,73313,10
13.0313396454,80.2094116211,73313,73333,20
13.0313396454,80.2094116211,73333,73344,11
13.0316095352,80.2094726563,73344,73354,10
13.0321798325,80.2096176147,73354,73364,10
13.0329303741,80.2097320557,73364,73374,10
13.0337600708,80.2099075317,73374,73384,10
13.0345401764,80.2100830078,73384,73394,10
13.0350198746,80.2102432251,73394,73404,10
13.0350103378,80.2105178833,73404,73414,10
13.0349798203,80.21118927,73414,73434,20
13.0349798203,80.21118927,73434,73445,11
13.0349502563,80.2114486694,73445,73455,10
13.0349197388,80.2119369507,73455,73465,10
13.0352897644,80.2122192383,73465,73475,10
13.0359697342,80.2122497559,73475,73485,10
13.0366697311,80.212272644,73485,73495,10
13.0371999741,80.2122573853,73495,73505,10
13.0378799438,80.2122802734,73505,73515,10
13.0386600494,80.2122573853,73515,73525,10
13.0396203995,80.212272644,73525,73535,10
13.0406703949,80.2122802734,73535,73545,10
13.0417804718,80.2122802734,73545,73556,11
13.0430603027,80.2122802734,73556,73566,10
13.0436897278,80.212272644,73566,73586,20
13.0436897278,80.212272644,73586,73596,10
13.0437803268,80.2122879028,73596,73606,10
13.0441503525,80.2122879028,73606,73616,10
13.0446996689,80.2122879028,73616,73626,10
13.0453796387,80.2122879028,73626,73636,10
13.0460300446,80.2122802734,73636,73646,10
13.0467596054,80.2122573853,73646,73656,10
13.0474796295,80.2121887207,73656,73667,11
13.0481700897,80.2120895386,73667,73677,10
13.0483102798,80.2120819092,73677,73687,10
13.0483999252,80.2120819092,73687,73697,10
13.0487804413,80.2120437622,73697,73707,10
13.0494804382,80.2119827271,73707,73737,30
13.0494804382,80.2119827271,73737,73747,10
13.0497102737,80.2119598389,73747,73757,10
13.0500001907,80.2119369507,73757,73768,11
13.0504703522,80.2120132446,73768,73778,10
13.0510396957,80.2119674683,73778,73788,10
13.0520200729,80.2119674683,73788,73798,10
13.0529298782,80.2117614746,73798,73808,10
13.0541801453,80.2114486694,73808,73828,20
13.0541801453,80.2114486694,73828,73838,10
13.054400444,80.2114181519,73838,73848,10
13.0548496246,80.2114181519,73848,73858,10
13.0555200577,80.2114486694,73858,73867,9
13.0563201904,80.2114868164,73867,73879,12
13.0575199127,80.2114868164,73879,73889,10
13.0584096909,80.2115402222,73889,73899,10
13.0591497421,80.2115478516,73899,73909,10
13.0598402023,80.2115783691,73909,73919,10
13.0607004166,80.2116012573,73919,73929,10
13.0614795685,80.2116317749,73929,73939,10
13.0620603561,80.2115631104,73939,73949,10
13.0627202988,80.2115478516,73949,73959,10
13.0628595352,80.211517334,73959,73968,9
13.062959671,80.2115097046,73968,73980,12
13.0634098053,80.2115020752,73980,73990,10
13.0640201569,80.21144104,73990,74000,10
13.0648097992,80.211151123,74000,74010,10
13.065580368,80.2106018066,74010,74020,10
13.0663099289,80.2099761963,74020,74030,10
13.0670204163,80.2092590332,74030,74040,10
13.0675201416,80.2084274292,74040,74050,10
13.0679702759,80.2076187134,74050,74060,10
13.068479538,80.2068405151,74060,74070,10
13.068980217,80.2061004639,74070,74080,10
13.0693597794,80.2054977417,74080,74091,11
13.0695800781,80.2048721313,74091,74101,10
13.0691795349,80.2049407959,74101,74111,10
13.0688800812,80.2053070068,74111,74121,10
13.0687303543,80.2049484253,74121,74161,40
13.0687303543,80.2049484253,74161,74171,10
13.0689201355,80.2047271729,74171,74181,10
13.0693998337,80.2047576904,74181,74192,11
13.0697402954,80.2048492432,74192,74202,10
13.069899559,80.204750061,74202,74212,10
13.0701303482,80.204460144,74212,74222,10
13.0705099106,80.2039794922,74222,74232,10
13.0710496902,80.203338623,74232,74242,10
13.0715999603,80.2027130127,74242,74252,10
13.0718002319,80.2024002075,74252,74282,30
13.0718002319,80.2024002075,74282,74292,10
13.0719499588,80.2022399902,74292,74303,11
13.0722198486,80.2019424438,74303,74313,10
13.0724802017,80.2016677856,74313,74323,10
13.0726699829,80.201461792,74323,74333,10
13.0729103088,80.2011871338,74333,74343,10
13.0731897354,80.2008895874,74343,74353,10
13.0734596252,80.2005462646,74353,74363,10
13.0738401413,80.2000808716,74363,74373,10
13.0741701126,80.19972229,74373,74383,10
13.0744104385,80.19947052,74383,74392,9
13.074640274,80.1993026733,74392,74404,12
13.0747299194,80.1992721558,74404,74414,10
13.0750904083,80.1991500854,74414,74424,10
13.0756597519,80.1990890503,74424,74434,10
13.0761804581,80.1990509033,74434,74444,10
13.0763196945,80.1990432739,74444,74454,10
13.07654953,80.1990203857,74454,74464,10
13.0766897202,80.1990203857,74464,74474,10
13.0769500732,80.1989898682,74474,74484,10
13.0773696899,80.1989364624,74484,74515,31
13.0773696899,80.1989364624,74515,74525,10
13.0775899887,80.1989212036,74525,74535,10
13.0778598785,80.198890686,74535,74545,10
13.0779800415,80.1988677979,74545,74555,10
13.0781698227,80.1988372803,74555,74565,10
13.0782499313,80.1988296509,74565,74575,10
13.0783500671,80.1988220215,74575,74585,10
13.0787801743,80.1987380981,74585,74605,20
13.0787801743,80.1987380981,74605,74615,10
13.0790596008,80.1987304688,74615,74626,11
13.0795001984,80.1987075806,74626,74636,10
13.0797796249,80.198677063,74636,74646,10
13.0800104141,80.1986465454,74646,74666,20
13.0800104141,80.1986465454,74666,74676,10
13.0802497864,80.198638916,74676,74686,10
13.0802602768,80.198638916,74686,74696,10
13.0803604126,80.198638916,74696,74706,10
13.0807600021,80.198600769,74706,74727,21
13.0807600021,80.198600769,74727,74737,10
13.0809803009,80.1985931396,74737,74747,10
13.0810899734,80.1985778809,74747,74757,10
13.0812501907,80.1985931396,74757,74767,10
13.081609726,80.1985931396,74767,74777,10
13.0819597244,80.1985702515,74777,74797,20
13.0819597244,80.1985702515,74797,74807,10
13.0821199417,80.1985473633,74807,74817,10
13.0822000504,80.1985015869,74817,74827,10
13.0823297501,80.1984710693,74827,74838,11
13.0825300217,80.1984710693,74838,74848,10
13.0825796127,80.1984634399,74848,74858,10
13.0829000473,80.1984786987,74858,74878,20
13.0832901001,80.1984634399,74878,74918,40
13.0832901001,80.1984634399,74918,74928,10
13.0835800171,80.1984634399,74928,74939,11
13.0838699341,80.1984634399,74939,74949,10
13.0839004517,80.1984634399,74949,74959,10
13.0840101242,80.1984634399,74959,74969,10
13.0842695236,80.1984481812,74969,74979,10
13.0844602585,80.1984481812,74979,74989,10
13.0849199295,80.1984481812,74989,75009,20
13.0849199295,80.1984481812,75009,75019,10
13.0851898193,80.1984176636,75019,75029,10
13.085269928,80.1984176636,75029,75039,10
13.0855798721,80.1984100342,75039,75050,11
13.086139679,80.1984100342,75050,75060,10
13.0866498947,80.1984176636,75060,75070,10
13.0869197845,80.1984176636,75070,75080,10
13.087100029,80.1980209351,75080,75100,20
13.087100029,80.1980209351,75100,75110,10
13.0871400833,80.1977310181,75110,75120,10
13.0871896744,80.1971893311,75120,75130,10
13.0872001648,80.1964492798,75130,75140,10
13.0872097015,80.1955871582,75140,75150,10
13.0872097015,80.1945495605,75150,75161,11
13.0872497559,80.1930007935,75161,75221,60
13.0872497559,80.1930007935,75221,75231,10
13.0873003006,80.1925964355,75231,75241,10
13.0873403549,80.1920623779,75241,75251,10
13.0874204636,80.1912536621,75251,75262,11
13.0875196457,80.190246582,75262,75272,10
13.0875396729,80.1892700195,75272,75282,10
13.0875797272,80.1890029907,75282,75292,10
13.0876197815,80.1889266968,75292,75302,10
13.0876398087,80.1885681152,75302,75312,10
13.087679863,80.1880111694,75312,75322,10
13.0877399445,80.1872634888,75322,75332,10
13.0878000259,80.1863632202,75332,75342,10
13.0878400803,80.1854934692,75342,75352,10
13.0879001617,80.1845703125,75352,75361,9
13.0879402161,80.1836776733,75361,75373,12
13.0879802704,80.1826324463,75373,75383,10
13.0880203247,80.1819076538,75383,75393,10
13.088060379,80.1810836792,75393,75403,10
13.0880498886,80.1803207397,75403,75413,10
13.0880699158,80.1801071167,75413,75423,10
13.0880699158,80.1798171997,75423,75433,10
13.0880403519,80.1795806885,75433,75443,10
13.0880403519,80.1795730591,75443,75453,10
13.088060379,80.1792373657,75453,75474,21
13.088060379,80.1792373657,75474,75484,10
13.0881099701,80.1790237427,75484,75494,10
13.0880899429,80.1787109375,75494,75504,10
13.0881004333,80.1781005859,75504,75514,10
13.0881204605,80.1772994995,75514,75524,10
13.0881700516,80.1765136719,75524,75534,10
13.0882396698,80.1755981445,75534,75544,10
13.0882797241,80.1747589111,75544,75554,10
13.088350296,80.1740570068,75554,75564,10
13.0883998871,80.1732788086,75564,75574,10
13.0884504318,80.1723937988,75574,75585,11
13.0884504318,80.171913147,75585,75595,10
13.0884599686,80.1718292236,75595,75605,10
13.0884895325,80.171546936,75605,75615,10
13.08852005,80.171081543,75615,75625,10
13.0885295868,80.1707763672,75625,75635,10
13.0885400772,80.1706619263,75635,75645,10
13.0885601044,80.1702880859,75645,75655,10
13.0885696411,80.1697692871,75655,75665,10
13.0888004303,80.1694564819,75665,75675,10
13.0891199112,80.1695022583,75675,75686,11
13.0897703171,80.1695709229,75686,75696,10
13.0905799866,80.1696166992,75696,75706,10
13.0914802551,80.1696624756,75706,75716,10
13.0923404694,80.1697311401,75716,75726,10
13.0932798386,80.1697692871,75726,75736,10
13.0939903259,80.1697998047,75736,75746,10
13.0944404602,80.1698379517,75746,75756,10
13.0945796967,80.1698608398,75756,75766,10
13.0946598053,80.1698913574,75766,75776,10
13.0948495865,80.1698989868,75776,75786,10
13.0950698853,80.1699066162,75786,75797,11
13.0955495834,80.1699371338,75797,75807,10
13.0962600708,80.1699829102,75807,75817,10
13.0971498489,80.1700363159,75817,75827,10
13.0980901718,80.1700897217,75827,75837,10
13.0987796783,80.1701278687,75837,75847,10
13.0988397598,80.1701278687,75847,75857,10
13.0991401672,80.1701431274,75857,75867,10
13.0993499756,80.1701507568,75867,75877,10
13.09953022,80.1701202393,75877,75887,10
13.0996799469,80.1699829102,75887,75928,41
13.0996799469,80.1699829102,75928,75938,10
13.0996799469,80.1697006226,75938,75948,10
13.0995397568,80.1696777344,75948,75958,10
13.0993700027,80.1697998047,75958,76069,111
13.0993700027,80.1697998047,76069,76079,10
13.0992898941,80.1701202393,76079,76786,707
13.0992898941,80.1701202393,76786,76796,10
13.0992202759,80.1702728271,76796,76806,10
13.0988798141,80.1702423096,76806,76816,10
13.0982904434,80.1701812744,76816,76826,10
13.0975503922,80.1701278687,76826,76836,10
13.0967597961,80.1700820923,76836,76846,10
13.095870018,80.1699905396,76846,76855,9
13.0951299667,80.1699371338,76855,76867,12
13.0947599411,80.1699295044,76867,76877,10
13.0945501328,80.169921875,76877,76887,10
13.0942001343,80.1699066162,76887,76897,10
13.0936098099,80.169921875,76897,76907,10
13.0928497314,80.1699066162,76907,76917,10
13.0918703079,80.1697998047,76917,76927,10
13.090959549,80.1697006226,76927,76937,10
13.0901699066,80.1696395874,76937,76947,10
13.0888595581,80.1695480347,76947,76998,51
13.0888595581,80.1695480347,76998,77008,10
13.0887298584,80.1694717407,77008,77018,10
13.0886602402,80.1700668335,77018,77048,30
13.0886602402,80.1700668335,77048,77058,10
13.0886001587,80.1705627441,77058,77068,10
13.0885896683,80.1710205078,77068,77079,11
13.0885696411,80.1716690063,77079,77089,10
13.088549614,80.171913147,77089,77099,10
13.08852005,80.1721572876,77099,77109,10
13.08852005,80.1726303101,77109,77119,10
13.0884799957,80.1733474731,77119,77129,10
13.0884304047,80.1742172241,77129,77139,10
13.0883703232,80.1750793457,77139,77149,10
13.0882997513,80.1760177612,77149,77159,10
13.0882501602,80.1770324707,77159,77169,10
13.0882301331,80.177696228,77169,77179,10
13.0881996155,80.1784286499,77179,77190,11
13.0881996155,80.1786422729,77190,77200,10
13.0881795883,80.1789779663,77200,77210,10
13.0881795883,80.1795578003,77210,77220,10
13.0881099701,80.1803817749,77220,77230,10
13.0880899429,80.1813201904,77230,77240,10
13.0880403519,80.1822433472,77240,77250,10
13.0880403519,80.1827087402,77250,77260,10
13.0880403519,80.183380127,77260,77270,10
13.0879802704,80.1842422485,77270,77280,10
13.0879402161,80.1852264404,77280,77291,11
13.0879001617,80.1861495972,77291,77301,10
13.0878601074,80.1870880127,77301,77311,10
13.0877799988,80.1878814697,77311,77321,10
13.0878000259,80.1884002686,77321,77331,10
13.0877895355,80.1891098022,77331,77341,10
13.0877399445,80.1897888184,77341,77351,10
13.0877399445,80.1898269653,77351,77361,10
13.0877199173,80.1900863647,77361,77371,10
13.0876398087,80.1906585693,77371,77381,10
13.0875196457,80.1914825439,77381,77391,10
13.0874300003,80.1922988892,77391,77402,11
13.0874004364,80.1925430298,77402,77412,10
13.0873699188,80.1927566528,77412,77422,10
13.0873403549,80.1932296753,77422,77432,10
13.0873403549,80.1939468384,77432,77442,10
13.0873203278,80.1948165894,77442,77452,10
13.0872898102,80.195602417,77452,77462,10
13.0872602463,80.1963729858,77462,77472,10
13.087220192,80.1972885132,77472,77482,10
13.087220192,80.1978225708,77482,77492,10
13.0872001648,80.1980895996,77492,77503,11
13.0873298645,80.1984710693,77503,77513,10
13.0875902176,80.1984786987,77513,77523,10
13.0881500244,80.1984405518,77523,77533,10
13.0888595581,80.1984481812,77533,77543,10
13.0895204544,80.1984634399,77543,77553,10
13.0902996063,80.1985092163,77553,77563,10
13.0911197662,80.1985626221,77563,77573,10
13.0918903351,80.1986312866,77573,77583,10
13.0927696228,80.198638916,77583,77593,10
13.0929803848,80.1987991333,77593,77603,10
13.0929603577,80.1991882324,77603,77614,11
13.092880249,80.1999206543,77614,77624,10
13.0927801132,80.2005615234,77624,77634,10
13.092499733,80.200592041,77634,77644,10
13.091919899,80.2005767822,77644,77654,10
13.0911598206,80.2005691528,77654,77664,10
13.0902996063,80.2005615234,77664,77674,10
13.0892801285,80.2005081177,77674,77684,10
13.0883102417,80.2004776001,77684,77694,10
13.0873298645,80.2004623413,77694,77704,10
13.0866804123,80.2004470825,77704,77715,11
13.0858697891,80.2003936768,77715,77725,10
13.0854597092,80.2003631592,77725,77735,10
13.0853395462,80.2000808716,77735,77745,10
13.0853004456,80.1994934082,77745,77755,10
13.0852403641,80.1987762451,77755,77765,10
13.0849599838,80.1987075806,77765,77775,10
13.0845003128,80.1986923218,77775,77785,10
13.0843400955,80.198677063,77785,77795,10
13.0840597153,80.1986999512,77795,77805,10
13.0835599899,80.1986923218,77805,77814,9
13.0832004547,80.1986465454,77814,77826,12
13.0831804276,80.1986465454,77826,77836,10
13.0830602646,80.1986618042,77836,77846,10
13.0826797485,80.198638916,77846,77856,10
13.0820903778,80.1986465454,77856,77866,10
13.0815200806,80.1986618042,77866,77876,10
13.0808296204,80.1986694336,77876,77886,10
13.0800800323,80.1987380981,77886,77896,10
13.0792703629,80.1988067627,77896,77906,10
13.078379631,80.1988983154,77906,77916,10
13.077460289,80.1990127563,77916,77927,11
13.0764102936,80.1991424561,77927,77937,10
13.0755195618,80.1992416382,77937,77947,10
13.0747098923,80.1995391846,77947,77957,10
13.0741701126,80.1999511719,77957,77967,10
13.0738201141,80.200340271,77967,77977,10
13.0736703873,80.2005233765,77977,77987,10
13.0735397339,80.200668335,77987,77997,10
13.0733203888,80.2009277344,77997,78007,10
13.0729398727,80.2013931274,78007,78017,10
13.0726003647,80.2017822266,78017,78027,10
13.0722999573,80.2021408081,78027,78038,11
13.0717601776,80.2026672363,78038,78048,10
13.0712299347,80.2032699585,78048,78058,10
13.070690155,80.2039031982,78058,78068,10
13.0702295303,80.204498291,78068,78078,10
13.0699701309,80.2048873901,78078,78088,10
13.0698795319,80.2049789429,78088,78098,10
13.0695800781,80.2049484253,78098,78108,10
13.0692300797,80.2049331665,78108,78118,10
13.0689401627,80.2053070068,78118,78128,10
13.0684604645,80.2054824829,78128,78139,11
13.0679397583,80.2053222656,78139,78209,70
13.0681495667,80.2049865723,78209,78239,30
13.0681495667,80.2049865723,78239,78250,11
13.0684995651,80.2048568726,78250,78260,10
13.0689401627,80.2047119141,78260,78270,10
13.0695295334,80.204750061,78270,78300,30
13.0695295334,80.204750061,78300,78310,10
13.0698003769,80.2049026489,78310,78320,10
13.0697898865,80.2052001953,78320,78330,10
13.0694904327,80.205657959,78330,78340,10
13.0691003799,80.2062606812,78340,78350,10
13.0686702728,80.2069396973,78350,78361,11
13.0681400299,80.2077789307,78361,78371,10
13.0676803589,80.2085266113,78371,78381,10
13.0673103333,80.2091064453,78381,78390,9
13.06690979,80.2097015381,78390,78401,11
13.0662202835,80.2103424072,78401,78411,10
13.0655097961,80.2109680176,78411,78421,10
13.065079689,80.2113265991,78421,78431,10
13.0650501251,80.2113418579,78431,78441,10
13.0647497177,80.2115020752,78441,78451,10
13.0642499924,80.2116775513,78451,78462,11
13.0639400482,80.211769104,78462,78472,10
13.0637702942,80.2117767334,78472,78482,10
13.0633602142,80.2117919922,78482,78492,10
13.0626897812,80.211807251,78492,78502,10
13.0620098114,80.2117767334,78502,78512,10
13.0610799789,80.2117462158,78512,78522,10
13.0600204468,80.2117385864,78522,78532,10
13.059129715,80.211730957,78532,78542,10
13.0583295822,80.2116928101,78542,78552,10
13.0577201843,80.2116394043,78552,78573,21
13.0577201843,80.2116394043,78573,78583,10
13.057299614,80.2116165161,78583,78593,10
13.0568304062,80.2116012573,78593,78603,10
13.0561800003,80.2115783691,78603,78613,10
13.0553598404,80.2115631104,78613,78623,10
13.0545797348,80.2115707397,78623,78633,10
13.0538702011,80.2117004395,78633,78643,10
13.0530996323,80.2119216919,78643,78653,10
13.0523900986,80.212097168,78653,78663,10
13.0519304276,80.2122192383,78663,78674,11
13.0514497757,80.2122573853,78674,78684,10
13.050860405,80.2122192383,78684,78694,10
13.0499696732,80.2121887207,78694,78734,40
13.0499696732,80.2121887207,78734,78744,10
13.049779892,80.2123031616,78744,78754,10
13.0495500565,80.212272644,78754,78764,10
13.0495100021,80.2122573853,78764,78774,10
13.0493898392,80.2121887207,78774,78785,11
13.0489902496,80.2121963501,78785,78795,10
13.0483999252,80.2122421265,78795,78805,10
13.0476503372,80.212310791,78805,78815,10
13.0467500687,80.2123336792,78815,78825,10
13.0457496643,80.2123794556,78825,78835,10
13.0448598862,80.2124404907,78835,78845,10
13.0441999435,80.2124633789,78845,78855,10
13.0434703827,80.2124176025,78855,78865,10
13.0426902771,80.2124328613,78865,78875,10
13.0417404175,80.2123718262,78875,78886,11
13.0406799316,80.2123794556,78886,78896,10
13.0396604538,80.2124176025,78896,78906,10
13.0387001038,80.2123718262,78906,78916,10
13.0377197266,80.2123794556,78916,78936,20
13.0377197266,80.2123794556,78936,78946,10
13.0375404358,80.212387085,78946,78956,10
13.0371398926,80.212387085,78956,78966,10
13.0365800858,80.2124099731,78966,78976,10
13.0358104706,80.2123336792,78976,78986,10
13.0351495743,80.212272644,78986,78997,11
13.0347003937,80.2121810913,78997,79007,10
13.0343999863,80.2121505737,79007,79027,20
13.0343999863,80.2121505737,79027,79037,10
13.0342197418,80.2121429443,79037,79047,10
13.0341100693,80.2121124268,79047,79057,10
13.0337200165,80.2120132446,79057,79067,10
13.0333900452,80.2118988037,79067,79077,10
13.0328702927,80.2117919922,79077,79087,10
13.0322799683,80.2116699219,79087,79098,11
13.0319795609,80.2113494873,79098,79108,10
13.0319700241,80.2107467651,79108,79118,10
13.031999588,80.2099685669,79118,79128,10
13.0318202972,80.2095870972,79128,79138,10
13.0313796997,80.2094268799,79138,79148,10
13.0306997299,80.2092666626,79148,79158,10
13.0299797058,80.2090835571,79158,79168,10
13.0297002792,80.2089996338,79168,79178,10
13.0294904709,80.2089309692,79178,79188,10
13.0294704437,80.2089309692,79188,79198,10
13.0291795731,80.2088317871,79198,79209,11
13.0285701752,80.208656311,79209,79219,10
13.0278596878,80.2084274292,79219,79229,10
13.0271902084,80.2080688477,79229,79239,10
13.0264797211,80.2076416016,79239,79249,10
13.025639534,80.2071685791,79249,79259,10
13.0246496201,80.2069396973,79259,79269,10
13.0241699219,80.2068786621,79269,79279,10
13.0241699219,80.2068710327,79279,79289,10
13.023900032,80.206741333,79289,79299,10
13.0234699249,80.2066497803,79299,79310,11
13.0228004456,80.2065582275,79310,79320,10
13.0220499039,80.2064285278,79320,79330,10
13.0215797424,80.206451416,79330,79340,10
13.0208797455,80.2064590454,79340,79350,10
13.020070076,80.2064666748,79350,79360,10
13.019200325,80.2063903809,79360,79370,10
13.0190000534,80.2062911987,79370,79380,10
13.0188798904,80.206199646,79380,79390,10
13.0185604095,80.2060699463,79390,79400,10
13.017999649,80.2059326172,79400,79410,10
13.0172996521,80.2057113647,79410,79421,11
13.0165596008,80.2053909302,79421,79431,10
13.015540123,80.2049636841,79431,79441,10
13.014289856,80.2045974731,79441,79471,30
13.014289856,80.2045974731,79471,79481,10
13.0140695572,80.2045288086,79481,79491,10
13.0137500763,80.2044219971,79491,79501,10
13.0135402679,80.2045288086,79501,79511,10
13.0134000778,80.2050323486,79511,79520,9
13.0132303238,80.2055969238,79520,79532,12
13.013010025,80.2064666748,79532,79542,10
13.0129499435,80.2072372437,79542,79552,10
13.0128602982,80.2077789307,79552,79562,10
13.0128202438,80.2080535889,79562,79572,10
13.0128002167,80.2085113525,79572,79582,10
13.0128202438,80.2087631226,79582,79592,10
13.0129098892,80.209197998,79592,79602,10
13.0131196976,80.2095794678,79602,79612,10
13.0130796432,80.2102279663,79612,79621,9
13.0129499435,80.2109069824,79621,79633,12
13.0125398636,80.2117767334,79633,79643,10
13.012140274,80.2124404907,79643,79653,10
13.0118398666,80.212852478,79653,79663,10
13.0116901398,80.2128677368,79663,79673,10
13.0114603043,80.2126922607,79673,79683,10
13.0109500885,80.2122802734,79683,79693,10
13.0103302002,80.211807251,79693,79703,10
13.0097198486,80.2113113403,79703,79754,51
13.0094003677,80.2110366821,79754,79774,20
13.0094003677,80.2110366821,79774,79784,10
13.0093002319,80.2109222412,79784,79814,30
13.0093002319,80.2109222412,79814,79824,10
13.0090799332,80.2113571167,79824,79834,10
13.0089702606,80.2115783691,79834,79845,11
13.0090398788,80.2118301392,79845,79855,10
13.0091896057,80.2122497559,79855,79865,10
13.009349823,80.212677002,79865,79875,10
13.0095100403,80.2130966187,79875,79885,10
13.0096998215,80.2135391235,79885,79895,10
13.0098800659,80.2139892578,79895,79905,10
13.0100297928,80.21434021,79905,79915,10
13.0101499557,80.21484375,79915,79925,10
13.0102500916,80.2155609131,79925,79935,10
13.0105495453,80.2163391113,79935,79944,9
13.0109195709,80.2171783447,79944,79956,12
13.0114097595,80.2185211182,79956,79966,10
13.0118198395,80.2195892334,79966,79976,10
13.0121898651,80.220703125,79976,79986,10
13.0123901367,80.2213821411,79986,79996,10
13.0125703812,80.2217330933,79996,80006,10
13.0129699707,80.2222976685,80006,80016,10
13.0134496689,80.2228393555,80016,80026,10
13.0139598846,80.2234573364,80026,80036,10
13.0145301819,80.2239990234,80036,80046,10
13.0151901245,80.224899292,80046,80057,11
13.0154304504,80.2254333496,80057,80067,10
13.0151996613,80.2258300781,80067,80077,10
13.0146198273,80.2260818481,80077,80087,10
13.013879776,80.2263717651,80087,80097,10
13.0130901337,80.2266998291,80097,80107,10
13.0122003555,80.2270736694,80107,80117,10
13.0112495422,80.227432251,80117,80127,10
13.0103502274,80.2277832031,80127,80137,10
13.0096597672,80.2279205322,80137,80147,10
13.0095596313,80.2274169922,80147,80158,11
13.0098800659,80.2266998291,80158,80168,10
13.0101995468,80.2259902954,80168,80178,10
13.0104703903,80.2252578735,80178,80188,10
13.0108299255,80.2244567871,80188,80198,10
13.0111904144,80.2235794067,80198,80208,10
13.0111703873,80.2231521606,80208,80218,10
13.0108003616,80.2229385376,80218,80228,10
13.010219574,80.2226409912,80228,80238,10
13.0095596313,80.2222900391,80238,80248,10
13.008890152,80.2219085693,80248,80258,10
13.0082197189,80.2215499878,80258,80269,11
13.0074300766,80.2211685181,80269,80279,10
13.0067100525,80.2207565308,80279,80289,10
13.0058002472,80.2204971313,80289,80299,10
13.0049295425,80.2203369141,80299,80309,10
13.0041904449,80.2201766968,80309,80319,10
13.0033502579,80.2199478149,80319,80329,10
13.0025997162,80.219619751,80329,80339,10
13.0020103455,80.2190093994,80339,80349,10
13.001250267,80.2183685303,80349,80359,10
13.0004396439,80.2178268433,80359,80369,10
12.9996004105,80.217300415,80369,80379,10
12.9987897873,80.2168579102,80379,80390,11
12.9979095459,80.2163925171,80390,80400,10
12.997420311,80.2164535522,80400,80420,20
12.997420311,80.2164535522,80420,80430,10
12.9972295761,80.2164382935,80430,80440,10
12.9968395233,80.2164535522,80440,80450,10
12.9961996078,80.2165527344,80450,80460,10
12.9954004288,80.2167663574,80460,80470,10
12.9947595596,80.2171783447,80470,80481,11
12.9942102432,80.2175979614,80481,80491,10
12.9937295914,80.2179336548,80491,80501,10
12.9931497574,80.2183303833,80501,80511,10
12.9925003052,80.2188034058,80511,80521,10
12.9918203354,80.2193374634,80521,80531,10
12.9914197922,80.2195892334,80531,80541,10
12.991230011,80.2195587158,80541,80551,10
12.9910001755,80.2194595337,80551,80561,10
12.9909200668,80.2194213867,80561,80571,10
12.9905500412,80.2192764282,80571,80581,10
12.9899902344,80.219078064,80581,80592,11
12.989159584,80.2187805176,80592,80602,10
12.988240242,80.21849823,80602,80612,10
12.9868803024,80.21824646,80612,80632,20
12.9868803024,80.21824646,80632,80642,10
12.9865598679,80.2181777954,80642,80652,10
12.986000061,80.2180404663,80652,80662,10
12.9851398468,80.217918396,80662,80672,10
12.9840097427,80.217956543,80672,80693,21
12.9840097427,80.217956543,80693,80703,10
12.9836797714,80.217918396,80703,80713,10
12.9831199646,80.2179412842,80713,80723,10
12.982339859,80.217956543,80723,80733,10
12.9814395905,80.2180328369,80733,80743,10
12.9805402756,80.2182998657,80743,80753,10
12.9798898697,80.218536377,80753,80763,10
12.9792995453,80.2188262939,80763,80773,10
12.9787902832,80.2190170288,80773,80783,10
12.9783496857,80.2191696167,80783,80793,10
12.9777097702,80.2194366455,80793,80804,11
12.9768104553,80.2198028564,80804,80814,10
12.9758996964,80.2202301025,80814,80824,10
12.9755001068,80.2206115723,80824,80844,20
12.9755001068,80.2206115723,80844,80854,10
12.9756097794,80.2208328247,80854,80864,10
12.9758996964,80.2210083008,80864,80925,61
12.9760398865,80.2211685181,80925,81066,141
12.9761400223,80.221282959,81066,81379,313
12.9759998322,80.2211380005,81379,82247,868
12.9760103226,80.2214736938,82247,82590,343
12.9760103226,80.2214736938,82590,82600,10
12.9760398865,80.2211990356,82600,82701,101
12.9760398865,80.2211990356,82701,82711,10
12.9764499664,80.2212295532,82711,82721,10
12.9768104553,80.2212219238,82721,82732,11
12.9773101807,80.2211685181,82732,82742,10
12.9777698517,80.2211532593,82742,82752,10
12.9782495499,80.2211380005,82752,82762,10
12.9787502289,80.2211074829,82762,82772,10
12.9792299271,80.2210617065,82772,82782,10
12.9797096252,80.2210083008,82782,82792,10
12.9801998138,80.2209777832,82792,82802,10
12.9806900024,80.2209320068,82802,82812,10
12.9812097549,80.2211227417,82812,82822,10
12.9816398621,80.2213592529,82822,82832,10
12.9821195602,80.2216491699,82832,82843,11
12.9826803207,80.2218093872,82843,82853,10
12.9828996658,80.2219009399,82853,82863,10
12.9830999374,80.2220077515,82863,82873,10
12.983420372,80.2222137451,82873,82883,10
12.9837903976,80.2224578857,82883,82893,10
12.984290123,80.2227783203,82893,82903,10
12.9848299026,80.2230911255,82903,82913,10
12.9853696823,80.2232208252,82913,82923,10
12.985710144,80.2229614258,82923,82933,10
12.9862804413,80.22290802,82933,82944,11
12.9868202209,80.2229690552,82944,82954,10
12.9873895645,80.2229919434,82954,82964,10
12.9879102707,80.2227706909,82964,82974,10
12.9884195328,80.2223434448,82974,82984,10
12.9888496399,80.2219009399,82984,82994,10
12.9893102646,80.2214431763,82994,83004,10
12.9903001785,80.2203216553,83004,83014,10
12.9903001785,80.2203216553,83014,83024,10
12.9904499054,80.2202301025,83024,83034,10
12.9906902313,80.2200317383,83034,83044,10
12.9910402298,80.2197494507,83044,83055,11
12.9915599823,80.2193603516,83055,83065,10
12.9920597076,80.2190933228,83065,83075,10
12.9925699234,80.2186508179,83075,83085,10
12.9931602478,80.2182235718,83085,83095,10
12.9937801361,80.2177963257,83095,83105,10
12.994310379,80.2173919678,83105,83115,10
12.9948301315,80.2169876099,83115,83125,10
12.9953403473,80.2166671753,83125,83135,10
12.9958696365,80.2164993286,83135,83144,9
12.9963903427,80.2164001465,83144,83156,12
12.9970903397,80.2163009644,83156,83166,10
12.9973096848,80.2160491943,83166,83176,10
12.9974603653,80.2159881592,83176,83186,10
12.9977397919,80.2157363892,83186,83196,10
12.9980401993,80.2154769897,83196,83206,10
12.9984397888,80.2152328491,83206,83216,10
12.9989099503,80.2147674561,83216,83226,10
12.9991102219,80.2146377563,83226,83236,10
12.9993801117,80.2144317627,83236,83246,10
12.9997396469,80.2141265869,83246,83256,10
13.0000600815,80.2138824463,83256,83267,11
13.0004701614,80.2135314941,83267,83277,10
13.0008897781,80.2131729126,83277,83287,10
13.0012702942,80.212852478,83287,83297,10
13.0017595291,80.2124633789,83297,83307,10
13.0022497177,80.2121429443,83307,83317,10
13.002869606,80.2120437622,83317,83327,10
13.0033197403,80.2120132446,83327,83337,10
13.0035896301,80.2117996216,83337,83347,10
13.0035896301,80.2112731934,83347,83357,10
13.0035400391,80.2106781006,83357,83368,11
13.0034704208,80.2100372314,83368,83378,10
13.0034704208,80.2094726563,83378,83388,10
13.0035800934,80.2089385986,83388,83398,10
13.0039596558,80.2086334229,83398,83408,10
13.0046100616,80.2089004517,83408,83418,10
13.0053100586,80.2092132568,83418,83428,10
13.0060195923,80.2094497681,83428,83438,10
13.0065698624,80.2096176147,83438,83448,10
13.0069704056,80.2096862793,83448,83458,10
13.0069799423,80.2096862793,83458,83468,10
13.0071697235,80.2098007202,83468,83479,11
13.0074996948,80.2098617554,83479,83489,10
13.007900238,80.2099075317,83489,83499,10
13.0080900192,80.2098388672,83499,83509,10
13.008020401,80.2095031738,83509,83519,10
13.0079698563,80.2090682983,83519,83529,10
13.0078897476,80.2085113525,83529,83539,10
13.0077400208,80.2078933716,83539,83549,10
13.0076599121,80.207321167,83549,83559,10
13.0075597763,80.20677948,83559,83569,10
13.0074596405,80.2062530518,83569,83580,11
13.007349968,80.2056884766,83580,83590,10
13.0071802139,80.2051925659,83590,83600,10
13.0069999695,80.204750061,83600,83610,10
13.0067901611,80.2042999268,83610,83620,10
13.0064496994,80.2037963867,83620,83630,10
13.0061903,80.20337677,83630,83640,10
13.0059204102,80.2030029297,83640,83650,10
13.005689621,80.2025909424,83650,83660,10
13.0053396225,80.2019119263,83660,83670,10
13.0053396225,80.2019119263,83670,83680,10
13.0049600601,80.2015686035,83680,83690,10
13.0045700073,80.2013092041,83690,83700,10
13.0044603348,80.2012634277,83700,83711,11
13.0042495728,80.2012023926,83711,83721,10
13.0038795471,80.2011032104,83721,83731,10
13.0034198761,80.2009811401,83731,83741,10
13.0030498505,80.200881958,83741,83751,10
13.0025997162,80.2007522583,83751,83761,10
13.0021495819,80.2004776001,83761,83771,10
13.0018196106,80.2000732422,83771,83781,10
13.0016298294,80.1996231079,83781,83791,10
13.0016002655,80.1991424561,83791,83802,11
13.0016698837,80.1986999512,83802,83812,10
13.0017204285,80.1982727051,83812,83822,10
13.0017995834,80.1977462769,83822,83832,10
13.0018100739,80.1971817017,83832,83842,10
13.0016698837,80.1966705322,83842,83852,10
13.0013799667,80.1961898804,83852,83862,10
13.00096035,80.1956710815,83862,83872,10
13.0005397797,80.1951828003,83872,83882,10
13.0001802444,80.1947174072,83882,83892,10
12.9997596741,80.194229126,83892,83903,11
12.9993495941,80.1937026978,83903,83913,10
12.9990901947,80.1932907104,83913,83923,10
12.9987602234,80.1928405762,83923,83933,10
12.9984197617,80.1923980713,83933,83943,10
12.9980602264,80.1924514771,83943,83953,10
12.9976596832,80.192779541,83953,83963,10
12.9972295761,80.193107605,83963,83973,10
12.9969797134,80.1932907104,83973,83983,10
12.9968395233,80.1933898926,83983,83993,10
12.9966897964,80.193359375,83993,84003,10
12.9967002869,80.1931915283,84003,84014,11
12.996629715,80.1929321289,84014,84094,80
12.996629715,80.1929321289,84094,84104,10
12.996720314,80.1925582886,84104,84306,202
12.9965600967,80.192199707,84306,84638,332
12.9964103699,80.1918411255,84638,84720,82
12.9963598251,80.1914367676,84720,84750,30
12.9966497421,80.1912078857,84750,84831,81
12.9966497421,80.1912078857,84831,84841,10
12.9967699051,80.1912002563,84841,85235,394
12.9968395233,80.190826416,85235,85528,293
12.9968395233,80.190826416,85528,85538,10
12.9968900681,80.1906890869,85538,85588,50
12.9968900681,80.1906890869,85588,85598,10
