13.0758104324,80.2751617432,13,6182,6169
13.0758104324,80.2751617432,6182,6213,31
13.0758600235,80.2751083374,6213,6243,30
13.0758600235,80.2751083374,6243,6405,162
13.0758895874,80.2751235962,6405,6435,30
13.0758695602,80.2751617432,6435,20590,14155
13.0758800507,80.275138855,20590,20651,61
13.0758695602,80.2753829956,20651,20711,60
13.0759401321,80.2757415771,20711,21014,303
13.0759096146,80.2761611938,21014,21045,31
13.0769901276,80.2762374878,21045,21076,31
13.0785303116,80.2752075195,21076,21106,30
13.0808696747,80.2752075195,21106,21135,29
13.0813999176,80.2751464844,21135,21166,31
13.0819501877,80.2753829956,21166,21197,31
13.081990242,80.2759475708,21197,21228,31
13.0819702148,80.2770385742,21228,21256,28
13.0820999146,80.2780990601,21256,21287,31
13.0820999146,80.2781066895,21287,21318,31
13.082110405,80.2783584595,21318,21348,30
13.0823001862,80.2802963257,21348,21379,31
13.0823001862,80.2802963257,21379,21399,20
13.0826797485,80.2819671631,21399,21409,10
13.0835199356,80.2824935913,21409,21419,10
13.0844802856,80.2831115723,21419,21429,10
13.0851898193,80.2838363647,21429,21439,10
13.0855703354,80.2836074829,21439,21449,10
13.0859804153,80.2835769653,21449,21459,10
13.086400032,80.2836837769,21459,21469,10
13.0867595673,80.2839126587,21469,21480,11
13.0875597,80.2839126587,21480,21570,90
13.0878200531,80.283821106,21570,21682,112
13.0878200531,80.283821106,21682,21692,10
13.0881204605,80.2839126587,21692,21702,10
13.0882997513,80.2840576172,21702,21712,10
13.088350296,80.2843780518,21712,21722,10
13.0883998871,80.2846679688,21722,21732,10
13.0884399414,80.2849197388,21732,21742,10
13.0884895325,80.2851104736,21742,21752,10
13.0885601044,80.2855377197,21752,21762,10
13.0885696411,80.2861633301,21762,21772,10
13.0885801315,80.2865219116,21772,21782,10
13.0886001587,80.2870483398,21782,21793,11
13.088640213,80.2875213623,21793,21803,10
13.0886697769,80.2879486084,21803,21813,10
13.0887098312,80.2885284424,21813,21823,10
13.088760376,80.2888183594,21823,21833,10
13.0888299942,80.2894515991,21833,21843,10
13.0888595581,80.2901611328,21843,21853,10
13.0886001587,80.2904129028,21853,21863,10
13.088060379,80.2901306152,21863,21873,10
13.0874204636,80.2898406982,21873,21883,10
13.0866699219,80.2895736694,21883,21894,11
13.0855998993,80.2892990112,21894,21904,10
13.0847396851,80.2891769409,21904,21914,10
13.0838003159,80.2891921997,21914,21924,10
13.0829296112,80.2891693115,21924,21934,10
13.0820703506,80.2888336182,21934,21944,10
13.0811901093,80.2884902954,21944,21954,10
13.0804796219,80.2882995605,21954,21964,10
13.0794897079,80.2881011963,21964,21974,10
13.0783500671,80.2876663208,21974,21984,10
13.0770902634,80.2873382568,21984,21995,11
13.0758600235,80.2870178223,21995,22005,10
13.0744695663,80.2862319946,22005,22015,10
13.0744695663,80.2862319946,22015,22025,10
13.0739898682,80.2860488892,22025,22035,10
13.0699596405,80.2848129272,22035,22075,40
13.0667200089,80.2841186523,22075,22106,31
13.0644102097,80.2835998535,22106,22136,30
13.063369751,80.2833480835,22136,22166,30
13.0565795898,80.2818984985,22166,22247,81
13.053899765,80.2813491821,22247,22277,30
13.0501899719,80.2807769775,22277,22308,31
13.0435495377,80.2798461914,22308,22380,72
13.0428104401,80.2796783447,22380,22409,29
13.0394496918,80.2789764404,22409,22441,32
13.0394496918,80.2789764404,22441,22461,20
13.0389604568,80.2788391113,22461,22471,10
13.0384302139,80.2786407471,22471,22481,10
13.037560463,80.2783737183,22481,22491,10
13.03647995,80.2780075073,22491,22501,10
13.0355501175,80.2777862549,22501,22512,11
13.0346603394,80.277633667,22512,22522,10
13.0339603424,80.2774429321,22522,22532,10
13.0334196091,80.2773971558,22532,22542,10
13.0326099396,80.2774887085,22542,22552,10
13.0316400528,80.2775878906,22552,22562,10
13.0311203003,80.2773895264,22562,22572,10
13.0311203003,80.277381897,22572,22582,10
13.0307998657,80.2771911621,22582,22592,10
13.0302200317,80.2769012451,22592,22602,10
13.0294399261,80.2766571045,22602,22613,11
13.0285196304,80.2763595581,22613,22623,10
13.0277795792,80.2760620117,22623,22633,10
13.0268602371,80.2756729126,22633,22643,10
13.0261497498,80.2753372192,22643,22653,10
13.0260896683,80.2753372192,22653,22663,10
13.0258703232,80.2751998901,22663,22673,10
13.0253200531,80.2749633789,22673,22683,10
13.0245800018,80.274597168,22683,22693,10
13.0239896774,80.2739334106,22693,22702,9
13.0234298706,80.273147583,22702,22714,12
13.0225200653,80.2719421387,22714,22724,10
13.0217695236,80.2709503174,22724,22734,10
13.0210800171,80.2701034546,22734,22744,10
13.0206699371,80.2696533203,22744,22754,10
13.0202798843,80.2691574097,22754,22764,10
13.0197601318,80.2684707642,22764,22774,10
13.019109726,80.2677078247,22774,22784,10
13.0186500549,80.2666931152,22784,22794,10
13.0186300278,80.2658615112,22794,22804,10
13.018819809,80.26512146,22804,22815,11
13.0190601349,80.2640304565,22815,22825,10
13.0189800262,80.2634277344,22825,22835,10
13.0188999176,80.2628326416,22835,22845,10
13.0187797546,80.2618637085,22845,22855,10
13.0183296204,80.2610702515,22855,22865,10
13.0174999237,80.2605361938,22865,22875,10
13.0166597366,80.259979248,22875,22885,10
13.0160503387,80.2596664429,22885,22895,10
13.0159597397,80.2596282959,22895,22905,10
13.01541996,80.2594299316,22905,22916,11
13.0144796371,80.2593078613,22916,22926,10
13.0133695602,80.2592697144,22926,22936,10
13.0121202469,80.2592163086,22936,22946,10
13.0109100342,80.2592010498,22946,22956,10
13.0097503662,80.2592163086,22956,22966,10
13.0087995529,80.2592163086,22966,22976,10
13.0084600449,80.2592163086,22976,22986,10
13.0077600479,80.2593536377,22986,22996,10
13.0072603226,80.2589035034,22996,23006,10
13.0070695877,80.2585296631,23006,23017,11
13.0068902969,80.2582397461,23017,23027,10
13.0064496994,80.2576675415,23027,23037,10
13.005689621,80.2574005127,23037,23047,10
13.0049800873,80.257232666,23047,23057,10
13.0041904449,80.2570495605,23057,23067,10
13.0032196045,80.2568588257,23067,23077,10
13.0024204254,80.2566986084,23077,23087,10
13.001540184,80.2565765381,23087,23097,10
13.0007295609,80.2564468384,23097,23106,9
12.9997701645,80.2562713623,23106,23118,12
12.9986696243,80.2561035156,23118,23128,10
12.9985399246,80.2560806274,23128,23138,10
12.998290062,80.2560119629,23138,23148,10
12.9977903366,80.2559509277,23148,23158,10
12.9974298477,80.2559204102,23158,23168,10
12.9972000122,80.2559127808,23168,23178,10
12.9967699051,80.255897522,23178,23188,10
12.9961299896,80.255897522,23188,23198,10
12.9955396652,80.2559127808,23198,23208,10
12.9949598312,80.2559280396,23208,23218,10
12.9942102432,80.2559814453,23218,23229,11
12.9932203293,80.2560501099,23229,23239,10
12.9923295975,80.2560882568,23239,23249,10
12.9913396835,80.256072998,23249,23259,10
12.9905500412,80.2560424805,23259,23269,10
12.9897203445,80.2560119629,23269,23279,10
12.9889097214,80.2559585571,23279,23289,10
12.9881000519,80.255859375,23289,23299,10
12.9873504639,80.2557296753,23299,23309,10
12.9865598679,80.2555999756,23309,23319,10
12.9861402512,80.2555084229,23319,23330,11
12.9860601425,80.2555007935,23330,23340,10
12.9856901169,80.2554092407,23340,23350,10
12.9849596024,80.2552490234,23350,23360,10
12.9841804504,80.2550888062,23360,23370,10
12.9832801819,80.2548370361,23370,23380,10
12.9825000763,80.2546081543,23380,23390,10
12.9819602966,80.2540283203,23390,23400,10
12.9817495346,80.2531661987,23400,23410,10
12.9811000824,80.2527770996,23410,23420,10
12.9801301956,80.2527618408,23420,23431,11
12.9790201187,80.2526397705,23431,23441,10
12.9785404205,80.2525405884,23441,23451,10
12.9784002304,80.252456665,23451,23461,10
12.9778699875,80.2520294189,23461,23471,10
12.9770097733,80.251411438,23471,23481,10
12.975810051,80.2510375977,23481,23491,10
12.9746103287,80.2507095337,23491,23501,10
12.9734096527,80.2503814697,23501,23511,10
12.9722900391,80.2500991821,23511,23521,10
12.9714002609,80.2498474121,23521,23532,11
12.9701795578,80.2494812012,23532,23542,10
12.9689702988,80.2489929199,23542,23552,10
12.9676799774,80.2485122681,23552,23562,10
12.9665203094,80.2479400635,23562,23572,10
12.9654998779,80.2475128174,23572,23582,10
12.9653301239,80.2474594116,23582,23592,10
12.9652795792,80.2474365234,23592,23602,10
12.9649200439,80.2473068237,23602,23612,10
12.9641704559,80.2470169067,23612,23622,10
12.9637203217,80.2468185425,23622,23633,11
12.9633102417,80.2466201782,23633,23643,10
12.9625701904,80.2462463379,23643,23653,10
12.9615402222,80.2457504272,23653,23663,10
12.9603700638,80.2452011108,23663,23673,10
12.9594202042,80.2448120117,23673,23683,10
12.9592895508,80.2447509766,23683,23693,10
12.958820343,80.2445297241,23693,23703,10
12.9580402374,80.2442092896,23703,23713,10
12.9573698044,80.2439727783,23713,23723,10
12.9564504623,80.2436828613,23723,23744,21
12.9564504623,80.2436828613,23744,23754,10
12.9562196732,80.2436065674,23754,23764,10
12.9555597305,80.243270874,23764,23774,10
12.9546804428,80.2428588867,23774,23784,10
12.9535999298,80.242401123,23784,23794,10
12.9524402618,80.2419433594,23794,23804,10
12.9516401291,80.2416915894,23804,23814,10
12.9514198303,80.2416000366,23814,23824,10
12.9506998062,80.2413482666,23824,23834,10
12.9496202469,80.2410125732,23834,23845,11
12.9482898712,80.2405014038,23845,23855,10
12.9472904205,80.2400894165,23855,23865,10
12.9471197128,80.2400283813,23865,23875,10
12.9467000961,80.2398605347,23875,23885,10
12.9459295273,80.2395324707,23885,23895,10
12.945019722,80.2389526367,23895,23905,10
12.944149971,80.23802948,23905,23915,10
12.9432897568,80.2370681763,23915,23925,10
12.9421701431,80.2364196777,23925,23936,11
12.9406900406,80.2360305786,23936,23946,10
12.9398698807,80.2358169556,23946,23956,10
12.9398202896,80.2358093262,23956,23966,10
12.9397497177,80.2357788086,23966,23976,10
12.9392795563,80.2355728149,23976,23986,10
12.9385004044,80.2351608276,23986,23996,10
12.9375,80.2346572876,23996,24006,10
12.9364500046,80.2341690063,24006,24016,10
12.9357404709,80.2339324951,24016,24025,9
12.9356603622,80.2340698242,24025,24036,11
12.935669899,80.234161377,24036,24047,11
12.935549736,80.2344436646,24047,24057,10
12.9353399277,80.2349624634,24057,24067,10
12.9351797104,80.2354278564,24067,24077,10
12.934920311,80.2353897095,24077,24087,10
12.9344301224,80.2351989746,24087,24097,10
12.9339599609,80.2350082397,24097,24107,10
12.9337701797,80.2354888916,24107,24117,10
12.933549881,80.2361831665,24117,24127,10
12.933139801,80.2361297607,24127,24137,10
12.9329996109,80.2362594604,24137,24148,11
12.9328699112,80.2369232178,24148,24158,10
12.9327201843,80.2373580933,24158,24168,10
12.9324798584,80.237953186,24168,24178,10
12.9322595596,80.2384872437,24178,24188,10
12.9321699142,80.2386398315,24188,24198,10
12.9316396713,80.2386703491,24198,24208,10
12.9311504364,80.2385177612,24208,24228,20
12.9311504364,80.2385177612,24228,24238,10
12.9309902191,80.2384567261,24238,24249,11
12.9303503036,80.238243103,24249,24259,10
12.9296302795,80.2380218506,24259,24269,10
12.9295196533,80.2383117676,24269,24279,10
12.9293603897,80.2388534546,24279,24289,10
12.9291400909,80.2390365601,24289,24299,10
12.928440094,80.238861084,24299,24319,20
12.928440094,80.238861084,24319,24329,10
12.9283504486,80.2388534546,24329,24339,10
12.92786026,80.2387237549,24339,24350,11
12.9269599915,80.2385025024,24350,24360,10
12.9259595871,80.2382507324,24360,24370,10
12.9255695343,80.2384262085,24370,24380,10
12.9249696732,80.2384490967,24380,24390,10
12.9251003265,80.2382278442,24390,24562,172
12.9251003265,80.2382278442,24562,24572,10
12.9252595901,80.2382736206,24572,24582,10
12.9254198074,80.238319397,24582,24592,10
12.925620079,80.2383575439,24592,24602,10
12.9258098602,80.23828125,24602,24612,10
12.9260196686,80.238243103,24612,24622,10
12.9263296127,80.2383270264,24622,24631,9
12.9266901016,80.2384185791,24631,24642,11
12.9272203445,80.2385406494,24642,24652,10
12.9277496338,80.2386627197,24652,24663,11
12.9281797409,80.2387619019,24663,24723,60
12.9281797409,80.2387619019,24723,24733,10
12.9282197952,80.2387695313,24733,24743,10
12.9285001755,80.2388534546,24743,24752,9
12.9288797379,80.2389526367,24752,24764,12
12.9293603897,80.2389602661,24764,24774,10
12.9294595718,80.2386016846,24774,24784,10
12.9295701981,80.2381515503,24784,24794,10
12.9297895432,80.2379837036,24794,24804,10
12.9299497604,80.2380371094,24804,24814,10
12.9301900864,80.2381286621,24814,24824,10
12.9306097031,80.2382888794,24824,24834,10
12.9311599731,80.2384719849,24834,24885,51
12.9311599731,80.2384719849,24885,24895,10
12.9313898087,80.2385787964,24895,24905,10
12.9314804077,80.238609314,24905,24915,10
12.9318304062,80.2387237549,24915,24925,10
12.932220459,80.2386398315,24925,24935,10
12.9323101044,80.2383575439,24935,24945,10
12.9324398041,80.2379837036,24945,24955,10
12.9326496124,80.2374572754,24955,24966,11
12.9327802658,80.2370986938,24966,24976,10
12.9329204559,80.2366409302,24976,24986,10
12.9329900742,80.2361831665,24986,24996,10
12.9332799911,80.2361602783,24996,25006,10
12.9335803986,80.2361373901,25006,25016,10
12.9336700439,80.2357330322,25016,25026,10
12.9337501526,80.235496521,25026,25036,10
12.9338502884,80.2350921631,25036,25046,10
12.9340496063,80.2350463867,25046,25057,11
12.934419632,80.2352294922,25057,25067,10
12.9349403381,80.2354431152,25067,25077,10
12.9351596832,80.2353973389,25077,25087,10
12.9352703094,80.2351226807,25087,25097,10
12.9354600906,80.2345962524,25097,25107,10
12.9357700348,80.2338790894,25107,25157,50
12.9357700348,80.2338790894,25157,25167,10
12.935959816,80.2337265015,25167,25178,11
12.93653965,80.2340316772,25178,25188,10
12.9372997284,80.234413147,25188,25198,10
12.9382696152,80.2348709106,25198,25208,10
12.939330101,80.2353973389,25208,25218,10
12.9398298264,80.2356414795,25218,25228,10
12.9398403168,80.2356414795,25228,25238,10
12.9401597977,80.2357788086,25238,25248,10
12.9408197403,80.2359695435,25248,25258,10
12.9416799545,80.2361984253,25258,25268,10
12.942700386,80.2365264893,25268,25279,11
12.9437103271,80.2373504639,25279,25289,10
12.9445695877,80.2382888794,25289,25299,10
12.9455499649,80.2392120361,25299,25309,10
12.94672966,80.239730835,25309,25319,10
12.9473800659,80.2399978638,25319,25329,10
12.947429657,80.240020752,25329,25339,10
12.9474601746,80.2400283813,25339,25349,10
12.9478502274,80.240196228,25349,25359,10
12.94851017,80.2404785156,25359,25369,10
12.9493398666,80.2408065796,25369,25380,11
12.9504699707,80.2411575317,25380,25390,10
12.9511804581,80.2413711548,25390,25400,10
12.951210022,80.2413787842,25400,25410,10
12.951379776,80.2414398193,25410,25420,10
12.9518899918,80.2416381836,25420,25430,10
12.9526395798,80.2419281006,25430,25440,10
12.9535799026,80.2423019409,25440,25450,10
12.9546499252,80.242729187,25450,25460,10
12.9553604126,80.2430114746,25460,25470,10
12.9561004639,80.2432937622,25470,25481,11
12.9565095901,80.2434387207,25481,25491,10
12.9567804337,80.2435531616,25491,25501,10
12.9573898315,80.243812561,25501,25511,10
12.9582099915,80.2441482544,25511,25521,10
12.9586896896,80.2443389893,25521,25531,10
12.9588499069,80.2444000244,25531,25541,10
12.9589500427,80.2444534302,25541,25551,10
12.959400177,80.244682312,25551,25561,10
12.960100174,80.2450027466,25561,25571,10
12.9609804153,80.2453994751,25571,25582,11
12.9621400833,80.2459564209,25582,25592,10
12.9633398056,80.2465286255,25592,25632,40
12.9633398056,80.2465286255,25632,25642,10
12.9636602402,80.2467498779,25642,25652,10
12.9642400742,80.2469711304,25652,25662,10
12.9650201797,80.2472381592,25662,25672,10
12.9663896561,80.247718811,25672,25693,21
12.9663896561,80.247718811,25693,25703,10
12.9665803909,80.2478103638,25703,25713,10
12.9670801163,80.2480773926,25713,25723,10
12.9678401947,80.2484207153,25723,25733,10
12.9688196182,80.2488098145,25733,25743,10
12.9699602127,80.2492523193,25743,25753,10
12.9711503983,80.249671936,25753,25763,10
12.972410202,80.25,25763,25774,11
12.9737701416,80.2503585815,25774,25782,8
12.9747495651,80.2506408691,25782,25794,12
12.9762401581,80.2510681152,25794,25804,10
12.977399826,80.2514801025,25804,25814,10
12.9786396027,80.2523803711,25814,25834,20
12.9786396027,80.2523803711,25834,25844,10
12.9789104462,80.2525100708,25844,25854,10
12.9795598984,80.2526092529,25854,25864,10
12.9798498154,80.2526397705,25864,25874,10
12.9798803329,80.2526397705,25874,25883,9
12.9802103043,80.2526473999,25883,25895,12
12.9810600281,80.2526397705,25895,25905,10
12.9819898605,80.2526321411,25905,25915,10
12.9831495285,80.2525787354,25915,25925,10
12.9843702316,80.2522964478,25925,25935,10
12.9856004715,80.251953125,25935,25945,10
12.9866600037,80.2516784668,25945,25955,10
12.9875097275,80.251411438,25955,25965,10
12.9878997803,80.2515029907,25965,25975,10
12.9879999161,80.2519378662,25975,25985,10
12.9880104065,80.2526626587,25985,25996,11
12.9879302979,80.2537002563,25996,26006,10
12.9878396988,80.254699707,26006,26016,10
12.9877901077,80.2555007935,26016,26056,40
12.9877901077,80.2555007935,26056,26066,10
12.9877595901,80.255531311,26066,26076,10
12.9878396988,80.255821228,26076,26086,10
12.9883699417,80.2558822632,26086,26097,11
12.9886798859,80.255897522,26097,26107,10
12.9887199402,80.255897522,26107,26117,10
12.9891300201,80.2559432983,26117,26127,10
12.9898300171,80.2559967041,26127,26137,10
12.990650177,80.2559814453,26137,26147,10
12.9914503098,80.2560424805,26147,26157,10
12.992389679,80.2560577393,26157,26167,10
12.9933595657,80.2559967041,26167,26176,9
12.9942398071,80.2559509277,26176,26187,11
12.9952898026,80.2558822632,26187,26198,11
12.9963502884,80.255859375,26198,26208,10
12.9970302582,80.255859375,26208,26218,10
12.9974899292,80.2558822632,26218,26228,10
12.9981603622,80.2559432983,26228,26238,10
12.9986600876,80.2559967041,26238,26268,30
12.9986600876,80.2559967041,26268,26278,10
12.9989500046,80.2560501099,26278,26287,9
12.9993095398,80.2561035156,26287,26309,22
12.9993095398,80.2561035156,26309,26319,10
12.999710083,80.2562179565,26319,26329,10
13.0003995895,80.256362915,26329,26339,10
13.0011100769,80.2565002441,26339,26349,10
13.0015096664,80.2565536499,26349,26359,10
13.0021896362,80.2566604614,26359,26369,10
13.0030097961,80.2568206787,26369,26379,10
13.0039796829,80.2570037842,26379,26389,10
13.0050802231,80.2572097778,26389,26400,11
13.0061397552,80.2574234009,26400,26410,10
13.0064897537,80.2574768066,26410,26430,20
13.0064897537,80.2574768066,26430,26440,10
13.0065603256,80.2574768066,26440,26450,10
13.0068597794,80.2577209473,26450,26460,10
13.0072698593,80.2583999634,26460,26470,10
13.0081300735,80.2588577271,26470,26480,10
13.0086097717,80.2590179443,26480,26490,10
13.0086803436,80.2590484619,26490,26501,11
13.0092201233,80.2590866089,26501,26511,10
13.0101203918,80.2591018677,26511,26521,10
13.0112495422,80.2591094971,26521,26531,10
13.0124397278,80.2591094971,26531,26541,10
13.0137395859,80.2591705322,26541,26551,10
13.0150499344,80.2592086792,26551,26561,10
13.0160703659,80.2594604492,26561,26571,10
13.016500473,80.2597198486,26571,26581,10
13.0165300369,80.2597427368,26581,26591,10
13.0169000626,80.2600326538,26591,26602,11
13.0176696777,80.260559082,26602,26612,10
13.0185604095,80.2611694336,26612,26622,10
13.0193300247,80.2618179321,26622,26632,10
13.0199604034,80.262512207,26632,26642,10
13.0202798843,80.2630081177,26642,26652,10
13.0196695328,80.2629928589,26652,26662,10
13.019080162,80.2629776001,26662,26672,10
13.0190696716,80.2634887695,26672,26682,10
13.0191202164,80.2642974854,26682,26692,10
13.0188999176,80.2651977539,26692,26701,9
13.0187902451,80.2655792236,26701,26713,12
13.018699646,80.266456604,26713,26723,10
13.0189599991,80.2673568726,26723,26733,10
13.0195798874,80.2681884766,26733,26743,10
13.0202999115,80.2690887451,26743,26753,10
13.0209503174,80.269859314,26753,26763,10
13.0213899612,80.270362854,26763,26773,10
13.0214004517,80.2703704834,26773,26783,10
13.0216302872,80.2706604004,26783,26793,10
13.0220499039,80.271232605,26793,26803,10
13.0226202011,80.2719573975,26803,26814,11
13.0233602524,80.2729721069,26814,26824,10
13.0239496231,80.2737731934,26824,26883,59
13.0239496231,80.2737731934,26883,26894,11
13.0239801407,80.2737808228,26894,26904,10
13.0242395401,80.2741470337,26904,26915,11
13.0248498917,80.2746963501,26915,26925,10
13.0253896713,80.2749099731,26925,26935,10
13.0254201889,80.2749176025,26935,26944,9
13.0254602432,80.2749328613,26944,26955,11
13.0259103775,80.2751617432,26955,26965,10
13.0266304016,80.2754898071,26965,26975,10
13.0273799896,80.2758407593,26975,26985,10
13.028169632,80.2761917114,26985,26995,10
13.0289497375,80.2764892578,26995,27005,10
13.0296001434,80.2766799927,27005,27015,10
13.0300102234,80.276802063,27015,27026,11
13.0305995941,80.27709198,27026,27036,10
13.0313396454,80.2774887085,27036,27046,10
13.0313396454,80.2774887085,27046,27056,10
13.0319700241,80.2775421143,27056,27066,10
13.0326595306,80.2774887085,27066,27096,30
13.0326595306,80.2774887085,27096,27106,10
13.0328798294,80.2775192261,27106,27116,10
13.0333499908,80.2774429321,27116,27127,11
13.033829689,80.2774124146,27127,27137,10
13.0345602036,80.2776031494,27137,27147,10
13.0354299545,80.2777481079,27147,27157,10
13.0363101959,80.2779006958,27157,27167,10
13.0370702744,80.2781906128,27167,27177,10
13.0379104614,80.2784194946,27177,27187,10
13.0387601852,80.2786407471,27187,27197,10
13.0388097763,80.2786636353,27197,27207,10
13.039059639,80.2787475586,27207,27218,11
13.0395002365,80.2789306641,27218,27228,10
13.0402898788,80.2791366577,27228,27238,10
13.0413103104,80.2793807983,27238,27248,10
13.0424404144,80.2795333862,27248,27258,10
13.0430803299,80.2795715332,27258,27268,10
13.0435304642,80.2796783447,27268,27278,10
13.0443296432,80.2798995972,27278,27288,10
13.0453300476,80.2800369263,27288,27298,10
13.0456495285,80.2800827026,27298,27308,10
13.0457897186,80.2801132202,27308,27319,11
13.0462799072,80.2801818848,27319,27329,10
13.0482702255,80.2804718018,27329,27339,10
13.0482702255,80.2804718018,27339,27349,10
13.0493803024,80.2806472778,27349,27358,9
13.0501899719,80.28074646,27358,27369,11
13.0513496399,80.2809295654,27369,27379,10
13.0524501801,80.2810821533,27379,27389,10
13.0536203384,80.2812728882,27389,27399,10
13.0548095703,80.2814865112,27399,27409,10
13.0558996201,80.2817077637,27409,27420,11
13.0566101074,80.2818374634,27420,27430,10
13.0566196442,80.2818374634,27430,27440,10
13.0569295883,80.2818984985,27440,27450,10
13.0575799942,80.2820281982,27450,27460,10
13.0583000183,80.2821807861,27460,27470,10
13.0590696335,80.2823486328,27470,27480,10
13.0598602295,80.2825164795,27480,27490,10
13.0607004166,80.2826766968,27490,27500,10
13.0615901947,80.2828674316,27500,27510,10
13.063079834,80.283203125,27510,27541,31
13.063079834,80.283203125,27541,27551,10
13.0632600784,80.2832717896,27551,27561,10
13.0637998581,80.2834014893,27561,27571,10
13.0639600754,80.2834396362,27571,27581,10
13.0640001297,80.2834396362,27581,27591,10
13.0644903183,80.2835464478,27591,27601,10
13.065369606,80.2837371826,27601,27611,10
13.0665197372,80.283996582,27611,27621,10
13.0676698685,80.2842330933,27621,27631,10
13.0686302185,80.2843933105,27631,27642,11
13.0698699951,80.2846984863,27642,27652,10
13.0711202621,80.2850112915,27652,27662,10
13.0723600388,80.2853088379,27662,27672,10
13.0734796524,80.2853622437,27672,27682,10
13.0741300583,80.2858276367,27682,27692,10
13.0748996735,80.2864227295,27692,27702,10
13.075920105,80.2870025635,27702,27712,10
13.0771598816,80.287322998,27712,27722,10
13.0784397125,80.2876281738,27722,27733,11
13.0795001984,80.2880172729,27733,27743,10
13.0809001923,80.2883224487,27743,27763,20
13.0809001923,80.2883224487,27763,27773,10
13.081199646,80.2884216309,27773,27783,10
13.0818996429,80.2886581421,27783,27793,10
13.0828199387,80.2890625,27793,27803,10
13.0837802887,80.2891998291,27803,27813,10
13.0847501755,80.2891693115,27813,27822,9
13.085559845,80.2892532349,27822,27833,11
13.086810112,80.2895431519,27833,27844,11
13.0878896713,80.2899475098,27844,27854,10
13.0888299942,80.2901992798,27854,27874,20
13.0888299942,80.2901992798,27874,27884,10
13.0888595581,80.2903671265,27884,27894,10
13.0885000229,80.2903366089,27894,27904,10
13.0878000259,80.2900390625,27904,27914,10
13.0868997574,80.2897415161,27914,27924,10
13.0860004425,80.2895278931,27924,27935,11
13.0854196548,80.2888793945,27935,27945,10
13.0851202011,80.2878875732,27945,27955,10
13.0851697922,80.2867736816,27955,27965,10
13.0852804184,80.2855834961,27965,27975,10
13.0853099823,80.2844467163,27975,27985,10
13.0852499008,80.2841110229,27985,27995,10
13.0853900909,80.2838821411,27995,28005,10
13.0854902267,80.2835922241,28005,28015,10
13.0857601166,80.283531189,28015,28025,10
13.0861902237,80.2835388184,28025,28036,11
13.0865402222,80.2837600708,28036,28046,10
13.0868797302,80.2839508057,28046,28056,10
13.0872497559,80.2839508057,28056,28066,10
13.0877895355,80.2839584351,28066,28106,40
13.0877895355,80.2839584351,28106,28116,10
13.0879898071,80.2839279175,28116,28126,10
13.088139534,80.2837677002,28126,28187,61
13.0881099701,80.2838668823,28187,28581,394
13.0880804062,80.2839889526,28581,30418,1837
13.0880804062,80.2839889526,30418,30429,11
13.0881795883,80.2835464478,30429,30439,10
13.0882902145,80.2833786011,30439,30449,10
13.0883102417,80.2830200195,30449,30459,10
13.0882997513,80.2826004028,30459,30469,10
13.088259697,80.2821807861,30469,30479,10
13.0881299973,80.2817077637,30479,30489,10
13.088139534,80.2814025879,30489,30499,10
13.0882997513,80.2814178467,30499,30509,10
13.0885601044,80.281578064,30509,30519,10
13.0885000229,80.2820205688,30519,30530,11
13.0883798599,80.2826309204,30530,30540,10
13.088350296,80.2831802368,30540,30550,10
13.0883798599,80.2838287354,30550,30560,10
13.0884399414,80.2845993042,30560,30570,10
13.0884895325,80.2853775024,30570,30580,10
13.08852005,80.2860183716,30580,30590,10
13.0885295868,80.2864990234,30590,30600,10
13.0885295868,80.2869567871,30600,30610,10
13.0885896683,80.2874908447,30610,30620,10
13.0886201859,80.2877883911,30620,30631,11
13.0886898041,80.288482666,30631,30641,10
13.0887098312,80.288772583,30641,30651,10
13.0888004303,80.2892837524,30651,30671,20
13.0888004303,80.2892837524,30671,30681,10
13.0887203217,80.2895736694,30681,30691,10
13.0887804031,80.2901306152,30691,30701,10
13.0885896683,80.2904891968,30701,30711,10
13.0881204605,80.2902069092,30711,30721,10
13.0874300003,80.2898483276,30721,30731,10
13.0866003036,80.2895507813,30731,30742,11
13.0853595734,80.2892532349,30742,30752,10
13.0843000412,80.2891998291,30752,30762,10
13.0833997726,80.2892379761,30762,30772,10
13.0824804306,80.2890014648,30772,30782,10
13.0813903809,80.2885971069,30782,30792,10
13.0803604126,80.288269043,30792,30802,10
13.0802001953,80.2882385254,30802,30812,10
13.0798196793,80.2881698608,30812,30822,10
13.0790901184,80.287940979,30822,30832,10
13.0781297684,80.2875518799,30832,30843,11
13.076880455,80.2872772217,30843,30853,10
13.0756998062,80.2869567871,30853,30863,10
13.0746202469,80.2863235474,30863,30873,10
13.0733804703,80.2859420776,30873,30883,10
13.0721797943,80.285369873,30883,30893,10
13.0708999634,80.2850799561,30893,30903,10
13.0695800781,80.2847518921,30903,30913,10
13.0682697296,80.2844314575,30913,30923,10
13.0670003891,80.2841796875,30923,30933,10
13.0656900406,80.2838973999,30933,30944,11
13.0642499924,80.2835693359,30944,30954,10
13.0631599426,80.2832794189,30954,30964,10
13.0624704361,80.2831192017,30964,30984,20
13.0624704361,80.2831192017,30984,30994,10
13.0621404648,80.2830734253,30994,31004,10
13.0614500046,80.282913208,31004,31014,10
13.0605297089,80.282699585,31014,31024,10
13.0593996048,80.2824630737,31024,31034,10
13.0582304001,80.2822265625,31034,31045,11
13.0576601028,80.282119751,31045,31055,10
13.05671978,80.2819213867,31055,31075,20
13.05671978,80.2819213867,31075,31085,10
13.0565700531,80.281867981,31085,31095,10
13.0559597015,80.2817382813,31095,31105,10
13.0550804138,80.2815704346,31105,31115,10
13.0539703369,80.2813491821,31115,31125,10
13.0527496338,80.2811508179,31125,31135,10
13.05148983,80.2809677124,31135,31146,11
13.0500602722,80.2807388306,31146,31156,10
13.048740387,80.2805633545,31156,31166,10
13.0474004745,80.2803573608,31166,31176,10
13.0460796356,80.2801895142,31176,31186,10
13.0443601608,80.2799911499,31186,31226,40
13.0443601608,80.2799911499,31226,31236,10
13.0442800522,80.2799835205,31236,31247,11
13.0434598923,80.279838562,31247,31277,30
13.0434598923,80.279838562,31277,31287,10
13.0431699753,80.2797775269,31287,31297,10
13.0425100327,80.2796096802,31297,31307,10
13.0415201187,80.2794265747,31307,31317,10
13.0404195786,80.2792129517,31317,31327,10
13.0390501022,80.2788467407,31327,31347,20
13.0390501022,80.2788467407,31347,31358,11
13.0388698578,80.2787780762,31358,31368,10
13.0382900238,80.2785873413,31368,31378,10
13.0375499725,80.2783584595,31378,31388,10
13.0369596481,80.2781677246,31388,31398,10
13.0364904404,80.2779769897,31398,31408,10
13.0358695984,80.2778167725,31408,31418,10
13.0355396271,80.2777481079,31418,31428,10
13.0350904465,80.2776565552,31428,31438,10
13.0346097946,80.2776031494,31438,31448,10
13.0339899063,80.2774200439,31448,31469,21
13.0339899063,80.2774200439,31469,31479,10
13.0338401794,80.2773971558,31479,31489,10
13.033780098,80.2773895264,31489,31499,10
13.0335197449,80.2773513794,31499,31509,10
13.0329904556,80.2774581909,31509,31519,10
13.0324001312,80.2774887085,31519,31529,10
13.0317201614,80.2775726318,31529,31539,10
13.0310001373,80.2772979736,31539,31549,10
13.0309095383,80.2772521973,31549,31560,11
13.0307502747,80.2771911621,31560,31570,10
13.0302000046,80.2769088745,31570,31580,10
13.0297803879,80.2767486572,31580,31590,10
13.0293903351,80.2766418457,31590,31600,10
13.0288000107,80.2764663696,31600,31610,10
13.028260231,80.2762527466,31610,31620,10
13.0277204514,80.2760162354,31620,31630,10
13.0270204544,80.2757110596,31630,31640,10
13.0259399414,80.2752380371,31640,31661,21
13.0259399414,80.2752380371,31661,31671,10
13.0258102417,80.2751922607,31671,31681,10
13.0253400803,80.2749786377,31681,31691,10
13.0242795944,80.2742919922,31691,31721,30
13.0242795944,80.2742919922,31721,31731,10
13.0240402222,80.2740020752,31731,31741,10
13.0236701965,80.2734680176,31741,31751,10
13.0231895447,80.2728118896,31751,31761,10
13.0225696564,80.2719802856,31761,31772,11
13.0218000412,80.270980835,31772,31782,10
13.0209102631,80.2699279785,31782,31802,20
13.0209102631,80.2699279785,31802,31812,10
13.0207500458,80.2697601318,31812,31822,10
13.0203895569,80.2692489624,31822,31832,10
13.0198202133,80.2685394287,31832,31842,10
13.0191602707,80.2677536011,31842,31852,10
13.0187397003,80.2670516968,31852,31862,10
13.0186100006,80.266242981,31862,31872,10
13.0186901093,80.2656097412,31872,31883,11
13.0189599991,80.2647018433,31883,31893,10
13.0190496445,80.2637786865,31893,31903,10
13.0189800262,80.263343811,31903,31913,10
13.018910408,80.2630081177,31913,31923,10
13.0188999176,80.2629470825,31923,31933,10
13.0188503265,80.2624511719,31933,31943,10
13.0187397003,80.2616577148,31943,31953,10
13.0184497833,80.261177063,31953,31963,10
13.0178604126,80.2607803345,31963,31974,11
13.0171499252,80.2602996826,31974,31984,10
13.0160799026,80.2596817017,31984,32004,20
13.0160799026,80.2596817017,32004,32014,10
13.0158500671,80.2595825195,32014,32024,10
13.0152301788,80.2593917847,32024,32034,10
13.0144395828,80.2593231201,32034,32044,10
13.013469696,80.2592697144,32044,32054,10
13.0123500824,80.2592391968,32054,32064,10
13.011639595,80.2592163086,32064,32074,10
13.0110797882,80.2592010498,32074,32085,11
13.0101099014,80.2592391968,32085,32095,10
13.0091104507,80.2592315674,32095,32105,10
13.0087003708,80.2592163086,32105,32115,10
13.008190155,80.2591781616,32115,32125,10
13.0074996948,80.2593078613,32125,32135,10
13.0072097778,80.2587432861,32135,32145,10
13.0071601868,80.2586593628,32145,32155,10
13.0071001053,80.2585525513,32155,32165,10
13.0068597794,80.2581176758,32165,32175,10
13.006480217,80.2576828003,32175,32186,11
13.0057001114,80.2574081421,32186,32196,10
13.0047998428,80.2571792603,32196,32206,10
13.003950119,80.256980896,32206,32216,10
13.0027704239,80.2567367554,32216,32297,81
13.0027704239,80.2567367554,32297,32307,10
13.0023002625,80.2567062378,32307,32317,10
13.0018901825,80.2566299438,32317,32327,10
13.0013904572,80.2565612793,32327,32337,10
13.0012798309,80.2565612793,32337,32347,10
13.001250267,80.2565536499,32347,32357,10
13.0008096695,80.2564620972,32357,32367,10
12.9997997284,80.2563171387,32367,32388,21
12.9997997284,80.2563171387,32388,32398,10
12.9996795654,80.2562713623,32398,32408,10
12.9992399216,80.2561798096,32408,32418,10
12.998459816,80.2560272217,32418,32438,20
12.998459816,80.2560272217,32438,32448,10
12.9983901978,80.2559967041,32448,32458,10
12.9980201721,80.2559967041,32458,32468,10
12.9976997375,80.2559890747,32468,32519,51
12.9976997375,80.2559890747,32519,32529,10
12.997179985,80.2559280396,32529,32539,10
12.996919632,80.2559204102,32539,32549,10
12.9965896606,80.2559127808,32549,32559,10
12.9961204529,80.2558898926,32559,32569,10
12.9956502914,80.2558822632,32569,32579,10
12.9951095581,80.2559127808,32579,32589,10
12.9944896698,80.2559585571,32589,32599,10
12.9941196442,80.2560272217,32599,32610,11
12.9933795929,80.2560501099,32610,32620,10
12.9925098419,80.2560806274,32620,32630,10
12.9916601181,80.2560577393,32630,32640,10
12.9909801483,80.2560424805,32640,32650,10
12.9902200699,80.2560119629,32650,32660,10
12.9897298813,80.2559967041,32660,32680,20
12.9897298813,80.2559967041,32680,32690,10
12.9894304276,80.2559509277,32690,32700,10
12.9888000488,80.255897522,32700,32711,11
12.9882497787,80.2558364868,32711,32721,10
12.9878997803,80.2557983398,32721,32731,10
12.9871702194,80.2556991577,32731,32781,50
12.9868297577,80.2556381226,32781,32812,31
12.9868297577,80.2556381226,32812,32822,10
12.9866895676,80.2555923462,32822,32832,10
12.9864902496,80.255569458,32832,32842,10
12.9860801697,80.2555007935,32842,32862,20
12.98595047,80.2554702759,32862,32923,61
12.98595047,80.2554702759,32923,32933,10
12.9858598709,80.2554397583,32933,32943,10
12.9854297638,80.2553482056,32943,32953,10
12.9848604202,80.255241394,32953,32963,10
12.9840803146,80.2550201416,32963,32973,10
12.98320961,80.2547988892,32973,32983,10
12.9824104309,80.2545394897,32983,32993,10
12.9818897247,80.2538223267,32993,33003,10
12.9816799164,80.2529678345,33003,33014,11
12.9811401367,80.2527770996,33014,33024,10
12.9809503555,80.2527770996,33024,33034,10
12.9806900024,80.2527923584,33034,33044,10
12.9801797867,80.2527694702,33044,33054,10
12.9794597626,80.2526931763,33054,33064,10
12.9785900116,80.2525482178,33064,33084,20
12.9785900116,80.2525482178,33084,33094,10
12.9783802032,80.2524414063,33094,33104,10
12.9778699875,80.2520294189,33104,33115,11
12.9770002365,80.2514266968,33115,33125,10
12.9759597778,80.2510986328,33125,33135,10
12.9748001099,80.2507476807,33135,33145,10
12.9735803604,80.2503967285,33145,33155,10
12.972319603,80.2500915527,33155,33165,10
12.9710702896,80.24974823,33165,33175,10
12.9699201584,80.2493515015,33175,33185,10
12.9687204361,80.2488708496,33185,33195,10
12.967499733,80.2483901978,33195,33205,10
12.9664201736,80.2478713989,33205,33216,11
12.9649095535,80.2473220825,33216,33246,30
12.9649095535,80.2473220825,33246,33256,10
12.9647397995,80.2472000122,33256,33266,10
12.9641704559,80.2470016479,33266,33286,20
12.9641704559,80.2470016479,33286,33296,10
12.9638996124,80.246887207,33296,33306,10
12.9634895325,80.2467269897,33306,33316,10
12.9628896713,80.2464370728,33316,33326,10
12.9619398117,80.2460021973,33326,33337,11
12.9607496262,80.2454071045,33337,33347,10
12.9593200684,80.2447967529,33347,33367,20
12.9593200684,80.2447967529,33367,33377,10
12.9589996338,80.2446289063,33377,33387,10
12.958319664,80.2443237305,33387,33397,10
12.9577903748,80.2441177368,33397,33407,10
12.9571695328,80.2438964844,33407,33416,9
12.9565401077,80.2436904907,33416,33448,32
12.9565401077,80.2436904907,33448,33458,10
12.9562397003,80.2435913086,33458,33468,10
12.9556598663,80.2432785034,33468,33478,10
12.9551000595,80.243019104,33478,33488,10
12.9545602798,80.2427902222,33488,33498,10
12.9538803101,80.2425079346,33498,33508,10
12.9530801773,80.2421722412,33508,33518,10
12.9522695541,80.241859436,33518,33528,10
12.951669693,80.2416610718,33528,33539,11
12.9516496658,80.2416610718,33539,33549,10
12.9512796402,80.2415237427,33549,33559,10
12.9505300522,80.2412414551,33559,33569,10
12.9495801926,80.2409210205,33569,33609,40
12.9495801926,80.2409210205,33609,33619,10
12.9491596222,80.2408676147,33619,33781,162
12.9491596222,80.2408676147,33781,33791,10
12.9488201141,80.240737915,33791,33801,10
12.9481296539,80.2404403687,33801,33811,10
12.9472198486,80.2400665283,33811,33830,19
12.9472198486,80.2400665283,33830,33841,11
12.9468803406,80.2399291992,33841,33852,11
12.946100235,80.239616394,33852,33862,10
12.9452104568,80.239151001,33862,33872,10
12.9443702698,80.2382736206,33872,33882,10
12.9436302185,80.2374191284,33882,33892,10
12.9430303574,80.2368164063,33892,33902,10
12.9420700073,80.2363815308,33902,33912,10
12.9408998489,80.2360916138,33912,33922,10
12.9396095276,80.2357177734,33922,33942,20
12.9396095276,80.2357177734,33942,33953,11
12.9392995834,80.2355575562,33953,33963,10
12.9385700226,80.2351989746,33963,33973,10
12.9376096725,80.2347335815,33973,33983,10
12.9369602203,80.2344894409,33983,33993,10
12.9364900589,80.2342376709,33993,34003,10
12.9357500076,80.2339782715,34003,34064,61
12.9357500076,80.2339782715,34064,34074,10
12.9355697632,80.2344284058,34074,34084,10
12.9353199005,80.2351074219,34084,34094,10
12.9351902008,80.2354431152,34094,34104,10
12.9349498749,80.2353897095,34104,34114,10
12.934220314,80.2350921631,34114,34155,41
12.934220314,80.2350921631,34155,34165,10
12.9340696335,80.2350311279,34165,34185,20
12.9340696335,80.2350311279,34185,34195,10
12.9339199066,80.234916687,34195,34205,10
12.9337997437,80.2352294922,34205,34215,10
12.9336395264,80.2358627319,34215,34225,10
12.9333200455,80.2361373901,34225,34235,10
12.9331102371,80.2360992432,34235,34245,10
12.9329996109,80.2363510132,34245,34276,31
12.9329996109,80.2363510132,34276,34286,10
12.9329099655,80.2368774414,34286,34296,10
12.9328804016,80.237159729,34296,34306,10
12.932849884,80.2372665405,34306,34316,10
12.9326496124,80.237701416,34316,34326,10
12.9323596954,80.2383880615,34326,34336,10
12.9322004318,80.2386703491,34336,34345,9
12.9317302704,80.2386779785,34345,34357,12
12.9311704636,80.2385101318,34357,34387,30
12.9311704636,80.2385101318,34387,34397,10
12.9308004379,80.2383880615,34397,34407,10
12.9301099777,80.2381362915,34407,34417,10
12.9295797348,80.2380981445,34417,34427,10
12.9295101166,80.2383804321,34427,34437,10
12.9293603897,80.2388763428,34437,34447,10
12.9291601181,80.2390213013,34447,34458,11
12.9286403656,80.2388916016,34458,34478,20
12.9286403656,80.2388916016,34478,34488,10
12.9285802841,80.2388763428,34488,34498,10
12.9282197952,80.2387771606,34498,34508,10
12.9276599884,80.2386398315,34508,34518,10
12.9269895554,80.2384796143,34518,34528,10
12.9264602661,80.2383499146,34528,34538,10
12.9258003235,80.2382202148,34538,34548,10
12.9253797531,80.2384414673,34548,34558,10
12.9248695374,80.2382507324,34558,34569,11
12.9251804352,80.2382278442,34569,34861,292
12.9251804352,80.2382278442,34861,34871,10
12.9254598618,80.2382888794,34871,34882,11
12.9258499146,80.2382202148,34882,34892,10
12.926030159,80.2382125854,34892,34902,10
12.926320076,80.2382965088,34902,34912,10
12.9267501831,80.2384185791,34912,34922,10
12.9271802902,80.23853302,34922,34932,10
12.9276199341,80.2386169434,34932,34942,10
12.9282302856,80.2387695313,34942,34983,41
12.9282302856,80.2387695313,34983,34993,10
12.9285297394,80.2388381958,34993,35003,10
12.9287004471,80.2388763428,35003,35013,10
12.9289903641,80.2389678955,35013,35023,10
12.9293203354,80.2389373779,35023,35033,10
12.929400444,80.2386322021,35033,35043,10
12.9295301437,80.2381668091,35043,35053,10
12.929690361,80.2379379272,35053,35063,10
12.930150032,80.2381134033,35063,35073,10
12.9307003021,80.2383117676,35073,35083,10
12.9310903549,80.2384490967,35083,35144,61
12.9313001633,80.23853302,35144,35164,20
12.9313001633,80.23853302,35164,35174,10
12.931599617,80.2386398315,35174,35184,10
12.9319801331,80.2387390137,35184,35195,11
12.9322099686,80.2384796143,35195,35205,10
12.9323196411,80.2381896973,35205,35215,10
12.9324903488,80.2377471924,35215,35225,10
12.9326601028,80.2373580933,35225,35235,10
12.9327497482,80.2370910645,35235,35245,10
12.9329004288,80.2367019653,35245,35255,10
12.9329595566,80.2363204956,35255,35265,10
12.9330501556,80.236076355,35265,35275,10
12.9332399368,80.2361221313,35275,35285,10
12.9332895279,80.2361297607,35285,35295,10
12.9335899353,80.2361221313,35295,35306,11
12.9337100983,80.2356185913,35306,35316,10
12.9338598251,80.2350692749,35316,35326,10
12.9340295792,80.2350006104,35326,35336,10
12.9342699051,80.2351226807,35336,35346,10
12.9348201752,80.2353591919,35346,35356,10
12.9350996017,80.2354507446,35356,35366,10
12.9351501465,80.2353973389,35366,35376,10
12.9352302551,80.2351379395,35376,35386,10
12.9354200363,80.2346572876,35386,35397,11
12.9356899261,80.2340164185,35397,35407,10
12.9358301163,80.2337493896,35407,35417,10
12.9361600876,80.2338180542,35417,35558,141
12.9361600876,80.2338180542,35558,35568,10
12.9363098145,80.2339172363,35568,35578,10
12.9367904663,80.2341384888,35578,35588,10
12.9375,80.2344894409,35588,35599,11
12.9385004044,80.2350006104,35599,35609,10
12.9398603439,80.2356719971,35609,35629,20
12.9398603439,80.2356719971,35629,35639,10
12.940199852,80.235786438,35639,35649,10
12.940779686,80.2359619141,35649,35659,10
12.9415998459,80.2361602783,35659,35669,10
12.9425897598,80.2364578247,35669,35679,10
12.9435300827,80.2371368408,35679,35689,10
12.9443597794,80.238067627,35689,35699,10
12.9452800751,80.2390289307,35699,35710,11
12.9465303421,80.2396621704,35710,35720,10
12.9474802017,80.2400283813,35720,35740,20
12.9474802017,80.2400283813,35740,35750,10
12.9476099014,80.2400665283,35750,35760,10
12.94810009,80.2402801514,35760,35770,10
12.9487400055,80.2405014038,35770,35851,81
12.9487400055,80.2405014038,35851,35861,10
12.9488401413,80.240562439,35861,35871,10
12.9491996765,80.2407302856,35871,35881,10
12.9497900009,80.2409286499,35881,35891,10
12.9505701065,80.2411422729,35891,35901,10
12.9511203766,80.241317749,35901,35912,11
12.9511604309,80.2413406372,35912,35922,10
12.951259613,80.2413787842,35922,35932,10
12.9517402649,80.2415466309,35932,35942,10
12.9524698257,80.2418289185,35942,35952,10
12.9533596039,80.2421875,35952,35962,10
12.9542503357,80.2425384521,35962,35972,10
12.955039978,80.2428512573,35972,35982,10
12.9561004639,80.2432098389,35982,36012,30
12.9561004639,80.2432098389,36012,36023,11
12.9563302994,80.2432937622,36023,36053,30
12.9563302994,80.2432937622,36053,36063,10
12.9567804337,80.2434692383,36063,36073,10
12.957400322,80.2437591553,36073,36083,10
12.9581298828,80.2440795898,36083,36093,10
12.9589996338,80.2444534302,36093,36112,19
12.9589996338,80.2444534302,36112,36124,12
12.9594602585,80.2446899414,36124,36134,10
12.9601602554,80.2450027466,36134,36144,10
12.9610300064,80.2453994751,36144,36154,10
12.9620399475,80.2458877563,36154,36164,10
12.9627399445,80.2462692261,36164,36174,10
12.9630804062,80.2464675903,36174,36184,10
12.9633398056,80.24659729,36184,36194,10
12.9637298584,80.2467803955,36194,36204,10
12.9644098282,80.2470397949,36204,36214,10
12.965259552,80.2473297119,36214,36224,10
12.9661598206,80.2476425171,36224,36235,11
12.9668903351,80.2479629517,36235,36255,20
12.9668903351,80.2479629517,36255,36265,10
12.9672203064,80.2481231689,36265,36275,10
12.9678602219,80.2484207153,36275,36285,10
12.9687299728,80.2487716675,36285,36295,10
12.9697504044,80.2491912842,36295,36305,10
12.9708795547,80.2496032715,36305,36314,9
12.9719400406,80.2498931885,36314,36326,12
12.9733104706,80.2502365112,36326,36336,10
12.9742803574,80.2504806519,36336,36346,10
12.9753503799,80.2507781982,36346,36356,10
12.9764499664,80.2510986328,36356,36366,10
12.9774198532,80.2514801025,36366,36376,10
12.9782600403,80.2521286011,36376,36386,10
12.9787302017,80.2524032593,36386,36416,30
12.9787302017,80.2524032593,36416,36426,10
12.9789800644,80.2525100708,36426,36437,11
12.9795303345,80.2525634766,36437,36447,10
12.9801197052,80.2526092529,36447,36457,10
12.980919838,80.2525787354,36457,36467,10
12.9815502167,80.2525405884,36467,36487,20
12.9816999435,80.2525405884,36487,36507,20
12.9816999435,80.2525405884,36507,36517,10
12.9820804596,80.2525482178,36517,36527,10
12.9825696945,80.2525177002,36527,36538,11
12.9830503464,80.252456665,36538,36548,10
12.9832601547,80.2524490356,36548,36558,10
12.9834499359,80.2524337769,36558,36568,10
12.9839401245,80.2522964478,36568,36578,10
12.9847002029,80.2520904541,36578,36588,10
12.985619545,80.2518310547,36588,36598,10
12.9864597321,80.2516403198,36598,36608,10
12.9871902466,80.2514419556,36608,36618,10
12.9878797531,80.2513809204,36618,36628,10
12.9879302979,80.2515335083,36628,36639,11
12.9880199432,80.2519683838,36639,36649,10
12.9880104065,80.2526397705,36649,36659,10
12.9879302979,80.2535095215,36659,36669,10
12.9878501892,80.2544174194,36669,36679,10
12.9877796173,80.255317688,36679,36820,141
12.9877195358,80.2554779053,36820,36901,81
12.9877195358,80.2554779053,36901,36911,10
12.9877300262,80.2556304932,36911,36921,10
12.9879398346,80.255821228,36921,36931,10
12.9888296127,80.2558898926,36931,36952,21
12.9888296127,80.2558898926,36952,36962,10
12.9891300201,80.2559127808,36962,36972,10
12.989689827,80.2559814453,36972,36982,10
12.9906101227,80.2559890747,36982,37012,30
12.9906101227,80.2559890747,37012,37022,10
12.9907197952,80.2559890747,37022,37032,10
12.9911804199,80.2560119629,37032,37042,10
12.9919204712,80.2560119629,37042,37052,10
12.9928503036,80.2559967041,37052,37063,11
12.9939002991,80.2559280396,37063,37073,10
12.9947395325,80.2558670044,37073,37083,10
12.9951400757,80.2558517456,37083,37093,10
12.9952802658,80.2558288574,37093,37103,10
12.9956703186,80.2558517456,37103,37113,10
12.9958896637,80.2558517456,37113,37123,10
12.9961595535,80.2558364868,37123,37133,10
12.9967098236,80.2558364868,37133,37143,10
12.9971199036,80.2558288574,37143,37153,10
12.9974803925,80.2558517456,37153,37164,11
12.9979801178,80.255897522,37164,37174,10
12.9984798431,80.2559432983,37174,37184,10
12.9991703033,80.2560424805,37184,37214,30
12.9991703033,80.2560424805,37214,37224,10
12.9992904663,80.2560882568,37224,37234,10
12.9997301102,80.256187439,37234,37244,10
13.000120163,80.2562713623,37244,37254,10
13.0005702972,80.256362915,37254,37265,11
13.0006904602,80.256401062,37265,37295,30
13.0006904602,80.256401062,37295,37305,10
13.0010499954,80.256477356,37305,37315,10
13.0013198853,80.2565231323,37315,37325,10
13.0016098022,80.2565765381,37325,37335,10
13.0020198822,80.2566375732,37335,37345,10
13.0025901794,80.2567214966,37345,37355,10
13.0030899048,80.2568130493,37355,37365,10
13.0037002563,80.2569122314,37365,37375,10
13.004360199,80.2570266724,37375,37386,11
13.0049800873,80.2571563721,37386,37396,10
13.0051898956,80.2571716309,37396,37406,10
13.0053396225,80.2572174072,37406,37416,10
13.0056400299,80.2573013306,37416,37426,10
13.0061397552,80.2574081421,37426,37436,10
13.0067596436,80.257598877,37436,37446,10
13.0071401596,80.2582702637,37446,37456,10
13.0076303482,80.2586364746,37456,37466,10
13.0084495544,80.2589263916,37466,37487,21
13.0084495544,80.2589263916,37487,37497,10
13.0086803436,80.2590408325,37497,37507,10
13.0092897415,80.2590713501,37507,37517,10
13.0101699829,80.2590789795,37517,37527,10
13.0112495422,80.2590637207,37527,37537,10
13.0124197006,80.2590637207,37537,37547,10
13.0136804581,80.2591171265,37547,37557,10
13.0148496628,80.259147644,37557,37567,10
13.0154695511,80.2591934204,37567,37578,11
13.0156803131,80.2592315674,37578,37588,10
13.0158596039,80.2593078613,37588,37598,10
13.0161800385,80.2594528198,37598,37618,20
13.0161800385,80.2594528198,37618,37628,10
13.0162601471,80.2595291138,37628,37638,10
13.0164604187,80.2596664429,37638,37648,10
13.0166702271,80.2598419189,37648,37658,10
13.0170602798,80.2601013184,37658,37668,10
13.0174703598,80.2603683472,37668,37678,10
13.0176897049,80.2605209351,37678,37689,11
13.0180597305,80.2607727051,37689,37699,10
13.0184602737,80.2610473633,37699,37709,10
13.0188798904,80.261390686,37709,37719,10
13.0191402435,80.2615890503,37719,37729,10
13.0194301605,80.2618484497,37729,37739,10
13.0197095871,80.2621765137,37739,37749,10
13.0202302933,80.2626495361,37749,37759,10
13.0202798843,80.2629394531,37759,37769,10
13.0200195313,80.2629623413,37769,37778,9
13.0195398331,80.2629470825,37778,37790,12
13.0190200806,80.2631072998,37790,37800,10
13.0191001892,80.2637863159,37800,37810,10
13.0190401077,80.2646713257,37810,37820,10
13.0188302994,80.2653427124,37820,37830,10
13.0187101364,80.2658615112,37830,37840,10
13.0187196732,80.2666397095,37840,37850,10
13.0190200806,80.2674407959,37850,37860,10
13.0195398331,80.2681121826,37860,37870,10
13.0200796127,80.2687530518,37870,37880,10
13.0206804276,80.2694702148,37880,37891,11
13.0215196609,80.2704620361,37891,37911,20
13.0215196609,80.2704620361,37911,37921,10
13.0217599869,80.2707977295,37921,37931,10
13.0222196579,80.2714004517,37931,37941,10
13.0228004456,80.2721481323,37941,37951,10
13.0234003067,80.2729797363,37951,37961,10
13.023730278,80.2734222412,37961,37971,10
13.0239200592,80.2736587524,37971,37981,10
13.0242595673,80.2741317749,37981,37991,10
13.0247001648,80.2745666504,37991,38002,11
13.0254602432,80.2749099731,38002,38022,20
13.0256004333,80.2749786377,38022,38032,10
13.0256004333,80.2749786377,38032,38042,10
13.0261001587,80.2752075195,38042,38051,9
13.0267400742,80.2754974365,38051,38062,11
13.0275802612,80.2759094238,38062,38072,10
13.0280199051,80.2760925293,38072,38082,10
13.0283899307,80.2762298584,38082,38092,10
13.0287799835,80.2763595581,38092,38103,11
13.0289402008,80.2764434814,38103,38113,10
13.0291795731,80.276550293,38113,38123,10
13.0292596817,80.2765808105,38123,38133,10
13.0295495987,80.2766494751,38133,38143,10
13.0299596786,80.2767410278,38143,38153,10
13.030500412,80.2769622803,38153,38163,10
13.0309000015,80.2771911621,38163,38173,10
13.0313301086,80.2774505615,38173,38183,10
13.031829834,80.2775192261,38183,38193,10
13.0320997238,80.2775115967,38193,38204,11
13.0326900482,80.2774581909,38204,38224,20
13.0326900482,80.2774581909,38224,38234,10
13.0329999924,80.2774124146,38234,38244,10
13.0330495834,80.2773971558,38244,38254,10
13.033249855,80.2773666382,38254,38264,10
13.0336704254,80.2773132324,38264,38274,10
13.0342702866,80.2774581909,38274,38284,10
13.0348300934,80.2776031494,38284,38294,10
13.0354995728,80.2777023315,38294,38304,10
13.0361604691,80.2778091431,38304,38315,11
13.0367002487,80.2779922485,38315,38325,10
13.036740303,80.2780227661,38325,38335,10
13.037150383,80.2781906128,38335,38345,10
13.0378303528,80.2783813477,38345,38355,10
13.0389099121,80.2786712646,38355,38375,20
13.0389099121,80.2786712646,38375,38385,10
13.0390996933,80.2787475586,38385,38395,10
13.0395298004,80.2788925171,38395,38405,10
13.0402297974,80.2790985107,38405,38416,11
13.0412797928,80.2793426514,38416,38426,10
13.0424203873,80.279510498,38426,38436,10
13.0434303284,80.2796478271,38436,38446,10
13.0441598892,80.2798309326,38446,38456,10
13.044839859,80.2799224854,38456,38466,10
13.0458202362,80.2800369263,38466,38486,20
13.0458202362,80.2800369263,38486,38496,10
13.0459804535,80.2800598145,38496,38506,10
13.0465202332,80.2801437378,38506,38517,11
13.047369957,80.2802734375,38517,38527,10
13.048210144,80.2803726196,38527,38537,10
13.0489902496,80.2804794312,38537,38547,10
13.0497999191,80.2806015015,38547,38557,10
13.0505695343,80.2807235718,38557,38567,10
13.0512895584,80.2808303833,38567,38577,10
13.0520401001,80.280960083,38577,38587,10
13.0529098511,80.2810974121,38587,38597,10
13.0538396835,80.2812423706,38597,38607,10
13.0546998978,80.2814025879,38607,38618,11
13.0556001663,80.2815704346,38618,38628,10
13.0563297272,80.2817077637,38628,38658,30
13.0563297272,80.2817077637,38658,38668,10
13.0566396713,80.2817764282,38668,38678,10
13.0573797226,80.2819290161,38678,38708,30
13.0573797226,80.2819290161,38708,38717,9
13.0574398041,80.2819366455,38717,38729,12
13.0580196381,80.2820587158,38729,38739,10
13.0587797165,80.2822189331,38739,38749,10
13.0597000122,80.282409668,38749,38759,10
13.0607204437,80.282623291,38759,38769,10
13.0617198944,80.2827987671,38769,38779,10
13.062669754,80.2829818726,38779,38788,9
13.0631399155,80.2830963135,38788,38809,21
13.0631399155,80.2830963135,38809,38819,10
13.0634498596,80.2831878662,38819,38830,11
13.0641498566,80.2833404541,38830,38840,10
13.0649700165,80.2835617065,38840,38850,10
13.0659103394,80.2837905884,38850,38860,10
13.0674200058,80.2840576172,38860,38870,10
13.0674200058,80.2840576172,38870,38880,10
13.0675296783,80.284072876,38880,38888,8
13.0678701401,80.2841491699,38888,38908,20
13.0690803528,80.2844161987,38908,38918,10
13.0698699951,80.2846298218,38918,38928,10
13.070810318,80.284866333,38928,38939,11
13.0718097687,80.2851333618,38939,38949,10
13.072640419,80.2852706909,38949,38959,10
13.0735797882,80.2852935791,38959,38969,10
13.0741500854,80.2857589722,38969,38979,10
13.0747900009,80.2863006592,38979,38989,10
13.0756397247,80.2868270874,38989,38999,10
13.0766201019,80.2871322632,38999,39009,10
13.0776500702,80.287399292,39009,39019,10
13.0786304474,80.2876281738,39019,39029,10
13.0794401169,80.2879486084,39029,39040,11
13.0803403854,80.2881164551,39040,39050,10
13.0808401108,80.2882385254,39050,39060,10
13.0808401108,80.2882537842,39060,39070,10
13.0810003281,80.2883300781,39070,39080,10
13.0815601349,80.288520813,39080,39090,10
13.0823802948,80.2888183594,39090,39100,10
13.0832595825,80.2891464233,39100,39110,10
13.0841503143,80.2891387939,39110,39120,10
13.0852203369,80.2891464233,39120,39130,10
13.0863199234,80.2893676758,39130,39141,11
13.087439537,80.2897262573,39141,39151,10
13.0882101059,80.2900466919,39151,39161,10
13.0888395309,80.2901916504,39161,39211,50
13.0888395309,80.2901916504,39211,39221,10
13.0888795853,80.2903213501,39221,39231,10
13.0884895325,80.2902984619,39231,39242,11
13.0877399445,80.2900009155,39242,39252,10
13.0868902206,80.2897186279,39252,39262,10
13.0860300064,80.2895126343,39262,39272,10
13.0852098465,80.2884216309,39272,39282,10
13.0852098465,80.2884216309,39282,39292,10
13.0851097107,80.2875900269,39292,39300,8
13.0851697922,80.286857605,39300,39312,12
13.085269928,80.28565979,39312,39322,10
13.0853300095,80.2846984863,39322,39332,10
13.0852098465,80.2842330933,39332,39342,10
13.0852098465,80.2840576172,39342,39353,11
13.0854301453,80.2836990356,39353,39363,10
13.0854301453,80.2836990356,39363,39373,10
13.085439682,80.2836227417,39373,39383,10
13.0856599808,80.2835083008,39383,39424,41
13.0869503021,80.2838973999,39424,39434,10
13.087269783,80.2838973999,39434,39444,10
13.0877103806,80.2839279175,39444,39485,41
13.0877103806,80.2839279175,39485,39495,10
13.0878896713,80.2839813232,39495,39505,10
13.0881004333,80.283782959,39505,39556,51
13.0881004333,80.283782959,39556,39566,10
13.0880804062,80.2837219238,39566,39616,50
13.0880899429,80.2838668823,39616,39667,51
13.0880899429,80.2838668823,39667,39677,10
13.0879898071,80.2837295532,39677,39707,30
13.0880899429,80.2838973999,39707,39869,162
13.088259697,80.2839202881,39869,39949,80
13.0880498886,80.2838363647,39949,39980,31
13.0879402161,80.2836990356,39980,40069,89
13.0879402161,80.2836990356,40069,40081,12
13.0879402161,80.2837982178,40081,40202,121
13.0879402161,80.2837982178,40202,40212,10
13.0879898071,80.2836227417,40212,40414,202
13.0880699158,80.2838592529,40414,40737,323
13.0880699158,80.2838592529,40737,40747,10
13.088139534,80.2835998535,40747,40757,10
13.0881900787,80.2835693359,40757,40767,10
13.0882701874,80.283493042,40767,40777,10
13.0882997513,80.2833175659,40777,40787,10
13.0882797241,80.2830581665,40787,40797,10
13.0882797241,80.2826766968,40797,40807,10
13.0882797241,80.2826309204,40807,40818,11
13.0883197784,80.2825393677,40818,40828,10
13.0883102417,80.2824325562,40828,40838,10
13.0882797241,80.2822036743,40838,40848,10
13.0881595612,80.2817611694,40848,40858,10
13.0881900787,80.2814407349,40858,40868,10
13.0885696411,80.281578064,40868,40878,10
13.0885095596,80.2820129395,40878,40888,10
13.088470459,80.2824020386,40888,40898,10
13.0883798599,80.2828826904,40898,40908,10
13.0883703232,80.2833023071,40908,40919,11
13.0883903503,80.2837295532,40919,40929,10
13.0884103775,80.2840423584,40929,40939,10
13.0884399414,80.2844772339,40939,40949,10
13.0884599686,80.2851486206,40949,41008,59
13.0884599686,80.2853164673,41008,41040,32
13.0884599686,80.2853164673,41040,41050,10
13.0884895325,80.2854232788,41050,41060,10
13.0885295868,80.2858123779,41060,41070,10
13.088549614,80.2863311768,41070,41080,10
13.0885601044,80.2866287231,41080,41090,10
13.0886096954,80.2872695923,41090,41100,10
13.088640213,80.2875823975,41100,41110,10
13.0886802673,80.2881317139,41110,41121,11
13.0887098312,80.2885894775,41121,41131,10
13.088760376,80.2890319824,41131,41141,10
13.0888004303,80.2894134521,41141,41151,10
13.0888204575,80.2894821167,41151,41161,10
13.0888700485,80.2900009155,41161,41181,20
13.0888700485,80.2900009155,41181,41191,10
13.0887804031,80.2902832031,41191,41232,41
13.0887804031,80.2902832031,41232,41242,10
13.0887403488,80.2903213501,41242,41252,10
13.0885696411,80.2904281616,41252,41262,10
13.0882797241,80.2902603149,41262,41272,10
13.0878095627,80.2900314331,41272,41282,10
13.0870504379,80.2897033691,41282,41292,10
13.0859804153,80.2893829346,41292,41302,10
13.0849599838,80.2891693115,41302,41312,10
13.0838003159,80.2892608643,41312,41322,10
13.0829000473,80.2892227173,41322,41333,11
13.0819501877,80.28881073,41333,41343,10
13.0808696747,80.2884216309,41343,41353,10
13.0800600052,80.2882080078,41353,41363,10
13.0799999237,80.2882080078,41363,41373,10
13.0796699524,80.2881469727,41373,41383,10
13.0789499283,80.2879180908,41383,41393,10
13.0779399872,80.2875900269,41393,41403,10
13.0767402649,80.2872695923,41403,41413,10
13.0755996704,80.2869415283,41413,41423,10
13.074549675,80.286277771,41423,41433,10
13.0733098984,80.2859191895,41433,41443,10
13.0721197128,80.2853393555,41443,41454,11
13.0706300735,80.2849578857,41454,41464,10
13.0693101883,80.28465271,41464,41474,10
13.0681400299,80.2843933105,41474,41484,10
13.06690979,80.2841567993,41484,41494,10
13.0656204224,80.2838668823,41494,41504,10
13.0643100739,80.2835769653,41504,41514,10
13.0630397797,80.2832489014,41514,41524,10
13.0624103546,80.2831115723,41524,41534,10
13.0624103546,80.2831192017,41534,41545,11
13.0621995926,80.2830963135,41545,41555,10
13.0615196228,80.282951355,41555,41565,10
13.060549736,80.2827224731,41565,41575,10
13.0593795776,80.2824783325,41575,41585,10
13.058139801,80.2822113037,41585,41595,10
13.0571603775,80.2820205688,41595,41605,10
13.0566396713,80.2819213867,41605,41615,10
13.056599617,80.2819137573,41615,41625,10
13.0560503006,80.2817764282,41625,41635,10
13.055150032,80.2815933228,41635,41646,11
13.0538797379,80.2813262939,41646,41656,10
13.0525999069,80.2811203003,41656,41666,10
13.0512895584,80.2809295654,41666,41676,10
13.0500802994,80.28074646,41676,41686,10
13.0488004684,80.2805633545,41686,41696,10
13.0474901199,80.2804031372,41696,41706,10
13.0462303162,80.2802200317,41706,41716,10
13.045630455,80.2801513672,41716,41726,10
13.0455503464,80.2801513672,41726,41736,10
13.0450000763,80.2800827026,41736,41746,10
13.0441799164,80.2799682617,41746,41757,11
13.0436697006,80.279876709,41757,41767,10
13.0431404114,80.2797622681,41767,41777,10
13.042309761,80.2795715332,41777,41787,10
13.0411701202,80.2793807983,41787,41797,10
13.0400695801,80.2791213989,41797,41807,10
13.0394201279,80.278968811,41807,41817,10
13.0390796661,80.2788696289,41817,41827,10
13.0389995575,80.2788391113,41827,41837,10
13.0389003754,80.2787704468,41837,41847,10
13.0383300781,80.2786026001,41847,41858,11
13.0375099182,80.2783584595,41858,41868,10
13.0370798111,80.2782516479,41868,41878,10
13.0363502502,80.2779769897,41878,41888,10
13.0355701447,80.2777709961,41888,41898,10
13.0349302292,80.2776489258,41898,41908,10
13.0342302322,80.2774963379,41908,41918,10
13.0336103439,80.2773895264,41918,41928,10
13.0331697464,80.2774887085,41928,41938,10
13.0328598022,80.2775115967,41938,41948,10
13.0325202942,80.2775192261,41948,41959,11
13.0319795609,80.2775878906,41959,41969,10
13.0310297012,80.2773590088,41969,41989,20
13.0310297012,80.2773590088,41989,41999,10
13.0309095383,80.2772674561,41999,42009,10
13.0304298401,80.2770004272,42009,42019,10
13.0297403336,80.2767181396,42019,42029,10
13.0290203094,80.2765579224,42029,42039,10
13.0281600952,80.276222229,42039,42049,10
13.0274801254,80.2759628296,42049,42060,11
13.0267295837,80.2755889893,42060,42070,10
13.0261096954,80.2753067017,42070,42080,10
13.0260896683,80.2752990723,42080,42090,10
13.0258197784,80.2751693726,42090,42100,10
13.0251903534,80.2749099731,42100,42110,10
13.024140358,80.2742004395,42110,42140,30
13.024140358,80.2742004395,42140,42150,10
13.0240297318,80.2740707397,42150,42160,10
13.0237798691,80.2736816406,42160,42171,11
13.0233402252,80.2730712891,42171,42181,10
13.0227804184,80.2723007202,42181,42191,10
13.0220804214,80.2713699341,42191,42201,10
13.0213499069,80.2704772949,42201,42211,10
13.0208902359,80.2699813843,42211,42221,10
13.0208997726,80.2699584961,42221,42231,10
13.020819664,80.2698516846,42231,42241,10
13.0205001831,80.2693481445,42241,42251,10
13.0199804306,80.268737793,42251,42261,10
13.0195302963,80.2682037354,42261,42272,11
13.0188798904,80.2674179077,42272,42282,10
13.0186500549,80.2666473389,42282,42292,10
13.0186004639,80.2659912109,42292,42302,10
13.0187702179,80.2653427124,42302,42312,10
13.0190296173,80.2644424438,42312,42322,10
13.0190095901,80.2635803223,42322,42332,10
13.0189399719,80.2631835938,42332,42342,10
13.0189199448,80.2630004883,42342,42352,10
13.0188798904,80.262550354,42352,42362,10
13.0187997818,80.2618179321,42362,42373,11
13.018699646,80.2614212036,42373,42383,10
13.018239975,80.2610321045,42383,42393,10
13.017490387,80.2605514526,42393,42403,10
13.0165901184,80.259979248,42403,42413,10
13.0160102844,80.2596817017,42413,42423,10
13.015999794,80.2596817017,42423,42433,10
13.0156803131,80.2595214844,42433,42443,10
13.0150098801,80.2593536377,42443,42453,10
13.0142002106,80.2593002319,42453,42463,10
13.0131597519,80.2592468262,42463,42473,10
13.0119495392,80.2592010498,42473,42484,11
13.0106697083,80.2592010498,42484,42494,10
13.0096902847,80.2592163086,42494,42504,10
13.0092601776,80.2592010498,42504,42514,10
13.0088701248,80.2592086792,42514,42524,10
13.0085897446,80.2591781616,42524,42534,10
13.008099556,80.2591705322,42534,42544,10
13.0076999664,80.2593307495,42544,42554,10
13.0072498322,80.2587814331,42554,42574,20
13.0072498322,80.2587814331,42574,42585,11
13.007060051,80.2584075928,42585,42595,10
13.0066404343,80.2578735352,42595,42605,10
13.0061702728,80.2575683594,42605,42615,10
13.0054197311,80.2573776245,42615,42625,10
13.0045700073,80.2571563721,42625,42635,10
13.0037097931,80.2570037842,42635,42645,10
13.0030899048,80.2568511963,42645,42655,10
13.0024003983,80.2567214966,42655,42665,10
13.0017595291,80.2566223145,42665,42716,51
13.0017595291,80.2566223145,42716,42726,10
13.0016202927,80.2566223145,42726,42736,10
13.0010795593,80.2565383911,42736,42746,10
13.0003900528,80.2564315796,42746,42756,10
12.9998998642,80.2563095093,42756,42766,10
12.9995803833,80.2562484741,42766,42776,10
12.99903965,80.2561721802,42776,42786,10
12.9986200333,80.2561035156,42786,42807,21
12.9986200333,80.2561035156,42807,42817,10
12.9984703064,80.2560501099,42817,42827,10
12.9980201721,80.2559585571,42827,42837,10
12.997209549,80.2559127808,42837,42847,10
12.9966096878,80.2559280396,42847,42857,10
12.9958896637,80.2559204102,42857,42867,10
12.9952201843,80.2559280396,42867,42877,10
12.9944896698,80.2559509277,42877,42886,9
12.9938602448,80.2560272217,42886,42898,12
12.9926795959,80.2560806274,42898,42908,10
12.9916296005,80.256072998,42908,42918,10
12.9908800125,80.2560577393,42918,42928,10
12.9907398224,80.2560577393,42928,42938,10
12.9905195236,80.2560501099,42938,42948,10
12.9902200699,80.2560424805,42948,42958,10
12.9898099899,80.2560501099,42958,42968,10
12.98939991,80.2560195923,42968,42978,10
12.9890403748,80.2560119629,42978,43110,132
12.9890403748,80.2560119629,43110,43120,10
12.9888801575,80.2560806274,43120,43130,10
12.9885902405,80.2559814453,43130,43140,10
12.988240242,80.2559127808,43140,43150,10
12.9876298904,80.255821228,43150,43160,10
12.9868202209,80.2556686401,43160,43170,10
12.9861602783,80.2555465698,43170,43180,10
12.9860696793,80.255531311,43180,43190,10
12.9858503342,80.2554626465,43190,43200,10
12.9852800369,80.255317688,43200,43211,11
12.9843101501,80.2550735474,43211,43221,10
12.9834499359,80.2548904419,43221,43231,10
12.9827604294,80.2546920776,43231,43241,10
12.9822702408,80.2544708252,43241,43251,10
12.9819898605,80.2540435791,43251,43261,10
12.9818096161,80.2533798218,43261,43271,10
12.981300354,80.2528076172,43271,43281,10
12.980219841,80.252746582,43281,43291,10
12.9791202545,80.2526702881,43291,43301,10
12.9786300659,80.2525863647,43301,43312,11
12.9785499573,80.2525405884,43312,43322,10
12.9780902863,80.2522125244,43322,43332,10
12.977399826,80.2516098022,43332,43342,10
12.9763402939,80.2511672974,43342,43352,10
12.9751195908,80.250831604,43352,43362,10
12.9738798141,80.25050354,43362,43372,10
12.9725999832,80.2501678467,43372,43382,10
12.9712896347,80.2498397827,43382,43392,10
12.970000267,80.249420166,43392,43402,10
12.9687404633,80.2489471436,43402,43412,10
12.9674501419,80.2484588623,43412,43423,11
12.9662904739,80.2479019165,43423,43433,10
12.9653701782,80.2475204468,43433,43443,10
12.965180397,80.247467041,43443,43453,10
12.9650802612,80.247428894,43453,43463,10
12.9645395279,80.2472076416,43463,43473,10
12.9638595581,80.246963501,43473,43483,10
12.9635601044,80.2468414307,43483,43493,10
12.9630002975,80.2465515137,43493,43503,10
12.9621496201,80.2461013794,43503,43513,10
12.9610900879,80.2455825806,43513,43524,11
12.9599504471,80.2450637817,43524,43534,10
12.9592695236,80.2447891235,43534,43544,10
12.9591598511,80.2447433472,43544,43554,10
12.9586496353,80.2444915771,43554,43564,10
12.957909584,80.2442016602,43564,43574,10
12.9572200775,80.2439575195,43574,43584,10
12.9567699432,80.243850708,43584,43604,20
12.9565896988,80.2437973022,43604,43665,61
12.9565896988,80.2437973022,43665,43675,10
12.9561901093,80.2436599731,43675,43685,10
12.955619812,80.2433166504,43685,43695,10
12.9547700882,80.2429275513,43695,43705,10
12.9537200928,80.2424621582,43705,43715,10
12.9525604248,80.2419891357,43715,43725,10
12.9516496658,80.2416915894,43725,43736,11
12.9515800476,80.2416763306,43736,43746,10
12.9515104294,80.2416687012,43746,43756,10
12.9510202408,80.2414932251,43756,43766,10
12.9502096176,80.2412261963,43766,43776,10
12.949139595,80.2408905029,43776,43786,10
12.9480695724,80.2404327393,43786,43796,10
12.947259903,80.2400817871,43796,43806,10
12.9470701218,80.240020752,43806,43816,10
12.9470396042,80.2399978638,43816,43825,9
12.9466600418,80.2398376465,43825,43837,12
12.9457798004,80.2394714355,43837,43847,10
12.9449300766,80.2388687134,43847,43857,10
12.9441699982,80.238067627,43857,43867,10
12.9434604645,80.2373199463,43867,43877,10
12.9426498413,80.2366485596,43877,43887,10
12.9415397644,80.236289978,43887,43897,10
12.9405498505,80.2360534668,43897,43907,10
12.939909935,80.2358627319,43907,43917,10
12.9399003983,80.2358627319,43917,43927,10
12.9396295547,80.2357635498,43927,43938,11
12.9388904572,80.2353973389,43938,43948,10
12.937959671,80.2349395752,43948,43958,10
12.9370098114,80.2344589233,43958,43968,10
12.9362401962,80.2340927124,43968,43978,10
12.9360303879,80.2340011597,43978,43988,10
12.9358701706,80.2339477539,43988,43998,10
12.9356298447,80.2341384888,43998,44008,10
12.9354400635,80.2346115112,44008,44018,10
12.9351997375,80.2352905273,44018,44028,10
12.9351396561,80.2354202271,44028,44038,10
12.9348802567,80.2354125977,44038,44049,11
12.9343299866,80.2351608276,44049,44059,10
12.9338903427,80.2350692749,44059,44069,10
12.933719635,80.2356567383,44069,44079,10
12.9334802628,80.2362365723,44079,44089,10
12.9330301285,80.2361602783,44089,44099,10
12.9329395294,80.2364730835,44099,44109,10
12.9329004288,80.2366867065,44109,44119,10
12.9327001572,80.2372589111,44119,44129,10
12.9325399399,80.2376022339,44129,44138,9
12.9323196411,80.2382202148,44138,44150,12
12.9321403503,80.2386169434,44150,44160,10
12.931429863,80.2386169434,44160,44240,80
12.931429863,80.2386169434,44240,44250,10
12.9311704636,80.2385406494,44250,44261,11
12.9306402206,80.2383575439,44261,44271,10
12.9298601151,80.238067627,44271,44281,10
12.9295902252,80.2380828857,44281,44291,10
12.9295196533,80.2383117676,44291,44301,10
12.9293804169,80.2388076782,44301,44311,10
12.929189682,80.2390365601,44311,44321,10
12.9286203384,80.2389068604,44321,44362,41
12.9286203384,80.2389068604,44362,44372,10
12.9283304214,80.238822937,44372,44382,10
12.9278497696,80.2387084961,44382,44392,10
12.927189827,80.2385482788,44392,44402,10
12.9264497757,80.2383728027,44402,44412,10
12.925740242,80.23828125,44412,44422,10
12.9254598618,80.238243103,44422,44452,30
12.9254598618,80.238243103,44452,44462,10
12.9256095886,80.2381134033,44462,44473,11
12.925620079,80.2381210327,44473,44483,10
12.9257097244,80.2381362915,44483,44493,10
12.9261903763,80.23828125,44493,44503,10
12.9269800186,80.2384567261,44503,44513,10
12.9281396866,80.2387466431,44513,44543,30
12.9281396866,80.2387466431,44543,44553,10
12.9284200668,80.2388534546,44553,44563,10
12.9286603928,80.238899231,44563,44574,11
12.9292097092,80.2390365601,44574,44584,10
12.9293804169,80.2387924194,44584,44594,10
12.9295196533,80.2383117676,44594,44604,10
12.9296398163,80.2380065918,44604,44614,10
12.9300804138,80.2381134033,44614,44624,10
12.9307403564,80.2383575439,44624,44634,10
12.9311504364,80.2385025024,44634,44664,30
12.9311504364,80.2385025024,44664,44675,11
12.9313201904,80.2385482788,44675,44685,10
12.9316396713,80.2386627197,44685,44695,10
12.932100296,80.2387237549,44695,44705,10
12.9322299957,80.2384567261,44705,44715,10
12.9323501587,80.2381286621,44715,44725,10
12.932559967,80.2376174927,44725,44735,10
12.9326896667,80.2372207642,44735,44745,10
12.9328203201,80.2369003296,44745,44755,10
12.9329004288,80.2365570068,44755,44765,10
12.9329099655,80.2364120483,44765,44774,9
12.9329299927,80.236328125,44774,44786,12
12.9331703186,80.2361526489,44786,44796,10
12.9335603714,80.2361831665,44796,44806,10
12.9336299896,80.2359085083,44806,44816,10
12.9337797165,80.2353820801,44816,44826,10
12.9339504242,80.2350006104,44826,44836,10
12.9342403412,80.2351226807,44836,44846,10
12.934679985,80.2353286743,44846,44856,10
12.9350204468,80.2354736328,44856,44866,10
12.9351596832,80.2352828979,44866,44875,9
12.9352998734,80.2349395752,44875,44887,12
12.9357204437,80.2339019775,44887,44917,30
12.9357204437,80.2339019775,44917,44927,10
12.9359302521,80.2337875366,44927,44937,10
12.9364299774,80.2340316772,44937,44947,10
12.9371795654,80.2343978882,44947,44957,10
12.9381303787,80.2348709106,44957,44967,10
12.9392204285,80.2354125977,44967,44977,10
12.9400997162,80.235786438,44977,44988,11
12.9402599335,80.2358474731,44988,44998,10
12.9404296875,80.2358932495,44998,45008,10
12.940990448,80.2360305786,45008,45018,10
12.9418001175,80.2362289429,45018,45028,10
12.9427604675,80.236579895,45028,45038,10
12.9436597824,80.2373199463,45038,45048,10
12.9444999695,80.2382583618,45048,45058,10
12.9454097748,80.2391433716,45058,45068,10
12.9465303421,80.2396697998,45068,45078,10
12.9474697113,80.2400588989,45078,45088,10
12.9482603073,80.2403793335,45088,45099,11
12.9486703873,80.2405166626,45099,45109,10
12.9487400055,80.2405395508,45109,45119,10
12.9491195679,80.2407302856,45119,45129,10
12.949760437,80.2409667969,45129,45139,10
12.9506397247,80.2412185669,45139,45148,9
12.9514703751,80.2414932251,45148,45159,11
12.9521799088,80.2417297363,45159,45169,10
12.9521999359,80.2417373657,45169,45179,10
12.952580452,80.2418823242,45179,45189,10
12.9532804489,80.2421722412,45189,45200,11
12.9542798996,80.2425765991,45200,45210,10
12.9550600052,80.2428817749,45210,45220,10
12.956199646,80.2432327271,45220,45270,50
12.956199646,80.2432327271,45270,45280,10
12.9564800262,80.2433166504,45280,45290,10
12.956990242,80.2435913086,45290,45300,10
12.9577798843,80.2439727783,45300,45311,11
12.9587602615,80.2444076538,45311,45321,10
12.9589996338,80.2444992065,45321,45331,10
12.9590902328,80.2445373535,45331,45341,10
12.9593400955,80.2446670532,45341,45351,10
12.9598398209,80.2448883057,45351,45361,10
12.9605998993,80.2452392578,45361,45371,10
12.9615602493,80.2456970215,45371,45381,10
12.9625597,80.2461929321,45381,45391,10
12.9633398056,80.2465591431,45391,45422,31
12.9633398056,80.2465591431,45422,45432,10
12.9634599686,80.2466888428,45432,45442,10
12.9637804031,80.2468490601,45442,45452,10
12.9644403458,80.2470932007,45452,45462,10
12.9652500153,80.2473602295,45462,45472,10
12.9662103653,80.2477035522,45472,45482,10
12.966919899,80.2480010986,45482,45492,10
12.9670000076,80.248046875,45492,45502,10
12.9671401978,80.2481231689,45502,45513,11
12.9677495956,80.2483901978,45513,45523,10
12.9685897827,80.2487411499,45523,45533,10
12.9696397781,80.249168396,45533,45543,10
12.9708003998,80.2496032715,45543,45553,10
12.9720602036,80.2499389648,45553,45563,10
12.9733200073,80.2502593994,45563,45573,10
12.9743700027,80.250541687,45573,45583,10
12.9755096436,80.2508621216,45583,45593,10
12.9767198563,80.2511978149,45593,45603,10
12.9778003693,80.2517776489,45603,45613,10
12.9785299301,80.2523193359,45613,45624,11
12.9786396027,80.2523803711,45624,45634,10
12.9787797928,80.2524414063,45634,45644,10
12.9792699814,80.2525482178,45644,45654,10
12.9796800613,80.2525787354,45654,45664,10
12.9800796509,80.2526016235,45664,45674,10
12.9807395935,80.2525787354,45674,45684,10
12.9816303253,80.2525482178,45684,45694,10
12.9827604294,80.2525482178,45694,45704,10
12.9839801788,80.2523193359,45704,45713,9
12.9850797653,80.2520294189,45713,45725,12
12.9862804413,80.2517089844,45725,45735,10
12.9868402481,80.2515411377,45735,46108,373
12.9871997833,80.251449585,46108,46159,51
12.9871997833,80.251449585,46159,46169,10
12.9875001907,80.2513427734,46169,46179,10
12.9877004623,80.251373291,46179,46280,101
12.9877004623,80.251373291,46280,46290,10
12.987859726,80.2514724731,46290,46300,10
12.9880199432,80.251953125,46300,46310,10
12.9880104065,80.2528076172,46310,46320,10
12.9878997803,80.2539825439,46320,46330,10
12.9877901077,80.2551879883,46330,46339,9
12.9878196716,80.2557907104,46339,46351,12
12.9884395599,80.2558670044,46351,46361,10
12.988940239,80.2558898926,46361,46371,10
12.9889497757,80.2558898926,46371,46381,10
12.9890699387,80.2559280396,46381,46391,10
12.9895801544,80.2559661865,46391,46401,10
12.9904098511,80.2559890747,46401,46411,10
12.9912700653,80.2560195923,46411,46421,10
12.9924497604,80.2560272217,46421,46431,10
12.9934597015,80.2559509277,46431,46441,10
12.994310379,80.2558898926,46441,46452,11
12.9947500229,80.2558822632,46452,46482,30
12.9947500229,80.2558822632,46482,46492,10
12.9950895309,80.2558364868,46492,46612,120
12.9950895309,80.2558364868,46612,46624,12
12.9953098297,80.2557983398,46624,46634,10
12.9957199097,80.2558364868,46634,46654,20
12.9957199097,80.2558364868,46654,46665,11
12.9960098267,80.2558364868,46665,46675,10
12.9962701797,80.2558288574,46675,46685,10
12.996629715,80.2557907104,46685,46725,40
12.996629715,80.2557907104,46725,46735,10
12.9967603683,80.2558517456,46735,46745,10
12.9970703125,80.2558364868,46745,46755,10
12.9976596832,80.2558670044,46755,46765,10
12.9983797073,80.2559585571,46765,46776,11
12.9992704391,80.2560501099,46776,46796,20
12.9992704391,80.2560501099,46796,46806,10
12.9995803833,80.2561264038,46806,46816,10
13.0002603531,80.2562713623,46816,46826,10
13.0009803772,80.2564086914,46826,46836,10
13.0015201569,80.2565002441,46836,46846,10
13.0018997192,80.2565917969,46846,46856,10
13.0024204254,80.2566680908,46856,46866,10
13.0030403137,80.2567901611,46866,46877,11
13.0037899017,80.2569274902,46877,46887,10
13.0044898987,80.2570724487,46887,46897,10
13.0051898956,80.2572097778,46897,46907,10
13.00578022,80.2573394775,46907,46917,10
13.0063400269,80.2574615479,46917,46927,10
13.006770134,80.2576904297,46927,46937,10
13.0071697235,80.2583465576,46937,46947,10
13.007809639,80.2587585449,46947,46957,10
13.0084695816,80.258972168,46957,46967,10
13.0086603165,80.2590637207,46967,46978,11
13.0087900162,80.2591018677,46978,46988,10
13.009349823,80.2590637207,46988,46998,10
13.0101900101,80.2590866089,46998,47008,10
13.0110902786,80.2590789795,47008,47018,10
13.012140274,80.2590866089,47018,47028,10
13.0133600235,80.259147644,47028,47038,10
13.0146503448,80.2591934204,47038,47048,10
13.0157804489,80.2593307495,47048,47058,10
13.0165996552,80.259803772,47058,47079,21
13.0165996552,80.259803772,47079,47089,10
13.0166797638,80.2599029541,47089,47099,10
13.0169897079,80.2601165771,47099,47109,10
13.0176095963,80.2605514526,47109,47119,10
13.018409729,80.2610931396,47119,47129,10
13.0190496445,80.2615966797,47129,47139,10
13.0196399689,80.2621536255,47139,47148,9
13.0201501846,80.2626190186,47148,47159,11
13.0202102661,80.2630233765,47159,47169,10
13.019659996,80.2629776001,47169,47179,10
13.0190296173,80.2630004883,47179,47190,11
13.019080162,80.2636871338,47190,47200,10
13.0190401077,80.2646026611,47200,47210,10
13.0188503265,80.2653198242,47210,47220,10
13.0187196732,80.265838623,47220,47230,10
13.018699646,80.2666320801,47230,47240,10
13.0190200806,80.2675094604,47240,47250,10
13.0197401047,80.2684326172,47250,47260,10
13.0205001831,80.2693710327,47260,47269,9
13.021109581,80.270072937,47269,47280,11
13.0218896866,80.2710418701,47280,47291,11
13.0227098465,80.2720794678,47291,47301,10
13.0233697891,80.2729797363,47301,47311,10
13.0237998962,80.2735366821,47311,47351,40
13.0237998962,80.2735366821,47351,47361,10
13.0239696503,80.2737426758,47361,47371,10
13.0242300034,80.2741470337,47371,47381,10
13.0246601105,80.274597168,47381,47391,10
13.0254497528,80.2749328613,47391,47412,21
13.0254497528,80.2749328613,47412,47422,10
13.0256900787,80.2750167847,47422,47432,10
13.0258903503,80.2751464844,47432,47442,10
13.0263395309,80.2753829956,47442,47452,10
13.0267400742,80.2755584717,47452,47462,10
13.0274095535,80.2758636475,47462,47472,10
13.0282297134,80.2761993408,47472,47482,10
13.0290002823,80.276512146,47482,47492,10
13.0296201706,80.2766876221,47492,47503,11
13.0300197601,80.2767868042,47503,47513,10
13.0303096771,80.2769088745,47513,47563,50
13.0303096771,80.2769088745,47563,47573,10
13.0305700302,80.2770385742,47573,47583,10
13.0307302475,80.277130127,47583,47624,41
13.0310697556,80.27734375,47624,47674,50
13.0310697556,80.27734375,47674,47684,10
13.0313901901,80.2775421143,47684,47694,10
13.0314798355,80.277557373,47694,47704,10
13.0316400528,80.2775802612,47704,47715,11
13.0320196152,80.2775192261,47715,47745,30
13.0320196152,80.2775192261,47745,47755,10
13.0324001312,80.2774505615,47755,47775,20
13.0324001312,80.2774505615,47775,47785,10
13.0327997208,80.2774505615,47785,47846,61
13.0327997208,80.2774505615,47846,47856,10
13.0331602097,80.2774200439,47856,47866,10
13.0334100723,80.2773284912,47866,47876,10
13.0334501266,80.2773132324,47876,47886,10
13.0336198807,80.2773132324,47886,47896,10
13.033780098,80.27734375,47896,47906,10
13.0340099335,80.2773895264,47906,47917,11
13.0340795517,80.2774124146,47917,47927,10
13.0342502594,80.2774734497,47927,47957,30
13.0342502594,80.2774734497,47957,47967,10
13.0343904495,80.2775192261,47967,47977,10
13.0346298218,80.2775726318,47977,47987,10
13.0353002548,80.2776565552,47987,48007,20
13.0353002548,80.2776565552,48007,48018,11
13.0356302261,80.2777481079,48018,48028,10
13.0360403061,80.2778091431,48028,48038,10
13.0365104675,80.2779312134,48038,48048,10
13.036529541,80.2779388428,48048,48058,10
13.0366001129,80.2780075073,48058,48068,10
13.0366697311,80.2780380249,48068,48078,10
13.0369997025,80.2781600952,48078,48088,10
13.0371599197,80.2782363892,48088,48098,10
13.0372400284,80.2782974243,48098,48108,10
13.0377702713,80.278427124,48108,48117,9
13.0385303497,80.2786331177,48117,48129,12
13.0389604568,80.2787322998,48129,48139,10
13.0391702652,80.278793335,48139,48149,10
13.0397796631,80.278968811,48149,48159,10
13.0406904221,80.2792129517,48159,48169,10
13.0418100357,80.2794418335,48169,48179,10
13.0431604385,80.279586792,48179,48219,40
13.0431604385,80.279586792,48219,48230,11
13.0434398651,80.2796401978,48230,48240,10
13.0441398621,80.2798233032,48240,48250,10
13.0457601547,80.2800598145,48250,48270,20
13.0457601547,80.2800598145,48270,48280,10
13.0459499359,80.2800827026,48280,48290,10
13.0465297699,80.280166626,48290,48300,10
13.0474100113,80.2802963257,48300,48310,10
13.0496196747,80.2806396484,48310,48320,10
13.0496196747,80.2806396484,48320,48331,11
13.0509004593,80.2808303833,48331,48340,9
13.05189991,80.2809677124,48340,48359,19
13.0539503098,80.2812805176,48359,48369,10
13.0550804138,80.2815170288,48369,48379,10
13.056520462,80.281791687,48379,48409,30
13.056520462,80.281791687,48409,48419,10
13.0568504333,80.281867981,48419,48429,10
13.0575799942,80.2820205688,48429,48440,11
13.0586395264,80.2822570801,48440,48450,10
13.0607700348,80.2826919556,48450,48460,10
13.0607700348,80.2826919556,48460,48470,10
13.0617399216,80.2828903198,48470,48479,9
13.0631799698,80.2831878662,48479,48500,21
13.0631799698,80.2831878662,48500,48510,10
13.0632295609,80.2832336426,48510,48520,10
13.0635995865,80.2833175659,48520,48529,9
13.0638599396,80.2833480835,48529,48541,12
13.064330101,80.2834777832,48541,48551,10
13.065079689,80.2836303711,48551,48561,10
13.066069603,80.283821106,48561,48571,10
13.0671701431,80.2840499878,48571,48581,10
13.0681200027,80.2842407227,48581,48591,10
13.0690002441,80.2844467163,48591,48601,10
13.0699100494,80.2846984863,48601,48611,10
13.0710000992,80.2849884033,48611,48621,10
13.0722103119,80.2852783203,48621,48631,10
13.0740098953,80.2857208252,48631,48642,11
13.0740098953,80.2857208252,48642,48652,10
13.0740404129,80.2857666016,48652,48660,8
13.0799798965,80.2880783081,48660,48732,72
13.0809497833,80.2883224487,48732,48763,31
13.0809497833,80.2883224487,48763,48773,10
13.0810604095,80.2883529663,48773,48783,10
13.0816202164,80.2885513306,48783,48793,10
13.0824403763,80.2888793945,48793,48803,10
13.0834798813,80.2891616821,48803,48813,10
13.0845603943,80.2891235352,48813,48823,10
13.0859003067,80.2892913818,48823,48833,10
13.0870599747,80.2895965576,48833,48842,9
13.0876998901,80.2898406982,48842,48854,12
13.0887899399,80.2901611328,48854,48894,40
13.0887899399,80.2901611328,48894,48904,10
13.0888595581,80.2903900146,48904,48914,10
13.0884199142,80.2902832031,48914,48924,10
13.0876703262,80.2899627686,48924,48934,10
13.086640358,80.2896728516,48934,48944,10
13.0857696533,80.2894210815,48944,48954,10
13.0853700638,80.288772583,48954,48965,11
13.085100174,80.2878112793,48965,48975,10
13.0851802826,80.2868118286,48975,48985,10
13.0852899551,80.2855606079,48985,48995,10
13.0852203369,80.2841033936,48995,49025,30
13.0854701996,80.2834014893,49025,49080,55
13.0854701996,80.2834014893,49080,49090,10
13.0854501724,80.2833786011,49090,49100,10
13.0854597092,80.2830429077,49100,49110,10
13.0855102539,80.2825393677,49110,49120,10
13.0856199265,80.2818374634,49120,49130,10
13.0856895447,80.2813262939,49130,49140,10
13.0857400894,80.2810592651,49140,49150,10
13.0856895447,80.2805023193,49150,49160,10
13.0855398178,80.2799072266,49160,49171,11
13.085100174,80.2794036865,49171,49181,10
13.0844402313,80.2792510986,49181,49191,10
13.0838298798,80.2791671753,49191,49201,10
13.0832099915,80.2789306641,49201,49211,10
13.0825901031,80.278717041,49211,49221,10
13.0825195313,80.2786865234,49221,49231,10
13.0824403763,80.2786483765,49231,49241,10
13.0820798874,80.2784881592,49241,49251,10
13.0819196701,80.2779998779,49251,49261,10
13.0818395615,80.2773132324,49261,49272,11
13.0817699432,80.2766799927,49272,49282,10
13.0816297531,80.2758789063,49282,49292,10
13.0814599991,80.2752990723,49292,49302,10
13.0809803009,80.2752227783,49302,49312,10
13.0802097321,80.2753219604,49312,49322,10
13.079369545,80.2753067017,49322,49332,10
13.0785703659,80.2752380371,49332,49342,10
13.0782003403,80.2758789063,49342,49352,10
13.077750206,80.2762527466,49352,49362,10
13.076789856,80.2763137817,49362,49373,11
13.0759801865,80.2763366699,49373,49383,10
13.0758800507,80.2760467529,49383,49393,10
13.0759601593,80.2757263184,49393,49403,10
13.0759096146,80.2750320435,49403,49413,10
13.0761203766,80.2747497559,49413,49605,192
13.0761203766,80.2747497559,49605,49615,10
13.0761003494,80.274887085,49615,49625,10
13.0759601593,80.2752532959,49625,49635,10
13.0763196945,80.2758331299,49635,54481,4846
13.0763196945,80.2758331299,54481,54491,10
13.0760097504,80.2759628296,54491,54501,10
13.0760002136,80.2759780884,54501,54512,11
13.0759296417,80.2760009766,54512,54522,10
13.0758895874,80.2757720947,54522,54532,10
13.0759801865,80.2754974365,54532,54542,10
13.0759296417,80.2752380371,54542,54552,10
13.0755996704,80.2750015259,54552,56128,1576
13.0755996704,80.2750015259,56128,56138,10
13.075799942,80.2751922607,56138,56148,10
13.075920105,80.2754211426,56148,56158,10
13.075969696,80.2757110596,56158,56168,10
13.0759401321,80.2759780884,56168,56178,10
13.0759000778,80.2761917114,56178,56209,31
13.0759000778,80.2761917114,56209,56219,10
13.0761003494,80.2763137817,56219,56229,10
13.0764598846,80.2762832642,56229,56239,10
13.0769100189,80.2762374878,56239,56249,10
13.0772800446,80.2761993408,56249,56259,10
13.0777196884,80.2761764526,56259,56269,10
13.0781002045,80.2760162354,56269,56279,10
13.0782699585,80.2755508423,56279,56289,10
13.0785903931,80.2751617432,56289,56300,11
13.0791501999,80.275177002,56300,56310,10
13.0796203613,80.2752685547,56310,56320,10
13.0801095963,80.2752685547,56320,56330,10
13.0803804398,80.2752380371,56330,56340,10
13.0806503296,80.2752227783,56340,56350,10
13.0812196732,80.2751464844,56350,56512,162
13.0812196732,80.2751464844,56512,56522,10
13.0815401077,80.275138855,56522,56532,10
13.0816297531,80.2751693726,56532,56542,10
13.0816898346,80.2754821777,56542,56552,10
13.0817699432,80.2760009766,56552,56562,10
13.0818595886,80.276512146,56562,56572,10
13.0818996429,80.2770385742,56572,56582,10
13.0819396973,80.2775878906,56582,56592,10
13.0820102692,80.2781829834,56592,56602,10
13.0820598602,80.278717041,56602,56613,11
13.0821199417,80.2792892456,56613,56623,10
13.0822000504,80.2799606323,56623,56633,10
13.082280159,80.280708313,56633,56643,10
13.0823297501,80.281288147,56643,56653,10
13.0823497772,80.2814788818,56653,56663,10
13.0823602676,80.2817230225,56663,56673,10
13.0827302933,80.2819824219,56673,56683,10
13.0832796097,80.2823104858,56683,56693,10
13.0837802887,80.2826309204,56693,56702,9
13.0842695236,80.282951355,56702,56714,12
13.0848197937,80.2834472656,56714,56724,10
13.0851097107,80.2836990356,56724,56734,10
13.0852499008,80.283706665,56734,56744,10
13.0854101181,80.2836380005,56744,56754,10
13.085650444,80.2835388184,56754,56764,10
13.0859298706,80.2835235596,56764,56774,10
13.0861797333,80.2835235596,56774,56784,10
13.0864200592,80.283706665,56784,56804,20
13.0864200592,80.283706665,56804,56815,11
13.086689949,80.2838821411,56815,56825,10
13.0868997574,80.2838821411,56825,56835,10
13.0870895386,80.2838668823,56835,56845,10
13.0873498917,80.2838516235,56845,56855,10
13.0877799988,80.2838821411,56855,58127,1272
13.0877799988,80.2838821411,58127,58137,10
13.0881004333,80.2836532593,58137,58208,71
13.0881004333,80.2836532593,58208,58218,10
13.0882997513,80.2831268311,58218,58258,40
13.0882997513,80.2831268311,58258,58268,10
13.0883102417,80.282699585,58268,58278,10
13.0882997513,80.2825088501,58278,58289,11
13.088259697,80.2823410034,58289,58299,10
13.0882501602,80.2822036743,58299,58309,10
13.0881996155,80.2819900513,58309,58319,10
13.0880699158,80.2816772461,58319,58329,10
13.0880498886,80.2814865112,58329,58339,10
13.0882396698,80.2814865112,58339,58349,10
13.0884599686,80.28150177,58349,58359,10
13.0885295868,80.28175354,58359,58379,20
13.0885295868,80.28175354,58379,58390,11
13.08852005,80.2820510864,58390,58430,40
13.08852005,80.2820510864,58430,58440,10
13.0884103775,80.2825012207,58440,58450,10
13.0883903503,80.282661438,58450,58460,10
13.0883598328,80.2828598022,58460,58470,10
13.0883598328,80.2831115723,58470,58480,10
13.088350296,80.283203125,58480,58490,10
13.0883302689,80.2834014893,58490,58501,11
13.0883302689,80.2834701538,58501,58511,10
13.0883598328,80.2836990356,58511,58521,10
13.0883798599,80.2839279175,58521,58531,10
13.0883903503,80.2842636108,58531,58541,10
13.0884199142,80.2846298218,58541,58551,10
13.0884504318,80.2850036621,58551,58591,40
13.0884504318,80.2850036621,58591,58602,11
13.0884399414,80.28540802,58602,58612,10
13.0884799957,80.2857131958,58612,58622,10
13.0885000229,80.2859725952,58622,58632,10
13.08852005,80.286277771,58632,58642,10
13.0885400772,80.2865066528,58642,58652,10
13.0885400772,80.2867965698,58652,58662,10
13.0885696411,80.2871932983,58662,58672,10
13.0886001587,80.2874832153,58672,58682,10
13.0886201859,80.2876815796,58682,58692,10
13.0886602402,80.2880706787,58692,58703,11
13.0887002945,80.288520813,58703,58713,10
13.0887298584,80.2887115479,58713,58723,10
13.0888004303,80.2893371582,58723,58743,20
13.0888004303,80.2893371582,58743,58753,10
13.088809967,80.2896499634,58753,58763,10
13.0888299942,80.2899703979,58763,58783,20
13.0888299942,80.2899703979,58783,58793,10
13.0888595581,80.2901077271,58793,58803,10
13.088809967,80.2903213501,58803,58814,11
13.0885601044,80.2904510498,58814,58824,10
13.0882997513,80.2902832031,58824,58834,10
13.0879096985,80.2900924683,58834,58844,10
13.087389946,80.2898330688,58844,58854,10
13.0867099762,80.2895889282,58854,58864,10
13.0858201981,80.2893600464,58864,58874,10
13.0849599838,80.2891769409,58874,58884,10
13.0841503143,80.2892074585,58884,58894,10
13.0834703445,80.2892303467,58894,58904,10
13.0827999115,80.2891616821,58904,58915,11
13.0819797516,80.2888336182,58915,58925,10
13.0811901093,80.2885513306,58925,58935,10
13.0804700851,80.2883377075,58935,58945,10
13.0802402496,80.2882614136,58945,58955,10
13.080039978,80.2882232666,58955,58965,10
13.079990387,80.2882080078,58965,58975,10
13.0795297623,80.2881317139,58975,58985,10
13.0788297653,80.2878570557,58985,58995,10
13.0780096054,80.2875976563,58995,59004,9
13.0771903992,80.2873764038,59004,59016,12
13.0759897232,80.287071228,59016,59026,10
13.0750999451,80.2866363525,59026,59034,8
13.0681295395,80.2844085693,59034,59131,97
13.0681295395,80.2844085693,59131,59160,29
13.0658397675,80.2839431763,59160,59171,11
13.0648002625,80.2836990356,59171,59181,10
13.0639600754,80.2835006714,59181,59191,10
13.0631799698,80.2833023071,59191,59201,10
13.0629396439,80.2832489014,59201,59211,10
13.0625495911,80.2831497192,59211,59232,21
13.0625495911,80.2831497192,59232,59242,10
13.0623998642,80.2831192017,59242,59252,10
13.061829567,80.2829818726,59252,59262,10
13.0601196289,80.282623291,59262,59272,10
13.0601196289,80.282623291,59272,59282,10
13.0592002869,80.2824325562,59282,59291,9
13.0583600998,80.2822570801,59291,59301,10
13.0576696396,80.2821273804,59301,59312,11
13.0567398071,80.2819290161,59312,59333,21
13.0567398071,80.2819290161,59333,59343,10
13.0566797256,80.2819213867,59343,59353,10
13.0562000275,80.2818222046,59353,59363,10
13.0554199219,80.2816467285,59363,59373,10
13.0544500351,80.2814483643,59373,59383,10
13.0533504486,80.2812423706,59383,59393,10
13.0522403717,80.2810821533,59393,59403,10
13.0511798859,80.2809295654,59403,59413,10
13.0502700806,80.2807922363,59413,59423,10
13.0493497849,80.2806625366,59423,59434,11
13.048210144,80.2805023193,59434,59444,10
13.047129631,80.2803497314,59444,59454,10
13.0460796356,80.2802124023,59454,59464,10
13.0456895828,80.2801513672,59464,59474,10
13.0456104279,80.2801513672,59474,59484,10
13.0451202393,80.2800827026,59484,59494,10
13.0443696976,80.2799682617,59494,59504,10
13.0434799194,80.279800415,59504,59524,20
13.0434799194,80.279800415,59524,59534,10
13.0433597565,80.279800415,59534,59545,11
13.0427799225,80.2796630859,59545,59555,10
13.0419597626,80.2795181274,59555,59565,10
13.0409603119,80.2793426514,59565,59575,10
13.0398797989,80.2790908813,59575,59585,10
13.0391101837,80.2788772583,59585,59595,10
13.0390195847,80.2788619995,59595,59605,10
13.0389699936,80.2788391113,59605,59615,10
13.0386104584,80.2787322998,59615,59625,10
13.0379800797,80.2785263062,59625,59635,10
13.0373096466,80.2783279419,59635,59646,11
13.0367097855,80.2781219482,59646,59656,10
13.0360403061,80.2779083252,59656,59666,10
13.035369873,80.2777633667,59666,59676,10
13.0347795486,80.2776565552,59676,59686,10
13.0343704224,80.2775726318,59686,59696,10
13.0338497162,80.2774429321,59696,59706,10
13.0336399078,80.2773971558,59706,59716,10
13.0334997177,80.2773895264,59716,59726,10
13.0330295563,80.2774810791,59726,59735,9
13.0327301025,80.2774887085,59735,59747,12
13.0326700211,80.2774963379,59747,59757,10
13.0324602127,80.2775192261,59757,59767,10
13.0324001312,80.2775268555,59767,59777,10
13.0320997238,80.277557373,59777,59787,10
13.03166008,80.2776031494,59787,59797,10
13.03125,80.2775421143,59797,59807,10
13.0311603546,80.2774734497,59807,59817,10
13.0309200287,80.2773208618,59817,59847,30
13.0309200287,80.2773208618,59847,59858,11
13.0306196213,80.2771377563,59858,59868,10
13.0306196213,80.2771377563,59868,59878,10
13.0301904678,80.2769317627,59878,59887,9
13.0297698975,80.2767715454,59887,59899,12
13.0292301178,80.2766418457,59899,59910,11
13.0286998749,80.2764587402,59910,59920,10
13.0281896591,80.2762374878,59920,59930,10
13.0275297165,80.275970459,59930,59940,10
13.0267696381,80.2756271362,59940,59949,9
13.025970459,80.2752685547,59949,59971,22
13.025970459,80.2752685547,59971,59981,10
13.0258798599,80.2752304077,59981,59991,10
13.025639534,80.2751235962,59991,60001,10
13.0251703262,80.274887085,60001,60011,10
13.0245103836,80.274559021,60011,60021,10
13.0239696503,80.27394104,60021,60031,10
13.0234899521,80.2732696533,60031,60041,10
13.0223999023,80.2717971802,60041,60051,10
13.0223999023,80.2717971802,60051,60062,11
13.0217399597,80.270942688,60062,60072,10
13.020939827,80.2699890137,60072,60102,30
13.020939827,80.2699890137,60102,60112,10
13.0207500458,80.2697296143,60112,60122,10
13.0203304291,80.2692337036,60122,60132,10
13.0198297501,80.2686233521,60132,60142,10
13.0193004608,80.2679519653,60142,60152,10
13.0187397003,80.2671966553,60152,60163,11
13.0185899734,80.2661972046,60163,60173,10
13.018699646,80.2655105591,60173,60183,10
13.0189304352,80.2647094727,60183,60193,10
13.0190095901,80.2638015747,60193,60203,10
13.0189399719,80.2633514404,60203,60213,10
13.0188798904,80.2629928589,60213,60223,10
13.0188598633,80.2628631592,60223,60233,10
13.0188102722,80.2623291016,60233,60243,10
13.0187196732,80.2616577148,60243,60253,10
13.0184497833,80.2611923218,60253,60263,10
13.0178604126,80.2608108521,60263,60274,11
13.0171804428,80.2603378296,60274,60284,10
13.0164499283,80.2598800659,60284,60294,10
13.0160303116,80.2596817017,60294,60304,10
13.0160198212,80.2596817017,60304,60314,10
13.0159597397,80.2596206665,60314,60324,10
13.0155096054,80.2594528198,60324,60334,10
13.0147800446,80.2593231201,60334,60344,10
13.0139503479,80.2593002319,60344,60354,10
13.012960434,80.259262085,60354,60364,10
13.011879921,80.2592163086,60364,60375,11
13.0107297897,80.2592086792,60375,60385,10
13.0097103119,80.2592163086,60385,60395,10
13.008890152,80.2592010498,60395,60405,10
13.0085697174,80.2592010498,60405,60415,10
13.0080404282,80.2592163086,60415,60425,10
13.0074901581,80.2593536377,60425,60435,10
13.0072402954,80.2589035034,60435,60445,10
13.0071496964,80.2586669922,60445,60455,10
13.0071401596,80.2586669922,60455,60465,10
13.0071201324,80.2586212158,60465,60476,11
13.0068902969,80.2582321167,60476,60486,10
13.0066299438,80.2578201294,60486,60496,10
13.0061397552,80.2575302124,60496,60506,10
13.0055198669,80.2573928833,60506,60516,10
13.0048303604,80.257232666,60516,60526,10
13.0040397644,80.2570495605,60526,60536,10
13.0032501221,80.2568817139,60536,60546,10
13.0024700165,80.256729126,60546,60556,10
13.0014600754,80.2565765381,60556,60607,51
13.0014600754,80.2565765381,60607,60617,10
13.0010299683,80.2565536499,60617,60627,10
13.0003204346,80.2564315796,60627,60637,10
12.9994802475,80.2562789917,60637,60647,10
12.9987602234,80.2561416626,60647,60657,10
12.9984302521,80.2561035156,60657,60677,20
12.9984302521,80.2561035156,60677,60688,11
12.9983997345,80.2561035156,60688,60698,10
12.9983100891,80.2560806274,60698,60708,10
12.998169899,80.2560424805,60708,60718,10
12.997759819,80.2559814453,60718,60728,10
12.9970397949,80.2559280396,60728,60738,10
12.9966096878,80.2559127808,60738,60748,10
12.9960298538,80.2559127808,60748,60758,10
12.9954595566,80.2559204102,60758,60768,10
12.994890213,80.2559280396,60768,60778,10
12.994310379,80.2559661865,60778,60789,11
12.9936199188,80.2560272217,60789,60799,10
12.9928703308,80.256072998,60799,60809,10
12.9920501709,80.2560882568,60809,60819,10
12.991689682,80.2560806274,60819,60829,10
12.9912204742,80.2560577393,60829,60839,10
12.9906797409,80.2560501099,60839,60849,10
12.9901800156,80.2560272217,60849,60859,10
12.9895000458,80.2560119629,60859,60869,10
12.9883804321,80.2559127808,60869,60930,61
12.9883804321,80.2559127808,60930,60940,10
12.9882802963,80.2558898926,60940,60950,10
12.9878702164,80.2558517456,60950,60960,10
12.9874095917,80.2557601929,60960,60970,10
12.9869804382,80.2556762695,60970,60980,10
12.9862003326,80.2555465698,60980,61011,31
12.9862003326,80.2555465698,61011,61021,10
12.986000061,80.2555007935,61021,61031,10
12.985619545,80.2554092407,61031,61041,10
12.9849796295,80.2552566528,61041,61051,10
12.9843397141,80.2550964355,61051,61061,10
12.9838695526,80.2549819946,61061,61071,10
12.983710289,80.2549362183,61071,61081,10
12.983590126,80.2549133301,61081,61092,11
12.9832696915,80.2547988892,61092,61102,10
12.9827604294,80.2546463013,61102,61112,10
12.9821796417,80.2543792725,61112,61122,10
12.9818601608,80.2537078857,61122,61132,10
12.9816703796,80.2529678345,61132,61142,10
12.981010437,80.2527770996,61142,61152,10
12.9805402756,80.2527923584,61152,61162,10
12.980050087,80.2527694702,61162,61172,10
12.9794397354,80.2526931763,61172,61182,10
12.9789104462,80.2526321411,61182,61192,10
12.9786596298,80.2525863647,61192,61203,11
12.9786300659,80.2525787354,61203,61213,10
12.9782600403,80.2523727417,61213,61223,10
12.977689743,80.2518615723,61223,61233,10
12.9769201279,80.251373291,61233,61243,10
12.975979805,80.2510681152,61243,61253,10
12.975060463,80.2508087158,61253,61263,10
12.9742202759,80.250579834,61263,61273,10
12.9734096527,80.2503585815,61273,61283,10
12.972530365,80.2501373291,61283,61293,10
12.9715995789,80.2498931885,61293,61304,11
12.9706602097,80.2496109009,61304,61314,10
12.9697504044,80.2492904663,61314,61324,10
12.9688301086,80.2489318848,61324,61334,10
12.9678897858,80.2485580444,61334,61344,10
12.9669704437,80.2481613159,61344,61354,10
12.9662904739,80.2478408813,61354,61364,10
12.9652004242,80.2474365234,61364,61384,20
12.9652004242,80.2474365234,61384,61394,10
12.9651899338,80.247428894,61394,61405,11
12.9648599625,80.2473068237,61405,61415,10
12.964799881,80.2472915649,61415,61425,10
12.9644203186,80.2471389771,61425,61435,10
12.9635601044,80.2468185425,61435,61455,20
12.9635601044,80.2468185425,61455,61465,10
12.9635000229,80.2467880249,61465,61475,10
12.9630498886,80.2465362549,61475,61485,10
12.9623003006,80.2461776733,61485,61495,10
12.9614200592,80.2457504272,61495,61505,10
12.9604101181,80.2452697754,61505,61516,11
12.9594497681,80.2448730469,61516,61526,10
12.9593400955,80.2448196411,61526,61536,10
12.9592599869,80.2447814941,61536,61546,10
12.958820343,80.2445678711,61546,61556,10
12.9581203461,80.2442703247,61556,61566,10
12.9574403763,80.2440032959,61566,61576,10
12.9564800262,80.243598938,61576,61647,71
12.9564800262,80.243598938,61647,61657,10
12.9559297562,80.2433700562,61657,61667,10
12.955280304,80.2430801392,61667,61677,10
12.9544897079,80.2427520752,61677,61687,10
12.9536104202,80.2423934937,61687,61697,10
12.952630043,80.2419967651,61697,61707,10
12.9520101547,80.2417984009,61707,61748,41
12.9520101547,80.2417984009,61748,61758,10
12.9518098831,80.2416992188,61758,61768,10
12.9515104294,80.2416229248,61768,61788,20
12.9515104294,80.2416229248,61788,61798,10
12.9513397217,80.241569519,61798,61808,10
12.9510498047,80.2414703369,61808,61818,10
12.9505796432,80.241317749,61818,61829,11
12.9497900009,80.2410736084,61829,61839,10
12.9491100311,80.2408599854,61839,61849,10
12.9483995438,80.240562439,61849,61859,10
12.9476604462,80.2402572632,61859,61869,10
12.9470701218,80.2399978638,61869,61879,10
12.9465198517,80.2397689819,61879,61889,10
12.9460201263,80.2395935059,61889,61899,10
12.9460096359,80.2395782471,61899,61909,10
12.9460000992,80.2395782471,61909,61918,9
12.9456996918,80.2394485474,61918,61930,12
12.9451303482,80.2390823364,61930,61940,10
12.9446401596,80.2385787964,61940,61950,10
12.9440803528,80.2379608154,61950,61960,10
12.943479538,80.2373199463,61960,61970,10
12.9428100586,80.2367477417,61970,61980,10
12.9419803619,80.2363967896,61980,61990,10
12.9409103394,80.2361602783,61990,62020,30
12.9409103394,80.2361602783,62020,62031,11
12.9407396317,80.2360992432,62031,62041,10
12.9402599335,80.2359619141,62041,62051,10
12.9396095276,80.2357177734,62051,62061,10
12.9388599396,80.2353668213,62061,62071,10
12.9380598068,80.2349777222,62071,62081,10
12.937210083,80.2345581055,62081,62091,10
12.9363498688,80.2341537476,62091,62101,10
12.9357404709,80.2339324951,62101,62110,9
12.9355602264,80.2342605591,62110,62121,11
12.935500145,80.2344589233,62121,62132,11
12.9354801178,80.2345123291,62132,62142,10
12.9353704453,80.2348175049,62142,62152,10
12.9351997375,80.2352828979,62152,62162,10
12.9350595474,80.2354736328,62162,62172,10
12.9347896576,80.2353515625,62172,62182,10
12.9343299866,80.2351608276,62182,62192,10
12.9338798523,80.2350387573,62192,62201,9
12.9337997437,80.2352676392,62201,62212,11
12.9336700439,80.235786438,62212,62222,10
12.9335098267,80.2362213135,62222,62232,10
12.9330701828,80.2361526489,62232,62243,11
12.9329500198,80.2363967896,62243,62253,10
12.9329395294,80.2364807129,62253,62263,10
12.9329204559,80.236618042,62263,62273,10
12.932849884,80.236907959,62273,62283,10
12.9327096939,80.2373123169,62283,62293,10
12.932559967,80.237701416,62293,62303,10
12.932510376,80.2378387451,62303,62313,10
12.9324302673,80.2380218506,62313,62323,10
12.93227005,80.2384262085,62323,62333,10
12.9321699142,80.2386779785,62333,62344,11
12.93171978,80.2387313843,62344,62354,10
12.9312801361,80.2386016846,62354,62404,50
12.9312801361,80.2386016846,62404,62413,9
12.931189537,80.2385635376,62413,62424,11
12.9308300018,80.2384185791,62424,62434,10
12.9302997589,80.238243103,62434,62445,11
12.9296998978,80.2380065918,62445,62455,10
12.9295101166,80.2382278442,62455,62465,10
12.9294099808,80.2386322021,62465,62475,10
12.9293003082,80.2389831543,62475,62485,10
12.9291000366,80.2390518188,62485,62495,10
12.9286403656,80.2389297485,62495,62556,61
12.9286403656,80.2389297485,62556,62566,10
12.928560257,80.2389221191,62566,62576,10
12.9284601212,80.2388916016,62576,62586,10
12.9282398224,80.238822937,62586,62596,10
12.9276399612,80.2386703491,62596,62606,10
12.9269599915,80.2385101318,62606,62616,10
12.9259901047,80.2382736206,62616,62646,30
12.9259901047,80.2382736206,62646,62657,11
12.925860405,80.2382202148,62657,62667,10
12.9254999161,80.2381362915,62667,62677,10
12.9251699448,80.2380371094,62677,62687,10
12.9248895645,80.2382202148,62687,62697,10
12.9252500534,80.2383728027,62697,64605,1908
12.9252500534,80.2383728027,64605,64615,10
12.9254102707,80.2384490967,64615,64625,10
12.9255695343,80.2384414673,64625,64636,11
12.9257698059,80.2382965088,64636,64646,10
12.9261198044,80.238319397,64646,64656,10
12.9266901016,80.2384567261,64656,64666,10
12.9273195267,80.2386169434,64666,64676,10
12.9281702042,80.2388000488,64676,64696,20
12.9281702042,80.2388000488,64696,64706,10
12.9282197952,80.2388076782,64706,64716,10
12.928319931,80.2388534546,64716,64726,10
12.928560257,80.238899231,64726,64737,11
12.9290504456,80.2390289307,64737,64747,10
12.9293298721,80.2389907837,64747,64757,10
12.929400444,80.2386703491,64757,64767,10
12.9295396805,80.2381973267,64767,64777,10
12.9296798706,80.237991333,64777,64787,10
12.9301099777,80.2381515503,64787,64797,10
12.9306402206,80.2383499146,64797,64806,9
12.9310998917,80.2385177612,64806,64817,11
12.9311599731,80.2385406494,64817,64827,10
12.9313201904,80.2386016846,64827,64838,11
12.9317398071,80.2387466431,64838,64848,10
12.9321804047,80.2387008667,64848,64858,10
12.9322795868,80.2384185791,64858,64868,10
12.9324302673,80.2380065918,64868,64878,10
12.9326400757,80.2374801636,64878,64888,10
12.9327602386,80.2371368408,64888,64898,10
12.9329004288,80.2366333008,64898,64908,10
12.932970047,80.2362213135,64908,64918,10
12.9333095551,80.2362213135,64918,64928,10
12.9335098267,80.2362594604,64928,64938,10
12.9336595535,80.2358016968,64938,64949,11
12.9338302612,80.2351074219,64949,64959,10
12.9341001511,80.2351074219,64959,64969,10
12.9345302582,80.2352981567,64969,64979,10
12.9349498749,80.2354812622,64979,64989,10
12.9351596832,80.2354278564,64989,64999,10
12.935259819,80.2351379395,64999,65009,10
12.9355201721,80.2344589233,65009,65019,10
12.9358301163,80.2338485718,65019,65029,10
12.9361400604,80.2339324951,65029,65039,10
12.9368200302,80.2342529297,65039,65050,11
12.9378700256,80.2347717285,65050,65060,10
12.939620018,80.2356262207,65060,65090,30
12.939620018,80.2356262207,65090,65100,10
12.9401397705,80.2358703613,65100,65110,10
12.9401397705,80.2358703613,65110,65120,10
12.9408597946,80.236076355,65120,65130,10
12.9418201447,80.2363128662,65130,65149,19
12.9437198639,80.237449646,65149,65159,10
12.9445800781,80.2384033203,65159,65169,10
12.9454603195,80.2392501831,65169,65179,10
12.9463596344,80.2396469116,65179,65189,10
12.9468002319,80.2397918701,65189,65199,10
12.9468603134,80.2398223877,65199,65209,10
12.9469995499,80.2398986816,65209,65219,10
12.9472703934,80.240020752,65219,65229,10
12.9473199844,80.2400283813,65229,65239,10
12.9476499557,80.2401809692,65239,65250,11
12.9481096268,80.2403793335,65250,65260,10
12.948340416,80.2404632568,65260,65270,10
12.948559761,80.2405471802,65270,65310,40
12.948559761,80.2405471802,65310,65320,10
12.9487895966,80.2406616211,65320,65330,10
12.9491996765,80.240852356,65330,65340,10
12.9498195648,80.2410736084,65340,65349,9
12.9510097504,80.2413787842,65349,65381,32
12.9510097504,80.2413787842,65381,65391,10
12.9511604309,80.2414398193,65391,65401,10
12.9514904022,80.2415466309,65401,65411,10
12.9519500732,80.2417221069,65411,65421,10
12.9526996613,80.2419967651,65421,65431,10
12.9534702301,80.2423019409,65431,65441,10
12.9539804459,80.2425231934,65441,65451,10
12.9545698166,80.2427520752,65451,65462,11
12.9553203583,80.243019104,65462,65472,10
12.9558200836,80.2432098389,65472,65482,10
12.9558601379,80.2432174683,65482,65492,10
12.9560403824,80.2432937622,65492,65502,10
12.956199646,80.2433395386,65502,65532,30
12.956199646,80.2433395386,65532,65542,10
12.9563703537,80.2433929443,65542,65552,10
12.9566802979,80.2435302734,65552,65563,11
12.9574298859,80.243888855,65563,65573,10
12.9583396912,80.2442779541,65573,65583,10
12.9588899612,80.2444763184,65583,65593,10
12.9589099884,80.2444915771,65593,65603,10
12.9590101242,80.2445373535,65603,65613,10
12.9594802856,80.2447814941,65613,65623,10
12.9602003098,80.2451095581,65623,65632,9
12.9610204697,80.2454910278,65632,65643,11
12.9621696472,80.2460632324,65643,65653,10
12.9630098343,80.2464523315,65653,65664,11
12.9634504318,80.2466812134,65664,65674,10
12.9638795853,80.2468795776,65674,65684,10
12.9646100998,80.2471466064,65684,65694,10
12.9654502869,80.2474365234,65694,65704,10
12.9658203125,80.2475509644,65704,65714,10
12.9659404755,80.2475967407,65714,65724,10
12.9661998749,80.2477111816,65724,65734,10
12.9664497375,80.2478179932,65734,65764,30
12.9664497375,80.2478179932,65764,65775,11
12.966750145,80.2479629517,65775,65785,10
12.9673299789,80.248260498,65785,65795,10
12.9681196213,80.2486114502,65795,65805,10
12.9690599442,80.2489929199,65805,65815,10
12.9700698853,80.2493896484,65815,65825,10
12.971159935,80.2497634888,65825,65835,10
12.9723300934,80.2500534058,65835,65845,10
12.9734897614,80.2503509521,65845,65855,10
12.9744100571,80.2506027222,65855,65865,10
12.975110054,80.2507476807,65865,65936,71
12.975110054,80.2507476807,65936,65946,10
12.9751195908,80.2507705688,65946,65956,10
12.975520134,80.2509002686,65956,65965,9
12.9760599136,80.2510604858,65965,65977,12
12.9769897461,80.2513427734,65977,65987,10
12.9778404236,80.2518768311,65987,65997,10
12.9784803391,80.2523727417,65997,66007,10
12.9785203934,80.2523880005,66007,66017,10
12.9786396027,80.2524719238,66017,66027,10
12.9791603088,80.2526168823,66027,66037,10
12.9795303345,80.2526321411,66037,66047,10
12.9796495438,80.2526626587,66047,66056,9
12.9799900055,80.2527008057,66056,66067,11
12.9807500839,80.2526931763,66067,66078,11
12.9817695618,80.2526702881,66078,66088,10
12.9828996658,80.2526092529,66088,66098,10
12.9839296341,80.2524108887,66098,66108,10
12.9846000671,80.2522125244,66108,66209,101
12.9846000671,80.2522125244,66209,66219,10
12.984749794,80.2521896362,66219,66229,10
12.985159874,80.2520828247,66229,66239,10
12.9856500626,80.2519378662,66239,66249,10
12.9862003326,80.2517700195,66249,66259,10
12.9867296219,80.2516403198,66259,66269,10
12.9872198105,80.2515106201,66269,66279,10
12.987739563,80.2514266968,66279,66290,11
12.9880104065,80.2520065308,66290,66310,20
12.9880104065,80.2520065308,66310,66320,10
12.9880504608,80.2521972656,66320,66330,10
12.9880304337,80.2526702881,66330,66340,10
12.9879798889,80.2532730103,66340,66350,10
12.9878997803,80.2538986206,66350,66360,10
12.9878501892,80.2545318604,66360,66370,10
12.9878396988,80.254989624,66370,66421,51
12.9878396988,80.254989624,66421,66431,10
12.9877004623,80.2550964355,66431,66441,10
12.9877195358,80.255317688,66441,66451,10
12.9877099991,80.2556686401,66451,66461,10
12.9880504608,80.2558898926,66461,66471,10
12.9885702133,80.2559509277,66471,66492,21
12.9885702133,80.2559509277,66492,66502,10
12.9888896942,80.2559814453,66502,66512,10
12.9895095825,80.2560424805,66512,66522,10
12.9902801514,80.256072998,66522,66532,10
12.9906597137,80.2560577393,66532,66541,9
12.990940094,80.2560806274,66541,66552,11
12.9916601181,80.2561035156,66552,66562,10
12.9925003052,80.256111145,66562,66572,10
12.9933204651,80.2560577393,66572,66582,10
12.9938898087,80.2560195923,66582,66593,11
12.993929863,80.2560195923,66593,66603,10
12.9941396713,80.2560272217,66603,66623,20
12.9941396713,80.2560272217,66623,66633,10
12.9944000244,80.2560119629,66633,66643,10
12.9946699142,80.2559661865,66643,66653,10
12.995059967,80.2559280396,66653,66673,20
12.9953899384,80.255897522,66673,66724,51
12.9953899384,80.255897522,66724,66734,10
12.9955701828,80.255897522,66734,66744,10
12.9958496094,80.2559204102,66744,66754,10
12.996339798,80.2559280396,66754,66764,10
12.9968204498,80.2559280396,66764,66774,10
12.9970903397,80.2559280396,66774,66784,10
12.9975204468,80.2559509277,66784,66793,9
12.9979600906,80.2559661865,66793,66805,12
12.9985799789,80.256072998,66805,66815,10
12.99903965,80.2561187744,66815,66855,40
12.99903965,80.2561187744,66855,66865,10
12.9991197586,80.2561416626,66865,66875,10
12.9995098114,80.2562179565,66875,66885,10
13.0001296997,80.256362915,66885,66895,10
13.0009002686,80.2564926147,66895,66906,11
13.001540184,80.2566223145,66906,66916,10
13.0021800995,80.256729126,66916,66926,10
13.0028600693,80.2568588257,66926,66936,10
13.0035400391,80.256980896,66936,66946,10
13.0043096542,80.2571182251,66946,66956,10
13.0050497055,80.2572631836,66956,66966,10
13.0055999756,80.2573928833,66966,67037,71
13.0055999756,80.2573928833,67037,67047,10
13.0062103271,80.2575378418,67047,67057,10
13.0067596436,80.2576675415,67057,67067,10
13.007109642,80.2582473755,67067,67077,10
13.0076398849,80.2587127686,67077,67087,10
13.0084400177,80.2590408325,67087,67107,20
13.0084400177,80.2590408325,67107,67118,11
13.0087995529,80.2591781616,67118,67128,10
13.0091295242,80.2591705322,67128,67138,10
13.0097999573,80.2591629028,67138,67148,10
13.0106801987,80.2591781616,67148,67158,10
13.0117101669,80.2591934204,67158,67168,10
13.0128898621,80.2592391968,67168,67178,10
13.014169693,80.2592697144,67178,67188,10
13.0153999329,80.2593307495,67188,67198,10
13.0160799026,80.2595367432,67198,67208,10
13.0165596008,80.2598419189,67208,67229,21
13.0165596008,80.2598419189,67229,67239,10
13.0166397095,80.2599411011,67239,67249,10
13.0169496536,80.2601623535,67249,67259,10
13.0174198151,80.2604827881,67259,67269,10
13.0179100037,80.2608184814,67269,67279,10
13.0182504654,80.2610473633,67279,67289,10
13.0186004639,80.2612991333,67289,67299,10
13.0187196732,80.2613830566,67299,67309,10
13.0191001892,80.2617263794,67309,67320,11
13.019659996,80.2622680664,67320,67330,10
13.0202598572,80.2628173828,67330,67340,10
13.0201396942,80.2631072998,67340,67350,10
13.019490242,80.2630386353,67350,67360,10
13.0190200806,80.2631225586,67360,67370,10
13.0190896988,80.2637329102,67370,67380,10
13.0190696716,80.2646026611,67380,67390,10
13.0188503265,80.2653808594,67390,67400,10
13.0187196732,80.2658615112,67400,67410,10
13.0187101364,80.2666473389,67410,67420,10
13.0189504623,80.2674789429,67420,67431,11
13.0194597244,80.2681427002,67431,67441,10
13.0199699402,80.2687606812,67441,67451,10
13.0204696655,80.2693710327,67451,67461,10
13.0207901001,80.2697601318,67461,67471,10
13.0213699341,80.2704315186,67471,67491,20
13.0213699341,80.2704315186,67491,67501,10
13.0214796066,80.2705993652,67501,67511,10
13.0218095779,80.2710189819,67511,67521,10
13.0222797394,80.2716369629,67521,67532,11
13.0229101181,80.2724533081,67532,67542,10
13.0233602524,80.2730789185,67542,67582,40
13.0233602524,80.2730789185,67582,67592,10
13.0235500336,80.2733383179,67592,67602,10
13.023730278,80.2735824585,67602,67612,10
13.0239896774,80.2739181519,67612,67622,10
13.024479866,80.274559021,67622,67633,11
13.0247898102,80.274772644,67633,67643,10
13.0253896713,80.2749862671,67643,67663,20
13.0253896713,80.2749862671,67663,67673,10
13.0255899429,80.2750778198,67673,67683,10
13.0260095596,80.2752914429,67683,67693,10
13.0266103745,80.2755737305,67693,67703,10
13.0273303986,80.2759094238,67703,67713,10
13.0281400681,80.2762832642,67713,67723,10
13.0285902023,80.2764587402,67723,67734,11
13.0289697647,80.2765884399,67734,67744,10
13.0295696259,80.2767562866,67744,67754,10
13.0300102234,80.2768936157,67754,67764,10
13.0304098129,80.2770385742,67764,67774,10
13.0307397842,80.2772293091,67774,67784,10
13.0309200287,80.2773590088,67784,67794,10
13.0312204361,80.2775421143,67794,67804,10
13.0317001343,80.277633667,67804,67814,10
13.0325202942,80.2775497437,67814,67845,31
13.0325202942,80.2775497437,67845,67855,10
13.0326795578,80.2776107788,67855,67865,10
13.0330495834,80.2775268555,67865,67875,10
13.0335197449,80.2773971558,67875,67885,10
13.0339002609,80.2774581909,67885,67895,10
13.0339803696,80.2774734497,67895,67905,10
13.0342702866,80.2775726318,67905,67915,10
13.034819603,80.2777023315,67915,67925,10
13.0354003906,80.2778091431,67925,67934,9
13.0358695984,80.2779006958,67934,67946,12
13.0365104675,80.2780380249,67946,67956,10
13.036939621,80.2782287598,67956,67966,10
13.037150383,80.2783203125,67966,67976,10
13.0376596451,80.2784500122,67976,67986,10
13.0384702682,80.2786636353,67986,67996,10
13.0388803482,80.2787628174,67996,68006,10
13.0389099121,80.2787780762,68006,68016,10
13.0390396118,80.2788391113,68016,68026,10
13.0394001007,80.2789535522,68026,68036,10
13.040019989,80.2791290283,68036,68047,11
13.0409803391,80.2793807983,68047,68057,10
13.0420303345,80.2795181274,68057,68067,10
13.0428495407,80.2795791626,68067,68077,10
13.0431404114,80.279586792,68077,68087,10
13.0433397293,80.2796707153,68087,68097,10
13.0438804626,80.2798690796,68097,68107,10
13.0446996689,80.2800216675,68107,68117,10
13.0455503464,80.2801208496,68117,68127,10
13.0457296371,80.2801513672,68127,68137,10
13.0457401276,80.2801513672,68137,68148,11
13.0461797714,80.2802200317,68148,68158,10
13.0468597412,80.2803192139,68158,68168,10
13.0477800369,80.2804489136,68168,68178,10
13.0499801636,80.2807693481,68178,68188,10
13.0499801636,80.2807693481,68188,68198,10
13.0510797501,80.2809371948,68198,68208,10
13.0521297455,80.2810974121,68208,68226,18
13.0538902283,80.2813720703,68226,68236,10
13.0549497604,80.2815628052,68236,68246,10
13.0557203293,80.2817001343,68246,68257,11
13.0559196472,80.2817382813,68257,68267,10
13.0564498901,80.2818527222,68267,68287,20
13.0564498901,80.2818527222,68287,68297,10
13.056810379,80.2819366455,68297,68307,10
13.0574998856,80.2820892334,68307,68317,10
13.0583600998,80.2822723389,68317,68327,10
13.0594501495,80.2824935913,68327,68337,10
13.060500145,80.2827072144,68337,68347,10
13.0614299774,80.2828903198,68347,68358,11
13.0624704361,80.2831268311,68358,68368,10
13.0632600784,80.2832870483,68368,68398,30
13.0632600784,80.2832870483,68398,68408,10
13.0635299683,80.2833404541,68408,68469,61
13.0635299683,80.2833404541,68469,68479,10
13.0635595322,80.2833862305,68479,68489,10
13.0637998581,80.2834472656,68489,68499,10
13.0640602112,80.2835083008,68499,68509,10
13.0645399094,80.2836227417,68509,68519,10
13.0653896332,80.2837905884,68519,68529,10
13.0664596558,80.2840118408,68529,68539,10
13.0673398972,80.2841567993,68539,68549,10
13.0675802231,80.2842025757,68549,68560,11
13.0680799484,80.2843322754,68560,68570,10
13.0687904358,80.2845230103,68570,68580,10
13.0697402954,80.2847518921,68580,68590,10
13.0708904266,80.2850494385,68590,68600,10
13.072019577,80.2852935791,68600,68610,10
13.0730895996,80.2852783203,68610,68620,10
13.0736398697,80.2853317261,68620,68630,10
13.0737400055,80.2854232788,68630,68640,10
13.0739803314,80.285697937,68640,68650,10
13.0743703842,80.2861633301,68650,68661,11
13.0749998093,80.2865829468,68661,68671,10
13.0754699707,80.286857605,68671,68681,10
13.0761003494,80.2871170044,68681,68691,10
13.0769901276,80.2873535156,68691,68701,10
13.0780601501,80.287612915,68701,68711,10
13.0790300369,80.2879104614,68711,68721,10
13.0798997879,80.2881622314,68721,68731,10
13.0805902481,80.2882995605,68731,68741,10
13.0808000565,80.2883605957,68741,68751,10
13.080909729,80.2884063721,68751,68761,10
13.0814800262,80.2886199951,68761,68772,11
13.0822601318,80.2888870239,68772,68782,10
13.0830802917,80.2892379761,68782,68792,10
13.0839395523,80.2892532349,68792,68802,10
13.084980011,80.2892227173,68802,68812,10
13.0860004425,80.289390564,68812,68822,10
13.0870599747,80.2896881104,68822,68832,10
13.087849617,80.2900238037,68832,68842,10
13.0887403488,80.2902297974,68842,68873,31
13.0887403488,80.2902297974,68873,68883,10
13.0887203217,80.2904129028,68883,68893,10
13.0883598328,80.2903366089,68893,68903,10
13.0877304077,80.2900619507,68903,68913,10
13.0869903564,80.2898025513,68913,68923,10
13.0863199234,80.2896194458,68923,68933,10
13.0856800079,80.2894210815,68933,68943,10
13.0852899551,80.2887878418,68943,68953,10
13.0850696564,80.2879562378,68953,68963,10
13.0851097107,80.2869873047,68963,68974,11
13.0852098465,80.2858428955,68974,68984,10
13.0852804184,80.2848968506,68984,68994,10
13.0851802826,80.2844009399,68994,69004,10
13.0851602554,80.2841491699,69004,69014,10
13.0853395462,80.2839431763,69014,69024,10
13.0854597092,80.2836074829,69024,69034,10
13.085729599,80.2835998535,69034,69044,10
13.0860700607,80.2836074829,69044,69054,10
13.0861701965,80.2836303711,69054,69064,10
13.0863103867,80.2837524414,69064,69075,11
13.0866603851,80.2839813232,69075,69085,10
13.0875196457,80.2840194702,69085,69135,50
13.0875196457,80.2840194702,69135,69145,10
13.0877799988,80.283996582,69145,69155,10
13.0879297256,80.2840270996,69155,69206,51
13.0879297256,80.2840270996,69206,69216,10
13.0881099701,80.2840118408,69216,70599,1383
13.0881099701,80.2840118408,70599,70609,10
13.0881500244,80.2835998535,70609,70630,21
13.0881500244,80.2835998535,70630,70640,10
13.088259697,80.2832870483,70640,70650,10
13.0882701874,80.2830734253,70650,70660,10
13.0882701874,80.2828369141,70660,70670,10
13.088259697,80.2825164795,70670,70680,10
13.0882101059,80.2822265625,70680,70690,10
13.088139534,80.2819595337,70690,70700,10
13.0880098343,80.2816619873,70700,70710,10
13.0881099701,80.2814788818,70710,70720,10
13.0884199142,80.281578064,70720,70730,10
13.0885295868,80.2817382813,70730,70741,11
13.0884799957,80.2820281982,70741,70751,10
13.0884304047,80.2823028564,70751,70761,10
13.0883998871,80.2825088501,70761,70771,10
13.0883398056,80.2828598022,70771,70781,10
13.0883102417,80.2832717896,70781,70791,10
13.0883102417,80.2835464478,70791,70801,10
13.0883197784,80.283782959,70801,70811,10
13.0883197784,80.2840423584,70811,70821,10
13.0883398056,80.2845001221,70821,70831,10
13.0883703232,80.2851715088,70831,70892,61
13.0883703232,80.2851715088,70892,70902,10
13.0883798599,80.2853012085,70902,70912,10
13.0884304047,80.2857284546,70912,70922,10
13.0884504318,80.2862701416,70922,70932,10
13.0884599686,80.2865905762,70932,70943,11
13.0884895325,80.2870788574,70943,70953,10
13.08852005,80.2875289917,70953,70963,10
13.0885400772,80.2878112793,70963,70973,10
13.0886001587,80.2883682251,70973,70983,10
13.0886297226,80.2886810303,70983,70993,10
13.0887002945,80.2893981934,70993,71013,20
13.0887002945,80.2893981934,71013,71023,10
13.0887098312,80.2898635864,71023,71094,71
13.0887098312,80.2898635864,71094,71104,10
13.0887002945,80.2901611328,71104,71114,10
13.0887298584,80.2902908325,71114,71124,10
13.0886802673,80.290512085,71124,71134,10
13.0883798599,80.290397644,71134,71144,10
13.0879602432,80.2901916504,71144,71155,11
13.0873403549,80.2898864746,71155,71165,10
13.0865802765,80.2896118164,71165,71175,10
13.0855703354,80.2893600464,71175,71185,10
13.0846500397,80.2892227173,71185,71195,10
13.0837497711,80.2892684937,71195,71205,10
13.0829696655,80.2892684937,71205,71215,10
13.0821695328,80.2889404297,71215,71225,10
13.081489563,80.2887115479,71225,71235,10
13.0807304382,80.288482666,71235,71245,10
13.0800695419,80.2882995605,71245,71256,11
13.0799503326,80.288269043,71256,71266,10
13.0797996521,80.2882385254,71266,71276,10
13.0792703629,80.2881317139,71276,71286,10
13.0785198212,80.2878036499,71286,71296,10
13.0775003433,80.2875213623,71296,71306,10
13.0763196945,80.2872161865,71306,71316,10
13.075340271,80.2868728638,71316,71326,10
13.0746603012,80.2864379883,71326,71336,10
13.0739402771,80.2861022949,71336,71346,10
13.0731201172,80.2859191895,71346,71357,11
13.0719995499,80.2854003906,71357,71367,10
13.0707902908,80.2850799561,71367,71377,10
13.0694999695,80.2847671509,71377,71387,10
13.0682497025,80.2844772339,71387,71397,10
13.0670604706,80.2842712402,71397,71407,10
13.0658397675,80.2839813232,71407,71417,10
13.0645799637,80.2836990356,71417,71427,10
13.0635995865,80.2834472656,71427,71437,10
13.0624399185,80.2831878662,71437,71458,21
13.0624399185,80.2831878662,71458,71468,10
13.0624303818,80.2831878662,71468,71478,10
13.0620298386,80.2830963135,71478,71488,10
13.0612697601,80.2829208374,71488,71498,10
13.0603199005,80.2827072144,71498,71508,10
13.059220314,80.2824783325,71508,71518,10
13.0581703186,80.2822799683,71518,71528,10
13.0577602386,80.2822036743,71528,71538,10
13.0573596954,80.282119751,71538,71548,10
13.0567598343,80.2819976807,71548,71558,10
13.0566501617,80.2819824219,71558,71569,11
13.0566196442,80.2819671631,71569,71579,10
13.0563602448,80.2819213867,71579,71589,10
13.0557498932,80.2817764282,71589,71599,10
13.0548801422,80.2816009521,71599,71609,10
13.0539197922,80.2814025879,71609,71619,10
13.0530004501,80.28125,71619,71629,10
13.0520296097,80.2811126709,71629,71639,10
13.0512104034,80.2809829712,71639,71649,10
13.0506801605,80.2809066772,71649,71659,10
13.0499000549,80.2807922363,71659,71670,11
13.0488700867,80.2806625366,71670,71680,10
13.0478401184,80.2805099487,71680,71690,10
13.0466899872,80.2803497314,71690,71700,10
13.04570961,80.2802276611,71700,71710,10
13.045630455,80.2802200317,71710,71720,10
13.0453395844,80.2801818848,71720,71730,10
13.0446500778,80.2800827026,71730,71740,10
13.0438899994,80.2799682617,71740,71750,10
13.0435400009,80.2799224854,71750,71760,10
13.0431003571,80.2798233032,71760,71771,11
13.0422697067,80.2796173096,71771,71781,10
13.0413599014,80.2794723511,71781,71791,10
13.0404500961,80.2792816162,71791,71801,10
13.039730072,80.279083252,71801,71811,10
13.0393400192,80.2789611816,71811,71821,10
13.0389795303,80.2788772583,71821,71831,10
13.0389099121,80.2788696289,71831,71841,10
13.0388898849,80.2788619995,71841,71851,10
13.0388202667,80.2788314819,71851,71860,9
13.0385398865,80.2787399292,71860,71872,12
13.037730217,80.2784881592,71872,71882,10
13.0370101929,80.2782821655,71882,71892,10
13.0363702774,80.2780303955,71892,71902,10
13.0355796814,80.27784729,71902,71912,10
13.0347700119,80.2777175903,71912,71922,10
13.0340003967,80.2775268555,71922,71932,10
13.0336198807,80.2774200439,71932,71942,10
13.0334997177,80.2774276733,71942,71952,10
13.0331096649,80.2775268555,71952,71962,10
13.0324602127,80.2775497437,71962,71973,11
13.03166008,80.2776489258,71973,71983,10
13.0308198929,80.2773208618,71983,72013,30
13.0308198929,80.2773208618,72013,72023,10
13.030500412,80.2771530151,72023,72033,10
13.029999733,80.2769012451,72033,72043,10
13.0298404694,80.2768478394,72043,72053,10
13.0293397903,80.2767028809,72053,72063,10
13.0286903381,80.2764816284,72063,72073,10
13.0280103683,80.2761917114,72073,72084,11
13.0271396637,80.2758331299,72084,72094,10
13.02643013,80.2755279541,72094,72104,10
13.0259304047,80.2753219604,72104,72124,20
13.0259304047,80.2753219604,72124,72134,10
13.0256595612,80.2751998901,72134,72144,10
13.0251197815,80.2749481201,72144,72154,10
13.0243797302,80.2745437622,72154,72164,10
13.0238103867,80.2738037109,72164,72174,10
13.0233001709,80.273109436,72174,72185,11
13.0226097107,80.2721786499,72185,72195,10
13.021900177,80.2712402344,72195,72205,10
13.0213603973,80.2705764771,72205,72215,10
13.0209302902,80.270072937,72215,72225,10
13.0209102631,80.2700271606,72225,72235,10
13.0208101273,80.2698974609,72235,72245,10
13.0204696655,80.2694625854,72245,72255,10
13.0199899673,80.2688674927,72255,72265,10
13.0194501877,80.2682266235,72265,72275,10
13.0188703537,80.267539978,72275,72286,11
13.0185699463,80.2665786743,72286,72296,10
13.0185604095,80.2659072876,72296,72306,10
13.0187397003,80.2652206421,72306,72316,10
13.0189695358,80.2643737793,72316,72326,10
13.0189304352,80.2636489868,72326,72336,10
13.0188798904,80.2632980347,72336,72346,10
13.0187997818,80.2626724243,72346,72356,10
13.0187196732,80.2619628906,72356,72366,10
13.0185699463,80.2613525391,72366,72376,10
13.0182504654,80.2610931396,72376,72387,11
13.0179395676,80.260887146,72387,72397,10
13.0174198151,80.260559082,72397,72407,10
13.0167102814,80.2601013184,72407,72417,10
13.0160903931,80.2597732544,72417,72427,10
13.0160102844,80.259727478,72427,72437,10
13.0159797668,80.2597198486,72437,72447,10
13.0155696869,80.259552002,72447,72457,10
13.0148496628,80.2593917847,72457,72467,10
13.013999939,80.2593383789,72467,72476,9
13.0130596161,80.2593078613,72476,72488,12
13.0117301941,80.259262085,72488,72498,10
13.0108098984,80.2592468262,72498,72508,10
13.0098695755,80.2592773438,72508,72518,10
13.008939743,80.2592697144,72518,72528,10
13.0085697174,80.259262085,72528,72538,10
13.0080795288,80.259262085,72538,72548,10
13.0074796677,80.2594223022,72548,72558,10
13.0071496964,80.2589035034,72558,72568,10
13.0070800781,80.2587280273,72568,72578,10
13.0070295334,80.2585983276,72578,72589,11
13.006770134,80.2581787109,72589,72599,10
13.0065898895,80.2578887939,72599,72609,10
13.0061702728,80.2575531006,72609,72619,10
13.0055999756,80.2574234009,72619,72629,10
13.0049800873,80.2572402954,72629,72639,10
13.004240036,80.2570877075,72639,72649,10
13.0033597946,80.256942749,72649,72669,20
13.0033597946,80.256942749,72669,72679,10
13.0030498505,80.2568969727,72679,72688,9
13.0026798248,80.2568283081,72688,72700,12
13.0020303726,80.2567214966,72700,72770,70
13.0020303726,80.2567214966,72770,72780,10
13.0017299652,80.2566223145,72780,72789,9
13.001250267,80.2565689087,72789,72801,12
13.0003299713,80.256439209,72801,72811,10
12.9998197556,80.2563705444,72811,72821,10
12.9994802475,80.2563171387,72821,72831,10
12.9990301132,80.2562026978,72831,72841,10
12.9986801147,80.2561416626,72841,72861,20
12.9985103607,80.2560882568,72861,72881,20
12.9985103607,80.2560882568,72881,72890,9
12.9982500076,80.2560424805,72890,72902,12
12.9981403351,80.2560272217,72902,72912,10
12.9979000092,80.2560195923,72912,72922,10
12.9973602295,80.2559661865,72922,72932,10
12.9969301224,80.2559585571,72932,72942,10
12.9966096878,80.2559280396,72942,72952,10
12.9961500168,80.2559280396,72952,72962,10
12.9956998825,80.2559280396,72962,72972,10
12.9954004288,80.2559509277,72972,72982,10
12.9949703217,80.2559585571,72982,72992,10
12.9944200516,80.2560195923,72992,73003,11
12.9937696457,80.2560577393,73003,73013,10
12.9930696487,80.256111145,73013,73023,10
12.9922103882,80.2561416626,73023,73033,10
12.991399765,80.2561187744,73033,73043,10
12.9908599854,80.2560882568,73043,73053,10
12.9904403687,80.256072998,73053,73063,10
12.9897499084,80.2560424805,73063,73073,10
12.9892396927,80.2560195923,73073,73083,10
12.9891195297,80.2560195923,73083,73093,10
12.9887304306,80.2559814453,73093,73245,152
12.9887304306,80.2559814453,73245,73255,10
12.9885997772,80.2559967041,73255,73265,10
12.9884195328,80.2559509277,73265,73275,10
12.9881696701,80.2559127808,73275,73285,10
12.9877901077,80.255859375,73285,73295,10
12.9872703552,80.2557678223,73295,73305,10
12.986579895,80.2556533813,73305,73316,11
12.9860401154,80.2555465698,73316,73336,20
12.9860401154,80.2555465698,73336,73346,10
12.9859800339,80.2555236816,73346,73356,10
12.9857501984,80.2554626465,73356,73366,10
12.9852600098,80.2553634644,73366,73376,10
12.9846000671,80.2552032471,73376,73386,10
12.9841995239,80.2550964355,73386,73396,10
12.984120369,80.2550888062,73396,73406,10
12.9837799072,80.2549972534,73406,73417,11
12.9833202362,80.2548675537,73417,73427,10
12.9828195572,80.254699707,73427,73437,10
12.9823198318,80.2545471191,73437,73447,10
12.9819402695,80.2540817261,73447,73457,10
12.9817399979,80.2533874512,73457,73467,10
12.981300354,80.2528381348,73467,73477,10
12.9805603027,80.252822876,73477,73487,10
12.9799404144,80.2527999878,73487,73507,20
12.9799404144,80.2527999878,73507,73518,11
12.9796495438,80.252746582,73518,73528,10
12.9784898758,80.2525787354,73528,73548,20
12.9784898758,80.2525787354,73548,73558,10
12.9781904221,80.2523803711,73558,73568,10
12.9776201248,80.2518692017,73568,73578,10
12.9767999649,80.2513580322,73578,73588,10
12.9757299423,80.2510604858,73588,73598,10
12.9747104645,80.2507781982,73598,73608,10
12.973859787,80.250541687,73608,73617,9
12.9730796814,80.2502975464,73617,73629,12
12.9718704224,80.2499923706,73629,73639,10
12.9707899094,80.2496871948,73639,73649,10
12.9697799683,80.2493286133,73649,73659,10
12.9686698914,80.2488708496,73659,73669,10
12.9676599503,80.2484817505,73669,73679,10
12.966750145,80.2480621338,73679,73689,10
12.9660396576,80.2477493286,73689,73699,10
12.9649496078,80.2473678589,73699,73719,20
12.9649496078,80.2473678589,73719,73730,11
12.9648895264,80.2473526001,73730,73740,10
12.9644403458,80.2471694946,73740,73749,9
12.9637403488,80.2469177246,73749,73760,11
12.9627199173,80.2464065552,73760,73770,10
12.9616203308,80.2458724976,73770,73780,10
12.9604597092,80.2453308105,73780,73790,10
12.9595298767,80.2449188232,73790,73800,10
12.9592504501,80.2448120117,73800,73810,10
12.9591903687,80.2447814941,73810,73820,10
12.9588899612,80.2446212769,73820,73831,11
12.9581604004,80.2443008423,73831,73841,10
12.9574699402,80.2440567017,73841,73851,10
12.9566602707,80.243850708,73851,73901,50
12.9566602707,80.243850708,73901,73911,10
12.956580162,80.2438278198,73911,73921,10
12.9564504623,80.2437820435,73921,73942,21
12.9564504623,80.2437820435,73942,73952,10
12.9563398361,80.2437286377,73952,73972,20
12.9563398361,80.2437286377,73972,73982,10
12.9561004639,80.2436676025,73982,73992,10
12.9555902481,80.2433395386,73992,74002,10
12.9547901154,80.2429580688,74002,74012,10
12.9538497925,80.2425613403,74012,74022,10
12.95291996,80.2421722412,74022,74033,11
12.9515600204,80.2416915894,74033,74053,20
12.9515600204,80.2416915894,74053,74063,10
12.9511604309,80.2415313721,74063,74073,10
12.9504203796,80.2413024902,74073,74083,10
12.9497098923,80.2410888672,74083,74123,40
12.9497098923,80.2410888672,74123,74133,10
12.9494104385,80.2409667969,74133,74144,11
12.9490604401,80.2408599854,74144,74154,10
12.9484300613,80.2405929565,74154,74164,10
12.9475698471,80.2402191162,74164,74174,10
12.9469804764,80.2400131226,74174,74184,10
12.9469499588,80.2399978638,74184,74194,10
12.9466600418,80.2398986816,74194,74204,10
12.9460096359,80.239616394,74204,74214,10
12.9451904297,80.2391662598,74214,74224,10
12.9443798065,80.2383270264,74224,74234,10
12.9435396194,80.2374191284,74234,74245,11
12.942440033,80.236579895,74245,74255,10
12.9412403107,80.2362289429,74255,74265,10
12.9406995773,80.2361221313,74265,74275,10
12.9406700134,80.2361221313,74275,74285,10
12.9402303696,80.2359771729,74285,74295,10
12.9394702911,80.2356567383,74295,74305,10
12.9385204315,80.235206604,74305,74315,10
12.9374399185,80.2346801758,74315,74325,10
12.9363098145,80.234161377,74325,74335,10
12.9357004166,80.2339401245,74335,74346,11
12.9356403351,80.2339782715,74346,74356,10
12.9354801178,80.2343826294,74356,74366,10
12.9352197647,80.2350997925,74366,74376,10
12.9350795746,80.235458374,74376,74386,10
12.9347896576,80.2353897095,74386,74396,10
12.9342403412,80.2351531982,74396,74406,10
12.9338102341,80.2350616455,74406,74416,10
12.9336299896,80.2357330322,74416,74426,10
12.933380127,80.2362365723,74426,74436,10
12.9332304001,80.2362136841,74436,74447,11
12.9330596924,80.2361679077,74447,74457,10
12.9329099655,80.2363433838,74457,74467,10
12.9327898026,80.2369537354,74467,74477,10
12.9326295853,80.2373809814,74477,74487,10
12.9324197769,80.2379226685,74487,74497,10
12.932220459,80.2384414673,74497,74507,10
12.9321203232,80.2386779785,74507,74517,10
12.9316902161,80.2387466431,74517,74527,10
12.9312200546,80.2385864258,74527,74578,51
12.9312200546,80.2385864258,74578,74588,10
12.9307498932,80.2384262085,74588,74598,10
12.9300003052,80.2381515503,74598,74608,10
12.9295196533,80.2380828857,74608,74618,10
12.9294500351,80.2384033203,74618,74628,10
12.9292802811,80.2389373779,74628,74638,10
12.9290304184,80.2390365601,74638,74648,10
12.9286003113,80.2389373779,74648,74669,21
12.9286003113,80.2389373779,74669,74679,10
12.9285497665,80.2389297485,74679,74689,10
12.9282903671,80.238861084,74689,74699,10
12.9279899597,80.2387771606,74699,74709,10
12.9273195267,80.2386169434,74709,74719,10
12.9266300201,80.2384414673,74719,74729,10
12.9259004593,80.2382736206,74729,74749,20
12.9259004593,80.2382736206,74749,74760,11
12.9257698059,80.2382507324,74760,74770,10
12.9255695343,80.2384262085,74770,74780,10
12.9253702164,80.2382888794,74780,74790,10
12.9255695343,80.2381820679,74790,74840,50
12.9255695343,80.2381820679,74840,74849,9
12.9257802963,80.2382278442,74849,74861,12
12.9259595871,80.2382507324,74861,74871,10
12.9265604019,80.2384109497,74871,74881,10
12.9271097183,80.2385482788,74881,74891,10
12.9277200699,80.2386932373,74891,74901,10
12.9281902313,80.2388000488,74901,74911,10
12.9282197952,80.2388000488,74911,74921,10
12.9285297394,80.2388763428,74921,74931,10
12.9289102554,80.2389678955,74931,74941,10
12.9292602539,80.2390289307,74941,74951,10
12.9293804169,80.2387237549,74951,74962,11
12.9294900894,80.2383422852,74962,74972,10
12.9295396805,80.2381362915,74972,74982,10
12.9297304153,80.2380065918,74982,74992,10
12.9303503036,80.2382278442,74992,75002,10
12.9312095642,80.2385177612,75002,75184,182
12.9312095642,80.2385177612,75184,75194,10
12.9312801361,80.2385864258,75194,75204,10
12.9316997528,80.2387390137,75204,75214,10
12.9321498871,80.2386627197,75214,75224,10
12.9322299957,80.2384185791,75224,75234,10
12.9323701859,80.2380371094,75234,75244,10
12.9325895309,80.2374725342,75244,75254,10
12.9327201843,80.2371520996,75254,75264,10
12.932849884,80.2367477417,75264,75275,11
12.9329204559,80.2363433838,75275,75285,10
12.9329395294,80.2362365723,75285,75295,10
12.9331197739,80.2361373901,75295,75305,10
12.933549881,80.2361373901,75305,75315,10
12.9336996078,80.2355422974,75315,75325,10
12.9338502884,80.2350387573,75325,75335,10
12.9340896606,80.2350616455,75335,75345,10
12.9345197678,80.2352600098,75345,75355,10
12.934920311,80.2354507446,75355,75365,10
12.9351196289,80.2354278564,75365,75376,11
12.9352302551,80.2350997925,75376,75386,10
12.9355201721,80.2343521118,75386,75396,10
12.9357700348,80.2338409424,75396,75406,10
12.9361000061,80.2338562012,75406,75416,10
12.9362401962,80.2339477539,75416,75426,10
12.9367904663,80.2342071533,75426,75436,10
12.9376401901,80.2346496582,75436,75446,10
12.9386796951,80.2351913452,75446,75456,10
12.9394903183,80.2355880737,75456,75465,9
12.9395103455,80.2356033325,75465,75477,12
12.9397296906,80.235710144,75477,75487,10
12.9402103424,80.2358932495,75487,75497,10
12.9411001205,80.2361297607,75497,75507,10
12.9422597885,80.2364273071,75507,75517,10
12.9433698654,80.2370834351,75517,75527,10
12.9443101883,80.2380905151,75527,75537,10
12.9453001022,80.2391204834,75537,75547,10
12.9465503693,80.239730835,75547,75557,10
12.9472703934,80.240020752,75557,75567,10
12.947429657,80.2400817871,75567,75576,9
12.9479999542,80.2403335571,75576,75588,12
12.949139595,80.2407989502,75588,75598,10
12.9503097534,80.2411804199,75598,75608,10
12.9511804581,80.2414627075,75608,75618,10
12.951789856,80.2416305542,75618,75628,10
12.95195961,80.2416915894,75628,75638,10
12.952580452,80.2419433594,75638,75648,10
12.953379631,80.2422332764,75648,75658,10
12.9539403915,80.2424468994,75658,75668,10
12.9546003342,80.2427215576,75668,75678,10
12.9551401138,80.2429199219,75678,75689,11
12.9562101364,80.2433776855,75689,75759,70
12.9562101364,80.2433776855,75759,75769,10
12.9564504623,80.2434768677,75769,75779,10
12.9569797516,80.2436981201,75779,75790,11
12.9578895569,80.2440795898,75790,75800,10
12.9586000443,80.2443771362,75800,75810,10
12.9588603973,80.244468689,75810,75820,10
12.9593200684,80.2446670532,75820,75830,10
12.9601402283,80.2450408936,75830,75840,10
12.9610900879,80.2454833984,75840,75850,10
12.9620103836,80.2459564209,75850,75860,10
12.9631595612,80.2465286255,75860,75901,41
12.9631595612,80.2465286255,75901,75911,10
12.9634103775,80.2466430664,75911,75921,10
12.9641103745,80.246963501,75921,75931,10
12.9651203156,80.2473068237,75931,75941,10
12.9661798477,80.2476806641,75941,75951,10
12.9665002823,80.2478027344,75951,75961,10
12.9665298462,80.247833252,75961,75971,10
12.9670200348,80.2480773926,75971,75981,10
12.9678697586,80.2484588623,75981,75992,11
12.9691200256,80.2489624023,75992,76002,10
12.9703598022,80.249458313,76002,76012,10
12.9716997147,80.2498703003,76012,76022,10
12.9730195999,80.2502212524,76022,76032,10
12.9740400314,80.2504882813,76032,76042,10
12.9752197266,80.2508163452,76042,76052,10
12.9765100479,80.2511978149,76052,76062,10
12.9776802063,80.2517471313,76062,76072,10
12.9785900116,80.2524719238,76072,76082,10
12.9797096252,80.2527008057,76082,76093,11
12.981010437,80.2526931763,76093,76103,10
12.9820098877,80.2526397705,76103,76113,10
12.9830198288,80.252571106,76113,76123,10
12.9839200974,80.2523803711,76123,76133,10
12.9848403931,80.2521362305,76133,76143,10
12.9853000641,80.251991272,76143,76214,71
12.9853000641,80.251991272,76214,76224,10
12.9856300354,80.2519226074,76224,76234,10
12.9861803055,80.2517776489,76234,76244,10
12.9868602753,80.2516021729,76244,76254,10
12.9875402451,80.2514038086,76254,76365,111
12.9875402451,80.2514038086,76365,76375,10
12.9876699448,80.2514038086,76375,76385,10
12.9879198074,80.251739502,76385,76395,10
12.9879999161,80.2524032593,76395,76406,11
12.9879198074,80.2533111572,76406,76416,10
12.9878396988,80.2543411255,76416,76426,10
12.987739563,80.2556915283,76426,76517,91
12.987739563,80.2556915283,76517,76527,10
12.9877004623,80.2558670044,76527,76537,10
12.988240242,80.2559204102,76537,76557,20
12.988240242,80.2559204102,76557,76567,10
12.9884700775,80.255897522,76567,76577,10
12.9886703491,80.2559127808,76577,76587,10
12.9892997742,80.2559509277,76587,76597,10
12.9900903702,80.2559814453,76597,76607,10
12.9907798767,80.2559890747,76607,76618,11
12.9916400909,80.2560195923,76618,76628,10
12.9927396774,80.2560424805,76628,76638,10
12.9936704636,80.2559585571,76638,76648,10
12.9942102432,80.2559432983,76648,76658,10
12.99477005,80.2558670044,76658,76668,10
12.9953098297,80.2558364868,76668,76678,10
12.9953603745,80.2558364868,76678,76688,10
12.9955701828,80.2558517456,76688,76698,10
12.9960002899,80.2558517456,76698,76708,10
12.9965400696,80.2558517456,76708,76719,11
12.9969997406,80.2558517456,76719,76729,10
12.9975299835,80.2558670044,76729,76739,10
12.9978704453,80.255897522,76739,76749,10
12.9982700348,80.2559432983,76749,76759,10
12.9988002777,80.2560272217,76759,76769,10
12.99903965,80.2560424805,76769,76789,20
12.99903965,80.2560424805,76789,76799,10
12.999329567,80.256111145,76799,76809,10
12.9998197556,80.2562332153,76809,76820,11
13.0005302429,80.2563400269,76820,76830,10
13.0012397766,80.2564697266,76830,76840,10
13.0018596649,80.2565765381,76840,76850,10
13.0024700165,80.256690979,76850,76860,10
13.0028800964,80.2567672729,76860,76870,10
13.0033197403,80.2568588257,76870,76880,10
13.0039196014,80.2569580078,76880,76890,10
13.0046796799,80.2570877075,76890,76900,10
13.0054397583,80.2572402954,76900,76910,10
13.0062904358,80.2573471069,76910,76931,21
13.0062904358,80.2573471069,76931,76941,10
13.0064401627,80.2574081421,76941,76961,20
13.0064401627,80.2574081421,76961,76971,10
13.006529808,80.2574234009,76971,76981,10
13.0068998337,80.2579498291,76981,76991,10
13.0075702667,80.2586364746,76991,77001,10
13.008480072,80.2589797974,77001,77011,10
13.0085802078,80.2590103149,77011,77022,11
13.0091495514,80.2590637207,77022,77032,10
13.0100603104,80.2590789795,77032,77042,10
13.0112199783,80.2590637207,77042,77052,10
13.0124197006,80.2591094971,77052,77062,10
13.0136995316,80.259147644,77062,77072,10
13.015080452,80.2592010498,77072,77082,10
13.0162000656,80.2595062256,77082,77092,10
13.0164403915,80.2596893311,77092,77102,10
13.0166797638,80.2598876953,77102,77112,10
13.0173301697,80.2603302002,77112,77122,10
13.0181303024,80.2608795166,77122,77133,11
13.0186901093,80.2612762451,77133,77143,10
13.0190601349,80.2616424561,77143,77153,10
13.0195398331,80.2621002197,77153,77163,10
13.0201396942,80.2626419067,77163,77173,10
13.0202798843,80.2630386353,77173,77183,10
13.0199604034,80.2630233765,77183,77193,10
13.0193395615,80.2629699707,77193,77203,10
13.018989563,80.2631988525,77203,77213,10
13.0191001892,80.2640228271,77213,77222,9
13.0189599991,80.2649307251,77222,77234,12
13.0187797546,80.2655792236,77234,77244,10
13.0186796188,80.2663421631,77244,77254,10
13.0188999176,80.267326355,77254,77264,10
13.0195703506,80.2682037354,77264,77274,10
13.0202598572,80.2690505981,77274,77284,10
13.0208396912,80.2697601318,77284,77294,10
13.0213804245,80.2704162598,77294,77304,10
13.0215597153,80.2705993652,77304,77314,10
13.0218496323,80.2709884644,77314,77324,10
13.0223798752,80.2716827393,77324,77335,11
13.0231103897,80.2726669312,77335,77345,10
13.0236997604,80.2734680176,77345,77355,10
13.0240602493,80.2739715576,77355,77365,10
13.024479866,80.2744979858,77365,77375,10
13.0252199173,80.2748794556,77375,77395,20
13.0252199173,80.2748794556,77395,77405,10
13.0253696442,80.2749328613,77405,77415,10
13.0258197784,80.2751464844,77415,77425,10
13.0263595581,80.2754135132,77425,77436,11
13.0270996094,80.2757720947,77436,77446,10
13.027879715,80.2761001587,77446,77456,10
13.0284900665,80.2763214111,77456,77466,10
13.0289201736,80.2764663696,77466,77476,10
13.0294704437,80.2766265869,77476,77486,10
13.0300998688,80.2768325806,77486,77496,10
13.0308198929,80.2771987915,77496,77506,10
13.0314998627,80.2775497437,77506,77516,10
13.0322799683,80.2775115967,77516,77526,10
13.0328702927,80.2774581909,77526,77547,21
13.0328702927,80.2774581909,77547,77557,10
13.033249855,80.2773666382,77557,77567,10
13.0335502625,80.2773208618,77567,77577,10
13.0340795517,80.2774276733,77577,77587,10
13.0345897675,80.277557373,77587,77597,10
13.0351600647,80.2776565552,77597,77607,10
13.0355796814,80.2777404785,77607,77617,10
13.0361404419,80.27784729,77617,77627,10
13.036860466,80.2780914307,77627,77637,10
13.037320137,80.2782821655,77637,77648,11
13.0380001068,80.2784423828,77648,77658,10
13.0388402939,80.2787017822,77658,77668,10
13.0390195847,80.2787322998,77668,77678,10
13.0393896103,80.2788619995,77678,77688,10
13.0401802063,80.279083252,77688,77698,10
13.0412597656,80.2793197632,77698,77708,10
13.0424699783,80.2795028687,77708,77718,10
13.0436496735,80.2797317505,77718,77728,10
13.0446300507,80.2799301147,77728,77738,10
13.0455703735,80.2800369263,77738,77749,11
13.045800209,80.2800674438,77749,77759,10
13.0462903976,80.280128479,77759,77769,10
13.0470504761,80.2802581787,77769,77779,10
13.0480003357,80.2804031372,77779,77789,10
13.0488796234,80.2805328369,77789,77799,10
13.0495500565,80.2806015015,77799,77809,10
13.050069809,80.2806777954,77809,77819,10
13.0509195328,80.2808303833,77819,77829,10
13.0520000458,80.28099823,77829,77839,10
13.0531196594,80.2811813354,77839,77850,11
13.0542697906,80.2813720703,77850,77860,10
13.0551204681,80.281539917,77860,77870,10
13.0559797287,80.2817001343,77870,77880,10
13.0565099716,80.2817993164,77880,77890,10
13.0566501617,80.2818222046,77890,77900,10
13.057009697,80.2818984985,77900,77910,10
13.0573101044,80.2819671631,77910,77920,10
13.0578403473,80.2820663452,77920,77930,10
13.0587396622,80.2822570801,77930,77940,10
13.0595998764,80.2824401855,77940,77951,11
13.060379982,80.2826080322,77951,77961,10
13.0610599518,80.2827529907,77961,77971,10
13.0617904663,80.2829208374,77971,77980,9
13.0625095367,80.2830886841,77980,77991,11
13.0630598068,80.2831878662,77991,78001,10
13.0632696152,80.283241272,78001,78011,10
13.0637702942,80.2833709717,78011,78041,30
13.0637702942,80.2833709717,78041,78051,10
13.0639896393,80.2834091187,78051,78062,11
13.0646600723,80.2835464478,78062,78072,10
13.0655603409,80.2837371826,78072,78082,10
13.0666103363,80.2839584351,78082,78092,10
13.0677700043,80.2842178345,78092,78102,10
13.068860054,80.2844467163,78102,78112,10
13.0700397491,80.2847366333,78112,78122,10
13.0713195801,80.2850799561,78122,78132,10
13.0726804733,80.2853317261,78132,78142,10
13.0736703873,80.2853164673,78142,78152,10
13.0738601685,80.2854995728,78152,78163,11
13.073969841,80.285697937,78163,78173,10
13.073969841,80.2857208252,78173,78183,10
13.0743103027,80.2860794067,78183,78193,10
13.0750598907,80.286567688,78193,78203,10
13.0758600235,80.2869873047,78203,78213,10
13.0769395828,80.2872695923,78213,78223,10
13.0781602859,80.2875823975,78223,78233,10
13.0794200897,80.2880172729,78233,78243,10
13.0805797577,80.2882385254,78243,78253,10
13.0816497803,80.2886199951,78253,78264,11
13.0827703476,80.2890777588,78264,78274,10
13.0838603973,80.2891769409,78274,78284,10
13.0850696564,80.2891387939,78284,78294,10
13.0864200592,80.2894210815,78294,78304,10
13.0875101089,80.2898025513,78304,78314,10
13.0883798599,80.2901306152,78314,78324,10
13.088809967,80.2902297974,78324,78344,20
13.088809967,80.2902297974,78344,78353,9
13.088809967,80.2902908325,78353,78365,12
13.0883998871,80.2903137207,78365,78375,10
13.0876302719,80.2899475098,78375,78385,10
13.0867795944,80.2896881104,78385,78395,10
13.0858297348,80.2894592285,78395,78405,10
13.0853700638,80.2888412476,78405,78415,10
13.0850696564,80.2878036499,78415,78425,10
13.0851602554,80.286529541,78425,78435,10
13.0852804184,80.2852172852,78435,78445,10
13.0852098465,80.2843475342,78445,78455,10
13.0852899551,80.2839584351,78455,78466,11
13.0853996277,80.2837600708,78466,78476,10
13.085439682,80.283493042,78476,78486,10
13.085439682,80.2834472656,78486,78496,10
13.0854196548,80.2833633423,78496,78506,10
13.0854701996,80.2829666138,78506,78516,10
13.0855302811,80.2823867798,78516,78526,10
13.0855903625,80.281829834,78526,78536,10
13.0856800079,80.2811431885,78536,78567,31
13.0856800079,80.2811431885,78567,78577,10
13.0857200623,80.2809371948,78577,78587,10
13.0856599808,80.2805480957,78587,78597,10
13.0854997635,80.2798461914,78597,78607,10
13.0850601196,80.2793807983,78607,78617,10
13.0843400955,80.2791976929,78617,78627,10
13.0836200714,80.279083252,78627,78637,10
13.0832195282,80.2789382935,78637,78647,10
13.082570076,80.2786865234,78647,78657,10
13.0823497772,80.2785873413,78657,78667,10
13.082280159,80.2785491943,78667,78678,11
13.0819597244,80.2783813477,78678,78687,9
13.0818901062,80.2780990601,78687,78698,11
13.0818595886,80.2774810791,78698,78708,10
13.0817499161,80.2766418457,78708,78718,10
13.0815496445,80.2756271362,78718,78728,10
13.0812997818,80.2751922607,78728,78738,10
13.0807800293,80.2752380371,78738,78748,10
13.0801496506,80.2753295898,78748,78758,10
13.0795297623,80.275352478,78758,78768,10
13.0788297653,80.2752075195,78768,78779,11
13.0781803131,80.2757873535,78779,78789,10
13.0775899887,80.276260376,78789,78799,10
13.0766296387,80.2763214111,78799,78809,10
13.0759401321,80.2763366699,78809,78819,10
13.0758399963,80.2761535645,78819,78829,10
13.0758895874,80.2759628296,78829,78839,10
13.0759897232,80.2754211426,78839,79102,263
13.0759897232,80.2754211426,79102,79112,10
13.0760097504,80.2753601074,79112,79122,10
13.0757598877,80.2749176025,79122,79132,10
13.0752296448,80.2749404907,79132,79142,10
13.0750303268,80.2750473022,79142,79152,10
