13.025560379,80.2671279907,20,151,131
13.0254001617,80.2671890259,151,707,556
13.0255203247,80.2671890259,707,727,20
13.0255203247,80.2671890259,727,737,10
13.0254201889,80.2673034668,737,747,10
13.0251998901,80.267616272,747,798,51
13.0251998901,80.267616272,798,808,10
13.0250101089,80.2678222656,808,818,10
13.0248498917,80.2677612305,818,848,30
13.0248498917,80.2677612305,848,858,10
13.024939537,80.2677993774,858,869,11
13.0251502991,80.2675704956,869,879,10
13.025349617,80.2673110962,879,889,10
13.0255403519,80.2670822144,889,909,20
13.0255403519,80.2670822144,909,919,10
13.0255899429,80.2669219971,919,929,10
13.0257797241,80.2666320801,929,939,10
13.025970459,80.2663803101,939,949,10
13.0261201859,80.2662200928,949,1373,424
13.0260000229,80.2660827637,1373,1727,354
13.0261497498,80.2660217285,1727,3262,1535
13.02602005,80.2661590576,3262,3979,717
13.0262298584,80.2660903931,3979,4878,899
13.0262298584,80.2660903931,4878,4888,10
13.0260601044,80.2663116455,4888,4908,20
13.0260601044,80.2663116455,4908,4918,10
13.0262002945,80.2663192749,4918,4928,10
13.0265302658,80.2663116455,4928,5262,334
13.026599884,80.2664031982,5262,5706,444
13.0264596939,80.2663192749,5706,6272,566
13.0264596939,80.2663192749,6272,6282,10
13.0266304016,80.2663726807,6282,6403,121
13.0264196396,80.2663574219,6403,6686,283
13.026720047,80.266418457,6686,9816,3130
13.0267896652,80.2661590576,9816,10230,414
13.0266799927,80.2662506104,10230,13503,3273
13.0263996124,80.2663497925,13503,14169,666
13.0265903473,80.2663803101,14169,16462,2293
13.0265102386,80.266242981,16462,17017,555
13.0266504288,80.2663269043,17017,17290,273
13.026599884,80.2662734985,17290,17764,474
13.0266599655,80.2663726807,17764,17896,132
13.0266199112,80.266418457,17896,18098,202
13.0263795853,80.2663803101,18098,18158,60
13.026140213,80.2663497925,18158,18340,182
13.026140213,80.2663497925,18340,18350,10
13.0261497498,80.2661590576,18350,18360,10
13.0262403488,80.2659912109,18360,18370,10
13.0262098312,80.26587677,18370,18380,10
13.025970459,80.2657394409,18380,18390,10
13.0256204605,80.2655181885,18390,18401,11
13.0252199173,80.2652664185,18401,18411,10
13.0248699188,80.2649917603,18411,18421,10
13.0244998932,80.2647018433,18421,18431,10
13.0240802765,80.2644195557,18431,18441,10
13.0236501694,80.2641830444,18441,18451,10
13.0232095718,80.2639389038,18451,18461,10
13.0222301483,80.2634735107,18461,18471,10
13.0222301483,80.2634735107,18471,18481,10
13.0221395493,80.2634277344,18481,18491,10
13.0220298767,80.2633514404,18491,18502,11
13.021730423,80.2632064819,18502,18512,10
13.0212802887,80.2630767822,18512,18522,10
13.0207500458,80.2630310059,18522,18531,9
13.0202598572,80.2630233765,18531,18542,11
13.0196800232,80.2629699707,18542,18552,10
13.0191698074,80.2629165649,18552,18562,10
13.0189399719,80.2625808716,18562,18572,10
13.0188503265,80.2619781494,18572,18582,10
13.0187397003,80.2614364624,18582,18592,10
13.0183601379,80.2610931396,18592,18603,11
13.0178203583,80.2607269287,18603,18613,10
13.0172996521,80.260383606,18613,18623,10
13.0167303085,80.260017395,18623,18633,10
13.0161104202,80.2597122192,18633,18663,30
13.0161104202,80.2597122192,18663,18673,10
13.0159196854,80.2596282959,18673,18683,10
13.0155296326,80.2594833374,18683,18693,10
13.0149803162,80.2593612671,18693,18703,10
13.0142803192,80.2593231201,18703,18714,11
13.0135202408,80.2592926025,18714,18724,10
13.0128002167,80.2592697144,18724,18734,10
13.0121097565,80.2592391968,18734,18744,10
13.0114402771,80.2592163086,18744,18754,10
13.0107002258,80.2592315674,18754,18764,10
13.0099496841,80.2592468262,18764,18774,10
13.00922966,80.2592315674,18774,18784,10
13.0087795258,80.2592163086,18784,18794,10
13.008480072,80.2592086792,18794,18804,10
13.0079898834,80.259262085,18804,18815,11
13.0074396133,80.2593231201,18815,18825,10
13.0072097778,80.2588195801,18825,18835,10
13.0070104599,80.2583618164,18835,18845,10
13.0067100525,80.2578811646,18845,18855,10
13.0065002441,80.2573776245,18855,18865,10
13.0064601898,80.2567596436,18865,18875,10
13.0064601898,80.2561416626,18875,18885,10
13.0064697266,80.2554397583,18885,18895,10
13.0065002441,80.2547073364,18895,18905,10
13.0064897537,80.2539291382,18905,18916,11
13.0065002441,80.2531967163,18916,18926,10
13.0065002441,80.2530822754,18926,18936,10
13.0065202713,80.2529983521,18936,18946,10
13.0065402985,80.2526321411,18946,18956,10
13.0066404343,80.2520675659,18956,18966,10
13.0067596436,80.2513885498,18966,18976,10
13.0067796707,80.250617981,18976,18986,10
13.0067596436,80.2497787476,18986,18996,10
13.0067300797,80.2489624023,18996,19006,10
13.0066795349,80.2482299805,19006,19016,10
13.0066404343,80.2474594116,19016,19047,31
13.0066404343,80.2474594116,19047,19057,10
13.0066604614,80.2472763062,19057,19067,10
13.006649971,80.2468032837,19067,19077,10
13.0066404343,80.2465820313,19077,19086,9
13.006649971,80.2464523315,19086,19097,11
13.0066404343,80.2459716797,19097,19107,10
13.0066299438,80.2453613281,19107,19117,10
13.0066003799,80.2447280884,19117,19128,11
13.0066003799,80.2440490723,19128,19138,10
13.0066003799,80.2434310913,19138,19148,10
13.0065803528,80.2427368164,19148,19158,10
13.0065603256,80.2419433594,19158,19168,10
13.0066003799,80.2411499023,19168,19178,10
13.0067195892,80.2405014038,19178,19188,10
13.0068397522,80.2398681641,19188,19198,10
13.0069704056,80.239151001,19198,19208,10
13.0072898865,80.2376403809,19208,19218,10
13.0072898865,80.2376403809,19218,19229,11
13.0073795319,80.2369308472,19229,19239,10
13.0074100494,80.2368011475,19239,19249,10
13.0074300766,80.2367630005,19249,19259,10
13.007519722,80.2364120483,19259,19269,10
13.0076599121,80.2358322144,19269,19279,10
13.0078001022,80.2351226807,19279,19289,10
13.0079698563,80.234336853,19289,19299,10
13.0081396103,80.2335128784,19299,19309,10
13.0082998276,80.2326583862,19309,19319,10
13.008480072,80.2317810059,19319,19329,10
13.0086297989,80.2309188843,19329,19340,11
13.0088100433,80.2300033569,19340,19350,10
13.0089597702,80.2292098999,19350,19360,10
13.0091199875,80.2284317017,19360,19370,10
13.0094203949,80.2276763916,19370,19380,10
13.009759903,80.2269210815,19380,19390,10
13.0101203918,80.2261734009,19390,19400,10
13.0104799271,80.2254486084,19400,19410,10
13.0108098984,80.2247390747,19410,19420,10
13.0110902786,80.2240371704,19420,19430,10
13.0113697052,80.2233581543,19430,19441,11
13.0116796494,80.2226028442,19441,19451,10
13.0119495392,80.2218170166,19451,19461,10
13.012260437,80.2214279175,19461,19471,10
13.0125398636,80.2217407227,19471,19481,10
13.0129098892,80.2222518921,19481,19491,10
13.0134096146,80.2228164673,19491,19501,10
13.013879776,80.2233505249,19501,19511,10
13.0142803192,80.2238998413,19511,19521,10
13.0146903992,80.2244033813,19521,19531,10
13.0152101517,80.224822998,19531,19542,11
13.0154399872,80.2249221802,19542,19552,10
13.0156402588,80.2250900269,19552,19564,12
13.016119957,80.2253417969,19564,19574,10
13.0166501999,80.2252807617,19574,19584,10
13.0172901154,80.2250289917,19584,19594,10
13.0179595947,80.2247619629,19594,19604,10
13.0186395645,80.2244796753,19604,19614,10
13.0193500519,80.2243728638,19614,19624,10
13.0199098587,80.224609375,19624,19634,10
13.0200195313,80.2246932983,19634,19645,11
13.0202302933,80.2248687744,19645,19655,10
13.0212097168,80.2256011963,19655,19665,10
13.0212097168,80.2256011963,19665,19675,10
13.0217695236,80.226020813,19675,19685,10
13.0223197937,80.2264709473,19685,19695,10
13.0228500366,80.2269363403,19695,19705,10
13.0234203339,80.2274780273,19705,19715,10
13.0239896774,80.2280197144,19715,19725,10
13.0244903564,80.2286529541,19725,19735,10
13.0248699188,80.2292022705,19735,19746,11
13.0253095627,80.2297668457,19746,19756,10
13.0257101059,80.2303771973,19756,19766,10
13.0259799957,80.2310409546,19766,19776,10
13.0262498856,80.2313613892,19776,19786,10
13.0267801285,80.2312088013,19786,19796,10
13.0273799896,80.2310562134,19796,19806,10
13.027970314,80.2309570313,19806,19816,10
13.0285701752,80.2308731079,19816,19826,10
13.0292396545,80.2308197021,19826,19836,10
13.029709816,80.2307891846,19836,19846,10
13.0302801132,80.2307510376,19846,19857,11
13.03083992,80.2307128906,19857,19867,10
13.031419754,80.2306594849,19867,19877,10
13.0327596664,80.2305603027,19877,19887,10
13.0327596664,80.2305603027,19887,19897,10
13.0334796906,80.2304992676,19897,19907,10
13.0340299606,80.23046875,19907,19917,10
13.0344800949,80.2304000854,19917,19937,20
13.0344800949,80.2304000854,19937,19947,10
13.0346002579,80.2303619385,19947,19958,11
13.0348300934,80.2303009033,19958,19968,10
13.0350904465,80.23021698,19968,19978,10
13.0349798203,80.2303924561,19978,19988,10
13.0347204208,80.2303619385,19988,19998,10
13.034529686,80.2304000854,19998,20008,10
13.0343198776,80.2304382324,20008,20018,10
13.0340299606,80.2304611206,20018,20028,10
13.0337600708,80.23046875,20028,20038,10
13.0331401825,80.2305297852,20038,20462,424
13.0329399109,80.2304763794,20462,21170,708
13.0329198837,80.2303771973,21170,21384,214
13.0329198837,80.2303771973,21384,21394,10
13.032790184,80.2304000854,21394,21404,10
13.0324897766,80.23046875,21404,21414,10
13.0320701599,80.2305374146,21414,21424,10
13.0314903259,80.2306213379,21424,21434,10
13.0309495926,80.230682373,21434,21444,10
13.0304603577,80.2307434082,21444,21454,10
13.0299396515,80.230796814,21454,21465,11
13.0295696259,80.2308578491,21465,21475,10
13.0291795731,80.2308883667,21475,21485,10
13.028670311,80.2309494019,21485,21494,9
13.0282297134,80.2309875488,21494,21505,11
13.0277395248,80.2310562134,21505,21514,9
13.0277004242,80.2312698364,21514,21525,11
13.0277500153,80.2317581177,21525,21535,10
13.0277996063,80.2321395874,21535,21545,10
13.0278997421,80.2326202393,21545,21555,10
13.0276699066,80.2328491211,21555,21566,11
13.0271596909,80.2329406738,21566,21576,10
13.0268297195,80.2329864502,21576,21586,10
13.0265598297,80.2330169678,21586,21596,10
13.0263395309,80.2327728271,21596,21606,10
13.0261802673,80.2322692871,21606,21616,10
13.02602005,80.2316970825,21616,21626,10
13.0258798599,80.2311096191,21626,21636,10
13.0256500244,80.2304992676,21636,21646,10
13.025270462,80.2298965454,21646,21657,11
13.0248003006,80.2292709351,21657,21666,9
13.024430275,80.2287979126,21666,21677,11
13.0240802765,80.2284011841,21677,21687,10
13.023850441,80.2280807495,21687,21697,10
13.0235500336,80.2277679443,21697,21707,10
13.0231800079,80.2274169922,21707,21717,10
13.0227403641,80.2270126343,21717,21727,10
13.0222997665,80.2265930176,21727,21737,10
13.0218095779,80.2261810303,21737,21747,10
13.0213499069,80.2258377075,21747,21758,11
13.0207996368,80.2254180908,21758,21768,10
13.0202798843,80.2250976563,21768,21778,10
13.0197696686,80.2247619629,21778,21788,10
13.0191602707,80.2244873047,21788,21798,10
13.0185003281,80.224609375,21798,21808,10
13.0178604126,80.2248687744,21808,21818,10
13.01720047,80.225151062,21818,21828,10
13.0165395737,80.2254333496,21828,21838,10
13.0159597397,80.2256317139,21838,21848,10
13.0153903961,80.2258377075,21848,21859,11
13.0148096085,80.2260818481,21859,21869,10
13.014380455,80.2262496948,21869,21879,10
13.0143003464,80.2262802124,21879,21889,10
13.0141897202,80.2263336182,21889,21899,10
13.0137796402,80.2264862061,21899,21909,10
13.0132904053,80.2266769409,21909,21918,9
13.0127000809,80.2269134521,21918,21929,11
13.0118904114,80.2272415161,21929,21939,10
13.0111904144,80.2275238037,21939,21949,10
13.0104598999,80.2278213501,21949,21960,11
13.0096597672,80.2281570435,21960,21970,10
13.0091695786,80.2286987305,21970,21980,10
13.0090198517,80.2294998169,21980,21990,10
13.008890152,80.230178833,21990,22000,10
13.008600235,80.2317199707,22000,22010,10
13.008600235,80.2317199707,22010,22020,10
13.0084295273,80.2324981689,22020,22030,10
13.0082302094,80.2337112427,22030,22040,10
13.0082302094,80.2337112427,22040,22050,10
13.008099556,80.2341308594,22050,22061,11
13.0079698563,80.2347564697,22061,22071,10
13.0078601837,80.2353820801,22071,22081,10
13.0077104568,80.2360687256,22081,22091,10
13.0075597763,80.2368392944,22091,22100,9
13.0074100494,80.2375488281,22100,22111,11
13.0072498322,80.2384567261,22111,22121,10
13.007109642,80.2392196655,22121,22131,10
13.0069599152,80.2401123047,22131,22181,50
13.0069599152,80.2401123047,22181,22192,11
13.0069503784,80.2405776978,22192,22202,10
13.0068597794,80.2410964966,22202,22212,10
13.006819725,80.2417678833,22212,22222,10
13.006819725,80.2425079346,22222,22232,10
13.006770134,80.2432632446,22232,22242,10
13.0067501068,80.2440185547,22242,22252,10
13.0067501068,80.244758606,22252,22263,11
13.0067596436,80.2453613281,22263,22273,10
13.0067796707,80.2459793091,22273,22283,10
13.0067901611,80.2466506958,22283,22293,10
13.0067901611,80.2473220825,22293,22303,10
13.0067796707,80.2478637695,22303,22313,10
13.0067996979,80.2486419678,22313,22323,10
13.0068998337,80.2493972778,22323,22333,10
13.0068998337,80.2495880127,22333,22343,10
13.0068902969,80.2499771118,22343,22353,10
13.0068502426,80.2506637573,22353,22363,10
13.0068502426,80.2513580322,22363,22374,11
13.0066795349,80.2521362305,22374,22384,10
13.0066099167,80.2528381348,22384,22394,10
13.0066003799,80.2535095215,22394,22404,10
13.0066099167,80.2542037964,22404,22414,10
13.0066404343,80.2550125122,22414,22424,10
13.0066604614,80.2558670044,22424,22434,10
13.0066604614,80.2565078735,22434,22444,10
13.0067195892,80.2572631836,22444,22485,41
13.0067195892,80.2572631836,22485,22495,10
13.0067501068,80.2574615479,22495,22504,9
13.0069704056,80.2579574585,22504,22514,10
13.0073900223,80.2584915161,22514,22526,12
13.008099556,80.2588195801,22526,22535,9
13.0088596344,80.2590408325,22535,22546,11
13.0097904205,80.2590484619,22546,22557,11
13.0108003616,80.2590637207,22557,22566,9
13.0115995407,80.2590408325,22566,22577,11
13.0125703812,80.2590789795,22577,22587,10
13.0134601593,80.2591094971,22587,22597,10
13.0142602921,80.2591400146,22597,22607,10
13.0151901245,80.2591934204,22607,22617,10
13.0159902573,80.2594223022,22617,22626,9
13.016409874,80.2596588135,22626,22637,11
13.0169200897,80.2600402832,22637,22646,9
13.0174102783,80.2603683472,22646,22658,12
13.0180797577,80.2608337402,22658,22668,10
13.0186300278,80.2612228394,22668,22678,10
13.0190000534,80.2615432739,22678,22688,10
13.0194501877,80.2619171143,22688,22698,10
13.0199298859,80.2623901367,22698,22708,10
13.0204896927,80.2627563477,22708,22718,10
13.0211496353,80.2629699707,22718,22728,10
13.0217695236,80.2632217407,22728,22738,10
13.0220804214,80.2633590698,22738,22748,10
13.0224304199,80.2635421753,22748,22758,10
13.0229101181,80.2637710571,22758,22769,11
13.0230998993,80.2639007568,22769,22779,10
13.023440361,80.2641067505,22779,22789,10
13.0238704681,80.2643280029,22789,22799,10
13.0243902206,80.2646484375,22799,22809,10
13.0247602463,80.2649230957,22809,22819,10
13.025179863,80.2652511597,22819,22829,10
13.0256595612,80.2655792236,22829,22839,10
13.026140213,80.2658615112,22839,22849,10
13.026309967,80.2657394409,22849,22859,10
13.0263395309,80.2655334473,22859,22870,11
13.0263700485,80.2653579712,22870,22880,10
13.0263595581,80.2651062012,22880,22890,10
13.0263996124,80.2648468018,22890,22900,10
13.0264701843,80.2643966675,22900,22910,10
13.0264997482,80.2641983032,22910,22920,10
13.0265197754,80.2639923096,22920,22930,10
13.026550293,80.2636184692,22930,22940,10
13.0265703201,80.2634963989,22940,22950,10
13.0268201828,80.2634124756,22950,22960,10
13.0272703171,80.2634887695,22960,22971,11
13.0273704529,80.2635498047,22971,22981,10
13.0278396606,80.2636566162,22981,22991,10
13.028380394,80.2637786865,22991,23001,10
13.0289297104,80.2639083862,23001,23011,10
13.0292797089,80.2641067505,23011,23021,10
13.029299736,80.2645263672,23021,23031,10
13.0292797089,80.2650604248,23031,23041,10
13.029250145,80.265663147,23041,23051,10
13.0292100906,80.266242981,23051,23061,10
13.0292901993,80.2665100098,23061,23072,11
13.0297203064,80.2665634155,23072,23082,10
13.0303001404,80.2666625977,23082,23092,10
13.0310001373,80.2667770386,23092,23102,10
13.0316200256,80.2669906616,23102,23112,10
13.0321702957,80.2672424316,23112,23122,10
13.03262043,80.2674789429,23122,23132,10
13.0331096649,80.2676925659,23132,23142,10
13.0335798264,80.2677993774,23142,23152,10
13.0339899063,80.2678985596,23152,23162,10
13.0344295502,80.2679672241,23162,23173,11
13.0345401764,80.2679672241,23173,23183,10
13.0345897675,80.2681427002,23183,23193,10
13.0344400406,80.2680892944,23193,23203,10
13.0342102051,80.2680130005,23203,23213,10
13.0337896347,80.2679214478,23213,23223,10
13.0332899094,80.2678527832,23223,23708,485
13.0332899094,80.2678527832,23708,23718,10
13.0330896378,80.2677612305,23718,23728,10
13.032910347,80.2677307129,23728,23738,10
13.0326499939,80.2676086426,23738,23748,10
13.0325202942,80.2674484253,23748,23758,10
13.0321502686,80.2673187256,23758,23768,10
13.0316801071,80.2671203613,23768,23779,11
13.031080246,80.2668991089,23779,23789,10
13.030579567,80.2667770386,23789,23799,10
13.0300397873,80.2667007446,23799,23809,10
13.0297603607,80.2666625977,23809,23819,10
13.0295801163,80.2666397095,23819,23829,10
13.029299736,80.2665710449,23829,23839,10
13.0289201736,80.2663879395,23839,23849,10
13.0284404755,80.2662887573,23849,23859,10
13.0279302597,80.2661972046,23859,23869,10
13.0273895264,80.2661209106,23869,23880,11
13.0267696381,80.2660598755,23880,23890,10
13.0263395309,80.2659835815,23890,23900,10
13.0259599686,80.2657775879,23900,23910,10
13.0254402161,80.2654495239,23910,23920,10
13.0252199173,80.2653198242,23920,23930,10
13.0250902176,80.2652206421,23930,23940,10
13.0247802734,80.2649765015,23940,23950,10
13.0244703293,80.2647476196,23950,23960,10
13.0240697861,80.2644577026,23960,23970,10
13.0235004425,80.2641372681,23970,23981,11
13.0228300095,80.2637863159,23981,23991,10
13.0221996307,80.2634811401,23991,24001,10
13.0219097137,80.263343811,24001,24011,10
13.0214595795,80.2631530762,24011,24021,10
13.0207901001,80.2630386353,24021,24031,10
13.0202703476,80.2630233765,24031,24041,10
13.0197896957,80.2630004883,24041,24051,10
13.0191898346,80.2629165649,24051,24061,10
13.0189304352,80.2626495361,24061,24071,10
13.0188598633,80.2620697021,24071,24082,11
13.0186500549,80.2613220215,24082,24092,10
13.0181102753,80.2609176636,24092,24102,10
13.0174798965,80.2604980469,24102,24112,10
13.0167999268,80.2600479126,24112,24122,10
13.0161600113,80.2597198486,24122,24132,10
13.0160799026,80.2596893311,24132,24142,10
13.015879631,80.2595977783,24142,24152,10
13.01541996,80.259437561,24152,24162,10
13.014840126,80.2593307495,24162,24172,10
13.0142002106,80.2593002319,24172,24183,11
13.0133800507,80.259262085,24183,24193,10
13.0125999451,80.2592391968,24193,24203,10
13.0118503571,80.2592010498,24203,24213,10
13.0111598969,80.2591781616,24213,24223,10
13.0103197098,80.2592391968,24223,24233,10
13.0099601746,80.2592468262,24233,24243,10
13.0097503662,80.2592315674,24243,24253,10
13.0092496872,80.2592315674,24253,24263,10
13.0087995529,80.2592163086,24263,24273,10
13.0084600449,80.2592086792,24273,24284,11
13.0078401566,80.2593002319,24284,24294,10
13.0074100494,80.2592010498,24294,24304,10
13.007229805,80.2587890625,24304,24314,10
13.0071697235,80.2586898804,24314,24324,10
13.0069799423,80.2583312988,24324,24334,10
13.0067100525,80.2578430176,24334,24354,20
13.0067100525,80.2578430176,24354,24364,10
13.0065803528,80.2575912476,24364,24374,10
13.006529808,80.2571487427,24374,24385,11
13.0065202713,80.2565765381,24385,24395,10
13.0065803528,80.2563934326,24395,24405,10
13.0065698624,80.2559204102,24405,24415,10
13.0065698624,80.255241394,24415,24425,10
13.0065698624,80.2544784546,24425,24435,10
13.0065498352,80.2537994385,24435,24445,10
13.0065498352,80.2531967163,24445,24455,10
13.0065498352,80.2531280518,24455,24465,10
13.0065498352,80.2527694702,24465,24475,10
13.0066699982,80.2519989014,24475,24516,41
13.0066699982,80.2519989014,24516,24526,10
13.0066995621,80.2519226074,24526,24536,10
13.0067796707,80.2515182495,24536,24546,10
13.0068101883,80.2508926392,24546,24556,10
13.0068101883,80.2500305176,24556,24566,10
13.0067796707,80.2490386963,24566,24576,10
13.0066900253,80.2481994629,24576,24587,11
13.0066699982,80.2475662231,24587,24637,50
13.0066699982,80.2475662231,24637,24647,10
13.0066404343,80.2473220825,24647,24657,10
13.0066404343,80.2468414307,24657,24667,10
13.0066099167,80.2464981079,24667,24677,10
13.006649971,80.2463302612,24677,24688,11
13.0066404343,80.2457733154,24688,24698,10
13.0066404343,80.2450790405,24698,24708,10
13.0066404343,80.2443008423,24708,24718,10
13.0066204071,80.2434387207,24718,24728,10
13.0065803528,80.2425613403,24728,24738,10
13.0065698624,80.2417068481,24738,24748,10
13.0065698624,80.2415618896,24748,24758,10
13.0066204071,80.2411575317,24758,24768,10
13.0066995621,80.2405090332,24768,24778,10
13.0068702698,80.2397384644,24778,24788,10
13.0070400238,80.2388076782,24788,24799,11
13.0072603226,80.2376785278,24799,24809,10
13.0073699951,80.2370223999,24809,24819,10
13.0073900223,80.2368011475,24819,24829,10
13.0074701309,80.2365722656,24829,24839,10
13.0075902939,80.2360916138,24839,24849,10
13.0077199936,80.2353897095,24849,24859,10
13.0078601837,80.2347488403,24859,24869,10
13.0080003738,80.234046936,24869,24879,10
13.0081796646,80.2332305908,24879,24889,10
13.0083599091,80.2322998047,24889,24900,11
13.0085697174,80.2312011719,24900,24910,10
13.0087404251,80.2303466797,24910,24920,10
13.0089502335,80.2292861938,24920,24930,10
13.0091400146,80.2283477783,24930,24940,10
13.0094995499,80.2274627686,24940,24950,10
13.0099201202,80.2265472412,24950,24960,10
13.0102796555,80.2258377075,24960,24970,10
13.0106096268,80.225151062,24970,24980,10
13.0108995438,80.2244796753,24980,24990,10
13.011179924,80.2238235474,24990,25001,11
13.011349678,80.2233581543,25001,25011,10
13.0113697052,80.2233123779,25011,25021,10
13.0115003586,80.2229766846,25021,25031,10
13.0117197037,80.222366333,25031,25041,10
13.0119895935,80.2215805054,25041,25051,10
13.0123596191,80.2214736938,25051,25061,10
13.0126800537,80.2219314575,25061,25071,10
13.0131597519,80.2225189209,25071,25081,10
13.0137195587,80.2231216431,25081,25091,10
13.0142297745,80.2235412598,25091,25102,11
13.0146198273,80.2239379883,25102,25112,10
13.0150403976,80.2244796753,25112,25122,10
13.0154600143,80.2248687744,25122,25132,10
13.0156202316,80.2250213623,25132,25142,10
13.0156602859,80.2250595093,25142,25152,10
13.0159101486,80.2252807617,25152,25162,10
13.0164699554,80.2253189087,25162,25172,10
13.0171699524,80.2250671387,25172,25182,10
13.0179195404,80.2247695923,25182,25192,10
13.0186796188,80.2244720459,25192,25203,11
13.0197696686,80.2245483398,25203,25233,30
13.0197696686,80.2245483398,25233,25243,10
13.0200004578,80.224822998,25243,25253,10
13.0204401016,80.225112915,25253,25263,10
13.0209999084,80.2255096436,25263,25273,10
13.0214700699,80.2258605957,25273,25283,10
13.0219402313,80.2261810303,25283,25293,10
13.02202034,80.2262420654,25293,25304,11
13.0223903656,80.2265625,25304,25314,10
13.0228796005,80.2269973755,25314,25324,10
13.0233297348,80.2274093628,25324,25334,10
13.0237903595,80.2278213501,25334,25344,10
13.0242795944,80.2283630371,25344,25354,10
13.0246896744,80.2289428711,25354,25364,10
13.0251302719,80.2295227051,25364,25374,10
13.0256004333,80.2301635742,25374,25384,10
13.0259399414,80.2308502197,25384,25394,10
13.0260601044,80.2313079834,25394,25405,11
13.026550293,80.2312469482,25405,25415,10
13.0272703171,80.2310714722,25415,25425,10
13.0279998779,80.2309494019,25425,25435,10
13.0285902023,80.2309036255,25435,25445,10
13.0292301178,80.2308425903,25445,25455,10
13.0297899246,80.2307815552,25455,25465,10
13.0305299759,80.2307281494,25465,25475,10
13.0310697556,80.230682373,25475,25485,10
13.0316896439,80.2306289673,25485,25495,10
13.032409668,80.2305603027,25495,25506,11
13.0332403183,80.2304992676,25506,25516,10
13.0338497162,80.2304534912,25516,25526,10
13.0343704224,80.2303924561,25526,25536,10
13.0346002579,80.2303390503,25536,25546,10
13.0346403122,80.2303390503,25546,25556,10
13.0348997116,80.23021698,25556,25566,10
13.0350999832,80.2302322388,25566,25576,10
13.0350399017,80.2303771973,25576,25586,10
13.034740448,80.2303619385,25586,25596,10
13.0342998505,80.2304382324,25596,25607,11
13.0337495804,80.2304077148,25607,26697,1090
13.0337495804,80.2304077148,26697,26707,10
13.0333299637,80.230506897,26707,26718,11
13.0328502655,80.2305374146,26718,26728,10
13.0323095322,80.2305984497,26728,26738,10
13.0320501328,80.2306365967,26738,26748,10
13.0318403244,80.2306671143,26748,26758,10
13.0313796997,80.2306976318,26758,26768,10
13.03083992,80.2307434082,26768,26778,10
13.0303001404,80.2307891846,26778,26788,10
13.0298595428,80.2308502197,26788,26798,10
13.0298404694,80.2308578491,26798,26808,10
13.0296297073,80.2308883667,26808,26818,10
13.0291595459,80.2309188843,26818,26829,11
13.0285196304,80.2309875488,26829,26839,10
13.0279502869,80.2310409546,26839,26849,10
13.0276899338,80.2311706543,26849,26859,10
13.0277395248,80.231552124,26859,26869,10
13.0277900696,80.2319717407,26869,26879,10
13.0278701782,80.2324371338,26879,26889,10
13.0278196335,80.2328109741,26889,26899,10
13.0273399353,80.2329177856,26899,26909,10
13.0268602371,80.2330093384,26909,26980,71
13.0268602371,80.2330093384,26980,26990,10
13.0267000198,80.2330169678,26990,27000,10
13.0264196396,80.2329177856,27000,27010,10
13.0262098312,80.2323379517,27010,27020,10
13.0260601044,80.2316436768,27020,27031,11
13.0258302689,80.2308578491,27031,27041,10
13.0254497528,80.230140686,27041,27051,10
13.0250396729,80.2295684814,27051,27061,10
13.0245895386,80.2290115356,27061,27071,10
13.0242700577,80.2286224365,27071,27081,10
13.0240297318,80.2283477783,27081,27101,20
13.0240297318,80.2283477783,27101,27111,10
13.0239295959,80.2282333374,27111,27121,10
13.0237903595,80.2280426025,27121,27132,11
13.0234603882,80.2277069092,27132,27142,10
13.0230703354,80.2273635864,27142,27152,10
13.0226602554,80.2269592285,27152,27162,10
13.0222797394,80.2266235352,27162,27172,10
13.0218200684,80.2262191772,27172,27182,10
13.0213403702,80.2258377075,27182,27192,10
13.0208396912,80.2254180908,27192,27202,10
13.0203895569,80.2251205444,27202,27212,10
13.0201501846,80.2249679565,27212,27243,31
13.0201501846,80.2249679565,27243,27253,10
13.0198898315,80.2248001099,27253,27263,10
13.0195198059,80.224609375,27263,27273,10
13.0189399719,80.2245101929,27273,27283,10
13.0183200836,80.2247085571,27283,27293,10
13.0176296234,80.2249832153,27293,27303,10
13.0169401169,80.2252807617,27303,27313,10
13.0164003372,80.2254867554,27313,27323,10
13.0159101486,80.2256622314,27323,27334,11
13.015250206,80.2259216309,27334,27344,10
13.0146903992,80.2261581421,27344,27354,10
13.0142002106,80.2263565063,27354,27374,20
13.0142002106,80.2263565063,27374,27384,10
13.0141801834,80.2263717651,27384,27394,10
13.0138597488,80.2264862061,27394,27404,10
13.0133600235,80.2266921997,27404,27414,10
13.0127601624,80.2269210815,27414,27424,10
13.012140274,80.2271728516,27424,27435,11
13.0114002228,80.2274780273,27435,27444,9
13.0107803345,80.227722168,27444,27455,11
13.0100097656,80.2280426025,27455,27465,10
13.0093603134,80.2283630371,27465,27475,10
13.0091400146,80.2289505005,27475,27485,10
13.0090103149,80.2295913696,27485,27495,10
13.0088796616,80.2302093506,27495,27505,10
13.0087404251,80.2308883667,27505,27515,10
13.008600235,80.2315979004,27515,27525,10
13.0084600449,80.2323532104,27525,27536,11
13.0083303452,80.2330780029,27536,27546,10
13.0082798004,80.2335586548,27546,27556,10
13.0082798004,80.233581543,27556,27566,10
13.0081996918,80.2337493896,27566,27576,10
13.008099556,80.2341766357,27576,27586,10
13.0079803467,80.2348022461,27586,27596,10
13.0078496933,80.235458374,27596,27606,10
13.0076999664,80.2361831665,27606,27616,10
13.0075702667,80.2368392944,27616,27626,10
13.0074300766,80.2375793457,27626,27637,11
13.0073003769,80.23828125,27637,27647,10
13.0071697235,80.2389221191,27647,27657,10
13.0070400238,80.239616394,27657,27667,10
13.0069799423,80.2399902344,27667,27677,10
13.0069799423,80.240020752,27677,27687,10
13.0069198608,80.2403488159,27687,27697,10
13.0068702698,80.2407073975,27697,27707,10
13.0068702698,80.2407302856,27707,27717,10
13.0068302155,80.2409133911,27717,27727,10
13.0067796707,80.2412719727,27727,27738,11
13.0067396164,80.2420425415,27738,27748,10
13.0067396164,80.242767334,27748,27758,10
13.0067396164,80.2434997559,27758,27768,10
13.0067195892,80.2439727783,27768,27778,10
13.0067195892,80.2440109253,27778,27788,10
13.0067195892,80.2443008423,27788,27798,10
13.0067300797,80.2447662354,27798,27808,10
13.0067396164,80.2453384399,27808,27818,10
13.0067596436,80.2459030151,27818,27828,10
13.006770134,80.2462463379,27828,27839,11
13.0067996979,80.2468338013,27839,27849,10
13.0067796707,80.2475509644,27849,27859,10
13.0067796707,80.2482681274,27859,27869,10
13.0068397522,80.2490386963,27869,27879,10
13.0068998337,80.2496109009,27879,27889,10
13.0068998337,80.2496337891,27889,27899,10
13.0068998337,80.2497406006,27899,27909,10
13.0068597794,80.2501678467,27909,27919,10
13.0068597794,80.2508392334,27919,27929,10
13.0068502426,80.2514190674,27929,27940,11
13.0066795349,80.2521209717,27940,27950,10
13.0065898895,80.2528915405,27950,27960,10
13.0065803528,80.2537689209,27960,27970,10
13.0066204071,80.254699707,27970,27980,10
13.006649971,80.2556381226,27980,27990,10
13.0066604614,80.2565231323,27990,28000,10
13.0066900253,80.2570800781,28000,28010,10
13.0067100525,80.2574234009,28010,28020,10
13.0068798065,80.2578811646,28020,28030,10
13.0071697235,80.2583084106,28030,28041,11
13.0075798035,80.2585983276,28041,28051,10
13.0076904297,80.2586517334,28051,28061,10
13.0077800751,80.258682251,28061,28071,10
13.0081501007,80.2588577271,28071,28081,10
13.0087404251,80.2590637207,28081,28091,10
13.0092802048,80.2591018677,28091,28101,10
13.0100698471,80.2591018677,28101,28111,10
13.0109195709,80.2590866089,28111,28121,10
13.011759758,80.2590789795,28121,28131,10
13.0126104355,80.2591171265,28131,28142,11
13.0136098862,80.259147644,28142,28152,10
13.0145397186,80.2591934204,28152,28162,10
13.0154399872,80.2592468262,28162,28172,10
13.0165195465,80.259727478,28172,28192,20
13.0165195465,80.259727478,28192,28202,10
13.0165700912,80.259803772,28202,28212,10
13.0168600082,80.260017395,28212,28222,10
13.0173797607,80.2603607178,28222,28232,10
13.017999649,80.2607803345,28232,28243,11
13.0186796188,80.2612304688,28243,28253,10
13.0190601349,80.2615737915,28253,28263,10
13.0194997787,80.2619781494,28263,28273,10
13.0202302933,80.2626419067,28273,28293,20
13.0202302933,80.2626419067,28293,28303,10
13.020529747,80.2627868652,28303,28313,10
13.0210599899,80.2629623413,28313,28323,10
13.0217103958,80.2631988525,28323,28333,10
13.0221004486,80.263381958,28333,28344,11
13.022480011,80.2635726929,28344,28354,10
13.0229301453,80.2638092041,28354,28364,10
13.0229997635,80.2639007568,28364,28374,10
13.0233201981,80.2640609741,28374,28384,10
13.0237903595,80.2643203735,28384,28394,10
13.0243797302,80.2646484375,28394,28404,10
13.0248603821,80.2650299072,28404,28414,10
13.0253095627,80.2653579712,28414,28424,10
13.0258197784,80.2657012939,28424,28434,10
13.0262002945,80.2659072876,28434,28445,11
13.0263395309,80.2657394409,28445,28455,10
13.0263900757,80.2653274536,28455,28465,10
13.0264396667,80.2646408081,28465,28485,20
13.0264396667,80.2646408081,28485,28495,10
13.0264997482,80.2642974854,28495,28505,10
13.0265703201,80.2638931274,28505,28515,10
13.0266199112,80.2634735107,28515,28525,10
13.0269498825,80.263458252,28525,28535,10
13.0274400711,80.2635574341,28535,28546,11
13.0279502869,80.2637023926,28546,28556,10
13.0283603668,80.2638015747,28556,28566,10
13.0284700394,80.2638320923,28566,28576,10
13.028719902,80.2639007568,28576,28586,10
13.0291404724,80.2640228271,28586,28596,10
13.0293397903,80.2642593384,28596,28606,10
13.0293598175,80.2646713257,28606,28616,10
13.0293397903,80.2652282715,28616,28626,10
13.0293197632,80.265838623,28626,28636,10
13.0292901993,80.2660827637,28636,28647,11
13.0292396545,80.2662811279,28647,28657,10
13.0292701721,80.2665405273,28657,28667,10
13.029589653,80.2666015625,28667,28677,10
13.0301198959,80.2666931152,28677,28687,10
13.0307502747,80.2667770386,28687,28697,10
13.0313796997,80.266960144,28697,28707,10
13.0320100784,80.2672195435,28707,28717,10
13.0325202942,80.2674789429,28717,28727,10
13.0329999924,80.2677230835,28727,28737,10
13.0334596634,80.267829895,28737,28758,21
13.0334596634,80.267829895,28758,28768,10
13.0336799622,80.2678985596,28768,28778,10
13.0340204239,80.2679595947,28778,28788,10
13.0343904495,80.2680206299,28788,28798,10
13.0345401764,80.2680130005,28798,28808,10
13.0346097946,80.2680130005,28808,28818,10
13.0346403122,80.268119812,28818,28828,10
13.0346298218,80.2681427002,28828,28838,10
13.0344800949,80.268157959,28838,28849,11
13.0342702866,80.2680511475,28849,28859,10
13.0338096619,80.2679595947,28859,28869,10
13.0333204269,80.2678833008,28869,29030,161
13.0332298279,80.2677764893,29030,29101,71
13.0333003998,80.2677383423,29101,29454,353
13.0333003998,80.2677383423,29454,29465,11
13.0331201553,80.2677764893,29465,29475,10
13.0329999924,80.2677612305,29475,29485,10
13.0328102112,80.2677307129,29485,29495,10
13.0326099396,80.2676010132,29495,29505,10
13.0323295593,80.2674331665,29505,29515,10
13.0318403244,80.2671966553,29515,29525,10
13.0312700272,80.2669906616,29525,29535,10
13.0306396484,80.2668228149,29535,29545,10
13.0297603607,80.2666702271,29545,29566,21
13.0297603607,80.2666702271,29566,29576,10
13.029589653,80.2666320801,29576,29586,10
13.0292701721,80.2665405273,29586,29596,10
13.0288600922,80.2663879395,29596,29606,10
13.0282897949,80.2662811279,29606,29616,10
13.0276899338,80.2661819458,29616,29626,10
13.0271396637,80.2661209106,29626,29636,10
13.0265398026,80.2660522461,29636,29646,10
13.0261697769,80.2659301758,29646,29656,10
13.0257396698,80.265663147,29656,29667,11
13.0252304077,80.2653274536,29667,29677,10
13.0252103806,80.265296936,29677,29687,10
13.0250701904,80.2651901245,29687,29697,10
13.024720192,80.2649078369,29697,29707,10
13.0245199203,80.2647628784,29707,29717,10
13.0241498947,80.2645263672,29717,29727,10
13.0237798691,80.2643127441,29727,29737,10
13.0233297348,80.2640686035,29737,29747,10
13.0227098465,80.2637329102,29747,29757,10
13.0221204758,80.2634811401,29757,29778,21
13.0221204758,80.2634811401,29778,29788,10
13.0219202042,80.263343811,29788,29798,10
13.0215597153,80.2631607056,29798,29808,10
13.0209102631,80.2630462646,29808,29818,10
13.0202999115,80.2630386353,29818,29828,10
13.0197896957,80.2630004883,29828,29838,10
13.0192203522,80.2629394531,29838,29848,10
13.0189399719,80.2626571655,29848,29858,10
13.0188398361,80.262046814,29858,29868,10
13.0187301636,80.2614517212,29868,29879,11
13.0183000565,80.2610702515,29879,29889,10
13.0178899765,80.2607803345,29889,29899,10
13.0174102783,80.2604675293,29899,29909,10
13.0168399811,80.2601089478,29909,29919,10
13.0161600113,80.2597198486,29919,29939,20
13.0161600113,80.2597198486,29939,29949,10
13.0160799026,80.2596817017,29949,29959,10
13.0157203674,80.2595062256,29959,29969,10
13.0151100159,80.2593612671,29969,29980,11
13.014380455,80.2593002319,29980,29990,10
13.0136804581,80.2592773438,29990,30000,10
13.012960434,80.259262085,30000,30010,10
13.0122299194,80.2592391968,30010,30020,10
13.0115203857,80.2592086792,30020,30030,10
13.0107803345,80.2592086792,30030,30040,10
13.0100698471,80.259262085,30040,30050,10
13.009929657,80.259262085,30050,30060,10
13.0096597672,80.259262085,30060,30070,10
13.0092401505,80.259262085,30070,30081,11
13.008769989,80.2592315674,30081,30091,10
13.0084600449,80.2591934204,30091,30101,10
13.007900238,80.2592773438,30101,30111,10
13.0072202682,80.2587585449,30111,30131,20
13.0072202682,80.2587585449,30131,30141,10
13.0071802139,80.2586288452,30141,30151,10
13.0069799423,80.2582778931,30151,30161,10
13.0065803528,80.2576904297,30161,30262,101
13.0065803528,80.2576904297,30262,30272,10
13.0064897537,80.25756073,30272,30283,11
13.0064697266,80.2570800781,30283,30293,10
13.0064601898,80.2564926147,30293,30303,10
13.0064697266,80.2557067871,30303,30313,10
13.0065202713,80.2550506592,30313,30323,10
13.0064897537,80.2542419434,30323,30333,10
13.0064697266,80.2533569336,30333,30343,10
13.0064697266,80.2531967163,30343,30353,10
13.0064697266,80.2531661987,30353,30363,10
13.0064697266,80.2527999878,30363,30373,10
13.0065402985,80.2522506714,30373,30384,11
13.0067195892,80.2514266968,30384,30394,10
13.0067396164,80.2505874634,30394,30404,10
13.0067300797,80.2497634888,30404,30414,10
13.0067195892,80.2495727539,30414,30424,10
13.0067195892,80.24949646,30424,30434,10
13.0067195892,80.2490997314,30434,30444,10
13.0066404343,80.248260498,30444,30485,41
13.0066404343,80.248260498,30485,30495,10
13.0066299438,80.248008728,30495,30505,10
13.0066299438,80.2475204468,30505,30515,10
13.0066604614,80.2470321655,30515,30525,10
13.0066099167,80.246421814,30525,30545,20
13.0066099167,80.246421814,30545,30555,10
13.0066299438,80.246383667,30555,30565,10
13.0066299438,80.2460327148,30565,30575,10
13.0066204071,80.2454376221,30575,30585,10
13.0066099167,80.2447128296,30585,30596,11
13.0065898895,80.2438964844,30596,30606,10
13.0065603256,80.2433013916,30606,30616,10
13.0065603256,80.2426376343,30616,30626,10
13.0065498352,80.2418670654,30626,30636,10
13.0065402985,80.2416992188,30636,30646,10
13.0065603256,80.2416000366,30646,30656,10
13.0065803528,80.2412033081,30656,30666,10
13.0066404343,80.2407226563,30666,30676,10
13.0066900253,80.2404403687,30676,30686,10
13.0067596436,80.2401733398,30686,30697,11
13.0068597794,80.2397003174,30697,30707,10
13.0070199966,80.2388763428,30707,30717,10
13.0072002411,80.2379989624,30717,30727,10
13.0074300766,80.2367324829,30727,30747,20
13.0074300766,80.2367324829,30747,30757,10
13.0074596405,80.2366485596,30757,30767,10
13.0075798035,80.2363204956,30767,30777,10
13.0076999664,80.235748291,30777,30787,10
13.0077896118,80.2352371216,30787,30798,11
13.007900238,80.2347412109,30798,30808,10
13.0080404282,80.234046936,30808,30818,10
13.0082101822,80.2331924438,30818,30828,10
13.0083904266,80.2322463989,30828,30838,10
13.0085802078,80.2312698364,30838,30848,10
13.008769989,80.2302780151,30848,30858,10
13.0089597702,80.2292633057,30858,30868,10
13.0091695786,80.228302002,30868,30878,10
13.0095500946,80.2274017334,30878,30888,10
13.0099601746,80.2265167236,30888,30899,11
13.0103797913,80.2257003784,30899,30909,10
13.0107097626,80.2249832153,30909,30919,10
13.01101017,80.2242965698,30919,30929,10
13.0113201141,80.2235336304,30929,30939,10
13.0116596222,80.2226867676,30939,30949,10
13.0119695663,80.221862793,30949,30959,10
13.0122804642,80.2213897705,30959,30969,10
13.0124702454,80.2215270996,30969,30979,10
13.0127801895,80.2220001221,30979,30989,10
13.0132198334,80.2225189209,30989,31000,11
13.0137195587,80.2230987549,31000,31010,10
13.0141201019,80.2233963013,31010,31020,10
13.0143203735,80.2236099243,31020,31030,10
13.0144996643,80.2238235474,31030,31040,10
13.0149497986,80.2244110107,31040,31050,10
13.0156002045,80.2250213623,31050,31070,20
13.0156002045,80.2250213623,31070,31080,10
13.0156898499,80.225112915,31080,31090,10
13.0158996582,80.2252578735,31090,31101,11
13.0164604187,80.2253112793,31101,31111,10
13.0171499252,80.2250671387,31111,31121,10
13.0178804398,80.2247772217,31121,31131,10
13.0185804367,80.2244873047,31131,31141,10
13.0191698074,80.2243423462,31141,31151,10
13.019490242,80.2243804932,31151,31161,10
13.0198602676,80.2245788574,31161,31171,10
13.0202703476,80.224899292,31171,31181,10
13.0206804276,80.225189209,31181,31191,10
13.0209503174,80.2253875732,31191,31202,11
13.0213298798,80.2257080078,31202,31212,10
13.0219202042,80.2261123657,31212,31232,20
13.0219202042,80.2261123657,31232,31242,10
13.0219497681,80.2261734009,31242,31252,10
13.0222196579,80.2264099121,31252,31262,10
13.0226297379,80.2267608643,31262,31272,10
13.023150444,80.2272109985,31272,31282,10
13.0235595703,80.2276000977,31282,31292,10
13.0239601135,80.2279586792,31292,31303,11
13.0241603851,80.2281799316,31303,31313,10
13.0242700577,80.2283172607,31313,31323,10
13.0245199203,80.2286834717,31323,31333,10
13.0247802734,80.2290725708,31333,31343,10
13.0250997543,80.2294998169,31343,31353,10
13.0255203247,80.2300415039,31353,31363,10
13.0257997513,80.2304992676,31363,31373,10
13.025850296,80.2305984497,31373,31383,10
13.0259304047,80.230796814,31383,31393,10
13.0260095596,80.2311172485,31393,31404,11
13.0262098312,80.2313766479,31404,31414,10
13.0263900757,80.2312927246,31414,31424,10
13.0267801285,80.2311706543,31424,31434,10
13.0274801254,80.2310180664,31434,31444,10
13.0285301208,80.2308807373,31444,31474,30
13.0285301208,80.2308807373,31474,31484,10
13.0285997391,80.2308731079,31484,31494,10
13.0290002823,80.2308425903,31494,31505,11
13.0296001434,80.2307662964,31505,31515,10
13.0302095413,80.23072052,31515,31525,10
13.0307998657,80.230682373,31525,31535,10
13.0314397812,80.2306289673,31535,31545,10
13.0321397781,80.2305679321,31545,31554,9
13.032790184,80.2305221558,31554,31565,11
13.0336198807,80.2304763794,31565,31575,10
13.0342197418,80.2304077148,31575,31585,10
13.034740448,80.2302932739,31585,31666,81
13.034740448,80.2302932739,31666,31676,10
13.0349597931,80.23021698,31676,31686,10
13.0351200104,80.2299575806,31686,31696,10
13.0350503922,80.2298278809,31696,31706,10
13.0347499847,80.2298431396,31706,31717,11
13.0343599319,80.2297821045,31717,31727,10
13.0342702866,80.229927063,31727,31979,252
13.0342702866,80.229927063,31979,31989,10
13.0342197418,80.2304000854,31989,32009,20
13.0342197418,80.2304000854,32009,32020,11
13.0338897705,80.2304611206,32020,32030,10
13.0334997177,80.2304763794,32030,32040,10
13.0333404541,80.2304763794,32040,32050,10
13.0328798294,80.2304763794,32050,32060,10
13.0322999954,80.2305603027,32060,32070,10
13.0316696167,80.2306213379,32070,32080,10
13.0309200287,80.23072052,32080,32121,41
13.0309200287,80.23072052,32121,32131,10
13.0304899216,80.23072052,32131,32141,10
13.0298595428,80.2308120728,32141,32161,20
13.0298595428,80.2308120728,32161,32171,10
13.0296802521,80.2308578491,32171,32181,10
13.0293598175,80.2309036255,32181,32191,10
13.0289201736,80.2309570313,32191,32201,10
13.028380394,80.2310562134,32201,32211,10
13.027879715,80.2311096191,32211,32222,11
13.0277299881,80.2313690186,32222,32232,10
13.0277700424,80.2320785522,32232,32292,60
13.0277700424,80.2320785522,32292,32302,10
13.0277996063,80.2323379517,32302,32312,10
13.0278701782,80.2326431274,32312,32322,10
13.0278596878,80.2328186035,32322,32333,11
13.0276498795,80.2328262329,32333,32343,10
13.0273103714,80.2329025269,32343,32403,60
13.0273103714,80.2329025269,32403,32413,10
13.027179718,80.2328720093,32413,32423,10
13.0269498825,80.2329177856,32423,32434,11
13.0266399384,80.2329483032,32434,32444,10
13.0263299942,80.2326202393,32444,32454,10
13.0261697769,80.2321166992,32454,32464,10
13.0260896683,80.2317810059,32464,32474,10
13.0259504318,80.231262207,32474,32484,10
13.0256795883,80.2305603027,32484,32494,10
13.0251598358,80.2297363281,32494,32504,10
13.0247001648,80.2291488647,32504,32514,10
13.0245399475,80.2289505005,32514,32555,41
13.0245399475,80.2289505005,32555,32565,10
13.0243797302,80.2287216187,32565,32575,10
13.0240802765,80.2283935547,32575,32585,10
13.0240602493,80.2283782959,32585,32595,10
13.0240402222,80.2283401489,32595,32605,10
13.0238199234,80.2280197144,32605,32615,10
13.0234603882,80.2276535034,32615,32625,10
13.0230102539,80.2272186279,32625,32636,11
13.0225000381,80.2267608643,32636,32646,10
13.02202034,80.2263336182,32646,32656,10
13.0214395523,80.2258682251,32656,32666,10
13.020819664,80.225402832,32666,32676,10
13.0197896957,80.2247009277,32676,32706,30
13.0197896957,80.2247009277,32706,32716,10
13.0197095871,80.2246398926,32716,32726,10
13.0192899704,80.2244873047,32726,32737,11
13.0184803009,80.2246170044,32737,32747,10
13.0176801682,80.224937439,32747,32757,10
13.0169095993,80.2252731323,32757,32767,10
13.016289711,80.2255172729,32767,32777,10
13.0156898499,80.2257080078,32777,32787,10
13.0150203705,80.2259902954,32787,32797,10
13.014840126,80.22605896,32797,32807,10
13.0147895813,80.2260818481,32807,32817,10
13.0142202377,80.2263336182,32817,32838,21
13.0142202377,80.2263336182,32838,32848,10
13.0141000748,80.2263565063,32848,32858,10
13.0136804581,80.2265319824,32858,32868,10
13.0130195618,80.2267913818,32868,32878,10
13.0122003555,80.2270965576,32878,32888,10
13.0113201141,80.227432251,32888,32898,10
13.0103998184,80.2278366089,32898,32908,10
13.0095300674,80.2282028198,32908,32918,10
13.0091104507,80.2288665771,32918,32928,10
13.0089502335,80.2297973633,32928,32938,10
13.0087795258,80.2308120728,32938,32949,11
13.0085802078,80.2319335938,32949,32959,10
13.0083999634,80.2328567505,32959,32969,10
13.0083198547,80.2334594727,32969,32989,20
13.0082702637,80.2336120605,32989,33029,40
13.0082702637,80.2336120605,33029,33039,10
13.0081996918,80.233833313,33039,33050,11
13.0081195831,80.2342071533,33050,33060,10
13.0080404282,80.2347106934,33060,33070,10
13.008020401,80.2348175049,33070,33080,10
13.0079698563,80.2350234985,33080,33100,20
13.0079698563,80.2350234985,33100,33110,10
13.0079202652,80.235206604,33110,33130,20
13.0079202652,80.235206604,33130,33140,10
13.0078802109,80.2355270386,33140,33151,11
13.0078401566,80.2356872559,33151,33161,10
13.0077896118,80.2358016968,33161,33171,10
13.0076999664,80.2363815308,33171,33191,20
13.0076999664,80.2363815308,33191,33201,10
13.0076503754,80.236618042,33201,33211,10
13.0075998306,80.236869812,33211,33221,10
13.0075397491,80.2372283936,33221,33231,10
13.0074596405,80.2376098633,33231,33241,10
13.0073795319,80.2380065918,33241,33252,11
13.0072402954,80.2388534546,33252,33272,20
13.0072097778,80.2389907837,33272,33322,50
13.0072097778,80.2389907837,33322,33332,10
13.0071201324,80.2394104004,33332,33342,10
13.0070295334,80.2399368286,33342,33353,11
13.0069599152,80.2405471802,33353,33363,10
13.0069303513,80.2406234741,33363,33373,10
13.0068798065,80.2407608032,33373,33383,10
13.0068397522,80.2411499023,33383,33393,10
13.0068302155,80.2412033081,33393,33403,10
13.0068101883,80.2414169312,33403,33423,20
13.0068101883,80.2414169312,33423,33433,10
13.0067996979,80.2416534424,33433,33504,71
13.0067996979,80.2416534424,33504,33514,10
13.0067596436,80.2421417236,33514,33524,10
13.0067596436,80.2425384521,33524,33534,10
13.0067396164,80.2429962158,33534,33544,10
13.0067396164,80.2432937622,33544,33555,11
13.0067195892,80.2436523438,33555,33565,10
13.0066900253,80.244140625,33565,33575,10
13.0066795349,80.2446289063,33575,33585,10
13.0066995621,80.2451324463,33585,33594,9
13.0067300797,80.2455673218,33594,33605,11
13.0067501068,80.2459564209,33605,33645,40
13.0067501068,80.2459564209,33645,33655,10
13.006770134,80.2465591431,33655,33666,11
13.0067796707,80.2471618652,33666,33676,10
13.0067796707,80.2480010986,33676,33686,10
13.0068302155,80.248878479,33686,33696,10
13.0068902969,80.2493667603,33696,33706,10
13.0068902969,80.249382019,33706,33716,10
13.0068998337,80.249458313,33716,33726,10
13.0069103241,80.2498397827,33726,33736,10
13.0068798065,80.2504425049,33736,33746,10
13.0068798065,80.2511062622,33746,33756,10
13.006819725,80.2517089844,33756,33767,11
13.006649971,80.2525177002,33767,33777,10
13.0066299438,80.2533721924,33777,33787,10
13.006649971,80.2543411255,33787,33797,10
13.0066604614,80.2551879883,33797,33807,10
13.0066795349,80.2561035156,33807,33817,10
13.0067195892,80.2570266724,33817,33847,30
13.0067195892,80.2570266724,33847,33857,10
13.0067501068,80.2574310303,33857,33868,11
13.007060051,80.2581329346,33868,33878,10
13.0074901581,80.2585830688,33878,33888,10
13.0077800751,80.2586898804,33888,33898,10
13.0080299377,80.2588195801,33898,33918,20
13.0080299377,80.2588195801,33918,33928,10
13.0082197189,80.2589111328,33928,33938,10
13.008310318,80.2589416504,33938,33948,10
13.0085296631,80.2590103149,33948,33989,41
13.0085296631,80.2590103149,33989,33999,10
13.0088996887,80.2590789795,33999,34009,10
13.0091295242,80.2590789795,34009,34019,10
13.0097303391,80.2590713501,34019,34029,10
13.0105400085,80.2590789795,34029,34039,10
13.0113801956,80.2590637207,34039,34049,10
13.0123701096,80.2590789795,34049,34059,10
13.0133600235,80.2591094971,34059,34070,11
13.0138597488,80.2591171265,34070,34080,10
13.0139799118,80.2591171265,34080,34090,10
13.0141897202,80.2591171265,34090,34100,10
13.0143203735,80.2591323853,34100,34110,10
13.0145301819,80.2591400146,34110,34120,10
13.0145597458,80.2591400146,34120,34130,10
13.014670372,80.2591400146,34130,34140,10
13.0149497986,80.259147644,34140,34150,10
13.0151700974,80.2591705322,34150,34160,10
13.0153799057,80.2591934204,34160,34171,11
13.0157003403,80.2592697144,34171,34191,20
13.0157003403,80.2592697144,34191,34201,10
13.0159301758,80.2593765259,34201,34211,10
13.0163202286,80.2596130371,34211,34231,20
13.0163202286,80.2596130371,34231,34241,10
13.0164203644,80.2596893311,34241,34251,10
13.016579628,80.259803772,34251,34261,10
13.0167303085,80.2599334717,34261,34271,10
13.016960144,80.260093689,34271,34282,11
13.0174398422,80.2604064941,34282,34292,10
13.0178499222,80.2606964111,34292,34302,10
13.017999649,80.2608108521,34302,34312,10
13.0182800293,80.2610168457,34312,34322,10
13.0187196732,80.2613372803,34322,34332,10
13.0188999176,80.2614974976,34332,34342,10
13.0190696716,80.2616424561,34342,34352,10
13.0192203522,80.2617492676,34352,34362,10
13.0194301605,80.2619171143,34362,34372,10
13.0196695328,80.2621917725,34372,34383,11
13.0202102661,80.2626571655,34383,34393,10
13.0207395554,80.2628631592,34393,34403,10
13.0214595795,80.263092041,34403,34413,10
13.0220499039,80.2633590698,34413,34423,10
13.0223903656,80.2635116577,34423,34433,10
13.0225696564,80.2636108398,34433,34443,10
13.0229997635,80.2638473511,34443,34453,10
13.0230998993,80.263923645,34453,34463,10
13.0233097076,80.2640533447,34463,34473,10
13.023639679,80.2642593384,34473,34484,11
13.0241098404,80.2645111084,34484,34494,10
13.0245399475,80.2648086548,34494,34504,10
13.0250196457,80.2651596069,34504,34514,10
13.0255098343,80.2654800415,34514,34524,10
13.0260295868,80.2657928467,34524,34554,30
13.0260295868,80.2657928467,34554,34564,10
13.0261602402,80.265838623,34564,34574,10
13.0263795853,80.2657165527,34574,34585,11
13.0263900757,80.2651977539,34585,34595,10
13.0263996124,80.2646865845,34595,34605,10
13.0264797211,80.2639694214,34605,34615,10
13.0265102386,80.2637405396,34615,34625,10
13.0265598297,80.2635192871,34625,34635,10
13.02684021,80.263420105,34635,34645,10
13.0273704529,80.2635192871,34645,34655,10
13.0279998779,80.2636795044,34655,34665,10
13.0285797119,80.2638473511,34665,34675,10
13.0291099548,80.2639770508,34675,34686,11
13.0294103622,80.2641372681,34686,34696,10
13.0293798447,80.2644424438,34696,34706,10
13.0293798447,80.2649612427,34706,34716,10
13.0293302536,80.2656402588,34716,34726,10
13.0292797089,80.2660827637,34726,34736,10
13.0292396545,80.2663803101,34736,34756,20
13.0292396545,80.2663803101,34756,34766,10
13.0295200348,80.2665863037,34766,34776,10
13.0300397873,80.2666625977,34776,34787,11
13.0306997299,80.2667388916,34787,34797,10
13.03125,80.2668609619,34797,34807,10
13.0317201614,80.2670593262,34807,34817,10
13.03221035,80.2672805786,34817,34827,10
13.032699585,80.2675476074,34827,34837,10
13.0333795547,80.2677688599,34837,34867,30
13.0333795547,80.2677688599,34867,34877,10
13.0334796906,80.267791748,34877,34887,10
13.033829689,80.2678833008,34887,34898,11
13.0344295502,80.2679672241,34898,34938,40
13.0344295502,80.2679672241,34938,34948,10
13.0345897675,80.268119812,34948,34968,20
13.0345897675,80.268119812,34968,34978,10
13.0343399048,80.2680206299,34978,34988,10
13.0339002609,80.2679214478,34988,34999,11
13.0333795547,80.2678375244,34999,35867,868
13.0333795547,80.2678375244,35867,35877,10
13.0331602097,80.2678375244,35877,35887,10
13.0328798294,80.2677612305,35887,35897,10
13.0326004028,80.2675933838,35897,35907,10
13.0324001312,80.2674179077,35907,35917,10
13.0319900513,80.2672119141,35917,35928,11
13.0314998627,80.2670211792,35928,35938,10
13.0310897827,80.2668762207,35938,35948,10
13.0305500031,80.2667999268,35948,35958,10
13.0301303864,80.2667236328,35958,35968,10
13.0297803879,80.2666778564,35968,35978,10
13.0297498703,80.2666702271,35978,35988,10
13.0295801163,80.2666168213,35988,35998,10
13.0292701721,80.2665634155,35998,36008,10
13.0289201736,80.2663803101,36008,36018,10
13.0284700394,80.2662963867,36018,36029,11
13.0278701782,80.2661972046,36029,36039,10
13.027299881,80.2661437988,36039,36049,10
13.0267496109,80.2660903931,36049,36058,9
13.0263795853,80.2660217285,36058,36089,31
13.0263795853,80.2660217285,36089,36099,10
13.026140213,80.26587677,36099,36109,10
13.0257301331,80.2656402588,36109,36119,10
13.0252599716,80.2653503418,36119,36130,11
13.0251998901,80.2653121948,36130,36140,10
13.0251398087,80.2652511597,36140,36150,10
13.0249500275,80.2651062012,36150,36160,10
13.0245304108,80.2648010254,36160,36170,10
13.0240497589,80.2644577026,36170,36180,10
13.0235595703,80.2641830444,36180,36190,10
13.0229997635,80.2638778687,36190,36200,10
13.0221204758,80.2634429932,36200,36220,20
13.0221204758,80.2634429932,36220,36231,11
13.0219097137,80.2633209229,36231,36241,10
13.0218000412,80.2632598877,36241,36251,10
13.0214004517,80.2630996704,36251,36261,10
13.020819664,80.2630310059,36261,36271,10
13.0202798843,80.2630310059,36271,36281,10
13.0197401047,80.2629776001,36281,36291,10
13.0191698074,80.2629089355,36291,36301,10
13.0189399719,80.2625808716,36301,36311,10
13.0188398361,80.2619476318,36311,36321,10
13.0187702179,80.2615585327,36321,36331,10
13.0186595917,80.2612991333,36331,36342,11
13.0181798935,80.2609710693,36342,36352,10
13.0176095963,80.2605895996,36352,36362,10
13.0170001984,80.2601776123,36362,36372,10
13.0160799026,80.2596817017,36372,36392,20
13.0160799026,80.2596817017,36392,36402,10
13.0159397125,80.2596435547,36402,36412,10
13.0155200958,80.2594833374,36412,36422,10
13.0149402618,80.2593612671,36422,36432,10
13.0143203735,80.2593078613,36432,36443,11
13.0135297775,80.2592697144,36443,36453,10
13.0127401352,80.2592391968,36453,36463,10
13.0119695663,80.2592010498,36463,36473,10
13.0111904144,80.2591705322,36473,36483,10
13.0104103088,80.2592163086,36483,36493,10
13.0096797943,80.2592010498,36493,36503,10
13.009059906,80.2591781616,36503,36513,10
13.0087900162,80.2592010498,36513,36523,10
13.0083599091,80.2591400146,36523,36533,10
13.0077896118,80.2593231201,36533,36544,11
13.007229805,80.2586669922,36544,36564,20
13.007229805,80.2586669922,36564,36574,10
13.0071201324,80.2584915161,36574,36584,10
13.0068798065,80.2581329346,36584,36594,10
13.0066404343,80.2577667236,36594,36645,51
13.006529808,80.2575683594,36645,36735,90
13.006529808,80.2575683594,36735,36746,11
13.0065202713,80.2573394775,36746,36756,10
13.0065202713,80.2569580078,36756,36766,10
13.0065402985,80.2564926147,36766,36776,10
13.006529808,80.255821228,36776,36786,10
13.0065402985,80.2551574707,36786,36796,10
13.006529808,80.2545166016,36796,36805,9
13.0065097809,80.2538833618,36805,36816,11
13.0065002441,80.2531967163,36816,36826,10
13.0065002441,80.2531433105,36826,36836,10
13.0065202713,80.2530136108,36836,36847,11
13.006529808,80.2525100708,36847,36907,60
13.006529808,80.2525100708,36907,36917,10
13.0066003799,80.252166748,36917,36927,10
13.0066995621,80.2516174316,36927,36937,10
13.0067796707,80.2509384155,36937,36948,11
13.0067396164,80.2501220703,36948,36958,10
13.0067300797,80.24949646,36958,36978,20
13.0067300797,80.2493362427,36978,37069,91
13.0067300797,80.2493362427,37069,37079,10
13.0067501068,80.2491378784,37079,37089,10
13.0067195892,80.2487030029,37089,37099,10
13.0066699982,80.2481536865,37099,37109,10
13.006649971,80.2477798462,37109,37119,10
13.0066404343,80.2475204468,37119,37250,131
13.0066404343,80.2475204468,37250,37261,11
13.0066299438,80.247428894,37261,37271,10
13.0066604614,80.2471389771,37271,37281,10
13.0066299438,80.2467193604,37281,37291,10
13.0066204071,80.246421814,37291,37301,10
13.0066404343,80.2463531494,37301,37311,10
13.0066404343,80.2459564209,37311,37321,10
13.0066404343,80.2453765869,37321,37331,10
13.0066299438,80.244758606,37331,37341,10
13.0066204071,80.2442626953,37341,37351,10
13.0066099167,80.243812561,37351,37362,11
13.0065803528,80.2433013916,37362,37372,10
13.0065803528,80.242767334,37372,37382,10
13.0065698624,80.2424316406,37382,37392,10
13.0065698624,80.2418899536,37392,37402,10
13.0065698624,80.2415084839,37402,37412,10
13.0065803528,80.2414169312,37412,37422,10
13.0066099167,80.2410430908,37422,37432,10
13.0066604614,80.2406234741,37432,37442,10
13.0067396164,80.2402420044,37442,37452,10
13.0068397522,80.2397918701,37452,37462,10
13.0069799423,80.2391433716,37462,37473,11
13.0071401596,80.2382507324,37473,37483,10
13.0072898865,80.2375869751,37483,37493,10
13.0073795319,80.2369232178,37493,37503,10
13.0074195862,80.2367019653,37503,37513,10
13.0074596405,80.236579895,37513,37523,10
13.0075702667,80.2361831665,37523,37533,10
13.0076999664,80.2355499268,37533,37543,10
13.0078401566,80.2348403931,37543,37553,10
13.0080003738,80.2340621948,37553,37563,10
13.0081701279,80.2332382202,37563,37574,11
13.0083398819,80.2323303223,37574,37584,10
13.0085000992,80.2314987183,37584,37594,10
13.0086603165,80.2306594849,37594,37604,10
13.0088596344,80.2297286987,37604,37614,10
13.0090503693,80.2287902832,37614,37624,10
13.0092802048,80.2279434204,37624,37634,10
13.0096101761,80.227180481,37634,37644,10
13.0099897385,80.2263183594,37644,37654,10
13.0103998184,80.2256011963,37654,37664,10
13.01060009,80.2251663208,37664,37675,11
13.0107898712,80.2247467041,37675,37685,10
13.0109996796,80.2241897583,37685,37695,10
13.0112695694,80.2235031128,37695,37705,10
13.0115499496,80.2228088379,37705,37715,10
13.0117902756,80.2221679688,37715,37724,9
13.0120000839,80.2216186523,37724,37735,11
13.0123500824,80.2214202881,37735,37745,10
13.0125999451,80.2217712402,37745,37755,10
13.0130195618,80.2222900391,37755,37765,10
13.0134897232,80.2228164673,37765,37776,11
13.0139198303,80.2232284546,37776,37786,10
13.0140895844,80.2233505249,37786,37796,10
13.0142202377,80.2235183716,37796,37806,10
13.0143995285,80.2237625122,37806,37816,10
13.0147399902,80.2241210938,37816,37826,10
13.0151500702,80.224647522,37826,37835,9
13.0155496597,80.2249984741,37835,37856,21
13.0155496597,80.2249984741,37856,37866,10
13.0157403946,80.2251968384,37866,37877,11
13.0162200928,80.2253417969,37877,37887,10
13.0168104172,80.2251815796,37887,37897,10
13.0174798965,80.2249221802,37897,37907,10
13.0180902481,80.2246704102,37907,37917,10
13.0183601379,80.2245483398,37917,37927,10
13.018529892,80.2244796753,37927,37937,10
13.0188598633,80.224357605,37937,37946,9
13.0193996429,80.224319458,37946,38008,62
13.0193996429,80.224319458,38008,38018,10
13.0198497772,80.2245407104,38018,38038,20
13.0198497772,80.2245407104,38038,38048,10
13.0200500488,80.2247390747,38048,38058,10
13.0201997757,80.224861145,38058,38068,10
13.0205202103,80.2250671387,38068,38089,21
13.0205202103,80.2250671387,38089,38099,10
13.0207004547,80.225189209,38099,38119,20
13.0207004547,80.225189209,38119,38129,10
13.0208902359,80.2253265381,38129,38159,30
13.0208902359,80.2253265381,38159,38169,10
13.0210103989,80.225479126,38169,38179,10
13.0212202072,80.2256622314,38179,38190,11
13.0213603973,80.2258224487,38190,38200,10
13.0213899612,80.2258529663,38200,38210,10
13.0214796066,80.2259216309,38210,38220,10
13.0217399597,80.2260513306,38220,38260,40
13.0217399597,80.2260513306,38260,38270,10
13.0219898224,80.2261428833,38270,38280,10
13.0220804214,80.2262420654,38280,38301,21
13.0220804214,80.2262420654,38301,38311,10
13.0222101212,80.2263565063,38311,38321,10
13.022310257,80.2264328003,38321,38331,10
13.022359848,80.2264709473,38331,38341,10
13.0223903656,80.2265167236,38341,38351,10
13.0225496292,80.2266616821,38351,38361,10
13.0227003098,80.2267913818,38361,38371,10
13.0228099823,80.2268981934,38371,38381,10
13.0228900909,80.2269821167,38381,38392,11
13.0230903625,80.2271881104,38392,38402,10
13.0232496262,80.2273712158,38402,38412,10
13.0235595703,80.2276306152,38412,38422,10
13.0239295959,80.2279586792,38422,38432,10
13.0240402222,80.2280807495,38432,38442,10
13.0242795944,80.2283782959,38442,38482,40
13.0242795944,80.2283782959,38482,38492,10
13.0243701935,80.2285079956,38492,38503,11
13.0245304108,80.2287216187,38503,38513,10
13.0246496201,80.2288970947,38513,38523,10
13.0248699188,80.2292098999,38523,38533,10
13.0250797272,80.2294616699,38533,38543,10
13.0253896713,80.2298278809,38543,38553,10
13.0256900787,80.2302703857,38553,38563,10
13.025850296,80.2305831909,38563,38573,10
13.0259103775,80.2307281494,38573,38583,10
13.0259799957,80.231010437,38583,38593,10
13.0261001587,80.2313079834,38593,38604,11
13.0266199112,80.2312164307,38604,38614,10
13.0273504257,80.2310409546,38614,38624,10
13.0280704498,80.2309188843,38624,38634,10
13.0285396576,80.2308425903,38634,38644,10
13.028550148,80.2308425903,38644,38654,10
13.0288496017,80.2308425903,38654,38664,10
13.0292100906,80.2308197021,38664,38674,10
13.029589653,80.2307815552,38674,38684,10
13.0301704407,80.2307434082,38684,38694,10
13.0306301117,80.2306976318,38694,38705,11
13.0310001373,80.2306671143,38705,38715,10
13.0315904617,80.2306213379,38715,38725,10
13.0323200226,80.2305603027,38725,38735,10
13.0329399109,80.230506897,38735,38745,10
13.0330896378,80.2305221558,38745,38755,10
13.0333795547,80.2304992676,38755,38765,10
13.0337095261,80.23046875,38765,38775,10
13.0340795517,80.2304534912,38775,38795,20
13.0340795517,80.2304534912,38795,38806,11
13.0343904495,80.2304000854,38806,38816,10
13.0347099304,80.2302627563,38816,38856,40
13.0347099304,80.2302627563,38856,38866,10
13.0348596573,80.23021698,38866,38876,10
13.0349502563,80.2300796509,38876,38886,10
13.0348596573,80.2300033569,38886,38896,10
13.0344495773,80.2300415039,38896,39361,465
13.0344495773,80.2300415039,39361,39371,10
13.034119606,80.2302780151,39371,39401,30
13.034119606,80.2302780151,39401,39411,10
13.034070015,80.2304382324,39411,39422,11
13.0337200165,80.2304763794,39422,39432,10
13.0334796906,80.230506897,39432,39442,10
13.033370018,80.230506897,39442,39452,10
13.0329399109,80.2305603027,39452,39462,10
13.0323495865,80.2306213379,39462,39472,10
13.0317296982,80.230682373,39472,39482,10
13.0308198929,80.2307510376,39482,39533,51
13.0308198929,80.2307510376,39533,39543,10
13.0305595398,80.2307662964,39543,39553,10
13.0301103592,80.2308273315,39553,39563,10
13.0298099518,80.2308578491,39563,39573,10
13.0296401978,80.2308731079,39573,39583,10
13.0293598175,80.2309036255,39583,39593,10
13.0288801193,80.2309494019,39593,39603,10
13.028429985,80.2309799194,39603,39613,10
13.0282201767,80.231010437,39613,39623,10
13.0278501511,80.231048584,39623,39634,11
13.0277299881,80.2313537598,39634,39644,10
13.027759552,80.2317276001,39644,39654,10
13.0278100967,80.2321472168,39654,39664,10
13.0278701782,80.2324981689,39664,39704,40
13.0278701782,80.2324981689,39704,39714,10
13.0277204514,80.2328262329,39714,39724,10
13.0275697708,80.2328567505,39724,39735,11
13.0270996094,80.2329864502,39735,39886,151
13.0270996094,80.2329864502,39886,39896,10
13.0267896652,80.2329177856,39896,39906,10
13.0267801285,80.2329330444,39906,39916,10
13.0265102386,80.2329864502,39916,39926,10
13.0262804031,80.2327423096,39926,39937,11
13.0261297226,80.2321777344,39937,39947,10
13.025970459,80.2315673828,39947,39957,10
13.0257997513,80.2310028076,39957,39967,10
13.0255002975,80.2303314209,39967,39977,10
13.0250597,80.2296676636,39977,39987,10
13.0246601105,80.2291488647,39987,39997,10
13.0243501663,80.228767395,39997,40007,10
13.0240697861,80.2284317017,40007,40017,10
13.0239400864,80.2282867432,40017,40027,10
13.0238599777,80.2281799316,40027,40038,11
13.0235500336,80.2278213501,40038,40048,10
13.0231399536,80.2274169922,40048,40058,10
13.0226898193,80.2270126343,40058,40068,10
13.0224199295,80.2267303467,40068,40078,10
13.0219802856,80.2263565063,40078,40088,10
13.0214395523,80.2259292603,40088,40098,10
13.0208997726,80.2255172729,40098,40108,10
13.0200996399,80.2249832153,40108,40128,20
13.0200996399,80.2249832153,40128,40138,10
13.019949913,80.224861145,40138,40149,11
13.0195198059,80.224609375,40149,40159,10
13.0188999176,80.2244873047,40159,40169,10
13.0182600021,80.2247085571,40169,40179,10
13.0175800323,80.2249832153,40179,40189,10
13.0168800354,80.2252731323,40189,40199,10
13.0164003372,80.2254714966,40199,40209,10
13.0160198212,80.2256164551,40209,40219,10
13.0155296326,80.2257766724,40219,40229,10
13.0150098801,80.2259979248,40229,40239,10
13.0145797729,80.2261810303,40239,40250,11
13.0144996643,80.2262268066,40250,40260,10
13.0143995285,80.2262573242,40260,40270,10
13.0142097473,80.2263412476,40270,40280,10
13.0137195587,80.2265090942,40280,40290,10
13.0130596161,80.2267379761,40290,40300,10
13.0124397278,80.2269973755,40300,40310,10
13.011879921,80.2272109985,40310,40320,10
13.0111904144,80.2275009155,40320,40330,10
13.0104799271,80.2277908325,40330,40340,10
13.0097904205,80.2280807495,40340,40351,11
13.0091896057,80.228477478,40351,40361,10
13.0090503693,80.2291030884,40361,40371,10
13.0089302063,80.2297592163,40371,40381,10
13.0087995529,80.23046875,40381,40391,10
13.0086698532,80.2311401367,40391,40401,10
13.0085802078,80.2316818237,40401,40411,10
13.0084896088,80.2321014404,40411,40420,9
13.0084295273,80.232421875,40420,40441,21
13.0084295273,80.232421875,40441,40451,10
13.0083999634,80.2325668335,40451,40462,11
13.0083503723,80.2328109741,40462,40472,10
13.0082902908,80.2332229614,40472,40482,10
13.0082702637,80.2335128784,40482,40492,10
13.0082302094,80.2336120605,40492,40502,10
13.0081501007,80.2338180542,40502,40512,10
13.0081195831,80.2339706421,40512,40522,10
13.008099556,80.234046936,40522,40532,10
13.0080404282,80.2343292236,40532,40542,10
13.0079402924,80.2348403931,40542,40552,10
13.007809639,80.235496521,40552,40563,11
13.0076799393,80.2362136841,40563,40573,10
13.0075502396,80.2368087769,40573,40583,10
13.0074796677,80.2372131348,40583,40593,10
13.007399559,80.2375869751,40593,40603,10
13.0073404312,80.2379226685,40603,40613,10
13.0072603226,80.2383270264,40613,40623,10
13.0072002411,80.2386627197,40623,40633,10
13.0071201324,80.2391204834,40633,40643,10
13.0069999695,80.2396697998,40643,40734,91
13.0069999695,80.2396697998,40734,40744,10
13.0069799423,80.2401428223,40744,40754,10
13.0069198608,80.2405471802,40754,40765,11
13.0068998337,80.2406387329,40765,40775,10
13.0068798065,80.2407531738,40775,40785,10
13.0068397522,80.2408981323,40785,40795,10
13.0068101883,80.2413330078,40795,40805,10
13.0067796707,80.2420196533,40805,40815,10
13.0067396164,80.2429199219,40815,40835,20
13.0067396164,80.2429199219,40835,40845,10
13.0066995621,80.2432022095,40845,40866,21
13.0066995621,80.2432022095,40866,40876,10
13.0066900253,80.2434997559,40876,40886,10
13.0066995621,80.2439422607,40886,40896,10
13.0067195892,80.2445297241,40896,40906,10
13.0067195892,80.2450332642,40906,40916,10
13.0067396164,80.2455825806,40916,40926,10
13.0067501068,80.2461776733,40926,40936,10
13.0067596436,80.2465515137,40936,40946,10
13.0067501068,80.2467422485,40946,40956,10
13.0067596436,80.2469024658,40956,40966,10
13.0067596436,80.2471389771,40966,40977,11
13.0067396164,80.2477035522,40977,40987,10
13.0067596436,80.2484436035,40987,40997,10
13.0068502426,80.2491912842,40997,41007,10
13.0068798065,80.2497787476,41007,41017,10
13.0068502426,80.2507095337,41017,41037,20
13.0068502426,80.2507095337,41037,41047,10
13.0068597794,80.2509918213,41047,41057,10
13.0068397522,80.2514190674,41057,41067,10
13.0066900253,80.2519989014,41067,41078,11
13.0065898895,80.2527999878,41078,41088,10
13.0065803528,80.2534790039,41088,41098,10
13.0065803528,80.2541885376,41098,41108,10
13.0066299438,80.2546463013,41108,41118,10
13.0066299438,80.2550125122,41118,41128,10
13.0066404343,80.255569458,41128,41138,10
13.006649971,80.2562408447,41138,41148,10
13.0066604614,80.2565383911,41148,41158,10
13.0066900253,80.2567977905,41158,41168,10
13.0067195892,80.257232666,41168,41179,11
13.0068998337,80.2578201294,41179,41189,10
13.0072498322,80.2583312988,41189,41199,10
13.0076398849,80.2585372925,41199,41209,10
13.0077104568,80.2585830688,41209,41219,10
13.0077695847,80.2586212158,41219,41229,10
13.0080900192,80.2587738037,41229,41239,10
13.0082798004,80.2588577271,41239,41249,10
13.0086202621,80.2589797974,41249,41259,10
13.0089597702,80.2590179443,41259,41269,10
13.0094900131,80.2590332031,41269,41280,11
13.010310173,80.2590637207,41280,41290,10
13.011059761,80.2590637207,41290,41300,10
13.0118598938,80.2590637207,41300,41310,10
13.0127401352,80.2590866089,41310,41320,10
13.0136098862,80.2591171265,41320,41330,10
13.0144901276,80.259147644,41330,41340,10
13.0153102875,80.2592010498,41340,41350,10
13.0163402557,80.2595901489,41350,41370,20
13.0163402557,80.2595901489,41370,41380,10
13.0165100098,80.2597503662,41380,41391,11
13.0169696808,80.2600708008,41391,41401,10
13.0174598694,80.2604064941,41401,41411,10
13.0180196762,80.2607803345,41411,41421,10
13.0185804367,80.2611465454,41421,41431,10
13.0190000534,80.2615127563,41431,41441,10
13.0194101334,80.2618637085,41441,41451,10
13.0201997757,80.262588501,41451,41471,20
13.0201997757,80.262588501,41471,41481,10
13.0205202103,80.2627716064,41481,41492,11
13.0211296082,80.2629623413,41492,41502,10
13.0217504501,80.2631835938,41502,41512,10
13.0220804214,80.2633209229,41512,41522,10
13.0223197937,80.2634277344,41522,41532,10
13.0227298737,80.2636566162,41532,41542,10
13.0229797363,80.2637863159,41542,41552,10
13.0231895447,80.2638778687,41552,41562,10
13.0235700607,80.2640762329,41562,41572,10
13.0241699219,80.2644424438,41572,41582,10
13.0246295929,80.264793396,41582,41593,11
13.0251197815,80.2651519775,41593,41603,10
13.0256500244,80.2655029297,41603,41613,10
13.0258398056,80.2656402588,41613,41623,10
13.0260095596,80.2657394409,41623,41633,10
13.0262699127,80.2656936646,41633,41643,10
13.0263204575,80.2653427124,41643,41653,10
13.0263500214,80.2649917603,41653,41663,10
13.0264701843,80.2643585205,41663,41673,10
13.0264997482,80.2640304565,41673,41683,10
13.0264997482,80.2639389038,41683,41694,11
13.026550293,80.2635498047,41694,41704,10
13.026889801,80.2634429932,41704,41714,10
13.0273895264,80.2635116577,41714,41724,10
13.0277795792,80.2635803223,41724,41734,10
13.0282402039,80.2637329102,41734,41744,10
13.028380394,80.2637786865,41744,41754,10
13.0286903381,80.2638473511,41754,41764,10
13.0291204453,80.2639389038,41764,41774,10
13.0292396545,80.2640075684,41774,41784,10
13.0293197632,80.2643585205,41784,41794,10
13.0293397903,80.264793396,41794,41805,11
13.0293197632,80.26537323,41805,41815,10
13.0292901993,80.2659606934,41815,41825,10
13.029250145,80.2663803101,41825,41835,10
13.0293502808,80.2665100098,41835,41845,10
13.0297203064,80.2665710449,41845,41855,10
13.0300302505,80.2665634155,41855,41865,10
13.0304098129,80.2666320801,41865,41875,10
13.0310001373,80.2667388916,41875,41885,10
13.0315303802,80.2669372559,41885,41895,10
13.0320501328,80.2671585083,41895,41906,11
13.0325098038,80.2673797607,41906,41916,10
13.0328397751,80.2676086426,41916,41926,10
13.0332298279,80.2677001953,41926,41936,10
13.0335798264,80.267791748,41936,41976,40
13.0335798264,80.267791748,41976,41986,10
13.033829689,80.2678909302,41986,41996,10
13.0339202881,80.2678985596,41996,42007,11
13.0344800949,80.2679672241,42007,42027,20
13.0345497131,80.2681427002,42027,42057,30
13.0345497131,80.2681427002,42057,42067,10
13.0343103409,80.268081665,42067,42087,20
13.0343103409,80.268081665,42087,42097,10
13.0341501236,80.2679977417,42097,42107,10
13.0338201523,80.2679595947,42107,42118,11
13.0333299637,80.2678604126,42118,42168,50
13.0333299637,80.2678604126,42168,42178,10
13.0330600739,80.2677383423,42178,42188,10
13.0327701569,80.2676925659,42188,42198,10
13.0326004028,80.267578125,42198,42208,10
13.0322704315,80.2674636841,42208,42219,11
13.0317802429,80.2672424316,42219,42229,10
13.0313396454,80.2670593262,42229,42239,10
13.0309400558,80.2669372559,42239,42249,10
13.0304603577,80.2668304443,42249,42259,10
13.0299797058,80.2667236328,42259,42279,20
13.0299797058,80.2667236328,42279,42289,10
13.029540062,80.2666320801,42289,42299,10
13.0293397903,80.2665634155,42299,42309,10
13.0291795731,80.266456604,42309,42320,11
13.0285797119,80.2663192749,42320,42340,20
13.0285797119,80.2663192749,42340,42350,10
13.0283203125,80.2662734985,42350,42360,10
13.0280399323,80.2661895752,42360,42370,10
13.0273599625,80.2661514282,42370,42380,10
13.0264501572,80.2660217285,42380,42431,51
13.0264501572,80.2660217285,42431,42441,10
13.0261297226,80.2659072876,42441,42451,10
13.0256900787,80.2657165527,42451,42461,10
13.0252799988,80.2654800415,42461,42471,10
13.0252599716,80.2654571533,42471,42481,10
13.0251398087,80.2653198242,42481,42491,10
13.0248003006,80.2650909424,42491,42501,10
13.0243902206,80.2647705078,42501,42511,10
13.0238704681,80.2644271851,42511,42521,10
13.0234603882,80.2642593384,42521,42532,11
13.0229997635,80.263999939,42532,42542,10
13.0225801468,80.2637481689,42542,42552,10
13.0222702026,80.2635879517,42552,42562,10
13.022190094,80.2635498047,42562,42572,10
13.0220098495,80.263420105,42572,42582,10
13.0216503143,80.2632522583,42582,42592,10
13.021030426,80.2631072998,42592,42602,10
13.020359993,80.2630691528,42602,42612,10
13.0198402405,80.2630233765,42612,42622,10
13.019200325,80.2629470825,42622,42633,11
13.0189304352,80.2625274658,42633,42643,10
13.0188102722,80.2618408203,42643,42653,10
13.0186395645,80.2613220215,42653,42663,10
13.0181798935,80.2610168457,42663,42673,10
13.0176401138,80.2606506348,42673,42683,10
13.0170202255,80.2602310181,42683,42693,10
13.016119957,80.2597198486,42693,42713,20
13.016119957,80.2597198486,42713,42723,10
13.0159397125,80.2596282959,42723,42734,11
13.01541996,80.2594528198,42734,42744,10
13.0147304535,80.2593307495,42744,42754,10
13.0140399933,80.2593002319,42754,42764,10
13.013299942,80.2592773438,42764,42774,10
13.0125303268,80.2592468262,42774,42784,10
13.0117502213,80.2592163086,42784,42794,10
13.0109996796,80.2592010498,42794,42804,10
13.0103197098,80.2592468262,42804,42814,10
13.0096197128,80.2592315674,42814,42824,10
13.0091600418,80.2592163086,42824,42835,11
13.0087900162,80.2592010498,42835,42845,10
13.008310318,80.2591781616,42845,42855,10
13.0078802109,80.2593231201,42855,42865,10
13.0074596405,80.2591171265,42865,42875,10
13.0072603226,80.2587280273,42875,42885,10
13.0072498322,80.2587203979,42885,42895,10
13.0070695877,80.2584762573,42895,42905,10
13.0068702698,80.2580871582,42905,42915,10
13.0066204071,80.2576980591,42915,42925,10
13.0064401627,80.2573623657,42925,42935,10
13.0064401627,80.2570800781,42935,42946,11
13.0063800812,80.2566986084,42946,42956,10
13.0063400269,80.2562637329,42956,42966,10
13.0064401627,80.255859375,42966,42976,10
13.0064897537,80.2553787231,42976,42986,10
13.0065202713,80.254989624,42986,42996,10
13.0065097809,80.2543563843,42996,43006,10
13.0065402985,80.2535934448,43006,43016,10
13.0065202713,80.2532806396,43016,43026,10
13.0065498352,80.2531814575,43026,43036,10
13.0065498352,80.2530822754,43036,43047,11
13.0065698624,80.2528305054,43047,43057,10
13.0065698624,80.2526397705,43057,43067,10
13.0065803528,80.2523422241,43067,43077,10
13.0066404343,80.2517776489,43077,43087,10
13.0066299438,80.2511978149,43087,43097,10
13.0067100525,80.2503204346,43097,43107,10
13.0067396164,80.2497024536,43107,43117,10
13.0067596436,80.2496871948,43117,43127,10
13.0068101883,80.2494888306,43127,43137,10
13.0067996979,80.2489471436,43137,43148,11
13.0066795349,80.2479476929,43148,43218,70
13.0066795349,80.2479476929,43218,43228,10
13.0066604614,80.2478027344,43228,43238,10
13.0066604614,80.2474136353,43238,43249,11
13.0066404343,80.2467880249,43249,43259,10
13.0066299438,80.2464675903,43259,43269,10
13.006649971,80.2463912964,43269,43279,10
13.0066204071,80.2460021973,43279,43289,10
13.0066099167,80.2453765869,43289,43299,10
13.0065898895,80.2448120117,43299,43309,10
13.0066204071,80.2444381714,43309,43319,10
13.0066299438,80.2440567017,43319,43329,10
13.0066099167,80.2436904907,43329,43339,10
13.0065698624,80.243270874,43339,43349,10
13.0065698624,80.2427520752,43349,43360,11
13.0065698624,80.2417221069,43360,43380,20
13.0065698624,80.2417221069,43380,43390,10
13.0065898895,80.2413787842,43390,43400,10
13.0066900253,80.2407302856,43400,43420,20
13.0066900253,80.2407302856,43420,43430,10
13.0067396164,80.2403793335,43430,43440,10
13.006819725,80.2398834229,43440,43450,10
13.0069799423,80.2391433716,43450,43461,11
13.0071697235,80.2381820679,43461,43471,10
13.0073604584,80.2373504639,43471,43481,10
13.0073900223,80.2370834351,43481,43491,10
13.0074100494,80.2369003296,43491,43501,10
13.0074396133,80.2367401123,43501,43511,10
13.0075597763,80.2363433838,43511,43521,10
13.0076799393,80.235786438,43521,43531,10
13.0078201294,80.235168457,43531,43541,10
13.0079603195,80.2344818115,43541,43551,10
13.0081300735,80.2336578369,43551,43562,11
13.0083303452,80.232673645,43562,43572,10
13.0085296631,80.2317199707,43572,43582,10
13.0087003708,80.2308578491,43582,43592,10
13.0088796616,80.2299575806,43592,43602,10
13.009059906,80.2290267944,43602,43612,10
13.0092496872,80.2281494141,43612,43622,10
13.0095796585,80.2273864746,43622,43632,10
13.0099201202,80.2266616821,43632,43642,10
13.0102300644,80.2260437012,43642,43652,10
13.0104999542,80.2255172729,43652,43663,11
13.0106801987,80.225151062,43663,43673,10
13.0108604431,80.2247695923,43673,43683,10
13.0108995438,80.2246398926,43683,43693,10
13.0110197067,80.2243118286,43693,43703,10
13.0112304688,80.2238235474,43703,43713,10
13.0112695694,80.2235336304,43713,43723,10
13.0112695694,80.2235107422,43723,43733,10
13.0112895966,80.2232971191,43733,43743,10
13.0115299225,80.2228775024,43743,43753,10
13.0119104385,80.2221832275,43753,43763,10
13.0123701096,80.2216033936,43763,43774,11
13.0125303268,80.2215499878,43774,43784,10
13.0126695633,80.221786499,43784,43794,10
13.0129404068,80.2222518921,43794,43804,10
13.0133104324,80.2227020264,43804,43814,10
13.0137300491,80.2230987549,43814,43824,10
13.0140104294,80.2232971191,43824,43834,10
13.0140199661,80.2233123779,43834,43844,10
13.0142002106,80.2235107422,43844,43854,10
13.0144395828,80.2237930298,43854,43864,10
13.0146198273,80.224067688,43864,43875,11
13.0149898529,80.2245178223,43875,43885,10
13.0152196884,80.2247390747,43885,43895,10
13.0155200958,80.2249832153,43895,43915,20
13.0155200958,80.2249832153,43915,43925,10
13.0157804489,80.2252120972,43925,43935,10
13.0162200928,80.2253494263,43935,43945,10
13.0167798996,80.2252120972,43945,43955,10
13.0173902512,80.2249679565,43955,43965,10
13.0180101395,80.2247085571,43965,43976,11
13.0187196732,80.2244262695,43976,43986,10
13.0195798874,80.2244262695,43986,44006,20
13.0195798874,80.2244262695,44006,44016,10
13.0196800232,80.2245178223,44016,44026,10
13.0200300217,80.2247390747,44026,44036,10
13.0205202103,80.2250976563,44036,44046,10
13.0210103989,80.2254714966,44046,44056,10
13.0213603973,80.225769043,44056,44066,10
13.0218095779,80.2260665894,44066,44077,11
13.021900177,80.2261276245,44077,44087,10
13.0219697952,80.2261734009,44087,44097,10
13.0222797394,80.2264404297,44097,44107,10
13.0227499008,80.226852417,44107,44117,10
13.0232801437,80.2273483276,44117,44127,10
13.0237798691,80.2278137207,44127,44137,10
13.0243396759,80.2284317017,44137,44157,20
13.0243396759,80.2284317017,44157,44167,10
13.0245199203,80.2286987305,44167,44178,11
13.0247097015,80.2289810181,44178,44188,10
13.0249500275,80.229309082,44188,44198,10
13.025270462,80.2297210693,44198,44208,10
13.0256900787,80.2303466797,44208,44278,70
13.0256900787,80.2303466797,44278,44289,11
13.0257997513,80.2305984497,44289,44299,10
13.0258798599,80.2308120728,44299,44309,10
13.0259599686,80.2311782837,44309,44319,10
13.0261201859,80.2313232422,44319,44329,10
13.026599884,80.2311935425,44329,44339,10
13.0273399353,80.2309799194,44339,44349,10
13.0280599594,80.2308883667,44349,44359,10
13.0284500122,80.2308731079,44359,44369,10
13.0285701752,80.2308578491,44369,44379,10
13.029250145,80.2308425903,44379,44430,51
13.029250145,80.2308425903,44430,44440,10
13.0295801163,80.2308273315,44440,44450,10
13.0300197601,80.2307815552,44450,44460,10
13.030380249,80.2307434082,44460,44470,10
13.0305595398,80.23072052,44470,44480,10
13.0309095383,80.2306900024,44480,44491,11
13.031370163,80.2306594849,44491,44501,10
13.0319004059,80.2306137085,44501,44511,10
13.0325603485,80.2305526733,44511,44521,10
13.0332403183,80.230506897,44521,44531,10
13.0337696075,80.2304763794,44531,44541,10
13.0342597961,80.2304229736,44541,44581,40
13.0342597961,80.2304229736,44581,44592,11
13.0344104767,80.2304000854,44592,44612,20
13.0344104767,80.2304000854,44612,44622,10
13.0345001221,80.2303771973,44622,44632,10
13.034740448,80.2303085327,44632,44642,10
13.035030365,80.2301635742,44642,44652,10
13.0351295471,80.2299575806,44652,44662,10
13.0349702835,80.2298736572,44662,44672,10
13.0345401764,80.2298126221,44672,44682,10
13.0343198776,80.2298583984,44682,44693,11
13.0342102051,80.2302932739,44693,44743,50
13.0342102051,80.2302932739,44743,44753,10
13.0341501236,80.2304382324,44753,44763,10
13.034119606,80.2304382324,44763,44773,10
13.0337696075,80.2304534912,44773,44783,10
13.0334701538,80.2304763794,44783,44793,10
13.0330095291,80.2305297852,44793,44804,11
13.0322198868,80.2306213379,44804,44814,10
13.031539917,80.2306594849,44814,44824,10
13.0311803818,80.2306900024,44824,44834,10
13.0309000015,80.2307128906,44834,44844,10
13.0306596756,80.2307434082,44844,44854,10
13.0302295685,80.2307662964,44854,44864,10
13.0298995972,80.2308273315,44864,44874,10
13.0298099518,80.2308425903,44874,44884,10
13.0296401978,80.2308731079,44884,44894,10
13.0291795731,80.2309036255,44894,44905,11
13.028459549,80.23097229,44905,44915,10
13.0278596878,80.231010437,44915,44925,10
13.0276699066,80.2311935425,44925,44935,10
13.027680397,80.2316436768,44935,44945,10
13.0277004242,80.2321166992,44945,44955,10
13.0278396606,80.2326278687,44955,44965,10
13.0275602341,80.2328262329,44965,44975,10
13.0270500183,80.2329101563,44975,44995,20
13.0270500183,80.2329101563,44995,45006,11
13.0269203186,80.232963562,45006,45016,10
13.0266199112,80.2329864502,45016,45025,9
13.0263900757,80.2326889038,45025,45036,11
13.0263299942,80.2325363159,45036,45046,10
13.0262699127,80.2323379517,45046,45056,10
13.0261497498,80.231842041,45056,45066,10
13.0260000229,80.231338501,45066,45076,10
13.0258102417,80.2307281494,45076,45086,10
13.0255203247,80.23021698,45086,45096,10
13.0252199173,80.2298202515,45096,45107,11
13.0249004364,80.2294235229,45107,45117,10
13.0246400833,80.2290802002,45117,45127,10
13.0243797302,80.2287216187,45127,45137,10
13.024020195,80.2283401489,45137,45157,20
13.024020195,80.2283401489,45157,45167,10
13.0239400864,80.2282180786,45167,45177,10
13.0237398148,80.2279815674,45177,45187,10
13.0234098434,80.2276382446,45187,45197,10
13.0230398178,80.2272872925,45197,45207,10
13.022600174,80.2268676758,45207,45218,11
13.0222101212,80.2265396118,45218,45228,10
13.0218601227,80.2262573242,45228,45238,10
13.0214195251,80.2259216309,45238,45248,10
13.0209503174,80.2255401611,45248,45258,10
13.0204401016,80.2251815796,45258,45268,10
13.0201797485,80.2250213623,45268,45278,10
13.0201597214,80.2250137329,45278,45288,10
13.0199899673,80.224899292,45288,45298,10
13.0197896957,80.2247619629,45298,45308,10
13.0192699432,80.2245483398,45308,45319,11
13.0185003281,80.2247009277,45319,45329,10
13.0178499222,80.2249603271,45329,45339,10
13.0175695419,80.2250671387,45339,45349,10
13.0174398422,80.2251205444,45349,45359,10
13.0173196793,80.2251586914,45359,45369,10
13.0172100067,80.2251968384,45369,45379,10
13.0170898438,80.2252502441,45379,45409,30
13.0170898438,80.2252502441,45409,45420,11
13.0167198181,80.2254180908,45420,45430,10
13.0166397095,80.225440979,45430,45440,10
13.0165596008,80.225479126,45440,45450,10
13.0164403915,80.2255096436,45450,45460,10
13.0161304474,80.2256088257,45460,45470,10
13.0156402588,80.225769043,45470,45480,10
13.0150203705,80.2260284424,45480,45490,10
13.0144100189,80.2262878418,45490,45510,20
13.0144100189,80.2262878418,45510,45521,11
13.0140104294,80.2264328003,45521,45531,10
13.0134897232,80.2266235352,45531,45541,10
13.0128602982,80.2268829346,45541,45551,10
13.0121803284,80.227142334,45551,45561,10
13.0113601685,80.2274703979,45561,45571,10
13.0105199814,80.2277984619,45571,45581,10
13.009759903,80.2281188965,45581,45591,10
13.0092201233,80.2285614014,45591,45601,10
13.0090398788,80.2292861938,45601,45611,10
13.0088701248,80.2300720215,45611,45621,10
13.0087099075,80.2308273315,45621,45632,11
13.0085802078,80.2314605713,45632,45642,10
13.0084295273,80.2321624756,45642,45652,10
13.0082902908,80.2328186035,45652,45662,10
13.0082397461,80.2334136963,45662,45672,10
13.0082302094,80.2334976196,45672,45682,10
13.0081596375,80.2336807251,45682,45692,10
13.0080795288,80.2340621948,45692,45702,10
13.0079803467,80.2345581055,45702,45712,10
13.0078802109,80.2350769043,45712,45722,10
13.0077400208,80.2357177734,45722,45733,11
13.0075702667,80.2365570068,45733,45743,10
13.0074195862,80.2373199463,45743,45753,10
13.0072603226,80.2381210327,45753,45763,10
13.0071401596,80.2388381958,45763,45773,10
13.0069999695,80.2395477295,45773,45783,10
13.0068998337,80.2400512695,45783,45834,51
13.0068998337,80.2400512695,45834,45844,10
13.0068798065,80.240447998,45844,45854,10
13.0068101883,80.2408218384,45854,45864,10
13.0068101883,80.2408294678,45864,45874,10
13.006770134,80.2410736084,45874,45884,10
13.0067300797,80.2416229248,45884,45894,10
13.0067100525,80.2423400879,45894,45904,10
13.0066699982,80.2429733276,45904,45914,10
13.0066404343,80.2437133789,45914,45955,41
13.0066404343,80.2437133789,45955,45965,10
13.0066299438,80.2442626953,45965,45975,10
13.0066204071,80.244682312,45975,45985,10
13.0066404343,80.2452163696,45985,45995,10
13.0066795349,80.2457504272,45995,46005,10
13.0066900253,80.2459030151,46005,46015,10
13.0067100525,80.2460784912,46015,46025,10
13.0067100525,80.2463607788,46025,46035,10
13.0067195892,80.2467422485,46035,46046,11
13.0067195892,80.2473602295,46046,46056,10
13.0067300797,80.2481002808,46056,46066,10
13.0067796707,80.2488632202,46066,46076,10
13.0068597794,80.2494888306,46076,46086,10
13.0068597794,80.2495269775,46086,46096,10
13.0068502426,80.2496490479,46096,46106,10
13.0068397522,80.2500610352,46106,46116,10
13.0068101883,80.2507171631,46116,46126,10
13.0067796707,80.251121521,46126,46136,10
13.0067901611,80.2512435913,46136,46147,11
13.0067195892,80.2516098022,46147,46157,10
13.0066003799,80.2521972656,46157,46167,10
13.0065603256,80.2529220581,46167,46177,10
13.0065698624,80.2537231445,46177,46187,10
13.0066099167,80.2545166016,46187,46197,10
13.0065803528,80.2551803589,46197,46207,10
13.0066204071,80.2559967041,46207,46217,10
13.0066099167,80.2567901611,46217,46268,51
13.0066099167,80.2567901611,46268,46278,10
13.006649971,80.2570800781,46278,46288,10
13.0067396164,80.2575378418,46288,46298,10
13.0070295334,80.2581100464,46298,46308,10
13.0074300766,80.2584991455,46308,46318,10
13.0076904297,80.2586135864,46318,46328,10
13.0077495575,80.2586669922,46328,46338,10
13.0080404282,80.2587890625,46338,46349,11
13.008600235,80.2589797974,46349,46359,10
13.0089902878,80.2590408325,46359,46369,10
13.0094604492,80.2590179443,46369,46379,10
13.0102100372,80.2590408325,46379,46389,10
13.0110197067,80.2590332031,46389,46399,10
13.0118703842,80.2590332031,46399,46409,10
13.0128002167,80.2590713501,46409,46419,10
13.0138101578,80.2591094971,46419,46429,10
13.0148000717,80.259147644,46429,46439,10
13.0156602859,80.2592926025,46439,46449,10
13.0163402557,80.2595977783,46449,46470,21
13.0163402557,80.2595977783,46470,46480,10
13.0165901184,80.2598266602,46480,46490,10
13.0169801712,80.2601013184,46490,46500,10
13.0174798965,80.2604370117,46500,46510,10
13.017950058,80.2607498169,46510,46520,10
13.0184497833,80.2610931396,46520,46530,10
13.0186901093,80.2612609863,46530,46540,10
13.0189304352,80.2614822388,46540,46550,10
13.0192699432,80.261756897,46550,46561,11
13.0196800232,80.2621612549,46561,46571,10
13.0201396942,80.2625732422,46571,46581,10
13.0202198029,80.2626190186,46581,46591,10
13.0206098557,80.2627792358,46591,46601,10
13.0212602615,80.2629928589,46601,46611,10
13.0218601227,80.2632369995,46611,46621,10
13.0221796036,80.2633972168,46621,46631,10
13.0226097107,80.2636108398,46631,46641,10
13.0229997635,80.2638168335,46641,46651,10
13.0230703354,80.2639007568,46651,46662,11
13.0233802795,80.2640609741,46662,46672,10
13.0239295959,80.2643737793,46672,46682,10
13.0243701935,80.2646484375,46682,46692,10
13.0247297287,80.2649383545,46692,46702,10
13.0251102448,80.2652206421,46702,46712,10
13.0254602432,80.2654418945,46712,46722,10
13.0257997513,80.265663147,46722,46732,10
13.0258998871,80.2657318115,46732,46742,10
13.0259599686,80.2657699585,46742,46752,10
13.0261802673,80.2658691406,46752,46763,11
13.026309967,80.2656173706,46763,46773,10
13.0263395309,80.2652587891,46773,46783,10
13.0263700485,80.2647705078,46783,46793,10
13.0264501572,80.2641372681,46793,46803,10
13.0264797211,80.2639923096,46803,46813,10
13.0265197754,80.2638397217,46813,46823,10
13.0265598297,80.2634735107,46823,46833,10
13.0267801285,80.2633972168,46833,46843,10
13.0272197723,80.263458252,46843,46853,10
13.0278100967,80.2636413574,46853,46863,10
13.0284404755,80.2637863159,46863,46874,11
13.0287504196,80.2638626099,46874,46884,10
13.028960228,80.263923645,46884,46894,10
13.0292196274,80.2639923096,46894,46904,10
13.0292797089,80.2640991211,46904,46914,10
13.0292396545,80.2644271851,46914,46924,10
13.0292396545,80.2648010254,46924,46934,10
13.0292701721,80.2654037476,46934,46944,10
13.0292396545,80.26587677,46944,46954,10
13.0292396545,80.2658996582,46954,46964,10
13.0292301178,80.2659988403,46964,46975,11
13.0291795731,80.2662887573,46975,46985,10
13.0291795731,80.266418457,46985,46995,10
13.0293502808,80.2665100098,46995,47005,10
13.029709816,80.2665634155,47005,47015,10
13.0300598145,80.2666320801,47015,47025,10
13.0305900574,80.2667007446,47025,47035,10
13.0311403275,80.2668380737,47035,47045,10
13.0317201614,80.2670516968,47045,47055,10
13.0321397781,80.2672576904,47055,47065,10
13.0325899124,80.2675094604,47065,47076,11
13.0329904556,80.2676925659,47076,47086,10
13.0332698822,80.2677383423,47086,47096,10
13.0336399078,80.2678070068,47096,47156,60
13.0336399078,80.2678070068,47156,47166,10
13.0340795517,80.2679367065,47166,47177,11
13.0344800949,80.2679824829,47177,47217,40
13.0344800949,80.268119812,47217,47267,50
13.0344800949,80.268119812,47267,47278,11
13.0342798233,80.2680282593,47278,47288,10
13.0340995789,80.2679977417,47288,47298,10
13.0337200165,80.2679367065,47298,47308,10
13.0332803726,80.267829895,47308,47318,10
13.0327796936,80.2677078247,47318,47328,10
13.0326099396,80.2675628662,47328,47338,10
13.0326004028,80.2675476074,47338,47348,10
13.0323600769,80.2674102783,47348,47358,10
13.0318403244,80.2671585083,47358,47368,10
13.0311803818,80.2669219971,47368,47379,11
13.0305595398,80.2667694092,47379,47389,10
13.030090332,80.2666397095,47389,47399,10
13.0296401978,80.2666015625,47399,47409,10
13.0293798447,80.2665786743,47409,47419,10
13.0291795731,80.266456604,47419,47429,10
13.028670311,80.2663269043,47429,47439,10
13.0281200409,80.2662277222,47439,47449,10
13.0276002884,80.2661437988,47449,47459,10
13.0271396637,80.2660827637,47459,47469,10
13.0268297195,80.2659378052,47469,47520,51
13.0265903473,80.2656707764,47520,48711,1191
13.0265903473,80.2656707764,48711,48721,10
13.0264797211,80.26537323,48721,48732,11
13.0264596939,80.2653579712,48732,48742,10
13.0263595581,80.2651977539,48742,48752,10
13.0263900757,80.2648620605,48752,48762,10
13.0264596939,80.2643432617,48762,48772,10
13.0265598297,80.2637710571,48772,48782,10
13.0267000198,80.263381958,48782,48792,10
13.0270900726,80.263420105,48792,48802,10
13.0276098251,80.2635421753,48802,48812,10
13.0282897949,80.2637481689,48812,48822,10
13.0288696289,80.2639007568,48822,48833,11
13.0292396545,80.2640533447,48833,48843,10
13.0292596817,80.2643508911,48843,48853,10
13.0292701721,80.2649002075,48853,48863,10
13.0292396545,80.2654876709,48863,48873,10
13.0292196274,80.2659835815,48873,48883,10
13.0291900635,80.2663421631,48883,48893,10
13.0294599533,80.2664794922,48893,48903,10
13.0298299789,80.2665786743,48903,48913,10
13.0303697586,80.2666473389,48913,48923,10
13.0309696198,80.2667694092,48923,48934,11
13.0316295624,80.2670211792,48934,48944,10
13.0320796967,80.267250061,48944,48954,10
13.0324602127,80.2674407959,48954,48964,10
13.0327796936,80.2676696777,48964,48974,10
13.0333404541,80.2677993774,48974,48984,10
13.0338602066,80.2678985596,48984,48994,10
13.0341596603,80.2679519653,48994,49004,10
13.0344200134,80.2679672241,49004,49024,20
13.0344200134,80.2679672241,49024,49034,10
13.0344495773,80.2681427002,49034,49055,21
13.0344495773,80.2681427002,49055,49065,10
13.0342798233,80.2680130005,49065,49075,10
13.0338401794,80.2679290771,49075,49085,10
13.0333299637,80.2678604126,49085,49146,61
13.0333299637,80.2678604126,49146,49156,10
13.0331001282,80.2677993774,49156,49166,10
13.0329198837,80.2677612305,49166,49176,10
13.032910347,80.2677612305,49176,49186,10
13.0327501297,80.2677230835,49186,49196,10
13.0325899124,80.267578125,49196,49206,10
13.0324001312,80.2674636841,49206,49216,10
13.0318498611,80.2671813965,49216,49226,10
13.0311403275,80.2668991089,49226,49236,10
13.0305204391,80.2667922974,49236,49247,11
13.0297403336,80.2666625977,49247,49267,20
13.0297403336,80.2666625977,49267,49277,10
13.0293197632,80.2666015625,49277,49287,10
13.0289001465,80.2664108276,49287,49297,10
13.028459549,80.2663421631,49297,49307,10
13.0278196335,80.2662124634,49307,49317,10
13.0270795822,80.2660980225,49317,49327,10
13.0266704559,80.2660369873,49327,49337,10
13.026260376,80.2659683228,49337,49348,11
13.0258197784,80.2657318115,49348,49358,10
13.0252199173,80.2653427124,49358,49378,20
13.0252199173,80.2653427124,49378,49388,10
13.0250797272,80.2652435303,49388,49398,10
13.0247297287,80.2649536133,49398,49408,10
13.0241603851,80.2645263672,49408,49418,10
13.023639679,80.264251709,49418,49428,10
13.0231103897,80.2639389038,49428,49438,10
13.0221595764,80.263458252,49438,49469,31
13.0221595764,80.263458252,49469,49479,10
13.021900177,80.2633590698,49479,49489,10
13.021490097,80.2631835938,49489,49499,10
13.0207500458,80.2630691528,49499,49509,10
13.0200195313,80.2630233765,49509,49519,10
13.0193195343,80.2629470825,49519,49529,10
13.0189399719,80.262802124,49529,49539,10
13.018819809,80.2621688843,49539,49549,10
13.0187397003,80.2615737915,49549,49560,11
13.0187196732,80.2613983154,49560,49570,10
13.0184602737,80.261138916,49570,49580,10
13.0181598663,80.2609634399,49580,49590,10
13.0178804398,80.2607803345,49590,49600,10
13.0173501968,80.2604522705,49600,49610,10
13.0167198181,80.2600479126,49610,49620,10
13.0161600113,80.2597198486,49620,49640,20
13.0161600113,80.2597198486,49640,49650,10
13.015999794,80.2596206665,49650,49661,11
13.0154600143,80.2594604492,49661,49671,10
13.014749527,80.2593383789,49671,49681,10
13.0139904022,80.2593078613,49681,49691,10
13.0130901337,80.2592697144,49691,49701,10
13.0122499466,80.2592391968,49701,49711,10
13.0114402771,80.2592086792,49711,49721,10
13.01060009,80.2592163086,49721,49731,10
13.0098600388,80.2592697144,49731,49741,10
13.0096998215,80.2592468262,49741,49751,10
13.0095796585,80.2592163086,49751,49761,10
13.0091400146,80.2592086792,49761,49772,11
13.0087499619,80.2592086792,49772,49782,10
13.0083999634,80.2592163086,49782,49792,10
13.007900238,80.2593002319,49792,49802,10
13.0074300766,80.2592163086,49802,49812,10
13.0072202682,80.2587509155,49812,49822,10
13.0072097778,80.2587203979,49822,49832,10
13.0070495605,80.2584533691,49832,49842,10
13.0068397522,80.258140564,49842,49852,10
13.0066795349,80.2578887939,49852,49862,10
13.0065803528,80.2577667236,49862,49873,11
13.0064601898,80.2573318481,49873,49883,10
13.0064401627,80.2568817139,49883,49893,10
13.0064201355,80.2564086914,49893,49903,10
13.0064601898,80.2557373047,49903,49913,10
13.0065097809,80.2551422119,49913,49923,10
13.0065097809,80.2545471191,49923,49933,10
13.0065002441,80.2540512085,49933,49943,10
13.0065097809,80.2534332275,49943,49963,20
13.0065097809,80.2534332275,49963,49974,11
13.006529808,80.2532119751,49974,49994,20
13.006529808,80.2532119751,49994,50004,10
13.0065202713,80.253036499,50004,50014,10
13.0065202713,80.2529907227,50014,50024,10
13.0065202713,80.252822876,50024,50034,10
13.0065498352,80.252166748,50034,50074,40
13.0065498352,80.252166748,50074,50085,11
13.0065498352,80.2521514893,50085,50095,10
13.0066404343,80.2517776489,50095,50105,10
13.0067195892,80.2511978149,50105,50115,10
13.0067195892,80.2505111694,50115,50125,10
13.0067100525,80.2499237061,50125,50135,10
13.0067100525,80.2495574951,50135,50145,10
13.0067100525,80.24949646,50145,50155,10
13.0066995621,80.2491226196,50155,50165,10
13.0066604614,80.2485427856,50165,50175,10
13.0066299438,80.2482299805,50175,50186,11
13.0066204071,80.2480010986,50186,50246,60
13.0066204071,80.2480010986,50246,50256,10
13.0066099167,80.2477874756,50256,50266,10
13.0066204071,80.2472686768,50266,50276,10
13.0065803528,80.2467422485,50276,50287,11
13.0065603256,80.2466278076,50287,50297,10
13.0065603256,80.2465591431,50297,50307,10
13.0066204071,80.2461395264,50307,50317,10
13.0066099167,80.245552063,50317,50327,10
13.0065898895,80.2449035645,50327,50337,10
13.0065898895,80.2443389893,50337,50347,10
13.0065698624,80.2438735962,50347,50357,10
13.0065698624,80.2434768677,50357,50367,10
13.0065498352,80.2429428101,50367,50377,10
13.006529808,80.2421722412,50377,50388,11
13.006529808,80.2416229248,50388,50398,10
13.0065402985,80.241569519,50398,50408,10
13.0065698624,80.2412033081,50408,50418,10
13.0066604614,80.2404403687,50418,50448,30
13.0066604614,80.2404403687,50448,50458,10
13.0066900253,80.2402420044,50458,50468,10
13.0067796707,80.2397766113,50468,50478,10
13.006939888,80.2390594482,50478,50488,10
13.0070896149,80.2382125854,50488,50499,11
13.0073003769,80.2374572754,50499,50509,10
13.007349968,80.2369232178,50509,50519,10
13.0073900223,80.2367477417,50519,50529,10
13.0074100494,80.2367019653,50529,50539,10
13.0075397491,80.2363586426,50539,50549,10
13.0076599121,80.2357406616,50549,50559,10
13.0077896118,80.234992981,50559,50569,10
13.0079402924,80.2341690063,50569,50579,10
13.0081100464,80.2332992554,50579,50589,10
13.0082798004,80.2324066162,50589,50600,11
13.008480072,80.2314605713,50600,50610,10
13.0086698532,80.2305297852,50610,50620,10
13.0088596344,80.2295303345,50620,50630,10
13.0090398788,80.2286300659,50630,50640,10
13.0093297958,80.2277603149,50640,50650,10
13.0097398758,80.2268981934,50650,50660,10
13.0101203918,80.2260818481,50660,50670,10
13.0104598999,80.2253570557,50670,50680,10
13.0107402802,80.2247924805,50680,50690,10
13.0109996796,80.2241897583,50690,50701,11
13.0112800598,80.2235183716,50701,50731,30
13.0112800598,80.2235183716,50731,50741,10
13.011349678,80.2231826782,50741,50751,10
13.0115499496,80.2227020264,50751,50761,10
13.0118198395,80.2219924927,50761,50771,10
13.012140274,80.2214431763,50771,50781,10
13.012430191,80.2216110229,50781,50791,10
13.0128297806,80.2220230103,50791,50801,10
13.0132198334,80.2225112915,50801,50812,11
13.0137395859,80.2231216431,50812,50822,10
13.0141201019,80.2236022949,50822,50832,10
13.0144996643,80.2240219116,50832,50842,10
13.0149497986,80.2245025635,50842,50852,10
13.0152301788,80.2247619629,50852,50872,20
13.0152301788,80.2247619629,50872,50882,10
13.0153398514,80.224861145,50882,50892,10
13.0156202316,80.2250976563,50892,50902,10
13.0162096024,80.2253799438,50902,50913,11
13.0170497894,80.2251281738,50913,50923,10
13.0178403854,80.224822998,50923,50933,10
13.0185699463,80.2245178223,50933,50943,10
13.0192298889,80.2243728638,50943,50953,10
13.0195398331,80.2244415283,50953,50963,10
13.0197095871,80.224571228,50963,50973,10
13.020070076,80.224822998,50973,50983,10
13.0206003189,80.2251968384,50983,50993,10
13.0210599899,80.2255477905,50993,51003,10
13.0215797424,80.2259368896,51003,51014,11
13.0219297409,80.2261810303,51014,51024,10
13.0219402313,80.2261886597,51024,51034,10
13.0220804214,80.22631073,51034,51044,10
13.0225200653,80.2266693115,51044,51054,10
13.0230998993,80.2272186279,51054,51064,10
13.0236797333,80.2277526855,51064,51074,10
13.0242004395,80.2282333374,51074,51084,10
13.0243501663,80.2284393311,51084,51094,10
13.0246200562,80.2288513184,51094,51104,10
13.0249500275,80.229309082,51104,51114,10
13.0253601074,80.2298431396,51114,51125,11
13.0257797241,80.2304916382,51125,51135,10
13.0259599686,80.2309570313,51135,51145,10
13.026049614,80.2312774658,51145,51155,10
13.0263595581,80.231300354,51155,51165,10
13.0270004272,80.2311401367,51165,51175,10
13.0277795792,80.2309875488,51175,51185,10
13.0283203125,80.2309265137,51185,51195,10
13.0283603668,80.2309188843,51195,51205,10
13.0285196304,80.2309188843,51205,51215,10
13.0292797089,80.2308425903,51215,51276,61
13.0292797089,80.2308425903,51276,51286,10
13.0297698975,80.2307891846,51286,51296,10
13.0304203033,80.2307510376,51296,51306,10
13.031080246,80.230682373,51306,51316,10
13.0318498611,80.2306289673,51316,51327,11
13.0323495865,80.2305679321,51327,51337,10
13.0330095291,80.2305221558,51337,51347,10
13.0337896347,80.2304916382,51347,51357,10
13.0341596603,80.2304763794,51357,51367,10
13.0345201492,80.2303771973,51367,51428,61
13.0345201492,80.2303771973,51428,51438,10
13.0347995758,80.2303009033,51438,51448,10
13.0350198746,80.230140686,51448,51458,10
13.0350399017,80.2298431396,51458,51468,10
13.0345201492,80.2297973633,51468,51518,50
13.0345201492,80.2297973633,51518,51528,10
13.0342302322,80.2298812866,51528,51619,91
13.0342302322,80.2298812866,51619,51629,10
13.0342102051,80.2301101685,51629,51640,11
13.0341796875,80.2302703857,51640,51882,242
13.0341796875,80.2302703857,51882,51892,10
13.0339202881,80.2305221558,51892,51902,10
13.0335903168,80.2305221558,51902,51912,10
13.0334796906,80.230506897,51912,51922,10
13.0329999924,80.2305603027,51922,51932,10
13.0322999954,80.2305984497,51932,51942,10
13.0316400528,80.2306671143,51942,51953,11
13.0309295654,80.23072052,51953,51963,10
13.0307502747,80.2307281494,51963,51973,10
13.0303602219,80.2307662964,51973,51983,10
13.0298299789,80.2308273315,51983,51993,10
13.0297603607,80.2308425903,51993,52003,10
13.029540062,80.2308425903,52003,52013,10
13.0290203094,80.2309036255,52013,52023,10
13.0283203125,80.2309799194,52023,52033,10
13.0277500153,80.231048584,52033,52043,10
13.0277004242,80.2313690186,52043,52054,11
13.0277795792,80.2320098877,52054,52064,10
13.0278997421,80.2326431274,52064,52074,10
13.0274600983,80.2328262329,52074,52084,10
13.0271596909,80.2329330444,52084,52094,10
13.0269002914,80.2329788208,52094,52104,10
13.0265197754,80.2329788208,52104,52114,10
13.0262699127,80.2324829102,52114,52124,10
13.0261001587,80.2318572998,52124,52134,10
13.0259504318,80.2312088013,52134,52144,10
13.0255899429,80.2303466797,52144,52256,112
13.0255899429,80.2303466797,52256,52266,10
13.0254497528,80.2302017212,52266,52276,10
13.0251502991,80.2297592163,52276,52286,10
13.0247602463,80.2292633057,52286,52296,10
13.0243701935,80.2287521362,52296,52306,10
13.0239801407,80.228302002,52306,52316,10
13.0239496231,80.2282562256,52316,52326,10
13.0239200592,80.2282104492,52326,52336,10
13.0237102509,80.2279281616,52336,52346,10
13.0234203339,80.2276382446,52346,52356,10
13.0229902267,80.2272491455,52356,52367,11
13.0224103928,80.2266693115,52367,52377,10
13.0217504501,80.2260894775,52377,52387,10
13.0209999084,80.2255172729,52387,52397,10
13.0202798843,80.2250289917,52397,52407,10
13.019900322,80.2248001099,52407,52417,10
13.0197000504,80.2246627808,52417,52427,10
13.0191297531,80.2244796753,52427,52437,10
13.0183000565,80.2247009277,52437,52447,10
13.0173597336,80.2250900269,52447,52457,10
13.016500473,80.225440979,52457,52468,11
13.0156097412,80.2257080078,52468,52478,10
13.0149402618,80.2260284424,52478,52488,10
13.0143899918,80.2262420654,52488,52498,10
13.0141401291,80.2263717651,52498,52508,10
13.0141000748,80.2264022827,52508,52518,10
13.0140399933,80.2263870239,52518,52528,10
13.0137395859,80.2264709473,52528,52538,10
13.0131902695,80.2266693115,52538,52548,10
13.0124702454,80.2269821167,52548,52558,10
13.0116596222,80.2273178101,52558,52569,11
13.010720253,80.2276916504,52569,52579,10
13.0098800659,80.2280426025,52579,52589,10
13.0092000961,80.2284927368,52589,52599,10
13.0089998245,80.2294235229,52599,52609,10
13.0088195801,80.23046875,52609,52619,10
13.0086603165,80.2313766479,52619,52629,10
13.0084400177,80.2323989868,52629,52639,10
13.0082798004,80.2333831787,52639,52649,10
13.0082101822,80.2337112427,52649,52659,10
13.008190155,80.2337265015,52659,52669,10
13.0081100464,80.2340927124,52669,52680,11
13.0079698563,80.2347793579,52680,52690,10
13.0078001022,80.2356414795,52690,52700,10
13.0076198578,80.2365570068,52700,52710,10
13.0074195862,80.2375564575,52710,52720,10
13.0072898865,80.2382507324,52720,52730,10
13.007229805,80.238571167,52730,52740,10
13.0071201324,80.2391433716,52740,52750,10
13.0069904327,80.2397003174,52750,52760,10
13.0069799423,80.2398376465,52760,52770,10
13.006939888,80.2400665283,52770,52781,11
13.0068397522,80.2408676147,52781,52801,20
13.0068397522,80.2408676147,52801,52811,10
13.006819725,80.2410430908,52811,52821,10
13.0067796707,80.2416000366,52821,52831,10
13.0067501068,80.242401123,52831,52841,10
13.0067300797,80.2432098389,52841,52851,10
13.0067396164,80.2440109253,52851,52861,10
13.0067396164,80.2448883057,52861,52871,10
13.0067300797,80.2454986572,52871,52882,11
13.0067501068,80.2462997437,52882,52892,10
13.0067796707,80.2469177246,52892,52902,10
13.0067901611,80.247253418,52902,52912,10
13.0067796707,80.2473068237,52912,52922,10
13.0067596436,80.2476730347,52922,52932,10
13.0067796707,80.2483596802,52932,52942,10
13.0068902969,80.2496414185,52942,52972,30
13.0068902969,80.2496414185,52972,52983,11
13.0068902969,80.2499237061,52983,52993,10
13.0068702698,80.2504425049,52993,53003,10
13.0068798065,80.251083374,53003,53023,20
13.0068798065,80.251083374,53023,53033,10
13.0068702698,80.2512207031,53033,53043,10
13.0068101883,80.2515182495,53043,53053,10
13.0067100525,80.2520675659,53053,53063,10
13.0066204071,80.252822876,53063,53073,10
13.0066099167,80.2537002563,53073,53083,10
13.0066404343,80.2544631958,53083,53094,11
13.0066404343,80.2550964355,53094,53104,10
13.006649971,80.2558517456,53104,53114,10
13.0066299438,80.2565612793,53114,53124,10
13.0066795349,80.2572097778,53124,53215,91
13.0066795349,80.2572097778,53215,53225,10
13.0066404343,80.2574462891,53225,53235,10
13.0068101883,80.2578430176,53235,53245,10
13.007229805,80.2583770752,53245,53255,10
13.0077695847,80.2586669922,53255,53265,10
13.0078001022,80.2586898804,53265,53275,10
13.0081195831,80.2588577271,53275,53285,10
13.0086898804,80.2590408325,53285,53296,11
13.0089998245,80.2590789795,53296,53306,10
13.0092697144,80.2590637207,53306,53316,10
13.0098695755,80.2590637207,53316,53326,10
13.0107002258,80.2590637207,53326,53336,10
13.0116996765,80.2590713501,53336,53346,10
13.0128297806,80.2591094971,53346,53356,10
13.0139799118,80.259147644,53356,53366,10
13.0151100159,80.2592010498,53366,53376,10
13.0163803101,80.2596588135,53376,53397,21
13.0163803101,80.2596588135,53397,53407,10
13.0165596008,80.2598266602,53407,53417,10
13.017080307,80.2601623535,53417,53427,10
13.0177402496,80.2606201172,53427,53437,10
13.0184001923,80.2610473633,53437,53447,10
13.0188398361,80.2614212036,53447,53457,10
13.0192804337,80.2617797852,53457,53467,10
13.0197896957,80.262260437,53467,53518,51
13.0197896957,80.262260437,53518,53528,10
13.0200500488,80.2625198364,53528,53538,10
13.020190239,80.2626419067,53538,53548,10
13.0205698013,80.262802124,53548,53558,10
13.0211801529,80.2629776001,53558,53568,10
13.0216503143,80.2631607056,53568,53578,10
13.0220003128,80.2633590698,53578,53588,10
13.0222997665,80.2634963989,53588,53598,10
13.0227603912,80.2637405396,53598,53609,11
13.0230102539,80.2639312744,53609,53619,10
13.023150444,80.263999939,53619,53629,10
13.0236101151,80.2642593384,53629,53639,10
13.0242900848,80.2646408081,53639,53649,10
13.0247898102,80.2650375366,53649,53659,10
13.0252504349,80.2653121948,53659,53669,10
13.0257797241,80.2656402588,53669,53679,10
13.0261898041,80.2658004761,53679,53689,10
13.0263004303,80.2654724121,53689,53699,10
13.0263500214,80.2648773193,53699,53710,11
13.0265102386,80.2640609741,53710,53730,20
13.0265102386,80.2640609741,53730,53740,10
13.0265798569,80.263671875,53740,53750,10
13.0266799927,80.2633972168,53750,53760,10
13.0270700455,80.2634811401,53760,53770,10
13.0273504257,80.2635192871,53770,53780,10
13.0277795792,80.2636566162,53780,53790,10
13.0282402039,80.2637863159,53790,53800,10
13.0283498764,80.2638168335,53800,53811,11
13.0287504196,80.2639694214,53811,53821,10
13.0290899277,80.2640991211,53821,53831,10
13.0291595459,80.264503479,53831,53841,10
13.0292196274,80.265296936,53841,53850,9
13.0291996002,80.2661590576,53850,53871,21
13.0291996002,80.2661590576,53871,53881,10
13.0291595459,80.2663803101,53881,53891,10
13.0293502808,80.2664871216,53891,53901,10
13.0298299789,80.2665786743,53901,53911,10
13.0305700302,80.2666931152,53911,53922,11
13.0314102173,80.2669219971,53922,53932,10
13.0320701599,80.267250061,53932,53942,10
13.0325202942,80.2675094604,53942,53952,10
13.0328998566,80.2676773071,53952,53962,10
13.0335798264,80.267829895,53962,54012,50
13.0335798264,80.267829895,54012,54023,11
13.0340099335,80.2679672241,54023,54033,10
13.0344295502,80.2679977417,54033,54043,10
13.0345096588,80.2679977417,54043,54053,10
13.0345201492,80.2681503296,54053,54063,10
13.0344104767,80.2680664063,54063,54073,10
13.0342102051,80.2679672241,54073,54083,10
13.0337400436,80.267906189,54083,54093,10
13.0334396362,80.267868042,54093,54467,374
13.0334396362,80.267868042,54467,54477,10
13.0332098007,80.2678222656,54477,54487,10
13.0328397751,80.2677383423,54487,54497,10
13.032699585,80.2676696777,54497,54507,10
13.0326404572,80.267616272,54507,54517,10
13.0325098038,80.2675018311,54517,54527,10
13.0320196152,80.2672729492,54527,54538,11
13.03125,80.266960144,54538,54548,10
13.0304698944,80.2667770386,54548,54558,10
13.0300998688,80.2667312622,54558,54568,10
13.0298204422,80.2666778564,54568,54577,9
13.0297899246,80.2666778564,54577,54588,11
13.0294399261,80.2666397095,54588,54598,10
13.0291404724,80.2664794922,54598,54608,10
13.0286998749,80.2663879395,54608,54618,10
13.0281200409,80.2662963867,54618,54628,10
13.0273599625,80.2661514282,54628,54639,11
13.0267095566,80.2660827637,54639,54649,10
13.0262403488,80.2659378052,54649,54659,10
13.0259103775,80.2657318115,54659,54669,10
13.025270462,80.2653427124,54669,54689,20
13.025270462,80.2653427124,54689,54699,10
13.0251302719,80.2652435303,54699,54709,10
13.0246896744,80.2649002075,54709,54719,10
13.0240402222,80.2644424438,54719,54729,10
13.0234699249,80.2641067505,54729,54740,11
13.0228204727,80.2637634277,54740,54750,10
13.0225000381,80.2635879517,54750,54760,10
13.0220499039,80.2633895874,54760,54780,20
13.0220499039,80.2633895874,54780,54790,10
13.0217599869,80.2632064819,54790,54800,10
13.021109581,80.2630233765,54800,54810,10
13.0203399658,80.2630004883,54810,54820,10
13.0198698044,80.2629776001,54820,54830,10
13.0193595886,80.2629165649,54830,54840,10
13.0189599991,80.2627792358,54840,54851,11
13.0188398361,80.2620391846,54851,54861,10
13.0186700821,80.2613525391,54861,54871,10
13.017999649,80.260848999,54871,54881,10
13.0173301697,80.2603988647,54881,54891,10
13.016869545,80.2601089478,54891,54901,10
13.0162096024,80.2597427368,54901,54911,10
13.0159902573,80.2596435547,54911,54921,10
13.0158395767,80.2595825195,54921,54931,10
13.0153198242,80.2594223022,54931,54941,10
13.0146598816,80.2593231201,54941,54952,11
13.0139198303,80.2592926025,54952,54962,10
13.0130395889,80.2592391968,54962,54972,10
13.0119304657,80.2591934204,54972,54982,10
13.0108995438,80.2591705322,54982,54992,10
13.0100498199,80.2592391968,54992,55002,10
13.0091495514,80.2592086792,55002,55012,10
13.0086898804,80.2592010498,55012,55022,10
13.0082597733,80.2591934204,55022,55032,10
13.0076303482,80.2593994141,55032,55042,10
13.0072402954,80.2589263916,55042,55053,11
13.0071601868,80.2586975098,55053,55063,10
13.0071401596,80.2586135864,55063,55073,10
13.0069503784,80.2582626343,55073,55083,10
13.0066604614,80.2577514648,55083,55093,10
13.0064601898,80.2571029663,55093,55103,10
13.0064897537,80.2565612793,55103,55113,10
13.0065498352,80.2559280396,55113,55123,10
13.0065603256,80.2554016113,55123,55133,10
13.0065698624,80.2550964355,55133,55143,10
13.0065402985,80.2545700073,55143,55154,11
13.0065097809,80.2538375854,55154,55164,10
13.006529808,80.2534790039,55164,55204,40
13.006529808,80.2534790039,55204,55214,10
13.0065498352,80.2532424927,55214,55224,10
13.0065402985,80.2530288696,55224,55234,10
13.006529808,80.2529602051,55234,55244,10
13.0065202713,80.2527389526,55244,55255,11
13.0065698624,80.2521972656,55255,55335,80
13.0065698624,80.2521972656,55335,55345,10
13.0065498352,80.2518234253,55345,55356,11
13.0066795349,80.2510986328,55356,55366,10
13.0067300797,80.2503890991,55366,55376,10
13.0067396164,80.2495803833,55376,55386,10
13.0066900253,80.2488632202,55386,55396,10
13.0066204071,80.2480773926,55396,55446,50
13.0066204071,80.2480773926,55446,55456,10
13.0065898895,80.247833252,55456,55467,11
13.0066003799,80.2472763062,55467,55477,10
13.0065603256,80.2464599609,55477,55497,20
13.0065603256,80.2464599609,55497,55507,10
13.0065898895,80.2462387085,55507,55517,10
13.0065898895,80.2456970215,55517,55527,10
13.0065803528,80.2451171875,55527,55537,10
13.0065603256,80.2445831299,55537,55547,10
13.0066404343,80.2442169189,55547,55557,10
13.0066404343,80.2437286377,55557,55568,11
13.0066003799,80.2432098389,55568,55578,10
13.0065603256,80.24243927,55578,55588,10
13.0065603256,80.2417373657,55588,55598,10
13.0065698624,80.2415466309,55598,55608,10
13.0066299438,80.2410964966,55608,55618,10
13.0067100525,80.2406005859,55618,55628,10
13.0067195892,80.2404327393,55628,55638,10
13.0068101883,80.2400588989,55638,55648,10
13.0068998337,80.2394866943,55648,55658,10
13.0070104599,80.2388076782,55658,55669,11
13.0071201324,80.2381668091,55669,55679,10
13.0072202682,80.237739563,55679,55689,10
13.0073404312,80.2372589111,55689,55699,10
13.0073795319,80.2369918823,55699,55709,10
13.0073795319,80.2369766235,55709,55719,10
13.0074100494,80.236869812,55719,55729,10
13.0074901581,80.2364196777,55729,55739,10
13.007610321,80.2358169556,55739,55749,10
13.0077400208,80.2351379395,55749,55759,10
13.0078897476,80.2344207764,55759,55769,10
13.0080499649,80.2336502075,55769,55780,11
13.0082397461,80.2326126099,55780,55790,10
13.0084495544,80.2315979004,55790,55800,10
13.0086603165,80.2304916382,55800,55810,10
13.0088596344,80.2295227051,55810,55820,10
13.009059906,80.2285003662,55820,55830,10
13.0094003677,80.2276382446,55830,55840,10
13.0098199844,80.2266616821,55840,55850,10
13.010219574,80.2258300781,55850,55860,10
13.0104799271,80.2253189087,55860,55870,10
13.010720253,80.224822998,55870,55881,11
13.0110397339,80.2241592407,55881,55891,10
13.0112304688,80.2238006592,55891,55901,10
13.0113296509,80.2233428955,55901,55911,10
13.0115699768,80.2227478027,55911,55921,10
13.0117902756,80.2220535278,55921,55931,10
13.012169838,80.2215805054,55931,55941,10
13.0124197006,80.2217025757,55941,55951,10
13.0127696991,80.2220993042,55951,55961,10
13.0132198334,80.22265625,55961,55971,10
13.0137300491,80.2232437134,55971,55982,11
13.014169693,80.2237319946,55982,55992,10
13.0146598816,80.2242584229,55992,56002,10
13.0150403976,80.2246398926,56002,56012,10
13.0154104233,80.224899292,56012,56022,10
13.0154695511,80.2249679565,56022,56032,10
13.0155801773,80.2250366211,56032,56042,10
13.0160198212,80.2252807617,56042,56052,10
13.0167102814,80.2251586914,56052,56062,10
13.0175304413,80.2248382568,56062,56072,10
13.0183601379,80.2245178223,56072,56083,11
13.0192098618,80.2243118286,56083,56093,10
13.0194997787,80.2243728638,56093,56103,10
13.0197496414,80.2245407104,56103,56113,10
13.0202102661,80.2248764038,56113,56123,10
13.020819664,80.2253112793,56123,56133,10
13.0214004517,80.2257537842,56133,56143,10
13.0219602585,80.2261276245,56143,56153,10
13.0220603943,80.2262115479,56153,56163,10
13.0222702026,80.2264175415,56163,56173,10
13.0227403641,80.2268371582,56173,56184,11
13.0234003067,80.2274627686,56184,56194,10
13.0239896774,80.2280197144,56194,56204,10
13.0242900848,80.2283096313,56204,56214,10
13.0244703293,80.2285766602,56214,56224,10
13.0246095657,80.2287979126,56224,56234,10
13.0248699188,80.2291793823,56234,56244,10
13.0252799988,80.2296905518,56244,56254,10
13.0256795883,80.2303009033,56254,56264,10
13.0258903503,80.2306671143,56264,56274,10
13.0258903503,80.2306900024,56274,56284,10
13.0259599686,80.2310409546,56284,56295,11
13.0262002945,80.231262207,56295,56305,10
13.02684021,80.2311096191,56305,56315,10
13.0276498795,80.2309265137,56315,56325,10
13.0283002853,80.2308273315,56325,56335,10
13.0284404755,80.2308197021,56335,56345,10
13.0286502838,80.2308197021,56345,56355,10
13.0292301178,80.2307662964,56355,56385,30
13.0292301178,80.2307662964,56385,56396,11
13.0294504166,80.2307510376,56396,56406,10
13.0299301147,80.2307128906,56406,56416,10
13.0303297043,80.230682373,56416,56426,10
13.0306997299,80.2306594849,56426,56436,10
13.0311203003,80.2306213379,56436,56446,10
13.0318002701,80.2305603027,56446,56456,10
13.0324897766,80.230506897,56456,56466,10
13.0332098007,80.2304763794,56466,56476,10
13.0337400436,80.2304382324,56476,56486,10
13.0341396332,80.2304000854,56486,56497,11
13.0346698761,80.2302703857,56497,56577,80
13.0346698761,80.2302703857,56577,56587,10
13.0350198746,80.2301025391,56587,56598,11
13.0350399017,80.2298583984,56598,56608,10
13.0347204208,80.2298202515,56608,56709,101
13.0343399048,80.2297973633,56709,56981,272
13.0343399048,80.2297973633,56981,56991,10
13.0342102051,80.2301635742,56991,57840,849
13.0342102051,80.2301635742,57840,57850,10
13.0341596603,80.2305221558,57850,57860,10
13.0338497162,80.2305603027,57860,57870,10
13.0334796906,80.2305603027,57870,57880,10
13.0333404541,80.2305603027,57880,57890,10
13.0330696106,80.2305908203,57890,57900,10
13.0327100754,80.2306213379,57900,57910,10
13.0323696136,80.2306365967,57910,57920,10
13.031829834,80.2306900024,57920,57930,10
13.0311603546,80.2307434082,57930,57941,11
13.0306196213,80.2307662964,57941,57951,10
13.0301504135,80.2308197021,57951,57961,10
13.0297603607,80.2308578491,57961,57971,10
13.0297498703,80.2308578491,57971,57981,10
13.0294399261,80.2308807373,57981,57991,10
13.0288095474,80.2309265137,57991,58001,10
13.0280704498,80.2310180664,58001,58011,10
13.0276203156,80.2311096191,58011,58021,10
13.0276699066,80.2315368652,58021,58031,10
13.0277700424,80.2321166992,58031,58042,11
13.0278596878,80.2327880859,58042,58052,10
13.0273504257,80.2329177856,58052,58062,10
13.0269603729,80.2329864502,58062,58072,10
13.0268697739,80.2330093384,58072,58082,10
13.026599884,80.233039856,58082,58092,10
13.0263299942,80.2327728271,58092,58102,10
13.0261497498,80.2321777344,58102,58112,10
13.0260400772,80.2317428589,58112,58122,10
13.0259399414,80.231338501,58122,58132,10
13.0256900787,80.2306289673,58132,58142,10
13.0252199173,80.2298812866,58142,58153,11
13.024769783,80.2292861938,58153,58163,10
13.0243597031,80.2287521362,58163,58193,30
13.0243597031,80.2287521362,58193,58203,10
13.0243196487,80.2286834717,58203,58213,10
13.0239696503,80.2282867432,58213,58233,20
13.0239696503,80.2282867432,58233,58243,10
13.023900032,80.2282028198,58243,58254,11
13.023730278,80.2279968262,58254,58264,10
13.0234899521,80.2277603149,58264,58274,10
13.0230302811,80.2273406982,58274,58284,10
13.022480011,80.2267990112,58284,58294,10
13.0218496323,80.2262573242,58294,58304,10
13.0212202072,80.2257614136,58304,58314,10
13.0206298828,80.2253112793,58314,58324,10
13.0199203491,80.2248382568,58324,58334,10
13.0189399719,80.2245025635,58334,58344,10
13.017950058,80.2248382568,58344,58355,11
13.0169801712,80.2252426147,58355,58365,10
13.0164499283,80.2254562378,58365,58375,10
13.0160703659,80.2255935669,58375,58385,10
13.015540123,80.2257919312,58385,58395,10
13.015080452,80.226020813,58395,58405,10
13.0148801804,80.2260971069,58405,58415,10
13.014289856,80.2263031006,58415,58435,20
13.014289856,80.2263031006,58435,58445,10
13.0139799118,80.2264099121,58445,58456,11
13.0133104324,80.2266616821,58456,58466,10
13.0125999451,80.2269515991,58466,58476,10
13.0117998123,80.2272796631,58476,58486,10
13.0110702515,80.2275695801,58486,58496,10
13.0103397369,80.2278671265,58496,58506,10
13.0096597672,80.2281570435,58506,58516,10
13.0091695786,80.2286300659,58516,58526,10
13.0090198517,80.2294921875,58526,58536,10
13.0088396072,80.2304000854,58536,58546,10
13.0086803436,80.2312774658,58546,58557,11
13.0085000992,80.2322463989,58557,58567,10
13.0083599091,80.2329788208,58567,58577,10
13.0082702637,80.2335891724,58577,58597,20
13.0082702637,80.2335891724,58597,58607,10
13.0081501007,80.2339324951,58607,58617,10
13.0080604553,80.2344589233,58617,58627,10
13.0079803467,80.2348709106,58627,58637,10
13.0078897476,80.2352600098,58637,58647,10
13.007809639,80.2356719971,58647,58657,10
13.0076799393,80.2363815308,58657,58668,11
13.0075101852,80.2372589111,58668,58678,10
13.0073604584,80.2380371094,58678,58688,10
13.0072402954,80.2387313843,58688,58698,10
13.0070800781,80.2395629883,58698,58718,20
13.0070800781,80.2395629883,58718,58728,10
13.0070104599,80.2398223877,58728,58809,81
13.0070104599,80.2398223877,58809,58819,10
13.0069503784,80.240196228,58819,58829,10
13.0068998337,80.2404022217,58829,58839,10
13.0068702698,80.2406463623,58839,58849,10
13.0068302155,80.2410202026,58849,58859,10
13.0067796707,80.2417221069,58859,58870,11
13.006770134,80.2425537109,58870,58880,10
13.0067501068,80.2432022095,58880,58890,10
13.0067596436,80.243888855,58890,58900,10
13.0067596436,80.2446594238,58900,58910,10
13.0067596436,80.2453308105,58910,58920,10
13.006770134,80.2458572388,58920,58930,10
13.0067996979,80.2464599609,58930,58940,10
13.0067996979,80.2467193604,58940,58950,10
13.006819725,80.2471694946,58950,58960,10
13.0067796707,80.247833252,58960,58971,11
13.0068101883,80.2488021851,58971,58981,10
13.0068998337,80.2495880127,58981,58991,10
13.0068998337,80.2497024536,58991,59001,10
13.0068998337,80.2497406006,59001,59011,10
13.0068702698,80.2501373291,59011,59021,10
13.0068597794,80.2508087158,59021,59031,10
13.0068597794,80.2514801025,59031,59041,10
13.0066900253,80.2521362305,59041,59051,10
13.0066003799,80.2528762817,59051,59061,10
13.0066003799,80.2529983521,59061,59072,11
13.0065898895,80.2533416748,59072,59082,10
13.0066003799,80.2539978027,59082,59092,10
13.0066204071,80.2546691895,59092,59102,10
13.0066299438,80.2554931641,59102,59112,10
13.0066604614,80.2562866211,59112,59122,10
13.0066795349,80.256729126,59122,59152,30
13.0066795349,80.256729126,59152,59162,10
13.0066900253,80.2570495605,59162,59172,10
13.006770134,80.257598877,59172,59183,11
13.0070800781,80.2582778931,59183,59193,10
13.0075798035,80.2586364746,59193,59203,10
13.0077199936,80.2586975098,59203,59213,10
13.007900238,80.2587890625,59213,59223,10
13.0084104538,80.2589797974,59223,59233,10
13.0088396072,80.2590866089,59233,59243,10
13.0091199875,80.2590866089,59243,59253,10
13.0096502304,80.2590866089,59253,59263,10
13.0104703903,80.2591094971,59263,59273,10
13.0114898682,80.2591018677,59273,59284,11
13.0126800537,80.2591323853,59284,59294,10
13.0137796402,80.2591705322,59294,59304,10
13.014840126,80.2592086792,59304,59314,10
13.0157604218,80.2593383789,59314,59324,10
13.016289711,80.2595901489,59324,59334,10
13.0163698196,80.2596511841,59334,59344,10
13.016500473,80.2597732544,59344,59354,10
13.0168600082,80.2600326538,59354,59364,10
13.017370224,80.2603683472,59364,59374,10
13.0179004669,80.2607574463,59374,59385,11
13.0185098648,80.2611618042,59385,59395,10
13.0189695358,80.2615280151,59395,59405,10
13.0193796158,80.2618789673,59405,59415,10
13.019780159,80.2622909546,59415,59425,10
13.0202598572,80.2626800537,59425,59445,20
13.0202598572,80.2626800537,59445,59455,10
13.0205802917,80.262802124,59455,59465,10
13.0211200714,80.2629623413,59465,59475,10
13.0217504501,80.2632217407,59475,59486,11
13.022069931,80.263381958,59486,59496,10
13.0224895477,80.2635879517,59496,59506,10
13.0228796005,80.2638015747,59506,59516,10
13.0230703354,80.2639007568,59516,59526,10
13.0235300064,80.2641830444,59526,59536,10
13.0241603851,80.2645263672,59536,59546,10
13.0246896744,80.2649383545,59546,59556,10
13.0251302719,80.2652664185,59556,59566,10
13.0256204605,80.2656021118,59566,59576,10
13.0258398056,80.2657394409,59576,59587,11
13.02602005,80.2658462524,59587,59597,10
13.0263204575,80.2657623291,59597,59607,10
13.0263595581,80.2652587891,59607,59617,10
13.0263996124,80.2647171021,59617,59627,10
13.0264396667,80.2642822266,59627,59637,10
13.0264501572,80.2642364502,59637,59647,10
13.0264797211,80.2640304565,59647,59657,10
13.0265398026,80.263633728,59657,59667,10
13.0266103745,80.2634277344,59667,59677,10
13.0269298553,80.2634506226,59677,59688,11
13.0274295807,80.2635879517,59688,59698,10
13.0282802582,80.2638092041,59698,59718,20
13.0282802582,80.2638092041,59718,59728,10
13.0286502838,80.2638931274,59728,59738,10
13.0291996002,80.2640609741,59738,59748,10
13.0292901993,80.2643890381,59748,59758,10
13.0293102264,80.2646408081,59758,59768,10
13.0293102264,80.2648620605,59768,59778,10
13.0293102264,80.26512146,59778,59788,10
13.0293197632,80.2653427124,59788,59799,11
13.0293197632,80.2656173706,59799,59809,10
13.029299736,80.2658996582,59809,59829,20
13.029299736,80.2658996582,59829,59839,10
13.0292701721,80.2660522461,59839,59849,10
13.0292596817,80.2661437988,59849,59859,10
13.0292396545,80.266242981,59859,59869,10
13.0291996002,80.2664337158,59869,59879,10
13.0292797089,80.2665634155,59879,59889,10
13.0294904709,80.2666168213,59889,59900,11
13.0296602249,80.2666320801,59900,59910,10
13.02987957,80.2666702271,59910,59920,10
13.0302495956,80.266708374,59920,59930,10
13.0306797028,80.2667770386,59930,59940,10
13.031129837,80.2668991089,59940,59950,10
13.031709671,80.2671203613,59950,59960,10
13.0321798325,80.2673492432,59960,59970,10
13.0325202942,80.2675170898,59970,59980,10
13.0325403214,80.2675323486,59980,59990,10
13.0327301025,80.2677001953,59990,60021,31
13.0327301025,80.2677001953,60021,60031,10
13.0330400467,80.2678070068,60031,60041,10
13.0333003998,80.2678527832,60041,60051,10
13.0337095261,80.2679290771,60051,60081,30
13.0337095261,80.2679290771,60081,60091,10
13.033780098,80.2679519653,60091,60102,11
13.034239769,80.2680435181,60102,60112,10
13.0345602036,80.2680282593,60112,60142,30
13.0345602036,80.2680282593,60142,60152,10
13.0345897675,80.2682266235,60152,60162,10
13.0344896317,80.2682189941,60162,60172,10
13.0343799591,80.268119812,60172,60182,10
13.0340499878,80.2680435181,60182,60192,10
13.033780098,80.2679595947,60192,60203,11
13.0337095261,80.2679519653,60203,60213,10
13.0333299637,80.2678604126,60213,60243,30
13.0333299637,80.2678604126,60243,60253,10
13.0331602097,80.2677993774,60253,60263,10
13.032699585,80.2676696777,60263,60273,10
13.0324497223,80.2674636841,60273,60283,10
13.031999588,80.2671966553,60283,60293,10
13.0312795639,80.2669219971,60293,60354,61
13.0312795639,80.2669219971,60354,60364,10
13.0309000015,80.2668075562,60364,60374,10
13.0306997299,80.2667694092,60374,60384,10
13.0303297043,80.2667236328,60384,60394,10
13.0302600861,80.2667007446,60394,60405,11
13.0301599503,80.2667007446,60405,60415,10
13.02987957,80.2666625977,60415,60455,40
13.02987957,80.2666625977,60455,60465,10
13.029709816,80.2666091919,60465,60475,10
13.0292797089,80.2665481567,60475,60485,10
13.0288200378,80.2663574219,60485,60495,10
13.0281200409,80.266242981,60495,60505,10
13.0273799896,80.2661437988,60505,60516,11
13.026599884,80.2660369873,60516,60526,10
13.0259504318,80.2658004761,60526,60536,10
13.0252399445,80.2653427124,60536,60556,20
13.0252399445,80.2653427124,60556,60566,10
13.0250396729,80.2651824951,60566,60576,10
13.0246400833,80.2649002075,60576,60586,10
13.0240497589,80.2644805908,60586,60596,10
13.0234498978,80.2641525269,60596,60606,10
13.0229701996,80.2638778687,60606,60617,11
13.0220899582,80.2634277344,60617,60637,20
13.0220899582,80.2634277344,60637,60647,10
13.0220298767,80.2633895874,60647,60657,10
13.0217695236,80.2632522583,60657,60667,10
13.0211496353,80.2630691528,60667,60677,10
13.0203895569,80.2630233765,60677,60686,9
13.0199403763,80.2630004883,60686,60697,11
13.0193004608,80.2629394531,60697,60707,10
13.0189304352,80.2628326416,60707,60718,11
13.0187997818,80.26222229,60718,60728,10
13.018699646,80.2615585327,60728,60738,10
13.0183296204,80.2611083984,60738,60748,10
13.0178203583,80.2607574463,60748,60758,10
13.0171804428,80.2603378296,60758,60768,10
13.0165395737,80.2599411011,60768,60778,10
13.0160799026,80.2596969604,60778,60788,10
13.0160703659,80.2596969604,60788,60798,10
13.0159397125,80.2596435547,60798,60808,10
13.0154600143,80.2594680786,60808,60819,11
13.0146999359,80.2593231201,60819,60829,10
13.0139198303,80.2593002319,60829,60839,10
13.0129299164,80.2592468262,60839,60849,10
13.011879921,80.2592010498,60849,60859,10
13.0109395981,80.2591934204,60859,60869,10
13.0100803375,80.2592391968,60869,60879,10
13.0098600388,80.259262085,60879,60889,10
13.0096302032,80.2592391968,60889,60899,10
13.0091199875,80.2592163086,60899,60909,10
13.0087499619,80.2592010498,60909,60919,10
13.0083799362,80.2591781616,60919,60930,11
13.0076799393,80.2593383789,60930,60940,10
13.0071697235,80.2587203979,60940,60970,30
13.0071697235,80.2587203979,60970,60980,10
13.0069999695,80.2584228516,60980,60990,10
13.0068101883,80.258102417,60990,61000,10
13.0065402985,80.2576599121,61000,61121,121
13.0065402985,80.2576599121,61121,61132,11
13.0064897537,80.2574768066,61132,61142,10
13.0064697266,80.2570037842,61142,61152,10
13.006480217,80.2563781738,61152,61162,10
13.0065002441,80.2556533813,61162,61172,10
13.0065202713,80.2549209595,61172,61182,10
13.0065002441,80.2543029785,61182,61192,10
13.0065202713,80.2538986206,61192,61202,10
13.0064897537,80.2531814575,61202,61222,20
13.0064897537,80.2531814575,61222,61233,11
13.0065002441,80.252822876,61233,61243,10
13.0065498352,80.2522506714,61243,61253,10
13.0066900253,80.2515335083,61253,61263,10
13.0067501068,80.2506484985,61263,61273,10
13.0067195892,80.2497787476,61273,61283,10
13.0067100525,80.2495574951,61283,61293,10
13.0067100525,80.2492980957,61293,61303,10
13.0066795349,80.2487792969,61303,61313,10
13.0066299438,80.2481765747,61313,61344,31
13.0066299438,80.2481765747,61344,61354,10
13.0066003799,80.2479705811,61354,61364,10
13.0065803528,80.2476272583,61364,61374,10
13.0066099167,80.2471618652,61374,61384,10
13.0065498352,80.2467803955,61384,61404,20
13.0065498352,80.2467803955,61404,61414,10
13.0065803528,80.2465362549,61414,61424,10
13.0066204071,80.2459564209,61424,61435,11
13.0066204071,80.245300293,61435,61445,10
13.0066099167,80.2449417114,61445,61455,10
13.0065898895,80.2446289063,61455,61465,10
13.0066003799,80.244178772,61465,61475,10
13.0065698624,80.243637085,61475,61485,10
13.006529808,80.2430725098,61485,61495,10
13.0065202713,80.2423477173,61495,61505,10
13.0065202713,80.2416763306,61505,61515,10
13.006529808,80.241607666,61515,61525,10
13.0065402985,80.2414779663,61525,61536,11
13.0065898895,80.2409973145,61536,61546,10
13.0066604614,80.2406082153,61546,61596,50
13.0066604614,80.2406082153,61596,61606,10
13.0067501068,80.2400436401,61606,61616,10
13.0068798065,80.2394638062,61616,61626,10
13.007060051,80.2386169434,61626,61636,10
13.0072202682,80.2378234863,61636,61647,11
13.0073699951,80.2371520996,61647,61657,10
13.0073900223,80.236831665,61657,61677,20
13.0073900223,80.236831665,61677,61687,10
13.0074195862,80.2367019653,61687,61697,10
13.0075502396,80.2362823486,61697,61707,10
13.0076599121,80.2356719971,61707,61717,10
13.0078001022,80.2349777222,61717,61727,10
13.0079498291,80.2342224121,61727,61737,10
13.0081195831,80.2333831787,61737,61748,11
13.0082998276,80.2323989868,61748,61758,10
13.0084600449,80.231552124,61758,61768,10
13.0086297989,80.2306594849,61768,61778,10
13.0087995529,80.2298583984,61778,61788,10
13.0089502335,80.2291488647,61788,61798,10
13.0091495514,80.2282562256,61798,61808,10
13.0095396042,80.2273483276,61808,61818,10
13.0099496841,80.2264404297,61818,61828,10
13.0103397369,80.2257003784,61828,61838,10
13.0105600357,80.2252807617,61838,61849,11
13.0105800629,80.2252197266,61849,61859,10
13.0107097626,80.224937439,61859,61869,10
13.0109300613,80.2244110107,61869,61879,10
13.0111904144,80.2237930298,61879,61889,10
13.0114202499,80.2232208252,61889,61899,10
13.0116996765,80.2225265503,61899,61909,10
13.0119695663,80.2218399048,61909,61919,10
13.0122804642,80.221496582,61919,61929,10
13.0124797821,80.2217102051,61929,61939,10
13.0128498077,80.2221908569,61939,61950,11
13.0134401321,80.2228622437,61950,61960,10
13.0139799118,80.2234802246,61960,61970,10
13.0145101547,80.2240982056,61970,61980,10
13.0148296356,80.2244186401,61980,61990,10
13.014960289,80.2245483398,61990,62000,10
13.0152597427,80.224822998,62000,62010,10
13.0155897141,80.2250595093,62010,62030,20
13.0155897141,80.2250595093,62030,62040,10
13.0158901215,80.2253189087,62040,62051,11
13.0165300369,80.2253570557,62051,62061,10
13.0172595978,80.2250900269,62061,62071,10
13.018119812,80.2247390747,62071,62081,10
13.0188903809,80.2244415283,62081,62090,9
13.0193300247,80.2244033813,62090,62101,11
13.0196199417,80.2245178223,62101,62111,10
13.0198497772,80.224647522,62111,62121,10
13.0202598572,80.2249298096,62121,62131,10
13.0207395554,80.2252731323,62131,62141,10
13.0212202072,80.2256469727,62141,62152,11
13.0219497681,80.2261505127,62152,62172,20
13.0219497681,80.2261505127,62172,62182,10
13.0219802856,80.2261810303,62182,62192,10
13.0222597122,80.2264404297,62192,62202,10
13.0227499008,80.2268829346,62202,62212,10
13.0233201981,80.2274169922,62212,62222,10
13.0238199234,80.2278671265,62222,62232,10
13.0242300034,80.2283172607,62232,62242,10
13.0245304108,80.2286911011,62242,62252,10
13.0247497559,80.2289962769,62252,62263,11
13.0250597,80.2294387817,62263,62273,10
13.0254402161,80.2299194336,62273,62283,10
13.0257101059,80.2303390503,62283,62293,10
13.0257797241,80.2304611206,62293,62303,10
13.0258398056,80.2305908203,62303,62313,10
13.0259304047,80.2308197021,62313,62323,10
13.02602005,80.2311019897,62323,62333,10
13.0262002945,80.2313995361,62333,62343,10
13.0267295837,80.2312469482,62343,62354,11
13.0275602341,80.2310333252,62354,62364,10
13.0285100937,80.2309112549,62364,62384,20
13.0285100937,80.2309112549,62384,62394,10
13.0288095474,80.2308883667,62394,62404,10
13.0290603638,80.2308578491,62404,62414,10
13.0294103622,80.2308425903,62414,62424,10
13.0300102234,80.2307815552,62424,62485,61
13.0300102234,80.2307815552,62485,62495,10
13.0303297043,80.230758667,62495,62505,10
13.0305995941,80.2307510376,62505,62515,10
13.0310201645,80.2307128906,62515,62525,10
13.0313997269,80.2306594849,62525,62535,10
13.0319595337,80.2306289673,62535,62545,10
13.0327596664,80.2305603027,62545,62586,41
13.0327596664,80.2305603027,62586,62596,10
13.0329399109,80.2305526733,62596,62606,10
13.0333204269,80.2305221558,62606,62616,10
13.0336103439,80.2304992676,62616,62646,30
13.0339002609,80.2304992676,62646,62667,21
13.0339002609,80.2304992676,62667,62677,10
13.0339803696,80.2304992676,62677,62687,10
13.0341596603,80.2304916382,62687,62697,10
13.0344200134,80.2304534912,62697,62707,10
13.0347204208,80.2303314209,62707,62747,40
13.0347204208,80.2303314209,62747,62757,10
13.0349397659,80.2302017212,62757,62768,11
13.0350198746,80.230140686,62768,62778,10
13.0350999832,80.2299804688,62778,62788,10
13.0350399017,80.2298278809,62788,62798,10
13.0347900391,80.2297973633,62798,62808,10
13.0343799591,80.2297210693,62808,62869,61
13.0341796875,80.2298431396,62869,63081,212
13.0342798233,80.2301864624,63081,63130,49
13.0341997147,80.2303924561,63130,63232,102
13.0341997147,80.2303924561,63232,63242,10
13.0340900421,80.2305984497,63242,63252,10
13.033659935,80.2305831909,63252,63262,10
13.0329799652,80.2306137085,63262,63272,10
13.0319700241,80.2306976318,63272,63303,31
13.0319700241,80.2306976318,63303,63313,10
13.0316295624,80.230682373,63313,63323,10
13.031080246,80.23072052,63323,63333,10
13.0307798386,80.2307434082,63333,63343,10
13.0303497314,80.2307662964,63343,63353,10
13.0298404694,80.2308197021,63353,63363,10
13.0297698975,80.2308425903,63363,63373,10
13.0293998718,80.2308578491,63373,63384,11
13.0286502838,80.2309188843,63384,63394,10
13.0279502869,80.2309799194,63394,63404,10
13.0277099609,80.2312316895,63404,63414,10
13.0277500153,80.2317581177,63414,63424,10
13.0278701782,80.232460022,63424,63434,10
13.0277004242,80.2328567505,63434,63444,10
13.0269498825,80.2329711914,63444,63505,61
13.0269498825,80.2329711914,63505,63515,10
13.0266399384,80.232963562,63515,63525,10
13.0263595581,80.2328414917,63525,63535,10
13.0262298584,80.2324829102,63535,63545,10
13.0261497498,80.2321624756,63545,63555,10
13.0260400772,80.2317810059,63555,63565,10
13.0259504318,80.2313690186,63565,63575,10
13.0257196426,80.2306671143,63575,63586,11
13.0252304077,80.2298583984,63586,63596,10
13.0249099731,80.2294464111,63596,63606,10
13.0248804092,80.2294006348,63606,63616,10
13.0248003006,80.2293014526,63616,63626,10
13.0246200562,80.2290725708,63626,63636,10
13.0243301392,80.2286605835,63636,63646,10
13.0239601135,80.2282562256,63646,63656,10
13.0239200592,80.2282104492,63656,63666,10
13.0238599777,80.2281265259,63666,63676,10
13.0235395432,80.2277984619,63676,63686,10
13.0230798721,80.2273712158,63686,63697,11
13.0226202011,80.2269363403,63697,63707,10
13.0221595764,80.2265319824,63707,63717,10
13.0215902328,80.2260665894,63717,63727,10
13.0209598541,80.2255706787,63727,63737,10
13.0203399658,80.2251586914,63737,63747,10
13.0200099945,80.2249679565,63747,63757,10
13.019949913,80.2249298096,63757,63767,10
13.0196504593,80.2247085571,63767,63777,10
13.0190496445,80.2245407104,63777,63787,10
13.0183897018,80.2246780396,63787,63798,11
13.0176401138,80.2249984741,63798,63808,10
13.0169801712,80.2252731323,63808,63818,10
13.0165100098,80.225479126,63818,63828,10
13.0162601471,80.2255783081,63828,63838,10
13.0157499313,80.2257614136,63838,63848,10
13.015130043,80.2260131836,63848,63858,10
13.014380455,80.2263031006,63858,63878,20
13.014380455,80.2263031006,63878,63888,10
13.0142202377,80.226348877,63888,63899,11
13.013879776,80.2264633179,63899,63909,10
13.0133199692,80.2266998291,63909,63919,10
13.012550354,80.2269973755,63919,63929,10
13.0117101669,80.2273406982,63929,63939,10
13.0107898712,80.2276992798,63939,63949,10
13.009929657,80.2280578613,63949,63959,10
13.0092401505,80.2284927368,63959,63969,10
13.0090198517,80.2294082642,63969,63979,10
13.0088396072,80.2303466797,63979,63989,10
13.0086698532,80.2311935425,63989,64000,11
13.0084600449,80.232208252,64000,64010,10
13.0082702637,80.2334365845,64010,64040,30
13.0082702637,80.2334365845,64040,64050,10
13.0082302094,80.2334976196,64050,64060,10
13.0081501007,80.2338485718,64060,64070,10
13.0080404282,80.234413147,64070,64080,10
13.0079698563,80.2348175049,64080,64090,10
13.0078601837,80.2353363037,64090,64101,11
13.0077104568,80.2360610962,64101,64111,10
13.0075798035,80.2367324829,64111,64121,10
13.0074396133,80.2373962402,64121,64131,10
13.0073204041,80.2380828857,64131,64141,10
13.0072002411,80.2386932373,64141,64151,10
13.0071201324,80.2391204834,64151,64161,10
13.007109642,80.2391586304,64161,64171,10
13.0070695877,80.2394180298,64171,64181,10
13.0069599152,80.2400131226,64181,64191,10
13.0068798065,80.2407226563,64191,64201,10
13.0068702698,80.2407989502,64201,64212,11
13.0068101883,80.2411193848,64212,64222,10
13.0067596436,80.2417831421,64222,64232,10
13.0067396164,80.2426605225,64232,64242,10
13.0067195892,80.2434692383,64242,64252,10
13.0067195892,80.2442932129,64252,64262,10
13.0067300797,80.2450408936,64262,64272,10
13.0067300797,80.2455978394,64272,64282,10
13.0067396164,80.2462005615,64282,64292,10
13.0067501068,80.2465667725,64292,64303,11
13.006770134,80.2469787598,64303,64313,10
13.006770134,80.2473373413,64313,64323,10
13.0067396164,80.2479782104,64323,64333,10
13.006770134,80.2487411499,64333,64343,10
13.0068702698,80.2493591309,64343,64353,10
13.0068702698,80.249458313,64353,64363,10
13.0068702698,80.2495269775,64363,64373,10
13.0068502426,80.2500305176,64373,64383,10
13.0068397522,80.2506866455,64383,64393,10
13.0068101883,80.2513580322,64393,64404,11
13.0066404343,80.2521820068,64404,64414,10
13.0065698624,80.2529373169,64414,64424,10
13.0065698624,80.2537765503,64424,64434,10
13.0066003799,80.2545623779,64434,64444,10
13.0066003799,80.2550430298,64444,64454,10
13.0066299438,80.2557830811,64454,64464,10
13.0066299438,80.256439209,64464,64474,10
13.0066299438,80.2567596436,64474,64484,10
13.0066795349,80.2572402954,64484,64494,10
13.0068702698,80.2578582764,64494,64504,10
13.0077600479,80.2587203979,64504,64525,21
13.0077600479,80.2587203979,64525,64535,10
13.0080900192,80.2588882446,64535,64545,10
13.0086803436,80.2591018677,64545,64555,10
13.0091400146,80.2591323853,64555,64565,10
13.0097904205,80.2591171265,64565,64575,10
13.0106801987,80.2591400146,64575,64585,10
13.0117197037,80.2591171265,64585,64595,10
13.012840271,80.2591629028,64595,64605,10
13.0139703751,80.2592010498,64605,64616,11
13.0151500702,80.2592391968,64616,64626,10
13.01583004,80.2593994141,64626,64636,10
13.0161104202,80.2595214844,64636,64646,10
13.0161600113,80.2595367432,64646,64656,10
13.0163297653,80.2596664429,64656,64666,10
13.0165596008,80.2598419189,64666,64676,10
13.0166797638,80.2599487305,64676,64686,10
13.0169200897,80.2601089478,64686,64696,10
13.0169897079,80.2601470947,64696,64706,10
13.017370224,80.2603988647,64706,64717,11
13.0179796219,80.2608184814,64717,64727,10
13.0185499191,80.2612075806,64727,64737,10
13.0188703537,80.2614822388,64737,64747,10
13.0192604065,80.2618103027,64747,64757,10
13.0196399689,80.2621765137,64757,64767,10
13.0200796127,80.2626037598,64767,64777,10
13.0201997757,80.2626800537,64777,64787,10
13.0202999115,80.2627410889,64787,64797,10
13.0207901001,80.2629165649,64797,64807,10
13.0214099884,80.2631225586,64807,64818,11
13.0220003128,80.2633895874,64818,64828,10
13.0222997665,80.2635421753,64828,64838,10
13.0223999023,80.2635879517,64838,64848,10
13.0227403641,80.2637634277,64848,64858,10
13.0230903625,80.2639465332,64858,64868,10
13.0232095718,80.2640380859,64868,64878,10
13.023639679,80.2642974854,64878,64888,10
13.0242996216,80.2647018433,64888,64898,10
13.0247402191,80.2650299072,64898,64908,10
13.025179863,80.2653579712,64908,64919,11
13.0255699158,80.2656173706,64919,64929,10
13.0257396698,80.2657165527,64929,64939,10
13.0259504318,80.265838623,64939,64949,10
13.0262498856,80.265953064,64949,64959,10
13.0263395309,80.2655792236,64959,64969,10
13.0263795853,80.265007019,64969,64979,10
13.0264196396,80.2645263672,64979,64989,10
13.0264196396,80.2644424438,64989,64999,10
13.0264396667,80.2643585205,64999,65009,10
13.0265102386,80.2640304565,65009,65020,11
13.026599884,80.2634735107,65020,65030,10
13.0271100998,80.2635726929,65030,65040,10
13.0276403427,80.2637023926,65040,65050,10
13.0282096863,80.2638397217,65050,65060,10
13.028380394,80.2638778687,65060,65070,10
13.0288496017,80.263999939,65070,65080,10
13.0293397903,80.2641983032,65080,65090,10
13.0293397903,80.2645797729,65090,65100,10
13.0293302536,80.2651367188,65100,65110,10
13.0293197632,80.2657089233,65110,65121,11
13.0292797089,80.2660598755,65121,65131,10
13.0292100906,80.2665023804,65131,65151,20
13.0292100906,80.2665023804,65151,65161,10
13.0294799805,80.2666168213,65161,65171,10
13.0299100876,80.2666931152,65171,65181,10
13.0304098129,80.2667694092,65181,65191,10
13.0311002731,80.2668991089,65191,65201,10
13.0317201614,80.2671279907,65201,65211,10
13.032119751,80.2673187256,65211,65221,10
13.0322504044,80.2673797607,65221,65232,11
13.0323600769,80.2674407959,65232,65242,10
13.0325403214,80.2675628662,65242,65252,10
13.0326795578,80.2677001953,65252,65262,10
13.0327997208,80.2677764893,65262,65272,10
13.033080101,80.267829895,65272,65282,10
13.0334100723,80.2678909302,65282,65302,20
13.0334100723,80.2678909302,65302,65312,10
13.0335197449,80.2678985596,65312,65323,11
13.033829689,80.2679672241,65323,65333,10
13.0341701508,80.2680282593,65333,65343,10
13.0344696045,80.2680511475,65343,65353,10
13.0345401764,80.2680587769,65353,65363,10
13.0346002579,80.2681808472,65363,65373,10
13.0345401764,80.2682418823,65373,65383,10
13.0344200134,80.2681274414,65383,65393,10
13.034239769,80.2680892944,65393,65403,10
13.0339603424,80.2680206299,65403,65454,51
13.0339603424,80.2680206299,65454,65464,10
13.0333299637,80.2679214478,65464,65908,444
13.033249855,80.2677307129,65908,66029,121
13.033249855,80.2677307129,66029,66040,11
13.0330095291,80.2677612305,66040,66050,10
13.0326700211,80.2677001953,66050,66070,20
13.0326700211,80.2677001953,66070,66080,10
13.0320701599,80.2673797607,66080,66090,10
13.0315599442,80.2671279907,66090,66100,10
13.0309095383,80.2668991089,66100,66110,10
13.0304803848,80.2668228149,66110,66120,10
13.0302400589,80.2667694092,66120,66130,10
13.0298204422,80.2667236328,66130,66161,31
13.0298204422,80.2667236328,66161,66171,10
13.0293598175,80.2666091919,66171,66181,10
13.0290699005,80.2664489746,66181,66191,10
13.0286502838,80.2663726807,66191,66201,10
13.0282897949,80.2662963867,66201,66211,10
13.0278100967,80.2662506104,66211,66221,10
13.0271596909,80.2661819458,66221,66231,10
13.0266704559,80.2660827637,66231,66242,11
13.0265197754,80.2660598755,66242,66252,10
13.0261898041,80.2659835815,66252,66262,10
13.0259504318,80.2658462524,66262,66272,10
13.025639534,80.2656402588,66272,66282,10
13.025349617,80.2654800415,66282,66292,10
13.0252895355,80.2654418945,66292,66302,10
13.0250997543,80.2652816772,66302,66312,10
13.0246896744,80.265007019,66312,66322,10
13.0242395401,80.2646484375,66322,66332,10
13.0236701965,80.2643508911,66332,66343,11
13.0230903625,80.2640075684,66343,66353,10
13.0222101212,80.2635192871,66353,66373,20
13.0222101212,80.2635192871,66373,66383,10
13.0219202042,80.2633666992,66383,66393,10
13.0214700699,80.2631607056,66393,66403,10
13.0207300186,80.2630615234,66403,66413,10
13.0201396942,80.2630615234,66413,66423,10
13.0196304321,80.2630233765,66423,66433,10
13.0191402435,80.2629699707,66433,66444,11
13.0188999176,80.2625579834,66444,66454,10
13.0187997818,80.2618637085,66454,66464,10
13.0187196732,80.2614593506,66464,66474,10
13.0185804367,80.2612915039,66474,66484,10
13.0183897018,80.2611999512,66484,66494,10
13.0180597305,80.2610015869,66494,66504,10
13.0177202225,80.2607727051,66504,66514,10
13.017250061,80.2604598999,66514,66524,10
13.0167798996,80.2601394653,66524,66534,10
13.0162601471,80.2598419189,66534,66544,10
13.015999794,80.259727478,66544,66555,11
13.015999794,80.2597198486,66555,66565,10
13.015879631,80.2596664429,66565,66575,10
13.01541996,80.2594985962,66575,66585,10
13.0147399902,80.2593765259,66585,66595,10
13.0139904022,80.2593383789,66595,66605,10
13.0131597519,80.2593078613,66605,66615,10
13.012260437,80.2592697144,66615,66625,10
13.0114603043,80.2592391968,66625,66635,10
13.010720253,80.2592468262,66635,66645,10
13.0100002289,80.2593078613,66645,66656,11
13.0098199844,80.2593002319,66656,66666,10
13.0094804764,80.2592697144,66666,66676,10
13.0089797974,80.2592391968,66676,66686,10
13.0087003708,80.2592391968,66686,66696,10
13.0082397461,80.2592391968,66696,66706,10
13.0078401566,80.2593383789,66706,66716,10
13.0074100494,80.2592926025,66716,66726,10
13.0072603226,80.2589874268,66726,66736,10
13.0072097778,80.2588806152,66736,66746,10
13.0071201324,80.2586593628,66746,66757,11
13.0068397522,80.2581863403,66757,66767,10
13.0066795349,80.2578735352,66767,66777,10
13.0066003799,80.2577133179,66777,66787,10
13.0065002441,80.2571792603,66787,66797,10
13.0064601898,80.2566680908,66797,66807,10
13.0065002441,80.2560806274,66807,66817,10
13.0064897537,80.2554397583,66817,66827,10
13.0065097809,80.2550888062,66827,66837,10
13.0065002441,80.2546081543,66837,66847,10
13.0065002441,80.2539901733,66847,66858,11
13.0064897537,80.2532272339,66858,66878,20
13.0064897537,80.2532272339,66878,66888,10
13.0064697266,80.2528076172,66888,66948,60
13.0064697266,80.2528076172,66948,66959,11
13.006480217,80.252571106,66959,66969,10
13.006529808,80.2522888184,66969,66979,10
13.0066404343,80.2517166138,66979,66989,10
13.0067300797,80.251083374,66989,66999,10
13.0067195892,80.2502593994,66999,67009,10
13.0067300797,80.249671936,67009,67019,10
13.0067300797,80.2495193481,67019,67029,10
13.0066900253,80.2489929199,67029,67039,10
13.0066604614,80.2485809326,67039,67049,10
13.0066099167,80.2478713989,67049,67241,192
13.0066099167,80.2478713989,67241,67251,10
13.0067796707,80.247543335,67251,67292,41
13.0067796707,80.247543335,67292,67302,10
13.0067195892,80.2473373413,67302,67312,10
13.0066900253,80.2469024658,67312,67322,10
13.0066099167,80.2465591431,67322,67332,10
13.0066099167,80.2465286255,67332,67342,10
13.0066099167,80.2464370728,67342,67352,10
13.0066299438,80.2460784912,67352,67363,11
13.0066299438,80.2455215454,67363,67373,10
13.0066299438,80.2450332642,67373,67383,10
13.0066099167,80.2444992065,67383,67393,10
13.0065898895,80.2440719604,67393,67403,10
13.0065698624,80.2436599731,67403,67413,10
13.0065402985,80.2430877686,67413,67423,10
13.006529808,80.2423477173,67423,67433,10
13.006529808,80.2416381836,67433,67443,10
13.0065603256,80.2410507202,67443,67453,10
13.0066299438,80.2407073975,67453,67514,61
13.0066299438,80.2407073975,67514,67524,10
13.0067195892,80.2402420044,67524,67534,10
13.0067996979,80.2396774292,67534,67544,10
13.0069503784,80.2388916016,67544,67554,10
13.0071001053,80.2381896973,67554,67564,10
13.0072603226,80.2375183105,67564,67575,11
13.0073204041,80.2370223999,67575,67585,10
13.0074195862,80.2366333008,67585,67665,80
13.0074195862,80.2366333008,67665,67676,11
13.007519722,80.2364196777,67676,67686,10
13.007610321,80.2359008789,67686,67696,10
13.0077400208,80.2352523804,67696,67706,10
13.0078601837,80.2345733643,67706,67716,10
13.0080404282,80.2336425781,67716,67726,10
13.0081996918,80.232749939,67726,67736,10
13.0083799362,80.2318191528,67736,67746,10
13.0085401535,80.2309494019,67746,67756,10
13.0087203979,80.2300491333,67756,67766,10
13.0089101791,80.2291183472,67766,67777,11
13.0091495514,80.2281570435,67777,67787,10
13.0095701218,80.2272415161,67787,67797,10
13.0099496841,80.2264099121,67797,67807,10
13.0103197098,80.2257232666,67807,67817,10
13.0106296539,80.2250900269,67817,67827,10
13.010890007,80.2244567871,67827,67837,10
13.011179924,80.2237472534,67837,67847,10
13.0114603043,80.2230377197,67847,67857,10
13.0116996765,80.2221603394,67857,67867,10
13.0120897293,80.2214889526,67867,67878,11
13.0123596191,80.2216491699,67878,67888,10
13.0127096176,80.2220993042,67888,67898,10
13.0130901337,80.2225570679,67898,67908,10
13.0135402679,80.2230834961,67908,67918,10
13.0139198303,80.2234802246,67918,67928,10
13.0142402649,80.2238998413,67928,67938,10
13.0146999359,80.2243881226,67938,67948,10
13.0150203705,80.2246932983,67948,67958,10
13.0150403976,80.2247161865,67958,67968,10
13.0151100159,80.2247695923,67968,67979,11
13.0153198242,80.2249603271,67979,67989,10
13.0155696869,80.2251281738,67989,67999,10
13.0155801773,80.2251434326,67999,68009,10
13.0156097412,80.2251663208,68009,68019,10
13.0159196854,80.2253875732,68019,68029,10
13.016579628,80.2253875732,68029,68039,10
13.0173397064,80.2250900269,68039,68049,10
13.0181398392,80.2247390747,68049,68059,10
13.0188703537,80.2244720459,68059,68069,10
13.0193004608,80.2244262695,68069,68080,11
13.0195598602,80.2245178223,68080,68090,10
13.019900322,80.2247390747,68090,68100,10
13.0203800201,80.2250976563,68100,68110,10
13.0207996368,80.2253875732,68110,68120,10
13.0210800171,80.2256164551,68120,68130,10
13.0215196609,80.2259674072,68130,68140,10
13.0220003128,80.2263031006,68140,68160,20
13.0220003128,80.2263031006,68160,68170,10
13.0222396851,80.2265167236,68170,68181,11
13.0227203369,80.2269515991,68181,68191,10
13.0232200623,80.2274093628,68191,68201,10
13.0236501694,80.2277984619,68201,68211,10
13.0241003036,80.2282180786,68211,68221,10
13.0243301392,80.228477478,68221,68251,30
13.0243301392,80.228477478,68251,68261,10
13.0244703293,80.2286834717,68261,68271,10
13.0246295929,80.2289276123,68271,68282,11
13.0248003006,80.2291793823,68282,68292,10
13.0249595642,80.2294006348,68292,68302,10
13.0252399445,80.2297515869,68302,68312,10
13.0254802704,80.2300567627,68312,68322,10
13.0256595612,80.2303237915,68322,68332,10
13.0258197784,80.2306518555,68332,68342,10
13.0258998871,80.2308578491,68342,68352,10
13.025970459,80.2310791016,68352,68362,10
13.0260400772,80.2313537598,68362,68372,10
13.0263996124,80.2313613892,68372,68382,10
13.0270700455,80.2312011719,68382,68393,11
13.0277099609,80.231048584,68393,68403,10
13.0277500153,80.2310409546,68403,68413,10
13.0278701782,80.2310180664,68413,68423,10
13.0280399323,80.2310028076,68423,68463,40
13.0282297134,80.2309799194,68463,68534,71
13.0282297134,80.2309799194,68534,68544,10
13.0285797119,80.2309494019,68544,68554,10
13.0288801193,80.2309417725,68554,68645,91
13.0288801193,80.2309417725,68645,68655,10
13.0290498734,80.2309265137,68655,68665,10
13.0293598175,80.2309036255,68665,68675,10
13.0297603607,80.2308578491,68675,68685,10
13.0299596786,80.2308425903,68685,68696,11
13.0300998688,80.2308273315,68696,68706,10
13.030380249,80.230796814,68706,68716,10
13.0306100845,80.230796814,68716,68726,10
13.0310497284,80.230758667,68726,68736,10
13.0315799713,80.2307128906,68736,68746,10
13.0320196152,80.2306671143,68746,68756,10
13.0324201584,80.2306289673,68756,68766,10
13.0329303741,80.2305984497,68766,68776,10
13.0334501266,80.2305603027,68776,68786,10
13.0339698792,80.2305221558,68786,68877,91
13.0339698792,80.2305221558,68877,68887,10
13.0342903137,80.230506897,68887,68898,11
13.0346097946,80.2304077148,68898,68908,10
13.0348501205,80.2303237915,68908,68918,10
13.0349197388,80.2301864624,68918,68928,10
13.0347900391,80.2301025391,68928,68938,10
13.0346403122,80.230140686,68938,68948,10
13.0343999863,80.2301635742,68948,69635,687
13.0343999863,80.2301635742,69635,69645,10
13.0340595245,80.2304992676,69645,69665,20
13.0340595245,80.2304992676,69665,69675,10
13.0335197449,80.2305603027,69675,69695,20
13.0335197449,80.2305603027,69695,69705,10
13.0334796906,80.2305526733,69705,69716,11
13.0330600739,80.2305984497,69716,69726,10
13.0325603485,80.2306518555,69726,69736,10
13.0320396423,80.2307128906,69736,69746,10
13.0317602158,80.2307434082,69746,69756,10
13.0314903259,80.230758667,69756,69766,10
13.0312099457,80.2307662964,69766,70059,293
13.0312099457,80.2307662964,70059,70069,10
13.0307998657,80.2307662964,70069,70079,10
13.0305404663,80.230796814,70079,70089,10
13.0302495956,80.2308425903,70089,70120,31
13.0302495956,80.2308425903,70120,70130,10
13.0298595428,80.2309036255,70130,70140,10
13.0298404694,80.2309036255,70140,70150,10
13.029589653,80.2309417725,70150,70190,40
13.029589653,80.2309417725,70190,70200,10
13.0291996002,80.2309494019,70200,70210,10
13.028719902,80.2310028076,70210,70221,11
13.0280399323,80.231048584,70221,70232,11
13.0276298523,80.2311477661,70232,70242,10
13.0276498795,80.2315597534,70242,70251,9
13.0277204514,80.232093811,70251,70262,11
13.0278396606,80.2327575684,70262,70272,10
13.0275497437,80.2329406738,70272,70281,9
13.0270700455,80.2330169678,70281,70291,10
13.0266399384,80.2330780029,70291,70302,11
13.0263004303,80.2327804565,70302,70311,9
13.0261602402,80.2323913574,70311,70323,12
13.0260801315,80.2320098877,70323,70333,10
13.0260295868,80.2318267822,70333,70343,10
13.0259304047,80.2314605713,70343,70353,10
13.025759697,80.2308578491,70353,70363,10
13.0254402161,80.2302627563,70363,70373,10
13.0250797272,80.2297973633,70373,70413,40
13.0250797272,80.2297973633,70413,70424,11
13.0248699188,80.2295379639,70424,70434,10
13.0246801376,80.229309082,70434,70444,10
13.0244398117,80.2289733887,70444,70454,10
13.0239095688,80.2283477783,70454,70474,20
13.0239095688,80.2283477783,70474,70484,10
13.0238399506,80.2282714844,70484,70494,10
13.0236902237,80.2280731201,70494,70504,10
13.0234203339,80.2277984619,70504,70514,10
13.0230398178,80.2274398804,70514,70525,11
13.0226402283,80.2270812988,70525,70535,10
13.0225000381,80.2269134521,70535,70545,10
13.0222501755,80.2266616821,70545,70555,10
13.0218801498,80.2263412476,70555,70565,10
13.0214700699,80.2260284424,70565,70575,10
13.021109581,80.2257537842,70575,70585,10
13.0207700729,80.2254867554,70585,70595,10
13.0202999115,80.2251815796,70595,70605,10
13.0197296143,80.2248001099,70605,70615,10
13.0189695358,80.2245483398,70615,70626,11
13.0180902481,80.2248306274,70626,70636,10
13.0173501968,80.225151062,70636,70646,10
13.0168800354,80.2253417969,70646,70656,10
13.0166501999,80.225440979,70656,70666,10
13.0164804459,80.2255096436,70666,70676,10
13.0162496567,80.2256011963,70676,70686,10
13.0158500671,80.2257385254,70686,70696,10
13.015130043,80.2260284424,70696,70716,20
13.015130043,80.2260284424,70716,70726,10
13.014840126,80.2261428833,70726,70737,11
13.0143604279,80.2263031006,70737,70767,30
13.0143604279,80.2263031006,70767,70777,10
13.0142002106,80.226348877,70777,70787,10
13.0138101578,80.2264785767,70787,70797,10
13.0131797791,80.2267608643,70797,70807,10
13.0124197006,80.2270507813,70807,70817,10
13.0115804672,80.2273788452,70817,70827,10
13.0107498169,80.2277374268,70827,70838,11
13.0098695755,80.2280883789,70838,70848,10
13.0092401505,80.2284011841,70848,70858,10
13.0090503693,80.2289276123,70858,70868,10
13.0089502335,80.2295532227,70868,70878,10
13.0088596344,80.2300491333,70878,70918,40
13.0088596344,80.2300491333,70918,70928,10
13.0088396072,80.230178833,70928,70939,11
13.0087299347,80.2306976318,70939,70949,10
13.0085802078,80.2313995361,70949,70959,10
13.0084104538,80.2322692871,70959,70969,10
13.0082597733,80.2331924438,70969,70979,10
13.0081996918,80.2336273193,70979,70989,10
13.0081996918,80.2336578369,70989,70999,10
13.008099556,80.2339782715,70999,71009,10
13.0079898834,80.2345275879,71009,71019,10
13.0078697205,80.2351303101,71019,71029,10
13.0077104568,80.2359085083,71029,71040,11
13.007519722,80.2368392944,71040,71050,10
13.007349968,80.237701416,71050,71060,10
13.007229805,80.2384262085,71060,71070,10
13.0071001053,80.2391204834,71070,71080,10
13.0069704056,80.2397994995,71080,71090,10
13.0068702698,80.2404403687,71090,71100,10
13.0068302155,80.2407989502,71100,71110,10
13.0068302155,80.2408218384,71110,71120,10
13.0068101883,80.2409591675,71120,71130,10
13.0067501068,80.2413635254,71130,71141,11
13.0067100525,80.2421264648,71141,71151,10
13.0066795349,80.2429275513,71151,71161,10
13.006649971,80.2435913086,71161,71171,10
13.006649971,80.2443466187,71171,71181,10
13.0066604614,80.2450637817,71181,71191,10
13.0066795349,80.2457122803,71191,71221,30
13.0066795349,80.2457122803,71221,71231,10
13.0066699982,80.2459793091,71231,71242,11
13.0066795349,80.2463226318,71242,71252,10
13.0066900253,80.2468719482,71252,71262,10
13.0066795349,80.2475891113,71262,71272,10
13.0066795349,80.2483520508,71272,71282,10
13.0067396164,80.2490310669,71282,71292,10
13.0067996979,80.2495269775,71292,71332,40
13.0067996979,80.2495269775,71332,71343,11
13.0067901611,80.2497024536,71343,71353,10
13.0067596436,80.2501831055,71353,71363,10
13.0067596436,80.2509231567,71363,71393,30
13.0067596436,80.2509231567,71393,71403,10
13.0067501068,80.2511978149,71403,71413,10
13.0067195892,80.2515411377,71413,71423,10
13.0066404343,80.2518768311,71423,71433,10
13.0065097809,80.2525177002,71433,71444,11
13.0064897537,80.253112793,71444,71454,10
13.0064897537,80.2537994385,71454,71464,10
13.0065202713,80.2545471191,71464,71474,10
13.006529808,80.2552719116,71474,71484,10
13.0065603256,80.2560501099,71484,71494,10
13.0065498352,80.256690979,71494,71504,10
13.0065898895,80.2570571899,71504,71514,10
13.0066404343,80.2575302124,71514,71524,10
13.0069503784,80.2581634521,71524,71534,10
13.0076398849,80.2586975098,71534,71555,21
13.0076398849,80.2586975098,71555,71565,10
13.007900238,80.2588424683,71565,71575,10
13.008480072,80.2590408325,71575,71585,10
13.0089998245,80.2591400146,71585,71595,10
13.0096998215,80.2591323853,71595,71605,10
13.01060009,80.2591323853,71605,71615,10
13.0115995407,80.2591094971,71615,71625,10
13.0125999451,80.259147644,71625,71635,10
13.0136995316,80.2592010498,71635,71646,11
13.0148096085,80.2592391968,71646,71656,10
13.0156497955,80.2593688965,71656,71666,10
13.0163297653,80.2596969604,71666,71686,20
13.0163297653,80.2596969604,71686,71696,10
13.0164403915,80.2598114014,71696,71706,10
13.016869545,80.2601165771,71706,71716,10
13.0174598694,80.2605209351,71716,71726,10
13.0180196762,80.260887146,71726,71736,10
13.0185804367,80.2612915039,71736,71747,11
13.0190000534,80.2616577148,71747,71757,10
13.0195198059,80.2621231079,71757,71767,10
13.0200195313,80.262588501,71767,71777,10
13.0201702118,80.2627029419,71777,71787,10
13.0202703476,80.2627716064,71787,71797,10
13.0206604004,80.2629089355,71797,71807,10
13.0210895538,80.2630386353,71807,71817,10
13.0216197968,80.2632293701,71817,71827,10
13.0219898224,80.2634124756,71827,71837,10
13.0223197937,80.2635803223,71837,71848,11
13.0230197906,80.2639389038,71848,71868,20
13.0230197906,80.2639389038,71868,71878,10
13.0230102539,80.263999939,71878,71888,10
13.0233201981,80.2641906738,71888,71898,10
13.0237998962,80.2644195557,71898,71908,10
13.0243396759,80.2647399902,71908,71918,10
13.024600029,80.2649383545,71918,71928,10
13.0249795914,80.2652282715,71928,71938,10
13.0253696442,80.2655029297,71938,71949,11
13.0257701874,80.2657623291,71949,71959,10
13.0261201859,80.2659225464,71959,71969,10
13.0262699127,80.2657623291,71969,71979,10
13.0263004303,80.2652206421,71979,71989,10
13.0263900757,80.2646102905,71989,71999,10
13.0264396667,80.2640228271,71999,72009,10
13.0264396667,80.263999939,72009,72019,10
13.0264596939,80.2638015747,72019,72029,10
13.0265102386,80.2634963989,72029,72039,10
13.0267601013,80.2634735107,72039,72049,10
13.0272798538,80.2635574341,72049,72060,11
13.0277996063,80.2637176514,72060,72070,10
13.0282897949,80.2638397217,72070,72080,10
13.0283098221,80.2638473511,72080,72090,10
13.0286102295,80.2639389038,72090,72100,10
13.0291004181,80.2641067505,72100,72110,10
13.0292596817,80.2642822266,72110,72120,10
13.029250145,80.2646408081,72120,72130,10
13.0292301178,80.2650604248,72130,72140,10
13.0291996002,80.265663147,72140,72150,10
13.0291795731,80.2661132813,72150,72161,11
13.0291795731,80.2661209106,72161,72171,10
13.0291595459,80.2662277222,72171,72181,10
13.0291204453,80.2665405273,72181,72191,10
13.029299736,80.2666091919,72191,72201,10
13.0296401978,80.2666320801,72201,72211,10
13.0300502777,80.2667007446,72211,72220,9
13.0304098129,80.2667617798,72220,72231,11
13.0310497284,80.2668991089,72231,72241,10
13.0315999985,80.2670974731,72241,72251,10
13.0320196152,80.2672805786,72251,72262,11
13.0324001312,80.2674636841,72262,72272,10
13.0327196121,80.2677078247,72272,72282,10
13.0331296921,80.2678375244,72282,72292,10
13.0338201523,80.2679519653,72292,72332,40
13.0338201523,80.2679519653,72332,72342,10
13.0340900421,80.2680206299,72342,72352,10
13.0344400406,80.2680435181,72352,72403,51
13.0344400406,80.2680435181,72403,72413,10
13.0342597961,80.268081665,72413,72423,10
13.0338497162,80.2679977417,72423,72433,10
13.0333099365,80.2678985596,72433,72666,233
13.0333099365,80.2678985596,72666,72676,10
13.0330600739,80.267616272,72676,72686,10
13.032699585,80.2676010132,72686,72716,30
13.032699585,80.2676010132,72716,72726,10
13.0324697495,80.2675018311,72726,72736,10
13.0322599411,80.2673797607,72736,72746,10
13.0318098068,80.2671966553,72746,72756,10
13.0313997269,80.2670211792,72756,72767,11
13.0308599472,80.2668609619,72767,72777,10
13.03028965,80.2667617798,72777,72787,10
13.0297803879,80.2666931152,72787,72797,10
13.0297203064,80.2666931152,72797,72807,10
13.0296001434,80.2666625977,72807,72817,10
13.0292301178,80.2665710449,72817,72827,10
13.0289201736,80.2664108276,72827,72837,10
13.0285997391,80.2663497925,72837,72847,10
13.0282402039,80.2663116455,72847,72857,10
13.0277004242,80.2662200928,72857,72868,11
13.0269899368,80.2661437988,72868,72878,10
13.0264701843,80.2660903931,72878,72888,10
13.0264196396,80.2660827637,72888,72898,10
13.0262098312,80.2660217285,72898,72908,10
13.02602005,80.2659072876,72908,72918,10
13.025759697,80.2657318115,72918,72928,10
13.0255002975,80.2655563354,72928,72938,10
13.025179863,80.2653579712,72938,72958,20
13.025179863,80.2653579712,72958,72969,11
13.0250301361,80.2651901245,72969,72979,10
13.0247097015,80.2649307251,72979,72989,10
13.0243797302,80.2646865845,72989,72999,10
13.0241098404,80.2645111084,72999,73009,10
13.0236997604,80.2642974854,73009,73019,10
13.023349762,80.2641067505,73019,73029,10
13.0229701996,80.2638778687,73029,73039,10
13.0224704742,80.263633728,73039,73049,10
13.02202034,80.263458252,73049,73070,21
13.02202034,80.263458252,73070,73080,10
13.0216398239,80.2632217407,73080,73090,10
13.0209703445,80.2630691528,73090,73100,10
13.0203104019,80.2630386353,73100,73110,10
13.019780159,80.2630081177,73110,73120,10
13.019200325,80.2629470825,73120,73130,10
13.0188598633,80.262802124,73130,73140,10
13.0187902451,80.2622375488,73140,73150,10
13.0186901093,80.2616271973,73150,73160,10
13.0184497833,80.2612380981,73160,73170,10
13.017950058,80.260887146,73170,73181,11
13.0173397064,80.2604904175,73181,73191,10
13.0167398453,80.2601013184,73191,73201,10
13.0162200928,80.2598114014,73201,73211,10
13.0160102844,80.2597198486,73211,73221,10
13.0159502029,80.2596893311,73221,73231,10
13.0155200958,80.2595062256,73231,73241,10
13.0148200989,80.2593688965,73241,73251,10
13.0140199661,80.2593307495,73251,73261,10
13.0131397247,80.2593002319,73261,73271,10
13.0122203827,80.259262085,73271,73282,11
13.0113801956,80.2592391968,73282,73292,10
13.0106096268,80.2592391968,73292,73302,10
13.0097503662,80.259262085,73302,73312,10
13.0090503693,80.2592391968,73312,73322,10
13.0086898804,80.2592391968,73322,73332,10
13.0084295273,80.2592315674,73332,73342,10
13.0078802109,80.2592926025,73342,73352,10
13.0073699951,80.2593307495,73352,73362,10
13.0071296692,80.2587738037,73362,73373,11
13.0071001053,80.2586593628,73373,73383,10
13.0069198608,80.2583236694,73383,73393,10
13.0065002441,80.2576599121,73393,73514,121
13.0065002441,80.2576599121,73514,73524,10
13.0064601898,80.2574996948,73524,73534,10
13.0064001083,80.2571182251,73534,73544,10
13.0064001083,80.2565078735,73544,73554,10
13.0064001083,80.2557067871,73554,73564,10
13.0064401627,80.2550964355,73564,73574,10
13.0064401627,80.2545166016,73574,73585,11
13.0064401627,80.2541809082,73585,73595,10
13.0064401627,80.2537078857,73595,73605,10
13.0064201355,80.2532806396,73605,73615,10
13.0064096451,80.2532424927,73615,73625,10
13.0064096451,80.2528381348,73625,73655,30
13.0064096451,80.2528381348,73655,73665,10
13.0064096451,80.2527313232,73665,73675,10
13.0064697266,80.2523117065,73675,73686,11
13.0066404343,80.2515182495,73686,73696,10
13.0066795349,80.2506027222,73696,73706,10
13.0066604614,80.2497634888,73706,73716,10
13.006649971,80.2495803833,73716,73726,10
13.0066604614,80.2493667603,73726,73736,10
13.0066299438,80.2487564087,73736,73746,10
13.0065498352,80.2479629517,73746,73797,51
13.0065498352,80.2479629517,73797,73807,10
13.006529808,80.2478485107,73807,73817,10
13.0065498352,80.2473831177,73817,73827,10
13.0065202713,80.2467803955,73827,73847,20
13.0065202713,80.2467803955,73847,73857,10
13.0065002441,80.2465591431,73857,73867,10
13.0065698624,80.2461700439,73867,73877,10
13.0065803528,80.2456893921,73877,73888,11
13.0065698624,80.2452316284,73888,73898,10
13.0065498352,80.244758606,73898,73908,10
13.0065498352,80.2443466187,73908,73918,10
13.0065498352,80.2440032959,73918,73928,10
13.0065402985,80.243637085,73928,73938,10
13.0065202713,80.2431793213,73938,73948,10
13.0065002441,80.2426528931,73948,73958,10
13.0064897537,80.2419204712,73958,73968,10
13.0065002441,80.2413635254,73968,73978,10
13.0065202713,80.2411499023,73978,73989,11
13.0065803528,80.2407608032,73989,73999,10
13.0066604614,80.2403717041,73999,74009,10
13.0067796707,80.2397689819,74009,74019,10
13.0069198608,80.2390213013,74019,74029,10
13.0071001053,80.2381362915,74029,74039,10
13.0072402954,80.2375564575,74039,74049,10
13.0073404312,80.2368392944,74049,74069,20
13.0073404312,80.2368392944,74069,74079,10
13.007399559,80.236618042,74079,74090,11
13.0075502396,80.2360229492,74090,74100,10
13.0076599121,80.2354736328,74100,74110,10
13.0077199936,80.2351303101,74110,74120,10
13.0078401566,80.2345581055,74120,74130,10
13.0079803467,80.2338485718,74130,74140,10
13.0081300735,80.2330627441,74140,74150,10
13.0082902908,80.232208252,74150,74160,10
13.0084600449,80.2313079834,74160,74170,10
13.008649826,80.2304077148,74170,74180,10
13.0088195801,80.2295532227,74180,74191,11
13.0090103149,80.2286071777,74191,74201,10
13.0092897415,80.2277832031,74201,74211,10
13.0096702576,80.2269592285,74211,74221,10
13.0099802017,80.2263031006,74221,74231,10
13.010219574,80.2258682251,74231,74241,10
13.0103702545,80.2255706787,74241,74251,10
13.0104703903,80.2253723145,74251,74261,10
13.01060009,80.225112915,74261,74271,10
13.0107603073,80.2247467041,74271,74281,10
13.010840416,80.2245788574,74281,74292,11
13.0109596252,80.2242736816,74292,74302,10
13.0110797882,80.2239837646,74302,74312,10
13.0112104416,80.2236404419,74312,74322,10
13.0113897324,80.2231826782,74322,74332,10
13.011639595,80.2225189209,74332,74342,10
13.0118598938,80.2219467163,74342,74352,10
13.0120697021,80.2215194702,74352,74361,9
13.0123195648,80.2215499878,74361,74372,11
13.0127096176,80.2220993042,74372,74382,10
13.0131998062,80.2226486206,74382,74393,11
13.0137195587,80.2232437134,74393,74403,10
13.0140695572,80.2236480713,74403,74413,10
13.0144195557,80.2241210938,74413,74423,10
13.015080452,80.2247619629,74423,74443,20
13.015080452,80.2247619629,74443,74453,10
13.0152101517,80.2248764038,74453,74463,10
13.0153999329,80.2249832153,74463,74473,10
13.0154695511,80.2250137329,74473,74483,10
13.0156402588,80.2251663208,74483,74494,11
13.0162096024,80.2253875732,74494,74504,10
13.0170497894,80.2251434326,74504,74514,10
13.0179195404,80.2247924805,74514,74524,10
13.0186796188,80.2244796753,74524,74534,10
13.0193395615,80.2243804932,74534,74543,9
13.0195798874,80.2244796753,74543,74554,11
13.0199899673,80.2247695923,74554,74564,10
13.0204401016,80.2250976563,74564,74574,10
13.0208997726,80.2254333496,74574,74584,10
13.0213298798,80.2257614136,74584,74594,10
13.0219802856,80.2262191772,74594,74615,21
13.0219802856,80.2262191772,74615,74625,10
13.0222597122,80.2265090942,74625,74635,10
13.0228099823,80.2269973755,74635,74645,10
13.0234498978,80.2275772095,74645,74655,10
13.0243396759,80.2285308838,74655,74685,30
13.0243396759,80.2285308838,74685,74695,10
13.0243501663,80.228553772,74695,74706,11
13.0246295929,80.2289733887,74706,74716,10
13.0250997543,80.229598999,74716,74726,10
13.025639534,80.2303771973,74726,74736,10
13.0259399414,80.2310409546,74736,74746,10
13.0259895325,80.2312469482,74746,74756,10
13.0260696411,80.2314071655,74756,74766,10
13.0264997482,80.2312927246,74766,74776,10
13.0271997452,80.2311096191,74776,74786,10
13.0278100967,80.2309875488,74786,74796,10
13.0284500122,80.2309112549,74796,74817,21
13.0284500122,80.2309112549,74817,74827,10
13.0288801193,80.2308807373,74827,74837,10
13.0292701721,80.2308425903,74837,74887,50
13.0292701721,80.2308425903,74887,74897,10
13.0294704437,80.2308578491,74897,74908,11
13.0300703049,80.230796814,74908,74918,10
13.0305995941,80.230758667,74918,74928,10
13.0310201645,80.23072052,74928,74938,10
13.0316095352,80.2306671143,74938,74948,10
13.0319700241,80.2306213379,74948,74958,10
13.0322399139,80.2305984497,74958,74968,10
13.0328502655,80.2305603027,74968,74978,10
13.0335702896,80.2304992676,74978,74988,10
13.0345096588,80.2303924561,74988,75019,31
13.0345096588,80.2303924561,75019,75029,10
13.0347499847,80.2303237915,75029,75039,10
13.0348997116,80.2302322388,75039,75049,10
13.0349302292,80.2301330566,75049,75059,10
13.0347499847,80.2300720215,75059,75069,10
13.0342998505,80.2300109863,75069,75312,243
13.034119606,80.2300872803,75312,75382,70
13.034119606,80.2300872803,75382,75392,10
13.0341701508,80.2304763794,75392,75402,10
13.0339097977,80.2305374146,75402,75413,11
13.0334701538,80.2305603027,75413,75423,10
13.0330095291,80.2305831909,75423,75433,10
13.0325698853,80.2305984497,75433,75443,10
13.0321302414,80.2306594849,75443,75453,10
13.0318202972,80.2306900024,75453,75463,10
13.0308904648,80.230758667,75463,75503,40
13.0308904648,80.230758667,75503,75514,11
13.0308198929,80.2307434082,75514,75524,10
13.0305204391,80.230758667,75524,75534,10
13.0300598145,80.2308120728,75534,75544,10
13.0297498703,80.2308731079,75544,75554,10
13.0293798447,80.2309265137,75554,75564,10
13.0287399292,80.231010437,75564,75574,10
13.0280199051,80.2310791016,75574,75584,10
13.0276203156,80.2311935425,75584,75594,10
13.0276203156,80.2315979004,75594,75604,10
13.0277099609,80.2322769165,75604,75615,11
13.027759552,80.2328720093,75615,75625,10
13.0273199081,80.2329177856,75625,75635,10
13.0268802643,80.2329788208,75635,75705,70
13.0268802643,80.2329788208,75705,75716,11
13.0265102386,80.2330093384,75716,75726,10
13.0262699127,80.2327880859,75726,75736,10
13.0261001587,80.2322311401,75736,75746,10
13.0259599686,80.2316436768,75746,75756,10
13.025759697,80.2309188843,75756,75766,10
13.0253696442,80.2301330566,75766,75776,10
13.0249099731,80.2294769287,75776,75786,10
13.0245599747,80.229019165,75786,75796,10
13.0239601135,80.2283172607,75796,75817,21
13.0239601135,80.2283172607,75817,75827,10
13.0238199234,80.2281112671,75827,75837,10
13.023639679,80.2279129028,75837,75847,10
13.0233097076,80.2276077271,75847,75857,10
13.0229101181,80.2272262573,75857,75867,10
13.0224103928,80.2267303467,75867,75877,10
13.0218601227,80.2262573242,75877,75887,10
13.0212802887,80.2258224487,75887,75897,10
13.0206699371,80.2253494263,75897,75907,10
13.0201196671,80.2249984741,75907,75918,11
13.019659996,80.2246780396,75918,75928,10
13.0189695358,80.2244873047,75928,75938,10
13.0181903839,80.2247390747,75938,75948,10
13.0173597336,80.2250900269,75948,75958,10
13.0166702271,80.2253799438,75958,75968,10
13.0161600113,80.2255783081,75968,75978,10
13.0155601501,80.2257766724,75978,75988,10
13.0151996613,80.2259292603,75988,75998,10
13.0146999359,80.2261199951,75998,76008,10
13.0143699646,80.2262420654,76008,76019,11
13.0143604279,80.2262420654,76019,76029,10
13.0140600204,80.2263717651,76029,76039,10
13.0134401321,80.2266235352,76039,76049,10
13.0126495361,80.2269210815,76049,76059,10
13.0116596222,80.2273330688,76059,76069,10
13.01060009,80.2277603149,76069,76079,10
13.0095701218,80.2281799316,76079,76089,10
13.0090799332,80.2287826538,76089,76099,10
13.008939743,80.2295227051,76099,76109,10
13.0087795258,80.23046875,76109,76120,11
13.0086402893,80.2313079834,76120,76130,10
13.0084695816,80.2322235107,76130,76140,10
13.0082902908,80.2331237793,76140,76150,10
13.0082197189,80.2335968018,76150,76160,10
13.0081796646,80.2336883545,76160,76170,10
13.0080900192,80.2340774536,76170,76180,10
13.0079698563,80.2347335815,76180,76190,10
13.0079097748,80.2349777222,76190,76200,10
13.0078401566,80.2353363037,76200,76210,10
13.0076999664,80.2359771729,76210,76220,10
13.0075502396,80.2368087769,76220,76231,11
13.0074300766,80.2374420166,76231,76241,10
13.007349968,80.2378463745,76241,76251,10
13.0072803497,80.238319397,76251,76261,10
13.0072202682,80.2386398315,76261,76342,81
13.0072202682,80.2386398315,76342,76352,10
13.0072202682,80.2388534546,76352,76362,10
13.0071401596,80.2391433716,76362,76372,10
13.0069799423,80.2397613525,76372,76473,101
13.0069799423,80.2397613525,76473,76483,10
13.0068998337,80.2399368286,76483,76493,10
13.0068302155,80.2404098511,76493,76503,10
13.0067300797,80.2410812378,76503,76513,10
13.0066995621,80.2416000366,76513,76523,10
13.0067100525,80.2417373657,76523,76534,11
13.0067100525,80.2421264648,76534,76554,20
13.0067100525,80.2421264648,76554,76564,10
13.0067100525,80.2423324585,76564,76574,10
13.0066995621,80.2424087524,76574,76584,10
13.0066995621,80.2424926758,76584,76594,10
13.0066900253,80.242729187,76594,76604,10
13.0066900253,80.242767334,76604,76614,10
13.0066900253,80.2429199219,76614,76624,10
13.0066795349,80.2432098389,76624,76635,11
13.0066795349,80.2432785034,76635,76645,10
13.0066604614,80.2436294556,76645,76655,10
13.0066604614,80.2440109253,76655,76665,10
13.0066604614,80.2443466187,76665,76675,10
13.0066795349,80.2445907593,76675,76705,30
13.0066795349,80.2445907593,76705,76715,10
13.0066995621,80.2447433472,76715,76725,10
13.0066900253,80.2450790405,76725,76736,11
13.0066900253,80.245552063,76736,76746,10
13.0066995621,80.2460403442,76746,76756,10
13.0067195892,80.2464370728,76756,76766,10
13.0067396164,80.2467193604,76766,76776,10
13.0067596436,80.2470474243,76776,76786,10
13.0067396164,80.2474594116,76786,76796,10
13.0067195892,80.2481307983,76796,76806,10
13.0067596436,80.2489318848,76806,76816,10
13.0068397522,80.249458313,76816,76826,10
13.0068397522,80.2496032715,76826,76837,11
13.0068597794,80.249786377,76837,76847,10
13.006819725,80.2503204346,76847,76857,10
13.0068101883,80.2510528564,76857,76867,10
13.0067596436,80.2515563965,76867,76897,30
13.0067596436,80.2515563965,76897,76907,10
13.006649971,80.2518081665,76907,76917,10
13.0065498352,80.2523269653,76917,76927,10
13.0065097809,80.2529373169,76927,76938,11
13.0065202713,80.2537612915,76938,76948,10
13.0065603256,80.2545623779,76948,76958,10
13.0065803528,80.2553787231,76958,76968,10
13.0066003799,80.2562713623,76968,76978,10
13.0066900253,80.2573318481,76978,77069,91
13.0066900253,80.2573318481,77069,77079,10
13.0067195892,80.2574615479,77079,77089,10
13.0067996979,80.2578125,77089,77099,10
13.0071601868,80.2583770752,77099,77109,10
13.0076599121,80.2586975098,77109,77119,10
13.0076999664,80.2587127686,77119,77129,10
13.0078201294,80.2587432861,77129,77140,11
13.0084199905,80.258972168,77140,77150,10
13.0089502335,80.2590713501,77150,77160,10
13.0097398758,80.2590637207,77160,77170,10
13.0106601715,80.2590713501,77170,77180,10
13.0115499496,80.2590484619,77180,77190,10
13.0125303268,80.2590789795,77190,77200,10
13.0135297775,80.2591094971,77200,77210,10
13.0144701004,80.2591400146,77210,77220,10
13.015370369,80.2592163086,77220,77230,10
13.0161104202,80.2594680786,77230,77241,11
13.0163602829,80.2596435547,77241,77251,10
13.016409874,80.2596969604,77251,77261,10
13.0167999268,80.2600021362,77261,77271,10
13.0174598694,80.2604522705,77271,77281,10
13.0180902481,80.2608795166,77281,77291,10
13.0187397003,80.2613296509,77291,77301,10
13.0192899704,80.2618179321,77301,77311,10
13.0197401047,80.262260437,77311,77321,10
13.0201101303,80.2625808716,77321,77331,10
13.0201702118,80.2626266479,77331,77342,11
13.0206804276,80.262840271,77342,77352,10
13.0213804245,80.2630462646,77352,77362,10
13.0219202042,80.2632904053,77362,77372,10
13.0221595764,80.2634124756,77372,77382,10
13.0225095749,80.2635803223,77382,77392,10
13.0230503082,80.2638473511,77392,77402,10
13.0235795975,80.2641830444,77402,77412,10
13.024020195,80.2644119263,77412,77422,10
13.0245199203,80.2647781372,77422,77432,10
13.0250396729,80.2651672363,77432,77443,11
13.0255002975,80.2654800415,77443,77453,10
13.025970459,80.2657928467,77453,77463,10
13.0262899399,80.2658233643,77463,77473,10
13.0263299942,80.2653884888,77473,77483,10
13.0263700485,80.2648620605,77483,77493,10
13.0264196396,80.2645187378,77493,77503,10
13.0264997482,80.263961792,77503,77513,10
13.0265102386,80.2639007568,77513,77523,10
13.0265703201,80.2635421753,77523,77533,10
13.0266895294,80.2633590698,77533,77544,11
13.027179718,80.263458252,77544,77554,10
13.0276699066,80.2635726929,77554,77564,10
13.0283203125,80.2637710571,77564,77574,10
13.0289802551,80.2639312744,77574,77584,10
13.0293197632,80.2641296387,77584,77594,10
13.0293197632,80.2645187378,77594,77603,9
13.0293197632,80.2649765015,77603,77614,11
13.0292797089,80.2656402588,77614,77624,10
13.0292396545,80.2661514282,77624,77634,10
13.0292301178,80.266166687,77634,77645,11
13.0291795731,80.2665100098,77645,77655,10
13.0292901993,80.2665863037,77655,77665,10
13.0297002792,80.2666168213,77665,77675,10
13.0301599503,80.2666778564,77675,77685,10
13.0306901932,80.2667388916,77685,77695,10
13.0312299728,80.2668609619,77695,77704,9
13.0317001343,80.2670288086,77704,77715,11
13.0322904587,80.2673110962,77715,77725,10
13.0326404572,80.2675628662,77725,77735,10
13.0330400467,80.2677078247,77735,77746,11
13.0334396362,80.2677764893,77746,77756,10
13.0334501266,80.2677764893,77756,77766,10
13.0335998535,80.2678604126,77766,77776,10
13.033659935,80.2678604126,77776,77786,10
13.0339803696,80.2679367065,77786,77796,10
13.0344295502,80.2679824829,77796,77826,30
13.0344295502,80.2679824829,77826,77836,10
13.0344896317,80.2681808472,77836,77847,11
13.0343704224,80.268081665,77847,77857,10
13.0341396332,80.2680206299,77857,77867,10
13.0339002609,80.2679824829,77867,77877,10
13.0333795547,80.267868042,77877,77887,10
13.0328197479,80.2677536011,77887,77897,10
13.0325202942,80.2675170898,77897,77907,10
13.0320701599,80.2673187256,77907,77917,10
13.0315599442,80.2670593262,77917,77927,10
13.0311899185,80.2669219971,77927,77937,10
13.0307397842,80.2667999268,77937,77947,10
13.0302000046,80.2667236328,77947,77958,11
13.0297603607,80.2666473389,77958,77968,10
13.029419899,80.2666091919,77968,77978,10
13.0291404724,80.2664794922,77978,77988,10
13.0288496017,80.2663803101,77988,77998,10
13.0286197662,80.2663421631,77998,78008,10
13.0284700394,80.2663192749,78008,78018,10
13.0281295776,80.2662734985,78018,78028,10
13.0277395248,80.2662124634,78028,78038,10
13.0273895264,80.2661590576,78038,78049,11
13.0270595551,80.2661209106,78049,78059,10
13.0267095566,80.2660522461,78059,78069,10
13.0263795853,80.2659988403,78069,78079,10
13.0261802673,80.2660903931,78079,78089,10
13.0260801315,80.2663269043,78089,78099,10
13.0262403488,80.2664337158,78099,78109,10
13.02643013,80.2664337158,78109,78473,364
13.02643013,80.2664337158,78473,78483,10
13.026550293,80.2662734985,78483,80422,1939
13.026260376,80.2661895752,80422,83795,3373
13.0262699127,80.2661209106,83795,84098,303
