12.9974603653,80.2570877075,13,6781,6768
12.9975700378,80.2569274902,6781,8881,2100
12.9975099564,80.2568817139,8881,22453,13572
12.9975099564,80.2568817139,22453,22464,11
12.9976701736,80.2568588257,22464,22474,10
12.9975595474,80.2570800781,22474,22484,10
12.9975004196,80.2570571899,22484,22494,10
12.9972801208,80.2570419312,22494,22514,20
12.9972801208,80.2570419312,22514,22524,10
12.9972600937,80.2568817139,22524,22544,20
12.9972600937,80.2568817139,22544,22555,11
12.9973897934,80.2568893433,22555,22565,10
12.9973201752,80.2569198608,22565,22656,91
12.9975004196,80.2570571899,22656,22757,101
12.9974899292,80.2569580078,22757,23171,414
12.9974899292,80.2569580078,23171,23181,10
12.997469902,80.2570419312,23181,23191,10
12.9977798462,80.2570037842,23191,23201,10
12.9978399277,80.2566223145,23201,23211,10
12.997759819,80.2561569214,23211,23231,20
12.997759819,80.2561569214,23231,23241,10
12.9976997375,80.2559814453,23241,23251,10
12.9973297119,80.2559280396,23251,23261,10
12.9968595505,80.2559204102,23261,23272,11
12.9961795807,80.255897522,23272,23282,10
12.9954595566,80.2559204102,23282,23292,10
12.9946804047,80.2559509277,23292,23302,10
12.9938697815,80.2559967041,23302,23312,10
12.9918899536,80.2560806274,23312,23322,10
12.9918899536,80.2560806274,23322,23332,10
12.9908599854,80.2560424805,23332,23342,10
12.9898900986,80.2560119629,23342,23352,10
12.9888296127,80.2559509277,23352,23362,10
12.9878997803,80.255859375,23362,23414,52
12.9878997803,80.255859375,23414,23424,10
12.987830162,80.255859375,23424,23434,10
12.9873895645,80.2557601929,23434,23444,10
12.9866600037,80.2556304932,23444,23455,11
12.986120224,80.255531311,23455,23465,10
12.9859399796,80.2554931641,23465,23476,11
12.9854001999,80.2553787231,23476,23486,10
12.9845695496,80.2551803589,23486,23496,10
12.9836597443,80.2549133301,23496,23506,10
12.9827299118,80.2546615601,23506,23516,10
12.9820098877,80.25415802,23516,23526,10
12.9817495346,80.2532119751,23526,23536,10
12.9809398651,80.2527770996,23536,23546,10
12.9801101685,80.2527618408,23546,23556,10
12.9788999557,80.2526092529,23556,23566,10
12.9786596298,80.2525787354,23566,23577,11
12.9783296585,80.2524185181,23577,23587,10
12.9777097702,80.2518920898,23587,23597,10
12.9767398834,80.2513198853,23597,23607,10
12.9755096436,80.2509613037,23607,23617,10
12.9742603302,80.250579834,23617,23627,10
12.972990036,80.2502365112,23627,23637,10
12.9718198776,80.2499465942,23637,23647,10
12.9706697464,80.2496414185,23647,23657,10
12.9694900513,80.2492218018,23657,23667,10
12.9683599472,80.2487716675,23667,23677,10
12.9672603607,80.2483291626,23677,23688,11
12.9660997391,80.247756958,23688,23698,10
12.9652004242,80.247428894,23698,23708,10
12.9650802612,80.2473983765,23708,23718,10
12.9646701813,80.247253418,23718,23728,10
12.9639396667,80.246963501,23728,23738,10
12.9631900787,80.2466201782,23738,23748,10
12.9623003006,80.2461624146,23748,23758,10
12.9613599777,80.2456893921,23758,23768,10
12.9603595734,80.2452163696,23768,23778,10
12.95952034,80.2448730469,23778,23789,11
12.9592199326,80.2447280884,23789,23799,10
12.9585599899,80.244430542,23799,23809,10
12.9578104019,80.2441177368,23809,23819,10
12.9570903778,80.2438583374,23819,23829,10
12.956410408,80.2437133789,23829,23839,10
12.9562397003,80.2436676025,23839,23849,10
12.9556999207,80.2433700562,23849,23859,10
12.9548797607,80.2429504395,23859,23869,10
12.9539499283,80.2425308228,23869,23879,10
12.9530801773,80.2421798706,23879,23890,11
12.9520998001,80.2418136597,23890,23900,10
12.9516601563,80.2416610718,23900,23910,10
12.951499939,80.2415771484,23910,23920,10
12.9508495331,80.2413635254,23920,23930,10
12.9499397278,80.2410888672,23930,23940,10
12.9489297867,80.240737915,23940,23950,10
12.9479398727,80.2403411865,23950,23960,10
12.9471597672,80.2400131226,23960,23970,10
12.9470300674,80.2399597168,23970,23980,10
12.946680069,80.2398300171,23980,23991,11
12.9459104538,80.2395019531,23991,24001,10
12.9450798035,80.2389984131,24001,24011,10
12.9443101883,80.2381973267,24011,24021,10
12.9434995651,80.2373199463,24021,24031,10
12.9426002502,80.236579895,24031,24041,10
12.9413995743,80.2361984253,24041,24051,10
12.9404296875,80.2359466553,24051,24061,10
12.939499855,80.2356491089,24061,24071,10
12.9385700226,80.235168457,24071,24081,10
12.9374599457,80.2346115112,24081,24091,10
12.9362697601,80.2340393066,24091,24102,11
12.935379982,80.2336273193,24102,24112,10
12.934419632,80.2332077026,24112,24122,10
12.9340200424,80.2330322266,24122,24132,10
12.933930397,80.2329788208,24132,24142,10
12.9334802628,80.232749939,24142,24152,10
12.9326696396,80.2324295044,24152,24162,10
12.9316196442,80.2320404053,24162,24172,10
12.9304504395,80.2316818237,24172,24182,10
12.9291200638,80.2313690186,24182,24192,10
12.9276800156,80.2311401367,24192,24203,11
12.926320076,80.2310333252,24203,24213,10
12.926150322,80.2310180664,24213,24223,10
12.9257802963,80.2309799194,24223,24233,10
12.9250402451,80.2308807373,24233,24243,10
12.9240398407,80.2307510376,24243,24253,10
12.9229097366,80.2305984497,24253,24263,10
12.9216604233,80.2304000854,24263,24273,10
12.9203596115,80.2302474976,24273,24487,214
12.901720047,80.2280578613,24487,24509,22
12.901720047,80.2280578613,24509,24520,11
12.9012804031,80.2280502319,24520,24530,10
12.9006099701,80.2279815674,24530,24540,10
12.9004001617,80.2279663086,24540,24550,10
12.9001903534,80.2279891968,24550,24559,9
12.8999004364,80.2279815674,24559,24570,11
12.8997602463,80.2279663086,24570,24580,10
12.8996400833,80.2279281616,24580,24590,10
12.8994398117,80.2279205322,24590,24600,10
12.8990697861,80.227897644,24600,24610,10
12.8982496262,80.2278594971,24610,24621,11
12.897069931,80.2277832031,24621,24631,10
12.8957500458,80.227722168,24631,24641,10
12.8944101334,80.2276306152,24641,24651,10
12.8929700851,80.2274627686,24651,24661,10
12.8917999268,80.2274169922,24661,24671,10
12.8915300369,80.2274169922,24671,24687,16
12.8905000687,80.2274169922,24687,24699,12
12.8891496658,80.2274093628,24699,24709,10
12.8881702423,80.2273406982,24709,24720,11
12.8869104385,80.2271728516,24720,24730,10
12.8856201172,80.2268829346,24730,24740,10
12.8851299286,80.2267990112,24740,24750,10
12.8848896027,80.2267379761,24750,24760,10
12.8842201233,80.2267303467,24760,24770,10
12.8832597733,80.2267532349,24770,24779,9
12.8821496964,80.2267608643,24779,24789,10
12.88078022,80.2267684937,24789,24800,11
12.8792800903,80.2267913818,24800,24810,10
12.8779001236,80.2268829346,24810,24821,11
12.876660347,80.2269973755,24821,24831,10
12.8764400482,80.2269210815,24831,24841,10
12.8763999939,80.2267303467,24841,24851,10
12.8764400482,80.2264404297,24851,24861,10
12.8765201569,80.2257232666,24861,24871,10
12.8766202927,80.2247009277,24871,24881,10
12.8768396378,80.2234802246,24881,24891,10
12.8771495819,80.22215271,24891,24907,16
12.8776798248,80.219871521,24907,24919,12
12.878080368,80.2180862427,24919,24930,11
12.8783903122,80.216506958,24930,24940,10
12.8787002563,80.2151031494,24940,24950,10
12.8789901733,80.2136230469,24950,24960,10
12.8792695999,80.2121429443,24960,24970,10
12.87940979,80.2110671997,24970,24980,10
12.8788299561,80.2108764648,24980,24990,10
12.8780899048,80.2107467651,24990,25000,10
12.8771400452,80.2105636597,25000,25010,10
12.8763399124,80.2104187012,25010,25020,10
12.875459671,80.2102737427,25020,25041,21
12.87458992,80.2101135254,25041,25053,12
12.8743696213,80.2099609375,25053,25062,9
12.8745002747,80.2095794678,25062,25073,11
12.8746995926,80.2097625732,25073,26022,949
12.8746995926,80.2097625732,26022,26032,10
12.8747301102,80.2100067139,26032,26073,41
12.8747301102,80.2100067139,26073,26083,10
12.8748502731,80.2101974487,26083,26093,10
12.875,80.2102203369,26093,26103,10
12.8750696182,80.2102279663,26103,26113,10
12.8753499985,80.2102813721,26113,26123,10
12.8757896423,80.210357666,26123,26133,10
12.8763399124,80.2104492188,26133,26143,10
12.876950264,80.2105712891,26143,26153,10
12.8775997162,80.2107009888,26153,26164,11
12.8783397675,80.2108383179,26164,26174,10
12.8792495728,80.2109985352,26174,26193,19
12.8792495728,80.2109985352,26193,26204,11
12.8792896271,80.2110214233,26204,26214,10
12.8795099258,80.2111968994,26214,26224,10
12.8794403076,80.2116775513,26224,26234,10
12.8793201447,80.2123413086,26234,26244,10
12.8791799545,80.2130584717,26244,26254,10
12.8790397644,80.2138214111,26254,26265,11
12.8788795471,80.2147216797,26265,26275,10
12.8787202835,80.2155227661,26275,26285,10
12.8785400391,80.2162780762,26285,26295,10
12.8784103394,80.2170028687,26295,26305,10
12.8783197403,80.2174911499,26305,26456,151
12.8783197403,80.2174911499,26456,26466,10
12.8782997131,80.2175521851,26466,26477,11
12.8781900406,80.2180480957,26477,26487,10
12.8780298233,80.218788147,26487,26497,10
12.8777999878,80.2197113037,26497,26507,10
12.8775501251,80.2208023071,26507,26517,10
12.8772602081,80.2220077515,26517,26527,10
12.8769798279,80.2232208252,26527,26537,10
12.8767404556,80.2244262695,26537,26547,10
12.8766002655,80.2256622314,26547,26557,10
12.8764801025,80.2265319824,26557,26567,10
12.8765001297,80.226890564,26567,26598,31
12.8765001297,80.226890564,26598,26608,10
12.8765897751,80.2269210815,26608,26618,10
12.8770399094,80.2268600464,26618,26628,10
12.8777999878,80.2267990112,26628,26638,10
12.8787603378,80.2267227173,26638,26648,10
12.8799200058,80.2266693115,26648,26658,10
12.8811903,80.2266616821,26658,26668,10
12.8825502396,80.2266464233,26668,26678,10
12.8839502335,80.2266387939,26678,26689,11
12.8852500916,80.2266387939,26689,26709,20
12.8852500916,80.2266387939,26709,26719,10
12.8855400085,80.2266998291,26719,26729,10
12.8861703873,80.2268600464,26729,26739,10
12.8870296478,80.2270812988,26739,26749,10
12.8885202408,80.2272567749,26749,26769,20
12.8885202408,80.2272567749,26769,26779,10
12.8888597488,80.2272720337,26779,26790,11
12.8896102905,80.2272720337,26790,26806,16
12.8911600113,80.2272796631,26806,26818,12
12.8925600052,80.2273330688,26818,26828,10
12.8940696716,80.2274780273,26828,26848,20
12.8940696716,80.2274780273,26848,26858,10
12.8943004608,80.2275238037,26858,26868,10
12.8949899673,80.2275466919,26868,26878,10
12.8958797455,80.2275924683,26878,26889,11
12.8970499039,80.2276382446,26889,26900,11
12.8983802795,80.227722168,26900,26910,10
12.8993396759,80.2277832031,26910,26920,10
12.9001398087,80.2277908325,26920,26930,10
12.9003601074,80.2277984619,26930,26940,10
12.9006500244,80.2278137207,26940,26991,51
12.9006500244,80.2278137207,26991,27001,10
12.9009895325,80.2278518677,27001,27011,10
12.9014501572,80.2279205322,27011,27021,10
12.9026498795,80.2279510498,27021,27041,20
12.9026498795,80.2279510498,27041,27051,10
12.9027795792,80.2279663086,27051,27061,10
12.9031801224,80.2279815674,27061,27071,10
12.9039297104,80.2280197144,27071,27081,10
12.9049797058,80.2280883789,27081,27091,10
12.906129837,80.2281188965,27091,27132,41
12.906129837,80.2281188965,27132,27142,10
12.9064302444,80.2281494141,27142,27152,10
12.9065599442,80.2281570435,27152,27162,10
12.9068698883,80.2282028198,27162,27180,18
12.9071397781,80.2282333374,27180,27192,12
12.9077196121,80.2283096313,27192,27203,11
12.9086198807,80.2284469604,27203,27211,8
12.9094400406,80.2285919189,27211,27222,11
12.9107398987,80.2287979126,27222,27233,11
12.9121599197,80.2290115356,27233,27243,10
12.9133501053,80.2291717529,27243,27253,10
12.9139995575,80.2292480469,27253,27262,9
12.9140300751,80.2292633057,27262,27273,11
12.9142599106,80.2292861938,27273,27283,10
12.914850235,80.2293777466,27283,27293,10
12.9156703949,80.2294998169,27293,27304,11
12.9168100357,80.2296600342,27304,27314,10
12.9180002213,80.2298202515,27314,27324,10
12.9191398621,80.2299804688,27324,27334,10
12.9194402695,80.2300033569,27334,27344,10
12.9195804596,80.2300186157,27344,27354,10
12.9200897217,80.2300796509,27354,27364,10
12.9208698273,80.230178833,27364,27374,10
12.9217796326,80.2303009033,27374,27384,10
12.9228801727,80.2304763794,27384,27394,10
12.9241399765,80.2306594849,27394,27411,17
12.9261798859,80.2308807373,27411,27423,12
12.926440239,80.2309188843,27423,27433,10
12.9265604019,80.2309417725,27433,27443,10
12.9272298813,80.2310180664,27443,27453,10
12.9280796051,80.2311172485,27453,27463,10
12.9290704727,80.2312927246,27463,27473,10
12.9300804138,80.2315216064,27473,27483,10
12.9313001633,80.231880188,27483,27493,10
12.9326095581,80.2323074341,27493,27503,10
12.9336500168,80.232749939,27503,27525,22
12.9336500168,80.232749939,27525,27534,9
12.9337997437,80.2328414917,27534,27545,11
12.9342803955,80.2330627441,27545,27555,10
12.9351196289,80.2334365845,27555,27565,10
12.9357404709,80.2337188721,27565,27575,10
12.9357595444,80.2337265015,27575,27585,10
12.9359197617,80.2338409424,27585,27595,10
12.9364099503,80.2340621948,27595,27605,10
12.9371404648,80.2343978882,27605,27616,11
12.9381399155,80.2348937988,27616,27626,10
12.939160347,80.2353897095,27626,27636,10
12.9396600723,80.2356414795,27636,27652,16
12.9396696091,80.2356414795,27652,27664,12
12.9401397705,80.2358322144,27664,27672,8
12.9407100677,80.2359924316,27672,27683,11
12.9416904449,80.2362213135,27683,27694,11
12.9427995682,80.2365875244,27694,27704,10
12.9435901642,80.2371826172,27704,27714,10
12.9436597824,80.2372589111,27714,27725,11
12.9439496994,80.2375564575,27725,27735,10
12.9444599152,80.2381134033,27735,27745,10
12.945110321,80.238822937,27745,27755,10
12.9460401535,80.239440918,27755,27765,10
12.9470100403,80.2398300171,27765,27775,10
12.947259903,80.2399368286,27775,27785,10
12.9472904205,80.2399597168,27785,27795,10
12.9476499557,80.2401275635,27795,27805,10
12.9482898712,80.2404022217,27805,27815,10
12.9490995407,80.240737915,27815,27826,11
12.9501600266,80.2410812378,27826,27836,10
12.9508695602,80.2412872314,27836,27846,10
12.9509496689,80.2413101196,27846,27856,10
12.9509801865,80.2413101196,27856,27866,10
12.9513597488,80.2414398193,27866,27876,10
12.9520196915,80.2416763306,27876,27886,10
12.952870369,80.2419891357,27886,27895,9
12.9537496567,80.2423400879,27895,27906,11
12.9548397064,80.2427825928,27906,27916,10
12.955499649,80.2430267334,27916,27927,11
12.9562501907,80.2433013916,27927,27937,10
12.9563703537,80.2433624268,27937,27947,10
12.9565696716,80.2434005737,27947,27957,10
12.9570999146,80.243637085,27957,27967,10
12.9578399658,80.2439804077,27967,27977,10
12.9588003159,80.244392395,27977,27997,20
12.9588003159,80.244392395,27997,28007,10
12.9591302872,80.2445526123,28007,28017,10
12.9597301483,80.2448272705,28017,28028,11
12.9606199265,80.2452316284,28028,28038,10
12.9615802765,80.2456893921,28038,28048,10
12.9625997543,80.2462005615,28048,28058,10
12.9635000229,80.2466506958,28058,28068,10
12.9643201828,80.2470092773,28068,28078,10
12.9652900696,80.2473602295,28078,28088,10
12.9661102295,80.2476425171,28088,28098,10
12.9665603638,80.2478179932,28098,28108,10
12.9666900635,80.2478179932,28108,28118,10
12.966750145,80.2478637695,28118,28129,11
12.966799736,80.2479171753,28129,28139,10
12.9671497345,80.2481384277,28139,28149,10
12.9678401947,80.2484436035,28149,28150,1
12.9679298401,80.2484817505,28150,28151,1
12.9680099487,80.2485198975,28151,28213,62
12.9739303589,80.2503890991,28213,28222,9
12.9739999771,80.2503967285,28222,28234,12
12.9743700027,80.2504882813,28234,28244,10
12.9744195938,80.25050354,28244,28254,10
12.9747896194,80.250617981,28254,28264,10
12.9754695892,80.250831604,28264,28274,10
12.976360321,80.2510986328,28274,28284,10
12.9773902893,80.2514801025,28284,28294,10
12.9783201218,80.2522201538,28294,28304,10
12.9793195724,80.2525863647,28304,28314,10
12.9799804688,80.2522506714,28314,28334,20
12.9799804688,80.2522506714,28334,28345,11
12.9799699783,80.2521362305,28345,28355,10
12.980099678,80.251701355,28355,28365,10
12.9803304672,80.2509994507,28365,28375,10
12.9805698395,80.2500610352,28375,28385,10
12.9807395935,80.2489471436,28385,28395,10
12.9808197021,80.2476730347,28395,28405,10
12.9809398651,80.2462768555,28405,28421,16
12.9811697006,80.2441864014,28421,28433,12
12.9813299179,80.2435379028,28433,28444,11
12.9813604355,80.243057251,28444,28452,8
12.9813604355,80.2429122925,28452,28463,11
12.9813699722,80.2428588867,28463,28475,12
12.9813699722,80.2428207397,28475,28485,10
12.9813899994,80.2423782349,28485,28495,10
12.9813699722,80.241859436,28495,28505,10
12.9813699722,80.2415466309,28505,28515,10
12.9813804626,80.2410430908,28515,28525,10
12.9813604355,80.2402420044,28525,28535,10
12.9813604355,80.2397384644,28535,28546,11
12.9813499451,80.2394485474,28546,28556,10
12.9813098907,80.2388000488,28556,28566,10
12.981300354,80.2380523682,28566,28576,10
12.981300354,80.237953186,28576,28586,10
12.9812898636,80.2377624512,28586,28596,10
12.9812698364,80.2371902466,28596,28606,10
12.9812498093,80.236328125,28606,28616,10
12.9812097549,80.2353591919,28616,28626,10
12.9812297821,80.234336853,28626,28636,10
12.9814596176,80.2337112427,28636,28647,11
12.9814996719,80.2336578369,28647,28657,10
12.9816398621,80.2333831787,28657,28687,30
12.9816398621,80.2333831787,28687,28697,10
12.981710434,80.233253479,28697,28707,10
12.9819002151,80.2328186035,28707,28717,10
12.9820203781,80.2322235107,28717,28727,10
12.982000351,80.2319564819,28727,28737,10
12.982000351,80.2318496704,28737,28747,10
12.9819498062,80.2313766479,28747,28758,11
12.9817304611,80.230758667,28758,28768,10
12.9813299179,80.2300567627,28768,28778,10
12.9809398651,80.2294464111,28778,28788,10
12.9806098938,80.2289505005,28788,28808,20
12.9806098938,80.2289505005,28808,28818,10
12.9804201126,80.2286071777,28818,28828,10
12.9801998138,80.2281188965,28828,28838,10
12.9797897339,80.2274475098,28838,28848,10
12.97935009,80.2267303467,28848,28859,11
12.9789199829,80.2259979248,28859,28869,10
12.9784402847,80.2252197266,28869,28879,10
12.9777698517,80.2242584229,28879,28899,20
12.9777698517,80.2242584229,28899,28909,10
12.977640152,80.224029541,28909,28919,10
12.9773397446,80.2235412598,28919,28929,10
12.9769802094,80.2229232788,28929,28939,10
12.977060318,80.2227020264,28939,28949,10
12.9772500992,80.2226715088,28949,28959,10
12.9773101807,80.2226715088,28959,28970,11
12.9775600433,80.2225189209,28970,28980,10
12.9775295258,80.2219161987,28980,28990,10
12.9774799347,80.2213287354,28990,29000,10
12.9777202606,80.2212371826,29000,29010,10
12.9781999588,80.2211990356,29010,29020,10
12.978969574,80.2211227417,29020,29030,10
12.9798803329,80.2210617065,29030,29040,10
12.9807701111,80.2209777832,29040,29050,10
12.9814796448,80.221206665,29050,29060,10
12.982049942,80.2216186523,29060,29071,11
12.9830598831,80.2219924927,29071,29091,20
12.9830598831,80.2219924927,29091,29101,10
12.9832000732,80.2220916748,29101,29111,10
12.983590126,80.222366333,29111,29121,10
12.9841604233,80.2227020264,29121,29131,10
12.984749794,80.2230682373,29131,29141,10
12.9854402542,80.2232818604,29141,29151,10
12.9858903885,80.2229690552,29151,29161,10
12.9865598679,80.2229537964,29161,29182,21
12.9865598679,80.2229537964,29182,29192,10
12.9869499207,80.2229995728,29192,29202,10
12.9874200821,80.2230606079,29202,29212,10
12.988120079,80.2228164673,29212,29222,10
12.9887800217,80.2222290039,29222,29232,10
12.9892997742,80.2215499878,29232,29242,10
12.9898099899,80.2209396362,29242,29252,10
12.9903697968,80.2204284668,29252,29262,10
12.9904298782,80.2203903198,29262,29272,10
12.9905595779,80.2203063965,29272,29283,11
12.9909696579,80.2199401855,29283,29293,10
12.9915399551,80.2195205688,29293,29303,10
12.992190361,80.219039917,29303,29313,10
12.992890358,80.218536377,29313,29323,10
12.9935703278,80.2180480957,29323,29333,10
12.9941902161,80.2176208496,29333,29343,10
12.9946804047,80.2172470093,29343,29353,10
12.9951095581,80.2169570923,29353,29363,10
12.9956598282,80.2166976929,29363,29373,10
12.9964399338,80.2165222168,29373,29384,11
12.997130394,80.2164535522,29384,29394,10
12.9975404739,80.2161407471,29394,29403,9
12.9975996017,80.2160797119,29403,29414,11
12.9976701736,80.2160110474,29414,29424,10
12.9979600906,80.2157287598,29424,29434,10
12.998459816,80.2152404785,29434,29444,10
12.9990196228,80.2147979736,29444,29454,10
12.9993200302,80.2145767212,29454,29464,10
12.9996795654,80.214302063,29464,29474,10
13.0000600815,80.2139511108,29474,29485,11
13.0007095337,80.2133636475,29485,29495,10
13.0010700226,80.2130279541,29495,29505,10
13.0014095306,80.2127990723,29505,29515,10
13.0019197464,80.2124176025,29515,29525,10
13.0025501251,80.2121124268,29525,29535,10
13.0031700134,80.212059021,29535,29545,10
13.0036497116,80.2119598389,29545,29555,10
13.0036697388,80.2119369507,29555,29565,10
13.0037202835,80.2118530273,29565,29575,10
13.0037202835,80.21144104,29575,29586,11
13.0036802292,80.2108001709,29586,29596,10
13.0036096573,80.2103424072,29596,29606,10
13.0035495758,80.2098083496,29606,29616,10
13.0036096573,80.2092132568,29616,29626,10
13.0039596558,80.2086181641,29626,29636,10
13.0047903061,80.2089691162,29636,29646,10
13.005610466,80.2093200684,29646,29656,10
13.006310463,80.2095413208,29656,29666,10
13.007349968,80.2098007202,29666,29707,41
13.007349968,80.2098007202,29707,29717,10
13.0076904297,80.2098770142,29717,29727,10
13.0081796646,80.2099685669,29727,29737,10
13.0081195831,80.2094497681,29737,29747,10
13.0079498291,80.2085876465,29747,29757,10
13.0077896118,80.207572937,29757,29767,10
13.0076198578,80.2064590454,29767,29777,10
13.0075302124,80.2054367065,29777,29787,10
13.0075302124,80.2044906616,29787,29798,11
13.0074501038,80.2035064697,29798,29808,10
13.0071601868,80.2025909424,29808,29818,10
13.0065498352,80.2029190063,29818,29828,10
13.0069704056,80.2034225464,29828,29838,10
13.0076503754,80.2036590576,29838,29848,10
13.0086202621,80.2036895752,29848,29858,10
13.0098199844,80.2036209106,29858,29868,10
13.011179924,80.2036819458,29868,29878,10
13.0123996735,80.2038574219,29878,29888,10
13.0133304596,80.2040786743,29888,29899,11
13.0136995316,80.2045822144,29899,29929,30
13.0136995316,80.2045822144,29929,29939,10
13.0135202408,80.2049331665,29939,29949,10
13.0132703781,80.2057037354,29949,29957,8
13.0130796432,80.2064590454,29957,29969,12
13.0129699707,80.207611084,29969,29979,10
13.0128898621,80.2081604004,29979,29989,10
13.0128898621,80.2084579468,29989,29999,10
13.0129098892,80.2088165283,29999,30010,11
13.0130701065,80.2095413208,30010,30020,10
13.013130188,80.2101135254,30020,30030,10
13.013010025,80.2108612061,30030,30040,10
13.0125799179,80.2117462158,30040,30050,10
13.0120201111,80.2126235962,30050,30060,10
13.0117702484,80.2128295898,30060,30070,10
13.0113401413,80.2125015259,30070,30080,10
13.0108003616,80.212097168,30080,30090,10
13.0107698441,80.2120819092,30090,30100,10
13.0107002258,80.212020874,30100,30111,11
13.0105400085,80.2119064331,30111,30121,10
13.0104103088,80.2118835449,30121,30131,10
13.0098695755,80.2113571167,30131,30191,60
13.0096998215,80.2113800049,30191,30242,51
13.0096998215,80.2113494873,30242,30889,647
13.0096998215,80.2113494873,30889,30899,10
13.0096998215,80.2112579346,30899,31121,222
13.009519577,80.2110900879,31121,31273,152
13.009519577,80.2110900879,31273,31283,10
13.009180069,80.2112579346,31283,31293,10
13.0091695786,80.2112579346,31293,31303,10
13.0090703964,80.2115402222,31303,31313,10
13.0091104507,80.2117767334,31313,31323,10
13.0091600418,80.2119827271,31323,31333,10
13.0092401505,80.2122497559,31333,31343,10
13.0093803406,80.212677002,31343,31354,11
13.0096101761,80.2132720947,31354,31364,10
13.0098199844,80.2138137817,31364,31374,10
13.0100803375,80.2144622803,31374,31384,10
13.0102396011,80.2153091431,31384,31394,10
13.0105199814,80.2162322998,31394,31404,10
13.0109500885,80.2171707153,31404,31414,10
13.011300087,80.2179794312,31414,31424,10
13.011639595,80.2189178467,31424,31434,10
13.0119800568,80.2200012207,31434,31444,10
13.0122804642,80.2208862305,31444,31455,11
13.0126104355,80.2215270996,31455,31465,10
13.0129995346,80.2220230103,31465,31475,10
13.0133199692,80.222366333,31475,31485,10
13.0136995316,80.2228622437,31485,31495,10
13.0140199661,80.2234573364,31495,31505,10
13.0144395828,80.2240600586,31505,31515,10
13.0149002075,80.2245483398,31515,31525,10
13.0150299072,80.2246932983,31525,31535,10
13.0152702332,80.2249984741,31535,31545,10
13.0154399872,80.2252197266,31545,31555,10
13.0154800415,80.2254486084,31555,31566,11
13.0153398514,80.2257995605,31566,31576,10
13.0148801804,80.2259902954,31576,31586,10
13.0142698288,80.2262268066,31586,31596,10
13.0135402679,80.2265090942,31596,31606,10
13.0126800537,80.2268295288,31606,31616,10
13.0117902756,80.2272033691,31616,31626,10
13.0108804703,80.2275772095,31626,31636,10
13.0099802017,80.2279281616,31636,31646,10
13.0094995499,80.2276535034,31646,31656,10
13.0097703934,80.2270202637,31656,31667,11
13.0101299286,80.2262268066,31667,31677,10
13.0104598999,80.2254714966,31677,31687,10
13.0108003616,80.2246704102,31687,31697,10
13.0111198425,80.2238235474,31697,31707,10
13.011300087,80.2232131958,31707,31717,10
13.0112895966,80.2231826782,31717,31727,10
13.011059761,80.2230911255,31727,31768,41
13.011059761,80.2230911255,31768,31778,10
13.0105304718,80.2228469849,31778,31808,30
13.0105304718,80.2228469849,31808,31818,10
13.0103302002,80.2227783203,31818,31828,10
13.0098896027,80.2225265503,31828,31838,10
13.0092601776,80.2221908569,31838,31848,10
13.0084695816,80.2217407227,31848,31858,10
13.007610321,80.2213134766,31858,31868,10
13.0066995621,80.2207870483,31868,31879,11
13.0055303574,80.2204589844,31879,31889,10
13.0044698715,80.2202224731,31889,31899,10
13.0033998489,80.2199630737,31899,31909,10
13.0024204254,80.2194976807,31909,31919,10
13.0016698837,80.2186965942,31919,31929,10
13.0010700226,80.21824646,31929,31939,10
13.0003595352,80.2178115845,31939,31955,16
12.9988803864,80.2169494629,31955,31967,12
12.9975204468,80.2165374756,31967,31988,21
12.9975204468,80.2165374756,31988,31997,9
12.997300148,80.2165298462,31997,32008,11
12.9967002869,80.2165603638,32008,32018,10
12.9959602356,80.2167892456,32018,32028,10
12.995059967,80.2171478271,32028,32038,10
12.9942502975,80.2177200317,32038,32048,10
12.9935598373,80.2181777954,32048,32058,10
12.9926595688,80.2188186646,32058,32068,10
12.9917898178,80.2194213867,32068,32079,11
12.9908103943,80.2201766968,32079,32099,20
12.9908103943,80.2201766968,32099,32109,10
12.9906997681,80.2202606201,32109,32119,10
12.9903898239,80.2205123901,32119,32129,10
12.9899396896,80.2210235596,32129,32139,10
12.9893503189,80.2216796875,32139,32149,10
12.9887304306,80.222366333,32149,32159,10
12.9883003235,80.2227478027,32159,32169,10
12.9877700806,80.2230606079,32169,32179,10
12.9876499176,80.2230911255,32179,32190,11
12.987449646,80.2230911255,32190,32200,10
12.9869804382,80.2230072021,32200,32210,10
12.9863395691,80.2229537964,32210,32220,10
12.9856100082,80.2231369019,32220,32230,10
12.9850997925,80.2232284546,32230,32240,10
12.984459877,80.2229309082,32240,32250,10
12.9841098785,80.2227478027,32250,32260,10
12.9836301804,80.2224578857,32260,32270,10
12.9832496643,80.2221984863,32270,32291,21
12.9832496643,80.2221984863,32291,32301,10
12.9829597473,80.2220611572,32301,32311,10
12.9825296402,80.2218475342,32311,32320,9
12.9819803238,80.2216110229,32320,32330,10
12.9816102982,80.2213516235,32330,32341,11
12.9809999466,80.2210998535,32341,32351,10
12.9801397324,80.2211380005,32351,32361,10
12.9792499542,80.2211608887,32361,32371,10
12.9782400131,80.2211914063,32371,32381,10
12.9771795273,80.2212371826,32381,32392,11
12.9761695862,80.2213973999,32392,32413,21
12.9761695862,80.2213973999,32413,32423,10
12.9762096405,80.2216186523,32423,32433,10
12.9763803482,80.2219085693,32433,32514,81
12.9763803482,80.2219085693,32514,32524,10
12.9764404297,80.2221832275,32524,32534,10
12.9766798019,80.2225189209,32534,32544,10
12.9770498276,80.2230529785,32544,32554,10
12.9774799347,80.223739624,32554,32564,10
12.977930069,80.2244491577,32564,32574,10
12.9782104492,80.2248764038,32574,32584,10
12.9785499573,80.225402832,32584,32594,10
12.9789600372,80.2260818481,32594,32605,11
12.9793195724,80.2266464233,32605,32615,10
12.9796304703,80.2271575928,32615,32625,10
12.9800195694,80.2277832031,32625,32635,10
12.980340004,80.2282867432,32635,32651,16
12.9806003571,80.2287902832,32651,32663,12
12.9808301926,80.2291793823,32663,32673,10
12.9809503555,80.2293701172,32673,32683,10
12.9811601639,80.2296981812,32683,32693,10
12.9817304611,80.2305603027,32693,32713,20
12.9817304611,80.2305603027,32713,32724,11
12.9818000793,80.2307128906,32724,32734,10
12.9819602966,80.2311706543,32734,32744,10
12.982049942,80.2318725586,32744,32754,10
12.9820299149,80.2325286865,32754,32764,10
12.9819297791,80.2329025269,32764,32775,11
12.9817399979,80.2333526611,32775,32784,9
12.9816598892,80.2335281372,32784,32794,10
12.9816398621,80.2335510254,32794,32805,11
12.9814395905,80.2339782715,32805,32816,11
12.9812602997,80.2347412109,32816,32826,10
12.9812803268,80.2356567383,32826,32836,10
12.981300354,80.2366790771,32836,32846,10
12.9813299179,80.2374267578,32846,32856,10
12.9813499451,80.237701416,32856,32866,10
12.9813499451,80.2377166748,32866,32876,10
12.9813499451,80.2378921509,32876,32886,10
12.9813604355,80.2381591797,32886,32896,10
12.9813699722,80.2386627197,32896,32906,10
12.9813804626,80.2387237549,32906,32916,10
12.9813899994,80.2393875122,32916,32947,31
12.9813899994,80.2393875122,32947,32957,10
12.9814100266,80.2397384644,32957,32967,10
12.9813995361,80.2401428223,32967,32977,10
12.9813995361,80.2408294678,32977,32987,10
12.9813995361,80.2416992188,32987,32997,10
12.9814195633,80.2422714233,32997,33007,10
12.9814300537,80.2426834106,33007,33017,10
12.9814395905,80.2428131104,33017,33028,11
12.9814195633,80.2428970337,33028,33038,10
12.9814300537,80.2432403564,33038,33048,10
12.9813995361,80.2437667847,33048,33058,10
12.9812803268,80.2445526123,33058,33068,10
12.9811601639,80.2454833984,33068,33078,10
12.9810400009,80.2465667725,33078,33088,10
12.980919838,80.2477874756,33088,33098,10
12.9808101654,80.2490386963,33098,33108,10
12.9806098938,80.2502822876,33108,33118,10
12.9802799225,80.2514877319,33118,33129,11
12.9799604416,80.2525405884,33129,33215,86
12.9799604416,80.2525405884,33215,33227,12
12.9799003601,80.2526931763,33227,33236,9
12.9797801971,80.2528076172,33236,33248,12
12.9792299271,80.2527236938,33248,33258,10
12.9786901474,80.2526397705,33258,33268,10
12.9786396027,80.2526168823,33268,33278,10
12.9785804749,80.252571106,33278,33288,10
12.9781703949,80.2522964478,33288,33298,10
12.9775695801,80.2517623901,33298,33308,10
12.9766998291,80.2513122559,33308,33319,11
12.9754896164,80.2509536743,33319,33329,10
12.9743003845,80.2506103516,33329,33339,10
12.9731903076,80.2503204346,33339,33350,11
12.9725704193,80.2501907349,33350,33360,10
12.9725704193,80.2501983643,33360,33370,10
12.9724998474,80.2502212524,33370,33380,10
12.9722900391,80.2501373291,33380,33390,10
12.971739769,80.2499694824,33390,33400,10
12.9709501266,80.24974823,33400,33410,10
12.9700202942,80.2494277954,33410,33420,10
12.9689598083,80.2490005493,33420,33430,10
12.9679098129,80.2486114502,33430,33440,10
12.9669399261,80.2481765747,33440,33457,17
12.9651098251,80.2474365234,33457,33489,32
12.9651098251,80.2474365234,33489,33499,10
12.9650001526,80.2474136353,33499,33509,10
12.9645395279,80.2472305298,33509,33519,10
12.9640598297,80.2470397949,33519,33529,10
12.9638299942,80.2469482422,33529,33539,10
12.9633197784,80.2466812134,33539,33550,11
12.9625196457,80.2462387085,33550,33560,10
12.9616699219,80.2458267212,33560,33570,10
12.9608201981,80.2454299927,33570,33580,10
12.9599199295,80.2450408936,33580,33590,10
12.9594602585,80.2448425293,33590,33610,20
12.9594602585,80.2448425293,33610,33620,10
12.9593801498,80.2448196411,33620,33630,10
12.959230423,80.2447433472,33630,33640,10
12.9588603973,80.2445373535,33640,33651,11
12.9583501816,80.2443237305,33651,33661,10
12.95773983,80.244102478,33661,33671,10
12.9569797516,80.2438430786,33671,33681,10
12.9564800262,80.2436676025,33681,33701,20
12.9564800262,80.2436676025,33701,33711,10
12.9563999176,80.2436523438,33711,33721,10
12.9561004639,80.2435302734,33721,33731,10
12.9554901123,80.2431869507,33731,33741,10
12.9546699524,80.2427978516,33741,33752,11
12.9536399841,80.2423629761,33752,33762,10
12.9525499344,80.2419433594,33762,33772,10
12.9517402649,80.2416992188,33772,33782,10
12.9516801834,80.2416763306,33782,33792,10
12.9515600204,80.2416381836,33792,33802,10
12.9512395859,80.2415237427,33802,33832,30
12.9512395859,80.2415237427,33832,33842,10
12.950920105,80.2413864136,33842,33852,10
12.950630188,80.2413024902,33852,33863,11
12.9503202438,80.2412185669,33863,33873,10
12.9497003555,80.2410430908,33873,33883,10
12.948969841,80.2407913208,33883,33893,10
12.9481801987,80.2404632568,33893,33903,10
12.947520256,80.240196228,33903,33913,10
12.9472503662,80.2400588989,33913,33923,10
12.9472398758,80.2400588989,33923,33933,10
12.9471502304,80.2400131226,33933,33943,10
12.9467201233,80.2398300171,33943,33953,10
12.9460000992,80.2395324707,33953,33963,10
12.9451904297,80.2390899658,33963,33974,11
12.9444303513,80.23828125,33974,33984,10
12.9437198639,80.2375106812,33984,33994,10
12.9433603287,80.2371673584,33994,34004,10
12.9433097839,80.2371292114,34004,34013,9
12.9429998398,80.2368392944,34013,34024,11
12.9422798157,80.2364883423,34024,34034,10
12.9411897659,80.2361984253,34034,34044,10
12.9398097992,80.2358093262,34044,34064,20
12.9398097992,80.2358093262,34064,34075,11
12.9397296906,80.2357635498,34075,34085,10
12.9392995834,80.2355728149,34085,34095,10
12.9385700226,80.2352218628,34095,34105,10
12.9376497269,80.2347488403,34105,34115,10
12.9365997314,80.2342376709,34115,34125,10
12.935959816,80.2339172363,34125,34135,10
12.9359197617,80.2338867188,34135,34145,10
12.9358901978,80.2338485718,34145,34155,10
12.9355201721,80.2337036133,34155,34165,10
12.9348402023,80.2333984375,34165,34175,10
12.9340295792,80.2330627441,34175,34186,11
12.9339399338,80.2330093384,34186,34197,11
12.9338197708,80.2329177856,34197,34207,10
12.9334201813,80.232749939,34207,34217,10
12.9325895309,80.232421875,34217,34227,10
12.9316101074,80.2321014404,34227,34237,10
12.9304704666,80.2317581177,34237,34247,10
12.9299497604,80.2316436768,34247,34257,10
12.9296503067,80.2315597534,34257,34267,10
12.9291200638,80.2314605713,34267,34277,10
12.9285402298,80.231338501,34277,34288,11
12.9275598526,80.2311935425,34288,34298,10
12.9265203476,80.231048584,34298,34308,10
12.9261598587,80.2310180664,34308,34318,10
12.9259700775,80.231010437,34318,34328,10
12.9253902435,80.2309265137,34328,34338,10
12.9245500565,80.2308425903,34338,34348,10
12.9235696793,80.2306976318,34348,34358,10
12.9223804474,80.2305221558,34358,34368,10
12.9210796356,80.2303314209,34368,34378,10
12.9198102951,80.230178833,34378,34389,11
12.9191598892,80.2301101685,34389,34399,10
12.9191398621,80.2301101685,34399,34409,10
12.9189100266,80.2300796509,34409,34419,10
12.918299675,80.2300033569,34419,34429,10
12.9174098969,80.2298812866,34429,34439,10
12.9163103104,80.2297210693,34439,34449,10
12.9150495529,80.2295227051,34449,34459,10
12.9132699966,80.229309082,34459,34479,20
12.9132699966,80.229309082,34479,34489,10
12.9131402969,80.2292785645,34489,34500,11
12.9124803543,80.2291793823,34500,34510,10
12.9115800858,80.229057312,34510,34520,10
12.9104795456,80.2288894653,34520,34530,10
12.909239769,80.2286834717,34530,34540,10
12.9081401825,80.228477478,34540,34550,10
12.9068803787,80.2283325195,34550,34782,232
12.9068803787,80.2283325195,34782,34792,10
12.9067602158,80.2282791138,34792,34802,10
12.9063196182,80.2282409668,34802,34813,11
12.9054498672,80.2281723022,34813,34823,10
12.9043798447,80.2281417847,34823,34833,10
12.9032001495,80.2280883789,34833,34843,10
12.9020700455,80.2280502319,34843,35025,182
12.9020700455,80.2280502319,35025,35035,10
12.9019498825,80.2280426025,35035,35045,10
12.9017496109,80.2280197144,35045,35055,10
12.901599884,80.2280197144,35055,35065,10
12.9014501572,80.228012085,35065,35075,10
12.901260376,80.2280197144,35075,35085,10
12.9009599686,80.2279815674,35085,35095,10
12.9007196426,80.2279434204,35095,35105,10
12.9005002975,80.2279205322,35105,35115,10
12.900179863,80.227897644,35115,35126,11
12.8995399475,80.227897644,35126,35136,10
12.8987998962,80.227897644,35136,35166,30
12.8987998962,80.227897644,35166,35176,10
12.8986301422,80.2278366089,35176,35186,10
12.8981304169,80.2277679443,35186,35196,10
12.8972902298,80.227722168,35196,35206,10
12.8962202072,80.2276916504,35206,35216,10
12.8949403763,80.2276535034,35216,35227,11
12.8935499191,80.2275466919,35227,35237,10
12.8930301666,80.2275009155,35237,35247,10
12.8928804398,80.2274780273,35247,35257,10
12.8923997879,80.2274169922,35257,35267,10
12.8917503357,80.2273864746,35267,35277,10
12.8909397125,80.2273788452,35277,35287,10
12.8899898529,80.2273712158,35287,35297,10
12.8890600204,80.2273712158,35297,35307,10
12.8885698318,80.2273712158,35307,35317,10
12.8880901337,80.2273406982,35317,35327,10
12.887260437,80.2272415161,35327,35338,11
12.886059761,80.2269515991,35338,35348,10
12.8851299286,80.2267608643,35348,35358,10
12.8844499588,80.2267227173,35358,35368,10
12.8834600449,80.2267227173,35368,35378,10
12.8822202682,80.2267379761,35378,35388,10
12.8808202744,80.2267303467,35388,35398,10
12.8794298172,80.2267303467,35398,35408,10
12.8781204224,80.2267990112,35408,35418,10
12.877120018,80.226890564,35418,35428,10
12.8767204285,80.2269363403,35428,35459,31
12.8767204285,80.2269363403,35459,35469,10
12.8765096664,80.2268981934,35469,35489,20
12.8765096664,80.2268981934,35489,35499,10
12.8764095306,80.2266998291,35499,35509,10
12.8764400482,80.2264404297,35509,35519,10
12.876449585,80.2263565063,35519,35529,10
12.8765201569,80.2259063721,35529,35545,16
12.8766403198,80.2246322632,35545,35558,13
12.8768901825,80.2233581543,35558,35568,10
12.877120018,80.2223815918,35568,35578,10
12.8774900436,80.2207489014,35578,35587,9
12.8777999878,80.2194213867,35587,35598,11
12.8781604767,80.2177810669,35598,35608,10
12.8784599304,80.2162704468,35608,35618,10
12.878780365,80.2147598267,35618,35628,10
12.8790798187,80.2132110596,35628,35638,10
12.879360199,80.2116928101,35638,35649,11
12.8791999817,80.210899353,35649,35659,10
12.8789596558,80.2108764648,35659,35669,10
12.8784704208,80.2107772827,35669,35679,10
12.8776197433,80.2106323242,35679,35689,10
12.8767204285,80.2104492188,35689,35699,10
12.8757801056,80.2102813721,35699,35709,10
12.874879837,80.2101364136,35709,35719,10
12.8745803833,80.2100982666,35719,35729,10
12.8743801117,80.2099380493,35729,35739,10
12.8744802475,80.2095489502,35739,35749,10
12.8747596741,80.2097167969,35749,36880,1131
12.8747596741,80.2097167969,36880,36890,10
12.8747396469,80.2101211548,36890,36900,10
12.8750600815,80.2101898193,36900,36911,11
12.8756198883,80.2102966309,36911,36921,10
12.876250267,80.2104187012,36921,36931,10
12.8769798279,80.2105636597,36931,36941,10
12.8776702881,80.2106933594,36941,36951,10
12.8784399033,80.2108306885,36951,36961,10
12.8792104721,80.2109603882,36961,36991,30
12.8792104721,80.2109603882,36991,37001,10
12.879360199,80.2110137939,37001,37012,11
12.8795003891,80.2113723755,37012,37022,10
12.879360199,80.2120132446,37022,37032,10
12.8791999817,80.2128219604,37032,37042,10
12.8790302277,80.2136917114,37042,37052,10
12.8788499832,80.2145996094,37052,37062,10
12.8786497116,80.2155838013,37062,37072,10
12.8784399033,80.2165603638,37072,37082,10
12.8782396317,80.2175827026,37082,37092,10
12.8780202866,80.2186431885,37092,37102,10
12.8777704239,80.2197189331,37102,37112,10
12.8775501251,80.220703125,37112,37123,11
12.877289772,80.2218322754,37123,37133,10
12.8770503998,80.2229003906,37133,37143,10
12.8769102097,80.2235336304,37143,37153,10
12.8768396378,80.2238616943,37153,37163,10
12.8767595291,80.2242965698,37163,37173,10
12.8766803741,80.224899292,37173,37183,10
12.8766002655,80.2255935669,37183,37193,10
12.8764600754,80.2267837524,37193,37224,31
12.8764600754,80.2267837524,37224,37234,10
12.8765802383,80.226890564,37234,37244,10
12.8769903183,80.2268600464,37244,37254,10
12.8777799606,80.2267990112,37254,37264,10
12.8787899017,80.2267074585,37264,37274,10
12.8799600601,80.2266693115,37274,37284,10
12.8812198639,80.2266464233,37284,37294,10
12.8822002411,80.2266387939,37294,37304,10
12.8837003708,80.226600647,37304,37314,10
12.8851804733,80.2265930176,37314,37335,21
12.8851804733,80.2265930176,37335,37345,10
12.8854103088,80.2266235352,37345,37355,10
12.8860397339,80.2267837524,37355,37365,10
12.8869304657,80.2270126343,37365,37375,10
12.8885498047,80.2272109985,37375,37395,20
12.8885498047,80.2272109985,37395,37405,10
12.8887996674,80.2272262573,37405,37415,10
12.8893995285,80.2272262573,37415,37425,10
12.8901901245,80.2272262573,37425,37436,11
12.8912401199,80.2272415161,37436,37446,10
12.8921604156,80.2272415161,37446,37456,10
12.8923397064,80.2272415161,37456,37466,10
12.8925304413,80.2272491455,37466,37476,10
12.8931303024,80.2273330688,37476,37486,10
12.8939199448,80.227432251,37486,37496,10
12.8941202164,80.2274398804,37496,37506,10
12.8942804337,80.2274627686,37506,37516,10
12.8948802948,80.2274932861,37516,37526,10
12.8957595825,80.2275238037,37526,37536,10
12.8968400955,80.2275695801,37536,37547,11
12.8981199265,80.2276535034,37547,37557,10
12.8992595673,80.2277297974,37557,37567,10
12.9002304077,80.2277679443,37567,37577,10
12.9006700516,80.2277832031,37577,37637,60
12.9006700516,80.2277832031,37637,37648,11
12.9007797241,80.2277526855,37648,37658,10
12.901140213,80.2278137207,37658,37668,10
12.9015703201,80.2278671265,37668,37678,10
12.9028997421,80.2279205322,37678,37706,28
12.9028997421,80.2279205322,37706,37714,8
12.9030199051,80.227897644,37714,37726,12
12.9035396576,80.2279434204,37726,37736,10
12.9040603638,80.2279815674,37736,37746,10
12.9048404694,80.2280426025,37746,37757,11
12.905670166,80.2280731201,37757,37786,29
12.905670166,80.2280731201,37786,37797,11
12.9057798386,80.2280883789,37797,37807,10
12.9061603546,80.2281036377,37807,37817,10
12.9069900513,80.2281799316,37817,37837,20
12.9069900513,80.2281799316,37837,37847,10
12.9072504044,80.2282104492,37847,37857,10
12.9078798294,80.228302002,37857,37868,11
12.9088802338,80.2284622192,37868,37878,10
12.9100103378,80.2286605835,37878,37888,10
12.9112901688,80.2288665771,37888,37898,10
12.9125995636,80.229057312,37898,37908,10
12.9140100479,80.2292404175,37908,37928,20
12.9140100479,80.2292404175,37928,37938,10
12.9142799377,80.2292633057,37938,37948,10
12.914899826,80.229347229,37948,37958,10
12.915769577,80.2294769287,37958,37969,11
12.9169397354,80.2296524048,37969,37979,10
12.9180803299,80.2298202515,37979,37989,10
12.9191303253,80.2299423218,37989,37999,10
12.9193401337,80.2299575806,37999,38009,10
12.9193897247,80.2299804688,38009,38019,10
12.9198198318,80.2300186157,38019,38029,10
12.920539856,80.2301101685,38029,38039,10
12.9214496613,80.2302322388,38039,38049,10
12.9225101471,80.2304000854,38049,38059,10
12.9237003326,80.2305679321,38059,38069,10
12.9249200821,80.2307281494,38069,38086,17
12.9263896942,80.2308807373,38086,38098,12
12.9264497757,80.2308807373,38098,38108,10
12.9267597198,80.2309188843,38108,38118,10
12.9275197983,80.2310180664,38118,38128,10
12.9287796021,80.2311935425,38128,38147,19
12.9287796021,80.2311935425,38147,38158,11
12.9290800095,80.2312469482,38158,38168,10
12.9296398163,80.2313766479,38168,38179,11
12.9305400848,80.2315979004,38179,38189,10
12.931520462,80.2319107056,38189,38199,10
12.9326400757,80.2322769165,38199,38209,10
12.9335403442,80.2326507568,38209,38219,10
12.9336395264,80.2326812744,38219,38229,10
12.933719635,80.2327194214,38229,38239,10
12.9341602325,80.2329177856,38239,38249,10
12.9349098206,80.2332611084,38249,38259,10
12.935790062,80.2336730957,38259,38269,10
12.936829567,80.234161377,38269,38280,11
12.9381198883,80.2347793579,38280,38290,10
12.9392595291,80.2353515625,38290,38300,10
12.9398202896,80.2356414795,38300,38320,20
12.9398202896,80.2356414795,38320,38330,10
12.940199852,80.2358169556,38330,38340,10
12.9408197403,80.236000061,38340,38350,10
12.9416704178,80.2361907959,38350,38360,10
12.9426603317,80.2365036011,38360,38370,10
12.943479538,80.2370605469,38370,38380,10
12.9436597824,80.2372436523,38380,38391,11
12.9436597824,80.2372665405,38391,38401,10
12.9439697266,80.2376022339,38401,38411,10
12.9444904327,80.2381896973,38411,38421,10
12.9451599121,80.2389068604,38421,38430,9
12.9460496902,80.239440918,38430,38441,11
12.9473400116,80.2399597168,38441,38461,20
12.9473400116,80.2399597168,38461,38471,10
12.9473800659,80.2399673462,38471,38481,10
12.9479799271,80.2402191162,38481,38502,21
12.9479799271,80.2402191162,38502,38512,10
12.9482402802,80.2403182983,38512,38522,10
12.948679924,80.2405090332,38522,38532,10
12.9492797852,80.2407226563,38532,38542,10
12.9498996735,80.2409286499,38542,38552,10
12.9506597519,80.2411499023,38552,38562,10
12.9510402679,80.2412796021,38562,38582,20
12.9510402679,80.2412796021,38582,38592,10
12.9513196945,80.2414093018,38592,38603,11
12.9517202377,80.2415313721,38603,38613,10
12.9523000717,80.2417373657,38613,38623,10
12.9530696869,80.2420196533,38623,38633,10
12.9537601471,80.2423019409,38633,38642,9
12.9543800354,80.2425613403,38642,38653,11
12.9551401138,80.2428512573,38653,38663,10
12.9563398361,80.2432403564,38663,38693,30
12.9563398361,80.2432403564,38693,38704,11
12.9567499161,80.2433776855,38704,38714,10
12.9573402405,80.2436981201,38714,38724,10
12.9580202103,80.2440185547,38724,38734,10
12.9587802887,80.2443313599,38734,38744,10
12.9589395523,80.2444000244,38744,38754,10
12.9589996338,80.2444534302,38754,38764,10
12.9593801498,80.2446594238,38764,38774,10
12.9600296021,80.2449569702,38774,38784,10
12.9608697891,80.2453384399,38784,38794,10
12.9618797302,80.2458190918,38794,38804,10
12.9628601074,80.2462768555,38804,38853,49
12.9629201889,80.2463226318,38853,38914,61
12.9629201889,80.2463226318,38914,38924,10
12.9629201889,80.2463378906,38924,38934,10
12.963139534,80.2464370728,38934,38944,10
12.9634304047,80.24659729,38944,38954,10
12.9637699127,80.2467727661,38954,38964,10
12.9643697739,80.2469787598,38964,38974,10
12.965180397,80.2472686768,38974,38984,10
12.9660997391,80.2476119995,38984,38994,10
12.9666795731,80.247833252,38994,39014,20
12.9666795731,80.247833252,39014,39025,11
12.9668998718,80.2479400635,39025,39035,10
12.9674396515,80.2481994629,39035,39045,10
12.9682502747,80.2485275269,39045,39055,10
12.9691095352,80.2489013672,39055,39065,10
12.9701404572,80.2493362427,39065,39075,10
12.9713497162,80.249710083,39075,39085,10
12.9726400375,80.2500534058,39085,39095,10
12.9736700058,80.2503128052,39095,39105,10
12.9742498398,80.2504425049,39105,39115,10
12.9744195938,80.2504806519,39115,39126,11
12.9745197296,80.25050354,39126,39136,10
12.9748096466,80.2506027222,39136,39146,10
12.975060463,80.2506790161,39146,39156,10
12.9756803513,80.2508468628,39156,39166,10
12.976559639,80.2511062622,39166,39176,10
12.9775400162,80.2515335083,39176,39185,9
12.97838974,80.2522125244,39185,39195,10
12.9792804718,80.2525100708,39195,39206,11
12.9798402786,80.2524795532,39206,39216,10
12.9799499512,80.2522888184,39216,39237,21
12.9799499512,80.2522888184,39237,39247,10
12.9799900055,80.2520980835,39247,39257,10
12.9801301956,80.2516098022,39257,39267,10
12.9803600311,80.2508392334,39267,39277,10
12.9806003571,80.2498779297,39277,39287,10
12.9807500839,80.2487335205,39287,39297,10
12.9808301926,80.2477111816,39297,39307,10
12.9809799194,80.2460784912,39307,39317,10
12.9811401367,80.2447280884,39317,39327,10
12.9812202454,80.2438201904,39327,39338,11
12.9813604355,80.2434692383,39338,39348,10
12.9813699722,80.2427978516,39348,39368,20
12.9813699722,80.2427978516,39368,39378,10
12.9813699722,80.2427368164,39378,39388,10
12.9813699722,80.2423171997,39388,39398,10
12.9813604355,80.241569519,39398,39408,10
12.9813604355,80.2406387329,39408,39418,10
12.9813299179,80.2396469116,39418,39428,10
12.9812803268,80.2379608154,39428,39459,31
12.9812803268,80.2379608154,39459,39469,10
12.9812698364,80.23777771,39469,39479,10
12.9812498093,80.2372207642,39479,39489,10
12.9812202454,80.236366272,39489,39499,10
12.981180191,80.2353820801,39499,39509,10
12.9811897278,80.2344207764,39509,39519,10
12.9813604355,80.2338562012,39519,39529,10
12.9814195633,80.233757019,39529,39540,11
12.9815397263,80.2335128784,39540,39550,10
12.9816303253,80.2333297729,39550,39570,20
12.9816303253,80.2333297729,39570,39580,10
12.9817199707,80.2331924438,39580,39590,10
12.9819202423,80.2327194214,39590,39600,10
12.9820203781,80.2322235107,39600,39610,10
12.9819803238,80.2315673828,39610,39620,10
12.9818201065,80.23097229,39620,39630,10
12.9815502167,80.2304382324,39630,39640,10
12.9810800552,80.2296829224,39640,39651,11
12.9807500839,80.2291793823,39651,39661,10
12.9806203842,80.2289733887,39661,39671,10
12.9805803299,80.2289123535,39671,39681,10
12.9805698395,80.2288970947,39681,39691,10
12.9803800583,80.2285766602,39691,39701,10
12.9801397324,80.2280578613,39701,39711,10
12.9797096252,80.2273712158,39711,39721,10
12.9792699814,80.2266464233,39721,39731,10
12.9788398743,80.2259292603,39731,39742,11
12.9783496857,80.2251281738,39742,39752,10
12.9780797958,80.2246932983,39752,39762,10
12.9778203964,80.2243881226,39762,39772,10
12.9774904251,80.2238311768,39772,39782,10
12.9770698547,80.2231369019,39782,39792,10
12.9771995544,80.2226715088,39792,39822,30
12.9771995544,80.2226715088,39822,39832,10
12.9774799347,80.2225799561,39832,39842,10
12.9775104523,80.2221832275,39842,39852,10
12.9774799347,80.2215194702,39852,39863,11
12.9774599075,80.2212677002,39863,39873,10
12.9778003693,80.2211990356,39873,39883,10
12.9783296585,80.2211303711,39883,39893,10
12.9791898727,80.2210617065,39893,39903,10
12.9801597595,80.2210235596,39903,39913,10
12.9809503555,80.2209777832,39913,39923,10
12.981710434,80.2213821411,39923,39933,10
12.9821500778,80.2216796875,39933,39943,10
12.9830198288,80.2219619751,39943,39974,31
12.9830198288,80.2219619751,39974,39984,10
12.9832897186,80.2221221924,39984,39994,10
12.9835500717,80.222328186,39994,40004,10
12.9840898514,80.2226409912,40004,40014,10
12.9848299026,80.2230834961,40014,40024,10
12.9853496552,80.2232589722,40024,40034,10
12.9857196808,80.2230300903,40034,40044,10
12.9863901138,80.2229385376,40044,40054,10
12.9864902496,80.2229309082,40054,40065,11
12.9867601395,80.2229309082,40065,40075,10
12.9870996475,80.2229766846,40075,40085,10
12.9872398376,80.2230072021,40085,40095,10
12.9876804352,80.2230072021,40095,40105,10
12.9883403778,80.2225799561,40105,40115,10
12.9889497757,80.2219314575,40115,40125,10
12.9894895554,80.2212371826,40125,40135,10
12.9901599884,80.2205581665,40135,40145,10
12.9905500412,80.2202301025,40145,40155,10
12.9906101227,80.220199585,40155,40165,10
12.9909200668,80.2199630737,40165,40176,11
12.9912996292,80.2196502686,40176,40186,10
12.9917402267,80.219329834,40186,40196,10
12.9924297333,80.2188262939,40196,40206,10
12.9932699203,80.218208313,40206,40216,10
12.9941396713,80.2176208496,40216,40226,10
12.9949302673,80.2170715332,40226,40236,10
12.9956798553,80.2166671753,40236,40252,16
12.9969797134,80.2164382935,40252,40264,12
12.9974002838,80.2161865234,40264,40273,9
12.9975299835,80.2160873413,40273,40284,11
12.9976902008,80.2159729004,40284,40295,11
12.9981098175,80.2155838013,40295,40305,10
12.9983301163,80.2154006958,40305,40315,10
12.9988203049,80.2149810791,40315,40325,10
12.9991502762,80.2146911621,40325,40334,9
12.9995203018,80.2143783569,40334,40345,11
13.0000801086,80.2138900757,40345,40355,10
13.0007095337,80.2133407593,40355,40365,10
13.0013399124,80.2128219604,40365,40375,10
13.0020999908,80.2122802734,40375,40386,11
13.0027198792,80.212059021,40386,40396,10
13.0034303665,80.2119827271,40396,40406,10
13.0036497116,80.2118682861,40406,40416,10
13.0037002563,80.2117767334,40416,40426,10
13.0036897659,80.2113037109,40426,40436,10
13.0036096573,80.2105331421,40436,40446,10
13.0035200119,80.2097167969,40446,40456,10
13.0036401749,80.2089614868,40456,40466,10
13.0040397644,80.2086181641,40466,40476,10
13.0048398972,80.2089767456,40476,40487,11
13.0055103302,80.2092514038,40487,40507,20
13.0055103302,80.2092514038,40507,40517,10
13.005900383,80.2093887329,40517,40527,10
13.0061302185,80.2094573975,40527,40537,10
13.0065603256,80.209602356,40537,40547,10
13.0070400238,80.2097396851,40547,40557,10
13.0072097778,80.2097625732,40557,40573,16
13.0073003769,80.2097702026,40573,40585,12
13.007349968,80.209777832,40585,40596,11
13.0077104568,80.2098464966,40596,40606,10
13.0080604553,80.2099380493,40606,40614,8
13.0081701279,80.2097167969,40614,40625,11
13.0079898834,80.2089080811,40625,40636,11
13.007809639,80.2078018188,40636,40646,10
13.0076503754,80.2067184448,40646,40656,10
13.0075302124,80.205657959,40656,40666,10
13.007519722,80.2044372559,40666,40676,10
13.0074195862,80.2033996582,40676,40686,10
13.0069999695,80.2025222778,40686,40697,11
13.0065898895,80.2031402588,40697,40707,10
13.0072402954,80.2035598755,40707,40717,10
13.008099556,80.2037200928,40717,40726,9
13.0091695786,80.2036590576,40726,40737,11
13.0105800629,80.2036209106,40737,40747,10
13.0119104385,80.2037582397,40747,40757,10
13.0130701065,80.2039871216,40757,40767,10
13.013759613,80.2042999268,40767,40787,20
13.013759613,80.2042999268,40787,40798,11
13.0136995316,80.2045593262,40798,40828,30
13.0136995316,80.2045593262,40828,40838,10
13.013469696,80.2049713135,40838,40848,10
13.0132398605,80.2057037354,40848,40858,10
13.0130395889,80.2065887451,40858,40868,10
13.0129699707,80.2074584961,40868,40878,10
13.0128898621,80.2079391479,40878,40888,10
13.0129003525,80.2083816528,40888,40898,10
13.0129299164,80.2087020874,40898,40909,11
13.0130996704,80.2094421387,40909,40919,10
13.0132102966,80.2100372314,40919,40929,10
13.0130796432,80.2108078003,40929,40945,16
13.0123701096,80.2121429443,40945,40957,12
13.0120401382,80.2126235962,40957,40965,8
13.0119895935,80.212677002,40965,40977,12
13.0116701126,80.2127380371,40977,40987,10
13.0111703873,80.2123565674,40987,40997,10
13.0106096268,80.2119598389,40997,41007,10
13.0102396011,80.2117385864,41007,41502,495
13.0102396011,80.2117385864,41502,41512,10
13.0101900101,80.2116775513,41512,41553,41
13.0101900101,80.2116775513,41553,41563,10
13.0099697113,80.211479187,41563,41573,10
13.0096998215,80.2113037109,41573,41644,71
13.0094499588,80.2111663818,41644,42205,561
13.0094499588,80.2111663818,42205,42215,10
13.0092496872,80.2111282349,42215,42225,10
13.0090303421,80.2114715576,42225,42245,20
13.0090303421,80.2114715576,42245,42255,10
13.0089998245,80.2115936279,42255,42265,10
13.009059906,80.2117767334,42265,42276,11
13.0091495514,80.2120819092,42276,42286,10
13.0092496872,80.2123718262,42286,42296,10
13.0094003677,80.2127990723,42296,42306,10
13.0095701218,80.2132415771,42306,42316,10
13.0097503662,80.2137069702,42316,42326,10
13.0099697113,80.2142105103,42326,42336,10
13.0101499557,80.2147827148,42336,42346,10
13.0102500916,80.215461731,42346,42356,10
13.0104799271,80.2161407471,42356,42366,10
13.0108098984,80.2168426514,42366,42377,11
13.0111598969,80.2175827026,42377,42387,10
13.0114402771,80.2182235718,42387,42397,10
13.011759758,80.2190704346,42397,42407,10
13.012049675,80.2200164795,42407,42423,16
13.0123500824,80.2209625244,42423,42435,12
13.0124797821,80.2214584351,42435,42445,10
13.012720108,80.221862793,42445,42455,10
13.0130996704,80.2224121094,42455,42465,10
13.0136098862,80.2229385376,42465,42475,10
13.0140304565,80.2234420776,42475,42486,11
13.014380455,80.2239685059,42486,42496,10
13.0149698257,80.2246170044,42496,42506,10
13.0154695511,80.2252578735,42506,42516,10
13.0154104233,80.2257003784,42516,42527,11
13.0150003433,80.2259674072,42527,42537,10
13.0142202377,80.2262573242,42537,42547,10
13.0133399963,80.2265930176,42547,42557,10
13.0123796463,80.2269668579,42557,42567,10
13.0115003586,80.2273178101,42567,42577,10
13.0104598999,80.2277297974,42577,42588,11
13.0096597672,80.2279205322,42588,42598,10
13.0096302032,80.2273635864,42598,42608,10
13.0099496841,80.2266387939,42608,42618,10
13.0103597641,80.2257232666,42618,42628,10
13.0106201172,80.2251281738,42628,42638,10
13.0106601715,80.2250213623,42638,42648,10
13.0108499527,80.2246704102,42648,42658,10
13.0111303329,80.2240219116,42658,42668,10
13.0113296509,80.2233963013,42668,42678,10
13.0110797882,80.2231063843,42678,42688,10
13.0104598999,80.2228469849,42688,42699,11
13.0103902817,80.2228164673,42699,42709,10
13.0100603104,80.2226104736,42709,42719,10
13.0094499588,80.2222824097,42719,42729,10
13.0086603165,80.2218399048,42729,42745,16
13.0071001053,80.2210464478,42745,42757,12
13.0057897568,80.2205886841,42757,42767,10
13.0050697327,80.2204208374,42767,42776,9
13.0046195984,80.2202987671,42776,42787,11
13.0044002533,80.2202301025,42787,42799,12
13.0037002563,80.2200775146,42799,42809,10
13.0028400421,80.2198104858,42809,42819,10
13.0020198822,80.2191162109,42819,42827,8
13.0013504028,80.218536377,42827,42839,12
13.0003595352,80.2178192139,42839,42849,10
12.9997301102,80.2174301147,42849,42859,10
12.9990501404,80.2170791626,42859,42869,10
12.9981298447,80.2166671753,42869,42879,10
12.9975004196,80.216583252,42879,42899,20
12.9975004196,80.216583252,42899,42910,11
12.9972600937,80.2165603638,42910,42920,10
12.9967002869,80.2165908813,42920,42930,10
12.9960002899,80.2166976929,42930,42940,10
12.9952402115,80.217010498,42940,42950,10
12.9949598312,80.2171783447,42950,42961,11
12.9946098328,80.2174224854,42961,42971,10
12.9941101074,80.2177734375,42971,42981,10
12.9936800003,80.2180786133,42981,42991,10
12.9930696487,80.2185134888,42991,43001,10
12.9924602509,80.218963623,43001,43012,11
12.9916696548,80.2195281982,43012,43022,10
12.9910402298,80.2200088501,43022,43032,10
12.9907999039,80.220199585,43032,43042,10
12.9906997681,80.2202987671,43042,43052,10
12.9902601242,80.2206268311,43052,43062,10
12.9896802902,80.2212295532,43062,43072,10
12.9892101288,80.2218017578,43072,43082,10
12.9886398315,80.2224197388,43082,43098,16
12.9877595901,80.2230911255,43098,43110,12
12.9876203537,80.2231216431,43110,43121,11
12.9871797562,80.2230911255,43121,43130,9
12.9866600037,80.2230224609,43130,43142,12
12.9856796265,80.2231521606,43142,43152,10
12.9851999283,80.2232818604,43152,43162,10
12.9845199585,80.2230529785,43162,43172,10
12.9841299057,80.2228088379,43172,43212,40
12.9839696884,80.2226409912,43212,43253,41
12.9839696884,80.2226409912,43253,43263,10
12.983830452,80.2225799561,43263,43334,71
12.983830452,80.2225799561,43334,43344,10
12.9833097458,80.2222900391,43344,43414,70
12.9833097458,80.2222900391,43414,43424,10
12.98279953,80.2219390869,43424,43445,21
12.98279953,80.2219390869,43445,43455,10
12.9822902679,80.2218017578,43455,43465,10
12.9818401337,80.2215423584,43465,43475,10
12.9812002182,80.2213821411,43475,43485,10
12.9806804657,80.2212371826,43485,43495,10
12.9801797867,80.2211914063,43495,43505,10
12.9793395996,80.221206665,43505,43515,10
12.9784002304,80.2212371826,43515,43525,10
12.9776601791,80.2212905884,43525,43536,11
12.9768199921,80.221321106,43536,43545,9
12.9763803482,80.2212600708,43545,43556,11
12.976269722,80.2216033936,43556,43576,20
12.976269722,80.2216033936,43576,43586,10
12.9762897491,80.2216720581,43586,43596,10
12.9763898849,80.2218475342,43596,43606,10
12.9766597748,80.2223434448,43606,43616,10
12.9769802094,80.2228164673,43616,43626,10
12.9773397446,80.2234725952,43626,43636,10
12.9778203964,80.2242507935,43636,43647,11
12.9782495499,80.2249298096,43647,43657,10
12.9786701202,80.2256088257,43657,43667,10
12.9790802002,80.2262802124,43667,43677,10
12.9792499542,80.2265625,43677,43687,10
12.9795198441,80.2269973755,43687,43697,10
12.9799098969,80.2276382446,43697,43707,10
12.9803600311,80.2284164429,43707,43717,10
12.9806604385,80.2289199829,43717,43727,10
12.9808101654,80.2291564941,43727,43737,10
12.9811201096,80.2296676636,43737,43748,11
12.9815797806,80.2303466797,43748,43758,10
12.9816598892,80.2304763794,43758,43768,10
12.9816999435,80.2305526733,43768,43778,10
12.9818897247,80.2309494019,43778,43788,10
12.9820404053,80.2316513062,43788,43798,10
12.9820404053,80.2322921753,43798,43808,10
12.9819602966,80.2327270508,43808,43818,10
12.981760025,80.2332382202,43818,43828,10
12.9817495346,80.2332687378,43828,43838,10
12.9816598892,80.2334671021,43838,43848,10
12.9816198349,80.2335891724,43848,43859,11
12.9813804626,80.2340774536,43859,43869,10
12.9812402725,80.2349014282,43869,43879,10
12.9812602997,80.2357330322,43879,43889,10
12.9812803268,80.2366790771,43889,43899,10
12.9812898636,80.2375335693,43899,43909,10
12.981300354,80.2378692627,43909,43919,10
12.9813098907,80.2384185791,43919,43929,10
12.9813098907,80.2385025024,43929,43939,10
12.9813098907,80.2387313843,43939,43949,10
12.9813098907,80.2391433716,43949,43960,11
12.9813098907,80.239616394,43960,43970,10
12.9813203812,80.2402801514,43970,43980,10
12.9813098907,80.2409820557,43980,43990,10
12.9813203812,80.2416992188,43990,44000,10
12.9813404083,80.2426376343,44000,44030,30
12.9813404083,80.2426376343,44030,44040,10
12.9813404083,80.2429885864,44040,44050,10
12.9813299179,80.243560791,44050,44060,10
12.9812097549,80.244392395,44060,44071,11
12.9810695648,80.2455062866,44071,44081,10
12.9809398651,80.2466964722,44081,44091,10
12.9808397293,80.2480010986,44091,44101,10
12.9807300568,80.2493591309,44101,44111,10
12.9804496765,80.2507095337,44111,44121,10
12.9801397324,80.2519226074,44121,44131,10
12.9799995422,80.2523574829,44131,44141,10
12.9799203873,80.2526092529,44141,44172,31
12.9799203873,80.2526092529,44172,44182,10
12.9799098969,80.252822876,44182,44192,10
12.9794397354,80.252822876,44192,44202,10
12.9787197113,80.2526931763,44202,44212,10
12.9785995483,80.2526397705,44212,44222,10
12.9783401489,80.252456665,44222,44232,10
12.9777898788,80.251991272,44232,44242,10
12.9769601822,80.2514419556,44242,44252,10
12.9758300781,80.2510681152,44252,44262,10
12.9745998383,80.2507171631,44262,44272,10
12.9733104706,80.2503890991,44272,44283,11
12.972530365,80.2502288818,44283,44293,10
12.9724798203,80.250213623,44293,44303,10
12.9720697403,80.2500762939,44303,44313,10
12.9713201523,80.2498703003,44313,44323,10
12.9703502655,80.2496185303,44323,44333,10
12.9692001343,80.2492218018,44333,44343,10
12.9679203033,80.2487182617,44343,44353,10
12.966799736,80.2481613159,44353,44363,10
12.965880394,80.247718811,44363,44373,10
12.9651603699,80.2474822998,44373,44384,11
12.9651498795,80.2474899292,44384,44394,10
12.9649400711,80.2474212646,44394,44404,10
12.9643096924,80.2471466064,44404,44414,10
12.9637699127,80.2469024658,44414,44424,10
12.9637403488,80.246887207,44424,44434,10
12.9637002945,80.2468566895,44434,44444,10
12.9632997513,80.2466430664,44444,44454,10
12.9625597,80.2462615967,44454,44464,10
12.9615802765,80.2457885742,44464,44474,10
12.9604997635,80.2452774048,44474,44484,10
12.9594802856,80.2449035645,44484,44495,11
12.9593896866,80.2448577881,44495,44505,10
12.9590597153,80.2446975708,44505,44515,10
12.9584102631,80.2444076538,44515,44525,10
12.9577598572,80.244140625,44525,44535,10
12.9573001862,80.2440032959,44535,44545,10
12.9572000504,80.2439727783,44545,44555,10
12.9570398331,80.243927002,44555,44646,91
12.9565896988,80.2437896729,44646,44707,61
12.9565896988,80.2437896729,44707,44717,10
12.9562397003,80.2436599731,44717,44727,10
12.9558200836,80.2434234619,44727,44737,10
12.9551095963,80.2430419922,44737,44747,10
12.9544200897,80.2427368164,44747,44757,10
12.9537401199,80.2424621582,44757,44767,10
12.9528398514,80.2421188354,44767,44777,10
12.9520397186,80.2418289185,44777,44787,10
12.9516601563,80.2416915894,44787,44797,10
12.9514198303,80.241607666,44797,44808,11
12.9507198334,80.2413711548,44808,44818,10
12.9497995377,80.2410736084,44818,44828,10
12.9490804672,80.2408370972,44828,44838,10
12.9483995438,80.240562439,44838,44848,10
12.9471797943,80.2400665283,44848,44868,20
12.9471797943,80.2400665283,44868,44878,10
12.9470701218,80.2400436401,44878,44888,10
12.9466104507,80.2398605347,44888,44898,10
12.9459199905,80.2395629883,44898,44908,10
12.9452400208,80.2392120361,44908,44919,11
12.9444599152,80.2384414673,44919,44929,10
12.9436302185,80.2375488281,44929,44939,10
12.9432601929,80.2371520996,44939,44949,10
12.9431400299,80.2370071411,44949,44958,9
12.9426803589,80.2366867065,44958,44969,11
12.9416999817,80.2363433838,44969,44979,10
12.9405403137,80.2360610962,44979,44989,10
12.9397497177,80.2358016968,44989,44999,10
12.9397201538,80.2358169556,44999,45009,10
12.9393501282,80.2356491089,45009,45020,11
12.9385499954,80.2352371216,45020,45030,10
12.9376096725,80.2347488403,45030,45040,10
12.9364595413,80.2342224121,45040,45050,10
12.9353303909,80.2336807251,45050,45060,10
12.9342002869,80.2331924438,45060,45070,10
12.9337797165,80.2329864502,45070,45080,10
12.9337100983,80.2329483032,45080,45090,10
12.9333200455,80.2327804565,45090,45100,10
12.9326000214,80.2324829102,45100,45110,10
12.9316301346,80.2321395874,45110,45121,11
12.9302997589,80.2317276001,45121,45131,10
12.9289999008,80.2313766479,45131,45141,10
12.9276895523,80.2312088013,45141,45151,10
12.9265699387,80.2310562134,45151,45161,10
12.9261598587,80.2310180664,45161,45171,10
12.9259500504,80.2310028076,45171,45181,10
12.925330162,80.2309188843,45181,45191,10
12.9244604111,80.2308120728,45191,45201,10
12.923330307,80.2306594849,45201,45211,10
12.9220104218,80.23046875,45211,45222,11
12.9204397202,80.2302703857,45222,45232,10
12.9193897247,80.2301635742,45232,45242,10
12.9193096161,80.2301483154,45242,45252,10
12.9191303253,80.2301101685,45252,45262,10
12.9185400009,80.2300262451,45262,45272,10
12.9176301956,80.2299118042,45272,45282,10
12.9164600372,80.2297210693,45282,45292,10
12.9152097702,80.2295532227,45292,45302,10
12.9132995605,80.2293624878,45302,45322,20
12.9132995605,80.2293624878,45322,45332,10
12.9131698608,80.229309082,45332,45343,11
12.9124803543,80.2291793823,45343,45353,10
12.911529541,80.2290420532,45353,45363,10
12.9103403091,80.2288665771,45363,45379,16
12.9082298279,80.2285079956,45379,45391,12
12.9073600769,80.2284164429,45391,45399,8
12.9073095322,80.2284164429,45399,45409,10
12.9063100815,80.2283172607,45409,45431,22
12.9063100815,80.2283172607,45431,45442,11
12.9059295654,80.2282791138,45442,45452,10
12.9051303864,80.2282409668,45452,45462,10
12.9040603638,80.2281799316,45462,45472,10
12.9028596878,80.2281265259,45472,45482,10
12.9020996094,80.2280807495,45482,45492,10
12.9014797211,80.2280426025,45492,45502,10
12.9008398056,80.2279968262,45502,45512,10
12.9003000259,80.2279891968,45512,45522,10
12.899479866,80.2279434204,45522,45553,31
12.899479866,80.2279434204,45553,45563,10
12.899140358,80.2279205322,45563,45573,10
12.8984603882,80.2278823853,45573,45583,10
12.8974895477,80.2278213501,45583,45593,10
12.8962697983,80.2277679443,45593,45603,10
12.8949098587,80.2277069092,45603,45613,10
12.8936500549,80.2276306152,45613,45623,10
12.8932800293,80.2275924683,45623,45633,10
12.8931598663,80.2275619507,45633,45643,10
12.8927402496,80.2274780273,45643,45654,11
12.8919200897,80.2274398804,45654,45664,10
12.8908395767,80.2274169922,45664,45674,10
12.8895397186,80.2274169922,45674,45684,10
12.888589859,80.2274169922,45684,45694,10
12.8884496689,80.2274169922,45694,45704,10
12.8880300522,80.2273864746,45704,45714,10
12.8872003555,80.2272720337,45714,45724,10
12.8860998154,80.2270126343,45724,45734,10
12.8848600388,80.2267837524,45734,45744,10
12.8834695816,80.2267684937,45744,45754,10
12.8820495605,80.2267608643,45754,45765,11
12.8804702759,80.2267837524,45765,45775,10
12.8789596558,80.2268218994,45775,45785,10
12.8774795532,80.2269210815,45785,45795,10
12.8765602112,80.2270126343,45795,45805,10
12.8764295578,80.2266464233,45805,45825,20
12.8764295578,80.2266464233,45825,45835,10
12.8764400482,80.2264328003,45835,45845,10
12.8765096664,80.2257385254,45845,45856,11
12.8766298294,80.2246170044,45856,45866,10
12.8768501282,80.2233963013,45866,45876,10
12.8771696091,80.2220535278,45876,45886,10
12.8775100708,80.2205963135,45886,45896,10
12.8778495789,80.219078064,45896,45906,10
12.8781795502,80.2175216675,45906,45916,10
12.8785200119,80.2159194946,45916,45926,10
12.8788499832,80.214302063,45926,45936,10
12.8791599274,80.2126922607,45936,45946,10
12.87940979,80.2113265991,45946,45956,10
12.8790798187,80.2109069824,45956,45967,11
12.8789997101,80.2109069824,45967,45977,10
12.8788099289,80.2109069824,45977,45987,10
12.8781700134,80.2108078003,45987,45997,10
12.8774003983,80.2106628418,45997,46007,10
12.8764295578,80.2104568481,46007,46017,10
12.8753004074,80.2102584839,46017,46027,10
12.8745803833,80.2101364136,46027,46047,20
12.8745803833,80.2101364136,46047,46057,10
12.8744697571,80.2101211548,46057,46067,10
12.8747701645,80.2097702026,46067,47317,1250
12.8746795654,80.2098007202,47317,47428,111
12.8746900558,80.209777832,47428,47580,152
12.8746900558,80.209777832,47580,47590,10
12.8746900558,80.2100067139,47590,47610,20
12.8746900558,80.2100067139,47610,47620,10
12.8746700287,80.2100982666,47620,47630,10
12.8748502731,80.2101898193,47630,47640,10
12.8753004074,80.2102508545,47640,47650,10
12.8758602142,80.2103500366,47650,47661,11
12.876540184,80.2104721069,47661,47671,10
12.8772201538,80.2106018066,47671,47681,10
12.8779201508,80.2107315063,47681,47691,10
12.8786897659,80.2108688354,47691,47701,10
12.8791999817,80.2109680176,47701,47711,10
12.8792295456,80.2109680176,47711,47721,10
12.8793201447,80.2109985352,47721,47731,10
12.8794698715,80.2113571167,47731,47741,10
12.8793497086,80.2119293213,47741,47751,10
12.8791799545,80.2128295898,47751,47762,11
12.8789796829,80.2138824463,47762,47772,10
12.878780365,80.2149276733,47772,47782,10
12.8785495758,80.216003418,47782,47792,10
12.8783397675,80.2170562744,47792,47802,10
12.8781099319,80.2181777954,47802,47812,10
12.8778800964,80.2192611694,47812,47822,10
12.8777198792,80.2199172974,47822,47832,10
12.8776197433,80.2203292847,47832,47842,10
12.8774499893,80.2210998535,47842,47852,10
12.8772296906,80.2220916748,47852,47863,11
12.8769197464,80.2233886719,47863,47873,10
12.8766803741,80.2246627808,47873,47883,10
12.876540184,80.2258987427,47883,47893,10
12.8764600754,80.2268829346,47893,47913,20
12.8764600754,80.2268829346,47913,47923,10
12.876660347,80.2268981934,47923,47933,10
12.8772201538,80.2268295288,47933,47943,10
12.8781003952,80.2267532349,47943,47953,10
12.8791799545,80.2266769409,47953,47964,11
12.8805198669,80.2266616821,47964,47974,10
12.8817996979,80.2266387939,47974,47984,10
12.8830900192,80.2266311646,47984,47994,10
12.8843297958,80.2266082764,47994,48004,10
12.8851299286,80.2266235352,48004,48014,10
12.8852100372,80.2266311646,48014,48024,10
12.8852796555,80.2266311646,48024,48034,10
12.8857297897,80.2267227173,48034,48044,10
12.8864898682,80.2269210815,48044,48054,10
12.8874702454,80.227142334,48054,48064,10
12.888420105,80.2272186279,48064,48075,11
12.8886003494,80.2272415161,48075,48085,10
12.8890600204,80.2272491455,48085,48095,10
12.8898801804,80.2272491455,48095,48105,10
12.890879631,80.2272567749,48105,48115,10
12.8920497894,80.2272567749,48115,48125,10
12.8932304382,80.2273788452,48125,48135,10
12.8941202164,80.2274627686,48135,48165,30
12.8941202164,80.2274627686,48165,48175,10
12.8942298889,80.2274780273,48175,48186,11
12.8948202133,80.2275238037,48186,48196,10
12.8956899643,80.2275695801,48196,48206,10
12.8967895508,80.2276306152,48206,48216,10
12.898059845,80.2276992798,48216,48226,10
12.8992700577,80.2277832031,48226,48236,10
12.9001598358,80.2277832031,48236,48246,10
12.9005002975,80.2277526855,48246,48256,10
12.9005298615,80.2277526855,48256,48266,10
12.9008398056,80.2277832031,48266,48276,10
12.9012203217,80.2278213501,48276,48287,11
12.9017000198,80.2278594971,48287,48297,10
12.9022703171,80.2278823853,48297,48307,10
12.9024000168,80.2278900146,48307,48317,10
12.9025096893,80.227897644,48317,48327,10
12.9030199051,80.2279510498,48327,48337,10
12.9038696289,80.2279891968,48337,48347,10
12.90487957,80.2280578613,48347,48356,9
12.9057798386,80.2280731201,48356,48377,21
12.9057798386,80.2280731201,48377,48387,10
12.9059400558,80.2280578613,48387,48398,11
12.9068498611,80.2281112671,48398,48418,20
12.9068498611,80.2281112671,48418,48428,10
12.9072799683,80.2282028198,48428,48438,10
12.9080400467,80.2283325195,48438,48448,10
12.909040451,80.2285003662,48448,48458,10
12.9102296829,80.2286987305,48458,48468,10
12.9114999771,80.2288894653,48468,48478,10
12.9127902985,80.2290725708,48478,48488,10
12.9138298035,80.2292022705,48488,48499,11
12.9139900208,80.2292175293,48499,48509,10
12.9140501022,80.2292175293,48509,48519,10
12.9145402908,80.2292861938,48519,48529,10
12.9153404236,80.2294006348,48529,48538,9
12.9162797928,80.2295532227,48538,48549,11
12.9173202515,80.2296829224,48549,48559,10
12.9187402725,80.2298812866,48559,48569,10
12.9194602966,80.2299728394,48569,48579,10
12.9202299118,80.2300796509,48579,48589,10
12.9212503433,80.2302017212,48589,48598,9
12.9223499298,80.2303695679,48598,48610,12
12.9239597321,80.2305984497,48610,48620,10
12.9252901077,80.2307662964,48620,48630,10
12.9262599945,80.2308731079,48630,48640,10
12.9263296127,80.2308807373,48640,48650,10
12.9266796112,80.2309188843,48650,48660,10
12.9273996353,80.2310180664,48660,48670,10
12.9283599854,80.2311477661,48670,48679,9
12.929400444,80.231338501,48679,48690,11
12.9307203293,80.2316894531,48690,48700,10
12.9319896698,80.2321090698,48700,48711,11
12.9332799911,80.2325363159,48711,48721,10
12.9335899353,80.2326812744,48721,48731,10
12.9336004257,80.2326812744,48731,48741,10
12.9339504242,80.2328567505,48741,48751,10
12.9346599579,80.2331924438,48751,48761,10
12.9355697632,80.2336120605,48761,48771,10
12.9366502762,80.2341384888,48771,48781,10
12.9378595352,80.2347335815,48781,48791,10
12.9390001297,80.2352600098,48791,48801,10
12.9395399094,80.2355422974,48801,48812,11
12.9396800995,80.2356033325,48812,48822,10
12.940079689,80.2357635498,48822,48832,10
12.9408798218,80.2359771729,48832,48842,10
12.9418096542,80.2362289429,48842,48852,10
12.9427900314,80.2365875244,48852,48862,10
12.9435195923,80.2371292114,48862,48872,10
12.9436197281,80.2372436523,48872,48882,10
12.9439401627,80.2375869751,48882,48892,10
12.9445199966,80.2382278442,48892,48902,10
12.9452896118,80.2390213013,48902,48912,10
12.9463796616,80.2395935059,48912,48923,11
12.9472303391,80.2399368286,48923,48943,20
12.9472303391,80.2399368286,48943,48953,10
12.9475603104,80.2400894165,48953,48963,10
12.9481697083,80.2403564453,48963,48973,10
12.9486503601,80.2405700684,48973,48993,20
12.9486503601,80.2405700684,48993,49003,10
12.948969841,80.2407073975,49003,49013,10
12.9496297836,80.2409362793,49013,49024,11
12.9505300522,80.2411804199,49024,49034,10
12.9509401321,80.2412872314,49034,49044,10
12.9509801865,80.2413024902,49044,49054,10
12.9514398575,80.2414474487,49054,49064,10
12.9521903992,80.2417221069,49064,49074,10
12.9530601501,80.2420730591,49074,49084,10
12.953789711,80.2423782349,49084,49094,10
12.9543199539,80.2425918579,49094,49104,10
12.9552402496,80.2429504395,49104,49114,10
12.9560804367,80.2432098389,49114,49124,10
12.9565095901,80.2433776855,49124,49135,11
12.957159996,80.2436676025,49135,49145,10
12.9580202103,80.2440490723,49145,49155,10
12.9588603973,80.244430542,49155,49165,10
12.9598302841,80.2448577881,49165,49175,10
12.9609699249,80.2453994751,49175,49185,10
12.9622097015,80.2460174561,49185,49195,10
12.9633903503,80.2466125488,49195,49256,61
12.9633903503,80.2466125488,49256,49266,10
12.963549614,80.2466964722,49266,49276,10
12.964099884,80.2469177246,49276,49286,10
12.9649000168,80.2472076416,49286,49296,10
12.9658403397,80.2475280762,49296,49306,10
12.9666996002,80.2478637695,49306,49316,10
12.966919899,80.2479705811,49316,49326,10
12.9669904709,80.248008728,49326,49337,11
12.9674901962,80.2482681274,49337,49347,10
12.9683103561,80.2486114502,49347,49357,10
12.9693603516,80.2490386963,49357,49367,10
12.9705600739,80.2495117188,49367,49377,10
12.9718799591,80.2498779297,49377,49387,10
12.9732398987,80.2502212524,49387,49397,10
12.9741897583,80.2504425049,49397,49407,10
12.9743499756,80.2504806519,49407,49417,10
12.9747600555,80.2506027222,49417,49427,10
12.9755296707,80.2508392334,49427,49437,10
12.9765195847,80.251121521,49437,49448,11
12.9777297974,80.2517089844,49448,49458,10
12.9787797928,80.252456665,49458,49468,10
12.9798803329,80.252456665,49468,49488,20
12.9798803329,80.252456665,49488,49498,10
12.9799604416,80.2522125244,49498,49508,10
12.9800300598,80.2518615723,49508,49518,10
12.9802503586,80.2512283325,49518,49528,10
12.9805002213,80.2502975464,49528,49538,10
12.9807195663,80.2492523193,49538,49549,11
12.980799675,80.2481231689,49549,49559,10
12.9808998108,80.2469177246,49559,49569,10
12.981010437,80.2456817627,49569,49579,10
12.9811296463,80.2446136475,49579,49589,10
12.9811897278,80.2438735962,49589,49599,10
12.9812602997,80.2436599731,49599,49609,10
12.9813604355,80.2434005737,49609,49619,10
12.9813404083,80.2429962158,49619,49635,16
12.9813404083,80.2429885864,49635,49647,12
12.9813203812,80.2428131104,49647,49658,11
12.9813299179,80.2423019409,49658,49668,10
12.9813299179,80.2415084839,49668,49678,10
12.9813299179,80.2405395508,49678,49686,8
12.9813098907,80.2397689819,49686,49698,12
12.9812803268,80.2387695313,49698,49708,10
12.9812602997,80.2381591797,49708,49718,10
12.9812498093,80.2380981445,49718,49728,10
12.9812402725,80.2379379272,49728,49738,10
12.9812402725,80.2374572754,49738,49748,10
12.9812202454,80.2366409302,49748,49759,11
12.9811897278,80.2355575562,49759,49769,10
12.981180191,80.2347793579,49769,49779,10
12.9812498093,80.2341766357,49779,49789,10
12.9815301895,80.233543396,49789,49799,10
12.9815797806,80.2334365845,49799,49809,10
12.9816598892,80.2332992554,49809,49819,10
12.9818696976,80.2328262329,49819,49829,10
12.9820098877,80.2322311401,49829,49839,10
12.982000351,80.2317581177,49839,49849,10
12.9818696976,80.2311172485,49849,49860,11
12.9816198349,80.2305831909,49860,49870,10
12.9812202454,80.229927063,49870,49880,10
12.980919838,80.2294616699,49880,49890,10
12.9806604385,80.2290267944,49890,49910,20
12.9806604385,80.2290267944,49910,49920,10
12.9804496765,80.2286682129,49920,49930,10
12.9801902771,80.2281417847,49930,49940,10
12.9798498154,80.2276077271,49940,49950,10
12.9794597626,80.2269897461,49950,49960,10
12.9791002274,80.2263793945,49960,49971,11
12.9787998199,80.2258682251,49971,49981,10
12.9783496857,80.2251281738,49981,49991,10
12.9779500961,80.2245635986,49991,50001,10
12.9777498245,80.2242584229,50001,50011,10
12.9774799347,80.2237930298,50011,50021,10
12.9771299362,80.2232131958,50021,50031,10
12.976940155,80.2228088379,50031,50041,10
12.9771699905,80.2226867676,50041,50051,10
12.9772596359,80.2226867676,50051,50061,10
12.9774999619,80.2225418091,50061,50072,11
12.9774599075,80.2218170166,50072,50082,10
12.9774398804,80.2212600708,50082,50092,10
12.9778499603,80.221206665,50092,50102,10
12.9785995483,80.2211532593,50102,50112,10
12.9794902802,80.2210922241,50112,50122,10
12.9804201126,80.221031189,50122,50132,10
12.9811601639,80.2211227417,50132,50142,10
12.9818601608,80.2215194702,50142,50152,10
12.9822797775,80.2217407227,50152,50162,10
12.9827604294,80.2218933105,50162,50173,11
12.982919693,80.2219619751,50173,50183,10
12.9831495285,80.2220993042,50183,50193,10
12.9836597443,80.2224273682,50193,50203,10
12.9843397141,80.2228012085,50203,50213,10
12.9849901199,80.2231903076,50213,50223,10
12.9853897095,80.2232818604,50223,50233,10
12.9857196808,80.2230072021,50233,50243,10
12.9861402512,80.2229614258,50243,50253,10
12.9863004684,80.2229614258,50253,50263,10
12.9864702225,80.2229766846,50263,50273,10
12.9868602753,80.2230300903,50273,50283,10
12.9871702194,80.2230834961,50283,50294,11
12.9874601364,80.2230834961,50294,50304,10
12.987950325,80.2229537964,50304,50314,10
12.9884796143,80.2224884033,50314,50324,10
12.9889297485,80.2220306396,50324,50334,10
12.9893398285,80.2215499878,50334,50344,10
12.989859581,80.2208862305,50344,50354,10
12.9903802872,80.2204208374,50354,50364,10
12.9904403687,80.2203903198,50364,50374,10
12.9905195236,80.2203292847,50374,50385,11
12.9909095764,80.2200317383,50385,50395,10
12.9912996292,80.2197036743,50395,50405,10
12.9914102554,80.2196121216,50405,50415,10
12.9917097092,80.2193984985,50415,50425,10
12.9923000336,80.2189712524,50425,50435,10
12.9930801392,80.2184066772,50435,50445,10
12.9938097,80.2178726196,50445,50455,10
12.994310379,80.2175216675,50455,50465,10
12.9946098328,80.217300415,50465,50475,10
12.9949502945,80.217048645,50475,50486,11
12.995470047,80.2167663574,50486,50496,10
12.9961099625,80.2165985107,50496,50506,10
12.9967002869,80.2165298462,50506,50516,10
12.9970998764,80.2164764404,50516,50526,10
12.9975099564,80.2161178589,50526,50536,10
12.9979295731,80.2157592773,50536,50546,10
12.9983997345,80.2153396606,50546,50556,10
12.9989299774,80.2148971558,50556,50566,10
12.9991197586,80.2147369385,50566,50576,10
12.999420166,80.2144699097,50576,50587,11
12.9999198914,80.2140426636,50587,50597,10
13.0004301071,80.2135925293,50597,50606,9
13.0008802414,80.2132034302,50606,50617,11
13.0013599396,80.2128219604,50617,50627,10
13.0018701553,80.2124633789,50627,50637,10
13.0023202896,80.2122192383,50637,50647,10
13.0027999878,80.212097168,50647,50657,10
13.0033798218,80.2120666504,50657,50667,10
13.0036497116,80.2119979858,50667,50677,10
13.0036697388,80.2114562988,50677,50687,10
13.0036001205,80.2106323242,50687,50698,11
13.0034999847,80.2096786499,50698,50708,10
13.0036802292,80.2087783813,50708,50718,10
13.0044603348,80.2088165283,50718,50728,10
13.0055103302,80.2092819214,50728,50744,16
13.0063400269,80.2095718384,50744,50756,12
13.006649971,80.2096633911,50756,50764,8
13.0072803497,80.2098083496,50764,50796,32
13.0072803497,80.2098083496,50796,50806,10
13.0074596405,80.2098999023,50806,50847,41
13.0074596405,80.2098999023,50847,50857,10
13.0076198578,80.2098617554,50857,50867,10
13.0078802109,80.2099227905,50867,50877,10
13.008190155,80.2098464966,50877,50887,10
13.0080404282,80.2091522217,50887,50897,10
13.0078897476,80.2081832886,50897,50908,11
13.0077104568,80.2070999146,50908,50918,10
13.0075998306,80.2061920166,50918,50928,10
13.0075397491,80.2053833008,50928,50938,10
13.0075302124,80.2045822144,50938,50948,10
13.0074596405,80.203742981,50948,50958,10
13.0072097778,80.2026977539,50958,50968,10
13.006529808,80.2028808594,50968,50978,10
13.0068702698,80.20337677,50978,50988,10
13.0075998306,80.203666687,50988,50998,10
13.0086097717,80.2036819458,50998,51009,11
13.0101003647,80.2035980225,51009,51019,10
13.0115404129,80.2037124634,51019,51029,10
13.0128002167,80.2039413452,51029,51039,10
13.0136299133,80.2042236328,51039,51049,10
13.0137195587,80.2042999268,51049,51059,10
13.0136404037,80.204536438,51059,51069,10
13.0135498047,80.2048416138,51069,51079,10
13.0133600235,80.2054672241,51079,51089,10
13.0131397247,80.2063064575,51089,51099,10
13.0130395889,80.2072525024,51099,51109,10
13.0129404068,80.207901001,51109,51120,11
13.0129299164,80.2082214355,51120,51130,10
13.0129499435,80.2085571289,51130,51140,10
13.0130500793,80.2091598511,51140,51150,10
13.0132303238,80.2096862793,51150,51160,10
13.0131502151,80.2103805542,51160,51170,10
13.0128498077,80.2112884521,51170,51180,10
13.0123901367,80.212097168,51180,51190,10
13.0119400024,80.2127685547,51190,51200,10
13.0116500854,80.2127227783,51200,51210,10
13.0110702515,80.2122879028,51210,51221,11
13.0102396011,80.2116775513,51221,51231,10
13.0097198486,80.2113037109,51231,52038,807
13.009469986,80.2110824585,52038,52119,81
13.0093402863,80.2110214233,52119,52139,20
13.0093402863,80.2110214233,52139,52149,10
13.0092401505,80.2111587524,52149,52159,10
13.0091199875,80.2113876343,52159,52170,11
13.0091295242,80.2118301392,52170,52180,10
13.0093603134,80.2125396729,52180,52190,10
13.00963974,80.2133407593,52190,52200,10
13.0099697113,80.2141571045,52200,52210,10
13.0101995468,80.2149734497,52210,52220,10
13.0103397369,80.2158203125,52220,52230,10
13.0107097626,80.2166824341,52230,52240,10
13.0111398697,80.217628479,52240,52250,10
13.0115804672,80.2187805176,52250,52260,10
13.0120096207,80.2200393677,52260,52271,11
13.0124101639,80.2212982178,52271,52281,10
13.0126399994,80.2217712402,52281,52291,10
13.0130996704,80.2223892212,52291,52301,10
13.0137195587,80.2230834961,52301,52311,10
13.0142097473,80.223739624,52311,52321,10
13.0147800446,80.2243499756,52321,52331,10
13.0153303146,80.2249908447,52331,52341,10
13.0154600143,80.2254714966,52341,52351,10
13.0152702332,80.2257766724,52351,52361,10
13.0150699615,80.2258911133,52361,52371,10
13.0146303177,80.2260818481,52371,52382,11
13.0139198303,80.2263565063,52382,52392,10
13.0132303238,80.2266387939,52392,52402,10
13.0124397278,80.2269592285,52402,52412,10
13.0115804672,80.2273025513,52412,52422,10
13.0107097626,80.2276306152,52422,52432,10
13.0097904205,80.2279281616,52432,52442,10
13.0095996857,80.2273712158,52442,52452,10
13.0099601746,80.2265777588,52452,52462,10
13.0103397369,80.2256698608,52462,52471,9
13.0106401443,80.2249679565,52471,52483,12
13.0108604431,80.2244720459,52483,52493,10
13.0110797882,80.2240219116,52493,52503,10
13.0112600327,80.2235107422,52503,52513,10
13.0111398697,80.2231292725,52513,52523,10
13.0105304718,80.2228469849,52523,52533,10
13.0103902817,80.2227783203,52533,52543,10
13.0100097656,80.2225494385,52543,52553,10
13.0093698502,80.2221984863,52553,52563,10
13.0086402893,80.2218017578,52563,52573,10
13.007900238,80.2213821411,52573,52583,10
13.0070896149,80.2209396362,52583,52594,11
13.0062999725,80.2205810547,52594,52604,10
13.0054197311,80.2203979492,52604,52614,10
13.0046300888,80.2202377319,52614,52624,10
13.0045404434,80.2202224731,52624,52634,10
13.0040302277,80.220123291,52634,52644,10
13.0033502579,80.2199478149,52644,52654,10
13.0025396347,80.2195587158,52654,52664,10
13.0018396378,80.2188568115,52664,52674,10
13.0010299683,80.2182312012,52674,52684,10
13.0002803802,80.2177505493,52684,52695,11
12.9993495941,80.2171783447,52695,52705,10
12.9984502792,80.2167510986,52705,52715,10
12.9975004196,80.2165374756,52715,52735,20
12.9975004196,80.2165374756,52735,52745,10
12.9971504211,80.2165374756,52745,52755,10
12.9964704514,80.216583252,52755,52765,10
12.9956798553,80.2167892456,52765,52775,10
12.9953203201,80.2169189453,52775,52785,10
12.9951000214,80.2170562744,52785,52794,9
12.9948701859,80.2172317505,52794,52806,12
12.9944200516,80.2175827026,52806,52816,10
12.9939899445,80.2179412842,52816,52826,10
12.9933595657,80.2183380127,52826,52836,10
12.9927101135,80.218788147,52836,52846,10
12.9920501709,80.219291687,52846,52856,10
12.9914999008,80.2197113037,52856,52866,10
12.990819931,80.2202529907,52866,52886,20
12.990819931,80.2202529907,52886,52896,10
12.9905004501,80.2204818726,52896,52907,11
12.9898796082,80.2210083008,52907,52917,10
12.98939991,80.2215499878,52917,52927,10
12.9889802933,80.2220687866,52927,52937,10
12.9883699417,80.2227020264,52937,52947,10
12.9878196716,80.2231216431,52947,52957,10
12.987660408,80.2231292725,52957,52967,10
12.9873895645,80.2231063843,52967,52977,10
12.9868001938,80.2230072021,52977,52987,10
12.9861402512,80.2229995728,52987,52997,10
12.9854898453,80.2232818604,52997,53008,11
12.984919548,80.2231903076,53008,53018,10
12.9843597412,80.2228469849,53018,53068,50
12.9843597412,80.2228469849,53068,53078,10
12.984120369,80.22265625,53078,53088,10
12.9839296341,80.2226028442,53088,53098,10
12.9831895828,80.2221221924,53098,53119,21
12.9831895828,80.2221221924,53119,53129,10
12.9830904007,80.2220611572,53129,53139,10
12.9826602936,80.2219161987,53139,53148,9
12.9820995331,80.2217025757,53148,53159,11
12.9814901352,80.2212982178,53159,53169,10
12.9805698395,80.2211303711,53169,53179,10
12.9798002243,80.2211837769,53179,53189,10
12.9793195724,80.2211914063,53189,53199,10
12.9785404205,80.2212371826,53199,53209,10
12.9775400162,80.2211990356,53209,53220,11
12.9765796661,80.2212524414,53220,53230,10
12.976269722,80.2216186523,53230,53260,30
12.976269722,80.2216186523,53260,53270,10
12.9763402939,80.2217788696,53270,53280,10
12.976559639,80.2221984863,53280,53290,10
12.9769496918,80.2228088379,53290,53300,10
12.977399826,80.2235336304,53300,53310,10
12.9779195786,80.224357605,53310,53320,10
12.9784402847,80.225189209,53320,53331,11
12.9785404205,80.2253417969,53331,53341,10
12.9786701202,80.2255630493,53341,53351,10
12.978969574,80.2260818481,53351,53361,10
12.9794101715,80.2267990112,53361,53371,10
12.9799003601,80.2276229858,53371,53381,10
12.9804201126,80.2285232544,53381,53391,10
12.9809303284,80.2293395996,53391,53401,10
12.9816799164,80.2304611206,53401,53421,20
12.9816799164,80.2304611206,53421,53432,11
12.9818401337,80.2307891846,53432,53442,10
12.982000351,80.2313690186,53442,53452,10
12.982049942,80.2320632935,53452,53462,10
12.9819803238,80.2326583862,53462,53472,10
12.9816198349,80.233543396,53472,53492,20
12.9816198349,80.233543396,53492,53502,10
12.9815998077,80.2335662842,53502,53512,10
12.9813899994,80.2339782715,53512,53522,10
12.9812097549,80.2347717285,53522,53533,11
12.9812297821,80.2358779907,53533,53543,10
12.9812602997,80.2370376587,53543,53553,10
12.9813098907,80.2386627197,53553,53583,30
12.9813098907,80.2386627197,53583,53593,10
12.9813203812,80.2388534546,53593,53603,10
12.9813203812,80.239440918,53603,53613,10
12.9813499451,80.2402191162,53613,53623,10
12.9813604355,80.2411727905,53623,53633,10
12.9813699722,80.2421569824,53633,53644,11
12.9813804626,80.2426834106,53644,53654,10
12.9813804626,80.242767334,53654,53664,10
12.9813899994,80.2428817749,53664,53674,10
12.9813804626,80.2433776855,53674,53684,10
12.9812803268,80.2442092896,53684,53694,10
12.9811401367,80.2452468872,53694,53704,10
12.981010437,80.2464675903,53704,53714,10
12.9808797836,80.2478027344,53714,53724,10
12.9807596207,80.2491912842,53724,53734,10
12.9805002213,80.2506027222,53734,53751,17
12.9799995422,80.2522964478,53751,53763,12
12.9797201157,80.2528076172,53763,53773,10
12.9789896011,80.2527313232,53773,53783,10
12.9786396027,80.2526397705,53783,53793,10
12.9785900116,80.2526092529,53793,53803,10
12.9782304764,80.2523880005,53803,53813,10
12.9776201248,80.2518386841,53813,53823,10
12.9766902924,80.2513504028,53823,53833,10
12.9756202698,80.2510299683,53833,53843,10
12.9742498398,80.2506408691,53843,53854,11
12.9729404449,80.2503128052,53854,53864,10
12.9725103378,80.2501983643,53864,53874,10
12.9723596573,80.2501525879,53874,53884,10
12.9717798233,80.2499923706,53884,53894,10
12.9708995819,80.2497406006,53894,53904,10
12.9698495865,80.2493972778,53904,53914,10
12.968870163,80.2490081787,53914,53924,10
12.967880249,80.2486114502,53924,53934,10
12.9667901993,80.2481079102,53934,53944,10
12.9658498764,80.2476806641,53944,53955,11
12.9650697708,80.2474594116,53955,53965,10
12.9650497437,80.2474365234,53965,53975,10
12.9649000168,80.2473602295,53975,53985,10
12.9643697739,80.2471389771,53985,53995,10
12.9635696411,80.2468414307,53995,54025,30
12.9635696411,80.2468414307,54025,54035,10
12.9635000229,80.2467422485,54035,54045,10
12.9630899429,80.2465286255,54045,54055,10
12.9623203278,80.2461471558,54055,54066,11
12.9612503052,80.2456283569,54066,54076,10
12.9602098465,80.2451477051,54076,54086,10
12.9594497681,80.2448577881,54086,54096,10
12.9593896866,80.2448272705,54096,54106,10
12.9590101242,80.2446365356,54106,54116,10
12.9582996368,80.2443237305,54116,54126,10
12.9577503204,80.2440719604,54126,54136,10
12.9570999146,80.2438812256,54136,54146,10
12.9565896988,80.2437820435,54146,54177,31
12.9564399719,80.2437362671,54177,54197,20
12.9564399719,80.2437362671,54197,54207,10
12.9560804367,80.2436294556,54207,54217,10
12.955499649,80.2432785034,54217,54227,10
12.9546499252,80.2428665161,54227,54237,10
12.9538602829,80.2425613403,54237,54247,10
12.9533500671,80.2423171997,54247,54257,10
12.9526100159,80.2420196533,54257,54268,11
12.9517803192,80.2417373657,54268,54278,10
12.9517002106,80.2417221069,54278,54288,10
12.9515695572,80.2416687012,54288,54298,10
12.9510202408,80.2414779663,54298,54308,10
12.9501695633,80.2412109375,54308,54318,10
12.9494695663,80.2409973145,54318,54328,10
12.9489898682,80.2408218384,54328,54338,10
12.9483299255,80.2405319214,54338,54348,10
12.9475603104,80.2402191162,54348,54358,10
12.9471702576,80.2400588989,54358,54368,10
12.9470500946,80.240020752,54368,54379,11
12.9464902878,80.2397918701,54379,54389,10
12.9457302094,80.2394485474,54389,54399,10
12.9448604584,80.2388305664,54399,54409,10
12.9440698624,80.2379379272,54409,54419,10
12.9432897568,80.2371063232,54419,54429,10
12.9425201416,80.2365570068,54429,54439,10
12.941450119,80.2362365723,54439,54449,10
12.940369606,80.2359924316,54449,54458,9
12.9397802353,80.2358016968,54458,54468,10
12.9397497177,80.235786438,54468,54480,12
12.9394702911,80.2356414795,54480,54490,10
12.9388599396,80.2353210449,54490,54500,10
12.9379701614,80.23487854,54500,54510,10
12.9369096756,80.2343826294,54510,54520,10
12.9357595444,80.2338409424,54520,54530,10
12.9345598221,80.2332763672,54530,54540,10
12.933839798,80.2329788208,54540,54550,10
12.9338302612,80.2329788208,54550,54560,10
12.9336795807,80.2329025269,54560,54570,10
12.9331197739,80.2326431274,54570,54580,10
12.9322595596,80.2323226929,54580,54591,11
12.9310598373,80.2319335938,54591,54601,10
12.9298000336,80.2315826416,54601,54611,10
12.9285001755,80.2313232422,54611,54621,10
12.9272003174,80.2311325073,54621,54631,10
12.9261598587,80.2310409546,54631,54641,10
12.9260702133,80.2310409546,54641,54651,10
12.925909996,80.2310562134,54651,54661,10
12.9253501892,80.23097229,54661,54671,10
12.9245300293,80.2308731079,54671,54681,10
12.923500061,80.2307281494,54681,54691,10
12.922369957,80.2305603027,54691,54702,11
12.9210700989,80.2303390503,54702,54712,10
12.9197597504,80.23021698,54712,54722,10
12.9191503525,80.230140686,54722,54732,10
12.9191398621,80.230140686,54732,54742,10
12.9190502167,80.2301177979,54742,54752,10
12.9185495377,80.2300491333,54752,54762,10
12.917719841,80.2299423218,54762,54772,10
12.9166603088,80.2297897339,54772,54782,10
12.915430069,80.2296066284,54782,54792,10
12.9141998291,80.2294311523,54792,54803,11
12.9133701324,80.229347229,54803,54813,10
12.9133396149,80.2293395996,54813,54823,10
12.9132995605,80.2293167114,54823,54833,10
12.9128303528,80.2292404175,54833,54843,10
12.9120597839,80.2291412354,54843,54853,10
12.9110603333,80.2289886475,54853,54863,10
12.9098796844,80.2288131714,54863,54873,10
12.9086198807,80.2285995483,54873,54883,10
12.9075698853,80.2284393311,54883,54893,10
12.9072399139,80.2284088135,54893,54904,11
12.9070596695,80.2283782959,54904,54914,10
12.9065999985,80.2283325195,54914,54924,10
12.90625,80.228302002,54924,54934,10
12.9059000015,80.2282714844,54934,54944,10
12.9051504135,80.2282180786,54944,54960,16
12.9036397934,80.2281417847,54960,54972,12
12.9023103714,80.2280807495,54972,54981,9
12.9015102386,80.2280578613,54981,55053,72
12.9015102386,80.2280578613,55053,55063,10
12.9013795853,80.2280502319,55063,55073,10
12.9008703232,80.2279968262,55073,55083,10
12.9002304077,80.2279586792,55083,55093,10
12.899479866,80.2279281616,55093,55103,10
12.8992795944,80.2279129028,55103,55114,11
12.8992595673,80.2279281616,55114,55124,10
12.8988599777,80.227897644,55124,55134,10
12.8981199265,80.2278594971,55134,55144,10
12.8971395493,80.2277984619,55144,55154,10
12.8960199356,80.2277526855,55154,55164,10
12.8948698044,80.2276992798,55164,55174,10
12.8937301636,80.2276306152,55174,55184,10
12.8931398392,80.2275695801,55184,55194,10
12.8928899765,80.2275314331,55194,55204,10
12.8922395706,80.2274475098,55204,55215,11
12.8913002014,80.227432251,55215,55225,10
12.8901796341,80.2274169922,55225,55235,10
12.8889598846,80.2274169922,55235,55245,10
12.8885202408,80.2274169922,55245,55255,10
12.8885097504,80.2274093628,55255,55265,10
12.8880901337,80.2273788452,55265,55275,10
12.8872995377,80.2272872925,55275,55285,10
12.8862895966,80.2270812988,55285,55293,8
12.8854503632,80.2268600464,55293,55304,11
12.8849201202,80.2267913818,55304,55315,11
12.8848695755,80.2267684937,55315,55326,11
12.8843202591,80.2267608643,55326,55336,10
12.8834295273,80.2267608643,55336,55346,10
12.8823099136,80.2267608643,55346,55356,10
12.8810100555,80.2267608643,55356,55366,10
12.8795995712,80.2267913818,55366,55376,10
12.8782196045,80.226852417,55376,55386,10
12.876999855,80.2269668579,55386,55396,10
12.8766403198,80.2269973755,55396,55406,10
12.876449585,80.2269134521,55406,55416,10
12.87637043,80.2267913818,55416,55427,11
12.8763799667,80.226600647,55427,55437,10
12.8763799667,80.2265625,55437,55447,10
12.8764295578,80.2261428833,55447,55457,10
12.8765201569,80.2253417969,55457,55467,10
12.8766202927,80.2244186401,55467,55477,10
12.8768396378,80.2233505249,55477,55487,10
12.8771295547,80.2220687866,55487,55497,10
12.8774499893,80.220703125,55497,55507,10
12.8777799606,80.2192764282,55507,55517,10
12.8780899048,80.2178115845,55517,55527,10
12.8783998489,80.2162780762,55527,55538,11
12.8787603378,80.2145767212,55538,55548,10
12.8790597916,80.2130126953,55548,55558,10
12.8793401718,80.2115020752,55558,55568,10
12.8789300919,80.2108917236,55568,55588,20
12.8789300919,80.2108917236,55588,55598,10
12.8788404465,80.2108688354,55598,55608,10
12.8783397675,80.2107772827,55608,55618,10
12.8775596619,80.210647583,55618,55628,10
12.8767004013,80.2105026245,55628,55639,11
12.8758602142,80.2103424072,55639,55649,10
12.8745498657,80.2100982666,55649,55669,20
12.8745498657,80.2100982666,55669,55679,10
12.8744697571,80.2100830078,55679,55689,10
12.8744001389,80.2096710205,55689,55699,10
12.8746500015,80.2097930908,55699,56628,929
12.8746500015,80.2097930908,56628,56638,10
12.8746995926,80.2100372314,56638,56648,10
12.875,80.2102203369,56648,56658,10
12.875579834,80.2103118896,56658,56668,10
12.8762102127,80.2104110718,56668,56678,10
12.8768196106,80.2105407715,56678,56688,10
12.8774700165,80.2106628418,56688,56699,11
12.8783597946,80.2108306885,56699,56709,10
12.8790597916,80.2109375,56709,56719,10
12.8791704178,80.2109680176,56719,56729,10
12.8792104721,80.2109832764,56729,56738,9
12.8794403076,80.2111206055,56738,56749,11
12.8793802261,80.2117767334,56749,56759,10
12.8792104721,80.2126693726,56759,56769,10
12.8790197372,80.2137374878,56769,56779,10
12.8787899017,80.2149429321,56779,56789,10
12.8785200119,80.2162017822,56789,56800,11
12.8782300949,80.2176437378,56800,56810,10
12.8779401779,80.2190093994,56810,56820,10
12.8776102066,80.2204284668,56820,56830,10
12.8772802353,80.2218780518,56830,56840,10
12.876950264,80.2233276367,56840,56850,10
12.8766803741,80.2248001099,56850,56860,10
12.8765296936,80.2260971069,56860,56870,10
12.876449585,80.2268981934,56870,56890,20
12.876449585,80.2268981934,56890,56901,11
12.8765697479,80.2269668579,56901,56911,10
12.8770303726,80.2269210815,56911,56921,10
12.8778800964,80.2268218994,56921,56931,10
12.8789701462,80.2267227173,56931,56941,10
12.880279541,80.2266693115,56941,56951,10
12.8816604614,80.2266464233,56951,56961,10
12.8830604553,80.2266311646,56961,56971,10
12.8844003677,80.2266082764,56971,56981,10
12.8851099014,80.2266235352,56981,56991,10
12.8851804733,80.2266311646,56991,57001,10
12.8856201172,80.2267074585,57001,57012,11
12.8864603043,80.2269363403,57012,57022,10
12.8873596191,80.227142334,57022,57032,10
12.8881998062,80.2272109985,57032,57042,10
12.8884897232,80.2272415161,57042,57052,10
12.8886995316,80.2272491455,57052,57062,10
12.889380455,80.2272567749,57062,57072,10
12.8903598785,80.2272720337,57072,57082,10
12.8915596008,80.2272796631,57082,57092,10
12.8926200867,80.2273025513,57092,57102,10
12.8934001923,80.2274093628,57102,57113,11
12.8941202164,80.2274780273,57113,57123,10
12.8941297531,80.2274780273,57123,57133,10
12.8943595886,80.2274932861,57133,57143,10
12.8950395584,80.2275390625,57143,57153,10
12.8960199356,80.2275924683,57153,57163,10
12.8972597122,80.2276535034,57163,57173,10
12.8986301422,80.2277374268,57173,57183,10
12.8999795914,80.2278137207,57183,57193,10
12.9007501602,80.2278137207,57193,57270,77
12.9007501602,80.2278137207,57270,57281,11
12.9010400772,80.2278366089,57281,57292,11
12.9019002914,80.2278900146,57292,57302,10
12.902680397,80.2279205322,57302,57312,10
12.9027204514,80.2279205322,57312,57323,11
12.9030399323,80.2279510498,57323,57333,10
12.9037799835,80.2279891968,57333,57343,10
12.9046497345,80.2280578613,57343,57353,10
12.9054403305,80.2280883789,57353,57363,10
12.9059801102,80.2281112671,57363,57373,10
12.906370163,80.2281417847,57373,57383,10
12.9068803787,80.2281799316,57383,57393,10
12.9069595337,80.2282028198,57393,57402,9
12.9073896408,80.2282485962,57402,57413,11
12.9083204269,80.2284011841,57413,57423,10
12.9094600677,80.2285919189,57423,57434,11
12.9108400345,80.2288208008,57434,57444,10
12.9121799469,80.2290115356,57444,57454,10
12.9138402939,80.2292404175,57454,57474,20
12.9138402939,80.2292404175,57474,57484,10
12.9142599106,80.229309082,57484,57494,10
12.9150400162,80.2294006348,57494,57504,10
12.9160804749,80.2295379639,57504,57514,10
12.9173603058,80.2297134399,57514,57524,10
12.9186601639,80.2298965454,57524,57534,10
12.9191999435,80.2299575806,57534,57545,11
12.9192304611,80.2299804688,57545,57555,10
12.9196901321,80.2300415039,57555,57565,10
12.9204998016,80.230140686,57565,57575,10
12.9215402603,80.2302627563,57575,57585,10
12.9227695465,80.2304763794,57585,57595,10
12.9241304398,80.2306594849,57595,57605,10
12.9255199432,80.2308120728,57605,57615,10
12.9263000488,80.2308807373,57615,57625,10
12.9263095856,80.2308807373,57625,57635,10
12.9266300201,80.2309188843,57635,57646,11
12.9274301529,80.2310180664,57646,57656,10
12.9283599854,80.2311325073,57656,57666,10
12.928899765,80.2312393188,57666,57676,10
12.9295597076,80.2313766479,57676,57686,10
12.9304800034,80.2316207886,57686,57696,10
12.931599617,80.2319717407,57696,57706,10
12.9328298569,80.232383728,57706,57716,10
12.9336500168,80.2327194214,57716,57726,10
12.9336996078,80.232749939,57726,57736,10
12.9339799881,80.2328796387,57736,57747,11
12.9347295761,80.2332305908,57747,57757,10
12.935500145,80.233581543,57757,57767,10
12.9361696243,80.2339019775,57767,57777,10
12.9370698929,80.234336853,57777,57787,10
12.9381599426,80.2348632813,57787,57797,10
12.9392299652,80.2353897095,57797,57807,10
12.9397802353,80.2356491089,57807,57817,10
12.9398298264,80.2356719971,57817,57827,10
12.9402799606,80.2358398438,57827,57837,10
12.9411001205,80.236076355,57837,57848,11
12.9422702789,80.2363967896,57848,57858,10
12.94328022,80.236907959,57858,57868,10
12.9435195923,80.2371368408,57868,57878,10
12.9437198639,80.2373580933,57878,57888,10
12.9442195892,80.2379379272,57888,57898,10
12.9449100494,80.2387237549,57898,57908,10
12.9459199905,80.239440918,57908,57918,10
12.9470901489,80.2398910522,57918,57928,10
12.9473600388,80.2399902344,57928,57938,10
12.9474496841,80.2400436401,57938,57948,10
12.9479598999,80.2402572632,57948,57959,11
12.9488601685,80.2406311035,57959,58009,50
12.9488601685,80.2406311035,58009,58019,10
12.9490995407,80.2407302856,58019,58029,10
12.9495601654,80.2408981323,58029,58039,10
12.9503602982,80.2411499023,58039,58049,10
12.9510402679,80.2413330078,58049,58060,11
12.9510498047,80.2413406372,58060,58070,10
12.9511604309,80.2414016724,58070,58080,10
12.9512195587,80.2414321899,58080,58090,10
12.9515800476,80.2415390015,58090,58100,10
12.9522695541,80.2417984009,58100,58110,10
12.9531698227,80.2421722412,58110,58120,10
12.9541397095,80.2425613403,58120,58130,10
12.9550504684,80.2428970337,58130,58139,9
12.9558000565,80.2431488037,58139,58149,10
12.9560604095,80.2432403564,58149,58160,11
12.9562597275,80.2433166504,58160,58191,31
12.9562597275,80.2433166504,58191,58201,10
12.9567298889,80.2434997559,58201,58211,10
12.9574298859,80.2438430786,58211,58221,10
12.9588499069,80.244430542,58221,58241,20
12.9588499069,80.244430542,58241,58251,10
12.9591903687,80.2446365356,58251,58261,10
12.9597501755,80.2449111938,58261,58272,11
12.9606800079,80.2453079224,58272,58282,10
12.9617204666,80.2457962036,58282,58292,10
12.9628000259,80.2463226318,58292,58302,10
12.9634799957,80.2466506958,58302,58312,10
12.964099884,80.2469177246,58312,58322,10
12.9649400711,80.2472305298,58322,58332,10
12.965959549,80.2475891113,58332,58342,10
12.9666204453,80.247833252,58342,58352,10
12.9668197632,80.2479629517,58352,58373,21
12.9668197632,80.2479629517,58373,58383,10
12.967040062,80.2481231689,58383,58393,10
12.9675798416,80.2483520508,58393,58403,10
12.9684200287,80.2487030029,58403,58413,10
12.9694700241,80.2491226196,58413,58423,10
12.9706401825,80.2495574951,58423,58433,10
12.9719200134,80.2499237061,58433,58443,10
12.9732198715,80.2502593994,58443,58453,10
12.9741697311,80.2504806519,58453,58463,10
12.9743003845,80.2505187988,58463,58473,10
12.9743204117,80.2505264282,58473,58484,11
12.9747695923,80.2506637573,58484,58494,10
12.975520134,80.2508926392,58494,58504,10
12.9764795303,80.2511520386,58504,58514,10
12.9775600433,80.2516021729,58514,58530,16
12.9799098969,80.2524795532,58530,58552,22
12.9799098969,80.2524795532,58552,58561,9
12.9799499512,80.2523880005,58561,58571,10
12.9800300598,80.2519683838,58571,58582,11
12.9802799225,80.2511901855,58582,58593,11
12.9805698395,80.2501220703,58593,58603,10
12.9807395935,80.249130249,58603,58613,10
12.9807901382,80.2480773926,58613,58623,10
12.9808397293,80.2471923828,58623,58633,10
12.9809598923,80.2460632324,58633,58642,9
12.9811000824,80.2449035645,58642,58652,10
12.9811897278,80.2438964844,58652,58663,11
12.981300354,80.2435836792,58663,58673,10
12.9813203812,80.2431488037,58673,58683,10
12.9813203812,80.243057251,58683,58694,11
12.9813404083,80.2428436279,58694,58704,10
12.9813299179,80.2428436279,58704,58714,10
12.9813499451,80.2425994873,58714,58724,10
12.9813404083,80.2420425415,58724,58734,10
12.9813299179,80.2412033081,58734,58744,10
12.9813203812,80.2404327393,58744,58754,10
12.981300354,80.239730835,58754,58764,10
12.981300354,80.2396087646,58764,58774,10
12.9812898636,80.2391281128,58774,58784,10
12.9812602997,80.2383422852,58784,58795,11
12.9812402725,80.2379608154,58795,58805,10
12.9812402725,80.2378234863,58805,58815,10
12.9812297821,80.2373199463,58815,58825,10
12.9812097549,80.2364807129,58825,58835,10
12.9811897278,80.2354736328,58835,58851,16
12.9813098907,80.2339782715,58851,58864,13
12.9815797806,80.2333679199,58864,58874,10
12.981590271,80.2333602905,58874,58884,10
12.9816398621,80.233253479,58884,58894,10
12.9818401337,80.2328414917,58894,58905,11
12.9819803238,80.2321777344,58905,58915,10
12.9819498062,80.2315979004,58915,58924,9
12.9818601608,80.2311630249,58924,58935,11
12.9815998077,80.2306137085,58935,58945,10
12.9811296463,80.2298812866,58945,58955,10
12.9807596207,80.2292709351,58955,58965,10
12.9806098938,80.229057312,58965,58975,10
12.9805803299,80.2290115356,58975,58985,10
12.980389595,80.2286987305,58985,58995,10
12.9801797867,80.2282333374,58995,59006,11
12.979809761,80.2276229858,59006,59016,10
12.9793901443,80.2269363403,59016,59026,10
12.9790000916,80.22631073,59026,59036,10
12.9786596298,80.2257385254,59036,59046,10
12.9782495499,80.2250823975,59046,59056,10
12.9778795242,80.2245788574,59056,59066,10
12.9777002335,80.224319458,59066,59076,10
12.9776496887,80.2242736816,59076,59086,10
12.9774703979,80.2238998413,59086,59096,10
12.9771003723,80.2232666016,59096,59107,11
12.9769201279,80.2228088379,59107,59117,10
12.9772100449,80.2227325439,59117,59127,10
12.9772195816,80.2227325439,59127,59137,10
12.9774999619,80.2226333618,59137,59147,10
12.9774904251,80.2220535278,59147,59157,10
12.9774398804,80.2213592529,59157,59167,10
12.9777803421,80.2212371826,59167,59177,10
12.9784402847,80.2212219238,59177,59187,10
12.97935009,80.2211532593,59187,59197,10
12.9803600311,80.2210693359,59197,59208,11
12.9813098907,80.2211608887,59208,59218,10
12.9818401337,80.221496582,59218,59228,10
12.9828300476,80.2219314575,59228,59258,30
12.9828300476,80.2219314575,59258,59268,10
12.9830703735,80.2220535278,59268,59278,10
12.983499527,80.2223587036,59278,59288,10
12.984000206,80.22265625,59288,59298,10
12.9844903946,80.2229614258,59298,59308,10
12.9851999283,80.2233123779,59308,59319,11
12.9856595993,80.2230987549,59319,59329,10
12.9863395691,80.2230224609,59329,59338,9
12.9865102768,80.2229995728,59338,59348,10
12.9867401123,80.2230377197,59348,59359,11
12.9872102737,80.2230987549,59359,59369,10
12.9879703522,80.2229614258,59369,59379,10
12.9886798859,80.2223434448,59379,59389,10
12.9893102646,80.2215270996,59389,59399,10
12.989979744,80.2207565308,59399,59409,10
12.9904098511,80.2203979492,59409,59430,21
12.9904098511,80.2203979492,59430,59440,10
12.9905099869,80.2203216553,59440,59450,10
12.9908704758,80.2200393677,59450,59460,10
12.9914703369,80.2195663452,59460,59470,10
12.992099762,80.2191009521,59470,59480,10
12.9928398132,80.2185897827,59480,59490,10
12.9935903549,80.2180328369,59490,59500,10
12.9941396713,80.2176818848,59500,59510,10
12.9945201874,80.2174072266,59510,59520,10
12.9945402145,80.2173919678,59520,59531,11
12.9946699142,80.2172927856,59531,59541,10
12.9948301315,80.2171707153,59541,59551,10
12.9952201843,80.2169189453,59551,59561,10
12.9959201813,80.2166595459,59561,59571,10
12.9967002869,80.2165298462,59571,59581,10
12.9969797134,80.2164764404,59581,59591,10
12.9972400665,80.2163925171,59591,59601,10
12.9974002838,80.216217041,59601,59617,16
12.9975099564,80.2161483765,59617,59629,12
12.9976301193,80.2160186768,59629,59640,11
12.9979400635,80.2157821655,59640,59650,10
12.9986400604,80.2151870728,59650,59659,9
12.9991397858,80.2147674561,59659,59670,11
12.9994802475,80.2144775391,59670,59680,10
12.9999599457,80.214050293,59680,59690,10
13.0005302429,80.2135391235,59690,59700,10
13.0011901855,80.2130126953,59700,59710,10
13.0019397736,80.2124481201,59710,59720,10
13.0023498535,80.2122421265,59720,59730,10
13.0030097961,80.2121124268,59730,59741,11
13.0036001205,80.2120132446,59741,59751,10
13.0036296844,80.2119598389,59751,59761,10
13.0036802292,80.2117767334,59761,59771,10
13.0036697388,80.21118927,59771,59781,10
13.0035800934,80.2104110718,59781,59791,10
13.0034999847,80.209602356,59791,59801,10
13.0036401749,80.2088928223,59801,59811,10
13.0042600632,80.2087173462,59811,59821,10
13.0051498413,80.2091293335,59821,59832,11
13.0059404373,80.2094421387,59832,59842,10
13.0061998367,80.2095413208,59842,59852,10
13.0065803528,80.2096786499,59852,59862,10
13.0074501038,80.2098388672,59862,59912,50
13.0074501038,80.2098388672,59912,59922,10
13.007519722,80.2098236084,59922,59932,10
13.0079803467,80.2099380493,59932,59943,11
13.0081596375,80.2097015381,59943,59953,10
13.0079803467,80.2089614868,59953,59963,10
13.0078401566,80.2080078125,59963,59973,10
13.0076904297,80.207069397,59973,59983,10
13.0075502396,80.2061462402,59983,59993,10
13.0074901581,80.2052993774,59993,60003,10
13.0074901581,80.2044219971,60003,60013,10
13.0073900223,80.2034301758,60013,60023,10
13.0069999695,80.2024993896,60023,60033,10
13.006529808,80.2030563354,60033,60043,10
13.0070896149,80.2034988403,60043,60054,11
13.008020401,80.203742981,60054,60064,10
13.0092096329,80.2036972046,60064,60074,10
13.0104904175,80.2036895752,60074,60084,10
13.0117797852,80.2038192749,60084,60094,10
13.0129203796,80.2040405273,60094,60104,10
13.0135402679,80.2042312622,60104,60114,10
13.0136899948,80.2043304443,60114,60123,9
13.0136804581,80.2045974731,60123,60134,11
13.0136203766,80.2047195435,60134,60144,10
13.0134296417,80.2052536011,60144,60155,11
13.013130188,80.2062530518,60155,60165,10
13.0130195618,80.2073669434,60165,60175,10
13.0129203796,80.2080917358,60175,60185,10
13.0129098892,80.2086029053,60185,60195,10
13.0129995346,80.2091064453,60195,60205,10
13.0132102966,80.2096786499,60205,60215,10
13.0132102966,80.2102508545,60215,60225,10
13.0130300522,80.2110519409,60225,60235,10
13.0126800537,80.2116928101,60235,60246,11
13.0122499466,80.212387085,60246,60256,10
13.0119104385,80.2128219604,60256,60266,10
13.0116996765,80.2127838135,60266,60276,10
13.0112304688,80.2124099731,60276,60286,10
13.0107097626,80.2120437622,60286,60296,10
13.0101900101,80.2116622925,60296,60306,10
13.010020256,80.211517334,60306,60316,10
13.0096101761,80.2112503052,60316,61194,878
13.0096101761,80.2112503052,61194,61204,10
13.0093297958,80.2110137939,61204,61214,10
13.00922966,80.2111206055,61214,61224,10
13.0090703964,80.2113571167,61224,61234,10
13.0090398788,80.2116317749,61234,61244,10
13.0092000961,80.2121734619,61244,61254,10
13.0094404221,80.2128601074,61254,61264,10
13.0097398758,80.2136077881,61264,61274,10
13.0100603104,80.2144088745,61274,61284,10
13.010219574,80.2152709961,61284,61294,10
13.0104398727,80.2160797119,61294,61305,11
13.0108804703,80.217048645,61305,61315,10
13.0112695694,80.2179107666,61315,61325,10
13.011639595,80.2189025879,61325,61335,10
13.0120096207,80.2200012207,61335,61345,10
13.0123701096,80.2210388184,61345,61361,16
13.0130596161,80.2220611572,61361,61373,12
13.0135498047,80.2227020264,61373,61381,8
13.0138196945,80.2230606079,61381,61393,12
13.0140600204,80.2235336304,61393,61403,10
13.0144996643,80.2240524292,61403,61414,11
13.0151395798,80.2248001099,61414,61424,10
13.0154600143,80.2253112793,61424,61464,40
13.0154600143,80.2253112793,61464,61474,10
13.0154304504,80.2255172729,61474,61484,10
13.014960289,80.2259902954,61484,61504,20
13.014960289,80.2259902954,61504,61515,11
13.0148000717,80.2260665894,61515,61525,10
13.0143299103,80.2262268066,61525,61535,10
13.0136299133,80.2264862061,61535,61545,10
13.0128898621,80.2267990112,61545,61555,10
13.0120000839,80.2271499634,61555,61565,10
13.0110301971,80.2275085449,61565,61575,10
13.0100603104,80.2278823853,61575,61585,10
13.0094995499,80.2276687622,61585,61595,10
13.009759903,80.2270736694,61595,61606,11
13.0101499557,80.2262268066,61606,61616,10
13.0104904175,80.2255020142,61616,61626,10
13.01060009,80.2252883911,61626,61636,10
13.0106601715,80.2250976563,61636,61645,9
13.010840416,80.2246627808,61645,61656,11
13.0110797882,80.2239608765,61656,61666,10
13.011300087,80.2233428955,61666,61676,10
13.0109300613,80.2230224609,61676,61686,10
13.0103902817,80.2227783203,61686,61696,10
13.0103797913,80.2227783203,61696,61706,10
13.0100803375,80.222618103,61706,61717,11
13.0094404221,80.2222824097,61717,61727,10
13.0087003708,80.221862793,61727,61737,10
13.0078401566,80.2213668823,61737,61747,10
13.0069904327,80.220916748,61747,61757,10
13.0059204102,80.2205505371,61757,61767,10
13.0050802231,80.2203598022,61767,61777,10
13.0047597885,80.2202835083,61777,61787,10
13.0046796799,80.2202606201,61787,61797,10
13.0042800903,80.220161438,61797,61807,10
13.0037403107,80.2200164795,61807,61817,10
13.0029401779,80.2198104858,61817,61828,11
13.0021495819,80.2192077637,61828,61838,10
13.0016002655,80.2186203003,61838,61848,10
13.0008897781,80.2181015015,61848,61858,10
13.0001897812,80.2176513672,61858,61867,9
12.999420166,80.2171783447,61867,61878,11
12.998459816,80.2167129517,61878,61888,10
12.9979696274,80.216583252,61888,61908,20
12.9979696274,80.216583252,61908,61918,10
12.9975204468,80.2165298462,61918,61949,31
12.997300148,80.2165374756,61949,61969,20
12.997300148,80.2165374756,61969,61979,10
12.997209549,80.2165603638,61979,61989,10
12.9969396591,80.2165527344,61989,62009,20
12.9969396591,80.2165527344,62009,62019,10
12.9965600967,80.2165985107,62019,62030,11
12.9962596893,80.2166519165,62030,62060,30
12.9962596893,80.2166519165,62060,62070,10
12.9958400726,80.2167434692,62070,62080,10
12.9956998825,80.2167663574,62080,62090,10
12.9954004288,80.2168884277,62090,62100,10
12.9951400757,80.2170410156,62100,62110,10
12.9948797226,80.2172012329,62110,62120,10
12.9944801331,80.2174682617,62120,62130,10
12.9942398071,80.2176513672,62130,62141,11
12.9938001633,80.2179718018,62141,62151,10
12.9932003021,80.2183837891,62151,62161,10
12.9925298691,80.2188873291,62161,62171,10
12.9918203354,80.2194137573,62171,62181,10
12.9912500381,80.2198181152,62181,62191,10
12.990819931,80.2201385498,62191,62201,10
12.990819931,80.2201538086,62201,62211,10
12.9906702042,80.2202835083,62211,62221,10
12.9902496338,80.2205963135,62221,62231,10
12.9897403717,80.2211303711,62231,62241,10
12.9894304276,80.221496582,62241,62252,11
12.9892501831,80.2217330933,62252,62262,10
12.9889698029,80.2220687866,62262,62272,10
12.9884796143,80.2225723267,62272,62282,10
12.9879102707,80.2230072021,62282,62302,20
12.9879102707,80.2230072021,62302,62312,10
12.9878396988,80.2230529785,62312,62322,10
12.9874696732,80.2230987549,62322,62332,10
12.9871702194,80.2230606079,62332,62342,10
12.9867897034,80.2229995728,62342,62353,11
12.9860801697,80.2229690552,62353,62363,10
12.9854698181,80.2232818604,62363,62373,10
12.984919548,80.2231826782,62373,62383,10
12.9843597412,80.2228622437,62383,62393,10
12.9839000702,80.2226028442,62393,62403,10
12.9836101532,80.2224273682,62403,62413,10
12.9833498001,80.2222366333,62413,62433,20
12.9833498001,80.2222366333,62433,62443,10
12.9831895828,80.2221298218,62443,62453,10
12.9831495285,80.2220993042,62453,62470,17
12.9827604294,80.2218704224,62470,62482,12
12.9820404053,80.2216033936,62482,62492,10
12.9814901352,80.2212371826,62492,62502,10
12.9805002213,80.2210235596,62502,62512,10
12.9797201157,80.2210998535,62512,62522,10
12.9788198471,80.2211608887,62522,62532,10
12.9778299332,80.2211990356,62532,62542,10
12.9767999649,80.2212600708,62542,62552,10
12.9762601852,80.2212600708,62552,62563,11
12.9763002396,80.2216796875,62563,62593,30
12.9763002396,80.2216796875,62593,62612,19
12.9764604568,80.2219390869,62612,62624,12
12.9766197205,80.2222366333,62624,62634,10
12.976940155,80.2227630615,62634,62644,10
12.9773597717,80.2234802246,62644,62654,10
12.9778604507,80.2242736816,62654,62663,9
12.9782400131,80.2248764038,62663,62675,12
12.9787902832,80.2257766724,62675,62685,10
12.9792699814,80.2265701294,62685,62695,10
12.9797496796,80.2273712158,62695,62705,10
12.9802904129,80.2282714844,62705,62715,10
12.9807300568,80.2290115356,62715,62724,9
12.9809398651,80.2293777466,62724,62735,11
12.981300354,80.2299499512,62735,62745,10
12.9817199707,80.2305374146,62745,62752,7
12.9817399979,80.2305831909,62752,62765,13
12.9818000793,80.2307281494,62765,62776,11
12.982000351,80.2313232422,62776,62786,10
12.9820804596,80.232131958,62786,62796,10
12.9819898605,80.2327880859,62796,62806,10
12.9816398621,80.2335510254,62806,62826,20
12.9816398621,80.2335510254,62826,62836,10
12.9815797806,80.2336578369,62836,62859,23
12.9812297821,80.2353134155,62859,62871,12
12.9812898636,80.236579895,62871,62882,11
12.9813098907,80.2376403809,62882,62892,10
12.9813404083,80.2382507324,62892,62902,10
12.9813404083,80.2387237549,62902,62912,10
12.9813499451,80.2391281128,62912,62921,9
12.9813499451,80.2391281128,62921,62932,11
12.9813699722,80.2398986816,62932,62942,10
12.9813899994,80.2407608032,62942,62952,10
12.9813995361,80.2417526245,62952,62962,10
12.9814100266,80.24243927,62962,62972,10
12.9814100266,80.2425384521,62972,62983,11
12.9814195633,80.242729187,62983,62992,9
12.9814100266,80.2427978516,62992,63001,9
12.9813995361,80.2431488037,63001,63012,11
12.9813299179,80.2439193726,63012,63024,12
12.9811897278,80.244972229,63024,63034,10
12.9810495377,80.246131897,63034,63044,10
12.9809103012,80.2475585938,63044,63057,13
12.9807796478,80.2492294312,63057,63067,10
12.9806003571,80.2502975464,63067,63077,10
12.9803104401,80.2513809204,63077,63088,11
12.9801197052,80.2521209717,63088,63098,10
12.9800100327,80.2524032593,63098,63108,10
12.9798898697,80.2527236938,63108,63118,10
12.9793996811,80.2527694702,63118,63128,10
12.9787197113,80.2526626587,63128,63151,23
12.9786100388,80.2526168823,63151,63163,12
12.9781999588,80.2523269653,63163,63173,10
12.9777402878,80.2519226074,63173,63183,10
12.9766998291,80.2512969971,63183,63193,10
12.9755496979,80.2509613037,63193,63204,11
12.9741601944,80.2505722046,63204,63214,10
12.9729604721,80.2502593994,63214,63224,10
12.9725399017,80.2501678467,63224,63234,10
12.9724197388,80.2501296997,63234,63244,10
12.9717302322,80.2499237061,63244,63254,10
12.9708499908,80.249671936,63254,63264,10
12.9697999954,80.2492980957,63264,63274,10
12.9686203003,80.2488098145,63274,63284,10
12.96737957,80.2483062744,63284,63295,11
12.9666204453,80.2479476929,63295,63305,10
12.9660902023,80.247718811,63305,63315,10
12.9651203156,80.2473831177,63315,63345,30
12.9651203156,80.2473831177,63345,63355,10
12.9647903442,80.247253418,63355,63365,10
12.9637804031,80.2468795776,63365,63385,20
12.9637804031,80.2468795776,63385,63396,11
12.9637002945,80.2468414307,63396,63406,10
12.9633197784,80.2466583252,63406,63416,10
12.9626197815,80.2462997437,63416,63426,10
12.9617595673,80.245880127,63426,63436,10
12.9607601166,80.2453994751,63436,63446,10
12.959400177,80.2448196411,63446,63466,20
12.959400177,80.2448196411,63466,63476,10
12.9591197968,80.244682312,63476,63486,10
12.9584999084,80.2444000244,63486,63496,10
12.9577903748,80.2441101074,63496,63507,11
12.9570798874,80.2438735962,63507,63517,10
12.9563798904,80.2436981201,63517,63527,10
12.9562397003,80.2436523438,63527,63537,10
12.9557304382,80.2433776855,63537,63547,10
12.9551401138,80.2430496216,63547,63557,10
12.954079628,80.2425765991,63557,63567,10
12.9533195496,80.2422637939,63567,63577,10
12.9524803162,80.2419433594,63577,63587,10
12.9517698288,80.2416915894,63587,63597,10
12.9516601563,80.2416610718,63597,63608,11
12.951259613,80.2415237427,63608,63618,10
12.9505500793,80.2413024902,63618,63628,10
12.9494695663,80.2409820557,63628,63668,40
12.9494695663,80.2409820557,63668,63678,10
12.9492301941,80.2409133911,63678,63688,10
12.9486198425,80.2406463623,63688,63698,10
12.9477596283,80.2402877808,63698,63709,11
12.9471197128,80.2400436401,63709,63719,10
12.9469804764,80.2399902344,63719,63729,10
12.9468603134,80.2399368286,63729,63739,10
12.9463796616,80.2397384644,63739,63749,10
12.9456396103,80.239402771,63749,63759,10
12.944849968,80.2388000488,63759,63769,10
12.9440097809,80.237953186,63769,63779,10
12.9433803558,80.2373199463,63779,63789,10
12.9433002472,80.2372436523,63789,63799,10
12.9429502487,80.2369232178,63799,63809,10
12.9422197342,80.2365264893,63809,63820,11
12.9410800934,80.2362213135,63820,63830,10
12.940030098,80.2359390259,63830,63840,10
12.9397497177,80.2358474731,63840,63850,10
12.9397296906,80.2358474731,63850,63860,10
12.9393196106,80.2356491089,63860,63870,10
12.9385995865,80.2352905273,63870,63880,10
12.9377002716,80.2348327637,63880,63890,10
12.9366502762,80.2343215942,63890,63900,10
12.9359703064,80.2340087891,63900,63910,10
12.9358701706,80.2339630127,63910,63921,11
12.9355401993,80.2338027954,63921,63931,10
12.9348497391,80.2334823608,63931,63941,10
12.9339103699,80.2330780029,63941,63961,20
12.9339103699,80.2330780029,63961,63971,10
12.9336299896,80.2329101563,63971,63981,10
12.9329795837,80.2326431274,63981,63991,10
12.932100296,80.2323074341,63991,64001,10
12.9309797287,80.2319412231,64001,64011,10
12.9297103882,80.2315597534,64011,64022,11
12.9283103943,80.2312774658,64022,64032,10
12.9269504547,80.2311325073,64032,64042,10
12.9261598587,80.2310562134,64042,64052,10
12.9260997772,80.231048584,64052,64062,10
12.9258699417,80.2310180664,64062,64072,10
12.925239563,80.2309417725,64072,64082,10
12.9243602753,80.2308120728,64082,64092,10
12.9233102798,80.230682373,64092,64102,10
12.9220504761,80.2304763794,64102,64112,10
12.9206800461,80.2302932739,64112,64123,11
12.9194297791,80.230140686,64123,64133,10
12.9191999435,80.2301177979,64133,64143,10
12.9189395905,80.2301025391,64143,64153,10
12.9182796478,80.2300109863,64153,64163,10
12.9174499512,80.229888916,64163,64173,10
12.9166603088,80.2297821045,64173,64183,10
12.9156198502,80.2296295166,64183,64193,10
12.9145202637,80.2294769287,64193,64203,10
12.9135799408,80.2293701172,64203,64213,10
12.9132995605,80.229347229,64213,64223,10
12.9130096436,80.2293014526,64223,64234,11
12.912229538,80.2291870117,64234,64244,10
12.9115896225,80.2290878296,64244,64254,10
12.910779953,80.2289810181,64254,64264,10
12.9097995758,80.2288284302,64264,64274,10
12.9085998535,80.2286300659,64274,64284,10
12.9073600769,80.2284393311,64284,64294,10
12.9065799713,80.2283782959,64294,64304,10
12.90625,80.2283477783,64304,64314,10
12.9059896469,80.2283325195,64314,64325,11
12.9051799774,80.2282791138,64325,64335,10
12.9041595459,80.2282104492,64335,64345,10
12.9029598236,80.2281417847,64345,64355,10
12.9021596909,80.2280807495,64355,64395,40
12.9021596909,80.2280807495,64395,64405,10
12.9019603729,80.2280807495,64405,64415,10
12.9015398026,80.2280578613,64415,64425,10
12.9011201859,80.2280578613,64425,64435,10
12.9006996155,80.2280426025,64435,64446,11
12.9003601074,80.2280197144,64446,64456,10
12.9000501633,80.2279815674,64456,64466,10
12.8992795944,80.2279586792,64466,64506,40
12.8992795944,80.2279586792,64506,64516,10
12.8991699219,80.2279510498,64516,64526,10
12.8987598419,80.2279129028,64526,64536,10
12.8980102539,80.2278594971,64536,64547,11
12.8969602585,80.2277832031,64547,64557,10
12.8957796097,80.2277374268,64557,64567,10
12.894490242,80.2276763916,64567,64577,10
12.8934602737,80.2276229858,64577,64587,10
12.8932800293,80.2275924683,64587,64597,10
12.893119812,80.2275619507,64597,64607,10
12.892539978,80.2274780273,64607,64617,10
12.8916702271,80.2274169922,64617,64627,10
12.8905801773,80.2274169922,64627,64637,10
12.8894100189,80.2274169922,64637,64648,11
12.8884801865,80.2274169922,64648,64658,10
12.8884096146,80.2274169922,64658,64668,10
12.8882398605,80.2274017334,64668,64678,10
12.8877296448,80.2273406982,64678,64688,10
12.8869199753,80.2272033691,64688,64698,10
12.8859195709,80.2269668579,64698,64708,10
12.8850898743,80.2268066406,64708,64718,10
12.884929657,80.2267990112,64718,64728,10
12.8848600388,80.2267990112,64728,64739,11
12.8843002319,80.2267913818,64739,64749,10
12.8834295273,80.2267837524,64749,64759,10
12.8823099136,80.2267990112,64759,64769,10
12.8810195923,80.2267990112,64769,64779,10
12.8796396255,80.2267990112,64779,64789,10
12.8781900406,80.2268829346,64789,64799,10
12.8769197464,80.2269897461,64799,64809,10
12.8765096664,80.2270126343,64809,64819,10
12.8763904572,80.2267303467,64819,64839,20
12.8763904572,80.2267303467,64839,64849,10
12.8764295578,80.2264328003,64849,64860,11
12.8765201569,80.2256164551,64860,64870,10
12.8766298294,80.224609375,64870,64880,10
12.8768701553,80.2233734131,64880,64890,10
12.8771800995,80.2220077515,64890,64900,10
12.8775100708,80.2205810547,64900,64910,10
12.8778400421,80.2191009521,64910,64920,10
12.8781604767,80.2175827026,64920,64930,10
12.878490448,80.2160263062,64930,64946,16
12.8789901733,80.2135391235,64946,64958,12
12.8793096542,80.2118988037,64958,64969,11
12.879070282,80.2109603882,64969,64988,19
12.879070282,80.2109603882,64988,64999,11
12.8788404465,80.2109298706,64999,65009,10
12.8781900406,80.2108078003,65009,65019,10
12.8773698807,80.2106704712,65019,65027,8
12.8766002655,80.2105178833,65027,65039,12
12.8756399155,80.2103500366,65039,65049,10
12.8746299744,80.2101593018,65049,65088,39
12.8746299744,80.2101593018,65088,65100,12
12.874420166,80.2100982666,65100,65110,10
12.8743896484,80.2097473145,65110,65120,10
12.8747301102,80.2096405029,65120,65130,10
12.8747196198,80.2100601196,65130,65272,142
12.8747196198,80.2100601196,65272,65282,10
12.8747901917,80.2102584839,65282,65292,10
12.8750400543,80.2102813721,65292,65302,10
12.8753595352,80.2103424072,65302,65312,10
12.8757295609,80.2104110718,65312,65322,10
12.8763399124,80.2105331421,65322,65332,10
12.8770198822,80.2106704712,65332,65342,10
12.877790451,80.2108230591,65342,65352,10
12.8786001205,80.2109680176,65352,65361,9
12.879240036,80.2110900879,65361,65393,32
12.879240036,80.2110900879,65393,65403,10
12.8795003891,80.2112426758,65403,65413,10
12.8794698715,80.2115325928,65413,65422,9
12.879360199,80.2120437622,65422,65433,11
12.8792200089,80.2127990723,65433,65443,10
12.8790302277,80.2137374878,65443,65453,10
12.8788795471,80.2146224976,65453,65463,10
12.8787202835,80.2154388428,65463,65473,10
12.8785600662,80.2161636353,65473,65484,11
12.8783798218,80.2171173096,65484,65595,111
12.8783798218,80.2171173096,65595,65605,10
12.8783502579,80.2171707153,65605,65615,10
12.8782300949,80.2176589966,65615,65625,10
12.8780603409,80.2184371948,65625,65635,10
12.8778600693,80.2193832397,65635,65645,10
12.8776197433,80.2203979492,65645,65655,10
12.8773803711,80.2214431763,65655,65665,10
12.8771400452,80.2225112915,65665,65675,10
12.8768901825,80.2235794067,65675,65686,11
12.876709938,80.2246780396,65686,65696,10
12.8766899109,80.2248687744,65696,65706,10
12.8766403198,80.2252197266,65706,65716,10
12.8765602112,80.2259597778,65716,65726,10
12.8764600754,80.2268295288,65726,65746,20
12.8764600754,80.2268295288,65746,65756,10
12.8764600754,80.226852417,65756,65766,10
12.8765802383,80.2269668579,65766,65776,10
12.8770704269,80.2269210815,65776,65786,10
12.8778896332,80.226852417,65786,65797,11
12.879070282,80.2267608643,65797,65807,10
12.8803396225,80.2267303467,65807,65817,10
12.8816995621,80.2267227173,65817,65827,10
12.8831396103,80.2266998291,65827,65837,10
12.8845396042,80.2266693115,65837,65847,10
12.8851995468,80.2266693115,65847,65857,10
12.8851995468,80.2266616821,65857,65867,10
12.8852796555,80.2266769409,65867,65877,10
12.8857803345,80.2267990112,65877,65887,10
12.8865995407,80.2270202637,65887,65898,11
12.8877296448,80.2272186279,65898,65908,10
12.8884897232,80.2272872925,65908,65918,10
12.8885297775,80.2273025513,65918,65928,10
12.8886203766,80.2273025513,65928,65938,10
12.8888101578,80.2273178101,65938,65948,10
12.8893995285,80.2273330688,65948,65958,10
12.8902702332,80.2273330688,65958,65968,10
12.8913402557,80.2273406982,65968,65978,10
12.8922395706,80.2273406982,65978,65988,10
12.8924598694,80.2273483276,65988,65999,11
12.8929004669,80.2274017334,65999,66009,10
12.8935699463,80.2274932861,66009,66019,10
12.8938999176,80.2275390625,66019,66029,10
12.8940000534,80.2275390625,66029,66039,10
12.8940696716,80.2275466919,66039,66049,10
12.8945198059,80.2275772095,66049,66059,10
12.8952999115,80.2276229858,66059,66069,10
12.8962697983,80.2276611328,66069,66079,10
12.8974304199,80.227722168,66079,66089,10
12.8985395432,80.2277908325,66089,66099,10
12.899020195,80.2277984619,66099,66110,11
12.8992595673,80.2278213501,66110,66120,10
12.8997001648,80.2278366089,66120,66130,10
12.9001998901,80.2278823853,66130,66140,10
12.900639534,80.2278900146,66140,66150,10
12.9009199142,80.2279205322,66150,66160,10
12.9012203217,80.2279586792,66160,66170,10
12.9016399384,80.2279891968,66170,66180,10
12.9023103714,80.2280197144,66180,66211,31
12.9023103714,80.2280197144,66211,66221,10
12.9025096893,80.2280273438,66221,66232,11
12.9029397964,80.2280502319,66232,66252,20
12.9029397964,80.2280502319,66252,66262,10
12.9030303955,80.2280273438,66262,66272,10
12.9034996033,80.2280731201,66272,66282,10
12.9040699005,80.2281265259,66282,66292,10
12.9048299789,80.2281570435,66292,66403,111
12.9048299789,80.2281570435,66403,66414,11
12.9048700333,80.228187561,66414,66424,10
12.9052696228,80.2281799316,66424,66444,20
12.9052696228,80.2281799316,66444,66454,10
12.9055500031,80.2281723022,66454,66464,10
12.9059000015,80.2282028198,66464,66474,10
12.9061603546,80.2282333374,66474,66484,10
12.9064998627,80.2282333374,66484,66494,10
12.9067201614,80.2282485962,66494,66504,10
12.9071598053,80.2283172607,66504,66525,21
12.9071598053,80.2283172607,66525,66535,10
12.9071998596,80.2283325195,66535,66545,10
12.9075899124,80.2283782959,66545,66555,10
12.908249855,80.2284927368,66555,66565,10
12.9090900421,80.2286300659,66565,66575,10
12.9100599289,80.2287826538,66575,66585,10
12.9111003876,80.2289581299,66585,66595,10
12.9121704102,80.2291183472,66595,66605,10
12.9131298065,80.2292404175,66605,66615,10
12.9137296677,80.229309082,66615,66636,21
12.9137296677,80.229309082,66636,66646,10
12.913769722,80.2293014526,66646,66656,10
12.914150238,80.2293624878,66656,66666,10
12.9147901535,80.2294464111,66666,66676,10
12.915599823,80.2295837402,66676,66686,10
12.9164896011,80.2297210693,66686,66696,10
12.9172801971,80.2298202515,66696,66706,10
12.9180498123,80.2299194336,66706,66716,10
12.9188098907,80.2300186157,66716,66727,11
12.9189996719,80.2300415039,66727,66737,10
12.9190502167,80.2300491333,66737,66747,10
12.9191598892,80.2300567627,66747,66757,10
12.9193601608,80.2300796509,66757,66767,10
12.9198799133,80.2301635742,66767,66777,10
12.920419693,80.2302093506,66777,66949,172
12.920419693,80.2302093506,66949,66959,10
12.9204998016,80.2302322388,66959,66969,10
12.9208698273,80.2302780151,66969,66979,10
12.9215097427,80.2303695679,66979,66989,10
12.9223299026,80.2304992676,66989,66999,10
12.9232501984,80.2306518555,66999,67009,10
12.9241695404,80.2307662964,67009,67019,10
12.924949646,80.2308807373,67019,67029,10
12.9256401062,80.2309494019,67029,67040,11
12.9262399673,80.2310028076,67040,67060,20
12.9262399673,80.2310028076,67060,67070,10
12.9263696671,80.2310180664,67070,67080,10
12.9264497757,80.2310409546,67080,67090,10
12.9265098572,80.2310409546,67090,67100,10
12.9269399643,80.231086731,67100,67110,10
12.9276599884,80.2311706543,67110,67126,16
12.9287796021,80.231338501,67126,67138,12
12.9291601181,80.2314071655,67138,67149,11
12.9295797348,80.2314910889,67149,67159,10
12.9304504395,80.2317123413,67159,67168,9
12.9312200546,80.2319564819,67168,67178,10
12.9321298599,80.2322692871,67178,67189,11
12.9334602356,80.2327423096,67189,67220,31
12.9334602356,80.2327423096,67220,67230,10
12.9336204529,80.2328186035,67230,67240,10
12.9340801239,80.2330322266,67240,67250,10
12.9348096848,80.2333679199,67250,67261,11
12.9355096817,80.2336578369,67261,67270,9
12.9355802536,80.2337036133,67270,67281,11
12.9357995987,80.2338027954,67281,67291,10
12.9364004135,80.2341003418,67291,67301,10
12.9371595383,80.2344589233,67301,67311,10
12.9380302429,80.2348709106,67311,67321,10
12.9389400482,80.2353134155,67321,67331,10
12.9394798279,80.2355804443,67331,67352,21
12.9394798279,80.2355804443,67352,67362,10
12.939620018,80.2356491089,67362,67372,10
12.940079689,80.2358779907,67372,67382,10
12.9407100677,80.236076355,67382,67392,10
12.9414796829,80.2362594604,67392,67402,10
12.9423999786,80.2365036011,67402,67412,10
12.9432601929,80.2369766235,67412,67422,10
12.9437103271,80.237411499,67422,67432,10
12.9437599182,80.2374572754,67432,67442,10
12.944029808,80.2377624512,67442,67453,11
12.9443998337,80.2381515503,67453,67463,10
12.9444599152,80.2382202148,67463,67473,10
12.944729805,80.23853302,67473,67483,10
12.9450302124,80.2388687134,67483,67493,10
12.9452896118,80.2390975952,67493,67503,10
12.9455299377,80.2392883301,67503,67513,10
12.9459495544,80.2394790649,67513,67523,10
12.9464197159,80.2396621704,67523,67533,10
12.9465799332,80.2397384644,67533,67543,10
12.9469203949,80.2398834229,67543,67553,10
12.9471597672,80.2399902344,67553,67564,11
12.9473800659,80.2400894165,67564,67725,161
12.9473800659,80.2400894165,67725,67735,10
12.9475603104,80.2401504517,67735,67745,10
12.9478397369,80.2402801514,67745,67755,10
12.9480495453,80.2403869629,67755,67766,11
12.9485397339,80.2406082153,67766,67776,10
12.9492502213,80.2408828735,67776,67786,10
12.9500999451,80.2411422729,67786,67796,10
12.9506196976,80.2412872314,67796,67806,10
12.950799942,80.2413330078,67806,67816,10
12.9508399963,80.2413330078,67816,67826,10
12.950920105,80.2413635254,67826,67836,10
12.9512796402,80.2414932251,67836,67846,10
12.9518499374,80.2416915894,67846,67856,10
12.9526195526,80.2419891357,67856,67867,11
12.9533901215,80.2422790527,67867,67877,10
12.9538202286,80.2424468994,67877,67887,10
12.9543399811,80.2426681519,67887,67897,10
12.9549503326,80.2429122925,67897,67907,10
12.9555301666,80.2431411743,67907,67917,10
12.9558401108,80.2432785034,67917,67947,30
12.9558401108,80.2432785034,67947,67957,10
12.9559803009,80.2433166504,67957,67978,21
12.9561300278,80.2433929443,67978,68008,30
12.9561300278,80.2433929443,68008,68018,10
12.9562301636,80.2434234619,68018,68028,10
12.9562501907,80.2434310913,68028,68038,10
12.9563798904,80.2434921265,68038,68048,10
12.9567098618,80.2436294556,68048,68058,10
12.9573497772,80.2438964844,68058,68068,10
12.9586000443,80.2444076538,68068,68089,21
12.9586000443,80.2444076538,68089,68099,10
12.9587402344,80.244468689,68099,68109,10
12.9591798782,80.244682312,68109,68119,10
12.9597797394,80.2449493408,68119,68129,10
12.9605903625,80.2453231812,68129,68139,10
12.9615402222,80.2457733154,68139,68149,10
12.9622001648,80.2461013794,68149,68159,10
12.9624595642,80.2462310791,68159,68175,16
12.9631595612,80.2465820313,68175,68188,13
12.963640213,80.2468185425,68188,68198,10
12.9638500214,80.2469024658,68198,68208,10
12.9642496109,80.2470703125,68208,68218,10
12.9648599625,80.2472915649,68218,68228,10
12.9655799866,80.247543335,68228,68238,10
12.9660396576,80.2477035522,68238,68247,9
12.966340065,80.2478179932,68247,68278,31
12.966629982,80.2479324341,68278,68309,31
12.966629982,80.2479324341,68309,68319,10
12.9667100906,80.2479782104,68319,68329,10
12.9671201706,80.2482070923,68329,68339,10
12.9678297043,80.2485198975,68339,68349,10
12.9686899185,80.248878479,68349,68359,10
12.9697599411,80.2492904663,68359,68369,10
12.9709396362,80.2497177124,68369,68379,10
12.9720802307,80.2500305176,68379,68390,11
12.97356987,80.2504196167,68390,68400,10
12.9743404388,80.250579834,68400,68410,10
12.9743900299,80.2506027222,68410,68420,10
12.9745397568,80.2506332397,68420,68430,10
12.9750404358,80.2507781982,68430,68440,10
12.9757900238,80.2510223389,68440,68450,10
12.9766998291,80.2512893677,68450,68460,10
12.977640152,80.2517700195,68460,68470,10
12.9785499573,80.2524795532,68470,68480,10
12.9795598984,80.2526702881,68480,68490,10
12.9799604416,80.2523880005,68490,68511,21
12.9799604416,80.2523880005,68511,68521,10
12.9799499512,80.252281189,68521,68531,10
12.9800195694,80.2519683838,68531,68541,10
12.9801998138,80.2514190674,68541,68551,10
12.9804000854,80.2506637573,68551,68561,10
12.9806098938,80.2497787476,68561,68571,10
12.9806995392,80.2488174438,68571,68581,10
12.9807901382,80.2478027344,68581,68591,10
12.980890274,80.2466964722,68591,68602,11
12.9810199738,80.2454605103,68602,68612,10
12.9811296463,80.2444992065,68612,68622,10
12.9811601639,80.2440490723,68622,68632,10
12.9811897278,80.243850708,68632,68642,10
12.9812898636,80.2436523438,68642,68652,10
12.9813098907,80.2431716919,68652,68672,20
12.9813098907,80.2431716919,68672,68682,10
12.981300354,80.2429504395,68682,68703,21
12.981300354,80.2429504395,68703,68713,10
12.9813404083,80.2427520752,68713,68723,10
12.9813203812,80.2422714233,68723,68733,10
12.9813203812,80.2415924072,68733,68743,10
12.9813098907,80.2408828735,68743,68753,10
12.981300354,80.2403488159,68753,68763,10
12.9812898636,80.2401428223,68763,68773,10
12.9812803268,80.2398605347,68773,68783,10
12.9812803268,80.2396392822,68783,68793,10
12.9812698364,80.2392196655,68793,68803,10
12.9812498093,80.2391433716,68803,68814,11
12.9812498093,80.2387466431,68814,68824,10
12.9812002182,80.2381591797,68824,68854,30
12.9812002182,80.2381591797,68854,68864,10
12.9812097549,80.237953186,68864,68874,10
12.9812097549,80.237487793,68874,68884,10
12.9811897278,80.2367477417,68884,68894,10
12.9811697006,80.2359237671,68894,68904,10
12.9811496735,80.2353210449,68904,68915,11
12.9811496735,80.2350006104,68915,68945,30
12.9811496735,80.2350006104,68945,68955,10
12.9811601639,80.2348175049,68955,68965,10
12.9811601639,80.234703064,68965,68975,10
12.9811296463,80.2346115112,68975,68985,10
12.9811697006,80.2343902588,68985,68995,10
12.9811897278,80.2343063354,68995,69005,10
12.981300354,80.2340164185,69005,69086,81
12.981300354,80.2340164185,69086,69096,10
12.9814901352,80.2335891724,69096,69127,31
12.9815502167,80.2334594727,69127,69147,20
12.9815502167,80.2334594727,69147,69157,10
12.9816102982,80.2333068848,69157,69167,10
12.9818000793,80.2329177856,69167,69177,10
12.9819402695,80.2324295044,69177,69187,10
12.9819402695,80.2322769165,69187,69197,10
12.9819297791,80.2319488525,69197,69207,10
12.981880188,80.2314987183,69207,69217,10
12.9817304611,80.2310333252,69217,69228,11
12.9815196991,80.2305984497,69228,69238,10
12.9811401367,80.2299880981,69238,69248,10
12.9807796478,80.2294311523,69248,69258,10
12.9806604385,80.2292404175,69258,69268,10
12.9805297852,80.2290267944,69268,69288,20
12.9805297852,80.2290267944,69288,69298,10
12.9804096222,80.2288284302,69298,69308,10
12.9802303314,80.2285079956,69308,69318,10
12.9800395966,80.2281036377,69318,69329,11
12.9796495438,80.2274169922,69329,69339,10
12.9792299271,80.2267303467,69339,69349,10
12.9788103104,80.2260437012,69349,69359,10
12.9784202576,80.225402832,69359,69369,10
12.9780797958,80.2248382568,69369,69379,10
12.9777202606,80.224357605,69379,69399,20
12.9777202606,80.224357605,69399,69409,10
12.977640152,80.2241897583,69409,69420,11
12.9773397446,80.2236785889,69420,69430,10
12.9769601822,80.2230834961,69430,69440,10
12.9771900177,80.2227783203,69440,69480,40
12.9771900177,80.2227783203,69480,69490,10
12.9773101807,80.2227783203,69490,69500,10
12.9775400162,80.222618103,69500,69510,10
12.9774799347,80.2220916748,69510,69520,10
12.9774303436,80.2216262817,69520,69530,10
12.9774198532,80.2213821411,69530,69541,11
12.9777603149,80.221321106,69541,69551,10
12.9784097672,80.2212600708,69551,69571,20
12.9784097672,80.2212600708,69571,69581,10
12.9786195755,80.2212219238,69581,69591,10
12.979060173,80.2211990356,69591,69601,10
12.9796495438,80.2211685181,69601,69611,10
12.9804201126,80.2211227417,69611,69621,10
12.9811601639,80.2211685181,69621,69631,10
12.9818696976,80.2216110229,69631,69642,11
12.9825296402,80.2219161987,69642,69652,10
12.9829998016,80.2221069336,69652,69672,20
12.9829998016,80.2221069336,69672,69682,10
12.9833402634,80.2223510742,69682,69732,50
12.9833402634,80.2223510742,69732,69743,11
12.9837398529,80.222618103,69743,69753,10
12.9841098785,80.2228317261,69753,69763,10
12.9844999313,80.2230606079,69763,69773,10
12.9848604202,80.2232894897,69773,69783,10
12.9851903915,80.2233963013,69783,69793,10
12.9854402542,80.2234115601,69793,69803,10
12.9860200882,80.2230834961,69803,69854,51
12.9863004684,80.2230834961,69854,69874,20
12.9863004684,80.2230834961,69874,69884,10
12.9864196777,80.2230834961,69884,69900,16
12.9869403839,80.2231292725,69900,69942,42
12.9869403839,80.2231292725,69942,69953,11
12.9871797562,80.2231369019,69953,69963,10
12.9876003265,80.22315979,69963,69973,10
12.9881496429,80.2228622437,69973,69983,10
12.9887199402,80.222328186,69983,69993,10
12.9890604019,80.2219009399,69993,70003,10
12.9894695282,80.2213973999,70003,70013,10
12.9903097153,80.2205581665,70013,70043,30
12.9903097153,80.2205581665,70043,70052,9
12.990650177,80.2202835083,70052,70064,12
12.9911699295,80.2198867798,70064,70074,10
12.9918298721,80.2193984985,70074,70084,10
12.9924898148,80.2189025879,70084,70094,10
12.9931602478,80.2183914185,70094,70104,10
12.9937000275,80.2180023193,70104,70114,10
12.994099617,80.2177200317,70114,70124,10
12.9944801331,80.2174377441,70124,70134,10
12.9949703217,80.217086792,70134,70144,10
12.9955501556,80.2167892456,70144,70154,10
12.9960803986,80.2166595459,70154,70175,21
12.9960803986,80.2166595459,70175,70185,10
12.9964704514,80.216583252,70185,70205,20
12.9964704514,80.216583252,70205,70215,10
12.9966697693,80.2165603638,70215,70225,10
12.9968700409,80.2165527344,70225,70235,10
12.9970397949,80.2165374756,70235,70245,10
12.9972600937,80.2164001465,70245,70255,10
12.9974002838,80.2162475586,70255,70266,11
12.997469902,80.2162017822,70266,70276,10
12.9977302551,80.2159805298,70276,70286,10
12.9981203079,80.215637207,70286,70296,10
12.9986600876,80.2151565552,70296,70306,10
12.9990501404,80.2148284912,70306,70316,10
12.9993200302,80.2145767212,70316,70326,10
12.9997596741,80.2142105103,70326,70336,10
13.0001802444,80.2138366699,70336,70346,10
13.0007095337,80.2133636475,70346,70356,10
13.0011396408,80.2130279541,70356,70367,11
13.001660347,80.2126617432,70367,70377,10
13.0020599365,80.212387085,70377,70387,10
13.0024204254,80.2122192383,70387,70397,10
13.002790451,80.2121887207,70397,70407,10
13.0034599304,80.2121200562,70407,70427,20
13.0034599304,80.2121200562,70427,70437,10
13.0036201477,80.2118682861,70437,70447,10
13.0036296844,80.2114028931,70447,70457,10
13.0035600662,80.2106781006,70457,70468,11
13.0034704208,80.209777832,70468,70478,10
13.0036001205,80.209022522,70478,70488,10
13.0040397644,80.2087478638,70488,70498,10
13.0047798157,80.2090835571,70498,70508,10
13.0055503845,80.2094116211,70508,70518,10
13.0061101913,80.209602356,70518,70528,10
13.0066604614,80.209777832,70528,70538,10
13.0072202682,80.2098922729,70538,70568,30
13.0072202682,80.2098922729,70568,70579,11
13.0074996948,80.2099533081,70579,70589,10
13.0079498291,80.2100524902,70589,70599,10
13.0081501007,80.2100219727,70599,70609,10
13.0080604553,80.2095413208,70609,70619,10
13.0079202652,80.2088088989,70619,70629,10
13.0077896118,80.2079315186,70629,70639,10
13.0076303482,80.20703125,70639,70648,9
13.0075302124,80.2062683105,70648,70659,11
13.0074701309,80.2054214478,70659,70669,10
13.0074796677,80.2046966553,70669,70680,11
13.0074195862,80.2038803101,70680,70690,10
13.0072603226,80.2029495239,70690,70700,10
13.006649971,80.2026596069,70700,70710,10
13.0065898895,80.2032775879,70710,70720,10
13.0071401596,80.2036209106,70720,70730,10
13.0079298019,80.2037811279,70730,70740,10
13.0089502335,80.203742981,70740,70750,10
13.0101203918,80.2037124634,70750,70760,10
13.011349678,80.2037811279,70760,70770,10
13.0125303268,80.2039794922,70770,70780,10
13.0132904053,80.2041778564,70780,70791,11
13.0133600235,80.2042236328,70791,70801,10
13.0135297775,80.2042922974,70801,70811,10
13.0136299133,80.2046279907,70811,70821,10
13.013589859,80.2047119141,70821,70837,16
13.0134401321,80.205078125,70837,70849,12
13.0131397247,80.2060165405,70849,70858,9
13.0129804611,80.2068786621,70858,70869,11
13.0128898621,80.2078094482,70869,70879,10
13.0128803253,80.2079162598,70879,70889,10
13.012840271,80.208366394,70889,70900,11
13.0128602982,80.2087631226,70900,70910,10
13.0129499435,80.2093200684,70910,70919,9
13.0131597519,80.2098388672,70919,70930,11
13.0130796432,80.2105026245,70930,70940,10
13.0127897263,80.2113876343,70940,70950,10
13.012339592,80.2121505737,70950,70960,10
13.0119104385,80.2127990723,70960,70970,10
13.0116500854,80.2128601074,70970,70980,10
13.0111398697,80.2124786377,70980,70991,11
13.0103998184,80.2119293213,70991,71001,10
13.0100297928,80.2116470337,71001,71011,10
13.0095396042,80.2112884521,71011,71233,222
13.0093002319,80.2110900879,71233,71899,666
13.0093002319,80.2110900879,71899,71909,10
13.0091600418,80.2111434937,71909,71919,10
13.0090799332,80.2113189697,71919,71929,10
13.0089702606,80.2115020752,71929,71940,11
13.0089998245,80.2118606567,71940,71950,10
13.00922966,80.2125473022,71950,71960,10
13.0094995499,80.2132568359,71960,71970,10
13.0097999573,80.2140197754,71970,71980,10
13.0100698471,80.2148208618,71980,71990,10
13.010219574,80.2157897949,71990,72000,10
13.0106401443,80.216758728,72000,72010,10
13.0110998154,80.2177429199,72010,72020,10
13.0115299225,80.2188873291,72020,72030,10
13.011879921,80.2199478149,72030,72041,11
13.0121898651,80.220916748,72041,72051,10
13.0122995377,80.2213973999,72051,72061,10
13.0124597549,80.2216873169,72061,72071,10
13.012840271,80.2221984863,72071,72081,10
13.0132703781,80.2227020264,72081,72091,10
13.0138397217,80.2233581543,72091,72101,10
13.0141401291,80.2237930298,72101,72111,10
13.0145797729,80.2242965698,72111,72121,10
13.015080452,80.2248764038,72121,72131,10
13.015370369,80.2253189087,72131,72142,11
13.0150499344,80.2259597778,72142,72172,30
13.0150499344,80.2259597778,72172,72182,10
13.0148000717,80.2260971069,72182,72192,10
13.0143404007,80.2262496948,72192,72202,10
13.0136995316,80.2265014648,72202,72212,10
13.0129003525,80.2268218994,72212,72222,10
13.0120697021,80.2271499634,72222,72232,10
13.0112104416,80.2274780273,72232,72243,11
13.0102500916,80.2278823853,72243,72253,10
13.0095396042,80.2279968262,72253,72263,10
13.0095396042,80.2274169922,72263,72273,10
13.0098600388,80.2267227173,72273,72283,10
13.0102300644,80.2259216309,72283,72293,10
13.0104703903,80.2252883911,72293,72303,10
13.01060009,80.2249984741,72303,72313,10
13.0106897354,80.2247390747,72313,72323,10
13.010890007,80.2242507935,72323,72333,10
13.0111503601,80.2235565186,72333,72344,11
13.0110197067,80.2231216431,72344,72354,10
13.0103797913,80.2228012085,72354,72364,10
13.0097198486,80.2224578857,72364,72380,16
13.0084104538,80.2217712402,72380,72392,12
13.0074701309,80.2212677002,72392,72402,10
13.006939888,80.2209701538,72402,72410,8
13.0064201355,80.2207336426,72410,72422,12
13.0054597855,80.2205123901,72422,72432,10
13.0047798157,80.2203598022,72432,72442,10
13.0045995712,80.2203216553,72442,72453,11
13.0042896271,80.2202377319,72453,72463,10
13.0037097931,80.2201004028,72463,72473,10
13.0033102036,80.2200088501,72473,72483,10
13.0027999878,80.2198410034,72483,72492,9
13.002289772,80.2194900513,72492,72502,10
13.0017595291,80.2188873291,72502,72513,11
13.0011100769,80.2183837891,72513,72523,10
13.0006799698,80.2180786133,72523,72533,10
12.999879837,80.2175827026,72533,72542,9
12.9992103577,80.2172012329,72542,72554,12
12.9987401962,80.2169876099,72554,72574,20
12.9987401962,80.2169876099,72574,72584,10
12.9984397888,80.2168426514,72584,72594,10
12.9984197617,80.2168426514,72594,72604,10
12.9982995987,80.2167816162,72604,72614,10
12.9981203079,80.2167129517,72614,72624,10
12.9979696274,80.2166671753,72624,72634,10
12.9978303909,80.2166366577,72634,72644,10
12.9977197647,80.2166290283,72644,72655,11
12.9975795746,80.2166137695,72655,72665,10
12.9975204468,80.2165985107,72665,72675,10
12.9974098206,80.2165985107,72675,72685,10
12.9972600937,80.216583252,72685,72695,10
12.9970502853,80.2165985107,72695,72705,10
12.9968500137,80.2165985107,72705,72715,10
12.996720314,80.2166213989,72715,72725,10
12.9963798523,80.2166366577,72725,72766,41
12.9963798523,80.2166366577,72766,72776,10
12.9960298538,80.2166900635,72776,72786,10
12.995759964,80.2167434692,72786,72796,10
12.9956102371,80.2167816162,72796,72806,10
12.9954395294,80.2168502808,72806,72816,10
12.9952402115,80.2169418335,72816,72826,10
12.9950799942,80.2170410156,72826,72836,10
12.9948596954,80.2171783447,72836,72846,10
12.9944200516,80.2174987793,72846,72856,10
12.9940004349,80.2178115845,72856,72867,11
12.9934597015,80.2182006836,72867,72877,10
12.9928302765,80.2186584473,72877,72887,10
12.9922304153,80.2190933228,72887,72897,10
12.9914598465,80.2196578979,72897,72907,10
12.9908800125,80.2200698853,72907,72917,10
12.9907302856,80.2201919556,72917,72927,10
12.9907197952,80.220199585,72927,72937,10
12.9904603958,80.220413208,72937,72947,10
12.9899301529,80.2208404541,72947,72957,10
12.9893903732,80.2215194702,72957,72967,10
12.9888496399,80.2221832275,72967,72978,11
12.9881296158,80.2228622437,72978,72988,10
12.9875898361,80.22315979,72988,73079,91
12.9875898361,80.22315979,73079,73089,10
12.9872303009,80.2231216431,73089,73159,70
12.9872303009,80.2231216431,73159,73169,10
12.9871702194,80.2230834961,73169,73180,11
12.9869003296,80.2230377197,73180,73190,10
12.9866104126,80.2229919434,73190,73200,10
12.9861898422,80.2229919434,73200,73210,10
12.9856796265,80.2230606079,73210,73220,10
12.9853601456,80.2233581543,73220,73230,10
12.9851303101,80.2233123779,73230,73240,10
12.9846401215,80.2230987549,73240,73250,10
12.9841499329,80.2228088379,73250,73260,10
12.9839801788,80.2227172852,73260,73270,10
12.9837598801,80.2225799561,73270,73280,10
12.983420372,80.222366333,73280,73291,11
12.9832801819,80.2222824097,73291,73301,10
12.9832000732,80.2222366333,73301,73311,10
12.9830102921,80.2220993042,73311,73321,10
12.9826202393,80.2219467163,73321,73331,10
12.9822797775,80.2218399048,73331,73341,10
12.9819202423,80.2216262817,73341,73351,10
12.9814796448,80.2213287354,73351,73361,10
12.9811096191,80.2211608887,73361,73371,10
12.9806499481,80.2211074829,73371,73381,10
12.9799098969,80.2211608887,73381,73392,11
12.9789800644,80.221206665,73392,73402,10
12.9780597687,80.2212677002,73402,73412,10
12.9772195816,80.2212905884,73412,73422,10
12.976269722,80.2212982178,73422,73432,10
12.9762401581,80.2217483521,73432,73462,30
12.9762401581,80.2217483521,73462,73472,10
12.9764900208,80.2222290039,73472,73482,10
12.9767999649,80.2227401733,73482,73492,10
12.9771795273,80.2233428955,73492,73503,11
12.9777297974,80.2241973877,73503,73513,10
12.9780197144,80.2246627808,73513,73523,10
12.978219986,80.2249603271,73523,73533,10
12.9782896042,80.2250823975,73533,73543,10
12.9784498215,80.2253417969,73543,73553,10
12.9785003662,80.2254180908,73553,73563,10
12.9786901474,80.2257537842,73563,73573,10
12.9790697098,80.2263793945,73573,73583,10
12.9793996811,80.2269210815,73583,73593,10
12.9797296524,80.2275085449,73593,73604,11
12.9802503586,80.2283782959,73604,73614,10
12.9807300568,80.2291793823,73614,73624,10
12.9809103012,80.2294998169,73624,73634,10
12.9812498093,80.2300033569,73634,73644,10
12.9816102982,80.2305221558,73644,73654,10
12.9816198349,80.2305374146,73654,73664,10
12.981760025,80.2308273315,73664,73674,10
12.9819602966,80.2314682007,73674,73684,10
12.982000351,80.2322616577,73684,73695,11
12.9817199707,80.2332000732,73695,73715,20
12.9817199707,80.2332000732,73715,73725,10
12.9816799164,80.2332992554,73725,73735,10
12.9815597534,80.2335586548,73735,73745,10
12.9812602997,80.2341766357,73745,73755,10
12.9811601639,80.2351226807,73755,73765,10
12.9811897278,80.236076355,73765,73775,10
12.9812297821,80.2363586426,73775,73785,10
12.9812097549,80.2369689941,73785,73795,10
12.9812402725,80.2377929688,73795,73805,10
12.9812402725,80.2381973267,73805,73816,11
12.9812602997,80.2387008667,73816,73826,10
12.9812602997,80.2387390137,73826,73836,10
12.9812803268,80.2391891479,73836,73846,10
12.981300354,80.2397003174,73846,73856,10
12.981300354,80.2397079468,73856,73866,10
12.981300354,80.2400970459,73866,73876,10
12.9813299179,80.2407531738,73876,73886,10
12.9813203812,80.2414474487,73886,73896,10
12.9813499451,80.2426605225,73896,73917,21
12.9813499451,80.2426605225,73917,73927,10
12.9813299179,80.2429428101,73927,73937,10
12.9813098907,80.2436218262,73937,73947,10
12.9811897278,80.2445526123,73947,73957,10
12.9810304642,80.2456970215,73957,73967,10
12.980890274,80.2470016479,73967,73977,10
12.9807796478,80.2483901978,73977,73987,10
12.980629921,80.2498321533,73987,73997,10
12.9802703857,80.2512435913,73997,74007,10
12.9800596237,80.2521591187,74007,74018,11
12.9798402786,80.2526397705,74018,74028,10
12.9792604446,80.2527770996,74028,74038,10
12.9785995483,80.2526702881,74038,74048,10
12.9785995483,80.2526626587,74048,74058,10
12.9782600403,80.2524490356,74058,74068,10
12.9776496887,80.2519226074,74068,74078,10
12.9767398834,80.2513809204,74078,74088,10
12.975520134,80.2509994507,74088,74098,10
12.9742097855,80.250617981,74098,74108,10
12.972990036,80.2502975464,74108,74119,11
12.9725599289,80.250213623,74119,74129,10
12.9722499847,80.2501220703,74129,74139,10
12.9715299606,80.2499313354,74139,74149,10
12.9706001282,80.249671936,74149,74159,10
12.9695301056,80.2492599487,74159,74169,10
12.9686002731,80.248840332,74169,74179,10
12.9682798386,80.2486801147,74179,74189,10
12.9675998688,80.2484130859,74189,74199,10
12.9668102264,80.2480621338,74199,74209,10
12.9662799835,80.2478179932,74209,74219,10
12.9654102325,80.2474975586,74219,74240,21
12.9654102325,80.2474975586,74240,74250,10
12.9653997421,80.247467041,74250,74260,10
12.9652795792,80.247428894,74260,74270,10
12.9650201797,80.2473373413,74270,74280,10
12.9644098282,80.2471389771,74280,74290,10
12.9638700485,80.246887207,74290,74300,10
12.9637804031,80.2468566895,74300,74310,10
12.963640213,80.2468185425,74310,74320,10
12.9632501602,80.2466278076,74320,74331,11
12.9624700546,80.2462387085,74331,74341,10
12.9615497589,80.2458114624,74341,74351,10
12.9605798721,80.2453613281,74351,74361,10
12.9594802856,80.2449035645,74361,74371,10
12.9593200684,80.2448272705,74371,74381,10
12.9592399597,80.2447891235,74381,74391,10
12.9588298798,80.2445983887,74391,74401,10
12.9581203461,80.2442932129,74401,74411,10
12.9574098587,80.2440414429,74411,74421,10
12.9564199448,80.2437210083,74421,74452,31
12.9564199448,80.2437210083,74452,74462,10
12.9560003281,80.2435836792,74462,74472,10
12.9553899765,80.2432403564,74472,74482,10
12.9545602798,80.2428588867,74482,74492,10
12.9535999298,80.2424316406,74492,74502,10
12.9524698257,80.2419662476,74502,74512,10
12.9516201019,80.2416992188,74512,74532,20
12.9516201019,80.2416992188,74532,74543,11
12.9514198303,80.241607666,74543,74553,10
12.9509296417,80.2414321899,74553,74563,10
12.9501600266,80.2411804199,74563,74573,10
12.9497098923,80.2410736084,74573,74593,20
12.9497098923,80.2410736084,74593,74603,10
12.9495897293,80.241027832,74603,74613,10
12.9492101669,80.2408905029,74613,74623,10
12.9485502243,80.2406387329,74623,74633,10
12.9473600388,80.2401504517,74633,74654,21
12.9473600388,80.2401504517,74654,74664,10
12.9473104477,80.2401275635,74664,74674,10
12.9469404221,80.239982605,74674,74684,10
12.9462995529,80.2397003174,74684,74694,10
12.9454803467,80.2393188477,74694,74704,10
12.9446802139,80.2386398315,74704,74714,10
12.943860054,80.23777771,74714,74724,10
12.9433002472,80.2372436523,74724,74734,10
12.94328022,80.2372207642,74734,74744,10
12.9430599213,80.2369918823,74744,74755,11
12.9423799515,80.2365875244,74755,74765,10
12.9414596558,80.2362976074,74765,74775,10
12.9403495789,80.2360229492,74775,74785,10
12.9397802353,80.2358627319,74785,74795,10
12.9397201538,80.2358398438,74795,74805,10
12.9392900467,80.2356185913,74805,74815,10
12.9385995865,80.2352676392,74815,74825,10
12.9377603531,80.2348403931,74825,74835,10
12.9367904663,80.2343826294,74835,74845,10
12.9360399246,80.2340393066,74845,74856,11
12.9356498718,80.2338562012,74856,74866,10
12.9350795746,80.233581543,74866,74876,10
12.9338102341,80.2330169678,74876,74896,20
12.9338102341,80.2330169678,74896,74906,10
12.9337701797,80.2329788208,74906,74916,10
12.9333295822,80.2327728271,74916,74926,10
12.9325799942,80.232460022,74926,74936,10
12.9316396713,80.2321395874,74936,74947,11
12.9303703308,80.2317428589,74947,74957,10
12.9294300079,80.2315063477,74957,74967,10
12.9287595749,80.2313919067,74967,74977,10
12.9279403687,80.231262207,74977,74987,10
12.9269304276,80.2311401367,74987,74997,10
12.9262399673,80.2310791016,74997,75007,10
12.9260797501,80.2310714722,75007,75017,10
12.9256896973,80.231010437,75017,75027,10
12.9250097275,80.2309417725,75027,75037,10
12.9241199493,80.2308425903,75037,75047,10
12.9230699539,80.2306900024,75047,75057,10
12.9218301773,80.2304992676,75057,75068,11
12.9203796387,80.2303237915,75068,75078,10
12.9193201065,80.23021698,75078,75088,10
12.9191703796,80.2302017212,75088,75098,10
12.9189395905,80.2301483154,75098,75108,10
12.9183397293,80.2300796509,75108,75118,10
12.9174404144,80.2299575806,75118,75128,10
12.9163599014,80.2297821045,75128,75138,10
12.9152402878,80.2296218872,75138,75148,10
12.9140396118,80.2294692993,75148,75158,10
12.9133195877,80.2294006348,75158,75169,11
12.9132900238,80.2294006348,75169,75179,10
12.9130601883,80.2293395996,75179,75189,10
12.9124097824,80.2292480469,75189,75199,10
12.9114999771,80.2291107178,75199,75209,10
12.9103803635,80.2289505005,75209,75219,10
12.9090995789,80.2287368774,75219,75229,10
12.9074296951,80.2285003662,75229,75391,162
12.9074296951,80.2285003662,75391,75401,10
12.9072704315,80.2284622192,75401,75411,10
12.9070501328,80.2284164429,75411,75421,10
12.9066400528,80.2283401489,75421,75431,10
12.9062004089,80.2283096313,75431,75441,10
12.9054803848,80.2282791138,75441,75451,10
12.9044904709,80.2282333374,75451,75461,10
12.9033403397,80.2281799316,75461,75471,10
12.9021596909,80.2281112671,75471,75482,11
12.901599884,80.2281112671,75482,75492,10
12.9012002945,80.2280883789,75492,75502,10
12.900560379,80.2280197144,75502,75512,10
12.8996801376,80.2279891968,75512,75542,30
12.8996801376,80.2279891968,75542,75552,10
12.8996095657,80.2279586792,75552,75562,10
12.8991498947,80.2279129028,75562,75572,10
12.8983402252,80.2278518677,75572,75583,11
12.8972196579,80.2277908325,75583,75593,10
12.8959999084,80.2277374268,75593,75603,10
12.8946895599,80.2276763916,75603,75613,10
12.8935203552,80.2276229858,75613,75623,10
12.8927297592,80.2275314331,75623,75633,10
12.8926801682,80.2275238037,75633,75643,10
12.8922300339,80.2274627686,75643,75653,10
12.891409874,80.2274398804,75653,75663,10
12.8903598785,80.2274475098,75663,75674,11
12.8890104294,80.2274475098,75674,75684,10
12.8883399963,80.2274398804,75684,75694,10
12.8882904053,80.2274398804,75694,75704,10
12.8878002167,80.2273864746,75704,75714,10
12.8869600296,80.2272415161,75714,75724,10
12.8859300613,80.2269897461,75724,75734,10
12.8849096298,80.2267837524,75734,75744,10
12.8848304749,80.2267837524,75744,75754,10
12.884519577,80.2267837524,75754,75764,10
12.8837404251,80.2267379761,75764,75774,10
12.8827295303,80.2267532349,75774,75784,10
12.8815097809,80.2267684937,75784,75795,11
12.8800201416,80.2267837524,75795,75805,10
12.8785600662,80.2268295288,75805,75815,10
12.8771696091,80.2269592285,75815,75825,10
12.876660347,80.2270278931,75825,75835,10
12.8763999939,80.2269821167,75835,75855,20
12.8763999939,80.2269821167,75855,75865,10
12.8763799667,80.226600647,75865,75885,20
12.8763799667,80.226600647,75885,75896,11
12.8764400482,80.2261123657,75896,75906,10
12.8765296936,80.2253036499,75906,75915,9
12.8766298294,80.2243728638,75915,75926,11
12.8769102097,80.2230606079,75926,75936,10
12.8772096634,80.2217483521,75936,75946,10
12.877530098,80.2203826904,75946,75956,10
12.8778295517,80.219078064,75956,75966,10
12.878080368,80.217918396,75966,75976,10
12.8783197403,80.2167205811,75976,75986,10
12.8785600662,80.2155838013,75986,75997,11
12.8788499832,80.2141418457,75997,76007,10
12.8790998459,80.2127914429,76007,76017,10
12.879240036,80.2120437622,76017,76027,10
12.879240036,80.212020874,76027,76037,10
12.8793201447,80.2116088867,76037,76047,10
12.8789100647,80.2109680176,76047,76067,20
12.8789100647,80.2109680176,76067,76077,10
12.8787403107,80.2109375,76077,76087,10
12.8781404495,80.2108230591,76087,76098,11
12.877289772,80.2106704712,76098,76108,10
12.876540184,80.2105178833,76108,76118,10
12.8759202957,80.2104034424,76118,76128,10
12.8752002716,80.2102813721,76128,76138,10
12.8745002747,80.2101593018,76138,76168,30
12.8745002747,80.2101593018,76168,76178,10
12.8743200302,80.2098770142,76178,76188,10
12.8746900558,80.2096405029,76188,76199,11
12.8746595383,80.2101516724,76199,76229,30
12.8746595383,80.2101516724,76229,76239,10
12.8749198914,80.2102432251,76239,76249,10
12.8754901886,80.2103424072,76249,76259,10
12.8761997223,80.2104797363,76259,76269,10
12.8770503998,80.210647583,76269,76279,10
12.8778495789,80.2108001709,76279,76310,31
12.8778495789,80.2108001709,76310,76320,10
12.8780002594,80.2108230591,76320,76330,10
12.8784704208,80.210899353,76330,76340,10
12.8790502548,80.2110290527,76340,76350,10
12.8792104721,80.2110595703,76350,76360,10
12.8792600632,80.2110595703,76360,76370,10
12.8794403076,80.2114028931,76370,76380,10
12.8793201447,80.2120437622,76380,76390,10
12.8791704178,80.2127990723,76390,76401,11
12.8789701462,80.2138366699,76401,76411,10
12.878780365,80.2148895264,76411,76421,10
12.8785495758,80.2159805298,76421,76431,10
12.8783197403,80.2171020508,76431,76441,10
12.8780899048,80.2182312012,76441,76451,10
12.8778400421,80.219367981,76451,76461,10
12.8775701523,80.2205429077,76461,76471,10
12.8773097992,80.2216720581,76471,76481,10
12.8770303726,80.2228775024,76481,76491,10
12.8767595291,80.2240600586,76491,76501,10
12.8766098022,80.2250976563,76501,76511,10
12.8765201569,80.2260513306,76511,76522,11
12.8764400482,80.2268981934,76522,76542,20
12.8764400482,80.2268981934,76542,76552,10
12.8766899109,80.2269363403,76552,76562,10
12.8773202896,80.2268676758,76562,76572,10
12.8782596588,80.2267913818,76572,76582,10
12.8794202805,80.2267227173,76582,76592,10
12.880689621,80.2266921997,76592,76601,9
12.8818397522,80.2266693115,76601,76613,12
12.8833198547,80.2266464233,76613,76623,10
12.8844499588,80.2266311646,76623,76633,10
12.885140419,80.2266387939,76633,76643,10
12.8852596283,80.2266693115,76643,76653,10
12.8857402802,80.2267608643,76653,76663,10
12.8865499496,80.2269821167,76663,76673,10
12.8874998093,80.227180481,76673,76683,10
12.8883695602,80.2272567749,76683,76693,10
12.8886098862,80.2272796631,76693,76703,10
12.8892602921,80.2272872925,76703,76714,11
12.8903398514,80.2272872925,76714,76724,10
12.8915596008,80.2273025513,76724,76734,10
12.8927297592,80.2273635864,76734,76744,10
12.8938999176,80.2275009155,76744,76754,10
12.8942604065,80.2275314331,76754,76764,10
12.8948497772,80.2275619507,76764,76774,10
12.8957796097,80.2276077271,76774,76784,10
12.8969802856,80.2276611328,76784,76794,10
12.898229599,80.2277297974,76794,76804,10
12.8992204666,80.2277908325,76804,76814,10
12.8998603821,80.2278594971,76814,76825,11
12.9003601074,80.2278823853,76825,76835,10
12.9007797241,80.2278823853,76835,76845,10
12.9011802673,80.2279434204,76845,76855,10
12.9017696381,80.2279586792,76855,76865,10
12.9025001526,80.2279586792,76865,76895,30
12.9025001526,80.2279586792,76895,76905,10
12.9028396606,80.2279815674,76905,76915,10
12.9035396576,80.2280197144,76915,76925,10
12.9048204422,80.2280731201,76925,76946,21
12.9048204422,80.2280731201,76946,76956,10
12.904999733,80.2280807495,76956,76995,39
12.904999733,80.2280807495,76995,77005,10
12.9053602219,80.2281265259,77005,77016,11
12.905790329,80.2281265259,77016,77026,10
12.9061698914,80.2281494141,77026,77037,11
12.9064903259,80.2281799316,77037,77047,10
12.9069004059,80.2282028198,77047,77067,20
12.9069004059,80.2282028198,77067,77077,10
12.9072799683,80.2282485962,77077,77087,10
12.907959938,80.2283630371,77087,77097,10
12.9088697433,80.2285079956,77097,77105,8
12.9096899033,80.2286529541,77105,77117,12
12.9109897614,80.2288513184,77117,77127,10
12.9120597839,80.2290115356,77127,77138,11
12.9132604599,80.2291717529,77138,77148,10
12.9138898849,80.2292404175,77148,77178,30
12.9138898849,80.2292404175,77178,77188,10
12.9141998291,80.2292861938,77188,77198,10
12.9147796631,80.2293701172,77198,77208,10
12.9155597687,80.2294998169,77208,77218,10
12.9165000916,80.2296295166,77218,77228,10
12.9175395966,80.2297668457,77228,77239,11
12.9185495377,80.2299118042,77239,77249,10
12.9191398621,80.2299728394,77249,77259,10
12.9192695618,80.2299880981,77259,77269,10
12.9197597504,80.2300567627,77269,77279,10
12.9205198288,80.2301483154,77279,77289,10
12.9214601517,80.2302780151,77289,77299,10
12.9225597382,80.2304382324,77299,77309,10
12.9237499237,80.2306213379,77309,77319,10
12.9248800278,80.2307662964,77319,77329,10
12.9258899689,80.2308578491,77329,77340,11
12.9263696671,80.2309188843,77340,77350,10
12.9263896942,80.2309188843,77350,77360,10
12.926779747,80.23097229,77360,77370,10
12.9274997711,80.2310714722,77370,77380,10
12.9284200668,80.2311782837,77380,77390,10
12.9294204712,80.2313995361,77390,77400,10
12.9305400848,80.2316818237,77400,77410,10
12.93171978,80.2320632935,77410,77420,10
12.9327602386,80.2323913574,77420,77430,10
12.9335699081,80.232711792,77430,77440,10
12.9336500168,80.232749939,77440,77451,11
12.9338302612,80.2328186035,77451,77461,10
12.9343500137,80.2330703735,77461,77471,10
12.9351596832,80.2334365845,77471,77481,10
12.9357404709,80.2337417603,77481,77491,10
12.9360198975,80.2338562012,77491,77501,10
12.936630249,80.2341690063,77501,77511,10
12.9374599457,80.2345581055,77511,77521,10
12.9383897781,80.2350234985,77521,77531,10
12.9396400452,80.2356185913,77531,77552,21
12.9396400452,80.2356185913,77552,77562,10
12.9400196075,80.2357711792,77562,77572,10
12.9407501221,80.2359771729,77572,77582,10
12.9416799545,80.2362136841,77582,77592,10
12.9427700043,80.2365875244,77592,77602,10
12.9435796738,80.2372207642,77602,77612,10
12.9437103271,80.2373580933,77612,77622,10
12.9439697266,80.237663269,77622,77632,10
12.9444904327,80.238243103,77632,77642,10
12.9451599121,80.2389602661,77642,77653,11
12.9460201263,80.2395019531,77653,77663,10
12.9468698502,80.2398223877,77663,77673,10
12.9472198486,80.2399597168,77673,77683,10
12.9474401474,80.2400436401,77683,77693,10
12.9480199814,80.2402877808,77693,77703,10
12.9488201141,80.2406005859,77703,77754,51
12.9488201141,80.2406005859,77754,77764,10
12.9491701126,80.240737915,77764,77774,10
12.9498100281,80.2409591675,77774,77784,10
12.9506502151,80.2412109375,77784,77794,10
12.9510498047,80.241317749,77794,77804,10
12.9511003494,80.2413406372,77804,77814,10
12.951499939,80.2414932251,77814,77824,10
12.9519796371,80.2416610718,77824,77834,10
12.9527301788,80.2419433594,77834,77844,10
12.9535198212,80.2422637939,77844,77854,10
12.9542598724,80.2425613403,77854,77865,11
12.9550695419,80.2428665161,77865,77875,10
12.9558601379,80.2432022095,77875,77885,10
12.9562597275,80.2433624268,77885,77895,10
12.9563102722,80.2433776855,77895,77905,10
12.9567604065,80.243560791,77905,77915,10
12.9574804306,80.2438583374,77915,77925,10
12.958319664,80.2442092896,77925,77935,10
12.9587898254,80.2444000244,77935,77945,10
12.958820343,80.2444076538,77945,77955,10
12.95911026,80.2445526123,77955,77965,10
12.9596996307,80.2448272705,77965,77976,11
12.9606103897,80.2452468872,77976,77986,10
12.9616298676,80.2457427979,77986,77996,10
12.9626998901,80.2462463379,77996,78006,10
12.963350296,80.2465362549,78006,78046,40
12.963350296,80.2465362549,78046,78056,10
12.9635000229,80.2466812134,78056,78067,11
12.9638996124,80.2468566895,78067,78077,10
12.9645996094,80.2471084595,78077,78087,10
12.9654798508,80.2474136353,78087,78097,10
12.9662904739,80.247718811,78097,78107,10
12.9665203094,80.2478027344,78107,78117,10
12.9665298462,80.2478027344,78117,78127,10
12.966799736,80.2479476929,78127,78137,10
12.9673700333,80.2482376099,78137,78147,10
12.9682102203,80.248588562,78147,78157,10
12.9692401886,80.2490005493,78157,78167,10
12.9704198837,80.249458313,78167,78177,10
12.9716997147,80.2498397827,78177,78188,11
12.9730997086,80.2501983643,78188,78198,10
12.9741201401,80.2504196167,78198,78208,10
12.9742603302,80.2504577637,78208,78218,10
12.9744796753,80.2505187988,78218,78228,10
12.9749898911,80.2506866455,78228,78238,10
12.9757995605,80.2509307861,78238,78248,10
12.9767999649,80.2512283325,78248,78258,10
12.9777803421,80.2518005371,78258,78268,10
12.9787302017,80.252456665,78268,78278,10
12.979590416,80.2525405884,78278,78289,11
12.9799203873,80.252281189,78289,78339,50
12.9799203873,80.252281189,78339,78349,10
12.9799404144,80.2521133423,78349,78359,10
12.9800195694,80.2517776489,78359,78369,10
12.9802103043,80.2511978149,78369,78380,11
12.9804601669,80.250328064,78380,78390,10
12.980629921,80.2494277954,78390,78399,9
12.9807100296,80.2485733032,78399,78410,11
12.980799675,80.2475891113,78410,78420,10
12.9808998108,80.2464675903,78420,78430,10
12.981010437,80.2455215454,78430,78440,10
12.9811201096,80.2445297241,78440,78450,10
12.9811697006,80.2437591553,78450,78460,10
12.9813098907,80.2434234619,78460,78470,10
12.9813404083,80.2428207397,78470,78501,31
12.9813404083,80.2428207397,78501,78511,10
12.9813699722,80.2425613403,78511,78521,10
12.9813499451,80.2420196533,78521,78531,10
12.9813499451,80.2413024902,78531,78541,10
12.9813404083,80.2404632568,78541,78551,10
12.9813203812,80.2395935059,78551,78561,10
12.9812803268,80.2387619019,78561,78571,10
12.9812602997,80.2380371094,78571,78582,11
12.9812602997,80.2379608154,78582,78592,10
12.9812602997,80.2379074097,78592,78602,10
12.9812498093,80.237487793,78602,78612,10
12.9812297821,80.2368164063,78612,78622,10
12.9812202454,80.2360610962,78622,78632,10
12.9811897278,80.2352294922,78632,78642,10
12.9811897278,80.2343826294,78642,78651,9
12.9815998077,80.2333602905,78651,78693,42
12.9815998077,80.2333602905,78693,78703,10
12.9816398621,80.2332305908,78703,78713,10
12.9818201065,80.2328567505,78713,78723,10
12.9819602966,80.2322769165,78723,78733,10
12.9819498062,80.2317581177,78733,78743,10
12.9819002151,80.2313079834,78743,78753,10
12.981760025,80.2309036255,78753,78763,10
12.9813804626,80.2302017212,78763,78773,10
12.9809598923,80.2295379639,78773,78783,10
12.9806203842,80.2290115356,78783,78804,21
12.9806203842,80.2290115356,78804,78814,10
12.9805803299,80.2289199829,78814,78824,10
12.9803495407,80.2285385132,78824,78834,10
12.9801702499,80.2281188965,78834,78844,10
12.9798297882,80.2275772095,78844,78854,10
12.9794502258,80.2269515991,78854,78864,10
12.9790697098,80.2263031006,78864,78874,10
12.9786701202,80.2256317139,78874,78884,10
12.9782304764,80.2249221802,78884,78895,11
12.9778203964,80.2243728638,78895,78905,10
12.9774703979,80.223777771,78905,78915,10
12.9770803452,80.2231369019,78915,78925,10
12.9769201279,80.2228088379,78925,78945,20
12.9769201279,80.2228088379,78945,78955,10
12.9771604538,80.2226791382,78955,78965,10
12.9771900177,80.2226791382,78965,78975,10
12.9774398804,80.2226409912,78975,78985,10
12.9774703979,80.2222595215,78985,78996,11
12.9774398804,80.2216186523,78996,79006,10
12.9774303436,80.2212524414,79006,79016,10
12.9776601791,80.2211990356,79016,79026,10
12.978219986,80.2211837769,79026,79036,10
12.9789600372,80.2211227417,79036,79046,10
12.9797897339,80.2210464478,79046,79056,10
12.9806804657,80.2209777832,79056,79066,10
12.9813995361,80.2211837769,79066,79076,10
12.9820203781,80.2216186523,79076,79086,10
12.9827003479,80.2218780518,79086,79096,10
12.9829597473,80.2219924927,79096,79107,11
12.9830999374,80.222076416,79107,79117,10
12.9835596085,80.2223968506,79117,79127,10
12.9840698242,80.2227020264,79127,79137,10
12.9845695496,80.2230072021,79137,79147,10
12.9851303101,80.2232818604,79147,79163,16
12.9859600067,80.2229690552,79163,79175,12
12.9864597321,80.2229614258,79175,79183,8
12.9865598679,80.2229614258,79183,79195,12
12.9870700836,80.2230377197,79195,79205,10
12.9876298904,80.2230529785,79205,79216,11
12.988360405,80.2225494385,79216,79226,10
12.9889001846,80.2219390869,79226,79236,10
12.9894599915,80.2212600708,79236,79246,10
12.9900798798,80.2205734253,79246,79256,10
12.9903898239,80.2203216553,79256,79266,10
12.990530014,80.2202301025,79266,79275,9
12.9909496307,80.2198867798,79275,79285,10
12.9913597107,80.2195968628,79285,79296,11
12.9918403625,80.21925354,79296,79306,10
12.9925203323,80.21875,79306,79317,11
12.993350029,80.2181625366,79317,79327,10
12.9940595627,80.2176513672,79327,79337,10
12.9946804047,80.2171936035,79337,79347,10
12.9948396683,80.2170791626,79347,79357,10
12.9951601028,80.2168731689,79357,79367,10
12.9958400726,80.2166137695,79367,79377,10
12.9966497421,80.2164764404,79377,79387,10
12.9971504211,80.2164001465,79387,79397,10
12.9973602295,80.2161865234,79397,79407,10
12.9974403381,80.2161102295,79407,79417,10
12.9975795746,80.216003418,79417,79428,11
12.9981002808,80.2155380249,79428,79438,10
12.9987602234,80.2149505615,79438,79448,10
12.9991703033,80.2146072388,79448,79458,10
12.9996595383,80.2142028809,79458,79468,10
13.0000696182,80.2138595581,79468,79478,10
13.0008296967,80.2131576538,79478,79488,10
13.001449585,80.2126998901,79488,79498,10
13.0020503998,80.2123031616,79498,79508,10
13.0025901794,80.2120819092,79508,79518,10
13.0031700134,80.2120437622,79518,79529,11
13.0034799576,80.2120132446,79529,79539,10
13.0036401749,80.2118377686,79539,79549,10
13.0036401749,80.2113113403,79549,79559,10
13.0035800934,80.2105865479,79559,79569,10
13.0034999847,80.2098388672,79569,79578,9
13.0035495758,80.2091674805,79578,79589,11
13.0039796829,80.2086029053,79589,79599,10
13.0048303604,80.2089920044,79599,79609,10
13.005610466,80.2093276978,79609,79620,11
13.0064897537,80.2096099854,79620,79630,10
13.0069999695,80.2097320557,79630,79680,50
13.0069999695,80.2097320557,79680,79690,10
13.0072097778,80.2098236084,79690,79700,10
13.0077600479,80.2098922729,79700,79710,10
13.0081501007,80.2098999023,79710,79720,10
13.0080404282,80.2093582153,79720,79731,11
13.0078601837,80.208366394,79731,79741,10
13.0076904297,80.2073364258,79741,79751,10
13.0075502396,80.2063674927,79751,79761,10
13.0074901581,80.2054290771,79761,79771,10
13.0074901581,80.2045822144,79771,79781,10
13.0074396133,80.2037963867,79781,79791,10
13.0072898865,80.2029037476,79791,79801,10
13.006649971,80.2026062012,79801,79811,10
13.0066604614,80.2032623291,79811,79821,10
13.0072803497,80.2035827637,79821,79831,10
13.0079202652,80.203666687,79831,79842,11
13.0083999634,80.2031173706,79842,79852,10
13.0076799393,80.2028884888,79852,79862,10
13.0075502396,80.2038116455,79862,79872,10
13.0075998306,80.2049102783,79872,79882,10
13.0076599121,80.2060317993,79882,79892,10
13.0078496933,80.2071533203,79892,79902,10
13.0079803467,80.2081832886,79902,79912,10
13.0081501007,80.2091369629,79912,79922,10
13.0084199905,80.2100372314,79922,79933,11
13.0089797974,80.2106933594,79933,79943,10
13.0093297958,80.2109832764,79943,79953,10
13.0092201233,80.2112197876,79953,79973,20
13.0092201233,80.2112197876,79973,79983,10
13.0091199875,80.2113418579,79983,79993,10
13.0089702606,80.2116165161,79993,80003,10
13.0091400146,80.2121734619,80003,80013,10
13.0094003677,80.2129135132,80013,80023,10
13.0096998215,80.2136688232,80023,80033,10
13.0100498199,80.2145462036,80033,80044,11
13.010219574,80.2156524658,80044,80054,10
13.0106201172,80.2165985107,80054,80064,10
13.0110797882,80.2175521851,80064,80074,10
13.0115299225,80.2187194824,80074,80084,10
13.0119495392,80.2199935913,80084,80094,10
13.0123100281,80.2211608887,80094,80104,10
13.0126399994,80.221862793,80104,80113,9
13.0130395889,80.2223968506,80113,80123,10
13.0134296417,80.2228622437,80123,80134,11
13.0138597488,80.2233428955,80134,80144,10
13.0141296387,80.2236480713,80144,80155,11
13.0144701004,80.2240524292,80155,80165,10
13.0150604248,80.2247619629,80165,80175,10
13.0153999329,80.2252807617,80175,80185,10
13.0153799057,80.2255706787,80185,80195,10
13.0149497986,80.2259521484,80195,80205,10
13.0143995285,80.2261810303,80205,80215,10
13.0136899948,80.2264404297,80215,80225,10
13.0129404068,80.2267608643,80225,80235,10
13.0120697021,80.2271194458,80235,80246,11
13.0109701157,80.2275695801,80246,80256,10
13.0100898743,80.2279281616,80256,80266,10
13.0094203949,80.2282180786,80266,80276,10
13.0090398788,80.2289199829,80276,80286,10
13.0088500977,80.2298812866,80286,80296,10
13.0086603165,80.2309036255,80296,80306,10
13.0084600449,80.2319107056,80306,80316,10
13.0082702637,80.2329177856,80316,80326,10
13.0080900192,80.2338180542,80326,80335,9
13.0079603195,80.2345123291,80335,80345,10
13.0077600479,80.2355804443,80345,80357,12
13.0074796677,80.2369308472,80357,80367,10
13.0072498322,80.238243103,80367,80387,20
13.0072498322,80.238243103,80387,80397,10
13.0071697235,80.2386703491,80397,80407,10
13.0070400238,80.2393798828,80407,80417,10
13.0069303513,80.2401580811,80417,80448,31
13.0069303513,80.2401580811,80448,80458,10
13.0068798065,80.2406082153,80458,80468,10
13.0067596436,80.2413787842,80468,80478,10
13.0067195892,80.2424697876,80478,80488,10
13.0066795349,80.243598938,80488,80498,10
13.0066900253,80.2448272705,80498,80508,10
13.0067100525,80.2460632324,80508,80518,10
13.0067396164,80.2470397949,80518,80528,10
13.0067396164,80.2474517822,80528,80538,10
13.0067195892,80.2478485107,80538,80548,10
13.0067396164,80.2486801147,80548,80558,10
13.0067796707,80.2498397827,80558,80569,11
13.0067901611,80.2511978149,80569,80579,10
13.0065402985,80.2524795532,80579,80589,10
13.006529808,80.25390625,80589,80599,10
13.0065803528,80.2549591064,80599,80609,10
13.0066003799,80.2557830811,80609,80619,10
13.0066099167,80.2566604614,80619,80629,10
13.0066299438,80.2572631836,80629,80700,71
13.0066299438,80.2572631836,80700,80710,10
13.0066604614,80.2574462891,80710,80720,10
13.0060796738,80.2574768066,80720,80730,10
13.0052499771,80.2573013306,80730,80740,10
13.004360199,80.2571182251,80740,80750,10
13.0035200119,80.256942749,80750,80760,10
13.0027704239,80.2567901611,80760,80770,10
13.0020599365,80.2566604614,80770,80781,11
13.0012598038,80.2565536499,80781,80791,10
13.000459671,80.2564163208,80791,80801,10
12.999540329,80.2562408447,80801,80811,10
12.9988899231,80.2561416626,80811,80827,16
12.9986801147,80.2561187744,80827,80839,12
12.9984102249,80.2560882568,80839,80849,10
12.9983501434,80.2560882568,80849,80859,10
12.9981403351,80.256072998,80859,80870,11
12.9976997375,80.2560501099,80870,80880,10
12.9976902008,80.2562713623,80880,80890,10
12.9977502823,80.2565765381,80890,81495,605
12.9977502823,80.2565765381,81495,81506,11
12.9976997375,80.2569580078,81506,81637,131
12.9976997375,80.2569580078,81637,81647,10
12.9977302551,80.2572174072,81647,81657,10
12.9979600906,80.2570724487,81657,81667,10
12.9979896545,80.256942749,81667,81677,10
12.9979896545,80.2566680908,81677,81687,10
12.9979801178,80.2566223145,81687,81697,10
