13.0756797791,80.2753372192,13,1644,1631
13.0757303238,80.2752914429,1644,1745,101
13.0756797791,80.2753677368,1745,4866,3121
13.0756702423,80.2752838135,4866,5402,536
13.0756502151,80.2752990723,5402,5727,325
13.0756502151,80.2752990723,5727,5737,10
13.0756797791,80.2753982544,5737,6486,749
13.0756597519,80.2753219604,6486,8492,2006
13.0758199692,80.2752609253,8492,9049,557
13.0756597519,80.275352478,9049,13984,4935
13.0756597519,80.275352478,13984,13994,10
13.0757198334,80.2752075195,13994,14561,567
13.0759401321,80.2749176025,14561,14643,82
13.0759401321,80.2749176025,14643,14653,10
13.0758895874,80.2750167847,14653,14663,10
13.0758600235,80.2749176025,14663,14673,10
13.0755596161,80.2749862671,14673,16345,1672
13.0753097534,80.2751312256,16345,20353,4008
13.0753803253,80.2750167847,20353,20983,630
13.0753803253,80.2750167847,20983,20993,10
13.0758600235,80.2752990723,20993,21104,111
13.0758600235,80.2752990723,21104,21114,10
13.0759496689,80.2754516602,21114,21124,10
13.0760803223,80.2757492065,21124,21500,376
13.0760803223,80.2757492065,21500,21510,10
13.0758800507,80.2761001587,21510,21520,10
13.0759897232,80.2762680054,21520,21530,10
13.0763597488,80.276260376,21530,21540,10
13.0771598816,80.2761611938,21540,21611,71
13.0771598816,80.2761611938,21611,21621,10
13.077580452,80.2761993408,21621,21631,10
13.0781803131,80.2760391235,21631,21641,10
13.078619957,80.275177002,21641,21652,11
13.0795898438,80.2752838135,21652,21662,10
13.0806398392,80.2752380371,21662,21672,10
13.0813102722,80.2751617432,21672,21682,10
13.081489563,80.2751464844,21682,21692,10
13.0819196701,80.2752532959,21692,21753,61
13.0821199417,80.2755966187,21753,21783,30
13.0821199417,80.2755966187,21783,21793,10
13.0819396973,80.275970459,21793,21804,11
13.0818395615,80.2763214111,21804,21814,10
13.0819501877,80.2769165039,21814,21824,10
13.0820198059,80.2776870728,21824,21834,10
13.0820798874,80.2782211304,21834,21854,20
13.0820798874,80.2782211304,21854,21864,10
13.0821199417,80.2783508301,21864,21874,10
13.0819396973,80.2781982422,21874,21885,11
13.0818796158,80.2773895264,21885,21895,10
13.0818195343,80.276802063,21895,21905,10
13.0817804337,80.2763519287,21905,21915,10
13.0816402435,80.275718689,21915,21925,10
13.0816202164,80.2755966187,21925,21936,11
13.0815896988,80.2754974365,21936,21946,10
13.0815601349,80.2753372192,21946,21957,11
13.0813798904,80.2751464844,21957,21967,10
13.0807800293,80.2752380371,21967,21977,10
13.0799703598,80.2753372192,21977,21987,10
13.079199791,80.2752380371,21987,21997,10
13.0783395767,80.2754974365,21997,22007,10
13.0777196884,80.2762298584,22007,22017,10
13.0765695572,80.2762908936,22017,22027,10
13.0756196976,80.2763366699,22027,22038,11
13.073679924,80.2764587402,22038,22048,10
13.073679924,80.2764587402,22048,22058,10
13.0730304718,80.2758789063,22058,22068,10
13.0721998215,80.2749786377,22068,22078,10
13.0714702606,80.274520874,22078,22088,10
13.0707798004,80.2742996216,22088,22098,10
13.0705299377,80.2738037109,22098,22108,10
13.0700502396,80.2730407715,22108,22119,11
13.0692501068,80.2722015381,22119,22129,10
13.0684900284,80.2718200684,22129,22139,10
13.0679798126,80.2712020874,22139,22149,10
13.06731987,80.2704620361,22149,22159,10
13.0665597916,80.2696304321,22159,22169,10
13.0664100647,80.2687683105,22169,22179,10
13.0660400391,80.2680206299,22179,22189,10
13.0653095245,80.2676086426,22189,22200,11
13.0650501251,80.2675704956,22200,22210,10
13.0643100739,80.2674331665,22210,22220,10
13.0632295609,80.267250061,22220,22230,10
13.0623598099,80.2667236328,22230,22240,10
13.0616197586,80.2657775879,22240,22250,10
13.0608797073,80.2651367188,22250,22260,10
13.0603399277,80.2654800415,22260,22270,10
13.0593595505,80.2655410767,22270,22281,11
13.0583600998,80.2653427124,22281,22291,10
13.0579996109,80.2646408081,22291,22301,10
13.0579395294,80.2638168335,22301,22311,10
13.0579099655,80.2629165649,22311,22322,11
13.0577697754,80.2619476318,22322,22332,10
13.0574998856,80.2607421875,22332,22342,10
13.0571804047,80.2596969604,22342,22352,10
13.0568199158,80.2586364746,22352,22363,11
13.0565595627,80.2574234009,22363,22373,10
13.0564603806,80.2570266724,22373,22383,10
13.0563697815,80.2565307617,22383,22393,10
13.0559997559,80.255897522,22393,22403,10
13.0553798676,80.2550811768,22403,22411,8
13.0548496246,80.2543106079,22411,22423,12
13.0539903641,80.2532119751,22423,22434,11
13.0531902313,80.2520904541,22434,22444,10
13.0524597168,80.251121521,22444,22454,10
13.0516395569,80.2502822876,22454,22464,10
13.0505399704,80.2499237061,22464,22474,10
13.0494403839,80.2497634888,22474,22484,10
13.0486402512,80.2496566772,22484,22494,10
13.047949791,80.2492980957,22494,22504,10
13.0472803116,80.2486801147,22504,22515,11
13.0468902588,80.2485580444,22515,22525,10
13.0463104248,80.2484970093,22525,22535,10
13.0455598831,80.248298645,22535,22545,10
13.0448198318,80.2480621338,22545,22555,10
13.0439300537,80.2479171753,22555,22564,9
13.0431804657,80.2477798462,22564,22575,11
13.0424604416,80.2476119995,22575,22585,10
13.0413398743,80.2473602295,22585,22596,11
13.0401802063,80.2471466064,22596,22606,10
13.0396203995,80.2470703125,22606,22616,10
13.0394601822,80.2470092773,22616,22626,10
13.0388402939,80.2468566895,22626,22636,10
13.0378398895,80.2466430664,22636,22646,10
13.0367298126,80.2464370728,22646,22656,10
13.0357103348,80.2462005615,22656,22666,10
13.035200119,80.2460174561,22666,22677,11
13.0351104736,80.2459335327,22677,22687,10
13.0348100662,80.2456283569,22687,22697,10
13.034239769,80.2449417114,22697,22707,10
13.0334796906,80.2439422607,22707,22717,10
13.0326004028,80.2428207397,22717,22727,10
13.0318803787,80.2417221069,22727,22737,10
13.0312795639,80.2404632568,22737,22748,11
13.03083992,80.2393798828,22748,22758,10
13.0302400589,80.2382583618,22758,22768,10
13.0294303894,80.2370529175,22768,22778,10
13.0283498764,80.2358779907,22778,22788,10
13.0275402069,80.2346801758,22788,22798,10
13.0269002914,80.2336578369,22798,22808,10
13.0264501572,80.2328491211,22808,22818,10
13.0261602402,80.2319717407,22818,22829,11
13.0258798599,80.2308502197,22829,22839,10
13.0253801346,80.2298583984,22839,22849,10
13.0247602463,80.2290725708,22849,22859,10
13.0242395401,80.2284164429,22859,22869,10
13.023730278,80.2278366089,22869,22879,10
13.0234498978,80.2275466919,22879,22889,10
13.0232696533,80.2273864746,22889,22899,10
13.0228204727,80.2269973755,22899,22910,11
13.0220899582,80.2263031006,22910,22920,10
13.0212602615,80.2256469727,22920,22930,10
13.020529747,80.2251205444,22930,22940,10
13.0198898315,80.2246780396,22940,22950,10
13.0190296173,80.2244033813,22950,22960,10
13.0179901123,80.2247619629,22960,22970,10
13.0169000626,80.2252426147,22970,22980,10
13.0160903931,80.2255935669,22980,22991,11
13.0151796341,80.2259216309,22991,23001,10
13.0149097443,80.2260437012,23001,23011,10
13.01445961,80.2262268066,23011,23021,10
13.014380455,80.2262573242,23021,23031,10
13.0142002106,80.2263031006,23031,23041,10
13.0136995316,80.2265014648,23041,23051,10
13.0127801895,80.2268676758,23051,23061,10
13.0115995407,80.2273406982,23061,23072,11
13.0102796555,80.2278594971,23072,23082,10
13.0092802048,80.2283325195,23082,23092,10
13.0090398788,80.2293014526,23092,23102,10
13.0088100433,80.2305984497,23102,23112,10
13.0086803436,80.2315826416,23112,23122,10
13.0085296631,80.2326889038,23122,23132,10
13.0083599091,80.2331466675,23132,23142,10
13.0082798004,80.2333984375,23142,23153,11
13.0082597733,80.2334976196,23153,23163,10
13.0082502365,80.2336273193,23163,23173,10
13.0081396103,80.2340927124,23173,23183,10
13.0079698563,80.2349624634,23183,23193,10
13.0077695847,80.2361602783,23193,23203,10
13.0075101852,80.2373886108,23203,23213,10
13.0072498322,80.2386169434,23213,23224,11
13.0069599152,80.2399291992,23224,23234,10
13.0066995621,80.2411422729,23234,23244,10
13.0066795349,80.2424697876,23244,23254,10
13.0067195892,80.243598938,23254,23264,10
13.0066604614,80.2447891235,23264,23274,10
13.0067501068,80.2461166382,23274,23284,10
13.0067796707,80.2471923828,23284,23293,9
13.0062503815,80.247428894,23293,23305,12
13.0059995651,80.2473907471,23305,23315,10
13.00440979,80.2474136353,23315,23325,10
13.00440979,80.2474136353,23325,23335,10
13.0030899048,80.2475967407,23335,23345,10
13.0016403198,80.2479324341,23345,23355,10
13.0000495911,80.248336792,23355,23365,10
12.9983797073,80.2487411499,23365,23375,10
12.9968204498,80.249130249,23375,23388,13
12.9951400757,80.2495880127,23388,23398,10
12.9932804108,80.2500534058,23398,23408,10
12.9918699265,80.2504196167,23408,23418,10
12.9911699295,80.2506332397,23418,23427,9
12.9910297394,80.2506484985,23427,23438,11
12.9904298782,80.2507476807,23438,23447,9
12.98939991,80.2509918213,23447,23458,11
12.9884300232,80.2512588501,23458,23469,11
12.9877595901,80.2514190674,23469,23479,10
12.9868803024,80.2516708374,23479,23489,10
12.9857196808,80.2519607544,23489,23499,10
12.9844503403,80.2522964478,23499,23509,10
12.9831199646,80.2526168823,23509,23519,10
12.9817495346,80.2526779175,23519,23529,10
12.9804897308,80.2527236938,23529,23539,10
12.9794101715,80.2527084351,23539,23550,11
12.9787197113,80.2526397705,23550,23560,10
12.9785804749,80.2525787354,23560,23570,10
12.9779596329,80.2521286011,23570,23580,10
12.9769897461,80.251411438,23580,23590,10
12.9756202698,80.2509689331,23590,23600,10
12.9742002487,80.2505569458,23600,23610,10
12.9728498459,80.2501907349,23610,23621,11
12.9713401794,80.2497711182,23621,23631,10
12.9699201584,80.2493133545,23631,23641,10
12.9685401917,80.2487792969,23641,23651,10
12.9673995972,80.2482910156,23651,23661,10
12.9665203094,80.2478485107,23661,23671,10
12.9655504227,80.247467041,23671,23681,10
12.9652795792,80.2473602295,23681,23691,10
12.9652004242,80.2472991943,23691,23702,11
12.9644899368,80.2470626831,23702,23712,10
12.9637098312,80.2467803955,23712,23722,10
12.96352005,80.246711731,23722,23732,10
12.9629402161,80.246383667,23732,23742,10
12.9619197845,80.245880127,23742,23752,10
12.9607400894,80.2453384399,23752,23762,10
12.9596796036,80.2449188232,23762,23772,10
12.9594697952,80.2448196411,23772,23783,11
12.9592895508,80.2446899414,23783,23793,10
12.9586896896,80.2444000244,23793,23803,10
12.9579401016,80.2440872192,23803,23813,10
12.9571800232,80.2438583374,23813,23823,10
12.9565000534,80.2435836792,23823,23833,10
12.9562196732,80.2434692383,23833,23843,10
12.955499649,80.2431335449,23843,23853,10
12.9545402527,80.2427062988,23853,23864,11
12.9531602859,80.242149353,23864,23874,10
12.9520797729,80.2417602539,23874,23884,10
12.9518404007,80.2416687012,23884,23894,10
12.9513101578,80.2414779663,23894,23904,10
12.9502801895,80.2411575317,23904,23914,10
12.9491100311,80.2407989502,23914,23924,10
12.9481601715,80.2404022217,23924,23934,10
12.9471197128,80.2399902344,23934,23945,11
12.9460601807,80.2395324707,23945,23955,10
12.9450101852,80.2388687134,23955,23965,10
12.944029808,80.2378311157,23965,23975,10
12.9430398941,80.236831665,23975,23985,10
12.9419403076,80.2363586426,23985,23995,10
12.940870285,80.2360916138,23995,24005,10
12.9399595261,80.2358398438,24005,24015,10
12.9398603439,80.235786438,24015,24026,11
12.9396400452,80.2356872559,24026,24036,10
12.9388799667,80.2352828979,24036,24046,10
12.9378299713,80.2347564697,24046,24056,10
12.9368400574,80.2342987061,24056,24066,10
12.9360599518,80.2339172363,24066,24076,10
12.9352798462,80.2335510254,24076,24086,10
12.9342403412,80.2331008911,24086,24097,11
12.9338998795,80.2329483032,24097,24107,10
12.9336299896,80.2328262329,24107,24117,10
12.9328804016,80.2324905396,24117,24127,10
12.9317703247,80.2321014404,24127,24137,10
12.9304504395,80.2316665649,24137,24147,10
12.9291696548,80.2313537598,24147,24157,10
12.9278001785,80.2311172485,24157,24167,10
12.9263896942,80.23097229,24167,24178,11
12.9248199463,80.230796814,24178,24188,10
12.9233503342,80.2306213379,24188,24198,10
12.9218597412,80.2304000854,24198,24208,10
12.9203996658,80.23021698,24208,24218,10
12.918970108,80.2300415039,24218,24228,10
12.9175300598,80.229850769,24228,24238,10
12.9160203934,80.2296295166,24238,24248,10
12.9145402908,80.2294311523,24248,24259,11
12.913599968,80.2293395996,24259,24269,10
12.9134902954,80.2293167114,24269,24279,10
12.913020134,80.2292404175,24279,24289,10
12.9120397568,80.2290878296,24289,24299,10
12.9106798172,80.2288894653,24299,24309,10
12.9092197418,80.2286529541,24309,24319,10
12.9080200195,80.2284622192,24319,24329,10
12.9070396423,80.2283172607,24329,24340,11
12.9066400528,80.2282791138,24340,24350,10
12.9062004089,80.2282409668,24350,24360,10
12.9060201645,80.2282180786,24360,24370,10
12.9058799744,80.2282333374,24370,24380,10
12.905380249,80.2281799316,24380,24390,10
12.9042301178,80.2281112671,24390,24400,10
12.9028501511,80.2280197144,24400,24410,10
12.9012298584,80.2279129028,24410,24491,81
12.9012298584,80.2279129028,24491,24502,11
12.9011497498,80.2279205322,24502,24512,10
12.9007101059,80.2278823853,24512,24522,10
12.9000597,80.2278823853,24522,24532,10
12.9000196457,80.2278823853,24532,24542,10
12.8997802734,80.2278594971,24542,24552,10
12.899140358,80.2278213501,24552,24562,10
12.8984603882,80.2277832031,24562,24573,11
12.8975200653,80.2277297974,24573,24583,10
12.8964004517,80.2277069092,24583,24593,10
12.8949098587,80.2276535034,24593,24603,10
12.8935403824,80.2275390625,24603,24613,10
12.8923196793,80.2273864746,24613,24623,10
12.8909702301,80.2273635864,24623,24633,10
12.8895301819,80.2273712158,24633,24643,10
12.8883399963,80.2273330688,24643,24654,11
12.8868398666,80.227142334,24654,24664,10
12.8854103088,80.2267990112,24664,24674,10
12.8841295242,80.2267227173,24674,24684,10
12.8825998306,80.2267303467,24684,24694,10
12.8809404373,80.2267379761,24694,24704,10
12.879240036,80.2267608643,24704,24714,10
12.8777303696,80.2268829346,24714,24724,10
12.8766403198,80.2269897461,24724,24735,11
12.8763904572,80.2269973755,24735,24745,10
12.8756799698,80.2269821167,24745,24755,10
12.8745498657,80.226852417,24755,24765,10
12.8731803894,80.2267227173,24765,24775,10
12.8716897964,80.2266921997,24775,24785,10
12.8702201843,80.2266082764,24785,24795,10
12.8686800003,80.2264328003,24795,24805,10
12.8672399521,80.2264633179,24805,24816,11
12.8656797409,80.226600647,24816,24826,10
12.8641796112,80.2265625,24826,24836,10
12.8626203537,80.2265625,24836,24846,10
12.8612003326,80.226600647,24846,24856,10
12.8598003387,80.2264633179,24856,24866,10
12.8585100174,80.2262802124,24866,24876,10
12.8569803238,80.2263031006,24876,24886,10
12.8552703857,80.2264785767,24886,24897,11
12.8534402847,80.2266921997,24897,24907,10
12.8517799377,80.2266769409,24907,24917,10
12.8501796722,80.2266235352,24917,24927,10
12.8486204147,80.226600647,24927,24937,10
12.8471298218,80.2266235352,24937,24947,10
12.8459396362,80.2266235352,24947,24957,10
12.8452997208,80.2266387939,24957,24967,10
12.8452301025,80.2266387939,24967,24978,11
12.84471035,80.2266693115,24978,24988,10
12.8437595367,80.2266998291,24988,24998,10
12.8425102234,80.2269134521,24998,25008,10
12.8411397934,80.2272491455,25008,25018,10
12.8402204514,80.2275466919,25018,25028,10
12.8397302628,80.2277832031,25028,25038,10
12.8395299911,80.2278366089,25038,25049,11
12.8387002945,80.2279891968,25049,25059,10
12.8375301361,80.2282333374,25059,25069,10
12.8361501694,80.2284393311,25069,25079,10
12.8349199295,80.2286300659,25079,25089,10
12.8340797424,80.2288131714,25089,25099,10
12.8329696655,80.2289962769,25099,25109,10
12.8323602676,80.2291412354,25109,25119,10
12.8321399689,80.2291793823,25119,25130,11
12.8312597275,80.2293777466,25130,25140,10
12.8301897049,80.2297821045,25140,25150,10
12.8291702271,80.2301635742,25150,25160,10
12.8281602859,80.2306976318,25160,25170,10
12.8270797729,80.2312469482,25170,25180,10
12.8259401321,80.2313995361,25180,25190,10
12.8247203827,80.2313995361,25190,25200,10
12.8237104416,80.2311401367,25200,25211,11
12.8225498199,80.2308120728,25211,25221,10
12.8214197159,80.2305221558,25221,25231,10
12.8204698563,80.2304916382,25231,25241,10
12.8192501068,80.2305221558,25241,25251,10
12.8184204102,80.2302932739,25251,25261,10
12.8176002502,80.2298965454,25261,25271,10
12.8165197372,80.2295379639,25271,25281,10
12.8152999878,80.229347229,25281,25292,11
12.8138504028,80.2290725708,25292,25302,10
12.8125400543,80.2286529541,25302,25312,10
12.8113002777,80.2282028198,25312,25322,10
12.8101596832,80.2277297974,25322,25332,10
12.8091201782,80.2272033691,25332,25342,10
12.808139801,80.2264404297,25342,25352,10
12.807220459,80.2256393433,25352,25362,10
12.8065900803,80.2250823975,25362,25373,11
12.8058099747,80.2244033813,25373,25383,10
12.8050603867,80.2240371704,25383,25393,10
12.8048696518,80.2239837646,25393,25403,10
12.8042602539,80.2239227295,25403,25413,10
12.8034095764,80.2238464355,25413,25423,10
12.8022403717,80.2237091064,25423,25433,10
12.8008804321,80.2235794067,25433,25443,10
12.799779892,80.2235031128,25443,25454,11
12.7985801697,80.2233581543,25454,25464,10
12.7973604202,80.223197937,25464,25474,10
12.7962799072,80.2229995728,25474,25484,10
12.7958698273,80.2229537964,25484,25494,10
12.7955102921,80.2228927612,25494,25504,10
12.7945995331,80.2227478027,25504,25514,10
12.7933397293,80.2225418091,25514,25525,11
12.7917995453,80.2222366333,25525,25535,10
12.7904996872,80.2219085693,25535,25545,10
12.7896299362,80.2217025757,25545,25555,10
12.7889404297,80.2214126587,25555,25565,10
12.7881803513,80.2211227417,25565,25575,10
12.7874403,80.2208328247,25575,25585,10
12.786860466,80.2205886841,25585,25595,10
12.7864398956,80.2204208374,25595,25606,11
12.7863998413,80.2203674316,25606,25616,10
12.786239624,80.2203216553,25616,25626,10
12.7862195969,80.2205581665,25626,25636,10
12.786239624,80.2210693359,25636,25646,10
12.7862997055,80.2216415405,25646,25666,20
12.7862997055,80.2216415405,25666,25676,10
12.786239624,80.2221603394,25676,27329,1653
12.786239624,80.2221603394,27329,27339,10
12.7862300873,80.2217025757,27339,27349,10
12.7862195969,80.221321106,27349,27359,10
12.7862300873,80.2211380005,27359,27369,10
12.7862195969,80.220703125,27369,27379,10
12.7863998413,80.2203216553,27379,27430,51
12.7863998413,80.2203216553,27430,27440,10
12.7864999771,80.220451355,27440,27450,10
12.7867898941,80.2205886841,27450,27460,10
12.7872400284,80.2207717896,27460,27470,10
12.787899971,80.2210235596,27470,27481,11
12.7883195877,80.2211990356,27481,27491,10
12.7890396118,80.2214736938,27491,27501,10
12.7896299362,80.2216720581,27501,27511,10
12.7902402878,80.2218399048,27511,27521,10
12.7911500931,80.2220611572,27521,27531,10
12.7921895981,80.2222976685,27531,27541,10
12.7933301926,80.2225189209,27541,27552,11
12.7945899963,80.2227020264,27552,27562,10
12.7956695557,80.2229003906,27562,27572,10
12.7964096069,80.2230224609,27572,27582,10
12.7966899872,80.2230606079,27582,27592,10
12.7973804474,80.2232131958,27592,27602,10
12.7982997894,80.2233276367,27602,27612,10
12.799369812,80.2234420776,27612,27622,10
12.8005199432,80.2235336304,27622,27633,11
12.8014802933,80.2236022949,27633,27643,10
12.801659584,80.2236404419,27643,27653,10
12.802280426,80.2237167358,27653,27663,10
12.8031597137,80.2238388062,27663,27673,10
12.8041696548,80.2239227295,27673,27683,10
12.8050804138,80.2240371704,27683,27693,10
12.8055896759,80.2241821289,27693,27703,10
12.8057003021,80.2242431641,27703,27714,11
12.8062200546,80.2246627808,27714,27724,10
12.8069601059,80.2253112793,27724,27734,10
12.8078298569,80.22605896,27734,27744,10
12.8088302612,80.2269134521,27744,27754,10
12.8099002838,80.2275772095,27754,27764,10
12.8110799789,80.2280883789,27764,27774,10
12.8124399185,80.2285766602,27774,27784,10
12.8138799667,80.229057312,27784,27795,11
12.8155498505,80.2293701172,27795,27805,10
12.8170900345,80.229637146,27805,27815,10
12.8183403015,80.2301864624,27815,27825,10
12.8192996979,80.2304992676,27825,27835,10
12.8198404312,80.23046875,27835,27845,10
12.8199996948,80.2304763794,27845,27855,10
12.8206596375,80.2304611206,27855,27865,10
12.8216495514,80.230506897,27865,27876,11
12.8228797913,80.2308273315,27876,27886,10
12.8240995407,80.2311706543,27886,27896,10
12.8252696991,80.2314071655,27896,27906,10
12.8265800476,80.231338501,27906,27916,10
12.8278102875,80.2309036255,27916,27926,10
12.829000473,80.2302474976,27926,27936,10
12.8302202225,80.2297515869,27936,27946,10
12.8308801651,80.2294921875,27946,27957,11
12.8308897018,80.2294769287,27957,27967,10
12.8310804367,80.2294921875,27967,27977,10
12.8312397003,80.2294235229,27977,27987,10
12.8314504623,80.2293319702,27987,27997,10
12.831489563,80.229309082,27997,28007,10
12.8316602707,80.2292327881,28007,28017,10
12.8321504593,80.2291412354,28017,28028,11
12.8330001831,80.2289581299,28028,28038,10
12.8339004517,80.2287979126,28038,28048,10
12.8349199295,80.2286071777,28048,28058,10
12.8361597061,80.2284011841,28058,28068,10
12.8375597,80.2282028198,28068,28078,10
12.8387899399,80.2279129028,28078,28088,10
12.8393697739,80.2277374268,28088,28098,10
12.839509964,80.2276992798,28098,28109,11
12.8400497437,80.2275390625,28109,28119,10
12.8409795761,80.2273178101,28119,28129,10
12.8421497345,80.2270202637,28129,28139,10
12.8431997299,80.2267990112,28139,28149,10
12.8439598083,80.2266769409,28149,28159,10
12.8454704285,80.2265396118,28159,28179,20
12.8454704285,80.2265396118,28179,28190,11
12.8457603455,80.2265625,28190,28200,10
12.8463401794,80.2265777588,28200,28210,10
12.8472499847,80.2265701294,28210,28220,10
12.8483695984,80.2265625,28220,28230,10
12.8495397568,80.2265625,28230,28240,10
12.850689888,80.2265701294,28240,28250,10
12.8519496918,80.2266387939,28250,28260,10
12.8532600403,80.2266693115,28260,28271,11
12.8547401428,80.2265014648,28271,28281,10
12.8560800552,80.226348877,28281,28291,10
12.8575000763,80.2261962891,28291,28301,10
12.8587903976,80.2262420654,28301,28311,10
12.8600196838,80.2264175415,28311,28321,10
12.860830307,80.2265014648,28321,28331,10
12.8609199524,80.2265167236,28331,28341,10
12.8612699509,80.2265472412,28341,28352,11
12.8622598648,80.2265090942,28352,28362,10
12.8633699417,80.2264785767,28362,28372,10
12.8646802902,80.2265396118,28372,28382,10
12.8660697937,80.2265319824,28382,28392,10
12.8673696518,80.2264175415,28392,28402,10
12.8688402176,80.2263717651,28402,28412,10
12.8702201843,80.2265396118,28412,28423,11
12.8716402054,80.2266311646,28423,28433,10
12.8725996017,80.2266235352,28433,28443,10
12.8728199005,80.2266311646,28443,28453,10
12.8729896545,80.2266616821,28453,28463,10
12.8736000061,80.2266998291,28463,28473,10
12.8745603561,80.2268066406,28473,28483,10
12.8756999969,80.2269134521,28483,28493,10
12.8767595291,80.2268829346,28493,28514,21
12.8767595291,80.2268829346,28514,28524,10
12.8770999908,80.226852417,28524,28534,10
12.877869606,80.2267913818,28534,28544,10
12.8789396286,80.2266998291,28544,28554,10
12.8801298141,80.2266921997,28554,28564,10
12.8814296722,80.2266921997,28564,28574,10
12.8827896118,80.2266693115,28574,28585,11
12.8841199875,80.2266464233,28585,28595,10
12.8850097656,80.2266464233,28595,28605,10
12.8851499557,80.2266616821,28605,28615,10
12.8851995468,80.2266769409,28615,28625,10
12.8854999542,80.2267227173,28625,28635,10
12.8860797882,80.2268829346,28635,28645,10
12.8868999481,80.2270889282,28645,28655,10
12.8878803253,80.2272567749,28655,28666,11
12.8890895844,80.2273330688,28666,28676,10
12.8903102875,80.2273330688,28676,28686,10
12.8914203644,80.2273101807,28686,28696,10
12.8919296265,80.2272872925,28696,28706,10
12.8919401169,80.2272872925,28706,28716,10
12.8922100067,80.2273178101,28716,28726,10
12.8929004669,80.2273864746,28726,28736,10
12.8936300278,80.2274932861,28736,28747,11
12.8945102692,80.2275772095,28747,28757,10
12.8954296112,80.2276306152,28757,28767,10
12.896320343,80.2276611328,28767,28777,10
12.897190094,80.2276992798,28777,28787,10
12.8982200623,80.2277526855,28787,28797,10
12.899189949,80.2277984619,28797,28807,10
12.8999500275,80.2278289795,28807,28817,10
12.9004802704,80.2278671265,28817,28828,11
12.9010000229,80.2279205322,28828,28838,10
12.9011497498,80.2279434204,28838,28848,10
12.9015398026,80.2279891968,28848,28858,10
12.9025001526,80.2279968262,28858,28888,30
12.9025001526,80.2279968262,28888,28899,11
12.9027204514,80.2280197144,28899,28909,10
12.9031400681,80.2280273438,28909,28919,10
12.9038801193,80.2280807495,28919,28929,10
12.904800415,80.2281417847,28929,28939,10
12.9052095413,80.2281417847,28939,28949,10
12.9052295685,80.2281417847,28949,28959,10
12.9053297043,80.2281417847,28959,28969,10
12.9056997299,80.228187561,28969,28979,10
12.9060201645,80.2282028198,28979,28990,11
12.9064903259,80.2282180786,28990,29000,10
12.9072399139,80.2283096313,29000,29030,30
12.9072399139,80.2283096313,29030,29040,10
12.9073801041,80.2282714844,29040,29050,10
12.9077997208,80.2283477783,29050,29061,11
12.9086198807,80.2285003662,29061,29071,10
12.9095897675,80.2286834717,29071,29081,10
12.9106903076,80.2288818359,29081,29091,10
12.9118995667,80.2290267944,29091,29101,10
12.9130401611,80.2291717529,29101,29111,10
12.9142999649,80.2293395996,29111,29131,20
12.9142999649,80.2293395996,29131,29142,11
12.9143896103,80.2293395996,29142,29152,10
12.9147396088,80.2294082642,29152,29162,10
12.9153900146,80.2295379639,29162,29172,10
12.9163703918,80.2296829224,29172,29182,10
12.9174699783,80.2298126221,29182,29192,10
12.9185400009,80.2299575806,29192,29202,10
12.9195299149,80.2300796509,29202,29212,10
12.9206104279,80.2302017212,29212,29223,11
12.9218597412,80.2303619385,29223,29233,10
12.9231004715,80.2305526733,29233,29243,10
12.9243402481,80.23072052,29243,29253,10
12.9253501892,80.2308425903,29253,29263,10
12.9258003235,80.2308578491,29263,29273,10
12.9258298874,80.2308731079,29273,29283,10
12.9262599945,80.2309570313,29283,29293,10
12.9270200729,80.2310562134,29293,29304,11
12.928150177,80.2311935425,29304,29314,10
12.9292201996,80.2313690186,29314,29324,10
12.930390358,80.2316436768,29324,29334,10
12.931599617,80.2320175171,29334,29344,10
12.9327001572,80.2323684692,29344,29354,10
12.9338598251,80.2328567505,29354,29385,31
12.9338598251,80.2328567505,29385,29395,10
12.9339599609,80.2329101563,29395,29405,10
12.9343700409,80.2331008911,29405,29415,10
12.9350404739,80.2334136963,29415,29425,10
12.9354896545,80.2336120605,29425,29435,10
12.9356899261,80.2337112427,29435,29445,10
12.9362096786,80.2339706421,29445,29455,10
12.9369096756,80.2343063354,29455,29466,11
12.9375896454,80.2346420288,29466,29476,10
12.9383201599,80.2349700928,29476,29486,10
12.9390697479,80.2353515625,29486,29496,10
12.9396800995,80.2356491089,29496,29506,10
12.9404001236,80.2359008789,29506,29516,10
12.9410896301,80.236076355,29516,29526,10
12.9420003891,80.2363204956,29526,29537,11
12.9430704117,80.2367782593,29537,29547,10
12.9438400269,80.2375183105,29547,29557,10
12.9445896149,80.2383422852,29557,29567,10
12.9453802109,80.2391433716,29567,29577,10
12.946680069,80.2397079468,29577,29618,41
12.946680069,80.2397079468,29618,29628,10
12.9469299316,80.2398605347,29628,29638,10
12.9474601746,80.2400588989,29638,29648,10
12.9478597641,80.2402496338,29648,29759,111
12.9478597641,80.2402496338,29759,29769,10
12.9479398727,80.2403411865,29769,29780,11
12.9483299255,80.2404785156,29780,29790,10
12.948849678,80.2406997681,29790,29800,10
12.949669838,80.2409820557,29800,29810,10
12.9503898621,80.2411575317,29810,29820,10
12.9507303238,80.2413101196,29820,29830,10
12.9509000778,80.2413635254,29830,29840,10
12.9512701035,80.2414627075,29840,29850,10
12.9515600204,80.2415390015,29850,29861,11
12.9519395828,80.2416763306,29861,29871,10
12.9525003433,80.241897583,29871,29881,10
12.9533500671,80.2422180176,29881,29891,10
12.9541301727,80.2425537109,29891,29901,10
12.9549102783,80.2428283691,29901,29911,10
12.9554796219,80.2430267334,29911,29921,10
12.9561300278,80.2432479858,29921,29942,21
12.9561300278,80.2432479858,29942,29952,10
12.9563398361,80.2433166504,29952,29962,10
12.9563798904,80.2433319092,29962,29972,10
12.9566698074,80.2434616089,29972,29982,10
12.9572696686,80.2437362671,29982,29992,10
12.9580202103,80.2440719604,29992,30002,10
12.9581604004,80.2441482544,30002,30013,11
12.9582796097,80.2442779541,30013,30023,10
12.9585599899,80.2443695068,30023,30033,10
12.9588899612,80.2444992065,30033,30043,10
12.959280014,80.2446517944,30043,30053,10
12.9597797394,80.2448883057,30053,30063,10
12.9605503082,80.2452392578,30063,30073,10
12.9615402222,80.2456893921,30073,30083,10
12.9624795914,80.2461395264,30083,30094,11
12.9631595612,80.2465591431,30094,30104,10
12.9637804031,80.2468338013,30104,30114,10
12.9645299911,80.2471008301,30114,30124,10
12.965259552,80.2473602295,30124,30134,10
12.9657201767,80.2474975586,30134,30144,10
12.965959549,80.2475662231,30144,30164,20
12.965959549,80.2475662231,30164,30175,11
12.9661903381,80.2476806641,30175,30185,10
12.9665899277,80.2478485107,30185,30195,10
12.9668197632,80.2479476929,30195,30205,10
12.967040062,80.2480621338,30205,30215,10
12.967300415,80.2481918335,30215,30225,10
12.968000412,80.2484893799,30225,30235,10
12.9689598083,80.2488937378,30235,30245,10
12.9699497223,80.2492828369,30245,30256,11
12.9710597992,80.249671936,30256,30266,10
12.9721603394,80.2499771118,30266,30276,10
12.9732398987,80.2502593994,30276,30286,10
12.9742298126,80.2505187988,30286,30296,10
12.9752502441,80.2508087158,30296,30306,10
12.9763202667,80.251121521,30306,30316,10
12.9773302078,80.2514724731,30316,30326,10
12.97838974,80.252243042,30326,30347,21
12.97838974,80.252243042,30347,30357,10
12.9784202576,80.2522583008,30357,30367,10
12.9786996841,80.2524185181,30367,30377,10
12.9792499542,80.2525634766,30377,30418,41
12.9792499542,80.2525634766,30418,30428,10
12.9792995453,80.252571106,30428,30438,10
12.9796695709,80.2526168823,30438,30448,10
12.9802598953,80.2526626587,30448,30458,10
12.9809303284,80.2526397705,30458,30468,10
12.9817495346,80.2526168823,30468,30478,10
12.9826402664,80.2525863647,30478,30488,10
12.9834098816,80.2524871826,30488,30499,11
12.9839096069,80.2523803711,30499,30509,10
12.9846401215,80.2521820068,30509,30640,131
12.9846401215,80.2521820068,30640,30651,11
12.9847698212,80.2521286011,30651,30661,10
12.985159874,80.2520294189,30661,30671,10
12.985619545,80.2518997192,30671,30681,10
12.9860401154,80.2517929077,30681,30691,10
12.9864301682,80.2517089844,30691,30701,10
12.987039566,80.2515335083,30701,30813,112
12.987039566,80.2515335083,30813,30823,10
12.9870996475,80.2515335083,30823,30833,10
12.987449646,80.2514266968,30833,30843,10
12.9878797531,80.2513427734,30843,30853,10
12.988650322,80.2511367798,30853,30863,10
12.9897499084,80.2508392334,30863,30883,20
12.9897499084,80.2508392334,30883,30894,11
12.9899501801,80.2508010864,30894,30904,10
12.990530014,80.2506637573,30904,30914,10
12.9913702011,80.2504501343,30914,30924,10
12.9924402237,80.2501831055,30924,30934,10
12.9935998917,80.2498931885,30934,30944,10
12.9947900772,80.2495803833,30944,30954,10
12.9959697723,80.2492828369,30954,30964,10
12.9967298508,80.2490386963,30964,30975,11
12.9967603683,80.2490463257,30975,30985,10
12.9968299866,80.2490386963,30985,30995,10
12.9972696304,80.2489318848,30995,31005,10
12.9981002808,80.2487411499,31005,31015,10
12.9991903305,80.2484664917,31015,31025,10
13.00041008,80.2481613159,31025,31035,10
13.0015602112,80.2478713989,31035,31046,11
13.0023403168,80.2476806641,31046,31056,10
13.0030899048,80.2475509644,31056,31066,10
13.0040197372,80.2473983765,31066,31076,10
13.0050201416,80.2472763062,31076,31086,10
13.0059404373,80.2470626831,31086,31096,10
13.0064401627,80.246711731,31096,31106,10
13.0066003799,80.2464065552,31106,31127,21
13.0066003799,80.2464065552,31127,31137,10
13.0066404343,80.2461700439,31137,31147,10
13.0066404343,80.2456893921,31147,31157,10
13.0066299438,80.2449417114,31157,31167,10
13.0066404343,80.2442016602,31167,31177,10
13.0066204071,80.2436218262,31177,31187,10
13.0066003799,80.2429504395,31187,31197,10
13.0065898895,80.2420425415,31197,31208,11
13.0066003799,80.2412796021,31208,31218,10
13.0066299438,80.2410812378,31218,31228,10
13.0066604614,80.2407836914,31228,31238,10
13.0067501068,80.2402572632,31238,31248,10
13.0068998337,80.2396011353,31248,31258,10
13.007060051,80.2387237549,31258,31268,10
13.0072097778,80.2379989624,31268,31278,10
13.0073604584,80.2372894287,31278,31299,21
13.0073604584,80.2372894287,31299,31309,10
13.0074596405,80.2369537354,31309,31319,10
13.0075998306,80.2362289429,31319,31329,10
13.0078201294,80.2351913452,31329,31339,10
13.0080699921,80.2339477539,31339,31349,10
13.0083398819,80.2325820923,31349,31359,10
13.0086202621,80.2311401367,31359,31370,11
13.008939743,80.2295532227,31370,31380,10
13.0092201233,80.2282180786,31380,31390,10
13.0096702576,80.2271499634,31390,31400,10
13.0101499557,80.2261428833,31400,31410,10
13.0105304718,80.2254714966,31410,31420,10
13.010720253,80.2249832153,31420,31430,10
13.0109996796,80.224281311,31430,31440,10
13.0112895966,80.2236480713,31440,31451,11
13.0113201141,80.2235565186,31451,31461,10
13.011469841,80.2231292725,31461,31471,10
13.011759758,80.2223815918,31471,31481,10
13.0120897293,80.2215576172,31481,31491,10
13.0124197006,80.221496582,31491,31501,10
13.0126304626,80.2219696045,31501,31511,10
13.0130300522,80.2224578857,31511,31521,10
13.0136804581,80.2231292725,31521,31532,11
13.0142202377,80.2237625122,31532,31542,10
13.0149202347,80.2245178223,31542,31552,10
13.0154600143,80.2249679565,31552,31562,10
13.0156898499,80.2251968384,31562,31592,30
13.0156898499,80.2251968384,31592,31603,11
13.016119957,80.225402832,31603,31613,10
13.01679039,80.2252807617,31613,31623,10
13.0176200867,80.2249526978,31623,31633,10
13.018529892,80.2245864868,31633,31643,10
13.0193595886,80.2244186401,31643,31653,10
13.0200901031,80.2247695923,31653,31663,10
13.0206604004,80.2251663208,31663,31673,10
13.0210199356,80.2254562378,31673,31684,11
13.021490097,80.2258377075,31684,31694,10
13.0220603943,80.2262573242,31694,31704,10
13.0225801468,80.2266998291,31704,31734,30
13.0225801468,80.2266998291,31734,31744,10
13.0228204727,80.2269897461,31744,31754,10
13.0232000351,80.2273635864,31754,31765,11
13.0233402252,80.2274780273,31765,31775,10
13.0234203339,80.2275695801,31775,31785,10
13.0236902237,80.2277603149,31785,31795,10
13.0239601135,80.2280273438,31795,31805,10
13.0242500305,80.2284011841,31805,31815,10
13.0245103836,80.228767395,31815,31825,10
13.0246801376,80.2290420532,31825,31835,10
13.0249700546,80.2293930054,31835,31846,11
13.0253801346,80.2299194336,31846,31856,10
13.0256299973,80.2303619385,31856,31866,10
13.0258102417,80.2307510376,31866,31876,10
13.0259103775,80.231086731,31876,31886,10
13.0260400772,80.2315597534,31886,31896,10
13.0262203217,80.2321624756,31896,31906,10
13.0263595581,80.2325973511,31906,31916,10
13.026720047,80.2332992554,31916,31927,11
13.0273303986,80.2342834473,31927,31937,10
13.0278596878,80.2352218628,31937,31947,10
13.0285100937,80.2360305786,31947,31957,10
13.0291595459,80.2367324829,31957,31967,10
13.0296497345,80.2372970581,31967,31977,10
13.0297002792,80.2373580933,31977,31987,10
13.0297203064,80.2374572754,31987,31997,10
13.0298700333,80.2377090454,31997,32008,11
13.0302095413,80.2383880615,32008,32018,10
13.0306596756,80.2390899658,32018,32038,20
13.0306596756,80.2390899658,32038,32048,10
13.0307798386,80.2393035889,32048,32058,10
13.0309200287,80.2395477295,32058,32068,10
13.0311098099,80.2399291992,32068,32078,10
13.0313301086,80.2401580811,32078,32089,11
13.0313501358,80.240737915,32089,32099,10
13.0315303802,80.2411422729,32099,32109,10
13.031709671,80.2415313721,32109,32119,10
13.0320501328,80.2421569824,32119,32129,10
13.0325298309,80.2426834106,32129,32139,10
13.0332803726,80.2436599731,32139,32149,10
13.0338602066,80.2445220947,32149,32160,11
13.0344400406,80.245262146,32160,32170,10
13.0349798203,80.2459106445,32170,32180,10
13.0358200073,80.2462005615,32180,32210,30
13.0358200073,80.2462005615,32210,32220,10
13.0359401703,80.246421814,32220,32230,10
13.0364599228,80.2464675903,32230,32241,11
13.037320137,80.2464904785,32241,32251,10
13.0380897522,80.2465820313,32251,32261,10
13.0387897491,80.2467498779,32261,32271,10
13.0395402908,80.2469329834,32271,32281,10
13.0403995514,80.2470932007,32281,32291,10
13.0413599014,80.2472915649,32291,32301,10
13.042090416,80.2474365234,32301,32311,10
13.0426902771,80.2475967407,32311,32322,11
13.0435304642,80.2479019165,32322,32332,10
13.044090271,80.2478179932,32332,32342,10
13.0446500778,80.2479400635,32342,32352,10
13.0452299118,80.2482681274,32352,32362,10
13.0458202362,80.2485122681,32362,32372,10
13.0469903946,80.2484588623,32372,32392,20
13.0469903946,80.2484588623,32392,32403,11
13.0471200943,80.2484817505,32403,32413,10
13.0475196838,80.2487792969,32413,32423,10
13.0481901169,80.249458313,32423,32433,10
13.0489997864,80.2497406006,32433,32443,10
13.049779892,80.2498703003,32443,32453,10
13.0507297516,80.2500610352,32453,32463,10
13.0516395569,80.2503585815,32463,32473,10
13.0523195267,80.2509918213,32473,32484,11
13.0530195236,80.2519226074,32484,32494,10
13.0536203384,80.252746582,32494,32504,10
13.0541601181,80.2535171509,32504,32514,10
13.0547704697,80.2543106079,32514,32524,10
13.0552501678,80.2549514771,32524,32534,10
13.0555400848,80.2553710938,32534,32544,10
13.055729866,80.2556228638,32544,32554,10
13.0558595657,80.2557830811,32554,32565,11
13.0559797287,80.2559585571,32565,32575,10
13.056139946,80.2562026978,32575,32585,10
13.0563402176,80.256439209,32585,32595,10
13.0567798615,80.2569274902,32595,32605,10
13.057510376,80.2575683594,32605,32615,10
13.0580301285,80.2581176758,32615,32625,10
13.0584402084,80.2587585449,32625,32636,11
13.0590295792,80.259437561,32636,32646,10
13.0594902039,80.2601013184,32646,32656,10
13.0601196289,80.2606201172,32656,32666,10
13.0607404709,80.261428833,32666,32686,20
13.0607404709,80.261428833,32686,32696,10
13.060839653,80.2616577148,32696,32706,10
13.0612201691,80.2621917725,32706,32717,11
13.0617599487,80.262840271,32717,32727,10
13.0624103546,80.2635726929,32727,32737,10
13.0630197525,80.2642669678,32737,32747,10
13.0634899139,80.2649612427,32747,32757,10
13.0637798309,80.2653808594,32757,32767,10
13.063949585,80.2655792236,32767,32777,10
13.0643997192,80.26612854,32777,32787,10
13.0648403168,80.2667007446,32787,32798,11
13.0654001236,80.2670974731,32798,32808,10
13.0656099319,80.267288208,32808,32818,10
13.0657196045,80.2674865723,32818,32828,10
13.0661001205,80.2680664063,32828,32838,10
13.066619873,80.2684707642,32838,32848,10
13.0671100616,80.268737793,32848,32858,10
13.0676898956,80.2690429688,32858,32868,10
13.0682001114,80.2693405151,32868,32879,11
13.0683298111,80.2693786621,32879,32889,10
13.0683002472,80.2698822021,32889,32899,10
13.0681600571,80.270690918,32899,32909,10
13.0680799484,80.2712402344,32909,32919,10
13.0682601929,80.2716598511,32919,32929,10
13.068980217,80.2720413208,32929,32939,10
13.0695896149,80.2725982666,32939,32949,10
13.0700397491,80.2730636597,32949,32960,11
13.0704603195,80.2735900879,32960,32970,10
13.0710897446,80.2741394043,32970,32990,20
13.0710897446,80.2741394043,32990,33000,10
13.0712795258,80.2741928101,33000,33010,10
13.0717897415,80.2744293213,33010,33020,10
13.0722503662,80.2748718262,33020,33030,10
13.0727396011,80.275390625,33030,33041,11
13.0734195709,80.2761077881,33041,33051,10
13.074139595,80.2763595581,33051,33061,10
13.0749397278,80.2762985229,33061,33071,10
13.0753803253,80.2762908936,33071,33081,10
13.0761995316,80.2762832642,33081,33091,10
13.0770397186,80.2762374878,33091,33101,10
13.0779104233,80.2761764526,33101,33112,11
13.0783395767,80.2754592896,33112,33122,10
13.0790395737,80.2751617432,33122,33132,10
13.0798597336,80.2752990723,33132,33142,10
13.0806703568,80.2752304077,33142,33152,10
13.0810804367,80.275177002,33152,33193,41
13.0810804367,80.275177002,33193,33203,10
13.0814599991,80.2751312256,33203,33213,10
13.0818796158,80.2752304077,33213,33223,10
13.0819997787,80.2752914429,33223,33233,10
13.0820798874,80.2755889893,33233,33334,101
13.0820798874,80.275718689,33334,33891,557
13.0820798874,80.275718689,33891,33902,11
13.0819396973,80.2760391235,33902,33912,10
13.0818796158,80.2762298584,33912,33922,10
13.0818901062,80.2766723633,33922,33932,10
13.0819501877,80.2775192261,33932,33942,10
13.082159996,80.278137207,33942,33952,10
13.0827703476,80.278137207,33952,33962,10
13.0832796097,80.2781295776,33962,33972,10
13.083439827,80.2782592773,33972,33983,11
13.0835504532,80.2787322998,33983,33993,10
13.0832595825,80.2789077759,33993,34003,10
13.0823602676,80.2786026001,34003,34043,40
13.0823602676,80.2786026001,34043,34053,10
13.0822401047,80.2784881592,34053,34064,11
13.0819597244,80.2781677246,34064,34074,10
13.081870079,80.2774810791,34074,34084,10
13.0817804337,80.2767028809,34084,34094,10
13.0817203522,80.2763137817,34094,34104,10
13.081700325,80.2761993408,34104,34114,10
13.0816602707,80.2759475708,34114,34165,51
13.0816602707,80.2759475708,34165,34175,10
13.0815896988,80.2754898071,34175,34227,52
13.0815896988,80.2754898071,34227,34237,10
13.0814599991,80.2751464844,34237,34247,10
13.0811395645,80.2751693726,34247,34257,10
13.0805997849,80.2752609253,34257,34267,10
13.0800199509,80.2753219604,34267,34277,10
13.0794897079,80.2752838135,34277,34287,10
13.0788297653,80.2751464844,34287,34298,11
13.0782403946,80.2758407593,34298,34308,10
13.0776100159,80.276222229,34308,34318,10
13.0767002106,80.2762908936,34318,34328,10
13.0757703781,80.2763290405,34328,34338,10
13.0748996735,80.2763366699,34338,34348,10
13.0743103027,80.2763824463,34348,34358,10
13.0740699768,80.2763595581,34358,34368,10
13.0737104416,80.2764129639,34368,34379,11
13.0732803345,80.2760620117,34379,34389,10
13.0727701187,80.2755279541,34389,34399,10
13.07213974,80.2748794556,34399,34429,30
13.07213974,80.2748794556,34429,34439,10
13.0720596313,80.2748031616,34439,34449,10
13.0717401505,80.2745819092,34449,34460,11
13.0711898804,80.2744522095,34460,34490,30
13.0711898804,80.2744522095,34490,34500,10
13.0710096359,80.2743682861,34500,34510,10
13.0706396103,80.2738265991,34510,34520,10
13.0700998306,80.2730789185,34520,34530,10
13.0691003799,80.2720718384,34530,34571,41
13.0691003799,80.2720718384,34571,34581,10
13.0689201355,80.2719116211,34581,34591,10
13.0685997009,80.2718505859,34591,34601,10
13.0682897568,80.2716064453,34601,34611,10
13.0679302216,80.2710266113,34611,34622,11
13.0673398972,80.2704467773,34622,34632,10
13.0668401718,80.2700119019,34632,34642,10
13.0665903091,80.2697067261,34642,34652,10
13.0664596558,80.2692184448,34652,34662,10
13.0663404465,80.2684173584,34662,34672,10
13.0657701492,80.2677764893,34672,34703,31
13.0657701492,80.2677764893,34703,34713,10
13.0655403137,80.2676010132,34713,34723,10
13.065290451,80.2675476074,34723,34733,10
13.0648002625,80.2674636841,34733,34743,10
13.0643196106,80.2674636841,34743,34753,10
13.0636196136,80.267250061,34753,34763,10
13.06291008,80.2671508789,34763,34774,11
13.0623502731,80.2666091919,34774,34784,10
13.0617904663,80.2658691406,34784,34794,10
13.0613899231,80.2654037476,34794,34804,10
13.0609903336,80.2651596069,34804,34814,10
13.0609197617,80.2651672363,34814,34824,10
13.0608100891,80.2651824951,34824,34834,10
13.0605201721,80.2653808594,34834,34844,10
13.0600404739,80.2656021118,34844,34855,11
13.059510231,80.2655410767,34855,34865,10
13.0589599609,80.2654190063,34865,34875,10
13.0586204529,80.26537323,34875,34885,10
13.0581502914,80.2649078369,34885,34895,10
13.0580701828,80.2641983032,34895,34905,10
13.0579795837,80.2633209229,34905,34915,10
13.0579204559,80.2625579834,34915,34925,10
13.0577697754,80.2618637085,34925,34936,11
13.0575399399,80.2610015869,34936,34946,10
13.0572795868,80.2600021362,34946,34956,10
13.0570201874,80.2591400146,34956,34966,10
13.056810379,80.2585296631,34966,34976,10
13.05671978,80.2582321167,34976,34986,10
13.0566396713,80.2577514648,34986,35006,20
13.0566396713,80.2577514648,35006,35017,11
13.0566396713,80.257598877,35017,35027,10
13.056599617,80.257270813,35027,35037,10
13.0565900803,80.2572097778,35037,35047,10
13.0565099716,80.2569732666,35047,35057,10
13.0563001633,80.2564620972,35057,35066,9
13.0559597015,80.2558898926,35066,35077,11
13.0556602478,80.2554626465,35077,35087,10
13.0554800034,80.2551879883,35087,35098,11
13.0552597046,80.2548980713,35098,35108,10
13.0550403595,80.2545623779,35108,35118,10
13.0545301437,80.2539520264,35118,35128,10
13.0541801453,80.2534408569,35128,35138,10
13.053899765,80.253036499,35138,35148,10
13.0536804199,80.2527236938,35148,35158,10
13.0532999039,80.252243042,35158,35168,10
13.0527601242,80.2515029907,35168,35179,11
13.0522499084,80.2508163452,35179,35189,10
13.0516395569,80.2502822876,35189,35199,10
13.0507001877,80.2499771118,35199,35209,10
13.0495901108,80.2498168945,35209,35219,10
13.048789978,80.249710083,35219,35239,20
13.048789978,80.249710083,35239,35250,11
13.0484800339,80.2495574951,35250,35260,10
13.0479898453,80.2491989136,35260,35270,10
13.0472202301,80.248588562,35270,35290,20
13.0472202301,80.248588562,35290,35300,10
13.0468997955,80.2484512329,35300,35310,10
13.0466995239,80.2484588623,35310,35320,10
13.0461397171,80.2483901978,35320,35331,11
13.0455799103,80.2481918335,35331,35341,10
13.0447902679,80.2479782104,35341,35351,10
13.0438604355,80.2478485107,35351,35361,10
13.0429000854,80.2476501465,35361,35371,10
13.0420103073,80.247467041,35371,35381,10
13.0410499573,80.2472305298,35381,35391,10
13.0401802063,80.2471389771,35391,35401,10
13.0399198532,80.2471466064,35401,35412,11
13.0394897461,80.2470092773,35412,35422,10
13.0389604568,80.2469024658,35422,35432,10
13.0382204056,80.2466812134,35432,35442,10
13.0375299454,80.2465667725,35442,35452,10
13.036860466,80.2464599609,35452,35462,10
13.0361299515,80.2463607788,35462,35472,10
13.0354995728,80.2461013794,35472,35482,10
13.0354604721,80.2460632324,35482,35493,11
13.0352897644,80.2459335327,35493,35503,10
13.0349197388,80.2456970215,35503,35513,10
13.0346698761,80.2453765869,35513,35523,10
13.0342597961,80.2448272705,35523,35533,10
13.0337896347,80.2443695068,35533,35543,10
13.0331802368,80.2436828613,35543,35553,10
13.0325603485,80.2427902222,35553,35563,10
13.0320501328,80.2421035767,35563,35574,11
13.0319404602,80.2418365479,35574,35584,10
13.0317897797,80.2414093018,35584,35594,10
13.0315198898,80.2406997681,35594,35604,10
13.0311899185,80.2399215698,35604,35614,10
13.030670166,80.2389373779,35614,35624,10
13.0301303864,80.2380371094,35624,35634,10
13.0293302536,80.2370300293,35634,35644,10
13.0291595459,80.2368164063,35644,35655,11
13.0290002823,80.2366027832,35655,35665,10
13.0285301208,80.2360687256,35665,35675,10
13.0279397964,80.2353363037,35675,35685,10
13.0273799896,80.2343826294,35685,35695,10
13.0269203186,80.2336273193,35695,35705,10
13.0266399384,80.2332000732,35705,35776,71
13.0266399384,80.2332000732,35776,35786,10
13.026599884,80.2330093384,35786,35796,10
13.0264196396,80.2326431274,35796,35807,11
13.026260376,80.2321166992,35807,35817,10
13.0261602402,80.2316513062,35817,35827,10
13.02602005,80.2310409546,35827,35837,10
13.0256996155,80.2302398682,35837,35847,10
13.0251102448,80.2294998169,35847,35857,10
13.0247898102,80.2291564941,35857,35867,10
13.0245895386,80.2289123535,35867,35888,21
13.0245895386,80.2289123535,35888,35898,10
13.0243196487,80.2285995483,35898,35908,10
13.023850441,80.2280197144,35908,35918,10
13.023440361,80.2276000977,35918,35938,20
13.023440361,80.2276000977,35938,35948,10
13.0233898163,80.2275009155,35948,35958,10
13.0230503082,80.2271728516,35958,35969,11
13.0223398209,80.2265396118,35969,35979,10
13.0215902328,80.2259216309,35979,35989,10
13.0209197998,80.225402832,35989,35999,10
13.0202703476,80.2249832153,35999,36009,10
13.0200395584,80.2248382568,36009,36019,10
13.0198698044,80.2247009277,36019,36029,10
13.0193195343,80.2244796753,36029,36039,10
13.0185403824,80.224571228,36039,36050,11
13.0176200867,80.224937439,36050,36060,10
13.0168304443,80.2252731323,36060,36070,10
13.0162401199,80.2255096436,36070,36080,10
13.0155801773,80.2256698608,36080,36090,10
13.0151100159,80.2259292603,36090,36100,10
13.0149803162,80.226020813,36100,36110,10
13.0145797729,80.2261505127,36110,36131,21
13.0145797729,80.2261505127,36131,36141,10
13.0142402649,80.2262420654,36141,36151,10
13.0140800476,80.2262802124,36151,36161,10
13.0136995316,80.2264099121,36161,36171,10
13.0132102966,80.226600647,36171,36181,10
13.0124702454,80.2269592285,36181,36191,10
13.011639595,80.2273178101,36191,36201,10
13.0108699799,80.2276535034,36201,36212,11
13.0101499557,80.2278900146,36212,36222,10
13.0094900131,80.2281570435,36222,36232,10
13.0091495514,80.2287063599,36232,36242,10
13.0090703964,80.229309082,36242,36252,10
13.0090103149,80.2295837402,36252,36262,10
13.0089702606,80.2297592163,36262,36272,10
13.0089197159,80.2300872803,36272,36293,21
13.0088396072,80.2305221558,36293,36323,30
13.0088396072,80.2305221558,36323,36333,10
13.0087604523,80.2309036255,36333,36343,10
13.0086202621,80.2315673828,36343,36374,31
13.0086202621,80.2315673828,36374,36384,10
13.0085201263,80.2320022583,36384,36394,10
13.008480072,80.2322616577,36394,36404,10
13.0084400177,80.2324829102,36404,36414,10
13.0083999634,80.2326583862,36414,36424,10
13.0083398819,80.2330093384,36424,36434,10
13.0082597733,80.2335891724,36434,36485,51
13.0082597733,80.2335891724,36485,36495,10
13.0081501007,80.2339324951,36495,36505,10
13.0080900192,80.2342987061,36505,36515,10
13.0078496933,80.2353515625,36515,36546,31
13.0078496933,80.2353515625,36546,36556,10
13.0077400208,80.2356796265,36556,36566,10
13.0077199936,80.2358627319,36566,36576,10
13.0076999664,80.236000061,36576,36586,10
13.0076198578,80.2364196777,36586,36596,10
13.007519722,80.2369766235,36596,36607,11
13.0073900223,80.2375488281,36607,36617,10
13.0073604584,80.2377090454,36617,36627,10
13.0072698593,80.237953186,36627,36637,10
13.0072402954,80.2382507324,36637,36647,10
13.0071201324,80.238822937,36647,36657,10
13.0069904327,80.2394790649,36657,36667,10
13.0068702698,80.2401123047,36667,36677,10
13.0067501068,80.2407073975,36677,36688,11
13.0066795349,80.2412719727,36688,36698,10
13.0066604614,80.2419281006,36698,36708,10
13.0066604614,80.2425231934,36708,36718,10
13.0066604614,80.2431411743,36718,36738,20
13.0066604614,80.2431411743,36738,36748,10
13.0066699982,80.2434616089,36748,36758,10
13.0066699982,80.2437896729,36758,36769,11
13.0066604614,80.2442169189,36769,36779,10
13.0066604614,80.2446212769,36779,36789,10
13.0066795349,80.2450714111,36789,36799,10
13.0066995621,80.245552063,36799,36809,10
13.0067300797,80.2460327148,36809,36819,10
13.0067300797,80.24609375,36819,36829,10
13.0067396164,80.2463607788,36829,36840,11
13.0067396164,80.246383667,36840,36850,10
13.0067596436,80.2467498779,36850,36921,71
13.0067596436,80.2467498779,36921,36931,10
13.0067396164,80.2470779419,36931,36941,10
13.0066795349,80.2473983765,36941,36951,10
13.0060300827,80.247428894,36951,36981,30
13.0060300827,80.247428894,36981,36991,10
13.0055704117,80.2472763062,36991,37002,11
13.0047197342,80.2473068237,37002,37012,10
13.0037298203,80.247543335,37012,37022,10
13.0025100708,80.2477416992,37022,37032,10
13.0012998581,80.2480163574,37032,37042,10
13.000120163,80.2483062744,37042,37052,10
12.99903965,80.2485961914,37052,37062,10
12.9982795715,80.2488174438,37062,37072,10
12.9982404709,80.2488098145,37072,37083,11
12.9979400635,80.2488632202,37083,37093,10
12.9973297119,80.2490386963,37093,37103,10
12.9964399338,80.2492828369,37103,37113,10
12.9954099655,80.2495117188,37113,37123,10
12.994720459,80.2496032715,37123,37153,30
12.994720459,80.2496032715,37153,37164,11
12.9944400787,80.24974823,37164,37174,10
12.9941596985,80.2498321533,37174,37184,10
12.9938097,80.2499237061,37184,37194,10
12.9931898117,80.2501068115,37194,37204,10
12.9924402237,80.2502593994,37204,37214,10
12.9918498993,80.2504119873,37214,37224,10
12.9913797379,80.250541687,37224,37427,203
12.9911603928,80.250541687,37427,37528,101
12.9911603928,80.250541687,37528,37538,10
12.9908895493,80.250617981,37538,37548,10
12.9904603958,80.2506866455,37548,37559,11
12.9899702072,80.250831604,37559,37569,10
12.9896802902,80.2509002686,37569,37579,10
12.9893102646,80.2509384155,37579,37589,10
12.9890804291,80.2510070801,37589,37599,10
12.9889297485,80.251083374,37599,37812,213
12.9889297485,80.251083374,37812,37822,10
12.9886798859,80.2511291504,37822,37832,10
12.9884195328,80.2512207031,37832,37842,10
12.9879398346,80.2513809204,37842,37852,10
12.9874200821,80.2515182495,37852,37862,10
12.9871397018,80.2516021729,37862,37873,11
12.986530304,80.2517700195,37873,37883,10
12.9858102798,80.2519302368,37883,37893,10
12.9848203659,80.2521896362,37893,37903,10
12.9836397171,80.2525024414,37903,37913,10
12.982629776,80.2526397705,37913,37923,10
12.9816598892,80.2526702881,37923,37933,10
12.9807195663,80.2527084351,37933,37943,10
12.9800701141,80.252746582,37943,37954,11
12.9792404175,80.2526626587,37954,37964,10
12.9786100388,80.2525405884,37964,38186,222
12.9786100388,80.2525405884,38186,38197,11
12.978509903,80.252456665,38197,38207,10
12.9780302048,80.2520980835,38207,38217,10
12.9772701263,80.2514801025,38217,38227,10
12.976269722,80.2510910034,38227,38237,10
12.9751701355,80.2508010864,38237,38247,10
12.9743995667,80.2506027222,38247,38257,10
12.973950386,80.2504501343,38257,38267,10
12.9732999802,80.2502365112,38267,38278,11
12.9725399017,80.250038147,38278,38288,10
12.9722604752,80.2499771118,38288,38298,10
12.972029686,80.2499237061,38298,38308,10
12.971830368,80.2498779297,38308,38318,10
12.9715099335,80.2498168945,38318,38328,10
12.9713096619,80.2497406006,38328,38338,10
12.9711799622,80.249710083,38338,38348,10
12.9709100723,80.2496414185,38348,38359,11
12.9703702927,80.2494277954,38359,38369,10
12.9695796967,80.2491378784,38369,38379,10
12.9687700272,80.2488479614,38379,38389,10
12.9684696198,80.2486495972,38389,38399,10
12.9683198929,80.248550415,38399,38409,10
12.9682397842,80.2485198975,38409,38419,10
12.968170166,80.2484970093,38419,38430,11
12.9679899216,80.2484283447,38430,38440,10
12.967590332,80.248336792,38440,38460,20
12.967590332,80.248336792,38460,38470,10
12.9671897888,80.2481918335,38470,38490,20
12.9671897888,80.2481918335,38490,38500,10
12.9667901993,80.248008728,38500,38521,21
12.9665803909,80.2479019165,38521,38551,30
12.9665803909,80.2479019165,38551,38561,10
12.9661998749,80.2477264404,38561,38571,10
12.9657297134,80.2475128174,38571,38581,10
12.9653997421,80.2473678589,38581,38592,11
12.9652204514,80.2473220825,38592,38602,10
12.9651298523,80.2472915649,38602,38612,10
12.9648599625,80.2472000122,38612,38622,10
12.964679718,80.2471466064,38622,38632,10
12.9643201828,80.2470169067,38632,38642,10
12.964099884,80.2469482422,38642,38652,10
12.96393013,80.2469024658,38652,38662,10
12.9637002945,80.2468185425,38662,38673,11
12.9631700516,80.2464981079,38673,38683,10
12.962439537,80.2461395264,38683,38693,10
12.9615602493,80.2457122803,38693,38703,10
12.9606304169,80.245300293,38703,38713,10
12.9598302841,80.2449493408,38713,38723,10
12.9595298767,80.2448196411,38723,38733,10
12.9594097137,80.2447433472,38733,38743,10
12.9589595795,80.2445220947,38743,38754,11
12.9581203461,80.2442016602,38754,38764,10
12.9576997757,80.2440719604,38764,38774,10
12.9574403763,80.2440032959,38774,38784,10
12.9571800232,80.243927002,38784,38804,20
12.9568996429,80.2438583374,38804,38895,91
12.9564599991,80.2436904907,38895,38916,21
12.9564599991,80.2436904907,38916,38926,10
12.955909729,80.2434234619,38926,38936,10
12.9551000595,80.2430114746,38936,38946,10
12.9542303085,80.2426528931,38946,38956,10
12.953789711,80.2424697876,38956,38966,10
12.9532499313,80.2421875,38966,38976,10
12.9524803162,80.2418670654,38976,38987,11
12.9517402649,80.2416305542,38987,38997,10
12.9515895844,80.2415771484,38997,39007,10
12.951259613,80.2414779663,39007,39017,10
12.9505395889,80.2412261963,39017,39027,10
12.949379921,80.2408676147,39027,39088,61
12.949379921,80.2408676147,39088,39098,10
12.9489803314,80.2406997681,39098,39108,10
12.9483299255,80.2404327393,39108,39118,10
12.947520256,80.2401275635,39118,39128,10
12.9472999573,80.2400512695,39128,39138,10
12.94713974,80.239982605,39138,39149,11
12.9465398788,80.2397384644,39149,39159,10
12.9457302094,80.239402771,39159,39169,10
12.9449300766,80.2387924194,39169,39179,10
12.9441204071,80.2379226685,39179,39189,10
12.9432296753,80.2369766235,39189,39199,10
12.9420604706,80.2363586426,39199,39209,10
12.9408502579,80.2360610962,39209,39219,10
12.9399795532,80.2358322144,39219,39230,11
12.9398603439,80.2357788086,39230,39240,10
12.9396400452,80.2356567383,39240,39250,10
12.9389400482,80.2353210449,39250,39260,10
12.9379796982,80.2348480225,39260,39270,10
12.9368896484,80.234336853,39270,39280,10
12.9360103607,80.2339019775,39280,39290,10
12.9350996017,80.2334899902,39290,39300,10
12.9342498779,80.2331314087,39300,39311,11
12.9339704514,80.233001709,39311,39321,10
12.9338998795,80.232963562,39321,39331,10
12.9335298538,80.2327804565,39331,39341,10
12.9327602386,80.2324523926,39341,39351,10
12.9317398071,80.2321014404,39351,39361,10
12.9305496216,80.2317123413,39361,39371,10
12.929309845,80.2314224243,39371,39381,10
12.9281301498,80.2312164307,39381,39392,11
12.9270296097,80.231086731,39392,39402,10
12.926320076,80.2310409546,39402,39412,10
12.9262800217,80.2310333252,39412,39422,10
12.9258499146,80.2309494019,39422,39432,10
12.9250097275,80.2308273315,39432,39442,10
12.9238300323,80.2306900024,39442,39452,10
12.9223899841,80.2304763794,39452,39463,11
12.9207401276,80.2302627563,39463,39473,10
12.9194297791,80.2300872803,39473,39483,10
12.9181995392,80.2299423218,39483,39493,10
12.9169902802,80.2297821045,39493,39503,10
12.9156999588,80.2295913696,39503,39513,10
12.9144001007,80.2293930054,39513,39523,10
12.9134101868,80.2292861938,39523,39533,10
12.9131402969,80.2292480469,39533,39544,11
12.9130601883,80.2292098999,39544,39554,10
12.9125099182,80.229133606,39554,39564,10
12.9115600586,80.2289810181,39564,39574,10
12.9104099274,80.2288208008,39574,39584,10
12.9091596603,80.2286300659,39584,39594,10
12.9081001282,80.2284698486,39594,39604,10
12.9075403214,80.2284011841,39604,39645,41
12.9075403214,80.2284011841,39645,39655,10
12.9074497223,80.2283172607,39655,39665,10
12.9071397781,80.228302002,39665,39675,10
12.9067802429,80.2282714844,39675,39685,10
12.9059400558,80.2282028198,39685,39695,10
12.9048404694,80.2281265259,39695,39706,11
12.9038095474,80.2280807495,39706,39716,10
12.9028997421,80.2280502319,39716,39726,10
12.9022302628,80.2280426025,39726,39746,20
12.9022302628,80.2280426025,39746,39756,10
12.9020700455,80.228012085,39756,39766,10
12.9017496109,80.2279891968,39766,39776,10
12.9013996124,80.2279663086,39776,39787,11
12.9010095596,80.2279205322,39787,39797,10
12.9006099701,80.227897644,39797,39807,10
12.9001903534,80.2278823853,39807,39817,10
12.8991804123,80.2278594971,39817,39837,20
12.8991804123,80.2278594971,39837,39847,10
12.8988895416,80.2278137207,39847,39857,10
12.8981599808,80.2277679443,39857,39868,11
12.8971204758,80.227722168,39868,39878,10
12.8959598541,80.2276687622,39878,39888,10
12.8948402405,80.2276306152,39888,39898,10
12.8936901093,80.2275466919,39898,39908,10
12.8928899765,80.2274627686,39908,39918,10
12.8927202225,80.2274398804,39918,39928,10
12.8924999237,80.2274169922,39928,39939,11
12.8920602798,80.2273712158,39939,39949,10
12.8911800385,80.2273483276,39949,39959,10
12.8900499344,80.2273635864,39959,39969,10
12.8889198303,80.2273712158,39969,39979,10
12.8879804611,80.2273330688,39979,39989,10
12.8867902756,80.2271499634,39989,39999,10
12.8855895996,80.226852417,39999,40009,10
12.8849201202,80.2267532349,40009,40019,10
12.8847799301,80.2267303467,40019,40030,11
12.8841495514,80.2267227173,40030,40040,10
12.8833503723,80.2267227173,40040,40050,10
12.8822002411,80.2267379761,40050,40060,10
12.8808403015,80.2267532349,40060,40070,10
12.8794403076,80.2267608643,40070,40080,10
12.8781204224,80.2268600464,40080,40090,10
12.8770999908,80.2269592285,40090,40101,11
12.8766202927,80.2270126343,40101,40111,10
12.8765802383,80.2270126343,40111,40121,10
12.8764896393,80.2270202637,40121,40131,10
12.8759098053,80.2269973755,40131,40141,10
12.8749399185,80.2268981934,40141,40151,10
12.8736696243,80.2267608643,40151,40161,10
12.8725299835,80.2267227173,40161,40171,10
12.871919632,80.2267379761,40171,40182,11
12.8714103699,80.2266921997,40182,40192,10
12.8704795837,80.2266311646,40192,40202,10
12.8693504333,80.2265014648,40202,40212,10
12.8681297302,80.2264022827,40212,40222,10
12.866900444,80.2265014648,40222,40232,10
12.8656797409,80.2266235352,40232,40242,10
12.8644104004,80.2265777588,40242,40252,10
12.8630399704,80.2265319824,40252,40263,11
12.8617200851,80.2266235352,40263,40273,10
12.8610200882,80.2266387939,40273,40283,10
12.8607196808,80.2266082764,40283,40293,10
12.8600301743,80.2265014648,40293,40303,10
12.8590097427,80.2263565063,40303,40313,10
12.8577404022,80.2262802124,40313,40323,10
12.8563203812,80.2264099121,40323,40333,10
12.8550100327,80.2265625,40333,40344,11
12.853679657,80.2266921997,40344,40354,10
12.8525695801,80.2267227173,40354,40364,10
12.8515396118,80.2266769409,40364,40374,10
12.8505897522,80.2266464233,40374,40384,10
12.8501300812,80.2266311646,40384,40394,10
12.8499298096,80.2266082764,40394,40404,10
12.8492698669,80.2266235352,40404,40414,10
12.8482303619,80.2266082764,40414,40425,11
12.8469295502,80.2266082764,40425,40435,10
12.8458995819,80.2266235352,40435,40445,10
12.845410347,80.2266311646,40445,40455,10
12.8447599411,80.2266769409,40455,40475,20
12.8447599411,80.2266769409,40475,40485,10
12.8444795609,80.2266769409,40485,40495,10
12.8438501358,80.2267379761,40495,40506,11
12.8427000046,80.2269287109,40506,40516,10
12.8415899277,80.2270965576,40516,40526,10
12.8406095505,80.2273864746,40526,40536,10
12.8400602341,80.2275390625,40536,40546,10
12.8397502899,80.2276382446,40546,40587,41
12.8397502899,80.2276382446,40587,40597,10
12.8395004272,80.227722168,40597,40607,10
12.8389596939,80.2278900146,40607,40617,10
12.8380002975,80.2281417847,40617,40627,10
12.8367500305,80.2283706665,40627,40637,10
12.8354597092,80.2285614014,40637,40647,10
12.8341503143,80.2287826538,40647,40658,11
12.8322000504,80.2291717529,40658,40678,20
12.8322000504,80.2291717529,40678,40688,10
12.832110405,80.2291793823,40688,40698,10
12.8316698074,80.2292861938,40698,40708,10
12.8308601379,80.2295074463,40708,40718,10
12.8297796249,80.2299118042,40718,40728,10
12.8285703659,80.2304534912,40728,40739,11
12.8272600174,80.2311706543,40739,40749,10
12.8259496689,80.2313995361,40749,40759,10
12.8245897293,80.2313690186,40759,40769,10
12.8234596252,80.2310714722,40769,40779,10
12.8223400116,80.2307128906,40779,40789,10
12.8211297989,80.2304763794,40789,40799,10
12.8199501038,80.2304916382,40799,40809,10
12.8190097809,80.2305221558,40809,40820,11
12.8187904358,80.2304763794,40820,40830,10
12.8183498383,80.2302474976,40830,40840,10
12.8174104691,80.2298126221,40840,40850,10
12.816069603,80.2294387817,40850,40860,10
12.8145399094,80.2292175293,40860,40870,10
12.813170433,80.2288589478,40870,40880,10
12.8119096756,80.2284469604,40880,40890,10
12.8105802536,80.2279205322,40890,40901,11
12.8092002869,80.2272720337,40901,40911,10
12.8080101013,80.2263183594,40911,40921,10
12.8069696426,80.2254180908,40921,40931,10
12.8062496185,80.2247695923,40931,40941,10
12.8055200577,80.2241592407,40941,40951,10
12.8049697876,80.2240066528,40951,40961,10
12.8048200607,80.2239837646,40961,40971,10
12.8041200638,80.2239074707,40971,40982,11
12.8030395508,80.2238006592,40982,40992,10
12.8018598557,80.2236633301,40992,41002,10
12.8010101318,80.2236175537,41002,41012,10
12.800860405,80.2235870361,41012,41022,10
12.8002700806,80.2235412598,41022,41032,10
12.7993001938,80.2235107422,41032,41042,10
12.7980699539,80.2233810425,41042,41052,10
12.7967700958,80.2231292725,41052,41063,11
12.7959804535,80.2229919434,41063,41073,10
12.7957201004,80.2229309082,41073,41083,10
12.7950000763,80.2228088379,41083,41093,10
12.794090271,80.2226715088,41093,41103,10
12.7931604385,80.2225494385,41103,41113,10
12.7919998169,80.2223129272,41113,41123,10
12.7908601761,80.2220001221,41123,41133,10
12.7898197174,80.2217407227,41133,41144,11
12.7890501022,80.2214584351,41144,41154,10
12.7882404327,80.2211380005,41154,41164,10
12.7875699997,80.2208786011,41164,41184,20
12.7875699997,80.2208786011,41184,41194,10
12.7871999741,80.220741272,41194,41204,10
12.7868795395,80.2206192017,41204,41215,11
12.7866296768,80.2205200195,41215,41265,50
12.7862796783,80.2203521729,41265,41296,31
12.7859201431,80.220199585,41296,41407,111
12.7859201431,80.220199585,41407,41417,10
12.7855701447,80.2200393677,41417,41427,10
12.7850799561,80.2198104858,41427,41437,10
12.7846298218,80.2195968628,41437,41447,10
12.7843999863,80.2194824219,41447,41458,11
12.7836303711,80.2190170288,41458,41468,10
12.7825899124,80.2184371948,41468,41478,10
12.781370163,80.2177734375,41478,41488,10
12.7800703049,80.2170715332,41488,41498,10
12.7788200378,80.2163925171,41498,41508,10
12.7775201797,80.2158126831,41508,41518,10
12.7760801315,80.2152328491,41518,41528,10
12.7745800018,80.21459198,41528,41539,11
12.7729101181,80.2139282227,41539,41549,10
12.7715301514,80.2134475708,41549,41559,10
12.7705402374,80.2131118774,41559,41569,10
12.7703895569,80.2130432129,41569,41579,10
12.7697896957,80.2128295898,41579,41589,10
12.7687797546,80.2124481201,41589,41599,10
12.7674598694,80.2119827271,41599,41609,10
12.7660198212,80.21144104,41609,41620,11
12.7643404007,80.2108230591,41620,41630,10
12.7627897263,80.2102279663,41630,41640,10
12.7613296509,80.2096099854,41640,41650,10
12.7598600388,80.2088623047,41650,41660,10
12.7584104538,80.2080688477,41660,41670,10
12.7570104599,80.2073135376,41670,41680,10
12.7557897568,80.2066421509,41680,41690,10
12.7545003891,80.2059173584,41690,41701,11
12.752989769,80.2051010132,41701,41711,10
12.7516899109,80.2044219971,41711,41721,10
12.7503099442,80.2037200928,41721,41731,10
12.7489595413,80.2030410767,41731,41741,10
12.7475700378,80.2023391724,41741,41751,10
12.7462596893,80.2016677856,41751,41761,10
12.7451295853,80.2010803223,41761,41772,11
12.7443199158,80.2004394531,41772,41782,10
12.74421978,80.2003097534,41782,41792,10
12.7437801361,80.199798584,41792,41802,10
12.7430696487,80.1989593506,41802,41812,10
12.7421798706,80.1979522705,41812,41822,10
12.7413597107,80.1967926025,41822,41832,10
12.740530014,80.195602417,41832,41842,10
12.7396402359,80.1943893433,41842,41853,11
12.7386598587,80.1930084229,41853,41863,10
12.7376203537,80.1919021606,41863,41873,10
12.7366399765,80.1909332275,41873,41883,10
12.7357797623,80.1900787354,41883,41893,10
12.7348203659,80.1895980835,41893,41903,10
12.7337703705,80.189491272,41903,41913,10
12.7326803207,80.1893463135,41913,41923,10
12.7317304611,80.189163208,41923,41934,11
12.7306604385,80.1890792847,41934,41944,10
12.730050087,80.1890182495,41944,41954,10
12.7299604416,80.1890029907,41954,41964,10
12.7295198441,80.1889801025,41964,41974,10
12.7286396027,80.1888504028,41974,41984,10
12.7277498245,80.1885986328,41984,41994,10
12.7269001007,80.188369751,41994,42004,10
12.7259302139,80.1881713867,42004,42015,11
12.7250900269,80.188041687,42015,42035,20
12.7250900269,80.188041687,42035,42045,10
12.7248802185,80.18800354,42045,42055,10
12.7244796753,80.1879196167,42055,42065,10
12.7237901688,80.1877593994,42065,42075,10
12.7230901718,80.1875686646,42075,42085,10
12.7225999832,80.1874389648,42085,42096,11
12.7223501205,80.1876068115,42096,42106,10
12.7223396301,80.1876068115,42106,42116,10
12.722240448,80.1877365112,42116,42126,10
12.7220602036,80.1879806519,42126,42136,10
12.7220401764,80.1877593994,42136,42379,243
12.7221298218,80.1875610352,42379,42480,101
12.7221298218,80.1875610352,42480,42491,11
12.7221403122,80.1876831055,42491,43291,800
12.7222204208,80.1874694824,43291,43463,172
12.7222204208,80.1874694824,43463,43473,10
12.7223596573,80.1873626709,43473,43483,10
12.7225103378,80.1874008179,43483,43493,10
12.7229795456,80.1875,43493,43504,11
12.7234296799,80.1876220703,43504,43514,10
12.7237997055,80.187713623,43514,43524,10
12.7244701385,80.1878890991,43524,43534,10
12.7253303528,80.188041687,43534,43544,10
12.7261199951,80.1881637573,43544,43554,10
12.7269802094,80.1883392334,43554,43564,10
12.7280197144,80.188621521,43564,43574,10
12.7290296555,80.1889038086,43574,43585,11
12.729640007,80.1889190674,43585,43595,10
12.7297897339,80.1889419556,43595,43605,10
12.7303695679,80.1890182495,43605,43615,10
12.7309799194,80.1890792847,43615,43625,10
12.731760025,80.1891708374,43625,43635,10
12.732749939,80.1893386841,43635,43645,10
12.7338104248,80.189453125,43645,43655,10
12.7351503372,80.1896514893,43655,43666,11
12.7360095978,80.1901626587,43666,43676,10
12.736240387,80.1903915405,43676,43686,10
12.7364301682,80.1906280518,43686,43696,10
12.7370195389,80.1912307739,43696,43706,10
12.7378997803,80.1921081543,43706,43716,10
12.7388801575,80.1932296753,43716,43726,10
12.7398395538,80.1945571899,43726,43737,11
12.7408800125,80.1959915161,43737,43747,10
12.741809845,80.197303772,43747,43757,10
12.7428302765,80.198600769,43757,43767,10
12.7439603806,80.1998977661,43767,43777,10
12.7452001572,80.2010498047,43777,43787,10
12.7467403412,80.2018280029,43787,43797,10
12.7482995987,80.20262146,43797,43807,10
12.7498102188,80.2034072876,43807,43818,11
12.7513799667,80.204208374,43818,43828,10
12.7528295517,80.2049484253,43828,43838,10
12.7543897629,80.2058029175,43838,43848,10
12.7560396194,80.2066802979,43848,43858,10
12.757610321,80.2075500488,43858,43868,10
12.759059906,80.2083511353,43868,43878,10
12.760310173,80.2090301514,43878,43888,10
12.7616195679,80.2097091675,43888,43899,11
12.7632198334,80.2103729248,43899,43909,10
12.7647199631,80.2109375,43909,43919,10
12.7661399841,80.2114486694,43919,43929,10
12.7676000595,80.2119598389,43929,43939,10
12.7690896988,80.2125167847,43939,43949,10
12.7704496384,80.2130126953,43949,43959,10
12.7715902328,80.2133789063,43959,43969,10
12.7720499039,80.2135391235,43969,43980,11
12.7722396851,80.2136230469,43980,43990,10
12.7729597092,80.2138900757,43990,44000,10
12.7740802765,80.2143478394,44000,44010,10
12.7755002975,80.2149200439,44010,44020,10
12.7769899368,80.2155303955,44020,44030,10
12.7784700394,80.2161636353,44030,44040,10
12.7798099518,80.2168579102,44040,44050,10
12.7809495926,80.2174911499,44050,44061,11
12.7823400497,80.21824646,44061,44071,10
12.7835798264,80.2189331055,44071,44081,10
12.7845497131,80.2194366455,44081,44091,10
12.7852802277,80.2198486328,44091,44101,10
12.7858104706,80.220123291,44101,44111,10
12.7860202789,80.2202224731,44111,44121,10
12.7862300873,80.2203216553,44121,44130,9
12.786450386,80.2204284668,44130,44142,12
12.7864599228,80.2204284668,44142,44152,10
12.7867002487,80.2205505371,44152,44162,10
12.787229538,80.2207183838,44162,44172,10
12.7878704071,80.2209396362,44172,44182,10
12.7886800766,80.2212295532,44182,44192,10
12.789440155,80.221496582,44192,44202,10
12.7899398804,80.2217025757,44202,44212,10
12.7908496857,80.2219390869,44212,44223,11
12.7920303345,80.2222518921,44223,44233,10
12.7932100296,80.2224731445,44233,44243,10
12.7945098877,80.2226715088,44243,44253,10
12.7957201004,80.222869873,44253,44263,10
12.7967596054,80.2230606079,44263,44273,10
12.7980098724,80.2232437134,44273,44283,10
12.7993602753,80.2233581543,44283,44294,11
12.8005399704,80.2234725952,44294,44304,10
12.8012199402,80.2235412598,44304,44314,10
12.8020200729,80.2236328125,44314,44324,10
12.8028697968,80.2237625122,44324,44334,10
12.8037204742,80.2238464355,44334,44344,10
12.804599762,80.2239227295,44344,44354,10
12.8053302765,80.2240524292,44354,44364,10
12.8055896759,80.2241363525,44364,44375,11
12.8058004379,80.2242736816,44375,44385,10
12.8064098358,80.2247924805,44385,44395,10
12.8072500229,80.2255325317,44395,44405,10
12.8081798553,80.2263336182,44405,44415,10
12.8092098236,80.2271575928,44415,44425,10
12.8103399277,80.2277069092,44425,44435,10
12.8112401962,80.2281036377,44435,44445,10
12.8121700287,80.2284469604,44445,44456,11
12.8135004044,80.2289123535,44456,44466,10
12.814620018,80.2292098999,44466,44476,10
12.8158597946,80.2293624878,44476,44486,10
12.8172197342,80.2296600342,44486,44496,10
12.8184499741,80.2302322388,44496,44506,10
12.8194999695,80.2304534912,44506,44516,10
12.820520401,80.2304382324,44516,44526,10
12.8214302063,80.23046875,44526,44537,11
12.8226604462,80.2307434082,44537,44547,10
12.8238096237,80.2310791016,44547,44557,10
12.8248500824,80.231338501,44557,44567,10
12.8260602951,80.231338501,44567,44577,10
12.8271598816,80.2311706543,44577,44587,10
12.8281602859,80.2306518555,44587,44597,10
12.829199791,80.2300872803,44597,44606,9
12.8301000595,80.2297363281,44606,44618,12
12.8309602737,80.2293930054,44618,44628,10
12.8310804367,80.2293624878,44628,44638,10
12.8316001892,80.2292175293,44638,44648,10
12.8324298859,80.2290267944,44648,44658,10
12.8336200714,80.2288131714,44658,44668,10
12.8350095749,80.2285614014,44668,44678,10
12.8365001678,80.2283401489,44678,44688,10
12.8378896713,80.2281112671,44688,44699,11
12.8390102386,80.2278289795,44699,44709,10
12.8394603729,80.2276916504,44709,44719,10
12.839509964,80.2276611328,44719,44729,10
12.8399000168,80.2275390625,44729,44739,10
12.840760231,80.2273330688,44739,44749,10
12.8419504166,80.2270278931,44749,44759,10
12.8432397842,80.2267913818,44759,44769,10
12.8444900513,80.2266235352,44769,44780,11
12.8454399109,80.2265472412,44780,44790,10
12.8454799652,80.2265472412,44790,44800,10
12.8459396362,80.2265625,44800,44810,10
12.8468198776,80.2265472412,44810,44820,10
12.8479700089,80.2265396118,44820,44830,10
12.8492898941,80.2265396118,44830,44840,10
12.8505897522,80.2265396118,44840,44850,10
12.8520097733,80.2266082764,44850,44861,11
12.8535699844,80.2266387939,44861,44871,10
12.8550796509,80.2264709473,44871,44881,10
12.8565502167,80.2263031006,44881,44891,10
12.8579502106,80.2261581421,44891,44901,10
12.8590097427,80.2262573242,44901,44911,10
12.8601903915,80.2264328003,44911,44921,10
12.8613796234,80.2265167236,44921,44932,11
12.8629198074,80.2264633179,44932,44942,10
12.8643798828,80.2265014648,44942,44952,10
12.8658800125,80.2265396118,44952,44962,10
12.8673496246,80.2264175415,44962,44972,10
12.8687896729,80.2263565063,44972,44982,10
12.8701095581,80.2265167236,44982,44992,10
12.8712701797,80.2266082764,44992,45002,10
12.8722200394,80.2266311646,45002,45013,11
12.8728399277,80.2266311646,45013,45023,10
12.8729000092,80.2266387939,45023,45033,10
12.8733797073,80.2266693115,45033,45043,10
12.8742599487,80.2267532349,45043,45053,10
12.8753204346,80.2268981934,45053,45063,10
12.876159668,80.2269287109,45063,45073,10
12.876660347,80.2268829346,45073,45083,10
12.8767004013,80.2268829346,45083,45094,11
12.8768396378,80.2268600464,45094,45104,10
12.8774299622,80.2268295288,45104,45114,10
12.8783597946,80.2267608643,45114,45124,10
12.8794803619,80.2266998291,45124,45134,10
12.8807201385,80.2266769409,45134,45144,10
12.882060051,80.2266769409,45144,45154,10
12.8833799362,80.2266693115,45154,45164,10
12.8844299316,80.2266387939,45164,45175,11
12.8851699829,80.2266387939,45175,45185,10
12.8853197098,80.2266616821,45185,45195,10
12.885890007,80.2267990112,45195,45205,10
12.8868198395,80.2270584106,45205,45215,10
12.8879995346,80.2272491455,45215,45225,10
12.8892297745,80.2273101807,45225,45235,10
12.8904600143,80.2273178101,45235,45245,10
12.8917398453,80.2273025513,45245,45256,11
12.8925695419,80.2273635864,45256,45266,10
12.8933000565,80.2274475098,45266,45276,10
12.8943395615,80.2275619507,45276,45286,10
12.8955097198,80.2276229858,45286,45296,10
12.8968601227,80.2276687622,45296,45306,10
12.8981599808,80.2277374268,45306,45316,10
12.8993597031,80.2277984619,45316,45326,10
12.9006204605,80.2278823853,45326,45367,41
12.9006204605,80.2278823853,45367,45377,10
12.900850296,80.2279510498,45377,45387,10
12.9011096954,80.2279281616,45387,45397,10
12.9015197754,80.2279815674,45397,45408,11
12.902299881,80.2279815674,45408,45418,10
12.9024600983,80.2279891968,45418,45428,10
12.9029302597,80.2280426025,45428,45438,10
12.9037599564,80.2280807495,45438,45448,10
12.9046602249,80.2281265259,45448,45458,10
12.9053401947,80.2281723022,45458,45468,10
12.9059400558,80.228187561,45468,45478,10
12.90625,80.2282333374,45478,45519,41
12.90625,80.2282333374,45519,45529,10
12.9064502716,80.2282180786,45529,45539,10
12.9068498611,80.2282409668,45539,45549,10
12.9073600769,80.2283172607,45549,45559,10
12.9082698822,80.2284622192,45559,45570,11
12.9093999863,80.2286376953,45570,45580,10
12.9107398987,80.2288284302,45580,45590,10
12.9119796753,80.2290267944,45590,45600,10
12.9132204056,80.2292022705,45600,45610,10
12.9139499664,80.2292709351,45610,45620,10
12.9139699936,80.2292785645,45620,45630,10
12.9144001007,80.2293701172,45630,45640,10
12.9152202606,80.2294769287,45640,45651,11
12.9164800644,80.2296829224,45651,45661,10
12.9174699783,80.2298278809,45661,45671,10
12.9181995392,80.2298965454,45671,45681,10
12.9192495346,80.2300262451,45681,45691,10
12.9205703735,80.23021698,45691,45701,10
12.9217195511,80.2303619385,45701,45711,10
12.9233398438,80.2305984497,45711,45721,10
12.9246397018,80.2307815552,45721,45732,11
12.9259004593,80.2309417725,45732,45742,10
12.9267301559,80.2310028076,45742,45752,10
12.9268598557,80.2310180664,45752,45762,10
12.927189827,80.2310562134,45762,45772,10
12.9278297424,80.2311401367,45772,45782,10
12.9289398193,80.2313079834,45782,45792,10
12.9299297333,80.2315292358,45792,45802,10
12.9310102463,80.2318191528,45802,45813,11
12.9322500229,80.2322006226,45813,45823,10
12.9332103729,80.2325363159,45823,45833,10
12.9335603714,80.232711792,45833,45843,10
12.9337797165,80.2328414917,45843,45853,10
12.9341402054,80.2330093384,45853,45863,10
12.9349899292,80.2333984375,45863,45873,10
12.9361000061,80.2339096069,45873,45884,11
12.9374103546,80.2345275879,45884,45894,10
12.9386501312,80.2351303101,45894,45904,10
12.9394598007,80.2355422974,45904,45914,10
12.9397602081,80.2356796265,45914,45924,10
12.9398698807,80.2357330322,45924,45934,10
12.9403095245,80.2359008789,45934,45944,10
12.9414596558,80.2361907959,45944,45954,10
12.9426202774,80.236541748,45954,45965,11
12.9435796738,80.2372970581,45965,45975,10
12.9443502426,80.2382125854,45975,45985,10
12.9452695847,80.2391433716,45985,45995,10
12.9463996887,80.239692688,45995,46005,10
12.9472198486,80.2400131226,46005,46015,10
12.9474601746,80.2400588989,46015,46025,10
12.9476995468,80.2401580811,46025,46035,10
12.9483995438,80.2404327393,46035,46046,11
12.9487199783,80.2405090332,46046,46056,10
12.9490203857,80.2406616211,46056,46066,10
12.9497003555,80.2409210205,46066,46076,10
12.9506597519,80.2412261963,46076,46086,10
12.9513502121,80.2414398193,46086,46096,10
12.951379776,80.2414474487,46096,46106,10
12.9517297745,80.2416000366,46106,46116,10
12.9524803162,80.2418518066,46116,46127,11
12.9535799026,80.2422790527,46127,46137,10
12.9546403885,80.2426986694,46137,46147,10
12.9553804398,80.242980957,46147,46157,10
12.9562101364,80.2432785034,46157,46167,10
12.9564800262,80.2433700562,46167,46177,10
12.9572000504,80.2436904907,46177,46187,10
12.9580097198,80.2440490723,46187,46197,10
12.9586296082,80.2443313599,46197,46208,11
12.9588003159,80.244430542,46208,46218,10
12.9591798782,80.2446289063,46218,46228,10
12.9597396851,80.2449035645,46228,46238,10
12.9606304169,80.245300293,46238,46248,10
12.9617395401,80.2458190918,46248,46258,10
12.9629602432,80.2464523315,46258,46278,20
12.9629602432,80.2464523315,46278,46289,11
12.9632902145,80.2466888428,46289,46299,10
12.963760376,80.2468795776,46299,46309,10
12.9642000198,80.2470092773,46309,46319,10
12.9650201797,80.2472763062,46319,46329,10
12.965959549,80.2476196289,46329,46339,10
12.9666996002,80.2479019165,46339,46359,20
12.9666996002,80.2479019165,46359,46370,11
12.9668598175,80.248008728,46370,46380,10
12.9672603607,80.2481994629,46380,46390,10
12.9681396484,80.2485427856,46390,46400,10
12.9692001343,80.2489929199,46400,46410,10
12.9703798294,80.2494277954,46410,46420,10
12.9716997147,80.2498168945,46420,46430,10
12.9729795456,80.2501602173,46430,46441,11
12.9739904404,80.2504425049,46441,46451,10
12.9750204086,80.2507629395,46451,46461,10
12.9762601852,80.2510986328,46461,46471,10
12.9774398804,80.2515029907,46471,46481,10
12.9785003662,80.2523117065,46481,46501,20
12.9785003662,80.2523117065,46501,46511,10
12.978679657,80.2524185181,46511,46592,81
12.978679657,80.2524185181,46592,46603,11
12.9789400101,80.252532959,46603,46613,10
12.9794101715,80.2526016235,46613,46623,10
12.9796895981,80.2526321411,46623,46714,91
12.9796895981,80.2526321411,46714,46724,10
12.9797697067,80.2527313232,46724,46734,10
12.9800796509,80.2527389526,46734,46744,10
12.980799675,80.2527084351,46744,46754,10
12.9812602997,80.2526397705,46754,46765,11
12.9813995361,80.2526321411,46765,46775,10
12.9817695618,80.2526016235,46775,46785,10
12.9820604324,80.2525787354,46785,46805,20
12.9820604324,80.2525787354,46805,46815,10
12.9823598862,80.2525482178,46815,46825,10
12.9824199677,80.2525405884,46825,46836,11
12.98279953,80.2525100708,46836,46846,10
12.9830598831,80.2524871826,46846,46856,10
12.98320961,80.2524795532,46856,46866,10
12.9834098816,80.2524719238,46866,46876,10
12.9838104248,80.2523803711,46876,46886,10
12.9846200943,80.2521591187,46886,46896,10
12.9854898453,80.2518997192,46896,47038,142
12.9856796265,80.2518310547,47038,47079,41
12.9860601425,80.2517166138,47079,47109,30
12.9860601425,80.2517166138,47109,47119,10
12.986410141,80.2516403198,47119,47129,10
12.9870996475,80.2514572144,47129,47139,10
12.987830162,80.2512969971,47139,47149,10
12.9886302948,80.251121521,47149,47160,11
12.9895000458,80.2509002686,47160,47170,10
12.9895896912,80.250869751,47170,47180,10
12.989780426,80.250869751,47180,47190,10
12.9904203415,80.2507324219,47190,47200,10
12.9913396835,80.2504730225,47200,47210,10
12.9926300049,80.2501373291,47210,47220,10
12.9940700531,80.2497634888,47220,47231,11
12.995470047,80.2493896484,47231,47241,10
12.9965400696,80.2491607666,47241,47251,10
12.9966802597,80.249130249,47251,47261,10
12.9970397949,80.2490463257,47261,47271,10
12.9977798462,80.2488632202,47271,47281,10
12.998749733,80.248550415,47281,47291,10
12.9999198914,80.2482070923,47291,47301,10
13.001159668,80.2479324341,47301,47312,11
13.0023403168,80.2476501465,47312,47322,10
13.0034799576,80.247428894,47322,47332,10
13.0046195984,80.2472991943,47332,47342,10
13.0056695938,80.2472076416,47342,47352,10
13.006529808,80.2464599609,47352,47372,20
13.006529808,80.2464599609,47372,47382,10
13.0066299438,80.2460021973,47382,47393,11
13.0066404343,80.2451629639,47393,47403,10
13.0065803528,80.2444534302,47403,47413,10
13.0065698624,80.2439422607,47413,47423,10
13.0065898895,80.2437133789,47423,47433,10
13.0065603256,80.2431182861,47433,47443,10
13.0065402985,80.2422027588,47443,47453,10
13.0065498352,80.2412719727,47453,47463,10
13.0067300797,80.2404174805,47463,47484,21
13.0067300797,80.2404174805,47484,47494,10
13.0067396164,80.2400817871,47494,47504,10
13.0069799423,80.2393188477,47504,47514,10
13.0071601868,80.2382507324,47514,47524,10
13.0073699951,80.2372817993,47524,47534,10
13.0074300766,80.2366867065,47534,47544,10
13.0074300766,80.2366790771,47544,47555,11
13.0075902939,80.2362136841,47555,47565,10
13.0077600479,80.2353820801,47565,47575,10
13.0079097748,80.2345581055,47575,47585,10
13.0081195831,80.2335891724,47585,47595,10
13.0083799362,80.2323303223,47595,47605,10
13.0086097717,80.231086731,47605,47615,10
13.0088596344,80.2297973633,47615,47625,10
13.0090904236,80.2286834717,47625,47636,11
13.0095100403,80.2274169922,47636,47646,10
13.0099802017,80.2265014648,47646,47656,10
13.0103902817,80.2257995605,47656,47666,10
13.0106401443,80.2252502441,47666,47676,10
13.0108098984,80.2247924805,47676,47686,10
13.0110702515,80.2242126465,47686,47696,10
13.0113897324,80.2234115601,47696,47706,10
13.011759758,80.2223968506,47706,47717,11
13.0122203827,80.2214736938,47717,47727,10
13.0125398636,80.2218093872,47727,47737,10
13.013010025,80.2223892212,47737,47747,10
13.0135402679,80.2230377197,47747,47757,10
13.0140695572,80.2236175537,47757,47767,10
13.0144996643,80.2239837646,47767,47777,10
13.0155601501,80.2250366211,47777,47818,41
13.0155601501,80.2250366211,47818,47828,10
13.0157003403,80.2253036499,47828,47838,10
13.0161304474,80.2254180908,47838,47848,10
13.0169095993,80.2251968384,47848,47858,10
13.017829895,80.224822998,47858,47869,11
13.0188598633,80.2244110107,47869,47879,10
13.0195903778,80.2244491577,47879,47889,10
13.0196800232,80.2244796753,47889,47899,10
13.0197896957,80.2245788574,47899,47909,10
13.0201797485,80.2248764038,47909,47919,10
13.0208396912,80.2253417969,47919,47929,10
13.0214996338,80.2258529663,47929,47939,10
13.0224704742,80.2265701294,47939,47970,31
13.0224704742,80.2265701294,47970,47980,10
13.0226297379,80.2267379761,47980,47990,10
13.0228996277,80.2270126343,47990,48000,10
13.0233697891,80.2274475098,48000,48010,10
13.0238704681,80.2279281616,48010,48020,10
13.0242004395,80.2283935547,48020,48031,11
13.0242996216,80.2285003662,48031,48041,10
13.0243797302,80.2286224365,48041,48051,10
13.0247402191,80.2291107178,48051,48061,10
13.0252199173,80.2296981812,48061,48071,10
13.0256996155,80.2304763794,48071,48081,10
13.0259599686,80.2311096191,48081,48091,10
13.026140213,80.2317504883,48091,48101,10
13.0265197754,80.2328262329,48101,48152,51
13.0265197754,80.2328262329,48152,48162,10
13.0266799927,80.2332611084,48162,48172,10
13.0270700455,80.2338790894,48172,48182,10
13.0275602341,80.2346878052,48182,48193,11
13.0281801224,80.2356796265,48193,48203,10
13.0289201736,80.2364730835,48203,48213,10
13.029589653,80.2372436523,48213,48243,30
13.029589653,80.2372436523,48243,48253,10
13.0296602249,80.237487793,48253,48263,10
13.0298900604,80.2377929688,48263,48274,11
13.0301799774,80.2382736206,48274,48284,10
13.0304603577,80.2387466431,48284,48294,10
13.0306396484,80.2390289307,48294,48304,10
13.0308704376,80.2394104004,48304,48314,10
13.031080246,80.2398071289,48314,48324,10
13.0311803818,80.2399597168,48324,48334,10
13.0313196182,80.2401275635,48334,48345,11
13.0313596725,80.2405395508,48345,48355,10
13.0314302444,80.2408218384,48355,48365,10
13.0316400528,80.2412185669,48365,48375,10
13.031920433,80.2418212891,48375,48385,10
13.0324401855,80.24243927,48385,48395,10
13.0329904556,80.2432632446,48395,48405,10
13.0335197449,80.2441864014,48405,48456,51
13.0335197449,80.2441864014,48456,48466,10
13.0335597992,80.2445220947,48466,48496,30
13.0337696075,80.244720459,48496,48577,81
13.0340595245,80.2449111938,48577,48659,82
13.0340595245,80.2449111938,48659,48669,10
13.0342702866,80.2450332642,48669,48689,20
13.0342702866,80.2450332642,48689,48699,10
13.0344200134,80.2452468872,48699,48709,10
13.0344800949,80.245300293,48709,48719,10
13.0346803665,80.2455062866,48719,48760,41
13.0346803665,80.2455062866,48760,48770,10
13.0348596573,80.2458114624,48770,48780,10
13.0348701477,80.2458114624,48780,48790,10
13.0351800919,80.2460174561,48790,48800,10
13.0357904434,80.2462615967,48800,48841,41
13.0357904434,80.2462615967,48841,48851,10
13.0359802246,80.2463226318,48851,48861,10
13.0362701416,80.2464065552,48861,48871,10
13.0369796753,80.2465286255,48871,48881,10
13.0375995636,80.2464523315,48881,48891,10
13.0385198593,80.2467269897,48891,48922,31
13.0385198593,80.2467269897,48922,48932,10
13.0387296677,80.2469482422,48932,49074,142
13.0387296677,80.2469482422,49074,49084,10
13.0390300751,80.2470703125,49084,49094,10
13.0393600464,80.2471008301,49094,49104,10
13.0399103165,80.2471618652,49104,49114,10
13.040719986,80.2472381592,49114,49124,10
13.0417003632,80.2473983765,49124,49135,11
13.0423498154,80.2475891113,49135,49145,10
13.0430202484,80.2477798462,49145,49155,10
13.0436897278,80.2478637695,49155,49165,10
13.0443201065,80.2479019165,49165,49175,10
13.0449304581,80.248008728,49175,49185,10
13.0454597473,80.2482833862,49185,49195,10
13.0461397171,80.2485122681,49195,49205,10
13.0469999313,80.2484512329,49205,49246,41
13.0469999313,80.2484512329,49246,49256,10
13.0471200943,80.2486801147,49256,49266,10
13.0474796295,80.248878479,49266,49276,10
13.0479602814,80.2492980957,49276,49286,10
13.0484600067,80.2496871948,49286,49297,11
13.0491199493,80.2498321533,49297,49307,10
13.0497999191,80.249961853,49307,49317,10
13.0507802963,80.2500762939,49317,49327,10
13.0515403748,80.2503128052,49327,49337,10
13.0521402359,80.2507781982,49337,49347,10
13.0526399612,80.2514190674,49347,49357,10
13.0531196594,80.2520675659,49357,49367,10
13.0535898209,80.2527084351,49367,49378,11
13.054019928,80.2532806396,49378,49388,10
13.0543804169,80.2537689209,49388,49398,10
13.0545597076,80.2540283203,49398,49408,10
13.054690361,80.2542037964,49408,49418,10
13.0548400879,80.2543792725,49418,49428,10
13.0550003052,80.2545776367,49428,49438,10
13.0551795959,80.2547988892,49438,49448,10
13.055439949,80.2551727295,49448,49459,11
13.055680275,80.2555465698,49459,49469,10
13.0560503006,80.2560577393,49469,49479,10
13.0563697815,80.2564315796,49479,49489,10
13.0567798615,80.2568206787,49489,49499,10
13.0573196411,80.2573394775,49499,49509,10
13.0576000214,80.2577133179,49509,49519,10
13.0578603745,80.2578811646,49519,49529,10
13.0581903458,80.2582778931,49529,49540,11
13.0586004257,80.2587890625,49540,49550,10
13.0589704514,80.2591934204,49550,49560,10
13.0592403412,80.259727478,49560,49570,10
13.0597400665,80.2601699829,49570,49580,10
13.0603303909,80.2607269287,49580,49590,10
13.0607299805,80.2613220215,49590,49600,10
13.0607795715,80.2614517212,49600,49610,10
13.0607595444,80.2615966797,49610,49621,11
13.0607700348,80.2617416382,49621,49631,10
13.0610799789,80.2619781494,49631,49641,10
13.0614700317,80.2623977661,49641,49651,10
13.0618495941,80.262878418,49651,49661,10
13.062379837,80.2634963989,49661,49671,10
13.0627698898,80.2639083862,49671,49681,10
13.0631999969,80.2643814087,49681,49692,11
13.0636301041,80.2650222778,49692,49702,10
13.0637302399,80.2651519775,49702,49712,10
13.0638399124,80.2653198242,49712,49722,10
13.0639600754,80.2655029297,49722,49732,10
13.0641803741,80.2657699585,49732,49742,10
13.0642900467,80.2659225464,49742,49752,10
13.0643100739,80.2659378052,49752,49762,10
13.0645599365,80.2661437988,49762,49773,11
13.0646800995,80.2663269043,49773,49783,10
13.0649003983,80.2666091919,49783,49793,10
13.0655298233,80.2671585083,49793,49813,20
13.0655298233,80.2671585083,49813,49823,10
13.0655202866,80.2673416138,49823,49833,10
13.0657997131,80.2676696777,49833,49843,10
13.0661001205,80.2680435181,49843,49854,11
13.0663795471,80.2683181763,49854,49864,10
13.0666503906,80.2684402466,49864,49874,10
13.0670099258,80.2686920166,49874,49884,10
13.0676202774,80.2690734863,49884,49894,10
13.0680999756,80.2693862915,49894,49904,10
13.0682201385,80.2695465088,49904,49914,10
13.0682201385,80.2701263428,49914,49924,10
13.0681800842,80.2705307007,49924,49935,11
13.0681200027,80.2710418701,49935,49945,10
13.0682201385,80.2714691162,49945,49955,10
13.0685796738,80.2717971802,49955,49965,10
13.069149971,80.2720489502,49965,49975,10
13.069729805,80.2726669312,49975,49985,10
13.0702295303,80.2733078003,49985,49995,10
13.0710000992,80.2740783691,49995,50016,21
13.0710000992,80.2740783691,50016,50026,10
13.0712795258,80.2741622925,50026,50036,10
13.0718898773,80.2745132446,50036,50046,10
13.0724897385,80.2751312256,50046,50056,10
13.0730304718,80.275680542,50056,50066,10
13.0734500885,80.2761001587,50066,50076,10
13.0740499496,80.2763214111,50076,50087,11
13.0748996735,80.2763214111,50087,50097,10
13.0758600235,80.276222229,50097,50117,20
13.0758600235,80.276222229,50117,50127,10
13.0759601593,80.2760467529,50127,50137,10
13.0760002136,80.2755584717,50137,50147,10
13.0760402679,80.2747421265,50147,50289,142
13.0760402679,80.2747421265,50289,50299,10
13.0759401321,80.2746429443,50299,50309,10
13.0759000778,80.2751235962,50309,50319,10
13.0759401321,80.2759780884,50319,53135,2816
13.0759401321,80.2759780884,53135,53146,11
13.0756196976,80.2763214111,53146,53156,10
13.0749502182,80.2763366699,53156,53166,10
13.0739898682,80.2763977051,53166,53227,61
13.0739898682,80.2763977051,53227,53237,10
13.0735998154,80.2764434814,53237,53247,10
13.0730800629,80.2759170532,53247,53257,10
13.0724496841,80.2752227783,53257,53267,10
13.0719404221,80.2747192383,53267,53287,20
13.0719404221,80.2747192383,53287,53298,11
13.0717802048,80.2746200562,53298,53308,10
13.0711803436,80.2744674683,53308,53318,10
13.0706796646,80.2741622925,53318,53328,10
13.0706195831,80.2740783691,53328,53338,10
13.0704803467,80.2736968994,53338,53348,10
13.0701904297,80.2732620239,53348,53358,10
13.0697498322,80.2727813721,53358,53368,10
13.069319725,80.2723007202,53368,53379,11
13.0687999725,80.2719116211,53379,53389,10
13.0682296753,80.2716293335,53389,53399,10
13.0679798126,80.2711715698,53399,53419,20
13.0679798126,80.2711715698,53419,53429,10
13.0678195953,80.2707977295,53429,53439,10
13.06731987,80.2703018188,53439,53449,10
13.0667200089,80.2697067261,53449,53460,11
13.0665302277,80.2691421509,53460,53470,10
13.0664196014,80.2686004639,53470,53480,10
13.066160202,80.2681121826,53480,53490,10
13.0658502579,80.2677307129,53490,53500,10
13.0657997131,80.2676925659,53500,53510,10
13.0654296875,80.2675704956,53510,53530,20
13.0654296875,80.2675704956,53530,53541,11
13.065079689,80.2675094604,53541,53551,10
13.0644197464,80.2674026489,53551,53561,10
13.0638399124,80.2673187256,53561,53571,10
13.0632801056,80.2671966553,53571,53581,10
13.0631303787,80.2671966553,53581,53591,10
13.0628004074,80.2671432495,53591,53601,10
13.0625696182,80.2668685913,53601,53611,10
13.0623397827,80.2665634155,53611,53622,11
13.0619001389,80.2660522461,53622,53632,10
13.0614299774,80.2654724121,53632,53642,10
13.0611095428,80.2651062012,53642,53652,10
13.0608100891,80.2651519775,53652,53662,10
13.0604400635,80.2654190063,53662,53672,10
13.060379982,80.2654571533,53672,53682,10
13.0602197647,80.2655181885,53682,53693,11
13.0595903397,80.2655715942,53693,53703,10
13.0591897964,80.2655105591,53703,53713,10
13.0586204529,80.265411377,53713,53723,10
13.0581598282,80.2650222778,53723,53733,10
13.0580101013,80.2641830444,53733,53743,10
13.0578699112,80.2633895874,53743,53753,10
13.0578203201,80.2625732422,53753,53763,10
13.0577201843,80.2619934082,53763,53774,11
13.0576000214,80.2613601685,53774,53784,10
13.0574502945,80.2607498169,53784,53794,10
13.0572004318,80.2599411011,53794,53804,10
13.0569601059,80.259262085,53804,53814,10
13.0567703247,80.2586517334,53814,53824,10
13.0566196442,80.2580184937,53824,53834,10
13.0565299988,80.2574996948,53834,53844,10
13.0564403534,80.2571868896,53844,53855,11
13.0564203262,80.2569732666,53855,53865,10
13.0563201904,80.2565612793,53865,53875,10
13.056139946,80.2561721802,53875,53885,10
13.0556898117,80.2555236816,53885,53895,10
13.0551099777,80.254699707,53895,53905,10
13.0545902252,80.2540206909,53905,53915,10
13.0542898178,80.2536087036,53915,53925,10
13.0541801453,80.2534408569,53925,53936,11
13.0540399551,80.2532196045,53936,53946,10
13.0538902283,80.253036499,53946,53956,10
13.0537004471,80.2527618408,53956,53966,10
13.0533704758,80.2523193359,53966,53976,10
13.0529003143,80.2516937256,53976,53986,10
13.0524501801,80.2510910034,53986,53996,10
13.0519695282,80.250541687,53996,54006,10
13.051320076,80.2501220703,54006,54017,11
13.050330162,80.2498931885,54017,54027,10
13.0494699478,80.2497406006,54027,54037,10
13.048789978,80.2496795654,54037,54047,10
13.0480203629,80.2492523193,54047,54057,10
13.0472602844,80.2486419678,54057,54067,10
13.0468997955,80.2485580444,54067,54077,10
13.0467100143,80.2484970093,54077,54087,10
13.0459804535,80.2483520508,54087,54098,11
13.0451402664,80.2480621338,54098,54108,10
13.0443696976,80.2479171753,54108,54118,10
13.0438203812,80.247833252,54118,54128,10
13.0433197021,80.2478027344,54128,54138,10
13.0426397324,80.2476806641,54138,54148,10
13.0418596268,80.2474975586,54148,54158,10
13.0411195755,80.2473297119,54158,54168,10
13.0405302048,80.2472229004,54168,54179,11
13.0399999619,80.2471237183,54179,54189,10
13.0396995544,80.2470626831,54189,54199,10
13.0392799377,80.2469024658,54199,54209,10
13.0387201309,80.2467575073,54209,54219,10
13.038359642,80.2467193604,54219,54229,10
13.0380001068,80.2466812134,54229,54239,10
13.0374202728,80.2465820313,54239,54250,11
13.0368499756,80.2464675903,54250,54260,10
13.0366001129,80.246421814,54260,54270,10
13.0362596512,80.2463378906,54270,54280,10
13.035320282,80.2460021973,54280,54310,30
13.035320282,80.2460021973,54310,54320,10
13.0349998474,80.2457580566,54320,54331,11
13.0346803665,80.2454299927,54331,54341,10
13.0342903137,80.2449035645,54341,54351,10
13.0336999893,80.244178772,54351,54361,10
13.0329198837,80.2432098389,54361,54371,10
13.0323801041,80.2424468994,54371,54381,10
13.0319299698,80.2418212891,54381,54391,10
13.0316200256,80.2411193848,54391,54401,10
13.0312795639,80.2403488159,54401,54412,11
13.0309200287,80.2395706177,54412,54422,10
13.0304498672,80.2387008667,54422,54432,10
13.0299100876,80.237739563,54432,54442,10
13.0293798447,80.2369308472,54442,54452,10
13.0289697647,80.2366104126,54452,54462,10
13.028719902,80.2363433838,54462,54472,10
13.0281801224,80.2357177734,54472,54482,10
13.027680397,80.2349777222,54482,54493,11
13.0271596909,80.2341003418,54493,54503,10
13.0268297195,80.2335510254,54503,54513,10
13.0267496109,80.2333984375,54513,54523,10
13.026599884,80.2331924438,54523,54533,10
13.0263700485,80.2327423096,54533,54543,10
13.0262002945,80.2322006226,54543,54553,10
13.0261898041,80.2320632935,54553,54563,10
13.0261802673,80.231918335,54563,54574,11
13.0260400772,80.2313690186,54574,54584,10
13.0258598328,80.2307128906,54584,54594,10
13.0254402161,80.2299804688,54594,54604,10
13.0249900818,80.2294311523,54604,54614,10
13.0247001648,80.2290725708,54614,54624,10
13.0243701935,80.2286376953,54624,54634,10
13.0239295959,80.2280731201,54634,54644,10
13.0233001709,80.2275009155,54644,54665,21
13.0233001709,80.2275009155,54665,54675,10
13.0231599808,80.2273330688,54675,54685,10
13.0227403641,80.2269134521,54685,54695,10
13.0220603943,80.2263183594,54695,54705,10
13.0212497711,80.225692749,54705,54715,10
13.0204401016,80.2250823975,54715,54726,11
13.0201501846,80.2248764038,54726,54736,10
13.0198602676,80.2246932983,54736,54746,10
13.0192098618,80.2244033813,54746,54756,10
13.0183401108,80.224609375,54756,54766,10
13.0174198151,80.2249984741,54766,54776,10
13.0167598724,80.2252883911,54776,54786,10
13.0162496567,80.2255172729,54786,54796,10
13.0156002045,80.2257080078,54796,54807,11
13.0149698257,80.2259902954,54807,54817,10
13.0149297714,80.226020813,54817,54827,10
13.0146303177,80.2261505127,54827,54837,10
13.0142097473,80.226272583,54837,54847,10
13.0139904022,80.226348877,54847,54857,10
13.0134000778,80.2265701294,54857,54867,10
13.0126495361,80.2268829346,54867,54877,10
13.0117397308,80.2272415161,54877,54888,11
13.0106496811,80.2276763916,54888,54898,10
13.0096797943,80.2280807495,54898,54908,10
13.0090398788,80.228767395,54908,54918,10
13.0088500977,80.2299194336,54918,54928,10
13.0085897446,80.2312927246,54928,54938,10
13.0083398819,80.2325210571,54938,54948,10
13.0081996918,80.2335205078,54948,54958,10
13.0081501007,80.2336807251,54958,54969,11
13.0080604553,80.2340393066,54969,54979,10
13.007900238,80.2348709106,54979,54989,10
13.0077104568,80.2358703613,54989,54999,10
13.0074701309,80.2370376587,54999,55009,10
13.007229805,80.2382125854,55009,55019,10
13.0070199966,80.2393417358,55019,55029,10
13.006819725,80.2402496338,55029,55039,10
13.0066604614,80.2411499023,55039,55050,11
13.0066299438,80.2420806885,55050,55060,10
13.0066404343,80.243057251,55060,55070,10
13.0066099167,80.2441177368,55070,55080,10
13.0066099167,80.2451324463,55080,55090,10
13.006649971,80.2457885742,55090,55110,20
13.006649971,80.2457885742,55110,55120,10
13.0066795349,80.2462921143,55120,55131,11
13.0066795349,80.2467498779,55131,55141,10
13.0066404343,80.2473220825,55141,55151,10
13.0063400269,80.2474365234,55151,55171,20
13.0063400269,80.2474365234,55171,55181,10
13.005979538,80.2473602295,55181,55191,10
13.0051498413,80.2473373413,55191,55201,10
13.0040502548,80.2474365234,55201,55212,11
13.0027599335,80.2476577759,55212,55222,10
13.0015802383,80.2479324341,55222,55232,10
13.0001802444,80.2482910156,55232,55242,10
12.9987096786,80.2486801147,55242,55252,10
12.9972000122,80.2490463257,55252,55262,10
12.9959602356,80.2493515015,55262,55272,10
12.9946899414,80.2496795654,55272,55283,11
12.9933595657,80.2500305176,55283,55293,10
12.992099762,80.2503509521,55293,55303,10
12.9911699295,80.250617981,55303,55313,10
12.9910001755,80.2506408691,55313,55323,10
12.9904003143,80.2507629395,55323,55333,10
12.9894199371,80.2509918213,55333,55343,10
12.9882202148,80.2513427734,55343,55434,91
12.9882202148,80.2513427734,55434,55445,11
12.9882001877,80.2513427734,55445,55455,10
12.9879703522,80.2513809204,55455,55465,10
12.9875402451,80.2514801025,55465,55475,10
12.9870004654,80.2516479492,55475,55485,10
12.9865398407,80.2517776489,55485,55495,10
12.9863595963,80.2518234253,55495,55505,10
12.9862604141,80.2518234253,55505,55515,10
12.9856395721,80.251991272,55515,55526,11
12.9844398499,80.2523117065,55526,55536,10
12.9830999374,80.2526168823,55536,55546,10
12.981760025,80.2526779175,55546,55556,10
12.980629921,80.2527236938,55556,55566,10
12.9800395966,80.2527694702,55566,55576,10
12.97935009,80.2526931763,55576,55586,10
12.9786195755,80.2525787354,55586,55596,10
12.9785604477,80.2525482178,55596,55607,11
12.9780797958,80.2522125244,55607,55617,10
12.9773197174,80.2515563965,55617,55627,10
12.9761199951,80.2510986328,55627,55637,10
12.9748601913,80.2507324219,55637,55647,10
12.9736099243,80.2503890991,55647,55657,10
12.972319603,80.2500534058,55657,55667,10
12.9710302353,80.2497024536,55667,55677,10
12.9698801041,80.2493133545,55677,55688,11
12.9687099457,80.248840332,55688,55698,10
12.967590332,80.2483901978,55698,55708,10
12.9665699005,80.2479095459,55708,55718,10
12.9656801224,80.247543335,55718,55728,10
12.9651002884,80.2473373413,55728,55738,10
12.9650201797,80.2472915649,55738,55748,10
12.9645700455,80.2471313477,55748,55758,10
12.963760376,80.2468185425,55758,55769,11
12.9629802704,80.246421814,55769,55779,10
12.9620304108,80.2459564209,55779,55790,11
12.9612197876,80.2455673218,55790,55800,10
12.9603996277,80.2452011108,55800,55810,10
12.9597597122,80.2449417114,55810,55820,10
12.9594697952,80.2448196411,55820,55831,11
12.9593601227,80.244758606,55831,55841,10
12.9587202072,80.2444534302,55841,55852,11
12.957909584,80.2441101074,55852,55862,10
12.9569396973,80.2438430786,55862,55882,20
12.9569396973,80.2438430786,55882,55892,10
12.9567804337,80.2437820435,55892,55902,10
12.9567699432,80.2437820435,55902,55912,10
12.956609726,80.2437286377,55912,55943,31
12.956609726,80.2437286377,55943,55953,10
12.9560604095,80.2435302734,55953,55963,10
12.9553098679,80.2431106567,55963,55973,10
12.9544496536,80.242729187,55973,55983,10
12.9536399841,80.2423782349,55983,55993,10
12.9527301788,80.2420120239,55993,56004,11
12.9518203735,80.2416992188,56004,56014,10
12.9517202377,80.2416763306,56014,56024,10
12.9515104294,80.2415924072,56024,56034,10
12.9507598877,80.2413101196,56034,56044,10
12.9497995377,80.2410202026,56044,56054,10
12.9490003586,80.2407684326,56054,56064,10
12.9481801987,80.2404098511,56064,56074,10
12.9474401474,80.2401123047,56074,56085,11
12.9471302032,80.2400131226,56085,56095,10
12.9470701218,80.239982605,56095,56105,10
12.9465799332,80.2397766113,56105,56115,10
12.9457397461,80.239402771,56115,56125,10
12.944849968,80.2387466431,56125,56135,10
12.9440097809,80.2378005981,56135,56145,10
12.9430799484,80.2368621826,56145,56155,10
12.9416999817,80.2362594604,56155,56166,11
12.9406204224,80.2360076904,56166,56176,10
12.9399795532,80.2358398438,56176,56186,10
12.9398403168,80.2357711792,56186,56196,10
12.9392995834,80.2355117798,56196,56206,10
12.9385995865,80.2351531982,56206,56216,10
12.9372901917,80.2344970703,56216,56226,10
12.9363298416,80.2340393066,56226,56236,10
12.9354200363,80.2336196899,56236,56247,11
12.933839798,80.2329483032,56247,56267,20
12.933839798,80.2329483032,56267,56277,10
12.933549881,80.2328186035,56277,56287,10
12.9328603745,80.2324905396,56287,56297,10
12.9318599701,80.2321166992,56297,56307,10
12.9308795929,80.2317962646,56307,56318,11
12.9297399521,80.2314910889,56318,56328,10
12.9285097122,80.231262207,56328,56338,10
12.9272603989,80.2311019897,56338,56348,10
12.9262104034,80.2309875488,56348,56358,10
12.9258403778,80.2309570313,56358,56368,10
12.9253196716,80.2308807373,56368,56378,10
12.9244098663,80.230758667,56378,56388,10
12.9231901169,80.2306137085,56388,56399,11
12.9217996597,80.2304000854,56399,56409,10
12.9205799103,80.23021698,56409,56419,10
12.9193201065,80.2300872803,56419,56429,10
12.918009758,80.2299194336,56429,56439,10
12.9167604446,80.2297515869,56439,56449,10
12.9155397415,80.2295684814,56449,56459,10
12.9143695831,80.2294006348,56459,56469,10
12.9136800766,80.2293395996,56469,56480,11
12.9133796692,80.2293167114,56480,56490,10
12.9132003784,80.2292633057,56490,56500,10
12.9124097824,80.229133606,56500,56510,10
12.9113998413,80.2289810181,56510,56520,10
12.9102201462,80.2287902832,56520,56530,10
12.9090299606,80.2285919189,56530,56540,10
12.9078798294,80.2284088135,56540,56550,10
12.9070701599,80.2283096313,56550,56561,11
12.9068698883,80.2283096313,56561,56571,10
12.9066696167,80.2283096313,56571,56591,20
12.9066696167,80.2283096313,56591,56601,10
12.906370163,80.2282714844,56601,56611,10
12.9060401917,80.2282562256,56611,56621,10
12.9053001404,80.2282028198,56621,56631,10
12.9043998718,80.2281417847,56631,56642,11
12.9032897949,80.2280578613,56642,56652,10
12.9022197723,80.2280426025,56652,56662,10
12.9013996124,80.2279815674,56662,56712,50
12.9013996124,80.2279815674,56712,56723,11
12.9012403488,80.2279586792,56723,56733,10
12.9008398056,80.2279205322,56733,56743,10
12.9003896713,80.2278900146,56743,56753,10
12.8999795914,80.2278671265,56753,56763,10
12.8995895386,80.2278823853,56763,56773,10
12.8994503021,80.2278671265,56773,56783,10
12.8993501663,80.2278518677,56783,56793,10
12.8987598419,80.2277984619,56793,56804,11
12.897769928,80.2277526855,56804,56814,10
12.8966999054,80.2276992798,56814,56824,10
12.8956003189,80.2276611328,56824,56834,10
12.894490242,80.2276000977,56834,56844,10
12.8933296204,80.2275009155,56844,56854,10
12.8926496506,80.227432251,56854,56864,10
12.8922796249,80.2274093628,56864,56875,11
12.891960144,80.2273864746,56875,56885,10
12.8918104172,80.2273788452,56885,56895,10
12.891169548,80.2273788452,56895,56905,10
12.8901596069,80.2273864746,56905,56915,10
12.8888902664,80.2273788452,56915,56925,10
12.8876600266,80.2273025513,56925,56935,10
12.8864603043,80.2270584106,56935,56945,10
12.8853197098,80.2267990112,56945,56956,11
12.8841295242,80.2267227173,56956,56966,10
12.8829202652,80.2267227173,56966,56976,10
12.8817300797,80.2267303467,56976,56986,10
12.8805198669,80.2267532349,56986,56996,10
12.8792600632,80.2267837524,56996,57006,10
12.8780202866,80.2268600464,57006,57016,10
12.8769598007,80.2269592285,57016,57026,10
12.8765697479,80.2269897461,57026,57037,11
12.876449585,80.2270126343,57037,57047,10
12.8759403229,80.2269973755,57047,57057,10
12.8749904633,80.2269134521,57057,57067,10
12.8738002777,80.2267608643,57067,57077,10
12.8727197647,80.2267227173,57077,57087,10
12.8724899292,80.2267227173,57087,57097,10
12.8720998764,80.2267074585,57097,57107,10
12.8712100983,80.2266616821,57107,57118,11
12.8699502945,80.2265625,57118,57128,10
12.8687801361,80.2264328003,57128,57138,10
12.8677902222,80.2264175415,57138,57148,10
12.8668298721,80.2265014648,57148,57158,10
12.8658800125,80.2265777588,57158,57168,10
12.8646602631,80.2266082764,57168,57178,10
12.8631601334,80.2265396118,57178,57188,10
12.8617801666,80.2266235352,57188,57199,11
12.8609600067,80.2266235352,57199,57209,10
12.860710144,80.2265777588,57209,57219,10
12.8599500656,80.2264633179,57219,57229,10
12.8589401245,80.2263183594,57229,57239,10
12.8580703735,80.2262496948,57239,57249,10
12.8568496704,80.2263183594,57249,57259,10
12.8554096222,80.2264785767,57259,57269,10
12.8540296555,80.2266311646,57269,57280,11
12.8526201248,80.2267227173,57280,57290,10
12.8514204025,80.2266616821,57290,57300,10
12.8503799438,80.2266235352,57300,57310,10
12.8500003815,80.2266235352,57310,57320,10
12.8495702744,80.2266082764,57320,57330,10
12.8486700058,80.226600647,57330,57340,10
12.8475103378,80.226600647,57340,57350,10
12.8461704254,80.2266082764,57350,57361,11
12.8453998566,80.2266387939,57361,57371,10
12.8453502655,80.2266311646,57371,57381,10
12.8449296951,80.2266464233,57381,57391,10
12.8440198898,80.2266998291,57391,57401,10
12.8428602219,80.2268676758,57401,57411,10
12.8415403366,80.2271728516,57411,57421,10
12.8404302597,80.2275085449,57421,57432,11
12.839799881,80.2276916504,57432,57442,10
12.8395395279,80.2277984619,57442,57452,10
12.8388996124,80.2279510498,57452,57462,10
12.8378601074,80.228187561,57462,57472,10
12.8365497589,80.2284088135,57472,57482,10
12.8352003098,80.2285995483,57482,57492,10
12.8338098526,80.2288284302,57492,57502,10
12.8326702118,80.229057312,57502,57513,11
12.832280159,80.2291412354,57513,57523,10
12.8321504593,80.2291488647,57523,57533,10
12.831489563,80.2293014526,57533,57543,10
12.8305797577,80.2295913696,57543,57553,10
12.8293304443,80.2300720215,57553,57563,10
12.8281698227,80.2306900024,57563,57573,10
12.8269901276,80.2312698364,57573,57583,10
12.8257904053,80.2314224243,57583,57594,11
12.8243598938,80.2313232422,57594,57604,10
12.8229999542,80.2309188843,57604,57614,10
12.8216295242,80.2305297852,57614,57624,10
12.820309639,80.2304763794,57624,57634,10
12.8189697266,80.2304992676,57634,57654,20
12.8189697266,80.2304992676,57654,57664,10
12.8188295364,80.2304534912,57664,57675,11
12.81828022,80.2302017212,57675,57685,10
12.8173103333,80.2297592163,57685,57695,10
12.8159399033,80.2294235229,57695,57705,10
12.8144798279,80.2292175293,57705,57715,10
12.8130998611,80.228843689,57715,57725,10
12.8117704391,80.2283706665,57725,57735,10
12.8104496002,80.2278671265,57735,57745,10
12.8092699051,80.2273178101,57745,57756,11
12.8081998825,80.2264862061,57756,57766,10
12.8073196411,80.225730896,57766,57776,10
12.806599617,80.2250900269,57776,57786,10
12.8058900833,80.2244491577,57786,57796,10
12.8052196503,80.224067688,57796,57805,9
12.8049602509,80.2240066528,57805,57816,11
12.804889679,80.2239990234,57816,57826,10
12.804189682,80.2238998413,57826,57837,11
12.8031301498,80.2238235474,57837,57847,10
12.80189991,80.2236480713,57847,57857,10
12.8009996414,80.2235870361,57857,57867,10
12.800860405,80.2235794067,57867,57877,10
12.8006296158,80.2235412598,57877,57887,10
12.7998199463,80.2234573364,57887,57897,10
12.7986402512,80.2233428955,57897,57907,10
12.7972097397,80.2231674194,57907,57918,11
12.7958097458,80.22290802,57918,57928,10
12.7944698334,80.2227020264,57928,57938,10
12.7931098938,80.2224884033,57938,57948,10
12.7917404175,80.2222137451,57948,57958,10
12.7904596329,80.2218933105,57958,57968,10
12.7895698547,80.2216567993,57968,57978,10
12.7888898849,80.2213897705,57978,57988,10
12.7879695892,80.221031189,57988,57999,11
12.7869596481,80.2206497192,57999,58029,30
12.7869596481,80.2206497192,58029,58039,10
12.7868404388,80.2205734253,58039,58049,10
12.7865896225,80.2204818726,58049,58059,10
12.7865800858,80.2204818726,58059,58070,11
12.7863702774,80.2203979492,58070,58080,10
12.7861604691,80.2204208374,58080,58090,10
12.7861995697,80.2207565308,58090,58100,10
12.786239624,80.2211685181,58100,58110,10
12.7862796783,80.2215499878,58110,58120,10
12.7862796783,80.2219314575,58120,58758,638
12.7862796783,80.2219314575,58758,58768,10
12.7861700058,80.2216720581,58768,58779,11
12.7861700058,80.2213363647,58779,58789,10
12.786190033,80.2208328247,58789,58849,60
12.786190033,80.2204437256,58849,58890,41
12.786190033,80.2204437256,58890,58900,10
12.7862997055,80.2203216553,58900,58910,10
12.7865104675,80.2204208374,58910,58930,20
12.7865104675,80.2204208374,58930,58941,11
12.7869701385,80.2205810547,58941,58951,10
12.7875900269,80.2208480835,58951,58961,10
12.7882404327,80.2211074829,58961,58971,10
12.7890300751,80.2214279175,58971,58981,10
12.7896699905,80.2216796875,58981,58991,10
12.7903299332,80.221862793,58991,59001,10
12.791270256,80.2220687866,59001,59012,11
12.7925796509,80.2223815918,59012,59022,10
12.7938604355,80.2225875854,59022,59032,10
12.7949495316,80.2227706909,59032,59042,10
12.7957696915,80.22290802,59042,59052,10
12.7960195541,80.2229614258,59052,59062,10
12.7962198257,80.2229919434,59062,59072,10
12.7968997955,80.2230911255,59072,59082,10
12.7979202271,80.2232971191,59082,59093,11
12.7990903854,80.2234191895,59093,59103,10
12.8002004623,80.2235183716,59103,59113,10
12.8012504578,80.2235870361,59113,59133,20
12.8012504578,80.2235870361,59133,59143,10
12.8014497757,80.2236328125,59143,59153,10
12.8020601273,80.2236633301,59153,59163,10
12.8027496338,80.2237472534,59163,59174,11
12.8033895493,80.2238388062,59174,59184,10
12.8039798737,80.2238616943,59184,59194,10
12.8046503067,80.2239227295,59194,59204,10
12.8055496216,80.2241592407,59204,59224,20
12.8055496216,80.2241592407,59224,59234,10
12.8056201935,80.2242279053,59234,59244,10
12.8060998917,80.2246170044,59244,59255,11
12.8069200516,80.2253417969,59255,59265,10
12.8078203201,80.2261199951,59265,59275,10
12.8088302612,80.2269592285,59275,59285,10
12.8098402023,80.2275924683,59285,59295,10
12.8109703064,80.2280578613,59295,59305,10
12.8121795654,80.2285003662,59305,59315,10
12.8149499893,80.2293014526,59315,59325,10
12.8149499893,80.2293014526,59325,59336,11
12.8164100647,80.2294998169,59336,59346,10
12.8176202774,80.2298583984,59346,59356,10
12.8182601929,80.230178833,59356,59366,10
12.8189001083,80.2304229736,59366,59376,10
12.8195896149,80.23046875,59376,59387,11
12.819729805,80.23046875,59387,59397,10
12.8199100494,80.2304763794,59397,59407,10
12.8205900192,80.23046875,59407,59418,11
12.8218402863,80.2305831909,59418,59428,10
12.8230304718,80.2309188843,59428,59438,10
12.8242397308,80.2312164307,59438,59448,10
12.8254995346,80.2313919067,59448,59458,10
12.8262796402,80.231338501,59458,59468,10
12.8262901306,80.231338501,59468,59478,10
12.8263998032,80.231262207,59478,59489,11
12.8270597458,80.2312316895,59489,59499,10
12.8279399872,80.2308197021,59499,59509,10
12.8289003372,80.2302780151,59509,59519,10
12.8299198151,80.2298736572,59519,59529,10
12.8307504654,80.2295227051,59529,59539,10
12.8309698105,80.2294692993,59539,59549,10
12.8310098648,80.2294998169,59549,59559,10
12.8314199448,80.229347229,59559,59570,11
12.8320798874,80.2291793823,59570,59580,10
12.8330001831,80.2290115356,59580,59590,10
12.8341398239,80.2287826538,59590,59600,10
12.8354501724,80.2285690308,59600,59610,10
12.8367795944,80.2283630371,59610,59620,10
12.8380403519,80.2281417847,59620,59630,10
12.8390102386,80.2278823853,59630,59640,10
12.8394603729,80.2277297974,59640,59651,11
12.8394899368,80.227722168,59651,59661,10
12.8397502899,80.2276382446,59661,59671,10
12.8404798508,80.2274703979,59671,59681,10
12.8414802551,80.227180481,59681,59691,10
12.8426103592,80.2269515991,59691,59701,10
12.8438301086,80.2267608643,59701,59711,10
12.8453998566,80.2265930176,59711,59732,21
12.8453998566,80.2265930176,59732,59742,10
12.8454999924,80.2266235352,59742,59752,10
12.8458003998,80.2265777588,59752,59762,10
12.8464202881,80.2265777588,59762,59772,10
12.8474502563,80.2265625,59772,59782,10
12.8486204147,80.2265472412,59782,59792,10
12.8496599197,80.2265396118,59792,59802,10
12.8499298096,80.2265396118,59802,59813,11
12.8502702713,80.2265701294,59813,59823,10
12.8510799408,80.226600647,59823,59833,10
12.8521900177,80.2266387939,59833,59843,10
12.8534498215,80.2266464233,59843,59853,10
12.8548603058,80.2265167236,59853,59863,10
12.8562698364,80.2263870239,59863,59873,10
12.8575401306,80.2262573242,59873,59883,10
12.8582496643,80.2262420654,59883,59894,11
12.858420372,80.2262496948,59894,59904,10
12.8588495255,80.2262802124,59904,59914,10
12.8597002029,80.2263793945,59914,59924,10
12.8606300354,80.2265014648,59924,59934,10
12.8607997894,80.2265167236,59934,59944,10
12.86095047,80.2265701294,59944,59954,10
12.8614196777,80.2265396118,59954,59964,10
12.8623800278,80.2265014648,59964,59975,11
12.8636903763,80.2264785767,59975,59985,10
12.8648996353,80.2265396118,59985,59995,10
12.8660097122,80.2265396118,59995,60005,10
12.8670597076,80.2264785767,60005,60015,10
12.868180275,80.2263793945,60015,60025,10
12.8694295883,80.2264709473,60025,60035,10
12.8707504272,80.226600647,60035,60046,11
12.8719902039,80.2266464233,60046,60056,10
12.872759819,80.2266387939,60056,60066,10
12.8732795715,80.2266921997,60066,60076,10
12.8741703033,80.2267608643,60076,60086,10
12.8752498627,80.226890564,60086,60096,10
12.8766002655,80.2268981934,60096,60116,20
12.8766002655,80.2268981934,60116,60127,11
12.876999855,80.2268981934,60127,60137,10
12.877790451,80.2268371582,60137,60147,10
12.8788404465,80.2267684937,60147,60157,10
12.8800401688,80.2267303467,60157,60167,10
12.8812704086,80.2267074585,60167,60177,10
12.8825502396,80.2266769409,60177,60187,10
12.8838300705,80.2266693115,60187,60197,10
12.8847999573,80.2266464233,60197,60208,11
12.8851699829,80.2266616821,60208,60218,10
12.8851995468,80.2266693115,60218,60228,10
12.8854598999,80.2267227173,60228,60238,10
12.886179924,80.2269134521,60238,60248,10
12.887169838,80.2271575928,60248,60258,10
12.8883304596,80.2273025513,60258,60268,10
12.8896903992,80.2273406982,60268,60278,10
12.8911304474,80.2273330688,60278,60289,11
12.8925199509,80.2273635864,60289,60299,10
12.8936500549,80.2275238037,60299,60309,10
12.8948402405,80.2276077271,60309,60319,10
12.8959598541,80.2276611328,60319,60329,10
12.8971395493,80.2277069092,60329,60339,10
12.8982601166,80.2277679443,60339,60349,10
12.8990497589,80.2277984619,60349,60359,10
12.8998498917,80.2278671265,60359,60380,21
12.8998498917,80.2278671265,60380,60390,10
12.9000196457,80.2278823853,60390,60400,10
12.9004802704,80.2279129028,60400,60410,10
12.9008598328,80.2279205322,60410,60420,10
12.9012098312,80.2279510498,60420,60430,10
12.9017601013,80.2279663086,60430,60440,10
12.9026203156,80.228012085,60440,60461,21
12.9026203156,80.228012085,60461,60471,10
12.9028301239,80.2280273438,60471,60481,10
12.9028997421,80.2280426025,60481,60491,10
12.9029397964,80.2280502319,60491,60501,10
12.9034004211,80.2280807495,60501,60511,10
12.9043197632,80.2281112671,60511,60521,10
12.9054498672,80.2281799316,60521,60532,11
12.9065198898,80.2282485962,60532,60542,10
12.9067602158,80.2282562256,60542,60552,10
12.9070196152,80.2282791138,60552,60562,10
12.9071903229,80.2282867432,60562,60572,10
12.9078798294,80.2284164429,60572,60582,10
12.9089803696,80.2285995483,60582,60592,10
12.9103403091,80.2288284302,60592,60603,11
12.9118995667,80.229057312,60603,60613,10
12.9132003784,80.2292175293,60613,60623,10
12.9137802124,80.2292709351,60623,60643,20
12.9137802124,80.2292709351,60643,60653,10
12.9139699936,80.229309082,60653,60663,10
12.914560318,80.2294006348,60663,60673,10
12.915430069,80.2295379639,60673,60684,11
12.9166202545,80.2296981812,60684,60694,10
12.9177999496,80.229850769,60694,60704,10
12.9188499451,80.2300109863,60704,60714,10
12.9198799133,80.230140686,60714,60724,10
12.9210100174,80.2302780151,60724,60734,10
12.9221601486,80.2304382324,60734,60744,10
12.9233703613,80.2306365967,60744,60754,10
12.924539566,80.2307891846,60754,60765,11
12.9256601334,80.2309036255,60765,60775,10
12.9266996384,80.2310180664,60775,60785,10
12.9275398254,80.2311019897,60785,60795,10
12.9276504517,80.2311401367,60795,60805,10
12.9282302856,80.2312316895,60805,60815,10
12.9291200638,80.2313766479,60815,60825,10
12.9301795959,80.2316207886,60825,60835,10
12.9313402176,80.231918335,60835,60846,11
12.9326000214,80.2323226929,60846,60856,10
12.9335002899,80.2326812744,60856,60866,10
12.9337501526,80.2328186035,60866,60876,10
12.9338302612,80.2328567505,60876,60886,10
12.934419632,80.2331314087,60886,60896,10
12.9353504181,80.2335662842,60896,60906,10
12.936340332,80.234046936,60906,60916,10
12.9374799728,80.234588623,60916,60927,11
12.9386997223,80.2351837158,60927,60937,10
12.9397296906,80.2357025146,60937,60957,20
12.9397296906,80.2357025146,60957,60967,10
12.9402399063,80.2358932495,60967,60977,10
12.9411001205,80.2361373901,60977,60987,10
12.9421901703,80.2363891602,60987,60997,10
12.9432296753,80.2368927002,60997,61008,11
12.9440498352,80.2378005981,61008,61018,10
12.9448204041,80.2387084961,61018,61028,10
12.9455604553,80.2393417358,61028,61038,10
12.9464902878,80.2397079468,61038,61048,10
12.9468898773,80.2398681641,61048,61058,10
12.9470596313,80.2399597168,61058,61068,10
12.9473400116,80.2400817871,61068,61079,11
12.947640419,80.2401733398,61079,61089,10
12.9477100372,80.240196228,61089,61099,10
12.9481201172,80.2403717041,61099,61109,10
12.9487495422,80.2406234741,61109,61160,51
12.9487495422,80.2406234741,61160,61170,10
12.9487895966,80.2406234741,61170,61180,10
12.9492301941,80.2408065796,61180,61190,10
12.9498796463,80.241027832,61190,61200,10
12.9502496719,80.2411422729,61200,61210,10
12.950340271,80.2411804199,61210,61220,10
12.9505901337,80.2412490845,61220,61230,10
12.9511098862,80.2414093018,61230,61241,11
12.9511804581,80.2414627075,61241,61251,10
12.9516096115,80.2416000366,61251,61261,10
12.9523200989,80.2418289185,61261,61271,10
12.9532604218,80.2422027588,61271,61281,10
12.9540500641,80.2425231934,61281,61291,10
12.954990387,80.2428588867,61291,61301,10
12.9555597305,80.243019104,61301,61311,10
12.9559202194,80.2431335449,61311,61322,11
12.9560899734,80.2431793213,61322,61352,30
12.9560899734,80.2431793213,61352,61362,10
12.9561796188,80.2432098389,61362,61372,10
12.9563798904,80.2432937622,61372,61392,20
12.9563798904,80.2432937622,61392,61403,11
12.9568996429,80.2435379028,61403,61413,10
12.95773983,80.2439880371,61413,61423,10
12.9586496353,80.2443466187,61423,61433,10
12.9589595795,80.2444763184,61433,61443,10
12.9590196609,80.2445373535,61443,61453,10
12.9594402313,80.2447433472,61453,61463,10
12.9602298737,80.2451019287,61463,61473,10
12.9611301422,80.2455215454,61473,61484,11
12.9622898102,80.2460784912,61484,61494,10
12.9627599716,80.2462921143,61494,61514,20
12.9627599716,80.2462921143,61514,61524,10
12.9629802704,80.246421814,61524,61534,10
12.96352005,80.2466812134,61534,61544,10
12.964099884,80.2469177246,61544,61555,11
12.9649000168,80.2472229004,61555,61565,10
12.9657802582,80.2474975586,61565,61575,10
12.9663095474,80.247718811,61575,61585,10
12.9663600922,80.2477264404,61585,61595,10
12.9665603638,80.247833252,61595,61605,10
12.9668998718,80.2480163574,61605,61615,10
12.9672803879,80.2482070923,61615,61625,10
12.9679498672,80.2484970093,61625,61636,11
12.9688997269,80.248878479,61636,61646,10
12.9698400497,80.2492523193,61646,61656,10
12.9709596634,80.249671936,61656,61666,10
12.9720697403,80.2499771118,61666,61676,10
12.9730796814,80.2502593994,61676,61686,10
12.9740600586,80.2505187988,61686,61696,10
12.9750003815,80.2508010864,61696,61706,10
12.975859642,80.2510070801,61706,61717,11
12.9768800735,80.2513122559,61717,61727,10
12.9776296616,80.2516784668,61727,61737,10
12.9781999588,80.2521362305,61737,61747,10
12.9783201218,80.252243042,61747,61757,10
12.9785404205,80.2523803711,61757,61767,10
12.9791898727,80.2525787354,61767,61798,31
12.9791898727,80.2525787354,61798,61808,10
12.9793195724,80.2526092529,61808,61818,10
12.97976017,80.2526626587,61818,61828,10
12.9802799225,80.2526779175,61828,61838,10
12.9806995392,80.2526702881,61838,61848,10
12.9814100266,80.2526473999,61848,61858,10
12.9821500778,80.2526397705,61858,61868,10
12.9829797745,80.2526016235,61868,61879,11
12.9837398529,80.252456665,61879,61889,10
12.9843902588,80.252281189,61889,61899,10
12.9848899841,80.2521286011,61899,61909,10
12.9853000641,80.2519989014,61909,61949,40
12.9853000641,80.2519989014,61949,61960,11
12.9855003357,80.251953125,61960,61970,10
12.9860296249,80.2518081665,61970,61980,10
12.9866399765,80.2516708374,61980,61990,10
12.9871101379,80.2515182495,61990,62000,10
12.9875202179,80.251411438,62000,62010,10
12.9879798889,80.2512969971,62010,62020,10
12.9889202118,80.251083374,62020,62031,11
12.9896202087,80.2508621216,62031,62041,10
12.9896297455,80.2508621216,62041,62051,10
12.9897899628,80.2508392334,62051,62061,10
12.9902200699,80.2507400513,62061,62071,10
12.991230011,80.25050354,62071,62081,10
12.9923400879,80.2502212524,62081,62091,10
12.9935598373,80.2499008179,62091,62101,10
12.9947004318,80.2496414185,62101,62112,11
12.9961299896,80.2492523193,62112,62122,10
12.997209549,80.2489624023,62122,62132,10
12.9983100891,80.2487030029,62132,62142,10
12.999540329,80.2484207153,62142,62152,10
13.0007696152,80.2481002808,62152,62162,10
13.0018701553,80.2478179932,62162,62172,10
13.0027198792,80.2476196289,62172,62182,10
13.0037698746,80.2474365234,62182,62193,11
13.0050601959,80.2472915649,62193,62203,10
13.0060901642,80.2470092773,62203,62213,10
13.0065202713,80.2464370728,62213,62223,10
13.0065603256,80.2463607788,62223,62233,10
13.0066204071,80.2461624146,62233,62243,10
13.0066604614,80.245552063,62243,62253,10
13.0066204071,80.2447433472,62253,62263,10
13.0065898895,80.2437591553,62263,62274,11
13.0065498352,80.2428817749,62274,62284,10
13.0065402985,80.2418823242,62284,62294,10
13.0066604614,80.2406234741,62294,62314,20
13.0066604614,80.2406234741,62314,62324,10
13.0066995621,80.2404174805,62324,62334,10
13.0067501068,80.2401504517,62334,62344,10
13.0068998337,80.2396469116,62344,62355,11
13.0070896149,80.2385787964,62355,62365,10
13.0071601868,80.2382202148,62365,62375,10
13.0072603226,80.2378082275,62375,62385,10
13.007399559,80.2371673584,62385,62395,10
13.0074501038,80.2367095947,62395,62405,10
13.0074701309,80.2366485596,62405,62415,10
13.007519722,80.236541748,62415,62425,10
13.0076198578,80.236038208,62425,62436,11
13.0077400208,80.2354888916,62436,62446,10
13.0078601837,80.2348632813,62446,62456,10
13.0080299377,80.2340316772,62456,62466,10
13.0081996918,80.2331008911,62466,62476,10
13.0083999634,80.2320632935,62476,62486,10
13.0085897446,80.2311172485,62486,62496,10
13.0087900162,80.2300186157,62496,62506,10
13.0090398788,80.2287979126,62506,62517,11
13.0094003677,80.2276687622,62517,62527,10
13.0098600388,80.2266769409,62527,62537,10
13.0102796555,80.2258682251,62537,62547,10
13.0105199814,80.2252731323,62547,62557,10
13.0107297897,80.2248535156,62557,62567,10
13.0109195709,80.2243423462,62567,62577,10
13.0109901428,80.2241973877,62577,62588,11
13.0111103058,80.2239608765,62588,62598,10
13.0112600327,80.2236022949,62598,62608,10
13.0114297867,80.2232131958,62608,62618,10
13.011590004,80.2227020264,62618,62628,10
13.0119104385,80.2219772339,62628,62638,10
13.012260437,80.2216567993,62638,62648,10
13.0126495361,80.2221603394,62648,62658,10
13.0132904053,80.2227783203,62658,62669,11
13.0139398575,80.2235031128,62669,62679,10
13.0143404007,80.2239379883,62679,62689,10
13.0148200989,80.2244567871,62689,62699,10
13.0149002075,80.2245101929,62699,62709,10
13.015080452,80.2246780396,62709,62719,10
13.0154895782,80.2249984741,62719,62750,31
13.0154895782,80.2249984741,62750,62760,10
13.0158195496,80.2253036499,62760,62770,10
13.0165395737,80.2253494263,62770,62780,10
13.017490387,80.2249908447,62780,62790,10
13.0186004639,80.2245483398,62790,62800,10
13.0192804337,80.2244033813,62800,62810,10
13.0195598602,80.2244415283,62810,62820,10
13.0197601318,80.2245788574,62820,62831,11
13.0201396942,80.224861145,62831,62841,10
13.0206203461,80.2251968384,62841,62851,10
13.0211801529,80.2256317139,62851,62861,10
13.0218496323,80.2260971069,62861,62871,10
13.0224103928,80.2265625,62871,62891,20
13.0224103928,80.2265625,62891,62901,10
13.022649765,80.2268371582,62901,62912,11
13.0233001709,80.2274475098,62912,62922,10
13.0239696503,80.2280731201,62922,62932,10
13.0244903564,80.2286987305,62932,62942,10
13.0249204636,80.2293319702,62942,62952,10
13.0254402161,80.2299804688,62952,62962,10
13.0257797241,80.2304992676,62962,62972,10
13.0259304047,80.2308273315,62972,62983,11
13.0260000229,80.2311935425,62983,62993,10
13.026140213,80.2317810059,62993,63003,10
13.0263595581,80.2325668335,63003,63013,10
13.0267496109,80.2332992554,63013,63023,10
13.0271997452,80.2340316772,63023,63033,10
13.0276403427,80.2348098755,63033,63043,10
13.0280895233,80.2355575562,63043,63053,10
13.0287399292,80.2362594604,63053,63064,11
13.0296401978,80.2372436523,63064,63084,20
13.0296401978,80.2372436523,63084,63094,10
13.0297698975,80.2374572754,63094,63104,10
13.0301103592,80.2380905151,63104,63114,10
13.0304698944,80.2386627197,63114,63124,10
13.0305700302,80.238822937,63124,63134,10
13.0306901932,80.2390213013,63134,63145,11
13.03083992,80.2393035889,63145,63155,10
13.0310401917,80.2396469116,63155,63165,10
13.0312204361,80.2399368286,63165,63175,10
13.0313596725,80.2401428223,63175,63185,10
13.0314102173,80.2406234741,63185,63195,10
13.0315504074,80.2409667969,63195,63205,10
13.0317697525,80.2414398193,63205,63215,10
13.0320196152,80.2420196533,63215,63226,11
13.0326099396,80.2427062988,63226,63236,10
13.0331602097,80.2434616089,63236,63246,10
13.0336503983,80.2441635132,63246,63256,10
13.0341300964,80.2447967529,63256,63266,10
13.0345802307,80.2453765869,63266,63276,10
13.0349502563,80.2457962036,63276,63286,10
13.0350399017,80.2459030151,63286,63296,10
13.0351696014,80.2460174561,63296,63307,11
13.0356302261,80.2461700439,63307,63327,20
13.0356302261,80.2461700439,63327,63337,10
13.0357198715,80.2462081909,63337,63347,10
13.0361099243,80.246421814,63347,63357,10
13.0369195938,80.2465896606,63357,63367,10
13.0375795364,80.2464981079,63367,63377,10
13.038189888,80.2466430664,63377,63388,11
13.0388803482,80.246887207,63388,63438,50
13.0388803482,80.246887207,63438,63448,10
13.0389604568,80.246887207,63448,63458,10
13.0392198563,80.246963501,63458,63469,11
13.0395402908,80.2470169067,63469,63479,10
13.0399599075,80.2471008301,63479,63489,10
13.0406599045,80.247253418,63489,63499,10
13.0413703918,80.2473831177,63499,63509,10
13.0419597626,80.2474975586,63509,63519,10
13.0424203873,80.2476425171,63519,63529,10
13.0429601669,80.2478408813,63529,63540,11
13.0436296463,80.2479629517,63540,63550,10
13.0441904068,80.2478866577,63550,63560,10
13.0447998047,80.2479934692,63560,63570,10
13.045249939,80.2482376099,63570,63580,10
13.0458602905,80.2485198975,63580,63590,10
13.0465803146,80.2485427856,63590,63600,10
13.0467796326,80.2484970093,63600,63610,10
13.0468301773,80.2485122681,63610,63621,11
13.0471696854,80.2485580444,63621,63631,10
13.0474901199,80.2487564087,63631,63641,10
13.0477800369,80.2490310669,63641,63651,10
13.0477895737,80.2490615845,63651,63661,10
13.0480699539,80.2493667603,63661,63671,10
13.048500061,80.2496795654,63671,63681,10
13.0492296219,80.2498016357,63681,63691,10
13.0502004623,80.25,63691,63702,11
13.051320076,80.2502593994,63702,63712,10
13.0520896912,80.2507705688,63712,63722,10
13.0526199341,80.2514419556,63722,63732,10
13.0532197952,80.2522277832,63732,63742,10
13.0537700653,80.2529830933,63742,63752,10
13.0543403625,80.2537384033,63752,63762,10
13.0548200607,80.2543563843,63762,63772,10
13.0551900864,80.2548217773,63772,63783,11
13.0554504395,80.2551803589,63783,63793,10
13.0556201935,80.2554321289,63793,63803,10
13.0558395386,80.2557220459,63803,63813,10
13.0559597015,80.2559204102,63813,63823,10
13.0561199188,80.2561264038,63823,63833,10
13.0562000275,80.2562484741,63833,63843,10
13.056429863,80.2565231323,63843,63853,10
13.056889534,80.256980896,63853,63864,11
13.0574598312,80.257522583,63864,63874,10
13.0578298569,80.2578735352,63874,63884,10
13.0582399368,80.2583389282,63884,63894,10
13.0585803986,80.2587966919,63894,63904,10
13.0589399338,80.2591781616,63904,63914,10
13.0592498779,80.2597808838,63914,63924,10
13.0597200394,80.2602233887,63924,63934,10
13.0602302551,80.2607727051,63934,63945,11
13.0605602264,80.2611083984,63945,63955,10
13.0607099533,80.2613372803,63955,63965,10
13.0607204437,80.2613601685,63965,63975,10
13.0608997345,80.2617034912,63975,63985,10
13.0613002777,80.2621917725,63985,63995,10
13.0615901947,80.2624282837,63995,64005,10
13.0617103577,80.2626419067,64005,64016,11
13.0618000031,80.2627716064,64016,64026,10
13.0621500015,80.2632217407,64026,64036,10
13.0626602173,80.2638092041,64036,64046,10
13.063079834,80.264289856,64046,64056,10
13.0635004044,80.2649078369,64056,64066,10
13.0638198853,80.26537323,64066,64076,10
13.0639801025,80.2656021118,64076,64086,10
13.0642595291,80.2659912109,64086,64097,11
13.0646095276,80.2663803101,64097,64107,10
13.0647602081,80.2665863037,64107,64117,10
13.0649595261,80.2668228149,64117,64127,10
13.0653295517,80.2670974731,64127,64137,10
13.0657100677,80.2674331665,64137,64147,10
13.065870285,80.2676467896,64147,64157,10
13.0660495758,80.2679367065,64157,64167,10
13.0663795471,80.2683181763,64167,64198,31
13.0663795471,80.2683181763,64198,64208,10
13.0664396286,80.2683486938,64208,64218,10
13.0666999817,80.2684783936,64218,64228,10
13.0670604706,80.2687225342,64228,64237,9
13.0675601959,80.2690505981,64237,64248,11
13.0680704117,80.2693786621,64248,64259,11
13.0683097839,80.2697372437,64259,64269,10
13.0682401657,80.2701797485,64269,64279,10
13.068189621,80.2705230713,64279,64289,10
13.0681295395,80.2708587646,64289,64299,10
13.0680904388,80.2712631226,64299,64309,10
13.0681400299,80.2714691162,64309,64319,10
13.0684604645,80.271812439,64319,64329,10
13.0690002441,80.2720413208,64329,64340,11
13.0695800781,80.2725524902,64340,64350,10
13.0700502396,80.2730712891,64350,64360,10
13.0702695847,80.2733306885,64360,64370,10
13.070690155,80.2739181519,64370,64380,10
13.0708599091,80.2740631104,64380,64390,10
13.0710000992,80.2741088867,64390,64400,10
13.0714998245,80.2742996216,64400,64410,10
13.0720500946,80.2746963501,64410,64421,11
13.0725402832,80.2752380371,64421,64431,10
13.0729503632,80.275680542,64431,64441,10
13.0733299255,80.2760620117,64441,64451,10
13.0736198425,80.2762908936,64451,64461,10
13.0739603043,80.2763824463,64461,64471,10
13.0744800568,80.2763671875,64471,64481,10
13.0751104355,80.2763519287,64481,64492,11
13.0752096176,80.2763366699,64492,64502,10
13.075460434,80.2763290405,64502,64512,10
13.075920105,80.2763214111,64512,64522,10
13.0765600204,80.2763137817,64522,64532,10
13.0773296356,80.276260376,64532,64542,10
13.0780801773,80.2761230469,64542,64552,10
13.07833004,80.2754592896,64552,64562,10
13.0788097382,80.2751617432,64562,64573,11
13.0793895721,80.2752685547,64573,64583,10
13.0802202225,80.2753219604,64583,64633,50
13.0802202225,80.2753219604,64633,64643,10
13.0803899765,80.2753067017,64643,64654,11
13.0809402466,80.2752609253,64654,64765,111
13.0809402466,80.2752609253,64765,64775,10
13.0811395645,80.2752838135,64775,64785,10
13.0814599991,80.2752227783,64785,64795,10
13.0816898346,80.2752380371,64795,64805,10
13.0818595886,80.2752838135,64805,64816,11
13.0820598602,80.2754669189,64816,64826,10
13.0820999146,80.2757568359,64826,65444,618
13.0820999146,80.2757568359,65444,65454,10
13.0820999146,80.2758712769,65454,65464,10
13.0818996429,80.276008606,65464,65474,10
13.0818300247,80.2762680054,65474,65484,10
13.0818595886,80.2767333984,65484,65494,10
13.0819301605,80.2773971558,65494,65504,10
13.0819702148,80.2778701782,65504,65515,11
13.0821895599,80.2781219482,65515,65525,10
13.0823602676,80.2780838013,65525,65535,10
13.0827903748,80.2780609131,65535,65555,20
13.0827903748,80.2780609131,65555,65565,10
13.08314991,80.2780838013,65565,65575,10
13.0832796097,80.2780914307,65575,65585,10
13.0834102631,80.2782974243,65585,65596,11
13.0835599899,80.2788391113,65596,65606,10
13.0830802917,80.2788009644,65606,65889,283
13.0830802917,80.2788009644,65889,65899,10
13.0827302933,80.2786331177,65899,65910,11
13.0823097229,80.2785110474,65910,65920,10
13.0819301605,80.2783279419,65920,65930,10
13.0818796158,80.2779998779,65930,65970,40
13.0818395615,80.2776107788,65970,66001,31
13.0818195343,80.2774810791,66001,66031,30
13.0818195343,80.2773590088,66031,66072,41
13.0818195343,80.2773590088,66072,66082,10
13.0818395615,80.2770614624,66082,66092,10
13.0817804337,80.2765579224,66092,66183,91
13.0817804337,80.2765579224,66183,66193,10
13.081700325,80.2761993408,66193,66203,10
13.0816202164,80.2758865356,66203,66213,10
13.0815601349,80.2756118774,66213,66223,10
13.0813102722,80.275138855,66223,66234,11
13.0805997849,80.2752227783,66234,66245,11
13.0801401138,80.2752838135,66245,66255,10
13.0791397095,80.2752075195,66255,66265,10
13.0783500671,80.275390625,66265,66275,10
13.0779695511,80.2761611938,66275,66285,10
13.0770301819,80.2762374878,66285,66295,10
13.0759801865,80.2762908936,66295,66306,11
13.0748901367,80.2763214111,66306,66316,10
13.0740995407,80.2763290405,66316,66326,10
13.0739202499,80.2763595581,66326,66336,10
13.0737800598,80.2763977051,66336,66346,10
13.0733699799,80.2762374878,66346,66356,10
13.0727996826,80.2756118774,66356,66366,10
13.0721197128,80.2749023438,66366,66376,10
13.0715398788,80.2744903564,66376,66387,11
13.0707397461,80.2742462158,66387,66397,10
13.0706195831,80.2741012573,66397,66407,10
13.0705003738,80.2738571167,66407,66417,10
13.0701904297,80.2733078003,66417,66427,10
13.069729805,80.2727432251,66427,66437,10
13.0693101883,80.2722930908,66437,66447,10
13.0690498352,80.2720184326,66447,66457,10
13.0685997009,80.2718811035,66457,66468,11
13.0681295395,80.2714691162,66468,66478,10
13.0678596497,80.2709274292,66478,66488,10
13.0673503876,80.2704391479,66488,66498,10
13.066619873,80.2696609497,66498,66508,10
13.0663700104,80.2689971924,66508,66518,10
13.066280365,80.2683792114,66518,66528,10
13.0659103394,80.2679367065,66528,66538,10
13.0654296875,80.2676391602,66538,66559,21
13.0654296875,80.2676391602,66559,66569,10
13.0652599335,80.267578125,66569,66579,10
13.0648803711,80.2675170898,66579,66590,11
13.0644397736,80.2674636841,66590,66600,10
13.0640001297,80.2673492432,66600,66610,10
13.0635995865,80.2673110962,66610,66620,10
13.0633001328,80.2672576904,66620,66631,11
13.0632696152,80.267250061,66631,66641,10
13.0629796982,80.2672195435,66641,66651,10
13.0626602173,80.2670211792,66651,66661,10
13.0622196198,80.2664718628,66661,66671,10
13.0618095398,80.2659683228,66671,66681,10
13.0614204407,80.2654495239,66681,66691,10
13.061249733,80.2652282715,66691,66702,11
13.0607995987,80.2651596069,66702,66712,10
13.0604496002,80.2653427124,66712,66722,10
13.0604295731,80.2653427124,66722,66732,10
13.0600099564,80.2655029297,66732,66742,10
13.0595598221,80.2655334473,66742,66752,10
13.0593299866,80.2655029297,66752,66762,10
13.0590896606,80.2654571533,66762,66783,21
13.0590896606,80.2654571533,66783,66793,10
13.0586900711,80.2653503418,66793,66803,10
13.0582895279,80.2652664185,66803,66813,10
13.0580196381,80.2648620605,66813,66823,10
13.0579795837,80.2644195557,66823,66833,10
13.0579299927,80.2639389038,66833,66843,10
13.057849884,80.2631988525,66843,66853,10
13.0577898026,80.2626800537,66853,66864,11
13.05768013,80.2621002197,66864,66874,10
13.0575895309,80.2614974976,66874,66884,10
13.0574703217,80.2610931396,66884,66894,10
13.0572900772,80.2606430054,66894,66903,9
13.0571098328,80.260093689,66903,66914,11
13.0570402145,80.2597503662,66914,66924,10
13.0570402145,80.2597198486,66924,66934,10
13.0569801331,80.2594604492,66934,66945,11
13.0567703247,80.2588272095,66945,66965,20
13.0567703247,80.2588272095,66965,66975,10
13.0567102432,80.2585372925,66975,66985,10
13.0566701889,80.2583236694,66985,66995,10
13.0566301346,80.258102417,66995,67005,10
13.0565900803,80.2578811646,67005,67056,51
13.0565900803,80.2578811646,67056,67066,10
13.0565395355,80.2574615479,67066,67076,10
13.0564603806,80.2573165894,67076,67086,10
13.0563697815,80.2571868896,67086,67097,11
13.0563201904,80.2570800781,67097,67107,10
13.0562200546,80.2566833496,67107,67117,10
13.0560598373,80.2562408447,67117,67127,10
13.055680275,80.2556304932,67127,67137,10
13.0551900864,80.2548828125,67137,67147,10
13.054690361,80.25415802,67147,67157,10
13.0541801453,80.2534790039,67157,67167,10
13.0537796021,80.2529525757,67167,67178,11
13.0533599854,80.2524490356,67178,67188,10
13.0531997681,80.252243042,67188,67198,10
13.0530500412,80.2520294189,67198,67208,10
13.0529203415,80.2518615723,67208,67218,10
13.0528402328,80.2517471313,67218,67228,10
13.0527896881,80.2516708374,67228,67238,10
13.0526504517,80.2514266968,67238,67248,10
13.0525398254,80.2512283325,67248,67259,11
13.0522499084,80.2508392334,67259,67269,10
13.0519895554,80.2505722046,67269,67279,10
13.0518102646,80.2504119873,67279,67289,10
13.0515298843,80.2502212524,67289,67299,10
13.0510396957,80.2500228882,67299,67309,10
13.0504999161,80.2499237061,67309,67319,10
13.050239563,80.2498779297,67319,67329,10
13.0500497818,80.2498474121,67329,67340,11
13.0499696732,80.2498321533,67340,67350,10
13.0497198105,80.2497787476,67350,67360,10
13.0495300293,80.2497711182,67360,67410,50
13.0495300293,80.2497711182,67410,67421,11
13.0490999222,80.2497711182,67421,67471,50
13.048740387,80.2496795654,67471,67522,51
13.048740387,80.2496795654,67522,67532,10
13.0483398438,80.2495193481,67532,67542,10
13.0479698181,80.2492218018,67542,67562,20
13.0478601456,80.2490997314,67562,67603,41
13.0478601456,80.2490997314,67603,67613,10
13.0474596024,80.2488021851,67613,67654,41
13.0474596024,80.2488021851,67654,67664,10
13.0471496582,80.2485733032,67664,67684,20
13.0471496582,80.2485733032,67684,67694,10
13.0468997955,80.2485275269,67694,67704,10
13.0467700958,80.248550415,67704,67714,10
13.0466299057,80.2485275269,67714,67724,10
13.0465698242,80.2485275269,67724,67735,11
13.0464897156,80.2484817505,67735,67745,10
13.0462398529,80.2484283447,67745,67755,10
13.0460500717,80.2483596802,67755,67765,10
13.0459699631,80.2483291626,67765,67775,10
13.0457401276,80.2482681274,67775,67785,10
13.0456495285,80.2482376099,67785,67795,10
13.0453500748,80.2481536865,67795,67816,21
13.0453500748,80.2481536865,67816,67826,10
13.0451698303,80.2481231689,67826,67836,10
13.0449104309,80.2480621338,67836,67846,10
13.0445804596,80.2480010986,67846,67856,10
13.0442800522,80.2479629517,67856,67866,10
13.0440502167,80.2479171753,67866,67876,10
13.0437602997,80.2478637695,67876,67887,11
13.0434799194,80.2477798462,67887,67897,10
13.0430603027,80.2476882935,67897,67907,10
13.0423803329,80.2475509644,67907,67917,10
13.041560173,80.2473831177,67917,67927,10
13.04047966,80.2471618652,67927,67937,10
13.0395097733,80.2470169067,67937,67947,10
13.039059639,80.2468719482,67947,67957,10
13.0387296677,80.2467727661,67957,67968,11
13.0384998322,80.2466583252,67968,67978,10
13.0382204056,80.2466278076,67978,67988,10
13.0378503799,80.24659729,67988,67998,10
13.0375204086,80.2465591431,67998,68008,10
13.0371599197,80.2464981079,68008,68018,10
13.0367097855,80.246421814,68018,68028,10
13.0362195969,80.2462692261,68028,68038,10
13.0356998444,80.2461090088,68038,68049,11
13.0350599289,80.2459030151,68049,68069,20
13.0350599289,80.2459030151,68069,68079,10
13.0349502563,80.2457962036,68079,68089,10
13.0346298218,80.2454528809,68089,68099,10
13.0341997147,80.2448577881,68099,68109,10
13.0337200165,80.2443313599,68109,68119,10
13.0332098007,80.243560791,68119,68130,11
13.0325098038,80.2427215576,68130,68140,10
13.0321397781,80.2422866821,68140,68150,10
13.0320596695,80.2421798706,68150,68160,10
13.0318899155,80.241897583,68160,68170,10
13.0316696167,80.2414016724,68170,68180,10
13.031370163,80.2407989502,68180,68190,10
13.0311498642,80.2402877808,68190,68200,10
13.0310201645,80.2399291992,68200,68211,11
13.0306596756,80.2391662598,68211,68221,10
13.0301704407,80.2382965088,68221,68231,10
13.0296497345,80.2373886108,68231,68241,10
13.0291900635,80.2368469238,68241,68251,10
13.0290899277,80.2367706299,68251,68261,10
13.0289697647,80.2366409302,68261,68271,10
13.0285196304,80.2361602783,68271,68282,11
13.0280103683,80.2355804443,68282,68312,30
13.0280103683,80.2355804443,68312,68322,10
13.0277795792,80.2352981567,68322,68342,20
13.0277795792,80.2352981567,68342,68352,10
13.0276002884,80.2349700928,68352,68363,11
13.0274200439,80.2346801758,68363,68373,10
13.0273895264,80.23462677,68373,68383,10
13.0272397995,80.2343826294,68383,68393,10
13.0271701813,80.2342681885,68393,68403,10
13.027130127,80.2341918945,68403,68413,10
13.0270004272,80.2339401245,68413,68474,61
13.0270004272,80.2339401245,68474,68484,10
13.0268201828,80.233581543,68484,68494,10
13.0267095566,80.2333679199,68494,68525,31
13.0267095566,80.2333679199,68525,68535,10
13.0264396667,80.2330093384,68535,68545,10
13.0264101028,80.2329406738,68545,68555,10
13.0263395309,80.2328033447,68555,68565,10
13.0262804031,80.2326431274,68565,68575,10
13.0262098312,80.2324829102,68575,68585,10
13.0261802673,80.232383728,68585,68595,10
13.0261297226,80.2321624756,68595,68606,11
13.0261001587,80.2319564819,68606,68616,10
13.0260801315,80.2318267822,68616,68626,10
13.0259199142,80.2314300537,68626,68646,20
13.0259199142,80.2314300537,68646,68656,10
13.0259103775,80.2311782837,68656,68666,10
13.0256996155,80.2306213379,68666,68677,11
13.0251102448,80.2296905518,68677,68687,10
13.0247097015,80.2292175293,68687,68697,10
13.0247001648,80.2291870117,68697,68707,10
13.0245895386,80.2290496826,68707,68717,10
13.0243301392,80.2286911011,68717,68727,10
13.0240402222,80.2282791138,68727,68737,10
13.0234203339,80.2276611328,68737,68788,51
13.0234203339,80.2276611328,68788,68798,10
13.0230798721,80.2273330688,68798,68808,10
13.0226097107,80.2268676758,68808,68818,10
13.02202034,80.22631073,68818,68828,10
13.0214595795,80.2258911133,68828,68839,11
13.0209798813,80.2255020142,68839,68849,10
13.0204696655,80.2251205444,68849,68859,10
13.0198001862,80.2246704102,68859,68869,10
13.0190000534,80.2243804932,68869,68879,10
13.0181703568,80.2246398926,68879,68889,10
13.0173501968,80.2249908447,68889,68899,10
13.01679039,80.2252426147,68899,68909,10
13.0164899826,80.2253570557,68909,68920,11
13.016289711,80.225440979,68920,68930,10
13.0158395767,80.2255935669,68930,68940,10
13.0153398514,80.225769043,68940,68950,10
13.0149803162,80.2259063721,68950,68960,10
13.0143899918,80.2261199951,68960,68980,20
13.0143899918,80.2261199951,68980,68990,10
13.0141401291,80.2262420654,68990,69001,11
13.0137901306,80.2263717651,69001,69011,10
13.0131797791,80.226600647,69011,69021,10
13.0124597549,80.2268829346,69021,69031,10
13.0117301941,80.2271499634,69031,69041,10
13.0109596252,80.2274398804,69041,69051,10
13.0101804733,80.2277526855,69051,69061,10
13.009469986,80.2280502319,69061,69071,10
13.0090398788,80.2288208008,69071,69082,11
13.0088596344,80.2298583984,69082,69092,10
13.0086603165,80.2309036255,69092,69102,10
13.008480072,80.2319107056,69102,69112,10
13.008310318,80.2328567505,69112,69122,10
13.0082597733,80.2333679199,69122,69132,10
13.0082502365,80.2333679199,69132,69142,10
13.008190155,80.233543396,69142,69153,11
13.0080699921,80.2340087891,69153,69163,10
13.0079402924,80.2346115112,69163,69173,10
13.0078001022,80.2353515625,69173,69183,10
13.0076503754,80.2361831665,69183,69193,10
13.0074901581,80.2369918823,69193,69203,10
13.0073299408,80.237739563,69203,69213,10
13.0072097778,80.238243103,69213,69223,10
13.0071001053,80.2387008667,69223,69234,11
13.0070199966,80.2391204834,69234,69244,10
13.0068798065,80.2398376465,69244,69274,30
13.0068798065,80.2398376465,69274,69284,10
13.0068397522,80.2400665283,69284,69335,51
13.0068397522,80.2400665283,69335,69345,10
13.006770134,80.2404632568,69345,69355,10
13.0066404343,80.2412719727,69355,69365,10
13.0066204071,80.2421035767,69365,69375,10
13.0066404343,80.2429122925,69375,69385,10
13.0066900253,80.2435913086,69385,69396,11
13.0066795349,80.2442398071,69396,69406,10
13.0066404343,80.2445907593,69406,69426,20
13.0066404343,80.2445907593,69426,69436,10
13.0066003799,80.2448577881,69436,69446,10
13.0066299438,80.2452392578,69446,69456,10
13.0066604614,80.2456436157,69456,69466,10
13.0066900253,80.2460632324,69466,69477,11
13.0067300797,80.2466812134,69477,69487,10
13.0067300797,80.2469024658,69487,69497,10
13.0067396164,80.2470703125,69497,69507,10
13.0067195892,80.2473831177,69507,69517,10
13.0066900253,80.2473983765,69517,69527,10
13.0063400269,80.2474136353,69527,69537,10
13.0059404373,80.2473602295,69537,69568,31
13.0059404373,80.2473602295,69568,69578,10
13.0057096481,80.2472763062,69578,69588,10
13.0054998398,80.2472686768,69588,69598,10
13.0050401688,80.2473068237,69598,69608,10
13.004360199,80.2473678589,69608,69618,10
13.0036096573,80.247467041,69618,69629,11
13.0027103424,80.2476196289,69629,69639,10
13.0018196106,80.2478179932,69639,69649,10
13.000869751,80.2480697632,69649,69659,10
12.9999198914,80.248298645,69659,69669,10
12.9990997314,80.2485122681,69669,69679,10
12.9982004166,80.2487411499,69679,69689,10
12.9972295761,80.2489700317,69689,69699,10
12.996219635,80.2492370605,69699,69710,11
12.9951000214,80.2495422363,69710,69720,10
12.9940700531,80.2498168945,69720,69730,10
12.993060112,80.2500610352,69730,69740,10
12.9920597076,80.2502975464,69740,69750,10
12.9909801483,80.2506027222,69750,69770,20
12.9909801483,80.2506027222,69770,69780,10
12.9907197952,80.2506103516,69780,69791,11
12.9900503159,80.2507781982,69791,69801,10
12.9893198013,80.2509765625,69801,69811,10
12.9889297485,80.2510910034,69811,70044,233
12.9889297485,80.2510910034,70044,70054,10
12.9885797501,80.2511978149,70054,70064,10
12.9882097244,80.2512969971,70064,70074,10
12.987830162,80.2513809204,70074,70084,10
12.9874401093,80.2514724731,70084,70094,10
12.9871997833,80.2515411377,70094,70105,11
12.9870195389,80.2516021729,70105,70115,10
12.9865598679,80.2517318726,70115,70125,10
12.986000061,80.2518615723,70125,70135,10
12.9851198196,80.2520828247,70135,70145,10
12.9841499329,80.2523269653,70145,70155,10
12.9831895828,80.2525634766,70155,70165,10
12.982219696,80.2526397705,70165,70175,10
12.9812803268,80.2526626587,70175,70187,12
12.9804000854,80.2527389526,70187,70197,10
12.9799604416,80.252746582,70197,70207,10
12.9795503616,80.2526626587,70207,70217,10
12.9785003662,80.2525024414,70217,70236,19
12.9785003662,80.2525024414,70236,70247,11
12.9783000946,80.2523803711,70247,70257,10
12.9778795242,80.2519989014,70257,70268,11
12.9771099091,80.251411438,70268,70278,10
12.9761295319,80.2510681152,70278,70288,10
12.975110054,80.2508010864,70288,70298,10
12.9740400314,80.2505111694,70298,70308,10
12.9730100632,80.2502212524,70308,70318,10
12.9720401764,80.249961853,70318,70328,10
12.9709997177,80.2496871948,70328,70339,11
12.969909668,80.2493286133,70339,70349,10
12.9687995911,80.248878479,70349,70359,10
12.9678297043,80.2484588623,70359,70369,10
12.9673500061,80.2482910156,70369,70379,10
12.9670000076,80.2481384277,70379,70389,10
12.9669904709,80.2481307983,70389,70399,10
12.9667901993,80.2480010986,70399,70409,10
12.9664802551,80.2478637695,70409,70420,11
12.9661598206,80.247718811,70420,70430,10
12.9656400681,80.2474975586,70430,70440,10
12.9650297165,80.2473220825,70440,70460,20
12.9650297165,80.2473220825,70460,70470,10
12.9647502899,80.247253418,70470,70480,10
12.9641504288,80.2470397949,70480,70511,31
12.9641504288,80.2470397949,70511,70521,10
12.9640703201,80.2469787598,70521,70531,10
12.9637498856,80.2468414307,70531,70541,10
12.963350296,80.2466430664,70541,70551,10
12.9624004364,80.2461776733,70551,70561,10
12.9614200592,80.2457199097,70561,70571,10
12.9604101181,80.2452468872,70571,70582,11
12.9593696594,80.2447891235,70582,70602,20
12.9593696594,80.2447891235,70602,70612,10
12.9591503143,80.2446670532,70612,70622,10
12.9586000443,80.2444076538,70622,70632,10
12.9579496384,80.244140625,70632,70642,10
12.9573602676,80.2439575195,70642,70653,11
12.9568595886,80.2437896729,70653,70683,30
12.9566698074,80.2436981201,70683,70744,61
12.9566698074,80.2436981201,70744,70754,10
12.9563302994,80.243637085,70754,70764,10
12.9558000565,80.2433624268,70764,70774,10
12.9550304413,80.2429733276,70774,70784,10
12.95429039,80.2426605225,70784,70794,10
12.9535703659,80.2423171997,70794,70804,10
12.9527101517,80.2419815063,70804,70815,11
12.95154953,80.2416000366,70815,70835,20
12.95154953,80.2416000366,70835,70845,10
12.9513998032,80.2415084839,70845,70855,10
12.9509000778,80.2413406372,70855,70865,10
12.9500999451,80.2410964966,70865,70875,10
12.9492301941,80.2408370972,70875,70885,10
12.948559761,80.2405776978,70885,70896,11
12.9475603104,80.2401733398,70896,70906,10
12.9469900131,80.2399597168,70906,70916,10
12.946969986,80.2399520874,70916,70926,10
12.9469099045,80.239906311,70926,70936,10
12.9464797974,80.2397079468,70936,70946,10
12.9457397461,80.239402771,70946,70956,10
12.9449396133,80.238822937,70956,70966,10
12.9441604614,80.2379989624,70966,70977,11
12.9433803558,80.2371673584,70977,70987,10
12.9425096512,80.236541748,70987,70997,10
12.9414100647,80.2362213135,70997,71007,10
12.9404497147,80.236000061,71007,71017,10
12.9398603439,80.2358093262,71017,71027,10
12.9398403168,80.2358093262,71027,71037,10
12.9397201538,80.2357330322,71037,71047,10
12.939209938,80.2354736328,71047,71058,11
12.9383497238,80.2350387573,71058,71068,10
12.9374303818,80.234588623,71068,71078,10
12.9366502762,80.2342224121,71078,71088,10
12.9361896515,80.2339782715,71088,71098,10
12.9359798431,80.2339019775,71098,71108,10
12.9355602264,80.2337036133,71108,71118,10
12.9348201752,80.2333602905,71118,71129,11
12.9339199066,80.2329864502,71129,71149,20
12.9339199066,80.2329864502,71149,71159,10
12.9337301254,80.2329025269,71159,71169,10
12.9332799911,80.2326812744,71169,71179,10
12.9324903488,80.2323684692,71179,71189,10
12.931520462,80.2320175171,71189,71200,11
12.9304895401,80.2316436768,71200,71210,10
12.9294900894,80.2314224243,71210,71220,10
12.928730011,80.2312774658,71220,71230,10
12.9277496338,80.2311401367,71230,71240,10
12.9266796112,80.2310333252,71240,71250,10
12.9259796143,80.2309875488,71250,71260,10
12.9259500504,80.2309875488,71260,71270,10
12.9255800247,80.2309417725,71270,71280,10
12.9248695374,80.2308425903,71280,71291,11
12.9238004684,80.2306976318,71291,71301,10
12.9226398468,80.2305297852,71301,71311,10
12.9214000702,80.2303466797,71311,71321,10
12.9202404022,80.2302017212,71321,71331,10
12.9191703796,80.2300491333,71331,71341,10
12.9180002213,80.2299118042,71341,71351,10
12.9168796539,80.2297668457,71351,71361,10
12.9157896042,80.2296066284,71361,71372,11
12.9146203995,80.2294311523,71372,71382,10
12.9138002396,80.2293395996,71382,71392,10
12.9132604599,80.2292861938,71392,71442,50
12.9132604599,80.2292861938,71442,71453,11
12.913189888,80.2292633057,71453,71463,10
12.912779808,80.2291564941,71463,71473,10
12.9119997025,80.2290496826,71473,71483,10
12.9110298157,80.2289276123,71483,71493,10
12.9099502563,80.228767395,71493,71503,10
12.9089002609,80.2286224365,71503,71513,10
12.9083099365,80.2285308838,71513,71524,11
12.907959938,80.228477478,71524,71534,10
12.9075202942,80.2284164429,71534,71544,10
12.9070396423,80.2283477783,71544,71554,10
12.9066095352,80.228302002,71554,71564,10
12.906370163,80.2282485962,71564,71574,10
12.9060096741,80.2282791138,71574,71584,10
12.9059896469,80.2282714844,71584,71594,10
12.9055299759,80.2282333374,71594,71605,11
12.9046897888,80.2281494141,71605,71615,10
12.9040899277,80.2281188965,71615,71625,10
12.9033002853,80.2280807495,71625,71635,10
12.9027996063,80.2280807495,71635,71655,20
12.9027996063,80.2280807495,71655,71665,10
12.9027099609,80.2280731201,71665,71675,10
12.9022502899,80.2280197144,71675,71686,11
12.901599884,80.2279510498,71686,71696,10
12.9011697769,80.2279205322,71696,71706,10
12.9008398056,80.227897644,71706,71716,10
12.9008197784,80.2278900146,71716,71726,10
12.9006500244,80.2278823853,71726,71736,10
12.9005298615,80.227897644,71736,71746,10
12.9001903534,80.227897644,71746,71756,10
12.8999204636,80.2278823853,71756,71767,11
12.8999004364,80.2278823853,71767,71777,10
12.8997497559,80.2278518677,71777,71787,10
12.8993301392,80.2278289795,71787,71797,10
12.8986902237,80.2277908325,71797,71807,10
12.8978004456,80.2277297974,71807,71817,10
12.8967695236,80.2276763916,71817,71827,10
12.8956098557,80.2276382446,71827,71837,10
12.8944501877,80.2276000977,71837,71848,11
12.8931398392,80.2274780273,71848,71858,10
12.8924398422,80.2273864746,71858,71868,10
12.8920202255,80.2273635864,71868,71878,10
12.8911600113,80.2273483276,71878,71888,10
12.890080452,80.2273406982,71888,71898,10
12.8890695572,80.2273635864,71898,71908,10
12.8882102966,80.2273178101,71908,71918,10
12.8870897293,80.227180481,71918,71929,11
12.8859996796,80.2269210815,71929,71939,10
12.8850297928,80.2267379761,71939,71959,20
12.8850297928,80.2267379761,71959,71969,10
12.8848896027,80.2267227173,71969,71979,10
12.8842897415,80.2266769409,71979,71989,10
12.8833303452,80.2266693115,71989,72000,11
12.8820400238,80.2266998291,72000,72010,10
12.8807497025,80.2267074585,72010,72020,10
12.8795204163,80.2267303467,72020,72030,10
12.8783597946,80.2267913818,72030,72040,10
12.877409935,80.2268829346,72040,72050,10
12.8767900467,80.2269592285,72050,72060,10
12.8766298294,80.2269592285,72060,72070,10
12.8762102127,80.2269592285,72070,72081,11
12.8753099442,80.2269134521,72081,72091,10
12.8742198944,80.2267837524,72091,72101,10
12.8732004166,80.2266921997,72101,72111,10
12.8723697662,80.2266616821,72111,72121,10
12.8712596893,80.2266311646,72121,72131,10
12.8699703217,80.2265396118,72131,72141,10
12.8686199188,80.2263793945,72141,72151,10
12.8672800064,80.2264404297,72151,72162,11
12.8660497665,80.2265625,72162,72172,10
12.864859581,80.2265701294,72172,72182,10
12.8637399673,80.2265396118,72182,72192,10
12.8624200821,80.2265396118,72192,72202,10
12.8614397049,80.2266082764,72202,72212,10
12.8611803055,80.226600647,72212,72222,10
12.86095047,80.2265777588,72222,72232,10
12.8600997925,80.2264785767,72232,72243,11
12.8591403961,80.226348877,72243,72253,10
12.8583402634,80.2262573242,72253,72263,10
12.8572397232,80.226272583,72263,72273,10
12.856010437,80.2264022827,72273,72283,10
12.85476017,80.2265319824,72283,72293,10
12.8535404205,80.2266616821,72293,72303,10
12.8523397446,80.2266616821,72303,72313,10
12.8512201309,80.226600647,72313,72324,11
12.8499097824,80.2265396118,72324,72334,10
12.8486099243,80.2265625,72334,72344,10
12.8473396301,80.2265701294,72344,72354,10
12.8461999893,80.226600647,72354,72364,10
12.8456001282,80.2266082764,72364,72374,10
12.8455600739,80.2266082764,72374,72384,10
12.8454504013,80.2266082764,72384,72395,11
12.8448095322,80.2266235352,72395,72405,10
12.8438596725,80.2266998291,72405,72415,10
12.8427696228,80.2268829346,72415,72425,10
12.8415603638,80.2271575928,72425,72435,10
12.8404798508,80.2274627686,72435,72445,10
12.8399295807,80.2276535034,72445,72455,10
12.8395595551,80.2277603149,72455,72465,10
12.8389501572,80.2279205322,72465,72476,11
12.8378801346,80.2281723022,72476,72486,10
12.8366804123,80.2283706665,72486,72496,10
12.835439682,80.2285385132,72496,72506,10
12.8343200684,80.228729248,72506,72516,10
12.8332395554,80.2289123535,72516,72526,10
12.8324699402,80.2291030884,72526,72536,10
12.8323802948,80.2291107178,72536,72546,10
12.8317699432,80.2291870117,72546,72587,41
12.8317699432,80.2291870117,72587,72597,10
12.8313798904,80.2293167114,72597,72607,10
12.8306398392,80.2295684814,72607,72617,10
12.8297100067,80.2299118042,72617,72627,10
12.828789711,80.2303237915,72627,72638,11
12.8276796341,80.2309188843,72638,72648,10
12.8266000748,80.2313079834,72648,72658,10
12.8253803253,80.2313995361,72658,72668,10
12.8241996765,80.231262207,72668,72678,10
12.8230304718,80.2309188843,72678,72688,10
12.8218603134,80.2305679321,72688,72698,10
12.8207902908,80.2304382324,72698,72708,10
12.8197603226,80.2304763794,72708,72719,11
12.8189001083,80.23046875,72719,72729,10
12.8188896179,80.23046875,72729,72739,10
12.8186702728,80.2303771973,72739,72749,10
12.818189621,80.230140686,72749,72759,10
12.8173503876,80.2297515869,72759,72769,10
12.8162498474,80.2294387817,72769,72779,10
12.8150196075,80.2292480469,72779,72790,11
12.8138504028,80.2290420532,72790,72800,10
12.8128900528,80.2287368774,72800,72810,10
12.811750412,80.2283325195,72810,72820,10
12.8106098175,80.227897644,72820,72830,10
12.8097600937,80.2275466919,72830,72840,10
12.8088998795,80.2270202637,72840,72850,10
12.8079996109,80.2262802124,72850,72860,10
12.8071403503,80.2255401611,72860,72871,11
12.8065004349,80.2249603271,72871,72881,10
12.8059501648,80.2244720459,72881,72891,10
12.8054599762,80.2241134644,72891,72901,10
12.8050203323,80.223991394,72901,72911,10
12.8050003052,80.2239837646,72911,72921,10
12.8048400879,80.2239303589,72921,72931,10
12.8042697906,80.2238616943,72931,72941,10
12.8034801483,80.2238006592,72941,72952,11
12.8024396896,80.2236785889,72952,72962,10
12.8014001846,80.2235794067,72962,72972,10
12.8008203506,80.2235488892,72972,72982,10
12.800359726,80.2234802246,72982,72992,10
12.7995004654,80.2233963013,72992,73002,10
12.7983102798,80.2232818604,73002,73012,10
12.7970399857,80.2230987549,73012,73022,10
12.7960395813,80.2229232788,73022,73033,11
12.7957801819,80.2229003906,73033,73043,10
12.7953901291,80.2228088379,73043,73053,10
12.7945404053,80.22265625,73053,73063,10
12.7937002182,80.2225189209,73063,73073,10
12.7924404144,80.2223434448,73073,73083,10
12.7916498184,80.2221374512,73083,73093,10
12.7907104492,80.2219161987,73093,73103,10
12.7897701263,80.2216720581,73103,73114,11
12.7891302109,80.2214279175,73114,73124,10
12.7884197235,80.2211608887,73124,73134,10
12.7877397537,80.2208786011,73134,73144,10
12.7869997025,80.2205963135,73144,73164,20
12.7869997025,80.2205963135,73164,73174,10
12.786740303,80.2204666138,73174,73184,10
12.7865800858,80.2203979492,73184,73195,11
12.786239624,80.2202987671,73195,73205,10
12.7859401703,80.2201690674,73205,73215,10
12.7856502533,80.2200317383,73215,73225,10
12.7848796844,80.2196578979,73225,73245,20
12.7848796844,80.2196578979,73245,73255,10
12.7845497131,80.2195129395,73255,73266,11
12.7838201523,80.2190933228,73266,73276,10
12.7829504013,80.2185974121,73276,73286,10
12.781920433,80.2180404663,73286,73296,10
12.7808599472,80.2174606323,73296,73306,10
12.7797603607,80.2168731689,73306,73316,10
12.7786598206,80.2162780762,73316,73326,10
12.7774000168,80.2157211304,73326,73336,10
12.7761497498,80.2152023315,73336,73347,11
12.7748098373,80.2146606445,73347,73357,10
12.7735996246,80.2141876221,73357,73367,10
12.7724199295,80.213722229,73367,73377,10
12.7713003159,80.2133178711,73377,73387,10
12.7707796097,80.2131500244,73387,73397,10
12.7706203461,80.2130813599,73397,73407,10
12.7699403763,80.2128295898,73407,73417,10
12.7689399719,80.2124633789,73417,73428,11
12.767539978,80.2119522095,73428,73438,10
12.7663202286,80.2115020752,73438,73447,9
12.7651700974,80.2110900879,73447,73458,11
12.7637901306,80.2105865479,73458,73468,10
12.7625799179,80.2101287842,73468,73478,10
12.761349678,80.2096176147,73478,73488,10
12.760310173,80.2091369629,73488,73498,10
12.7599096298,80.2089080811,73498,73509,11
12.7596702576,80.208770752,73509,73519,10
12.7589998245,80.2083969116,73519,73529,10
12.7580404282,80.207862854,73529,73539,10
12.7569904327,80.2072677612,73539,73549,10
12.7558898926,80.2066421509,73549,73559,10
12.7546396255,80.2059631348,73559,73569,10
12.7532997131,80.2052383423,73569,73578,9
12.7521600723,80.2046737671,73578,73590,12
12.7506599426,80.2039108276,73590,73600,10
12.7494001389,80.2032470703,73600,73610,10
12.7481098175,80.2025680542,73610,73620,10
12.7468595505,80.2019424438,73620,73630,10
12.745759964,80.2014083862,73630,73640,10
12.7448501587,80.2009124756,73640,73650,10
12.7442598343,80.200378418,73650,73660,10
12.744099617,80.2001571655,73660,73671,11
12.7435703278,80.199508667,73671,73681,10
12.7428798676,80.1986999512,73681,73691,10
12.7422103882,80.1979217529,73691,73701,10
12.7417697906,80.1973800659,73701,73711,10
12.7416696548,80.1971969604,73711,73721,10
12.7412900925,80.196647644,73721,73731,10
12.7407302856,80.1958999634,73731,73742,11
12.739979744,80.1948318481,73742,73752,10
12.7392396927,80.1938018799,73752,73762,10
12.7384595871,80.192741394,73762,73772,10
12.7378396988,80.1921005249,73772,73782,10
12.7370595932,80.1913299561,73782,73792,10
12.7362804413,80.1905288696,73792,73802,10
12.7354803085,80.1897964478,73802,73812,10
12.7344398499,80.189491272,73812,73823,11
12.7332000732,80.1893997192,73823,73833,10
12.7323198318,80.1892318726,73833,73843,10
12.7314596176,80.1890792847,73843,73853,10
12.7306804657,80.1890182495,73853,73863,10
12.7300300598,80.1889190674,73863,73873,10
12.7296104431,80.1888885498,73873,73883,10
12.729590416,80.1888885498,73883,73893,10
12.7292699814,80.1889038086,73893,73904,11
12.7283802032,80.1887283325,73904,73914,10
12.7274904251,80.1884384155,73914,73924,10
12.7267103195,80.1882476807,73924,73934,10
12.7260799408,80.188117981,73934,73944,10
12.7254104614,80.1880111694,73944,73954,10
12.7249898911,80.1879425049,73954,73964,10
12.7246904373,80.1878814697,73964,73974,10
12.7240800858,80.1877288818,73974,73985,11
12.7235803604,80.1875762939,73985,73995,10
12.7231397629,80.1874771118,73995,74005,10
12.7225704193,80.1873168945,74005,74015,10
12.7222499847,80.1876220703,74015,74035,20
12.7222499847,80.1876220703,74035,74045,10
12.7221403122,80.1878433228,74045,74055,10
12.7219295502,80.1879425049,74055,74066,11
12.7219200134,80.187713623,74066,75302,1236
12.7219200134,80.187713623,75302,75312,10
12.7220697403,80.1873626709,75312,75362,50
12.7220697403,80.1873626709,75362,75372,10
12.7227497101,80.1873779297,75372,75383,11
12.7230501175,80.1874694824,75383,75393,10
12.7235202789,80.1875991821,75393,75403,10
12.7241802216,80.1877975464,75403,75413,10
12.7249298096,80.1879425049,75413,75423,10
12.7256002426,80.1880569458,75423,75433,10
12.7262802124,80.1881713867,75433,75443,10
12.7269601822,80.1883087158,75443,75453,10
12.7277002335,80.1884994507,75453,75464,11
12.7285995483,80.1887817383,75464,75474,10
12.7292299271,80.1889190674,75474,75484,10
12.7297496796,80.1889266968,75484,75494,10
12.7299203873,80.188949585,75494,75504,10
12.7304801941,80.1890335083,75504,75514,10
12.7310800552,80.1890869141,75514,75524,10
12.7318296432,80.1891708374,75524,75534,10
12.7325601578,80.1893081665,75534,75545,11
12.7335395813,80.1894302368,75545,75555,10
12.7346601486,80.1895217896,75555,75565,10
12.7357797623,80.189956665,75565,75575,10
12.7365903854,80.1907424927,75575,75585,10
12.7374801636,80.1916275024,75585,75595,10
12.7384700775,80.1926269531,75595,75605,10
12.7393302917,80.1937637329,75605,75615,10
12.7401504517,80.1948928833,75615,75626,11
12.7410297394,80.1961135864,75626,75636,10
12.7416200638,80.1968994141,75636,75646,10
12.7417697906,80.1971206665,75646,75656,10
12.7421398163,80.1976623535,75656,75666,10
12.7428302765,80.1985015869,75666,75676,10
12.7437200546,80.1995315552,75676,75686,10
12.7446899414,80.2005767822,75686,75697,11
12.7460603714,80.2014389038,75697,75707,10
12.7473802567,80.2021102905,75707,75717,10
12.7487201691,80.2027893066,75717,75727,10
12.7500295639,80.2034606934,75727,75737,10
12.7511997223,80.2040481567,75737,75747,10
12.7523298264,80.2046203613,75747,75757,10
12.7535600662,80.2052612305,75757,75767,10
12.7546396255,80.2058563232,75767,75778,11
12.7561197281,80.2066726685,75778,75788,10
12.7572803497,80.2072982788,75788,75798,10
12.7584600449,80.2079467773,75798,75808,10
12.7596702576,80.2086105347,75808,75818,10
12.7608604431,80.2092514038,75818,75828,10
12.7621097565,80.2098388672,75828,75838,10
12.7633800507,80.2103500366,75838,75848,10
12.7645797729,80.2108230591,75848,75859,11
12.7659196854,80.2113037109,75859,75869,10
12.7671804428,80.2117462158,75869,75879,10
12.7682304382,80.2121582031,75879,75889,10
12.769370079,80.212562561,75889,75899,10
12.77064991,80.2129821777,75899,75909,10
12.7716999054,80.2134017944,75909,75919,10
12.7727603912,80.2137832642,75919,75930,11
12.7739801407,80.2142486572,75930,75940,10
12.7751598358,80.2147293091,75940,75950,10
12.7763900757,80.2152328491,75950,75960,10
12.7776403427,80.2157363892,75960,75970,10
12.7788295746,80.2163009644,75970,75980,10
12.7799596786,80.2169036865,75980,75990,10
12.7811403275,80.2175369263,75990,76000,10
12.7822999954,80.2181777954,76000,76010,10
12.7833299637,80.2187423706,76010,76021,11
12.7842102051,80.2192611694,76021,76031,10
12.7850103378,80.2197113037,76031,76041,10
12.7856903076,80.2200469971,76041,76051,10
12.7861700058,80.2202606201,76051,76081,30
12.7861700058,80.2202606201,76081,76092,11
12.7864198685,80.2203826904,76092,76102,10
12.7866001129,80.220451355,76102,76112,10
12.7867097855,80.2204971313,76112,76122,10
12.7871599197,80.2206497192,76122,76132,10
12.787779808,80.2208633423,76132,76142,10
12.7885198593,80.2211380005,76142,76152,10
12.7893896103,80.2214584351,76152,76162,10
12.7900800705,80.2217025757,76162,76173,11
12.7910404205,80.2219467163,76173,76183,10
12.7919998169,80.2221984863,76183,76193,10
12.7930803299,80.2223968506,76193,76203,10
12.7942495346,80.2225494385,76203,76213,10
12.7953996658,80.2227478027,76213,76223,10
12.7964000702,80.2229537964,76223,76233,10
12.7973604202,80.2231674194,76233,76244,11
12.7985496521,80.2233200073,76244,76254,10
12.7996797562,80.223449707,76254,76264,10
12.8007802963,80.2235488892,76264,76274,10
12.8017196655,80.2236404419,76274,76284,10
12.8025102615,80.223739624,76284,76294,10
12.8031101227,80.2238311768,76294,76304,10
12.803850174,80.2238998413,76304,76314,10
12.8046102524,80.2239608765,76314,76324,10
12.8052101135,80.2240600586,76324,76335,11
12.8056602478,80.2242202759,76335,76345,10
12.8062095642,80.2246704102,76345,76355,10
12.8069000244,80.2253036499,76355,76365,10
12.8076696396,80.2259597778,76365,76375,10
12.8084497452,80.226600647,76375,76385,10
12.8093500137,80.2273178101,76385,76395,10
12.8104095459,80.2278289795,76395,76405,10
12.81153965,80.2282791138,76405,76416,11
12.8129396439,80.2287826538,76416,76426,10
12.8142004013,80.2291564941,76426,76436,10
12.815199852,80.2293167114,76436,76446,10
12.8162298203,80.2294464111,76446,76456,10
12.817440033,80.2297821045,76456,76466,10
12.8184995651,80.2303009033,76466,76476,10
12.8193798065,80.2304992676,76476,76487,11
12.8199195862,80.23046875,76487,76497,10
12.8200998306,80.23046875,76497,76507,10
12.8208398819,80.2304611206,76507,76517,10
12.8219099045,80.2305831909,76517,76527,10
12.8230104446,80.2308883667,76527,76537,10
12.8241500854,80.2312011719,76537,76547,10
12.8252096176,80.2313995361,76547,76557,10
12.8261604309,80.2313766479,76557,76568,11
12.8272104263,80.2311706543,76568,76578,10
12.828040123,80.2307128906,76578,76588,10
12.8287801743,80.2302932739,76588,76598,10
12.8295497894,80.2299423218,76598,76608,10
12.8302698135,80.2296829224,76608,76618,10
12.8308897018,80.2294235229,76618,76638,20
12.8308897018,80.2294235229,76638,76649,11
12.8313102722,80.2293167114,76649,76659,10
12.831870079,80.2291717529,76659,76669,10
12.8326597214,80.2289962769,76669,76679,10
12.8337001801,80.2288208008,76679,76689,10
12.8348302841,80.2286071777,76689,76699,10
12.8360099792,80.2284164429,76699,76709,10
12.8372297287,80.2282409668,76709,76719,10
12.8383302689,80.2280197144,76719,76730,11
12.839099884,80.2278137207,76730,76740,10
12.8394603729,80.2276916504,76740,76770,30
12.8394603729,80.2276916504,76770,76780,10
12.8399400711,80.2275390625,76780,76790,10
12.8407402039,80.2273406982,76790,76800,10
12.8417701721,80.2270812988,76800,76811,11
12.8430204391,80.2268218994,76811,76821,10
12.8440999985,80.2266464233,76821,76831,10
12.8450403214,80.2265701294,76831,76841,10
12.845410347,80.2265396118,76841,76851,10
12.8454504013,80.2265396118,76851,76861,10
12.8456602097,80.2265319824,76861,76871,10
12.8458404541,80.2265319824,76871,76881,10
12.8463802338,80.2265396118,76881,76892,11
12.8473701477,80.2265396118,76892,76902,10
12.8484296799,80.2265472412,76902,76912,10
12.8495101929,80.2265396118,76912,76922,10
12.8505401611,80.2265472412,76922,76932,10
12.8514900208,80.2265930176,76932,76942,10
12.8530502319,80.2266464233,76942,76952,10
12.8544797897,80.2265319824,76952,76963,11
12.8560600281,80.2263565063,76963,76973,10
12.8574199677,80.2262115479,76973,76983,10
12.858590126,80.2261962891,76983,76993,10
12.8597202301,80.226348877,76993,77003,10
12.8606100082,80.2264785767,77003,77013,10
12.8610296249,80.2264862061,77013,77023,10
12.8613796234,80.2265014648,77023,77033,10
12.8621997833,80.2264709473,77033,77044,11
12.863360405,80.2264633179,77044,77054,10
12.8646202087,80.2265014648,77054,77064,10
12.8659601212,80.2265090942,77064,77074,10
12.8672895432,80.2264099121,77074,77084,10
12.8685998917,80.2263336182,77084,77094,10
12.8697395325,80.2264633179,77094,77104,10
12.8708200455,80.2265625,77104,77114,10
12.8718500137,80.226600647,77114,77125,11
12.8727798462,80.2266387939,77125,77135,10
12.8737096786,80.2266921997,77135,77145,10
12.8747301102,80.2267684937,77145,77155,10
12.8758897781,80.2268829346,77155,77166,11
12.8766202927,80.2268829346,77166,77176,10
12.8768396378,80.2268371582,77176,77186,10
12.8770999908,80.2268295288,77186,77196,10
12.8778800964,80.2267684937,77196,77207,11
12.8790197372,80.2266769409,77207,77217,10
12.880109787,80.2266464233,77217,77227,10
12.8813695908,80.2266464233,77227,77237,10
12.8826904297,80.2266387939,77237,77247,10
12.883890152,80.2266235352,77247,77257,10
12.8848104477,80.2266235352,77257,77267,10
12.8853397369,80.2266464233,77267,77277,10
12.8854799271,80.2266921997,77277,77288,11
12.8861198425,80.2268600464,77288,77298,10
12.8870897293,80.2271118164,77298,77308,10
12.8882904053,80.2272720337,77308,77318,10
12.8909502029,80.2273025513,77318,77328,10
12.8909502029,80.2273025513,77328,77338,10
12.8920602798,80.2273101807,77338,77348,10
12.8929300308,80.2273864746,77348,77359,11
12.8941202164,80.2275390625,77359,77369,10
12.8953399658,80.2276000977,77369,77379,10
12.8966398239,80.2276611328,77379,77391,12
12.8980398178,80.2277297974,77391,77401,10
12.8992099762,80.2277984619,77401,77411,10
12.9000597,80.2278137207,77411,77421,10
12.9004402161,80.2278289795,77421,77430,9
12.9005699158,80.2278518677,77430,77472,42
12.9005699158,80.2278518677,77472,77482,10
12.9008798599,80.2278900146,77482,77492,10
12.9012699127,80.2279510498,77492,77502,10
12.9017000198,80.2279586792,77502,77512,10
12.9024896622,80.2279968262,77512,77523,11
12.9028701782,80.2279968262,77523,77533,10
12.9029598236,80.2280197144,77533,77543,10
12.9033403397,80.2280502319,77543,77553,10
12.9041204453,80.2280807495,77553,77563,10
12.9053201675,80.2281265259,77563,77593,30
12.9053201675,80.2281265259,77593,77604,11
12.9055500031,80.2281723022,77604,77614,10
12.9057798386,80.2281799316,77614,77624,10
12.9059000015,80.228187561,77624,77634,10
12.9060897827,80.2282028198,77634,77654,20
12.9062795639,80.2281799316,77654,77715,61
12.9062795639,80.2281799316,77715,77725,10
12.9065198898,80.2281723022,77725,77735,10
12.9069499969,80.2282180786,77735,77745,10
12.9071397781,80.2282562256,77745,77756,11
12.9077796936,80.2283706665,77756,77766,10
12.9087400436,80.2285385132,77766,77776,10
12.9098796844,80.2287368774,77776,77786,10
12.9110603333,80.2288970947,77786,77796,10
12.912320137,80.2290725708,77796,77806,10
12.9134597778,80.2292404175,77806,77816,10
12.9140901566,80.229309082,77816,77826,10
12.9140996933,80.229309082,77826,77837,11
12.9144802094,80.2293624878,77837,77847,10
12.9152402878,80.2294769287,77847,77857,10
12.9162302017,80.2296600342,77857,77867,10
12.917309761,80.2298431396,77867,77877,10
12.9184598923,80.2299728394,77877,77887,10
12.9196901321,80.2301177979,77887,77897,10
12.9209403992,80.2302627563,77897,77907,10
12.9221401215,80.2304077148,77907,77918,11
12.9232797623,80.2305831909,77918,77928,10
12.9243402481,80.2307128906,77928,77938,10
12.9254398346,80.2308578491,77938,77948,10
12.9265003204,80.231010437,77948,77958,10
12.9276504517,80.2311630249,77958,77968,10
12.9287500381,80.231300354,77968,77978,10
12.9296503067,80.2314987183,77978,77988,10
12.9307003021,80.2317810059,77988,77999,11
12.9319400787,80.232170105,77999,78009,10
12.9329500198,80.2325134277,78009,78019,10
12.933719635,80.2328414917,78019,78029,10
12.9337701797,80.2328567505,78029,78039,10
12.9342002869,80.233039856,78039,78049,10
12.9350004196,80.2334136963,78049,78059,10
12.9358596802,80.2338485718,78059,78069,10
12.9368495941,80.2343215942,78069,78080,11
12.9380702972,80.234916687,78080,78090,10
12.9390802383,80.2353973389,78090,78100,10
12.9396600723,80.2356796265,78100,78110,10
12.939740181,80.2357025146,78110,78120,10
12.9400997162,80.2358627319,78120,78130,10
12.9409198761,80.2361068726,78130,78140,10
12.942029953,80.2363815308,78140,78151,11
12.9432401657,80.2369918823,78151,78161,10
12.9441003799,80.2379302979,78161,78171,10
12.944899559,80.238822937,78171,78181,10
12.9457397461,80.2394485474,78181,78191,10
12.9467000961,80.2398223877,78191,78201,10
12.9473304749,80.2400512695,78201,78211,10
12.9474802017,80.2401199341,78211,78221,10
12.9481401443,80.2404022217,78221,78232,11
12.9487800598,80.2406463623,78232,78272,40
12.9487800598,80.2406463623,78272,78282,10
12.9488601685,80.2406768799,78282,78292,10
12.9493303299,80.2408599854,78292,78301,9
12.9502897263,80.2411499023,78301,78313,12
12.9511995316,80.2414169312,78313,78323,10
12.9513998032,80.2415084839,78323,78333,10
12.9520101547,80.2417526245,78333,78343,10
12.9528102875,80.2420578003,78343,78353,10
12.9537296295,80.24243927,78353,78363,10
12.9544801712,80.2427215576,78363,78373,10
12.955280304,80.243019104,78373,78383,10
12.9561004639,80.243309021,78383,78394,11
12.9563903809,80.2433776855,78394,78404,10
12.9568395615,80.243560791,78404,78414,10
12.9576797485,80.2439727783,78414,78424,10
12.9587402344,80.2444534302,78424,78434,10
12.9597797394,80.2449188232,78434,78444,10
12.9607496262,80.2453613281,78444,78454,10
12.9615898132,80.2457733154,78454,78464,10
12.9623003006,80.2461013794,78464,78475,11
12.9629297256,80.2464523315,78475,78495,20
12.9629297256,80.2464523315,78495,78505,10
12.9630203247,80.2465591431,78505,78515,10
12.9632997513,80.2467269897,78515,78525,10
12.9637098312,80.2469024658,78525,78535,10
12.9642095566,80.2470626831,78535,78545,10
12.9648399353,80.2472991943,78545,78556,11
12.9659404755,80.2476425171,78556,78566,10
12.9665403366,80.2478790283,78566,78576,10
12.9665498734,80.2478790283,78576,78586,10
12.9668197632,80.2480392456,78586,78596,10
12.9672899246,80.2482681274,78596,78606,10
12.9682197571,80.2486572266,78606,78616,10
12.9694004059,80.2490997314,78616,78627,11
12.9708003998,80.2496109009,78627,78637,10
12.9718999863,80.2498931885,78637,78647,10
12.9730396271,80.2501907349,78647,78657,10
12.9738798141,80.2504425049,78657,78667,10
12.9749097824,80.2507171631,78667,78677,10
12.9761695862,80.2510986328,78677,78687,10
12.9773797989,80.2515563965,78687,78697,10
12.978219986,80.2521972656,78697,78708,11
12.9785499573,80.2523880005,78708,78718,10
12.9788599014,80.2525405884,78718,78728,10
12.9797096252,80.2526702881,78728,78789,61
12.9797096252,80.2526702881,78789,78799,10
12.9801502228,80.2528381348,78799,78809,10
12.9810600281,80.2527694702,78809,78819,10
12.9822597504,80.2526931763,78819,78829,10
12.9835395813,80.2525100708,78829,78839,10
12.9848804474,80.2521514893,78839,78920,81
12.9848804474,80.2521514893,78920,78930,10
12.9851903915,80.2520599365,78930,78940,10
12.9855098724,80.251953125,78940,78951,11
12.9859895706,80.2518081665,78951,79072,121
12.9859895706,80.2518081665,79072,79082,10
12.9863195419,80.2517166138,79082,79092,10
12.9870004654,80.2515335083,79092,79153,61
12.9870004654,80.2515335083,79153,79163,10
12.9871397018,80.2515335083,79163,79173,10
12.9874897003,80.251411438,79173,79184,11
12.9880695343,80.2512588501,79184,79194,10
12.988940239,80.2510223389,79194,79204,10
12.9900798798,80.2507476807,79204,79214,10
12.9914302826,80.2504119873,79214,79224,10
12.9927101135,80.2500991821,79224,79234,10
12.9940700531,80.24974823,79234,79244,10
12.9955196381,80.2493896484,79244,79254,10
12.9969501495,80.2490234375,79254,79265,11
12.9984502792,80.2486419678,79265,79275,10
12.9997797012,80.248298645,79275,79285,10
13.0011997223,80.2479476929,79285,79295,10
13.0024795532,80.2476425171,79295,79305,10
13.0037403107,80.247428894,79305,79315,10
13.0048799515,80.2473068237,79315,79325,10
13.0058698654,80.2470703125,79325,79335,10
13.0063495636,80.2466812134,79335,79346,11
13.0064296722,80.2465362549,79346,79356,10
13.0065698624,80.2459182739,79356,79366,10
13.0065402985,80.2449417114,79366,79376,10
13.006529808,80.2438201904,79376,79386,10
13.0065002441,80.2426986694,79386,79396,10
13.0065002441,80.2415008545,79396,79406,10
13.0066003799,80.2407073975,79406,79417,11
13.0068502426,80.239692688,79417,79427,10
13.0070295334,80.2386169434,79427,79437,10
13.0072097778,80.23777771,79437,79447,10
13.007349968,80.2369995117,79447,79457,10
13.0075101852,80.2361526489,79457,79467,10
13.0077199936,80.2351303101,79467,79477,10
13.0080003738,80.2339935303,79477,79487,10
13.0082302094,80.2328033447,79487,79498,11
13.0085096359,80.2313613892,79498,79508,10
13.0087604523,80.2299575806,79508,79518,10
13.0089998245,80.2288513184,79518,79528,10
13.0094499588,80.2274780273,79528,79538,10
13.009929657,80.2264022827,79538,79548,10
13.010430336,80.2254333496,79548,79558,10
13.0107803345,80.2245101929,79558,79568,10
13.0112600327,80.2234191895,79568,79579,11
13.0116596222,80.2222366333,79579,79589,10
13.0121297836,80.2214889526,79589,79599,10
13.0124197006,80.2217407227,79599,79609,10
13.0129098892,80.2223892212,79609,79619,10
13.0134296417,80.2229614258,79619,79629,10
13.0139799118,80.2233810425,79629,79639,10
13.0142602921,80.2236328125,79639,79649,10
13.0146303177,80.2238693237,79649,79660,11
13.0152997971,80.2247390747,79660,79670,10
13.0155000687,80.2249679565,79670,79680,10
13.0156202316,80.2251205444,79680,79690,10
13.0161399841,80.2253417969,79690,79700,10
13.0170402527,80.2250900269,79700,79710,10
13.0180797577,80.2246932983,79710,79720,10
13.0189800262,80.2243881226,79720,79729,9
13.0196895599,80.2245483398,79729,79741,12
13.0205497742,80.2251586914,79741,79751,10
13.0210695267,80.2255325317,79751,79761,10
13.0215702057,80.2259216309,79761,79771,10
13.0225801468,80.2267227173,79771,79791,20
13.0225801468,80.2267227173,79791,79801,10
13.0228595734,80.2269973755,79801,79811,10
13.0234003067,80.2275314331,79811,79822,11
13.0240898132,80.2282028198,79822,79832,10
13.0244102478,80.2286682129,79832,79842,10
13.0246295929,80.2289733887,79842,79852,10
13.0250301361,80.2295379639,79852,79862,10
13.0255899429,80.2303466797,79862,79872,10
13.0259599686,80.2312469482,79872,79893,21
13.0259599686,80.2312469482,79893,79903,10
13.0260000229,80.2313766479,79903,79913,10
13.0261297226,80.2318725586,79913,79923,10
13.0263900757,80.2326583862,79923,79933,10
13.0268096924,80.2335128784,79933,79943,10
13.0273704529,80.2344284058,79943,79953,10
13.0278997421,80.2353363037,79953,79963,10
13.0284996033,80.236076355,79963,79974,11
13.0292100906,80.2368392944,79974,79984,10
13.0297803879,80.2375564575,79984,79994,10
13.030090332,80.23802948,79994,80004,10
13.0302000046,80.2382202148,80004,80014,10
13.0305204391,80.2388534546,80014,80024,10
13.0309295654,80.2396316528,80024,80034,10
13.0312795639,80.2400970459,80034,80044,10
13.031370163,80.2405166626,80044,80055,11
13.0315198898,80.2410583496,80055,80065,10
13.0317001343,80.2414474487,80065,80075,10
13.0319499969,80.2419815063,80075,80085,10
13.0324201584,80.2425231934,80085,80095,10
13.0329399109,80.2432479858,80095,80105,10
13.0334796906,80.2440032959,80105,80115,10
13.0339603424,80.2447662354,80115,80126,11
13.0344495773,80.2453384399,80126,80136,10
13.0349502563,80.245880127,80136,80146,10
13.0354604721,80.2461471558,80146,80156,10
13.0357398987,80.2462310791,80156,80166,10
13.0358104706,80.2462997437,80166,80176,10
13.0362195969,80.246383667,80176,80186,10
13.036939621,80.2465133667,80186,80196,10
13.0375404358,80.246421814,80196,80206,10
13.0382404327,80.2465667725,80206,80217,11
13.0390195847,80.2468719482,80217,80237,20
13.0390195847,80.2468719482,80237,80247,10
13.0393104553,80.2469406128,80247,80257,10
13.0399503708,80.2470397949,80257,80267,10
13.0407304764,80.2471923828,80267,80277,10
13.0408601761,80.2472076416,80277,80288,11
13.0410203934,80.2472229004,80288,80298,10
13.0415897369,80.2473526001,80298,80308,10
13.0423002243,80.2475509644,80308,80318,10
13.0429000854,80.2477111816,80318,80328,10
13.0436601639,80.247833252,80328,80338,10
13.0443096161,80.2477874756,80338,80348,10
13.0449304581,80.2479705811,80348,80358,10
13.0454797745,80.2482528687,80358,80369,11
13.0462198257,80.2485427856,80369,80379,10
13.0468301773,80.2484283447,80379,80389,10
13.0469903946,80.2484436035,80389,80399,10
13.0473403931,80.2485580444,80399,80409,10
13.0479001999,80.2490768433,80409,80419,10
13.0485496521,80.2496109009,80419,80429,10
13.0492296219,80.2498168945,80429,80439,10
13.0497903824,80.2498779297,80439,80450,11
13.0507698059,80.2500610352,80450,80460,10
13.0516395569,80.2503662109,80460,80470,10
13.0523395538,80.2510528564,80470,80480,10
13.0529603958,80.2518920898,80480,80490,10
13.0534601212,80.2525405884,80490,80500,10
13.0541801453,80.2535476685,80500,80510,10
13.0548000336,80.2543487549,80510,80520,10
13.0554199219,80.2551574707,80520,80531,11
13.0560398102,80.2560119629,80531,80541,10
13.0564002991,80.2564697266,80541,80551,10
13.0568199158,80.2568817139,80551,80561,10
13.0574798584,80.2574615479,80561,80571,10
13.05809021,80.2581329346,80571,80581,10
13.0586395264,80.2588500977,80581,80591,10
13.0590896606,80.2594528198,80591,80602,11
13.0595397949,80.2600708008,80602,80612,10
13.0601997375,80.2606506348,80612,80622,10
13.0606899261,80.2612228394,80622,80632,10
13.0607700348,80.2613677979,80632,80642,10
13.0609903336,80.26171875,80642,80652,10
13.0614795685,80.2622375488,80652,80662,10
13.0617904663,80.2626876831,80662,80672,10
13.0618600845,80.2627716064,80672,80682,10
13.06208992,80.2630767822,80682,80693,11
13.0626401901,80.2637329102,80693,80703,10
13.0631999969,80.2643737793,80703,80713,10
13.0637102127,80.2651596069,80713,80723,10
13.064160347,80.2658233643,80723,80733,10
13.0647296906,80.2665405273,80733,80743,10
13.0652599335,80.2670135498,80743,80753,10
13.0657396317,80.2674865723,80753,80764,11
13.0663404465,80.2682571411,80764,80774,10
13.0669498444,80.2685394287,80774,80794,20
13.0669498444,80.2685394287,80794,80804,10
13.0669898987,80.2685775757,80804,80814,10
13.0673799515,80.2688064575,80814,80824,10
13.0678300858,80.2691421509,80824,80834,10
13.0682001114,80.2695236206,80834,80845,11
13.068110466,80.2704315186,80845,80855,10
13.0680398941,80.2711029053,80855,80865,10
13.0683603287,80.2717514038,80865,80875,10
13.0691099167,80.2720794678,80875,80885,10
13.0697002411,80.2726364136,80885,80895,10
13.0702199936,80.2732391357,80895,80905,10
13.0709600449,80.2740402222,80905,80926,21
13.0709600449,80.2740402222,80926,80936,10
13.071149826,80.2741394043,80936,80946,10
13.0715799332,80.2742996216,80946,80955,9
13.0721998215,80.2748184204,80955,80966,11
13.0728702545,80.2755432129,80966,80976,10
13.0734901428,80.2761688232,80976,80986,10
13.0742197037,80.2763137817,80986,80996,10
13.0751800537,80.2762374878,80996,81007,11
13.0761299133,80.2761993408,81007,81017,10
13.0765895844,80.2762374878,81017,81027,10
13.0774097443,80.2761764526,81027,81037,10
13.0781402588,80.2758789063,81037,81047,10
13.0785503387,80.2751617432,81047,81057,10
13.0794200897,80.2752304077,81057,81067,10
13.0803899765,80.2752304077,81067,81077,10
13.0814599991,80.275100708,81077,81128,51
13.0814599991,80.275100708,81128,81138,10
13.0818004608,80.2751998901,81138,81148,10
13.0819597244,80.2753601074,81148,81158,10
13.0819702148,80.275718689,81158,81300,142
13.0819702148,80.275718689,81300,81310,10
13.0818901062,80.2759933472,81310,81321,11
13.0817899704,80.2761764526,81321,81331,10
13.0818395615,80.2767486572,81331,81341,10
13.0819301605,80.2775726318,81341,81351,10
13.0820903778,80.2782592773,81351,81361,10
13.0819196701,80.2783813477,81361,81371,10
13.081870079,80.2778015137,81371,81381,10
13.0817804337,80.2769470215,81381,81391,10
13.0816602707,80.2760391235,81391,81402,11
13.0816001892,80.2755966187,81402,81412,10
13.081580162,80.2755279541,81412,81422,10
13.0815296173,80.2753601074,81422,81432,10
13.0813102722,80.2751617432,81432,81442,10
13.0809602737,80.2751998901,81442,81452,10
13.0803403854,80.2752914429,81452,81462,10
13.0797300339,80.2753372192,81462,81472,10
13.0790500641,80.2752075195,81472,81483,11
13.0783596039,80.2754211426,81483,81493,10
13.0780496597,80.2761383057,81493,81503,10
13.0772695541,80.2762374878,81503,81513,10
13.0765695572,80.2762985229,81513,81523,10
13.0759801865,80.2763214111,81523,81533,10
13.0758800507,80.2761077881,81533,81543,10
13.0759401321,80.2759017944,81543,81554,11
13.0761003494,80.2756881714,81554,85383,3829
13.0761003494,80.2756881714,85383,85393,10
13.075969696,80.2754821777,85393,85413,20
13.075969696,80.2754821777,85413,85423,10
13.0757904053,80.2749710083,85423,85464,41
13.0757904053,80.2749710083,85464,85474,10
13.0757398605,80.2749481201,85474,85940,466
