12.9975004196,80.19165802,12,3020,3008
12.9975700378,80.1917266846,3020,3616,596
12.997420311,80.1916885376,3616,3818,202
12.9974899292,80.1918182373,3818,4090,272
12.9973897934,80.1916275024,4090,5534,1444
12.9973402023,80.1916732788,5534,5705,171
12.9973402023,80.1916732788,5705,5715,10
12.9975004196,80.1917037964,5715,13144,7429
12.9973897934,80.191947937,13144,13235,91
12.997469902,80.1916885376,13235,16597,3362
12.9973497391,80.1917037964,16597,16677,80
12.9975204468,80.1916275024,16677,18685,2008
12.9973201752,80.1914672852,18685,18715,30
12.997130394,80.191116333,18715,18746,31
12.9966897964,80.1912002563,18746,18837,91
12.9962997437,80.1912765503,18837,18867,30
12.9961500168,80.1906814575,18867,18897,30
12.9959201813,80.189781189,18897,18927,30
12.998749733,80.192527771,18927,19003,76
13.0011396408,80.1955566406,19003,19036,33
13.001950264,80.1985778809,19036,19067,31
13.0030097961,80.2007217407,19067,19097,30
13.0036697388,80.2007980347,19097,19157,60
13.0046701431,80.2011489868,19157,19187,30
13.0103502274,80.2036514282,19187,19265,78
13.014289856,80.2043762207,19265,19296,31
13.0153999329,80.2046432495,19296,19328,32
13.0176000595,80.205406189,19328,19358,30
13.019080162,80.2060012817,19358,19390,32
13.0213603973,80.2062606812,19390,19420,30
13.0277700424,80.2082824707,19420,19490,70
13.0307598114,80.2091293335,19490,19524,34
13.0319700241,80.2094497681,19524,19554,30
13.0343503952,80.2099609375,19554,19585,31
13.0350198746,80.2111968994,19585,19616,31
13.0349302292,80.2118911743,19616,19648,32
13.0369501114,80.2123031616,19648,19678,30
13.0444097519,80.2121887207,19678,19760,82
13.0466299057,80.2121810913,19760,19790,30
13.0483398438,80.212020874,19790,19821,31
13.0491399765,80.2119598389,19821,19851,30
13.0495796204,80.2118911743,19851,19881,30
13.0507202148,80.2119522095,19881,19911,30
13.0536899567,80.2115936279,19911,19943,32
13.056599617,80.2114181519,19943,19973,30
13.0578298569,80.2114334106,19973,20001,28
13.0612697601,80.2115707397,20001,20034,33
13.0631904602,80.2115097046,20034,20064,30
13.0685300827,80.2070236206,20064,20141,77
13.0697002411,80.2051773071,20141,20175,34
13.0691003799,80.2051773071,20175,20205,30
13.0687599182,80.2049713135,20205,20266,61
13.0689897537,80.2047424316,20266,20326,60
13.0693902969,80.204750061,20326,20357,31
13.0698299408,80.204826355,20357,20387,30
13.0706501007,80.2038726807,20387,20417,30
13.0745401382,80.1994018555,20417,20495,78
13.0767202377,80.1990127563,20495,20529,34
13.0791501999,80.1987380981,20529,20559,30
13.081319809,80.1985473633,20559,20588,29
13.0836200714,80.1984634399,20588,20620,32
13.0853796005,80.1984481812,20620,20650,30
13.0867500305,80.1984176636,20650,20681,31
13.0871295929,80.1979370117,20681,20711,30
13.087220192,80.1959991455,20711,20741,30
13.0872898102,80.1930465698,20741,20770,29
13.0876903534,80.189666748,20770,20801,31
13.0877399445,80.1886367798,20801,20832,31
13.0878601074,80.1861190796,20832,20862,30
13.0880002975,80.1828765869,20862,20893,31
13.0880899429,80.1812896729,20893,20922,29
13.0881204605,80.1789398193,20922,20953,31
13.088139534,80.1776885986,20953,20984,31
13.0882797241,80.1752700806,20984,21014,30
13.0884599686,80.1730804443,21014,21044,30
13.08852005,80.171661377,21044,21075,31
13.0886201859,80.1697311401,21075,21105,30
13.0900802612,80.1695785522,21105,21135,30
13.0927696228,80.1697616577,21135,21164,29
13.0947904587,80.1699066162,21164,21195,31
13.0965795517,80.1699905396,21195,21226,31
13.0987796783,80.1701126099,21226,21256,30
13.0994796753,80.1700973511,21256,21286,30
13.0997495651,80.1701278687,21286,21316,30
13.0989904404,80.1701965332,21316,21347,31
13.0989398956,80.1701889038,21347,22730,1383
13.0989398956,80.1701889038,22730,22740,10
13.0986499786,80.1700973511,22740,22751,11
13.0983295441,80.1700897217,22751,22761,10
13.0979099274,80.1700820923,22761,22771,10
13.097319603,80.1700592041,22771,22781,10
13.0965900421,80.1700134277,22781,22791,10
13.0958404541,80.169960022,22791,22801,10
13.0951499939,80.169921875,22801,22811,10
13.0948896408,80.1698913574,22811,22821,10
13.0946598053,80.1698684692,22821,22831,10
13.0943698883,80.1698608398,22831,22841,10
13.0939397812,80.1698226929,22841,22851,10
13.0933103561,80.1697998047,22851,22862,11
13.092499733,80.1697769165,22862,22872,10
13.0916004181,80.1697311401,22872,22882,10
13.0907001495,80.169670105,22882,22892,10
13.0898799896,80.1696166992,22892,22902,10
13.0890903473,80.1695709229,22902,22912,10
13.0887403488,80.1696014404,22912,22922,10
13.0886602402,80.1699981689,22922,22932,10
13.0886697769,80.1706085205,22932,22942,10
13.088640213,80.1713485718,22942,22952,10
13.0886297226,80.1718978882,22952,22963,11
13.0885896683,80.1719818115,22963,22973,10
13.0885896683,80.17237854,22973,22983,10
13.08852005,80.1731414795,22983,22993,10
13.0885000229,80.1740722656,22993,23003,10
13.0884199142,80.175201416,23003,23013,10
13.0883302689,80.1764373779,23013,23023,10
13.0882797241,80.1774597168,23023,23033,10
13.0882797241,80.1785507202,23033,23053,20
13.0882797241,80.1785507202,23053,23063,10
13.0882797241,80.1787109375,23063,23074,11
13.0882701874,80.1792373657,23074,23084,10
13.0882396698,80.1796798706,23084,23094,10
13.0882301331,80.1803817749,23094,23104,10
13.0881900787,80.181312561,23104,23114,10
13.0881299973,80.1823806763,23114,23124,10
13.088060379,80.1836013794,23124,23134,10
13.0880002975,80.1848678589,23134,23144,10
13.08796978,80.186088562,23144,23154,10
13.0879402161,80.1873016357,23154,23164,10
13.0878601074,80.1884918213,23164,23174,10
13.0878200531,80.1897964478,23174,23195,21
13.0878200531,80.1897964478,23195,23205,10
13.0877599716,80.1900405884,23205,23215,10
13.087679863,80.1906433105,23215,23225,10
13.0875797272,80.1914825439,23225,23235,10
13.0874996185,80.1923828125,23235,23245,10
13.087439537,80.1929626465,23245,23255,10
13.0874204636,80.1933898926,23255,23265,10
13.087389946,80.1940383911,23265,23274,9
13.0873699188,80.194732666,23274,23286,12
13.0873403549,80.1957168579,23286,23296,10
13.0872898102,80.1966781616,23296,23306,10
13.0872898102,80.1975097656,23306,23316,10
13.0872802734,80.1976394653,23316,23326,10
13.0872802734,80.1979675293,23326,23336,10
13.0873403549,80.1982879639,23336,23354,18
13.0873403549,80.1982879639,23354,23366,12
13.0872802734,80.1984405518,23366,23376,10
13.0871696472,80.1987686157,23376,23386,10
13.0871295929,80.1992492676,23386,23397,11
13.0870704651,80.2000579834,23397,23407,10
13.086930275,80.200378418,23407,23417,10
13.0864896774,80.200378418,23417,23427,10
13.0858201981,80.2003631592,23427,23437,10
13.0853395462,80.2002487183,23437,23447,10
13.0853099823,80.1997833252,23447,23457,10
13.0853204727,80.1990203857,23457,23467,10
13.0850696564,80.1986923218,23467,23477,10
13.0845804214,80.198677063,23477,23487,10
13.0841398239,80.1986694336,23487,23498,11
13.0840702057,80.1986312866,23498,23508,10
13.0836801529,80.198638916,23508,23518,10
13.0830602646,80.1986236572,23518,23528,10
13.0823898315,80.198600769,23528,23538,10
13.0815601349,80.1986236572,23538,23548,10
13.0806503296,80.1986465454,23548,23558,10
13.0797300339,80.1987304688,23558,23568,10
13.0787096024,80.1988067627,23568,23578,10
13.0777196884,80.1989517212,23578,23588,10
13.0767602921,80.1990585327,23588,23598,10
13.0758199692,80.199180603,23598,23609,11
13.0747995377,80.1994934082,23609,23619,10
13.0741300583,80.1999664307,23619,23629,10
13.0738897324,80.2002029419,23629,23639,10
13.0737800598,80.200340271,23639,23649,10
13.0734701157,80.2007217407,23649,23659,10
13.0729904175,80.2013168335,23659,23669,10
13.0724601746,80.202003479,23669,23679,10
13.0719804764,80.2024917603,23679,23689,10
13.0714197159,80.2031326294,23689,23698,9
13.0708398819,80.2038192749,23698,23710,12
13.0701999664,80.2046432495,23710,23720,10
13.0700397491,80.2049102783,23720,23730,10
13.0699100494,80.2050170898,23730,23740,10
13.0696697235,80.2049407959,23740,23750,10
13.0694198608,80.2048721313,23750,23760,10
13.0691900253,80.2052078247,23760,23770,10
13.0688199997,80.205406189,23770,23780,10
13.0682497025,80.2054367065,23780,23790,10
13.0679798126,80.2052383423,23790,23821,31
13.0679798126,80.2052383423,23821,23831,10
13.0680303574,80.2050094604,23831,23841,10
13.0683002472,80.2049179077,23841,23851,10
13.0684499741,80.2048873901,23851,23861,10
13.0685796738,80.2048492432,23861,23871,10
13.068810463,80.2047576904,23871,23881,10
13.0691299438,80.2047195435,23881,23891,10
13.0693302155,80.204750061,23891,23901,10
13.0694704056,80.2047729492,23901,23910,9
13.0696601868,80.2048034668,23910,23922,12
13.0696697235,80.2048034668,23922,23932,10
13.0698604584,80.2049636841,23932,23942,10
13.0697698593,80.2053527832,23942,23952,10
13.0694103241,80.2059402466,23952,23962,10
13.0689296722,80.2066879272,23962,23972,10
13.0683898926,80.2075881958,23972,23982,10
13.067779541,80.2085189819,23982,23992,10
13.067150116,80.2094421387,23992,24002,10
13.066280365,80.210319519,24002,24012,10
13.0653600693,80.2110900879,24012,24022,10
13.065079689,80.2113189697,24022,24033,11
13.0649795532,80.2114028931,24033,24043,10
13.0645103455,80.2116012573,24043,24053,10
13.0638399124,80.2117462158,24053,24063,10
13.0633201599,80.2117385864,24063,24073,10
13.0625400543,80.2117919922,24073,24083,10
13.0615901947,80.2117767334,24083,24093,10
13.0604496002,80.2117233276,24093,24103,10
13.0592603683,80.2116928101,24103,24113,10
13.0581598282,80.2116699219,24113,24123,10
13.0576496124,80.2116699219,24123,24134,11
13.0573797226,80.2116699219,24134,24144,10
13.056810379,80.2116928101,24144,24154,10
13.0559797287,80.2116775513,24154,24164,10
13.0551204681,80.2116394043,24164,24174,10
13.0545501709,80.2116394043,24174,24184,10
13.0540399551,80.2117080688,24184,24194,10
13.0532999039,80.2118377686,24194,24204,10
13.0524501801,80.2120666504,24204,24214,10
13.0514802933,80.2122497559,24214,24224,10
13.0507698059,80.2122421265,24224,24234,10
13.0502700806,80.2122421265,24234,24245,11
13.0499296188,80.2122497559,24245,24255,10
13.0496501923,80.2122421265,24255,24265,10
13.049539566,80.2122268677,24265,24275,10
13.0494499207,80.2122116089,24275,24285,10
13.0490598679,80.2122192383,24285,24295,10
13.0487699509,80.2122192383,24295,24305,10
13.0484895706,80.2122192383,24305,24315,10
13.0480499268,80.2122268677,24315,24325,10
13.0473804474,80.2122573853,24325,24334,9
13.0465803146,80.2122879028,24334,24346,12
13.0452804565,80.2123413086,24346,24356,10
13.0440998077,80.2123718262,24356,24366,10
13.0429201126,80.2123794556,24366,24376,10
13.0418596268,80.2123565674,24376,24386,10
13.0410404205,80.2123794556,24386,24396,10
13.0401697159,80.2124176025,24396,24406,10
13.0391902924,80.2124404907,24406,24416,10
13.0383701324,80.2124176025,24416,24426,10
13.0378799438,80.2124099731,24426,24467,41
13.0378799438,80.2124099731,24467,24477,10
13.0373296738,80.2123413086,24477,24487,10
13.0367298126,80.2123031616,24487,24497,10
13.0360002518,80.212310791,24497,24507,10
13.0351896286,80.2122802734,24507,24517,10
13.0346603394,80.2121963501,24517,24527,10
13.0342102051,80.212097168,24527,24547,20
13.0342102051,80.212097168,24547,24558,11
13.0338802338,80.2120513916,24558,24568,10
13.033370018,80.2119369507,24568,24578,10
13.0327100754,80.2118225098,24578,24588,10
13.0320901871,80.2116622925,24588,24598,10
13.0320701599,80.2110214233,24598,24608,10
13.0320997238,80.2103500366,24608,24618,10
13.0321702957,80.2098464966,24618,24628,10
13.0319499969,80.2096176147,24628,24638,10
13.0313901901,80.2094497681,24638,24648,10
13.0306100845,80.2092590332,24648,24658,10
13.0299501419,80.2090682983,24658,24669,11
13.0296096802,80.2089691162,24669,24679,10
13.0293703079,80.2089385986,24679,24689,10
13.0288095474,80.2087936401,24689,24699,10
13.0280504227,80.2085418701,24699,24709,10
13.027299881,80.2081375122,24709,24719,10
13.0265197754,80.2076568604,24719,24729,10
13.0256700516,80.2071762085,24729,24739,10
13.0246601105,80.2069778442,24739,24749,10
13.0242795944,80.2069015503,24749,24759,10
13.0240097046,80.2068481445,24759,24770,11
13.023349762,80.2066879272,24770,24780,10
13.0226402283,80.2065200806,24780,24790,10
13.0218296051,80.2064666748,24790,24800,10
13.0208997726,80.2064666748,24800,24810,10
13.0198698044,80.2064971924,24810,24820,10
13.019080162,80.2063674927,24820,24830,10
13.0190296173,80.2063369751,24830,24840,10
13.0186595917,80.206199646,24840,24850,10
13.0180397034,80.2059783936,24850,24860,10
13.0175199509,80.2057723999,24860,24870,10
13.0167999268,80.2055435181,24870,24881,11
13.0158395767,80.2051620483,24881,24891,10
13.0148601532,80.2048416138,24891,24901,10
13.0142698288,80.2045974731,24901,24911,10
13.01404953,80.2045135498,24911,24921,10
13.0136499405,80.2044906616,24921,24931,10
13.0135097504,80.2049636841,24931,24941,10
13.0132598877,80.2057037354,24941,24951,10
13.0130796432,80.2065887451,24951,24961,10
13.0129899979,80.2074279785,24961,24970,9
13.0129098892,80.2078475952,24970,24982,12
13.0128803253,80.2084197998,24982,24992,10
13.0129098892,80.208770752,24992,25002,10
13.0130300522,80.2093276978,25002,25012,10
13.0132198334,80.2097702026,25012,25022,10
13.0131597519,80.2104263306,25022,25032,10
13.0129003525,80.211227417,25032,25042,10
13.0124597549,80.2120437622,25042,25052,10
13.0120601654,80.2126693726,25052,25062,10
13.0119495392,80.2128067017,25062,25072,10
13.0116701126,80.2127075195,25072,25082,10
13.0111999512,80.2123794556,25082,25093,11
13.0104799271,80.2118377686,25093,25103,10
13.0095996857,80.2111282349,25103,25163,60
13.0095996857,80.2111282349,25163,25173,10
13.0093097687,80.2111587524,25173,25183,10
13.0091104507,80.2114334106,25183,25194,11
13.0091400146,80.2119216919,25194,25204,10
13.0093297958,80.212562561,25204,25214,10
13.0095901489,80.2132797241,25214,25224,10
13.0099000931,80.214012146,25224,25234,10
13.0101604462,80.2147827148,25234,25244,10
13.0102796555,80.2156219482,25244,25254,10
13.0106296539,80.216468811,25254,25264,10
13.0110797882,80.2174377441,25264,25274,10
13.0115003586,80.2185897827,25274,25284,10
13.0119199753,80.2198181152,25284,25294,10
13.0122900009,80.2209625244,25294,25305,11
13.0124101639,80.2215194702,25305,25315,10
13.0127296448,80.2219696045,25315,25325,10
13.0131196976,80.2225418091,25325,25335,10
13.0137996674,80.2232818604,25335,25345,10
13.0143299103,80.2237701416,25345,25355,10
13.0149097443,80.2243118286,25355,25365,10
13.0151100159,80.224609375,25365,25375,10
13.015370369,80.2249679565,25375,25385,10
13.0154399872,80.2255401611,25385,25395,10
13.0148296356,80.225982666,25395,25406,11
13.013879776,80.2263870239,25406,25416,10
13.0129003525,80.2267684937,25416,25426,10
13.0118703842,80.2271881104,25426,25436,10
13.0107498169,80.2276382446,25436,25446,10
13.0097503662,80.2279281616,25446,25456,10
13.0096597672,80.2273406982,25456,25466,10
13.0099401474,80.2266616821,25466,25476,10
13.010310173,80.2257385254,25476,25486,10
13.0106801987,80.224861145,25486,25496,10
13.0110797882,80.2239379883,25496,25505,9
13.0113201141,80.2232666016,25505,25517,12
13.010840416,80.2229385376,25517,25527,10
13.010140419,80.2225875854,25527,25537,10
13.0093297958,80.2221603394,25537,25547,10
13.0084104538,80.2216491699,25547,25557,10
13.0073699951,80.2210769653,25557,25567,10
13.006310463,80.2205886841,25567,25577,10
13.0053596497,80.2203826904,25577,25587,10
13.0044498444,80.220161438,25587,25597,10
13.0034198761,80.2199478149,25597,25607,10
13.002409935,80.2194137573,25607,25618,11
13.0014896393,80.2185211182,25618,25628,10
13.000579834,80.2179336548,25628,25638,10
12.9996900558,80.2173614502,25638,25648,10
12.9987001419,80.2168579102,25648,25658,10
12.9977302551,80.2165527344,25658,25668,10
12.9975500107,80.2165527344,25668,25678,10
12.9974803925,80.2165527344,25678,25688,10
12.9972801208,80.2165298462,25688,25698,10
12.9969596863,80.2164764404,25698,25708,10
12.996339798,80.2166213989,25708,25718,10
12.9955596924,80.2168579102,25718,25729,11
12.9947795868,80.2173080444,25729,25739,10
12.9941997528,80.2177581787,25739,25749,10
12.9934902191,80.2182617188,25749,25759,10
12.9927196503,80.2187805176,25759,25769,10
12.991900444,80.2194137573,25769,25779,10
12.9913101196,80.2196121216,25779,25789,10
12.991060257,80.2195129395,25789,25799,10
12.9906997681,80.2193527222,25799,25809,10
12.9900398254,80.2191009521,25809,25818,9
12.9892702103,80.2188262939,25818,25829,11
12.9881000519,80.2184829712,25829,25840,11
12.9870595932,80.2183074951,25840,25850,10
12.9869003296,80.2182769775,25850,25860,10
12.9865398407,80.2181777954,25860,25870,10
12.9858398438,80.2180328369,25870,25880,10
12.9848499298,80.217956543,25880,25890,10
12.9840402603,80.2179870605,25890,25900,10
12.9839696884,80.2179794312,25900,25910,10
12.9835796356,80.2179794312,25910,25920,10
12.982919693,80.2179718018,25920,25929,9
12.9821596146,80.2179718018,25929,25941,12
12.9811296463,80.2181625366,25941,25951,10
12.9802398682,80.218460083,25951,25961,10
12.9794998169,80.2187805176,25961,25971,10
12.9788198471,80.2190475464,25971,25981,10
12.9782896042,80.21925354,25981,25991,10
12.9775400162,80.219581604,25991,26001,10
12.9765996933,80.2199783325,26001,26011,10
12.9757204056,80.2203674316,26011,26021,10
12.9755897522,80.2207565308,26021,26031,10
12.9759998322,80.2210769653,26031,26173,142
12.9761295319,80.221282959,26173,26889,716
12.9761295319,80.221282959,26889,26900,11
12.9763698578,80.2212905884,26900,26910,10
12.9766197205,80.2212982178,26910,26920,10
12.9771795273,80.2212677002,26920,26930,10
12.9778299332,80.2212295532,26930,26940,10
12.9785499573,80.2211837769,26940,26950,10
12.9793796539,80.2211227417,26950,26960,10
12.9801702499,80.2210922241,26960,26970,10
12.9809503555,80.221031189,26970,26980,10
12.9817495346,80.2214202881,26980,26990,10
12.982339859,80.2217483521,26990,27000,10
12.9829998016,80.2219467163,27000,27021,21
12.9829998016,80.2219467163,27021,27031,10
12.9832897186,80.2221221924,27031,27041,10
12.9837303162,80.2224197388,27041,27051,10
12.984290123,80.2227630615,27051,27061,10
12.9848899841,80.2231369019,27061,27071,10
12.9855098724,80.2231826782,27071,27081,10
12.9860801697,80.2229614258,27081,27091,10
12.9864997864,80.2229614258,27091,27101,10
12.9865999222,80.2229766846,27101,27112,11
12.9869098663,80.2230377197,27112,27122,10
12.9874000549,80.2230911255,27122,27132,10
12.9880399704,80.22290802,27132,27142,10
12.988650322,80.2223587036,27142,27152,10
12.9891901016,80.2216873169,27152,27162,10
12.9898004532,80.2209472656,27162,27172,10
12.9904098511,80.2203979492,27172,27182,10
12.9904403687,80.2203826904,27182,27192,10
12.9907598495,80.2201538086,27192,27202,10
12.9912500381,80.2197570801,27202,27211,9
12.9917898178,80.2193603516,27211,27223,12
12.9926099777,80.218788147,27223,27233,10
12.9934196472,80.2181777954,27233,27243,10
12.99421978,80.2175979614,27243,27253,10
12.9949502945,80.2170715332,27253,27263,10
12.9956102371,80.2167129517,27263,27273,10
12.9963703156,80.2165679932,27273,27283,10
12.9972295761,80.2164306641,27283,27293,10
12.9975795746,80.2161026001,27293,27303,10
12.9975996017,80.2161026001,27303,27313,10
12.9977502823,80.216003418,27313,27324,11
12.9981498718,80.2156066895,27324,27334,10
12.9986000061,80.2151565552,27334,27344,10
12.99903965,80.2148284912,27344,27354,10
12.9992904663,80.2146072388,27354,27364,10
12.999710083,80.2142562866,27364,27374,10
13.0001497269,80.2138900757,27374,27384,10
13.0006399155,80.2134170532,27384,27394,10
13.0012598038,80.2129211426,27394,27404,10
13.0018596649,80.2125091553,27404,27414,10
13.0023403168,80.2122268677,27414,27424,10
13.0028295517,80.2121200562,27424,27435,11
13.0035600662,80.2120513916,27435,27445,10
13.003660202,80.2119827271,27445,27455,10
13.0037498474,80.2117462158,27455,27465,10
13.0037202835,80.21118927,27465,27475,10
13.0036201477,80.2104873657,27475,27485,10
13.0035495758,80.2097930908,27485,27495,10
13.0036401749,80.2090530396,27495,27505,10
13.0041503906,80.2086791992,27505,27515,10
13.0050096512,80.2090682983,27515,27525,10
13.0060100555,80.2094573975,27525,27536,11
13.006939888,80.2097320557,27536,27546,10
13.0074195862,80.2098388672,27546,27566,20
13.0074195862,80.2098388672,27566,27576,10
13.0077800751,80.2099533081,27576,27586,10
13.0081796646,80.2099761963,27586,27596,10
13.0081501007,80.2096481323,27596,27606,10
13.0080299377,80.2090606689,27606,27616,10
13.007900238,80.2082519531,27616,27626,10
13.0077295303,80.2073287964,27626,27636,10
13.0075502396,80.2062683105,27636,27647,11
13.007519722,80.205116272,27647,27657,10
13.0075302124,80.2042236328,27657,27667,10
13.0074300766,80.2033920288,27667,27677,10
13.007060051,80.2025680542,27677,27687,10
13.0065402985,80.2030181885,27687,27697,10
13.0070295334,80.2034988403,27697,27707,10
13.0077800751,80.2037200928,27707,27717,10
13.0087203979,80.2036972046,27717,27727,10
13.0099201202,80.2036209106,27727,27737,10
13.0112304688,80.2036819458,27737,27748,11
13.0126895905,80.2039108276,27748,27758,10
13.0138502121,80.204246521,27758,27768,10
13.0148601532,80.2045822144,27768,27778,10
13.0150403976,80.2046508789,27778,27788,10
13.0152301788,80.2047271729,27788,27798,10
13.0157604218,80.2049102783,27798,27808,10
13.0164804459,80.2052001953,27808,27818,10
13.0172195435,80.2051086426,27818,27828,10
13.017999649,80.205657959,27828,27838,10
13.0186901093,80.2059326172,27838,27848,10
13.0187397003,80.2059707642,27848,27859,11
13.0190696716,80.2061004639,27859,27869,10
13.0196399689,80.2062530518,27869,27879,10
13.0203304291,80.2062988281,27879,27889,10
13.0211696625,80.2063064575,27889,27899,10
13.0220899582,80.2063522339,27899,27909,10
13.0229902267,80.2064819336,27909,27919,10
13.0238704681,80.2066192627,27919,27929,10
13.0244398117,80.2067337036,27929,27939,10
13.0244903564,80.2067565918,27939,27949,10
13.024889946,80.2068634033,27949,27960,11
13.0257501602,80.2071228027,27960,27970,10
13.0265197754,80.2075424194,27970,27980,10
13.0273704529,80.2080383301,27980,27990,10
13.0283403397,80.2085189819,27990,28000,10
13.029419899,80.2088012695,28000,28010,10
13.0304203033,80.2090835571,28010,28020,10
13.0314998627,80.2093811035,28020,28040,20
13.0314998627,80.2093811035,28040,28050,10
13.0318002701,80.2095108032,28050,28060,10
13.032409668,80.2096405029,28060,28071,11
13.0333204269,80.2097930908,28071,28081,10
13.0342597961,80.2099761963,28081,28091,10
13.0350799561,80.2102737427,28091,28101,10
13.0350599289,80.21118927,28101,28131,30
13.0350599289,80.21118927,28131,28141,10
13.0349798203,80.2114715576,28141,28151,10
13.0348997116,80.2117767334,28151,28161,10
13.034910202,80.212097168,28161,28172,11
13.0353803635,80.2122497559,28172,28182,10
13.0359897614,80.2122573853,28182,28192,10
13.0369501114,80.2122802734,28192,28212,20
13.0369501114,80.2122802734,28212,28222,10
13.0372600555,80.212272644,28222,28232,10
13.0377597809,80.2122802734,28232,28242,10
13.038479805,80.2122573853,28242,28252,10
13.0393400192,80.2122421265,28252,28262,10
13.0403003693,80.2122421265,28262,28272,10
13.0413198471,80.2122421265,28272,28283,11
13.0424699783,80.2122268677,28283,28293,10
13.0434303284,80.2122268677,28293,28303,10
13.043970108,80.2122268677,28303,28323,20
13.043970108,80.2122268677,28323,28333,10
13.044210434,80.2122192383,28333,28343,10
13.0447301865,80.2122268677,28343,28353,10
13.0454301834,80.2122192383,28353,28363,10
13.0462598801,80.2122192383,28363,28372,9
13.0470600128,80.2121810913,28372,28383,11
13.0484895706,80.212020874,28383,28404,21
13.0484895706,80.212020874,28404,28414,10
13.0486803055,80.2119979858,28414,28424,10
13.0490198135,80.2119827271,28424,28434,10
13.0491600037,80.2119827271,28434,28444,10
13.0494804382,80.2119903564,28444,28454,10
13.0497703552,80.2119598389,28454,28464,10
13.0500001907,80.2119293213,28464,28474,10
13.0502195358,80.2119598389,28474,28484,10
13.050620079,80.212020874,28484,28494,10
13.0511398315,80.2120513916,28494,28505,11
13.0522699356,80.2119598389,28505,28515,10
13.0532598495,80.211730957,28515,28525,10
13.0542001724,80.2114868164,28525,28535,10
13.0545301437,80.2114486694,28535,28545,10
13.0548200607,80.2114181519,28545,28555,10
13.0554304123,80.2114334106,28555,28565,10
13.0562400818,80.2114334106,28565,28575,10
13.0571498871,80.2114105225,28575,28585,10
13.0576400757,80.2113800049,28585,28596,11
13.0581703186,80.2114105225,28596,28606,10
13.0589399338,80.2114486694,28606,28616,10
13.0598096848,80.2115325928,28616,28626,10
13.0608100891,80.2115783691,28626,28636,10
13.0617599487,80.2116165161,28636,28646,10
13.0626096725,80.2116012573,28646,28656,10
13.0629901886,80.2115325928,28656,28666,10
13.0630903244,80.2115097046,28666,28676,10
13.0634899139,80.2114868164,28676,28686,10
13.0641803741,80.2114486694,28686,28696,10
13.0649700165,80.2111434937,28696,28707,11
13.0658903122,80.2104721069,28707,28717,10
13.0667695999,80.2097015381,28717,28727,10
13.0674600601,80.2087020874,28727,28737,10
13.0680999756,80.2077178955,28737,28747,10
13.0687799454,80.206703186,28747,28757,10
13.0693397522,80.2057876587,28757,28767,10
13.0696201324,80.2052536011,28767,28777,10
13.0696697235,80.2048873901,28777,28787,10
13.0692996979,80.2050170898,28787,28797,10
13.0689401627,80.2053909302,28797,28807,10
13.0687303543,80.2050170898,28807,28838,31
13.0687303543,80.2050170898,28838,28848,10
13.0687103271,80.204788208,28848,28858,10
13.0690002441,80.2046890259,28858,28868,10
13.069439888,80.2047271729,28868,28878,10
13.0697402954,80.2048034668,28878,28888,10
13.0698604584,80.2048110962,28888,28898,10
13.0700798035,80.2046127319,28898,28908,10
13.0703802109,80.2041931152,28908,28918,10
13.0708599091,80.2036209106,28918,28929,11
13.0714797974,80.2029266357,28929,28939,10
13.0720996857,80.2022171021,28939,28949,10
13.072719574,80.2015380859,28949,28959,10
13.0731897354,80.2009963989,28959,28969,10
13.0736103058,80.2005004883,28969,28979,10
13.0740299225,80.1999435425,28979,28989,10
13.0743198395,80.1996231079,28989,28999,10
13.0743303299,80.1996231079,28999,29009,10
13.0743999481,80.1995391846,29009,29019,10
13.0746202469,80.1993484497,29019,29030,11
13.0752096176,80.1991119385,29030,29040,10
13.0759801865,80.1990585327,29040,29050,10
13.0768404007,80.1990127563,29050,29060,10
13.0778398514,80.1988983154,29060,29070,10
13.0788803101,80.1987686157,29070,29080,10
13.0797195435,80.1987075806,29080,29090,10
13.0806598663,80.1986083984,29090,29100,10
13.0813302994,80.1985702515,29100,29110,10
13.0818595886,80.1985702515,29110,29120,10
13.0822095871,80.1985397339,29120,29131,11
13.0822496414,80.1985321045,29131,29141,10
13.0824203491,80.1985092163,29141,29151,10
13.0825901031,80.1985092163,29151,29161,10
13.082909584,80.1985168457,29161,29171,10
13.0833396912,80.1985015869,29171,29181,10
13.0835599899,80.1984710693,29181,29191,10
13.0838603973,80.1984710693,29191,29201,10
13.0842199326,80.1984710693,29201,29211,10
13.0845603943,80.1985015869,29211,29221,10
13.0850601196,80.1984329224,29221,29252,31
13.0850601196,80.1984329224,29252,29262,10
13.0853900909,80.1984176636,29262,29272,10
13.0858097076,80.1984405518,29272,29282,10
13.0864295959,80.1984176636,29282,29292,10
13.0868902206,80.1984176636,29292,29302,10
13.0870895386,80.1982803345,29302,29312,10
13.087100029,80.1980361938,29312,29322,10
13.087100029,80.1979675293,29322,29332,10
13.0871496201,80.1976165771,29332,29342,10
13.0871801376,80.1970062256,29342,29353,11
13.0872001648,80.1961212158,29353,29363,10
13.0872297287,80.1952133179,29363,29373,10
13.0872602463,80.1942214966,29373,29383,10
13.0873003006,80.1929702759,29383,29433,50
13.0873003006,80.1929702759,29433,29443,10
13.0872497559,80.1928405762,29443,29453,10
13.0873098373,80.1924209595,29453,29464,11
13.0874204636,80.1916809082,29464,29474,10
13.0875501633,80.1908416748,29474,29484,10
13.087679863,80.1898193359,29484,29494,10
13.0877199173,80.1890029907,29494,29504,10
13.0877199173,80.1889877319,29504,29514,10
13.0877399445,80.1887588501,29514,29524,10
13.087770462,80.1882095337,29524,29534,10
13.0878295898,80.1874465942,29534,29544,10
13.0878601074,80.1865310669,29544,29554,10
13.0878896713,80.185546875,29554,29565,11
13.0879602432,80.1845169067,29565,29575,10
13.0880098343,80.1834869385,29575,29585,10
13.0880498886,80.1825714111,29585,29595,10
13.0880899429,80.1819610596,29595,29605,10
13.0881099701,80.1812515259,29605,29615,10
13.088139534,80.1804275513,29615,29625,10
13.0881500244,80.1796569824,29625,29635,10
13.088139534,80.1791305542,29635,29645,10
13.0881204605,80.1789016724,29645,29655,10
13.0881099701,80.178817749,29655,29665,10
13.088139534,80.1783828735,29665,29676,11
13.0881500244,80.1775894165,29676,29686,10
13.0881795883,80.1768722534,29686,29696,10
13.0882396698,80.1760101318,29696,29706,10
13.0883102417,80.1750488281,29706,29716,10
13.0883598328,80.1744003296,29716,29726,10
13.0884304047,80.1737670898,29726,29736,10
13.088470459,80.1730804443,29736,29746,10
13.0885095596,80.172416687,29746,29756,10
13.08852005,80.1719894409,29756,29766,10
13.08852005,80.1719665527,29766,29777,11
13.08852005,80.171913147,29777,29787,10
13.0885400772,80.1715927124,29787,29797,10
13.0885896683,80.1710281372,29797,29807,10
13.0886497498,80.169960022,29807,29857,50
13.0886497498,80.169960022,29857,29867,10
13.0887298584,80.1696090698,29867,29876,9
13.0890398026,80.1694717407,29876,29888,12
13.0898303986,80.1695480347,29888,29898,10
13.090669632,80.1696090698,29898,29908,10
13.0914697647,80.169670105,29908,29918,10
13.0919904709,80.1696777344,29918,29928,10
13.0927495956,80.1697616577,29928,29938,10
13.0936698914,80.1697769165,29938,29948,10
13.0941095352,80.1698379517,29948,29958,10
13.0946397781,80.1698379517,29958,29968,10
13.0946502686,80.1698608398,29968,29978,10
13.0949602127,80.169921875,29978,29989,11
13.0953798294,80.1698989868,29989,29999,10
13.0961303711,80.169921875,29999,30009,10
13.097029686,80.1699676514,30009,30019,10
13.0980396271,80.1700134277,30019,30029,10
13.0990600586,80.1700820923,30029,30039,10
13.0996599197,80.1700210571,30039,30069,30
13.0996599197,80.1700210571,30069,30079,10
13.0997200012,80.1698608398,30079,30088,9
13.0996599197,80.169670105,30088,30100,12
13.0993404388,80.1696166992,30100,30110,10
13.0990400314,80.1695785522,30110,30120,10
13.0988702774,80.1694030762,30120,30130,10
13.0991001129,80.169342041,30130,31755,1625
13.0991001129,80.169342041,31755,31765,10
13.0992202759,80.1695175171,31765,31775,10
13.0993795395,80.1696777344,31775,31795,20
13.0993795395,80.1696777344,31795,31805,10
13.0993795395,80.1700210571,31805,32310,505
13.0993795395,80.1700210571,32310,32320,10
13.0989303589,80.1701889038,32320,32330,10
13.0985202789,80.1702270508,32330,32340,10
13.0979099274,80.1701812744,32340,32350,10
13.0972003937,80.1701126099,32350,32361,11
13.0963201523,80.1700363159,32361,32371,10
13.0955295563,80.169960022,32371,32381,10
13.0949602127,80.169921875,32381,32391,10
13.0949296951,80.1699066162,32391,32401,10
13.0945596695,80.169883728,32401,32411,10
13.09416008,80.1698532104,32411,32421,10
13.0936803818,80.1698913574,32421,32431,10
13.093000412,80.169921875,32431,32441,10
13.0920801163,80.1698226929,32441,32451,10
13.091219902,80.1697387695,32451,32461,10
13.0902395248,80.1696472168,32461,32472,11
13.0892496109,80.169593811,32472,32482,10
13.0889396667,80.1695785522,32482,32492,10
13.0887403488,80.1697616577,32492,32502,10
13.0887203217,80.170173645,32502,32512,10
13.0886697769,80.1707077026,32512,32522,10
13.0886297226,80.1713562012,32522,32532,10
13.0886201859,80.1718826294,32532,32542,10
13.0886096954,80.1718978882,32542,32552,10
13.0885601044,80.1722412109,32552,32562,10
13.0885295868,80.1728210449,32562,32572,10
13.0884799957,80.173538208,32572,32583,11
13.0884304047,80.1744308472,32583,32593,10
13.0884199142,80.1747970581,32593,32603,10
13.0883703232,80.1752624512,32603,32613,10
13.0883302689,80.1759414673,32613,32623,10
13.0882997513,80.1767120361,32623,32633,10
13.0882501602,80.1775588989,32633,32643,10
13.088259697,80.1783599854,32643,32653,10
13.0882701874,80.1785430908,32653,32663,10
13.0882902145,80.1786270142,32663,32672,9
13.0882797241,80.178817749,32672,32684,12
13.0882797241,80.1789627075,32684,32694,10
13.0882902145,80.1792068481,32694,32704,10
13.0882701874,80.1795578003,32704,32714,10
13.088259697,80.1800231934,32714,32724,10
13.0882196426,80.1807098389,32724,32734,10
13.0881996155,80.1814498901,32734,32744,10
13.0881595612,80.1820602417,32744,32754,10
13.0881204605,80.1827011108,32754,32764,10
13.0880804062,80.1834793091,32764,32774,10
13.0880098343,80.1844177246,32774,32784,10
13.0880002975,80.1851730347,32784,32795,11
13.0879898071,80.1857376099,32795,32805,10
13.0879602432,80.1864471436,32805,32815,10
13.0879402161,80.1873397827,32815,32825,10
13.0879001617,80.1881790161,32825,32835,10
13.0878601074,80.1889038086,32835,32845,10
13.0878400803,80.1896820068,32845,32875,30
13.0878400803,80.1896820068,32875,32885,10
13.0878601074,80.1898727417,32885,32895,10
13.0877504349,80.1904067993,32895,32906,11
13.0875997543,80.1912918091,32906,32916,10
13.0875301361,80.1919326782,32916,32926,10
13.0874795914,80.1922531128,32926,32936,10
13.0874204636,80.1926193237,32936,32946,10
13.087389946,80.1930618286,32946,32956,10
13.0873603821,80.1936187744,32956,32966,10
13.0873298645,80.1943206787,32966,32976,10
13.0873098373,80.1951599121,32976,32986,10
13.0873003006,80.195930481,32986,32996,10
13.0872898102,80.1968307495,32996,33007,11
13.0872602463,80.197593689,33007,33017,10
13.0872602463,80.1977310181,33017,33027,10
13.0872497559,80.1979293823,33027,33037,10
13.0873003006,80.1983184814,33037,33057,20
13.0873003006,80.1983184814,33057,33067,10
13.0875797272,80.1984176636,33067,33077,10
13.0881004333,80.1984100342,33077,33087,10
13.0888204575,80.1984176636,33087,33097,10
13.0896196365,80.1984634399,33097,33106,9
13.0904998779,80.1985321045,33106,33118,12
13.0915699005,80.198638916,33118,33128,10
13.0923700333,80.1986618042,33128,33138,10
13.0930099487,80.1987075806,33138,33148,10
13.0930204391,80.1990203857,33148,33158,10
13.0929698944,80.199508667,33158,33168,10
13.0929098129,80.2004928589,33168,33218,50
13.0929098129,80.2004928589,33218,33229,11
13.0929498672,80.2005767822,33229,33239,10
13.0927400589,80.2006072998,33239,33249,10
13.0922002792,80.2006225586,33249,33259,10
13.091460228,80.2005996704,33259,33269,10
13.0911197662,80.2005691528,33269,33279,10
13.0908603668,80.2005462646,33279,33289,10
13.090379715,80.2005691528,33289,33299,10
13.089679718,80.2005767822,33299,33309,10
13.088809967,80.2004928589,33309,33319,10
13.0879297256,80.2004623413,33319,33330,11
13.087439537,80.2004623413,33330,33340,10
13.0873098373,80.2004623413,33340,33350,10
13.0870304108,80.2004394531,33350,33360,10
13.0864801407,80.2004165649,33360,33370,10
13.0859804153,80.2003936768,33370,33380,10
13.0858697891,80.200378418,33380,33390,10
13.0856599808,80.2003479004,33390,33400,10
13.0854997635,80.2003631592,33400,33410,10
13.0853395462,80.2002410889,33410,33420,10
13.0853300095,80.1998291016,33420,33430,10
13.0853300095,80.1992034912,33430,33441,11
13.0852403641,80.1987533569,33441,33451,10
13.0851402283,80.1987228394,33451,33461,10
13.0847797394,80.1986999512,33461,33471,10
13.0844202042,80.1987075806,33471,33491,20
13.0844202042,80.1987075806,33491,33501,10
13.0839500427,80.1986923218,33501,33511,10
13.0832195282,80.1986618042,33511,33572,61
13.0832195282,80.1986618042,33572,33582,10
13.0829401016,80.1986465454,33582,33592,10
13.0826101303,80.1986465454,33592,33602,10
13.0820999146,80.1986618042,33602,33612,10
13.081580162,80.1986618042,33612,33622,10
13.0809001923,80.198638916,33622,33632,10
13.0800800323,80.1987075806,33632,33642,10
13.0791397095,80.1988067627,33642,33653,11
13.0779800415,80.1989364624,33653,33663,10
13.0769300461,80.1990585327,33663,33673,10
13.0759296417,80.1991729736,33673,33683,10
13.0749597549,80.1994094849,33683,33693,10
13.0741701126,80.1999206543,33693,33703,10
13.0736999512,80.2005081177,33703,33713,10
13.0736103058,80.2006607056,33713,33723,10
13.0735397339,80.2007293701,33723,33733,10
13.0732402802,80.2010879517,33733,33743,10
13.0727996826,80.2016220093,33743,33753,10
13.0722799301,80.2022323608,33753,33764,11
13.0716199875,80.2029266357,33764,33774,10
13.0709695816,80.203666687,33774,33784,10
13.070309639,80.2044830322,33784,33794,10
13.0699501038,80.2049865723,33794,33804,10
13.069729805,80.2050018311,33804,33814,10
13.069439888,80.2048568726,33814,33824,10
13.0692100525,80.2052001953,33824,33834,10
13.0688695908,80.2053985596,33834,33844,10
13.0683403015,80.2054367065,33844,33854,10
13.0679702759,80.2052307129,33854,33895,41
13.0679702759,80.2052307129,33895,33905,10
13.068110466,80.2049407959,33905,33915,10
13.0683403015,80.2049331665,33915,33925,10
13.0686597824,80.2048187256,33925,33935,10
13.0689697266,80.2047424316,33935,33945,10
13.0692796707,80.204750061,33945,33955,10
13.0694904327,80.204788208,33955,33965,10
13.0696401596,80.2048110962,33965,33975,10
13.0698795319,80.2050018311,33975,33986,11
13.0698003769,80.205291748,33986,33996,10
13.0694904327,80.2057800293,33996,34006,10
13.0690603256,80.2064437866,34006,34016,10
13.0685997009,80.2071990967,34016,34026,10
13.0680503845,80.2080688477,34026,34036,10
13.067440033,80.2090072632,34036,34046,10
13.0667695999,80.2099227905,34046,34056,10
13.066160202,80.2105026245,34056,34066,10
13.0654602051,80.2110671997,34066,34075,9
13.0651397705,80.2113189697,34075,34087,12
13.0650701523,80.2113418579,34087,34097,10
13.0646696091,80.2115020752,34097,34107,10
13.0639896393,80.2117004395,34107,34137,30
13.0639896393,80.2117004395,34137,34147,10
13.0638198853,80.2116470337,34147,34157,10
13.0635004044,80.2117080688,34157,34167,10
13.0629997253,80.2117767334,34167,34177,10
13.0626497269,80.2119598389,34177,34187,10
13.0619497299,80.2117614746,34187,34198,11
13.0606803894,80.2117004395,34198,34208,10
13.0595703125,80.2116622925,34208,34218,10
13.0586099625,80.2116317749,34218,34228,10
13.0581598282,80.2116470337,34228,34238,10
13.0578298569,80.2116775513,34238,34248,10
13.0577001572,80.2116775513,34248,34258,10
13.0572500229,80.2116699219,34258,34268,10
13.056599617,80.2116622925,34268,34278,10
13.0558099747,80.2116165161,34278,34288,10
13.0548696518,80.2115936279,34288,34298,10
13.053899765,80.2116928101,34298,34309,11
13.0529603958,80.2119369507,34309,34319,10
13.0521802902,80.2121582031,34319,34329,10
13.0514602661,80.2122116089,34329,34339,10
13.0509500504,80.2121429443,34339,34349,10
13.0507297516,80.2121887207,34349,34359,10
13.0504703522,80.2121887207,34359,34369,10
13.0500898361,80.2121887207,34369,34379,10
13.0497999191,80.2122116089,34379,34389,10
13.0497999191,80.2121963501,34389,34399,10
13.0496997833,80.2121734619,34399,34410,11
13.0495300293,80.2121429443,34410,34420,10
13.0494003296,80.2121276855,34420,34430,10
13.049200058,80.2121505737,34430,34440,10
13.049079895,80.2121734619,34440,34450,10
13.0488996506,80.2121810913,34450,34460,10
13.0486803055,80.2121963501,34460,34470,10
13.0482196808,80.2122421265,34470,34480,10
13.0474996567,80.2123031616,34480,34490,10
13.0465898514,80.212348938,34490,34500,10
13.0456104279,80.2124023438,34500,34510,10
13.045129776,80.2124481201,34510,34571,61
13.045129776,80.2124481201,34571,34581,10
13.0449199677,80.2124176025,34581,34591,10
13.044500351,80.2124633789,34591,34601,10
13.0440702438,80.2124481201,34601,34611,10
13.0433797836,80.2124328613,34611,34621,10
13.0424995422,80.2124023438,34621,34632,11
13.0413503647,80.2124023438,34632,34642,10
13.0402097702,80.2124404907,34642,34652,10
13.0390796661,80.2124786377,34652,34662,10
13.0382299423,80.2124176025,34662,34682,20
13.0382299423,80.2124176025,34682,34692,10
13.0380001068,80.2123336792,34692,34702,10
13.0376195908,80.2123336792,34702,34712,10
13.0370597839,80.2122879028,34712,34722,10
13.036450386,80.2123184204,34722,34733,11
13.0362501144,80.212348938,34733,34743,10
13.035949707,80.2123565674,34743,34773,30
13.0357999802,80.2123336792,34773,34793,20
13.03565979,80.2123031616,34793,34854,61
13.03565979,80.2123031616,34854,34864,10
13.0354499817,80.2123336792,34864,34874,10
13.0352096558,80.2123031616,34874,34884,10
13.0349798203,80.212272644,34884,34894,10
13.034910202,80.2122497559,34894,34904,10
13.0347299576,80.2121734619,34904,34914,10
13.034330368,80.2121124268,34914,34944,30
13.034330368,80.2121124268,34944,34955,11
13.034040451,80.2120513916,34955,34965,10
13.0339698792,80.2120437622,34965,34975,10
13.0338602066,80.2120285034,34975,34985,10
13.0335197449,80.2119827271,34985,34995,10
13.0329198837,80.2118606567,34995,35005,10
13.0321598053,80.2117233276,35005,35015,10
13.031999588,80.211151123,35015,35025,10
13.0320701599,80.2104263306,35025,35035,10
13.0320501328,80.2096862793,35035,35045,10
13.031419754,80.2095031738,35045,35055,10
13.0307197571,80.2093200684,35055,35066,11
13.0305995941,80.2092895508,35066,35076,10
13.0304203033,80.2092590332,35076,35086,10
13.0296001434,80.2089920044,35086,35106,20
13.0296001434,80.2089920044,35106,35116,10
13.0292701721,80.2088928223,35116,35126,10
13.0286102295,80.2087097168,35126,35136,10
13.0278301239,80.2084197998,35136,35146,10
13.0270795822,80.2079772949,35146,35156,10
13.0261898041,80.2074432373,35156,35167,11
13.0249900818,80.20703125,35167,35177,10
13.0242395401,80.2068862915,35177,35187,10
13.0242204666,80.2068786621,35187,35197,10
13.023850441,80.2067871094,35197,35207,10
13.0235004425,80.206741333,35207,35227,20
13.0235004425,80.206741333,35227,35237,10
13.0231895447,80.2067108154,35237,35247,10
13.0230302811,80.206703186,35247,35257,10
13.022769928,80.2066116333,35257,35267,10
13.0226297379,80.2065963745,35267,35278,11
13.0224504471,80.2065734863,35278,35288,10
13.0222196579,80.20652771,35288,35298,10
13.0218801498,80.2064666748,35298,35308,10
13.0217504501,80.2064437866,35308,35318,10
13.0213899612,80.206451416,35318,35328,10
13.0207700729,80.2064666748,35328,35338,10
13.0199604034,80.206489563,35338,35348,10
13.019109726,80.2063369751,35348,35358,10
13.0190200806,80.2063293457,35358,35368,10
13.0188398361,80.2062683105,35368,35378,10
13.0183601379,80.2061004639,35378,35389,11
13.0177097321,80.2059326172,35389,35399,10
13.0174303055,80.2057418823,35399,35409,10
13.017250061,80.2056427002,35409,35419,10
13.0167703629,80.2054367065,35419,35429,10
13.0161104202,80.205078125,35429,35439,10
13.0152597427,80.2048873901,35439,35449,10
13.01445961,80.2046585083,35449,35459,10
13.0143003464,80.2046279907,35459,35469,10
13.0140695572,80.2045974731,35469,35520,51
13.0140695572,80.2045974731,35520,35530,10
13.0138301849,80.204460144,35530,35540,10
13.0136299133,80.204498291,35540,35550,10
13.0135202408,80.2049102783,35550,35560,10
13.0133104324,80.2055511475,35560,35570,10
13.0130901337,80.2063369751,35570,35580,10
13.0130300522,80.2070770264,35580,35590,10
13.012960434,80.2076721191,35590,35601,11
13.0128602982,80.2080764771,35601,35611,10
13.0128297806,80.2084197998,35611,35621,10
13.0128803253,80.2088165283,35621,35631,10
13.0130596161,80.2092666626,35631,35641,10
13.0132303238,80.2096099854,35641,35651,10
13.0132398605,80.2098388672,35651,35661,10
13.0132398605,80.2101898193,35661,35671,10
13.0130596161,80.2108612061,35671,35681,10
13.0128002167,80.2114105225,35681,35691,10
13.0124998093,80.2119598389,35691,35701,10
13.0121803284,80.2125015259,35701,35712,11
13.0119104385,80.2127532959,35712,35722,10
13.0115699768,80.2125473022,35722,35732,10
13.0109996796,80.2121276855,35732,35742,10
13.0104904175,80.2117233276,35742,35752,10
13.0100097656,80.2113571167,35752,35772,20
13.0100097656,80.2113571167,35772,35782,10
13.0097398758,80.2112197876,35782,35813,31
13.0094804764,80.2109909058,35813,35893,80
13.009180069,80.2112808228,35893,35924,31
13.009180069,80.2112808228,35924,35934,10
13.0090503693,80.2115402222,35934,35944,10
13.009059906,80.2116928101,35944,35954,10
13.0091104507,80.2119293213,35954,35964,10
13.0091400146,80.212020874,35964,35974,10
13.00922966,80.212310791,35974,35984,10
13.0093603134,80.2126998901,35984,35994,10
13.0095500946,80.2132034302,35994,36004,10
13.0097703934,80.2137069702,36004,36014,10
13.0099802017,80.2142181396,36014,36023,9
13.0101299286,80.2146911621,36023,36035,12
13.0102300644,80.2154693604,36035,36045,10
13.0105199814,80.2162628174,36045,36055,10
13.0109195709,80.2171325684,36055,36065,10
13.0113201141,80.2180175781,36065,36075,10
13.0116796494,80.218963623,36075,36085,10
13.0120296478,80.2200012207,36085,36095,10
13.0122499466,80.2206878662,36095,36105,10
13.0125303268,80.2213973999,36105,36115,10
13.0129995346,80.2220306396,36115,36125,10
13.0134496689,80.2226715088,36125,36136,11
13.0140104294,80.2234115601,36136,36146,10
13.0143499374,80.223777771,36146,36156,10
13.0149297714,80.2245025635,36156,36166,10
13.0151796341,80.2247619629,36166,36176,10
13.0153398514,80.2249526978,36176,36186,10
13.0154895782,80.2252197266,36186,36226,40
13.0154895782,80.2252197266,36226,36236,10
13.0154600143,80.2255096436,36236,36247,11
13.0153503418,80.2257995605,36247,36257,10
13.0148801804,80.2259979248,36257,36267,10
13.014169693,80.2263031006,36267,36277,10
13.0133199692,80.2266311646,36277,36287,10
13.0122995377,80.2270126343,36287,36297,10
13.0112400055,80.2274093628,36297,36307,10
13.0101604462,80.2278518677,36307,36317,10
13.0095100403,80.2276229858,36317,36327,10
13.0097904205,80.2269897461,36327,36337,10
13.0100698471,80.2263717651,36337,36346,9
13.0101804733,80.2261123657,36346,36358,12
13.010310173,80.2258300781,36358,36368,10
13.0104799271,80.2255172729,36368,36378,10
13.0105695724,80.2252578735,36378,36388,10
13.010720253,80.2249526978,36388,36398,10
13.0108299255,80.2246398926,36398,36408,10
13.0110301971,80.2240371704,36408,36418,10
13.0111703873,80.2236022949,36418,36428,10
13.0111999512,80.2235107422,36428,36438,10
13.0112400055,80.2231674194,36438,36448,10
13.010840416,80.2229919434,36448,36459,11
13.0101499557,80.2226409912,36459,36469,10
13.0094299316,80.2222137451,36469,36479,10
13.0086297989,80.2217788696,36479,36489,10
13.0076799393,80.2212600708,36489,36499,10
13.0067596436,80.2208175659,36499,36509,10
13.0058002472,80.220489502,36509,36519,10
13.0048904419,80.2202606201,36519,36529,10
13.0041303635,80.2200469971,36529,36539,10
13.0034704208,80.2198867798,36539,36549,10
13.002699852,80.2195968628,36549,36559,10
13.0020999908,80.2190704346,36559,36570,11
13.0014295578,80.2184829712,36570,36580,10
13.0005302429,80.2178192139,36580,36590,10
13.0005302429,80.2178192139,36590,36600,10
13.0000495911,80.2175369263,36600,36608,8
12.999540329,80.2172393799,36608,36628,20
12.9980297089,80.2165374756,36628,36638,10
12.9974098206,80.2164916992,36638,36648,10
12.9973096848,80.2164916992,36648,36658,10
12.9968996048,80.2164916992,36658,36668,10
12.9962301254,80.216583252,36668,36679,11
12.9954595566,80.2168731689,36679,36689,10
12.9950799942,80.2171020508,36689,36699,10
12.9947004318,80.2173233032,36699,36709,10
12.9942798615,80.2176208496,36709,36719,10
12.9938297272,80.2179489136,36719,36729,10
12.993229866,80.2183532715,36729,36739,10
12.9927101135,80.218788147,36739,36749,10
12.9920196533,80.2192687988,36749,36759,10
12.991689682,80.2195510864,36759,36769,10
12.9914903641,80.2196273804,36769,36780,11
12.9910697937,80.2194824219,36780,36790,10
12.9910202026,80.2194366455,36790,36800,10
12.9906301498,80.219291687,36800,36810,10
12.9899501801,80.219039917,36810,36820,10
12.9891300201,80.2187271118,36820,36830,10
12.988240242,80.2184295654,36830,36840,10
12.9875202179,80.2183227539,36840,36850,10
12.9870500565,80.2182388306,36850,36860,10
12.9868898392,80.2182388306,36860,36870,10
12.9863996506,80.2180786133,36870,36880,10
12.9855604172,80.2179031372,36880,36891,11
12.9845199585,80.217918396,36891,36901,10
12.9839801788,80.2179412842,36901,36911,10
12.9839401245,80.2179718018,36911,36921,10
12.9835195541,80.2179870605,36921,36931,10
12.9827804565,80.2179794312,36931,36941,10
12.9819097519,80.2179870605,36941,36951,10
12.9809303284,80.2182235718,36951,36961,10
12.9800100327,80.2185668945,36961,36971,10
12.9793100357,80.2188491821,36971,36981,10
12.9787101746,80.2190322876,36981,36991,10
12.9781599045,80.2192993164,36991,37002,11
12.9773101807,80.2196884155,37002,37012,10
12.9764404297,80.2200317383,37012,37022,10
12.9757299423,80.2203674316,37022,37032,10
12.9756698608,80.2207717896,37032,37092,60
12.9758796692,80.2210922241,37092,37173,81
12.9759101868,80.2209472656,37173,37385,212
12.9760398865,80.2210693359,37385,37900,515
12.9760398865,80.2210693359,37900,37910,10
12.9764003754,80.2212295532,37910,37920,10
12.9766798019,80.2212219238,37920,37930,10
12.9771995544,80.221206665,37930,37940,10
12.9778699875,80.2211608887,37940,37950,10
12.9784002304,80.2211380005,37950,37960,10
12.9791402817,80.2210998535,37960,37971,11
12.9795303345,80.2210769653,37971,37981,10
12.9800195694,80.2210464478,37981,37991,10
12.9807395935,80.2210235596,37991,38001,10
12.9813995361,80.2211685181,38001,38011,10
12.9817800522,80.2214584351,38011,38021,10
12.982219696,80.2217178345,38021,38031,10
12.9825696945,80.2218322754,38031,38041,10
12.9829902649,80.2219619751,38041,38061,20
12.9829902649,80.2219619751,38061,38071,10
12.9833498001,80.2221832275,38071,38082,11
12.983710289,80.2224197388,38082,38092,10
12.9839601517,80.2225570679,38092,38102,10
12.9843502045,80.2228164673,38102,38112,10
12.9849596024,80.2231826782,38112,38122,10
12.9855298996,80.2231826782,38122,38132,10
12.9860801697,80.2229919434,38132,38142,10
12.9864997864,80.2229690552,38142,38152,10
12.9866199493,80.2229919434,38152,38162,10
12.9869804382,80.2230529785,38162,38172,10
12.9873895645,80.2230682373,38172,38181,9
12.9879398346,80.2229614258,38181,38193,12
12.9885902405,80.2223968506,38193,38203,10
12.98898983,80.2218704224,38203,38213,10
12.98939991,80.2213516235,38213,38223,10
12.9900197983,80.2206726074,38223,38233,10
12.9905195236,80.2203216553,38233,38243,10
12.9906196594,80.2202377319,38243,38253,10
12.9909000397,80.2200088501,38253,38263,10
12.9912796021,80.2197113037,38263,38273,10
12.9914102554,80.219619751,38273,38283,10
12.9917097092,80.2193832397,38283,38294,11
12.9922399521,80.2189788818,38294,38304,10
12.9928703308,80.2185287476,38304,38314,10
12.9936599731,80.2179718018,38314,38324,10
12.9944496155,80.2173995972,38324,38333,9
12.9948596954,80.2170791626,38333,38344,11
12.9952297211,80.2168579102,38344,38354,10
12.9957799911,80.2166366577,38354,38364,10
12.9968996048,80.2164764404,38364,38394,30
12.9968996048,80.2164764404,38394,38405,11
12.9974498749,80.216178894,38405,38425,20
12.9974498749,80.216178894,38425,38435,10
12.9978399277,80.2158584595,38435,38445,10
12.9982700348,80.2154769897,38445,38455,10
12.9988203049,80.2149887085,38455,38465,10
12.9991798401,80.2146835327,38465,38475,10
12.9995698929,80.2143707275,38475,38485,10
13.0000295639,80.2139511108,38485,38495,10
13.0005397797,80.213508606,38495,38504,9
13.0010700226,80.2130203247,38504,38516,12
13.0017499924,80.2125167847,38516,38526,10
13.0023603439,80.2121810913,38526,38536,10
13.0029802322,80.2120666504,38536,38546,10
13.0036001205,80.2119903564,38546,38556,10
13.0037002563,80.2118835449,38556,38566,10
13.0037403107,80.2117233276,38566,38576,10
13.0037202835,80.2112808228,38576,38586,10
13.003660202,80.2106933594,38586,38596,10
13.003569603,80.2101364136,38596,38606,10
13.0035200119,80.2096328735,38606,38617,11
13.0036296844,80.2090377808,38617,38627,10
13.0040502548,80.2086181641,38627,38637,10
13.0048503876,80.2089691162,38637,38647,10
13.0057897568,80.2093582153,38647,38657,10
13.006360054,80.2095565796,38657,38667,10
13.0067996979,80.2096862793,38667,38677,10
13.007399559,80.2097625732,38677,38697,20
13.007399559,80.2097625732,38697,38707,10
13.0075502396,80.2098007202,38707,38717,10
13.0078697205,80.2098770142,38717,38728,11
13.0081796646,80.209777832,38728,38738,10
13.0080003738,80.2092437744,38738,38748,10
13.0078802109,80.2085189819,38748,38758,10
13.0077495575,80.2077026367,38758,38768,10
13.0076398849,80.2069015503,38768,38778,10
13.0075397491,80.206237793,38778,38788,10
13.0075101852,80.2055206299,38788,38798,10
13.0075101852,80.2048721313,38798,38808,10
13.007519722,80.2042236328,38808,38818,10
13.0074396133,80.203453064,38818,38828,10
13.0071401596,80.202583313,38828,38839,11
13.0065402985,80.202911377,38839,38849,10
13.0068998337,80.20337677,38849,38859,10
13.0074396133,80.20362854,38859,38869,10
13.0082101822,80.2036972046,38869,38879,10
13.0091896057,80.20362854,38879,38889,10
13.0103702545,80.2035903931,38889,38899,10
13.0116195679,80.2036819458,38899,38909,10
13.0128002167,80.2039031982,38909,38919,10
13.0135602951,80.2041091919,38919,38929,10
13.0139703751,80.2042617798,38929,38940,11
13.0145902634,80.2044525146,38940,38950,10
13.0150899887,80.2045822144,38950,38960,10
13.0150995255,80.2045822144,38960,38970,10
13.0152702332,80.2045974731,38970,38980,10
13.0157299042,80.204750061,38980,38990,10
13.0163497925,80.205039978,38990,39000,10
13.0168600082,80.205116272,39000,39010,10
13.0169496536,80.2050933838,39010,39020,10
13.017660141,80.2054977417,39020,39030,10
13.017660141,80.2055206299,39030,39040,10
13.0177297592,80.205581665,39040,39051,11
13.0182600021,80.2057266235,39051,39061,10
13.0186796188,80.2058792114,39061,39071,10
13.0186901093,80.2058792114,39071,39081,10
13.0188999176,80.2059707642,39081,39091,10
13.0194196701,80.2061233521,39091,39101,10
13.0201597214,80.2062301636,39101,39111,10
13.021030426,80.2062606812,39111,39121,10
13.0218296051,80.2062683105,39121,39131,10
13.0225696564,80.2063369751,39131,39141,10
13.0233898163,80.2065429688,39141,39151,10
13.0242595673,80.2066574097,39151,39162,11
13.0243597031,80.2066726685,39162,39172,10
13.0245800018,80.206703186,39172,39182,10
13.025179863,80.2068634033,39182,39192,10
13.0258197784,80.2071304321,39192,39202,10
13.0265102386,80.2075119019,39202,39212,10
13.0272502899,80.2079467773,39212,39222,10
13.0281095505,80.2084197998,39222,39232,10
13.0290002823,80.2086715698,39232,39242,10
13.029800415,80.2088699341,39242,39252,10
13.0305595398,80.2090988159,39252,39263,11
13.031539917,80.2093200684,39263,39283,20
13.031539917,80.2093200684,39283,39293,10
13.0315303802,80.2093276978,39293,39303,10
13.0317001343,80.2093734741,39303,39313,10
13.0321798325,80.2095184326,39313,39323,10
13.0328903198,80.2096405029,39323,39333,10
13.0337400436,80.2098388672,39333,39343,10
13.0346403122,80.2100372314,39343,39353,10
13.0350799561,80.2103805542,39353,39363,10
13.035030365,80.2112731934,39363,39384,21
13.035030365,80.2112731934,39384,39394,10
13.0349702835,80.2113265991,39394,39404,10
13.034910202,80.2116622925,39404,39414,10
13.0348796844,80.2119293213,39414,39424,10
13.0350999832,80.2121582031,39424,39434,10
13.0355396271,80.2122192383,39434,39444,10
13.0361604691,80.2122573853,39444,39454,10
13.0368404388,80.2122879028,39454,39464,10
13.0375404358,80.212310791,39464,39475,11
13.038479805,80.2122802734,39475,39485,10
13.039349556,80.2122573853,39485,39495,10
13.0405197144,80.2122879028,39495,39505,10
13.0416498184,80.2123565674,39505,39515,10
13.0430803299,80.2122573853,39515,39545,30
13.0430803299,80.2122573853,39545,39555,10
13.0435199738,80.2122573853,39555,39565,10
13.0439796448,80.2122192383,39565,39676,111
13.0439796448,80.2122192383,39676,39686,10
13.0440597534,80.2121963501,39686,39697,11
13.0443401337,80.2121963501,39697,39707,10
13.044839859,80.2122192383,39707,39717,10
13.0454797745,80.2121963501,39717,39727,10
13.046330452,80.2122116089,39727,39737,10
13.0471601486,80.2121734619,39737,39747,10
13.0484800339,80.2120437622,39747,39767,20
13.0484800339,80.2120437622,39767,39777,10
13.048500061,80.2120513916,39777,39787,10
13.0487699509,80.212020874,39787,39797,10
13.0492696762,80.2119827271,39797,39808,11
13.0500202179,80.2119369507,39808,39818,10
13.0507001877,80.2119827271,39818,39828,10
13.051150322,80.2120285034,39828,39838,10
13.0520801544,80.2119903564,39838,39848,10
13.0528697968,80.2118377686,39848,39858,10
13.0536804199,80.2116088867,39858,39868,10
13.0540704727,80.2114868164,39868,39878,10
13.0542697906,80.2114486694,39878,39888,10
13.0545196533,80.2114028931,39888,39898,10
13.0550098419,80.2114028931,39898,39909,11
13.0557403564,80.2114181519,39909,39919,10
13.056599617,80.2114181519,39919,39929,10
13.0573396683,80.2113723755,39929,39939,10
13.0575504303,80.2113723755,39939,39949,10
13.0577001572,80.2113876343,39949,39959,10
13.0582399368,80.2113800049,39959,39969,10
13.0588102341,80.21144104,39969,39979,10
13.0595903397,80.2114868164,39979,39989,10
13.0604801178,80.2115631104,39989,39999,10
13.0614204407,80.2116012573,39999,40009,10
13.0623397827,80.2116165161,40009,40020,11
13.0632400513,80.2115631104,40020,40030,10
13.0632801056,80.2115478516,40030,40040,10
13.0636196136,80.2115097046,40040,40050,10
13.0641403198,80.2114562988,40050,40060,10
13.0648002625,80.2112121582,40060,40070,10
13.0654802322,80.2107391357,40070,40080,10
13.0662698746,80.2100982666,40080,40090,10
13.0670700073,80.2092971802,40090,40100,10
13.0674295425,80.2086105347,40100,40110,10
13.0678596497,80.2079391479,40110,40120,10
13.0683603287,80.2071685791,40120,40131,11
13.0689401627,80.2062988281,40131,40141,10
13.0693998337,80.205581665,40141,40151,10
13.0696897507,80.2050170898,40151,40161,10
13.0695104599,80.2048034668,40161,40171,10
13.069149971,80.2050476074,40171,40181,10
13.0688400269,80.2052612305,40181,40191,10
13.0687398911,80.2049865723,40191,40220,29
13.0687398911,80.2049865723,40220,40232,12
13.068980217,80.2046966553,40232,40242,10
13.0694303513,80.2047424316,40242,40252,10
13.0697603226,80.2047805786,40252,40261,9
13.0700101852,80.2046585083,40261,40272,11
13.0703601837,80.2041931152,40272,40282,10
13.0708503723,80.2035903931,40282,40292,10
13.0714502335,80.2028884888,40292,40302,10
13.0719604492,80.2022628784,40302,40332,30
13.0719604492,80.2022628784,40332,40343,11
13.072019577,80.2022018433,40343,40353,10
13.0722103119,80.2020111084,40353,40363,10
13.0724802017,80.2017288208,40363,40373,10
13.0728397369,80.2013092041,40373,40383,10
13.0731897354,80.2009429932,40383,40393,10
13.0735197067,80.2005767822,40393,40403,10
13.0738801956,80.2001419067,40403,40413,10
13.0742301941,80.1997299194,40413,40423,10
13.074259758,80.1996917725,40423,40433,10
13.0744695663,80.1994781494,40433,40443,10
13.074930191,80.199180603,40443,40454,11
13.0756597519,80.1990585327,40454,40464,10
13.0764598846,80.1990509033,40464,40474,10
13.0772895813,80.19896698,40474,40484,10
13.0780801773,80.1988677979,40484,40494,10
13.0788097382,80.1987686157,40494,40504,10
13.0792503357,80.1987228394,40504,40514,10
13.0798301697,80.1986694336,40514,40524,10
13.0806303024,80.198600769,40524,40534,10
13.0815200806,80.1985702515,40534,40544,10
13.0823602676,80.1985015869,40544,40555,11
13.0829000473,80.1984786987,40555,40575,20
13.0829000473,80.1984786987,40575,40585,10
13.0832595825,80.1984863281,40585,40625,40
13.0832595825,80.1984863281,40625,40635,10
13.0837001801,80.1985321045,40635,40645,10
13.0838699341,80.1985321045,40645,40655,10
13.0840997696,80.1985168457,40655,40666,11
13.0843496323,80.1985015869,40666,40676,10
13.0845499039,80.1985168457,40676,40686,10
13.0847797394,80.1984786987,40686,40696,10
13.0850000381,80.1984405518,40696,40706,10
13.0852098465,80.1984100342,40706,40716,10
13.0853204727,80.198387146,40716,40726,10
13.0856103897,80.1984100342,40726,40736,10
13.0858001709,80.1983795166,40736,40746,10
13.0861597061,80.1983413696,40746,40756,10
13.0866603851,80.1983413696,40756,40766,10
13.0869398117,80.1983566284,40766,40777,11
13.0870599747,80.1981964111,40777,40787,10
13.087100029,80.1979370117,40787,40797,10
13.0871295929,80.1978225708,40797,40807,10
13.0871496201,80.1974334717,40807,40817,10
13.0871601105,80.1967926025,40817,40827,10
13.0871801376,80.1959915161,40827,40837,10
13.0872001648,80.1952590942,40837,40847,10
13.0872297287,80.1945037842,40847,40857,10
13.0872297287,80.1938018799,40857,40866,9
13.087269783,80.1934890747,40866,40878,12
13.087269783,80.1929016113,40878,40888,10
13.0873203278,80.1926422119,40888,40898,10
13.087389946,80.1921310425,40898,40908,10
13.0874595642,80.1915130615,40908,40918,10
13.0875396729,80.1907730103,40918,40928,10
13.0876398087,80.1900177002,40928,40938,10
13.087679863,80.1895065308,40938,40948,10
13.0876998901,80.1890182495,40948,40989,41
13.0876998901,80.1890182495,40989,40999,10
13.0877103806,80.1886825562,40999,41009,10
13.0877304077,80.188331604,41009,41019,10
13.0877895355,80.1879577637,41019,41029,10
13.0878295898,80.1873321533,41029,41039,10
13.0878801346,80.1865768433,41039,41049,10
13.0879096985,80.1860198975,41049,41059,10
13.0879096985,80.1855621338,41059,41069,10
13.0879402161,80.1850891113,41069,41079,10
13.08796978,80.1843719482,41079,41090,11
13.0880098343,80.1834793091,41090,41100,10
13.0880403519,80.1826095581,41100,41110,10
13.0880804062,80.1819534302,41110,41120,10
13.0881099701,80.1811294556,41120,41130,10
13.088139534,80.1803436279,41130,41140,10
13.0881500244,80.1798095703,41140,41160,20
13.0881500244,80.1798095703,41160,41170,10
13.0881700516,80.1794891357,41170,41180,10
13.0881700516,80.1789932251,41180,41189,9
13.0881700516,80.1785964966,41189,41201,12
13.0881795883,80.1784362793,41201,41211,10
13.0881996155,80.1779327393,41211,41221,10
13.0881595612,80.1772766113,41221,41231,10
13.0882301331,80.1765975952,41231,41241,10
13.0882997513,80.1757125854,41241,41251,10
13.0883598328,80.1747817993,41251,41261,10
13.0884199142,80.174079895,41261,41271,10
13.0884599686,80.173210144,41271,41281,10
13.0885295868,80.1723022461,41281,41291,10
13.08852005,80.1718673706,41291,41300,9
13.08852005,80.1717834473,41300,41312,12
13.0885601044,80.1712036133,41312,41322,10
13.0886001587,80.1706771851,41322,41332,10
13.0886096954,80.1704330444,41332,41342,10
13.0886201859,80.1704177856,41342,41352,10
13.0886201859,80.1703033447,41352,41362,10
13.0886802673,80.1697921753,41362,41372,10
13.0890598297,80.1695327759,41372,41382,10
13.089799881,80.1695709229,41382,41392,10
13.0906801224,80.169631958,41392,41402,10
13.0912704468,80.1696624756,41402,41413,11
13.0919704437,80.1697006226,41413,41423,10
13.0928297043,80.1697769165,41423,41433,10
13.0938196182,80.1698608398,41433,41443,10
13.0945396423,80.169883728,41443,41453,10
13.0947399139,80.169883728,41453,41463,10
13.0949802399,80.1698913574,41463,41473,10
13.0951595306,80.169883728,41473,41483,10
13.0956497192,80.1698989868,41483,41493,10
13.0964097977,80.169960022,41493,41503,10
13.0972900391,80.1700134277,41503,41513,10
13.09815979,80.1700668335,41513,41524,11
13.099029541,80.1701126099,41524,41534,10
13.0996303558,80.1700592041,41534,41564,30
13.0996303558,80.1700592041,41564,41574,10
13.0996904373,80.1697692871,41574,41594,20
13.0996904373,80.1697692871,41594,41604,10
13.0994701385,80.1697235107,41604,41614,10
13.0993795395,80.1699981689,41614,41645,31
13.0992698669,80.1701507568,41645,42089,444
13.0992698669,80.1701507568,42089,42099,10
13.0990896225,80.170211792,42099,42109,10
13.0988397598,80.1701812744,42109,42119,10
13.098279953,80.1701507568,42119,42129,10
13.0975599289,80.1700973511,42129,42139,10
13.0967702866,80.1700515747,42139,42149,10
13.0959596634,80.1700210571,42149,42159,10
13.0952196121,80.1699829102,42159,42170,11
13.0947904587,80.1699371338,42170,42180,10
13.0945100784,80.1698913574,42180,42190,10
13.0939798355,80.1698379517,42190,42200,10
13.093290329,80.1697921753,42200,42210,10
13.0923500061,80.1697006226,42210,42220,10
13.0913896561,80.1696929932,42220,42230,10
13.090379715,80.169631958,42230,42240,10
13.0894403458,80.1695785522,42240,42250,10
13.0888299942,80.1695632935,42250,42270,20
13.0888299942,80.1695632935,42270,42281,11
13.088640213,80.1697311401,42281,42291,10
13.0886602402,80.1701431274,42291,42301,10
13.0886297226,80.1706771851,42301,42311,10
13.0885601044,80.1718597412,42311,42331,20
13.0885601044,80.1718597412,42331,42341,10
13.0885400772,80.1722793579,42341,42351,10
13.0885095596,80.1729202271,42351,42361,10
13.0884799957,80.1737670898,42361,42371,10
13.0884199142,80.1745605469,42371,42381,10
13.0883598328,80.1751937866,42381,42392,11
13.0883197784,80.1761016846,42392,42402,10
13.0882701874,80.1769866943,42402,42412,10
13.0882501602,80.1778488159,42412,42422,10
13.088259697,80.1785202026,42422,42432,10
13.0882501602,80.1785430908,42432,42442,10
13.0881900787,80.1787109375,42442,42452,10
13.0882396698,80.1791229248,42452,42462,10
13.0882501602,80.1794815063,42462,42472,10
13.0882101059,80.1801223755,42472,42482,10
13.0881900787,80.1809234619,42482,42493,11
13.088139534,80.1818466187,42493,42503,10
13.0880804062,80.182762146,42503,42513,10
13.0880699158,80.1837234497,42513,42523,10
13.0880298615,80.1847000122,42523,42533,10
13.0880203247,80.1852722168,42533,42553,20
13.0880203247,80.1852722168,42553,42563,10
13.0879602432,80.1857528687,42563,42573,10
13.08796978,80.1863632202,42573,42583,10
13.0879802704,80.1871795654,42583,42593,10
13.08796978,80.1878509521,42593,42604,11
13.0879096985,80.1884613037,42604,42614,10
13.0878696442,80.189201355,42614,42624,10
13.0878295898,80.1897506714,42624,42644,20
13.0878295898,80.1897506714,42644,42654,10
13.0877504349,80.1900100708,42654,42664,10
13.0876903534,80.1905517578,42664,42674,10
13.0875701904,80.1913528442,42674,42684,10
13.0874500275,80.1921615601,42684,42694,10
13.0873699188,80.1927566528,42694,42704,10
13.0873403549,80.1934509277,42704,42715,11
13.0873403549,80.1943206787,42715,42725,10
13.0873098373,80.1950302124,42725,42735,10
13.0873098373,80.1956710815,42735,42745,10
13.0872802734,80.1964874268,42745,42755,10
13.0872497559,80.1977920532,42755,42775,20
13.0872497559,80.1977920532,42775,42785,10
13.0872297287,80.1981582642,42785,42795,10
13.0873699188,80.1984405518,42795,42805,10
13.0876903534,80.1984481812,42805,42816,11
13.0882797241,80.198387146,42816,42826,10
13.0888500214,80.1984176636,42826,42836,10
13.0894699097,80.1984710693,42836,42846,10
13.0902204514,80.1985168457,42846,42856,10
13.090929985,80.1985931396,42856,42866,10
13.0915603638,80.1986465454,42866,42876,10
13.0923500061,80.1986618042,42876,42886,10
13.0929203033,80.1986923218,42886,42896,10
13.0929698944,80.1990585327,42896,42906,10
13.0929498672,80.1997528076,42906,42916,10
13.0929298401,80.2005310059,42916,42947,31
13.0929298401,80.2005310059,42947,42957,10
13.0927095413,80.200630188,42957,42967,10
13.0921201706,80.2006072998,42967,42977,10
13.0913896561,80.2005615234,42977,42987,10
13.0904598236,80.2005386353,42987,42997,10
13.0895004272,80.2005004883,42997,43007,10
13.0886001587,80.2004470825,43007,43017,10
13.0877103806,80.2004165649,43017,43027,10
13.0871601105,80.2004318237,43027,43038,11
13.0864400864,80.2004013062,43038,43048,10
13.0856704712,80.2003707886,43048,43058,10
13.0853796005,80.2003173828,43058,43068,10
13.0853204727,80.1999969482,43068,43078,10
13.0853204727,80.1995010376,43078,43088,10
13.0853099823,80.1988601685,43088,43098,10
13.0851202011,80.1987075806,43098,43108,10
13.0846300125,80.1986694336,43108,43118,10
13.0843296051,80.198677063,43118,43128,10
13.0841398239,80.198677063,43128,43139,11
13.0836801529,80.198677063,43139,43149,10
13.083530426,80.1986694336,43149,43159,10
13.0831604004,80.1986618042,43159,43199,40
13.0831604004,80.1986618042,43199,43209,10
13.0830602646,80.1986618042,43209,43219,10
13.0827198029,80.198638916,43219,43229,10
13.0821895599,80.198638916,43229,43239,10
13.0816602707,80.1986465454,43239,43250,11
13.0808601379,80.1986465454,43250,43260,10
13.0800304413,80.1987304688,43260,43270,10
13.0792102814,80.1987991333,43270,43280,10
13.0783395767,80.198890686,43280,43290,10
13.0773696899,80.1990203857,43290,43300,10
13.0765399933,80.1990966797,43300,43310,10
13.0755996704,80.19921875,43310,43320,10
13.0746498108,80.199546814,43320,43330,10
13.0739402771,80.2001266479,43330,43340,10
13.0735998154,80.200592041,43340,43351,11
13.0735197067,80.2007064819,43351,43361,10
13.0732402802,80.2010726929,43361,43371,10
13.0727596283,80.2016220093,43371,43381,10
13.072259903,80.2022094727,43381,43391,10
13.0716600418,80.2028503418,43391,43401,10
13.0710296631,80.2035980225,43401,43411,10
13.0704097748,80.2043304443,43411,43421,10
13.0700101852,80.2049026489,43421,43431,10
13.0699501038,80.2050018311,43431,43441,10
13.0698699951,80.2050628662,43441,43451,10
13.0698404312,80.205078125,43451,43462,11
13.069729805,80.2050628662,43462,43472,10
13.0693902969,80.2048873901,43472,43482,10
13.0690603256,80.2052383423,43482,43492,10
13.0686302185,80.2054519653,43492,43502,10
13.0679502487,80.2053909302,43502,43573,71
13.0679502487,80.2053909302,43573,43583,10
13.0679302216,80.2052612305,43583,43593,10
13.0680398941,80.2050628662,43593,43603,10
13.0682897568,80.2049865723,43603,43613,10
13.0687198639,80.2048492432,43613,43623,10
13.069270134,80.204750061,43623,43633,10
13.0696201324,80.2048110962,43633,43643,10
13.0697898865,80.2049179077,43643,43653,10
13.0698003769,80.2049179077,43653,43663,10
13.069899559,80.205039978,43663,43673,10
13.0698003769,80.2053375244,43673,43684,11
13.0694198608,80.2059173584,43684,43694,10
13.0689601898,80.2066192627,43694,43704,10
13.0684404373,80.2074584961,43704,43714,10
13.0678796768,80.2083206177,43714,43724,10
13.067700386,80.2086105347,43724,43734,10
13.0676803589,80.2086486816,43734,43744,10
13.0674495697,80.2089767456,43744,43754,10
13.0670700073,80.2095336914,43754,43764,10
13.066450119,80.2101821899,43764,43774,10
13.0656900406,80.2108230591,43774,43785,11
13.0650997162,80.2112808228,43785,43805,20
13.0650997162,80.2112808228,43805,43815,10
13.0648498535,80.2114028931,43815,43825,10
13.0639095306,80.2117080688,43825,43885,60
13.0639095306,80.2117080688,43885,43896,11
13.0638399124,80.2116928101,43896,43906,10
13.0635004044,80.2117080688,43906,43916,10
13.06291008,80.2117385864,43916,43926,10
13.0621995926,80.2117767334,43926,43936,10
13.0613803864,80.211730957,43936,43945,9
13.0606203079,80.2117080688,43945,43956,11
13.059630394,80.2116622925,43956,43966,10
13.0586900711,80.2116165161,43966,43976,10
13.0581798553,80.2116088867,43976,43986,10
13.0577001572,80.2116012573,43986,43995,9
13.0576696396,80.2115936279,43995,44007,12
13.0574398041,80.2115707397,44007,44017,10
13.0570802689,80.2115783691,44017,44027,10
13.0565395355,80.2115936279,44027,44037,10
13.0558595657,80.2115936279,44037,44047,10
13.0551395416,80.2115478516,44047,44057,10
13.0544099808,80.2115936279,44057,44067,10
13.0535802841,80.211769104,44067,44077,10
13.0528001785,80.2119827271,44077,44087,10
13.0519895554,80.2121734619,44087,44097,10
13.0513401031,80.2121810913,44097,44108,11
13.0503501892,80.2121429443,44108,44158,50
13.0503501892,80.2121429443,44158,44168,10
13.0498800278,80.2121200562,44168,44188,20
13.0498800278,80.2121200562,44188,44198,10
13.0496397018,80.2121429443,44198,44219,21
13.0496397018,80.2121429443,44219,44229,10
13.0494699478,80.2121429443,44229,44239,10
13.0490198135,80.2121429443,44239,44249,10
13.0483198166,80.2121810913,44249,44259,10
13.0475101471,80.2122573853,44259,44269,10
13.0466098785,80.2123184204,44269,44279,10
13.045630455,80.2123565674,44279,44289,10
13.0449695587,80.212387085,44289,44330,41
13.0449695587,80.212387085,44330,44340,10
13.0448999405,80.212387085,44340,44350,10
13.0444297791,80.2123794556,44350,44360,10
13.0437498093,80.2123565674,44360,44370,10
13.0429000854,80.2123565674,44370,44380,10
13.0420398712,80.2124023438,44380,44390,10
13.0410299301,80.2124176025,44390,44400,10
13.040019989,80.2124176025,44400,44410,10
13.0390396118,80.2124328613,44410,44420,10
13.0380296707,80.2124328613,44420,44430,10
13.037150383,80.2124023438,44430,44441,11
13.0362300873,80.2123413086,44441,44451,10
13.0356197357,80.2123413086,44451,44461,10
13.0350999832,80.2122879028,44461,44471,10
13.0346403122,80.2122192383,44471,44481,10
13.034620285,80.2122116089,44481,44491,10
13.0345401764,80.2121582031,44491,44501,10
13.0340595245,80.2120513916,44501,44511,10
13.0333204269,80.2118988037,44511,44521,10
13.032409668,80.2117614746,44521,44531,10
13.031999588,80.2113037109,44531,44542,11
13.0320901871,80.2105636597,44542,44552,10
13.0321302414,80.2100830078,44552,44562,10
13.0320796967,80.2097091675,44562,44572,10
13.0317697525,80.2095565796,44572,44582,10
13.0313501358,80.2094421387,44582,44592,10
13.0311203003,80.2093734741,44592,44602,10
13.030670166,80.2092590332,44602,44612,10
13.0301399231,80.2091293335,44612,44622,10
13.030090332,80.2090988159,44622,44632,10
13.0298204422,80.2089691162,44632,44642,10
13.0295600891,80.2089080811,44642,44653,11
13.0288496017,80.2087402344,44653,44663,10
13.0279998779,80.2084732056,44663,44673,10
13.0271596909,80.2080307007,44673,44683,10
13.0262098312,80.2074584961,44683,44693,10
13.0251302719,80.2070465088,44693,44703,10
13.0243196487,80.2068710327,44703,44713,10
13.0235996246,80.2067184448,44713,44723,10
13.0227403641,80.2065734863,44723,44733,10
13.0218496323,80.2064819336,44733,44743,10
13.0208997726,80.2064666748,44743,44753,10
13.0192699432,80.2063903809,44753,44774,21
13.0192699432,80.2063903809,44774,44784,10
13.0190200806,80.2062606812,44784,44794,10
13.0185203552,80.2060928345,44794,44804,10
13.017999649,80.2059326172,44804,44814,10
13.0175895691,80.2057571411,44814,44824,10
13.0171298981,80.205581665,44824,44834,10
13.0167703629,80.2054519653,44834,44844,10
13.0160102844,80.2052001953,44844,44854,10
13.0144500732,80.2046813965,44854,44875,21
13.0144500732,80.2046813965,44875,44885,10
13.0142602921,80.2045974731,44885,44895,10
13.0138196945,80.2044219971,44895,44905,10
13.0137195587,80.2044296265,44905,44915,10
13.0136203766,80.2044906616,44915,44925,10
13.0135002136,80.2048492432,44925,44935,10
13.0133304596,80.2053604126,44935,44943,8
13.013130188,80.2059402466,44943,44956,13
13.0129899979,80.2071914673,44956,44966,10
13.0129003525,80.2077713013,44966,44977,11
13.0127801895,80.2082290649,44977,44987,10
13.0128297806,80.2086029053,44987,44997,10
13.0129003525,80.2091369629,44997,45007,10
13.0131101608,80.2095565796,45007,45017,10
13.0130996704,80.2100830078,45017,45027,10
13.0129995346,80.2108383179,45027,45037,10
13.0127496719,80.2114334106,45037,45047,10
13.012430191,80.2120895386,45047,45057,10
13.0120096207,80.2126235962,45057,45067,10
13.0119695663,80.2126617432,45067,45077,10
13.0116500854,80.2126998901,45077,45088,11
13.0112304688,80.2123718262,45088,45098,10
13.0107097626,80.2119827271,45098,45108,10
13.0100803375,80.211479187,45108,45158,50
13.0097303391,80.2112503052,45158,45178,20
13.0097303391,80.2112503052,45178,45189,11
13.0094299316,80.2110366821,45189,45219,30
13.0094299316,80.2110366821,45219,45229,10
13.0093202591,80.2111587524,45229,45239,10
13.0090799332,80.2114334106,45239,45249,10
13.0090799332,80.2118377686,45249,45259,10
13.0092496872,80.2123413086,45259,45269,10
13.0094499588,80.2128677368,45269,45279,10
13.0096702576,80.2134628296,45279,45289,10
13.0099496841,80.2141418457,45289,45300,11
13.0101804733,80.2148666382,45300,45310,10
13.0102901459,80.2156677246,45310,45320,10
13.0106601715,80.2165603638,45320,45330,10
13.0110998154,80.2175064087,45330,45340,10
13.0114898682,80.2186203003,45340,45350,10
13.0118703842,80.2197570801,45350,45360,10
13.0122404099,80.2208786011,45360,45370,10
13.0123796463,80.2214202881,45370,45380,10
13.0125102997,80.2217025757,45380,45390,10
13.0128002167,80.2221984863,45390,45400,10
13.0133895874,80.2228164673,45400,45411,11
13.013999939,80.2234725952,45411,45421,10
13.0142698288,80.2238616943,45421,45431,10
13.0146503448,80.2242965698,45431,45441,10
13.0153799057,80.2251815796,45441,45461,20
13.0153799057,80.2251815796,45461,45471,10
13.0154695511,80.2255020142,45471,45481,10
13.0152702332,80.2258377075,45481,45491,10
13.0147895813,80.2260513306,45491,45501,10
13.014289856,80.2262496948,45501,45512,11
13.0135698318,80.2265167236,45512,45522,10
13.0127897263,80.2268066406,45522,45532,10
13.0120201111,80.2271118164,45532,45542,10
13.0110998154,80.2274780273,45542,45552,10
13.0100898743,80.2278671265,45552,45562,10
13.0094995499,80.2277069092,45562,45572,10
13.009759903,80.2270736694,45572,45582,10
13.0101203918,80.2262878418,45582,45592,10
13.0104999542,80.2253189087,45592,45602,10
13.0108604431,80.2244567871,45602,45611,9
13.0110702515,80.2239074707,45611,45623,12
13.0112800598,80.2232971191,45623,45633,10
13.010840416,80.2229766846,45633,45643,10
13.0101203918,80.2226028442,45643,45653,10
13.0093698502,80.2221908569,45653,45663,10
13.0085401535,80.2217178345,45663,45673,10
13.0076999664,80.2212905884,45673,45683,10
13.0068502426,80.2209014893,45683,45693,10
13.0060901642,80.2206192017,45693,45703,10
13.0051803589,80.2203979492,45703,45713,10
13.0044803619,80.2202224731,45713,45723,10
13.0038404465,80.2200698853,45723,45734,11
13.0030498505,80.2198410034,45734,45744,10
13.002409935,80.2194137573,45744,45754,10
13.0018596649,80.2188262939,45754,45764,10
13.001159668,80.2182922363,45764,45774,10
13.0005302429,80.2178573608,45774,45784,10
12.9999303818,80.2174377441,45784,45794,10
12.9991903305,80.2170410156,45794,45804,10
12.9984798431,80.2166976929,45804,45814,10
12.9976797104,80.2165374756,45814,45824,10
12.9974298477,80.2165374756,45824,45835,11
12.9970703125,80.2165374756,45835,45845,10
12.9966001511,80.2165679932,45845,45855,10
12.9963197708,80.2166137695,45855,45905,50
12.9959201813,80.2166976929,45905,45946,41
12.9959201813,80.2166976929,45946,45956,10
12.9955196381,80.2167892456,45956,45966,10
12.9951295853,80.2169876099,45966,45996,30
12.9951295853,80.2169876099,45996,46006,10
12.9946403503,80.2173233032,46006,46016,10
12.9941902161,80.2176589966,46016,46026,10
12.9937896729,80.2179718018,46026,46036,10
12.9931602478,80.2183990479,46036,46046,10
12.9925098419,80.2189178467,46046,46057,11
12.9916496277,80.2195663452,46057,46067,10
12.9912700653,80.2195587158,46067,46077,10
12.9910697937,80.2194824219,46077,46087,10
12.990819931,80.219367981,46087,46097,10
12.9902296066,80.2191619873,46097,46107,10
12.9894399643,80.2188568115,46107,46117,10
12.9885396957,80.2185516357,46117,46127,10
12.9876899719,80.2183914185,46127,46137,10
12.9871196747,80.2182693481,46137,46147,10
12.9863395691,80.2180862427,46147,46157,10
12.9852600098,80.2179412842,46157,46168,11
12.9839897156,80.2179718018,46168,46188,20
12.9839897156,80.2179718018,46188,46198,10
12.983830452,80.217918396,46198,46208,10
12.9832696915,80.2179412842,46208,46218,10
12.9825401306,80.2179718018,46218,46228,10
12.9818496704,80.2179870605,46228,46238,10
12.9810800552,80.2181777954,46238,46248,10
12.9802598953,80.2184829712,46248,46269,21
12.9802598953,80.2184829712,46269,46279,10
12.9801301956,80.2185821533,46279,46289,10
12.979809761,80.2186813354,46289,46299,10
12.9792203903,80.2189102173,46299,46309,10
12.978679657,80.219078064,46309,46319,10
12.9780597687,80.2193603516,46319,46329,10
12.9772195816,80.2197036743,46329,46339,10
12.9763803482,80.2200622559,46339,46349,10
12.9758195877,80.2203216553,46349,46380,31
12.9758195877,80.2203216553,46380,46390,10
12.9755897522,80.2205963135,46390,46400,10
12.975569725,80.2207870483,46400,46410,10
12.9757900238,80.2210464478,46410,46450,40
12.9757900238,80.2210464478,46450,46460,10
12.9758396149,80.2211608887,46460,46470,10
12.9761400223,80.2212295532,46470,46591,121
12.9761400223,80.2212295532,46591,46602,11
12.9766798019,80.221206665,46602,46612,10
12.9772396088,80.221206665,46612,46622,10
12.977930069,80.2211837769,46622,46632,10
12.9786701202,80.2211227417,46632,46642,10
12.9795103073,80.2210769653,46642,46652,10
12.980340004,80.2210006714,46652,46662,10
12.9811697006,80.2210922241,46662,46672,10
12.9817695618,80.2214508057,46672,46682,10
12.9823102951,80.2217178345,46682,46692,10
12.9829502106,80.2219467163,46692,46713,21
12.9829502106,80.2219467163,46713,46723,10
12.9830598831,80.2220001221,46723,46733,10
12.9832801819,80.2221374512,46733,46743,10
12.983710289,80.2224121094,46743,46753,10
12.9842596054,80.2227325439,46753,46763,10
12.984459877,80.222869873,46763,46773,10
12.9844703674,80.222869873,46773,46783,10
12.9848003387,80.2230834961,46783,46803,20
12.9848003387,80.2230834961,46803,46814,11
12.9851303101,80.2232208252,46814,46824,10
12.9853696823,80.2232437134,46824,46834,10
12.9855499268,80.2230911255,46834,46844,10
12.9859399796,80.2229614258,46844,46854,10
12.9859800339,80.2229614258,46854,46864,10
12.9864397049,80.2229690552,46864,46884,20
12.9864397049,80.2229690552,46884,46894,10
12.986749649,80.2229995728,46894,46904,10
12.9871902466,80.2230682373,46904,46914,10
12.9876804352,80.2230529785,46914,46925,11
12.9883203506,80.2226104736,46925,46935,10
12.9888801575,80.2220687866,46935,46945,10
12.9893398285,80.221496582,46945,46955,10
12.9898996353,80.2207489014,46955,46965,10
12.990480423,80.2203216553,46965,46975,10
12.9904899597,80.2203063965,46975,46985,10
12.9906997681,80.2201385498,46985,46995,10
12.9910697937,80.2198410034,46995,47005,10
12.9916200638,80.2194366455,47005,47015,10
12.9920396805,80.2191085815,47015,47024,9
12.9925699234,80.2187423706,47024,47036,12
12.9933795929,80.2181091309,47036,47046,10
12.9939603806,80.2176971436,47046,47056,10
12.994509697,80.217300415,47056,47066,10
12.995059967,80.2169265747,47066,47076,10
12.9955101013,80.2166976929,47076,47086,10
12.9960603714,80.2165679932,47086,47096,10
12.9968004227,80.2164611816,47096,47106,10
12.997179985,80.2163619995,47106,47116,10
12.9974403381,80.2161407471,47116,47126,10
12.9974498749,80.2161331177,47126,47136,10
12.9976396561,80.2159881592,47136,47147,11
12.9980096817,80.215637207,47147,47157,10
12.9986000061,80.2151794434,47157,47167,10
12.9991397858,80.2147369385,47167,47177,10
12.9994401932,80.2144012451,47177,47187,10
12.9999303818,80.214012146,47187,47197,10
13.0004396439,80.2135620117,47197,47207,10
13.0009298325,80.2131195068,47207,47217,10
13.0013799667,80.2127990723,47217,47227,10
13.0018796921,80.2124481201,47227,47237,10
13.0024900436,80.2121505737,47237,47248,11
13.003370285,80.212059021,47248,47258,10
13.0036401749,80.2119674683,47258,47268,10
13.0037298203,80.2118530273,47268,47278,10
13.0037202835,80.2113800049,47278,47288,10
13.003660202,80.2106933594,47288,47298,10
13.0035600662,80.2099761963,47298,47308,10
13.0036001205,80.2092437744,47308,47318,10
13.0039796829,80.2086029053,47318,47328,10
13.0048103333,80.2089614868,47328,47338,10
13.0057601929,80.2093811035,47338,47348,10
13.0064601898,80.2096099854,47348,47359,11
13.0072898865,80.2097930908,47359,47389,30
13.0072898865,80.2097930908,47389,47399,10
13.007519722,80.2098999023,47399,47409,10
13.0079603195,80.2099761963,47409,47419,10
13.0081195831,80.2097473145,47419,47429,10
13.008020401,80.2090988159,47429,47439,10
13.0079097748,80.2082366943,47439,47449,10
13.0077600479,80.2071990967,47449,47459,10
13.0075998306,80.2060623169,47459,47470,11
13.0075397491,80.2048492432,47470,47480,10
13.0074901581,80.2038879395,47480,47490,10
13.0073204041,80.202911377,47490,47500,10
13.0066299438,80.2026824951,47500,47510,10
13.0067796707,80.2033309937,47510,47520,10
13.0074195862,80.2036437988,47520,47530,10
13.0082502365,80.2037124634,47530,47540,10
13.0093698502,80.2036209106,47540,47550,10
13.010720253,80.2036132813,47550,47560,10
13.0121002197,80.2037811279,47560,47571,11
13.0134401321,80.2041168213,47571,47581,10
13.0141601563,80.2043685913,47581,47591,10
13.0150403976,80.2045974731,47591,47611,20
13.0150403976,80.2045974731,47611,47621,10
13.0153598785,80.2046813965,47621,47631,10
13.015879631,80.2049102783,47631,47641,10
13.0164804459,80.2051925659,47641,47651,10
13.0172595978,80.2051315308,47651,47661,10
13.0176200867,80.2055206299,47661,47671,10
13.0178203583,80.205619812,47671,47682,11
13.0187501907,80.205909729,47682,47702,20
13.0187501907,80.205909729,47702,47712,10
13.018989563,80.2060165405,47712,47722,10
13.0195102692,80.2061767578,47722,47732,10
13.0202598572,80.2062835693,47732,47742,10
13.0211801529,80.2062835693,47742,47752,10
13.0216197968,80.2062911987,47752,47762,10
13.0219297409,80.2063064575,47762,47772,10
13.0224399567,80.2063674927,47772,47782,10
13.0232400894,80.2065429688,47782,47793,11
13.024140358,80.2066421509,47793,47803,10
13.0243597031,80.2066726685,47803,47813,10
13.0244398117,80.2066802979,47813,47823,10
13.0248098373,80.206817627,47823,47833,10
13.0256004333,80.20703125,47833,47843,10
13.0263996124,80.2074737549,47843,47853,10
13.0272502899,80.2080001831,47853,47862,9
13.0281600952,80.2084732056,47862,47873,11
13.0297298431,80.2088470459,47873,47904,31
13.0297298431,80.2088470459,47904,47914,10
13.0300703049,80.2089385986,47914,47924,10
13.0305204391,80.2090835571,47924,47934,10
13.0316200256,80.2093887329,47934,47954,20
13.0316200256,80.2093887329,47954,47964,10
13.0317602158,80.2093887329,47964,47974,10
13.0322198868,80.2095336914,47974,47984,10
13.0329198837,80.2096481323,47984,47994,10
13.0337095261,80.2098388672,47994,48005,11
13.0346498489,80.2100601196,48005,48015,10
13.0350198746,80.2104034424,48015,48025,10
13.0349798203,80.2112884521,48025,48055,30
13.0349798203,80.2112884521,48055,48065,10
13.0349502563,80.2115402222,48065,48075,10
13.0348901749,80.2119598389,48075,48085,10
13.0352401733,80.2121810913,48085,48095,10
13.0358495712,80.2122268677,48095,48105,10
13.0364904404,80.212272644,48105,48116,11
13.0373096466,80.212272644,48116,48126,10
13.0381298065,80.212272644,48126,48136,10
13.0391302109,80.2122421265,48136,48146,10
13.0401096344,80.2122421265,48146,48156,10
13.0412197113,80.2121963501,48156,48166,10
13.0422401428,80.2122192383,48166,48176,10
13.0433397293,80.2122421265,48176,48186,10
13.0438899994,80.2122421265,48186,48257,71
13.0438899994,80.2122421265,48257,48267,10
13.0440597534,80.2122268677,48267,48277,10
13.044500351,80.2122497559,48277,48287,10
13.045129776,80.2122421265,48287,48297,10
13.045800209,80.2122268677,48297,48307,10
13.0464601517,80.2121963501,48307,48317,10
13.0472097397,80.2121582031,48317,48328,11
13.0486001968,80.212020874,48328,48348,20
13.0486001968,80.212020874,48348,48358,10
13.0487499237,80.212020874,48358,48368,10
13.0491199493,80.2119903564,48368,48378,10
13.0493202209,80.2119674683,48378,48388,10
13.0495595932,80.2119598389,48388,48398,10
13.0497703552,80.2119522095,48398,48408,10
13.049779892,80.2119522095,48408,48418,10
13.049949646,80.2119369507,48418,48428,10
13.0502300262,80.2119522095,48428,48439,11
13.050740242,80.2120132446,48439,48449,10
13.0513696671,80.2120819092,48449,48459,10
13.0522098541,80.2119674683,48459,48469,10
13.0529203415,80.2117919922,48469,48479,10
13.0537595749,80.2115631104,48479,48489,10
13.0548000336,80.2113723755,48489,48499,10
13.0559597015,80.2114105225,48499,48509,10
13.0570602417,80.2114105225,48509,48519,10
13.0574998856,80.2113723755,48519,48529,10
13.0575704575,80.2113800049,48529,48539,10
13.0579795837,80.2114028931,48539,48550,11
13.0587501526,80.2114334106,48550,48560,10
13.0595502853,80.2114868164,48560,48570,10
13.0605401993,80.2115402222,48570,48580,10
13.0616903305,80.2116088867,48580,48590,10
13.0633497238,80.2115325928,48590,48610,20
13.0633497238,80.2115325928,48610,48620,10
13.0636301041,80.2115020752,48620,48630,10
13.0642004013,80.21144104,48630,48640,10
13.0649299622,80.2111282349,48640,48651,11
13.0657997131,80.2104492188,48651,48661,10
13.0666399002,80.2097091675,48661,48671,10
13.0672798157,80.2088699341,48671,48681,10
13.0676898956,80.2082672119,48681,48691,10
13.0681495667,80.2075424194,48691,48701,10
13.0687303543,80.2066574097,48701,48711,10
13.0693397522,80.2056884766,48711,48721,10
13.0696001053,80.2051773071,48721,48731,10
13.0696697235,80.2050704956,48731,48741,10
13.0695104599,80.2048034668,48741,48751,10
13.0691900253,80.2051391602,48751,48762,11
13.0688695908,80.2052383423,48762,48772,10
13.0687398911,80.2049026489,48772,48802,30
13.0687398911,80.2049026489,48802,48812,10
13.0687198639,80.2048568726,48812,48822,10
13.0689601898,80.2047119141,48822,48831,9
13.0693502426,80.2047271729,48831,48842,11
13.0696601868,80.204788208,48842,48852,10
13.0700302124,80.2047271729,48852,48862,10
13.0702896118,80.2043609619,48862,48873,11
13.0708198547,80.2036972046,48873,48883,10
13.071439743,80.2029495239,48883,48893,10
13.0720901489,80.2021484375,48893,48943,50
13.0720901489,80.2021484375,48943,48953,10
13.0722198486,80.2018814087,48953,48963,10
13.0725698471,80.2015075684,48963,48974,11
13.0731697083,80.2008514404,48974,48984,10
13.0737104416,80.2002410889,48984,48994,10
13.0741796494,80.1996765137,48994,49004,10
13.074379921,80.19947052,49004,49014,10
13.0745000839,80.1994018555,49014,49024,10
13.0748901367,80.1991729736,49024,49034,10
13.0755500793,80.1990280151,49034,49044,10
13.0763301849,80.1990203857,49044,49054,10
13.0770998001,80.1989822388,49054,49064,10
13.07791996,80.1988830566,49064,49074,10
13.0788497925,80.1987686157,49074,49085,11
13.0799503326,80.198677063,49085,49095,10
13.0804700851,80.1986236572,49095,49105,10
13.0808296204,80.1985931396,49105,49125,20
13.0808296204,80.1985931396,49125,49135,10
13.0811395645,80.1985626221,49135,49145,10
13.0813798904,80.1985626221,49145,49155,10
13.0815601349,80.1985626221,49155,49165,10
13.0820503235,80.1985473633,49165,49196,31
13.0820503235,80.1985473633,49196,49206,10
13.0822696686,80.1984786987,49206,49216,10
13.082449913,80.1984786987,49216,49226,10
13.0828504562,80.1985015869,49226,49246,20
13.0832195282,80.1984786987,49246,49286,40
13.0832195282,80.1984786987,49286,49295,9
13.0836696625,80.1984634399,49295,49327,32
13.0836696625,80.1984634399,49327,49337,10
13.0840101242,80.1984863281,49337,49347,10
13.0841598511,80.1985092163,49347,49357,10
13.0843601227,80.1985397339,49357,49367,10
13.0845098495,80.1985702515,49367,49377,10
13.0847301483,80.1985626221,49377,49387,10
13.084980011,80.1985168457,49387,49396,9
13.0851202011,80.1984786987,49396,49408,12
13.0853395462,80.1984634399,49408,49418,10
13.0855703354,80.1984634399,49418,49428,10
13.0860900879,80.1984634399,49428,49438,10
13.0867004395,80.1984634399,49438,49448,10
13.0869998932,80.1984024048,49448,49458,10
13.0870704651,80.1980895996,49458,49468,10
13.087100029,80.1979904175,49468,49478,10
13.0871496201,80.1977767944,49478,49488,10
13.0871801376,80.197303772,49488,49498,10
13.0872097015,80.1965408325,49498,49507,9
13.0872297287,80.1957397461,49507,49519,12
13.087269783,80.1946105957,49519,49529,10
13.0873003006,80.1930007935,49529,49579,50
13.0873003006,80.1930007935,49579,49588,9
13.0873003006,80.192817688,49588,49599,11
13.0873498917,80.1924209595,49599,49609,10
13.0874300003,80.1917724609,49609,49620,11
13.0875501633,80.190826416,49620,49630,10
13.0876502991,80.1899337769,49630,49640,10
13.0876998901,80.1890411377,49640,49650,10
13.0876998901,80.1889419556,49650,49660,10
13.0877304077,80.1887283325,49660,49670,10
13.0877199173,80.1884307861,49670,49680,10
13.0877304077,80.1883392334,49680,49690,10
13.087770462,80.18800354,49690,49700,10
13.0878095627,80.1874313354,49700,49710,10
13.0878400803,80.186668396,49710,49720,10
13.0878601074,80.1858596802,49720,49731,11
13.0879096985,80.1851272583,49731,49741,10
13.0879201889,80.1849975586,49741,49751,10
13.0879201889,80.1848068237,49751,49761,10
13.0879402161,80.1846084595,49761,49771,10
13.0879297256,80.1844100952,49771,49781,10
13.0879402161,80.1841506958,49781,49791,10
13.0879402161,80.1835632324,49791,49821,30
13.0879402161,80.1835632324,49821,49831,10
13.0879802704,80.1834106445,49831,49842,11
13.0879802704,80.1831283569,49842,49852,10
13.0880098343,80.1827697754,49852,49902,50
13.0880098343,80.1827697754,49902,49912,10
13.0880403519,80.182510376,49912,49922,10
13.0880498886,80.182258606,49922,49932,10
13.0880804062,80.1820602417,49932,49943,11
13.0881004333,80.1813735962,49943,49983,40
13.0881004333,80.1813735962,49983,49993,10
13.0881204605,80.181022644,49993,50003,10
13.0881099701,80.1805877686,50003,50013,10
13.0880804062,80.1800994873,50013,50074,61
13.0880804062,80.1800994873,50074,50084,10
13.0881004333,80.1796569824,50084,50094,10
13.0881204605,80.1791915894,50094,50104,10
13.0881204605,80.1789169312,50104,50114,10
13.0881204605,80.1788024902,50114,50124,10
13.088139534,80.1783218384,50124,50134,10
13.088139534,80.1775665283,50134,50144,10
13.0881500244,80.1770095825,50144,50154,10
13.0881996155,80.1762619019,50154,50165,11
13.0882701874,80.1753005981,50165,50175,10
13.0882902145,80.1749191284,50175,50185,10
13.0883302689,80.1744613647,50185,50195,10
13.0883998871,80.1737289429,50195,50205,10
13.0884504318,80.1729278564,50205,50215,10
13.0884799957,80.1721878052,50215,50225,10
13.0884895325,80.1719284058,50225,50235,10
13.0885000229,80.1717224121,50235,50245,10
13.088549614,80.1711196899,50245,50336,91
13.088549614,80.1711196899,50336,50346,10
13.0886001587,80.1705780029,50346,50397,51
13.0886001587,80.1705780029,50397,50407,10
13.0886001587,80.1703262329,50407,50417,10
13.0886297226,80.1698913574,50417,50477,60
13.0886297226,80.1698913574,50477,50488,11
13.0886297226,80.1696472168,50488,50498,10
13.0889196396,80.1694793701,50498,50508,10
13.0894403458,80.1695404053,50508,50518,10
13.0902299881,80.1695785522,50518,50528,10
13.0911302567,80.1696624756,50528,50538,10
13.0920801163,80.1697235107,50538,50548,10
13.0930700302,80.1698379517,50548,50557,9
13.0938796997,80.1698913574,50557,50568,11
13.0946102142,80.169883728,50568,50578,10
13.0947303772,80.1698684692,50578,50588,10
13.0950202942,80.1698989868,50588,50599,11
13.0955495834,80.1699905396,50599,50609,10
13.0964002609,80.1699829102,50609,50619,10
13.0973701477,80.1700515747,50619,50629,10
13.0982599258,80.1700973511,50629,50639,10
13.0991601944,80.1701507568,50639,50649,10
13.09953022,80.1700973511,50649,50710,61
13.09953022,80.1700973511,50710,50720,10
13.0997104645,80.1698303223,50720,50730,10
13.0996103287,80.1697387695,50730,50740,10
13.0993404388,80.1696472168,50740,50750,10
13.0990600586,80.1696014404,50750,50760,10
13.0986995697,80.1694564819,50760,50780,20
13.0986995697,80.1694564819,50780,50790,10
13.0986604691,80.1694107056,50790,50800,10
13.0986604691,80.1691894531,50800,51971,1171
13.0987796783,80.1692428589,51971,51991,20
13.0987796783,80.1692428589,51991,52001,10
13.0988197327,80.1692886353,52001,52012,11
13.0989599228,80.1694869995,52012,52022,10
13.0992603302,80.1695327759,52022,52032,10
13.0994300842,80.1696014404,52032,52102,70
13.0994300842,80.1696014404,52102,52112,10
13.0997600555,80.1698226929,52112,52123,11
13.0996999741,80.1699981689,52123,52131,8
13.0994501114,80.1700820923,52131,52372,241
13.0994501114,80.1700820923,52372,52382,10
13.0991401672,80.1701812744,52382,52392,10
13.0988397598,80.1701583862,52392,52402,10
13.0983400345,80.1701202393,52402,52412,10
13.0977401733,80.1700973511,52412,52422,10
13.0970802307,80.1700820923,52422,52432,10
13.0963401794,80.1700286865,52432,52442,10
13.0955600739,80.1699829102,52442,52453,11
13.0948896408,80.169921875,52453,52463,10
13.0948696136,80.1699066162,52463,52473,10
13.0945396423,80.1698913574,52473,52483,10
13.0941896439,80.1698989868,52483,52493,10
13.093580246,80.1698608398,52493,52503,10
13.0929603577,80.1697998047,52503,52513,10
13.0923099518,80.1697921753,52513,52523,10
13.0916795731,80.1697463989,52523,52533,10
13.0910100937,80.169708252,52533,52543,10
13.0903196335,80.1696624756,52543,52553,10
13.0896701813,80.1696014404,52553,52564,11
13.0890102386,80.1695632935,52564,52594,30
13.0890102386,80.1695632935,52594,52604,10
13.0887804031,80.1695175171,52604,52614,10
13.0886802673,80.1699676514,52614,52624,10
13.088640213,80.1706390381,52624,52634,10
13.0886001587,80.1713180542,52634,52644,10
13.0886001587,80.171836853,52644,52654,10
13.0885801315,80.1720199585,52654,52665,11
13.0885601044,80.1725616455,52665,52675,10
13.08852005,80.173248291,52675,52685,10
13.0884799957,80.1740188599,52685,52695,10
13.0884504318,80.1746902466,52695,52705,10
13.0884504318,80.1747817993,52705,52715,10
13.0884103775,80.175201416,52715,52725,10
13.088350296,80.1758728027,52725,52735,10
13.0882797241,80.1767196655,52735,52745,10
13.0882701874,80.1773910522,52745,52755,10
13.088259697,80.1781082153,52755,52765,10
13.088259697,80.1785430908,52765,52776,11
13.0882501602,80.1786193848,52776,52786,10
13.088259697,80.1789932251,52786,52796,10
13.0882396698,80.1794433594,52796,52806,10
13.0882196426,80.179977417,52806,52816,10
13.0881996155,80.1806182861,52816,52826,10
13.0881795883,80.1812973022,52826,52836,10
13.088139534,80.1820831299,52836,52846,10
13.0881004333,80.1828918457,52846,52856,10
13.0880298615,80.1837615967,52856,52866,10
13.0880002975,80.1846618652,52866,52876,10
13.0879802704,80.1853027344,52876,52887,11
13.0879898071,80.1853179932,52887,52897,10
13.0879802704,80.1857376099,52897,52907,10
13.0879497528,80.1863937378,52907,52917,10
13.0879201889,80.1872329712,52917,52927,10
13.0879001617,80.1880187988,52927,52937,10
13.0878400803,80.188873291,52937,52947,10
13.0878000259,80.1897583008,52947,52967,20
13.0878000259,80.1897583008,52967,52977,10
13.0878095627,80.1898803711,52977,52988,11
13.0877199173,80.1903533936,52988,52998,10
13.0876197815,80.1910629272,52998,53008,10
13.0875196457,80.1918563843,53008,53018,10
13.0874595642,80.1924133301,53018,53028,10
13.0874500275,80.1925888062,53028,53038,10
13.0874099731,80.1928787231,53038,53048,10
13.087389946,80.1933898926,53048,53058,10
13.0873603821,80.1941299438,53058,53068,10
13.0873403549,80.1949310303,53068,53078,10
13.0873003006,80.1957702637,53078,53088,10
13.087269783,80.1967391968,53088,53099,11
13.0872602463,80.1976089478,53099,53109,10
13.0872497559,80.1977615356,53109,53119,10
13.0872402191,80.1980133057,53119,53129,10
13.0873699188,80.1983108521,53129,53139,10
13.087679863,80.1983718872,53139,53149,10
13.0882396698,80.1984100342,53149,53159,10
13.0888996124,80.1984176636,53159,53169,10
13.0895204544,80.1984634399,53169,53179,10
13.0901899338,80.1985015869,53179,53189,10
13.0908899307,80.1985626221,53189,53199,10
13.0916004181,80.1986083984,53199,53210,11
13.0924501419,80.1986312866,53210,53220,10
13.0929698944,80.1987075806,53220,53230,10
13.0929698944,80.1991500854,53230,53240,10
13.0929298401,80.1999130249,53240,53250,10
13.0928201675,80.2005691528,53250,53260,10
13.0923099518,80.2005691528,53260,53270,10
13.0915298462,80.2005462646,53270,53280,10
13.0909700394,80.2005462646,53280,53290,10
13.0906095505,80.2005462646,53290,53300,10
13.0900001526,80.2005386353,53300,53310,10
13.0891599655,80.2005310059,53310,53321,11
13.0881795883,80.2004928589,53321,53331,10
13.0872097015,80.2004623413,53331,53341,10
13.0861997604,80.200378418,53341,53351,10
13.0854597092,80.2003479004,53351,53361,10
13.0852603912,80.2001876831,53361,53371,10
13.085269928,80.1996994019,53371,53381,10
13.0852804184,80.19896698,53381,53391,10
13.0850696564,80.1986999512,53391,53401,10
13.0846300125,80.1987075806,53401,53411,10
13.0843200684,80.198677063,53411,53422,11
13.08411026,80.1986465454,53422,53432,10
13.0837898254,80.198638916,53432,53442,10
13.0830001831,80.198600769,53442,53502,60
13.0830001831,80.198600769,53502,53512,10
13.0829296112,80.1985702515,53512,53522,10
13.0825595856,80.1985626221,53522,53533,11
13.0819196701,80.198600769,53533,53543,10
13.0812301636,80.198600769,53543,53553,10
13.0804195404,80.1986465454,53553,53563,10
13.0794696808,80.1987533569,53563,53573,10
13.0784502029,80.1988525391,53573,53583,10
13.0773801804,80.1989974976,53583,53593,10
13.0762996674,80.1991271973,53593,53603,10
13.0753602982,80.1992797852,53603,53613,10
13.0744199753,80.19972229,53613,53623,10
13.0738801956,80.2002410889,53623,53633,10
13.073679924,80.2005004883,53633,53644,11
13.0736398697,80.2005462646,53644,53654,10
13.0734500885,80.2007904053,53654,53664,10
13.0730495453,80.2012786865,53664,53674,10
13.0726003647,80.2018508911,53674,53684,10
13.0721797943,80.2023010254,53684,53694,10
13.0716295242,80.202911377,53694,53704,10
13.0710496902,80.2035903931,53704,53714,10
13.0704202652,80.2042770386,53714,53724,10
13.070019722,80.204826355,53724,53734,10
13.0697498322,80.205039978,53734,53745,11
13.0694103241,80.2048568726,53745,53755,10
13.0691604614,80.2051773071,53755,53765,10
13.0688400269,80.205406189,53765,53775,10
13.0684099197,80.2054595947,53775,53815,40
13.0684099197,80.2054595947,53815,53825,10
13.068189621,80.2054595947,53825,53835,10
13.0679502487,80.205291748,53835,53876,41
13.0679502487,80.205291748,53876,53886,10
13.0680398941,80.2050018311,53886,53896,10
13.0683498383,80.2049026489,53896,53906,10
13.0685796738,80.2048568726,53906,53916,10
13.0691003799,80.2047119141,53916,53967,51
13.0691003799,80.2047119141,53967,53977,10
13.0692996979,80.2047729492,53977,53987,10
13.0697603226,80.2049102783,53987,54007,20
13.0697603226,80.2049102783,54007,54017,10
13.0698299408,80.2052307129,54017,54027,10
13.0694999695,80.2057189941,54027,54037,10
13.0690603256,80.206413269,54037,54047,10
13.0685396194,80.2072219849,54047,54057,10
13.0679998398,80.2080612183,54057,54067,10
13.0675096512,80.2088165283,54067,54078,11
13.0668802261,80.2097167969,54078,54088,10
13.0660896301,80.2104263306,54088,54098,10
13.0649995804,80.2113189697,54098,54118,20
13.0649995804,80.2113189697,54118,54128,10
13.0647497177,80.2114868164,54128,54138,10
13.0639095306,80.2117385864,54138,54168,30
13.0639095306,80.2117385864,54168,54179,11
13.0636301041,80.2116775513,54179,54189,10
13.0634098053,80.2116775513,54189,54199,10
13.0628900528,80.211730957,54199,54209,10
13.0622301102,80.2117614746,54209,54219,10
13.0614099503,80.211769104,54219,54228,9
13.0605401993,80.2117004395,54228,54239,11
13.0593595505,80.2116317749,54239,54249,10
13.058429718,80.2116165161,54249,54259,10
13.0576295853,80.2116165161,54259,54269,10
13.0575704575,80.2116165161,54269,54278,9
13.0572900772,80.2116165161,54278,54290,12
13.0566501617,80.2116165161,54290,54300,10
13.0558900833,80.2116165161,54300,54310,10
13.0550098419,80.2115936279,54310,54320,10
13.0540704727,80.2116775513,54320,54330,10
13.0530500412,80.2118988037,54330,54340,10
13.0522499084,80.2121276855,54340,54350,10
13.0518198013,80.2122268677,54350,54360,10
13.0513401031,80.2122268677,54360,54370,10
13.0507001877,80.2121810913,54370,54390,20
13.0507001877,80.2121810913,54390,54401,11
13.0498104095,80.2121429443,54401,54421,20
13.0495901108,80.2121582031,54421,54471,50
13.0495901108,80.2121582031,54471,54481,10
13.0492601395,80.2120666504,54481,54491,10
13.0488901138,80.2120895386,54491,54502,11
13.0481901169,80.2121505737,54502,54512,10
13.0473899841,80.2122192383,54512,54522,10
13.0464801788,80.2122497559,54522,54532,10
13.0455904007,80.212310791,54532,54542,10
13.0451202393,80.2123794556,54542,54552,10
13.0449304581,80.2123794556,54552,54559,7
13.0445899963,80.2124023438,54559,54572,13
13.0437803268,80.2124023438,54572,54582,10
13.0430498123,80.2123794556,54582,54592,10
13.0422201157,80.2123336792,54592,54601,9
13.0413999557,80.212348938,54601,54613,12
13.0401496887,80.212348938,54613,54623,10
13.0393695831,80.2123794556,54623,54633,10
13.0386104584,80.2123565674,54633,54643,10
13.0376901627,80.2123718262,54643,54653,10
13.036740303,80.2123413086,54653,54663,10
13.0361795425,80.2123718262,54663,54673,10
13.0359096527,80.212387085,54673,54683,10
13.0356397629,80.2123413086,54683,54693,10
13.0354995728,80.2123336792,54693,54703,10
13.0353803635,80.212310791,54703,54713,10
13.0350799561,80.2122573853,54713,54724,11
13.0344295502,80.2121200562,54724,54744,20
13.0344295502,80.2121200562,54744,54754,10
13.0343503952,80.2121276855,54754,54764,10
13.0341396332,80.2121124268,54764,54774,10
13.0337400436,80.212020874,54774,54784,10
13.0331697464,80.2118835449,54784,54794,10
13.0324401855,80.2117462158,54794,54804,10
13.0319595337,80.2114105225,54804,54813,9
13.0320196152,80.2107620239,54813,54825,12
13.0320997238,80.2099304199,54825,54835,10
13.0317401886,80.209602356,54835,54845,10
13.0311603546,80.2094268799,54845,54855,10
13.0307302475,80.2093200684,54855,54865,10
13.0301399231,80.2091293335,54865,54875,10
13.0296297073,80.2089691162,54875,54895,20
13.0296297073,80.2089691162,54895,54905,10
13.0293798447,80.2089004517,54905,54915,10
13.0288600922,80.2087631226,54915,54925,10
13.0281000137,80.2085266113,54925,54936,11
13.0273303986,80.2081604004,54936,54946,10
13.0266599655,80.2077484131,54946,54956,10
13.0259895325,80.2073364258,54956,54966,10
13.025179863,80.2070236206,54966,54976,10
13.0243196487,80.2068862915,54976,54986,10
13.0235300064,80.2067108154,54986,54996,10
13.022600174,80.2065200806,54996,55006,10
13.0216503143,80.2064208984,55006,55016,10
13.0207901001,80.2064285278,55016,55026,10
13.0201396942,80.2064437866,55026,55036,10
13.0195302963,80.2064208984,55036,55047,11
13.0189695358,80.2063064575,55047,55057,10
13.0188302994,80.2062606812,55057,55067,10
13.018409729,80.2061004639,55067,55077,10
13.0179100037,80.2059783936,55077,55087,10
13.0177001953,80.2058792114,55087,55097,10
13.0173397064,80.2057113647,55097,55107,10
13.0168800354,80.2055435181,55107,55117,10
13.016119957,80.2052307129,55117,55127,10
13.0151395798,80.2049179077,55127,55137,10
13.0142498016,80.2046127319,55137,55148,11
13.013589859,80.204460144,55148,55158,10
13.0134496689,80.2049179077,55158,55168,10
13.0131998062,80.2056503296,55168,55178,10
13.0129995346,80.2065734863,55178,55188,10
13.0128898621,80.2075195313,55188,55198,10
13.0128202438,80.207901001,55198,55208,10
13.0128297806,80.2083206177,55208,55218,10
13.0128297806,80.2086791992,55218,55228,10
13.0129499435,80.2092590332,55228,55238,10
13.0131902695,80.2098388672,55238,55248,10
13.0130901337,80.2105712891,55248,55259,11
13.0127296448,80.21144104,55259,55269,10
13.0123100281,80.2121582031,55269,55279,10
13.0118999481,80.2127304077,55279,55289,10
13.0116901398,80.2128372192,55289,55299,10
13.0112895966,80.2125167847,55299,55309,10
13.0106801987,80.2120437622,55309,55319,10
13.0100803375,80.2115631104,55319,55329,10
13.009929657,80.2114105225,55329,55339,10
13.0096597672,80.2112121582,55339,55390,51
13.0096597672,80.2112121582,55390,55400,10
13.0093603134,80.2109832764,55400,55410,10
13.009349823,80.2109680176,55410,55420,10
13.0092401505,80.2110824585,55420,55430,10
13.0090103149,80.2114181519,55430,55440,10
13.009059906,80.2118911743,55440,55450,10
13.0092697144,80.2125396729,55450,55460,10
13.009519577,80.2132263184,55460,55471,11
13.0098495483,80.2139968872,55471,55481,10
13.0101203918,80.2147674561,55481,55491,10
13.0102500916,80.2156906128,55491,55501,10
13.0106697083,80.2166595459,55501,55511,10
13.0111398697,80.2176818848,55511,55521,10
13.0115499496,80.21875,55521,55531,10
13.0118999481,80.2199630737,55531,55541,10
13.0122203827,80.2209701538,55541,55551,10
13.0123996735,80.2216186523,55551,55561,10
13.012720108,80.2221298218,55561,55571,10
13.0131797791,80.22265625,55571,55582,11
13.0138502121,80.2234191895,55582,55592,10
13.0142402649,80.2238311768,55592,55602,10
13.0145101547,80.2239990234,55602,55612,10
13.0148801804,80.2245178223,55612,55622,10
13.0152101517,80.2249069214,55622,55632,10
13.01541996,80.225479126,55632,55642,10
13.0150003433,80.2259597778,55642,55652,10
13.0141801834,80.2262878418,55652,55662,10
13.0132198334,80.2266693115,55662,55672,10
13.0122699738,80.2270431519,55672,55682,10
13.0111999512,80.2274475098,55682,55693,11
13.0100603104,80.227897644,55693,55703,10
13.0094995499,80.2276916504,55703,55713,10
13.0097198486,80.2271118164,55713,55723,10
13.0100402832,80.226348877,55723,55733,10
13.0103902817,80.2255401611,55733,55743,10
13.0105695724,80.2251968384,55743,55753,10
13.0106601715,80.2250366211,55753,55763,10
13.0107803345,80.2246398926,55763,55773,10
13.0110397339,80.2240219116,55773,55782,9
13.0111598969,80.2236404419,55782,55794,12
13.0112800598,80.223197937,55794,55804,10
13.0108203888,80.2228775024,55804,55814,10
13.0100898743,80.2225189209,55814,55824,10
13.0093402863,80.2221298218,55824,55834,10
13.0085201263,80.2216796875,55834,55844,10
13.0076503754,80.2212295532,55844,55854,10
13.0067396164,80.2207336426,55854,55864,10
13.0057096481,80.2204437256,55864,55874,10
13.0047302246,80.2202224731,55874,55884,10
13.0038995743,80.2200317383,55884,55894,10
13.0032701492,80.2198867798,55894,55905,11
13.0028600693,80.2197418213,55905,55915,10
13.0022497177,80.2192993164,55915,55925,10
13.001660347,80.2186965942,55925,55935,10
13.0010204315,80.2182312012,55935,55945,10
13.0002803802,80.2177810669,55945,55955,10
12.9994802475,80.2172927856,55955,55965,10
12.9986200333,80.2168273926,55965,55975,10
12.9978103638,80.2165679932,55975,55985,10
12.9975204468,80.2165374756,55985,55995,10
12.997469902,80.2165222168,55995,56005,10
12.997130394,80.2165222168,56005,56016,11
12.9964199066,80.2165908813,56016,56026,10
12.9955797195,80.216758728,56026,56036,10
12.994799614,80.2172088623,56036,56046,10
12.994020462,80.2177810669,56046,56056,10
12.9932003021,80.2183380127,56056,56066,10
12.9924898148,80.2189025879,56066,56076,10
12.991689682,80.2194900513,56076,56086,10
12.9912204742,80.219581604,56086,56096,10
12.9910001755,80.2194671631,56096,56106,10
12.99077034,80.2193374634,56106,56117,11
12.9901199341,80.2191314697,56117,56127,10
12.9893198013,80.2188415527,56127,56137,10
12.9883899689,80.2185287476,56137,56147,10
12.9874401093,80.2183532715,56147,56157,10
12.9869804382,80.2182693481,56157,56167,10
12.986869812,80.2182388306,56167,56177,10
12.9863996506,80.2181091309,56177,56187,10
12.9855499268,80.217918396,56187,56197,10
12.9839801788,80.2179489136,56197,56217,20
12.9839801788,80.2179489136,56217,56228,11
12.9837198257,80.2179489136,56228,56238,10
12.9831399918,80.2179489136,56238,56248,10
12.9823799133,80.217956543,56248,56258,10
12.9814996719,80.2180099487,56258,56268,10
12.9805297852,80.2182998657,56268,56278,10
12.97976017,80.2186279297,56278,56288,10
12.9794101715,80.2187805176,56288,56298,10
12.978890419,80.2190322876,56298,56308,10
12.9784603119,80.2192077637,56308,56317,9
12.9778003693,80.2194824219,56317,56329,12
12.9766998291,80.2199172974,56329,56339,10
12.9755001068,80.2205963135,56339,56440,101
12.9755001068,80.2205963135,56440,56450,10
12.9757699966,80.2208709717,56450,56763,313
12.9759597778,80.2209701538,56763,56833,70
12.9760904312,80.2211380005,56833,57812,979
12.9759502411,80.2210693359,57812,57943,131
12.9760599136,80.2211227417,57943,58256,313
12.9760599136,80.2211227417,58256,58266,10
12.9764003754,80.221321106,58266,58275,9
12.9767503738,80.2212905884,58275,58287,12
12.9774198532,80.2212371826,58287,58297,10
12.9779596329,80.2212219238,58297,58307,10
12.9788198471,80.2211990356,58307,58317,10
12.9796199799,80.2211227417,58317,58327,10
12.9804801941,80.2210617065,58327,58337,10
12.9813203812,80.2211914063,58337,58347,10
12.9823904037,80.2218170166,58347,58367,20
12.9826002121,80.2218322754,58367,58387,20
12.9826002121,80.2218322754,58387,58398,11
12.9828701019,80.2219314575,58398,58408,10
12.9830503464,80.2220306396,58408,58418,10
12.9832601547,80.2221603394,58418,58428,10
12.9835796356,80.2223434448,58428,58438,10
12.9840698242,80.22265625,58438,58448,10
12.9845504761,80.2229614258,58448,58458,10
12.9851303101,80.2232894897,58458,58468,10
12.9857196808,80.2230606079,58468,58478,10
12.9862804413,80.2229766846,58478,58488,10
12.9864702225,80.2229537964,58488,58498,10
12.9866104126,80.2229690552,58498,58509,11
12.9868898392,80.2229919434,58509,58519,10
12.9872303009,80.2230911255,58519,58529,10
12.9876804352,80.2231063843,58529,58539,10
12.9882802963,80.2226486206,58539,58549,10
12.9888696671,80.2220916748,58549,58559,10
12.9894800186,80.2213287354,58559,58569,10
12.9901895523,80.2205810547,58569,58579,10
12.9904499054,80.2203903198,58579,58589,10
12.9905700684,80.2203063965,58589,58599,10
12.9909296036,80.2200088501,58599,58610,11
12.9912204742,80.2197723389,58610,58620,10
12.9915103912,80.2195129395,58620,58630,10
12.9919300079,80.2192230225,58630,58640,10
12.9924201965,80.2188491821,58640,58650,10
12.9930295944,80.2184295654,58650,58660,10
12.9934501648,80.2181167603,58660,58670,10
12.9939498901,80.2177886963,58670,58680,10
12.9944601059,80.2174377441,58680,58690,10
12.9948396683,80.2171707153,58690,58700,10
12.9952802658,80.2168884277,58700,58710,10
12.9959001541,80.2167129517,58710,58721,11
12.9967298508,80.216506958,58721,58731,10
12.9970302582,80.2164611816,58731,58741,10
12.9973897934,80.216217041,58741,58761,20
12.9973897934,80.216217041,58761,58771,10
12.9977302551,80.2159423828,58771,58781,10
12.9981899261,80.2155075073,58781,58791,10
12.9988698959,80.2149429321,58791,58811,20
12.9988698959,80.2149429321,58811,58821,10
12.99903965,80.2147979736,58821,58832,11
12.999329567,80.2145767212,58832,58842,10
12.9997701645,80.2141799927,58842,58852,10
13.0001802444,80.2137985229,58852,58862,10
13.0007696152,80.2132797241,58862,58872,10
13.0013399124,80.2128601074,58872,58882,10
13.0019302368,80.2124176025,58882,58892,10
13.0023298264,80.2122268677,58892,58902,10
13.002790451,80.2121276855,58902,58912,10
13.0033597946,80.212097168,58912,58922,10
13.0036001205,80.2119827271,58922,58933,11
13.0036802292,80.2117233276,58933,58943,10
13.0036497116,80.2111129761,58943,58953,10
13.0035800934,80.2103881836,58953,58963,10
13.0034999847,80.2096405029,58963,58973,10
13.0036401749,80.2088699341,58973,58983,10
13.0043001175,80.2087631226,58983,58993,10
13.0051698685,80.2091598511,58993,59003,10
13.0060596466,80.2095184326,59003,59013,10
13.0066795349,80.2097091675,59013,59023,10
13.0072002411,80.2098312378,59023,59044,21
13.0072002411,80.2098312378,59044,59054,10
13.007399559,80.2098388672,59054,59064,10
13.0078001022,80.2099380493,59064,59074,10
13.0081195831,80.2099914551,59074,59084,10
13.0080795288,80.2094802856,59084,59094,10
13.0079202652,80.208732605,59094,59104,10
13.007809639,80.207862854,59104,59114,10
13.0076503754,80.2069091797,59114,59124,10
13.0075397491,80.2059402466,59124,59134,10
13.0075101852,80.2052230835,59134,59144,10
13.007519722,80.2045516968,59144,59155,11
13.0074501038,80.2037506104,59155,59165,10
13.0073003769,80.2029266357,59165,59175,10
13.0067195892,80.202583313,59175,59185,10
13.0066404343,80.2032089233,59185,59195,10
13.0072402954,80.2036132813,59195,59205,10
13.0080404282,80.2037734985,59205,59215,10
13.0089902878,80.2036972046,59215,59225,10
13.0101203918,80.20362854,59225,59235,10
13.011349678,80.2036972046,59235,59245,10
13.0125999451,80.2039337158,59245,59256,11
13.0134801865,80.2041397095,59256,59266,10
13.0138196945,80.2042617798,59266,59276,10
13.0143699646,80.2044830322,59276,59286,10
13.0149202347,80.2046508789,59286,59296,10
13.0149803162,80.2046508789,59296,59306,10
13.0151195526,80.2047271729,59306,59316,10
13.0161104202,80.205078125,59316,59326,10
13.0161104202,80.205078125,59326,59336,10
13.0164499283,80.2049407959,59336,59346,10
13.0168199539,80.2052001953,59346,59356,10
13.0175800323,80.205581665,59356,59367,11
13.0183496475,80.2058410645,59367,59377,10
13.0186901093,80.2059173584,59377,59387,10
13.0187702179,80.2059326172,59387,59397,10
13.019080162,80.2060775757,59397,59407,10
13.0194597244,80.2061691284,59407,59417,10
13.0200901031,80.2063064575,59417,59427,10
13.0210399628,80.2062835693,59427,59437,10
13.0219202042,80.2063293457,59437,59447,10
13.0226097107,80.2064208984,59447,59457,10
13.0236501694,80.2066421509,59457,59467,10
13.0243196487,80.206703186,59467,59478,11
13.024430275,80.2066879272,59478,59488,10
13.0247802734,80.2068405151,59488,59498,10
13.0254001617,80.2070770264,59498,59508,10
13.0261802673,80.2074432373,59508,59518,10
13.02684021,80.2078170776,59518,59528,10
13.0275802612,80.2082672119,59528,59538,10
13.0284204483,80.2086105347,59538,59548,10
13.0291795731,80.2087936401,59548,59558,10
13.0298595428,80.2089309692,59558,59568,10
13.0303401947,80.2090530396,59568,59579,11
13.0316095352,80.2093734741,59579,59599,20
13.0316095352,80.2093734741,59599,59609,10
13.0319795609,80.2094726563,59609,59619,10
13.0325698853,80.2095794678,59619,59629,10
13.0334396362,80.2098388672,59629,59639,10
13.0343399048,80.2099990845,59639,59649,10
13.0350704193,80.2103271484,59649,59659,10
13.035030365,80.2109222412,59659,59669,10
13.0350503922,80.2113418579,59669,59679,10
13.0350399017,80.2113494873,59679,59690,11
13.0349397659,80.2120666504,59690,59720,30
13.0349397659,80.2120666504,59720,59730,10
13.0349702835,80.2121963501,59730,59740,10
13.0353298187,80.2122802734,59740,59750,10
13.0360002518,80.2123336792,59750,59760,10
13.0367898941,80.2123413086,59760,59770,10
13.0371103287,80.2123413086,59770,59780,10
13.0374803543,80.2123184204,59780,59789,9
13.0381002426,80.2123336792,59789,59801,12
13.0391302109,80.2122573853,59801,59811,10
13.0401096344,80.2122421265,59811,59821,10
13.0413799286,80.2123413086,59821,59831,10
13.0425300598,80.212348938,59831,59841,10
13.0437698364,80.2122879028,59841,59851,10
13.0447902679,80.2122802734,59851,59861,10
13.0457801819,80.2122421265,59861,59871,10
13.0466403961,80.2121887207,59871,59881,10
13.0475101471,80.2121200562,59881,59891,10
13.0482397079,80.2120513916,59891,59912,21
13.0482397079,80.2120513916,59912,59922,10
13.0483598709,80.2120132446,59922,59932,10
13.048740387,80.2119903564,59932,59942,10
13.049489975,80.2119903564,59942,59972,30
13.049489975,80.2119903564,59972,59982,10
13.0497398376,80.2119293213,59982,59992,10
13.0499200821,80.2119522095,59992,60002,10
13.0501699448,80.2119522095,60002,60013,11
13.0504903793,80.2121124268,60013,60023,10
13.0511198044,80.2123184204,60023,60033,10
13.0523796082,80.2120132446,60033,60043,10
13.0536403656,80.2116470337,60043,60053,10
13.0547895432,80.2114562988,60053,60063,10
13.055970192,80.2114334106,60063,60073,10
13.0569801331,80.2114105225,60073,60083,10
13.0576496124,80.2113876343,60083,60093,10
13.0578203201,80.2113876343,60093,60103,10
13.0583896637,80.211479187,60103,60114,11
13.0592699051,80.2115402222,60114,60124,10
13.060210228,80.2115936279,60124,60134,10
13.0613603592,80.2116165161,60134,60144,10
13.0623998642,80.2116470337,60144,60154,10
13.0632095337,80.2115097046,60154,60164,10
13.0632600784,80.2115020752,60164,60174,10
13.0634803772,80.2114562988,60174,60184,10
13.0639095306,80.2114715576,60184,60194,10
13.0645904541,80.2113189697,60194,60204,10
13.0653800964,80.2108306885,60204,60214,10
13.0662097931,80.2101974487,60214,60225,11
13.0673999786,80.2087402344,60225,60245,20
13.0673999786,80.2087402344,60245,60255,10
13.0675096512,80.2084197998,60255,60265,10
13.0678501129,80.2079315186,60265,60275,10
13.0683002472,80.2072296143,60275,60285,10
13.0688495636,80.2063827515,60285,60295,10
13.0693998337,80.2055130005,60295,60305,10
13.0696201324,80.2051010132,60305,60315,10
13.0696601868,80.2048873901,60315,60324,9
13.0693702698,80.2048187256,60324,60336,12
13.069029808,80.2052307129,60336,60346,10
13.0687799454,80.2051773071,60346,60376,30
13.0687799454,80.2051773071,60376,60386,10
13.0688199997,80.2049102783,60386,60396,10
13.0690097809,80.2047119141,60396,60406,10
13.069319725,80.204750061,60406,60416,10
13.0695896149,80.2048110962,60416,60425,9
13.0698003769,80.204826355,60425,60437,12
13.0700101852,80.2046508789,60437,60447,10
13.0702800751,80.2042999268,60447,60457,10
13.0707302094,80.2037506104,60457,60467,10
13.071269989,80.2031021118,60467,60477,10
13.071849823,80.2023696899,60477,60497,20
13.071849823,80.2023696899,60497,60507,10
13.0719995499,80.2022323608,60507,60517,10
13.0722799301,80.2019500732,60517,60527,10
13.072640419,80.2015228271,60527,60537,10
13.0731201172,80.200958252,60537,60548,11
13.0734395981,80.2005767822,60548,60558,10
13.0738096237,80.2001190186,60558,60568,10
13.0740404129,80.1998519897,60568,60578,10
13.0742301941,80.1996383667,60578,60588,10
13.0742702484,80.1996002197,60588,60598,10
13.0743999481,80.1994934082,60598,60608,10
13.0747900009,80.1992034912,60608,60618,10
13.0753498077,80.1990509033,60618,60628,10
13.0760498047,80.1990509033,60628,60638,10
13.0768404007,80.1990432739,60638,60648,10
13.077340126,80.1989898682,60648,60659,11
13.0781402588,80.1988983154,60659,60669,10
13.0790700912,80.1987762451,60669,60679,10
13.0801496506,80.198677063,60679,60689,10
13.0810203552,80.198600769,60689,60699,10
13.0815896988,80.198600769,60699,60709,10
13.0818004608,80.198600769,60709,60719,10
13.0820598602,80.1985702515,60719,60729,10
13.0822496414,80.1985092163,60729,60739,10
13.0823802948,80.1985015869,60739,60749,10
13.0826301575,80.1984786987,60749,60760,11
13.0828800201,80.1985168457,60760,60770,10
13.0829696655,80.1985397339,60770,60780,10
13.0832395554,80.1985092163,60780,60810,30
13.0832395554,80.1985092163,60810,60820,10
13.0836496353,80.1984863281,60820,60830,10
13.0838499069,80.1985015869,60830,60840,10
13.0840902328,80.1984786987,60840,60850,10
13.084280014,80.1984786987,60850,60860,10
13.0844802856,80.1984863281,60860,60871,11
13.0847702026,80.1985015869,60871,60891,20
13.0847702026,80.1985015869,60891,60901,10
13.085100174,80.1984634399,60901,60911,10
13.0853004456,80.1984786987,60911,60921,10
13.0854797363,80.1984863281,60921,60931,10
13.0856800079,80.1984786987,60931,60941,10
13.0861196518,80.1984786987,60941,60951,10
13.0866603851,80.1984634399,60951,60961,10
13.0869503021,80.1984176636,60961,60971,10
13.0870599747,80.1981582642,60971,60982,11
13.0870895386,80.1980361938,60982,60992,10
13.0871200562,80.1978988647,60992,61002,10
13.0871696472,80.1974334717,61002,61012,10
13.0871896744,80.1967391968,61012,61022,10
13.0872097015,80.1959228516,61022,61032,10
13.0872297287,80.1951370239,61032,61042,10
13.0872297287,80.1942520142,61042,61052,10
13.087269783,80.1931533813,61052,61072,20
13.087269783,80.1931533813,61072,61083,11
13.0872602463,80.1930923462,61083,61093,10
13.0872802734,80.1927871704,61093,61103,10
13.0873403549,80.1923980713,61103,61113,10
13.0874204636,80.1918029785,61113,61123,10
13.0875196457,80.1910476685,61123,61133,10
13.0876302719,80.1902008057,61133,61143,10
13.0877199173,80.1890563965,61143,61163,20
13.0877199173,80.1890563965,61163,61173,10
13.0877304077,80.1887283325,61173,61194,21
13.0877304077,80.1887283325,61194,61204,10
13.0877599716,80.1885375977,61204,61214,10
13.087770462,80.1881484985,61214,61224,10
13.0878095627,80.1876831055,61224,61234,10
13.0878400803,80.1870803833,61234,61244,10
13.0878696442,80.1864013672,61244,61254,10
13.0878896713,80.1857528687,61254,61264,10
13.0879297256,80.1851119995,61264,61274,10
13.08796978,80.1843490601,61274,61284,10
13.0880002975,80.1835784912,61284,61294,10
13.0880203247,80.183052063,61294,61315,21
13.0880203247,80.183052063,61315,61325,10
13.088060379,80.1827011108,61325,61335,10
13.088060379,80.1824417114,61335,61345,10
13.0880699158,80.1822128296,61345,61355,10
13.0881004333,80.181640625,61355,61365,10
13.0881099701,80.1808166504,61365,61375,10
13.0880899429,80.1800231934,61375,61406,31
13.0880899429,80.1800231934,61406,61416,10
13.0881099701,80.1797714233,61416,61426,10
13.0881299973,80.179397583,61426,61436,10
13.0881500244,80.1791610718,61436,61446,10
13.0881700516,80.1786270142,61446,61456,10
13.0882101059,80.1777877808,61456,61466,10
13.0882196426,80.1770172119,61466,61476,10
13.088259697,80.1762771606,61476,61486,10
13.0883197784,80.1753616333,61486,61496,10
13.088350296,80.1747665405,61496,61506,10
13.0883998871,80.1742401123,61506,61517,11
13.0884304047,80.1737365723,61517,61527,10
13.088470459,80.1733093262,61527,61537,10
13.08852005,80.1725769043,61537,61547,10
13.0885400772,80.1718826294,61547,61557,10
13.088549614,80.1716995239,61557,61567,10
13.0885801315,80.1711883545,61567,61577,10
13.0886201859,80.1705474854,61577,61587,10
13.0886497498,80.1699295044,61587,61628,41
13.0886497498,80.1699295044,61628,61638,10
13.0886497498,80.1697463989,61638,61648,10
13.0887899399,80.1694412231,61648,61658,10
13.0892801285,80.1695175171,61658,61668,10
13.090089798,80.1696014404,61668,61678,10
13.0909004211,80.1696472168,61678,61688,10
13.0916004181,80.169708252,61688,61698,10
13.0924596786,80.1697692871,61698,61708,10
13.0933599472,80.1698226929,61708,61717,9
13.0941696167,80.1698608398,61717,61729,12
13.0947303772,80.169883728,61729,61739,10
13.0950202942,80.1699829102,61739,61749,10
13.0955200195,80.1699676514,61749,61759,10
13.0963497162,80.1700134277,61759,61769,10
13.0972700119,80.1700668335,61769,61779,10
13.0979604721,80.1700897217,61779,61789,10
13.0986604691,80.1701202393,61789,61799,10
13.0992202759,80.1701583862,61799,61809,10
13.0996704102,80.1697616577,61809,61840,31
13.0996704102,80.1697616577,61840,61850,10
13.0995798111,80.1696472168,61850,61860,10
13.099360466,80.1700134277,61860,62112,252
13.0994100571,80.1703109741,62112,62425,313
13.0993900299,80.1701126099,62425,63031,606
13.0993900299,80.1701126099,63031,63041,10
13.0992298126,80.1702270508,63041,63051,10
13.0991897583,80.170211792,63051,63061,10
13.0989904404,80.1701965332,63061,63071,10
13.0985498428,80.1701583862,63071,63081,10
13.0979995728,80.1701278687,63081,63091,10
13.0975599289,80.1701126099,63091,63101,10
13.0969295502,80.1700668335,63101,63111,10
13.0962095261,80.1700210571,63111,63121,10
13.0954704285,80.1699829102,63121,63132,11
13.0949497223,80.1699676514,63132,63142,10
13.0948495865,80.1699676514,63142,63152,10
13.0946998596,80.1699676514,63152,63162,10
13.0945501328,80.1699523926,63162,63172,10
13.0942697525,80.1698989868,63172,63182,10
13.0936803818,80.1698379517,63182,63192,10
13.092880249,80.1697921753,63192,63202,10
13.0919904709,80.1697235107,63202,63212,10
13.0913801193,80.1696777344,63212,63222,10
13.0907697678,80.1696624756,63222,63233,11
13.0899000168,80.1696166992,63233,63243,10
13.0888004303,80.1695785522,63243,63283,40
13.0888004303,80.1695785522,63283,63293,10
13.0886297226,80.1697235107,63293,63303,10
13.0886297226,80.170173645,63303,63313,10
13.0885896683,80.1708679199,63313,63323,10
13.0885601044,80.1715927124,63323,63333,10
13.0885801315,80.171913147,63333,63344,11
13.0885896683,80.1719970703,63344,63354,10
13.0885696411,80.1723709106,63354,63364,10
13.0885295868,80.1729812622,63364,63374,10
13.0884895325,80.1737518311,63374,63384,10
13.0884504318,80.1745529175,63384,63394,10
13.0884399414,80.1746826172,63394,63404,10
13.0884304047,80.1747817993,63404,63413,9
13.0883998871,80.1751480103,63413,63424,11
13.088350296,80.1759033203,63424,63434,10
13.0882902145,80.1767578125,63434,63444,10
13.088259697,80.1773605347,63444,63455,11
13.0882701874,80.1785812378,63455,63475,20
13.0882701874,80.1785812378,63475,63485,10
13.0882701874,80.1787261963,63485,63495,10
13.0882701874,80.1789016724,63495,63505,10
13.0882797241,80.1789627075,63505,63515,10
13.0882501602,80.1792984009,63515,63525,10
13.0882196426,80.1799163818,63525,63535,10
13.0881996155,80.1807632446,63535,63545,10
13.0881795883,80.1817016602,63545,63606,61
13.0881795883,80.1817016602,63606,63616,10
13.0881299973,80.1821517944,63616,63626,10
13.0881004333,80.1827926636,63626,63636,10
13.088060379,80.1836013794,63636,63646,10
13.0880203247,80.1845474243,63646,63656,10
13.0879898071,80.1854171753,63656,63667,11
13.0879497528,80.1864471436,63667,63677,10
13.0879402161,80.187286377,63677,63687,10
13.0879402161,80.1876373291,63687,63697,10
13.0879096985,80.1881027222,63697,63707,10
13.0878696442,80.1887664795,63707,63717,10
13.0878095627,80.189743042,63717,63737,20
13.0878095627,80.189743042,63737,63747,10
13.087770462,80.1899032593,63747,63756,9
13.0877304077,80.1901016235,63756,63767,11
13.0876398087,80.1907119751,63767,63778,11
13.0875301361,80.191619873,63778,63788,10
13.0874700546,80.1923828125,63788,63838,50
13.0874700546,80.1923828125,63838,63848,10
13.0874700546,80.1925811768,63848,63858,10
13.0874204636,80.1928787231,63858,63868,10
13.087389946,80.1934432983,63868,63879,11
13.0873498917,80.1942367554,63879,63889,10
13.0873298645,80.1949081421,63889,63899,10
13.0873003006,80.1956100464,63899,63909,10
13.0872802734,80.1964874268,63909,63919,10
13.0872602463,80.1973571777,63919,63929,10
13.0872602463,80.1977233887,63929,63939,10
13.0872497559,80.1977920532,63939,63949,10
13.0872402191,80.1980514526,63949,63959,10
13.0873298645,80.1984176636,63959,63969,10
13.0876197815,80.1984786987,63969,63979,10
13.0881500244,80.1984405518,63979,63990,11
13.0889596939,80.1984634399,63990,64000,10
13.0895299911,80.1985015869,64000,64010,10
13.0902500153,80.1985473633,64010,64020,10
13.0909996033,80.1986236572,64020,64030,10
13.0917701721,80.198677063,64030,64040,10
13.0924501419,80.1986923218,64040,64050,10
13.0929203033,80.1987075806,64050,64060,10
13.0929698944,80.1990966797,64060,64070,10
13.0929203033,80.1998062134,64070,64080,10
13.0928897858,80.2004776001,64080,64101,21
13.0928897858,80.2004776001,64101,64111,10
13.0928497314,80.2006530762,64111,64121,10
13.092499733,80.2006072998,64121,64131,10
13.0918798447,80.2005996704,64131,64141,10
13.0910100937,80.2005691528,64141,64151,10
13.0903196335,80.2005310059,64151,64161,10
13.090259552,80.2005233765,64161,64171,10
13.0898399353,80.2005004883,64171,64181,10
13.0897197723,80.2004776001,64181,64191,10
13.0895204544,80.2004776001,64191,64202,11
13.0888299942,80.2004470825,64202,64222,20
13.0888299942,80.2004470825,64222,64232,10
13.0886898041,80.2005081177,64232,64242,10
13.0884504318,80.2004928589,64242,64252,10
13.0880699158,80.2004623413,64252,64272,20
13.0880699158,80.2004623413,64272,64282,10
13.0877304077,80.2004776001,64282,64292,10
13.0875101089,80.2004776001,64292,64302,10
13.0872097015,80.2004623413,64302,64313,11
13.086689949,80.2004165649,64313,64323,10
13.0864601135,80.2003936768,64323,64333,10
13.0862197876,80.2003707886,64333,64343,10
13.0859498978,80.200378418,64343,64363,20
13.0859498978,80.200378418,64363,64373,10
13.085559845,80.2003631592,64373,64382,9
13.0854101181,80.2003479004,64382,64393,11
13.0853395462,80.2001495361,64393,64403,10
13.0853595734,80.1996688843,64403,64414,11
13.0853004456,80.1990280151,64414,64424,10
13.0852003098,80.1987686157,64424,64434,10
13.0849599838,80.1987533569,64434,64444,10
13.0847997665,80.1987609863,64444,64454,10
13.0842895508,80.1987075806,64454,64474,20
13.0842895508,80.1987075806,64474,64484,10
13.0840301514,80.1986923218,64484,64494,10
13.0839004517,80.1986999512,64494,64504,10
13.0836496353,80.1986923218,64504,64514,10
13.0832395554,80.1986618042,64514,64525,11
13.0826997757,80.198638916,64525,64535,10
13.0822696686,80.1986465454,64535,64545,10
13.0819597244,80.1986694336,64545,64555,10
13.0814599991,80.1986618042,64555,64565,10
13.080909729,80.1986465454,64565,64575,10
13.0802602768,80.1987228394,64575,64585,10
13.0795898438,80.1987762451,64585,64595,10
13.0789003372,80.1988372803,64595,64605,10
13.0781602859,80.1989517212,64605,64615,10
13.0773696899,80.1990280151,64615,64626,11
13.0765199661,80.1991271973,64626,64636,10
13.0756502151,80.1992492676,64636,64646,10
13.0749597549,80.1994628906,64646,64656,10
13.0742998123,80.1998672485,64656,64666,10
13.0739002228,80.2002487183,64666,64676,10
13.0736198425,80.2006225586,64676,64686,10
13.0735902786,80.200668335,64686,64696,10
13.0733604431,80.2009429932,64696,64706,10
13.072930336,80.2014389038,64706,64716,10
13.0724000931,80.2020797729,64716,64726,10
13.0718002319,80.2026824951,64726,64737,11
13.0710697174,80.2035598755,64737,64747,10
13.0700998306,80.2047424316,64747,64777,30
13.0700998306,80.2047424316,64777,64787,10
13.0699701309,80.2049179077,64787,64807,20
13.0699701309,80.2049179077,64807,64817,10
13.0697898865,80.2050933838,64817,64827,10
13.0694799423,80.2049102783,64827,64837,10
13.0691900253,80.2052230835,64837,64848,11
13.0687503815,80.2054901123,64848,64858,10
13.0680599213,80.2054672241,64858,64898,40
13.0680599213,80.2054672241,64898,64908,10
13.0679798126,80.2054290771,64908,64918,10
13.0679197311,80.2052688599,64918,64927,9
13.0680103302,80.205078125,64927,64938,11
13.0683298111,80.2049865723,64938,64949,11
13.0687198639,80.2048492432,64949,64959,10
13.0690498352,80.2047805786,64959,64969,10
13.0693798065,80.2048034668,64969,64979,10
13.0694904327,80.2048187256,64979,64989,10
13.0697002411,80.2048797607,64989,64999,10
13.069899559,80.2050933838,64999,65009,10
13.0698299408,80.205291748,65009,65019,10
13.0695495605,80.2057037354,65019,65029,10
13.0691604614,80.2062911987,65029,65039,10
13.0686903,80.2070236206,65039,65049,10
13.0681495667,80.2078781128,65049,65060,11
13.0674800873,80.2089080811,65060,65070,10
13.0668401718,80.2098312378,65070,65080,10
13.0661296844,80.2104568481,65080,65090,10
13.0651597977,80.2112808228,65090,65110,20
13.0651597977,80.2112808228,65110,65120,10
13.0650501251,80.2113571167,65120,65130,10
13.064740181,80.211517334,65130,65140,10
13.0641803741,80.2117233276,65140,65150,10
13.0635004044,80.2117996216,65150,65161,11
13.0627498627,80.2118377686,65161,65171,10
13.0621004105,80.2118377686,65171,65181,10
13.0615196228,80.2117767334,65181,65191,10
13.060669899,80.211769104,65191,65201,10
13.0598096848,80.2117462158,65201,65211,10
13.0589895248,80.2117233276,65211,65221,10
13.0585203171,80.2116775513,65221,65231,10
13.0581903458,80.2116775513,65231,65241,10
13.0577096939,80.2116775513,65241,65251,10
13.0576601028,80.2116775513,65251,65261,10
13.0573997498,80.2116470337,65261,65271,10
13.0568799973,80.2116165161,65271,65282,11
13.0560798645,80.2116165161,65282,65292,10
13.0552196503,80.2116165161,65292,65302,10
13.0542297363,80.2116699219,65302,65312,10
13.0531396866,80.2118988037,65312,65322,10
13.0522699356,80.2121505737,65322,65332,10
13.0518198013,80.2122192383,65332,65342,10
13.0510396957,80.2121582031,65342,65372,30
13.0510396957,80.2121582031,65372,65383,11
13.0504903793,80.2121887207,65383,65393,10
13.0500297546,80.2121887207,65393,65403,10
13.0499000549,80.2122116089,65403,65413,10
13.0496902466,80.2122421265,65413,65443,30
13.0496902466,80.2122421265,65443,65453,10
13.0495100021,80.2121887207,65453,65463,10
13.049200058,80.2121887207,65463,65473,10
13.0486402512,80.2122268677,65473,65484,11
13.0477895737,80.2123031616,65484,65494,10
13.0468397141,80.2123565674,65494,65504,10
13.045920372,80.2124023438,65504,65514,10
13.0453701019,80.2124481201,65514,65524,10
13.0449895859,80.2124710083,65524,65534,10
13.0445899963,80.2124862671,65534,65544,10
13.0441398621,80.2124481201,65544,65554,10
13.043419838,80.2124404907,65554,65564,10
13.042550087,80.2124481201,65564,65574,10
13.0415897369,80.2124481201,65574,65584,10
13.0405797958,80.2124633789,65584,65595,11
13.0398197174,80.2124404907,65595,65605,10
13.0391902924,80.2124633789,65605,65615,10
13.0385704041,80.2124710083,65615,65625,10
13.0382404327,80.2125015259,65625,65685,60
13.0382404327,80.2125015259,65685,65696,11
13.038069725,80.2124786377,65696,65706,10
13.0377998352,80.2124862671,65706,65716,10
13.0373802185,80.2124786377,65716,65726,10
13.0367698669,80.2124099731,65726,65736,10
13.0357599258,80.2124633789,65736,65766,30
13.0357599258,80.2124633789,65766,65776,10
13.0354204178,80.2124099731,65776,65786,10
13.0350103378,80.2123718262,65786,65795,9
13.0349903107,80.2123565674,65795,65807,12
13.0346097946,80.2122497559,65807,65817,10
13.0342597961,80.2121963501,65817,65847,30
13.0342597961,80.2121963501,65847,65857,10
13.0340499878,80.2121429443,65857,65877,20
13.0340499878,80.2121429443,65877,65887,10
13.0337896347,80.2121200562,65887,65897,10
13.0336198807,80.2120819092,65897,65907,10
13.0331802368,80.2119827271,65907,65918,11
13.0324401855,80.2118606567,65918,65928,10
13.0319595337,80.2115478516,65928,65938,10
13.0320396423,80.2108917236,65938,65948,10
13.0320901871,80.2101593018,65948,65958,10
13.0318498611,80.2097091675,65958,65968,10
13.03125,80.2095108032,65968,65978,10
13.0308704376,80.2093963623,65978,65988,10
13.0303897858,80.2092590332,65988,65998,10
13.0300302505,80.2091217041,65998,66008,10
13.029589653,80.2089920044,66008,66029,21
13.029589653,80.2089920044,66029,66039,10
13.0295295715,80.2089614868,66039,66049,10
13.0290899277,80.2088394165,66049,66059,10
13.0283603668,80.208656311,66059,66069,10
13.0276002884,80.208366394,66069,66079,10
13.0269203186,80.2079620361,66079,66089,10
13.026309967,80.2075881958,66089,66099,10
13.0257196426,80.2072677612,66099,66109,10
13.0250797272,80.2071304321,66109,66119,10
13.0242595673,80.2069702148,66119,66160,41
13.0242595673,80.2069702148,66160,66170,10
13.0237703323,80.2068099976,66170,66180,10
13.0232601166,80.2066802979,66180,66190,10
13.0226297379,80.2065505981,66190,66200,10
13.0222902298,80.2064971924,66200,66210,10
13.0219202042,80.206451416,66210,66219,9
13.0215597153,80.2064666748,66219,66231,12
13.0208501816,80.2064819336,66231,66241,10
13.0201196671,80.2064971924,66241,66251,10
13.0190696716,80.2063980103,66251,66271,20
13.0190696716,80.2063980103,66271,66281,10
13.0188798904,80.2063064575,66281,66291,10
13.0184402466,80.2061386108,66291,66301,10
13.017950058,80.2059707642,66301,66311,10
13.0176401138,80.2058563232,66311,66321,10
13.0172700882,80.2056884766,66321,66331,10
13.0170202255,80.2055511475,66331,66342,11
13.0165700912,80.2052764893,66342,66352,10
13.0159101486,80.2051315308,66352,66362,10
13.0151100159,80.2049026489,66362,66372,10
13.0143995285,80.2046890259,66372,66392,20
13.0143995285,80.2046890259,66392,66402,10
13.0140600204,80.2045822144,66402,66412,10
13.0137395859,80.204460144,66412,66422,10
13.0135498047,80.2046813965,66422,66432,10
13.0133600235,80.2052230835,66432,66443,11
13.0131196976,80.2060394287,66443,66453,10
13.0129899979,80.2068405151,66453,66463,10
13.0129299164,80.2075881958,66463,66473,10
13.0128698349,80.2080993652,66473,66483,10
13.012840271,80.2085800171,66483,66493,10
13.0129098892,80.2089767456,66493,66503,10
13.0130996704,80.2095489502,66503,66513,10
13.0131998062,80.2100067139,66513,66523,10
13.013130188,80.2105789185,66523,66533,10
13.0128602982,80.2113571167,66533,66542,9
13.0125398636,80.2119369507,66542,66554,12
13.0122098923,80.2124404907,66554,66564,10
13.0119104385,80.2128219604,66564,66574,10
13.0116901398,80.2128295898,66574,66584,10
13.0113401413,80.2125320435,66584,66594,10
13.0108299255,80.2121734619,66594,66604,10
13.0103397369,80.211807251,66604,66614,10
13.0098600388,80.2114486694,66614,66624,10
13.0095100403,80.2111816406,66624,66695,71
13.0095100403,80.2111816406,66695,66705,10
13.0091896057,80.2112731934,66705,66715,10
13.0090398788,80.2115402222,66715,66725,10
13.0090904236,80.2119903564,66725,66735,10
13.0093002319,80.2126083374,66735,66745,10
13.0095396042,80.2132797241,66745,66755,10
13.0098304749,80.2139434814,66755,66766,11
13.0101203918,80.2147293091,66766,66776,10
13.0102300644,80.2155075073,66776,66786,10
13.0104904175,80.216293335,66786,66796,10
13.010890007,80.2171325684,66796,66806,10
13.0112895966,80.2180786133,66806,66816,10
13.011639595,80.2191009521,66816,66826,10
13.0119800568,80.220161438,66826,66836,10
13.012260437,80.221031189,66836,66846,10
13.0124702454,80.2216567993,66846,66856,10
13.0128698349,80.2221984863,66856,66865,9
13.0132703781,80.2226486206,66865,66877,12
13.0138196945,80.2232894897,66877,66887,10
13.01404953,80.2235336304,66887,66897,10
13.0141296387,80.2236480713,66897,66907,10
13.0143699646,80.2239227295,66907,66917,10
13.0144796371,80.2240600586,66917,66927,10
13.0145998001,80.224319458,66927,66937,10
13.0149402618,80.224647522,66937,66947,10
13.0151901245,80.2248687744,66947,66957,10
13.0153102875,80.2250289917,66957,66967,10
13.0154800415,80.2253799438,66967,66978,11
13.0153598785,80.2258071899,66978,66988,10
13.0149803162,80.226020813,66988,67008,20
13.0149803162,80.226020813,67008,67018,10
13.014840126,80.2260894775,67018,67028,10
13.0144300461,80.2262496948,67028,67038,10
13.0138902664,80.2264404297,67038,67048,10
13.013299942,80.2266693115,67048,67058,10
13.0125398636,80.2269897461,67058,67068,10
13.0117197037,80.2273101807,67068,67078,10
13.0107803345,80.2276763916,67078,67089,11
13.0098800659,80.2280197144,67089,67099,10
13.0094995499,80.2276535034,67099,67109,10
13.0097398758,80.2271270752,67109,67119,10
13.0100603104,80.2263565063,67119,67129,10
13.0103998184,80.2256011963,67129,67139,10
13.0106801987,80.2249526978,67139,67149,10
13.0109395981,80.2241897583,67149,67159,10
13.0111703873,80.2235870361,67159,67169,10
13.0112104416,80.2232666016,67169,67179,10
13.0108699799,80.2230682373,67179,67190,11
13.0105199814,80.2229003906,67190,67200,10
13.0101499557,80.2226715088,67200,67210,10
13.0095796585,80.2223587036,67210,67220,10
13.0088701248,80.2219696045,67220,67230,10
13.0081796646,80.2215805054,67230,67240,10
13.0074901581,80.2211990356,67240,67250,10
13.0068597794,80.2208862305,67250,67260,10
13.0063695908,80.220703125,67260,67270,10
13.005610466,80.2205200195,67270,67280,10
13.0047798157,80.2203369141,67280,67289,9
13.0040597916,80.220161438,67289,67301,12
13.0031299591,80.2199172974,67301,67311,10
13.0024204254,80.2195510864,67311,67321,10
13.0019798279,80.219078064,67321,67331,10
13.0015001297,80.2186431885,67331,67341,10
13.0010099411,80.2182769775,67341,67351,10
13.0006103516,80.2180099487,67351,67361,10
13.0001296997,80.2177124023,67361,67371,10
12.9995298386,80.217338562,67371,67381,10
12.9988603592,80.2169876099,67381,67391,10
12.9977502823,80.2166213989,67391,67432,41
12.9977502823,80.2166213989,67432,67442,10
12.997469902,80.2165603638,67442,67452,10
12.997300148,80.216583252,67452,67462,10
12.9971103668,80.2166137695,67462,67472,10
12.9969100952,80.2166213989,67472,67482,10
12.9968500137,80.2166213989,67482,67492,10
12.996339798,80.2166671753,67492,67513,21
12.996339798,80.2166671753,67513,67523,10
12.9960899353,80.2167129517,67523,67533,10
12.995759964,80.2167816162,67533,67543,10
12.9955701828,80.2168426514,67543,67553,10
12.9953804016,80.2169265747,67553,67563,10
12.9951896667,80.2170410156,67563,67573,10
12.9949903488,80.2171707153,67573,67583,10
12.9946899414,80.2173690796,67583,67593,10
12.9942502975,80.2176818848,67593,67603,10
12.9938097,80.2179870605,67603,67613,10
12.9933004379,80.2183303833,67613,67624,11
12.9927997589,80.2186813354,67624,67634,10
12.9922895432,80.219078064,67634,67644,10
12.9918498993,80.2194213867,67644,67674,30
12.9918498993,80.2194213867,67674,67684,10
12.9916095734,80.2196426392,67684,67694,10
12.9912500381,80.2196426392,67694,67704,10
12.9910297394,80.2195205688,67704,67714,10
12.9908599854,80.2194290161,67714,67725,11
12.990240097,80.2192230225,67725,67735,10
12.9894695282,80.2189483643,67735,67745,10
12.9886703491,80.2186737061,67745,67755,10
12.9878396988,80.2184677124,67755,67765,10
12.9869604111,80.2183303833,67765,67785,20
12.9869604111,80.2183303833,67785,67795,10
12.9864997864,80.2182235718,67795,67805,10
12.9858503342,80.2180633545,67805,67815,10
12.9849700928,80.2180099487,67815,67825,10
12.9843196869,80.2180404663,67825,67836,11
12.9839496613,80.2180633545,67836,67846,10
12.9837999344,80.2180786133,67846,67856,10
12.9833402634,80.2180709839,67856,67866,10
12.9826002121,80.2180480957,67866,67876,10
12.9820404053,80.2180633545,67876,67886,10
12.9813098907,80.2181472778,67886,67896,10
12.9804697037,80.2183990479,67896,67906,10
12.9799003601,80.2186279297,67906,67916,10
12.9792900085,80.2188873291,67916,67926,10
12.9787101746,80.2191162109,67926,67937,11
12.9780597687,80.2193832397,67937,67947,10
12.9772596359,80.2197189331,67947,67957,10
12.9765501022,80.2200469971,67957,67967,10
12.9759397507,80.2202835083,67967,68088,121
12.9759397507,80.2202835083,68088,68098,10
12.9758396149,80.2203979492,68098,68108,10
12.9757003784,80.2204284668,68108,68118,10
12.9755496979,80.2205429077,68118,68128,10
12.9755096436,80.2207565308,68128,68138,10
12.9757204056,80.2209014893,68138,68391,253
12.9757204056,80.2209014893,68391,68401,10
12.9759902954,80.2211303711,68401,68936,535
12.9759902954,80.2211303711,68936,68946,10
12.9764795303,80.2212600708,68946,68956,10
12.9767904282,80.221282959,68956,68966,10
12.9772796631,80.2212600708,68966,68976,10
12.9778404236,80.2212600708,68976,68986,10
12.9784202576,80.2212524414,68986,68996,10
12.9790296555,80.221206665,68996,69006,10
12.9794998169,80.2211837769,69006,69017,11
12.9801797867,80.2211303711,69017,69027,10
12.9807701111,80.2210769653,69027,69037,10
12.980890274,80.2210998535,69037,69047,10
12.9811401367,80.2211837769,69047,69057,10
12.9815397263,80.2213821411,69057,69067,10
12.9818897247,80.2216186523,69067,69077,10
12.982339859,80.2218093872,69077,69087,10
12.9825201035,80.2219085693,69087,69097,10
12.9829101563,80.222076416,69097,69118,21
12.9829101563,80.222076416,69118,69128,10
12.9831104279,80.2221679688,69128,69138,10
12.9834499359,80.2223815918,69138,69148,10
12.9838495255,80.222618103,69148,69158,10
12.9843301773,80.22290802,69158,69168,10
12.9848804474,80.2232208252,69168,69178,10
12.9854402542,80.2233200073,69178,69350,172
12.9854402542,80.2233200073,69350,69360,10
12.9856595993,80.2230911255,69360,69400,40
12.9856595993,80.2230911255,69400,69410,10
12.9860496521,80.2230529785,69410,69420,10
12.9860601425,80.2230606079,69420,69430,10
12.9863500595,80.2230606079,69430,69491,61
12.9863500595,80.2230606079,69491,69501,10
12.9865398407,80.2231063843,69501,69511,10
12.9866895676,80.2231216431,69511,69521,10
12.9867897034,80.2231216431,69521,69531,10
12.987039566,80.2231674194,69531,69540,9
12.9871997833,80.2231903076,69540,69552,12
12.9874200821,80.2231826782,69552,69562,10
12.9877901077,80.2230606079,69562,69572,10
12.9881896973,80.2227783203,69572,69582,10
12.988820076,80.2221832275,69582,69602,20
12.988820076,80.2221832275,69602,69612,10
12.9890203476,80.2219390869,69612,69622,10
12.9892702103,80.2216796875,69622,69632,10
12.9895401001,80.2213363647,69632,69642,10
12.9899196625,80.2208328247,69642,69653,11
12.9904003143,80.2204818726,69653,69663,10
12.9904603958,80.2204437256,69663,69673,10
12.9907598495,80.2202072144,69673,69683,10
12.9910802841,80.2199325562,69683,69693,10
12.9913902283,80.2196578979,69693,69703,10
12.9917097092,80.2194671631,69703,69713,10
12.9920501709,80.2192382813,69713,69723,10
12.9925203323,80.2188796997,69723,69733,10
12.993180275,80.2183990479,69733,69743,10
12.9939403534,80.2178573608,69743,69753,10
12.9945402145,80.2174224854,69753,69764,11
12.9950799942,80.2170333862,69764,69774,10
12.9954996109,80.2168197632,69774,69784,10
12.9960603714,80.2166671753,69784,69794,10
12.9965000153,80.2165908813,69794,69804,10
12.9968500137,80.2165603638,69804,69844,40
12.9968500137,80.2165603638,69844,69854,10
12.9970598221,80.2165603638,69854,69864,10
12.997130394,80.2165374756,69864,69875,11
12.9974803925,80.2162399292,69875,69895,20
12.9974803925,80.2162399292,69895,69905,10
12.9977302551,80.2160110474,69905,69915,10
12.9981603622,80.2156295776,69915,69925,10
12.9987096786,80.215171814,69925,69935,10
12.9991703033,80.2147827148,69935,69945,10
12.9994297028,80.2145614624,69945,69955,10
12.9997997284,80.2142410278,69955,69965,10
13.0001897812,80.2139129639,69965,69976,11
13.000670433,80.2134780884,69976,69986,10
13.0009698868,80.2132034302,69986,69996,10
13.0012798309,80.2129898071,69996,70006,10
13.0016403198,80.2127075195,70006,70016,10
13.0020999908,80.2124023438,70016,70026,10
13.0025997162,80.2121963501,70026,70036,10
13.0031099319,80.2121810913,70036,70046,10
13.003569603,80.2120513916,70046,70055,9
13.0035896301,80.2120437622,70055,70066,11
13.0036697388,80.2118911743,70066,70076,10
13.003660202,80.2115020752,70076,70087,11
13.0036201477,80.2109909058,70087,70097,10
13.0035600662,80.2105026245,70097,70107,10
13.0034999847,80.2099990845,70107,70117,10
13.0036497116,80.2089004517,70117,70127,10
13.0036497116,80.2089004517,70127,70137,10
13.0041904449,80.2088012695,70137,70147,10
13.004940033,80.2091522217,70147,70168,21
13.0065097809,80.2097320557,70168,70178,10
13.0074100494,80.2099075317,70178,70219,41
13.0074100494,80.2099075317,70219,70229,10
13.0075101852,80.2099685669,70229,70239,10
13.0077400208,80.2100296021,70239,70249,10
13.0080604553,80.2100830078,70249,70259,10
13.0081396103,80.2099380493,70259,70269,10
13.0080404282,80.2095031738,70269,70279,10
13.0079097748,80.2088470459,70279,70289,10
13.0077896118,80.2080230713,70289,70300,11
13.0076503754,80.2070083618,70300,70310,10
13.0075302124,80.2059783936,70310,70320,10
13.0075101852,80.2050323486,70320,70330,10
13.0074796677,80.204246521,70330,70340,10
13.0073900223,80.2034683228,70340,70350,10
13.0071201324,80.2026824951,70350,70360,10
13.0065402985,80.2028427124,70360,70370,10
13.0067100525,80.2033996582,70370,70380,10
13.0072097778,80.2036895752,70380,70390,10
13.0078802109,80.2038192749,70390,70401,11
13.0087299347,80.2037734985,70401,70411,10
13.0096902847,80.2036972046,70411,70421,10
13.0108203888,80.2037200928,70421,70431,10
13.0118904114,80.2038421631,70431,70441,10
13.0129404068,80.2040176392,70441,70461,20
13.0129404068,80.2040176392,70461,70471,10
13.0131101608,80.2040634155,70471,70481,10
13.0135202408,80.2042312622,70481,70491,10
13.0140104294,80.2043991089,70491,70501,10
13.0145702362,80.2045593262,70501,70512,11
13.0148096085,80.2046508789,70512,70522,10
13.0149202347,80.2046966553,70522,70532,10
13.0149898529,80.2047195435,70532,70542,10
13.0152797699,80.2048110962,70542,70552,10
13.0156698227,80.2048797607,70552,70562,10
13.0160198212,80.2050094604,70562,70592,30
13.0160198212,80.2050094604,70592,70602,10
13.0162200928,80.2051086426,70602,70611,9
13.0162601471,80.205116272,70611,70623,12
13.0165901184,80.2051925659,70623,70633,10
13.0167798996,80.2051773071,70633,70643,10
13.0170202255,80.2052764893,70643,70653,10
13.0176000595,80.2055892944,70653,70663,10
13.0180902481,80.2058105469,70663,70673,10
13.0186796188,80.2060165405,70673,70693,20
13.0186796188,80.2060165405,70693,70703,10
13.0188598633,80.2061233521,70703,70713,10
13.0193004608,80.206237793,70713,70724,11
13.0200099945,80.2063293457,70724,70734,10
13.0207500458,80.2063293457,70734,70744,10
13.0214300156,80.2063369751,70744,70754,10
13.0219402313,80.2063674927,70754,70764,10
13.022600174,80.2064666748,70764,70774,10
13.0233802795,80.2066116333,70774,70784,10
13.0240097046,80.2066726685,70784,70794,10
13.0242595673,80.2067337036,70794,70804,10
13.0243396759,80.2067565918,70804,70814,10
13.0246696472,80.2068481445,70814,70824,10
13.025179863,80.2069778442,70824,70835,11
13.0258903503,80.2072906494,70835,70845,10
13.0265598297,80.2076721191,70845,70855,10
13.0272502899,80.2080612183,70855,70865,10
13.0278501511,80.2083969116,70865,70875,10
13.0282802582,80.2085723877,70875,70885,10
13.0285797119,80.2086715698,70885,70935,50
13.0285797119,80.2086715698,70935,70946,11
13.0289201736,80.2086868286,70946,70956,10
13.0291404724,80.2087173462,70956,70966,10
13.0294904709,80.2088088989,70966,70976,10
13.0297698975,80.2089080811,70976,70986,10
13.0301599503,80.209022522,70986,70996,10
13.0306997299,80.209197998,70996,71006,10
13.0314302444,80.2093887329,71006,71026,20
13.0314302444,80.2093887329,71026,71036,10
13.031829834,80.209487915,71036,71047,11
13.0324001312,80.2096099854,71047,71057,10
13.0330696106,80.2097625732,71057,71067,10
13.0338096619,80.2099304199,71067,71077,10
13.0345802307,80.2100830078,71077,71087,10
13.0350103378,80.210319519,71087,71097,10
13.0349502563,80.2106781006,71097,71107,10
13.0349597931,80.2112579346,71107,71168,61
13.0349597931,80.2112579346,71168,71178,10
13.0348796844,80.2113876343,71178,71188,10
13.0348501205,80.2116622925,71188,71198,10
13.0348300934,80.2121124268,71198,71208,10
13.0352401733,80.2122879028,71208,71218,10
13.0357198715,80.212310791,71218,71228,10
13.0360403061,80.2123336792,71228,71238,10
13.0362796783,80.2123413086,71238,71248,10
13.0365400314,80.2123413086,71248,71259,11
13.0370702744,80.2123336792,71259,71269,10
13.0375404358,80.2123184204,71269,71279,10
13.0378103256,80.212310791,71279,71289,10
13.0382699966,80.2122573853,71289,71299,10
13.0389795303,80.2122573853,71299,71309,10
13.0398702621,80.2122573853,71309,71319,10
13.0408697128,80.2122802734,71319,71329,10
13.0419301987,80.2123031616,71329,71339,10
13.0429201126,80.2122802734,71339,71491,152
13.0429201126,80.2122802734,71491,71501,10
13.0432596207,80.212272644,71501,71511,10
13.0436601639,80.2122802734,71511,71521,10
13.0440397263,80.2122573853,71521,71531,10
13.0444698334,80.212272644,71531,71541,10
13.0450000763,80.212272644,71541,71551,10
13.0457000732,80.212272644,71551,71561,10
13.0463199615,80.2122497559,71561,71571,10
13.0468997955,80.2122192383,71571,71582,11
13.0474500656,80.2121505737,71582,71592,10
13.0481700897,80.212097168,71592,71612,20
13.0481700897,80.212097168,71612,71622,10
13.0486497879,80.2120437622,71622,71642,20
13.0486497879,80.2120437622,71642,71652,10
13.0488595963,80.2120132446,71652,71662,10
13.0489597321,80.2120132446,71662,71672,10
13.0491600037,80.2120132446,71672,71682,10
13.0493402481,80.2119979858,71682,71693,11
13.049539566,80.2119903564,71693,71703,10
13.0497903824,80.2119598389,71703,71713,10
13.0500001907,80.2119369507,71713,71723,10
13.0501499176,80.2119522095,71723,71733,10
13.0504398346,80.212020874,71733,71741,8
13.0545301437,80.2114868164,71741,71812,71
13.0545301437,80.2114868164,71812,71832,20
13.0556297302,80.211479187,71832,71842,10
13.056520462,80.2114868164,71842,71852,10
13.0573101044,80.2114562988,71852,71862,10
13.0574197769,80.2114486694,71862,71872,10
13.0575199127,80.2114181519,71872,71882,10
13.0579795837,80.2114181519,71882,71892,10
13.0583496094,80.2114334106,71892,71903,11
13.0587701797,80.2114486694,71903,71913,10
13.0593595505,80.2115020752,71913,71923,10
13.0601501465,80.2115402222,71923,71933,10
13.061050415,80.2115783691,71933,71943,10
13.0616397858,80.2116622925,71943,71953,10
13.0621700287,80.2116165161,71953,71963,10
13.062959671,80.2115631104,71963,71983,20
13.0630903244,80.211517334,71983,72003,20
13.0630903244,80.211517334,72003,72014,11
13.0632696152,80.2115097046,72014,72024,10
13.0636100769,80.211479187,72024,72034,10
13.0640296936,80.21144104,72034,72044,10
13.0645704269,80.2113037109,72044,72054,10
13.0652303696,80.2109298706,72054,72064,10
13.0658998489,80.2103805542,72064,72074,10
13.0665302277,80.2098007202,72074,72084,10
13.0670204163,80.2091598511,72084,72094,10
13.067150116,80.2089080811,72094,72103,9
13.0673303604,80.2086410522,72103,72115,12
13.0677204132,80.2080001831,72115,72125,10
13.0681600571,80.2073516846,72125,72135,10
13.0685901642,80.2066802979,72135,72145,10
13.0690097809,80.2060699463,72145,72155,10
13.0692300797,80.2057495117,72155,72165,10
13.0694198608,80.2053833008,72165,72185,20
13.0694198608,80.2053833008,72185,72195,10
13.0695495605,80.2051925659,72195,72205,10
13.0696201324,80.2050094604,72205,72214,9
13.0694999695,80.2048492432,72214,72226,12
13.0691404343,80.2049865723,72226,72236,10
13.0689001083,80.2053375244,72236,72246,10
13.0687198639,80.2052993774,72246,72296,50
13.0687198639,80.2052993774,72296,72306,10
13.0687704086,80.2049179077,72306,72316,10
13.0689096451,80.2047424316,72316,72327,11
13.0692596436,80.2047576904,72327,72337,10
13.0694799423,80.2048034668,72337,72347,10
13.069729805,80.2048568726,72347,72357,10
13.0700798035,80.204536438,72357,72367,10
13.0705003738,80.2039871216,72367,72377,10
13.0710401535,80.2033309937,72377,72387,10
13.0716104507,80.2026977539,72387,72478,91
13.0716104507,80.2026977539,72478,72488,10
13.0717096329,80.2026367188,72488,72498,10
13.0719099045,80.2024230957,72498,72508,10
13.0720596313,80.2022399902,72508,72518,10
13.0722303391,80.202041626,72518,72528,10
13.0724697113,80.2017364502,72528,72539,11
13.0726499557,80.2015304565,72539,72549,10
13.0727596283,80.2014007568,72549,72559,10
13.0729198456,80.2012023926,72559,72569,10
13.0731601715,80.2009277344,72569,72579,10
13.0734395981,80.2005996704,72579,72589,10
13.0736703873,80.200340271,72589,72599,10
13.073969841,80.1999588013,72599,72609,10
13.0742502213,80.1996383667,72609,72619,10
13.0743904114,80.19947052,72619,72629,10
13.0745000839,80.1993865967,72629,72639,10
13.0748996735,80.1992034912,72639,72650,11
13.0755796432,80.1990737915,72650,72660,10
13.0762996674,80.1990814209,72660,72670,10
13.0770998001,80.1990127563,72670,72680,10
13.0779304504,80.1988983154,72680,72690,10
13.0788202286,80.1987686157,72690,72720,30
13.0788202286,80.1987686157,72720,72730,10
13.0790596008,80.1987762451,72730,72740,10
13.0792398453,80.1987686157,72740,72750,10
13.0795001984,80.1987533569,72750,72761,11
13.07970047,80.1987228394,72761,72771,10
13.0798997879,80.1986999512,72771,72781,10
13.080160141,80.1986694336,72781,72791,10
13.0801801682,80.1986694336,72791,72801,10
13.0803604126,80.1986465454,72801,72811,10
13.0807104111,80.1986083984,72811,72831,20
13.0807104111,80.1986083984,72831,72841,10
13.0808696747,80.1985931396,72841,72851,10
13.0812196732,80.1985931396,72851,72862,11
13.0815296173,80.1985778809,72862,72872,10
13.0817899704,80.1985931396,72872,72882,10
13.0821399689,80.1985397339,72882,72922,40
13.0821399689,80.1985397339,72922,72932,10
13.0823802948,80.1985321045,72932,72942,10
13.0827503204,80.1985015869,72942,72962,20
13.0827503204,80.1985015869,72962,72973,11
13.0831604004,80.1984710693,72973,73013,40
13.0831604004,80.1984710693,73013,73023,10
13.0835199356,80.1984329224,73023,73033,10
13.0839004517,80.1984481812,73033,73053,20
13.0839004517,80.1984481812,73053,73063,10
13.0841703415,80.1984710693,73063,73084,21
13.0841703415,80.1984710693,73084,73094,10
13.08452034,80.1984786987,73094,73114,20
13.08452034,80.1984786987,73114,73124,10
13.0848302841,80.1984481812,73124,73154,30
13.0848302841,80.1984481812,73154,73164,10
13.0853395462,80.1984176636,73164,73173,9
13.0855302811,80.198387146,73173,73185,12
13.0860900879,80.198387146,73185,73195,10
13.0865097046,80.1984100342,73195,73205,10
13.0867300034,80.1984176636,73205,73215,10
13.0869703293,80.1983566284,73215,73225,10
13.0870199203,80.1982421875,73225,73235,10
13.0870399475,80.1979522705,73235,73245,10
13.0870399475,80.1979370117,73245,73255,10
13.0870800018,80.1975708008,73255,73265,10
13.0871200562,80.1969985962,73265,73275,10
13.0871400833,80.1963272095,73275,73285,10
13.0871601105,80.1956329346,73285,73296,11
13.0871801376,80.1949386597,73296,73306,10
13.0872001648,80.1941833496,73306,73316,10
13.0872297287,80.1929931641,73316,73336,20
13.0872297287,80.1929931641,73336,73346,10
13.0872497559,80.1927566528,73346,73356,10
13.0872802734,80.1924972534,73356,73366,10
13.0873498917,80.191947937,73366,73376,10
13.0874595642,80.1911773682,73376,73386,10
13.0875701904,80.1902618408,73386,73397,11
13.0876598358,80.1891021729,73397,73417,20
13.0876598358,80.1891021729,73417,73427,10
13.0876703262,80.1889572144,73427,73437,10
13.087679863,80.1885528564,73437,73496,59
13.087679863,80.1885528564,73496,73508,12
13.0877304077,80.1879425049,73508,73518,10
13.0877599716,80.1873168945,73518,73528,10
13.0878000259,80.1866378784,73528,73538,10
13.0878400803,80.1859436035,73538,73548,10
13.0878696442,80.1852722168,73548,73558,10
13.0879001617,80.1845397949,73558,73568,10
13.0879497528,80.1836624146,73568,73578,10
13.0879898071,80.1826934814,73578,73588,10
13.0880203247,80.1818771362,73588,73598,10
13.0880403519,80.1809692383,73598,73607,9
13.088060379,80.1800918579,73607,73619,12
13.088060379,80.1793670654,73619,73629,10
13.088060379,80.1789093018,73629,73639,10
13.088060379,80.1788864136,73639,73649,10
13.088060379,80.1786575317,73649,73659,10
13.0881004333,80.1783065796,73659,73669,10
13.0881099701,80.1777114868,73669,73679,10
13.0881204605,80.1770935059,73679,73689,10
13.0881700516,80.176361084,73689,73699,10
13.0882301331,80.1754608154,73699,73709,10
13.0882997513,80.1744689941,73709,73720,11
13.0883703232,80.1735229492,73720,73730,10
13.0884199142,80.1726989746,73730,73740,10
13.0884599686,80.1721191406,73740,73748,8
13.0884599686,80.171913147,73748,73759,11
13.088470459,80.1717681885,73759,73770,11
13.0884895325,80.1712799072,73770,73780,10
13.0885295868,80.1707305908,73780,73790,10
13.0885896683,80.1697311401,73790,73831,41
13.0885896683,80.1697311401,73831,73841,10
13.0886802673,80.1694717407,73841,73851,10
13.0891504288,80.1695098877,73851,73861,10
13.0898199081,80.1695709229,73861,73871,10
13.0906095505,80.1696166992,73871,73881,10
13.0915002823,80.169670105,73881,73891,10
13.0924301147,80.1697387695,73891,73901,10
13.0932502747,80.1697998047,73901,73911,10
13.0940799713,80.1698379517,73911,73921,10
13.0946302414,80.1698379517,73921,73932,11
13.0948495865,80.1698608398,73932,73942,10
13.0951595306,80.1698684692,73942,73952,10
13.0958204269,80.1698989868,73952,73962,10
13.0966596603,80.169960022,73962,73972,10
13.0974998474,80.1700134277,73972,73982,10
13.0982398987,80.1700668335,73982,73992,10
13.0990495682,80.1701126099,73992,74002,10
13.099439621,80.1701126099,74002,74012,10
13.0996198654,80.1699905396,74012,74022,10
13.0996198654,80.1697235107,74022,74031,9
13.0994100571,80.1700210571,74031,74265,234
13.0994596481,80.1701507568,74265,75001,736
13.0993499756,80.1702575684,75001,75022,21
13.0993499756,80.1702575684,75022,75032,10
13.0991001129,80.1702194214,75032,75042,10
13.0987997055,80.170211792,75042,75052,10
13.0982198715,80.1701812744,75052,75062,10
13.0975399017,80.1701431274,75062,75072,10
13.096739769,80.1700973511,75072,75082,10
13.0958499908,80.1700363159,75082,75092,10
13.0950803757,80.1699905396,75092,75102,10
13.0949201584,80.1699905396,75102,75113,11
13.0946998596,80.1699676514,75113,75123,10
13.0944499969,80.1699066162,75123,75133,10
13.0939998627,80.169883728,75133,75143,10
13.0933303833,80.169883728,75143,75153,10
13.0925102234,80.1698684692,75153,75163,10
13.0916004181,80.1697921753,75163,75173,10
13.0908203125,80.1697387695,75173,75183,10
13.089969635,80.1696624756,75183,75193,10
13.0888595581,80.1696166992,75193,75224,31
13.0888595581,80.1696166992,75224,75234,10
13.088640213,80.1698379517,75234,75244,10
13.0886001587,80.1704177856,75244,75254,10
13.0885400772,80.1711502075,75254,75264,10
13.0885400772,80.1717376709,75264,75274,10
13.0885400772,80.1719207764,75274,75284,10
13.0885095596,80.1720581055,75284,75294,10
13.0884599686,80.1725387573,75294,75304,10
13.0884199142,80.1731796265,75304,75314,10
13.0883998871,80.1738586426,75314,75325,11
13.0883798599,80.1745986938,75325,75335,10
13.0883302689,80.1751708984,75335,75345,10
13.0882797241,80.1758880615,75345,75355,10
13.0882301331,80.1766967773,75355,75365,10
13.0881900787,80.177116394,75365,75375,10
13.0881795883,80.1775131226,75375,75385,10
13.0881700516,80.1780929565,75385,75395,10
13.0881500244,80.1785583496,75395,75405,10
13.0881500244,80.1785964966,75405,75415,10
13.0881700516,80.1788101196,75415,75436,21
13.0881700516,80.1788101196,75436,75446,10
13.0881900787,80.179397583,75446,75496,50
13.0881900787,80.179397583,75496,75506,10
13.0881500244,80.1797866821,75506,75516,10
13.0881204605,80.1803817749,75516,75526,10
13.0881099701,80.1811523438,75526,75536,10
13.0880699158,80.1819915771,75536,75547,11
13.0880298615,80.1830062866,75547,75557,10
13.0879898071,80.1839599609,75557,75567,10
13.0879497528,80.1848297119,75567,75577,10
13.0879402161,80.1851501465,75577,75587,10
13.0879497528,80.1853179932,75587,75597,10
13.0879201889,80.1858291626,75597,75607,10
13.0878601074,80.1865692139,75607,75617,10
13.0878295898,80.1873779297,75617,75627,10
13.0878200531,80.187789917,75627,75637,10
13.0878295898,80.1877975464,75637,75648,11
13.087849617,80.1880111694,75648,75658,10
13.0878295898,80.1884994507,75658,75668,10
13.0878000259,80.1892089844,75668,75678,10
13.0877599716,80.189743042,75678,75688,10
13.0877504349,80.1897888184,75688,75698,10
13.0877399445,80.1898422241,75698,75708,10
13.0876998901,80.1902084351,75708,75718,10
13.0875902176,80.190826416,75718,75728,10
13.0875101089,80.1915969849,75728,75738,10
13.0873804092,80.1926727295,75738,75789,51
13.0873804092,80.1926727295,75789,75799,10
13.0873804092,80.1928100586,75799,75809,10
13.0873403549,80.1932830811,75809,75819,10
13.0873098373,80.1940231323,75819,75829,10
13.0872802734,80.1949081421,75829,75839,10
13.0872602463,80.1958999634,75839,75849,10
13.087220192,80.1970367432,75849,75860,11
13.087220192,80.1976776123,75860,75870,10
13.0872001648,80.1977615356,75870,75880,10
13.0872001648,80.1981506348,75880,75890,10
13.0873603821,80.1984786987,75890,75900,10
13.0876703262,80.1984863281,75900,75910,10
13.0882101059,80.1984329224,75910,75920,10
13.0889501572,80.1984405518,75920,75930,10
13.0896501541,80.1984786987,75930,75940,10
13.0903997421,80.1985473633,75940,75950,10
13.0911197662,80.1986083984,75950,75960,10
13.0916900635,80.1986465454,75960,75971,11
13.0924396515,80.1986999512,75971,75981,10
13.0929403305,80.1987304688,75981,75991,10
13.0929698944,80.1990814209,75991,76001,10
13.0928897858,80.1997680664,76001,76011,10
13.0928497314,80.2005615234,76011,76041,30
13.0928497314,80.2005615234,76041,76051,10
13.0927295685,80.2006988525,76051,76061,10
13.092300415,80.200668335,76061,76072,11
13.0915603638,80.2006378174,76072,76082,10
13.0909099579,80.2006225586,76082,76092,10
13.090259552,80.2005996704,76092,76102,10
13.0894603729,80.2005691528,76102,76112,10
13.0884199142,80.2005081177,76112,76122,10
13.0874099731,80.2004776001,76122,76132,10
13.086689949,80.2004470825,76132,76142,10
13.0859298706,80.2004165649,76142,76152,10
13.0853700638,80.2004013062,76152,76162,10
13.0852298737,80.2000274658,76162,76172,10
13.085269928,80.1993789673,76172,76183,11
13.0851802826,80.1987380981,76183,76193,10
13.084690094,80.1987304688,76193,76203,10
13.0842399597,80.1987380981,76203,76213,10
13.0841798782,80.1987075806,76213,76223,10
13.0837802887,80.1987075806,76223,76233,10
13.0831804276,80.1987228394,76233,76253,20
13.0831804276,80.1987228394,76253,76263,10
13.0830602646,80.1986999512,76263,76273,10
13.0827798843,80.1986999512,76273,76283,10
13.0823802948,80.1986999512,76283,76294,11
13.0818500519,80.1987228394,76294,76304,10
13.0813503265,80.1987075806,76304,76314,10
13.0807199478,80.1987304688,76314,76324,10
13.0800104141,80.1987915039,76324,76334,10
13.0792398453,80.1988525391,76334,76344,10
13.07833004,80.1989364624,76344,76354,10
13.0774202347,80.1990432739,76354,76364,10
13.0765895844,80.1991271973,76364,76374,10
13.0757904053,80.19921875,76374,76384,10
13.0749902725,80.1994094849,76384,76395,11
13.0742797852,80.1998519897,76395,76405,10
13.0740203857,80.200050354,76405,76415,10
13.0738401413,80.2002563477,76415,76425,10
13.0736103058,80.2006225586,76425,76435,10
13.073559761,80.2006835938,76435,76445,10
13.0733604431,80.2009277344,76445,76455,10
13.0729598999,80.2013931274,76455,76465,10
13.0725898743,80.2018203735,76465,76475,10
13.0724601746,80.202003479,76475,76485,10
13.0723896027,80.2020874023,76485,76495,10
13.0722398758,80.2022323608,76495,76506,11
13.0718698502,80.2026367188,76506,76516,10
13.0713596344,80.2031936646,76516,76526,10
13.0707597733,80.2038879395,76526,76536,10
13.0701303482,80.2046585083,76536,76546,10
13.0698299408,80.2051010132,76546,76566,20
13.0698299408,80.2051010132,76566,76576,10
13.0696601868,80.2050323486,76576,76586,10
13.0693998337,80.2048721313,76586,76596,10
13.0691699982,80.2051773071,76596,76607,11
13.0688295364,80.2054519653,76607,76617,10
13.0683698654,80.2054901123,76617,76627,10
13.0679597855,80.2053222656,76627,76707,80
13.0679597855,80.2053222656,76707,76718,11
13.0680198669,80.2049789429,76718,76728,10
13.068189621,80.2049179077,76728,76738,10
13.0684204102,80.2048873901,76738,76748,10
13.0687198639,80.2047805786,76748,76758,10
13.069029808,80.2047195435,76758,76768,10
13.0693798065,80.204750061,76768,76778,10
13.0696496964,80.204826355,76778,76788,10
13.0697402954,80.2049026489,76788,76798,10
13.0698099136,80.2049865723,76798,76808,10
13.069849968,80.2052001953,76808,76819,11
13.0695495605,80.2057037354,76819,76829,10
13.0691900253,80.2062606812,76829,76839,10
13.0687398911,80.2069625854,76839,76849,10
13.0682296753,80.2077636719,76849,76859,10
13.0677204132,80.2085571289,76859,76869,10
13.0674495697,80.2089691162,76869,76879,10
13.0670900345,80.2095718384,76879,76889,10
13.0665102005,80.2101821899,76889,76899,10
13.0657997131,80.2107696533,76899,76909,10
13.0650997162,80.2113418579,76909,76930,21
13.0650997162,80.2113418579,76930,76940,10
13.0646800995,80.2115402222,76940,76949,9
13.0641298294,80.2117233276,76949,76960,11
13.0636501312,80.2117767334,76960,76970,10
13.063079834,80.211807251,76970,76980,10
13.0624799728,80.2117767334,76980,76990,10
13.0616502762,80.2118377686,76990,77000,10
13.0604600906,80.2117614746,77000,77010,10
13.0593004227,80.2116928101,77010,77020,10
13.058380127,80.2116699219,77020,77031,11
13.0576896667,80.2116775513,77031,77041,10
13.0576295853,80.2116775513,77041,77051,10
13.0573701859,80.2116775513,77051,77061,10
13.0568799973,80.2116775513,77061,77071,10
13.0561704636,80.2116470337,77071,77081,10
13.0553703308,80.2116470337,77081,77091,10
13.0547304153,80.2116394043,77091,77111,20
13.0547304153,80.2116394043,77111,77121,10
13.0543699265,80.2116775513,77121,77131,10
13.0538196564,80.211769104,77131,77142,11
13.0530395508,80.2119598389,77142,77152,10
13.0523004532,80.2121582031,77152,77162,10
13.051659584,80.2122879028,77162,77172,10
13.0511398315,80.2121582031,77172,77182,10
13.0505800247,80.2121963501,77182,77192,10
13.0503196716,80.2121810913,77192,77202,10
13.0500001907,80.2121887207,77202,77212,10
13.0499000549,80.2121887207,77212,77222,10
13.0496397018,80.2121734619,77222,77242,20
13.0496397018,80.2121734619,77242,77253,11
13.0494098663,80.2121505737,77253,77263,10
13.0490198135,80.2121887207,77263,77273,10
13.0484199524,80.2122192383,77273,77283,10
13.0477199554,80.2122802734,77283,77293,10
13.0468797684,80.212310791,77293,77303,10
13.0459403992,80.2123565674,77303,77313,10
13.0450696945,80.2124328613,77313,77333,20
13.0450696945,80.2124328613,77333,77343,10
13.0446901321,80.2124404907,77343,77354,11
13.0441303253,80.2124404907,77354,77364,10
13.0433797836,80.2124404907,77364,77374,10
13.0426902771,80.2124176025,77374,77384,10
13.0422496796,80.2124481201,77384,77394,10
13.0415697098,80.2123565674,77394,77404,10
13.0407304764,80.2124176025,77404,77414,10
13.0397396088,80.2124176025,77414,77424,10
13.0386896133,80.2124328613,77424,77434,10
13.0379600525,80.2124633789,77434,77444,10
13.0374403,80.2124176025,77444,77505,61
13.0374403,80.2124176025,77505,77515,10
13.0373497009,80.2123184204,77515,77525,10
13.036860466,80.2123336792,77525,77535,10
13.0361299515,80.2123413086,77535,77545,10
13.0352602005,80.212348938,77545,77555,10
13.034330368,80.2121887207,77555,77576,21
13.034330368,80.2121887207,77576,77586,10
13.034239769,80.2121734619,77586,77596,10
13.0338802338,80.2121429443,77596,77606,10
13.0333595276,80.2119979858,77606,77616,10
13.0327301025,80.2118606567,77616,77626,10
13.0320796967,80.2117385864,77626,77636,10
13.0319499969,80.2112808228,77636,77646,10
13.0320196152,80.2105636597,77646,77656,10
13.0320501328,80.2098007202,77656,77667,11
13.0315599442,80.2095489502,77667,77677,10
13.0309200287,80.2093963623,77677,77687,10
13.0307598114,80.2093734741,77687,77697,10
13.0305204391,80.209312439,77697,77707,10
13.0300998688,80.2091827393,77707,77717,10
13.0297498703,80.2090682983,77717,77737,20
13.0297498703,80.2090682983,77737,77747,10
13.0296802521,80.2090301514,77747,77757,10
13.029299736,80.2089233398,77757,77767,10
13.0286397934,80.2087478638,77767,77778,11
13.0277900696,80.2084274292,77778,77788,10
13.0270500183,80.2080078125,77788,77798,10
13.0262002945,80.2074890137,77798,77808,10
13.0252103806,80.2070617676,77808,77818,10
13.0242795944,80.2069091797,77818,77828,10
13.0240697861,80.2069015503,77828,77838,10
13.0238599777,80.2068710327,77838,77848,10
13.0233602524,80.20677948,77848,77858,10
13.0226402283,80.2066268921,77858,77868,10
13.0218896866,80.2065200806,77868,77878,10
13.0210599899,80.2065200806,77878,77889,11
13.0200796127,80.2065429688,77889,77899,10
13.0190896988,80.2063903809,77899,77919,20
13.0190896988,80.2063903809,77919,77929,10
13.0187501907,80.2062606812,77929,77939,10
13.0181798935,80.2061004639,77939,77949,10
13.0176801682,80.2059173584,77949,77959,10
13.0172595978,80.2057266235,77959,77969,10
13.0167703629,80.2055664063,77969,77979,10
13.0160102844,80.2052078247,77979,77990,11
13.0150499344,80.2049331665,77990,78000,10
13.0142803192,80.2046585083,78000,78010,10
13.0142002106,80.2046432495,78010,78020,10
13.013999939,80.2045898438,78020,78030,10
13.0136404037,80.2044830322,78030,78040,10
13.0136299133,80.2044906616,78040,78050,10
13.0135803223,80.2045669556,78050,78060,10
13.0134496689,80.2049484253,78060,78070,10
13.0132598877,80.2054977417,78070,78080,10
13.0130500793,80.2062835693,78080,78090,10
13.0129699707,80.2070617676,78090,78101,11
13.0128803253,80.2077178955,78101,78111,10
13.0128202438,80.2081680298,78111,78121,10
13.0128202438,80.2086181641,78121,78131,10
13.0128803253,80.2090835571,78131,78141,10
13.0130796432,80.2095794678,78141,78151,10
13.0131101608,80.2101135254,78151,78161,10
13.0129699707,80.210899353,78161,78171,10
13.0126304626,80.2115936279,78171,78181,10
13.0122804642,80.2121734619,78181,78191,10
13.0119400024,80.212677002,78191,78202,11
13.0117301941,80.2127838135,78202,78212,10
13.0114002228,80.2125167847,78212,78222,10
13.0108699799,80.2121124268,78222,78232,10
13.0102701187,80.2117004395,78232,78242,10
13.0098104477,80.2113265991,78242,78252,10
13.0094404221,80.2110366821,78252,78302,50
13.0094404221,80.2110366821,78302,78313,11
13.0091295242,80.2113189697,78313,78323,10
13.0090103149,80.2116470337,78323,78333,10
13.0091400146,80.2120819092,78333,78343,10
13.0093002319,80.2125778198,78343,78353,10
13.009469986,80.2130508423,78353,78363,10
13.0096502304,80.2135009766,78363,78373,10
13.0098400116,80.2139587402,78373,78383,10
13.010020256,80.2144012451,78383,78393,10
13.010140419,80.2150115967,78393,78403,10
13.0101995468,80.2155609131,78403,78413,10
13.0102596283,80.2157211304,78413,78424,11
13.0103502274,80.2159500122,78424,78434,10
13.0104799271,80.2162475586,78434,78444,10
13.0106201172,80.216583252,78444,78454,10
13.0108699799,80.2171401978,78454,78464,10
13.0112400055,80.2179489136,78464,78474,10
13.011639595,80.218963623,78474,78484,10
13.0120000839,80.2201004028,78484,78494,10
13.0122900009,80.221031189,78494,78504,10
13.0124397278,80.2215805054,78504,78514,10
13.0128202438,80.2221374512,78514,78525,11
13.0133695602,80.2227783203,78525,78535,10
13.0139198303,80.2234420776,78535,78545,10
13.014380455,80.2239608765,78545,78555,10
13.0149002075,80.2245483398,78555,78565,10
13.0153398514,80.2251205444,78565,78575,10
13.0153903961,80.2255783081,78575,78585,10
13.0148897171,80.2259597778,78585,78595,10
13.0141801834,80.2262573242,78595,78605,10
13.0133800507,80.2265625,78605,78615,10
13.0124797821,80.226890564,78615,78626,11
13.0114002228,80.2273178101,78626,78636,10
13.0104198456,80.227722168,78636,78646,10
13.00963974,80.2279205322,78646,78656,10
13.0095396042,80.227432251,78656,78666,10
13.0097999573,80.226852417,78666,78676,10
13.0101203918,80.2261428833,78676,78686,10
13.0104904175,80.2253036499,78686,78696,10
13.0108804703,80.2244033813,78696,78705,9
13.0111398697,80.2236328125,78705,78716,11
13.0110197067,80.2230606079,78716,78726,10
13.0104103088,80.2227706909,78726,78737,11
13.0096902847,80.222366333,78737,78747,10
13.0089502335,80.2219696045,78747,78757,10
13.0081596375,80.221572876,78757,78767,10
13.0072498322,80.2210769653,78767,78777,10
13.0064601898,80.220703125,78777,78787,10
13.0056400299,80.2205123901,78787,78797,10
13.0048398972,80.2203292847,78797,78807,10
13.0042200089,80.220161438,78807,78817,10
13.0035600662,80.2200088501,78817,78827,10
13.0029001236,80.2197875977,78827,78838,11
13.0022201538,80.2192764282,78838,78848,10
13.0017595291,80.2187805176,78848,78858,10
13.0011396408,80.2182922363,78858,78868,10
13.0005102158,80.217880249,78868,78878,10
12.9997901917,80.2174530029,78878,78888,10
12.9989795685,80.2169876099,78888,78898,10
12.9981098175,80.2166290283,78898,78908,10
12.9972896576,80.216506958,78908,78928,20
12.9972896576,80.216506958,78928,78938,10
12.9971399307,80.2165222168,78938,78949,11
12.9966402054,80.2165374756,78949,78959,10
12.9960403442,80.2166213989,78959,78969,10
12.995349884,80.2168807983,78969,78979,10
12.9949798584,80.2171325684,78979,78989,10
12.9946498871,80.217338562,78989,78999,10
12.9941997528,80.2176513672,78999,79009,10
12.9938402176,80.2178878784,79009,79018,9
12.9933795929,80.218208313,79018,79029,11
12.9927501678,80.2186584473,79029,79039,10
12.9921102524,80.2191467285,79039,79049,10
12.9914598465,80.2195663452,79049,79060,11
12.9910297394,80.2194519043,79060,79070,10
12.9910202026,80.2194519043,79070,79080,10
12.9906997681,80.219329834,79080,79090,10
12.9901599884,80.2191390991,79090,79100,10
12.9895401001,80.2189178467,79100,79110,10
12.9888601303,80.2186737061,79110,79120,10
12.9880599976,80.218460083,79120,79130,10
12.9872903824,80.2183532715,79130,79140,10
12.9870700836,80.2183074951,79140,79150,10
12.9870100021,80.2183074951,79150,79161,11
12.9865598679,80.2181930542,79161,79171,10
12.9859104156,80.2180175781,79171,79181,10
12.9850597382,80.2179336548,79181,79191,10
12.9844999313,80.2179412842,79191,79201,10
12.984120369,80.217956543,79201,79211,10
12.9840602875,80.217956543,79211,79221,10
12.9838895798,80.2179489136,79221,79231,10
12.9834403992,80.217956543,79231,79241,10
12.9827098846,80.217956543,79241,79251,10
12.982000351,80.2179870605,79251,79261,10
12.9812097549,80.2181167603,79261,79272,11
12.9803495407,80.2184066772,79272,79282,10
12.9796199799,80.218711853,79282,79292,10
12.978890419,80.2190093994,79292,79302,10
12.9785003662,80.2191619873,79302,79312,10
12.9778795242,80.2194290161,79312,79322,10
12.9771203995,80.2197418213,79322,79332,10
12.9763097763,80.2200927734,79332,79342,10
12.9757299423,80.2203216553,79342,79352,10
12.9756402969,80.2203369141,79352,79362,10
12.9755001068,80.2204818726,79362,79373,11
12.9755802155,80.2207565308,79373,79383,10
12.9757795334,80.220916748,79383,80150,767
12.9759502411,80.2210464478,80150,80866,716
12.9759502411,80.2210464478,80866,80877,11
12.9762802124,80.2211914063,80877,80887,10
12.9765300751,80.2211990356,80887,80897,10
12.9769802094,80.2211837769,80897,80907,10
12.9776000977,80.2211685181,80907,80917,10
12.9781999588,80.2211532593,80917,80927,10
12.9788398743,80.2211074829,80927,80937,10
12.9795398712,80.2210617065,80937,80947,10
12.980219841,80.2210235596,80947,80957,10
12.9808197021,80.2209777832,80957,80967,10
12.9813699722,80.2211608887,80967,80976,9
12.9817895889,80.2214736938,80976,80988,12
12.9824800491,80.2218093872,80988,80998,10
12.9829101563,80.2219467163,80998,81008,10
12.9830598831,80.2220306396,81008,81018,10
12.9834098816,80.2222900391,81018,81028,10
12.9838104248,80.2225189209,81028,81038,10
12.9841098785,80.2226791382,81038,81048,10
12.9845695496,80.2229919434,81048,81058,10
12.985159874,80.2232513428,81058,81068,10
12.985619545,80.2230606079,81068,81078,10
12.9862499237,80.2229537964,81078,81089,11
12.9868097305,80.2229766846,81089,81099,10
12.9871797562,80.2229919434,81099,81109,10
12.9877195358,80.2229614258,81109,81119,10
12.9882097244,80.22265625,81119,81129,10
12.988699913,80.2221984863,81129,81139,10
12.9891300201,80.2217025757,81139,81149,10
12.9895801544,80.2211380005,81149,81159,10
12.9900999069,80.2205886841,81159,81169,10
12.9906597137,80.2201309204,81169,81179,10
12.9911403656,80.2197418213,81179,81189,10
12.9912996292,80.219619751,81189,81200,11
12.9916296005,80.2193832397,81200,81210,10
12.9921102524,80.2190475464,81210,81220,10
12.9927196503,80.2186279297,81220,81230,10
12.9932804108,80.2181930542,81230,81240,10
12.9939203262,80.2177429199,81240,81250,10
12.9945001602,80.2173309326,81250,81260,10
12.994890213,80.217048645,81260,81270,10
12.995349884,80.2167510986,81270,81280,10
12.9959602356,80.2165603638,81280,81290,10
12.9967603683,80.2164535522,81290,81301,11
12.9972600937,80.2163085938,81301,81311,10
12.9975795746,80.2160415649,81311,81321,10
12.998049736,80.2156524658,81321,81331,10
12.9985799789,80.2151565552,81331,81341,10
12.9991102219,80.2147064209,81341,81351,10
12.9993600845,80.2144699097,81351,81361,10
12.9997997284,80.2140808105,81361,81371,10
13.0002298355,80.2137374878,81371,81381,10
13.0006999969,80.2132873535,81381,81391,10
13.0012397766,80.2128601074,81391,81401,10
13.0017900467,80.2124481201,81401,81412,11
13.0024204254,80.212097168,81412,81422,10
13.0030002594,80.212020874,81422,81432,10
13.003490448,80.2119903564,81432,81442,10
13.003660202,80.2118377686,81442,81452,10
13.0036697388,80.2113571167,81452,81462,10
13.0036096573,80.210609436,81462,81472,10
13.0035200119,80.2098388672,81472,81482,10
13.0036001205,80.2091064453,81482,81492,10
13.0039701462,80.2085876465,81492,81502,10
13.0047302246,80.2089233398,81502,81513,11
13.0056800842,80.2093276978,81513,81523,10
13.0064496994,80.209602356,81523,81533,10
13.0068502426,80.2097015381,81533,81543,10
13.0069704056,80.2097320557,81543,81553,10
13.0073099136,80.2098083496,81553,81563,10
13.0078201294,80.2098922729,81563,81573,10
13.0081396103,80.2098464966,81573,81583,10
13.0080299377,80.2093734741,81583,81593,10
13.0079298019,80.208770752,81593,81603,10
13.0078201294,80.2080993652,81603,81613,10
13.0077295303,80.2073364258,81613,81624,11
13.0075902939,80.2065124512,81624,81634,10
13.0074796677,80.2059020996,81634,81644,10
13.0072898865,80.2053070068,81644,81654,10
13.0069999695,80.2046432495,81654,81664,10
13.0065803528,80.2038574219,81664,81674,10
13.006070137,80.2031173706,81674,81684,10
13.0056695938,80.2024383545,81684,81694,10
13.0052099228,80.2016983032,81694,81704,10
13.004529953,80.2012023926,81704,81714,10
13.0037002563,80.2009506226,81714,81725,11
13.0026702881,80.2006530762,81725,81735,10
13.0019197464,80.200088501,81735,81745,10
13.001660347,80.1992111206,81745,81755,10
13.0017900467,80.1983337402,81755,81765,10
13.0018997192,80.1974411011,81765,81775,10
13.0017299652,80.1965408325,81775,81785,10
13.0012102127,80.1958770752,81785,81795,10
13.0006198883,80.1951904297,81795,81805,10
13.0000896454,80.1944274902,81805,81815,10
12.9995002747,80.1937179565,81815,81825,10
12.99903965,80.1931686401,81825,81836,11
12.9985904694,80.1925735474,81836,81846,10
12.9982204437,80.1922836304,81846,81856,10
12.9978199005,80.1926422119,81856,81866,10
12.9973201752,80.1930465698,81866,81876,10
12.9969596863,80.1932601929,81876,81886,10
12.9967699051,80.1930999756,81886,81896,10
12.9966497421,80.1926193237,81896,81906,10
12.9964799881,80.1920318604,81906,81916,10
12.9963703156,80.1915435791,81916,81926,10
12.9963703156,80.1914672852,81926,81937,11
12.9965801239,80.1913375854,81937,81987,50
12.9967403412,80.1910400391,81987,82694,707
12.9968395233,80.1906814575,82694,82734,40
12.9968395233,80.1906814575,82734,82744,10
12.9967298508,80.1912307739,82744,82865,121
12.9967699051,80.1911773682,82865,83006,141
12.9966897964,80.191192627,83006,83743,737
12.9967298508,80.1912307739,83743,84783,1040
12.9967403412,80.1911621094,84783,86277,1494
