13.0512800217,80.2170410156,18,18,0
13.0515098572,80.2177429199,18,30,12
13.0518398285,80.218536377,30,40,10
13.0520200729,80.2192077637,40,50,10
13.052189827,80.2198181152,50,60,10
13.0523395538,80.2203826904,60,70,10
13.0525398254,80.2210693359,70,80,10
13.0527601242,80.2219161987,80,90,10
13.0530004501,80.2227478027,90,100,10
13.0532197952,80.2236022949,100,110,10
13.0534000397,80.2243728638,110,120,10
13.0535802841,80.225151062,120,130,10
13.0537204742,80.2259216309,130,147,17
13.053899765,80.2272872925,147,159,12
13.0539999008,80.2280731201,159,169,10
13.0540399551,80.2285614014,169,177,8
13.0540704727,80.2287368774,177,189,12
13.0540895462,80.2291412354,189,199,10
13.0541200638,80.2297210693,199,209,10
13.0541296005,80.2302627563,209,219,10
13.0541400909,80.2305984497,219,229,10
13.0541400909,80.2306518555,229,239,10
13.0540800095,80.2306976318,239,248,9
13.053899765,80.2306671143,248,260,12
13.0535497665,80.2306671143,260,270,10
13.0531196594,80.2305908203,270,280,10
13.0524196625,80.23046875,280,289,9
13.0520000458,80.2304000854,289,300,11
13.0516901016,80.2303085327,300,330,30
13.0508403778,80.230178833,330,340,10
13.0504102707,80.230140686,340,350,10
13.0499095917,80.2300796509,350,360,10
13.0491895676,80.2301025391,360,370,10
13.0485401154,80.2300872803,370,381,11
13.0480604172,80.230140686,381,391,10
13.0477600098,80.2304229736,391,401,10
13.0476198196,80.2309417725,401,411,10
13.0475301743,80.2316589355,411,421,10
13.0474395752,80.2323532104,421,431,10
13.0473804474,80.2326278687,431,441,10
13.0473403931,80.2329483032,441,451,10
13.0471401215,80.2330474854,451,461,10
13.0465698242,80.2329483032,461,471,10
13.0458803177,80.2328033447,471,481,10
13.0451202393,80.2326812744,481,492,11
13.0443296432,80.2325134277,492,502,10
13.0436601639,80.232421875,502,512,10
13.0430898666,80.2323989868,512,522,10
13.0425300598,80.2323913574,522,532,10
13.0419101715,80.2323532104,532,542,10
13.041270256,80.2322006226,542,552,10
13.0406398773,80.2319869995,552,562,10
13.040019989,80.2317810059,562,572,10
13.0394001007,80.2315979004,572,582,10
13.0387201309,80.2314224243,582,592,10
13.0379800797,80.2312011719,592,603,11
13.0373001099,80.2309417725,603,613,10
13.0368995667,80.230758667,613,623,10
13.0365800858,80.2305984497,623,639,16
13.0354299545,80.2303314209,639,651,12
13.0347003937,80.2303009033,651,660,9
13.0342702866,80.2304229736,660,671,11
13.0338001251,80.2304763794,671,681,10
13.0331201553,80.2305374146,681,691,10
13.0324697495,80.2305908203,691,701,10
13.0320501328,80.2306365967,701,712,11
13.0310497284,80.2307128906,712,722,10
13.0303001404,80.2307815552,722,731,9
13.0296897888,80.2308425903,731,742,11
13.0291996002,80.2308883667,742,752,10
13.028550148,80.2309494019,752,762,10
13.0279302597,80.2310180664,762,772,10
13.0276002884,80.2311019897,772,782,10
13.0276403427,80.2314987183,782,791,9
13.0276899338,80.2320022583,791,802,11
13.0277996063,80.2324981689,802,811,9
13.0277500153,80.2328720093,811,823,12
13.0270900726,80.2329483032,823,833,10
13.0266799927,80.2330169678,833,853,20
13.0266799927,80.2330169678,853,863,10
13.0263595581,80.2328414917,863,873,10
13.026140213,80.2321777344,873,883,10
13.0259199142,80.2312774658,883,893,10
13.0255298615,80.2303009033,893,903,10
13.024939537,80.2294311523,903,913,10
13.0243797302,80.2286987305,913,923,10
13.0238800049,80.2280578613,923,933,10
13.0232200623,80.2274169922,933,944,11
13.0223197937,80.2266311646,944,954,10
13.0213603973,80.2258682251,954,964,10
13.0204696655,80.2251968384,964,974,10
13.0195703506,80.2246170044,974,984,10
13.0184803009,80.224609375,984,994,10
13.0173902512,80.2250595093,994,1010,16
13.0163497925,80.2253799438,1010,1022,12
13.0159196854,80.2255706787,1022,1030,8
13.015540123,80.225769043,1030,1042,12
13.0146903992,80.2261199951,1042,1053,11
13.0139799118,80.2264022827,1053,1064,11
13.0130996704,80.2267532349,1064,1074,10
13.012169838,80.2271118164,1074,1084,10
13.0112495422,80.2274780273,1084,1094,10
13.0103597641,80.2278366089,1094,1104,10
13.0094900131,80.2281799316,1104,1114,10
13.0090503693,80.228767395,1114,1124,10
13.0088596344,80.2297515869,1124,1134,10
13.0086803436,80.2307434082,1134,1144,10
13.008480072,80.2317886353,1144,1154,10
13.0082702637,80.2328796387,1154,1165,11
13.0080604553,80.2339477539,1165,1175,10
13.0078802109,80.2349014282,1175,1185,10
13.0076904297,80.2358703613,1185,1195,10
13.0074901581,80.2368774414,1195,1205,10
13.0073003769,80.2378768921,1205,1215,10
13.0071601868,80.2387237549,1215,1224,9
13.0069999695,80.2395019531,1224,1235,11
13.0068702698,80.2402801514,1235,1245,10
13.0067501068,80.2410736084,1245,1254,9
13.0066995621,80.2419967651,1254,1265,11
13.0066795349,80.243057251,1265,1276,11
13.0066604614,80.244102478,1276,1296,20
13.0066795349,80.24609375,1296,1306,10
13.0066995621,80.2470092773,1306,1316,10
13.0066995621,80.2478485107,1316,1326,10
13.0067300797,80.2487182617,1326,1336,10
13.0067596436,80.2496109009,1336,1346,10
13.0067996979,80.2506637573,1346,1363,17
13.0065898895,80.2523269653,1363,1375,12
13.0065402985,80.253578186,1375,1382,7
13.0065498352,80.2543411255,1382,1395,13
13.0065898895,80.2558135986,1395,1405,10
13.0066204071,80.2568283081,1405,1415,10
13.0066900253,80.2574081421,1415,1425,10
13.0062904358,80.2576065063,1425,1435,10
13.0056600571,80.2574234009,1435,1445,10
13.0049800873,80.2572402954,1445,1455,10
13.0040998459,80.2570571899,1455,1465,10
13.0032701492,80.2568969727,1465,1475,10
13.0024204254,80.2567367554,1475,1485,10
13.0015201569,80.2565994263,1485,1496,11
13.0005903244,80.2564620972,1496,1506,10
12.9996995926,80.2563018799,1506,1516,10
12.9988203049,80.2561264038,1516,1526,10
12.9980201721,80.2560119629,1526,1536,10
12.9976701736,80.256072998,1536,1546,10
12.9976701736,80.2562179565,1546,1556,10
12.9978504181,80.2563705444,1556,1576,20
12.9978504181,80.2563705444,1576,1593,17
12.9978199005,80.2562179565,1593,11213,9620
12.9978199005,80.2562179565,11213,11223,10
12.9979896545,80.2559585571,11223,11233,10
12.9985599518,80.2560577393,11233,11243,10
12.9993495941,80.2561798096,11243,11253,10
13.0001802444,80.2563323975,11253,11263,10
13.0010404587,80.2565002441,11263,11273,10
13.0017995834,80.2566070557,11273,11284,11
13.0026197433,80.2567367554,11284,11294,10
13.0033798218,80.2568817139,11294,11304,10
13.0040197372,80.257019043,11304,11314,10
13.0048103333,80.2571563721,11314,11323,9
13.0055198669,80.2573013306,11323,11334,11
13.0062799454,80.2574386597,11334,11344,10
13.0065698624,80.2570877075,11344,11354,10
13.0065402985,80.2563400269,11354,11363,9
13.0065402985,80.255569458,11363,11373,10
13.0065498352,80.2547912598,11373,11383,10
13.0065498352,80.2539672852,11383,11395,12
13.0065402985,80.2528610229,11395,11405,10
13.0066604614,80.2520675659,11405,11415,10
13.0067901611,80.251411438,11415,11425,10
13.006819725,80.250579834,11425,11435,10
13.0068101883,80.2495803833,11435,11445,10
13.0067501068,80.248588562,11445,11455,10
13.0066995621,80.2477874756,11455,11465,10
13.0066900253,80.2474365234,11465,11475,10
13.0066900253,80.2470474243,11475,11485,10
13.0066900253,80.2468566895,11485,11495,10
13.0066699982,80.2464370728,11495,11506,11
13.0066404343,80.2456970215,11506,11516,10
13.0066604614,80.2449417114,11516,11526,10
13.0066699982,80.244140625,11526,11536,10
13.0066404343,80.2432098389,11536,11546,10
13.0066099167,80.2422180176,11546,11556,10
13.0066404343,80.2411880493,11556,11566,10
13.0067796707,80.2402420044,11566,11576,10
13.0069704056,80.2393493652,11576,11586,10
13.0071601868,80.2383117676,11586,11596,10
13.0074195862,80.2372283936,11596,11606,10
13.0076303482,80.2361679077,11606,11617,11
13.0078401566,80.2351226807,11617,11627,10
13.0080404282,80.23412323,11627,11637,10
13.0082397461,80.233039856,11637,11647,10
13.0084695816,80.231842041,11647,11657,10
13.0086898804,80.2306976318,11657,11667,10
13.0089197159,80.2295532227,11667,11677,10
13.0091600418,80.2284317017,11677,11687,10
13.0095396042,80.2274093628,11687,11697,10
13.0100002289,80.2263793945,11697,11707,10
13.0104398727,80.2254486084,11707,11717,10
13.0108499527,80.2245788574,11717,11728,11
13.0112400055,80.2236480713,11728,11738,10
13.0114603043,80.2232208252,11738,11748,10
13.0118503571,80.2233963013,11748,11758,10
13.0123796463,80.2237625122,11758,11768,10
13.0130195618,80.2240982056,11768,11778,10
13.013759613,80.2244567871,11778,11788,10
13.0144796371,80.224861145,11788,11798,10
13.0151100159,80.225227356,11798,11808,10
13.0153903961,80.2253570557,11808,11818,10
13.0157003403,80.2253036499,11818,11829,11
13.0163202286,80.2253570557,11829,11839,10
13.0170602798,80.225151062,11839,11849,10
13.017950058,80.2248001099,11849,11859,10
13.0188703537,80.2244415283,11859,11869,10
13.0197095871,80.2245483398,11869,11879,10
13.0203800201,80.2250289917,11879,11889,10
13.0209903717,80.2254714966,11889,11905,16
13.0220098495,80.2262268066,11905,11917,12
13.0228700638,80.2269821167,11917,11926,9
13.0235595703,80.2276229858,11926,11937,11
13.0243701935,80.2284698486,11937,11948,11
13.0249795914,80.2293167114,11948,11958,10
13.0255699158,80.2300872803,11958,11968,10
13.0259799957,80.2309188843,11968,11978,10
13.0262002945,80.231338501,11978,11988,10
13.0267496109,80.2311706543,11988,11998,10
13.0274496078,80.231010437,11998,12008,10
13.0281600952,80.2309494019,12008,12018,10
13.0289201736,80.2308731079,12018,12028,10
13.0294399261,80.2308120728,12028,12038,10
13.0298900604,80.2307662964,12038,12048,10
13.0305500031,80.2307128906,12048,12059,11
13.0312595367,80.2306594849,12059,12069,10
13.0319795609,80.2305984497,12069,12079,10
13.0327701569,80.2305297852,12079,12089,10
13.0335597992,80.2304763794,12089,12099,10
13.0341396332,80.2304382324,12099,12109,10
13.0349903107,80.230140686,12109,12645,536
13.0349903107,80.230140686,12645,12655,10
13.0352602005,80.2302703857,12655,12665,10
13.0356798172,80.2304077148,12665,12675,10
13.0362501144,80.2305908203,12675,12685,10
13.0366401672,80.23072052,12685,12695,10
13.0369796753,80.2308425903,12695,12705,10
13.0375995636,80.2310180664,12705,12715,10
13.0383396149,80.2312393188,12715,12726,11
13.0390195847,80.2314529419,12726,12736,10
13.0395898819,80.2315979004,12736,12746,10
13.0402402878,80.2317886353,12746,12756,10
13.0409202576,80.2320480347,12756,12766,10
13.0418100357,80.2322769165,12766,12776,10
13.042599678,80.2323608398,12776,12786,10
13.043510437,80.232383728,12786,12796,10
13.0445098877,80.2325134277,12796,12806,10
13.0453701019,80.232673645,12806,12816,10
13.0462198257,80.2328262329,12816,12826,10
13.0470399857,80.2330093384,12826,12837,11
13.0474100113,80.233001709,12837,12847,10
13.0475196838,80.2325820923,12847,12857,10
13.0475797653,80.2320327759,12857,12867,10
13.0476503372,80.2313537598,12867,12877,10
13.0476999283,80.2306976318,12877,12887,10
13.0475101471,80.2301483154,12887,12897,10
13.0470104218,80.2298431396,12897,12907,10
13.046210289,80.2297286987,12907,12917,10
13.0454597473,80.2295913696,12917,12927,10
13.0447502136,80.2294387817,12927,12937,10
13.044500351,80.2293777466,12937,12948,11
13.0440101624,80.2292709351,12948,12958,10
13.0439395905,80.229057312,12958,12968,10
13.0440797806,80.2285614014,12968,12978,10
13.0442199707,80.2279205322,12978,12988,10
13.0444097519,80.2271728516,12988,12998,10
13.0446395874,80.2264328003,12998,13008,10
13.0447998047,80.2259216309,13008,13018,10
13.0450201035,80.2257537842,13018,13028,10
13.0455198288,80.2259063721,13028,13044,16
13.0465202332,80.2262268066,13044,13056,12
13.0467596054,80.2259902954,13056,13067,11
13.0468702316,80.2255096436,13067,13075,8
13.0469102859,80.2253036499,13075,13087,12
13.0470399857,80.2246704102,13087,13097,10
13.0471897125,80.2240371704,13097,13107,10
13.0473299026,80.223487854,13107,13117,10
13.0474500656,80.2229232788,13117,13127,10
13.0475702286,80.2224578857,13127,13137,10
13.0477399826,80.2218322754,13137,13147,10
13.0478801727,80.2214202881,13147,13157,10
13.0479202271,80.2211303711,13157,13167,10
13.0479698181,80.2206192017,13167,13178,11
13.04804039,80.2199935913,13178,13188,10
13.0480804443,80.219581604,13188,13198,10
13.0481100082,80.2193222046,13198,13207,9
13.0480604172,80.2191619873,13207,13218,11
13.0474796295,80.2189865112,13218,13227,9
13.0467195511,80.2188110352,13227,13238,11
13.0459804535,80.2186584473,13238,13248,10
13.0450897217,80.2183609009,13248,13258,10
13.0444698334,80.2179336548,13258,13268,10
13.0438804626,80.2174987793,13268,13278,10
13.0438699722,80.2171936035,13278,13289,11
13.0441999435,80.2166213989,13289,13299,10
13.0443897247,80.215927124,13299,13309,10
13.0445299149,80.2152404785,13309,13319,10
13.044549942,80.2145385742,13319,13329,10
13.044500351,80.2139663696,13329,13337,8
13.0444602966,80.2133865356,13337,13349,12
13.0444402695,80.2125701904,13349,13359,10
13.0445098877,80.212310791,13359,13369,10
13.0450601578,80.2122497559,13369,13379,10
13.0457897186,80.2122192383,13379,13389,10
13.0465803146,80.2121810913,13389,13400,11
13.0470600128,80.2121124268,13400,13410,10
13.0471000671,80.2118835449,13410,13420,10
13.04708004,80.2114105225,13420,13430,10
13.0470504761,80.2109603882,13430,13440,10
13.0473499298,80.2108001709,13440,13450,10
13.0479001999,80.2108230591,13450,13460,10
13.048500061,80.2108383179,13460,13470,10
13.049079895,80.2108688354,13470,13480,10
13.0495595932,80.2108764648,13480,13490,10
13.049659729,80.2107009888,13490,13500,10
13.049659729,80.210319519,13500,13510,10
13.0495700836,80.2097625732,13510,13521,11
13.0495901108,80.2090377808,13521,13531,10
13.0494098663,80.2083282471,13531,13541,10
13.0491399765,80.2077102661,13541,13551,10
13.0489397049,80.2071380615,13551,13561,10
13.0489997864,80.2068710327,13561,13571,10
13.0492200851,80.2070617676,13571,13652,81
13.0492200851,80.2070617676,13652,13662,10
13.0491504669,80.2071228027,13662,13672,10
13.0490999222,80.2073287964,13672,13682,10
13.0491399765,80.2076568604,13682,13692,10
13.0492200851,80.2079162598,13692,13702,10
13.0493297577,80.2083206177,13702,13712,10
13.0494699478,80.2089691162,13712,13722,10
13.0495996475,80.2097167969,13722,13733,11
13.0496902466,80.2105484009,13733,13743,10
13.0497999191,80.2112197876,13743,13753,10
13.0498895645,80.2117462158,13753,13763,10
13.0499095917,80.2118225098,13763,13773,10
13.0499601364,80.212097168,13773,13783,10
13.0500001907,80.2125930786,13783,13793,10
13.0501203537,80.2132873535,13793,13803,10
13.0502996445,80.2140274048,13803,13813,10
13.0505800247,80.2146911621,13813,13823,10
13.0508098602,80.2154006958,13823,13833,10
13.0510501862,80.216178894,13833,13844,11
13.0513696671,80.2171096802,13844,13854,10
13.0515899658,80.2178268433,13854,13864,10
13.05189991,80.2185516357,13864,13874,10
13.0521001816,80.2193222046,13874,13884,10
13.0522403717,80.2199020386,13884,13893,9
13.0523099899,80.220161438,13893,13904,11
13.0524196625,80.2204284668,13904,13914,10
13.0525903702,80.2211303711,13914,13924,10
13.0528202057,80.222038269,13924,13934,10
13.0531301498,80.2230529785,13934,13944,10
13.0533704758,80.2240829468,13944,13954,10
13.0536003113,80.2250900269,13954,13964,10
13.0537996292,80.2260894775,13964,13975,11
13.0539398193,80.227142334,13975,13985,10
13.0540103912,80.2275924683,13985,13995,10
13.054019928,80.2277832031,13995,14126,131
13.054019928,80.2277832031,14126,14136,10
13.0537395477,80.2277832031,14136,14146,10
13.0532503128,80.2276992798,14146,14156,10
13.0526399612,80.2275695801,14156,14166,10
13.0524301529,80.2275772095,14166,14176,10
13.0523700714,80.2278213501,14176,14187,11
13.0523004532,80.2282714844,14187,14197,10
13.0521497726,80.228843689,14197,14207,10
13.0520296097,80.2293777466,14207,14223,16
13.0518798828,80.2301483154,14223,14235,12
13.0516901016,80.2302322388,14235,14243,8
13.0513496399,80.2301712036,14243,14255,12
13.0507602692,80.2301177979,14255,14264,9
13.0503396988,80.2300796509,14264,14275,11
13.0496196747,80.2300491333,14275,14285,10
13.0489997864,80.2300796509,14285,14296,11
13.0482997894,80.2300567627,14296,14306,10
13.0479602814,80.2302780151,14306,14316,10
13.0478801727,80.2303619385,14316,14327,11
13.0477695465,80.2304611206,14327,14337,10
13.047659874,80.2310180664,14337,14347,10
13.0475702286,80.2317581177,14347,14357,10
13.0474700928,80.2324829102,14357,14367,10
13.0474500656,80.2328567505,14367,14377,10
13.0476999283,80.2330780029,14377,14387,10
13.0482902527,80.2332229614,14387,14397,10
13.0490598679,80.2334289551,14397,14408,11
13.0498895645,80.2336425781,14408,14418,10
13.0507497787,80.2337875366,14418,14428,10
13.0515003204,80.2339172363,14428,14438,10
13.0518102646,80.2340011597,14438,14448,10
13.0522699356,80.2341384888,14448,14458,10
13.0528402328,80.2343063354,14458,14468,10
13.0535001755,80.2344818115,14468,14478,10
13.0537900925,80.2347183228,14478,14488,10
13.0536699295,80.2352905273,14488,14498,10
13.0535001755,80.236038208,14498,14508,10
13.0533704758,80.2367172241,14508,14519,11
13.0532102585,80.2376480103,14519,14529,10
13.0530195236,80.2386932373,14529,14539,10
13.0527601242,80.2397689819,14539,14550,11
13.0525197983,80.240852356,14550,14560,10
13.0526399612,80.2418518066,14560,14570,10
13.0528097153,80.2427902222,14570,14580,10
13.0527296066,80.2436676025,14580,14589,9
13.0526800156,80.244468689,14589,14600,11
13.0528402328,80.2455062866,14600,14610,10
13.0529203415,80.2462387085,14610,14620,10
13.0530996323,80.2472610474,14620,14631,11
13.0533399582,80.248336792,14631,14642,11
13.0535497665,80.2492294312,14642,14652,10
13.0537099838,80.2499465942,14652,14662,10
13.0535202026,80.2503890991,14662,14672,10
13.0527601242,80.2507629395,14672,14682,10
13.0522098541,80.2511367798,14682,14692,10
13.0518302917,80.2509002686,14692,14702,10
13.0510997772,80.2507324219,14702,14712,10
13.0505599976,80.2503204346,14712,14722,10
13.0499696732,80.2499389648,14722,14732,10
13.0490598679,80.249786377,14732,14743,11
13.0482397079,80.2495269775,14743,14753,10
13.0475196838,80.2489013672,14753,14763,10
13.0465297699,80.2486114502,14763,14773,10
13.0455598831,80.248336792,14773,14783,10
13.0445995331,80.2480697632,14783,14793,10
13.0435304642,80.2478637695,14793,14803,10
13.0427103043,80.2476882935,14803,14813,10
13.0414199829,80.2474365234,14813,14823,10
13.0403003693,80.2472229004,14823,14833,10
13.0396604538,80.2471008301,14833,14843,10
13.0396499634,80.2470703125,14843,14854,11
13.0394201279,80.2471923828,14854,14864,10
13.0393199921,80.2477111816,14864,14874,10
13.0392103195,80.2483825684,14874,14884,10
13.0390996933,80.2490005493,14884,14894,10
13.0390396118,80.2494430542,14894,14904,10
13.0390195847,80.2496032715,14904,14914,10
13.0389995575,80.2497024536,14914,14924,10
13.0389499664,80.25,14924,14934,10
13.0388803482,80.2505111694,14934,14944,10
13.038769722,80.2511367798,14944,14954,10
13.0386800766,80.2519378662,14954,14964,10
13.0385904312,80.2526931763,14964,14975,11
13.038479805,80.2535705566,14975,14985,10
13.038359642,80.2545166016,14985,14995,10
13.0382204056,80.2554702759,14995,15005,10
13.0381202698,80.2562713623,15005,15015,10
13.0380001068,80.2566680908,15015,15025,10
13.0375995636,80.2568969727,15025,15035,10
13.0368204117,80.2570037842,15035,15045,10
13.035900116,80.2570495605,15045,15055,10
13.0350103378,80.2570571899,15055,15065,10
13.0341501236,80.256980896,15065,15076,11
13.0332698822,80.2568969727,15076,15086,10
13.0323801041,80.2567977905,15086,15096,10
13.0315904617,80.2567214966,15096,15106,10
13.0311498642,80.2566833496,15106,15116,10
13.03083992,80.256652832,15116,15126,10
13.0305299759,80.2566223145,15126,15136,10
13.0299596786,80.2565612793,15136,15146,10
13.0292301178,80.2565383911,15146,15156,10
13.0289402008,80.2567367554,15156,15166,10
13.028840065,80.2573776245,15166,15176,10
13.0288200378,80.2582168579,15176,15186,10
13.0290002823,80.2590484619,15186,15197,11
13.0292196274,80.2598876953,15197,15207,10
13.0293703079,80.2604904175,15207,15217,10
13.0291595459,80.2609863281,15217,15227,10
13.0291595459,80.2611694336,15227,15237,10
13.0295000076,80.261390686,15237,15247,10
13.0297002792,80.2617034912,15247,15257,10
13.029709816,80.2617416382,15257,15267,10
13.029709816,80.2621078491,15267,15277,10
13.0296096802,80.2627716064,15277,15287,10
13.0294399261,80.2634963989,15287,15298,11
13.0293302536,80.2642364502,15298,15308,10
13.0292701721,80.2648925781,15308,15318,10
13.0292701721,80.2656173706,15318,15328,10
13.0291900635,80.2662582397,15328,15338,10
13.0289802551,80.2663421631,15338,15348,10
13.028260231,80.2662200928,15348,15367,19
13.028260231,80.2662200928,15367,15378,11
13.0277204514,80.2661590576,15378,15388,10
13.0270996094,80.2660980225,15388,15398,10
13.027009964,80.2660980225,15398,15408,10
13.0265903473,80.2660522461,15408,15419,11
13.0263595581,80.2658309937,15419,15429,10
13.0264101028,80.2653427124,15429,15439,10
13.0264701843,80.2646102905,15439,15449,10
13.0265798569,80.2638092041,15449,15459,10
13.0266895294,80.2629470825,15459,15469,10
13.0268096924,80.2619781494,15469,15479,10
13.0269203186,80.261100769,15479,15489,10
13.0270299911,80.2603225708,15489,15499,10
13.0270700455,80.2594909668,15499,15509,10
13.0270996094,80.2584991455,15509,15519,10
13.0271196365,80.2575531006,15519,15530,11
13.0271196365,80.2568206787,15530,15540,10
13.0270900726,80.2561264038,15540,15550,10
13.0271196365,80.2552566528,15550,15560,10
13.0271396637,80.2544631958,15560,15570,10
13.0271596909,80.2537689209,15570,15580,10
13.0273599625,80.2529296875,15580,15590,10
13.0276203156,80.2519226074,15590,15600,10
13.0280799866,80.2509613037,15600,15610,10
13.0284795761,80.2502975464,15610,15630,20
13.0291500092,80.2485275269,15630,15646,16
13.0293998718,80.2469177246,15646,15659,13
13.029540062,80.2458496094,15659,15668,9
13.0291404724,80.2456970215,15668,15679,11
13.0281400681,80.2456436157,15679,15689,10
13.0275497437,80.2452011108,15689,15699,10
13.0272397995,80.2442626953,15699,15709,10
13.0263004303,80.2438735962,15709,15719,10
13.0252895355,80.2435302734,15719,15729,10
13.0241498947,80.2431335449,15729,15751,22
13.0241498947,80.2431335449,15751,15761,10
13.0237197876,80.2429580688,15761,15771,10
13.0229597092,80.2427368164,15771,15781,10
13.0219802856,80.2424087524,15781,15791,10
13.0208597183,80.2420196533,15791,15801,10
13.0199203491,80.2417068481,15801,15811,10
13.0194997787,80.2416000366,15811,15821,10
13.0188999176,80.2414627075,15821,15831,10
13.018119812,80.2411804199,15831,15841,10
13.0172796249,80.2409515381,15841,15851,10
13.0161895752,80.2406997681,15851,15862,11
13.0155801773,80.2406311035,15862,15872,10
13.014960289,80.2405395508,15872,15882,10
13.0140104294,80.2404403687,15882,15892,10
13.0127401352,80.2404403687,15892,15902,10
13.0113401413,80.2404708862,15902,15912,10
13.0099201202,80.2405090332,15912,15922,10
13.0084896088,80.2404937744,15922,15932,10
13.0072402954,80.2403488159,15932,15942,10
13.0068798065,80.240562439,15942,15952,10
13.0067501068,80.2414398193,15952,15962,10
13.0067195892,80.2425765991,15962,15973,11
13.0066795349,80.2438964844,15973,15983,10
13.0066795349,80.2451782227,15983,15993,10
13.0067195892,80.2464294434,15993,16002,9
13.0067501068,80.2473831177,16002,16013,11
13.0067596436,80.2476806641,16013,16023,10
13.0067300797,80.248298645,16023,16033,10
13.0067796707,80.2493133545,16033,16043,10
13.006819725,80.250617981,16043,16053,10
13.0067195892,80.2518310547,16053,16063,10
13.0065402985,80.252746582,16063,16073,10
13.0065603256,80.2537689209,16073,16084,11
13.0066099167,80.2551116943,16084,16094,10
13.0066299438,80.2564086914,16094,16104,10
13.0066995621,80.2573318481,16104,16114,10
13.0063199997,80.2576065063,16114,16124,10
13.0055799484,80.2573928833,16124,16134,10
13.0048704147,80.2572021484,16134,16144,10
13.0042896271,80.2570571899,16144,16154,10
13.0034399033,80.2568969727,16154,16164,10
13.0024204254,80.2567214966,16164,16174,10
13.0013599396,80.2565536499,16174,16184,10
13.0002603531,80.2563781738,16184,16194,10
12.9991397858,80.2561569214,16194,16205,11
12.9977197647,80.2559890747,16205,16225,20
12.9977197647,80.2559890747,16225,16235,10
12.9973897934,80.2559661865,16235,16245,10
12.9969501495,80.2559585571,16245,16255,10
12.9964799881,80.2559432983,16255,16265,10
12.9956798553,80.2559509277,16265,16275,10
12.994890213,80.2559661865,16275,16285,10
12.9940395355,80.2560195923,16285,16295,10
12.9929704666,80.2560882568,16295,16305,10
12.9918603897,80.2560882568,16305,16316,11
12.99077034,80.2560424805,16316,16326,10
12.9897499084,80.2560119629,16326,16336,10
12.9886198044,80.2559280396,16336,16346,10
12.9877500534,80.2558670044,16346,16356,10
12.9876003265,80.2564163208,16356,16366,10
12.9875097275,80.25730896,16366,16376,10
12.987449646,80.2583007813,16376,16385,9
12.9872398376,80.2585983276,16385,16437,52
12.9872398376,80.2585983276,16437,16447,10
12.9873895645,80.2583770752,16447,16457,10
12.9874095917,80.2579727173,16457,16467,10
12.9874801636,80.2572479248,16467,16477,10
12.9875602722,80.2564620972,16477,16487,10
12.9876203537,80.2558364868,16487,16497,10
12.9879999161,80.2557525635,16497,16507,10
12.9881401062,80.2557907104,16507,16517,10
12.9883699417,80.2558288574,16517,16527,10
12.9889202118,80.2559204102,16527,16538,11
12.9897699356,80.2559814453,16538,16548,10
12.9903697968,80.2559585571,16548,16558,10
12.9910097122,80.2560195923,16558,16568,10
12.9919395447,80.2560806274,16568,16578,10
12.9929103851,80.2560806274,16578,16588,10
12.9937601089,80.2559967041,16588,16598,10
12.9946403503,80.2559432983,16598,16614,16
12.9963302612,80.2558670044,16614,16626,12
12.9972000122,80.2558822632,16626,16634,8
12.9976100922,80.2558822632,16634,16645,11
12.9976596832,80.2558898926,16645,16657,12
12.9978199005,80.2558898926,16657,16666,9
12.9982500076,80.2559509277,16666,16677,11
12.9991798401,80.2560882568,16677,16687,10
13.0000801086,80.2562637329,16687,16697,10
13.0012397766,80.2564697266,16697,16707,10
13.0022001266,80.2566299438,16707,16717,10
13.0030498505,80.2567825317,16717,16727,10
13.0039100647,80.2569580078,16727,16738,11
13.0049295425,80.2571411133,16738,16748,10
13.0058603287,80.2573394775,16748,16759,11
13.006360054,80.2574234009,16759,16769,10
13.0065803528,80.2572021484,16769,16779,10
13.0065803528,80.2564620972,16779,16789,10
13.0065498352,80.2553710938,16789,16799,10
13.0065603256,80.2541809082,16799,16809,10
13.0065498352,80.2529678345,16809,16819,10
13.0066604614,80.251953125,16819,16829,10
13.0068101883,80.2508392334,16829,16839,10
13.0067901611,80.2496414185,16839,16849,10
13.0067300797,80.2484970093,16849,16859,10
13.0066995621,80.2476577759,16859,16870,11
13.0066995621,80.246887207,16870,16880,10
13.0066795349,80.2459411621,16880,16890,10
13.0066699982,80.2448883057,16890,16900,10
13.0066604614,80.243888855,16900,16910,10
13.0066299438,80.2428970337,16910,16920,10
13.0066099167,80.2418518066,16920,16930,10
13.0066900253,80.2407531738,16930,16940,10
13.0068702698,80.239730835,16940,16950,10
13.0070400238,80.2387771606,16950,16960,10
13.0072498322,80.2378234863,16960,16970,10
13.0074796677,80.2367630005,16970,16981,11
13.0077295303,80.2354888916,16981,16991,10
13.0080003738,80.2342910767,16991,17001,10
13.0082597733,80.2330093384,17001,17010,9
13.0084896088,80.2317962646,17010,17021,11
13.0087795258,80.2302627563,17021,17031,10
13.0090398788,80.2289810181,17031,17041,10
13.0093603134,80.2278137207,17041,17051,10
13.0098800659,80.2266769409,17051,17061,10
13.0103902817,80.2256164551,17061,17071,10
13.0108604431,80.2246398926,17071,17081,10
13.0112600327,80.2236709595,17081,17092,11
13.0116596222,80.2226791382,17092,17102,10
13.0120096207,80.2216796875,17102,17112,10
13.0123500824,80.2214202881,17112,17122,10
13.0126600266,80.2218017578,17122,17132,10
13.0131502151,80.2224807739,17132,17142,10
13.0137300491,80.2231674194,17142,17152,10
13.0142202377,80.2238235474,17152,17162,10
13.0148801804,80.2245178223,17162,17172,10
13.01541996,80.2249832153,17172,17182,10
13.0157804489,80.2251968384,17182,17192,10
13.0159702301,80.2252502441,17192,17203,11
13.0161399841,80.2253036499,17203,17213,10
13.0166797638,80.2252502441,17213,17223,10
13.0174999237,80.224937439,17223,17233,10
13.0185203552,80.2245178223,17233,17243,10
13.0195398331,80.2244262695,17243,17253,10
13.0204696655,80.2250213623,17253,17263,10
13.021320343,80.2256393433,17263,17273,10
13.0221004486,80.2262878418,17273,17283,10
13.0228996277,80.2269821167,17283,17293,10
13.023730278,80.2277526855,17293,17303,10
13.0244703293,80.2286071777,17303,17313,10
13.0251102448,80.2294616699,17313,17324,11
13.0258197784,80.2305297852,17324,17334,10
13.0260601044,80.2312774658,17334,17350,16
13.0268697739,80.2311935425,17350,17362,12
13.0278396606,80.2309799194,17362,17372,10
13.0286598206,80.2309036255,17372,17382,10
13.0294103622,80.2308120728,17382,17392,10
13.0298900604,80.2307662964,17392,17402,10
13.0306596756,80.2307128906,17402,17412,10
13.031370163,80.2306594849,17412,17422,10
13.0322599411,80.2305908203,17422,17435,13
13.0332803726,80.2304992676,17435,17445,10
13.0339803696,80.2304534912,17445,17455,10
13.0341901779,80.230430603,17455,17465,10
13.0342998505,80.2304382324,17465,17475,10
13.0347299576,80.2303390503,17475,17485,10
13.0351896286,80.2302703857,17485,17495,10
13.035900116,80.2304992676,17495,17505,10
13.036529541,80.2306900024,17505,17515,10
13.0368700027,80.2307891846,17515,17525,10
13.0375299454,80.231010437,17525,17535,10
13.0384197235,80.2312698364,17535,17546,11
13.0392599106,80.2315216064,17546,17556,10
13.0400896072,80.2317504883,17556,17566,10
13.0410003662,80.2321014404,17566,17576,10
13.0420598984,80.2323379517,17576,17586,10
13.0431499481,80.2323913574,17586,17596,10
13.0441598892,80.232460022,17596,17605,9
13.0460100174,80.2328033447,17605,17615,10
13.0469799042,80.2329788208,17615,17626,11
13.0469799042,80.2329788208,17626,17636,10
13.0474395752,80.2330093384,17636,17646,10
13.0475196838,80.2325668335,17646,17657,11
13.0475997925,80.2318878174,17657,17667,10
13.0476903915,80.2311096191,17667,17677,10
13.0477104187,80.2304229736,17677,17687,10
13.0474004745,80.2299499512,17687,17697,10
13.0466995239,80.2297897339,17697,17707,10
13.0457000732,80.2296218872,17707,17723,16
13.0446195602,80.2294006348,17723,17735,12
13.0441102982,80.2292633057,17735,17743,8
13.0439100266,80.2291717529,17743,17755,12
13.0440196991,80.2287597656,17755,17765,10
13.0441999435,80.2281417847,17765,17776,11
13.0444002151,80.2273864746,17776,17786,10
13.0445995331,80.2266693115,17786,17796,10
13.044670105,80.2264328003,17796,17805,9
13.0447797775,80.2260665894,17805,17816,11
13.0450201035,80.2257537842,17816,17826,10
13.0456199646,80.2259368896,17826,17836,10
13.0464200974,80.2261810303,17836,17846,10
13.0467195511,80.226272583,17846,17856,10
13.046959877,80.2263565063,17856,17866,10
13.0475597382,80.2265472412,17866,17874,8
13.0481300354,80.2267303467,17874,17887,13
13.049079895,80.2269821167,17887,17897,10
13.0499401093,80.2270812988,17897,17907,10
13.0507698059,80.2272567749,17907,17917,10
13.051659584,80.2274398804,17917,17927,10
13.0523700714,80.2276000977,17927,17937,10
13.0531797409,80.2277603149,17937,17946,9
13.0538101196,80.2278213501,17946,17957,11
13.0539197922,80.2273101807,17957,17967,10
13.0536298752,80.2253036499,17967,17977,10
13.0536298752,80.2253036499,17977,17987,10
13.0533800125,80.2242202759,17987,18008,21
13.0527696609,80.2217712402,18008,18018,10
13.052479744,80.2206726074,18018,18028,10
13.0522403717,80.2198181152,18028,18038,10
13.0520000458,80.2188873291,18038,18049,11
13.0516004562,80.2177963257,18049,18059,10
13.0512599945,80.2167816162,18059,18069,10
13.0509500504,80.2158203125,18069,18079,10
13.0507297516,80.2151107788,18079,18089,10
13.0504999161,80.2146682739,18089,18099,10
13.0500297546,80.2146606445,18099,18109,10
13.0495300293,80.2146224976,18109,18120,11
13.0483999252,80.2145004272,18120,18130,10
13.0478801727,80.2144470215,18130,18140,10
13.0475196838,80.2144088745,18140,18150,10
13.0468101501,80.2144393921,18150,18160,10
13.0457897186,80.2146224976,18160,18170,10
13.0448102951,80.2147598267,18170,18180,10
13.0445604324,80.2145080566,18180,18190,10
13.0445299149,80.2141036987,18190,18200,10
13.0444602966,80.2131729126,18200,18210,10
13.0444402695,80.2125396729,18210,18220,10
13.0444402695,80.2124633789,18220,18231,11
13.0446996689,80.2123031616,18231,18239,8
13.0452404022,80.212272644,18239,18251,12
13.0463104248,80.2122116089,18251,18261,10
13.0469198227,80.2121582031,18261,18271,10
13.04708004,80.212020874,18271,18281,10
13.0470695496,80.2116088867,18281,18291,10
13.0470199585,80.2109985352,18291,18301,10
13.0472803116,80.2107772827,18301,18312,11
13.0480499268,80.2108001709,18312,18322,10
13.0487604141,80.2108383179,18322,18332,10
13.0493898392,80.2108917236,18332,18342,10
13.049659729,80.2108612061,18342,18353,11
13.0496301651,80.2104415894,18353,18363,10
13.0495901108,80.2101364136,18363,18373,10
13.0495300293,80.2097015381,18373,18382,9
13.0495004654,80.2093963623,18382,18395,13
13.0494298935,80.2088775635,18395,18405,10
13.0492401123,80.2080993652,18405,18415,10
13.0489797592,80.2073822021,18415,18425,10
13.0488796234,80.2069396973,18425,18435,10
13.0491399765,80.2069320679,18435,18464,29
13.0491399765,80.2069320679,18464,18476,12
13.0491600037,80.2072296143,18476,18516,40
13.0491600037,80.2072296143,18516,18526,10
13.0490598679,80.2075271606,18526,18536,10
13.0492401123,80.2080383301,18536,18545,9
13.0494499207,80.208770752,18545,18556,11
13.0495996475,80.2098236084,18556,18566,10
13.0497398376,80.2108612061,18566,18576,10
13.0498800278,80.2117080688,18576,18586,10
13.0499095917,80.2118377686,18586,18598,12
13.0499401093,80.2120895386,18598,18608,10
13.0499801636,80.2125091553,18608,18618,10
13.0500297546,80.2128829956,18618,18628,10
13.050160408,80.2135620117,18628,18638,10
13.0503702164,80.2141723633,18638,18648,10
13.0512304306,80.2166290283,18648,18670,22
13.0512304306,80.2166290283,18670,18680,10
13.0515403748,80.2175827026,18680,18690,10
13.0521697998,80.2194519043,18690,18701,11
13.0521697998,80.2194519043,18701,18711,10
13.0523195267,80.2200927734,18711,18721,10
13.0524997711,80.2206726074,18721,18731,10
13.0527200699,80.2214813232,18731,18741,10
13.0530004501,80.2224578857,18741,18751,10
13.0532798767,80.2235336304,18751,18759,8
13.0534601212,80.2242965698,18759,18771,12
13.0537395477,80.2256164551,18771,18780,9
13.0539102554,80.2267379761,18780,18791,11
13.0540399551,80.2278823853,18791,18801,10
13.0541496277,80.2286376953,18801,18812,11
13.054189682,80.2296066284,18812,18822,10
13.0542001724,80.2303390503,18822,18832,10
13.0541696548,80.2306518555,18832,18842,10
13.0539798737,80.2306365967,18842,18852,10
13.0535497665,80.2305908203,18852,18862,10
13.0526103973,80.2304534912,18862,18871,9
13.0526103973,80.2304534912,18871,18882,11
13.052280426,80.2304000854,18882,18892,10
13.052069664,80.2303771973,18892,18902,10
13.0519199371,80.2303466797,18902,18912,10
13.0515899658,80.2302780151,18912,18922,10
13.0512504578,80.23021698,18922,18932,10
13.0508203506,80.2301712036,18932,18943,11
13.0502901077,80.2301101685,18943,18953,10
13.0496997833,80.2300720215,18953,18963,10
13.0490903854,80.2300872803,18963,18973,10
13.0486097336,80.2300720215,18973,18983,10
13.0482397079,80.2300567627,18983,18993,10
13.0479202271,80.2303009033,18993,19003,10
13.0476903915,80.2307128906,19003,19013,10
13.0476198196,80.2313995361,19013,19025,12
13.0475196838,80.232131958,19025,19035,10
13.0474996567,80.2323608398,19035,19046,11
13.0474700928,80.2325973511,19046,19056,10
13.0474500656,80.2328414917,19056,19066,10
13.0475997925,80.233039856,19066,19076,10
13.0481004715,80.2331390381,19076,19086,10
13.0486698151,80.233291626,19086,19096,10
13.0487499237,80.2333068848,19096,19106,10
13.0489597321,80.2334213257,19106,19116,10
13.0495595932,80.2335586548,19116,19126,10
13.0504102707,80.2337417603,19126,19136,10
13.0512695313,80.2339019775,19136,19146,10
13.0521001816,80.2340927124,19146,19156,10
13.0530595779,80.2343521118,19156,19167,11
13.0537595749,80.2345733643,19167,19177,10
13.0537099838,80.2350769043,19177,19187,10
13.0535802841,80.2357635498,19187,19197,10
13.0534296036,80.2364730835,19197,19207,10
13.0532798767,80.2372589111,19207,19217,10
13.0531196594,80.2382583618,19217,19227,10
13.0528697968,80.2393417358,19227,19237,10
13.0526103973,80.2404022217,19237,19247,10
13.0525102615,80.2413024902,19247,19257,10
13.0527000427,80.2421798706,19257,19267,10
13.0528402328,80.2430801392,19267,19278,11
13.0527200699,80.243927002,19278,19288,10
13.052740097,80.2448883057,19288,19298,10
13.0528898239,80.2459411621,19298,19308,10
13.0530796051,80.2470397949,19308,19318,10
13.0533704758,80.2482223511,19318,19328,10
13.0536403656,80.2493896484,19328,19338,10
13.0537500381,80.250038147,19338,19348,10
13.053609848,80.2503890991,19348,19368,20
13.0522499084,80.251121521,19368,19378,10
13.0517101288,80.2508392334,19378,19388,10
13.0508699417,80.2507019043,19388,19399,11
13.0503797531,80.2500610352,19399,19409,10
13.0495700836,80.2498626709,19409,19419,10
13.0487003326,80.2497024536,19419,19429,10
13.0479803085,80.2492828369,19429,19439,10
13.0472402573,80.2486724854,19439,19449,10
13.0462598801,80.2485275269,19449,19459,10
13.0453395844,80.2482223511,19459,19470,11
13.0444097519,80.2480316162,19470,19480,10
13.0435400009,80.2478713989,19480,19490,10
13.0425701141,80.2476577759,19490,19500,10
13.0415096283,80.2474365234,19500,19511,11
13.0403604507,80.2472229004,19511,19521,10
13.0393600464,80.247253418,19521,19530,9
13.0393600464,80.247253418,19530,19541,11
13.0393400192,80.2475509644,19541,19551,10
13.0392799377,80.247833252,19551,19561,10
13.0391798019,80.2484207153,19561,19571,10
13.0391197205,80.2489318848,19571,19581,10
13.0390300751,80.2493591309,19581,19591,10
13.0389795303,80.2499465942,19591,19601,10
13.0389404297,80.2503585815,19601,19611,10
13.038860321,80.2509384155,19611,19622,11
13.0387802124,80.2514038086,19622,19632,10
13.0387201309,80.2519073486,19632,19642,10
13.038599968,80.2526626587,19642,19652,10
13.0384902954,80.2535705566,19652,19662,10
13.038359642,80.2545318604,19662,19672,10
13.0382204056,80.2555007935,19672,19682,10
13.0381298065,80.2562484741,19682,19692,10
13.0379695892,80.2567520142,19692,19702,10
13.0372495651,80.2569732666,19702,19712,10
13.036239624,80.2570114136,19712,19722,10
13.0353403091,80.2570495605,19722,19732,10
13.0347003937,80.2570495605,19732,19743,11
13.033659935,80.256942749,19743,19753,10
13.0328397751,80.2568283081,19753,19763,10
13.031829834,80.2567214966,19763,19773,10
13.0311803818,80.2566680908,19773,19783,10
13.0309400558,80.256652832,19783,19792,9
13.0306100845,80.2566223145,19792,19803,11
13.0299701691,80.2565612793,19803,19813,10
13.0292100906,80.2565078735,19813,19823,10
13.028550148,80.256439209,19823,19833,10
13.0277204514,80.2563934326,19833,19843,10
13.0271596909,80.2565078735,19843,19854,11
13.0266304016,80.2567977905,19854,19864,10
13.0259599686,80.2572402954,19864,19874,10
13.0253095627,80.2576599121,19874,19884,10
13.0246200562,80.2580490112,19884,19894,10
13.0239496231,80.258430481,19894,19904,10
13.0231399536,80.2588272095,19904,19914,10
13.0222902298,80.2591934204,19914,19924,10
13.0215196609,80.2593765259,19924,19934,10
13.0209197998,80.2594985962,19934,19944,10
13.0204801559,80.2595901489,19944,19954,10
13.0200595856,80.2596588135,19954,19964,10
13.0195398331,80.2597503662,19964,19975,11
13.018699646,80.2599334717,19975,19984,9
13.018699646,80.2599334717,19984,19996,12
13.0186595917,80.2601623535,19996,20006,10
13.0187397003,80.2612075806,20006,20016,10
13.0187397003,80.2612075806,20016,20026,10
13.0191698074,80.2616729736,20026,20036,10
13.019780159,80.2622680664,20036,20046,10
13.0203504562,80.2627868652,20046,20056,10
13.0200796127,80.2630081177,20056,20075,19
13.0190496445,80.2629013062,20075,20087,12
13.0188598633,80.2622070313,20087,20097,10
13.0187597275,80.26146698,20097,20107,10
13.0183601379,80.2610931396,20107,20117,10
13.0176897049,80.2606430054,20117,20127,10
13.016960144,80.2601394653,20127,20137,10
13.0161104202,80.2596282959,20137,20147,10
13.0151100159,80.2593078613,20147,20157,10
13.0139904022,80.259262085,20157,20167,10
13.0129098892,80.2592086792,20167,20177,10
13.0118303299,80.2591781616,20177,20187,10
13.0110397339,80.2591781616,20187,20197,10
13.0096797943,80.2592163086,20197,20208,11
13.0088396072,80.2591781616,20208,20218,10
13.0085601807,80.2591781616,20218,20228,10
13.0079097748,80.2593002319,20228,20238,10
13.0073404312,80.2590713501,20238,20247,9
13.0070295334,80.2583770752,20247,20258,11
13.0065202713,80.2576599121,20258,20268,10
13.00578022,80.2574081421,20268,20278,10
13.0050096512,80.2572174072,20278,20288,10
13.0043802261,80.2570800781,20288,20298,10
13.0031003952,80.2568206787,20298,20308,10
13.0020999908,80.2566299438,20308,20319,11
13.0012397766,80.2565383911,20319,20329,10
13.0004396439,80.2563934326,20329,20339,10
12.9994697571,80.2562179565,20339,20348,9
12.9986801147,80.2560882568,20348,20359,11
12.998000145,80.2559814453,20359,20369,10
12.9977197647,80.2559814453,20369,20379,10
12.9976797104,80.2561416626,20379,20389,10
12.9976797104,80.2561569214,20389,20399,10
12.9978103638,80.2563705444,20399,20409,10
12.9981403351,80.2565078735,20409,25073,4664
12.9981403351,80.2565078735,25073,25083,10
12.9978704453,80.2563323975,25083,25103,20
12.9978704453,80.2563323975,25103,25113,10
12.997759819,80.2560806274,25113,25123,10
12.9974002838,80.2559509277,25123,25143,20
12.9974002838,80.2559509277,25143,25153,10
12.9971904755,80.2559661865,25153,25164,11
12.9968099594,80.2559204102,25164,25174,10
12.9962997437,80.255897522,25174,25184,10
12.9956302643,80.255897522,25184,25194,10
12.995010376,80.2558670044,25194,25204,10
12.9943399429,80.2559204102,25204,25214,10
12.9935703278,80.2559967041,25214,25224,10
12.9926300049,80.2560501099,25224,25234,10
12.9915895462,80.2560424805,25234,25244,10
12.9906902313,80.2559967041,25244,25254,10
12.9898996353,80.2559890747,25254,25264,10
12.9890403748,80.2559204102,25264,25274,10
12.9881496429,80.255821228,25274,25295,21
12.9881496429,80.255821228,25295,25311,16
12.9879598618,80.2558135986,25311,25323,12
12.9874401093,80.2557067871,25323,25331,8
12.9870195389,80.2556381226,25331,25343,12
12.9863996506,80.2555389404,25343,25353,10
12.9860801697,80.2554702759,25353,25363,10
12.9856700897,80.2554092407,25363,25373,10
12.9851198196,80.2553024292,25373,25383,10
12.9844503403,80.2551116943,25383,25393,10
12.9838600159,80.2549819946,25393,25404,11
12.9833297729,80.2548065186,25404,25414,10
12.9827299118,80.2546386719,25414,25424,10
12.9821395874,80.2543334961,25424,25434,10
12.9818696976,80.2536697388,25434,25444,10
12.9816598892,80.2529296875,25444,25454,10
12.9809398651,80.2527694702,25454,25464,10
12.9801397324,80.2527618408,25464,25474,10
12.9796695709,80.2526779175,25474,25484,10
12.979180336,80.2526397705,25484,25494,10
12.9786901474,80.2525787354,25494,25505,11
12.9785804749,80.2525405884,25505,25515,10
12.9781303406,80.252243042,25515,25525,10
12.9774904251,80.2516479492,25525,25535,10
12.9765396118,80.2512207031,25535,25545,10
12.9753704071,80.250869751,25545,25555,10
12.9741697311,80.250541687,25555,25565,10
12.9729604721,80.2501983643,25565,25575,10
12.971739769,80.2498779297,25575,25585,10
12.9704704285,80.2495193481,25585,25595,10
12.9692401886,80.2490386963,25595,25605,10
12.9680204391,80.248550415,25605,25616,11
12.9667797089,80.2480010986,25616,25626,10
12.9657897949,80.2475662231,25626,25636,10
12.9652795792,80.2473983765,25636,25652,16
12.9647598267,80.2472076416,25652,25664,12
12.9638996124,80.246887207,25664,25674,10
12.9635601044,80.2467575073,25674,25704,30
12.9635601044,80.2467575073,25704,25714,10
12.9633998871,80.2466812134,25714,25724,10
12.9627799988,80.246383667,25724,25735,11
12.961810112,80.2459030151,25735,25745,10
12.9607896805,80.2454071045,25745,25755,10
12.9597702026,80.244972229,25755,25765,10
12.9592399597,80.2447433472,25765,25775,10
12.9586801529,80.244468689,25775,25785,10
12.9580001831,80.2441864014,25785,25795,10
12.9573802948,80.2439422607,25795,25805,10
12.9566402435,80.2436676025,25805,25815,10
12.9564399719,80.243598938,25815,25825,10
12.9563398361,80.2436218262,25825,25835,10
12.9559497833,80.2434310913,25835,25846,11
12.955329895,80.2431335449,25846,25856,10
12.9547100067,80.2428283691,25856,25866,10
12.9539804459,80.2425384521,25866,25876,10
12.9531202316,80.2421798706,25876,25886,10
12.9521903992,80.2418212891,25886,25902,16
12.9508600235,80.2413635254,25902,25915,13
12.9495897293,80.2409820557,25915,25925,10
12.9487800598,80.2406997681,25925,25935,10
12.9478597641,80.2403182983,25935,25945,10
12.947019577,80.239982605,25945,25955,10
12.9460897446,80.2395935059,25955,25965,10
12.9452600479,80.2391281128,25965,25976,11
12.9445400238,80.2383880615,25976,25986,10
12.9437503815,80.2375335693,25986,25996,10
12.943189621,80.2369689941,25996,26006,10
12.9424600601,80.2365264893,26006,26016,10
12.9413299561,80.2362136841,26016,26026,10
12.9402704239,80.2359466553,26026,26036,10
12.9397497177,80.235786438,26036,26046,10
12.9395999908,80.2357177734,26046,26056,10
12.9390096664,80.2354202271,26056,26065,9
12.9382600784,80.2350234985,26065,26077,12
12.9370603561,80.2344284058,26077,26087,10
12.9361200333,80.2340011597,26087,26097,10
12.9350996017,80.2335205078,26097,26107,10
12.9341497421,80.2331008911,26107,26117,10
12.933549881,80.2328262329,26117,26127,10
12.932849884,80.2325210571,26127,26137,10
12.9320402145,80.2322311401,26137,26147,10
12.9311704636,80.2319412231,26147,26157,10
12.9302301407,80.2316665649,26157,26167,10
12.929309845,80.2314682007,26167,26178,11
12.9281702042,80.231262207,26178,26188,10
12.9270896912,80.2311325073,26188,26198,10
12.9264202118,80.231048584,26198,26208,10
12.9263801575,80.2310409546,26208,26218,10
12.9261102676,80.2310180664,26218,26228,10
12.9253997803,80.2309417725,26228,26238,10
12.9245100021,80.2308273315,26238,26248,10
12.9235200882,80.2306900024,26248,26258,10
12.9224004745,80.2305297852,26258,26268,10
12.9212703705,80.2303619385,26268,26278,10
12.9201097488,80.23021698,26278,26288,10
12.9191398621,80.2300796509,26288,26299,11
12.9178600311,80.2298965454,26299,26309,10
12.9167098999,80.2297286987,26309,26319,10
12.9154996872,80.2295608521,26319,26329,10
12.9142599106,80.2294006348,26329,26339,10
12.913479805,80.2293167114,26339,26349,10
12.9129896164,80.2292327881,26349,26359,10
12.9122400284,80.229133606,26359,26369,10
12.9113397598,80.2290115356,26369,26379,10
12.910320282,80.2288513184,26379,26389,10
12.9092798233,80.2286682129,26389,26399,10
12.9082403183,80.2285003662,26399,26410,11
12.9073896408,80.2283935547,26410,26430,20
12.9073896408,80.2283935547,26430,26446,16
12.9068803787,80.2283630371,26446,26458,12
12.9062099457,80.2283172607,26458,26468,10
12.9061403275,80.2283096313,26468,26477,9
12.9056301117,80.2282485962,26477,26488,11
12.904589653,80.2282028198,26488,26498,10
12.9038200378,80.2281417847,26498,26508,10
12.9028997421,80.2280883789,26508,26519,11
12.9017095566,80.2280273438,26519,26529,10
12.9010000229,80.2279968262,26529,26539,10
12.9007701874,80.2279586792,26539,26549,10
12.9005699158,80.2279510498,26549,26559,10
12.9005002975,80.2279510498,26559,26568,9
12.9001197815,80.2279281616,26568,26579,11
12.8994703293,80.2279205322,26579,26589,10
12.8992900848,80.227897644,26589,26599,10
12.8988895416,80.227897644,26599,26609,10
12.8982400894,80.2278366089,26609,26619,10
12.8974599838,80.2277908325,26619,26629,10
12.896490097,80.2277297974,26629,26640,11
12.8953399658,80.2276687622,26640,26650,10
12.8941402435,80.2276077271,26650,26659,9
12.8930997849,80.2274780273,26659,26670,11
12.8918504715,80.2273712158,26670,26680,10
12.8907003403,80.2273635864,26680,26690,10
12.8898000717,80.2273635864,26690,26700,10
12.8890600204,80.2273712158,26700,26710,10
12.888299942,80.2273635864,26710,26720,10
12.8873996735,80.2272567749,26720,26730,10
12.8864202499,80.2270812988,26730,26740,10
12.8855304718,80.226852417,26740,26751,11
12.8847103119,80.2267608643,26751,26761,10
12.8844995499,80.2267684937,26761,26771,10
12.8839797974,80.2267913818,26771,26781,10
12.8832397461,80.2267837524,26781,26791,10
12.8823204041,80.2267913818,26791,26801,10
12.881480217,80.2267990112,26801,26811,10
12.8801403046,80.2267990112,26811,26821,10
12.8789701462,80.2268295288,26821,26831,10
12.8778896332,80.226890564,26831,26841,10
12.8769598007,80.2269592285,26841,26851,10
12.8764696121,80.2269287109,26851,26862,11
12.8764200211,80.2266693115,26862,26872,10
12.8764200211,80.2266235352,26872,26882,10
12.8764600754,80.226272583,26882,26892,10
12.8765296936,80.2256088257,26892,26902,10
12.8766298294,80.2247467041,26902,26911,9
12.8767700195,80.2238235474,26911,26922,11
12.8770599365,80.2225799561,26922,26932,10
12.8773498535,80.2213363647,26932,26942,10
12.8776397705,80.2201080322,26942,26952,10
12.8779096603,80.2189178467,26952,26962,10
12.8781700134,80.2176895142,26962,26973,11
12.8784303665,80.2163696289,26973,26983,10
12.8786897659,80.2152099609,26983,26993,10
12.8789196014,80.2140197754,26993,27003,10
12.8791399002,80.212852478,27003,27014,11
12.8793802261,80.2110366821,27014,27034,20
12.8793802261,80.2110366821,27034,27044,10
12.8793201447,80.2109985352,27044,27054,10
12.8790397644,80.2109375,27054,27063,9
12.8787002563,80.2108764648,27063,27074,11
12.878080368,80.2107772827,27074,27085,11
12.8773298264,80.2106323242,27085,27095,10
12.8766202927,80.2104873657,27095,27104,9
12.8760404587,80.2103881836,27104,27115,11
12.8759803772,80.2103805542,27115,27125,10
12.8758201599,80.210357666,27125,27135,10
12.875459671,80.2102890015,27135,27145,10
12.8747301102,80.2101516724,27145,27165,20
12.8747301102,80.2101516724,27165,27175,10
12.8746500015,80.2101593018,27175,27185,10
12.874420166,80.210067749,27185,27196,11
12.8744001389,80.2097396851,27196,27206,10
12.8747301102,80.2096176147,27206,27216,10
12.8747396469,80.2099609375,27216,27256,40
12.8747396469,80.2099609375,27256,27266,10
12.8747501373,80.2100524902,27266,27276,10
12.8747301102,80.2101364136,27276,27286,10
12.8748397827,80.2102279663,27286,27296,10
12.8751802444,80.2102584839,27296,27307,11
12.8756103516,80.2103424072,27307,27317,10
12.8761396408,80.2104263306,27317,27327,10
12.8768196106,80.2105636597,27327,27337,10
12.8775997162,80.2107009888,27337,27347,10
12.8784999847,80.2108688354,27347,27357,10
12.8792200089,80.2109985352,27357,27387,30
12.8792200089,80.2109985352,27387,27397,10
12.8794603348,80.2111434937,27397,27407,10
12.8794698715,80.2115402222,27407,27418,11
12.8793296814,80.2122802734,27418,27428,10
12.8791704178,80.2130889893,27428,27438,10
12.8789901733,80.2140274048,27438,27448,10
12.8788003922,80.2150421143,27448,27458,10
12.8785600662,80.2161026001,27458,27468,10
12.8783502579,80.2171173096,27468,27478,10
12.8781404495,80.2181625366,27478,27488,10
12.8779201508,80.2191619873,27488,27498,10
12.8777198792,80.2200927734,27498,27508,10
12.8774995804,80.2210388184,27508,27518,10
12.8772497177,80.2220993042,27518,27529,11
12.8769598007,80.2233200073,27529,27539,10
12.8767404556,80.2244186401,27539,27549,10
12.8766098022,80.2255401611,27549,27559,10
12.8764801025,80.2264480591,27559,27569,10
12.8764801025,80.226852417,27569,27579,10
12.8764801025,80.2268676758,27579,27589,10
12.8765201569,80.2269210815,27589,27599,10
12.876830101,80.2269134521,27599,27609,10
12.8774900436,80.2268371582,27609,27619,10
12.8784198761,80.2267837524,27619,27629,10
12.8795204163,80.2267074585,27629,27640,11
12.8807601929,80.2266769409,27640,27650,10
12.8819303513,80.2266769409,27650,27660,10
12.8831300735,80.2266693115,27660,27670,10
12.8842697144,80.2266616821,27670,27680,10
12.885140419,80.2266693115,27680,27690,10
12.8853902817,80.2266769409,27690,27700,10
12.8854503632,80.2266998291,27700,27726,26
12.8870801926,80.2271270752,27726,27738,12
12.8882398605,80.2272720337,27738,27746,8
12.8885097504,80.2272796631,27746,27759,13
12.8888101578,80.2273025513,27759,27769,10
12.8894901276,80.2273025513,27769,27779,10
12.8903999329,80.2273101807,27779,27789,10
12.8914499283,80.2273101807,27789,27799,10
12.8924303055,80.2273483276,27799,27819,20
12.8924303055,80.2273483276,27819,27829,10
12.8927698135,80.2273788452,27829,27839,10
12.8935203552,80.2274627686,27839,27849,10
12.894109726,80.2275085449,27849,27859,10
12.894200325,80.2275238037,27859,27870,11
12.894780159,80.2275619507,27870,27880,10
12.8956203461,80.2276000977,27880,27890,10
12.8966503143,80.2276382446,27890,27900,10
12.8978004456,80.227722168,27900,27910,10
12.8990001678,80.2277832031,27910,27920,10
12.9002895355,80.2278213501,27920,28017,97
12.9002895355,80.2278213501,28017,28029,12
12.9005002975,80.2278518677,28029,28049,20
12.9005002975,80.2278518677,28049,28059,10
12.9007301331,80.2278594971,28059,28069,10
12.9011497498,80.2279205322,28069,28079,10
12.9015798569,80.2279434204,28079,28090,11
12.9024600983,80.2279586792,28090,28120,30
12.9024600983,80.2279586792,28120,28130,10
12.9026498795,80.2279586792,28130,28140,10
12.9031200409,80.2279891968,28140,28150,10
12.9038200378,80.2280426025,28150,28160,10
12.9046602249,80.2280883789,28160,28170,10
12.9053401947,80.2281112671,28170,28180,10
12.905579567,80.2281036377,28180,28190,10
12.9056997299,80.2280807495,28190,28201,11
12.9057502747,80.2280807495,28201,28211,10
12.9059295654,80.2280883789,28211,28221,10
12.9061899185,80.2281265259,28221,28261,40
12.9061899185,80.2281265259,28261,28271,10
12.9063301086,80.2281723022,28271,28281,10
12.9067201614,80.2282104492,28281,28291,10
12.9071998596,80.2282791138,28291,28301,10
12.9075403214,80.2282791138,28301,28311,10
12.907790184,80.2283401489,28311,28322,11
12.9084997177,80.2284622192,28322,28332,10
12.909330368,80.2286071777,28332,28342,10
12.9103403091,80.228767395,28342,28352,10
12.9113702774,80.2289276123,28352,28362,10
12.9123296738,80.229057312,28362,28372,10
12.9133396149,80.2291870117,28372,28382,10
12.9140195847,80.2292709351,28382,28402,20
12.9140195847,80.2292709351,28402,28412,10
12.9144001007,80.2293167114,28412,28423,11
12.915140152,80.2294311523,28423,28433,10
12.9159698486,80.2295684814,28433,28443,10
12.9168195724,80.2296905518,28443,28453,10
12.9176998138,80.2297897339,28453,28463,10
12.918680191,80.2299423218,28463,28473,10
12.9193496704,80.2300186157,28473,28483,10
12.9193696976,80.2300186157,28483,28493,10
12.9194803238,80.2300186157,28493,28503,10
12.920009613,80.2301025391,28503,28513,10
12.9208097458,80.2302093506,28513,28523,10
12.9217596054,80.2303390503,28523,28533,10
12.9227600098,80.2304992676,28533,28544,11
12.9238901138,80.2306594849,28544,28554,10
12.9250297546,80.2308120728,28554,28564,10
12.9260597229,80.2309112549,28564,28574,10
12.9264001846,80.2309494019,28574,28584,10
12.9265499115,80.2309570313,28584,28594,10
12.9271202087,80.2310333252,28594,28604,10
12.9279298782,80.2311172485,28604,28614,10
12.9287700653,80.2312393188,28614,28624,10
12.9296998978,80.2314529419,28624,28634,10
12.9307603836,80.2317276001,28634,28644,10
12.9318504333,80.2320785522,28644,28655,11
12.9329795837,80.2324676514,28655,28665,10
12.9336500168,80.232749939,28665,28685,20
12.9336500168,80.232749939,28685,28695,10
12.9339799881,80.2329025269,28695,28705,10
12.9345998764,80.2331771851,28705,28715,10
12.935379982,80.2335281372,28715,28725,10
12.936249733,80.2339172363,28725,28735,10
12.9372301102,80.2344207764,28735,28745,10
12.9381999969,80.2348937988,28745,28755,10
12.9389801025,80.2352676392,28755,28766,11
12.9395999908,80.2356033325,28766,28776,10
12.9396800995,80.2356414795,28776,28786,10
12.9397602081,80.2356872559,28786,28796,10
12.9401502609,80.2358398438,28796,28806,10
12.9408102036,80.2360305786,28806,28816,10
12.9416303635,80.2362365723,28816,28826,10
12.9426002502,80.236541748,28826,28836,10
12.9434099197,80.2370376587,28836,28846,10
12.9437704086,80.2373733521,28846,28856,10
12.9437799454,80.2373733521,28856,28866,10
12.944029808,80.2376403809,28866,28877,11
12.944560051,80.2382202148,28877,28887,10
12.9451599121,80.238861084,28887,28897,10
12.9459400177,80.2394180298,28897,28907,10
12.9468297958,80.2397766113,28907,28917,10
12.9472904205,80.239982605,28917,28937,20
12.9472904205,80.239982605,28937,28947,10
12.9474201202,80.2400512695,28947,28957,10
12.9479103088,80.2402496338,28957,28967,10
12.9485998154,80.2405395508,28967,28977,10
12.9493398666,80.2408370972,28977,28988,11
12.9502096176,80.2410964966,28988,28998,10
12.9508304596,80.2412719727,28998,29008,10
12.9511203766,80.2413635254,29008,29018,10
12.951259613,80.2414016724,29018,29028,10
12.9517402649,80.2415924072,29028,29038,10
12.9523296356,80.2418289185,29038,29048,10
12.953040123,80.2420883179,29048,29058,10
12.9534101486,80.2422332764,29058,29068,10
12.9538898468,80.2424316406,29068,29078,10
12.9545202255,80.2426681519,29078,29088,10
12.9552698135,80.2429504395,29088,29098,10
12.9559602737,80.2432098389,29098,29109,11
12.9563999176,80.2433624268,29109,29119,10
12.956489563,80.2433929443,29119,29129,10
12.9569301605,80.243598938,29129,29139,10
12.9575996399,80.2439193726,29139,29149,10
12.9583797455,80.2442474365,29149,29159,10
12.9587202072,80.2443618774,29159,29169,10
12.9588403702,80.244430542,29169,29179,10
12.9589796066,80.2445526123,29179,29189,10
12.9594402313,80.244758606,29189,29199,10
12.9600696564,80.2450408936,29199,29209,10
12.9608602524,80.2453765869,29209,29220,11
12.9618301392,80.24584198,29220,29230,10
12.9625797272,80.2462005615,29230,29240,10
12.9629802704,80.2463989258,29240,29250,10
12.9633197784,80.2465820313,29250,29260,10
12.963760376,80.2468032837,29260,29270,10
12.9643297195,80.2470092773,29270,29280,10
12.9650602341,80.2472686768,29280,29290,10
12.9658403397,80.2475204468,29290,29300,10
12.9663295746,80.247718811,29300,29331,31
12.9663295746,80.247718811,29331,29341,10
12.9666404724,80.2478790283,29341,29351,10
12.9668998718,80.2480316162,29351,29361,10
12.9673404694,80.248260498,29361,29371,10
12.9681301117,80.2485580444,29371,29381,10
12.9690198898,80.2489013672,29381,29391,10
12.9700098038,80.2492828369,29391,29401,10
12.9710597992,80.249671936,29401,29411,10
12.9721698761,80.249961853,29411,29421,10
12.9731998444,80.2502212524,29421,29431,10
12.974360466,80.25050354,29431,29452,21
12.974360466,80.25050354,29452,29462,10
12.9744997025,80.2505264282,29462,29472,10
12.9750299454,80.2507019043,29472,29482,10
12.9757995605,80.2509307861,29482,29492,10
12.9766597748,80.2511825562,29492,29502,10
12.9775600433,80.2515716553,29502,29512,10
12.9782896042,80.2521972656,29512,29522,10
12.978969574,80.2525405884,29522,29538,16
12.9798498154,80.2525405884,29538,29561,23
12.9798498154,80.2525405884,29561,29570,9
12.9799804688,80.2523574829,29570,29581,11
12.9800796509,80.2518920898,29581,29591,10
12.9802799225,80.2512512207,29591,29601,10
12.980509758,80.2503890991,29601,29611,10
12.9807195663,80.249382019,29611,29621,10
12.980799675,80.2483825684,29621,29631,10
12.9808797836,80.2473220825,29631,29641,10
12.9809799194,80.2461776733,29641,29651,10
12.9811000824,80.2451400757,29651,29661,10
12.9811697006,80.2444992065,29661,29742,81
12.9812097549,80.244102478,29742,29772,30
12.9812097549,80.244102478,29772,29783,11
12.9812297821,80.2438964844,29783,29813,30
12.9812297821,80.2438964844,29813,29823,10
12.9813699722,80.2433319092,29823,29843,20
12.9813699722,80.2433319092,29843,29853,10
12.9813699722,80.2431488037,29853,29863,10
12.9813804626,80.2428665161,29863,29873,10
12.9813804626,80.2428283691,29873,29883,10
12.9813995361,80.2425537109,29883,29894,11
12.9813804626,80.2419967651,29894,29904,10
12.9813804626,80.2414703369,29904,29914,10
12.9813804626,80.2407302856,29914,29924,10
12.9813604355,80.2399368286,29924,29934,10
12.9813499451,80.2395782471,29934,29944,10
12.9813299179,80.2390823364,29944,29954,10
12.9813098907,80.2383422852,29954,29964,10
12.981300354,80.2379989624,29964,29974,10
12.981300354,80.2379608154,29974,29984,10
12.9812803268,80.2375411987,29984,29994,10
12.9812602997,80.236831665,29994,30005,11
12.9812402725,80.2359237671,30005,30015,10
12.9812097549,80.2351226807,30015,30025,10
12.9812002182,80.2344970703,30025,30035,10
12.9812498093,80.2342605591,30035,30045,10
12.9814395905,80.2338027954,30045,30114,69
12.9814395905,80.2338027954,30114,30124,10
12.9816598892,80.2333221436,30124,30144,20
12.9816598892,80.2333221436,30144,30153,9
12.9817800522,80.2330703735,30153,30164,11
12.9820203781,80.2323303223,30164,30184,20
12.9820203781,80.2323303223,30184,30194,10
12.9820098877,80.2321624756,30194,30204,10
12.982000351,80.2317199707,30204,30214,10
12.9819097519,80.2311706543,30214,30224,10
12.9816598892,80.2305908203,30224,30234,10
12.9812402725,80.2298965454,30234,30245,11
12.9808597565,80.2293167114,30245,30255,10
12.980629921,80.2289733887,30255,30265,10
12.9806203842,80.2289428711,30265,30275,10
12.9805698395,80.2288589478,30275,30285,10
12.9803600311,80.228477478,30285,30295,10
12.9801597595,80.2280578613,30295,30305,10
12.9798002243,80.2274780273,30305,30315,10
12.9794101715,80.226852417,30315,30325,10
12.9790201187,80.2261962891,30325,30335,10
12.9785604477,80.2254562378,30335,30346,11
12.9781999588,80.224861145,30346,30356,10
12.9778995514,80.2244720459,30356,30366,10
12.9777603149,80.2242889404,30366,30376,10
12.9776802063,80.2241287231,30376,30386,10
12.9774398804,80.2237091064,30386,30396,10
12.9769601822,80.2228622437,30396,30416,20
12.9769601822,80.2228622437,30416,30426,10
12.977230072,80.2227020264,30426,30446,20
12.977230072,80.2227020264,30446,30457,11
12.9775104523,80.2226486206,30457,30467,10
12.9775295258,80.2222595215,30467,30477,10
12.977519989,80.2218017578,30477,30487,10
12.9774999619,80.2215194702,30487,30497,10
12.9774999619,80.2212600708,30497,30507,10
12.9778795242,80.2211990356,30507,30517,10
12.9784803391,80.2211380005,30517,30527,10
12.9791698456,80.2210922241,30527,30537,10
12.9799203873,80.2210617065,30537,30547,10
12.9806804657,80.2210006714,30547,30557,10
12.9813604355,80.2211685181,30557,30568,11
12.9820203781,80.2216186523,30568,30578,10
12.9824199677,80.2218017578,30578,30588,10
12.9827804565,80.2219161987,30588,30608,20
12.9827804565,80.2219161987,30608,30618,10
12.9829502106,80.2219619751,30618,30628,10
12.9832296371,80.2221374512,30628,30638,10
12.9836597443,80.222442627,30638,30648,10
12.9841403961,80.2227172852,30648,30658,10
12.9847002029,80.2230911255,30658,30668,10
12.9851198196,80.2232818604,30668,30679,11
12.9855699539,80.2231826782,30679,30689,10
12.9861297607,80.2229919434,30689,30699,10
12.9863901138,80.2229690552,30699,30709,10
12.9864597321,80.2229614258,30709,30719,10
12.9868602753,80.2229995728,30719,30729,10
12.9872398376,80.2230834961,30729,30739,10
12.9877796173,80.2230606079,30739,30749,10
12.9883203506,80.2226486206,30749,30759,10
12.9888601303,80.2221374512,30759,30769,10
12.9893903732,80.2215118408,30769,30779,10
12.9898996353,80.2209014893,30779,30790,11
12.9903697968,80.2204437256,30790,30810,20
12.9903697968,80.2204437256,30810,30820,10
12.9905195236,80.2203369141,30820,30830,10
12.9908800125,80.2200469971,30830,30840,10
12.9913396835,80.2196807861,30840,30850,10
12.9919099808,80.2192611694,30850,30860,10
12.9925804138,80.218788147,30860,30870,10
12.9932098389,80.2182998657,30870,30880,10
12.9935598373,80.2180404663,30880,30890,10
12.9937496185,80.2179031372,30890,30901,11
12.9941301346,80.2176437378,30901,30921,20
12.9941301346,80.2176437378,30921,30931,10
12.9943704605,80.2174377441,30931,30941,10
12.9945602417,80.2173080444,30941,30951,10
12.9947795868,80.2171707153,30951,30961,10
12.9950399399,80.2169876099,30961,30971,10
12.9953298569,80.2168121338,30971,30981,10
12.9956102371,80.2166976929,30981,30991,10
12.9960298538,80.216583252,30991,31001,10
12.9964799881,80.216506958,31001,31012,11
12.9970302582,80.216468811,31012,31022,10
12.9975299835,80.2161178589,31022,31052,30
12.9975299835,80.2161178589,31052,31062,10
12.9977798462,80.2159118652,31062,31072,10
12.9981603622,80.2155609131,31072,31082,10
12.9986400604,80.2151412964,31082,31092,10
12.9989995956,80.21484375,31092,31102,10
12.9992198944,80.2146606445,31102,31119,17
12.9998903275,80.2140884399,31119,31132,13
13.0004701614,80.2135772705,31132,31142,10
13.0009698868,80.213142395,31142,31152,10
13.0014400482,80.2127990723,31152,31162,10
13.0019702911,80.2124099731,31162,31172,10
13.0024795532,80.2121200562,31172,31182,10
13.0028095245,80.2120666504,31182,31192,10
13.0032300949,80.212059021,31192,31201,9
13.003370285,80.212059021,31201,31212,11
13.003660202,80.2119522095,31212,31234,22
13.003660202,80.2119522095,31234,31244,10
13.0037202835,80.2117462158,31244,31254,10
13.0037097931,80.2113876343,31254,31264,10
13.0036802292,80.2108764648,31264,31274,10
13.0036096573,80.2103424072,31274,31284,10
13.0035400391,80.209777832,31284,31294,10
13.0036096573,80.2092132568,31294,31304,10
13.0037899017,80.2086715698,31304,31314,10
13.0044002533,80.2087783813,31314,31324,10
13.005109787,80.2090988159,31324,31334,10
13.0057497025,80.2093811035,31334,31344,10
13.0064697266,80.2096099854,31344,31395,51
13.0064697266,80.2096099854,31395,31405,10
13.0066204071,80.2097015381,31405,31425,20
13.0066204071,80.2097015381,31425,31435,10
13.0068397522,80.2097930908,31435,31445,10
13.0071401596,80.2098388672,31445,31455,10
13.0075798035,80.2099075317,31455,31466,11
13.0080299377,80.2099761963,31466,31476,10
13.0081796646,80.209777832,31476,31486,10
13.0080604553,80.2091674805,31486,31496,10
13.0079298019,80.2083435059,31496,31506,10
13.0077800751,80.2073822021,31506,31516,10
13.0076398849,80.2064971924,31516,31526,10
13.0075502396,80.205619812,31526,31536,10
13.0075397491,80.2047576904,31536,31546,10
13.007519722,80.2039413452,31546,31556,10
13.0073604584,80.2031173706,31556,31566,10
13.0068998337,80.2025375366,31566,31577,11
13.0065803528,80.2031173706,31577,31587,10
13.0071496964,80.2035369873,31587,31597,10
13.0078802109,80.2037200928,31597,31607,10
13.0087003708,80.2036972046,31607,31617,10
13.00963974,80.2036437988,31617,31627,10
13.0106897354,80.2036437988,31627,31637,10
13.0117797852,80.2037506104,31637,31647,10
13.0126399994,80.2039108276,31647,31657,10
13.0133399963,80.2041168213,31657,31667,10
13.0135402679,80.2042007446,31667,31677,10
13.0136203766,80.2045822144,31677,31698,21
13.0136203766,80.2045822144,31698,31708,10
13.0135297775,80.2048187256,31708,31718,10
13.0133304596,80.2054595947,31718,31728,10
13.0130796432,80.2063980103,31728,31738,10
13.012960434,80.2073822021,31738,31748,10
13.0128803253,80.2078704834,31748,31758,10
13.0128602982,80.2083206177,31758,31768,10
13.0128498077,80.208366394,31768,31778,10
13.0128602982,80.2086715698,31778,31788,10
13.0129203796,80.209197998,31788,31799,11
13.0131597519,80.2097396851,31799,31809,10
13.0131502151,80.2102813721,31809,31819,10
13.0129899979,80.2109603882,31819,31829,10
13.0126199722,80.2116775513,31829,31839,10
13.0122203827,80.2123184204,31839,31855,16
13.0118198395,80.2127838135,31855,31867,12
13.0114002228,80.2124862671,31867,31875,8
13.010890007,80.2121276855,31875,32059,184
13.010890007,80.2121276855,32059,32069,10
13.010720253,80.2119903564,32069,32079,10
13.0104799271,80.211807251,32079,32089,10
13.0102796555,80.2116699219,32089,32099,10
13.010140419,80.2115707397,32099,32160,61
13.010140419,80.2115707397,32160,32170,10
13.0098495483,80.2113571167,32170,33159,989
13.009519577,80.2111816406,33159,33249,90
13.009519577,80.2111816406,33249,33259,10
13.009180069,80.2113265991,33259,33300,41
13.009180069,80.2113265991,33300,33310,10
13.009059906,80.2116012573,33310,33320,10
13.0091199875,80.2118835449,33320,33330,10
13.0092000961,80.2121429443,33330,33340,10
13.0092802048,80.2124404907,33340,33350,10
13.009469986,80.2129364014,33350,33360,10
13.0096702576,80.2134399414,33360,33370,10
13.0099000931,80.2139968872,33370,33380,10
13.010140419,80.2146224976,33380,33391,11
13.0102396011,80.2153015137,33391,33401,10
13.0103998184,80.2159500122,33401,33411,10
13.0107097626,80.2166366577,33411,33421,10
13.0110702515,80.2174301147,33421,33431,10
13.0114002228,80.2182998657,33431,33441,10
13.011759758,80.2193374634,33441,33451,10
13.0120697021,80.2203369141,33451,33460,9
13.012339592,80.2211227417,33460,33470,10
13.0125303268,80.2216873169,33470,33481,11
13.0128602982,80.2222671509,33481,33491,10
13.0133600235,80.2227478027,33491,33502,11
13.0139198303,80.2233276367,33502,33512,10
13.0141897202,80.2237014771,33512,33522,10
13.0144195557,80.2240829468,33522,33532,10
13.0149402618,80.2245864868,33532,33542,10
13.0154304504,80.2251586914,33542,33552,10
13.0153799057,80.2257537842,33552,33562,10
13.0148496628,80.225982666,33562,33572,10
13.0142402649,80.2261962891,33572,33582,10
13.0135202408,80.2264709473,33582,33592,10
13.0128602982,80.2267074585,33592,33602,10
13.0122003555,80.2269668579,33602,33619,17
13.0108804703,80.2274780273,33619,33631,12
13.0099897385,80.2278518677,33631,33641,10
13.0095596313,80.2277603149,33641,33651,10
13.0096597672,80.2272415161,33651,33661,10
13.0099000931,80.2266998291,33661,33671,10
13.010219574,80.2259902954,33671,33681,10
13.0105199814,80.2252731323,33681,33691,10
13.0107498169,80.2247009277,33691,33701,10
13.0109300613,80.2242584229,33701,33711,10
13.0110702515,80.2239227295,33711,33723,12
13.011300087,80.2233810425,33723,33733,10
13.0111103058,80.2230529785,33733,33743,10
13.0106601715,80.2228775024,33743,33753,10
13.0106201172,80.2228775024,33753,33763,10
13.0103597641,80.2227325439,33763,33773,10
13.0098896027,80.222442627,33773,33783,10
13.0093202591,80.2221221924,33783,33793,10
13.0086898804,80.2217788696,33793,33803,10
13.0079698563,80.2213973999,33803,33813,10
13.0072402954,80.220993042,33813,33823,10
13.0065402985,80.2206802368,33823,33833,10
13.0057201385,80.2204818726,33833,33844,11
13.0048799515,80.2202911377,33844,33854,10
13.0042495728,80.2201385498,33854,33864,10
13.003660202,80.2200012207,33864,33874,10
13.002989769,80.2198028564,33874,33884,10
13.0023403168,80.2193374634,33884,33894,10
13.0019197464,80.2188720703,33894,33904,10
13.0014400482,80.2183990479,33904,33914,10
13.00096035,80.2180786133,33914,33924,10
13.0003795624,80.2177276611,33924,33934,10
12.9997396469,80.217338562,33934,33944,10
12.99903965,80.2169723511,33944,33955,11
12.9981803894,80.2166213989,33955,33965,10
12.9977798462,80.2165527344,33965,33985,20
12.9977798462,80.2165527344,33985,33995,10
12.9974803925,80.2165298462,33995,34005,10
12.9973201752,80.2165222168,34005,34015,10
12.9970798492,80.2165222168,34015,34025,10
12.9966497421,80.2165374756,34025,34035,10
12.9960899353,80.2166213989,34035,34045,10
12.9954004288,80.2168502808,34045,34055,10
12.9948701859,80.2171936035,34055,34066,11
12.9942798615,80.2176132202,34066,34076,10
12.9937696457,80.2179794312,34076,34085,9
12.9933099747,80.2182922363,34085,34096,11
12.9929504395,80.218536377,34096,34106,10
12.9924402237,80.2189407349,34106,34116,10
12.9918403625,80.2193984985,34116,34126,10
12.9912595749,80.2198181152,34126,34136,10
12.990940094,80.2200622559,34136,34146,10
12.9909296036,80.2200622559,34146,34156,10
12.9906997681,80.2202377319,34156,34166,10
12.9903001785,80.2205810547,34166,34177,11
12.9898099899,80.2211074829,34177,34187,10
12.9893903732,80.2216720581,34187,34198,11
12.9888496399,80.2222824097,34198,34208,10
12.9882898331,80.2227630615,34208,34218,10
12.9877996445,80.2230606079,34218,34228,10
12.9877500534,80.2230834961,34228,34238,10
12.9875402451,80.2230834961,34238,34248,10
12.9872198105,80.2230606079,34248,34258,10
12.9868202209,80.2229766846,34258,34268,10
12.9863300323,80.2229614258,34268,34278,10
12.9856796265,80.2230911255,34278,34289,11
12.9852399826,80.2232513428,34289,34299,10
12.9847002029,80.2230300903,34299,34309,10
12.9842195511,80.2227478027,34309,34319,10
12.9837999344,80.2225112915,34319,34329,10
12.9833097458,80.2221908569,34329,34369,40
12.9833097458,80.2221908569,34369,34379,10
12.9830102921,80.2219772339,34379,34389,10
12.9827804565,80.221862793,34389,34399,10
12.9823799133,80.2217636108,34399,34410,11
12.9819898605,80.2215194702,34410,34420,10
12.9815101624,80.221206665,34420,34430,10
12.9809303284,80.2210388184,34430,34440,10
12.9803695679,80.2210617065,34440,34450,10
12.9796895981,80.2210998535,34450,34460,10
12.9788999557,80.2211380005,34460,34470,10
12.9781999588,80.2211837769,34470,34480,10
12.9776601791,80.221206665,34480,34490,10
12.9772596359,80.2212371826,34490,34500,10
12.9766302109,80.2212371826,34500,34510,10
12.9761695862,80.2213592529,34510,34521,11
12.9764003754,80.2218093872,34521,34581,60
12.9764003754,80.2218093872,34581,34591,10
12.9764499664,80.2222137451,34591,34601,10
12.9767103195,80.2225875854,34601,34611,10
12.9771099091,80.2231826782,34611,34621,10
12.9775800705,80.2238998413,34621,34632,11
12.9780397415,80.2245635986,34632,34642,10
12.9783401489,80.2250595093,34642,34652,10
12.9786300659,80.2255477905,34652,34662,10
12.9790296555,80.2261810303,34662,34672,10
12.9793796539,80.2267837524,34672,34682,10
12.9796495438,80.2272033691,34682,34692,10
12.9799499512,80.2276611328,34692,34702,10
12.9802799225,80.2282333374,34702,34712,10
12.9806699753,80.2288894653,34712,34722,10
12.9809799194,80.2294006348,34722,34732,10
12.9813404083,80.2299804688,34732,34743,11
12.9816999435,80.2305221558,34743,34753,10
12.981710434,80.2305297852,34753,34763,10
12.9818696976,80.2308807373,34763,34773,10
12.9819898605,80.2313919067,34773,34783,10
12.9820299149,80.2317428589,34783,34803,20
12.9820299149,80.2317428589,34803,34813,10
12.9820699692,80.2319030762,34813,34823,10
12.9820995331,80.2321472168,34823,34854,31
12.9820995331,80.2321472168,34854,34864,10
12.9820804596,80.2323989868,34864,34874,10
12.982000351,80.2327575684,34874,34884,10
12.9819002151,80.2329788208,34884,34894,10
12.9818096161,80.2332229614,34894,34904,10
12.9817695618,80.2332992554,34904,34914,10
12.9816799164,80.2334823608,34914,34924,10
12.9816398621,80.233543396,34924,34934,10
12.9814796448,80.23387146,34934,34944,10
12.9812698364,80.2344512939,34944,34954,10
12.9812402725,80.2351226807,34954,34964,10
12.9812698364,80.236038208,34964,34975,11
12.981300354,80.2370223999,34975,34985,10
12.981300354,80.2377166748,34985,34995,10
12.9813203812,80.2380828857,34995,35005,10
12.9813299179,80.2385406494,35005,35015,10
12.9813404083,80.2386703491,35015,35025,10
12.9813404083,80.2387924194,35025,35035,10
12.9813404083,80.2391967773,35035,35045,10
12.9813404083,80.2395172119,35045,35055,10
12.9813604355,80.2399673462,35055,35065,10
12.9813499451,80.2405776978,35065,35075,10
12.9813604355,80.2412490845,35075,35086,11
12.9813699722,80.2417373657,35086,35096,10
12.9813899994,80.2422332764,35096,35146,50
12.9813899994,80.2422332764,35146,35156,10
12.9814395905,80.2425537109,35156,35166,10
12.9814300537,80.2427825928,35166,35176,10
12.9814300537,80.2428970337,35176,35186,10
12.9814195633,80.2432785034,35186,35197,11
12.9813604355,80.2439422607,35197,35207,10
12.9812402725,80.2447967529,35207,35217,10
12.9811201096,80.2457275391,35217,35227,10
12.981010437,80.2468032837,35227,35237,10
12.9808998108,80.2479324341,35237,35247,10
12.9808101654,80.2490615845,35247,35257,10
12.9806804657,80.2499923706,35257,35267,10
12.9804201126,80.2509613037,35267,35277,10
12.9801998138,80.2518081665,35277,35287,10
12.9800300598,80.2524185181,35287,35339,52
12.9800300598,80.2524185181,35339,35349,10
12.9799699783,80.2526779175,35349,35359,10
12.979640007,80.2527618408,35359,35369,10
12.9791002274,80.2527008057,35369,35379,10
12.9790401459,80.2526931763,35379,35389,10
12.9786996841,80.2525787354,35389,35399,10
12.9781198502,80.2522201538,35399,35409,10
12.977399826,80.2516098022,35409,35420,11
12.9762601852,80.251159668,35420,35430,10
12.9751796722,80.2508392334,35430,35440,10
12.9743900299,80.2506332397,35440,35450,10
12.9740400314,80.2505187988,35450,35460,10
12.9735803604,80.2503890991,35460,35470,10
12.9729404449,80.2502365112,35470,35480,10
12.9727802277,80.2501831055,35480,35490,10
12.9727201462,80.2501602173,35490,35500,10
12.9722700119,80.2500305176,35500,35510,10
12.9715795517,80.2498626709,35510,35520,10
12.9709701538,80.249671936,35520,35530,10
12.9702596664,80.2494277954,35530,35541,11
12.9692802429,80.2490463257,35541,35551,10
12.9683303833,80.2486572266,35551,35561,10
12.9673900604,80.2482681274,35561,35571,10
12.966629982,80.2479095459,35571,35581,10
12.966050148,80.2476577759,35581,35591,10
12.9652996063,80.2474136353,35591,35611,20
12.9652996063,80.2474136353,35611,35621,10
12.9648103714,80.2472610474,35621,35682,61
12.9648103714,80.2472610474,35682,35692,10
12.9647502899,80.247253418,35692,35702,10
12.9645595551,80.247177124,35702,35712,10
12.9644403458,80.2471237183,35712,35722,10
12.9643697739,80.2471008301,35722,35732,10
12.9641704559,80.2470092773,35732,35752,20
12.9641704559,80.2470092773,35752,35763,11
12.9639501572,80.2469024658,35763,35773,10
12.9637002945,80.2468032837,35773,35813,40
12.9637002945,80.2468032837,35813,35823,10
12.9633598328,80.2466201782,35823,35833,10
12.9626903534,80.2462921143,35833,35843,10
12.9618301392,80.245880127,35843,35853,10
12.9608602524,80.2454223633,35853,35863,10
12.9598999023,80.2450027466,35863,35874,11
12.9594802856,80.2448425293,35874,35884,10
12.9593696594,80.2448272705,35884,35894,10
12.958990097,80.2446365356,35894,35904,10
12.9582901001,80.2443389893,35904,35914,10
12.9576196671,80.2440719604,35914,35924,10
12.9568300247,80.2438201904,35924,35934,10
12.9562702179,80.243598938,35934,35944,10
12.9556598663,80.2432937622,35944,35954,10
12.9548597336,80.2428970337,35954,35964,10
12.9539804459,80.2425231934,35964,35974,10
12.9531097412,80.2421722412,35974,35984,10
12.9520902634,80.2417831421,35984,35995,11
12.9517202377,80.2416687012,35995,36005,10
12.9516000748,80.2416000366,36005,36015,10
12.9512796402,80.2414627075,36015,36025,10
12.9506597519,80.2412490845,36025,36035,10
12.9500598907,80.2410736084,36035,36045,10
12.9493398666,80.2408676147,36045,36055,10
12.9486303329,80.2406005859,36055,36065,10
12.9479198456,80.2403182983,36065,36075,10
12.9474401474,80.2401275635,36075,36085,10
12.9473695755,80.2400970459,36085,36095,10
12.9472198486,80.240020752,36095,36106,11
12.9467496872,80.2398376465,36106,36116,10
12.9460201263,80.2395172119,36116,36126,10
12.9452104568,80.2390518188,36126,36136,10
12.9444503784,80.2382888794,36136,36146,10
12.9437799454,80.2375869751,36146,36156,10
12.9433498383,80.2371826172,36156,36166,10
12.94328022,80.2370986938,36166,36176,10
12.9428501129,80.2367401123,36176,36186,10
12.9420795441,80.2364120483,36186,36196,10
12.9411401749,80.2361526489,36196,36206,10
12.940199852,80.2359237671,36206,36217,11
12.9398002625,80.2357788086,36217,36227,10
12.9396696091,80.235710144,36227,36237,10
12.9391202927,80.2354278564,36237,36247,10
12.9383296967,80.2350311279,36247,36257,10
12.9374599457,80.2345962524,36257,36267,10
12.93653965,80.234161377,36267,36277,10
12.9356002808,80.2337112427,36277,36287,10
12.9346399307,80.2332763672,36287,36297,10
12.9342002869,80.2331085205,36297,36307,10
12.9339103699,80.232963562,36307,36317,10
12.933839798,80.2329177856,36317,36327,10
12.9333496094,80.2326889038,36327,36338,11
12.9324903488,80.2323379517,36338,36348,10
12.931520462,80.2320327759,36348,36358,10
12.9305095673,80.2317276001,36358,36368,10
12.9296197891,80.2314987183,36368,36377,9
12.9291095734,80.2314071655,36377,36388,11
12.9290704727,80.2314071655,36388,36398,10
12.9288902283,80.2313766479,36398,36408,10
12.9282798767,80.231262207,36408,36418,10
12.9273700714,80.2311401367,36418,36428,10
12.9264497757,80.2310333252,36428,36438,10
12.9260702133,80.231010437,36438,36449,11
12.9259004593,80.2309799194,36449,36459,10
12.925330162,80.2309036255,36459,36469,10
12.9245004654,80.230796814,36469,36479,10
12.9235296249,80.230682373,36479,36489,10
12.9225702286,80.2305297852,36489,36499,10
12.9213199615,80.2303466797,36499,36509,10
12.9201803207,80.2302093506,36509,36519,10
12.9193496704,80.2301177979,36519,36529,10
12.9192495346,80.2301101685,36529,36539,10
12.9188203812,80.2300415039,36539,36549,10
12.9180498123,80.229927063,36549,36560,11
12.9171104431,80.2297897339,36560,36570,10
12.9161996841,80.2296524048,36570,36580,10
12.9151000977,80.2294921875,36580,36590,10
12.9140996933,80.2293624878,36590,36600,10
12.9134902954,80.229309082,36600,36610,10
12.9133901596,80.2293014526,36610,36620,10
12.9129600525,80.2292098999,36620,36630,10
12.9122896194,80.2291030884,36630,36640,10
12.9114904404,80.2289962769,36640,36650,10
12.9105596542,80.2288665771,36650,36660,10
12.9095602036,80.2286987305,36660,36670,10
12.9085302353,80.2285079956,36670,36681,11
12.9074602127,80.2283706665,36681,36691,10
12.9067497253,80.2283096313,36691,36872,181
12.9067497253,80.2283096313,36872,36882,10
12.9065504074,80.2282409668,36882,36892,10
12.9060401917,80.2281799316,36892,36903,11
12.9052600861,80.2281417847,36903,36913,10
12.9043798447,80.2281112671,36913,36923,10
12.9034900665,80.2280883789,36923,36933,10
12.9026203156,80.2280578613,36933,37044,111
12.9026203156,80.2280578613,37044,37054,10
12.902589798,80.2280273438,37054,37064,10
12.9023599625,80.2280197144,37064,37074,10
12.9020996094,80.228012085,37074,37084,10
12.9017601013,80.2279815674,37084,37094,10
12.9013004303,80.2279510498,37094,37104,10
12.9009799957,80.2279434204,37104,37114,10
12.900759697,80.227897644,37114,37124,10
12.9004602432,80.2278671265,37124,37135,11
12.8999700546,80.2278823853,37135,37145,10
12.8994903564,80.2278823853,37145,37155,10
12.899140358,80.2278671265,37155,37165,10
12.8991298676,80.2278671265,37165,37175,10
12.8989896774,80.2278366089,37175,37185,10
12.8984298706,80.2278137207,37185,37195,10
12.8976898193,80.2277832031,37195,37205,10
12.8968095779,80.227722168,37205,37215,10
12.8958396912,80.2276763916,37215,37225,10
12.8948202133,80.2276382446,37225,37235,10
12.8937597275,80.2275695801,37235,37245,10
12.892950058,80.2274780273,37245,37256,11
12.8924703598,80.2274169922,37256,37266,10
12.8917398453,80.2273864746,37266,37276,10
12.8908700943,80.2273788452,37276,37286,10
12.8899898529,80.2273788452,37286,37296,10
12.8892803192,80.2273788452,37296,37306,10
12.8885402679,80.2273788452,37306,37316,10
12.8882198334,80.2273635864,37316,37326,10
12.8876199722,80.2272796631,37326,37336,10
12.8867998123,80.227142334,37336,37346,10
12.8860301971,80.2269515991,37346,37357,11
12.8855304718,80.2268371582,37357,37367,10
12.8854904175,80.2268371582,37367,37377,10
12.8853702545,80.2268066406,37377,37387,10
12.8851003647,80.2267684937,37387,37397,10
12.8844995499,80.2267303467,37397,37413,16
12.883190155,80.2267227173,37413,37425,12
12.8821601868,80.2267227173,37425,37433,8
12.8812904358,80.2267227173,37433,37445,12
12.879940033,80.2267303467,37445,37455,10
12.8788795471,80.2267608643,37455,37465,10
12.8779497147,80.2268218994,37465,37476,11
12.8770599365,80.226890564,37476,37486,10
12.8765602112,80.2269134521,37486,37496,10
12.8764095306,80.2266998291,37496,37506,10
12.8764200211,80.2265396118,37506,37516,10
12.8764400482,80.2263717651,37516,37526,10
12.8765296936,80.2257919312,37526,37535,9
12.8766002655,80.2250595093,37535,37546,11
12.8767204285,80.2240905762,37546,37556,10
12.8769798279,80.2229385376,37556,37566,10
12.8772602081,80.2217407227,37566,37576,10
12.8775596619,80.2204666138,37576,37587,11
12.877869606,80.2191162109,37587,37597,10
12.8781404495,80.2178497314,37597,37607,10
12.8784103394,80.2165527344,37607,37617,10
12.8786802292,80.2152786255,37617,37626,9
12.8788995743,80.2141418457,37626,37637,11
12.8791799545,80.2127304077,37637,37647,10
12.87940979,80.2115097046,37647,37657,10
12.879240036,80.2109222412,37657,37667,10
12.8791303635,80.2109069824,37667,37677,10
12.8788995743,80.2108688354,37677,37687,10
12.8784303665,80.2108001709,37687,37697,10
12.8778896332,80.2107009888,37697,37708,11
12.8775701523,80.2106628418,37708,37718,10
12.8773698807,80.210609436,37718,37728,10
12.8767795563,80.2104873657,37728,37738,10
12.8760900497,80.2103805542,37738,37748,10
12.8753595352,80.2102508545,37748,37758,10
12.8747196198,80.2101364136,37758,37768,10
12.8744497299,80.2100982666,37768,37778,10
12.8743801117,80.2099761963,37778,37788,10
12.8745098114,80.2095794678,37788,37798,10
12.8747997284,80.2096786499,37798,37808,10
12.874710083,80.2098770142,37808,38162,354
12.874710083,80.2098770142,38162,38172,10
12.8747196198,80.2101364136,38172,38182,10
12.8750600815,80.2101898193,38182,38192,10
12.8755598068,80.2102890015,38192,38202,10
12.8763198853,80.2104263306,38202,38212,10
12.877120018,80.2105865479,38212,38222,10
12.8780097961,80.2107620239,38222,38232,10
12.8792104721,80.2109832764,38232,38262,30
12.8792104721,80.2109832764,38262,38273,11
12.8795003891,80.2111968994,38273,38283,10
12.87940979,80.2117385864,38283,38293,10
12.8792495728,80.212562561,38293,38303,10
12.8790597916,80.2135620117,38303,38313,10
12.8788604736,80.2145996094,38313,38323,10
12.8786401749,80.215637207,38323,38333,10
12.8784198761,80.2166290283,38333,38343,10
12.8782300949,80.2175827026,38343,38353,10
12.8780202866,80.2185821533,38353,38363,10
12.8777799606,80.2195968628,38363,38373,10
12.8775396347,80.2206573486,38373,38384,11
12.8772497177,80.2218780518,38384,38394,10
12.8769798279,80.2230377197,38394,38404,10
12.8767299652,80.2241897583,38404,38414,10
12.8765897751,80.2253265381,38414,38424,10
12.8764400482,80.2267379761,38424,38452,28
12.8764400482,80.2267379761,38452,38462,10
12.8764600754,80.2268676758,38462,38470,8
12.8766498566,80.2268829346,38470,38482,12
12.8773403168,80.2268218994,38482,38492,10
12.8782196045,80.2267532349,38492,38503,11
12.8793802261,80.2266769409,38503,38512,9
12.8803901672,80.2266616821,38512,38524,12
12.8817996979,80.2266464233,38524,38534,10
12.8829803467,80.2266387939,38534,38544,10
12.8840799332,80.2266311646,38544,38554,10
12.8852901459,80.2266387939,38554,38574,20
12.8852901459,80.2266387939,38574,38584,10
12.8853797913,80.2266616821,38584,38594,10
12.8858604431,80.2267608643,38594,38604,10
12.8866100311,80.2269668579,38604,38615,11
12.8876399994,80.2271728516,38615,38625,10
12.8885202408,80.2272415161,38625,38635,10
12.8886003494,80.2272491455,38635,38645,10
12.8889799118,80.2272567749,38645,38655,10
12.8896799088,80.2272567749,38655,38665,10
12.8905496597,80.2272796631,38665,38675,10
12.8915395737,80.2272796631,38675,38685,10
12.8925304413,80.2273178101,38685,38695,10
12.8935604095,80.2274398804,38695,38705,10
12.8940296173,80.2274780273,38705,38715,10
12.8940401077,80.2274780273,38715,38726,11
12.8941898346,80.2275085449,38726,38736,10
12.8947200775,80.2275390625,38736,38746,10
12.8954801559,80.2275695801,38746,38756,10
12.8964004517,80.2276077271,38756,38766,10
12.8974199295,80.2276687622,38766,38776,10
12.8984899521,80.2277297974,38776,38786,10
12.899479866,80.2277908325,38786,38796,10
12.9005203247,80.2278518677,38796,38883,87
12.9005203247,80.2278518677,38883,38895,12
12.9006099701,80.2278366089,38895,38903,8
12.9008798599,80.2278594971,38903,38915,12
12.9014196396,80.227897644,38915,38925,10
12.9021396637,80.2279281616,38925,38935,10
12.9027996063,80.2279510498,38935,38956,21
12.9027996063,80.2279510498,38956,38966,10
12.9031600952,80.2279205322,38966,38976,10
12.9037303925,80.2279815674,38976,38986,10
12.9043703079,80.2280426025,38986,38996,10
12.9051198959,80.2280883789,38996,39006,10
12.9055204391,80.2281265259,39006,39016,10
12.9055404663,80.2281417847,39016,39026,10
12.9055995941,80.2282028198,39026,39036,10
12.905790329,80.2282028198,39036,39046,10
12.9061002731,80.2281799316,39046,39056,10
12.9064598083,80.2281799316,39056,39066,10
12.9069299698,80.2282104492,39066,39077,11
12.9070196152,80.2282180786,39077,39087,10
12.9072599411,80.2282409668,39087,39097,10
12.9077796936,80.2283477783,39097,39107,10
12.9085903168,80.228477478,39107,39117,10
12.909620285,80.2286529541,39117,39127,10
12.9108104706,80.228843689,39127,39137,10
12.9120397568,80.229019165,39137,39147,10
12.9131603241,80.2291564941,39147,39157,10
12.9138498306,80.2292175293,39157,39167,10
12.9139204025,80.2292404175,39167,39177,10
12.9139995575,80.2292633057,39177,39188,11
12.9145298004,80.2293319702,39188,39198,10
12.9153404236,80.2294464111,39198,39208,10
12.9163398743,80.2296066284,39208,39218,10
12.9170703888,80.2296905518,39218,39228,10
12.9173297882,80.2297286987,39228,39238,10
12.9178199768,80.2298126221,39238,39248,10
12.9185304642,80.2299118042,39248,39258,10
12.9191503525,80.2299728394,39258,39268,10
12.9192304611,80.2299804688,39268,39278,10
12.9196195602,80.2300262451,39278,39288,10
12.9203395844,80.2301177979,39288,39299,11
12.9213199615,80.2302398682,39299,39309,10
12.9223403931,80.2304000854,39309,39319,10
12.9234304428,80.2305603027,39319,39329,10
12.924489975,80.2307128906,39329,39339,10
12.9255199432,80.2308273315,39339,39349,10
12.9262895584,80.2309112549,39349,39359,10
12.9263296127,80.2309112549,39359,39369,10
12.9267196655,80.2309570313,39369,39379,10
12.9273996353,80.2310409546,39379,39389,10
12.9282503128,80.2311477661,39389,39398,9
12.9290304184,80.2312774658,39398,39410,12
12.9301204681,80.2315368652,39410,39420,10
12.9312200546,80.2318725586,39420,39430,10
12.9322595596,80.232208252,39430,39440,10
12.933139801,80.2325134277,39440,39450,10
12.9335298538,80.232673645,39450,39460,10
12.9335603714,80.2326812744,39460,39470,10
12.9338998795,80.2328414917,39470,39480,10
12.9345502853,80.2331390381,39480,39490,10
12.9352302551,80.2334518433,39490,39500,10
12.9356002808,80.2336196899,39500,39510,10
12.9356203079,80.2336273193,39510,39520,10
12.9359998703,80.2338180542,39520,39531,11
12.9367799759,80.234161377,39531,39541,10
12.9376401901,80.2345733643,39541,39551,10
12.938659668,80.2350692749,39551,39561,10
12.939499855,80.2354812622,39561,39571,10
12.9397201538,80.2355804443,39571,39581,10
12.9400596619,80.235748291,39581,39591,10
12.9407997131,80.2359771729,39591,39601,10
12.941740036,80.2362136841,39601,39611,10
12.9425296783,80.2364501953,39611,39621,10
12.9434700012,80.2370605469,39621,39631,10
12.9436597824,80.2372436523,39631,39642,11
12.943860054,80.2374725342,39642,39652,10
12.9443302155,80.2379989624,39652,39662,10
12.9450101852,80.2387390137,39662,39671,9
12.9457998276,80.2393417358,39671,39682,11
12.946680069,80.2397079468,39682,39692,10
12.947259903,80.2399368286,39692,39702,10
12.9472703934,80.2399520874,39702,39712,10
12.9475402832,80.2400817871,39712,39722,10
12.9481201172,80.2403182983,39722,39732,10
12.9485902786,80.2404785156,39732,39813,81
12.9485902786,80.2404785156,39813,39823,10
12.9486398697,80.2405319214,39823,39833,10
12.9489803314,80.2406692505,39833,39843,10
12.9494199753,80.2408370972,39843,39853,10
12.9500598907,80.2410430908,39853,39863,10
12.9508399963,80.2412872314,39863,39874,11
12.9517202377,80.2415771484,39874,39884,10
12.9526500702,80.2419204712,39884,39894,10
12.9535598755,80.2422866821,39894,39904,10
12.9544401169,80.2426376343,39904,39913,9
12.9551496506,80.2429199219,39913,39924,11
12.9559202194,80.2431716919,39924,39934,10
12.9562702179,80.243270874,39934,39954,20
12.9562702179,80.243270874,39954,39964,10
12.9564599991,80.2433395386,39964,39974,10
12.9569196701,80.2435379028,39974,39985,11
12.9577102661,80.2439193726,39985,39995,10
12.9582595825,80.244140625,39995,40005,10
12.9589300156,80.2444076538,40005,40015,10
12.9589395523,80.244430542,40015,40025,10
12.9593000412,80.2446517944,40025,40035,10
12.9600000381,80.2449798584,40035,40045,10
12.9608802795,80.2453689575,40045,40055,10
12.9618196487,80.2458190918,40055,40065,10
12.963060379,80.2464370728,40065,40085,20
12.963060379,80.2464370728,40085,40096,11
12.9630899429,80.2464675903,40096,40106,10
12.9634399414,80.2466506958,40106,40116,10
12.9640398026,80.2469024658,40116,40126,10
12.9648704529,80.2472305298,40126,40136,10
12.9658603668,80.2475585938,40136,40146,10
12.9669504166,80.2480010986,40146,40166,20
12.9669504166,80.2480010986,40166,40176,10
12.9671897888,80.2481307983,40176,40186,10
12.9678001404,80.2483901978,40186,40196,10
12.9686803818,80.2487411499,40196,40206,10
12.9696798325,80.2491531372,40206,40217,11
12.9709196091,80.2496109009,40217,40227,10
12.9720802307,80.2499389648,40227,40236,9
12.9730997086,80.250213623,40236,40247,11
12.9739303589,80.2504196167,40247,40257,10
12.9743204117,80.2505264282,40257,40267,10
12.9744100571,80.250579834,40267,40277,10
12.9749403,80.2507171631,40277,40287,10
12.9757699966,80.2509613037,40287,40297,10
12.9767799377,80.2512588501,40297,40307,10
12.9777803421,80.2518005371,40307,40317,10
12.9786396027,80.2524185181,40317,40328,11
12.9793701172,80.2525634766,40328,40338,10
12.9797096252,80.2525482178,40338,40348,10
12.9798297882,80.2525177002,40348,40358,10
12.9799003601,80.2524795532,40358,40368,10
12.9799995422,80.2521896362,40368,40378,10
12.9801502228,80.2516937256,40378,40388,10
12.9803600311,80.2509384155,40388,40404,16
12.9806995392,80.249458313,40404,40416,12
12.9807901382,80.2482833862,40416,40426,10
12.9808597565,80.2472686768,40426,40436,10
12.9809598923,80.2461624146,40436,40447,11
12.9810800552,80.244972229,40447,40457,10
12.9811697006,80.244102478,40457,40467,10
12.9811897278,80.2437591553,40467,40477,10
12.981300354,80.2435913086,40477,40487,10
12.9813404083,80.243270874,40487,40497,10
12.9813299179,80.2429733276,40497,40507,10
12.9813299179,80.2428588867,40507,40517,10
12.9813499451,80.2427062988,40517,40527,10
12.9813604355,80.242477417,40527,40537,10
12.9813604355,80.2422790527,40537,40547,10
12.9813499451,80.2418289185,40547,40558,11
12.9813604355,80.2410583496,40558,40568,10
12.9813404083,80.2403182983,40568,40578,10
12.9813299179,80.2396774292,40578,40588,10
12.981300354,80.239112854,40588,40598,10
12.9812803268,80.238571167,40598,40608,10
12.9812698364,80.238243103,40608,40618,10
12.9812698364,80.2381515503,40618,40628,10
12.9812602997,80.238067627,40628,40638,10
12.9812602997,80.2378921509,40638,40648,10
12.9812498093,80.2373580933,40648,40658,10
12.9812402725,80.2366027832,40658,40675,17
12.9811897278,80.235458374,40675,40687,12
12.981180191,80.234588623,40687,40697,10
12.981300354,80.2340316772,40697,40707,10
12.9814796448,80.2336425781,40707,40716,9
12.9815597534,80.2334823608,40716,40727,11
12.9816503525,80.2332992554,40727,40737,10
12.9817199707,80.2331924438,40737,40746,9
12.9819002151,80.232749939,40746,40754,8
12.982000351,80.2323608398,40754,40767,13
12.982000351,80.2319412231,40767,40777,10
12.9819602966,80.2314605713,40777,40788,11
12.9818296432,80.2309799194,40788,40798,10
12.9815597534,80.23046875,40798,40808,10
12.9811296463,80.2297668457,40808,40818,10
12.9808197021,80.2292785645,40818,40828,10
12.980629921,80.2289886475,40828,40838,10
12.9805698395,80.2288970947,40838,40860,22
12.9801397324,80.2280578613,40860,40872,12
12.9797296524,80.2273635864,40872,40892,20
12.979060173,80.2262496948,40892,40903,11
12.9786500931,80.2255630493,40903,40913,10
12.9783096313,80.2250137329,40913,40923,10
12.9780702591,80.2246322632,40923,40933,10
12.9777803421,80.224281311,40933,40943,10
12.977519989,80.223777771,40943,40953,10
12.9772500992,80.2233123779,40953,40963,10
12.9770402908,80.2229232788,40963,40972,9
12.9772796631,80.2226791382,40972,40993,21
12.9772796631,80.2226791382,40993,41003,10
12.9775295258,80.2226409912,41003,41014,11
12.9775400162,80.2223434448,41014,41024,10
12.9775295258,80.2218475342,41024,41034,10
12.9774999619,80.2213363647,41034,41044,10
12.9776096344,80.221206665,41044,41054,10
12.9781198502,80.2211990356,41054,41064,10
12.9787998199,80.2211608887,41064,41074,10
12.9795103073,80.2211074829,41074,41084,10
12.9802303314,80.2210693359,41084,41094,10
12.9809598923,80.2210388184,41094,41104,10
12.9815702438,80.2212982178,41104,41114,10
12.9820203781,80.2216186523,41114,41125,11
12.9824895859,80.2218170166,41125,41135,10
12.9828796387,80.2219161987,41135,41145,10
12.9829597473,80.2219467163,41145,41155,10
12.9833202362,80.2221603394,41155,41165,10
12.9836502075,80.2223815918,41165,41175,10
12.9839801788,80.2225799561,41175,41184,9
12.9848499298,80.2231063843,41184,41195,11
12.9848499298,80.2231063843,41195,41205,10
12.9854202271,80.2232666016,41205,41215,10
12.9857997894,80.2229919434,41215,41225,10
12.9863395691,80.2229614258,41225,41236,11
12.9864902496,80.2229537964,41236,41246,10
12.9868898392,80.2229995728,41246,41256,10
12.9872598648,80.2230682373,41256,41266,10
12.9873304367,80.2230834961,41266,41276,10
12.9875602722,80.2230834961,41276,41286,10
12.988120079,80.2228164673,41286,41302,16
12.989109993,80.2218475342,41302,41314,12
12.9898004532,80.2209472656,41314,41322,8
12.9903097153,80.220451355,41322,41334,12
12.9905004501,80.2203063965,41334,41344,10
12.9908399582,80.2200469971,41344,41355,11
12.9913301468,80.2196578979,41355,41365,10
12.9918498993,80.219291687,41365,41375,10
12.9925298691,80.218788147,41375,41384,9
12.9932498932,80.2182998657,41384,41395,11
12.9940299988,80.2177581787,41395,41405,10
12.9945402145,80.217376709,41405,41415,10
12.9947395325,80.2172393799,41415,41425,10
12.995059967,80.2170181274,41425,41435,10
12.9955101013,80.216758728,41435,41445,10
12.9961004257,80.2165985107,41445,41455,10
12.9966402054,80.2165222168,41455,41466,11
12.9970302582,80.2164535522,41466,41476,10
12.9973201752,80.216293335,41476,41486,10
12.9974803925,80.2161483765,41486,41496,10
12.997590065,80.2160568237,41496,41506,10
12.997759819,80.2159194946,41506,41516,10
12.9981803894,80.2155532837,41516,41526,10
12.9987297058,80.2150802612,41526,41536,10
12.9990596771,80.2148208618,41536,41545,9
12.9992599487,80.2146606445,41545,41556,11
12.9997301102,80.2142562866,41556,41565,9
13.0000495911,80.2139663696,41565,41576,11
13.0005197525,80.2135467529,41576,41588,12
13.0010595322,80.2131118774,41588,41598,10
13.0014400482,80.2128372192,41598,41608,10
13.001999855,80.2124099731,41608,41618,10
13.0025196075,80.2121429443,41618,41628,10
13.002989769,80.2120819092,41628,41638,10
13.0034198761,80.2120819092,41638,41648,10
13.0036401749,80.2119903564,41648,41658,10
13.0037097931,80.2116165161,41658,41668,10
13.0036802292,80.2109375,41668,41678,10
13.0035800934,80.2101211548,41678,41689,11
13.0036001205,80.2092666626,41689,41699,10
13.0037298203,80.2087478638,41699,41709,10
13.0042600632,80.2087173462,41709,41719,10
13.0045995712,80.2088928223,41719,41729,10
13.0047101974,80.2089385986,41729,41739,10
13.004940033,80.2090530396,41739,41749,10
13.0051803589,80.2091598511,41749,41759,10
13.0054302216,80.2092666626,41759,41769,10
13.0056295395,80.2093429565,41769,41779,10
13.0058498383,80.2093963623,41779,41789,10
13.0060596466,80.2094802856,41789,41799,10
13.0062999725,80.2095489502,41799,41810,11
13.0069103241,80.2097167969,41810,41850,40
13.0069103241,80.2097167969,41850,41860,10
13.0071496964,80.2098083496,41860,41870,10
13.0075902939,80.2098770142,41870,41880,10
13.0079898834,80.2099533081,41880,41890,10
13.0081796646,80.2099075317,41890,41900,10
13.0080900192,80.2094421387,41900,41910,10
13.0079698563,80.208770752,41910,41920,10
13.0078601837,80.2080612183,41920,41937,17
13.0076599121,80.2068862915,41937,41949,12
13.0075397491,80.2058792114,41949,41959,10
13.007519722,80.205116272,41959,41969,10
13.007519722,80.2042007446,41969,41978,9
13.0074195862,80.2035369873,41978,41989,11
13.007229805,80.2026977539,41989,41999,10
13.0066003799,80.2026824951,41999,42009,10
13.0067195892,80.2033233643,42009,42019,10
13.0074596405,80.2036590576,42019,42029,10
13.0083799362,80.2036972046,42029,42040,11
13.0096302032,80.2036209106,42040,42050,10
13.010840416,80.20362854,42050,42060,10
13.0120697021,80.2037811279,42060,42070,10
13.0129995346,80.2039871216,42070,42080,10
13.0135002136,80.2041778564,42080,42090,10
13.0137395859,80.2043228149,42090,42100,10
13.0137300491,80.2044372559,42100,42110,10
13.0136003494,80.2046966553,42110,42120,10
13.0134897232,80.2050476074,42120,42130,10
13.013299942,80.2056274414,42130,42140,10
13.0130901337,80.206451416,42140,42151,11
13.0129804611,80.207359314,42151,42161,10
13.0129003525,80.2077789307,42161,42171,10
13.0128602982,80.2083435059,42171,42181,10
13.0129003525,80.2087097168,42181,42191,10
13.0129899979,80.2092971802,42191,42201,10
13.0131998062,80.2098083496,42201,42211,10
13.0131597519,80.2103271484,42211,42227,16
13.0127696991,80.21144104,42227,42239,12
13.0123195648,80.2121734619,42239,42247,8
13.0120697021,80.2125396729,42247,42259,12
13.0118598938,80.2127609253,42259,42270,11
13.0115404129,80.2126083374,42270,42280,10
13.011059761,80.212272644,42280,42290,10
13.0105400085,80.2118835449,42290,42299,9
13.0101604462,80.2116088867,42299,42359,60
13.0101604462,80.2116088867,42359,42370,11
13.0099201202,80.2113571167,42370,42381,11
13.0096197128,80.2111816406,42381,42996,615
13.0096197128,80.2111816406,42996,43006,10
13.0092201233,80.2112197876,43006,43016,10
13.0091104507,80.2113876343,43016,43026,10
13.009059906,80.2116470337,43026,43036,10
13.0091896057,80.2121124268,43036,43046,10
13.0093402863,80.2125778198,43046,43057,11
13.0095901489,80.2132492065,43057,43066,9
13.0098199844,80.2137908936,43066,43077,11
13.0100803375,80.2144622803,43077,43087,10
13.0101995468,80.2151031494,43087,43097,10
13.0103197098,80.2157592773,43097,43107,10
13.0106201172,80.2164382935,43107,43117,10
13.0109701157,80.2172012329,43117,43127,10
13.0113201141,80.2179870605,43127,43137,10
13.011590004,80.2188415527,43137,43147,10
13.0119104385,80.2198028564,43147,43157,10
13.012169838,80.2206573486,43157,43167,10
13.0123300552,80.2211837769,43167,43178,11
13.0124197006,80.221496582,43178,43188,10
13.0127801895,80.2220306396,43188,43198,10
13.0132598877,80.2224578857,43198,43208,10
13.0137796402,80.2230606079,43208,43218,10
13.0140800476,80.2234420776,43218,43228,10
13.0143203735,80.2238235474,43228,43238,10
13.0146903992,80.2242584229,43238,43248,10
13.0150899887,80.2246780396,43248,43258,10
13.0152301788,80.2248382568,43258,43268,10
13.0154600143,80.2252426147,43268,43278,10
13.0154304504,80.2256698608,43278,43289,11
13.01541996,80.2257232666,43289,43299,10
13.0152797699,80.2258605957,43299,43309,10
13.0150499344,80.2259597778,43309,43319,10
13.0146198273,80.2261199951,43319,43329,10
13.0139198303,80.2264022827,43329,43339,10
13.0131797791,80.2266769409,43339,43349,10
13.0124197006,80.2269973755,43349,43359,10
13.0115404129,80.2273406982,43359,43369,10
13.0105495453,80.227722168,43369,43379,10
13.0097198486,80.2279281616,43379,43389,10
13.0095796585,80.2274703979,43389,43400,11
13.0099000931,80.2268066406,43400,43410,10
13.010219574,80.2260971069,43410,43420,10
13.0104799271,80.2255020142,43420,43430,10
13.0104999542,80.225440979,43430,43440,10
13.0106601715,80.2250518799,43440,43450,10
13.010840416,80.2245864868,43450,43460,10
13.0111198425,80.2239227295,43460,43470,10
13.0112895966,80.2234191895,43470,43480,10
13.0110797882,80.2230987549,43480,43490,10
13.0104198456,80.2228164673,43490,43500,10
13.0102796555,80.2227172852,43500,43510,10
13.0098400116,80.2224884033,43510,43521,11
13.0091199875,80.2220611572,43521,43531,10
13.0083198547,80.2216110229,43531,43541,10
13.0074100494,80.2211380005,43541,43551,10
13.0065603256,80.2207336426,43551,43561,10
13.0055999756,80.2204818726,43561,43571,10
13.0047597885,80.2202987671,43571,43581,10
13.0046100616,80.2202529907,43581,43591,10
13.0040998459,80.2201309204,43591,43601,10
13.0033197403,80.2199783325,43601,43611,10
13.0025396347,80.219619751,43611,43621,10
13.001950264,80.21900177,43621,43632,11
13.0013198853,80.218421936,43632,43642,10
13.0006904602,80.2179718018,43642,43652,10
13.0000200272,80.2175598145,43652,43662,10
12.9992198944,80.2171020508,43662,43672,10
12.9983596802,80.2166976929,43672,43682,10
12.9974603653,80.2165298462,43682,43702,20
12.9974603653,80.2165298462,43702,43712,10
12.9972295761,80.2165222168,43712,43722,10
12.996720314,80.2165527344,43722,43732,10
12.9960403442,80.2166900635,43732,43743,11
12.9951896667,80.2170181274,43743,43753,10
12.9945297241,80.2174606323,43753,43763,10
12.9939804077,80.2178573608,43763,43773,10
12.9933900833,80.2182693481,43773,43783,10
12.9927597046,80.218711853,43783,43793,10
12.9920797348,80.2192230225,43793,43803,10
12.9915800095,80.219619751,43803,43813,10
12.9910802841,80.2199783325,43813,43823,10
12.9908504486,80.2201538086,43823,43833,10
12.9906396866,80.2202835083,43833,43843,10
12.9904298782,80.2204437256,43843,43853,10
12.9900798798,80.2207489014,43853,43864,11
12.9895200729,80.2213287354,43864,43874,10
12.989109993,80.2218170166,43874,43884,10
12.9885702133,80.2224197388,43884,43894,10
12.9880304337,80.2229003906,43894,43904,10
12.9876499176,80.2230911255,43904,43914,10
12.9876499176,80.2230987549,43914,43924,10
12.9873199463,80.2230911255,43924,43934,10
12.9868097305,80.2230300903,43934,43944,10
12.9862003326,80.2229919434,43944,43954,10
12.9855604172,80.223197937,43954,43964,10
12.9850597382,80.2232131958,43964,43975,11
12.9843301773,80.2228469849,43975,43985,10
12.9837903976,80.2225189209,43985,43995,10
12.9832401276,80.2221984863,43995,44005,10
12.9832201004,80.2221832275,44005,44015,10
12.9832000732,80.2221298218,44015,44025,10
12.9829101563,80.2219772339,44025,44035,10
12.9825801849,80.2218780518,44035,44045,10
12.9820604324,80.2216186523,44045,44055,10
12.9815502167,80.2212982178,44055,44065,10
12.9809398651,80.2211074829,44065,44075,10
12.9803695679,80.2211074829,44075,44086,11
12.9796199799,80.2211532593,44086,44096,10
12.9792404175,80.2211608887,44096,44106,10
12.9787302017,80.2211685181,44106,44116,10
12.9781703949,80.2212219238,44116,44126,10
12.977399826,80.2212677002,44126,44136,10
12.9767999649,80.2212371826,44136,44146,10
12.9763498306,80.221282959,44146,44156,10
12.9763498306,80.2217178345,44156,44186,30
12.9763498306,80.2217178345,44186,44196,10
12.9763298035,80.2219085693,44196,44207,11
12.9764699936,80.2221984863,44207,44217,10
12.9767503738,80.2225875854,44217,44227,10
12.9770898819,80.2230911255,44227,44237,10
12.9775495529,80.2238006592,44237,44253,16
12.9781503677,80.2247619629,44253,44265,12
12.9784297943,80.2252120972,44265,44273,8
12.9785604477,80.225402832,44273,44285,12
12.9787302017,80.2256774902,44285,44295,10
12.979060173,80.2262420654,44295,44305,10
12.9793596268,80.2267608643,44305,44315,10
12.9797096252,80.2273178101,44315,44325,10
12.9800395966,80.2278594971,44325,44336,11
12.9804296494,80.2285232544,44336,44346,10
12.9807395935,80.229057312,44346,44356,10
12.9810800552,80.2296295166,44356,44366,10
12.9814500809,80.230178833,44366,44376,10
12.9815797806,80.2304000854,44376,44386,10
12.9816303253,80.2304992676,44386,44396,10
12.9817800522,80.2308425903,44396,44406,10
12.9819402695,80.2313995361,44406,44416,10
12.9820203781,80.2321395874,44416,44426,10
12.9820203781,80.2322235107,44426,44437,11
12.9820098877,80.2323608398,44437,44447,10
12.9818696976,80.2329177856,44447,44457,10
12.9816198349,80.2334976196,44457,44477,20
12.9816198349,80.2334976196,44477,44487,10
12.9814195633,80.2339096069,44487,44497,10
12.9812097549,80.23462677,44497,44507,10
12.9812097549,80.2353286743,44507,44517,10
12.9812498093,80.2364730835,44517,44527,10
12.9812803268,80.2373962402,44527,44537,10
12.9812898636,80.2381362915,44537,44548,11
12.9813098907,80.2387237549,44548,44558,10
12.981300354,80.2388000488,44558,44568,10
12.9813098907,80.2392425537,44568,44578,10
12.9813203812,80.2398300171,44578,44588,10
12.9813404083,80.2405090332,44588,44598,10
12.9813604355,80.2413635254,44598,44608,10
12.9813699722,80.2422332764,44608,44618,10
12.9813699722,80.2426605225,44618,44628,10
12.9813404083,80.242767334,44628,44638,10
12.9813299179,80.2428817749,44638,44648,10
12.9813299179,80.2433624268,44648,44658,10
12.9812602997,80.2440795898,44658,44669,11
12.9811296463,80.2451171875,44669,44679,10
12.981010437,80.2462234497,44679,44689,10
12.9809103012,80.2473526001,44689,44699,10
12.9808301926,80.2484893799,44699,44709,10
12.9807100296,80.2496032715,44709,44725,16
12.9802999496,80.2513504028,44725,44737,12
12.9800796509,80.2521591187,44737,44745,8
12.9799804688,80.2523574829,44745,44757,12
12.9798202515,80.2527618408,44757,44767,10
12.9792804718,80.2527389526,44767,44778,11
12.9785699844,80.2526016235,44778,44788,10
12.9783802032,80.2524795532,44788,44798,10
12.9778795242,80.2520370483,44798,44808,10
12.9771003723,80.2514572144,44808,44818,10
12.9760398865,80.2511062622,44818,44828,10
12.9749803543,80.2508010864,44828,44838,10
12.9738998413,80.2505187988,44838,44848,10
12.9729995728,80.250289917,44848,44858,10
12.9725799561,80.2501983643,44858,44869,11
12.9723596573,80.2501220703,44869,44879,10
12.9717197418,80.2499389648,44879,44890,11
12.9709196091,80.2497177124,44890,44900,10
12.9700698853,80.2494430542,44900,44910,10
12.9690303802,80.2490081787,44910,44920,10
12.9679498672,80.248588562,44920,44930,10
12.9669799805,80.2481384277,44930,44940,10
12.9661102295,80.2477416992,44940,44949,9
12.9654102325,80.2474822998,44949,44960,11
12.965180397,80.247428894,44960,44970,10
12.9649200439,80.2473220825,44970,44980,10
12.9642801285,80.2470703125,44980,44990,10
12.9636802673,80.2468414307,44990,45000,10
12.9629898071,80.2464981079,45000,45011,11
12.9620199203,80.2460174561,45011,45021,10
12.9610500336,80.2455368042,45021,45031,10
12.9603595734,80.2452163696,45031,45041,10
12.9596204758,80.2449188232,45041,45051,10
12.9594202042,80.2448272705,45051,45061,10
12.9590597153,80.2446517944,45061,45071,10
12.9584503174,80.2443771362,45071,45081,10
12.957859993,80.2441635132,45081,45091,10
12.9573297501,80.2439575195,45091,45101,10
12.9570598602,80.2438812256,45101,45111,10
12.9568796158,80.2438278198,45111,45241,130
12.9568796158,80.2438278198,45241,45251,10
12.9565095901,80.2436981201,45251,45261,10
12.9565000534,80.2436904907,45261,45270,9
12.9563598633,80.2436599731,45270,45281,11
12.9559202194,80.2434616089,45281,45291,10
12.9553003311,80.2431182861,45291,45301,10
12.9546804428,80.2428436279,45301,45311,10
12.954079628,80.2425994873,45311,45321,10
12.9533395767,80.2422866821,45321,45331,10
12.9525203705,80.2419586182,45331,45341,10
12.9518003464,80.2417221069,45341,45352,11
12.9515800476,80.2416610718,45352,45362,10
12.9510803223,80.2414703369,45362,45372,10
12.950340271,80.2412185669,45372,45382,10
12.949640274,80.2410125732,45382,45402,20
12.949640274,80.2410125732,45402,45412,10
12.9494800568,80.2409591675,45412,45422,10
12.9490404129,80.2408218384,45422,45432,10
12.948340416,80.2405166626,45432,45442,10
12.9475498199,80.240196228,45442,45452,10
12.947259903,80.2400665283,45452,45463,11
12.9471597672,80.2400283813,45463,45473,10
12.9466695786,80.2398300171,45473,45483,10
12.9459600449,80.2395172119,45483,45493,10
12.9451599121,80.2390365601,45493,45503,10
12.9444599152,80.2383117676,45503,45513,10
12.9437599182,80.2375335693,45513,45523,10
12.9433698654,80.2371368408,45523,45533,10
12.9431200027,80.2369232178,45533,45543,10
12.9425096512,80.2365493774,45543,45553,10
12.941619873,80.236289978,45553,45563,10
12.9406995773,80.2360687256,45563,45573,10
12.9399204254,80.2358398438,45573,45584,11
12.9396896362,80.2357635498,45584,45594,10
12.9392795563,80.2355728149,45594,45604,10
12.9387197495,80.2352828979,45604,45620,16
12.937620163,80.2347335815,45620,45632,12
12.9366102219,80.2342376709,45632,45640,8
12.9360799789,80.2340011597,45640,45652,12
12.935959816,80.2339172363,45652,45662,10
12.935790062,80.233833313,45662,45672,10
12.9352798462,80.2335968018,45672,45682,10
12.9345598221,80.2332763672,45682,45693,11
12.9339103699,80.233001709,45693,45703,10
12.9338302612,80.232963562,45703,45713,10
12.9333400726,80.2327194214,45713,45723,10
12.9325199127,80.2323989868,45723,45733,10
12.9315004349,80.2320632935,45733,45743,10
12.9303503036,80.2317123413,45743,45753,10
12.9295396805,80.2314910889,45753,45763,10
12.9293804169,80.2314376831,45763,45773,10
12.9290895462,80.2314224243,45773,45783,10
12.9285297394,80.2313079834,45783,45793,10
12.9276199341,80.2311935425,45793,45804,11
12.9265203476,80.2310562134,45804,45814,10
12.9261598587,80.2310333252,45814,45824,10
12.9259500504,80.231010437,45824,45834,10
12.9253396988,80.2309417725,45834,45844,10
12.9244604111,80.2308273315,45844,45860,16
12.9228496552,80.2306137085,45860,45872,12
12.9215202332,80.2304077148,45872,45880,8
12.9205303192,80.2302932739,45880,45892,12
12.9194402695,80.2301712036,45892,45902,10
12.9191999435,80.230140686,45902,45912,10
12.9187602997,80.2300796509,45912,45923,11
12.9178495407,80.2299499512,45923,45933,10
12.9170999527,80.2298431396,45933,45942,9
12.9161100388,80.2296981812,45942,45953,11
12.9148702621,80.2295227051,45953,45963,10
12.9139699936,80.2293777466,45963,45973,10
12.9134101868,80.2293319702,45973,45983,10
12.9133195877,80.2293167114,45983,45993,10
12.9127702713,80.2292175293,45993,46003,10
12.9118795395,80.2290802002,46003,46013,10
12.9107398987,80.2289428711,46013,46023,10
12.9095497131,80.2287521362,46023,46033,10
12.9084701538,80.2285614014,46033,46044,11
12.9077596664,80.2284698486,46044,46054,10
12.9077196121,80.2284622192,46054,46064,10
12.9076795578,80.2284698486,46064,46074,10
12.9072303772,80.2284088135,46074,46084,10
12.9066095352,80.2283401489,46084,46094,10
12.9063196182,80.2283325195,46094,46104,10
12.9060401917,80.2282714844,46104,46114,10
12.9053297043,80.2282180786,46114,46124,10
12.9044399261,80.2281799316,46124,46134,10
12.9035196304,80.2281417847,46134,46144,10
12.9024801254,80.2280883789,46144,46155,11
12.9017696381,80.2280578613,46155,46165,10
12.9016199112,80.2280502319,46165,46195,30
12.9016199112,80.2280502319,46195,46205,10
12.9015703201,80.2280502319,46205,46215,10
12.901140213,80.2280197144,46215,46225,10
12.9006204605,80.2279586792,46225,46235,10
12.9000501633,80.2279510498,46235,46245,10
12.899479866,80.2279205322,46245,46255,10
12.8993196487,80.2279205322,46255,46266,11
12.8991298676,80.2279205322,46266,46276,10
12.8985204697,80.227897644,46276,46286,10
12.8976802826,80.2278289795,46286,46295,9
12.8967695236,80.2277832031,46295,46306,11
12.8956098557,80.2277297974,46306,46316,10
12.8946304321,80.2276916504,46316,46326,10
12.8936700821,80.2276229858,46326,46336,10
12.8932800293,80.2275924683,46336,46346,10
12.8932504654,80.2275772095,46346,46356,10
12.892780304,80.2275238037,46356,46366,10
12.8922700882,80.2274627686,46366,46376,10
12.8914604187,80.2274169922,46376,46387,11
12.8902597427,80.2274093628,46387,46397,10
12.8891601563,80.2274093628,46397,46407,10
12.8884096146,80.2274093628,46407,46417,10
12.8882303238,80.2273864746,46417,46427,10
12.8875999451,80.2273178101,46427,46437,10
12.8866996765,80.2271499634,46437,46447,10
12.8856201172,80.2268676758,46447,46457,10
12.8848199844,80.2267684937,46457,46467,10
12.8847303391,80.2267684937,46467,46477,10
12.8842201233,80.2267608643,46477,46487,10
12.8833503723,80.2267684937,46487,46498,11
12.8821201324,80.2267913818,46498,46507,9
12.8810396194,80.2267990112,46507,46518,11
12.879650116,80.2267990112,46518,46528,10
12.8783197403,80.2268676758,46528,46538,10
12.8770799637,80.2269668579,46538,46548,10
12.8765096664,80.2270126343,46548,46558,10
12.8764200211,80.2266082764,46558,46578,20
12.8764200211,80.2266082764,46578,46588,10
12.876449585,80.2263793945,46588,46598,10
12.8765096664,80.2258987427,46598,46609,11
12.8766002655,80.2249679565,46609,46619,10
12.8767499924,80.2239303589,46619,46629,10
12.876999855,80.2228012085,46629,46639,10
12.8773002625,80.2215499878,46639,46649,10
12.8775901794,80.2202835083,46649,46659,10
12.877869606,80.2190704346,46659,46669,10
12.8781299591,80.2178497314,46669,46679,10
12.8783597946,80.2166824341,46679,46689,10
12.8786096573,80.2155303955,46689,46699,10
12.8788499832,80.2143478394,46699,46709,10
12.8790798187,80.2132034302,46709,46719,10
12.8793201447,80.2119674683,46719,46730,11
12.8790998459,80.2109298706,46730,46750,20
12.8790998459,80.2109298706,46750,46760,10
12.8788499832,80.2108764648,46760,46770,10
12.8783102036,80.2108001709,46770,46780,10
12.8775396347,80.2106704712,46780,46790,10
12.8767204285,80.2105102539,46790,46800,10
12.8759202957,80.210357666,46800,46810,10
12.8751497269,80.2102432251,46810,46820,10
12.874540329,80.2101211548,46820,46830,10
12.8744802475,80.2101135254,46830,46841,11
12.8744096756,80.2100601196,46841,46851,10
12.8744096756,80.2098007202,46851,46861,10
12.8745603561,80.2095718384,46861,46871,10
12.8747797012,80.2096405029,46871,46881,10
12.8746700287,80.2099380493,46881,47254,373
12.8746700287,80.2099380493,47254,47264,10
12.8748102188,80.2101821899,47264,47274,10
12.8752002716,80.2102432251,47274,47284,10
12.875670433,80.2103271484,47284,47294,10
12.8762998581,80.2104415894,47294,47305,11
12.8770904541,80.210609436,47305,47315,10
12.8778495789,80.2107391357,47315,47325,10
12.8786697388,80.2108917236,47325,47335,10
12.8791799545,80.2109832764,47335,47345,10
12.8792896271,80.2110214233,47345,47355,10
12.8794803619,80.2113265991,47355,47365,10
12.8793497086,80.2119827271,47365,47375,10
12.8791799545,80.2128372192,47375,47385,10
12.8789796829,80.2138519287,47385,47395,10
12.8787899017,80.2148971558,47395,47405,10
12.8785495758,80.2159805298,47405,47416,11
12.8783197403,80.2171325684,47416,47426,10
12.878080368,80.2182617188,47426,47436,10
12.8778295517,80.2193984985,47436,47446,10
12.8775701523,80.2204971313,47446,47456,10
12.8773202896,80.2216033936,47456,47472,16
12.8769197464,80.2233581543,47472,47484,12
12.8766899109,80.2245407104,47484,47492,8
12.8766002655,80.2253570557,47492,47504,12
12.8764400482,80.2268066406,47504,47524,20
12.8764400482,80.2268066406,47524,47535,11
12.8764896393,80.2268829346,47535,47545,10
12.8767299652,80.2268981934,47545,47555,10
12.877120018,80.2268829346,47555,47565,10
12.8779401779,80.2268066406,47565,47575,10
12.8789901733,80.2267379761,47575,47585,10
12.8801202774,80.2266998291,47585,47595,10
12.8813199997,80.2266769409,47595,47605,10
12.8824596405,80.2266616821,47605,47615,10
12.8835897446,80.2266464233,47615,47625,10
12.8845996857,80.2266235352,47625,47635,10
12.8852300644,80.2266235352,47635,47646,11
12.885430336,80.2266616821,47646,47656,10
12.8860301971,80.2268066406,47656,47666,10
12.886879921,80.2270431519,47666,47676,10
12.8878297806,80.2272033691,47676,47686,10
12.8888998032,80.2272720337,47686,47696,10
12.8901901245,80.2272796631,47696,47706,10
12.8914804459,80.2272720337,47706,47716,10
12.8924398422,80.2273025513,47716,47726,10
12.892829895,80.2273406982,47726,47736,10
12.8934803009,80.2274093628,47736,47746,10
12.8941602707,80.2274780273,47746,47756,10
12.894200325,80.2274780273,47756,47767,11
12.8943595886,80.2275009155,47767,47777,10
12.8950195313,80.2275390625,47777,47787,10
12.8959503174,80.2275924683,47787,47803,16
12.8977804184,80.2276763916,47803,47815,12
12.8990402222,80.2277526855,47815,47823,8
12.8997297287,80.2277832031,47823,47835,12
12.9002599716,80.2278137207,47835,47865,30
12.9002599716,80.2278137207,47865,47877,12
12.9006099701,80.2278366089,47877,47887,10
12.9009504318,80.2278594971,47887,47897,10
12.9012699127,80.2278823853,47897,47907,10
12.9015798569,80.227897644,47907,47917,10
12.9022302628,80.2279434204,47917,47927,10
12.9026098251,80.2279205322,47927,47937,10
12.9027500153,80.2279205322,47937,47947,10
12.9033603668,80.2279815674,47947,47957,10
12.9042797089,80.2280426025,47957,47967,10
12.90528965,80.2280883789,47967,47977,10
12.9058103561,80.2281112671,47977,47988,11
12.90583992,80.2281112671,47988,47998,10
12.9059495926,80.2281036377,47998,48008,10
12.9062404633,80.2281188965,48008,48018,10
12.9066200256,80.2281570435,48018,48028,10
12.9072198868,80.2282485962,48028,48038,10
12.9081602097,80.2284011841,48038,48048,10
12.9093599319,80.2285995483,48048,48058,10
12.9105501175,80.2287902832,48058,48068,10
12.9119100571,80.2289810181,48068,48078,10
12.9129896164,80.2291412354,48078,48088,10
12.9137401581,80.2292327881,48088,48099,11
12.9137802124,80.2292404175,48099,48109,10
12.913860321,80.2292404175,48109,48119,10
12.9144001007,80.2293167114,48119,48129,10
12.9152498245,80.2294616699,48129,48139,10
12.9163799286,80.2296218872,48139,48149,10
12.9174499512,80.2297515869,48149,48159,10
12.9186201096,80.2299194336,48159,48169,10
12.9192304611,80.2299804688,48169,48179,10
12.9193401337,80.2299880981,48179,48189,10
12.9195699692,80.2300186157,48189,48205,16
12.9206495285,80.230178833,48205,48218,13
12.9218301773,80.2303390503,48218,48227,9
12.9228601456,80.2304992676,48227,48238,11
12.9242401123,80.2306976318,48238,48248,10
12.9254598618,80.2308425903,48248,48258,10
12.9263095856,80.2309036255,48258,48267,9
12.9263696671,80.2309036255,48267,48278,11
12.9268798828,80.2309570313,48278,48288,10
12.9275798798,80.2310409546,48288,48298,10
12.9284200668,80.2311630249,48298,48308,10
12.928899765,80.2312393188,48308,48318,10
12.9295797348,80.2313995361,48318,48329,11
12.9306097031,80.2316589355,48329,48339,10
12.9316997528,80.2320175171,48339,48349,10
12.932800293,80.2323913574,48349,48359,10
12.9335203171,80.232673645,48359,48369,10
12.9336204529,80.2327194214,48369,48379,10
12.9340600967,80.2329330444,48379,48389,10
12.9347600937,80.2332611084,48389,48399,10
12.9354295731,80.2335662842,48399,48409,10
12.93612957,80.2339172363,48409,48419,10
12.9370498657,80.234336853,48419,48429,10
12.9381904602,80.23487854,48429,48440,11
12.9393997192,80.2354812622,48440,48450,10
12.9399595261,80.2357406616,48450,48460,10
12.9401397705,80.2358016968,48460,48470,10
12.940779686,80.2359924316,48470,48480,10
12.9416799545,80.2362136841,48480,48490,10
12.9427404404,80.236541748,48490,48500,10
12.9435300827,80.2371368408,48500,48510,10
12.9437303543,80.2373504639,48510,48520,10
12.9440498352,80.237739563,48520,48530,10
12.9446201324,80.2383728027,48530,48540,10
12.9453601837,80.2391204834,48540,48550,10
12.9463195801,80.2395935059,48550,48561,11
12.9471998215,80.2399368286,48561,48571,10
12.9472799301,80.2399597168,48571,48581,10
12.9474201202,80.240020752,48581,48591,10
12.9479904175,80.2402496338,48591,48601,10
12.9488201141,80.2406005859,48601,48611,10
12.9497299194,80.2409286499,48611,48621,10
12.9507398605,80.2412261963,48621,48631,10
12.9511499405,80.2413406372,48631,48641,10
12.951259613,80.2413864136,48641,48651,10
12.9518098831,80.2416000366,48651,48661,10
12.9526796341,80.2419281006,48661,48672,11
12.9535999298,80.2422790527,48672,48682,10
12.954000473,80.24243927,48682,48692,10
12.9546604156,80.2427215576,48692,48702,10
12.9553899765,80.2429733276,48702,48712,10
12.9561700821,80.2432098389,48712,48722,10
12.9565496445,80.2433624268,48722,48732,10
12.9570999146,80.2436294556,48732,48742,10
12.9579601288,80.2440414429,48742,48752,10
12.9589004517,80.2444610596,48752,48761,9
12.9597702026,80.2448425293,48761,48772,11
12.9610004425,80.2454071045,48772,48782,10
12.9620704651,80.2459335327,48782,48793,11
12.9629802704,80.2463912964,48793,48803,10
12.9635601044,80.246711731,48803,48813,10
12.9642896652,80.2469787598,48813,48823,10
12.9652204514,80.2472991943,48823,48833,10
12.9661903381,80.2476425171,48833,48843,10
12.9667901993,80.2478866577,48843,48853,10
12.9668397903,80.2479095459,48853,48863,10
12.9669399261,80.2479782104,48863,48873,10
12.967499733,80.2482681274,48873,48883,10
12.9683704376,80.2486419678,48883,48893,10
12.9695196152,80.2491226196,48893,48904,11
12.9708795547,80.2496185303,48904,48914,10
12.9721603394,80.2499694824,48914,48924,10
12.973400116,80.250289917,48924,48934,10
12.9744596481,80.250579834,48934,48944,10
12.9757204056,80.2509307861,48944,48954,10
12.977060318,80.2513427734,48954,48964,10
12.9781999588,80.2521286011,48964,48974,10
12.9790496826,80.2525405884,48974,48984,10
12.9799604416,80.2522964478,48984,49004,20
12.9799604416,80.2522964478,49004,49015,11
12.9800796509,80.2517776489,49015,49025,10
12.9803304672,80.2510223389,49025,49035,10
12.9806098938,80.2499465942,49035,49045,10
12.9807701111,80.2487792969,49045,49055,10
12.9808597565,80.2474899292,49055,49065,10
12.9809799194,80.2461090088,49065,49075,10
12.9811096191,80.2447509766,49075,49085,10
12.9812097549,80.2438201904,49085,49101,16
12.9813604355,80.2427978516,49101,49121,20
12.9813604355,80.2427978516,49121,49133,12
12.9813604355,80.2422637939,49133,49145,12
12.9813604355,80.2412796021,49145,49155,10
12.9813404083,80.2403488159,49155,49165,10
12.9813299179,80.2397003174,49165,49175,10
12.9813098907,80.2392883301,49175,49185,10
12.9812803268,80.2383728027,49185,49195,10
12.9812803268,80.237953186,49195,49204,9
12.9812803268,80.23777771,49204,49215,11
12.9812498093,80.2370605469,49215,49224,9
12.9812402725,80.2362670898,49224,49234,10
12.9812097549,80.2353591919,49234,49246,12
12.9812202454,80.234336853,49246,49256,10
12.9815196991,80.2336120605,49256,49266,10
12.9816398621,80.2333374023,49266,49276,10
12.9816799164,80.2332687378,49276,49296,20
12.9819898605,80.232208252,49296,49306,10
12.9819698334,80.2316970825,49306,49316,10
12.9819297791,80.2313766479,49316,49326,10
12.9817895889,80.2309188843,49326,49342,16
12.9812898636,80.2300186157,49342,49354,12
12.9808597565,80.2293167114,49354,49365,11
12.9806499481,80.2290115356,49365,49375,10
12.9805603027,80.2288284302,49375,49385,10
12.980340004,80.228477478,49385,49395,10
12.9801998138,80.2281417847,49395,49405,10
12.9798698425,80.2276000977,49405,49415,10
12.9794397354,80.2268829346,49415,49425,10
12.9790000916,80.2261199951,49425,49435,10
12.9785804749,80.2254486084,49435,49445,10
12.9782400131,80.2248916626,49445,49455,10
12.9781103134,80.2246780396,49455,49465,10
12.9779195786,80.2244720459,49465,49476,11
12.9777498245,80.2241973877,49476,49486,10
12.9775400162,80.2238311768,49486,49496,10
12.977230072,80.2233200073,49496,49506,10
12.9769496918,80.2228469849,49506,49516,10
12.9771499634,80.2226409912,49516,49536,20
12.9771499634,80.2226409912,49536,49546,10
12.9772396088,80.2226715088,49546,49556,10
12.9774904251,80.2226028442,49556,49566,10
12.9774904251,80.2221603394,49566,49576,10
12.9774599075,80.2216186523,49576,49587,11
12.9774703979,80.2212295532,49587,49597,10
12.9778604507,80.221206665,49597,49607,10
12.9784803391,80.2211914063,49607,49617,10
12.9790296555,80.2211380005,49617,49627,10
12.9797000885,80.2210769653,49627,49637,10
12.9804401398,80.221031189,49637,49647,10
12.9810600281,80.2210388184,49647,49657,10
12.9814996719,80.221282959,49657,49667,10
12.9819602966,80.221572876,49667,49677,10
12.982629776,80.2218399048,49677,49687,10
12.9829301834,80.2219467163,49687,49698,11
12.9831600189,80.222076416,49698,49708,10
12.9835300446,80.2223205566,49708,49718,10
12.9838495255,80.2224884033,49718,49728,10
12.9840097427,80.2226028442,49728,49738,10
12.9841804504,80.2227172852,49738,49748,10
12.984749794,80.2230529785,49748,49819,71
12.984749794,80.2230529785,49819,49829,10
12.9848804474,80.2231674194,49829,49839,10
12.9851703644,80.2232818604,49839,49849,10
12.9855699539,80.2231674194,49849,49859,10
12.9861097336,80.2229919434,49859,49869,10
12.9863500595,80.2229690552,49869,49879,10
12.986410141,80.2229766846,49879,49889,10
12.9865999222,80.2230224609,49889,49899,10
12.9868297577,80.2230682373,49899,49909,10
12.9869804382,80.2230834961,49909,49919,10
12.9872398376,80.2230987549,49919,49930,11
12.9876003265,80.2230911255,49930,49940,10
12.9879999161,80.2229385376,49940,49950,10
12.9885797501,80.222442627,49950,49960,10
12.9890899658,80.2218780518,49960,49970,10
12.9896097183,80.2212219238,49970,49980,10
12.9904499054,80.2203826904,49980,50000,20
12.9904499054,80.2203826904,50000,50010,10
12.9906997681,80.2201919556,50010,50020,10
12.9912004471,80.2197875977,50020,50030,10
12.9915504456,80.2195129395,50030,50041,11
12.9921598434,80.219078064,50041,50051,10
12.9928598404,80.2185821533,50051,50061,10
12.9935998917,80.2180175781,50061,50071,10
12.9942598343,80.2175521851,50071,50081,10
12.9946699142,80.2172622681,50081,50091,10
12.9949398041,80.2170715332,50091,50101,10
12.9953403473,80.2168197632,50101,50111,10
12.9959201813,80.2166366577,50111,50121,10
12.9966497421,80.2165298462,50121,50131,10
12.9972400665,80.2164001465,50131,50141,10
12.9975404739,80.2161178589,50141,50152,11
12.9975404739,80.2161102295,50152,50162,10
12.9978504181,80.2158737183,50162,50172,10
12.9982995987,80.2154388428,50172,50182,10
12.9989004135,80.2149429321,50182,50192,10
12.9992303848,80.2146835327,50192,50202,10
12.9996795654,80.2142715454,50202,50212,10
13.0000896454,80.2139129639,50212,50222,10
13.0006303787,80.2134094238,50222,50232,10
13.0011796951,80.2129821777,50232,50242,10
13.0017499924,80.2125396729,50242,50252,10
13.0022497177,80.2122268677,50252,50262,10
13.0024299622,80.2121582031,50262,50273,11
13.0029401779,80.212097168,50273,50283,10
13.0035295486,80.2120513916,50283,50293,10
13.0036401749,80.2119827271,50293,50303,10
13.0036802292,80.2117004395,50303,50313,10
13.0036802292,80.2111816406,50313,50323,10
13.0036096573,80.2104721069,50323,50333,10
13.0035200119,80.2097167969,50333,50343,10
13.0036201477,80.2090835571,50343,50353,10
13.0040597916,80.2086486816,50353,50363,10
13.0048398972,80.2089996338,50363,50373,10
13.0057401657,80.2093734741,50373,50384,11
13.0068397522,80.2097015381,50384,50404,20
13.0068397522,80.2097015381,50404,50414,10
13.0069704056,80.2097473145,50414,50434,20
13.0069704056,80.2097473145,50434,50444,10
13.0071401596,80.2098388672,50444,50454,10
13.0076303482,80.2099075317,50454,50464,10
13.0080699921,80.2099761963,50464,50474,10
13.0080499649,80.2093429565,50474,50484,10
13.0079402924,80.2085800171,50484,50495,11
13.0078001022,80.2076034546,50495,50505,10
13.0076503754,80.2066879272,50505,50515,10
13.0075502396,80.2058792114,50515,50525,10
13.007519722,80.2050704956,50525,50535,10
13.0075101852,80.2042388916,50535,50545,10
13.0074195862,80.2034683228,50545,50555,10
13.0071697235,80.2026367188,50555,50565,10
13.006529808,80.20287323,50565,50575,10
13.0069599152,80.2034606934,50575,50585,10
13.0077800751,80.2037124634,50585,50595,10
13.0086898804,80.2036895752,50595,50605,10
13.0098199844,80.2036437988,50605,50616,11
13.0110902786,80.2036819458,50616,50626,10
13.0122804642,80.2038574219,50626,50636,10
13.0133304596,80.2041091919,50636,50646,10
13.0136404037,80.2042694092,50646,50656,10
13.013589859,80.2046585083,50656,50666,10
13.0135402679,80.2047805786,50666,50676,10
13.0133895874,80.2051925659,50676,50686,10
13.0131702423,80.2059020996,50686,50696,10
13.0130300522,80.2067184448,50696,50706,10
13.012960434,80.2075424194,50706,50716,10
13.0128898621,80.2079315186,50716,50727,11
13.0128698349,80.2081222534,50727,50737,10
13.0128698349,80.2084732056,50737,50747,10
13.0129203796,80.2088394165,50747,50757,10
13.0129995346,80.2092895508,50757,50767,10
13.0131797791,80.2097702026,50767,50777,10
13.0131196976,80.2103118896,50777,50787,10
13.012960434,80.2109909058,50787,50803,16
13.0123996735,80.2120513916,50803,50815,12
13.0119400024,80.2127380371,50815,50824,9
13.011759758,80.2128067017,50824,50835,11
13.011349678,80.2125091553,50835,50846,11
13.0108499527,80.2121734619,50846,52188,1342
13.0108499527,80.2121734619,52188,52199,11
13.0106601715,80.2119369507,52199,52210,11
13.0103902817,80.2117080688,52210,52220,10
13.0101099014,80.211479187,52220,52230,10
13.0098695755,80.2113113403,52230,52320,90
13.0098695755,80.2113113403,52320,52331,11
13.0095300674,80.2111206055,52331,52774,443
13.0095300674,80.2111206055,52774,52785,11
13.00922966,80.211151123,52785,52795,10
13.0091295242,80.2113113403,52795,52805,10
13.0090198517,80.211517334,52805,52815,10
13.0091295242,80.2119064331,52815,52825,10
13.0092802048,80.2124023438,52825,52835,10
13.0094995499,80.2130203247,52835,52845,10
13.0097503662,80.2136917114,52845,52855,10
13.0100498199,80.2144088745,52855,52865,10
13.0101995468,80.2151565552,52865,52875,10
13.0103597641,80.2158966064,52875,52885,10
13.0106897354,80.2166366577,52885,52895,10
13.0110702515,80.2174682617,52895,52906,11
13.0114297867,80.218421936,52906,52916,10
13.011759758,80.2193374634,52916,52926,10
13.0120697021,80.2202682495,52926,52942,16
13.012430191,80.2215194702,52942,52954,12
13.0127696991,80.2220611572,52954,52964,10
13.0130796432,80.2223434448,52964,52974,10
13.0135602951,80.2228775024,52974,52983,9
13.0140895844,80.2235183716,52983,52994,11
13.0146303177,80.2241363525,52994,53004,10
13.0150995255,80.2247772217,53004,53014,10
13.0154495239,80.2252502441,53014,53025,11
13.0152797699,80.2257385254,53025,53035,10
13.014960289,80.2258911133,53035,53045,10
13.0144500732,80.2261123657,53045,53055,10
13.0137300491,80.2264328003,53055,53065,10
13.0129804611,80.2267227173,53065,53075,10
13.0122299194,80.2270431519,53075,53085,10
13.0114097595,80.2273406982,53085,53095,10
13.0105104446,80.2276992798,53095,53105,10
13.0097103119,80.2278823853,53105,53115,10
13.0096197128,80.2273788452,53115,53125,10
13.0099401474,80.2266616821,53125,53136,11
13.0103197098,80.2257919312,53136,53146,10
13.0106401443,80.2250289917,53146,53156,10
13.0109701157,80.2242965698,53156,53166,10
13.0112600327,80.2235336304,53166,53176,10
13.0110902786,80.2230606079,53176,53186,10
13.0103998184,80.2227401733,53186,53206,20
13.0103998184,80.2227401733,53206,53216,10
13.0100803375,80.2225799561,53216,53226,10
13.0096502304,80.2223205566,53226,53236,10
13.0090999603,80.2220077515,53236,53247,11
13.0083198547,80.2215881348,53247,53257,10
13.0075798035,80.2211990356,53257,53267,10
13.0068101883,80.2207794189,53267,53277,10
13.0060396194,80.2205429077,53277,53287,10
13.0052204132,80.2203598022,53287,53297,10
13.0045995712,80.2202224731,53297,53307,10
13.0044202805,80.2201766968,53307,53317,10
13.0038900375,80.2200698853,53317,53327,10
13.0031995773,80.2198867798,53327,53337,10
13.0025196075,80.219543457,53337,53347,10
13.001950264,80.2189483643,53347,53357,10
13.0013904572,80.218421936,53357,53368,11
13.0007095337,80.2179489136,53368,53378,10
13.0000600815,80.2175521851,53378,53388,10
12.9993600845,80.2171401978,53388,53398,10
12.9985799789,80.2167663574,53398,53408,10
12.997759819,80.2165374756,53408,53418,10
12.9974803925,80.216506958,53418,53428,10
12.9972600937,80.2164993286,53428,53438,10
12.9967603683,80.2165374756,53438,53448,10
12.9961299896,80.2166366577,53448,53458,10
12.9954395294,80.2168426514,53458,53468,10
12.9948997498,80.2171478271,53468,53479,11
12.9943704605,80.2175369263,53479,53489,10
12.9940299988,80.2178192139,53489,53499,10
12.9935798645,80.2181396484,53499,53509,10
12.9930295944,80.218536377,53509,53519,10
12.9924201965,80.2189788818,53519,53529,10
12.9918003082,80.2194366455,53529,53539,10
12.9912204742,80.2198867798,53539,53549,10
12.990819931,80.220199585,53549,53559,10
12.9908103943,80.220199585,53559,53569,10
12.9905595779,80.2203903198,53569,53579,10
12.9901399612,80.2206573486,53579,53590,11
12.9896402359,80.2211685181,53590,53600,10
12.9893102646,80.2215194702,53600,53610,10
12.9889802933,80.2219772339,53610,53620,10
12.9885196686,80.2225494385,53620,53630,10
12.9879999161,80.2229690552,53630,53640,10
12.9876499176,80.2231063843,53640,53650,10
12.9875097275,80.2231216431,53650,53660,10
12.9871702194,80.2230911255,53660,53670,10
12.9867401123,80.2230224609,53670,53680,10
12.9861698151,80.2229995728,53680,53690,10
12.9856500626,80.2231369019,53690,53700,10
12.9852304459,80.2232971191,53700,53711,11
12.98458004,80.2229766846,53711,53721,10
12.9841299057,80.2226791382,53721,53731,10
12.9836597443,80.2224273682,53731,53741,10
12.9832401276,80.2221298218,53741,53771,30
12.9832401276,80.2221298218,53771,53781,10
12.9830198288,80.2220230103,53781,53791,10
12.9826402664,80.2219085693,53791,53801,10
12.982170105,80.2217330933,53801,53817,16
12.9817695618,80.2214126587,53817,53830,13
12.9810600281,80.2210693359,53830,53840,10
12.9802999496,80.2210617065,53840,53850,10
12.9794797897,80.2210998535,53850,53860,10
12.9787101746,80.2211685181,53860,53870,10
12.9778499603,80.2211914063,53870,53880,10
12.9770298004,80.2212600708,53880,53890,10
12.9764499664,80.2212600708,53890,53900,10
12.9761800766,80.2215576172,53900,53930,30
12.9761800766,80.2215576172,53930,53940,10
12.9764204025,80.2219924927,53940,53951,11
12.9767999649,80.2226104736,53951,53961,10
12.9772596359,80.2233428955,53961,53971,10
12.9777402878,80.2240982056,53971,53981,10
12.978099823,80.224647522,53981,53991,10
12.9782800674,80.2249526978,53991,54001,10
12.9784803391,80.2252807617,54001,54011,10
12.9785203934,80.2253417969,54011,54021,10
12.978679657,80.2256088257,54021,54031,10
12.9790000916,80.2261505127,54031,54041,10
12.9793796539,80.2268066406,54041,54051,10
12.9797801971,80.2274627686,54051,54062,11
12.9801902771,80.2281494141,54062,54072,10
12.980509758,80.2287216187,54072,54088,16
12.9808998108,80.229347229,54088,54100,12
12.9813499451,80.2300491333,54100,54110,10
12.9816198349,80.2304534912,54110,54120,10
12.9816198349,80.2304611206,54120,54130,10
12.9818096161,80.2308578491,54130,54140,10
12.9819803238,80.231628418,54140,54150,10
12.9820203781,80.2322769165,54150,54160,10
12.9818096161,80.233039856,54160,54171,11
12.9815797806,80.2335510254,54171,54181,10
12.9813899994,80.2339477539,54181,54190,9
12.9811897278,80.2345962524,54190,54201,11
12.9812002182,80.2354507446,54201,54211,10
12.9812402725,80.2365112305,54211,54221,10
12.9812698364,80.2375793457,54221,54231,10
12.9812898636,80.2384414673,54231,54241,10
12.981300354,80.2386627197,54241,54251,10
12.9812803268,80.238861084,54251,54261,10
12.981300354,80.2394332886,54261,54271,10
12.9813203812,80.2398529053,54271,54281,10
12.9813299179,80.2404937744,54281,54292,11
12.9813404083,80.2414321899,54292,54302,10
12.9813499451,80.2422180176,54302,54312,10
12.9813499451,80.242767334,54312,54328,16
12.9813404083,80.2429885864,54328,54340,12
12.9813404083,80.2434616089,54340,54348,8
12.9812803268,80.2439422607,54348,54360,12
12.9811697006,80.2448272705,54360,54370,10
12.9810495377,80.2458190918,54370,54380,10
12.9809398651,80.2468719482,54380,54390,10
12.9808502197,80.2479400635,54390,54401,11
12.9807701111,80.2490692139,54401,54411,10
12.9806203842,80.2500228882,54411,54421,10
12.9803800583,80.2509384155,54421,54431,10
12.9801502228,80.2518386841,54431,54441,10
12.9800195694,80.252243042,54441,54451,10
12.9799499512,80.252456665,54451,54461,10
12.9799404144,80.2525100708,54461,54471,10
12.9798603058,80.2526931763,54471,54481,10
12.979470253,80.2527389526,54481,54491,10
12.9787998199,80.2526626587,54491,54501,10
12.9786300659,80.2526168823,54501,54512,11
12.9784202576,80.2525100708,54512,54522,10
12.9779195786,80.2520980835,54522,54532,10
12.9772195816,80.2515411377,54532,54542,10
12.9762296677,80.2511672974,54542,54552,10
12.9751596451,80.2508621216,54552,54562,10
12.9740896225,80.2505569458,54562,54572,10
12.9730901718,80.2502975464,54572,54582,10
12.9725999832,80.2501678467,54582,54592,10
12.9723796844,80.2500915527,54592,54602,10
12.971739769,80.2499084473,54602,54612,10
12.9709997177,80.249710083,54612,54622,10
12.9700298309,80.2493896484,54622,54633,11
12.9689102173,80.2489471436,54633,54643,10
12.9678602219,80.2485275269,54643,54653,10
12.9668598175,80.2480773926,54653,54663,10
12.9660100937,80.2476882935,54663,54673,10
12.965259552,80.247428894,54673,54683,10
12.9651899338,80.2473983765,54683,54693,10
12.9648895264,80.2472763062,54693,54703,10
12.9642801285,80.2470626831,54703,54713,10
12.9635896683,80.2467880249,54713,54723,10
12.962849617,80.2463989258,54723,54733,10
12.9619102478,80.2459335327,54733,54744,11
12.9608097076,80.2454071045,54744,54754,10
12.9598999023,80.245010376,54754,54764,10
12.9591503143,80.2446670532,54764,54774,10
12.9582395554,80.2442703247,54774,54784,10
12.9575500488,80.2440185547,54784,54794,10
12.9569501877,80.2438430786,54794,54804,10
12.9566698074,80.2437515259,54804,54905,101
12.9566698074,80.2437515259,54905,54915,10
12.956199646,80.243598938,54915,54925,10
12.9556598663,80.2433013916,54925,54935,10
12.9549503326,80.2429428101,54935,54945,10
12.954199791,80.2426223755,54945,54955,10
12.9533996582,80.2422790527,54955,54965,10
12.9525299072,80.2419433594,54965,54976,11
12.951669693,80.2416687012,54976,54986,10
12.9516201019,80.2416534424,54986,54996,10
12.9513597488,80.2415237427,54996,55006,10
12.9506998062,80.2412719727,55006,55016,10
12.9498996735,80.241027832,55016,55026,10
12.949090004,80.2407836914,55026,55046,20
12.949090004,80.2407836914,55046,55056,10
12.9490003586,80.2407608032,55056,55066,10
12.9485797882,80.2405929565,55066,55076,10
12.9478197098,80.2402801514,55076,55087,11
12.9470996857,80.240020752,55087,55097,10
12.9469003677,80.2399291992,55097,55107,10
12.9463996887,80.2397232056,55107,55117,10
12.9456396103,80.2393798828,55117,55127,10
12.9448900223,80.2388381958,55127,55137,10
12.9441995621,80.2380905151,55137,55147,10
12.9434995651,80.2373275757,55147,55157,10
12.9432697296,80.2371063232,55157,55167,10
12.9431400299,80.2369918823,55167,55177,10
12.9426403046,80.236618042,55177,55187,10
12.9418401718,80.236328125,55187,55198,11
12.9409103394,80.2360992432,55198,55208,10
12.940079689,80.2358932495,55208,55218,10
12.9397697449,80.2357788086,55218,55228,10
12.9396800995,80.2357406616,55228,55238,10
12.9391698837,80.2354812622,55238,55258,20
12.9391698837,80.2354812622,55258,55268,10
12.9388504028,80.2353210449,55268,55278,10
12.9381904602,80.234992981,55278,55288,10
12.9373598099,80.2345809937,55288,55304,16
12.9358901978,80.2338867188,55304,55316,12
12.9347801208,80.2333679199,55316,55324,8
12.9340600967,80.2330627441,55324,55338,14
12.9338102341,80.2329483032,55338,55348,10
12.9333896637,80.2327575684,55348,55358,10
12.9326400757,80.2324371338,55358,55367,9
12.9318704605,80.232170105,55367,55378,11
12.9305801392,80.2317581177,55378,55388,10
12.9294900894,80.2314910889,55388,55398,10
12.9283599854,80.231262207,55398,55408,10
12.927189827,80.2311096191,55408,55417,9
12.9262800217,80.2310028076,55417,55429,12
12.9259796143,80.231010437,55429,55439,10
12.9255504608,80.2309570313,55439,55448,9
12.9249000549,80.2308883667,55448,55459,11
12.9240102768,80.2307815552,55459,55469,10
12.922829628,80.2306213379,55469,55479,10
12.9216899872,80.230430603,55479,55489,10
12.9205703735,80.2302703857,55489,55499,10
12.9195995331,80.2301712036,55499,55509,10
12.9191999435,80.230140686,55509,55519,10
12.9190597534,80.2301101685,55519,55529,10
12.9184999466,80.2300186157,55529,55539,10
12.9176998138,80.2298965454,55539,55550,11
12.9166202545,80.2297363281,55550,55560,10
12.9155502319,80.2295684814,55560,55570,10
12.914440155,80.2294235229,55570,55580,10
12.913479805,80.2293319702,55580,55590,10
12.9132699966,80.2292861938,55590,55600,10
12.9128704071,80.2292175293,55600,55610,10
12.9121303558,80.2291107178,55610,55620,10
12.9112100601,80.2289581299,55620,55630,10
12.9101295471,80.2288131714,55630,55640,10
12.9090204239,80.2286300659,55640,55650,10
12.9080200195,80.2284698486,55650,55661,11
12.9074897766,80.2283782959,55661,55671,10
12.9072504044,80.2283401489,55671,55741,70
12.9072504044,80.2283401489,55741,55751,10
12.906999588,80.2284011841,55751,55761,10
12.9065504074,80.2283477783,55761,55771,10
12.9059495926,80.2283096313,55771,55782,11
12.9050798416,80.2282333374,55782,55792,10
12.9041595459,80.2281799316,55792,55802,10
12.9031095505,80.2281417847,55802,55812,10
12.9020700455,80.2280883789,55812,55822,10
12.9011802673,80.2280731201,55822,55903,81
12.9011802673,80.2280731201,55903,55913,10
12.9009599686,80.2279129028,55913,55923,10
12.9005899429,80.2278823853,55923,55933,10
12.8995895386,80.2278594971,55933,55963,30
12.8995895386,80.2278594971,55963,55973,10
12.8992996216,80.2278594971,55973,55983,10
12.8987598419,80.2278289795,55983,55993,10
12.8980102539,80.2277984619,55993,56004,11
12.8970403671,80.2277526855,56004,56014,10
12.8960399628,80.2276992798,56014,56024,10
12.8949604034,80.2276535034,56024,56034,10
12.8938503265,80.2276000977,56034,56044,10
12.8932600021,80.2275390625,56044,56054,10
12.8931703568,80.2275314331,56054,56064,10
12.8927602768,80.2274703979,56064,56080,16
12.8925600052,80.2274475098,56080,56092,12
12.8923501968,80.2274169922,56092,56100,8
12.8919696808,80.2274017334,56100,56112,12
12.890999794,80.2274017334,56112,56123,11
12.8898696899,80.2274017334,56123,56133,10
12.8888196945,80.2274017334,56133,56143,10
12.8882598877,80.2273788452,56143,56153,10
12.8880500793,80.2273635864,56153,56163,10
12.8874197006,80.2272796631,56163,56173,10
12.8865098953,80.2270889282,56173,56183,10
12.8854799271,80.2268371582,56183,56193,10
12.8847999573,80.2267608643,56193,56203,10
12.8847303391,80.2267608643,56203,56213,10
12.8842401505,80.2267608643,56213,56223,10
12.8833999634,80.2267608643,56223,56234,11
12.8821601868,80.2267608643,56234,56244,10
12.880900383,80.2267684937,56244,56254,10
12.8796100616,80.2267837524,56254,56264,10
12.8782901764,80.2268371582,56264,56274,10
12.8771400452,80.2269287109,56274,56284,10
12.8764600754,80.2269210815,56284,56294,10
12.8763799667,80.2265625,56294,56304,10
12.8763799667,80.2265472412,56304,56314,10
12.8764295578,80.2262268066,56314,56324,10
12.8765201569,80.2255630493,56324,56334,10
12.8766098022,80.2246627808,56334,56345,11
12.8768196106,80.2234802246,56345,56355,10
12.8770904541,80.2223434448,56355,56365,10
12.8773698807,80.2211227417,56365,56375,10
12.8776702881,80.219871521,56375,56385,10
12.8779602051,80.2185897827,56385,56401,16
12.878370285,80.216506958,56401,56413,12
12.8786802292,80.2150802612,56413,56423,10
12.8789196014,80.2137832642,56423,56433,10
12.8791799545,80.2124481201,56433,56443,10
12.879119873,80.2109527588,56443,56464,21
12.879119873,80.2109527588,56464,56474,10
12.8789796829,80.2109298706,56474,56484,10
12.8784799576,80.2108535767,56484,56494,10
12.8778800964,80.2107391357,56494,56502,8
12.8773603439,80.2106399536,56502,56513,11
12.8764600754,80.2104568481,56513,56524,11
12.8757600784,80.210319519,56524,56534,10
12.8749904633,80.2101898193,56534,56544,10
12.8744401932,80.2100982666,56544,56554,10
12.8744297028,80.2100906372,56554,56564,10
12.8743495941,80.2099685669,56564,56575,11
12.8744602203,80.2095794678,56575,56585,10
12.8747596741,80.2096710205,56585,56634,49
12.8746204376,80.2098464966,56634,57210,576
12.8746204376,80.2098464966,57210,57220,10
12.8746900558,80.2099533081,57220,57230,10
12.8747997284,80.2101516724,57230,57261,31
12.8747997284,80.2101516724,57261,57271,10
12.8751296997,80.2102203369,57271,57281,10
12.8755197525,80.2102813721,57281,57291,10
12.8760099411,80.2103729248,57291,57301,10
12.8763303757,80.2104263306,57301,57310,9
12.8767995834,80.2105102539,57310,57321,11
12.8774499893,80.2106323242,57321,57331,10
12.8781003952,80.2107620239,57331,57341,10
12.8787202835,80.2108764648,57341,57351,10
12.8791599274,80.2109603882,57351,57361,10
12.879240036,80.2109832764,57361,57371,10
12.8793897629,80.2110671997,57371,57382,11
12.8794403076,80.2114486694,57382,57392,10
12.8793096542,80.2121200562,57392,57402,10
12.8791503906,80.2129516602,57402,57412,10
12.8789796829,80.2138595581,57412,57422,10
12.8788099289,80.2147979736,57422,57432,10
12.8786001205,80.2157974243,57432,57442,10
12.8783903122,80.216796875,57442,57452,10
12.8781795502,80.2178192139,57452,57462,10
12.8779602051,80.2188796997,57462,57472,10
12.877699852,80.2199401855,57472,57482,10
12.8774404526,80.221031189,57482,57493,11
12.8771600723,80.2222213745,57493,57503,10
12.8768997192,80.2233428955,57503,57513,10
12.8767004013,80.2244415283,57513,57523,10
12.8765697479,80.2255325317,57523,57533,10
12.8764400482,80.2264175415,57533,57543,10
12.876449585,80.226890564,57543,57563,20
12.876449585,80.226890564,57563,57573,10
12.876709938,80.2269210815,57573,57583,10
12.8768701553,80.2269134521,57583,57593,10
12.8773803711,80.2268676758,57593,57604,11
12.8783197403,80.2267837524,57604,57614,10
12.8793001175,80.2267227173,57614,57624,10
12.880399704,80.2266998291,57624,57634,10
12.8815002441,80.2266769409,57634,57644,10
12.8826398849,80.2266616821,57644,57654,10
12.8836803436,80.2266387939,57654,57664,10
12.8844003677,80.2266235352,57664,57674,10
12.8846797943,80.2266082764,57674,57684,10
12.8849096298,80.2266387939,57684,57694,10
12.8851804733,80.2266464233,57694,57704,10
12.8852901459,80.2266693115,57704,57715,11
12.8858299255,80.2267913818,57715,57725,10
12.8865499496,80.2269897461,57725,57735,10
12.8873195648,80.2271575928,57735,57745,10
12.8880996704,80.2272491455,57745,57755,10
12.8885402679,80.2272567749,57755,57765,10
12.888710022,80.2272796631,57765,57775,10
12.889380455,80.2272796631,57775,57785,10
12.8903598785,80.2272796631,57785,57795,10
12.8915195465,80.2272796631,57795,57805,10
12.8921003342,80.2272796631,57805,57815,10
12.8921203613,80.2272796631,57815,57825,10
12.8923997879,80.2273025513,57825,57836,11
12.892539978,80.2273025513,57836,57846,10
12.8929901123,80.2273788452,57846,57856,10
12.8937997818,80.2274703979,57856,57866,10
12.8941402435,80.2274932861,57866,57876,10
12.8943004608,80.2275009155,57876,57886,10
12.8949403763,80.2275466919,57886,57902,16
12.8964195251,80.2276077271,57902,57914,12
12.8975696564,80.2276611328,57914,57923,9
12.8984298706,80.227722168,57923,57934,11
12.8993997574,80.2277832031,57934,57944,10
12.9001102448,80.2278137207,57944,57955,11
12.9005804062,80.2278518677,57955,58024,69
12.9005804062,80.2278518677,58024,58034,10
12.900759697,80.2279281616,58034,58045,11
12.9012699127,80.2279815674,58045,58055,10
12.9020004272,80.2279891968,58055,58066,11
12.9026498795,80.228012085,58066,58076,10
12.9026899338,80.228012085,58076,58086,10
12.9028100967,80.2279968262,58086,58096,10
12.903260231,80.2280197144,58096,58106,10
12.9039201736,80.2280578613,58106,58116,10
12.9047603607,80.2281036377,58116,58126,10
12.9055995941,80.2281417847,58126,58136,10
12.9063196182,80.228187561,58136,58215,79
12.9063196182,80.228187561,58215,58225,10
12.9065198898,80.2282180786,58225,58235,10
12.9070396423,80.2282562256,58235,58245,10
12.9071702957,80.2282714844,58245,58255,10
12.9076404572,80.2283172607,58255,58265,10
12.9083404541,80.2284393311,58265,58275,10
12.909119606,80.2285690308,58275,58285,10
12.9100599289,80.228729248,58285,58296,11
12.9111099243,80.2288970947,58296,58306,10
12.9121704102,80.2290496826,58306,58316,10
12.9129400253,80.2291564941,58316,58326,10
12.9135503769,80.2292327881,58326,58336,10
12.9138698578,80.2292785645,58336,58346,10
12.9139404297,80.229309082,58346,58356,10
12.9142599106,80.2293624878,58356,58366,10
12.9148797989,80.2294387817,58366,58376,10
12.9156999588,80.2295684814,58376,58386,10
12.916469574,80.2296829224,58386,58396,10
12.9173603058,80.2297973633,58396,58407,11
12.918390274,80.229927063,58407,58417,10
12.9191598892,80.2300186157,58417,58427,10
12.9193296432,80.2300491333,58427,58437,10
12.9197998047,80.2301025391,58437,58447,10
12.9205904007,80.2302017212,58447,58457,10
12.9215297699,80.2303237915,58457,58467,10
12.9225502014,80.23046875,58467,58477,10
12.9235801697,80.2306289673,58477,58487,10
12.9246501923,80.230758667,58487,58497,10
12.9256896973,80.2308807373,58497,58507,10
12.926440239,80.2309570313,58507,58518,11
12.9264602661,80.2309570313,58518,58528,10
12.9267196655,80.2309875488,58528,58538,10
12.9273700714,80.2310714722,58538,58548,10
12.9281597137,80.2311630249,58548,58558,10
12.9290103912,80.2313232422,58558,58568,10
12.9299898148,80.2315292358,58568,58578,10
12.9310598373,80.2318191528,58578,58588,10
12.9321298599,80.2321777344,58588,58598,10
12.9331502914,80.2325286865,58598,58608,10
12.9336004257,80.2327423096,58608,58618,10
12.9336500168,80.2327804565,58618,58629,11
12.9340801239,80.2329711914,58629,58638,9
12.9346704483,80.233253479,58638,58649,11
12.9353303909,80.2335586548,58649,58659,10
12.9358596802,80.2338027954,58659,58669,10
12.9364795685,80.2341003418,58669,58679,10
12.9371404648,80.2344284058,58679,58689,10
12.9378499985,80.2347717285,58689,58699,10
12.9385900497,80.2351303101,58699,58709,10
12.9396400452,80.2356491089,58709,58729,20
12.9396400452,80.2356491089,58729,58739,10
12.9399003983,80.2357406616,58739,58750,11
12.940580368,80.2359771729,58750,58760,10
12.9413795471,80.2361907959,58760,58770,10
12.9423503876,80.2364425659,58770,58780,10
12.9432601929,80.2369384766,58780,58790,10
12.9440202713,80.2377090454,58790,58800,10
12.9448003769,80.238571167,58800,58810,10
12.9455003738,80.2392425537,58810,58820,10
12.9471597672,80.2399520874,58820,58840,20
12.9471597672,80.2399520874,58840,58850,10
12.9474201202,80.2400512695,58850,58861,11
12.9479598999,80.2402801514,58861,58871,10
12.9484300613,80.2404785156,58871,58881,10
12.9489803314,80.2406997681,58881,58891,10
12.9495801926,80.2409133911,58891,58901,10
12.9502696991,80.2411193848,58901,58911,10
12.9509401321,80.2413101196,58911,58921,10
12.9511203766,80.2413711548,58921,58930,9
12.9512996674,80.2414627075,58930,58941,11
12.9517698288,80.2416229248,58941,58951,10
12.9523897171,80.2418365479,58951,58961,10
12.9531202316,80.2421188354,58961,58972,11
12.9540500641,80.2424926758,58972,58982,10
12.9548301697,80.2427978516,58982,58992,10
12.955450058,80.2430267334,58992,59002,10
12.9560804367,80.243309021,59002,59052,50
12.9560804367,80.243309021,59052,59062,10
12.9564599991,80.2434387207,59062,59072,10
12.9569301605,80.2436523438,59072,59083,11
12.9577598572,80.2440109253,59083,59093,10
12.9588699341,80.244468689,59093,59113,20
12.9588699341,80.244468689,59113,59123,10
12.9591503143,80.2446212769,59123,59133,10
12.9595499039,80.2448272705,59133,59143,10
12.9601898193,80.2451095581,59143,59153,10
12.9609498978,80.2454605103,59153,59163,10
12.9617996216,80.2458724976,59163,59173,10
12.9624700546,80.2461776733,59173,59183,10
12.9631500244,80.2465286255,59183,59222,39
12.9631500244,80.2465286255,59222,59232,10
12.9632301331,80.2464981079,59232,59241,9
12.96352005,80.2466583252,59241,59252,11
12.9642496109,80.2469787598,59252,59263,11
12.9650497437,80.2472763062,59263,59273,10
12.9657802582,80.247543335,59273,59283,10
12.9665803909,80.2478637695,59283,59293,10
12.9668397903,80.2479934692,59293,59303,10
12.9668998718,80.2480392456,59303,59314,11
12.9672298431,80.2482070923,59314,59324,10
12.9678297043,80.2484817505,59324,59334,10
12.968629837,80.2488098145,59334,59344,10
12.9695501328,80.249168396,59344,59354,10
12.9705400467,80.2495574951,59354,59364,10
12.971619606,80.2498703003,59364,59374,10
12.9726600647,80.2501525879,59374,59384,10
12.9735002518,80.2503585815,59384,59394,10
12.9740600586,80.25050354,59394,59404,10
12.9743499756,80.2505722046,59404,59414,10
12.9746904373,80.2506637573,59414,59425,11
12.9754104614,80.250869751,59425,59435,10
12.9762496948,80.2511062622,59435,59444,9
12.9770803452,80.251373291,59444,59455,11
12.9779396057,80.2519683838,59455,59465,10
12.9786596298,80.2524795532,59465,59475,10
12.9790697098,80.2525787354,59475,59485,10
12.9790802002,80.2525787354,59485,59494,9
12.9791097641,80.2526016235,59494,59505,11
12.9795303345,80.2526016235,59505,59515,10
12.979929924,80.252456665,59515,59525,10
12.9799499512,80.2523498535,59525,59536,11
12.9799604416,80.2522277832,59536,59546,10
12.9800796509,80.2518234253,59546,59556,10
12.9802904129,80.251159668,59556,59566,10
12.9805002213,80.2503967285,59566,59576,10
12.9806699753,80.2495422363,59576,59586,10
12.9807395935,80.2487716675,59586,59596,10
12.9808101654,80.2478637695,59596,59606,10
12.9808797836,80.2468719482,59606,59616,10
12.9809799194,80.2458496094,59616,59626,10
12.9811096191,80.2448577881,59626,59636,10
12.9811697006,80.244140625,59636,59646,10
12.981180191,80.2439193726,59646,59657,11
12.9812202454,80.2437210083,59657,59667,10
12.9813299179,80.2434616089,59667,59677,10
12.9813299179,80.2430801392,59677,59687,10
12.9813299179,80.2429199219,59687,59697,10
12.9813404083,80.2428970337,59697,59707,10
12.9813604355,80.2426376343,59707,59717,10
12.9813699722,80.2423782349,59717,59727,10
12.9813499451,80.2418518066,59727,59737,10
12.9813404083,80.2410507202,59737,59747,10
12.9813404083,80.240196228,59747,59757,10
12.9813098907,80.2395172119,59757,59768,11
12.9812898636,80.2387008667,59768,59778,10
12.9812698364,80.2380981445,59778,59788,10
12.9812698364,80.238067627,59788,59798,10
12.9812698364,80.2378616333,59798,59808,10
12.9812498093,80.2372436523,59808,59818,10
12.9812202454,80.2364196777,59818,59828,10
12.9812002182,80.2355270386,59828,59838,10
12.9811897278,80.2347793579,59838,59848,10
12.981300354,80.2340316772,59848,59858,10
12.9816398621,80.2333297729,59858,59879,21
12.9816398621,80.2333297729,59879,59889,10
12.9817895889,80.2330322266,59889,59899,10
12.9819803238,80.2325210571,59899,59909,10
12.9819803238,80.2319869995,59909,59919,10
12.9819402695,80.2314682007,59919,59929,10
12.9817895889,80.23097229,59929,59939,10
12.9815196991,80.2304382324,59939,59949,10
12.9811201096,80.2298126221,59949,59959,10
12.9808301926,80.2293167114,59959,59969,10
12.980629921,80.2290115356,59969,59979,10
12.9806003571,80.2289733887,59979,59989,10
12.9804296494,80.2287063599,59989,60000,11
12.9802598953,80.2283325195,60000,60010,10
12.9800701141,80.2279968262,60010,60020,10
12.9797496796,80.2274703979,60020,60030,10
12.9793395996,80.2267837524,60030,60040,10
12.9788999557,80.2260284424,60040,60050,10
12.9784402847,80.2252502441,60050,60060,10
12.9779701233,80.2245788574,60060,60070,10
12.9776697159,80.2240982056,60070,60080,10
12.9774999619,80.2238006592,60080,60090,10
12.9772396088,80.2233886719,60090,60100,10
12.9769601822,80.2229232788,60100,60111,11
12.9770498276,80.2227630615,60111,60121,10
12.9772500992,80.2227325439,60121,60131,10
12.9773597717,80.2226867676,60131,60141,10
12.9775495529,80.2224578857,60141,60151,10
12.977519989,80.2218933105,60151,60161,10
12.9774904251,80.2213668823,60161,60171,10
12.9776000977,80.2212371826,60171,60181,10
12.9780597687,80.2212371826,60181,60191,10
12.978679657,80.221206665,60191,60201,10
12.97935009,80.2211685181,60201,60211,10
12.9800901413,80.2211074829,60211,60222,11
12.9808797836,80.2210617065,60222,60232,10
12.9814796448,80.2212982178,60232,60242,10
12.9817695618,80.2214813232,60242,60252,10
12.9819803238,80.2216262817,60252,60262,10
12.9824895859,80.2218399048,60262,60272,10
12.9828195572,80.2219161987,60272,60282,10
12.9829797745,80.2220001221,60282,60292,10
12.9829998016,80.2220077515,60292,60302,10
12.9831600189,80.2221069336,60302,60312,10
12.9834604263,80.2223205566,60312,60322,10
12.9836196899,80.222442627,60322,60338,16
12.9842195511,80.2227935791,60338,60351,13
12.9848804474,80.2231826782,60351,60361,10
12.9853200912,80.2233276367,60361,60371,10
12.9856901169,80.2230987549,60371,60381,10
12.9862699509,80.2230224609,60381,60391,10
12.9865198135,80.2229995728,60391,60401,10
12.9866504669,80.2229995728,60401,60410,9
12.986989975,80.2230529785,60410,60422,12
12.9872903824,80.2230987549,60422,60433,11
12.9878101349,80.2230606079,60433,60443,10
12.9883403778,80.2226867676,60443,60454,11
12.9888896942,80.2221374512,60454,60464,10
12.9892997742,80.2216186523,60464,60474,10
12.9897699356,80.2210388184,60474,60484,10
12.9902696609,80.2205429077,60484,60494,10
12.9903697968,80.2204589844,60494,60504,10
12.9904403687,80.2204208374,60504,60514,10
12.990819931,80.2201385498,60514,60524,10
12.9912996292,80.2197494507,60524,60534,10
12.991900444,80.2193222046,60534,60544,10
12.9925403595,80.2188491821,60544,60554,10
12.9931697845,80.2183914185,60554,60565,11
12.9937801361,80.217956543,60565,60575,10
12.9941997528,80.2176818848,60575,60585,10
12.9945402145,80.2174224854,60585,60595,10
12.9948997498,80.2171401978,60595,60605,10
12.9953804016,80.2168426514,60605,60615,10
12.9959897995,80.2166366577,60615,60625,10
12.9967002869,80.2165374756,60625,60635,10
12.9972000122,80.2164611816,60635,60645,10
12.9975299835,80.2161407471,60645,60655,10
12.9975500107,80.2161331177,60655,60665,10
12.9978399277,80.2158813477,60665,60676,11
12.9982995987,80.2154388428,60676,60686,10
12.9988203049,80.2149963379,60686,60696,10
12.9991703033,80.2147064209,60696,60706,10
12.9995298386,80.2144012451,60706,60716,10
12.9999704361,80.2140274048,60716,60726,10
13.0004901886,80.2135620117,60726,60735,9
13.00096035,80.2131576538,60735,60746,11
13.001159668,80.2130126953,60746,60756,10
13.0014600754,80.2127990723,60756,60766,10
13.0018997192,80.2124710083,60766,60776,10
13.0024299622,80.2122192383,60776,60786,10
13.0030097961,80.212097168,60786,60797,11
13.0035800934,80.2120437622,60797,60807,10
13.0036401749,80.2119979858,60807,60817,10
13.0037403107,80.2118377686,60817,60827,10
13.0037298203,80.2112884521,60827,60837,10
13.0036497116,80.2105712891,60837,60847,10
13.0035495758,80.2098236084,60847,60857,10
13.0036096573,80.2092437744,60857,60867,10
13.0039997101,80.2086334229,60867,60877,10
13.0046796799,80.2089309692,60877,60887,10
13.0054197311,80.2092666626,60887,60897,10
13.0062103271,80.2095565796,60897,60908,11
13.0068798065,80.2097625732,60908,60948,40
13.0068798065,80.2097625732,60948,60958,10
13.0069904327,80.2098236084,60958,60968,10
13.0071697235,80.2098770142,60968,60978,10
13.0075502396,80.2099533081,60978,60988,10
13.0078496933,80.2099761963,60988,60998,10
13.0081396103,80.2100219727,60998,61008,10
13.0081501007,80.2096481323,61008,61019,11
13.0079803467,80.2088699341,61019,61029,10
13.0078401566,80.2080001831,61029,61039,10
13.0076999664,80.2071228027,61039,61049,10
13.0075597763,80.2062911987,61049,61059,10
13.007519722,80.2054595947,61059,61069,10
13.007519722,80.2045898438,61069,61085,16
13.0073795319,80.2032623291,61085,61097,12
13.0068702698,80.2025299072,61097,61105,8
13.0065202713,80.2029876709,61105,61116,11
13.0071296692,80.2035217285,61116,61127,11
13.0080003738,80.2037200928,61127,61138,11
13.0089502335,80.2036819458,61138,61148,10
13.0099496841,80.20362854,61148,61157,9
13.0109195709,80.2036590576,61157,61168,11
13.0121498108,80.2038421631,61168,61178,10
13.0130395889,80.2040176392,61178,61188,10
13.0136299133,80.2042770386,61188,61198,10
13.0136003494,80.2046966553,61198,61218,20
13.0136003494,80.2046966553,61218,61228,10
13.0134401321,80.205078125,61228,61238,10
13.0132398605,80.2057189941,61238,61249,11
13.0130395889,80.2065582275,61249,61259,10
13.0129699707,80.2073364258,61259,61269,10
13.0129003525,80.2078170776,61269,61279,10
13.0128803253,80.2080001831,61279,61289,10
13.012840271,80.2082290649,61289,61299,10
13.012840271,80.2086029053,61299,61309,10
13.0129003525,80.2090530396,61309,61319,10
13.0130796432,80.209602356,61319,61329,10
13.0131502151,80.2101135254,61329,61339,10
13.0130796432,80.2106704712,61339,61349,10
13.0128202438,80.2113876343,61349,61360,11
13.0123901367,80.212097168,61360,61370,10
13.0120000839,80.2126617432,61370,61380,10
13.0117702484,80.2128219604,61380,61390,10
13.0114297867,80.2125473022,61390,61400,10
13.010840416,80.2121124268,61400,61410,10
13.0103597641,80.2117614746,61410,61420,10
13.0099897385,80.2114334106,61420,61460,40
13.0099897385,80.2114334106,61460,61471,11
13.0096702576,80.2112503052,61471,61602,131
13.0094003677,80.2110671997,61602,62328,726
13.0094003677,80.2110671997,62328,62338,10
13.0092802048,80.211151123,62338,62348,10
13.0091400146,80.2113571167,62348,62358,10
13.0090198517,80.2116394043,62358,62368,10
13.0091695786,80.2121200562,62368,62379,11
13.0093402863,80.2126693726,62379,62389,10
13.009519577,80.2131195068,62389,62399,10
13.0097303391,80.2136383057,62399,62409,10
13.0099496841,80.2141494751,62409,62419,10
13.010140419,80.2147064209,62419,62429,10
13.0102300644,80.2153778076,62429,62439,10
13.0104398727,80.2160797119,62439,62449,10
13.0107698441,80.2168197632,62449,62459,10
13.0111398697,80.2176132202,62459,62469,10
13.0114402771,80.2184371948,62469,62479,10
13.0117502213,80.2193069458,62479,62490,11
13.0120801926,80.2203826904,62490,62499,9
13.0123300552,80.2212219238,62499,62510,11
13.0127401352,80.2219924927,62510,62520,10
13.0132598877,80.2226486206,62520,62530,10
13.0138597488,80.2233276367,62530,62540,10
13.0143604279,80.2239532471,62540,62550,10
13.0150995255,80.2247695923,62550,62570,20
13.0150995255,80.2247695923,62570,62580,10
13.0152101517,80.224899292,62580,62590,10
13.0154104233,80.2251815796,62590,62600,10
13.0154600143,80.2255401611,62600,62611,11
13.015130043,80.2258987427,62611,62621,10
13.0145597458,80.2261123657,62621,62631,10
13.0138702393,80.2263870239,62631,62641,10
13.0131397247,80.2266693115,62641,62651,10
13.0123796463,80.2269821167,62651,62661,10
13.011590004,80.2272796631,62661,62671,10
13.0107603073,80.2276229858,62671,62681,10
13.0099697113,80.2279281616,62681,62691,10
13.0095100403,80.2276916504,62691,62701,10
13.0097198486,80.227180481,62701,62711,10
13.0100297928,80.2265319824,62711,62722,11
13.0103302002,80.2258071899,62722,62732,10
13.0104999542,80.2253570557,62732,62742,10
13.0106201172,80.2250900269,62742,62752,10
13.0107898712,80.2246932983,62752,62762,10
13.0109901428,80.2241668701,62762,62772,10
13.0112104416,80.2235794067,62772,62782,10
13.0112199783,80.2231903076,62782,62792,10
13.0107498169,80.2229385376,62792,62802,10
13.0104799271,80.2228088379,62802,62812,10
13.0104503632,80.2228088379,62812,62822,10
13.0101299286,80.222618103,62822,62833,11
13.0095996857,80.2223205566,62833,62843,10
13.0089797974,80.2219924927,62843,62853,10
13.0083398819,80.2216415405,62853,62863,10
13.0076599121,80.2212600708,62863,62872,9
13.0070199966,80.2209320068,62872,62883,11
13.0063400269,80.2206573486,62883,62893,10
13.0060396194,80.2205963135,62893,62903,10
13.0059204102,80.2205810547,62903,62913,10
13.0054502487,80.2204589844,62913,62923,10
13.0049600601,80.2203598022,62923,62933,10
13.0047397614,80.2203216553,62933,62944,11
13.0047101974,80.2202987671,62944,62954,10
13.0043697357,80.2202072144,62954,62964,10
13.003780365,80.2200698853,62964,62974,10
13.0030899048,80.2198791504,62974,62984,10
13.0024299622,80.2194976807,62984,62994,10
13.0019397736,80.2189788818,62994,63004,10
13.0016899109,80.218711853,63004,63014,10
13.0011997223,80.2183532715,63014,63024,10
13.0005903244,80.217918396,63024,63034,10
12.9999799728,80.2175216675,63034,63044,10
12.9992399216,80.2171020508,63044,63055,11
12.9983196259,80.2166671753,63055,63065,10
12.9976797104,80.2165603638,63065,63075,10
12.9975099564,80.2165374756,63075,63085,10
12.9973201752,80.2165374756,63085,63095,10
12.996919632,80.2165374756,63095,63105,10
12.9962997437,80.2166290283,63105,63115,10
12.9955596924,80.2168121338,63115,63125,10
12.9949703217,80.2171325684,63125,63134,9
12.9945201874,80.2174530029,63134,63144,10
12.9940795898,80.2177810669,63144,63155,11
12.9935598373,80.218132019,63155,63165,10
12.9929599762,80.2185668945,63165,63176,11
12.9922399521,80.2191009521,63176,63186,10
12.9916801453,80.2195129395,63186,63196,10
12.9915895462,80.2195587158,63196,63206,10
12.9912395477,80.2198181152,63206,63216,10
12.9910001755,80.2200012207,63216,63226,10
12.9907999039,80.2201690674,63226,63236,10
12.9907999039,80.2201766968,63236,63246,10
12.9906301498,80.2203063965,63246,63256,10
12.9901695251,80.2206726074,63256,63266,10
12.9896802902,80.2212295532,63266,63276,10
12.9892501831,80.2217636108,63276,63287,11
12.9887199402,80.2223510742,63287,63297,10
12.9882602692,80.2227630615,63297,63307,10
12.9881696701,80.2228622437,63307,63317,10
12.9880800247,80.2229385376,63317,63327,10
12.9879102707,80.2230529785,63327,63337,10
12.987660408,80.2231216431,63337,63347,10
12.9876499176,80.2231292725,63347,63357,10
12.9874401093,80.2230987549,63357,63367,10
12.987279892,80.2230987549,63367,63377,10
12.9871101379,80.2230682373,63377,63387,10
12.9867296219,80.2229919434,63387,63398,11
12.9861698151,80.2229690552,63398,63408,10
12.9855604172,80.2231674194,63408,63418,10
12.9851398468,80.2232666016,63418,63428,10
12.98458004,80.2229995728,63428,63438,10
12.9840202332,80.22265625,63438,63448,10
12.9834299088,80.2222976685,63448,63488,40
12.9832201004,80.2221374512,63488,63508,20
12.9832201004,80.2221374512,63508,63519,11
12.9829397202,80.2219696045,63519,63529,10
12.9824895859,80.2218170166,63529,63539,10
12.9820203781,80.2216186523,63539,63549,10
12.9815101624,80.2212600708,63549,63559,10
12.9808301926,80.221031189,63559,63569,10
12.9801197052,80.2210998535,63569,63579,10
12.9794197083,80.2211608887,63579,63589,10
12.9786500931,80.2211990356,63589,63599,10
12.9778203964,80.2212371826,63599,63609,10
12.9771203995,80.2212905884,63609,63619,10
12.976559639,80.2212677002,63619,63630,11
12.9761295319,80.221321106,63630,63640,10
12.9763298035,80.2217483521,63640,63670,30
12.9763298035,80.2217483521,63670,63680,10
12.9764404297,80.2218933105,63680,63690,10
12.9766197205,80.2222366333,63690,63700,10
12.9768104553,80.2225799561,63700,63710,10
12.9770898819,80.2230300903,63710,63720,10
12.9775400162,80.2237701416,63720,63730,10
12.9779396057,80.2244186401,63730,63741,11
12.9783296585,80.2250518799,63741,63751,10
12.9785203934,80.2253417969,63751,63761,10
12.9785900116,80.2254486084,63761,63771,10
12.9788198471,80.2258377075,63771,63781,10
12.9791002274,80.2263336182,63781,63791,10
12.9794502258,80.2269134521,63791,63801,10
12.9798402786,80.2275390625,63801,63811,10
12.9802398682,80.2282104492,63811,63821,10
12.9806098938,80.228843689,63821,63831,10
12.9808397293,80.2292327881,63831,63841,10
12.9810400009,80.229598999,63841,63852,11
12.9814395905,80.2302017212,63852,63862,10
12.9816904068,80.2305908203,63862,63872,10
12.9817495346,80.2306976318,63872,63882,10
12.9819297791,80.2312011719,63882,63892,10
12.9820404053,80.2318878174,63892,63908,16
12.9820699692,80.2322921753,63908,63920,12
12.9819602966,80.2328186035,63920,63930,10
12.9819002151,80.2329788208,63930,63940,10
12.9817495346,80.2332763672,63940,63960,20
12.9817495346,80.2332763672,63960,63971,11
12.9816198349,80.2335586548,63971,63981,10
12.9813804626,80.234046936,63981,63991,10
12.9812202454,80.2346725464,63991,64000,9
12.9812202454,80.2352523804,64000,64011,11
12.9812498093,80.2359313965,64011,64021,10
12.9812698364,80.2368774414,64021,64031,10
12.981300354,80.2376403809,64031,64041,10
12.981300354,80.2378921509,64041,64051,10
12.981300354,80.2379684448,64051,64061,10
12.9813203812,80.238319397,64061,64071,10
12.9813299179,80.2387237549,64071,64082,11
12.9813299179,80.2390365601,64082,64092,10
12.9813404083,80.2397003174,64092,64102,10
12.9813604355,80.2404022217,64102,64112,10
12.9813699722,80.2411499023,64112,64122,10
12.9813804626,80.2419815063,64122,64132,10
12.9813995361,80.2425765991,64132,64142,10
12.9813995361,80.2428283691,64142,64152,10
12.9813699722,80.243019104,64152,64162,10
12.9813604355,80.2436065674,64162,64172,10
12.9812402725,80.244468689,64172,64182,10
12.9811201096,80.2455215454,64182,64193,11
12.9809799194,80.2467803955,64193,64203,10
12.9808702469,80.2479629517,64203,64213,10
12.9807796478,80.2491607666,64213,64223,10
12.9806003571,80.2502365112,64223,64233,10
12.9803199768,80.2513275146,64233,64243,10
12.9801101685,80.2521591187,64243,64253,10
12.9799804688,80.2525024414,64253,64342,89
12.9799804688,80.2525024414,64342,64352,10
12.9798603058,80.2525863647,64352,64362,10
12.9797897339,80.2527770996,64362,64372,10
12.9795198441,80.2527923584,64372,64382,10
12.9789199829,80.2527084351,64382,64391,9
12.978770256,80.2526779175,64391,64401,10
12.9786396027,80.2526397705,64401,64412,11
12.9781398773,80.2523193359,64412,64423,11
12.9774799347,80.251739502,64423,64433,10
12.9765300751,80.2512817383,64433,64443,10
12.9753599167,80.2509307861,64443,64452,9
12.9743404388,80.2506484985,64452,64463,11
12.9732599258,80.2503509521,64463,64473,10
12.9725103378,80.2501831055,64473,64483,10
12.9724597931,80.2501602173,64483,64493,10
12.9720602036,80.2500305176,64493,64503,10
12.9713602066,80.2498321533,64503,64513,10
12.9704999924,80.2495727539,64513,64523,10
12.9695501328,80.249206543,64523,64534,11
12.9684696198,80.2487564087,64534,64544,10
12.967499733,80.2483901978,64544,64554,10
12.9666795731,80.2480010986,64554,64564,10
12.9658603668,80.2476501465,64564,64574,10
12.9651699066,80.2474365234,64574,64584,10
12.9651203156,80.247428894,64584,64594,10
12.9648799896,80.2473678589,64594,64604,10
12.9643802643,80.247177124,64604,64614,10
12.9638500214,80.2469787598,64614,64624,10
12.9633398056,80.2467269897,64624,64634,10
12.9626598358,80.246383667,64634,64651,17
12.961350441,80.2457427979,64651,64663,12
12.9604301453,80.2453079224,64663,64673,10
12.9594898224,80.2449188232,64673,64693,20
12.9594898224,80.2449188232,64693,64702,9
12.9592695236,80.2447967529,64702,64712,10
12.9587602615,80.2445602417,64712,64722,10
12.9580402374,80.2442474365,64722,64733,11
12.957400322,80.2440109253,64733,64742,9
12.9563999176,80.2436294556,64742,64764,22
12.9563999176,80.2436294556,64764,64774,10
12.9561300278,80.2435073853,64774,64784,10
12.9554901123,80.2432403564,64784,64794,10
12.9546699524,80.2428894043,64794,64804,10
12.9537496567,80.2425003052,64804,64814,10
12.9527797699,80.2421188354,64814,64824,10
12.9520902634,80.2418823242,64824,64834,10
12.9517002106,80.2417526245,64834,64844,10
12.9516296387,80.2417221069,64844,64854,10
12.9511804581,80.2415466309,64854,64864,10
12.9504699707,80.2413024902,64864,64875,11
12.9493904114,80.2409896851,64875,64925,50
12.9493904114,80.2409896851,64925,64935,10
12.9492197037,80.2409133911,64935,64945,10
12.9487600327,80.2407226563,64945,64955,10
12.9480895996,80.2404403687,64955,64965,10
12.9469604492,80.2399902344,64965,64992,27
12.9469604492,80.2399902344,64992,65004,12
12.9467096329,80.2398910522,65004,65014,10
12.9461603165,80.2396621704,65014,65024,10
12.9454402924,80.2393112183,65024,65034,10
12.9447803497,80.2387390137,65034,65044,10
12.9441900253,80.2380981445,65044,65054,10
12.9435195923,80.2373962402,65054,65064,10
12.9430704117,80.2369689941,65064,65074,10
12.9423398972,80.2365570068,65074,65084,10
12.9414300919,80.2363128662,65084,65094,10
12.9405002594,80.236076355,65094,65105,11
12.9398097992,80.2358703613,65105,65115,10
12.9397296906,80.2358322144,65115,65125,10
12.939620018,80.2357788086,65125,65135,10
12.9391403198,80.2355270386,65135,65145,10
12.9385004044,80.2351989746,65145,65155,10
12.9377803802,80.2348327637,65155,65165,10
12.9369697571,80.2344207764,65165,65175,10
12.9362602234,80.23412323,65175,65185,10
12.9360198975,80.2340164185,65185,65195,10
12.9359197617,80.2339782715,65195,65206,11
12.935500145,80.2337722778,65206,65216,10
12.9348602295,80.2334671021,65216,65226,10
12.9340000153,80.2330932617,65226,65246,20
12.9340000153,80.2330932617,65246,65256,10
12.9337701797,80.2329483032,65256,65266,10
12.9333200455,80.232749939,65266,65276,10
12.9326696396,80.2324981689,65276,65286,10
12.9318799973,80.2322387695,65286,65296,10
12.9309501648,80.2319335938,65296,65306,10
12.9300003052,80.2316589355,65306,65316,10
12.9292802811,80.2314910889,65316,65327,11
12.9288902283,80.2314224243,65327,65337,10
12.9283304214,80.2313079834,65337,65347,10
12.9274597168,80.2311935425,65347,65357,10
12.9264602661,80.231086731,65357,65367,10
12.9258804321,80.2310562134,65367,65377,10
12.9258403778,80.2310409546,65377,65387,10
12.9253902435,80.2309799194,65387,65397,10
12.924659729,80.2308883667,65397,65407,10
12.9237499237,80.2307662964,65407,65417,10
12.9226303101,80.2306137085,65417,65427,10
12.9214801788,80.230430603,65427,65438,11
12.9202804565,80.2302780151,65438,65448,10
12.9194002151,80.2302017212,65448,65458,10
12.9191799164,80.2301712036,65458,65468,10
12.9190196991,80.230140686,65468,65478,10
12.9184799194,80.2300567627,65478,65488,10
12.9176797867,80.2299499512,65488,65498,10
12.9168195724,80.2298431396,65498,65508,10
12.9159803391,80.2297134399,65508,65518,10
12.9150600433,80.2295837402,65518,65528,10
12.914150238,80.2294464111,65528,65538,10
12.9134101868,80.2293701172,65538,65559,21
12.9134101868,80.2293701172,65559,65569,10
12.9132404327,80.229347229,65569,65579,10
12.9126701355,80.2292480469,65579,65589,10
12.9118795395,80.2291412354,65589,65599,10
12.9108695984,80.2289962769,65599,65609,10
12.909740448,80.2288131714,65609,65619,10
12.9086303711,80.2286300659,65619,65629,10
12.9074602127,80.2284622192,65629,65670,41
12.9074602127,80.2284622192,65670,65680,10
12.9071702957,80.2284393311,65680,65690,10
12.9067001343,80.2283782959,65690,65706,16
12.9059896469,80.2283401489,65706,65718,12
12.9059696198,80.2283401489,65718,65738,20
12.9054899216,80.2283172607,65738,65747,9
12.9048404694,80.2282714844,65747,65757,10
12.9041500092,80.2282180786,65757,65769,12
12.9033203125,80.2281723022,65769,65779,10
12.902759552,80.2281417847,65779,65789,10
12.902299881,80.2281112671,65789,65799,10
12.9018096924,80.2280807495,65799,65809,10
12.9013395309,80.2280502319,65809,65819,10
12.9008903503,80.2280197144,65819,65829,10
12.9002895355,80.2279586792,65829,65839,10
12.8998003006,80.2279586792,65839,65849,10
12.8994197845,80.2279434204,65849,65879,30
12.8994197845,80.2279434204,65879,65890,11
12.8991003036,80.2279510498,65890,65900,10
12.8985595703,80.2279281616,65900,65910,10
12.8978395462,80.2278594971,65910,65920,10
12.8970298767,80.2277984619,65920,65930,10
12.8961400986,80.2277679443,65930,65940,10
12.8952598572,80.2277374268,65940,65950,10
12.8943395615,80.2276763916,65950,65960,10
12.8935403824,80.2276229858,65960,65970,10
12.8933000565,80.2275924683,65970,65980,10
12.8931303024,80.2275619507,65980,65990,10
12.8927602768,80.2275085449,65990,66001,11
12.8924102783,80.2274780273,66001,66011,10
12.8919200897,80.2274475098,66011,66021,10
12.8912200928,80.2274398804,66021,66031,10
12.8903799057,80.2274398804,66031,66041,10
12.8894901276,80.227432251,66041,66051,10
12.8884401321,80.2274169922,66051,66071,20
12.8884401321,80.2274169922,66071,66081,10
12.8882198334,80.2274093628,66081,66091,10
12.8876399994,80.2273406982,66091,66101,10
12.8868398666,80.2272109985,66101,66112,11
12.8858699799,80.2269668579,66112,66122,10
12.8851099014,80.2268066406,66122,66132,10
12.884929657,80.2267913818,66132,66142,10
12.8848199844,80.2267837524,66142,66152,10
12.8843202591,80.2267837524,66152,66162,10
12.8835496902,80.2267837524,66162,66172,10
12.882610321,80.2267837524,66172,66182,10
12.8816003799,80.2267913818,66182,66192,10
12.8806400299,80.2267913818,66192,66202,10
12.8795900345,80.2267990112,66202,66212,10
12.8785400391,80.2268371582,66212,66223,11
12.8774900436,80.2269210815,66223,66233,10
12.8768701553,80.2269897461,66233,66243,10
12.8764896393,80.2269973755,66243,66283,40
12.8764896393,80.2269973755,66283,66293,10
12.876449585,80.2268981934,66293,66303,10
12.8764200211,80.2266464233,66303,66312,9
12.8764295578,80.2265625,66312,66322,10
12.8764400482,80.2264404297,66322,66334,12
12.8765201569,80.2257537842,66334,66344,10
12.8766098022,80.224937439,66344,66354,10
12.8767204285,80.2241134644,66354,66364,10
12.8769302368,80.223197937,66364,66374,10
12.8771800995,80.2221603394,66374,66384,10
12.8774204254,80.2211227417,66384,66394,10
12.8776702881,80.2200698853,66394,66404,10
12.8779001236,80.2190093994,66404,66414,10
12.8781404495,80.2179031372,66414,66424,10
12.8783502579,80.2168197632,66424,66434,10
12.8785600662,80.2157897949,66434,66445,11
12.8788204193,80.2145996094,66445,66455,10
12.8790302277,80.2135009766,66455,66465,10
12.8792295456,80.2124099731,66465,66475,10
12.8793897629,80.211517334,66475,66485,10
12.879070282,80.2110214233,66485,66505,20
12.879070282,80.2110214233,66505,66515,10
12.8784599304,80.2108917236,66515,66525,10
12.8784599304,80.2108917236,66525,66535,10
12.8778295517,80.2107696533,66535,66545,10
12.8771896362,80.210647583,66545,66555,10
12.8765201569,80.2105178833,66555,66566,11
12.8758001328,80.2104034424,66566,66576,10
12.8750896454,80.2102737427,66576,66586,10
12.874710083,80.2101898193,66586,66609,23
12.874710083,80.2101898193,66609,66619,10
12.8746900558,80.2101821899,66619,66629,10
12.8743801117,80.2100982666,66629,66639,10
12.8744001389,80.209777832,66639,66649,10
12.8746404648,80.2096328735,66649,66659,10
12.8747701645,80.2097930908,66659,66669,10
12.8747196198,80.2100067139,66669,66823,154
12.8747196198,80.2100067139,66823,66833,10
12.8747196198,80.2102127075,66833,66842,9
12.8747997284,80.2102432251,66842,66853,11
12.8749399185,80.2102584839,66853,66863,10
12.8753700256,80.2103424072,66863,66873,10
12.8759202957,80.2104415894,66873,66883,10
12.8765201569,80.2105636597,66883,66894,11
12.8771600723,80.2106933594,66894,66904,10
12.8776197433,80.2107696533,66904,66914,10
12.8781404495,80.2108612061,66914,66924,10
12.8788099289,80.2109832764,66924,66934,10
12.8792104721,80.2110671997,66934,66944,10
12.8792200089,80.2110671997,66944,66954,10
12.8792495728,80.2110824585,66954,66964,10
12.8794498444,80.21118927,66964,66974,10
12.8794698715,80.2115097046,66974,66984,10
12.8793401718,80.2121429443,66984,66994,10
12.8791799545,80.2129821777,66994,67004,10
12.8789997101,80.2139434814,67004,67015,11
12.8787899017,80.2150115967,67015,67025,10
12.8785800934,80.2159729004,67025,67035,10
12.8783597946,80.2169570923,67035,67045,10
12.8781604767,80.2179489136,67045,67055,10
12.8779697418,80.2188186646,67055,67065,10
12.8777799606,80.2196807861,67065,67075,10
12.8775596619,80.2206115723,67075,67085,10
12.8773403168,80.2215576172,67085,67095,10
12.877120018,80.2225036621,67095,67105,10
12.8768901825,80.2234802246,67105,67115,10
12.8767004013,80.2244110107,67115,67126,11
12.8766002655,80.2253265381,67126,67136,10
12.8765096664,80.2261581421,67136,67146,10
12.8764400482,80.2268981934,67146,67176,30
12.8764400482,80.2268981934,67176,67186,10
12.8765201569,80.2269973755,67186,67196,10
12.8769302368,80.2269668579,67196,67206,10
12.8776302338,80.2268981934,67206,67216,10
12.8783998489,80.2268295288,67216,67226,10
12.8794698715,80.2267608643,67226,67236,10
12.8804597855,80.2267532349,67236,67247,11
12.8816404343,80.2267303467,67247,67257,10
12.8827400208,80.2267303467,67257,67267,10
12.8837003708,80.2267227173,67267,67277,10
12.884469986,80.2266998291,67277,67287,10
12.8849802017,80.2267074585,67287,67297,10
12.8852996826,80.2267303467,67297,67307,10
12.8853702545,80.2267379761,67307,67317,10
12.8854198456,80.2267532349,67317,67327,10
12.8858098984,80.2268371582,67327,67337,10
12.8864297867,80.2270126343,67337,67348,11
12.8872804642,80.2271881104,67348,67358,10
12.8881702423,80.2273025513,67358,67368,10
12.8885498047,80.2273330688,67368,67378,10
12.8886404037,80.2273406982,67378,67388,10
12.8891201019,80.2273635864,67388,67398,10
12.8899402618,80.2273635864,67398,67408,10
12.8909797668,80.2273712158,67408,67418,10
12.8920097351,80.2273712158,67418,67428,10
12.892950058,80.2274475098,67428,67438,10
12.8938798904,80.2275619507,67438,67448,10
12.8941602707,80.2275924683,67448,67459,11
12.8945198059,80.2276229858,67459,67469,10
12.8952198029,80.2276611328,67469,67479,10
12.8961400986,80.2276992798,67479,67489,10
12.8970098495,80.2277374268,67489,67499,10
12.8978204727,80.2277832031,67499,67509,10
12.8985996246,80.2278289795,67509,67519,10
12.8993597031,80.2278900146,67519,67529,10
12.9000101089,80.2279281616,67529,67539,10
12.9004497528,80.2279434204,67539,67590,51
12.9004497528,80.2279434204,67590,67600,10
12.9006900787,80.2279586792,67600,67610,10
12.9010295868,80.2279891968,67610,67620,10
12.9014902115,80.2280273438,67620,67630,10
12.9020500183,80.2280426025,67630,67640,10
12.9024801254,80.2280578613,67640,67676,36
12.9024801254,80.2280578613,67676,67689,13
12.9025602341,80.2280578613,67689,67698,9
12.9027795792,80.2280731201,67698,67710,12
12.9032201767,80.2280578613,67710,67720,10
12.9037504196,80.2281265259,67720,67729,9
12.9041204453,80.2281570435,67729,67770,41
12.9041204453,80.2281570435,67770,67780,10
12.9044103622,80.2281799316,67780,67790,10
12.9046297073,80.228187561,67790,67801,11
12.904800415,80.2282028198,67801,67811,10
12.9050598145,80.2282180786,67811,67821,10
12.9052495956,80.2282333374,67821,67831,10
12.9054203033,80.2282409668,67831,67841,10
12.905670166,80.2282562256,67841,67851,10
12.9058904648,80.2282714844,67851,67861,10
12.906080246,80.2282791138,67861,67871,10
12.9063997269,80.2282791138,67871,67881,10
12.9068002701,80.2283172607,67881,67891,10
12.9070396423,80.2283477783,67891,67901,10
12.9072999954,80.2283630371,67901,67912,11
12.9075098038,80.2284011841,67912,67922,10
12.9081001282,80.2285003662,67922,67932,10
12.9089002609,80.2286224365,67932,67942,10
12.9096698761,80.2287521362,67942,67952,10
12.910490036,80.2288818359,67952,67962,10
12.9113702774,80.2290115356,67962,67972,10
12.9121799469,80.2291412354,67972,67982,10
12.9128599167,80.2292327881,67982,67992,10
12.9132699966,80.2293014526,67992,68002,10
12.9133901596,80.2293014526,68002,68012,10
12.913479805,80.2293014526,68012,68023,11
12.9136295319,80.2293167114,68023,68033,10
12.9137601852,80.2293319702,68033,68043,10
12.9138298035,80.2293395996,68043,68053,10
12.9139795303,80.2293701172,68053,68063,10
12.9143600464,80.2294235229,68063,68073,10
12.9148902893,80.2294998169,68073,68083,10
12.9153995514,80.229598999,68083,68093,10
12.916179657,80.2296981812,68093,68103,10
12.9169998169,80.2297973633,68103,68113,10
12.9177999496,80.2299118042,68113,68123,10
12.9185495377,80.2300033569,68123,68134,11
12.9192399979,80.2300872803,68134,68154,20
12.9192399979,80.2300872803,68154,68164,10
12.9194898605,80.2301330566,68164,68174,10
12.920009613,80.2301864624,68174,68184,10
12.9206495285,80.2302703857,68184,68194,10
12.921330452,80.2303466797,68194,68203,9
12.9219503403,80.2304382324,68203,68214,11
12.9227600098,80.2305679321,68214,68224,10
12.9235601425,80.2306900024,68224,68234,10
12.9243803024,80.230796814,68234,68245,11
12.9252300262,80.2309112549,68245,68255,10
12.926440239,80.2310409546,68255,68275,20
12.926440239,80.2310409546,68275,68285,10
12.9266700745,80.2310562134,68285,68295,10
12.9271001816,80.2311019897,68295,68305,10
12.9276599884,80.2311706543,68305,68315,10
12.9282302856,80.2312316895,68315,68325,10
12.9286203384,80.231300354,68325,68335,10
12.9290504456,80.2313995361,68335,68345,10
12.9296398163,80.2315216064,68345,68356,11
12.9303998947,80.2317123413,68356,68366,10
12.9311103821,80.231918335,68366,68376,10
12.9318799973,80.2321777344,68376,68386,10
12.9326400757,80.2324295044,68386,68396,10
12.9336204529,80.2328186035,68396,68426,30
12.9336204529,80.2328186035,68426,68436,10
12.9337396622,80.2328567505,68436,68446,10
12.9341096878,80.2330169678,68446,68456,10
12.9346199036,80.2332611084,68456,68467,11
12.9351902008,80.233543396,68467,68477,10
12.9355602264,80.2337036133,68477,68487,10
12.9358997345,80.23387146,68487,68497,10
12.9363603592,80.2340927124,68497,68507,10
12.9369096756,80.2343521118,68507,68517,10
12.9375600815,80.2346572876,68517,68527,10
12.9382600784,80.2350006104,68527,68537,10
12.9389200211,80.2353210449,68537,68547,10
12.9395599365,80.2356567383,68547,68567,20
12.9395599365,80.2356567383,68567,68578,11
12.939620018,80.2356872559,68578,68588,10
12.9398097992,80.2357788086,68588,68598,10
12.9401597977,80.2359237671,68598,68608,10
12.9406604767,80.2360610962,68608,68618,10
12.9412698746,80.2362213135,68618,68628,10
12.9419498444,80.2363815308,68628,68638,10
12.9426403046,80.236618042,68638,68648,10
12.9436798096,80.237411499,68648,68668,20
12.9436798096,80.237411499,68668,68678,10
12.9437799454,80.2375411987,68678,68688,10
12.9441299438,80.237953186,68688,68699,11
12.944560051,80.2384185791,68699,68709,10
12.9449596405,80.238861084,68709,68719,10
12.9453201294,80.2391815186,68719,68729,10
12.9456996918,80.2394104004,68729,68777,48
12.9456996918,80.2394104004,68777,68785,8
12.9457998276,80.239440918,68785,68797,12
12.9460697174,80.2395401001,68797,68808,11
12.946439743,80.2396697998,68808,68817,9
12.9467401505,80.2397994995,68817,68828,11
12.9471197128,80.2399597168,68828,68848,20
12.9471197128,80.2399597168,68848,68858,10
12.9471597672,80.239982605,68858,68868,10
12.9473600388,80.2400512695,68868,68878,10
12.947640419,80.2401580811,68878,68888,10
12.9477796555,80.2402191162,68888,68898,10
12.9479398727,80.2403182983,68898,68989,91
12.9483098984,80.2404632568,68989,69080,91
12.9483098984,80.2404632568,69080,69090,10
12.9486103058,80.2405776978,69090,69100,10
12.9488801956,80.2406997681,69100,69110,10
12.9491996765,80.2408370972,69110,69120,10
12.949669838,80.2409896851,69120,69130,10
12.9502897263,80.2411880493,69130,69141,11
12.9511604309,80.2414627075,69141,69171,30
12.9511604309,80.2414627075,69171,69181,10
12.9512701035,80.2415008545,69181,69191,10
12.951499939,80.2415771484,69191,69201,10
12.9517803192,80.2417068481,69201,69211,10
12.9521999359,80.2418670654,69211,69221,10
12.9527797699,80.2420806885,69221,69230,9
12.9533500671,80.2423095703,69230,69241,11
12.9539699554,80.2425613403,69241,69252,11
12.9546699524,80.2428512573,69252,69262,10
12.9552402496,80.2430725098,69262,69272,10
12.9558000565,80.2432785034,69272,69282,10
12.9562196732,80.2434463501,69282,69292,10
12.9563398361,80.2434921265,69292,69302,10
12.9564504623,80.2435302734,69302,69312,10
12.9567499161,80.2436599731,69312,69322,10
12.9572696686,80.2438812256,69322,69332,10
12.957859993,80.2441177368,69332,69342,10
12.9584798813,80.2443695068,69342,69352,10
12.9589500427,80.2445602417,69352,69373,21
12.9589500427,80.2445602417,69373,69383,10
12.9590501785,80.2446136475,69383,69393,10
12.959280014,80.2447433472,69393,69403,10
12.9597196579,80.2449188232,69403,69413,10
12.9602899551,80.2451782227,69413,69423,10
12.9609603882,80.2454833984,69423,69433,10
12.9616203308,80.2457962036,69433,69443,10
12.9621801376,80.2460632324,69443,69453,10
12.9624900818,80.2462234497,69453,69463,10
12.9625396729,80.2462387085,69463,69474,11
12.9626502991,80.2462997437,69474,69484,10
12.9629602432,80.2464523315,69484,69494,10
12.963259697,80.2466201782,69494,69504,10
12.9635896683,80.2467880249,69504,69514,10
12.9639396667,80.2469329834,69514,69524,10
12.9644098282,80.2471008301,69524,69534,10
12.9649400711,80.2472991943,69534,69544,10
12.9656000137,80.2475204468,69544,69554,10
12.9660596848,80.2477111816,69554,69564,10
12.9662599564,80.2478027344,69564,69574,10
12.9664001465,80.2478485107,69574,69584,10
12.9667196274,80.2479934692,69584,69615,31
12.9667196274,80.2479934692,69615,69625,10
12.9667701721,80.2480163574,69625,69635,10
12.9670600891,80.2481765747,69635,69645,10
12.9675798416,80.2484207153,69645,69655,10
12.9682502747,80.2486877441,69655,69665,10
12.9689903259,80.2489929199,69665,69675,10
12.9696998596,80.2492828369,69675,69685,10
12.9703798294,80.2495498657,69685,69695,10
12.9710798264,80.2497787476,69695,69706,11
12.9719896317,80.2500228882,69706,69716,10
12.9729099274,80.25025177,69716,69726,10
12.9737501144,80.2504806519,69726,69736,10
12.9743099213,80.2506027222,69736,69746,10
12.9743404388,80.2506103516,69746,69756,10
12.9744100571,80.250617981,69756,69766,10
12.9747600555,80.2507400513,69766,69776,10
12.975279808,80.2509002686,69776,69786,10
12.9759597778,80.2510986328,69786,69796,10
12.9767198563,80.2513198853,69796,69806,10
12.9774303436,80.2516403198,69806,69817,11
12.9781198502,80.2521972656,69817,69827,10
12.9787302017,80.252571106,69827,69843,16
12.979929924,80.2524185181,69843,69873,30
12.979929924,80.2524185181,69873,69885,12
12.9799499512,80.2521286011,69885,69895,10
12.9800901413,80.2517166138,69895,69905,10
12.9802703857,80.2511062622,69905,69915,10
12.9804601669,80.2504272461,69915,69925,10
12.9806203842,80.2496795654,69925,69935,10
12.9806995392,80.2488479614,69935,69946,11
12.9807596207,80.2478790283,69946,69956,10
12.9808301926,80.2469787598,69956,69966,10
12.980919838,80.2460632324,69966,69976,10
12.9810304642,80.2451934814,69976,69986,10
12.9811096191,80.244392395,69986,69996,10
12.9811401367,80.2439193726,69996,70006,10
12.9812402725,80.2436904907,70006,70016,10
12.9812698364,80.2434997559,70016,70026,10
12.9812498093,80.2433319092,70026,70036,10
12.9812803268,80.2429428101,70036,70057,21
12.9812803268,80.2429428101,70057,70067,10
12.9812803268,80.2428512573,70067,70077,10
12.981300354,80.2424621582,70077,70087,10
12.981300354,80.2418899536,70087,70097,10
12.9813098907,80.2412567139,70097,70107,10
12.9813098907,80.240562439,70107,70117,10
12.9813098907,80.2399597168,70117,70133,16
12.9812898636,80.2392425537,70133,70145,12
12.9812602997,80.2386703491,70145,70156,11
12.9812602997,80.2385025024,70156,70176,20
12.9812602997,80.2385025024,70176,70186,10
12.9812602997,80.2380599976,70186,70205,19
12.9812602997,80.2380599976,70205,70216,11
12.9812498093,80.2377929688,70216,70226,10
12.9812297821,80.2372207642,70226,70236,10
12.9812002182,80.2365112305,70236,70246,10
12.981180191,80.235786438,70246,70256,10
12.9811601639,80.2350082397,70256,70267,11
12.9812402725,80.2342605591,70267,70277,10
12.9813098907,80.2340316772,70277,70287,10
12.9814395905,80.233757019,70287,70297,10
12.9816303253,80.2333602905,70297,70317,20
12.9816303253,80.2333602905,70317,70327,10
12.9817199707,80.2331771851,70327,70337,10
12.981880188,80.2327728271,70337,70347,10
12.9819602966,80.2324066162,70347,70357,10
12.9819498062,80.2320709229,70357,70367,10
12.9819297791,80.2316589355,70367,70378,11
12.9818401337,80.2312316895,70378,70388,10
12.9816503525,80.230796814,70388,70398,10
12.9813899994,80.2303390503,70398,70408,10
12.9811000824,80.2298965454,70408,70418,10
12.9809503555,80.2296676636,70418,70428,10
12.9809303284,80.229637146,70428,70438,10
12.9808101654,80.2294311523,70438,70448,10
12.9807195663,80.2292785645,70448,70458,10
12.9806203842,80.2291030884,70458,70468,10
12.9805803299,80.2290420532,70468,70478,10
12.980509758,80.2289428711,70478,70489,11
12.9803199768,80.2286224365,70489,70499,10
12.9802103043,80.2283096313,70499,70509,10
12.9799098969,80.2278137207,70509,70519,10
12.9795999527,80.2272872925,70519,70529,10
12.9792995453,80.2267990112,70529,70539,10
12.9789896011,80.2262802124,70539,70549,10
12.9786500931,80.2257232666,70549,70559,10
12.9783201218,80.2251815796,70559,70569,10
12.9780797958,80.2247924805,70569,70579,10
12.9779901505,80.2247009277,70579,70589,10
12.9777898788,80.2244796753,70589,70600,11
12.9777002335,80.2243423462,70600,70610,10
12.977640152,80.2242279053,70610,70620,10
12.9773902893,80.2237625122,70620,70650,30
12.9773902893,80.2237625122,70650,70660,10
12.9771795273,80.2234420776,70660,70670,10
12.9771604538,80.2233963013,70670,70680,10
12.9770698547,80.2232666016,70680,70700,20
12.9770698547,80.2232666016,70700,70711,11
12.9769001007,80.2229309082,70711,70731,20
12.9769001007,80.2229309082,70731,70741,10
12.9771604538,80.2227706909,70741,70761,20
12.9771604538,80.2227706909,70761,70771,10
12.9774503708,80.2227401733,70771,70781,10
12.9774799347,80.222442627,70781,70791,10
12.9774599075,80.2219619751,70791,70801,10
12.9774303436,80.2214584351,70801,70811,10
12.9774303436,80.2213516235,70811,70822,11
12.9777402878,80.2212905884,70822,70832,10
12.9782600403,80.221282959,70832,70842,10
12.9783802032,80.2212600708,70842,70852,10
12.9787397385,80.2211990356,70852,70862,10
12.9792404175,80.2211608887,70862,70872,10
12.97976017,80.2211303711,70872,70882,10
12.9802799225,80.2210998535,70882,70892,10
12.9807796478,80.2210617065,70892,70902,10
12.9812402725,80.221206665,70902,70912,10
12.9816398621,80.2214736938,70912,70922,10
12.9819898605,80.2217025757,70922,70932,10
12.9821395874,80.2217788696,70932,70943,11
12.9825000763,80.2219085693,70943,70953,10
12.982919693,80.2220611572,70953,70963,10
12.9829797745,80.222076416,70963,70979,16
12.9832801819,80.2222671509,70979,70991,12
12.9835996628,80.2225036621,70991,71001,10
12.9838600159,80.2226409912,71001,71011,10
12.9842996597,80.2229003906,71011,71021,10
12.9847402573,80.2231826782,71021,71031,10
12.9853096008,80.2233810425,71031,71041,10
12.9856796265,80.2230987549,71041,71052,11
12.9862298965,80.2230300903,71052,71062,10
12.986289978,80.2230300903,71062,71072,10
12.9864597321,80.2230300903,71072,71082,10
12.986579895,80.2230300903,71082,71092,10
12.9868202209,80.2230834961,71092,71102,10
12.9869499207,80.2230987549,71102,71112,10
12.9871997833,80.2231369019,71112,71122,10
12.9876699448,80.2231216431,71122,71132,10
12.9881801605,80.2228164673,71132,71142,10
12.9886302948,80.2224121094,71142,71152,10
12.9890003204,80.2219924927,71152,71163,11
12.9894599915,80.2214126587,71163,71173,10
12.9899396896,80.2208023071,71173,71183,10
12.9904003143,80.2204437256,71183,71193,10
12.990480423,80.2203826904,71193,71203,10
12.9907798767,80.2201309204,71203,71213,10
12.9912595749,80.2197723389,71213,71233,20
12.9912595749,80.2197723389,71233,71243,10
12.9913597107,80.2197036743,71243,71253,10
12.9916801453,80.2194519043,71253,71263,10
12.9921503067,80.2191162109,71263,71274,11
12.9927597046,80.2186889648,71274,71284,10
12.9933300018,80.2182617188,71284,71294,10
12.9938898087,80.217880249,71294,71304,10
12.9942998886,80.217590332,71304,71314,10
12.9946098328,80.2173614502,71314,71324,10
12.9949598312,80.2171020508,71324,71334,10
12.9954004288,80.2168502808,71334,71344,10
12.9959001541,80.2166824341,71344,71354,10
12.996430397,80.2165908813,71354,71364,10
12.9969396591,80.2165222168,71364,71395,31
12.9969396591,80.2165222168,71395,71405,10
12.9971904755,80.216468811,71405,71415,10
12.9974803925,80.2161636353,71415,71425,10
12.9975299835,80.2161331177,71425,71435,10
12.997759819,80.2159500122,71435,71445,10
12.9981498718,80.2155685425,71445,71455,10
12.9987201691,80.2150726318,71455,71465,10
12.9990997314,80.2147521973,71465,71475,10
12.9994297028,80.2144699097,71475,71485,10
12.9998502731,80.2141113281,71485,71496,11
13.0003499985,80.2136688232,71496,71506,10
13.0008201599,80.2132797241,71506,71516,10
13.0013399124,80.212890625,71516,71526,10
13.0018901825,80.2124862671,71526,71536,10
13.0023803711,80.2122268677,71536,71546,10
13.0027503967,80.2121582031,71546,71556,10
13.0031900406,80.2121200562,71556,71566,10
13.0035896301,80.2120437622,71566,71576,10
13.0036096573,80.2120285034,71576,71586,10
13.0036697388,80.2118911743,71586,71596,10
13.0036697388,80.211479187,71596,71607,11
13.0036096573,80.2108917236,71607,71617,10
13.0035400391,80.2102890015,71617,71627,10
13.003490448,80.2096633911,71627,71637,10
13.0036001205,80.2090530396,71637,71647,10
13.0038995743,80.2086715698,71647,71657,10
13.0044498444,80.2089004517,71657,71667,10
13.0051403046,80.2092132568,71667,71677,10
13.0058202744,80.2094802856,71677,71687,10
13.0061597824,80.2095870972,71687,71697,10
13.0064697266,80.2096786499,71697,71707,10
13.0068502426,80.209777832,71707,71738,31
13.0068502426,80.209777832,71738,71748,10
13.0072002411,80.2099075317,71748,71758,10
13.0077495575,80.2099914551,71758,71768,10
13.0079402924,80.2100296021,71768,71778,10
13.0081100464,80.2099914551,71778,71788,10
13.0080795288,80.2096862793,71788,71798,10
13.0079698563,80.2091598511,71798,71808,10
13.0078601837,80.208442688,71808,71818,10
13.0077400208,80.2077102661,71818,71828,10
13.007610321,80.2070236206,71828,71839,11
13.0074996948,80.206161499,71839,71849,10
13.0074701309,80.205406189,71849,71859,10
13.0074701309,80.2047195435,71859,71869,10
13.0074396133,80.2040328979,71869,71879,10
13.0073299408,80.2033233643,71879,71889,10
13.0070199966,80.2025909424,71889,71899,10
13.0064601898,80.2029571533,71899,71915,16
13.0073003769,80.2036590576,71915,71927,12
13.0082597733,80.203742981,71927,71935,8
13.0089597702,80.2036895752,71935,71948,13
13.0102796555,80.2036590576,71948,71958,10
13.0113697052,80.2037277222,71958,71968,10
13.0124101639,80.2039108276,71968,71978,10
13.0131998062,80.2041168213,71978,71987,9
13.0134401321,80.204208374,71987,71998,11
13.0136299133,80.2044677734,71998,72008,10
13.0135202408,80.2047119141,72008,72018,10
13.0135002136,80.2048034668,72018,72028,10
13.0134000778,80.2050476074,72028,72038,10
13.0132198334,80.2055892944,72038,72048,10
13.0130395889,80.2062301636,72048,72059,11
13.0129404068,80.2070617676,72059,72069,10
13.0128602982,80.2076797485,72069,72079,10
13.0128297806,80.2080230713,72079,72089,10
13.0128097534,80.208480835,72089,72099,10
13.012840271,80.2087936401,72099,72109,10
13.0128898621,80.2092590332,72109,72119,10
13.0131196976,80.2098236084,72119,72129,10
13.0130701065,80.2102966309,72129,72139,10
13.0129899979,80.2108230591,72139,72155,16
13.0127096176,80.21144104,72155,72167,12
13.0123796463,80.2119903564,72167,72178,11
13.0120201111,80.2125396729,72178,72188,10
13.0117998123,80.2128295898,72188,72198,10
13.0115499496,80.2127304077,72198,72208,10
13.0110797882,80.2123794556,72208,72218,10
13.0104703903,80.2119369507,72218,72228,10
13.0100097656,80.2115783691,72228,72238,10
13.0096597672,80.2113189697,72238,72531,293
13.0094404221,80.2111434937,72531,72833,302
13.0094404221,80.2111434937,72833,72844,11
13.0092897415,80.2110595703,72844,72854,10
13.0091600418,80.2112121582,72854,72864,10
13.0089998245,80.2114334106,72864,72874,10
13.0089597702,80.2117080688,72874,72884,10
13.0090904236,80.2121276855,72884,72894,10
13.0092201233,80.2125473022,72894,72904,10
13.0094003677,80.2130279541,72904,72914,10
13.0095996857,80.2135391235,72914,72924,10
13.0098600388,80.2141723633,72924,72934,10
13.0100698471,80.2148208618,72934,72944,10
13.0101604462,80.2154922485,72944,72955,11
13.0103998184,80.2162094116,72955,72965,10
13.010720253,80.2169036865,72965,72975,10
13.011059761,80.2176208496,72975,72985,10
13.0113801956,80.2183990479,72985,72995,10
13.0116701126,80.2192382813,72995,73005,10
13.0119495392,80.2201309204,73005,73015,10
13.0122299194,80.2209396362,73015,73025,10
13.0123100281,80.2214508057,73025,73035,10
13.0124597549,80.2218017578,73035,73045,10
13.0127801895,80.2223129272,73045,73055,10
13.0132198334,80.2227630615,73055,73066,11
13.013759613,80.2233581543,73066,73076,10
13.0141897202,80.2238693237,73076,73086,10
13.0146799088,80.2244567871,73086,73096,10
13.015130043,80.2249298096,73096,73106,10
13.015370369,80.2253417969,73106,73116,10
13.0152797699,80.2257766724,73116,73126,10
13.0149002075,80.225982666,73126,73136,10
13.0144701004,80.2261199951,73136,73146,10
13.0139598846,80.2263183594,73146,73156,10
13.0134096146,80.2265396118,73156,73166,10
13.0127897263,80.2267837524,73166,73177,11
13.0121002197,80.2270584106,73177,73187,10
13.0114297867,80.2273178101,73187,73197,10
13.0106801987,80.2276229858,73197,73207,10
13.0099601746,80.227897644,73207,73217,10
13.0094404221,80.2277984619,73217,73227,10
13.0094604492,80.2275390625,73227,73237,10
13.0096597672,80.227142334,73237,73247,10
13.0098896027,80.2266387939,73247,73257,10
13.0100097656,80.2264022827,73257,73267,10
13.0101003647,80.2261962891,73267,73277,10
13.0102500916,80.2258377075,73277,73288,11
13.0103902817,80.2255172729,73288,73298,10
13.0105199814,80.2252120972,73298,73328,30
13.0105199814,80.2252120972,73328,73338,10
13.01060009,80.2250595093,73338,73348,10
13.0107402802,80.2247085571,73348,73358,10
13.0109500885,80.2241592407,73358,73368,10
13.0112104416,80.2234573364,73368,73378,10
13.0110197067,80.2230834961,73378,73388,10
13.0104799271,80.2228164673,73388,73398,10
13.0103302002,80.2227478027,73398,73409,11
13.0100698471,80.2226028442,73409,73419,10
13.0095901489,80.2223510742,73419,73429,10
13.0089197159,80.2219924927,73429,73439,10
13.0082302094,80.2216186523,73439,73449,10
13.0075798035,80.2212677002,73449,73459,10
13.0068998337,80.2209014893,73459,73469,10
13.0061597824,80.2206192017,73469,73479,10
13.0053596497,80.220451355,73479,73489,10
13.0047197342,80.2203063965,73489,73499,10
13.0046796799,80.2202987671,73499,73509,10
13.0043001175,80.2201919556,73509,73520,11
13.0036201477,80.2200393677,73520,73530,10
13.0028800964,80.2198181152,73530,73540,10
13.002240181,80.2193832397,73540,73550,10
13.0017900467,80.2188415527,73550,73560,10
13.0012702942,80.218421936,73560,73570,10
13.0006599426,80.2180175781,73570,73580,10
13.0000095367,80.2176132202,73580,73590,10
12.9992303848,80.2171707153,73590,73600,10
12.9984502792,80.2167816162,73600,73610,10
12.9978399277,80.2165908813,73610,73620,10
12.9976396561,80.2165679932,73620,73631,11
12.9976196289,80.2165679932,73631,73641,10
12.9975099564,80.2165603638,73641,73661,20
12.9975099564,80.2165603638,73661,73671,10
12.9972696304,80.2165374756,73671,73681,10
12.9970703125,80.2165679932,73681,73691,10
12.9968900681,80.2165679932,73691,73701,10
12.9966802597,80.216583252,73701,73711,10
12.9964399338,80.2165985107,73711,73721,10
12.9962997437,80.2166366577,73721,73731,10
12.9961204529,80.2166519165,73731,73742,11
12.9957399368,80.2167510986,73742,73772,30
12.9957399368,80.2167510986,73772,73782,10
12.9953699112,80.2168426514,73782,73792,10
12.9950504303,80.2170333862,73792,73822,30
12.9950504303,80.2170333862,73822,73832,10
12.994600296,80.217338562,73832,73842,10
12.9941196442,80.2176895142,73842,73853,11
12.9935102463,80.2181396484,73853,73863,10
12.9928598404,80.2186203003,73863,73873,10
12.992099762,80.2191772461,73873,73882,9
12.9914503098,80.2196578979,73882,73893,11
12.9907398224,80.2201690674,73893,73923,30
12.9907398224,80.2201690674,73923,73933,10
12.9904403687,80.2204208374,73933,73943,10
12.9900999069,80.2206878662,73943,73953,10
12.9896097183,80.2212905884,73953,73964,11
12.9891004562,80.2218933105,73964,73974,10
12.9885702133,80.2224731445,73974,73984,10
12.9876499176,80.2231216431,73984,74044,60
12.9876499176,80.2231216431,74044,74054,10
12.9873800278,80.2231292725,74054,74064,10
12.9870004654,80.2230606079,74064,74075,11
12.9866399765,80.2230072021,74075,74085,10
12.9864301682,80.2229766846,74085,74095,10
12.9859895706,80.2229919434,74095,74105,10
12.98554039,80.2231521606,74105,74115,10
12.9851999283,80.2232894897,74115,74125,10
12.9848299026,80.2231826782,74125,74135,10
12.9845695496,80.2230377197,74135,74145,10
12.9841804504,80.2227935791,74145,74206,61
12.9841804504,80.2227935791,74206,74216,10
12.9839200974,80.222618103,74216,74236,20
12.9839200974,80.222618103,74236,74246,10
12.9837799072,80.2225570679,74246,74256,10
12.9836597443,80.2224884033,74256,74266,10
12.9835700989,80.222442627,74266,74276,10
12.9835300446,80.2223815918,74276,74286,10
12.9831800461,80.22215271,74286,74317,31
12.9831800461,80.22215271,74317,74327,10
12.9830303192,80.2220230103,74327,74337,10
12.9828195572,80.2219161987,74337,74347,10
12.9824800491,80.2218017578,74347,74357,10
12.9820203781,80.2216415405,74357,74367,10
12.9818296432,80.2215423584,74367,74377,10
12.9816799164,80.2214202881,74377,74387,10
12.9812602997,80.2211837769,74387,74397,10
12.9806900024,80.2210464478,74397,74408,11
12.9800395966,80.2211227417,74408,74418,10
12.9794197083,80.2211532593,74418,74428,10
12.9787597656,80.2211685181,74428,74438,10
12.9780797958,80.2211990356,74438,74448,10
12.9774398804,80.2211990356,74448,74458,10
12.9768104553,80.2212371826,74458,74468,10
12.9764604568,80.2212219238,74468,74478,10
12.9760799408,80.2213821411,74478,74488,10
12.9763202667,80.221862793,74488,74518,30
12.9763202667,80.221862793,74518,74529,11
12.9763202667,80.2220230103,74529,74539,10
12.9764795303,80.2222671509,74539,74549,10
12.9767198563,80.2226486206,74549,74559,10
12.9769802094,80.2230300903,74559,74569,10
12.9773101807,80.2235488892,74569,74579,10
12.9777202606,80.2241821289,74579,74589,10
12.9780302048,80.2246704102,74589,74605,16
12.9785404205,80.2254714966,74605,74626,21
12.9785404205,80.2254714966,74626,74638,12
12.9787902832,80.2258834839,74638,74647,9
12.9790802002,80.2263793945,74647,74658,11
12.9794797897,80.2270431519,74658,74667,9
12.9797697067,80.2275085449,74667,74678,11
12.9801397324,80.2281265259,74678,74688,10
12.9805002213,80.2287521362,74688,74698,10
12.9808397293,80.2293395996,74698,74708,10
12.9812498093,80.2299728394,74708,74718,10
12.9816398621,80.2305374146,74718,74728,10
12.9816598892,80.2305831909,74728,74738,10
12.981710434,80.230682373,74738,74749,11
12.9818897247,80.2311401367,74749,74759,10
12.982000351,80.2317199707,74759,74769,10
12.9820098877,80.2323379517,74769,74779,10
12.9818601608,80.2329101563,74779,74789,10
12.9816198349,80.2334823608,74789,74799,10
12.9815702438,80.233581543,74799,74809,10
12.9815301895,80.2336196899,74809,74819,10
12.9814195633,80.2338409424,74819,74829,10
12.9812602997,80.2341766357,74829,74839,10
12.9811601639,80.2349319458,74839,74849,10
12.981180191,80.2358169556,74849,74860,11
12.9812097549,80.2367782593,74860,74870,10
12.9812402725,80.2375335693,74870,74880,10
12.9812498093,80.2382278442,74880,74890,10
12.9812698364,80.2387237549,74890,74900,10
12.9812602997,80.2387237549,74900,74910,10
12.9812698364,80.2390213013,74910,74920,10
12.9812803268,80.2395324707,74920,74930,10
12.9812898636,80.239982605,74930,74940,10
12.9813098907,80.2406616211,74940,74950,10
12.9813203812,80.2414627075,74950,74960,10
12.9813299179,80.2422180176,74960,74971,11
12.9813404083,80.2428817749,74971,74981,10
12.9813299179,80.2429428101,74981,74991,10
12.9813098907,80.2430419922,74991,75001,10
12.9813203812,80.2434234619,75001,75011,10
12.9812698364,80.2439804077,75011,75021,10
12.9811601639,80.244758606,75021,75031,10
12.9810600281,80.2456665039,75031,75041,10
12.9809503555,80.2466583252,75041,75051,10
12.9808702469,80.2476501465,75051,75061,10
12.9807796478,80.248626709,75061,75071,10
12.9806804657,80.2496414185,75071,75082,11
12.9804401398,80.2507171631,75082,75092,10
12.9801902771,80.2516403198,75092,75102,10
12.9800195694,80.2522506714,75102,75112,10
12.9798803329,80.2526626587,75112,75122,10
12.9795999527,80.2527923584,75122,75132,10
12.9790401459,80.2527236938,75132,75142,10
12.9788999557,80.2527008057,75142,75152,10
12.9785804749,80.2525787354,75152,75162,10
12.9781999588,80.2523498535,75162,75172,10
12.9777002335,80.2519226074,75172,75182,10
12.9769802094,80.251449585,75182,75193,11
12.975979805,80.2511367798,75193,75203,10
12.9750204086,80.2508621216,75203,75213,10
12.9740200043,80.2505722046,75213,75223,10
12.9730997086,80.2503204346,75223,75233,10
12.9725198746,80.250213623,75233,75243,10
12.9723796844,80.2501678467,75243,75253,10
12.9719495773,80.250038147,75253,75263,10
12.9712600708,80.2498626709,75263,75273,10
12.970580101,80.249671936,75273,75283,10
12.9697999954,80.249382019,75283,75293,10
12.9689598083,80.2490615845,75293,75304,11
12.9680204391,80.2486877441,75304,75314,10
12.9673595428,80.2483978271,75314,75324,10
12.9668502808,80.2481613159,75324,75334,10
12.9663801193,80.2479400635,75334,75344,10
12.9661598206,80.2478408813,75344,75354,10
12.9657001495,80.2476425171,75354,75364,10
12.9651298523,80.2474594116,75364,75374,10
12.9650802612,80.2474517822,75374,75384,10
12.9649400711,80.2473983765,75384,75394,10
12.964509964,80.2472381592,75394,75404,10
12.9642095566,80.2471313477,75404,75415,11
12.9640798569,80.2470779419,75415,75425,10
12.9637403488,80.2469482422,75425,75435,10
12.9633197784,80.2467498779,75435,75445,10
12.9626598358,80.246421814,75445,75455,10
12.9619398117,80.2460632324,75455,75465,10
12.9611501694,80.2456588745,75465,75475,10
12.9603300095,80.2452774048,75475,75485,10
12.9595603943,80.2449417114,75485,75495,10
12.9593200684,80.2448425293,75495,75505,10
12.9590597153,80.2446975708,75505,75515,10
12.9584798813,80.2444534302,75515,75526,11
12.957859993,80.2442016602,75526,75536,10
12.9572896957,80.2440032959,75536,75546,10
12.9567298889,80.2438735962,75546,75596,50
12.9567298889,80.2438735962,75596,75606,10
12.956319809,80.2437515259,75606,75616,10
12.9561004639,80.2436599731,75616,75626,10
12.9555501938,80.2433319092,75626,75642,16
12.9545001984,80.2428131104,75642,75655,13
12.9539403915,80.2425918579,75655,75665,10
12.9537200928,80.2424926758,75665,75675,10
12.9530096054,80.2422027588,75675,75685,10
12.9521799088,80.2418670654,75685,75695,10
12.9516401291,80.2417221069,75695,75705,10
12.9516201019,80.2417221069,75705,75715,10
12.951379776,80.2416305542,75715,75725,10
12.950799942,80.2414321899,75725,75735,10
12.9500999451,80.2412109375,75735,75745,10
12.9497804642,80.2411193848,75745,75756,11
12.9496097565,80.2410736084,75756,75765,9
12.9492702484,80.2409591675,75765,75776,11
12.9489002228,80.2408218384,75776,75786,10
12.9483604431,80.2405776978,75786,75796,10
12.9475898743,80.2402572632,75796,75806,10
12.9469900131,80.240020752,75806,75816,10
12.9468002319,80.2399368286,75816,75826,10
12.9462995529,80.2397079468,75826,75836,10
12.9455699921,80.239402771,75836,75846,10
12.944849968,80.2388305664,75846,75856,10
12.9441604614,80.2380981445,75856,75866,10
12.9435300827,80.2374267578,75866,75877,11
12.9433002472,80.2371902466,75877,75887,10
12.9429302216,80.236869812,75887,75897,10
12.9422302246,80.2365112305,75897,75907,10
12.9413700104,80.2362670898,75907,75917,10
12.9405298233,80.2360610962,75917,75927,10
12.9398698807,80.2358703613,75927,75937,10
12.9398002625,80.2358398438,75937,75946,9
12.9394598007,80.235710144,75946,75957,11
12.9387302399,80.2353286743,75957,75967,10
12.9379396439,80.234916687,75967,75978,11
12.9369897842,80.2344589233,75978,75988,10
12.9361600876,80.2340621948,75988,75998,10
12.9353704453,80.2336883545,75998,76008,10
12.9344797134,80.2332992554,76008,76018,10
12.934009552,80.2331008911,76018,76028,10
12.9339399338,80.2330627441,76028,76038,10
12.9336996078,80.2329483032,76038,76048,10
12.933139801,80.2326889038,76048,76058,10
12.9323501587,80.2323913574,76058,76068,10
12.9313402176,80.2320404053,76068,76084,16
12.9295701981,80.2315216064,76084,76097,13
12.9283895493,80.231300354,76097,76107,10
12.9274501801,80.2311630249,76107,76116,9
12.9266300201,80.2310714722,76116,76127,11
12.9260196686,80.231010437,76127,76137,10
12.9258804321,80.231010437,76137,76147,10
12.9257802963,80.2310028076,76147,76157,10
12.9252500534,80.2309417725,76157,76167,10
12.9244098663,80.2308197021,76167,76177,10
12.9233703613,80.2306900024,76177,76187,10
12.9221200943,80.2304916382,76187,76197,10
12.9207801819,80.2303085327,76197,76208,11
12.9196300507,80.230178833,76208,76218,10
12.9193000793,80.230140686,76218,76228,10
12.9189596176,80.2300872803,76228,76238,10
12.9182100296,80.2299804688,76238,76248,10
12.9173202515,80.2298736572,76248,76258,10
12.9164400101,80.2297363281,76258,76268,10
12.9154901505,80.229598999,76268,76278,10
12.914440155,80.2294616699,76278,76288,10
12.9135398865,80.2293395996,76288,76298,10
12.9132204056,80.229309082,76298,76308,10
12.9128799438,80.2292633057,76308,76319,11
12.9121198654,80.2291488647,76319,76329,10
12.9112701416,80.229019165,76329,76339,10
12.910320282,80.2288818359,76339,76349,10
12.9092998505,80.2287063599,76349,76359,10
12.9083099365,80.228553772,76359,76369,10
12.9074201584,80.2284164429,76369,76379,10
12.9068002701,80.2283325195,76379,76458,79
12.9068002701,80.2283325195,76458,76468,10
12.9064998627,80.2282409668,76468,76478,10
12.906080246,80.2282485962,76478,76487,9
12.9059400558,80.2282562256,76487,76498,11
12.9051504135,80.2282028198,76498,76507,9
12.904250145,80.2281570435,76507,76517,10
12.9031095505,80.2281036377,76517,76528,11
12.902009964,80.2280502319,76528,76539,11
12.9011297226,80.2279968262,76539,76549,10
12.9006996155,80.2279586792,76549,76559,10
12.9004001617,80.2279586792,76559,76569,10
12.9002103806,80.2279586792,76569,76579,10
12.9000597,80.2279510498,76579,76589,10
12.8998403549,80.2279281616,76589,76599,10
12.8995399475,80.2279205322,76599,76609,10
12.8994598389,80.2279205322,76609,76619,10
12.8990802765,80.227897644,76619,76629,10
12.898440361,80.2278900146,76629,76639,10
12.8977098465,80.2278213501,76639,76650,11
12.8967399597,80.2277832031,76650,76660,10
12.8958396912,80.2277374268,76660,76670,10
12.8949098587,80.2276992798,76670,76680,10
12.8938798904,80.2276382446,76680,76690,10
12.8930702209,80.2275466919,76690,76700,10
12.8929300308,80.2275238037,76700,76710,10
12.8925104141,80.2274703979,76710,76720,10
12.8922300339,80.2274398804,76720,76730,10
12.891579628,80.2274093628,76730,76740,10
12.8906898499,80.2274017334,76740,76750,10
12.8896503448,80.2274017334,76750,76761,11
12.8886203766,80.2274017334,76761,76771,10
12.8882598877,80.2273864746,76771,76781,10
12.8878498077,80.2273483276,76781,76791,10
12.8870601654,80.2272186279,76791,76801,10
12.8860301971,80.2269821167,76801,76811,10
12.8851604462,80.2267913818,76811,76821,10
12.8845100403,80.2267074585,76821,76831,10
12.8835401535,80.2267227173,76831,76841,10
12.8823795319,80.2267303467,76841,76851,10
12.8811197281,80.2267379761,76851,76861,10
12.8798799515,80.2267532349,76861,76872,11
12.8786401749,80.2267913818,76872,76882,10
12.8776397705,80.2268600464,76882,76892,10
12.8768396378,80.2269363403,76892,76902,10
12.8764095306,80.2269134521,76902,76912,10
12.8763904572,80.2267227173,76912,76922,10
12.8764200211,80.2263183594,76922,76932,10
12.8765001297,80.2255783081,76932,76942,10
12.8766002655,80.2246932983,76942,76952,10
12.8767595291,80.2237167358,76952,76962,10
12.8770103455,80.2226409912,76962,76972,10
12.877289772,80.2214508057,76972,76983,11
12.8775997162,80.2201385498,76983,76993,10
12.877869606,80.2189331055,76993,77003,10
12.8781404495,80.2176818848,77003,77013,10
12.8783798218,80.2165222168,77013,77023,10
12.8786096573,80.215423584,77023,77033,10
12.8788499832,80.2142486572,77033,77043,10
12.8790597916,80.213142395,77043,77053,10
12.8792600632,80.212059021,77053,77063,10
12.87940979,80.211227417,77063,77073,10
12.879119873,80.2109375,77073,77083,10
12.8790102005,80.210899353,77083,77093,10
12.8789100647,80.2108917236,77093,77103,10
12.8785200119,80.2108383179,77103,77114,11
12.8778495789,80.2107086182,77114,77124,10
12.877240181,80.210609436,77124,77134,10
12.8767595291,80.2105102539,77134,77143,9
12.8761901855,80.2104034424,77143,77153,10
12.8755502701,80.2102966309,77153,77164,11
12.8748397827,80.2101669312,77164,77174,10
12.8747301102,80.2101364136,77174,77184,10
12.8745803833,80.2100830078,77184,77193,9
12.8743495941,80.2099075317,77193,77203,10
12.8745298386,80.2095489502,77203,77215,12
12.8747196198,80.2097930908,77215,77225,10
12.8746700287,80.2100219727,77225,77235,10
12.8746795654,80.2100906372,77235,77245,10
12.8749198914,80.2101898193,77245,77265,20
12.8749198914,80.2101898193,77265,77275,10
12.8752202988,80.2102584839,77275,77285,10
12.8757801056,80.2103729248,77285,77295,10
12.8764600754,80.2105026245,77295,77305,10
12.877240181,80.210647583,77305,77315,10
12.8779001236,80.2107772827,77315,77326,11
12.878660202,80.2109222412,77326,77336,10
12.8790302277,80.2109832764,77336,77345,9
12.879240036,80.2110290527,77345,77357,12
12.87940979,80.2111206055,77357,77367,10
12.8794403076,80.2115097046,77367,77376,9
12.8792896271,80.2122192383,77376,77387,11
12.8791303635,80.2130889893,77387,77397,10
12.8789396286,80.2140579224,77397,77407,10
12.8787603378,80.2150115967,77407,77417,10
12.8785400391,80.216003418,77417,77427,10
12.8783302307,80.2170410156,77427,77438,11
12.8780899048,80.2182235718,77438,77448,10
12.877869606,80.2192306519,77448,77458,10
12.8776397705,80.2202224731,77458,77468,10
12.8773899078,80.221282959,77468,77478,10
12.8771400452,80.2223434448,77478,77488,10
12.8768997192,80.2233963013,77488,77498,10
12.8767004013,80.2243728638,77498,77508,10
12.8765802383,80.2253570557,77508,77518,10
12.8764600754,80.2262268066,77518,77528,10
12.8764400482,80.2268829346,77528,77549,21
12.8764400482,80.2268829346,77549,77559,10
12.8765201569,80.2269287109,77559,77569,10
12.8768396378,80.2268981934,77569,77579,10
12.877530098,80.2268295288,77579,77589,10
12.8784303665,80.2267532349,77589,77599,10
12.8794803619,80.2266998291,77599,77609,10
12.8806295395,80.2266769409,77609,77619,10
12.8817996979,80.2266616821,77619,77629,10
12.8829803467,80.2266464233,77629,77645,16
12.8846797943,80.2266311646,77645,77657,12
12.8852500916,80.2266616821,77657,77668,11
12.8854799271,80.2267074585,77668,77678,10
12.8861398697,80.2268829346,77678,77688,10
12.8869600296,80.2270965576,77688,77698,10
12.8878498077,80.2272415161,77698,77708,10
12.8887395859,80.2273025513,77708,77717,9
12.8898696899,80.2273101807,77717,77728,11
12.8910198212,80.2273178101,77728,77738,10
12.8920602798,80.2273178101,77738,77748,10
12.8928899765,80.2273864746,77748,77757,9
12.8937501907,80.2274932861,77757,77769,12
12.8941698074,80.2275314331,77769,77779,10
12.8946399689,80.2275619507,77779,77789,10
12.8954296112,80.2276000977,77789,77799,10
12.8964300156,80.2276382446,77799,77809,10
12.8975296021,80.2276992798,77809,77819,10
12.8985795975,80.2277603149,77819,77828,9
12.899430275,80.2278137207,77828,77839,11
12.9002399445,80.2278289795,77839,77849,10
12.9005298615,80.2278366089,77849,77880,31
12.9005298615,80.2278366089,77880,77890,10
12.9008998871,80.2278823853,77890,77900,10
12.9012699127,80.2279281616,77900,77910,10
12.9016599655,80.2279586792,77910,77920,10
12.9022598267,80.2279815674,77920,77930,10
12.9027900696,80.2279891968,77930,77940,10
12.9027996063,80.2279891968,77940,77950,10
12.9028596878,80.2279968262,77950,77960,10
12.9031200409,80.2280197144,77960,77970,10
12.9037303925,80.2280502319,77970,77980,10
12.904299736,80.2280807495,77980,77991,11
12.9050397873,80.2281265259,77991,78001,10
12.9058799744,80.2281570435,78001,78031,30
12.9058799744,80.2281570435,78031,78041,10
12.9061803818,80.2281799316,78041,78051,10
12.906539917,80.2282104492,78051,78061,10
12.9069404602,80.2282409668,78061,78071,10
12.9070796967,80.2282562256,78071,78081,10
12.9071702957,80.2282714844,78081,78091,10
12.9075698853,80.2283325195,78091,78101,10
12.908200264,80.2284469604,78101,78112,11
12.9090900421,80.2285919189,78112,78122,10
12.9099702835,80.2287368774,78122,78132,10
12.9108200073,80.2288665771,78132,78142,10
12.9116601944,80.2289886475,78142,78152,10
12.9124898911,80.2291183472,78152,78162,10
12.9132900238,80.2292327881,78162,78172,10
12.9136800766,80.2292785645,78172,78182,10
12.9138002396,80.2292861938,78182,78192,10
12.9140501022,80.2293167114,78192,78202,10
12.9146404266,80.2294006348,78202,78212,10
12.9153404236,80.2295227051,78212,78223,11
12.9163398743,80.2296676636,78223,78233,10
12.9171104431,80.2297668457,78233,78243,10
12.9179801941,80.2298965454,78243,78253,10
12.9188604355,80.2300033569,78253,78263,10
12.9192199707,80.2300262451,78263,78273,10
12.9196796417,80.2300796509,78273,78283,10
12.920419693,80.230178833,78283,78293,10
12.9212903976,80.2303009033,78293,78303,10
12.9222698212,80.2304382324,78303,78313,10
12.9233102798,80.2305984497,78313,78323,10
12.9243202209,80.2307434082,78323,78334,11
12.9254798889,80.2308807373,78334,78344,10
12.9262895584,80.2309570313,78344,78354,10
12.926320076,80.23097229,78354,78364,10
12.9266996384,80.231010437,78364,78374,10
12.9273395538,80.2310791016,78374,78384,10
12.9281396866,80.2311782837,78384,78394,10
12.9286804199,80.2312393188,78394,78404,10
12.9292001724,80.2313690186,78404,78414,10
12.929980278,80.2315216064,78414,78424,10
12.9309501648,80.2317962646,78424,78434,10
12.9319400787,80.232131958,78434,78445,11
12.932970047,80.2324829102,78445,78455,10
12.933549881,80.2327270508,78455,78465,10
12.9335699081,80.2327423096,78465,78475,10
12.9338302612,80.2328567505,78475,78485,10
12.934419632,80.2331390381,78485,78495,10
12.9351902008,80.2334899902,78495,78505,10
12.9359397888,80.2338485718,78505,78515,10
12.9368095398,80.2342681885,78515,78525,10
12.9377803802,80.2347183228,78525,78535,10
12.9387397766,80.235206604,78535,78545,10
12.9395503998,80.2356109619,78545,78556,11
12.9396400452,80.2356491089,78556,78565,9
12.9398403168,80.2357406616,78565,78576,11
12.9405298233,80.2359771729,78576,78586,10
12.9414100647,80.2361907959,78586,78596,10
12.9423904419,80.2364578247,78596,78606,10
12.9432601929,80.2369613647,78606,78616,10
12.9437704086,80.2374725342,78616,78626,10
12.9440097809,80.2377700806,78626,78635,9
12.9444303513,80.2382507324,78635,78645,10
12.945019722,80.238899231,78645,78656,11
12.9459199905,80.2394790649,78656,78667,11
12.9469003677,80.2398834229,78667,78677,10
12.9472799301,80.2400283813,78677,78687,10
12.9475097656,80.2401199341,78687,78697,10
12.9480199814,80.2403335571,78697,78707,10
12.9485502243,80.2405395508,78707,78717,10
12.9490003586,80.2407302856,78717,78727,10
12.9494600296,80.2409133911,78727,78737,10
12.9501399994,80.2410964966,78737,78747,10
12.9508199692,80.2413024902,78747,78757,10
12.9508800507,80.241317749,78757,78767,10
12.9511003494,80.2413864136,78767,78778,11
12.9517097473,80.2416000366,78778,78788,10
12.952460289,80.2418823242,78788,78798,10
12.9532499313,80.2422103882,78798,78808,10
12.9538097382,80.2424163818,78808,78818,10
12.9544000626,80.2426528931,78818,78828,10
12.9549198151,80.2428512573,78828,78838,10
12.9555196762,80.2430496216,78838,78848,10
12.9559803009,80.2432479858,78848,78899,51
12.9559803009,80.2432479858,78899,78909,10
12.9563398361,80.2433776855,78909,78919,10
12.9563503265,80.2433776855,78919,78929,10
12.9566802979,80.2434997559,78929,78939,10
12.9572601318,80.2437591553,78939,78949,10
12.9580097198,80.2441101074,78949,78959,10
12.9587898254,80.2444229126,78959,78969,10
12.9588804245,80.244468689,78969,78979,10
12.9591598511,80.2446136475,78979,78989,10
12.9596300125,80.2448425293,78989,79000,11
12.9604101181,80.2451934814,79000,79010,10
12.9613199234,80.2456130981,79010,79020,10
12.9622402191,80.2460632324,79020,79030,10
12.9628896713,80.2463684082,79030,79040,10
12.9631004333,80.2464675903,79040,79050,10
12.9631795883,80.2465133667,79050,79060,10
12.963549614,80.246711731,79060,79070,10
12.9641199112,80.2469406128,79070,79080,10
12.9647502899,80.2471694946,79080,79090,10
12.9654302597,80.2473983765,79090,79100,10
12.9659795761,80.2475967407,79100,79111,11
12.9663000107,80.2477416992,79111,79121,10
12.9663095474,80.2477416992,79121,79131,10
12.9665002823,80.2478179932,79131,79141,10
12.9668502808,80.2480010986,79141,79151,10
12.9674396515,80.2482833862,79151,79161,10
12.9682197571,80.2485961914,79161,79171,10
12.9691200256,80.2489700317,79171,79181,10
12.9701099396,80.2493515015,79181,79191,10
12.9711198807,80.2497024536,79191,79201,10
12.9721298218,80.249961853,79201,79211,10
12.9730501175,80.2501983643,79211,79221,10
12.9739398956,80.2504272461,79221,79231,10
12.9748697281,80.2506866455,79231,79242,11
12.9759502411,80.2510070801,79242,79252,10
12.9769496918,80.2512969971,79252,79261,9
12.9777498245,80.2517776489,79261,79272,11
12.9785404205,80.2524337769,79272,79282,10
12.9791402817,80.2525787354,79282,79292,10
12.9793100357,80.2525634766,79292,79302,10
12.9795703888,80.252571106,79302,79312,10
12.9798898697,80.2523574829,79312,79322,10
12.9799003601,80.2522964478,79322,79332,10
12.9799404144,80.2521286011,79332,79343,11
12.9800796509,80.2516937256,79343,79353,10
12.9802799225,80.2509994507,79353,79363,10
12.9805002213,80.2501296997,79363,79373,10
12.9806804657,80.2492294312,79373,79383,10
12.9807395935,80.248298645,79383,79393,10
12.9808101654,80.2472763062,79393,79403,10
12.980919838,80.2462081909,79403,79413,10
12.9810495377,80.2450866699,79413,79423,10
12.9811697006,80.2440719604,79423,79433,10
12.9812898636,80.243598938,79433,79443,10
12.9813404083,80.2432403564,79443,79454,11
12.9813404083,80.2428207397,79454,79464,10
12.9813404083,80.2428131104,79464,79474,10
12.9813804626,80.2424926758,79474,79490,16
12.9813499451,80.2413024902,79490,79502,12
12.9813098907,80.2403869629,79502,79510,8
12.9812898636,80.2397994995,79510,79521,11
12.9812698364,80.2391433716,79521,79532,11
12.9812602997,80.2384414673,79532,79542,10
12.9812498093,80.2379608154,79542,79552,10
12.9812402725,80.23777771,79552,79563,11
12.9812297821,80.237159729,79563,79573,10
12.9812097549,80.236328125,79573,79583,10
12.981180191,80.2354431152,79583,79593,10
12.9811601639,80.2345199585,79593,79603,10
12.9814100266,80.2337112427,79603,79613,10
12.9816102982,80.233291626,79613,79623,10
12.9816703796,80.2331924438,79623,79633,10
12.9818201065,80.2328262329,79633,79643,10
12.9819498062,80.2324066162,79643,79653,10
12.9819498062,80.2318878174,79653,79663,10
12.9819202423,80.2314224243,79663,79674,11
12.981760025,80.2308502197,79674,79684,10
12.9814596176,80.2303237915,79684,79694,10
12.9810400009,80.2296218872,79694,79704,10
12.9807701111,80.2291793823,79704,79714,10
12.9805803299,80.2288894653,79714,79724,10
12.9805202484,80.2288131714,79724,79734,10
12.9803304672,80.2284622192,79734,79744,10
12.980219841,80.2281570435,79744,79754,10
12.9799404144,80.2276916504,79754,79764,10
12.9795598984,80.2270812988,79764,79774,10
12.9791603088,80.2264175415,79774,79784,10
12.9787597656,80.2257385254,79784,79795,11
12.9782600403,80.2249221802,79795,79805,10
12.9778795242,80.2244186401,79805,79815,10
12.9777097702,80.2241592407,79815,79825,10
12.9775600433,80.2238769531,79825,79835,10
12.9773197174,80.223487854,79835,79845,10
12.9769897461,80.2229385376,79845,79855,10
12.9769601822,80.2227020264,79855,79865,10
12.9771699905,80.2226486206,79865,79875,10
12.9772500992,80.2226486206,79875,79885,10
12.9774904251,80.2225723267,79885,79895,10
12.9774999619,80.2222518921,79895,79926,31
12.9774999619,80.2222518921,79926,79936,10
12.9774799347,80.2219390869,79936,79946,10
12.9774398804,80.2214126587,79946,79956,10
12.9774999619,80.2211608887,79956,79966,10
12.9779701233,80.2211685181,79966,79976,10
12.9786396027,80.2211227417,79976,79986,10
12.97935009,80.2210922241,79986,79996,10
12.980050087,80.2210388184,79996,80006,10
12.9807796478,80.2209777832,80006,80017,11
12.9815597534,80.2212982178,80017,80027,10
12.9821100235,80.2216873169,80027,80037,10
12.9827203751,80.2218933105,80037,80047,10
12.9829702377,80.2220077515,80047,80057,10
12.9830799103,80.2220687866,80057,80067,10
12.9834499359,80.2223434448,80067,80077,10
12.9838600159,80.2225799561,80077,80087,10
12.9843597412,80.2228775024,80087,80097,10
12.984919548,80.223197937,80097,80107,10
12.9853696823,80.2232818604,80107,80117,10
12.9856996536,80.2229995728,80117,80128,11
12.9863796234,80.2229537964,80128,80138,10
12.9865198135,80.2229766846,80138,80148,10
12.9869403839,80.2230377197,80148,80158,10
12.9875202179,80.2230834961,80158,80168,10
12.9881801605,80.2227401733,80168,80177,9
12.9886598587,80.2223129272,80177,80188,11
12.9891500473,80.2217483521,80188,80198,10
12.9893398285,80.2214889526,80198,80208,10
12.9897499084,80.2209320068,80208,80218,10
12.99036026,80.2204208374,80218,80228,10
12.9905395508,80.2202682495,80228,80239,11
12.9909200668,80.2200012207,80239,80249,10
12.9914398193,80.219581604,80249,80259,10
12.9920301437,80.2191390991,80259,80269,10
12.992650032,80.2186965942,80269,80279,10
12.9933004379,80.2182388306,80279,80289,10
12.9938898087,80.2178192139,80289,80299,10
12.9943704605,80.2174606323,80299,80309,10
12.9948396683,80.2171173096,80309,80318,9
12.9951400757,80.2169189453,80318,80328,10
12.9956998825,80.2166671753,80328,80339,11
12.9964199066,80.216506958,80339,80350,11
12.9971399307,80.2164382935,80350,80360,10
12.9974899292,80.2161026001,80360,80370,10
12.9975299835,80.2160568237,80370,80380,10
12.997710228,80.2159118652,80380,80390,10
12.9981899261,80.2155227661,80390,80400,10
12.9987401962,80.2150421143,80400,80410,10
12.9991197586,80.2147216797,80410,80420,10
12.9994401932,80.2144393921,80420,80430,10
12.9998502731,80.2140884399,80430,80440,10
13.0002803802,80.2136993408,80440,80449,9
13.000670433,80.2133407593,80449,80461,12
13.0011501312,80.2129898071,80461,80471,10
13.0016899109,80.2125778198,80471,80481,10
13.0022602081,80.2122192383,80481,80491,10
13.0026197433,80.212097168,80491,80501,10
13.0031299591,80.212059021,80501,80511,10
13.0036201477,80.2119522095,80511,80521,10
13.0036802292,80.2116165161,80521,80531,10
13.0036401749,80.2109375,80531,80541,10
13.0035400391,80.2101211548,80541,80551,10
13.0035400391,80.2093276978,80551,80561,10
13.0037403107,80.2086715698,80561,80571,10
13.0044298172,80.2088012695,80571,80582,11
13.0052995682,80.2091903687,80582,80592,10
13.0060901642,80.209487915,80592,80602,10
13.0067996979,80.2097015381,80602,80630,28
13.0067996979,80.2097015381,80630,80638,8
13.0068502426,80.2097473145,80638,80650,12
13.0072402954,80.2098388672,80650,80660,10
13.0076503754,80.2099075317,80660,80670,10
13.0079698563,80.2099609375,80670,80680,10
13.0081501007,80.2098693848,80680,80691,11
13.0080299377,80.2093582153,80691,80701,10
13.0078802109,80.2086410522,80701,80710,9
13.0077695847,80.2078781128,80710,80721,11
13.007610321,80.206817627,80721,80733,12
13.0074901581,80.205581665,80733,80743,10
13.0074996948,80.2046432495,80743,80753,10
13.0074501038,80.2038269043,80753,80763,10
13.0073204041,80.2030792236,80763,80773,10
13.0069198608,80.202507019,80773,80784,11
13.0065202713,80.2031021118,80784,80794,10
13.007060051,80.2034835815,80794,80805,11
13.0078401566,80.203666687,80805,80815,10
13.0084199905,80.2033081055,80815,80825,10
13.007900238,80.2027816772,80825,80835,10
13.0075502396,80.2034988403,80835,80845,10
13.0076198578,80.2043304443,80845,80855,10
13.007610321,80.2051086426,80855,80865,10
13.0076599121,80.2058029175,80865,80875,10
13.0078496933,80.2069320679,80875,80885,10
13.0079603195,80.2077713013,80885,80895,10
13.0080699921,80.2086105347,80895,80905,10
13.0082197189,80.2094497681,80905,80916,11
13.0085601807,80.210319519,80916,80926,10
13.009059906,80.2108001709,80926,80945,19
13.009059906,80.2108001709,80945,80955,10
13.0093202591,80.2109832764,80955,80965,10
13.0092096329,80.2111968994,80965,80976,11
13.0092000961,80.2112121582,80976,80986,10
13.0090799332,80.2113571167,80986,80996,10
13.0089902878,80.2115936279,80996,81006,10
13.0091199875,80.2120132446,81006,81016,10
13.009349823,80.2126922607,81016,81027,11
13.0096597672,80.2135162354,81027,81037,10
13.0099897385,80.2143478394,81037,81047,10
13.0101604462,80.2152175903,81047,81057,10
13.0104198456,80.2161102295,81057,81067,10
13.0108203888,80.2169799805,81067,81077,10
13.0112104416,80.2179031372,81077,81087,10
13.0116195679,80.219039917,81087,81097,10
13.0119895935,80.220199585,81097,81106,9
13.012260437,80.2211074829,81106,81117,11
13.0125398636,80.2217636108,81117,81127,10
13.012840271,80.2221679688,81127,81137,10
13.0131597519,80.2225418091,81137,81148,11
13.0135602951,80.2229766846,81148,81158,10
13.0140104294,80.223487854,81158,81168,10
13.014380455,80.2239990234,81168,81178,10
13.0149002075,80.2245330811,81178,81188,10
13.0152702332,80.2250213623,81188,81198,10
13.015370369,80.225227356,81198,81208,10
13.0153999329,80.2254867554,81208,81218,10
13.0151901245,80.2258224487,81218,81228,10
13.0146598816,80.2260437012,81228,81238,10
13.0138301849,80.2263565063,81238,81249,11
13.0128097534,80.2268218994,81249,81259,10
13.011759758,80.2272491455,81259,81269,10
13.010720253,80.2276916504,81269,81279,10
13.0097904205,80.2280578613,81279,81289,10
13.0090999603,80.2285995483,81289,81299,10
13.0089197159,80.2295227051,81299,81309,10
13.0087099075,80.2306213379,81309,81319,10
13.0085000992,80.2317199707,81319,81329,10
13.0082798004,80.2328262329,81329,81339,10
13.0081596375,80.2336425781,81339,81349,10
13.0080900192,80.2339172363,81349,81360,11
13.0079498291,80.234588623,81360,81370,10
13.0077896118,80.2354125977,81370,81380,10
13.007610321,80.2363510132,81380,81390,10
13.0074100494,80.2373199463,81390,81400,10
13.007229805,80.2382583618,81400,81410,10
13.0070800781,80.2390518188,81410,81420,10
13.0069503784,80.2397079468,81420,81430,10
13.0069198608,80.2400970459,81430,81450,20
13.0069198608,80.2400970459,81450,81460,10
13.0069904327,80.2403182983,81460,81471,11
13.0068502426,80.2409362793,81471,81481,10
13.0067501068,80.2417602539,81481,81491,10
13.0067195892,80.2427597046,81491,81501,10
13.0066795349,80.243560791,81501,81511,10
13.0066604614,80.2444076538,81511,81521,10
13.0066604614,80.2453384399,81521,81531,10
13.0066699982,80.2462387085,81531,81541,10
13.0066795349,80.2471313477,81541,81551,10
13.0066795349,80.2479705811,81551,81561,10
13.0067195892,80.248840332,81561,81571,10
13.0067596436,80.2498474121,81571,81582,11
13.0067796707,80.2509231567,81582,81592,10
13.0067100525,80.2516403198,81592,81602,10
13.0065402985,80.2524414063,81602,81612,10
13.0065097809,80.2534103394,81612,81622,10
13.006529808,80.2544403076,81622,81632,10
13.0065498352,80.2554397583,81632,81642,10
13.0065603256,80.2564163208,81642,81652,10
13.0066604614,80.2572937012,81652,81709,57
13.0066604614,80.2572937012,81709,81721,12
13.0067195892,80.2573776245,81721,81730,9
13.0064601898,80.2575836182,81730,81741,11
13.0059099197,80.2574386597,81741,81751,10
13.0052900314,80.257270813,81751,81761,10
13.0046195984,80.2571334839,81761,81771,10
13.0040597916,80.2570114136,81771,81780,9
13.0033197403,80.2568664551,81780,81791,11
13.0025501251,80.256729126,81791,81801,10
13.0018396378,80.2566070557,81801,81812,11
13.0010204315,80.2564926147,81812,81822,10
13.0002202988,80.256362915,81822,81832,10
12.9995498657,80.2562179565,81832,81841,9
12.9988603592,80.2560806274,81841,81852,11
12.998169899,80.2559967041,81852,81862,10
12.9980697632,80.2559890747,81862,81872,10
12.9978103638,80.2559814453,81872,81882,10
12.9976797104,80.256149292,81882,81892,10
12.997710228,80.2563934326,81892,82306,414
12.997710228,80.2563934326,82306,82316,10
12.997710228,80.2567214966,82316,82689,373
12.9976501465,80.257019043,82689,82800,111
12.9976501465,80.257019043,82800,82810,10
12.9976596832,80.2571487427,82810,82821,11
12.9979295731,80.2571182251,82821,82831,10
