12.998290062,80.2567596436,19,4526,4507
12.998290062,80.2567596436,4526,4537,11
12.9982795715,80.2565536499,4537,4547,10
12.9980802536,80.256439209,4547,4557,10
12.9978303909,80.256439209,4557,6362,1805
12.9976797104,80.2564086914,6362,6684,322
12.997759819,80.2563705444,6684,8923,2239
12.997879982,80.2563705444,8923,9185,262
12.9977397919,80.2564697266,9185,9780,595
12.9977397919,80.2564697266,9780,9790,10
12.9977197647,80.2563095093,9790,17122,7332
12.9977397919,80.256401062,17122,17576,454
12.9977903366,80.256477356,17576,18283,707
12.9977197647,80.2561798096,18283,18317,34
12.9975500107,80.2559890747,18317,18377,60
12.9975204468,80.2560195923,18377,18608,231
12.9974298477,80.2559585571,18608,19498,890
12.9969301224,80.255897522,19498,19529,31
12.9919395447,80.2560806274,19529,19606,77
12.989109993,80.2559814453,19606,19640,34
12.9873399734,80.2557373047,19640,19670,30
12.9855098724,80.2553863525,19670,19700,30
12.9831600189,80.2547836304,19700,19730,30
12.9816999435,80.2530288696,19730,19762,32
12.9756803513,80.2510223389,19762,19832,70
12.9721603394,80.2500305176,19832,19865,33
12.9686803818,80.248878479,19865,19896,31
12.9656295776,80.247543335,19896,19926,30
12.9627199173,80.2463912964,19926,19956,30
12.9599895477,80.2450866699,19956,19986,30
12.9576101303,80.2440490723,19986,20017,31
12.956029892,80.2434768677,20017,20047,30
12.9494800568,80.2409362793,20047,20120,73
12.9463195801,80.2396697998,20120,20150,30
12.9435100555,80.2373886108,20150,20181,31
12.9404296875,80.2360229492,20181,20211,30
12.9373502731,80.2345504761,20211,20241,30
12.934009552,80.2330093384,20241,20272,31
12.9305000305,80.2317199707,20272,20303,31
12.9269599915,80.231086731,20303,20333,30
12.9234104156,80.230682373,20333,20364,31
12.9197702408,80.2301864624,20364,20394,30
12.9161500931,80.2296905518,20394,20424,30
12.9126396179,80.2292022705,20424,20454,30
12.9043197632,80.2281570435,20454,20534,80
12.9013795853,80.2280273438,20534,20564,30
12.8995199203,80.2278823853,20564,20594,30
12.8968000412,80.2277603149,20594,20625,31
12.8937797546,80.2276077271,20625,20654,29
12.8903102875,80.2274017334,20654,20686,32
12.8868999481,80.227180481,20686,20716,30
12.8847799301,80.2267303467,20716,20746,30
12.8825902939,80.2267303467,20746,20775,29
12.8792104721,80.2267684937,20775,20806,31
12.8766002655,80.2269821167,20806,20837,31
12.8765697479,80.2254104614,20837,20867,30
12.8769397736,80.2230987549,20867,20896,29
12.8775596619,80.2203903198,20896,20927,31
12.8781003952,80.2179412842,20927,20958,31
12.8785896301,80.2155685425,20958,20988,30
12.8790502548,80.2132720947,20988,21018,30
12.87940979,80.2110977173,21018,21048,30
12.8792295456,80.2110137939,21048,21079,31
12.8774299622,80.2106628418,21079,21108,29
12.8752002716,80.2102279663,21108,21139,31
12.8746995926,80.2095794678,21139,21170,31
12.8747797012,80.209777832,21170,21260,90
12.8748397827,80.2102203369,21260,21291,31
12.8753595352,80.2102966309,21291,21322,31
12.8753595352,80.2102966309,21322,21340,18
12.8765096664,80.2105026245,21340,21351,11
12.8772802353,80.2106399536,21351,21361,10
12.8779401779,80.2107467651,21361,21372,11
12.8785896301,80.2108688354,21372,21382,10
12.8790903091,80.2109680176,21382,21392,10
12.8792200089,80.2109985352,21392,21402,10
12.8793096542,80.2110290527,21402,21412,10
12.8795003891,80.2112579346,21412,21422,10
12.87940979,80.2116928101,21422,21432,10
12.8793096542,80.2122268677,21432,21442,10
12.8792104721,80.2127838135,21442,21452,10
12.8790998459,80.2133483887,21452,21462,10
12.8789901733,80.2139205933,21462,21472,10
12.8788795471,80.2145080566,21472,21482,10
12.878780365,80.2150878906,21482,21493,11
12.8786401749,80.2156906128,21493,21503,10
12.8785200119,80.2162322998,21503,21513,10
12.8783998489,80.2167892456,21513,21523,10
12.8782901764,80.217376709,21523,21533,10
12.8781700134,80.2179794312,21533,21543,10
12.8780403137,80.2185821533,21543,21553,10
12.8778800964,80.2192230225,21553,21563,10
12.8777399063,80.2198410034,21563,21573,10
12.8776798248,80.220161438,21573,21583,10
12.8775596619,80.2206802368,21583,21593,10
12.877409935,80.2213668823,21593,21603,10
12.8772096634,80.2222213745,21603,21614,11
12.876950264,80.2233276367,21614,21624,10
12.8767204285,80.2244720459,21624,21634,10
12.8765897751,80.2256317139,21634,21644,10
12.8764600754,80.226890564,21644,21664,20
12.8764600754,80.226890564,21664,21674,10
12.8766403198,80.2269592285,21674,21684,10
12.8771095276,80.2268676758,21684,21694,10
12.8779401779,80.2267913818,21694,21704,10
12.8789596558,80.2267227173,21704,21714,10
12.8800802231,80.2266921997,21714,21725,11
12.8813495636,80.2266769409,21725,21735,10
12.8824901581,80.2266769409,21735,21745,10
12.8836402893,80.2266693115,21745,21755,10
12.885219574,80.2266616821,21755,21775,20
12.885219574,80.2266616821,21775,21785,10
12.8854999542,80.2266998291,21785,21795,10
12.8861198425,80.2268600464,21795,21805,10
12.8870201111,80.2270889282,21805,21815,10
12.8881101608,80.2272567749,21815,21825,10
12.8892498016,80.2273101807,21825,21835,10
12.89041996,80.2273178101,21835,21846,11
12.8917102814,80.2273178101,21846,21856,10
12.892780304,80.2273788452,21856,21866,10
12.8938102722,80.2274932861,21866,21876,10
12.893989563,80.2274932861,21876,21886,10
12.8943099976,80.2275314331,21886,21896,10
12.8949298859,80.2275695801,21896,21906,10
12.8957901001,80.2276306152,21906,21916,10
12.8966903687,80.2276687622,21916,21926,10
12.8977499008,80.227722168,21926,21936,10
12.8988599777,80.2277908325,21936,21946,10
12.8999700546,80.2278594971,21946,21956,10
12.900850296,80.227897644,21956,21967,11
12.9015903473,80.2279434204,21967,21977,10
12.9022798538,80.2279281616,21977,21997,20
12.9022798538,80.2279281616,21997,22007,10
12.9025201797,80.2279586792,22007,22017,10
12.9040899277,80.2280502319,22017,22027,10
12.9040899277,80.2280502319,22027,22037,10
12.9052095413,80.2281188965,22037,22046,9
12.9065799713,80.2282180786,22046,22088,42
12.9079303741,80.2283782959,22088,22118,30
12.9107303619,80.2288208008,22118,22148,30
12.9138298035,80.2292480469,22148,22178,30
12.9189395905,80.2299499512,22178,22255,77
12.9203701019,80.2301635742,22255,22285,30
12.9234600067,80.2305831909,22285,22315,30
12.9269304276,80.2310180664,22315,22346,31
12.9295101166,80.2313766479,22346,22376,30
12.9325895309,80.2322921753,22376,22406,30
12.9325895309,80.2322921753,22406,22427,21
12.9337396622,80.232749939,22427,22437,10
12.9340801239,80.2329101563,22437,22447,10
12.9346504211,80.2331619263,22447,22457,10
12.9349298477,80.2332992554,22457,22467,10
12.935549736,80.2335891724,22467,22477,10
12.9362697601,80.2339401245,22477,22487,10
12.9370002747,80.2342987061,22487,22497,10
12.9379396439,80.2347488403,22497,22507,10
12.9389801025,80.2352600098,22507,22517,10
12.9397201538,80.2356185913,22517,22527,10
12.939789772,80.2356414795,22527,22537,10
12.940199852,80.2358169556,22537,22548,11
12.9410295486,80.236038208,22548,22558,10
12.942029953,80.236289978,22558,22568,10
12.9430503845,80.2367172241,22568,22578,10
12.9437503815,80.2373733521,22578,22588,10
12.9443798065,80.2381286621,22588,22598,10
12.9451904297,80.2389602661,22598,22608,10
12.9462003708,80.2395401001,22608,22618,10
12.9471197128,80.2398986816,22618,22628,10
12.9479398727,80.2402420044,22628,22638,10
12.9487400055,80.240562439,22638,22648,10
12.9495897293,80.2408676147,22648,22658,10
12.9509801865,80.2412872314,22658,22679,21
12.9509801865,80.2412872314,22679,22689,10
12.9511003494,80.2413711548,22689,22699,10
12.9516096115,80.2415390015,22699,22709,10
12.9524002075,80.2418136597,22709,22719,10
12.95333004,80.2421798706,22719,22729,10
12.9543504715,80.2425765991,22729,22739,10
12.9550895691,80.2428817749,22739,22749,10
12.9558095932,80.2431411743,22749,22759,10
12.9563302994,80.2433013916,22759,22779,20
12.9563302994,80.2433013916,22779,22790,11
12.9566402435,80.2434005737,22790,22800,10
12.9572496414,80.2436904907,22800,22810,10
12.9580202103,80.2440490723,22810,22820,10
12.9587202072,80.2443389893,22820,22830,10
12.9590501785,80.2444534302,22830,22840,10
12.959280014,80.2445678711,22840,22850,10
12.9598798752,80.2448501587,22850,22860,10
12.9607000351,80.2452316284,22860,22870,10
12.961689949,80.2457122803,22870,22880,10
12.9627199173,80.2462081909,22880,22890,10
12.9636201859,80.2466812134,22890,22901,11
12.9646596909,80.2470779419,22901,22911,10
12.9656896591,80.2474365234,22911,22921,10
12.9663896561,80.2477035522,22921,22931,10
12.9664096832,80.2477111816,22931,22941,10
12.9664802551,80.2477416992,22941,22951,10
12.9668397903,80.2479171753,22951,22961,10
12.9674701691,80.2482376099,22961,22971,10
12.9684095383,80.2485961914,22971,22981,10
12.9694099426,80.2489929199,22981,22991,10
12.9704999924,80.249420166,22991,23001,10
12.9716596603,80.2497711182,23001,23010,9
12.9727296829,80.2500610352,23010,23022,12
12.9740495682,80.2504119873,23022,23032,10
12.9745702744,80.2505493164,23032,23042,10
12.9751501083,80.2507400513,23042,23052,10
12.9760198593,80.2509994507,23052,23062,10
12.9771203995,80.2513427734,23062,23072,10
12.9780902863,80.2520065308,23072,23082,10
12.9791202545,80.2525405884,23082,23092,10
12.9799404144,80.252456665,23092,23102,10
12.9799804688,80.2522888184,23102,23112,10
12.9799995422,80.2521209717,23112,23122,10
12.9801197052,80.2516403198,23122,23132,10
12.9803495407,80.2508621216,23132,23143,11
12.9806203842,80.24974823,23143,23153,10
12.9807395935,80.248588562,23153,23163,10
12.9808101654,80.2473907471,23163,23173,10
12.9809303284,80.2461700439,23173,23183,10
12.9810695648,80.2449264526,23183,23193,10
12.9811897278,80.2439193726,23193,23203,10
12.9812898636,80.2436523438,23203,23213,10
12.9813499451,80.2432403564,23213,23223,10
12.9813499451,80.2427978516,23223,23233,10
12.9813404083,80.2425994873,23233,23243,10
12.9813404083,80.2420730591,23243,23253,10
12.9813499451,80.2412796021,23253,23264,11
12.9813499451,80.2406311035,23264,23274,10
12.9813499451,80.2398986816,23274,23284,10
12.9813404083,80.2391281128,23284,23294,10
12.9813098907,80.2384796143,23294,23304,10
12.981300354,80.2378768921,23304,23314,10
12.981300354,80.2376937866,23314,23324,10
12.9812898636,80.2370834351,23324,23334,10
12.9812803268,80.2362213135,23334,23343,9
12.9812498093,80.2352828979,23343,23354,11
12.9812803268,80.2342071533,23354,23364,10
12.9815702438,80.2335205078,23364,23375,11
12.9816799164,80.2332763672,23375,23385,10
12.9818296432,80.2329788208,23385,23395,10
12.982000351,80.2323989868,23395,23405,10
12.9819898605,80.231842041,23405,23415,10
12.9819602966,80.2312088013,23415,23425,10
12.9816703796,80.2305984497,23425,23435,10
12.9812202454,80.229850769,23435,23445,10
12.9808502197,80.2292480469,23445,23455,10
12.9806604385,80.2289581299,23455,23465,10
12.9804000854,80.2285079956,23465,23475,10
12.980099678,80.2279281616,23475,23485,10
12.9796800613,80.2272567749,23485,23496,11
12.9791698456,80.2264022827,23496,23506,10
12.9786596298,80.2255401611,23506,23516,10
12.9783000946,80.224937439,23516,23526,10
12.9779195786,80.2244110107,23526,23536,10
12.977519989,80.2237472534,23536,23546,10
12.9770803452,80.2230072021,23546,23556,10
12.977060318,80.2226867676,23556,23566,10
12.9772596359,80.2226715088,23566,23576,10
12.9775400162,80.2225799561,23576,23586,10
12.977519989,80.2222290039,23586,23596,10
12.9774703979,80.2215576172,23596,23606,10
12.977519989,80.2212600708,23606,23617,11
12.9780197144,80.2211990356,23617,23627,10
12.9787597656,80.2211227417,23627,23637,10
12.979640007,80.2210464478,23637,23647,10
12.9806098938,80.2209625244,23647,23657,10
12.9814996719,80.2212219238,23657,23667,10
12.9820299149,80.2216110229,23667,23677,10
12.9826002121,80.2218093872,23677,23687,10
12.982749939,80.221862793,23687,23697,10
12.9830799103,80.2220077515,23697,23707,10
12.9834403992,80.2222824097,23707,23717,10
12.984000206,80.2226104736,23717,23728,11
12.9846897125,80.2230300903,23728,23738,10
12.9853096008,80.2232208252,23738,23748,10
12.9856901169,80.2229995728,23748,23758,10
12.986289978,80.2229309082,23758,23768,10
12.9864902496,80.2229385376,23768,23778,10
12.9869003296,80.2229919434,23778,23788,10
12.9874095917,80.2230529785,23788,23798,10
12.9874801636,80.2230529785,23798,23808,10
12.9878501892,80.2229614258,23808,23818,10
12.988409996,80.2225418091,23818,23828,10
12.9890203476,80.2218933105,23828,23838,10
12.9896697998,80.2210083008,23838,23849,11
12.9903697968,80.2203674316,23849,23859,10
12.990650177,80.2201919556,23859,23869,10
12.9911499023,80.2198181152,23869,23879,10
12.9916496277,80.2194366455,23879,23889,10
12.9923095703,80.2189712524,23889,23899,10
12.9931402206,80.2183837891,23899,23909,10
12.9939498901,80.2177963257,23909,23919,10
12.9946403503,80.2172698975,23919,23929,10
12.9954204559,80.2167892456,23929,23939,10
12.9962396622,80.2165527344,23939,23949,10
12.9969701767,80.2164306641,23949,23959,10
12.9974098206,80.2161407471,23959,23970,11
12.9976100922,80.2160263062,23970,23980,10
12.9979801178,80.2157211304,23980,23990,10
12.9985103607,80.2152633667,23990,24000,10
12.99862957,80.2151565552,24000,24010,10
12.998749733,80.215057373,24010,24020,10
12.9990196228,80.21484375,24020,24030,10
12.9992799759,80.2146072388,24030,24040,10
12.9997301102,80.2142333984,24040,24050,10
13.0002202988,80.2138137817,24050,24060,10
13.0007095337,80.2133331299,24060,24070,10
13.0011701584,80.2129516602,24070,24080,10
13.0017404556,80.212562561,24080,24091,11
13.0021800995,80.2122802734,24091,24101,10
13.0028495789,80.212097168,24101,24111,10
13.0035495758,80.2120285034,24111,24121,10
13.0037002563,80.2116470337,24121,24131,10
13.0036697388,80.2109298706,24131,24141,10
13.003569603,80.2101669312,24141,24151,10
13.0035495758,80.2094268799,24151,24161,10
13.0037698746,80.2087020874,24161,24171,10
13.0044498444,80.2088165283,24171,24181,10
13.0052700043,80.2091903687,24181,24191,10
13.0060396194,80.2094802856,24191,24202,11
13.0066604614,80.2096710205,24202,24212,10
13.0070896149,80.2097625732,24212,24242,30
13.0070896149,80.2097625732,24242,24252,10
13.0074996948,80.2098083496,24252,24262,10
13.0079698563,80.2099304199,24262,24272,10
13.0081501007,80.209777832,24272,24282,10
13.008020401,80.209197998,24282,24292,10
13.0079202652,80.2083969116,24292,24302,10
13.0077800751,80.2074737549,24302,24312,10
13.0076398849,80.2065887451,24312,24323,11
13.0075502396,80.2055892944,24323,24333,10
13.0075397491,80.2047119141,24333,24343,10
13.0074901581,80.2039337158,24343,24353,10
13.0073604584,80.2031097412,24353,24363,10
13.0068702698,80.2025680542,24363,24373,10
13.0065803528,80.2031173706,24373,24383,10
13.0071401596,80.2035293579,24383,24393,10
13.0079298019,80.2037124634,24393,24403,10
13.008939743,80.2036819458,24403,24413,10
13.0101804733,80.2036209106,24413,24423,10
13.0115098953,80.2037200928,24423,24434,11
13.0128698349,80.2039413452,24434,24444,10
13.0136804581,80.2042388916,24444,24474,30
13.0136804581,80.2042388916,24474,24484,10
13.0136995316,80.204536438,24484,24494,10
13.0134801865,80.2051391602,24494,24504,10
13.0131998062,80.2060394287,24504,24514,10
13.0130500793,80.2070083618,24514,24524,10
13.0129499435,80.2077026367,24524,24534,10
13.0128698349,80.2080688477,24534,24543,9
13.0128698349,80.2082214355,24543,24555,12
13.0128602982,80.2086105347,24555,24565,10
13.0129899979,80.2091674805,24565,24575,10
13.0131902695,80.2097320557,24575,24585,10
13.0131702423,80.210357666,24585,24595,10
13.0129203796,80.2111434937,24595,24605,10
13.0124797821,80.2119522095,24605,24615,10
13.0120296478,80.2126464844,24615,24625,10
13.0118503571,80.2128295898,24625,24635,10
13.0114402771,80.2125320435,24635,24645,10
13.0107803345,80.2120513916,24645,24655,10
13.0098896027,80.2114105225,24655,25492,837
13.0095996857,80.211151123,25492,25573,81
13.0093202591,80.2110137939,25573,25765,192
13.0093202591,80.2110137939,25765,25775,10
13.009180069,80.211227417,25775,25785,10
13.009059906,80.21144104,25785,25795,10
13.0091400146,80.2118377686,25795,25805,10
13.0093297958,80.2124633789,25805,25815,10
13.0095596313,80.2131195068,25815,25825,10
13.0098304749,80.2137985229,25825,25835,10
13.0101003647,80.2144622803,25835,25845,10
13.0102396011,80.2152481079,25845,25855,10
13.0104999542,80.2161636353,25855,25866,11
13.0109701157,80.2172164917,25866,25876,10
13.0113897324,80.2182617188,25876,25886,10
13.0117998123,80.2193603516,25886,25896,10
13.0121603012,80.2204666138,25896,25906,10
13.0124197006,80.2213592529,25906,25916,10
13.0126199722,80.2217178345,25916,25926,10
13.0129804611,80.2222366333,25926,25936,10
13.0134897232,80.2228164673,25936,25946,10
13.0141296387,80.2234802246,25946,25956,10
13.0146598816,80.2240600586,25956,25966,10
13.0150995255,80.224609375,25966,25976,10
13.01541996,80.2249832153,25976,25987,11
13.0154895782,80.225402832,25987,25997,10
13.0152301788,80.2257995605,25997,26007,10
13.0146303177,80.2260818481,26007,26017,10
13.0138998032,80.2263793945,26017,26027,10
13.0130596161,80.2267532349,26027,26037,10
13.012140274,80.2271118164,26037,26047,10
13.0111598969,80.2275009155,26047,26057,10
13.0101900101,80.2278594971,26057,26067,10
13.0096197128,80.2277603149,26067,26077,10
13.009759903,80.2271499634,26077,26087,10
13.0100402832,80.2264099121,26087,26098,11
13.0104904175,80.225402832,26098,26108,10
13.0108804703,80.2244873047,26108,26118,10
13.0111999512,80.2236022949,26118,26128,10
13.0111398697,80.2231369019,26128,26138,10
13.0105495453,80.2228775024,26138,26148,10
13.0103702545,80.2227706909,26148,26158,10
13.0100002289,80.2225494385,26158,26168,10
13.0093898773,80.2222366333,26168,26178,10
13.0086297989,80.2218093872,26178,26188,10
13.0077295303,80.2213363647,26188,26198,10
13.0068101883,80.2208328247,26198,26208,10
13.0058202744,80.2205200195,26208,26219,11
13.004699707,80.2202529907,26219,26229,10
13.0037202835,80.2200317383,26229,26239,10
13.002790451,80.2197113037,26239,26249,10
13.0020399094,80.219078064,26249,26259,10
13.00137043,80.2184829712,26259,26269,10
13.0006198883,80.2179718018,26269,26279,10
12.9999399185,80.2175521851,26279,26289,10
12.9990501404,80.217048645,26289,26299,10
12.9981603622,80.2166366577,26299,26309,10
12.9974403381,80.2165527344,26309,26319,10
12.9974098206,80.2165527344,26319,26329,10
12.997179985,80.2165603638,26329,26340,11
12.9965696335,80.216583252,26340,26350,10
12.9958095551,80.216758728,26350,26360,10
12.9949998856,80.2171707153,26360,26370,10
12.9945402145,80.2174682617,26370,26380,10
12.9940004349,80.2178878784,26380,26390,10
12.9933395386,80.2183380127,26390,26400,10
12.9926099777,80.2188491821,26400,26410,10
12.9918804169,80.2193984985,26410,26420,10
12.9912395477,80.219871521,26420,26430,10
12.99077034,80.2202377319,26430,26440,10
12.9907598495,80.2202529907,26440,26450,10
12.9905500412,80.2204208374,26450,26461,11
12.9901199341,80.2208023071,26461,26471,10
12.989569664,80.2213287354,26471,26481,10
12.9890499115,80.2219772339,26481,26491,10
12.988360405,80.2226715088,26491,26501,10
12.987739563,80.2231216431,26501,26511,10
12.9876499176,80.2231292725,26511,26521,10
12.9875001907,80.2231292725,26521,26531,10
12.9871196747,80.2230834961,26531,26541,10
12.9866600037,80.2229614258,26541,26551,10
12.9860696793,80.2229614258,26551,26561,10
12.9855804443,80.2232818604,26561,26572,11
12.984919548,80.2231369019,26572,26582,10
12.9842796326,80.2227783203,26582,26592,10
12.9838399887,80.2225494385,26592,26602,10
12.9832296371,80.2222137451,26602,26622,20
12.9832296371,80.2222137451,26622,26632,10
12.9830799103,80.2221221924,26632,26642,10
12.982749939,80.2219696045,26642,26652,10
12.9822597504,80.2218322754,26652,26662,10
12.9817199707,80.2214584351,26662,26672,10
12.9811601639,80.2211685181,26672,26682,10
12.9806003571,80.2211685181,26682,26693,11
12.9799404144,80.2211914063,26693,26703,10
12.9793996811,80.2211914063,26703,26713,10
12.9789304733,80.2211532593,26713,26753,40
12.9787597656,80.2209777832,26753,26783,30
12.9787597656,80.2209777832,26783,26793,10
12.9785804749,80.2209701538,26793,26803,10
12.9781703949,80.221031189,26803,26814,11
12.9778404236,80.2211608887,26814,26824,10
12.9773702621,80.2212371826,26824,26834,10
12.9767103195,80.2212371826,26834,26844,10
12.9763202667,80.221282959,26844,26854,10
12.9761800766,80.2214202881,26854,26864,10
12.9763698578,80.2217483521,26864,26884,20
12.9763698578,80.2217483521,26884,26894,10
12.9764003754,80.2220611572,26894,26904,10
12.9767103195,80.2225036621,26904,26914,10
12.9771299362,80.2231369019,26914,26924,10
12.9776296616,80.2239227295,26924,26935,11
12.9782104492,80.2248382568,26935,26944,9
12.9785804749,80.2254333496,26944,26954,10
12.9786100388,80.225479126,26954,26965,11
12.9787101746,80.2256393433,26965,26975,10
12.9789600372,80.2260437012,26975,26985,10
12.9793195724,80.2266311646,26985,26995,10
12.9797401428,80.2273178101,26995,27005,10
12.980219841,80.2281112671,27005,27015,10
12.9806604385,80.2288665771,27015,27025,10
12.9809904099,80.2294082642,27025,27035,10
12.9813699722,80.2299880981,27035,27046,11
12.981710434,80.230506897,27046,27056,10
12.981710434,80.2305221558,27056,27066,10
12.9818201065,80.230758667,27066,27076,10
12.9819898605,80.2312774658,27076,27086,10
12.982049942,80.2320175171,27086,27096,10
12.9819803238,80.2326126099,27096,27106,10
12.9815702438,80.2335968018,27106,27126,20
12.9815702438,80.2335968018,27126,27136,10
12.9813804626,80.2339172363,27136,27146,10
12.9811897278,80.2345199585,27146,27156,10
12.9812097549,80.2353363037,27156,27167,11
12.9812602997,80.2363891602,27167,27177,10
12.9812898636,80.237411499,27177,27187,10
12.9813098907,80.2384185791,27187,27197,10
12.9813299179,80.2387008667,27197,27207,10
12.9813299179,80.2387237549,27207,27217,10
12.9813203812,80.2390823364,27217,27227,10
12.9813299179,80.2396316528,27227,27237,10
12.9813404083,80.2403411865,27237,27247,10
12.9813604355,80.2411422729,27247,27257,10
12.9813699722,80.2419281006,27257,27267,10
12.9813804626,80.2425689697,27267,27276,9
12.9813899994,80.2429275513,27276,27288,12
12.9813995361,80.2429275513,27288,27298,10
12.9813995361,80.2430267334,27298,27308,10
12.9813804626,80.2434005737,27308,27318,10
12.981300354,80.2440490723,27318,27328,10
12.9812002182,80.2448806763,27328,27338,10
12.981089592,80.2458267212,27338,27348,10
12.9809799194,80.2468338013,27348,27358,10
12.9808998108,80.2478637695,27358,27368,10
12.9808101654,80.248916626,27368,27378,10
12.9806604385,80.2499771118,27378,27388,10
12.980389595,80.2510070801,27388,27398,10
12.9801397324,80.2519683838,27398,27409,11
12.9799604416,80.2526016235,27409,27459,50
12.9799604416,80.2526016235,27459,27469,10
12.9799203873,80.2527008057,27469,27479,10
12.9797096252,80.2528381348,27479,27489,10
12.979180336,80.2527618408,27489,27499,10
12.9786195755,80.2526473999,27499,27509,10
12.9785995483,80.2526397705,27509,27520,11
12.9784002304,80.2525024414,27520,27529,9
12.9779996872,80.252166748,27529,27540,11
12.9772996902,80.2515563965,27540,27550,10
12.9763898849,80.2512207031,27550,27560,10
12.9753198624,80.2509002686,27560,27570,10
12.9742202759,80.2505874634,27570,27580,10
12.9731702805,80.2502975464,27580,27590,10
12.9725399017,80.2501678467,27590,27600,10
12.9724798203,80.2501296997,27600,27610,10
12.9720401764,80.25,27610,27620,10
12.971329689,80.2498092651,27620,27630,10
12.9704704285,80.2495574951,27630,27641,11
12.9693603516,80.2491378784,27641,27651,10
12.9682798386,80.2487564087,27651,27661,10
12.9672498703,80.2483062744,27661,27671,10
12.9664297104,80.2479095459,27671,27681,10
12.965259552,80.247467041,27681,27701,20
12.965259552,80.247467041,27701,27711,10
12.9651002884,80.247467041,27711,27721,10
12.9647197723,80.2473220825,27721,27731,10
12.9639196396,80.2469711304,27731,27752,21
12.9639196396,80.2469711304,27752,27762,10
12.9637498856,80.2468338013,27762,27772,10
12.9634199142,80.2466888428,27772,27782,10
12.9628200531,80.246421814,27782,27792,10
12.9620304108,80.2460403442,27792,27802,10
12.9610795975,80.24559021,27802,27812,10
12.9595298767,80.2449188232,27812,27832,20
12.9595298767,80.2449188232,27832,27842,10
12.9591903687,80.2447814941,27842,27852,10
12.9585895538,80.2444992065,27852,27862,10
12.9579296112,80.2442092896,27862,27873,11
12.9573097229,80.2439880371,27873,27883,10
12.956489563,80.2437210083,27883,28064,181
12.956489563,80.2437210083,28064,28074,10
12.9561595917,80.243637085,28074,28084,10
12.9556703568,80.2433700562,28084,28094,10
12.9549703598,80.2430114746,28094,28104,10
12.9541196823,80.2426528931,28104,28115,11
12.9533395767,80.2423095703,28115,28125,10
12.9525098801,80.2419891357,28125,28135,10
12.9516601563,80.2417068481,28135,28145,10
12.9515800476,80.2416915894,28145,28155,10
12.9513597488,80.2416229248,28155,28165,10
12.9508399963,80.2414321899,28165,28175,10
12.9501104355,80.2412109375,28175,28185,10
12.9497900009,80.2410888672,28185,28195,10
12.9494695663,80.2409896851,28195,28205,10
12.949139595,80.2408905029,28205,28215,10
12.9486398697,80.2406692505,28215,28226,11
12.9478397369,80.2403106689,28226,28236,10
12.9472799301,80.2401123047,28236,28256,20
12.9472799301,80.2401123047,28256,28266,10
12.9469099045,80.2399597168,28266,28276,10
12.9463300705,80.2397079468,28276,28286,10
12.9456300735,80.239402771,28286,28296,10
12.9448900223,80.2388305664,28296,28306,10
12.9441795349,80.2380599976,28306,28316,10
12.9432601929,80.2371063232,28316,28336,20
12.9432601929,80.2371063232,28336,28346,10
12.9430198669,80.2368927002,28346,28357,11
12.9423904419,80.236541748,28357,28367,10
12.9415397644,80.2362976074,28367,28377,10
12.9405498505,80.236038208,28377,28387,10
12.9397001266,80.235748291,28387,28407,20
12.9397001266,80.235748291,28407,28417,10
12.9394702911,80.2356567383,28417,28427,10
12.9389400482,80.2354125977,28427,28437,10
12.9382400513,80.2350921631,28437,28447,10
12.9373903275,80.2346572876,28447,28457,10
12.9365100861,80.2342529297,28457,28468,11
12.9359197617,80.2339630127,28468,28478,10
12.9353599548,80.2337112427,28478,28488,10
12.9346199036,80.2333679199,28488,28498,10
12.9340200424,80.2331085205,28498,28518,20
12.9340200424,80.2331085205,28518,28528,10
12.933930397,80.2330474854,28528,28538,10
12.933549881,80.2328720093,28538,28548,10
12.9329099655,80.2325897217,28548,28558,10
12.9321403503,80.2323074341,28558,28568,10
12.931189537,80.2319869995,28568,28579,11
12.9300804138,80.2316589355,28579,28589,10
12.9293899536,80.2314910889,28589,28599,10
12.9286603928,80.231338501,28599,28609,10
12.9277801514,80.2312164307,28609,28619,10
12.9267597198,80.2311019897,28619,28629,10
12.9257202148,80.2310409546,28629,28659,30
12.9257202148,80.2310409546,28659,28669,10
12.9254903793,80.2310333252,28669,28679,10
12.9251899719,80.2309875488,28679,28689,10
12.9248304367,80.2309570313,28689,28700,11
12.9241800308,80.2308502197,28700,28710,10
12.9234104156,80.2307281494,28710,28720,10
12.9225101471,80.2305908203,28720,28730,10
12.9215402603,80.2304229736,28730,28740,10
12.9204597473,80.2302932739,28740,28750,10
12.919260025,80.2301635742,28750,28780,30
12.919260025,80.2301635742,28780,28790,10
12.9191598892,80.230140686,28790,28800,10
12.9187602997,80.2300796509,28800,28810,10
12.9181003571,80.2299880981,28810,28821,11
12.9171600342,80.2298583984,28821,28831,10
12.9162197113,80.2297210693,28831,28841,10
12.9151802063,80.2295684814,28841,28851,10
12.9141397476,80.2294006348,28851,28861,10
12.9131498337,80.2293014526,28861,28881,20
12.9131498337,80.2293014526,28881,28891,10
12.9128503799,80.2292709351,28891,28911,20
12.9128503799,80.2292709351,28911,28921,10
12.9127502441,80.2292633057,28921,28931,10
12.9123601913,80.2292022705,28931,28942,11
12.9116096497,80.2291030884,28942,28952,10
12.9107599258,80.2289810181,28952,28962,10
12.9097700119,80.2288208008,28962,28972,10
12.9087600708,80.2286376953,28972,28982,10
12.9072799683,80.2284317017,28982,29022,40
12.9072799683,80.2284317017,29022,29032,10
12.9069099426,80.2283706665,29032,29042,10
12.9062900543,80.2282867432,29042,29051,9
12.9055595398,80.2282485962,29051,29063,12
12.9043397903,80.2282028198,29063,29073,10
12.9032297134,80.2281417847,29073,29083,10
12.9021997452,80.2280807495,29083,29093,10
12.9015102386,80.2280502319,29093,29103,10
12.9009599686,80.2280197144,29103,29113,10
12.9005899429,80.2279891968,29113,29123,10
12.9003200531,80.2279663086,29123,29133,10
12.8999500275,80.2279434204,29133,29143,10
12.8993196487,80.2279129028,29143,29153,10
12.8986301422,80.2279205322,29153,29174,21
12.8986301422,80.2279205322,29174,29184,10
12.8983802795,80.2278823853,29184,29194,10
12.8978004456,80.2278289795,29194,29204,10
12.8970098495,80.2277908325,29204,29214,10
12.8960599899,80.2277526855,29214,29224,10
12.8950300217,80.2277069092,29224,29234,10
12.8939304352,80.2276382446,29234,29244,10
12.8931903839,80.2275695801,29244,29264,20
12.8931903839,80.2275695801,29264,29274,10
12.892950058,80.2275238037,29274,29284,10
12.892370224,80.2274398804,29284,29294,10
12.8915901184,80.2274093628,29294,29305,11
12.8905801773,80.2274169922,29305,29315,10
12.8895397186,80.2274017334,29315,29325,10
12.888589859,80.2274169922,29325,29335,10
12.8884496689,80.2274017334,29335,29345,10
12.8879995346,80.2273712158,29345,29355,10
12.8873500824,80.2273025513,29355,29365,10
12.8868703842,80.2271881104,29365,29375,10
12.8860702515,80.2269973755,29375,29385,10
12.885140419,80.2267913818,29385,29395,10
12.8848400116,80.2267837524,29395,29405,10
12.8845300674,80.2267684937,29405,29416,11
12.8837604523,80.2267608643,29416,29426,10
12.8827800751,80.2267532349,29426,29436,10
12.8816604614,80.2267608643,29436,29446,10
12.8804702759,80.2267684937,29446,29456,10
12.8792600632,80.2267913818,29456,29466,10
12.8780202866,80.2268676758,29466,29476,10
12.8769102097,80.2269821167,29476,29486,10
12.8764801025,80.2269210815,29486,29496,10
12.8764295578,80.2266311646,29496,29516,20
12.8764295578,80.2266311646,29516,29526,10
12.8764600754,80.2264785767,29526,29537,11
12.8765201569,80.2259674072,29537,29547,10
12.8766002655,80.2251968384,29547,29557,10
12.876709938,80.2242736816,29557,29567,10
12.8769197464,80.2232818604,29567,29577,10
12.8771600723,80.2222213745,29577,29587,10
12.8774003983,80.2211914063,29587,29597,10
12.8776302338,80.220199585,29597,29607,10
12.877869606,80.2191696167,29607,29617,10
12.8781003952,80.2180786133,29617,29627,10
12.8783397675,80.2169494629,29627,29637,10
12.878569603,80.2158432007,29637,29647,10
12.8788099289,80.2147369385,29647,29658,11
12.8790397644,80.2135009766,29658,29668,10
12.8792495728,80.2124633789,29668,29678,10
12.8793697357,80.2117614746,29678,29688,10
12.87940979,80.2110595703,29688,29698,10
12.8790102005,80.2109375,29698,29708,10
12.8789997101,80.2109375,29708,29718,10
12.8788900375,80.2109527588,29718,29728,10
12.8784799576,80.2108688354,29728,29738,10
12.8778896332,80.2107620239,29738,29748,10
12.8772697449,80.2106399536,29748,29758,10
12.876709938,80.2105331421,29758,29768,10
12.8760900497,80.2104110718,29768,29779,11
12.8753595352,80.2102813721,29779,29789,10
12.8747301102,80.2101593018,29789,29799,10
12.8746004105,80.2101516724,29799,29809,10
12.87458992,80.2101364136,29809,29819,10
12.8744001389,80.2099609375,29819,29829,10
12.874540329,80.209602356,29829,29839,10
12.8746995926,80.2098083496,29839,30424,585
12.8746995926,80.2098083496,30424,30434,10
12.8747196198,80.2099761963,30434,30444,10
12.8747596741,80.2101593018,30444,30454,10
12.8751001358,80.2101898193,30454,30464,10
12.8756399155,80.2102890015,30464,30474,10
12.8761396408,80.2103881836,30474,30483,9
12.8767004013,80.2105026245,30483,30495,12
12.8775196075,80.2106399536,30495,30505,10
12.8782596588,80.2107925415,30505,30515,10
12.8789596558,80.2109298706,30515,30525,10
12.8793697357,80.2110290527,30525,30535,10
12.8794202805,80.2110366821,30535,30545,10
12.8790597916,80.2136077881,30545,30585,40
12.8790597916,80.2136077881,30585,30605,20
12.8787603378,80.2152099609,30605,30616,11
12.8785896301,80.2160263062,30616,30626,10
12.8784799576,80.2166137695,30626,30888,262
12.8784799576,80.2166137695,30888,30898,10
12.8784399033,80.2167892456,30898,30908,10
12.8783597946,80.2172012329,30908,30918,10
12.8782300949,80.2178268433,30918,30928,10
12.878080368,80.2185897827,30928,30938,10
12.8778800964,80.2194519043,30938,30948,10
12.8776798248,80.2203292847,30948,30958,10
12.8774700165,80.2212295532,30958,30969,11
12.877240181,80.2222366333,30969,30979,10
12.8770198822,80.2231826782,30979,30989,10
12.8767995834,80.2241516113,30989,30999,10
12.876660347,80.2251205444,30999,31009,10
12.8765602112,80.2260284424,31009,31019,10
12.8764801025,80.2267990112,31019,31069,50
12.8764801025,80.2267990112,31069,31079,10
12.8767204285,80.226890564,31079,31090,11
12.8772802353,80.2268371582,31090,31100,10
12.8780603409,80.2267837524,31100,31110,10
12.8789796829,80.2267303467,31110,31120,10
12.8800201416,80.2266921997,31120,31130,10
12.8811197281,80.2266693115,31130,31140,10
12.882229805,80.2266693115,31140,31150,10
12.8833198547,80.2266693115,31150,31160,10
12.8844003677,80.2266616821,31160,31170,10
12.8855895996,80.2267227173,31170,31191,21
12.8855895996,80.2267227173,31191,31201,10
12.885890007,80.2267837524,31201,31211,10
12.8863897324,80.2269210815,31211,31221,10
12.8871002197,80.2270812988,31221,31231,10
12.8879804611,80.2272186279,31231,31241,10
12.8889703751,80.2272872925,31241,31251,10
12.8900203705,80.2273025513,31251,31261,10
12.891119957,80.2273025513,31261,31271,10
12.8919801712,80.2272796631,31271,31312,41
12.8919801712,80.2272796631,31312,31322,10
12.8922300339,80.2273025513,31322,31332,10
12.8926401138,80.2273483276,31332,31342,10
12.8931999207,80.2274093628,31342,31352,10
12.8938302994,80.2274932861,31352,31362,10
12.8942403793,80.2275085449,31362,31382,20
12.8942403793,80.2275085449,31382,31392,10
12.8944997787,80.2275619507,31392,31402,10
12.8950595856,80.2275924683,31402,31412,10
12.8957595825,80.2276229858,31412,31422,10
12.8965797424,80.2276535034,31422,31433,11
12.8975000381,80.2276763916,31433,31443,10
12.8979597092,80.2276992798,31443,31453,10
12.8983297348,80.2277603149,31453,31463,10
12.8987903595,80.2277908325,31463,31473,10
12.8991699219,80.2278137207,31473,31483,10
12.8995103836,80.2278518677,31483,31493,10
12.8998603821,80.2278594971,31493,31503,10
12.9002399445,80.2278366089,31503,31654,151
12.9002399445,80.2278366089,31654,31664,10
12.9005298615,80.2278671265,31664,31674,10
12.9008998871,80.227897644,31674,31685,11
12.9013996124,80.227897644,31685,31695,10
12.9019002914,80.2279205322,31695,31705,10
12.9026098251,80.2279663086,31705,31715,10
12.9033403397,80.2279586792,31715,31735,20
12.9033403397,80.2279586792,31735,31745,10
12.903550148,80.2280197144,31745,31755,10
12.9038000107,80.2280197144,31755,31765,10
12.9040002823,80.2280426025,31765,31775,10
12.9040203094,80.2280426025,31775,31785,10
12.9041004181,80.2280502319,31785,31795,10
12.904419899,80.2280731201,31795,31806,11
12.9046497345,80.2281036377,31806,31816,10
12.9048595428,80.2281188965,31816,31826,10
12.9051198959,80.2281494141,31826,31836,10
12.9053001404,80.2281494141,31836,31846,10
12.9054603577,80.2281112671,31846,31856,10
12.9055595398,80.2280807495,31856,31866,10
12.9058303833,80.2280731201,31866,31876,10
12.90583992,80.2280731201,31876,31886,10
12.9060602188,80.2281036377,31886,31896,10
12.9063796997,80.2281417847,31896,31906,10
12.9067497253,80.228187561,31906,31917,11
12.9073400497,80.2282333374,31917,31927,10
12.9074296951,80.2282409668,31927,31937,10
12.9075298309,80.2282714844,31937,31947,10
12.9076404572,80.2282867432,31947,31957,10
12.9081201553,80.2283935547,31957,31967,10
12.9088602066,80.2285079956,31967,31977,10
12.9097995758,80.2286834717,31977,31987,10
12.9108295441,80.2288589478,31987,31997,10
12.9118499756,80.2289810181,31997,32007,10
12.9129800797,80.229133606,32007,32017,10
12.9142303467,80.2293014526,32017,32058,41
12.9142303467,80.2293014526,32058,32068,10
12.9145898819,80.2293624878,32068,32078,10
12.9147901535,80.2293167114,32078,32088,10
12.9151096344,80.2294006348,32088,32098,10
12.9157104492,80.2294921875,32098,32108,10
12.9164600372,80.229598999,32108,32118,10
12.9172296524,80.2297134399,32118,32128,10
12.9179697037,80.2298278809,32128,32138,10
12.918800354,80.2299423218,32138,32148,10
12.9194097519,80.2300109863,32148,32158,10
12.9194202423,80.2300109863,32158,32169,11
12.9195699692,80.2300415039,32169,32179,10
12.9200296402,80.2300872803,32179,32189,10
12.9207401276,80.2301864624,32189,32199,10
12.9215803146,80.2303009033,32199,32209,10
12.9225502014,80.2304382324,32209,32219,10
12.9236097336,80.2305908203,32219,32229,10
12.9247398376,80.2307434082,32229,32239,10
12.9258899689,80.2308883667,32239,32249,10
12.9266500473,80.2309494019,32249,32270,21
12.9266500473,80.2309494019,32270,32280,10
12.9269599915,80.2310028076,32280,32290,10
12.927479744,80.2310714722,32290,32300,10
12.9281902313,80.2311630249,32300,32310,10
12.9286298752,80.2312088013,32310,32320,10
12.9289102554,80.231262207,32320,32330,10
12.9294395447,80.2313690186,32330,32340,10
12.9301395416,80.231552124,32340,32350,10
12.930970192,80.2317733765,32350,32360,10
12.9319896698,80.232093811,32360,32370,10
12.9330196381,80.2324371338,32370,32380,10
12.9338302612,80.2327728271,32380,32390,10
12.9338703156,80.2327880859,32390,32401,11
12.9339504242,80.2328262329,32401,32411,10
12.9343099594,80.2329788208,32411,32421,10
12.9348402023,80.2332229614,32421,32431,10
12.935500145,80.2335205078,32431,32441,10
12.93612957,80.233833313,32441,32451,10
12.9368801117,80.2341995239,32451,32461,10
12.9377698898,80.2346191406,32461,32471,10
12.9387302399,80.2350997925,32471,32481,10
12.9395704269,80.2355270386,32481,32491,10
12.9402503967,80.235786438,32491,32501,10
12.9403400421,80.2358322144,32501,32512,11
12.9404401779,80.2358779907,32512,32522,10
12.9407596588,80.2359695435,32522,32532,10
12.9412899017,80.236076355,32532,32542,10
12.9420204163,80.2362594604,32542,32552,10
12.9427995682,80.236541748,32552,32562,10
12.9434499741,80.2370223999,32562,32572,10
12.9438695908,80.2375030518,32572,32592,20
12.9438695908,80.2375030518,32592,32602,10
12.9439697266,80.2378234863,32602,32612,10
12.9443302155,80.2381896973,32612,32622,10
12.944849968,80.2387008667,32622,32632,10
12.9454803467,80.2392425537,32632,32643,11
12.9463596344,80.2396316528,32643,32653,10
12.9468803406,80.2398071289,32653,32663,10
12.9468898773,80.2397994995,32663,32673,10
12.9469404221,80.2398223877,32673,32683,10
12.9472398758,80.2399291992,32683,32844,161
12.9472398758,80.2399291992,32844,32854,10
12.9474096298,80.2399597168,32854,32864,10
12.9478397369,80.2401504517,32864,32875,11
12.9483995438,80.2403793335,32875,32885,10
12.9488296509,80.2405090332,32885,32895,10
12.9491796494,80.2406692505,32895,32905,10
12.9494199753,80.2407989502,32905,32915,10
12.9499397278,80.2409515381,32915,32925,10
12.9504098892,80.2410736084,32925,32935,10
12.9507398605,80.2411880493,32935,32945,10
12.9511604309,80.2413482666,32945,32965,20
12.9511604309,80.2413482666,32965,32975,10
12.9513196945,80.2413864136,32975,32985,10
12.9515104294,80.2414474487,32985,32996,11
12.9517803192,80.241569519,32996,33006,10
12.9522304535,80.2417297363,33006,33016,10
12.95291996,80.2419891357,33016,33026,10
12.953669548,80.2422866821,33026,33036,10
12.9539699554,80.242401123,33036,33046,10
12.9542598724,80.2425308228,33046,33056,10
12.9547901154,80.2427520752,33056,33066,10
12.9554700851,80.242980957,33066,33076,10
12.9561595917,80.2431869507,33076,33096,20
12.9563302994,80.243270874,33096,33117,21
12.9563302994,80.243270874,33117,33127,10
12.9565496445,80.2433700562,33127,33137,10
12.9570503235,80.2436294556,33137,33147,10
12.9576997757,80.2439498901,33147,33157,10
12.9586601257,80.2443008423,33157,33197,40
12.9586601257,80.2443008423,33197,33207,10
12.9589500427,80.2445678711,33207,33217,10
12.9592199326,80.2446517944,33217,33228,11
12.9597301483,80.2448806763,33228,33238,10
12.9604196548,80.2452011108,33238,33248,10
12.9611902237,80.2455368042,33248,33258,10
12.9620304108,80.2459411621,33258,33268,10
12.9629001617,80.2463912964,33268,33349,81
12.9631299973,80.2466583252,33349,33429,80
12.9631299973,80.2466583252,33429,33439,10
12.9636697769,80.2467880249,33439,33449,10
12.9642295837,80.2469787598,33449,33459,10
12.9649496078,80.2472076416,33459,33468,9
12.9657201767,80.2474594116,33468,33480,12
12.9670801163,80.248046875,33480,33500,20
12.9670801163,80.248046875,33500,33510,10
12.9671697617,80.2480926514,33510,33520,10
12.9675397873,80.2482681274,33520,33530,10
12.9681997299,80.2485580444,33530,33540,10
12.9689903259,80.248840332,33540,33550,10
12.9698801041,80.2491989136,33550,33560,10
12.9709100723,80.2495727539,33560,33570,10
12.9719896317,80.2498931885,33570,33580,10
12.9730596542,80.2501678467,33580,33590,10
12.9744901657,80.2505493164,33590,33621,31
12.9744901657,80.2505493164,33621,33631,10
12.9746799469,80.250617981,33631,33641,10
12.9751796722,80.2507705688,33641,33651,10
12.9758701324,80.2509613037,33651,33661,10
12.9767799377,80.2512130737,33661,33671,10
12.9776802063,80.2516403198,33671,33681,10
12.9785003662,80.2522964478,33681,33691,10
12.9792804718,80.2525482178,33691,33701,10
12.9799804688,80.2521362305,33701,33732,31
12.9799804688,80.2521362305,33732,33742,10
12.9799995422,80.2519378662,33742,33752,10
12.9801101685,80.2516021729,33752,33762,10
12.9802999496,80.2509613037,33762,33772,10
12.980509758,80.2501525879,33772,33782,10
12.9806995392,80.2491912842,33782,33792,10
12.9807701111,80.2481765747,33792,33802,10
12.9808502197,80.2470779419,33802,33812,10
12.9809598923,80.2459106445,33812,33821,9
12.9811096191,80.2448425293,33821,33832,11
12.9812097549,80.2437362671,33832,33843,11
12.9813299179,80.2432785034,33843,33853,10
12.9813404083,80.2430725098,33853,33863,10
12.9813404083,80.24269104,33863,33883,20
12.9813404083,80.24269104,33883,33893,10
12.9813804626,80.242401123,33893,33903,10
12.9813499451,80.2418365479,33903,33913,10
12.9813404083,80.241027832,33913,33923,10
12.9813299179,80.2403793335,33923,33933,10
12.9813203812,80.2397079468,33933,33943,10
12.9813098907,80.2395172119,33943,33953,10
12.981300354,80.2389297485,33953,33964,11
12.9812698364,80.23777771,33964,33984,20
12.9812698364,80.23777771,33984,33994,10
12.9812803268,80.2376174927,33994,34004,10
12.9812602997,80.2372894287,34004,34014,10
12.9812498093,80.2367401123,34014,34024,10
12.9812097549,80.2359466553,34024,34034,10
12.9812002182,80.2351074219,34034,34044,10
12.9811897278,80.2344207764,34044,34054,10
12.9814300537,80.2338027954,34054,34064,10
12.9815998077,80.2334594727,34064,34075,11
12.9816102982,80.2334518433,34075,34085,10
12.9816999435,80.2332611084,34085,34095,10
12.981880188,80.2328491211,34095,34105,10
12.9820098877,80.2322998047,34105,34115,10
12.9819898605,80.2319335938,34115,34125,10
12.9819402695,80.2313766479,34125,34135,10
12.9817399979,80.23072052,34135,34143,8
12.9814195633,80.2301635742,34143,34155,12
12.9809103012,80.229347229,34155,34165,10
12.9806604385,80.2288894653,34165,34186,21
12.9806604385,80.2288894653,34186,34196,10
12.9805002213,80.2286376953,34196,34206,10
12.980340004,80.2282714844,34206,34216,10
12.9800300598,80.2277679443,34216,34226,10
12.979640007,80.2271575928,34226,34236,10
12.9792404175,80.2264404297,34236,34246,10
12.9787797928,80.2256622314,34246,34256,10
12.9783000946,80.2248687744,34256,34266,10
12.9779596329,80.2244033813,34266,34276,10
12.9778404236,80.2242279053,34276,34286,10
12.9777803421,80.2241516113,34286,34296,10
12.9776201248,80.2238082886,34296,34306,10
12.9772701263,80.2231903076,34306,34315,9
12.977060318,80.2227783203,34315,34327,12
12.977350235,80.2226867676,34327,34347,20
12.977350235,80.2226867676,34347,34357,10
12.9774799347,80.2226867676,34357,34367,10
12.9775800705,80.2224731445,34367,34377,10
12.977519989,80.222038269,34377,34387,10
12.9774599075,80.2214508057,34387,34397,10
12.9777898788,80.2213287354,34397,34407,10
12.9783802032,80.2212219238,34407,34417,10
12.9791898727,80.2211380005,34417,34427,10
12.9800596237,80.2210693359,34427,34438,11
12.980890274,80.2210006714,34438,34448,10
12.981590271,80.2211303711,34448,34458,10
12.9821100235,80.2215805054,34458,34468,10
12.982919693,80.2219619751,34468,34488,20
12.982919693,80.2219619751,34488,34498,10
12.9830503464,80.2220230103,34498,34508,10
12.9832496643,80.2221298218,34508,34518,10
12.9833803177,80.2222290039,34518,34528,10
12.9835700989,80.2223587036,34528,34538,10
12.983710289,80.2224578857,34538,34549,11
12.98416996,80.2226791382,34549,34559,10
12.9846096039,80.2229614258,34559,34569,10
12.9851903915,80.2231826782,34569,34579,10
12.9856595993,80.2229690552,34579,34589,10
12.9866199493,80.2229385376,34589,34609,20
12.9866199493,80.2229385376,34609,34619,10
12.9868602753,80.2229690552,34619,34629,10
12.9872198105,80.2230377197,34629,34639,10
12.987739563,80.2230072021,34639,34649,10
12.988360405,80.2225799561,34649,34659,10
12.9889097214,80.2220230103,34659,34670,11
12.9894504547,80.2213821411,34670,34680,10
12.9900398254,80.2206878662,34680,34690,10
12.9904899597,80.2203216553,34690,34700,10
12.9905004501,80.2203216553,34700,34710,10
12.9907798767,80.2201004028,34710,34720,10
12.9912900925,80.2197418213,34720,34730,10
12.9918003082,80.2193527222,34730,34740,10
12.9924001694,80.2189102173,34740,34750,10
12.9931201935,80.2183914185,34750,34760,10
12.9938602448,80.2178573608,34760,34770,10
12.9944696426,80.2174072266,34770,34780,10
12.9949998856,80.2170333862,34780,34790,10
12.9954595566,80.2167434692,34790,34801,11
12.9959697723,80.216583252,34801,34821,20
12.9959697723,80.216583252,34821,34831,10
12.996219635,80.2165527344,34831,34841,10
12.996339798,80.2165298462,34841,34851,10
12.9965400696,80.2164993286,34851,34861,10
12.9968900681,80.216468811,34861,34881,20
12.9968900681,80.216468811,34881,34891,10
12.9970998764,80.2164535522,34891,34900,9
12.9975795746,80.2160415649,34900,34922,22
12.9975795746,80.2160415649,34922,34932,10
12.9977798462,80.2158737183,34932,34942,10
12.998169899,80.2155380249,34942,34952,10
12.9987401962,80.2150802612,34952,34962,10
12.9991703033,80.2147216797,34962,34972,10
12.9995002747,80.2144088745,34972,34982,10
12.9999599457,80.214012146,34982,34992,10
13.000459671,80.2135620117,34992,35002,10
13.0008401871,80.2131729126,35002,35012,10
13.0012998581,80.2128219604,35012,35022,10
13.0019102097,80.2124023438,35022,35033,11
13.0025701523,80.2121124268,35033,35043,10
13.0035896301,80.2119522095,35043,35063,20
13.0035896301,80.2119522095,35063,35073,10
13.0037097931,80.211807251,35073,35083,10
13.0037202835,80.2114028931,35083,35093,10
13.0036697388,80.2107772827,35093,35103,10
13.0035800934,80.2101211548,35103,35113,10
13.0035800934,80.2093811035,35113,35123,10
13.0038204193,80.208656311,35123,35133,10
13.0046195984,80.2088775635,35133,35143,10
13.0055999756,80.2092895508,35143,35154,11
13.0063199997,80.2095413208,35154,35164,10
13.0066900253,80.2096710205,35164,35174,10
13.0072097778,80.2097396851,35174,35194,20
13.0072097778,80.2097396851,35194,35204,10
13.0073604584,80.2098464966,35204,35214,10
13.0077600479,80.2099304199,35214,35224,10
13.0079898834,80.2099685669,35224,35234,10
13.0081701279,80.2098770142,35234,35244,10
13.0080795288,80.2094116211,35244,35254,10
13.0079402924,80.2086791992,35254,35264,10
13.0077896118,80.2078018188,35264,35275,11
13.0076799393,80.2069473267,35275,35285,10
13.007610321,80.2063674927,35285,35295,10
13.0075302124,80.2057723999,35295,35305,10
13.007519722,80.2053604126,35305,35315,10
13.0074996948,80.2048797607,35315,35325,10
13.0074996948,80.2044067383,35325,35335,10
13.0074501038,80.2038421631,35335,35345,10
13.0073204041,80.2029800415,35345,35355,10
13.0067195892,80.2026290894,35355,35365,10
13.0066604614,80.2032318115,35365,35375,10
13.0072698593,80.2035903931,35375,35386,11
13.0081596375,80.2037200928,35386,35396,10
13.0092401505,80.2036590576,35396,35406,10
13.0105600357,80.2036437988,35406,35416,10
13.0119495392,80.2037887573,35416,35426,10
13.0129995346,80.2039794922,35426,35436,10
13.0133800507,80.2040786743,35436,35446,10
13.013469696,80.2040863037,35446,35456,10
13.0136499405,80.2041091919,35456,35466,10
13.0136604309,80.2041091919,35466,35476,10
13.013759613,80.2042999268,35476,35486,10
13.013710022,80.2045211792,35486,35496,10
13.0136098862,80.2047576904,35496,35507,11
13.0135602951,80.2049484253,35507,35517,10
13.0133800507,80.2054290771,35517,35527,10
13.0131702423,80.2062301636,35527,35537,10
13.0131196976,80.2065582275,35537,35547,10
13.0130901337,80.2069091797,35547,35557,10
13.0130796432,80.2069473267,35557,35567,10
13.0130395889,80.2073898315,35567,35577,10
13.0128803253,80.2081680298,35577,35597,20
13.0128803253,80.2081680298,35597,35607,10
13.0128803253,80.2083816528,35607,35616,9
13.0128898621,80.2086715698,35616,35628,12
13.0130796432,80.2092590332,35628,35638,10
13.0132598877,80.2096710205,35638,35648,10
13.0132398605,80.2098083496,35648,35658,10
13.0132198334,80.2103729248,35658,35668,10
13.012840271,80.2113723755,35668,35678,10
13.0123901367,80.2122192383,35678,35688,10
13.0120096207,80.2127304077,35688,35698,10
13.0118999481,80.2127990723,35698,35708,10
13.0114898682,80.2125320435,35708,35718,10
13.0108203888,80.2119979858,35718,35728,10
13.010219574,80.2115325928,35728,35738,10
13.0099096298,80.2113265991,35738,35769,31
13.0099096298,80.2113265991,35769,35779,10
13.0095596313,80.2111663818,35779,36111,332
13.0091896057,80.2112808228,36111,36162,51
13.0091896057,80.2112808228,36162,36172,10
13.0090703964,80.2115020752,36172,36182,10
13.0090503693,80.2115631104,36182,36192,10
13.0091199875,80.2118606567,36192,36202,10
13.0092000961,80.2120895386,36202,36212,10
13.0093202591,80.2125015259,36212,36222,10
13.009469986,80.2129516602,36222,36233,11
13.0096502304,80.2134017944,36233,36243,10
13.0098199844,80.2138290405,36243,36253,10
13.010020256,80.214302063,36253,36263,10
13.0101804733,80.2149505615,36263,36273,10
13.0103197098,80.2157592773,36273,36283,10
13.0106697083,80.2165603638,36283,36293,10
13.011059761,80.2173690796,36293,36303,10
13.0113801956,80.2182388306,36303,36313,10
13.0117197037,80.2191314697,36313,36323,10
13.0120201111,80.2200698853,36323,36333,10
13.0123100281,80.2209625244,36333,36343,10
13.0124101639,80.2214279175,36343,36353,10
13.0126199722,80.2218475342,36353,36364,11
13.0130300522,80.2223434448,36364,36374,10
13.013469696,80.2227325439,36374,36384,10
13.0139198303,80.2232818604,36384,36394,10
13.0141601563,80.2235412598,36394,36404,10
13.0143899918,80.2238616943,36404,36414,10
13.0149497986,80.2244262695,36414,36424,10
13.0153598785,80.2249679565,36424,36434,10
13.0154304504,80.2252807617,36434,36444,10
13.0153999329,80.2255935669,36444,36454,10
13.0151395798,80.2258300781,36454,36465,11
13.0145196915,80.2261276245,36465,36475,10
13.0137500763,80.2264099121,36475,36485,10
13.0129804611,80.2267227173,36485,36495,10
13.0121297836,80.2271118164,36495,36505,10
13.011179924,80.2274475098,36505,36515,10
13.0101804733,80.2277603149,36515,36525,10
13.0095500946,80.2276763916,36525,36535,10
13.0097303391,80.2270889282,36535,36545,10
13.010020256,80.2263717651,36545,36555,10
13.0103197098,80.2256698608,36555,36565,10
13.0105695724,80.225112915,36565,36575,10
13.0107297897,80.2247161865,36575,36586,11
13.0109195709,80.2241973877,36586,36596,10
13.0110797882,80.2237319946,36596,36606,10
13.0112400055,80.2232818604,36606,36616,10
13.0109100342,80.2230987549,36616,36626,10
13.010310173,80.2228317261,36626,36636,10
13.010219574,80.2227401733,36636,36646,10
13.0101003647,80.2226104736,36646,36656,10
13.0097999573,80.2224731445,36656,36666,10
13.0092897415,80.2221908569,36666,36676,10
13.0085897446,80.2217788696,36676,36686,10
13.0077295303,80.2212982178,36686,36696,10
13.0069198608,80.2208786011,36696,36706,10
13.0063295364,80.2206497192,36706,36717,11
13.0054702759,80.2204284668,36717,36727,10
13.0045700073,80.2202224731,36727,36737,10
13.0036897659,80.2200088501,36737,36747,10
13.0028295517,80.2197265625,36747,36757,10
13.0020599365,80.219039917,36757,36767,10
13.0004796982,80.2178573608,36767,36777,10
13.0004796982,80.2178573608,36777,36787,10
12.9996900558,80.2174224854,36787,36797,10
12.998749733,80.2169036865,36797,36807,10
12.9973402023,80.216506958,36807,36828,21
12.9973402023,80.216506958,36828,36838,10
12.9970397949,80.2164993286,36838,36848,10
12.9965000153,80.2165603638,36848,36858,10
12.9959402084,80.2168197632,36858,36867,9
12.9951696396,80.2171630859,36867,36878,11
12.9945297241,80.2175598145,36878,36888,10
12.9939603806,80.2179794312,36888,36898,10
12.993180275,80.2184677124,36898,36908,10
12.9924402237,80.2191162109,36908,36918,10
12.9917097092,80.2195892334,36918,36928,10
12.9908103943,80.2202301025,36928,36949,21
12.9908103943,80.2202301025,36949,36959,10
12.9905700684,80.2203903198,36959,36969,10
12.9902200699,80.2206497192,36969,36979,10
12.989689827,80.2211837769,36979,36989,10
12.9893198013,80.2218017578,36989,36999,10
12.9887599945,80.2223968506,36999,37009,10
12.9880199432,80.2229919434,37009,37019,10
12.9876203537,80.2230911255,37019,37029,10
12.9874601364,80.2230911255,37029,37039,10
12.9870500565,80.2230377197,37039,37049,10
12.9866695404,80.2229919434,37049,37059,10
12.9865102768,80.2229690552,37059,37070,11
12.9863195419,80.2229385376,37070,37080,10
12.9858703613,80.2229766846,37080,37090,10
12.9854602814,80.2232513428,37090,37100,10
12.9849700928,80.2231292725,37100,37110,10
12.9843597412,80.2228164673,37110,37120,10
12.9837303162,80.2224731445,37120,37130,10
12.9832000732,80.22215271,37130,37150,20
12.9832000732,80.22215271,37150,37160,10
12.983039856,80.2220230103,37160,37170,10
12.9827203751,80.2219467163,37170,37180,10
12.9821996689,80.2217788696,37180,37191,11
12.9818496704,80.2215423584,37191,37201,10
12.9814901352,80.2213592529,37201,37211,10
12.9812803268,80.2212219238,37211,37221,10
12.9808797836,80.2210998535,37221,37231,10
12.9802799225,80.2210998535,37231,37241,10
12.9799604416,80.2210998535,37241,37251,10
12.9795703888,80.2211074829,37251,37261,10
12.9789800644,80.2211608887,37261,37271,10
12.9783601761,80.2211685181,37271,37281,10
12.9778995514,80.2211990356,37281,37291,10
12.9773797989,80.2212524414,37291,37301,10
12.9768600464,80.2213363647,37301,37311,10
12.9764299393,80.2213287354,37311,37322,11
12.9764003754,80.221321106,37322,37332,10
12.9762096405,80.2214813232,37332,37342,10
12.9764604568,80.2218017578,37342,37392,50
12.9764604568,80.2218017578,37392,37402,10
12.9764995575,80.2221679688,37402,37412,10
12.9767503738,80.2225265503,37412,37422,10
12.9769802094,80.2228317261,37422,37433,11
12.9772701263,80.2233505249,37433,37443,10
12.9776697159,80.2239837646,37443,37453,10
12.9780797958,80.2246398926,37453,37463,10
12.9784202576,80.2251968384,37463,37473,10
12.9785995483,80.2255020142,37473,37483,10
12.9786701202,80.2256088257,37483,37493,10
12.978890419,80.2260131836,37493,37503,10
12.9792203903,80.2265625,37503,37513,10
12.9795398712,80.2270965576,37513,37523,10
12.9798698425,80.2276382446,37523,37532,9
12.9801397324,80.2280502319,37532,37543,11
12.9803600311,80.2284164429,37543,37554,11
12.9805898666,80.2287902832,37554,37564,10
12.9807796478,80.2290496826,37564,37574,10
12.9809303284,80.2292480469,37574,37584,10
12.9811897278,80.2296676636,37584,37594,10
12.9815702438,80.2302703857,37594,37604,10
12.9817304611,80.2305831909,37604,37614,10
12.981760025,80.2306976318,37614,37624,10
12.9819002151,80.2310562134,37624,37634,10
12.9820404053,80.2319564819,37634,37654,20
12.9820404053,80.2319564819,37654,37664,10
12.9820299149,80.2322769165,37664,37725,61
12.9820299149,80.2322769165,37725,37735,10
12.9819297791,80.2328033447,37735,37743,8
12.9818696976,80.2329406738,37743,37755,12
12.981710434,80.2332763672,37755,37765,10
12.9815797806,80.233543396,37765,37785,20
12.9815797806,80.233543396,37785,37796,11
12.9814195633,80.2338867188,37796,37806,10
12.9812402725,80.2343292236,37806,37816,10
12.9811897278,80.2349395752,37816,37826,10
12.9812202454,80.2356185913,37826,37836,10
12.9812698364,80.2361679077,37836,37856,20
12.9812698364,80.2361679077,37856,37866,10
12.9812898636,80.236579895,37866,37886,20
12.9812898636,80.236579895,37886,37896,10
12.9812898636,80.2369918823,37896,37997,101
12.9812898636,80.2369918823,37997,38007,10
12.9812898636,80.2374191284,38007,38017,10
12.9812898636,80.2376022339,38017,38027,10
12.9812898636,80.2376174927,38027,38038,11
12.981300354,80.2378768921,38038,38048,10
12.9813098907,80.2380599976,38048,38058,10
12.9813098907,80.2381820679,38058,38068,10
12.9813203812,80.2383117676,38068,38078,10
12.9813203812,80.2386932373,38078,38098,20
12.9813203812,80.2386932373,38098,38108,10
12.9813203812,80.2387771606,38108,38118,10
12.9813203812,80.2390136719,38118,38169,51
12.9813203812,80.2390136719,38169,38179,10
12.9813299179,80.239402771,38179,38189,10
12.9813299179,80.2395324707,38189,38199,10
12.9813404083,80.2398071289,38199,38209,10
12.9813499451,80.2400894165,38209,38219,10
12.9813499451,80.2405776978,38219,38229,10
12.9813604355,80.2413024902,38229,38239,10
12.9813699722,80.2420425415,38239,38249,10
12.9813804626,80.2426605225,38249,38258,9
12.9813899994,80.2431106567,38258,38269,11
12.9813899994,80.2431411743,38269,38280,11
12.9813899994,80.2432937622,38280,38290,10
12.9813604355,80.2437133789,38290,38300,10
12.9812698364,80.2443466187,38300,38310,10
12.9811601639,80.2451477051,38310,38320,10
12.9810495377,80.2460708618,38320,38330,10
12.9809398651,80.2471389771,38330,38340,10
12.9808397293,80.2482070923,38340,38350,10
12.9807500839,80.2493591309,38350,38360,10
12.9805202484,80.2505264282,38360,38370,10
12.9802398682,80.2516479492,38370,38380,10
12.980050087,80.2522506714,38380,38391,11
12.9799098969,80.2525024414,38391,38401,10
12.9798603058,80.2527389526,38401,38411,10
12.9796199799,80.2527999878,38411,38421,10
12.9791002274,80.2527236938,38421,38431,10
12.9786300659,80.2526016235,38431,38542,111
12.9786300659,80.2526016235,38542,38552,10
12.97838974,80.2524414063,38552,38562,10
12.9779500961,80.2520675659,38562,38572,10
12.9773101807,80.2515487671,38572,38582,10
12.9763698578,80.2512207031,38582,38592,10
12.9753103256,80.2508773804,38592,38601,9
12.9743204117,80.2506103516,38601,38612,11
12.9726696014,80.2501831055,38612,38633,21
12.9726696014,80.2501831055,38633,38643,10
12.9724702835,80.2501068115,38643,38653,10
12.9719696045,80.249961853,38653,38663,10
12.9712400436,80.2497711182,38663,38673,10
12.9706096649,80.2496185303,38673,38683,10
12.9698600769,80.2493515015,38683,38693,10
12.9689998627,80.2490310669,38693,38703,10
12.9680299759,80.2487411499,38703,38713,10
12.9674196243,80.2484512329,38713,38722,9
12.9671897888,80.2483291626,38722,38733,11
12.9669704437,80.2481994629,38733,38743,10
12.9666700363,80.248046875,38743,38754,11
12.9663200378,80.2479019165,38754,38764,10
12.9658298492,80.2476577759,38764,38774,10
12.965259552,80.2474594116,38774,38834,60
12.965259552,80.2474594116,38834,38844,10
12.9649496078,80.2473373413,38844,38854,10
12.9647598267,80.2473068237,38854,38864,10
12.9645004272,80.2471923828,38864,38875,11
12.964099884,80.2470321655,38875,38885,10
12.9636898041,80.2468566895,38885,38895,10
12.9632196426,80.2466278076,38895,38905,10
12.9625501633,80.2463302612,38905,38915,10
12.9617595673,80.2459411621,38915,38925,10
12.9609003067,80.2455062866,38925,38935,10
12.9603796005,80.245262146,38935,38945,10
12.9594898224,80.2448806763,38945,38965,20
12.9594898224,80.2448806763,38965,38975,10
12.9591703415,80.244758606,38975,38985,10
12.9586200714,80.2444992065,38985,38996,11
12.9580497742,80.2442703247,38996,39006,10
12.9575395584,80.2440795898,39006,39106,100
12.9572296143,80.2439422607,39106,39127,21
12.9572296143,80.2439422607,39127,39137,10
12.9570198059,80.243888855,39137,39157,20
12.9568996429,80.2438735962,39157,39177,20
12.9568996429,80.2438735962,39177,39187,10
12.9568099976,80.2438278198,39187,39197,10
12.956580162,80.2437515259,39197,39207,10
12.9565496445,80.2437362671,39207,39217,10
12.9563598633,80.2436676025,39217,39227,10
12.9558200836,80.2433700562,39227,39237,10
12.9550800323,80.243019104,39237,39248,11
12.9542703629,80.2426681519,39248,39258,10
12.9537000656,80.24243927,39258,39268,10
12.9530200958,80.2421264648,39268,39278,10
12.9521999359,80.2418365479,39278,39288,10
12.9517602921,80.2417068481,39288,39298,10
12.9517002106,80.2416992188,39298,39308,10
12.9512996674,80.241569519,39308,39318,10
12.9506702423,80.2413711548,39318,39328,10
12.9499197006,80.2411422729,39328,39338,10
12.949379921,80.2409591675,39338,39379,41
12.949379921,80.2409591675,39379,39389,10
12.9493598938,80.2408828735,39389,39399,10
12.9490098953,80.2407684326,39399,39409,10
12.9484701157,80.240562439,39409,39419,10
12.9479398727,80.2403411865,39419,39429,10
12.9473400116,80.2401199341,39429,39439,10
12.9472503662,80.2400970459,39439,39449,10
12.9469995499,80.239982605,39449,39459,10
12.9464902878,80.2397689819,39459,39469,10
12.9457798004,80.2394714355,39469,39480,11
12.9449701309,80.2389602661,39480,39490,10
12.9442300797,80.2381668091,39490,39500,10
12.9434900284,80.2373733521,39500,39510,10
12.94328022,80.2371673584,39510,39520,10
12.9429798126,80.2369384766,39520,39530,10
12.9424104691,80.236579895,39530,39540,10
12.9415502548,80.2363128662,39540,39550,10
12.940489769,80.2360305786,39550,39560,10
12.9398603439,80.2358169556,39560,39570,10
12.9398498535,80.2358169556,39570,39580,10
12.9394903183,80.2356491089,39580,39590,10
12.9388103485,80.2353515625,39590,39601,11
12.9378900528,80.23487854,39601,39611,10
12.9369001389,80.2343902588,39611,39621,10
12.9359302521,80.2339096069,39621,39631,10
12.9350404739,80.2334976196,39631,39641,10
12.9341001511,80.2331008911,39641,39651,10
12.9340000153,80.2330627441,39651,39661,10
12.9339199066,80.2330169678,39661,39671,10
12.9336500168,80.2328567505,39671,39681,10
12.9330301285,80.2326202393,39681,39691,10
12.9321804047,80.2322998047,39691,39701,10
12.9314804077,80.2320632935,39701,39711,10
12.930729866,80.2318191528,39711,39722,11
12.9296598434,80.2315292358,39722,39732,10
12.9288797379,80.2313766479,39732,39742,10
12.9288597107,80.2313690186,39742,39752,10
12.9284896851,80.2313079834,39752,39762,10
12.9278202057,80.2312011719,39762,39772,10
12.9269399643,80.231086731,39772,39782,10
12.9261302948,80.231010437,39782,39792,10
12.9260997772,80.2310028076,39792,39802,10
12.9258003235,80.2309494019,39802,39812,10
12.9252099991,80.2308807373,39812,39822,10
12.9244203568,80.2307891846,39822,39832,10
12.9234600067,80.2306594849,39832,39843,11
12.9222602844,80.23046875,39843,39853,10
12.921090126,80.2303085327,39853,39863,10
12.9198999405,80.230178833,39863,39873,10
12.9191703796,80.2300796509,39873,39883,10
12.919090271,80.2300567627,39883,39893,10
12.9186401367,80.2300109863,39893,39903,10
12.9179000854,80.2299118042,39903,39913,10
12.9169197083,80.2297897339,39913,39923,10
12.9158201218,80.229637146,39923,39933,10
12.9147901535,80.2295074463,39933,39943,10
12.9137201309,80.2293624878,39943,39952,9
12.9132204056,80.2293014526,39952,39964,12
12.9132099152,80.2293014526,39964,39974,10
12.9129199982,80.2292327881,39974,39984,10
12.9122800827,80.2291412354,39984,39994,10
12.9113798141,80.2290115356,39994,40004,10
12.9102697372,80.2288513184,40004,40014,10
12.9091396332,80.2286682129,40014,40024,10
12.9081001282,80.2285003662,40024,40034,10
12.9072704315,80.2283935547,40034,40044,10
12.9067802429,80.2283401489,40044,40054,10
12.9062204361,80.2282867432,40054,40064,10
12.9061603546,80.2282867432,40064,40074,10
12.9058198929,80.2282867432,40074,40085,11
12.9050302505,80.2282791138,40085,40095,10
12.9041204453,80.2282028198,40095,40105,10
12.9031801224,80.2281265259,40105,40115,10
12.9024295807,80.2281036377,40115,40125,10
12.9023199081,80.2281036377,40125,40135,10
12.9021701813,80.2281036377,40135,40145,10
12.9017095566,80.2280807495,40145,40155,10
12.9012298584,80.2280502319,40155,40165,10
12.9006595612,80.2279815674,40165,40174,9
12.9004402161,80.2279891968,40174,40185,11
12.900179863,80.2279815674,40185,40195,10
12.9000701904,80.2279815674,40195,40206,11
12.8996200562,80.2279663086,40206,40216,10
12.8990602493,80.2279434204,40216,40226,10
12.8989696503,80.2279434204,40226,40236,10
12.8988599777,80.227897644,40236,40246,10
12.898349762,80.2278594971,40246,40256,10
12.8975200653,80.2277908325,40256,40266,10
12.8964395523,80.2277297974,40266,40276,10
12.8952903748,80.2276916504,40276,40286,10
12.8941698074,80.2276000977,40286,40296,10
12.8933095932,80.2275390625,40296,40306,10
12.8931398392,80.2275085449,40306,40316,10
12.8926897049,80.2274627686,40316,40327,11
12.8924798965,80.2274398804,40327,40337,10
12.8919000626,80.2274017334,40337,40347,10
12.890999794,80.2273864746,40347,40357,10
12.8898601532,80.2274017334,40357,40367,10
12.8887195587,80.2273864746,40367,40377,10
12.8875799179,80.2273025513,40377,40387,10
12.8864002228,80.2270584106,40387,40397,10
12.8852596283,80.2267990112,40397,40407,10
12.8848304749,80.2267608643,40407,40417,10
12.8846197128,80.2267532349,40417,40427,10
12.8839998245,80.2267074585,40427,40437,10
12.8830699921,80.2266998291,40437,40448,11
12.8817901611,80.2267227173,40448,40458,10
12.8805799484,80.2267379761,40458,40468,10
12.8793201447,80.2267608643,40468,40478,10
12.8780298233,80.2268371582,40478,40488,10
12.8768796921,80.2269210815,40488,40498,10
12.8764400482,80.2268829346,40498,40508,10
12.8764200211,80.2265625,40508,40518,10
12.8764295578,80.2265014648,40518,40528,10
12.8764801025,80.2262420654,40528,40538,10
12.876540184,80.2255172729,40538,40548,10
12.876660347,80.2245407104,40548,40558,10
12.8768701553,80.2233963013,40558,40569,11
12.8771800995,80.222076416,40569,40579,10
12.8774700165,80.2208328247,40579,40589,10
12.8777599335,80.219581604,40589,40599,10
12.8780202866,80.218460083,40599,40609,10
12.8782501221,80.2172927856,40609,40619,10
12.878490448,80.2161331177,40619,40629,10
12.8787498474,80.2149505615,40629,40639,10
12.8789796829,80.2137069702,40639,40649,10
12.8792200089,80.2124404907,40649,40659,10
12.8794298172,80.2113189697,40659,40669,10
12.8793096542,80.2109985352,40669,40679,10
12.8792200089,80.2109603882,40679,40690,11
12.8786897659,80.2108764648,40690,40700,10
12.8779296875,80.2107467651,40700,40710,10
12.8770399094,80.2105789185,40710,40720,10
12.8762302399,80.2104263306,40720,40730,10
12.8753595352,80.2102813721,40730,40740,10
12.87458992,80.2101364136,40740,40750,10
12.8745203018,80.2101364136,40750,40760,10
12.8744096756,80.2100982666,40760,40770,10
12.8744096756,80.2096786499,40770,40780,10
12.8746500015,80.2098007202,40780,41305,525
12.8746500015,80.2098007202,41305,41315,10
12.8746795654,80.2101287842,41315,41325,10
12.8750495911,80.2102127075,41325,41335,10
12.8754501343,80.2102813721,41335,41344,9
12.8760204315,80.2103805542,41344,41355,11
12.8768501282,80.2105407715,41355,41365,10
12.8776702881,80.2107162476,41365,41375,10
12.8785495758,80.2108612061,41375,41385,10
12.8790798187,80.2109603882,41385,41395,10
12.8792600632,80.2109985352,41395,41405,10
12.8794603348,80.2111434937,41405,41416,11
12.87940979,80.2117385864,41416,41426,10
12.8792695999,80.2125015259,41426,41436,10
12.8790798187,80.213432312,41436,41446,10
12.8788604736,80.2145462036,41446,41456,10
12.8786201477,80.2156906128,41456,41466,10
12.8783798218,80.2168426514,41466,41476,10
12.8781604767,80.2180023193,41476,41486,10
12.8779201508,80.2191467285,41486,41496,10
12.8776597977,80.2202987671,41496,41506,10
12.8773899078,80.2214584351,41506,41516,10
12.8771400452,80.2226409912,41516,41526,10
12.8768701553,80.2238006592,41526,41537,11
12.8766698837,80.2250900269,41537,41547,10
12.8764801025,80.2266998291,41547,41567,20
12.8764801025,80.2266998291,41567,41577,10
12.8764896393,80.226852417,41577,41597,20
12.8764896393,80.226852417,41597,41607,10
12.876660347,80.2268981934,41607,41617,10
12.8771800995,80.2268371582,41617,41627,10
12.8780202866,80.2267379761,41627,41637,10
12.879119873,80.2266998291,41637,41647,10
12.8802900314,80.2266616821,41647,41658,11
12.8816003799,80.2266464233,41658,41668,10
12.8828001022,80.2266311646,41668,41678,10
12.8840103149,80.2266235352,41678,41688,10
12.8851995468,80.2266387939,41688,41698,10
12.8863601685,80.2268981934,41698,41708,10
12.8875398636,80.2271728516,41708,41718,10
12.8887500763,80.2272796631,41718,41728,10
12.88945961,80.2272491455,41728,41738,10
12.8897199631,80.2272491455,41738,41748,10
12.89041996,80.2272567749,41748,41758,10
12.891409874,80.2272567749,41758,41768,10
12.8924303055,80.2272720337,41768,41799,31
12.8924303055,80.2272720337,41799,41809,10
12.8925600052,80.2273025513,41809,41819,10
12.8929595947,80.2273712158,41819,41829,10
12.8936901093,80.2274475098,41829,41839,10
12.8942298889,80.2274932861,41839,41849,10
12.8943004608,80.2275314331,41849,41859,10
12.8948497772,80.2275695801,41859,41869,10
12.8957500458,80.2276000977,41869,41879,10
12.8968400955,80.2276382446,41879,41889,10
12.8978204727,80.2276992798,41889,41899,10
12.8988704681,80.2277526855,41899,41910,11
12.8998003006,80.2278594971,41910,41950,40
12.8998003006,80.2278594971,41950,41960,10
12.9000396729,80.2278823853,41960,41970,10
12.9003896713,80.2279205322,41970,41980,10
12.9007101059,80.2279129028,41980,41990,10
12.9010896683,80.2279129028,41990,42000,10
12.9013795853,80.2278900146,42000,42010,10
12.90184021,80.2279281616,42010,42020,10
12.9023895264,80.2279968262,42020,42031,11
12.9028501511,80.2279663086,42031,42041,10
12.9029302597,80.2279663086,42041,42051,10
12.9031295776,80.2279510498,42051,42061,10
12.9037103653,80.2280273438,42061,42071,10
12.9043598175,80.2280578613,42071,42091,20
12.9043598175,80.2280578613,42091,42101,10
12.9044599533,80.2280807495,42101,42111,10
12.9047698975,80.2281036377,42111,42121,10
12.9049100876,80.2280883789,42121,42131,10
12.9052095413,80.2281112671,42131,42142,11
12.9056797028,80.2281036377,42142,42152,10
12.9059801102,80.2281570435,42152,42162,10
12.9062900543,80.2282104492,42162,42172,10
12.9064397812,80.2282104492,42172,42182,10
12.9067201614,80.2282485962,42182,42192,10
12.9070196152,80.2282485962,42192,42202,10
12.9072599411,80.2282562256,42202,42212,10
12.907959938,80.2283782959,42212,42222,10
12.9090003967,80.228553772,42222,42232,10
12.9101896286,80.2287521362,42232,42242,10
12.9113998413,80.2289276123,42242,42252,10
12.9125995636,80.2291030884,42252,42263,11
12.9138402939,80.2292480469,42263,42273,10
12.9140396118,80.2292480469,42273,42283,10
12.914440155,80.2293014526,42283,42293,10
12.9152402878,80.2294311523,42293,42303,10
12.9162998199,80.2295837402,42303,42313,10
12.9173402786,80.2297286987,42313,42323,10
12.9182100296,80.229850769,42323,42333,10
12.9190101624,80.2299728394,42333,42343,10
12.9199495316,80.2300720215,42343,42353,10
12.9210195541,80.2302093506,42353,42363,10
12.9219799042,80.2303390503,42363,42373,10
12.9228200912,80.230506897,42373,42384,11
12.9237804413,80.2306213379,42384,42394,10
12.9247303009,80.23072052,42394,42404,10
12.9258298874,80.2308731079,42404,42414,10
12.9269399643,80.2309799194,42414,42424,10
12.9280900955,80.2311401367,42424,42434,10
12.9291601181,80.2313537598,42434,42444,10
12.930270195,80.2316131592,42444,42454,10
12.9314002991,80.2319335938,42454,42464,10
12.9325399399,80.2322692871,42464,42474,10
12.9334897995,80.2326126099,42474,42484,10
12.9336099625,80.2326965332,42484,42493,9
12.9339799881,80.2328720093,42493,42505,12
12.934920311,80.233291626,42505,42515,10
12.9357700348,80.2337036133,42515,42525,10
12.9366798401,80.2341308594,42525,42535,10
12.9377498627,80.2346420288,42535,42545,10
12.9388198853,80.2351989746,42545,42555,10
12.9398002625,80.2356491089,42555,42565,10
12.9399299622,80.2357330322,42565,42575,10
12.9404001236,80.2358779907,42575,42585,10
12.9412097931,80.2360992432,42585,42595,10
12.9422798157,80.2363815308,42595,42605,10
12.94328022,80.2369537354,42605,42615,10
12.9441003799,80.2378005981,42615,42626,11
12.9449996948,80.238822937,42626,42636,10
12.9459896088,80.239440918,42636,42646,10
12.9469900131,80.2398376465,42646,42656,10
12.9471998215,80.2399291992,42656,42666,10
12.9475603104,80.2400817871,42666,42676,10
12.9482402802,80.2403717041,42676,42686,10
12.9484300613,80.2404403687,42686,42696,10
12.9485197067,80.2404937744,42696,42706,10
12.9489498138,80.2406692505,42706,42716,10
12.9494600296,80.2408370972,42716,42726,10
12.9502401352,80.2410507202,42726,42736,10
12.9510498047,80.2413635254,42736,42747,11
12.9520902634,80.2417297363,42747,42757,10
12.9532003403,80.2421188354,42757,42767,10
12.9543104172,80.2425231934,42767,42777,10
12.9551401138,80.2428436279,42777,42787,10
12.9558000565,80.2430801392,42787,42797,10
12.9560098648,80.2431488037,42797,42807,10
12.9561395645,80.2432022095,42807,42817,10
12.9561700821,80.2432174683,42817,42827,10
12.956319809,80.2432785034,42827,42898,71
12.956319809,80.2432785034,42898,42908,10
12.9565496445,80.2432937622,42908,42918,10
12.9570198059,80.2435379028,42918,42928,10
12.9577798843,80.243927002,42928,42938,10
12.9585895538,80.2442932129,42938,42948,10
12.9589595795,80.244468689,42948,42958,10
12.9590997696,80.2445907593,42958,42968,10
12.9596395493,80.2448272705,42968,42978,10
12.9604597092,80.2451934814,42978,42989,11
12.9615898132,80.2457122803,42989,42999,10
12.9626302719,80.2462310791,42999,43009,10
12.9631795883,80.2465133667,43009,43029,20
12.9631795883,80.2465133667,43029,43039,10
12.96352005,80.2466812134,43039,43049,10
12.964099884,80.2469406128,43049,43059,10
12.9648599625,80.2471618652,43059,43069,10
12.9658098221,80.2474899292,43069,43079,10
12.9667100906,80.2478485107,43079,43089,10
12.9670095444,80.2480163574,43089,43099,10
12.9670696259,80.2480697632,43099,43110,11
12.9675102234,80.2482833862,43110,43120,10
12.9682502747,80.248588562,43120,43130,10
12.9694099426,80.2489471436,43130,43140,10
12.9705095291,80.2493133545,43140,43150,10
12.9716596603,80.2497406006,43150,43160,10
12.9728498459,80.2501068115,43160,43167,7
12.9736099243,80.2503433228,43167,43180,13
12.9744300842,80.2505722046,43180,43190,10
12.9745998383,80.250617981,43190,43200,10
12.9751796722,80.250793457,43200,43210,10
12.9760398865,80.2510299683,43210,43220,10
12.9769802094,80.2512969971,43220,43231,11
12.9779500961,80.2519073486,43231,43241,10
12.9788799286,80.2525024414,43241,43251,10
12.9799699783,80.2522735596,43251,43271,20
12.9799699783,80.2522735596,43271,43281,10
12.9800395966,80.2519378662,43281,43291,10
12.9802103043,80.251373291,43291,43301,10
12.9804401398,80.2505111694,43301,43311,10
12.9806804657,80.2494125366,43311,43321,10
12.9807596207,80.2482070923,43321,43331,10
12.9808702469,80.2469787598,43331,43341,10
12.9809999466,80.2457427979,43341,43352,11
12.9811096191,80.2444076538,43352,43362,10
12.9812002182,80.2437286377,43362,43372,10
12.9813098907,80.2434387207,43372,43382,10
12.9813203812,80.2429885864,43382,43392,10
12.9813299179,80.2427902222,43392,43402,10
12.9813203812,80.24269104,43402,43412,10
12.9813098907,80.2422027588,43412,43422,10
12.9813098907,80.2414016724,43422,43432,10
12.981300354,80.2406463623,43432,43442,10
12.9813098907,80.2400894165,43442,43452,10
12.9813203812,80.2395935059,43452,43462,10
12.981300354,80.2389907837,43462,43473,11
12.9812698364,80.2381515503,43473,43483,10
12.9812602997,80.2379684448,43483,43493,10
12.9812602997,80.2377624512,43493,43503,10
12.9812402725,80.237121582,43503,43513,10
12.9812202454,80.2362365723,43513,43523,10
12.9811897278,80.2351989746,43523,43533,10
12.9812498093,80.2341918945,43533,43543,10
12.9815998077,80.2334136963,43543,43553,10
12.9816703796,80.2332763672,43553,43563,10
12.9818000793,80.2330703735,43563,43573,10
12.9819602966,80.2325668335,43573,43583,10
12.9819803238,80.2319564819,43583,43594,11
12.9819002151,80.2312164307,43594,43604,10
12.9815597534,80.2305297852,43604,43614,10
12.981089592,80.2297668457,43614,43624,10
12.9807701111,80.2292480469,43624,43634,10
12.980629921,80.2289810181,43634,43644,10
12.9806203842,80.2289733887,43644,43654,10
12.9804201126,80.2286911011,43654,43664,10
12.9801702499,80.228187561,43664,43674,10
12.97976017,80.2275390625,43674,43684,10
12.97935009,80.2268295288,43684,43694,10
12.9790401459,80.2263031006,43694,43704,10
12.978679657,80.2256774902,43704,43715,11
12.978219986,80.2249221802,43715,43725,10
12.9779596329,80.2246170044,43725,43735,10
12.9777603149,80.224319458,43735,43745,10
12.9776802063,80.2241973877,43745,43755,10
12.9774503708,80.2238235474,43755,43765,10
12.9770803452,80.2232131958,43765,43775,10
12.9769496918,80.2227935791,43775,43785,10
12.9771900177,80.2227401733,43785,43795,10
12.9773397446,80.2227020264,43795,43805,10
12.9775104523,80.2225112915,43805,43815,10
12.9774904251,80.2219924927,43815,43826,11
12.9774398804,80.2213287354,43826,43846,20
12.9774398804,80.2213287354,43846,43856,10
12.977640152,80.2212600708,43856,43866,10
12.9781904221,80.2212219238,43866,43876,10
12.9789600372,80.2211608887,43876,43886,10
12.9796800613,80.2210998535,43886,43896,10
12.9802799225,80.2210464478,43896,43906,10
12.9808797836,80.2210083008,43906,43916,10
12.9814195633,80.2212295532,43916,43926,10
12.9819602966,80.2215194702,43926,43936,10
12.9825201035,80.2217712402,43936,43947,11
12.9829301834,80.2219314575,43947,43957,10
12.9829702377,80.2219467163,43957,43967,10
12.9832601547,80.2221069336,43967,43977,10
12.9836101532,80.2223129272,43977,43987,10
12.9841299057,80.2226333618,43987,43997,10
12.9846496582,80.2229766846,43997,44007,10
12.9851903915,80.2231826782,44007,44017,10
12.9855699539,80.2229690552,44017,44027,10
12.9862003326,80.22290802,44027,44037,10
12.9864902496,80.2229309082,44037,44047,10
12.9867696762,80.2229690552,44047,44057,10
12.9872303009,80.2230606079,44057,44068,11
12.9879903793,80.2228317261,44068,44078,10
12.9886398315,80.2222595215,44078,44088,10
12.9892902374,80.221572876,44088,44098,10
12.9898700714,80.2207107544,44098,44108,10
12.9903697968,80.2203216553,44108,44118,10
12.9903802872,80.2203216553,44118,44128,10
12.9906997681,80.220161438,44128,44138,10
12.9912099838,80.2197418213,44138,44148,10
12.9917898178,80.219329834,44148,44158,10
12.9924898148,80.2188034058,44158,44168,10
12.993350029,80.2181625366,44168,44178,10
12.9941196442,80.2176437378,44178,44189,11
12.9946899414,80.2172088623,44189,44199,10
12.9950704575,80.2169570923,44199,44209,10
12.9956302643,80.2166976929,44209,44219,10
12.9962997437,80.2165527344,44219,44229,10
12.9969797134,80.2164611816,44229,44239,10
12.9974098206,80.2161102295,44239,44249,10
12.9974803925,80.2160568237,44249,44259,10
12.9978303909,80.2157669067,44259,44269,10
12.9982595444,80.2153167725,44269,44279,10
12.9989099503,80.2147903442,44279,44289,10
12.9992198944,80.2145309448,44289,44299,10
12.9996900558,80.2141418457,44299,44310,11
13.000289917,80.2136001587,44310,44320,10
13.0009403229,80.2130737305,44320,44330,10
13.0016002655,80.2125473022,44330,44340,10
13.0021600723,80.2122497559,44340,44350,10
13.0028295517,80.2120819092,44350,44360,10
13.0034599304,80.2119827271,44360,44370,10
13.0036096573,80.2118835449,44370,44380,10
13.0036497116,80.2114334106,44380,44390,10
13.0036096573,80.2107009888,44390,44400,10
13.0035295486,80.2099380493,44400,44410,10
13.0035896301,80.2091598511,44410,44420,10
13.0040502548,80.2086486816,44420,44431,11
13.005109787,80.2091064453,44431,44441,10
13.005979538,80.2094573975,44441,44451,10
13.0067501068,80.2096862793,44451,44481,30
13.0067501068,80.2096862793,44481,44491,10
13.0068302155,80.2096786499,44491,44501,10
13.0071897507,80.2097702026,44501,44511,10
13.0078201294,80.2098617554,44511,44521,10
13.0080604553,80.2095489502,44521,44552,31
13.0080604553,80.2095489502,44552,44562,10
13.0080299377,80.2092666626,44562,44572,10
13.0079298019,80.2086334229,44572,44582,10
13.007809639,80.2077713013,44582,44592,10
13.0076704025,80.2067718506,44592,44602,10
13.0075597763,80.2057876587,44602,44612,10
13.0075397491,80.2048492432,44612,44622,10
13.0075101852,80.2039794922,44622,44632,10
13.0073699951,80.2031173706,44632,44642,10
13.0068998337,80.2025299072,44642,44652,10
13.0065803528,80.2031097412,44652,44662,10
13.007109642,80.2034988403,44662,44673,11
13.0079698563,80.2036972046,44673,44683,10
13.0089797974,80.2036514282,44683,44693,10
13.010219574,80.2035903931,44693,44703,10
13.011590004,80.2037124634,44703,44713,10
13.0128202438,80.2039413452,44713,44723,10
13.0133895874,80.2041320801,44723,44733,10
13.013469696,80.2041625977,44733,44743,10
13.0135602951,80.2043533325,44743,44753,10
13.0134801865,80.204750061,44753,44763,10
13.0134000778,80.2049713135,44763,44773,10
13.0131998062,80.205619812,44773,44782,9
13.0129899979,80.2064208984,44782,44794,12
13.0129203796,80.2074432373,44794,44804,10
13.0128602982,80.2078323364,44804,44814,10
13.0127801895,80.2083511353,44814,44824,10
13.0128097534,80.2087783813,44824,44834,10
13.0129699707,80.2094116211,44834,44844,10
13.0131502151,80.2099533081,44844,44854,10
13.0130300522,80.2106781006,44854,44864,10
13.0126895905,80.2115020752,44864,44874,10
13.0123796463,80.2121124268,44874,44884,10
13.0120401382,80.2126617432,44884,44894,10
13.011759758,80.2127227783,44894,44905,11
13.0112199783,80.2123565674,44905,44915,10
13.0099802017,80.2114486694,44915,44925,10
13.0099802017,80.2114486694,44925,44935,10
13.0096797943,80.2112579346,44935,44985,50
13.0094099045,80.2110519409,44985,45116,131
13.0094099045,80.2110519409,45116,45126,10
13.0092802048,80.2111587524,45126,45136,10
13.0091104507,80.2114028931,45136,45146,10
13.0090799332,80.211769104,45146,45157,11
13.0092601776,80.2124404907,45157,45167,10
13.0094900131,80.2130737305,45167,45177,10
13.009759903,80.2137527466,45177,45187,10
13.0100603104,80.2144393921,45187,45197,10
13.0101995468,80.2152175903,45197,45207,10
13.0104198456,80.2160186768,45207,45217,10
13.0107803345,80.2168426514,45217,45227,10
13.0111598969,80.2176895142,45227,45237,10
13.0114898682,80.2185974121,45237,45247,10
13.0118398666,80.2195892334,45247,45257,10
13.0121202469,80.2205429077,45257,45268,11
13.0123596191,80.2213516235,45268,45278,10
13.0126600266,80.2218704224,45278,45288,10
13.0127601624,80.2220611572,45288,45298,10
13.0129699707,80.2223129272,45298,45308,10
13.0133895874,80.2227172852,45308,45318,10
13.0138597488,80.2232437134,45318,45328,10
13.0141000748,80.2235870361,45328,45338,10
13.0144300461,80.2239990234,45338,45348,10
13.0150299072,80.2246398926,45348,45358,10
13.0153999329,80.2251434326,45358,45368,10
13.01541996,80.2251663208,45368,45378,10
13.0155000687,80.2255020142,45378,45389,11
13.0151195526,80.2258911133,45389,45399,10
13.0144195557,80.2261581421,45399,45409,10
13.0135002136,80.2265167236,45409,45419,10
13.0127401352,80.2268600464,45419,45429,10
13.0120401382,80.2270812988,45429,45439,10
13.0111703873,80.2274398804,45439,45449,10
13.0101604462,80.2278366089,45449,45459,10
13.0094995499,80.2276382446,45459,45469,10
13.00963974,80.2271499634,45469,45479,10
13.0099401474,80.2264175415,45479,45489,10
13.0103502274,80.2255706787,45489,45499,10
13.010720253,80.2247619629,45499,45510,11
13.0110301971,80.2238769531,45510,45520,10
13.0111999512,80.2232666016,45520,45530,10
13.0107698441,80.2229690552,45530,45540,10
13.0103702545,80.2227706909,45540,45550,10
13.0102596283,80.2227020264,45550,45560,10
13.0099401474,80.2225036621,45560,45570,10
13.0093297958,80.2221832275,45570,45580,10
13.0086402893,80.2218093872,45580,45590,10
13.008020401,80.2214889526,45590,45600,10
13.0073604584,80.2211608887,45600,45610,10
13.0067501068,80.2208175659,45610,45620,10
13.0059995651,80.2205734253,45620,45631,11
13.0049600601,80.2203292847,45631,45641,10
13.0045795441,80.2202529907,45641,45651,10
13.0043001175,80.220161438,45651,45661,10
13.003660202,80.2200317383,45661,45671,10
13.0028295517,80.2197570801,45671,45681,10
13.0021095276,80.2191009521,45681,45691,10
13.0015001297,80.218536377,45691,45701,10
13.0007400513,80.2180328369,45701,45711,10
12.999830246,80.2174835205,45711,45721,10
12.9988098145,80.2169189453,45721,45731,10
12.9977397919,80.2165603638,45731,45741,10
12.9973297119,80.2165298462,45741,45752,11
12.9971904755,80.2165222168,45752,45762,10
12.9966697693,80.2165222168,45762,45772,10
12.9962596893,80.2165527344,45772,45782,10
12.996219635,80.2165679932,45782,45792,10
12.9960403442,80.2166519165,45792,45822,30
12.9960403442,80.2166519165,45822,45832,10
12.9955997467,80.2168197632,45832,45862,30
12.9955997467,80.2168197632,45862,45873,11
12.99518013,80.217010498,45873,45883,10
12.9949798584,80.2171173096,45883,45893,10
12.994600296,80.2173995972,45893,45903,10
12.9941501617,80.2177886963,45903,45913,10
12.9937295914,80.2180709839,45913,45923,10
12.9931297302,80.2184829712,45923,45933,10
12.992480278,80.21900177,45933,45943,10
12.9917201996,80.219581604,45943,45953,10
12.9910297394,80.2200622559,45953,45963,10
12.9907999039,80.2202377319,45963,45973,10
12.990530014,80.2204208374,45973,45983,10
12.9900598526,80.2208328247,45983,45994,11
12.9894399643,80.2215194702,45994,46004,10
12.9889097214,80.2222213745,46004,46014,10
12.9882001877,80.2228317261,46014,46024,10
12.9876403809,80.2230606079,46024,46034,10
12.9876098633,80.2230682373,46034,46044,10
12.9872398376,80.2230300903,46044,46054,10
12.9868297577,80.2229614258,46054,46064,10
12.986240387,80.2229309082,46064,46074,10
12.9856500626,80.22315979,46074,46084,10
12.9851303101,80.2231903076,46084,46094,10
12.9847803116,80.2230911255,46094,46155,61
12.9847803116,80.2230911255,46155,46165,10
12.9846000671,80.2230682373,46165,46175,10
12.9843397141,80.2228775024,46175,46185,10
12.9838895798,80.222618103,46185,46195,10
12.9832496643,80.2221832275,46195,46215,20
12.9832496643,80.2221832275,46215,46225,10
12.983039856,80.2220993042,46225,46236,11
12.9825201035,80.2219085693,46236,46246,10
12.982049942,80.2217178345,46246,46256,10
12.9818000793,80.2215270996,46256,46266,10
12.981089592,80.2211380005,46266,46276,10
12.9803600311,80.2210998535,46276,46286,10
12.9797496796,80.2210998535,46286,46296,10
12.9791297913,80.2211532593,46296,46306,10
12.9783697128,80.2211303711,46306,46316,10
12.977640152,80.2211380005,46316,46326,10
12.9768896103,80.2211914063,46326,46336,10
12.9763002396,80.2212295532,46336,46346,10
12.9764499664,80.2217788696,46346,46377,31
12.9764499664,80.2217788696,46377,46387,10
12.9765701294,80.2222213745,46387,46397,10
12.9769001007,80.2227325439,46397,46407,10
12.9772996902,80.2233581543,46407,46417,10
12.9777803421,80.2241516113,46417,46427,10
12.9781398773,80.2247085571,46427,46437,10
12.97838974,80.2251434326,46437,46447,10
12.9785604477,80.2254104614,46447,46457,10
12.9786901474,80.2256164551,46457,46466,9
12.9789600372,80.22605896,46466,46478,12
12.97935009,80.2267227173,46478,46488,10
12.979640007,80.2271881104,46488,46498,10
12.9799003601,80.2276000977,46498,46508,10
12.9801797867,80.2280502319,46508,46518,10
12.9804000854,80.2284469604,46518,46528,10
12.9806203842,80.2289581299,46528,46538,10
12.9808998108,80.2293701172,46538,46548,10
12.9812898636,80.2299804688,46548,46558,10
12.9816999435,80.2305679321,46558,46568,10
12.981760025,80.2306365967,46568,46578,10
12.9819002151,80.231010437,46578,46588,10
12.9820299149,80.2316818237,46588,46599,11
12.9819898605,80.2325363159,46599,46609,10
12.9817895889,80.2331466675,46609,46619,10
12.981590271,80.233581543,46619,46629,10
12.9815797806,80.2335891724,46629,46639,10
12.9814395905,80.2338562012,46639,46649,10
12.9812402725,80.2344894409,46649,46659,10
12.9812097549,80.2353591919,46659,46669,10
12.9812202454,80.2364196777,46669,46679,10
12.9812698364,80.2375335693,46679,46689,10
12.9812602997,80.2383728027,46689,46698,9
12.9812698364,80.2386779785,46698,46710,12
12.9812498093,80.2389068604,46710,46720,10
12.9812202454,80.2395095825,46720,46730,10
12.9812803268,80.2403488159,46730,46740,10
12.981300354,80.2412796021,46740,46750,10
12.9813203812,80.2421112061,46750,46760,10
12.981300354,80.242729187,46760,46770,10
12.9813203812,80.2427978516,46770,46780,10
12.9813499451,80.2430114746,46780,46790,10
12.9813499451,80.2432785034,46790,46800,10
12.9813299179,80.2436828613,46800,46810,10
12.9812297821,80.2444000244,46810,46820,10
12.9811296463,80.2453384399,46820,46831,11
12.9809999466,80.2465896606,46831,46841,10
12.9808998108,80.2477722168,46841,46851,10
12.980799675,80.2489471436,46851,46861,10
12.9806203842,80.2500915527,46861,46871,10
12.980389595,80.2509613037,46871,46881,10
12.9801902771,80.2517776489,46881,46891,10
12.9800100327,80.2522735596,46891,46901,10
12.9799003601,80.2526092529,46901,46911,10
12.979640007,80.2527236938,46911,46921,10
12.9789896011,80.2526397705,46921,46931,10
12.9784803391,80.2525024414,46931,46940,9
12.9784698486,80.2525024414,46940,46952,12
12.9780702591,80.252166748,46952,46962,10
12.9774503708,80.2516403198,46962,46972,10
12.9764499664,80.2512283325,46972,46982,10
12.9753398895,80.2509078979,46982,46992,10
12.9742202759,80.2506027222,46992,47002,10
12.9725503922,80.2501678467,47002,47022,20
12.9725503922,80.2501678467,47022,47032,10
12.9721603394,80.2500610352,47032,47042,10
12.9714803696,80.2498703003,47042,47052,10
12.9705896378,80.2496109009,47052,47062,10
12.9695196152,80.2492675781,47062,47072,10
12.9684400558,80.2488479614,47072,47083,11
12.9672498703,80.248336792,47083,47093,10
12.9662904739,80.2478713989,47093,47103,10
12.9653902054,80.2474975586,47103,47113,10
12.9650402069,80.2473983765,47113,47123,10
12.9650001526,80.2473983765,47123,47133,10
12.964630127,80.2472610474,47133,47143,10
12.9639501572,80.2469863892,47143,47153,10
12.9631004333,80.2465896606,47153,47163,10
12.9620895386,80.24609375,47163,47173,10
12.9610204697,80.2455596924,47173,47182,9
12.9601898193,80.2452011108,47182,47194,12
12.9594602585,80.2448806763,47194,47204,10
12.9593696594,80.2448425293,47204,47214,10
12.9589796066,80.2446517944,47214,47224,10
12.9582700729,80.2443389893,47224,47234,10
12.9576196671,80.2440795898,47234,47244,10
12.9568996429,80.2437667847,47244,47254,10
12.9563903809,80.2435684204,47254,47264,10
12.9561004639,80.2434616089,47264,47274,10
12.9554395676,80.2431716919,47274,47284,10
12.9546098709,80.2428131104,47284,47294,10
12.9537296295,80.2424621582,47294,47303,9
12.952870369,80.2421112061,47303,47315,12
12.9518995285,80.2417602539,47315,47325,10
12.9516496658,80.2416610718,47325,47335,10
12.9513998032,80.2415618896,47335,47345,10
12.9507703781,80.2413330078,47345,47355,10
12.9499397278,80.2411193848,47355,47365,10
12.9492197037,80.2408676147,47365,47385,20
12.9492197037,80.2408676147,47385,47395,10
12.9491996765,80.2408599854,47395,47405,10
12.9488201141,80.2406997681,47405,47415,10
12.9481496811,80.2404403687,47415,47425,10
12.9474096298,80.2401275635,47425,47436,11
12.9469900131,80.2399902344,47436,47446,10
12.9469604492,80.2399673462,47446,47456,10
12.9466199875,80.2398300171,47456,47466,10
12.945980072,80.2395629883,47466,47476,10
12.9451799393,80.2391204834,47476,47486,10
12.9444704056,80.2383880615,47486,47496,10
12.9437303543,80.2376327515,47496,47506,10
12.9429597855,80.2368621826,47506,47516,10
12.9418697357,80.2363891602,47516,47526,10
12.9406900406,80.2360916138,47526,47536,10
12.9397802353,80.235786438,47536,47545,9
12.9396800995,80.2357635498,47545,47557,12
12.9394903183,80.2356719971,47557,47567,10
12.9389896393,80.2353973389,47567,47577,10
12.9382295609,80.2350234985,47577,47587,10
12.9372501373,80.2345428467,47587,47597,10
12.9362001419,80.2340393066,47597,47607,10
12.9351797104,80.2335586548,47607,47617,10
12.9338903427,80.233001709,47617,47637,20
12.9338903427,80.233001709,47637,47647,10
12.9337797165,80.2329406738,47647,47657,10
12.9333496094,80.2327423096,47657,47667,10
12.9326400757,80.232460022,47667,47678,11
12.9315900803,80.2321014404,47678,47688,10
12.9304704666,80.2317504883,47688,47698,10
12.929309845,80.2314682007,47698,47708,10
12.9281702042,80.2312469482,47708,47718,10
12.9269599915,80.2311096191,47718,47728,10
12.9259901047,80.2310180664,47728,47738,10
12.9259195328,80.231010437,47738,47748,10
12.9257802963,80.2309875488,47748,47758,10
12.9252796173,80.2309112549,47758,47768,10
12.9245300293,80.2308197021,47768,47778,10
12.9236001968,80.2307128906,47778,47788,10
12.9224796295,80.2305297852,47788,47799,11
12.9211797714,80.2303390503,47799,47809,10
12.9192199707,80.2301177979,47809,47829,20
12.9192199707,80.2301177979,47829,47839,10
12.9190998077,80.2301025391,47839,47849,10
12.9185800552,80.2300262451,47849,47859,10
12.9177799225,80.2299118042,47859,47869,10
12.9168300629,80.2297821045,47869,47879,10
12.9160299301,80.2296600342,47879,47889,10
12.9150400162,80.2294998169,47889,47899,10
12.9139995575,80.2293777466,47899,47909,10
12.9132604599,80.2293014526,47909,47920,11
12.9132003784,80.2292785645,47920,47930,10
12.9127397537,80.2292022705,47930,47940,10
12.9119596481,80.2290878296,47940,47950,10
12.910949707,80.2289505005,47950,47960,10
12.909819603,80.228767395,47960,47970,10
12.9087400436,80.2285919189,47970,47980,10
12.9077196121,80.2284317017,47980,47990,10
12.9067401886,80.2283325195,47990,48020,30
12.9067401886,80.2283325195,48020,48029,9
12.9065504074,80.2282791138,48029,48041,12
12.9059000015,80.228187561,48041,48051,10
12.9050998688,80.2281723022,48051,48061,10
12.9040899277,80.2281036377,48061,48071,10
12.9029397964,80.2280502319,48071,48081,10
12.9018096924,80.2279968262,48081,48091,10
12.9011497498,80.2279968262,48091,48141,50
12.9011497498,80.2279968262,48141,48150,9
12.9009799957,80.2280197144,48150,48162,12
12.9004602432,80.2279434204,48162,48172,10
12.8995599747,80.2278900146,48172,48202,30
12.8995599747,80.2278900146,48202,48212,10
12.899479866,80.2278823853,48212,48222,10
12.8990497589,80.2278594971,48222,48232,10
12.8983402252,80.2278213501,48232,48242,10
12.8974704742,80.2277832031,48242,48252,10
12.8964500427,80.2277297974,48252,48262,10
12.8954000473,80.2276916504,48262,48272,10
12.8945198059,80.2276382446,48272,48283,11
12.8932304382,80.2275238037,48283,48303,20
12.8932304382,80.2275238037,48303,48313,10
12.8928499222,80.2274703979,48313,48323,10
12.8923397064,80.2274093628,48323,48333,10
12.891579628,80.2273864746,48333,48343,10
12.8905897141,80.2273788452,48343,48353,10
12.8894996643,80.2273712158,48353,48363,10
12.8884496689,80.2273406982,48363,48373,10
12.8873796463,80.2272415161,48373,48383,10
12.8862199783,80.2269973755,48383,48393,10
12.8851804733,80.2267684937,48393,48404,11
12.8848495483,80.2267379761,48404,48414,10
12.8847398758,80.2267379761,48414,48424,10
12.8843698502,80.2267227173,48424,48434,10
12.8836603165,80.2267227173,48434,48444,10
12.8826503754,80.2267074585,48444,48454,10
12.881480217,80.2267074585,48454,48464,10
12.8802700043,80.2267227173,48464,48474,10
12.8790197372,80.2267379761,48474,48484,10
12.8777399063,80.2268371582,48484,48494,10
12.876660347,80.2269515991,48494,48504,10
12.876449585,80.2268829346,48504,48514,10
12.8764200211,80.2265701294,48514,48525,11
12.8764295578,80.2264862061,48525,48535,10
12.8764896393,80.2260818481,48535,48545,10
12.8765697479,80.2253189087,48545,48555,10
12.8766803741,80.2243499756,48555,48565,10
12.8768997192,80.2232513428,48565,48575,10
12.8771696091,80.2220611572,48575,48585,10
12.8774595261,80.2208175659,48585,48595,10
12.8777503967,80.2195663452,48595,48605,10
12.8780298233,80.2183074951,48605,48615,10
12.878279686,80.2170333862,48615,48625,10
12.8784198761,80.2162704468,48625,48635,10
12.8785896301,80.2155227661,48635,48646,11
12.8788204193,80.21434021,48646,48656,10
12.8790597916,80.2131500244,48656,48666,10
12.8792896271,80.2119369507,48666,48676,10
12.8793697357,80.2110595703,48676,48686,10
12.8790798187,80.2109832764,48686,48706,20
12.8790798187,80.2109832764,48706,48716,10
12.8787002563,80.2109069824,48716,48726,10
12.8780202866,80.2107925415,48726,48736,10
12.877240181,80.2106399536,48736,48746,10
12.87637043,80.2104721069,48746,48756,10
12.8757696152,80.2103424072,48756,48767,11
12.8745698929,80.2101364136,48767,48787,20
12.8745698929,80.2101364136,48787,48797,10
12.8744297028,80.2100982666,48797,48807,10
12.8744096756,80.2097015381,48807,48817,10
12.874879837,80.2096176147,48817,48888,71
12.8749704361,80.2095718384,48888,49019,131
12.8749799728,80.2095718384,49019,49472,453
12.8749799728,80.2095794678,49472,49563,91
12.8749399185,80.2096633911,49563,49694,131
12.8750600815,80.209602356,49694,49775,81
12.8749599457,80.2097320557,49775,50087,312
12.8749198914,80.2096099854,50087,50269,182
12.8749103546,80.2095413208,50269,50360,91
12.8750095367,80.2094802856,50360,50652,292
12.8749799728,80.2095870972,50652,50793,141
12.8749799728,80.2095870972,50793,50803,10
12.8748197556,80.2097091675,50803,50813,10
12.8747797012,80.2098007202,50813,50823,10
12.8747196198,80.2100296021,50823,50834,11
12.8748903275,80.2101593018,50834,50844,10
12.8751497269,80.2102127075,50844,50854,10
12.875579834,80.2102966309,50854,50864,10
12.8757600784,80.2103271484,50864,50874,10
12.8760795593,80.2104187012,50874,50884,10
12.8765697479,80.2104873657,50884,50894,10
12.8772001266,80.2106170654,50894,50904,10
12.8779497147,80.2107696533,50904,50914,10
12.8787698746,80.2109222412,50914,50924,10
12.879240036,80.2110214233,50924,50934,10
12.8792896271,80.2110290527,50934,50944,10
12.8794898987,80.2112197876,50944,50955,11
12.8793897629,80.2118301392,50955,50965,10
12.8792295456,80.2126464844,50965,50975,10
12.8790597916,80.2136077881,50975,50985,10
12.8788700104,80.2145767212,50985,50995,10
12.8786497116,80.2156066895,50995,51005,10
12.8784303665,80.2166366577,51005,51015,10
12.8782300949,80.2176818848,51015,51025,10
12.8780202866,80.2187194824,51025,51035,10
12.8777799606,80.2197570801,51035,51045,10
12.8775396347,80.2208023071,51045,51055,10
12.8773002625,80.2218475342,51055,51065,10
12.8770503998,80.2229232788,51065,51076,11
12.8767795563,80.2240982056,51076,51086,10
12.8766403198,80.225189209,51086,51096,10
12.8765001297,80.2262268066,51096,51106,10
12.8764696121,80.226890564,51106,51136,30
12.8764696121,80.226890564,51136,51146,10
12.8767299652,80.2269287109,51146,51156,10
12.8773298264,80.2268600464,51156,51166,10
12.878279686,80.2267684937,51166,51176,10
12.8793802261,80.2267227173,51176,51186,10
12.8805599213,80.2266921997,51186,51197,11
12.8818798065,80.2266693115,51197,51207,10
12.8830900192,80.2266616821,51207,51217,10
12.8842802048,80.2266387939,51217,51227,10
12.8850698471,80.2266464233,51227,51237,10
12.8852796555,80.2266616821,51237,51247,10
12.8855199814,80.2267074585,51247,51257,10
12.8861303329,80.2268600464,51257,51267,10
12.8870296478,80.2270889282,51267,51277,10
12.8880996704,80.2272491455,51277,51287,10
12.8886499405,80.2272720337,51287,51297,10
12.8888902664,80.2272720337,51297,51307,10
12.8895597458,80.2272796631,51307,51318,11
12.8906297684,80.2272796631,51318,51328,10
12.8917703629,80.2272872925,51328,51338,10
12.8928604126,80.2273635864,51338,51348,10
12.8939304352,80.2274932861,51348,51358,10
12.8942203522,80.2275238037,51358,51368,10
12.8944797516,80.2275390625,51368,51378,10
12.8951702118,80.2275924683,51378,51388,10
12.8961601257,80.2276306152,51388,51398,10
12.8972902298,80.2276916504,51398,51408,10
12.8984804153,80.2277603149,51408,51418,10
12.8996696472,80.2278366089,51418,51428,10
12.9007501602,80.2278594971,51428,51509,81
12.9007501602,80.2278594971,51509,51519,10
12.9009103775,80.2278213501,51519,51529,10
12.9013795853,80.2278594971,51529,51539,10
12.9022302628,80.2279281616,51539,51549,10
12.9028196335,80.2279663086,51549,51560,11
12.9028301239,80.2279663086,51560,51570,10
12.9030895233,80.2279510498,51570,51580,10
12.9036798477,80.2280273438,51580,51590,10
12.904540062,80.2281112671,51590,51600,10
12.9055595398,80.2281799316,51600,51610,10
12.9064598083,80.2282409668,51610,51620,10
12.9070501328,80.2282791138,51620,51630,10
12.9071502686,80.2282791138,51630,51640,10
12.9076499939,80.2283401489,51640,51650,10
12.9084701538,80.2284698486,51650,51660,10
12.909529686,80.2286529541,51660,51670,10
12.91065979,80.2288513184,51670,51681,11
12.9119100571,80.229019165,51681,51691,10
12.9129896164,80.2291870117,51691,51701,10
12.913860321,80.2292861938,51701,51711,10
12.9140501022,80.229309082,51711,51721,10
12.9142303467,80.2293395996,51721,51731,10
12.9147596359,80.2293777466,51731,51741,10
12.9155101776,80.2295227051,51741,51751,10
12.9165000916,80.2296524048,51751,51761,10
12.917550087,80.2297821045,51761,51771,10
12.9186296463,80.229927063,51771,51781,10
12.9193696976,80.2300186157,51781,51791,10
12.9194498062,80.2300262451,51791,51802,11
12.920009613,80.2301025391,51802,51812,10
12.9208202362,80.2302017212,51812,51822,10
12.9218101501,80.2303390503,51822,51832,10
12.9229001999,80.2305221558,51832,51842,10
12.924030304,80.230682373,51842,51852,10
12.9251203537,80.2308502197,51852,51862,10
12.9261598587,80.2309494019,51862,51872,10
12.9263601303,80.2309570313,51872,51882,10
12.9264202118,80.2309570313,51882,51892,10
12.9268798828,80.2310180664,51892,51902,10
12.9276304245,80.2311019897,51902,51912,10
12.9284296036,80.2312164307,51912,51923,11
12.9291200638,80.231338501,51923,51933,10
12.929889679,80.2315063477,51933,51943,10
12.9308595657,80.2317810059,51943,51953,10
12.9319200516,80.2321014404,51953,51963,10
12.932970047,80.232421875,51963,51973,10
12.9336595535,80.232711792,51973,51983,10
12.9336595535,80.2327194214,51983,51993,10
12.9339103699,80.2328567505,51993,52003,10
12.9345197678,80.2331237793,52003,52013,10
12.9353103638,80.2334594727,52013,52023,10
12.9362201691,80.2339019775,52023,52032,9
12.9371299744,80.2343292236,52032,52044,12
12.9384002686,80.2349472046,52044,52054,10
12.9393196106,80.2354202271,52054,52064,10
12.9398803711,80.235710144,52064,52074,10
12.9398803711,80.2357177734,52074,52084,10
12.9401798248,80.2358322144,52084,52094,10
12.9408102036,80.2360305786,52094,52104,10
12.9416904449,80.2362365723,52104,52114,10
12.9427099228,80.2365570068,52114,52124,10
12.9436101913,80.2372512817,52124,52134,10
12.9443902969,80.2381210327,52134,52143,9
12.9451303482,80.2388916016,52143,52154,11
12.9462404251,80.2395095825,52154,52165,11
12.9472503662,80.2399291992,52165,52175,10
12.947429657,80.240020752,52175,52185,10
12.947520256,80.2400665283,52185,52195,10
12.9479799271,80.2402572632,52195,52205,10
12.9487304688,80.2405395508,52205,52235,30
12.9487304688,80.2405395508,52235,52245,10
12.9488201141,80.240562439,52245,52255,10
12.9489803314,80.2406692505,52255,52265,10
12.9494695663,80.2408599854,52265,52275,10
12.9502000809,80.2410812378,52275,52286,11
12.9510498047,80.2413711548,52286,52296,10
12.9511604309,80.2413864136,52296,52306,10
12.9515104294,80.2415008545,52306,52316,10
12.9521198273,80.2417068481,52316,52326,10
12.9529104233,80.2420196533,52326,52336,10
12.9537401199,80.2423706055,52336,52346,10
12.9546098709,80.2426986694,52346,52356,10
12.955280304,80.2429504395,52356,52366,10
12.9563999176,80.243347168,52366,52396,30
12.9563999176,80.243347168,52396,52407,11
12.9568300247,80.2435302734,52407,52417,10
12.9575395584,80.243850708,52417,52427,10
12.9583597183,80.2442016602,52427,52437,10
12.9587802887,80.2443466187,52437,52447,10
12.9588403702,80.2443618774,52447,52457,10
12.9592199326,80.2445373535,52457,52467,10
12.9598703384,80.2448501587,52467,52477,10
12.9607400894,80.245262146,52477,52487,10
12.9617004395,80.2457199097,52487,52497,10
12.9625902176,80.2461776733,52497,52506,9
12.9630203247,80.2464065552,52506,52517,11
12.9631700516,80.2465286255,52517,52528,11
12.9637298584,80.2467498779,52528,52538,10
12.9644098282,80.2470016479,52538,52548,10
12.9652500153,80.2472915649,52548,52558,10
12.9661598206,80.2476196289,52558,52568,10
12.9667196274,80.2478713989,52568,52578,10
12.9667797089,80.2478866577,52578,52588,10
12.9668102264,80.2478713989,52588,52598,10
12.9670095444,80.248008728,52598,52608,10
12.9670600891,80.2480621338,52608,52618,10
12.9676198959,80.2482833862,52618,52627,9
12.9683303833,80.248550415,52627,52639,12
12.9695100784,80.2489929199,52639,52649,10
12.9706096649,80.2493972778,52649,52659,10
12.9717502594,80.2497711182,52659,52669,10
12.972869873,80.2500762939,52669,52679,10
12.9738702774,80.2503585815,52679,52689,10
12.9743700027,80.25050354,52689,52699,10
12.9745597839,80.2505569458,52699,52709,10
12.9751195908,80.2507400513,52709,52719,10
12.9759397507,80.2509765625,52719,52729,10
12.9769897461,80.2512664795,52729,52739,10
12.977930069,80.2518310547,52739,52749,10
12.9787597656,80.2524185181,52749,52760,11
12.9797401428,80.2525100708,52760,52770,10
12.979929924,80.2522506714,52770,52780,10
12.979929924,80.252243042,52780,52790,10
12.9799699783,80.2520294189,52790,52800,10
12.9800796509,80.251701355,52800,52810,10
12.9803199768,80.2510299683,52810,52820,10
12.9805498123,80.2501220703,52820,52830,10
12.9807195663,80.2490463257,52830,52840,10
12.980799675,80.2480010986,52840,52850,10
12.9808797836,80.246963501,52850,52860,10
12.9809999466,80.2458114624,52860,52870,10
12.9811201096,80.2446517944,52870,52881,11
12.981180191,80.243888855,52881,52891,10
12.9812297821,80.2436981201,52891,52901,10
12.9813404083,80.2434616089,52901,52911,10
12.9813499451,80.2429504395,52911,52921,10
12.9813604355,80.2426834106,52921,52931,10
12.9813604355,80.2423171997,52931,52941,10
12.9813499451,80.2416534424,52941,52951,10
12.9813604355,80.2407913208,52951,52961,10
12.9813404083,80.2400588989,52961,52971,10
12.9813299179,80.2394790649,52971,52981,10
12.9813098907,80.2388534546,52981,52991,10
12.9812898636,80.2382507324,52991,53002,11
12.9812898636,80.2378768921,53002,53012,10
12.9812803268,80.2376480103,53012,53022,10
12.9812602997,80.2370529175,53022,53032,10
12.9812297821,80.2361831665,53032,53042,10
12.9812002182,80.2351608276,53042,53052,10
12.9812602997,80.2341766357,53052,53062,10
12.9815702438,80.2334823608,53062,53072,10
12.9816503525,80.2333068848,53072,53082,10
12.9817199707,80.2332077026,53082,53092,10
12.9818897247,80.2327804565,53092,53102,10
12.982000351,80.2322006226,53102,53112,10
12.9819602966,80.2316513062,53112,53123,11
12.9818296432,80.2309188843,53123,53133,10
12.9815196991,80.2303237915,53133,53143,10
12.9811296463,80.2296905518,53143,53153,10
12.9808397293,80.2292404175,53153,53163,10
12.9806804657,80.2290115356,53163,53173,10
12.9806098938,80.2288665771,53173,53183,10
12.9804496765,80.2285919189,53183,53193,10
12.9802799225,80.228187561,53193,53203,10
12.9799404144,80.2276535034,53203,53213,10
12.9795703888,80.2270584106,53213,53223,10
12.9791698456,80.2263565063,53223,53233,10
12.978770256,80.225692749,53233,53244,11
12.9782800674,80.2248687744,53244,53254,10
12.9779996872,80.2244796753,53254,53264,10
12.9778203964,80.2241973877,53264,53274,10
12.9777698517,80.2241363525,53274,53284,10
12.977519989,80.2237319946,53284,53294,10
12.9771699905,80.2230987549,53294,53304,10
12.9769897461,80.2227478027,53304,53314,10
12.9771404266,80.222618103,53314,53324,10
12.9772596359,80.2226333618,53324,53334,10
12.9774303436,80.2226333618,53334,53344,10
12.9774599075,80.2222900391,53344,53353,9
12.9774303436,80.2217102051,53353,53365,12
12.977519989,80.2212295532,53365,53375,10
12.9779396057,80.2211608887,53375,53385,10
12.9786500931,80.2211303711,53385,53395,10
12.9794998169,80.2210769653,53395,53405,10
12.9803695679,80.2210235596,53405,53415,10
12.9810304642,80.2210464478,53415,53425,10
12.9818601608,80.221496582,53425,53435,10
12.9823904037,80.2217407227,53435,53445,10
12.9829397202,80.2218933105,53445,53455,10
12.9829902649,80.2219161987,53455,53464,9
12.983130455,80.2220001221,53464,53476,12
12.9835596085,80.2222976685,53476,53486,10
12.9841098785,80.2226104736,53486,53496,10
12.9844999313,80.22290802,53496,53506,10
12.9850997925,80.2232131958,53506,53516,10
12.9855298996,80.2231369019,53516,53526,10
12.9863500595,80.2229919434,53526,53546,20
12.9863500595,80.2229919434,53546,53556,10
12.9867696762,80.2230987549,53556,53566,10
12.9872903824,80.2230987549,53566,53576,10
12.9879798889,80.2227935791,53576,53586,10
12.9886903763,80.2222137451,53586,53596,10
12.9892101288,80.2215881348,53596,53607,11
12.9898900986,80.2207336426,53607,53617,10
12.9903898239,80.2203216553,53617,53627,10
12.990530014,80.2202301025,53627,53637,10
12.9908399582,80.2199783325,53637,53647,10
12.9913902283,80.2195281982,53647,53657,10
12.9920196533,80.2191085815,53657,53667,10
12.9927597046,80.2185897827,53667,53677,10
12.9935598373,80.217956543,53677,53687,10
12.9940795898,80.2175979614,53687,53697,10
12.994509697,80.2172927856,53697,53707,10
12.9946298599,80.2172164917,53707,53717,10
12.9947004318,80.2171936035,53717,53728,11
12.9950504303,80.2169494629,53728,53738,10
12.995639801,80.2166824341,53738,53748,10
12.9963102341,80.216506958,53748,53758,10
12.9970598221,80.2163696289,53758,53768,10
12.9974803925,80.2160415649,53768,53778,10
12.9976196289,80.2159729004,53778,53788,10
12.9979696274,80.2156600952,53788,53798,10
12.9984197617,80.2152328491,53798,53808,10
12.9989595413,80.2147674561,53808,53818,10
12.9993095398,80.2145309448,53818,53828,10
12.9998197556,80.2141189575,53828,53839,11
13.00041008,80.2136077881,53839,53849,10
13.0010004044,80.2130508423,53849,53859,10
13.0015497208,80.2125930786,53859,53869,10
13.0020999908,80.2122497559,53869,53879,10
13.0028295517,80.2120513916,53879,53889,10
13.0034399033,80.2119903564,53889,53899,10
13.0034999847,80.2119598389,53899,53909,10
13.0036201477,80.2117004395,53909,53919,10
13.0036401749,80.2110595703,53919,53929,10
13.0035800934,80.2105026245,53929,53939,10
13.0035200119,80.210067749,53939,53949,10
13.0035104752,80.2095031738,53949,53960,11
13.0037403107,80.2086868286,53960,53970,10
13.0045900345,80.2088928223,53970,53980,10
13.0055303574,80.2092971802,53980,53990,10
13.0061903,80.2095489502,53990,54000,10
13.0068597794,80.2097396851,54000,54010,10
13.0074901581,80.2098312378,54010,54040,30
13.0074901581,80.2098312378,54040,54050,10
13.0077600479,80.2099304199,54050,54060,10
13.0081195831,80.2099685669,54060,54070,10
13.0081501007,80.2096176147,54070,54081,11
13.0079402924,80.2087402344,54081,54091,10
13.0077800751,80.2079086304,54091,54101,10
13.0076599121,80.2071075439,54101,54111,10
13.0075597763,80.2063674927,54111,54121,10
13.0074901581,80.2055130005,54121,54131,10
13.0074996948,80.2046203613,54131,54141,10
13.0074396133,80.2037963867,54141,54151,10
13.0072803497,80.2029800415,54151,54161,10
13.0066900253,80.2026290894,54161,54171,10
13.0065698624,80.2032012939,54171,54181,10
13.0070800781,80.2035293579,54181,54190,9
13.0077896118,80.2036972046,54190,54202,12
13.0089998245,80.203666687,54202,54212,10
13.010219574,80.2036437988,54212,54222,10
13.0115203857,80.203742981,54222,54232,10
13.0127601624,80.2039489746,54232,54242,10
13.0135602951,80.2042388916,54242,54252,10
13.0136299133,80.204536438,54252,54262,10
13.0135698318,80.2047119141,54262,54272,10
13.0134296417,80.2051010132,54272,54282,10
13.0131797791,80.2058334351,54282,54292,10
13.0129995346,80.206703186,54292,54302,10
13.0129299164,80.2074966431,54302,54312,10
13.012840271,80.2079086304,54312,54323,11
13.0128202438,80.208366394,54323,54333,10
13.0128803253,80.2087097168,54333,54343,10
13.013010025,80.2092132568,54343,54353,10
13.0132398605,80.2096328735,54353,54363,10
13.0131702423,80.2102584839,54363,54373,10
13.0129404068,80.2109832764,54373,54383,10
13.0126104355,80.2116775513,54383,54393,10
13.0122900009,80.2122802734,54393,54403,10
13.0120296478,80.212600708,54403,54413,10
13.0119199753,80.2127304077,54413,54423,10
13.011639595,80.212638855,54423,54433,10
13.0110702515,80.2122421265,54433,54444,11
13.0104598999,80.2117919922,54444,54454,10
13.0103902817,80.211730957,54454,54464,10
13.0103397369,80.2117004395,54464,54474,10
13.009929657,80.2113876343,54474,54534,60
13.0095996857,80.21118927,54534,54566,32
13.0095996857,80.21118927,54566,54576,10
13.0096902847,80.2113037109,54576,54616,40
13.0094299316,80.2113189697,54616,54626,10
13.0093803406,80.2109603882,54626,54818,192
13.0092496872,80.2107696533,54818,54858,40
13.0092496872,80.2107696533,54858,54868,10
13.0091495514,80.2108535767,54868,54878,10
13.0090503693,80.2111587524,54878,54888,10
13.0089797974,80.2113571167,54888,54898,10
13.0089998245,80.2116317749,54898,54908,10
13.0091400146,80.2120819092,54908,54918,10
13.0093297958,80.2127075195,54918,54929,11
13.0095796585,80.2133483887,54929,54939,10
13.0098304749,80.2139892578,54939,54949,10
13.0100898743,80.2146377563,54949,54959,10
13.0101900101,80.2154312134,54959,54969,10
13.0104799271,80.216217041,54969,54979,10
13.010890007,80.217048645,54979,54989,10
13.0112304688,80.2179489136,54989,54999,10
13.0115604401,80.2189712524,54999,55009,10
13.0118904114,80.2200317383,55009,55019,10
13.0122203827,80.2210617065,55019,55029,10
13.0123796463,80.2216033936,55029,55039,10
13.0126800537,80.2219619751,55039,55050,11
13.0130796432,80.2223587036,55050,55060,10
13.0136804581,80.2230834961,55060,55070,10
13.0140600204,80.2235794067,55070,55080,10
13.0143003464,80.2238006592,55080,55090,10
13.0148000717,80.2244110107,55090,55100,10
13.0152397156,80.2249298096,55100,55110,10
13.0153799057,80.2251968384,55110,55120,10
13.0154104233,80.2254867554,55120,55130,10
13.0150203705,80.2259368896,55130,55150,20
13.0150203705,80.2259368896,55150,55160,10
13.0147600174,80.22605896,55160,55171,11
13.0141401291,80.2262802124,55171,55181,10
13.0133800507,80.2265777588,55181,55191,10
13.0125102997,80.2269363403,55191,55201,10
13.0116500854,80.2273178101,55201,55211,10
13.0107898712,80.227722168,55211,55221,10
13.0098896027,80.2282485962,55221,55231,10
13.0097103119,80.2275314331,55231,55241,10
13.0099096298,80.2267684937,55241,55251,10
13.0102100372,80.225982666,55251,55261,10
13.0105104446,80.2252502441,55261,55271,10
13.0107803345,80.2246017456,55271,55281,10
13.01101017,80.2241821289,55281,55292,11
13.0111703873,80.2236404419,55292,55302,10
13.0112304688,80.223197937,55302,55312,10
13.010720253,80.2229614258,55312,55322,10
13.0103902817,80.2228012085,55322,55332,10
13.0100898743,80.2226409912,55332,55342,10
13.0095100403,80.2223205566,55342,55352,10
13.0087404251,80.2219161987,55352,55362,10
13.0078401566,80.2214431763,55362,55372,10
13.0068597794,80.2209014893,55372,55382,10
13.0058202744,80.2205581665,55382,55392,10
13.0048503876,80.2203063965,55392,55403,11
13.0039396286,80.2201080322,55403,55413,10
13.0031404495,80.2199172974,55413,55423,10
13.0023698807,80.2194671631,55423,55433,10
13.0018501282,80.2189407349,55433,55443,10
13.001660347,80.2187423706,55443,55453,10
13.0013303757,80.2184524536,55453,55463,10
13.0008401871,80.2181091309,55463,55473,10
13.000289917,80.2177581787,55473,55483,10
12.99958992,80.2173309326,55483,55493,10
12.9987897873,80.2169189453,55493,55503,10
12.997879982,80.2165908813,55503,55513,10
12.9974899292,80.2165374756,55513,55524,11
12.9971599579,80.2165679932,55524,55534,10
12.9965400696,80.2166137695,55534,55544,10
12.995880127,80.2167205811,55544,55554,10
12.9954395294,80.2168731689,55554,55564,10
12.9952001572,80.2169799805,55564,55574,10
12.995059967,80.2170791626,55574,55584,10
12.9947595596,80.217300415,55584,55594,10
12.9942598343,80.217628479,55594,55604,10
12.9937601089,80.2179870605,55604,55614,10
12.9931001663,80.2184371948,55614,55624,10
12.9923295975,80.218963623,55624,55634,10
12.9915895462,80.2195205688,55634,55645,11
12.9908504486,80.2201080322,55645,55655,10
12.9907398224,80.2202301025,55655,55665,10
12.9905395508,80.2204284668,55665,55675,10
12.9900798798,80.2206802368,55675,55685,10
12.989569664,80.2212905884,55685,55695,10
12.9890298843,80.2220230103,55695,55705,10
12.9884796143,80.2226715088,55705,55715,10
12.9875602722,80.2231292725,55715,55725,10
12.9875602722,80.2231292725,55725,55735,10
12.9872999191,80.2231063843,55735,55744,9
12.9869604111,80.2230377197,55744,55754,10
12.9864196777,80.2229995728,55754,55766,12
12.9856901169,80.2230987549,55766,55776,10
12.9852304459,80.2232971191,55776,55786,10
12.9845695496,80.2229690552,55786,55796,10
12.9840297699,80.2226486206,55796,55806,10
12.9832296371,80.22215271,55806,55826,20
12.9832296371,80.22215271,55826,55836,10
12.9829397202,80.2219696045,55836,55846,10
12.9826803207,80.2218933105,55846,55856,10
12.9821500778,80.2216873169,55856,55866,10
12.9816398621,80.2213592529,55866,55876,10
12.9811000824,80.2210922241,55876,55887,11
12.9803199768,80.2210693359,55887,55897,10
12.9795198441,80.2211380005,55897,55907,10
12.9786500931,80.2211685181,55907,55917,10
12.9780702591,80.221206665,55917,55927,10
12.977399826,80.2212371826,55927,55937,10
12.9765901566,80.2212371826,55937,55947,10
12.9761199951,80.2213973999,55947,55957,10
12.9762496948,80.2217712402,55957,55977,20
12.9762496948,80.2217712402,55977,55987,10
12.9763097763,80.2218933105,55987,55997,10
12.9765996933,80.2223434448,55997,56008,11
12.9769802094,80.2229614258,56008,56018,10
12.977399826,80.2236404419,56018,56028,10
12.9778995514,80.2244186401,56028,56038,10
12.9783802032,80.225189209,56038,56048,10
12.9785900116,80.225479126,56048,56058,10
12.9786996841,80.2256317139,56058,56068,10
12.9789800644,80.2261428833,56068,56078,10
12.9793596268,80.2267837524,56078,56088,10
12.9797401428,80.2274169922,56088,56098,10
12.9801797867,80.2281417847,56098,56108,10
12.9804401398,80.2286224365,56108,56118,10
12.9807701111,80.2291870117,56118,56129,11
12.9811201096,80.2296981812,56129,56139,10
12.9815301895,80.2303924561,56139,56149,10
12.9816703796,80.2306137085,56149,56159,10
12.9818401337,80.2309494019,56159,56169,10
12.9819898605,80.2315979004,56169,56179,10
12.9820203781,80.2322463989,56179,56189,10
12.9819002151,80.2328414917,56189,56199,10
12.9816398621,80.2334594727,56199,56209,10
12.9815998077,80.2335662842,56209,56219,10
12.9814996719,80.233757019,56219,56229,10
12.9813098907,80.2341384888,56229,56239,10
12.9812202454,80.2348327637,56239,56250,11
12.9812402725,80.2358627319,56250,56260,10
12.9812698364,80.2368927002,56260,56270,10
12.9812803268,80.2378997803,56270,56280,10
12.981300354,80.2386398315,56280,56290,10
12.9813299179,80.2387619019,56290,56300,10
12.9813299179,80.2391891479,56300,56310,10
12.9813098907,80.2397384644,56310,56320,10
12.9813404083,80.2402420044,56320,56330,10
12.9813604355,80.2410202026,56330,56340,10
12.9813699722,80.2418899536,56340,56350,10
12.9813899994,80.2425765991,56350,56359,9
12.9813804626,80.2428207397,56359,56371,12
12.9813899994,80.243057251,56371,56381,10
12.9813804626,80.2435302734,56381,56391,10
12.9812803268,80.2442169189,56391,56401,10
12.9811697006,80.2451324463,56401,56411,10
12.9810400009,80.2462005615,56411,56421,10
12.980919838,80.2473602295,56421,56431,10
12.9808397293,80.2484130859,56431,56441,10
12.9807395935,80.2494506836,56441,56451,10
12.9805202484,80.25050354,56451,56461,10
12.9802303314,80.2515487671,56461,56471,10
12.9800901413,80.2522125244,56471,56481,10
12.9799404144,80.2524795532,56481,56492,11
12.9797801971,80.252746582,56492,56502,10
12.9793195724,80.2527236938,56502,56512,10
12.9787998199,80.2526626587,56512,56522,10
12.9787597656,80.2526473999,56522,56532,10
12.9786300659,80.2526016235,56532,56542,10
12.9782800674,80.2524032593,56542,56552,10
12.9777498245,80.2519302368,56552,56562,10
12.9770002365,80.251411438,56562,56572,10
12.975979805,80.2510910034,56572,56582,10
12.9749403,80.2508010864,56582,56592,10
12.973950386,80.2505264282,56592,56602,10
12.9729299545,80.2502593994,56602,56613,11
12.9725399017,80.2501831055,56613,56623,10
12.9721603394,80.2500686646,56623,56633,10
12.9715299606,80.2498931885,56633,56643,10
12.9706401825,80.2496414185,56643,56653,10
12.969619751,80.2492599487,56653,56663,10
12.9685497284,80.2488098145,56663,56673,10
12.9674596786,80.248336792,56673,56683,10
12.9665203094,80.2479095459,56683,56693,10
12.9658603668,80.2476425171,56693,56703,10
12.9653301239,80.2474136353,56703,56712,9
12.9651002884,80.2473297119,56712,56724,12
12.9649801254,80.2472991943,56724,56734,10
12.964509964,80.2471466064,56734,56744,10
12.9638004303,80.246887207,56744,56754,10
12.9629898071,80.2464904785,56754,56764,10
12.9619703293,80.2459869385,56764,56774,10
12.9609098434,80.2454833984,56774,56784,10
12.959400177,80.2448272705,56784,56804,20
12.959400177,80.2448272705,56804,56814,10
12.9593000412,80.2447891235,56814,56824,10
12.9588298798,80.2445602417,56824,56834,10
12.9581003189,80.2442474365,56834,56845,11
12.9573698044,80.2439804077,56845,56855,10
12.9563999176,80.2436676025,56855,56875,20
12.9563999176,80.2436676025,56875,56885,10
12.9561796188,80.2436294556,56885,56895,10
12.9556503296,80.243347168,56895,56905,10
12.9549102783,80.2429885864,56905,56915,10
12.954000473,80.2426071167,56915,56925,10
12.9530000687,80.2421875,56925,56935,10
12.9516401291,80.2416915894,56935,56955,20
12.9516401291,80.2416915894,56955,56966,11
12.9511699677,80.2415084839,56966,56976,10
12.950510025,80.2412796021,56976,56986,10
12.9497003555,80.2410430908,56986,56996,10
12.9489002228,80.2407836914,56996,57006,10
12.9480400085,80.2404174805,57006,57016,10
12.9474897385,80.2401885986,57016,57026,10
12.9474401474,80.2401580811,57026,57036,10
12.947019577,80.2399902344,57036,57046,10
12.946559906,80.2398300171,57046,57056,10
12.9464302063,80.2397689819,57056,57066,10
12.9459695816,80.2395477295,57066,57076,10
12.9453296661,80.2391967773,57076,57087,11
12.9446001053,80.2385025024,57087,57097,10
12.943810463,80.2376403809,57097,57107,10
12.9433202744,80.2371520996,57107,57117,10
12.9430904388,80.2369384766,57117,57127,10
12.9424695969,80.2365722656,57127,57137,10
12.9415502548,80.236289978,57137,57147,10
12.940489769,80.2360229492,57147,57157,10
12.9397001266,80.2357635498,57157,57167,10
12.9396400452,80.2357406616,57167,57177,10
12.9393997192,80.2356262207,57177,57187,10
12.9388103485,80.2353210449,57187,57197,10
12.9379901886,80.2349014282,57197,57208,11
12.9368896484,80.2343597412,57208,57218,10
12.9358501434,80.2338485718,57218,57228,10
12.9348096848,80.2333831787,57228,57238,10
12.9340000153,80.233039856,57238,57258,20
12.9340000153,80.233039856,57258,57268,10
12.9336996078,80.2328872681,57268,57278,10
12.9330301285,80.2325897217,57278,57288,10
12.9321804047,80.2322692871,57288,57298,10
12.9311304092,80.231918335,57298,57308,10
12.930100441,80.2316207886,57308,57318,10
12.9292001724,80.2313995361,57318,57329,11
12.9280796051,80.2312011719,57329,57339,10
12.9269504547,80.2310714722,57339,57349,10
12.9259901047,80.2310028076,57349,57359,10
12.9258499146,80.2310028076,57359,57369,10
12.9253396988,80.2309265137,57369,57379,10
12.9245595932,80.2308273315,57379,57389,10
12.9235897064,80.2306976318,57389,57399,10
12.9224596024,80.2305297852,57399,57409,10
12.9213104248,80.2303390503,57409,57419,10
12.9202299118,80.2301864624,57419,57429,10
12.9190702438,80.2300415039,57429,57439,10
12.917889595,80.2298965454,57439,57450,11
12.9165401459,80.2297134399,57450,57460,10
12.9153203964,80.2295303345,57460,57470,10
12.9141798019,80.2293930054,57470,57480,10
12.9135103226,80.2293395996,57480,57490,10
12.9133996964,80.2293167114,57490,57500,10
12.9130601883,80.2292633057,57500,57510,10
12.9123697281,80.2291564941,57510,57520,10
12.9114303589,80.2289962769,57520,57530,10
12.9103298187,80.228843689,57530,57540,10
12.9092102051,80.2286605835,57540,57550,10
12.908200264,80.2285079956,57550,57560,10
12.907790184,80.2284469604,57560,57571,11
12.9074001312,80.2283706665,57571,57581,10
12.9069595337,80.2283096313,57581,57591,10
12.9064998627,80.2282714844,57591,57601,10
12.906419754,80.2282409668,57601,57611,10
12.9060096741,80.2282333374,57611,57621,10
12.9053297043,80.228187561,57621,57631,10
12.9044799805,80.2281494141,57631,57641,10
12.9034996033,80.2280883789,57641,57651,10
12.9023599625,80.2280273438,57651,57661,10
12.9011802673,80.2279891968,57661,57782,121
12.9011802673,80.2279891968,57782,57792,10
12.9010095596,80.2279663086,57792,57803,11
12.9004402161,80.2279205322,57803,57813,10
12.8997497559,80.2278823853,57813,57823,10
12.8991804123,80.2278518677,57823,57833,10
12.8990802765,80.2278289795,57833,57843,10
12.8985996246,80.2278213501,57843,57853,10
12.8978500366,80.2277526855,57853,57863,10
12.8969497681,80.2276763916,57863,57873,10
12.8958702087,80.2276229858,57873,57883,10
12.8947200775,80.2276000977,57883,57893,10
12.8936004639,80.2275238037,57893,57903,10
12.893119812,80.2274780273,57903,57913,10
12.8927202225,80.2274398804,57913,57923,10
12.8920602798,80.2273788452,57923,57934,11
12.8910503387,80.2273712158,57934,57944,10
12.8899202347,80.2273635864,57944,57954,10
12.8887901306,80.2273712158,57954,57964,10
12.888420105,80.2273483276,57964,57974,10
12.8881702423,80.2273330688,57974,57984,10
12.8875398636,80.2272567749,57984,57994,10
12.8866996765,80.2271118164,57994,58004,10
12.8857498169,80.2268600464,58004,58014,10
12.8849201202,80.2267532349,58014,58024,10
12.8848400116,80.2267303467,58024,58034,10
12.8844203949,80.2267074585,58034,58043,9
12.8837404251,80.2266998291,58043,58055,12
12.8825101852,80.2266998291,58055,58065,10
12.8813495636,80.2267227173,58065,58075,10
12.8801603317,80.2267303467,58075,58085,10
12.8789300919,80.2267608643,58085,58095,10
12.877699852,80.2268600464,58095,58105,10
12.8764801025,80.2269210815,58105,58125,20
12.8764801025,80.2269210815,58125,58135,10
12.8764095306,80.2266769409,58135,58145,10
12.8764200211,80.2265777588,58145,58155,10
12.8764696121,80.2264633179,58155,58165,10
12.876540184,80.2259216309,58165,58176,11
12.8766403198,80.2249984741,58176,58186,10
12.8767995834,80.2239074707,58186,58196,10
12.8770704269,80.2227325439,58196,58206,10
12.8773403168,80.221496582,58206,58216,10
12.8776302338,80.2202606201,58216,58226,10
12.8779096603,80.2190170288,58226,58236,10
12.8781795502,80.2177810669,58236,58246,10
12.8784303665,80.2165222168,58246,58256,10
12.8787002563,80.2152633667,58256,58266,10
12.8789596558,80.2139892578,58266,58276,10
12.8791999817,80.2127075195,58276,58287,11
12.8794403076,80.2114181519,58287,58297,10
12.8791599274,80.2109909058,58297,58307,10
12.8790903091,80.2109832764,58307,58317,10
12.8790102005,80.2109603882,58317,58327,10
12.8789596558,80.2109527588,58327,58337,10
12.8788299561,80.2109222412,58337,58347,10
12.8782997131,80.2108306885,58347,58357,10
12.8776903152,80.2107086182,58357,58367,10
12.8769702911,80.2105636597,58367,58377,10
12.8762102127,80.2104110718,58377,58387,10
12.8754301071,80.2102813721,58387,58397,10
12.8745203018,80.2101135254,58397,58418,21
12.8745203018,80.2101135254,58418,58428,10
12.8746795654,80.2098083496,58428,58673,245
12.8746004105,80.2098007202,58673,58733,60
12.8746004105,80.2098007202,58733,58743,10
12.8746700287,80.2098312378,58743,58753,10
12.8746595383,80.2100067139,58753,58763,10
12.8750495911,80.2102813721,58763,58774,11
12.8750495911,80.2102813721,58774,58784,10
12.8753700256,80.2104415894,58784,58792,8
12.8754501343,80.2104263306,58792,58812,20
12.8759803772,80.2104492188,58812,58822,10
12.8765802383,80.2106018066,58822,58832,10
12.8772001266,80.2107009888,58832,58842,10
12.8778095245,80.2108383179,58842,58852,10
12.8783998489,80.2109298706,58852,58862,10
12.8790397644,80.2110290527,58862,58872,10
12.8793001175,80.2110671997,58872,58882,10
12.8794698715,80.2111587524,58882,58893,11
12.8794803619,80.2115325928,58893,58903,10
12.8793296814,80.2122268677,58903,58913,10
12.8791399002,80.2131271362,58913,58923,10
12.8789396286,80.2141494751,58923,58933,10
12.8787202835,80.2152099609,58933,58943,10
12.8784799576,80.2163085938,58943,58953,10
12.8782596588,80.2174301147,58953,58963,10
12.8780298233,80.2185211182,58963,58973,10
12.8777999878,80.2195892334,58973,58983,10
12.8775501251,80.220703125,58983,58993,10
12.877289772,80.2218322754,58993,59002,9
12.8770599365,80.2228317261,59002,59014,12
12.8767595291,80.2242126465,59014,59024,10
12.8766202927,80.2253799438,59024,59034,10
12.8764696121,80.2263412476,59034,59044,10
12.876449585,80.2268295288,59044,59074,30
12.876449585,80.2268295288,59074,59084,10
12.876830101,80.2269134521,59084,59094,10
12.8775997162,80.2268295288,59094,59104,10
12.878660202,80.2267379761,59104,59114,10
12.8798599243,80.2266998291,59114,59123,9
12.8809404373,80.2266921997,59123,59135,12
12.8823795319,80.2266921997,59135,59145,10
12.8834600449,80.2266693115,59145,59155,10
12.8842201233,80.2266769409,59155,59165,10
12.8843297958,80.2266693115,59165,59175,10
12.8845596313,80.2266616821,59175,59185,10
12.8847198486,80.2266616821,59185,59195,10
12.8848800659,80.2266464233,59195,59205,10
12.8850803375,80.2266464233,59205,59215,10
12.8856496811,80.2267608643,59215,59225,10
12.8864202499,80.2269592285,59225,59235,10
12.8872404099,80.2271728516,59235,59245,10
12.8881502151,80.2272872925,59245,59256,11
12.8886899948,80.2273101807,59256,59266,10
12.8887796402,80.2273101807,59266,59276,10
12.8893299103,80.2273178101,59276,59286,10
12.8901996613,80.2273025513,59286,59296,10
12.8913202286,80.2273101807,59296,59306,10
12.8923797607,80.2273406982,59306,59316,10
12.8941602707,80.2275466919,59316,59326,10
12.8941602707,80.2275466919,59326,59336,10
12.8942604065,80.2275695801,59336,59345,9
12.894610405,80.2275772095,59345,59356,11
12.8954801559,80.2276229858,59356,59366,10
12.8965902328,80.2276916504,59366,59377,11
12.8978900909,80.2277679443,59377,59387,10
12.8990097046,80.2278137207,59387,59397,10
12.8995599747,80.2278213501,59397,59417,20
12.8995599747,80.2278213501,59417,59427,10
12.8996801376,80.2277832031,59427,59437,10
12.8997297287,80.2277908325,59437,59447,10
12.8999795914,80.2278213501,59447,59457,10
12.900270462,80.2278594971,59457,59467,10
12.9006795883,80.2278671265,59467,59477,10
12.9009895325,80.2278900146,59477,59487,10
12.9012203217,80.227897644,59487,59498,11
12.9016399384,80.227897644,59498,59508,10
12.9021596909,80.2279205322,59508,59518,10
12.9024095535,80.2279586792,59518,59528,10
12.9026098251,80.2279891968,59528,59538,10
12.9027795792,80.2279891968,59538,59548,10
12.9028701782,80.228012085,59548,59558,10
12.903380394,80.2279968262,59558,59568,10
12.9041595459,80.2280731201,59568,59578,10
12.9051103592,80.2281188965,59578,59588,10
12.9055299759,80.2281265259,59588,59598,10
12.9056396484,80.2280807495,59598,59608,10
12.9058904648,80.2280807495,59608,59619,11
12.9061603546,80.2281188965,59619,59629,10
12.9063596725,80.2281494141,59629,59639,10
12.9065303802,80.228187561,59639,59649,10
12.9067497253,80.2282180786,59649,59659,10
12.9067497253,80.2282104492,59659,59669,10
12.9070997238,80.2282562256,59669,59679,10
12.907790184,80.2283325195,59679,59689,10
12.9087896347,80.2285003662,59689,59699,10
12.9099597931,80.2287063599,59699,59709,10
12.9113302231,80.2289123535,59709,59719,10
12.9126396179,80.2291107178,59719,59729,10
12.9137802124,80.2292404175,59729,59740,11
12.9139795303,80.2292480469,59740,59750,10
12.9143400192,80.2293701172,59750,59760,10
12.9150295258,80.2294616699,59760,59770,10
12.9160604477,80.2295913696,59770,59780,10
12.9172201157,80.2297286987,59780,59790,10
12.9183797836,80.2298965454,59790,59800,10
12.9192399979,80.2300262451,59800,59810,10
12.919960022,80.2301101685,59810,59820,10
12.9209403992,80.2302322388,59820,59830,10
12.92208004,80.2304000854,59830,59840,10
12.9232501984,80.2305831909,59840,59850,10
12.9244298935,80.2307281494,59850,59861,11
12.925740242,80.2308731079,59861,59871,10
12.926440239,80.2309417725,59871,59881,10
12.9265699387,80.2309570313,59881,59891,10
12.9271097183,80.2310180664,59891,59901,10
12.9279098511,80.2311172485,59901,59911,10
12.9285402298,80.2312011719,59911,59921,10
12.9291400909,80.2313232422,59921,59931,10
12.929889679,80.2314834595,59931,59941,10
12.9308004379,80.2317276001,59941,59951,10
12.9317703247,80.2320632935,59951,59961,10
12.9327402115,80.2323913574,59961,59972,11
12.9335603714,80.2327194214,59972,59982,10
12.933719635,80.2327880859,59982,59992,10
12.9338302612,80.2328186035,59992,60002,10
12.9341802597,80.2329330444,60002,60012,10
12.9342002869,80.2329483032,60012,60022,10
12.9344396591,80.2331314087,60022,60032,10
12.9346704483,80.2332229614,60032,60042,10
12.9350204468,80.2333526611,60042,60082,40
12.9351797104,80.2334594727,60082,60103,21
12.9351797104,80.2334594727,60103,60113,10
12.9354400635,80.2335510254,60113,60123,10
12.9355697632,80.2336196899,60123,60133,10
12.9356603622,80.2336807251,60133,60143,10
12.9357004166,80.2337188721,60143,60153,10
12.9357004166,80.2337265015,60153,60163,10
12.9358997345,80.2338180542,60163,60173,10
12.9364404678,80.234046936,60173,60183,10
12.9371995926,80.2344284058,60183,60193,10
12.9381399155,80.2348937988,60193,60203,10
12.9390602112,80.2353591919,60203,60214,11
12.939620018,80.2356414795,60214,60224,10
12.939740181,80.2356567383,60224,60234,10
12.9402303696,80.235786438,60234,60244,10
12.9410400391,80.2360534668,60244,60254,10
12.9420204163,80.2363204956,60254,60264,10
12.9430103302,80.2367477417,60264,60274,10
12.9436702728,80.2373199463,60274,60284,10
12.9437799454,80.237449646,60284,60294,10
12.9441204071,80.2378311157,60294,60304,10
12.9446802139,80.2384490967,60304,60314,10
12.9454402924,80.2391967773,60314,60324,10
12.9464998245,80.2397079468,60324,60335,11
12.9472904205,80.240020752,60335,60345,10
12.9473695755,80.2400512695,60345,60355,10
12.9477796555,80.2402420044,60355,60365,10
12.9488697052,80.2406768799,60365,60425,60
12.9488697052,80.2406768799,60425,60435,10
12.9491300583,80.2408218384,60435,60445,10
12.949669838,80.2409973145,60445,60456,11
12.9505395889,80.2412414551,60456,60466,10
12.9511604309,80.2414398193,60466,60476,10
12.9511699677,80.2414474487,60476,60486,10
12.9514198303,80.2415390015,60486,60496,10
12.9519100189,80.2417068481,60496,60506,10
12.9526195526,80.2419891357,60506,60516,10
12.9535503387,80.2423477173,60516,60526,10
12.9545497894,80.2427520752,60526,60536,10
12.9554004669,80.243019104,60536,60607,71
12.9554004669,80.243019104,60607,60617,10
12.9557695389,80.2432174683,60617,60637,20
12.9557695389,80.2432174683,60637,60647,10
12.955909729,80.2432785034,60647,60708,61
12.955909729,80.2432785034,60708,60718,10
12.9562997818,80.2434005737,60718,60748,30
12.9562997818,80.2434005737,60748,60758,10
12.9566698074,80.2434234619,60758,60768,10
12.957280159,80.2437515259,60768,60778,10
12.9580402374,80.2441177368,60778,60788,10
12.9587202072,80.2443771362,60788,60798,10
12.9589004517,80.2444534302,60798,60808,10
12.9590301514,80.2445373535,60808,60819,11
12.9594202042,80.2446975708,60819,60829,10
12.9600496292,80.2449874878,60829,60839,10
12.9609003067,80.2453994751,60839,60849,10
12.9619102478,80.2459030151,60849,60859,10
12.9628601074,80.246383667,60859,60869,10
12.9633197784,80.2465286255,60869,60899,30
12.9633197784,80.2465286255,60899,60909,10
12.963470459,80.2466506958,60909,60919,10
12.9638004303,80.2468338013,60919,60929,10
12.9644498825,80.2470779419,60929,60940,11
12.965379715,80.2474136353,60940,60950,10
12.9663200378,80.247756958,60950,60960,10
12.9667396545,80.2479324341,60960,60970,10
12.966750145,80.2479400635,60970,60980,10
12.9669399261,80.248046875,60980,60990,10
12.9674596786,80.248298645,60990,61000,10
12.9682598114,80.248626709,61000,61010,10
12.9692802429,80.2490463257,61010,61020,10
12.9703598022,80.2494735718,61020,61030,10
12.9714899063,80.2498016357,61030,61040,10
12.9726495743,80.2500762939,61040,61050,10
12.973739624,80.2503662109,61050,61061,11
12.974439621,80.2505187988,61061,61071,10
12.9745197296,80.250541687,61071,61081,10
12.9749803543,80.2506866455,61081,61091,10
12.9757204056,80.2509078979,61091,61101,10
12.9766798019,80.2511901855,61101,61111,10
12.977640152,80.251663208,61111,61121,10
12.9784498215,80.2523269653,61121,61131,10
12.979180336,80.2525634766,61131,61141,10
12.9796800613,80.2525482178,61141,61151,10
12.9799098969,80.2523803711,61151,61161,10
12.9799499512,80.2522888184,61161,61171,10
12.9799804688,80.2520294189,61171,61182,11
12.9801397324,80.2514801025,61182,61192,10
12.980389595,80.2506866455,61192,61202,10
12.9806203842,80.2497787476,61202,61212,10
12.9807500839,80.2487869263,61212,61222,10
12.9808301926,80.2477416992,61222,61232,10
12.9809303284,80.24659729,61232,61242,10
12.9810600281,80.2453994751,61242,61252,10
12.9811697006,80.2443237305,61252,61262,10
12.9811897278,80.2440185547,61262,61272,10
12.9812097549,80.243812561,61272,61281,9
12.981300354,80.2436523438,61281,61293,12
12.9813804626,80.2429504395,61293,61313,20
12.9813804626,80.2429504395,61313,61323,10
12.9813699722,80.2426834106,61323,61333,10
12.9813699722,80.2421798706,61333,61343,10
12.9813699722,80.2414398193,61343,61353,10
12.9813404083,80.2407531738,61353,61363,10
12.9813098907,80.2404022217,61363,61383,20
12.9813098907,80.2404022217,61383,61393,10
12.9813203812,80.2400894165,61393,61403,10
12.9813203812,80.2397384644,61403,61414,11
12.9813203812,80.2392807007,61414,61424,10
12.9813203812,80.2387771606,61424,61434,10
12.9813098907,80.2381134033,61434,61444,10
12.981300354,80.2380218506,61444,61454,10
12.9812898636,80.237701416,61454,61464,10
12.9812803268,80.2370605469,61464,61474,10
12.9812498093,80.2363433838,61474,61484,10
12.9812698364,80.2354888916,61484,61494,10
12.9812498093,80.234588623,61494,61504,10
12.981470108,80.2337265015,61504,61514,10
12.9816799164,80.2332992554,61514,61524,10
12.9817199707,80.2332229614,61524,61535,11
12.9819002151,80.2328262329,61535,61545,10
12.982000351,80.2324829102,61545,61555,10
12.982000351,80.2321395874,61555,61565,10
12.982000351,80.2318191528,61565,61575,10
12.9819698334,80.2315826416,61575,61585,10
12.9818601608,80.2311630249,61585,61595,10
12.9816503525,80.2307128906,61595,61605,10
12.9813299179,80.2301712036,61605,61615,10
12.9810800552,80.2297973633,61615,61625,10
12.9809799194,80.2296066284,61625,61635,10
12.9808397293,80.2293624878,61635,61645,10
12.9806699753,80.2291183472,61645,61656,11
12.9805698395,80.2289428711,61656,61666,10
12.9803199768,80.2285614014,61666,61676,10
12.9802398682,80.2282791138,61676,61686,10
12.9800395966,80.2279968262,61686,61696,10
12.9798202515,80.2276000977,61696,61706,10
12.9794597626,80.2270126343,61706,61716,10
12.9790802002,80.2263565063,61716,61726,10
12.9786701202,80.2256317139,61726,61736,10
12.9783496857,80.2250823975,61736,61746,10
12.9781999588,80.2248687744,61746,61756,10
12.9779901505,80.2245635986,61756,61766,10
12.9777803421,80.2242965698,61766,61777,11
12.9776096344,80.224029541,61777,61787,10
12.9774398804,80.2238311768,61787,61797,10
12.9772796631,80.2235336304,61797,61807,10
12.9771299362,80.2232818604,61807,61817,10
12.9769897461,80.2230682373,61817,61827,10
12.9769201279,80.2229766846,61827,61837,10
12.9768800735,80.2228622437,61837,61847,10
12.9772195816,80.2227096558,61847,61867,20
12.9772195816,80.2227096558,61867,61877,10
12.9773702621,80.2227020264,61877,61887,10
12.9775295258,80.2225189209,61887,61898,11
12.9774703979,80.2220687866,61898,61908,10
12.9774398804,80.2214202881,61908,61918,10
12.9774999619,80.2212600708,61918,61928,10
12.9778604507,80.221206665,61928,61938,10
12.9784297943,80.2210922241,61938,61948,10
12.9792098999,80.2210617065,61948,61958,10
12.980050087,80.2210083008,61958,61968,10
12.9807596207,80.2209091187,61968,61978,10
12.9813995361,80.2211380005,61978,61988,10
12.9819402695,80.2215194702,61988,61997,9
12.9823198318,80.2217178345,61997,62008,11
12.9824199677,80.2217407227,62008,62019,11
12.9825296402,80.2217712402,62019,62029,10
12.9826602936,80.2218322754,62029,62039,10
12.9828596115,80.2218933105,62039,62049,10
12.9828701019,80.2218933105,62049,62059,10
12.9831104279,80.2220230103,62059,62069,10
12.983420372,80.2222137451,62069,62079,10
12.9836902618,80.2223815918,62079,62089,10
12.983880043,80.2225189209,62089,62099,10
12.9842596054,80.2227783203,62099,62109,10
12.9847297668,80.2230911255,62109,62119,10
12.9850797653,80.2232437134,62119,62130,11
12.9855098724,80.2231063843,62130,62140,10
12.9859600067,80.2229385376,62140,62150,10
12.9862003326,80.2229537964,62150,62170,20
12.9862003326,80.2229537964,62170,62180,10
12.9863996506,80.2229614258,62180,62190,10
12.9867296219,80.2229309082,62190,62200,10
12.9870595932,80.2229690552,62200,62210,10
12.9873504639,80.2229919434,62210,62220,10
12.9878196716,80.2228393555,62220,62230,10
12.9884595871,80.2225036621,62230,62240,10
12.9889802933,80.2219696045,62240,62251,11
12.9891395569,80.2218017578,62251,62261,10
12.9895095825,80.2213287354,62261,62271,10
12.9900503159,80.2206573486,62271,62281,10
12.9903297424,80.2204208374,62281,62291,10
12.9906301498,80.2202377319,62291,62301,10
12.9910001755,80.2199478149,62301,62311,10
12.991350174,80.2196807861,62311,62321,10
12.9918403625,80.2193527222,62321,62331,10
12.9925098419,80.2188186646,62331,62341,10
12.9930801392,80.2183685303,62341,62351,10
12.9937200546,80.2179336548,62351,62361,10
12.9941596985,80.2176132202,62361,62412,51
12.9941596985,80.2176132202,62412,62422,10
12.9944095612,80.2174835205,62422,62452,30
12.9944095612,80.2174835205,62452,62462,10
12.9946498871,80.2172470093,62462,62472,10
12.9948596954,80.2170791626,62472,62482,10
12.995010376,80.2169876099,62482,62493,11
12.9952297211,80.2168273926,62493,62503,10
12.9953804016,80.2167663574,62503,62513,10
12.9957199097,80.2166595459,62513,62533,20
12.9957199097,80.2166595459,62533,62543,10
12.9960699081,80.216583252,62543,62553,10
12.9962997437,80.2165603638,62553,62563,10
12.9966201782,80.2164916992,62563,62573,10
12.9969501495,80.2164611816,62573,62583,10
12.997179985,80.2163619995,62583,62593,10
12.9973602295,80.2162399292,62593,62603,10
12.9975404739,80.2161636353,62603,62614,11
12.9977397919,80.216003418,62614,62624,10
12.9981298447,80.2156524658,62624,62634,10
12.998749733,80.2151565552,62634,62644,10
12.9991102219,80.2147216797,62644,62654,10
12.9994602203,80.2144165039,62654,62664,10
12.9999799728,80.214012146,62664,62674,10
13.0005397797,80.2135162354,62674,62684,10
13.0011100769,80.2130432129,62684,62694,10
13.0015201569,80.2126312256,62694,62704,10
13.0021400452,80.2122879028,62704,62714,10
13.0027799606,80.2121124268,62714,62724,10
13.0035495758,80.2118682861,62724,62745,21
13.0035495758,80.2118682861,62745,62755,10
13.0037002563,80.2115783691,62755,62765,10
13.0036697388,80.2109375,62765,62775,10
13.003569603,80.2101593018,62775,62785,10
13.0035800934,80.2093887329,62785,62795,10
13.0038900375,80.2086791992,62795,62805,10
13.0047197342,80.2089691162,62805,62815,10
13.0056200027,80.2093734741,62815,62825,10
13.006310463,80.2095794678,62825,62835,10
13.0068702698,80.2097396851,62835,62845,10
13.0073604584,80.2097473145,62845,62866,21
13.0073604584,80.2097473145,62866,62876,10
13.007519722,80.2098388672,62876,62886,10
13.0078802109,80.2099380493,62886,62896,10
13.0081596375,80.2099380493,62896,62906,10
13.0081100464,80.2096405029,62906,62916,10
13.0080699921,80.2093887329,62916,62926,10
13.0079298019,80.2088088989,62926,62936,10
13.0079097748,80.2087020874,62936,62946,10
13.0079498291,80.2084884644,62946,62956,10
13.0078897476,80.2080535889,62956,62967,11
13.0077600479,80.2073364258,62967,62977,10
13.0076303482,80.2065200806,62977,62987,10
13.0074701309,80.2058563232,62987,62997,10
13.0074996948,80.2049636841,62997,63007,10
13.0074996948,80.2041397095,63007,63017,10
13.0074100494,80.2032928467,63017,63027,10
13.0070295334,80.2025222778,63027,63037,10
13.0065603256,80.2029800415,63037,63047,10
13.0070295334,80.2034378052,63047,63057,10
13.0077800751,80.203666687,63057,63067,10
13.0086803436,80.203666687,63067,63077,10
13.0097198486,80.2036209106,63077,63088,11
13.0109395981,80.2036437988,63088,63098,10
13.012049675,80.2037734985,63098,63108,10
13.0129804611,80.2040176392,63108,63118,10
13.013469696,80.2042236328,63118,63128,10
13.013589859,80.2047119141,63128,63148,20
13.013589859,80.2047119141,63148,63158,10
13.013420105,80.2051391602,63158,63168,10
13.0131998062,80.2058486938,63168,63178,10
13.0130395889,80.2067337036,63178,63188,10
13.0129899979,80.2074890137,63188,63197,9
13.0129098892,80.2078933716,63197,63209,12
13.0128698349,80.208480835,63209,63219,10
13.0129299164,80.208946228,63219,63229,10
13.0130901337,80.2095336914,63229,63239,10
13.0131797791,80.2100982666,63239,63249,10
13.0130596161,80.2107620239,63249,63259,10
13.0127401352,80.211517334,63259,63269,10
13.0124702454,80.2119827271,63269,63279,10
13.0121603012,80.2124481201,63279,63289,10
13.0119400024,80.2127380371,63289,63299,10
13.0116596222,80.2126312256,63299,63309,10
13.0111598969,80.2122573853,63309,63319,10
13.0106296539,80.2118682861,63319,63330,11
13.0101203918,80.2114334106,63330,63400,70
13.0098304749,80.2113876343,63400,63955,555
13.0097799301,80.2111206055,63955,64015,60
13.0097799301,80.2111206055,64015,64035,20
13.0096597672,80.211479187,64035,64066,31
13.0096597672,80.211479187,64066,64076,10
13.0098304749,80.2112197876,64076,64106,30
13.0098304749,80.2112197876,64106,64116,10
13.0096597672,80.2114181519,64116,64126,10
13.0097703934,80.2114334106,64126,64217,91
13.0096502304,80.2110824585,64217,64257,40
13.0096502304,80.2110824585,64257,64287,30
13.0094299316,80.2110366821,64287,64298,11
13.0092096329,80.2112731934,64298,64308,10
13.0090503693,80.2115020752,64308,64318,10
13.0090303421,80.211769104,64318,64328,10
13.0091495514,80.2121505737,64328,64338,10
13.009349823,80.2127380371,64338,64348,10
13.0095796585,80.2133712769,64348,64358,10
13.0098495483,80.2139968872,64358,64368,10
13.0101003647,80.2146224976,64368,64378,10
13.0101995468,80.2153320313,64378,64388,10
13.0104398727,80.2161102295,64388,64398,10
13.0108003616,80.2169189453,64398,64408,10
13.0111999512,80.2178192139,64408,64419,11
13.011590004,80.2188491821,64419,64429,10
13.0119104385,80.219871521,64429,64439,10
13.0122404099,80.2208023071,64439,64449,10
13.012339592,80.221206665,64449,64459,10
13.0123901367,80.2214813232,64459,64469,10
13.0124702454,80.2219772339,64469,64479,10
13.0129404068,80.2227325439,64479,64489,10
13.0134801865,80.2231521606,64489,64499,10
13.0139398575,80.2235488892,64499,64509,10
13.0142602921,80.2238616943,64509,64518,9
13.0146598816,80.224281311,64518,64530,12
13.0152397156,80.224937439,64530,64540,10
13.0154495239,80.2253112793,64540,64550,10
13.0154104233,80.2256622314,64550,64560,10
13.0151100159,80.2259216309,64560,64570,10
13.0146598816,80.22605896,64570,64580,10
13.0141000748,80.2262878418,64580,64590,10
13.013420105,80.2265472412,64590,64600,10
13.0126600266,80.226852417,64600,64610,10
13.0118598938,80.2271499634,64610,64620,10
13.0109701157,80.2275466919,64620,64630,10
13.0100498199,80.2279205322,64630,64640,10
13.0095100403,80.2276306152,64640,64651,11
13.0098304749,80.2270965576,64651,64661,10
13.0101900101,80.2263793945,64661,64671,10
13.010310173,80.2258605957,64671,64681,10
13.0104799271,80.2255020142,64681,64691,10
13.0106697083,80.2249832153,64691,64721,30
13.0106697083,80.2249832153,64721,64731,10
13.0107803345,80.2246780396,64731,64741,10
13.0109395981,80.2244033813,64741,64751,10
13.0111303329,80.2238311768,64751,64761,10
13.0112800598,80.2234573364,64761,64772,11
13.0108804703,80.2230987549,64772,64782,10
13.0104103088,80.2227706909,64782,64792,10
13.0103702545,80.2227401733,64792,64802,10
13.010140419,80.2225875854,64802,64812,10
13.0097703934,80.2223815918,64812,64822,10
13.0091104507,80.2220916748,64822,64832,10
13.0084104538,80.2216262817,64832,64842,10
13.0074596405,80.2211990356,64842,64852,10
13.0067195892,80.2207107544,64852,64862,10
13.0058097839,80.2204818726,64862,64872,10
13.0050001144,80.2203521729,64872,64882,10
13.0046396255,80.2202529907,64882,64893,11
13.0043697357,80.2201690674,64893,64903,10
13.003780365,80.2201004028,64903,64913,10
13.0030403137,80.2199401855,64913,64923,10
13.002289772,80.2193603516,64923,64933,10
13.0016002655,80.2186126709,64933,64943,10
13.0009498596,80.2180175781,64943,64953,10
13.0002202988,80.217590332,64953,64963,10
12.9995498657,80.2171325684,64963,64973,10
12.9986600876,80.2167282104,64973,64983,10
12.9974298477,80.2164764404,64983,65003,20
12.9974298477,80.2164764404,65003,65014,11
12.997130394,80.2164764404,65014,65024,10
12.9966697693,80.216506958,65024,65034,10
12.9960403442,80.2167282104,65034,65044,10
12.9953098297,80.217010498,65044,65054,10
12.994720459,80.2173690796,65054,65064,10
12.9942502975,80.2177200317,65064,65074,10
12.9939699173,80.217918396,65074,65084,10
12.993470192,80.2182388306,65084,65094,10
12.9929504395,80.2186508179,65094,65104,10
12.9923496246,80.2191085815,65104,65114,10
12.9918603897,80.2194519043,65114,65124,10
12.991809845,80.2194900513,65124,65135,11
12.9917001724,80.2195663452,65135,65145,10
12.9913301468,80.2198028564,65145,65155,10
12.9908800125,80.2201538086,65155,65165,10
12.9907302856,80.2202682495,65165,65175,10
12.9906101227,80.2203369141,65175,65185,10
12.9902601242,80.2206420898,65185,65195,10
12.9897403717,80.2211608887,65195,65205,10
12.9892902374,80.2217788696,65205,65215,10
12.9887800217,80.2223510742,65215,65225,10
12.9881801605,80.2228393555,65225,65235,10
12.9875497818,80.2231063843,65235,65256,21
12.9875497818,80.2231063843,65256,65266,10
12.9872398376,80.2231063843,65266,65276,10
12.9869403839,80.2230377197,65276,65286,10
12.9867095947,80.2229232788,65286,65296,10
12.9862699509,80.2229309082,65296,65306,10
12.9857997894,80.2230300903,65306,65316,10
12.9853801727,80.2232971191,65316,65326,10
12.984869957,80.2230987549,65326,65336,10
12.9843597412,80.2228012085,65336,65346,10
12.9841899872,80.2226791382,65346,65356,10
12.9839601517,80.2225799561,65356,65367,11
12.9835500717,80.2224121094,65367,65377,10
12.9832296371,80.2221603394,65377,65407,30
12.9832296371,80.2221603394,65407,65417,10
12.982919693,80.2219085693,65417,65427,10
12.9826202393,80.2217712402,65427,65437,10
12.9822101593,80.2216186523,65437,65447,10
12.9818201065,80.2214813232,65447,65457,10
12.981470108,80.2212524414,65457,65467,10
12.9814300537,80.2212295532,65467,65476,9
12.9811897278,80.2210998535,65476,65488,12
12.9806604385,80.2210464478,65488,65498,10
12.9800796509,80.2210769653,65498,65508,10
12.97935009,80.2211685181,65508,65518,10
12.9787302017,80.2211227417,65518,65528,10
12.9782600403,80.2211532593,65528,65538,10
12.9777698517,80.2211608887,65538,65548,10
12.9770898819,80.2212219238,65548,65558,10
12.9763898849,80.221206665,65558,65568,10
12.976099968,80.2214431763,65568,65578,10
12.9764204025,80.221862793,65578,65609,31
12.9764204025,80.221862793,65609,65619,10
12.9764404297,80.2219161987,65619,65629,10
12.976559639,80.2221832275,65629,65639,10
12.9768104553,80.2226028442,65639,65649,10
12.9770402908,80.2230072021,65649,65659,10
12.9774198532,80.2236328125,65659,65669,10
12.9777803421,80.2242279053,65669,65679,10
12.9780702591,80.2247009277,65679,65689,10
12.9783000946,80.2250823975,65689,65699,10
12.9785203934,80.2254333496,65699,65709,10
12.9787797928,80.2258224487,65709,65719,10
12.9790802002,80.2263412476,65719,65730,11
12.9794301987,80.2268829346,65730,65740,10
12.9797801971,80.227432251,65740,65750,10
12.9801502228,80.2279968262,65750,65760,10
12.9805402756,80.2286529541,65760,65770,10
12.9807300568,80.2289962769,65770,65780,10
12.980799675,80.2291183472,65780,65790,10
12.9809703827,80.2294235229,65790,65800,10
12.9812602997,80.229888916,65800,65810,10
12.9815502167,80.2303390503,65810,65841,31
12.9815502167,80.2303390503,65841,65851,10
12.9817199707,80.2305984497,65851,65861,10
12.9819002151,80.2310409546,65861,65871,10
12.982000351,80.2316513062,65871,65881,10
12.9820203781,80.2322311401,65881,65891,10
12.9819602966,80.232711792,65891,65901,10
12.9818401337,80.2330627441,65901,65911,10
12.9816198349,80.233581543,65911,65931,20
12.9816198349,80.233581543,65931,65941,10
12.9815702438,80.2336578369,65941,65951,10
12.9813604355,80.2341003418,65951,65962,11
12.9812498093,80.2348327637,65962,65972,10
12.9812602997,80.2356414795,65972,65982,10
12.981300354,80.2364578247,65982,65992,10
12.9813098907,80.2372131348,65992,66002,10
12.9813098907,80.2374420166,66002,66012,10
12.9813098907,80.2375564575,66012,66022,10
12.9813203812,80.2378463745,66022,66032,10
12.9813203812,80.2381591797,66032,66042,10
12.9813299179,80.2386779785,66042,66062,20
12.9813299179,80.2386779785,66062,66072,10
12.9813404083,80.238899231,66072,66083,11
12.9813404083,80.2393264771,66083,66093,10
12.9813499451,80.2397766113,66093,66103,10
12.9813699722,80.240447998,66103,66113,10
12.9813699722,80.2412261963,66113,66123,10
12.9813804626,80.2419967651,66123,66133,10
12.9813804626,80.2426223755,66133,66143,10
12.9813804626,80.2428512573,66143,66153,10
12.9813899994,80.2430267334,66153,66163,10
12.9813804626,80.2434463501,66163,66173,10
12.9812898636,80.2441329956,66173,66183,10
12.981180191,80.2450027466,66183,66193,10
12.9810400009,80.2459564209,66193,66204,11
12.9808998108,80.2471084595,66204,66214,10
12.9808197021,80.2481689453,66214,66224,10
12.9807300568,80.2492675781,66224,66234,10
12.9805402756,80.2503128052,66234,66243,9
12.9803199768,80.2511901855,66243,66254,11
12.9800901413,80.2521133423,66254,66264,10
12.9799804688,80.2524490356,66264,66345,81
12.9799804688,80.2524490356,66345,66355,10
12.9798603058,80.2527084351,66355,66365,10
12.9794998169,80.2527694702,66365,66375,10
12.9789600372,80.2527008057,66375,66385,10
12.9785900116,80.2526016235,66385,66647,262
12.9785900116,80.2526016235,66647,66657,10
12.9784803391,80.2524490356,66657,66667,10
12.9781198502,80.252243042,66667,66678,11
12.9775400162,80.2517318726,66678,66688,10
12.976770401,80.2512893677,66688,66698,10
12.975810051,80.2510223389,66698,66708,10
12.9748497009,80.2507400513,66708,66718,10
12.9740495682,80.2505187988,66718,66728,10
12.9732999802,80.2502822876,66728,66738,10
12.9725503922,80.2501296997,66738,66748,10
12.9724597931,80.2501296997,66748,66758,10
12.9720001221,80.25,66758,66768,10
12.971280098,80.2498168945,66768,66778,10
12.9705600739,80.2496032715,66778,66787,9
12.9697599411,80.2492980957,66787,66799,12
12.9685497284,80.2487869263,66799,66809,10
12.9675598145,80.2483901978,66809,66819,10
12.9668798447,80.2480773926,66819,66829,10
12.9665899277,80.2479400635,66829,66839,10
12.9662704468,80.2478027344,66839,66849,10
12.9658098221,80.2476119995,66849,66859,10
12.9652099609,80.2473297119,66859,66869,10
12.9650697708,80.2473220825,66869,66879,10
12.9650201797,80.2473297119,66879,66889,10
12.9646997452,80.2472000122,66889,66899,10
12.964509964,80.2471389771,66899,66909,10
12.9643201828,80.2470703125,66909,66920,11
12.9640703201,80.2469787598,66920,66930,10
12.9638500214,80.246887207,66930,66940,10
12.963470459,80.246711731,66940,66950,10
12.9628896713,80.2463607788,66950,66960,10
12.9620599747,80.2459716797,66960,66970,10
12.9611597061,80.2455825806,66970,66980,10
12.9603595734,80.2452163696,66980,66990,10
12.959400177,80.2448272705,66990,67010,20
12.959400177,80.2448272705,67010,67019,9
12.9593095779,80.244758606,67019,67031,12
12.9591398239,80.2446670532,67031,67041,10
12.9588298798,80.2445068359,67041,67051,10
12.9582796097,80.2442703247,67051,67061,10
12.9579801559,80.2441101074,67061,67071,10
12.9576997757,80.2440185547,67071,67081,10
12.957159996,80.2438735962,67081,67091,10
12.9568796158,80.243812561,67091,67101,10
12.956700325,80.2437591553,67101,67182,81
12.956700325,80.2437591553,67182,67192,10
12.956319809,80.2437133789,67192,67202,10
12.9559402466,80.2435379028,67202,67212,10
12.9553604126,80.2432098389,67212,67222,10
12.9546899796,80.2428894043,67222,67232,10
12.9540901184,80.2426528931,67232,67242,10
12.9537096024,80.2424316406,67242,67252,10
12.9529895782,80.242149353,67252,67262,10
12.9521799088,80.2418518066,67262,67273,11
12.9516000748,80.2416763306,67273,67283,10
12.9515895844,80.2416763306,67283,67293,10
12.9515399933,80.2416610718,67293,67303,10
12.9511604309,80.2414703369,67303,67313,10
12.9504995346,80.2412185669,67313,67323,10
12.9498500824,80.2410430908,67323,67333,10
12.9492797852,80.240852356,67333,67343,10
12.9486999512,80.2405776978,67343,67353,10
12.9479198456,80.2402420044,67353,67363,10
12.9474401474,80.2400588989,67363,67373,10
12.9471597672,80.2399368286,67373,67383,10
12.9470300674,80.2398910522,67383,67394,11
12.9469003677,80.2398300171,67394,67404,10
12.946439743,80.2396392822,67404,67414,10
12.9457902908,80.2393417358,67414,67424,10
12.945110321,80.2389221191,67424,67434,10
12.9444303513,80.2382583618,67434,67444,10
12.9437398911,80.2375564575,67444,67454,10
12.9430398941,80.2368392944,67454,67464,10
12.942199707,80.236366272,67464,67474,10
12.9412002563,80.2360992432,67474,67484,10
12.9402399063,80.2358627319,67484,67494,10
12.9397296906,80.2357177734,67494,67504,10
12.9396696091,80.2356872559,67504,67515,11
12.939450264,80.2356033325,67515,67525,10
12.9390897751,80.2354125977,67525,67535,10
12.9384803772,80.2350997925,67535,67545,10
12.9376802444,80.2347106934,67545,67555,10
12.9367103577,80.2342376709,67555,67565,10
12.935790062,80.2338180542,67565,67585,20
12.935790062,80.2338180542,67585,67595,10
12.9356403351,80.233757019,67595,67605,10
12.9351501465,80.2335205078,67605,67615,10
12.9338703156,80.2329483032,67615,67636,21
12.9338703156,80.2329483032,67636,67646,10
12.9336500168,80.2328414917,67646,67656,10
12.9330596924,80.2325592041,67656,67666,10
12.9322595596,80.2322616577,67666,67676,10
12.9312896729,80.2319335938,67676,67686,10
12.9301900864,80.2315979004,67686,67696,10
12.9291496277,80.2313690186,67696,67706,10
12.9281301498,80.2311782837,67706,67716,10
12.9270601273,80.2310409546,67716,67726,10
12.9261302948,80.2309494019,67726,67735,9
12.9259595871,80.2309417725,67735,67747,12
12.925860405,80.2308883667,67747,67757,10
12.9254198074,80.2308273315,67757,67767,10
12.9246997833,80.2308120728,67767,67777,10
12.9238195419,80.23072052,67777,67787,10
12.9227304459,80.2305603027,67787,67797,10
12.9215698242,80.2303695679,67797,67807,10
12.9203996658,80.2302093506,67807,67817,10
12.9193096161,80.2300796509,67817,67827,10
12.9190502167,80.2300415039,67827,67837,10
12.9187698364,80.2299880981,67837,67847,10
12.9182195663,80.2299194336,67847,67857,10
12.917429924,80.2297897339,67857,67868,11
12.9164400101,80.2296600342,67868,67878,10
12.9153499603,80.2295074463,67878,67888,10
12.9142398834,80.2293319702,67888,67898,10
12.9133901596,80.2292633057,67898,67908,10
12.9132795334,80.2292404175,67908,67918,10
12.9132003784,80.2292098999,67918,67928,10
12.9126796722,80.2291107178,67928,67938,10
12.911939621,80.2289962769,67938,67948,10
12.9110202789,80.2288589478,67948,67958,10
12.9099302292,80.2287063599,67958,67968,10
12.908659935,80.2285232544,67968,68039,71
12.908659935,80.2285232544,68039,68049,10
12.9085597992,80.2285079956,68049,68059,10
12.9081096649,80.2284164429,68059,68069,10
12.9074602127,80.2283401489,68069,68079,10
12.9069404602,80.2282867432,68079,68089,10
12.9065704346,80.2282409668,68089,68100,11
12.9063596725,80.2281799316,68100,68110,10
12.9059200287,80.2281723022,68110,68120,10
12.9053401947,80.2281723022,68120,68130,10
12.904589653,80.2281036377,68130,68140,10
12.9039802551,80.2280731201,68140,68150,10
12.9030399323,80.2280197144,68150,68170,20
12.9030399323,80.2280197144,68170,68180,10
12.9028902054,80.2280197144,68180,68190,10
12.9023303986,80.2279968262,68190,68200,10
12.9016799927,80.2279663086,68200,68210,10
12.9012899399,80.2279815674,68210,68221,11
12.9009304047,80.2279510498,68221,68231,10
12.9005699158,80.2279129028,68231,68241,10
12.900270462,80.2278900146,68241,68251,10
12.9000701904,80.2278900146,68251,68261,10
12.8998098373,80.2278671265,68261,68271,10
12.8995304108,80.2278366089,68271,68291,20
12.8995304108,80.2278366089,68291,68301,10
12.8994197845,80.2278594971,68301,68311,10
12.8989801407,80.2278289795,68311,68321,10
12.8983297348,80.2277832031,68321,68331,10
12.8975400925,80.2277069092,68331,68342,11
12.8964395523,80.2276535034,68342,68352,10
12.8953304291,80.2276000977,68352,68362,10
12.8942098618,80.2275466919,68362,68372,10
12.893289566,80.2274780273,68372,68382,10
12.8930301666,80.2274398804,68382,68392,10
12.8928203583,80.2274017334,68392,68402,10
12.8924303055,80.2273712158,68402,68412,10
12.8922996521,80.2273635864,68412,68422,10
12.8917703629,80.2273330688,68422,68432,10
12.8909597397,80.2273178101,68432,68442,10
12.8899803162,80.2273178101,68442,68452,10
12.8889598846,80.2273330688,68452,68463,11
12.8883304596,80.2273178101,68463,68473,10
12.8882398605,80.2273101807,68473,68483,10
12.8878002167,80.2272720337,68483,68493,10
12.8870697021,80.2271575928,68493,68503,10
12.8861503601,80.2269592285,68503,68513,10
12.8852596283,80.2267532349,68513,68523,10
12.8849496841,80.2266998291,68523,68533,10
12.8849201202,80.2266921997,68533,68543,10
12.8845500946,80.2266464233,68543,68553,10
12.8838396072,80.2266387939,68553,68563,10
12.8829097748,80.2266464233,68563,68574,11
12.8817501068,80.2266616821,68574,68584,10
12.8806400299,80.2266693115,68584,68594,10
12.8795204163,80.2266921997,68594,68604,10
12.8784399033,80.2267303467,68604,68614,10
12.8774204254,80.2268218994,68614,68624,10
12.8766202927,80.2268981934,68624,68664,40
12.8766202927,80.2268981934,68664,68674,10
12.8763999939,80.2268295288,68674,68684,10
12.8763904572,80.226600647,68684,68695,11
12.87637043,80.2265167236,68695,68705,10
12.8764295578,80.2261276245,68705,68715,10
12.8765096664,80.2254180908,68715,68725,10
12.8765697479,80.2245178223,68725,68735,10
12.8767499924,80.2235717773,68735,68745,10
12.8770303726,80.2224807739,68745,68755,10
12.8773097992,80.2213134766,68755,68765,10
12.8775701523,80.2201538086,68765,68775,10
12.8778400421,80.2189865112,68775,68785,10
12.878080368,80.2179031372,68785,68795,10
12.8782997131,80.2168197632,68795,68805,10
12.8785200119,80.2157287598,68805,68816,11
12.8787603378,80.2144775391,68816,68826,10
12.8789796829,80.2133331299,68826,68836,10
12.8791904449,80.2121887207,68836,68846,10
12.8793001175,80.2109603882,68846,68866,20
12.8793001175,80.2109603882,68866,68876,10
12.8792104721,80.210899353,68876,68886,10
12.8788499832,80.2108535767,68886,68896,10
12.8783597946,80.2107620239,68896,68906,10
12.8771896362,80.2105484009,68906,68916,10
12.8771896362,80.2105484009,68916,68926,10
12.8766002655,80.2104415894,68926,68935,9
12.8743400574,80.2099914551,68935,69028,93
12.87458992,80.2095031738,69028,69059,31
12.874710083,80.2096710205,69059,69260,201
12.874710083,80.2096710205,69260,69270,10
12.8749303818,80.2101364136,69270,69280,10
12.8749303818,80.2101364136,69280,69291,11
12.8753795624,80.2102203369,69291,69299,8
12.8792495728,80.2109375,69299,69369,70
12.8792495728,80.2109375,69369,69389,20
12.8793802261,80.2110137939,69389,69399,10
12.87940979,80.2113571167,69399,69410,11
12.8792896271,80.2119369507,69410,69420,10
12.8791704178,80.2125930786,69420,69430,10
12.8790397644,80.2132797241,69430,69440,10
12.8788900375,80.2140274048,69440,69450,10
12.8787498474,80.2148208618,69450,69460,10
12.8785800934,80.2155838013,69460,69470,10
12.8784303665,80.2163162231,69470,69480,10
12.8783302307,80.2169799805,69480,69490,10
12.8781995773,80.2175979614,69490,69500,10
12.8780603409,80.2182617188,69500,69510,10
12.8779096603,80.2189483643,69510,69520,10
12.8777303696,80.2196884155,69520,69531,11
12.8775501251,80.220489502,69531,69541,10
12.8773698807,80.2212600708,69541,69551,10
12.8771800995,80.2221069336,69551,69561,10
12.8769702911,80.2230606079,69561,69571,10
12.8767404556,80.2241210938,69571,69581,10
12.8765897751,80.2251815796,69581,69591,10
12.8764801025,80.22605896,69591,69601,10
12.8764200211,80.2267684937,69601,69662,61
12.8764200211,80.2267684937,69662,69672,10
12.8767595291,80.2267990112,69672,69682,10
12.8773498535,80.2267532349,69682,69692,10
12.8782100677,80.2266769409,69692,69702,10
12.8792104721,80.2266311646,69702,69712,10
12.8802995682,80.2266082764,69712,69722,10
12.8814096451,80.226600647,69722,69732,10
12.8825502396,80.2265930176,69732,69742,10
12.883649826,80.2265701294,69742,69751,9
12.8844900131,80.2265625,69751,69762,11
12.8849201202,80.2265472412,69762,69783,21
12.8849201202,80.2265472412,69783,69793,10
12.8851699829,80.2265777588,69793,69803,10
12.8856201172,80.2266616821,69803,69813,10
12.8863296509,80.226852417,69813,69823,10
12.887169838,80.2270278931,69823,69833,10
12.8880300522,80.2271499634,69833,69843,10
12.8886299133,80.2271575928,69843,69853,10
12.8886995316,80.2271728516,69853,69863,10
12.8891096115,80.227180481,69863,69873,10
12.8898200989,80.227180481,69873,69884,11
12.8907604218,80.227180481,69884,69894,10
12.891699791,80.2271881104,69894,69904,10
12.8925504684,80.2272415161,69904,69914,10
12.8934602737,80.2273635864,69914,69924,10
12.8941202164,80.2274169922,69924,69934,10
12.8941402435,80.2274169922,69934,69944,10
12.8942604065,80.227432251,69944,69954,10
12.894659996,80.2274475098,69954,69964,10
12.8951702118,80.2274703979,69964,69974,10
12.8957395554,80.2275085449,69974,69984,10
12.8962697983,80.2275238037,69984,69994,10
12.8967695236,80.2275466919,69994,70005,11
12.8973903656,80.2275924683,70005,70015,10
12.8979301453,80.2276306152,70015,70025,10
12.8985595703,80.2276916504,70025,70045,20
12.8986196518,80.2276916504,70045,70115,70
12.8986196518,80.2276916504,70115,70126,11
12.8987798691,80.2276916504,70126,70136,10
12.8992004395,80.2277069092,70136,70146,10
12.8996295929,80.2277374268,70146,70156,10
12.9001398087,80.2277679443,70156,70166,10
12.9005899429,80.2277908325,70166,70176,10
12.9011001587,80.2278137207,70176,70186,10
12.9017801285,80.2278671265,70186,70196,10
12.9025802612,80.2278823853,70196,70206,10
12.9031801224,80.2278671265,70206,70236,30
12.9031801224,80.2278671265,70236,70247,11
12.9035701752,80.2279205322,70247,70257,10
12.9040203094,80.2279510498,70257,70267,10
12.9043502808,80.2279663086,70267,70277,10
12.9048204422,80.2279968262,70277,70287,10
12.9053697586,80.2280578613,70287,70297,10
12.9057598114,80.2280731201,70297,70307,10
12.9059696198,80.2280578613,70307,70317,10
12.9060897827,80.2280731201,70317,70327,10
12.9064302444,80.2280883789,70327,70337,10
12.9067001343,80.2281112671,70337,70347,10
12.9070396423,80.2281723022,70347,70357,10
12.9071702957,80.2281570435,70357,70368,11
12.9074001312,80.2281799316,70368,70378,10
12.9078998566,80.2282562256,70378,70468,90
12.9078998566,80.2282562256,70468,70479,11
12.907910347,80.2282714844,70479,70489,10
12.908200264,80.2283172607,70489,70499,10
12.9087495804,80.2284088135,70499,70509,10
12.9095001221,80.2285308838,70509,70519,10
12.9103498459,80.2286987305,70519,70529,10
12.9113197327,80.2288284302,70529,70539,10
12.9123096466,80.2289733887,70539,70549,10
12.9132995605,80.2291183472,70549,70559,10
12.9140501022,80.2292098999,70559,70569,10
12.9140701294,80.2292022705,70569,70579,10
12.9141397476,80.2292098999,70579,70589,10
12.9145002365,80.2292709351,70589,70600,11
12.9151802063,80.2293930054,70600,70610,10
12.9159402847,80.2294769287,70610,70620,10
12.9167995453,80.2295837402,70620,70630,10
12.9177398682,80.2297210693,70630,70640,10
12.918680191,80.2298431396,70640,70650,10
12.9194498062,80.229927063,70650,70660,10
12.9195098877,80.229927063,70660,70670,10
12.9198198318,80.2299728394,70670,70680,10
12.9203796387,80.2300491333,70680,70690,10
12.9210996628,80.230140686,70690,70700,10
12.9219503403,80.2302627563,70700,70710,10
12.9229402542,80.2304229736,70710,70721,11
12.9240999222,80.2305831909,70721,70731,10
12.9250297546,80.2306976318,70731,70741,10
12.9259796143,80.2308502197,70741,70751,10
12.9262800217,80.2308807373,70751,70761,10
12.9263801575,80.2308807373,70761,70771,10
12.9268102646,80.2309188843,70771,70781,10
12.9274301529,80.2309875488,70781,70791,10
12.9280395508,80.231048584,70791,70801,10
12.9283504486,80.231086731,70801,70811,10
12.9287395477,80.2311630249,70811,70821,10
12.9292602539,80.2312698364,70821,70831,10
12.9299297333,80.2314224243,70831,70842,11
12.9307899475,80.2316589355,70842,70852,10
12.931599617,80.2319107056,70852,70862,10
12.9323997498,80.2321624756,70862,70872,10
12.9331502914,80.2324295044,70872,70882,10
12.9335298538,80.2326202393,70882,70892,10
12.9335403442,80.2326202393,70892,70902,10
12.9336099625,80.2326583862,70902,70912,10
12.9339399338,80.2328033447,70912,70922,10
12.9345302582,80.2330703735,70922,70932,10
12.9351797104,80.2333602905,70932,70942,10
12.9355297089,80.2334976196,70942,70953,11
12.9359998703,80.2337265015,70953,70963,10
12.9366598129,80.2340621948,70963,70973,10
12.9374504089,80.2344284058,70973,70983,10
12.9383296967,80.2348632813,70983,70993,10
12.9390897751,80.2352523804,70993,71003,10
12.9392795563,80.2353363037,71003,71013,10
12.9393701553,80.2353973389,71013,71023,10
12.939740181,80.2355728149,71023,71033,10
12.9403896332,80.2357711792,71033,71043,10
12.9411497116,80.2359695435,71043,71053,10
12.9420900345,80.2362136841,71053,71063,10
12.9430503845,80.236656189,71063,71074,11
12.9436502457,80.2371902466,71074,71084,10
12.9437198639,80.2373199463,71084,71094,10
12.9440097809,80.2376480103,71094,71104,10
12.9444704056,80.2381591797,71104,71114,10
12.9450397491,80.2387771606,71114,71124,10
12.9457798004,80.2393035889,71124,71134,10
12.9466495514,80.2396392822,71134,71144,10
12.9470996857,80.2398071289,71144,71154,10
12.9471502304,80.2398300171,71154,71164,10
12.9474000931,80.2399291992,71164,71174,10
12.9478998184,80.2401504517,71174,71184,10
12.9484796524,80.2403488159,71184,71225,41
12.9484796524,80.2403488159,71225,71235,10
12.9485502243,80.2403793335,71235,71245,10
12.9489002228,80.2405166626,71245,71255,10
12.9494400024,80.2407302856,71255,71265,10
12.9500598907,80.2409362793,71265,71275,10
12.9509296417,80.2412109375,71275,71305,30
12.9509296417,80.2412109375,71305,71316,11
12.9510097504,80.2412414551,71316,71326,10
12.9514102936,80.2413787842,71326,71336,10
12.9519300461,80.2415771484,71336,71346,10
12.9526700974,80.2418518066,71346,71356,10
12.9535303116,80.2421875,71356,71366,10
12.953909874,80.2423400879,71366,71376,10
12.9541101456,80.24243927,71376,71386,10
12.9546098709,80.2426605225,71386,71396,10
12.9552297592,80.2428970337,71396,71406,10
12.956199646,80.2432632446,71406,71447,41
12.956199646,80.2432632446,71447,71457,10
12.9565296173,80.2433395386,71457,71467,10
12.9570302963,80.2435684204,71467,71477,10
12.9577503204,80.243888855,71477,71487,10
12.9584999084,80.2442016602,71487,71497,10
12.9589500427,80.2443618774,71497,71507,10
12.95911026,80.2444229126,71507,71517,10
12.9595098495,80.2446136475,71517,71527,10
12.9601697922,80.2449188232,71527,71537,10
12.9610004425,80.2453384399,71537,71548,11
12.9620800018,80.2459030151,71548,71558,10
12.9631204605,80.2464370728,71558,71588,30
12.9631204605,80.2464370728,71588,71598,10
12.963259697,80.2465591431,71598,71608,10
12.9636096954,80.2467422485,71608,71618,10
12.9641599655,80.2469711304,71618,71628,10
12.9648799896,80.2472381592,71628,71638,10
12.9656896591,80.2474975586,71638,71648,10
12.966340065,80.2477416992,71648,71669,21
12.966340065,80.2477416992,71669,71679,10
12.9665002823,80.2478103638,71679,71689,10
12.9667396545,80.2479934692,71689,71699,10
12.9672203064,80.2482528687,71699,71709,10
12.9679603577,80.248588562,71709,71719,10
12.9689302444,80.2489624023,71719,71729,10
12.970000267,80.2493667603,71729,71739,10
12.9710502625,80.2497406006,71739,71749,10
12.9721403122,80.2499923706,71749,71759,10
12.9732303619,80.2502822876,71759,71769,10
12.9742698669,80.25050354,71769,71780,11
12.9744901657,80.2505569458,71780,71790,10
12.9748897552,80.2506866455,71790,71800,10
12.9755897522,80.2509002686,71800,71810,10
12.9765100479,80.2511672974,71810,71820,10
12.9774904251,80.2516098022,71820,71830,10
12.9783201218,80.2522506714,71830,71840,10
12.9787597656,80.2524414063,71840,71850,10
12.9791898727,80.2525024414,71850,71860,10
12.9796199799,80.2524795532,71860,71870,10
12.979929924,80.2521820068,71870,71890,20
12.979929924,80.2521820068,71890,71901,11
12.9800195694,80.2517929077,71901,71911,10
12.9802103043,80.2512512207,71911,71921,10
12.9804401398,80.2504730225,71921,71931,10
12.9806699753,80.2494506836,71931,71941,10
12.9807796478,80.248298645,71941,71951,10
12.9808597565,80.2471694946,71951,71961,10
12.9809799194,80.2460021973,71961,71971,10
12.9811096191,80.2448501587,71971,71981,10
12.9811697006,80.2440109253,71981,71991,10
12.981180191,80.2438964844,71991,72001,10
12.9811897278,80.2437896729,72001,72011,10
12.9812498093,80.2436523438,72011,72022,11
12.9813404083,80.2434310913,72022,72032,10
12.9813604355,80.2430419922,72032,72042,10
12.9813404083,80.2428970337,72042,72052,10
12.9813604355,80.2428131104,72052,72062,10
12.9813899994,80.2425079346,72062,72072,10
12.9813699722,80.241897583,72072,72082,10
12.9813699722,80.2411422729,72082,72092,10
12.9813604355,80.2403488159,72092,72102,10
12.9813404083,80.2395935059,72102,72112,10
12.9813299179,80.2389678955,72112,72121,9
12.9813203812,80.2386398315,72121,72132,11
12.981300354,80.2382583618,72132,72143,11
12.981300354,80.2380218506,72143,72153,10
12.981300354,80.2379608154,72153,72163,10
12.981300354,80.2376022339,72163,72173,10
12.9812698364,80.2370223999,72173,72183,10
12.9812602997,80.2363433838,72183,72193,10
12.9812402725,80.2356796265,72193,72203,10
12.9812097549,80.2350082397,72203,72213,10
12.9812097549,80.2345428467,72213,72223,10
12.9812602997,80.2341766357,72223,72242,19
12.9812602997,80.2341766357,72242,72254,12
12.9813699722,80.2339019775,72254,72264,10
12.9814796448,80.2336807251,72264,72274,10
12.9815797806,80.2334289551,72274,72284,10
12.9816102982,80.2333831787,72284,72294,10
12.9816303253,80.2333221436,72294,72304,10
12.9817800522,80.2330322266,72304,72314,10
12.9819002151,80.2327194214,72314,72324,10
12.9819803238,80.2324295044,72324,72334,10
12.9820098877,80.2321929932,72334,72344,10
12.9819898605,80.2318191528,72344,72354,10
12.9819402695,80.2313919067,72354,72364,10
12.9818401337,80.2309494019,72364,72375,11
12.9816703796,80.2305831909,72375,72385,10
12.9813699722,80.2300872803,72385,72395,10
12.9811096191,80.2296905518,72395,72405,10
12.9809503555,80.2294311523,72405,72415,10
12.9807701111,80.2291564941,72415,72425,10
12.9807300568,80.2291030884,72425,72435,10
12.9806804657,80.2289733887,72435,72445,10
12.9804801941,80.2286529541,72445,72455,10
12.9802999496,80.2282562256,72455,72465,10
12.9799804688,80.2277526855,72465,72475,10
12.9795799255,80.2270812988,72475,72485,10
12.9792804718,80.2266235352,72485,72496,11
12.9792699814,80.226600647,72496,72506,10
12.9791603088,80.2263717651,72506,72516,10
12.9788703918,80.2259063721,72516,72526,10
12.9785604477,80.2253799438,72526,72536,10
12.9781999588,80.2248077393,72536,72546,10
12.9779901505,80.2244873047,72546,72556,10
12.977809906,80.2242279053,72556,72566,10
12.9777498245,80.2241287231,72566,72576,10
12.977519989,80.2237472534,72576,72586,10
12.9771900177,80.2232437134,72586,72596,10
12.9770498276,80.2229614258,72596,72605,9
12.9770002365,80.2228317261,72605,72617,12
12.977060318,80.2226333618,72617,72627,10
12.9770698547,80.222618103,72627,72637,10
12.9771499634,80.22265625,72637,72647,10
12.9774303436,80.222618103,72647,72657,10
12.9774703979,80.222366333,72657,72667,10
12.9774703979,80.2219619751,72667,72677,10
12.9774599075,80.2214584351,72677,72687,10
12.9774599075,80.2213897705,72687,72697,10
12.9774503708,80.2212219238,72697,72707,10
12.9774599075,80.221206665,72707,72717,10
12.9774999619,80.2211914063,72717,72728,11
12.9777002335,80.2211532593,72728,72738,10
12.97797966,80.2211227417,72738,72748,10
12.9784498215,80.2210617065,72748,72758,10
12.9790697098,80.2210464478,72758,72768,10
12.9796199799,80.2210083008,72768,72778,10
12.9802398682,80.2210006714,72778,72788,10
12.9807100296,80.2209777832,72788,72798,10
12.9811697006,80.2210769653,72798,72808,10
12.9817199707,80.2213973999,72808,72818,10
12.9820098877,80.2215576172,72818,72828,10
12.9824495316,80.2216873169,72828,72838,10
12.9828395844,80.2218475342,72838,72859,21
12.9832201004,80.2220687866,72859,72889,30
12.9834604263,80.2222671509,72889,72929,40
12.9834604263,80.2222671509,72929,72939,10
12.9840097427,80.2225494385,72939,72949,10
12.9843397141,80.2227401733,72949,72959,10
12.9845695496,80.22290802,72959,72970,11
12.9850997925,80.2231369019,72970,72980,10
12.9855298996,80.2230606079,72980,72990,10
12.9860496521,80.2228775024,72990,73000,10
12.9868202209,80.2229537964,73000,73040,40
12.9871702194,80.2230072021,73040,73079,39
12.9871702194,80.2230072021,73079,73091,12
12.9873600006,80.2230224609,73091,73101,10
12.9874696732,80.2229995728,73101,73111,10
12.9879102707,80.2227401733,73111,73121,10
12.9884395599,80.2224197388,73121,73131,10
12.9889698029,80.2219467163,73131,73141,10
12.9893398285,80.221496582,73141,73151,10
12.9897003174,80.220993042,73151,73161,10
12.9902296066,80.2205123901,73161,73171,10
12.9906797409,80.2201538086,73171,73181,10
12.9912595749,80.2196426392,73181,73191,10
12.991900444,80.2192230225,73191,73202,11
12.9926595688,80.2186813354,73202,73212,10
12.9933395386,80.2181777954,73212,73222,10
12.9939203262,80.2177581787,73222,73232,10
12.9944801331,80.217376709,73232,73242,10
12.9950199127,80.2169876099,73242,73252,10
12.9955396652,80.2166824341,73252,73262,10
12.9961795807,80.216506958,73262,73272,10
12.996629715,80.2164382935,73272,73282,10
12.9971599579,80.2164077759,73282,73292,10
12.9975099564,80.2161178589,73292,73302,10
12.9975299835,80.2161178589,73302,73312,10
12.9976596832,80.2159500122,73312,73323,11
12.9981098175,80.2154998779,73323,73333,10
12.9986696243,80.2149810791,73333,73343,10
12.9991502762,80.2146377563,73343,73353,10
12.9996004105,80.2142868042,73353,73363,10
13.0000495911,80.2139129639,73363,73373,10
13.0005502701,80.2134628296,73373,73383,10
13.0011301041,80.2129821777,73383,73393,10
13.0017700195,80.2125015259,73393,73403,10
13.0021896362,80.2122116089,73403,73413,10
13.002699852,80.2120285034,73413,73423,10
13.0036497116,80.2119522095,73423,73444,21
13.0036497116,80.2119522095,73444,73454,10
13.0037202835,80.2114868164,73454,73464,10
13.0036897659,80.2110137939,73464,73474,10
13.0036096573,80.2104034424,73474,73484,10
13.0035200119,80.2097091675,73484,73494,10
13.0036201477,80.2089691162,73494,73504,10
13.004119873,80.2085876465,73504,73514,10
13.0050001144,80.2089920044,73514,73524,10
13.0058698654,80.2093505859,73524,73534,10
13.0065097809,80.2095565796,73534,73544,10
13.0069904327,80.2097015381,73544,73554,10
13.0076398849,80.2098236084,73554,73595,41
13.0076398849,80.2098236084,73595,73605,10
13.0080299377,80.2099227905,73605,73615,10
13.0081996918,80.2098007202,73615,73625,10
13.0080699921,80.2093429565,73625,73635,10
13.0079202652,80.2085800171,73635,73664,29
13.0079202652,80.2085800171,73664,73676,12
13.0080003738,80.2085189819,73676,73686,10
13.0079603195,80.2084503174,73686,73696,10
13.0078897476,80.2079620361,73696,73706,10
13.0077896118,80.2072601318,73706,73716,10
13.0076704025,80.206489563,73716,73726,10
13.0075798035,80.2057266235,73726,73736,10
13.0075597763,80.2049484253,73736,73746,10
13.0075597763,80.2041702271,73746,73756,10
13.0074796677,80.2033615112,73756,73766,10
13.0072603226,80.2025222778,73766,73776,10
13.0066604614,80.2025985718,73776,73786,10
13.0067501068,80.2031402588,73786,73797,11
13.0073900223,80.2034683228,73797,73807,10
13.0080795288,80.2035903931,73807,73817,10
13.008480072,80.2030715942,73817,73827,10
13.0077896118,80.202796936,73827,73837,10
13.0076198578,80.2035598755,73837,73847,10
13.0076503754,80.2043914795,73847,73857,10
13.0076198578,80.2052383423,73857,73867,10
13.0076999664,80.206161499,73867,73877,10
13.0078496933,80.2071075439,73877,73887,10
13.0079402924,80.2079925537,73887,73897,10
13.0080604553,80.208946228,73897,73907,10
13.0082798004,80.2098083496,73907,73918,11
13.0085897446,80.2104568481,73918,73928,10
13.0089197159,80.2107391357,73928,74028,100
13.0092096329,80.2107009888,74028,74119,91
13.0094003677,80.2109680176,74119,74150,31
13.0094003677,80.2109680176,74150,74160,10
13.0091495514,80.2113418579,74160,74170,10
13.009059906,80.2114562988,74170,74180,10
13.0091104507,80.2117614746,74180,74190,10
13.0092601776,80.2121887207,74190,74200,10
13.0094099045,80.2127304077,74200,74210,10
13.0096797943,80.2134094238,74210,74220,10
13.0099802017,80.2141723633,74220,74230,10
13.0101900101,80.2149810791,74230,74240,10
13.0103702545,80.2158584595,74240,74250,10
13.0107898712,80.2167663574,74250,74260,10
13.0112695694,80.2177581787,74260,74271,11
13.0116701126,80.2189483643,74271,74281,10
13.0120201111,80.2200698853,74281,74291,10
13.0123195648,80.2210617065,74291,74301,10
13.0126399994,80.2217483521,74301,74311,10
13.0132102966,80.2224578857,74311,74321,10
13.0138301849,80.2231369019,74321,74331,10
13.014289856,80.2237319946,74331,74341,10
13.0148200989,80.2243423462,74341,74351,10
13.0151700974,80.2247009277,74351,74361,10
13.0154304504,80.2250595093,74361,74371,10
13.0154800415,80.2251815796,74371,74380,9
13.01541996,80.2255477905,74380,74392,12
13.0149898529,80.2259597778,74392,74402,10
13.0149402618,80.2259902954,74402,74412,10
13.0145101547,80.2261734009,74412,74422,10
13.0137195587,80.2264862061,74422,74432,10
13.0128097534,80.2268371582,74432,74442,10
13.011759758,80.2273178101,74442,74452,10
13.0106697083,80.2277297974,74452,74462,10
13.0097503662,80.2279891968,74462,74472,10
13.0096197128,80.2274093628,74472,74482,10
13.0099802017,80.2266235352,74482,74492,10
13.0103702545,80.225692749,74492,74502,10
13.0107097626,80.2248306274,74502,74513,11
13.0110197067,80.2241134644,74513,74523,10
13.0111999512,80.2236633301,74523,74533,10
13.0113401413,80.2233810425,74533,74543,10
13.0112895966,80.2231292725,74543,74553,10
13.010890007,80.2229232788,74553,74563,10
13.0101203918,80.2225723267,74563,74573,10
13.0093297958,80.2221221924,74573,74583,10
13.0086603165,80.2217407227,74583,74593,10
13.0080699921,80.2214431763,74593,74603,10
13.0074100494,80.2210922241,74603,74613,10
13.0070400238,80.2208404541,74613,74623,10
13.0068998337,80.2207794189,74623,74634,11
13.0065603256,80.2206497192,74634,74644,10
13.0057897568,80.2204589844,74644,74654,10
13.0048398972,80.2202224731,74654,74664,10
13.0039300919,80.2199935913,74664,74674,10
13.0031499863,80.2197799683,74674,74684,10
13.0024700165,80.2193603516,74684,74694,10
13.0020704269,80.2189483643,74694,74704,10
13.0015296936,80.2184371948,74704,74714,10
13.0009899139,80.2181625366,74714,74724,10
13.0002698898,80.2177200317,74724,74734,10
12.9997196198,80.2173995972,74734,74745,11
12.9989204407,80.2169876099,74745,74755,10
12.998290062,80.2167205811,74755,74765,10
12.9977197647,80.2166137695,74765,74775,10
12.9972200394,80.216583252,74775,74785,10
12.9969301224,80.2165374756,74785,74795,10
12.9966802597,80.2165298462,74795,74805,10
12.9963903427,80.2165908813,74805,74815,10
12.9961700439,80.2166290283,74815,74825,10
12.9958496094,80.2167282104,74825,74835,10
12.9955797195,80.2168121338,74835,74845,10
12.9953403473,80.2169189453,74845,74855,10
12.9952201843,80.2169876099,74855,74866,11
12.995059967,80.2170791626,74866,74876,10
12.9947395325,80.2172927856,74876,74886,10
12.9942598343,80.217628479,74886,74896,10
12.9937801361,80.2179794312,74896,74906,10
12.9932203293,80.2183837891,74906,74916,10
12.9927501678,80.2187576294,74916,74926,10
12.992099762,80.2192077637,74926,74936,10
12.991689682,80.2195205688,74936,74946,10
12.9911003113,80.2199325562,74946,74956,10
12.9905195236,80.2203674316,74956,74966,10
12.9898900986,80.2210388184,74966,74976,10
12.9893302917,80.2216873169,74976,74987,11
12.9886798859,80.222366333,74987,74997,10
12.988120079,80.2228393555,74997,75007,10
12.9875898361,80.2230377197,75007,75017,10
12.9872503281,80.2229995728,75017,75027,10
12.9872398376,80.2229995728,75027,75037,10
12.9869804382,80.2229309082,75037,75047,10
12.9865703583,80.2228775024,75047,75057,10
12.9859304428,80.2229385376,75057,75067,10
12.9853601456,80.2232208252,75067,75077,10
12.9847002029,80.2229309082,75077,75086,9
12.9842395782,80.2226791382,75086,75097,11
12.9837598801,80.2223892212,75097,75108,11
12.9835100174,80.2222366333,75108,75118,10
12.9833202362,80.2220993042,75118,75128,10
12.9832201004,80.222038269,75128,75138,10
12.9828796387,80.221862793,75138,75148,10
12.982339859,80.2216796875,75148,75158,10
12.9819002151,80.2214202881,75158,75168,10
12.9813203812,80.2210693359,75168,75178,10
12.9806499481,80.220993042,75178,75188,10
12.9797897339,80.2210769653,75188,75198,10
12.9790496826,80.2211227417,75198,75208,10
12.9784402847,80.2210998535,75208,75219,11
12.9778995514,80.2211532593,75219,75229,10
12.977399826,80.2211837769,75229,75239,10
12.9769897461,80.2211914063,75239,75249,10
12.9768295288,80.2211837769,75249,75259,10
12.9765701294,80.2211608887,75259,75269,10
12.9763202667,80.2211837769,75269,75279,10
12.9763097763,80.2215881348,75279,75299,20
12.9763097763,80.2215881348,75299,75309,10
12.9765396118,80.2220077515,75309,75319,10
12.9769001007,80.2225723267,75319,75328,9
12.9771995544,80.2230606079,75328,75340,12
12.9778003693,80.223991394,75340,75350,10
12.9782600403,80.2247314453,75350,75360,10
12.9785900116,80.2252578735,75360,75370,10
12.978679657,80.2253875732,75370,75380,10
12.9788999557,80.2257614136,75380,75390,10
12.9792499542,80.2263717651,75390,75400,10
12.9796695709,80.2270507813,75400,75410,10
12.9801397324,80.2278213501,75410,75420,10
12.9806203842,80.2286376953,75420,75430,10
12.980919838,80.2291564941,75430,75440,10
12.9812803268,80.2297592163,75440,75450,10
12.9817695618,80.2305297852,75450,75461,11
12.9820804596,80.2316589355,75461,75471,10
12.9820899963,80.232383728,75471,75481,10
12.9819602966,80.2329788208,75481,75491,10
12.981710434,80.2335205078,75491,75501,10
12.9816904068,80.2335128784,75501,75511,10
12.9815301895,80.2338485718,75511,75521,10
12.9813404083,80.2344665527,75521,75531,10
12.9813404083,80.2352828979,75531,75541,10
12.9813604355,80.2361602783,75541,75551,10
12.9813899994,80.2371826172,75551,75560,9
12.9813995361,80.2378921509,75560,75572,12
12.9814195633,80.2386016846,75572,75582,10
12.9814195633,80.2386322021,75582,75592,10
12.9814195633,80.2389678955,75592,75602,10
12.9814300537,80.2395706177,75602,75612,10
12.9814500809,80.2406082153,75612,75632,20
12.9814500809,80.2406082153,75632,75642,10
12.9814395905,80.2410125732,75642,75652,10
12.9814500809,80.2416992188,75652,75662,10
12.981470108,80.2424468994,75662,75672,10
12.981470108,80.2428207397,75672,75681,9
12.9814796448,80.2428207397,75681,75693,12
12.9814500809,80.2434005737,75693,75703,10
12.9813499451,80.2442321777,75703,75713,10
12.9812097549,80.2453308105,75713,75723,10
12.9810695648,80.2465133667,75723,75733,10
12.9809703827,80.2476882935,75733,75743,10
12.9808702469,80.2488632202,75743,75753,10
12.9806995392,80.2500610352,75753,75763,10
12.980389595,80.2512207031,75763,75773,10
12.9802103043,80.2520675659,75773,75783,10
12.9801702499,80.252243042,75783,75793,10
12.980340004,80.2525177002,75793,75802,9
12.9808301926,80.2525482178,75802,75814,12
12.9819097519,80.2525177002,75814,75824,10
12.9830799103,80.2524719238,75824,75834,10
12.9842395782,80.252243042,75834,75844,10
12.9853696823,80.2519302368,75844,75854,10
12.9862499237,80.251701355,75854,75864,10
12.9871797562,80.2514724731,75864,75965,101
12.9871797562,80.2514724731,75965,75975,10
12.9872102737,80.2514877319,75975,75985,10
12.9874897003,80.2514038086,75985,75995,10
12.987830162,80.251373291,75995,76005,10
12.9879999161,80.251739502,76005,76015,10
12.9880695343,80.2522964478,76015,76025,10
12.9879798889,80.253112793,76025,76035,10
12.9878997803,80.2539978027,76035,76046,11
12.9878196716,80.2548828125,76046,76056,10
12.9877901077,80.2552871704,76056,76126,70
12.9877901077,80.2552871704,76126,76136,10
12.9876899719,80.2556304932,76136,76146,10
12.9878396988,80.2557907104,76146,76156,10
12.9882497787,80.2557983398,76156,76167,11
12.9884300232,80.2558135986,76167,76177,10
12.9886903763,80.2558288574,76177,76187,10
12.9890899658,80.255859375,76187,76197,10
12.9895896912,80.255859375,76197,76207,10
12.9901695251,80.255859375,76207,76217,10
12.9906101227,80.255859375,76217,76227,10
12.9911699295,80.2559127808,76227,76237,10
12.9919204712,80.2559509277,76237,76247,10
12.9927902222,80.2559661865,76247,76257,10
12.9936800003,80.2559280396,76257,76267,10
12.9944896698,80.255897522,76267,76277,10
12.99518013,80.2558364868,76277,76288,11
12.9959897995,80.2558288574,76288,76298,10
12.9967002869,80.2558135986,76298,76308,10
12.9970397949,80.2558288574,76308,76318,10
12.9974603653,80.2558364868,76318,76328,10
12.9975795746,80.255859375,76328,76338,10
12.9976997375,80.256149292,76338,76358,20
12.9976997375,80.256149292,76358,76368,10
12.997710228,80.2567672729,76368,76409,41
12.9977502823,80.256942749,76409,76812,403
12.9977502823,80.256942749,76812,76822,10
12.997879982,80.2570877075,76822,76832,10
12.9981203079,80.2569503784,76832,77155,323
12.9983100891,80.2569732666,77155,77345,190
12.9982595444,80.2569122314,77345,84133,6788
12.9982204437,80.2569122314,84133,84386,253
12.9982204437,80.2569122314,84386,84396,10
12.9982795715,80.2568969727,84396,84406,10
12.9983100891,80.2569732666,84406,84446,40
12.9983100891,80.2569732666,84446,84456,10
12.9982500076,80.2569198608,84456,84466,10
12.9982204437,80.2568664551,84466,84638,172
12.9982004166,80.2569580078,84638,85374,736
