13.0145101547,80.2251434326,15,491,476
13.0145101547,80.2251434326,491,501,10
13.0145397186,80.2250976563,501,907,406
13.0145797729,80.2252120972,907,1667,760
13.0144796371,80.2250595093,1667,1768,101
13.0144195557,80.2250366211,1768,2437,669
13.0144195557,80.2250366211,2437,2447,10
13.01445961,80.2250595093,2447,2538,91
13.0145196915,80.225151062,2538,2640,102
13.0146999359,80.2252807617,2640,2680,40
13.0146999359,80.2252807617,2680,2690,10
13.0145702362,80.2251205444,2690,2934,244
13.0145301819,80.2250823975,2934,3167,233
13.0144996643,80.2251281738,3167,4454,1287
13.0145998001,80.2251968384,4454,4576,122
13.0144901276,80.2251815796,4576,5762,1186
13.0145101547,80.2250900269,5762,5945,183
13.0145902634,80.2251586914,5945,6016,71
13.0144796371,80.2253112793,6016,6077,61
13.0144701004,80.2249832153,6077,7860,1783
13.0146398544,80.2250823975,7860,8104,244
13.0145301819,80.225151062,8104,8154,50
13.0145101547,80.2250213623,8154,8256,102
13.0145797729,80.2251281738,8256,14661,6405
13.0145998001,80.2251586914,14661,14732,71
13.0145397186,80.2250518799,14732,16690,1958
13.0145397186,80.2250518799,16690,16700,10
13.0145397186,80.2251663208,16700,16893,193
13.0145397186,80.2251663208,16893,16903,10
13.01445961,80.2250213623,16903,17167,264
13.0144901276,80.2248764038,17167,17308,141
13.0145902634,80.2250595093,17308,18262,954
13.0145902634,80.2250595093,18262,18272,10
13.0144796371,80.2250900269,18272,18454,182
13.0145101547,80.2250976563,18454,19792,1338
13.0145101547,80.2250976563,19792,19801,9
13.0145101547,80.2250976563,19801,20361,560
13.014550209,80.2249832153,20361,20483,122
13.0144901276,80.2249984741,20483,21064,581
13.0145998001,80.2251815796,21064,21338,274
13.0145998001,80.2251815796,21338,21348,10
13.0145397186,80.2250213623,21348,21409,61
13.0147895813,80.2249832153,21409,21429,20
13.0147895813,80.2249832153,21429,21439,10
13.0146303177,80.2250213623,21439,23348,1909
13.0145597458,80.2250671387,23348,23662,314
13.0145196915,80.2250366211,23662,24179,517
13.0145196915,80.2250366211,24179,24189,10
13.0143995285,80.2252807617,24189,24209,20
13.0143995285,80.2252807617,24209,24220,11
13.0145597458,80.2254486084,24220,24230,10
13.0143499374,80.2257995605,24230,24240,10
13.0142402649,80.2260437012,24240,24250,10
13.0141296387,80.226272583,24250,24260,10
13.0135602951,80.2265167236,24260,24270,10
13.0129003525,80.2268066406,24270,24280,10
13.0122098923,80.2270812988,24280,24291,11
13.0112895966,80.2274627686,24291,24301,10
13.0103998184,80.2278137207,24301,24311,10
13.0096797943,80.2279663086,24311,24321,10
13.0095796585,80.2274398804,24321,24331,10
13.0099201202,80.2266998291,24331,24341,10
13.0102396011,80.2259979248,24341,24351,10
13.0105895996,80.2251663208,24351,24361,10
13.0109500885,80.2243423462,24361,24372,11
13.0112495422,80.2235565186,24372,24382,10
13.0112800598,80.2233810425,24382,24392,10
13.0114297867,80.223197937,24392,24402,10
13.0119104385,80.2234573364,24402,24412,10
13.0125198364,80.2238616943,24412,24422,10
13.0133800507,80.2242965698,24422,24432,10
13.0142202377,80.2247314453,24432,24443,11
13.0148696899,80.2250976563,24443,24453,10
13.015130043,80.2251815796,24453,24463,10
13.0152997971,80.2253036499,24463,24473,10
13.0156202316,80.2253036499,24473,24483,10
13.0162601471,80.2253265381,24483,24493,10
13.0171098709,80.2250595093,24493,24503,10
13.0180797577,80.2246704102,24503,24513,10
13.0190200806,80.224357605,24513,24524,11
13.0199604034,80.2246704102,24524,24534,10
13.0206804276,80.2251815796,24534,24544,10
13.0212202072,80.2256011963,24544,24554,10
13.0218400955,80.2260665894,24554,24564,10
13.0225000381,80.2266082764,24564,24573,9
13.0231895447,80.2272415161,24573,24584,11
13.0237503052,80.2277374268,24584,24595,11
13.0242300034,80.2282104492,24595,24605,10
13.0243997574,80.2283935547,24605,24645,40
13.0243997574,80.2283935547,24645,24655,10
13.024430275,80.2284698486,24655,24665,10
13.0243902206,80.2285995483,24665,24676,11
13.0241498947,80.2284622192,24676,24686,10
13.0238399506,80.2281036377,24686,24696,10
13.0235395432,80.2278213501,24696,24706,10
13.0233697891,80.2276077271,24706,24726,20
13.0233697891,80.2276077271,24726,24736,10
13.0231704712,80.2273635864,24736,24747,11
13.0227003098,80.2269363403,24747,24757,10
13.0222902298,80.226600647,24757,24767,10
13.0218095779,80.2261810303,24767,24777,10
13.0215902328,80.2259979248,24777,24787,10
13.0211601257,80.2256622314,24787,24797,10
13.0207195282,80.2253417969,24797,24807,10
13.0205001831,80.2251968384,24807,24817,10
13.0201196671,80.224937439,24817,24838,21
13.0201196671,80.224937439,24838,24848,10
13.0200004578,80.224861145,24848,24858,10
13.0195302963,80.2245864868,24858,24868,10
13.0186700821,80.2245864868,24868,24878,10
13.0177602768,80.2249832153,24878,24888,10
13.0168504715,80.2253417969,24888,24899,11
13.0161800385,80.2256011963,24899,24909,10
13.0156803131,80.225769043,24909,24919,10
13.0150403976,80.2260513306,24919,24929,10
13.0145397186,80.2262496948,24929,24939,10
13.0143003464,80.2263336182,24939,24949,10
13.0138902664,80.2265014648,24949,24959,10
13.0133895874,80.2266998291,24959,24970,11
13.0127897263,80.2269287109,24970,24980,10
13.0120897293,80.2271728516,24980,24990,10
13.0111999512,80.2275390625,24990,25000,10
13.0102796555,80.2279129028,25000,25010,10
13.0094203949,80.2282791138,25010,25020,10
13.0090999603,80.2291793823,25020,25030,10
13.008890152,80.2303009033,25030,25040,10
13.0087299347,80.2313766479,25040,25051,11
13.0084600449,80.2325820923,25051,25061,10
13.0083198547,80.2334976196,25061,25071,10
13.0082302094,80.2337417603,25071,25081,10
13.008099556,80.2342834473,25081,25091,10
13.0079698563,80.2351303101,25091,25101,10
13.0077600479,80.2361602783,25101,25111,10
13.007519722,80.2372589111,25111,25122,11
13.0072698593,80.2385025024,25122,25132,10
13.0070104599,80.2396774292,25132,25152,20
13.0070104599,80.2396774292,25152,25162,10
13.0069503784,80.2399902344,25162,25172,10
13.0069198608,80.2405319214,25172,25182,10
13.0068998337,80.2407226563,25182,25192,10
13.006819725,80.2413024902,25192,25203,11
13.0067501068,80.2423324585,25203,25213,10
13.0067195892,80.2433013916,25213,25223,10
13.0066900253,80.2438964844,25223,25233,10
13.0066900253,80.2445220947,25233,25243,10
13.0066900253,80.245262146,25243,25253,10
13.0067195892,80.2456893921,25253,25263,10
13.0067396164,80.2458267212,25263,25274,11
13.0067501068,80.2463302612,25274,25284,10
13.0067596436,80.246887207,25284,25294,10
13.0066995621,80.2473602295,25294,25304,10
13.0062503815,80.2473602295,25304,25314,10
13.005979538,80.2473831177,25314,25324,10
13.0058498383,80.2473907471,25324,25334,10
13.0056600571,80.2473983765,25334,25344,10
13.005109787,80.2473907471,25344,25355,11
13.0040903091,80.2474899292,25355,25365,10
13.0027999878,80.247718811,25365,25375,10
13.0014295578,80.2480392456,25375,25385,10
13.0000295639,80.2483825684,25385,25395,10
12.9986200333,80.2487411499,25395,25405,10
12.9971904755,80.2490615845,25405,25415,10
12.9957704544,80.249420166,25415,25426,11
12.9942798615,80.2498397827,25426,25436,10
12.9928798676,80.2501602173,25436,25446,10
12.9914703369,80.250541687,25446,25456,10
12.990070343,80.2508773804,25456,25466,10
12.9889097214,80.2511901855,25466,25476,10
12.988120079,80.2514419556,25476,25557,81
12.988120079,80.2514419556,25557,25567,10
12.9878501892,80.2515487671,25567,25578,11
12.9872198105,80.2516937256,25578,25588,10
12.986410141,80.2518920898,25588,25598,10
12.9853801727,80.2521209717,25598,25608,10
12.984120369,80.2524490356,25608,25618,10
12.9827899933,80.2526931763,25618,25628,10
12.9814796448,80.2527389526,25628,25638,10
12.9804000854,80.2527770996,25638,25648,10
12.9798698425,80.2527923584,25648,25659,11
12.9789896011,80.2526779175,25659,25669,10
12.9783201218,80.2524337769,25669,25679,10
12.9775896072,80.2517929077,25679,25689,10
12.9766597748,80.2513275146,25689,25699,10
12.9754800797,80.2509994507,25699,25709,10
12.9742202759,80.2506332397,25709,25719,10
12.9728603363,80.250289917,25719,25730,11
12.9713401794,80.2498703003,25730,25740,10
12.9699401855,80.2494812012,25740,25750,10
12.9685897827,80.2489776611,25750,25760,10
12.9674396515,80.2484588623,25760,25770,10
12.9664096832,80.2479400635,25770,25780,10
12.9653997421,80.247543335,25780,25790,10
12.9651498795,80.2474594116,25790,25800,10
12.9648103714,80.2473068237,25800,25811,11
12.9638996124,80.2469787598,25811,25831,20
12.9638996124,80.2469787598,25831,25841,10
12.9636802673,80.2468566895,25841,25851,10
12.9630699158,80.2465667725,25851,25861,10
12.9621896744,80.2461700439,25861,25871,10
12.9611597061,80.2456970215,25871,25882,11
12.9600000381,80.2451629639,25882,25892,10
12.9593496323,80.2448730469,25892,25902,10
12.9591598511,80.2447662354,25902,25912,10
12.958609581,80.2444992065,25912,25922,10
12.9579696655,80.2442321777,25922,25932,10
12.9573097229,80.2440032959,25932,25942,10
12.9566001892,80.2438278198,25942,25952,10
12.9564599991,80.2437820435,25952,25963,11
12.9561700821,80.2436904907,25963,25973,10
12.9555797577,80.2433395386,25973,25983,10
12.9547796249,80.2429275513,25983,25993,10
12.9538402557,80.2425231934,25993,26003,10
12.9527196884,80.2420578003,26003,26013,10
12.9518203735,80.2417602539,26013,26023,10
12.9513902664,80.2415924072,26023,26034,11
12.9505796432,80.2413330078,26034,26044,10
12.949669838,80.2410812378,26044,26054,10
12.949139595,80.2409133911,26054,26074,20
12.949139595,80.2409133911,26074,26084,10
12.9490003586,80.2408294678,26084,26094,10
12.9484500885,80.2406005859,26094,26104,10
12.947640419,80.2402572632,26104,26115,11
12.9470701218,80.2400665283,26115,26125,10
12.9469003677,80.2399978638,26125,26135,10
12.9464197159,80.2398223877,26135,26145,10
12.9456701279,80.2394638062,26145,26155,10
12.944899559,80.2388687134,26155,26165,10
12.9440898895,80.2379837036,26165,26175,10
12.943189621,80.2370223999,26175,26186,11
12.9419202805,80.2363891602,26186,26196,10
12.9406099319,80.236076355,26196,26206,10
12.9398002625,80.2358398438,26206,26216,10
12.9394798279,80.2357177734,26216,26226,10
12.9388303757,80.2353820801,26226,26236,10
12.9379701614,80.2349624634,26236,26246,10
12.936920166,80.2344284058,26246,26256,10
12.9359197617,80.2339401245,26256,26267,11
12.9348802567,80.2334823608,26267,26277,10
12.9342498779,80.2332000732,26277,26287,10
12.9337301254,80.2329711914,26287,26307,20
12.9337301254,80.2329711914,26307,26317,10
12.9335002899,80.2328567505,26317,26327,10
12.9329500198,80.2326507568,26327,26338,11
12.9320402145,80.2323303223,26338,26348,10
12.931019783,80.2319717407,26348,26358,10
12.9298095703,80.2316207886,26358,26368,10
12.9286003113,80.2313766479,26368,26378,10
12.927280426,80.2312088013,26378,26388,10
12.9262199402,80.2310714722,26388,26398,10
12.9260997772,80.2310714722,26398,26408,10
12.9257001877,80.2310333252,26408,26419,11
12.9249696732,80.2309417725,26419,26429,10
12.9240598679,80.2308273315,26429,26439,10
12.9230804443,80.2306976318,26439,26449,10
12.9219503403,80.230506897,26449,26459,10
12.9206600189,80.2303390503,26459,26469,10
12.9193201065,80.2301635742,26469,26479,10
12.9180698395,80.2300186157,26479,26490,11
12.9168300629,80.2298202515,26490,26500,10
12.915769577,80.2296676636,26500,26510,10
12.9147996902,80.2295227051,26510,26520,10
12.9139204025,80.2294235229,26520,26530,10
12.9133996964,80.229347229,26530,26540,10
12.9131698608,80.2293167114,26540,26550,10
12.912779808,80.2292709351,26550,26560,10
12.9120998383,80.2291870117,26560,26571,11
12.9111700058,80.2290725708,26571,26581,10
12.9102201462,80.2289199829,26581,26591,10
12.9090995789,80.228729248,26591,26601,10
12.9079704285,80.2285614014,26601,26611,10
12.9074401855,80.2284927368,26611,26621,10
12.907409668,80.2285003662,26621,26631,10
12.9072599411,80.2285003662,26631,26642,11
12.9069004059,80.2284927368,26642,26652,10
12.9064502716,80.2284088135,26652,26662,10
12.9063596725,80.2284011841,26662,26672,10
12.9061002731,80.2283630371,26672,26682,10
12.9055204391,80.2283477783,26682,26692,10
12.904800415,80.228302002,26692,26702,10
12.9039897919,80.2282409668,26702,26712,10
12.9034404755,80.2281799316,26712,26723,11
12.9028396606,80.2281570435,26723,26733,10
12.9021396637,80.2281417847,26733,26763,30
12.9021396637,80.2281417847,26763,26773,10
12.9017696381,80.2281417847,26773,26783,10
12.9013500214,80.2281036377,26783,26794,11
12.9007101059,80.2280197144,26794,26804,10
12.9002199173,80.2280502319,26804,26814,10
12.8998003006,80.2279891968,26814,26824,10
12.8995704651,80.2279968262,26824,26834,10
12.8994197845,80.2280197144,26834,26844,10
12.899020195,80.2279968262,26844,26854,10
12.8987798691,80.2279815674,26854,26865,11
12.8982200623,80.227897644,26865,26875,10
12.8975000381,80.2278518677,26875,26885,10
12.8966197968,80.2278137207,26885,26895,10
12.8955402374,80.2277679443,26895,26905,10
12.8943300247,80.2276992798,26905,26915,10
12.8930702209,80.2275466919,26915,26925,10
12.8925304413,80.2274780273,26925,26935,10
12.8923902512,80.2274398804,26935,26946,11
12.8917798996,80.2274169922,26946,26956,10
12.8908395767,80.2274169922,26956,26966,10
12.8895998001,80.2274169922,26966,26976,10
12.8883104324,80.2273864746,26976,26988,12
12.8871202469,80.2272415161,26988,26998,10
12.8857803345,80.2269363403,26998,27008,10
12.8848199844,80.2267913818,27008,27019,11
12.8847398758,80.2267990112,27019,27029,10
12.8843297958,80.2267990112,27029,27039,10
12.883480072,80.2267990112,27039,27049,10
12.8824796677,80.2268218994,27049,27059,10
12.8814296722,80.2268295288,27059,27069,10
12.8801498413,80.2268295288,27069,27079,10
12.8789396286,80.2268600464,27079,27089,10
12.8777704239,80.2269515991,27089,27100,11
12.8767900467,80.2270202637,27100,27110,10
12.8765096664,80.2270278931,27110,27120,10
12.8763303757,80.2270584106,27120,27130,10
12.8757400513,80.2270507813,27130,27140,10
12.8748502731,80.2269821167,27140,27150,10
12.8738002777,80.2268295288,27150,27160,10
12.8729295731,80.2267913818,27160,27171,11
12.8726396561,80.2267913818,27171,27181,10
12.8723802567,80.2267837524,27181,27191,10
12.8716201782,80.2267379761,27191,27200,9
12.8706903458,80.2266998291,27200,27211,11
12.8694400787,80.2265777588,27211,27221,10
12.8682203293,80.2264785767,27221,27231,10
12.8669595718,80.2265701294,27231,27241,10
12.8655099869,80.2266769409,27241,27252,11
12.8641300201,80.2266311646,27252,27262,10
12.8627300262,80.2265777588,27262,27272,10
12.8615598679,80.2266235352,27272,27282,10
12.8605298996,80.226600647,27282,27292,10
12.8595104218,80.2264633179,27292,27302,10
12.8585996628,80.226348877,27302,27312,10
12.8576002121,80.226348877,27312,27323,11
12.8563203812,80.2264709473,27323,27333,10
12.8550701141,80.2266082764,27333,27343,10
12.8538599014,80.2267074585,27343,27353,10
12.8525600433,80.2267303467,27353,27363,10
12.8511600494,80.2266616821,27363,27373,10
12.8497600555,80.2266311646,27373,27383,10
12.8484201431,80.2266387939,27383,27393,10
12.8471097946,80.2266464233,27393,27404,11
12.8459396362,80.2266464233,27404,27414,10
12.8454198837,80.2266693115,27414,27424,10
12.8452196121,80.2266693115,27424,27444,20
12.8452196121,80.2266693115,27444,27454,10
12.8448696136,80.2267074585,27454,27464,10
12.8442602158,80.2267608643,27464,27475,11
12.843290329,80.2269134521,27475,27485,10
12.842300415,80.2270812988,27485,27495,10
12.8410997391,80.2273788452,27495,27505,10
12.8402395248,80.2276306152,27505,27515,10
12.8398103714,80.2278137207,27515,27525,10
12.8396100998,80.2278594971,27525,27535,10
12.8391304016,80.2279510498,27535,27545,10
12.8383598328,80.2281112671,27545,27556,11
12.8373298645,80.2283172607,27556,27566,10
12.836139679,80.2285003662,27566,27576,10
12.8349199295,80.2286605835,27576,27586,10
12.8337802887,80.2288513184,27586,27596,10
12.83273983,80.2290420532,27596,27606,10
12.8318796158,80.2292175293,27606,27616,10
12.8315696716,80.2289962769,27616,27627,11
12.8315000534,80.2288131714,27627,27637,10
12.8315000534,80.2286987305,27637,27647,10
12.8314304352,80.2281799316,27647,27657,10
12.8312501907,80.2273788452,27657,27667,10
12.8310403824,80.2263717651,27667,27677,10
12.8310499191,80.2251281738,27677,27687,10
12.8310499191,80.2246704102,27687,27698,11
12.8310604095,80.2240829468,27698,27708,10
12.8310699463,80.2232284546,27708,27718,10
12.8310804367,80.222328186,27718,27728,10
12.8310899734,80.2220001221,27728,27738,10
12.8311004639,80.221321106,27738,27748,10
12.8311004639,80.220451355,27748,27758,10
12.8310899734,80.2197723389,27758,27768,10
12.8308897018,80.2194976807,27768,27779,11
12.8300199509,80.2194900513,27779,27789,10
12.8290596008,80.2194595337,27789,27799,10
12.8279800415,80.2194824219,27799,27809,10
12.8274202347,80.2195205688,27809,27829,20
12.8274202347,80.2195205688,27829,27839,10
12.8273897171,80.2195587158,27839,27850,11
12.8269395828,80.219543457,27850,27860,10
12.8263397217,80.2195281982,27860,27870,10
12.8260097504,80.2195205688,27870,27880,10
12.8255300522,80.2194976807,27880,27890,10
12.8253803253,80.2195281982,27890,27899,9
12.824930191,80.2195205688,27899,27910,11
12.8240299225,80.2194976807,27910,27920,10
12.8228502274,80.2194595337,27920,27941,21
12.8228502274,80.2194595337,27941,27951,10
12.8227396011,80.2193984985,27951,27961,10
12.8226604462,80.219039917,27961,27971,10
12.8226604462,80.2185592651,27971,27981,10
12.8226604462,80.2170181274,27981,27991,10
12.8226604462,80.2170181274,27991,28002,11
12.8227396011,80.2160568237,28002,28012,10
12.8229398727,80.2159729004,28012,28022,10
12.8231697083,80.2159576416,28022,28032,10
12.8237600327,80.2159881592,28032,28042,10
12.824760437,80.216003418,28042,28093,51
12.824760437,80.216003418,28093,28103,10
12.8249197006,80.2160491943,28103,28113,10
12.8252696991,80.216003418,28113,28235,122
12.8252696991,80.216003418,28235,28245,10
12.825220108,80.2160873413,28245,28255,10
12.8255395889,80.2160797119,28255,28266,11
12.8258199692,80.2161026001,28266,28276,10
12.8258895874,80.2166366577,28276,28286,10
12.8259000778,80.2174682617,28286,28296,10
12.825920105,80.2185516357,28296,28307,11
12.8259000778,80.2191772461,28307,28316,9
12.8260402679,80.2193832397,28316,28327,11
12.8266601563,80.2193832397,28327,28337,10
12.827050209,80.2193832397,28337,28347,10
12.8273696899,80.219367981,28347,28357,10
12.8275604248,80.2193527222,28357,28367,10
12.8280200958,80.2193832397,28367,28378,11
12.8288002014,80.219367981,28378,28388,10
12.8296203613,80.2193832397,28388,28398,10
12.8306102753,80.2194213867,28398,28408,10
12.8309001923,80.2193984985,28408,28417,9
12.831199646,80.2198028564,28417,28428,11
12.8311700821,80.2206878662,28428,28438,10
12.8311901093,80.2217178345,28438,28449,11
12.831199646,80.2222213745,28449,28459,10
12.8311796188,80.2227706909,28459,28469,10
12.8311901093,80.2236480713,28469,28479,10
12.8311796188,80.2245635986,28479,28489,10
12.8311796188,80.2249069214,28489,28499,10
12.8311595917,80.2255630493,28499,28509,10
12.8311796188,80.2263183594,28509,28519,10
12.8313302994,80.2271194458,28519,28530,11
12.8315601349,80.2281570435,28530,28540,10
12.831700325,80.2289123535,28540,28550,10
12.8318004608,80.2290725708,28550,28560,10
12.8323202133,80.2289810181,28560,28570,10
12.8331403732,80.2288284302,28570,28580,10
12.8340997696,80.2286834717,28580,28590,10
12.8351802826,80.2285003662,28590,28601,11
12.8365402222,80.2282791138,28601,28611,10
12.8378095627,80.2280807495,28611,28621,10
12.8388900757,80.2278213501,28621,28631,10
12.8393802643,80.2276306152,28631,28641,10
12.8394403458,80.2276077271,28641,28651,10
12.8396997452,80.2275772095,28651,28661,10
12.8402204514,80.2274703979,28661,28671,10
12.8410396576,80.2272491455,28671,28682,11
12.8421001434,80.2269668579,28682,28692,10
12.8431501389,80.2267837524,28692,28702,10
12.8441095352,80.2266464233,28702,28712,10
12.8451795578,80.2265319824,28712,28732,20
12.8451795578,80.2265319824,28732,28742,10
12.8452196121,80.2265319824,28742,28753,11
12.8456296921,80.2264862061,28753,28763,10
12.8462400436,80.2264862061,28763,28773,10
12.8470697403,80.2264862061,28773,28783,10
12.8480701447,80.2264862061,28783,28793,10
12.8492002487,80.2264862061,28793,28803,10
12.8500795364,80.2264633179,28803,28813,10
12.8501300812,80.2264709473,28813,28823,10
12.8505001068,80.2264480591,28823,28834,11
12.8511104584,80.2264709473,28834,28844,10
12.8518104553,80.2265090942,28844,28854,10
12.8525600433,80.2265625,28854,28864,10
12.8533401489,80.2265625,28864,28874,10
12.8541002274,80.2264785767,28874,28884,10
12.8547096252,80.2264328003,28884,28894,10
12.8556804657,80.2263565063,28894,28905,11
12.8568296432,80.2262191772,28905,28915,10
12.8579702377,80.2261428833,28915,28925,10
12.8590497971,80.2262191772,28925,28935,10
12.8602304459,80.2263565063,28935,28945,10
12.860710144,80.2264175415,28945,28955,10
12.8608102798,80.2264404297,28955,28965,10
12.8613004684,80.2264709473,28965,28975,10
12.8620996475,80.2264404297,28975,28986,11
12.8631095886,80.2264022827,28986,28996,10
12.8641796112,80.2264480591,28996,29006,10
12.8653497696,80.2265319824,29006,29016,10
12.8666496277,80.2264709473,29016,29026,10
12.8680400848,80.22631073,29026,29036,10
12.8694400787,80.2263793945,29036,29046,10
12.8708295822,80.2265319824,29046,29057,11
12.8723096848,80.2265701294,29057,29067,10
12.8727998734,80.2265625,29067,29077,10
12.8729000092,80.2265930176,29077,29087,10
12.8733501434,80.2266082764,29087,29097,10
12.87403965,80.2266693115,29097,29107,10
12.8749198914,80.2267837524,29107,29117,10
12.8758802414,80.2268600464,29117,29127,10
12.8764896393,80.2268600464,29127,29138,11
12.876830101,80.2268218994,29138,29148,10
12.8769197464,80.2268295288,29148,29158,10
12.8773403168,80.2267990112,29158,29168,10
12.8780498505,80.2267379761,29168,29178,10
12.8789701462,80.2266769409,29178,29188,10
12.8799800873,80.2266616821,29188,29198,10
12.8811597824,80.2266693115,29198,29209,11
12.8825702667,80.2266387939,29209,29219,10
12.883890152,80.2266082764,29219,29229,10
12.8853702545,80.2266311646,29229,29249,20
12.8853702545,80.2266311646,29249,29259,10
12.8855304718,80.2266616821,29259,29269,10
12.886059761,80.2268066406,29269,29279,10
12.8868303299,80.2270202637,29279,29290,11
12.887840271,80.2271881104,29290,29300,10
12.8889398575,80.2272796631,29300,29310,10
12.8901700974,80.2272872925,29310,29320,10
12.8914899826,80.2272567749,29320,29330,10
12.8923597336,80.2273025513,29330,29340,10
12.8928899765,80.2273483276,29340,29350,10
12.893699646,80.2274475098,29350,29361,11
12.8947200775,80.2275466919,29361,29371,10
12.8957004547,80.2275695801,29371,29381,10
12.8967199326,80.2276000977,29381,29391,10
12.8978595734,80.2276687622,29391,29401,10
12.8989295959,80.2277374268,29401,29411,10
12.8996696472,80.2277832031,29411,29421,10
12.9002799988,80.2277908325,29421,29432,11
12.9007997513,80.2278213501,29432,29442,10
12.9012804031,80.2278823853,29442,29452,10
12.9016799927,80.2279129028,29452,29462,10
12.9021997452,80.2279129028,29462,29472,10
12.9027299881,80.2279281616,29472,29482,10
12.9027395248,80.2279281616,29482,29492,10
12.9028100967,80.2279434204,29492,29502,10
12.9031200409,80.2279205322,29502,29513,11
12.9037799835,80.2280273438,29513,29523,10
12.9046201706,80.2280731201,29523,29533,10
12.9053897858,80.2281112671,29533,29543,10
12.905670166,80.2281265259,29543,29553,10
12.9059200287,80.2280807495,29553,29563,10
12.9062004089,80.2281036377,29563,29573,10
12.9066200256,80.2281570435,29573,29584,11
12.9071998596,80.2282562256,29584,29594,10
12.907959938,80.2283782959,29594,29604,10
12.9089202881,80.2285385132,29604,29614,10
12.9100599289,80.2287216187,29614,29624,10
12.9113197327,80.2289123535,29624,29634,10
12.9126195908,80.2291030884,29634,29644,10
12.9136800766,80.2292175293,29644,29654,10
12.9138498306,80.2292480469,29654,29665,11
12.9140195847,80.2292785645,29665,29675,10
12.9146099091,80.2293701172,29675,29685,10
12.9155101776,80.2294998169,29685,29695,10
12.9165802002,80.2296600342,29695,29705,10
12.9177398682,80.2298202515,29705,29715,10
12.9189500809,80.2299804688,29715,29725,10
12.9199800491,80.2301177979,29725,29736,11
12.9212799072,80.2302932739,29736,29746,10
12.9225196838,80.23046875,29746,29756,10
12.9238300323,80.2306518555,29756,29766,10
12.9251804352,80.2307815552,29766,29776,10
12.9262800217,80.2308883667,29776,29786,10
12.9265098572,80.2309265137,29786,29796,10
12.9265003204,80.2309799194,29796,29806,10
12.9268598557,80.2310333252,29806,29817,11
12.9275302887,80.2311096191,29817,29827,10
12.9283304214,80.2312011719,29827,29837,10
12.9289598465,80.2312927246,29837,29847,10
12.9297399521,80.2314376831,29847,29857,10
12.9306201935,80.231628418,29857,29867,10
12.9316396713,80.2319564819,29867,29877,10
12.9327602386,80.2323303223,29877,29888,11
12.933719635,80.2327194214,29888,29908,20
12.933719635,80.2327194214,29908,29918,10
12.934009552,80.2328186035,29918,29928,10
12.9344997406,80.2330780029,29928,29938,10
12.935210228,80.2333908081,29938,29948,10
12.9359197617,80.2337493896,29948,29958,10
12.9368095398,80.2341918945,29958,29969,11
12.9378900528,80.2347412109,29969,29979,10
12.9388999939,80.2352218628,29979,29989,10
12.9395799637,80.2355270386,29989,30009,20
12.9395799637,80.2355270386,30009,30019,10
12.9398498535,80.2356719971,30019,30029,10
12.9404201508,80.2358627319,30029,30040,11
12.9411802292,80.2360229492,30040,30050,10
12.9420404434,80.2362365723,30050,30060,10
12.942899704,80.2365875244,30060,30070,10
12.9436197281,80.2372207642,30070,30080,10
12.9441900253,80.2378311157,30080,30090,10
12.9451398849,80.238861084,30090,30100,10
12.9460897446,80.239440918,30100,30111,11
12.946969986,80.2398071289,30111,30121,10
12.9470901489,80.2398681641,30121,30131,10
12.9471502304,80.2398834229,30131,30141,10
12.947520256,80.2400512695,30141,30151,10
12.94810009,80.2402801514,30151,30161,10
12.9485397339,80.240447998,30161,30303,142
12.9485397339,80.240447998,30303,30313,10
12.9486103058,80.2404632568,30313,30323,10
12.9489603043,80.2406005859,30323,30333,10
12.9491996765,80.2407073975,30333,30344,11
12.9495897293,80.2408294678,30344,30354,10
12.9501600266,80.2410125732,30354,30364,10
12.9511203766,80.2413024902,30364,30394,30
12.9511203766,80.2413024902,30394,30404,10
12.9514503479,80.2414169312,30404,30415,11
12.952050209,80.2416610718,30415,30425,10
12.9527702332,80.2419128418,30425,30435,10
12.9535398483,80.2422180176,30435,30445,10
12.9543504715,80.2425308228,30445,30455,10
12.9548997879,80.2427597046,30455,30465,10
12.9556999207,80.243057251,30465,30475,10
12.9562997818,80.243270874,30475,30486,11
12.9563999176,80.2433013916,30486,30496,10
12.9567604065,80.2434616089,30496,30506,10
12.9573202133,80.2437591553,30506,30516,10
12.9579801559,80.2440185547,30516,30526,10
12.9589004517,80.2443695068,30526,30546,20
12.9589004517,80.2443695068,30546,30556,10
12.9591197968,80.2444915771,30556,30567,11
12.959569931,80.2447128296,30567,30577,10
12.9602003098,80.2449798584,30577,30589,12
12.9610795975,80.2453918457,30589,30599,10
12.9619598389,80.2458190918,30599,30609,10
12.9628801346,80.2462692261,30609,30619,10
12.9633703232,80.2465133667,30619,30670,51
12.9633703232,80.2465133667,30670,30680,10
12.963470459,80.2465667725,30680,30690,10
12.9637899399,80.2467193604,30690,30700,10
12.9642801285,80.246887207,30700,30710,10
12.9649200439,80.2471084595,30710,30721,11
12.9657897949,80.2474136353,30721,30731,10
12.9665899277,80.2477264404,30731,30751,20
12.9665899277,80.2477264404,30751,30761,10
12.9666795731,80.2477874756,30761,30771,10
12.9670095444,80.2480010986,30771,30781,10
12.967590332,80.2482376099,30781,30792,11
12.9684801102,80.248550415,30792,30802,10
12.9693498611,80.248916626,30802,30812,10
12.9703502655,80.2493362427,30812,30822,10
12.9714899063,80.2496795654,30822,30832,10
12.9725904465,80.2500305176,30832,30842,10
12.9736404419,80.2503204346,30842,30852,10
12.9745798111,80.2505874634,30852,30862,10
12.9756603241,80.2509231567,30862,30873,11
12.9769601822,80.2512969971,30873,30883,10
12.9779596329,80.2519226074,30883,30893,10
12.9786701202,80.2523574829,30893,30913,20
12.9786701202,80.2523574829,30913,30923,10
12.9787597656,80.2524032593,30923,30933,10
12.9791297913,80.2525100708,30933,30944,11
12.9794101715,80.252532959,30944,30954,10
12.9796695709,80.2525482178,30954,30964,10
12.9801797867,80.2525634766,30964,30974,10
12.9808797836,80.2525634766,30974,30984,10
12.9815797806,80.2525634766,30984,30994,10
12.9824800491,80.2525405884,30994,31004,10
12.9837903976,80.2523498535,31004,31116,112
12.9837903976,80.2523498535,31116,31126,10
12.9839200974,80.2522888184,31126,31136,10
12.9843301773,80.2521896362,31136,31146,10
12.9849996567,80.2520217896,31146,31156,10
12.9856595993,80.2518997192,31156,31167,11
12.986289978,80.251701355,31167,31177,10
12.9866399765,80.2516326904,31177,31187,10
12.9869804382,80.2515411377,31187,31308,121
12.9869804382,80.2515411377,31308,31319,11
12.9872598648,80.2514724731,31319,31329,10
12.9875802994,80.2513809204,31329,31339,10
12.9879999161,80.2512969971,31339,31349,10
12.9887695313,80.2511062622,31349,31359,10
12.9895801544,80.2508392334,31359,31369,10
12.9897203445,80.2508087158,31369,31379,10
12.9898395538,80.2508010864,31379,31389,10
12.9902601242,80.2507019043,31389,31400,11
12.9910697937,80.2504730225,31400,31410,10
12.9919204712,80.2502593994,31410,31420,10
12.9928998947,80.2500228882,31420,31430,10
12.9939899445,80.24974823,31430,31440,10
12.9951496124,80.2494506836,31440,31450,10
12.9962301254,80.249130249,31450,31460,10
12.9966602325,80.2490386963,31460,31471,11
12.9966697693,80.2490386963,31471,31481,10
12.9969501495,80.2489776611,31481,31491,10
12.9975099564,80.248840332,31491,31501,10
12.9982795715,80.2486419678,31501,31511,10
12.9991798401,80.2484207153,31511,31521,10
13.0001897812,80.2481613159,31521,31531,10
13.0013799667,80.2478790283,31531,31541,10
13.0024003983,80.2476425171,31541,31552,11
13.0036296844,80.247428894,31552,31562,10
13.00481987,80.2472915649,31562,31572,10
13.0058498383,80.2470626831,31572,31582,10
13.0064897537,80.2464675903,31582,31602,20
13.0064897537,80.2464675903,31602,31612,10
13.0065498352,80.2462387085,31612,31623,11
13.0065803528,80.2457427979,31623,31633,10
13.0066099167,80.2451934814,31633,31643,10
13.0065898895,80.2445831299,31643,31653,10
13.0065803528,80.2440567017,31653,31663,10
13.0065803528,80.2436904907,31663,31673,10
13.0065498352,80.243347168,31673,31683,10
13.0065603256,80.2427368164,31683,31694,11
13.0065603256,80.2419281006,31694,31704,10
13.0066003799,80.2411422729,31704,31714,10
13.0066299438,80.2408599854,31714,31724,10
13.0066604614,80.240562439,31724,31734,10
13.0066995621,80.2403335571,31734,31744,10
13.006770134,80.2399520874,31744,31754,10
13.0069198608,80.2392272949,31754,31764,10
13.0071201324,80.2382507324,31764,31775,11
13.0073404312,80.237159729,31775,31795,20
13.0073404312,80.237159729,31795,31805,10
13.0073795319,80.2370223999,31805,31815,10
13.0074396133,80.2367324829,31815,31825,10
13.0075702667,80.2361984253,31825,31835,10
13.0077199936,80.235496521,31835,31846,11
13.0078897476,80.2345733643,31846,31856,10
13.0080795288,80.2335586548,31856,31866,10
13.0083198547,80.2323913574,31866,31876,10
13.0085697174,80.2312698364,31876,31886,10
13.008769989,80.230140686,31886,31896,10
13.0089797974,80.2289962769,31896,31906,10
13.0092601776,80.2279510498,31906,31916,10
13.0097398758,80.226890564,31916,31927,11
13.0103397369,80.2256317139,31927,31937,10
13.0107402802,80.2248382568,31937,31947,10
13.0108203888,80.2245483398,31947,31957,10
13.0109996796,80.2241210938,31957,31967,10
13.0111303329,80.2238006592,31967,31977,10
13.0112600327,80.223487854,31977,31987,10
13.0115499496,80.2228164673,31987,31998,11
13.0118999481,80.2218170166,31998,32008,10
13.0123500824,80.2214813232,32008,32018,10
13.0126199722,80.2219085693,32018,32028,10
13.0130300522,80.222328186,32028,32038,10
13.0134897232,80.2228622437,32038,32048,10
13.0139904022,80.2233200073,32048,32058,10
13.0142803192,80.2235488892,32058,32068,10
13.0145301819,80.2237167358,32068,32079,11
13.0149297714,80.2243728638,32079,32109,30
13.0149297714,80.2243728638,32109,32119,10
13.0151901245,80.2246780396,32119,32129,10
13.01541996,80.224937439,32129,32139,10
13.0159301758,80.2252120972,32139,32150,11
13.0167598724,80.2251663208,32150,32160,10
13.0176000595,80.2248382568,32160,32170,10
13.0184001923,80.2245178223,32170,32180,10
13.0189599991,80.2243270874,32180,32190,10
13.0191698074,80.2242889404,32190,32200,10
13.0196695328,80.2244262695,32200,32231,31
13.0196695328,80.2244262695,32231,32241,10
13.0199298859,80.2245864868,32241,32251,10
13.0201797485,80.2248306274,32251,32261,10
13.0206298828,80.2251281738,32261,32271,10
13.0210399628,80.2254867554,32271,32302,31
13.0211000443,80.2257003784,32302,32484,182
13.0209703445,80.2256164551,32484,32829,345
13.0211200714,80.2257995605,32829,33406,577
13.0211200714,80.2257995605,33406,33416,10
13.0212402344,80.2258605957,33416,33427,11
13.0215702057,80.2260284424,33427,33437,10
13.0218801498,80.2262420654,33437,33447,10
13.0222101212,80.2264633179,33447,33457,10
13.0224704742,80.2266464233,33457,33467,10
13.0226297379,80.2267684937,33467,33477,10
13.0226802826,80.2268371582,33477,33487,10
13.0228204727,80.2270431519,33487,33497,10
13.0229301453,80.2271575928,33497,33508,11
13.0230798721,80.2273330688,33508,33518,10
13.0232200623,80.2274017334,33518,33528,10
13.0233602524,80.2275009155,33528,33538,10
13.0236797333,80.2277679443,33538,33548,10
13.0241003036,80.2281570435,33548,33599,51
13.0241003036,80.2281570435,33599,33609,10
13.0244102478,80.2285003662,33609,33741,132
13.0244102478,80.2285003662,33741,33751,10
13.0243396759,80.2285690308,33751,33761,10
13.0241804123,80.2284927368,33761,33771,10
13.0240898132,80.2283782959,33771,33781,10
13.0238399506,80.2280731201,33781,33791,10
13.0235300064,80.227722168,33791,33923,132
13.0235300064,80.227722168,33923,33933,10
13.0232200623,80.2274398804,33933,33943,10
13.0231199265,80.2273406982,33943,33954,11
13.022939682,80.2271575928,33954,33964,10
13.0227603912,80.2269973755,33964,33974,10
13.0226802826,80.2269592285,33974,33984,10
13.0224399567,80.2266921997,33984,33994,10
13.0220499039,80.2264175415,33994,34004,10
13.0216197968,80.22605896,34004,34014,10
13.0210695267,80.2256011963,34014,34024,10
13.0204601288,80.2252197266,34024,34035,11
13.0197095871,80.2247314453,34035,34045,10
13.0188703537,80.2245483398,34045,34055,10
13.0180397034,80.224822998,34055,34065,10
13.0173301697,80.2250900269,34065,34075,10
13.0169000626,80.2252807617,34075,34085,10
13.0166797638,80.2253799438,34085,34095,10
13.0164804459,80.2254562378,34095,34106,11
13.0160799026,80.2255935669,34106,34116,10
13.0156602859,80.2257385254,34116,34126,10
13.0151195526,80.2259597778,34126,34136,10
13.0149803162,80.2260284424,34136,34146,10
13.0147695541,80.2261428833,34146,34156,10
13.0143995285,80.2262573242,34156,34166,10
13.0143098831,80.2263183594,34166,34176,10
13.0142002106,80.2263870239,34176,34187,11
13.0136995316,80.2265319824,34187,34197,10
13.0129995346,80.2267684937,34197,34207,10
13.0122299194,80.2270584106,34207,34217,10
13.0113296509,80.227432251,34217,34228,11
13.0102901459,80.2278518677,34228,34237,9
13.0093898773,80.2282867432,34237,34248,11
13.0091600418,80.229057312,34248,34259,11
13.008939743,80.2298965454,34259,34269,10
13.0088996887,80.2302474976,34269,34279,10
13.0088701248,80.2305984497,34279,34289,10
13.0088100433,80.2308120728,34289,34299,10
13.0087203979,80.2312393188,34299,34309,10
13.0087003708,80.231338501,34309,34319,10
13.0085802078,80.2318267822,34319,34340,21
13.0085802078,80.2318267822,34340,34350,10
13.0085697174,80.2319335938,34350,34360,10
13.0085296631,80.2320709229,34360,34370,10
13.0085201263,80.232383728,34370,34380,10
13.0084400177,80.2326431274,34380,34390,10
13.0084199905,80.2327194214,34390,34400,10
13.0084104538,80.2329406738,34400,34411,11
13.0083999634,80.233253479,34411,34421,10
13.0083503723,80.2334671021,34421,34431,10
13.0082902908,80.2336273193,34431,34471,40
13.0082902908,80.2336273193,34471,34482,11
13.0081701279,80.2339706421,34482,34492,10
13.008099556,80.2343215942,34492,34502,10
13.0080099106,80.234916687,34502,34512,10
13.007900238,80.2353134155,34512,34522,10
13.0078601837,80.2355422974,34522,34532,10
13.0078496933,80.2356109619,34532,34542,10
13.0077600479,80.2360076904,34542,34563,21
13.0077600479,80.2360076904,34563,34573,10
13.0077495575,80.2362976074,34573,34583,10
13.0076599121,80.236656189,34583,34593,10
13.0075502396,80.2371368408,34593,34603,10
13.0074100494,80.237663269,34603,34623,20
13.0074100494,80.237663269,34623,34634,11
13.0073795319,80.2380065918,34634,34644,10
13.0073099136,80.2383499146,34644,34654,10
13.0071496964,80.2390594482,34654,34664,10
13.0070896149,80.2394790649,34664,34704,40
13.0070896149,80.2394790649,34704,34715,11
13.0070400238,80.2397537231,34715,34725,10
13.0069904327,80.2402114868,34725,34735,10
13.0069198608,80.2405776978,34735,34755,20
13.0068702698,80.2409133911,34755,34786,31
13.0068702698,80.2409133911,34786,34796,10
13.0068397522,80.2410583496,34796,34806,10
13.0068101883,80.2411499023,34806,34816,10
13.0067996979,80.2412872314,34816,34826,10
13.0068101883,80.2414703369,34826,34836,10
13.0068101883,80.2416610718,34836,34856,20
13.0068101883,80.2416610718,34856,34867,11
13.0068101883,80.2419967651,34867,34877,10
13.0068101883,80.2421722412,34877,34887,10
13.0067796707,80.242401123,34887,34897,10
13.0067596436,80.2425918579,34897,34907,10
13.0067100525,80.2428970337,34907,34917,10
13.0067195892,80.2431869507,34917,34927,10
13.0066995621,80.2434997559,34927,34938,11
13.0066604614,80.2439880371,34938,34948,10
13.0066699982,80.2444992065,34948,34958,10
13.0066795349,80.2450180054,34958,34978,20
13.0067501068,80.2454299927,34978,35029,51
13.0067501068,80.2454299927,35029,35039,10
13.0067501068,80.2456665039,35039,35049,10
13.0067596436,80.2461013794,35049,35059,10
13.0067796707,80.2467727661,35059,35069,10
13.0065603256,80.2473678589,35069,35079,10
13.0062503815,80.2474594116,35079,35090,11
13.0061597824,80.247467041,35090,35100,10
13.0060796738,80.2474594116,35100,35110,10
13.0055999756,80.2474365234,35110,35120,10
13.0049495697,80.247428894,35120,35130,10
13.0040597916,80.2474899292,35130,35140,10
13.0030603409,80.2476501465,35140,35150,10
13.0019302368,80.2478866577,35150,35161,11
13.0006198883,80.2482376099,35161,35171,10
12.9993600845,80.248550415,35171,35181,10
12.9982995987,80.248840332,35181,35191,10
12.998049736,80.2489089966,35191,35201,10
12.9978504181,80.2489471436,35201,35211,10
12.9973297119,80.2490692139,35211,35221,10
12.9965896606,80.2492828369,35221,35231,10
12.9956903458,80.24949646,35231,35242,11
12.9945402145,80.2497634888,35242,35252,10
12.9933700562,80.2500610352,35252,35262,10
12.9923200607,80.2503204346,35262,35272,10
12.991900444,80.2504425049,35272,35282,10
12.991689682,80.25050354,35282,35647,365
12.991689682,80.25050354,35647,35657,10
12.991399765,80.250617981,35657,35667,10
12.991230011,80.2506484985,35667,35677,10
12.991060257,80.2506866455,35677,35688,11
12.990819931,80.2507324219,35688,35698,10
12.9904603958,80.2508163452,35698,35708,10
12.9900302887,80.2509613037,35708,35718,10
12.9897098541,80.2510375977,35718,35728,10
12.9895000458,80.2510681152,35728,35738,10
12.9891996384,80.251159668,35738,36032,294
12.9891996384,80.251159668,36032,36042,10
12.9890403748,80.2510681152,36042,36144,102
12.9890403748,80.2510681152,36144,36154,10
12.9888095856,80.251159668,36154,36164,10
12.9885597229,80.2512588501,36164,36174,10
12.9882497787,80.2513580322,36174,36184,10
12.9878396988,80.2514572144,36184,36194,10
12.9872598648,80.2516098022,36194,36204,10
12.9868402481,80.251739502,36204,36215,11
12.9861497879,80.2519073486,36215,36225,10
12.9853000641,80.2521209717,36225,36235,10
12.9843997955,80.2523422241,36235,36245,10
12.9835395813,80.252571106,36245,36255,10
12.9825496674,80.2527084351,36255,36265,10
12.9815597534,80.2527236938,36265,36275,10
12.9808702469,80.2527389526,36275,36285,10
12.9807596207,80.2527389526,36285,36296,11
12.9806203842,80.2527618408,36296,36306,10
12.9804296494,80.2527923584,36306,36316,10
12.9802503586,80.2527999878,36316,36326,10
12.9797801971,80.2528076172,36326,36336,10
12.9786901474,80.2526168823,36336,36367,31
12.9786901474,80.2526168823,36367,36377,10
12.9783401489,80.2523803711,36377,36387,10
12.9778299332,80.251953125,36387,36397,10
12.9770898819,80.2514801025,36397,36407,10
12.976099968,80.2512817383,36407,36417,10
12.9750499725,80.2509384155,36417,36427,10
12.9741697311,80.2506713867,36427,36437,10
12.9739303589,80.2506027222,36437,36448,11
12.9738397598,80.2505874634,36448,36458,10
12.9734096527,80.2505187988,36458,36468,10
12.9727401733,80.2502975464,36468,36478,10
12.9718503952,80.2499771118,36478,36488,10
12.9709300995,80.2497406006,36488,36498,10
12.9700403214,80.2495574951,36498,36508,10
12.9690599442,80.249168396,36508,36519,11
12.9683799744,80.2489013672,36519,36529,10
12.9680404663,80.2487411499,36529,36539,10
12.9678201675,80.2486190796,36539,36549,10
12.9673900604,80.2484512329,36549,36569,20
12.9672298431,80.248336792,36569,36620,51
12.9672298431,80.248336792,36620,36630,10
12.966799736,80.2481231689,36630,36650,20
12.966799736,80.2481231689,36650,36660,10
12.9665899277,80.2480010986,36660,36671,11
12.9664096832,80.2479476929,36671,36681,10
12.9661397934,80.247833252,36681,36691,10
12.9659404755,80.247756958,36691,36701,10
12.9657001495,80.2476119995,36701,36711,10
12.9654798508,80.2475204468,36711,36721,10
12.9652500153,80.2474594116,36721,36741,20
12.9652500153,80.2474594116,36741,36752,11
12.9650497437,80.2473907471,36752,36762,10
12.9649200439,80.2473373413,36762,36772,10
12.9647798538,80.2472610474,36772,36823,51
12.9644804001,80.2471466064,36823,36843,20
12.9644804001,80.2471466064,36843,36853,10
12.9641799927,80.2470397949,36853,36934,81
12.9641799927,80.2470397949,36934,36944,10
12.9638395309,80.2469177246,36944,36954,10
12.9636602402,80.2468414307,36954,36964,10
12.9631700516,80.2466201782,36964,36975,11
12.9623498917,80.2462692261,36975,36985,10
12.9614696503,80.2458190918,36985,36995,10
12.9604597092,80.2453384399,36995,37005,10
12.9595098495,80.244972229,37005,37015,10
12.9593601227,80.2448883057,37015,37025,10
12.9592103958,80.2448196411,37025,37035,10
12.9587497711,80.2445907593,37035,37046,11
12.9580202103,80.2443008423,37046,37056,10
12.9573297501,80.2439804077,37056,37066,10
12.9565200806,80.2437591553,37066,37096,30
12.9565200806,80.2437591553,37096,37106,10
12.9563102722,80.2437210083,37106,37116,10
12.9559297562,80.2435073853,37116,37127,11
12.9552402496,80.2431411743,37127,37137,10
12.9544000626,80.2427825928,37137,37147,10
12.9534797668,80.2423706055,37147,37157,10
12.9524002075,80.2419586182,37157,37167,10
12.9517297745,80.2417068481,37167,37177,10
12.9516801834,80.2417068481,37177,37187,10
12.9513597488,80.2415771484,37187,37198,11
12.9506797791,80.2413330078,37198,37208,10
12.9498796463,80.2411117554,37208,37218,10
12.9494199753,80.2409820557,37218,37319,101
12.9494199753,80.2409820557,37319,37329,10
12.9491195679,80.2408905029,37329,37339,10
12.948559761,80.2406387329,37339,37350,11
12.9477396011,80.2402877808,37350,37360,10
12.94713974,80.2400665283,37360,37370,10
12.9470796585,80.2400588989,37370,37380,10
12.9468603134,80.2399597168,37380,37390,10
12.9463796616,80.2397613525,37390,37400,10
12.9456796646,80.2394638062,37400,37410,10
12.9449396133,80.2389526367,37410,37420,10
12.944270134,80.2381973267,37420,37431,11
12.9433898926,80.2372283936,37431,37441,10
12.94231987,80.2365570068,37441,37451,10
12.941069603,80.2362213135,37451,37461,10
12.9399795532,80.2358932495,37461,37471,10
12.9396495819,80.2357711792,37471,37481,10
12.9396400452,80.2357330322,37481,37491,10
12.9392995834,80.2355804443,37491,37502,11
12.9386396408,80.2352371216,37502,37512,10
12.9378404617,80.23487854,37512,37522,10
12.9369401932,80.2344284058,37522,37532,10
12.9358901978,80.2339477539,37532,37542,10
12.9347400665,80.2334365845,37542,37552,10
12.9338998795,80.2330093384,37552,37562,10
12.933839798,80.2329864502,37562,37572,10
12.9337501526,80.2329406738,37572,37583,11
12.9337301254,80.2329406738,37583,37593,10
12.9335203171,80.2328262329,37593,37603,10
12.9329500198,80.2325897217,37603,37613,10
12.9320802689,80.2322769165,37613,37623,10
12.9311199188,80.2320022583,37623,37633,10
12.9300003052,80.2316589355,37633,37643,10
12.9290895462,80.2314376831,37643,37654,11
12.9284696579,80.2313232422,37654,37664,10
12.9278097153,80.2312316895,37664,37674,10
12.9269304276,80.2311172485,37674,37684,10
12.9261302948,80.2310333252,37684,37694,10
12.9260597229,80.2310409546,37694,37704,10
12.925909996,80.2310409546,37704,37714,10
12.9254398346,80.2309799194,37714,37724,10
12.9247303009,80.2309265137,37724,37735,11
12.9238300323,80.2307662964,37735,37745,10
12.9228496552,80.2306213379,37745,37755,10
12.9216995239,80.2304077148,37755,37765,10
12.9204301834,80.2302627563,37765,37775,10
12.9191198349,80.2300872803,37775,37786,11
12.9178104401,80.229927063,37786,37796,10
12.9164600372,80.2297515869,37796,37807,11
12.9151096344,80.2295684814,37807,37817,10
12.9131803513,80.2293319702,37817,37837,20
12.9131803513,80.2293319702,37837,37847,10
12.9130897522,80.2293167114,37847,37857,10
12.9126195908,80.2292175293,37857,37867,10
12.9118995667,80.2291183472,37867,37878,11
12.910949707,80.2289581299,37878,37888,10
12.9099197388,80.2287979126,37888,37898,10
12.9087896347,80.2286224365,37898,37908,10
12.9076900482,80.2284469604,37908,37918,10
12.9067201614,80.2283706665,37918,37928,10
12.9061098099,80.2283172607,37928,37938,10
12.9060297012,80.2282791138,37938,37948,10
12.9054803848,80.2282333374,37948,37959,11
12.9046201706,80.2282180786,37959,37969,10
12.9038000107,80.2281570435,37969,37979,10
12.9032001495,80.2281417847,37979,37999,20
12.9032001495,80.2281417847,37999,38009,10
12.9031000137,80.2281494141,38009,38019,10
12.9029197693,80.2281265259,38019,38030,11
12.9025802612,80.2281036377,38030,38040,10
12.9020204544,80.2280883789,38040,38050,10
12.9016504288,80.2280578613,38050,38060,10
12.901140213,80.228012085,38060,38070,10
12.9006700516,80.2279205322,38070,38080,10
12.9002799988,80.2279663086,38080,38090,10
12.8998403549,80.2279815674,38090,38100,10
12.899020195,80.2279281616,38100,38121,21
12.899020195,80.2279281616,38121,38131,10
12.8988704681,80.2279205322,38131,38141,10
12.8984203339,80.2278671265,38141,38151,10
12.8977499008,80.2278137207,38151,38161,10
12.8968896866,80.2277679443,38161,38171,10
12.8959503174,80.2277297974,38171,38182,11
12.8949203491,80.2276687622,38182,38192,10
12.8943395615,80.2276077271,38192,38202,10
12.8935699463,80.2275390625,38202,38212,10
12.8930301666,80.2275009155,38212,38222,10
12.8927202225,80.2274780273,38222,38232,10
12.8924303055,80.2274398804,38232,38242,10
12.8918600082,80.2273864746,38242,38252,10
12.8910598755,80.2273788452,38252,38263,11
12.8900499344,80.2273712158,38263,38273,10
12.888999939,80.2273788452,38273,38283,10
12.8879699707,80.2273330688,38283,38293,10
12.8875303268,80.2272720337,38293,38303,10
12.8869800568,80.2271728516,38303,38313,10
12.8861904144,80.2269821167,38313,38323,10
12.885310173,80.2267913818,38323,38334,11
12.8847799301,80.2267379761,38334,38344,10
12.8845596313,80.2267608643,38344,38354,10
12.8840398788,80.2267532349,38354,38364,10
12.883480072,80.2267303467,38364,38374,10
12.8828401566,80.2267532349,38374,38384,10
12.8819704056,80.2267684937,38384,38394,10
12.8809995651,80.2267913818,38394,38404,10
12.8799495697,80.2267990112,38404,38415,11
12.8787002563,80.2268371582,38415,38425,10
12.8774595261,80.2269287109,38425,38435,10
12.8764200211,80.2270126343,38435,38455,20
12.8764200211,80.2270126343,38455,38465,10
12.8760795593,80.2270278931,38465,38475,10
12.8754997253,80.2269973755,38475,38486,11
12.87458992,80.2268981934,38486,38496,10
12.8736095428,80.2267913818,38496,38506,10
12.8726997375,80.2267684937,38506,38516,10
12.8726301193,80.2267608643,38516,38526,10
12.8725700378,80.2267608643,38526,38536,10
12.872179985,80.2267608643,38536,38546,10
12.8715600967,80.2267303467,38546,38557,11
12.8706197739,80.2266693115,38557,38567,10
12.8696699142,80.2265625,38567,38577,10
12.8685398102,80.2264709473,38577,38587,10
12.8673400879,80.2265090942,38587,38597,10
12.8661699295,80.2266082764,38597,38607,10
12.864979744,80.2266464233,38607,38617,10
12.863699913,80.2265930176,38617,38627,10
12.8624095917,80.226600647,38627,38638,11
12.8612804413,80.2266616821,38638,38648,10
12.8609800339,80.2266616821,38648,38658,10
12.8609199524,80.2266464233,38658,38668,10
12.8605804443,80.2266082764,38668,38678,10
12.8599500656,80.2265319824,38678,38688,10
12.8591604233,80.2264175415,38688,38698,10
12.8585300446,80.2263412476,38698,38709,11
12.8576602936,80.2263412476,38709,38719,10
12.8567695618,80.2264328003,38719,38729,10
12.8557701111,80.2265319824,38729,38739,10
12.8546199799,80.2266387939,38739,38749,10
12.8533601761,80.2267608643,38749,38759,10
12.8520202637,80.2267608643,38759,38769,10
12.8502902985,80.2266769409,38769,38800,31
12.8502902985,80.2266769409,38800,38810,10
12.8501701355,80.2266387939,38810,38820,10
12.8497400284,80.2266464233,38820,38830,10
12.8489999771,80.2266387939,38830,38840,10
12.8480796814,80.2266464233,38840,38850,10
12.8469800949,80.2266998291,38850,38861,11
12.8459796906,80.2266693115,38861,38881,20
12.8459796906,80.2266693115,38881,38891,10
12.8453397751,80.2266998291,38891,38921,30
12.8453397751,80.2266998291,38921,38931,10
12.8450899124,80.2266769409,38931,38942,11
12.844420433,80.2267227173,38942,38952,10
12.8435697556,80.2267990112,38952,38962,10
12.8426198959,80.2269515991,38962,38972,10
12.8416004181,80.2272186279,38972,38982,10
12.8408603668,80.2274475098,38982,38992,10
12.8405103683,80.2275619507,38992,39002,10
12.840379715,80.2276000977,39002,39023,21
12.840379715,80.2276000977,39023,39033,10
12.840180397,80.2276687622,39033,39063,30
12.840180397,80.2276687622,39063,39073,10
12.839969635,80.2277374268,39073,39084,11
12.8398504257,80.2277908325,39084,39094,10
12.839799881,80.2278137207,39094,39104,10
12.8396997452,80.2278366089,39104,39114,10
12.8393802643,80.2278900146,39114,39124,10
12.8387899399,80.2279815674,39124,39134,10
12.8379497528,80.2281570435,39134,39144,10
12.8369598389,80.2283401489,39144,39154,10
12.8357801437,80.2285308838,39154,39165,11
12.8343696594,80.2287902832,39165,39175,10
12.8330602646,80.2290420532,39175,39185,10
12.8322095871,80.2292175293,39185,39215,30
12.8322095871,80.2292175293,39215,39225,10
12.8321399689,80.2292098999,39225,39235,10
12.8317403793,80.2292785645,39235,39246,11
12.8310203552,80.2294998169,39246,39256,10
12.8300695419,80.2298278809,39256,39266,10
12.8289899826,80.2302627563,39266,39276,10
12.8278198242,80.2308883667,39276,39286,10
12.8267202377,80.2313232422,39286,39296,10
12.8254899979,80.2314300537,39296,39306,10
12.8241996765,80.231300354,39306,39317,11
12.8227701187,80.2308578491,39317,39327,10
12.8215398788,80.2305374146,39327,39337,10
12.8202295303,80.2305297852,39337,39347,10
12.8190498352,80.2305526733,39347,39357,10
12.8188800812,80.2305221558,39357,39367,10
12.8185300827,80.2303619385,39367,39377,10
12.8178195953,80.2300186157,39377,39387,10
12.8168897629,80.229637146,39387,39398,11
12.8155698776,80.2294082642,39398,39408,10
12.8142700195,80.2292022705,39408,39418,10
12.812959671,80.2288208008,39418,39428,10
12.8116798401,80.2283325195,39428,39438,10
12.8103599548,80.2278213501,39438,39448,10
12.8093700409,80.2273712158,39448,39458,10
12.8084802628,80.2267227173,39458,39469,11
12.8074302673,80.2258377075,39469,39479,10
12.8067798615,80.2252502441,39479,39489,10
12.806139946,80.2247314453,39489,39499,10
12.8049602509,80.2240829468,39499,39519,20
12.8049602509,80.2240829468,39519,39529,10
12.8047800064,80.2240066528,39529,39539,10
12.8043003082,80.2239608765,39539,39550,11
12.8033895493,80.2239227295,39550,39560,10
12.8023996353,80.223777771,39560,39570,10
12.8012800217,80.2236633301,39570,39580,10
12.8008098602,80.2236099243,39580,39590,10
12.8006401062,80.2235870361,39590,39600,10
12.8000802994,80.2235412598,39600,39610,10
12.7992296219,80.2234573364,39610,39621,11
12.7980804443,80.2232971191,39621,39631,10
12.7968502045,80.2230987549,39631,39641,10
12.7958498001,80.2229766846,39641,39651,10
12.7957801819,80.2229614258,39651,39661,10
12.7953901291,80.2228927612,39661,39671,10
12.7947998047,80.2228088379,39671,39681,10
12.7939195633,80.22265625,39681,39692,11
12.7928495407,80.2224731445,39692,39702,10
12.7917404175,80.2222366333,39702,39712,10
12.7905502319,80.2219467163,39712,39722,10
12.7895097733,80.2216720581,39722,39732,10
12.7885503769,80.2212982178,39732,39742,10
12.787899971,80.2210388184,39742,39752,10
12.7873497009,80.2208099365,39752,39762,10
12.7863798141,80.220451355,39762,39783,21
12.7863798141,80.220451355,39783,39793,10
12.7862300873,80.2204666138,39793,39803,10
12.7861995697,80.2206802368,39803,39813,10
12.7862300873,80.2208328247,39813,39823,10
12.786239624,80.2212905884,39823,39833,10
12.7862596512,80.2219696045,39833,40239,406
12.7862596512,80.2219696045,40239,40249,10
12.7862300873,80.221862793,40249,40259,10
12.786190033,80.2215881348,40259,40269,10
12.7861499786,80.2212982178,40269,40279,10
12.7861700058,80.2209320068,40279,40300,21
12.7861099243,80.220741272,40300,40330,30
12.7861099243,80.220741272,40330,40340,10
12.7861404419,80.2204818726,40340,40350,10
12.7862997055,80.2203369141,40350,40360,10
12.7864398956,80.2203674316,40360,40370,10
12.7867202759,80.2204666138,40370,40381,11
12.7870998383,80.2205886841,40381,40391,10
12.7876796722,80.2207794189,40391,40401,10
12.7884197235,80.2210617065,40401,40411,10
12.7892303467,80.2213821411,40411,40421,10
12.7899303436,80.2216186523,40421,40431,10
12.7908401489,80.221862793,40431,40441,10
12.7918996811,80.2221298218,40441,40452,11
12.793129921,80.2223815918,40452,40462,10
12.7944402695,80.2225799561,40462,40472,10
12.7955703735,80.2227706909,40472,40482,10
12.7964696884,80.22290802,40482,40492,10
12.796620369,80.2229385376,40492,40502,10
12.7970199585,80.2230072021,40502,40512,10
12.797750473,80.2231369019,40512,40523,11
12.798740387,80.2232513428,40523,40533,10
12.7997303009,80.2233581543,40533,40543,10
12.800909996,80.2234802246,40543,40553,10
12.8020095825,80.2236099243,40553,40563,10
12.8028697968,80.2237167358,40563,40573,10
12.8036899567,80.2238006592,40573,40583,10
12.804400444,80.2238616943,40583,40593,10
12.8053798676,80.2240219116,40593,40614,21
12.8053798676,80.2240219116,40614,40624,10
12.8056697845,80.2241516113,40624,40634,10
12.8062000275,80.2245635986,40634,40644,10
12.8069400787,80.2252578735,40644,40654,10
12.8078203201,80.226020813,40654,40664,10
12.8088197708,80.226852417,40664,40674,10
12.8099298477,80.2275085449,40674,40685,11
12.8110904694,80.228012085,40685,40695,10
12.8123197556,80.2284393311,40695,40705,10
12.8135499954,80.2288894653,40705,40715,10
12.8147296906,80.2291870117,40715,40725,10
12.8160295486,80.2293624878,40725,40735,10
12.8173799515,80.2296829224,40735,40745,10
12.8186302185,80.2302627563,40745,40756,11
12.8199100494,80.2303924561,40756,40766,10
12.8211898804,80.2303924561,40766,40776,10
12.8225097656,80.2306518555,40776,40786,10
12.8238601685,80.231048584,40786,40796,10
12.8251495361,80.2313308716,40796,40806,10
12.8264904022,80.231262207,40806,40816,10
12.8276901245,80.2308883667,40816,40826,10
12.8289203644,80.23021698,40826,40837,11
12.8301200867,80.2296905518,40837,40847,10
12.8310604095,80.2293167114,40847,40857,10
12.8312397003,80.2292633057,40857,40867,10
12.8314304352,80.2292098999,40867,40897,30
12.8314304352,80.2292098999,40897,40908,11
12.8318099976,80.2290802002,40908,40918,10
12.832449913,80.2289428711,40918,40928,10
12.8333597183,80.228767395,40928,40938,10
12.8344402313,80.2285766602,40938,40948,10
12.8357000351,80.2283782959,40948,40958,10
12.8368701935,80.2282333374,40958,40968,10
12.838060379,80.228012085,40968,40979,11
12.8389797211,80.2277603149,40979,40989,10
12.8393697739,80.2276382446,40989,41039,50
12.8393697739,80.2276382446,41039,41049,10
12.8394899368,80.2275924683,41049,41060,11
12.8396196365,80.2275619507,41060,41070,10
12.8400402069,80.2274780273,41070,41080,10
12.8407201767,80.2272796631,41080,41090,10
12.8416204453,80.2270202637,41090,41100,10
12.8427095413,80.2268676758,41100,41110,10
12.8439102173,80.2266464233,41110,41120,10
12.8450403214,80.2265625,41120,41131,11
12.8454904556,80.2265319824,41131,41141,10
12.8459796906,80.2265014648,41141,41151,10
12.8468399048,80.2264862061,41151,41161,10
12.8479204178,80.2264862061,41161,41171,10
12.8491601944,80.2265014648,41171,41181,10
12.8501195908,80.2264709473,41181,41191,10
12.8502902985,80.2264709473,41191,41201,10
12.8508796692,80.2264785767,41201,41212,11
12.851849556,80.2265167236,41212,41222,10
12.8529596329,80.2265777588,41222,41232,10
12.8542203903,80.2265090942,41232,41242,10
12.8555002213,80.2263793945,41242,41252,10
12.8569002151,80.2262115479,41252,41262,10
12.8580598831,80.2261428833,41262,41272,10
12.8590097427,80.2262191772,41272,41283,11
12.8599004745,80.2263565063,41283,41293,10
12.8608598709,80.2264709473,41293,41303,10
12.8620300293,80.2264709473,41303,41313,10
12.8647003174,80.2264633179,41313,41323,10
12.8647003174,80.2264633179,41323,41333,10
12.8661403656,80.2264862061,41333,41343,10
12.867600441,80.2263565063,41343,41353,10
12.8691101074,80.2263565063,41353,41364,11
12.8707304001,80.2265319824,41364,41374,10
12.8719902039,80.226600647,41374,41387,13
12.8728103638,80.2265777588,41387,41407,20
12.8728103638,80.2265777588,41407,41417,10
12.8729600906,80.226600647,41417,41427,10
12.8734502792,80.2266082764,41427,41438,11
12.8743495941,80.2266998291,41438,41448,10
12.8753404617,80.2268295288,41448,41458,10
12.8761396408,80.2268600464,41458,41467,9
12.8767595291,80.2268295288,41467,41478,11
12.8768997192,80.2268295288,41478,41488,10
12.8774003983,80.2267990112,41488,41498,10
12.8782396317,80.2267303467,41498,41509,11
12.8793697357,80.2266693115,41509,41519,10
12.880610466,80.2266616821,41519,41529,10
12.8819303513,80.2266464233,41529,41539,10
12.8832798004,80.2266464233,41539,41549,10
12.8844804764,80.2266235352,41549,41559,10
12.885219574,80.2266235352,41559,41569,10
12.8853998184,80.2266311646,41569,41579,10
12.8859195709,80.2267532349,41579,41590,11
12.8868303299,80.2269973755,41590,41600,10
12.8878097534,80.227180481,41600,41610,10
12.8889799118,80.2272491455,41610,41620,10
12.8902797699,80.2272567749,41620,41630,10
12.8916196823,80.2272491455,41630,41640,10
12.8926496506,80.2273025513,41640,41650,10
12.8936004639,80.2274093628,41650,41661,11
12.8947696686,80.2275238037,41661,41671,10
12.8959999084,80.2275695801,41671,41681,10
12.8972702026,80.2276382446,41681,41691,10
12.8984003067,80.227722168,41691,41701,10
12.8991699219,80.2277374268,41701,41711,10
12.8995800018,80.2277526855,41711,41721,10
12.9001102448,80.2277832031,41721,41731,10
12.9009199142,80.2278213501,41731,41752,21
12.9009199142,80.2278213501,41752,41762,10
12.9010896683,80.2278366089,41762,41772,10
12.9013795853,80.2278366089,41772,41782,10
12.901720047,80.2278594971,41782,41792,10
12.9023103714,80.227897644,41792,41802,10
12.9028596878,80.2279281616,41802,41813,11
12.9029798508,80.2279281616,41813,41823,10
12.9030504227,80.2279281616,41823,41833,10
12.9035596848,80.2279663086,41833,41843,10
12.9041996002,80.2280197144,41843,41853,10
12.9046802521,80.2280426025,41853,41863,10
12.9047899246,80.2280578613,41863,41873,10
12.9050798416,80.2280273438,41873,41883,10
12.9054603577,80.2280273438,41883,41894,11
12.9060001373,80.2280197144,41894,41904,10
12.9062004089,80.2281112671,41904,41914,10
12.906419754,80.2281417847,41914,41924,10
12.9068002701,80.2281723022,41924,41934,10
12.9070196152,80.2281723022,41934,41944,10
12.9075698853,80.2282485962,41944,41954,10
12.9084196091,80.2284088135,41954,41965,11
12.9096298218,80.2286300659,41965,41975,10
12.9108295441,80.2288284302,41975,41985,10
12.9121198654,80.229019165,41985,41995,10
12.9133396149,80.2291793823,41995,42005,10
12.9139204025,80.2292404175,42005,42015,10
12.9139404297,80.2292404175,42015,42025,10
12.9143199921,80.2292785645,42025,42035,10
12.9150295258,80.2292785645,42035,42046,11
12.9161996841,80.2294998169,42046,42056,10
12.9174404144,80.2296829224,42056,42066,10
12.9187602997,80.2298965454,42066,42076,10
12.9201097488,80.2300262451,42076,42086,10
12.9214897156,80.2302093506,42086,42096,10
12.9229001999,80.2304534912,42096,42106,10
12.9243402481,80.2306518555,42106,42117,11
12.9263601303,80.2308578491,42117,42137,20
12.9263601303,80.2308578491,42137,42147,10
12.9265699387,80.2308883667,42147,42157,10
12.9271202087,80.2309875488,42157,42167,10
12.9279603958,80.231086731,42167,42177,10
12.9288702011,80.2312316895,42177,42188,11
12.9300203323,80.2314987183,42188,42198,10
12.9310998917,80.2318115234,42198,42208,10
12.9323101044,80.2321777344,42208,42218,10
12.9333295822,80.2325286865,42218,42228,10
12.933549881,80.2326431274,42228,42238,10
12.9336395264,80.2326965332,42238,42248,10
12.9340896606,80.2329025269,42248,42258,10
12.9348802567,80.2332382202,42258,42269,11
12.9357004166,80.2335968018,42269,42279,10
12.9362802505,80.2339019775,42279,42289,10
12.9370803833,80.2342681885,42289,42299,10
12.9380102158,80.2347183228,42299,42309,10
12.939040184,80.2352294922,42309,42319,10
12.9395303726,80.2354507446,42319,42329,10
12.9397497177,80.2355880737,42329,42340,11
12.9399995804,80.2356719971,42340,42350,10
12.9406299591,80.2358627319,42350,42360,10
12.9415102005,80.236076355,42360,42370,10
12.942489624,80.2363815308,42370,42380,10
12.9434404373,80.2369995117,42380,42390,10
12.9440002441,80.2376174927,42390,42400,10
12.9446401596,80.2383575439,42400,42410,10
12.9456996918,80.2392272949,42410,42421,11
12.9469404221,80.2398071289,42421,42431,10
12.9480895996,80.2402877808,42431,42441,10
12.9487304688,80.240447998,42441,42481,40
12.9487304688,80.240447998,42481,42492,11
12.9491195679,80.2406005859,42492,42502,10
12.949669838,80.2408218384,42502,42512,10
12.9504499435,80.2410736084,42512,42522,10
12.9509296417,80.2412185669,42522,42532,10
12.9510803223,80.2412872314,42532,42542,10
12.9515600204,80.2414398193,42542,42552,10
12.9521398544,80.2416763306,42552,42562,10
12.95291996,80.2419586182,42562,42573,11
12.9537601471,80.2422790527,42573,42583,10
12.9544401169,80.2425613403,42583,42593,10
12.955039978,80.2428207397,42593,42603,10
12.955909729,80.2431030273,42603,42613,10
12.9561300278,80.2431869507,42613,42623,10
12.9562397003,80.2432403564,42623,42633,10
12.9562597275,80.2432479858,42633,42644,11
12.9564695358,80.2433166504,42644,42654,10
12.9569196701,80.2434921265,42654,42664,10
12.9575996399,80.243812561,42664,42674,10
12.9584102631,80.2441864014,42674,42684,10
12.9587202072,80.2443618774,42684,42694,10
12.95911026,80.2445297241,42694,42704,10
12.9597196579,80.2447891235,42704,42714,10
12.9605302811,80.2451171875,42714,42725,11
12.9616003036,80.2456207275,42725,42735,10
12.9625701904,80.2461166382,42735,42745,10
12.9632701874,80.2464828491,42745,42785,40
12.9632701874,80.2464828491,42785,42796,11
12.9634895325,80.2466583252,42796,42806,10
12.9639797211,80.2468338013,42806,42816,10
12.9647397995,80.2471008301,42816,42826,10
12.9656801224,80.2473907471,42826,42836,10
12.9665803909,80.247756958,42836,42846,10
12.9667797089,80.247833252,42846,42856,10
12.9668798447,80.2479095459,42856,42866,10
12.9673204422,80.2481231689,42866,42877,11
12.9681301117,80.2484436035,42877,42887,10
12.9692001343,80.2487411499,42887,42897,10
12.9702301025,80.2492523193,42897,42907,10
12.9714298248,80.2496414185,42907,42917,10
12.9725599289,80.2499923706,42917,42927,10
12.9734897614,80.2502288818,42927,42937,10
12.9741401672,80.2503967285,42937,42948,11
12.9750995636,80.2506713867,42948,42958,10
12.9761295319,80.2509994507,42958,42968,10
12.9772701263,80.2513504028,42968,42978,10
12.9782600403,80.2520980835,42978,42988,10
12.9786996841,80.2523574829,42988,42998,10
12.9789104462,80.2524337769,42998,43008,10
12.979590416,80.2525177002,43008,43049,41
12.979590416,80.2525177002,43049,43059,10
12.979590416,80.2525863647,43059,43069,10
12.9800796509,80.2526092529,43069,43079,10
12.9807100296,80.2526016235,43079,43088,9
12.9814395905,80.2525405884,43088,43100,12
12.9817304611,80.2525177002,43100,43110,10
12.9818496704,80.2525100708,43110,43120,10
12.9820203781,80.252532959,43120,43130,10
12.9823799133,80.2525024414,43130,43140,10
12.9827604294,80.2524795532,43140,43150,10
12.9832801819,80.2524490356,43150,43160,10
12.9838199615,80.2523193359,43160,43171,11
12.9844102859,80.252166748,43171,43181,10
12.9850597382,80.2519836426,43181,43191,10
12.9857797623,80.2518310547,43191,43201,10
12.9864196777,80.251663208,43201,43210,9
12.9869604111,80.2515106201,43210,43556,346
12.9869604111,80.2515106201,43556,43566,10
12.9870901108,80.2514419556,43566,43576,10
12.9875001907,80.2513198853,43576,43586,10
12.9880304337,80.2512207031,43586,43596,10
12.9888401031,80.2510070801,43596,43606,10
12.9896297455,80.2508163452,43606,43616,10
12.9897003174,80.2508010864,43616,43627,11
12.9900197983,80.2507781982,43627,43637,10
12.9906396866,80.250617981,43637,43647,10
12.9915103912,80.2504119873,43647,43657,10
12.9925298691,80.2501525879,43657,43667,10
12.9937295914,80.2498321533,43667,43677,10
12.9949798584,80.2495193481,43677,43687,10
12.9962501526,80.2491607666,43687,43698,11
12.9969701767,80.2489776611,43698,43708,10
12.997300148,80.2489013672,43708,43718,10
12.9979696274,80.2487411499,43718,43728,10
12.9988698959,80.2484893799,43728,43738,10
12.9999303818,80.248260498,43738,43748,10
13.0010700226,80.2479782104,43748,43758,10
13.002120018,80.2477111816,43758,43768,10
13.0031795502,80.2474975586,43768,43779,11
13.004529953,80.2473068237,43779,43789,10
13.0055398941,80.2471313477,43789,43799,10
13.0062999725,80.2468185425,43799,43809,10
13.0065202713,80.2464599609,43809,43819,10
13.0065002441,80.2464065552,43819,43829,10
13.0065402985,80.2460784912,43829,43839,10
13.0065698624,80.2454223633,43839,43850,11
13.0065402985,80.2445678711,43850,43860,10
13.0065402985,80.244102478,43860,43870,10
13.0065498352,80.2437515259,43870,43880,10
13.0065202713,80.2431411743,43880,43890,10
13.0065097809,80.242477417,43890,43900,10
13.0065202713,80.2414169312,43900,43910,10
13.0064601898,80.2408065796,43910,43920,10
13.0065097809,80.2400588989,43920,43931,11
13.0068101883,80.2391586304,43931,43941,10
13.0069799423,80.2386932373,43941,43951,10
13.0071201324,80.2383499146,43951,43961,10
13.0071496964,80.238067627,43961,43971,10
13.007229805,80.2377700806,43971,43981,10
13.007349968,80.2373809814,43981,43991,10
13.007399559,80.2368774414,43991,44012,21
13.007399559,80.2368774414,44012,44022,10
13.0074796677,80.236579895,44022,44032,10
13.0075998306,80.236000061,44032,44042,10
13.0076704025,80.2352218628,44042,44052,10
13.0078601837,80.2343902588,44052,44062,10
13.0080499649,80.2334976196,44062,44072,10
13.0082798004,80.2322769165,44072,44083,11
13.0085201263,80.231010437,44083,44093,10
13.008769989,80.2297210693,44093,44103,10
13.0090103149,80.2284622192,44103,44113,10
13.0094404221,80.2273864746,44113,44123,10
13.0099401474,80.2263412476,44123,44133,10
13.0103302002,80.2254486084,44133,44143,10
13.0106801987,80.2244186401,44143,44164,21
13.0106801987,80.2244186401,44164,44174,10
13.0108995438,80.2241592407,44174,44184,10
13.0111198425,80.2235565186,44184,44194,10
13.011469841,80.2229232788,44194,44204,10
13.0117797852,80.222076416,44204,44214,10
13.0122003555,80.221496582,44214,44224,10
13.0124998093,80.2216873169,44224,44235,11
13.012840271,80.2222824097,44235,44245,10
13.0135202408,80.2229537964,44245,44255,10
13.0140800476,80.2235107422,44255,44265,10
13.0146198273,80.2242202759,44265,44275,10
13.0152196884,80.2247619629,44275,44285,10
13.0155696869,80.2250289917,44285,44295,10
13.0155601501,80.2250289917,44295,44306,11
13.0157299042,80.2252120972,44306,44316,10
13.0163002014,80.2253036499,44316,44326,10
13.0170602798,80.2250595093,44326,44336,10
13.0179300308,80.2247314453,44336,44346,10
13.0187301636,80.2244033813,44346,44356,10
13.0197000504,80.2244110107,44356,44427,71
13.0197000504,80.2244110107,44427,44437,10
13.0199699402,80.2246398926,44437,44447,10
13.0204496384,80.2249908447,44447,44458,11
13.0211000443,80.2254867554,44458,44468,10
13.0218601227,80.2260971069,44468,44478,10
13.0226898193,80.2268066406,44478,44488,10
13.0232896805,80.2274017334,44488,44498,10
13.0236997604,80.2277526855,44498,44508,10
13.0239896774,80.2279968262,44508,44518,10
13.0241203308,80.2281265259,44518,44528,10
13.0243902206,80.2284088135,44528,44579,51
13.0243902206,80.2284088135,44579,44589,10
13.0243196487,80.2285385132,44589,44599,10
13.0240602493,80.2282867432,44599,44610,11
13.0235500336,80.2277526855,44610,44903,293
13.0235500336,80.2277526855,44903,44914,11
13.023150444,80.2273864746,44914,44924,10
13.023150444,80.2273864746,44924,44934,10
13.0229101181,80.2271881104,44934,44944,10
13.0226602554,80.2269668579,44944,44954,10
13.0224599838,80.2267837524,44954,44964,10
13.0220804214,80.2264633179,44964,44974,10
13.0215997696,80.2260818481,44974,44986,12
13.0209903717,80.2255935669,44986,44996,10
13.0204000473,80.2251968384,44996,45006,10
13.0197401047,80.2247619629,45006,45016,10
13.0188598633,80.2245635986,45016,45026,10
13.0180501938,80.224861145,45026,45036,10
13.0172996521,80.2251663208,45036,45046,10
13.0170602798,80.2252578735,45046,45057,11
13.0169496536,80.2252883911,45057,45067,10
13.0167999268,80.2253570557,45067,45077,10
13.0167398453,80.2253875732,45077,45087,10
13.0165195465,80.2254714966,45087,45097,10
13.0164403915,80.2254867554,45097,45107,10
13.0161399841,80.2256164551,45107,45117,10
13.0156297684,80.2258224487,45117,45127,10
13.0143203735,80.22631073,45127,45148,21
13.0143203735,80.22631073,45148,45158,10
13.0142097473,80.226348877,45158,45168,10
13.0138702393,80.2264633179,45168,45178,10
13.0132799149,80.2266387939,45178,45188,10
13.0125703812,80.2268829346,45188,45198,10
13.0118598938,80.2272109985,45198,45209,11
13.0108003616,80.2276077271,45209,45219,10
13.0100402832,80.2279434204,45219,45229,10
13.0093297958,80.2282562256,45229,45239,10
13.0090398788,80.2290802002,45239,45249,10
13.0087900162,80.2302322388,45249,45259,10
13.0085201263,80.231338501,45259,45269,10
13.008310318,80.2324371338,45269,45279,10
13.0081996918,80.2333831787,45279,45290,11
13.0081796646,80.2336196899,45290,45300,10
13.0081596375,80.2337036133,45300,45310,10
13.0080699921,80.2340621948,45310,45320,10
13.0079803467,80.2346572876,45320,45330,10
13.0078601837,80.2353286743,45330,45340,10
13.0077199936,80.2360992432,45340,45350,10
13.0075397491,80.2369766235,45350,45361,11
13.0073299408,80.2380371094,45361,45371,10
13.0070400238,80.2392883301,45371,45391,20
13.0070400238,80.2392883301,45391,45401,10
13.0070495605,80.2395629883,45401,45411,10
13.0070199966,80.2397384644,45411,45421,10
13.0069599152,80.2402801514,45421,45431,10
13.0068597794,80.2406997681,45431,45442,11
13.0068702698,80.2408065796,45442,45452,10
13.0068397522,80.2409667969,45452,45462,10
13.0067596436,80.2415237427,45462,45472,10
13.0066699982,80.2422180176,45472,45482,10
13.006649971,80.2429504395,45482,45502,20
13.006649971,80.2429504395,45502,45513,11
13.0066299438,80.243270874,45513,45523,10
13.0066604614,80.2437210083,45523,45543,20
13.0066604614,80.2437210083,45543,45553,10
13.0066900253,80.2438583374,45553,45563,10
13.0066003799,80.2441101074,45563,45573,10
13.0065803528,80.2446594238,45573,45583,10
13.0065898895,80.2452774048,45583,45594,11
13.006649971,80.2458496094,45594,45604,10
13.0066995621,80.2461471558,45604,45614,10
13.0067100525,80.246383667,45614,45624,10
13.0067195892,80.24659729,45624,45634,10
13.0067396164,80.2469024658,45634,45644,10
13.0066003799,80.2473220825,45644,45654,10
13.0062198639,80.2473831177,45654,45665,11
13.0062198639,80.2473907471,45665,45675,10
13.0060501099,80.2474365234,45675,45685,10
13.0055198669,80.247428894,45685,45695,10
13.0047101974,80.2474365234,45695,45705,10
13.0037603378,80.2475509644,45705,45715,10
13.0026397705,80.247718811,45715,45725,10
13.0015201569,80.2479934692,45725,45735,10
13.0002202988,80.248336792,45735,45746,11
12.9989700317,80.2486419678,45746,45756,10
12.998049736,80.2489089966,45756,45766,10
12.998000145,80.2489318848,45766,45776,10
12.9976596832,80.2490005493,45776,45786,10
12.9970598221,80.2491226196,45786,45796,10
12.9962396622,80.2493362427,45796,45806,10
12.9952802658,80.2496490479,45806,45817,11
12.9939804077,80.249961853,45817,45827,10
12.9927196503,80.2502365112,45827,45837,10
12.9909801483,80.2506790161,45837,45857,20
12.9909801483,80.2506790161,45857,45867,10
12.990650177,80.2507476807,45867,45877,10
12.9900503159,80.2508621216,45877,45888,11
12.9892196655,80.2510910034,45888,45898,10
12.9890003204,80.2511672974,45898,45908,10
12.988699913,80.2513198853,45908,45999,91
12.988699913,80.2513198853,45999,46009,10
12.9884004593,80.2512512207,46009,46019,10
12.9882097244,80.251411438,46019,46029,10
12.9880399704,80.2514877319,46029,46070,41
12.9880399704,80.2514877319,46070,46080,10
12.9875802994,80.2516174316,46080,46090,10
12.987279892,80.2516784668,46090,46100,10
12.9866800308,80.2518234253,46100,46110,10
12.9858503342,80.2519989014,46110,46121,11
12.9846897125,80.2522964478,46121,46131,10
12.9834899902,80.2525863647,46131,46141,10
12.9821996689,80.2527008057,46141,46151,10
12.9810400009,80.2527313232,46151,46161,10
12.9804801941,80.2527694702,46161,46171,10
12.9798898697,80.2527999878,46171,46181,10
12.9791202545,80.2527236938,46181,46192,11
12.9785804749,80.2525863647,46192,46202,10
12.9784698486,80.2525405884,46202,46212,10
12.9780502319,80.2522201538,46212,46222,10
12.9774303436,80.2516708374,46222,46232,10
12.9764995575,80.2512817383,46232,46242,10
12.9753599167,80.2509384155,46242,46252,10
12.9741401672,80.2506027222,46252,46262,10
12.9729404449,80.2502593994,46262,46273,11
12.9715995789,80.2499237061,46273,46283,10
12.970410347,80.2495498657,46283,46293,10
12.9692001343,80.2490997314,46293,46303,10
12.9679803848,80.2486572266,46303,46313,10
12.9669399261,80.2481765747,46313,46323,10
12.9664297104,80.2479400635,46323,46333,10
12.9660396576,80.2478027344,46333,46344,11
12.9653396606,80.2475204468,46344,46354,10
12.9650297165,80.2474365234,46354,46364,10
12.9649600983,80.2473831177,46364,46374,10
12.9645900726,80.2472229004,46374,46384,10
12.9639396667,80.2469787598,46384,46394,10
12.963139534,80.2466201782,46394,46404,10
12.9621400833,80.2461166382,46404,46414,10
12.9611301422,80.2456436157,46414,46425,11
12.9601602554,80.2452163696,46425,46435,10
12.9594402313,80.2449035645,46435,46445,10
12.9594202042,80.2448883057,46445,46455,10
12.9591197968,80.244758606,46455,46465,10
12.9585599899,80.2445297241,46465,46475,10
12.9578504562,80.2442398071,46475,46485,10
12.9568395615,80.2438735962,46485,46577,92
12.9565000534,80.2437362671,46577,46607,30
12.956410408,80.2437210083,46607,46637,30
12.956410408,80.2437210083,46637,46648,11
12.956199646,80.2436523438,46648,46658,10
12.9557199478,80.2433776855,46658,46668,10
12.9550199509,80.2430419922,46668,46678,10
12.9541797638,80.2426681519,46678,46688,10
12.9535799026,80.2424087524,46688,46698,10
12.9528303146,80.2421188354,46698,46708,10
12.9516496658,80.2417221069,46708,46729,21
12.9516496658,80.2417221069,46729,46739,10
12.9513397217,80.2415771484,46739,46749,10
12.9507799149,80.2413635254,46749,46759,10
12.9500398636,80.2411727905,46759,46769,10
12.9497203827,80.2410736084,46769,46779,10
12.9495296478,80.241027832,46779,46789,10
12.949259758,80.2409362793,46789,46800,11
12.9487304688,80.2407073975,46800,46810,10
12.9479598999,80.2404098511,46810,46820,10
12.9472999573,80.2401275635,46820,46830,10
12.9472703934,80.2401199341,46830,46840,10
12.9470500946,80.2400588989,46840,46850,10
12.9465198517,80.2398529053,46850,46860,10
12.9457798004,80.2395172119,46860,46871,11
12.9449701309,80.2389373779,46871,46881,10
12.9442195892,80.2381515503,46881,46891,10
12.9434404373,80.2373123169,46891,46901,10
12.9426603317,80.2367095947,46901,46911,10
12.9414701462,80.2363433838,46911,46921,10
12.9402799606,80.236000061,46921,46931,10
12.9396896362,80.2358016968,46931,46941,10
12.9396400452,80.2358016968,46941,46952,11
12.9392404556,80.2356109619,46952,46962,10
12.9385995865,80.2352905273,46962,46972,10
12.937789917,80.2349014282,46972,46982,10
12.9368400574,80.2344207764,46982,46992,10
12.9359197617,80.2339477539,46992,47002,10
12.9351100922,80.2336120605,47002,47012,10
12.934129715,80.2331466675,47012,47023,11
12.9337501526,80.2329788208,47023,47033,10
12.9336700439,80.2329711914,47033,47043,10
12.9336204529,80.2329483032,47043,47053,10
12.9334802628,80.2328872681,47053,47063,10
12.9330301285,80.2326889038,47063,47073,10
12.932299614,80.232421875,47073,47083,10
12.9313898087,80.2321090698,47083,47093,10
12.9303302765,80.2317733765,47093,47104,11
12.9294395447,80.2315216064,47104,47114,10
12.9286603928,80.2313613892,47114,47124,10
12.9277296066,80.2312164307,47124,47134,10
12.9266796112,80.2310714722,47134,47144,10
12.925740242,80.2310028076,47144,47154,10
12.9255599976,80.2309799194,47154,47164,10
12.9251699448,80.2309188843,47164,47175,11
12.9244604111,80.2308425903,47175,47185,10
12.9236097336,80.23072052,47185,47195,10
12.9225997925,80.2305679321,47195,47205,10
12.9214096069,80.2303771973,47205,47215,10
12.9201002121,80.23021698,47215,47225,10
12.9187097549,80.2300491333,47225,47235,10
12.9173603058,80.229850769,47235,47245,10
12.9162197113,80.2296829224,47245,47256,11
12.9148397446,80.2294998169,47256,47266,10
12.9137296677,80.229347229,47266,47276,10
12.913359642,80.2293167114,47276,47286,10
12.9131498337,80.2293014526,47286,47296,10
12.9126300812,80.2292480469,47296,47306,10
12.9118204117,80.2291183472,47306,47316,10
12.9108200073,80.2289581299,47316,47327,11
12.9095497131,80.2287368774,47327,47337,10
12.9083795547,80.2285385132,47337,47347,10
12.9072599411,80.2283935547,47347,47357,10
12.9068498611,80.2283782959,47357,47377,20
12.9068498611,80.2283782959,47377,47387,10
12.9065198898,80.2283096313,47387,47397,10
12.9058904648,80.2282485962,47397,47408,11
12.9049100876,80.2282104492,47408,47418,10
12.9039201736,80.2281417847,47418,47428,10
12.902879715,80.2280883789,47428,47438,10
12.9019203186,80.2280578613,47438,47448,10
12.9012403488,80.2280426025,47448,47458,10
12.9008798599,80.2279434204,47458,47468,10
12.9005804062,80.2279205322,47468,47479,11
12.9004297256,80.2279586792,47479,47489,10
12.9001998901,80.2279510498,47489,47499,10
12.8997001648,80.2279281616,47499,47529,30
12.8997001648,80.2279281616,47529,47539,10
12.8994398117,80.2279129028,47539,47549,10
12.898900032,80.2278594971,47549,47560,11
12.898059845,80.2278137207,47560,47570,10
12.8971300125,80.2277603149,47570,47580,10
12.8960895538,80.227722168,47580,47590,10
12.8949203491,80.2276763916,47590,47600,10
12.8937597275,80.2276000977,47600,47610,10
12.8930301666,80.2275238037,47610,47620,10
12.8926801682,80.2274780273,47620,47631,11
12.8924102783,80.2274475098,47631,47641,10
12.8917999268,80.2274169922,47641,47651,10
12.8909101486,80.2274627686,47651,47661,10
12.8898296356,80.2274932861,47661,47671,10
12.8885602951,80.2274475098,47671,47681,10
12.8872404099,80.2272720337,47681,47691,10
12.8859195709,80.2269668579,47691,47701,10
12.8850603104,80.2267990112,47701,47712,11
12.8850097656,80.2267837524,47712,47722,10
12.8845996857,80.2267608643,47722,47732,10
12.8839502335,80.2267532349,47732,47742,10
12.8830604553,80.2267608643,47742,47752,10
12.8820295334,80.2267608643,47752,47762,10
12.8808603287,80.2267684937,47762,47772,10
12.8795795441,80.2267608643,47772,47783,11
12.8781404495,80.2268218994,47783,47793,10
12.8770399094,80.2269287109,47793,47803,10
12.8763399124,80.2270202637,47803,47823,20
12.8763399124,80.2270202637,47823,47833,10
12.8760404587,80.2270278931,47833,47843,10
12.8755998611,80.2270126343,47843,47854,11
12.8748197556,80.2269287109,47854,47864,10
12.8738899231,80.2268066406,47864,47874,10
12.8728904724,80.2267608643,47874,47884,10
12.8726902008,80.2267532349,47884,47894,10
12.8725795746,80.2267303467,47894,47904,10
12.8720798492,80.2267227173,47904,47914,10
12.8713302612,80.2266769409,47914,47924,10
12.8704099655,80.2266311646,47924,47935,11
12.8692102432,80.2265090942,47935,47945,10
12.8679895401,80.2264404297,47945,47955,10
12.8667201996,80.2265472412,47955,47965,10
12.865480423,80.2266311646,47965,47975,10
12.864159584,80.2265701294,47975,47985,10
12.8627796173,80.2265625,47985,47995,10
12.8615999222,80.2266464233,47995,48006,11
12.8608999252,80.2266387939,48006,48016,10
12.860830307,80.2266235352,48016,48026,10
12.8603897095,80.2265777588,48026,48036,10
12.8596601486,80.2264709473,48036,48046,10
12.8588399887,80.2263565063,48046,48056,10
12.8578901291,80.2263336182,48056,48066,10
12.856760025,80.2264328003,48066,48076,10
12.8555603027,80.2265396118,48076,48087,11
12.8541297913,80.2266693115,48087,48097,10
12.8527803421,80.2267837524,48097,48107,10
12.8514204025,80.2267379761,48107,48117,10
12.8501996994,80.2266998291,48117,48127,10
12.8498802185,80.2266693115,48127,48137,10
12.8496599197,80.2266387939,48137,48147,10
12.8490800858,80.2266311646,48147,48158,11
12.8481397629,80.2266387939,48158,48168,10
12.8470802307,80.2266464233,48168,48178,10
12.8459701538,80.2266616821,48178,48188,10
12.845459938,80.2266464233,48188,48198,10
12.845459938,80.2266387939,48198,48208,10
12.8450899124,80.2266311646,48208,48218,10
12.8444700241,80.2266769409,48218,48228,10
12.8436403275,80.2267608643,48228,48239,11
12.8424701691,80.2270126343,48239,48249,10
12.841219902,80.2272796631,48249,48259,10
12.8402500153,80.2276229858,48259,48269,10
12.8397798538,80.2277984619,48269,48279,10
12.8397302628,80.2278213501,48279,48289,10
12.8396396637,80.2278518677,48289,48299,10
12.8392400742,80.2279205322,48299,48310,11
12.8384799957,80.2280883789,48310,48320,10
12.8375797272,80.2282867432,48320,48330,10
12.8365297318,80.2284317017,48330,48340,10
12.8353204727,80.2286300659,48340,48350,10
12.8340501785,80.2287979126,48350,48360,10
12.8329000473,80.2290115356,48360,48370,10
12.8320503235,80.2291793823,48370,48380,10
12.8317098618,80.2292404175,48380,48391,11
12.8315296173,80.2288208008,48391,48401,10
12.831489563,80.2287063599,48401,48411,10
12.8315000534,80.2285766602,48411,48421,10
12.8313999176,80.2281036377,48421,48431,10
12.8312501907,80.2273712158,48431,48441,10
12.8310499191,80.2264328003,48441,48451,10
12.8310203552,80.2253494263,48451,48462,11
12.8310203552,80.2247314453,48462,48472,10
12.831029892,80.2243118286,48472,48482,10
12.8310403824,80.2236099243,48482,48492,10
12.8310403824,80.2228927612,48492,48502,10
12.8310403824,80.2224578857,48502,48512,10
12.8310403824,80.2220993042,48512,48522,10
12.8310403824,80.2215194702,48522,48532,10
12.8310403824,80.2207870483,48532,48543,11
12.8310699463,80.2198562622,48543,48553,10
12.8310403824,80.2196121216,48553,48562,9
12.8305702209,80.2194671631,48562,48573,11
12.8296804428,80.2194671631,48573,48583,10
12.828669548,80.2194824219,48583,48593,10
12.827750206,80.2194900513,48593,48603,10
12.8273696899,80.2194900513,48603,48634,31
12.8273696899,80.2194900513,48634,48644,10
12.8271903992,80.2194519043,48644,48654,10
12.8266296387,80.2194671631,48654,48664,10
12.8261404037,80.2194900513,48664,48674,10
12.8257703781,80.2194595337,48674,48684,10
12.8254003525,80.2194976807,48684,48695,11
12.8249101639,80.2195281982,48695,48705,10
12.824090004,80.2194671631,48705,48715,10
12.8231401443,80.2194824219,48715,48725,10
12.8228597641,80.2194824219,48725,48735,10
12.8226900101,80.2193832397,48735,48745,10
12.822520256,80.21900177,48745,48755,10
12.8224802017,80.2186279297,48755,48766,11
12.8225698471,80.217918396,48766,48776,10
12.822640419,80.217010498,48776,48786,10
12.8226604462,80.2161712646,48786,48796,10
12.8228702545,80.215927124,48796,48806,10
12.8230304718,80.2159729004,48806,48816,10
12.8235197067,80.2159729004,48816,48826,10
12.8245601654,80.2159500122,48826,48907,81
12.8245601654,80.2159500122,48907,48918,11
12.8249101639,80.2159805298,48918,48931,13
12.8251800537,80.2159500122,48931,49155,224
12.8251800537,80.2159500122,49155,49165,10
12.8254404068,80.2160263062,49165,49175,10
12.8256797791,80.2160415649,49175,49185,10
12.8258600235,80.2162094116,49185,49195,10
12.8258600235,80.2167205811,49195,49208,13
12.8258800507,80.2174301147,49208,49219,11
12.8258800507,80.2183685303,49219,49229,10
12.8258800507,80.2190628052,49229,49239,10
12.825920105,80.2193374634,49239,49249,10
12.8260803223,80.219367981,49249,49259,10
12.8264398575,80.2193527222,49259,49269,10
12.8270702362,80.219367981,49269,49279,10
12.8274002075,80.219367981,49279,49289,10
12.8275604248,80.2193603516,49289,49320,31
12.8275604248,80.2193603516,49320,49330,10
12.8278799057,80.2193603516,49330,49338,8
12.8284702301,80.2193527222,49338,49350,12
12.8295202255,80.2193374634,49350,49360,10
12.8305597305,80.219367981,49360,49371,11
12.8308801651,80.219367981,49371,49381,10
12.8311395645,80.2198104858,49381,49391,10
12.8311300278,80.2206268311,49391,49401,10
12.8311395645,80.221496582,49401,49411,10
12.8311595917,80.2221221924,49411,49422,11
12.8311500549,80.2225723267,49422,49431,9
12.8311395645,80.2233734131,49431,49443,12
12.8311500549,80.2244033813,49443,49453,10
12.8311595917,80.2247467041,49453,49463,10
12.8311195374,80.2254180908,49463,49473,10
12.8311300278,80.2262878418,49473,49483,10
12.8313503265,80.2273483276,49483,49493,10
12.8316202164,80.2284622192,49493,49503,10
12.8317298889,80.2289428711,49503,49513,10
12.8317499161,80.2290115356,49513,49524,11
12.8320503235,80.2290420532,49524,49534,10
12.8326597214,80.2288970947,49534,49544,10
12.8336000443,80.2287368774,49544,49554,10
12.8347597122,80.2285614014,49554,49564,10
12.8360099792,80.2283782959,49564,49574,10
12.8373298645,80.2281799316,49574,49584,10
12.8385400772,80.227897644,49584,49595,11
12.8392801285,80.2276382446,49595,49605,10
12.8394498825,80.2275772095,49605,49615,10
12.8395700455,80.2275314331,49615,49625,10
12.8399400711,80.2274703979,49625,49635,10
12.8406200409,80.2273025513,49635,49645,10
12.8415498734,80.2270584106,49645,49655,10
12.8427200317,80.226852417,49655,49665,10
12.8440198898,80.2266311646,49665,49676,11
12.8452701569,80.2265090942,49676,49696,20
12.8452701569,80.2265090942,49696,49706,10
12.8453903198,80.2265014648,49706,49716,10
12.8458204269,80.2265014648,49716,49726,10
12.846540451,80.2265090942,49726,49736,10
12.8475399017,80.2265014648,49736,49747,11
12.8487796783,80.2264862061,49747,49757,10
12.849820137,80.2264785767,49757,49767,10
12.8500499725,80.2264404297,49767,49777,10
12.8504400253,80.2264480591,49777,49787,10
12.8511199951,80.2264785767,49787,49797,10
12.852060318,80.2265396118,49797,49807,10
12.8531999588,80.2265777588,49807,49817,10
12.8544597626,80.2264862061,49817,49828,11
12.8559398651,80.2263412476,49828,49838,10
12.8573503494,80.2261886597,49838,49848,10
12.8585796356,80.2261734009,49848,49858,10
12.8598299026,80.2263412476,49858,49868,10
12.8610801697,80.2265090942,49868,49878,10
12.8621702194,80.2265014648,49878,49888,10
12.8634395599,80.2264709473,49888,49899,11
12.8649702072,80.2265167236,49899,49909,10
12.8661699295,80.2264709473,49909,49919,10
12.8671503067,80.2264022827,49919,49929,10
12.8683700562,80.2262802124,49929,49939,10
12.869720459,80.2264022827,49939,49949,10
12.8710803986,80.2265319824,49949,49959,10
12.8728103638,80.2265701294,49959,49980,21
12.8728103638,80.2265701294,49980,49990,10
12.8731403351,80.2265777588,49990,50000,10
12.8738298416,80.2266311646,50000,50010,10
12.8747196198,80.2267303467,50010,50020,10
12.8757200241,80.226852417,50020,50030,10
12.8762998581,80.2268295288,50030,50040,10
12.8765296936,80.2268295288,50040,50051,11
12.8769397736,80.2268371582,50051,50061,10
12.877579689,80.2267913818,50061,50071,10
12.8785295486,80.2267379761,50071,50081,10
12.8797502518,80.2266998291,50081,50091,10
12.880900383,80.2266769409,50091,50101,10
12.8821496964,80.2266616821,50101,50111,10
12.8834295273,80.2266311646,50111,50121,10
12.8845901489,80.2266082764,50121,50132,11
12.8851604462,80.2266464233,50132,50142,10
12.8859796524,80.2267990112,50142,50152,10
12.8869400024,80.2270431519,50152,50162,10
12.8880195618,80.2271881104,50162,50172,10
12.8892402649,80.2272567749,50172,50182,10
12.8905897141,80.2272567749,50182,50192,10
12.8918895721,80.2272567749,50192,50203,11
12.8931102753,80.2273635864,50203,50213,10
12.8942804337,80.2275085449,50213,50223,10
12.8955402374,80.2275390625,50223,50233,10
12.8968000412,80.2276077271,50233,50243,10
12.8980903625,80.2276763916,50243,50253,10
12.8991699219,80.2277374268,50253,50263,10
12.9001102448,80.2277908325,50263,50273,10
12.9009599686,80.2278518677,50273,50284,11
12.9015197754,80.2278823853,50284,50294,10
12.9020595551,80.2278823853,50294,50304,10
12.9024400711,80.227897644,50304,50324,20
12.9024400711,80.227897644,50324,50334,10
12.9026098251,80.2279205322,50334,50344,10
12.9028196335,80.2279281616,50344,50355,11
12.9034795761,80.2279815674,50355,50365,10
12.9043397903,80.2280197144,50365,50375,10
12.9051198959,80.2280731201,50375,50385,10
12.9052095413,80.2280578613,50385,50395,10
12.9054803848,80.2280578613,50395,50405,10
12.9060602188,80.2280883789,50405,50456,51
12.9060602188,80.2280883789,50456,50466,10
12.9062299728,80.2281417847,50466,50476,10
12.9064598083,80.2281494141,50476,50486,10
12.90666008,80.2281494141,50486,50517,31
12.90666008,80.2281494141,50517,50527,10
12.906709671,80.2281570435,50527,50537,10
12.9070701599,80.2282409668,50537,50547,10
12.9077396393,80.2283325195,50547,50557,10
12.9086503983,80.2284698486,50557,50567,10
12.9097795486,80.2286376953,50567,50578,11
12.9111604691,80.2288589478,50578,50588,10
12.9122800827,80.2290725708,50588,50598,10
12.9134101868,80.2292175293,50598,50608,10
12.9140501022,80.2292709351,50608,50618,10
12.9140996933,80.2292785645,50618,50628,10
12.9144001007,80.229309082,50628,50638,10
12.9149799347,80.229309082,50638,50648,10
12.9158496857,80.2294616699,50648,50659,11
12.9168701172,80.2296066284,50659,50669,10
12.9178600311,80.2297286987,50669,50679,10
12.9187602997,80.2298583984,50679,50689,10
12.9198198318,80.2299804688,50689,50699,10
12.9210195541,80.2301483154,50699,50709,10
12.9222602844,80.2303466797,50709,50719,10
12.9234600067,80.2305374146,50719,50730,11
12.9244098663,80.230682373,50730,50740,10
12.9247999191,80.2307434082,50740,50750,10
12.9253702164,80.230796814,50750,50760,10
12.9261598587,80.2308807373,50760,50770,10
12.9271202087,80.2309875488,50770,50780,10
12.9281597137,80.2311325073,50780,50790,10
12.9287099838,80.2311706543,50790,50800,10
12.9292697906,80.2312927246,50800,50811,11
12.930100441,80.2314987183,50811,50821,10
12.931019783,80.2317428589,50821,50831,10
12.9321203232,80.232093811,50831,50841,10
12.9331703186,80.232421875,50841,50851,10
12.9336795807,80.2326889038,50851,50861,10
12.9338302612,80.2327728271,50861,50871,10
12.9339103699,80.2328109741,50871,50882,11
12.9343900681,80.233039856,50882,50892,10
12.9350795746,80.2333526611,50892,50902,10
12.9359102249,80.2337188721,50902,50912,10
12.9369001389,80.2341766357,50912,50922,10
12.9380397797,80.2347488403,50922,50932,10
12.939160347,80.2352981567,50932,50942,10
12.9397802353,80.2356185913,50942,50952,10
12.9398803711,80.2356491089,50952,50963,11
12.9403600693,80.2358398438,50963,50973,10
12.9410495758,80.2360305786,50973,50983,10
12.9419403076,80.2362518311,50983,50993,10
12.9428796768,80.236618042,50993,51003,10
12.9437103271,80.2373428345,51003,51013,10
12.9444799423,80.2382202148,51013,51023,10
12.9453897476,80.2391204834,51023,51034,11
12.9466495514,80.2396774292,51034,51044,10
12.9472503662,80.2398986816,51044,51054,10
12.9472703934,80.2399215698,51054,51064,10
12.947640419,80.2400665283,51064,51074,10
12.9482297897,80.2403182983,51074,51084,10
12.948679924,80.2404403687,51084,51094,10
12.9488801956,80.240562439,51094,51104,10
12.9493198395,80.2407226563,51104,51115,11
12.9500999451,80.2410202026,51115,51125,10
12.950969696,80.2412796021,51125,51135,10
12.9511203766,80.241317749,51135,51145,10
12.9511995316,80.241317749,51145,51155,10
12.9516000748,80.2414627075,51155,51165,10
12.952340126,80.2417297363,51165,51175,10
12.9532499313,80.2420806885,51175,51186,11
12.9543800354,80.2425537109,51186,51196,10
12.9552497864,80.2429122925,51196,51206,10
12.9560604095,80.2432479858,51206,51216,10
12.956410408,80.2434234619,51216,51226,10
12.9567499161,80.2435531616,51226,51236,10
12.9574403763,80.2437973022,51236,51246,10
12.9583101273,80.2441329956,51246,51256,10
12.9588003159,80.2443618774,51256,51267,11
12.9588499069,80.2443466187,51267,51277,10
12.9592199326,80.2445297241,51277,51287,10
12.9598302841,80.2447814941,51287,51297,10
12.9606800079,80.2451782227,51297,51307,10
12.9616804123,80.2456893921,51307,51317,10
12.9625997543,80.2461700439,51317,51327,10
12.9632997513,80.2465133667,51327,51338,11
12.9640703201,80.2468338013,51338,51348,10
12.9649000168,80.2471313477,51348,51358,10
12.9657402039,80.2473983765,51358,51368,10
12.9665203094,80.2477111816,51368,51378,10
12.9667596817,80.2478179932,51378,51388,10
12.9668502808,80.2478866577,51388,51398,10
12.9671897888,80.2481231689,51398,51408,10
12.967880249,80.2483596802,51408,51419,11
12.9688501358,80.2487030029,51419,51429,10
12.9698600769,80.2491226196,51429,51439,10
12.9710302353,80.2495803833,51439,51449,10
12.9722995758,80.2499465942,51449,51459,10
12.9735803604,80.250289917,51459,51469,10
12.9747104645,80.2505874634,51469,51479,10
12.9759597778,80.2509613037,51479,51490,11
12.9773302078,80.2514190674,51490,51500,10
12.9782495499,80.2521209717,51500,51510,10
12.9786300659,80.2523498535,51510,51520,10
12.9786701202,80.2523498535,51520,51530,10
12.9790401459,80.2524719238,51530,51540,10
12.9796304703,80.2525405884,51540,51611,71
12.9796304703,80.2525405884,51611,51621,10
12.9799499512,80.2525787354,51621,51631,10
12.980509758,80.2526397705,51631,51642,11
12.9814596176,80.2526016235,51642,51652,10
12.9823999405,80.2525787354,51652,51662,10
12.9833498001,80.2524719238,51662,51672,10
12.9840202332,80.2522888184,51672,51773,101
12.9840202332,80.2522888184,51773,51783,10
12.9841499329,80.2522506714,51783,51794,11
12.9845399857,80.2521514893,51794,51804,10
12.9851303101,80.251991272,51804,51814,10
12.9856595993,80.2518234253,51814,51915,101
12.9856595993,80.2518234253,51915,51925,10
12.9857997894,80.251701355,51925,51935,10
12.9860296249,80.2516937256,51935,51946,11
12.9862804413,80.2516708374,51946,51956,10
12.9866504669,80.2516021729,51956,51966,10
12.9874095917,80.2513427734,51966,52088,122
12.9874095917,80.2513427734,52088,52098,10
12.9875202179,80.2512969971,52098,52108,10
12.9877195358,80.2512664795,52108,52118,10
12.9881496429,80.2511825562,52118,52128,10
12.988820076,80.2510299683,52128,52138,10
12.98939991,80.2508621216,52138,52148,10
12.9894504547,80.2508468628,52148,52158,10
12.9897003174,80.2508392334,52158,52169,11
12.9902896881,80.2506866455,52169,52179,10
12.9910802841,80.25050354,52179,52189,10
12.9919900894,80.2502365112,52189,52199,10
12.9930801392,80.2499694824,52199,52209,10
12.9942998886,80.2496795654,52209,52222,13
12.9955701828,80.2493515015,52222,52232,10
12.9967298508,80.2490310669,52232,52243,11
12.9967603683,80.2490310669,52243,52253,10
12.9970998764,80.2489776611,52253,52263,10
12.9976501465,80.2488479614,52263,52273,10
12.998459816,80.2486190796,52273,52283,10
12.9994297028,80.2483825684,52283,52293,10
13.0005598068,80.2480926514,52293,52303,10
13.0016403198,80.2478103638,52303,52313,10
13.0024499893,80.2476196289,52313,52323,10
13.0034198761,80.247467041,52323,52334,11
13.0046396255,80.2473068237,52334,52344,10
13.0054502487,80.247177124,52344,52354,10
13.0062999725,80.2467575073,52354,52364,10
13.0064401627,80.2464981079,52364,52374,10
13.0064601898,80.2464675903,52374,52384,10
13.0065498352,80.2460327148,52384,52395,11
13.0065698624,80.245300293,52395,52405,10
13.0065498352,80.2446594238,52405,52415,10
13.0065698624,80.2440414429,52415,52425,10
13.0065498352,80.2433776855,52425,52435,10
13.0065603256,80.2426986694,52435,52445,10
13.0065603256,80.2419204712,52445,52454,9
13.0065803528,80.2413711548,52454,52465,11
13.0066795349,80.2406463623,52465,52476,11
13.0067396164,80.2399978638,52476,52486,10
13.006939888,80.2389831543,52486,52496,10
13.0071802139,80.237953186,52496,52506,10
13.007349968,80.2371063232,52506,52516,10
13.0074195862,80.236656189,52516,52526,10
13.0074796677,80.2365493774,52526,52536,10
13.0075902939,80.236076355,52536,52547,11
13.0077199936,80.2352905273,52547,52556,9
13.0078802109,80.2345199585,52556,52567,11
13.0081100464,80.2333984375,52567,52577,10
13.0083799362,80.2321472168,52577,52587,10
13.0086603165,80.2308197021,52587,52597,10
13.0089302063,80.2294464111,52597,52607,10
13.0091896057,80.2281799316,52607,52617,10
13.0097198486,80.2269668579,52617,52628,11
13.0102396011,80.2258605957,52628,52638,10
13.0105800629,80.2250823975,52638,52648,10
13.0108203888,80.2245101929,52648,52658,10
13.0112304688,80.2233428955,52658,52688,30
13.0112304688,80.2233428955,52688,52699,11
13.0113201141,80.2229766846,52699,52709,10
13.011639595,80.2223587036,52709,52719,10
13.0120601654,80.2215499878,52719,52729,10
13.0124101639,80.2215194702,52729,52739,10
13.0127401352,80.2219009399,52739,52749,10
13.0131101608,80.2221984863,52749,52759,10
13.0136499405,80.22290802,52759,52769,10
13.0140800476,80.2235031128,52769,52780,11
13.0143604279,80.2237014771,52780,52790,10
13.0150203705,80.2245178223,52790,52800,10
13.0153999329,80.2248535156,52800,52810,10
13.0156202316,80.2250289917,52810,52820,10
13.0156202316,80.2250366211,52820,52830,10
13.0157203674,80.2251586914,52830,52840,10
13.016169548,80.2253265381,52840,52851,11
13.0170202255,80.2250900269,52851,52861,10
13.0179395676,80.2247161865,52861,52871,10
13.0188703537,80.2243423462,52871,52880,9
13.0195999146,80.224357605,52880,52932,52
13.0195999146,80.224357605,52932,52942,10
13.0198497772,80.2246322632,52942,52952,10
13.0202999115,80.2249679565,52952,52962,10
13.0208997726,80.2253875732,52962,52972,10
13.0215101242,80.2258605957,52972,52982,10
13.0222196579,80.2264175415,52982,52992,10
13.0229701996,80.2270584106,52992,53003,11
13.0236997604,80.2277374268,53003,53013,10
13.0243396759,80.2284393311,53013,53053,40
13.0243396759,80.2284393311,53053,53063,10
13.0243597031,80.2285232544,53063,53073,10
13.0240697861,80.2282791138,53073,53084,11
13.0235395432,80.2276916504,53084,53094,10
13.0228004456,80.2270431519,53094,53104,10
13.0219497681,80.2263183594,53104,53114,10
13.0210695267,80.2256164551,53114,53124,10
13.0202903748,80.2250823975,53124,53134,10
13.0199203491,80.2248382568,53134,53144,10
13.019900322,80.2248535156,53144,53155,11
13.0194702148,80.2246017456,53155,53165,10
13.0186395645,80.2245864868,53165,53175,10
13.0177402496,80.224937439,53175,53185,10
13.0168304443,80.2253112793,53185,53195,10
13.0162096024,80.2255630493,53195,53205,10
13.0155496597,80.2257614136,53205,53215,10
13.0150098801,80.2259902954,53215,53225,10
13.0145797729,80.2261505127,53225,53236,11
13.0142202377,80.2261962891,53236,53246,10
13.0141897202,80.22605896,53246,53256,10
13.0141201019,80.2255706787,53256,53448,192
13.0141201019,80.2255706787,53448,53459,11
13.0141296387,80.2252883911,53459,53469,10
13.0145101547,80.2256393433,53469,53925,456
13.0145101547,80.2256393433,53925,53935,10
13.0143098831,80.2259597778,53935,54046,111
13.0143098831,80.2259597778,54046,54056,10
13.0142202377,80.2260818481,54056,54067,11
13.0142297745,80.2261199951,54067,54077,10
13.0140600204,80.22631073,54077,54087,10
13.0135297775,80.2265396118,54087,54097,10
13.0127401352,80.2268981934,54097,54107,10
13.0117998123,80.2272796631,54107,54117,10
13.0107498169,80.2276611328,54117,54127,10
13.0098199844,80.2279891968,54127,54137,10
13.0095996857,80.2274627686,54137,54148,11
13.0099697113,80.2266235352,54148,54158,10
13.0103902817,80.2256393433,54158,54168,10
13.0108299255,80.2246780396,54168,54178,10
13.011179924,80.2237091064,54178,54188,10
13.0113897324,80.2232437134,54188,54198,10
13.0119695663,80.223487854,54198,54208,10
13.0127897263,80.2239379883,54208,54219,11
13.013879776,80.2245407104,54219,54229,10
13.0146598816,80.2249298096,54229,54239,10
13.0151996613,80.2252731323,54239,54259,20
13.0151996613,80.2252731323,54259,54269,10
13.0156602859,80.2252502441,54269,54279,10
13.0161104202,80.2253036499,54279,54289,10
13.0168199539,80.2251281738,54289,54300,11
13.0177001953,80.2247924805,54300,54310,10
13.0185403824,80.2244491577,54310,54320,10
13.0192699432,80.2243270874,54320,54330,10
13.0195598602,80.2244262695,54330,54340,10
13.0198001862,80.2245864868,54340,54350,10
13.0202798843,80.224937439,54350,54360,10
13.0206804276,80.225227356,54360,54370,10
13.0211696625,80.2256088257,54370,54381,11
13.0218601227,80.2261199951,54381,54391,10
13.0221595764,80.2263565063,54391,54401,10
13.0224399567,80.2266235352,54401,54411,10
13.0229101181,80.2270278931,54411,54421,10
13.0234298706,80.2275085449,54421,54431,10
13.0241699219,80.2282409668,54431,54492,61
13.0241699219,80.2282409668,54492,54502,10
13.0243997574,80.2284622192,54502,54512,10
13.0241699219,80.228477478,54512,54523,11
13.0238103867,80.2280731201,54523,54533,10
13.0234298706,80.2276763916,54533,54847,314
13.0234298706,80.2276763916,54847,54857,10
13.0233297348,80.2275619507,54857,54998,141
13.0233297348,80.2275619507,54998,55009,11
13.0230503082,80.2273406982,55009,55019,10
13.0225601196,80.2268981934,55019,55029,10
13.0219202042,80.2263565063,55029,55039,10
13.0212402344,80.2258071899,55039,55049,10
13.02064991,80.2253417969,55049,55060,11
13.0198802948,80.2248382568,55060,55070,10
13.0192203522,80.2245407104,55070,55080,10
13.0182695389,80.2247314453,55080,55090,10
13.0172796249,80.2251205444,55090,55100,10
13.0165596008,80.2253875732,55100,55110,10
13.0161104202,80.2255706787,55110,55120,10
13.015540123,80.2257995605,55120,55130,10
13.0148801804,80.2261428833,55130,55151,21
13.0148801804,80.2261428833,55151,55161,10
13.0145902634,80.2263031006,55161,55171,10
13.0143499374,80.2263565063,55171,55181,10
13.0141496658,80.2264633179,55181,55191,10
13.013589859,80.2266693115,55191,55201,10
13.0128898621,80.2269287109,55201,55212,11
13.0120801926,80.2272720337,55212,55222,10
13.0111999512,80.2275924683,55222,55232,10
13.0103397369,80.2279281616,55232,55242,10
13.0095396042,80.2282562256,55242,55252,10
13.0091104507,80.2289428711,55252,55262,10
13.0088996887,80.2299423218,55262,55272,10
13.0087299347,80.2309799194,55272,55283,11
13.008600235,80.2321014404,55283,55293,10
13.0085401535,80.233253479,55293,55303,10
13.0083398819,80.2337493896,55303,55313,10
13.0082798004,80.233757019,55313,55323,10
13.0081396103,80.2338409424,55323,55333,10
13.0080404282,80.2344436646,55333,55343,10
13.0078496933,80.2352828979,55343,55353,10
13.007610321,80.2363586426,55353,55364,11
13.0073795319,80.2376022339,55364,55374,10
13.0071601868,80.2387008667,55374,55384,10
13.0070199966,80.2396011353,55384,55404,20
13.0070199966,80.2396011353,55404,55414,10
13.0069503784,80.2396774292,55414,55424,10
13.0068798065,80.2401885986,55424,55434,10
13.0068597794,80.2405471802,55434,55445,11
13.0067501068,80.2408828735,55445,55455,10
13.0066995621,80.2416381836,55455,55465,10
13.0066604614,80.2425613403,55465,55475,10
13.0066699982,80.2433319092,55475,55485,10
13.0066900253,80.244178772,55485,55495,10
13.006649971,80.245010376,55495,55505,10
13.0066795349,80.2457199097,55505,55516,11
13.0066795349,80.2460098267,55516,55526,10
13.0066604614,80.2461395264,55526,55536,10
13.0066604614,80.2465209961,55536,55546,10
13.0066699982,80.2471237183,55546,55556,10
13.006310463,80.2474136353,55556,55566,10
13.0062198639,80.2474365234,55566,55576,10
13.0061197281,80.2474594116,55576,55586,10
13.0055999756,80.2474212646,55586,55597,11
13.004699707,80.247428894,55597,55607,10
13.0036497116,80.247543335,55607,55617,10
13.0024900436,80.2477493286,55617,55627,10
13.0012397766,80.248046875,55627,55637,10
12.9999504089,80.2483901978,55637,55647,10
12.9987401962,80.2487030029,55647,55657,10
12.9981203079,80.248878479,55657,55668,11
12.9978904724,80.2489318848,55668,55678,10
12.9972801208,80.2490768433,55678,55688,10
12.9964199066,80.2493133545,55688,55698,10
12.9954099655,80.2496032715,55698,55708,10
12.9941997528,80.2499237061,55708,55718,10
12.9928598404,80.2502212524,55718,55728,10
12.9915704727,80.250541687,55728,55738,10
12.9911203384,80.2506866455,55738,55749,11
12.9908704758,80.2507171631,55749,55759,10
12.9902296066,80.2509231567,55759,55769,10
12.9893503189,80.2511520386,55769,55779,10
12.9883899689,80.2514038086,55779,55871,92
12.9883899689,80.2514038086,55871,55881,10
12.9881801605,80.2514419556,55881,55891,10
12.987830162,80.2514724731,55891,55902,11
12.9871702194,80.2516403198,55902,55912,10
12.9865999222,80.2517929077,55912,55922,10
12.9860696793,80.2519073486,55922,55932,10
12.9852600098,80.2521209717,55932,55942,10
12.9842395782,80.2523880005,55942,55952,10
12.9830198288,80.2526702881,55952,55962,10
12.9816799164,80.2527389526,55962,55973,11
12.9802598953,80.2527999878,55973,55983,10
12.9792699814,80.2527618408,55983,55993,10
12.9787998199,80.2526931763,55993,56003,10
12.9786701202,80.2526626587,56003,56013,10
12.9782400131,80.2524032593,56013,56023,10
12.9776096344,80.2518615723,56023,56033,10
12.976650238,80.2513427734,56033,56043,10
12.9754600525,80.2509918213,56043,56054,11
12.9740400314,80.2506027222,56054,56064,10
12.9727201462,80.2502288818,56064,56074,10
12.971329689,80.2498703003,56074,56084,10
12.9699401855,80.249420166,56084,56094,10
12.968580246,80.2488632202,56094,56104,10
12.9673204422,80.2483596802,56104,56114,10
12.9666795731,80.2480316162,56114,56125,11
12.9660797119,80.247756958,56125,56135,10
12.9654598236,80.2475204468,56135,56145,10
12.9652996063,80.2474594116,56145,56155,10
12.9650201797,80.2473983765,56155,56165,10
12.9644298553,80.2471923828,56165,56175,10
12.9639196396,80.2469787598,56175,56185,10
12.9638900757,80.246963501,56185,56195,10
12.9637699127,80.246887207,56195,56206,11
12.9632501602,80.2466812134,56206,56216,10
12.9624500275,80.2462921143,56216,56226,10
12.9614400864,80.2457962036,56226,56236,10
12.9603204727,80.2452774048,56236,56246,10
12.9592695236,80.2447967529,56246,56256,10
12.9581604004,80.2443313599,56256,56266,10
12.9575395584,80.2441101074,56266,56277,11
12.9563903809,80.2436981201,56277,56297,20
12.9563903809,80.2436981201,56297,56307,10
12.9563398361,80.2436676025,56307,56317,10
12.9559001923,80.2434616089,56317,56327,10
12.9551801682,80.2431106567,56327,56337,10
12.9542798996,80.2427215576,56337,56347,10
12.9530696869,80.2422027588,56347,56358,11
12.9519395828,80.2418212891,56358,56368,10
12.9517002106,80.2417526245,56368,56378,10
12.951499939,80.2416534424,56378,56388,10
12.9508895874,80.2413864136,56388,56398,10
12.9500303268,80.2411575317,56398,56408,10
12.9494800568,80.2409896851,56408,56418,10
12.9494695663,80.2409820557,56418,56429,11
12.9492397308,80.2408981323,56429,56439,10
12.9488096237,80.240737915,56439,56449,10
12.9480695724,80.2404174805,56449,56459,10
12.9473400116,80.2401275635,56459,56469,10
12.9471597672,80.2400588989,56469,56479,10
12.9469604492,80.239982605,56479,56489,10
12.9464502335,80.2397766113,56489,56499,10
12.9457101822,80.2394485474,56499,56510,11
12.9448604584,80.238822937,56510,56520,10
12.9440698624,80.237953186,56520,56530,10
12.9431600571,80.2369995117,56530,56540,10
12.9419202805,80.2363815308,56540,56550,10
12.9405498505,80.2360610962,56550,56560,10
12.939740181,80.2358169556,56560,56570,10
12.939620018,80.2357635498,56570,56581,11
12.9390602112,80.235496521,56581,56591,10
12.9382896423,80.2351074219,56591,56601,10
12.9373102188,80.23462677,56601,56611,10
12.9362802505,80.23412323,56611,56621,10
12.935839653,80.2339172363,56621,56631,10
12.935790062,80.2338867188,56631,56641,10
12.9353199005,80.2337036133,56641,56651,10
12.9345998764,80.2333831787,56651,56662,11
12.9338302612,80.233039856,56662,56672,10
12.9338302612,80.2330169678,56672,56682,10
12.9336395264,80.2329406738,56682,56692,10
12.93309021,80.2327194214,56692,56702,10
12.9322500229,80.2323913574,56702,56712,10
12.9312200546,80.2320404053,56712,56722,10
12.9300003052,80.2316589355,56722,56733,11
12.928560257,80.2313690186,56733,56743,10
12.927189827,80.2311935425,56743,56753,10
12.9262895584,80.2310714722,56753,56763,10
12.9260702133,80.2311019897,56763,56773,10
12.9257898331,80.231086731,56773,56783,10
12.9251804352,80.2309799194,56783,56793,10
12.9243602753,80.2309036255,56793,56803,10
12.9233903885,80.2307815552,56803,56814,11
12.9220504761,80.2305374146,56814,56824,10
12.9207496643,80.2303466797,56824,56834,10
12.9195203781,80.2301864624,56834,56844,10
12.9184799194,80.2300567627,56844,56854,10
12.9173002243,80.2299194336,56854,56864,10
12.9159898758,80.2297286987,56864,56874,10
12.9146203995,80.2295303345,56874,56885,11
12.9135198593,80.2294082642,56885,56895,10
12.913479805,80.2294006348,56895,56905,10
12.9132299423,80.229347229,56905,56915,10
12.912610054,80.2292709351,56915,56925,10
12.9117298126,80.2291488647,56925,56935,10
12.9106197357,80.2289810181,56935,56945,10
12.909330368,80.2287597656,56945,56955,10
12.9081001282,80.2285614014,56955,56966,11
12.9073095322,80.2284622192,56966,56976,10
12.90721035,80.2284393311,56976,56986,10
12.9070396423,80.2283782959,56986,56996,10
12.9067001343,80.2283630371,56996,57006,10
12.9061002731,80.2283401489,57006,57016,10
12.9052400589,80.228302002,57016,57026,10
12.9041404724,80.2282485962,57026,57037,11
12.9029998779,80.2281570435,57037,57047,10
12.9020595551,80.2281265259,57047,57057,10
12.9018497467,80.2281265259,57057,57067,10
12.9015798569,80.2281036377,57067,57077,10
12.9013795853,80.2280807495,57077,57087,10
12.9011201859,80.2281112671,57087,57097,10
12.9006204605,80.2280197144,57097,57107,10
12.9000101089,80.2279968262,57107,57118,11
12.8994197845,80.2279815674,57118,57128,10
12.8994197845,80.2279663086,57128,57138,10
12.899140358,80.2279281616,57138,57148,10
12.8984603882,80.2278900146,57148,57158,10
12.8975801468,80.2278366089,57158,57168,10
12.8964996338,80.2277908325,57168,57178,10
12.8952598572,80.2277374268,57178,57189,11
12.8938503265,80.2276306152,57189,57199,10
12.8928098679,80.2275085449,57199,57209,10
12.8918199539,80.2274169922,57209,57219,10
12.8906497955,80.2274475098,57219,57229,10
12.8893404007,80.2274627686,57229,57239,10
12.8880596161,80.2274093628,57239,57249,10
12.8866996765,80.2271728516,57249,57259,10
12.8853998184,80.226852417,57259,57270,11
12.8848199844,80.2267684937,57270,57280,10
12.88463974,80.2267608643,57280,57290,10
12.8840703964,80.2267684937,57290,57300,10
12.8832302094,80.2267913818,57300,57310,10
12.8821897507,80.2268218994,57310,57320,10
12.8809700012,80.2268218994,57320,57330,10
12.879650116,80.2268371582,57330,57341,11
12.8781204224,80.2269134521,57341,57351,10
12.8767995834,80.2270278931,57351,57361,10
12.8763904572,80.2270812988,57361,57371,10
12.8761100769,80.2270736694,57371,57381,10
12.875459671,80.2270431519,57381,57391,10
12.874540329,80.2269210815,57391,57401,10
12.8734197617,80.2268066406,57401,57411,10
12.8726701736,80.2267990112,57411,57422,11
12.8724899292,80.2267684937,57422,57432,10
12.8718795776,80.2267684937,57432,57442,10
12.8709802628,80.2267303467,57442,57452,10
12.8699798584,80.2266235352,57452,57462,10
12.8688097,80.2264785767,57462,57472,10
12.8675699234,80.2265014648,57472,57482,10
12.8668403625,80.226600647,57482,57493,11
12.8664102554,80.2266082764,57493,57503,10
12.8658103943,80.2266921997,57503,57513,10
12.8650102615,80.2266921997,57513,57523,10
12.8639802933,80.2266464233,57523,57533,10
12.8627796173,80.2266235352,57533,57543,10
12.8614797592,80.2266616821,57543,57553,10
12.8601999283,80.2265701294,57553,57563,10
12.8590698242,80.2264022827,57563,57574,11
12.8583498001,80.2263412476,57574,57584,10
12.8574895859,80.2263183594,57584,57594,10
12.8564596176,80.2264099121,57594,57604,10
12.8552503586,80.2265319824,57604,57614,10
12.8539199829,80.2266464233,57614,57624,10
12.8525295258,80.2267379761,57624,57634,10
12.8511104584,80.2266693115,57634,57645,11
12.8496599197,80.2266311646,57645,57655,10
12.8484401703,80.2266387939,57655,57665,10
12.847240448,80.2266464233,57665,57675,10
12.8461399078,80.2266921997,57675,57685,10
12.8455696106,80.2267227173,57685,57695,10
12.8455696106,80.2267074585,57695,57705,10
12.8452596664,80.2266921997,57705,57715,10
12.8446598053,80.2267303467,57715,57726,11
12.8437004089,80.2268295288,57726,57736,10
12.8427000046,80.2270431519,57736,57746,10
12.8415498734,80.2273178101,57746,57756,10
12.8404998779,80.2276000977,57756,57766,10
12.8398103714,80.2277908325,57766,57786,20
12.8398103714,80.2277908325,57786,57797,11
12.8396596909,80.2277908325,57797,57807,10
12.839220047,80.2279205322,57807,57817,10
12.8384599686,80.2281494141,57817,57827,10
12.8374795914,80.2283172607,57827,57837,10
12.8362998962,80.2285079956,57837,57847,10
12.834980011,80.2287063599,57847,57857,10
12.8336200714,80.2289505005,57857,57867,10
12.8323097229,80.2291793823,57867,57878,11
12.8317403793,80.2292709351,57878,57888,10
12.8317298889,80.2292709351,57888,57898,10
12.831609726,80.2291412354,57898,57908,10
12.8315601349,80.2289581299,57908,57918,10
12.8315000534,80.2286911011,57918,57928,10
12.8313703537,80.2280502319,57928,57938,10
12.8312196732,80.227180481,57938,57949,11
12.8310604095,80.2259597778,57949,57959,10
12.8310499191,80.2248535156,57959,57969,10
12.8310499191,80.2244873047,57969,57979,10
12.8310499191,80.2238311768,57979,57989,10
12.8310499191,80.2229309082,57989,57999,10
12.8310499191,80.2222824097,57999,58009,10
12.8310403824,80.221862793,58009,58019,10
12.8310499191,80.2210998535,58019,58030,11
12.8310604095,80.2200469971,58030,58040,10
12.8310203552,80.2196273804,58040,58050,10
12.8304901123,80.2194900513,58050,58060,10
12.8296804428,80.2194900513,58060,58070,10
12.8288602829,80.2194976807,58070,58080,10
12.8277597427,80.2195205688,58080,58101,21
12.8277597427,80.2195205688,58101,58111,10
12.827630043,80.2194595337,58111,58121,10
12.8272600174,80.2194366455,58121,58131,10
12.8265800476,80.2194519043,58131,58141,10
12.8260803223,80.2194595337,58141,58151,10
12.8258800507,80.219329834,58151,58161,10
12.8258800507,80.2192230225,58161,58171,10
12.8259000778,80.2189865112,58171,58182,11
12.8258895874,80.2182922363,58182,58192,10
12.8258800507,80.2163772583,58192,58202,10
12.8258800507,80.2163772583,58202,58212,10
12.8256597519,80.2160873413,58212,58222,10
12.8251199722,80.2161026001,58222,59217,995
12.8251199722,80.2161026001,59217,59227,10
12.8249197006,80.2160568237,59227,59237,10
12.824669838,80.2160797119,59237,59248,11
12.8244104385,80.2160797119,59248,59258,10
12.8240003586,80.2160797119,59258,59268,10
12.8235197067,80.2160720825,59268,59278,10
12.8229198456,80.2160491943,59278,59288,10
12.8227500916,80.2161026001,59288,59298,10
12.822719574,80.2165603638,59298,59308,10
12.8227100372,80.2173461914,59308,59318,10
12.8227100372,80.2182006836,59318,59333,15
12.8226995468,80.2191162109,59333,59343,10
12.8229503632,80.2194213867,59343,59353,10
12.8236103058,80.2194213867,59353,59363,10
12.8244600296,80.2194366455,59363,59373,10
12.8252801895,80.2194366455,59373,59383,10
12.8256196976,80.2193908691,59383,59404,21
12.8256196976,80.2193908691,59404,59414,10
12.8258800507,80.2194213867,59414,59424,10
12.8264398575,80.2194290161,59424,59434,10
12.8272895813,80.2194213867,59434,59464,30
12.8274402618,80.2194213867,59464,59475,11
12.8274803162,80.2194213867,59475,59515,40
12.8274803162,80.2194213867,59515,59525,10
12.8277397156,80.2193908691,59525,59545,20
12.8278503418,80.2193908691,59545,59586,41
12.8278503418,80.2193908691,59586,59596,10
12.8280000687,80.2194213867,59596,59606,10
12.8284797668,80.2194366455,59606,59616,10
12.8292198181,80.2194366455,59616,59627,11
12.8301200867,80.2194366455,59627,59637,10
12.8308801651,80.2194366455,59637,59647,10
12.8311796188,80.2197113037,59647,59657,10
12.8311796188,80.2203979492,59657,59667,10
12.8311700821,80.2212905884,59667,59677,10
12.8311901093,80.2220993042,59677,59687,10
12.831199646,80.2225036621,59687,59697,10
12.831199646,80.2232131958,59697,59708,11
12.8311901093,80.2241592407,59708,59718,10
12.8311901093,80.2246627808,59718,59728,10
12.8311901093,80.2251586914,59728,59738,10
12.8311700821,80.2258911133,59738,59748,10
12.8312397003,80.2267303467,59748,59758,10
12.8314399719,80.2276916504,59758,59768,10
12.8316602707,80.228729248,59768,59779,11
12.8317499161,80.2290725708,59779,59789,10
12.8318595886,80.229133606,59789,59799,10
12.8323602676,80.2290115356,59799,59809,10
12.8331604004,80.2288665771,59809,59819,10
12.8341703415,80.2287063599,59819,59829,10
12.8353595734,80.2285003662,59829,59839,10
12.8366498947,80.2282867432,59839,59849,10
12.8379402161,80.2281036377,59849,59860,11
12.8389596939,80.2278289795,59860,59870,10
12.8391504288,80.2277526855,59870,59880,10
12.8393201828,80.2276611328,59880,59890,10
12.8393497467,80.2276535034,59890,59900,10
12.8395204544,80.2275695801,59900,59910,10
12.839799881,80.2275085449,59910,59920,10
12.8404197693,80.227432251,59920,59931,11
12.8413295746,80.2271575928,59931,59941,10
12.8422498703,80.2269134521,59941,59951,10
12.8430595398,80.2267913818,59951,59961,10
12.8438901901,80.2266464233,59961,59971,10
12.8448495865,80.2265777588,59971,59981,10
12.8453598022,80.2265396118,59981,59991,10
12.8455295563,80.2265396118,59991,60001,10
12.8461198807,80.2265396118,60001,60012,11
12.8471002579,80.2265625,60012,60022,10
12.8480501175,80.2265396118,60022,60032,10
12.8489398956,80.2265319824,60032,60042,10
12.8498497009,80.2265167236,60042,60052,10
12.8501996994,80.2265014648,60052,60062,10
12.8507003784,80.2265014648,60062,60072,10
12.8515195847,80.2265625,60072,60083,11
12.8526601791,80.2265930176,60083,60093,10
12.8538799286,80.2265472412,60093,60103,10
12.8551597595,80.2264099121,60103,60113,10
12.8564901352,80.2262802124,60113,60123,10
12.8577003479,80.2261734009,60123,60133,10
12.8585596085,80.2261810303,60133,60143,10
12.8595399857,80.2262878418,60143,60153,10
12.8605699539,80.2264480591,60153,60164,11
12.8608703613,80.2264633179,60164,60174,10
12.8613500595,80.2264709473,60174,60184,10
12.8621397018,80.2264633179,60184,60194,10
12.8631095886,80.2264404297,60194,60204,10
12.8642997742,80.2264633179,60204,60214,10
12.8654899597,80.2265319824,60214,60224,10
12.8666200638,80.2265014648,60224,60235,11
12.8680200577,80.226348877,60235,60245,10
12.869389534,80.2263565063,60245,60255,10
12.8706903458,80.2265090942,60255,60264,9
12.8717498779,80.2265930176,60264,60275,11
12.8726902008,80.2265777588,60275,60285,10
12.8729400635,80.2265701294,60285,60295,10
12.8734798431,80.226600647,60295,60305,10
12.8744001389,80.2266998291,60305,60316,11
12.8754301071,80.2268600464,60316,60326,10
12.8763799667,80.2268829346,60326,60336,10
12.8766098022,80.2268600464,60336,60346,10
12.8769598007,80.2268676758,60346,60356,10
12.8776702881,80.2268218994,60356,60366,10
12.8785896301,80.2267608643,60366,60376,10
12.8797302246,80.2267227173,60376,60387,11
12.8811302185,80.2266769409,60387,60397,10
12.8824501038,80.2266311646,60397,60407,10
12.8837995529,80.2266082764,60407,60417,10
12.8846597672,80.2265930176,60417,60427,10
12.8851699829,80.2266464233,60427,60437,10
12.8857898712,80.2267608643,60437,60447,10
12.886639595,80.2269592285,60447,60457,10
12.8875799179,80.2271270752,60457,60468,11
12.8886995316,80.2272567749,60468,60478,10
12.8898897171,80.2272720337,60478,60488,10
12.8911800385,80.2272567749,60488,60498,10
12.8923196793,80.2272491455,60498,60508,10
12.8931102753,80.2273483276,60508,60518,10
12.8940601349,80.2274703979,60518,60528,10
12.8951997757,80.2275390625,60528,60539,11
12.8966302872,80.2276229858,60539,60549,10
12.8980102539,80.2276916504,60549,60559,10
12.899140358,80.2277526855,60559,60569,10
12.8997097015,80.2277374268,60569,60579,10
12.8999204636,80.2277374268,60579,60589,10
12.9000196457,80.2277069092,60589,60599,10
12.9002799988,80.2277526855,60599,60609,10
12.9006500244,80.2277832031,60609,60620,11
12.9009799957,80.2278289795,60620,60630,10
12.9012804031,80.2278823853,60630,60640,10
12.9017801285,80.2278671265,60640,60650,10
12.9024200439,80.227897644,60650,60660,10
12.9027700424,80.2279510498,60660,60670,10
12.9029598236,80.2279281616,60670,60680,10
12.903260231,80.2279205322,60680,60691,11
12.9040298462,80.2279968262,60691,60701,10
12.9049501419,80.2280426025,60701,60711,10
12.9059801102,80.2280883789,60711,60721,10
12.906539917,80.2281265259,60721,60731,10
12.9067697525,80.2281799316,60731,60741,10
12.9069404602,80.2282028198,60741,60751,10
12.9074602127,80.2282562256,60751,60761,10
12.9083099365,80.2283782959,60761,60772,11
12.909529686,80.2285766602,60772,60782,10
12.910779953,80.228767395,60782,60792,10
12.9120397568,80.2289581299,60792,60802,10
12.9131402969,80.229133606,60802,60812,10
12.913599968,80.2291793823,60812,60822,10
12.9137096405,80.2292098999,60822,60832,10
12.9141302109,80.2293014526,60832,60843,11
12.9149599075,80.2293777466,60843,60853,10
12.9159698486,80.2295227051,60853,60863,10
12.9167404175,80.2296295166,60863,60873,10
12.9171600342,80.2296905518,60873,60883,10
12.9179096222,80.2297821045,60883,60893,10
12.9188203812,80.2298965454,60893,60903,10
12.9199199677,80.2300415039,60903,60913,10
12.9211702347,80.2301864624,60913,60924,11
12.9226303101,80.2304229736,60924,60934,10
12.9240102768,80.2305984497,60934,60944,10
12.925330162,80.230758667,60944,60954,10
12.9266300201,80.2309417725,60954,60964,10
12.9279699326,80.2310791016,60964,60974,10
12.9289197922,80.2312316895,60974,60984,10
12.9298696518,80.2314682007,60984,60995,11
12.931139946,80.2318191528,60995,61005,10
12.9321403503,80.232131958,61005,61015,10
12.9329996109,80.2324676514,61015,61025,10
12.9337100983,80.2327804565,61025,61035,10
12.9341897964,80.2329788208,61035,61045,10
12.9343395233,80.233039856,61045,61055,10
12.9349603653,80.2332763672,61055,61065,10
12.935790062,80.2336578369,61065,61076,11
12.9368801117,80.2341918945,61076,61086,10
12.9379701614,80.2347412109,61086,61096,10
12.9389600754,80.2352371216,61096,61106,10
12.9394302368,80.2354736328,61106,61116,10
12.9396800995,80.2355575562,61116,61126,10
12.9398403168,80.2356567383,61126,61136,10
12.9404296875,80.2359008789,61136,61147,11
12.9413604736,80.2361297607,61147,61157,10
12.9424200058,80.2364196777,61157,61167,10
12.9433803558,80.2369995117,61167,61177,10
12.9441900253,80.2378692627,61177,61187,10
12.9450302124,80.2387771606,61187,61197,10
12.9460000992,80.2394104004,61197,61207,10
12.9468002319,80.239730835,61207,61217,10
12.946969986,80.2398071289,61217,61228,11
12.947259903,80.2399597168,61228,61238,10
12.9477796555,80.2401885986,61238,61248,10
12.9486904144,80.240562439,61248,61268,20
12.9486904144,80.240562439,61268,61278,10
12.9487199783,80.2405700684,61278,61288,10
12.9491100311,80.2407302856,61288,61299,11
12.9499397278,80.2410202026,61299,61309,10
12.9508495331,80.2413330078,61309,61319,10
12.9516801834,80.2415924072,61319,61329,10
12.952460289,80.241859436,61329,61339,10
12.9534101486,80.2422409058,61339,61349,10
12.9543199539,80.2425765991,61349,61359,10
12.9549703598,80.2428436279,61359,61369,10
12.9555597305,80.242980957,61369,61440,71
12.9555597305,80.242980957,61440,61451,11
12.955909729,80.2431182861,61451,61461,10
12.9559202194,80.2431182861,61461,61471,10
12.956029892,80.2431488037,61471,61481,10
12.9561901093,80.2432098389,61481,61511,30
12.9561901093,80.2432098389,61511,61521,10
12.956489563,80.2432632446,61521,61532,11
12.9570999146,80.2436065674,61532,61542,10
12.95773983,80.2439193726,61542,61552,10
12.9586896896,80.2443771362,61552,61572,20
12.9586896896,80.2443771362,61572,61582,10
12.9589099884,80.244468689,61582,61592,10
12.9594697952,80.2447280884,61592,61603,11
12.9603204727,80.2451171875,61603,61613,10
12.9611997604,80.2455291748,61613,61623,10
12.9621801376,80.2460021973,61623,61633,10
12.9626998901,80.2462310791,61633,61643,10
12.9628801346,80.2463531494,61643,61653,10
12.9633703232,80.24659729,61653,61663,10
12.9638395309,80.2467880249,61663,61673,10
12.964220047,80.2469406128,61673,61684,11
12.9649496078,80.247177124,61684,61694,10
12.9658498764,80.2474594116,61694,61704,10
12.9664802551,80.2476806641,61704,61714,10
12.9665002823,80.2477035522,61714,61724,10
12.9667901993,80.2479095459,61724,61734,10
12.9668598175,80.2479629517,61734,61744,10
12.9672203064,80.2481231689,61744,61755,11
12.9680204391,80.2484588623,61755,61765,10
12.968919754,80.2487869263,61765,61775,10
12.9700403214,80.2492523193,61775,61785,10
12.9712896347,80.249710083,61785,61795,10
12.9725399017,80.2500610352,61795,61805,10
12.9736795425,80.2503509521,61805,61815,10
12.9744501114,80.2505569458,61815,61825,10
12.9754495621,80.250869751,61825,61836,11
12.9767599106,80.2512664795,61836,61846,10
12.9778900146,80.2518386841,61846,61856,10
12.9782800674,80.2521362305,61856,61866,10
12.9782896042,80.2521820068,61866,61876,10
12.9786500931,80.2524337769,61876,61886,10
12.9794797897,80.2526168823,61886,61917,31
12.9794797897,80.2526168823,61917,61927,10
12.97976017,80.2526397705,61927,61937,10
12.9804201126,80.2526626587,61937,61947,10
12.9812602997,80.2526168823,61947,61957,10
12.9822702408,80.2525787354,61957,61967,10
12.9834098816,80.2524795532,61967,61977,10
12.9839696884,80.2523422241,61977,61988,11
12.9841403961,80.2522735596,61988,61998,10
12.984629631,80.2521286011,61998,62008,10
12.9853401184,80.2519073486,62008,62018,10
12.986000061,80.251701355,62018,62028,10
12.9866800308,80.2515792847,62028,62038,10
12.9872303009,80.2514190674,62038,62048,10
12.9875602722,80.2513275146,62048,62059,11
12.9882202148,80.2511978149,62059,62069,10
12.9895000458,80.2508468628,62069,62088,19
12.9895000458,80.2508468628,62088,62099,11
12.9898500443,80.2507629395,62099,62109,10
12.9905395508,80.2506332397,62109,62119,10
12.9914102554,80.2503814697,62119,62129,10
12.9925298691,80.2501068115,62129,62140,11
12.9939203262,80.24974823,62140,62150,10
12.9951896667,80.2494506836,62150,62160,10
12.9964599609,80.249130249,62160,62170,10
12.9977903366,80.2487792969,62170,62180,10
12.9991798401,80.2484436035,62180,62190,10
13.000579834,80.2480773926,62190,62200,10
13.0018701553,80.2477722168,62200,62211,11
13.0030202866,80.247543335,62211,62221,10
13.0041503906,80.2473678589,62221,62231,10
13.0053396225,80.2471923828,62231,62241,10
13.0062599182,80.2468414307,62241,62251,10
13.0064897537,80.2464675903,62251,62261,10
13.0065402985,80.2463378906,62261,62271,10
13.0065898895,80.2457733154,62271,62281,10
13.0066099167,80.245010376,62281,62292,11
13.0066003799,80.244178772,62292,62302,10
13.0065402985,80.2432632446,62302,62312,10
13.0065402985,80.2422790527,62312,62322,10
13.0065698624,80.2413787842,62322,62332,10
13.0066404343,80.2407073975,62332,62342,10
13.0066699982,80.2404327393,62342,62352,10
13.0067396164,80.2400665283,62352,62362,10
13.0069198608,80.2392425537,62362,62373,11
13.0071401596,80.238243103,62373,62383,10
13.0072603226,80.2376480103,62383,62393,10
13.0073795319,80.2368469238,62393,62413,20
13.0073795319,80.2368469238,62413,62423,10
13.007519722,80.2364120483,62423,62433,10
13.007610321,80.2358398438,62433,62444,11
13.0077400208,80.2352600098,62444,62454,10
13.0078802109,80.2344589233,62454,62464,10
13.0080900192,80.2335510254,62464,62474,10
13.0082798004,80.2325820923,62474,62484,10
13.0085000992,80.2314910889,62484,62494,10
13.0086803436,80.2304763794,62494,62504,10
13.0089197159,80.2293701172,62504,62515,11
13.0092000961,80.2281417847,62515,62525,10
13.0096597672,80.227142334,62525,62535,10
13.0100898743,80.2262496948,62535,62545,10
13.0104598999,80.2254867554,62545,62555,10
13.0106601715,80.2249832153,62555,62565,10
13.0108604431,80.2245407104,62565,62575,10
13.0109901428,80.2241287231,62575,62585,10
13.0110797882,80.2238998413,62585,62596,11
13.0112695694,80.223449707,62596,62606,10
13.0115604401,80.2228393555,62606,62616,10
13.0118398666,80.2220001221,62616,62626,10
13.0122499466,80.2214279175,62626,62635,9
13.012550354,80.2218093872,62635,62646,11
13.0130996704,80.2224884033,62646,62656,10
13.0136499405,80.2230606079,62656,62667,11
13.0141296387,80.2236022949,62667,62677,10
13.0145597458,80.2242202759,62677,62687,10
13.0150203705,80.2245483398,62687,62697,10
13.0150299072,80.2245635986,62697,62707,10
13.0151996613,80.2247695923,62707,62717,10
13.0154895782,80.2249298096,62717,62727,10
13.0160198212,80.2252578735,62727,62737,10
13.0169296265,80.2250976563,62737,62748,11
13.0181102753,80.2246627808,62748,62758,10
13.0191698074,80.2243118286,62758,62768,10
13.0201301575,80.2247619629,62768,62788,20
13.0201301575,80.2247619629,62788,62798,10
13.0204801559,80.2249908447,62798,62808,10
13.021109581,80.2254714966,62808,62819,11
13.0219202042,80.2260971069,62819,62829,10
13.0227899551,80.226852417,62829,62839,10
13.0236997604,80.2276916504,62839,62849,10
13.0244102478,80.2284088135,62849,62869,20
13.0244102478,80.2284088135,62869,62879,10
13.0243797302,80.2285308838,62879,62889,10
13.0241699219,80.2285003662,62889,62900,11
13.0239896774,80.2283172607,62900,62910,10
13.0236997604,80.2279815674,62910,62920,10
13.023440361,80.2277374268,62920,63621,701
13.023440361,80.2277374268,63621,63631,10
13.0231800079,80.2274475098,63631,63641,10
13.0229701996,80.2272262573,63641,63651,10
13.0229301453,80.2271881104,63651,63662,11
13.0227899551,80.2270584106,63662,63672,10
13.022600174,80.2268676758,63672,63682,10
13.0221204758,80.2264785767,63682,63692,10
13.0214796066,80.225982666,63692,63702,10
13.0208997726,80.2254867554,63702,63712,10
13.0201797485,80.2249984741,63712,63722,10
13.0193300247,80.2245025635,63722,63733,11
13.0180797577,80.2247924805,63733,63743,10
13.0170402527,80.2252120972,63743,63753,10
13.0166397095,80.2253875732,63753,63763,10
13.0164499283,80.2254714966,63763,63773,10
13.016119957,80.2255783081,63773,63783,10
13.0156698227,80.2257614136,63783,63793,10
13.0150499344,80.2260513306,63793,63803,10
13.014380455,80.2262802124,63803,63814,11
13.0143203735,80.22631073,63814,63824,10
13.0142698288,80.2262878418,63824,63834,10
13.0139102936,80.2264404297,63834,63844,10
13.0132598877,80.2266998291,63844,63854,10
13.0124597549,80.2270202637,63854,63864,10
13.0115499496,80.2273483276,63864,63874,10
13.0105304718,80.2277832031,63874,63885,11
13.0094203949,80.2282562256,63885,63895,10
13.0090999603,80.2290420532,63895,63905,10
13.0089197159,80.2299728394,63905,63915,10
13.0087604523,80.2308197021,63915,63925,10
13.0085802078,80.2316970825,63925,63935,10
13.0083999634,80.2326126099,63935,63945,10
13.0082597733,80.2335662842,63945,63976,31
13.0082597733,80.2335662842,63976,63986,10
13.0081796646,80.2337417603,63986,63996,10
13.0080699921,80.2342376709,63996,64006,10
13.0079402924,80.2350006104,64006,64016,10
13.0077495575,80.2359466553,64016,64026,10
13.0075502396,80.236907959,64026,64037,11
13.0073604584,80.2378463745,64037,64047,10
13.0072698593,80.2384033203,64047,64057,10
13.0071601868,80.2390975952,64057,64067,10
13.0070104599,80.2399215698,64067,64148,81
13.0070104599,80.2399215698,64148,64157,9
13.006939888,80.2403793335,64157,64168,11
13.0068798065,80.2406768799,64168,64178,10
13.0068502426,80.2407989502,64178,64189,11
13.0067501068,80.2413482666,64189,64199,10
13.0067195892,80.2420501709,64199,64209,10
13.0067100525,80.2427368164,64209,64219,10
13.0066995621,80.2433395386,64219,64229,10
13.0066900253,80.2438201904,64229,64239,10
13.0066900253,80.2443771362,64239,64249,10
13.0066795349,80.2449798584,64249,64259,10
13.0066995621,80.2455978394,64259,64270,11
13.0067195892,80.2462615967,64270,64280,10
13.0067396164,80.2467880249,64280,64290,10
13.0067195892,80.2473068237,64290,64381,91
13.0067195892,80.2473068237,64381,64391,10
13.0064496994,80.2473831177,64391,64401,10
13.0061197281,80.2474136353,64401,64411,10
13.0060501099,80.2474365234,64411,64422,11
13.0056295395,80.247428894,64422,64432,10
13.0048904419,80.2474212646,64432,64442,10
13.0039701462,80.2474975586,64442,64452,10
13.002869606,80.2476806641,64452,64462,10
13.0017595291,80.2479324341,64462,64472,10
13.000579834,80.2482299805,64472,64482,10
12.9993495941,80.2485275269,64482,64493,11
12.9981498718,80.248840332,64493,64503,10
12.9969701767,80.2490997314,64503,64513,10
12.9957199097,80.2494430542,64513,64523,10
12.9944200516,80.2497787476,64523,64533,10
12.9930801392,80.2500762939,64533,64543,10
12.9911203384,80.2506408691,64543,64563,20
12.9911203384,80.2506408691,64563,64574,11
12.9905700684,80.2507629395,64574,64584,10
12.9898099899,80.2509613037,64584,64594,10
12.9889698029,80.2511520386,64594,64604,10
12.9882097244,80.2514038086,64604,64878,274
12.9882097244,80.2514038086,64878,64888,10
12.9880104065,80.2513809204,64888,64898,10
12.9876804352,80.2514572144,64898,64908,10
12.9872903824,80.2515563965,64908,64918,10
12.9868202209,80.2517089844,64918,64928,10
12.9860801697,80.2518768311,64928,64938,10
12.9851999283,80.2521209717,64938,64949,11
12.9841403961,80.2524032593,64949,64959,10
12.9831695557,80.2526092529,64959,64969,10
12.9822301865,80.2526779175,64969,64979,10
12.9813203812,80.2526779175,64979,64989,10
12.9801502228,80.2527770996,64989,65009,20
12.9801502228,80.2527770996,65009,65019,10
12.979929924,80.2527389526,65019,65030,11
12.9794397354,80.2526931763,65030,65040,10
12.9788999557,80.2526397705,65040,65050,10
12.9786195755,80.2525787354,65050,65060,10
12.9785203934,80.2525177002,65060,65070,10
12.9781198502,80.2522506714,65070,65080,10
12.9775104523,80.2517166138,65080,65090,10
12.9766197205,80.2512969971,65090,65101,11
12.9754104614,80.2509307861,65101,65111,10
12.9742498398,80.2506027222,65111,65121,10
12.9731903076,80.2503128052,65121,65131,10
12.9722604752,80.2500610352,65131,65141,10
12.9712600708,80.249786377,65141,65151,10
12.9701404572,80.24949646,65151,65161,10
12.9689702988,80.2490234375,65161,65171,10
12.9680995941,80.2487030029,65171,65182,11
12.9667797089,80.2481002808,65182,65192,10
12.9660301208,80.2477493286,65192,65202,10
12.9652700424,80.2474594116,65202,65212,10
12.9652004242,80.247428894,65212,65222,10
12.9650602341,80.2473373413,65222,65232,10
12.9645595551,80.2471618652,65232,65242,10
12.9638204575,80.2468795776,65242,65253,11
12.9628801346,80.2464675903,65253,65263,10
12.9618997574,80.2460021973,65263,65273,10
12.9608898163,80.2455291748,65273,65283,10
12.9599504471,80.2451171875,65283,65293,10
12.9593496323,80.2448425293,65293,65303,10
12.9593200684,80.2448425293,65303,65313,10
12.9589796066,80.2447128296,65313,65323,10
12.9583702087,80.2444381714,65323,65334,11
12.9576702118,80.2441635132,65334,65344,10
12.9565000534,80.2436599731,65344,65435,91
12.9565000534,80.2436599731,65435,65445,10
12.9563703537,80.2435836792,65445,65455,10
12.9559202194,80.2433776855,65455,65465,10
12.9551897049,80.2430801392,65465,65475,10
12.9543399811,80.2427215576,65475,65486,11
12.9535198212,80.2423629761,65486,65496,10
12.9526796341,80.2420196533,65496,65506,10
12.9518604279,80.2417602539,65506,65516,10
12.9517402649,80.2417221069,65516,65526,10
12.9515104294,80.2416534424,65526,65536,10
12.9509296417,80.2414398193,65536,65546,10
12.9501399994,80.2412109375,65546,65557,11
12.9490804672,80.2408828735,65557,65567,10
12.9480495453,80.2404403687,65567,65577,10
12.9472799301,80.2401199341,65577,65587,10
12.9471998215,80.2400894165,65587,65597,10
12.9469003677,80.2399520874,65597,65607,10
12.9463300705,80.2397079468,65607,65617,10
12.9455795288,80.2393875122,65617,65627,10
12.9448204041,80.2388000488,65627,65638,11
12.9439601898,80.2378921509,65638,65648,10
12.9430904388,80.2369613647,65648,65658,10
12.9419403076,80.2363891602,65658,65668,10
12.9407701492,80.2361068726,65668,65678,10
12.9401102066,80.2359237671,65678,65688,10
12.9397201538,80.2358016968,65688,65698,10
12.939620018,80.235748291,65698,65709,11
12.9390201569,80.235458374,65709,65719,10
12.938249588,80.2350769043,65719,65729,10
12.9373197556,80.2346496582,65729,65739,10
12.9364900589,80.2342376709,65739,65749,10
12.9361495972,80.2340316772,65749,65759,10
12.9358196259,80.2338485718,65759,65769,10
12.935210228,80.233581543,65769,65779,10
12.9337797165,80.2329483032,65779,65800,21
12.9337797165,80.2329483032,65800,65810,10
12.9333600998,80.2327575684,65810,65820,10
12.9326601028,80.2324829102,65820,65830,10
12.9317598343,80.2321777344,65830,65840,10
12.9306602478,80.231842041,65840,65850,10
12.9295902252,80.231552124,65850,65860,10
12.9285802841,80.2313308716,65860,65871,11
12.9273004532,80.2311401367,65871,65881,10
12.9263696671,80.2310409546,65881,65891,10
12.9260997772,80.2310180664,65891,65901,10
12.9257698059,80.2309799194,65901,65911,10
12.925160408,80.2309265137,65911,65921,10
12.9243202209,80.2308273315,65921,65931,10
12.9233703613,80.2306976318,65931,65942,11
12.9221200943,80.2304763794,65942,65952,10
12.9208402634,80.2303009033,65952,65962,10
12.919500351,80.2301177979,65962,65972,10
12.9182100296,80.2299728394,65972,65982,10
12.9173202515,80.229850769,65982,65992,10
12.9165802002,80.2297668457,65992,66002,10
12.9156703949,80.2296524048,66002,66013,11
12.9144697189,80.2295074463,66013,66023,10
12.9137401581,80.2293930054,66023,66033,10
12.9134302139,80.2293395996,66033,66043,10
12.913310051,80.2293319702,66043,66053,10
12.9127998352,80.2292327881,66053,66063,10
12.9119901657,80.229133606,66063,66073,10
12.9110002518,80.2289581299,66073,66083,10
12.9098501205,80.228767395,66083,66094,11
12.9084701538,80.2285690308,66094,66104,10
12.9071302414,80.2283935547,66104,66246,142
12.9071302414,80.2283935547,66246,66256,10
12.9071102142,80.2284927368,66256,66266,10
12.9069404602,80.2284698486,66266,66276,10
12.9068603516,80.2284622192,66276,66286,10
12.9064598083,80.2283706665,66286,66296,10
12.90583992,80.2283096313,66296,66306,10
12.9049901962,80.2282562256,66306,66317,11
12.9040699005,80.2281799316,66317,66327,10
12.9031200409,80.2281265259,66327,66337,10
12.9020204544,80.2280578613,66337,66347,10
12.9012498856,80.2280502319,66347,66408,61
12.9012498856,80.2280502319,66408,66418,10
12.9009504318,80.2279968262,66418,66428,10
12.90046978,80.2279510498,66428,66438,10
12.9000597,80.2279510498,66438,66448,10
12.8995599747,80.2279510498,66448,66458,10
12.8994903564,80.2279586792,66458,66469,11
12.8989801407,80.2278900146,66469,66479,10
12.898229599,80.2278213501,66479,66489,10
12.897310257,80.2277679443,66489,66499,10
12.8962402344,80.2276992798,66499,66509,10
12.89523983,80.2276382446,66509,66519,10
12.8942804337,80.2275924683,66519,66529,10
12.8931903839,80.2274627686,66529,66539,10
12.8923797607,80.2273788452,66539,66550,11
12.8914203644,80.2273712158,66550,66560,10
12.8903398514,80.2274093628,66560,66570,10
12.8891000748,80.2274017334,66570,66580,10
12.8878097534,80.2273101807,66580,66590,10
12.886469841,80.2270812988,66590,66600,10
12.8852500916,80.2267837524,66600,66610,10
12.8847999573,80.2267379761,66610,66620,10
12.8846797943,80.2267532349,66620,66631,11
12.8841600418,80.2267379761,66631,66641,10
12.8833599091,80.2267379761,66641,66651,10
12.8822603226,80.2267608643,66651,66661,10
12.8810796738,80.2267379761,66661,66671,10
12.8798103333,80.2267837524,66671,66681,10
12.8785295486,80.2268066406,66681,66691,10
12.8773403168,80.2268981934,66691,66702,11
12.8764200211,80.2269973755,66702,66712,10
12.87637043,80.2269973755,66712,66722,10
12.8759298325,80.2270126343,66722,66732,10
12.8751802444,80.2269668579,66732,66742,10
12.8742198944,80.2268295288,66742,66752,10
12.8731298447,80.2267303467,66752,66762,10
12.8726596832,80.2267379761,66762,66772,10
12.8723897934,80.2267303467,66772,66783,11
12.8716697693,80.2266998291,66783,66793,10
12.8707704544,80.2266311646,66793,66803,10
12.8696804047,80.2265396118,66803,66813,10
12.868470192,80.2264022827,66813,66823,10
12.867190361,80.2264709473,66823,66833,10
12.8658704758,80.226600647,66833,66843,10
12.8645401001,80.2265701294,66843,66854,11
12.8630599976,80.2265396118,66854,66864,10
12.8617401123,80.2266082764,66864,66874,10
12.8609600067,80.2266082764,66874,66884,10
12.860830307,80.2266082764,66884,66894,10
12.8603401184,80.2265472412,66894,66904,10
12.8595504761,80.2264404297,66904,66914,10
12.8585796356,80.2263031006,66914,66924,10
12.8574399948,80.2263031006,66924,66935,11
12.8560800552,80.2264404297,66935,66945,10
12.8547801971,80.2265472412,66945,66955,10
12.8534402847,80.2266769409,66955,66965,10
12.8520698547,80.2267074585,66965,66975,10
12.8506498337,80.2266998291,66975,66985,10
12.8492298126,80.2266464233,66985,66995,10
12.8478298187,80.2266082764,66995,67006,11
12.846329689,80.2266311646,67006,67016,10
12.845459938,80.2266616821,67016,67026,10
12.845410347,80.2266616821,67026,67036,10
12.8453903198,80.2266693115,67036,67046,10
12.8450098038,80.2266769409,67046,67056,10
12.8442897797,80.2267532349,67056,67066,10
12.8434200287,80.2268295288,67066,67076,10
12.8423204422,80.2270431519,67076,67087,11
12.8409700394,80.2273712158,67087,67097,10
12.840180397,80.2275695801,67097,67107,10
12.8397302628,80.227722168,67107,67117,10
12.8396596909,80.2277679443,67117,67127,10
12.8393802643,80.2278289795,67127,67137,10
12.8387498856,80.2279586792,67137,67147,10
12.8379001617,80.2281723022,67147,67158,11
12.8367004395,80.2283401489,67158,67168,10
12.8354501724,80.2285232544,67168,67178,10
12.8341398239,80.2287216187,67178,67188,10
12.8322000504,80.229133606,67188,67218,30
12.8322000504,80.229133606,67218,67228,10
12.8321199417,80.2291793823,67228,67239,11
12.831990242,80.2292404175,67239,67249,10
12.8318796158,80.2292480469,67249,67259,10
12.8318595886,80.2292480469,67259,67269,10
12.8315696716,80.2292861938,67269,67279,10
12.8310804367,80.2294387817,67279,67289,10
12.8308095932,80.2295227051,67289,67299,10
12.8305797577,80.2296218872,67299,67310,11
12.8300199509,80.2297973633,67310,67320,10
12.8293800354,80.2300491333,67320,67330,10
12.8286600113,80.2303771973,67330,67340,10
12.8278398514,80.2308273315,67340,67350,10
12.82695961,80.2312393188,67350,67360,10
12.8261604309,80.231338501,67360,67370,10
12.8253097534,80.2313766479,67370,67380,10
12.8244104385,80.2313079834,67380,67391,11
12.8233604431,80.2310180664,67391,67401,10
12.8223600388,80.23072052,67401,67411,10
12.8213596344,80.2304916382,67411,67421,10
12.8203496933,80.23046875,67421,67431,10
12.8188896179,80.2304763794,67431,67482,51
12.8188896179,80.2304763794,67482,67492,10
12.8184995651,80.2303390503,67492,67502,10
12.8178596497,80.2300415039,67502,67512,10
12.8170204163,80.2296829224,67512,67522,10
12.8159399033,80.2294387817,67522,67532,10
12.8147602081,80.2292480469,67532,67543,11
12.8134002686,80.2289276123,67543,67553,10
12.8121795654,80.2285232544,67553,67563,10
12.810959816,80.2281036377,67563,67573,10
12.8097600937,80.2275924683,67573,67583,10
12.8086996078,80.2269287109,67583,67593,10
12.8077096939,80.2260971069,67593,67603,10
12.8068399429,80.2253265381,67603,67614,11
12.8061504364,80.2247314453,67614,67624,10
12.8055200577,80.2242279053,67624,67634,10
12.8049297333,80.2240524292,67634,67644,10
12.8049097061,80.2240371704,67644,67654,10
12.8047800064,80.2239990234,67654,67664,10
12.8042802811,80.2239379883,67664,67674,10
12.8035001755,80.2238693237,67674,67684,10
12.8025999069,80.2237625122,67684,67695,11
12.8014802933,80.2236328125,67695,67704,9
12.8009595871,80.2235870361,67704,67715,11
12.8008403778,80.2235565186,67715,67725,10
12.800359726,80.2235183716,67725,67735,10
12.7995901108,80.2234573364,67735,67745,10
12.7986898422,80.2233963013,67745,67755,10
12.7975797653,80.2232589722,67755,67766,11
12.7964897156,80.2230606079,67766,67776,10
12.7958202362,80.2229614258,67776,67786,10
12.7958202362,80.2229537964,67786,67796,10
12.7954998016,80.2228775024,67796,67806,10
12.794839859,80.2227783203,67806,67816,10
12.7939796448,80.2226333618,67816,67826,10
12.7929801941,80.2224731445,67826,67836,10
12.7919101715,80.2222518921,67836,67847,11
12.7906398773,80.2219314575,67847,67857,10
12.7897195816,80.2217025757,67857,67867,10
12.7892999649,80.2215805054,67867,67877,10
12.7888803482,80.2214202881,67877,67887,10
12.7883501053,80.2212219238,67887,67897,10
12.7878599167,80.2210235596,67897,67907,10
12.7874202728,80.2208633423,67907,67918,11
12.7869100571,80.2206726074,67918,67928,10
12.78647995,80.2205123901,67928,67938,10
12.786239624,80.220413208,67938,67948,10
12.7861700058,80.2205505371,67948,67978,30
12.7861700058,80.2205505371,67978,67988,10
12.7861700058,80.2206497192,67988,67999,11
12.7861700058,80.2208480835,67999,68009,10
12.7861700058,80.2211303711,68009,68019,10
12.7861995697,80.2214813232,68019,68029,10
12.7862701416,80.2218399048,68029,68039,10
12.7862796783,80.2220230103,68039,68191,152
12.7862796783,80.2220230103,68191,68201,10
12.7860403061,80.2218933105,68201,68485,284
12.7860403061,80.2218933105,68485,68495,10
12.7861604691,80.2219085693,68495,69407,912
12.7861604691,80.2219085693,69407,69417,10
12.7861700058,80.2215805054,69417,69427,10
12.7861499786,80.2213973999,69427,69437,10
12.7861204147,80.2210617065,69437,69448,11
12.7861099243,80.2208175659,69448,69458,10
12.7861099243,80.2205734253,69458,69478,20
12.7861099243,80.2205734253,69478,69488,10
12.7861499786,80.2203979492,69488,69539,51
12.7861499786,80.2203979492,69539,69549,10
12.7863302231,80.2203292847,69549,69559,10
12.7864904404,80.2203979492,69559,69569,10
12.786860466,80.2205429077,69569,69579,10
12.7873601913,80.2207336426,69579,69589,10
12.7879295349,80.2209472656,69589,69600,11
12.7886800766,80.2212371826,69600,69610,10
12.7894802094,80.2215423584,69610,69620,10
12.7901697159,80.2217407227,69620,69630,10
12.7911300659,80.2219696045,69630,69640,10
12.7923002243,80.2222366333,69640,69650,10
12.7936401367,80.2224578857,69650,69660,10
12.7950201035,80.2226867676,69660,69671,11
12.7961797714,80.2228775024,69671,69681,10
12.7962799072,80.2228775024,69681,69691,10
12.7963399887,80.2228775024,69691,69701,10
12.7967796326,80.2229690552,69701,69711,10
12.7975196838,80.2230987549,69711,69721,10
12.7983398438,80.2232208252,69721,69731,10
12.7992801666,80.2232971191,69731,69741,10
12.8003902435,80.2234115601,69741,69752,11
12.801320076,80.2235107422,69752,69762,10
12.8020200729,80.2235870361,69762,69772,10
12.80286026,80.2237014771,69772,69782,10
12.8036804199,80.2237701416,69782,69792,10
12.8040304184,80.2237930298,69792,69802,10
12.8045597076,80.2238464355,69802,69812,10
12.8052196503,80.2239608765,69812,69823,11
12.8055000305,80.224029541,69823,69833,10
12.8058300018,80.224281311,69833,69843,10
12.8063898087,80.2247924805,69843,69853,10
12.8071203232,80.2254562378,69853,69863,10
12.8079595566,80.2261505127,69863,69873,10
12.8088998795,80.2269363403,69873,69883,10
12.809920311,80.2275390625,69883,69893,10
12.8110198975,80.2279891968,69893,69904,11
12.8123703003,80.228477478,69904,69914,10
12.8136501312,80.2289199829,69914,69924,10
12.8149995804,80.2292175293,69924,69934,10
12.8163995743,80.2294235229,69934,69944,10
12.8177204132,80.2298431396,69944,69954,10
12.8189001083,80.2303619385,69954,69964,10
12.8197002411,80.2303771973,69964,69975,11
12.8198299408,80.2303771973,69975,69985,10
12.8199996948,80.2303771973,69985,69995,10
12.8201398849,80.2303619385,69995,70005,10
12.820690155,80.2303466797,70005,70015,10
12.8215503693,80.2304000854,70015,70025,10
12.8226299286,80.230682373,70025,70035,10
12.8238697052,80.2310180664,70035,70045,10
12.8251800537,80.2312774658,70045,70056,11
12.8267002106,80.2312011719,70056,70066,10
12.8278598785,80.23072052,70066,70076,10
12.8289299011,80.230140686,70076,70086,10
12.8298797607,80.2297363281,70086,70096,10
12.8307104111,80.2293701172,70096,70197,101
12.8310604095,80.2292709351,70197,70218,21
12.8310604095,80.2292709351,70218,70228,10
12.8312597275,80.2292098999,70228,70319,91
12.8312597275,80.2292098999,70319,70329,10
12.831580162,80.2290878296,70329,70339,10
12.8320999146,80.2289810181,70339,70349,10
12.8328895569,80.2288589478,70349,70360,11
12.8339300156,80.2286682129,70360,70370,10
12.8349599838,80.2285003662,70370,70380,10
12.8360595703,80.2283401489,70380,70390,10
12.8370599747,80.2282028198,70390,70400,10
12.8380002975,80.2280197144,70400,70410,10
12.8387699127,80.2278366089,70410,70420,10
12.8391895294,80.2276992798,70420,70430,10
12.8393201828,80.2276382446,70430,70441,11
12.8394603729,80.2276000977,70441,70451,10
12.8399095535,80.2274780273,70451,70461,10
12.8404598236,80.2273635864,70461,70471,10
12.8412599564,80.2271270752,70471,70481,10
12.8422298431,80.2268981934,70481,70491,10
12.8432598114,80.2266921997,70491,70501,10
12.8442296982,80.2265472412,70501,70512,11
12.8449401855,80.2265014648,70512,70522,10
12.8451795578,80.2265090942,70522,70532,10
12.8452997208,80.2265090942,70532,70542,10
12.8453798294,80.2265014648,70542,70552,10
12.8455896378,80.2264785767,70552,70562,10
12.8456602097,80.2264862061,70562,70572,10
12.8460302353,80.2264862061,70572,70583,11
12.8468198776,80.2264862061,70583,70593,10
12.8477497101,80.2265014648,70593,70603,10
12.8488197327,80.2264862061,70603,70613,10
12.8499803543,80.2265014648,70613,70623,10
12.8512401581,80.2265396118,70623,70633,10
12.8525400162,80.226600647,70633,70643,10
12.8538999557,80.2265396118,70643,70653,10
12.8552799225,80.2263870239,70653,70664,11
12.8568296432,80.2262420654,70664,70674,10
12.8581199646,80.2261428833,70674,70684,10
12.8591098785,80.2262268066,70684,70694,10
12.8601303101,80.2263793945,70694,70704,10
12.8610601425,80.2264633179,70704,70714,10
12.8620901108,80.2264404297,70714,70724,10
12.8632802963,80.2264099121,70724,70735,11
12.8647098541,80.2264709473,70735,70745,10
12.8661003113,80.2264633179,70745,70755,10
12.8675603867,80.2263336182,70755,70765,10
12.869020462,80.2263183594,70765,70775,10
12.8704900742,80.2264709473,70775,70785,10
12.8718099594,80.2265396118,70785,70795,10
12.8727798462,80.2265472412,70795,70805,10
12.8737697601,80.2266235352,70805,70815,10
12.8748598099,80.2267532349,70815,70826,11
12.8759698868,80.2268371582,70826,70836,10
12.8763799667,80.2268295288,70836,70846,10
12.8766202927,80.2268218994,70846,70856,10
12.8769197464,80.2268371582,70856,70866,10
12.8776102066,80.2267990112,70866,70876,10
12.8785295486,80.2267227173,70876,70886,10
12.879650116,80.2266769409,70886,70897,11
12.8810100555,80.2266387939,70897,70907,10
12.8823204041,80.2266311646,70907,70917,10
12.8836603165,80.2266082764,70917,70927,10
12.8848495483,80.2265777588,70927,70937,10
12.8851299286,80.2265777588,70937,70947,10
12.8854598999,80.2266387939,70947,70957,10
12.8861198425,80.2268066406,70957,70968,11
12.8871097565,80.2270431519,70968,70978,10
12.8881998062,80.227180481,70978,70988,10
12.8894195557,80.2272186279,70988,70998,10
12.8907203674,80.2272262573,70998,71008,10
12.8922300339,80.2272415161,71008,71049,41
12.8922300339,80.2272415161,71049,71059,10
12.892250061,80.2272109985,71059,71069,10
12.8926897049,80.2272796631,71069,71079,10
12.8934297562,80.2273788452,71079,71089,10
12.8943395615,80.2274780273,71089,71099,10
12.8954296112,80.2275390625,71099,71109,10
12.8965902328,80.2275695801,71109,71120,11
12.8979597092,80.2276611328,71120,71130,10
12.899189949,80.227722168,71130,71140,10
12.9000301361,80.2277374268,71140,71150,10
12.9002199173,80.2277374268,71150,71211,61
12.9006004333,80.2277374268,71211,71231,20
12.9006004333,80.2277374268,71231,71241,10
12.9008302689,80.2277679443,71241,71251,10
12.9013700485,80.2278366089,71251,71261,10
12.9020595551,80.2278823853,71261,71272,11
12.9027795792,80.2279129028,71272,71282,10
12.9028997421,80.227897644,71282,71292,10
12.903169632,80.2278900146,71292,71302,10
12.9037599564,80.2279586792,71302,71312,10
12.904589653,80.2280273438,71312,71322,10
12.9054298401,80.2280807495,71322,71332,10
12.9058799744,80.2280578613,71332,71342,10
12.9062299728,80.2281112671,71342,71353,11
12.9065504074,80.2281265259,71353,71363,10
12.9068803787,80.2281570435,71363,71373,10
12.9070396423,80.2281723022,71373,71383,10
12.9075698853,80.2282409668,71383,71393,10
12.9083795547,80.2283477783,71393,71403,10
12.9094400406,80.2285308838,71403,71413,10
12.9104099274,80.2286834717,71413,71424,11
12.9115600586,80.2288665771,71424,71434,10
12.912560463,80.2289962769,71434,71444,10
12.9132404327,80.2291030884,71444,71454,10
12.9136695862,80.2291412354,71454,71464,10
12.9138498306,80.2291793823,71464,71474,10
12.9139604568,80.2291793823,71474,71484,10
12.9144201279,80.2292480469,71484,71494,10
12.9152097702,80.2293319702,71494,71505,11
12.9161996841,80.2294921875,71505,71515,10
12.917140007,80.229637146,71515,71525,10
12.9181995392,80.2297668457,71525,71535,10
12.9191398621,80.2298965454,71535,71545,10
12.9198999405,80.2300033569,71545,71555,10
12.92070961,80.2301177979,71555,71565,10
12.9216804504,80.2302627563,71565,71576,11
12.9229297638,80.2304534912,71576,71586,10
12.9241800308,80.2306289673,71586,71596,10
12.925359726,80.230758667,71596,71606,10
12.926199913,80.2308273315,71606,71615,9
12.9263000488,80.2308425903,71615,71626,11
12.9267597198,80.2309188843,71626,71636,10
12.927479744,80.2310028076,71636,71646,10
12.9283599854,80.2311096191,71646,71657,11
12.9290599823,80.2312469482,71657,71667,10
12.9298000336,80.2314224243,71667,71677,10
12.9307203293,80.2316589355,71677,71687,10
12.9317598343,80.2320022583,71687,71697,10
12.9328899384,80.232383728,71697,71707,10
12.9335603714,80.232673645,71707,71717,10
12.9335899353,80.2326812744,71717,71728,11
12.9339799881,80.2328262329,71728,71738,10
12.9346399307,80.2331314087,71738,71748,10
12.9353199005,80.2334289551,71748,71758,10
12.9356002808,80.2335586548,71758,71768,10
12.9359798431,80.233757019,71768,71778,10
12.9366397858,80.2340927124,71778,71788,10
12.9374799728,80.2344894409,71788,71798,10
12.9384803772,80.234992981,71798,71809,11
12.9392404556,80.2353515625,71809,71819,10
12.9394903183,80.235458374,71819,71829,10
12.9395599365,80.235496521,71829,71839,10
12.9399795532,80.2357025146,71839,71849,10
12.9406604767,80.2358932495,71849,71859,10
12.9415502548,80.2361068726,71859,71869,10
12.9426002502,80.2364273071,71869,71880,11
12.9435596466,80.237159729,71880,71890,10
12.9443397522,80.23802948,71890,71900,10
12.9452104568,80.2389602661,71900,71910,10
12.946269989,80.2395324707,71910,71920,10
12.9473199844,80.239982605,71920,71930,10
12.9480600357,80.2402496338,71930,71940,10
12.9484395981,80.2403869629,71940,72001,61
12.9484395981,80.2403869629,72001,72011,10
12.9487199783,80.2404937744,72011,72021,10
12.9492301941,80.240737915,72021,72032,11
12.9500904083,80.2410125732,72032,72042,10
12.9506597519,80.2411422729,72042,72052,10
12.9506998062,80.2411499023,72052,72062,10
12.9510202408,80.2412490845,72062,72072,10
12.9514904022,80.2414169312,72072,72082,10
12.9520196915,80.2416305542,72082,72092,10
12.9526195526,80.2418518066,72092,72102,10
12.9534196854,80.2421569824,72102,72113,11
12.9538402557,80.2423095703,72113,72123,10
12.954460144,80.2425689697,72123,72133,10
12.9551496506,80.2428207397,72133,72142,9
12.9557199478,80.2430267334,72142,72153,11
12.9561901093,80.2432098389,72153,72163,10
12.9563398361,80.243270874,72163,72173,10
12.9566802979,80.2433776855,72173,72184,11
12.9574203491,80.2437362671,72184,72194,10
12.9582004547,80.2440795898,72194,72204,10
12.9587898254,80.2443008423,72204,72214,10
12.9589395523,80.2443771362,72214,72223,9
12.9592103958,80.2445220947,72223,72234,11
12.9598197937,80.2448120117,72234,72244,10
12.9606199265,80.2451934814,72244,72254,10
12.9615297318,80.2456207275,72254,72265,11
12.9625396729,80.246131897,72265,72275,10
12.9631595612,80.2463989258,72275,72305,30
12.9631595612,80.2463989258,72305,72315,10
12.9632797241,80.2464981079,72315,72325,10
12.9635295868,80.2465591431,72325,72336,11
12.9640798569,80.2468032837,72336,72346,10
12.9648199081,80.2470779419,72346,72356,10
12.9656896591,80.2473983765,72356,72366,10
12.9664697647,80.2477264404,72366,72376,10
12.9667797089,80.2478713989,72376,72386,10
12.9667901993,80.2478790283,72386,72396,10
12.9670200348,80.2480010986,72396,72406,10
12.9675798416,80.2482376099,72406,72417,11
12.9685001373,80.2486190796,72417,72427,10
12.969499588,80.2490310669,72427,72437,10
12.9706401825,80.2494888306,72437,72447,10
12.9718599319,80.2498168945,72447,72457,10
12.9731397629,80.2501602173,72457,72467,10
12.9743299484,80.2504806519,72467,72477,10
12.9754600525,80.2508087158,72477,72488,11
12.9766302109,80.251121521,72488,72498,10
12.9776697159,80.2516479492,72498,72508,10
12.9782896042,80.2521286011,72508,72518,10
12.9783496857,80.252166748,72518,72528,10
12.9784402847,80.2522201538,72528,72538,10
12.9788503647,80.2524185181,72538,72548,10
12.9792699814,80.2524490356,72548,72558,10
12.9794902802,80.2524795532,72558,72569,11
12.9799098969,80.252532959,72569,72579,10
12.9804496765,80.2525634766,72579,72589,10
12.9811697006,80.2525634766,72589,72599,10
12.9821300507,80.252532959,72599,72609,10
12.9832801819,80.2524414063,72609,72619,10
12.98416996,80.2521972656,72619,72629,10
12.98458004,80.2520828247,72629,72700,71
12.9845600128,80.2519607544,72700,72802,102
12.9845600128,80.2519607544,72802,72812,10
12.9846496582,80.2519836426,72812,72822,10
12.9850997925,80.2518997192,72822,72832,10
12.9855003357,80.2518081665,72832,72842,10
12.9859199524,80.2516784668,72842,72852,10
12.9863796234,80.2515869141,72852,72862,10
12.9869203568,80.2514572144,72862,72873,11
12.9874401093,80.2512893677,72873,72883,10
12.987859726,80.2511978149,72883,72893,10
12.9885902405,80.2510223389,72893,72903,10
12.9893398285,80.2508010864,72903,72912,9
12.9894104004,80.2508010864,72912,72923,11
12.9898996353,80.2506713867,72923,72933,10
12.9906702042,80.2504882813,72933,72944,11
12.9917402267,80.2502212524,72944,72954,10
12.9928703308,80.2499237061,72954,72964,10
12.9941196442,80.2496109009,72964,72974,10
12.9953899384,80.2492980957,72974,72984,10
12.9966402054,80.2489776611,72984,72994,10
12.9979400635,80.248626709,72994,73004,10
12.9992799759,80.248298645,73004,73014,10
13.0007600784,80.2479324341,73014,73025,11
13.0020198822,80.2476196289,73025,73035,10
13.0030403137,80.247428894,73035,73045,10
13.0042104721,80.2472610474,73045,73055,10
13.0053796768,80.2470779419,73055,73065,10
13.0061197281,80.2468032837,73065,73075,10
13.0064001083,80.2464675903,73075,73085,10
13.0064201355,80.2464523315,73085,73096,11
13.0065202713,80.2460174561,73096,73106,10
13.0065498352,80.2452774048,73106,73116,10
13.006529808,80.2444381714,73116,73126,10
13.0065402985,80.2438201904,73126,73136,10
13.0065202713,80.2431182861,73136,73146,10
13.0065097809,80.2422866821,73146,73156,10
13.0065097809,80.2413406372,73156,73166,10
13.0066003799,80.2406768799,73166,73177,11
13.0067195892,80.2401428223,73177,73187,10
13.0067796707,80.2395172119,73187,73196,9
13.0069904327,80.2386703491,73196,73207,11
13.0071897507,80.237739563,73207,73217,10
13.0073099136,80.2371902466,73217,73227,10
13.0073204041,80.237159729,73227,73237,10
13.0073604584,80.2370223999,73237,73248,11
13.0074901581,80.2364578247,73248,73258,10
13.0076398849,80.2357025146,73258,73268,10
13.0078201294,80.2347488403,73268,73277,9
13.008020401,80.2337417603,73277,73288,11
13.008310318,80.2322769165,73288,73298,10
13.0085601807,80.2309265137,73298,73308,10
13.0087900162,80.2295913696,73308,73318,10
13.0090398788,80.2283706665,73318,73329,11
13.0095500946,80.2271575928,73329,73339,10
13.0100097656,80.2261962891,73339,73349,10
13.0102396011,80.225692749,73349,73359,10
13.0104904175,80.2251434326,73359,73369,10
13.0106801987,80.2247467041,73369,73379,10
13.0107803345,80.2244873047,73379,73389,10
13.0110197067,80.2239303589,73389,73400,11
13.011349678,80.2231369019,73400,73410,10
13.0116596222,80.2223968506,73410,73420,10
13.0120000839,80.2215194702,73420,73430,10
13.0123596191,80.2214584351,73430,73440,10
13.0126495361,80.2219467163,73440,73450,10
13.0132198334,80.2224884033,73450,73460,10
13.0137395859,80.2230987549,73460,73470,10
13.0142402649,80.2234725952,73470,73481,11
13.0146198273,80.2239303589,73481,73491,10
13.0150003433,80.2244262695,73491,73501,10
13.0152702332,80.2247390747,73501,73511,10
13.0155601501,80.2249603271,73511,73521,10
13.0157604218,80.2250976563,73521,73531,10
13.0163898468,80.2251968384,73531,73541,10
13.0171298981,80.2249679565,73541,73552,11
13.0181398392,80.224571228,73552,73562,10
13.0189599991,80.2242584229,73562,73572,10
13.0195102692,80.2242965698,73572,73592,20
13.0195102692,80.2242965698,73592,73602,10
13.0195999146,80.2244110107,73602,73612,10
13.0198602676,80.2245788574,73612,73622,10
13.0203199387,80.2249221802,73622,73633,11
13.0208702087,80.2252807617,73633,73643,10
13.0213804245,80.2256698608,73643,73653,10
13.0219802856,80.2261581421,73653,73663,10
13.0226402283,80.2266769409,73663,73673,10
13.0231895447,80.2271728516,73673,73683,10
13.0237197876,80.2276382446,73683,73693,10
13.0240402222,80.2279815674,73693,73704,11
13.0240802765,80.2279968262,73704,73714,10
13.0242795944,80.2282714844,73714,73764,50
13.0242795944,80.2282714844,73764,73774,10
13.0243797302,80.2283782959,73774,73785,11
13.0244102478,80.2284393311,73785,73795,10
13.0242300034,80.2285079956,73795,73805,10
13.0240402222,80.228302002,73805,73815,10
13.0238399506,80.2280578613,73815,73825,10
13.0234603882,80.2276916504,73825,73987,162
13.0233097076,80.2275390625,73987,74008,21
13.0233097076,80.2275390625,74008,74018,10
13.0230703354,80.2272796631,74018,74028,10
13.0227499008,80.2269973755,74028,74038,10
13.0223503113,80.2266311646,74038,74048,10
13.0218000412,80.2261505127,74048,74058,10
13.0212697983,80.225730896,74058,74068,10
13.0207300186,80.2253417969,74068,74078,10
13.0200500488,80.2248764038,74078,74089,11
13.0190696716,80.2244567871,74089,74099,10
13.017950058,80.224822998,74099,74109,10
13.0169801712,80.2252426147,74109,74119,10
13.0164699554,80.2254333496,74119,74129,10
13.0162000656,80.2255172729,74129,74139,10
13.0156602859,80.2257232666,74139,74149,10
13.0150604248,80.2259674072,74149,74160,11
13.0143699646,80.226272583,74160,74180,20
13.0143699646,80.226272583,74180,74190,10
13.0138998032,80.2264175415,74190,74200,10
13.0132904053,80.2266387939,74200,74210,10
13.0124797821,80.2269592285,74210,74220,10
13.0115203857,80.2273330688,74220,74230,10
13.0104598999,80.2277374268,74230,74241,11
13.0094003677,80.2282333374,74241,74251,10
13.009059906,80.2290420532,74251,74261,10
13.0088796616,80.2300491333,74261,74271,10
13.0087203979,80.2310791016,74271,74281,10
13.0084896088,80.2321395874,74281,74291,10
13.008310318,80.2330780029,74291,74301,10
13.0082902908,80.2334671021,74301,74312,11
13.0081996918,80.2337875366,74312,74322,10
13.0080604553,80.2343902588,74322,74332,10
13.007900238,80.2352523804,74332,74342,10
13.0076999664,80.2362594604,74342,74352,10
13.0074596405,80.2373886108,74352,74362,10
13.0072603226,80.2384109497,74362,74372,10
13.0070800781,80.2392501831,74372,74382,10
13.0069999695,80.2398834229,74382,74393,11
13.0069599152,80.2400970459,74393,74403,10
13.0069599152,80.2402191162,74403,74413,10
13.0068702698,80.2406997681,74413,74423,10
13.0068101883,80.2409591675,74423,74433,10
13.0067596436,80.2416000366,74433,74443,10
13.0067396164,80.242477417,74443,74453,10
13.0067195892,80.2435379028,74453,74474,21
13.0067195892,80.2435379028,74474,74484,10
13.0067396164,80.2436904907,74484,74494,10
13.0067300797,80.2440872192,74494,74504,10
13.0067396164,80.2444076538,74504,74514,10
13.0067596436,80.2446594238,74514,74524,10
13.0067396164,80.244972229,74524,74534,10
13.0067501068,80.2454376221,74534,74545,11
13.0067596436,80.2457885742,74545,74555,10
13.0067596436,80.2460021973,74555,74565,10
13.006770134,80.2461471558,74565,74575,10
13.0067796707,80.2462005615,74575,74585,10
13.006770134,80.2465286255,74585,74595,10
13.0067796707,80.2471389771,74595,74605,10
13.0064201355,80.2473678589,74605,74616,11
13.006310463,80.2473678589,74616,74626,10
13.0059995651,80.2473220825,74626,74636,10
13.0052995682,80.2473373413,74636,74646,10
13.0043697357,80.2474136353,74646,74656,10
13.0032196045,80.2475814819,74656,74666,10
13.0019702911,80.2478485107,74666,74676,10
13.0006904602,80.2481613159,74676,74686,10
12.9994001389,80.2484817505,74686,74697,11
12.9980697632,80.2488098145,74697,74707,10
12.9969997406,80.2490615845,74707,74717,10
12.995929718,80.2493362427,74717,74727,10
12.9948997498,80.2496414185,74727,74737,10
12.9938802719,80.2499313354,74737,74747,10
12.9928998947,80.2501373291,74747,74757,10
12.9919595718,80.2503585815,74757,74768,11
12.9911603928,80.2506103516,74768,74778,10
12.9910001755,80.2506637573,74778,74788,10
12.9905395508,80.2507476807,74788,74798,10
12.9901199341,80.2508392334,74798,74808,10
12.9896202087,80.2509765625,74808,74817,9
12.9894599915,80.2510375977,74817,74828,11
12.9892902374,80.2510986328,74828,74838,10
12.9888601303,80.2511978149,74838,74849,11
12.988240242,80.2513809204,74849,74859,10
12.987739563,80.2514877319,74859,74869,10
12.9875802994,80.2515411377,74869,74879,10
12.9872903824,80.2516098022,74879,74889,10
12.9869003296,80.2517166138,74889,74899,10
12.9865102768,80.2518081665,74899,74909,10
12.9861698151,80.2518386841,74909,74920,11
12.9853801727,80.2520294189,74920,74930,10
12.9844398499,80.2523117065,74930,74940,10
12.9833297729,80.2525787354,74940,74950,10
12.9820804596,80.2526702881,74950,74960,10
12.9808702469,80.2527236938,74960,74970,10
12.9800300598,80.2527389526,74970,74980,10
12.979470253,80.2526626587,74980,74990,10
12.9787197113,80.2525863647,74990,75001,11
12.9786100388,80.2525405884,75001,75011,10
12.9781799316,80.2522735596,75011,75021,10
12.9777803421,80.2519073486,75021,75031,10
12.9771604538,80.2514419556,75031,75041,10
12.9761695862,80.251121521,75041,75051,10
12.9749803543,80.2507781982,75051,75061,10
12.9736995697,80.2504501343,75061,75072,11
12.9722995758,80.2500762939,75072,75082,10
12.9711198807,80.24974823,75082,75092,10
12.9701099396,80.2493972778,75092,75102,10
12.9690103531,80.2489471436,75102,75112,10
12.967880249,80.2485275269,75112,75121,9
12.9674701691,80.2483520508,75121,75132,11
12.9672002792,80.2482070923,75132,75142,10
12.9669799805,80.2480926514,75142,75153,11
12.9666004181,80.2479171753,75153,75163,10
12.9663000107,80.2477874756,75163,75173,10
12.9657697678,80.2475585938,75173,75183,10
12.9652099609,80.2473373413,75183,75193,10
12.9645996094,80.2471389771,75193,75203,10
12.9639797211,80.2469024658,75203,75213,10
12.96352005,80.2467269897,75213,75224,11
12.962679863,80.246307373,75224,75234,10
12.9617004395,80.24584198,75234,75244,10
12.9608802795,80.2454376221,75244,75254,10
12.9603004456,80.2451934814,75254,75264,10
12.9597997665,80.2450027466,75264,75274,10
12.9596395493,80.2449188232,75274,75284,10
12.9594898224,80.2448272705,75284,75294,10
12.9592504501,80.2446975708,75294,75305,11
12.9587202072,80.244468689,75305,75315,10
12.9579896927,80.244178772,75315,75325,10
12.9573602676,80.2439498901,75325,75335,10
12.9568500519,80.2437133789,75335,75345,10
12.956700325,80.2436828613,75345,75365,20
12.956700325,80.2436828613,75365,75376,11
12.9565601349,80.2436065674,75376,75416,40
12.9565601349,80.2436065674,75416,75426,10
12.9564800262,80.243598938,75426,75436,10
12.9560403824,80.2433700562,75436,75446,10
12.9552898407,80.243019104,75446,75457,11
12.9543800354,80.2426528931,75457,75467,10
12.9535999298,80.2423400879,75467,75477,10
12.9527397156,80.2419967651,75477,75487,10
12.9521398544,80.2417831421,75487,75497,10
12.9519996643,80.2417526245,75497,75507,10
12.9519300461,80.2417221069,75507,75517,10
12.9515104294,80.2415390015,75517,75528,11
12.9506702423,80.2412719727,75528,75538,10
12.9499101639,80.2410736084,75538,75548,10
12.9496097565,80.2409591675,75548,75558,10
12.9492502213,80.240852356,75558,75568,10
12.9487400055,80.2406234741,75568,75578,10
12.9479503632,80.2403030396,75578,75588,10
12.9473600388,80.2400665283,75588,75598,10
12.9471998215,80.2400131226,75598,75609,11
12.9468002319,80.2398300171,75609,75619,10
12.9461402893,80.2395477295,75619,75629,10
12.9453296661,80.2391586304,75629,75639,10
12.944560051,80.2384109497,75639,75649,10
12.9437503815,80.2375335693,75649,75659,10
12.9428596497,80.2367095947,75659,75669,10
12.9416399002,80.2362594604,75669,75680,11
12.940369606,80.2359695435,75680,75690,10
12.9399595261,80.2358627319,75690,75700,10
12.9396095276,80.2356796265,75700,75710,10
12.9389095306,80.2353515625,75710,75720,10
12.9381198883,80.2349395752,75720,75730,10
12.9372196198,80.2345123291,75730,75740,10
12.9363498688,80.2341079712,75740,75750,10
12.9356899261,80.233757019,75750,75761,11
12.9347600937,80.2333602905,75761,75771,10
12.9341201782,80.2330780029,75771,75781,10
12.934009552,80.233001709,75781,75790,9
12.9339103699,80.2329177856,75790,75801,11
12.9334602356,80.2327423096,75801,75811,10
12.9327201843,80.2324295044,75811,75821,10
12.9317302704,80.2321090698,75821,75832,11
12.9304504395,80.2317123413,75832,75842,10
12.9294395447,80.2314376831,75842,75852,10
12.9285402298,80.2312698364,75852,75862,10
12.9274702072,80.2311325073,75862,75872,10
12.9263000488,80.2310409546,75872,75892,20
12.9263000488,80.2310409546,75892,75902,10
12.9259195328,80.2309799194,75902,75913,11
12.9251699448,80.2308807373,75913,75923,10
12.9242897034,80.2307662964,75923,75933,10
12.9232196808,80.2306137085,75933,75943,10
12.9219799042,80.2304229736,75943,75953,10
12.9206800461,80.2302474976,75953,75963,10
12.9193601608,80.2300796509,75963,75973,10
12.9180603027,80.2299118042,75973,75984,11
12.9171104431,80.2297897339,75984,75994,10
12.9163503647,80.2296829224,75994,76004,10
12.9153499603,80.2295532227,76004,76014,10
12.9142799377,80.2294082642,76014,76024,10
12.9136199951,80.229309082,76024,76034,10
12.9130096436,80.2292175293,76034,76044,10
12.9122200012,80.2291107178,76044,76054,10
12.9111604691,80.2289733887,76054,76065,11
12.9098501205,80.228767395,76065,76075,10
12.9086303711,80.2285919189,76075,76085,10
12.9076099396,80.2284164429,76085,76095,10
12.9069900513,80.2283630371,76095,76156,61
12.9069900513,80.2283630371,76156,76166,10
12.9068698883,80.228302002,76166,76176,10
12.9064302444,80.228302002,76176,76186,10
12.9056501389,80.2282333374,76186,76196,10
12.904709816,80.2281799316,76196,76206,10
12.903840065,80.2281417847,76206,76217,11
12.9027500153,80.2280807495,76217,76227,10
12.9022302628,80.2280578613,76227,76247,20
12.9022302628,80.2280578613,76247,76257,10
12.9020500183,80.2280883789,76257,76267,10
12.9016895294,80.2281112671,76267,76277,10
12.9012203217,80.2280807495,76277,76288,11
12.9006595612,80.2280426025,76288,76298,10
12.8997097015,80.2279586792,76298,76318,20
12.8997097015,80.2279586792,76318,76328,10
12.8993597031,80.2279510498,76328,76338,10
12.8986997604,80.227897644,76338,76348,10
12.8978204727,80.2278366089,76348,76358,10
12.896780014,80.2277832031,76358,76369,11
12.8955698013,80.2277374268,76369,76379,10
12.8946504593,80.2276992798,76379,76389,10
12.8937301636,80.2276306152,76389,76399,10
12.892780304,80.2275390625,76399,76419,20
12.8927097321,80.2275314331,76419,76440,21
12.8927097321,80.2275314331,76440,76450,10
12.8924503326,80.2275085449,76450,76460,10
12.8918800354,80.2274627686,76460,76470,10
12.8910198212,80.227432251,76470,76480,10
12.8899803162,80.2274093628,76480,76490,10
12.888999939,80.2274169922,76490,76500,10
12.8880901337,80.2273712158,76500,76510,10
12.8870096207,80.2272186279,76510,76521,11
12.8858299255,80.2269210815,76521,76531,10
12.8848800659,80.2267913818,76531,76551,20
12.8848800659,80.2267913818,76551,76561,10
12.8846797943,80.2267532349,76561,76571,10
12.8840799332,80.2267532349,76571,76581,10
12.8831996918,80.2267379761,76581,76592,11
12.881939888,80.2267608643,76592,76602,10
12.8808403015,80.2267684937,76602,76612,10
12.8797197342,80.2267684937,76612,76622,10
12.8784198761,80.2268371582,76622,76632,10
12.8772001266,80.2269363403,76632,76642,10
12.8766298294,80.2270202637,76642,76652,10
12.8763303757,80.2270278931,76652,76662,10
12.8756399155,80.2270126343,76662,76673,11
12.8746299744,80.2269134521,76673,76683,10
12.8735599518,80.2267990112,76683,76693,10
12.8723201752,80.2267532349,76693,76703,10
12.8709697723,80.2266998291,76703,76713,10
12.8695898056,80.2265701294,76713,76723,10
12.8682603836,80.2264404297,76723,76733,10
12.8669996262,80.2265319824,76733,76744,11
12.8655996323,80.2266464233,76744,76754,10
12.8643398285,80.226600647,76754,76764,10
12.8631000519,80.2265625,76764,76774,10
12.8619403839,80.2266082764,76774,76784,10
12.8612003326,80.2266464233,76784,76794,10
12.861120224,80.2266616821,76794,76804,10
12.8606500626,80.2266235352,76804,76814,10
12.8598499298,80.2265319824,76814,76825,11
12.8588199615,80.2263793945,76825,76835,10
12.8578195572,80.2263031006,76835,76845,10
12.8566503525,80.2263717651,76845,76855,10
12.8553600311,80.2265014648,76855,76865,10
12.8540296555,80.2266235352,76865,76875,10
12.8527002335,80.2266998291,76875,76885,10
12.8513803482,80.2266616821,76885,76896,11
12.8499698639,80.2266235352,76896,76906,10
12.8487300873,80.2266235352,76906,76916,10
12.8474798203,80.2266235352,76916,76926,10
12.8463697433,80.2266464233,76926,76936,10
12.8455896378,80.2266387939,76936,76946,10
12.8453903198,80.2266464233,76946,76956,10
12.8451700211,80.2266464233,76956,76966,10
12.8445596695,80.2266769409,76966,76977,11
12.8436098099,80.2267684937,76977,76987,10
12.8425502777,80.2269592285,76987,76997,10
12.8413696289,80.2272491455,76997,77007,10
12.8403501511,80.2275466919,77007,77017,10
12.8396997452,80.2277603149,77017,77037,20
12.8396997452,80.2277603149,77037,77048,11
12.8395996094,80.2277984619,77048,77058,10
12.8391799927,80.2278671265,77058,77068,10
12.838470459,80.2280426025,77068,77078,10
12.8375101089,80.2282333374,77078,77088,10
12.8363304138,80.2284011841,77088,77098,10
12.835100174,80.2285766602,77098,77108,10
12.833820343,80.2287902832,77108,77118,10
12.8326501846,80.2290115356,77118,77129,11
12.8317298889,80.2291793823,77129,77139,10
12.8315401077,80.2289428711,77139,77149,10
12.8315095901,80.2287368774,77149,77159,10
12.8313999176,80.2281723022,77159,77169,10
12.8312397003,80.2273635864,77169,77179,10
12.8310499191,80.2264022827,77179,77189,10
12.831029892,80.2253723145,77189,77200,11
12.8310403824,80.2247695923,77200,77210,10
12.8310403824,80.2244033813,77210,77220,10
12.8310403824,80.223739624,77220,77230,10
12.8310499191,80.222869873,77230,77240,10
12.8310604095,80.2222824097,77240,77250,10
12.8310499191,80.221786499,77250,77260,10
12.8310403824,80.2211074829,77260,77270,10
12.8310699463,80.2203826904,77270,77281,11
12.8310604095,80.2197799683,77281,77291,10
12.8308095932,80.2195129395,77291,77300,9
12.8302202225,80.2194900513,77300,77311,11
12.829369545,80.2194824219,77311,77321,10
12.8285903931,80.2194824219,77321,77330,9
12.827750206,80.2194671631,77330,77341,11
12.8273696899,80.2194824219,77341,77352,11
12.8267002106,80.2194671631,77352,77362,10
12.8261299133,80.2194824219,77362,77372,10
12.8258495331,80.2193603516,77372,77382,10
12.8258304596,80.219039917,77382,77392,10
12.8258199692,80.218460083,77392,77402,10
12.8258399963,80.217628479,77402,77412,10
12.8258399963,80.2168807983,77412,77422,10
12.8258399963,80.2162322998,77422,77433,11
12.8251600266,80.2160415649,77433,77443,10
12.8250703812,80.2160415649,77443,77473,30
12.8250703812,80.2160415649,77473,77483,10
12.8248195648,80.2160491943,77483,77493,10
12.8243398666,80.2160491943,77493,77504,11
12.8235797882,80.2160568237,77504,77514,10
12.8228797913,80.2160491943,77514,77524,10
12.8226499557,80.2161712646,77524,77534,10
12.8226699829,80.2167892456,77534,77544,10
12.8226699829,80.2176208496,77544,77554,10
12.8226499557,80.2185592651,77554,77564,10
12.822640419,80.2191467285,77564,77574,10
12.822810173,80.2193984985,77574,77585,11
12.8234701157,80.2193832397,77585,77595,10
12.8242397308,80.2193603516,77595,77605,10
12.8249797821,80.219367981,77605,77615,10
12.8255596161,80.2193527222,77615,77635,20
12.8255596161,80.2193527222,77635,77645,10
12.8256702423,80.2193527222,77645,77656,11
12.8261203766,80.2193374634,77656,77666,10
12.8267602921,80.219329834,77666,77676,10
12.8274402618,80.2193527222,77676,77725,49
12.8274402618,80.2193527222,77725,77737,12
12.8276195526,80.219367981,77737,77747,10
12.8280496597,80.2193832397,77747,77757,10
12.8286800385,80.2193832397,77757,77767,10
12.8294401169,80.2193832397,77767,77777,10
12.830329895,80.2193984985,77777,77787,10
12.830789566,80.2193908691,77787,77797,10
12.8311300278,80.2196121216,77797,77808,11
12.8311500549,80.220451355,77808,77818,10
12.8311395645,80.2213897705,77818,77828,10
12.8311395645,80.2220916748,77828,77838,10
12.8311300278,80.2224807739,77838,77848,10
12.8311300278,80.2231903076,77848,77858,10
12.8311300278,80.2240600586,77858,77868,10
12.8311300278,80.2246627808,77868,77878,10
12.8311195374,80.2250900269,77878,77889,11
12.8311004639,80.2259292603,77889,77899,10
12.8312101364,80.2268829346,77899,77909,10
12.8314304352,80.227897644,77909,77919,10
12.8316202164,80.2287826538,77919,77929,10
12.8317403793,80.2291183472,77929,77939,10
12.8319301605,80.229057312,77939,77949,10
12.8323497772,80.2289581299,77949,77960,11
12.8332500458,80.2287826538,77960,77970,10
12.8342599869,80.2286071777,77970,77980,10
12.8354101181,80.2284317017,77980,77990,10
12.8366603851,80.2282409668,77990,78000,10
12.837849617,80.2280426025,78000,78010,10
12.8386898041,80.2278366089,78010,78020,10
12.8392400742,80.2276611328,78020,78071,51
12.8392400742,80.2276611328,78071,78081,10
12.8396196365,80.2275619507,78081,78091,10
12.8401403427,80.227432251,78091,78101,10
12.840929985,80.2272415161,78101,78112,11
12.8420000076,80.2269668579,78112,78122,10
12.8430099487,80.2267379761,78122,78132,10
12.8440599442,80.2265701294,78132,78142,10
12.8450603485,80.2264633179,78142,78203,61
12.8450603485,80.2264633179,78203,78213,10
12.8453598022,80.2264633179,78213,78223,10
12.8457403183,80.2264328003,78223,78243,20
12.8457403183,80.2264328003,78243,78253,10
12.8460798264,80.2264633179,78253,78264,11
12.8468904495,80.2264633179,78264,78274,10
12.8477401733,80.2264633179,78274,78284,10
12.8486003876,80.2264633179,78284,78294,10
12.8495101929,80.2264633179,78294,78304,10
12.8502902985,80.2264480591,78304,78314,10
12.8510704041,80.2264785767,78314,78324,10
12.8517999649,80.2265319824,78324,78334,10
12.852689743,80.2265625,78334,78345,11
12.8537797928,80.2265090942,78345,78355,10
12.8548202515,80.2264099121,78355,78365,10
12.8558797836,80.22631073,78365,78375,10
12.8568401337,80.2262115479,78375,78385,10
12.8577604294,80.2261428833,78385,78395,10
12.8586101532,80.2261734009,78395,78405,10
12.8595399857,80.22631073,78405,78416,11
12.8605699539,80.2264480591,78416,78426,10
12.8607196808,80.2264404297,78426,78436,10
12.8609895706,80.2264709473,78436,78446,10
12.8616399765,80.2264785767,78446,78456,10
12.8624801636,80.2264328003,78456,78466,10
12.8634796143,80.2264175415,78466,78476,10
12.8646497726,80.2264709473,78476,78486,10
12.8657999039,80.2264862061,78486,78497,11
12.8668203354,80.2264099121,78497,78507,10
12.8675098419,80.2263412476,78507,78517,10
12.8683795929,80.2262573242,78517,78527,10
12.8693199158,80.2263717651,78527,78537,10
12.8703298569,80.2264709473,78537,78547,10
12.8713598251,80.2265396118,78547,78557,10
12.8723201752,80.2265625,78557,78568,11
12.8731203079,80.2265777588,78568,78578,10
12.8739795685,80.2266387939,78578,78588,10
12.875,80.2267837524,78588,78598,10
12.87596035,80.2268371582,78598,78608,10
12.8763799667,80.2268295288,78608,78618,10
12.8766298294,80.2267990112,78618,78628,10
12.8770103455,80.2267837524,78628,78638,10
12.8777303696,80.2267303467,78638,78649,11
12.8786497116,80.2266616821,78649,78659,10
12.879650116,80.2266235352,78659,78669,10
12.8808298111,80.226600647,78669,78679,10
12.8820695877,80.226600647,78679,78689,10
12.8833599091,80.226600647,78689,78699,10
12.8843898773,80.2265777588,78699,78709,10
12.8850402832,80.2266082764,78709,78720,11
12.8852596283,80.2266311646,78720,78730,10
12.8856296539,80.2267227173,78730,78740,10
12.8862600327,80.226890564,78740,78750,10
12.8870601654,80.2270889282,78750,78760,10
12.8879995346,80.2272186279,78760,78770,10
12.8889598846,80.2272567749,78770,78780,10
12.8900098801,80.2272872925,78780,78790,10
12.8912096024,80.2272720337,78790,78801,11
12.8923196793,80.2272872925,78801,78811,10
12.893239975,80.2273712158,78811,78821,10
12.8943395615,80.2275238037,78821,78831,10
12.8955898285,80.2275924683,78831,78841,10
12.896900177,80.2276306152,78841,78851,10
12.8981199265,80.2277069092,78851,78861,10
12.8992204666,80.2277679443,78861,78872,11
12.9002599716,80.2277526855,78872,78912,40
12.9002599716,80.2277526855,78912,78922,10
12.9006700516,80.2277832031,78922,78932,10
12.90102005,80.2278213501,78932,78942,10
12.9013595581,80.2278518677,78942,78953,11
12.9017801285,80.2278594971,78953,78963,10
12.9023199081,80.2278900146,78963,78973,10
12.9028596878,80.2279129028,78973,78983,10
12.9029998779,80.2279281616,78983,78993,10
12.9034996033,80.2279586792,78993,79003,10
12.9040203094,80.2280197144,79003,79013,10
12.9045295715,80.2280426025,79013,79024,11
12.905380249,80.2280807495,79024,79034,10
12.9061603546,80.2281188965,79034,79044,10
12.9066801071,80.2281494141,79044,79054,10
12.9067897797,80.2281723022,79054,79064,10
12.9072504044,80.2282409668,79064,79074,10
12.9079999924,80.2283630371,79074,79084,10
12.9090204239,80.2285308838,79084,79094,10
12.9102296829,80.2287216187,79094,79105,11
12.9116401672,80.2289505005,79105,79115,10
12.9128398895,80.2291107178,79115,79125,10
12.9137096405,80.2292327881,79125,79135,10
12.9138898849,80.2292480469,79135,79145,10
12.9141302109,80.2293014526,79145,79155,10
12.914730072,80.2293395996,79155,79165,10
12.9155797958,80.2294921875,79165,79176,11
12.9167203903,80.2296600342,79176,79186,10
12.9175395966,80.2297515869,79186,79196,10
12.9184103012,80.2298736572,79196,79206,10
12.9195203781,80.2300109863,79206,79216,10
12.9207496643,80.2301712036,79216,79226,10
12.9220399857,80.2303466797,79226,79236,10
12.9232501984,80.2305221558,79236,79246,10
12.9244804382,80.2306900024,79246,79257,11
12.9257802963,80.2308273315,79257,79267,10
12.9264602661,80.2308807373,79267,79277,10
12.9265403748,80.2308883667,79277,79287,10
12.9270296097,80.2309494019,79287,79297,10
12.9278001785,80.231048584,79297,79307,10
12.9286298752,80.2311935425,79307,79317,10
12.929400444,80.231338501,79317,79328,11
12.9303998947,80.2315673828,79328,79338,10
12.9315500259,80.2318878174,79338,79348,10
12.9325199127,80.2322387695,79348,79358,10
12.9333000183,80.2325363159,79358,79368,10
12.933429718,80.2325973511,79368,79378,10
12.9337997437,80.2327575684,79378,79388,10
12.9344396591,80.2330474854,79388,79398,10
12.9351596832,80.2333831787,79398,79409,11
12.9352998734,80.2334365845,79409,79419,10
12.9353599548,80.2334671021,79419,79429,10
12.9357004166,80.2335968018,79429,79439,10
12.9361801147,80.2338409424,79439,79449,10
12.9369001389,80.2341766357,79449,79459,10
12.9378004074,80.2346115112,79459,79469,10
12.9388303757,80.2351226807,79469,79480,11
12.9396696091,80.2355194092,79480,79490,10
12.9397697449,80.2355804443,79490,79500,10
12.9399003983,80.2356262207,79500,79510,10
12.9402198792,80.2357635498,79510,79520,10
12.9408597946,80.2359619141,79520,79530,10
12.9417695999,80.2361602783,79530,79540,10
12.9428596497,80.2365875244,79540,79550,10
12.9437999725,80.2374572754,79550,79561,11
12.9447202682,80.2385025024,79561,79571,10
12.9458799362,80.2393798828,79571,79581,10
12.9472398758,80.2398986816,79581,79611,30
12.9472398758,80.2398986816,79611,79621,10
12.947259903,80.2399215698,79621,79632,11
12.9476604462,80.2400894165,79632,79642,10
12.9482498169,80.2403411865,79642,79652,10
12.9485797882,80.2404632568,79652,79662,10
12.9489002228,80.2405776978,79662,79672,10
12.949379921,80.2407684326,79672,79682,10
12.9500999451,80.2409973145,79682,79692,10
12.950920105,80.2412490845,79692,79702,10
12.9510297775,80.2412719727,79702,79713,11
12.9511899948,80.241317749,79713,79723,10
12.9516801834,80.2415008545,79723,79733,10
12.9522895813,80.2417221069,79733,79743,10
12.9531097412,80.2420272827,79743,79753,10
12.9539299011,80.2423477173,79753,79763,10
12.9547100067,80.2426605225,79763,79773,10
12.9552497864,80.2428817749,79773,79784,11
12.9558897018,80.2431716919,79784,79794,10
12.956199646,80.243309021,79794,79814,20
12.956199646,80.243309021,79814,79824,10
12.956410408,80.2434005737,79824,79834,10
12.9569797516,80.2436218262,79834,79844,10
12.9577903748,80.2439193726,79844,79854,10
12.9586200714,80.2442398071,79854,79865,11
12.9588899612,80.2443618774,79865,79875,10
12.9591798782,80.2445068359,79875,79885,10
12.9597702026,80.2447662354,79885,79895,10
12.9605503082,80.2451477051,79895,79905,10
12.961520195,80.2456283569,79905,79915,10
12.9625797272,80.2461395264,79915,79925,10
12.9631004333,80.2463989258,79925,79936,11
12.9635000229,80.2465820313,79936,79946,10
12.964050293,80.2467880249,79946,79956,10
12.9648199081,80.2470703125,79956,79966,10
12.9656896591,80.2473373413,79966,79976,10
12.9664201736,80.2476577759,79976,79986,10
12.9665603638,80.2477264404,79986,79996,10
12.9667797089,80.2478485107,79996,80006,10
12.967209816,80.2480773926,80006,80017,11
12.9680204391,80.2484436035,80017,80027,10
12.9689302444,80.2488174438,80027,80037,10
12.9700603485,80.2492370605,80037,80047,10
12.9713401794,80.2496566772,80047,80057,10
12.9726600647,80.2500228882,80057,80067,10
12.9739599228,80.2503509521,80067,80077,10
12.975279808,80.2507171631,80077,80088,11
12.9767599106,80.2511367798,80088,80098,10
12.9778003693,80.2517166138,80098,80108,10
12.9785604477,80.2522964478,80108,80118,10
12.9786500931,80.2523422241,80118,80128,10
12.9788198471,80.2524337769,80128,80138,10
12.9795303345,80.2525405884,80138,80158,20
12.9795303345,80.2525405884,80158,80169,11
12.9796199799,80.2525100708,80169,80179,10
12.9799995422,80.2525634766,80179,80189,10
12.9806203842,80.2525787354,80189,80199,10
12.9814195633,80.2525634766,80199,80209,10
12.9824495316,80.2525405884,80209,80219,10
12.9835996628,80.2524032593,80219,80229,10
12.9844102859,80.252166748,80229,80280,51
12.9844102859,80.252166748,80280,80290,10
12.9845695496,80.2520980835,80290,80300,10
12.9850702286,80.2519836426,80300,80310,10
12.9853801727,80.2518768311,80310,80321,11
12.9855804443,80.2518234253,80321,80341,20
12.9856500626,80.2517929077,80341,80392,51
12.9856500626,80.2517929077,80392,80402,10
12.9858798981,80.2517089844,80402,80412,10
12.9858999252,80.2517089844,80412,80422,10
12.9861402512,80.2516937256,80422,80432,10
12.9866104126,80.2515792847,80432,80442,10
12.9869499207,80.2515029907,80442,80503,61
12.9869499207,80.2515029907,80503,80513,10
12.9871797562,80.2514190674,80513,80523,10
12.9875602722,80.2513198853,80523,80533,10
12.988120079,80.2511901855,80533,80544,11
12.9890699387,80.2509307861,80544,80554,10
12.9893198013,80.2508468628,80554,80564,10
12.9893503189,80.2508163452,80564,80574,10
12.9897899628,80.2507400513,80574,80584,10
12.9905099869,80.2505569458,80584,80594,10
12.9914102554,80.2503433228,80594,80604,10
12.9925203323,80.2500762939,80604,80614,10
12.9937496185,80.2497711182,80614,80625,11
12.9951601028,80.249420166,80625,80635,10
12.9964704514,80.2490997314,80635,80644,9
12.9976196289,80.2488021851,80644,80655,11
12.9989500046,80.2484817505,80655,80665,10
13.0001602173,80.2481613159,80665,80675,10
13.0013904572,80.2478485107,80675,80685,10
13.0024700165,80.2476119995,80685,80696,11
13.0034999847,80.2474136353,80696,80706,10
13.0044403076,80.2472991943,80706,80716,10
13.005399704,80.2471389771,80716,80726,10
13.0061798096,80.2468185425,80726,80736,10
13.0064496994,80.2464065552,80736,80746,10
13.0064401627,80.2463607788,80746,80756,10
13.006529808,80.2459487915,80756,80766,10
13.0065698624,80.2452392578,80766,80777,11
13.0065898895,80.2442626953,80777,80787,10
13.0065898895,80.2434234619,80787,80797,10
13.0065402985,80.242477417,80797,80807,10
13.0065402985,80.2415466309,80807,80817,10
13.0066604614,80.2406997681,80817,80827,10
13.0067796707,80.2399520874,80827,80837,10
13.0069599152,80.2389984131,80837,80848,11
13.0072002411,80.2377319336,80848,80878,30
13.0072002411,80.2377319336,80878,80888,10
13.0072898865,80.237411499,80888,80898,10
13.007349968,80.2369308472,80898,80908,10
13.0073795319,80.2367630005,80908,80918,10
13.0076398849,80.235710144,80918,80929,11
13.0076398849,80.235710144,80929,80939,10
13.0077896118,80.23487854,80939,80949,10
13.0080003738,80.2339172363,80949,80959,10
13.0082197189,80.2327575684,80959,80969,10
13.0084400177,80.2315292358,80969,80979,10
13.0086698532,80.2303771973,80979,80989,10
13.0088300705,80.2295379639,80989,80999,10
13.0089998245,80.2286987305,80999,81010,11
13.0093202591,80.2277374268,81010,81020,10
13.0097398758,80.2268295288,81020,81030,10
13.0101099014,80.2260284424,81030,81040,10
13.0104198456,80.2253417969,81040,81050,10
13.0106496811,80.2248687744,81050,81060,10
13.0109300613,80.2241592407,81060,81070,10
13.0111598969,80.2235412598,81070,81081,11
13.0114202499,80.22290802,81081,81091,10
13.0117301941,80.2221298218,81091,81101,10
13.0119600296,80.2214736938,81101,81111,10
13.0123300552,80.2214736938,81111,81121,10
13.0126399994,80.2219696045,81121,81131,10
13.0129899979,80.2223815918,81131,81141,10
13.0135202408,80.2228622437,81141,81152,11
13.0139799118,80.2232894897,81152,81162,10
13.0142402649,80.2235565186,81162,81172,10
13.0146398544,80.2239227295,81172,81182,10
13.0150995255,80.2245483398,81182,81192,10
13.0154895782,80.224899292,81192,81202,10
13.0155897141,80.2249603271,81202,81212,10
13.0160398483,80.225227356,81212,81222,10
13.0168600082,80.2250976563,81222,81233,11
13.0179300308,80.2246780396,81233,81243,10
13.018910408,80.2242965698,81243,81253,10
13.0200901031,80.2247390747,81253,81273,20
13.0200901031,80.2247390747,81273,81283,10
13.0203504562,80.224937439,81283,81293,10
13.0208997726,80.2253494263,81293,81304,11
13.0219802856,80.2261505127,81304,81334,30
13.0219802856,80.2261505127,81334,81344,10
13.0220804214,80.2262802124,81344,81354,10
13.0224895477,80.2266082764,81354,81364,10
13.0230798721,80.2271194458,81364,81374,10
13.0237197876,80.2276611328,81374,81385,11
13.0242395401,80.2282333374,81385,81395,10
13.0243701935,80.2284164429,81395,81405,10
13.0242204666,80.2285232544,81405,81415,10
13.0239295959,80.2281265259,81415,81425,10
13.0233697891,80.2275619507,81425,81435,10
13.0227003098,80.2269592285,81435,81445,10
13.0220098495,80.2263793945,81445,81456,11
13.0212898254,80.2258071899,81456,81466,10
13.0206804276,80.2253417969,81466,81476,10
13.0201301575,80.2249984741,81476,81486,10
13.0196695328,80.2247085571,81486,81496,10
13.018989563,80.2245330811,81496,81506,10
13.0182695389,80.2247619629,81506,81516,10
13.0175695419,80.2250366211,81516,81526,10
13.0169296265,80.2252807617,81526,81537,11
13.0164699554,80.2254714966,81537,81547,10
13.0160799026,80.2256164551,81547,81557,10
13.0155601501,80.2258224487,81557,81567,10
13.0151596069,80.2259521484,81567,81577,10
13.0146198273,80.2261276245,81577,81607,30
13.0146198273,80.2261276245,81607,81618,11
13.0143699646,80.2262420654,81618,81628,10
13.0142002106,80.2260665894,81628,81841,213
13.0141496658,80.2257003784,81841,81861,20
13.0141496658,80.2257003784,81861,81871,10
13.0142602921,80.2254180908,81871,81972,101
13.0142602921,80.2254180908,81972,81982,10
13.0142602921,80.2254180908,81982,82053,71
13.0142402649,80.2254562378,82053,82145,92
13.014289856,80.2253189087,82145,82945,800
13.0143203735,80.2255706787,82945,83107,162
