12.9866399765,80.2588577271,19,343,324
12.9867095947,80.2587585449,343,666,323
12.9867897034,80.2587814331,666,1314,648
12.9868001938,80.2587814331,1314,1475,161
12.9866895676,80.2588119507,1475,2082,607
12.9867897034,80.2587432861,2082,2578,496
12.9867401123,80.2588500977,2578,3731,1153
12.9869003296,80.2587890625,3731,3872,141
12.986749649,80.2587585449,3872,8656,4784
12.9869203568,80.2586669922,8656,8989,333
12.9867401123,80.2587509155,8989,9202,213
12.9867801666,80.2587509155,9202,9434,232
12.9867696762,80.2587280273,9434,15017,5583
12.9868402481,80.2588424683,15017,15108,91
12.9867601395,80.2587738037,15108,17060,1952
12.9868001938,80.2586212158,17060,17262,202
12.9868202209,80.2586898804,17262,18822,1560
12.9867801666,80.2587203979,18822,19196,374
12.9867801666,80.2587203979,19196,19206,10
12.9868001938,80.2587203979,19206,19835,629
12.9868001938,80.2587203979,19835,19845,10
12.9866800308,80.2588195801,19845,20220,375
12.9868001938,80.2587585449,20220,20271,51
12.9868001938,80.2587585449,20271,20281,10
12.9867601395,80.2589874268,20281,20291,10
12.9869098663,80.2591171265,20291,20311,20
12.9869098663,80.2591171265,20311,20321,10
12.9872703552,80.2591400146,20321,20331,10
12.9873399734,80.2590026855,20331,20341,10
12.9873399734,80.2588119507,20341,20351,10
12.9873504639,80.2586593628,20351,20362,11
12.9873800278,80.2584228516,20362,20371,9
12.9874200821,80.2578887939,20371,20392,21
12.9874200821,80.2578887939,20392,20402,10
12.9874801636,80.2575378418,20402,20412,10
12.9874897003,80.2571792603,20412,20422,10
12.9875497818,80.2566070557,20422,20432,10
12.9876003265,80.2559432983,20432,20442,10
12.986989975,80.2556762695,20442,20453,11
12.986989975,80.2556762695,20453,20463,10
12.9861898422,80.255531311,20463,20473,10
12.9855203629,80.2554092407,20473,20483,10
12.9848203659,80.2552719116,20483,20493,10
12.9841499329,80.2550811768,20493,20503,10
12.9828596115,80.2547531128,20503,20513,10
12.9828596115,80.2547531128,20513,20523,10
12.9822301865,80.2545089722,20523,20533,10
12.9819202423,80.2539367676,20533,20544,11
12.9817695618,80.2531967163,20544,20554,10
12.9814195633,80.252822876,20554,20564,10
12.9807500839,80.2527999878,20564,20574,10
12.9800596237,80.2527999878,20574,20584,10
12.9793395996,80.2527084351,20584,20594,10
12.9785203934,80.2525024414,20594,20604,10
12.9777002335,80.2518615723,20604,20614,10
12.9766597748,80.2512893677,20614,20624,10
12.9754104614,80.2509231567,20624,20635,11
12.9740600586,80.250541687,20635,20645,10
12.9728403091,80.250213623,20645,20655,10
12.971619606,80.2498779297,20655,20665,10
12.9702796936,80.2494888306,20665,20675,10
12.9689598083,80.2489624023,20675,20685,10
12.9678297043,80.2485198975,20685,20695,10
12.9666996002,80.2480010986,20695,20705,10
12.9655599594,80.2475128174,20705,20715,10
12.9644498825,80.2471466064,20715,20726,11
12.9633197784,80.2466812134,20726,20736,10
12.962220192,80.2461471558,20736,20746,10
12.9610700607,80.24559021,20746,20756,10
12.9601602554,80.2451705933,20756,20766,10
12.9595804214,80.2449417114,20766,20776,10
12.9593296051,80.2448196411,20776,20786,10
12.9587202072,80.2445297241,20786,20796,10
12.9579401016,80.244178772,20796,20806,10
12.957280159,80.2439575195,20806,20817,11
12.956489563,80.2437133789,20817,20827,10
12.956319809,80.2436599731,20827,20837,10
12.9558200836,80.2434234619,20837,20847,10
12.9550895691,80.2430725098,20847,20857,10
12.9541501999,80.2426376343,20857,20867,10
12.9531202316,80.2421875,20867,20877,10
12.9522399902,80.241859436,20877,20887,10
12.9513902664,80.241569519,20887,20897,10
12.9504699707,80.2412567139,20897,20908,11
12.9494104385,80.2409515381,20908,20918,10
12.9489803314,80.2407913208,20918,20928,10
12.9484996796,80.2405776978,20928,20938,10
12.9477500916,80.240272522,20938,20948,10
12.9467802048,80.2398910522,20948,20958,10
12.945810318,80.2394714355,20958,20968,10
12.9449701309,80.2388916016,20968,20978,10
12.944270134,80.2381820679,20978,20989,11
12.9433803558,80.2372436523,20989,20999,10
12.9424200058,80.2365188599,20999,21009,10
12.9410400391,80.2361526489,21009,21019,10
12.9397296906,80.2357711792,21019,21029,10
12.9384202957,80.2351226807,21029,21039,10
12.9374704361,80.2346420288,21039,21050,11
12.9359998703,80.2339477539,21050,21060,10
12.9347696304,80.2333679199,21060,21070,10
12.9337596893,80.2329177856,21070,21081,11
12.9328203201,80.2325134277,21081,21091,10
12.9317998886,80.2321395874,21091,21101,10
12.9308204651,80.2318496704,21101,21111,10
12.9298200607,80.2315673828,21111,21121,10
12.9287395477,80.2313537598,21121,21131,10
12.9273500443,80.2311630249,21131,21141,10
12.9259796143,80.231010437,21141,21151,10
12.9245195389,80.2308425903,21151,21161,10
12.9232501984,80.2306671143,21161,21172,11
12.9218301773,80.2304534912,21172,21182,10
12.9205503464,80.2302780151,21182,21192,10
12.9193601608,80.2301330566,21192,21202,10
12.9183101654,80.2299880981,21202,21212,10
12.9172096252,80.2298431396,21212,21222,10
12.9162197113,80.2297134399,21222,21232,10
12.9153404236,80.2295837402,21232,21242,10
12.9140100479,80.2293930054,21242,21253,11
12.9129400253,80.2292404175,21253,21263,10
12.9116802216,80.2290725708,21263,21274,11
12.910369873,80.2288818359,21274,21284,10
12.9084997177,80.2285690308,21284,21294,10
12.9071502686,80.2283706665,21294,21304,10
12.9065904617,80.2283172607,21304,21314,10
12.9063100815,80.2283096313,21314,21324,10
12.905579567,80.2282333374,21324,21334,10
12.904540062,80.2281723022,21334,21346,12
12.9032096863,80.2281112671,21346,21356,10
12.9014997482,80.2280197144,21356,21366,10
12.9006595612,80.2279586792,21366,21376,10
12.8998603821,80.2279281616,21376,21386,10
12.8994998932,80.2279205322,21386,21396,10
12.8993597031,80.2279129028,21396,21406,10
12.8989601135,80.2278671265,21406,21416,10
12.8980197906,80.2278137207,21416,21426,10
12.8968400955,80.2277603149,21426,21437,11
12.8952798843,80.2276992798,21437,21447,10
12.8938302994,80.2276000977,21447,21457,10
12.8925600052,80.2274475098,21457,21467,10
12.8916397095,80.2273864746,21467,21477,10
12.8902902603,80.2273864746,21477,21486,9
12.8886899948,80.2274017334,21486,21497,11
12.8873195648,80.2272567749,21497,21507,10
12.886059761,80.2269668579,21507,21518,11
12.8846702576,80.2267532349,21518,21528,10
12.8837604523,80.2267303467,21528,21538,10
12.8825502396,80.2267532349,21538,21548,10
12.8811197281,80.2267608643,21548,21558,10
12.8797597885,80.2267608643,21558,21568,10
12.8783397675,80.2268295288,21568,21578,10
12.8768796921,80.2269668579,21578,21588,10
12.875670433,80.2269821167,21588,21598,10
12.8742103577,80.2268218994,21598,21609,11
12.8727397919,80.2267227173,21609,21619,10
12.8711900711,80.2266998291,21619,21629,10
12.8696498871,80.2265625,21629,21639,10
12.8682403564,80.2264099121,21639,21649,10
12.8666200638,80.2265625,21649,21659,10
12.8653202057,80.2266235352,21659,21669,10
12.8640003204,80.2265701294,21669,21679,10
12.8622503281,80.2265777588,21679,21689,10
12.8607702255,80.226600647,21689,21700,11
12.8594198227,80.2264404297,21700,21710,10
12.8586397171,80.2263412476,21710,21720,10
12.8576898575,80.22631073,21720,21730,10
12.8564300537,80.2264175415,21730,21740,10
12.8548898697,80.2265625,21740,21750,10
12.8532896042,80.2267227173,21750,21760,10
12.8517198563,80.2266769409,21760,21770,10
12.8501701355,80.2266311646,21770,21781,11
12.8486003876,80.2266311646,21781,21791,10
12.8472604752,80.2266311646,21791,21801,10
12.8460102081,80.2266387939,21801,21811,10
12.8454704285,80.2266693115,21811,21821,10
12.8452100754,80.2266616821,21821,21831,10
12.8445596695,80.2267227173,21831,21841,10
12.8436603546,80.2267990112,21841,21851,10
12.8424396515,80.2270202637,21851,21861,10
12.8412504196,80.2272796631,21861,21872,11
12.8402500153,80.2275619507,21872,21882,10
12.8397798538,80.227722168,21882,21892,10
12.8395004272,80.2277908325,21892,21902,10
12.8390197754,80.2279205322,21902,21912,10
12.838259697,80.2280883789,21912,21922,10
12.8372001648,80.2283096313,21922,21932,10
12.8359899521,80.2284927368,21932,21942,10
12.8346500397,80.2286987305,21942,21952,10
12.833439827,80.2289123535,21952,21963,11
12.8322496414,80.2291412354,21963,21973,10
12.8318195343,80.2292327881,21973,21983,10
12.8315696716,80.2290267944,21983,21993,10
12.8315000534,80.2286834717,21993,22003,10
12.831199646,80.227180481,22003,22013,10
12.831199646,80.227180481,22013,22023,10
12.8310403824,80.2260131836,22023,22033,10
12.8310403824,80.224822998,22033,22043,10
12.8310403824,80.2244567871,22043,22054,11
12.8310604095,80.2236862183,22054,22064,10
12.8310604095,80.2227020264,22064,22074,10
12.8310499191,80.2221984863,22074,22084,10
12.8310804367,80.2218170166,22084,22094,10
12.8310699463,80.2210922241,22094,22104,10
12.8310804367,80.2200698853,22104,22114,10
12.8310604095,80.2195892334,22114,22124,10
12.830619812,80.2194366455,22124,22134,10
12.8298597336,80.2194595337,22134,22145,11
12.8286800385,80.2194671631,22145,22155,10
12.827750206,80.2194671631,22155,22165,10
12.8274803162,80.2194824219,22165,22175,10
12.8268899918,80.2194824219,22175,22183,8
12.8262796402,80.2194824219,22183,22195,12
12.8259496689,80.2194213867,22195,22205,10
12.8258600235,80.2191696167,22205,22215,10
12.8258695602,80.21875,22215,22225,10
12.8258695602,80.2180404663,22225,22236,11
12.8258800507,80.2171401978,22236,22246,10
12.8258800507,80.2162628174,22246,22256,10
12.8256397247,80.216003418,22256,22266,10
12.8253898621,80.2160186768,22266,22276,10
12.8250999451,80.2160415649,22276,22509,233
12.8250999451,80.2160415649,22509,22519,10
12.8249397278,80.2160568237,22519,22529,10
12.8245897293,80.2160491943,22529,22539,10
12.8240499496,80.2160415649,22539,22549,10
12.8232097626,80.2160263062,22549,22559,10
12.8228197098,80.2160186768,22559,22569,10
12.8226995468,80.2162094116,22569,22579,10
12.8227100372,80.2168121338,22579,22590,11
12.822719574,80.2175598145,22590,22600,10
12.8226995468,80.2187576294,22600,22610,10
12.8226995468,80.2192230225,22610,22620,10
12.8228797913,80.2194137573,22620,22630,10
12.8234195709,80.2194290161,22630,22640,10
12.8242702484,80.2194290161,22640,22650,10
12.8251800537,80.2194366455,22650,22660,10
12.825510025,80.2194366455,22660,22671,11
12.8261003494,80.2194137573,22671,22681,10
12.8267202377,80.2194213867,22681,22691,10
12.8274002075,80.2194137573,22691,22701,10
12.8275604248,80.2193984985,22701,22711,10
12.828040123,80.2193984985,22711,22721,10
12.8287696838,80.2194213867,22721,22731,10
12.8297901154,80.2194213867,22731,22741,10
12.8307800293,80.2193984985,22741,22751,10
12.8310804367,80.2194824219,22751,22762,11
12.831199646,80.2201690674,22762,22772,10
12.831199646,80.2211227417,22772,22782,10
12.831199646,80.222076416,22782,22792,10
12.831199646,80.2223892212,22792,22802,10
12.8311901093,80.2230911255,22802,22812,10
12.8311700821,80.2240829468,22812,22822,10
12.8311796188,80.2246398926,22822,22832,10
12.8311595917,80.2250595093,22832,22842,10
12.8311395645,80.2258377075,22842,22853,11
12.8312797546,80.2269973755,22853,22863,10
12.831489563,80.2279968262,22863,22873,10
12.8316898346,80.2289581299,22873,22883,10
12.8319702148,80.2291030884,22883,22893,10
12.8325595856,80.2289810181,22893,22903,10
12.8334598541,80.2287979126,22903,22913,10
12.8346996307,80.2285919189,22913,22923,10
12.836139679,80.2283706665,22923,22933,10
12.8375196457,80.2281570435,22933,22944,11
12.8387403488,80.227897644,22944,22954,10
12.8392496109,80.2277832031,22954,22964,10
12.8394804001,80.2276992798,22964,22984,20
12.8394804001,80.2276992798,22984,22994,10
12.839630127,80.2276535034,22994,23004,10
12.8401699066,80.2275238037,23004,23014,10
12.8409900665,80.2272872925,23014,23024,10
12.8420696259,80.2269973755,23024,23035,11
12.8434095383,80.2267608643,23035,23045,10
12.8446397781,80.2266082764,23045,23055,10
12.8453903198,80.2265396118,23055,23065,10
12.8455600739,80.2265167236,23065,23075,10
12.8461704254,80.2265090942,23075,23085,10
12.847120285,80.2265167236,23085,23095,10
12.8483800888,80.2265167236,23095,23105,10
12.8498601913,80.2265167236,23105,23115,10
12.8514404297,80.2265777588,23115,23126,11
12.8531799316,80.2266387939,23126,23136,10
12.8547401428,80.2264862061,23136,23146,10
12.856300354,80.2263183594,23146,23156,10
12.8577604294,80.2261810303,23156,23166,10
12.8588695526,80.2262191772,23166,23176,10
12.8600597382,80.2264022827,23176,23186,10
12.8608598709,80.2264862061,23186,23196,10
12.8609600067,80.2265396118,23196,23206,10
12.8613595963,80.2265396118,23206,23217,11
12.8622503281,80.2265014648,23217,23227,10
12.8633499146,80.2264633179,23227,23237,10
12.8646802902,80.2265090942,23237,23247,10
12.8661003113,80.2265090942,23247,23257,10
12.8675403595,80.2263870239,23257,23267,10
12.8689804077,80.2263793945,23267,23277,10
12.8704204559,80.2265396118,23277,23287,10
12.8717803955,80.2266235352,23287,23297,10
12.873000145,80.2266387939,23297,23308,11
12.8744001389,80.2267608643,23308,23318,10
12.8757696152,80.2268981934,23318,23328,10
12.8766298294,80.226890564,23328,23338,10
12.8767499924,80.2268676758,23338,23348,10
12.8768596649,80.2268600464,23348,23358,10
12.8774003983,80.2268295288,23358,23368,10
12.8783197403,80.2267684937,23368,23378,10
12.8795003891,80.2267227173,23378,23388,10
12.8808603287,80.2266921997,23388,23399,11
12.882519722,80.2266769409,23399,23409,10
12.8840303421,80.2266616821,23409,23419,10
12.8851804733,80.2266998291,23419,23429,10
12.8861999512,80.2269134521,23429,23439,10
12.8873901367,80.2271881104,23439,23449,10
12.8887195587,80.2273178101,23449,23459,10
12.8901195526,80.2273330688,23459,23469,10
12.8915300369,80.2273330688,23469,23479,10
12.8927001953,80.2273788452,23479,23490,11
12.8938102722,80.2275314331,23490,23500,10
12.8949298859,80.2275924683,23500,23510,10
12.8962497711,80.2276229858,23510,23520,10
12.8975400925,80.2276763916,23520,23530,10
12.8988199234,80.2277679443,23530,23540,10
12.899889946,80.2278213501,23540,23550,10
12.9003200531,80.2278289795,23550,23560,10
12.9004497528,80.2278289795,23560,23570,10
12.9009399414,80.2278900146,23570,23581,11
12.9016504288,80.2279205322,23581,23591,10
12.9024801254,80.2279586792,23591,23601,10
12.9028396606,80.2279510498,23601,23611,10
12.9030103683,80.2279510498,23611,23621,10
12.9036102295,80.228012085,23621,23631,10
12.9045000076,80.2280731201,23631,23641,10
12.9056196213,80.2281417847,23641,23651,10
12.906709671,80.2282180786,23651,23661,10
12.9074897766,80.2283172607,23661,23672,11
12.9089002609,80.228553772,23672,23682,10
12.9102296829,80.228767395,23682,23692,10
12.9115400314,80.2289581299,23692,23702,10
12.9128599167,80.2291412354,23702,23712,10
12.9139204025,80.2292633057,23712,23722,10
12.9141597748,80.2293014526,23722,23732,10
12.9146995544,80.2293701172,23732,23742,10
12.915430069,80.2294769287,23742,23752,10
12.916560173,80.2296600342,23752,23763,11
12.9179697037,80.2298583984,23763,23773,10
12.9192800522,80.2300262451,23773,23783,10
12.9206895828,80.2302017212,23783,23793,10
12.9220695496,80.2303924561,23793,23803,10
12.9234199524,80.2305908203,23803,23813,10
12.9247598648,80.2307662964,23813,23823,10
12.9260196686,80.2309265137,23823,23833,10
12.9272003174,80.2310562134,23833,23843,10
12.9285001755,80.2312011719,23843,23854,11
12.9300603867,80.231552124,23854,23864,10
12.931520462,80.2319793701,23864,23874,10
12.932849884,80.2324066162,23874,23884,10
12.9337596893,80.2327728271,23884,23894,10
12.9338197708,80.2327804565,23894,23904,10
12.9341697693,80.2329483032,23904,23914,10
12.9349298477,80.2333068848,23914,23924,10
12.9359397888,80.2337722778,23924,23934,10
12.93708992,80.234336853,23934,23945,11
12.9383296967,80.234916687,23945,23955,10
12.9392795563,80.2353820801,23955,23965,10
12.9396896362,80.2355804443,23965,23975,10
12.9398202896,80.2356491089,23975,23985,10
12.940580368,80.2359008789,23985,23995,10
12.9414901733,80.2361526489,23995,24005,10
12.9426603317,80.2365112305,24005,24015,10
12.9437599182,80.2373886108,24015,24025,10
12.9446697235,80.2384033203,24025,24036,11
12.9460000992,80.239440918,24036,24046,10
12.9471197128,80.2398834229,24046,24056,10
12.9474096298,80.2399902344,24056,24066,10
12.9475402832,80.2400512695,24066,24076,10
12.9481201172,80.2403030396,24076,24086,10
12.9489603043,80.2406311035,24086,24096,10
12.9497804642,80.2409210205,24096,24106,10
12.950799942,80.2412414551,24106,24116,10
12.9518404007,80.2415924072,24116,24127,11
12.9529800415,80.2420120239,24127,24137,10
12.9538803101,80.2423706055,24137,24147,10
12.9548597336,80.2427597046,24147,24157,10
12.9555501938,80.243019104,24157,24167,10
12.9563598633,80.243309021,24167,24177,10
12.956489563,80.2433319092,24177,24187,10
12.9567499161,80.2434616089,24187,24197,10
12.9574403763,80.2437973022,24197,24207,10
12.9583902359,80.2442169189,24207,24218,11
12.9589996338,80.2444381714,24218,24228,10
12.9592199326,80.2445297241,24228,24238,10
12.9593296051,80.2445831299,24238,24248,10
12.9596500397,80.2447280884,24248,24258,10
12.9602804184,80.2450408936,24258,24268,10
12.9611597061,80.2454528809,24268,24278,10
12.9623003006,80.2460021973,24278,24288,10
12.9634304047,80.2465362549,24288,24309,21
12.9634304047,80.2465362549,24309,24319,10
12.9636602402,80.2466812134,24319,24329,10
12.9642601013,80.2469177246,24329,24339,10
12.9651002884,80.2472381592,24339,24349,10
12.9660396576,80.2475585938,24349,24359,10
12.9666996002,80.2478179932,24359,24369,10
12.966799736,80.2478713989,24369,24379,10
12.9671096802,80.2480621338,24379,24389,10
12.9677495956,80.2483596802,24389,24400,11
12.9687795639,80.2487792969,24400,24410,10
12.9699497223,80.2492370605,24410,24420,10
12.9712295532,80.2496795654,24420,24430,10
12.9724798203,80.250038147,24430,24440,10
12.9737596512,80.2503585815,24440,24450,10
12.9750299454,80.2507171631,24450,24460,10
12.9760198593,80.2510070801,24460,24470,10
12.9773597717,80.2514572144,24470,24481,11
12.9782304764,80.2520980835,24481,24491,10
12.9786901474,80.2524032593,24491,24501,10
12.9788799286,80.2525024414,24501,24511,10
12.9796600342,80.2526016235,24511,24541,30
12.9796600342,80.2526016235,24541,24551,10
12.9799604416,80.2526321411,24551,24561,10
12.9805803299,80.2526168823,24561,24571,10
12.9814100266,80.2525863647,24571,24582,11
12.9824895859,80.2525634766,24582,24592,10
12.9835100174,80.252456665,24592,24602,10
12.9845399857,80.2521820068,24602,24612,10
12.985619545,80.2518768311,24612,24622,10
12.986579895,80.2516403198,24622,24632,10
12.9875898361,80.2513427734,24632,24723,91
12.9875898361,80.2513427734,24723,24733,10
12.9877500534,80.2513427734,24733,24743,10
12.9882802963,80.2511978149,24743,24753,10
12.989159584,80.2509613037,24753,24764,11
12.9895401001,80.2508392334,24764,24774,10
12.9898996353,80.2507629395,24774,24784,10
12.9905900955,80.2505874634,24784,24794,10
12.9915103912,80.2503814697,24794,24804,10
12.9925899506,80.2501220703,24804,24814,10
12.9938402176,80.249786377,24814,24824,10
12.9952402115,80.2494430542,24824,24834,10
12.9966402054,80.2490615845,24834,24844,10
12.9979696274,80.2487411499,24844,24855,11
12.9997301102,80.248298645,24855,24865,10
13.001159668,80.2479400635,24865,24875,10
13.0024299622,80.2476425171,24875,24885,10
13.0037097931,80.247428894,24885,24895,10
13.0049800873,80.2472763062,24895,24905,10
13.0059404373,80.2470397949,24905,24915,10
13.0064296722,80.2466201782,24915,24925,10
13.0064401627,80.2465896606,24925,24935,10
13.0064897537,80.2464675903,24935,24946,11
13.0066003799,80.2459564209,24946,24957,11
13.0066404343,80.2453079224,24957,24966,9
13.006649971,80.244468689,24966,24977,11
13.0066099167,80.2435913086,24977,24987,10
13.0066204071,80.2427597046,24987,24997,10
13.0065603256,80.2419433594,24997,25007,10
13.0065498352,80.2418823242,25007,25017,10
13.0065498352,80.2415313721,25017,25027,10
13.0066604614,80.2407608032,25027,25048,21
13.0066604614,80.2407608032,25048,25058,10
13.006770134,80.2403030396,25058,25068,10
13.0069198608,80.2396011353,25068,25078,10
13.0070495605,80.2387695313,25078,25088,10
13.0072202682,80.2378921509,25088,25098,10
13.0073795319,80.2370376587,25098,25108,10
13.0073900223,80.2369003296,25108,25118,10
13.0074501038,80.2367019653,25118,25129,11
13.007610321,80.2361602783,25129,25139,10
13.007809639,80.2352905273,25139,25149,10
13.008020401,80.234161377,25149,25159,10
13.0082798004,80.2328033447,25159,25169,10
13.0085296631,80.2315216064,25169,25178,9
13.0087995529,80.2301177979,25178,25189,11
13.0090904236,80.2285919189,25189,25199,10
13.0095300674,80.2274169922,25199,25209,10
13.0100698471,80.2262268066,25209,25220,11
13.010720253,80.224899292,25220,25230,10
13.011179924,80.2238311768,25230,25240,10
13.0115003586,80.2230987549,25240,25250,10
13.0118198395,80.2221298218,25250,25260,10
13.0121498108,80.221496582,25260,25270,10
13.0125198364,80.2217407227,25270,25280,10
13.0129804611,80.222366333,25280,25290,10
13.0135698318,80.2231216431,25290,25300,10
13.0142402649,80.2238006592,25300,25311,11
13.014960289,80.2244873047,25311,25321,10
13.0154600143,80.2249603271,25321,25331,10
13.015540123,80.2250213623,25331,25341,10
13.015879631,80.2252807617,25341,25351,10
13.0166196823,80.2252807617,25351,25361,10
13.0176200867,80.2248916626,25361,25371,10
13.0186195374,80.2244720459,25371,25381,10
13.019370079,80.2243423462,25381,25391,10
13.0195398331,80.2243804932,25391,25402,11
13.0198602676,80.2246398926,25402,25412,10
13.0204496384,80.2250671387,25412,25422,10
13.0212202072,80.2256622314,25422,25432,10
13.0220298767,80.2262802124,25432,25442,10
13.0227298737,80.226890564,25442,25452,10
13.0233097076,80.2274169922,25452,25462,10
13.023850441,80.2279129028,25462,25472,10
13.0243396759,80.2283935547,25472,25533,61
13.0243396759,80.2283935547,25533,25543,10
13.0243501663,80.2285995483,25543,25553,10
13.0241003036,80.2284698486,25553,25563,10
13.023850441,80.2281036377,25563,25573,10
13.0235500336,80.2277984619,25573,25735,162
13.0235500336,80.2277984619,25735,25745,10
13.0231704712,80.2273483276,25745,25755,10
13.0230503082,80.2272567749,25755,25766,11
13.0227804184,80.2270431519,25766,25776,10
13.0226697922,80.2268676758,25776,25786,10
13.0222797394,80.2265625,25786,25796,10
13.0216398239,80.2260513306,25796,25806,10
13.0207996368,80.2253875732,25806,25816,10
13.0199699402,80.224822998,25816,25826,10
13.0191402435,80.2245025635,25826,25836,10
13.018239975,80.2247467041,25836,25846,10
13.01720047,80.2251586914,25846,25857,11
13.0161304474,80.2255630493,25857,25867,10
13.0153903961,80.2258071899,25867,25877,10
13.0146903992,80.2261123657,25877,25887,10
13.0143299103,80.226272583,25887,25897,10
13.0142803192,80.226272583,25897,25907,10
13.0139503479,80.2264099121,25907,25917,10
13.0133800507,80.2266235352,25917,25927,10
13.0126399994,80.2269210815,25927,25937,10
13.0118303299,80.2272415161,25937,25948,11
13.0107803345,80.2276306152,25948,25958,10
13.0097398758,80.2280578613,25958,25968,10
13.0091600418,80.2286071777,25968,25978,10
13.0089702606,80.2294769287,25978,25988,10
13.0087795258,80.2304611206,25988,25998,10
13.0085897446,80.2314376831,25998,26008,10
13.0083599091,80.2325286865,26008,26018,10
13.0082302094,80.233581543,26018,26039,21
13.0082302094,80.233581543,26039,26049,10
13.0081996918,80.2338409424,26049,26059,10
13.008099556,80.2341995239,26059,26069,10
13.0079298019,80.2348937988,26069,26079,10
13.0077400208,80.2358703613,26079,26089,10
13.0074996948,80.2369689941,26089,26099,10
13.0073003769,80.2380905151,26099,26109,10
13.0071201324,80.2388763428,26109,26120,11
13.0068998337,80.2400436401,26120,26140,20
13.0068998337,80.2400436401,26140,26150,10
13.0069198608,80.240272522,26150,26160,10
13.0068397522,80.240737915,26160,26170,10
13.0068302155,80.2408599854,26170,26180,10
13.0067596436,80.2412490845,26180,26190,10
13.0067100525,80.2420196533,26190,26200,10
13.0066995621,80.2429504395,26200,26211,11
13.0066995621,80.2439804077,26211,26221,10
13.0066795349,80.2451629639,26221,26231,10
13.0067300797,80.2462081909,26231,26241,10
13.0067501068,80.2467727661,26241,26250,9
13.0067501068,80.2468338013,26250,26261,11
13.0067396164,80.2470092773,26261,26271,10
13.0066204071,80.2473983765,26271,26281,10
13.0062599182,80.2474517822,26281,26312,31
13.0062599182,80.2474517822,26312,26322,10
13.0059299469,80.2474365234,26322,26332,10
13.005399704,80.247467041,26332,26342,10
13.0045995712,80.2474594116,26342,26352,10
13.0035896301,80.2475891113,26352,26362,10
13.0024795532,80.2477722168,26362,26372,10
13.0014295578,80.2480163574,26372,26382,10
13.0003404617,80.248298645,26382,26393,11
12.9990596771,80.2486190796,26393,26403,10
12.9981603622,80.248878479,26403,26413,10
12.9980401993,80.2488937378,26413,26423,10
12.9976396561,80.2489700317,26423,26433,10
12.9969501495,80.2491378784,26433,26443,10
12.9960403442,80.2493591309,26443,26453,10
12.9949398041,80.2496490479,26453,26463,10
12.993639946,80.2499771118,26463,26473,10
12.9922399521,80.2503204346,26473,26484,11
12.991230011,80.250617981,26484,26494,10
12.9911298752,80.2506408691,26494,26504,10
12.9907999039,80.2506866455,26504,26514,10
12.9901504517,80.2508392334,26514,26524,10
12.989279747,80.2510299683,26524,26534,10
12.9881095886,80.2513885498,26534,26605,71
12.9881095886,80.2513885498,26605,26615,10
12.9879999161,80.251411438,26615,26625,10
12.9876003265,80.2514877319,26625,26635,10
12.9871196747,80.2516174316,26635,26645,10
12.9866199493,80.2517623901,26645,26655,10
12.9857997894,80.2519607544,26655,26666,11
12.9846096039,80.2522735596,26666,26676,10
12.9832696915,80.2525787354,26676,26686,10
12.9817695618,80.2526779175,26686,26696,10
12.9807100296,80.2527236938,26696,26706,10
12.9799699783,80.2527694702,26706,26716,10
12.9794397354,80.2527313232,26716,26726,10
12.9788103104,80.2526626587,26726,26736,10
12.978770256,80.2526473999,26736,26746,10
12.9784603119,80.2525100708,26746,26757,11
12.9778404236,80.2520217896,26757,26767,10
12.9770803452,80.251449585,26767,26777,10
12.9760198593,80.2511291504,26777,26787,10
12.9748001099,80.2507781982,26787,26797,10
12.9734601974,80.2503967285,26797,26807,10
12.9720897675,80.250038147,26807,26817,10
12.9707698822,80.2496566772,26817,26827,10
12.9694795609,80.249168396,26827,26837,10
12.9681997299,80.2487030029,26837,26848,11
12.9670000076,80.2481384277,26848,26858,10
12.965959549,80.2477035522,26858,26868,10
12.9656095505,80.2475585938,26868,26878,10
12.9655303955,80.2475814819,26878,26888,10
12.9653596878,80.2475280762,26888,26898,10
12.9650201797,80.2473907471,26898,26908,10
12.9644203186,80.247177124,26908,26918,10
12.9638795853,80.2469711304,26918,26928,10
12.9635696411,80.2468338013,26928,26939,11
12.9632396698,80.2466430664,26939,26949,10
12.9629201889,80.2464904785,26949,26959,10
12.9622898102,80.2461776733,26959,26969,10
12.9614496231,80.2457580566,26969,26979,10
12.9604196548,80.2452774048,26979,26989,10
12.9595899582,80.2449493408,26989,26999,10
12.9594898224,80.2449111938,26999,27009,10
12.959400177,80.2448883057,27009,27019,10
12.9591503143,80.244758606,27019,27030,11
12.9586696625,80.2445220947,27030,27040,10
12.9579401016,80.2442398071,27040,27050,10
12.9572200775,80.2439804077,27050,27060,10
12.9565000534,80.2437210083,27060,27110,50
12.9565000534,80.2437210083,27110,27121,11
12.9560003281,80.2435302734,27121,27131,10
12.9552898407,80.2431182861,27131,27141,10
12.9545202255,80.2427825928,27141,27153,12
12.9537200928,80.242477417,27153,27163,10
12.9525499344,80.2420196533,27163,27173,10
12.9518499374,80.2417831421,27173,27183,10
12.9517202377,80.2417373657,27183,27193,10
12.9512996674,80.241569519,27193,27203,10
12.9505996704,80.2413482666,27203,27214,11
12.9497003555,80.2410583496,27214,27224,10
12.9494104385,80.2409591675,27224,27234,10
12.9493398666,80.2409515381,27234,27244,10
12.9489803314,80.2407989502,27244,27254,10
12.9483203888,80.2405090332,27254,27264,10
12.9475002289,80.2401580811,27264,27274,10
12.946849823,80.2399597168,27274,27284,10
12.9467401505,80.239906311,27284,27294,10
12.9462404251,80.2397003174,27294,27305,11
12.9453897476,80.2393569946,27305,27315,10
12.9446496964,80.238609314,27315,27325,10
12.9439001083,80.2377624512,27325,27335,10
12.9430799484,80.2369308472,27335,27345,10
12.94190979,80.236366272,27345,27355,10
12.9406204224,80.2360610962,27355,27365,10
12.9399204254,80.2358779907,27365,27375,10
12.9398202896,80.2358398438,27375,27385,10
12.9395999908,80.2357177734,27385,27396,11
12.9388904572,80.2353591919,27396,27406,10
12.9380702972,80.2349777222,27406,27416,10
12.9371995926,80.2345581055,27416,27426,10
12.9363698959,80.2341690063,27426,27436,10
12.9355297089,80.2337722778,27436,27446,10
12.9345397949,80.2333374023,27446,27456,10
12.9339504242,80.2330627441,27456,27477,21
12.9339504242,80.2330627441,27477,27487,10
12.9335002899,80.2328262329,27487,27497,10
12.9328098297,80.2325210571,27497,27507,10
12.9319000244,80.2322006226,27507,27517,10
12.9307203293,80.231842041,27517,27527,10
12.9295301437,80.2315216064,27527,27537,10
12.928319931,80.231300354,27537,27547,10
12.9270401001,80.2311401367,27547,27557,10
12.9261703491,80.2310562134,27557,27568,11
12.926030159,80.2310409546,27568,27578,10
12.9256296158,80.2309799194,27578,27588,10
12.9250202179,80.2308883667,27588,27598,10
12.924200058,80.2308120728,27598,27608,10
12.9231595993,80.2306518555,27608,27618,10
12.9218597412,80.2304382324,27618,27628,10
12.9204397202,80.2302474976,27628,27638,10
12.9189500809,80.2300567627,27638,27648,10
12.9174499512,80.2298583984,27648,27659,11
12.9159097672,80.229637146,27659,27669,10
12.9146299362,80.2294464111,27669,27679,10
12.913310051,80.2293319702,27679,27699,20
12.913310051,80.2293319702,27699,27709,10
12.9132995605,80.2293014526,27709,27719,10
12.912899971,80.2292327881,27719,27729,10
12.9121599197,80.229133606,27729,27739,10
12.9111795425,80.2289886475,27739,27750,11
12.9099197388,80.2287979126,27750,27760,10
12.9089403152,80.2286529541,27760,27770,10
12.9083995819,80.2285690308,27770,27780,10
12.9083404541,80.2285614014,27780,27790,10
12.9079999924,80.2285003662,27790,27800,10
12.9073801041,80.2284469604,27800,27830,30
12.9073801041,80.2284469604,27830,27841,11
12.9070501328,80.2284088135,27841,27851,10
12.9068899155,80.2284164429,27851,27861,10
12.9067802429,80.2284164429,27861,27871,10
12.9065504074,80.2283477783,27871,27881,10
12.9064598083,80.2283172607,27881,27891,10
12.906080246,80.2282791138,27891,27901,10
12.9053602219,80.2282409668,27901,27911,10
12.904540062,80.2282028198,27911,27921,10
12.9039802551,80.2281570435,27921,27932,11
12.9034700394,80.2281417847,27932,27942,10
12.9030799866,80.2281188965,27942,27952,10
12.9025201797,80.2280807495,27952,27962,10
12.9021196365,80.2280578613,27962,27972,10
12.9018001556,80.2280426025,27972,27982,10
12.9015598297,80.2280273438,27982,27992,10
12.9012804031,80.2280197144,27992,28002,10
12.9011096954,80.2279968262,28002,28124,122
12.9011096954,80.2279968262,28124,28134,10
12.900759697,80.2279205322,28134,28144,10
12.9002103806,80.227897644,28144,28154,10
12.8995199203,80.2278823853,28154,28164,10
12.8987398148,80.227897644,28164,28194,30
12.8987398148,80.227897644,28194,28205,11
12.8984098434,80.2278594971,28205,28215,10
12.8978099823,80.2278137207,28215,28225,10
12.8970098495,80.2277603149,28225,28235,10
12.8959999084,80.2277069092,28235,28245,10
12.8948497772,80.2276611328,28245,28255,10
12.8937501907,80.2276000977,28255,28265,10
12.8931102753,80.2275390625,28265,28275,10
12.8927497864,80.2274780273,28275,28285,10
12.8924598694,80.2274627686,28285,28296,11
12.8919000626,80.2274169922,28296,28306,10
12.8909797668,80.2274169922,28306,28316,10
12.8899402618,80.2274093628,28316,28326,10
12.8890399933,80.2274017334,28326,28336,10
12.8883399963,80.2273712158,28336,28346,10
12.8874597549,80.2272567749,28346,28356,10
12.8863697052,80.2270431519,28356,28366,10
12.8851804733,80.2267684937,28366,28376,10
12.8847703934,80.2267684937,28376,28387,11
12.8845996857,80.2267608643,28387,28397,10
12.8840198517,80.2267608643,28397,28407,10
12.8831300735,80.2267837524,28407,28417,10
12.8820199966,80.2267837524,28417,28427,10
12.8808002472,80.2267913818,28427,28437,10
12.8795795441,80.2267990112,28437,28447,10
12.8783998489,80.226852417,28447,28457,10
12.8774499893,80.2269363403,28457,28467,10
12.8770999908,80.2269821167,28467,28478,11
12.8766899109,80.2270126343,28478,28498,20
12.8766899109,80.2270126343,28498,28508,10
12.8764295578,80.2270202637,28508,28518,10
12.8762102127,80.2270431519,28518,28528,10
12.8756103516,80.2270126343,28528,28538,10
12.8746795654,80.226890564,28538,28548,10
12.8734903336,80.2267608643,28548,28558,10
12.8726701736,80.2267608643,28558,28569,11
12.8726501465,80.2267608643,28569,28579,10
12.8725404739,80.2267532349,28579,28589,10
12.8719902039,80.2267379761,28589,28599,10
12.8711595535,80.2266998291,28599,28609,10
12.8701200485,80.226600647,28609,28619,10
12.8688802719,80.2264404297,28619,28629,10
12.8674497604,80.2264709473,28629,28639,10
12.8659296036,80.2266235352,28639,28648,9
12.864569664,80.2266082764,28648,28660,12
12.862739563,80.2265625,28660,28670,10
12.8613195419,80.2266235352,28670,28680,10
12.8607902527,80.2266311646,28680,28690,10
12.8604001999,80.2265777588,28690,28700,10
12.8596401215,80.2264480591,28700,28710,10
12.8588399887,80.2263412476,28710,28720,10
12.8579502106,80.2262802124,28720,28730,10
12.8568496704,80.226348877,28730,28740,10
12.8555402756,80.2264709473,28740,28751,11
12.8539304733,80.2266387939,28751,28761,10
12.8523397446,80.2266998291,28761,28771,10
12.8507299423,80.2266464233,28771,28781,10
12.8499298096,80.2266464233,28781,28791,10
12.8497600555,80.2266616821,28791,28801,10
12.8491401672,80.2266464233,28801,28811,10
12.84815979,80.2266387939,28811,28821,10
12.8468704224,80.2266387939,28821,28831,10
12.8457298279,80.2266387939,28831,28842,11
12.8453798294,80.2266769409,28842,28852,10
12.8452196121,80.2266769409,28852,28862,10
12.8446598053,80.2266998291,28862,28872,10
12.8438100815,80.2267913818,28872,28882,10
12.8427200317,80.2269821167,28882,28892,10
12.8414297104,80.2272567749,28892,28902,10
12.8404397964,80.2275466919,28902,28912,10
12.8401403427,80.2276763916,28912,28922,10
12.8401002884,80.2276916504,28922,28933,11
12.8398504257,80.2278137207,28933,29024,91
12.8398504257,80.2278137207,29024,29034,10
12.839679718,80.2278823853,29034,29044,10
12.8392400742,80.2279510498,29044,29054,10
12.8384799957,80.2280883789,29054,29064,10
12.8375196457,80.2282867432,29064,29074,10
12.8362998962,80.2284698486,29074,29084,10
12.8348503113,80.2286834717,29084,29094,10
12.8333396912,80.2289581299,29094,29104,10
12.8324604034,80.229133606,29104,29115,11
12.8324403763,80.229133606,29115,29125,10
12.8323698044,80.2291412354,29125,29135,10
12.8319597244,80.2292175293,29135,29145,10
12.8317604065,80.2292633057,29145,29155,10
12.8313999176,80.2293624878,29155,29165,10
12.830619812,80.2296218872,29165,29175,10
12.8295602798,80.2300186157,29175,29185,10
12.8283395767,80.2306137085,29185,29195,10
12.8270397186,80.231262207,29195,29206,11
12.8255395889,80.2314376831,29206,29216,10
12.824640274,80.2313919067,29216,29226,10
12.8237895966,80.2311935425,29226,29236,10
12.8227100372,80.2308425903,29236,29246,10
12.8213500977,80.2304992676,29246,29256,10
12.819849968,80.2305221558,29256,29266,10
12.8189201355,80.2305221558,29266,29276,10
12.8188896179,80.230506897,29276,29286,10
12.8186597824,80.2303924561,29286,29297,11
12.8178300858,80.2300033569,29297,29307,10
12.8167295456,80.2295684814,29307,29317,10
12.815290451,80.2293395996,29317,29327,10
12.8136701584,80.2290115356,29327,29337,10
12.8120498657,80.2284698486,29337,29347,10
12.8105602264,80.2279205322,29347,29357,10
12.8092298508,80.2272720337,29357,29367,10
12.8080196381,80.22631073,29367,29377,10
12.8070297241,80.2254486084,29377,29388,11
12.8062400818,80.2247619629,29388,29398,10
12.8055000305,80.2241363525,29398,29408,10
12.8049201965,80.2240066528,29408,29418,10
12.8048200607,80.2239608765,29418,29428,10
12.8043203354,80.2239227295,29428,29438,10
12.8035202026,80.2238616943,29438,29448,10
12.8024902344,80.223739624,29448,29458,10
12.8013801575,80.2236175537,29458,29468,10
12.8009700775,80.2236099243,29468,29479,11
12.8005800247,80.2236022949,29479,29489,10
12.7997903824,80.2235336304,29489,29499,10
12.7989597321,80.2234420776,29499,29509,10
12.7978096008,80.2233123779,29509,29519,10
12.7965402603,80.2230987549,29519,29529,10
12.7959604263,80.2229919434,29529,29539,10
12.7958698273,80.2229309082,29539,29549,10
12.7954101563,80.2228622437,29549,29559,10
12.7945699692,80.2227325439,29559,29570,11
12.7933797836,80.2225494385,29570,29580,10
12.7921495438,80.2223587036,29580,29590,10
12.7910299301,80.2220687866,29590,29600,10
12.789899826,80.2217712402,29600,29610,10
12.7890996933,80.2214813232,29610,29620,10
12.7883501053,80.2211837769,29620,29630,10
12.7880001068,80.2210235596,29630,29640,10
12.7876996994,80.2209091187,29640,29661,21
12.7876996994,80.2209091187,29661,29671,10
12.7873001099,80.2207489014,29671,29691,20
12.7873001099,80.2207489014,29691,29701,10
12.787150383,80.2207183838,29701,29711,10
12.7868204117,80.2206192017,29711,29731,20
12.7868204117,80.2206192017,29731,29741,10
12.78647995,80.2204818726,29741,29752,11
12.7862701416,80.220413208,29752,29762,10
12.7862100601,80.2205581665,29762,29772,10
12.786190033,80.2210235596,29772,29782,10
12.7861995697,80.2214126587,29782,29792,10
12.7862596512,80.2217407227,29792,29802,10
12.7862796783,80.2220077515,29802,30540,738
12.7862796783,80.2220077515,30540,30550,10
12.7863302231,80.2217712402,30550,30561,11
12.7862596512,80.2216033936,30561,30571,10
12.7862195969,80.2213821411,30571,30581,10
12.7861995697,80.2210083008,30581,30641,60
12.7861995697,80.2210083008,30641,30652,11
12.786190033,80.2207717896,30652,30662,10
12.7861700058,80.2205429077,30662,30692,30
12.7861700058,80.2205429077,30692,30702,10
12.7861700058,80.2203369141,30702,30712,10
12.7863101959,80.2203063965,30712,30722,10
12.7866802216,80.2204666138,30722,30753,31
12.7866802216,80.2204666138,30753,30763,10
12.7871198654,80.2206420898,30763,30773,10
12.7876195908,80.2208099365,30773,30783,10
12.7881002426,80.2209777832,30783,30793,10
12.7886896133,80.221206665,30793,30803,10
12.7894001007,80.2214813232,30803,30813,10
12.7898197174,80.2216415405,30813,30823,10
12.7902402878,80.2217483521,30823,30834,11
12.7910003662,80.2219467163,30834,30844,10
12.7919101715,80.2221832275,30844,30854,10
12.7929801941,80.2224197388,30854,30864,10
12.7941303253,80.2225799561,30864,30874,10
12.7952699661,80.2227478027,30874,30884,10
12.7962703705,80.2229003906,30884,30894,10
12.7965402603,80.2229385376,30894,30904,10
12.796620369,80.2229614258,30904,30914,10
12.7970399857,80.2230606079,30914,30925,11
12.7978200912,80.2231903076,30925,30935,10
12.7986497879,80.2232894897,30935,30945,10
12.799539566,80.2233734131,30945,30955,10
12.8004999161,80.2234725952,30955,30965,10
12.801320076,80.2235565186,30965,30975,10
12.8015403748,80.2235565186,30975,30985,10
12.8017997742,80.2235794067,30985,30995,10
12.8024396896,80.2236633301,30995,31005,10
12.8031597137,80.2237701416,31005,31016,11
12.8041400909,80.2238464355,31016,31026,10
12.8049201965,80.2239379883,31026,31036,10
12.8054199219,80.2240524292,31036,31046,10
12.8055696487,80.2240982056,31046,31056,10
12.8056402206,80.2241592407,31056,31066,10
12.8059902191,80.2244415283,31066,31076,10
12.8065700531,80.2249526978,31076,31086,10
12.8073396683,80.2256164551,31086,31096,10
12.808259964,80.2264099121,31096,31107,11
12.8094501495,80.2273330688,31107,31117,10
12.8107700348,80.2279205322,31117,31127,10
12.8121204376,80.2284393311,31127,31137,10
12.8134899139,80.2289199829,31137,31147,10
12.8148097992,80.2292404175,31147,31157,10
12.816069603,80.2294082642,31157,31167,10
12.8174495697,80.2296981812,31167,31177,10
12.8185901642,80.2302474976,31177,31187,10
12.819560051,80.2304382324,31187,31198,11
12.8198204041,80.2304382324,31198,31208,10
12.8199396133,80.2304382324,31208,31218,10
12.8204898834,80.2304382324,31218,31228,10
12.8213596344,80.2304382324,31228,31238,10
12.8224096298,80.2306594849,31238,31248,10
12.8235998154,80.2310180664,31248,31258,10
12.8247404099,80.2312774658,31258,31268,10
12.8258800507,80.231338501,31268,31278,10
12.8269300461,80.2312011719,31278,31289,11
12.8281402588,80.2306671143,31289,31299,10
12.8292102814,80.2301177979,31299,31309,10
12.8302097321,80.2296981812,31309,31319,10
12.8308801651,80.2294311523,31319,31380,61
12.8308801651,80.2294311523,31380,31390,10
12.8310203552,80.2294006348,31390,31400,10
12.8311395645,80.229347229,31400,31410,10
12.831489563,80.2292480469,31410,31420,10
12.8319997787,80.2291107178,31420,31430,10
12.8327999115,80.2289428711,31430,31440,10
12.8338699341,80.2287597656,31440,31450,10
12.8350801468,80.2285079956,31450,31460,10
12.8362903595,80.2283172607,31460,31471,11
12.837679863,80.2281036377,31471,31481,10
12.8386697769,80.2278671265,31481,31491,10
12.8390798569,80.2277526855,31491,31501,10
12.8391599655,80.2277069092,31501,31511,10
12.8392496109,80.2277069092,31511,31531,20
12.8392496109,80.2277069092,31531,31541,10
12.8393802643,80.2276687622,31541,31551,10
12.8395700455,80.2275924683,31551,31562,11
12.8399801254,80.2275009155,31562,31572,10
12.8405895233,80.2273635864,31572,31582,10
12.8413896561,80.2271270752,31582,31592,10
12.8423595428,80.2269287109,31592,31602,10
12.8434495926,80.2267303467,31602,31612,10
12.8444404602,80.2265777588,31612,31622,10
12.8450498581,80.2265014648,31622,31632,10
12.8450698853,80.2264862061,31632,31642,10
12.8452196121,80.2265014648,31642,31653,11
12.8454704285,80.2265090942,31653,31663,10
12.8455400467,80.2265396118,31663,31673,10
12.8457202911,80.2265167236,31673,31683,10
12.8458003998,80.2264862061,31683,31693,10
12.8461503983,80.2265014648,31693,31703,10
12.8467998505,80.2265090942,31703,31713,10
12.847700119,80.2265319824,31713,31723,10
12.8487796783,80.2265090942,31723,31733,10
12.8498897552,80.2265167236,31733,31744,11
12.8512201309,80.2265396118,31744,31754,10
12.8526096344,80.2266082764,31754,31764,10
12.8540697098,80.2265396118,31764,31774,10
12.8555498123,80.2263717651,31774,31784,10
12.857000351,80.2262191772,31784,31794,10
12.8583803177,80.2261810303,31794,31804,10
12.8597002029,80.2263412476,31804,31814,10
12.8609399796,80.2265014648,31814,31824,10
12.8619098663,80.2265167236,31824,31835,11
12.863240242,80.2264328003,31835,31845,10
12.8647403717,80.2264862061,31845,31855,10
12.8664398193,80.2264633179,31855,31865,10
12.8681697845,80.2262878418,31865,31875,10
12.869890213,80.2264328003,31875,31885,10
12.8715400696,80.2265777588,31885,31895,10
12.8726396561,80.2265701294,31895,31905,10
12.8727302551,80.2266082764,31905,31915,10
12.8732004166,80.2266311646,31915,31926,11
12.8741598129,80.2266998291,31926,31936,10
12.8751897812,80.2268295288,31936,31946,10
12.8758401871,80.2268600464,31946,31956,10
12.8758897781,80.226852417,31956,31966,10
12.8761501312,80.2268371582,31966,32199,233
12.8761501312,80.2268371582,32199,32209,10
12.8765201569,80.2268218994,32209,32219,10
12.8766698837,80.2268295288,32219,32229,10
12.8770103455,80.2268218994,32229,32239,10
12.8777399063,80.2267608643,32239,32249,10
12.8787403107,80.2266769409,32249,32259,10
12.8800001144,80.2266387939,32259,32269,10
12.8814601898,80.2266387939,32269,32279,10
12.8830699921,80.2266311646,32279,32290,11
12.8846101761,80.2266082764,32290,32300,10
12.8850097656,80.2266235352,32300,32310,10
12.8850803375,80.2266387939,32310,32320,10
12.8854904175,80.2266921997,32320,32330,10
12.8862304688,80.2268829346,32330,32340,10
12.8872499466,80.2271194458,32340,32350,10
12.8885097504,80.2272872925,32350,32360,10
12.889960289,80.2272796631,32360,32370,10
12.8913602829,80.2272796631,32370,32381,11
12.8923101425,80.2273330688,32381,32401,20
12.8923101425,80.2273330688,32401,32411,10
12.8926200867,80.2273406982,32411,32421,10
12.8933095932,80.2274169922,32421,32431,10
12.8942899704,80.2275314331,32431,32441,10
12.8954896927,80.2275772095,32441,32451,10
12.8968896866,80.2276000977,32451,32461,10
12.8982000351,80.2276687622,32461,32472,11
12.8994998932,80.2277603149,32472,32482,10
12.9004001617,80.2277832031,32482,32552,70
12.9004001617,80.2277832031,32552,32563,11
12.9006099701,80.2278137207,32563,32573,10
12.9009895325,80.2278823853,32573,32583,10
12.901309967,80.2278366089,32583,32593,10
12.9018001556,80.2278366089,32593,32603,10
12.9029502869,80.2279129028,32603,32633,30
12.9029502869,80.2279129028,32633,32643,10
12.9032802582,80.2279205322,32643,32654,11
12.9038200378,80.2279815674,32654,32664,10
12.904540062,80.228012085,32664,32674,10
12.9053697586,80.2280578613,32674,32684,10
12.9057998657,80.2280273438,32684,32694,10
12.90583992,80.2280502319,32694,32704,10
12.9061098099,80.2280883789,32704,32714,10
12.9062404633,80.2280883789,32714,32724,10
12.9064998627,80.2281112671,32724,32734,10
12.9069595337,80.2281799316,32734,32745,11
12.9078102112,80.228302002,32745,32755,10
12.908829689,80.2284698486,32755,32765,10
12.9101295471,80.2286987305,32765,32775,10
12.9116001129,80.2289199829,32775,32785,10
12.9130001068,80.2291107178,32785,32795,10
12.9138002396,80.2291793823,32795,32805,10
12.9138898849,80.2292098999,32805,32815,10
12.9142904282,80.2292785645,32815,32825,10
12.9148902893,80.2293167114,32825,32836,11
12.9158496857,80.2294998169,32836,32846,10
12.9169397354,80.2296218872,32846,32856,10
12.9181003571,80.2298202515,32856,32866,10
12.9192495346,80.2299804688,32866,32876,10
12.9203996658,80.2301330566,32876,32886,10
12.9217395782,80.2302932739,32886,32896,10
12.9231796265,80.230506897,32896,32906,10
12.9248104095,80.2307281494,32906,32916,10
12.9261703491,80.2308883667,32916,32927,11
12.9265403748,80.2309188843,32927,32937,10
12.9268198013,80.2309570313,32937,32947,10
12.9274902344,80.2310409546,32947,32957,10
12.9285001755,80.2311706543,32957,32967,10
12.9295501709,80.2313995361,32967,32977,10
12.9307804108,80.2316894531,32977,32987,10
12.9321298599,80.2321395874,32987,32997,10
12.9336700439,80.232711792,32997,33018,21
12.9336700439,80.232711792,33018,33028,10
12.9339704514,80.2328796387,33028,33038,10
12.9346904755,80.2332000732,33038,33048,10
12.9357004166,80.2336578369,33048,33058,10
12.9366502762,80.2341079712,33058,33068,10
12.9373397827,80.2344284058,33068,33078,10
12.9381198883,80.2348175049,33078,33088,10
12.9396600723,80.2355804443,33088,33109,21
12.9396600723,80.2355804443,33109,33119,10
12.9400997162,80.235786438,33119,33129,10
12.9409599304,80.2360076904,33129,33139,10
12.9420404434,80.2362670898,33139,33149,10
12.9432296753,80.2368469238,33149,33159,10
12.9442796707,80.2379608154,33159,33169,10
12.945400238,80.239112854,33169,33179,10
12.9465799332,80.2396011353,33179,33210,31
12.9465799332,80.2396011353,33210,33220,10
12.9468202591,80.2397384644,33220,33230,10
12.9471302032,80.2398834229,33230,33240,10
12.9475402832,80.2400436401,33240,33250,10
12.9479398727,80.2402191162,33250,33260,10
12.9483098984,80.2403717041,33260,33270,10
12.9486303329,80.2404785156,33270,33280,10
12.9489603043,80.2406234741,33280,33291,11
12.9494304657,80.2408218384,33291,33301,10
12.9500904083,80.2410125732,33301,33311,10
12.9507198334,80.2411880493,33311,33321,10
12.9510402679,80.2412872314,33321,33331,10
12.951210022,80.2413635254,33331,33341,10
12.9514904022,80.2414474487,33341,33351,10
12.9515695572,80.2414932251,33351,33361,10
12.9518604279,80.2416000366,33361,33371,10
12.952460289,80.2418212891,33371,33382,11
12.9533395767,80.2421569824,33382,33392,10
12.9538297653,80.2423400879,33392,33402,10
12.954079628,80.2424621582,33402,33412,10
12.9546699524,80.2426986694,33412,33422,10
12.9553699493,80.2429733276,33422,33432,10
12.9561595917,80.2432403564,33432,33442,10
12.9563999176,80.2433395386,33442,33452,10
12.9567403793,80.2434921265,33452,33462,10
12.9574098587,80.2438201904,33462,33473,11
12.9582004547,80.244140625,33473,33483,10
12.9586696625,80.2443008423,33483,33493,10
12.9587697983,80.2443695068,33493,33503,10
12.9589195251,80.244468689,33503,33513,10
12.9589500427,80.2444763184,33513,33523,10
12.95911026,80.2445373535,33523,33533,10
12.9592199326,80.2445983887,33533,33543,10
12.95952034,80.2447509766,33543,33553,10
12.9601697922,80.2450180054,33553,33564,11
12.961139679,80.2454605103,33564,33574,10
12.9617204666,80.2457199097,33574,33584,10
12.9617595673,80.2457427979,33584,33594,10
12.9620304108,80.2458724976,33594,33604,10
12.9625902176,80.2461700439,33604,33685,81
12.9625902176,80.2461700439,33685,33695,10
12.9630203247,80.2463912964,33695,33705,10
12.9632396698,80.2465515137,33705,33715,10
12.96352005,80.246673584,33715,33725,10
12.9640398026,80.2468795776,33725,33736,11
12.9649200439,80.2471923828,33736,33746,10
12.9657802582,80.2474822998,33746,33756,10
12.9661598206,80.2476196289,33756,33766,10
12.9662399292,80.2476730347,33766,33776,10
12.9663600922,80.2477035522,33776,33786,10
12.9667301178,80.2478790283,33786,33796,10
12.9668598175,80.2479400635,33796,33806,10
12.9671401978,80.2480926514,33806,33816,10
12.96778965,80.2483673096,33816,33827,11
12.9687204361,80.2487716675,33827,33837,10
12.9697303772,80.2491607666,33837,33847,10
12.9708003998,80.2495574951,33847,33857,10
12.9718503952,80.2498703003,33857,33867,10
12.9729404449,80.2501525879,33867,33877,10
12.9738998413,80.2503967285,33877,33887,10
12.9749002457,80.2506866455,33887,33897,10
12.9760198593,80.2510223389,33897,33907,10
12.9770498276,80.2513198853,33907,33918,11
12.9779596329,80.2518997192,33918,33928,10
12.9785804749,80.2523193359,33928,33938,10
12.9786195755,80.2523498535,33938,33948,10
12.9787502289,80.2524108887,33948,33958,10
12.9790897369,80.252532959,33958,33968,10
12.9797697067,80.2526016235,33968,34039,71
12.9797697067,80.2526016235,34039,34049,10
12.9799699783,80.2526473999,34049,34059,10
12.9805402756,80.2526321411,34059,34069,10
12.9813098907,80.2526016235,34069,34079,10
12.9819402695,80.2525634766,34079,34282,203
12.9819402695,80.2525634766,34282,34292,10
12.982049942,80.2525482178,34292,34302,10
12.9823703766,80.2525405884,34302,34312,10
12.9826698303,80.2525405884,34312,34322,10
12.9828996658,80.252532959,34322,34332,10
12.9832601547,80.2525024414,34332,34342,10
12.9836597443,80.2524185181,34342,34352,10
12.9841995239,80.2522735596,34352,34362,10
12.984919548,80.2520599365,34362,34373,11
12.9860897064,80.2517318726,34373,34777,404
12.9860897064,80.2517318726,34777,34787,10
12.9863395691,80.2516174316,34787,34797,10
12.9866800308,80.2515411377,34797,34807,10
12.9870004654,80.2514724731,34807,34817,10
12.9873895645,80.2513427734,34817,34828,11
12.9878902435,80.2512435913,34828,34838,10
12.9885997772,80.251083374,34838,34848,10
12.9894199371,80.2508392334,34848,34858,10
12.989569664,80.2508010864,34858,34868,10
12.9898195267,80.2507476807,34868,34878,10
12.9903802872,80.2506103516,34878,34888,10
12.9912796021,80.2503967285,34888,34898,10
12.9922704697,80.2501831055,34898,34908,10
12.9934396744,80.2498779297,34908,34919,11
12.9949197769,80.24949646,34919,34929,10
12.9961500168,80.2491607666,34929,34939,10
12.9967603683,80.2489929199,34939,34949,10
12.996919632,80.2489624023,34949,34959,10
12.9975004196,80.248840332,34959,34969,10
12.9983301163,80.2486419678,34969,34979,10
12.9993801117,80.2483901978,34979,34989,10
13.0006799698,80.2480697632,34989,34999,10
13.0018701553,80.2477798462,34999,35010,11
13.0030603409,80.2475204468,35010,35020,10
13.0043802261,80.2473220825,35020,35030,10
13.0056400299,80.2471008301,35030,35040,10
13.0064201355,80.2466506958,35040,35050,10
13.0064897537,80.2464675903,35050,35060,10
13.0065603256,80.2463531494,35060,35070,10
13.0066299438,80.2459564209,35070,35080,10
13.0066404343,80.2452468872,35080,35090,10
13.0066404343,80.2444229126,35090,35101,11
13.0066099167,80.2437820435,35101,35111,10
13.0066003799,80.2433776855,35111,35121,10
13.006529808,80.2426986694,35121,35131,10
13.0065002441,80.2418670654,35131,35141,10
13.0065498352,80.2409133911,35141,35181,40
13.0065498352,80.2409133911,35181,35192,11
13.0066604614,80.240562439,35192,35202,10
13.0067195892,80.2402191162,35202,35212,10
13.0068397522,80.2396087646,35212,35222,10
13.0070295334,80.238609314,35222,35232,10
13.0072803497,80.2375793457,35232,35242,10
13.0073699951,80.2369766235,35242,35252,10
13.0074300766,80.2366714478,35252,35262,10
13.0074796677,80.2366027832,35262,35272,10
13.0075597763,80.2362670898,35272,35283,11
13.0077199936,80.2354812622,35283,35293,10
13.007900238,80.2344970703,35293,35303,10
13.0081596375,80.2332763672,35303,35313,10
13.0084400177,80.231842041,35313,35323,10
13.0087003708,80.2303695679,35323,35333,10
13.0089998245,80.2289428711,35333,35343,10
13.0093402863,80.2277603149,35343,35353,10
13.009759903,80.2267608643,35353,35363,10
13.0101995468,80.2258834839,35363,35374,11
13.01060009,80.2250289917,35374,35384,10
13.0109195709,80.2242507935,35384,35394,10
13.0113096237,80.2233123779,35394,35404,10
13.0116195679,80.2226333618,35404,35414,10
13.0118398666,80.2217636108,35414,35424,10
13.0120601654,80.2214431763,35424,35434,10
13.0122804642,80.2213821411,35434,35444,10
13.0124597549,80.2216873169,35444,35454,10
13.0128202438,80.2222290039,35454,35465,11
13.013420105,80.2227783203,35465,35475,10
13.0138998032,80.2233276367,35475,35485,10
13.0141401291,80.2236785889,35485,35495,10
13.0144996643,80.2240219116,35495,35505,10
13.0150098801,80.2245788574,35505,35515,10
13.0151996613,80.2247924805,35515,35525,10
13.0156297684,80.225112915,35525,35545,20
13.0156297684,80.225112915,35545,35556,11
13.0157299042,80.2252426147,35556,35566,10
13.0160903931,80.2253570557,35566,35576,10
13.0167198181,80.2252578735,35576,35586,10
13.0173797607,80.2249832153,35586,35596,10
13.0180797577,80.2246780396,35596,35606,10
13.0186595917,80.2244262695,35606,35616,10
13.0191402435,80.2242584229,35616,35657,41
13.0191402435,80.2242584229,35657,35667,10
13.0193395615,80.224319458,35667,35677,10
13.019610405,80.2243881226,35677,35687,10
13.0197200775,80.2244796753,35687,35697,10
13.0198802948,80.2246170044,35697,35707,10
13.0201101303,80.2248077393,35707,35717,10
13.0203199387,80.224937439,35717,35727,10
13.0205402374,80.2250900269,35727,35738,11
13.0205402374,80.2250976563,35738,35748,10
13.0207901001,80.2252883911,35748,35758,10
13.0210399628,80.225479126,35758,35768,10
13.0211801529,80.2256469727,35768,35778,10
13.0213699341,80.2258224487,35778,35788,10
13.0215902328,80.2259521484,35788,35798,10
13.0216798782,80.2260131836,35798,35808,10
13.021900177,80.2261428833,35808,35839,31
13.021900177,80.2261428833,35839,35849,10
13.0222301483,80.226348877,35849,35859,10
13.0222396851,80.2263565063,35859,35869,10
13.0223503113,80.2264328003,35869,35879,10
13.0225896835,80.2266616821,35879,35899,20
13.0225896835,80.2266616821,35899,35909,10
13.0226697922,80.2267608643,35909,35920,11
13.0228996277,80.2269973755,35920,35970,50
13.0232000351,80.2272415161,35970,36021,51
13.0232000351,80.2272415161,36021,36031,10
13.0235204697,80.2274703979,36031,36041,10
13.0236597061,80.2276077271,36041,36051,10
13.0238895416,80.2277984619,36051,36061,10
13.0242795944,80.2282714844,36061,36243,182
13.0242795944,80.2282714844,36243,36253,10
13.0243902206,80.2284011841,36253,36263,10
13.0243902206,80.2285308838,36263,36274,11
13.0240802765,80.2283630371,36274,36284,10
13.0235204697,80.2277297974,36284,36415,131
13.0233697891,80.2275390625,36415,36516,101
13.0233697891,80.2275390625,36516,36526,10
13.0231399536,80.2273178101,36526,36536,10
13.0228204727,80.2270278931,36536,36547,11
13.0224199295,80.2266464233,36547,36557,10
13.0219297409,80.2262268066,36557,36567,10
13.0213699341,80.2257995605,36567,36577,10
13.0207099915,80.2253112793,36577,36587,10
13.0200500488,80.2248764038,36587,36597,10
13.0192298889,80.2245330811,36597,36607,10
13.0183401108,80.2247161865,36607,36617,10
13.0174198151,80.2250900269,36617,36627,10
13.0165300369,80.2254486084,36627,36638,11
13.0157003403,80.2257003784,36638,36648,10
13.0149402618,80.2259902954,36648,36658,10
13.0143003464,80.2262802124,36658,36678,20
13.0143003464,80.2262802124,36678,36688,10
13.0140199661,80.2264175415,36688,36698,10
13.0135097504,80.226600647,36698,36708,10
13.0128602982,80.2268218994,36708,36718,10
13.012169838,80.2270965576,36718,36729,11
13.011300087,80.2274780273,36729,36739,10
13.0104103088,80.2278366089,36739,36749,10
13.0095701218,80.2282180786,36749,36759,10
13.0091896057,80.228729248,36759,36769,10
13.0090799332,80.2292633057,36769,36779,10
13.0089597702,80.2298965454,36779,36789,10
13.0088596344,80.2303619385,36789,36799,10
13.0087995529,80.230758667,36799,36809,10
13.0087099075,80.2311096191,36809,36820,11
13.0085897446,80.2316665649,36820,36840,20
13.0085897446,80.2316665649,36840,36850,10
13.0084896088,80.2321929932,36850,36860,10
13.0084199905,80.2325668335,36860,36870,10
13.0083599091,80.2329025269,36870,36880,10
13.0082902908,80.2335281372,36880,36900,20
13.0082902908,80.2335281372,36900,36911,11
13.0082101822,80.2337722778,36911,36961,50
13.0082101822,80.2337722778,36961,36971,10
13.0081396103,80.2339401245,36971,36981,10
13.0080699921,80.2343292236,36981,36991,10
13.0079298019,80.2350387573,36991,37002,11
13.0077600479,80.2359237671,37002,37012,10
13.007610321,80.2366333008,37012,37022,10
13.0075397491,80.2370223999,37022,37032,10
13.007519722,80.2370986938,37032,37042,10
13.0074796677,80.2372512817,37042,37052,10
13.0073900223,80.2376403809,37052,37062,10
13.0072898865,80.2381896973,37062,37072,10
13.0072002411,80.2387924194,37072,37082,10
13.0071401596,80.2391662598,37082,37153,71
13.0071401596,80.2391662598,37153,37163,10
13.0070800781,80.2394714355,37163,37173,10
13.006939888,80.2400283813,37173,37184,11
13.0068702698,80.2405090332,37184,37194,10
13.0068798065,80.2406311035,37194,37204,10
13.006819725,80.2410202026,37204,37224,20
13.0067901611,80.2414016724,37224,37254,30
13.0067901611,80.2414016724,37254,37264,10
13.0067396164,80.2416687012,37264,37275,11
13.0067396164,80.241859436,37275,37285,10
13.0067501068,80.2420883179,37285,37295,10
13.0067501068,80.2423706055,37295,37305,10
13.0067396164,80.2426376343,37305,37315,10
13.0067396164,80.2428588867,37315,37325,10
13.0067195892,80.2431411743,37325,37335,10
13.0067195892,80.2434310913,37335,37345,10
13.0067195892,80.243927002,37345,37366,21
13.0067195892,80.243927002,37366,37376,10
13.0066900253,80.244430542,37376,37386,10
13.0066995621,80.2446975708,37386,37436,50
13.0066995621,80.2446975708,37436,37446,10
13.0067300797,80.2451019287,37446,37457,11
13.0067300797,80.2455215454,37457,37467,10
13.006770134,80.2462615967,37467,37477,10
13.0067796707,80.2469329834,37477,37487,10
13.0065097809,80.2473678589,37487,37497,10
13.0060796738,80.247467041,37497,37517,20
13.0060796738,80.247467041,37517,37527,10
13.0058097839,80.2474517822,37527,37538,11
13.005279541,80.2474136353,37538,37548,10
13.0045404434,80.2474975586,37548,37558,10
13.0035800934,80.2475662231,37558,37568,10
13.0025100708,80.2477264404,37568,37578,10
13.001449585,80.2480010986,37578,37588,10
13.0003995895,80.248260498,37588,37598,10
12.9993495941,80.2484970093,37598,37608,10
12.998339653,80.2487716675,37608,37618,10
12.9978199005,80.248916626,37618,37628,10
12.9978199005,80.2489318848,37628,37639,11
12.9975004196,80.2489929199,37639,37649,10
12.9968099594,80.2491531372,37649,37659,10
12.9959001541,80.2493515015,37659,37669,10
12.9948596954,80.2496566772,37669,37679,10
12.9939002991,80.2499389648,37679,37689,10
12.9931898117,80.2501068115,37689,37699,10
12.9927196503,80.2502365112,37699,37709,10
12.9926996231,80.2502365112,37709,37719,10
12.9925298691,80.2502822876,37719,37730,11
12.9923200607,80.250328064,37730,37740,10
12.9920396805,80.2503967285,37740,37750,10
12.9916801453,80.2504882813,37750,37912,162
12.9916801453,80.2504882813,37912,37922,10
12.9912900925,80.2505722046,37922,37932,10
12.9908800125,80.2506790161,37932,37942,10
12.9907197952,80.2507171631,37942,37952,10
12.9905700684,80.2507400513,37952,37962,10
12.9901599884,80.2507629395,37962,37972,10
12.989859581,80.2508621216,37972,37982,10
12.9895200729,80.2509002686,37982,37992,10
12.9891796112,80.2510299683,37992,38003,11
12.9888401031,80.2511825562,38003,38013,10
12.9884796143,80.2512969971,38013,38023,10
12.9879302979,80.2514419556,38023,38033,10
12.9872503281,80.2516021729,38033,38043,10
12.9865398407,80.2517776489,38043,38053,10
12.9857196808,80.251953125,38053,38063,10
12.9846897125,80.252243042,38063,38073,10
12.9834499359,80.2525634766,38073,38083,10
12.9821100235,80.2526702881,38083,38094,11
12.9812602997,80.2527084351,38094,38104,10
12.9808797836,80.2527313232,38104,38114,10
12.9806699753,80.252746582,38114,38124,10
12.9804401398,80.2527770996,38124,38134,10
12.9799404144,80.2527923584,38134,38144,10
12.9794197083,80.2527389526,38144,38154,10
12.9788198471,80.2526626587,38154,38164,10
12.978770256,80.2526321411,38164,38174,10
12.9785995483,80.2525405884,38174,38185,11
12.9780502319,80.2521896362,38185,38195,10
12.9773702621,80.2515869141,38195,38205,10
12.9763803482,80.2511978149,38205,38215,10
12.9752597809,80.2508773804,38215,38225,10
12.974360466,80.2506408691,38225,38235,10
12.9739599228,80.2505111694,38235,38245,10
12.9735898972,80.2504425049,38245,38255,10
12.9729299545,80.2502822876,38255,38265,10
12.9721603394,80.2500534058,38265,38276,11
12.9719600677,80.249961853,38276,38286,10
12.9717998505,80.2499008179,38286,38296,10
12.9715995789,80.2498474121,38296,38306,10
12.9714002609,80.249786377,38306,38316,10
12.9713697433,80.249786377,38316,38326,10
12.9711904526,80.2497634888,38326,38336,10
12.9710197449,80.2497177124,38336,38346,10
12.9707298279,80.24974823,38346,38356,10
12.9700603485,80.2496871948,38356,38367,11
12.9691200256,80.2492675781,38367,38377,10
12.9684400558,80.248916626,38377,38387,10
12.9682798386,80.2488174438,38387,38397,10
12.9681100845,80.2487792969,38397,38407,10
12.9680204391,80.2487182617,38407,38417,10
12.9679403305,80.2486495972,38417,38427,10
12.9678001404,80.2485961914,38427,38437,10
12.9675397873,80.2484893799,38437,38447,10
12.9672803879,80.2483673096,38447,38458,11
12.9671802521,80.2483291626,38458,38468,10
12.9669103622,80.2481613159,38468,38488,20
12.9669103622,80.2481613159,38488,38498,10
12.9665899277,80.2479782104,38498,38539,41
12.9665899277,80.2479782104,38539,38549,10
12.9662799835,80.2478408813,38549,38559,10
12.9659996033,80.2477111816,38559,38569,10
12.9655504227,80.2475509644,38569,38579,10
12.9650402069,80.2473602295,38579,38599,20
12.9650402069,80.2473602295,38599,38609,10
12.9647302628,80.2472610474,38609,38619,10
12.9645500183,80.2471923828,38619,38630,11
12.964220047,80.2470703125,38630,38640,10
12.9639501572,80.2469787598,38640,38650,10
12.9637899399,80.2469177246,38650,38660,10
12.9636001587,80.2468338013,38660,38670,10
12.9631204605,80.2466125488,38670,38680,10
12.9624700546,80.2462692261,38680,38690,10
12.9616203308,80.24584198,38690,38700,10
12.960559845,80.2453308105,38700,38710,10
12.95952034,80.2449188232,38710,38721,11
12.9593696594,80.2448806763,38721,38731,10
12.9590196609,80.2446899414,38731,38741,10
12.9583797455,80.2444229126,38741,38751,10
12.9577703476,80.2441864014,38751,38761,10
12.9573602676,80.2440338135,38761,38781,20
12.9573602676,80.2440338135,38781,38791,10
12.9570503235,80.2439422607,38791,38801,10
12.9568004608,80.2438583374,38801,38882,81
12.9564599991,80.2437362671,38882,38902,20
12.9564599991,80.2437362671,38902,38913,11
12.9561195374,80.2435836792,38913,38923,10
12.9554901123,80.2432022095,38923,38933,10
12.9546604156,80.2428207397,38933,38943,10
12.9539403915,80.2425537109,38943,38953,10
12.9532403946,80.2422485352,38953,38963,10
12.9523801804,80.2419128418,38963,38973,10
12.9517602921,80.2416992188,38973,38983,10
12.9516401291,80.2416610718,38983,38993,10
12.951210022,80.2415084839,38993,39004,11
12.9503498077,80.2412261963,39004,39014,10
12.9490604401,80.2408294678,39014,39084,70
12.9490604401,80.2408294678,39084,39095,11
12.9486703873,80.2406692505,39095,39105,10
12.947930336,80.2403488159,39105,39115,10
12.9471797943,80.2400512695,39115,39125,10
12.9471302032,80.2400436401,39125,39135,10
12.9469995499,80.2399902344,39135,39145,10
12.9465303421,80.2397766113,39145,39155,10
12.9457197189,80.239440918,39155,39165,10
12.9448795319,80.238861084,39165,39175,10
12.9440498352,80.2379379272,39175,39186,11
12.942899704,80.2367782593,39186,39196,10
12.9414596558,80.2362365723,39196,39206,10
12.9397096634,80.235786438,39206,39226,20
12.9397096634,80.235786438,39226,39236,10
12.9393196106,80.2355804443,39236,39246,10
12.9386100769,80.2352371216,39246,39256,10
12.9377002716,80.2347869873,39256,39267,11
12.9365596771,80.2342605591,39267,39277,10
12.9358100891,80.2339019775,39277,39287,10
12.9350404739,80.233543396,39287,39297,10
12.9338502884,80.2330093384,39297,39317,20
12.9338502884,80.2330093384,39317,39327,10
12.9335603714,80.2328567505,39327,39337,10
12.9328699112,80.2325592041,39337,39347,10
12.9318399429,80.2322006226,39347,39357,10
12.9306097031,80.2318191528,39357,39368,11
12.9291496277,80.2314605713,39368,39378,10
12.928030014,80.2312393188,39378,39388,10
12.9270496368,80.2311325073,39388,39398,10
12.9262104034,80.2310180664,39398,39408,10
12.9259500504,80.2310409546,39408,39418,10
12.9258499146,80.2310180664,39418,39428,10
12.9253196716,80.2309417725,39428,39438,10
12.9245996475,80.2308425903,39438,39448,10
12.923620224,80.2306976318,39448,39459,11
12.9223003387,80.2304763794,39459,39469,10
12.9208297729,80.2302932739,39469,39479,10
12.9194202423,80.2301101685,39479,39489,10
12.918299675,80.2299804688,39489,39499,10
12.9170303345,80.2298126221,39499,39509,10
12.9156999588,80.2296218872,39509,39519,10
12.9144001007,80.2294311523,39519,39529,10
12.9133796692,80.2293319702,39529,39550,21
12.9133796692,80.2293319702,39550,39560,10
12.9130601883,80.2292709351,39560,39570,10
12.9124202728,80.2291793823,39570,39580,10
12.9114904404,80.229057312,39580,39590,10
12.9103803635,80.2288818359,39590,39600,10
12.9091396332,80.2286682129,39600,39610,10
12.9076404572,80.2284622192,39610,39651,41
12.9076404572,80.2284622192,39651,39661,10
12.9075098038,80.2284393311,39661,39671,10
12.9070997238,80.2283782959,39671,39681,10
12.9066801071,80.2283401489,39681,39691,10
12.9060201645,80.2282791138,39691,39701,10
12.9051303864,80.2282409668,39701,39711,10
12.9041500092,80.228187561,39711,39722,11
12.9030504227,80.2281417847,39722,39732,10
12.9023799896,80.2281036377,39732,39752,20
12.9023799896,80.2281036377,39752,39762,10
12.902130127,80.2280807495,39762,39772,10
12.9017801285,80.2280578613,39772,39782,10
12.90143013,80.2280273438,39782,39792,10
12.9010400772,80.2279968262,39792,39802,10
12.9006500244,80.2279586792,39802,39812,10
12.9002103806,80.2279434204,39812,39823,11
12.8993196487,80.2279510498,39823,39843,20
12.8993196487,80.2279510498,39843,39853,10
12.8992300034,80.2279510498,39853,39863,10
12.8988800049,80.2279510498,39863,39873,10
12.8982601166,80.2278823853,39873,39883,10
12.8974599838,80.2277984619,39883,39893,10
12.8964796066,80.2277374268,39893,39903,10
12.8952903748,80.2276763916,39903,39914,11
12.8937797546,80.2275772095,39914,39924,10
12.8928699493,80.2275009155,39924,39934,10
12.892490387,80.2274627686,39934,39944,10
12.8920001984,80.2273864746,39944,39954,10
12.8912000656,80.2273788452,39954,39964,10
12.8901796341,80.2273712158,39964,39974,10
12.8891201019,80.2273635864,39974,39984,10
12.888299942,80.2273406982,39984,39995,11
12.8872003555,80.2272186279,39995,40005,10
12.8860397339,80.2269363403,40005,40015,10
12.8849802017,80.2267227173,40015,40025,10
12.884349823,80.2267227173,40025,40035,10
12.8838195801,80.2267608643,40035,40045,10
12.8836297989,80.2267608643,40045,40055,10
12.8830299377,80.2267684937,40055,40065,10
12.8821001053,80.2267684937,40065,40075,10
12.880979538,80.2267684937,40075,40085,10
12.8796195984,80.2267684937,40085,40096,11
12.878080368,80.2268600464,40096,40106,10
12.8769798279,80.2269668579,40106,40116,10
12.8767204285,80.2269973755,40116,40126,10
12.8765602112,80.2269973755,40126,40136,10
12.8761196136,80.2270126343,40136,40146,10
12.8753404617,80.2269592285,40146,40156,10
12.8743400574,80.2268371582,40156,40166,10
12.8731298447,80.2267303467,40166,40176,10
12.8726997375,80.2267532349,40176,40187,11
12.8725299835,80.2267379761,40187,40197,10
12.871919632,80.2267227173,40197,40207,10
12.8710298538,80.2266921997,40207,40217,10
12.8699302673,80.226600647,40217,40227,10
12.8686599731,80.2264328003,40227,40237,10
12.8672599792,80.2264633179,40237,40247,10
12.865940094,80.2265930176,40247,40257,10
12.8645200729,80.2265930176,40257,40267,10
12.8629598618,80.2265396118,40267,40278,11
12.8617095947,80.2266311646,40278,40288,10
12.8609199524,80.2266082764,40288,40298,10
12.8607196808,80.226600647,40298,40308,10
12.8601799011,80.2265167236,40308,40318,10
12.8593397141,80.2263870239,40318,40328,10
12.8582897186,80.2262878418,40328,40338,10
12.8570804596,80.2263336182,40338,40348,10
12.8557300568,80.2264709473,40348,40358,10
12.8542499542,80.2266235352,40358,40369,11
12.8525400162,80.2266998291,40369,40379,10
12.8511104584,80.2266464233,40379,40389,10
12.8503303528,80.2266387939,40389,40399,10
12.8502502441,80.2266387939,40399,40409,10
12.8498001099,80.2266235352,40409,40419,10
12.849029541,80.2266235352,40419,40429,10
12.8479995728,80.2266082764,40429,40439,10
12.8467798233,80.2266082764,40439,40449,10
12.8457298279,80.2266311646,40449,40459,10
12.845199585,80.2266616821,40459,40480,21
12.845199585,80.2266616821,40480,40490,10
12.8450202942,80.2266693115,40490,40500,10
12.8445196152,80.2267074585,40500,40510,10
12.8437404633,80.2267837524,40510,40520,10
12.8427696228,80.2269592285,40520,40530,10
12.8416595459,80.2271728516,40530,40540,10
12.8406295776,80.2274627686,40540,40551,11
12.8400602341,80.2276687622,40551,40591,40
12.8400602341,80.2276687622,40591,40601,10
12.8397502899,80.2278366089,40601,40611,10
12.8395795822,80.2278823853,40611,40621,10
12.8390398026,80.2279510498,40621,40631,10
12.838259697,80.2281112671,40631,40642,11
12.8373203278,80.2282791138,40642,40652,10
12.8360204697,80.228477478,40652,40662,10
12.8346300125,80.2286834717,40662,40672,10
12.8331403732,80.2289581299,40672,40682,10
12.8318195343,80.2292175293,40682,40722,40
12.8318195343,80.2292175293,40722,40732,10
12.831489563,80.2287902832,40732,40763,31
12.831489563,80.2287902832,40763,40773,10
12.8314399719,80.2285308838,40773,40783,10
12.8313598633,80.2280807495,40783,40793,10
12.8312196732,80.2273712158,40793,40803,10
12.8310403824,80.2264785767,40803,40813,10
12.8310003281,80.2253875732,40813,40823,10
12.831029892,80.2246704102,40823,40834,11
12.8310499191,80.2242202759,40834,40844,10
12.8310499191,80.2235336304,40844,40854,10
12.831029892,80.2227020264,40854,40864,10
12.8310203552,80.2222213745,40864,40874,10
12.831029892,80.2218170166,40874,40884,10
12.8310499191,80.2211608887,40884,40894,10
12.8310203552,80.2203979492,40894,40904,10
12.831029892,80.2197418213,40904,40914,10
12.8308601379,80.2195281982,40914,40925,11
12.8300895691,80.2195281982,40925,40935,10
12.8292798996,80.2195281982,40935,40945,10
12.8283100128,80.2195205688,40945,40955,10
12.8274803162,80.2195129395,40955,41005,50
12.8274803162,80.2195129395,41005,41016,11
12.8272304535,80.2194976807,41016,41026,10
12.8266496658,80.2194900513,41026,41036,10
12.8261098862,80.2194900513,41036,41046,10
12.8256502151,80.2194595337,41046,41066,20
12.8256502151,80.2194595337,41066,41076,10
12.825460434,80.2194976807,41076,41086,10
12.8249101639,80.2194595337,41086,41096,10
12.8240404129,80.2194671631,41096,41107,11
12.8228902817,80.2194900513,41107,41127,20
12.8228902817,80.2194900513,41127,41137,10
12.8226804733,80.219291687,41137,41147,10
12.8226499557,80.2190322876,41147,41157,10
12.8226203918,80.2185897827,41157,41167,10
12.8226299286,80.2177963257,41167,41177,10
12.8226299286,80.2168807983,41177,41188,11
12.8227396011,80.216003418,41188,41198,10
12.8228998184,80.2159805298,41198,41208,10
12.8231496811,80.2159881592,41208,41218,10
12.8237800598,80.2159805298,41218,41228,10
12.8247804642,80.2159729004,41228,41511,283
12.8247804642,80.2159729004,41511,41521,10
12.8250198364,80.216003418,41521,41531,10
12.8253602982,80.2159805298,41531,41541,10
12.8257703781,80.2160110474,41541,41552,11
12.825920105,80.2163314819,41552,41562,10
12.8259096146,80.2169876099,41562,41572,10
12.8259000778,80.2179031372,41572,41582,10
12.8259000778,80.218963623,41582,41592,10
12.8259401321,80.2193527222,41592,41602,10
12.8263502121,80.2193832397,41602,41612,10
12.8270902634,80.2193984985,41612,41622,10
12.8273801804,80.2193984985,41622,41632,10
12.827630043,80.2193908691,41632,41642,10
12.8281803131,80.2193603516,41642,41653,11
12.8288898468,80.2193908691,41653,41663,10
12.8300895691,80.2193984985,41663,41673,10
12.8308401108,80.2194366455,41673,41683,10
12.8310804367,80.2196731567,41683,41693,10
12.8311395645,80.2204589844,41693,41703,10
12.8311300278,80.2215423584,41703,41713,10
12.8311500549,80.2221679688,41713,41723,10
12.8311796188,80.2224731445,41723,41733,10
12.8311796188,80.2229766846,41733,41743,10
12.8311595917,80.2238235474,41743,41754,11
12.8311595917,80.2246017456,41754,41764,10
12.8311595917,80.2249603271,41764,41774,10
12.8311300278,80.225692749,41774,41784,10
12.831199646,80.2266387939,41784,41794,10
12.8314399719,80.2277374268,41794,41804,10
12.8316602707,80.2288131714,41804,41813,9
12.8318300247,80.2291183472,41813,41824,11
12.8320598602,80.2290725708,41824,41835,11
12.8325796127,80.2289581299,41835,41845,10
12.8330898285,80.2288894653,41845,41855,10
12.8339195251,80.2287368774,41855,41865,10
12.8349704742,80.228553772,41865,41875,10
12.836139679,80.2283782959,41875,41885,10
12.8372602463,80.2282180786,41885,41895,10
12.8381996155,80.2280197144,41895,41905,10
12.8390102386,80.2278289795,41905,41916,11
12.8395204544,80.2276992798,41916,41926,10
12.8398799896,80.2276077271,41926,41936,10
12.8405799866,80.2274093628,41936,41946,10
12.8415298462,80.2271499634,41946,41956,10
12.8427696228,80.2269363403,41956,41966,10
12.8440904617,80.2267227173,41966,41976,10
12.84512043,80.2266235352,41976,41986,10
12.8453798294,80.2265777588,41986,41996,10
12.8454399109,80.2265625,41996,42007,11
12.8458204269,80.2265396118,42007,42017,10
12.846570015,80.2265090942,42017,42027,10
12.8475999832,80.2265396118,42027,42037,10
12.8486995697,80.2265472412,42037,42047,10
12.8498601913,80.2265319824,42047,42057,10
12.8509597778,80.2265167236,42057,42067,10
12.8522796631,80.2265777588,42067,42077,10
12.8537397385,80.2265701294,42077,42087,10
12.8552598953,80.2264328003,42087,42097,10
12.8567199707,80.2262802124,42097,42108,11
12.8580799103,80.2261810303,42108,42118,10
12.8591403961,80.2262802124,42118,42128,10
12.860159874,80.2263793945,42128,42138,10
12.8608903885,80.2264862061,42138,42148,10
12.8614597321,80.2265319824,42148,42158,10
12.8623695374,80.2265014648,42158,42168,10
12.8635396957,80.2264785767,42168,42178,10
12.8648996353,80.2265396118,42178,42188,10
12.8662900925,80.2265167236,42188,42199,11
12.8678398132,80.2263793945,42199,42209,10
12.8692502975,80.2263870239,42209,42219,10
12.8705596924,80.2265625,42219,42229,10
12.8718204498,80.2266082764,42229,42239,10
12.8726596832,80.2266082764,42239,42249,10
12.8728504181,80.2266082764,42249,42259,10
12.8731002808,80.2266082764,42259,42269,10
12.8737802505,80.2266616821,42269,42279,10
12.8747396469,80.2267837524,42279,42290,11
12.8760099411,80.2268981934,42290,42300,10
12.8766698837,80.2268600464,42300,42310,10
12.8769598007,80.226852417,42310,42320,10
12.8777103424,80.2267913818,42320,42330,10
12.878780365,80.2267227173,42330,42340,10
12.8801202774,80.2266693115,42340,42350,10
12.8816299438,80.2266464233,42350,42360,10
12.883020401,80.2266464233,42360,42370,10
12.8842496872,80.2266311646,42370,42381,11
12.8850803375,80.2266311646,42381,42391,10
12.885219574,80.2266464233,42391,42401,10
12.8856801987,80.2267227173,42401,42411,10
12.8865404129,80.2269668579,42411,42421,10
12.8876895905,80.2271881104,42421,42431,10
12.8890304565,80.2272872925,42431,42441,10
12.8904800415,80.2272796631,42441,42451,10
12.8919095993,80.2272720337,42451,42461,10
12.8928699493,80.2273406982,42461,42472,11
12.8940496445,80.2275085449,42472,42482,10
12.8952999115,80.2275924683,42482,42492,10
12.8966197968,80.2276535034,42492,42502,10
12.8979902267,80.2277374268,42502,42512,10
12.8992395401,80.2278137207,42512,42522,10
12.9001703262,80.2278594971,42522,42532,10
12.9007101059,80.2278900146,42532,42643,111
12.9006500244,80.2280273438,42643,42694,51
12.9006500244,80.2280273438,42694,42704,10
12.9008197784,80.2279815674,42704,42714,10
12.9013204575,80.2279663086,42714,42724,10
12.9020395279,80.2279586792,42724,42734,10
12.902759552,80.2279815674,42734,42745,11
12.9028701782,80.2279663086,42745,42755,10
12.9032897949,80.2279663086,42755,42765,10
12.9040203094,80.2280502319,42765,42775,10
12.9048995972,80.2281112671,42775,42785,10
12.9058799744,80.2281570435,42785,42815,30
12.9058799744,80.2281570435,42815,42825,10
12.9061803818,80.2282562256,42825,42836,11
12.9066095352,80.2282562256,42836,42846,10
12.9070301056,80.2283172607,42846,42856,10
12.9077796936,80.2283782959,42856,42866,10
12.9088697433,80.2285385132,42866,42876,10
12.9102096558,80.2287597656,42876,42886,10
12.9115495682,80.2289428711,42886,42896,10
12.9128799438,80.2291030884,42896,42906,10
12.9139404297,80.2292404175,42906,42916,10
12.9140100479,80.2292480469,42916,42927,11
12.9145498276,80.2293701172,42927,42937,10
12.9154901505,80.2294616699,42937,42947,10
12.9165496826,80.2296218872,42947,42957,10
12.9172096252,80.2297592163,42957,42967,10
12.9176502228,80.2298278809,42967,42977,10
12.9182701111,80.229888916,42977,42987,10
12.9189901352,80.2299804688,42987,42997,10
12.9198598862,80.2300796509,42997,43007,10
12.9209899902,80.23021698,43007,43017,10
12.9223299026,80.2304077148,43017,43028,11
12.9238395691,80.2306365967,43028,43038,10
12.924779892,80.230758667,43038,43048,10
12.9263000488,80.2309036255,43048,43058,10
12.9265203476,80.2309188843,43058,43068,10
12.9270296097,80.2309799194,43068,43078,10
12.9279203415,80.2311172485,43078,43088,10
12.9289999008,80.2312774658,43088,43098,10
12.9301395416,80.2315597534,43098,43108,10
12.931520462,80.2319488525,43108,43119,11
12.9327001572,80.2322998047,43119,43129,10
12.9336204529,80.2326812744,43129,43139,10
12.9337301254,80.2327423096,43139,43149,10
12.9339103699,80.2328567505,43149,43159,10
12.9345197678,80.2331314087,43159,43169,10
12.9350996017,80.2333679199,43169,43179,10
12.9356803894,80.2336425781,43179,43189,10
12.9359397888,80.2337722778,43189,43199,10
12.9365997314,80.2340698242,43199,43210,11
12.9375495911,80.2345428467,43210,43220,10
12.9385795593,80.2350463867,43220,43230,10
12.9394798279,80.2354736328,43230,43240,10
12.9398202896,80.2356185913,43240,43250,10
12.9399595261,80.2357025146,43250,43260,10
12.940369606,80.2358474731,43260,43270,10
12.9414100647,80.2361221313,43270,43280,10
12.9424800873,80.2364196777,43280,43290,10
12.9434299469,80.2370529175,43290,43301,11
12.9443397522,80.2380065918,43301,43311,10
12.9452295303,80.2389373779,43311,43321,10
12.9463195801,80.2395095825,43321,43331,10
12.9472103119,80.2398910522,43331,43341,10
12.9474201202,80.2399673462,43341,43351,10
12.9476900101,80.2400894165,43351,43361,10
12.9483299255,80.2403717041,43361,43371,10
12.9488801956,80.240562439,43371,43412,41
12.9488801956,80.240562439,43412,43422,10
12.9490404129,80.2406692505,43422,43432,10
12.9494400024,80.240852356,43432,43442,10
12.9501199722,80.2410736084,43442,43452,10
12.9509401321,80.2412796021,43452,43462,10
12.9511699677,80.2413787842,43462,43473,11
12.9515800476,80.2415618896,43473,43483,10
12.952249527,80.2417907715,43483,43493,10
12.9528999329,80.2420272827,43493,43503,10
12.9535903931,80.2422866821,43503,43513,10
12.9540100098,80.24243927,43513,43523,10
12.9546403885,80.2426986694,43523,43533,10
12.9551496506,80.2429122925,43533,43543,10
12.9561700821,80.243270874,43543,43614,71
12.9561700821,80.243270874,43614,43624,10
12.956700325,80.2434463501,43624,43634,10
12.9573602676,80.2437820435,43634,43644,10
12.9581604004,80.2441177368,43644,43654,10
12.958820343,80.2444000244,43654,43665,11
12.958990097,80.2444992065,43665,43675,10
12.9594297409,80.2447128296,43675,43685,10
12.9602203369,80.2450408936,43685,43695,10
12.9612398148,80.2455215454,43695,43705,10
12.9623003006,80.2460403442,43705,43715,10
12.9629602432,80.2463378906,43715,43756,41
12.9629602432,80.2463378906,43756,43766,10
12.9631099701,80.2465133667,43766,43776,10
12.9635000229,80.2466812134,43776,43786,10
12.9640703201,80.2469177246,43786,43796,10
12.9648799896,80.2472076416,43796,43806,10
12.965760231,80.2474822998,43806,43816,10
12.9666700363,80.247833252,43816,43837,21
12.9666700363,80.247833252,43837,43847,10
12.9669399261,80.2480010986,43847,43857,10
12.967040062,80.2480621338,43857,43867,10
12.9674797058,80.2482299805,43867,43877,10
12.9682703018,80.2485198975,43877,43887,10
12.9690904617,80.248840332,43887,43897,10
12.9702796936,80.2493133545,43897,43907,10
12.9714097977,80.249710083,43907,43917,10
12.9725999832,80.2500534058,43917,43927,10
12.9735603333,80.2503128052,43927,43938,11
12.9741296768,80.2504730225,43938,43948,10
12.9749002457,80.2506866455,43948,43958,10
12.975859642,80.2509689331,43958,43968,10
12.9769201279,80.2512664795,43968,43978,10
12.9778203964,80.2517623901,43978,43988,10
12.9784297943,80.2522201538,43988,43998,10
12.9785804749,80.2523193359,43998,44008,10
12.978679657,80.2523803711,44008,44019,11
12.9789400101,80.2524871826,44019,44029,10
12.979180336,80.2525405884,44029,44039,10
12.9797697067,80.2526016235,44039,44049,10
12.9804801941,80.2526321411,44049,44059,10
12.9812803268,80.2526016235,44059,44069,10
12.9819803238,80.2525634766,44069,44130,61
12.9819803238,80.2525634766,44130,44140,10
12.9822101593,80.2525634766,44140,44150,10
12.9824800491,80.2525482178,44150,44160,10
12.9826202393,80.2525405884,44160,44170,10
12.9827699661,80.2525405884,44170,44180,10
12.9829702377,80.2525177002,44180,44190,10
12.983130455,80.2525177002,44190,44201,11
12.9833202362,80.252532959,44201,44211,10
12.9836597443,80.2524337769,44211,44221,10
12.9847602844,80.2521209717,44221,44403,182
12.9847602844,80.2521209717,44403,44413,10
12.9849300385,80.2520980835,44413,44423,10
12.9853200912,80.2519836426,44423,44433,10
12.9859600067,80.2518005371,44433,44443,10
12.986530304,80.251663208,44443,44453,10
12.9870300293,80.2515182495,44453,44463,10
12.9875402451,80.251373291,44463,44473,10
12.9881801605,80.2512283325,44473,44484,11
12.989159584,80.2509613037,44484,44494,10
12.9893198013,80.2509307861,44494,44504,10
12.9895095825,80.2509307861,44504,44514,10
12.9900503159,80.2508087158,44514,44524,10
12.9907398224,80.250617981,44524,44534,10
12.9918003082,80.2503585815,44534,44544,10
12.9930400848,80.2500534058,44544,44554,10
12.9943704605,80.2497024536,44554,44565,11
12.9958400726,80.2493209839,44565,44575,10
12.9966802597,80.2490921021,44575,44585,10
12.9968700409,80.2490615845,44585,44595,10
12.997469902,80.2489318848,44595,44605,10
12.9984102249,80.2486801147,44605,44615,10
12.9995298386,80.2483978271,44615,44625,10
13.0007095337,80.2481002808,44625,44635,10
13.0017204285,80.2478408813,44635,44645,10
13.0024404526,80.2476806641,44645,44655,10
13.0033397675,80.2475128174,44655,44666,11
13.0045795441,80.2473373413,44666,44676,10
13.0056800842,80.2471389771,44676,44686,10
13.0063295364,80.2467422485,44686,44696,10
13.0064096451,80.2466125488,44696,44706,10
13.0064697266,80.2465133667,44706,44716,10
13.0065402985,80.246131897,44716,44726,10
13.0065803528,80.2455596924,44726,44736,10
13.0066204071,80.245010376,44736,44746,10
13.0066003799,80.2445907593,44746,44757,11
13.0066604614,80.2442626953,44757,44767,10
13.0066995621,80.2437362671,44767,44777,10
13.0066795349,80.2429962158,44777,44787,10
13.0066604614,80.2420883179,44787,44797,10
13.0066699982,80.2411193848,44797,44807,10
13.0067501068,80.2403106689,44807,44838,31
13.0067501068,80.2403106689,44838,44848,10
13.0067300797,80.2401199341,44848,44858,10
13.0067796707,80.2395477295,44858,44868,10
13.0069704056,80.2385101318,44868,44878,10
13.0073699951,80.2369613647,44878,44888,10
13.0073699951,80.2369613647,44888,44898,10
13.0074100494,80.2368011475,44898,44908,10
13.0075502396,80.2364425659,44908,44918,10
13.0076904297,80.2357788086,44918,44929,11
13.0078001022,80.2351989746,44929,44939,10
13.0078601837,80.2350616455,44939,44949,10
13.0079402924,80.2345504761,44949,44959,10
13.0081195831,80.2336578369,44959,44969,10
13.0083799362,80.2323989868,44969,44979,10
13.0086603165,80.2309570313,44979,44990,11
13.0088796616,80.2297210693,44990,45000,10
13.0092096329,80.2281494141,45000,45010,10
13.0097799301,80.2266235352,45010,45021,11
13.0104799271,80.2252120972,45021,45031,10
13.0109300613,80.2240219116,45031,45041,10
13.0111703873,80.2232589722,45041,45061,20
13.0111703873,80.2232589722,45061,45070,9
13.0113801956,80.2230377197,45070,45081,11
13.0116300583,80.2224197388,45081,45091,10
13.0119600296,80.2215881348,45091,45101,10
13.0122995377,80.2214736938,45101,45112,11
13.0124998093,80.2217788696,45112,45122,10
13.0129404068,80.2222900391,45122,45132,10
13.0133895874,80.2227401733,45132,45142,10
13.0139398575,80.2232971191,45142,45152,10
13.0141401291,80.2236175537,45152,45162,10
13.0144796371,80.2239685059,45162,45172,10
13.0148296356,80.2244186401,45172,45182,10
13.0149297714,80.2245101929,45182,45192,10
13.0151796341,80.2247619629,45192,45203,11
13.0156002045,80.225112915,45203,45223,20
13.0156002045,80.225112915,45223,45233,10
13.0159397125,80.2253189087,45233,45243,10
13.0165596008,80.2252807617,45243,45253,10
13.0174198151,80.224937439,45253,45263,10
13.0182695389,80.2245864868,45263,45273,10
13.0189800262,80.2243423462,45273,45283,10
13.0195703506,80.2244110107,45283,45314,31
13.0195703506,80.2244110107,45314,45324,10
13.0198497772,80.2246398926,45324,45334,10
13.0202999115,80.2249526978,45334,45344,10
13.0206804276,80.2252120972,45344,45354,10
13.0211200714,80.2255630493,45354,45364,10
13.0215997696,80.2259216309,45364,45374,10
13.0221700668,80.2263717651,45374,45384,10
13.0228900909,80.2269973755,45384,45395,11
13.0235099792,80.2276000977,45395,45405,10
13.0238800049,80.2279205322,45405,45415,10
13.0240802765,80.2280807495,45415,45425,10
13.0243797302,80.2284164429,45425,45455,30
13.0243797302,80.2284164429,45455,45465,10
13.0244197845,80.2285308838,45465,45475,10
13.0241804123,80.228553772,45475,45486,11
13.0238399506,80.2281036377,45486,45496,10
13.0234603882,80.2277374268,45496,45779,283
13.0234603882,80.2277374268,45779,45789,10
13.023349762,80.2274780273,45789,45799,10
13.0231399536,80.2272872925,45799,45809,10
13.0230998993,80.2272415161,45809,45819,10
13.0228996277,80.2270584106,45819,45829,10
13.0227203369,80.2269134521,45829,45840,11
13.022480011,80.2266616821,45840,45850,10
13.0219802856,80.2262573242,45850,45860,10
13.021320343,80.2257385254,45860,45870,10
13.0206604004,80.2252807617,45870,45880,10
13.0201101303,80.2249221802,45880,45890,10
13.0199604034,80.2248306274,45890,45900,10
13.019900322,80.2248001099,45900,45910,10
13.0195598602,80.2246170044,45910,45920,10
13.0188102722,80.224571228,45920,45931,11
13.0177001953,80.2249832153,45931,45941,10
13.016699791,80.2253799438,45941,45951,10
13.0160398483,80.2256011963,45951,45961,10
13.0152797699,80.2258911133,45961,45971,10
13.0150699615,80.225982666,45971,45981,10
13.0149803162,80.2260131836,45981,45991,10
13.0145998001,80.2261810303,45991,46001,10
13.014289856,80.2263336182,46001,46011,10
13.0142202377,80.2263565063,46011,46022,11
13.0136899948,80.2265396118,46022,46032,10
13.0131101608,80.2267608643,46032,46042,10
13.0124197006,80.2270278931,46042,46052,10
13.0116195679,80.2273483276,46052,46062,10
13.0107498169,80.2276992798,46062,46072,10
13.0098800659,80.2280731201,46072,46082,10
13.0092000961,80.2285232544,46082,46092,10
13.0090103149,80.2293624878,46092,46102,10
13.0087900162,80.2304763794,46102,46112,10
13.0085601807,80.2316589355,46112,46123,11
13.0083503723,80.2326583862,46123,46133,10
13.0082302094,80.2334823608,46133,46143,10
13.008190155,80.2336502075,46143,46153,10
13.0081701279,80.2338104248,46153,46163,10
13.0080404282,80.2342834473,46163,46173,10
13.0079402924,80.2347793579,46173,46183,10
13.0078802109,80.2351226807,46183,46193,10
13.0077600479,80.235710144,46193,46203,10
13.0075502396,80.236541748,46203,46214,11
13.0073204041,80.2378005981,46214,46224,10
13.0070695877,80.2388687134,46224,46234,10
13.0068302155,80.2399215698,46234,46274,40
13.0068302155,80.2399215698,46274,46284,10
13.0068502426,80.2405090332,46284,46294,10
13.0068302155,80.2406005859,46294,46305,11
13.0067796707,80.2409591675,46305,46315,10
13.006649971,80.2416610718,46315,46325,10
13.0066204071,80.2425613403,46325,46335,10
13.0065603256,80.2432785034,46335,46345,10
13.0065002441,80.2440567017,46345,46355,10
13.0065498352,80.245010376,46355,46365,10
13.0066299438,80.2457122803,46365,46375,10
13.0066795349,80.2462005615,46375,46386,11
13.0066900253,80.2462768555,46386,46396,10
13.0067195892,80.2465286255,46396,46406,10
13.0067195892,80.2469100952,46406,46416,10
13.0066795349,80.2472610474,46416,46426,10
13.0062799454,80.2474212646,46426,46436,10
13.0060596466,80.247428894,46436,46446,10
13.0059499741,80.2473983765,46446,46456,10
13.0054197311,80.2473297119,46456,46466,10
13.0046100616,80.2473831177,46466,46476,10
13.0036001205,80.2475814819,46476,46487,11
13.0023202896,80.2478179932,46487,46497,10
13.0011796951,80.2481002808,46497,46507,10
12.999879837,80.2483978271,46507,46517,10
12.9986000061,80.2487487793,46517,46527,10
12.9981002808,80.2489013672,46527,46537,10
12.9977903366,80.2489624023,46537,46547,10
12.9970998764,80.2491073608,46547,46557,10
12.9961395264,80.2493362427,46557,46568,11
12.9948196411,80.2496795654,46568,46578,10
12.9934196472,80.250038147,46578,46588,10
12.992099762,80.2503585815,46588,46598,10
12.9911403656,80.2506408691,46598,46608,10
12.9909200668,80.2506866455,46608,46618,10
12.9907302856,80.2507171631,46618,46921,303
12.9907302856,80.2507171631,46921,46932,11
12.9905004501,80.2506103516,46932,46942,10
12.9905004501,80.2506027222,46942,46952,10
12.9903898239,80.2506103516,46952,46962,10
12.9898395538,80.2507629395,46962,46972,10
12.9892196655,80.2509613037,46972,47002,30
12.9892196655,80.2509613037,47002,47012,10
12.9891395569,80.2510604858,47012,47124,112
12.9891395569,80.2511901855,47124,47215,91
12.9890699387,80.251083374,47215,47316,101
12.9890699387,80.251083374,47316,47326,10
12.9889602661,80.2510986328,47326,47336,10
12.9886798859,80.251159668,47336,47346,10
12.9882898331,80.2512512207,47346,47356,10
12.9878902435,80.251373291,47356,47366,10
12.9873800278,80.2515335083,47366,47377,11
12.9867200851,80.2517318726,47377,47387,10
12.9858999252,80.2519302368,47387,47397,10
12.984869957,80.2522125244,47397,47407,10
12.9838600159,80.2524795532,47407,47417,10
12.9829397202,80.2526473999,47417,47427,10
12.9820604324,80.2526931763,47427,47437,10
12.9812002182,80.2527236938,47437,47447,10
12.9806604385,80.252746582,47447,47457,10
12.9802799225,80.2527770996,47457,47467,10
12.979809761,80.252746582,47467,47478,11
12.9790802002,80.2526779175,47478,47488,10
12.9785604477,80.2525634766,47488,47498,10
12.9785499573,80.2525482178,47498,47508,10
12.9784402847,80.252456665,47508,47518,10
12.9779596329,80.2520370483,47518,47528,10
12.9771604538,80.2514190674,47528,47538,10
12.9760599136,80.2511062622,47538,47548,10
12.9750795364,80.2508163452,47548,47558,10
12.9741001129,80.2505569458,47558,47569,11
12.9733495712,80.2503585815,47569,47579,10
12.9724502563,80.2501068115,47579,47589,10
12.9714298248,80.2498321533,47589,47599,10
12.970990181,80.2497024536,47599,47609,10
12.9705896378,80.2496414185,47609,47619,10
12.9698295593,80.2493667603,47619,47629,10
12.9688100815,80.2489395142,47629,47639,10
12.9676103592,80.2484817505,47639,47649,10
12.9668598175,80.2481002808,47649,47660,11
12.9665298462,80.2479400635,47660,47670,10
12.9658498764,80.2476425171,47670,47680,10
12.9651002884,80.2473983765,47680,47690,10
12.9650001526,80.2473602295,47690,47700,10
12.9648599625,80.247253418,47700,47710,10
12.9642601013,80.2470169067,47710,47720,10
12.9634504318,80.2466888428,47720,47730,10
12.9625196457,80.2462463379,47730,47741,11
12.9615497589,80.2457809448,47741,47751,10
12.9607400894,80.2453994751,47751,47761,10
12.9600896835,80.2451095581,47761,47771,10
12.9594297409,80.2448425293,47771,47781,10
12.9593601227,80.2447967529,47781,47791,10
12.9589996338,80.2446212769,47791,47801,10
12.958319664,80.2443313599,47801,47811,10
12.9577598572,80.2441101074,47811,47821,10
12.9571800232,80.2439117432,47821,47832,11
12.9566802979,80.2437973022,47832,47912,80
12.9566802979,80.2437973022,47912,47922,10
12.9563503265,80.2436828613,47922,47933,11
12.9560003281,80.2434997559,47933,47943,10
12.9553604126,80.2431411743,47943,47953,10
12.954580307,80.2427902222,47953,47963,10
12.9537200928,80.2424316406,47963,47973,10
12.9526996613,80.2420272827,47973,47983,10
12.9518499374,80.2417602539,47983,47993,10
12.9517202377,80.2416992188,47993,48003,10
12.9512901306,80.2415237427,48003,48014,11
12.9505300522,80.2412719727,48014,48024,10
12.9499397278,80.2411193848,48024,48034,10
12.9495201111,80.2409667969,48034,48044,10
12.9490203857,80.2407913208,48044,48054,10
12.9483995438,80.2405395508,48054,48064,10
12.9477100372,80.2402420044,48064,48074,10
12.947259903,80.2400665283,48074,48094,20
12.947259903,80.2400665283,48094,48104,10
12.9471101761,80.2400131226,48104,48115,11
12.9464797974,80.2397537231,48115,48125,10
12.9456796646,80.2393875122,48125,48135,10
12.9448204041,80.2387237549,48135,48145,10
12.9439201355,80.2378005981,48145,48155,10
12.9430198669,80.2368774414,48155,48165,10
12.9417896271,80.236328125,48165,48175,10
12.9406900406,80.236076355,48175,48185,10
12.9399795532,80.2358627319,48185,48196,11
12.9398298264,80.2358093262,48196,48205,9
12.939740181,80.235786438,48205,48216,11
12.9391803741,80.2355194092,48216,48226,10
12.9383802414,80.2350769043,48226,48236,10
12.9374198914,80.2346191406,48236,48246,10
12.9364299774,80.2341308594,48246,48256,10
12.9357004166,80.2337875366,48256,48266,10
12.9348897934,80.2334365845,48266,48276,10
12.9341497421,80.2331390381,48276,48286,10
12.9340400696,80.2330780029,48286,48297,11
12.9339599609,80.2330322266,48297,48307,10
12.9335803986,80.2328262329,48307,48317,10
12.932849884,80.2325210571,48317,48327,10
12.9318304062,80.2321395874,48327,48337,10
12.9305801392,80.2316970825,48337,48347,10
12.9294900894,80.2314300537,48347,48357,10
12.9284896851,80.2312469482,48357,48367,10
12.9274396896,80.2311172485,48367,48377,10
12.9263896942,80.231010437,48377,48388,11
12.9260501862,80.2309799194,48388,48398,10
12.925909996,80.2309799194,48398,48408,10
12.9254703522,80.2309188843,48408,48418,10
12.9246997833,80.2308197021,48418,48428,10
12.9236297607,80.2306976318,48428,48438,10
12.9223098755,80.2304916382,48438,48448,10
12.9207296371,80.2302627563,48448,48458,10
12.9191598892,80.2300720215,48458,48468,10
12.9176397324,80.2298736572,48468,48479,11
12.9159402847,80.229637146,48479,48489,10
12.9144601822,80.2294387817,48489,48499,10
12.9134101868,80.2293395996,48499,48509,10
12.9132995605,80.2293167114,48509,48519,10
12.9132099152,80.2293014526,48519,48529,10
12.9127702713,80.2292327881,48529,48539,10
12.9119596481,80.2291030884,48539,48549,10
12.9109201431,80.2289276123,48549,48558,9
12.9097795486,80.2287368774,48558,48569,11
12.9085302353,80.2285232544,48569,48580,11
12.9070301056,80.2283477783,48580,48610,30
12.9070301056,80.2283477783,48610,48620,10
12.9069795609,80.2283401489,48620,48630,10
12.9065799713,80.2283096313,48630,48640,10
12.9058599472,80.2282562256,48640,48650,10
12.9049196243,80.2282028198,48650,48661,11
12.9039802551,80.2281417847,48661,48671,10
12.9029197693,80.2280807495,48671,48681,10
12.9014902115,80.228012085,48681,48701,20
12.9014902115,80.228012085,48701,48711,10
12.9012498856,80.2279815674,48711,48721,10
12.9009599686,80.2279586792,48721,48731,10
12.9004802704,80.227897644,48731,48741,10
12.8999004364,80.2278518677,48741,48751,10
12.8995103836,80.2278594971,48751,48772,21
12.8995103836,80.2278594971,48772,48782,10
12.8993301392,80.2278594971,48782,48792,10
12.8989295959,80.2278366089,48792,48802,10
12.8982400894,80.2278137207,48802,48812,10
12.8973398209,80.2277679443,48812,48822,10
12.8962402344,80.2277069092,48822,48832,10
12.8949804306,80.2276535034,48832,48842,10
12.8935699463,80.2275466919,48842,48853,11
12.8921403885,80.2274017334,48853,48863,10
12.8907804489,80.2273712158,48863,48873,10
12.8892698288,80.2273712158,48873,48883,10
12.8879098892,80.2273178101,48883,48893,10
12.8867301941,80.227142334,48893,48903,10
12.8855304718,80.2268295288,48903,48913,10
12.8848400116,80.2267532349,48913,48923,10
12.8848104477,80.2267532349,48923,48934,11
12.884519577,80.2267227173,48934,48944,10
12.8839502335,80.2267074585,48944,48954,10
12.8831396103,80.2267074585,48954,48964,10
12.8821601868,80.2267227173,48964,48974,10
12.8809700012,80.2267227173,48974,48984,10
12.8795795441,80.2267379761,48984,48994,10
12.8780298233,80.2268371582,48994,49004,10
12.8763799667,80.2269897461,49004,49024,20
12.8763799667,80.2269897461,49024,49035,11
12.8760204315,80.2269897461,49035,49045,10
12.8753995895,80.2269592285,49045,49055,10
12.8745603561,80.2268600464,49055,49065,10
12.8727397919,80.2267379761,49065,49085,20
12.8727397919,80.2267379761,49085,49095,10
12.8723497391,80.2267227173,49095,49105,10
12.8716402054,80.2266998291,49105,49115,10
12.8706197739,80.2266311646,49115,49126,11
12.8692998886,80.2264785767,49126,49136,10
12.8678703308,80.2264099121,49136,49146,10
12.866399765,80.2265625,49146,49156,10
12.8648996353,80.2265777588,49156,49166,10
12.863360405,80.2265319824,49166,49176,10
12.8622102737,80.2265472412,49176,49186,10
12.8613100052,80.2265930176,49186,49196,10
12.8602104187,80.2265167236,49196,49206,10
12.8588895798,80.2263412476,49206,49217,11
12.8572502136,80.22631073,49217,49227,10
12.8556098938,80.2264862061,49227,49237,10
12.8539600372,80.2266693115,49237,49247,10
12.8524503708,80.2267227173,49247,49257,10
12.8510398865,80.2266464233,49257,49267,10
12.8500499725,80.2266235352,49267,49277,10
12.8499202728,80.2266082764,49277,49287,10
12.849439621,80.226600647,49287,49297,10
12.8486204147,80.226600647,49297,49308,11
12.8473997116,80.226600647,49308,49318,10
12.8463602066,80.2266082764,49318,49328,10
12.8460102081,80.2266235352,49328,49338,10
12.8452301025,80.2266387939,49338,49368,30
12.8452301025,80.2266387939,49368,49378,10
12.8450899124,80.2266235352,49378,49388,10
12.8444595337,80.2266616821,49388,49399,11
12.8434696198,80.2267608643,49399,49409,10
12.8423900604,80.2269821167,49409,49419,10
12.8411397934,80.2273406982,49419,49429,10
12.8402395248,80.2276077271,49429,49439,10
12.8399000168,80.2277526855,49439,49510,71
12.8399000168,80.2277526855,49510,49520,10
12.8394899368,80.2278823853,49520,49530,10
12.8388795853,80.2279815674,49530,49540,10
12.8380098343,80.2281570435,49540,49550,10
12.8369503021,80.2283477783,49550,49560,10
12.8356704712,80.2285308838,49560,49571,11
12.8342199326,80.2287368774,49571,49581,10
12.8326997757,80.2290115356,49581,49591,10
12.8319702148,80.2291488647,49591,49601,10
12.8318796158,80.2291793823,49601,49611,10
12.8315401077,80.2287979126,49611,49631,20
12.8315401077,80.2287979126,49631,49641,10
12.8315200806,80.2287216187,49641,49651,10
12.8314504623,80.228302002,49651,49661,10
12.8312902451,80.2275390625,49661,49672,11
12.8310604095,80.2264022827,49672,49682,10
12.8310403824,80.2251586914,49682,49692,10
12.831029892,80.2246627808,49692,49702,10
12.8310403824,80.2241668701,49702,49712,10
12.8310604095,80.2233428955,49712,49722,10
12.8310403824,80.2224578857,49722,49732,10
12.8310403824,80.2221298218,49732,49742,10
12.8310604095,80.2215805054,49742,49752,10
12.8310604095,80.2207183838,49752,49762,10
12.8310403824,80.2198486328,49762,49773,11
12.8309602737,80.2195281982,49773,49783,10
12.8304004669,80.2194824219,49783,49793,10
12.8295297623,80.2194671631,49793,49803,10
12.8285903931,80.2194976807,49803,49813,10
12.827580452,80.2194976807,49813,49854,41
12.827580452,80.2194976807,49854,49864,10
12.8273696899,80.2194900513,49864,49874,10
12.8267498016,80.2194824219,49874,49884,10
12.8262195587,80.2194824219,49884,49894,10
12.8260602951,80.2194671631,49894,49904,10
12.8257598877,80.2194671631,49904,49914,10
12.8255996704,80.2194824219,49914,49924,10
12.825340271,80.2194366455,49924,49934,10
12.8246097565,80.2194519043,49934,49945,11
12.8235397339,80.2194595337,49945,49955,10
12.8228797913,80.2194595337,49955,49965,10
12.8227596283,80.2194213867,49965,49975,10
12.8226003647,80.2190628052,49975,49985,10
12.8226003647,80.2187805176,49985,49995,10
12.8225803375,80.2182388306,49995,50005,10
12.8226099014,80.2174987793,50005,50014,9
12.8226299286,80.2165985107,50014,50026,12
12.8228797913,80.2159576416,50026,50036,10
12.8230199814,80.2159805298,50036,50046,10
12.8234901428,80.2159805298,50046,50056,10
12.8239498138,80.2159805298,50056,50076,20
12.8239498138,80.2159805298,50076,50086,10
12.8242702484,80.2160110474,50086,50096,10
12.8249197006,80.2160797119,50096,51896,1800
12.8249197006,80.2160797119,51896,51906,10
12.8251495361,80.2160568237,51906,51916,10
12.8256101608,80.2160568237,51916,51926,10
12.8258495331,80.2161178589,51926,51937,11
12.8258800507,80.2167434692,51937,51947,10
12.8258895874,80.2175521851,51947,51957,10
12.8258895874,80.2185668945,51957,51967,10
12.8258895874,80.2192306519,51967,51977,10
12.8259496689,80.219367981,51977,51987,10
12.8261699677,80.2193984985,51987,51997,10
12.826379776,80.2193832397,51997,52007,10
12.8269901276,80.2193908691,52007,52018,11
12.8274698257,80.2193832397,52018,52038,20
12.8274698257,80.2193832397,52038,52048,10
12.8277797699,80.2193908691,52048,52058,10
12.8280496597,80.2194137573,52058,52068,10
12.8287601471,80.2194137573,52068,52078,10
12.8296804428,80.2194213867,52078,52088,10
12.8306598663,80.2194213867,52088,52098,10
12.8309898376,80.2194137573,52098,52108,10
12.8311901093,80.2199172974,52108,52119,11
12.8311796188,80.2208862305,52119,52129,10
12.8311796188,80.2218780518,52129,52139,10
12.8311796188,80.2222213745,52139,52149,10
12.8311500549,80.2227783203,52149,52159,10
12.8311595917,80.2236633301,52159,52169,10
12.8311595917,80.2245407104,52169,52179,10
12.8311395645,80.2248382568,52179,52189,10
12.8311300278,80.225479126,52189,52199,10
12.8311500549,80.2264175415,52199,52210,11
12.8313999176,80.2276916504,52210,52220,10
12.8316497803,80.2288894653,52220,52230,10
12.831870079,80.2291412354,52230,52240,10
12.8318901062,80.229133606,52240,52250,10
12.8322296143,80.2290496826,52250,52260,10
12.8329601288,80.2289276123,52260,52270,10
12.8339796066,80.2287597656,52270,52280,10
12.8353004456,80.2285385132,52280,52290,10
12.8367300034,80.2282867432,52290,52301,11
12.8382701874,80.2279891968,52301,52311,10
12.8390703201,80.2277908325,52311,52321,10
12.8393697739,80.2276382446,52321,52341,20
12.8393697739,80.2276382446,52341,52351,10
12.8395204544,80.2275695801,52351,52361,10
12.8397302628,80.2275238037,52361,52371,10
12.8399200439,80.2275238037,52371,52382,11
12.8405399323,80.2273788452,52382,52392,10
12.8416500092,80.2270965576,52392,52402,10
12.8429803848,80.2268218994,52402,52412,10
12.8443803787,80.2266082764,52412,52422,10
12.8452796936,80.2265319824,52422,52442,20
12.8452796936,80.2265319824,52442,52452,10
12.8456401825,80.2265014648,52452,52462,10
12.8462600708,80.2265090942,52462,52472,10
12.8472204208,80.2265167236,52472,52483,11
12.8484897614,80.2265319824,52483,52493,10
12.8497800827,80.2265167236,52493,52503,10
12.8510198593,80.2265319824,52503,52513,10
12.8524503708,80.226600647,52513,52523,10
12.8539896011,80.2265625,52523,52533,10
12.8555698395,80.2264099121,52533,52543,10
12.857170105,80.2262420654,52543,52553,10
12.858590126,80.2261962891,52553,52563,10
12.8599796295,80.2264099121,52563,52574,11
12.8608598709,80.2264862061,52574,52584,10
12.8610801697,80.2265167236,52584,52594,10
12.8617801666,80.2265090942,52594,52604,10
12.8628997803,80.2264480591,52604,52614,10
12.8642997742,80.2265014648,52614,52624,10
12.8659000397,80.2265625,52624,52634,10
12.8675003052,80.2264099121,52634,52644,10
12.8691396713,80.2264099121,52644,52654,10
12.8707799911,80.2265777588,52654,52665,11
12.8723697662,80.2266387939,52665,52675,10
12.873049736,80.2266311646,52675,52685,10
12.8733797073,80.2266464233,52685,52695,10
12.8741798401,80.2267227173,52695,52705,10
12.8752498627,80.226852417,52705,52714,9
12.8763599396,80.226890564,52714,52725,11
12.8773899078,80.2268218994,52725,52735,10
12.8785800934,80.2267532349,52735,52745,10
12.8799695969,80.2266998291,52745,52756,11
12.8814001083,80.2266998291,52756,52766,10
12.8826599121,80.2266693115,52766,52776,10
12.8839597702,80.2266387939,52776,52786,10
12.8849601746,80.2266387939,52786,52796,10
12.885140419,80.2266387939,52796,52806,10
12.8854198456,80.2266769409,52806,52816,10
12.8861198425,80.2268829346,52816,52826,10
12.887169838,80.2271499634,52826,52836,10
12.8885002136,80.2273025513,52836,52847,11
12.8901796341,80.2273025513,52847,52857,10
12.8917703629,80.2273025513,52857,52867,10
12.8932104111,80.227432251,52867,52877,10
12.8947000504,80.2275695801,52877,52887,10
12.8962898254,80.2276306152,52887,52897,10
12.8978099823,80.2276992798,52897,52907,10
12.8990402222,80.2277832031,52907,52917,10
12.899939537,80.2278213501,52917,52927,10
12.9006795883,80.2278213501,52927,53019,92
12.9006795883,80.2278213501,53019,53029,10
12.9011602402,80.2278518677,53029,53039,10
12.9018602371,80.227897644,53039,53049,10
12.9026098251,80.2279281616,53049,53059,10
12.9026603699,80.2279281616,53059,53069,10
12.9029598236,80.2279205322,53069,53079,10
12.9036397934,80.2279891968,53079,53089,10
12.9045600891,80.2280502319,53089,53099,10
12.9055500031,80.2280883789,53099,53109,10
12.9061002731,80.2281265259,53109,53120,11
12.90625,80.2281417847,53120,53130,10
12.9065799713,80.2281723022,53130,53140,10
12.9069404602,80.228187561,53140,53150,10
12.9072198868,80.2282333374,53150,53160,10
12.9079399109,80.2283325195,53160,53170,10
12.9089899063,80.2285003662,53170,53180,10
12.9102296829,80.2287063599,53180,53190,10
12.9114303589,80.2289199829,53190,53200,10
12.9126596451,80.2291107178,53200,53211,11
12.9138498306,80.2292633057,53211,53221,10
12.9141101837,80.2292709351,53221,53231,10
12.9144096375,80.2293319702,53231,53241,10
12.915140152,80.2294006348,53241,53251,10
12.9162302017,80.2295913696,53251,53261,10
12.9175701141,80.2297821045,53261,53271,10
12.9190196991,80.2299728394,53271,53281,10
12.9205303192,80.2301635742,53281,53291,10
12.9220399857,80.2303466797,53291,53302,11
12.9237098694,80.2305908203,53302,53312,10
12.9251298904,80.2307891846,53312,53322,10
12.9265403748,80.23097229,53322,53332,10
12.9280099869,80.2311401367,53332,53342,10
12.9286804199,80.2312698364,53342,53352,10
12.9288196564,80.2312927246,53352,53362,10
12.929309845,80.2313919067,53362,53372,10
12.9300498962,80.2315597534,53372,53382,10
12.9310302734,80.2318191528,53382,53393,11
12.9323797226,80.2322616577,53393,53403,10
12.933839798,80.2327804565,53403,53423,20
12.933839798,80.2327804565,53423,53433,10
12.9341497421,80.2329406738,53433,53443,10
12.9347896576,80.2332382202,53443,53453,10
12.9356498718,80.2336425781,53453,53463,10
12.9368000031,80.2342071533,53463,53474,11
12.9378499985,80.2346878052,53474,53484,10
12.9388103485,80.2351608276,53484,53494,10
12.9396400452,80.2355728149,53494,53504,10
12.9398498535,80.2356796265,53504,53514,10
12.9400196075,80.2357635498,53514,53524,10
12.9407701492,80.2359924316,53524,53534,10
12.9417695999,80.2362518311,53534,53544,10
12.9429597855,80.2367019653,53544,53554,10
12.9439601898,80.2376403809,53554,53565,11
12.9450502396,80.2388000488,53565,53575,10
12.9461202621,80.2394638062,53575,53585,10
12.9470996857,80.2398376465,53585,53595,10
12.9472103119,80.2398910522,53595,53605,10
12.9473495483,80.2399597168,53605,53615,10
12.9477596283,80.2401428223,53615,53625,10
12.9484796524,80.2404403687,53625,53635,10
12.949379921,80.2407989502,53635,53645,10
12.9503898621,80.2411422729,53645,53655,10
12.9509496689,80.241317749,53655,53666,11
12.9511995316,80.2414169312,53666,53676,10
12.9518098831,80.2416229248,53676,53686,10
12.9526596069,80.2419204712,53686,53696,10
12.9537200928,80.2423019409,53696,53706,10
12.9546804428,80.2427215576,53706,53716,10
12.9553403854,80.242980957,53716,53726,10
12.9561300278,80.2432479858,53726,53736,10
12.9564399719,80.2433776855,53736,53746,10
12.9568595886,80.243560791,53746,53757,11
12.95773983,80.2439575195,53757,53767,10
12.9586000443,80.2443237305,53767,53777,10
12.9588403702,80.2444000244,53777,53787,10
12.9590196609,80.244468689,53787,53797,10
12.9595899582,80.2447433472,53797,53807,10
12.9603996277,80.2451019287,53807,53817,10
12.961400032,80.2455673218,53817,53827,10
12.9624004364,80.2460632324,53827,53837,10
12.9631900787,80.2464370728,53837,53848,11
12.9637403488,80.2466812134,53848,53858,10
12.9643802643,80.246963501,53858,53868,10
12.9651203156,80.2472229004,53868,53878,10
12.9659004211,80.2475204468,53878,53888,10
12.9667596817,80.2479019165,53888,53908,20
12.9667596817,80.2479019165,53908,53918,10
12.9668998718,80.2480010986,53918,53928,10
12.9672698975,80.2481994629,53928,53939,11
12.9680995941,80.2485427856,53939,53949,10
12.9692201614,80.2489013672,53949,53959,10
12.9704303741,80.249382019,53959,53969,10
12.9717998505,80.2498016357,53969,53979,10
12.9730997086,80.2501602173,53979,53989,10
12.9743499756,80.25050354,53989,53999,10
12.9754104614,80.2508010864,53999,54009,10
12.9769201279,80.2512435913,54009,54019,10
12.9776601791,80.2516479492,54019,54029,10
12.9784002304,80.252243042,54029,54040,11
12.978509903,80.2522964478,54040,54050,10
12.9787902832,80.252456665,54050,54060,10
12.9793596268,80.252571106,54060,54070,10
12.9795598984,80.2525787354,54070,54080,10
12.9798297882,80.2526168823,54080,54090,10
12.9803695679,80.2526321411,54090,54100,10
12.9811296463,80.2526016235,54100,54110,10
12.9820604324,80.2525634766,54110,54121,11
12.9827203751,80.2525100708,54121,54242,121
12.9827203751,80.2525100708,54242,54252,10
12.9831495285,80.252456665,54252,54262,10
12.9832601547,80.252456665,54262,54272,10
12.9835395813,80.2524032593,54272,54282,10
12.9841003418,80.2522735596,54282,54343,61
12.9841003418,80.2522735596,54343,54353,10
12.9842596054,80.2522201538,54353,54363,10
12.98458004,80.2521362305,54363,54373,10
12.9846401215,80.2521209717,54373,54383,10
12.9848604202,80.2520599365,54383,54394,11
12.9849596024,80.2520523071,54394,54404,10
12.9856500626,80.2518310547,54404,54485,81
12.9859895706,80.251701355,54485,54505,20
12.9859895706,80.251701355,54505,54515,10
12.9861698151,80.2516708374,54515,54525,10
12.986579895,80.2515869141,54525,54535,10
12.9873399734,80.2513809204,54535,54545,10
12.9881801605,80.2512130737,54545,54555,10
12.9895496368,80.2508392334,54555,54575,20
12.9895496368,80.2508392334,54575,54586,11
12.989979744,80.250793457,54586,54596,10
12.9906396866,80.250579834,54596,54606,10
12.9914703369,80.2504806519,54606,54616,10
12.9925899506,80.2501525879,54616,54626,10
12.9938697815,80.249786377,54626,54636,10
12.9950799942,80.2494735718,54636,54646,10
12.9961595535,80.249168396,54646,54656,10
12.9965496063,80.2490386963,54656,54666,10
12.9967098236,80.2490234375,54666,54677,11
12.9973497391,80.248840332,54677,54687,10
12.9982500076,80.2486190796,54687,54697,10
12.9993801117,80.2483596802,54697,54707,10
13.0007200241,80.2480621338,54707,54717,10
13.0021400452,80.2476882935,54717,54727,10
13.0034999847,80.2474365234,54727,54737,10
13.00481987,80.247253418,54737,54747,10
13.0058603287,80.2470092773,54747,54758,11
13.0063199997,80.2466812134,54758,54768,10
13.0063400269,80.2466278076,54768,54778,10
13.0064601898,80.2464370728,54778,54788,10
13.0065402985,80.2459564209,54788,54798,10
13.0065698624,80.2452163696,54798,54808,10
13.0066099167,80.244430542,54808,54818,10
13.0065803528,80.2436828613,54818,54828,10
13.0065803528,80.2432937622,54828,54838,10
13.0065603256,80.242767334,54838,54848,10
13.0065603256,80.2420578003,54848,54859,11
13.0066099167,80.2411499023,54859,54869,10
13.0066699982,80.2406234741,54869,54879,10
13.0066699982,80.2405776978,54879,54889,10
13.0066604614,80.2404632568,54889,54899,10
13.0067796707,80.2400817871,54899,54909,10
13.0068798065,80.2393264771,54909,54919,10
13.0070295334,80.2384872437,54919,54929,10
13.0072603226,80.2374572754,54929,54940,11
13.007399559,80.2366409302,54940,54950,10
13.0074100494,80.2365722656,54950,54960,10
13.007519722,80.2362365723,54960,54970,10
13.0076799393,80.2355575562,54970,54980,10
13.0078802109,80.2346801758,54980,54990,10
13.0081100464,80.2335586548,54990,55000,10
13.0083799362,80.2322311401,55000,55010,10
13.0086297989,80.2308425903,55010,55020,10
13.0089197159,80.2294311523,55020,55031,11
13.0092096329,80.2281112671,55031,55041,10
13.0096101761,80.2272186279,55041,55051,10
13.0100297928,80.2263031006,55051,55061,10
13.0104398727,80.2253570557,55061,55081,20
13.0104398727,80.2253570557,55081,55091,10
13.0105695724,80.2250900269,55091,55101,10
13.0108003616,80.2246170044,55101,55111,10
13.011059761,80.2239608765,55111,55122,11
13.0114603043,80.2229690552,55122,55132,10
13.0117998123,80.2219467163,55132,55142,10
13.012169838,80.2215576172,55142,55152,10
13.0123901367,80.2216110229,55152,55162,10
13.0126399994,80.2219467163,55162,55172,10
13.0131597519,80.222618103,55172,55182,10
13.0138101578,80.2233276367,55182,55192,10
13.01445961,80.2239227295,55192,55202,10
13.0150604248,80.2246170044,55202,55213,11
13.015540123,80.2250213623,55213,55223,10
13.0155801773,80.2250366211,55223,55233,10
13.0157403946,80.2251968384,55233,55243,10
13.0162000656,80.2253112793,55243,55253,10
13.0169401169,80.2251205444,55253,55263,10
13.0178699493,80.2247467041,55263,55273,10
13.0187997818,80.2243881226,55273,55283,10
13.0195703506,80.2244110107,55283,55344,61
13.0195703506,80.2244110107,55344,55354,10
13.0198602676,80.224647522,55354,55364,10
13.0202903748,80.2249679565,55364,55374,10
13.0209903717,80.2254867554,55374,55384,10
13.0218801498,80.2261810303,55384,55394,10
13.0228004456,80.2269363403,55394,55405,11
13.023730278,80.2277603149,55405,55415,10
13.0243597031,80.2284088135,55415,55455,40
13.0243597031,80.2284088135,55455,55465,10
13.0243501663,80.2285614014,55465,55475,10
13.0241203308,80.2284622192,55475,55486,11
13.023730278,80.2279815674,55486,55496,10
13.0230903625,80.2273712158,55496,55759,263
13.0230903625,80.2273712158,55759,55769,10
13.0228395462,80.2270812988,55769,55779,10
13.0226297379,80.2268600464,55779,55789,10
13.0223503113,80.226600647,55789,55799,10
13.0218601227,80.2261886597,55799,55809,10
13.0212602615,80.2257232666,55809,55819,10
13.0206804276,80.2252426147,55819,55829,10
13.0201101303,80.2249069214,55829,55839,10
13.0196800232,80.2246322632,55839,55850,11
13.0187397003,80.2244873047,55850,55860,10
13.017829895,80.2248382568,55860,55870,10
13.0169696808,80.2251968384,55870,55880,10
13.016579628,80.2253875732,55880,55890,10
13.0165100098,80.2254333496,55890,55900,10
13.0162401199,80.2255172729,55900,55910,10
13.0156898499,80.2257003784,55910,55920,10
13.015130043,80.2259368896,55920,55930,10
13.0148096085,80.2260971069,55930,55940,10
13.0145597458,80.2262268066,55940,55951,11
13.0145196915,80.2262496948,55951,55961,10
13.0141897202,80.2263793945,55961,55971,10
13.0136003494,80.2265930176,55971,55981,10
13.0129003525,80.2268600464,55981,55991,10
13.0121803284,80.2271499634,55991,56001,10
13.0112895966,80.2275009155,56001,56011,10
13.0103797913,80.2278366089,56011,56021,10
13.0095396042,80.2282028198,56021,56032,11
13.0090999603,80.2288589478,56032,56042,10
13.0088796616,80.2297897339,56042,56052,10
13.0086603165,80.2309799194,56052,56062,10
13.0084104538,80.2321472168,56062,56072,10
13.0082798004,80.2330093384,56072,56082,10
13.0082197189,80.233581543,56082,56092,10
13.0081501007,80.2338180542,56092,56102,10
13.0080795288,80.2341766357,56102,56112,10
13.0079202652,80.2348709106,56112,56123,11
13.0077104568,80.2358932495,56123,56133,10
13.0074596405,80.2371520996,56133,56143,10
13.0072603226,80.2383117676,56143,56153,10
13.0071001053,80.2390594482,56153,56163,10
13.0069599152,80.2396316528,56163,56173,10
13.0069503784,80.239692688,56173,56183,10
13.0068702698,80.2399902344,56183,56193,10
13.0068397522,80.2403793335,56193,56203,10
13.0067796707,80.2408065796,56203,56214,11
13.0066900253,80.2417297363,56214,56224,10
13.0066795349,80.2427368164,56224,56234,10
13.006649971,80.2435073853,56234,56244,10
13.0066795349,80.2442398071,56244,56254,10
13.0067195892,80.245262146,56254,56264,10
13.0067195892,80.2461624146,56264,56274,10
13.0067596436,80.2467269897,56274,56284,10
13.0067501068,80.246887207,56284,56294,10
13.0066900253,80.2472229004,56294,56304,10
13.0060796738,80.247428894,56304,56335,31
13.0060796738,80.247428894,56335,56345,10
13.005979538,80.2474594116,56345,56355,10
13.0055503845,80.2474136353,56355,56365,10
13.0047798157,80.2474212646,56365,56375,10
13.0038003922,80.2475204468,56375,56385,10
13.0026102066,80.247718811,56385,56396,11
13.0013399124,80.2480392456,56396,56406,10
12.9999599457,80.2483978271,56406,56416,10
12.9988603592,80.2487030029,56416,56426,10
12.9980802536,80.248916626,56426,56436,10
12.9979600906,80.2489318848,56436,56446,10
12.9975795746,80.2490081787,56446,56456,10
12.9968395233,80.2491989136,56456,56466,10
12.9958696365,80.249458313,56466,56476,10
12.9946804047,80.2497634888,56476,56487,11
12.993350029,80.2500991821,56487,56497,10
12.9919595718,80.2504196167,56497,56507,10
12.9910402298,80.2506713867,56507,56517,10
12.9908800125,80.2507171631,56517,56527,10
12.9903297424,80.2508773804,56527,56537,10
12.9894199371,80.2510910034,56537,56547,10
12.9887599945,80.2511978149,56547,56557,10
12.9883499146,80.2512817383,56557,56567,10
12.9879798889,80.251411438,56567,56578,11
12.9874897003,80.2515335083,56578,56588,10
12.9870901108,80.2516479492,56588,56598,10
12.9867200851,80.2517700195,56598,56608,10
12.9863595963,80.2518615723,56608,56618,10
12.9857397079,80.2519989014,56618,56628,10
12.9848499298,80.252243042,56628,56638,10
12.983710289,80.2525405884,56638,56648,10
12.9823999405,80.2526931763,56648,56658,10
12.9811897278,80.2527084351,56658,56669,11
12.9803695679,80.2527618408,56669,56679,10
12.9798202515,80.2527618408,56679,56689,10
12.9785499573,80.252571106,56689,56709,20
12.9785499573,80.252571106,56709,56719,10
12.9784297943,80.2525024414,56719,56729,10
12.9780597687,80.2521972656,56729,56739,10
12.9774303436,80.251663208,56739,56749,10
12.9763898849,80.2512130737,56749,56760,11
12.9751396179,80.2508621216,56760,56770,10
12.9739398956,80.2505187988,56770,56780,10
12.9728002548,80.2501907349,56780,56790,10
12.971449852,80.2498397827,56790,56800,10
12.9701099396,80.249420166,56800,56810,10
12.9688901901,80.2489395142,56810,56820,10
12.9677095413,80.2484436035,56820,56830,10
12.9668397903,80.248046875,56830,56840,10
12.9660797119,80.2477111816,56840,56851,11
12.9653902054,80.2474365234,56851,56861,10
12.9651899338,80.2473068237,56861,56871,10
12.9645795822,80.2470932007,56871,56881,10
12.9638299942,80.2468338013,56881,56901,20
12.9638299942,80.2468338013,56901,56911,10
12.9637203217,80.2468414307,56911,56921,10
12.9633798599,80.2466583252,56921,56931,10
12.9627799988,80.2463607788,56931,56942,11
12.9620304108,80.2460174561,56942,56952,10
12.9613399506,80.2456893921,56952,56962,10
12.9604301453,80.2452774048,56962,56972,10
12.9594802856,80.2448272705,56972,56982,10
12.9585599899,80.2444076538,56982,56992,10
12.9577198029,80.2440795898,56992,57002,10
12.9569797516,80.2438735962,57002,57012,10
12.9564399719,80.2436828613,57012,57032,20
12.9564399719,80.2436828613,57032,57043,11
12.9562501907,80.2436523438,57043,57053,10
12.9556598663,80.2433013916,57053,57063,10
12.9546804428,80.2428436279,57063,57073,10
12.9536600113,80.2424087524,57073,57083,10
12.9525098801,80.2419433594,57083,57093,10
12.9511699677,80.2414779663,57093,57103,10
12.9497995377,80.2410736084,57103,57113,10
12.9489297867,80.2407913208,57113,57124,11
12.9479904175,80.2403793335,57124,57134,10
12.9469604492,80.2399368286,57134,57144,10
12.9458599091,80.2394790649,57144,57154,10
12.9447698593,80.2386779785,57154,57164,10
12.9438199997,80.2376403809,57164,57174,10
12.9428901672,80.2367706299,57174,57184,10
12.9416399002,80.2362976074,57184,57194,10
12.9404096603,80.2360076904,57194,57204,10
12.9398899078,80.2358627319,57204,57215,11
12.9398097992,80.2358016968,57215,57225,10
12.9391403198,80.2354736328,57225,57235,10
12.9382095337,80.2350234985,57235,57245,10
12.9370603561,80.2344512939,57245,57255,10
12.9360599518,80.2340011597,57255,57265,10
12.9357795715,80.23387146,57265,57275,10
12.9353399277,80.2336425781,57275,57285,10
12.9345598221,80.2332763672,57285,57295,10
12.9338302612,80.2329788208,57295,57306,11
12.9337797165,80.2329406738,57306,57316,10
12.9334802628,80.2328033447,57316,57326,10
12.9328403473,80.2325210571,57326,57336,10
12.9319295883,80.232208252,57336,57346,10
12.9308300018,80.231842041,57346,57356,10
12.9297399521,80.231552124,57356,57366,10
12.9286499023,80.2313232422,57366,57376,10
12.9273996353,80.2311477661,57376,57386,10
12.926199913,80.231010437,57386,57397,11
12.9248800278,80.2308425903,57397,57407,10
12.9237003326,80.2306976318,57407,57417,10
12.9225196838,80.2305297852,57417,57427,10
12.921500206,80.2303619385,57427,57437,10
12.9208898544,80.2302932739,57437,57447,10
12.920249939,80.2302093506,57447,57457,10
12.9193401337,80.2300872803,57457,57467,10
12.9181699753,80.2299575806,57467,57477,10
12.9168395996,80.2297897339,57477,57488,11
12.9152898788,80.2295837402,57488,57498,10
12.9139995575,80.2293930054,57498,57508,10
12.9128704071,80.2292404175,57508,57518,10
12.9115400314,80.2290420532,57518,57528,10
12.9101400375,80.2288513184,57528,57538,10
12.9089298248,80.2286376953,57538,57548,10
12.907959938,80.2285003662,57548,57558,10
12.907699585,80.228477478,57558,57568,10
12.9073495865,80.2284164429,57568,57578,10
12.9069795609,80.2283782959,57578,57589,11
12.9063997269,80.2283172607,57589,57599,10
12.9062795639,80.2283172607,57599,57609,10
12.9058198929,80.228302002,57609,57619,10
12.9052200317,80.2282485962,57619,57629,10
12.9043397903,80.2282028198,57629,57639,10
12.903169632,80.2281112671,57639,57649,10
12.9018001556,80.2280426025,57649,57659,10
12.9010095596,80.2279968262,57659,57781,122
12.9010095596,80.2279968262,57781,57791,10
12.9008598328,80.2279586792,57791,57801,10
12.9002599716,80.2279586792,57801,57811,10
12.8995304108,80.2279586792,57811,57821,10
12.8988800049,80.2279510498,57821,57831,10
12.8980503082,80.2278594971,57831,57841,10
12.89702034,80.2277832031,57841,57852,11
12.8956003189,80.2276916504,57852,57862,10
12.8943099976,80.2276382446,57862,57872,10
12.8930196762,80.2275085449,57872,57882,10
12.8925895691,80.2274475098,57882,57892,10
12.8925104141,80.2274398804,57892,57902,10
12.892080307,80.2273864746,57902,57912,10
12.8911895752,80.2273788452,57912,57922,10
12.8900299072,80.2273788452,57922,57932,10
12.8886804581,80.2273788452,57932,57943,11
12.8873195648,80.2272491455,57943,57953,10
12.8858604431,80.2269210815,57953,57963,10
12.8845996857,80.2267532349,57963,57973,10
12.8832397461,80.2267608643,57973,57983,10
12.881819725,80.2267608643,57983,57993,10
12.8804302216,80.2267837524,57993,58003,10
12.8789997101,80.2268066406,58003,58013,10
12.8776397705,80.2269134521,58013,58023,10
12.8765602112,80.2269897461,58023,58034,11
12.8757896423,80.2269973755,58034,58044,10
12.8754997253,80.2269821167,58044,58054,10
12.8748397827,80.2269210815,58054,58064,10
12.8738698959,80.2267990112,58064,58074,10
12.8727502823,80.2267074585,58074,58084,10
12.8715600967,80.2266693115,58084,58094,10
12.8703098297,80.2265930176,58094,58104,10
12.8689899445,80.2264404297,58104,58114,10
12.8676595688,80.2264175415,58114,58124,10
12.8664398193,80.2265472412,58124,58135,11
12.8653697968,80.226600647,58135,58145,10
12.8640699387,80.2265472412,58145,58155,10
12.8626804352,80.2265396118,58155,58165,10
12.861240387,80.2266082764,58165,58175,10
12.8598499298,80.2264862061,58175,58185,10
12.8585796356,80.2263183594,58185,58195,10
12.8572797775,80.2263183594,58195,58205,10
12.855890274,80.2264633179,58205,58215,10
12.8544502258,80.2266082764,58215,58226,11
12.8530197144,80.2267227173,58226,58236,10
12.8514404297,80.2266616821,58236,58246,10
12.8500003815,80.226600647,58246,58256,10
12.84856987,80.2266082764,58256,58266,10
12.8471498489,80.2266235352,58266,58276,10
12.8459196091,80.2266235352,58276,58286,10
12.84512043,80.2266235352,58286,58296,10
12.844209671,80.2266998291,58296,58306,10
12.8430099487,80.2268676758,58306,58317,11
12.841460228,80.2272415161,58317,58327,10
12.8402996063,80.2275619507,58327,58337,10
12.839799881,80.227722168,58337,58347,10
12.8395595551,80.2277908325,58347,58357,10
12.8389501572,80.2279434204,58357,58367,10
12.8379602432,80.2282028198,58367,58377,10
12.8366699219,80.2284088135,58377,58387,10
12.8352298737,80.2286224365,58387,58397,10
12.8338499069,80.2288208008,58397,58408,11
12.8325901031,80.2290725708,58408,58418,10
12.832280159,80.2291564941,58418,58428,10
12.831990242,80.2292327881,58428,58438,10
12.8312397003,80.2294006348,58438,58448,10
12.8303699493,80.2297134399,58448,58458,10
12.830039978,80.2298126221,58458,58468,10
12.8295898438,80.2299728394,58468,58478,10
12.8288202286,80.2302932739,58478,58488,10
12.827870369,80.2308273315,58488,58499,11
12.8268098831,80.2312927246,58499,58509,10
12.825630188,80.2313995361,58509,58519,10
12.824549675,80.2313690186,58519,58529,10
12.8234596252,80.231086731,58529,58539,10
12.8222999573,80.2307434082,58539,58549,10
12.821100235,80.2305221558,58549,58559,10
12.8197402954,80.2305221558,58559,58569,10
12.8184404373,80.2303237915,58569,58579,10
12.8172397614,80.2297515869,58579,58590,11
12.8157196045,80.2294082642,58590,58600,10
12.8143196106,80.2292022705,58600,58610,10
12.8130197525,80.2288208008,58610,58620,10
12.8116998672,80.2283477783,58620,58630,10
12.8103399277,80.2278213501,58630,58640,10
12.8091697693,80.2272567749,58640,58650,10
12.8081703186,80.2264633179,58650,58660,10
12.8071804047,80.2256164551,58660,58670,10
12.8065595627,80.2250595093,58670,58681,11
12.8057603836,80.224357605,58681,58691,10
12.8053102493,80.2241210938,58691,58701,10
12.8052997589,80.2241210938,58701,58711,10
12.8051700592,80.2240829468,58711,58721,10
12.8046703339,80.2239837646,58721,58731,10
12.8039703369,80.2239227295,58731,58741,10
12.8032102585,80.2238464355,58741,58751,10
12.8022499084,80.2237167358,58751,58761,10
12.8012104034,80.2236404419,58761,58772,11
12.8009796143,80.2236328125,58772,58782,10
12.8006696701,80.2236022949,58782,58792,10
12.8000202179,80.2235107422,58792,58802,10
12.7991199493,80.2234268188,58802,58812,10
12.7979602814,80.2232971191,58812,58822,10
12.7967395782,80.2230987549,58822,58832,10
12.7956495285,80.2229003906,58832,58842,10
12.7944602966,80.2227020264,58842,58852,10
12.7932195663,80.2225189209,58852,58863,11
12.79185009,80.2222595215,58863,58873,10
12.7907104492,80.2219772339,58873,58883,10
12.7899703979,80.2217788696,58883,58893,10
12.7897100449,80.2217102051,58893,58903,10
12.7891397476,80.221496582,58903,58913,10
12.788359642,80.2211990356,58913,58923,10
12.787610054,80.2209396362,58923,58974,51
12.787610054,80.2209396362,58974,58984,10
12.7874298096,80.2208633423,58984,58994,10
12.7872600555,80.2207794189,58994,59004,10
12.7869195938,80.2206726074,59004,59014,10
12.786649704,80.2205734253,59014,59075,61
12.786649704,80.2205734253,59075,59085,10
12.7863101959,80.220451355,59085,59095,10
12.7861700058,80.2205200195,59095,59105,10
12.7861795425,80.2205810547,59105,59115,10
12.786190033,80.2208633423,59115,59125,10
12.7862100601,80.2210235596,59125,59135,10
12.7862901688,80.2217407227,59135,59186,51
12.7862596512,80.2221298218,59186,60005,819
12.7862596512,80.2221298218,60005,60015,10
12.7861700058,80.2219619751,60015,60025,10
12.7861795425,80.2217407227,60025,60036,11
12.7861795425,80.2215194702,60036,60046,10
12.7861795425,80.2215118408,60046,60056,10
12.7861795425,80.2212524414,60056,60066,10
12.7861795425,80.2208786011,60066,60096,30
12.7861795425,80.2208786011,60096,60106,10
12.7862300873,80.2204208374,60106,60116,10
12.7864103317,80.2204208374,60116,60137,21
12.7864103317,80.2204208374,60137,60147,10
12.7865600586,80.2204818726,60147,60157,10
12.7868900299,80.2205963135,60157,60167,10
12.7874097824,80.2208023071,60167,60177,10
12.7880802155,80.2210464478,60177,60187,10
12.7888898849,80.2213516235,60187,60197,10
12.789440155,80.2215576172,60197,60207,10
12.7897996902,80.2216873169,60207,60218,11
12.7904396057,80.221862793,60218,60228,10
12.7912998199,80.2220916748,60228,60238,10
12.7924203873,80.2223587036,60238,60248,10
12.7936096191,80.2225418091,60248,60258,10
12.7947101593,80.2227172852,60258,60268,10
12.7956495285,80.2228622437,60268,60278,10
12.7962198257,80.2229614258,60278,60288,10
12.7962398529,80.2229614258,60288,60298,10
12.7963695526,80.2229690552,60298,60309,11
12.7969102859,80.2230606079,60309,60319,10
12.797659874,80.223197937,60319,60329,10
12.7985200882,80.2233123779,60329,60339,10
12.7995195389,80.2233963013,60339,60349,10
12.8005895615,80.2235031128,60349,60359,10
12.8013000488,80.2235870361,60359,60369,10
12.801440239,80.2235870361,60369,60379,10
12.8016195297,80.2236022949,60379,60389,10
12.8021602631,80.2236633301,60389,60399,10
12.8028402328,80.2237625122,60399,60410,11
12.8033895493,80.2238311768,60410,60420,10
12.8039398193,80.2238693237,60420,60430,10
12.8045301437,80.2239227295,60430,60440,10
12.8050498962,80.2240066528,60440,60450,10
12.8055200577,80.2241287231,60450,60460,10
12.8056001663,80.2241973877,60460,60470,10
12.8059301376,80.2244415283,60470,60480,10
12.8065004349,80.224937439,60480,60491,11
12.8073196411,80.2256622314,60491,60501,10
12.8082103729,80.2264099121,60501,60511,10
12.809220314,80.2272186279,60511,60521,10
12.8103103638,80.2277526855,60521,60531,10
12.8113203049,80.2281799316,60531,60541,10
12.8125,80.2285614014,60541,60551,10
12.8138303757,80.2290420532,60551,60561,10
12.8151102066,80.2293014526,60561,60571,10
12.8164300919,80.2294769287,60571,60582,11
12.8179197311,80.2299880981,60582,60592,10
12.8191404343,80.2304611206,60592,60602,10
12.8200702667,80.230430603,60602,60612,10
12.8202400208,80.2304382324,60612,60622,10
12.8208198547,80.2304382324,60622,60632,10
12.8217201233,80.2305221558,60632,60642,10
12.822810173,80.2308120728,60642,60652,10
12.8240995407,80.2311477661,60652,60662,10
12.8253002167,80.2313537598,60662,60673,11
12.8268003464,80.2312698364,60673,60683,10
12.8280496597,80.2307281494,60683,60693,10
12.8292999268,80.2300796509,60693,60703,10
12.831029892,80.2293624878,60703,60733,30
12.831029892,80.2293624878,60733,60743,10
12.8312501907,80.2292175293,60743,60753,10
12.8315095901,80.2291717529,60753,60763,10
12.8319396973,80.2291030884,60763,60774,11
12.8327102661,80.2289886475,60774,60784,10
12.8336000443,80.228843689,60784,60794,10
12.8346395493,80.2286529541,60794,60804,10
12.835849762,80.2284393311,60804,60814,10
12.8371696472,80.2282409668,60814,60824,10
12.8384199142,80.228012085,60824,60834,10
12.8391799927,80.2278213501,60834,60844,10
12.8394203186,80.2277832031,60844,60855,11
12.8396196365,80.227722168,60855,60865,10
12.8402004242,80.2275619507,60865,60875,10
12.8409795761,80.2273483276,60875,60885,10
12.8419399261,80.2270965576,60885,60895,10
12.8430404663,80.2268829346,60895,60905,10
12.8442401886,80.2266387939,60905,60915,10
12.845199585,80.2265625,60915,60925,10
12.8454399109,80.2265472412,60925,60935,10
12.8456201553,80.2265472412,60935,60946,11
12.8461799622,80.2265319824,60946,60956,10
12.8469896317,80.2265319824,60956,60966,10
12.8479700089,80.2265396118,60966,60976,10
12.8490695953,80.2265319824,60976,60986,10
12.8500900269,80.2265319824,60986,60996,10
12.8502397537,80.2265090942,60996,61006,10
12.850520134,80.2264785767,61006,61016,10
12.851099968,80.2265014648,61016,61026,10
12.8518695831,80.2265625,61026,61037,11
12.8529500961,80.2266082764,61037,61047,10
12.8540897369,80.2265319824,61047,61057,10
12.855219841,80.2264175415,61057,61067,10
12.8564596176,80.2262878418,61067,61077,10
12.8577604294,80.2261810303,61077,61087,10
12.8589000702,80.2262573242,61087,61097,10
12.8600597382,80.2264328003,61097,61107,10
12.8610401154,80.2265319824,61107,61117,10
12.8619499207,80.2265167236,61117,61128,11
12.8631696701,80.2264785767,61128,61138,10
12.8644695282,80.2265319824,61138,61148,10
12.8659601212,80.2265625,61148,61158,10
12.8674001694,80.2264175415,61158,61168,10
12.8685598373,80.2263565063,61168,61178,10
12.8696403503,80.2264633179,61178,61188,10
12.870759964,80.2265777588,61188,61198,10
12.8718299866,80.2266235352,61198,61208,10
12.8727502823,80.2266235352,61208,61219,11
12.8737802505,80.2266921997,61219,61229,10
12.8749303818,80.2268371582,61229,61239,10
12.8760499954,80.2269134521,61239,61249,10
12.8765697479,80.2268829346,61249,61259,10
12.8768997192,80.2268600464,61259,61269,10
12.877530098,80.2267990112,61269,61279,10
12.8784799576,80.2267303467,61279,61289,10
12.879529953,80.2266921997,61289,61299,10
12.8809995651,80.2266464233,61299,61310,11
12.8825902939,80.2266387939,61310,61320,10
12.883939743,80.2266235352,61320,61330,10
12.8849496841,80.2266082764,61330,61340,10
12.8853998184,80.2266387939,61340,61350,10
12.8856201172,80.2266998291,61350,61360,10
12.8862400055,80.2268829346,61360,61370,10
12.8871803284,80.2271270752,61370,61380,10
12.8883199692,80.2272796631,61380,61390,10
12.8896398544,80.2273178101,61390,61400,10
12.8909702301,80.2273101807,61400,61411,11
12.8922100067,80.2273178101,61411,61421,10
12.892950058,80.2273864746,61421,61431,10
12.8938302994,80.2275085449,61431,61441,10
12.8948297501,80.2275924683,61441,61451,10
12.8958501816,80.2276306152,61451,61461,10
12.8970403671,80.2276763916,61461,61471,10
12.8983201981,80.2277526855,61471,61481,10
12.8993501663,80.2278213501,61481,61491,10
12.9004602432,80.2278366089,61491,61572,81
12.9004602432,80.2278366089,61572,61583,11
12.9007101059,80.2278518677,61583,61593,10
12.9011001587,80.2278823853,61593,61603,10
12.9015598297,80.2279281616,61603,61613,10
12.9022197723,80.2279586792,61613,61623,10
12.9027700424,80.2279663086,61623,61724,101
12.9027700424,80.2279663086,61724,61734,10
12.9028301239,80.2279586792,61734,61744,10
12.9031896591,80.2279586792,61744,61754,10
12.9038896561,80.2280502319,61754,61765,11
12.9049100876,80.2281188965,61765,61775,10
12.9059400558,80.2281723022,61775,61785,10
12.9064598083,80.2281799316,61785,61815,30
12.9064598083,80.2281799316,61815,61825,10
12.9068202972,80.2282104492,61825,61835,10
12.9071598053,80.2282409668,61835,61845,10
12.9076900482,80.2283172607,61845,61856,11
12.9085197449,80.2284622192,61856,61866,10
12.9097003937,80.2286682129,61866,61876,10
12.9108295441,80.2288589478,61876,61886,10
12.9118900299,80.2290267944,61886,61896,10
12.9130001068,80.2292022705,61896,61906,10
12.9138402939,80.2292633057,61906,61916,10
12.9139003754,80.2292633057,61916,61926,10
12.9141397476,80.2292861938,61926,61936,10
12.9148101807,80.2293624878,61936,61947,11
12.9159002304,80.2295303345,61947,61957,10
12.917090416,80.2296981812,61957,61967,10
12.9182195663,80.2298812866,61967,61977,10
12.9193601608,80.2300415039,61977,61987,10
12.9205904007,80.2302017212,61987,61997,10
12.9217700958,80.2303619385,61997,62007,10
12.9229202271,80.2305221558,62007,62017,10
12.9240999222,80.2306900024,62017,62027,10
12.925239563,80.2308425903,62027,62038,11
12.9261798859,80.2309265137,62038,62048,10
12.9262599945,80.2309417725,62048,62058,10
12.9266796112,80.2309799194,62058,62068,10
12.927359581,80.2310714722,62068,62078,10
12.9280004501,80.2311401367,62078,62088,10
12.9284896851,80.2312393188,62088,62098,10
12.9291696548,80.2313766479,62098,62108,10
12.9301300049,80.2315979004,62108,62118,10
12.9312696457,80.2319564819,62118,62129,11
12.9324903488,80.2323379517,62129,62139,10
12.9334201813,80.2326965332,62139,62149,10
12.9337100983,80.2328186035,62149,62159,10
12.9337596893,80.2328720093,62159,62169,10
12.9341201782,80.2330322266,62169,62179,10
12.9349098206,80.2333831787,62179,62189,10
12.9359502792,80.2338485718,62189,62199,10
12.9371595383,80.2344284058,62199,62209,10
12.93846035,80.2350616455,62209,62220,11
12.9393997192,80.235496521,62220,62230,10
12.9396495819,80.2356414795,62230,62240,10
12.9397497177,80.2356796265,62240,62250,10
12.9403295517,80.2359085083,62250,62260,10
12.9412403107,80.2361602783,62260,62270,10
12.94231987,80.2364501953,62270,62280,10
12.9433603287,80.2370529175,62280,62290,10
12.9441204071,80.2378768921,62290,62300,10
12.9451599121,80.2389831543,62300,62311,11
12.9464197159,80.2396621704,62311,62321,10
12.9471797943,80.2399520874,62321,62331,10
12.9472103119,80.2399520874,62331,62341,10
12.9472398758,80.239982605,62341,62351,10
12.9475498199,80.2401123047,62351,62361,10
12.9481801987,80.2403717041,62361,62371,10
12.9488801956,80.2406387329,62371,62422,51
12.9488801956,80.2406387329,62422,62432,10
12.9490003586,80.2407302856,62432,62442,10
12.9494304657,80.2408905029,62442,62452,10
12.9501495361,80.2411117554,62452,62462,10
12.9509296417,80.2413330078,62462,62472,10
12.9510402679,80.2413711548,62472,62482,10
12.9511995316,80.2414321899,62482,62493,11
12.9516897202,80.2416000366,62493,62503,10
12.9523801804,80.2418670654,62503,62513,10
12.9532003403,80.2421875,62513,62523,10
12.9538202286,80.2424163818,62523,62533,10
12.9542102814,80.2425613403,62533,62543,10
12.9548397064,80.2428131104,62543,62553,10
12.9555702209,80.2430801392,62553,62563,10
12.9561100006,80.243270874,62563,62573,10
12.9562797546,80.2433395386,62573,62584,11
12.9562797546,80.243347168,62584,62594,10
12.9564800262,80.2434310913,62594,62604,10
12.9570398331,80.2436828613,62604,62614,10
12.9578695297,80.2440795898,62614,62624,10
12.9586801529,80.2444000244,62624,62634,10
12.9589996338,80.2445068359,62634,62644,10
12.9590797424,80.2445678711,62644,62654,10
12.9594402313,80.244758606,62654,62664,10
12.9600601196,80.2450408936,62664,62675,11
12.9608697891,80.2454223633,62675,62685,10
12.9619503021,80.2459487915,62685,62695,10
12.9627103806,80.2463226318,62695,62705,10
12.9630498886,80.2464828491,62705,62715,10
12.9631996155,80.2465667725,62715,62725,10
12.9636001587,80.2467727661,62725,62735,10
12.9641895294,80.2470016479,62735,62745,10
12.9649095535,80.2472610474,62745,62755,10
12.9658403397,80.2475585938,62755,62766,11
12.9667196274,80.2479324341,62766,62907,141
12.9667196274,80.2479324341,62907,62917,10
12.9671401978,80.2481765747,62917,62927,10
12.9671401978,80.2481765747,62927,62937,10
12.9678401947,80.2484893799,62937,62948,11
12.9688997269,80.248916626,62948,62958,10
12.9700298309,80.2493667603,62958,62968,10
12.9713602066,80.2498092651,62968,62978,10
12.9728002548,80.2501907349,62978,62988,10
12.9741697311,80.2505569458,62988,62998,10
12.9755096436,80.2509384155,62998,63008,10
12.976559639,80.2512207031,63008,63018,10
12.9778604507,80.2518615723,63018,63028,10
12.9784803391,80.2523498535,63028,63039,11
12.9785003662,80.2523574829,63039,63049,10
12.9787101746,80.2524795532,63049,63059,10
12.9790697098,80.252571106,63059,63069,10
12.9792299271,80.2525863647,63069,63079,10
12.9795999527,80.2526321411,63079,63089,10
12.9798698425,80.2526473999,63089,63099,10
12.980389595,80.2526473999,63099,63109,10
12.9811401367,80.2526168823,63109,63119,10
12.9819097519,80.2526092529,63119,63130,11
12.9827003479,80.2526016235,63130,63140,10
12.9836301804,80.2524795532,63140,63150,10
12.9846696854,80.2521820068,63150,63160,10
12.9851303101,80.2520217896,63160,63190,30
12.9851303101,80.2520217896,63190,63200,10
12.9853096008,80.2519683838,63200,63210,10
12.9856700897,80.2518768311,63210,63291,81
12.9857902527,80.2519073486,63291,63403,112
12.9857902527,80.2519073486,63403,63413,10
12.9858999252,80.2518615723,63413,63423,10
12.9863195419,80.251739502,63423,63433,10
12.986989975,80.2515716553,63433,63443,10
12.9876098633,80.2514038086,63443,63453,10
12.9882497787,80.2512664795,63453,63463,10
12.9891300201,80.2510299683,63463,63473,10
12.989569664,80.2508926392,63473,63483,10
12.9896001816,80.250869751,63483,63494,11
12.9900102615,80.2507781982,63494,63504,10
12.9906597137,80.2506103516,63504,63514,10
12.9914798737,80.2504119873,63514,63524,10
12.9920797348,80.2502822876,63524,63534,10
12.9926099777,80.2501373291,63534,63544,10
12.9934501648,80.2499237061,63544,63554,10
12.9945001602,80.2496566772,63554,63564,10
12.9957103729,80.2493591309,63564,63574,10
12.9965400696,80.249130249,63574,63585,11
12.996629715,80.2490921021,63585,63595,10
12.9967603683,80.2490386963,63595,63605,10
12.9972600937,80.248916626,63605,63615,10
12.9980297089,80.2487411499,63615,63625,10
12.9989795685,80.2485122681,63625,63635,10
13.0000801086,80.2482376099,63635,63645,10
13.0011796951,80.2479782104,63645,63655,10
13.0019397736,80.2478027344,63655,63665,10
13.0022497177,80.247718811,63665,63676,11
13.0028600693,80.2475891113,63676,63686,10
13.0037002563,80.2474594116,63686,63696,10
13.0046901703,80.2473373413,63696,63706,10
13.0055503845,80.247177124,63706,63716,10
13.0064201355,80.2466278076,63716,63746,30
13.0064201355,80.2466278076,63746,63756,10
13.0064897537,80.2464599609,63756,63767,11
13.0065603256,80.2460021973,63767,63777,10
13.0065898895,80.2454299927,63777,63787,10
13.0065698624,80.2451019287,63787,63797,10
13.0065898895,80.2449188232,63797,63807,10
13.0065803528,80.2446517944,63807,63817,10
13.0066003799,80.2444381714,63817,63826,9
13.0066099167,80.2441482544,63826,63837,11
13.0066003799,80.243927002,63837,63847,10
13.0065603256,80.2435836792,63847,63858,11
13.0065498352,80.2430114746,63858,63868,10
13.006529808,80.2423400879,63868,63888,20
13.006529808,80.2423400879,63888,63898,10
13.006529808,80.2418365479,63898,63908,10
13.0065498352,80.2414779663,63908,63918,10
13.0065803528,80.2410583496,63918,63928,10
13.0067100525,80.2404327393,63928,63938,10
13.0068902969,80.2396621704,63938,63949,11
13.0071001053,80.2383804321,63949,63959,10
13.0073699951,80.2371063232,63959,63999,40
13.0073699951,80.2371063232,63999,64009,10
13.0074300766,80.2367935181,64009,64019,10
13.007519722,80.2365493774,64019,64029,10
13.0075998306,80.2360916138,64029,64040,11
13.0076999664,80.2356491089,64040,64050,10
13.0077695847,80.2352676392,64050,64060,10
13.0077800751,80.2352600098,64060,64070,10
13.007809639,80.2351226807,64070,64080,10
13.0078697205,80.2347412109,64080,64090,10
13.008020401,80.2339706421,64090,64100,10
13.0082502365,80.2328796387,64100,64110,10
13.0084600449,80.2317123413,64110,64120,10
13.008600235,80.2306289673,64120,64131,11
13.0088701248,80.2294616699,64131,64141,10
13.0090198517,80.2287521362,64141,64151,10
13.0091600418,80.2282791138,64151,64161,10
13.0093603134,80.2276916504,64161,64171,10
13.0097799301,80.226852417,64171,64181,10
13.0100803375,80.2261428833,64181,64191,10
13.0102396011,80.2258605957,64191,64201,10
13.0103702545,80.2256317139,64201,64211,10
13.0105304718,80.2252578735,64211,64222,11
13.0107498169,80.224861145,64222,64232,10
13.0109500885,80.2244567871,64232,64242,10
13.0111999512,80.2237930298,64242,64252,10
13.0113801956,80.2232818604,64252,64262,10
13.0116300583,80.2226791382,64262,64272,10
13.012049675,80.2216567993,64272,64282,10
13.0123901367,80.2216186523,64282,64292,10
13.0128002167,80.2221984863,64292,64302,10
13.0133800507,80.2228164673,64302,64313,11
13.01404953,80.2236099243,64313,64323,10
13.0146198273,80.2242584229,64323,64333,10
13.0150203705,80.224609375,64333,64343,10
13.0153198242,80.2248916626,64343,64353,10
13.0156202316,80.2251281738,64353,64363,10
13.0156402588,80.2251281738,64363,64373,10
13.0156898499,80.2251968384,64373,64383,10
13.0159502029,80.2253417969,64383,64393,10
13.0164604187,80.2253417969,64393,64404,11
13.0173797607,80.2249984741,64404,64414,10
13.0184497833,80.224571228,64414,64424,10
13.0195503235,80.2244415283,64424,64484,60
13.0195503235,80.2244415283,64484,64495,11
13.0198202133,80.224609375,64495,64505,10
13.0202703476,80.2249526978,64505,64515,10
13.0208396912,80.2253570557,64515,64525,10
13.0214395523,80.2258377075,64525,64535,10
13.0221595764,80.2264099121,64535,64545,10
13.0227804184,80.2269592285,64545,64555,10
13.0234298706,80.2275466919,64555,64565,10
13.0240001678,80.2281036377,64565,64575,10
13.0243997574,80.2284698486,64575,64586,11
13.0241804123,80.2285614014,64586,64596,10
13.0238399506,80.2281723022,64596,64606,10
13.0234498978,80.2277603149,64606,64778,172
13.0234498978,80.2277603149,64778,64788,10
13.0231895447,80.2274932861,64788,64798,10
13.0229902267,80.2273025513,64798,64808,10
13.0226602554,80.2269668579,64808,64818,10
13.0222797394,80.226600647,64818,64828,10
13.0217599869,80.2261581421,64828,64838,10
13.0211200714,80.2256393433,64838,64848,10
13.0204200745,80.2251586914,64848,64859,11
13.0198898315,80.2248001099,64859,64869,10
13.0191402435,80.2245025635,64869,64879,10
13.0181398392,80.2247924805,64879,64889,10
13.0172395706,80.2251815796,64889,64899,10
13.0167598724,80.2253799438,64899,64909,10
13.0165901184,80.225440979,64909,64919,10
13.0163698196,80.2255325317,64919,64929,10
13.015879631,80.2257003784,64929,64939,10
13.0151395798,80.225982666,64939,64950,11
13.0142402649,80.226348877,64950,64970,20
13.0142402649,80.226348877,64970,64980,10
13.0139799118,80.2264633179,64980,64990,10
13.0135498047,80.2266235352,64990,65000,10
13.0130395889,80.2268218994,65000,65010,10
13.0123996735,80.2270736694,65010,65020,10
13.0116596222,80.2274017334,65020,65030,10
13.0109300613,80.2276763916,65030,65041,11
13.0101900101,80.2279815674,65041,65051,10
13.009519577,80.2282791138,65051,65061,10
13.0092000961,80.2287597656,65061,65071,10
13.0090799332,80.2292785645,65071,65081,10
13.0089597702,80.2298202515,65081,65152,71
13.0089597702,80.2298202515,65152,65162,10
13.0088195801,80.23021698,65162,65172,10
13.0087003708,80.2308578491,65172,65182,10
13.0085802078,80.2316589355,65182,65192,10
13.0083799362,80.2326507568,65192,65202,10
13.0082702637,80.2334671021,65202,65212,10
13.0082302094,80.2336578369,65212,65223,11
13.0081396103,80.2338867188,65223,65233,10
13.0080499649,80.2343521118,65233,65243,10
13.0079698563,80.2347717285,65243,65253,10
13.0079603195,80.2348022461,65253,65263,10
13.0079202652,80.2349090576,65263,65273,10
13.0078601837,80.2352600098,65273,65283,10
13.0077199936,80.2359085083,65283,65293,10
13.0075397491,80.2368392944,65293,65303,10
13.0073003769,80.2379989624,65303,65314,11
13.0071201324,80.2390213013,65314,65324,10
13.0068902969,80.2401199341,65324,65415,91
13.0068902969,80.2401199341,65415,65425,10
13.0068597794,80.2406005859,65425,65435,10
13.0068101883,80.2410430908,65435,65445,10
13.0067195892,80.2418136597,65445,65455,10
13.0066900253,80.2427825928,65455,65465,10
13.0066604614,80.2432785034,65465,65475,10
13.006649971,80.2434310913,65475,65485,10
13.0066404343,80.2437820435,65485,65496,11
13.0066404343,80.2443618774,65496,65506,10
13.0066299438,80.2450027466,65506,65516,10
13.0066404343,80.2455596924,65516,65536,20
13.0066404343,80.2455596924,65536,65546,10
13.0066604614,80.2458267212,65546,65556,10
13.0066604614,80.2460098267,65556,65566,10
13.0066795349,80.2463378906,65566,65576,10
13.0066795349,80.2469177246,65576,65587,11
13.0060396194,80.2473983765,65587,65607,20
13.0060396194,80.2473983765,65607,65617,10
13.0058202744,80.2473526001,65617,65627,10
13.0052995682,80.2473831177,65627,65637,10
13.0046396255,80.2474365234,65637,65647,10
13.0034599304,80.2476272583,65647,65657,10
13.0023498535,80.247833252,65657,65667,10
13.0011796951,80.2481384277,65667,65678,11
12.999830246,80.2484817505,65678,65688,10
12.9987001419,80.2487716675,65688,65698,10
12.9975204468,80.2490615845,65698,65708,10
12.9962301254,80.2493972778,65708,65718,10
12.9948701859,80.249786377,65718,65728,10
12.9934396744,80.2501373291,65728,65738,10
12.9920196533,80.2504730225,65738,65748,10
12.9911203384,80.2507171631,65748,65758,10
12.9907798767,80.2508010864,65758,65769,11
12.9906101227,80.2508392334,65769,65779,10
12.9900302887,80.2509689331,65779,65789,10
12.9891500473,80.2511978149,65789,65799,10
12.9885597229,80.2513504028,65799,66072,273
12.9885597229,80.2513504028,66072,66082,10
12.9883899689,80.2514190674,66082,66092,10
12.988120079,80.2515029907,66092,66102,10
12.9876899719,80.2516021729,66102,66112,10
12.9872303009,80.2517318726,66112,66123,11
12.9868097305,80.2518463135,66123,66133,10
12.9862804413,80.251953125,66133,66143,10
12.9854097366,80.252166748,66143,66153,10
12.9843902588,80.2524490356,66153,66163,10
12.9835395813,80.2526626587,66163,66173,10
12.982749939,80.252746582,66173,66183,10
12.982000351,80.252746582,66183,66193,10
12.9811401367,80.2527618408,66193,66203,10
12.9804401398,80.2527999878,66203,66214,11
12.9799604416,80.2527999878,66214,66224,10
12.9794197083,80.252746582,66224,66234,10
12.9787797928,80.2526779175,66234,66244,10
12.9787397385,80.2526626587,66244,66254,10
12.9784097672,80.2524414063,66254,66264,10
12.977809906,80.2519378662,66264,66274,10
12.9768800735,80.2513580322,66274,66284,10
12.9756097794,80.2509689331,66284,66294,10
12.9742202759,80.2505874634,66294,66305,11
12.9727401733,80.2501907349,66305,66315,10
12.9713201523,80.2498474121,66315,66325,10
12.9699602127,80.2493972778,66325,66335,10
12.9686002731,80.2488632202,66335,66345,10
12.9674797058,80.2484207153,66345,66355,10
12.9668502808,80.2481536865,66355,66365,10
12.9664001465,80.2479324341,66365,66375,10
12.9657802582,80.2476806641,66375,66385,10
12.9652500153,80.2475280762,66385,66396,11
12.9652395248,80.2475204468,66396,66406,10
12.9649000168,80.2473831177,66406,66416,10
12.9643201828,80.247177124,66416,66426,10
12.9640798569,80.2470703125,66426,66436,10
12.9638299942,80.2469711304,66436,66446,10
12.9634399414,80.2468185425,66446,66456,10
12.9627103806,80.2464370728,66456,66466,10
12.9617395401,80.2459716797,66466,66476,10
12.9605998993,80.2454071045,66476,66487,11
12.9596204758,80.2450027466,66487,66497,10
12.95952034,80.244972229,66497,66507,10
12.9593296051,80.2448501587,66507,66517,10
12.9580698013,80.2442932129,66517,66527,10
12.9580698013,80.2442932129,66527,66537,10
12.9570198059,80.2439422607,66537,66567,30
12.9570198059,80.2439422607,66567,66578,11
12.9568500519,80.2438964844,66578,66649,71
12.9564800262,80.2437820435,66649,66700,51
12.9564800262,80.2437820435,66700,66710,10
12.9559402466,80.243560791,66710,66720,10
12.9552297592,80.2431869507,66720,66730,10
12.9543504715,80.2427978516,66730,66740,10
12.9534196854,80.2424087524,66740,66750,10
12.9525003433,80.2420425415,66750,66761,11
12.9516601563,80.2417602539,66761,66771,10
12.9515895844,80.2417373657,66771,66781,10
12.9511995316,80.2416000366,66781,66791,10
12.950460434,80.2413635254,66791,66801,10
12.949669838,80.2411193848,66801,66811,10
12.9490604401,80.2409362793,66811,66902,91
12.9490604401,80.2409362793,66902,66912,10
12.948969841,80.2409133911,66912,66922,10
12.9485998154,80.240737915,66922,66932,10
12.9478902817,80.2404327393,66932,66943,11
12.9472503662,80.2401733398,66943,66953,10
12.9470596313,80.2400970459,66953,66963,10
12.9468898773,80.2400283813,66963,66973,10
12.9463100433,80.2397766113,66973,66983,10
12.9454698563,80.2394104004,66983,66993,10
12.944729805,80.2387390137,66993,67003,10
12.9439897537,80.2379226685,67003,67013,10
12.9432601929,80.2370910645,67013,67023,10
12.9422798157,80.2365188599,67023,67034,11
12.9410896301,80.2362365723,67034,67044,10
12.9398803711,80.2358932495,67044,67084,40
12.9398803711,80.2358932495,67084,67094,10
12.9394302368,80.2356491089,67094,67104,10
12.9386901855,80.2353210449,67104,67114,10
12.9378004074,80.2348937988,67114,67125,11
12.9366197586,80.2343063354,67125,67135,10
12.9355602264,80.2337875366,67135,67145,10
12.9344902039,80.2333374023,67145,67155,10
12.9339199066,80.2331085205,67155,67165,10
12.9339103699,80.2331085205,67165,67175,10
12.9337997437,80.233039856,67175,67185,10
12.9332704544,80.2327804565,67185,67195,10
12.9324102402,80.232460022,67195,67205,10
12.9313201904,80.2321014404,67205,67216,11
12.9298601151,80.2316589355,67216,67226,10
12.9285898209,80.2313766479,67226,67236,10
12.9273700714,80.2312164307,67236,67246,10
12.9262399673,80.2311172485,67246,67256,10
12.9254798889,80.2310409546,67256,67266,10
12.9246101379,80.2309188843,67266,67276,10
12.9235200882,80.2307662964,67276,67286,10
12.9222803116,80.2305908203,67286,67296,10
12.9211101532,80.2304077148,67296,67307,11
12.9198598862,80.2302627563,67307,67317,10
12.9195604324,80.23021698,67317,67327,10
12.9193401337,80.2301864624,67327,67337,10
12.9189300537,80.2301330566,67337,67347,10
12.9181804657,80.2300415039,67347,67357,10
12.9171800613,80.2299194336,67357,67367,10
12.9161701202,80.2298126221,67367,67377,10
12.9149904251,80.229637146,67377,67387,10
12.9139499664,80.2294998169,67387,67398,11
12.9133996964,80.2294616699,67398,67408,10
12.9132995605,80.2294387817,67408,67418,10
12.9132604599,80.2294235229,67418,67428,10
12.9128398895,80.2293624878,67428,67438,10
12.9120998383,80.2292633057,67438,67448,10
12.9111404419,80.2291030884,67448,67458,10
12.9099903107,80.2289199829,67458,67468,10
12.9084701538,80.2286987305,67468,67509,41
12.9084701538,80.2286987305,67509,67519,10
12.9084196091,80.2286987305,67519,67529,10
12.9083995819,80.2286987305,67529,67539,10
12.9080600739,80.2286224365,67539,67549,10
12.9076595306,80.2285690308,67549,67559,10
12.9071903229,80.228477478,67559,67569,10
12.9068803787,80.2284622192,67569,67580,11
12.90666008,80.2284393311,67580,67590,10
12.9063596725,80.2284088135,67590,67600,10
12.9062995911,80.2284088135,67600,67610,10
12.9061899185,80.2284088135,67610,67620,10
12.9056997299,80.2284088135,67620,67630,10
12.9048404694,80.2283401489,67630,67640,10
12.904250145,80.2283172607,67640,67650,10
12.9036798477,80.2282791138,67650,67660,10
12.9027795792,80.2282180786,67660,67721,61
12.9027795792,80.2282180786,67721,67731,10
12.9026203156,80.2282333374,67731,67741,10
12.9020900726,80.228187561,67741,67751,10
12.9014396667,80.2281417847,67751,67762,11
12.9008398056,80.2281036377,67762,67772,10
12.9003896713,80.2281036377,67772,67782,10
12.9000701904,80.2281112671,67782,67792,10
12.8998498917,80.2280578613,67792,67802,10
12.8995704651,80.2280578613,67802,67812,10
12.8991804123,80.2280273438,67812,67832,20
12.8991804123,80.2280273438,67832,67842,10
12.898900032,80.2279968262,67842,67853,11
12.898349762,80.2279510498,67853,67863,10
12.8979196548,80.227897644,67863,67873,10
12.8973197937,80.2278823853,67873,67883,10
12.896490097,80.2278366089,67883,67893,10
12.8954601288,80.2277908325,67893,67903,10
12.8943996429,80.2277297974,67903,67913,10
12.8934202194,80.2276382446,67913,67923,10
12.8927698135,80.2275619507,67923,67933,10
12.8923301697,80.2275085449,67933,67944,11
12.8915500641,80.2274703979,67944,67954,10
12.8906002045,80.2274932861,67954,67964,10
12.8893995285,80.2274703979,67964,67974,10
12.8884096146,80.2274398804,67974,67984,10
12.8873701096,80.2273406982,67984,67994,10
12.8862104416,80.2270736694,67994,68004,10
12.8852100372,80.2268600464,68004,68014,10
12.8848800659,80.226852417,68014,68024,10
12.884759903,80.2268371582,68024,68035,11
12.8847398758,80.226852417,68035,68045,10
12.8843202591,80.2268295288,68045,68055,10
12.8835201263,80.2268218994,68055,68065,10
12.8824396133,80.2267990112,68065,68075,10
12.8811597824,80.2268218994,68075,68085,10
12.8797702789,80.2268295288,68085,68095,10
12.8784503937,80.2268829346,68095,68105,10
12.8773202896,80.2269821167,68105,68115,10
12.876709938,80.2270736694,68115,68136,21
12.876709938,80.2270736694,68136,68146,10
12.8764696121,80.2270584106,68146,68156,10
12.8759202957,80.2270584106,68156,68166,10
12.8750896454,80.2270126343,68166,68176,10
12.8739995956,80.2268981934,68176,68186,10
12.8728904724,80.2268066406,68186,68196,10
12.8727998734,80.2268218994,68196,68206,10
12.8725204468,80.2268066406,68206,68217,11
12.8718996048,80.2267990112,68217,68227,10
12.8711395264,80.2267837524,68227,68237,10
12.8702201843,80.2266998291,68237,68247,10
12.8691902161,80.2265930176,68247,68257,10
12.8680200577,80.2265167236,68257,68267,10
12.8669395447,80.2266082764,68267,68277,10
12.8658599854,80.2266998291,68277,68287,10
12.8646402359,80.2266769409,68287,68297,10
12.8634195328,80.2266998291,68297,68308,11
12.8621501923,80.2266921997,68308,68318,10
12.8612699509,80.2267303467,68318,68328,10
12.8611402512,80.2267379761,68328,68338,10
12.8610601425,80.2267303467,68338,68348,10
12.8605899811,80.2266387939,68348,68358,10
12.8597898483,80.2265701294,68358,68368,10
12.8588199615,80.2264404297,68368,68378,10
12.8578996658,80.2263717651,68378,68388,10
12.856760025,80.2264328003,68388,68399,11
12.8552799225,80.2265777588,68399,68409,10
12.8538198471,80.2267074585,68409,68419,10
12.8523597717,80.2267379761,68419,68429,10
12.8509502411,80.2267379761,68429,68439,10
12.8495597839,80.2266693115,68439,68449,10
12.8481998444,80.2266616821,68449,68459,10
12.8468799591,80.2266769409,68459,68469,10
12.8460102081,80.2267227173,68469,68479,10
12.8459596634,80.2267227173,68479,68490,11
12.8459100723,80.2267303467,68490,68500,10
12.8455896378,80.2267303467,68500,68510,10
12.8453197479,80.2267379761,68510,68520,10
12.8452501297,80.2267379761,68520,68530,10
12.8450803757,80.2267227173,68530,68540,10
12.8444404602,80.2267913818,68540,68550,10
12.8435697556,80.2268676758,68550,68560,10
12.8425302505,80.2270584106,68560,68570,10
12.8413200378,80.2273406982,68570,68581,11
12.8402500153,80.2276687622,68581,68591,10
12.8398199081,80.2278594971,68591,68601,10
12.8396501541,80.2279205322,68601,68611,10
12.8393201828,80.2279891968,68611,68621,10
12.8385801315,80.2280883789,68621,68631,10
12.8375797272,80.228302002,68631,68641,10
12.8363199234,80.2285003662,68641,68651,10
12.8350000381,80.2286834717,68651,68661,10
12.8340196609,80.2288513184,68661,68672,11
12.8329401016,80.2290496826,68672,68682,10
12.8320198059,80.2292175293,68682,68813,131
12.8320198059,80.2292175293,68813,68823,10
12.8317203522,80.2292785645,68823,68833,10
12.831580162,80.2289886475,68833,68843,10
12.8315296173,80.228767395,68843,68854,11
12.8313903809,80.2281417847,68854,68864,10
12.831199646,80.2272491455,68864,68874,10
12.8310203552,80.2261505127,68874,68884,10
12.8310203552,80.225151062,68884,68894,10
12.831029892,80.2247161865,68894,68904,10
12.8310403824,80.2242507935,68904,68914,10
12.8310604095,80.2235107422,68914,68924,10
12.831029892,80.2226409912,68924,68934,10
12.8310203552,80.2221984863,68934,68945,11
12.8310403824,80.2214584351,68945,68955,10
12.8310403824,80.2205810547,68955,68965,10
12.8310604095,80.219871521,68965,68975,10
12.830909729,80.2195968628,68975,68985,10
12.830280304,80.2195510864,68985,68995,10
12.8295602798,80.2195510864,68995,69005,10
12.8288803101,80.2195510864,69005,69015,10
12.8280200958,80.219543457,69015,69025,10
12.827580452,80.219543457,69025,69036,11
12.8272600174,80.2195587158,69036,69046,10
12.8270196915,80.2195281982,69046,69056,10
12.8264102936,80.2195205688,69056,69066,10
12.8260297775,80.2195129395,69066,69076,10
12.8258895874,80.2194671631,69076,69086,10
12.8257799149,80.2192764282,69086,69096,10
12.825799942,80.2191390991,69096,69106,10
12.825799942,80.2186279297,69106,69116,10
12.8258199692,80.2179489136,69116,69127,11
12.8258104324,80.217048645,69127,69137,10
12.8258199692,80.2163772583,69137,69147,10
12.8256502151,80.2161026001,69147,69157,10
12.8253898621,80.2161178589,69157,69167,10
12.8247003555,80.2161407471,69167,69450,283
12.8247003555,80.2161407471,69450,69460,10
12.824549675,80.2161178589,69460,69470,10
12.8241195679,80.2160873413,69470,69480,10
12.8236503601,80.2160873413,69480,69491,11
12.8230800629,80.2161026001,69491,69501,10
12.8227796555,80.2161026001,69501,69511,10
12.8226804733,80.2163085938,69511,69521,10
12.8226804733,80.2167434692,69521,69531,10
12.8226699829,80.217376709,69531,69541,10
12.8226604462,80.2181396484,69541,69551,10
12.822640419,80.218963623,69551,69561,10
12.8226499557,80.219291687,69561,69582,21
12.8226499557,80.219291687,69582,69592,10
12.8227500916,80.2194366455,69592,69602,10
12.822930336,80.2194595337,69602,69612,10
12.8234596252,80.2194595337,69612,69622,10
12.824090004,80.2194595337,69622,69632,10
12.8247699738,80.2194671631,69632,69642,10
12.825340271,80.219543457,69642,69693,51
12.825340271,80.219543457,69693,69703,10
12.8258600235,80.2195587158,69703,69713,10
12.8262395859,80.2195510864,69713,69723,10
12.8268003464,80.2195510864,69723,69733,10
12.8270101547,80.2195281982,69733,69743,10
12.8272695541,80.2195281982,69743,69753,10
12.8276700974,80.2194976807,69753,69784,31
12.8276700974,80.2194976807,69784,69794,10
12.8279800415,80.2195129395,69794,69804,10
12.8284597397,80.2195129395,69804,69814,10
12.8289699554,80.2194824219,69814,70087,273
12.8289699554,80.2194824219,70087,70097,10
12.8291902542,80.2194824219,70097,70107,10
12.8297595978,80.2194976807,70107,70118,11
12.8309497833,80.2195281982,70118,70128,10
12.8309497833,80.2195281982,70128,70138,10
12.8311700821,80.219909668,70138,70148,10
12.8311595917,80.2203979492,70148,70158,10
12.8311500549,80.2210693359,70158,70168,10
12.8311395645,80.221862793,70168,70178,10
12.8311300278,80.2221984863,70178,70188,10
12.8311300278,80.2225875854,70188,70198,10
12.8311300278,80.2232666016,70198,70208,10
12.8311300278,80.2241516113,70208,70219,11
12.8311195374,80.2247314453,70219,70229,10
12.8311195374,80.2251586914,70229,70239,10
12.8311100006,80.2258605957,70239,70249,10
12.8311796188,80.2267684937,70249,70259,10
12.8313999176,80.2278137207,70259,70269,10
12.8316202164,80.228767395,70269,70279,10
12.8316802979,80.2291412354,70279,70289,10
12.8317804337,80.2292633057,70289,70300,11
12.8320503235,80.2291717529,70300,70310,10
12.8321199417,80.2291488647,70310,70320,10
12.8322200775,80.2291183472,70320,70330,10
12.8327598572,80.2290420532,70330,70340,10
12.8336200714,80.2288818359,70340,70350,10
12.8346796036,80.2286911011,70350,70360,10
12.8359098434,80.2284927368,70360,70370,10
12.8372602463,80.2282791138,70370,70380,10
12.8384504318,80.2280426025,70380,70391,11
12.8394002914,80.2277603149,70391,70411,20
12.8394002914,80.2277603149,70411,70421,10
12.839630127,80.2277069092,70421,70431,10
12.8402004242,80.2275924683,70431,70441,10
12.8410301208,80.2273635864,70441,70451,10
12.8420696259,80.2270812988,70451,70461,10
12.8432798386,80.2268295288,70461,70471,10
12.8444004059,80.2266769409,70471,70482,11
12.8451900482,80.2266082764,70482,70492,10
12.8452997208,80.226600647,70492,70502,10
12.8453903198,80.2266082764,70502,70512,10
12.8458404541,80.226600647,70512,70522,10
12.8465299606,80.226600647,70522,70532,10
12.8474798203,80.2266082764,70532,70542,10
12.84856987,80.2266082764,70542,70552,10
12.8495101929,80.226600647,70552,70562,10
12.8497800827,80.2266235352,70562,70573,11
12.8500204086,80.2266311646,70573,70583,10
12.8505096436,80.2266311646,70583,70593,10
12.8512201309,80.2266693115,70593,70603,10
12.8520803452,80.2267303467,70603,70613,10
12.8529596329,80.2267608643,70613,70623,10
12.8540201187,80.2266616821,70623,70633,10
12.8550901413,80.2265472412,70633,70643,10
12.8561897278,80.2264328003,70643,70653,10
12.8572998047,80.2263031006,70653,70664,11
12.8584403992,80.226272583,70664,70674,10
12.8594503403,80.2264022827,70674,70684,10
12.8604202271,80.2265625,70684,70694,10
12.8612604141,80.2266082764,70694,70704,10
12.8621902466,80.2265625,70704,70714,10
12.8633003235,80.2265319824,70714,70724,10
12.8646097183,80.2265777588,70724,70734,10
12.8660402298,80.2265777588,70734,70744,10
12.8674201965,80.2264633179,70744,70755,11
12.8691101074,80.2264709473,70755,70765,10
12.8706703186,80.2266311646,70765,70775,10
12.8720397949,80.2266921997,70775,70785,10
12.8727903366,80.2266693115,70785,70795,10
12.8734502792,80.2267227173,70795,70805,10
12.8742904663,80.2267913818,70805,70815,10
12.8753099442,80.2269210815,70815,70825,10
12.876159668,80.2269515991,70825,70835,10
12.8766002655,80.2269363403,70835,70846,11
12.8768100739,80.2269210815,70846,70856,10
12.8769798279,80.2269134521,70856,70866,10
12.877579689,80.226852417,70866,70876,10
12.8784103394,80.2267913818,70876,70886,10
12.8794002533,80.2267303467,70886,70896,10
12.8804998398,80.2267074585,70896,70906,10
12.881649971,80.2266998291,70906,70916,10
12.882809639,80.2266998291,70916,70926,10
12.8838996887,80.2266998291,70926,70937,11
12.8848199844,80.2266693115,70937,70947,10
12.8851203918,80.2266769409,70947,70957,10
12.8852100372,80.2266998291,70957,70967,10
12.8855695724,80.2267990112,70967,70977,10
12.8862895966,80.2269821167,70977,70987,10
12.8872299194,80.2272109985,70987,70997,10
12.8883399963,80.2273406982,70997,71007,10
12.8896398544,80.2273635864,71007,71017,10
12.8909597397,80.2273483276,71017,71028,11
12.892080307,80.2273406982,71028,71058,30
12.892080307,80.2273406982,71058,71068,10
12.8921804428,80.2273406982,71068,71078,10
12.8926496506,80.2273788452,71078,71088,10
12.8934202194,80.2274780273,71088,71098,10
12.894370079,80.2275924683,71098,71108,10
12.8952999115,80.2276382446,71108,71119,11
12.8963403702,80.2276916504,71119,71129,10
12.8975296021,80.2277374268,71129,71139,10
12.8987903595,80.2278213501,71139,71149,10
12.8997898102,80.2278594971,71149,71159,10
12.9002199173,80.2278823853,71159,71240,81
12.9002199173,80.2278823853,71240,71250,10
12.9006595612,80.2279205322,71250,71260,10
12.9009895325,80.2279586792,71260,71270,10
12.9013004303,80.2279815674,71270,71280,10
12.9017295837,80.2280197144,71280,71290,10
12.9027099609,80.2280273438,71290,71311,21
12.9027099609,80.2280273438,71311,71321,10
12.9030303955,80.2280731201,71321,71331,10
12.903670311,80.2281036377,71331,71341,10
12.9043397903,80.2281417847,71341,71351,10
12.9050502777,80.2281723022,71351,71361,10
12.9059095383,80.2282333374,71361,71371,10
12.9063301086,80.2282562256,71371,71381,10
12.9064798355,80.2282714844,71381,71392,11
12.9068202972,80.228302002,71392,71402,10
12.906920433,80.2283172607,71402,71412,10
12.9074001312,80.2283630371,71412,71422,10
12.9081697464,80.2284927368,71422,71432,10
12.9090499878,80.2286376953,71432,71442,10
12.9099903107,80.2287979126,71442,71452,10
12.9109601974,80.2289505005,71452,71462,10
12.9119796753,80.2290878296,71462,71472,10
12.9130001068,80.2292327881,71472,71483,11
12.9136295319,80.2292861938,71483,71493,10
12.9137001038,80.2293167114,71493,71503,10
12.9140300751,80.2293930054,71503,71513,10
12.9146203995,80.2294616699,71513,71523,10
12.9155197144,80.2295913696,71523,71533,10
12.9165897369,80.2297210693,71533,71543,10
12.9170103073,80.2297592163,71543,71553,10
12.9174499512,80.2298202515,71553,71563,10
12.9182395935,80.2299194336,71563,71574,11
12.9192304611,80.2300567627,71574,71584,10
12.9202404022,80.2302017212,71584,71594,10
12.9214601517,80.2303466797,71594,71604,10
12.9228401184,80.2305679321,71604,71614,10
12.9243497849,80.2307662964,71614,71624,10
12.9256601334,80.2309494019,71624,71634,10
12.926199913,80.2309799194,71634,71644,10
12.9263000488,80.2309799194,71644,71654,10
12.926779747,80.2310409546,71654,71665,11
12.9276103973,80.2311325073,71665,71675,10
12.9283800125,80.2312393188,71675,71685,10
12.9287204742,80.231300354,71685,71695,10
12.9292497635,80.2314071655,71695,71705,10
12.9299697876,80.231590271,71705,71715,10
12.9308595657,80.2318496704,71715,71725,10
12.9318399429,80.2321472168,71725,71735,10
12.9327898026,80.2324676514,71735,71745,10
12.9334402084,80.2327194214,71745,71786,41
12.9334402084,80.2327194214,71786,71796,10
12.9339399338,80.2329864502,71796,71806,10
12.9345397949,80.2332611084,71806,71816,10
12.9351301193,80.2335205078,71816,71826,10
12.9357595444,80.2338180542,71826,71836,10
12.9365196228,80.2341766357,71836,71847,11
12.9374799728,80.2346420288,71847,71857,10
12.9384698868,80.2351303101,71857,71867,10
12.939330101,80.2355270386,71867,71887,20
12.939330101,80.2355270386,71887,71897,10
12.9395799637,80.2356719971,71897,71907,10
12.940030098,80.2358398438,71907,71917,10
12.9405498505,80.236000061,71917,71927,10
12.9413204193,80.2361831665,71927,71938,11
12.9423303604,80.2364501953,71938,71948,10
12.9432201385,80.2369918823,71948,71958,10
12.9438495636,80.2376480103,71958,71968,10
12.9445104599,80.2383728027,71968,71978,10
12.9451904297,80.2390899658,71978,71988,10
12.9459600449,80.2395629883,71988,71998,10
12.9469203949,80.2399597168,71998,72008,10
12.9473800659,80.2400970459,72008,72018,10
12.9474802017,80.2401275635,72018,72029,11
12.9479904175,80.2403793335,72029,72039,10
12.9486503601,80.2406387329,72039,72049,10
12.9493598938,80.2409210205,72049,72059,10
12.9501399994,80.2411422729,72059,72069,10
12.9507799149,80.241317749,72069,72079,10
12.951259613,80.2414703369,72079,72089,10
12.9512796402,80.2414779663,72089,72099,10
12.9516897202,80.2416534424,72099,72109,10
12.9522695541,80.2418899536,72109,72120,11
12.9532899857,80.2422790527,72120,72130,10
12.9540395737,80.2425765991,72130,72140,10
12.954580307,80.2427902222,72140,72150,10
12.955160141,80.2430114746,72150,72160,10
12.9558601379,80.243270874,72160,72170,10
12.9562397003,80.2433929443,72170,72200,30
12.9562397003,80.2433929443,72200,72211,11
12.9569301605,80.2436828613,72211,72221,10
12.9577703476,80.2440719604,72221,72231,10
12.9586601257,80.2444381714,72231,72241,10
12.9589500427,80.2445373535,72241,72251,10
12.9591197968,80.2446365356,72251,72261,10
12.9596700668,80.2448883057,72261,72271,10
12.9604701996,80.2452468872,72271,72281,10
12.9614400864,80.2457122803,72281,72291,10
12.9628896713,80.246421814,72291,72312,21
12.9628896713,80.246421814,72312,72322,10
12.9630298615,80.2464981079,72322,72332,10
12.9633903503,80.2466888428,72332,72342,10
12.9638900757,80.2469024658,72342,72352,10
12.9644203186,80.2471008301,72352,72362,10
12.9651899338,80.2473602295,72362,72372,10
12.9660797119,80.2476882935,72372,72382,10
12.9666595459,80.2479400635,72382,72393,11
12.9666795731,80.2479400635,72393,72403,10
12.9668598175,80.248046875,72403,72413,10
12.9674100876,80.2483062744,72413,72423,10
12.9681196213,80.2486190796,72423,72433,10
12.9690599442,80.2489700317,72433,72443,10
12.9701700211,80.2494277954,72443,72453,10
12.9714002609,80.2498168945,72453,72463,10
12.9726200104,80.2501373291,72463,72473,10
12.973739624,80.2504425049,72473,72484,11
12.9749803543,80.2507781982,72484,72494,10
12.9762201309,80.2511367798,72494,72504,10
12.977350235,80.2515411377,72504,72514,10
12.9781103134,80.2521362305,72514,72524,10
12.978269577,80.252243042,72524,72534,10
12.9783697128,80.2523193359,72534,72544,10
12.9787902832,80.2525405884,72544,72554,10
12.9792203903,80.2526168823,72554,72564,10
12.9795398712,80.2526626587,72564,72575,11
12.9799804688,80.2526931763,72575,72585,10
12.980389595,80.2527008057,72585,72595,10
12.9809103012,80.2526779175,72595,72605,10
12.9815702438,80.2526779175,72605,72615,10
12.9824304581,80.2526397705,72615,72625,10
12.9835300446,80.2524871826,72625,72635,10
12.9844198227,80.252243042,72635,72807,172
12.9844198227,80.252243042,72807,72817,10
12.9845104218,80.252281189,72817,72827,10
12.984869957,80.2521820068,72827,72837,10
12.9854001999,80.2520217896,72837,72848,11
12.9857501984,80.2519073486,72848,72858,10
12.9861602783,80.2517776489,72858,72868,10
12.986579895,80.2516937256,72868,72878,10
12.9870195389,80.2515563965,72878,72888,10
12.9874200821,80.251449585,72888,72898,10
12.9878902435,80.2513580322,72898,72908,10
12.9886703491,80.251159668,72908,72918,10
12.9894800186,80.2509002686,72918,72939,21
12.9894800186,80.2509002686,72939,72949,10
12.9896802902,80.250869751,72949,72959,10
12.9898796082,80.250831604,72959,72969,10
12.9903898239,80.2506790161,72969,72979,10
12.9911699295,80.25050354,72979,72989,10
12.9921703339,80.2502593994,72989,72999,10
12.9931201935,80.250038147,72999,73009,10
12.9946699142,80.2496566772,73009,73019,10
12.9957895279,80.2493591309,73019,73030,11
12.9973802567,80.2489471436,73030,73040,10
12.9987001419,80.2485961914,73040,73050,10
13.0000295639,80.248260498,73050,73060,10
13.0013599396,80.2479171753,73060,73070,10
13.0022602081,80.2477035522,73070,73080,10
13.0031795502,80.2475204468,73080,73090,10
13.0043201447,80.2473602295,73090,73100,10
13.0053796768,80.2472000122,73100,73110,10
13.0064496994,80.2464904785,73110,73131,21
13.0064496994,80.2464904785,73131,73141,10
13.0065402985,80.2461166382,73141,73151,10
13.0065603256,80.2456283569,73151,73161,10
13.0065803528,80.245262146,73161,73171,10
13.0065603256,80.2448120117,73171,73181,10
13.0065698624,80.2444763184,73181,73191,10
13.0065603256,80.244178772,73191,73201,10
13.006529808,80.2437667847,73201,73212,11
13.0065202713,80.2432785034,73212,73222,10
13.0065097809,80.2425537109,73222,73232,10
13.0065002441,80.2416305542,73232,73242,10
13.0066404343,80.2406997681,73242,73282,40
13.0066404343,80.2406997681,73282,73292,10
13.0067195892,80.2403106689,73292,73303,11
13.006819725,80.2397766113,73303,73313,10
13.0069904327,80.2389068604,73313,73323,10
13.0071201324,80.2381362915,73323,73333,10
13.0072803497,80.2376022339,73333,73343,10
13.0073795319,80.2370986938,73343,73353,10
13.0075302124,80.2364578247,73353,73363,10
13.0076799393,80.2357025146,73363,73373,10
13.0077896118,80.2350463867,73373,73383,10
13.0079603195,80.2342834473,73383,73394,11
13.0081996918,80.2332077026,73394,73404,10
13.0084495544,80.2320709229,73404,73414,10
13.008600235,80.2309799194,73414,73424,10
13.0088195801,80.2298278809,73424,73434,10
13.0090303421,80.228767395,73434,73444,10
13.0093297958,80.2278137207,73444,73454,10
13.009759903,80.2269515991,73454,73464,10
13.0100898743,80.2261734009,73464,73474,10
13.0103902817,80.2256469727,73474,73495,21
13.0103902817,80.2256469727,73495,73505,10
13.0105400085,80.2252807617,73505,73515,10
13.0107498169,80.224861145,73515,73525,10
13.0110502243,80.2240829468,73525,73545,20
13.0110502243,80.2240829468,73545,73555,10
13.0111198425,80.2238388062,73555,73565,10
13.0111904144,80.2236022949,73565,73576,11
13.0113296509,80.2232208252,73576,73586,10
13.0116300583,80.2225418091,73586,73596,10
13.0119600296,80.2216567993,73596,73606,10
13.012260437,80.2214279175,73606,73616,10
13.0125102997,80.2218322754,73616,73626,10
13.0129404068,80.2224121094,73626,73636,10
13.0134496689,80.2229690552,73636,73646,10
13.0139799118,80.2235870361,73646,73656,10
13.0145397186,80.224281311,73656,73667,11
13.0150003433,80.2247085571,73667,73677,10
13.0152997971,80.224937439,73677,73687,10
13.0154600143,80.2250213623,73687,73697,10
13.0155801773,80.2251281738,73697,73707,10
13.0159397125,80.2253417969,73707,73717,10
13.0172300339,80.2250671387,73717,73727,10
13.0172300339,80.2250671387,73727,73737,10
13.0180101395,80.2247467041,73737,73747,10
13.0187196732,80.2244720459,73747,73758,11
13.0192298889,80.224319458,73758,73768,10
13.0195598602,80.2244415283,73768,73828,60
13.0195598602,80.2244415283,73828,73839,11
13.019780159,80.2246704102,73839,73849,10
13.0201301575,80.224937439,73849,73859,10
13.0206604004,80.2252807617,73859,73869,10
13.0211000443,80.2256088257,73869,73879,10
13.0215797424,80.2259597778,73879,73889,10
13.0221500397,80.2264175415,73889,73899,10
13.0226402283,80.2268371582,73899,73909,10
13.0231199265,80.2272567749,73909,73919,10
13.0234899521,80.2276000977,73919,73930,11
13.0239295959,80.2280197144,73930,73940,10
13.0242996216,80.2284011841,73940,73970,30
13.0242996216,80.2284011841,73970,73980,10
13.0243902206,80.2285766602,73980,73990,10
13.0242395401,80.2286224365,73990,74000,10
13.0240402222,80.2284469604,74000,74010,10
13.0239896774,80.2283935547,74010,74020,10
13.0238895416,80.2282562256,74020,74031,11
13.0237398148,80.2280807495,74031,74041,10
13.023440361,80.2278213501,74041,74122,81
13.0233402252,80.2275924683,74122,74496,374
13.0233402252,80.2275924683,74496,74506,10
13.0231199265,80.2274475098,74506,74516,10
13.0227203369,80.2270584106,74516,74526,10
13.0222101212,80.2265930176,74526,74536,10
13.0215396881,80.226020813,74536,74546,10
13.0208396912,80.2254562378,74546,74556,10
13.0200500488,80.2249298096,74556,74567,11
13.0190601349,80.2245178223,74567,74577,10
13.0180597305,80.2248306274,74577,74587,10
13.0171003342,80.2252120972,74587,74597,10
13.0163803101,80.2255172729,74597,74607,10
13.0159502029,80.2256317139,74607,74617,10
13.0153303146,80.2258605957,74617,74627,10
13.0149803162,80.2260284424,74627,74637,10
13.0142402649,80.2262802124,74637,74668,31
13.0142402649,80.2262802124,74668,74678,10
13.0139904022,80.2264175415,74678,74688,10
13.0135297775,80.226600647,74688,74698,10
13.0130596161,80.2267379761,74698,74708,10
13.0124197006,80.2270202637,74708,74718,10
13.0116300583,80.2273635864,74718,74728,10
13.0106897354,80.2277374268,74728,74738,10
13.0098695755,80.2280502319,74738,74749,11
13.0091600418,80.2284393311,74749,74759,10
13.0089998245,80.2291488647,74759,74769,10
13.0087995529,80.23021698,74769,74779,10
13.0085802078,80.2313766479,74779,74789,10
13.0083904266,80.2324371338,74789,74799,10
13.0082397461,80.2334213257,74799,74809,10
13.0081701279,80.2337493896,74809,74819,10
13.0081396103,80.2339172363,74819,74829,10
13.0080604553,80.2343978882,74829,74840,11
13.0078697205,80.2352371216,74840,74850,10
13.0076599121,80.2362289429,74850,74860,10
13.0074300766,80.2373199463,74860,74870,10
13.0072603226,80.2383728027,74870,74880,10
13.0070896149,80.2392501831,74880,74890,10
13.0068998337,80.240020752,74890,74900,10
13.0067396164,80.2407836914,74900,74910,10
13.0066699982,80.2417068481,74910,74920,10
13.0066795349,80.243057251,74920,74941,21
13.0066900253,80.2432327271,74941,74971,30
13.0066900253,80.2432327271,74971,74981,10
13.0066900253,80.2436523438,74981,75001,20
13.0066699982,80.2438278198,75001,75032,31
13.0066699982,80.2438278198,75032,75042,10
13.0066604614,80.2442474365,75042,75072,30
13.0066795349,80.2445373535,75072,75113,41
13.0066795349,80.2445373535,75113,75123,10
13.0067195892,80.2451019287,75123,75143,20
13.0067195892,80.2451019287,75143,75153,10
13.0067195892,80.2453384399,75153,75163,10
13.0067396164,80.2456283569,75163,75173,10
13.0067396164,80.245880127,75173,75183,10
13.0067396164,80.2459182739,75183,75193,10
13.0067300797,80.2461700439,75193,75204,11
13.0067396164,80.2463684082,75204,75214,10
13.0067396164,80.2464904785,75214,75224,10
13.0067501068,80.246673584,75224,75234,10
13.0067596436,80.2471008301,75234,75254,20
13.0067596436,80.2471008301,75254,75264,10
13.0067996979,80.2472915649,75264,75274,10
13.0065698624,80.2474975586,75274,75284,10
13.0061101913,80.247467041,75284,75295,11
13.005979538,80.2474594116,75295,75305,10
13.0056400299,80.2474212646,75305,75315,10
13.0050201416,80.2474136353,75315,75325,10
13.0042200089,80.2474975586,75325,75335,10
13.0031795502,80.2476119995,75335,75345,10
13.0021600723,80.2478713989,75345,75355,10
13.0011796951,80.2481079102,75355,75365,10
13.0000896454,80.2483978271,75365,75375,10
12.9989795685,80.2486572266,75375,75386,11
12.9977798462,80.2489700317,75386,75396,10
12.996629715,80.2492370605,75396,75406,10
12.9955797195,80.249458313,75406,75416,10
12.9946098328,80.24974823,75416,75426,10
12.993639946,80.2500305176,75426,75436,10
12.9926996231,80.2502593994,75436,75446,10
12.9917001724,80.2505187988,75446,75456,10
12.9910802841,80.2506866455,75456,75466,10
12.9910497665,80.2507019043,75466,75477,11
12.9908800125,80.2507400513,75477,75487,10
12.9902496338,80.2508773804,75487,75497,10
12.9893198013,80.2510681152,75497,75507,10
12.9883003235,80.2513504028,75507,75517,10
12.9878702164,80.2516403198,75517,75527,10
12.9879102707,80.2518615723,75527,75537,10
12.9879598618,80.2524032593,75537,75547,10
12.9878997803,80.2532119751,75547,75557,10
12.987830162,80.2540130615,75557,75568,11
12.9876804352,80.2553405762,75568,75608,40
12.9876804352,80.2553405762,75608,75618,10
12.987660408,80.2556381226,75618,75628,10
12.9876203537,80.2561264038,75628,75638,10
12.987569809,80.2567977905,75638,75648,10
12.9875202179,80.2575378418,75648,75659,11
12.9874601364,80.2583999634,75659,75669,10
12.9872398376,80.2585983276,75669,75689,20
12.986989975,80.2585601807,75689,75952,263
12.986989975,80.2585601807,75952,75962,10
12.9868803024,80.2584609985,75962,76073,111
12.9869098663,80.2585678101,76073,76184,111
12.9869098663,80.2585678101,76184,76195,11
12.9868602753,80.2586593628,76195,76205,10
12.9868001938,80.2584991455,76205,76397,192
12.9870500565,80.2584762573,76397,76427,30
12.9870500565,80.2584762573,76427,76437,10
12.9871397018,80.2585525513,76437,76619,182
12.9871397018,80.2585525513,76619,76629,10
12.9871902466,80.2587585449,76629,77266,637
12.9871902466,80.2587585449,77266,77277,11
12.9870595932,80.2584228516,77277,77641,364
12.9869604111,80.2586593628,77641,78055,414
12.9871196747,80.2585601807,78055,78338,283
12.9869003296,80.2585525513,78338,78399,61
12.9870996475,80.2585296631,78399,80189,1790
12.9871702194,80.2585830688,80189,80664,475
12.9871301651,80.2584915161,80664,83071,2407
12.987159729,80.2584609985,83071,83850,779
