13.014550209,80.2257003784,13,793,780
13.0143995285,80.225730896,793,854,61
13.0144100189,80.225692749,854,4175,3321
13.0146198273,80.2257919312,4175,4600,425
13.0144796371,80.2257003784,4600,4853,253
13.0145397186,80.2257385254,4853,5116,263
13.0144796371,80.2256622314,5116,5805,689
13.0145196915,80.2256622314,5805,5997,192
13.0145101547,80.2256774902,5997,6058,61
13.0144996643,80.2257232666,6058,6443,385
13.0144901276,80.225692749,6443,8337,1894
13.0144395828,80.2257537842,8337,8387,50
13.0145101547,80.2257003784,8387,18376,9989
13.0145101547,80.2257003784,18376,18387,11
13.0148000717,80.2256393433,18387,21188,2801
13.0150003433,80.225402832,21188,22444,1256
13.0149698257,80.2254333496,22444,22779,335
13.0149698257,80.2254333496,22779,22790,11
13.0146903992,80.225440979,22790,22800,10
13.0144100189,80.2252883911,22800,22810,10
13.0142602921,80.2255096436,22810,22820,10
13.0142097473,80.2258987427,22820,23904,1084
13.0142097473,80.2258987427,23904,23915,11
13.0141897202,80.2262878418,23915,23925,10
13.0139102936,80.2264022827,23925,23935,10
13.0133695602,80.2265625,23935,23945,10
13.0127096176,80.2268371582,23945,23955,10
13.0119800568,80.2271499634,23955,23965,10
13.0110797882,80.2274780273,23965,23975,10
13.0102500916,80.2277984619,23975,23985,10
13.0096197128,80.2276992798,23985,23996,11
13.0098199844,80.2270812988,23996,24006,10
13.0101299286,80.2264022827,24006,24016,10
13.0104198456,80.2257537842,24016,24026,10
13.0107297897,80.2250366211,24026,24036,10
13.0110197067,80.2243423462,24036,24046,10
13.0114202499,80.2232894897,24046,24077,31
13.0114202499,80.2232894897,24077,24087,10
13.0116300583,80.2229385376,24087,24097,10
13.0117902756,80.2223434448,24097,24107,10
13.0120296478,80.2216873169,24107,24117,10
13.0122804642,80.2214889526,24117,24127,10
13.0123996735,80.221572876,24127,24137,10
13.0126495361,80.2219161987,24137,24147,10
13.0129699707,80.2222518921,24147,24158,11
13.0133695602,80.2225799561,24158,24168,10
13.0137996674,80.2231063843,24168,24178,10
13.0142097473,80.2235794067,24178,24188,10
13.0145797729,80.2240829468,24188,24198,10
13.015080452,80.224647522,24198,24208,10
13.0156297684,80.2251281738,24208,24218,10
13.0162801743,80.2253265381,24218,24228,10
13.0170602798,80.2250976563,24228,24239,11
13.0179395676,80.2247467041,24239,24249,10
13.0187501907,80.2244262695,24249,24259,10
13.019780159,80.2245407104,24259,24289,30
13.019780159,80.2245407104,24289,24299,10
13.0199203491,80.2247009277,24299,24309,10
13.0202598572,80.2249526978,24309,24319,10
13.0207996368,80.2253265381,24319,24330,11
13.0213603973,80.2257537842,24330,24340,10
13.0219697952,80.2262115479,24340,24350,10
13.0226297379,80.2267837524,24350,24360,10
13.0233097076,80.2274017334,24360,24370,10
13.0239496231,80.2279891968,24370,24380,10
13.0244598389,80.2285079956,24380,24421,41
13.0244598389,80.2285079956,24421,24431,10
13.0242700577,80.2286529541,24431,24441,10
13.0240602493,80.2284164429,24441,24451,10
13.0238103867,80.2280502319,24451,24461,10
13.0233802795,80.2276382446,24461,24633,172
13.0233802795,80.2276382446,24633,24643,10
13.023349762,80.2274169922,24643,24654,11
13.0230703354,80.2271499634,24654,24664,10
13.0227003098,80.2267990112,24664,24674,10
13.0222797394,80.2264404297,24674,24684,10
13.0217399597,80.2259902954,24684,24694,10
13.0212097168,80.2256164551,24694,24704,10
13.0207099915,80.2252120972,24704,24714,10
13.0204401016,80.2250289917,24714,24724,10
13.020409584,80.2250137329,24724,24735,11
13.0200996399,80.2248001099,24735,24745,10
13.0193796158,80.2244262695,24745,24755,10
13.0184602737,80.224571228,24755,24765,10
13.0174503326,80.2249908447,24765,24775,10
13.0165300369,80.2253875732,24775,24785,10
13.0158395767,80.2256393433,24785,24795,10
13.015250206,80.2258682251,24795,24805,10
13.0149097443,80.226020813,24805,24816,11
13.0145597458,80.2261428833,24816,24826,10
13.0143995285,80.2261962891,24826,24836,10
13.0142602921,80.2262573242,24836,24846,10
13.0137796402,80.2264633179,24846,24856,10
13.0131702423,80.2267074585,24856,24866,10
13.0124397278,80.2269821167,24866,24876,10
13.0117702484,80.2272567749,24876,24886,10
13.0106801987,80.2276992798,24886,24896,10
13.0097999573,80.2280426025,24896,24907,11
13.0091199875,80.2286911011,24907,24917,10
13.0089502335,80.229598999,24917,24927,10
13.0087795258,80.2305297852,24927,24937,10
13.0085897446,80.2314987183,24937,24947,10
13.0084104538,80.2324676514,24947,24957,10
13.0082902908,80.2333221436,24957,24967,10
13.0082502365,80.2335510254,24967,24978,11
13.0082101822,80.2336578369,24978,24988,10
13.008099556,80.2341308594,24988,24998,10
13.0079498291,80.2348403931,24998,25008,10
13.0077600479,80.2357406616,25008,25018,10
13.0075502396,80.2368392944,25018,25028,10
13.0073404312,80.2379608154,25028,25038,10
13.0071601868,80.238899231,25038,25048,10
13.0070495605,80.2393417358,25048,25059,11
13.0068998337,80.2401428223,25059,25069,10
13.0068597794,80.2406082153,25069,25079,10
13.0068597794,80.2407073975,25079,25089,10
13.0067796707,80.2412109375,25089,25099,10
13.0067396164,80.241897583,25099,25109,10
13.0067195892,80.2426834106,25109,25119,10
13.0066699982,80.2434768677,25119,25129,10
13.0066003799,80.2444229126,25129,25140,11
13.0066204071,80.2454833984,25140,25150,10
13.0066795349,80.2465209961,25150,25160,10
13.0066900253,80.247177124,25160,25180,20
13.0066900253,80.247177124,25180,25190,10
13.0066795349,80.2472915649,25190,25200,10
13.0064001083,80.247428894,25200,25210,10
13.0061798096,80.2474136353,25210,25220,10
13.0060100555,80.2473678589,25220,25231,11
13.0053195953,80.2473526001,25231,25241,10
13.0044603348,80.2474136353,25241,25251,10
13.0034599304,80.2475585938,25251,25261,10
13.0025100708,80.247718811,25261,25271,10
13.0015497208,80.2479629517,25271,25281,10
13.0004901886,80.2482299805,25281,25291,10
12.9993495941,80.2485198975,25291,25301,10
12.998339653,80.2488021851,25301,25312,11
12.998049736,80.2488632202,25312,25322,10
12.9974803925,80.2489929199,25322,25332,10
12.9966096878,80.2491989136,25332,25342,10
12.9955196381,80.24949646,25342,25352,10
12.9942998886,80.2498092651,25352,25362,10
12.9930200577,80.2501296997,25362,25372,10
12.9917297363,80.2504501343,25372,25382,10
12.9912004471,80.2506103516,25382,25393,11
12.9909801483,80.2506484985,25393,25403,10
12.9903697968,80.2507781982,25403,25413,10
12.9894895554,80.2509613037,25413,25423,10
12.9888095856,80.2511367798,25423,25433,10
12.9882898331,80.2512588501,25433,25443,10
12.9877796173,80.2514038086,25443,25453,10
12.9872598648,80.2515563965,25453,25463,10
12.9865598679,80.2517623901,25463,25474,11
12.9855699539,80.2519836426,25474,25484,10
12.984459877,80.2522735596,25484,25494,10
12.9832801819,80.2525634766,25494,25504,10
12.9821100235,80.2526626587,25504,25514,10
12.9810400009,80.2527008057,25514,25524,10
12.9803495407,80.2527618408,25524,25532,8
12.9797201157,80.2527313232,25532,25544,12
12.9792203903,80.2526702881,25544,25555,11
12.9786701202,80.2526016235,25555,25565,10
12.9785203934,80.2525177002,25565,25575,10
12.9780797958,80.2521820068,25575,25585,10
12.9774999619,80.251663208,25585,25595,10
12.9765901566,80.2512130737,25595,25605,10
12.9754800797,80.2508926392,25605,25615,10
12.9743404388,80.2505722046,25615,25625,10
12.9732599258,80.2502670288,25625,25635,10
12.9720096588,80.2499389648,25635,25646,11
12.9708499908,80.2496337891,25646,25656,10
12.9697704315,80.2492370605,25656,25666,10
12.9687204361,80.2488174438,25666,25676,10
12.9676904678,80.2484130859,25676,25686,10
12.9669399261,80.2480621338,25686,25696,10
12.9662799835,80.247756958,25696,25706,10
12.9655303955,80.247467041,25706,25717,11
12.9652700424,80.2473907471,25717,25727,10
12.9649801254,80.2472686768,25727,25737,10
12.9643602371,80.2470474243,25737,25747,10
12.9635801315,80.2467575073,25747,25757,10
12.9627599716,80.2463607788,25757,25767,10
12.9618997574,80.2459182739,25767,25777,10
12.9609298706,80.2454528809,25777,25787,10
12.9595098495,80.2448501587,25787,25808,21
12.9595098495,80.2448501587,25808,25818,10
12.9592199326,80.2446517944,25818,25828,10
12.9586200714,80.244392395,25828,25838,10
12.957909584,80.244102478,25838,25848,10
12.9572000504,80.2438583374,25848,25858,10
12.9566001892,80.2436828613,25858,25868,10
12.9565696716,80.2436828613,25868,25879,11
12.9563703537,80.243598938,25879,25889,10
12.9559001923,80.2433776855,25889,25899,10
12.9552497864,80.2430725098,25899,25909,10
12.9543800354,80.2426986694,25909,25919,10
12.953379631,80.2422790527,25919,25929,10
12.952340126,80.2418518066,25929,25939,10
12.9517602921,80.2416687012,25939,25949,10
12.9515399933,80.2416000366,25949,25960,11
12.9508600235,80.2413635254,25960,25970,10
12.9500398636,80.2411193848,25970,25980,10
12.9492998123,80.2408905029,25980,25990,10
12.9485998154,80.2406234741,25990,26000,10
12.947719574,80.2402572632,26000,26010,10
12.9472303391,80.2400817871,26010,26020,10
12.9471502304,80.2400436401,26020,26030,10
12.9468002319,80.2398910522,26030,26040,10
12.9462203979,80.239616394,26040,26051,11
12.9454498291,80.2392501831,26051,26061,10
12.9447402954,80.2386169434,26061,26071,10
12.9440202713,80.23777771,26071,26081,10
12.9432497025,80.2369613647,26081,26091,10
12.9422197342,80.2363815308,26091,26101,10
12.9410600662,80.2360916138,26101,26111,10
12.940079689,80.2358779907,26111,26122,11
12.9398498535,80.2358016968,26122,26132,10
12.9396495819,80.2357177734,26132,26142,10
12.9390602112,80.2354507446,26142,26152,10
12.9382400513,80.2350387573,26152,26162,10
12.9374399185,80.2346420288,26162,26172,10
12.9361200333,80.2340011597,26172,26182,10
12.9350404739,80.2334823608,26182,26192,10
12.934220314,80.2331237793,26192,26203,11
12.9339599609,80.2330169678,26203,26213,10
12.9338302612,80.2329483032,26213,26223,10
12.933259964,80.2326889038,26223,26233,10
12.9324798584,80.2323913574,26233,26243,10
12.9316301346,80.2321014404,26243,26253,10
12.9306697845,80.2317962646,26253,26263,10
12.9296398163,80.2315216064,26263,26273,10
12.9286403656,80.2313079834,26273,26284,11
12.9276199341,80.2311706543,26284,26294,10
12.9266195297,80.2310180664,26294,26304,10
12.9260101318,80.231010437,26304,26314,10
12.9259300232,80.2310028076,26314,26324,10
12.9255304337,80.2309265137,26324,26334,10
12.9248399734,80.2308502197,26334,26344,10
12.9240198135,80.2307510376,26344,26354,10
12.9230203629,80.2306213379,26354,26365,11
12.9217195511,80.2304077148,26365,26375,10
12.9204301834,80.2302398682,26375,26385,10
12.9192800522,80.2300796509,26385,26395,10
12.918299675,80.2299423218,26395,26405,10
12.91726017,80.2297973633,26405,26415,10
12.9160995483,80.229637146,26415,26425,10
12.914850235,80.2294616699,26425,26435,10
12.9137096405,80.2293395996,26435,26446,11
12.9133501053,80.229309082,26446,26456,10
12.9131402969,80.2292480469,26456,26466,10
12.9125099182,80.2291564941,26466,26476,10
12.9116096497,80.229019165,26476,26486,10
12.9105396271,80.2288818359,26486,26496,10
12.9093999863,80.2286987305,26496,26506,10
12.9083499908,80.2285232544,26506,26516,10
12.9076404572,80.2284164429,26516,26527,11
12.9075803757,80.2284317017,26527,26537,10
12.9075403214,80.2284011841,26537,26547,10
12.9071397781,80.2283401489,26547,26557,10
12.9065198898,80.2282714844,26557,26567,10
12.9061002731,80.2282409668,26567,26577,10
12.9056501389,80.228187561,26577,26587,10
12.9048995972,80.2281265259,26587,26597,10
12.9041595459,80.2281036377,26597,26608,11
12.9032201767,80.2280426025,26608,26618,10
12.9023799896,80.2280426025,26618,26628,10
12.9020595551,80.2280273438,26628,26638,10
12.901889801,80.2280197144,26638,26648,10
12.9014396667,80.2279891968,26648,26658,10
12.9009103775,80.2279510498,26658,26668,10
12.9005002975,80.2279281616,26668,26678,10
12.9000396729,80.2279205322,26678,26689,11
12.8994998932,80.227897644,26689,26699,10
12.899479866,80.227897644,26699,26709,10
12.8992300034,80.2278823853,26709,26719,10
12.8986101151,80.2278289795,26719,26729,10
12.8977804184,80.2277603149,26729,26739,10
12.8966798782,80.2276992798,26739,26749,10
12.8954696655,80.2276611328,26749,26759,10
12.8944301605,80.2276077271,26759,26769,10
12.893289566,80.2275009155,26769,26780,11
12.8925600052,80.2274017334,26780,26790,10
12.8924798965,80.2273864746,26790,26800,10
12.892080307,80.2273712158,26800,26810,10
12.8913202286,80.2273635864,26810,26820,10
12.8903102875,80.2273635864,26820,26830,10
12.8891000748,80.2273788452,26830,26840,10
12.8878297806,80.2273025513,26840,26850,10
12.8865299225,80.2270584106,26850,26861,11
12.8851099014,80.2267532349,26861,26871,10
12.8838396072,80.2267303467,26871,26881,10
12.8824996948,80.2267303467,26881,26891,10
12.8811397552,80.2267303467,26891,26901,10
12.8800401688,80.2267532349,26901,26911,10
12.8783502579,80.2268371582,26911,26921,10
12.8771295547,80.2269363403,26921,26931,10
12.8764801025,80.2270126343,26931,26942,11
12.8763999939,80.2270202637,26942,26952,10
12.8758897781,80.2270126343,26952,26962,10
12.8750600815,80.2269363403,26962,26972,10
12.8739900589,80.2268066406,26972,26982,10
12.8729000092,80.2267379761,26982,26992,10
12.8725404739,80.2267303467,26992,27002,10
12.872179985,80.2267227173,27002,27012,10
12.8714199066,80.2266998291,27012,27023,11
12.8703098297,80.2266311646,27023,27033,10
12.8691196442,80.2264785767,27033,27043,10
12.8678302765,80.2264480591,27043,27053,10
12.8666000366,80.2265701294,27053,27063,10
12.8653497696,80.2266311646,27063,27073,10
12.8640699387,80.2265777588,27073,27083,10
12.8627796173,80.2265625,27083,27093,10
12.8615503311,80.2266235352,27093,27104,11
12.8603696823,80.2265319824,27104,27114,10
12.8590898514,80.2263717651,27114,27124,10
12.8582201004,80.2262573242,27124,27134,10
12.8571195602,80.22631073,27134,27144,10
12.8558998108,80.2264404297,27144,27154,10
12.8546199799,80.2265777588,27154,27164,10
12.8532800674,80.2267227173,27164,27174,10
12.8519001007,80.2266998291,27174,27185,11
12.8506402969,80.2266464233,27185,27195,10
12.8501796722,80.2266387939,27195,27205,10
12.8496999741,80.2266235352,27205,27215,10
12.8488798141,80.2266235352,27215,27225,10
12.8477802277,80.226600647,27225,27235,10
12.846570015,80.2266235352,27235,27245,10
12.8456401825,80.2266235352,27245,27255,10
12.845410347,80.2266235352,27255,27266,11
12.84512043,80.2266235352,27266,27276,10
12.8444700241,80.2266693115,27276,27286,10
12.8436403275,80.2267608643,27286,27296,10
12.8426103592,80.2269592285,27296,27306,10
12.8414897919,80.2272186279,27306,27316,10
12.8404798508,80.2275009155,27316,27326,10
12.8398895264,80.2276687622,27326,27336,10
12.8395595551,80.2277832031,27336,27347,11
12.8389997482,80.2279205322,27347,27357,10
12.8382396698,80.2281036377,27357,27367,10
12.8374900818,80.2282562256,27367,27377,10
12.8361196518,80.228477478,27377,27387,10
12.8348903656,80.2286682129,27387,27397,10
12.8336696625,80.2288589478,27397,27407,10
12.8325195313,80.229057312,27407,27417,10
12.8318395615,80.2291870117,27417,27428,11
12.831580162,80.2290267944,27428,27438,10
12.8315296173,80.2287826538,27438,27448,10
12.8315200806,80.2285995483,27448,27458,10
12.8314199448,80.228012085,27458,27468,10
12.8312397003,80.2271728516,27468,27478,10
12.8310604095,80.2260818481,27478,27488,10
12.8310604095,80.224937439,27488,27498,10
12.8310604095,80.2245407104,27498,27509,11
12.8310804367,80.2238693237,27509,27519,10
12.8310804367,80.2228469849,27519,27529,10
12.8310699463,80.2222518921,27529,27539,10
12.8310804367,80.2218780518,27539,27549,10
12.8311195374,80.2211608887,27549,27559,10
12.8311395645,80.2202911377,27559,27569,10
12.8311300278,80.2197799683,27569,27579,10
12.8309297562,80.2194595337,27579,27590,11
12.830160141,80.2194595337,27590,27600,10
12.8292999268,80.2194595337,27600,27610,10
12.8284301758,80.2194671631,27610,27620,10
12.8276996613,80.2194900513,27620,27640,20
12.8276996613,80.2194900513,27640,27650,10
12.827460289,80.2194595337,27650,27660,10
12.8269195557,80.2194595337,27660,27671,11
12.8262195587,80.2194595337,27671,27681,10
12.825920105,80.2194595337,27681,27691,10
12.8255996704,80.2194366455,27691,27701,10
12.8251399994,80.2194213867,27701,27711,10
12.8243398666,80.2194137573,27711,27721,10
12.8236398697,80.2194137573,27721,27731,10
12.822930336,80.2194137573,27731,27741,10
12.8227596283,80.2193832397,27741,27752,11
12.822640419,80.2190704346,27752,27762,10
12.8226604462,80.2186279297,27762,27772,10
12.8226804733,80.2179336548,27772,27782,10
12.8227100372,80.2163772583,27782,27792,10
12.8227100372,80.2163772583,27792,27802,10
12.8228502274,80.2159500122,27802,27812,10
12.8231296539,80.2159805298,27812,27822,10
12.8236398697,80.2159881592,27822,27833,11
12.824259758,80.2160110474,27833,27843,10
12.8249397278,80.2160186768,27843,28460,617
12.8249397278,80.2160186768,28460,28470,10
12.8251199722,80.2160797119,28470,28480,10
12.8254003525,80.2160797119,28480,28491,11
12.8257398605,80.2160797119,28491,28501,10
12.8258895874,80.2161483765,28501,28511,10
12.8259296417,80.2164230347,28511,28521,10
12.8259096146,80.2169189453,28521,28531,10
12.825920105,80.2175064087,28531,28541,10
12.8259096146,80.218132019,28541,28551,10
12.8259000778,80.2188186646,28551,28561,10
12.8259000778,80.2192764282,28561,28572,11
12.8260803223,80.2194137573,28572,28582,10
12.8265895844,80.2194137573,28582,28592,10
12.8271999359,80.2194213867,28592,28602,10
12.827460289,80.2194366455,28602,28612,10
12.8277797699,80.2194213867,28612,28622,10
12.8282299042,80.2194213867,28622,28632,10
12.8290700912,80.2194213867,28632,28642,10
12.8300199509,80.2194366455,28642,28653,11
12.8308401108,80.2194290161,28653,28663,10
12.8311395645,80.2195281982,28663,28673,10
12.8312196732,80.2200698853,28673,28683,10
12.8311901093,80.2206192017,28683,28693,10
12.8311500549,80.2213973999,28693,28703,10
12.8311395645,80.222038269,28703,28713,10
12.8311300278,80.2224578857,28713,28724,11
12.8311300278,80.2232589722,28724,28734,10
12.8311300278,80.2241592407,28734,28744,10
12.8311300278,80.2246627808,28744,28754,10
12.8311300278,80.2251586914,28754,28764,10
12.8311395645,80.2258605957,28764,28773,9
12.8312101364,80.2266998291,28773,28784,11
12.8314304352,80.2276611328,28784,28794,10
12.831609726,80.2284622192,28794,28805,11
12.8317203522,80.2290420532,28805,28815,10
12.8319997787,80.2291107178,28815,28825,10
12.8326597214,80.2289810181,28825,28835,10
12.8335504532,80.2288208008,28835,28845,10
12.8345298767,80.2286376953,28845,28855,10
12.8354701996,80.2285079956,28855,28865,10
12.8364295959,80.2283477783,28865,28875,10
12.8374204636,80.2282028198,28875,28885,10
12.8383998871,80.228012085,28885,28896,11
12.8390798569,80.2278137207,28896,28906,10
12.8394098282,80.2276611328,28906,28916,10
12.8397102356,80.2275772095,28916,28926,10
12.8401002884,80.2275238037,28926,28936,10
12.8407001495,80.2273864746,28936,28946,10
12.841509819,80.227180481,28946,28956,10
12.8424596786,80.2269592285,28956,28966,10
12.8433504105,80.2267990112,28966,28977,11
12.8443803787,80.2266616821,28977,28987,10
12.845459938,80.2265625,28987,29007,20
12.845459938,80.2265625,29007,29017,10
12.8457803726,80.2265625,29017,29037,20
12.8457803726,80.2265625,29037,29047,10
12.8460102081,80.2265701294,29047,29058,11
12.8466396332,80.2265701294,29058,29068,10
12.8476200104,80.2265701294,29068,29078,10
12.8486700058,80.2265777588,29078,29088,10
12.8498497009,80.2265777588,29088,29098,10
12.851099968,80.2266082764,29098,29108,10
12.852399826,80.2266616821,29108,29118,10
12.8537597656,80.2266387939,29118,29128,10
12.8551101685,80.2264862061,29128,29139,11
12.8566102982,80.2263183594,29139,29149,10
12.8579797745,80.2261962891,29149,29159,10
12.8591499329,80.2262802124,29159,29169,10
12.8603801727,80.2264480591,29169,29179,10
12.8608398438,80.2265014648,29179,29189,10
12.8608703613,80.2265167236,29189,29199,10
12.8613100052,80.2265472412,29199,29209,10
12.8620796204,80.2265319824,29209,29220,11
12.8631496429,80.2264785767,29220,29230,10
12.8643398285,80.2265167236,29230,29239,9
12.8655195236,80.2265625,29239,29250,11
12.8670196533,80.2264709473,29250,29260,10
12.8683795929,80.2263565063,29260,29270,10
12.8697595596,80.2264785767,29270,29280,10
12.8711500168,80.2266082764,29280,29290,10
12.8723402023,80.2266311646,29290,29301,11
12.8727903366,80.2266311646,29301,29311,10
12.8729200363,80.2266387939,29311,29321,10
12.873459816,80.2266769409,29321,29331,10
12.8742704391,80.2267608643,29331,29341,10
12.8753004074,80.226890564,29341,29351,10
12.8769302368,80.2268676758,29351,29371,20
12.8769302368,80.2268676758,29371,29382,11
12.8770103455,80.2268600464,29382,29392,10
12.877579689,80.2268218994,29392,29402,10
12.8783798218,80.2267532349,29402,29412,10
12.8794002533,80.2267227173,29412,29422,10
12.8805999756,80.2266998291,29422,29432,10
12.8818397522,80.2266998291,29432,29442,10
12.8830604553,80.2266769409,29442,29452,10
12.8842096329,80.2266693115,29452,29463,11
12.8850898743,80.2266464233,29463,29473,10
12.8852796555,80.2266693115,29473,29483,10
12.885310173,80.2266616821,29483,29493,10
12.8856801987,80.2267379761,29493,29503,10
12.8863697052,80.2269210815,29503,29513,10
12.887260437,80.2271499634,29513,29523,10
12.8883199692,80.2272872925,29523,29533,10
12.8894796371,80.2273330688,29533,29543,10
12.8907299042,80.2273330688,29543,29554,11
12.8920297623,80.2273330688,29554,29564,10
12.8929395676,80.2274169922,29564,29574,10
12.8938503265,80.2275390625,29574,29584,10
12.8948402405,80.2276077271,29584,29594,10
12.8958597183,80.2276382446,29594,29604,10
12.8967695236,80.2276763916,29604,29614,10
12.8976602554,80.227722168,29614,29624,10
12.8986597061,80.2277832031,29624,29635,11
12.8998203278,80.2278137207,29635,29645,10
12.9007301331,80.2278366089,29645,29655,10
12.901260376,80.2279205322,29655,29665,10
12.9016895294,80.2279129028,29665,29675,10
12.9019498825,80.2279281616,29675,29685,10
12.9020996094,80.2279281616,29685,29695,10
12.9027099609,80.2279815674,29695,29716,21
12.9027099609,80.2279815674,29716,29726,10
12.9027795792,80.2279663086,29726,29736,10
12.9032201767,80.2279586792,29736,29746,10
12.9038801193,80.2280502319,29746,29756,10
12.9043197632,80.2280807495,29756,29766,10
12.90487957,80.2281112671,29766,29776,10
12.9056301117,80.2281723022,29776,29786,10
12.9060297012,80.2281799316,29786,29837,51
12.9060297012,80.2281799316,29837,29847,10
12.9062404633,80.2281799316,29847,29857,10
12.9064598083,80.228187561,29857,29867,10
12.9067802429,80.2282409668,29867,29878,11
12.907500267,80.2283325195,29878,29888,10
12.9084300995,80.228477478,29888,29898,10
12.9095897675,80.2286682129,29898,29908,10
12.9108600616,80.2288665771,29908,29918,10
12.9121398926,80.229057312,29918,29928,10
12.9133396149,80.2291870117,29928,29938,10
12.9139995575,80.2292709351,29938,29948,10
12.9140300751,80.2292785645,29948,29959,11
12.9143896103,80.2293395996,29959,29969,10
12.9150600433,80.2294311523,29969,29979,10
12.9159603119,80.2295608521,29979,29989,10
12.9169998169,80.2297134399,29989,29999,10
12.9177999496,80.2298431396,29999,30009,10
12.9187002182,80.2299575806,30009,30019,10
12.9197902679,80.2301025391,30019,30029,10
12.9209899902,80.2302474976,30029,30040,11
12.9223499298,80.2304382324,30040,30050,10
12.9235200882,80.2306289673,30050,30060,10
12.9247503281,80.2307815552,30060,30070,10
12.9258403778,80.2308807373,30070,30080,10
12.9262399673,80.2309188843,30080,30090,10
12.9262695313,80.2309265137,30090,30100,10
12.9265604019,80.2309799194,30100,30110,10
12.9271602631,80.231048584,30110,30121,11
12.9280700684,80.2311630249,30121,30131,10
12.9287900925,80.231262207,30131,30141,10
12.9288396835,80.2312698364,30141,30151,10
12.928899765,80.2312774658,30151,30161,10
12.9293498993,80.2313919067,30161,30171,10
12.9300403595,80.2315216064,30171,30181,10
12.9308996201,80.2317581177,30181,30191,10
12.9319400787,80.2321166992,30191,30202,11
12.9330701828,80.2324981689,30202,30212,10
12.9337396622,80.2327804565,30212,30222,10
12.9337501526,80.2327880859,30222,30232,10
12.934129715,80.2329788208,30232,30242,10
12.9347696304,80.2332611084,30242,30252,10
12.9355201721,80.2336120605,30252,30262,10
12.9359703064,80.2338180542,30262,30272,10
12.93653965,80.2340927124,30272,30283,11
12.9373703003,80.2344894409,30283,30293,10
12.9383401871,80.2349700928,30293,30303,10
12.9393396378,80.2354736328,30303,30313,10
12.9397802353,80.2356796265,30313,30323,10
12.9397802353,80.2356872559,30323,30333,10
12.9399299622,80.235786438,30333,30343,10
12.9405097961,80.2359771729,30343,30353,10
12.941280365,80.2361602783,30353,30364,11
12.9423303604,80.2364273071,30364,30374,10
12.9432401657,80.236907959,30374,30384,10
12.9439401627,80.237663269,30384,30394,10
12.9447603226,80.2385635376,30394,30404,10
12.9457302094,80.2393798828,30404,30414,10
12.9471797943,80.2399368286,30414,30434,20
12.9471797943,80.2399368286,30434,30445,11
12.9477996826,80.240196228,30445,30556,111
12.9477996826,80.240196228,30556,30566,10
12.9480304718,80.2403030396,30566,30576,10
12.9485502243,80.2405090332,30576,30586,10
12.9492197037,80.2407836914,30586,30596,10
12.9498596191,80.2410202026,30596,30606,10
12.9505996704,80.2412261963,30606,30617,11
12.9510498047,80.2413330078,30617,30627,10
12.9510602951,80.2413330078,30627,30637,10
12.9512395859,80.2414321899,30637,30647,10
12.951379776,80.2414779663,30647,30657,10
12.951789856,80.2416305542,30657,30667,10
12.9524698257,80.2418670654,30667,30677,10
12.9531698227,80.242149353,30677,30688,11
12.9536800385,80.2423629761,30688,30698,10
12.9540395737,80.2425308228,30698,30708,10
12.9546203613,80.2427597046,30708,30718,10
12.9551200867,80.2429199219,30718,30728,10
12.9561395645,80.2432785034,30728,30748,20
12.9561395645,80.2432785034,30748,30758,10
12.9562501907,80.2433166504,30758,30768,10
12.9562997818,80.2433395386,30768,30779,11
12.9564599991,80.2434234619,30779,30789,10
12.9569597244,80.243637085,30789,30799,10
12.9576396942,80.2439498901,30799,30809,10
12.9583301544,80.2442398071,30809,30819,10
12.9587697983,80.2444229126,30819,30829,10
12.9587802887,80.244430542,30829,30839,10
12.9589595795,80.2445068359,30839,30849,10
12.9594602585,80.2447433472,30849,30860,11
12.9600801468,80.245010376,30860,30870,10
12.9608697891,80.2453689575,30870,30880,10
12.961810112,80.2458267212,30880,30890,10
12.9627103806,80.2462768555,30890,30900,10
12.9631299973,80.2464828491,30900,30910,10
12.963139534,80.2464828491,30910,30920,10
12.9633302689,80.24659729,30920,30930,10
12.9636802673,80.2467880249,30930,30941,11
12.9643096924,80.2470397949,30941,30951,10
12.9650602341,80.2473068237,30951,30961,10
12.9659404755,80.2476196289,30961,30971,10
12.966629982,80.2479019165,30971,30981,10
12.9670295715,80.2480621338,30981,30991,10
12.9671497345,80.2481536865,30991,31001,10
12.9676599503,80.2483901978,31001,31011,10
12.9684000015,80.2487106323,31011,31022,11
12.9694499969,80.2491378784,31022,31032,10
12.9705600739,80.2495803833,31032,31042,10
12.9717798233,80.2499237061,31042,31052,10
12.9730195999,80.2502365112,31052,31062,10
12.9742603302,80.2505722046,31062,31072,10
12.9755401611,80.2509307861,31072,31082,10
12.9767599106,80.2512664795,31082,31092,10
12.9777202606,80.2517471313,31092,31103,11
12.9784803391,80.2523193359,31103,31113,10
12.9785804749,80.2523803711,31113,31123,10
12.9786100388,80.2524032593,31123,31133,10
12.9788703918,80.252532959,31133,31143,10
12.9794397354,80.2525863647,31143,31173,30
12.9794397354,80.2525863647,31173,31184,11
12.9797000885,80.2526397705,31184,31194,10
12.9800395966,80.2526626587,31194,31204,10
12.9806404114,80.2526626587,31204,31214,10
12.9814596176,80.2526168823,31214,31224,10
12.9824695587,80.252571106,31224,31234,10
12.9836502075,80.2524185181,31234,31386,152
12.9836502075,80.2524185181,31386,31396,10
12.9838895798,80.2522964478,31396,31406,10
12.984459877,80.252166748,31406,31416,10
12.9852399826,80.2519607544,31416,31427,11
12.9858999252,80.2517776489,31427,31437,10
12.9862499237,80.2516784668,31437,31589,152
12.9862499237,80.2516784668,31589,31599,10
12.9864301682,80.2516479492,31599,31609,10
12.9868202209,80.2515563965,31609,31619,10
12.9872999191,80.2514190674,31619,31629,10
12.9876804352,80.2513198853,31629,31639,10
12.988240242,80.2511901855,31639,31649,10
12.9891195297,80.2509918213,31649,31659,10
12.9896097183,80.2508468628,31659,31669,10
12.9897203445,80.2508163452,31669,31680,11
12.9902801514,80.2506866455,31680,31690,10
12.991060257,80.2505111694,31690,31700,10
12.9920101166,80.2502822876,31700,31710,10
12.9931402206,80.2500076294,31710,31720,10
12.9943304062,80.2497024536,31720,31730,10
12.9955701828,80.249382019,31730,31740,10
12.9966201782,80.2490463257,31740,31750,10
12.9968500137,80.2489776611,31750,31761,11
12.9970903397,80.2489395142,31761,31771,10
12.9976902008,80.2488021851,31771,31781,10
12.9986000061,80.2485809326,31781,31791,10
12.9996500015,80.2483291626,31791,31801,10
13.0008201599,80.248046875,31801,31811,10
13.0020103455,80.247756958,31811,31821,10
13.0031604767,80.2475280762,31821,31831,10
13.0043401718,80.2473602295,31831,31842,11
13.0055904388,80.2471466064,31842,31852,10
13.0063695908,80.2467575073,31852,31862,10
13.0065498352,80.2463912964,31862,31872,10
13.0065898895,80.2462692261,31872,31882,10
13.0066299438,80.2457962036,31882,31892,10
13.0066299438,80.2452163696,31892,31902,10
13.0066299438,80.2448425293,31902,31912,10
13.0066604614,80.2444992065,31912,31923,11
13.0066604614,80.244102478,31923,31933,10
13.0066604614,80.243637085,31933,31943,10
13.0066099167,80.2431411743,31943,31953,10
13.0066099167,80.242477417,31953,31963,10
13.0066099167,80.2415237427,31963,31973,10
13.0066699982,80.2407836914,31973,31983,10
13.0068397522,80.2402191162,31983,31993,10
13.0070199966,80.2395095825,31993,32004,11
13.0071697235,80.2384109497,32004,32014,10
13.0073003769,80.2376937866,32014,32024,10
13.0074100494,80.2370681763,32024,32034,10
13.0074396133,80.2368011475,32034,32044,10
13.0074796677,80.2367477417,32044,32054,10
13.0075597763,80.2364120483,32054,32064,10
13.0076599121,80.2358322144,32064,32074,10
13.0077896118,80.2351074219,32074,32085,11
13.0080003738,80.2341918945,32085,32095,10
13.0081996918,80.2332229614,32095,32105,10
13.0084104538,80.2321395874,32105,32115,10
13.0086202621,80.2310180664,32115,32125,10
13.0088596344,80.2298736572,32125,32135,10
13.0090799332,80.2288208008,32135,32145,10
13.0093402863,80.2278671265,32145,32155,10
13.0098400116,80.2267608643,32155,32166,11
13.0103597641,80.2257766724,32166,32176,10
13.0106201172,80.2252807617,32176,32186,10
13.0106601715,80.2251586914,32186,32196,10
13.0108203888,80.2247390747,32196,32206,10
13.0111103058,80.2241287231,32206,32216,10
13.0113401413,80.2235565186,32216,32236,20
13.0113401413,80.2235565186,32236,32247,11
13.0113897324,80.2232666016,32247,32257,10
13.0115604401,80.2229537964,32257,32267,10
13.0117702484,80.2223205566,32267,32277,10
13.0120401382,80.2217102051,32277,32287,10
13.0122900009,80.2214584351,32287,32297,10
13.0123796463,80.2215270996,32297,32307,10
13.0126199722,80.2218780518,32307,32317,10
13.0129203796,80.222328186,32317,32328,11
13.0134897232,80.2228775024,32328,32338,10
13.0139799118,80.2234115601,32338,32348,10
13.0142698288,80.2238998413,32348,32358,10
13.014749527,80.2243804932,32358,32368,10
13.0153102875,80.2249069214,32368,32398,30
13.0153102875,80.2249069214,32398,32409,11
13.0156002045,80.2250976563,32409,32419,10
13.0159902573,80.2253570557,32419,32429,10
13.0166301727,80.2253112793,32429,32439,10
13.0174503326,80.2249984741,32439,32449,10
13.0183200836,80.224647522,32449,32459,10
13.0195798874,80.2243804932,32459,32490,31
13.0195798874,80.2243804932,32490,32500,10
13.0197401047,80.2246398926,32500,32510,10
13.0200796127,80.224861145,32510,32520,10
13.0204496384,80.2251205444,32520,32530,10
13.0207700729,80.2253494263,32530,32540,10
13.0211400986,80.2256393433,32540,32550,10
13.0214300156,80.2258605957,32550,32560,10
13.0217103958,80.2260513306,32560,32570,10
13.0222101212,80.2263870239,32570,33249,679
13.0222101212,80.2263870239,33249,33259,10
13.0225200653,80.2266998291,33259,33269,10
13.0228595734,80.2270202637,33269,33279,10
13.0232000351,80.2273635864,33279,33310,31
13.0232000351,80.2273635864,33310,33320,10
13.0233802795,80.2275466919,33320,33330,10
13.0235996246,80.2277374268,33330,33340,10
13.0238199234,80.227897644,33340,33350,10
13.0240802765,80.2281494141,33350,33360,10
13.0243797302,80.2285232544,33360,33380,20
13.0243797302,80.2285232544,33380,33391,11
13.0244197845,80.2285995483,33391,33401,10
13.0244102478,80.2286224365,33401,33411,10
13.0242004395,80.2285308838,33411,33421,10
13.0240602493,80.2283401489,33421,33431,10
13.0240001678,80.2282333374,33431,33441,10
13.0237903595,80.2279586792,33441,33451,10
13.0235004425,80.2276611328,33451,33482,31
13.0235004425,80.2276611328,33482,33492,10
13.0231103897,80.2272796631,33492,33512,20
13.0231103897,80.2272796631,33512,33522,10
13.0229797363,80.2270889282,33522,33532,10
13.0227804184,80.2268829346,33532,33542,10
13.0224895477,80.2265777588,33542,33553,11
13.0221004486,80.2262573242,33553,33563,10
13.0217895508,80.2260437012,33563,33573,10
13.0213403702,80.2256393433,33573,33583,10
13.0207796097,80.2252502441,33583,33593,10
13.0200500488,80.2247314453,33593,33613,20
13.0200500488,80.2247314453,33613,33623,10
13.0198602676,80.2246170044,33623,33634,11
13.0192899704,80.2244491577,33634,33644,10
13.0185403824,80.2245788574,33644,33654,10
13.017660141,80.224937439,33654,33664,10
13.0167303085,80.2253265381,33664,33674,10
13.0160398483,80.2256011963,33674,33684,10
13.0153198242,80.2258529663,33684,33694,10
13.0147304535,80.2260894775,33694,33704,10
13.0143899918,80.2262115479,33704,33715,11
13.0143203735,80.2261581421,33715,33725,10
13.0139102936,80.2263412476,33725,33735,10
13.0132904053,80.2266082764,33735,33745,10
13.0125598907,80.2268829346,33745,33755,10
13.0117797852,80.2271881104,33755,33765,10
13.0109300613,80.2275314331,33765,33775,10
13.0100402832,80.2279129028,33775,33785,10
13.0092401505,80.2283706665,33785,33796,11
13.0089998245,80.229347229,33796,33806,10
13.0088300705,80.2302093506,33806,33816,10
13.0086698532,80.2312927246,33816,33846,30
13.0086698532,80.2312927246,33846,33856,10
13.0085201263,80.2317886353,33856,33887,31
13.0085201263,80.2317886353,33887,33897,10
13.0084495544,80.2322463989,33897,33907,10
13.0084104538,80.2324905396,33907,33917,10
13.0083904266,80.2326889038,33917,33927,10
13.0083799362,80.2327270508,33927,33937,10
13.0083303452,80.2329864502,33937,33947,10
13.0082902908,80.2333068848,33947,33958,11
13.0082597733,80.2335205078,33958,33968,10
13.0082197189,80.2336578369,33968,33978,10
13.0081501007,80.2338027954,33978,33988,10
13.0080900192,80.23412323,33988,33998,10
13.0080099106,80.2345962524,33998,34008,10
13.0078802109,80.2352371216,34008,34018,10
13.0077896118,80.2356491089,34018,34028,10
13.0076904297,80.2361831665,34028,34039,11
13.0076198578,80.2366027832,34039,34049,10
13.007519722,80.237159729,34049,34059,10
13.0074300766,80.2375335693,34059,34069,10
13.0074100494,80.2376403809,34069,34079,10
13.0073404312,80.2378616333,34079,34089,10
13.0073003769,80.2381591797,34089,34150,61
13.0073003769,80.2381591797,34150,34160,10
13.0071401596,80.2384567261,34160,34170,10
13.0071296692,80.2388687134,34170,34180,10
13.007060051,80.2393188477,34180,34231,51
13.007060051,80.2396316528,34231,34261,30
13.007060051,80.2396316528,34261,34271,10
13.0068998337,80.2400894165,34271,34281,10
13.0068397522,80.2405929565,34281,34292,11
13.0068397522,80.2406082153,34292,34302,10
13.0067796707,80.2410202026,34302,34332,30
13.0067796707,80.2410202026,34332,34342,10
13.0067996979,80.2412033081,34342,34352,10
13.0067796707,80.2414016724,34352,34362,10
13.006770134,80.241569519,34362,34373,11
13.006770134,80.2417221069,34373,34383,10
13.0067501068,80.2420425415,34383,34413,30
13.0067501068,80.2420425415,34413,34423,10
13.0067396164,80.2423934937,34423,34433,10
13.0067396164,80.2426300049,34433,34443,10
13.0067195892,80.2429885864,34443,34494,51
13.0067195892,80.2434005737,34494,34545,51
13.0067195892,80.2434005737,34545,34555,10
13.0066900253,80.2438735962,34555,34565,10
13.0066699982,80.2444381714,34565,34575,10
13.0066604614,80.2450714111,34575,34585,10
13.0066900253,80.2456436157,34585,34595,10
13.0067195892,80.2460708618,34595,34605,10
13.0067195892,80.2462615967,34605,34616,11
13.0067195892,80.2464675903,34616,34626,10
13.0067501068,80.2467575073,34626,34636,10
13.0067596436,80.2471237183,34636,34646,10
13.0067596436,80.2471389771,34646,34656,10
13.0067396164,80.2472229004,34656,34666,10
13.0065603256,80.2474212646,34666,34676,10
13.0062198639,80.2474212646,34676,34686,10
13.0061302185,80.2473983765,34686,34697,11
13.005979538,80.2473602295,34697,34707,10
13.0054998398,80.2473220825,34707,34717,10
13.0048503876,80.2473526001,34717,34727,10
13.0040197372,80.247467041,34727,34737,10
13.0030403137,80.2476272583,34737,34747,10
13.0020503998,80.2478408813,34747,34757,10
13.0010700226,80.2480773926,34757,34767,10
12.9999799728,80.248336792,34767,34778,11
12.9987001419,80.2486572266,34778,34788,10
12.9981203079,80.2488632202,34788,34798,10
12.9980897903,80.2488632202,34798,34808,10
12.9976997375,80.2489471436,34808,34818,10
12.9970197678,80.2490921021,34818,34828,10
12.9961204529,80.2492904663,34828,34838,10
12.9950399399,80.2495269775,34838,34848,10
12.9939002991,80.2498626709,34848,34858,10
12.9926996231,80.2501525879,34858,34869,11
12.9909801483,80.250617981,34869,34889,20
12.9908800125,80.2506484985,34889,35101,212
12.9908800125,80.2506484985,35101,35112,11
12.9908103943,80.2506866455,35112,35122,10
12.9904603958,80.2507400513,35122,35132,10
12.9897899628,80.2509002686,35132,35142,10
12.9891901016,80.2510604858,35142,35233,91
12.9888896942,80.251121521,35233,35587,354
12.9888896942,80.251121521,35587,35597,10
12.9885797501,80.2512283325,35597,35608,11
12.9881801605,80.2513504028,35608,35618,10
12.987830162,80.2514038086,35618,35628,10
12.9873504639,80.2515182495,35628,35638,10
12.9869203568,80.2516403198,35638,35648,10
12.9863195419,80.2518005371,35648,35658,10
12.9855804443,80.2519836426,35658,35667,9
12.984749794,80.2522125244,35667,35678,11
12.9835500717,80.2525177002,35678,35689,11
12.9822397232,80.2526473999,35689,35699,10
12.9811296463,80.2526779175,35699,35709,10
12.980389595,80.2527618408,35709,35719,10
12.9799203873,80.2527618408,35719,35729,10
12.9794301987,80.2526779175,35729,35739,10
12.9789896011,80.2526168823,35739,35749,10
12.978890419,80.2526016235,35749,35759,10
12.9787397385,80.2525482178,35759,35770,11
12.9786100388,80.2524871826,35770,35780,10
12.9781799316,80.2521972656,35780,35790,10
12.9775495529,80.2516479492,35790,35800,10
12.9765796661,80.2511901855,35800,35810,10
12.9754800797,80.2508773804,35810,35820,10
12.9743995667,80.2505874634,35820,35830,10
12.9733800888,80.2502975464,35830,35840,10
12.972240448,80.2500076294,35840,35851,11
12.9709997177,80.2496795654,35851,35861,10
12.9699897766,80.2493133545,35861,35871,10
12.9689798355,80.2488937378,35871,35881,10
12.9679498672,80.2484817505,35881,35891,10
12.9670600891,80.2481002808,35891,35901,10
12.9665203094,80.2478790283,35901,35921,20
12.9664001465,80.2478027344,35921,35972,51
12.9664001465,80.2478027344,35972,35982,10
12.966170311,80.2476806641,35982,35992,10
12.965880394,80.2475814819,35992,36002,10
12.9655799866,80.2474594116,36002,36023,21
12.9655799866,80.2474594116,36023,36033,10
12.9654102325,80.2474212646,36033,36063,30
12.9651098251,80.2473831177,36063,36215,152
12.9651098251,80.2473831177,36215,36225,10
12.9647598267,80.2472229004,36225,36326,101
12.9647598267,80.2472229004,36326,36336,10
12.9645299911,80.2471008301,36336,36347,11
12.9643802643,80.2470321655,36347,36357,10
12.9643001556,80.2470016479,36357,36367,10
12.9641304016,80.2469482422,36367,36377,10
12.9638395309,80.2468566895,36377,36387,10
12.9632997513,80.2465362549,36387,36397,10
12.9624996185,80.2461471558,36397,36407,10
12.9614896774,80.2456817627,36407,36417,10
12.9604301453,80.2451934814,36417,36428,11
12.9595899582,80.2448120117,36428,36438,10
12.959280014,80.2446975708,36438,36448,10
12.9591598511,80.2446289063,36448,36458,10
12.9586801529,80.2444000244,36458,36468,10
12.9580001831,80.2441711426,36468,36478,10
12.9572296143,80.2437973022,36478,36488,10
12.956580162,80.243522644,36488,36529,41
12.956580162,80.243522644,36529,36539,10
12.9561700821,80.2433624268,36539,36549,10
12.955499649,80.2431030273,36549,36559,10
12.9546499252,80.2427597046,36559,36569,10
12.9537200928,80.2423706055,36569,36579,10
12.9527196884,80.2419662476,36579,36590,11
12.9518299103,80.2416687012,36590,36600,10
12.9516601563,80.2415771484,36600,36610,10
12.9511604309,80.2413787842,36610,36620,10
12.9504699707,80.2411499023,36620,36630,10
12.9497098923,80.2409362793,36630,36681,51
12.9497098923,80.2409362793,36681,36691,10
12.9494800568,80.2408294678,36691,36701,10
12.9490203857,80.2406997681,36701,36711,10
12.9483499527,80.240447998,36711,36721,10
12.9476203918,80.2401733398,36721,36731,10
12.9474697113,80.2400970459,36731,36741,10
12.9473800659,80.2400436401,36741,36751,10
12.9469995499,80.2398910522,36751,36762,11
12.9463701248,80.2396316528,36762,36772,10
12.9456701279,80.2393188477,36772,36782,10
12.9449501038,80.2387695313,36782,36792,10
12.944270134,80.2380371094,36792,36802,10
12.9436197281,80.2373199463,36802,36812,10
12.9428396225,80.2366409302,36812,36822,10
12.9417200089,80.2362213135,36822,36832,10
12.9406604767,80.2359771729,36832,36843,11
12.9400396347,80.2358093262,36843,36853,10
12.940030098,80.2358016968,36853,36863,10
12.9396896362,80.2356567383,36863,36873,10
12.9390802383,80.2353820801,36873,36883,10
12.9383497238,80.234992981,36883,36893,10
12.9375400543,80.2346115112,36893,36903,10
12.9366502762,80.2341918945,36903,36913,10
12.9357595444,80.2337799072,36913,36924,11
12.9346904755,80.233291626,36924,36934,10
12.9341001511,80.2330474854,36934,36954,20
12.9341001511,80.2330474854,36954,36964,10
12.9338998795,80.2329483032,36964,36974,10
12.9337100983,80.2328414917,36974,36984,10
12.9331903458,80.2325897217,36984,36994,10
12.9324998856,80.2323303223,36994,37005,11
12.9316501617,80.2320404053,37005,37015,10
12.930680275,80.2317123413,37015,37025,10
12.9297199249,80.2314376831,37025,37035,10
12.9291000366,80.2313537598,37035,37045,10
12.9284801483,80.2312164307,37045,37055,10
12.9276199341,80.2311019897,37055,37065,10
12.9265403748,80.23097229,37065,37075,10
12.9258899689,80.2309494019,37075,37086,11
12.9257698059,80.2309265137,37086,37096,10
12.9252796173,80.2308425903,37096,37106,10
12.9245595932,80.230758667,37106,37116,10
12.9236803055,80.2306518555,37116,37126,10
12.9225997925,80.2304992676,37126,37136,10
12.9214000702,80.2303237915,37136,37146,10
12.9200801849,80.2301483154,37146,37156,10
12.9188804626,80.2300033569,37156,37167,11
12.9177303314,80.229850769,37167,37177,10
12.9168596268,80.2297210693,37177,37187,10
12.9158201218,80.2295837402,37187,37197,10
12.9147195816,80.2294006348,37197,37207,10
12.9136295319,80.2292480469,37207,37217,10
12.9130001068,80.2292022705,37217,37227,10
12.9127902985,80.229133606,37227,37237,10
12.9121599197,80.2289962769,37237,37248,11
12.9111995697,80.2288818359,37248,37258,10
12.9101400375,80.2287368774,37258,37268,10
12.909040451,80.2285690308,37268,37278,10
12.9079904556,80.2284011841,37278,37288,10
12.9068498611,80.2282714844,37288,37430,142
12.9068498611,80.2282714844,37430,37440,10
12.9066801071,80.2282485962,37440,37450,10
12.9061403275,80.2281723022,37450,37460,10
12.9053401947,80.2281112671,37460,37470,10
12.904419899,80.2280883789,37470,37480,10
12.9033298492,80.2280197144,37480,37490,10
12.9020004272,80.2279891968,37490,37571,81
12.9020004272,80.2279891968,37571,37582,11
12.9018001556,80.2279891968,37582,37592,10
12.9014596939,80.2279510498,37592,37602,10
12.9011001587,80.2279586792,37602,37612,10
12.9006500244,80.227897644,37612,37622,10
12.9001998901,80.2278823853,37622,37632,10
12.8997402191,80.2278594971,37632,37642,10
12.8993501663,80.2278366089,37642,37652,10
12.8988304138,80.2278594971,37652,37663,11
12.898639679,80.2278366089,37663,37673,10
12.8984498978,80.2277908325,37673,37683,10
12.8979196548,80.2277603149,37683,37693,10
12.897190094,80.227722168,37693,37703,10
12.8962898254,80.2276992798,37703,37713,10
12.8942098618,80.2276306152,37713,37723,10
12.8942098618,80.2276306152,37723,37733,10
12.8933801651,80.2275695801,37733,37744,11
12.892999649,80.2274932861,37744,37754,10
12.8926401138,80.2274475098,37754,37764,10
12.8924999237,80.227432251,37764,37774,10
12.8921499252,80.2273864746,37774,37786,12
12.8914604187,80.2273712158,37786,37796,10
12.8903598785,80.2273712158,37796,37806,10
12.8892402649,80.2273712158,37806,37816,10
12.8881196976,80.2273178101,37816,37827,11
12.8869400024,80.2271499634,37827,37837,10
12.8857297897,80.2268295288,37837,37846,9
12.8847904205,80.2267227173,37846,37857,11
12.8846302032,80.2267303467,37857,37867,10
12.8844003677,80.2267227173,37867,37877,10
12.8838100433,80.2267303467,37877,37887,10
12.883020401,80.2267303467,37887,37897,10
12.8820695877,80.2267379761,37897,37908,11
12.8808603287,80.2267379761,37908,37918,10
12.879650116,80.2267532349,37918,37928,10
12.8783798218,80.2267990112,37928,37938,10
12.8771600723,80.2269134521,37938,37948,10
12.8763198853,80.2269821167,37948,37958,10
12.8760995865,80.2270126343,37958,37968,10
12.8757400513,80.2269897461,37968,37978,10
12.8751001358,80.2269363403,37978,37989,11
12.8741798401,80.2268218994,37989,37999,10
12.8732204437,80.2267379761,37999,38009,10
12.8723802567,80.2267227173,38009,38019,10
12.8713197708,80.2266693115,38019,38029,10
12.8701295853,80.226600647,38029,38039,10
12.8689002991,80.2264404297,38039,38049,10
12.8676300049,80.2264404297,38049,38059,10
12.8663396835,80.2265625,38059,38070,11
12.8649196625,80.226600647,38070,38080,10
12.8636198044,80.2265396118,38080,38090,10
12.8622999191,80.2265625,38090,38100,10
12.8611402512,80.2265930176,38100,38110,10
12.8608198166,80.2265777588,38110,38120,10
12.8604898453,80.2265396118,38120,38130,10
12.8599004745,80.2264862061,38130,38140,10
12.85958004,80.2264404297,38140,38191,51
12.85958004,80.2264404297,38191,38201,10
12.8591804504,80.2263565063,38201,38211,10
12.8589696884,80.226348877,38211,38221,10
12.8586397171,80.2262802124,38221,38231,10
12.857919693,80.2262573242,38231,38242,11
12.8570604324,80.22631073,38242,38252,10
12.8561201096,80.2264099121,38252,38262,10
12.8550596237,80.2265167236,38262,38272,10
12.8538703918,80.2266387939,38272,38282,10
12.8525600433,80.2266769409,38282,38292,10
12.8512096405,80.2266235352,38292,38302,10
12.8502702713,80.226600647,38302,38312,10
12.8501596451,80.2266082764,38312,38323,11
12.8499403,80.226600647,38323,38333,10
12.849439621,80.2265930176,38333,38343,10
12.8486499786,80.2265777588,38343,38353,10
12.8475904465,80.2265701294,38353,38363,10
12.8464603424,80.2265930176,38363,38373,10
12.8460302353,80.226600647,38373,38383,10
12.8459100723,80.2265777588,38383,38393,10
12.8457603455,80.2265701294,38393,38404,11
12.8452796936,80.2266082764,38404,38414,10
12.8452196121,80.2266235352,38414,38424,10
12.8447399139,80.2266387939,38424,38434,10
12.8439702988,80.2266998291,38434,38444,10
12.8429603577,80.226852417,38444,38454,10
12.8417797089,80.2270584106,38454,38464,10
12.8406095505,80.2274017334,38464,38474,10
12.8397798538,80.2277297974,38474,38505,31
12.8397798538,80.2277297974,38505,38514,9
12.8393096924,80.2278366089,38514,38525,11
12.8385400772,80.2279968262,38525,38535,10
12.8376102448,80.228187561,38535,38545,10
12.8364801407,80.2283477783,38545,38555,10
12.8352203369,80.228553772,38555,38566,11
12.8337697983,80.2287979126,38566,38576,10
12.8324804306,80.2290420532,38576,38596,20
12.8324804306,80.2290420532,38596,38606,10
12.8324699402,80.2290420532,38606,38616,10
12.8320598602,80.2291183472,38616,38626,10
12.8318004608,80.2291793823,38626,38636,10
12.8313703537,80.2292785645,38636,38647,11
12.8304796219,80.229598999,38647,38657,10
12.8294000626,80.2300033569,38657,38667,10
12.8282899857,80.2305526733,38667,38677,10
12.8271799088,80.2311630249,38677,38687,10
12.8261899948,80.231338501,38687,38697,10
12.825220108,80.2313766479,38697,38707,10
12.8241796494,80.2312469482,38707,38717,10
12.8230695724,80.2309188843,38717,38728,11
12.8218002319,80.2305374146,38728,38738,10
12.8207197189,80.2304382324,38738,38748,10
12.8196201324,80.2304763794,38748,38758,10
12.818980217,80.2304916382,38758,38768,10
12.8187503815,80.2304229736,38768,38778,10
12.8181800842,80.230140686,38778,38788,10
12.8173599243,80.2297592163,38788,38798,10
12.816280365,80.2294616699,38798,38809,11
12.8149204254,80.2292633057,38809,38819,10
12.8137197495,80.229019165,38819,38829,10
12.8126001358,80.2286529541,38829,38839,10
12.81153965,80.2282562256,38839,38849,10
12.8105297089,80.2278671265,38849,38859,10
12.809630394,80.2274780273,38859,38869,10
12.8087701797,80.2269210815,38869,38879,10
12.8079595566,80.2262420654,38879,38889,10
12.8071699142,80.2255630493,38889,38900,11
12.8065795898,80.2250366211,38900,38910,10
12.8060102463,80.2245407104,38910,38920,10
12.805439949,80.2241210938,38920,38930,10
12.8049898148,80.2240066528,38930,38940,10
12.8049201965,80.223991394,38940,38950,10
12.8044595718,80.2239227295,38950,38960,10
12.8037996292,80.2238616943,38960,38970,10
12.8030595779,80.2238006592,38970,38981,11
12.8020801544,80.2236709595,38981,38991,10
12.8011798859,80.2236022949,38991,39001,10
12.8009595871,80.2235870361,39001,39011,10
12.8007802963,80.2235565186,39011,39021,10
12.8002099991,80.2235031128,39021,39031,10
12.7994403839,80.2234268188,39031,39041,10
12.7984800339,80.2233428955,39041,39051,10
12.797369957,80.2232208252,39051,39062,11
12.7962799072,80.2230072021,39062,39072,10
12.7958898544,80.2229614258,39072,39082,10
12.795800209,80.2229537964,39082,39092,10
12.7953100204,80.2228469849,39092,39102,10
12.7946100235,80.2227172852,39102,39112,10
12.7938499451,80.2226028442,39112,39122,10
12.793009758,80.2224731445,39122,39132,10
12.7920999527,80.2223129272,39132,39143,11
12.791179657,80.2220687866,39143,39153,10
12.7902498245,80.2218475342,39153,39163,10
12.7895202637,80.2216415405,39163,39173,10
12.7888097763,80.2213592529,39173,39183,10
12.7881698608,80.2210922241,39183,39193,10
12.7876501083,80.2208786011,39193,39203,10
12.786860466,80.2205886841,39203,39224,21
12.786860466,80.2205886841,39224,39234,10
12.7866697311,80.2204971313,39234,39244,10
12.7864398956,80.220413208,39244,39254,10
12.786239624,80.2203292847,39254,39274,20
12.786239624,80.2203292847,39274,39284,10
12.7861404419,80.220489502,39284,39294,10
12.7861499786,80.2208023071,39294,39305,11
12.7861795425,80.2211380005,39305,39315,10
12.7862195969,80.221572876,39315,39325,10
12.7862501144,80.2219161987,39325,39345,20
12.7862796783,80.2218399048,39345,40094,749
12.7862796783,80.2218399048,40094,40104,10
12.7861995697,80.2217407227,40104,40115,11
12.7862100601,80.2216110229,40115,40125,10
12.7861995697,80.2214431763,40125,40135,10
12.786190033,80.2212677002,40135,40145,10
12.7861700058,80.2209320068,40145,40155,10
12.7861700058,80.2205505371,40155,40196,41
12.7861700058,80.2205505371,40196,40206,10
12.7863302231,80.2203292847,40206,40216,10
12.7866096497,80.2204589844,40216,40226,10
12.786939621,80.2205810547,40226,40236,10
12.7872896194,80.2207107544,40236,40246,10
12.7878303528,80.2209091187,40246,40256,10
12.7884597778,80.2211608887,40256,40266,10
12.7891197205,80.2214202881,40266,40276,10
12.7895202637,80.2215576172,40276,40287,11
12.789730072,80.2216491699,40287,40297,10
12.7902498245,80.2218017578,40297,40307,10
12.7910404205,80.2220001221,40307,40317,10
12.7919301987,80.2222213745,40317,40327,10
12.7929496765,80.2224273682,40327,40337,10
12.794090271,80.2226028442,40337,40347,10
12.7951498032,80.2227630615,40347,40357,10
12.7961101532,80.2229003906,40357,40368,11
12.7963895798,80.2229385376,40368,40378,10
12.7965602875,80.2229766846,40378,40388,10
12.7971401215,80.2230911255,40388,40398,10
12.7979297638,80.2232131958,40398,40408,10
12.7988796234,80.2233276367,40408,40418,10
12.8000202179,80.2234420776,40418,40428,10
12.8010997772,80.2235412598,40428,40438,10
12.8016500473,80.2235717773,40438,40449,11
12.8021602631,80.2236328125,40449,40459,10
12.8028697968,80.2237472534,40459,40469,10
12.8036403656,80.2238311768,40469,40479,10
12.8044595718,80.2238998413,40479,40489,10
12.8049402237,80.2239379883,40489,40499,10
12.805150032,80.2239990234,40499,40509,10
12.8055000305,80.2240982056,40509,40519,10
12.8056201935,80.2241668701,40519,40530,11
12.8061103821,80.2245483398,40530,40540,10
12.8067598343,80.2251281738,40540,40550,10
12.807559967,80.2258300781,40550,40560,10
12.8084697723,80.226600647,40560,40570,10
12.8094501495,80.2273483276,40570,40580,10
12.8105697632,80.2278594971,40580,40590,10
12.8117303848,80.2283172607,40590,40600,10
12.8129301071,80.2287368774,40600,40611,11
12.8142700195,80.2291412354,40611,40621,10
12.8155298233,80.229347229,40621,40631,10
12.8168296814,80.2295532227,40631,40641,10
12.8179998398,80.2300109863,40641,40651,10
12.8189401627,80.2304077148,40651,40661,10
12.8197898865,80.2304534912,40661,40671,10
12.8207502365,80.2304382324,40671,40681,10
12.8218402863,80.2305297852,40681,40692,11
12.82310009,80.2308807373,40692,40702,10
12.8243303299,80.2312011719,40702,40712,10
12.8256196976,80.2313690186,40712,40722,10
12.8268404007,80.2312698364,40722,40732,10
12.8279104233,80.2308197021,40732,40742,10
12.828909874,80.2302474976,40742,40752,10
12.8299598694,80.2297973633,40752,40762,10
12.8307304382,80.2294998169,40762,40773,11
12.8308095932,80.2294616699,40773,40783,10
12.8308601379,80.2294387817,40783,40793,10
12.8309898376,80.2294235229,40793,40803,10
12.8313398361,80.2293167114,40803,40823,20
12.8313398361,80.2293167114,40823,40833,10
12.8315401077,80.2292861938,40833,40843,10
12.832110405,80.2291412354,40843,40854,11
12.8330202103,80.2289505005,40854,40864,10
12.8341302872,80.2287597656,40864,40874,10
12.8353700638,80.2285308838,40874,40884,10
12.8366804123,80.2283172607,40884,40894,10
12.8379402161,80.2281036377,40894,40904,10
12.8388299942,80.2278671265,40904,40914,10
12.8392801285,80.2276992798,40914,40934,20
12.8392801285,80.2276992798,40934,40945,11
12.8395204544,80.2276000977,40945,40955,10
12.8398599625,80.2275619507,40955,40965,10
12.840470314,80.2274475098,40965,40975,10
12.8413200378,80.2272262573,40975,40985,10
12.8423204422,80.2269821167,40985,40995,10
12.8433799744,80.2268295288,40995,41005,10
12.844420433,80.2266464233,41005,41015,10
12.8453998566,80.2265701294,41015,41046,31
12.8453998566,80.2265701294,41046,41056,10
12.8456802368,80.2265777588,41056,41066,10
12.8462200165,80.2265930176,41066,41076,10
12.8470897675,80.2265930176,41076,41086,10
12.8480300903,80.2265777588,41086,41096,10
12.849149704,80.2265777588,41096,41107,11
12.8503799438,80.2265701294,41107,41117,10
12.8513202667,80.2265930176,41117,41127,10
12.8523397446,80.2266464233,41127,41137,10
12.8535404205,80.2266464233,41137,41147,10
12.854809761,80.2265014648,41147,41157,10
12.8561296463,80.226348877,41157,41167,10
12.8575000763,80.2262191772,41167,41177,10
12.8582000732,80.2261734009,41177,41188,11
12.8586797714,80.2261962891,41188,41198,10
12.8595104218,80.2263183594,41198,41208,10
12.8605003357,80.2264633179,41208,41218,10
12.8608198166,80.2264785767,41218,41228,10
12.8610496521,80.2265014648,41228,41238,10
12.8616399765,80.2265396118,41238,41248,10
12.8625402451,80.2265014648,41248,41258,10
12.8636798859,80.2264862061,41258,41269,11
12.8650798798,80.2265472412,41269,41279,10
12.8663702011,80.2265167236,41279,41289,10
12.8677101135,80.2263717651,41289,41299,10
12.869099617,80.2263870239,41299,41309,10
12.8704204559,80.2265472412,41309,41319,10
12.8715896606,80.2266235352,41319,41329,10
12.8725700378,80.2266235352,41329,41339,10
12.8733997345,80.2266616821,41339,41350,11
12.87458992,80.2267913818,41350,41360,10
12.8756504059,80.2268981934,41360,41370,10
12.8764801025,80.2268981934,41370,41379,9
12.8768997192,80.226852417,41379,41390,11
12.877409935,80.2268066406,41390,41400,10
12.8782196045,80.2267608643,41400,41410,10
12.8793001175,80.2267227173,41410,41420,10
12.8805198669,80.2267074585,41420,41431,11
12.8819503784,80.2266998291,41431,41441,10
12.8832998276,80.2266921997,41441,41451,10
12.8845701218,80.2266616821,41451,41461,10
12.88560009,80.2267532349,41461,41471,10
12.8867301941,80.2270431519,41471,41481,10
12.8878803253,80.2272567749,41481,41491,10
12.8889398575,80.2273330688,41491,41501,10
12.8901195526,80.2273406982,41501,41512,11
12.8915395737,80.2273330688,41512,41522,10
12.8923597336,80.2273635864,41522,41532,10
12.8928203583,80.2274017334,41532,41542,10
12.8936195374,80.2275085449,41542,41552,10
12.8946399689,80.2276000977,41552,41562,10
12.8958101273,80.2276382446,41562,41572,10
12.8969602585,80.2276916504,41572,41582,10
12.8978796005,80.227722168,41582,41592,10
12.8985795975,80.2277603149,41592,41603,11
12.8994197845,80.2278213501,41603,41613,10
12.9003000259,80.2278213501,41613,41663,50
12.9003000259,80.2278213501,41663,41673,10
12.9004402161,80.2278213501,41673,41684,11
12.9007797241,80.2278671265,41684,41694,10
12.9010601044,80.2279205322,41694,41704,10
12.9013395309,80.2279434204,41704,41714,10
12.9017601013,80.2279586792,41714,41724,10
12.9023199081,80.2280197144,41724,41734,10
12.9027204514,80.2280197144,41734,41744,10
12.9029798508,80.2279815674,41744,41754,10
12.9031200409,80.2279586792,41754,41765,11
12.903670311,80.2280197144,41765,41775,10
12.9043102264,80.2280731201,41775,41785,10
12.9051504135,80.2281417847,41785,41795,10
12.9057502747,80.2281265259,41795,41825,30
12.9057502747,80.2281265259,41825,41835,10
12.9060401917,80.228187561,41835,41846,11
12.9063596725,80.2282409668,41846,41856,10
12.9067497253,80.2282562256,41856,41866,10
12.907409668,80.2283401489,41866,41876,10
12.9081201553,80.2284393311,41876,41886,10
12.9092998505,80.2286376953,41886,41896,10
12.9102897644,80.2288208008,41896,41906,10
12.9114303589,80.2289810181,41906,41916,10
12.9125900269,80.229133606,41916,41927,11
12.9138202667,80.229309082,41927,41937,10
12.9149303436,80.2294387817,41937,41947,10
12.9161100388,80.2296218872,41947,41957,10
12.9170398712,80.2297515869,41957,41967,10
12.9179296494,80.2298736572,41967,41977,10
12.9190397263,80.2300262451,41977,41987,10
12.9202804565,80.2301864624,41987,41997,10
12.9215803146,80.2303390503,41997,42008,11
12.9230499268,80.2305679321,42008,42018,10
12.9244098663,80.2307510376,42018,42028,10
12.9256801605,80.2309036255,42028,42038,10
12.9268302917,80.2310180664,42038,42048,10
12.9279203415,80.2311477661,42048,42058,10
12.9287099838,80.2312393188,42058,42068,10
12.9287796021,80.2312316895,42068,42078,10
12.9292001724,80.2313308716,42078,42089,11
12.9300003052,80.2315063477,42089,42099,10
12.9309597015,80.2317733765,42099,42109,10
12.9319801331,80.2321014404,42109,42119,10
12.9330396652,80.2324676514,42119,42129,10
12.9340200424,80.2329177856,42129,42139,10
12.9350795746,80.2333831787,42139,42149,10
12.9357795715,80.233757019,42149,42159,10
12.93653965,80.2341308594,42159,42170,11
12.9376602173,80.2346801758,42170,42180,10
12.938750267,80.235168457,42180,42190,10
12.939740181,80.2356491089,42190,42200,10
12.9398803711,80.2357177734,42200,42210,10
12.9400501251,80.2358169556,42210,42220,10
12.940489769,80.2359695435,42220,42230,10
12.9414596558,80.2362136841,42230,42239,9
12.9423999786,80.2364501953,42239,42251,12
12.943570137,80.2372207642,42251,42261,10
12.9444198608,80.2381591797,42261,42271,10
12.9453601837,80.2391204834,42271,42281,10
12.9465799332,80.2397003174,42281,42291,10
12.9473800659,80.2400131226,42291,42301,10
12.9475402832,80.2400894165,42301,42311,10
12.9480695724,80.2403182983,42311,42321,10
12.9489603043,80.2406463623,42321,42362,41
12.9489603043,80.2406463623,42362,42372,10
12.9491100311,80.2407684326,42372,42382,10
12.9495601654,80.2409591675,42382,42392,10
12.9503297806,80.2411880493,42392,42402,10
12.9511003494,80.2414016724,42402,42412,10
12.9511804581,80.2414703369,42412,42423,11
12.9517498016,80.2416763306,42423,42433,10
12.9525499344,80.2419509888,42433,42443,10
12.9534902573,80.2423095703,42443,42453,10
12.9543399811,80.2426528931,42453,42463,10
12.955160141,80.2429504395,42463,42473,10
12.9560403824,80.2432098389,42473,42483,10
12.9565200806,80.2433929443,42483,42493,10
12.9571504593,80.2437133789,42493,42504,11
12.9579401016,80.2440795898,42504,42514,10
12.9587802887,80.2444381714,42514,42524,10
12.9590301514,80.2445907593,42524,42534,10
12.95952034,80.2448501587,42534,42544,10
12.960269928,80.2451934814,42544,42554,10
12.961230278,80.2456207275,42554,42564,10
12.9623298645,80.2461395264,42564,42574,10
12.9633998871,80.2466812134,42574,42585,11
12.9643697739,80.2470779419,42585,42595,10
12.9652795792,80.2473831177,42595,42605,10
12.9661502838,80.2476806641,42605,42615,10
12.9668302536,80.2479934692,42615,42625,10
12.9672002792,80.2481384277,42625,42635,10
12.96737957,80.2482376099,42635,42645,10
12.9680204391,80.2484970093,42645,42655,10
12.968919754,80.248878479,42655,42666,11
12.9700202942,80.2492828369,42666,42676,10
12.9712495804,80.2497329712,42676,42686,10
12.9725599289,80.2500762939,42686,42696,10
12.9736795425,80.2503814697,42696,42706,10
12.9745798111,80.2506484985,42706,42716,10
12.9756803513,80.2509613037,42716,42726,10
12.9768800735,80.2513122559,42726,42736,10
12.97797966,80.2519607544,42736,42747,11
12.9786500931,80.2523880005,42747,42757,10
12.978679657,80.2524185181,42757,42767,10
12.9790296555,80.252571106,42767,42777,10
12.9795598984,80.2526397705,42777,42787,10
12.979640007,80.2526473999,42787,42797,10
12.9799203873,80.2526931763,42797,42807,10
12.9805498123,80.2526702881,42807,42817,10
12.9814100266,80.2526321411,42817,42828,11
12.9825496674,80.2526016235,42828,42838,10
12.983590126,80.2524490356,42838,43050,212
12.983590126,80.2524490356,43050,43060,10
12.9836597443,80.2524185181,43060,43070,10
12.9840202332,80.2523193359,43070,43081,11
12.9848499298,80.2521133423,43081,43091,10
12.9854402542,80.2519378662,43091,43101,10
12.9859895706,80.2517776489,43101,43111,10
12.9863700867,80.251701355,43111,43121,10
12.9868202209,80.2516021729,43121,43131,10
12.987279892,80.2514724731,43131,43141,10
12.9877195358,80.2513580322,43141,43152,11
12.9883298874,80.2512207031,43152,43162,10
12.9891796112,80.2509918213,43162,43171,9
12.9897203445,80.2508621216,43171,43182,11
12.9899396896,80.2508392334,43182,43192,10
12.9905395508,80.2507171631,43192,43202,10
12.9913702011,80.2505187988,43202,43212,10
12.9924097061,80.2502593994,43212,43222,10
12.9935798645,80.249961853,43222,43233,11
12.994890213,80.2496185303,43233,43243,10
12.9960803986,80.2493209839,43243,43253,10
12.9966697693,80.2491607666,43253,43263,10
12.9968299866,80.249130249,43263,43273,10
12.9974002838,80.2490081787,43273,43283,10
12.9982204437,80.2488021851,43283,43293,10
12.999250412,80.2485427856,43293,43303,10
13.00041008,80.2482299805,43303,43314,11
13.0017004013,80.2478866577,43314,43324,10
13.0025196075,80.2477035522,43324,43334,10
13.0034303665,80.2475204468,43334,43344,10
13.0045099258,80.2473907471,43344,43354,10
13.005490303,80.2472763062,43354,43364,10
13.0061197281,80.2470779419,43364,43374,10
13.0061798096,80.2470397949,43374,43384,10
13.006360054,80.2469100952,43384,43394,10
13.0065097809,80.246711731,43394,43405,11
13.0066099167,80.2463684082,43405,43415,10
13.0066299438,80.2461624146,43415,43425,10
13.006649971,80.2456665039,43425,43435,10
13.0066795349,80.245262146,43435,43445,10
13.0066604614,80.2447280884,43445,43455,10
13.0066699982,80.2442932129,43455,43465,10
13.0066795349,80.2438583374,43465,43475,10
13.0066900253,80.2433319092,43475,43486,11
13.0066604614,80.2424926758,43486,43496,10
13.0066604614,80.2414932251,43496,43506,10
13.0066699982,80.2406997681,43506,43526,20
13.0066699982,80.2406997681,43526,43536,10
13.0067195892,80.2405014038,43536,43546,10
13.0067996979,80.2401885986,43546,43556,10
13.0069103241,80.2395095825,43556,43567,11
13.0071001053,80.23853302,43567,43577,10
13.0072898865,80.2376785278,43577,43587,10
13.0074100494,80.2369308472,43587,43597,10
13.0074195862,80.236869812,43597,43607,10
13.0074300766,80.2368011475,43607,43617,10
13.0075502396,80.2364273071,43617,43627,10
13.0076799393,80.235786438,43627,43637,10
13.0078401566,80.2350463867,43637,43648,11
13.0080499649,80.2339782715,43648,43658,10
13.0082902908,80.2327575684,43658,43668,10
13.0085496902,80.2315216064,43668,43678,10
13.0087795258,80.2303466797,43678,43688,10
13.0089702606,80.2294616699,43688,43698,10
13.00922966,80.2282333374,43698,43708,10
13.00963974,80.2272872925,43708,43718,10
13.0100698471,80.2263183594,43718,43729,11
13.0105800629,80.2253494263,43729,43739,10
13.0108098984,80.2247390747,43739,43749,10
13.0108203888,80.2246627808,43749,43759,10
13.0108203888,80.2245483398,43759,43769,10
13.0110397339,80.224067688,43769,43779,10
13.0113296509,80.2232894897,43779,43789,10
13.0116901398,80.2224273682,43789,43799,10
13.0120897293,80.2217178345,43799,43810,11
13.0124197006,80.2215423584,43810,43820,10
13.0125999451,80.2218017578,43820,43830,10
13.0128602982,80.2221679688,43830,43840,10
13.0130195618,80.2223434448,43840,43850,10
13.0133304596,80.2226715088,43850,43860,10
13.0137395859,80.2231216431,43860,43870,10
13.0140199661,80.2234725952,43870,43880,10
13.0142402649,80.2238006592,43880,43891,11
13.0146999359,80.2243270874,43891,43901,10
13.0151195526,80.2246932983,43901,43911,10
13.0153903961,80.2249298096,43911,43931,20
13.0153903961,80.2249298096,43931,43941,10
13.0157604218,80.2253036499,43941,43951,10
13.0163803101,80.2254180908,43951,43961,10
13.0170698166,80.2251815796,43961,43972,11
13.0178604126,80.2248535156,43972,43982,10
13.0186004639,80.2245407104,43982,43992,10
13.0195302963,80.2243881226,43992,44032,40
13.0195302963,80.2243881226,44032,44042,10
13.0196800232,80.2245101929,44042,44053,11
13.0199098587,80.2246704102,44053,44063,10
13.0202598572,80.224937439,44063,44073,10
13.0206804276,80.225227356,44073,44083,10
13.0210399628,80.2255401611,44083,44093,10
13.0213603973,80.2258224487,44093,44103,10
13.0217103958,80.2260665894,44103,44113,10
13.0221595764,80.2264022827,44113,44123,10
13.022649765,80.2268218994,44123,44134,11
13.0231895447,80.2273101807,44134,44144,10
13.0236196518,80.227722168,44144,44154,10
13.0240602493,80.2281112671,44154,44164,10
13.0243501663,80.2284164429,44164,44174,10
13.0244503021,80.228553772,44174,44184,10
13.0244102478,80.2286834717,44184,44194,10
13.024189949,80.228553772,44194,44204,10
13.0239200592,80.228187561,44204,44215,11
13.023440361,80.2276611328,44215,44255,40
13.023440361,80.2276611328,44255,44265,10
13.0233097076,80.2275238037,44265,44275,10
13.0230703354,80.2273178101,44275,44285,10
13.0228500366,80.2270965576,44285,44296,11
13.0224399567,80.2266464233,44296,44306,10
13.0218601227,80.2261581421,44306,44316,10
13.0211200714,80.2255783081,44316,44326,10
13.0203695297,80.2250900269,44326,44336,10
13.0198698044,80.2247390747,44336,44346,10
13.0192604065,80.2244873047,44346,44356,10
13.0184497833,80.2246322632,44356,44366,10
13.0175504684,80.2249908447,44366,44376,10
13.0167798996,80.2253189087,44376,44387,11
13.0162801743,80.2255096436,44387,44397,10
13.0157003403,80.2257003784,44397,44407,10
13.0151901245,80.2259368896,44407,44417,10
13.0148696899,80.2260665894,44417,44427,10
13.0143995285,80.2262420654,44427,44437,10
13.0143098831,80.226272583,44437,44447,10
13.0140199661,80.226348877,44447,44457,10
13.0135097504,80.2265625,44457,44468,11
13.0127801895,80.2268295288,44468,44478,10
13.0120897293,80.2271194458,44478,44488,10
13.0112495422,80.2274398804,44488,44498,10
13.0104103088,80.2277908325,44498,44508,10
13.0097503662,80.2280807495,44508,44518,10
13.0090799332,80.228767395,44518,44528,10
13.0089197159,80.2297821045,44528,44538,10
13.0087203979,80.2308273315,44538,44549,11
13.0085000992,80.2318572998,44549,44559,10
13.0083398819,80.2328109741,44559,44569,10
13.0082302094,80.2334594727,44569,44579,10
13.0082197189,80.233581543,44579,44589,10
13.0080699921,80.2339324951,44589,44599,10
13.0079603195,80.2345809937,44599,44609,10
13.0078201294,80.235206604,44609,44619,10
13.0077199936,80.2356185913,44619,44630,11
13.0076599121,80.2361297607,44630,44640,10
13.0075397491,80.2365875244,44640,44650,10
13.0074501038,80.2370834351,44650,44660,10
13.0073604584,80.2374801636,44660,44670,10
13.0073099136,80.2378234863,44670,44680,10
13.0073003769,80.2379684448,44680,44690,10
13.0072603226,80.23828125,44690,44700,10
13.0072002411,80.2385101318,44700,44711,11
13.007060051,80.2390213013,44711,44751,40
13.007060051,80.2390213013,44751,44761,10
13.0071201324,80.2394180298,44761,44771,10
13.0069999695,80.239692688,44771,44832,61
13.0069999695,80.239692688,44832,44842,10
13.0068798065,80.2397994995,44842,44852,10
13.0068502426,80.2401275635,44852,44862,10
13.0067796707,80.2405395508,44862,44873,11
13.0067396164,80.2407302856,44873,44883,10
13.0066699982,80.2412185669,44883,44893,10
13.006649971,80.2419815063,44893,44903,10
13.0066604614,80.2426605225,44903,44913,10
13.0066404343,80.2430496216,44913,44923,10
13.0066299438,80.2432479858,44923,44933,10
13.0066099167,80.2434997559,44933,44943,10
13.0065803528,80.2438735962,44943,44954,11
13.0066003799,80.2442626953,44954,44964,10
13.0066003799,80.2446517944,44964,44974,10
13.0065898895,80.2450866699,44974,44984,10
13.0066204071,80.2455291748,44984,44994,10
13.0066604614,80.24584198,44994,45004,10
13.0066795349,80.2463302612,45004,45014,10
13.0066995621,80.2470169067,45014,45024,10
13.006480217,80.2474136353,45024,45035,11
13.006070137,80.2473373413,45035,45045,10
13.0060596466,80.2473373413,45045,45055,10
13.0057601929,80.2472686768,45055,45065,10
13.0051603317,80.2472763062,45065,45075,10
13.004360199,80.2473678589,45075,45085,10
13.0033397675,80.2475509644,45085,45095,10
13.002240181,80.2477798462,45095,45105,10
13.0010900497,80.2480773926,45105,45116,11
12.9997596741,80.2484283447,45116,45126,10
12.9985799789,80.2487564087,45126,45136,10
12.9981403351,80.248878479,45136,45146,10
12.9980096817,80.2489013672,45146,45156,10
12.9975099564,80.2490081787,45156,45166,10
12.9967498779,80.2491989136,45166,45176,10
12.9957504272,80.2494430542,45176,45186,10
12.994600296,80.2497406006,45186,45196,10
12.9932603836,80.2500762939,45196,45207,11
12.9920301437,80.2503967285,45207,45217,10
12.9912595749,80.250617981,45217,45227,10
12.9911804199,80.2506408691,45227,45237,10
12.9908800125,80.2506866455,45237,45247,10
12.9906101227,80.2507095337,45247,45298,51
12.9905395508,80.2506027222,45298,45379,81
12.9905395508,80.2506027222,45379,45389,10
12.9902296066,80.2506790161,45389,45399,10
12.9898099899,80.2508010864,45399,45409,10
12.98939991,80.2508392334,45409,45419,10
12.9890499115,80.2509307861,45419,45429,10
12.9887199402,80.2510375977,45429,45439,10
12.9882602692,80.2512588501,45439,45450,11
12.9878501892,80.2513885498,45450,45460,10
12.9875802994,80.2514801025,45460,45470,10
12.9873895645,80.2515563965,45470,45480,10
12.9873104095,80.2515792847,45480,45490,10
12.9870595932,80.251663208,45490,45500,10
12.9867296219,80.2517471313,45500,45510,10
12.9861898422,80.2518692017,45510,45520,10
12.9854803085,80.2520675659,45520,45531,11
12.9844303131,80.2523727417,45531,45541,10
12.9834604263,80.2526168823,45541,45551,10
12.9825496674,80.2527008057,45551,45561,10
12.9816198349,80.2527236938,45561,45571,10
12.980799675,80.252746582,45571,45581,10
12.9803695679,80.2527770996,45581,45591,10
12.9800100327,80.2527236938,45591,45601,10
12.9797401428,80.2526779175,45601,45612,11
12.9791202545,80.2526168823,45612,45622,10
12.9785804749,80.2525405884,45622,45632,10
12.9785604477,80.252532959,45632,45642,10
12.9782304764,80.2522888184,45642,45652,10
12.9776697159,80.2517929077,45652,45662,10
12.9768104553,80.2512893677,45662,45672,10
12.9757604599,80.2509613037,45672,45682,10
12.9747695923,80.2506713867,45682,45693,11
12.9737596512,80.2503967285,45693,45703,10
12.9727602005,80.2501220703,45703,45713,10
12.9717798233,80.2498626709,45713,45723,10
12.971449852,80.249786377,45723,45733,10
12.9713697433,80.2497787476,45733,45743,10
12.9712696075,80.24974823,45743,45753,10
12.971159935,80.249710083,45753,45763,10
12.9709501266,80.2496414185,45763,45774,11
12.9704399109,80.2494506836,45774,45784,10
12.96971035,80.2491989136,45784,45794,10
12.9688796997,80.2488937378,45794,45804,10
12.9679298401,80.2484970093,45804,45814,10
12.9670095444,80.2480773926,45814,45824,10
12.9662504196,80.2477264404,45824,45834,10
12.9654302597,80.2474212646,45834,45844,10
12.9650201797,80.2473068237,45844,45855,11
12.9648504257,80.2472610474,45855,45865,10
12.96434021,80.2470626831,45865,45875,10
12.9638900757,80.2468795776,45875,45885,10
12.9637002945,80.2467880249,45885,45895,10
12.9631500244,80.2465209961,45895,45905,10
12.9623699188,80.2461090088,45905,45915,10
12.9613800049,80.2456283569,45915,45925,10
12.9603796005,80.2451782227,45925,45936,11
12.9594898224,80.2448272705,45936,45946,10
12.9594097137,80.2447891235,45946,45956,10
12.9590597153,80.2446212769,45956,45966,10
12.9584197998,80.2443389893,45966,45976,10
12.9577503204,80.2440567017,45976,45986,10
12.9568004608,80.2437515259,45986,46067,81
12.9568004608,80.2437515259,46067,46077,10
12.9566202164,80.2437133789,46077,46087,10
12.9565601349,80.2437133789,46087,46097,10
12.956410408,80.2436523438,46097,46108,11
12.9562797546,80.2436218262,46108,46118,10
12.9558200836,80.2433624268,46118,46128,10
12.9551496506,80.243019104,46128,46138,10
12.9542999268,80.2426528931,46138,46148,10
12.95333004,80.2422485352,46148,46158,10
12.9523000717,80.241859436,46158,46168,10
12.9516897202,80.2416534424,46168,46178,10
12.9515304565,80.2415924072,46178,46189,11
12.950920105,80.2413711548,46189,46199,10
12.9500999451,80.2411117554,46199,46209,10
12.9492197037,80.240852356,46209,46239,30
12.9492197037,80.240852356,46239,46249,10
12.9489803314,80.2407836914,46249,46259,10
12.9484100342,80.2405395508,46259,46270,11
12.9475698471,80.2401733398,46270,46280,10
12.9471702576,80.2400131226,46280,46290,10
12.9470796585,80.2399597168,46290,46300,10
12.9465799332,80.2397613525,46300,46310,10
12.9459400177,80.2394714355,46310,46320,10
12.9451799393,80.2390365601,46320,46330,10
12.9444503784,80.2382965088,46330,46340,10
12.9437799454,80.2375106812,46340,46351,11
12.9429597855,80.2367324829,46351,46361,10
12.9418897629,80.2362823486,46361,46371,10
12.9407701492,80.2360076904,46371,46381,10
12.9398803711,80.2357788086,46381,46391,10
12.939740181,80.235710144,46391,46401,10
12.9393701553,80.2355270386,46401,46411,10
12.9387397766,80.2351989746,46411,46421,10
12.9378900528,80.2347717285,46421,46432,11
12.9367904663,80.2342529297,46432,46442,10
12.936050415,80.2339096069,46442,46452,10
12.9359102249,80.2338485718,46452,46462,10
12.9358901978,80.2338409424,46462,46472,10
12.935500145,80.2336578369,46472,46482,10
12.934800148,80.2333297729,46482,46492,10
12.9340000153,80.2329788208,46492,46502,10
12.9338302612,80.2329101563,46502,46513,11
12.9337596893,80.2328720093,46513,46523,10
12.9333696365,80.2326889038,46523,46533,10
12.9327096939,80.232421875,46533,46543,10
12.9318199158,80.232131958,46543,46553,10
12.930729866,80.2317810059,46553,46563,10
12.929599762,80.2314682007,46563,46573,10
12.928440094,80.2312469482,46573,46583,10
12.927189827,80.2310791016,46583,46594,11
12.9260702133,80.2309875488,46594,46604,10
12.9259700775,80.2309875488,46604,46614,10
12.9256601334,80.2309570313,46614,46624,10
12.9250402451,80.2308807373,46624,46634,10
12.9242200851,80.2307815552,46634,46644,10
12.923210144,80.2306518555,46644,46654,10
12.92208004,80.2304763794,46654,46664,10
12.920920372,80.2303237915,46664,46675,11
12.9195995331,80.230140686,46675,46685,10
12.9184999466,80.2299880981,46685,46695,10
12.9173803329,80.2298431396,46695,46705,10
12.9163398743,80.2296981812,46705,46715,10
12.9151601791,80.2295303345,46715,46725,10
12.9139204025,80.229309082,46725,46735,10
12.9132003784,80.2292709351,46735,46745,10
12.9131298065,80.2292633057,46745,46755,10
12.9127502441,80.2291564941,46755,46766,11
12.911939621,80.2290267944,46766,46776,10
12.9109401703,80.2288894653,46776,46786,10
12.9097795486,80.228729248,46786,46796,10
12.9085903168,80.2285308838,46796,46806,10
12.9075202942,80.2283782959,46806,46816,10
12.9071702957,80.2283401489,46816,46826,10
12.9070100784,80.2282867432,46826,46836,10
12.9064302444,80.2282485962,46836,46847,11
12.905500412,80.2281799316,46847,46857,10
12.9044399261,80.2281265259,46857,46867,10
12.9033498764,80.2280807495,46867,46877,10
12.9022903442,80.2280426025,46877,46887,10
12.9011497498,80.2279891968,46887,46928,41
12.9010400772,80.227897644,46928,46948,20
12.9010400772,80.227897644,46948,46958,10
12.9010095596,80.227897644,46958,46968,10
12.9006595612,80.2278671265,46968,46978,10
12.9002504349,80.2278594971,46978,46988,10
12.8997297287,80.2278518677,46988,46998,10
12.8991203308,80.2278366089,46998,47009,11
12.8990802765,80.2278366089,47009,47019,10
12.8990402222,80.2278518677,47019,47029,10
12.898639679,80.2278594971,47029,47039,10
12.8979997635,80.2277984619,47039,47049,10
12.897190094,80.2277603149,47049,47059,10
12.8962202072,80.227722168,47059,47069,10
12.8951997757,80.2276916504,47069,47079,10
12.8942203522,80.2276306152,47079,47090,11
12.893119812,80.2274932861,47090,47100,10
12.8921098709,80.2274017334,47100,47110,10
12.8909502029,80.2273712158,47110,47120,10
12.8896999359,80.2273712158,47120,47130,10
12.8884000778,80.2273635864,47130,47140,10
12.8870897293,80.2272033691,47140,47150,10
12.8857803345,80.2268829346,47150,47160,10
12.8848104477,80.2267608643,47160,47171,11
12.8846597672,80.2267532349,47171,47181,10
12.88422966,80.2267379761,47181,47191,10
12.8835296631,80.2267532349,47191,47201,10
12.882610321,80.2267608643,47201,47211,10
12.881480217,80.2267608643,47211,47221,10
12.8802499771,80.2267837524,47221,47231,10
12.8789701462,80.2268218994,47231,47241,10
12.8778295517,80.2268981934,47241,47252,11
12.8767004013,80.2269973755,47252,47262,10
12.8760700226,80.2270278931,47262,47272,10
12.8759803772,80.2270278931,47272,47282,10
12.8754501343,80.2269973755,47282,47292,10
12.8746900558,80.2268981934,47292,47302,10
12.8737001419,80.2267913818,47302,47312,10
12.8726997375,80.2267227173,47312,47322,10
12.8716402054,80.2266998291,47322,47332,10
12.8706302643,80.2266464233,47332,47343,11
12.8693399429,80.2265090942,47343,47353,10
12.8680801392,80.2264328003,47353,47363,10
12.8668003082,80.2265396118,47363,47373,10
12.8655395508,80.2266387939,47373,47383,10
12.8642301559,80.226600647,47383,47393,10
12.8628997803,80.2265625,47393,47403,10
12.861579895,80.2266311646,47403,47413,10
12.8610401154,80.2266235352,47413,47424,11
12.8607997894,80.226600647,47424,47434,10
12.860159874,80.2265167236,47434,47444,10
12.859290123,80.2263870239,47444,47454,10
12.8582496643,80.2262802124,47454,47464,10
12.8570699692,80.2263336182,47464,47474,10
12.8558301926,80.2264709473,47474,47484,10
12.8545198441,80.2266235352,47484,47494,10
12.853219986,80.2267379761,47494,47505,11
12.8517103195,80.2266998291,47505,47515,10
12.8505001068,80.2266464233,47515,47525,10
12.8502702713,80.2266387939,47525,47535,10
12.8498802185,80.2266235352,47535,47545,10
12.8491401672,80.2266235352,47545,47555,10
12.848110199,80.2266235352,47555,47565,10
12.8468999863,80.2266235352,47565,47575,10
12.8458003998,80.2266387939,47575,47586,11
12.8453798294,80.2266311646,47586,47596,10
12.8451404572,80.2266235352,47596,47606,10
12.8445396423,80.2266693115,47606,47616,10
12.8436899185,80.2267532349,47616,47626,10
12.8425998688,80.2269515991,47626,47636,10
12.8413600922,80.2272262573,47636,47646,10
12.8403396606,80.2275314331,47646,47656,10
12.8398799896,80.2277297974,47656,47667,11
12.839630127,80.2277984619,47667,47677,10
12.8393001556,80.2278823853,47677,47687,10
12.8386602402,80.2279968262,47687,47697,10
12.8378000259,80.2281799316,47697,47707,10
12.8367004395,80.2283477783,47707,47717,10
12.8354597092,80.228553772,47717,47727,10
12.8341798782,80.2287597656,47727,47737,10
12.8329496384,80.2289810181,47737,47748,11
12.8319101334,80.2291717529,47748,47758,10
12.8316297531,80.2291412354,47758,47768,10
12.8315200806,80.2287368774,47768,47778,10
12.8315200806,80.2286987305,47778,47788,10
12.831489563,80.2284622192,47788,47798,10
12.8313798904,80.2278366089,47798,47808,10
12.8311901093,80.2270126343,47808,47818,10
12.8310499191,80.2259063721,47818,47829,11
12.8310403824,80.2248077393,47829,47839,10
12.8310403824,80.2244873047,47839,47849,10
12.8310699463,80.2238006592,47849,47859,10
12.8310699463,80.2228622437,47859,47869,10
12.8310604095,80.2222290039,47869,47879,10
12.8310604095,80.2217712402,47879,47889,10
12.8310804367,80.220993042,47889,47899,10
12.8310699463,80.2200469971,47899,47910,11
12.8310604095,80.2195968628,47910,47920,10
12.8305702209,80.2194366455,47920,47930,10
12.8297195435,80.2194290161,47930,47940,10
12.8287000656,80.2194595337,47940,47950,10
12.8277101517,80.2194824219,47950,47970,20
12.8277101517,80.2194824219,47970,47980,10
12.8276395798,80.2194976807,47980,47990,10
12.8271503448,80.2194595337,47990,48001,11
12.8264198303,80.2194595337,48001,48011,10
12.8260097504,80.2194213867,48011,48021,10
12.8255195618,80.2194213867,48021,48031,10
12.8252296448,80.2194366455,48031,48041,10
12.824669838,80.2194290161,48041,48051,10
12.8238401413,80.2193984985,48051,48061,10
12.8230400085,80.2193984985,48061,48071,10
12.8228197098,80.2193908691,48071,48082,11
12.8225603104,80.219078064,48082,48092,10
12.8225603104,80.2187271118,48092,48102,10
12.8225698471,80.2181472778,48102,48112,10
12.8226003647,80.2174377441,48112,48122,10
12.8226203918,80.2168121338,48122,48132,10
12.8226604462,80.2159805298,48132,48142,10
12.8229198456,80.2159194946,48142,48152,10
12.8232402802,80.2159423828,48152,48163,11
12.8238801956,80.2159423828,48163,48173,10
12.8244495392,80.2159500122,48173,48183,10
12.8245296478,80.2159500122,48183,48193,10
12.8248901367,80.2159576416,48193,48203,10
12.8252296448,80.2159576416,48203,48345,142
12.8253602982,80.2159881592,48345,48355,10
12.8253602982,80.2159881592,48355,48365,10
12.8255195618,80.2160186768,48365,48375,10
12.8256998062,80.2160263062,48375,48385,10
12.8258695602,80.2161331177,48385,48395,10
12.8258800507,80.2165222168,48395,48406,11
12.8258600235,80.2171478271,48406,48419,13
12.8258695602,80.2178421021,48419,48429,10
12.8258800507,80.2188186646,48429,48439,10
12.8258695602,80.2192382813,48439,48449,10
12.8260002136,80.219367981,48449,48459,10
12.8264503479,80.219329834,48459,48469,10
12.8270597458,80.2193374634,48469,48480,11
12.8273000717,80.2193374634,48480,48491,11
12.8275604248,80.2193603516,48491,48501,10
12.8276596069,80.219367981,48501,48511,10
12.8285598755,80.2193908691,48511,48521,10
12.8285598755,80.2193908691,48521,48531,10
12.8293895721,80.2193984985,48531,48541,10
12.8302001953,80.2194213867,48541,48551,10
12.8307695389,80.2194137573,48551,48561,10
12.8310699463,80.2195129395,48561,48572,11
12.8311595917,80.2201004028,48572,48582,10
12.8311195374,80.2208404541,48582,48592,10
12.8311004639,80.2216186523,48592,48602,10
12.8311195374,80.2220611572,48602,48612,10
12.8311300278,80.2222824097,48612,48622,10
12.8311195374,80.2227020264,48622,48632,10
12.8311195374,80.2235870361,48632,48642,10
12.8311195374,80.2243881226,48642,48653,11
12.8311195374,80.2247619629,48653,48663,10
12.8311004639,80.2252197266,48663,48673,10
12.8311195374,80.2262268066,48673,48683,10
12.8312997818,80.2273101807,48683,48693,10
12.8315296173,80.2284088135,48693,48703,10
12.8316898346,80.229057312,48703,48713,10
12.8316898346,80.2290725708,48713,48723,10
12.8318395615,80.2291412354,48723,48734,11
12.8324203491,80.2290267944,48734,48745,11
12.8332500458,80.2288589478,48745,48754,9
12.8342399597,80.2286987305,48754,48765,11
12.8354301453,80.2285003662,48765,48775,10
12.8366098404,80.2283325195,48775,48785,10
12.8378295898,80.2281265259,48785,48795,10
12.8388595581,80.2278594971,48795,48805,10
12.839389801,80.2276306152,48805,48816,11
12.8399000168,80.2275314331,48816,48826,10
12.8405504227,80.2274169922,48826,48836,10
12.841340065,80.2272186279,48836,48846,10
12.842300415,80.2270126343,48846,48856,10
12.8433904648,80.2268066406,48856,48866,10
12.844420433,80.2266616821,48866,48876,10
12.8453502655,80.2265472412,48876,48886,10
12.8454799652,80.2265396118,48886,48897,11
12.8456001282,80.2265396118,48897,48907,10
12.8458795547,80.2265319824,48907,48917,10
12.8461198807,80.2265396118,48917,48927,10
12.8467903137,80.2265319824,48927,48937,10
12.8476600647,80.2265090942,48937,48947,10
12.8486604691,80.2265396118,48947,48957,10
12.8498096466,80.2265396118,48957,48967,10
12.8509998322,80.2265625,48967,48978,11
12.8523197174,80.2266082764,48978,48988,10
12.8535804749,80.2265777588,48988,48998,10
12.8549003601,80.2264709473,48998,49008,10
12.8562202454,80.2263336182,49008,49018,10
12.8575201035,80.2261962891,49018,49028,10
12.8585300446,80.2261810303,49028,49038,10
12.8596496582,80.2263412476,49038,49048,10
12.8607902527,80.2265090942,49048,49059,11
12.8620996475,80.2265319824,49059,49069,10
12.8633899689,80.2264785767,49069,49079,10
12.8647403717,80.2265319824,49079,49089,10
12.8661003113,80.2265396118,49089,49099,10
12.8673200607,80.2264328003,49099,49109,10
12.8685998917,80.226348877,49109,49119,10
12.8698797226,80.2264785767,49119,49129,10
12.8711700439,80.226600647,49129,49140,11
12.8723802567,80.2266082764,49140,49150,10
12.8728199005,80.2266235352,49150,49160,10
12.8730897903,80.2266311646,49160,49170,10
12.8737897873,80.2266616821,49170,49180,10
12.8747396469,80.2267913818,49180,49190,10
12.8757600784,80.2269134521,49190,49200,10
12.8764095306,80.226890564,49200,49210,10
12.8765802383,80.2268829346,49210,49220,10
12.8770799637,80.2268600464,49220,49231,11
12.8780202866,80.2267684937,49231,49241,10
12.879070282,80.2266998291,49241,49251,10
12.8802700043,80.2266769409,49251,49261,10
12.8815603256,80.2266769409,49261,49271,10
12.8829097748,80.2266616821,49271,49281,10
12.8841295242,80.2266464233,49281,49291,10
12.8847103119,80.2266235352,49291,49301,10
12.8850803375,80.2266387939,49301,49312,11
12.8857803345,80.2267684937,49312,49322,10
12.8865499496,80.2269668579,49322,49332,10
12.8873300552,80.227142334,49332,49342,10
12.8881902695,80.2272720337,49342,49352,10
12.8891201019,80.2273101807,49352,49362,10
12.8901996613,80.2273025513,49362,49372,10
12.8913803101,80.2273025513,49372,49382,10
12.8923501968,80.2273330688,49382,49393,11
12.893119812,80.2274017334,49393,49403,10
12.8938798904,80.2274780273,49403,49413,10
12.8947496414,80.2275466919,49413,49423,10
12.8957796097,80.2276077271,49423,49433,10
12.896900177,80.2276611328,49433,49443,10
12.8980302811,80.2277297974,49443,49453,10
12.8990898132,80.2277908325,49453,49463,10
12.9000701904,80.2278213501,49463,49474,11
12.9006004333,80.2278289795,49474,49565,91
12.9006004333,80.2278289795,49565,49575,10
12.9008102417,80.2278137207,49575,49585,10
12.9011001587,80.2278594971,49585,49595,10
12.9014797211,80.2279205322,49595,49605,10
12.9020795822,80.2279815674,49605,49615,10
12.9026498795,80.228012085,49615,49625,10
12.9031095505,80.2279510498,49625,49636,11
12.9033603668,80.2279815674,49636,49646,10
12.9039802551,80.2280426025,49646,49656,10
12.9048595428,80.2281036377,49656,49666,10
12.9058904648,80.228187561,49666,49676,10
12.9064702988,80.228187561,49676,49696,20
12.9064702988,80.228187561,49696,49706,10
12.9068202972,80.2282485962,49706,49717,11
12.90762043,80.2283477783,49717,49727,10
12.9086503983,80.2285232544,49727,49737,10
12.9097700119,80.2286987305,49737,49747,10
12.9109897614,80.2288894653,49747,49757,10
12.9122896194,80.2290802002,49757,49767,10
12.9135398865,80.2292480469,49767,49777,10
12.914150238,80.2293167114,49777,49787,10
12.9143104553,80.2293395996,49787,49798,11
12.9150104523,80.2294464111,49798,49808,10
12.9159097672,80.2295913696,49808,49818,10
12.9168300629,80.2297134399,49818,49828,10
12.9172000885,80.2297515869,49828,49838,10
12.9174203873,80.2297821045,49838,49848,10
12.918009758,80.2298583984,49848,49858,10
12.9188404083,80.2299880981,49858,49868,10
12.9199104309,80.2301177979,49868,49878,10
12.9210996628,80.2302627563,49878,49889,11
12.9224395752,80.2304382324,49889,49899,10
12.9236898422,80.2306594849,49899,49909,10
12.9245004654,80.230758667,49909,49919,10
12.9251403809,80.2308425903,49919,49929,10
12.9260902405,80.2309188843,49929,49939,10
12.9265403748,80.2309570313,49939,49949,10
12.9266796112,80.2309799194,49949,49959,10
12.9272603989,80.2310562134,49959,49970,11
12.9281597137,80.2311630249,49970,49980,10
12.9287004471,80.2312164307,49980,49990,10
12.9287900925,80.2312393188,49990,50000,10
12.9292802811,80.2313537598,50000,50010,10
12.9300203323,80.2315216064,50010,50020,10
12.9309597015,80.2317886353,50020,50030,10
12.9320297241,80.2321472168,50030,50040,10
12.9331703186,80.2325592041,50040,50051,11
12.9336996078,80.2327728271,50051,50061,10
12.9337396622,80.2327880859,50061,50071,10
12.9341402054,80.2329788208,50071,50081,10
12.9348297119,80.233291626,50081,50091,10
12.9356803894,80.2336807251,50091,50101,10
12.9366197586,80.234161377,50101,50111,10
12.9377098083,80.2346801758,50111,50121,10
12.93887043,80.2352523804,50121,50132,11
12.9398698807,80.235710144,50132,50142,10
12.9399700165,80.2357711792,50142,50152,10
12.940030098,80.2358322144,50152,50162,10
12.9405002594,80.2359924316,50162,50172,10
12.9412899017,80.2361831665,50172,50182,10
12.9422702789,80.2364196777,50182,50192,10
12.9432497025,80.2369613647,50192,50202,10
12.9440898895,80.2378005981,50202,50213,11
12.9450597763,80.2388763428,50213,50223,10
12.9461202621,80.2395324707,50223,50233,10
12.9471597672,80.2399520874,50233,50243,10
12.9478902817,80.2402420044,50243,50253,10
12.9480104446,80.2402801514,50253,50263,10
12.9485197067,80.2405014038,50263,50273,10
12.9492502213,80.2407989502,50273,50283,10
12.9500999451,80.2410812378,50283,50294,11
12.9510002136,80.2413330078,50294,50304,10
12.9511098862,80.2413864136,50304,50314,10
12.9511995316,80.2414627075,50314,50324,10
12.9517202377,80.2416534424,50324,50334,10
12.9525003433,80.2419281006,50334,50344,10
12.9534397125,80.2422866821,50344,50354,10
12.9542398453,80.2426223755,50354,50364,10
12.9550800323,80.2429275513,50364,50375,11
12.956410408,80.2433395386,50375,50425,50
12.956410408,80.2433395386,50425,50435,10
12.9566001892,80.2433929443,50435,50445,10
12.9572000504,80.2436904907,50445,50456,11
12.9580602646,80.244102478,50456,50466,10
12.9587097168,80.2443771362,50466,50476,10
12.9589099884,80.2445220947,50476,50486,10
12.9594802856,80.2447967529,50486,50496,10
12.9602603912,80.2451629639,50496,50506,10
12.9612503052,80.2456207275,50506,50516,10
12.9623203278,80.2461395264,50516,50526,10
12.9633197784,80.2466201782,50526,50577,51
12.9633197784,80.2466201782,50577,50587,10
12.9634799957,80.246711731,50587,50597,10
12.9639797211,80.2469177246,50597,50607,10
12.9647302628,80.2472000122,50607,50618,11
12.9657897949,80.2475585938,50618,50628,10
12.9667701721,80.2479476929,50628,50638,10
12.9670200348,80.2480621338,50638,50648,10
12.9670600891,80.2481307983,50648,50658,10
12.9674901962,80.2483215332,50658,50668,10
12.9682197571,80.248626709,50668,50678,10
12.9691896439,80.2490234375,50678,50688,10
12.9702997208,80.249458313,50688,50698,10
12.9715204239,80.2498321533,50698,50709,11
12.9728498459,80.2501831055,50709,50719,10
12.9739999771,80.2504577637,50719,50729,10
12.9751796722,80.2508087158,50729,50739,10
12.9764404297,80.2511672974,50739,50749,10
12.9775695801,80.2516403198,50749,50759,10
12.9784402847,80.2522888184,50759,50769,10
12.9785995483,80.2523880005,50769,50779,10
12.9788703918,80.2525405884,50779,50790,11
12.979590416,80.2526321411,50790,50800,10
12.9798297882,80.2526626587,50800,50810,10
12.980219841,80.2526702881,50810,50820,10
12.9808998108,80.2526397705,50820,50830,10
12.9816799164,80.2526016235,50830,50840,10
12.9820804596,80.2525787354,50840,50860,20
12.9820804596,80.2525787354,50860,50871,11
12.9821100235,80.2525787354,50871,50881,10
12.9825696945,80.2525634766,50881,50911,30
12.9825696945,80.2525634766,50911,50921,10
12.9826698303,80.2525482178,50921,50931,10
12.9828596115,80.2525405884,50931,50941,10
12.9831800461,80.2525177002,50941,50952,11
12.9835996628,80.252456665,50952,51063,111
12.9835996628,80.252456665,51063,51073,10
12.9839496613,80.2524414063,51073,51083,10
12.9845199585,80.2522583008,51083,51093,10
12.9851398468,80.2520828247,51093,51103,10
12.9857597351,80.2518997192,51103,51114,11
12.9863195419,80.251739502,51114,51124,10
12.986869812,80.2516098022,51124,51134,10
12.9873600006,80.2514801025,51134,51144,10
12.9876804352,80.251411438,51144,51154,10
12.9882602692,80.2512588501,51154,51164,10
12.9891195297,80.2510223389,51164,51174,10
12.9896697998,80.2508621216,51174,51184,10
12.9898099899,80.2508468628,51184,51195,11
12.9904203415,80.2507095337,51195,51205,10
12.9911899567,80.2505264282,51205,51215,10
12.9921598434,80.2502822876,51215,51225,10
12.9932699203,80.25,51225,51235,10
12.9944601059,80.2497024536,51235,51245,10
12.9956998825,80.249382019,51245,51255,10
12.9966602325,80.2490997314,51255,51265,10
12.9968004227,80.2490692139,51265,51276,11
12.9973201752,80.2489471436,51276,51286,10
12.9980697632,80.2487716675,51286,51296,10
12.9990596771,80.2485198975,51296,51306,10
13.0002298355,80.2482376099,51306,51316,10
13.0013799667,80.2479629517,51316,51326,10
13.0024499893,80.2476882935,51326,51336,10
13.0035800934,80.2474975586,51336,51346,10
13.0047702789,80.2473373413,51346,51357,11
13.0058803558,80.2470779419,51357,51367,10
13.006480217,80.2465591431,51367,51377,10
13.0065498352,80.246383667,51377,51387,10
13.0065803528,80.2461624146,51387,51397,10
13.0066404343,80.2456207275,51397,51407,10
13.0066404343,80.2450637817,51407,51417,10
13.0066404343,80.244468689,51417,51427,10
13.0066204071,80.2439117432,51427,51438,11
13.0066099167,80.2432785034,51438,51448,10
13.0066003799,80.2425765991,51448,51458,10
13.0065803528,80.2417221069,51458,51468,10
13.0066204071,80.2411499023,51468,51478,10
13.0066604614,80.2408828735,51478,51488,10
13.0067100525,80.2406387329,51488,51498,10
13.006819725,80.2400970459,51498,51508,10
13.0069599152,80.2393875122,51508,51519,11
13.0071296692,80.2384567261,51519,51529,10
13.0072898865,80.2376480103,51529,51539,10
13.0074100494,80.2370986938,51539,51549,10
13.0074195862,80.2370605469,51549,51559,10
13.0074996948,80.2366714478,51559,51569,10
13.007610321,80.236076355,51569,51579,10
13.0077104568,80.2355117798,51579,51589,10
13.0077695847,80.2352600098,51589,51599,10
13.0078496933,80.2348937988,51599,51610,11
13.0079603195,80.2342834473,51610,51620,10
13.0081195831,80.2334899902,51620,51630,10
13.0082902908,80.2325820923,51630,51640,10
13.0085201263,80.2315597534,51640,51650,10
13.0087404251,80.230506897,51650,51660,10
13.0089597702,80.2293701172,51660,51670,10
13.0091896057,80.2282791138,51670,51680,10
13.0095996857,80.2272720337,51680,51691,11
13.0101003647,80.2262115479,51691,51701,10
13.0105400085,80.2253417969,51701,51711,10
13.0109300613,80.2244796753,51711,51721,10
13.0112895966,80.2235031128,51721,51731,10
13.0116596222,80.2226104736,51731,51741,10
13.0119400024,80.2218017578,51741,51751,10
13.0122299194,80.2214508057,51751,51761,10
13.0123701096,80.2215194702,51761,51772,11
13.0127000809,80.2219085693,51772,51782,10
13.0131397247,80.2224121094,51782,51792,10
13.0136003494,80.2230377197,51792,51802,10
13.0140399933,80.2235412598,51802,51812,10
13.0143699646,80.2239379883,51812,51822,10
13.0149202347,80.2244567871,51822,51832,10
13.0153799057,80.2248764038,51832,51842,10
13.0156297684,80.2251434326,51842,51853,11
13.0157203674,80.225227356,51853,51863,10
13.0161800385,80.2253799438,51863,51873,10
13.0169200897,80.225189209,51873,51883,10
13.017780304,80.2248382568,51883,51893,10
13.0186395645,80.2244720459,51893,51903,10
13.0192298889,80.2243423462,51903,51913,10
13.0192499161,80.2243499756,51913,51923,10
13.0192804337,80.2243728638,51923,51934,11
13.0195999146,80.2245330811,51934,51944,10
13.0200796127,80.2248535156,51944,51954,10
13.0206203461,80.2252197266,51954,51964,10
13.0211000443,80.2255630493,51964,51974,10
13.0215997696,80.2259368896,51974,51984,10
13.0220403671,80.2263031006,51984,51994,10
13.0224599838,80.2266693115,51994,52004,10
13.0229597092,80.2271118164,52004,52015,11
13.0235300064,80.2276000977,52015,52025,10
13.0239896774,80.2280197144,52025,52035,10
13.0242795944,80.2283325195,52035,52045,10
13.0244398117,80.2285232544,52045,52096,51
13.0244398117,80.2285232544,52096,52106,10
13.0243301392,80.2286071777,52106,52116,10
13.0238704681,80.2280578613,52116,52126,10
13.0238704681,80.2280578613,52126,52136,10
13.0233402252,80.2275314331,52136,52146,10
13.0227403641,80.2269363403,52146,52156,10
13.0221300125,80.2263793945,52156,52166,10
13.0215101242,80.2258834839,52166,52177,11
13.020819664,80.2253265381,52177,52188,11
13.0201997757,80.2249221802,52188,52198,10
13.0200395584,80.2248001099,52198,52208,10
13.0199298859,80.2247314453,52208,52218,10
13.0195198059,80.2245101929,52218,52228,10
13.0188398361,80.2244415283,52228,52238,10
13.0180597305,80.2247390747,52238,52248,10
13.0172195435,80.2250823975,52248,52258,10
13.0165395737,80.2253570557,52258,52269,11
13.016119957,80.2255401611,52269,52279,10
13.0156002045,80.2257232666,52279,52289,10
13.015130043,80.2259063721,52289,52299,10
13.014550209,80.22605896,52299,52329,30
13.014550209,80.22605896,52329,52340,11
13.0143699646,80.2260971069,52340,52350,10
13.0142002106,80.2261199951,52350,52360,10
13.0141801834,80.2259368896,52360,52370,10
13.0141201019,80.2255172729,52370,52532,162
13.0141201019,80.2255172729,52532,52542,10
13.0142803192,80.2253417969,52542,52552,10
13.0143003464,80.2257232666,52552,52876,324
13.0143003464,80.2257232666,52876,52886,10
13.0142402649,80.2259063721,52886,52896,10
13.0141897202,80.2261810303,52896,52906,10
13.0139102936,80.2263793945,52906,52917,11
13.0131597519,80.2266769409,52917,52927,10
13.0123195648,80.2269973755,52927,52937,10
13.0114202499,80.2273330688,52937,52947,10
13.0105104446,80.2276916504,52947,52957,10
13.0097503662,80.227897644,52957,52967,10
13.0096502304,80.2273635864,52967,52977,10
13.0099897385,80.2266235352,52977,52987,10
13.0103702545,80.2258071899,52987,52998,11
13.0106897354,80.2250289917,52998,53008,10
13.0108995438,80.2243881226,53008,53018,10
13.0112199783,80.2236785889,53018,53028,10
13.0114603043,80.2233734131,53028,53038,10
13.0119800568,80.2236480713,53038,53048,10
13.0125598907,80.2239685059,53048,53058,10
13.0134496689,80.2243499756,53058,53068,10
13.0143098831,80.2247695923,53068,53079,11
13.0149803162,80.2251434326,53079,53089,10
13.0152797699,80.2252883911,53089,53099,10
13.0156602859,80.2252807617,53099,53109,10
13.0163202286,80.2253265381,53109,53119,10
13.0171899796,80.2250518799,53119,53129,10
13.0181398392,80.2246704102,53129,53139,10
13.0190401077,80.2243728638,53139,53149,10
13.0194597244,80.2244415283,53149,53160,11
13.0196695328,80.2245635986,53160,53170,10
13.0200595856,80.224822998,53170,53180,10
13.020529747,80.2251663208,53180,53190,10
13.0209102631,80.2254104614,53190,53200,10
13.0213098526,80.2257232666,53200,53210,10
13.0218601227,80.2261123657,53210,53220,10
13.0223798752,80.2265396118,53220,53230,10
13.0229597092,80.2270736694,53230,53241,11
13.0233697891,80.2274627686,53241,53251,10
13.0238103867,80.2278366089,53251,53261,10
13.0241498947,80.2281799316,53261,53271,10
13.0243396759,80.2284011841,53271,53281,10
13.0243701935,80.2284317017,53281,53291,10
13.0244102478,80.228477478,53291,53301,10
13.0243902206,80.2285995483,53301,53311,10
13.0242700577,80.2286376953,53311,53321,10
13.0240497589,80.2284011841,53321,53332,11
13.0236797333,80.2279205322,53332,53342,10
13.0234098434,80.2276229858,53342,53352,10
13.0231199265,80.2273330688,53352,53544,192
13.0231199265,80.2273330688,53544,53554,10
13.0230398178,80.2272567749,53554,53564,10
13.0227499008,80.2269592285,53564,53575,11
13.0222597122,80.2264862061,53575,53585,10
13.0216598511,80.226020813,53585,53595,10
13.021030426,80.2254867554,53595,53605,10
13.0202999115,80.2250213623,53605,53615,10
13.0195302963,80.2245483398,53615,53625,10
13.018529892,80.2245864868,53625,53635,10
13.0176000595,80.2249679565,53635,53645,10
13.0169296265,80.2252502441,53645,53656,11
13.0165901184,80.225402832,53656,53666,10
13.0163898468,80.225479126,53666,53676,10
13.0160503387,80.2256088257,53676,53686,10
13.0156002045,80.2257537842,53686,53696,10
13.0151700974,80.2259521484,53696,53706,10
13.014749527,80.2261276245,53706,53716,10
13.0144701004,80.2262496948,53716,53726,10
13.01445961,80.2262496948,53726,53737,11
13.0140399933,80.2263717651,53737,53747,10
13.0135002136,80.226600647,53747,53757,10
13.0128698349,80.2268295288,53757,53767,10
13.0120601654,80.227142334,53767,53777,10
13.011059761,80.2275314331,53777,53787,10
13.0100698471,80.2279205322,53787,53797,10
13.0091695786,80.2284622192,53797,53807,10
13.0089502335,80.2294616699,53807,53818,11
13.0087003708,80.2307662964,53818,53828,10
13.0085201263,80.2316665649,53828,53838,10
13.0083599091,80.2325363159,53838,53848,10
13.0082397461,80.2332305908,53848,53858,10
13.0082397461,80.2333374023,53858,53868,10
13.0081796646,80.2336425781,53868,53878,10
13.0080795288,80.2340393066,53878,53888,10
13.0079603195,80.2345733643,53888,53899,11
13.007809639,80.2352981567,53899,53909,10
13.0076398849,80.2361526489,53909,53919,10
13.0074396133,80.2370376587,53919,53929,10
13.0072698593,80.2379302979,53929,53939,10
13.0071001053,80.2389526367,53939,53949,10
13.0069599152,80.2396011353,53949,53979,30
13.0069599152,80.2396011353,53979,53990,11
13.0069198608,80.2400970459,53990,54000,10
13.0068998337,80.2403793335,54000,54010,10
13.0068998337,80.2404785156,54010,54020,10
13.0068702698,80.2406387329,54020,54030,10
13.0067796707,80.2411422729,54030,54040,10
13.0067300797,80.2419586182,54040,54050,10
13.0066995621,80.2426834106,54050,54060,10
13.0066699982,80.2434234619,54060,54071,11
13.0066099167,80.2442779541,54071,54081,10
13.0066299438,80.2451019287,54081,54091,10
13.0066604614,80.2455978394,54091,54101,10
13.0066699982,80.2463531494,54101,54111,10
13.0066404343,80.2472763062,54111,54121,10
13.0061597824,80.2473983765,54121,54131,10
13.0059995651,80.2473678589,54131,54141,10
13.0052995682,80.2473373413,54141,54152,11
13.0042800903,80.2474136353,54152,54162,10
13.0031099319,80.2475967407,54162,54172,10
13.0018997192,80.2478408813,54172,54182,10
13.0006399155,80.2481536865,54182,54192,10
12.9993400574,80.2484588623,54192,54202,10
12.998000145,80.2487869263,54202,54212,10
12.9966402054,80.249130249,54212,54222,10
12.9952697754,80.24949646,54222,54233,11
12.9937696457,80.2499008179,54233,54243,10
12.992389679,80.2502288818,54243,54253,10
12.9912204742,80.2505187988,54253,54263,10
12.990819931,80.2506637573,54263,54273,10
12.9905099869,80.2507400513,54273,54283,10
12.9897403717,80.2509002686,54283,54293,10
12.9887800217,80.251121521,54293,54303,10
12.988240242,80.2513122559,54303,54364,61
12.988240242,80.2513122559,54364,54374,10
12.9880599976,80.2513427734,54374,54384,10
12.9877004623,80.251411438,54384,54395,11
12.9869403839,80.2516403198,54395,54405,10
12.9862203598,80.2518386841,54405,54415,10
12.9853897095,80.2520217896,54415,54425,10
12.9842996597,80.2523193359,54425,54435,10
12.9830598831,80.2526016235,54435,54445,10
12.9817399979,80.2526779175,54445,54455,10
12.9805603027,80.2527236938,54455,54465,10
12.9798402786,80.252746582,54465,54476,11
12.978770256,80.2526168823,54476,54486,10
12.9785804749,80.252571106,54486,54496,10
12.9781799316,80.2522964478,54496,54506,10
12.9775400162,80.251739502,54506,54516,10
12.9765195847,80.2511978149,54516,54526,10
12.9752902985,80.2508392334,54526,54536,10
12.9739904404,80.2504806519,54536,54546,10
12.9726696014,80.2501220703,54546,54556,10
12.971540451,80.2498168945,54556,54567,11
12.9700899124,80.249382019,54567,54577,10
12.9688596725,80.2489013672,54577,54587,10
12.9676198959,80.2484130859,54587,54597,10
12.9666404724,80.2479629517,54597,54607,10
12.9659404755,80.2476196289,54607,54617,10
12.9652004242,80.2473678589,54617,54627,10
12.9650001526,80.2473220825,54627,54637,10
12.9646100998,80.247177124,54637,54648,11
12.9639701843,80.2469482422,54648,54658,10
12.9636201859,80.2468032837,54658,54668,10
12.9631900787,80.2465515137,54668,54678,10
12.962439537,80.2461624146,54678,54688,10
12.9614496231,80.2456665039,54688,54698,10
12.9604597092,80.2452163696,54698,54708,10
12.9596204758,80.2448577881,54708,54718,10
12.9586696625,80.244430542,54718,54729,11
12.9578800201,80.244102478,54729,54739,10
12.9576797485,80.2440414429,54739,54749,10
12.9570503235,80.2438430786,54749,54759,10
12.9566497803,80.2437210083,54759,54769,10
12.9564695358,80.2436523438,54769,54810,41
12.9564695358,80.2436523438,54810,54820,10
12.9560203552,80.2434921265,54820,54830,10
12.9553604126,80.2431564331,54830,54840,10
12.9544897079,80.2427597046,54840,54850,10
12.9534301758,80.2423171997,54850,54860,10
12.9522800446,80.2418670654,54860,54870,10
12.9516897202,80.2416763306,54870,54880,10
12.9515895844,80.2416305542,54880,54891,11
12.9509801865,80.2413864136,54891,54901,10
12.9501495361,80.2411117554,54901,54911,10
12.9491701126,80.2408294678,54911,54921,10
12.9483499527,80.2404785156,54921,54931,10
12.9473896027,80.2400970459,54931,54941,10
12.9471502304,80.2399978638,54941,54951,10
12.9469804764,80.2399291992,54951,54961,10
12.9464101791,80.2397003174,54961,54972,11
12.9455299377,80.2393035889,54972,54982,10
12.9447698593,80.2386703491,54982,54992,10
12.9439496994,80.2378005981,54992,55002,10
12.9430799484,80.2368469238,55002,55012,10
12.9418497086,80.2363128662,55012,55022,10
12.940779686,80.2360610962,55022,55032,10
12.9400196075,80.2358627319,55032,55042,10
12.9399499893,80.2358398438,55042,55053,11
12.9398803711,80.2358169556,55053,55063,10
12.9395599365,80.2356491089,55063,55073,10
12.9388599396,80.2352828979,55073,55083,10
12.9379997253,80.2348403931,55083,55093,10
12.9369697571,80.2343292236,55093,55103,10
12.9361000061,80.2339630127,55103,55113,10
12.9359903336,80.2339172363,55113,55123,10
12.9357500076,80.2338027954,55123,55134,11
12.9350595474,80.2334823608,55134,55144,10
12.9341802597,80.2330780029,55144,55154,10
12.9337997437,80.2329025269,55154,55164,10
12.9335603714,80.2327880859,55164,55174,10
12.9329204559,80.2325134277,55174,55184,10
12.9320602417,80.2322006226,55184,55194,10
12.9311304092,80.2319030762,55194,55204,10
12.9300403595,80.2315826416,55204,55215,11
12.9288902283,80.2313232422,55215,55225,10
12.9277801514,80.2311477661,55225,55235,10
12.9266395569,80.2310409546,55235,55245,10
12.926199913,80.2309875488,55245,55255,10
12.9259996414,80.2309570313,55255,55265,10
12.9253997803,80.2308731079,55265,55275,10
12.9245500565,80.2307662964,55275,55285,10
12.9235401154,80.2306289673,55285,55295,10
12.9224796295,80.2304763794,55295,55306,11
12.9213199615,80.2303085327,55306,55316,10
12.9203796387,80.2301864624,55316,55326,10
12.9193401337,80.2300415039,55326,55336,10
12.9183502197,80.2298965454,55336,55346,10
12.9173498154,80.2297897339,55346,55356,10
12.9163398743,80.2296218872,55356,55366,10
12.9152803421,80.2294692993,55366,55376,10
12.9144601822,80.2293624878,55376,55387,11
12.913649559,80.2292785645,55387,55397,10
12.9129295349,80.2291793823,55397,55407,10
12.9119300842,80.2290420532,55407,55417,10
12.9107198715,80.2288665771,55417,55427,10
12.9094400406,80.2286682129,55427,55437,10
12.908200264,80.2284622192,55437,55447,10
12.9071798325,80.2283401489,55447,55457,10
12.9069595337,80.2283172607,55457,55468,11
12.9067296982,80.228302002,55468,55478,10
12.9062900543,80.2282562256,55478,55488,10
12.9060602188,80.2282485962,55488,55498,10
12.9055595398,80.2282028198,55498,55508,10
12.9048099518,80.2281570435,55508,55518,10
12.9040603638,80.2281036377,55518,55528,10
12.9031896591,80.2280502319,55528,55538,10
12.9022397995,80.2279968262,55538,55549,11
12.9011898041,80.2279205322,55549,55559,10
12.9004402161,80.2278594971,55559,55569,10
12.899720192,80.2278137207,55569,55579,10
12.8992395401,80.2278213501,55579,55589,10
12.8991804123,80.2278137207,55589,55599,10
12.899020195,80.2277984619,55599,55609,10
12.8984804153,80.2277526855,55609,55619,10
12.897769928,80.2277069092,55619,55630,11
12.8966999054,80.2276763916,55630,55640,10
12.8955001831,80.2276229858,55640,55650,10
12.8942203522,80.2275772095,55650,55660,10
12.8930702209,80.2274703979,55660,55670,10
12.89220047,80.2273635864,55670,55680,10
12.8911399841,80.2273101807,55680,55690,10
12.8899297714,80.2273406982,55690,55700,10
12.8886604309,80.2273406982,55700,55711,11
12.887339592,80.2272186279,55711,55721,10
12.8861703873,80.2269668579,55721,55731,10
12.8851203918,80.2267379761,55731,55741,10
12.8840503693,80.2266769409,55741,55751,10
12.882900238,80.2266998291,55751,55761,10
12.8816795349,80.2267303467,55761,55771,10
12.8803596497,80.2267379761,55771,55781,10
12.8789997101,80.2267837524,55781,55792,11
12.8775100708,80.2268829346,55792,55802,10
12.8767995834,80.2269515991,55802,55812,10
12.8764400482,80.2269821167,55812,55822,10
12.8757801056,80.2269668579,55822,55832,10
12.8748598099,80.226890564,55832,55842,10
12.8737897873,80.2267532349,55842,55852,10
12.8730602264,80.2266998291,55852,55862,10
12.872420311,80.2266693115,55862,55873,11
12.8714895248,80.2266387939,55873,55883,10
12.8705997467,80.2265930176,55883,55893,10
12.8696298599,80.2265090942,55893,55903,10
12.868470192,80.2264022827,55903,55913,10
12.8673696518,80.2264633179,55913,55923,10
12.8664302826,80.2265319824,55923,55933,10
12.8655796051,80.2265777588,55933,55943,10
12.8645095825,80.2265625,55943,55954,11
12.8631601334,80.2265167236,55954,55964,10
12.8618402481,80.2265701294,55964,55974,10
12.8604698181,80.2265396118,55974,55984,10
12.8591403961,80.2263565063,55984,55994,10
12.8579397202,80.2262573242,55994,56004,10
12.8566799164,80.2263412476,56004,56014,10
12.8553600311,80.2264785767,56014,56024,10
12.8540096283,80.2266311646,56024,56034,10
12.8526296616,80.2266998291,56034,56045,11
12.8510704041,80.2266387939,56045,56055,10
12.8501300812,80.2266311646,56055,56065,10
12.8500499725,80.2266311646,56065,56075,10
12.8495397568,80.2266235352,56075,56085,10
12.8486995697,80.2266235352,56085,56095,10
12.8475799561,80.2266082764,56095,56105,10
12.8463201523,80.2266082764,56105,56115,10
12.845459938,80.2266387939,56115,56126,11
12.8452997208,80.2266235352,56126,56136,10
12.8448600769,80.2266387939,56136,56146,10
12.8440704346,80.2266998291,56146,56156,10
12.8430595398,80.2268371582,56156,56166,10
12.8418598175,80.2270965576,56166,56176,10
12.8405895233,80.2274398804,56176,56186,10
12.8399295807,80.2276382446,56186,56196,10
12.8395595551,80.227722168,56196,56207,11
12.8395595551,80.2277297974,56207,56217,10
12.839509964,80.2277984619,56217,56227,10
12.8390302658,80.2279205322,56227,56237,10
12.8382301331,80.2281036377,56237,56247,10
12.8371801376,80.2283096313,56247,56257,10
12.8359603882,80.2284927368,56257,56267,10
12.8346595764,80.2286605835,56267,56277,10
12.8333396912,80.2289199829,56277,56288,11
12.8322696686,80.2291183472,56288,56298,10
12.8315296173,80.2289581299,56298,56318,20
12.8315296173,80.2289581299,56318,56328,10
12.8315496445,80.2288589478,56328,56338,10
12.8314800262,80.2283935547,56338,56348,10
12.831319809,80.2275924683,56348,56358,10
12.8311195374,80.2265472412,56358,56369,11
12.8310604095,80.2252502441,56369,56379,10
12.8310604095,80.2247085571,56379,56389,10
12.8310699463,80.2242584229,56389,56399,10
12.8310699463,80.2234573364,56399,56409,10
12.8310499191,80.2224884033,56409,56419,10
12.8310499191,80.2220916748,56419,56429,10
12.8310604095,80.2214813232,56429,56439,10
12.8310804367,80.2205963135,56439,56450,11
12.8310804367,80.2197418213,56450,56460,10
12.8308897018,80.2194976807,56460,56470,10
12.8301401138,80.2194900513,56470,56480,10
12.8291597366,80.2194824219,56480,56490,10
12.8280801773,80.2194900513,56490,56500,10
12.8276100159,80.2194671631,56500,56510,10
12.8275403976,80.2194595337,56510,56520,10
12.8274803162,80.2194290161,56520,56531,11
12.8269701004,80.2194137573,56531,56541,10
12.8262195587,80.2194137573,56541,56551,10
12.8259401321,80.2193908691,56551,56561,10
12.8258104324,80.2191772461,56561,56571,10
12.8258104324,80.2191696167,56571,56581,10
12.8258304596,80.2189025879,56581,56591,10
12.8258399963,80.2180786133,56591,56601,10
12.8258495331,80.2172927856,56601,56612,11
12.8258104324,80.2160720825,56612,56622,10
12.8256101608,80.216003418,56622,56631,9
12.8252000809,80.2160186768,56631,56642,11
12.8250703812,80.2160186768,56642,56652,10
12.8248195648,80.2160186768,56652,58404,1752
12.8248195648,80.2160186768,58404,58414,10
12.8245201111,80.2160263062,58414,58424,10
12.824090004,80.2160186768,58424,58434,10
12.8235797882,80.216003418,58434,58444,10
12.8230695724,80.216003418,58444,58453,9
12.822810173,80.2159881592,58453,58464,11
12.8226699829,80.216217041,58464,58474,10
12.8226804733,80.2168197632,58474,58486,12
12.8226900101,80.2175598145,58486,58496,10
12.8226900101,80.218421936,58496,58506,10
12.8226900101,80.2189865112,58506,58516,10
12.8226995468,80.2192306519,58516,58526,10
12.8228597641,80.2194290161,58526,58536,10
12.8229598999,80.2194595337,58536,58546,10
12.823390007,80.2194824219,58546,58556,10
12.824090004,80.2194900513,58556,58567,11
12.8247995377,80.2194824219,58567,58577,10
12.8252696991,80.2194824219,58577,58587,10
12.8254699707,80.2194824219,58587,58597,10
12.8256797791,80.2194671631,58597,58607,10
12.8261604309,80.2194595337,58607,58617,10
12.8266601563,80.2194595337,58617,58627,10
12.8270301819,80.2194671631,58627,58648,21
12.8270301819,80.2194671631,58648,58658,10
12.827340126,80.2195129395,58658,58668,10
12.827460289,80.2194900513,58668,58677,9
12.8275499344,80.2194824219,58677,58688,11
12.8277597427,80.2194824219,58688,58698,10
12.8282299042,80.2194900513,58698,58708,10
12.8289403915,80.2194900513,58708,58718,10
12.8299198151,80.2194976807,58718,58729,11
12.8308296204,80.2195205688,58729,58739,10
12.8311500549,80.2196578979,58739,58749,10
12.8312101364,80.2203979492,58749,58759,10
12.831199646,80.2213897705,58759,58769,10
12.8311901093,80.2221221924,58769,58779,10
12.8311595917,80.2224884033,58779,58789,10
12.8311395645,80.2232208252,58789,58799,10
12.8311300278,80.2241668701,58799,58810,11
12.8311195374,80.2247161865,58810,58820,10
12.8311100006,80.2252807617,58820,58830,10
12.8311300278,80.2261199951,58830,58840,10
12.8312702179,80.2270965576,58840,58850,10
12.8315401077,80.2282485962,58850,58860,10
12.8316802979,80.2289810181,58860,58870,10
12.8317298889,80.2291183472,58870,58880,10
12.8320198059,80.2291183472,58880,58891,11
12.8327798843,80.2289810181,58891,58901,10
12.8337097168,80.2288208008,58901,58911,10
12.8348302841,80.2286376953,58911,58921,10
12.8360795975,80.228477478,58921,58931,10
12.8374004364,80.2282867432,58931,58941,10
12.8385601044,80.2280197144,58941,58951,10
12.8392095566,80.2277984619,58951,58961,10
12.8394603729,80.2276611328,58961,58972,11
12.8395700455,80.2276382446,58972,58982,10
12.8399095535,80.2275772095,58982,58992,10
12.8406095505,80.2274093628,58992,59002,10
12.8415498734,80.2271499634,59002,59012,10
12.8427200317,80.2268981934,59012,59022,10
12.843919754,80.2267074585,59022,59032,10
12.8448801041,80.2266387939,59032,59042,10
12.8454399109,80.2265777588,59042,59052,10
12.8456497192,80.2265930176,59052,59063,11
12.8463001251,80.2266082764,59063,59073,10
12.8471803665,80.226600647,59073,59083,10
12.8480501175,80.2265777588,59083,59093,10
12.8494796753,80.2265625,59093,59103,10
12.8504695892,80.226600647,59103,59113,10
12.8516597748,80.2266464233,59113,59123,10
12.8529500961,80.2267227173,59123,59133,10
12.8542995453,80.2266235352,59133,59144,11
12.8557796478,80.2264633179,59144,59154,10
12.8571195602,80.2263183594,59154,59164,10
12.858300209,80.2262268066,59164,59174,10
12.859459877,80.226348877,59174,59184,10
12.8606300354,80.2265014648,59184,59194,10
12.8609600067,80.2265396118,59194,59204,10
12.8614196777,80.2265396118,59204,59214,10
12.8622598648,80.2265167236,59214,59225,11
12.8634300232,80.2265014648,59225,59235,10
12.864689827,80.2265472412,59235,59245,10
12.8657999039,80.2265777588,59245,59255,10
12.8667001724,80.2265014648,59255,59265,10
12.8676204681,80.2264099121,59265,59275,10
12.8686800003,80.2263717651,59275,59285,10
12.8697900772,80.2264785767,59285,59295,10
12.8708400726,80.2265930176,59295,59306,11
12.8720397949,80.2266311646,59306,59316,10
12.8737096786,80.2267227173,59316,59326,10
12.8737096786,80.2267227173,59326,59336,10
12.8748397827,80.2268295288,59336,59346,10
12.8760204315,80.2269363403,59346,59356,10
12.8766298294,80.2269210815,59356,59366,10
12.8767595291,80.226890564,59366,59376,10
12.8773403168,80.2268600464,59376,59388,12
12.8783397675,80.2267990112,59388,59398,10
12.8794898987,80.2267608643,59398,59408,10
12.8808803558,80.2267379761,59408,59418,10
12.8821802139,80.2267379761,59418,59428,10
12.8833799362,80.2267303467,59428,59438,10
12.8846998215,80.2266769409,59438,59448,10
12.8852996826,80.2266998291,59448,59458,10
12.8854799271,80.2267227173,59458,59469,11
12.8862495422,80.2269287109,59469,59479,10
12.8872203827,80.227180481,59479,59489,10
12.8883895874,80.2273635864,59489,59499,10
12.8896503448,80.2273712158,59499,59509,10
12.8909597397,80.2273712158,59509,59519,10
12.8921604156,80.2273788452,59519,59529,10
12.8933200836,80.2274932861,59529,59539,10
12.8944396973,80.2276229858,59539,59550,11
12.8958101273,80.2276763916,59550,59560,10
12.8970403671,80.227722168,59560,59570,10
12.8981704712,80.2277832031,59570,59580,10
12.8992595673,80.2278366089,59580,59590,10
12.9006004333,80.2279129028,59590,59681,91
12.9006004333,80.2279129028,59681,59691,10
12.9006595612,80.2279968262,59691,59701,10
12.9009799957,80.2279968262,59701,59712,11
12.9014596939,80.2280197144,59712,59722,10
12.9020004272,80.2280197144,59722,59732,10
12.9025096893,80.2280502319,59732,59742,10
12.9028396606,80.2280502319,59742,59762,20
12.9028396606,80.2280502319,59762,59772,10
12.9032497406,80.2280578613,59772,59782,10
12.9040002823,80.2281265259,59782,59792,10
12.9050598145,80.2281799316,59792,59803,11
12.9062204361,80.2282333374,59803,59813,10
12.9068698883,80.2282791138,59813,59823,10
12.906920433,80.2282791138,59823,59833,10
12.9072999954,80.2283325195,59833,59843,10
12.9080095291,80.2284622192,59843,59853,10
12.9090003967,80.2286300659,59853,59863,10
12.910200119,80.2288284302,59863,59873,10
12.9114999771,80.229019165,59873,59884,11
12.9129600525,80.2292175293,59884,59894,10
12.9138898849,80.2293014526,59894,59904,10
12.9139499664,80.229309082,59904,59914,10
12.9143800735,80.2293930054,59914,59924,10
12.9151296616,80.2294769287,59924,59934,10
12.9160499573,80.2296218872,59934,59944,10
12.916970253,80.2297515869,59944,59954,10
12.9172201157,80.2297592163,59954,59965,11
12.9175901413,80.2298126221,59965,59975,10
12.9182901382,80.2299194336,59975,59985,10
12.9190797806,80.2300186157,59985,59995,10
12.9200496674,80.230140686,59995,60005,10
12.9211902618,80.2302932739,60005,60015,10
12.9224300385,80.23046875,60015,60025,10
12.9237098694,80.2306594849,60025,60035,10
12.9250497818,80.2308273315,60035,60046,11
12.926199913,80.2309265137,60046,60056,10
12.9263296127,80.2309494019,60056,60066,10
12.9265899658,80.2309799194,60066,60076,10
12.9272403717,80.2310562134,60076,60086,10
12.9281101227,80.2311630249,60086,60096,10
12.9291095734,80.2313537598,60096,60106,10
12.9300403595,80.2315979004,60106,60116,10
12.9310703278,80.2319030762,60116,60127,11
12.9321899414,80.2322463989,60127,60137,10
12.9331197739,80.2325668335,60137,60147,10
12.9336004257,80.2327575684,60147,60157,10
12.9336595535,80.2328109741,60157,60167,10
12.9340496063,80.2329788208,60167,60187,20
12.9340496063,80.2329788208,60187,60197,10
12.9342298508,80.2330703735,60197,60208,11
12.9342699051,80.2330932617,60208,60218,10
12.934419632,80.2331619263,60218,60258,40
12.934419632,80.2331619263,60258,60268,10
12.9347600937,80.2333679199,60268,60278,10
12.9350595474,80.2334976196,60278,60289,11
12.935259819,80.233581543,60289,60309,20
12.935259819,80.233581543,60309,60319,10
12.935500145,80.2336807251,60319,60329,10
12.9357995987,80.2338180542,60329,60339,10
12.9363603592,80.2340927124,60339,60349,10
12.9369096756,80.2343597412,60349,60359,10
12.9376497269,80.2347106934,60359,60370,11
12.9386196136,80.2351837158,60370,60380,10
12.9394598007,80.2356262207,60380,60390,10
12.9402999878,80.2359924316,60390,60400,10
12.9413299561,80.2362518311,60400,60410,10
12.9424495697,80.236541748,60410,60420,10
12.9434204102,80.2371368408,60420,60430,10
12.9442300797,80.2379837036,60430,60439,9
12.9449501038,80.2387466431,60439,60451,12
12.9459695816,80.2395019531,60451,60461,10
12.9467401505,80.2397918701,60461,60471,10
12.9471101761,80.2399368286,60471,60481,10
12.9474496841,80.2400817871,60481,60491,10
12.9475002289,80.2400970459,60491,60501,10
12.9479398727,80.2402877808,60501,60511,10
12.9487600327,80.2406082153,60511,60531,20
12.9487600327,80.2406082153,60531,60542,11
12.9488697052,80.2406463623,60542,60552,10
12.9492702484,80.2408218384,60552,60562,10
12.949640274,80.2409515381,60562,60572,10
12.9503297806,80.2411575317,60572,60582,10
12.950920105,80.241317749,60582,60592,10
12.9511604309,80.2414093018,60592,60602,10
12.951499939,80.2415237427,60602,60612,10
12.9519701004,80.2416992188,60612,60623,11
12.9527597427,80.2419967651,60623,60633,10
12.9535503387,80.2423095703,60633,60643,10
12.9543199539,80.2426223755,60643,60653,10
12.9549398422,80.2428588867,60653,60663,10
12.9553203583,80.2429885864,60663,60673,10
12.9554595947,80.2430267334,60673,60754,81
12.9558200836,80.2431793213,60754,60795,41
12.9558200836,80.2431793213,60795,60805,10
12.9561300278,80.2433013916,60805,60815,10
12.9562702179,80.243347168,60815,60825,10
12.9563503265,80.2433776855,60825,60835,10
12.9564800262,80.2434463501,60835,60845,10
12.9569301605,80.2436294556,60845,60855,10
12.9576597214,80.2439727783,60855,60866,11
12.9584903717,80.2443237305,60866,60876,10
12.9587097168,80.2444000244,60876,60886,10
12.9589099884,80.2445297241,60886,60896,10
12.9593601227,80.2447433472,60896,60906,10
12.9600496292,80.2450408936,60906,60916,10
12.9609298706,80.2454376221,60916,60926,10
12.9619598389,80.2459411621,60926,60936,10
12.9628801346,80.2463989258,60936,60947,11
12.9637498856,80.2468414307,60947,60957,10
12.9646596909,80.2471923828,60957,60967,10
12.9656801224,80.2475509644,60967,60977,10
12.9663095474,80.2477722168,60977,60987,10
12.9664897919,80.247833252,60987,60997,10
12.9667797089,80.2480010986,60997,61007,10
12.9672899246,80.2482681274,61007,61017,10
12.9681196213,80.2486114502,61017,61028,11
12.9693002701,80.2490768433,61028,61038,10
12.970459938,80.2495498657,61038,61048,10
12.971739769,80.2499389648,61048,61058,10
12.9730195999,80.2502822876,61058,61068,10
12.9741001129,80.2505493164,61068,61078,10
12.9752397537,80.2508926392,61078,61088,10
12.9764699936,80.2512435913,61088,61098,10
12.9776601791,80.2517623901,61098,61109,11
12.9785299301,80.2523803711,61109,61119,10
12.9786195755,80.2524337769,61119,61129,10
12.9788799286,80.2525405884,61129,61139,10
12.9794597626,80.2526397705,61139,61169,30
12.9794597626,80.2526397705,61169,61179,10
12.9796104431,80.2526702881,61179,61190,11
12.9799900055,80.2527008057,61190,61200,10
12.9804601669,80.2527084351,61200,61210,10
12.9812498093,80.2526779175,61210,61220,10
12.9822397232,80.2526702881,61220,61230,10
12.9834604263,80.2525482178,61230,61240,10
12.9847002029,80.2522201538,61240,61250,10
12.9858999252,80.2518920898,61250,61260,10
12.9867801666,80.2516708374,61260,61271,11
12.9874200821,80.2514190674,61271,61382,111
12.9874200821,80.2514190674,61382,61392,10
12.9875297546,80.251411438,61392,61402,10
12.9878997803,80.2513580322,61402,61412,10
12.9885702133,80.2511978149,61412,61422,10
12.9893198013,80.2509994507,61422,61432,10
12.9895095825,80.2509613037,61432,61443,11
12.9902000427,80.250793457,61443,61453,10
12.991060257,80.2505722046,61453,61463,10
12.992099762,80.2502975464,61463,61473,10
12.9932498932,80.2500076294,61473,61483,10
12.9942398071,80.2497634888,61483,61493,10
12.9955701828,80.2493972778,61493,61503,10
12.9964504242,80.2491531372,61503,61513,10
12.9965600967,80.249130249,61513,61524,11
12.9967403412,80.2491378784,61524,61534,10
12.997300148,80.2489929199,61534,61544,10
12.9981203079,80.2487716675,61544,61554,10
12.9991502762,80.2485198975,61554,61564,10
13.0003299713,80.2482223511,61564,61574,10
13.0016002655,80.2479019165,61574,61584,10
13.0027303696,80.2476501465,61584,61594,10
13.0039100647,80.2474517822,61594,61605,11
13.005200386,80.2472763062,61605,61615,10
13.0064496994,80.2466583252,61615,61635,20
13.0064496994,80.2466583252,61635,61645,10
13.0065402985,80.2465133667,61645,61655,10
13.0066299438,80.2459030151,61655,61665,10
13.0066604614,80.2450637817,61665,61675,10
13.006649971,80.244178772,61675,61686,11
13.0066404343,80.2438201904,61686,61696,10
13.0066404343,80.243598938,61696,61706,10
13.0066099167,80.243057251,61706,61716,10
13.0065803528,80.2421875,61716,61726,10
13.0066099167,80.2412261963,61726,61736,10
13.0066795349,80.2406692505,61736,61746,10
13.006770134,80.2402191162,61746,61756,10
13.0069904327,80.2394790649,61756,61767,11
13.0071697235,80.2383728027,61767,61777,10
13.0073604584,80.2374420166,61777,61787,10
13.0074195862,80.2370376587,61787,61797,10
13.007399559,80.2369232178,61797,61807,10
13.0074596405,80.236618042,61807,61817,10
13.0076198578,80.236000061,61817,61827,10
13.0077896118,80.2351531982,61827,61837,10
13.0079803467,80.2341384888,61837,61848,11
13.0082197189,80.2329788208,61848,61858,10
13.008480072,80.2317581177,61858,61868,10
13.0087499619,80.2304229736,61868,61878,10
13.0090103149,80.2292022705,61878,61888,10
13.0092697144,80.2280502319,61888,61898,10
13.0097398758,80.2269134521,61898,61908,10
13.0103197098,80.2257385254,61908,61918,10
13.0108604431,80.2245483398,61918,61929,11
13.0113601685,80.2233734131,61929,61949,20
13.0113601685,80.2233734131,61949,61959,10
13.0114898682,80.2231216431,61959,61969,10
13.0117101669,80.2225189209,61969,61979,10
13.0119600296,80.2216415405,61979,61989,10
13.0123500824,80.2215499878,61989,61999,10
13.0128002167,80.2221603394,61999,62010,11
13.0135498047,80.2229614258,62010,62020,10
13.0142402649,80.2237930298,62020,62030,10
13.0149097443,80.2245483398,62030,62040,10
13.0154600143,80.2250289917,62040,62050,10
13.0156002045,80.225112915,62050,62060,10
13.0158596039,80.2252731323,62060,62070,10
13.0164699554,80.2253189087,62070,62080,10
13.0171604156,80.2250900269,62080,62090,10
13.0180797577,80.2247161865,62090,62101,11
13.0190200806,80.2243728638,62101,62111,10
13.0195198059,80.224357605,62111,62121,10
13.0195302963,80.2243728638,62121,62131,10
13.0196695328,80.2244720459,62131,62141,10
13.0201101303,80.2247924805,62141,62151,10
13.0205898285,80.225151062,62151,62161,10
13.0210103989,80.2254562378,62161,62171,10
13.0214195251,80.2257919312,62171,62182,11
13.0218496323,80.2260971069,62182,62192,10
13.022359848,80.2265472412,62192,62202,10
13.0230398178,80.2271499634,62202,62212,10
13.0235996246,80.2276916504,62212,62222,10
13.0240402222,80.2280578613,62222,62232,10
13.0244102478,80.2284698486,62232,62263,31
13.0244102478,80.2284698486,62263,62273,10
13.0244398117,80.2285385132,62273,62283,10
13.024310112,80.2286224365,62283,62293,10
13.0240602493,80.2284164429,62293,62303,10
13.0236101151,80.2279281616,62303,62951,648
13.0236101151,80.2279281616,62951,62961,10
13.0234003067,80.2276077271,62961,62971,10
13.0231399536,80.2273864746,62971,62981,10
13.023059845,80.2272796631,62981,62992,11
13.0227403641,80.2269592285,62992,63002,10
13.0222702026,80.2265090942,63002,63012,10
13.0216503143,80.2260131836,63012,63022,10
13.021030426,80.2255172729,63022,63032,10
13.0205402374,80.2251815796,63032,63042,10
13.0202302933,80.2249832153,63042,63052,10
13.0198001862,80.2246780396,63052,63062,10
13.0190601349,80.2244567871,63062,63073,11
13.0181598663,80.2247085571,63073,63083,10
13.0174198151,80.2250289917,63083,63093,10
13.0167703629,80.2252883911,63093,63103,10
13.0164499283,80.225440979,63103,63113,10
13.0161104202,80.2255630493,63113,63123,10
13.0155601501,80.2257385254,63123,63133,10
13.0148601532,80.226020813,63133,63143,10
13.0143995285,80.2261962891,63143,63154,11
13.0143203735,80.2262268066,63154,63164,10
13.014169693,80.2262802124,63164,63174,10
13.0136804581,80.2264633179,63174,63184,10
13.0129098892,80.2267608643,63184,63194,10
13.0119600296,80.2271194458,63194,63204,10
13.010890007,80.2275695801,63204,63214,10
13.0098199844,80.2279891968,63214,63224,10
13.0091400146,80.2284622192,63224,63235,11
13.0089502335,80.2294235229,63235,63245,10
13.008769989,80.2304077148,63245,63255,10
13.0085897446,80.2313690186,63255,63265,10
13.0084495544,80.2321166992,63265,63275,10
13.0083599091,80.2325973511,63275,63285,10
13.0082902908,80.2329330444,63285,63295,10
13.0082197189,80.2335586548,63295,63316,21
13.0082197189,80.2335586548,63316,63326,10
13.0081501007,80.2338027954,63326,63336,10
13.008099556,80.2340087891,63336,63346,10
13.0079202652,80.2349624634,63346,63366,20
13.0079202652,80.2349624634,63366,63376,10
13.0078296661,80.2353591919,63376,63386,10
13.0076799393,80.2360992432,63386,63397,11
13.0074396133,80.2372436523,63397,63407,10
13.0072402954,80.2383575439,63407,63417,10
13.0071697235,80.2387695313,63417,63467,50
13.0071697235,80.2387695313,63467,63478,11
13.0071401596,80.2390365601,63478,63488,10
13.0070695877,80.239402771,63488,63498,10
13.0069799423,80.2399520874,63498,63508,10
13.0068902969,80.2405166626,63508,63518,10
13.0068502426,80.240737915,63518,63528,10
13.0067996979,80.2412414551,63528,63538,10
13.0067596436,80.2420196533,63538,63548,10
13.0067300797,80.2427597046,63548,63559,11
13.0067195892,80.243522644,63559,63569,10
13.0066995621,80.2440414429,63569,63579,10
13.0066900253,80.244758606,63579,63589,10
13.0066900253,80.2456283569,63589,63599,10
13.0066995621,80.246421814,63599,63609,10
13.0067195892,80.2471923828,63609,63619,10
13.0064096451,80.2474212646,63619,63629,10
13.0062599182,80.2474136353,63629,63639,10
13.0058403015,80.2473526001,63639,63650,11
13.0050897598,80.2473297119,63650,63660,10
13.004119873,80.2474212646,63660,63670,10
13.0031099319,80.2475814819,63670,63680,10
13.0021400452,80.247756958,63680,63690,10
13.0010595322,80.2480316162,63690,63700,10
12.9998703003,80.2483291626,63700,63710,10
12.9986896515,80.248626709,63710,63720,10
12.9981403351,80.2487869263,63720,63731,11
12.9978704453,80.248840332,63731,63741,10
12.9972000122,80.2489700317,63741,63751,10
12.9962997437,80.2491989136,63751,63761,10
12.9951696396,80.24949646,63761,63771,10
12.993929863,80.2498168945,63771,63781,10
12.9926204681,80.2501373291,63781,63791,10
12.9914598465,80.2504501343,63791,63801,10
12.9910497665,80.250579834,63801,63812,11
12.9906797409,80.2506484985,63812,63822,10
12.9899597168,80.250831604,63822,63832,10
12.9889602661,80.251083374,63832,63842,10
12.9882097244,80.2512969971,63842,64358,516
12.9882097244,80.2512969971,64358,64368,10
12.9879102707,80.2513885498,64368,64379,11
12.9875297546,80.2514724731,64379,64389,10
12.9871301651,80.2515716553,64389,64399,10
12.9866399765,80.251701355,64399,64409,10
12.9860401154,80.2518386841,64409,64419,10
12.9852199554,80.2520523071,64419,64429,10
12.9842500687,80.2523193359,64429,64439,10
12.9832897186,80.2525482178,64439,64449,10
12.9823198318,80.2526397705,64449,64460,11
12.9812803268,80.2526702881,64460,64470,10
12.9804697037,80.2527236938,64470,64480,10
12.9801301956,80.2527236938,64480,64510,30
12.9801301956,80.2527236938,64510,64520,10
12.9799604416,80.2526626587,64520,64530,10
12.9795799255,80.2526168823,64530,64540,10
12.9793395996,80.2526016235,64540,64551,11
12.9787902832,80.2525634766,64551,64561,10
12.9785995483,80.252532959,64561,64571,10
12.9785900116,80.2525405884,64571,64581,10
12.9782304764,80.2522964478,64581,64591,10
12.977640152,80.2517776489,64591,64601,10
12.9767599106,80.2512817383,64601,64611,10
12.9757604599,80.2509765625,64611,64621,10
12.9746704102,80.2506637573,64621,64632,11
12.9735097885,80.2503509521,64632,64642,10
12.9724397659,80.2500686646,64642,64652,10
12.9713401794,80.2497711182,64652,64662,10
12.9703197479,80.249458313,64662,64672,10
12.9693098068,80.2490692139,64672,64682,10
12.96833992,80.2487411499,64682,64692,10
12.9674396515,80.2483825684,64692,64702,10
12.9667901993,80.2480621338,64702,64713,11
12.9663801193,80.2478637695,64713,64723,10
12.9658498764,80.2476425171,64723,64733,10
12.9652795792,80.2474365234,64733,64743,10
12.9652700424,80.2474365234,64743,64753,10
12.9649095535,80.2473068237,64753,64763,10
12.9642601013,80.2470703125,64763,64773,10
12.9637298584,80.2468795776,64773,64783,10
12.9631900787,80.2465896606,64783,64794,11
12.9623498917,80.2461624146,64794,64804,10
12.9614200592,80.2456970215,64804,64814,10
12.9605102539,80.245262146,64814,64824,10
12.9597396851,80.2449417114,64824,64834,10
12.9595003128,80.2448425293,64834,64844,10
12.9594097137,80.2447814941,64844,64854,10
12.9590997696,80.2446212769,64854,64864,10
12.9584798813,80.2443313599,64864,64875,11
12.9578104019,80.2440567017,64875,64885,10
12.9571399689,80.2438583374,64885,64895,10
12.9565000534,80.2437133789,64895,64905,10
12.9563999176,80.2436676025,64905,64915,10
12.956029892,80.2435073853,64915,64925,10
12.9555196762,80.2432098389,64925,64935,10
12.9545698166,80.2427368164,64935,64945,10
12.9538602829,80.2424468994,64945,64956,11
12.9530000687,80.2421035767,64956,64966,10
12.9522104263,80.2418136597,64966,64976,10
12.9517297745,80.2416381836,64976,64986,10
12.9516201019,80.2416229248,64986,64996,10
12.9514102936,80.2415390015,64996,65006,10
12.9508104324,80.241317749,65006,65016,10
12.9499902725,80.2410888672,65016,65026,10
12.9492301941,80.2408599854,65026,65037,11
12.9484996796,80.240562439,65037,65047,10
12.9471797943,80.240020752,65047,65067,20
12.9471797943,80.240020752,65067,65077,10
12.9468297958,80.2398529053,65077,65087,10
12.9462404251,80.2396011353,65087,65097,10
12.9454898834,80.2392501831,65097,65107,10
12.9448099136,80.2387008667,65107,65118,11
12.9441204071,80.237953186,65118,65128,10
12.9433803558,80.237159729,65128,65138,10
12.9423999786,80.2364807129,65138,65148,10
12.941280365,80.2361602783,65148,65158,10
12.9398498535,80.2357788086,65158,65178,20
12.9398498535,80.2357788086,65178,65188,10
12.9396600723,80.2356872559,65188,65199,11
12.9390201569,80.2353591919,65199,65209,10
12.9382200241,80.2349624634,65209,65219,10
12.9372301102,80.2344665527,65219,65229,10
12.9361600876,80.2339782715,65229,65239,10
12.9351902008,80.233543396,65239,65249,10
12.9342403412,80.2331237793,65249,65259,10
12.9339599609,80.233001709,65259,65269,10
12.9338598251,80.2329406738,65269,65279,10
12.9332304001,80.2326507568,65279,65290,11
12.9324102402,80.2323303223,65290,65300,10
12.9317598343,80.2321166992,65300,65310,10
12.9312601089,80.2319717407,65310,65320,10
12.9304504395,80.2317199707,65320,65330,10
12.9297103882,80.2315292358,65330,65340,10
12.9290895462,80.2313995361,65340,65350,10
12.9289598465,80.2313690186,65350,65360,10
12.928560257,80.2312927246,65360,65371,11
12.9277296066,80.2311706543,65371,65381,10
12.9267702103,80.2310562134,65381,65391,10
12.9260702133,80.2309875488,65391,65401,10
12.9257602692,80.2309570313,65401,65411,10
12.9251499176,80.2308807373,65411,65421,10
12.9243297577,80.230758667,65421,65431,10
12.9232997894,80.2305984497,65431,65441,10
12.9221096039,80.2304077148,65441,65452,11
12.9206895828,80.23021698,65452,65462,10
12.9193897247,80.2300491333,65462,65472,10
12.9181404114,80.229888916,65472,65482,10
12.9169797897,80.2297515869,65482,65492,10
12.9158000946,80.2295837402,65492,65502,10
12.914560318,80.2294006348,65502,65512,10
12.9137296677,80.2293014526,65512,65522,10
12.9133701324,80.2292785645,65522,65533,11
12.9132499695,80.2292633057,65533,65543,10
12.9126996994,80.2291717529,65543,65553,10
12.9118795395,80.2290420532,65553,65563,10
12.9108495712,80.2288970947,65563,65573,10
12.9096899033,80.2287063599,65573,65583,10
12.9084396362,80.2285003662,65583,65593,10
12.9072799683,80.2283477783,65593,65644,51
12.9071798325,80.2284164429,65644,65664,20
12.9071798325,80.2284164429,65664,65674,10
12.9070396423,80.2283782959,65674,65684,10
12.9065904617,80.2283096313,65684,65695,11
12.9062995911,80.2282562256,65695,65705,10
12.9061698914,80.2282409668,65705,65715,10
12.9057798386,80.2282028198,65715,65725,10
12.9050302505,80.2281723022,65725,65735,10
12.9041795731,80.2281188965,65735,65745,10
12.9033498764,80.2280807495,65745,65755,10
12.9028902054,80.2280502319,65755,65765,10
12.9024600983,80.2280273438,65765,65776,11
12.9020996094,80.2280197144,65776,65786,10
12.9016103745,80.2279891968,65786,65796,10
12.9011201859,80.2279663086,65796,65806,10
12.9005098343,80.227897644,65806,65816,10
12.899889946,80.2278671265,65816,65826,10
12.8995399475,80.2278671265,65826,65836,10
12.8992500305,80.2278518677,65836,65846,10
12.8991699219,80.2278366089,65846,65857,11
12.8990898132,80.2278213501,65857,65867,10
12.8985900879,80.2277832031,65867,65877,10
12.8978004456,80.2277374268,65877,65887,10
12.8968696594,80.2276611328,65887,65897,10
12.8957300186,80.2276229858,65897,65907,10
12.894490242,80.2275619507,65907,65917,10
12.8933801651,80.2274780273,65917,65927,10
12.8926496506,80.2274017334,65927,65958,31
12.8926496506,80.2274017334,65958,65968,10
12.8925895691,80.2273788452,65968,65978,10
12.8921298981,80.2273406982,65978,65988,10
12.8913402557,80.2273025513,65988,65998,10
12.8905696869,80.2273025513,65998,66008,10
12.8891801834,80.2273101807,66008,66019,11
12.8878002167,80.2272491455,66019,66029,10
12.8865203857,80.2270202637,66029,66039,10
12.885310173,80.2267303467,66039,66049,10
12.8847303391,80.2266921997,66049,66059,10
12.8846197128,80.2266921997,66059,66069,10
12.8841104507,80.2266769409,66069,66079,10
12.883310318,80.2266769409,66079,66089,10
12.8822803497,80.2266921997,66089,66099,10
12.8809604645,80.2266998291,66099,66110,11
12.8796701431,80.2267074585,66110,66120,10
12.8783397675,80.2267684937,66120,66130,10
12.8770198822,80.2268676758,66130,66140,10
12.8764400482,80.2269363403,66140,66150,10
12.8762798309,80.2269515991,66150,66160,10
12.8756904602,80.2269363403,66160,66170,10
12.874830246,80.2268600464,66170,66180,10
12.8737297058,80.2267227173,66180,66191,11
12.8728103638,80.2266921997,66191,66201,10
12.8725404739,80.2266769409,66201,66211,10
12.872130394,80.2266693115,66211,66221,10
12.8713798523,80.2266387939,66221,66231,10
12.8704395294,80.2265777588,66231,66241,10
12.8692998886,80.2264633179,66241,66251,10
12.868060112,80.2263717651,66251,66261,10
12.8667802811,80.2264785767,66261,66272,11
12.8653802872,80.2265701294,66272,66282,10
12.8640804291,80.2265319824,66282,66292,10
12.8627796173,80.2265090942,66292,66302,10
12.8615999222,80.2265701294,66302,66312,10
12.8610801697,80.2265930176,66312,66322,10
12.8608598709,80.2265701294,66322,66332,10
12.8601903915,80.2264785767,66332,66342,10
12.859290123,80.2263565063,66342,66353,11
12.8584604263,80.2262496948,66353,66363,10
12.8575401306,80.2262268066,66363,66373,10
12.8563995361,80.2263336182,66373,66383,10
12.8551702499,80.2264633179,66383,66393,10
12.8538703918,80.2265777588,66393,66403,10
12.852519989,80.2266311646,66403,66413,10
12.8511400223,80.2265625,66413,66423,10
12.849820137,80.2265319824,66423,66434,11
12.8488397598,80.2265396118,66434,66444,10
12.8479795456,80.2265396118,66444,66454,10
12.8468799591,80.2265625,66454,66464,10
12.8460998535,80.2265777588,66464,66474,10
12.846039772,80.2265701294,66474,66484,10
12.8456296921,80.2265777588,66484,66504,20
12.8456296921,80.2265777588,66504,66515,11
12.8452301025,80.2265625,66515,66525,10
12.8445301056,80.226600647,66525,66535,10
12.8436603546,80.2266693115,66535,66545,10
12.8425397873,80.2268829346,66545,66555,10
12.8412904739,80.2271881104,66555,66565,10
12.8402395248,80.2275085449,66565,66575,10
12.8397703171,80.2276611328,66575,66585,10
12.839679718,80.2276763916,66585,66596,11
12.8393802643,80.2277832031,66596,66606,10
12.8387203217,80.2279281616,66606,66616,10
12.8378400803,80.2281417847,66616,66626,10
12.8367204666,80.2283096313,66626,66636,10
12.8354797363,80.2284927368,66636,66646,10
12.8341598511,80.2286911011,66646,66656,10
12.8330001831,80.2289199829,66656,66666,10
12.8323402405,80.2290802002,66666,66677,11
12.8323202133,80.2290802002,66677,66687,10
12.8322296143,80.2291030884,66687,66697,10
12.8320999146,80.229133606,66697,66707,10
12.8317403793,80.2291870117,66707,66717,10
12.8310604095,80.2293777466,66717,66727,10
12.830160141,80.2297210693,66727,66737,10
12.8290901184,80.230140686,66737,66747,10
12.8279895782,80.2307128906,66747,66758,11
12.8267402649,80.2312698364,66758,66768,10
12.8254995346,80.2313690186,66768,66778,10
12.8242502213,80.2312469482,66778,66788,10
12.8229999542,80.2308883667,66788,66798,10
12.8217401505,80.2305221558,66798,66808,10
12.8205795288,80.2304229736,66808,66818,10
12.8196296692,80.2304382324,66818,66828,10
12.8189601898,80.2304534912,66828,66839,11
12.8188800812,80.2304382324,66839,66849,10
12.8186798096,80.2303619385,66849,66859,10
12.8180999756,80.2300872803,66859,66869,10
12.8173398972,80.2297286987,66869,66879,10
12.8163700104,80.2294387817,66879,66889,10
12.8152103424,80.2292785645,66889,66899,10
12.8140697479,80.2290802002,66899,66909,10
12.8129701614,80.2287521362,66909,66920,11
12.8117799759,80.2283172607,66920,66930,10
12.8106203079,80.2278823853,66930,66940,10
12.809510231,80.2274017334,66940,66950,10
12.8086299896,80.2268066406,66950,66960,10
12.8078403473,80.2261428833,66960,66970,10
12.8071203232,80.2255325317,66970,66980,10
12.806520462,80.2249908447,66980,66990,10
12.8058595657,80.2244033813,66990,67001,11
12.8051099777,80.2239990234,67001,67011,10
12.8049602509,80.2239685059,67011,67021,10
12.804889679,80.2239532471,67021,67031,10
12.8045597076,80.2238998413,67031,67041,10
12.8038702011,80.2238464355,67041,67051,10
12.8030195236,80.2237625122,67051,67061,10
12.8021097183,80.2236404419,67061,67071,10
12.801440239,80.2235794067,67071,67082,11
12.8007602692,80.2235031128,67082,67092,10
12.7998895645,80.2234115601,67092,67102,10
12.7988996506,80.2233200073,67102,67112,10
12.7976903915,80.223197937,67112,67122,10
12.7965898514,80.2230072021,67122,67132,10
12.7958602905,80.22290802,67132,67142,10
12.7958498001,80.22290802,67142,67152,10
12.7954597473,80.2228393555,67152,67163,11
12.7946596146,80.2226867676,67163,67173,10
12.7938098907,80.2225494385,67173,67183,10
12.7929096222,80.2224121094,67183,67193,10
12.791970253,80.2222213745,67193,67203,10
12.7909202576,80.2219696045,67203,67213,10
12.7899398804,80.2217178345,67213,67223,10
12.7892398834,80.2214889526,67223,67233,10
12.7885503769,80.2212295532,67233,67243,10
12.7879104614,80.2209701538,67243,67254,11
12.7873096466,80.2207489014,67254,67264,10
12.7868003845,80.2205581665,67264,67274,10
12.786359787,80.2203903198,67274,67284,10
12.7861404419,80.2204208374,67284,67314,30
12.7861404419,80.2204208374,67314,67324,10
12.7861404419,80.220741272,67324,67335,11
12.7861499786,80.2209625244,67335,67345,10
12.7861604691,80.2212219238,67345,67355,10
12.7861700058,80.2214126587,67355,67365,10
12.7862195969,80.2219161987,67365,68641,1276
12.7862195969,80.2219161987,68641,68651,10
12.7861700058,80.2215118408,68651,68661,10
12.7861404419,80.2212524414,68661,68671,10
12.7861404419,80.2210006714,68671,68681,10
12.7861099243,80.220489502,68681,68783,102
12.7861099243,80.220489502,68783,68793,10
12.7863798141,80.2203826904,68793,68813,20
12.7863798141,80.2203826904,68813,68823,10
12.7864599228,80.220451355,68823,68833,10
12.7866802216,80.2205429077,68833,68843,10
12.7870397568,80.2206726074,68843,68853,10
12.7874002457,80.2208099365,68853,68864,11
12.7878904343,80.220993042,68864,68874,10
12.788479805,80.221206665,68874,68884,10
12.7890100479,80.2214202881,68884,68894,10
12.7895002365,80.2215881348,68894,68904,10
12.7897996902,80.2217025757,68904,68914,10
12.7903604507,80.2218399048,68914,68924,10
12.7910299301,80.2220001221,68924,68934,10
12.7918395996,80.2221984863,68934,68945,11
12.7928104401,80.2223968506,68945,68955,10
12.793680191,80.2225189209,68955,68965,10
12.7944698334,80.2226409912,68965,68975,10
12.7952003479,80.2227630615,68975,68985,10
12.7959804535,80.2228927612,68985,68995,10
12.7962999344,80.2229309082,68995,69005,10
12.796380043,80.2229537964,69005,69015,10
12.7967700958,80.2230224609,69015,69025,10
12.7975196838,80.2231826782,69025,69036,11
12.7983598709,80.2232971191,69036,69046,10
12.7992401123,80.2233963013,69046,69056,10
12.8001499176,80.2234725952,69056,69066,10
12.8009595871,80.2235412598,69066,69076,10
12.8017997742,80.2236175537,69076,69086,10
12.8026199341,80.2237167358,69086,69096,10
12.8032398224,80.2238006592,69096,69106,10
12.8038301468,80.2238616943,69106,69117,11
12.8043899536,80.2238922119,69117,69127,10
12.8049602509,80.2239837646,69127,69137,10
12.8054304123,80.2240982056,69137,69147,10
12.8054895401,80.2241210938,69147,69157,10
12.8058004379,80.2243270874,69157,69167,10
12.8063097,80.2247695923,69167,69177,10
12.8069200516,80.2253189087,69177,69187,10
12.8075304031,80.2258377075,69187,69198,11
12.8083400726,80.2265319824,69198,69208,10
12.8092298508,80.2272262573,69208,69218,10
12.8101797104,80.2277069092,69218,69228,10
12.81112957,80.2281112671,69228,69238,10
12.8121204376,80.2284698486,69238,69248,10
12.8132400513,80.2288589478,69248,69258,10
12.8143701553,80.2291717529,69258,69268,10
12.8154697418,80.2293319702,69268,69279,11
12.8167104721,80.2295227051,69279,69289,10
12.817779541,80.2299194336,69289,69299,10
12.8186798096,80.2303466797,69299,69309,10
12.819560051,80.2304534912,69309,69319,10
12.8197898865,80.2304382324,69319,69329,10
12.8198795319,80.2304382324,69329,69339,10
12.8204402924,80.230430603,69339,69349,10
12.8213195801,80.2304534912,69349,69360,11
12.8225297928,80.23072052,69360,69370,10
12.8236503601,80.2310409546,69370,69380,10
12.8248195648,80.2313308716,69380,69390,10
12.826089859,80.2313232422,69390,69400,10
12.827249527,80.2311172485,69400,69410,10
12.8281698227,80.2306137085,69410,69420,10
12.8290901184,80.2301177979,69420,69430,10
12.8299598694,80.2297592163,69430,69441,11
12.8309202194,80.2293777466,69441,69542,101
12.8309202194,80.2293777466,69542,69552,10
12.8312997818,80.229309082,69552,69643,91
12.8312997818,80.229309082,69643,69653,10
12.8316898346,80.2291564941,69653,69663,10
12.8320503235,80.2290725708,69663,69673,10
12.8326702118,80.2289505005,69673,69684,11
12.8334598541,80.2287979126,69684,69694,10
12.8342199326,80.2286682129,69694,69704,10
12.835149765,80.2285079956,69704,69714,10
12.8360795975,80.2283706665,69714,69724,10
12.8370599747,80.2282180786,69724,69734,10
12.8379802704,80.2280807495,69734,69744,10
12.838760376,80.227897644,69744,69754,10
12.8392400742,80.2277374268,69754,69765,11
12.8393602371,80.2276992798,69765,69775,10
12.8394498825,80.2276687622,69775,69785,10
12.8398103714,80.2275772095,69785,69795,10
12.8402500153,80.2274627686,69795,69805,10
12.840880394,80.2273025513,69805,69815,10
12.8415298462,80.2271194458,69815,69825,10
12.8421802521,80.2269592285,69825,69835,10
12.84278965,80.2268371582,69835,69846,11
12.8434200287,80.2267532349,69846,69856,10
12.8439998627,80.2266769409,69856,69866,10
12.8446102142,80.2266082764,69866,69876,10
12.8453598022,80.2265396118,69876,69896,20
12.8453598022,80.2265396118,69896,69906,10
12.8454799652,80.2265396118,69906,69916,10
12.8456296921,80.2265319824,69916,69926,10
12.8458003998,80.2265319824,69926,69937,11
12.8463897705,80.2265396118,69937,69947,10
12.8471803665,80.2265396118,69947,69957,10
12.8481302261,80.2265396118,69957,69967,10
12.8492002487,80.2265319824,69967,69977,10
12.8498897552,80.2265319824,69977,69997,20
12.8498897552,80.2265319824,69997,70007,10
12.8500995636,80.2265319824,70007,70018,11
12.8506603241,80.2265396118,70018,70028,10
12.8513498306,80.2265625,70028,70038,10
12.8520202637,80.2265777588,70038,70048,10
12.8526802063,80.2266082764,70048,70058,10
12.8532896042,80.226600647,70058,70068,10
12.8537197113,80.2265472412,70068,70261,193
12.8537197113,80.2265472412,70261,70271,10
12.8539495468,80.2265396118,70271,70281,10
12.8544797897,80.2264862061,70281,70291,10
12.8551998138,80.2264175415,70291,70301,10
12.8560800552,80.2263336182,70301,70311,10
12.8570098877,80.2262268066,70311,70321,10
12.8578901291,80.2261810303,70321,70331,10
12.859000206,80.2262573242,70331,70342,11
12.8601903915,80.2264328003,70342,70352,10
12.8607501984,80.2264785767,70352,70362,10
12.8608999252,80.2265014648,70362,70372,10
12.861410141,80.2265167236,70372,70382,10
12.8621902466,80.2264862061,70382,70392,10
12.8631000519,80.2264404297,70392,70402,10
12.8641996384,80.2264785767,70402,70412,10
12.8654098511,80.2265167236,70412,70423,11
12.8667802811,80.2264328003,70423,70433,10
12.8680000305,80.22631073,70433,70443,10
12.8692398071,80.2263793945,70443,70453,10
12.8704500198,80.2265319824,70453,70463,10
12.8716402054,80.2266082764,70463,70473,10
12.8727397919,80.2266235352,70473,70483,10
12.8738803864,80.2266769409,70483,70493,10
12.8748703003,80.2267990112,70493,70504,11
12.87541008,80.2268295288,70504,70514,10
12.8756504059,80.226852417,70514,70524,10
12.8758201599,80.2268600464,70524,70534,10
12.8759899139,80.2268600464,70534,70544,10
12.8761701584,80.2268600464,70544,70554,10
12.8763904572,80.226852417,70554,70564,10
12.8765296936,80.226852417,70564,70574,10
12.8767204285,80.226852417,70574,70585,11
12.8771800995,80.2268066406,70585,70595,10
12.8771896362,80.2268066406,70595,70605,10
12.8775501251,80.2267990112,70605,70615,10
12.8781700134,80.2267608643,70615,70625,10
12.8789396286,80.2267227173,70625,70635,10
12.8797998428,80.2266769409,70635,70645,10
12.8808002472,80.2266693115,70645,70655,10
12.8818597794,80.2266616821,70655,70666,11
12.8830299377,80.2266387939,70666,70676,10
12.8839702606,80.2266387939,70676,70686,10
12.8847398758,80.2266235352,70686,70696,10
12.8851099014,80.2266387939,70696,70706,10
12.8851900101,80.2266387939,70706,70716,10
12.8852996826,80.2266693115,70716,70726,10
12.8857603073,80.2267837524,70726,70736,10
12.8865003586,80.2269821167,70736,70747,11
12.8875102997,80.2271881104,70747,70757,10
12.888420105,80.2272872925,70757,70767,10
12.88945961,80.2273178101,70767,70777,10
12.8906402588,80.2273025513,70777,70787,10
12.8919696808,80.2273025513,70787,70838,51
12.8919696808,80.2273025513,70838,70848,10
12.8921003342,80.2273101807,70848,70858,10
12.8925199509,80.2273406982,70858,70868,10
12.8932104111,80.2274093628,70868,70878,10
12.8940601349,80.2275238037,70878,70888,10
12.8950395584,80.2275619507,70888,70898,10
12.8958997726,80.2276000977,70898,70908,10
12.8966903687,80.2276306152,70908,70919,11
12.897769928,80.2276763916,70919,70929,10
12.8985700607,80.227722168,70929,70939,10
12.8992300034,80.2277679443,70939,70949,10
12.8995599747,80.2277679443,70949,70959,10
12.8997001648,80.2277679443,70959,70969,10
12.8998699188,80.2277679443,70969,70979,10
12.9003696442,80.2277984619,70979,70989,10
12.9008302689,80.2278366089,70989,71000,11
12.9013204575,80.2278823853,71000,71010,10
12.9016704559,80.227897644,71010,71020,10
12.9023504257,80.2279205322,71020,71030,10
12.9028701782,80.2279434204,71030,71070,40
12.9028701782,80.2279434204,71070,71081,11
12.9032096863,80.2279205322,71081,71091,10
12.9036998749,80.2279968262,71091,71101,10
12.9040699005,80.2280197144,71101,71111,10
12.9044599533,80.2280426025,71111,71121,10
12.9048995972,80.2280578613,71121,71131,10
12.9051904678,80.2280807495,71131,71141,10
12.9057102203,80.2281036377,71141,71151,10
12.9061899185,80.2281265259,71151,71162,11
12.906539917,80.2281723022,71162,71172,10
12.9069004059,80.2282028198,71172,71182,10
12.9069004059,80.2282104492,71182,71192,10
12.9071798325,80.2282562256,71192,71202,10
12.9078197479,80.2283401489,71202,71212,10
12.9086999893,80.2285232544,71212,71222,10
12.9097700119,80.2287063599,71222,71232,10
12.9108600616,80.2288894653,71232,71243,11
12.9118900299,80.2290420532,71243,71253,10
12.9126396179,80.2291183472,71253,71263,10
12.9132795334,80.2291793823,71263,71273,10
12.9134998322,80.2291870117,71273,71283,10
12.9135503769,80.2292098999,71283,71293,10
12.9136104584,80.2292175293,71293,71303,10
12.9137201309,80.2292404175,71303,71313,10
12.9138402939,80.2292480469,71313,71324,11
12.9142904282,80.2293167114,71324,71334,10
12.9149999619,80.2294387817,71334,71344,10
12.9159202576,80.2295837402,71344,71354,10
12.9170103073,80.2297286987,71354,71364,10
12.9180002213,80.2298583984,71364,71374,10
12.9185800552,80.2299499512,71374,71384,10
12.9190196991,80.2300033569,71384,71394,10
12.9195604324,80.2300720215,71394,71405,11
12.9203796387,80.2301712036,71405,71415,10
12.9213104248,80.2302932739,71415,71425,10
12.922419548,80.2304534912,71425,71435,10
12.9236297607,80.2306289673,71435,71445,10
12.9248504639,80.2307815552,71445,71455,10
12.9259901047,80.2309417725,71455,71465,10
12.9270601273,80.2310562134,71465,71475,10
12.9280004501,80.2311706543,71475,71486,11
12.928730011,80.231262207,71486,71506,20
12.928730011,80.231262207,71506,71516,10
12.9288396835,80.2312774658,71516,71526,10
12.929309845,80.2313766479,71526,71536,10
12.9300403595,80.2315292358,71536,71546,10
12.9309501648,80.2317886353,71546,71556,10
12.932009697,80.2321624756,71556,71567,11
12.9331197739,80.2325668335,71567,71577,10
12.9336500168,80.2328033447,71577,71587,10
12.9336795807,80.2328262329,71587,71597,10
12.934009552,80.233001709,71597,71607,10
12.9346704483,80.2332992554,71607,71617,10
12.9354600906,80.2336578369,71617,71627,10
12.936249733,80.2340316772,71627,71637,10
12.9372196198,80.2344818115,71637,71648,11
12.9383802414,80.2350311279,71648,71658,10
12.939160347,80.2353897095,71658,71668,10
12.9394102097,80.235496521,71668,71678,10
12.9395198822,80.2355804443,71678,71688,10
12.9399995804,80.235786438,71688,71698,10
12.940779686,80.236038208,71698,71708,10
12.941740036,80.2362670898,71708,71718,10
12.9428100586,80.2366485596,71718,71729,11
12.9435300827,80.2372436523,71729,71739,10
12.9440002441,80.2377700806,71739,71749,10
12.9444999695,80.2383117676,71749,71758,9
12.945400238,80.2391815186,71758,71769,11
12.9464797974,80.2396697998,71769,71779,10
12.9471797943,80.2399368286,71779,71789,10
12.9472398758,80.2399597168,71789,71799,10
12.9475603104,80.2400970459,71799,71810,11
12.9480400085,80.2403030396,71810,71820,10
12.9482603073,80.2404022217,71820,71830,10
12.9486503601,80.240562439,71830,71840,10
12.9492702484,80.2407913208,71840,71850,10
12.9500799179,80.2410583496,71850,71860,10
12.9506502151,80.2412185669,71860,71870,10
12.9507703781,80.2412490845,71870,71880,10
12.9511003494,80.2413635254,71880,71891,11
12.9514799118,80.2414932251,71891,71901,10
12.9515600204,80.2415237427,71901,71911,10
12.9516000748,80.2415390015,71911,71921,10
12.9520101547,80.2416915894,71921,71931,10
12.9526700974,80.2419586182,71931,71941,10
12.95333004,80.2422332764,71941,71951,10
12.9538497925,80.2424316406,71951,71960,9
12.9540395737,80.2425003052,71960,71972,12
12.9546403885,80.2427520752,71972,71982,10
12.9552297592,80.2429580688,71982,71992,10
12.9562597275,80.2433319092,71992,72022,30
12.9562597275,80.2433319092,72022,72032,10
12.9566698074,80.2434616089,72032,72042,10
12.9573097229,80.2437667847,72042,72052,10
12.9580602646,80.2441101074,72052,72063,11
12.9587802887,80.2443771362,72063,72073,10
12.9588603973,80.2444229126,72073,72083,10
12.9592103958,80.2446136475,72083,72093,10
12.9598503113,80.2449035645,72093,72103,10
12.9606704712,80.2452774048,72103,72113,10
12.9616699219,80.2457504272,72113,72123,10
12.9625396729,80.2461776733,72123,72133,10
12.9631099701,80.2464904785,72133,72184,51
12.9631099701,80.2464904785,72184,72194,10
12.9632902145,80.2466583252,72194,72204,10
12.9635400772,80.2467803955,72204,72214,10
12.9639501572,80.2469329834,72214,72225,11
12.9646396637,80.2471694946,72225,72235,10
12.9653997421,80.2474212646,72235,72245,10
12.9660701752,80.2476577759,72245,72255,10
12.9665603638,80.2478485107,72255,72275,20
12.9665603638,80.2478485107,72275,72285,10
12.9668197632,80.2479934692,72285,72295,10
12.9673299789,80.2482376099,72295,72306,11
12.9681997299,80.2486114502,72306,72316,10
12.9692001343,80.2490310669,72316,72326,10
12.9703397751,80.2494812012,72326,72336,10
12.971570015,80.2498474121,72336,72346,10
12.9728403091,80.2501831055,72346,72356,10
12.9740200043,80.2504806519,72356,72366,10
12.9752397537,80.250831604,72366,72376,10
12.9764604568,80.2511825562,72376,72387,11
12.9775800705,80.251663208,72387,72397,10
12.9784498215,80.2523193359,72397,72417,20
12.9784498215,80.2523193359,72417,72427,10
12.9787302017,80.252456665,72427,72437,10
12.9792604446,80.252571106,72437,72447,10
12.9798002243,80.2526168823,72447,72457,10
12.9802503586,80.2526397705,72457,72468,11
12.9808797836,80.2526092529,72468,72478,10
12.9816999435,80.2526016235,72478,72488,10
12.9827404022,80.2525100708,72488,72508,20
12.9827404022,80.2525100708,72508,72518,10
12.9828796387,80.2525024414,72518,72528,10
12.9832401276,80.2524719238,72528,72538,10
12.9836597443,80.2523880005,72538,72549,11
12.9841804504,80.2522583008,72549,72559,10
12.9847698212,80.2520904541,72559,72569,10
12.9853200912,80.2519302368,72569,72579,10
12.9856595993,80.2518463135,72579,72751,172
12.9856996536,80.2517929077,72751,72781,30
12.9856996536,80.2517929077,72781,72792,11
12.9859600067,80.251701355,72792,72802,10
12.9862604141,80.2516403198,72802,72812,10
12.9866399765,80.2515563965,72812,72822,10
12.9870901108,80.2514419556,72822,72832,10
12.9875602722,80.2512969971,72832,72842,10
12.9881696701,80.2511672974,72842,72852,10
12.9889202118,80.2509918213,72852,72862,10
12.9892301559,80.2508926392,72862,72873,11
12.9892902374,80.250869751,72873,72883,10
12.9895401001,80.2508163452,72883,72893,10
12.9901599884,80.2506637573,72893,72903,10
12.9909896851,80.2504577637,72903,72913,10
12.9920301437,80.250213623,72913,72923,10
12.9932003021,80.2499313354,72923,72933,10
12.9944400787,80.2496109009,72933,72943,10
12.9957103729,80.2493209839,72943,72954,11
12.9971504211,80.2489471436,72954,72964,10
12.998459816,80.2486190796,72964,72974,10
12.9997596741,80.248298645,72974,72984,10
13.0009698868,80.2479934692,72984,72994,10
13.0018901825,80.2477493286,72994,73004,10
13.002579689,80.2475967407,73004,73014,10
13.003490448,80.2474365234,73014,73024,10
13.0043497086,80.2473220825,73024,73035,11
13.0056800842,80.2471008301,73035,73045,10
13.0062999725,80.2467422485,73045,73055,10
13.0063400269,80.2466888428,73055,73065,10
13.0065002441,80.2463912964,73065,73075,10
13.0065803528,80.2459335327,73075,73085,10
13.0066204071,80.2451400757,73085,73095,10
13.0066099167,80.2444610596,73095,73105,10
13.0066099167,80.2441101074,73105,73116,11
13.0066204071,80.2436599731,73116,73126,10
13.0066003799,80.2431716919,73126,73136,10
13.0065803528,80.2425231934,73136,73146,10
13.0065498352,80.2416229248,73146,73156,10
13.0066299438,80.240852356,73156,73166,10
13.0066995621,80.2403717041,73166,73176,10
13.0067996979,80.2399597168,73176,73186,10
13.0069599152,80.2392272949,73186,73197,11
13.0071601868,80.2381973267,73197,73207,10
13.0073204041,80.2374420166,73207,73217,10
13.0073900223,80.2369766235,73217,73237,20
13.0073900223,80.2369766235,73237,73247,10
13.0074100494,80.2367172241,73247,73257,10
13.0075302124,80.2362823486,73257,73267,10
13.0076599121,80.2356033325,73267,73278,11
13.0078201294,80.2348937988,73278,73288,10
13.0080003738,80.2340927124,73288,73298,10
13.0081996918,80.2331085205,73298,73308,10
13.0084400177,80.2319030762,73308,73318,10
13.0087003708,80.2305984497,73318,73328,10
13.0089502335,80.2293167114,73328,73338,10
13.009180069,80.2281570435,73338,73348,10
13.0095796585,80.2271575928,73348,73358,10
13.0099697113,80.2262878418,73358,73369,11
13.0101900101,80.2257919312,73369,73379,10
13.0103702545,80.2254333496,73379,73389,10
13.0104904175,80.2251968384,73389,73399,10
13.01060009,80.2249679565,73399,73409,10
13.0107402802,80.2247085571,73409,73419,10
13.0109300613,80.2242507935,73419,73429,10
13.0111198425,80.2237701416,73429,73439,10
13.0111198425,80.2237472534,73439,73450,11
13.0112304688,80.2235107422,73450,73460,10
13.0114803314,80.2229919434,73460,73470,10
13.011759758,80.2221603394,73470,73480,10
13.0121002197,80.2214508057,73480,73490,10
13.012339592,80.2214584351,73490,73500,10
13.0126495361,80.2219467163,73500,73510,10
13.0131597519,80.2225723267,73510,73520,10
13.0137500763,80.2232131958,73520,73531,11
13.0142498016,80.2238082886,73531,73541,10
13.0148801804,80.2244796753,73541,73551,10
13.0156402588,80.2250976563,73551,73571,20
13.0156402588,80.2250976563,73571,73581,10
13.015879631,80.2252197266,73581,73591,10
13.0163698196,80.2252807617,73591,73601,10
13.0173397064,80.224937439,73601,73612,11
13.0182304382,80.2245788574,73612,73622,10
13.0188798904,80.2243270874,73622,73632,10
13.0194101334,80.224281311,73632,73642,10
13.0194196701,80.224281311,73642,73652,10
13.0194997787,80.224319458,73652,73662,10
13.0197401047,80.2245101929,73662,73693,31
13.0197401047,80.2245101929,73693,73703,10
13.0199298859,80.2246704102,73703,73713,10
13.0202503204,80.2249221802,73713,73723,10
13.0207901001,80.2253036499,73723,73733,10
13.0213403702,80.2257080078,73733,73743,10
13.0219497681,80.2261734009,73743,73753,10
13.0225801468,80.2267074585,73753,73763,10
13.023229599,80.2273025513,73763,73774,11
13.0238599777,80.2278900146,73774,73784,10
13.024189949,80.2282104492,73784,73794,10
13.0243196487,80.2283401489,73794,73875,81
13.0243196487,80.2283401489,73875,73885,10
13.0243997574,80.2285308838,73885,73895,10
13.0241804123,80.2285079956,73895,73905,10
13.0238704681,80.2281112671,73905,73915,10
13.0236301422,80.2278366089,73915,73925,10
13.0234699249,80.2276611328,73925,73936,11
13.023059845,80.2273025513,73936,74300,364
13.023059845,80.2273025513,74300,74310,10
13.0229196548,80.2269821167,74310,74320,10
13.0225200653,80.2266235352,74320,74330,10
13.021900177,80.2260971069,74330,74341,11
13.0212402344,80.2256088257,74341,74351,10
13.0205001831,80.2250976563,74351,74361,10
13.0196504593,80.2245635986,74361,74371,10
13.0185804367,80.2244873047,74371,74381,10
13.0175600052,80.2249221802,74381,74391,10
13.0167398453,80.2252731323,74391,74401,10
13.0163202286,80.2254333496,74401,74411,10
13.0157499313,80.2256011963,74411,74421,10
13.0151596069,80.2258834839,74421,74432,11
13.0144996643,80.2261199951,74432,74462,30
13.0144996643,80.2261199951,74462,74472,10
13.0140304565,80.226272583,74472,74482,10
13.0133600235,80.2265396118,74482,74492,10
13.0124502182,80.226890564,74492,74502,10
13.0113801956,80.2273178101,74502,74513,11
13.010140419,80.2278366089,74513,74523,10
13.0092496872,80.2282867432,74523,74533,10
13.0089902878,80.2291793823,74533,74543,10
13.0087995529,80.2300796509,74543,74553,10
13.008649826,80.2309112549,74553,74563,10
13.0084896088,80.2317504883,74563,74573,10
13.0083398819,80.2326126099,74573,74583,10
13.0082397461,80.2332611084,74583,74594,11
13.0082101822,80.2333984375,74594,74604,10
13.0081300735,80.2337722778,74604,74614,10
13.0079898834,80.2344818115,74614,74624,10
13.007809639,80.2353363037,74624,74634,10
13.0076303482,80.2362136841,74634,74644,10
13.0074100494,80.2373123169,74644,74654,10
13.0072002411,80.2383880615,74654,74664,10
13.007060051,80.2392425537,74664,74675,11
13.0069503784,80.2398605347,74675,74715,40
13.0069503784,80.2398605347,74715,74725,10
13.0069198608,80.2401199341,74725,74735,10
13.006819725,80.2406387329,74735,74745,10
13.0067396164,80.2415237427,74745,74756,11
13.0067195892,80.2425003052,74756,74766,10
13.0067100525,80.2432632446,74766,74806,40
13.0066604614,80.2437286377,74806,74826,20
13.0066604614,80.2437286377,74826,74837,11
13.0066404343,80.2438583374,74837,74847,10
13.0066404343,80.2442169189,74847,74857,10
13.0066604614,80.2445907593,74857,74867,10
13.0066699982,80.2448577881,74867,74887,20
13.0066699982,80.2448577881,74887,74897,10
13.0066604614,80.2451782227,74897,74907,10
13.0066604614,80.2452774048,74907,74918,11
13.0066995621,80.2456207275,74918,74958,40
13.0066995621,80.2456207275,74958,74968,10
13.0067396164,80.2459793091,74968,74978,10
13.0067396164,80.2463531494,74978,75019,41
13.0067396164,80.2463531494,75019,75029,10
13.0067501068,80.2467880249,75029,75039,10
13.0066900253,80.2472610474,75039,75049,10
13.0061302185,80.2473297119,75049,75059,10
13.0060901642,80.2473068237,75059,75069,10
13.0057096481,80.2472763062,75069,75080,11
13.0048904419,80.2472610474,75080,75090,10
13.0038795471,80.2473831177,75090,75100,10
13.002699852,80.2475891113,75100,75110,10
13.0014896393,80.2478790283,75110,75120,10
13.0002298355,80.2482299805,75120,75130,10
12.9989299774,80.2485580444,75130,75140,10
12.9980802536,80.2488174438,75140,75150,10
12.9979095459,80.2488632202,75150,75161,11
12.9973402023,80.2489624023,75161,75171,10
12.9965000153,80.249130249,75171,75181,10
12.9954204559,80.2493896484,75181,75191,10
12.99421978,80.249710083,75191,75201,10
12.992939949,80.2500305176,75201,75211,10
12.9916801453,80.2503585815,75211,75221,10
12.9910097122,80.250579834,75221,75231,10
12.9906196594,80.2506790161,75231,75242,11
12.9897603989,80.250869751,75242,75252,10
12.9888296127,80.2510910034,75252,75262,10
12.987859726,80.2513504028,75262,75272,10
12.9872198105,80.2515182495,75272,75282,10
12.9868402481,80.251663208,75282,75292,10
12.9866600037,80.2517166138,75292,75302,10
12.9865903854,80.251739502,75302,75312,10
12.9863595963,80.2517776489,75312,75323,11
12.9857597351,80.2519378662,75323,75333,10
12.9848604202,80.2521820068,75333,75343,10
12.9838104248,80.2524490356,75343,75353,10
12.9826698303,80.2526092529,75353,75363,10
12.9815597534,80.2526626587,75363,75373,10
12.9807195663,80.2527008057,75373,75383,10
12.9804000854,80.2527236938,75383,75393,10
12.9803304672,80.2527084351,75393,75403,10
12.9800195694,80.2526626587,75403,75414,11
12.9795103073,80.2526092529,75414,75424,10
12.9788999557,80.2525634766,75424,75444,20
12.9788999557,80.2525634766,75444,75454,10
12.9786500931,80.2524719238,75454,75464,10
12.9780797958,80.2520904541,75464,75474,10
12.9773597717,80.2514801025,75474,75484,10
12.9763402939,80.2510910034,75484,75494,10
12.9751501083,80.2507476807,75494,75505,11
12.9738197327,80.2503890991,75505,75515,10
12.9726896286,80.2500762939,75515,75525,10
12.9715299606,80.2497787476,75525,75535,10
12.9704198837,80.2494506836,75535,75545,10
12.9692897797,80.2490081787,75545,75555,10
12.9681997299,80.248588562,75555,75565,10
12.9673204422,80.2482299805,75565,75576,11
12.9666404724,80.2479019165,75576,75586,10
12.9661798477,80.2476882935,75586,75596,10
12.9655399323,80.2474212646,75596,75606,10
12.9648895264,80.2472000122,75606,75616,10
12.9642696381,80.2470016479,75616,75626,10
12.9639501572,80.246887207,75626,75636,10
12.9639396667,80.246887207,75636,75646,10
12.9636898041,80.2467803955,75646,75657,11
12.9630899429,80.2464904785,75657,75667,10
12.9624996185,80.2462005615,75667,75677,10
12.9618597031,80.2458877563,75677,75687,10
12.9609899521,80.2454605103,75687,75697,10
12.960100174,80.2450485229,75697,75707,10
12.95952034,80.2448196411,75707,75717,10
12.9595003128,80.2448120117,75717,75727,10
12.9591798782,80.2446212769,75727,75738,11
12.958439827,80.2442932129,75738,75748,10
12.95773983,80.2440032959,75748,75758,10
12.9567298889,80.2437591553,75758,75808,50
12.9567298889,80.2437591553,75808,75819,11
12.9563798904,80.2436523438,75819,75829,10
12.9559898376,80.2434616089,75829,75839,10
12.9552898407,80.2430801392,75839,75849,10
12.9544200897,80.2426681519,75849,75859,10
12.9536104202,80.2423324585,75859,75869,10
12.9526901245,80.2419433594,75869,75879,10
12.9519100189,80.2416534424,75879,75889,10
12.9508304596,80.2412796021,75889,75900,11
12.9498996735,80.241027832,75900,75910,10
12.9496097565,80.2409591675,75910,75920,10
12.9493103027,80.2408599854,75920,75950,30
12.9493103027,80.2408599854,75950,75960,10
12.9490804672,80.2406997681,75960,75970,10
12.94851017,80.2404785156,75970,75981,11
12.9475898743,80.2401123047,75981,75991,10
12.9471197128,80.2399368286,75991,76001,10
12.9468803406,80.2398529053,76001,76011,10
12.946269989,80.2396011353,76011,76021,10
12.9455003738,80.2392272949,76021,76031,10
12.9447803497,80.2385864258,76031,76041,10
12.9441699982,80.2378997803,76041,76051,10
12.9435100555,80.237159729,76051,76062,11
12.9424104691,80.2364120483,76062,76072,10
12.9412002563,80.2360916138,76072,76082,10
12.9401502609,80.2358322144,76082,76092,10
12.9397497177,80.235710144,76092,76102,10
12.9395399094,80.2356109619,76102,76112,10
12.9388599396,80.2352600098,76112,76122,10
12.9379997253,80.2348175049,76122,76132,10
12.93708992,80.2343902588,76132,76143,11
12.9361200333,80.2339172363,76143,76153,10
12.9354696274,80.2336196899,76153,76163,10
12.9345703125,80.2332229614,76163,76173,10
12.9335298538,80.2327423096,76173,76183,10
12.9324302673,80.2322998047,76183,76193,10
12.9313602448,80.2319412231,76193,76203,10
12.930150032,80.2315826416,76203,76213,10
12.9291696548,80.2313690186,76213,76224,11
12.928899765,80.2313232422,76224,76234,10
12.9287004471,80.2312774658,76234,76244,10
12.9280395508,80.2311706543,76244,76254,10
12.9271097183,80.2310562134,76254,76264,10
12.9259395599,80.2309188843,76264,76274,10
12.9246797562,80.2307815552,76274,76284,10
12.9233798981,80.2306289673,76284,76294,10
12.9220399857,80.2304382324,76294,76305,11
12.9205198288,80.2302398682,76305,76315,10
12.9191198349,80.2300567627,76315,76325,10
12.9178600311,80.229888916,76325,76335,10
12.9166603088,80.2297363281,76335,76345,10
12.9154596329,80.2295684814,76345,76355,10
12.9142303467,80.2294082642,76355,76365,10
12.9135103226,80.2293395996,76365,76375,10
12.9133195877,80.2293167114,76375,76386,11
12.9128398895,80.2292327881,76386,76396,10
12.9120197296,80.2291412354,76396,76406,10
12.9109601974,80.2289810181,76406,76416,10
12.9097700119,80.2287979126,76416,76426,10
12.9086399078,80.2285919189,76426,76436,10
12.9072303772,80.2283630371,76436,76467,31
12.9072303772,80.2283630371,76467,76477,10
12.9069299698,80.2283172607,76477,76487,10
12.9063901901,80.2282485962,76487,76497,10
12.9055404663,80.2282028198,76497,76507,10
12.9045801163,80.2281494141,76507,76517,10
12.9036302567,80.2281036377,76517,76527,10
12.9026699066,80.2280731201,76527,76537,10
12.9017601013,80.2280197144,76537,76548,11
12.9010095596,80.2279891968,76548,76558,10
12.900639534,80.2279663086,76558,76568,10
12.9004201889,80.2279586792,76568,76578,10
12.9002599716,80.2279510498,76578,76588,10
12.9000902176,80.2279281616,76588,76598,10
12.8998298645,80.2279129028,76598,76608,10
12.8997001648,80.227897644,76608,76618,10
12.8995103836,80.2278823853,76618,76628,10
12.8989801407,80.2278289795,76628,76639,11
12.8980998993,80.2277679443,76639,76649,10
12.8971204758,80.227722168,76649,76659,10
12.8961896896,80.2276687622,76659,76669,10
12.8953199387,80.2276382446,76669,76679,10
12.8944101334,80.2276000977,76679,76689,10
12.8933897018,80.2275085449,76689,76699,10
12.8931303024,80.2274780273,76699,76709,10
12.8926200867,80.2274169922,76709,76720,11
12.8919000626,80.2273635864,76720,76730,10
12.8910198212,80.2273483276,76730,76740,10
12.8899202347,80.2273406982,76740,76750,10
12.8887796402,80.2273635864,76750,76760,10
12.8877601624,80.2272796631,76760,76770,10
12.8866901398,80.2271118164,76770,76780,10
12.8856296539,80.226852417,76780,76790,10
12.8851995468,80.2267837524,76790,76801,11
12.8845996857,80.2267227173,76801,76811,10
12.8837604523,80.2267227173,76811,76821,10
12.8828496933,80.2267074585,76821,76831,10
12.8818101883,80.2267227173,76831,76841,10
12.8805999756,80.2267303467,76841,76851,10
12.8793296814,80.2267379761,76851,76861,10
12.8780202866,80.2268218994,76861,76871,10
12.8770198822,80.2269287109,76871,76882,11
12.876660347,80.2269821167,76882,76892,10
12.8765497208,80.2269821167,76892,76902,10
12.8760004044,80.2269821167,76902,76912,10
12.8751497269,80.2268981934,76912,76922,10
12.8740196228,80.2267608643,76922,76932,10
12.8728199005,80.2266769409,76932,76942,10
12.871720314,80.2266464233,76942,76952,10
12.8705196381,80.2265930176,76952,76963,11
12.8691101074,80.2264404297,76963,76973,10
12.8677797318,80.2263870239,76973,76983,10
12.8664398193,80.2265396118,76983,76993,10
12.8651199341,80.2265701294,76993,77003,10
12.8637800217,80.2265319824,77003,77013,10
12.8625802994,80.2265396118,77013,77023,10
12.8613796234,80.2266082764,77023,77033,10
12.8608999252,80.2265777588,77033,77044,11
12.8604803085,80.2265319824,77044,77054,10
12.8597097397,80.2264328003,77054,77064,10
12.8587799072,80.2263031006,77064,77074,10
12.857629776,80.2262268066,77074,77084,10
12.8563995361,80.2263412476,77084,77094,10
12.8551197052,80.2264785767,77094,77104,10
12.8537797928,80.2266235352,77104,77114,10
12.8524103165,80.2266616821,77114,77125,11
12.8508701324,80.2265930176,77125,77135,10
12.8494701385,80.2265625,77135,77145,10
12.8480596542,80.2265701294,77145,77155,10
12.8467798233,80.2265930176,77155,77165,10
12.8457803726,80.2266082764,77165,77175,10
12.8454904556,80.226600647,77175,77185,10
12.8454399109,80.2265930176,77185,77195,10
12.8453502655,80.2265701294,77195,77206,11
12.8447799683,80.226600647,77206,77216,10
12.8439798355,80.2266769409,77216,77226,10
12.8429098129,80.226852417,77226,77236,10
12.8417301178,80.2270965576,77236,77246,10
12.8406801224,80.2274017334,77246,77256,10
12.8400802612,80.2276077271,77256,77266,10
12.839630127,80.2277526855,77266,77276,10
12.8391895294,80.2278823853,77276,77287,11
12.8382997513,80.2280883789,77287,77297,10
12.8372297287,80.2282867432,77297,77307,10
12.8360204697,80.2284698486,77307,77317,10
12.8347997665,80.2286529541,77317,77327,10
12.8336496353,80.228843689,77327,77337,10
12.8322296143,80.229133606,77337,77357,20
12.8322296143,80.229133606,77357,77368,11
12.8317604065,80.2292175293,77368,77378,10
12.8309898376,80.2294616699,77378,77388,10
12.8300600052,80.2297973633,77388,77398,10
12.8290100098,80.2302322388,77398,77408,10
12.8282003403,80.230682373,77408,77418,10
12.8272800446,80.2311782837,77418,77428,10
12.8263597488,80.2313919067,77428,77438,10
12.8248500824,80.2314300537,77438,77449,11
12.8237304688,80.2311477661,77449,77459,10
12.8226900101,80.2308197021,77459,77469,10
12.8214998245,80.230506897,77469,77479,10
12.8203601837,80.2304916382,77479,77489,10
12.8192796707,80.2304992676,77489,77499,10
12.8182897568,80.2302322388,77499,77509,10
12.8172502518,80.2297515869,77509,77519,10
12.8160600662,80.2294616699,77519,77530,11
12.8147497177,80.2292633057,77530,77540,10
12.8135204315,80.2289810181,77540,77550,10
12.8123703003,80.2285919189,77550,77560,10
12.8112096786,80.2281570435,77560,77570,10
12.8100595474,80.2276916504,77570,77580,10
12.8090000153,80.2271194458,77580,77590,10
12.8080797195,80.2263565063,77590,77600,10
12.8072900772,80.2257080078,77600,77611,11
12.8066101074,80.2250976563,77611,77621,10
12.8058700562,80.2244415283,77621,77631,10
12.8051595688,80.2240600586,77631,77641,10
12.804980278,80.224029541,77641,77651,10
12.804889679,80.2240219116,77651,77661,10
12.8044204712,80.2239379883,77661,77671,10
12.8037796021,80.2238998413,77671,77681,10
12.8031396866,80.2238311768,77681,77692,11
12.8026599884,80.2237701416,77692,77702,10
12.8018503189,80.2236709595,77702,77712,10
12.8010702133,80.2236175537,77712,77722,10
12.8009595871,80.2235870361,77722,77732,10
12.8005199432,80.2235565186,77732,77742,10
12.7997398376,80.2234802246,77742,77752,10
12.7987804413,80.2233886719,77752,77762,10
12.7975702286,80.2232589722,77762,77773,11
12.7963895798,80.2230377197,77773,77783,10
12.7958803177,80.2229537964,77783,77793,10
12.7956800461,80.22290802,77793,77803,10
12.7950496674,80.2227935791,77803,77813,10
12.7941398621,80.2226409912,77813,77823,10
12.7930202484,80.2224884033,77823,77833,10
12.7919101715,80.2222595215,77833,77843,10
12.7910203934,80.222038269,77843,77853,10
12.7900400162,80.221786499,77853,77864,11
12.7892103195,80.2215194702,77864,77874,10
12.788479805,80.2212295532,77874,77884,10
12.7880001068,80.221031189,77884,77894,10
12.7879199982,80.2210083008,77894,77904,10
12.7877597809,80.2209625244,77904,77914,10
12.7871704102,80.220741272,77914,77924,10
12.7864904404,80.2204818726,77924,77934,10
12.7861604691,80.2205429077,77934,77955,21
12.7861604691,80.2205429077,77955,77965,10
12.7861404419,80.220993042,77965,77975,10
12.7861795425,80.2215270996,77975,77985,10
12.7861499786,80.2219772339,77985,79798,1813
12.7861499786,80.2219772339,79798,79808,10
12.7862195969,80.2216415405,79808,79818,10
12.7861795425,80.2214126587,79818,79828,10
12.7861700058,80.2211380005,79828,79838,10
12.7861604691,80.2209014893,79838,79848,10
12.7861204147,80.2205810547,79848,79889,41
12.7861204147,80.2205810547,79889,79899,10
12.786649704,80.2205200195,79899,79909,10
12.7871103287,80.2206878662,79909,79919,10
12.7875995636,80.2208633423,79919,79929,10
12.7880496979,80.2210388184,79929,79939,10
12.788649559,80.2212677002,79939,79949,10
12.7892799377,80.2215194702,79949,79960,11
12.7897996902,80.2216873169,79960,79970,10
12.7904500961,80.221862793,79970,79980,10
12.7913103104,80.222076416,79980,79990,10
12.792090416,80.2222824097,79990,80000,10
12.7929201126,80.2224273682,80000,80010,10
12.7936601639,80.2225418091,80010,80020,10
12.794380188,80.2226486206,80020,80030,10
12.7952899933,80.2227935791,80030,80041,11
12.7961902618,80.2229537964,80041,80051,10
12.796959877,80.2230987549,80051,80061,10
12.797750473,80.2232437134,80061,80071,10
12.7985296249,80.2233428955,80071,80081,10
12.7993202209,80.2234191895,80081,80091,10
12.8001203537,80.2234725952,80091,80101,10
12.8008298874,80.2235412598,80101,80111,10
12.8013896942,80.2235870361,80111,80122,11
12.8020095825,80.2236480713,80122,80132,10
12.8026800156,80.2237472534,80132,80142,10
12.8032798767,80.2238235474,80142,80152,10
12.8039503098,80.2238693237,80152,80162,10
12.804400444,80.2239074707,80162,80172,10
12.804980278,80.223991394,80172,80182,10
12.8053398132,80.2240829468,80182,80192,10
12.8054599762,80.2241210938,80192,80203,11
12.8058395386,80.2243728638,80203,80213,10
12.8063802719,80.2248382568,80213,80223,10
12.8069496155,80.2253570557,80223,80233,10
12.807559967,80.2258682251,80233,80243,10
12.8081903458,80.2264022827,80243,80252,9
12.8088998795,80.2269897461,80252,80263,11
12.8097896576,80.2275390625,80263,80273,10
12.8106603622,80.2279205322,80273,80284,11
12.8117198944,80.2283401489,80284,80294,10
12.8128204346,80.228729248,80294,80304,10
12.8138904572,80.2290725708,80304,80314,10
12.8149995804,80.2292785645,80314,80324,10
12.8161201477,80.2294387817,80324,80334,10
12.8171596527,80.2296600342,80334,80344,10
12.8179998398,80.2300186157,80344,80353,9
12.8188199997,80.2303924561,80353,80365,12
12.8196601868,80.2304382324,80365,80375,10
12.8199396133,80.2304382324,80375,80385,10
12.8206501007,80.2304229736,80385,80395,10
12.8215398788,80.23046875,80395,80405,10
12.8224802017,80.2306976318,80405,80415,10
12.8234300613,80.231010437,80415,80425,10
12.8244695663,80.231262207,80425,80435,10
12.8254098892,80.2313766479,80435,80446,11
12.8268098831,80.2312698364,80446,80456,10
12.8278102875,80.2308502197,80456,80466,10
12.8287296295,80.2303237915,80466,80476,10
12.8295898438,80.2299423218,80476,80486,10
12.8304195404,80.2295913696,80486,80496,10
12.8309297562,80.2293930054,80496,80506,10
12.8311004639,80.2293395996,80506,80516,10
12.831700325,80.2291564941,80516,80527,11
12.8325300217,80.2289886475,80527,80537,10
12.8335504532,80.2287902832,80537,80547,10
12.8347196579,80.2285766602,80547,80557,10
12.835849762,80.2284088135,80557,80567,10
12.8369703293,80.2282409668,80567,80577,10
12.8380804062,80.2280502319,80577,80587,10
12.8389396667,80.2278289795,80587,80597,10
12.8393201828,80.2276916504,80597,80607,10
12.8394804001,80.2276306152,80607,80618,11
12.8397502899,80.2275390625,80618,80628,10
12.8404302597,80.2273788452,80628,80638,10
12.8413600922,80.2271270752,80638,80648,10
12.8425197601,80.2268600464,80648,80658,10
12.8437595367,80.2266616821,80658,80668,10
12.8449001312,80.2265472412,80668,80678,10
12.8458204269,80.2265014648,80678,80689,11
12.8467998505,80.2265090942,80689,80699,10
12.8479299545,80.2265090942,80699,80709,10
12.8490896225,80.2265014648,80709,80719,10
12.8499002457,80.2264709473,80719,80729,10
12.8499298096,80.2264709473,80729,80739,10
12.8501796722,80.2264709473,80739,80749,10
12.8507795334,80.2265090942,80749,80759,10
12.8516798019,80.2265396118,80759,80769,10
12.8525695801,80.2265930176,80769,80780,11
12.8535404205,80.2265625,80780,80790,10
12.8545799255,80.2264633179,80790,80800,10
12.8557395935,80.2263412476,80800,80810,10
12.8569002151,80.2262115479,80810,80820,10
12.8579101563,80.2261581421,80820,80830,10
12.8587903976,80.2261962891,80830,80840,10
12.8597698212,80.2263412476,80840,80850,10
12.8606595993,80.2264633179,80850,80861,11
12.8616504669,80.2265014648,80861,80871,10
12.862739563,80.2264404297,80871,80881,10
12.8638496399,80.2264480591,80881,80891,10
12.8649597168,80.2264862061,80891,80901,10
12.8660802841,80.2264862061,80901,80911,10
12.8672199249,80.2263870239,80911,80921,10
12.8683099747,80.2262878418,80921,80931,10
12.8694000244,80.2264175415,80931,80942,11
12.8705501556,80.2265319824,80942,80952,10
12.8715400696,80.2265777588,80952,80962,10
12.872420311,80.2265777588,80962,80972,10
12.8729000092,80.2265777588,80972,80982,10
12.8733100891,80.2266082764,80982,80994,12
12.8740997314,80.2266769409,80994,81004,10
12.8752803802,80.2268371582,81004,81014,10
12.8763999939,80.2268829346,81014,81025,11
12.8773097992,80.2267990112,81025,81035,10
12.878279686,80.2267227173,81035,81045,10
12.8793802261,80.2266616821,81045,81055,10
12.8805599213,80.2266387939,81055,81065,10
12.8817901611,80.2266235352,81065,81075,10
12.883020401,80.2266082764,81075,81085,10
12.8841400146,80.226600647,81085,81095,10
12.8851900101,80.2266311646,81095,81106,11
12.8862895966,80.226890564,81106,81116,10
12.8872499466,80.227142334,81116,81126,10
12.8880195618,80.2272415161,81126,81136,10
12.8889303207,80.2272872925,81136,81146,10
12.8901100159,80.2272872925,81146,81156,10
12.8913402557,80.2272872925,81156,81166,10
12.8922996521,80.2273101807,81166,81176,10
12.8931798935,80.2274093628,81176,81187,11
12.8944101334,80.2275390625,81187,81197,10
12.8955402374,80.2275924683,81197,81207,10
12.8967199326,80.2276382446,81207,81217,10
12.8978700638,80.2277069092,81217,81227,10
12.8989400864,80.2277679443,81227,81237,10
12.8999996185,80.2278366089,81237,81247,10
12.9010095596,80.2278823853,81247,81257,10
12.9019498825,80.2279281616,81257,81268,11
12.9028396606,80.2279510498,81268,81278,10
12.9028701782,80.2279510498,81278,81288,10
12.9033098221,80.2279968262,81288,81298,10
12.9041099548,80.2280426025,81298,81308,10
12.9051904678,80.2281036377,81308,81318,10
12.9063196182,80.2281570435,81318,81327,9
12.906920433,80.2282104492,81327,81338,11
12.9069700241,80.2282791138,81338,81349,11
12.9076595306,80.2284011841,81349,81359,10
12.9085798264,80.2285079956,81359,81369,10
12.9097604752,80.2286911011,81369,81379,10
12.910900116,80.2288589478,81379,81389,10
12.9121103287,80.229019165,81389,81399,10
12.9133901596,80.2292098999,81399,81409,10
12.9147195816,80.2293701172,81409,81419,10
12.9160804749,80.2295837402,81419,81430,11
12.9175796509,80.2297821045,81430,81440,10
12.9188699722,80.2299499512,81440,81450,10
12.9201202393,80.2301101685,81450,81460,10
12.9214401245,80.2302932739,81460,81470,10
12.9224901199,80.2304534912,81470,81480,10
12.9239501953,80.2306365967,81480,81490,10
12.925239563,80.2307891846,81490,81500,10
12.9261302948,80.2308731079,81500,81511,11
12.9262599945,80.2308883667,81511,81521,10
12.9268198013,80.2309570313,81521,81531,10
12.9276800156,80.2310714722,81531,81541,10
12.9287900925,80.2312469482,81541,81551,10
12.9299497604,80.2314987183,81551,81561,10
12.9310998917,80.2318115234,81561,81571,10
12.9321498871,80.2321395874,81571,81581,10
12.9330997467,80.2324676514,81581,81592,11
12.9335403442,80.2326583862,81592,81602,10
12.9336395264,80.2326965332,81602,81612,10
12.9337596893,80.2327728271,81612,81622,10
12.9342699051,80.2330169678,81622,81632,10
12.9350795746,80.2334213257,81632,81642,10
12.9360599518,80.2338790894,81642,81652,10
12.9371500015,80.2343902588,81652,81662,10
12.9383296967,80.2349624634,81662,81673,11
12.9393997192,80.2354812622,81673,81683,10
12.939450264,80.2355117798,81683,81693,10
12.9398202896,80.2356872559,81693,81703,10
12.9404602051,80.2359237671,81703,81713,10
12.941280365,80.2361221313,81713,81723,10
12.9423303604,80.2364120483,81723,81733,10
12.9433002472,80.2369766235,81733,81743,10
12.9441604614,80.2378921509,81743,81754,11
12.9451599121,80.2389373779,81754,81764,10
12.9462203979,80.2395629883,81764,81774,10
12.9471597672,80.2399215698,81774,81784,10
12.9474496841,80.240020752,81784,81794,10
12.9481096268,80.2403030396,81794,81804,10
12.9486703873,80.2405166626,81804,81814,10
12.9486999512,80.2405471802,81814,81824,10
12.9487600327,80.2406005859,81824,81835,11
12.9491996765,80.2407608032,81835,81845,10
12.9497299194,80.2409362793,81845,81855,10
12.9505701065,80.2411804199,81855,81865,10
12.9514598846,80.2414779663,81865,81875,10
12.952249527,80.2417907715,81875,81885,10
12.9532604218,80.2421875,81885,81895,10
12.9541702271,80.2425613403,81895,81905,10
12.9548797607,80.2428436279,81905,81916,11
12.9555997849,80.2431106567,81916,81926,10
12.9559803009,80.2432327271,81926,81986,60
12.9561195374,80.2433395386,81986,82057,71
12.9561195374,80.2433395386,82057,82067,10
12.9565601349,80.2434997559,82067,82078,11
12.9572896957,80.2437591553,82078,82088,10
12.9582195282,80.2441482544,82088,82098,10
12.9593496323,80.2446212769,82098,82108,10
12.9605197906,80.2451934814,82108,82118,10
12.9617099762,80.2457580566,82118,82128,10
12.962679863,80.2462310791,82128,82138,10
12.9630403519,80.2463989258,82138,82148,10
12.96352005,80.2466430664,82148,82159,11
12.964220047,80.2469177246,82159,82169,10
12.9650402069,80.2472076416,82169,82179,10
12.965959549,80.2475509644,82179,82189,10
12.9666900635,80.2478637695,82189,82199,10
12.9668903351,80.2479629517,82199,82209,10
12.9671401978,80.2480621338,82209,82219,10
12.9676504135,80.2483215332,82219,82229,10
12.968079567,80.2485198975,82229,82239,10
12.9688596725,80.2488174438,82239,82250,11
12.9699897766,80.2492828369,82250,82260,10
12.9711999893,80.2496871948,82260,82270,10
12.9724597931,80.2500228882,82270,82280,10
12.9737300873,80.2503509521,82280,82290,10
12.9749898911,80.2507171631,82290,82300,10
12.9762802124,80.251083374,82300,82310,10
12.9772901535,80.2514266968,82310,82320,10
12.9779901505,80.2519607544,82320,82331,11
12.9784097672,80.2522506714,82331,82341,10
12.9786396027,80.2523574829,82341,82351,10
12.9792995453,80.2525634766,82351,82361,10
12.9798002243,80.2526016235,82361,82371,10
12.9798202515,80.2526016235,82371,82381,10
12.9800701141,80.2526473999,82381,82391,10
12.9806699753,80.2526397705,82391,82401,10
12.9817199707,80.2526016235,82401,82412,11
12.9830799103,80.2525405884,82412,82422,10
12.9842700958,80.252281189,82422,82432,10
12.985449791,80.2519378662,82432,82442,10
12.9863996506,80.2516708374,82442,82452,10
12.986749649,80.2515792847,82452,82462,10
12.9868001938,80.2515716553,82462,82472,10
12.9870300293,80.2515029907,82472,82482,10
12.9873600006,80.2514038086,82482,82493,11
12.9877595901,80.2513122559,82493,82503,10
12.988409996,80.2511672974,82503,82513,10
12.9893798828,80.2509078979,82513,82523,10
12.9896402359,80.250831604,82523,82533,10
12.9900398254,80.2507400513,82533,82543,10
12.9907903671,80.2505493164,82543,82553,10
12.991809845,80.250289917,82553,82563,10
12.9930095673,80.25,82563,82574,11
12.9944295883,80.2496566772,82574,82584,10
12.995759964,80.2493209839,82584,82594,10
12.9970998764,80.2489776611,82594,82604,10
12.9984502792,80.2486572266,82604,82614,10
12.9997301102,80.248336792,82614,82624,10
13.0009498596,80.2480163574,82624,82634,10
13.0018701553,80.2477798462,82634,82644,10
13.002869606,80.2475585938,82644,82655,11
13.0041399002,80.2473602295,82655,82665,10
13.0052204132,80.2472000122,82665,82675,10
13.0061502457,80.246887207,82675,82685,10
13.0064296722,80.2465515137,82685,82695,10
13.0065097809,80.246383667,82695,82705,10
13.0065803528,80.2457809448,82705,82715,10
13.0065698624,80.2449417114,82715,82725,10
13.0065402985,80.2440414429,82725,82736,11
13.0065202713,80.2430419922,82736,82746,10
13.0065202713,80.2419204712,82746,82756,10
13.0066003799,80.2407913208,82756,82766,10
13.0067796707,80.2398071289,82766,82776,10
13.0069799423,80.2389297485,82776,82786,10
13.0072002411,80.2379608154,82786,82796,10
13.0073900223,80.2370986938,82796,82806,10
13.007399559,80.2368011475,82806,82817,11
13.0074396133,80.2366714478,82817,82827,10
13.0075397491,80.2362670898,82827,82837,10
13.0076999664,80.2355270386,82837,82847,10
13.0078897476,80.2345504761,82847,82857,10
13.0080795288,80.2335968018,82857,82867,10
13.0083799362,80.2321166992,82867,82877,10
13.0085697174,80.2310333252,82877,82887,10
13.0087795258,80.2299423218,82887,82898,11
13.0090103149,80.2287368774,82898,82908,10
13.0093202591,80.2277374268,82908,82918,10
13.0098199844,80.2266693115,82918,82928,10
13.0103197098,80.2256622314,82928,82938,10
13.010720253,80.2248001099,82938,82948,10
13.011059761,80.2239990234,82948,82958,10
13.0115604401,80.222869873,82958,82968,10
13.0120401382,80.2217407227,82968,82979,11
13.0124597549,80.221572876,82979,82989,10
13.0128803253,80.2221069336,82989,82999,10
13.0134401321,80.2227935791,82999,83009,10
13.0139503479,80.2233734131,83009,83019,10
13.0141201019,80.2235794067,83019,83029,10
13.014380455,80.2239303589,83029,83039,10
13.0150203705,80.2245178223,83039,83049,10
13.0155696869,80.2249832153,83049,83060,11
13.0156097412,80.2250366211,83060,83070,10
13.0156898499,80.2251205444,83070,83080,10
13.0158395767,80.225227356,83080,83090,10
13.0162200928,80.2253112793,83090,83100,10
13.0169401169,80.2251205444,83100,83110,10
13.017829895,80.2247619629,83110,83120,10
13.0186700821,80.2244262695,83120,83130,10
13.0193595886,80.2243118286,83130,83161,31
13.0193595886,80.2243118286,83161,83171,10
13.0195503235,80.2244415283,83171,83181,10
13.0200796127,80.2247695923,83181,83191,10
13.0208301544,80.2253036499,83191,83201,10
13.0217599869,80.2259979248,83201,83211,10
13.0226602554,80.2267379761,83211,83222,11
13.0236301422,80.2276306152,83222,83232,10
13.0244197845,80.2284698486,83232,83292,60
13.0244197845,80.2284698486,83292,83303,11
13.0242595673,80.2285690308,83303,83313,10
13.0239400864,80.2281036377,83313,83323,10
13.0233898163,80.2275390625,83323,83333,10
13.0227203369,80.2269134521,83333,83343,10
13.0219802856,80.2262573242,83343,83353,10
13.021320343,80.2257537842,83353,83363,10
13.0207395554,80.2252883911,83363,83373,10
13.0200099945,80.2248001099,83373,83384,11
13.0189304352,80.2244186401,83384,83394,10
13.0179595947,80.2247619629,83394,83404,10
13.0173797607,80.2249984741,83404,83414,10
13.0173397064,80.2250213623,83414,83424,10
13.0172595978,80.2250518799,83424,83434,10
13.0171098709,80.2251281738,83434,83444,10
13.016960144,80.2252120972,83444,83465,21
13.016960144,80.2252120972,83465,83475,10
13.0167198181,80.2253189087,83475,83485,10
13.0165395737,80.2253799438,83485,83495,10
13.0164203644,80.2253799438,83495,83505,10
13.0161104202,80.2254180908,83505,83515,10
13.0157604218,80.2256393433,83515,83525,10
13.0152397156,80.2258911133,83525,83535,10
13.0150403976,80.2259216309,83535,83546,11
13.0149097443,80.2259368896,83546,83556,10
13.0146799088,80.2260513306,83556,83566,10
13.0142498016,80.2261886597,83566,83576,10
