13.0144701004,80.2254714966,11,17401,17390
13.0145397186,80.2255706787,17401,17714,313
13.0145101547,80.2255172729,17714,18731,1017
13.0144996643,80.2255096436,18731,19010,279
13.0145301819,80.2255706787,19010,21422,2412
13.0142402649,80.2259979248,21422,21451,29
13.0140399933,80.2263183594,21451,21482,31
13.0120000839,80.2271575928,21482,21513,31
13.0095701218,80.2277374268,21513,21542,29
13.0106496811,80.2251205444,21542,21574,32
13.0116100311,80.2233810425,21574,21604,30
13.0136098862,80.2243728638,21604,21637,33
13.0153102875,80.2252807617,21637,21697,60
13.0161104202,80.2253265381,21697,21727,30
13.0184202194,80.2245330811,21727,21758,31
13.0184202194,80.2245330811,21758,21778,20
13.0199403763,80.2246704102,21778,21788,10
13.0206003189,80.2251663208,21788,21798,10
13.021320343,80.2257003784,21798,21808,10
13.0220403671,80.2262420654,21808,21816,8
13.0225801468,80.2266921997,21816,21828,12
13.0233697891,80.2274093628,21828,21839,11
13.0239095688,80.2279205322,21839,21849,10
13.0241804123,80.228187561,21849,22124,275
13.0242795944,80.2281570435,22124,22204,80
13.0242795944,80.2281494141,22204,22231,27
13.0241603851,80.2282028198,22231,22326,95
13.0244398117,80.228553772,22326,22357,31
13.0258302689,80.2305603027,22357,22387,30
13.0274600983,80.2309875488,22387,22418,31
13.0296201706,80.230758667,22418,22447,29
13.0317296982,80.2306137085,22447,22479,32
13.0317296982,80.2306137085,22479,22509,30
13.0340795517,80.2304077148,22509,22519,10
13.0344495773,80.2303619385,22519,22529,10
13.0349798203,80.2301177979,22529,22539,10
13.035030365,80.2297973633,22539,22549,10
13.0342502594,80.2298583984,22549,22630,81
13.0342502594,80.2298583984,22630,22640,10
13.0341701508,80.2300720215,22640,23086,446
13.0341701508,80.2300720215,23086,23097,11
13.034239769,80.2300872803,23097,23117,20
13.034239769,80.2300872803,23117,23127,10
13.0341796875,80.2304000854,23127,23147,20
13.0341796875,80.2304000854,23147,23157,10
13.0340003967,80.23046875,23157,23167,10
13.0336999893,80.2304763794,23167,23177,10
13.0331201553,80.2305297852,23177,23187,10
13.0324497223,80.2305908203,23187,23198,11
13.0315799713,80.2306671143,23198,23208,10
13.0309095383,80.2307281494,23208,23218,10
13.0303297043,80.2307891846,23218,23228,10
13.0299396515,80.2308425903,23228,23238,10
13.0298700333,80.2308273315,23238,23248,10
13.029540062,80.2308731079,23248,23258,10
13.0289497375,80.2309265137,23258,23268,10
13.0282001495,80.2310180664,23268,23276,8
13.0277795792,80.231048584,23276,23288,12
13.0276899338,80.2314071655,23288,23299,11
13.0277795792,80.2319793701,23299,23309,10
13.0278902054,80.2326202393,23309,23319,10
13.0275697708,80.2328262329,23319,23329,10
13.0270900726,80.2329330444,23329,23339,10
13.0269804001,80.2329788208,23339,23349,10
13.0267095566,80.2330627441,23349,23359,10
13.0263299942,80.2326278687,23359,23369,10
13.0260801315,80.2318267822,23369,23379,10
13.0258302689,80.2308578491,23379,23389,10
13.025270462,80.229850769,23389,23399,10
13.0247097015,80.2291870117,23399,23410,11
13.0242595673,80.2285995483,23410,23420,10
13.0236597061,80.2279129028,23420,23430,10
13.0232200623,80.2275695801,23430,23440,10
13.0229902267,80.2274093628,23440,23450,10
13.0229301453,80.2273788452,23450,23460,10
13.0226402283,80.2270584106,23460,23470,10
13.0222501755,80.2266235352,23470,23480,10
13.0217199326,80.2261810303,23480,23490,10
13.021030426,80.2256393433,23490,23500,10
13.0201301575,80.2250137329,23500,23511,11
13.0192298889,80.224571228,23511,23521,10
13.018289566,80.2247467041,23521,23531,10
13.01720047,80.2251815796,23531,23541,10
13.0164403915,80.225479126,23541,23551,10
13.0158100128,80.2256774902,23551,23561,10
13.015130043,80.2259368896,23561,23571,10
13.0142097473,80.2262802124,23571,23581,10
13.0131502151,80.2266616821,23581,23591,10
13.0120401382,80.2271194458,23591,23601,10
13.0109901428,80.2275314331,23601,23612,11
13.0099601746,80.2279281616,23612,23622,10
13.0095300674,80.2275619507,23622,23632,10
13.0098600388,80.2267990112,23632,23642,10
13.0103197098,80.2257080078,23642,23652,10
13.0107803345,80.224647522,23652,23662,10
13.0111303329,80.2236785889,23662,23672,10
13.0110797882,80.2231063843,23672,23682,10
13.0103597641,80.2228012085,23682,23692,10
13.009469986,80.2222976685,23692,23702,10
13.0083198547,80.2216567993,23702,23712,10
13.0072002411,80.2210464478,23712,23722,10
13.0061798096,80.2206115723,23722,23732,10
13.0049800873,80.2203521729,23732,23742,10
13.0038499832,80.2200927734,23742,23752,10
13.0028295517,80.2197570801,23752,23763,11
13.0018701553,80.2189178467,23763,23773,10
13.0011196136,80.2182922363,23773,23784,11
13.0000896454,80.2176437378,23784,23790,6
12.9995098114,80.2172775269,23790,23803,13
12.9982204437,80.2166519165,23803,23813,10
12.9972896576,80.2165527344,23813,23823,10
12.9965400696,80.2165908813,23823,23833,10
12.9956798553,80.2167816162,23833,23845,12
12.9948596954,80.2172317505,23845,23853,8
12.9943399429,80.2176437378,23853,23863,10
12.9936504364,80.2181167603,23863,23873,10
12.9928998947,80.2186813354,23873,23883,10
12.9921703339,80.2192382813,23883,23893,10
12.9914598465,80.2197799683,23893,23903,10
12.990650177,80.2203598022,23903,23913,10
12.9898300171,80.2211074829,23913,23926,13
12.9890499115,80.2220535278,23926,23936,10
12.9884395599,80.2227096558,23936,23946,10
12.9877700806,80.2231369019,23946,23956,10
12.9871501923,80.2230834961,23956,23966,10
12.9864702225,80.2229766846,23966,23976,10
12.9857301712,80.2230606079,23976,23986,10
12.9854402542,80.2233276367,23986,23996,10
12.9850301743,80.2232437134,23996,24006,10
12.9845199585,80.2229766846,24006,24013,7
12.9841804504,80.2227706909,24013,24027,14
12.9835195541,80.2224121094,24027,24037,10
12.9832801819,80.2222366333,24037,24047,10
12.9832000732,80.2221298218,24047,24057,10
12.9828500748,80.2219696045,24057,24067,10
12.9823999405,80.2218399048,24067,24077,10
12.9818401337,80.221496582,24077,24087,10
12.9809598923,80.2210388184,24087,24097,10
12.9799499512,80.2211303711,24097,24107,10
12.9789800644,80.2211990356,24107,24117,10
12.9780302048,80.2212219238,24117,24126,9
12.9772195816,80.221282959,24126,24139,13
12.9763698578,80.2212982178,24139,24149,10
12.9759197235,80.2212905884,24149,24159,10
12.9756202698,80.2210464478,24159,24169,10
12.9756202698,80.2210388184,24169,24179,10
12.975399971,80.2208709717,24179,24189,10
12.9749603271,80.2206497192,24189,24199,10
12.9745597839,80.2204437256,24199,24209,10
12.9739103317,80.2201766968,24209,24218,9
12.9730796814,80.219871521,24218,24230,12
12.971830368,80.2193984985,24230,24240,10
12.971039772,80.2191772461,24240,24250,10
12.9708900452,80.2191009521,24250,24260,10
12.9706296921,80.2189407349,24260,24270,10
12.9703197479,80.2188110352,24270,24280,10
12.9697999954,80.2186126709,24280,24290,10
12.969039917,80.2183074951,24290,24300,10
12.9682703018,80.2180023193,24300,24310,10
12.9674596786,80.217666626,24310,24320,10
12.9665298462,80.2172927856,24320,24330,10
12.9655399323,80.2169036865,24330,24343,13
12.9641399384,80.2163162231,24343,24353,10
12.9633302689,80.215927124,24353,24363,10
12.9627199173,80.2157211304,24363,24373,10
12.9626598358,80.2156829834,24373,24383,10
12.9621400833,80.2154769897,24383,24393,10
12.9613103867,80.2151412964,24393,24403,10
12.9602203369,80.2147216797,24403,24413,10
12.9590196609,80.2142181396,24413,24423,10
12.9576997757,80.2136993408,24423,24434,11
12.9562902451,80.2131500244,24434,24444,10
12.9550304413,80.212677002,24444,24455,11
12.9539499283,80.2122497559,24455,24464,9
12.953789711,80.2121887207,24464,24474,10
12.9535198212,80.212059021,24474,24484,10
12.9528303146,80.2117919922,24484,24494,10
12.9518604279,80.21144104,24494,24503,9
12.9509096146,80.2111434937,24503,24514,11
12.9495697021,80.2106018066,24514,24524,10
12.9486703873,80.2102508545,24524,24534,10
12.9486198425,80.2102584839,24534,24546,12
12.94810009,80.2100601196,24546,24556,10
12.9472398758,80.2097091675,24556,24566,10
12.9463195801,80.2093276978,24566,24576,10
12.9453897476,80.2088699341,24576,24586,10
12.9444198608,80.2084732056,24586,24596,10
12.9435796738,80.2081298828,24596,24606,10
12.9428300858,80.2075271606,24606,24613,7
12.94231987,80.2069473267,24613,24626,13
12.9412202835,80.2061309814,24626,24636,10
12.9409704208,80.2060317993,24636,24647,11
12.9403400421,80.2058334351,24647,24657,10
12.9394798279,80.2055511475,24657,24667,10
12.9385299683,80.2052612305,24667,24677,10
12.9375600815,80.2050018311,24677,24687,10
12.9364204407,80.2046508789,24687,24697,10
12.9354000092,80.2042922974,24697,24707,10
12.9344396591,80.2039794922,24707,24717,10
12.9336299896,80.2039413452,24717,24727,10
12.9336099625,80.2039337158,24727,24737,10
12.9335603714,80.203918457,24737,24747,10
12.93309021,80.2037734985,24747,24758,11
12.9322299957,80.203453064,24758,24768,10
12.9312496185,80.2031326294,24768,24778,10
12.9303503036,80.2029037476,24778,24788,10
12.9299201965,80.2028198242,24788,24798,10
12.9298200607,80.2027893066,24798,24808,10
12.9295301437,80.2027511597,24808,24818,10
12.9293498993,80.2027206421,24818,24828,10
12.9287796021,80.2026596069,24828,24838,10
12.9285202026,80.2021484375,24838,24848,10
12.9284696579,80.2012329102,24848,24859,11
12.9284000397,80.2000732422,24859,24869,10
12.9280900955,80.1991195679,24869,24879,10
12.9275197983,80.1982192993,24879,24889,10
12.9265499115,80.1976470947,24889,24899,10
12.9260396957,80.1975631714,24899,24909,10
12.9260196686,80.1975708008,24909,24919,10
12.9256000519,80.1975631714,24919,24929,10
12.9254598618,80.1975479126,24929,24939,10
12.9250202179,80.1975326538,24939,24949,10
12.9241695404,80.197517395,24949,24960,11
12.9230003357,80.1974334717,24960,24970,10
12.9218797684,80.1972427368,24970,24980,10
12.9210100174,80.1969299316,24980,24990,10
12.9200801849,80.1966171265,24990,25000,10
12.9191904068,80.1961898804,25000,25010,10
12.9184799194,80.1955566406,25010,25020,10
12.9177503586,80.1949386597,25020,25030,10
12.9172296524,80.1944122314,25030,25040,10
12.9171104431,80.194229126,25040,25050,10
12.9169998169,80.1937103271,25050,25061,11
12.9170398712,80.1930465698,25061,25071,10
12.917090416,80.1925430298,25071,25081,10
12.9167995453,80.1923675537,25081,25101,20
12.9167995453,80.1923675537,25101,25111,10
12.9167203903,80.1923294067,25111,25121,10
12.9164800644,80.1923065186,25121,25131,10
12.9159097672,80.1922836304,25131,25141,10
12.9151096344,80.1922225952,25141,25151,10
12.9141702652,80.1921310425,25151,25161,10
12.9132404327,80.1920089722,25161,25172,11
12.9121999741,80.1918869019,25172,25182,10
12.9111995697,80.1917724609,25182,25192,10
12.9102201462,80.1916503906,25192,25202,10
12.9095897675,80.1913223267,25202,25212,10
12.9095697403,80.1912994385,25212,25222,10
12.9093799591,80.1911468506,25222,25232,10
12.9088001251,80.1907196045,25232,25242,10
12.907959938,80.1900787354,25242,25252,10
12.9070796967,80.1894302368,25252,25262,10
12.906370163,80.188911438,25262,25273,11
12.906129837,80.1887588501,25273,25283,10
12.90583992,80.188583374,25283,25293,10
12.9051198959,80.1881103516,25293,25303,10
12.9041595459,80.1874771118,25303,25313,10
12.9040203094,80.1863937378,25313,25323,10
12.9040699005,80.1850814819,25323,25334,11
12.9035797119,80.1845397949,25334,25344,10
12.9026899338,80.1843032837,25344,25354,10
12.9015598297,80.1839904785,25354,25364,10
12.9004602432,80.1835708618,25364,25374,10
12.8992500305,80.1829605103,25374,25384,10
12.898059845,80.1823730469,25384,25394,10
12.8973503113,80.1820297241,25394,25404,10
12.8972997665,80.1820068359,25404,25414,10
12.89702034,80.1818695068,25414,25424,10
12.8964099884,80.1815567017,25424,25434,10
12.8955898285,80.181137085,25434,25444,10
12.8945503235,80.1806182861,25444,25454,10
12.8935899734,80.1801605225,25454,25464,10
12.893239975,80.1799316406,25464,25477,13
12.8931598663,80.1797866821,25477,25487,10
12.8929195404,80.1793289185,25487,25497,10
12.8925600052,80.1786422729,25497,25507,10
12.892080307,80.1777420044,25507,25517,10
12.8916101456,80.1768264771,25517,25527,10
12.8914403915,80.1765289307,25527,25537,10
12.8913097382,80.176322937,25537,25547,10
12.8909702301,80.1756896973,25547,25557,10
12.890540123,80.1749191284,25557,25567,10
12.8900499344,80.1744766235,25567,25578,11
12.8897800446,80.1743774414,25578,25588,10
12.8895301819,80.1742477417,25588,25598,10
12.8893098831,80.1741333008,25598,25608,10
12.8887796402,80.1738510132,25608,25618,10
12.8879995346,80.1734619141,25618,25628,10
12.8870096207,80.1729507446,25628,25638,10
12.8859796524,80.172416687,25638,25648,10
12.8849802017,80.1718902588,25648,25658,10
12.8838396072,80.1713027954,25658,25668,10
12.8828802109,80.1708068848,25668,25678,10
12.8824901581,80.1706390381,25678,25689,11
12.882349968,80.1706924438,25689,25699,10
12.8819999695,80.1710205078,25699,25709,10
12.881529808,80.1709136963,25709,25719,10
12.8812599182,80.1708221436,25719,25729,10
12.8806600571,80.1706085205,25729,25739,10
12.8800296783,80.1703186035,25739,25749,10
12.8799495697,80.1702804565,25749,25759,10
12.8795795441,80.1700897217,25759,25769,10
12.8788404465,80.1700286865,25769,25779,10
12.8777704239,80.1702270508,25779,25790,11
12.8765296936,80.1706466675,25790,25800,10
12.8755397797,80.1710586548,25800,25808,8
12.8748197556,80.1715316772,25808,25820,12
12.8735198975,80.172416687,25820,25830,10
12.872300148,80.1732177734,25830,25840,10
12.8710899353,80.1740188599,25840,25850,10
12.8700399399,80.1747589111,25850,25860,10
12.8690299988,80.1754379272,25860,25870,10
12.8682498932,80.1759490967,25870,25880,10
12.8674201965,80.1759185791,25880,25891,11
12.8663196564,80.1757888794,25891,25901,10
12.8653402328,80.1756973267,25901,25911,10
12.8651304245,80.1756591797,25911,25921,10
12.8648300171,80.1755218506,25921,25931,10
12.8641700745,80.1751480103,25931,25941,10
12.8633098602,80.1745986938,25941,25951,10
12.8622503281,80.1740188599,25951,25961,10
12.8611097336,80.1735305786,25961,25971,10
12.859919548,80.1730194092,25971,25981,10
12.8588495255,80.1725769043,25981,25992,11
12.8577899933,80.1724014282,25992,26002,10
12.857460022,80.1723403931,26002,26012,10
12.8570299149,80.1722564697,26012,26022,10
12.8563899994,80.17212677,26022,26042,20
12.8563899994,80.17212677,26042,26052,10
12.8562602997,80.1720962524,26052,26062,10
12.8559303284,80.1720123291,26062,26072,10
12.8551998138,80.1717910767,26072,26082,10
12.8541898727,80.1714935303,26082,26092,10
12.8530197144,80.1712265015,26092,26103,11
12.851770401,80.1710510254,26103,26113,10
12.8506002426,80.1708602905,26113,26123,10
12.8493700027,80.1706466675,26123,26133,10
12.8480501175,80.1704177856,26133,26143,10
12.8469295502,80.170249939,26143,26153,10
12.8467702866,80.1702423096,26153,26163,10
12.8462495804,80.1702194214,26163,26173,10
12.8453397751,80.170173645,26173,26183,10
12.8441295624,80.1701126099,26183,26193,10
12.8428401947,80.1699523926,26193,26204,11
12.8414402008,80.1699676514,26204,26214,10
12.8402299881,80.1699295044,26214,26224,10
12.8393602371,80.169960022,26224,26234,10
12.8385400772,80.1697387695,26234,26244,10
12.8383798599,80.1696472168,26244,26254,10
12.8381204605,80.1694107056,26254,26264,10
12.8379402161,80.1693115234,26264,26274,10
12.8374099731,80.1692428589,26274,26284,10
12.8371295929,80.1689834595,26284,26294,10
12.8369197845,80.168838501,26294,26304,10
12.8365602493,80.1687393188,26304,26314,10
12.8362102509,80.1686096191,26314,26324,10
12.8359899521,80.1683425903,26324,26335,11
12.8357000351,80.1678237915,26335,26345,10
12.8352098465,80.167678833,26345,26355,10
12.8344898224,80.1672821045,26355,26365,10
12.8336801529,80.1668624878,26365,26375,10
12.8334798813,80.1667480469,26375,26385,10
12.8330402374,80.1664733887,26385,26394,9
12.8323698044,80.1661529541,26394,26407,13
12.8310098648,80.1656799316,26407,26417,10
12.8297700882,80.1654205322,26417,26427,10
12.8285398483,80.1652679443,26427,26437,10
12.8276395798,80.1651306152,26437,26495,58
12.8276395798,80.1651306152,26495,26508,13
12.8272695541,80.1649780273,26508,26518,10
12.8269901276,80.1648178101,26518,26528,10
12.8264904022,80.1644973755,26528,26538,10
12.8257198334,80.1640396118,26538,26548,10
12.8248596191,80.1635971069,26548,26558,10
12.8239002228,80.162979126,26558,26568,10
12.8229198456,80.1624679565,26568,26578,10
12.8217802048,80.1620178223,26578,26585,7
12.8210096359,80.1616897583,26585,26598,13
12.8195896149,80.1610794067,26598,26608,10
12.8186798096,80.1606674194,26608,26619,11
12.8181495667,80.1604690552,26619,26629,10
12.8179101944,80.1604003906,26629,26639,10
12.8174800873,80.1602935791,26639,26649,10
12.8169403076,80.1601715088,26649,26659,10
12.8162202835,80.1600189209,26659,26669,10
12.8156404495,80.1598968506,26669,26679,10
12.8151197433,80.1597976685,26679,26689,10
12.8143701553,80.1596374512,26689,26699,10
12.8133602142,80.1595306396,26699,26708,9
12.8124799728,80.159362793,26708,26720,12
12.8117904663,80.1593704224,26720,26730,10
12.811750412,80.1593780518,26730,26740,10
12.8108701706,80.1596832275,26740,28275,1535
12.8108701706,80.1596832275,28275,28285,10
12.8106098175,80.1597290039,28285,28295,10
12.8100299835,80.1595993042,28295,28325,30
12.8100299835,80.1595993042,28325,28335,10
12.810210228,80.1596984863,28335,28345,10
12.8103103638,80.1597137451,28345,28356,11
12.8104295731,80.1597137451,28356,28366,10
12.8109302521,80.1596374512,28366,28376,10
12.8115701675,80.1594467163,28376,28406,30
12.8115701675,80.1594467163,28406,28416,10
12.8118095398,80.1594085693,28416,28426,10
12.8124103546,80.1593704224,28426,28436,10
12.8132400513,80.1595077515,28436,28446,10
12.8143100739,80.1596298218,28446,28456,10
12.8153800964,80.159828186,28456,28466,10
12.8162298203,80.1599884033,28466,28476,10
12.8174800873,80.1602706909,28476,28509,33
12.8174800873,80.1602706909,28509,28519,10
12.8175897598,80.1603012085,28519,28529,10
12.8179197311,80.1603927612,28529,28539,10
12.8182401657,80.1604766846,28539,28549,10
12.8185300827,80.1605987549,28549,28559,10
12.8191995621,80.1608963013,28559,28569,10
12.8201503754,80.1613311768,28569,28579,10
12.8212099075,80.161781311,28579,28590,11
12.8223800659,80.1622619629,28590,28600,10
12.8235197067,80.1627502441,28600,28610,10
12.8246498108,80.163482666,28610,28620,10
12.8257102966,80.1640014648,28620,28630,10
12.8265800476,80.1645202637,28630,28640,10
12.8271903992,80.1649093628,28640,28650,10
12.8274898529,80.1650924683,28650,28660,10
12.827870369,80.1651611328,28660,28701,41
12.827870369,80.1651611328,28701,28711,10
12.8278999329,80.1651611328,28711,28721,10
12.828209877,80.1651992798,28721,28731,10
12.8287096024,80.1652679443,28731,28741,10
12.829580307,80.1653671265,28741,28751,10
12.830450058,80.1655426025,28751,28761,10
12.831410408,80.1657409668,28761,28771,10
12.8323097229,80.1660919189,28771,28781,10
12.8332195282,80.1665267944,28781,28791,10
12.8336000443,80.1667709351,28791,28802,11
12.8338003159,80.1668701172,28802,28812,10
12.8344297409,80.1672210693,28812,28822,10
12.8353004456,80.1677017212,28822,28832,10
12.8358001709,80.1678466797,28832,28842,10
12.8359899521,80.1682891846,28842,28852,10
12.8362998962,80.1686172485,28852,28862,10
12.8365802765,80.1687164307,28862,28872,10
12.8370103836,80.168838501,28872,28882,10
12.8372097015,80.1690597534,28882,28892,10
12.8375997543,80.1692962646,28892,28903,11
12.8381700516,80.1694030762,28903,28913,10
12.8384304047,80.1696395874,28913,28923,10
12.8386802673,80.1697769165,28923,28933,10
12.8393497467,80.1699523926,28933,28943,10
12.8402299881,80.1699371338,28943,28953,10
12.8413600922,80.1699676514,28953,28963,10
12.8426399231,80.1699523926,28963,28973,10
12.8440198898,80.1700897217,28973,28983,10
12.845459938,80.1701583862,28983,28993,10
12.8468198776,80.1702270508,28993,29002,9
12.8479604721,80.1703796387,29002,29014,12
12.849360466,80.1706390381,29014,29024,10
12.850520134,80.1708602905,29024,29034,10
12.8515701294,80.1710205078,29034,29044,10
12.8526697159,80.1712036133,29044,29054,10
12.8537302017,80.1713409424,29054,29064,10
12.8547401428,80.1716384888,29064,29074,10
12.8557395935,80.1719436646,29074,29084,10
12.8564395905,80.17212677,29084,29115,31
12.8564395905,80.17212677,29115,29125,10
12.8566598892,80.1721801758,29125,29135,10
12.8570203781,80.1722488403,29135,29145,10
12.8574304581,80.1723175049,29145,29155,10
12.8576602936,80.1723403931,29155,29165,10
12.8580598831,80.172416687,29165,29175,10
12.8586797714,80.1725311279,29175,29185,10
12.8593797684,80.1727371216,29185,29195,10
12.8596897125,80.1728897095,29195,29205,10
12.8598804474,80.1729736328,29205,29215,10
12.8604202271,80.1731872559,29215,29226,11
12.8611402512,80.173500061,29226,29236,10
12.8619098663,80.1738433838,29236,29246,10
12.862739563,80.1742172241,29246,29256,10
12.8635501862,80.1747131348,29256,29266,10
12.8642501831,80.1751480103,29266,29276,10
12.8648996353,80.17552948,29276,29286,10
12.8651304245,80.1756362915,29286,29296,10
12.86536026,80.1756668091,29296,29306,10
12.8653697968,80.1756668091,29306,29316,10
12.8657197952,80.1757125854,29316,29326,10
12.8662900925,80.17578125,29326,29336,10
12.8669700623,80.1758270264,29336,29346,10
12.8677101135,80.1759033203,29346,29356,10
12.8684797287,80.1757583618,29356,29367,11
12.8692798615,80.175201416,29367,29377,10
12.8701696396,80.1745986938,29377,29387,10
12.8710899353,80.1739730835,29387,29397,10
12.8720302582,80.1733474731,29397,29407,10
12.8726902008,80.1729278564,29407,29417,10
12.8734102249,80.1724700928,29417,29429,12
12.8744802475,80.1717605591,29429,29437,8
12.8759498596,80.1708068848,29437,29457,20
12.8759498596,80.1708068848,29457,29467,10
12.8763103485,80.1706924438,29467,29477,10
12.8770198822,80.1704406738,29477,29487,10
12.8779296875,80.1701278687,29487,29497,10
12.8789396286,80.1699676514,29497,29509,12
12.8798999786,80.1701812744,29509,29517,8
12.8800697327,80.1702728271,29517,29527,10
12.8801403046,80.1703109741,29527,29540,13
12.8808002472,80.1706008911,29540,29550,10
12.8815202713,80.1708679199,29550,29560,10
12.8821201324,80.1709823608,29560,29570,10
12.8826503754,80.1706390381,29570,29590,20
12.8826503754,80.1706390381,29590,29600,10
12.8829698563,80.1707992554,29600,29610,10
12.8835802078,80.1710968018,29610,29620,10
12.884349823,80.1715011597,29620,29630,10
12.8851604462,80.1719589233,29630,29641,11
12.8861103058,80.172416687,29641,29651,10
12.8870401382,80.1728973389,29651,29661,10
12.8879899979,80.1733932495,29661,29671,10
12.8888702393,80.1738433838,29671,29681,10
12.8895797729,80.1742019653,29681,29691,10
12.8897800446,80.1742935181,29691,29701,10
12.8899402618,80.174369812,29701,29711,10
12.8901901245,80.1744613647,29711,29721,10
12.8904800415,80.1746673584,29721,29731,10
12.8907403946,80.1751022339,29731,29742,11
12.8911104202,80.1757583618,29742,29752,10
12.8915901184,80.1766586304,29752,29782,30
12.8915901184,80.1766586304,29782,29792,10
12.8916196823,80.1767120361,29792,29802,10
12.8918104172,80.1770629883,29802,29812,10
12.8920602798,80.1775512695,29812,29822,10
12.8922796249,80.1779708862,29822,29832,10
12.8926000595,80.1785430908,29832,29842,10
12.8929300308,80.1791381836,29842,29853,11
12.8933696747,80.1799087524,29853,29863,10
12.8942403793,80.1803283691,29863,30014,151
12.8942403793,80.1803283691,30014,30024,10
12.8944501877,80.1804428101,30024,30034,10
12.8948802948,80.1806716919,30034,30044,10
12.8955602646,80.1809997559,30044,30055,11
12.8965196609,80.1814422607,30055,30065,10
12.8976202011,80.1819763184,30065,30105,40
12.8976202011,80.1819763184,30105,30115,10
12.8977203369,80.1821212769,30115,30125,10
12.8979701996,80.1822280884,30125,30135,10
12.8983297348,80.1824188232,30135,30145,10
12.8987703323,80.1826477051,30145,30155,10
12.899310112,80.1829223633,30155,30166,11
12.8999004364,80.1832122803,30166,30176,10
12.900349617,80.1834030151,30176,30183,7
12.9005804062,80.1835327148,30183,30196,13
12.9012298584,80.1837921143,30196,30206,10
12.9018001556,80.1839599609,30206,30216,10
12.9024295807,80.1841506958,30216,30226,10
12.9030199051,80.1843185425,30226,30347,121
12.9030199051,80.1843185425,30347,30357,10
12.9030399323,80.1843338013,30357,30367,10
12.9034004211,80.1844482422,30367,30378,11
12.9039402008,80.1845932007,30378,30388,10
12.9041099548,80.1850585938,30388,30398,10
12.9040899277,80.1857910156,30398,30408,10
12.9040603638,80.1865692139,30408,30418,10
12.9041204453,80.1873474121,30418,30428,10
12.9046697617,80.18775177,30428,30438,10
12.9052600861,80.188117981,30438,30447,9
12.905790329,80.1884384155,30447,30458,11
12.9064397812,80.1888275146,30458,30480,22
12.9064397812,80.1888275146,30480,30490,10
12.9064702988,80.1888580322,30490,30498,8
12.90666008,80.1890029907,30498,30510,12
12.907119751,80.1893692017,30510,30520,10
12.9076595306,80.1897888184,30520,30530,10
12.9082403183,80.1902389526,30530,30540,10
12.9088401794,80.1906967163,30540,30550,10
12.9094600677,80.1911697388,30550,30560,10
12.9098901749,80.1914978027,30560,30570,10
12.910320282,80.1915969849,30570,30581,11
12.9109601974,80.1916809082,30581,30591,10
12.9116897583,80.1917800903,30591,30601,10
12.9124803543,80.1918487549,30601,30621,20
12.9124803543,80.1918487549,30621,30631,10
12.9125204086,80.1918029785,30631,30641,10
12.9128599167,80.1918563843,30641,30651,10
12.9133996964,80.191947937,30651,30661,10
12.9141197205,80.1920394897,30661,30671,10
12.9149303436,80.1921234131,30671,30682,11
12.9159202576,80.1922073364,30682,30692,10
12.9167299271,80.1922607422,30692,30702,10
12.917140007,80.1921310425,30702,30712,10
12.9171895981,80.1917419434,30712,30762,50
12.9171895981,80.1917419434,30762,30772,10
12.9172496796,80.1914672852,30772,30782,10
12.9173002243,80.1908721924,30782,30793,11
12.9173202515,80.1903686523,30793,30803,10
12.9174900055,80.1904220581,30803,30813,10
12.917429924,80.1908493042,30813,30823,10
12.9173603058,80.1915435791,30823,30833,10
12.9172697067,80.1923217773,30833,30843,10
12.9171695709,80.1931610107,30843,30863,20
12.9171695709,80.1931610107,30863,30873,10
12.9171800613,80.1932220459,30873,30883,10
12.9171600342,80.1934661865,30883,30894,11
12.9171800613,80.193687439,30894,30904,10
12.9172096252,80.1940383911,30904,30914,10
12.9174499512,80.1945037842,30914,30924,10
12.9179697037,80.1949768066,30924,30934,10
12.9185304642,80.1955108643,30934,30944,10
12.9191503525,80.1960525513,30944,30954,10
12.9198503494,80.1964492798,30954,30964,10
12.9203996658,80.196647644,30964,30974,10
12.9207601547,80.196762085,30974,30984,10
12.9211397171,80.1968612671,30984,30995,11
12.9216995239,80.1970672607,30995,31005,10
12.9223299026,80.197227478,31005,31015,10
12.9230699539,80.1973190308,31015,31035,20
12.9230699539,80.1973190308,31035,31045,10
12.9234104156,80.1973724365,31045,31055,10
12.9240198135,80.1974334717,31055,31065,10
12.9247102737,80.1974411011,31065,31075,10
12.9251403809,80.1974334717,31075,31085,10
12.925359726,80.1974334717,31085,31095,10
12.9258098602,80.1974334717,31095,31106,11
12.9264097214,80.197517395,31106,31126,20
12.9264097214,80.197517395,31126,31136,10
12.9267501831,80.1976470947,31136,31146,10
12.9272699356,80.1979370117,31146,31156,10
12.9277896881,80.1984481812,31156,31166,10
12.9281797409,80.199180603,31166,31176,10
12.9284496307,80.200050354,31176,31186,10
12.9285001755,80.2007522583,31186,31196,10
12.9285202026,80.2013397217,31196,31207,11
12.9285497665,80.2019271851,31207,31217,10
12.9286203384,80.2024917603,31217,31227,10
12.929599762,80.2027206421,31227,31247,20
12.929599762,80.2027206421,31247,31257,10
12.9298496246,80.2027435303,31257,31277,20
12.9298496246,80.2027435303,31277,31287,10
12.9301795959,80.202796936,31287,31297,10
12.9305896759,80.2028808594,31297,31307,10
12.9310903549,80.2030029297,31307,31317,10
12.9316396713,80.2031707764,31317,31327,10
12.9320402145,80.2033004761,31327,31337,10
12.9322299957,80.2033615112,31337,31347,10
12.9324903488,80.2034378052,31347,31357,10
12.9327402115,80.2035064697,31357,31367,10
12.9329204559,80.2035598755,31367,31377,10
12.9332399368,80.2037124634,31377,31387,10
12.9336099625,80.2037811279,31387,31398,11
12.9336204529,80.2037811279,31398,31408,10
12.9336795807,80.2037963867,31408,31418,10
12.9338703156,80.2038116455,31418,31428,10
12.9340600967,80.2038269043,31428,31438,10
12.9342403412,80.2038421631,31438,31449,11
12.9344797134,80.2038726807,31449,31458,9
12.9348402023,80.2039337158,31458,31469,11
12.9353704453,80.2041397095,31469,31479,10
12.9357500076,80.2043075562,31479,31489,10
12.9361896515,80.2044525146,31489,31499,10
12.9364500046,80.2045288086,31499,31508,9
12.9365997314,80.2045822144,31508,31521,13
12.9368000031,80.2046432495,31521,31531,10
12.9369697571,80.2046890259,31531,31541,10
12.9371995926,80.204750061,31541,31551,10
12.9374303818,80.2048034668,31551,31561,10
12.9376096725,80.2048492432,31561,31571,10
12.9377298355,80.2048873901,31571,31581,10
12.93791008,80.2049407959,31581,31591,10
12.938079834,80.2049789429,31591,31601,10
12.9382696152,80.205039978,31601,31611,10
12.9384202957,80.2050933838,31611,31621,10
12.9388198853,80.2052230835,31621,31632,11
12.939209938,80.2053375244,31632,31642,10
12.9397296906,80.2054901123,31642,31652,10
12.9401197433,80.2055892944,31652,31662,10
12.940199852,80.205619812,31662,31672,10
12.9402503967,80.2056427002,31672,31682,10
12.9406204224,80.2057723999,31682,31692,10
12.9411096573,80.2059783936,31692,31702,10
12.9416799545,80.2063064575,31702,31712,10
12.9421796799,80.2067108154,31712,31722,10
12.9424600601,80.2069625854,31722,31733,11
12.9426002502,80.2070922852,31733,31743,10
12.9427499771,80.20728302,31743,31753,10
12.942990303,80.2076034546,31753,31763,10
12.9431800842,80.2078094482,31763,31773,10
12.9433498383,80.2079315186,31773,31783,10
12.9437103271,80.2080917358,31783,31793,10
12.9441604614,80.2082519531,31793,31803,10
12.9446697235,80.2084503174,31803,31822,19
12.9446697235,80.2084503174,31822,31834,12
12.9450998306,80.2086181641,31834,31844,10
12.9457597733,80.2088088989,31844,31854,10
12.9464998245,80.2090606689,31854,31864,10
12.9472799301,80.2093429565,31864,31874,10
12.9480495453,80.2095794678,31874,31884,10
12.9484596252,80.2096862793,31884,31894,10
12.9486904144,80.209777832,31894,31904,10
12.9490499496,80.2098922729,31904,31924,20
12.9490499496,80.2098922729,31924,31934,10
12.9493999481,80.2100219727,31934,31945,11
12.9501304626,80.2103500366,31945,31955,10
12.9508695602,80.2107086182,31955,31965,10
12.9516000748,80.2111129761,31965,31975,10
12.9524002075,80.2114486694,31975,31985,10
12.9530601501,80.211730957,31985,31995,10
12.9537200928,80.2119979858,31995,32005,10
12.954369545,80.2122573853,32005,32015,10
12.9551095963,80.2125473022,32015,32025,10
12.9559202194,80.2128677368,32025,32034,9
12.9565696716,80.2131271362,32034,32046,12
12.9575004578,80.213508606,32046,32056,10
12.9583997726,80.2138671875,32056,32066,10
12.9592199326,80.2141876221,32066,32076,10
12.9600496292,80.2145385742,32076,32086,10
12.9608697891,80.2148666382,32086,32096,10
12.9617395401,80.2152023315,32096,32106,10
12.9626703262,80.2155303955,32106,32126,20
12.9626703262,80.2155303955,32126,32136,10
12.9628801346,80.2156066895,32136,32147,11
12.9632902145,80.2157669067,32147,32157,10
12.9636898041,80.215927124,32157,32167,10
12.9642000198,80.2161483765,32167,32197,30
12.9642000198,80.2161483765,32197,32207,10
12.9643602371,80.2162322998,32207,32217,10
12.9647197723,80.2164230347,32217,32227,10
12.965259552,80.2166519165,32227,32237,10
12.9658603668,80.2169036865,32237,32247,10
12.9664697647,80.2171325684,32247,32258,11
12.9670095444,80.2173461914,32258,32268,10
12.967300415,80.2174606323,32268,32298,30
12.967300415,80.2174606323,32298,32308,10
12.9676399231,80.217590332,32308,32318,10
12.9676904678,80.2176132202,32318,32328,10
12.9679698944,80.2177200317,32328,32338,10
12.9685096741,80.2179336548,32338,32348,10
12.9693603516,80.2182617188,32348,32358,10
12.9702796936,80.2186279297,32358,32368,10
12.9713096619,80.2189483643,32368,32388,20
12.9713096619,80.2189483643,32388,32398,10
12.9713802338,80.2189865112,32398,32408,10
12.9718103409,80.2192001343,32408,32419,11
12.9725904465,80.2194976807,32419,32429,10
12.9734897614,80.2198562622,32429,32439,10
12.974360466,80.2202224731,32439,32449,10
12.9749698639,80.220489502,32449,32489,40
12.9749698639,80.220489502,32489,32499,10
12.9753503799,80.2206420898,32499,32509,10
12.9756603241,80.2209014893,32509,32519,10
12.9762601852,80.221206665,32519,32582,63
12.9762601852,80.221206665,32582,32592,10
12.9764099121,80.2211685181,32592,32602,10
12.9765796661,80.2211837769,32602,32612,10
12.9767599106,80.2211990356,32612,32622,10
12.9770898819,80.2211837769,32622,32632,10
12.9775400162,80.2211837769,32632,32642,10
12.9781398773,80.2211532593,32642,32652,10
12.9784402847,80.2210998535,32652,32662,10
12.9788198471,80.2210617065,32662,32673,11
12.9794397354,80.221031189,32673,32683,10
12.9800100327,80.2210235596,32683,32693,10
12.9806203842,80.2209625244,32693,32703,10
12.9812202454,80.2210388184,32703,32713,10
12.9815301895,80.2212371826,32713,32723,10
12.9819002151,80.221496582,32723,32733,10
12.9824695587,80.2216873169,32733,32743,10
12.9828500748,80.221862793,32743,32753,10
12.9831895828,80.2220535278,32753,32784,31
12.9831895828,80.2220535278,32784,32794,10
12.9833602905,80.2221984863,32794,32804,10
12.9836597443,80.2223968506,32804,32814,10
12.9839401245,80.2225723267,32814,32824,10
12.9844799042,80.2228927612,32824,32834,10
12.985159874,80.2232284546,32834,32844,10
12.985619545,80.2230834961,32844,32854,10
12.9865598679,80.2229385376,32854,32874,20
12.9865598679,80.2229385376,32874,32885,11
12.9869604111,80.2229919434,32885,32905,20
12.9869604111,80.2229919434,32905,32915,10
12.9871501923,80.2230072021,32915,32925,10
12.987569809,80.2230529785,32925,32935,10
12.9881496429,80.2227783203,32935,32945,10
12.988699913,80.2223129272,32945,32955,10
12.9892101288,80.2217102051,32955,32965,10
12.9897003174,80.220993042,32965,32975,10
12.9906101227,80.2202072144,32975,32996,21
12.9906101227,80.2202072144,32996,33006,10
12.9906797409,80.2201309204,33006,33016,10
12.9912900925,80.2196884155,33016,33056,40
12.9912900925,80.2196884155,33056,33066,10
12.9914398193,80.2195663452,33066,33076,10
12.9917898178,80.219329834,33076,33086,10
12.9922895432,80.218963623,33086,33097,11
12.9929704666,80.218460083,33097,33107,10
12.9935998917,80.2180023193,33107,33117,10
12.9940595627,80.2176895142,33117,33127,10
12.9945802689,80.2173233032,33127,33137,10
12.9949703217,80.2170181274,33137,33147,10
12.9954395294,80.2167663574,33147,33157,10
12.9962596893,80.2165298462,33157,33177,20
12.9962596893,80.2165298462,33177,33187,10
12.9965696335,80.2164611816,33187,33198,11
12.9969701767,80.2164535522,33198,33218,20
12.9969701767,80.2164535522,33218,33228,10
12.9971103668,80.2164535522,33228,33238,10
12.9976902008,80.216468811,33238,33258,20
12.9976902008,80.216468811,33258,33268,10
12.9980096817,80.2165298462,33268,33278,10
12.9985198975,80.2166900635,33278,33288,10
12.9991703033,80.217010498,33288,33299,11
12.999879837,80.2173995972,33299,33309,10
13.0004301071,80.2177505493,33309,33319,10
13.0009098053,80.2180786133,33319,33329,10
13.0014696121,80.2184066772,33329,33339,10
13.0019702911,80.2189102173,33339,33349,10
13.0024995804,80.2194824219,33349,33359,10
13.0032300949,80.2198486328,33359,33369,10
13.0039300919,80.2200164795,33369,33379,10
13.0048398972,80.2202072144,33379,33399,20
13.0048398972,80.2202072144,33399,33409,10
13.0050001144,80.2202682495,33409,33419,10
13.0055198669,80.220413208,33419,33430,11
13.0062904358,80.2205734253,33430,33440,10
13.0070695877,80.2208175659,33440,33450,10
13.0078897476,80.2212677002,33450,33460,10
13.0086097717,80.2216415405,33460,33470,10
13.0091295242,80.2219161987,33470,33480,10
13.0097999573,80.2222824097,33480,33490,10
13.0105400085,80.2226715088,33490,33500,10
13.0112600327,80.2230072021,33500,33532,32
13.0112600327,80.2230072021,33532,33540,8
13.0113801956,80.2230529785,33540,33552,12
13.0117197037,80.2226486206,33552,33562,10
13.0119199753,80.2218475342,33562,33572,10
13.0122404099,80.2214584351,33572,33582,10
13.0124197006,80.2216491699,33582,33590,8
13.0126600266,80.2220230103,33590,33602,12
13.0128803253,80.222442627,33602,33609,7
13.0133199692,80.2227783203,33609,33623,14
13.0141201019,80.2234191895,33623,33633,10
13.0143499374,80.2236709595,33633,33643,10
13.0146799088,80.224029541,33643,33653,10
13.015130043,80.2246932983,33653,33663,10
13.0156202316,80.2250366211,33663,33680,17
13.0156202316,80.2250366211,33680,33693,13
13.0159797668,80.225227356,33693,33703,10
13.0165596008,80.2252502441,33703,33713,10
13.01720047,80.2250213623,33713,33724,11
13.017999649,80.2247085571,33724,33734,10
13.0186700821,80.2244110107,33734,33744,10
13.0192699432,80.2242889404,33744,33754,10
13.019780159,80.2245101929,33754,33764,10
13.0201797485,80.2248077393,33764,33774,10
13.0206098557,80.2251281738,33774,33784,10
13.0210103989,80.2254486084,33784,33794,10
13.0214004517,80.2257614136,33794,33804,10
13.0216197968,80.2258987427,33804,33814,10
13.0219297409,80.2260971069,33814,33845,31
13.0219297409,80.2260971069,33845,33855,10
13.0220403671,80.2261734009,33855,33865,10
13.0221796036,80.2262878418,33865,33875,10
13.0223398209,80.2264175415,33875,33885,10
13.0225296021,80.2265930176,33885,33895,10
13.0227603912,80.2268066406,33895,34006,111
13.0227603912,80.2268066406,34006,34016,10
13.0229997635,80.2270507813,34016,34026,10
13.0230998993,80.2271728516,34026,34037,11
13.0232496262,80.2273025513,34037,34047,10
13.0233898163,80.2274475098,34047,34057,10
13.0235595703,80.2276306152,34057,34067,10
13.0237398148,80.2277679443,34067,34107,40
13.0237398148,80.2277679443,34107,34117,10
13.0239200592,80.2279129028,34117,34127,10
13.0240297318,80.2280273438,34127,34138,11
13.024189949,80.2282104492,34138,34148,10
13.0243997574,80.2285079956,34148,34158,10
13.0245599747,80.2287597656,34158,34168,10
13.024720192,80.2289886475,34168,34178,10
13.0249900818,80.229347229,34178,34188,10
13.0251998901,80.2295837402,34188,34198,10
13.0253095627,80.2297134399,34198,34208,10
13.0255098343,80.2299804688,34208,34218,10
13.0256900787,80.2302474976,34218,34279,61
13.0256900787,80.2302474976,34279,34289,10
13.0257396698,80.2303390503,34289,34300,11
13.0258998871,80.2306518555,34300,34309,9
13.0259895325,80.2309494019,34309,34320,11
13.026049614,80.2312698364,34320,34330,10
13.0263996124,80.2312927246,34330,34341,11
13.0271902084,80.2310562134,34341,34351,10
13.0279502869,80.2309188843,34351,34360,9
13.0284500122,80.2308807373,34360,34371,11
13.0287799835,80.2308120728,34371,34381,10
13.0288200378,80.2308425903,34381,34391,10
13.0292301178,80.2307891846,34391,34401,10
13.0296802521,80.2307281494,34401,34411,10
13.0301904678,80.2306671143,34411,34421,10
13.030380249,80.2306594849,34421,34431,10
13.030670166,80.2306594849,34431,34440,9
13.0311002731,80.2306213379,34440,34451,11
13.031829834,80.2305603027,34451,34463,12
13.0326595306,80.2304763794,34463,34473,10
13.0334100723,80.2304229736,34473,34483,10
13.0340595245,80.2303771973,34483,34493,10
13.0344600677,80.2303314209,34493,34543,50
13.0344600677,80.2303314209,34543,34553,10
13.034819603,80.2302474976,34553,34564,11
13.0349397659,80.2301712036,34564,34574,10
13.0350799561,80.2300033569,34574,34584,10
13.0351104736,80.229850769,34584,34594,10
13.0349197388,80.2297897339,34594,34604,10
13.0348501205,80.2297897339,34604,34614,10
13.0347900391,80.2297973633,34614,34624,10
13.0342798233,80.2298126221,34624,34644,20
13.0342102051,80.2301025391,34644,34897,253
13.0342102051,80.2301025391,34897,34907,10
13.0341901779,80.2303009033,34907,34967,60
13.0341901779,80.2303009033,34967,34977,10
13.0338602066,80.2304534912,34977,34988,11
13.0332202911,80.2305374146,34988,34998,10
13.0327997208,80.2305831909,34998,35008,10
13.0322999954,80.2305908203,35008,35018,10
13.0320301056,80.2306289673,35018,35028,10
13.0318098068,80.2306518555,35028,35038,10
13.0310697556,80.2307510376,35038,35099,61
13.0310697556,80.2307510376,35099,35109,10
13.0307598114,80.2307510376,35109,35119,10
13.0303697586,80.2307662964,35119,35129,10
13.02987957,80.230796814,35129,35139,10
13.0298595428,80.230796814,35139,35149,10
13.0297002792,80.2308578491,35149,35159,10
13.0290403366,80.2308807373,35159,35169,10
13.0282001495,80.2309570313,35169,35179,10
13.0277395248,80.2310409546,35179,35189,10
13.0277004242,80.2314834595,35189,35200,11
13.0277795792,80.2322235107,35200,35210,10
13.0278196335,80.2327575684,35210,35220,10
13.027299881,80.2328796387,35220,35230,10
13.0269098282,80.233001709,35230,35391,161
13.0269098282,80.233001709,35391,35401,10
13.0265703201,80.2330169678,35401,35411,10
13.02643013,80.2329101563,35411,35421,10
13.0262804031,80.2323913574,35421,35431,10
13.0261096954,80.2316131592,35431,35441,10
13.0258798599,80.2307434082,35441,35451,10
13.0253200531,80.2298278809,35451,35461,10
13.0247802734,80.2291870117,35461,35471,10
13.0244102478,80.228729248,35471,35481,10
13.024020195,80.2282485962,35481,35491,10
13.0237102509,80.227897644,35491,35501,10
13.0230798721,80.2274093628,35501,35524,23
13.0230798721,80.2274093628,35524,35534,10
13.022939682,80.2273788452,35534,35544,10
13.0227203369,80.2271118164,35544,35554,10
13.0222797394,80.2266235352,35554,35564,10
13.0215797424,80.2260513306,35564,35574,10
13.0209302902,80.2255172729,35574,35584,10
13.0203104019,80.2250671387,35584,35591,7
13.0198001862,80.2247314453,35591,35604,13
13.0186395645,80.2245864868,35604,35615,11
13.017660141,80.2249679565,35615,35625,10
13.0170001984,80.225227356,35625,35635,10
13.0166501999,80.2253723145,35635,35645,10
13.0163698196,80.2255020142,35645,35655,10
13.0156803131,80.2257232666,35655,35665,10
13.0149202347,80.226020813,35665,35675,10
13.0143003464,80.2262496948,35675,35685,10
13.0140895844,80.2263717651,35685,35695,10
13.0138502121,80.2264328003,35695,35705,10
13.0131397247,80.2266921997,35705,35715,10
13.0123100281,80.2269973755,35715,35726,11
13.0112600327,80.2274169922,35726,35736,10
13.0103197098,80.2277832031,35736,35746,10
13.0096902847,80.2278823853,35746,35756,10
13.0096797943,80.2272720337,35756,35766,10
13.0100402832,80.2264022827,35766,35776,10
13.0103998184,80.2255630493,35776,35786,10
13.0106201172,80.2250976563,35786,35796,10
13.010720253,80.2248535156,35796,35806,10
13.0108203888,80.224571228,35806,35815,9
13.0109195709,80.2241973877,35815,35827,12
13.0111398697,80.2235794067,35827,35837,10
13.0111904144,80.2231521606,35837,35847,10
13.010840416,80.2230377197,35847,35857,10
13.0105600357,80.2229614258,35857,35867,10
13.010310173,80.2227935791,35867,35877,10
13.0096101761,80.2223892212,35877,35887,10
13.0088300705,80.2219314575,35887,35897,10
13.0082302094,80.221572876,35897,35907,10
13.0075302124,80.2211532593,35907,35917,10
13.0067501068,80.2208709717,35917,35927,10
13.0056200027,80.2205123901,35927,35938,11
13.0046300888,80.2202682495,35938,35948,10
13.0043697357,80.2202072144,35948,35958,10
13.0037097931,80.2200469971,35958,35968,10
13.002820015,80.2197570801,35968,35978,10
13.0020799637,80.2191162109,35978,35988,10
13.0014801025,80.2185516357,35988,35998,10
13.0008296967,80.2181091309,35998,36008,10
13.0000801086,80.2176208496,36008,36018,10
12.9993801117,80.2172164917,36018,36028,10
12.9985198975,80.2167663574,36028,36039,11
12.9976501465,80.2165374756,36039,36049,10
12.9975204468,80.2165298462,36049,36059,10
12.9973602295,80.216506958,36059,36069,10
12.9968700409,80.2165222168,36069,36079,10
12.9962797165,80.2166213989,36079,36089,10
12.9955501556,80.2168579102,36089,36098,9
12.9950199127,80.2171707153,36098,36109,11
12.9944000244,80.2175598145,36109,36119,10
12.9939899445,80.2178573608,36119,36129,10
12.9934597015,80.2182235718,36129,36140,11
12.9927997589,80.2187194824,36140,36149,9
12.9921398163,80.2192230225,36149,36160,11
12.9914703369,80.2197036743,36160,36170,10
12.9909200668,80.220123291,36170,36180,10
12.990819931,80.2202072144,36180,36190,10
12.9905796051,80.2203369141,36190,36200,10
12.9900503159,80.2208023071,36200,36210,10
12.9894399643,80.221496582,36210,36220,10
12.988820076,80.2222824097,36220,36230,10
12.9882898331,80.2227706909,36230,36240,10
12.9876499176,80.2230987549,36240,36261,21
12.9876499176,80.2230987549,36261,36271,10
12.9874801636,80.2230682373,36271,36281,10
12.9872303009,80.2230606079,36281,36291,10
12.9869298935,80.2230224609,36291,36301,10
12.9866199493,80.2229690552,36301,36311,10
12.9860296249,80.2229690552,36311,36321,10
12.9854202271,80.2232894897,36321,36331,10
12.9848804474,80.2231674194,36331,36341,10
12.9844903946,80.2229919434,36341,36351,10
12.9842500687,80.2228469849,36351,36361,10
12.9839897156,80.2227096558,36361,36371,10
12.9838199615,80.222618103,36371,36382,11
12.9836196899,80.2225036621,36382,36392,10
12.9834098816,80.2223587036,36392,36402,10
12.9832401276,80.2222595215,36402,36412,10
12.9832201004,80.2222595215,36412,36422,10
12.9831399918,80.2221679688,36422,36432,10
12.9828701019,80.2220611572,36432,36441,9
12.9825601578,80.2219314575,36441,36452,11
12.9820995331,80.2217636108,36452,36464,12
12.9814901352,80.2212982178,36464,36474,10
12.9807701111,80.2210998535,36474,36484,10
12.9801301956,80.2211227417,36484,36492,8
12.9797897339,80.2211380005,36492,36504,12
12.9796695709,80.2211380005,36504,36514,10
12.9792203903,80.2211380005,36514,36524,10
12.9785299301,80.2211837769,36524,36534,10
12.9779396057,80.2211990356,36534,36544,10
12.9777698517,80.2212219238,36544,36554,10
12.9772195816,80.2212524414,36554,36565,11
12.9764499664,80.2212524414,36565,36577,12
12.9761199951,80.2212600708,36577,36647,70
12.9761199951,80.2212600708,36647,36657,10
12.9758901596,80.221282959,36657,36668,11
12.9756402969,80.2211074829,36668,36708,40
12.9756402969,80.2211074829,36708,36718,10
12.9754896164,80.220993042,36718,36728,10
12.9753103256,80.2208862305,36728,36738,10
12.9750204086,80.220741272,36738,36748,10
12.9745397568,80.2205123901,36748,36758,10
12.9741201401,80.2203521729,36758,36768,10
12.9738197327,80.2202377319,36768,36779,11
12.973449707,80.2200775146,36779,36789,10
12.9728403091,80.2198410034,36789,36799,10
12.9721002579,80.219543457,36799,36809,10
12.971329689,80.2192687988,36809,36819,10
12.9709596634,80.2191696167,36819,36829,10
12.9709596634,80.2191619873,36829,36839,10
12.9706802368,80.2190093994,36839,36849,10
12.9700899124,80.2187271118,36849,36859,10
12.969420433,80.218460083,36859,36869,10
12.9688596725,80.2182388306,36869,36880,11
12.9682397842,80.2180023193,36880,36890,10
12.9676303864,80.2177505493,36890,36900,10
12.9668903351,80.2174377441,36900,36908,8
12.9661502838,80.2171401978,36908,36920,12
12.9649400711,80.2166519165,36920,36930,10
12.964050293,80.2162704468,36930,36940,10
12.9635095596,80.2160186768,36940,36950,10
12.9629602432,80.2157974243,36950,36958,8
12.962849617,80.2157516479,36958,36969,11
12.9627399445,80.2156982422,36969,36981,12
12.9620800018,80.2154464722,36981,36991,10
12.9612398148,80.2151184082,36991,37001,10
12.9601898193,80.2146987915,37001,37011,10
12.9592895508,80.21434021,37011,37021,10
12.9583301544,80.2139434814,37021,37031,10
12.9573297501,80.2135391235,37031,37041,10
12.9562797546,80.2131118774,37041,37051,10
12.9552097321,80.2127227783,37051,37062,11
12.954199791,80.212310791,37062,37072,10
12.9537401199,80.2121505737,37072,37082,10
12.9536504745,80.2121124268,37082,37092,10
12.9531898499,80.2119064331,37092,37102,10
12.9523897171,80.2116165161,37102,37112,10
12.9514303207,80.2112579346,37112,37122,10
12.9504499435,80.2109069824,37122,37132,10
12.9493598938,80.2105102539,37132,37142,10
12.9486598969,80.2102584839,37142,37152,10
12.9486103058,80.2102508545,37152,37162,10
12.9485397339,80.2102584839,37162,37172,10
12.9481201172,80.2100524902,37172,37182,10
12.9472398758,80.2096862793,37182,37195,13
12.9459495544,80.2091674805,37195,37205,10
12.945019722,80.2086868286,37205,37215,10
12.9443397522,80.2083969116,37215,37225,10
12.944270134,80.208366394,37225,37235,10
12.9437799454,80.2081832886,37235,37245,10
12.9430103302,80.2077407837,37245,37255,10
12.94231987,80.2069168091,37255,37265,10
12.9414901733,80.2062606812,37265,37275,10
12.9409599304,80.2059783936,37275,37285,10
12.9409599304,80.2059936523,37285,37292,7
12.9407396317,80.2059020996,37292,37306,14
12.9398202896,80.205619812,37306,37316,10
12.9391002655,80.2053985596,37316,37326,10
12.9382896423,80.2051391602,37326,37336,10
12.9372997284,80.2048568726,37336,37346,10
12.9363203049,80.2045898438,37346,37356,10
12.9356403351,80.2043914795,37356,37366,10
12.9350299835,80.2040710449,37366,37376,10
12.9343099594,80.2039337158,37376,37386,10
12.9337997437,80.2039108276,37386,37396,10
12.9337596893,80.2039108276,37396,37407,11
12.9335603714,80.2038879395,37407,37417,10
12.9330797195,80.2037734985,37417,37427,10
12.9323997498,80.2035293579,37427,37437,10
12.9315500259,80.2032470703,37437,37447,10
12.9309597015,80.2030487061,37447,37457,10
12.9304800034,80.2029190063,37457,37467,10
12.9298400879,80.2028121948,37467,37477,10
12.9294300079,80.2027816772,37477,37487,10
12.9293699265,80.2027587891,37487,37497,10
12.9289197922,80.2026977539,37497,37507,10
12.9285097122,80.2022781372,37507,37518,11
12.9284896851,80.2017211914,37518,37528,10
12.9284801483,80.2013397217,37528,37538,10
12.928440094,80.2005462646,37538,37548,10
12.9282798767,80.1995925903,37548,37558,10
12.9278402328,80.1986312866,37558,37568,10
12.9270496368,80.1978378296,37568,37578,10
12.9261798859,80.1975402832,37578,37588,10
12.9255199432,80.1975097656,37588,37598,10
12.9252796173,80.1975097656,37598,37608,10
12.9246702194,80.1974868774,37608,37619,11
12.9237298965,80.197479248,37619,37629,10
12.9227800369,80.1973571777,37629,37639,10
12.9220304489,80.1972732544,37639,37649,10
12.9219799042,80.1972579956,37649,37659,10
12.9216499329,80.1971435547,37659,37669,10
12.9211397171,80.1969528198,37669,37679,10
12.9207000732,80.1968078613,37679,37689,10
12.9200601578,80.1966018677,37689,37699,10
12.9193201065,80.1962738037,37699,37709,10
12.9188203812,80.1958694458,37709,37720,11
12.9182395935,80.1953735352,37720,37730,10
12.9176998138,80.1948928833,37730,37740,10
12.9173898697,80.1945877075,37740,37780,40
12.9173898697,80.1945877075,37780,37790,10
12.9171800613,80.1942977905,37790,37800,10
12.9170103073,80.1937789917,37800,37810,10
12.9170303345,80.1929473877,37810,37820,10
12.9170103073,80.1923294067,37820,37831,11
12.9166402817,80.1923065186,37831,37861,30
12.9166402817,80.1923065186,37861,37871,10
12.9162902832,80.1922836304,37871,37881,10
12.9156398773,80.192237854,37881,37891,10
12.9147996902,80.1921691895,37891,37901,10
12.9138498306,80.1920700073,37901,37911,10
12.9130001068,80.1919631958,37911,37921,10
12.9120798111,80.1918563843,37921,37932,11
12.9110803604,80.1917495728,37932,37942,10
12.9101800919,80.1916275024,37942,37952,10
12.9096698761,80.1914367676,37952,37962,10
12.9096603394,80.1914291382,37962,37972,10
12.9093904495,80.191192627,37972,37982,10
12.9087696075,80.1907196045,37982,37992,10
12.9078998566,80.1900634766,37992,38002,10
12.906999588,80.1893615723,38002,38012,10
12.9062900543,80.1888580322,38012,38022,10
12.9062299728,80.1888198853,38022,38032,10
12.9060001373,80.188659668,38032,38042,10
12.9053697586,80.1882781982,38042,38052,10
12.9044799805,80.1877212524,38052,38062,10
12.903960228,80.1870193481,38062,38072,10
12.9040002823,80.1860198975,38072,38083,11
12.9040298462,80.185043335,38083,38093,10
12.9040203094,80.1848678589,38093,38103,10
12.9036502838,80.1845703125,38103,38113,10
12.9029397964,80.1843566895,38113,38123,10
12.9019899368,80.18409729,38123,38133,10
12.9010801315,80.1838226318,38133,38143,10
12.9000797272,80.1833724976,38143,38153,10
12.8989400864,80.1827774048,38153,38163,10
12.8976802826,80.1821289063,38163,38183,20
12.8976802826,80.1821289063,38183,38193,10
12.8974304199,80.1819915771,38193,38203,10
12.8972196579,80.1819076538,38203,38213,10
12.8967199326,80.181640625,38213,38223,10
12.8960103989,80.181312561,38223,38233,10
12.8950996399,80.1808624268,38233,38246,13
12.8939199448,80.1802597046,38246,38256,10
12.8933200836,80.179977417,38256,38266,10
12.893289566,80.17993927,38266,38276,10
12.8931503296,80.1797027588,38276,38286,10
12.8928003311,80.1790390015,38286,38296,10
12.8923397064,80.1781616211,38296,38306,10
12.8917798996,80.1771697998,38306,38316,10
12.8914804459,80.176612854,38316,38326,10
12.8914699554,80.1765975952,38326,38336,10
12.8913097382,80.1763076782,38336,38346,10
12.8909502029,80.1756286621,38346,38357,11
12.8904800415,80.1747665405,38357,38367,10
12.8900098801,80.1744232178,38367,38377,10
12.8898096085,80.1743621826,38377,38387,10
12.8895196915,80.1742172241,38387,38397,10
12.8892402649,80.1740722656,38397,38407,10
12.8885803223,80.1737213135,38407,38417,10
12.8877401352,80.1732788086,38417,38427,10
12.8868999481,80.1728515625,38427,38437,10
12.8862199783,80.1725006104,38437,38447,10
12.8856601715,80.1721801758,38447,38458,11
12.884759903,80.1717224121,38458,38468,10
12.8837099075,80.1711883545,38468,38478,10
12.8828401566,80.1707305908,38478,38488,10
12.882519722,80.1705932617,38488,38498,10
12.882229805,80.1707763672,38498,38508,10
12.8816299438,80.1709213257,38508,38518,10
12.8812503815,80.170791626,38518,38528,10
12.880610466,80.1705703735,38528,38538,10
12.8799200058,80.1702423096,38538,38548,10
12.8797397614,80.1701507568,38548,38558,10
12.879119873,80.1699523926,38558,38569,11
12.8768100739,80.1705093384,38569,38579,10
12.8768100739,80.1705093384,38579,38586,7
12.8760995865,80.170753479,38586,38599,13
12.8717699051,80.1735076904,38599,38644,45
12.8717699051,80.1735076904,38644,38663,19
12.8694801331,80.1750717163,38663,38673,10
12.8685598373,80.1756973267,38673,38683,10
12.8676204681,80.1759262085,38683,38693,10
12.8666296005,80.1758117676,38693,38703,10
12.8656797409,80.1757202148,38703,38713,10
12.8651695251,80.1756668091,38713,38723,10
12.8650903702,80.1756515503,38723,38733,10
12.8645496368,80.1753616333,38733,38743,10
12.8637399673,80.1748809814,38743,38753,10
12.8627195358,80.1742401123,38753,38763,10
12.8617401123,80.1737976074,38763,38776,13
12.8613395691,80.1736297607,38776,38786,10
12.8611803055,80.1735687256,38786,38796,10
12.8606700897,80.1733398438,38796,38806,10
12.8599395752,80.1730194092,38806,38816,10
12.8596401215,80.1728820801,38816,38826,10
12.8594398499,80.1727905273,38826,38836,10
12.8587999344,80.1725769043,38836,38846,10
12.857919693,80.172416687,38846,38856,10
12.8574800491,80.1723403931,38856,38866,10
12.857049942,80.1722564697,38866,38877,11
12.8563995361,80.1721420288,38877,38887,10
12.8563299179,80.1721191406,38887,38897,10
12.8561401367,80.1720581055,38897,38907,10
12.8556404114,80.1719284058,38907,38917,10
12.8548402786,80.1716995239,38917,38927,10
12.8538503647,80.1714019775,38927,38937,10
12.8530702591,80.1712188721,38937,38947,10
12.8523101807,80.1711502075,38947,38957,10
12.8512802124,80.1709594727,38957,38967,10
12.8502702713,80.1708068848,38967,38976,9
12.8491601944,80.1705932617,38976,38988,12
12.8475198746,80.1703262329,38988,38998,10
12.8466701508,80.1702575684,38998,39008,10
12.8456296921,80.1701889038,39008,39018,10
12.8444900513,80.1701431274,39018,39028,10
12.8433103561,80.1699981689,39028,39037,9
12.8422603607,80.1699371338,39037,39049,12
12.8409700394,80.1699676514,39049,39059,10
12.8399095535,80.1699523926,39059,39069,10
12.8389797211,80.169883728,39069,39079,10
12.8384599686,80.1697235107,39079,39090,11
12.8383798599,80.1696624756,39090,39100,10
12.838139534,80.1694335938,39100,39110,10
12.83796978,80.1693191528,39110,39120,10
12.8375101089,80.1692810059,39120,39130,10
12.8371095657,80.1689834595,39130,39140,10
12.8368997574,80.1688232422,39140,39150,10
12.8365802765,80.1687393188,39150,39160,10
12.8364295959,80.1686935425,39160,39170,10
12.8363704681,80.1686706543,39170,39180,10
12.8362102509,80.1686019897,39180,39190,10
12.8361997604,80.1686019897,39190,39201,11
12.8360900879,80.168548584,39201,39211,10
12.8359498978,80.1682662964,39211,39221,10
12.8357095718,80.1678314209,39221,39231,10
12.8351602554,80.167678833,39231,39241,10
12.8343896866,80.1672363281,39241,39251,10
12.8333702087,80.1666793823,39251,39261,10
12.8322896957,80.1661071777,39261,39271,10
12.8311901093,80.1657104492,39271,39281,10
12.8299398422,80.1654434204,39281,39291,10
12.8287401199,80.1652832031,39291,39302,11
12.8276195526,80.1651382446,39302,39322,20
12.8276195526,80.1651382446,39322,39332,10
12.8275403976,80.1651229858,39332,39342,10
12.8274002075,80.1650772095,39342,39352,10
12.827170372,80.1649475098,39352,39362,10
12.8268299103,80.1647415161,39362,39372,10
12.8263998032,80.1644668579,39372,39382,10
12.8258895874,80.1641311646,39382,39392,10
12.8252401352,80.1638031006,39392,39402,10
12.8243703842,80.1633224487,39402,39413,11
12.8233098984,80.1626434326,39413,39423,10
12.8222303391,80.1621780396,39423,39433,10
12.8210601807,80.1617126465,39433,39443,10
12.819899559,80.1612091064,39443,39453,10
12.8188199997,80.1607208252,39453,39463,10
12.8181200027,80.1604614258,39463,39473,10
12.8178596497,80.1603775024,39473,39483,10
12.8174600601,80.1602783203,39483,39493,10
12.8170003891,80.1601791382,39493,39503,10
12.8164196014,80.1600494385,39503,39513,10
12.8156700134,80.1598968506,39513,39523,10
12.8148403168,80.1597290039,39523,39533,10
12.8139400482,80.1595916748,39533,39543,10
12.8129796982,80.1594619751,39543,39553,10
12.8115901947,80.1594314575,39553,39574,21
12.8115901947,80.1594314575,39574,39584,10
12.8113298416,80.1595001221,39584,39594,10
12.8108100891,80.1596679688,39594,39604,10
12.8099899292,80.1595611572,39604,39634,30
12.8099899292,80.1595611572,39634,39644,10
12.8101997375,80.1596832275,39644,39654,10
12.8104400635,80.1596832275,39654,39664,10
12.8105201721,80.1596679688,39664,39674,10
12.8109397888,80.1595993042,39674,39684,10
12.8113803864,80.1594696045,39684,39694,10
12.8116397858,80.1594161987,39694,39704,10
12.8117399216,80.1594161987,39704,39714,10
12.812210083,80.1593399048,39714,39727,13
12.8128299713,80.1594161987,39727,39737,10
12.8131799698,80.1594924927,39737,39747,10
12.8139200211,80.1595687866,39747,39757,10
12.8148498535,80.1597137451,39757,39767,10
12.8158998489,80.1599197388,39767,39777,10
12.8169898987,80.16015625,39777,39787,10
12.8177900314,80.1603393555,39787,39797,10
12.8181600571,80.1604385376,39797,39807,10
12.818400383,80.1605072021,39807,39817,10
12.8190002441,80.1607589722,39817,39828,11
12.8200502396,80.1612319946,39828,39838,10
12.8212795258,80.1617507935,39838,39848,10
12.8224697113,80.1622314453,39848,39858,10
12.8236198425,80.1627578735,39858,39868,10
12.8246202469,80.1634063721,39868,39878,10
12.8256597519,80.1639633179,39878,39888,10
12.8267002106,80.1645431519,39888,40808,920
12.8267002106,80.1645431519,40808,40818,10
12.8268995285,80.1646575928,40818,40828,10
12.8275003433,80.1650390625,40828,40848,20
12.8275003433,80.1650390625,40848,40858,10
12.8278398514,80.1651382446,40858,40875,17
12.8278398514,80.1651382446,40875,40888,13
12.8281602859,80.1651992798,40888,40899,11
12.828909874,80.1652832031,40899,40909,10
12.8298902512,80.165397644,40909,40919,10
12.8309001923,80.1655883789,40919,40929,10
12.831870079,80.1658935547,40929,40939,10
12.832909584,80.166343689,40939,40949,10
12.8338804245,80.1668930054,40949,40959,10
12.8348503113,80.1674423218,40959,40969,10
12.835650444,80.1677627563,40969,40979,10
12.8359098434,80.16796875,40979,40989,10
12.8360900879,80.1684875488,40989,41000,11
12.8363800049,80.1686172485,41000,41010,10
12.8367900848,80.1687469482,41010,41020,10
12.8370399475,80.1688308716,41020,41030,10
12.8371200562,80.1688919067,41030,41040,10
12.8372402191,80.1690826416,41040,41050,10
12.8377304077,80.1692810059,41050,41060,10
12.8381500244,80.1693572998,41060,41070,10
12.8383903503,80.1695709229,41070,41080,10
12.838470459,80.1696166992,41080,41090,10
12.8389501572,80.1698074341,41090,41101,11
12.8398399353,80.1699523926,41101,41111,10
12.8409099579,80.169921875,41111,41121,10
12.8421096802,80.1699295044,41121,41131,10
12.8433904648,80.1699676514,41131,41141,10
12.8446903229,80.1701202393,41141,41151,10
12.8460302353,80.1701812744,41151,41161,10
12.8474302292,80.1702804565,41161,41171,10
12.8488397598,80.1705474854,41171,41181,10
12.8502197266,80.170791626,41181,41191,10
12.8514499664,80.1709823608,41191,41200,9
12.8525600433,80.1711578369,41200,41212,12
12.8538799286,80.1713562012,41212,41222,10
12.8550100327,80.1716918945,41222,41232,10
12.8560600281,80.1719894409,41232,41242,10
12.8564901352,80.1720962524,41242,41262,20
12.8564901352,80.1720962524,41262,41272,10
12.8565101624,80.1721191406,41272,41282,10
12.8568401337,80.172203064,41282,41292,10
12.8574800491,80.1723098755,41292,41302,10
12.8577804565,80.1723632813,41302,41313,11
12.8585500717,80.1725006104,41313,41323,10
12.8594999313,80.1727676392,41323,41333,10
12.8598499298,80.1729202271,41333,41343,10
12.8603200912,80.1731109619,41343,41353,10
12.8611698151,80.1734924316,41353,41363,10
12.8617897034,80.1737823486,41363,41373,10
12.8619699478,80.1738510132,41373,41383,10
12.8626203537,80.174118042,41383,41393,10
12.8635501862,80.174659729,41393,41402,9
12.8644599915,80.175239563,41402,41413,11
12.8655004501,80.1756820679,41413,41424,11
12.8665504456,80.17578125,41424,41434,10
12.8673295975,80.1758575439,41434,41444,10
12.8682098389,80.1759033203,41444,41454,10
12.8690299988,80.1753616333,41454,41464,10
12.870010376,80.1746826172,41464,41474,10
12.8709602356,80.1740188599,41474,41484,10
12.872130394,80.1732635498,41484,41494,10
12.8732595444,80.1725234985,41494,41504,10
12.8799600601,80.1701583862,41504,41567,63
12.8799600601,80.1701583862,41567,41599,32
12.8816204071,80.1708602905,41599,41608,9
12.8821201324,80.1709289551,41608,41620,12
12.8825397491,80.1705932617,41620,41633,13
12.8828496933,80.1707382202,41633,41643,10
12.8835096359,80.1710586548,41643,41653,10
12.8842897415,80.1714477539,41653,41663,10
12.8852901459,80.1719894409,41663,41673,10
12.8862600327,80.1724777222,41673,41683,10
12.8872098923,80.172958374,41683,41693,10
12.8880395889,80.1733932495,41693,41703,10
12.888759613,80.1737594604,41703,41713,10
12.8894300461,80.1741104126,41713,41723,10
12.8896903992,80.1742095947,41723,41733,10
12.8898696899,80.1742782593,41733,41744,11
12.8901500702,80.1744003296,41744,41754,10
12.890540123,80.1747283936,41754,41762,8
12.8907499313,80.1751174927,41762,41774,12
12.8912000656,80.1759414673,41774,41784,10
12.8915901184,80.1766433716,41784,41794,10
12.8916397095,80.1766967773,41794,41804,10
12.8918104172,80.1770629883,41804,41814,10
12.8921899796,80.1777496338,41814,41824,10
12.8927001953,80.1786499023,41824,41834,10
12.8931999207,80.1796035767,41834,41845,11
12.8939800262,80.18019104,41845,41865,20
12.8939800262,80.18019104,41865,41875,10
12.8941297531,80.1802597046,41875,41885,10
12.8947401047,80.180557251,41885,41895,10
12.8956804276,80.1809997559,41895,41905,10
12.896780014,80.1815338135,41905,41915,10
12.8976402283,80.1819763184,41915,41946,31
12.8976402283,80.1819763184,41946,41956,10
12.8976697922,80.1820602417,41956,41966,10
12.8978395462,80.1821517944,41966,41976,10
12.8982200623,80.1823425293,41976,41986,10
12.8988304138,80.1826477051,41986,41996,10
12.8994398117,80.1829605103,41996,42006,10
12.9001903534,80.18334198,42006,42016,10
12.9009599686,80.1836929321,42016,42026,10
12.9019203186,80.1839599609,42026,42036,10
12.9028902054,80.1842422485,42036,42046,10
12.9037599564,80.1845092773,42046,42057,11
12.9041204453,80.185043335,42057,42067,10
12.9040899277,80.185836792,42067,42077,10
12.9040403366,80.1867980957,42077,42087,10
12.9043798447,80.1875610352,42087,42097,10
12.9051799774,80.1880569458,42097,42107,10
12.9065904617,80.1889419556,42107,42127,20
12.9065904617,80.1889419556,42127,42137,10
12.9066801071,80.1890106201,42137,42147,10
12.9070501328,80.1892929077,42147,42157,10
12.9076404572,80.1897277832,42157,42167,10
12.9083404541,80.1902618408,42167,42177,10
12.9091100693,80.1908721924,42177,42187,10
12.9097900391,80.1913986206,42187,42197,10
12.9104499817,80.1915969849,42197,42207,10
12.911239624,80.1917266846,42207,42217,10
12.9122800827,80.1918487549,42217,42237,20
12.9122800827,80.1918487549,42237,42248,11
12.9124898911,80.1919174194,42248,42258,10
12.9131202698,80.1919937134,42258,42268,10
12.9138803482,80.1920928955,42268,42279,11
12.9148702621,80.1921768188,42279,42288,9
12.9154396057,80.1922225952,42288,42299,11
12.9157896042,80.1922302246,42299,42308,9
12.9162397385,80.1922531128,42308,42319,11
12.91685009,80.1922836304,42319,42339,20
12.91685009,80.1922836304,42339,42349,10
12.9169597626,80.1922836304,42349,42358,9
12.9171304703,80.1921310425,42358,42371,13
12.9172496796,80.1915664673,42371,42381,10
12.917309761,80.1909866333,42381,42391,10
12.9173002243,80.190536499,42391,42401,10
12.9174003601,80.1903610229,42401,42411,10
12.9174203873,80.1906509399,42411,42421,10
12.9173603058,80.1912994385,42421,42431,10
12.9172697067,80.1920623779,42431,42441,10
12.9171800613,80.1927032471,42441,42451,10
12.917140007,80.1931610107,42451,42472,21
12.9171199799,80.1932830811,42472,42522,50
12.9171199799,80.1932830811,42522,42532,10
12.9170799255,80.1934585571,42532,42542,10
12.9171104431,80.1938323975,42542,42552,10
12.9171695709,80.1941680908,42552,42562,10
12.9175300598,80.1945877075,42562,42571,9
12.9180898666,80.1950378418,42571,42583,12
12.9188404083,80.1957168579,42583,42593,10
12.9194698334,80.1962432861,42593,42603,10
12.92029953,80.1966094971,42603,42613,10
12.9209899902,80.1968307495,42613,42623,10
12.9210700989,80.1968383789,42623,42633,10
12.9210996628,80.1968383789,42633,42643,10
12.9214496613,80.1969833374,42643,42653,10
12.9221401215,80.1972198486,42653,42663,10
12.9229297638,80.1973419189,42663,42673,10
12.9231996536,80.1973800659,42673,42684,11
12.9234304428,80.1974334717,42684,42694,10
12.9238195419,80.1974716187,42694,42704,10
12.9244403839,80.1975097656,42704,42714,10
12.9250898361,80.197479248,42714,42724,10
12.9252595901,80.1974716187,42724,42734,10
12.925620079,80.1974563599,42734,42744,10
12.9262504578,80.1975021362,42744,42754,10
12.9264001846,80.197517395,42754,42764,10
12.9264802933,80.1975479126,42764,42774,10
12.9269599915,80.1977386475,42774,42784,10
12.9275999069,80.1981811523,42784,42795,11
12.927980423,80.1987533569,42795,42805,10
12.9282398224,80.1993179321,42805,42815,10
12.9284601212,80.2000579834,42815,42825,10
12.9284896851,80.200920105,42825,42835,10
12.9285297394,80.2017822266,42835,42845,10
12.9286699295,80.2025604248,42845,42855,10
12.9293804169,80.2026901245,42855,42865,10
12.929479599,80.2027206421,42865,42875,10
12.9295701981,80.2027511597,42875,42885,10
12.9300699234,80.202796936,42885,42896,11
12.9307098389,80.202911377,42896,42906,10
12.9314603806,80.2031326294,42906,42916,10
12.9323101044,80.2034072876,42916,42926,10
12.9330596924,80.2036514282,42926,42936,10
12.9338197708,80.2038192749,42936,42946,10
12.9340696335,80.2038421631,42946,42956,10
12.9341201782,80.2038574219,42956,42966,10
12.9345197678,80.2039031982,42966,42976,10
12.9351997375,80.2040481567,42976,42986,10
12.9359397888,80.2043685913,42986,42996,10
12.9367599487,80.2046203613,42996,43007,11
12.9376802444,80.2048873901,43007,43017,10
12.9385299683,80.2051391602,43017,43027,10
12.9394102097,80.205406189,43027,43037,10
12.9399700165,80.2055664063,43037,43047,10
12.9400196075,80.205581665,43047,43057,10
12.940320015,80.2056884766,43057,43067,10
12.9409999847,80.2059402466,43067,43077,10
12.9418201447,80.2064208984,43077,43087,10
12.9424800873,80.2069396973,43087,43096,9
12.942779541,80.2072982788,43096,43108,12
12.9433498383,80.2079315186,43108,43118,10
12.9443998337,80.2083129883,43118,43138,20
12.9443998337,80.2083129883,43138,43148,10
12.9445295334,80.2083587646,43148,43158,10
12.9450798035,80.2085571289,43158,43168,10
12.9458904266,80.2088088989,43168,43175,7
12.9465503693,80.2090682983,43175,43188,13
12.947810173,80.2094421387,43188,43198,10
12.9484596252,80.2096633911,43198,43208,10
12.9489898682,80.2098312378,43208,43218,10
12.949090004,80.2098083496,43218,43230,12
12.949379921,80.2098083496,43230,43238,8
12.9498796463,80.2100524902,43238,43248,10
12.9506597519,80.2104568481,43248,43258,10
12.9512901306,80.2108535767,43258,43269,11
12.9520597458,80.2112731934,43269,43279,10
12.9528999329,80.2116165161,43279,43289,10
12.9535398483,80.2118835449,43289,43299,10
12.9535999298,80.2119064331,43299,43309,10
12.9538898468,80.2120285034,43309,43322,13
12.954870224,80.2124176025,43322,43332,10
12.9558296204,80.2127914429,43332,43342,10
12.9566698074,80.2131271362,43342,43352,10
12.9576597214,80.2135391235,43352,43362,10
12.9587001801,80.2139587402,43362,43372,10
12.959569931,80.214302063,43372,43382,10
12.9605998993,80.2146377563,43382,43392,10
12.961520195,80.2150268555,43392,43401,9
12.9623603821,80.2154006958,43401,43413,12
12.9632997513,80.2157669067,43413,43424,11
12.9634304047,80.2158432007,43424,43434,10
12.9637002945,80.2159576416,43434,43444,10
12.9641304016,80.2161026001,43444,43454,10
12.9641799927,80.2161331177,43454,43464,10
12.9644298553,80.2162704468,43464,43474,10
12.9651203156,80.2165985107,43474,43484,10
12.9659404755,80.2169189453,43484,43494,10
12.9666795731,80.2172164917,43494,43504,10
12.9673900604,80.2174911499,43504,43514,10
12.9676799774,80.2175979614,43514,43525,11
12.9679203033,80.2176895142,43525,43535,10
12.9683799744,80.217880249,43535,43545,10
12.9690704346,80.2181167603,43545,43555,10
12.9699602127,80.2184829712,43555,43565,10
12.9708099365,80.2188186646,43565,43575,10
12.9709796906,80.2188796997,43575,43585,10
12.9710903168,80.2189331055,43585,43595,10
12.9716796875,80.2191696167,43595,43605,10
12.9723997116,80.2194290161,43605,43615,10
12.9731798172,80.2197113037,43615,43625,10
12.9737997055,80.2199325562,43625,43646,21
12.9737997055,80.2199325562,43646,43656,10
12.9739904404,80.2200698853,43656,43666,10
12.9744701385,80.2202529907,43666,43676,10
12.9749097824,80.220451355,43676,43757,81
12.9749097824,80.220451355,43757,43767,10
12.9751501083,80.2206420898,43767,43777,10
12.9753799438,80.2206802368,43777,43787,10
12.9757003784,80.2209320068,43787,43797,10
12.9762401581,80.2212371826,43797,43898,101
12.9762401581,80.2212371826,43898,43908,10
12.9765100479,80.2212219238,43908,43918,10
12.9769001007,80.2212524414,43918,43928,10
12.9773597717,80.2211990356,43928,43938,10
12.9779701233,80.2211837769,43938,43949,11
12.9786996841,80.2211227417,43949,43959,10
12.9793100357,80.2210922241,43959,43969,10
12.9798603058,80.2210464478,43969,43979,10
12.9804601669,80.2210006714,43979,43989,10
12.9811496735,80.2210617065,43989,43999,10
12.9817800522,80.2213973999,43999,44009,10
12.9821100235,80.2215881348,44009,44019,10
12.9825601578,80.2217407227,44019,44029,10
12.9828596115,80.221862793,44029,44039,10
12.9830198288,80.2219467163,44039,44049,10
12.9830303192,80.2219467163,44049,44060,11
12.9832897186,80.2221221924,44060,44070,10
12.9836502075,80.222366333,44070,44080,10
12.9839296341,80.2225265503,44080,44090,10
12.9845304489,80.2229003906,44090,44100,10
12.9853000641,80.2232513428,44100,44110,10
12.9857997894,80.2229614258,44110,44120,10
12.9864702225,80.2229614258,44120,44129,9
12.9865999222,80.2229614258,44129,44140,11
12.9869699478,80.2229995728,44140,44150,10
12.9873304367,80.2230606079,44150,44162,12
12.9879302979,80.2228775024,44162,44172,10
12.9886102676,80.2222976685,44172,44180,8
12.9890403748,80.2218933105,44180,44192,12
12.9894599915,80.2212524414,44192,44202,10
12.9898796082,80.2206497192,44202,44212,10
12.9904203415,80.2202835083,44212,44222,10
12.9905195236,80.2202224731,44222,44232,10
12.9907102585,80.2201004028,44232,44242,10
12.9912004471,80.2197418213,44242,44252,10
12.9916496277,80.2194213867,44252,44263,11
12.9919700623,80.21925354,44263,44273,10
12.9923095703,80.2189788818,44273,44283,10
12.9928503036,80.2185287476,44283,44293,10
12.9935398102,80.2180099487,44293,44303,10
12.9941797256,80.2175216675,44303,44313,10
12.9948396683,80.217048645,44313,44323,10
12.9955396652,80.2166824341,44323,44333,10
12.9961204529,80.2165222168,44333,44343,10
12.9966697693,80.2164611816,44343,44353,10
12.9969797134,80.2164306641,44353,44363,10
12.9975004196,80.2164306641,44363,44384,21
12.9975004196,80.2164306641,44384,44394,10
12.9980401993,80.2165374756,44394,44404,10
12.9987001419,80.2167816162,44404,44414,10
12.9994802475,80.2171936035,44414,44424,10
13.0002698898,80.2176513672,44424,44434,10
13.0009002686,80.2180786133,44434,44444,10
13.0015201569,80.2184829712,44444,44456,12
13.0022697449,80.2192382813,44456,44466,10
13.0031003952,80.2198028564,44466,44477,11
13.0041704178,80.2200622559,44477,44487,10
13.0048799515,80.2202224731,44487,44497,10
13.0050601959,80.2202835083,44497,44507,10
13.005610466,80.2203979492,44507,44517,10
13.0065202713,80.2205886841,44517,44527,10
13.0075702667,80.2211303711,44527,44537,10
13.0086803436,80.2217330933,44537,44547,10
13.009759903,80.2223205566,44547,44557,10
13.0108604431,80.222869873,44557,44566,9
13.0113801956,80.2230911255,44566,44578,12
13.011469841,80.2229766846,44578,44588,10
13.0116701126,80.2224121094,44588,44598,10
13.0119600296,80.2215194702,44598,44608,10
13.012339592,80.221572876,44608,44618,10
13.0128002167,80.2221374512,44618,44628,10
13.0132703781,80.2226486206,44628,44638,10
13.0137500763,80.2230987549,44638,44648,10
13.0141096115,80.2235794067,44648,44658,10
13.0143995285,80.2241897583,44658,44668,10
13.0151100159,80.2247390747,44668,44678,10
13.0158500671,80.2251968384,44678,44699,21
13.0158500671,80.2251968384,44699,44709,10
13.0159702301,80.2252426147,44709,44719,10
13.016500473,80.2252578735,44719,44729,10
13.0173797607,80.2249298096,44729,44740,11
13.018409729,80.2245178223,44740,44749,9
13.0192499161,80.2242889404,44749,44770,21
13.0192499161,80.2242889404,44770,44780,10
13.0195398331,80.224357605,44780,44790,10
13.0198402405,80.2245407104,44790,44800,10
13.0202302933,80.2248382568,44800,44810,10
13.0205802917,80.2250823975,44810,44820,10
13.0209302902,80.2253723145,44820,44830,10
13.0212097168,80.2256393433,44830,44840,10
13.0215396881,80.2258834839,44840,44850,10
13.0219202042,80.2261505127,44850,44860,10
13.0225000381,80.2266082764,44860,44870,10
13.0230302811,80.2270889282,44870,44880,10
13.0234298706,80.2274932861,44880,44893,13
13.0241699219,80.228187561,44893,44903,10
13.0243597031,80.2283935547,44903,44913,10
13.0243396759,80.2285690308,44913,44923,10
13.0242099762,80.2284393311,44923,44933,10
13.0237503052,80.2279129028,44933,44934,1
13.0236997604,80.2278518677,44934,44953,19
13.0224103928,80.2267379761,44953,44963,10
13.0217895508,80.2262420654,44963,44973,10
13.0212202072,80.2257766724,44973,44980,7
13.0208101273,80.225479126,44980,44994,14
13.0199899673,80.2249221802,44994,45004,10
13.0192499161,80.2245407104,45004,45014,10
13.0184297562,80.2246627808,45014,45024,10
13.0176897049,80.224937439,45024,45034,10
13.0171899796,80.225151062,45034,45044,10
13.0170402527,80.2251968384,45044,45054,10
13.016869545,80.2252578735,45054,45064,10
13.0167198181,80.2253112793,45064,45074,10
13.016699791,80.2253189087,45074,45084,10
13.0165100098,80.225402832,45084,45094,10
13.0163202286,80.225479126,45094,45105,11
13.015879631,80.2256393433,45105,45115,10
13.0153198242,80.2258682251,45115,45125,10
13.0149402618,80.2259902954,45125,45135,10
13.0149202347,80.2259979248,45135,45145,10
13.0148000717,80.22605896,45145,45155,10
13.0144500732,80.2261810303,45155,45165,10
13.014289856,80.2261199951,45165,45175,10
13.0143499374,80.2258911133,45175,45185,10
13.0145998001,80.2257385254,45185,45194,9
13.014289856,80.2252578735,45194,46892,1698
13.014289856,80.2252578735,46892,46904,12
13.0141897202,80.2253265381,46904,46912,8
13.0142097473,80.2255096436,46912,47105,193
13.0142097473,80.2255096436,47105,47116,11
13.0142402649,80.2257385254,47116,47126,10
13.0143203735,80.2259597778,47126,48036,910
13.0141801834,80.2258911133,48036,48430,394
13.0143003464,80.2259597778,48430,49269,839
13.0143003464,80.2259597778,49269,49279,10
13.0141897202,80.2257919312,49279,49289,10
13.0141897202,80.2256317139,49289,49299,10
13.0145998001,80.2255401611,49299,49420,121
13.0145998001,80.2255401611,49420,49430,10
13.0146398544,80.2255630493,49430,49440,10
13.0144500732,80.2257766724,49440,49449,9
13.0142297745,80.226020813,49449,49602,153
13.0142297745,80.226020813,49602,49612,10
13.0142097473,80.2261199951,49612,49622,10
13.0141296387,80.2262420654,49622,49632,10
13.0136604309,80.2264175415,49632,49642,10
13.0129404068,80.2267227173,49642,49652,10
13.0121803284,80.2270278931,49652,49662,10
13.0113897324,80.2273406982,49662,49673,11
13.0104904175,80.2276992798,49673,49683,10
13.0098400116,80.2279281616,49683,49693,10
13.0095300674,80.2276306152,49693,49703,10
13.0097503662,80.2271194458,49703,49713,10
13.010020256,80.2264633179,49713,49723,10
13.0103702545,80.2257003784,49723,49733,10
13.0106096268,80.2251434326,49733,49743,10
13.0106401443,80.2251205444,49743,49753,10
13.0107002258,80.2250137329,49753,49763,10
13.010840416,80.2245330811,49763,49773,10
13.0112304688,80.2233734131,49773,49794,21
13.0112304688,80.2233734131,49794,49804,10
13.0112600327,80.2232208252,49804,49814,10
13.0115499496,80.2226791382,49814,49824,10
13.0118503571,80.2218093872,49824,49834,10
13.0122900009,80.2214431763,49834,49843,9
13.0125904083,80.2218322754,49843,49854,11
13.0130596161,80.2223968506,49854,49864,10
13.013589859,80.2229614258,49864,49874,10
13.0139799118,80.2233886719,49874,49886,12
13.0144500732,80.2240371704,49886,49894,8
13.0149202347,80.2245483398,49894,49906,12
13.0156097412,80.2251815796,49906,49916,10
13.0164403915,80.2253112793,49916,49926,10
13.0173597336,80.2249832153,49926,49936,10
13.0181903839,80.224647522,49936,49946,10
13.018989563,80.2243804932,49946,49956,10
13.0196695328,80.2244873047,49956,49966,10
13.0202302933,80.224899292,49966,49976,10
13.0207700729,80.2252731323,49976,49987,11
13.0212802887,80.2257232666,49987,49997,10
13.0218200684,80.2260971069,49997,50007,10
13.0224399567,80.2266082764,50007,50017,10
13.0230703354,80.227180481,50017,50027,10
13.0236301422,80.2276916504,50027,50037,10
13.0240898132,80.2281036377,50037,50047,10
13.0243997574,80.2284393311,50047,50087,40
13.0243997574,80.2284393311,50087,50098,11
13.0244398117,80.2285385132,50098,50108,10
13.0242900848,80.2285995483,50108,50118,10
13.0240297318,80.2283401489,50118,50128,10
13.0237398148,80.2279968262,50128,50138,10
13.0232896805,80.2275772095,50138,50239,101
13.023059845,80.2274703979,50239,50289,50
13.023059845,80.2274703979,50289,50298,9
13.0228996277,80.2273635864,50298,50310,12
13.0226297379,80.2269973755,50310,50320,10
13.0222597122,80.2266387939,50320,50330,10
13.0217103958,80.2261734009,50330,50340,10
13.0211000443,80.2256774902,50340,50350,10
13.020409584,80.225189209,50350,50360,10
13.0197000504,80.2247390747,50360,50370,10
13.0188798904,80.2245635986,50370,50380,10
13.0179796219,80.2248764038,50380,50390,10
13.0170497894,80.2252502441,50390,50400,10
13.0163297653,80.2255325317,50400,50411,11
13.01583004,80.2257003784,50411,50421,10
13.0149497986,80.2260818481,50421,50441,20
13.0149497986,80.2260818481,50441,50451,10
13.0148200989,80.2261276245,50451,50461,10
13.0142097473,80.226348877,50461,50491,30
13.0139904022,80.2264404297,50491,50511,20
13.0139904022,80.2264404297,50511,50522,11
13.0138502121,80.2265014648,50522,50532,10
13.0134096146,80.2266616821,50532,50542,10
13.0127696991,80.2269210815,50542,50552,10
13.0119695663,80.2272415161,50552,50562,10
13.0111103058,80.2275619507,50562,50572,10
13.0101804733,80.2278823853,50572,50582,10
13.0095701218,80.2278518677,50582,50592,10
13.0095701218,80.2274780273,50592,50602,10
13.0097703934,80.2270278931,50602,50612,10
13.0100898743,80.22631073,50612,50622,10
13.0103702545,80.2255325317,50622,50633,11
13.0104799271,80.2252578735,50633,50643,10
13.0104999542,80.2251663208,50643,50653,10
13.0106801987,80.2248764038,50653,50663,10
13.0108098984,80.2244873047,50663,50673,10
13.0110301971,80.2238998413,50673,50683,10
13.0112199783,80.2233200073,50683,50693,10
13.0109100342,80.2230987549,50693,50703,10
13.0102701187,80.2227783203,50703,50723,20
13.0102701187,80.2227783203,50723,50733,10
13.009929657,80.2225723267,50733,50743,10
13.0093698502,80.2222518921,50743,50753,10
13.0087995529,80.2219161987,50753,50763,10
13.0081596375,80.221572876,50763,50773,10
13.0074195862,80.2211685181,50773,50783,10
13.0067596436,80.2209014893,50783,50793,10
13.0061197281,80.2206420898,50793,50803,10
13.0053501129,80.220451355,50803,50814,11
13.0046195984,80.2202987671,50814,50834,20
13.0046195984,80.2202987671,50834,50844,10
13.0043096542,80.220199585,50844,50854,10
13.0037097931,80.2200469971,50854,50864,10
13.0030298233,80.219871521,50864,50874,10
13.0024204254,80.2194900513,50874,50884,10
13.0019397736,80.2189865112,50884,50894,10
13.0013198853,80.218460083,50894,50904,10
13.0006198883,80.2180175781,50904,50915,11
12.9998502731,80.2175216675,50915,50924,9
12.9992399216,80.2171707153,50924,50935,11
12.9984703064,80.216796875,50935,50947,12
12.9974403381,80.2165374756,50947,50965,18
12.9974403381,80.2165374756,50965,50977,12
12.9972896576,80.216506958,50977,50987,10
12.9968700409,80.2165603638,50987,50997,10
12.9963903427,80.2166366577,50997,51007,10
12.9957895279,80.2167892456,51007,51017,10
12.9951896667,80.2170333862,51017,51027,10
12.9948501587,80.2172164917,51027,51037,10
12.9944496155,80.2175216675,51037,51048,11
12.9939804077,80.2178573608,51048,51058,10
12.9934597015,80.2182235718,51058,51068,10
12.9928798676,80.2186203003,51068,51078,10
12.9922399521,80.2191162109,51078,51088,10
12.9915800095,80.2196121216,51088,51098,10
12.9910097122,80.2200164795,51098,51108,10
12.9907102585,80.2202682495,51108,51118,10
12.9906997681,80.2202682495,51118,51128,10
12.9906597137,80.2202987671,51128,51138,10
12.9903297424,80.2205429077,51138,51148,10
12.9898796082,80.2208862305,51148,51159,11
12.9894399643,80.2214431763,51159,51169,10
12.989109993,80.2219390869,51169,51179,10
12.988650322,80.2224273682,51179,51189,10
12.9881896973,80.2228088379,51189,51199,10
12.9874897003,80.2231216431,51199,51219,20
12.9874897003,80.2231216431,51219,51229,10
12.9872598648,80.2230987549,51229,51239,10
12.9867401123,80.2229995728,51239,51248,9
12.9861402512,80.2229995728,51248,51260,12
12.9855203629,80.2232589722,51260,51270,10
12.9850502014,80.2232437134,51270,51280,10
12.9844398499,80.2229537964,51280,51290,10
12.9840602875,80.2227172852,51290,51300,10
12.9836997986,80.2225189209,51300,51310,10
12.9832897186,80.2222671509,51310,51320,10
12.9829301834,80.2220916748,51320,51330,10
12.9828901291,80.2220611572,51330,51340,10
12.9826498032,80.2219619751,51340,51350,10
12.9822597504,80.2218322754,51350,51359,9
12.9819202423,80.2216262817,51359,51371,12
12.9817304611,80.2214736938,51371,51381,10
12.9812803268,80.2212524414,51381,51391,10
12.9806699753,80.2210998535,51391,51401,10
12.9799900055,80.2211380005,51401,51411,10
12.9792804718,80.2211914063,51411,51421,10
12.9786100388,80.2212295532,51421,51431,10
12.9781303406,80.221282959,51431,51441,10
12.9774303436,80.2212982178,51441,51451,10
12.9766902924,80.2212982178,51451,51461,10
12.9761199951,80.221321106,51461,51472,11
12.9759197235,80.2212905884,51472,51482,10
12.975520134,80.2209701538,51482,51512,30
12.975520134,80.2209701538,51512,51522,10
12.9753398895,80.2208328247,51522,51532,10
12.9747896194,80.2205581665,51532,51542,10
12.9740200043,80.2202606201,51542,51552,10
12.9732103348,80.2199401855,51552,51562,10
12.9724903107,80.2197570801,51562,51572,10
12.9717597961,80.2194824219,51572,51583,11
12.9709100723,80.2191772461,51583,51603,20
12.9709100723,80.2191772461,51603,51613,10
12.9708003998,80.2191009521,51613,51623,10
12.9703702927,80.2188415527,51623,51633,10
12.9697799683,80.2185821533,51633,51643,10
12.9690999985,80.2183227539,51643,51653,10
12.9683704376,80.2180404663,51653,51663,10
12.9677400589,80.2177886963,51663,51674,11
12.9669599533,80.2174911499,51674,51684,10
12.966050148,80.2171325684,51684,51694,10
12.9651002884,80.2167434692,51694,51704,10
12.9641704559,80.2163619995,51704,51714,10
12.9634504318,80.2160110474,51714,51725,11
12.9626398087,80.2156906128,51725,51735,10
12.9617996216,80.2153701782,51735,51745,10
12.9608402252,80.2149963379,51745,51755,10
12.9598903656,80.2146072388,51755,51765,10
12.9590597153,80.2142715454,51765,51775,10
12.9581003189,80.2138824463,51775,51785,10
12.9571399689,80.2134933472,51785,51795,10
12.9561100006,80.2130889893,51795,51805,10
12.9550695419,80.2126922607,51805,51815,10
12.9542102814,80.212348938,51815,51825,10
12.9534196854,80.2120513916,51825,51845,20
12.9534196854,80.2120513916,51845,51855,10
12.9531698227,80.2119598389,51855,51865,10
12.9524698257,80.2117004395,51865,51875,10
12.9515600204,80.2113723755,51875,51885,10
12.9504995346,80.2109832764,51885,51898,13
12.9490604401,80.2104187012,51898,51908,10
12.9485502243,80.2102203369,51908,51918,10
12.9485502243,80.2102279663,51918,51928,10
12.9482698441,80.2101593018,51928,51938,10
12.9476203918,80.2099227905,51938,51948,10
12.9467802048,80.2095794678,51948,51958,10
12.9458503723,80.2091827393,51958,51968,10
12.945019722,80.2087402344,51968,51978,10
12.9443902969,80.2084732056,51978,51988,10
12.9440898895,80.2083511353,51988,51999,11
12.9440498352,80.2083435059,51999,52009,10
12.9436798096,80.208190918,52009,52019,10
12.9431295395,80.2078933716,52019,52029,10
12.94272995,80.2073898315,52029,52039,10
12.942440033,80.20703125,52039,52049,10
12.9418497086,80.2065429688,52049,52059,10
12.9411096573,80.2060623169,52059,52069,10
12.940870285,80.205947876,52069,52079,10
12.9407300949,80.2058868408,52079,52089,10
12.9402599335,80.2057571411,52089,52099,10
12.9395799637,80.205581665,52099,52110,11
12.9387598038,80.2053222656,52110,52120,10
12.9380598068,80.2051467896,52120,52130,10
12.9372701645,80.2049102783,52130,52140,10
12.9363803864,80.2046508789,52140,52150,10
12.9355297089,80.2043762207,52150,52160,10
12.9347496033,80.2040328979,52160,52170,10
12.9336204529,80.2039413452,52170,52190,20
12.9336204529,80.2039413452,52190,52200,10
12.9333095551,80.2038726807,52200,52211,11
12.9327602386,80.203666687,52211,52221,10
12.9320802689,80.203453064,52221,52231,10
12.9313402176,80.2031936646,52231,52241,10
12.9306602478,80.2029800415,52241,52251,10
12.9299097061,80.2028503418,52251,52261,10
12.9293899536,80.2028121948,52261,52271,10
12.9293804169,80.2028121948,52271,52281,10
12.9291000366,80.2027893066,52281,52291,10
12.9286003113,80.2026290894,52291,52301,10
12.9285202026,80.2019577026,52301,52311,10
12.9284601212,80.2011871338,52311,52322,11
12.9283895493,80.2001419067,52322,52332,10
12.9281597137,80.1993179321,52332,52342,10
12.9278202057,80.198638916,52342,52352,10
12.9272603989,80.1980209351,52352,52362,10
12.9264297485,80.1976318359,52362,52372,10
12.9261598587,80.1976013184,52372,52382,10
12.9260501862,80.1975784302,52382,52392,10
12.9256000519,80.1975631714,52392,52402,10
12.9253196716,80.1975479126,52402,52412,10
12.9247598648,80.1975479126,52412,52423,11
12.9238700867,80.1975402832,52423,52433,10
12.9230699539,80.1974487305,52433,52443,10
12.9219703674,80.1972808838,52443,52463,20
12.9219703674,80.1972808838,52463,52473,10
12.921620369,80.1971511841,52473,52483,10
12.9210500717,80.1969528198,52483,52493,10
12.9203395844,80.1967163086,52493,52503,10
12.9196300507,80.196472168,52503,52513,10
12.9190597534,80.1960830688,52513,52523,10
12.9185199738,80.195602417,52523,52534,11
12.9179697037,80.1950683594,52534,52544,10
12.9174699783,80.1946029663,52544,52554,10
12.917090416,80.1941070557,52554,52564,10
12.9169998169,80.1934661865,52564,52574,10
12.9170703888,80.1927490234,52574,52584,10
12.9167203903,80.1923370361,52584,52645,61
12.9167203903,80.1923370361,52645,52655,10
12.9164800644,80.1923522949,52655,52665,10
12.9159698486,80.1923065186,52665,52675,10
12.9152002335,80.1922607422,52675,52685,10
12.9141702652,80.1921920776,52685,52878,193
12.9141702652,80.1921920776,52878,52888,10
12.9138803482,80.1921386719,52888,52898,10
12.913310051,80.1920166016,52898,52908,10
12.9125204086,80.1919174194,52908,52918,10
12.911740303,80.1918411255,52918,52928,10
12.9108896255,80.1917495728,52928,52938,10
12.9100799561,80.19165802,52938,52949,11
12.9097003937,80.1914520264,52949,52959,10
12.9096698761,80.1914215088,52959,52969,10
12.9093704224,80.1911621094,52969,52979,10
12.9088001251,80.1907272339,52979,52989,10
12.9080600739,80.1901931763,52989,52999,10
12.9073495865,80.1896362305,52999,53009,10
12.9066801071,80.1891174316,53009,53019,10
12.9061203003,80.1887283325,53019,53039,20
12.9061203003,80.1887283325,53039,53049,10
12.9059200287,80.1885681152,53049,53060,11
12.9053201675,80.1882171631,53060,53070,10
12.9047002792,80.1878204346,53070,53080,10
12.9043397903,80.1875991821,53080,53090,10
12.9039802551,80.1872329712,53090,53100,10
12.9039802551,80.1864929199,53100,53110,10
12.904009819,80.185546875,53110,53120,10
12.9039697647,80.1847381592,53120,53130,10
12.903429985,80.1845092773,53130,53140,10
12.9026203156,80.1842803955,53140,53150,10
12.901720047,80.1840515137,53150,53161,11
12.9009399414,80.1837921143,53161,53171,10
12.9002103806,80.1834564209,53171,53181,10
12.8993597031,80.1830291748,53181,53191,10
12.898440361,80.1825714111,53191,53201,10
12.8977098465,80.1821975708,53201,53211,10
12.8972797394,80.182258606,53211,53231,20
12.8972797394,80.182258606,53231,53241,10
12.8971300125,80.1823120117,53241,53251,10
12.8966598511,80.1824798584,53251,53261,10
12.8959798813,80.1826934814,53261,53272,11
12.8951597214,80.1829681396,53272,53282,10
12.894490242,80.1831817627,53282,53292,10
12.8938398361,80.1833877563,53292,53302,10
12.8931798935,80.1836090088,53302,53322,20
12.8931798935,80.1836090088,53322,53332,10
12.8929395676,80.1836700439,53332,53342,10
12.892370224,80.183883667,53342,53352,10
12.8916397095,80.1841201782,53352,53361,9
12.8909101486,80.1843490601,53361,53373,12
12.8901996613,80.1845703125,53373,53393,20
12.8901996613,80.1845703125,53393,53403,10
12.8900403976,80.1846313477,53403,53413,10
12.8895196915,80.1845703125,53413,53423,10
12.888759613,80.184463501,53423,53433,10
12.887960434,80.1843490601,53433,53443,10
12.8872404099,80.1842422485,53443,53463,20
12.8872404099,80.1842422485,53463,53473,10
12.8871097565,80.1842498779,53473,53484,11
12.8870000839,80.1844863892,53484,53494,10
12.8869104385,80.1848297119,53494,53504,10
12.886759758,80.1854705811,53504,53514,10
12.886590004,80.1862716675,53514,53524,10
12.886469841,80.1871032715,53524,53534,10
12.8863601685,80.1879501343,53534,53544,10
12.8861103058,80.1890792847,53544,53574,30
12.8861103058,80.1890792847,53574,53585,11
12.8859195709,80.1892623901,53585,53595,10
12.8855199814,80.1897201538,53595,53605,10
12.885219574,80.1899490356,53605,53615,10
12.884059906,80.1899108887,53615,53645,30
12.884059906,80.1899108887,53645,53655,10
12.8836202621,80.1899414063,53655,53666,11
12.8830900192,80.1901779175,53666,53676,10
12.8828697205,80.1905517578,53676,53686,10
12.8825798035,80.1912307739,53686,53696,10
12.882229805,80.1920623779,53696,53706,10
12.8816995621,80.1924591064,53706,53726,20
12.8816995621,80.1924591064,53726,53736,10
12.8816299438,80.1924667358,53736,53746,10
12.8811397552,80.1925125122,53746,53756,10
12.8805999756,80.192527771,53756,53766,10
12.8799495697,80.1925506592,53766,53777,11
12.8785295486,80.1927871704,53777,53809,32
12.8785295486,80.1927871704,53809,53819,10
12.8782300949,80.1928634644,53819,53829,10
12.877699852,80.192817688,53829,53839,10
12.8768901825,80.1925430298,53839,53849,10
12.8758602142,80.1922531128,53849,53859,10
12.8746595383,80.1920471191,53859,53869,10
12.8735399246,80.1919784546,53869,53879,10
12.8724098206,80.19190979,53879,53889,10
12.8712396622,80.1917190552,53889,53899,10
12.8700399399,80.1914901733,53899,53910,11
12.868639946,80.1912231445,53910,53920,10
12.8674297333,80.1910476685,53920,53930,10
12.8663797379,80.1912384033,53930,53940,10
12.8655099869,80.1912994385,53940,53950,10
12.8645296097,80.1912307739,53950,53960,10
12.8635702133,80.1912307739,53960,53970,10
12.862739563,80.1912765503,53970,53980,10
12.8621797562,80.1914215088,53980,54011,31
12.8621797562,80.1914215088,54011,54021,10
12.862159729,80.1915817261,54021,54031,10
12.8621196747,80.1918716431,54031,54041,10
12.8620300293,80.1922912598,54041,54051,10
12.8618497849,80.192817688,54051,54061,10
12.8613100052,80.193069458,54061,54071,10
12.860710144,80.1932983398,54071,54081,10
12.860619545,80.193359375,54081,54091,10
12.8605804443,80.1934204102,54091,54101,10
12.8603000641,80.1938400269,54101,54111,10
12.8599004745,80.1945800781,54111,54122,11
12.8596000671,80.1955795288,54122,54132,10
12.8593902588,80.1964263916,54132,54142,10
12.8592195511,80.1973571777,54142,54152,10
12.8590402603,80.198059082,54152,54162,10
12.8589401245,80.1985321045,54162,54172,10
12.8588600159,80.1988830566,54172,54182,10
12.8587799072,80.1993179321,54182,54192,10
12.8586797714,80.1998062134,54192,54233,41
12.8586797714,80.1998062134,54233,54243,10
12.8585300446,80.1999130249,54243,54253,10
12.8584098816,80.1998977661,54253,54263,10
12.8580598831,80.1998825073,54263,54273,10
12.8572797775,80.199798584,54273,54283,10
12.8562297821,80.1996765137,54283,54293,10
12.8551702499,80.1995315552,54293,54303,10
12.8540897369,80.199432373,54303,54313,10
12.8532896042,80.1994781494,54313,54323,10
12.8532600403,80.1994781494,54323,54334,11
12.8528203964,80.199508667,54334,54344,10
12.8520498276,80.199546814,54344,54354,10
12.8509902954,80.1996078491,54354,54364,10
12.8496704102,80.1997375488,54364,54374,10
12.8483600616,80.1998825073,54374,54384,10
12.8474798203,80.1999969482,54384,54394,10
12.8471698761,80.200050354,54394,54404,10
12.8468103409,80.200088501,54404,54414,10
12.8467502594,80.2001037598,54414,54424,10
12.8463697433,80.2001266479,54424,54435,11
12.8457202911,80.2002334595,54435,54445,10
12.8451595306,80.2002868652,54445,54455,10
12.8447303772,80.2003326416,54455,54465,10
12.8441095352,80.2003936768,54465,54475,10
12.8435096741,80.2004470825,54475,54485,10
12.8428401947,80.2005386353,54485,54495,10
12.84237957,80.2005996704,54495,54504,9
12.8417797089,80.2006835938,54504,54515,11
12.8407497406,80.2008132935,54515,54525,10
12.8404197693,80.2008590698,54525,54535,10
12.8401403427,80.200881958,54535,54546,11
12.8400497437,80.200881958,54546,54556,10
12.8397197723,80.2009277344,54556,54566,10
12.8390903473,80.2010192871,54566,54576,10
12.8381795883,80.2011184692,54576,54586,10
12.8371696472,80.2012710571,54586,54596,10
12.8363800049,80.2013397217,54596,54606,10
12.8355398178,80.2012023926,54606,54616,10
12.8352403641,80.2010116577,54616,54626,10
12.8352298737,80.200958252,54626,54637,11
12.8350400925,80.2005996704,54637,54650,13
12.8347396851,80.1996383667,54650,54660,10
12.8345499039,80.1985473633,54660,54670,10
12.8343496323,80.1974105835,54670,54680,10
12.8341703415,80.1965637207,54680,54690,10
12.8338403702,80.1959228516,54690,54700,10
12.833029747,80.1956710815,54700,54710,10
12.8319196701,80.1953582764,54710,54720,10
12.8306999207,80.1950683594,54720,54730,10
12.8294801712,80.19480896,54730,54740,10
12.8282499313,80.1945495605,54740,54751,11
12.8270902634,80.1943130493,54751,54761,10
12.8260402679,80.1940994263,54761,54771,10
12.8250703812,80.1940689087,54771,54781,10
12.8244800568,80.1947479248,54781,54821,40
12.8244800568,80.1947479248,54821,54831,10
12.8244400024,80.1949386597,54831,54841,10
12.824259758,80.1955108643,54841,54852,11
12.8240995407,80.1959609985,54852,54862,10
12.8239097595,80.1964569092,54862,54872,10
12.8233699799,80.1969604492,54872,54882,10
12.8227996826,80.1974334717,54882,54892,10
12.8225803375,80.1982269287,54892,54902,10
12.8222103119,80.198928833,54902,54912,10
12.8217802048,80.1994934082,54912,54922,10
12.8214597702,80.2003097534,54922,54932,10
12.8214101791,80.2008895874,54932,54942,10
12.8213300705,80.2016220093,54942,54951,9
12.8213195801,80.2017593384,54951,54963,12
12.8213100433,80.2017822266,54963,54973,10
12.8212995529,80.2022094727,54973,54983,10
12.8212795258,80.2029800415,54983,54993,10
12.821269989,80.2036819458,54993,55003,10
12.821100235,80.203742981,55003,55013,10
12.8208503723,80.2037734985,55013,55023,10
12.8202896118,80.2035217285,55023,55033,10
12.8195199966,80.20337677,55033,55043,10
12.8188695908,80.203453064,55043,55053,10
12.8182697296,80.2038116455,55053,55064,11
12.8176002502,80.2043762207,55064,55074,10
12.8172998428,80.2045822144,55074,55084,10
12.8166303635,80.2048034668,55084,55094,10
12.8157901764,80.2049865723,55094,55104,10
12.8151397705,80.2051696777,55104,55114,10
12.8143100739,80.2049179077,55114,55134,20
12.8143100739,80.2049179077,55134,55144,10
12.813949585,80.204788208,55144,55154,10
12.8134298325,80.2050018311,55154,55164,10
12.8125896454,80.2050170898,55164,55175,11
12.8119602203,80.2048416138,55175,55185,10
12.8114004135,80.2046432495,55185,55195,10
12.8110399246,80.2042007446,55195,55205,10
12.8110704422,80.2035217285,55205,55215,10
12.8110303879,80.2034606934,55215,55225,10
12.8110198975,80.203453064,55225,55235,10
12.8107795715,80.2031326294,55235,55245,10
12.8103904724,80.2026367188,55245,55255,10
12.8098802567,80.2020492554,55255,55265,10
12.8094596863,80.2015228271,55265,55276,11
12.8089199066,80.2008514404,55276,55286,10
12.8083600998,80.2003936768,55286,55296,10
12.8083496094,80.200378418,55296,55306,10
12.8082304001,80.200340271,55306,55316,10
12.8077096939,80.2002716064,55316,55326,10
12.8073997498,80.2008895874,55326,55336,10
12.8069200516,80.2008514404,55336,55346,10
12.8062200546,80.2005996704,55346,55356,10
12.8058204651,80.2005767822,55356,55366,10
12.8054304123,80.2005615234,55366,55376,10
12.8046398163,80.2003631592,55376,55387,11
12.8035097122,80.1999816895,55387,55397,10
12.8026895523,80.1996078491,55397,55407,10
12.80189991,80.199180603,55407,55418,11
12.8010196686,80.1986923218,55418,55427,9
12.8003101349,80.1982879639,55427,55437,10
12.7997398376,80.1979522705,55437,55447,10
12.7996702194,80.1979217529,55447,55457,10
12.7994499207,80.1981430054,55457,55467,10
12.7990503311,80.1987609863,55467,55477,10
12.7985200882,80.1996765137,55477,55488,11
12.7979803085,80.2008590698,55488,55498,10
12.7975196838,80.2019577026,55498,55508,10
12.79708004,80.2029876709,55508,55518,10
12.7967500687,80.2038421631,55518,55528,10
12.7966499329,80.2041015625,55528,55538,10
12.7965698242,80.2043304443,55538,55548,10
12.7962503433,80.2049789429,55548,55557,9
12.7958498001,80.2058181763,55557,55568,11
12.795249939,80.2071762085,55568,55578,10
12.7946395874,80.2085189819,55578,55590,12
12.7940196991,80.2099533081,55590,55600,10
12.7936000824,80.2113189697,55600,55610,10
12.7932596207,80.2127532959,55610,55620,10
12.7929401398,80.2141265869,55620,55630,10
12.7926301956,80.2154693604,55630,55640,10
12.7923698425,80.216583252,55640,55650,10
12.7921800613,80.2172470093,55650,55660,10
12.7919397354,80.2177505493,55660,55670,10
12.791469574,80.2185516357,55670,55680,10
12.7908697128,80.2195587158,55680,55690,10
12.7903499603,80.2203979492,55690,55701,11
12.7899904251,80.2210083008,55701,55711,10
12.7896499634,80.2215576172,55711,55721,10
12.7892303467,80.2215576172,55721,55731,10
12.788479805,80.2212677002,55731,55741,10
12.787779808,80.220993042,55741,55751,10
12.7870998383,80.2207336426,55751,55761,10
12.7865695953,80.2205123901,55761,55791,30
12.7865695953,80.2205123901,55791,55802,11
12.7864999771,80.2204666138,55802,55812,10
12.7862100601,80.2203979492,55812,55822,10
12.7861604691,80.2204437256,55822,55832,10
12.7861404419,80.2206420898,55832,55842,10
12.7861404419,80.2210617065,55842,55852,10
12.7861404419,80.2211990356,55852,55862,10
12.7861604691,80.2213668823,55862,55872,10
12.786239624,80.2217178345,55872,55882,10
12.7862596512,80.2218017578,55882,55892,10
12.7862300873,80.2220535278,55892,57488,1596
12.7862300873,80.2220535278,57488,57498,10
12.7862997055,80.2218399048,57498,57508,10
12.7862195969,80.2213821411,57508,57518,10
12.786190033,80.2210006714,57518,57549,31
12.786190033,80.2210006714,57549,57559,10
12.7861604691,80.2209320068,57559,57569,10
12.7861404419,80.2205810547,57569,57579,10
12.7861700058,80.2203674316,57579,57589,10
12.786239624,80.2203292847,57589,57599,10
12.7865200043,80.220451355,57599,57609,10
12.7865800858,80.220489502,57609,57619,10
12.7869300842,80.2206268311,57619,57629,10
12.7875099182,80.2208328247,57629,57639,10
12.7880096436,80.2210083008,57639,57649,10
12.7886199951,80.2212524414,57649,57659,10
12.7893199921,80.2215118408,57659,57669,10
12.7896699905,80.2214202881,57669,57679,10
12.7899303436,80.2209777832,57679,57689,10
12.790309906,80.2203903198,57689,57699,10
12.7905197144,80.2200164795,57699,57712,13
12.7905597687,80.2199707031,57712,57722,10
12.7907896042,80.2195892334,57722,57732,10
12.7912197113,80.2189331055,57732,57742,10
12.7917098999,80.2181015015,57742,57752,10
12.7922697067,80.2169036865,57752,57772,20
12.7922697067,80.2169036865,57772,57782,10
12.7923603058,80.216583252,57782,57792,10
12.7925195694,80.2158279419,57792,57802,10
12.7927398682,80.2148590088,57802,57812,10
12.793009758,80.2136688232,57812,57823,11
12.7933397293,80.2121963501,57823,57833,10
12.793589592,80.2110214233,57833,57843,10
12.7938995361,80.2100067139,57843,57853,10
12.7944002151,80.2088623047,57853,57863,10
12.7948999405,80.2077102661,57863,57873,10
12.795419693,80.2065429688,57873,57883,10
12.7959499359,80.205368042,57883,57893,10
12.7964096069,80.2043609619,57893,57903,10
12.7968397141,80.2033462524,57903,57913,10
12.7969799042,80.2030029297,57913,57924,11
12.7970199585,80.2029266357,57924,57934,10
12.797249794,80.2024078369,57934,57944,10
12.7975902557,80.2016372681,57944,57954,10
12.7979402542,80.2008285522,57954,57964,10
12.7982501984,80.2000732422,57964,57974,10
12.7986402512,80.1992416382,57974,57984,10
12.7991104126,80.1985168457,57984,57994,10
12.7994699478,80.1979980469,57994,58004,10
12.7996501923,80.1978607178,58004,58014,10
12.7998504639,80.1979904175,58014,58025,11
12.7998895645,80.1980133057,58025,58035,10
12.8002796173,80.1982116699,58035,58045,10
12.800860405,80.1985626221,58045,58055,10
12.8016300201,80.1989898682,58055,58065,10
12.8024902344,80.1994934082,58065,58075,10
12.8034000397,80.1998901367,58075,58085,10
12.8041801453,80.2001724243,58085,58095,10
12.8050699234,80.2004470825,58095,58105,10
12.8059997559,80.2005767822,58105,58115,10
12.8063297272,80.2006225586,58115,58125,10
12.8063602448,80.2006225586,58125,58136,11
12.8068199158,80.2007980347,58136,58146,10
12.8073997498,80.2009124756,58146,58156,10
12.8076696396,80.2003326416,58156,58166,10
12.8082895279,80.2003479004,58166,58176,10
12.8085699081,80.2004776001,58176,58186,10
12.8086204529,80.2005310059,58186,58196,10
12.8089799881,80.200881958,58196,58206,10
12.8094997406,80.201499939,58206,58216,10
12.8099899292,80.2021408081,58216,58237,21
12.8099899292,80.2021408081,58237,58247,10
12.8100595474,80.2022171021,58247,58257,10
12.8104095459,80.2026367188,58257,58267,10
12.8111095428,80.2035522461,58267,58297,30
12.8111095428,80.2035522461,58297,58307,10
12.8111400604,80.2036972046,58307,58317,10
12.811050415,80.2042617798,58317,58327,10
12.8113899231,80.2046432495,58327,58337,10
12.8119897842,80.2048492432,58337,58348,11
12.812669754,80.2050170898,58348,58358,10
12.813249588,80.2050476074,58358,58368,10
12.8138504028,80.2048110962,58368,58378,10
12.8145904541,80.2049789429,58378,58398,20
12.8145904541,80.2049789429,58398,58408,10
12.8148803711,80.205078125,58408,58418,10
12.8154201508,80.2051620483,58418,58428,10
12.8158102036,80.2049789429,58428,58438,10
12.8165302277,80.204750061,58438,58449,11
12.8174200058,80.2044830322,58449,58459,10
12.8177404404,80.2042388916,58459,58469,10
12.8182001114,80.2038497925,58469,58479,10
12.8186597824,80.2034988403,58479,58489,10
12.8192195892,80.20337677,58489,58499,10
12.8197002411,80.2033691406,58499,58509,10
12.8198795319,80.2033615112,58509,58520,11
12.8203601837,80.2035675049,58520,58526,6
12.8206501007,80.2037506104,58526,58539,13
12.8213195801,80.2036819458,58539,58552,13
12.8213100433,80.2033233643,58552,58562,10
12.8213100433,80.2026901245,58562,58572,10
12.8212995529,80.2018814087,58572,58582,10
12.8213195801,80.2015991211,58582,58592,10
12.8213195801,80.2015686035,58592,58602,10
12.8213500977,80.2012329102,58602,58612,10
12.8214197159,80.2006988525,58612,58622,10
12.8215398788,80.1999893188,58622,58632,10
12.821969986,80.1992034912,58632,58642,10
12.8224000931,80.1986999512,58642,58652,10
12.8226499557,80.1979827881,58652,58663,11
12.8229904175,80.1971588135,58663,58673,10
12.8236103058,80.1968536377,58673,58683,10
12.8240499496,80.1961212158,58683,58693,10
12.8243303299,80.1952362061,58693,58703,10
12.8244895935,80.1946563721,58703,58723,20
12.8244895935,80.1946563721,58723,58733,10
12.8245000839,80.1946105957,58733,58743,10
12.824640274,80.1943283081,58743,58753,10
12.8251199722,80.1940078735,58753,58764,11
12.8259801865,80.1940231323,58764,58773,9
12.8280696869,80.194480896,58773,58784,11
12.8280696869,80.194480896,58784,58794,10
12.8291902542,80.1947174072,58794,58803,9
12.8302297592,80.1949462891,58803,58815,12
12.831580162,80.1952590942,58815,58823,8
12.8323001862,80.1954498291,58823,58835,12
12.8335103989,80.1958389282,58835,58845,10
12.8341798782,80.1962966919,58845,58853,8
12.8343000412,80.1969909668,58853,58864,11
12.8345003128,80.1981124878,58864,58876,12
12.8347597122,80.1995010376,58876,58886,10
12.8349599838,80.2004470825,58886,58896,10
12.8352899551,80.2010116577,58896,58906,10
12.8353004456,80.2010116577,58906,58916,10
12.8353204727,80.2010421753,58916,58926,10
12.8357496262,80.2012023926,58926,58936,10
12.8365697861,80.2013015747,58936,58946,10
12.8371295929,80.2012481689,58946,58958,12
12.8376998901,80.2011566162,58958,58968,10
12.8384799957,80.2010574341,58968,58979,11
12.8393201828,80.2009735107,58979,58989,10
12.8400096893,80.2008590698,58989,58999,10
12.8403501511,80.2008132935,58999,59009,10
12.8403596878,80.2008132935,59009,59019,10
12.8404102325,80.2007980347,59019,59029,10
12.8407096863,80.2007598877,59029,59040,11
12.8412504196,80.2006912231,59040,59050,10
12.8420095444,80.2005996704,59050,59060,10
12.8427000046,80.2005004883,59060,59070,10
12.8432197571,80.2004394531,59070,59080,10
12.8437795639,80.2003707886,59080,59090,10
12.8443603516,80.2003097534,59090,59100,10
12.8449802399,80.2002487183,59100,59110,10
12.8455295563,80.2002029419,59110,59120,10
12.846280098,80.2001190186,59120,59130,10
12.846830368,80.200050354,59130,59140,10
12.8470897675,80.200012207,59140,59150,10
12.8472299576,80.1999893188,59150,59160,10
12.8474397659,80.1999816895,59160,59170,10
12.8480300903,80.1999130249,59170,59183,13
12.8490800858,80.1997833252,59183,59193,10
12.8501195908,80.1996765137,59193,59203,10
12.8512802124,80.1995697021,59203,59213,10
12.8522195816,80.1995162964,59213,59223,10
12.8529396057,80.19947052,59223,59233,10
12.8529996872,80.19947052,59233,59243,10
12.8532896042,80.1994476318,59243,59253,10
12.8539600372,80.1993865967,59253,59263,10
12.8547401428,80.1994400024,59263,59273,10
12.8556900024,80.1995697021,59273,59283,10
12.8564395905,80.1996688843,59283,59294,11
12.8573303223,80.1997833252,59294,59304,10
12.8581695557,80.1998901367,59304,59314,10
12.8586101532,80.1999130249,59314,59324,10
12.8587198257,80.1996231079,59324,59334,10
12.8587999344,80.19921875,59334,59344,10
12.858880043,80.1987991333,59344,59354,10
12.8589296341,80.1985702515,59354,59364,10
12.8590497971,80.1980514526,59364,59374,10
12.8592195511,80.1973571777,59374,59384,10
12.8593702316,80.1965103149,59384,59395,11
12.859629631,80.1954574585,59395,59405,10
12.8598499298,80.194732666,59405,59415,10
12.8600597382,80.1941375732,59415,59425,10
12.8605203629,80.1934814453,59425,59435,10
12.8609399796,80.1931915283,59435,59445,10
12.8615703583,80.1929473877,59445,59455,10
12.8619499207,80.1926269531,59455,59465,10
12.8620300293,80.1920700073,59465,59475,10
12.8621397018,80.1915893555,59475,59485,10
12.8624000549,80.1912994385,59485,59526,41
12.8624000549,80.1912994385,59526,59536,10
12.862859726,80.1912536621,59536,59546,10
12.8633298874,80.1912384033,59546,59556,10
12.8639698029,80.1912231445,59556,59566,10
12.8648195267,80.1912307739,59566,59576,10
12.8656997681,80.1912994385,59576,59586,10
12.8663597107,80.1912384033,59586,59596,10
12.8671197891,80.1911087036,59596,59607,11
12.8683004379,80.1911697388,59607,59617,10
12.8694295883,80.1913833618,59617,59627,10
12.8704996109,80.1915893555,59627,59637,10
12.8715400696,80.1917800903,59637,59647,10
12.8725500107,80.191947937,59647,59657,10
12.8734798431,80.1920089722,59657,59667,10
12.8743495941,80.1920166016,59667,59677,10
12.8753299713,80.1921463013,59677,59687,10
12.8763303757,80.1923217773,59687,59697,10
12.8770904541,80.1925811768,59697,59708,11
12.8778800964,80.1928634644,59708,59718,10
12.878370285,80.1928100586,59718,59728,10
12.8784198761,80.1927871704,59728,59738,10
12.8784999847,80.1927566528,59738,59748,10
12.8787403107,80.1927032471,59748,59758,10
12.8792800903,80.1925964355,59758,59768,10
12.8800802231,80.192489624,59768,59778,10
12.8806200027,80.1924514771,59778,59788,10
12.8809204102,80.1924285889,59788,59798,10
12.8814201355,80.1924514771,59798,59808,10
12.8819799423,80.1924285889,59808,59819,11
12.8819704056,80.1924285889,59819,59829,10
12.8820896149,80.1923217773,59829,59839,10
12.8823003769,80.1918106079,59839,59849,10
12.8826198578,80.1910171509,59849,59859,10
12.8830003738,80.1901779175,59859,59869,10
12.8832397461,80.1899719238,59869,59879,10
12.8838100433,80.1898803711,59879,59889,10
12.884469986,80.1898880005,59889,59899,10
12.8844995499,80.1898880005,59899,59909,10
12.8846302032,80.1899108887,59909,59920,11
12.885140419,80.1899414063,59920,59930,10
12.8854398727,80.1898193359,59930,59940,10
12.8857498169,80.189453125,59940,59950,10
12.886179924,80.1889572144,59950,59960,10
12.8861904144,80.1889419556,59960,59970,10
12.8861904144,80.1889266968,59970,59980,10
12.8862895966,80.1884918213,59980,59990,10
12.8863801956,80.1877212524,59990,60000,10
12.8865003586,80.1867523193,60000,60010,10
12.8866701126,80.1857070923,60010,60020,10
12.8868703842,80.1848220825,60020,60030,10
12.8869600296,80.1844024658,60030,60041,11
12.8870000839,80.1843032837,60041,60051,10
12.8872404099,80.1842193604,60051,60061,10
12.887339592,80.1842193604,60061,60071,10
12.8877696991,80.1842880249,60071,60081,10
12.8885602951,80.1844177246,60081,60091,10
12.8894796371,80.1845474243,60091,60100,9
12.8901500702,80.1846084595,60100,60111,11
12.8904399872,80.1845321655,60111,60121,10
12.8904800415,80.1845169067,60121,60133,12
12.890999794,80.1843338013,60133,60143,10
12.8917102814,80.1840896606,60143,60153,10
12.8924798965,80.1838378906,60153,60161,8
12.8934001923,80.1835174561,60161,60183,22
12.8934001923,80.1835174561,60183,60193,10
12.8935003281,80.1835174561,60193,60203,10
12.8938903809,80.1833877563,60203,60213,10
12.8946199417,80.1831588745,60213,60223,10
12.8953895569,80.1828918457,60223,60234,11
12.8962802887,80.1825866699,60234,60244,10
12.8970499039,80.1823425293,60244,60254,10
12.8975896835,80.1821517944,60254,60264,10
12.8976097107,80.1821517944,60264,60274,10
12.8977603912,80.1821670532,60274,60284,10
12.8983097076,80.1824264526,60284,60294,10
12.8990402222,80.1827926636,60294,60304,10
12.8997402191,80.1831283569,60304,60314,10
12.9004497528,80.1834793091,60314,60324,10
12.901260376,80.1838378906,60324,60334,10
12.9022102356,80.1840896606,60334,60345,11
12.9033403397,80.1844177246,60345,60355,10
12.9040699005,80.184677124,60355,60365,10
12.9041204453,80.1852264404,60365,60375,10
12.9040803909,80.1861190796,60375,60385,10
12.9040403366,80.1871109009,60385,60395,10
12.9045696259,80.1877212524,60395,60405,10
12.9053201675,80.1881637573,60405,60415,10
12.9061002731,80.1886367798,60415,60425,10
12.9066200256,80.1889877319,60425,60435,10
12.9066295624,80.1890106201,60435,60446,11
12.9067401886,80.1891098022,60446,60456,10
12.9071998596,80.1894607544,60456,60466,10
12.9078798294,80.1899719238,60466,60476,10
12.9086503983,80.1905517578,60476,60486,10
12.9094696045,80.1911773682,60486,60496,10
12.9102296829,80.1916275024,60496,60506,10
12.9111099243,80.1917419434,60506,60516,10
12.9120397568,80.1918563843,60516,60526,10
12.9124803543,80.1919021606,60526,60536,10
12.9124803543,80.19190979,60536,60547,11
12.9125404358,80.19190979,60547,60557,10
12.9130496979,80.1919784546,60557,60567,10
12.9138402939,80.1920928955,60567,60577,10
12.9147500992,80.1921768188,60577,60587,10
12.9156999588,80.1922836304,60587,60597,10
12.9165401459,80.1923294067,60597,60607,10
12.9171199799,80.1921768188,60607,60636,29
12.9171199799,80.1921768188,60636,60647,11
12.9171600342,80.19190979,60647,60658,11
12.9172801971,80.1912612915,60658,60668,10
12.917309761,80.1904678345,60668,60678,10
12.917429924,80.1903533936,60678,60688,10
12.917429924,80.1907424927,60688,60698,10
12.9173603058,80.1914596558,60698,60708,10
12.9172496796,80.1922683716,60708,60718,10
12.9171600342,80.1930465698,60718,60748,30
12.9171600342,80.1930465698,60748,60759,11
12.9171495438,80.1931991577,60759,60769,10
12.9170999527,80.1934585571,60769,60779,10
12.9171695709,80.1940231323,60779,60789,10
12.917550087,80.1946182251,60789,60799,10
12.9181098938,80.1951293945,60799,60809,10
12.9186897278,80.1956481934,60809,60819,10
12.9194097519,80.1962509155,60819,60829,10
12.9201698303,80.1965789795,60829,60839,10
12.9208498001,80.1968002319,60839,60849,10
12.9210300446,80.1968383789,60849,60859,10
12.9210500717,80.1968383789,60859,60870,11
12.9215602875,80.197052002,60870,60880,10
12.9223604202,80.1972579956,60880,60890,10
12.923119545,80.1973800659,60890,60900,10
12.9238300323,80.1974411011,60900,60910,10
12.9246797562,80.1974563599,60910,60920,10
12.9252700806,80.1974716187,60920,60930,10
12.9255800247,80.197479248,60930,60940,10
12.926199913,80.197517395,60940,60950,10
12.9265804291,80.1976165771,60950,60960,10
12.9266700745,80.1976470947,60960,60970,10
12.9271001816,80.1978607178,60970,60980,10
12.9276399612,80.1982803345,60980,60990,10
12.9280195236,80.1989364624,60990,61000,10
12.9283704758,80.199760437,61000,61010,10
12.9284801483,80.2006988525,61010,61020,10
12.9285297394,80.2016372681,61020,61030,10
12.9286203384,80.202507019,61030,61041,11
12.9293498993,80.2027130127,61041,61051,10
12.9295301437,80.2027130127,61051,61062,11
12.9295701981,80.2026901245,61062,61070,8
12.9299001694,80.2027435303,61070,61082,12
12.9307098389,80.2028808594,61082,61092,10
12.9315595627,80.2031478882,61092,61102,10
12.932390213,80.2034378052,61102,61112,10
12.9329500198,80.2036132813,61112,61122,10
12.9335098267,80.2038269043,61122,61131,9
12.9340000153,80.2038803101,61131,61142,11
12.9340400696,80.2038803101,61142,61152,10
12.9341001511,80.2038879395,61152,61162,10
12.9345598221,80.2039108276,61162,61172,10
12.9352197647,80.2040786743,61172,61182,10
12.935959816,80.2043762207,61182,61194,12
12.9369697571,80.2046813965,61194,61204,10
12.9376897812,80.2049026489,61204,61214,10
12.9384698868,80.2051391602,61214,61224,10
12.9392995834,80.2053985596,61224,61234,10
12.9400100708,80.2055969238,61234,61244,10
12.9400596619,80.205619812,61244,61254,10
12.9402503967,80.2056808472,61254,61264,10
12.9407901764,80.2058563232,61264,61274,10
12.9414997101,80.2062225342,61274,61285,11
12.9423398972,80.2068481445,61285,61295,10
12.9429101944,80.2074890137,61295,61305,10
12.9435796738,80.2080688477,61305,61315,10
12.944319725,80.2083282471,61315,61325,10
12.9444503784,80.2083816528,61325,61335,10
12.9447698593,80.2085037231,61335,61345,10
12.9455099106,80.2087631226,61345,61355,10
12.946390152,80.2090377808,61355,61365,10
12.9472503662,80.2093582153,61365,61375,10
12.9481296539,80.209602356,61375,61386,11
12.948559761,80.2097702026,61386,61396,10
12.948849678,80.2099075317,61396,61406,10
12.9489202499,80.2099609375,61406,61416,10
12.9493398666,80.2101516724,61416,61426,10
12.9500703812,80.2104492188,61426,61436,10
12.9509496689,80.2108078003,61436,61446,10
12.9518203735,80.2112579346,61446,61455,9
12.9527196884,80.2116012573,61455,61466,11
12.9536600113,80.2119674683,61466,61476,10
12.9537696838,80.2119979858,61476,61486,10
12.9540901184,80.2121200562,61486,61497,11
12.95429039,80.2121963501,61497,61507,10
12.9549102783,80.2124481201,61507,61517,10
12.9558000565,80.2128295898,61517,61527,10
12.9567298889,80.2131881714,61527,61537,10
12.9577703476,80.2136383057,61537,61547,10
12.9588699341,80.2141036987,61547,61557,10
12.9598197937,80.2144927979,61557,61567,10
12.9608297348,80.2148666382,61567,61577,10
12.9618902206,80.2152862549,61577,61587,10
12.9629602432,80.215713501,61587,61598,11
12.9633903503,80.2158279419,61598,61608,10
12.9635095596,80.2158508301,61608,61618,10
12.9639701843,80.2160491943,61618,61628,10
12.9642601013,80.2161865234,61628,61638,10
12.9647703171,80.2164535522,61638,61648,10
12.9656496048,80.2168197632,61648,61658,10
12.9666004181,80.2172012329,61658,61668,10
12.9674797058,80.2175598145,61668,61678,10
12.9682502747,80.2178573608,61678,61688,10
12.9691295624,80.2181930542,61688,61699,11
12.9703903198,80.218711853,61699,61709,10
12.9713602066,80.2190475464,61709,61719,10
12.9715003967,80.2190933228,61719,61729,10
12.9719896317,80.2193069458,61729,61739,10
12.9726800919,80.2196121216,61739,61749,10
12.9735002518,80.2199172974,61749,61759,10
12.9743700027,80.2202606201,61759,61769,10
12.9750900269,80.2205505371,61769,61779,10
12.9755296707,80.220741272,61779,61789,10
12.9757204056,80.2208633423,61789,61799,10
12.9760599136,80.2211380005,61799,61810,11
12.9760799408,80.2211532593,61810,61820,10
12.9761600494,80.221206665,61820,61830,10
12.9765901566,80.2212219238,61830,61840,10
12.9772996902,80.2212219238,61840,61850,10
12.977930069,80.2212219238,61850,61860,10
12.9785995483,80.2211608887,61860,61870,10
12.9793796539,80.2211227417,61870,61880,10
12.9800796509,80.2210617065,61880,61890,10
12.980799675,80.2210006714,61890,61899,9
12.9814195633,80.2211685181,61899,61911,12
12.982000351,80.221572876,61911,61921,10
12.9823598862,80.2217178345,61921,61931,10
12.9827203751,80.2218399048,61931,61951,20
12.9827203751,80.2218399048,61951,61961,10
12.9832601547,80.2221221924,61961,61981,20
12.9832601547,80.2221221924,61981,61991,10
12.9835395813,80.2223434448,61991,62001,10
12.9836797714,80.2224197388,62001,62011,10
12.9837598801,80.2224578857,62011,62021,10
12.9841003418,80.2226409912,62021,62031,10
12.9845895767,80.2229385376,62031,62041,10
12.9848299026,80.2230911255,62041,62051,10
12.9852895737,80.2232818604,62051,62061,10
12.9856796265,80.2230529785,62061,62071,10
12.9866199493,80.2229614258,62071,62091,20
12.9866199493,80.2229614258,62091,62102,11
12.9867095947,80.2229385376,62102,62112,10
12.9869804382,80.2230072021,62112,62122,10
12.9873199463,80.2230606079,62122,62132,10
12.9879302979,80.2229232788,62132,62142,10
12.9884996414,80.2224273682,62142,62152,10
12.9890003204,80.2218780518,62152,62162,10
12.9895095825,80.2212600708,62162,62172,10
12.9900798798,80.2205810547,62172,62182,10
12.9907102585,80.2201080322,62182,62192,10
12.9909000397,80.2199707031,62192,62202,10
12.9912996292,80.2196578979,62202,62212,10
12.9915103912,80.2195281982,62212,62225,13
12.9922103882,80.2190628052,62225,62235,10
12.9928798676,80.218536377,62235,62245,10
12.9936704636,80.2179718018,62245,62255,10
12.9942703247,80.2175292969,62255,62265,10
12.9945898056,80.2172775269,62265,62275,10
12.995010376,80.2170028687,62275,62285,10
12.9953298569,80.216796875,62285,62295,10
12.9953603745,80.2167816162,62295,62305,10
12.9955101013,80.2167434692,62305,62426,121
12.9955101013,80.2167434692,62426,62437,11
12.9958696365,80.2166595459,62437,62447,10
12.9960098267,80.2165908813,62447,62457,10
12.9960298538,80.2165908813,62457,62467,10
12.996219635,80.2165374756,62467,62477,10
12.9963598251,80.2165222168,62477,62487,10
12.9965801239,80.2164916992,62487,62497,10
12.9968204498,80.216468811,62497,62507,10
12.997010231,80.2164611816,62507,62517,10
12.9974403381,80.2164535522,62517,62527,10
12.9976100922,80.2164611816,62527,62538,11
12.9977998734,80.2164916992,62538,62548,10
12.998339653,80.2166366577,62548,62558,10
12.9990100861,80.2169418335,62558,62568,10
12.9996299744,80.2172927856,62568,62578,10
13.0003595352,80.2177505493,62578,62588,10
13.0010204315,80.2181777954,62588,62598,10
13.0016803741,80.2186508179,62598,62608,10
13.0021696091,80.2191772461,62608,62618,10
13.0027399063,80.2196884155,62618,62628,10
13.0034704208,80.2199401855,62628,62638,10
13.0041599274,80.2201309204,62638,62649,11
13.0047397614,80.2202377319,62649,62659,10
13.0047597885,80.2202529907,62659,62669,10
13.0049600601,80.2203063965,62669,62679,10
13.0055303574,80.2204437256,62679,62689,10
13.006360054,80.2206192017,62689,62698,9
13.0070695877,80.2208862305,62698,62709,11
13.0080404282,80.2214202881,62709,62719,10
13.008939743,80.2219085693,62719,62729,10
13.0098800659,80.2224197388,62729,62738,9
13.0106096268,80.2227935791,62738,62750,12
13.0112304688,80.2230377197,62750,62760,10
13.0114202499,80.2230606079,62760,62770,10
13.0116701126,80.2225875854,62770,62780,10
13.0119600296,80.2217025757,62780,62790,10
13.0123300552,80.2214736938,62790,62800,10
13.0126695633,80.2219772339,62800,62810,10
13.0131597519,80.2225494385,62810,62820,10
13.0137395859,80.2231826782,62820,62830,10
13.014169693,80.2236785889,62830,62840,10
13.0144796371,80.2241287231,62840,62851,11
13.0150995255,80.2247085571,62851,62861,10
13.015540123,80.2249832153,62861,62871,10
13.0157003403,80.2251205444,62871,62881,10
13.0157604218,80.2251815796,62881,62891,10
13.0160398483,80.2253036499,62891,62901,10
13.0165996552,80.2252578735,62901,62911,10
13.017370224,80.2249603271,62911,62921,10
13.0182504654,80.2246017456,62921,62931,10
13.018910408,80.224357605,62931,62932,1
13.0196304321,80.2244033813,62932,63012,80
13.0196304321,80.2244033813,63012,63022,10
13.0199804306,80.224609375,63022,63032,10
13.0204801559,80.2250137329,63032,63042,10
13.0211000443,80.2254714966,63042,63052,10
13.0217599869,80.2259902954,63052,63062,10
13.0224704742,80.2265930176,63062,63072,10
13.0231704712,80.2272033691,63072,63082,10
13.0236701965,80.2276382446,63082,63093,11
13.0239896774,80.227897644,63093,63103,10
13.0241699219,80.2280883789,63103,63518,415
13.0241699219,80.2280883789,63518,63528,10
13.0243196487,80.2283401489,63528,63558,30
13.0243196487,80.2283401489,63558,63568,10
13.0243701935,80.2283782959,63568,63578,10
13.0243501663,80.2285614014,63578,63589,11
13.0241203308,80.2283706665,63589,63599,10
13.0237998962,80.2279663086,63599,63609,10
13.0233402252,80.2275314331,63609,63619,10
13.0229997635,80.2272796631,63619,63952,333
13.0229997635,80.2272796631,63952,63962,10
13.0228900909,80.2270965576,63962,63972,10
13.0226202011,80.2268600464,63972,63982,10
13.0225801468,80.2268295288,63982,63992,10
13.0225296021,80.2268218994,63992,64003,11
13.0221996307,80.2265090942,64003,64013,10
13.0218000412,80.2261734009,64013,64023,10
13.0213403702,80.2258377075,64023,64033,10
13.0208396912,80.2254486084,64033,64043,10
13.0199699402,80.2248916626,64043,64063,20
13.0199699402,80.2248916626,64063,64073,10
13.0198297501,80.2247695923,64073,64083,10
13.0193195343,80.2245330811,64083,64093,10
13.0185604095,80.224609375,64093,64103,10
13.0176897049,80.2249526978,64103,64114,11
13.0167999268,80.2253417969,64114,64124,10
13.0164604187,80.2254714966,64124,64133,9
13.0162496567,80.2255630493,64133,64144,11
13.0158395767,80.225692749,64144,64154,10
13.0149497986,80.2260665894,64154,64173,19
13.0149497986,80.2260665894,64173,64184,11
13.0142402649,80.2263412476,64184,64216,32
13.0142402649,80.2263412476,64216,64226,10
13.0139904022,80.2264099121,64226,64236,10
13.0134801865,80.2266082764,64236,64246,10
13.0127296448,80.2268981934,64246,64256,10
13.0119104385,80.2272186279,64256,64266,10
13.0110397339,80.2275390625,64266,64276,10
13.0100898743,80.2278900146,64276,64286,10
13.0094995499,80.2277374268,64286,64296,10
13.0096597672,80.2272567749,64296,64306,10
13.0099802017,80.2265777588,64306,64317,11
13.0100698471,80.2263565063,64317,64327,10
13.0101804733,80.2260437012,64327,64337,10
13.0103597641,80.2255477905,64337,64347,10
13.0105104446,80.2252426147,64347,64357,10
13.0106496811,80.224937439,64357,64367,10
13.0108003616,80.2246170044,64367,64377,10
13.0109596252,80.2241592407,64377,64387,10
13.0111198425,80.2237091064,64387,64397,10
13.0112400055,80.2232971191,64397,64407,10
13.0108995438,80.2230606079,64407,64417,10
13.0103797913,80.2228164673,64417,64428,11
13.0102996826,80.2227706909,64428,64438,10
13.0101203918,80.2226409912,64438,64448,10
13.0096902847,80.2223510742,64448,64458,10
13.009059906,80.2219924927,64458,64468,10
13.0083904266,80.2216415405,64468,64478,10
13.0075902939,80.2211990356,64478,64488,10
13.0067996979,80.2208404541,64488,64498,10
13.0060195923,80.2205963135,64498,64508,10
13.0052995682,80.2204284668,64508,64517,9
13.0047197342,80.2202835083,64517,64529,12
13.0045604706,80.2202377319,64529,64539,10
13.004240036,80.220161438,64539,64549,10
13.003660202,80.2200393677,64549,64559,10
13.0029296875,80.219833374,64559,64569,10
13.0023202896,80.2194213867,64569,64579,10
13.0011796951,80.2183074951,64579,64589,10
13.0011796951,80.2183074951,64589,64599,10
13.0004796982,80.2178573608,64599,64608,9
12.9999103546,80.2174835205,64608,64622,14
12.9989900589,80.2169723511,64622,64633,11
12.9981803894,80.2166137695,64633,64643,10
12.9972295761,80.2165374756,64643,64673,30
12.9972295761,80.2165374756,64673,64683,10
12.9967899323,80.2165298462,64683,64693,10
12.9962301254,80.2166366577,64693,64703,10
12.9957304001,80.216758728,64703,64713,10
12.9955797195,80.2168121338,64713,64723,10
12.9953699112,80.2168807983,64723,64733,10
12.9951200485,80.2170181274,64733,64743,10
12.9949798584,80.2171173096,64743,64753,10
12.9945898056,80.2173995972,64753,64763,10
12.994099617,80.2177734375,64763,64773,10
12.9936504364,80.2180786133,64773,64784,11
12.992939949,80.2185821533,64784,64793,9
12.9923200607,80.2190628052,64793,64804,11
12.9917097092,80.219543457,64804,64814,10
12.9915704727,80.2196578979,64814,64824,10
12.9911603928,80.2199172974,64824,64834,10
12.9907197952,80.2202682495,64834,64852,18
12.9907197952,80.2202682495,64852,64864,12
12.9903697968,80.2205429077,64864,64874,10
12.9899301529,80.220916748,64874,64884,10
12.9895095825,80.2213973999,64884,64894,10
12.9892702103,80.2217178345,64894,64904,10
12.9889802933,80.2220993042,64904,64914,10
12.9885101318,80.2225570679,64914,64924,10
12.9876499176,80.2231216431,64924,64957,33
12.9876499176,80.2231216431,64957,64967,10
12.9873800278,80.2230834961,64967,64977,10
12.9871196747,80.2230682373,64977,64987,10
12.9870100021,80.2230606079,64987,64997,10
12.9866600037,80.2229766846,64997,65007,10
12.9863100052,80.2229766846,65007,65017,10
12.9857501984,80.2230300903,65017,65027,10
12.9854097366,80.2232971191,65027,65037,10
12.985039711,80.2232131958,65037,65048,11
12.9843797684,80.222869873,65048,65058,10
12.9839496613,80.222618103,65058,65068,10
12.9835796356,80.2224121094,65068,65078,10
12.9833097458,80.2222366333,65078,65088,10
12.9830904007,80.2221069336,65088,65108,20
12.9830904007,80.2221069336,65108,65118,10
12.9829902649,80.2220230103,65118,65128,10
12.98279953,80.2219390869,65128,65138,10
12.982749939,80.2219161987,65138,65149,11
12.9823799133,80.2218017578,65149,65159,10
12.9819002151,80.221572876,65159,65169,10
12.981590271,80.2213592529,65169,65179,10
12.9810400009,80.2210769653,65179,65189,10
12.9803695679,80.2210693359,65189,65199,10
12.9796600342,80.2211380005,65199,65209,10
12.9790496826,80.2211685181,65209,65219,10
12.9786195755,80.2211990356,65219,65229,10
12.9779596329,80.2212371826,65229,65239,10
12.9775295258,80.2212677002,65239,65249,10
12.9775295258,80.2212600708,65249,65260,11
12.9773902893,80.2212600708,65260,65270,10
12.9769496918,80.2212677002,65270,65280,10
12.9763402939,80.2212600708,65280,65290,10
12.9759502411,80.2212982178,65290,65300,10
12.9758300781,80.2212295532,65300,65310,10
12.9755897522,80.2210388184,65310,65350,40
12.9755897522,80.2210388184,65350,65361,11
12.9754695892,80.220916748,65361,65371,10
12.9751701355,80.2207107544,65371,65381,10
12.9745798111,80.2204589844,65381,65391,10
12.9738798141,80.2201919556,65391,65401,10
12.9731702805,80.2199020386,65401,65411,10
12.9724702835,80.2196578979,65411,65421,10
12.9717798233,80.2194137573,65421,65431,10
12.9712495804,80.2192306519,65431,65441,10
12.9708404541,80.2190628052,65441,65472,31
12.9708404541,80.2190628052,65472,65482,10
12.9705400467,80.2188796997,65482,65492,10
12.9700403214,80.2186431885,65492,65502,10
12.9694900513,80.2184295654,65502,65512,10
12.9688997269,80.218208313,65512,65522,10
12.9683103561,80.2179794312,65522,65532,10
12.9676904678,80.2177276611,65532,65542,10
12.9670095444,80.2174682617,65542,65550,8
12.9661903381,80.2171401978,65550,65694,144
12.9661903381,80.2171401978,65694,65704,10
12.9659900665,80.217048645,65704,65714,10
12.9653396606,80.2167892456,65714,65724,10
12.9645299911,80.2164611816,65724,65734,10
12.9638500214,80.216178894,65734,65744,10
12.9634103775,80.2159500122,65744,65754,10
12.9628801346,80.2157516479,65754,65774,20
12.9628801346,80.2157516479,65774,65785,11
12.962679863,80.2156677246,65785,65795,10
12.9621801376,80.2154769897,65795,65804,9
12.9616098404,80.2152481079,65804,65815,11
12.9608402252,80.2149505615,65815,65825,10
12.960100174,80.2146606445,65825,65835,10
12.9593496323,80.2143478394,65835,65845,10
12.9586200714,80.214050293,65845,65855,10
12.9578199387,80.2137298584,65855,65865,10
12.9570598602,80.2134094238,65865,65874,9
12.9563703537,80.213142395,65874,65887,13
12.9553699493,80.2127609253,65887,65897,10
12.9546203613,80.2124710083,65897,65907,10
12.9537296295,80.2121276855,65907,65927,20
12.9537296295,80.2121276855,65927,65937,10
12.9536104202,80.2120819092,65937,65947,10
12.9531297684,80.2118911743,65947,65957,10
12.9524297714,80.2116317749,65957,65967,10
12.9516496658,80.2113571167,65967,65974,7
12.9511404037,80.2111816406,65974,65988,14
12.9500598907,80.2107696533,65988,65998,10
12.9492998123,80.2104873657,65998,66008,10
12.9487400055,80.2102813721,66008,66018,10
12.9486198425,80.2102432251,66018,66028,10
12.9484500885,80.2101974487,66028,66119,91
12.9484500885,80.2101974487,66119,66129,10
12.9482297897,80.2101898193,66129,66139,10
12.9479398727,80.2100524902,66139,66149,10
12.9474000931,80.2098312378,66149,66159,10
12.9467496872,80.2095413208,66159,66169,10
12.9460601807,80.2092285156,66169,66179,10
12.9454097748,80.2088928223,66179,66190,11
12.9446897507,80.2085571289,66190,66200,10
12.9441404343,80.2083511353,66200,66210,10
12.9441099167,80.2083282471,66210,66220,10
12.9440097809,80.2082901001,66220,66230,10
12.9437599182,80.2081832886,66230,66240,10
12.9433298111,80.2079925537,66240,66250,10
12.942899704,80.2076034546,66250,66260,10
12.9424695969,80.2070617676,66260,66270,10
12.9419498444,80.2066192627,66270,66280,10
12.9415197372,80.2063064575,66280,66289,9
12.9411401749,80.2060928345,66289,66311,22
12.9411401749,80.2060928345,66311,66321,10
12.9408597946,80.205947876,66321,66331,10
12.9404001236,80.2057800293,66331,66341,10
12.9398097992,80.2055892944,66341,66351,10
12.9392299652,80.205406189,66351,66361,10
12.9386100769,80.2052078247,66361,66371,10
12.938079834,80.2050476074,66371,66381,10
12.9374599457,80.2048721313,66381,66390,9
12.936920166,80.2047119141,66390,66402,12
12.9362001419,80.204498291,66402,66412,10
12.9356403351,80.2043380737,66412,66421,9
12.935210228,80.2041320801,66421,66434,13
12.9344701767,80.203956604,66434,66444,10
12.9337997437,80.203918457,66444,66464,20
12.9337997437,80.203918457,66464,66474,10
12.9336004257,80.2039108276,66474,66484,10
12.933139801,80.2037963867,66484,66494,10
12.9326696396,80.2035980225,66494,66504,10
12.9320898056,80.2033996582,66504,66514,10
12.9314498901,80.2031784058,66514,66524,10
12.930850029,80.2029724121,66524,66535,11
12.9305095673,80.2028884888,66535,66543,8
12.9303302765,80.20287323,66543,66554,11
12.9301204681,80.2028427124,66554,66564,10
12.929599762,80.2027893066,66564,66594,30
12.929599762,80.2027893066,66594,66605,11
12.9292497635,80.2027587891,66605,66615,10
12.9287700653,80.2026977539,66615,66625,10
12.9285001755,80.2023391724,66625,66635,10
12.9284601212,80.2017364502,66635,66645,10
12.9284200668,80.2009963989,66645,66655,10
12.9283800125,80.2002410889,66655,66665,10
12.9281902313,80.19947052,66665,66675,10
12.9279003143,80.1988067627,66675,66685,10
12.9274997711,80.1981964111,66685,66695,10
12.9268798828,80.197769165,66695,66705,10
12.9263000488,80.1975784302,66705,66718,13
12.9262399673,80.1975708008,66718,66728,10
12.9261198044,80.1975479126,66728,66738,10
12.9257698059,80.1975097656,66738,66748,10
12.9254903793,80.1975326538,66748,66755,7
12.9253797531,80.197517395,66755,66768,13
12.9248600006,80.1975021362,66768,66778,10
12.9242200851,80.1974868774,66778,66788,10
12.9236001968,80.197479248,66788,66796,8
12.9230804443,80.1974105835,66796,66805,9
12.9219398499,80.1972503662,66805,66839,34
12.9219398499,80.1972503662,66839,66849,10
12.9216604233,80.1971282959,66849,66879,30
12.9216604233,80.1971282959,66879,66889,10
12.9214696884,80.1970596313,66889,66899,10
12.9213199615,80.1969985962,66899,66909,10
12.9212398529,80.1969680786,66909,66919,10
12.9210300446,80.1968917847,66919,66930,11
12.9205503464,80.1967163086,66930,66940,10
12.9200000763,80.1965408325,66940,66950,10
12.9194402695,80.1963195801,66950,66960,10
12.918970108,80.1959762573,66960,66970,10
12.9185800552,80.1956481934,66970,66980,10
12.9181404114,80.1952590942,66980,66990,10
12.917599678,80.1947784424,66990,67000,10
12.9171600342,80.1943435669,67000,67019,19
12.9171600342,80.1943435669,67019,67031,12
12.9170999527,80.194229126,67031,67041,10
12.9169998169,80.1940231323,67041,67051,10
12.9169597626,80.1937484741,67051,67061,10
12.9169397354,80.1935195923,67061,67071,10
12.9169397354,80.1933517456,67071,67081,10
12.916970253,80.193031311,67081,67101,20
12.916970253,80.193031311,67101,67111,10
12.916970253,80.1928634644,67111,67121,10
12.9170198441,80.1924667358,67121,67142,21
12.9170198441,80.1924667358,67142,67152,10
12.9169197083,80.1923217773,67152,67162,10
12.9166603088,80.1923065186,67162,67172,10
12.9164495468,80.1922988892,67172,67212,40
12.9164495468,80.1922988892,67212,67222,10
12.9163599014,80.1922988892,67222,67231,9
12.9160404205,80.1922912598,67231,67243,12
12.9154901505,80.192237854,67243,67253,10
12.9149503708,80.1922225952,67253,67263,10
12.9144697189,80.1921920776,67263,67465,202
12.9144697189,80.1921920776,67465,67475,10
12.9141397476,80.1921310425,67475,67486,11
12.9135503769,80.1920471191,67486,67495,9
12.9129800797,80.1919784546,67495,67506,11
12.912320137,80.1919021606,67506,67516,10
12.9116802216,80.1918334961,67516,67526,10
12.9111003876,80.1917495728,67526,67536,10
12.910490036,80.1916809082,67536,67545,9
12.9099798203,80.1916275024,67545,67556,11
12.9097604752,80.1914978027,67556,67566,10
12.9097204208,80.1914367676,67566,67576,10
12.9094696045,80.1912307739,67576,67586,10
12.9090099335,80.19090271,67586,67596,10
12.9085102081,80.1905288696,67596,67606,10
12.9079904556,80.1901397705,67606,67616,10
12.9074602127,80.1897583008,67616,67626,10
12.9069595337,80.1893768311,67626,67636,10
12.9063901901,80.1889419556,67636,67646,10
12.9059095383,80.1886291504,67646,67679,33
12.9059095383,80.1886291504,67679,67689,10
12.9057598114,80.1885223389,67689,67699,10
12.9053497314,80.1882400513,67699,67709,10
12.9047803879,80.1878814697,67709,67719,10
12.9041795731,80.1874771118,67719,67729,10
12.9039201736,80.1869277954,67729,67739,10
12.9039402008,80.1863479614,67739,67749,10
12.9039697647,80.1856079102,67749,67760,11
12.9039802551,80.1848068237,67760,67770,10
12.9036302567,80.1845397949,67770,67780,10
12.9029998779,80.1843719482,67780,67788,8
12.9023895264,80.1841964722,67788,67800,12
12.9014797211,80.1839523315,67800,67810,10
12.9009504318,80.1837768555,67810,67818,8
12.9005203247,80.18359375,67818,67830,12
12.899769783,80.1831970215,67830,67840,10
12.8990602493,80.1828384399,67840,67850,10
12.8983001709,80.1824493408,67850,67861,11
12.8976602554,80.1821212769,67861,67871,10
12.8972396851,80.182220459,67871,67911,40
12.8972396851,80.182220459,67911,67921,10
12.8969202042,80.1823577881,67921,67931,10
12.8964300156,80.182510376,67931,67941,10
12.8958702087,80.1826934814,67941,67951,10
12.8953895569,80.1828536987,67951,67961,10
12.8949899673,80.1829681396,67961,67972,11
12.8943901062,80.1831665039,67972,67982,10
12.8938999176,80.1833114624,67982,67992,10
12.8932504654,80.1835174561,67992,68032,40
12.8932504654,80.1835174561,68032,68042,10
12.8929700851,80.1836013794,68042,68052,10
12.8924102783,80.183807373,68052,68062,10
12.89179039,80.1840209961,68062,68073,11
12.8911104202,80.1842498779,68073,68083,10
12.8906698227,80.1844024658,68083,68093,10
12.8902397156,80.1845397949,68093,68123,30
12.8902397156,80.1845397949,68123,68133,10
12.8900499344,80.1845626831,68133,68143,10
12.8896102905,80.1845169067,68143,68153,10
12.8890399933,80.1844482422,68153,68163,10
12.8883695602,80.1843566895,68163,68173,10
12.8879499435,80.1843109131,68173,68184,11
12.8872203827,80.1841964722,68184,68214,30
12.8872203827,80.1841964722,68214,68224,10
12.8870697021,80.184211731,68224,68234,10
12.8869695663,80.1843795776,68234,68244,10
12.8869199753,80.1846237183,68244,68254,10
12.8867902756,80.1851730347,68254,68262,8
12.8866701126,80.1856231689,68262,68274,12
12.8865499496,80.1863327026,68274,68285,11
12.886469841,80.1870193481,68285,68295,10
12.8864097595,80.1874694824,68295,68305,10
12.8863401413,80.188041687,68305,68315,10
12.8862800598,80.1885070801,68315,68325,10
12.886179924,80.1889038086,68325,68365,40
12.886179924,80.1889038086,68365,68375,10
12.8859701157,80.1891174316,68375,68386,11
12.8856096268,80.1895217896,68386,68396,10
12.8853197098,80.1898498535,68396,68406,10
12.8851099014,80.1899032593,68406,68416,10
12.8841600418,80.1898574829,68416,68436,20
12.8841600418,80.1898574829,68436,68446,10
12.8839502335,80.1898727417,68446,68456,10
12.8835601807,80.1898803711,68456,68466,10
12.8831996918,80.1899795532,68466,68476,10
12.8830604553,80.1901016235,68476,68486,10
12.8828897476,80.1903610229,68486,68497,11
12.8825998306,80.1910400391,68497,68507,10
12.8823204041,80.1917114258,68507,68517,10
12.8820800781,80.1922302246,68517,68527,10
12.8820104599,80.1923675537,68527,68537,10
12.8817596436,80.1923980713,68537,68547,10
12.881770134,80.1924133301,68547,68556,9
12.8816900253,80.1924285889,68556,68567,11
12.8811502457,80.1924209595,68567,68577,10
12.8807096481,80.1924209595,68577,68587,10
12.8802499771,80.1924285889,68587,68599,12
12.8791704178,80.1925735474,68599,68629,30
12.8791704178,80.1925735474,68629,68639,10
12.8787403107,80.1926574707,68639,68649,10
12.878569603,80.1927032471,68649,68659,10
12.8785200119,80.192741394,68659,68669,10
12.878279686,80.1928100586,68669,68679,10
12.8777799606,80.1928100586,68679,68689,10
12.8772096634,80.1925888062,68689,68700,11
12.8766403198,80.1923980713,68700,68710,10
12.8758802414,80.192199707,68710,68720,10
12.8749799728,80.1920623779,68720,68730,10
12.8740100861,80.191947937,68730,68740,10
12.873000145,80.191947937,68740,68750,10
12.8721704483,80.1918563843,68750,68760,10
12.8720998764,80.1918487549,68760,68770,10
12.8717603683,80.1917877197,68770,68780,10
12.871049881,80.1916503906,68780,68790,10
12.8701696396,80.1914901733,68790,68801,11
12.8693304062,80.1913299561,68801,68811,10
12.8684501648,80.1911468506,68811,68821,10
12.8675403595,80.1910400391,68821,68831,10
12.8667297363,80.1911315918,68831,68841,10
12.8659296036,80.1912384033,68841,68851,10
12.8652696609,80.1912307739,68851,68861,10
12.8646297455,80.1911773682,68861,68871,10
12.8640298843,80.1911621094,68871,68881,10
12.8633298874,80.191192627,68881,68891,10
12.8627500534,80.1912078857,68891,68901,10
12.8623199463,80.1912384033,68901,68912,11
12.8621196747,80.1914291382,68912,68952,40
12.8621196747,80.1914291382,68952,68962,10
12.8621397018,80.1915283203,68962,68972,10
12.8620700836,80.1918182373,68972,68982,10
12.8620004654,80.1921920776,68982,68992,10
12.8619604111,80.1924209595,68992,69002,10
12.8617401123,80.192817688,69002,69013,11
12.8612804413,80.1930007935,69013,69023,10
12.8607301712,80.1932067871,69023,69033,10
12.8606996536,80.1932296753,69033,69043,10
12.8605003357,80.1934280396,69043,69053,10
12.8601303101,80.1939697266,69053,69063,10
12.8598203659,80.1946792603,69063,69073,10
12.8596200943,80.1953430176,69073,69083,10
12.8594398499,80.1959686279,69083,69093,10
12.859290123,80.1966934204,69093,69103,10
12.8591604233,80.1974029541,69103,69114,11
12.8590097427,80.1979827881,69114,69124,10
12.8589296341,80.1983795166,69124,69134,10
12.8588495255,80.1987380981,69134,69144,10
12.8587799072,80.1989593506,69144,69154,10
12.858710289,80.199432373,69154,69164,10
12.8586397171,80.1997680664,69164,69194,30
12.8586397171,80.1997680664,69194,69204,10
12.8585500717,80.1998672485,69204,69213,9
12.8583898544,80.1998596191,69213,69225,12
12.8579797745,80.1998214722,69225,69235,10
12.8574399948,80.199760437,69235,69245,10
12.8568696976,80.1996994019,69245,69255,10
12.8562498093,80.1996307373,69255,69265,10
12.8557395935,80.1995697021,69265,69275,10
12.8552799225,80.199508667,69275,69285,10
12.8547401428,80.1994400024,69285,69295,10
12.8540096283,80.1993713379,69295,69305,10
12.8533096313,80.199432373,69305,69315,10
12.8532104492,80.199432373,69315,69326,11
12.8528003693,80.1994628906,69326,69336,10
12.8521604538,80.1994934082,69336,69346,10
12.8514995575,80.1995162964,69346,69356,10
12.8507499695,80.1995773315,69356,69366,10
12.8499403,80.1996612549,69366,69376,10
12.8490695953,80.1997375488,69376,69386,10
12.8482398987,80.1998291016,69386,69396,10
12.8475999832,80.1999206543,69396,69403,7
12.8472499847,80.1999588013,69403,69416,13
12.8467597961,80.200012207,69416,69428,12
12.8467597961,80.200012207,69428,69436,8
12.8465299606,80.2000274658,69436,69448,12
12.8462896347,80.2000579834,69448,69477,29
12.8449296951,80.2002334595,69477,69487,10
12.8444795609,80.2002716064,69487,69497,10
12.8439998627,80.2003173828,69497,69507,10
12.8435297012,80.2003707886,69507,69517,10
12.843000412,80.2004394531,69517,69527,10
12.8425998688,80.2004776001,69527,69540,13
12.8420600891,80.2005462646,69540,69550,10
12.8415002823,80.200630188,69550,69560,10
12.840760231,80.2007293701,69560,69570,10
12.8404397964,80.2007675171,69570,69580,10
12.8402004242,80.2007980347,69580,69590,10
12.840180397,80.2008209229,69590,69600,10
12.8398599625,80.2008514404,69600,69610,10
12.839389801,80.2008972168,69610,69620,10
12.8386096954,80.2010116577,69620,69628,8
12.8379096985,80.2010879517,69628,69641,13
12.837100029,80.2011871338,69641,69651,10
12.836979866,80.201210022,69651,69661,10
12.8364696503,80.2012481689,69661,69671,10
12.8359603882,80.2011871338,69671,69681,10
12.8352403641,80.2009887695,69681,69711,30
12.8352403641,80.2009887695,69711,69721,10
12.8351697922,80.2007827759,69721,69731,10
12.8348503113,80.2002792358,69731,69742,11
12.8346796036,80.1993789673,69742,69752,10
12.8345298767,80.1986312866,69752,69762,10
12.8344202042,80.1979904175,69762,69772,10
12.8342695236,80.1971511841,69772,69782,10
12.8341302872,80.1965026855,69782,69792,10
12.8339700699,80.1959686279,69792,69802,10
12.8333501816,80.1957626343,69802,69812,10
12.832570076,80.1955108643,69812,69822,10
12.8316602707,80.1952514648,69822,69832,10
12.8307199478,80.1950302124,69832,69843,11
12.8297901154,80.1948318481,69843,69853,10
12.8290395737,80.1946563721,69853,69861,8
12.8284702301,80.1945266724,69861,69874,13
12.8273200989,80.1942825317,69874,69884,10
12.8263702393,80.1940689087,69884,69894,10
12.8254203796,80.1939086914,69894,69902,8
12.8249502182,80.1940307617,69902,69914,12
12.8244495392,80.1947631836,69914,69934,20
12.8244495392,80.1947631836,69934,69944,10
12.8243703842,80.1950378418,69944,69955,11
12.8239803314,80.1962127686,69955,69965,10
12.8239803314,80.1962127686,69965,69975,10
12.8236398697,80.1967773438,69975,69984,9
12.8230400085,80.1970977783,69984,69996,12
12.8226604462,80.1978225708,69996,70007,11
12.8223896027,80.1986694336,70007,70017,10
12.8220300674,80.1990966797,70017,70027,10
12.8216896057,80.1996078491,70027,70037,10
12.8215398788,80.1999511719,70037,70047,10
12.8214597702,80.2001419067,70047,70057,10
12.8214197159,80.2005310059,70057,70068,11
12.8213500977,80.2011489868,70068,70078,10
12.8212900162,80.2016906738,70078,70088,10
12.8212795258,80.2018127441,70088,70100,12
12.8212995529,80.2022399902,70100,70110,10
12.8213195801,80.2027816772,70110,70120,10
12.8213300705,80.2030487061,70120,70130,10
12.8213300705,80.2032165527,70130,70140,10
12.8213100433,80.2034072876,70140,70150,10
12.8212203979,80.2036895752,70150,70161,11
12.8211297989,80.2036972046,70161,70171,10
12.8209600449,80.2036972046,70171,70181,10
12.8208198547,80.2036972046,70181,70191,10
12.8204803467,80.2036590576,70191,70201,10
12.8200798035,80.2033615112,70201,70211,10
12.8196201324,80.20337677,70211,70221,10
12.8192195892,80.20337677,70221,70231,10
12.8187198639,80.203453064,70231,70243,12
12.8183097839,80.2037200928,70243,70253,10
12.8182001114,80.2037963867,70253,70264,11
12.8177995682,80.2041625977,70264,70274,10
12.8174295425,80.2044372559,70274,70284,10
12.8169403076,80.2046890259,70284,70294,10
12.8162097931,80.2047271729,70294,70304,10
12.8156204224,80.205039978,70304,70314,10
12.8152999878,80.205116272,70314,70324,10
12.8148803711,80.205039978,70324,70334,10
12.8144903183,80.2049331665,70334,70353,19
12.8144903183,80.2049331665,70353,70365,12
12.8141298294,80.2048187256,70365,70375,10
12.8138103485,80.204788208,70375,70383,8
12.8133802414,80.2049865723,70383,70395,12
12.8129997253,80.2050476074,70395,70405,10
12.8125400543,80.2049636841,70405,70415,10
12.8120498657,80.2048416138,70415,70425,10
12.8115596771,80.2046890259,70425,70435,10
12.8110799789,80.204460144,70435,70444,9
12.8110303879,80.2042007446,70444,70486,42
12.8110303879,80.2042007446,70486,70496,10
12.8110599518,80.2040176392,70496,70506,10
12.8110198975,80.2034912109,70506,70526,20
12.8110198975,80.2034912109,70526,70536,10
12.8108196259,80.2032165527,70536,70546,10
12.8104896545,80.2027893066,70546,70556,10
12.8102703094,80.2025527954,70556,70566,10
12.8101501465,80.2024078369,70566,70577,11
12.8098201752,80.2020263672,70577,70587,10
12.8097000122,80.2018508911,70587,70597,10
12.8094701767,80.2015686035,70597,70607,10
12.8091001511,80.2010879517,70607,70617,10
12.8088197708,80.2007675171,70617,70627,10
12.8087902069,80.2007369995,70627,70637,10
12.8085603714,80.2005233765,70637,70647,10
12.8082399368,80.2003631592,70647,70657,10
12.8081197739,80.200302124,70657,70667,10
12.8077402115,80.2002487183,70667,70677,10
12.8076200485,80.2004165649,70677,70687,10
12.8074502945,80.2007827759,70687,70697,10
12.8071899414,80.200920105,70697,70707,10
12.8067598343,80.2007598877,70707,70717,10
12.8063001633,80.2005996704,70717,70727,10
12.805970192,80.2005615234,70727,70738,11
12.8057003021,80.2005386353,70738,70748,10
12.8051300049,80.2004470825,70748,70758,10
12.8043804169,80.2002334595,70758,70768,10
12.8036203384,80.1999588013,70768,70778,10
12.8030395508,80.1997375488,70778,70788,10
12.8023300171,80.1994018555,70788,70798,10
12.8015203476,80.1989364624,70798,70808,10
12.8008098602,80.1985473633,70808,70818,10
12.8002300262,80.1982269287,70818,70828,10
12.7997703552,80.1979522705,70828,70838,10
12.7996797562,80.1979064941,70838,70848,10
12.7994699478,80.1980895996,70848,70858,10
12.7990999222,80.1986465454,70858,70868,10
12.798620224,80.1994094849,70868,70881,13
12.7980899811,80.2005767822,70881,70891,10
12.7976503372,80.2016067505,70891,70901,10
12.7972097397,80.20262146,70901,70911,10
12.7969703674,80.2032012939,70911,70921,10
12.7969198227,80.203338623,70921,70931,10
12.7966899872,80.2038726807,70931,70941,10
12.7962903976,80.2047424316,70941,70951,10
12.7958297729,80.2057418823,70951,70961,10
12.7953596115,80.2068328857,70961,70971,10
12.7948703766,80.2079391479,70971,70978,7
12.7945404053,80.2086791992,70978,70992,14
12.7939500809,80.2100830078,70992,71002,10
12.7936201096,80.2111816406,71002,71012,10
12.7933702469,80.212310791,71012,71022,10
12.793129921,80.2134017944,71022,71032,10
12.792889595,80.2144622803,71032,71042,10
12.7926397324,80.2155532837,71042,71052,10
12.7923603058,80.2166976929,71052,71062,10
12.7922697067,80.2170410156,71062,71072,10
12.7921895981,80.2172393799,71072,71082,10
12.7919101715,80.2177734375,71082,71093,11
12.7914600372,80.2185211182,71093,71103,10
12.7910404205,80.2192230225,71103,71113,10
12.790430069,80.2202911377,71113,71133,20
12.790430069,80.2202911377,71133,71143,10
12.790309906,80.2204437256,71143,71153,10
12.7899799347,80.2209777832,71153,71163,10
12.7896099091,80.2215423584,71163,71173,10
12.7892999649,80.2215270996,71173,71183,10
12.7888402939,80.2213821411,71183,71194,11
12.7882299423,80.2211380005,71194,71204,10
12.7878503799,80.2210083008,71204,71214,10
12.7874698639,80.2208633423,71214,71224,10
12.7868995667,80.2206420898,71224,71234,10
12.7863903046,80.2204437256,71234,71264,30
12.7863903046,80.2204437256,71264,71274,10
12.7862596512,80.2203598022,71274,71325,51
12.7862596512,80.2203598022,71325,71335,10
12.7861404419,80.2205581665,71335,71345,10
12.7861404419,80.2208328247,71345,71355,10
12.7861499786,80.2211074829,71355,71365,10
12.786190033,80.221496582,71365,71375,10
12.7862195969,80.2218704224,71375,72184,809
12.7862195969,80.2218704224,72184,72194,10
12.7861795425,80.221496582,72194,72204,10
12.7861404419,80.2212219238,72204,72214,10
12.7861404419,80.220993042,72214,72224,10
12.7861204147,80.2207336426,72224,72235,11
12.7861204147,80.2206420898,72235,72245,10
12.7861003876,80.2205123901,72245,72255,10
12.786190033,80.2203292847,72255,72265,10
12.7863397598,80.2203598022,72265,72275,10
12.7864398956,80.2203979492,72275,72285,10
12.7865400314,80.2204437256,72285,72295,10
12.786740303,80.2204971313,72295,72305,10
12.7867803574,80.2205200195,72305,72315,10
12.7870998383,80.2206420898,72315,72325,10
12.7875299454,80.2208023071,72325,72335,10
12.7878904343,80.2209320068,72335,72346,11
12.7883701324,80.2211227417,72346,72356,10
12.7889003754,80.2213287354,72356,72366,10
12.7894802094,80.2215194702,72366,72376,10
12.7897596359,80.2211990356,72376,72386,10
12.7900495529,80.2207336426,72386,72396,10
12.7902498245,80.2203979492,72396,72406,10
12.7904500961,80.2200012207,72406,72416,10
12.79047966,80.2199707031,72416,72426,10
12.7905197144,80.2199020386,72426,72436,10
12.790719986,80.2195663452,72436,72447,11
12.7910900116,80.2189788818,72447,72457,10
12.7915096283,80.2182998657,72457,72467,10
12.7919197083,80.217590332,72467,72477,10
12.7921695709,80.2170028687,72477,72487,10
12.7922096252,80.2168426514,72487,72497,10
12.7923202515,80.216468811,72497,72507,10
12.7924900055,80.2156982422,72507,72517,10
12.792719841,80.2146835327,72517,72527,10
12.7929801941,80.2135620117,72527,72537,10
12.7932395935,80.2124710083,72537,72547,10
12.7934598923,80.21144104,72547,72558,11
12.7937498093,80.2102890015,72558,72568,10
12.7942199707,80.209197998,72568,72578,10
12.7947101593,80.2080764771,72578,72588,10
12.7952404022,80.2068786621,72588,72598,10
12.7957296371,80.2058029175,72598,72608,10
12.7961997986,80.2047424316,72608,72618,10
12.7966604233,80.2036895752,72618,72628,10
12.7969503403,80.2029800415,72628,72638,10
12.796959877,80.2029571533,72638,72648,10
12.7970104218,80.20287323,72648,72659,11
12.79708004,80.2026824951,72659,72669,10
12.7971897125,80.2024307251,72669,72679,10
12.7973203659,80.2021179199,72679,72689,10
12.7974996567,80.201713562,72689,72699,10
12.7976903915,80.2012710571,72699,72709,10
12.7979402542,80.2006835938,72709,72719,10
12.7982501984,80.1999893188,72719,72729,10
12.7986402512,80.1991882324,72729,72739,10
12.799079895,80.1984863281,72739,72749,10
12.7994804382,80.1978988647,72749,72760,11
12.799539566,80.1978378296,72760,72770,10
12.7998504639,80.1979675293,72770,72790,20
12.7998504639,80.1979675293,72790,72800,10
12.8000402451,80.1980514526,72800,72810,10
12.8004598618,80.1982727051,72810,72819,9
12.8008699417,80.1985092163,72819,72830,11
12.8013896942,80.1987991333,72830,72840,10
12.8018398285,80.1990509033,72840,72850,10
12.802359581,80.1993637085,72850,72862,12
12.8030996323,80.19972229,72862,72872,10
12.8036403656,80.1999282837,72872,72882,10
12.8042001724,80.2001190186,72882,72892,10
12.8048601151,80.2003326416,72892,72902,10
12.8055200577,80.2004928589,72902,72912,10
12.8060903549,80.2005081177,72912,72930,18
12.8060903549,80.2005081177,72930,72942,12
12.8064498901,80.2006225586,72942,72950,8
12.8073797226,80.200843811,72950,72962,12
12.8073797226,80.200843811,72962,72973,11
12.8075799942,80.2004013062,72973,72983,10
12.8084802628,80.2003936768,72983,73013,30
12.8084802628,80.2003936768,73013,73023,10
12.8085699081,80.2004623413,73023,73033,10
12.8088703156,80.2007369995,73033,73043,10
12.8092803955,80.2012481689,73043,73053,10
12.8098297119,80.2019424438,73053,73063,10
12.8098297119,80.2019424438,73063,73074,11
12.8101902008,80.2023773193,73074,73082,8
12.8104696274,80.2026901245,73082,73098,16
12.811050415,80.2034606934,73098,73118,20
12.811050415,80.2034606934,73118,73125,7
12.811050415,80.2040786743,73125,73148,23
12.811050415,80.2040786743,73148,73158,10
12.811050415,80.2041473389,73158,73168,10
12.8110198975,80.2042312622,73168,73179,11
12.8111600876,80.2044906616,73179,73189,10
12.8111600876,80.2044906616,73189,73199,10
12.8116397858,80.2046813965,73199,73209,10
12.8122596741,80.2048568726,73209,73240,31
12.8140201569,80.2047271729,73240,73250,10
12.8143701553,80.2048492432,73250,73260,10
12.8143596649,80.2048492432,73260,73270,10
12.8146295547,80.2049484253,73270,73280,10
12.8150997162,80.2050628662,73280,73292,12
12.815320015,80.205078125,73292,73302,10
12.8155498505,80.205039978,73302,73312,10
12.8158597946,80.2048721313,73312,73319,7
12.8162603378,80.2047119141,73319,73330,11
12.8175601959,80.2042922974,73330,73340,10
12.8175601959,80.2042922974,73340,73352,12
12.8192996979,80.2033081055,73352,73394,42
12.8208303452,80.203666687,73394,73423,29
12.8212795258,80.2021179199,73423,73478,55
12.8213195801,80.2014389038,73478,73511,33
12.8214797974,80.2001037598,73511,73540,29
12.8225297928,80.1983184814,73540,73570,30
12.8238801956,80.1964874268,73570,73599,29
12.8244600296,80.1946563721,73599,73625,26
12.8257703781,80.193939209,73625,73665,40
12.8286504745,80.1945495605,73665,73694,29
12.8325901031,80.1954574585,73694,73732,38
12.8342599869,80.1968612671,73732,73762,30
12.834690094,80.1990966797,73762,73791,29
12.8353595734,80.2010269165,73791,73824,33
12.838549614,80.200958252,73824,73880,56
12.840180397,80.2007522583,73880,73911,31
12.841340065,80.200592041,73911,73943,32
12.8430900574,80.2003707886,73943,73972,29
12.8447599411,80.2001876831,73972,74005,33
12.8464403152,80.200012207,74005,74036,31
12.8473796844,80.1998901367,74036,74066,30
12.8492898941,80.1996917725,74066,74096,30
12.8517999649,80.1994628906,74096,74126,30
12.8531599045,80.1994018555,74126,74157,31
12.8554296494,80.1994628906,74157,74187,30
12.8554296494,80.1994628906,74187,74207,20
12.8567800522,80.1996383667,74207,74218,11
12.857629776,80.1997528076,74218,74228,10
12.8582496643,80.1998291016,74228,74238,10
12.858590126,80.1998291016,74238,74248,10
12.8586397171,80.1998214722,74248,74258,10
12.858710289,80.1996078491,74258,74349,91
12.858710289,80.1996078491,74349,74359,10
12.8587703705,80.1992416382,74359,74369,10
12.8588600159,80.1988677979,74369,74379,10
12.8589096069,80.1986312866,74379,74389,10
12.8590202332,80.1982116699,74389,74399,10
12.8591299057,80.1977310181,74399,74409,10
12.8592796326,80.1970977783,74409,74419,10
12.8593902588,80.1964263916,74419,74430,11
12.8595695496,80.1956481934,74430,74440,10
12.8597602844,80.1949996948,74440,74450,10
12.8599596024,80.1943130493,74450,74460,10
12.8603696823,80.1936798096,74460,74470,10
12.8607597351,80.1932220459,74470,74480,10
12.860830307,80.1931991577,74480,74490,10
12.861120224,80.1930770874,74490,74500,10
12.861579895,80.1929016113,74500,74510,10
12.8619403839,80.1926498413,74510,74520,10
12.862039566,80.1920776367,74520,74531,11
12.8620500565,80.1918716431,74531,74541,10
12.8620595932,80.1918411255,74541,74551,10
12.8621397018,80.1916275024,74551,74561,10
12.862159729,80.1915588379,74561,74571,10
12.8622198105,80.1913299561,74571,74581,10
12.8623695374,80.1912536621,74581,74591,10
12.8624200821,80.1912384033,74591,74601,10
12.862660408,80.1912307739,74601,74611,10
12.8630800247,80.1911773682,74611,74621,10
12.8638000488,80.1911621094,74621,74631,10
12.864689827,80.1911468506,74631,74641,10
12.8655395508,80.191192627,74641,74651,10
12.8661298752,80.191192627,74651,74661,10
12.8668603897,80.1911010742,74661,74672,11
12.8679199219,80.1910476685,74672,74682,10
12.8688898087,80.1912231445,74682,74692,10
12.869720459,80.1913833618,74692,74702,10
12.8706998825,80.1915664673,74702,74712,10
12.8716001511,80.1917190552,74712,74722,10
12.8723897934,80.1918411255,74722,74731,9
12.8731203079,80.1919403076,74731,74742,11
12.8741502762,80.1919403076,74742,74752,10
12.8748703003,80.1919937134,74752,74762,10
12.8754997253,80.1920928955,74762,74772,10
12.8763198853,80.1922531128,74772,74782,10
12.8772096634,80.1925506592,74782,74792,10
12.877989769,80.1928024292,74792,74802,10
12.8784503937,80.1927337646,74802,74812,10
12.8786401749,80.1926803589,74812,74822,10
12.8789701462,80.1926116943,74822,74835,13
12.8797197342,80.1924819946,74835,74845,10
12.8804302216,80.1924209595,74845,74855,10
12.8807296753,80.1923828125,74855,74865,10
12.8811197281,80.1923675537,74865,74875,10
12.8820199966,80.1923522949,74875,74915,40
12.8820199966,80.1923522949,74915,74925,10
12.8821496964,80.1921615601,74925,74935,10
12.882399559,80.1915969849,74935,74946,11
12.8827896118,80.1907196045,74946,74956,10
12.8831195831,80.1900405884,74956,74966,10
12.8834295273,80.1899032593,74966,74976,10
12.8841199875,80.1898498535,74976,74986,10
12.8844099045,80.1898269653,74986,74996,10
12.884519577,80.1898498535,74996,75006,10
12.8849802017,80.1898803711,75006,75016,10
12.8854198456,80.1897888184,75016,75026,10
12.8856601715,80.1895294189,75026,75035,9
12.8860797882,80.1890487671,75035,75047,12
12.8862104416,80.1889038086,75047,75057,10
12.8862895966,80.1887283325,75057,75067,10
12.8863401413,80.1881637573,75067,75077,10
12.8864297867,80.1874084473,75077,75087,10
12.8865203857,80.1867599487,75087,75097,10
12.8866100311,80.1859970093,75097,75107,10
12.8867502213,80.1854019165,75107,75117,10
12.8869304657,80.1847229004,75117,75127,10
12.8870201111,80.1843109131,75127,75137,10
12.8871603012,80.1841888428,75137,75148,11
12.8873100281,80.1841812134,75148,75158,10
12.8877000809,80.1842269897,75158,75168,10
12.8883800507,80.1843185425,75168,75178,10
12.8891201019,80.1844482422,75178,75188,10
12.8899202347,80.1845397949,75188,75198,10
12.8903999329,80.1844787598,75198,75208,10
12.8904304504,80.1844711304,75208,75218,10
12.8905200958,80.1844482422,75218,75228,10
12.8909797668,80.1842803955,75228,75238,10
12.8916301727,80.1840667725,75238,75247,9
12.8922395706,80.1838684082,75247,75259,12
12.8929595947,80.183631897,75259,75269,10
12.8934402466,80.1834487915,75269,75289,20
12.8934402466,80.1834487915,75289,75299,10
12.893699646,80.1833496094,75299,75309,10
12.894200325,80.1831970215,75309,75319,10
12.8946399689,80.1830673218,75319,75329,10
12.895070076,80.1829376221,75329,75339,10
12.8956003189,80.182762146,75339,75349,10
12.8962097168,80.1825637817,75349,75360,11
12.8969802856,80.1823120117,75360,75370,10
12.8976202011,80.1820983887,75370,75390,20
12.8976202011,80.1820983887,75390,75400,10
12.8978700638,80.1821365356,75400,75410,10
12.8984603882,80.1824569702,75410,75420,10
12.8992500305,80.1828613281,75420,75430,10
12.9001102448,80.1832733154,75430,75440,10
12.9008398056,80.1836013794,75440,75450,10
12.9016895294,80.1838607788,75450,75459,9
12.9025602341,80.18409729,75459,75471,12
12.9036903381,80.1844329834,75471,75481,10
12.9041595459,80.1847915649,75481,75491,10
12.9041404724,80.185508728,75491,75501,10
12.9041099548,80.1864013672,75501,75511,10
12.904129982,80.1872634888,75511,75521,10
12.9046096802,80.1876678467,75521,75531,10
12.9050502777,80.1879272461,75531,75541,10
12.9055404663,80.1882324219,75541,75551,10
12.9059896469,80.1884994507,75551,75561,10
12.9064702988,80.1888198853,75561,75572,11
12.9067401886,80.1889877319,75572,75582,10
12.9068899155,80.1891098022,75582,75592,10
12.9072999954,80.189453125,75592,75602,10
12.9078702927,80.1898803711,75602,75612,10
12.9085102081,80.1903686523,75612,75622,10
12.9091596603,80.1908569336,75622,75632,10
12.9096899033,80.1912689209,75632,75642,10
12.9101600647,80.1915206909,75642,75652,10
12.9107704163,80.1915893555,75652,75662,10
12.9114599228,80.1916809082,75662,75673,11
12.9122104645,80.1917572021,75673,75683,10
12.9124698639,80.1917572021,75683,75693,10
12.9125699997,80.1917572021,75693,75703,10
12.9130897522,80.1918411255,75703,75713,10
12.9137401581,80.1919403076,75713,75723,10
12.9144601822,80.1920166016,75723,75732,9
12.9150600433,80.1921005249,75732,75743,11
12.9158401489,80.1921463013,75743,75753,10
12.916469574,80.1921691895,75753,75763,10
12.9170398712,80.1921768188,75763,75775,12
12.9172201157,80.1916885376,75775,75793,18
12.9172201157,80.1916885376,75793,75805,12
12.9172401428,80.1915969849,75805,75815,10
12.9173002243,80.1912994385,75815,75825,10
12.9173297882,80.1907730103,75825,75835,10
12.9173402786,80.1904602051,75835,75845,10
12.9173603058,80.1903762817,75845,75855,10
12.9174995422,80.1903915405,75855,75865,10
12.9174499512,80.1906585693,75865,75876,11
12.9174203873,80.1913223267,75876,75886,10
12.9173402786,80.1920089722,75886,75896,10
12.9172801971,80.1924362183,75896,75906,10
12.9172096252,80.193069458,75906,75936,30
12.9172096252,80.193069458,75936,75946,10
12.9171695709,80.193359375,75946,75956,10
12.9172201157,80.193939209,75956,75966,10
12.9174604416,80.1944503784,75966,75976,10
12.918009758,80.1949462891,75976,75987,11
12.9185600281,80.1954727173,75987,75997,10
12.9190702438,80.1959075928,75997,76007,10
12.9196395874,80.1962890625,76007,76017,10
12.9202203751,80.1965332031,76017,76027,10
12.9208097458,80.1967468262,76027,76037,10
12.9209403992,80.196762085,76037,76047,10
12.9210796356,80.1967926025,76047,76057,10
12.92166996,80.1970214844,76057,76067,10
12.9224901199,80.1972198486,76067,76077,10
12.9232501984,80.197303772,76077,76088,11
12.9237003326,80.1973419189,76088,76098,10
12.9237499237,80.1973495483,76098,76108,10
12.9241304398,80.1973800659,76108,76118,10
12.9249000549,80.1974029541,76118,76128,10
12.925330162,80.1973800659,76128,76138,10
12.9257602692,80.1973800659,76138,76148,10
12.9264001846,80.1974563599,76148,76158,10
12.9265604019,80.197479248,76158,76168,10
12.9268198013,80.1976089478,76168,76178,10
12.9274196625,80.1979675293,76178,76189,11
12.9279403687,80.1986236572,76189,76199,10
12.9282598495,80.1992416382,76199,76209,10
12.9285001755,80.200050354,76209,76219,10
12.9285497665,80.2009887695,76219,76229,10
12.9285802841,80.2017593384,76229,76239,10
12.9286298752,80.2024078369,76239,76249,10
12.929189682,80.2026519775,76249,76259,10
12.9295501709,80.2026519775,76259,76269,10
12.9295701981,80.20262146,76269,76279,10
12.9299402237,80.2026596069,76279,76290,11
12.930439949,80.2027435303,76290,76300,10
12.9309902191,80.2029037476,76300,76310,10
12.9316396713,80.2031402588,76310,76320,10
12.9324302673,80.2034378052,76320,76330,10
12.9330596924,80.2036819458,76330,76340,10
12.9337997437,80.2038421631,76340,76360,20
12.9337997437,80.2038421631,76360,76370,10
12.9339504242,80.2038574219,76370,76380,10
12.9343996048,80.2038726807,76380,76390,10
12.9349498749,80.2039794922,76390,76401,11
12.9356803894,80.2043075562,76401,76411,10
12.9365196228,80.2045593262,76411,76421,10
12.9373903275,80.2048187256,76421,76431,10
12.9383001328,80.205078125,76431,76441,10
12.9391803741,80.2053527832,76441,76451,10
12.9399499893,80.2055664063,76451,76461,10
12.9400997162,80.205619812,76461,76471,10
12.9403295517,80.2056884766,76471,76481,10
12.9409303665,80.2058868408,76481,76491,10
12.9414396286,80.2061691284,76491,76502,11
12.9419498444,80.2065505981,76502,76512,10
12.942489624,80.2070007324,76512,76522,10
12.9428596497,80.2074813843,76522,76532,10
12.9434204102,80.2080230713,76532,76542,10
12.9441404343,80.2082824707,76542,76552,10
12.9444198608,80.2083816528,76552,76562,10
12.9444904327,80.2083969116,76562,76572,10
12.9449701309,80.2085723877,76572,76582,10
12.9457597733,80.2088088989,76582,76592,10
12.9466495514,80.2091522217,76592,76602,10
12.9475498199,80.2094573975,76602,76612,10
12.9482297897,80.2096176147,76612,76622,10
12.9483098984,80.2096328735,76622,76632,10
12.9488296509,80.2098388672,76632,76652,20
12.9488296509,80.2098388672,76652,76662,10
12.9489402771,80.2098770142,76662,76672,10
12.9495096207,80.2101364136,76672,76683,11
12.9503898621,80.2105712891,76683,76693,10
12.9510602951,80.2108688354,76693,76703,10
12.9518404007,80.2112503052,76703,76713,10
12.952750206,80.2116088867,76713,76723,10
12.953379631,80.2118530273,76723,76733,10
12.9535799026,80.2119293213,76733,76743,10
12.9536104202,80.2119598389,76743,76753,10
12.9540300369,80.2121429443,76753,76763,10
12.9547195435,80.2124023438,76763,76773,10
12.9555101395,80.2127304077,76773,76785,12
12.9565601349,80.213142395,76785,76793,8
12.9572401047,80.2134170532,76793,76803,10
12.9582195282,80.2138214111,76803,76816,13
12.9592399597,80.2142181396,76816,76826,10
12.9597997665,80.2144470215,76826,76836,10
12.9604997635,80.2147064209,76836,76846,10
12.961350441,80.215057373,76846,76856,10
12.9622497559,80.2153930664,76856,76866,10
12.9633197784,80.2157897949,76866,76886,20
12.9633197784,80.2157897949,76886,76896,10
12.9633703232,80.2158203125,76896,76906,10
12.9641504288,80.2161407471,76906,76927,21
12.9641504288,80.2161407471,76927,76937,10
12.9645004272,80.2163085938,76937,76947,10
12.9651403427,80.2165985107,76947,76957,10
12.9660301208,80.2169570923,76957,76967,10
12.9669504166,80.2173080444,76967,76977,10
12.9676799774,80.2176208496,76977,76987,10
12.9683504105,80.2178878784,76987,76997,10
12.9692001343,80.2181930542,76997,77007,10
12.9702396393,80.2185974121,77007,77018,11
12.9710798264,80.2188873291,77018,77028,10
12.9712095261,80.2189483643,77028,77038,10
12.9712200165,80.218963623,77038,77048,10
12.971619606,80.2191162109,77048,77058,10
12.9722299576,80.2193908691,77058,77068,10
12.9729299545,80.2196807861,77068,77078,10
12.9736099243,80.2199325562,77078,77088,10
12.9744100571,80.2202682495,77088,77098,10
12.9752101898,80.2205734253,77098,77139,41
12.9752101898,80.2205734253,77139,77149,10
12.9752702713,80.2205810547,77149,77159,10
12.9756002426,80.2208404541,77159,77169,10
12.9762496948,80.2211990356,77169,77199,30
12.9762496948,80.2211990356,77199,77209,10
12.9764900208,80.2211837769,77209,77220,11
12.9771203995,80.2211990356,77220,77230,10
12.9777898788,80.2211685181,77230,77240,10
12.9783496857,80.2210998535,77240,77250,10
12.9789896011,80.2210464478,77250,77260,10
12.9794797897,80.221031189,77260,77270,10
12.9799995422,80.2210083008,77270,77280,10
12.9805202484,80.2209777832,77280,77290,10
12.981089592,80.221031189,77290,77300,10
12.9816398621,80.2213516235,77300,77310,10
12.9821100235,80.2216491699,77310,77320,10
12.9825801849,80.2217788696,77320,77331,11
12.9829998016,80.2219467163,77331,77341,10
12.983039856,80.2219924927,77341,77351,10
12.98458004,80.2229995728,77351,77392,41
12.98458004,80.2229995728,77392,77412,20
12.9854602814,80.2231826782,77412,77423,11
12.9859800339,80.2229385376,77423,77433,10
12.9865102768,80.2229232788,77433,77443,10
12.9865198135,80.2229232788,77443,77454,11
12.9867801666,80.2229385376,77454,77463,9
12.987039566,80.2229919434,77463,77474,11
12.987449646,80.2230377197,77474,77484,10
12.9880304337,80.2228088379,77484,77494,10
12.9886198044,80.2223205566,77494,77504,10
12.9890098572,80.2218322754,77504,77514,10
12.9894199371,80.2212982178,77514,77524,10
12.9899597168,80.2206420898,77524,77536,12
12.9905004501,80.2202377319,77536,77546,10
12.9905099869,80.2202377319,77546,77554,8
12.9907503128,80.2200698853,77554,77566,12
12.9913196564,80.219619751,77566,77576,10
12.9918804169,80.2192306519,77576,77584,8
12.9924602509,80.2188186646,77584,77594,10
12.9930400848,80.2183837891,77594,77604,10
12.9935503006,80.2180099487,77604,77614,10
12.9940395355,80.2176437378,77614,77624,10
12.9944095612,80.217376709,77624,77637,13
12.9949102402,80.2170410156,77637,77647,10
12.9953603745,80.2167892456,77647,77657,10
12.9959697723,80.2166137695,77657,77667,10
12.9965295792,80.216506958,77667,77677,10
12.9969997406,80.2164611816,77677,77687,10
12.9973802567,80.2164382935,77687,77697,10
12.9974498749,80.2164306641,77697,77707,10
12.9975004196,80.2164382935,77707,77717,10
12.9979095459,80.216506958,77717,77727,10
12.998459816,80.2166671753,77727,77737,10
12.9990501404,80.2169570923,77737,77748,11
12.9997501373,80.217338562,77748,77758,10
13.0003299713,80.2176971436,77758,77768,10
13.0008296967,80.2180328369,77768,77778,10
13.0013504028,80.2183837891,77778,77788,10
13.0018596649,80.2188491821,77788,77798,10
13.0023002625,80.219329834,77798,77808,10
13.0029201508,80.2197494507,77808,77818,10
13.0034399033,80.2199172974,77818,77828,10
13.0040998459,80.2200622559,77828,77837,9
13.0046195984,80.220161438,77837,77849,12
13.0047502518,80.220199585,77849,77859,10
13.0052499771,80.2203292847,77859,77869,10
13.0060396194,80.2205123901,77869,77879,10
13.0067996979,80.2207107544,77879,77889,10
13.0075397491,80.2211227417,77889,77899,10
13.0083799362,80.2215576172,77899,77909,10
13.0092802048,80.2220306396,77909,77919,10
13.0100898743,80.2224502563,77919,77929,10
13.0108604431,80.2228469849,77929,77939,10
13.0112895966,80.2230377197,77939,77950,11
13.0114603043,80.2230072021,77950,77960,10
13.011639595,80.2224807739,77960,77970,10
13.0118598938,80.2217025757,77970,77980,10
13.0122499466,80.2214584351,77980,77990,10
13.0124502182,80.2217788696,77990,78000,10
13.0129003525,80.2223587036,78000,78010,10
13.0134000778,80.2228622437,78010,78020,10
13.0139102936,80.2233963013,78020,78030,10
13.0142602921,80.2238235474,78030,78040,10
13.0146303177,80.224281311,78040,78050,10
13.0148801804,80.2244720459,78050,78061,11
13.0150403976,80.2246398926,78061,78071,10
13.0152301788,80.2248077393,78071,78081,10
13.01541996,80.2249298096,78081,78091,10
13.0155000687,80.2249526978,78091,78101,10
13.0159502029,80.2252426147,78101,78111,10
13.0166902542,80.2251815796,78111,78121,10
13.0175800323,80.2248535156,78121,78131,10
13.0184297562,80.2245101929,78131,78141,10
13.0192098618,80.224319458,78141,78150,9
13.0196304321,80.2244110107,78150,78172,22
13.0196304321,80.2244110107,78172,78182,10
13.0197401047,80.2244491577,78182,78192,10
13.0197896957,80.2245025635,78192,78202,10
13.0198898315,80.2245788574,78202,78212,10
13.0206203461,80.225112915,78212,78505,293
13.0206203461,80.225112915,78505,78515,10
13.0207796097,80.2252731323,78515,78525,10
13.0211801529,80.2256088257,78525,78535,10
13.0216903687,80.2259902954,78535,78545,10
13.0222997665,80.2265014648,78545,78554,9
13.0229196548,80.2270431519,78554,78565,11
13.0236701965,80.2276916504,78565,78577,12
13.0241603851,80.228187561,78577,78587,10
13.0243902206,80.2284469604,78587,78597,10
13.0242395401,80.2285690308,78597,78607,10
13.0240097046,80.2282791138,78607,78617,10
13.0236196518,80.2278671265,78617,78627,10
13.0230197906,80.2273483276,78627,78678,51
13.0230197906,80.2273483276,78678,78688,10
13.0227804184,80.2271575928,78688,78698,10
13.0224504471,80.2267990112,78698,78708,10
13.0219097137,80.226348877,78708,78718,10
13.0213403702,80.2258987427,78718,78728,10
13.0207300186,80.225440979,78728,78738,10
13.020070076,80.2249984741,78738,78748,10
13.0194997787,80.2246398926,78748,78758,10
13.0187797546,80.2245483398,78758,78768,10
13.0180301666,80.2248306274,78768,78778,10
13.0172996521,80.2251281738,78778,78789,11
13.016579628,80.2254180908,78789,78799,10
13.0160703659,80.2256011963,78799,78809,10
13.0154800415,80.2258071899,78809,78819,10
13.0149202347,80.2260513306,78819,78829,10
13.0142002106,80.2263031006,78829,78859,30
13.0142002106,80.2263031006,78859,78869,10
13.0139703751,80.2264022827,78869,78879,10
13.013420105,80.2266082764,78879,78890,11
13.0125904083,80.2269287109,78890,78900,10
13.0117301941,80.2272720337,78900,78910,10
13.0108098984,80.2276077271,78910,78920,10
13.0099496841,80.2279281616,78920,78930,10
13.0095596313,80.2279815674,78930,78980,50
13.0095596313,80.2279815674,78980,78991,11
13.0094604492,80.227722168,78991,79001,10
13.0096597672,80.2272109985,79001,79011,10
13.0099897385,80.2264633179,79011,79021,10
13.0102996826,80.2256469727,79021,79031,10
13.0106496811,80.2248916626,79031,79041,10
13.010890007,80.2241287231,79041,79051,10
13.0111103058,80.2234191895,79051,79061,10
13.0110197067,80.2230911255,79061,79071,10
13.0102396011,80.2227630615,79071,79092,21
13.0102396011,80.2227630615,79092,79102,10
13.0099201202,80.2225570679,79102,79112,10
13.0093698502,80.2222595215,79112,79122,10
13.0089302063,80.2220001221,79122,79132,10
13.0083703995,80.2216873169,79132,79142,10
13.0076904297,80.221321106,79142,79152,10
13.0069599152,80.2209320068,79152,79162,10
13.0062198639,80.2206420898,79162,79172,10
13.0054101944,80.220451355,79172,79182,10
13.0047397614,80.2202835083,79182,79189,7
13.004529953,80.2202224731,79189,79203,14
13.0042495728,80.2201690674,79203,79213,10
13.0037097931,80.2200622559,79213,79223,10
13.0030403137,80.2199020386,79223,79230,7
13.0025396347,80.2196578979,79230,79243,13
13.0019197464,80.2190475464,79243,79253,10
13.0014400482,80.2185974121,79253,79263,10
13.0007896423,80.2181472778,79263,79273,10
13.0001602173,80.2177429199,79273,79283,10
12.9995002747,80.2173309326,79283,79293,10
12.998840332,80.2169799805,79293,79304,11
12.9979600906,80.2166137695,79304,79314,10
12.9972400665,80.2165374756,79314,79334,20
12.9972400665,80.2165374756,79334,79344,10
12.9969501495,80.2165374756,79344,79354,10
12.9963798523,80.2166213989,79354,79364,10
12.9956903458,80.2167816162,79364,79374,10
12.995010376,80.2171096802,79374,79384,10
12.9945201874,80.2174301147,79384,79394,10
12.9940099716,80.2178192139,79394,79404,10
12.9934597015,80.2182006836,79404,79414,10
12.9928598404,80.2186584473,79414,79424,10
12.9922399521,80.2191314697,79424,79434,10
12.9916801453,80.2195663452,79434,79444,10
12.9912595749,80.2198410034,79444,79454,10
12.9907503128,80.2202224731,79454,79475,21
12.9907503128,80.2202224731,79475,79485,10
12.9907302856,80.2202529907,79485,79495,10
12.99036026,80.2205200195,79495,79505,10
12.9898796082,80.2209320068,79505,79515,10
12.9894304276,80.2214279175,79515,79525,10
12.9890899658,80.2218933105,79525,79535,10
12.9886198044,80.2224273682,79535,79545,10
12.9882097244,80.2227630615,79545,79555,10
12.9875402451,80.2230987549,79555,79575,20
12.9875402451,80.2230987549,79575,79585,10
12.9873399734,80.2230911255,79585,79595,10
12.9870300293,80.2230834961,79595,79605,10
12.9865903854,80.2229919434,79605,79618,13
12.98595047,80.2229919434,79618,79628,10
12.9855699539,80.2231369019,79628,79638,10
12.9852895737,80.2232971191,79638,79648,10
12.9847803116,80.2231521606,79648,79658,10
12.9842596054,80.2228622437,79658,79668,10
12.9837703705,80.2225875854,79668,79678,10
12.9833297729,80.222328186,79678,79688,10
12.9830999374,80.2221679688,79688,79708,20
12.9830999374,80.2221679688,79708,79719,11
12.9828300476,80.222038269,79719,79729,10
12.9823598862,80.2218704224,79729,79739,10
12.9817895889,80.2215805054,79739,79749,10
12.9812097549,80.2212219238,79749,79759,10
12.9805803299,80.2210998535,79759,79769,10
12.9800395966,80.2211227417,79769,79779,10
12.9794998169,80.2211532593,79779,79789,10
12.9789104462,80.2211837769,79789,79799,10
12.9781999588,80.2212295532,79799,79809,10
12.9774799347,80.2212371826,79809,79819,10
12.9766998291,80.2212524414,79819,79830,11
12.9760599136,80.2212982178,79830,79840,10
12.9756498337,80.2211227417,79840,79880,40
12.9756498337,80.2211227417,79880,79890,10
12.9756097794,80.2210388184,79890,79900,10
12.9753599167,80.2208328247,79900,79910,10
12.9749498367,80.2206497192,79910,79920,10
12.9743700027,80.2203903198,79920,79931,11
12.9736795425,80.2201385498,79931,79941,10
12.972990036,80.2198562622,79941,79951,10
12.9722604752,80.2195663452,79951,79961,10
12.9716100693,80.2193222046,79961,79971,10
12.9710102081,80.2191085815,79971,79991,20
12.9710102081,80.2191085815,79991,80001,10
12.970749855,80.2189865112,80001,80011,10
12.9702596664,80.2187728882,80011,80020,9
12.9697399139,80.2185592651,80020,80032,12
12.9689998627,80.2182693481,80032,80042,10
12.9683704376,80.2180328369,80042,80052,10
12.9677495956,80.2177810669,80052,80062,10
12.9671697617,80.2175674438,80062,80072,10
12.9667396545,80.2174072266,80072,80203,131
12.9667396545,80.2174072266,80203,80213,10
12.9665203094,80.2173233032,80213,80223,10
12.965880394,80.217048645,80223,80233,10
12.9650802612,80.2167282104,80233,80244,11
12.9642095566,80.2163772583,80244,80254,10
12.9635601044,80.2160873413,80254,80264,10
12.96296978,80.2158126831,80264,80274,10
12.9627799988,80.2157287598,80274,80284,10
12.9625902176,80.2156295776,80284,80294,10
12.9620504379,80.2154388428,80294,80304,10
12.9613399506,80.2151794434,80304,80314,10
12.9605903625,80.2148895264,80314,80324,10
12.9598197937,80.2145767212,80324,80334,10
12.9589996338,80.2142486572,80334,80345,11
12.9579896927,80.2138519287,80345,80355,10
12.9571895599,80.213508606,80355,80365,10
12.9563302994,80.2131576538,80365,80375,10
12.9554004669,80.2128219604,80375,80385,10
12.954460144,80.2124481201,80385,80395,10
12.9538097382,80.2121963501,80395,80405,10
12.953789711,80.2121810913,80405,80415,10
12.9537801743,80.2121505737,80415,80425,10
12.9533700943,80.2119827271,80425,80435,10
12.9526796341,80.211730957,80435,80445,10
12.9518604279,80.2114334106,80445,80455,10
12.9510002136,80.211151123,80455,80465,10
12.9500799179,80.2108078003,80465,80475,10
12.949139595,80.2104568481,80475,80486,11
12.9486103058,80.2102508545,80486,80496,10
12.9485998154,80.2102508545,80496,80506,10
12.948340416,80.2101593018,80506,80516,10
12.9477996826,80.2099761963,80516,80526,10
12.9470996857,80.2096862793,80526,80536,10
12.9464101791,80.2093963623,80536,80545,9
12.9458398819,80.2091598511,80545,80556,11
12.9451503754,80.2087936401,80556,80566,10
12.9441204071,80.208366394,80566,80586,20
12.9441204071,80.208366394,80586,80596,10
12.9439001083,80.2082901001,80596,80606,10
12.9433803558,80.2080535889,80606,80616,10
12.9428701401,80.2075881958,80616,80626,10
12.9423904419,80.2070236206,80626,80636,10
12.9417495728,80.2064819336,80636,80646,10
12.9411001205,80.2060699463,80646,80659,13
12.9409704208,80.2060089111,80659,80669,10
12.9408397675,80.2059707642,80669,80679,10
12.9404001236,80.2058029175,80679,80689,10
12.9398403168,80.2056427002,80689,80699,10
12.939160347,80.2054367065,80699,80709,10
12.9384803772,80.2052230835,80709,80719,10
12.9378404617,80.205039978,80719,80729,10
12.9371004105,80.2048416138,80729,80739,10
12.9363298416,80.2045974731,80739,80749,10
12.9357004166,80.2044219971,80749,80760,11
12.9349403381,80.2040710449,80760,80770,10
12.9336500168,80.2039108276,80770,80790,20
12.9336500168,80.2039108276,80790,80800,10
12.9334897995,80.2038726807,80800,80810,10
12.9330596924,80.203742981,80810,80820,10
12.9324703217,80.2035293579,80820,80830,10
12.9318504333,80.2033309937,80830,80840,10
12.9312095642,80.2031173706,80840,80850,10
12.9305696487,80.2029266357,80850,80861,11
12.9293699265,80.2027893066,80861,80881,20
12.9293699265,80.2027893066,80881,80891,10
12.9292402267,80.2027206421,80891,80901,10
12.9287595749,80.2026901245,80901,80911,10
12.9284801483,80.2023162842,80911,80921,10
12.9284496307,80.2015380859,80921,80931,10
12.9284296036,80.2007675171,80931,80941,10
12.9283704758,80.1999816895,80941,80951,10
12.9281702042,80.1993484497,80951,80961,10
12.9278402328,80.198677063,80961,80972,11
12.927280426,80.1980285645,80972,80982,10
12.9266004562,80.1976776123,80982,80992,10
12.9261703491,80.197593689,80992,81002,10
12.9261598587,80.1975784302,81002,81012,10
12.9258499146,80.197517395,81012,81022,10
12.9254703522,80.1975326538,81022,81032,10
12.9251804352,80.197517395,81032,81042,10
12.9246101379,80.197517395,81042,81052,10
12.923910141,80.1975021362,81052,81062,10
12.9231796265,80.1974411011,81062,81073,11
12.9218797684,80.1972503662,81073,81093,20
12.9218797684,80.1972503662,81093,81103,10
12.9216499329,80.1971817017,81103,81113,10
12.9211702347,80.1969985962,81113,81123,10
12.9206600189,80.1968307495,81123,81133,10
12.9201002121,80.196647644,81133,81143,10
12.919549942,80.1964416504,81143,81153,10
12.9190502167,80.1960830688,81153,81163,10
12.9186697006,80.1957702637,81163,81174,11
12.9182100296,80.1953430176,81174,81184,10
12.9176197052,80.1948471069,81184,81194,10
12.9172000885,80.1943817139,81194,81204,10
12.9170103073,80.1940002441,81204,81214,10
12.9169597626,80.1935424805,81214,81224,10
12.916970253,80.1934127808,81224,81234,10
12.9169797897,80.193359375,81234,81244,10
12.9170303345,80.1929702759,81244,81254,10
12.917090416,80.1924972534,81254,81264,10
12.9168701172,80.1923522949,81264,81275,11
12.9166002274,80.1923599243,81275,81335,60
12.9166002274,80.1923599243,81335,81345,10
12.9164104462,80.1923294067,81345,81355,10
12.9158802032,80.1922912598,81355,81365,10
12.915309906,80.1922531128,81365,81375,10
12.9146003723,80.192237854,81375,81466,91
12.9146003723,80.192237854,81466,81476,10
12.9144897461,80.1922073364,81476,81486,10
12.9140300751,80.1921615601,81486,81497,11
12.9132404327,80.1920471191,81497,81507,10
12.9124498367,80.1919631958,81507,81517,10
12.911649704,80.1918716431,81517,81527,10
12.9108400345,80.1917724609,81527,81537,10
12.9100799561,80.19165802,81537,81547,10
12.9096002579,80.1913986206,81547,81567,20
12.9096002579,80.1913986206,81567,81577,10
12.9092998505,80.1911468506,81577,81589,12
12.9086399078,80.1906585693,81589,81599,10
12.908080101,80.1902389526,81599,81609,10
12.9074296951,80.1897506714,81609,81617,8
12.9069099426,80.1893386841,81617,81629,12
12.9060897827,80.1887817383,81629,81659,30
12.9060897827,80.1887817383,81659,81669,10
12.9058198929,80.1886062622,81669,81679,10
12.9053697586,80.188331604,81679,81689,10
12.904800415,80.1879425049,81689,81700,11
12.904129982,80.1874923706,81700,81710,10
12.9039802551,80.1868362427,81710,81720,10
12.904009819,80.1860427856,81720,81730,10
12.9040498734,80.1851806641,81730,81740,10
12.903840065,80.1846313477,81740,81750,10
12.9032201767,80.184463501,81750,81760,10
12.9024600983,80.1842422485,81760,81770,10
12.9017000198,80.1840286255,81770,81780,10
12.9010801315,80.1838302612,81780,81790,10
12.9005002975,80.1836090088,81790,81801,11
12.8998804092,80.1833114624,81801,81811,10
12.8995304108,80.1831283569,81811,81821,10
12.8991498947,80.1829376221,81821,81831,10
12.8985700607,80.1826400757,81831,81841,10
12.8979101181,80.1822967529,81841,81851,10
12.897480011,80.1822128296,81851,81871,20
12.897480011,80.1822128296,81871,81881,10
12.8973798752,80.1822280884,81881,81891,10
12.8969602585,80.1823730469,81891,81902,11
12.8962802887,80.1825866699,81902,81912,10
12.8956003189,80.1828231812,81912,81920,8
12.8950796127,80.1829986572,81920,81932,12
12.8943300247,80.1832580566,81932,81942,10
12.8937101364,80.1834564209,81942,81952,10
12.8932600021,80.1836166382,81952,81972,20
12.8932600021,80.1836166382,81972,81982,10
12.8929796219,80.1837005615,81982,81992,10
12.8923997879,80.1838912964,81992,82003,11
12.891579628,80.1841583252,82003,82013,10
12.8908004761,80.1844177246,82013,82023,10
12.8902702332,80.1845932007,82023,82033,10
12.8902301788,80.1846008301,82033,82043,10
12.8900499344,80.1846084595,82043,82053,10
12.88945961,80.1845626831,82053,82063,10
12.8886804581,80.1844711304,82063,82073,10
12.8879003525,80.1843719482,82073,82083,10
12.8872804642,80.1842803955,82083,82093,10
12.8872299194,80.1842575073,82093,82104,11
12.8869695663,80.184387207,82104,82114,10
12.8869400024,80.1846313477,82114,82124,10
12.8867902756,80.1852493286,82124,82134,10
12.8866100311,80.186088562,82134,82144,10
12.8864898682,80.186920166,82144,82154,10
12.8863697052,80.1878433228,82154,82164,10
12.8861503601,80.1889877319,82164,82184,20
12.8861503601,80.1889877319,82184,82194,10
12.8860702515,80.1890792847,82194,82204,10
12.8857402802,80.1894607544,82204,82215,11
12.8853302002,80.1898803711,82215,82225,10
12.8850498199,80.1899337769,82225,82235,10
12.8845901489,80.1899185181,82235,82245,10
12.8842496872,80.1899185181,82245,82255,10
12.8840799332,80.1899337769,82255,82265,10
12.8835201263,80.1899414063,82265,82275,10
12.8830499649,80.1901397705,82275,82285,10
12.882900238,80.1904067993,82285,82295,10
12.8826303482,80.1910171509,82295,82305,10
12.8823299408,80.1917266846,82305,82316,11
12.8817796707,80.1924591064,82316,82336,20
12.8817796707,80.1924591064,82336,82346,10
12.8817396164,80.1924591064,82346,82355,9
12.881360054,80.192489624,82355,82366,11
12.8808298111,80.1924972534,82366,82376,10
12.8804702759,80.1925506592,82376,82387,11
12.87981987,80.1925582886,82387,82396,9
12.8785600662,80.1927719116,82396,82417,21
12.8785600662,80.1927719116,82417,82427,10
12.8782596588,80.1928634644,82427,82437,10
12.877790451,80.1928634644,82437,82447,10
12.8770599365,80.1925888062,82447,82457,10
12.8761796951,80.1922988892,82457,82467,10
12.8752002716,80.1921310425,82467,82477,10
12.8741998672,80.1920166016,82477,82487,10
12.8732204437,80.1920089722,82487,82498,11
12.872179985,80.19190979,82498,82507,9
12.8719501495,80.1918792725,82507,82517,10
12.8714599609,80.1918029785,82517,82530,13
12.8704204559,80.191619873,82530,82540,10
12.8695602417,80.1914596558,82540,82550,10
12.8685998917,80.1912765503,82550,82560,10
12.8675899506,80.191116333,82560,82570,10
12.8666296005,80.1912231445,82570,82580,10
12.8658895493,80.1912994385,82580,82590,10
12.8651504517,80.1912689209,82590,82600,10
12.8642101288,80.1912231445,82600,82610,10
12.8634500504,80.1912612915,82610,82617,7
12.8629999161,80.1912612915,82617,82631,14
12.8623304367,80.1913070679,82631,82641,10
12.8621501923,80.1914291382,82641,82651,10
12.8621501923,80.1914367676,82651,82661,10
12.862159729,80.1914596558,82661,82671,10
12.8621397018,80.1916427612,82671,82681,10
12.8620595932,80.1920776367,82681,82691,10
12.8619804382,80.192489624,82691,82701,10
12.8616800308,80.1928787231,82701,82711,10
12.8612298965,80.1930618286,82711,82721,10
12.8606996536,80.1932907104,82721,82732,11
12.8603401184,80.1937484741,82732,82742,10
12.8599500656,80.1943664551,82742,82752,10
12.8597202301,80.1951522827,82752,82762,10
12.8594999313,80.1958999634,82762,82772,10
12.8593397141,80.1966018677,82772,82782,10
12.8592195511,80.1973190308,82782,82792,10
12.8590698242,80.1979064941,82792,82802,10
12.8589696884,80.198387146,82802,82812,10
12.8588695526,80.1987915039,82812,82822,10
12.8588104248,80.1991424561,82822,82833,11
12.858710289,80.1996536255,82833,82843,10
12.8586797714,80.1997833252,82843,82853,10
12.8586597443,80.199798584,82853,82863,10
12.858420372,80.1998672485,82863,82873,10
12.8580703735,80.1998596191,82873,82883,10
12.8574304581,80.199798584,82883,82893,10
12.8567399979,80.19972229,82893,82903,10
12.8562202454,80.1996688843,82903,83004,101
12.8561601639,80.1996383667,83004,83024,20
12.8561601639,80.1996383667,83024,83034,10
12.8560695648,80.1996307373,83034,83045,11
12.8559303284,80.1996307373,83045,83055,10
12.8557300568,80.1996231079,83055,83065,10
12.8552503586,80.1995162964,83065,83075,10
12.8545999527,80.19947052,83075,83085,10
12.8538599014,80.199432373,83085,83095,10
12.8532800674,80.1994934082,83095,83105,10
12.8531198502,80.1995010376,83105,83115,10
12.8525104523,80.1995162964,83115,83125,10
12.8517503738,80.1995620728,83125,83135,10
12.8510303497,80.1996078491,83135,83146,11
12.8501501083,80.1996917725,83146,83156,10
12.8492097855,80.1997909546,83156,83166,10
12.8482198715,80.1998901367,83166,83176,10
12.847410202,80.1999969482,83176,83186,10
12.8471498489,80.2000274658,83186,83196,10
12.8469696045,80.200050354,83196,83206,10
12.846739769,80.2000808716,83206,83216,10
12.846329689,80.2001190186,83216,83226,10
12.8458404541,80.2001800537,83226,83237,11
12.8452596664,80.2002410889,83237,83247,10
12.8447999954,80.2002792358,83247,83257,10
12.8443098068,80.2003326416,83257,83267,10
12.8438997269,80.2003479004,83267,83277,10
12.8435401917,80.2004013062,83277,83288,11
12.8429403305,80.2005004883,83288,83298,10
12.8425598145,80.2005386353,83298,83308,10
12.8420801163,80.2006225586,83308,83318,10
12.8413801193,80.2007064819,83318,83329,11
12.8406801224,80.2007980347,83329,83338,9
12.8404502869,80.2008285522,83338,83347,9
12.8400096893,80.200881958,83347,83358,11
12.8395795822,80.2009429932,83358,83368,10
12.8388595581,80.2010269165,83368,83378,10
12.8380203247,80.2011413574,83378,83388,10
12.8371896744,80.2012481689,83388,83398,10
12.8363704681,80.2013397217,83398,83408,10
12.8355903625,80.201210022,83408,83418,10
12.8352203369,80.2009124756,83418,83428,10
12.8349399567,80.2004699707,83428,83438,10
12.8347501755,80.1996994019,83438,83448,10
12.8346004486,80.1987686157,83448,83461,13
12.8343400955,80.1974411011,83461,83469,8
12.8342103958,80.1967773438,83469,83482,13
12.8338899612,80.195930481,83482,83492,10
12.8331003189,80.1956863403,83492,83502,10
12.832110405,80.1954116821,83502,83512,10
12.8310699463,80.1951599121,83512,83522,10
12.8300104141,80.1949234009,83522,83532,10
12.8289499283,80.1946792603,83532,83542,10
12.8279304504,80.1944580078,83542,83552,10
12.826880455,80.194229126,83552,83563,11
12.8257703781,80.1939697266,83563,83573,10
12.8249702454,80.1940612793,83573,83583,10
12.8245201111,80.1944885254,83583,83593,10
12.8243703842,80.1951065063,83593,83603,10
12.8241500854,80.1957473755,83603,83613,10
12.8238401413,80.1965789795,83613,83623,10
12.8231601715,80.1970596313,83623,83633,10
12.822719574,80.1976776123,83633,83643,10
12.8224802017,80.1985473633,83643,83653,10
12.822019577,80.1991424561,83653,83664,11
12.8216495514,80.1997528076,83664,83674,10
12.8214502335,80.200378418,83674,83684,10
12.8214101791,80.2008590698,83684,83694,10
12.8213500977,80.2014007568,83694,83702,8
12.8213195801,80.2019805908,83702,83714,12
12.8213300705,80.2029495239,83714,83724,10
12.8213195801,80.2036437988,83724,83734,10
12.8210401535,80.2037277222,83734,83744,10
12.8204898834,80.2036972046,83744,83754,10
12.8200397491,80.2033615112,83754,83763,9
12.8196601868,80.2034072876,83763,83775,12
12.8195199966,80.2034225464,83775,83785,10
12.8191604614,80.2034225464,83785,83795,10
12.8186597824,80.2035217285,83795,83805,10
12.8182601929,80.2037963867,83805,83815,10
12.8178396225,80.2041625977,83815,83825,10
12.8174600601,80.204460144,83825,83835,10
12.817029953,80.2046890259,83835,83845,10
12.8163499832,80.2047729492,83845,83855,10
12.8156900406,80.205039978,83855,83864,9
12.8152599335,80.2051773071,83864,83876,12
12.8147497177,80.2050476074,83876,83896,20
12.8147497177,80.2050476074,83896,83906,10
12.8145198822,80.2049484253,83906,83916,10
12.8140602112,80.2048110962,83916,83926,10
12.8135995865,80.2049026489,83926,83936,10
12.8130102158,80.2050704956,83936,83946,10
12.8122596741,80.2049179077,83946,84037,91
12.8122596741,80.2049179077,84037,84047,10
12.8122196198,80.2049179077,84047,84057,10
12.8118600845,80.204826355,84057,84067,10
12.8113603592,80.2046432495,84067,84077,10
12.8110198975,80.2043685913,84077,84087,10
12.8111200333,80.2038726807,84087,84097,10
12.8109102249,80.2032928467,84097,84107,10
12.810669899,80.2030181885,84107,84117,10
12.810379982,80.2026367188,84117,84128,11
12.8098297119,80.2019882202,84128,84138,10
12.809419632,80.2014465332,84138,84148,10
12.8090000153,80.2009429932,84148,84158,10
12.8084201813,80.2004165649,84158,84168,10
12.8079099655,80.2002487183,84168,84179,11
12.807510376,80.2006607056,84179,84189,10
12.8071804047,80.200958252,84189,84199,10
12.8065395355,80.2007522583,84199,84209,10
12.806189537,80.200630188,84209,84229,20
12.806189537,80.200630188,84229,84240,11
12.8060503006,80.2005996704,84240,84249,9
12.8056898117,80.2005996704,84249,84259,10
12.8050498962,80.2004928589,84259,84269,10
12.8042802811,80.2002563477,84269,84279,10
12.8035001755,80.1999588013,84279,84291,12
12.8023796082,80.19947052,84291,84301,10
12.8014001846,80.1989212036,84301,84311,10
12.8005599976,80.1984329224,84311,84321,10
12.7999696732,80.1981124878,84321,84331,10
12.7996101379,80.1979370117,84331,84341,10
12.7994003296,80.1982498169,84341,84351,10
12.7989797592,80.1988677979,84351,84361,10
12.7985200882,80.1996917725,84361,84371,10
12.7980899811,80.2006835938,84371,84381,10
12.7976303101,80.2017593384,84381,84392,11
12.7970695496,80.2030715942,84392,84402,10
12.7965698242,80.204208374,84402,84412,10
12.7960700989,80.205329895,84412,84422,10
12.7955598831,80.2064819336,84422,84432,10
12.7950496674,80.2076187134,84432,84442,10
12.7945299149,80.2088012695,84442,84452,10
12.7940301895,80.2099533081,84452,84462,10
12.7936496735,80.211151123,84462,84472,10
12.7933998108,80.2123336792,84472,84482,10
12.7931203842,80.2135620117,84482,84493,11
12.7927904129,80.2150115967,84493,84503,10
12.7925100327,80.2162399292,84503,84513,10
12.7922000885,80.2172927856,84513,84523,10
12.7917604446,80.2181167603,84523,84533,10
12.7912797928,80.2189178467,84533,84543,10
12.7908000946,80.2197189331,84543,84553,10
12.7902297974,80.2206268311,84553,84563,10
12.7897901535,80.2213516235,84563,84573,10
12.7894296646,80.2216186523,84573,84583,10
12.7888097763,80.2213897705,84583,84593,10
12.7880296707,80.2210922241,84593,84604,11
12.7872896194,80.2208175659,84604,84614,10
12.7866401672,80.2205734253,84614,84624,10
12.786190033,80.2203979492,84624,84634,10
12.7861404419,80.2206115723,84634,84644,10
12.7861700058,80.2210922241,84644,84654,10
12.7862195969,80.2214889526,84654,84664,10
12.7860803604,80.2220306396,84664,84694,30
12.7860803604,80.2220306396,84694,84705,11
12.7862300873,80.2220535278,84705,84715,10
