13.0141401291,80.2256393433,19,7160,7141
13.0141000748,80.2257003784,7160,7847,687
13.0141496658,80.2257614136,7847,17929,10082
13.0141496658,80.2257614136,17929,17939,10
13.014289856,80.2257232666,17939,18050,111
13.0142498016,80.2256393433,18050,18607,557
13.0142402649,80.2258300781,18607,18862,255
13.0142402649,80.2258300781,18862,18872,10
13.0142002106,80.2257232666,18872,19755,883
13.0143499374,80.2255096436,19755,19846,91
13.0143299103,80.2257537842,19846,19856,10
13.0143299103,80.2257614136,19856,19987,131
13.0143299103,80.2257614136,19987,19997,10
13.0142402649,80.2259521484,19997,21133,1136
13.0142402649,80.2259521484,21133,21143,10
13.0142002106,80.2260437012,21143,21151,8
13.0142097473,80.2260818481,21151,21163,12
13.0142202377,80.2262496948,21163,21173,10
13.0139198303,80.2264099121,21173,21183,10
13.0134496689,80.2265701294,21183,21194,11
13.0127696991,80.2268066406,21194,21204,10
13.0120401382,80.2270812988,21204,21214,10
13.0112400055,80.2273864746,21214,21224,10
13.0104904175,80.2276916504,21224,21234,10
13.0096998215,80.2278594971,21234,21243,9
13.0095996857,80.2274398804,21243,21254,11
13.0099201202,80.2267379761,21254,21264,10
13.0102500916,80.226020813,21264,21274,10
13.0105199814,80.2253799438,21274,21285,11
13.0108203888,80.2247009277,21285,21295,10
13.0111198425,80.2239837646,21295,21304,9
13.0114002228,80.2232666016,21304,21315,11
13.0117502213,80.2222824097,21315,21325,10
13.0120801926,80.2214126587,21325,21335,10
13.0120401382,80.2207183838,21335,21345,10
13.0117902756,80.2199935913,21345,21355,10
13.0115299225,80.2192230225,21355,21365,10
13.0112800598,80.218460083,21365,21376,11
13.0109701157,80.2176208496,21376,21386,10
13.0106401443,80.2168426514,21386,21396,10
13.0103197098,80.216217041,21396,21406,10
13.0100097656,80.2155685425,21406,21416,10
13.0096302032,80.2149276733,21416,21426,10
13.0091600418,80.2143630981,21426,21436,10
13.0085897446,80.2136306763,21436,21446,10
13.0080099106,80.2132568359,21446,21466,20
13.0080099106,80.2132568359,21466,21477,11
13.007900238,80.2131576538,21477,21487,10
13.0076198578,80.2129364014,21487,21497,10
13.007109642,80.2128067017,21497,21507,10
13.0064401627,80.2127685547,21507,21517,10
13.0058298111,80.2130126953,21517,21527,10
13.0051298141,80.2126235962,21527,21536,9
13.0045204163,80.2122573853,21536,21548,12
13.0034999847,80.2120819092,21548,21559,11
13.0027303696,80.2121124268,21559,21570,11
13.0020103455,80.2124023438,21570,21580,10
13.0013904572,80.212852478,21580,21590,10
13.0007400513,80.2133407593,21590,21600,10
13.0001802444,80.2138824463,21600,21610,10
12.9997901917,80.2142410278,21610,21620,10
12.9993495941,80.214630127,21620,21630,10
12.9990701675,80.214881897,21630,21640,10
12.9986400604,80.2152099609,21640,21650,10
12.9980297089,80.2157669067,21650,21660,10
12.9975004196,80.2162399292,21660,21671,11
12.9971103668,80.216506958,21671,21691,20
12.995759964,80.2167205811,21691,21703,12
12.9948797226,80.2172012329,21703,21711,8
12.9944400787,80.2175064087,21711,21723,12
12.9939403534,80.2178421021,21723,21732,9
12.9934396744,80.2181777954,21732,21743,11
12.9926300049,80.2187805176,21743,21753,10
12.9917802811,80.2193984985,21753,21763,10
12.9909095764,80.2200622559,21763,21774,11
12.9900197983,80.2208023071,21774,21783,9
12.9894504547,80.2214736938,21783,21793,10
12.9887399673,80.2223205566,21793,21803,10
12.9880199432,80.2229537964,21803,21814,11
12.9871797562,80.2230834961,21814,21824,10
12.9865903854,80.2229690552,21824,21834,10
12.9857196808,80.2230224609,21834,21844,10
12.9853801727,80.2232971191,21844,21854,10
12.9847602844,80.2230834961,21854,21865,11
12.9840898514,80.2226791382,21865,21875,10
12.983420372,80.2222671509,21875,21884,9
12.9832296371,80.2221603394,21884,21895,11
12.9830703735,80.2220611572,21895,21905,10
12.98279953,80.2219467163,21905,21915,10
12.982460022,80.2218475342,21915,21925,10
12.9820098877,80.2216873169,21925,21934,9
12.9814901352,80.2212905884,21934,21945,11
12.9807796478,80.2210464478,21945,21956,11
12.9798202515,80.2211227417,21956,21966,10
12.9787197113,80.2211837769,21966,21976,10
12.9776201248,80.2212295532,21976,21986,10
12.9760904312,80.2212982178,21986,21996,10
12.9757204056,80.2211227417,21996,22006,10
12.9757204056,80.2211227417,22006,22016,10
12.9756298065,80.2210464478,22016,22026,10
12.9754600525,80.2208786011,22026,22036,10
12.9749603271,80.2205810547,22036,22046,10
12.9742298126,80.2202835083,22046,22057,11
12.9732904434,80.219909668,22057,22067,10
12.9722995758,80.2195205688,22067,22077,10
12.971329689,80.2191467285,22077,22087,10
12.9702796936,80.2187423706,22087,22097,10
12.9692802429,80.2183227539,22097,22107,10
12.9683799744,80.2179794312,22107,22117,10
12.9675798416,80.2176589966,22117,22127,10
12.9666900635,80.217300415,22127,22137,10
12.9657297134,80.2169189453,22137,22147,10
12.9646997452,80.216506958,22147,22158,11
12.9637699127,80.2161178589,22158,22168,10
12.9628200531,80.2157363892,22168,22188,20
12.9628200531,80.2157363892,22188,22198,10
12.9625997543,80.2156524658,22198,22208,10
12.9620199203,80.2154083252,22208,22218,10
12.9612197876,80.2150878906,22218,22228,10
12.9602003098,80.2146987915,22228,22238,10
12.9591302872,80.2142715454,22238,22248,10
12.9580602646,80.2138366699,22248,22259,11
12.9568796158,80.2133636475,22259,22269,10
12.9558000565,80.2129516602,22269,22279,10
12.9547100067,80.2125320435,22279,22288,9
12.9537200928,80.2121429443,22288,22300,12
12.9524202347,80.2116088867,22300,22310,10
12.9513502121,80.2111816406,22310,22320,10
12.9503002167,80.2107696533,22320,22330,10
12.9493303299,80.2103805542,22330,22340,10
12.9483995438,80.2100219727,22340,22350,10
12.9473800659,80.2096099854,22350,22361,11
12.9461402893,80.2091217041,22361,22371,10
12.9449796677,80.2086486816,22371,22379,8
12.944149971,80.2083282471,22379,22390,11
12.9430999756,80.2078399658,22390,22402,12
12.9424600601,80.207069397,22402,22410,8
12.9416704178,80.206413269,22410,22422,12
12.9407701492,80.2058868408,22422,22432,10
12.9397802353,80.2055892944,22432,22442,10
12.9388599396,80.2053070068,22442,22453,11
12.9377202988,80.2049789429,22453,22463,10
12.936630249,80.2046737671,22463,22473,10
12.9356203079,80.2043762207,22473,22483,10
12.934679985,80.2039871216,22483,22493,10
12.9336996078,80.2039108276,22493,22503,10
12.9326400757,80.2035827637,22503,22513,10
12.9317398071,80.2032775879,22513,22523,10
12.9307203293,80.2029495239,22523,22533,10
12.9298200607,80.202796936,22533,22544,11
12.929479599,80.2027587891,22544,22554,10
12.9292697906,80.2027435303,22554,22564,10
12.928730011,80.2026519775,22564,22574,10
12.9284801483,80.2020263672,22574,22584,10
12.928440094,80.2010116577,22584,22594,10
12.9283504486,80.1998596191,22594,22603,9
12.9280195236,80.1989974976,22603,22614,11
12.9271697998,80.1979370117,22614,22624,10
12.9261903763,80.1975479126,22624,22634,10
12.9254999161,80.197517395,22634,22645,11
12.9251804352,80.1975097656,22645,22655,10
12.9245195389,80.197517395,22655,22665,10
12.9236602783,80.1975021362,22665,22673,8
12.9229602814,80.1974105835,22673,22685,12
12.9217100143,80.1971664429,22685,22695,10
12.9210100174,80.1969223022,22695,22705,10
12.9203500748,80.1966934204,22705,22715,10
12.9196395874,80.1964416504,22715,22725,10
12.9188899994,80.1959228516,22725,22736,11
12.9180202484,80.1951293945,22736,22745,9
12.9173002243,80.194442749,22745,22757,12
12.9169797897,80.1936798096,22757,22767,10
12.9170703888,80.1927719116,22767,22777,10
12.9171800613,80.1921386719,22777,22787,10
12.91726017,80.1914901733,22787,22807,20
12.91726017,80.1914901733,22807,22817,10
12.9173202515,80.1912536621,22817,22828,11
12.9173898697,80.1906814575,22828,22838,10
12.9174098969,80.190322876,22838,22848,10
12.9175395966,80.1897201538,22848,22857,9
12.9178304672,80.1890411377,22857,22868,11
12.9184703827,80.1882400513,22868,22878,10
12.919210434,80.1874237061,22878,22888,10
12.9199800491,80.1865310669,22888,22898,10
12.9205999374,80.1854705811,22898,22908,10
12.9203796387,80.1843414307,22908,22919,11
12.9201002121,80.1831436157,22919,22929,10
12.9199495316,80.1825408936,22929,22938,9
12.9199399948,80.182510376,22938,22949,11
12.9198503494,80.1821212769,22949,22959,10
12.9196796417,80.1813278198,22959,22969,10
12.9194898605,80.1804199219,22969,22979,10
12.9191703796,80.1793670654,22979,22989,10
12.9184999466,80.1784362793,22989,22999,10
12.9182195663,80.1773834229,22999,23010,11
12.9184398651,80.1762313843,23010,23020,10
12.9187202454,80.1751708984,23020,23030,10
12.9189996719,80.174041748,23030,23040,10
12.9192895889,80.1728591919,23040,23050,10
12.9195995331,80.1716766357,23050,23060,10
12.9197998047,80.1709899902,23060,23070,10
12.9198799133,80.170753479,23070,23080,10
12.9200801849,80.1701431274,23080,23090,10
12.9203596115,80.1692504883,23090,23100,10
12.92070961,80.1681594849,23100,23111,11
12.9211101532,80.1669006348,23111,23121,10
12.9214696884,80.165802002,23121,23131,10
12.9218301773,80.1647109985,23131,23141,10
12.9221601486,80.1636199951,23141,23151,10
12.9224996567,80.1625289917,23151,23161,10
12.9228496552,80.1614532471,23161,23171,10
12.923119545,80.1605300903,23171,23187,16
12.9232597351,80.1600723267,23187,23199,12
12.9233999252,80.1591186523,23199,23208,9
12.9234895706,80.1581497192,23208,23220,12
12.9236097336,80.156791687,23220,23229,9
12.9236602783,80.1558685303,23229,23240,11
12.9233903885,80.1549682617,23240,23250,10
12.9233503342,80.1547470093,23250,23260,10
12.9232397079,80.1542205811,23260,23270,10
12.9230298996,80.1534500122,23270,23280,10
12.9227800369,80.1525192261,23280,23290,10
12.922659874,80.1515197754,23290,23300,10
12.9226398468,80.1503677368,23300,23311,11
12.9225797653,80.1490631104,23311,23321,10
12.9225597382,80.1479110718,23321,23331,10
12.9225502014,80.1467590332,23331,23341,10
12.9225301743,80.1455993652,23341,23351,10
12.9224996567,80.1444625854,23351,23361,10
12.9224596024,80.1434173584,23361,23371,10
12.9224395752,80.1430206299,23371,23381,10
12.9224596024,80.1425933838,23381,23391,10
12.9224395752,80.1418380737,23391,23401,10
12.922419548,80.1408920288,23401,23412,11
12.9223899841,80.1396179199,23412,23422,10
12.9224395752,80.1384963989,23422,23432,10
12.9224901199,80.137512207,23432,23442,10
12.9225301743,80.1365966797,23442,23452,10
12.9225597382,80.1356582642,23452,23462,10
12.9225997925,80.1345977783,23462,23472,10
12.9226398468,80.1335220337,23472,23482,10
12.9226799011,80.1326904297,23482,23492,10
12.9227199554,80.1317672729,23492,23502,10
12.9227600098,80.1307830811,23502,23519,17
12.9228401184,80.1292877197,23519,23531,12
12.9229001999,80.1282119751,23531,23541,10
12.9229202271,80.1274414063,23541,23547,6
12.9229202271,80.1266708374,23547,23561,14
12.9230003357,80.1251296997,23561,23571,10
12.92304039,80.1239929199,23571,23581,10
12.9230899811,80.1228408813,23581,23591,10
12.9231300354,80.1217269897,23591,23601,10
12.9231901169,80.1209716797,23601,23612,11
12.9232597351,80.1204605103,23612,23622,10
12.9232597351,80.1204528809,23622,23632,10
12.9232797623,80.1203994751,23632,23655,23
12.9233102798,80.1190490723,23655,23667,12
12.9233798981,80.1180801392,23667,23677,10
12.9234600067,80.1169433594,23677,23697,20
12.9234600067,80.1169433594,23697,23708,11
12.9236097336,80.1168670654,23708,23718,10
12.9235601425,80.1172332764,23718,23728,10
12.9236402512,80.1177902222,23728,23738,10
12.9235601425,80.1185302734,23738,23748,10
12.9234600067,80.1193618774,23748,23758,10
12.9233598709,80.1202011108,23758,23768,10
12.9232997894,80.1208190918,23768,23778,10
12.9233102798,80.1210174561,23778,23788,10
12.9232902527,80.1211624146,23788,23798,10
12.9232702255,80.1213607788,23798,23809,11
12.9232997894,80.121711731,23809,24910,1101
12.9232997894,80.121711731,24910,24920,10
12.9232196808,80.1220703125,24920,24930,10
12.9231996536,80.1226730347,24930,24940,10
12.9231595993,80.1235275269,24940,24950,10
12.9231100082,80.1246109009,24950,24960,10
12.9230699539,80.1255722046,24960,24970,10
12.9230203629,80.1266021729,24970,24980,10
12.9229898453,80.1275405884,24980,24991,11
12.9229602814,80.1282424927,24991,25001,10
12.9229097366,80.1289520264,25001,25011,10
12.9228601456,80.1297836304,25011,25021,10
12.9228401184,80.130607605,25021,25031,10
12.9228200912,80.1313171387,25031,25041,10
12.9228200912,80.1314163208,25041,25051,10
12.9228000641,80.1317977905,25051,25061,10
12.9227600098,80.1324615479,25061,25071,10
12.9227399826,80.1333999634,25071,25081,10
12.9226799011,80.1345291138,25081,25092,11
12.9226198196,80.1356811523,25092,25102,10
12.9225597382,80.1367874146,25102,25112,10
12.9225101471,80.1377563477,25112,25122,10
12.9224500656,80.1387786865,25122,25132,10
12.9224395752,80.1399230957,25132,25142,10
12.9224500656,80.1409683228,25142,25152,10
12.9224796295,80.1420898438,25152,25162,10
12.922539711,80.1429214478,25162,25172,10
12.922539711,80.1433563232,25172,25183,11
12.922539711,80.1433486938,25183,25193,10
12.9224901199,80.1434402466,25193,25203,10
12.922539711,80.143661499,25203,25213,10
12.9225597382,80.1440963745,25213,25223,10
12.9225702286,80.1448669434,25223,25233,10
12.9226303101,80.1458892822,25233,25243,10
12.9226703644,80.1469497681,25243,25253,10
12.922659874,80.1472167969,25253,25263,10
12.9226303101,80.1473007202,25263,25273,10
12.9226503372,80.1477584839,25273,25284,11
12.9226398468,80.1486206055,25284,25294,10
12.9226999283,80.1496429443,25294,25304,10
12.9227199554,80.1508026123,25304,25314,10
12.9227695465,80.1519393921,25314,25324,10
12.9230003357,80.1530838013,25324,25334,10
12.9232902527,80.1541595459,25334,25344,10
12.9234399796,80.1546325684,25344,25354,10
12.9234600067,80.1547164917,25354,25370,16
12.9236803055,80.1556777954,25370,25382,12
12.9237003326,80.1568222046,25382,25393,11
12.9236097336,80.1577224731,25393,25402,9
12.9234800339,80.1591033936,25402,25413,11
12.9233598709,80.1602630615,25413,25423,10
12.9232997894,80.1605072021,25423,25432,9
12.9231595993,80.1609115601,25432,25443,11
12.9229001999,80.1617126465,25443,25453,10
12.9225797653,80.1626586914,25453,25463,10
12.9222297668,80.1637802124,25463,25473,10
12.9218397141,80.1649627686,25473,25484,11
12.9214200974,80.166267395,25484,25494,10
12.9210395813,80.1674575806,25494,25504,10
12.9206800461,80.1686172485,25504,25514,10
12.9203395844,80.1697387695,25514,25524,10
12.9201202393,80.170501709,25524,25534,10
12.9199495316,80.1709976196,25534,25544,10
12.9199304581,80.1710586548,25544,25554,10
12.9198598862,80.1712493896,25554,25564,10
12.9197597504,80.171546936,25564,25574,10
12.9196100235,80.1720428467,25574,25585,11
12.9194002151,80.1728286743,25585,25595,10
12.9191799164,80.1736526489,25595,25605,10
12.9189395905,80.174621582,25605,25615,10
12.9186897278,80.1757278442,25615,25625,10
12.918419838,80.1768569946,25625,25635,10
12.9183797836,80.178062439,25635,25645,10
12.9190502167,80.1790466309,25645,25655,10
12.9194803238,80.1801681519,25655,25665,10
12.9197397232,80.1813964844,25665,25675,10
12.9200201035,80.1826324463,25675,25686,11
12.9202899933,80.1838302612,25686,25696,10
12.920539856,80.1848983765,25696,25706,10
12.9206695557,80.1853485107,25706,25716,10
12.9206800461,80.1854400635,25716,25726,10
12.9206495285,80.185836792,25726,25736,10
12.9202404022,80.186378479,25736,25746,10
12.9197101593,80.18699646,25746,25756,10
12.9190597534,80.18775177,25756,25766,10
12.9183101654,80.188583374,25766,25776,10
12.9177103043,80.1895370483,25776,25787,11
12.9174604416,80.190788269,25787,25797,10
12.9173402786,80.1918487549,25797,25807,10
12.9172096252,80.192741394,25807,25817,10
12.9171695709,80.1930007935,25817,25827,10
12.9171600342,80.1930084229,25827,25837,10
12.917090416,80.1931610107,25837,25847,10
12.9170999527,80.1936798096,25847,25857,10
12.9173603058,80.1943969727,25857,25867,10
12.9180402756,80.19506073,25867,25878,11
12.9189300537,80.1958770752,25878,25888,10
12.9198598862,80.196472168,25888,25898,10
12.9208202362,80.1968078613,25898,25908,10
12.9215803146,80.1970825195,25908,25918,10
12.9224796295,80.197303772,25918,25927,9
12.9230499268,80.1973724365,25927,25938,11
12.923500061,80.1974411011,25938,25948,10
12.9239501953,80.197479248,25948,25958,10
12.9246196747,80.197479248,25958,25968,10
12.9251003265,80.197479248,25968,25979,11
12.9252595901,80.197479248,25979,25989,10
12.9255304337,80.197479248,25989,25999,10
12.9261302948,80.1975097656,25999,26009,10
12.9263696671,80.1975402832,26009,26019,10
12.9266901016,80.1976394653,26019,26029,10
12.9272403717,80.1979293823,26029,26039,10
12.9277601242,80.1984100342,26039,26049,10
12.9281396866,80.1991271973,26049,26059,10
12.928440094,80.2000274658,26059,26069,10
12.9285097122,80.2009811401,26069,26080,11
12.928560257,80.2019424438,26080,26090,10
12.9287900925,80.2026367188,26090,26100,10
12.9295301437,80.2027587891,26100,26110,10
12.9296703339,80.2027587891,26110,26120,10
12.9297304153,80.2027587891,26120,26130,10
12.9301795959,80.2028198242,26130,26140,10
12.9309101105,80.2029571533,26140,26150,10
12.9317703247,80.2032394409,26150,26160,10
12.9327497482,80.2035598755,26160,26170,10
12.9331998825,80.203742981,26170,26181,11
12.9338998795,80.2038726807,26181,26201,20
12.9338998795,80.2038726807,26201,26211,10
12.934009552,80.2038803101,26211,26221,10
12.9344501495,80.203918457,26221,26231,10
12.9351396561,80.2040710449,26231,26241,10
12.9359703064,80.2044219971,26241,26251,10
12.9370002747,80.2047195435,26251,26261,10
12.9380903244,80.2050170898,26261,26271,10
12.9392404556,80.2053833008,26271,26282,11
12.9400396347,80.2056121826,26282,26292,10
12.9401597977,80.2056503296,26292,26302,10
12.9406204224,80.2057800293,26302,26312,10
12.941280365,80.2060699463,26312,26322,10
12.9420204163,80.2065582275,26322,26332,10
12.94272995,80.2072067261,26332,26342,10
12.9432497025,80.207862854,26342,26352,10
12.9440803528,80.2082519531,26352,26362,10
12.9443101883,80.2083282471,26362,26372,10
12.9444503784,80.2083892822,26372,26383,11
12.9449901581,80.2086029053,26383,26399,16
12.9461402893,80.2090377808,26399,26412,13
12.947019577,80.2093887329,26412,26422,10
12.9476804733,80.2096481323,26422,26432,10
12.9482698441,80.2098770142,26432,26442,10
12.9490699768,80.2101898193,26442,26452,10
12.9500999451,80.2105865479,26452,26462,10
12.9513301849,80.2110824585,26462,26472,10
12.9523696899,80.211479187,26472,26483,11
12.953499794,80.2119369507,26483,26492,9
12.9544496536,80.2123184204,26492,26503,11
12.9555196762,80.2127532959,26503,26513,10
12.9567203522,80.2131881714,26513,26523,10
12.9577798843,80.2136230469,26523,26533,10
12.9588403702,80.2140426636,26533,26543,10
12.9598903656,80.2144699097,26543,26553,10
12.9609498978,80.2148971558,26553,26563,10
12.9620304108,80.2153320313,26563,26574,11
12.9631595612,80.2157669067,26574,26584,10
12.9640903473,80.2161636353,26584,26594,10
12.9651203156,80.216583252,26594,26604,10
12.9660997391,80.2169570923,26604,26614,10
12.9669399261,80.217300415,26614,26624,10
12.9676599503,80.2175979614,26624,26634,10
12.9684200287,80.2179031372,26634,26644,10
12.9694795609,80.2182998657,26644,26660,16
12.9709796906,80.2188568115,26660,26672,12
12.9712200165,80.2189407349,26672,26683,11
12.9714202881,80.2189865112,26683,26692,9
12.9719495773,80.2192382813,26692,26703,11
12.972700119,80.219543457,26703,26713,10
12.9735202789,80.219871521,26713,26723,10
12.9744596481,80.2202835083,26723,26733,10
12.9751396179,80.2206192017,26733,26774,41
12.9751396179,80.2206192017,26774,26784,10
12.9752397537,80.2206802368,26784,26794,10
12.9755096436,80.2207489014,26794,26804,10
12.9757995605,80.221031189,26804,26814,10
12.9762001038,80.221206665,26814,26824,10
12.9762296677,80.221206665,26824,26834,10
12.9763097763,80.2212219238,26834,26844,10
12.9766597748,80.2212524414,26844,26854,10
12.9773397446,80.2212371826,26854,26864,10
12.9781398773,80.221206665,26864,26875,11
12.9792203903,80.2211608887,26875,26885,10
12.9800796509,80.2210769653,26885,26895,10
12.9810199738,80.221031189,26895,26905,10
12.9819297791,80.2215270996,26905,26915,10
12.9830102921,80.2219924927,26915,26935,20
12.9830102921,80.2219924927,26935,26945,10
12.9831800461,80.2220611572,26945,26955,10
12.9835796356,80.2223815918,26955,26965,10
12.9842395782,80.2227630615,26965,26976,11
12.9850902557,80.2232131958,26976,26986,10
12.9856004715,80.2230987549,26986,26996,10
12.9862699509,80.2229614258,26996,27006,10
12.9869203568,80.2230224609,27006,27016,10
12.987660408,80.2230834961,27016,27026,10
12.9883804321,80.2226409912,27026,27036,10
12.9890403748,80.2219467163,27036,27046,10
12.9895896912,80.2212677002,27046,27056,10
12.9902296066,80.2205429077,27056,27066,10
12.9904603958,80.2203598022,27066,27077,11
12.9906997681,80.2201766968,27077,27087,10
12.9911403656,80.2198486328,27087,27097,10
12.9917802811,80.2193603516,27097,27107,10
12.9924602509,80.2188796997,27107,27116,9
12.993350029,80.2182388306,27116,27127,11
12.994310379,80.2175521851,27127,27137,10
12.9950199127,80.2170181274,27137,27147,10
12.9957399368,80.2166595459,27147,27157,10
12.9965600967,80.2165222168,27157,27168,11
12.9972200394,80.216468811,27168,27178,10
12.9975795746,80.2161026001,27178,27188,10
12.997590065,80.2160873413,27188,27198,10
12.9978599548,80.2158584595,27198,27208,10
12.998290062,80.2154464722,27208,27218,10
12.9988899231,80.2149429321,27218,27228,10
12.9991998672,80.2146987915,27228,27238,10
12.9995498657,80.2143783569,27238,27248,10
13.0,80.2139892578,27248,27257,9
13.0004701614,80.2135772705,27257,27269,12
13.0012302399,80.2129669189,27269,27279,10
13.001999855,80.2124099731,27279,27289,10
13.0027999878,80.2121124268,27289,27298,9
13.0032196045,80.2120895386,27298,27309,11
13.0035400391,80.212059021,27309,27319,10
13.003950119,80.212020874,27319,27329,10
13.004529953,80.2122268677,27329,27339,10
13.005109787,80.2125473022,27339,27349,10
13.0058002472,80.212928772,27349,27359,10
13.0066204071,80.2127380371,27359,27368,9
13.0078897476,80.2130737305,27368,27390,22
13.0078897476,80.2130737305,27390,27400,10
13.0081300735,80.2132415771,27400,27410,10
13.0086698532,80.2135467529,27410,27420,10
13.0092096329,80.2142562866,27420,27430,10
13.0096998215,80.2149810791,27430,27440,10
13.0102396011,80.215637207,27440,27450,10
13.0107297897,80.2165527344,27450,27460,10
13.0111398697,80.2175521851,27460,27471,11
13.0115995407,80.2188796997,27471,27481,10
13.0120897293,80.2201690674,27481,27491,10
13.0125398636,80.2213592529,27491,27501,10
13.0131797791,80.2222137451,27501,27511,10
13.0136995316,80.222869873,27511,27521,10
13.0142803192,80.2236175537,27521,27531,10
13.0147600174,80.2242584229,27531,27541,10
13.0153398514,80.2249069214,27541,27561,20
13.0153398514,80.2249069214,27561,27572,11
13.0156602859,80.2252120972,27572,27582,10
13.0162496567,80.2254180908,27582,27592,10
13.0171403885,80.225151062,27592,27602,10
13.018119812,80.2247390747,27602,27612,10
13.0190896988,80.2244033813,27612,27622,10
13.0197296143,80.224571228,27622,27642,20
13.0197296143,80.224571228,27642,27652,10
13.0198297501,80.224647522,27652,27662,10
13.0201797485,80.2248916626,27662,27673,11
13.0208396912,80.2253265381,27673,27683,10
13.0215902328,80.2258834839,27683,27693,10
13.0220298767,80.2261962891,27693,27703,10
13.0220403671,80.2261962891,27703,27713,10
13.0221300125,80.2263031006,27713,27723,10
13.0223197937,80.2264785767,27723,27733,10
13.0226898193,80.2268218994,27733,27743,10
13.0232801437,80.2273406982,27743,27753,10
13.0239896774,80.2279891968,27753,27763,10
13.0245895386,80.2287826538,27763,27774,11
13.0253400803,80.2297592163,27774,27784,10
13.0259103775,80.230758667,27784,27794,10
13.0262002945,80.2313690186,27794,27804,10
13.0268497467,80.2312011719,27804,27814,10
13.0276603699,80.2310409546,27814,27824,10
13.0283699036,80.2309417725,27824,27840,16
13.028719902,80.2309036255,27840,27852,12
13.0291996002,80.2308807373,27852,27861,9
13.0293903351,80.2308502197,27861,27873,12
13.0298995972,80.230796814,27873,27883,10
13.0306301117,80.2307434082,27883,27893,10
13.0311803818,80.2306976318,27893,27903,10
13.0320701599,80.2306365967,27903,27913,10
13.0330600739,80.2305603027,27913,27922,9
13.0339603424,80.2304763794,27922,27933,11
13.0347204208,80.2303390503,27933,27945,12
13.0348596573,80.2299423218,27945,28997,1052
13.0345201492,80.229927063,28997,29371,374
13.0343704224,80.2298278809,29371,29694,323
13.0343704224,80.2298278809,29694,29704,10
13.0343399048,80.2299118042,29704,29845,141
13.0342102051,80.2301712036,29845,29886,41
13.0342102051,80.2301712036,29886,29896,10
13.0341396332,80.2303695679,29896,29906,10
13.0340003967,80.2304382324,29906,29916,10
13.0334796906,80.2304382324,29916,29926,10
13.032699585,80.230506897,29926,29936,10
13.0318002701,80.2305984497,29936,29946,10
13.0309400558,80.230682373,29946,29957,11
13.0306901932,80.23072052,29957,29967,10
13.0299901962,80.230796814,29967,29987,20
13.0299901962,80.230796814,29987,29997,10
13.0298900604,80.230796814,29997,30007,10
13.0294799805,80.2308578491,30007,30017,10
13.0287904739,80.2309188843,30017,30027,10
13.0280199051,80.2309799194,30027,30037,10
13.0277099609,80.2310333252,30037,30048,11
13.0276699066,80.2314529419,30048,30058,10
13.027759552,80.2321395874,30058,30068,10
13.0278701782,80.2326965332,30068,30078,10
13.0275602341,80.2328491211,30078,30088,10
13.0270996094,80.2329406738,30088,30098,10
13.0270595551,80.2329483032,30098,30108,10
13.0270204544,80.2329864502,30108,30118,10
13.0268096924,80.2329406738,30118,30128,10
13.0264701843,80.2329177856,30128,30138,10
13.026260376,80.232460022,30138,30149,11
13.0260601044,80.2317962646,30149,30159,10
13.0260000229,80.2314987183,30159,30169,10
13.025850296,80.231010437,30169,30179,10
13.0255203247,80.2302780151,30179,30189,10
13.0250196457,80.2295684814,30189,30199,10
13.0248098373,80.2292861938,30199,30209,10
13.0245504379,80.2289505005,30209,30219,10
13.0242595673,80.228553772,30219,30229,10
13.0238103867,80.2279815674,30229,30239,10
13.0234003067,80.2276306152,30239,30250,11
13.023150444,80.2275085449,30250,30260,10
13.0230998993,80.2274780273,30260,30270,10
13.0229301453,80.2273178101,30270,30280,10
13.022600174,80.2269515991,30280,30290,10
13.0222597122,80.2265701294,30290,30300,10
13.021900177,80.2262420654,30300,30310,10
13.0216999054,80.2260818481,30310,30320,10
13.0213298798,80.2258071899,30320,30330,10
13.0208301544,80.225440979,30330,30346,16
13.0198001862,80.2247619629,30346,30359,13
13.0186100006,80.2245788574,30359,30369,10
13.0182800293,80.2247085571,30369,30378,9
13.0179004669,80.224861145,30378,30390,12
13.0173397064,80.225112915,30390,30400,10
13.0167398453,80.2253570557,30400,30409,9
13.0164003372,80.2255020142,30409,30420,11
13.0158395767,80.2257003784,30420,30430,10
13.0151796341,80.2259674072,30430,30440,10
13.0145597458,80.2262191772,30440,30451,11
13.0143699646,80.226272583,30451,30461,10
13.0140695572,80.226348877,30461,30462,1
13.0140399933,80.2263565063,30462,30463,1
13.0139904022,80.2263793945,30463,30509,46
13.0100297928,80.227897644,30509,30519,10
13.0095396042,80.2275772095,30519,30529,10
13.0098600388,80.2268981934,30529,30539,10
13.0102396011,80.2260818481,30539,30550,11
13.0106201172,80.2252578735,30550,30560,10
13.0108699799,80.2246398926,30560,30570,10
13.0111904144,80.2238922119,30570,30580,10
13.0114002228,80.2232971191,30580,30591,11
13.0116901398,80.2225494385,30591,30602,11
13.012049675,80.2215194702,30602,30612,10
13.0121202469,80.2209014893,30612,30622,10
13.0119600296,80.2203674316,30622,30632,10
13.0117301941,80.2196578979,30632,30642,10
13.011469841,80.2189025879,30642,30653,11
13.0111503601,80.2180099487,30653,30661,8
13.0108995438,80.2173233032,30661,30673,12
13.0103998184,80.216293335,30673,30683,10
13.0099802017,80.2154922485,30683,30693,10
13.009519577,80.2147827148,30693,30703,10
13.0089998245,80.2140884399,30703,30713,10
13.0081996918,80.2133636475,30713,30744,31
13.0081996918,80.2133636475,30744,30755,11
13.008020401,80.2132720947,30755,30795,40
13.008020401,80.2132720947,30795,30805,10
13.0078001022,80.2130584717,30805,30815,10
13.0074901581,80.2128601074,30815,30825,10
13.0069503784,80.2127838135,30825,30835,10
13.0062198639,80.212852478,30835,30845,10
13.0055198669,80.2128372192,30845,30856,11
13.0046596527,80.212348938,30856,30866,10
13.0038299561,80.2121124268,30866,30876,10
13.0031404495,80.2121124268,30876,30886,10
13.0026397705,80.2121276855,30886,30896,10
13.0023498535,80.2122192383,30896,30906,10
13.001999855,80.2124099731,30906,30916,10
13.0014696121,80.2127990723,30916,30926,10
13.0008802414,80.2132720947,30926,30936,10
13.0003099442,80.2137908936,30936,30947,11
12.9998197556,80.2142410278,30947,30957,10
12.9993600845,80.2146224976,30957,30967,10
12.9990797043,80.2148666382,30967,30977,10
12.9986600876,80.2152023315,30977,30987,10
12.9981002808,80.2156982422,30987,30997,10
12.9975595474,80.2161636353,30997,31007,10
12.997420311,80.2163314819,31007,31017,10
12.9973096848,80.2164611816,31017,31027,10
12.9970998764,80.2165527344,31027,31037,10
12.9965896606,80.2165679932,31037,31048,11
12.9957895279,80.2167205811,31048,31058,10
12.9950895309,80.217048645,31058,31068,10
12.994600296,80.2173995972,31068,31078,10
12.9942398071,80.2176818848,31078,31088,10
12.9935598373,80.218170166,31088,31098,10
12.9928703308,80.2186584473,31098,31108,10
12.9921798706,80.2191619873,31108,31117,9
12.9916200638,80.219543457,31117,31127,10
12.9910802841,80.2199401855,31127,31138,11
12.9907999039,80.2201690674,31138,31149,11
12.9907302856,80.2202377319,31149,31159,10
12.99036026,80.2205276489,31159,31169,10
12.9898796082,80.2210235596,31169,31179,10
12.98939991,80.2215270996,31179,31189,10
12.9888896942,80.2221832275,31189,31199,10
12.9881601334,80.2228164673,31199,31209,10
12.9876804352,80.2230911255,31209,31219,10
12.9873600006,80.2230682373,31219,31229,10
12.9869003296,80.2230224609,31229,31239,10
12.9862203598,80.2229690552,31239,31250,11
12.9855899811,80.22315979,31250,31260,10
12.9853200912,80.2232894897,31260,31270,10
12.9848003387,80.2231216431,31270,31280,10
12.98416996,80.2227630615,31280,31290,10
12.9836196899,80.2224502563,31290,31300,10
12.9833202362,80.2222595215,31300,31310,10
12.9832496643,80.2222290039,31310,31320,10
12.9831495285,80.2221374512,31320,31330,10
12.9829397202,80.2220077515,31330,31340,10
12.9825201035,80.2218093872,31340,31351,11
12.9818496704,80.221496582,31351,31361,10
12.9811897278,80.2210922241,31361,31371,10
12.9803495407,80.2210769653,31371,31381,10
12.9794397354,80.2211837769,31381,31391,10
12.9784297943,80.2211914063,31391,31401,10
12.9776496887,80.2211990356,31401,31411,10
12.9773397446,80.2212295532,31411,31421,10
12.9766998291,80.2212524414,31421,31431,10
12.9761295319,80.2212982178,31431,31441,10
12.9760398865,80.221321106,31441,31452,11
12.9759101868,80.2212905884,31452,31462,10
12.9756402969,80.2210617065,31462,31492,30
12.9756402969,80.2210617065,31492,31502,10
12.9753704071,80.2208099365,31502,31512,10
12.9749298096,80.2205886841,31512,31522,10
12.9743299484,80.2203216553,31522,31532,10
12.973859787,80.2201080322,31532,31542,10
12.9734201431,80.2199325562,31542,31553,11
12.972700119,80.2196731567,31553,31563,10
12.9719696045,80.2193984985,31563,31573,10
12.9711198807,80.2191772461,31573,31593,20
12.9711198807,80.2191772461,31593,31609,16
12.9706001282,80.2188720703,31609,31621,12
12.9698495865,80.218536377,31621,31629,8
12.9693098068,80.2183303833,31629,31641,12
12.9685201645,80.2180175781,31641,31651,10
12.9678602219,80.2177581787,31651,31662,11
12.9670495987,80.2174530029,31662,31672,10
12.9661102295,80.217086792,31672,31682,10
12.964969635,80.2166519165,31682,31692,10
12.9640102386,80.2162475586,31692,31702,10
12.9633903503,80.2159805298,31702,31712,10
12.9629602432,80.2157974243,31712,31721,9
12.9627199173,80.2156982422,31721,31731,10
12.9621601105,80.215461731,31731,31742,11
12.9613304138,80.215133667,31742,31753,11
12.9603099823,80.2147293091,31753,31763,10
12.9592599869,80.2143096924,31763,31773,10
12.9582004547,80.2138824463,31773,31783,10
12.9570999146,80.2134399414,31783,31793,10
12.9560003281,80.2130126953,31793,31803,10
12.9548902512,80.2125930786,31803,31813,10
12.9537696838,80.2121505737,31813,31823,10
12.9526796341,80.2117004395,31823,31833,10
12.9515895844,80.2112579346,31833,31843,10
12.9505195618,80.2108535767,31843,31854,11
12.9494400024,80.2104263306,31854,31864,10
12.9485502243,80.2100830078,31864,31874,10
12.9475402832,80.2096786499,31874,31884,10
12.9463300705,80.2092132568,31884,31894,10
12.9451599121,80.2087402344,31894,31904,10
12.9442195892,80.2083969116,31904,31924,20
12.9442195892,80.2083969116,31924,31934,10
12.9441099167,80.2083435059,31934,31944,10
12.9436903,80.2081604004,31944,31955,11
12.9430198669,80.2077407837,31955,31965,10
12.942700386,80.2073516846,31965,31975,10
12.9425601959,80.2071533203,31975,31985,10
12.9421300888,80.2067565918,31985,31995,10
12.9415102005,80.2062911987,31995,32005,10
12.9411201477,80.2060699463,32005,32015,10
12.9408798218,80.2059402466,32015,32025,10
12.9403295517,80.2057495117,32025,32035,10
12.939620018,80.2055282593,32035,32045,10
12.9388198853,80.2052764893,32045,32056,11
12.9383001328,80.2051696777,32056,32066,10
12.9378004074,80.2049865723,32066,32076,10
12.9371204376,80.2048034668,32076,32086,10
12.936340332,80.2045669556,32086,32096,10
12.9357995987,80.2044219971,32096,32106,10
12.9352798462,80.2041625977,32106,32116,10
12.9346504211,80.2039871216,32116,32126,10
12.9340000153,80.2039413452,32126,32136,10
12.9338703156,80.2039413452,32136,32146,10
12.933719635,80.2039108276,32146,32157,11
12.9331998825,80.2037963867,32157,32167,10
12.9326400757,80.2035598755,32167,32177,10
12.9319496155,80.203338623,32177,32193,16
12.9308004379,80.2029571533,32193,32205,12
12.9296398163,80.202796936,32205,32225,20
12.9296398163,80.202796936,32225,32235,10
12.9294700623,80.2027587891,32235,32245,10
12.9290800095,80.2026977539,32245,32256,11
12.9285898209,80.2025527954,32256,32266,10
12.9284801483,80.2021102905,32266,32276,10
12.9284601212,80.2019729614,32276,32286,10
12.9284696579,80.2018890381,32286,32296,10
12.9284696579,80.2015533447,32296,32306,10
12.9284496307,80.2009963989,32306,32316,10
12.9284200668,80.200302124,32316,32326,10
12.9282398224,80.1995010376,32326,32336,10
12.92786026,80.198677063,32336,32346,10
12.9272203445,80.1979522705,32346,32357,11
12.9263896942,80.1975784302,32357,32377,20
12.9263896942,80.1975784302,32377,32387,10
12.9261598587,80.1975479126,32387,32397,10
12.9257001877,80.197517395,32397,32407,10
12.9254703522,80.1975402832,32407,32417,10
12.9251003265,80.197517395,32417,32427,10
12.924539566,80.197517395,32427,32437,10
12.9238395691,80.1975021362,32437,32447,10
12.9231395721,80.1974334717,32447,32458,11
12.9224300385,80.1973266602,32458,32468,10
12.9218301773,80.1972198486,32468,32478,10
12.9216003418,80.1971511841,32478,32488,10
12.9211597443,80.1969833374,32488,32498,10
12.9210596085,80.196937561,32498,32508,10
12.9210100174,80.1969223022,32508,32518,10
12.9206695557,80.1967926025,32518,32528,10
12.9200696945,80.1965789795,32528,32538,10
12.9194402695,80.1963195801,32538,32549,11
12.9186601639,80.1957015991,32549,32559,10
12.9179897308,80.1951065063,32559,32569,10
12.9171199799,80.1942214966,32569,32599,30
12.9171199799,80.1942214966,32599,32609,10
12.9170598984,80.1940383911,32609,32619,10
12.9169998169,80.1935577393,32619,32629,10
12.9170398712,80.1929779053,32629,32639,10
12.917090416,80.1926269531,32639,32680,41
12.917090416,80.1926269531,32680,32690,10
12.9170999527,80.1924133301,32690,32700,10
12.9171304703,80.1922073364,32700,32710,10
12.9172096252,80.1917495728,32710,32720,10
12.9172697067,80.1913986206,32720,32730,10
12.9172801971,80.1912994385,32730,32740,10
12.9173498154,80.1908569336,32740,32751,11
12.9173898697,80.1902236938,32751,32761,10
12.9175395966,80.1895828247,32761,32771,10
12.9179000854,80.1888275146,32771,32781,10
12.9184999466,80.1881484985,32781,32791,10
12.9186401367,80.1879730225,32791,32801,10
12.9189596176,80.1876373291,32801,32810,9
12.9194002151,80.1871337891,32810,32821,11
12.9201202393,80.186340332,32821,32831,10
12.9205999374,80.1854934692,32831,32841,10
12.9203996658,80.1845321655,32841,32852,11
12.9201602936,80.1835098267,32852,32862,10
12.9199800491,80.1827926636,32862,32872,10
12.9199399948,80.1826095581,32872,32882,10
12.9199399948,80.1825714111,32882,32892,10
12.9198904037,80.1823883057,32892,32902,10
12.919839859,80.1821212769,32902,32912,10
12.919719696,80.1815414429,32912,32922,10
12.9195604324,80.1807785034,32922,32932,10
12.9193696976,80.1798629761,32932,32942,10
12.9189100266,80.1789779663,32942,32953,11
12.9182596207,80.178062439,32953,32963,10
12.9182901382,80.1769180298,32963,32973,10
12.9185199738,80.1758117676,32973,32983,10
12.9188098907,80.174697876,32983,32993,10
12.9191102982,80.1735534668,32993,33003,10
12.9194202423,80.1723632813,33003,33013,10
12.9197101593,80.1712265015,33013,33023,10
12.9198503494,80.1708526611,33023,33033,10
12.9199199677,80.1706695557,33033,33043,10
12.9201002121,80.1700897217,33043,33054,11
12.9203901291,80.1691513062,33054,33064,10
12.9207201004,80.1680908203,33064,33074,10
12.9210195541,80.1671524048,33074,33084,10
12.921380043,80.1660690308,33084,33094,10
12.9217500687,80.1649627686,33094,33104,10
12.9220895767,80.1638565063,33104,33114,10
12.922419548,80.1627578735,33114,33124,10
12.9227895737,80.1616668701,33124,33134,10
12.9230899811,80.16065979,33134,33144,10
12.9231395721,80.1604766846,33144,33155,11
12.923210144,80.1602630615,33155,33165,10
12.923330307,80.1596832275,33165,33175,10
12.9234304428,80.1587982178,33175,33185,10
12.9235401154,80.1576690674,33185,33195,10
12.923620224,80.1565933228,33195,33205,10
12.9236097336,80.1556472778,33205,33214,9
12.9233999252,80.154800415,33214,33225,11
12.9231996536,80.1539764404,33225,33234,9
12.9230203629,80.1532211304,33234,33244,10
12.9227199554,80.1518936157,33244,33316,72
12.9227199554,80.1518936157,33316,33326,10
12.9226999283,80.1515579224,33326,33336,10
12.9226799011,80.1509017944,33336,33346,10
12.9226503372,80.1499710083,33346,33357,11
12.9225797653,80.1487503052,33357,33367,10
12.922539711,80.1476669312,33367,33377,10
12.922539711,80.1468582153,33377,33387,10
12.9225597382,80.1466827393,33387,33397,10
12.9225597382,80.1461410522,33397,33407,10
12.9225301743,80.1453704834,33407,33417,10
12.9224901199,80.1444778442,33417,33427,10
12.9224901199,80.1438522339,33427,33437,10
12.9224700928,80.1434783936,33437,33447,10
12.9224500656,80.1430587769,33447,33458,11
12.9224500656,80.1426010132,33458,33468,10
12.9224300385,80.1422195435,33468,33478,10
12.9224100113,80.142036438,33478,33488,10
12.9224100113,80.1418762207,33488,33498,10
12.9223899841,80.1415710449,33498,33508,10
12.9223804474,80.141456604,33508,33518,10
12.9223804474,80.1410980225,33518,33528,10
12.922369957,80.1406097412,33528,33538,10
12.922369957,80.1402893066,33538,33548,10
12.922369957,80.1396636963,33548,33559,11
12.9223899841,80.1387634277,33559,33569,10
12.9224500656,80.1379318237,33569,33579,10
12.9224996567,80.1370010376,33579,33589,10
12.9225301743,80.1362075806,33589,33599,10
12.9225597382,80.135383606,33599,33609,10
12.9225797653,80.1346893311,33609,33619,10
12.9226303101,80.1339492798,33619,33629,10
12.922659874,80.1331710815,33629,33639,10
12.9226703644,80.1326217651,33639,33649,10
12.9226903915,80.1320571899,33649,33666,17
12.9227199554,80.1313171387,33666,33678,12
12.9227600098,80.1309204102,33678,33688,10
12.9227800369,80.130279541,33688,33697,9
12.9228096008,80.1296768188,33697,33708,11
12.9228496552,80.1289291382,33708,33718,10
12.9228897095,80.1282806396,33718,33728,10
12.9229202271,80.1276016235,33728,33738,10
12.9229202271,80.1269073486,33738,33748,10
12.9229297638,80.1260986328,33748,33759,11
12.9229898453,80.1251907349,33759,33769,10
12.92304039,80.1242599487,33769,33779,10
12.9231004715,80.1232070923,33779,33789,10
12.9231500626,80.1220626831,33789,33799,10
12.9231595993,80.1212387085,33799,33809,10
12.9231595993,80.1207885742,33809,33819,10
12.9231700897,80.1207427979,33819,33829,10
12.9231796265,80.1206817627,33829,33839,10
12.9232301712,80.1203689575,33839,33849,10
12.9232797623,80.1199035645,33849,33860,11
12.9232997894,80.119140625,33860,33870,10
12.9233198166,80.1182632446,33870,33880,10
12.9234399796,80.1173934937,33880,33890,10
12.9234600067,80.1169586182,33890,33900,10
12.9234800339,80.1169433594,33900,33910,10
12.923620224,80.1168289185,33910,33920,10
12.9236001968,80.1171875,33920,33930,10
12.9236898422,80.117729187,33930,33940,10
12.9235801697,80.1184616089,33940,33951,11
12.9235095978,80.1193618774,33951,33961,10
12.9234199524,80.1202011108,33961,33981,20
12.9234199524,80.1202011108,33981,33991,10
12.9234304428,80.1204376221,33991,34001,10
12.9233999252,80.1206283569,34001,34011,10
12.9233798981,80.1207809448,34011,34021,10
12.9233503342,80.1209564209,34021,34031,10
12.9233198166,80.1211776733,34031,34041,10
12.923330307,80.1212997437,34041,34052,11
12.9233398438,80.1215591431,34052,35060,1008
12.9233398438,80.1215591431,35060,35070,10
12.9232902527,80.1217880249,35070,35080,10
12.9232702255,80.1220016479,35080,35090,10
12.9232301712,80.1226119995,35090,35100,10
12.9231901169,80.1233673096,35100,35110,10
12.9231796265,80.124168396,35110,35120,10
12.9231796265,80.1249694824,35120,35130,10
12.9231700897,80.1253204346,35130,35140,10
12.9231500626,80.1254119873,35140,35151,11
12.9230804443,80.125793457,35151,35161,10
12.9230604172,80.1262969971,35161,35171,10
12.9230298996,80.1269683838,35171,35181,10
12.9230003357,80.1275177002,35181,35191,10
12.92304039,80.1279220581,35191,35201,10
12.92304039,80.1283569336,35201,35211,10
12.9229402542,80.128868103,35211,35221,10
12.9228801727,80.1295623779,35221,35231,10
12.9228401184,80.1302719116,35231,35241,10
12.9228401184,80.1308517456,35241,35252,11
12.9228401184,80.1311721802,35252,35262,10
12.9228200912,80.1313171387,35262,35272,10
12.9227800369,80.1318283081,35272,35282,10
12.922750473,80.1326065063,35282,35292,10
12.9227199554,80.1334609985,35292,35302,10
12.9226799011,80.1343612671,35302,35312,10
12.9226303101,80.1353378296,35312,35322,10
12.9225797653,80.1363372803,35322,35332,10
12.9225502014,80.1371536255,35332,35342,10
12.9225196838,80.1379394531,35342,35352,10
12.9224796295,80.1386413574,35352,35363,11
12.9224395752,80.1396636963,35363,35373,10
12.9224395752,80.1407012939,35373,35383,10
12.9224500656,80.1417617798,35383,35393,10
12.9224700928,80.1423034668,35393,35403,10
12.9224996567,80.1424789429,35403,35413,10
12.922539711,80.1428833008,35413,35423,10
12.9225597382,80.1432189941,35423,35433,10
12.9225702286,80.1433868408,35433,35443,10
12.9225502014,80.1435012817,35443,38570,3127
13.0214195251,80.2258224487,38570,38582,12
13.0214996338,80.2258605957,38582,38592,10
13.0217599869,80.2259902954,38592,38603,11
13.0219898224,80.2261199951,38603,38614,11
13.0220899582,80.2261962891,38614,38624,10
13.0223302841,80.2264022827,38624,38634,10
13.0225801468,80.2266387939,38634,38644,10
13.0227203369,80.2267990112,38644,38654,10
13.0229301453,80.2269973755,38654,38664,10
13.023059845,80.227142334,38664,38674,10
13.0232696533,80.2273330688,38674,38694,20
13.0232696533,80.2273330688,38694,38705,11
13.0235395432,80.2275314331,38705,38715,10
13.0236902237,80.2276611328,38715,38725,10
13.0238599777,80.2278289795,38725,38735,10
13.0240097046,80.2279968262,38735,38745,10
13.0241603851,80.2281723022,38745,38755,10
13.0245304108,80.2286682129,38755,38806,51
13.0245304108,80.2286682129,38806,38816,10
13.0246200562,80.2288208008,38816,38826,10
13.0248203278,80.2291030884,38826,38836,10
13.0251398087,80.2294921875,38836,38846,10
13.0255804062,80.2300567627,38846,38856,10
13.0258798599,80.2305603027,38856,38866,10
13.0259799957,80.2309112549,38866,38876,10
13.0261001587,80.2312774658,38876,38886,10
13.0266799927,80.2311782837,38886,38896,10
13.0274600983,80.2309875488,38896,38906,10
13.0282201767,80.2309112549,38906,38917,11
13.0286397934,80.2308731079,38917,38927,10
13.0287704468,80.2308578491,38927,38937,10
13.0292596817,80.2308425903,38937,38975,38
13.0292596817,80.2308425903,38975,38984,9
13.0294799805,80.2308197021,38984,38995,11
13.0300302505,80.2307510376,38995,39005,10
13.0307302475,80.2306900024,39005,39016,11
13.0314702988,80.2306289673,39016,39026,10
13.0321598053,80.2305908203,39026,39035,9
13.0328397751,80.2305297852,39035,39047,12
13.0337896347,80.2304763794,39047,39057,10
13.034239769,80.2304382324,39057,39067,10
13.0345497131,80.2303390503,39067,39077,10
13.0348901749,80.230140686,39077,39107,30
13.0348901749,80.230140686,39107,39118,11
13.0348300934,80.2299728394,39118,39330,212
13.0348300934,80.2299728394,39330,39340,10
13.0343904495,80.2299575806,39340,39623,283
13.0341701508,80.2300109863,39623,39693,70
13.0341701508,80.2300109863,39693,39703,10
13.0341997147,80.2302627563,39703,39734,31
13.0341997147,80.2302627563,39734,39744,10
13.0338897705,80.2304077148,39744,39754,10
13.0334501266,80.2304534912,39754,39764,10
13.032910347,80.2305221558,39764,39774,10
13.0322799683,80.2305908203,39774,39784,10
13.0317602158,80.2306518555,39784,39794,10
13.0312700272,80.230682373,39794,39804,10
13.03083992,80.23072052,39804,39815,11
13.0304203033,80.230758667,39815,39825,10
13.0301704407,80.2307662964,39825,39835,10
13.029800415,80.2308120728,39835,39845,10
13.0293197632,80.2308807373,39845,39855,10
13.0289201736,80.2309188843,39855,39871,16
13.0282697678,80.2309875488,39871,39883,12
13.0277996063,80.2310180664,39883,39891,8
13.0276403427,80.2311706543,39891,39903,12
13.0277004242,80.2317276001,39903,39954,51
13.0277004242,80.2317276001,39954,39963,9
13.0276899338,80.2319030762,39963,39974,11
13.027759552,80.2321929932,39974,39984,10
13.0278100967,80.2324523926,39984,39994,10
13.0278596878,80.2326965332,39994,40004,10
13.0271997452,80.2329177856,40004,40156,152
13.0271997452,80.2329177856,40156,40166,10
13.0269804001,80.232963562,40166,40176,10
13.0267400742,80.2330093384,40176,40186,10
13.02643013,80.2329406738,40186,40196,10
13.0262699127,80.2325210571,40196,40206,10
13.0262098312,80.2323226929,40206,40217,11
13.0261497498,80.232170105,40217,40227,10
13.0261297226,80.2320785522,40227,40237,10
13.0260801315,80.2317886353,40237,40247,10
13.0259599686,80.2313766479,40247,40257,10
13.0257396698,80.23072052,40257,40267,10
13.0253000259,80.229927063,40267,40277,10
13.0248403549,80.229347229,40277,40287,10
13.024769783,80.2292480469,40287,40297,10
13.0245504379,80.2289810181,40297,40307,10
13.0243301392,80.2287216187,40307,40318,11
13.0239200592,80.2282180786,40318,40328,10
13.0235004425,80.2277526855,40328,40338,10
13.0231704712,80.2275314331,40338,40348,10
13.0230703354,80.2274703979,40348,40358,10
13.022939682,80.2273788452,40358,40368,10
13.0227098465,80.2270812988,40368,40378,10
13.0223903656,80.2266769409,40378,40388,10
13.0219602585,80.2263183594,40388,40398,10
13.0215597153,80.2259979248,40398,40408,10
13.021030426,80.2256011963,40408,40419,11
13.020359993,80.2251281738,40419,40429,10
13.0200595856,80.2249069214,40429,40439,10
13.0200500488,80.2249069214,40439,40449,10
13.0198802948,80.2247924805,40449,40459,10
13.0193595886,80.2245407104,40459,40469,10
13.0185804367,80.2245788574,40469,40479,10
13.0177402496,80.2249069214,40479,40489,10
13.0168600082,80.2252731323,40489,40499,10
13.0163097382,80.2255096436,40499,40509,10
13.0157003403,80.2257232666,40509,40520,11
13.0149402618,80.226020813,40520,40530,10
13.014380455,80.226272583,40530,40540,10
13.0142498016,80.2263183594,40540,40550,10
13.013879776,80.2264480591,40550,40560,10
13.0132398605,80.2266616821,40560,40570,10
13.0124397278,80.2269897461,40570,40580,10
13.0114603043,80.2273788452,40580,40590,10
13.0104398727,80.2277679443,40590,40600,10
13.0096797943,80.2279586792,40600,40610,10
13.0094804764,80.2276000977,40610,40621,11
13.009759903,80.2270126343,40621,40631,10
13.0100803375,80.2262573242,40631,40641,10
13.0103702545,80.2255325317,40641,40651,10
13.0105495453,80.225151062,40651,40661,10
13.0108003616,80.2247009277,40661,40671,10
13.011059761,80.2239990234,40671,40681,10
13.0112895966,80.2234115601,40681,40691,10
13.01101017,80.2230911255,40691,40701,10
13.0104598999,80.2228317261,40701,40711,10
13.0097799301,80.222442627,40711,40722,11
13.0088796616,80.2219467163,40722,40732,10
13.0080003738,80.2214736938,40732,40742,10
13.0070896149,80.2210464478,40742,40752,10
13.0061597824,80.2206573486,40752,40762,10
13.0051603317,80.2204284668,40762,40772,10
13.0044298172,80.2202224731,40772,40782,10
13.0034704208,80.2200012207,40782,40792,10
13.0027399063,80.2197189331,40792,40802,10
13.0020904541,80.2191619873,40802,40812,10
13.0018196106,80.2188415527,40812,40823,11
13.0013399124,80.218421936,40823,40833,10
13.0008401871,80.2180786133,40833,40843,10
13.0002803802,80.2177505493,40843,40853,10
12.9996795654,80.2173690796,40853,40863,10
12.99903965,80.2170333862,40863,40872,9
12.9984197617,80.2167282104,40872,40883,11
12.9978199005,80.2165679932,40883,40893,10
12.9975299835,80.2165374756,40893,40903,10
12.997420311,80.2165222168,40903,40913,10
12.9972295761,80.2165222168,40913,40924,11
12.9968299866,80.2165603638,40924,40934,10
12.9963998795,80.2165985107,40934,40944,10
12.9958200455,80.2167434692,40944,40954,10
12.99518013,80.217010498,40954,40964,10
12.9947395325,80.2172927856,40964,40974,10
12.9942703247,80.217628479,40974,40984,10
12.9939002991,80.217880249,40984,40994,10
12.9933395386,80.2182693481,40994,41004,10
12.9927997589,80.2186889648,41004,41014,10
12.9921302795,80.2191696167,41014,41025,11
12.9915304184,80.219619751,41025,41035,10
12.9910202026,80.2199783325,41035,41045,10
12.9906101227,80.2202911377,41045,41055,10
12.9900903702,80.220741272,41055,41064,9
12.9896097183,80.2212600708,41064,41074,10
12.9891395569,80.221862793,41074,41085,11
12.9886903763,80.2223510742,41085,41095,10
12.9881296158,80.2228622437,41095,41105,10
12.9876804352,80.2230911255,41105,41115,10
12.9873695374,80.2230911255,41115,41126,11
12.9869804382,80.2230529785,41126,41136,10
12.9865398407,80.2229995728,41136,41146,10
12.9858903885,80.2230224609,41146,41156,10
12.9856700897,80.2230987549,41156,41166,10
12.9854202271,80.2232894897,41166,41175,9
12.9848804474,80.223197937,41175,41186,11
12.9842500687,80.2228469849,41186,41196,10
12.9838495255,80.2226409912,41196,41206,10
12.9835300446,80.2224273682,41206,41216,10
12.9834098816,80.2223205566,41216,41227,11
12.9832296371,80.2221908569,41227,41237,10
12.983039856,80.222038269,41237,41247,10
12.9827899933,80.2219161987,41247,41257,10
12.9827699661,80.2219314575,41257,41267,10
12.9825201035,80.221862793,41267,41277,10
12.9820804596,80.2217025757,41277,41287,10
12.9814996719,80.2213897705,41287,41297,10
12.9807395935,80.2211685181,41297,41307,10
12.9798498154,80.2211914063,41307,41317,10
12.9788799286,80.2212295532,41317,41328,11
12.9778404236,80.2212982178,41328,41338,10
12.9774303436,80.2213287354,41338,41348,10
12.9768800735,80.221321106,41348,41357,9
12.9761400223,80.221321106,41357,41378,21
12.9761400223,80.221321106,41378,41388,10
12.9760799408,80.2213668823,41388,41398,10
12.9760398865,80.2213897705,41398,41408,10
12.9759502411,80.2213516235,41408,41418,10
12.9758796692,80.221282959,41418,41429,11
12.9757604599,80.2211608887,41429,41439,10
12.9756603241,80.2210617065,41439,41449,10
12.9754800797,80.2209091187,41449,41459,10
12.9749202728,80.2206192017,41459,41469,10
12.9741096497,80.2203292847,41469,41479,10
12.9730501175,80.2199325562,41479,41489,10
12.9719800949,80.2195129395,41489,41499,10
12.9710502625,80.2191314697,41499,41509,10
12.970000267,80.2186813354,41509,41519,10
12.9689998627,80.2182693481,41519,41530,11
12.9679203033,80.2178421021,41530,41540,10
12.9669599533,80.2174606323,41540,41550,10
12.9659404755,80.217048645,41550,41560,10
12.9648103714,80.2165985107,41560,41570,10
12.9638204575,80.216178894,41570,41580,10
12.9630002975,80.2157974243,41580,41590,10
12.9619998932,80.2154006958,41590,41600,10
12.9609298706,80.2149810791,41600,41610,10
12.9598503113,80.2145614624,41610,41620,10
12.9587802887,80.2141418457,41620,41631,11
12.9575796127,80.2136535645,41631,41641,10
12.956489563,80.2132034302,41641,41651,10
12.9553699493,80.2127838135,41651,41661,10
12.9542398453,80.2123413086,41661,41671,10
12.9531202316,80.2118835449,41671,41681,10
12.9519996643,80.2114334106,41681,41691,10
12.9509000778,80.2109985352,41691,41701,10
12.9498500824,80.2105865479,41701,41711,10
12.9488697052,80.2101974487,41711,41721,10
12.9478302002,80.2097930908,41721,41732,11
12.9465303421,80.2092819214,41732,41742,10
12.9452896118,80.2088012695,41742,41752,10
12.9442300797,80.2083816528,41752,41762,10
12.9432601929,80.2079925537,41762,41772,10
12.9426002502,80.2072372437,41772,41782,10
12.9417695999,80.206489563,41782,41792,10
12.940779686,80.2059326172,41792,41802,10
12.9398202896,80.2056274414,41802,41812,10
12.9389200211,80.2053527832,41812,41822,10
12.9382095337,80.205116272,41822,41833,11
12.9374904633,80.2049179077,41833,41843,10
12.9366903305,80.2046890259,41843,41853,10
12.9358501434,80.204460144,41853,41863,10
12.935090065,80.2041091919,41863,41873,10
12.9342002869,80.2039413452,41873,41883,10
12.9334802628,80.2038803101,41883,41893,10
12.9330797195,80.2037506104,41893,41903,10
12.9325199127,80.2035598755,41903,41913,10
12.9318599701,80.2033691406,41913,41923,10
12.9311599731,80.2031326294,41923,41934,11
12.9303598404,80.2029190063,41934,41944,10
12.9298000336,80.2028427124,41944,41954,10
12.9295196533,80.2027893066,41954,41964,10
12.9290599823,80.2027282715,41964,41974,10
12.928609848,80.2025527954,41974,41984,10
12.9285297394,80.2021026611,41984,41994,10
12.9285097122,80.2019424438,41994,42004,10
12.9284801483,80.2014923096,42004,42014,10
12.9284496307,80.2008209229,42014,42024,10
12.9283800125,80.1999816895,42024,42035,11
12.9281997681,80.1994171143,42035,42045,10
12.9280099869,80.1989822388,42045,42055,10
12.9277095795,80.1984176636,42055,42065,10
12.9270896912,80.197883606,42065,42075,10
12.9264001846,80.1976089478,42075,42085,10
12.9261703491,80.1975631714,42085,42095,10
12.9256896973,80.1975402832,42095,42105,10
12.9254302979,80.1975402832,42105,42115,10
12.9249897003,80.197517395,42115,42125,10
12.9242801666,80.197517395,42125,42136,11
12.9234600067,80.197479248,42136,42146,10
12.9226799011,80.1973724365,42146,42156,10
12.9217996597,80.1971969604,42156,42166,10
12.9212598801,80.1970214844,42166,42176,10
12.9210395813,80.196937561,42176,42186,10
12.9205904007,80.1967926025,42186,42196,10
12.9199800491,80.1965789795,42196,42206,10
12.9193000793,80.1962280273,42206,42216,10
12.9189596176,80.1959762573,42216,42226,10
12.918680191,80.1957321167,42226,42237,11
12.9182195663,80.1952972412,42237,42247,10
12.9176597595,80.1948013306,42247,42257,10
12.91726017,80.1943817139,42257,42267,10
12.9172401428,80.1943664551,42267,42277,10
12.9172096252,80.1943130493,42277,42287,10
12.9171695709,80.1942520142,42287,42297,10
12.917090416,80.194152832,42297,42307,10
12.9169797897,80.1937332153,42307,42317,10
12.9169797897,80.193107605,42317,42327,10
12.9170703888,80.1924972534,42327,42338,11
12.9171304703,80.192237854,42338,42348,10
12.9171895981,80.1917190552,42348,42358,10
12.9172201157,80.1915130615,42358,42368,10
12.9172201157,80.1914367676,42368,42378,10
12.9173002243,80.1909866333,42378,42388,10
12.9173402786,80.1903991699,42388,42398,10
12.9175195694,80.1896972656,42398,42408,10
12.9179296494,80.1888580322,42408,42418,10
12.9184904099,80.1881866455,42418,42428,10
12.9191102982,80.1875228882,42428,42439,11
12.9199199677,80.1865768433,42439,42449,10
12.9205303192,80.1858062744,42449,42459,10
12.9204597473,80.1848220825,42459,42469,10
12.9202604294,80.1839370728,42469,42479,10
12.9200201035,80.1828613281,42479,42489,10
12.9197998047,80.181892395,42489,42499,10
12.9195899963,80.1809463501,42499,42509,10
12.9194402695,80.1801834106,42509,42519,10
12.9191703796,80.1793289185,42519,42529,10
12.918800354,80.1787796021,42529,42540,11
12.918299675,80.1780929565,42540,42550,10
12.9182500839,80.1771774292,42550,42560,10
12.9184103012,80.1762313843,42560,42570,10
12.918680191,80.1751937866,42570,42580,10
12.9189395905,80.1740570068,42580,42590,10
12.9192495346,80.1728820801,42590,42600,10
12.9195098877,80.1718978882,42600,42610,10
12.9197998047,80.1709823608,42610,42620,10
12.9201202393,80.1700363159,42620,42631,11
12.920539856,80.1686706543,42631,42641,10
12.9209098816,80.1675720215,42641,42651,10
12.9212703705,80.1664199829,42651,42661,10
12.9216499329,80.1652526855,42661,42671,10
12.9219999313,80.1641998291,42671,42681,10
12.9223003387,80.1632080078,42681,42691,10
12.9226303101,80.1622009277,42691,42701,10
12.922949791,80.1611862183,42701,42711,10
12.9232196808,80.1603088379,42711,42721,10
12.9233999252,80.1592102051,42721,42731,10
12.9234895706,80.1580810547,42731,42742,11
12.9235897064,80.1570892334,42742,42752,10
12.9236402512,80.1563568115,42752,42762,10
12.9235696793,80.1555786133,42762,42772,10
12.9234399796,80.1550979614,42772,42782,10
12.9232997894,80.1544876099,42782,42792,10
12.9231004715,80.153678894,42792,42802,10
12.9229402542,80.1530380249,42802,42812,10
12.9227800369,80.1524810791,42812,42822,10
12.9227800369,80.1524581909,42822,42832,10
12.9227800369,80.1523590088,42832,42843,11
12.9226903915,80.1519393921,42843,42853,10
12.9226303101,80.1518783569,42853,42863,10
12.9224500656,80.1519165039,42863,42883,20
12.9224500656,80.1519165039,42883,42893,10
12.9220304489,80.1520004272,42893,42903,10
12.9212999344,80.1521530151,42903,44652,1749
12.9284496307,80.2001800537,44652,44664,12
12.9284801483,80.2009887695,44664,44672,8
12.9285001755,80.2013778687,44672,44684,12
12.9285202026,80.2019729614,44684,44694,10
12.9287595749,80.2026062012,44694,44704,10
12.9293403625,80.2027130127,44704,44714,10
12.9300804138,80.2027816772,44714,44724,10
12.9308795929,80.2029571533,44724,44735,11
12.9318199158,80.2032623291,44735,44746,11
12.9325799942,80.2034988403,44746,44756,10
12.9332504272,80.2037582397,44756,44766,10
12.9339599609,80.2038726807,44766,44776,10
12.9340295792,80.2038879395,44776,44786,10
12.9340496063,80.2039108276,44786,44796,10
12.9344396591,80.203918457,44796,44806,10
12.9351196289,80.2040634155,44806,44817,11
12.9357795715,80.2043228149,44817,44827,10
12.9360599518,80.2044219971,44827,44837,10
12.9365901947,80.2045822144,44837,44847,10
12.9372396469,80.204750061,44847,44857,10
12.9379196167,80.2049484253,44857,44867,10
12.9386997223,80.2051773071,44867,44877,10
12.9394102097,80.2053909302,44877,44887,10
12.9400100708,80.205581665,44887,44897,10
12.9401597977,80.2056274414,44897,44907,10
12.940580368,80.2057571411,44907,44918,11
12.9413404465,80.2060928345,44918,44927,9
12.942029953,80.2065811157,44927,44938,11
12.9427204132,80.2072067261,44938,44948,10
12.9432897568,80.207901001,44948,44957,9
12.9440498352,80.2082366943,44957,44968,11
12.944899559,80.2085571289,44968,44978,10
12.945980072,80.2089920044,44978,44988,10
12.946969986,80.2093811035,44988,44998,10
12.9478702545,80.2097167969,44998,45008,10
12.9487400055,80.2100601196,45008,45017,9
12.9497098923,80.2104415894,45017,45029,12
12.9511995316,80.2110366821,45029,45039,10
12.9524002075,80.211517334,45039,45049,10
12.9534196854,80.2119064331,45049,45059,10
12.954460144,80.2123184204,45059,45069,10
12.9555101395,80.2127380371,45069,45079,10
12.9564304352,80.2130813599,45079,45089,10
12.9574203491,80.213470459,45089,45099,10
12.9584598541,80.2138977051,45099,45109,10
12.9594402313,80.2142791748,45109,45120,11
12.9605703354,80.2147369385,45120,45130,10
12.961640358,80.2151870728,45130,45140,10
12.9626998901,80.2156066895,45140,45150,10
12.9634399414,80.2158889771,45150,45160,10
12.9636802673,80.2159881592,45160,45170,10
12.9642496109,80.2162322998,45170,45186,16
12.9655103683,80.2167434692,45186,45198,12
12.9664096832,80.2171020508,45198,45208,10
12.9670600891,80.2173614502,45208,45218,10
12.9677200317,80.217628479,45218,45229,11
12.9683198929,80.217880249,45229,45239,10
12.9690599442,80.2181625366,45239,45249,10
12.9700298309,80.218536377,45249,45258,9
12.9708499908,80.2188415527,45258,45269,11
12.971329689,80.21900177,45269,45278,9
12.9713897705,80.2190170288,45278,45288,10
12.9717197418,80.2191772461,45288,45299,11
12.9723997116,80.2194595337,45299,45309,10
12.9731903076,80.2197418213,45309,45320,11
12.9740495682,80.2201004028,45320,45330,10
12.9746704102,80.220413208,45330,45340,10
12.9752101898,80.2206420898,45340,45350,10
12.9755802155,80.2204437256,45350,45360,10
12.9760599136,80.2201309204,45360,45370,10
12.9764204025,80.2199401855,45370,45380,10
12.9766302109,80.2198791504,45380,45390,10
12.9771604538,80.2196807861,45390,45400,10
12.9779195786,80.219367981,45400,45410,10
12.9785604477,80.2191162109,45410,45421,11
12.9791002274,80.2189025879,45421,45431,10
12.9798297882,80.2186203003,45431,45441,10
12.980629921,80.2182998657,45441,45451,10
12.9815502167,80.217956543,45451,45461,10
12.9822797775,80.2178497314,45461,45471,10
12.982460022,80.2178497314,45471,45481,10
12.9830102921,80.2178497314,45481,45491,10
12.9837398529,80.2178192139,45491,45492,1
12.9837799072,80.2178192139,45492,45532,40
12.9850597382,80.2178268433,45532,45542,10
12.98595047,80.217918396,45542,45552,10
12.9868402481,80.218132019,45552,45562,10
12.9874095917,80.21824646,45562,45572,10
12.9880800247,80.2183837891,45572,45582,10
12.988940239,80.2186126709,45582,45592,10
12.9898796082,80.2189331055,45592,45602,10
12.990940094,80.2192611694,45602,45612,10
12.9918003082,80.219329834,45612,45630,18
12.9927396774,80.2186889648,45630,45640,10
12.9932203293,80.2182922363,45640,45648,8
12.993639946,80.2179794312,45648,45660,12
12.9940299988,80.2176818848,45660,45669,9
12.9944095612,80.2174224854,45669,45680,11
12.9946804047,80.2172164917,45680,45690,10
12.9950304031,80.2170028687,45690,45700,10
12.9953804016,80.2167816162,45700,45710,10
12.9959602356,80.216583252,45710,45721,11
12.9968099594,80.2164611816,45721,45731,10
12.9975795746,80.2159729004,45731,45751,20
12.9975795746,80.2159729004,45751,45761,10
12.9977397919,80.2158813477,45761,45771,10
12.9981002808,80.2155532837,45771,45781,10
12.9986400604,80.2150497437,45781,45791,10
12.9990797043,80.2147064209,45791,45801,10
12.9993801117,80.2144088745,45801,45811,10
12.9998397827,80.2140426636,45811,45822,11
13.0005102158,80.213432312,45822,45832,10
13.001159668,80.2129135132,45832,45842,10
13.0016803741,80.2125167847,45842,45852,10
13.0020999908,80.2122497559,45852,45862,10
13.0028495789,80.212059021,45862,45872,10
13.0037403107,80.2119903564,45872,45882,10
13.0045795441,80.2122802734,45882,45892,10
13.0053396225,80.2127075195,45892,45902,10
13.0061197281,80.2127990723,45902,45912,10
13.0069303513,80.2127227783,45912,45923,11
13.0076398849,80.212852478,45923,45933,10
13.0076904297,80.212890625,45933,45943,10
13.0078496933,80.2130279541,45943,45953,10
13.0079603195,80.213142395,45953,45963,10
13.0084104538,80.2133331299,45963,45973,10
13.0088796616,80.2138824463,45973,45983,10
13.0094203949,80.2146224976,45983,45993,10
13.0099201202,80.2153015137,45993,46003,10
13.0104799271,80.2159118652,46003,46013,10
13.0107803345,80.2166595459,46013,46024,11
13.0110998154,80.2174301147,46024,46034,10
13.011300087,80.2180023193,46034,46044,10
13.0116100311,80.2187728882,46044,46054,10
13.0119304657,80.2197113037,46054,46064,10
13.012260437,80.2207870483,46064,46080,16
13.0128002167,80.2220611572,46080,46092,12
13.0133600235,80.2227478027,46092,46102,10
13.0139598846,80.2234115601,46102,46112,10
13.0145101547,80.2240371704,46112,46122,10
13.0150604248,80.2245864868,46122,46133,11
13.0151100159,80.2246322632,46133,46143,10
13.0153503418,80.224861145,46143,46153,10
13.0155296326,80.2249984741,46153,46163,10
13.0155897141,80.2250976563,46163,46173,10
13.0159397125,80.2253189087,46173,46183,10
13.0166196823,80.2252731323,46183,46193,10
13.0174798965,80.2249221802,46193,46203,10
13.0184297562,80.2245178223,46203,46213,10
13.0192403793,80.2243423462,46213,46223,10
13.0194597244,80.2243728638,46223,46234,11
13.0197601318,80.2245483398,46234,46244,10
13.020190239,80.224861145,46244,46254,10
13.0207700729,80.2252883911,46254,46264,10
13.0213499069,80.2257385254,46264,46274,10
13.0219402313,80.2261276245,46274,46284,10
13.0220403671,80.2262115479,46284,46294,10
13.0222702026,80.2264404297,46294,46304,10
13.0227098465,80.2268371582,46304,46314,10
13.0232200623,80.2273178101,46314,46324,10
13.0238103867,80.2278518677,46324,46334,10
13.024310112,80.2284622192,46334,46345,11
13.0243196487,80.2284698486,46345,46355,10
13.0243501663,80.2285003662,46355,46365,10
13.0245895386,80.2288131714,46365,46375,10
13.0250301361,80.2294082642,46375,46385,10
13.0256004333,80.2301712036,46385,46395,10
13.0259799957,80.231010437,46395,46405,10
13.0262498856,80.2312774658,46405,46415,10
13.0269498825,80.2311019897,46415,46426,11
13.0278100967,80.2309417725,46426,46436,10
13.0284204483,80.2309188843,46436,46445,9
13.0284404755,80.2309188843,46445,46456,11
13.0287303925,80.2309036255,46456,46466,10
13.0288896561,80.2308883667,46466,46476,10
13.0291004181,80.2308807373,46476,46486,10
13.0294504166,80.2308425903,46486,46496,10
13.0299501419,80.230758667,46496,46506,10
13.0303401947,80.23072052,46506,46516,10
13.0305404663,80.2307128906,46516,46527,11
13.0309000015,80.2306671143,46527,46537,10
13.0317401886,80.2306137085,46537,46567,30
13.0317401886,80.2306137085,46567,46577,10
13.031999588,80.2305831909,46577,46587,10
13.0325498581,80.2305374146,46587,46597,10
13.0332698822,80.2304611206,46597,46607,10
13.0338096619,80.2304229736,46607,46616,9
13.0342102051,80.2303771973,46616,46627,11
13.0346298218,80.2302932739,46627,46688,61
13.0346298218,80.2302932739,46688,46698,10
13.0350198746,80.2301864624,46698,46708,10
13.0350999832,80.2301712036,46708,46718,10
13.0349798203,80.2303237915,46718,46729,11
13.034529686,80.2303695679,46729,46739,10
13.0343399048,80.2304077148,46739,46749,10
13.0339603424,80.2304534912,46749,46759,10
13.0334796906,80.23046875,46759,46769,10
13.0327997208,80.2305221558,46769,46779,10
13.0320701599,80.2305908203,46779,46789,10
13.0313100815,80.2306594849,46789,46799,10
13.0307798386,80.23072052,46799,46808,9
13.0302095413,80.2307662964,46808,46819,11
13.0296001434,80.2308502197,46819,46830,11
13.0289497375,80.2309036255,46830,46840,10
13.0282497406,80.2309570313,46840,46850,10
13.0277299881,80.231048584,46850,46860,10
13.0276699066,80.2314224243,46860,46870,10
13.0277500153,80.2321166992,46870,46880,10
13.0278902054,80.2327194214,46880,46890,10
13.0272502899,80.2329330444,46890,46910,20
13.0272502899,80.2329330444,46910,46920,10
13.0270395279,80.232963562,46920,46931,11
13.0267696381,80.233001709,46931,46941,10
13.02643013,80.2328109741,46941,46951,10
13.0262403488,80.2322006226,46951,46961,10
13.0261201859,80.2316131592,46961,46981,20
13.0261201859,80.2316131592,46981,46991,10
13.0261297226,80.2315216064,46991,47001,10
13.0260095596,80.231086731,47001,47011,10
13.0257101059,80.2303466797,47011,47021,10
13.0250701904,80.2295074463,47021,47032,11
13.0244102478,80.2286376953,47032,47042,10
13.0237197876,80.2278137207,47042,47052,10
13.0229196548,80.2271194458,47052,47062,10
13.0221204758,80.2264328003,47062,47072,10
13.0213603973,80.2257995605,47072,47082,10
13.0206298828,80.2252578735,47082,47092,10
13.0198898315,80.2247467041,47092,47102,10
13.018910408,80.2244873047,47102,47112,10
13.0179901123,80.2248306274,47112,47122,10
13.0170402527,80.2251968384,47122,47133,11
13.0163698196,80.2255020142,47133,47143,10
13.0158395767,80.2256622314,47143,47153,10
13.0152902603,80.2258682251,47153,47163,10
13.0150403976,80.2259521484,47163,47173,10
13.0145397186,80.2260818481,47173,47193,20
13.0145397186,80.2260818481,47193,47203,10
13.0143995285,80.2261276245,47203,47213,10
13.0142002106,80.2261276245,47213,47223,10
13.0142202377,80.2258224487,47223,47234,11
13.0144395828,80.225440979,47234,47250,16
13.0142002106,80.2255783081,47250,47434,184
13.0142002106,80.2255783081,47434,47444,10
13.0142097473,80.2257003784,47444,47454,10
13.0145397186,80.2259597778,47454,49496,2042
13.0145397186,80.2259597778,49496,49506,10
13.0142202377,80.2259368896,49506,49516,10
13.0142097473,80.2261962891,49516,49526,10
13.0141601563,80.2262878418,49526,49536,10
13.0137195587,80.2264480591,49536,49547,11
13.0129804611,80.2267532349,49547,49557,10
13.0122098923,80.2270507813,49557,49567,10
13.0113201141,80.2273864746,49567,49577,10
13.0103502274,80.2277679443,49577,49587,10
13.00963974,80.2278823853,49587,49597,10
13.0096702576,80.2273025513,49597,49607,10
13.0099697113,80.2265930176,49607,49617,10
13.0103397369,80.225769043,49617,49627,10
13.0105895996,80.2251815796,49627,49637,10
13.0107097626,80.224937439,49637,49648,11
13.0109596252,80.2243423462,49648,49658,10
13.0112304688,80.2236785889,49658,49668,10
13.0115499496,80.2233428955,49668,49678,10
13.012140274,80.2236709595,49678,49688,10
13.0126895905,80.2239303589,49688,49698,10
13.0350399017,80.2300415039,49698,50298,600
13.0348997116,80.2298431396,50298,50357,59
13.0345602036,80.2298126221,50357,50510,153
13.0341901779,80.2298202515,50510,50611,101
13.0342102051,80.2302093506,50611,50651,40
13.0342102051,80.2302093506,50651,50661,10
13.0338602066,80.2304077148,50661,50672,11
13.0335903168,80.23046875,50672,50682,10
13.0331096649,80.2305221558,50682,50692,10
13.0325498581,80.2305297852,50692,50702,10
13.0320501328,80.2306137085,50702,50712,10
13.0320301056,80.2305984497,50712,50722,10
13.0317802429,80.2306289673,50722,50732,10
13.0312004089,80.2306976318,50732,50742,10
13.030579567,80.2307434082,50742,50752,10
13.0301504135,80.230796814,50752,50762,10
13.0297803879,80.2308425903,50762,50773,11
13.0294904709,80.2308578491,50773,50783,10
13.0288896561,80.2309188843,50783,50793,10
13.0281400681,80.231010437,50793,50803,10
13.0276699066,80.2310714722,50803,50813,10
13.027680397,80.2315292358,50813,50823,10
13.0277700424,80.2322006226,50823,50833,10
13.0277900696,80.2327804565,50833,50843,10
13.0271501541,80.2329406738,50843,50894,51
13.0271501541,80.2329406738,50894,50904,10
13.0268096924,80.2329483032,50904,50914,10
13.0264997482,80.232963562,50914,50930,16
13.0261201859,80.2320022583,50930,50942,12
13.0259103775,80.2311477661,50942,50950,8
13.0256996155,80.2305831909,50950,50962,12
13.0251197815,80.2297134399,50962,50973,11
13.0246295929,80.2291030884,50973,50993,20
13.0246295929,80.2291030884,50993,51003,10
13.024479866,80.2288970947,51003,51013,10
13.0241603851,80.2284317017,51013,51023,10
13.0236797333,80.2278823853,51023,51033,10
13.0234003067,80.2276000977,51033,51043,10
13.0229997635,80.2273788452,51043,51074,31
13.0229997635,80.2273788452,51074,51084,10
13.0228099823,80.2272567749,51084,51094,10
13.0225801468,80.2269210815,51094,51104,10
13.022190094,80.2265472412,51104,51114,10
13.0215797424,80.226020813,51114,51124,10
13.0209102631,80.2254867554,51124,51140,16
13.0201301575,80.2249832153,51140,51152,12
13.0201196671,80.2249832153,51152,51160,8
13.0200500488,80.2249221802,51160,51172,12
13.0195398331,80.2246170044,51172,51182,10
13.0187501907,80.2245635986,51182,51193,11
13.0178604126,80.2249069214,51193,51203,10
13.0169095993,80.2253112793,51203,51213,10
13.0161600113,80.2256164551,51213,51222,9
13.015540123,80.2258224487,51222,51233,11
13.015130043,80.2260131836,51233,51242,9
13.0149097443,80.2260894775,51242,51252,10
13.0143299103,80.2263183594,51252,51263,11
13.0138998032,80.2265167236,51263,51284,21
13.0138998032,80.2265167236,51284,51294,10
13.0135097504,80.2265930176,51294,51304,10
13.0129098892,80.2268218994,51304,51314,10
13.012140274,80.2271270752,51314,51324,10
13.0111703873,80.2274932861,51324,51334,10
13.0101804733,80.2278823853,51334,51344,10
13.0095100403,80.2277374268,51344,51354,10
13.0096902847,80.2272109985,51354,51364,10
13.0100097656,80.2264785767,51364,51375,11
13.0103902817,80.2255630493,51375,51385,10
13.0107498169,80.2248001099,51385,51395,10
13.0109395981,80.2242507935,51395,51405,10
13.011179924,80.2235717773,51405,51415,10
13.0110797882,80.2231292725,51415,51425,10
13.0104398727,80.2228164673,51425,51434,9
13.0098400116,80.2224884033,51434,51445,11
13.0090103149,80.2220077515,51445,51455,10
13.0081501007,80.2215194702,51455,51466,11
13.0072498322,80.2210617065,51466,51476,10
13.0062398911,80.2206192017,51476,51486,10
13.0051202774,80.2203674316,51486,51496,10
13.0040998459,80.2201309204,51496,51506,10
13.0032100677,80.2199020386,51506,51516,10
13.0024795532,80.2195281982,51516,51526,10
13.0019197464,80.2189178467,51526,51536,10
13.0013399124,80.2183914185,51536,51546,10
13.0007696152,80.2180404663,51546,51556,10
13.0001602173,80.2176513672,51556,51566,10
12.9995698929,80.2172927856,51566,51577,11
12.99862957,80.2168197632,51577,51586,9
12.9978399277,80.2165679932,51586,51597,11
12.9973802567,80.2165374756,51597,51607,10
12.9971904755,80.2165374756,51607,51617,10
12.9967498779,80.2165603638,51617,51627,10
12.9960899353,80.2166900635,51627,51637,10
12.9953203201,80.2169189453,51637,51647,10
12.9950199127,80.2171096802,51647,51657,10
12.9949398041,80.2171401978,51657,51667,10
12.9946098328,80.217376709,51667,51678,11
12.994099617,80.2177886963,51678,51688,10
12.993470192,80.2182006836,51688,51698,10
12.9928398132,80.2186584473,51698,51708,10
12.9920902252,80.2192077637,51708,51718,10
12.9913597107,80.2197723389,51718,51728,10
12.9907903671,80.2201766968,51728,51738,10
12.9906196594,80.2202987671,51738,51748,10
12.9901695251,80.2206573486,51748,51758,10
12.989569664,80.2212905884,51758,51769,11
12.9890003204,80.2220535278,51769,51779,10
12.9884395599,80.2226486206,51779,51789,10
12.9877996445,80.2230987549,51789,51799,10
12.987279892,80.2230987549,51799,51809,10
12.9867801666,80.2230224609,51809,51819,10
12.9861402512,80.2229995728,51819,51829,10
12.9855499268,80.2232284546,51829,51839,10
12.9850902557,80.2232513428,51839,51849,10
12.9845104218,80.2229614258,51849,51859,10
12.983880043,80.2226028442,51859,51869,10
12.9836797714,80.2225036621,51869,51880,11
12.9833498001,80.2222595215,51880,51890,10
12.9831800461,80.2221221924,51890,51900,10
12.9828996658,80.2219772339,51900,51910,10
12.9825000763,80.2218780518,51910,51920,10
12.9821395874,80.2216873169,51920,51930,10
12.9817199707,80.2213821411,51930,51940,10
12.9810400009,80.2210769653,51940,51950,10
12.9802598953,80.2210769653,51950,51960,10
12.9795303345,80.2211227417,51960,51971,11
12.9787502289,80.2211685181,51971,51981,10
12.9779596329,80.2211837769,51981,51991,10
12.9772500992,80.2211990356,51991,52001,10
12.9764795303,80.2211990356,52001,52011,10
12.9760799408,80.2212219238,52011,52041,30
12.975810051,80.2211303711,52041,52061,20
12.975810051,80.2211303711,52061,52071,10
12.9755601883,80.2209396362,52071,52082,11
12.9754199982,80.2207870483,52082,52092,10
12.9751796722,80.2206497192,52092,52102,10
12.9746198654,80.2203979492,52102,52112,10
12.973859787,80.2200622559,52112,52122,10
12.972990036,80.2197265625,52122,52132,10
12.9720096588,80.219367981,52132,52141,9
12.9713401794,80.2191467285,52141,52152,11
12.9704303741,80.2187805176,52152,52162,10
12.9694795609,80.2184066772,52162,52173,11
12.9684495926,80.2180023193,52173,52183,10
12.9675502777,80.2176437378,52183,52193,10
12.9665298462,80.2172775269,52193,52203,10
12.9654302597,80.2168197632,52203,52212,9
12.9644098282,80.2164230347,52212,52223,11
12.963549614,80.2160186768,52223,52233,10
12.9626398087,80.215637207,52233,52243,10
12.9616003036,80.2152633667,52243,52253,10
12.9605197906,80.2148284912,52253,52263,10
12.9594297409,80.2144088745,52263,52273,10
12.9583501816,80.2139587402,52273,52284,11
12.9571304321,80.2134628296,52284,52294,10
12.9560098648,80.2130203247,52294,52304,10
12.9548797607,80.2125930786,52304,52314,10
12.9537696838,80.2121582031,52314,52323,9
12.9528102875,80.2117462158,52323,52334,11
12.9517297745,80.2113265991,52334,52344,10
12.9505500793,80.2108612061,52344,52354,10
12.9495401382,80.2104721069,52354,52364,10
12.9485397339,80.210067749,52364,52375,11
12.9473199844,80.209602356,52375,52385,10
12.9460697174,80.2090988159,52385,52395,10
12.9450101852,80.2086868286,52395,52405,10
12.9442195892,80.2083892822,52405,52415,10
12.9441299438,80.2083587646,52415,52425,10
12.9440202713,80.2083129883,52425,55591,3166
12.9204101563,80.1860580444,55591,55603,12
12.9198503494,80.1867294312,55603,55613,10
12.9190502167,80.1876373291,55613,55625,12
12.9183597565,80.1884536743,55625,55635,10
12.917719841,80.1892700195,55635,55644,9
12.9174604416,80.1901779175,55644,55655,11
12.9173202515,80.1911773682,55655,55665,10
12.9172296524,80.1919174194,55665,55675,10
12.917090416,80.193107605,55675,55804,129
12.917090416,80.193107605,55804,55816,12
12.9170999527,80.1931686401,55816,55826,10
12.9170799255,80.1934814453,55826,55837,11
12.9172201157,80.1942367554,55837,55846,9
12.9176998138,80.1947784424,55846,55857,11
12.918390274,80.1954116821,55857,55867,10
12.9190502167,80.1959991455,55867,55877,10
12.9199104309,80.1964797974,55877,55887,10
12.9206800461,80.1967391968,55887,55897,10
12.9210395813,80.1968536377,55897,55907,10
12.9216499329,80.1970901489,55907,55917,10
12.9225502014,80.1972885132,55917,55928,11
12.9234399796,80.1974029541,55928,55938,10
12.9242401123,80.1974411011,55938,55948,10
12.925160408,80.1974411011,55948,55958,10
12.925450325,80.1974411011,55958,55968,10
12.9260702133,80.1974563599,55968,55978,10
12.9268598557,80.1976928711,55978,55988,10
12.9276103973,80.1982421875,55988,55998,10
12.9280595779,80.1990280151,55998,56014,16
12.9284601212,80.2005233765,56014,56026,12
12.9285001755,80.2016525269,56026,56037,11
12.928560257,80.2023620605,56037,56047,10
12.9292097092,80.2026519775,56047,56057,10
12.9294595718,80.2026824951,56057,56067,10
12.9295597076,80.2026977539,56067,56077,10
12.9300203323,80.2027511597,56077,56087,10
12.9307699203,80.2028808594,56087,56097,10
12.9316396713,80.203163147,56097,56107,10
12.9323997498,80.2034225464,56107,56117,10
12.9329395294,80.2035980225,56117,56128,11
12.9336795807,80.2038192749,56128,56138,10
12.9340000153,80.2038421631,56138,56148,10
12.9342002869,80.2038497925,56148,56158,10
12.9347400665,80.203918457,56158,56168,10
12.9354200363,80.2041931152,56168,56178,10
12.9362096786,80.2044677734,56178,56188,10
12.9370098114,80.2046966553,56188,56198,10
12.9378004074,80.2049179077,56198,56208,10
12.9382295609,80.2050170898,56208,56218,10
12.9386501312,80.2051620483,56218,56229,11
12.939499855,80.205406189,56229,56239,10
12.9400196075,80.2055587769,56239,56249,10
12.9402503967,80.2056427002,56249,56259,10
12.9407501221,80.2058029175,56259,56269,10
12.9413995743,80.2061309814,56269,56279,10
12.9420604706,80.2066192627,56279,56289,10
12.9426803589,80.2071990967,56289,56299,10
12.943189621,80.2078399658,56299,56309,10
12.9439496994,80.2082214355,56309,56319,10
12.9444198608,80.2083587646,56319,56329,10
12.9446001053,80.2084197998,56329,56340,11
12.9452400208,80.2086715698,56340,56350,10
12.9460096359,80.2089691162,56350,56366,16
12.9472999573,80.2094802856,56366,56378,12
12.9481801987,80.2098236084,56378,56388,10
12.9487600327,80.2100524902,56388,56398,10
12.9497804642,80.2104568481,56398,56408,10
12.9509096146,80.2109069824,56408,56418,10
12.9518604279,80.2113037109,56418,56428,10
12.952870369,80.2116928101,56428,56439,11
12.9539699554,80.2121505737,56439,56449,10
12.955039978,80.2125778198,56449,56459,10
12.9561195374,80.2129898071,56459,56469,10
12.9572095871,80.2134170532,56469,56479,10
12.9583101273,80.2138595581,56479,56489,10
12.9593000412,80.2142410278,56489,56499,10
12.9601898193,80.2146377563,56499,56509,10
12.9611797333,80.2150192261,56509,56519,10
12.9622001648,80.215423584,56519,56530,11
12.9631795883,80.2157974243,56530,56540,10
12.9638795853,80.2160873413,56540,56550,10
12.964679718,80.2164535522,56550,56560,10
12.9656400681,80.2168426514,56560,56570,10
12.9665803909,80.2172012329,56570,56580,10
12.9674596786,80.2175369263,56580,56590,10
12.9681196213,80.2178115845,56590,56600,10
12.9688596725,80.2181015015,56600,56610,10
12.9697704315,80.2184524536,56610,56620,10
12.9707603455,80.2188415527,56620,56631,11
12.971739769,80.2192306519,56631,56641,10
12.972700119,80.2195968628,56641,56651,10
12.9736700058,80.2199630737,56651,56661,10
12.9743795395,80.2202835083,56661,56671,10
12.9749298096,80.220489502,56671,56732,61
12.9749298096,80.220489502,56732,56742,10
12.9750995636,80.2205963135,56742,56752,10
12.9754495621,80.2205963135,56752,56762,10
12.9758396149,80.2202606201,56762,56772,10
12.9760904312,80.2201004028,56772,56782,10
12.9764499664,80.2199172974,56782,56792,10
12.9771003723,80.2196426392,56792,56802,10
12.9778995514,80.2193069458,56802,56812,10
12.9784803391,80.2190704346,56812,56822,10
12.978969574,80.2189178467,56822,56833,11
12.9797897339,80.2185821533,56833,56843,10
12.9806003571,80.2182388306,56843,56853,10
12.9815502167,80.2179107666,56853,56863,10
12.9825601578,80.2178268433,56863,56873,10
12.9835596085,80.2178115845,56873,56883,10
12.9838104248,80.2177886963,56883,56893,10
12.9840297699,80.2177963257,56893,56903,10
12.9846401215,80.2177963257,56903,56913,10
12.9855098724,80.2178268433,56913,56923,10
12.9864997864,80.2180404663,56923,56934,11
12.9874296188,80.2182388306,56934,56944,10
12.9882202148,80.2184066772,56944,56954,10
12.9891700745,80.2186889648,56954,56964,10
12.989780426,80.2188796997,56964,56974,10
12.990480423,80.2191085815,56974,56984,10
12.9913396835,80.2193908691,56984,56994,10
12.9919204712,80.2192611694,56994,57004,10
12.9924097061,80.2189025879,57004,57014,10
12.9931697845,80.2183380127,57014,57024,10
12.9937801361,80.217880249,57024,57034,10
12.9943599701,80.2175216675,57034,57045,11
12.9948596954,80.2171401978,57045,57055,10
12.9953804016,80.2168197632,57055,57065,10
12.9960203171,80.2166137695,57065,57075,10
12.9968099594,80.2164764404,57075,57085,10
12.9973602295,80.2162322998,57085,57095,10
12.9975004196,80.2161026001,57095,57105,10
12.9977798462,80.2158584595,57105,57115,10
12.9982595444,80.2154769897,57115,57125,10
12.9988899231,80.2149734497,57125,57136,11
12.9992303848,80.2146606445,57136,57146,10
12.9996595383,80.2142791748,57146,57156,10
13.0000600815,80.2139282227,57156,57166,10
13.0005702972,80.2134475708,57166,57176,10
13.0011396408,80.2129974365,57176,57186,10
13.0016899109,80.2125778198,57186,57196,10
13.0023202896,80.2122116089,57196,57205,9
13.0028400421,80.2120895386,57205,57216,11
13.0035800934,80.2120285034,57216,57226,10
13.0037899017,80.2119903564,57226,57237,11
13.004240036,80.2121200562,57237,57247,10
13.00481987,80.212348938,57247,57257,10
13.0054597855,80.2127380371,57257,57267,10
13.0061798096,80.2127380371,57267,57277,10
13.0069303513,80.2126998901,57277,57287,10
13.0076704025,80.212890625,57287,57297,10
13.0078601837,80.2130889893,57297,57307,10
13.0079803467,80.213180542,57307,57317,10
13.0082397461,80.2132873535,57317,57327,10
13.0087003708,80.2136383057,57327,57338,11
13.0092496872,80.2143783569,57338,57348,10
13.0096797943,80.2150192261,57348,57358,10
13.0101203918,80.2155914307,57358,57368,10
13.0105695724,80.2162399292,57368,57378,10
13.0108804703,80.2170333862,57378,57388,10
13.0112600327,80.217880249,57388,57398,10
13.0116100311,80.2187576294,57398,57408,10
13.0119104385,80.2197570801,57408,57418,10
13.0122299194,80.2207794189,57418,57428,10
13.0125198364,80.2214126587,57428,57439,11
13.013010025,80.2220306396,57439,57449,10
13.0133495331,80.2224884033,57449,57459,10
13.0136299133,80.222869873,57459,57469,10
13.0137996674,80.2230834961,57469,57479,10
13.0141201019,80.2234725952,57479,57489,10
13.0143404007,80.2237625122,57489,57499,10
13.0150403976,80.224609375,57499,57530,31
13.0150403976,80.224609375,57530,57540,10
13.0151596069,80.2247390747,57540,57550,10
13.0153598785,80.2248764038,57550,57560,10
13.0154304504,80.2248764038,57560,57570,10
13.0157203674,80.2251586914,57570,57580,10
13.016289711,80.2252578735,57580,57590,10
13.0170097351,80.2250595093,57590,57600,10
13.0177698135,80.2247390747,57600,57610,10
13.0186100006,80.2244262695,57610,57620,10
13.0197696686,80.2245330811,57620,57651,31
13.0197696686,80.2245330811,57651,57661,10
13.019949913,80.2247314453,57661,57671,10
13.0204200745,80.2250518799,57671,57681,10
13.0210800171,80.2255325317,57681,57691,10
13.0217599869,80.2260513306,57691,57701,10
13.0220298767,80.2262420654,57701,57711,10
13.0222702026,80.2264480591,57711,57721,10
13.0227298737,80.2268600464,57721,57732,11
13.0233402252,80.2274398804,57732,57742,10
13.023900032,80.2279815674,57742,57752,10
13.0243997574,80.228553772,57752,57762,10
13.0248603821,80.2292098999,57762,57772,10
13.0254096985,80.2299118042,57772,57782,10
13.0258903503,80.2306671143,57782,57812,30
13.0258903503,80.2306671143,57812,57822,10
13.0259304047,80.230796814,57822,57839,17
13.0261802673,80.231338501,57839,57851,12
13.0269498825,80.2312011719,57851,57859,8
13.0275802612,80.2310409546,57859,57871,12
13.0288600922,80.2309036255,57871,57891,20
13.0288600922,80.2309036255,57891,57901,10
13.0290002823,80.2308883667,57901,57909,8
13.0293197632,80.2308731079,57909,57921,12
13.0298404694,80.2308197021,57921,57931,10
13.0302801132,80.2307662964,57931,57942,11
13.0306596756,80.2307281494,57942,57952,10
13.0312099457,80.230682373,57952,57962,10
13.0318403244,80.2306137085,57962,57972,10
13.032500267,80.2305374146,57972,57981,9
13.033080101,80.2305221558,57981,57992,11
13.0333499908,80.2305221558,57992,58002,10
13.0335903168,80.2304992676,58002,58012,10
13.0339002609,80.23046875,58012,58022,10
13.0347204208,80.2303237915,58022,58109,87
13.0347204208,80.2303237915,58109,58121,12
13.0349397659,80.2301177979,58121,58131,10
13.034819603,80.2299804688,58131,58839,708
13.0344495773,80.2299804688,58839,59657,818
13.0341796875,80.23021698,59657,59839,182
13.0341796875,80.23021698,59839,59849,10
13.0340995789,80.23046875,59849,59859,10
13.0337295532,80.2304916382,59859,59869,10
13.0329904556,80.2305297852,59869,59878,9
13.0322599411,80.2305984497,59878,59889,11
13.0312795639,80.230682373,59889,59899,10
13.0305204391,80.2307510376,59899,59909,10
13.0298299789,80.2308273315,59909,59919,10
13.0293502808,80.2308578491,59919,59929,10
13.0286998749,80.2309188843,59929,59940,11
13.0279598236,80.2310028076,59940,59950,10
13.027680397,80.2310409546,59950,59960,10
13.0276699066,80.2314834595,59960,59968,8
13.0277395248,80.2319717407,59968,59980,12
13.0278701782,80.2326812744,59980,59990,10
13.0275402069,80.2328720093,59990,60000,10
13.0270395279,80.2329788208,60000,60010,10
13.0269804001,80.2329864502,60010,60020,10
13.0268697739,80.233001709,60020,60030,10
13.0266199112,80.2330322266,60030,60041,11
13.0263004303,80.2327194214,60041,60051,10
13.0261001587,80.2320404053,60051,60061,10
13.0259199142,80.2312164307,60061,60071,10
13.0256204605,80.2304382324,60071,60081,10
13.0248498917,80.2293930054,60081,60101,20
13.0248498917,80.2293930054,60101,60111,10
13.0247802734,80.2293014526,60111,60121,10
13.024600029,80.2290725708,60121,60131,10
13.0242900848,80.2286529541,60131,60142,11
13.0238599777,80.2281036377,60142,60152,10
13.0232200623,80.2275238037,60152,60192,40
13.0232200623,80.2275238037,60192,60202,10
13.0228996277,80.2273330688,60202,60212,10
13.0227003098,80.2271728516,60212,60222,10
13.0226402283,80.2269973755,60222,60233,11
13.022600174,80.2268600464,60233,60243,10
13.0224704742,80.2267379761,60243,60253,10
13.0220603943,80.2264022827,60253,60263,10
13.0214700699,80.2259368896,60263,60273,10
13.020819664,80.225440979,60273,60283,10
13.0201501846,80.2250137329,60283,60293,10
13.0199804306,80.224899292,60293,60303,10
13.0195302963,80.2246322632,60303,60313,10
13.0187397003,80.2245635986,60313,60323,10
13.0178899765,80.2248916626,60323,60334,11
13.0169801712,80.2252578735,60334,60344,10
13.0163202286,80.2255172729,60344,60354,10
13.0157699585,80.2257080078,60354,60364,10
13.0150299072,80.2259979248,60364,60374,10
13.0143203735,80.2262573242,60374,60384,10
13.0141401291,80.2263793945,60384,60394,10
13.0138196945,80.2264785767,60394,60404,10
13.0132198334,80.2266998291,60404,60414,10
13.0124597549,80.2269897461,60414,60424,10
13.0115299225,80.2273330688,60424,60435,11
13.0104598999,80.2277374268,60435,60445,10
13.0096197128,80.2279205322,60445,60455,10
13.0095796585,80.2274169922,60455,60465,10
13.0098600388,80.2267990112,60465,60475,10
13.010219574,80.2259979248,60475,60485,10
13.0106296539,80.2250900269,60485,60495,10
13.0109300613,80.224357605,60495,60505,10
13.0110797882,80.2239608765,60505,60515,10
13.0110797882,80.2239379883,60515,60525,10
13.0111198425,80.2238388062,60525,60536,11
13.0112895966,80.2234191895,60536,60546,10
13.0115604401,80.2227630615,60546,60556,10
13.0117702484,80.2221679688,60556,60566,10
13.0120000839,80.2215499878,60566,60576,10
13.0121202469,80.2211685181,60576,60586,10
13.0119800568,80.2206573486,60586,60596,10
13.0117301941,80.2199020386,60596,60606,10
13.0114803314,80.2190628052,60606,60616,10
13.011179924,80.2181625366,60616,60626,10
13.0108098984,80.2172164917,60626,60637,11
13.0104198456,80.2163619995,60637,60647,10
13.010020256,80.2156295776,60647,60657,10
13.0095996857,80.2148895264,60657,60667,10
13.0091199875,80.2142791748,60667,60677,10
13.0085697174,80.2135772705,60677,60707,30
13.0085697174,80.2135772705,60707,60717,10
13.0085296631,80.2135467529,60717,60727,10
13.0080003738,80.2132720947,60727,60748,21
13.0080003738,80.2132720947,60748,60758,10
13.0078601837,80.2131576538,60758,60768,10
13.0074195862,80.2128829956,60768,60778,10
13.0067195892,80.2127685547,60778,60788,10
13.0059995651,80.2129821777,60788,60798,10
13.0054597855,80.2128295898,60798,60808,10
13.0047397614,80.2123794556,60808,60818,10
13.0039997101,80.2121200562,60818,60828,10
13.0033597946,80.2121124268,60828,60839,11
13.0029096603,80.2120819092,60839,60849,10
13.0023603439,80.2121963501,60849,60859,10
13.0017299652,80.2125778198,60859,60869,10
13.0011997223,80.2129821777,60869,60879,10
13.0006399155,80.213432312,60879,60889,10
13.0000095367,80.2140197754,60889,60899,10
12.9996004105,80.2143783569,60899,60909,10
12.999130249,80.2147827148,60909,60919,10
12.9989004135,80.2149887085,60919,60929,10
12.998459816,80.2153701782,60929,60940,11
12.9976797104,80.2160491943,60940,60950,10
12.9974098206,80.2163314819,60950,60960,10
12.9973096848,80.2164382935,60960,60970,10
12.997179985,80.2165374756,60970,60980,10
12.9967098236,80.2165679932,60980,60990,10
12.9960603714,80.2166595459,60990,61000,10
12.9952697754,80.2169189453,61000,61010,10
12.9946203232,80.2173690796,61010,61020,10
12.993929863,80.217880249,61020,61030,10
12.9931697845,80.2184066772,61030,61041,11
12.9923095703,80.2190628052,61041,61051,10
12.9915599823,80.219619751,61051,61061,10
12.9909000397,80.2201004028,61061,61071,10
12.9907903671,80.2201919556,61071,61081,10
12.9905395508,80.2203674316,61081,61091,10
12.9900398254,80.2208023071,61091,61101,10
12.9895200729,80.2214431763,61101,61111,10
12.9890403748,80.2220306396,61111,61120,9
12.9887304306,80.2223587036,61120,61130,10
12.9883003235,80.2227478027,61130,61142,12
12.9876098633,80.2231216431,61142,61152,10
12.9873695374,80.2230987549,61152,61162,10
12.9871797562,80.2230834961,61162,61172,10
12.9868402481,80.2230072021,61172,61182,10
12.9863004684,80.2229690552,61182,61192,10
12.9856700897,80.2230682373,61192,61202,10
12.9851999283,80.2232666016,61202,61212,10
12.98458004,80.2229995728,61212,61222,10
12.984000206,80.2226715088,61222,61232,10
12.9835996628,80.2224502563,61232,61243,11
12.9834299088,80.222328186,61243,61253,10
12.9832897186,80.2222366333,61253,61273,20
12.9832897186,80.2222366333,61273,61283,10
12.9831104279,80.2220916748,61283,61293,10
12.982919693,80.2219696045,61293,61303,10
12.9824895859,80.2218170166,61303,61313,10
12.9819297791,80.2215270996,61313,61323,10
12.9813098907,80.2211532593,61323,61333,10
12.9806404114,80.2210388184,61333,61344,11
12.9796800613,80.2211227417,61344,61354,10
12.9789199829,80.2211532593,61354,61364,10
12.978099823,80.221206665,61364,61374,10
12.9772195816,80.2212524414,61374,61384,10
12.9765796661,80.2212524414,61384,61394,10
12.9759998322,80.2213363647,61394,61414,20
12.9757900238,80.2211990356,61414,61434,20
12.9757900238,80.2211990356,61434,61451,17
12.9757204056,80.2211074829,61451,61463,12
12.9754104614,80.2208786011,61463,61471,8
12.9750795364,80.2206802368,61471,61483,12
12.9742603302,80.2203063965,61483,61493,10
12.9734802246,80.2200012207,61493,61503,10
12.9724998474,80.2196426392,61503,61513,10
12.9715003967,80.2193069458,61513,61523,10
12.9710302353,80.2191772461,61523,61533,10
12.9708795547,80.2191085815,61533,61544,11
12.9703598022,80.2188186646,61544,61554,10
12.9696903229,80.2185592651,61554,61564,10
12.9690198898,80.2182998657,61564,61574,10
12.9683504105,80.2180404663,61574,61584,10
12.9676704407,80.2177734375,61584,61594,10
12.966919899,80.2174606323,61594,61604,10
12.965959549,80.217048645,61604,61614,10
12.9648504257,80.2166213989,61614,61624,10
12.96393013,80.2162017822,61624,61634,10
12.9631795883,80.2158584595,61634,61645,11
12.9622001648,80.2154769897,61645,61655,10
12.9611501694,80.215057373,61655,61664,9
12.9601697922,80.2146911621,61664,61675,11
12.9589796066,80.2142181396,61675,61685,10
12.9578800201,80.2137832642,61685,61695,10
12.9568395615,80.2133407593,61695,61705,10
12.9557695389,80.2129211426,61705,61715,10
12.9546804428,80.2125091553,61715,61724,9
12.9537000656,80.2121200562,61724,61735,11
12.9525403976,80.2116622925,61735,61746,11
12.951379776,80.2112121582,61746,61756,10
12.9503097534,80.2108001709,61756,61766,10
12.9493303299,80.2104263306,61766,61776,10
12.948390007,80.2100524902,61776,61786,10
12.9472999573,80.209602356,61786,61796,10
12.9460401535,80.2091217041,61796,61806,10
12.9450397491,80.2087097168,61806,61816,10
12.9442300797,80.2084197998,61816,61826,10
12.9441795349,80.2083969116,61826,61837,11
12.9439897537,80.2083206177,61837,61847,10
12.9436798096,80.208190918,61847,61857,10
12.9431295395,80.207901001,61857,61867,10
12.9426202774,80.2072601318,61867,61877,10
12.9419002533,80.2065811157,61877,61887,10
12.9411001205,80.2060775757,61887,61897,10
12.9410200119,80.2060394287,61897,61907,10
12.9408102036,80.2059402466,61907,61917,10
12.9406995773,80.2059020996,61917,61927,10
12.9402704239,80.2057495117,61927,61938,11
12.9395198822,80.2055206299,61938,61948,10
12.9387998581,80.2052993774,61948,61958,10
12.938249588,80.2051391602,61958,61968,10
12.937620163,80.2049713135,61968,61978,10
12.9368801117,80.2047576904,61978,61988,10
12.9359703064,80.204498291,61988,61998,10
12.935210228,80.2041931152,61998,62008,10
12.9342803955,80.2039794922,62008,62018,10
12.9337501526,80.2039413452,62018,62028,10
12.933719635,80.2039413452,62028,62039,11
12.9334602356,80.2039108276,62039,62049,10
12.9329299927,80.2037200928,62049,62059,10
12.9322900772,80.2034988403,62059,62069,10
12.9315700531,80.2032775879,62069,62079,10
12.9307603836,80.2030029297,62079,62089,10
12.9298696518,80.2028579712,62089,62099,10
12.9294500351,80.2028121948,62099,62109,10
12.9293699265,80.2027893066,62109,62119,10
12.9290895462,80.2027587891,62119,62129,10
12.9286003113,80.20262146,62129,62140,11
12.9284696579,80.2017974854,62140,62150,10
12.928440094,80.200843811,62150,62160,10
12.928319931,80.1997528076,62160,62170,10
12.9278802872,80.1987228394,62170,62180,10
12.9271202087,80.1979217529,62180,62190,10
12.926150322,80.1975479126,62190,62200,10
12.9254598618,80.1975326538,62200,62210,10
12.9251203537,80.197517395,62210,62220,10
12.9244604111,80.197517395,62220,62230,10
12.9236698151,80.1975021362,62230,62241,11
12.9226799011,80.1973724365,62241,62251,10
12.9220399857,80.197303772,62251,62261,10
12.9219503403,80.1972885132,62261,62271,10
12.9215202332,80.1971282959,62271,62281,10
12.920999527,80.196937561,62281,62291,10
12.9203395844,80.1967163086,62291,62301,10
12.9196395874,80.1964569092,62301,62311,10
12.9189996719,80.1960372925,62311,62321,10
12.9185495377,80.195640564,62321,62331,10
12.9180402756,80.1951980591,62331,62342,11
12.9171600342,80.1943206787,62342,62362,20
12.9171600342,80.1943206787,62362,62372,10
12.917090416,80.1941833496,62372,62382,10
12.9169797897,80.1938400269,62382,62392,10
12.9169902802,80.1933288574,62392,62402,10
12.9170503616,80.1928787231,62402,62412,10
12.9171199799,80.1922988892,62412,62422,10
12.9171695709,80.1921005249,62422,62432,10
12.9172000885,80.1919937134,62432,62443,11
12.9172296524,80.1918029785,62443,62453,10
12.9172801971,80.1913070679,62453,62473,20
12.9172801971,80.1913070679,62473,62483,10
12.9173297882,80.1910018921,62483,62493,10
12.9173402786,80.1906585693,62493,62509,16
12.917429924,80.1900024414,62509,62521,12
12.9177598953,80.1891021729,62521,62529,8
12.9182395935,80.1884613037,62529,62542,13
12.9191703796,80.1874389648,62542,62552,10
12.9199304581,80.1865692139,62552,62562,10
12.9205598831,80.1855926514,62562,62572,10
12.9204301834,80.1847763062,62572,62582,10
12.92029953,80.184211731,62582,62592,10
12.9201202393,80.1834182739,62592,62602,10
12.9199895859,80.1828918457,62602,62612,10
12.9199304581,80.1826629639,62612,62622,10
12.9199304581,80.1826477051,62622,62632,10
12.9198703766,80.1824035645,62632,62643,11
12.9197502136,80.1817474365,62643,62653,10
12.9195804596,80.1809768677,62653,62663,10
12.919380188,80.1800231934,62663,62672,9
12.9190502167,80.1792221069,62672,62683,11
12.9186897278,80.1787490845,62683,62692,9
12.9182796478,80.1782073975,62692,62703,11
12.9181900024,80.1773681641,62703,62713,10
12.9183101654,80.1766204834,62713,62723,10
12.9183597565,80.1764678955,62723,62733,10
12.9184598923,80.1759796143,62733,62744,11
12.918680191,80.1751785278,62744,62754,10
12.9188804626,80.1743164063,62754,62764,10
12.9191398621,80.173286438,62764,62774,10
12.9194002151,80.1723937988,62774,62784,10
12.9195804596,80.1717376709,62784,62794,10
12.9197998047,80.1709823608,62794,62804,10
12.9198503494,80.1708374023,62804,62814,10
12.920009613,80.1703491211,62814,62824,10
12.9202604294,80.1695404053,62824,62834,10
12.9205904007,80.1685409546,62834,62845,11
12.920999527,80.1672973633,62845,62855,10
12.9213600159,80.1661529541,62855,62865,10
12.9217395782,80.1650238037,62865,62875,10
12.9220399857,80.1640319824,62875,62885,10
12.9223203659,80.1630783081,62885,62895,10
12.9224901199,80.1625366211,62895,62905,10
12.9226903915,80.1619415283,62905,62915,10
12.9231395721,80.1605300903,62915,62925,10
12.9231395721,80.1605300903,62925,62935,10
12.9232797623,80.1600494385,62935,62946,11
12.9233798981,80.1591415405,62946,62956,10
12.9234800339,80.1580505371,62956,62966,10
12.9235897064,80.1568603516,62966,62976,10
12.9236402512,80.155921936,62976,62986,10
12.9233598709,80.1549301147,62986,63006,20
12.9233598709,80.1549301147,63006,63016,10
12.9232797623,80.1546020508,63016,63026,10
12.9231395721,80.1539611816,63026,63036,10
12.9229402542,80.1531600952,63036,63047,11
12.9226999283,80.1519927979,63047,63117,70
12.9226999283,80.1519927979,63117,63127,10
12.9226999283,80.1516036987,63127,63137,10
12.9226799011,80.1508407593,63137,63148,11
12.9226303101,80.1497116089,63148,63158,10
12.9225797653,80.1485290527,63158,63168,10
12.9225597382,80.1474075317,63168,63178,10
12.9225301743,80.1468811035,63178,63188,10
12.9225301743,80.1468200684,63188,63198,10
12.9225301743,80.1463775635,63198,63208,10
12.9225196838,80.1456375122,63208,63218,10
12.9224996567,80.14478302,63218,63228,10
12.9224700928,80.1433334351,63228,63289,61
12.9224700928,80.1433334351,63289,63299,10
12.9224996567,80.1432037354,63299,63309,10
12.9224796295,80.1428222656,63309,63319,10
12.9224500656,80.142250061,63319,63329,10
12.9224300385,80.1416015625,63329,63340,11
12.922419548,80.1415863037,63340,63350,10
12.9224004745,80.1415634155,63350,63360,10
12.9223899841,80.1411209106,63360,63370,10
12.9223604202,80.1404418945,63370,63380,10
12.9223604202,80.1396408081,63380,63390,10
12.9223804474,80.1387481689,63390,63400,10
12.9224500656,80.1377563477,63400,63410,10
12.9225101471,80.1367034912,63410,63420,10
12.922539711,80.135559082,63420,63430,10
12.9225702286,80.1345825195,63430,63441,11
12.9226303101,80.1334075928,63441,63451,10
12.922659874,80.1325378418,63451,63461,10
12.9226903915,80.1318130493,63461,63471,10
12.9227399826,80.1310501099,63471,63481,10
12.9227600098,80.1301574707,63481,63491,10
12.9227895737,80.1296768188,63491,63501,10
12.9228200912,80.1290664673,63501,63511,10
12.9228897095,80.1282806396,63511,63521,10
12.9229097366,80.1274414063,63521,63531,10
12.9229402542,80.1265335083,63531,63541,10
12.9229602814,80.125579834,63541,63552,11
12.9229898453,80.1244430542,63552,63562,10
12.92304039,80.123298645,63562,63572,10
12.9231004715,80.1221389771,63572,63582,10
12.9231901169,80.1206512451,63582,63612,30
12.9231901169,80.1206512451,63612,63622,10
12.9231996536,80.1206130981,63622,63632,10
12.9232597351,80.1201934814,63632,63643,11
12.9232997894,80.1194992065,63643,63653,10
12.9233102798,80.1189575195,63653,63663,10
12.9233598709,80.1183624268,63663,63673,10
12.9234304428,80.1176376343,63673,63683,10
12.9234304428,80.1169662476,63683,63693,10
12.9235296249,80.1168670654,63693,63703,10
12.9235897064,80.1169891357,63703,63713,10
12.9235496521,80.1173019409,63713,63723,10
12.923620224,80.1177368164,63723,63733,10
12.9235401154,80.1182632446,63733,63744,11
12.9234895706,80.1190490723,63744,63754,10
12.9233903885,80.119720459,63754,63764,10
12.9233703613,80.1201171875,63764,63774,10
12.9233398438,80.120300293,63774,63784,10
12.9233102798,80.1204833984,63784,63794,10
12.9233102798,80.1205825806,63794,63804,10
12.9232997894,80.1209182739,63804,63814,10
12.9232997894,80.1209869385,63814,63824,10
12.9232597351,80.1211395264,63824,63834,10
12.9232597351,80.1215362549,63834,64582,748
12.9232597351,80.1215362549,64582,64592,10
12.9232397079,80.1216278076,64592,64602,10
12.9232196808,80.1220016479,64602,64612,10
12.923210144,80.1224594116,64612,64622,10
12.9231700897,80.1231231689,64622,64632,10
12.9231395721,80.1238937378,64632,64643,11
12.923119545,80.1247634888,64643,64653,10
12.9231100082,80.1253662109,64653,64663,10
12.9230804443,80.1256027222,64663,64673,10
12.9230298996,80.1260299683,64673,64683,10
12.9230003357,80.126663208,64683,64693,10
12.9229803085,80.127281189,64693,64703,10
12.9229602814,80.1276168823,64703,64713,10
12.9229202271,80.1280822754,64713,64723,10
12.9228897095,80.1286392212,64723,64733,10
12.9228601456,80.1293106079,64733,64744,11
12.9228096008,80.129737854,64744,64754,10
12.9228000641,80.1303863525,64754,64764,10
12.9228000641,80.1311187744,64764,64774,10
12.9227695465,80.1317825317,64774,64784,10
12.9227399826,80.1324615479,64784,64794,10
12.9226999283,80.1332397461,64794,64804,10
12.922659874,80.1341171265,64804,64814,10
12.9226198196,80.1349563599,64814,64824,10
12.9225997925,80.1352386475,64824,64834,10
12.9225702286,80.1358566284,64834,64845,11
12.9225301743,80.1366882324,64845,64855,10
12.9224901199,80.1375579834,64855,64865,10
12.9224500656,80.1384277344,64865,64875,10
12.9223899841,80.1392822266,64875,64885,10
12.9224004745,80.1401672363,64885,64895,10
12.9224300385,80.1404571533,64895,64905,10
12.9224300385,80.1408615112,64905,64915,10
12.9224300385,80.141418457,64915,64925,10
12.9224500656,80.1421966553,64925,64935,10
12.9225101471,80.1429214478,64935,64946,11
12.922539711,80.1434936523,64946,64956,10
12.9225301743,80.1435165405,64956,64966,10
12.9225301743,80.1437072754,64966,64976,10
12.922539711,80.144203186,64976,64986,10
12.9225597382,80.1450119019,64986,64996,10
12.9226198196,80.1459732056,64996,65006,10
12.9226303101,80.1468429565,65006,65016,10
12.9226303101,80.1473236084,65016,65026,10
12.9226398468,80.147857666,65026,65036,10
12.9226198196,80.1486663818,65036,65047,11
12.9226703644,80.1496963501,65047,65057,10
12.9226999283,80.1506271362,65057,65067,10
12.9227399826,80.1513977051,65067,65076,9
12.9227600098,80.151802063,65076,65087,11
12.9228096008,80.1522979736,65087,65097,10
12.9230003357,80.1531219482,65097,65107,10
12.923210144,80.1539764404,65107,65117,10
12.9233999252,80.1546173096,65117,65127,10
12.9234199524,80.1546783447,65127,65137,10
12.9234600067,80.1549301147,65137,65148,11
12.923620224,80.1556091309,65148,65158,10
12.9237003326,80.1564178467,65158,65168,10
12.9236001968,80.1573410034,65168,65178,10
12.9235095978,80.1583404541,65178,65188,10
12.9233999252,80.1593399048,65188,65198,10
12.9233198166,80.1602706909,65198,65208,10
12.9232397079,80.1605911255,65208,65218,10
12.9230699539,80.1610794067,65218,65228,10
12.9228096008,80.1618423462,65228,65238,10
12.9225702286,80.1626815796,65238,65249,11
12.9222297668,80.1636505127,65249,65265,16
12.9217100143,80.1652679443,65265,65277,12
12.9212799072,80.1666030884,65277,65287,10
12.9209499359,80.1677017212,65287,65297,10
12.9206600189,80.1686172485,65297,65306,9
12.9203395844,80.1696395874,65306,65317,11
12.9200201035,80.1707229614,65317,65329,12
12.919960022,80.1709594727,65329,65339,10
12.9198999405,80.1711120605,65339,65350,11
12.9198303223,80.1713180542,65350,65360,10
12.9196996689,80.1717681885,65360,65370,10
12.919500351,80.1725006104,65370,65381,11
12.919260025,80.1733627319,65381,65391,10
12.9189796448,80.1744995117,65391,65400,9
12.9187602997,80.175453186,65400,65411,11
12.9184799194,80.1764678955,65411,65421,10
12.9183301926,80.1774368286,65421,65431,10
12.9185304642,80.1783905029,65431,65441,10
12.9191503525,80.1792831421,65441,65452,11
12.9195203781,80.1804275513,65452,65462,10
12.9197397232,80.1814422607,65462,65472,10
12.919960022,80.1824264526,65472,65482,10
12.9201803207,80.183380127,65482,65492,10
12.9203596115,80.1839828491,65492,65512,20
12.9203596115,80.1839828491,65512,65522,10
12.9204101563,80.1841430664,65522,65532,10
12.9204998016,80.184677124,65532,65543,11
12.9206600189,80.1853408813,65543,65553,10
12.9206800461,80.1854171753,65553,65563,10
12.9206695557,80.185798645,65563,65573,10
12.9202899933,80.1863708496,65573,65583,10
12.9197397232,80.1869888306,65583,65593,10
12.9191598892,80.1876296997,65593,65603,10
12.9186496735,80.1882095337,65603,65613,10
12.9181003571,80.1888122559,65613,65623,10
12.9176397324,80.1895980835,65623,65633,10
12.9174699783,80.1904602051,65633,65644,11
12.9173498154,80.1913986206,65644,65654,10
12.9172697067,80.192199707,65654,65664,10
12.9172000885,80.1926879883,65664,65674,10
12.9171495438,80.193031311,65674,65704,30
12.9171495438,80.193031311,65704,65714,10
12.9171104431,80.1932373047,65714,65724,10
12.917140007,80.1937789917,65724,65734,10
12.9172801971,80.1943206787,65734,65745,11
12.917550087,80.1946487427,65745,65755,10
12.9177799225,80.1948928833,65755,65765,10
12.9182195663,80.1952896118,65765,65775,10
12.9187498093,80.1957626343,65775,65785,10
12.9193201065,80.1962509155,65785,65795,10
12.9201202393,80.1966171265,65795,65805,10
12.9209003448,80.1968765259,65805,65815,10
12.9215202332,80.1971130371,65815,65825,10
12.9222898483,80.1973190308,65825,65835,10
12.9230804443,80.1974411011,65835,65846,11
12.9233398438,80.1974563599,65846,65856,10
12.9236402512,80.1974868774,65856,65866,10
12.9242897034,80.1975326538,65866,65876,10
12.9251003265,80.197517395,65876,65886,10
12.9253997803,80.1975326538,65886,65896,10
12.9259395599,80.197517395,65896,65906,10
12.9265203476,80.1976165771,65906,65916,10
12.9270200729,80.1978530884,65916,65926,10
12.9276103973,80.1983032227,65926,65936,10
12.9280395508,80.1989898682,65936,65947,11
12.9283800125,80.1998214722,65947,65957,10
12.9285001755,80.200630188,65957,65967,10
12.9285202026,80.201499939,65967,65977,10
12.9285497665,80.2021789551,65977,65987,10
12.9288301468,80.2026824951,65987,65997,10
12.9293603897,80.2027511597,65997,66007,10
12.9294395447,80.2027664185,66007,66017,10
12.9297103882,80.2028121948,66017,66033,16
12.9303197861,80.2029037476,66033,66045,12
12.9310903549,80.2030792236,66045,66056,11
12.9318504333,80.2033233643,66056,66066,10
12.9326000214,80.2035598755,66066,66076,10
12.9329099655,80.2036590576,66076,66086,10
12.9329996109,80.2036895752,66086,66096,10
12.9333000183,80.2038192749,66096,66106,10
12.9338598251,80.2039108276,66106,66116,10
12.9339704514,80.203918457,66116,66126,10
12.9341402054,80.2039413452,66126,66136,10
12.934510231,80.2039871216,66136,66146,10
12.9351396561,80.2041397095,66146,66157,11
12.935959816,80.2044830322,66157,66167,10
12.9367303848,80.2046966553,66167,66177,10
12.9375295639,80.2049179077,66177,66187,10
12.9383096695,80.2051391602,66187,66207,20
12.9383096695,80.2051391602,66207,66217,10
12.9384899139,80.2052001953,66217,66227,10
12.9389896393,80.2053527832,66227,66237,10
12.9397096634,80.2055587769,66237,66248,11
12.9399995804,80.2056427002,66248,66258,10
12.9402503967,80.2057189941,66258,66268,10
12.9408597946,80.2059173584,66268,66278,10
12.9415597916,80.2062988281,66278,66288,10
12.9422903061,80.2068634033,66288,66298,10
12.9429397583,80.2075805664,66298,66308,10
12.9435796738,80.2081222534,66308,66318,10
12.9442396164,80.2083587646,66318,66328,10
12.9442996979,80.2083816528,66328,66338,10
12.9445199966,80.2084732056,66338,66349,11
12.9452104568,80.2087173462,66349,66359,10
12.9460000992,80.2090072632,66359,66369,10
12.9468002319,80.2093200684,66369,66379,10
12.9475002289,80.209602356,66379,66389,10
12.9481601715,80.2098617554,66389,66399,10
12.9488801956,80.2101364136,66399,66409,10
12.9497995377,80.2105102539,66409,66419,10
12.9508399963,80.2109375,66419,66429,10
12.9518604279,80.2113571167,66429,66439,10
12.9527397156,80.2117080688,66439,66450,11
12.9535398483,80.212020874,66450,66460,10
12.9544095993,80.2123565674,66460,66470,10
12.9552898407,80.2127075195,66470,66480,10
12.9561500549,80.2130508423,66480,66490,10
12.9568996429,80.2133407593,66490,66500,10
12.9577598572,80.2137069702,66500,66510,10
12.9587202072,80.2140884399,66510,66520,10
12.9593801498,80.2143478394,66520,66530,10
12.9600896835,80.2146530151,66530,66541,11
12.9609498978,80.2149887085,66541,66551,10
12.9617595673,80.2153091431,66551,66561,10
12.961979866,80.2154006958,66561,66571,10
12.9621696472,80.2154769897,66571,66581,10
12.9625501633,80.2156219482,66581,66591,10
12.9628400803,80.2157363892,66591,66601,10
12.9631795883,80.2158813477,66601,66642,41
12.9631795883,80.2158813477,66642,66652,10
12.9632101059,80.2158813477,66652,66662,10
12.9635000229,80.2159805298,66662,66672,10
12.9639501572,80.2161483765,66672,66682,10
12.9641799927,80.2162094116,66682,66692,10
12.9645004272,80.2163619995,66692,66702,10
12.9650497437,80.2165985107,66702,66712,10
12.9657001495,80.2168502808,66712,66722,10
12.9661798477,80.2170333862,66722,66732,10
12.9666004181,80.2172012329,66732,66743,11
12.9671401978,80.2174072266,66743,66753,10
12.9675397873,80.2175827026,66753,66763,10
12.9680595398,80.2178268433,66763,66773,10
12.9687595367,80.2181091309,66773,66783,10
12.9696598053,80.2184677124,66783,66793,10
12.9704799652,80.2188110352,66793,66803,10
12.9709796906,80.2189483643,66803,66813,10
12.970990181,80.2189483643,66813,66823,10
12.971280098,80.219078064,66823,66833,10
12.9718904495,80.2193374634,66833,66844,11
12.9726600647,80.219619751,66844,66854,10
12.973279953,80.2198486328,66854,66884,30
12.973279953,80.2198486328,66884,66894,10
12.9733200073,80.2198562622,66894,66904,10
12.9735202789,80.2199325562,66904,66914,10
12.9738397598,80.2200622559,66914,66924,10
12.9743299484,80.2203216553,66924,66934,10
12.9747400284,80.2205276489,66934,66945,11
12.9750099182,80.2206268311,66945,66955,10
12.9752702713,80.2207183838,66955,67225,270
12.9752702713,80.2207183838,67225,67235,10
12.9755001068,80.2207870483,67235,67246,11
12.9757204056,80.2210235596,67246,67256,10
12.9761400223,80.221282959,67256,67296,40
12.9761400223,80.221282959,67296,67306,10
12.9763402939,80.2212295532,67306,67316,10
12.9767999649,80.2212524414,67316,67326,10
12.9774398804,80.2212600708,67326,67336,10
12.9780797958,80.2212295532,67336,67347,11
12.9788799286,80.2211990356,67347,67357,10
12.9795703888,80.2211608887,67357,67367,10
12.9802103043,80.2211074829,67367,67377,10
12.9808101654,80.2210617065,67377,67387,10
12.9811601639,80.2211608887,67387,67397,10
12.9815502167,80.2213668823,67397,67407,10
12.982000351,80.2216796875,67407,67417,10
12.9825201035,80.2218780518,67417,67427,10
12.9829597473,80.2220306396,67427,67438,11
12.9829797745,80.222038269,67438,67448,10
12.9831495285,80.2221298218,67448,67458,10
12.9834403992,80.2223434448,67458,67468,10
12.9836196899,80.2224731445,67468,67478,10
12.9837303162,80.2225418091,67478,67488,10
12.9840698242,80.2227172852,67488,67498,10
12.9844398499,80.2229537964,67498,67508,10
12.984919548,80.2232208252,67508,67518,10
12.9854402542,80.2233200073,67518,67528,10
12.9857797623,80.2230606079,67528,67539,11
12.9864797592,80.2230300903,67539,67549,10
12.986989975,80.2230987549,67549,67559,10
12.9874696732,80.2231369019,67559,67569,10
12.9879798889,80.2229690552,67569,67579,10
12.9885196686,80.2225189209,67579,67589,10
12.9888401031,80.2221679688,67589,67599,10
12.9892597198,80.2216796875,67599,67609,10
12.989689827,80.2211074829,67609,67619,10
12.990240097,80.2205276489,67619,67629,10
12.99036026,80.2204437256,67629,67640,11
12.9905595779,80.2202911377,67640,67650,10
12.9909801483,80.2199707031,67650,67660,10
12.9914999008,80.219581604,67660,67670,10
12.991979599,80.2192611694,67670,67680,10
12.9925003052,80.2188568115,67680,67690,10
12.9929304123,80.2185516357,67690,67700,10
12.9933395386,80.2182235718,67700,67710,10
12.9938497543,80.217880249,67710,67720,10
12.99421978,80.217628479,67720,67730,10
12.9946699142,80.2173233032,67730,67741,11
12.9950399399,80.217048645,67741,67751,10
12.9953298569,80.2168731689,67751,67761,10
12.9955797195,80.216758728,67761,67781,20
12.9955797195,80.216758728,67781,67791,10
12.9957704544,80.2166976929,67791,67801,10
12.9960203171,80.2166366577,67801,67811,10
12.9962396622,80.2166213989,67811,67831,20
12.9962396622,80.2166213989,67831,67842,11
12.9965200424,80.2165908813,67842,67852,10
12.9968500137,80.2165603638,67852,67862,10
12.9970598221,80.2165374756,67862,67872,10
12.997469902,80.216217041,67872,67892,20
12.997469902,80.216217041,67892,67902,10
12.9977903366,80.2159194946,67902,67912,10
12.9982700348,80.2154922485,67912,67922,10
12.9989004135,80.2149810791,67922,67932,10
12.9991998672,80.2147216797,67932,67943,11
12.9996500015,80.2143325806,67943,67959,16
13.0003995895,80.2136611938,67959,67971,12
13.0010004044,80.2131576538,67971,67981,10
13.0013599396,80.2129135132,67981,67989,8
13.0018100739,80.2125701904,67989,68001,12
13.0021400452,80.212348938,68001,68011,10
13.0024204254,80.2122192383,68011,68021,10
13.002820015,80.2121582031,68021,68031,10
13.0033197403,80.2121124268,68031,68042,11
13.0039196014,80.2120666504,68042,68052,10
13.0045795441,80.2123413086,68052,68062,10
13.0052099228,80.2127075195,68062,68072,10
13.0059499741,80.2129821777,68072,68082,10
13.0065402985,80.2127914429,68082,68092,10
13.0069599152,80.2127990723,68092,68102,10
13.007349968,80.2128677368,68102,68112,10
13.0077495575,80.2130432129,68112,68132,20
13.0077495575,80.2130432129,68132,68143,11
13.0078296661,80.2130737305,68143,68153,10
13.007900238,80.2131576538,68153,68163,10
13.0081100464,80.2132797241,68163,68173,10
13.0083599091,80.2133789063,68173,68183,10
13.0087003708,80.2137069702,68183,68193,10
13.0090799332,80.2142410278,68193,68203,10
13.0094604492,80.2147827148,68203,68214,11
13.0095996857,80.2149963379,68214,68224,10
13.0098896027,80.2153396606,68224,68235,11
13.0104398727,80.2159423828,68235,68245,10
13.0107402802,80.2166366577,68245,68255,10
13.0110197067,80.2173690796,68255,68265,10
13.0113601685,80.2182617188,68265,68275,10
13.0117397308,80.2193069458,68275,68285,10
13.0121097565,80.2204437256,68285,68294,9
13.0124101639,80.2211990356,68294,68304,10
13.012550354,80.2215194702,68304,68315,11
13.0128803253,80.2220077515,68315,68325,10
13.0133199692,80.2225036621,68325,68336,11
13.0137996674,80.2231369019,68336,68346,10
13.01404953,80.2234725952,68346,68356,10
13.0143003464,80.223777771,68356,68366,10
13.014550209,80.2240066528,68366,68376,10
13.0149898529,80.2245788574,68376,68386,10
13.0153598785,80.2249526978,68386,68396,10
13.0154800415,80.2250213623,68396,68406,10
13.0155000687,80.2250213623,68406,68416,10
13.0158004761,80.2253112793,68416,68426,10
13.0165195465,80.2253570557,68426,68437,11
13.0173797607,80.2250289917,68437,68447,10
13.0181503296,80.2247161865,68447,68457,10
13.0189199448,80.2244415283,68457,68467,10
13.019610405,80.2245178223,68467,68476,9
13.0197000504,80.2245864868,68476,68487,11
13.0199098587,80.2247695923,68487,68497,10
13.0203695297,80.2250976563,68497,68507,10
13.0208702087,80.2254333496,68507,68517,10
13.0213298798,80.2257919312,68517,68527,10
13.0217399597,80.2260665894,68527,68538,11
13.0219802856,80.2262420654,68538,68548,10
13.0220003128,80.2262802124,68548,68558,10
13.022359848,80.226600647,68558,68568,10
13.0229301453,80.2271118164,68568,68578,10
13.0235395432,80.2276992798,68578,68588,10
13.0239896774,80.2281036377,68588,68598,10
13.0241203308,80.2282333374,68598,68608,10
13.0242595673,80.2284164429,68608,68618,10
13.0244398117,80.2286529541,68618,68628,10
13.0246400833,80.2289428711,68628,68639,11
13.0248403549,80.2292404175,68639,68649,10
13.0251502991,80.229637146,68649,68659,10
13.0257101059,80.2304077148,68659,68740,81
13.0257101059,80.2304077148,68740,68750,10
13.025850296,80.2306518555,68750,68760,10
13.0259304047,80.2308883667,68760,68770,10
13.0259895325,80.2311630249,68770,68780,10
13.0260601044,80.2314071655,68780,68790,10
13.0264196396,80.231338501,68790,68800,10
13.026889801,80.2312088013,68800,68841,41
13.026889801,80.2312088013,68841,68851,10
13.0270395279,80.2311325073,68851,68861,10
13.0271997452,80.2311096191,68861,68871,10
13.0273799896,80.2310562134,68871,68900,29
13.0277700424,80.2310028076,68900,68992,92
13.0277700424,80.2310028076,68992,69002,10
13.0281896591,80.231010437,69002,69012,10
13.0284404755,80.2309570313,69012,69063,51
13.0284404755,80.2309570313,69063,69073,10
13.0287303925,80.2309417725,69073,69083,10
13.0287704468,80.2309265137,69083,69093,10
13.0290002823,80.2309417725,69093,69103,10
13.0291795731,80.2309494019,69103,69113,10
13.0294303894,80.2309265137,69113,69123,10
13.0299701691,80.2308578491,69123,69134,11
13.0304002762,80.2308120728,69134,69144,10
13.0308704376,80.2307815552,69144,69154,10
13.0314102173,80.2307434082,69154,69164,10
13.0319795609,80.2306900024,69164,69173,9
13.0325202942,80.2306594849,69173,69183,10
13.0335597992,80.2305831909,69183,69204,21
13.0335597992,80.2305831909,69204,69214,10
13.0336999893,80.2305908203,69214,69224,10
13.0340099335,80.2305679321,69224,69235,11
13.0343904495,80.2304916382,69235,69245,10
13.0344104767,80.2304763794,69245,69255,10
13.0344896317,80.2304382324,69255,69265,10
13.0348796844,80.2303009033,69265,69275,10
13.0348701477,80.2300796509,69275,69285,10
13.0344800949,80.2300109863,69285,69669,384
13.034119606,80.2300186157,69669,69800,131
13.034119606,80.2300186157,69800,69810,10
13.0341396332,80.2303924561,69810,69820,10
13.0341396332,80.2304000854,69820,69831,11
13.0338697433,80.2305221558,69831,69841,10
13.0335597992,80.2305603027,69841,69851,10
13.033370018,80.2305679321,69851,69861,10
13.0330400467,80.2306289673,69861,69871,10
13.0325202942,80.2306594849,69871,69881,10
13.0319595337,80.2307281494,69881,70073,192
13.0319595337,80.2307281494,70073,70083,10
13.0317697525,80.230758667,70083,70093,10
13.0315198898,80.2307815552,70093,70103,10
13.0313196182,80.230796814,70103,70235,132
13.030960083,80.2307662964,70235,70336,101
13.030960083,80.2307662964,70336,70346,10
13.0307998657,80.2308273315,70346,70356,10
13.030579567,80.2308273315,70356,70366,10
13.0302200317,80.2308731079,70366,70376,10
13.0299100876,80.2309036255,70376,70386,10
13.0298500061,80.2309036255,70386,70396,10
13.0297803879,80.2308883667,70396,70406,10
13.0295000076,80.2309494019,70406,70416,10
13.0290403366,80.23097229,70416,70427,11
13.0283603668,80.2310333252,70427,70437,10
13.0277700424,80.2310714722,70437,70447,10
13.0275802612,80.231262207,70447,70457,10
13.0276498795,80.2318115234,70457,70467,10
13.0277500153,80.232421875,70467,70483,16
13.027680397,80.2329177856,70483,70496,13
13.0269098282,80.233039856,70496,70546,50
13.0269098282,80.233039856,70546,70557,11
13.0268001556,80.2331390381,70557,70567,10
13.0265703201,80.2331619263,70567,70578,11
13.026309967,80.2328720093,70578,70588,10
13.0261096954,80.232208252,70588,70598,10
13.0260095596,80.2317962646,70598,70608,10
13.0259103775,80.2314224243,70608,70618,10
13.0257196426,80.230758667,70618,70629,11
13.0252504349,80.2300033569,70629,70639,10
13.0249595642,80.2296600342,70639,70659,20
13.0249595642,80.2296600342,70659,70669,10
13.0248603821,80.2295379639,70669,70685,16
13.0244102478,80.2289581299,70685,70697,12
13.0240097046,80.2283782959,70697,70705,8
13.0236301422,80.2279586792,70705,70717,12
13.0230503082,80.2275390625,70717,70758,41
13.0230503082,80.2275390625,70758,70768,10
13.0228204727,80.2273635864,70768,70778,10
13.0226297379,80.2271575928,70778,70788,10
13.0225601196,80.2269363403,70788,70798,10
13.0222797394,80.2266616821,70798,70808,10
13.0218200684,80.226272583,70808,70818,10
13.021229744,80.2258224487,70818,70829,11
13.0206403732,80.2253799438,70829,70839,10
13.0199699402,80.2249679565,70839,70869,30
13.0199699402,80.2249679565,70869,70879,10
13.0198001862,80.2248535156,70879,70889,10
13.0193796158,80.2246170044,70889,70899,10
13.0186395645,80.2246170044,70899,70909,10
13.017829895,80.2249526978,70909,70919,10
13.0169801712,80.2253036499,70919,70930,11
13.0163698196,80.2255630493,70930,70940,10
13.0160398483,80.2256774902,70940,70950,10
13.0155096054,80.2258682251,70950,70960,10
13.0149297714,80.2261199951,70960,70970,10
13.0143203735,80.22631073,70970,70979,9
13.0141201019,80.2264099121,70979,70990,11
13.0140695572,80.2264175415,70990,71000,10
13.0136804581,80.2265625,71000,71010,10
13.0130195618,80.2268066406,71010,71020,10
13.012260437,80.2271194458,71020,71031,11
13.0112600327,80.2274932861,71031,71041,10
13.0102796555,80.2278823853,71041,71051,10
13.0094995499,80.2279129028,71051,71061,10
13.0096101761,80.2273712158,71061,71071,10
13.0099000931,80.2267379761,71071,71081,10
13.0101203918,80.2262573242,71081,71091,10
13.0102901459,80.2258911133,71091,71101,10
13.0103797913,80.2256698608,71101,71111,10
13.0104904175,80.225440979,71111,71121,10
13.0105800629,80.2252197266,71121,71132,11
13.0107402802,80.2248535156,71132,71142,10
13.0109300613,80.2243499756,71142,71152,10
13.0109596252,80.2242889404,71152,71162,10
13.0110197067,80.2241592407,71162,71172,10
13.0111598969,80.2238006592,71172,71182,10
13.0112895966,80.2233581543,71182,71192,10
13.0115499496,80.2227478027,71192,71202,10
13.0118198395,80.2219314575,71202,71212,10
13.012049675,80.2214584351,71212,71223,11
13.012140274,80.2212600708,71223,71233,10
13.0120201111,80.2208099365,71233,71243,10
13.0117797852,80.2200775146,71243,71253,10
13.0114898682,80.2192764282,71253,71263,10
13.0111999512,80.2184371948,71263,71273,10
13.010890007,80.2176437378,71273,71283,10
13.0106801987,80.217086792,71283,71293,10
13.0105400085,80.2167510986,71293,71303,10
13.0103902817,80.2164077759,71303,71313,10
13.0101003647,80.2159423828,71313,71324,11
13.0097303391,80.2152175903,71324,71334,10
13.0094203949,80.2147903442,71334,71344,10
13.009059906,80.2143325806,71344,71354,10
13.0086402893,80.2137908936,71354,71364,10
13.0084400177,80.2135467529,71364,71374,10
13.0081100464,80.2133865356,71374,71394,20
13.0081100464,80.2133865356,71394,71404,10
13.0079603195,80.2133102417,71404,71435,31
13.0078496933,80.2132415771,71435,71465,30
13.0078496933,80.2132415771,71465,71475,10
13.0076799393,80.2130432129,71475,71485,10
13.0073204041,80.212890625,71485,71495,10
13.0068798065,80.2128219604,71495,71505,10
13.0062599182,80.2128372192,71505,71515,10
13.0056495667,80.2129974365,71515,71525,10
13.0050802231,80.2126464844,71525,71536,11
13.0042600632,80.2122573853,71536,71547,11
13.0035200119,80.2121429443,71547,71557,10
13.0031204224,80.2121734619,71557,71567,10
13.0029096603,80.2121505737,71567,71577,10
13.0024795532,80.2121887207,71577,71587,10
13.0019598007,80.2124176025,71587,71597,10
13.0013399124,80.2129211426,71597,71607,10
13.0007801056,80.2133407593,71607,71617,10
13.0003299713,80.213760376,71617,71628,11
12.9998197556,80.2142181396,71628,71638,10
12.9994897842,80.2145004272,71638,71648,10
12.9990901947,80.2148208618,71648,71658,10
12.998840332,80.2150421143,71658,71668,10
12.9983196259,80.2154998779,71668,71678,10
12.9976701736,80.2160491943,71678,71688,10
12.9972896576,80.2164764404,71688,71729,41
12.9972896576,80.2164764404,71729,71739,10
12.9970998764,80.2166290283,71739,71749,10
12.9969501495,80.2166213989,71749,71759,10
12.9967098236,80.2166290283,71759,71769,10
12.9965600967,80.2166290283,71769,71779,10
12.9962396622,80.2166900635,71779,71799,20
12.9962396622,80.2166900635,71799,71809,10
12.9960002899,80.2167434692,71809,71819,10
12.9959402084,80.2167510986,71819,71830,11
12.9958400726,80.2167663574,71830,71840,10
12.995470047,80.2168807983,71840,71850,10
12.9951896667,80.2170181274,71850,71860,10
12.9949197769,80.2171936035,71860,71870,10
12.994600296,80.2174224854,71870,71880,10
12.9941701889,80.2177505493,71880,71890,10
12.9936704636,80.2181015015,71890,71900,10
12.9930496216,80.2185211182,71900,71910,10
12.992480278,80.2189331055,71910,71921,11
12.9918603897,80.2193984985,71921,71931,10
12.9916801453,80.219543457,71931,71940,9
12.9916000366,80.219581604,71940,71951,11
12.9913797379,80.2197113037,71951,71961,10
12.9907302856,80.2202072144,71961,71981,20
12.9907302856,80.2202072144,71981,71991,10
12.9905796051,80.2203903198,71991,72001,10
12.9901695251,80.2207183838,72001,72011,10
12.9896097183,80.2212905884,72011,72022,11
12.9891004562,80.2218933105,72022,72032,10
12.9888095856,80.2222366333,72032,72042,10
12.9884500504,80.2225799561,72042,72052,10
12.9879903793,80.2229766846,72052,72062,10
12.9874897003,80.2231674194,72062,72072,10
12.9871397018,80.2231216431,72072,72102,30
12.9871397018,80.2231216431,72102,72112,10
12.986989975,80.2230987549,72112,72123,11
12.9869203568,80.2230834961,72123,72133,10
12.9864997864,80.2229766846,72133,72143,10
12.9858598709,80.2229995728,72143,72153,10
12.9854097366,80.2233200073,72153,72163,10
12.9853401184,80.2233581543,72163,72173,10
12.9849596024,80.2232589722,72173,72183,10
12.9843797684,80.2229385376,72183,72193,10
12.9840297699,80.2227630615,72193,72203,10
12.9839801788,80.2227172852,72203,72213,10
12.9836397171,80.2225112915,72213,72224,11
12.9831895828,80.2222137451,72224,72234,10
12.9831399918,80.2221603394,72234,72244,10
12.9828500748,80.2219772339,72244,72260,16
12.9820404053,80.2216720581,72260,72272,12
12.9813804626,80.2212295532,72272,72280,8
12.9809799194,80.2210769653,72280,72292,12
12.9802503586,80.2211074829,72292,72303,11
12.9794902802,80.2211685181,72303,72314,11
12.9787902832,80.2211990356,72314,72325,11
12.9780502319,80.2212295532,72325,72335,10
12.9774599075,80.2212600708,72335,72345,10
12.9767999649,80.221282959,72345,72355,10
12.9764604568,80.2212905884,72355,72365,10
12.9761400223,80.221321106,72365,72375,10
12.9758796692,80.2213516235,72375,72385,10
12.9757204056,80.2212600708,72385,72395,10
12.9755601883,80.2210998535,72395,72406,11
12.9755401611,80.2210235596,72406,72415,9
12.9754104614,80.2209396362,72415,72427,12
12.9752397537,80.2208099365,72427,72437,10
12.9748697281,80.2206192017,72437,72447,10
12.9742803574,80.2203292847,72447,72457,10
12.9738998413,80.220161438,72457,72467,10
12.9735498428,80.2200088501,72467,72477,10
12.9729795456,80.2198104858,72477,72487,10
12.9722995758,80.219581604,72487,72497,10
12.9715995789,80.2193527222,72497,72507,10
12.9712495804,80.2192611694,72507,72518,11
12.9711503983,80.2192077637,72518,72528,10
12.9707803726,80.2190628052,72528,72538,10
12.9702100754,80.2188034058,72538,72548,10
12.9695796967,80.2185287476,72548,72558,10
12.9688997269,80.2182769775,72558,72568,10
12.9682197571,80.2180175781,72568,72578,10
12.9675397873,80.2177505493,72578,72588,10
12.9667596817,80.2174301147,72588,72598,10
12.9658002853,80.217048645,72598,72608,10
12.9648103714,80.2166519165,72608,72619,11
12.96393013,80.2162704468,72619,72629,10
12.9633798599,80.216003418,72629,72639,10
12.9628200531,80.2157592773,72639,72649,10
12.9621496201,80.2154998779,72649,72659,10
12.9613199234,80.215171814,72659,72669,10
12.9604101181,80.2148132324,72669,72679,10
12.9596395493,80.2145080566,72679,72689,10
12.9588403702,80.2141799927,72689,72699,10
12.9579496384,80.2138214111,72699,72709,10
12.9572401047,80.2135314941,72709,72720,11
12.9566402435,80.2132873535,72720,72730,10
12.9558897018,80.2129898071,72730,72740,10
12.9549703598,80.2126464844,72740,72750,10
12.954199791,80.2123413086,72750,72760,10
12.9535503387,80.212097168,72760,72770,10
12.9527301788,80.2117614746,72770,72780,10
12.9517402649,80.2113571167,72780,72790,10
12.9506797791,80.2109375,72790,72800,10
12.949669838,80.2105407715,72800,72810,10
12.9487199783,80.2101669312,72810,72821,11
12.9476099014,80.2097396851,72821,72831,10
12.9464597702,80.2092819214,72831,72841,10
12.9453496933,80.2088470459,72841,72851,10
12.9444704056,80.2085113525,72851,72861,10
12.9441299438,80.2083969116,72861,72871,10
12.9439001083,80.2082901001,72871,72881,10
12.9433403015,80.2080688477,72881,72891,10
12.9427700043,80.2075576782,72891,72901,10
12.9423704147,80.2070388794,72901,72911,10
12.9418201447,80.2065811157,72911,72922,11
12.9410800934,80.2060699463,72922,72932,10
12.9408597946,80.2060012817,72932,72942,10
12.9405498505,80.2058868408,72942,72952,10
12.9400196075,80.2057189941,72952,72962,10
12.9393901825,80.2055206299,72962,72972,10
12.938659668,80.2052764893,72972,72982,10
12.9378700256,80.205039978,72982,72992,10
12.9369802475,80.2048034668,72992,73002,10
12.9360599518,80.204536438,73002,73012,10
12.9352397919,80.2042236328,73012,73023,11
12.9343900681,80.2040023804,73023,73033,10
12.9337396622,80.2039718628,73033,73043,10
12.9336996078,80.203956604,73043,73053,10
12.9333400726,80.2039108276,73053,73063,10
12.932800293,80.2036972046,73063,73073,10
12.932100296,80.2034606934,73073,73083,10
12.9312801361,80.2031784058,73083,73093,10
12.9305400848,80.2029571533,73093,73109,16
12.9294996262,80.2028121948,73109,73122,13
12.9293403625,80.2027893066,73122,73132,10
12.9292001724,80.2027587891,73132,73142,10
12.9286899567,80.2026672363,73142,73152,10
12.9284200668,80.2022171021,73152,73162,10
12.9284000397,80.2019500732,73162,73172,10
12.9284000397,80.2018890381,73172,73182,10
12.9284095764,80.2016372681,73182,73192,10
12.9283800125,80.200920105,73192,73202,10
12.928319931,80.2000274658,73202,73212,10
12.9279899597,80.1990737915,73212,73223,11
12.927359581,80.1981277466,73223,73234,11
12.9259004593,80.1975402832,73234,73254,20
12.9259004593,80.1975402832,73254,73264,10
12.9257698059,80.1975326538,73264,73274,10
12.9254703522,80.1975479126,73274,73284,10
12.9252300262,80.1975402832,73284,73294,10
12.9246702194,80.197517395,73294,73304,10
12.9238996506,80.197517395,73304,73315,11
12.9230203629,80.1974411011,73315,73325,10
12.9222698212,80.1973419189,73325,73335,10
12.9216499329,80.1971893311,73335,73345,10
12.9210300446,80.1969833374,73345,73355,10
12.9203901291,80.1967697144,73355,73365,10
12.9199304581,80.1966018677,73365,73375,10
12.9193696976,80.1963729858,73375,73385,10
12.9188299179,80.1959381104,73385,73395,10
12.9182500839,80.1954193115,73395,73405,10
12.9171199799,80.1943283081,73405,73426,21
12.9171199799,80.1943283081,73426,73436,10
12.9171104431,80.1942901611,73436,73446,10
12.9169797897,80.1940078735,73446,73456,10
12.9169301987,80.1935501099,73456,73466,10
12.9169597626,80.193107605,73466,73476,10
12.9170198441,80.1926803589,73476,73486,10
12.9170799255,80.1922225952,73486,73496,10
12.9172201157,80.1912612915,73496,73517,21
12.9172201157,80.1912612915,73517,73527,10
12.91726017,80.1910476685,73527,73537,10
12.9172897339,80.190536499,73537,73547,10
12.9173402786,80.1901779175,73547,73557,10
12.9175195694,80.189491272,73557,73567,10
12.9179601669,80.1887207031,73567,73577,10
12.918589592,80.1880111694,73577,73587,10
12.9192199707,80.1873321533,73587,73597,10
12.9198904037,80.1865692139,73597,73607,10
12.9205198288,80.1857376099,73607,73618,11
12.9203796387,80.1848068237,73618,73628,10
12.9201803207,80.1839828491,73628,73638,10
12.9199695587,80.183052063,73638,73648,10
12.9198799133,80.1827011108,73648,73658,10
12.9197998047,80.1823196411,73658,73668,10
12.9196596146,80.181640625,73668,73678,10
12.9194898605,80.1809234619,73678,73688,10
12.9193201065,80.1800537109,73688,73698,10
12.9189596176,80.1791610718,73698,73708,10
12.9184303284,80.1784286499,73708,73718,10
12.9181499481,80.177520752,73718,73728,10
12.9182796478,80.1767578125,73728,73739,11
12.918419838,80.1760406494,73739,73749,10
12.9186496735,80.175239563,73749,73759,10
12.9188899994,80.1742172241,73759,73769,10
12.9191799164,80.1730575562,73769,73779,10
12.9194698334,80.1719589233,73779,73789,10
12.9197597504,80.1710205078,73789,73799,10
12.9200601578,80.1700820923,73799,73809,10
12.9203996658,80.1689834595,73809,73820,11
12.9207801819,80.1677627563,73820,73830,10
12.9211196899,80.1666793823,73830,73839,9
12.9213895798,80.1658325195,73839,73850,11
12.9217596054,80.1647109985,73850,73860,10
12.9219799042,80.1640319824,73860,73870,10
12.9222097397,80.163269043,73870,73880,10
12.9225101471,80.162322998,73880,73890,10
12.9228601456,80.1612625122,73890,73900,10
12.922949791,80.1608886719,73900,73911,11
12.9230804443,80.1604995728,73911,73921,10
12.9232501984,80.1597595215,73921,73931,10
12.9233598709,80.1587219238,73931,73941,10
12.9234600067,80.1575775146,73941,73951,10
12.9235401154,80.1566085815,73951,73961,10
12.9235496521,80.1557235718,73961,73971,10
12.9233598709,80.1550979614,73971,73981,10
12.9233503342,80.1550674438,73981,73991,10
12.9232797623,80.1547164917,73991,74001,10
12.923119545,80.1540603638,74001,74012,11
12.9229001999,80.1531524658,74012,74022,10
12.9227199554,80.1524963379,74022,74032,10
12.9226999283,80.152381897,74032,74042,10
12.9226999283,80.1523590088,74042,74052,10
12.922659874,80.1520385742,74052,74062,10
12.9226398468,80.1514663696,74062,74072,10
12.9226198196,80.1506195068,74072,74082,10
12.9225902557,80.1496200562,74082,74092,10
12.922539711,80.1487426758,74092,74102,10
12.9225502014,80.1479568481,74102,74113,11
12.9225196838,80.1471786499,74113,74123,10
12.9225101471,80.1470184326,74123,74133,10
12.9224996567,80.1466064453,74133,74143,10
12.9224996567,80.1459579468,74143,74153,10
12.9224596024,80.1451416016,74153,74163,10
12.9224300385,80.1441802979,74163,74173,10
12.9224004745,80.1435699463,74173,74183,10
12.9223804474,80.1430969238,74183,74193,10
12.9223804474,80.1427612305,74193,74203,10
12.922369957,80.1423187256,74203,74214,11
12.9223604202,80.1417922974,74214,74224,10
12.9223604202,80.1417312622,74224,74234,10
12.922369957,80.1415328979,74234,74244,10
12.9223604202,80.1410980225,74244,74254,10
12.9223403931,80.1404876709,74254,74264,10
12.9223299026,80.1397705078,74264,74274,10
12.9223299026,80.1390609741,74274,74284,10
12.9223899841,80.1383514404,74284,74294,10
12.922419548,80.1376190186,74294,74304,10
12.9224596024,80.1368103027,74304,74315,11
12.9224996567,80.135848999,74315,74325,10
12.9225301743,80.1349411011,74325,74335,10
12.9225797653,80.1339874268,74335,74345,10
12.9226303101,80.1330490112,74345,74361,16
12.9226903915,80.1316223145,74361,74373,12
12.9226703644,80.130897522,74373,74381,8
12.9226903915,80.1306991577,74381,74393,12
12.9227399826,80.1299362183,74393,74403,10
12.9227800369,80.1291427612,74403,74414,11
12.9228200912,80.1283569336,74414,74424,10
12.9228401184,80.1278381348,74424,74434,10
12.9228801727,80.1270828247,74434,74444,10
12.9229097366,80.1261367798,74444,74454,10
12.9229402542,80.125289917,74454,74464,10
12.9229698181,80.1244735718,74464,74474,10
12.9230203629,80.1232833862,74474,74484,10
12.9230699539,80.1221084595,74484,74494,10
12.9231395721,80.1210174561,74494,74504,10
12.9231595993,80.1204605103,74504,74515,11
12.9231901169,80.1203536987,74515,74525,10
12.9232597351,80.1198425293,74525,74535,10
12.9232501984,80.1191101074,74535,74545,10
12.9232702255,80.1184616089,74545,74555,10
12.9233703613,80.117767334,74555,74565,10
12.9234199524,80.1170730591,74565,74575,10
12.9234600067,80.1168518066,74575,74585,10
12.9235401154,80.1168823242,74585,74595,10
12.923500061,80.1172485352,74595,74605,10
12.9235601425,80.1177215576,74605,74616,11
12.9235095978,80.1183166504,74616,74626,10
12.92345047,80.1189880371,74626,74636,10
12.9233398438,80.1196594238,74636,74646,10
12.9232902527,80.1200714111,74646,74656,10
12.9232797623,80.1203918457,74656,74666,10
12.9232597351,80.120552063,74666,74676,10
12.9232397079,80.1208724976,74676,74686,10
12.9232902527,80.1212997437,74686,74868,182
12.9232902527,80.1212997437,74868,74878,10
12.9232501984,80.1217193604,74878,74888,10
12.9231901169,80.1223907471,74888,74898,10
12.9231395721,80.1232528687,74898,74909,11
12.9230804443,80.1244506836,74909,74919,10
12.9230604172,80.1253433228,74919,74929,10
12.9230499268,80.1255874634,74929,74939,10
12.9229898453,80.1260681152,74939,74949,10
12.922949791,80.1267700195,74949,74959,10
12.9229297638,80.1274414063,74959,74969,10
12.9229001999,80.1279830933,74969,74979,10
12.9228696823,80.1284332275,74979,74989,10
12.9228401184,80.1289672852,74989,74999,10
12.9228096008,80.1294708252,74999,75010,11
12.9227800369,80.1301574707,75010,75020,10
12.9227600098,80.1307830811,75020,75030,10
12.9227600098,80.1311264038,75030,75040,10
12.9227600098,80.1312179565,75040,75050,10
12.9227399826,80.1316986084,75050,75060,10
12.9227199554,80.1324310303,75060,75070,10
12.9226903915,80.1332397461,75070,75080,10
12.9226398468,80.1340026855,75080,75090,10
12.9225997925,80.134803772,75090,75100,10
12.9225997925,80.1351394653,75100,75111,11
12.9225597382,80.1358108521,75111,75121,10
12.9225196838,80.1366119385,75121,75131,10
12.9224700928,80.1374969482,75131,75141,10
12.9224395752,80.1384429932,75141,75151,10
12.9223804474,80.1393966675,75151,75161,10
12.9224004745,80.140411377,75161,75171,10
12.9224100113,80.1412887573,75171,75181,10
12.9224395752,80.1422729492,75181,75191,10
12.9225101471,80.1433410645,75191,75212,21
12.9225101471,80.1433410645,75212,75222,10
12.9225196838,80.1434707642,75222,75232,10
12.9225502014,80.143699646,75232,75242,10
12.9225301743,80.1442337036,75242,75252,10
12.9225502014,80.1450195313,75252,75262,10
12.9225997925,80.1459121704,75262,75272,10
12.9226198196,80.1468200684,75272,75282,10
12.9226503372,80.1472015381,75282,75292,10
12.922659874,80.1473083496,75292,75303,11
12.9226303101,80.1477279663,75303,75313,10
12.9226102829,80.1483764648,75313,75323,10
12.9226303101,80.1492996216,75323,75333,10
12.9226703644,80.1503677368,75333,75343,10
12.9226999283,80.1514434814,75343,75353,10
12.9227800369,80.1523590088,75353,75363,10
12.9230098724,80.1533432007,75363,75373,10
12.9232597351,80.154258728,75373,75383,10
12.9233198166,80.1544799805,75383,75393,10
12.9233703613,80.1546401978,75393,75404,11
12.9234600067,80.1550216675,75404,75414,10
12.9236097336,80.155632019,75414,75424,10
12.9236602783,80.1564788818,75424,75434,10
12.9235801697,80.1574630737,75434,75444,10
12.9234695435,80.1585388184,75444,75454,10
12.9233598709,80.15965271,75454,75464,10
12.9232397079,80.1604003906,75464,75474,10
12.92304039,80.1610031128,75474,75484,10
12.9227800369,80.1618118286,75484,75494,10
12.9225196838,80.1626281738,75494,75505,11
12.9222297668,80.1635437012,75505,75515,10
12.9220104218,80.1642303467,75515,75524,9
12.9217700958,80.1649780273,75524,75535,11
12.9214200974,80.1660308838,75535,75545,10
12.9210996628,80.1670074463,75545,75555,10
12.9208202362,80.1679000854,75555,75565,10
12.9205303192,80.1688079834,75565,75574,9
12.920249939,80.1697235107,75574,75585,11
12.919960022,80.1707382202,75585,75595,10
12.9198799133,80.1709976196,75595,75606,11
12.919719696,80.1714401245,75606,75616,10
12.9195203781,80.1721801758,75616,75626,10
12.919260025,80.1731033325,75626,75636,10
12.9190397263,80.1740036011,75636,75646,10
12.9187803268,80.1750793457,75646,75656,10
12.9185304642,80.1760177612,75656,75666,10
12.9183502197,80.176940918,75666,75676,10
12.9182300568,80.1778106689,75676,75686,10
12.9186000824,80.1785507202,75686,75696,10
12.9191598892,80.1792907715,75696,75707,11
12.9194898605,80.1802902222,75707,75717,10
12.9196901321,80.1812667847,75717,75727,10
12.9198999405,80.1821975708,75727,75737,10
12.9200897217,80.1830215454,75737,75747,10
12.9202804565,80.1837921143,75747,75777,30
12.9202804565,80.1837921143,75777,75787,10
12.9202899933,80.1838912964,75787,75798,11
12.9203596115,80.1843566895,75798,75808,10
12.9205102921,80.1850509644,75808,75818,10
12.9206199646,80.1856689453,75818,75828,10
12.9201602936,80.1863937378,75828,75838,10
12.9194402695,80.187210083,75838,75848,10
12.9187498093,80.1880187988,75848,75858,10
12.918009758,80.1888198853,75858,75868,10
12.9175195694,80.1898193359,75868,75878,10
12.9174203873,80.1903533936,75878,75888,10
12.9174003601,80.1906585693,75888,75898,10
12.9173603058,80.1910018921,75898,75909,11
12.9172496796,80.1917190552,75909,75919,10
12.9172096252,80.192237854,75919,75929,10
12.9172000885,80.1924285889,75929,75939,10
12.9171104431,80.1929626465,75939,75949,10
12.9171199799,80.1931686401,75949,75959,10
12.9170799255,80.1934585571,75959,75969,10
12.9171304703,80.1940383911,75969,75979,10
12.9173698425,80.1945266724,75979,75989,10
12.9180002213,80.1951217651,75989,76000,11
12.9187498093,80.1958084106,76000,76010,10
12.9194498062,80.1963577271,76010,76020,10
12.9201402664,80.1966400146,76020,76030,10
12.9207000732,80.1968307495,76030,76040,10
12.9207401276,80.1968536377,76040,76050,10
12.9209098816,80.1968765259,76050,76060,10
12.9213895798,80.1970596313,76060,76070,10
12.9221801758,80.197303772,76070,76080,10
12.9229402542,80.1974105835,76080,76090,10
12.9234895706,80.197479248,76090,76101,11
12.9236602783,80.1974868774,76101,76111,10
12.9240703583,80.1975021362,76111,76121,10
12.9247903824,80.1975097656,76121,76131,10
12.925239563,80.1974868774,76131,76141,10
12.9255895615,80.1975021362,76141,76151,10
12.9262599945,80.1975479126,76151,76161,10
12.9264001846,80.1976013184,76161,76171,10
12.926779747,80.1977310181,76171,76181,10
12.9273700714,80.1980895996,76181,76191,10
12.9278402328,80.198638916,76191,76202,11
12.9281797409,80.1993103027,76202,76212,10
12.9284200668,80.2000808716,76212,76221,9
12.9284896851,80.2009506226,76221,76232,11
12.9285297394,80.2018432617,76232,76242,10
12.9285802841,80.2024765015,76242,76252,10
12.9291296005,80.2027130127,76252,76262,10
12.929400444,80.2027511597,76262,76272,10
12.9297800064,80.2027893066,76272,76282,10
12.9303703308,80.2028579712,76282,76292,10
12.9311199188,80.2030487061,76292,76303,11
12.9320802689,80.2033920288,76303,76313,10
12.9329395294,80.2036819458,76313,76323,10
12.9334697723,80.2038726807,76323,76333,10
12.9339399338,80.2039108276,76333,76343,10
12.9339504242,80.2039108276,76343,76353,10
12.9343299866,80.203918457,76353,76363,10
12.9349899292,80.2040328979,76363,76373,10
12.9358196259,80.2043914795,76373,76383,10
12.9368696213,80.2047119141,76383,76393,10
12.9379396439,80.2050018311,76393,76404,11
12.9389200211,80.2053070068,76404,76414,10
12.939620018,80.2055435181,76414,76424,10
12.9399995804,80.205619812,76424,76434,10
12.9401903152,80.2056808472,76434,76444,10
12.9407196045,80.2058563232,76444,76454,10
12.9412603378,80.2061233521,76454,76464,10
12.9418802261,80.2065429688,76464,76474,10
12.9425897598,80.2071228027,76474,76484,10
12.9431400299,80.2078323364,76484,76495,11
12.9439001083,80.2082214355,76495,76505,10
12.944609642,80.208480835,76505,76515,10
12.9453802109,80.2087631226,76515,76525,10
12.9463596344,80.2091522217,76525,76535,10
12.9473600388,80.2095489502,76535,76545,10
12.9483499527,80.2099380493,76545,76555,10
12.9494495392,80.2103805542,76555,76565,10
12.9506902695,80.2108917236,76565,76575,10
12.9519395828,80.2113876343,76575,76585,10
12.9530801773,80.2118377686,76585,76596,11
12.9542598724,80.212310791,76596,76606,10
12.955329895,80.2127380371,76606,76616,10
12.9563903809,80.2131271362,76616,76626,10
12.9572601318,80.2134628296,76626,76636,10
12.9582300186,80.2138519287,76636,76646,10
12.9591598511,80.2142105103,76646,76656,10
12.9599895477,80.2145614624,76656,76666,10
12.9609699249,80.2149581909,76666,76676,10
12.9619197845,80.2153167725,76676,76686,10
12.963060379,80.2157669067,76686,76697,11
12.9635295868,80.2159500122,76697,76707,10
12.963760376,80.2160415649,76707,76717,10
12.9643497467,80.2163009644,76717,76727,10
12.9651098251,80.2166366577,76727,76737,10
12.9659404755,80.2169723511,76737,76747,10
12.9667301178,80.2172698975,76747,76757,10
12.9674596786,80.2175674438,76757,76767,10
12.9680900574,80.2178421021,76767,76777,10
12.9688396454,80.2181167603,76777,76787,10
12.9697303772,80.2184677124,76787,76798,11
12.9706802368,80.2188720703,76798,76808,10
12.9716501236,80.2192382813,76808,76818,10
12.9726896286,80.2196502686,76818,76828,10
12.9736604691,80.2200317383,76828,76838,10
12.974439621,80.2203598022,76838,76848,10
12.9749202728,80.2205429077,76848,76858,10
12.9751501083,80.2206497192,76858,76868,10
12.9754104614,80.220741272,76868,76878,10
12.9755401611,80.2208328247,76878,76888,10
12.9758300781,80.2210769653,76888,76899,11
12.9761800766,80.221206665,76899,76909,10
12.976269722,80.2211914063,76909,76919,10
12.9767503738,80.2211990356,76919,76929,10
12.9774599075,80.2211837769,76929,76939,10
12.9781703949,80.2211303711,76939,76949,10
12.9788799286,80.2210769653,76949,76959,10
12.9794998169,80.2210617065,76959,76969,10
12.9801502228,80.2210083008,76969,76979,10
12.9808101654,80.2209701538,76979,76989,10
12.9814500809,80.2211990356,76989,77000,11
12.9821596146,80.2217025757,77000,77010,10
12.9824695587,80.2218017578,77010,77020,10
12.9828701019,80.2219314575,77020,77030,10
12.9830703735,80.222038269,77030,77040,10
12.9834003448,80.2222518921,77040,77050,10
12.9836397171,80.2224273682,77050,77060,10
12.9841995239,80.2227478027,77060,77070,10
12.9848299026,80.2231369019,77070,77080,10
12.985449791,80.2232589722,77080,77090,10
12.9859695435,80.2229690552,77090,77101,11
12.9866895676,80.2229690552,77101,77111,10
12.9870595932,80.2230300903,77111,77112,1
12.9870996475,80.2230300903,77112,77113,1
12.9871501923,80.2230300903,77113,77159,46
12.9899196625,80.2207489014,77159,77169,10
12.9905500412,80.2202072144,77169,77179,10
12.9907102585,80.2200927734,77179,77189,10
12.9911603928,80.2197723389,77189,77200,11
12.9914999008,80.2194671631,77200,77210,10
12.9919996262,80.2191009521,77210,77220,10
12.9926700592,80.2186431885,77220,77230,10
12.9933300018,80.2181625366,77230,77240,10
12.9939203262,80.2177429199,77240,77251,11
12.9942598343,80.2174911499,77251,77261,10
12.9944400787,80.2173614502,77261,77271,10
12.9946403503,80.2172164917,77271,77281,10
12.9950199127,80.2169494629,77281,77291,10
12.9955196381,80.2166900635,77291,77302,11
12.9961795807,80.2165374756,77302,77312,10
12.9967002869,80.2164611816,77312,77322,10
12.997010231,80.2164382935,77322,77332,10
12.9974002838,80.216178894,77332,77341,9
12.997879982,80.2157592773,77341,77352,11
12.9985399246,80.2151794434,77352,77362,10
12.9991197586,80.2146911621,77362,77371,9
12.9994096756,80.2144393921,77371,77382,11
12.9999198914,80.214012146,77382,77392,10
13.0004301071,80.2135467529,77392,77403,11
13.0010595322,80.2130203247,77403,77413,10
13.0016202927,80.2125778198,77413,77423,10
13.0022296906,80.2122116089,77423,77432,9
13.0027503967,80.212059021,77432,77443,11
13.0034198761,80.212020874,77443,77453,10
13.0038604736,80.2119827271,77453,77463,10
13.0044698715,80.2121963501,77463,77473,10
13.0051202774,80.2125396729,77473,77483,10
13.0058803558,80.2129211426,77483,77494,11
13.0067501068,80.2127304077,77494,77504,10
13.0078401566,80.2130508423,77504,77524,20
13.0078401566,80.2130508423,77524,77534,10
13.0079698563,80.2131729126,77534,77544,10
13.0081996918,80.2132797241,77544,77554,10
13.0086603165,80.2136001587,77554,77564,10
13.0091495514,80.2142868042,77564,77574,10
13.0095701218,80.214881897,77574,77584,10
13.0097703934,80.2151184082,77584,77595,11
13.0101203918,80.2156066895,77595,77605,10
13.0106296539,80.2162399292,77605,77615,10
13.0109100342,80.217048645,77615,77625,10
13.0113096237,80.2180633545,77625,77635,10
13.0116996765,80.2191772461,77635,77645,10
13.0121002197,80.2203903198,77645,77655,10
13.0125198364,80.2214202881,77655,77665,10
13.0131502151,80.2222290039,77665,77675,10
13.0137395859,80.2229919434,77675,77685,10
13.0142002106,80.2235412598,77685,77696,11
13.014550209,80.2239608765,77696,77706,10
13.0148696899,80.2243728638,77706,77716,10
13.0151700974,80.2247390747,77716,77726,10
13.0155096054,80.2250595093,77726,77736,10
13.0155601501,80.2250900269,77736,77746,10
13.0158395767,80.225227356,77746,77756,10
13.0163297653,80.2253036499,77756,77766,10
13.0170202255,80.2250671387,77766,77776,10
13.0177001953,80.2248001099,77776,77786,10
13.0184402466,80.2245025635,77786,77797,11
13.0191698074,80.2242965698,77797,77807,10
13.0194301605,80.2243728638,77807,77817,10
13.0195999146,80.2244796753,77817,77827,10
13.0199403763,80.2247009277,77827,77837,10
13.0203399658,80.2249984741,77837,77847,10
13.0207796097,80.2253112793,77847,77857,10
13.0212602615,80.2256698608,77857,77867,10
13.021900177,80.2261428833,77867,77877,10
13.0222396851,80.2264328003,77877,77888,11
13.0223398209,80.2265396118,77888,77898,10
13.0225296021,80.2267074585,77898,77908,10
13.0230102539,80.227142334,77908,77918,10
13.0235996246,80.2276763916,77918,77928,10
13.0241498947,80.2282180786,77928,77938,10
13.0243997574,80.2285614014,77938,77948,10
13.0242204666,80.2285690308,77948,77958,10
13.023900032,80.2281265259,77958,77968,10
13.0233402252,80.2275314331,77968,77978,10
13.0226297379,80.2268829346,77978,77989,11
13.0218296051,80.2261810303,77989,77999,10
13.0211000443,80.2256011963,77999,78009,10
13.0206604004,80.2252883911,78009,78019,10
13.0204200745,80.225151062,78019,78029,10
13.0200099945,80.224861145,78029,78039,10
13.019490242,80.2245483398,78039,78049,10
13.0188102722,80.2244796753,78049,78058,9
13.0182695389,80.2246932983,78058,78069,11
13.0173902512,80.2250595093,78069,78079,10
13.016579628,80.2253875732,78079,78090,11
13.0159902573,80.2255706787,78090,78100,10
13.0151195526,80.2258987427,78100,78120,20
13.0151195526,80.2258987427,78120,78130,10
13.0149803162,80.2259368896,78130,78140,10
13.0146102905,80.22605896,78140,78150,10
13.0142698288,80.2261810303,78150,78160,10
13.0141601563,80.2261276245,78160,78170,10
13.0141601563,80.2256164551,78170,78302,132
13.0141601563,80.2256164551,78302,78312,10
13.014169693,80.2254562378,78312,78322,10
13.0142097473,80.2254180908,78322,78332,10
13.0143995285,80.2253875732,78332,78342,10
13.014380455,80.2256011963,78342,78403,61
13.014380455,80.2256011963,78403,78413,10
13.0146903992,80.225402832,78413,82343,3930
13.0148000717,80.2253036499,82343,82959,616
