12.9979496002,80.2568206787,11,3658,3647
12.998049736,80.2570266724,3658,5187,1529
12.9979295731,80.2569580078,5187,8236,3049
12.9979496002,80.2568206787,8236,8408,172
12.998049736,80.2569580078,8408,9944,1536
12.998049736,80.2569580078,9944,9954,10
12.9981098175,80.2568893433,9954,10418,464
12.9979600906,80.2568969727,10418,12831,2413
12.9979600906,80.2568969727,12831,12841,10
12.9976997375,80.2568435669,12841,13003,162
12.9979000092,80.2570266724,13003,14830,1827
12.998000145,80.2568588257,14830,15103,273
12.9979600906,80.2570037842,15103,16021,918
12.9979200363,80.2570571899,16021,16435,414
12.9979496002,80.256980896,16435,19339,2904
12.9979400635,80.256980896,19339,19783,444
12.9979400635,80.256980896,19783,19800,17
12.9979400635,80.256980896,19800,19890,90
12.9978504181,80.2563705444,19890,19920,30
12.9977302551,80.2562637329,19920,19982,62
12.9970397949,80.2559509277,19982,20012,30
12.9958496094,80.255897522,20012,20039,27
12.9938402176,80.2560119629,20039,20070,31
12.9910497665,80.2560272217,20070,20103,33
12.9882698059,80.2558670044,20103,20133,30
12.9871196747,80.2595367432,20133,20241,108
12.9866600037,80.2594833374,20241,20272,31
12.9866504669,80.2591171265,20272,20301,29
12.9871301651,80.2591323853,20301,20332,31
12.9873800278,80.2589035034,20332,20362,30
12.9874095917,80.2581634521,20362,20393,31
12.9875297546,80.2566986084,20393,20423,30
12.9876899719,80.2557830811,20423,20453,30
12.9885797501,80.2558822632,20453,20484,31
12.9901800156,80.2560119629,20484,20514,30
12.9916200638,80.2560195923,20514,20544,30
12.9958696365,80.2558898926,20544,20615,71
12.997590065,80.2559127808,20615,20649,34
12.9988203049,80.2560195923,20649,20679,30
13.0003404617,80.2563171387,20679,20710,31
13.0023899078,80.2566604614,20710,20740,30
13.0044498444,80.2570495605,20740,20769,29
13.0064897537,80.2573394775,20769,20800,31
13.0065202713,80.2550125122,20800,20831,31
13.006529808,80.2527236938,20831,20860,29
13.0068101883,80.2504119873,20860,20891,31
13.006649971,80.247543335,20891,20921,30
13.0067195892,80.2456130981,20921,20952,31
13.0065898895,80.242477417,20952,20982,30
13.006939888,80.2392578125,20982,21013,31
13.0074195862,80.2367706299,21013,21043,30
13.0078201294,80.2350311279,21043,21074,31
13.0085802078,80.2313613892,21074,21103,29
13.0096702576,80.2270889282,21103,21134,31
13.0112304688,80.2237472534,21134,21163,29
13.0120801926,80.2216796875,21163,21194,31
13.0136699677,80.2230682373,21194,21225,31
13.0154399872,80.224899292,21225,21254,29
13.0162601471,80.2253265381,21254,21285,31
13.0190696716,80.2243270874,21285,21316,31
13.0197401047,80.2245178223,21316,21347,31
13.0214395523,80.2257766724,21347,21377,30
13.0238103867,80.2278594971,21377,21406,29
13.0238103867,80.2278594971,21406,21437,31
13.0258998871,80.2308578491,21437,21447,10
13.0260400772,80.2313232422,21447,21457,10
13.0260696411,80.231552124,21457,21467,10
13.0262203217,80.232093811,21467,21478,11
13.0265398026,80.2328567505,21478,21488,10
13.0267095566,80.2331771851,21488,21498,10
13.0270595551,80.2337799072,21498,21508,10
13.0275297165,80.2346191406,21508,21518,10
13.0281496048,80.2356414795,21518,21528,10
13.0289802551,80.2365493774,21528,21538,10
13.0296201706,80.2372283936,21538,21548,10
13.0297403336,80.2374191284,21548,21558,10
13.0300302505,80.2379226685,21558,21568,10
13.0304803848,80.2386932373,21568,21579,11
13.0310001373,80.2396011353,21579,21589,10
13.0313901901,80.2402191162,21589,21599,10
13.0314798355,80.2409133911,21599,21609,10
13.0318098068,80.241569519,21609,21619,10
13.0321302414,80.2421798706,21619,21629,10
13.0326299667,80.2427825928,21629,21639,10
13.033200264,80.2435531616,21639,21649,10
13.0338096619,80.2443618774,21649,21659,10
13.0343999863,80.2451629639,21659,21669,10
13.0349798203,80.24584198,21669,21679,10
13.0356197357,80.2461013794,21679,21690,11
13.0360803604,80.2463607788,21690,21700,10
13.0367898941,80.2464904785,21700,21710,10
13.0373897552,80.2464294434,21710,21720,10
13.0379400253,80.2464904785,21720,21730,10
13.0386600494,80.246711731,21730,21740,10
13.0394096375,80.246887207,21740,21750,10
13.0402803421,80.2470474243,21750,21760,10
13.0407800674,80.2471694946,21760,21770,10
13.0409498215,80.2471923828,21770,21780,10
13.0416002274,80.2472991943,21780,21791,11
13.0425300598,80.2475891113,21791,21801,10
13.0432100296,80.2478103638,21801,21811,10
13.0439195633,80.2478103638,21811,21821,10
13.0445899963,80.2478790283,21821,21831,10
13.0451602936,80.2481002808,21831,21841,10
13.0458097458,80.2483901978,21841,21851,10
13.0466499329,80.2484130859,21851,21861,10
13.0470199585,80.2484207153,21861,21871,10
13.0472698212,80.248550415,21871,21881,10
13.0477104187,80.2489929199,21881,21892,11
13.0483198166,80.2496109009,21892,21902,10
13.0489301682,80.2497177124,21902,21912,10
13.0497598648,80.2498168945,21912,21922,10
13.0507602692,80.2499771118,21922,21932,10
13.0515804291,80.2502593994,21932,21942,10
13.0522499084,80.250869751,21942,21952,10
13.0529098511,80.2517700195,21952,21962,10
13.0536699295,80.2528076172,21962,21972,10
13.0543498993,80.2537384033,21972,21982,10
13.0550098419,80.2545928955,21982,21991,9
13.0561800003,80.2562026978,21991,22003,12
13.0567502975,80.2567596436,22003,22013,10
13.0567502975,80.2567596436,22013,22021,8
13.0582799911,80.2583694458,22021,22063,42
13.0601196289,80.2605819702,22063,22093,30
13.0620698929,80.2629776001,22093,22177,84
13.0637397766,80.265296936,22177,22208,31
13.0659999847,80.2678375244,22208,22238,30
13.0671195984,80.268699646,22238,22268,30
13.0704402924,80.2657699585,22268,22344,76
13.0719404221,80.2641983032,22344,22378,34
13.0728597641,80.2621078491,22378,22408,30
13.0728597641,80.2621078491,22408,22438,30
13.0739498138,80.2618713379,22438,22449,11
13.0745601654,80.2626266479,22449,22459,10
13.0751495361,80.263420105,22459,22469,10
13.0756902695,80.2641372681,22469,22479,10
13.0761604309,80.2642211914,22479,22489,10
13.076789856,80.2641372681,22489,22499,10
13.0775098801,80.2639083862,22499,22509,10
13.0780801773,80.2634811401,22509,22520,11
13.0779895782,80.262878418,22520,22530,10
13.0778303146,80.2623291016,22530,22540,10
13.0775995255,80.2617111206,22540,22550,10
13.0773696899,80.2610931396,22550,22560,10
13.0773601532,80.2610321045,22560,22570,10
13.0774002075,80.2609481812,22570,22580,10
13.077249527,80.2606811523,22580,22590,10
13.0769195557,80.2603225708,22590,22600,10
13.0763902664,80.2599029541,22600,22609,9
13.0758895874,80.2594985962,22609,22621,12
13.075510025,80.2584991455,22621,22631,10
13.0755996704,80.2580566406,22631,22641,10
13.0760803223,80.2576904297,22641,22651,10
13.0766601563,80.2571563721,22651,22661,10
13.077249527,80.2567977905,22661,22671,10
13.0780000687,80.256652832,22671,22681,10
13.0788698196,80.2565917969,22681,22691,10
13.0790596008,80.2560195923,22691,22701,10
13.0789403915,80.2548370361,22701,22742,41
13.0789403915,80.2548370361,22742,22752,10
13.0790596008,80.2546234131,22752,22762,10
13.0795602798,80.2545471191,22762,22772,10
13.0804004669,80.2546691895,22772,22782,10
13.0812101364,80.2547988892,22782,22792,10
13.0816802979,80.2545318604,22792,22802,10
13.0818500519,80.2539215088,22802,22812,10
13.0819301605,80.2530975342,22812,22822,10
13.0815200806,80.2524185181,22822,22833,11
13.0813999176,80.2516326904,22833,22843,10
13.0813903809,80.2510528564,22843,22853,10
13.0813598633,80.2506027222,22853,22863,10
13.0813302994,80.25,22863,22873,10
13.0816001892,80.2496185303,22873,22883,10
13.082400322,80.2497406006,22883,22893,10
13.0830898285,80.2498397827,22893,22903,10
13.0838804245,80.2500305176,22903,22913,10
13.0845499039,80.2501602173,22913,22923,10
13.0849199295,80.2502212524,22923,22934,11
13.0854997635,80.2503204346,22934,22944,10
13.0858097076,80.2502670288,22944,22954,10
13.0858602524,80.249671936,22954,22964,10
13.0858201981,80.2487716675,22964,22974,10
13.0857801437,80.2477722168,22974,22984,10
13.0857601166,80.2468719482,22984,22994,10
13.085729599,80.2466812134,22994,23004,10
13.0857095718,80.2461166382,23004,23014,10
13.0856895447,80.2454223633,23014,23024,10
13.0857801437,80.2451095581,23024,23035,11
13.0863599777,80.2446594238,23035,23045,10
13.0870895386,80.2440719604,23045,23055,10
13.0877399445,80.2434387207,23055,23065,10
13.0879402161,80.2427062988,23065,23075,10
13.0882797241,80.2420120239,23075,23085,10
13.0890102386,80.2414398193,23085,23095,10
13.0897798538,80.2409896851,23095,23105,10
13.0907402039,80.240852356,23105,23115,10
13.0917396545,80.2409210205,23115,23125,10
13.0924100876,80.2409286499,23125,23136,11
13.0931901932,80.2410125732,23136,23146,10
13.094039917,80.2411499023,23146,23156,10
13.0943803787,80.2412033081,23156,23166,10
13.0948896408,80.2413024902,23166,23176,10
13.0956001282,80.2415237427,23176,23186,10
13.0963697433,80.2418212891,23186,23196,10
13.097120285,80.2420272827,23196,23206,10
13.0975103378,80.2421417236,23206,23216,10
13.0983695984,80.2423019409,23216,23247,31
13.0983695984,80.2423019409,23247,23257,10
13.0985803604,80.2423095703,23257,23267,10
13.0986995697,80.2422027588,23267,23277,10
13.0987195969,80.2421188354,23277,23287,10
13.0987501144,80.2420120239,23287,23297,10
13.0986995697,80.2418289185,23297,23307,10
13.0985298157,80.2418518066,23307,23317,10
13.0985097885,80.2421188354,23317,24822,1505
13.0986795425,80.2424621582,24822,25216,394
13.0986795425,80.2424621582,25216,25226,10
13.0982999802,80.242401123,25226,25236,10
13.0979099274,80.2423019409,25236,25246,10
13.0975503922,80.2422180176,25246,25256,10
13.0973501205,80.242149353,25256,25266,10
13.0969200134,80.2419967651,25266,25276,10
13.0963401794,80.2418289185,25276,25286,10
13.0957899094,80.2416534424,25286,25296,10
13.0952596664,80.2414627075,25296,25306,10
13.0949401855,80.241317749,25306,25316,10
13.0945701599,80.2412719727,25316,25327,11
13.09375,80.2411117554,25327,25347,20
13.09375,80.2411117554,25347,25357,10
13.0935096741,80.2410430908,25357,25367,10
13.093000412,80.2409820557,25367,25377,10
13.0923099518,80.2409133911,25377,25387,10
13.0915203094,80.2408599854,25387,25397,10
13.0905895233,80.2408370972,25397,25407,10
13.089630127,80.2410430908,25407,25417,10
13.0888395309,80.2415924072,25417,25428,11
13.0881004333,80.2422332764,25428,25438,10
13.0878896713,80.2430496216,25438,25448,10
13.0878000259,80.2433700562,25448,25458,10
13.087439537,80.2438201904,25458,25468,10
13.0868597031,80.2443466187,25468,25478,10
13.0862598419,80.2448272705,25478,25488,10
13.0857601166,80.2452468872,25488,25498,10
13.0857095718,80.2458724976,25498,25508,10
13.0857400894,80.2465209961,25508,25517,9
13.0857095718,80.2466278076,25517,25528,11
13.0856599808,80.2469100952,25528,25539,11
13.0857601166,80.2475585938,25539,25549,10
13.0858297348,80.2485122681,25549,25559,10
13.0858802795,80.2495574951,25559,25569,10
13.0859003067,80.2500610352,25569,25579,10
13.0859003067,80.2502212524,25579,25589,10
13.0858602524,80.2506103516,25589,25599,10
13.0857801437,80.2512512207,25599,25609,10
13.085650444,80.2521362305,25609,25619,10
13.085559845,80.2531661987,25619,25629,10
13.0856199265,80.2541275024,25629,25640,11
13.0856199265,80.2546234131,25640,25650,10
13.0855302811,80.2546920776,25650,25660,10
13.0851898193,80.2546768188,25660,25670,10
13.0847196579,80.2546463013,25670,25680,10
13.0842103958,80.2545776367,25680,25690,10
13.0839796066,80.2545623779,25690,25700,10
13.0839796066,80.2545471191,25700,25710,10
13.0837097168,80.2545166016,25710,25720,10
13.0831203461,80.2544937134,25720,25730,10
13.0824804306,80.254447937,25730,25741,11
13.0818595886,80.2546463013,25741,25751,10
13.0812997818,80.2547988892,25751,25761,10
13.0811195374,80.2547988892,25761,25771,10
13.0810203552,80.2547988892,25771,25781,10
13.080499649,80.2547302246,25781,25791,10
13.0798196793,80.2546234131,25791,25801,10
13.0795602798,80.2545776367,25801,25811,10
13.0793304443,80.2546081543,25811,25821,10
13.0790300369,80.2547607422,25821,25831,10
13.0790596008,80.2553329468,25831,25842,11
13.0791101456,80.2559967041,25842,25852,10
13.0790700912,80.2565383911,25852,25862,10
13.0788097382,80.256652832,25862,25872,10
13.0785303116,80.256652832,25872,25882,10
13.0781698227,80.2566604614,25882,25892,10
13.0776796341,80.2566986084,25892,25902,10
13.0772800446,80.2567977905,25902,25912,10
13.076789856,80.2570495605,25912,25922,10
13.0761995316,80.2575912476,25922,25932,10
13.075750351,80.2580108643,25932,25942,10
13.0754804611,80.2584381104,25942,25953,11
13.0755901337,80.2590332031,25953,25963,10
13.075920105,80.2594985962,25963,25973,10
13.0764198303,80.2599716187,25973,25983,10
13.0768299103,80.2603683472,25983,25993,10
13.0770797729,80.2605895996,25993,26003,10
13.0772800446,80.2608795166,26003,26013,10
13.0774803162,80.2613601685,26013,26023,10
13.0776500702,80.2618331909,26023,26033,10
13.0778102875,80.2621765137,26033,26074,41
13.0778102875,80.2621765137,26074,26084,10
13.0778398514,80.2625274658,26084,26094,10
13.07791996,80.2628707886,26094,26104,10
13.0781803131,80.2632675171,26104,26114,10
13.0780200958,80.2635421753,26114,26124,10
13.0774803162,80.2639007568,26124,26134,10
13.0766000748,80.2641525269,26134,26144,10
13.0758600235,80.2642364502,26144,26155,11
13.0755596161,80.2640228271,26155,26165,10
13.0753498077,80.2637023926,26165,26175,10
13.0749502182,80.2631530762,26175,26185,10
13.0744495392,80.262512207,26185,26195,10
13.0740604401,80.262046814,26195,26205,10
13.0739402771,80.2618713379,26205,26215,10
13.0737895966,80.261680603,26215,26225,10
13.0737800598,80.2616424561,26225,26235,10
13.0735902786,80.2614517212,26235,26245,10
13.0731601715,80.2613830566,26245,26255,10
13.0729198456,80.2619934082,26255,26266,11
13.0726804733,80.2627334595,26266,26276,10
13.0724096298,80.263381958,26276,26286,10
13.07213974,80.2638931274,26286,26296,10
13.0719299316,80.2642211914,26296,26306,10
13.0715904236,80.2646713257,26306,26316,10
13.0715398788,80.2647094727,26316,26326,10
13.0713596344,80.2648925781,26326,26336,10
13.0710296631,80.2652511597,26336,26346,10
13.0705299377,80.2657394409,26346,26356,10
13.0699300766,80.2663803101,26356,26367,11
13.0691995621,80.2670593262,26367,26377,10
13.0687599182,80.2679519653,26377,26387,10
13.0685195923,80.2686462402,26387,26397,10
13.0683803558,80.2691879272,26397,26407,10
13.0682497025,80.2697067261,26407,26417,10
13.0681600571,80.2704772949,26417,26427,10
13.0679597855,80.2709579468,26427,26437,10
13.067489624,80.2705993652,26437,26447,10
13.0672197342,80.2703094482,26447,26457,10
13.0670499802,80.2701187134,26457,26468,11
13.0666599274,80.2696533203,26468,26478,10
13.0664796829,80.2688827515,26478,26488,10
13.0661497116,80.2681274414,26488,26498,10
13.0652704239,80.267616272,26498,26518,20
13.0652704239,80.267616272,26518,26528,10
13.0650501251,80.2675476074,26528,26538,10
13.064499855,80.2674713135,26538,26548,10
13.0637197495,80.2673492432,26548,26558,10
13.0628595352,80.2671966553,26558,26568,10
13.0621595383,80.2664413452,26568,26579,11
13.0614795685,80.2655029297,26579,26589,10
13.0607795715,80.2652664185,26589,26599,10
13.0604801178,80.2654418945,26599,26609,10
13.0603103638,80.2655181885,26609,26619,10
13.059800148,80.2655792236,26619,26629,10
13.0589799881,80.2654418945,26629,26639,10
13.0584001541,80.2653579712,26639,26659,20
13.0584001541,80.2653579712,26659,26669,10
13.0581102371,80.2650680542,26669,26680,11
13.0580101013,80.264289856,26680,26690,10
13.0579004288,80.2633895874,26690,26700,10
13.0578699112,80.2628097534,26700,26710,10
13.0577898026,80.2623977661,26710,26720,10
13.0576601028,80.2617492676,26720,26730,10
13.057510376,80.2609405518,26730,26740,10
13.0572795868,80.2601776123,26740,26750,10
13.0570602417,80.2593688965,26750,26760,10
13.056810379,80.2585296631,26760,26770,10
13.0566701889,80.2578430176,26770,26781,11
13.0565500259,80.2572937012,26781,26791,10
13.0565299988,80.2572174072,26791,26801,10
13.0564498901,80.2568664551,26801,26811,10
13.056189537,80.2562179565,26811,26821,10
13.0556602478,80.2554702759,26821,26831,10
13.0550403595,80.2546005249,26831,26841,10
13.0543298721,80.2537536621,26841,26851,10
13.0541601181,80.2535095215,26851,26861,10
13.0540895462,80.2533798218,26861,26871,10
13.0537700653,80.2529373169,26871,26881,10
13.0532903671,80.2522583008,26881,26892,11
13.0526800156,80.2514724731,26892,26902,10
13.0521697998,80.2507781982,26902,26912,10
13.051440239,80.2501983643,26912,26922,10
13.0503702164,80.2499084473,26922,26932,10
13.0491304398,80.24974823,26932,26940,8
13.0482902527,80.2496185303,26940,26960,20
13.0470504761,80.248626709,26960,26970,10
13.0469102859,80.2486114502,26970,26980,10
13.0463600159,80.2485580444,26980,26991,11
13.0454702377,80.2482376099,26991,27001,10
13.0445899963,80.2480392456,27001,27011,10
13.0436496735,80.2478790283,27011,27021,10
13.0417203903,80.2474899292,27021,27031,10
13.0417203903,80.2474899292,27031,27041,10
13.0415802002,80.2474594116,27041,27050,9
13.0412597656,80.2473831177,27050,27061,11
13.0404996872,80.2472381592,27061,27071,10
13.0395803452,80.2470397949,27071,27142,71
13.0395803452,80.2470397949,27142,27152,10
13.0392303467,80.246887207,27152,27162,10
13.0385904312,80.2467422485,27162,27172,10
13.0377902985,80.2466430664,27172,27182,10
13.0368795395,80.2464675903,27182,27192,10
13.0359897614,80.2462692261,27192,27203,11
13.0353403091,80.2460479736,27203,27213,10
13.0353298187,80.2460327148,27213,27223,10
13.0351600647,80.2459030151,27223,27233,10
13.0347204208,80.2454833984,27233,27243,10
13.0341501236,80.2447662354,27243,27253,10
13.0335302353,80.2441101074,27253,27263,10
13.0328197479,80.2431411743,27263,27273,10
13.0320796967,80.2420806885,27273,27283,10
13.0315599442,80.2409973145,27283,27293,10
13.0312595367,80.2403564453,27293,27304,11
13.030960083,80.2396697998,27304,27314,10
13.0305204391,80.2388916016,27314,27324,10
13.029999733,80.2379989624,27324,27334,10
13.0294504166,80.237159729,27334,27344,10
13.0290803909,80.2367477417,27344,27354,10
13.0289402008,80.2366027832,27354,27364,10
13.0287303925,80.2363510132,27364,27374,10
13.0283203125,80.2358779907,27374,27384,10
13.0278196335,80.2351989746,27384,27393,9
13.0273895264,80.2344512939,27393,27405,12
13.0267496109,80.2334518433,27405,27415,10
13.0263996124,80.2328033447,27415,27425,10
13.0262098312,80.232170105,27425,27435,10
13.0261096954,80.2317428589,27435,27445,10
13.0260801315,80.2315673828,27445,27455,10
13.0260601044,80.2315063477,27455,27465,10
13.0260696411,80.2313995361,27465,27475,10
13.0259599686,80.2310028076,27475,27485,10
13.025639534,80.2303314209,27485,27495,10
13.0250501633,80.2295227051,27495,27505,10
13.0241003036,80.2283782959,27505,27526,21
13.0241003036,80.2283782959,27526,27536,10
13.0240097046,80.2282409668,27536,27546,10
13.0237102509,80.2278823853,27546,27556,10
13.0232400894,80.2274475098,27556,27566,10
13.0226402283,80.2268829346,27566,27576,10
13.0220603943,80.2263412476,27576,27586,10
13.0216703415,80.2260284424,27586,27596,10
13.0213003159,80.2257385254,27596,27606,10
13.0207500458,80.2252883911,27606,27617,11
13.0198698044,80.2247009277,27617,27647,30
13.0198698044,80.2247009277,27647,27657,10
13.0196304321,80.2246170044,27657,27667,10
13.0189304352,80.2245101929,27667,27677,10
13.0179796219,80.2248535156,27677,27687,10
13.0169496536,80.2252578735,27687,27697,10
13.016289711,80.2255325317,27697,27707,10
13.0156803131,80.225730896,27707,27718,11
13.014840126,80.2260665894,27718,27728,10
13.0145702362,80.2261581421,27728,27738,10
13.014380455,80.2262191772,27738,27748,10
13.0138196945,80.2264175415,27748,27758,10
13.0130195618,80.2267532349,27758,27768,10
13.012049675,80.227142334,27768,27778,10
13.0110397339,80.2275619507,27778,27788,10
13.0100698471,80.2279510498,27788,27798,10
13.0092201233,80.2284088135,27798,27808,10
13.0090398788,80.229309082,27808,27819,11
13.008769989,80.2305831909,27819,27829,10
13.0085401535,80.2317123413,27829,27839,10
13.0083398819,80.2328567505,27839,27849,10
13.0082197189,80.2336425781,27849,27859,10
13.008190155,80.2337417603,27859,27869,10
13.0081396103,80.2338790894,27869,27879,10
13.0080499649,80.234413147,27879,27889,10
13.0078802109,80.2352371216,27889,27899,10
13.0076599121,80.236289978,27899,27909,10
13.0074396133,80.237487793,27909,27919,10
13.0072803497,80.2383880615,27919,27930,11
13.0072097778,80.2388076782,27930,27940,10
13.007060051,80.2393875122,27940,27950,10
13.0069198608,80.2401504517,27950,27970,20
13.006939888,80.2401733398,27970,28000,30
13.006939888,80.2401733398,28000,28010,10
13.0068902969,80.2405014038,28010,28020,10
13.0068302155,80.2408599854,28020,28031,11
13.0067996979,80.2410507202,28031,28041,10
13.0067396164,80.2416915894,28041,28051,10
13.0067396164,80.2425994873,28051,28061,10
13.0067195892,80.2431411743,28061,28071,10
13.0066995621,80.2433700562,28071,28081,10
13.0066900253,80.2436981201,28081,28091,10
13.0066795349,80.2442169189,28091,28101,10
13.0066795349,80.2447433472,28101,28111,10
13.0066795349,80.245262146,28111,28121,10
13.0067100525,80.2457885742,28121,28132,11
13.0067396164,80.2466201782,28132,28192,60
13.0067396164,80.2466201782,28192,28202,10
13.0067501068,80.2470474243,28202,28212,10
13.0067396164,80.2476272583,28212,28222,10
13.0067501068,80.2485122681,28222,28232,10
13.0067996979,80.2496337891,28232,28243,11
13.0068302155,80.2509307861,28243,28253,10
13.0066604614,80.251991272,28253,28263,10
13.0065603256,80.2532196045,28263,28273,10
13.0066099167,80.2545700073,28273,28283,10
13.0066204071,80.2550430298,28283,28293,10
13.0066099167,80.2551879883,28293,28303,10
13.0066003799,80.2556915283,28303,28313,10
13.0066099167,80.2565383911,28313,28323,10
13.0066404343,80.2574234009,28323,28333,10
13.0062103271,80.2575073242,28333,28344,11
13.0055103302,80.2573471069,28344,28354,10
13.004989624,80.2572097778,28354,28364,10
13.0043001175,80.2570571899,28364,28374,10
13.0037403107,80.2569503784,28374,28384,10
13.003279686,80.2568664551,28384,28394,10
13.003080368,80.2568283081,28394,28404,10
13.0029802322,80.2568130493,28404,28414,10
13.0026197433,80.2567520142,28414,28424,10
13.0021400452,80.2566680908,28424,28434,10
13.0017595291,80.2566299438,28434,28485,51
13.0017595291,80.2566299438,28485,28495,10
13.0015802383,80.2565917969,28495,28505,10
13.0010099411,80.2565002441,28505,28515,10
13.0002202988,80.256362915,28515,28525,10
12.9994096756,80.2562179565,28525,28535,10
12.9989004135,80.256111145,28535,28546,11
12.9988298416,80.2560882568,28546,28556,10
12.9987096786,80.2560806274,28556,28566,10
12.9983701706,80.2560424805,28566,28576,10
12.998339653,80.2560424805,28576,28586,10
12.998169899,80.2560119629,28586,28596,10
12.9979400635,80.2559661865,28596,28606,10
12.997590065,80.2559432983,28606,28647,41
12.997590065,80.2559432983,28647,28657,10
12.9972000122,80.2558898926,28657,28667,10
12.9968700409,80.2559127808,28667,28677,10
12.9963598251,80.255897522,28677,28687,10
12.995639801,80.255897522,28687,28697,10
12.9948301315,80.2559204102,28697,28707,10
12.9940595627,80.2560119629,28707,28717,10
12.9930696487,80.256072998,28717,28727,10
12.9919900894,80.2560882568,28727,28737,10
12.9911003113,80.2560577393,28737,28747,10
12.9905500412,80.2560424805,28747,28758,11
12.9900398254,80.2560195923,28758,28768,10
12.9895200729,80.2559967041,28768,28778,10
12.9888801575,80.2559585571,28778,28788,10
12.9886198044,80.2559585571,28788,28798,10
12.9884500504,80.255897522,28798,28808,10
12.9879999161,80.255821228,28808,28818,10
12.9876403809,80.2561264038,28818,28828,10
12.9875802994,80.2569274902,28828,28838,10
12.9875097275,80.2578125,28838,28848,10
12.9874401093,80.2585983276,28848,28858,10
12.9873199463,80.2591781616,28858,28869,11
12.9872503281,80.2594909668,28869,28909,40
12.9872503281,80.2594909668,28909,28919,10
12.9866800308,80.2594680786,28919,28949,30
12.9866800308,80.2594680786,28949,28959,10
12.9866399765,80.2590713501,28959,28990,31
12.986869812,80.2591094971,28990,29041,51
12.986869812,80.2591094971,29041,29051,10
12.9872303009,80.2591629028,29051,29102,51
12.9872303009,80.2591629028,29102,29112,10
12.9873504639,80.2593078613,29112,29122,10
12.9872703552,80.2595596313,29122,29132,10
12.9872598648,80.2595672607,29132,29142,10
12.9870996475,80.259552002,29142,29152,10
12.9865598679,80.2594680786,29152,29314,162
12.986579895,80.2594985962,29314,29344,30
12.9863595963,80.2594833374,29344,29546,202
12.9866504669,80.2595672607,29546,29617,71
12.9865198135,80.2594985962,29617,29980,363
12.9865999222,80.259437561,29980,30000,20
12.9865999222,80.259437561,30000,30010,10
12.9866104126,80.2592926025,30010,30020,10
12.9869003296,80.2591323853,30020,30071,51
12.9869003296,80.2591323853,30071,30081,10
12.9871397018,80.259147644,30081,30101,20
12.9871397018,80.259147644,30101,30111,10
12.9874000549,80.2590103149,30111,30121,10
12.9874000549,80.2589416504,30121,30132,11
12.9874000549,80.2587509155,30132,30142,10
12.9874095917,80.2584915161,30142,30152,10
12.9874296188,80.2582092285,30152,30162,10
12.9874401093,80.2581634521,30162,30172,10
12.9874696732,80.2578201294,30172,30182,10
12.9875001907,80.2572174072,30182,30192,10
12.9875802994,80.2559967041,30192,30273,81
12.9875802994,80.2559967041,30273,30283,10
12.9876203537,80.2558364868,30283,30293,10
12.9879703522,80.2557601929,30293,30301,8
12.9883098602,80.255821228,30301,30313,12
12.9887599945,80.2558822632,30313,30333,20
12.9887599945,80.2558822632,30333,30344,11
12.9891004562,80.2559280396,30344,30354,10
12.9896602631,80.2559890747,30354,30364,10
12.9903202057,80.2560195923,30364,30374,10
12.9910297394,80.2560424805,30374,30384,10
12.991900444,80.2560882568,30384,30394,10
12.9927597046,80.2560806274,30394,30404,10
12.9936199188,80.2560195923,30404,30414,10
12.9944400787,80.2559814453,30414,30424,10
12.9952802658,80.2559280396,30424,30434,10
12.9961299896,80.2559280396,30434,30445,11
12.9969997406,80.2559127808,30445,30455,10
12.9975099564,80.2559280396,30455,30465,10
12.9980602264,80.2559814453,30465,30475,10
12.9988203049,80.256072998,30475,30505,30
12.9988203049,80.256072998,30505,30515,10
12.9989795685,80.2561035156,30515,30525,10
12.9991397858,80.2561187744,30525,30535,10
12.9995803833,80.2562026978,30535,30544,9
13.0001802444,80.2563171387,30544,30557,13
13.0011796951,80.256477356,30557,30568,11
13.0019197464,80.2565994263,30568,30578,10
13.0025196075,80.2566986084,30578,30588,10
13.0030298233,80.2567901611,30588,30598,10
13.0036096573,80.2568969727,30598,30608,10
13.0043201447,80.2570419312,30608,30618,10
13.0050697327,80.2571868896,30618,30628,10
13.0056200027,80.2572937012,30628,30638,10
13.0057897568,80.2573471069,30638,30647,9
13.0058603287,80.2573471069,30647,30659,12
13.006070137,80.2573471069,30659,30669,10
13.0064401627,80.2574081421,30669,30679,10
13.0065097809,80.2569274902,30679,30689,10
13.0065202713,80.256111145,30689,30699,10
13.006529808,80.2552490234,30699,30709,10
13.006529808,80.2545394897,30709,30719,10
13.0065202713,80.253616333,30719,30729,10
13.006529808,80.2532424927,30729,30739,10
13.0065402985,80.2531509399,30739,30749,10
13.0065402985,80.2526702881,30749,30760,11
13.0066795349,80.251991272,30760,30830,70
13.0066795349,80.251991272,30830,30840,10
13.0067195892,80.251701355,30840,30850,10
13.0068101883,80.251159668,30850,30860,10
13.0067901611,80.2502975464,30860,30871,11
13.0067596436,80.2491607666,30871,30881,10
13.0066699982,80.248260498,30881,30891,10
13.0066699982,80.2476882935,30891,30973,82
13.0067396164,80.2474975586,30973,31033,60
13.0067396164,80.2474975586,31033,31043,10
13.0068101883,80.2474136353,31043,31053,10
13.0067596436,80.2471618652,31053,31063,10
13.0066299438,80.2465820313,31063,31084,21
13.0066299438,80.2465820313,31084,31094,10
13.0066699982,80.2463378906,31094,31104,10
13.0066604614,80.2458496094,31104,31114,10
13.006649971,80.2452316284,31114,31124,10
13.0066299438,80.2446212769,31124,31134,10
13.0066404343,80.244102478,31134,31142,8
13.0066604614,80.2436218262,31142,31154,12
13.0066099167,80.2429275513,31154,31164,10
13.0065898895,80.2421112061,31164,31174,10
13.0066204071,80.2412719727,31174,31185,11
13.0066995621,80.2405471802,31185,31205,20
13.0066995621,80.2405471802,31205,31215,10
13.0067195892,80.2403564453,31215,31225,10
13.0068502426,80.2399597168,31225,31235,10
13.0069799423,80.2393035889,31235,31245,10
13.007109642,80.2385177612,31245,31255,10
13.0072603226,80.2378234863,31255,31265,10
13.0074300766,80.2367706299,31265,31286,21
13.0074300766,80.2367706299,31286,31296,10
13.007519722,80.2364273071,31296,31306,10
13.0076599121,80.2358016968,31306,31316,10
13.0078296661,80.2349624634,31316,31326,10
13.0080499649,80.234046936,31326,31336,10
13.0082798004,80.2328720093,31336,31346,10
13.0085496902,80.2315216064,31346,31356,10
13.0088100433,80.2301101685,31356,31366,10
13.0090799332,80.2286987305,31366,31376,10
13.0095396042,80.2274398804,31376,31386,10
13.0101099014,80.2262191772,31386,31397,11
13.0105800629,80.2253112793,31397,31407,10
13.0107097626,80.2250823975,31407,31417,10
13.0108699799,80.2247009277,31417,31427,10
13.0111904144,80.2239837646,31427,31437,10
13.0113897324,80.223449707,31437,31447,10
13.0114402771,80.2232894897,31447,31457,10
13.0115995407,80.22290802,31457,31467,10
13.0118999481,80.22215271,31467,31477,10
13.0122900009,80.2214508057,31477,31487,10
13.012550354,80.2217330933,31487,31498,11
13.0128602982,80.222328186,31498,31508,10
13.0135402679,80.2230072021,31508,31518,10
13.0141000748,80.2234725952,31518,31528,10
13.0143003464,80.2236633301,31528,31538,10
13.0146398544,80.2240982056,31538,31548,10
13.0151500702,80.2247161865,31548,31558,10
13.0154600143,80.224937439,31558,31599,41
13.0154600143,80.224937439,31599,31609,10
13.0157403946,80.2252120972,31609,31639,30
13.0157403946,80.2252120972,31639,31649,10
13.0158596039,80.2252883911,31649,31659,10
13.0162000656,80.2253570557,31659,31669,10
13.0166702271,80.2252807617,31669,31679,10
13.0171003342,80.2250976563,31679,31710,31
13.0171003342,80.2250976563,31710,31720,10
13.0172796249,80.2250289917,31720,31730,10
13.0177202225,80.2248687744,31730,31740,10
13.0183601379,80.2246322632,31740,31750,10
13.0194101334,80.2243499756,31750,31780,30
13.0194101334,80.2243499756,31780,31790,10
13.0195102692,80.2244491577,31790,31800,10
13.0195598602,80.2245025635,31800,31809,9
13.0197896957,80.224647522,31809,31821,12
13.0203399658,80.2250213623,31821,31831,10
13.0208501816,80.2253799438,31831,31841,10
13.021320343,80.2257614136,31841,31851,10
13.0218095779,80.2261276245,31851,31861,10
13.022359848,80.2265777588,31861,31871,10
13.0229597092,80.2270965576,31871,31881,10
13.0233697891,80.2274703979,31881,31891,10
13.0238304138,80.2278900146,31891,31901,10
13.024140358,80.2282104492,31901,31922,21
13.024140358,80.2282104492,31922,31932,10
13.0242900848,80.2284088135,31932,31942,10
13.0244398117,80.2285995483,31942,31952,10
13.024600029,80.2288284302,31952,31963,11
13.0248403549,80.2291870117,31963,31973,10
13.025179863,80.2296295166,31973,31983,10
13.0255699158,80.2301330566,31983,31993,10
13.0256996155,80.2303314209,31993,32003,10
13.0258197784,80.2306137085,32003,32012,9
13.0259199142,80.2308807373,32012,32022,10
13.0260000229,80.2312774658,32022,32033,11
13.0260896683,80.2316589355,32033,32044,11
13.0261497498,80.231880188,32044,32054,10
13.0262403488,80.2322311401,32054,32064,10
13.0265102386,80.2328262329,32064,32104,40
13.0265102386,80.2328262329,32104,32114,10
13.0265798569,80.2331314087,32114,32124,10
13.0268697739,80.233543396,32124,32135,11
13.0273103714,80.2342300415,32135,32145,10
13.0277500153,80.2350082397,32145,32155,10
13.0283603668,80.2358703613,32155,32165,10
13.0291204453,80.2366867065,32165,32175,10
13.0295600891,80.2371673584,32175,32195,20
13.0295600891,80.2371673584,32195,32205,10
13.0297002792,80.2375411987,32205,32215,10
13.0300502777,80.2380523682,32215,32225,10
13.0303602219,80.2385635376,32225,32236,11
13.0307102203,80.239151001,32236,32246,10
13.031080246,80.2397994995,32246,32256,10
13.0314102173,80.2402420044,32256,32266,10
13.0314397812,80.2407608032,32266,32276,10
13.0315999985,80.2411193848,32276,32286,10
13.0317697525,80.2414627075,32286,32296,10
13.0319404602,80.2418365479,32296,32306,10
13.0323200226,80.2423324585,32306,32316,10
13.0327796936,80.2429962158,32316,32326,10
13.0333404541,80.2437362671,32326,32337,11
13.0338602066,80.2445602417,32337,32347,10
13.0341501236,80.2448501587,32347,32357,10
13.0344696045,80.2452697754,32357,32367,10
13.0350399017,80.2459335327,32367,32387,20
13.0350399017,80.2459335327,32387,32397,10
13.0353298187,80.2461013794,32397,32417,20
13.0353298187,80.2461013794,32417,32427,10
13.0356998444,80.2462005615,32427,32448,21
13.0356998444,80.2462005615,32448,32458,10
13.0359201431,80.2462234497,32458,32468,10
13.0362596512,80.2463684082,32468,32478,10
13.0368900299,80.2464904785,32478,32488,10
13.0375204086,80.246421814,32488,32498,10
13.0381402969,80.2465362549,32498,32508,10
13.0388002396,80.2467803955,32508,32559,51
13.0388002396,80.2467803955,32559,32569,10
13.0389404297,80.2468185425,32569,32579,10
13.0393104553,80.2469177246,32579,32589,10
13.0396995544,80.2469863892,32589,32599,10
13.0401802063,80.2470703125,32599,32609,10
13.0408401489,80.2471923828,32609,32629,20
13.0408401489,80.2471923828,32629,32639,10
13.0410404205,80.2472229004,32639,32648,9
13.0415000916,80.2473297119,32648,32660,12
13.0419597626,80.2474212646,32660,32670,10
13.0423402786,80.2474365234,32670,32680,10
13.0427904129,80.2475891113,32680,32690,10
13.0433998108,80.2477874756,32690,32700,10
13.0440196991,80.247756958,32700,32710,10
13.0444202423,80.2478179932,32710,32720,10
13.0449199677,80.2480392456,32720,32730,10
13.0454597473,80.248260498,32730,32740,10
13.0461502075,80.2484817505,32740,32750,10
13.0469503403,80.2484207153,32750,32771,21
13.0469503403,80.2484207153,32771,32781,10
13.0472002029,80.2484588623,32781,32791,10
13.0476198196,80.248840332,32791,32801,10
13.0481300354,80.2493972778,32801,32811,10
13.0486803055,80.2497406006,32811,32821,10
13.0492095947,80.2497711182,32821,32831,10
13.049369812,80.249786377,32831,32841,10
13.0497903824,80.2498703003,32841,32851,10
13.0505199432,80.25,32851,32861,10
13.051199913,80.2501373291,32861,32872,11
13.0519199371,80.250541687,32872,32882,10
13.0524997711,80.2511978149,32882,32892,10
13.0530900955,80.2519989014,32892,32902,10
13.0536298752,80.2527694702,32902,32912,10
13.054189682,80.2535324097,32912,32922,10
13.0547304153,80.2542114258,32922,32932,10
13.0550603867,80.2546310425,32932,32942,10
13.055270195,80.2549819946,32942,32952,10
13.0554704666,80.255279541,32952,32962,10
13.055680275,80.255569458,32962,32974,12
13.0559902191,80.2559509277,32974,32982,8
13.0561199188,80.2561035156,32982,32994,12
13.0563802719,80.2564315796,32994,33004,10
13.056810379,80.2568283081,33004,33032,28
13.056810379,80.2568283081,33032,33044,12
13.0570497513,80.2570800781,33044,33053,9
13.0574197769,80.2574081421,33053,33064,11
13.0576601028,80.2576522827,33064,33075,11
13.0580101013,80.258102417,33075,33083,8
13.0583696365,80.2585830688,33083,33095,12
13.0588598251,80.2591094971,33095,33105,10
13.0591697693,80.2596817017,33105,33115,10
13.0597200394,80.2602081299,33115,33125,10
13.0603399277,80.2608413696,33125,33135,10
13.0606403351,80.2612304688,33135,33145,10
13.0606403351,80.2612380981,33145,33153,8
13.0607004166,80.261390686,33153,33163,10
13.0610103607,80.2618026733,33163,33175,12
13.0616598129,80.2625427246,33175,33206,31
13.0616598129,80.2625427246,33206,33216,10
13.0618200302,80.2627182007,33216,33226,10
13.0621700287,80.263130188,33226,33236,10
13.0625896454,80.263633728,33236,33246,10
13.062959671,80.2640075684,33246,33256,10
13.0631103516,80.2641525269,33256,33266,10
13.0633096695,80.2644424438,33266,33276,10
13.0635900497,80.2649993896,33276,33287,11
13.0638904572,80.2653579712,33287,33297,10
13.0640096664,80.2655181885,33297,33307,10
13.0643196106,80.2658996582,33307,33317,10
13.0646400452,80.2662734985,33317,33327,10
13.064789772,80.2665100098,33327,33337,10
13.0649900436,80.2667694092,33337,33347,10
13.0654296875,80.2670974731,33347,33357,10
13.0659303665,80.2676773071,33357,33367,10
13.0663099289,80.2681503296,33367,33377,10
13.0663499832,80.2681884766,33377,33387,10
13.0664396286,80.2682800293,33387,33398,11
13.0668001175,80.2684326172,33398,33408,10
13.0670404434,80.2685699463,33408,33418,10
13.0671195984,80.2686309814,33418,33428,10
13.0675001144,80.2688980103,33428,33438,10
13.0680398941,80.26927948,33438,33448,10
13.0684204102,80.2691574097,33448,33458,10
13.0685300827,80.2686386108,33458,33467,9
13.0687503815,80.2680435181,33467,33478,11
13.0691099167,80.2671966553,33478,33488,10
13.0697202682,80.2665710449,33488,33499,11
13.0702896118,80.2659606934,33499,33509,10
13.0704097748,80.2658081055,33509,33519,10
13.070520401,80.2657165527,33519,33529,10
13.0708599091,80.26537323,33529,33539,10
13.0713396072,80.2648925781,33539,33549,10
13.0718803406,80.2643127441,33549,33559,10
13.0723800659,80.2636032104,33559,33569,10
13.0726299286,80.2629318237,33569,33579,10
13.072930336,80.2619400024,33579,33600,21
13.072930336,80.2619400024,33600,33610,10
13.0730104446,80.2615737915,33610,33620,10
13.0730695724,80.2610931396,33620,33630,10
13.0731201172,80.2607116699,33630,33640,10
13.0733604431,80.2604370117,33640,33650,10
13.0736303329,80.2598266602,33650,33660,10
13.0741996765,80.2591629028,33660,33670,10
13.0748195648,80.2586517334,33670,33680,10
13.0752601624,80.2583084106,33680,33690,10
13.0755596161,80.2580718994,33690,33699,9
13.0755701065,80.2580566406,33699,33711,12
13.0755796432,80.2580337524,33711,33721,10
13.0759096146,80.2578430176,33721,33731,10
13.0762996674,80.2574691772,33731,33741,10
13.0767202377,80.2570877075,33741,33751,10
13.0772199631,80.2567977905,33751,33761,10
13.0780000687,80.2566375732,33761,33770,9
13.0788803101,80.2565612793,33770,33781,11
13.0790596008,80.2559509277,33781,33790,9
13.0789499283,80.2551498413,33790,33801,11
13.0789699554,80.2546691895,33801,33811,10
13.0795297623,80.2545623779,33811,33832,21
13.0795297623,80.2545623779,33832,33842,10
13.0796403885,80.2546005249,33842,33852,10
13.0800600052,80.2546615601,33852,33862,10
13.0805797577,80.2547531128,33862,33872,10
13.0810699463,80.2548065186,33872,33882,10
13.0815000534,80.2548065186,33882,33891,9
13.0817499161,80.2545318604,33891,33902,11
13.0818395615,80.2541275024,33902,33912,10
13.0818300247,80.2537918091,33912,33923,11
13.0818901062,80.253288269,33923,33933,10
13.0817203522,80.2528076172,33933,33943,10
13.081489563,80.2522964478,33943,33953,10
13.081410408,80.2516098022,33953,33963,10
13.0813903809,80.2511062622,33963,33973,10
13.0813703537,80.2506790161,33973,33984,11
13.081319809,80.2500762939,33984,33994,10
13.081489563,80.2496337891,33994,34004,10
13.0821895599,80.2497406006,34004,34013,9
13.0829200745,80.2498626709,34013,34025,12
13.0839099884,80.2500076294,34025,34033,8
13.0845403671,80.2500762939,34033,34043,10
13.0846796036,80.2501220703,34043,34055,12
13.0848798752,80.2501983643,34055,34065,10
13.0853700638,80.250289917,34065,34075,10
13.0858097076,80.250328064,34075,34085,10
13.0859804153,80.2502365112,34085,34094,9
13.0859298706,80.24974823,34094,34103,9
13.0858802795,80.2490768433,34103,34116,13
13.0858201981,80.2482223511,34116,34126,10
13.0858297348,80.2473526001,34126,34137,11
13.0858097076,80.246711731,34137,34147,10
13.0858602524,80.246673584,34147,34157,10
13.0857696533,80.246383667,34157,34167,10
13.0856800079,80.24584198,34167,34207,40
13.0856800079,80.24584198,34207,34217,10
13.085650444,80.2452926636,34217,34227,10
13.0858898163,80.2450637817,34227,34238,11
13.0862903595,80.244720459,34238,34248,10
13.0868501663,80.2442474365,34248,34258,10
13.0873403549,80.2438583374,34258,34268,10
13.0877599716,80.2434005737,34268,34278,10
13.0879096985,80.2429580688,34278,34288,10
13.0880098343,80.2424087524,34288,34298,10
13.088350296,80.2419815063,34298,34318,20
13.088350296,80.2419815063,34318,34328,10
13.0884199142,80.2419281006,34328,34339,11
13.0887298584,80.2416915894,34339,34349,10
13.089220047,80.2413406372,34349,34359,10
13.0897598267,80.2409820557,34359,34369,10
13.090379715,80.2407684326,34369,34379,10
13.0904903412,80.2407836914,34379,34389,10
13.0910196304,80.2408218384,34389,34399,10
13.0917396545,80.2408676147,34399,34409,10
13.0923099518,80.2409133911,34409,34419,10
13.0929002762,80.2409362793,34419,34429,10
13.093460083,80.2410202026,34429,34439,10
13.0939397812,80.2411117554,34439,34450,11
13.0940103531,80.2411193848,34450,34460,10
13.0943803787,80.2412109375,34460,34470,10
13.0944004059,80.2412109375,34470,34480,10
13.0946998596,80.2412719727,34480,34490,10
13.095290184,80.2414169312,34490,34500,10
13.0957803726,80.2415618896,34500,34510,10
13.0962095261,80.2417221069,34510,34520,10
13.0970401764,80.2419891357,34520,34591,71
13.0970401764,80.2419891357,34591,34601,10
13.0974798203,80.2421112061,34601,34611,10
13.0979404449,80.2422332764,34611,34621,10
13.0986700058,80.2422866821,34621,34641,20
13.0986700058,80.2422866821,34641,34651,10
13.0987701416,80.2420806885,34651,34662,11
13.0987300873,80.241859436,34662,34672,10
13.0985097885,80.2420806885,34672,35127,455
13.0984802246,80.2423324585,35127,35167,40
13.0984802246,80.2423324585,35167,35177,10
13.0981702805,80.2422866821,35177,35188,11
13.0979099274,80.2422332764,35188,35198,10
13.097700119,80.2422027588,35198,35208,10
13.0973796844,80.2421188354,35208,35218,10
13.0971002579,80.2420501709,35218,35228,10
13.0966997147,80.2419433594,35228,35238,10
13.0962400436,80.2417831421,35238,35248,10
13.0960798264,80.2416992188,35248,35258,10
13.0958003998,80.241607666,35258,35278,20
13.0958003998,80.241607666,35278,35288,10
13.0954704285,80.2414627075,35288,35299,11
13.0953598022,80.2414093018,35299,35309,10
13.0951795578,80.2413330078,35309,35319,10
13.0949802399,80.2412719727,35319,35329,10
13.0947198868,80.2412261963,35329,35339,10
13.0943202972,80.2411575317,35339,35349,10
13.0936899185,80.2410583496,35349,35369,20
13.0936899185,80.2410583496,35369,35379,10
13.0934896469,80.241027832,35379,35389,10
13.0933303833,80.2409973145,35389,35400,11
13.0927696228,80.2408905029,35400,35410,10
13.0920495987,80.240852356,35410,35420,10
13.0911397934,80.2408218384,35420,35430,10
13.0901699066,80.2408370972,35430,35440,10
13.0894403458,80.2411804199,35440,35450,10
13.0888004303,80.2416534424,35450,35460,10
13.0882101059,80.242149353,35460,35470,10
13.0879497528,80.2427978516,35470,35490,20
13.0879497528,80.2427978516,35490,35501,11
13.0879096985,80.2430877686,35501,35511,10
13.0879001617,80.2431182861,35511,35521,10
13.0878801346,80.2432479858,35521,35531,10
13.087679863,80.2435684204,35531,35541,10
13.0872898102,80.2439422607,35541,35551,10
13.0866804123,80.2444915771,35551,35561,10
13.0861301422,80.2449111938,35561,35571,10
13.085729599,80.2452011108,35571,35600,29
13.085729599,80.2452011108,35600,35612,12
13.0856800079,80.2455368042,35612,35622,10
13.0856704712,80.2461013794,35622,35632,10
13.0856599808,80.2467575073,35632,35642,10
13.0856599808,80.2467727661,35642,35652,10
13.0857696533,80.247177124,35652,35662,10
13.0857601166,80.2478790283,35662,35672,10
13.0857601166,80.2488632202,35672,35682,10
13.0858802795,80.2493972778,35682,35701,19
13.0858802795,80.2493972778,35701,35712,11
13.0858602524,80.2495727539,35712,35723,11
13.0859098434,80.2498931885,35723,35733,10
13.0859098434,80.2503204346,35733,35743,10
13.0858402252,80.2506484985,35743,35753,10
13.0858097076,80.2510910034,35753,35763,10
13.0858001709,80.2514801025,35763,35773,10
13.0857496262,80.2517623901,35773,35783,10
13.0857000351,80.2521972656,35783,35793,10
13.085650444,80.2526931763,35793,35803,10
13.0856399536,80.2528686523,35803,35813,10
13.0856199265,80.2531204224,35813,35824,11
13.0856304169,80.2532119751,35824,35834,10
13.0855798721,80.2536392212,35834,35844,10
13.0856103897,80.2540435791,35844,35854,10
13.0855398178,80.2545700073,35854,35864,10
13.0851097107,80.2546386719,35864,35874,10
13.0840196609,80.2545166016,35874,35894,20
13.0840196609,80.2545166016,35894,35904,10
13.0838699341,80.2545471191,35904,35914,10
13.0833797455,80.2544784546,35914,35924,10
13.0826797485,80.2544708252,35924,35936,12
13.0819997787,80.2545394897,35936,35944,8
13.0815200806,80.2547531128,35944,35956,12
13.080909729,80.2547607422,35956,35966,10
13.0808801651,80.2547607422,35966,35976,10
13.0806999207,80.254737854,35976,35986,10
13.080329895,80.2546920776,35986,35994,8
13.0802297592,80.2546920776,35994,36005,11
13.0799703598,80.2546386719,36005,36016,11
13.07970047,80.2545776367,36016,36025,9
13.0794897079,80.2545700073,36025,36035,10
13.0792703629,80.2546081543,36035,36047,12
13.0791196823,80.2545928955,36047,36057,10
13.0790100098,80.2548217773,36057,36065,8
13.0790596008,80.2552490234,36065,36075,10
13.0791397095,80.256187439,36075,36087,12
13.0789003372,80.2565994263,36087,36095,8
13.0787601471,80.2566299438,36095,36105,10
13.0785198212,80.2566070557,36105,36117,12
13.0781202316,80.2566223145,36117,36125,8
13.0778102875,80.2566680908,36125,36138,13
13.0771303177,80.2568588257,36138,36148,10
13.076499939,80.2573013306,36148,36158,10
13.0759296417,80.257850647,36158,36168,10
13.0755901337,80.258140564,36168,36178,10
13.0755300522,80.2581634521,36178,36188,10
13.0755195618,80.2584228516,36188,36198,10
13.0756597519,80.2589187622,36198,36208,10
13.0759897232,80.2595825195,36208,36218,10
13.0764503479,80.2599563599,36218,36228,10
13.0768003464,80.2602920532,36228,36238,10
13.0771303177,80.2606430054,36238,36249,11
13.0774497986,80.2613220215,36249,36259,10
13.0776195526,80.2617874146,36259,36269,10
13.0777597427,80.2620773315,36269,36339,70
13.077870369,80.2623825073,36339,36380,41
13.077870369,80.2623825073,36380,36390,10
13.0779304504,80.2627868652,36390,36400,10
13.0780000687,80.2630615234,36400,36410,10
13.0781898499,80.2633895874,36410,36420,10
13.0778999329,80.2636032104,36420,36430,10
13.0774297714,80.2638626099,36430,36440,10
13.0768404007,80.2640609741,36440,36450,10
13.0761899948,80.2641372681,36450,36461,11
13.0755996704,80.2639923096,36461,36471,10
13.0751399994,80.2633895874,36471,36481,10
13.0747900009,80.2629470825,36481,36491,10
13.0743904114,80.2624664307,36491,36501,10
13.0740203857,80.2620162964,36501,36511,10
13.0737104416,80.2616271973,36511,36531,20
13.0737104416,80.2616271973,36531,36541,10
13.0734596252,80.2613525391,36541,36551,10
13.0730800629,80.2615509033,36551,36562,11
13.0728502274,80.2621383667,36562,36572,10
13.0726499557,80.2626495361,36572,36582,10
13.0724000931,80.263458252,36582,36592,10
13.0719299316,80.2642211914,36592,36602,10
13.0715799332,80.2646331787,36602,36612,10
13.0715198517,80.2646484375,36612,36622,10
13.0713996887,80.2646865845,36622,36632,10
13.0711698532,80.2649917603,36632,36642,10
13.0709695816,80.265296936,36642,36652,10
13.0706596375,80.2656478882,36652,36662,10
13.0702199936,80.2660827637,36662,36673,11
13.0696296692,80.2667236328,36673,36683,10
13.0690498352,80.2673110962,36683,36693,10
13.0687799454,80.2679290771,36693,36703,10
13.068570137,80.2685317993,36703,36713,10
13.068400383,80.2690582275,36713,36723,10
13.0682497025,80.2696533203,36723,36730,7
13.0682096481,80.2701873779,36730,36743,13
13.0679597855,80.2709197998,36743,36753,10
13.0676403046,80.2707595825,36753,36762,9
13.0672702789,80.2704315186,36762,36774,12
13.0672397614,80.2704086304,36774,36784,10
13.0671596527,80.270362854,36784,36794,10
13.0668697357,80.2700271606,36794,36804,10
13.0665597916,80.2695770264,36804,36814,10
13.0664997101,80.2691497803,36814,36824,10
13.0664596558,80.2685165405,36824,36834,10
13.0659999847,80.267906189,36834,36844,10
13.0656003952,80.2676696777,36844,36854,10
13.0655498505,80.2676696777,36854,36864,10
13.065489769,80.2676315308,36864,36874,10
13.0652799606,80.267616272,36874,36885,11
13.0651702881,80.2676010132,36885,36895,10
13.0648097992,80.2675170898,36895,36905,10
13.0643796921,80.2674636841,36905,36915,10
13.0636396408,80.2673187256,36915,36925,10
13.0628995895,80.2672195435,36925,36935,10
13.0623598099,80.2667007446,36935,36945,10
13.0617599487,80.2659378052,36945,36956,11
13.0611696243,80.2652435303,36956,36965,9
13.0606098175,80.2653503418,36965,36976,11
13.0604400635,80.2654418945,36976,36987,11
13.0602502823,80.2654724121,36987,36997,10
13.0597496033,80.2655334473,36997,37007,10
13.0591602325,80.2654724121,37007,37017,10
13.0585699081,80.2653884888,37017,37027,10
13.0581197739,80.2649078369,37027,37036,9
13.0580101013,80.2640762329,37036,37045,9
13.0578899384,80.263168335,37045,37057,12
13.0577201843,80.262046814,37057,37067,10
13.0575199127,80.2611083984,37067,37076,9
13.0573797226,80.2603988647,37076,37086,10
13.057009697,80.2594070435,37086,37116,30
13.057009697,80.2594070435,37116,37126,10
13.0569496155,80.2590408325,37126,37138,12
13.0567502975,80.2586212158,37138,37148,10
13.0566396713,80.2580795288,37148,37156,8
13.0566301346,80.2578277588,37156,37165,9
13.0565500259,80.2573165894,37165,37186,21
13.0565500259,80.2573165894,37186,37199,13
13.0565099716,80.2570266724,37199,37209,10
13.0564002991,80.2567214966,37209,37219,10
13.0563097,80.2564926147,37219,37229,10
13.056189537,80.2562713623,37229,37239,10
13.0552997589,80.2549972534,37239,37249,10
13.0552997589,80.2549972534,37249,37259,10
13.0546503067,80.2541809082,37259,37268,9
13.0541696548,80.253578186,37268,37279,11
13.0541400909,80.2535324097,37279,37290,11
13.0539503098,80.2532272339,37290,37301,11
13.0535297394,80.2525787354,37301,37311,10
13.0530004501,80.2518768311,37311,37321,10
13.0524997711,80.2512207031,37321,37331,10
13.0519895554,80.2505874634,37331,37341,10
13.051320076,80.2501373291,37341,37351,10
13.0504903793,80.2499389648,37351,37361,10
13.0494604111,80.2497787476,37361,37371,10
13.0486001968,80.2496490479,37371,37381,10
13.0480203629,80.2493286133,37381,37391,10
13.047539711,80.2488937378,37391,37400,9
13.0473098755,80.2486801147,37400,37412,12
13.0468902588,80.2485580444,37412,37432,20
13.0468902588,80.2485580444,37432,37442,10
13.0466604233,80.2485427856,37442,37452,10
13.0460996628,80.2484207153,37452,37462,10
13.045419693,80.2482223511,37462,37472,10
13.0447502136,80.2480697632,37472,37482,10
13.0441598892,80.2479705811,37482,37492,10
13.0437898636,80.2479171753,37492,37502,10
13.0433998108,80.2478637695,37502,37513,11
13.0427303314,80.247718811,37513,37523,10
13.0420103073,80.2475509644,37523,37533,10
13.0415697098,80.2474594116,37533,37543,10
13.0413599014,80.2473831177,37543,37553,10
13.040769577,80.2472610474,37553,37563,10
13.039899826,80.2470779419,37563,37573,10
13.0389995575,80.2468795776,37573,37583,10
13.0383701324,80.2467422485,37583,37593,10
13.0375995636,80.2466278076,37593,37624,31
13.0375995636,80.2466278076,37624,37634,10
13.0372400284,80.2465591431,37634,37644,10
13.0367603302,80.2464599609,37644,37654,10
13.0361604691,80.2463378906,37654,37664,10
13.0355997086,80.2461776733,37664,37674,10
13.0354604721,80.2460784912,37674,37684,10
13.035369873,80.2460174561,37684,37694,10
13.0349798203,80.2457962036,37694,37704,10
13.0344400406,80.2451477051,37704,37714,10
13.0338201523,80.244430542,37714,37725,11
13.0331001282,80.2435073853,37725,37734,9
13.03262043,80.2427902222,37734,37743,9
13.0316095352,80.2411117554,37743,37785,42
13.0316095352,80.2411117554,37785,37795,10
13.0314798355,80.2407989502,37795,37805,10
13.0311698914,80.2401428223,37805,37815,10
13.0307798386,80.2393188477,37815,37825,10
13.0302400589,80.2383575439,37825,37836,11
13.0296602249,80.2373962402,37836,37846,10
13.0291404724,80.2368164063,37846,37856,10
13.0290603638,80.2367477417,37856,37866,10
13.0287599564,80.2364120483,37866,37876,10
13.0282201767,80.2358016968,37876,37887,11
13.0276298523,80.2349319458,37887,37897,10
13.0270900726,80.2340087891,37897,37907,10
13.0266704559,80.2333602905,37907,37916,9
13.0265302658,80.2331314087,37916,37927,11
13.0263395309,80.2327880859,37927,37958,31
13.0263395309,80.2327880859,37958,37967,9
13.0262899399,80.2326507568,37967,37977,10
13.0262002945,80.2323226929,37977,37987,10
13.0261297226,80.2319564819,37987,37997,10
13.02602005,80.231552124,37997,38008,11
13.0258302689,80.2309112549,38008,38017,9
13.02546978,80.2301712036,38017,38027,10
13.0250597,80.2295913696,38027,38038,11
13.0249700546,80.2294769287,38038,38049,11
13.0249204636,80.2294006348,38049,38059,10
13.0246601105,80.2290802002,38059,38069,10
13.0244903564,80.2288665771,38069,38079,10
13.0243997574,80.2287368774,38079,38089,10
13.0240001678,80.228302002,38089,38109,20
13.0240001678,80.228302002,38109,38119,10
13.0239200592,80.2281799316,38119,38129,10
13.0236301422,80.2278366089,38129,38139,10
13.0230903625,80.2273330688,38139,38150,11
13.0225200653,80.2267379761,38150,38160,10
13.0219202042,80.2261962891,38160,38170,10
13.0212097168,80.2256469727,38170,38180,10
13.0203895569,80.2250900269,38180,38190,10
13.0195302963,80.2245407104,38190,38200,10
13.0184803009,80.2245788574,38200,38210,10
13.0173797607,80.2250213623,38210,38220,10
13.0168304443,80.2252578735,38220,38232,12
13.0165300369,80.2253875732,38232,38242,10
13.0163297653,80.2254867554,38242,38252,10
13.0159301758,80.2256011963,38252,38263,11
13.0154800415,80.2258224487,38263,38273,10
13.0150604248,80.225982666,38273,38283,10
13.0145597458,80.2261810303,38283,38293,10
13.0144395828,80.2262191772,38293,38303,10
13.0143299103,80.2262573242,38303,38313,10
13.0140895844,80.2263565063,38313,38323,10
13.0135297775,80.2265625,38323,38333,10
13.0127096176,80.2268676758,38333,38343,10
13.0118198395,80.2272186279,38343,38353,10
13.0108003616,80.2276382446,38353,38364,11
13.0097999573,80.2280578613,38364,38374,10
13.0092201233,80.2285385132,38374,38384,10
13.0090198517,80.2293395996,38384,38394,10
13.0088300705,80.2304229736,38394,38404,10
13.0087203979,80.2311477661,38404,38414,10
13.0086202621,80.2314834595,38414,38424,10
13.0086097717,80.2315292358,38424,38434,10
13.0085096359,80.231880188,38434,38444,10
13.008480072,80.2321395874,38444,38454,10
13.0084400177,80.2323989868,38454,38464,10
13.0083503723,80.2328567505,38464,38495,31
13.0083503723,80.2328567505,38495,38505,10
13.0082597733,80.2332992554,38505,38515,10
13.0082197189,80.2335510254,38515,38525,10
13.0081596375,80.2337265015,38525,38535,10
13.0080604553,80.2342224121,38535,38565,30
13.0080003738,80.2343673706,38565,38596,31
13.0080003738,80.2343673706,38596,38605,9
13.0079698563,80.2346420288,38605,38616,11
13.0078802109,80.2351989746,38616,38626,10
13.0077896118,80.2356414795,38626,38636,10
13.0077295303,80.2359390259,38636,38646,10
13.0076599121,80.2362823486,38646,38656,10
13.0076198578,80.236541748,38656,38666,10
13.007519722,80.2370681763,38666,38677,11
13.007399559,80.2375793457,38677,38686,9
13.0073003769,80.2380599976,38686,38696,10
13.0072002411,80.2385482788,38696,38706,10
13.0071201324,80.238861084,38706,38716,10
13.0070104599,80.2395172119,38716,38757,41
13.0070104599,80.2395172119,38757,38767,10
13.0070495605,80.239692688,38767,38777,10
13.0069904327,80.2398910522,38777,38789,12
13.0068902969,80.2404403687,38789,38799,10
13.0068798065,80.2404632568,38799,38807,8
13.0067901611,80.2407531738,38807,38819,12
13.0066900253,80.2414321899,38819,38827,8
13.0067100525,80.2420806885,38827,38837,10
13.0067100525,80.2425765991,38837,38847,10
13.0066900253,80.2429199219,38847,38890,43
13.0066900253,80.2429199219,38890,38900,10
13.0066604614,80.2431030273,38900,38910,10
13.0066699982,80.2433624268,38910,38920,10
13.0066900253,80.2436904907,38920,38930,10
13.0067100525,80.244430542,38930,38940,10
13.0067100525,80.2447128296,38940,38950,10
13.0067195892,80.2450180054,38950,38960,10
13.0067596436,80.2455215454,38960,38970,10
13.0067796707,80.2461776733,38970,38980,10
13.0068101883,80.2468795776,38980,38990,10
13.0067396164,80.2478408813,38990,39001,11
13.006770134,80.2488937378,39001,39011,10
13.0067996979,80.2499084473,39011,39021,10
13.0068302155,80.2512969971,39021,39061,40
13.0068302155,80.2512969971,39061,39071,10
13.0068101883,80.2513809204,39071,39081,10
13.0067300797,80.2516937256,39081,39091,10
13.0065402985,80.2523117065,39091,39101,10
13.0065202713,80.2533493042,39101,39112,11
13.0066003799,80.2548904419,39112,39132,20
13.0066003799,80.2548904419,39132,39142,10
13.0065803528,80.2552108765,39142,39152,10
13.0065898895,80.2559204102,39152,39162,10
13.0066099167,80.2568588257,39162,39233,71
13.0066099167,80.2568588257,39233,39243,10
13.0066604614,80.2570877075,39243,39253,10
13.0066404343,80.2574768066,39253,39263,10
13.0062999725,80.2575531006,39263,39273,10
13.0057601929,80.2574081421,39273,39283,10
13.0053596497,80.2573013306,39283,39293,10
13.0047903061,80.2571792603,39293,39303,10
13.0041704178,80.2570419312,39303,39313,10
13.0034103394,80.2568893433,39313,39324,11
13.0027704239,80.2567901611,39324,39334,10
13.0020799637,80.2566680908,39334,39344,10
13.001660347,80.2566223145,39344,39404,60
13.001660347,80.2566223145,39404,39414,10
13.0014400482,80.2565765381,39414,39425,11
13.0010995865,80.2565383911,39425,39435,10
13.0005998611,80.2564620972,39435,39445,10
13.0002403259,80.256401062,39445,39455,10
12.9997596741,80.2563018799,39455,39465,10
12.9990100861,80.2561721802,39465,39475,10
12.9983100891,80.2560195923,39475,39495,20
12.9983100891,80.2560195923,39495,39505,10
12.9977397919,80.2559814453,39505,39525,20
12.9977397919,80.2559814453,39525,39536,11
12.9976997375,80.2563400269,39536,39546,10
12.997879982,80.2569198608,39546,39556,10
12.9975996017,80.2568664551,39556,39697,141
12.9975996017,80.2568664551,39697,39707,10
12.9975795746,80.2565917969,39707,39717,10
12.9976301193,80.2562866211,39717,39727,10
12.9977302551,80.2559967041,39727,39767,40
12.9977302551,80.2559967041,39767,39777,10
12.9976396561,80.2559509277,39777,39788,11
12.9972200394,80.2559204102,39788,39799,11
12.9966897964,80.2559204102,39799,39809,10
12.9962301254,80.2559280396,39809,39818,9
12.995880127,80.2559204102,39818,39828,10
12.9954299927,80.2559280396,39828,39839,11
12.9947900772,80.2559204102,39839,39848,9
12.9942398071,80.2559967041,39848,39860,12
12.9932003021,80.2560424805,39860,39868,8
12.9923400879,80.2560501099,39868,39878,10
12.9914102554,80.2560195923,39878,39888,10
12.9906597137,80.2560424805,39888,39898,10
12.9900398254,80.2560272217,39898,39908,10
12.9892396927,80.2559585571,39908,39918,10
12.9885196686,80.2559280396,39918,39928,10
12.9884195328,80.2559204102,39928,39940,12
12.9881000519,80.2558898926,39940,39981,41
12.9881000519,80.2558898926,39981,39991,10
12.9877901077,80.2558670044,39991,40001,10
12.9875402451,80.2560577393,40001,40011,10
12.9875202179,80.2567214966,40011,40021,10
12.9874696732,80.2575378418,40021,40031,10
12.9874401093,80.2582626343,40031,40041,10
12.9874000549,80.2588729858,40041,40051,10
12.9873800278,80.2590637207,40051,40062,11
12.9873304367,80.2593994141,40062,40072,10
12.9873104095,80.259437561,40072,40082,10
12.9871702194,80.2595825195,40082,40122,40
12.986989975,80.2594833374,40122,40364,242
12.9870195389,80.259262085,40364,40708,344
12.9870195389,80.259262085,40708,40718,10
12.9873199463,80.2589797974,40718,40728,10
12.9873600006,80.2586517334,40728,40739,11
12.9874296188,80.2581481934,40739,40748,9
12.9874401093,80.2580490112,40748,40758,10
12.9874696732,80.2577285767,40758,40768,10
12.9875202179,80.2571487427,40768,40778,10
12.9875497818,80.2566604614,40778,40788,10
12.987569809,80.2561264038,40788,40798,10
12.9876899719,80.2557678223,40798,40808,10
12.9879102707,80.2557525635,40808,40828,20
12.9879102707,80.2557525635,40828,40838,10
12.9882497787,80.2558517456,40838,40850,12
12.9884901047,80.2558822632,40850,40859,9
12.9886798859,80.2559127808,40859,40870,11
12.9887304306,80.255897522,40870,40879,9
12.9887599945,80.2559204102,40879,40888,9
12.9890403748,80.2559432983,40888,40899,11
12.9895896912,80.2559432983,40899,40909,10
12.9901695251,80.2559432983,40909,40921,12
12.9905595779,80.2559432983,40921,40931,10
12.9906902313,80.2559814453,40931,40941,10
12.9910802841,80.2559814453,40941,40951,10
12.9917697906,80.2559127808,40951,40961,10
12.9928998947,80.2559661865,40961,40971,10
12.9938097,80.2558822632,40971,40981,10
12.9950799942,80.255821228,40981,41022,41
12.9950799942,80.255821228,41022,41032,10
12.9954500198,80.2558517456,41032,41042,10
12.9960203171,80.2558364868,41042,41052,10
12.9965000153,80.2558135986,41052,41112,60
12.9965000153,80.2558135986,41112,41122,10
12.9969301224,80.255859375,41122,41133,11
12.9974002838,80.2558822632,41133,41143,10
12.9981603622,80.2559280396,41143,41153,10
12.9988498688,80.2560272217,41153,41163,10
12.9989004135,80.2560424805,41163,41173,10
12.9992399216,80.256111145,41173,41183,10
12.9997997284,80.2562179565,41183,41193,10
13.0003700256,80.2563095093,41193,41203,10
13.0004796982,80.2563400269,41203,41213,10
13.000869751,80.2564163208,41213,41223,10
13.0012397766,80.2565002441,41223,41234,11
13.0015201569,80.2565689087,41234,41244,10
13.0018796921,80.2566223145,41244,41254,10
13.002409935,80.256690979,41254,41264,10
13.0028800964,80.2567901611,41264,41274,10
13.0033502579,80.2568664551,41274,41284,10
13.003660202,80.2569198608,41284,41294,10
13.0040998459,80.257019043,41294,41314,20
13.0042896271,80.2570495605,41314,41324,10
13.0042896271,80.2570495605,41324,41334,10
13.0044698715,80.2570571899,41334,41344,10
13.0049600601,80.2571487427,41344,41357,13
13.0056495667,80.257232666,41357,41367,10
13.0057296753,80.2572631836,41367,41377,10
13.0058603287,80.2572937012,41377,41387,10
13.0060396194,80.25730896,41387,41397,10
13.0063400269,80.2573776245,41397,41407,10
13.0065898895,80.2573013306,41407,41416,9
13.0065402985,80.2569503784,41416,41427,11
13.0065002441,80.256149292,41427,41437,10
13.0065097809,80.2553710938,41437,41448,11
13.0065698624,80.2546920776,41448,41458,10
13.0065603256,80.2540969849,41458,41468,10
13.0065402985,80.2534790039,41468,41478,10
13.006529808,80.2531661987,41478,41488,10
13.0065202713,80.2529220581,41488,41498,10
13.0065803528,80.2522277832,41498,41530,32
13.0065803528,80.2522277832,41530,41539,9
13.0066204071,80.2520599365,41539,41549,10
13.0067300797,80.2515182495,41549,41561,12
13.0067996979,80.2506790161,41561,41571,10
13.006819725,80.24974823,41571,41579,8
13.0067996979,80.2490234375,41579,41591,12
13.0067100525,80.2481689453,41591,41599,8
13.0066604614,80.2477416992,41599,41649,50
13.0066604614,80.2477416992,41649,41662,13
13.0067100525,80.2477493286,41662,41672,10
13.0067100525,80.247543335,41672,41682,10
13.0067100525,80.2469863892,41682,41692,10
13.006649971,80.2464599609,41692,41702,10
13.006649971,80.246421814,41702,41712,10
13.0066795349,80.2459869385,41712,41722,10
13.0066699982,80.2451782227,41722,41732,10
13.0066995621,80.2443237305,41732,41742,10
13.0066795349,80.2436904907,41742,41752,10
13.006649971,80.2428283691,41752,41763,11
13.0066099167,80.2416915894,41763,41773,10
13.0066795349,80.240737915,41773,41783,10
13.006819725,80.2400588989,41783,41793,10
13.0069704056,80.2395095825,41793,41803,10
13.0071001053,80.2386474609,41803,41813,10
13.0073003769,80.2377090454,41813,41823,10
13.0074195862,80.2367935181,41823,41833,10
13.0074901581,80.2365722656,41833,41843,10
13.0075998306,80.2361297607,41843,41853,10
13.0077495575,80.2353897095,41853,41863,10
13.0079498291,80.2344818115,41863,41874,11
13.0081996918,80.2332077026,41874,41884,10
13.0084600449,80.2319335938,41884,41894,10
13.0087404251,80.2305984497,41894,41904,10
13.0089902878,80.2292480469,41904,41914,10
13.0093297958,80.2279586792,41914,41924,10
13.0098800659,80.2267227173,41924,41934,10
13.0103998184,80.2256164551,41934,41944,10
13.0108995438,80.2245407104,41944,41954,10
13.0112495422,80.2236480713,41954,41975,21
13.0112495422,80.2236480713,41975,41985,10
13.0112400055,80.223487854,41985,41995,10
13.0115804672,80.2228469849,41995,42005,10
13.0118398666,80.2220306396,42005,42015,10
13.0122995377,80.2215118408,42015,42025,10
13.0124397278,80.2216033936,42025,42035,10
13.0126800537,80.2219924927,42035,42045,10
13.0132198334,80.2225036621,42045,42055,10
13.0137796402,80.2231521606,42055,42065,10
13.0140104294,80.2233276367,42065,42075,10
13.0144796371,80.2237701416,42075,42086,11
13.0151596069,80.2246780396,42086,42096,10
13.0155601501,80.2250595093,42096,42106,10
13.0156002045,80.2250976563,42106,42116,10
13.0159301758,80.2253265381,42116,42126,10
13.0166797638,80.2252578735,42126,42136,10
13.0176401138,80.2248764038,42136,42146,10
13.0186300278,80.2244796753,42146,42156,10
13.0193500519,80.2242965698,42156,42166,10
13.0194101334,80.2243423462,42166,42176,10
13.0196399689,80.2245178223,42176,42187,11
13.0202198029,80.2248916626,42187,42197,10
13.02064991,80.2252120972,42197,42207,10
13.0207796097,80.2253189087,42207,42217,10
13.0209598541,80.2254714966,42217,42227,10
13.0212802887,80.225730896,42227,42237,10
13.0217599869,80.2260894775,42237,42247,10
13.0224399567,80.2266464233,42247,42257,10
13.0232200623,80.2273330688,42257,42267,10
13.0238800049,80.227897644,42267,42277,10
13.0241603851,80.2281723022,42277,42287,10
13.0243396759,80.2283782959,42287,42298,11
13.0245103836,80.2286529541,42298,42338,40
13.0245103836,80.2286529541,42338,42348,10
13.0246400833,80.2289199829,42348,42358,10
13.0249595642,80.229347229,42358,42368,10
13.0254096985,80.2299499512,42368,42378,10
13.0257997513,80.2306137085,42378,42388,10
13.025970459,80.231048584,42388,42399,11
13.0260801315,80.2314300537,42399,42409,10
13.0261297226,80.2316665649,42409,42419,10
13.026260376,80.2321090698,42419,42429,10
13.0265398026,80.2328109741,42429,42439,10
13.02684021,80.2333526611,42439,42450,11
13.0272598267,80.2340621948,42450,42460,10
13.0276403427,80.2347488403,42460,42470,10
13.0278100967,80.2350921631,42470,42480,10
13.0282096863,80.2356491089,42480,42490,10
13.0287599564,80.2362823486,42490,42500,10
13.0293598175,80.2369308472,42500,42511,11
13.0296001434,80.2372512817,42511,42521,10
13.0296802521,80.237411499,42521,42529,8
13.0297603607,80.2375106812,42529,42540,11
13.029999733,80.2378997803,42540,42550,10
13.0303001404,80.2383499146,42550,42560,10
13.0305204391,80.2387237549,42560,42570,10
13.0306997299,80.2390289307,42570,42599,29
13.0306997299,80.2390289307,42599,42610,11
13.0309896469,80.2394485474,42610,42652,42
13.0309896469,80.2394485474,42652,42662,10
13.0311498642,80.2398071289,42662,42670,8
13.0312995911,80.2400436401,42670,42680,10
13.0314102173,80.2406616211,42680,42690,10
13.0315799713,80.2411727905,42690,42702,12
13.0318698883,80.2418289185,42702,42712,10
13.0324697495,80.2425231934,42712,42723,11
13.0330295563,80.2432174683,42723,42733,10
13.0334396362,80.2438964844,42733,42743,10
13.0339298248,80.2445907593,42743,42753,10
13.0341701508,80.2448501587,42753,42763,10
13.0345802307,80.2453613281,42763,42773,10
13.0351400375,80.2457962036,42773,42783,10
13.0357599258,80.2460403442,42783,42793,10
13.035779953,80.2460479736,42793,42803,10
13.0359897614,80.2461700439,42803,42811,8
13.0364103317,80.2463531494,42811,42824,13
13.0373497009,80.2464523315,42824,42834,10
13.0379400253,80.2464904785,42834,42844,10
13.0389204025,80.2468032837,42844,42894,50
13.0389204025,80.2468032837,42894,42904,10
13.0389604568,80.2468566895,42904,42914,10
13.0393695831,80.2469329834,42914,42924,10
13.0398597717,80.2470169067,42924,42935,11
13.040599823,80.2471618652,42935,42945,10
13.0407495499,80.2472229004,42945,42955,10
13.0408496857,80.2472763062,42955,42965,10
13.0412797928,80.2473373413,42965,42975,10
13.0418596268,80.2473220825,42975,42985,10
13.0423202515,80.247428894,42985,42995,10
13.0424699783,80.2475128174,42995,43005,10
13.042889595,80.247718811,43005,43015,10
13.0435199738,80.2478637695,43015,43025,10
13.0441198349,80.2478103638,43025,43036,11
13.0448703766,80.2479782104,43036,43046,10
13.0454397202,80.2482376099,43046,43056,10
13.0462598801,80.2484207153,43056,43066,10
13.0469799042,80.2484436035,43066,43076,10
13.0470199585,80.2484817505,43076,43086,10
13.0473098755,80.2485809326,43086,43096,10
13.0476198196,80.2488021851,43096,43106,10
13.0479202271,80.2491073608,43106,43116,10
13.0483798981,80.2494888306,43116,43126,10
13.0490903854,80.249671936,43126,43136,10
13.0491800308,80.2496795654,43136,43147,11
13.0496397018,80.249786377,43147,43157,10
13.0503101349,80.2498931885,43157,43167,10
13.0510902405,80.2500762939,43167,43177,10
13.0517597198,80.2503890991,43177,43187,10
13.0523796082,80.2510223389,43187,43197,10
13.0529603958,80.2518005371,43197,43207,10
13.0533704758,80.2523269653,43207,43217,10
13.0535402298,80.2525787354,43217,43227,10
13.0536499023,80.2527770996,43227,43237,10
13.0537204742,80.2528762817,43237,43248,11
13.053899765,80.2531280518,43248,43258,10
13.0540704727,80.2533721924,43258,43268,10
13.0540895462,80.2533874512,43268,43278,10
13.054189682,80.2535400391,43278,43288,10
13.0543203354,80.2536773682,43288,43298,10
13.0544204712,80.2538070679,43298,43308,10
13.0544395447,80.2538299561,43308,43318,10
13.0545902252,80.2540283203,43318,43328,10
13.054690361,80.2541732788,43328,43338,10
13.0548496246,80.2543716431,43338,43348,10
13.0550699234,80.2546386719,43348,43359,11
13.0553703308,80.255027771,43359,43369,10
13.0555496216,80.2553024292,43369,43379,10
13.0557899475,80.2556610107,43379,43389,10
13.0561103821,80.2560806274,43389,43399,10
13.0563497543,80.2563781738,43399,43409,10
13.0567998886,80.2567596436,43409,43419,10
13.0568599701,80.2568206787,43419,43429,10
13.0570697784,80.2570114136,43429,43439,10
13.0574903488,80.2573471069,43439,43449,10
13.0577497482,80.2576065063,43449,43460,11
13.0579795837,80.2579421997,43460,43472,12
13.0583095551,80.2584609985,43472,43482,10
13.0585403442,80.2587738037,43482,43492,10
13.0588998795,80.2591018677,43492,43501,9
13.0591201782,80.2595291138,43501,43511,10
13.0594902039,80.2600021362,43511,43521,10
13.059920311,80.2603225708,43521,43531,10
13.0603399277,80.2607192993,43531,43541,10
13.0607299805,80.2612762451,43541,43551,10
13.0607595444,80.2613983154,43551,43561,10
13.0609302521,80.2617874146,43561,43573,12
13.0618095398,80.2626724243,43573,43593,20
13.0618095398,80.2626724243,43593,43603,10
13.0620498657,80.2630233765,43603,43613,10
13.0625200272,80.2635192871,43613,43623,10
13.0631103516,80.2641983032,43623,43643,20
13.0631103516,80.2641983032,43643,43653,10
13.0633001328,80.2643814087,43653,43663,10
13.0636301041,80.2649688721,43663,43674,11
13.0637998581,80.2652435303,43674,43684,10
13.0638999939,80.2653579712,43684,43694,10
13.0639696121,80.2654876709,43694,43704,10
13.0642700195,80.2658615112,43704,43714,10
13.0645503998,80.2661895752,43714,43724,10
13.0646400452,80.2663192749,43724,43734,10
13.0648603439,80.2665405273,43734,43744,10
13.0650596619,80.2668075562,43744,43754,10
13.0655097961,80.2671279907,43754,43764,10
13.0658502579,80.2675323486,43764,43775,11
13.0663604736,80.2681732178,43775,43785,10
13.0668296814,80.2684173584,43785,43795,10
13.0670900345,80.2685699463,43795,43805,10
13.067150116,80.2686233521,43805,43815,10
13.0675497055,80.2688980103,43815,43825,10
13.0680799484,80.269241333,43825,43835,10
13.0683403015,80.2691574097,43835,43845,10
13.0684700012,80.2686233521,43845,43855,10
13.0685901642,80.2682418823,43855,43865,10
13.0688495636,80.2675476074,43865,43875,10
13.0690898895,80.2670822144,43875,43884,9
13.0693798065,80.2667999268,43884,43896,12
13.069849968,80.2662887573,43896,43906,10
13.0702695847,80.2658996582,43906,43916,10
13.0703296661,80.265838623,43916,43926,10
13.0706300735,80.2655410767,43926,43936,10
13.0710000992,80.2651596069,43936,43946,10
13.0714197159,80.2647476196,43946,43956,10
13.0718402863,80.2642364502,43956,43966,10
13.07213974,80.2638473511,43966,43976,10
13.0724096298,80.2632217407,43976,43987,11
13.0726900101,80.2626190186,43987,43997,10
13.0728902817,80.2621002197,43997,44007,10
13.0729398727,80.261932373,44007,44017,10
13.0730199814,80.2615890503,44017,44027,10
13.0731296539,80.2612609863,44027,44037,10
13.073220253,80.2611465454,44037,44047,10
13.0733804703,80.2612533569,44047,44057,10
13.0737800598,80.2617034912,44057,44067,10
13.0742902756,80.262298584,44067,44077,10
13.0748996735,80.263092041,44077,44087,10
13.0754995346,80.2639007568,44087,44098,11
13.0761003494,80.2641906738,44098,44108,10
13.0769195557,80.2641296387,44108,44118,10
13.0775098801,80.2638778687,44118,44128,10
13.0779600143,80.2635116577,44128,44138,10
13.0780200958,80.2630691528,44138,44148,10
13.0778102875,80.2623901367,44148,44158,10
13.0775499344,80.2616424561,44158,44168,10
13.0773801804,80.2611236572,44168,44178,10
13.0773601532,80.2610473633,44178,44188,10
13.077249527,80.2607803345,44188,44199,11
13.07695961,80.2604217529,44199,44209,10
13.0768003464,80.260269165,44209,44219,10
13.0764703751,80.2601013184,44219,44229,10
13.0758800507,80.2594909668,44229,44239,10
13.0755701065,80.2585067749,44239,44340,101
13.0755701065,80.2585067749,44340,44350,10
13.0756797791,80.2580108643,44350,44360,10
13.0761003494,80.2576828003,44360,44370,10
13.0765800476,80.2572174072,44370,44380,10
13.0772600174,80.2567901611,44380,44390,10
13.0781097412,80.2566375732,44390,44400,10
13.0789403915,80.2565536499,44400,44410,10
13.0790500641,80.2559814453,44410,44420,10
13.0789403915,80.255279541,44420,44430,10
13.0789299011,80.2548828125,44430,44450,20
13.0789299011,80.2548828125,44450,44460,10
13.0790901184,80.2546081543,44460,44472,12
13.0796003342,80.2545928955,44472,44482,10
13.0799398422,80.2546310425,44482,44491,9
13.0801200867,80.2546615601,44491,44501,10
13.0806903839,80.2547607422,44501,44511,10
13.0812997818,80.2548294067,44511,44521,10
13.0816497803,80.2546081543,44521,44531,10
13.0818099976,80.2540435791,44531,44541,10
13.0818300247,80.2536392212,44541,44551,10
13.081870079,80.2530975342,44551,44561,10
13.081700325,80.2526092529,44561,44571,10
13.0815000534,80.251991272,44571,44581,10
13.0814399719,80.2513275146,44581,44591,10
13.0813503265,80.2509689331,44591,44603,12
13.0812797546,80.2500610352,44603,44611,8
13.0815000534,80.2496795654,44611,44624,13
13.0823497772,80.2497711182,44624,44634,10
13.0831403732,80.2498703003,44634,44644,10
13.0839300156,80.2500228882,44644,44654,10
13.0847196579,80.2501678467,44654,44664,10
13.0849199295,80.2501678467,44664,44674,10
13.0853300095,80.2502822876,44674,44684,10
13.0859098434,80.250289917,44684,44694,10
13.0859603882,80.2497787476,44694,44704,10
13.085940361,80.2490386963,44704,44714,10
13.085849762,80.2480316162,44714,44724,10
13.085849762,80.2471237183,44724,44735,11
13.0857400894,80.2463912964,44735,44743,8
13.0857496262,80.2460403442,44743,44755,12
13.0856704712,80.2455825806,44755,44815,60
13.0856704712,80.2455825806,44815,44825,10
13.0857601166,80.2452163696,44825,44836,11
13.0862197876,80.2448120117,44836,44846,10
13.0867900848,80.2443237305,44846,44856,10
13.0873804092,80.2438201904,44856,44866,10
13.0878200531,80.2432174683,44866,44876,10
13.08796978,80.2425079346,44876,44886,10
13.0883598328,80.241897583,44886,44896,10
13.0889701843,80.2414703369,44896,44906,10
13.0895900726,80.2410736084,44906,44916,10
13.0903701782,80.2408294678,44916,44926,10
13.0911798477,80.2408599854,44926,44937,11
13.0919799805,80.2409210205,44937,44947,10
13.0943603516,80.2412109375,44947,44987,40
13.0943603516,80.2412109375,44987,45006,19
13.0952701569,80.2414169312,45006,45017,11
13.0958404541,80.241607666,45017,45027,10
13.0965003967,80.2418365479,45027,45037,10
13.0971002579,80.2420196533,45037,45048,11
13.0973300934,80.2420730591,45048,45058,10
13.0976696014,80.2421722412,45058,45068,10
13.098110199,80.2422866821,45068,45078,10
13.0983495712,80.2423095703,45078,45088,10
13.098449707,80.2423095703,45088,45098,10
13.0985002518,80.2423095703,45098,45108,10
13.0986204147,80.2420272827,45108,45118,10
13.0985097885,80.2417907715,45118,45138,20
13.0985097885,80.2417907715,45138,45148,10
13.0984096527,80.2420501709,45148,45209,61
13.0984096527,80.2420501709,45209,45219,10
13.0981702805,80.2423171997,45219,45229,10
13.0976600647,80.2422027588,45229,45239,10
13.0976104736,80.2422027588,45239,45249,10
13.0972499847,80.2421035767,45249,45260,11
13.0966997147,80.2419509888,45260,45270,10
13.096039772,80.2417373657,45270,45280,10
13.0956001282,80.2415771484,45280,45290,10
13.0951795578,80.2414398193,45290,45300,10
13.0946702957,80.241317749,45300,45310,10
13.0941696167,80.2412414551,45310,45320,10
13.0937004089,80.2411117554,45320,45341,21
13.0937004089,80.2411117554,45341,45352,11
13.0935001373,80.2410736084,45352,45363,11
13.0928897858,80.2409820557,45363,45371,8
13.0923299789,80.2409362793,45371,45383,12
13.0913095474,80.2409133911,45383,45392,9
13.090379715,80.2409210205,45392,45403,11
13.089389801,80.2412719727,45403,45413,10
13.0885896683,80.2418136597,45413,45422,9
13.0879402161,80.2422790527,45422,45432,10
13.0878295898,80.2430496216,45432,45442,10
13.0877399445,80.2433776855,45442,45452,10
13.0875797272,80.2436599731,45452,45461,9
13.0875101089,80.2437820435,45461,45472,11
13.0870704651,80.244102478,45472,45482,10
13.0864496231,80.2446517944,45482,45492,10
13.085940361,80.245010376,45492,45502,10
13.0858802795,80.2450637817,45502,45514,12
13.0856103897,80.2455825806,45514,45524,10
13.0856199265,80.2462768555,45524,45532,8
13.0856599808,80.2466583252,45532,45542,10
13.0857095718,80.2468719482,45542,45552,10
13.0857000351,80.2473068237,45552,45562,10
13.0857095718,80.2481689453,45562,45575,13
13.0858097076,80.2493896484,45575,45585,10
13.0858898163,80.249961853,45585,45615,30
13.0858898163,80.249961853,45615,45625,10
13.085849762,80.250289917,45625,45635,10
13.0857400894,80.2505569458,45635,45645,10
13.0856704712,80.2512207031,45645,45655,10
13.0856304169,80.2518081665,45655,45665,10
13.0855998993,80.2522888184,45665,45675,10
13.0855197906,80.2528076172,45675,45686,11
13.0854597092,80.2530975342,45686,45696,10
13.0853996277,80.2533416748,45696,45706,10
13.0853996277,80.2534866333,45706,45716,10
13.0854701996,80.2537994385,45716,45726,10
13.0855903625,80.2543334961,45726,45736,10
13.0855197906,80.2546081543,45736,45746,10
13.0852499008,80.2546386719,45746,45756,10
13.0848503113,80.2545928955,45756,45766,10
13.0839796066,80.2545471191,45766,45787,21
13.0839796066,80.2545471191,45787,45797,10
13.0837602615,80.2545394897,45797,45807,10
13.0836896896,80.2545394897,45807,45817,10
13.0833997726,80.2544784546,45817,45827,10
13.0828504562,80.2544708252,45827,45837,10
13.0823297501,80.2545013428,45837,45847,10
13.0817403793,80.2547607422,45847,45857,10
13.0811796188,80.2547912598,45857,45867,10
13.0808897018,80.2547683716,45867,45877,10
13.080739975,80.2547683716,45877,45888,11
13.0803604126,80.2546691895,45888,45898,10
13.0797595978,80.2545928955,45898,45908,10
13.07970047,80.2545928955,45908,45918,10
13.0793800354,80.2546005249,45918,45928,10
13.0791397095,80.2548294067,45928,45938,10
13.0790596008,80.2553482056,45938,45948,10
13.0791101456,80.2562789917,45948,45958,10
13.0786800385,80.2566223145,45958,45968,10
13.0781297684,80.2566375732,45968,45978,10
13.077580452,80.2567062378,45978,45987,9
13.077170372,80.2568511963,45987,45999,12
13.076669693,80.2571411133,45999,46009,10
13.0761003494,80.2577133179,46009,46019,10
13.0756797791,80.258102417,46019,46029,10
13.0755300522,80.2583007813,46029,46039,10
13.0755796432,80.2588806152,46039,46049,10
13.0758800507,80.2594528198,46049,46059,10
13.0762901306,80.2598495483,46059,46069,10
13.0766897202,80.2602615356,46069,46079,10
13.0769996643,80.260559082,46079,46089,10
13.0773696899,80.261138916,46089,46100,11
13.0777301788,80.2620315552,46100,46140,40
13.0777301788,80.2620315552,46140,46150,10
13.0778398514,80.2624511719,46150,46160,10
13.0778999329,80.2627029419,46160,46170,10
13.0780200958,80.2630233765,46170,46180,10
13.0782299042,80.2633590698,46180,46190,10
13.078040123,80.2635726929,46190,46200,10
13.0778398514,80.2636871338,46200,46211,11
13.0775098801,80.2638320923,46211,46221,10
13.0771799088,80.2639694214,46221,46231,10
13.0768299103,80.2640762329,46231,46241,10
13.0762701035,80.2640991211,46241,46251,10
13.0757799149,80.2641601563,46251,46261,10
13.0755796432,80.2639923096,46261,46271,10
13.0752696991,80.2635192871,46271,46281,10
13.0750102997,80.2631607056,46281,46291,10
13.0746803284,80.2627334595,46291,46301,10
13.0739097595,80.2618408203,46301,46343,42
13.0739097595,80.2618408203,46343,46353,10
13.0736198425,80.2614822388,46353,46363,10
13.0733804703,80.2613372803,46363,46374,11
13.0730199814,80.2617034912,46374,46383,9
13.0727796555,80.2623214722,46383,46393,10
13.0725603104,80.2630081177,46393,46403,10
13.0722904205,80.263710022,46403,46413,10
13.0720901489,80.2640609741,46413,46425,12
13.0715303421,80.2647171021,46425,46445,20
13.0715303421,80.2647171021,46445,46455,10
13.0713701248,80.2648162842,46455,46465,10
13.071149826,80.2650985718,46465,46475,10
13.0708799362,80.2653503418,46475,46485,10
13.0704898834,80.26587677,46485,46495,10
13.0699100494,80.2663497925,46495,46505,10
13.0694599152,80.2667312622,46505,46515,10
13.0689897537,80.2673416138,46515,46526,11
13.0687704086,80.2681121826,46526,46536,10
13.0686302185,80.2685775757,46536,46546,10
13.0684404373,80.2691268921,46546,46556,10
13.0683202744,80.2696228027,46556,46566,10
13.0682697296,80.2699432373,46566,46576,10
13.0682096481,80.2701721191,46576,46586,10
13.0681600571,80.2705612183,46586,46596,10
13.0679702759,80.270980835,46596,46606,10
13.0676498413,80.2707672119,46606,46616,10
13.067199707,80.2703704834,46616,46629,13
13.0671596527,80.2703323364,46629,46639,10
13.0669603348,80.2701187134,46639,46649,10
13.0666503906,80.2696762085,46649,46659,10
13.0665102005,80.2693023682,46659,46669,10
13.0664997101,80.2690124512,46669,46679,10
13.0664796829,80.2687530518,46679,46689,10
13.0663404465,80.2684020996,46689,46699,10
13.0659704208,80.2678985596,46699,46709,10
13.0655899048,80.2676696777,46709,46719,10
13.0652799606,80.2676086426,46719,46740,21
13.0652799606,80.2676086426,46740,46750,10
13.0648698807,80.2675628662,46750,46760,10
13.0642595291,80.2674407959,46760,46770,10
13.0637702942,80.2673492432,46770,46780,10
13.0635900497,80.2673492432,46780,46790,10
13.0633001328,80.2673034668,46790,46800,10
13.0629901886,80.2672271729,46800,46810,10
13.0626296997,80.266998291,46810,46820,10
13.0621595383,80.2664718628,46820,46830,10
13.0617303848,80.2659225464,46830,46841,11
13.0613298416,80.2653808594,46841,46851,10
13.0609998703,80.2652206421,46851,46861,10
13.060549736,80.2654495239,46861,46871,10
13.0603599548,80.2655563354,46871,46881,10
13.0601596832,80.2656021118,46881,46891,10
13.059630394,80.2655792236,46891,46901,10
13.0589799881,80.2655563354,46901,46911,10
13.0582799911,80.2653198242,46911,46921,10
13.0581197739,80.2648010254,46921,46931,10
13.0580301285,80.2640991211,46931,46943,12
13.0579500198,80.2631835938,46943,46952,9
13.057849884,80.2626266479,46952,46964,12
13.0577402115,80.2620162964,46964,46972,8
13.0577201843,80.2617263794,46972,46982,10
13.0575304031,80.2612762451,46982,46994,12
13.0573101044,80.260559082,46994,47004,10
13.0570697784,80.2596893311,47004,47013,9
13.0568304062,80.2588500977,47013,47024,11
13.0565795898,80.2579193115,47024,47033,9
13.0564804077,80.2573471069,47033,47053,20
13.0563402176,80.2570037842,47053,47083,30
13.0563402176,80.2570037842,47083,47095,12
13.0563097,80.2565689087,47095,47103,8
13.0562801361,80.256439209,47103,47115,12
13.0560998917,80.2561416626,47115,47123,8
13.055850029,80.2557907104,47123,47133,10
13.0554199219,80.2551727295,47133,47145,12
13.0548095703,80.2543487549,47145,47153,8
13.0544595718,80.25390625,47153,47166,13
13.0541696548,80.2535629272,47166,47176,10
13.0540800095,80.25340271,47176,47186,10
13.0538702011,80.2530975342,47186,47196,10
13.0535297394,80.252571106,47196,47206,10
13.0530004501,80.2518768311,47206,47216,10
13.0524997711,80.2512283325,47216,47226,10
13.0519895554,80.2505874634,47226,47236,10
13.0512599945,80.2501220703,47236,47246,10
13.0502996445,80.2499084473,47246,47256,10
13.0493402481,80.2498016357,47256,47267,11
13.048620224,80.2496795654,47267,47277,10
13.048210144,80.2494812012,47277,47287,10
13.0476799011,80.2490005493,47287,47297,10
13.047129631,80.2486190796,47297,47317,20
13.047129631,80.2486190796,47317,47327,10
13.0468797684,80.2485122681,47327,47337,10
13.0464401245,80.2484512329,47337,47347,10
13.04570961,80.2483520508,47347,47357,10
13.0452899933,80.2482299805,47357,47367,10
13.0449695587,80.2481536865,47367,47378,11
13.044260025,80.2480163574,47378,47388,10
13.0436601639,80.2479400635,47388,47398,10
13.0431699753,80.2478179932,47398,47408,10
13.0425395966,80.247756958,47408,47418,10
13.0418100357,80.2475967407,47418,47428,10
13.0414800644,80.2474594116,47428,47438,10
13.0412998199,80.2473907471,47438,47448,10
13.040719986,80.2472305298,47448,47458,10
13.0399799347,80.2470932007,47458,47468,10
13.0393400192,80.2469329834,47468,47479,11
13.0387601852,80.2467727661,47479,47489,10
13.0384702682,80.2466812134,47489,47499,10
13.0383396149,80.2466583252,47499,47509,10
13.0381603241,80.2466430664,47509,47519,10
13.0378799438,80.2466430664,47519,47539,20
13.0378799438,80.2466430664,47539,47549,10
13.0378198624,80.2466278076,47549,47559,10
13.0374803543,80.2465820313,47559,47569,10
13.0371398926,80.2465362549,47569,47579,10
13.0366401672,80.2464370728,47579,47590,11
13.0359697342,80.2462768555,47590,47600,10
13.0350198746,80.2459106445,47600,47630,30
13.0350198746,80.2459106445,47630,47640,10
13.0348300934,80.2456970215,47640,47650,10
13.034620285,80.2454528809,47650,47660,10
13.0342798233,80.244972229,47660,47670,10
13.0337696075,80.2444000244,47670,47680,10
13.0331401825,80.243522644,47680,47691,11
13.0324602127,80.2426376343,47691,47701,10
13.03221035,80.2423095703,47701,47711,10
13.0321998596,80.2423019409,47711,47721,10
13.0321397781,80.2422409058,47721,47731,10
13.0319795609,80.2419586182,47731,47741,10
13.0317697525,80.2415008545,47741,47751,10
13.0314102173,80.2405776978,47751,47832,81
13.0314102173,80.2405776978,47832,47842,10
13.0312404633,80.2403564453,47842,47852,10
13.0311403275,80.2400970459,47852,47862,10
13.030960083,80.2396316528,47862,47872,10
13.0305995941,80.2389526367,47872,47882,10
13.0301399231,80.2380371094,47882,47892,10
13.0291700363,80.2367935181,47892,47913,21
13.0291700363,80.2367935181,47913,47923,10
13.0290203094,80.236618042,47923,47933,10
13.0286903381,80.2362594604,47933,47943,10
13.0281896591,80.2357177734,47943,47953,10
13.0277500153,80.2351226807,47953,47964,11
13.0273199081,80.2342834473,47964,47973,9
13.0269002914,80.2335891724,47973,47983,10
13.02643013,80.2328033447,47983,47993,10
13.0262098312,80.232208252,47993,48003,10
13.0261096954,80.2317886353,48003,48013,10
13.0258903503,80.2311325073,48013,48024,11
13.025560379,80.2302474976,48024,48034,10
13.0250597,80.2295837402,48034,48045,11
13.0247802734,80.2292785645,48045,48054,9
13.0245895386,80.2289962769,48054,48064,10
13.0242395401,80.2285232544,48064,48074,10
13.0239200592,80.2281494141,48074,48093,19
13.0239200592,80.2281494141,48093,48104,11
13.0238895416,80.2281112671,48104,48116,12
13.0236597061,80.2278289795,48116,48126,10
13.0231704712,80.2273635864,48126,48136,10
13.0225696564,80.2268066406,48136,48146,10
13.0221796036,80.2264175415,48146,48156,10
13.0214595795,80.2258834839,48156,48166,10
13.0207796097,80.2253265381,48166,48176,10
13.0198001862,80.2247161865,48176,48196,20
13.0198001862,80.2247161865,48196,48206,10
13.019780159,80.2246932983,48206,48216,10
13.0193901062,80.2245483398,48216,48227,11
13.0185098648,80.2246398926,48227,48237,10
13.0175800323,80.2249984741,48237,48247,10
13.0165500641,80.2254333496,48247,48257,10
13.0155801773,80.225769043,48257,48267,10
13.0146598816,80.2261199951,48267,48277,10
13.0143098831,80.2262573242,48277,48287,10
13.0141401291,80.2263183594,48287,48297,10
13.0136404037,80.2265014648,48297,48307,10
13.0132102966,80.2266464233,48307,48317,10
13.0125303268,80.2269363403,48317,48328,11
13.0116100311,80.2273330688,48328,48338,10
13.0105600357,80.2277526855,48338,48348,10
13.0096797943,80.2281265259,48348,48358,10
13.0091400146,80.2287368774,48358,48368,10
13.008939743,80.2296676636,48368,48378,10
13.0087499619,80.230758667,48378,48388,10
13.0085201263,80.2317123413,48388,48398,10
13.0082597733,80.2333374023,48398,48418,20
13.0082597733,80.2333374023,48418,48428,10
13.0081796646,80.2336196899,48428,48439,11
13.0080604553,80.2341690063,48439,48449,10
13.0080099106,80.2344665527,48449,48459,10
13.0079698563,80.2346496582,48459,48469,10
13.0078601837,80.2351379395,48469,48479,10
13.0077600479,80.235710144,48479,48489,10
13.0075902939,80.2364883423,48489,48499,10
13.007399559,80.2374725342,48499,48509,10
13.0072097778,80.2385101318,48509,48519,10
13.0070695877,80.2391815186,48519,48529,10
13.0069198608,80.239730835,48529,48570,41
13.0069198608,80.239730835,48570,48580,10
13.0068998337,80.240020752,48580,48590,10
13.0067901611,80.2406234741,48590,48610,20
13.0067901611,80.2406234741,48610,48620,10
13.0067300797,80.2409973145,48620,48630,10
13.0067100525,80.2417373657,48630,48640,10
13.0067195892,80.242729187,48640,48651,11
13.0067396164,80.2437591553,48651,48661,10
13.0067100525,80.2446899414,48661,48671,10
13.0066900253,80.2453613281,48671,48681,10
13.0067100525,80.2460327148,48681,48691,10
13.0067796707,80.2468185425,48691,48701,10
13.0067195892,80.2476577759,48701,48711,10
13.0067195892,80.248550415,48711,48721,10
13.0067501068,80.2495880127,48721,48731,10
13.0067796707,80.2506637573,48731,48741,10
13.0067596436,80.2515106201,48741,48752,11
13.0065498352,80.2526321411,48752,48762,10
13.0065402985,80.2538986206,48762,48772,10
13.0066003799,80.2547836304,48772,48782,10
13.0065803528,80.2548522949,48782,48792,10
13.0065603256,80.2549972534,48792,48802,10
13.0065698624,80.2555084229,48802,48812,10
13.0065803528,80.2562866211,48812,48822,10
13.0065898895,80.256942749,48822,48873,51
13.0065898895,80.256942749,48873,48883,10
13.0066900253,80.2571716309,48883,48893,10
13.006649971,80.2574234009,48893,48903,10
13.0063199997,80.2575531006,48903,48913,10
13.0057096481,80.2574081421,48913,48923,10
13.0050201416,80.257232666,48923,48933,10
13.0041503906,80.2570266724,48933,48943,10
13.0033597946,80.2568893433,48943,48953,10
13.0026798248,80.2567596436,48953,48963,10
13.0020999908,80.2566680908,48963,48973,10
13.0016403198,80.2565917969,48973,49024,51
13.0016403198,80.2565917969,49024,49034,10
13.00137043,80.2565612793,49034,49044,10
13.0007095337,80.2564620972,49044,49054,10
12.9998502731,80.2563018799,49054,49065,11
12.9993095398,80.256187439,49065,49075,10
12.9987802505,80.2560806274,49075,49085,10
12.9982404709,80.2559967041,49085,49105,20
12.9982404709,80.2559967041,49105,49115,10
12.9979095459,80.2559585571,49115,49125,10
12.9976196289,80.2559509277,49125,49135,10
12.9974403381,80.2559280396,49135,49145,10
12.9968595505,80.2558898926,49145,49154,9
12.9961395264,80.2558822632,49154,49165,11
12.9953804016,80.2558670044,49165,49177,12
12.9943199158,80.2559280396,49177,49187,10
12.9934396744,80.2559890747,49187,49197,10
12.9923400879,80.256072998,49197,49207,10
12.9912204742,80.2560424805,49207,49217,10
12.9903202057,80.2560195923,49217,49227,10
12.9894504547,80.2559967041,49227,49237,10
12.9886198044,80.2559280396,49237,49257,20
12.9884796143,80.2559280396,49257,49328,71
12.9884796143,80.2559280396,49328,49338,10
12.9881601334,80.2558135986,49338,49348,10
12.9879198074,80.2557830811,49348,49358,10
12.9876499176,80.255897522,49358,49368,10
12.9875602722,80.2565689087,49368,49378,10
12.987449646,80.2574386597,49378,49389,11
12.9873600006,80.2584381104,49389,49399,10
12.9873304367,80.2589874268,49399,49409,10
12.9872598648,80.2592773438,49409,49488,79
12.9872598648,80.2592773438,49488,49500,12
12.9871397018,80.2596435547,49500,49560,60
12.9871397018,80.2596435547,49560,49570,10
12.9868297577,80.2595672607,49570,50550,980
12.986700058,80.2592391968,50550,51389,839
12.986700058,80.2592391968,51389,51399,10
12.9866600037,80.2592010498,51399,51409,10
12.9868001938,80.2590713501,51409,51500,91
12.987159729,80.2591323853,51500,51530,30
12.987159729,80.2591323853,51530,51541,11
12.9873199463,80.2591171265,51541,51551,10
12.9873800278,80.2588577271,51551,51561,10
12.9873895645,80.2587203979,51561,51571,10
12.9874296188,80.2584381104,51571,51581,10
12.987449646,80.2579574585,51581,51591,10
12.9875001907,80.2573013306,51591,51601,10
12.9875802994,80.2564620972,51601,51652,51
12.9875802994,80.2564620972,51652,51662,10
12.9876403809,80.2563400269,51662,51672,10
12.987660408,80.2559814453,51672,51682,10
12.987660408,80.255821228,51682,51692,10
12.9879398346,80.2557525635,51692,51702,10
12.9882097244,80.2558288574,51702,51712,10
12.9884395599,80.255859375,51712,51722,10
12.9887104034,80.2558898926,51722,51732,10
12.9887304306,80.255897522,51732,51742,10
12.9891004562,80.2559432983,51742,51753,11
12.9896001816,80.2560424805,51753,51763,10
12.990240097,80.2559967041,51763,51773,10
12.99077034,80.2560195923,51773,51783,10
12.9914302826,80.2560882568,51783,51793,10
12.9922304153,80.2560806274,51793,51803,10
12.9930801392,80.256072998,51803,51813,10
12.994020462,80.2559814453,51813,51823,10
12.9948997498,80.2558898926,51823,51833,10
12.9962701797,80.2558898926,51833,51874,41
12.9962701797,80.2558898926,51874,51884,10
12.9965600967,80.2558670044,51884,51894,10
12.9967803955,80.2558898926,51894,51904,10
12.9970197678,80.255897522,51904,51914,10
12.9975595474,80.2559127808,51914,51924,10
12.998049736,80.2559432983,51924,51934,10
12.9987802505,80.2560272217,51934,51995,61
12.9987802505,80.2560272217,51995,52005,10
12.9993095398,80.2560882568,52005,52015,10
12.9998598099,80.2562103271,52015,52025,10
13.0004796982,80.2563400269,52025,52035,10
13.001159668,80.256477356,52035,52045,10
13.0017499924,80.2565765381,52045,52055,10
13.0020704269,80.2566223145,52055,52065,10
13.0024299622,80.2566833496,52065,52076,11
13.0029697418,80.2568130493,52076,52086,10
13.0035896301,80.2569274902,52086,52096,10
13.0042800903,80.2570571899,52096,52106,10
13.0047903061,80.2571487427,52106,52116,10
13.0054197311,80.257232666,52116,52126,10
13.0061101913,80.2574081421,52126,52137,11
13.006529808,80.2572784424,52137,52147,10
13.0065603256,80.2533111572,52147,52188,41
13.0065603256,80.2533111572,52188,52207,19
13.0065402985,80.2531967163,52207,52217,10
13.0065097809,80.2530212402,52217,52227,10
13.0065202713,80.2527694702,52227,52237,10
13.0065498352,80.2525024414,52237,52247,10
13.0066003799,80.2520370483,52247,52319,72
13.0066003799,80.2520370483,52319,52329,10
13.0066604614,80.2518234253,52329,52339,10
13.0067300797,80.2515182495,52339,52349,10
13.0067596436,80.2510375977,52349,52359,10
13.0067396164,80.2504119873,52359,52369,10
13.0067796707,80.2496032715,52369,52379,10
13.0067396164,80.2488021851,52379,52389,10
13.0066604614,80.2481918335,52389,52400,11
13.0066404343,80.2478866577,52400,52410,10
13.0066604614,80.2475585938,52410,52450,40
13.0066604614,80.2475585938,52450,52460,10
13.0066795349,80.2473983765,52460,52470,10
13.0066795349,80.2470397949,52470,52480,10
13.0066003799,80.2465591431,52480,52490,10
13.0066299438,80.2464523315,52490,52501,11
13.006649971,80.2461624146,52501,52511,10
13.0066404343,80.245552063,52511,52521,10
13.0066099167,80.2449493408,52521,52531,10
13.0066099167,80.2445068359,52531,52541,10
13.0066003799,80.2439193726,52541,52551,10
13.0066003799,80.2434463501,52551,52561,10
13.0065803528,80.2427520752,52561,52571,10
13.0065698624,80.2420196533,52571,52581,10
13.0066003799,80.2412719727,52581,52591,10
13.0066795349,80.2406005859,52591,52601,10
13.0068597794,80.2397689819,52601,52612,11
13.0070104599,80.2387466431,52612,52622,10
13.0072097778,80.2379379272,52622,52632,10
13.0073795319,80.2371368408,52632,52642,10
13.0074195862,80.2367172241,52642,52652,10
13.0074195862,80.2367095947,52652,52662,10
13.0075397491,80.2364501953,52662,52672,10
13.0076503754,80.2359085083,52672,52682,10
13.0078201294,80.2351379395,52682,52692,10
13.0080003738,80.2342071533,52692,52702,10
13.0082197189,80.2331619263,52702,52713,11
13.008480072,80.231842041,52713,52723,10
13.0087003708,80.2306289673,52723,52733,10
13.0089197159,80.2294616699,52733,52743,10
13.0091495514,80.2283782959,52743,52753,10
13.0095396042,80.2273635864,52753,52763,10
13.0100097656,80.2263565063,52763,52773,10
13.0103998184,80.2256393433,52773,52783,10
13.010720253,80.2249603271,52783,52793,10
13.0109701157,80.2242736816,52793,52803,10
13.0112895966,80.2235412598,52803,52813,10
13.011590004,80.2227325439,52813,52824,11
13.0119800568,80.2218399048,52824,52834,10
13.0123100281,80.2214431763,52834,52844,10
13.0125303268,80.2216796875,52844,52854,10
13.0129203796,80.2222366333,52854,52864,10
13.0135202408,80.2228164673,52864,52874,10
13.0139503479,80.2232894897,52874,52884,10
13.0139799118,80.2232971191,52884,52894,10
13.0141401291,80.223487854,52894,52904,10
13.0145597458,80.2240066528,52904,52914,10
13.0152797699,80.2248687744,52914,52935,21
13.0152797699,80.2248687744,52935,52945,10
13.0156002045,80.2251281738,52945,52955,10
13.0162000656,80.2253112793,52955,52965,10
13.0169401169,80.2251205444,52965,52975,10
13.0177898407,80.2247924805,52975,52985,10
13.018699646,80.2244262695,52985,52994,9
13.0192604065,80.2242965698,52994,53006,12
13.019370079,80.224319458,53006,53016,10
13.0194702148,80.2244033813,53016,53026,10
13.019610405,80.2245101929,53026,53036,10
13.019610405,80.2245178223,53036,53046,10
13.0196800232,80.2245483398,53046,53056,10
13.0198898315,80.2246780396,53056,53066,10
13.0202703476,80.2249832153,53066,53076,10
13.0206098557,80.2253036499,53076,53086,10
13.0209102631,80.2254562378,53086,53096,10
13.0212802887,80.2257537842,53096,53106,10
13.0218400955,80.2261276245,53106,53117,11
13.0223197937,80.2265625,53117,53127,10
13.0229701996,80.2270965576,53127,53137,10
13.0236196518,80.2276916504,53137,53147,10
13.0240402222,80.2281417847,53147,53157,10
13.0241003036,80.2282333374,53157,53167,10
13.0242004395,80.2284317017,53167,53177,10
13.0244903564,80.2288208008,53177,53187,10
13.0248003006,80.2292709351,53187,53197,10
13.0251598358,80.2297210693,53197,53207,10
13.0256004333,80.2303390503,53207,53217,10
13.025850296,80.2308807373,53217,53227,10
13.0259895325,80.2312393188,53227,53237,10
13.0261297226,80.2317428589,53237,53250,13
13.02643013,80.232673645,53250,53260,10
13.0267496109,80.2332687378,53260,53270,10
13.0271501541,80.2339401245,53270,53280,10
13.0275802612,80.2347335815,53280,53290,10
13.0280504227,80.2355270386,53290,53300,10
13.0286998749,80.2362365723,53300,53310,10
13.029299736,80.2368621826,53310,53320,10
13.0296096802,80.237121582,53320,53330,10
13.0297298431,80.237411499,53330,53340,10
13.0300798416,80.2379837036,53340,53351,11
13.0305404663,80.2387237549,53351,53361,10
13.0308504105,80.2391204834,53361,53371,10
13.0310001373,80.2393875122,53371,53381,10
13.0310897827,80.2395935059,53381,53391,10
13.0312204361,80.2398986816,53391,53401,10
13.0313901901,80.2402572632,53401,53411,10
13.0315303802,80.2408218384,53411,53421,10
13.0318403244,80.2415390015,53421,53431,10
13.03221035,80.2422180176,53431,53441,10
13.0327396393,80.2428817749,53441,53451,10
13.0333003998,80.243637085,53451,53462,11
13.0338802338,80.2445831299,53462,53472,10
13.0343999863,80.2452087402,53472,53482,10
13.0348997116,80.2456665039,53482,53492,10
13.0356798172,80.2460632324,53492,53512,20
13.0356798172,80.2460632324,53512,53522,10
13.0357999802,80.2462081909,53522,53532,10
13.0359697342,80.2463226318,53532,53542,10
13.0361795425,80.2463912964,53542,53552,10
13.0367002487,80.2464828491,53552,53562,10
13.0372695923,80.2464599609,53562,53573,11
13.037899971,80.2465286255,53573,53583,10
13.0389795303,80.2468109131,53583,53613,30
13.0389795303,80.2468109131,53613,53623,10
13.0394296646,80.2469863892,53623,53633,10
13.0399999619,80.2470703125,53633,53643,10
13.0407400131,80.2471923828,53643,53653,10
13.0408496857,80.2472000122,53653,53663,10
13.0411596298,80.2473068237,53663,53674,11
13.0417404175,80.2474212646,53674,53684,10
13.042090416,80.2475128174,53684,53694,10
13.0426397324,80.2477416992,53694,53704,10
13.0432701111,80.2479400635,53704,53714,10
13.0439100266,80.2478637695,53714,53724,10
13.0444402695,80.2478790283,53724,53734,10
13.0449495316,80.2480316162,53734,53744,10
13.0453796387,80.2482070923,53744,53754,10
13.0460500717,80.2484817505,53754,53764,10
13.0469703674,80.2484283447,53764,53785,21
13.0469703674,80.2484283447,53785,53795,10
13.0471897125,80.2485198975,53795,53805,10
13.0474700928,80.2487106323,53805,53815,10
13.047750473,80.2490005493,53815,53825,10
13.0479898453,80.2492523193,53825,53835,10
13.0482597351,80.2495269775,53835,53845,10
13.0486698151,80.2497329712,53845,53855,10
13.0492095947,80.2497634888,53855,53865,10
13.0496301651,80.2498474121,53865,53875,10
13.0503797531,80.2499923706,53875,53886,11
13.0512199402,80.2501907349,53886,53896,10
13.05189991,80.2506027222,53896,53906,10
13.0523700714,80.2511291504,53906,53916,10
13.0528697968,80.2517929077,53916,53926,10
13.0533704758,80.252456665,53926,53936,10
13.053850174,80.253112793,53936,53946,10
13.0542697906,80.2536773682,53946,53956,10
13.0545101166,80.2540130615,53956,53966,10
13.0546798706,80.2542037964,53966,53976,10
13.0548496246,80.2544326782,53976,53986,10
13.0549497604,80.2545623779,53986,53997,11
13.0551996231,80.2548599243,53997,54007,10
13.0554704666,80.2552719116,54007,54017,10
13.0557699203,80.2556991577,54017,54027,10
13.0560798645,80.2561264038,54027,54037,10
13.0564498901,80.2565536499,54037,54047,10
13.05671978,80.2567977905,54047,54057,10
13.0568304062,80.2568664551,54057,54067,10
13.0570602417,80.2569885254,54067,54077,10
13.0574398041,80.25730896,54077,54087,10
13.057800293,80.2576980591,54087,54097,10
13.0579795837,80.2579498291,54097,54109,12
13.0583896637,80.2585830688,54109,54117,8
13.0586795807,80.2588806152,54117,54127,10
13.0590295792,80.2593307495,54127,54137,10
13.0593204498,80.259803772,54137,54148,11
13.0598297119,80.2602615356,54148,54158,10
13.0602197647,80.2606811523,54158,54168,10
13.0604600906,80.2609176636,54168,54178,10
13.0606603622,80.2612228394,54178,54188,10
13.0606603622,80.2613372803,54188,54198,10
13.0609798431,80.2617034912,54198,54208,10
13.0613603592,80.2620620728,54208,54218,10
13.0616397858,80.2623977661,54218,54228,10
13.0619497299,80.2628326416,54228,54240,12
13.0625,80.2635116577,54240,54248,8
13.0628404617,80.2638473511,54248,54258,10
13.0631399155,80.2641983032,54258,54268,10
13.0632600784,80.2643890381,54268,54278,10
13.0635499954,80.2649078369,54278,54288,10
13.0637998581,80.2651824951,54288,54298,10
13.0640296936,80.2654418945,54298,54311,13
13.064450264,80.2659378052,54311,54321,10
13.0645904541,80.2661514282,54321,54331,10
13.0646696091,80.2663497925,54331,54341,10
13.064789772,80.2665405273,54341,54351,10
13.0649595261,80.2667694092,54351,54361,10
13.0653600693,80.2670822144,54361,54371,10
13.0656995773,80.2674636841,54371,54381,10
13.066069603,80.2679290771,54381,54391,10
13.0663900375,80.2682876587,54391,54422,31
13.0663900375,80.2682876587,54422,54432,10
13.0665302277,80.2684173584,54432,54442,10
13.0667104721,80.2685089111,54442,54452,10
13.0670604706,80.2687072754,54452,54472,20
13.0670604706,80.2687072754,54472,54482,10
13.0673503876,80.2689208984,54482,54492,10
13.067779541,80.2691802979,54492,54502,10
13.0682096481,80.2693710327,54502,54512,10
13.0683603287,80.26902771,54512,54523,11
13.0684995651,80.2686386108,54523,54533,10
13.0686101913,80.2683029175,54533,54543,10
13.0687799454,80.2676620483,54543,54553,10
13.0690002441,80.2671432495,54553,54563,10
13.069319725,80.2668304443,54563,54573,10
13.0693597794,80.2667770386,54573,54583,10
13.0696401596,80.2664489746,54583,54593,10
13.0700502396,80.2660980225,54593,54603,10
13.0702295303,80.265838623,54603,54613,10
13.0702495575,80.2658309937,54613,54623,10
13.0704698563,80.2655563354,54623,54634,11
13.0709104538,80.2651062012,54634,54644,10
13.0713596344,80.2648010254,54644,54654,10
13.0716695786,80.2644271851,54654,54664,10
13.0720596313,80.2639694214,54664,54674,10
13.0724000931,80.2633590698,54674,54684,10
13.0726003647,80.2628173828,54684,54694,10
13.0727996826,80.2623291016,54694,54704,10
13.0728902817,80.262008667,54704,54714,10
13.0729103088,80.2618484497,54714,54724,10
13.0729904175,80.2614593506,54724,54735,11
13.0732002258,80.2611923218,54735,54745,10
13.0735902786,80.2615432739,54745,54755,10
13.0740404129,80.2620010376,54755,54765,10
13.0742797852,80.2623519897,54765,54775,10
13.0746297836,80.2627182007,54775,54785,10
13.0751199722,80.2633285522,54785,54795,10
13.0756101608,80.2640304565,54795,54805,10
13.0760297775,80.2640762329,54805,54815,10
13.076499939,80.2640533447,54815,54825,10
13.0765304565,80.2640533447,54825,54835,10
13.0769195557,80.2640609741,54835,54846,11
13.0774202347,80.2638168335,54846,54856,10
13.0779895782,80.2633590698,54856,54866,10
13.0778198242,80.2627182007,54866,54876,10
13.0776500702,80.2620925903,54876,54886,10
13.0774097443,80.2613601685,54886,54896,10
13.077249527,80.2608566284,54896,54916,20
13.077249527,80.2608566284,54916,54926,10
13.0771999359,80.2607803345,54926,54936,10
13.0769796371,80.2604522705,54936,54947,11
13.0764398575,80.259979248,54947,54957,10
13.0757799149,80.2593917847,54957,54967,10
13.0754499435,80.2584686279,54967,55068,101
13.0754499435,80.2584686279,55068,55078,10
13.0753498077,80.2582473755,55078,55088,10
13.0754699707,80.2579498291,55088,55098,10
13.0759296417,80.2576522827,55098,55109,11
13.0764398575,80.2572402954,55109,55118,9
13.0769500732,80.2568893433,55118,55129,11
13.0776395798,80.2566680908,55129,55139,10
13.0783195496,80.2566070557,55139,55148,9
13.0788898468,80.2565307617,55148,55160,12
13.079000473,80.2561569214,55160,55170,10
13.0789699554,80.2551574707,55170,55219,49
13.0789699554,80.2551574707,55219,55230,11
13.0788898468,80.2547531128,55230,55239,9
13.0790901184,80.2545471191,55239,55249,10
13.0797901154,80.2546234131,55249,55271,22
13.0797901154,80.2546234131,55271,55279,8
13.0799999237,80.2546691895,55279,55289,10
13.0803804398,80.254737854,55289,55301,12
13.081029892,80.2548065186,55301,55311,10
13.0813798904,80.2548065186,55311,55321,10
13.0815200806,80.2546691895,55321,55331,10
13.0817499161,80.2542800903,55331,55341,10
13.0818500519,80.2538299561,55341,55349,8
13.0819301605,80.2534866333,55349,55361,12
13.0818004608,80.2528762817,55361,55372,11
13.0814504623,80.2521896362,55372,55382,10
13.0813999176,80.2515182495,55382,55392,10
13.0813703537,80.2510681152,55392,55402,10
13.0813398361,80.2506408691,55402,55412,10
13.0812702179,80.2500610352,55412,55422,10
13.0813598633,80.2496566772,55422,55432,10
13.0817203522,80.249710083,55432,55442,10
13.0823497772,80.2497787476,55442,55452,10
13.0830698013,80.2498779297,55452,55462,10
13.0837497711,80.2499694824,55462,55472,10
13.0843801498,80.2501296997,55472,55483,11
13.0845298767,80.2501678467,55483,55493,10
13.0848703384,80.2501068115,55493,55503,10
13.0854301453,80.2502365112,55503,55513,10
13.0857400894,80.25025177,55513,55522,9
13.0858402252,80.2500305176,55522,55534,12
13.085849762,80.2492599487,55534,55544,10
13.0858001709,80.2484893799,55544,55554,10
13.0857801437,80.2476119995,55554,55564,10
13.085729599,80.2467498779,55564,55574,10
13.0857000351,80.2466430664,55574,55585,11
13.0856704712,80.2461776733,55585,55595,10
13.0856304169,80.2454223633,55595,55635,40
13.0856304169,80.2454223633,55635,55645,10
13.0855798721,80.2451324463,55645,55655,10
13.0858898163,80.2448425293,55655,55663,8
13.086400032,80.244468689,55663,55675,12
13.087100029,80.2438812256,55675,55685,10
13.0875101089,80.243347168,55685,55696,11
13.0877304077,80.2428512573,55696,55706,10
13.0878896713,80.2422409058,55706,55716,10
13.0887002945,80.2412414551,55716,55726,10
13.0887002945,80.2412414551,55726,55736,10
13.0893201828,80.2408065796,55736,55744,8
13.0902004242,80.2407531738,55744,55758,14
13.0916404724,80.2408599854,55758,55768,10
13.0921602249,80.240852356,55768,55779,11
13.0927400589,80.2408676147,55779,55789,10
13.0932703018,80.2409667969,55789,55800,11
13.0942602158,80.2411499023,55800,55818,18
13.0942602158,80.2411499023,55818,55830,12
13.0946702957,80.2412109375,55830,55840,10
13.0952596664,80.2413635254,55840,55850,10
13.0958795547,80.2416000366,55850,55860,10
13.0966396332,80.241897583,55860,55870,10
13.0972299576,80.2420501709,55870,55899,29
13.0972299576,80.2420501709,55899,55909,10
13.0974798203,80.2421875,55909,55921,12
13.0979795456,80.2423019409,55921,55929,8
13.0983495712,80.2423019409,55929,55949,20
13.0983495712,80.2423019409,55949,55961,12
13.0985298157,80.2422714233,55961,55969,8
13.0986099243,80.2422180176,55969,55981,12
13.098690033,80.2419433594,55981,55989,8
13.0985498428,80.2419433594,55989,56001,12
13.0985097885,80.2421264648,56001,56052,51
13.0983800888,80.2422637939,56052,56486,434
13.0983800888,80.2422637939,56486,56496,10
13.0983200073,80.2423400879,56496,56506,10
13.0980501175,80.2422790527,56506,56516,10
13.0975198746,80.2421722412,56516,56587,71
13.0975198746,80.2421722412,56587,56597,10
13.0973300934,80.2420883179,56597,56607,10
13.0969600677,80.2419891357,56607,56617,10
13.0967798233,80.2419433594,56617,56627,10
13.0967502594,80.2419281006,56627,56637,10
13.0963497162,80.2417984009,56637,56648,11
13.0957698822,80.2415924072,56648,56658,10
13.0952196121,80.2414016724,56658,56668,10
13.0947399139,80.2412567139,56668,56678,10
13.0943002701,80.2411804199,56678,56688,10
13.093629837,80.2410507202,56688,56698,10
13.0935497284,80.241027832,56698,56708,10
13.0934295654,80.2410202026,56708,56718,10
13.093170166,80.2409973145,56718,56728,10
13.0926399231,80.2409362793,56728,56738,10
13.0918798447,80.2408676147,56738,56749,11
13.0909500122,80.240852356,56749,56759,10
13.0900001526,80.2408828735,56759,56769,10
13.0894002914,80.2411575317,56769,56779,10
13.088760376,80.2416305542,56779,56789,10
13.0880899429,80.2421264648,56789,56799,10
13.0878601074,80.2428588867,56799,56810,11
13.0877895355,80.2432403564,56810,56819,9
13.0876398087,80.243560791,56819,56829,10
13.0871200562,80.2440414429,56829,56840,11
13.0864896774,80.2445831299,56840,56850,10
13.0859498978,80.245010376,56850,56861,11
13.0856704712,80.245300293,56861,56869,8
13.0855998993,80.2455215454,56869,56879,10
13.0856599808,80.2460098267,56879,56889,10
13.0857601166,80.2465896606,56889,56901,12
13.085729599,80.2466888428,56901,56910,9
13.0857200623,80.2470169067,56910,56921,11
13.0858001709,80.247756958,56921,56930,9
13.085849762,80.2484970093,56930,56941,11
13.0858602524,80.2495117188,56941,56951,10
13.0859003067,80.2501983643,56951,56990,39
13.0859003067,80.2501983643,56990,57000,10
13.0858697891,80.2502975464,57000,57010,10
13.0858402252,80.2506027222,57010,57020,10
13.0857696533,80.2512130737,57020,57030,10
13.0857000351,80.2518692017,57030,57040,10
13.0856199265,80.2524795532,57040,57050,10
13.0855798721,80.2530899048,57050,57060,10
13.085559845,80.2535018921,57060,57073,13
13.0856199265,80.2541122437,57073,57083,10
13.0856399536,80.2546463013,57083,57093,10
13.0854597092,80.2547225952,57093,57103,10
13.085149765,80.2547225952,57103,57113,10
13.0847902298,80.2546768188,57113,57123,10
13.0843000412,80.2546310425,57123,57133,10
13.0839004517,80.2546005249,57133,57143,10
13.0838003159,80.2546005249,57143,57153,10
13.0833101273,80.2545623779,57153,57163,10
13.0826196671,80.2545013428,57163,57174,11
13.0822401047,80.2545013428,57174,57184,10
13.0816698074,80.254737854,57184,57194,10
13.0811500549,80.2548370361,57194,57204,10
13.0807800293,80.2548065186,57204,57214,10
13.0806598663,80.2547988892,57214,57224,10
13.0801897049,80.2547073364,57224,57234,10
13.0796098709,80.2546081543,57234,57244,10
13.0791597366,80.2546768188,57244,57274,30
13.0791597366,80.2546768188,57274,57285,11
13.0789699554,80.2547836304,57285,57295,10
13.0789804459,80.2551269531,57295,57305,10
13.0790395737,80.2556991577,57305,57315,10
13.0790596008,80.2561264038,57315,57325,10
13.079079628,80.2564086914,57325,57345,20
13.079079628,80.2564086914,57345,57355,10
13.0790901184,80.2565536499,57355,57365,10
13.0787696838,80.2566833496,57365,57375,10
13.0783700943,80.2566833496,57375,57386,11
13.0777597427,80.256729126,57386,57396,10
13.0771903992,80.2568588257,57396,57406,10
13.0765600204,80.2572631836,57406,57416,10
13.0759601593,80.2577972412,57416,57426,10
13.0755195618,80.2581787109,57426,57436,10
13.0754899979,80.2585525513,57436,57446,10
13.0756902695,80.2592163086,57446,57456,10
13.0762901306,80.2598800659,57456,57466,10
13.076880455,80.2603607178,57466,57476,10
13.0772800446,80.2609863281,57476,57487,11
13.0775699615,80.2616577148,57487,57497,10
13.0777997971,80.2621612549,57497,57587,90
13.0777997971,80.2621612549,57587,57598,11
13.0778198242,80.2626571655,57598,57608,10
13.0779495239,80.2630462646,57608,57618,10
13.0781297684,80.2632904053,57618,57628,10
13.0781002045,80.2634963989,57628,57638,10
13.0777902603,80.2637176514,57638,57648,10
13.0773200989,80.2640686035,57648,57658,10
13.0769500732,80.2641525269,57658,57668,10
13.0767097473,80.2641906738,57668,57678,10
13.0762300491,80.2642364502,57678,57688,10
13.0757398605,80.2642669678,57688,57698,10
13.0754404068,80.2638931274,57698,57709,11
13.0749197006,80.2631835938,57709,57719,10
13.0744800568,80.2626266479,57719,57729,10
13.0739402771,80.2620010376,57729,57739,10
13.0736198425,80.2616119385,57739,57749,10
13.0735702515,80.2615432739,57749,57759,10
13.0732698441,80.2614135742,57759,57769,10
13.0729999542,80.2617721558,57769,57779,10
13.0728597641,80.2622528076,57779,57789,10
13.0726604462,80.2628097534,57789,57799,10
13.0725297928,80.2631072998,57799,57810,11
13.0723800659,80.2635269165,57810,57820,10
13.0721101761,80.2640228271,57820,57830,10
13.0718803406,80.2642974854,57830,57841,11
13.071559906,80.2646713257,57841,57851,10
13.0714998245,80.2647399902,57851,57860,9
13.071390152,80.264831543,57860,57870,10
13.0710601807,80.2651672363,57870,57880,10
13.0707597733,80.2655029297,57880,57891,11
13.0703401566,80.2659225464,57891,57900,9
13.0699901581,80.2662811279,57900,57911,11
13.0696401596,80.2666778564,57911,57922,11
13.069270134,80.267036438,57922,57931,9
13.0690498352,80.2672424316,57931,57941,10
13.0688400269,80.2677307129,57941,57952,11
13.0685796738,80.2684936523,57952,57962,10
13.068400383,80.2690963745,57962,57972,10
13.0683002472,80.26953125,57972,57982,10
13.0682401657,80.2698898315,57982,57991,9
13.0681800842,80.2705307007,57991,58011,20
13.0681800842,80.2705307007,58011,58023,12
13.0681600571,80.2706680298,58023,58033,10
13.0681495667,80.2708892822,58033,58043,10
13.0678701401,80.2710418701,58043,58053,10
13.0674104691,80.2706069946,58053,58063,10
13.0671701431,80.2703475952,58063,58073,10
13.0671396255,80.2703170776,58073,58083,10
13.0669298172,80.2700576782,58083,58093,10
13.0665903091,80.2696380615,58093,58103,10
13.0664596558,80.2692337036,58103,58113,10
13.0664196014,80.2687072754,58113,58124,11
13.0661001205,80.2681427002,58124,58134,10
13.0655498505,80.2677307129,58134,58184,50
13.0655498505,80.2677307129,58184,58194,10
13.0652303696,80.2676467896,58194,58204,10
13.0651597977,80.2676315308,58204,58214,10
13.0649795532,80.2675933838,58214,58224,10
13.0646295547,80.2675323486,58224,58235,11
13.0642299652,80.2674636841,58235,58245,10
13.0639801025,80.2674026489,58245,58255,10
13.0635900497,80.2673187256,58255,58265,10
13.0631504059,80.267250061,58265,58275,10
13.0627698898,80.2671508789,58275,58285,10
13.0625,80.2669219971,58285,58295,10
13.0621700287,80.2665328979,58295,58305,10
13.0618495941,80.2661132813,58305,58315,10
13.0614700317,80.2657012939,58315,58325,10
13.0610704422,80.2652435303,58325,58336,11
13.0606002808,80.2653808594,58336,58346,10
13.0603103638,80.2655181885,58346,58356,10
13.0599498749,80.2656097412,58356,58366,10
13.0594797134,80.2655715942,58366,58376,10
13.0590400696,80.2654724121,58376,58386,10
13.0587902069,80.2654724121,58386,58396,10
13.0583496094,80.26537323,58396,58406,10
13.0580501556,80.2648696899,58406,58416,10
13.0579795837,80.2641983032,58416,58426,10
13.0579004288,80.2635269165,58426,58437,11
13.0578403473,80.2628479004,58437,58447,10
13.0577497482,80.2623596191,58447,58457,10
13.0576696396,80.2618179321,58457,58467,10
13.057559967,80.2612762451,58467,58477,10
13.057390213,80.2607116699,58477,58487,10
13.0571899414,80.2599868774,58487,58497,10
13.057009697,80.2593383789,58497,58507,10
13.0568399429,80.2588119507,58507,58517,10
13.0567302704,80.2585525513,58517,58527,10
13.0566797256,80.2583084106,58527,58537,10
13.0566196442,80.2579421997,58537,58548,11
13.0565395355,80.2575378418,58548,58558,10
13.056520462,80.2574462891,58558,58568,10
13.0565004349,80.2572784424,58568,58578,10
13.0564203262,80.2569732666,58578,58588,10
13.0563201904,80.2566070557,58588,58598,10
13.0560598373,80.2561798096,58598,58608,10
13.0556602478,80.2555999756,58608,58618,10
13.0551795959,80.2549591064,58618,58628,10
13.0547304153,80.2543563843,58628,58638,10
13.0542497635,80.2537612915,58638,58649,11
13.0540800095,80.2535324097,58649,58659,10
13.0539903641,80.2533874512,58659,58669,10
13.0537099838,80.2529907227,58669,58679,10
13.053319931,80.2524185181,58679,58689,10
13.0528297424,80.2517623901,58689,58699,10
13.0523500443,80.2510986328,58699,58709,10
13.0518198013,80.2505187988,58709,58719,10
13.0511102676,80.2501373291,58719,58729,10
13.0502796173,80.2499389648,58729,58739,10
13.0494403839,80.2498321533,58739,58749,10
13.0486402512,80.249710083,58749,58760,11
13.0479898453,80.2493362427,58760,58770,10
13.0473899841,80.2488327026,58770,58780,10
13.0470504761,80.2486801147,58780,58790,10
13.0468702316,80.2486572266,58790,58810,20
13.0468702316,80.2486572266,58810,58820,10
13.0465602875,80.248626709,58820,58832,12
13.0458602905,80.2484970093,58832,58841,9
13.0453596115,80.2482376099,58841,58852,11
13.044670105,80.2481002808,58852,58863,11
13.0438299179,80.2479476929,58863,58871,8
13.0433502197,80.2478713989,58871,58881,10
13.0425100327,80.2476882935,58881,58891,10
13.041680336,80.247543335,58891,58903,12
13.041469574,80.2474899292,58903,58911,8
13.0413999557,80.2474822998,58911,58921,10
13.0409603119,80.2473678589,58921,58931,10
13.0404396057,80.2472763062,58931,58943,12
13.0402002335,80.247253418,58943,58951,8
13.040189743,80.2472381592,58951,58961,10
13.0400600433,80.2472076416,58961,58974,13
13.039560318,80.2470932007,58974,58984,10
13.0390701294,80.2469406128,58984,58994,10
13.0385398865,80.2467803955,58994,59004,10
13.0382995605,80.2467422485,59004,59014,10
13.0380296707,80.2467422485,59014,59024,10
13.0374803543,80.2466430664,59024,59034,10
13.0370998383,80.2465820313,59034,59044,10
13.0366001129,80.2464599609,59044,59054,10
13.0359802246,80.2462768555,59054,59064,10
13.0354499817,80.2460784912,59064,59075,11
13.0351295471,80.2460174561,59075,59085,10
13.0350999832,80.2460098267,59085,59095,10
13.0348300934,80.2457504272,59095,59105,10
13.0345201492,80.245300293,59105,59115,10
13.0341596603,80.2448501587,59115,59125,10
13.0337095261,80.2443313599,59125,59135,10
13.0331296921,80.243560791,59135,59145,10
13.0327396393,80.2431182861,59145,59176,31
13.0327396393,80.2431182861,59176,59186,10
13.0326499939,80.2429733276,59186,59196,10
13.0325603485,80.2427978516,59196,59206,10
13.0324697495,80.2426834106,59206,59216,10
13.0323400497,80.2425537109,59216,59317,101
13.0323400497,80.2425537109,59317,59327,10
13.0322303772,80.242401123,59327,59337,10
13.0320396423,80.2421417236,59337,59345,8
13.0318803787,80.2418136597,59345,59358,13
13.0315799713,80.2411193848,59358,59368,10
13.0314302444,80.2408218384,59368,59449,81
13.0314302444,80.2408218384,59449,59459,10
13.0313100815,80.2405090332,59459,59469,10
13.0311603546,80.2401428223,59469,59479,10
13.0308904648,80.2395782471,59479,59489,10
13.0304603577,80.2388305664,59489,59500,11
13.0299100876,80.2378921509,59500,59510,10
13.0293397903,80.2370910645,59510,59520,10
13.0290803909,80.2368011475,59520,59530,10
13.029009819,80.2366867065,59530,59540,10
13.0286998749,80.2363586426,59540,59550,10
13.0281600952,80.2357788086,59550,59560,10
13.0276603699,80.2350311279,59560,59570,10
13.0272397995,80.2342910767,59570,59580,10
13.027009964,80.2339172363,59580,59590,10
13.0269899368,80.2339019775,59590,59601,11
13.0269403458,80.2338027954,59601,59611,10
13.0267000198,80.2334213257,59611,59621,10
13.0263900757,80.2328567505,59621,59631,10
13.0261898041,80.2322998047,59631,59642,11
13.0261201859,80.2319717407,59642,59651,9
13.0260295868,80.2316665649,59651,59662,11
13.025970459,80.2314224243,59662,59672,10
13.0257902145,80.2307815552,59672,59681,9
13.0253696442,80.2300567627,59681,59692,11
13.0248498917,80.2293777466,59692,59702,10
13.0247402191,80.2292404175,59702,59713,11
13.0245599747,80.2289810181,59713,59723,10
13.0239801407,80.2282867432,59723,59742,19
13.0239801407,80.2282867432,59742,59752,10
13.0237998962,80.228012085,59752,59763,11
13.0233201981,80.2275466919,59763,59773,10
13.0227203369,80.2269821167,59773,59783,10
13.0222101212,80.2265625,59783,59792,9
13.0221996307,80.2265472412,59792,59803,11
13.0219802856,80.2263336182,59803,59814,11
13.0214300156,80.2258834839,59814,59824,10
13.0208396912,80.225402832,59824,59834,10
13.0201702118,80.224937439,59834,59844,10
13.0198602676,80.2247390747,59844,59854,10
13.0198602676,80.2247314453,59854,59864,10
13.0198497772,80.2247085571,59864,59874,10
13.0194997787,80.2245178223,59874,59884,10
13.0187196732,80.2244796753,59884,59892,8
13.0179796219,80.2247772217,59892,59902,10
13.0170097351,80.2251968384,59902,59915,13
13.01583004,80.2256393433,59915,59925,10
13.015130043,80.2259063721,59925,59935,10
13.0144796371,80.2261810303,59935,59945,10
13.0142402649,80.2262878418,59945,59955,10
13.0141801834,80.22631073,59955,59965,10
13.0138998032,80.2264022827,59965,59975,10
13.0134801865,80.2265701294,59975,59985,10
13.0128097534,80.2268218994,59985,59995,10
13.0119199753,80.2271728516,59995,60005,10
13.0109996796,80.2275390625,60005,60015,10
13.0100698471,80.2279205322,60015,60026,11
13.0092000961,80.2284011841,60026,60036,10
13.0089597702,80.2293319702,60036,60046,10
13.0087299347,80.2305297852,60046,60056,10
13.0085000992,80.2318191528,60056,60066,10
13.0082902908,80.2329177856,60066,60076,10
13.008190155,80.233543396,60076,60096,20
13.008190155,80.233543396,60096,60106,10
13.0081596375,80.2337799072,60106,60116,10
13.0081396103,80.2338409424,60116,60126,10
13.0081195831,80.2338867188,60126,60137,11
13.0080499649,80.2342834473,60137,60147,10
13.0079803467,80.2346115112,60147,60157,10
13.0079298019,80.2348709106,60157,60167,10
13.0077896118,80.2355499268,60167,60177,10
13.0076398849,80.2363586426,60177,60187,10
13.0074796677,80.237159729,60187,60197,10
13.0072898865,80.2380981445,60197,60207,10
13.0071496964,80.2388916016,60207,60217,10
13.0070695877,80.2393875122,60217,60248,31
13.0070695877,80.2393875122,60248,60258,10
13.0070800781,80.2395935059,60258,60268,10
13.0069198608,80.2401504517,60268,60298,30
13.0069799423,80.2402801514,60298,60349,51
13.0069799423,80.2402801514,60349,60359,10
13.0069799423,80.2404785156,60359,60369,10
13.0068702698,80.2408599854,60369,60379,10
13.0068502426,80.2409362793,60379,60389,10
13.0067996979,80.2413787842,60389,60399,10
13.0067796707,80.2421264648,60399,60409,10
13.0067501068,80.2428512573,60409,60419,10
13.0067300797,80.2434921265,60419,60429,10
13.0066795349,80.2437591553,60429,60439,10
13.0066900253,80.2441864014,60439,60450,11
13.0066795349,80.2445220947,60450,60460,10
13.0067100525,80.244972229,60460,60470,10
13.0067195892,80.2453918457,60470,60480,10
13.0067501068,80.2458496094,60480,60490,10
13.006770134,80.2463226318,60490,60500,10
13.0067796707,80.2468566895,60500,60510,10
13.0067300797,80.2474822998,60510,60520,10
13.0067396164,80.2483215332,60520,60530,10
13.0067796707,80.2491989136,60530,60540,10
13.0067996979,80.2500534058,60540,60551,11
13.006819725,80.2508163452,60551,60561,10
13.0068101883,80.2511520386,60561,60571,10
13.0067996979,80.251411438,60571,60581,10
13.0066995621,80.2518615723,60581,60591,10
13.0065603256,80.2526092529,60591,60601,10
13.0065402985,80.2534408569,60601,60611,10
13.0065498352,80.2542724609,60611,60621,10
13.0065898895,80.2546005249,60621,60631,10
13.0066099167,80.2548828125,60631,60641,10
13.0066099167,80.2549591064,60641,60651,10
13.0066099167,80.2552566528,60651,60662,11
13.0066099167,80.2559204102,60662,60671,9
13.0066204071,80.2563934326,60671,60683,12
13.0066099167,80.2566833496,60683,60693,10
13.0066404343,80.2570495605,60693,60703,10
13.0066003799,80.2574768066,60703,60713,10
13.0063199997,80.2575378418,60713,60723,10
13.0059404373,80.2574386597,60723,60732,9
13.0055198669,80.2573471069,60732,60743,11
13.0050201416,80.2572021484,60743,60753,10
13.0044298172,80.2570800781,60753,60764,11
13.0039100647,80.2569732666,60764,60774,10
13.0034303665,80.2568664551,60774,60783,9
13.0030202866,80.2567901611,60783,60793,10
13.002869606,80.2567596436,60793,60803,10
13.0027103424,80.256729126,60803,60814,11
13.0022001266,80.2566299438,60814,60824,10
13.0017004013,80.2565536499,60824,60833,9
13.0009899139,80.2564468384,60833,60842,9
13.000289917,80.256362915,60842,60854,12
12.9996700287,80.2562484741,60854,60875,21
12.9996700287,80.2562484741,60875,60885,10
12.9995203018,80.2562637329,60885,60895,10
12.9992599487,80.256187439,60895,60905,10
12.9989500046,80.256111145,60905,60915,10
12.9986400604,80.2560577393,60915,60935,20
12.9986400604,80.2560577393,60935,60945,10
12.9984397888,80.2560272217,60945,60955,10
12.9983997345,80.2560195923,60955,60965,10
12.9982099533,80.2559661865,60965,60976,11
12.997759819,80.2559204102,60976,60986,10
12.9972200394,80.2558822632,60986,60996,10
12.9967403412,80.2558364868,60996,61006,10
12.9961299896,80.2558364868,61006,61016,10
12.9954395294,80.2558822632,61016,61026,10
12.9946699142,80.2559509277,61026,61036,10
12.9939804077,80.2560119629,61036,61046,10
12.9930696487,80.256072998,61046,61056,10
12.9921102524,80.2560577393,61056,61066,10
12.991230011,80.2560272217,61066,61076,10
12.9905099869,80.2559967041,61076,61087,11
12.9898996353,80.2559814453,61087,61097,10
12.9892902374,80.2559661865,61097,61107,10
12.9889602661,80.2559432983,61107,61117,10
12.9885597229,80.2559204102,61117,61208,91
12.9885597229,80.2559204102,61208,61218,10
12.9882202148,80.2558517456,61218,61228,10
12.987950325,80.2558288574,61228,61238,10
12.9876203537,80.2559280396,61238,61248,10
12.9875497818,80.2565689087,61248,61258,10
12.9874897003,80.257270813,61258,61268,10
12.987449646,80.2580337524,61268,61278,10
12.9873895645,80.2586975098,61278,61288,10
12.9873399734,80.2590026855,61288,61299,11
12.9872398376,80.2593002319,61299,61349,50
12.9872398376,80.2593002319,61349,61359,10
12.9872703552,80.2593688965,61359,61389,30
12.9872703552,80.2593688965,61389,61400,11
12.9868803024,80.2594985962,61400,61410,10
12.9868297577,80.2594985962,61410,61420,10
12.9866104126,80.2594223022,61420,61430,10
12.9866800308,80.2591934204,61430,62228,798
12.9866800308,80.2591934204,62228,62238,10
12.9870595932,80.2591781616,62238,62279,41
12.9870595932,80.2591781616,62279,62289,10
12.9871902466,80.2592010498,62289,62299,10
12.9873600006,80.259147644,62299,62309,10
12.9873800278,80.2589187622,62309,62319,10
12.9873800278,80.2588882446,62319,62329,10
12.9873895645,80.2585983276,62329,62339,10
12.9874095917,80.2583618164,62339,62349,10
12.9874200821,80.2580566406,62349,62360,11
12.987449646,80.2577362061,62360,62370,10
12.9874801636,80.2572402954,62370,62380,10
12.9875497818,80.2566680908,62380,62501,121
12.9875497818,80.2566680908,62501,62511,10
12.9876298904,80.2563095093,62511,62521,10
12.9876098633,80.2560272217,62521,62531,10
12.9877099991,80.2557983398,62531,62541,10
12.9879398346,80.2557830811,62541,62551,10
12.9882001877,80.255821228,62551,62561,10
12.9882802963,80.2558517456,62561,62572,11
12.9884004593,80.2558670044,62572,62582,10
12.9885501862,80.255897522,62582,62592,10
12.9887800217,80.2559280396,62592,62602,10
12.9888496399,80.2559585571,62602,62612,10
12.9891901016,80.2560119629,62612,62622,10
12.9897603989,80.2560501099,62622,62632,10
12.9902801514,80.256072998,62632,62642,10
12.9906902313,80.2560424805,62642,62653,11
12.9911203384,80.2560806274,62653,62664,11
12.9918603897,80.2560882568,62664,62675,11
12.9927101135,80.2560882568,62675,62685,10
12.9930400848,80.256072998,62685,62693,8
12.993229866,80.256072998,62693,62704,11
12.9935102463,80.2560501099,62704,62715,11
12.9937200546,80.2560272217,62715,62724,9
12.9939203262,80.2560272217,62724,62735,11
12.9941396713,80.2559967041,62735,62745,10
12.9943799973,80.2559814453,62745,62754,9
12.9944095612,80.2559814453,62754,62764,10
12.994720459,80.2559814453,62764,62774,10
12.99477005,80.2559661865,62774,62786,12
12.9950304031,80.2559280396,62786,62796,10
12.9954299927,80.2559127808,62796,62866,70
12.9954299927,80.2559127808,62866,62876,10
12.9956502914,80.2559509277,62876,62887,11
12.9959096909,80.2559432983,62887,62897,10
12.9963598251,80.2559280396,62897,62907,10
12.9968500137,80.2559204102,62907,62917,10
12.9976396561,80.2559585571,62917,62927,10
12.9976396561,80.2559585571,62927,62937,10
12.998000145,80.2559967041,62937,62946,9
12.9984102249,80.2560272217,62946,62959,13
12.9984903336,80.2560424805,62959,62969,10
12.9987096786,80.2560882568,62969,62979,10
12.9990301132,80.2561264038,62979,62988,9
12.9994602203,80.256187439,62988,63000,12
12.9998397827,80.2562637329,63000,63010,10
13.0001296997,80.2563171387,63010,63040,30
13.0001296997,80.2563171387,63040,63050,10
13.0004196167,80.2563934326,63050,63060,10
13.0008201599,80.2564468384,63060,63070,10
13.0011196136,80.2565002441,63070,63080,10
13.0015802383,80.2565765381,63080,63090,10
13.0020198822,80.2566375732,63090,63101,11
13.002530098,80.256729126,63101,63111,10
13.0030498505,80.2568206787,63111,63121,10
13.0036001205,80.2569198608,63121,63131,10
13.0041399002,80.257019043,63131,63141,10
13.0045900345,80.2570877075,63141,63151,10
13.0052204132,80.2571792603,63151,63161,10
13.0058698654,80.2573013306,63161,63171,10
13.006360054,80.2574005127,63171,63212,41
13.006360054,80.2574005127,63212,63222,10
13.0065402985,80.2572631836,63222,63232,10
13.0065603256,80.2569732666,63232,63242,10
13.0064897537,80.2563323975,63242,63252,10
13.0064897537,80.2555999756,63252,63262,10
13.0065202713,80.2549362183,63262,63272,10
13.0065002441,80.2542877197,63272,63282,10
13.0065202713,80.2536773682,63282,63353,71
13.0065202713,80.2536773682,63353,63363,10
13.0065202713,80.2532577515,63363,63373,10
13.0065097809,80.2529525757,63373,63383,10
13.0065002441,80.2526397705,63383,63393,10
13.0065603256,80.2521362305,63393,63485,92
13.0065603256,80.2521362305,63485,63493,8
13.0066699982,80.2520065308,63493,63505,12
13.0067396164,80.2516174316,63505,63515,10
13.0067796707,80.2510223389,63515,63526,11
13.0067796707,80.25025177,63526,63536,10
13.0067501068,80.2494506836,63536,63546,10
13.0066900253,80.2487030029,63546,63554,8
13.0066404343,80.2481613159,63554,63657,103
13.0066404343,80.2481613159,63657,63667,10
13.0065803528,80.2479019165,63667,63677,10
13.0066099167,80.2475967407,63677,63687,10
13.0066299438,80.2470703125,63687,63697,10
13.0065603256,80.2466201782,63697,63727,30
13.0065603256,80.2466201782,63727,63738,11
13.0066003799,80.2463226318,63738,63748,10
13.0066003799,80.2457275391,63748,63758,10
13.0066003799,80.2453231812,63758,63768,10
13.0065898895,80.2450180054,63768,63778,10
13.0066204071,80.2448196411,63778,63788,10
13.0066003799,80.2446136475,63788,63798,10
13.0065898895,80.2443618774,63798,63808,10
13.0066003799,80.2440795898,63808,63818,10
13.0066099167,80.2436828613,63818,63827,9
13.0065803528,80.243270874,63827,63839,12
13.0065698624,80.2426223755,63839,63849,10
13.0065402985,80.2420578003,63849,63859,10
13.0065402985,80.241859436,63859,63869,10
13.0065402985,80.2417526245,63869,63879,10
13.0065402985,80.2416992188,63879,63889,10
13.0065402985,80.2413024902,63889,63899,10
13.0065898895,80.2408828735,63899,63909,10
13.0067195892,80.2402496338,63909,63919,10
13.0069303513,80.2395629883,63919,63929,10
13.0070199966,80.2388000488,63929,63939,10
13.0071802139,80.2379379272,63939,63950,11
13.007349968,80.236907959,63950,64000,50
13.007349968,80.236907959,64000,64010,10
13.0074996948,80.2365036011,64010,64020,10
13.0075502396,80.2362365723,64020,64030,10
13.0076599121,80.2357177734,64030,64040,10
13.0077495575,80.2352828979,64040,64051,11
13.0078697205,80.2346572876,64051,64061,10
13.008020401,80.23387146,64061,64071,10
13.0081996918,80.2329330444,64071,64081,10
13.0083703995,80.2319793701,64081,64091,10
13.0085697174,80.23097229,64091,64101,10
13.0087003708,80.2302322388,64101,64111,10
13.0088300705,80.229598999,64111,64121,10
13.0089502335,80.2289581299,64121,64131,10
13.0090799332,80.2284393311,64131,64141,10
13.0092897415,80.2278213501,64141,64151,10
13.0096702576,80.2269973755,64151,64162,11
13.0100498199,80.2261962891,64162,64172,10
13.0103797913,80.2256011963,64172,64182,10
13.0104598999,80.2253875732,64182,64192,10
13.01060009,80.2251281738,64192,64202,10
13.0107898712,80.2246932983,64202,64212,10
13.0110397339,80.2241363525,64212,64222,10
13.0112495422,80.2237167358,64222,64232,10
13.0114803314,80.2232131958,64232,64242,10
13.0117197037,80.2225418091,64242,64252,10
13.0120401382,80.2217102051,64252,64263,11
13.012339592,80.2214736938,64263,64273,10
13.0125102997,80.2217636108,64273,64283,10
13.0129499435,80.2223434448,64283,64293,10
13.0134801865,80.2229385376,64293,64303,10
13.0139102936,80.2233581543,64303,64313,10
13.0139703751,80.2233963013,64313,64323,10
13.0141000748,80.2235107422,64323,64333,10
13.0143098831,80.2237701416,64333,64343,10
13.0147199631,80.2241897583,64343,64352,9
13.0150604248,80.2246627808,64352,64364,12
13.0155296326,80.2250823975,64364,64394,30
13.0155296326,80.2250823975,64394,64404,10
13.0158596039,80.2253417969,64404,64414,10
13.0163602829,80.2253799438,64414,64424,10
13.0170097351,80.225151062,64424,64434,10
13.0177297592,80.2248535156,64434,64444,10
13.0184402466,80.224571228,64444,64454,10
13.0190896988,80.224357605,64454,64464,10
13.0194501877,80.2244033813,64464,64484,20
13.0194501877,80.2244033813,64484,64496,12
13.019610405,80.2244796753,64496,64506,10
13.0198202133,80.2246322632,64506,64516,10
13.0201997757,80.2249069214,64516,64526,10
13.02064991,80.225227356,64526,64535,9
13.0209798813,80.2255096436,64535,64546,11
13.0214395523,80.2258834839,64546,64556,10
13.0220298767,80.2263336182,64556,64566,10
13.0225095749,80.2267303467,64566,64577,11
13.0230398178,80.2272186279,64577,64587,10
13.0235595703,80.2276992798,64587,64597,10
13.0239095688,80.2280426025,64597,64605,8
13.0239896774,80.2281417847,64605,64617,12
13.0241203308,80.2283172607,64617,64627,10
13.0243997574,80.2286987305,64627,64635,8
13.0246696472,80.2290725708,64635,64647,12
13.0249700546,80.2294464111,64647,64657,10
13.0254096985,80.2300415039,64657,64664,7
13.0257701874,80.23072052,64664,64748,84
13.0257701874,80.23072052,64748,64758,10
13.0258798599,80.231010437,64758,64768,10
13.0259799957,80.2313537598,64768,64777,9
13.0261297226,80.2318496704,64777,64789,12
13.0263900757,80.2326965332,64789,64799,10
13.0267601013,80.2333908081,64799,64809,10
13.0272397995,80.2341918945,64809,64819,10
13.0276699066,80.2349624634,64819,64829,10
13.0282402039,80.2357711792,64829,64839,10
13.0289402008,80.236541748,64839,64849,10
13.029540062,80.237197876,64849,64859,10
13.0296201706,80.2372970581,64859,64869,10
13.029709816,80.237449646,64869,64879,10
13.0299901962,80.2379074097,64879,64890,11
13.0304298401,80.2387237549,64890,64900,10
13.0307703018,80.2392883301,64900,64910,10
13.0309200287,80.2395477295,64910,65001,91
13.0309200287,80.2395477295,65001,65011,10
13.0309696198,80.2396392822,65011,65021,10
13.031129837,80.2398605347,65021,65031,10
13.0311899185,80.2399520874,65031,65041,10
13.0313997269,80.2403182983,65041,65051,10
13.0314903259,80.2408981323,65051,65061,10
13.0317802429,80.2415390015,65061,65071,10
13.032119751,80.2422103882,65071,65081,10
13.0325803757,80.2427597046,65081,65091,10
13.0331096649,80.2434768677,65091,65102,11
13.0336904526,80.2442626953,65102,65112,10
13.0341596603,80.2448806763,65112,65122,10
13.0347003937,80.2455825806,65122,65132,10
13.0352897644,80.24609375,65132,65142,10
13.0357398987,80.2462615967,65142,65152,10
13.0357503891,80.2462692261,65152,65162,10
13.0360097885,80.2464370728,65162,65172,10
13.0365896225,80.2465286255,65172,65182,10
13.0372800827,80.2465362549,65182,65192,10
13.0379400253,80.2465896606,65192,65202,10
13.0386295319,80.2468032837,65202,65233,31
13.0386295319,80.2468032837,65233,65243,10
13.0386800766,80.2469024658,65243,65253,10
13.0389995575,80.2469482422,65253,65263,10
13.0394697189,80.2470397949,65263,65273,10
13.0400104523,80.2471084595,65273,65283,10
13.0406303406,80.2472381592,65283,65293,10
13.0411596298,80.2473297119,65293,65303,10
13.0413503647,80.2473602295,65303,65314,11
13.0418796539,80.2474517822,65314,65324,10
13.0422401428,80.2475509644,65324,65334,10
13.0426702499,80.2478103638,65334,65344,10
13.0430603027,80.2480010986,65344,65354,10
13.0435600281,80.248046875,65354,65364,10
13.0440196991,80.2479400635,65364,65374,10
13.0443201065,80.2480163574,65374,65384,10
13.0448503494,80.2481002808,65384,65394,10
13.0453500748,80.248336792,65394,65404,10
13.0460596085,80.2485580444,65404,65415,11
13.0467195511,80.2485198975,65415,65425,10
13.0468797684,80.2485275269,65425,65435,10
13.0471496582,80.2485580444,65435,65445,10
13.0474901199,80.2488174438,65445,65455,10
13.0479001999,80.2492294312,65455,65465,10
13.0480804443,80.2494125366,65465,65475,10
13.048210144,80.2495727539,65475,65485,10
13.0486402512,80.2497634888,65485,65496,11
13.0492200851,80.2498092651,65496,65505,9
13.0498695374,80.2498931885,65505,65516,11
13.0508203506,80.2500762939,65516,65527,11
13.051659584,80.2504119873,65527,65535,8
13.0521202087,80.2508087158,65535,65547,12
13.0527200699,80.2516098022,65547,65557,10
13.0532197952,80.2522888184,65557,65567,10
13.0536899567,80.2529220581,65567,65577,10
13.0541601181,80.2535400391,65577,65587,10
13.0545396805,80.2540206909,65587,65597,10
13.0548400879,80.2544021606,65597,65607,10
13.0550804138,80.2547607422,65607,65617,10
13.0553503036,80.2551116943,65617,65628,11
13.0555295944,80.2553787231,65628,65638,10
13.055680275,80.255569458,65638,65648,10
13.0558204651,80.2557525635,65648,65658,10
13.056019783,80.2559967041,65658,65668,10
13.056139946,80.2562103271,65668,65678,10
13.0563402176,80.256477356,65678,65688,10
13.0566596985,80.2568511963,65688,65708,20
13.0566596985,80.2568511963,65708,65718,10
13.0569400787,80.2571029663,65718,65728,10
13.0573396683,80.2574615479,65728,65739,11
13.0577802658,80.2578811646,65739,65749,10
13.0580797195,80.2581863403,65749,65759,10
13.0584402084,80.2586517334,65759,65769,10
13.0588197708,80.2590637207,65769,65779,10
13.0590896606,80.2595291138,65779,65789,10
13.059419632,80.2600402832,65789,65799,10
13.059800148,80.2602233887,65799,65809,10
13.059969902,80.2604827881,65809,65819,10
13.0600996017,80.2605895996,65819,65829,10
13.0604000092,80.2609329224,65829,65840,11
13.0605897903,80.2612228394,65840,65850,10
13.060669899,80.2613677979,65850,65860,10
13.060959816,80.2617874146,65860,65870,10
13.061249733,80.2621612549,65870,65880,10
13.0614404678,80.2623596191,65880,65890,10
13.0616703033,80.2626190186,65890,65900,10
13.062040329,80.2630996704,65900,65910,10
13.0625295639,80.263671875,65910,65920,10
13.0629796982,80.2642211914,65920,65930,10
13.0633602142,80.2647628784,65930,65941,11
13.0637598038,80.265296936,65941,65951,10
13.0639200211,80.2654724121,65951,65961,10
13.064040184,80.2657012939,65961,65971,10
13.0643901825,80.26612854,65971,65981,10
13.0646600723,80.2664413452,65981,65991,10
13.0647602081,80.2665863037,65991,66001,10
13.0649204254,80.2667694092,66001,66011,10
13.0651597977,80.2670135498,66011,66021,10
13.0656404495,80.2674026489,66021,66031,10
13.0661201477,80.2680206299,66031,66040,9
13.0663204193,80.2682495117,66040,66052,12
13.0663995743,80.2683334351,66052,66062,10
13.0666704178,80.2685012817,66062,66072,10
13.0670204163,80.268661499,66072,66092,20
13.0670204163,80.268661499,66092,66102,10
13.06731987,80.2688598633,66102,66112,10
13.0677995682,80.2691726685,66112,66122,10
13.0682096481,80.2693862915,66122,66132,10
13.0683603287,80.2691574097,66132,66142,10
13.068479538,80.2686309814,66142,66153,11
13.0687599182,80.2679519653,66153,66163,10
13.0690402985,80.267288208,66163,66173,10
13.0693397522,80.2669830322,66173,66183,10
13.0696201324,80.2666320801,66183,66193,10
13.0699501038,80.2661972046,66193,66203,10
13.0703496933,80.2658920288,66203,66213,10
13.070400238,80.265838623,66213,66223,10
13.0706596375,80.2655105591,66223,66233,10
13.0708999634,80.2652816772,66233,66243,10
13.071149826,80.2650299072,66243,66253,10
13.0714998245,80.2647323608,66253,66264,11
13.0718002319,80.2643432617,66264,66274,10
13.0720396042,80.2640228271,66274,66284,10
13.0723199844,80.2635803223,66284,66294,10
13.0725297928,80.2630615234,66294,66304,10
13.0727596283,80.262512207,66304,66314,10
13.072930336,80.262008667,66314,66324,10
13.0729598999,80.2619400024,66324,66334,10
13.0730600357,80.2615203857,66334,66344,10
13.0730800629,80.2608413696,66344,66365,21
13.0730800629,80.2608413696,66365,66375,10
13.0733203888,80.2606277466,66375,66385,10
13.0734395981,80.2603607178,66385,66395,10
13.0735197067,80.2601470947,66395,66405,10
13.0736198425,80.2599182129,66405,66415,10
13.0738201141,80.2596664429,66415,66425,10
13.0740003586,80.2594070435,66425,66435,10
13.0741596222,80.259262085,66435,66455,20
13.0741596222,80.259262085,66455,66466,11
13.0744600296,80.2590179443,66466,66476,10
13.0746498108,80.2588577271,66476,66486,10
13.0746803284,80.2588195801,66486,66496,10
13.0748596191,80.258682251,66496,66506,10
13.0750703812,80.2584991455,66506,66516,10
13.0754899979,80.2581863403,66516,66536,20
13.0754899979,80.2581863403,66536,66546,10
13.0756597519,80.2581100464,66546,66556,10
13.0760097504,80.2578201294,66556,66566,10
13.0764198303,80.2574234009,66566,66577,11
13.0769100189,80.257019043,66577,66587,10
13.0774803162,80.2567977905,66587,66597,10
13.078040123,80.2567214966,66597,66607,10
13.0785198212,80.256690979,66607,66617,10
13.0787296295,80.2566833496,66617,66627,10
13.078909874,80.2566223145,66627,66637,10
13.0790300369,80.2562103271,66637,66647,10
13.0789499283,80.2553787231,66647,66657,10
13.078909874,80.2548828125,66657,66698,41
13.078909874,80.2548828125,66698,66707,9
13.0789699554,80.2547073364,66707,66718,11
13.0792503357,80.2546081543,66718,66728,10
13.0796403885,80.2546386719,66728,66738,10
13.0797300339,80.2546691895,66738,66748,10
13.0798501968,80.254737854,66748,66758,10
13.0798597336,80.254737854,66758,66768,10
13.0799798965,80.2547683716,66768,66779,11
13.0802001953,80.2548217773,66779,66789,10
13.0806102753,80.2548675537,66789,66799,10
13.0812301636,80.2549285889,66799,66809,10
13.081580162,80.2548828125,66809,66819,10
13.0817804337,80.25440979,66819,66829,10
13.0818395615,80.2539672852,66829,66839,10
13.0818195343,80.2534713745,66839,66849,10
13.0817499161,80.2529678345,66849,66859,10
13.0813903809,80.2524337769,66859,66869,10
13.0813398361,80.2518310547,66869,66879,10
13.081319809,80.2512588501,66879,66890,11
13.0813302994,80.2509384155,66890,66900,10
13.081319809,80.2507019043,66900,66910,10
13.081319809,80.2504425049,66910,66920,10
13.0813302994,80.2502365112,66920,66930,10
13.0812797546,80.2499923706,66930,66940,10
13.0813102722,80.2498016357,66940,66950,10
13.0814599991,80.2496795654,66950,66960,10
13.0817499161,80.2497329712,66960,66970,10
13.0820798874,80.2497787476,66970,66980,10
13.0823097229,80.2498321533,66980,66991,11
13.0824899673,80.2498474121,66991,67001,10
13.0827798843,80.2498931885,67001,67011,10
13.0831203461,80.2499389648,67011,67091,80
13.0834798813,80.25,67091,67122,31
13.0834798813,80.25,67122,67132,10
13.0837602615,80.2500915527,67132,67142,10
13.0840702057,80.2501525879,67142,67152,10
13.0846395493,80.25025177,67152,67172,20
13.0846395493,80.25025177,67172,67182,10
13.0849504471,80.250328064,67182,67191,9
13.0853204727,80.2503967285,67191,67203,12
13.0857000351,80.2504425049,67203,67213,10
13.0858697891,80.2503433228,67213,67222,9
13.085849762,80.2499008179,67222,67233,11
13.0858201981,80.2490692139,67233,67243,10
13.0857896805,80.2484436035,67243,67253,10
13.0857801437,80.2477035522,67253,67263,10
13.0857896805,80.2470092773,67263,67273,10
13.0857400894,80.2468490601,67273,67283,10
13.0857095718,80.2466201782,67283,67293,10
13.0857000351,80.2462310791,67293,67303,10
13.0856895447,80.2460098267,67303,67314,11
13.085650444,80.2456130981,67314,67324,10
13.0856800079,80.245300293,67324,67334,10
13.0858201981,80.2451782227,67334,67344,10
13.0860500336,80.2449874878,67344,67354,10
13.0864896774,80.2446365356,67354,67364,10
13.0869598389,80.2442321777,67364,67374,10
13.0873298645,80.2439193726,67374,67384,10
13.0876502991,80.243598938,67384,67392,8
13.0877504349,80.2434310913,67392,67404,12
13.087849617,80.2430419922,67404,67415,11
13.0879602432,80.2424621582,67415,67425,10
13.0882101059,80.2421112061,67425,67435,10
13.0885295868,80.2418670654,67435,67445,10
13.0888900757,80.2416305542,67445,67455,10
13.0891895294,80.2414169312,67455,67465,10
13.0894804001,80.2412185669,67465,67475,10
13.0898895264,80.2410125732,67475,67485,10
13.0905599594,80.2409133911,67485,67495,10
13.0913600922,80.2409362793,67495,67505,10
13.0920095444,80.2409820557,67505,67516,11
13.0925302505,80.2410125732,67516,67526,10
13.0929002762,80.241027832,67526,67536,10
13.0932397842,80.2410888672,67536,67586,50
13.0933904648,80.2411422729,67586,67606,20
13.0933904648,80.2411422729,67606,67617,11
13.0936498642,80.2411727905,67617,67648,31
13.0936498642,80.2411727905,67648,67658,10
13.094039917,80.2412414551,67658,67688,30
13.0943002701,80.2412872314,67688,67708,20
13.0943002701,80.2412872314,67708,67717,9
13.0945396423,80.241317749,67717,67729,12
13.0948600769,80.2414016724,67729,67739,10
13.0951299667,80.2414627075,67739,67749,10
13.095410347,80.2415237427,67749,67759,10
13.0956201553,80.2416229248,67759,67769,10
13.0959300995,80.2417526245,67769,67779,10
13.0965204239,80.2419586182,67779,67789,10
13.0971498489,80.2421417236,67789,67799,10
13.0975399017,80.2422332764,67799,67818,19
13.0975399017,80.2422332764,67818,67830,12
13.0979003906,80.2423477173,67830,67840,10
13.0981502533,80.2423934937,67840,67850,10
13.0984697342,80.242401123,67850,67880,30
13.0984697342,80.242401123,67880,67890,10
13.098690033,80.2423629761,67890,67900,10
13.0987195969,80.2421264648,67900,67910,10
13.0986099243,80.2419128418,67910,67920,10
13.0983800888,80.2419204712,67920,67930,10
13.0983896255,80.2421112061,67930,68112,182
13.0983896255,80.2421112061,68112,68122,10
13.098279953,80.2424697876,68122,68132,10
13.0982704163,80.2424697876,68132,68143,11
13.0976600647,80.2423019409,68143,68243,100
13.0976600647,80.2423019409,68243,68254,11
13.0972795486,80.2421722412,68254,68264,10
13.0969896317,80.2420806885,68264,68274,10
13.0965299606,80.2419433594,68274,68284,10
13.0959997177,80.2417602539,68284,68294,10
13.0955495834,80.2415924072,68294,68304,10
13.0951700211,80.2414398193,68304,68314,10
13.0949602127,80.2414016724,68314,68324,10
13.0946397781,80.2413330078,68324,68334,10
13.0942802429,80.2412567139,68334,68344,10
13.0937299728,80.2411499023,68344,68355,11
13.0936498642,80.2411422729,68355,68365,10
13.0934801102,80.2411117554,68365,68375,10
13.0930204391,80.2410583496,68375,68385,10
13.0924701691,80.2409973145,68385,68395,10
13.0920095444,80.2409515381,68395,68405,10
13.0913896561,80.2409286499,68405,68415,10
13.0905799866,80.2409133911,68415,68425,10
13.0898199081,80.2410202026,68425,68435,10
13.0892295837,80.2413635254,68435,68444,9
13.0887203217,80.2417297363,68444,68455,11
13.0880899429,80.2422180176,68455,68466,11
13.087849617,80.2429733276,68466,68476,10
13.0877799988,80.243309021,68476,68486,10
13.0876102448,80.2436523438,68486,68496,10
13.0873003006,80.2439498901,68496,68506,10
13.0868797302,80.2443008423,68506,68516,10
13.0863895416,80.2446899414,68516,68526,10
13.0859298706,80.2450714111,68526,68535,9
13.0856304169,80.2453384399,68535,68546,11
13.0855798721,80.2457199097,68546,68556,10
13.0856800079,80.2468109131,68556,68577,21
13.0856800079,80.2468109131,68577,68587,10
13.0856800079,80.2470016479,68587,68597,10
13.0856895447,80.2472686768,68597,68607,10
13.0857400894,80.247833252,68607,68617,10
13.0857601166,80.2485961914,68617,68627,10
13.0858097076,80.2493972778,68627,68637,10
13.0858602524,80.2499923706,68637,68647,10
13.0858697891,80.2500305176,68647,68657,10
13.0858602524,80.2501983643,68657,68668,11
13.0858602524,80.2504806519,68668,68678,10
13.0857801437,80.2507476807,68678,68688,10
13.0857200623,80.2511291504,68688,68698,10
13.0856895447,80.2515182495,68698,68708,10
13.0856704712,80.2517471313,68708,68718,10
13.0856704712,80.2517623901,68718,68728,10
13.0856399536,80.2519226074,68728,68738,10
13.0856103897,80.252166748,68738,68747,9
13.0855703354,80.2525405884,68747,68758,11
13.0855302811,80.2529907227,68758,68768,10
13.0855197906,80.2532730103,68768,68779,11
13.0855102539,80.2536773682,68779,68789,10
13.085559845,80.2542037964,68789,68799,10
13.0855398178,80.2547073364,68799,68809,10
13.085269928,80.2547683716,68809,68819,10
13.0846500397,80.254699707,68819,68829,10
13.0839595795,80.2546081543,68829,68849,20
13.0839595795,80.2546081543,68849,68859,10
13.0838403702,80.2545700073,68859,68869,10
13.0834503174,80.2545394897,68869,68880,11
13.082859993,80.2545318604,68880,68890,10
13.0824403763,80.2545166016,68890,68900,10
13.0820198059,80.2546234131,68900,68910,10
13.0815601349,80.2548599243,68910,68920,10
13.0812196732,80.2548904419,68920,68930,10
13.0807199478,80.2548294067,68930,68940,10
13.0802698135,80.2547302246,68940,68950,10
13.0798301697,80.2546920776,68950,68960,10
13.0792503357,80.2546463013,68960,68980,20
13.0792503357,80.2546463013,68980,68991,11
13.0789403915,80.2546615601,68991,69001,10
13.0788698196,80.2548828125,69001,69011,10
13.0789299011,80.2555007935,69011,69021,10
13.079000473,80.2562103271,69021,69061,40
13.079000473,80.2562103271,69061,69071,10
13.0790195465,80.2565383911,69071,69081,10
13.0787801743,80.2566986084,69081,69092,11
13.0784101486,80.2567062378,69092,69102,10
13.0781002045,80.2567214966,69102,69112,10
13.0776100159,80.2567672729,69112,69122,10
13.0770797729,80.2569274902,69122,69132,10
13.07654953,80.2572784424,69132,69142,10
13.0760498047,80.2577590942,69142,69152,10
13.0755500793,80.2581787109,69152,69162,10
13.0754804611,80.2585296631,69162,69172,10
13.0756101608,80.2590484619,69172,69182,10
13.0759096146,80.2596130371,69182,69193,11
13.0764198303,80.2600784302,69193,69203,10
13.0768098831,80.2604675293,69203,69213,10
13.077170372,80.2609100342,69213,69223,10
13.0774002075,80.2613677979,69223,69233,10
13.0775604248,80.2617492676,69233,69243,10
13.0776996613,80.2620391846,69243,69283,40
13.0776996613,80.2620391846,69283,69293,10
13.077750206,80.2621231079,69293,69304,11
13.0778303146,80.2623596191,69304,69314,10
13.0778903961,80.2626495361,69314,69324,10
13.07791996,80.2628097534,69324,69334,10
13.0780096054,80.2630996704,69334,69344,10
13.0782003403,80.263381958,69344,69354,10
13.0780601501,80.2636032104,69354,69364,10
13.0777196884,80.2638168335,69364,69374,10
13.0773296356,80.2640609741,69374,69384,10
13.0769100189,80.2641601563,69384,69394,10
13.0763101578,80.2642288208,69394,69405,11
13.0756902695,80.2642288208,69405,69415,10
13.0753898621,80.2638168335,69415,69425,10
13.0749998093,80.2633514404,69425,69435,10
13.0746803284,80.2629089355,69435,69445,10
13.0744800568,80.2626800537,69445,69455,10
13.0740804672,80.2622375488,69455,69465,10
13.0736503601,80.2617034912,69465,69485,20
13.0736503601,80.2617034912,69485,69495,10
13.0733995438,80.2614822388,69495,69506,11
13.0730304718,80.2615966797,69506,69516,10
13.0728302002,80.2621383667,69516,69526,10
13.0726804733,80.2626266479,69526,69536,10
13.072520256,80.263092041,69536,69546,10
13.0723600388,80.2635269165,69546,69556,10
13.0721902847,80.2639007568,69556,69566,10
13.0719203949,80.264289856,69566,69576,10
13.071559906,80.2646865845,69576,69586,10
13.0714902878,80.2647476196,69586,69596,10
13.0712995529,80.2649002075,69596,69606,10
13.0710401535,80.2651367188,69606,69617,11
13.0708398819,80.26537323,69617,69627,10
13.0705299377,80.2656936646,69627,69637,10
13.0703401566,80.2658996582,69637,69647,10
13.070110321,80.26612854,69647,69657,10
13.0698604584,80.2663803101,69657,69667,10
13.0696601868,80.2666015625,69667,69677,10
13.0694198608,80.2668380737,69677,69687,10
13.0691795349,80.2670822144,69687,69697,10
13.0689296722,80.2674713135,69697,69707,10
13.0687303543,80.2680130005,69707,69718,11
13.0685997009,80.268409729,69718,69728,10
13.0684995651,80.268737793,69728,69738,10
13.0683803558,80.2691497803,69738,69748,10
13.0683002472,80.26953125,69748,69758,10
13.0682296753,80.2698287964,69758,69768,10
13.0681600571,80.2703933716,69768,69778,10
13.0680999756,80.2709121704,69778,69788,10
13.0678501129,80.2711334229,69788,69798,10
13.0676002502,80.2709121704,69798,69808,10
13.0671596527,80.2704620361,69808,69819,11
13.0671195984,80.2704315186,69819,69829,10
13.0669803619,80.2703170776,69829,69839,10
13.0666599274,80.2699890137,69839,69849,10
13.0664997101,80.2696228027,69849,69859,10
13.0664396286,80.2693328857,69859,69869,10
13.0663900375,80.2688369751,69869,69879,10
13.0662097931,80.2683868408,69879,69889,10
13.0658502579,80.2679367065,69889,69899,10
13.0652399063,80.2677230835,69899,69919,20
13.0652399063,80.2677230835,69919,69930,11
13.064909935,80.2676620483,69930,69940,10
13.0644397736,80.267578125,69940,69950,10
13.0638198853,80.2674407959,69950,69960,10
13.0631599426,80.2673416138,69960,69970,10
13.0627098083,80.2672195435,69970,69980,10
13.0622997284,80.2667388916,69980,69990,10
13.0618495941,80.2661895752,69990,70000,10
13.0613899231,80.2656478882,70000,70010,10
13.0609197617,80.2653198242,70010,70020,10
13.0605297089,80.2654724121,70020,70031,11
13.0605096817,80.2654800415,70031,70041,10
13.0603199005,80.2655410767,70041,70051,10
13.0598802567,80.2656784058,70051,70061,10
13.0593900681,80.2656707764,70061,70071,10
13.0590000153,80.2655563354,70071,70081,10
13.0587596893,80.2654876709,70081,70091,10
13.0585403442,80.2654266357,70091,70101,10
13.0582103729,80.2653198242,70101,70111,10
13.0579996109,80.2649307251,70111,70121,10
13.057970047,80.2644729614,70121,70132,11
13.0579099655,80.2639923096,70132,70142,10
13.0578403473,80.2634429932,70142,70152,10
13.0577898026,80.2628173828,70152,70162,10
13.0577001572,80.2622528076,70162,70172,10
13.0575895309,80.2616271973,70172,70182,10
13.057510376,80.2610931396,70182,70192,10
13.0572900772,80.2603378296,70192,70202,10
13.0570497513,80.2596588135,70202,70212,10
13.0568599701,80.258972168,70212,70222,10
13.0566997528,80.2583465576,70222,70232,10
13.0566101074,80.2580184937,70232,70243,11
13.0565004349,80.2574768066,70243,70283,40
13.0565004349,80.2574768066,70283,70293,10
13.056429863,80.2572097778,70293,70303,10
13.0563697815,80.2568817139,70303,70313,10
13.0562896729,80.2565536499,70313,70323,10
13.0560398102,80.256187439,70323,70333,10
13.0557098389,80.2557373047,70333,70344,11
13.0552396774,80.2550964355,70344,70354,10
13.0547399521,80.254447937,70354,70364,10
13.0542898178,80.2538604736,70364,70374,10
13.0540504456,80.2535629272,70374,70384,10
13.0539999008,80.2535018921,70384,70394,10
13.0538101196,80.2532424927,70394,70404,10
13.0535802841,80.2529067993,70404,70414,10
13.0532598495,80.2524490356,70414,70424,10
13.0529098511,80.2519607544,70424,70434,10
13.0525798798,80.2515106201,70434,70444,10
13.0522298813,80.2510528564,70444,70455,11
13.0517196655,80.2505111694,70455,70465,10
13.0510501862,80.2501831055,70465,70475,10
13.050330162,80.2500076294,70475,70485,10
13.0496902466,80.2499237061,70485,70495,10
13.0493001938,80.2499084473,70495,70505,10
13.0492401123,80.2499008179,70505,70515,10
13.0490703583,80.2499008179,70515,70525,10
13.0488004684,80.2498703003,70525,70545,20
13.0488004684,80.2498703003,70545,70556,11
13.048500061,80.2497329712,70556,70566,10
13.0483503342,80.2496566772,70566,70576,10
13.0481395721,80.2495574951,70576,70586,10
13.04804039,80.2494735718,70586,70596,10
13.0478401184,80.2492523193,70596,70606,10
13.0475301743,80.2490081787,70606,70616,10
13.047369957,80.2488632202,70616,70717,101
13.047369957,80.2488632202,70717,70727,10
13.0469503403,80.2487564087,70727,70737,10
13.0467300415,80.2487106323,70737,70747,10
13.0465402603,80.2486877441,70747,70757,10
13.0463199615,80.2486495972,70757,70768,11
13.0460596085,80.2485733032,70768,70778,10
13.0458803177,80.2484970093,70778,70788,10
13.0456695557,80.2484283447,70788,70798,10
13.0455102921,80.2483825684,70798,70808,10
13.0453596115,80.2483062744,70808,70818,10
13.0452003479,80.248260498,70818,70828,10
13.0449695587,80.2481994629,70828,70838,10
13.0446395874,80.2481384277,70838,70848,10
13.0443696976,80.2481002808,70848,70857,9
13.0441703796,80.2480773926,70857,70869,12
13.0439596176,80.2480392456,70869,70879,10
13.0439300537,80.2480392456,70879,70889,10
13.0435695648,80.2479629517,70889,70899,10
13.0432596207,80.2478790283,70899,70909,10
13.0429000854,80.2478103638,70909,70919,10
13.0423898697,80.247718811,70919,70929,10
13.0414896011,80.247543335,70929,70959,30
13.0414896011,80.247543335,70959,70970,11
13.0412902832,80.2474822998,70970,70980,10
13.0409202576,80.2473983765,70980,70990,10
13.0402002335,80.2472915649,70990,71010,20
13.0402002335,80.2472915649,71010,71020,10
13.0400600433,80.2472763062,71020,71030,10
13.0396995544,80.2472000122,71030,71040,10
13.0393800735,80.2470703125,71040,71050,10
13.0390501022,80.2470016479,71050,71060,10
13.0386800766,80.2469024658,71060,71071,11
13.0383396149,80.2468185425,71071,71081,10
13.0381498337,80.2468109131,71081,71091,10
13.0378704071,80.2467727661,71091,71101,10
13.0374002457,80.2466964722,71101,71111,10
13.0369195938,80.2466125488,71111,71121,10
13.0363998413,80.2465362549,71121,71131,10
13.0359096527,80.2464294434,71131,71141,10
13.0355396271,80.2462768555,71141,71151,10
13.0351200104,80.2460632324,71151,71171,20
13.0351200104,80.2460632324,71171,71182,11
13.0348501205,80.2459182739,71182,71192,10
13.0347204208,80.2456893921,71192,71202,10
13.0345897675,80.2455215454,71202,71212,10
13.0342798233,80.2451629639,71212,71222,10
13.0339403152,80.2447433472,71222,71232,10
13.0335903168,80.2442932129,71232,71242,10
13.0330896378,80.2436294556,71242,71252,10
13.0326595306,80.2430725098,71252,71262,10
13.0324401855,80.242767334,71262,71271,9
13.0324001312,80.2427062988,71271,71282,11
13.0322198868,80.2424621582,71282,71414,132
13.0322198868,80.2424621582,71414,71424,10
13.031920433,80.2421569824,71424,71434,10
13.0317897797,80.241859436,71434,71444,10
13.0316896439,80.2415771484,71444,71454,10
13.0315303802,80.2412033081,71454,71464,10
13.03125,80.2405471802,71464,71474,10
13.0309896469,80.2399673462,71474,71484,10
13.0306997299,80.2393798828,71484,71495,11
13.0302600861,80.238609314,71495,71505,10
13.0298204422,80.2378768921,71505,71515,10
13.0293798447,80.2372283936,71515,71525,10
13.0290803909,80.2369003296,71525,71535,10
13.0290803909,80.2368774414,71535,71545,10
13.0288600922,80.2366333008,71545,71555,10
13.028429985,80.2361679077,71555,71565,10
13.0278902054,80.2355422974,71565,71575,10
13.0274400711,80.2347793579,71575,71585,10
13.0270700455,80.2341690063,71585,71596,11
13.0268802643,80.2338790894,71596,71626,30
13.0268802643,80.2338790894,71626,71636,10
13.026720047,80.2335662842,71636,71646,10
13.0264596939,80.2331466675,71646,71656,10
13.0262098312,80.2325973511,71656,71666,10
13.0261201859,80.2322616577,71666,71676,10
13.0261001587,80.2321624756,71676,71686,10
13.0260295868,80.2318878174,71686,71696,10
13.0259199142,80.2314224243,71696,71707,11
13.0256700516,80.2306518555,71707,71717,10
13.0253095627,80.2300796509,71717,71727,10
13.0251398087,80.2298583984,71727,71737,10
13.0250396729,80.2297210693,71737,71747,10
13.0249204636,80.2295684814,71747,71757,10
13.024720192,80.2293167114,71757,71838,81
13.024720192,80.2293167114,71838,71848,10
13.0246496201,80.2292098999,71848,71858,10
13.0244598389,80.2289581299,71858,71868,10
13.024189949,80.2285919189,71868,71878,10
13.0239200592,80.2283096313,71878,71909,31
13.0239200592,80.2283096313,71909,71919,10
13.0239095688,80.2282791138,71919,71929,10
13.0236902237,80.2279968262,71929,71939,10
13.023440361,80.2277603149,71939,71949,10
13.0231704712,80.2274780273,71949,71959,10
13.0227499008,80.2270507813,71959,71969,10
13.0221996307,80.2265625,71969,71979,10
13.02161026,80.2260665894,71979,71989,10
13.0211400986,80.2257003784,71989,71999,10
13.0205802917,80.2252578735,71999,72009,10
13.0200395584,80.2249221802,72009,72020,11
13.0197696686,80.2247314453,72020,72030,10
13.0192899704,80.2245101929,72030,72040,10
13.018699646,80.2245330811,72040,72050,10
13.0180797577,80.2247695923,72050,72060,10
13.0173301697,80.2250976563,72060,72070,10
13.0166597366,80.2253799438,72070,72080,10
13.0160799026,80.2255783081,72080,72090,10
13.0155096054,80.2257766724,72090,72100,10
13.0149497986,80.2259979248,72100,72110,10
13.0144996643,80.2261810303,72110,72121,11
13.0142097473,80.2263183594,72121,72131,10
13.0141601563,80.2263336182,72131,72141,10
13.0137901306,80.2264785767,72141,72151,10
13.0132198334,80.2266998291,72151,72161,10
13.0125198364,80.2269821167,72161,72171,10
13.0118398666,80.2272415161,72171,72181,10
13.0110902786,80.2275314331,72181,72191,10
13.0103597641,80.2278137207,72191,72201,10
13.0097198486,80.2280731201,72201,72211,10
13.0091495514,80.2284393311,72211,72222,11
13.008939743,80.229347229,72222,72232,10
13.0087499619,80.2302932739,72232,72242,10
13.0085697174,80.2311630249,72242,72252,10
13.0083799362,80.2321395874,72252,72262,10
13.0082197189,80.2330627441,72262,72272,10
13.0081796646,80.2335510254,72272,72282,10
13.0081501007,80.2336273193,72282,72292,10
13.0080499649,80.2339782715,72292,72302,10
13.0079097748,80.2345809937,72302,72312,10
13.0077600479,80.2352981567,72312,72322,10
13.0075902939,80.2361831665,72322,72333,11
13.007399559,80.2372207642,72333,72343,10
13.0072498322,80.2379684448,72343,72353,10
13.0071201324,80.2386322021,72353,72363,10
13.0069999695,80.2393722534,72363,72464,101
13.0069999695,80.2393722534,72464,72474,10
13.0069904327,80.2396011353,72474,72484,10
13.0068302155,80.2401504517,72484,72535,51
13.0068302155,80.2401504517,72535,72545,10
13.0068502426,80.2404098511,72545,72555,10
13.0067996979,80.2407989502,72555,72565,10
13.0067796707,80.2409133911,72565,72575,10
13.0066995621,80.2412872314,72575,72585,10
13.0066795349,80.2420196533,72585,72595,10
13.0066699982,80.2427368164,72595,72605,10
13.0066404343,80.2433166504,72605,72615,10
13.0066099167,80.2440109253,72615,72625,10
13.0066099167,80.2448577881,72625,72635,10
13.0066299438,80.2456817627,72635,72646,11
13.006649971,80.2465820313,72646,72656,10
13.0066699982,80.2473526001,72656,72666,10
13.0066604614,80.2481536865,72666,72676,10
13.0066900253,80.2489624023,72676,72686,10
13.0067195892,80.2497329712,72686,72696,10
13.0067300797,80.2505874634,72696,72706,10
13.0067501068,80.251121521,72706,72736,30
13.0067501068,80.251121521,72736,72747,11
13.0067300797,80.2514266968,72747,72757,10
13.0066604614,80.251739502,72757,72767,10
13.0065202713,80.2523269653,72767,72777,10
13.006480217,80.2529678345,72777,72787,10
13.0064897537,80.2536392212,72787,72797,10
13.0065002441,80.2543716431,72797,72807,10
13.0065402985,80.2547302246,72807,72817,10
13.0065402985,80.2548065186,72817,72827,10
13.0065202713,80.2548370361,72827,72837,10
13.006529808,80.2552871704,72837,72847,10
13.006529808,80.2559204102,72847,72858,11
13.006529808,80.2565612793,72858,72868,10
13.0065803528,80.2571182251,72868,72918,50
13.0065803528,80.2571182251,72918,72928,10
13.0065498352,80.2572174072,72928,72938,10
13.0065097809,80.2574768066,72938,72947,9
13.0063199997,80.2575683594,72947,72959,12
13.005979538,80.2574691772,72959,72969,10
13.0054998398,80.2573699951,72969,72979,10
13.0050001144,80.2572631836,72979,72989,10
13.0043802261,80.2571334839,72989,72999,10
13.0037698746,80.2570114136,72999,73009,10
13.0031795502,80.2568969727,73009,73019,10
13.002579689,80.2567825317,73019,73029,10
13.0021800995,80.2566986084,73029,73039,10
13.0019598007,80.256652832,73039,73060,21
13.0019598007,80.256652832,73060,73070,10
13.0018701553,80.2566375732,73070,73080,10
13.001540184,80.2565917969,73080,73090,10
13.0010004044,80.2565231323,73090,73100,10
13.0003900528,80.2564163208,73100,73110,10
12.9998397827,80.2563171387,73110,73120,10
12.9993400574,80.2562179565,73120,73130,10
12.9988698959,80.2561264038,73130,73140,10
12.9985399246,80.256072998,73140,73160,20
12.9985399246,80.256072998,73160,73171,11
12.9983596802,80.2559890747,73171,73181,10
12.9982595444,80.2559814453,73181,73191,10
12.998049736,80.2559585571,73191,73201,10
12.9976301193,80.2559280396,73201,73211,10
12.9970397949,80.2559204102,73211,73272,61
12.9970397949,80.2559204102,73272,73282,10
12.9967498779,80.2558670044,73282,73292,10
12.996430397,80.2558822632,73292,73302,10
12.995880127,80.2558898926,73302,73312,10
12.995639801,80.2558898926,73312,73322,10
12.9955396652,80.2558898926,73322,73332,10
12.9951095581,80.255897522,73332,73342,10
12.9945402145,80.2559280396,73342,73352,10
12.9939603806,80.2559890747,73352,73361,9
12.9932899475,80.2560272217,73361,73373,12
12.9922800064,80.256072998,73373,73383,10
12.9915599823,80.2560501099,73383,73393,10
12.990819931,80.2560424805,73393,73403,10
12.9900598526,80.2560119629,73403,73413,10
12.9893198013,80.2559890747,73413,73423,10
12.9886903763,80.2559585571,73423,73433,10
12.9885597229,80.2559509277,73433,73443,10
12.9885396957,80.2559204102,73443,73453,10
12.9880895615,80.2558517456,73453,73625,172
12.9880895615,80.2558517456,73625,73635,10
12.9877195358,80.2559127808,73635,73645,10
12.9875402451,80.256072998,73645,73655,10
12.9875202179,80.2565231323,73655,73665,10
12.987449646,80.2572021484,73665,73675,10
12.9873800278,80.2579269409,73675,73686,11
12.9873304367,80.2585372925,73686,73696,10
12.987279892,80.2589874268,73696,73706,10
12.987279892,80.259147644,73706,73716,10
12.9871702194,80.2595291138,73716,73766,50
12.9870996475,80.2596206665,73766,73786,20
12.9870996475,80.2596206665,73786,73797,11
12.9867601395,80.2595367432,73797,73807,10
12.9865999222,80.2593612671,73807,73817,10
12.9865999222,80.2591094971,73817,73827,10
12.9868001938,80.2591018677,73827,73887,60
12.9871702194,80.2591400146,73887,74392,505
12.9871702194,80.2591400146,74392,74402,10
12.9873399734,80.2590484619,74402,74412,10
12.9873600006,80.2588119507,74412,74423,11
12.9873800278,80.2585601807,74423,74433,10
12.9874095917,80.2582778931,74433,74443,10
12.9874296188,80.257850647,74443,74453,10
12.9874601364,80.2574462891,74453,74463,10
12.9875001907,80.2570495605,74463,74493,30
12.9875001907,80.2570495605,74493,74503,10
12.9875097275,80.2567672729,74503,74513,10
12.9875497818,80.2564163208,74513,74523,10
12.987569809,80.256072998,74523,74534,11
12.9876203537,80.2558517456,74534,74544,10
12.9876298904,80.2558288574,74544,74554,10
12.987830162,80.2557983398,74554,74564,10
12.9881496429,80.2558288574,74564,74584,20
12.9881496429,80.2558288574,74584,74594,10
12.9884195328,80.2558670044,74594,74604,10
12.9887199402,80.2559127808,74604,74614,10
12.9891300201,80.2559814453,74614,74624,10
12.989780426,80.2560195923,74624,74635,11
12.9903001785,80.2560272217,74635,74645,10
12.9906797409,80.2560272217,74645,74655,10
12.9912996292,80.2560806274,74655,74665,10
12.9920396805,80.256111145,74665,74675,10
12.9927501678,80.2560882568,74675,74685,10
12.9933900833,80.2560272217,74685,74695,10
12.9940595627,80.2559967041,74695,74705,10
12.9947299957,80.2559509277,74705,74715,10
12.9954795837,80.2559280396,74715,74725,10
12.9965295792,80.255897522,74725,74766,41
12.9965295792,80.255897522,74766,74776,10
12.9968795776,80.255897522,74776,74786,10
12.9971504211,80.255897522,74786,74796,10
12.9974899292,80.2559204102,74796,74806,10
12.9978599548,80.2559585571,74806,74816,10
12.9983701706,80.2560119629,74816,74826,10
12.9987602234,80.2560501099,74826,74836,10
12.998840332,80.256072998,74836,74847,11
12.9991798401,80.256149292,74847,74907,60
12.9991798401,80.256149292,74907,74917,10
12.9995298386,80.2562179565,74917,74927,10
13.0000801086,80.2563171387,74927,74937,10
13.00096035,80.2564620972,74937,74968,31
13.00096035,80.2564620972,74968,74978,10
13.0010204315,80.2564697266,74978,74988,10
13.0013999939,80.2565536499,74988,74998,10
13.0019397736,80.2566299438,74998,75008,10
13.0025596619,80.2567367554,75008,75018,10
13.0031795502,80.2568664551,75018,75028,10
13.0037202835,80.2569732666,75028,75038,10
13.0043001175,80.2570724487,75038,75048,10
13.0047998428,80.2571563721,75048,75059,11
13.0055198669,80.2573013306,75059,75069,10
13.0061197281,80.2574005127,75069,75079,10
13.006480217,80.2573165894,75079,75089,10
13.0064401627,80.2569122314,75089,75099,10
13.0064401627,80.2562637329,75099,75109,10
13.0064496994,80.2555389404,75109,75119,10
13.0065002441,80.2549133301,75119,75129,10
13.0064697266,80.2543792725,75129,75139,10
13.0064697266,80.2541122437,75139,75148,9
13.0064697266,80.2537078857,75148,75160,12
13.0064697266,80.253288269,75160,75170,10
13.006480217,80.2531814575,75170,75180,10
13.0064897537,80.2526779175,75180,75190,10
13.0066099167,80.2519836426,75190,75200,10
13.0067501068,80.2511520386,75200,75210,10
13.0067300797,80.250289917,75210,75220,10
13.0066995621,80.249458313,75220,75230,10
13.0066299438,80.2486877441,75230,75240,10
13.0065803528,80.2480926514,75240,75250,10
13.0065898895,80.2475128174,75250,75331,81
13.0065898895,80.2475128174,75331,75341,10
13.0066404343,80.2473678589,75341,75351,10
13.0066204071,80.2468719482,75351,75361,10
13.0065603256,80.24659729,75361,75381,20
13.0065603256,80.24659729,75381,75393,12
13.0066204071,80.2460403442,75393,75403,10
13.0065898895,80.2453918457,75403,75413,10
13.0065803528,80.2447814941,75413,75423,10
13.0065698624,80.2442321777,75423,75433,10
13.0065803528,80.2437820435,75433,75443,10
13.0065603256,80.2431793213,75443,75453,10
13.0065402985,80.2425918579,75453,75462,9
13.0065202713,80.2419586182,75462,75474,12
13.0065803528,80.2410888672,75474,75484,10
13.0066299438,80.2406234741,75484,75524,40
13.0066299438,80.2406234741,75524,75534,10
13.0066900253,80.2402114868,75534,75544,10
13.006819725,80.239616394,75544,75554,10
13.0069799423,80.238899231,75554,75564,10
13.007109642,80.2382202148,75564,75575,11
13.0072698593,80.2375564575,75575,75585,10
13.0073604584,80.2370529175,75585,75595,10
13.007349968,80.2369995117,75595,75605,10
13.0073795319,80.2368469238,75605,75615,10
13.0074901581,80.2365036011,75615,75625,10
13.007610321,80.2359619141,75625,75635,10
13.0077400208,80.2352981567,75635,75645,10
13.0078802109,80.2345275879,75645,75655,10
13.0080499649,80.2336883545,75655,75665,10
13.0082397461,80.2327423096,75665,75675,10
13.0084199905,80.2317733765,75675,75686,11
13.008600235,80.2307662964,75686,75696,10
13.0087795258,80.229888916,75696,75706,10
13.0089502335,80.2290725708,75706,75716,10
13.0091199875,80.2283172607,75716,75726,10
13.0094003677,80.2276382446,75726,75736,10
13.0097398758,80.2268829346,75736,75746,10
13.0100803375,80.2261505127,75746,75756,10
13.0103902817,80.2254867554,75756,75766,10
13.0105199814,80.2251815796,75766,75776,10
13.0105400085,80.2251281738,75776,75787,11
13.0106296539,80.2249526978,75787,75797,10
13.010840416,80.2245178223,75797,75807,10
13.0110502243,80.2240600586,75807,75817,10
13.0112199783,80.2236022949,75817,75827,10
13.0114803314,80.2230377197,75827,75837,10
13.0116996765,80.2224273682,75837,75847,10
13.0120201111,80.2217330933,75847,75857,10
13.012339592,80.221496582,75857,75867,10
13.0125598907,80.2218780518,75867,75877,10
13.0129995346,80.2224273682,75877,75888,11
13.0136003494,80.2230834961,75888,75898,10
13.013999939,80.2233886719,75898,75908,10
13.0142297745,80.2236480713,75908,75918,10
13.0144195557,80.2239303589,75918,75928,10
13.0149002075,80.2245178223,75928,75938,10
13.01541996,80.2249526978,75938,75968,30
13.01541996,80.2249526978,75968,75978,10
13.0156202316,80.2251205444,75978,75988,10
13.015999794,80.2253417969,75988,75999,11
13.0166797638,80.2252807617,75999,76009,10
13.017539978,80.224937439,76009,76019,10
13.0184202194,80.2245788574,76019,76029,10
13.019080162,80.2243423462,76029,76039,10
13.0193500519,80.2243270874,76039,76049,10
13.019490242,80.2244033813,76049,76059,10
13.0199098587,80.2247009277,76059,76069,10
13.0205001831,80.2251434326,76069,76079,10
13.0210399628,80.2255477905,76079,76089,10
13.0215997696,80.2259902954,76089,76100,11
13.0222396851,80.2265167236,76100,76110,10
13.0225095749,80.2267608643,76110,76120,10
13.0226202011,80.2268600464,76120,76130,10
13.0230503082,80.2272415161,76130,76140,10
13.0236797333,80.2278289795,76140,76150,10
13.0241804123,80.2284164429,76150,76160,10
13.0245800018,80.2289505005,76160,76170,10
13.0249300003,80.2294082642,76170,76180,10
13.0253400803,80.2299728394,76180,76189,9
13.0256900787,80.2305603027,76189,76201,12
13.0258998871,80.2311019897,76201,76211,10
13.0260000229,80.2315216064,76211,76221,10
13.026140213,80.2319869995,76221,76231,10
13.0262899399,80.2324905396,76231,76241,10
13.0263204575,80.2325515747,76241,76251,10
13.0264101028,80.2327270508,76251,76261,10
13.0265598297,80.2331008911,76261,76271,10
13.0268297195,80.2335510254,76271,76281,10
13.0272197723,80.2341766357,76281,76291,10
13.0276298523,80.2349090576,76291,76301,10
13.0280799866,80.2356109619,76301,76312,11
13.0287599564,80.236366272,76312,76322,10
13.0292396545,80.2368392944,76322,76332,10
13.0294904709,80.2371063232,76332,76342,10
13.0294904709,80.237121582,76342,76352,10
13.0297002792,80.2374420166,76352,76362,10
13.0300302505,80.2379608154,76362,76372,10
13.0304098129,80.2385864258,76372,76382,10
13.030670166,80.2390365601,76382,76392,10
13.0309400558,80.2395019531,76392,76433,41
13.0309400558,80.2395019531,76433,76443,10
13.0311899185,80.2399215698,76443,76463,20
13.0311899185,80.2399215698,76463,76473,10
13.0313596725,80.2402114868,76473,76483,10
13.0313796997,80.240737915,76483,76493,10
13.0314502716,80.2409133911,76493,76503,10
13.03166008,80.2413406372,76503,76513,10
13.031920433,80.2418899536,76513,76524,11
13.0323095322,80.2423782349,76524,76534,10
13.0327596664,80.2429733276,76534,76544,10
13.033249855,80.2436218262,76544,76554,10
13.0337095261,80.2442932129,76554,76564,10
13.0341596603,80.2449035645,76564,76574,10
13.0346698761,80.2455062866,76574,76584,10
13.0351696014,80.2460021973,76584,76594,10
13.03565979,80.246131897,76594,76625,31
13.03565979,80.246131897,76625,76635,10
13.035900116,80.2462768555,76635,76645,10
13.0362901688,80.2463531494,76645,76655,10
13.0368499756,80.2464981079,76655,76665,10
13.0373697281,80.2464370728,76665,76675,10
13.0378103256,80.2464981079,76675,76685,10
13.0384302139,80.246673584,76685,76695,10
13.0389003754,80.2468109131,76695,76705,10
13.0389099121,80.2468109131,76705,76715,10
13.0393199921,80.2469482422,76715,76726,11
13.0397596359,80.2470321655,76726,76736,10
13.0404100418,80.2471389771,76736,76746,10
13.0410604477,80.2472610474,76746,76756,10
13.0417804718,80.2474136353,76756,76766,10
13.0419998169,80.2474822998,76766,76776,10
13.0422801971,80.2475662231,76776,76786,10
13.0427303314,80.2477111816,76786,76796,10
13.0433797836,80.2478485107,76796,76806,10
13.0439300537,80.2478027344,76806,76816,10
13.0445604324,80.2479095459,76816,76826,10
13.0450000763,80.2481079102,76826,76837,11
13.045419693,80.2482528687,76837,76847,10
13.0459098816,80.2484664917,76847,76857,10
13.0464897156,80.2484664917,76857,76867,10
13.0469503403,80.2484436035,76867,76877,10
13.0471096039,80.2484817505,76877,76887,10
13.0475196838,80.2487716675,76887,76897,10
13.0480098724,80.2492599487,76897,76907,10
13.0484800339,80.2496414185,76907,76917,10
13.0490398407,80.2497024536,76917,76927,10
13.0497903824,80.2498168945,76927,76938,11
13.0507097244,80.2500305176,76938,76948,10
13.0514202118,80.2502365112,76948,76958,10
13.0519695282,80.250617981,76958,76968,10
13.0524196625,80.251159668,76968,76978,10
13.05286026,80.2517471313,76978,76988,10
13.0533399582,80.2523880005,76988,76998,10
13.0537796021,80.2530212402,76998,77008,10
13.0542602539,80.2536621094,77008,77018,10
13.0547103882,80.2542495728,77018,77028,10
13.0550899506,80.2547531128,77028,77039,11
13.0554800034,80.2553100586,77039,77049,10
13.0558204651,80.2557678223,77049,77059,10
13.056139946,80.2562103271,77059,77069,10
13.0565395355,80.2566299438,77069,77079,10
13.0567703247,80.2568588257,77079,77089,10
13.0567598343,80.2569274902,77089,77099,10
13.0571098328,80.2572174072,77099,77109,10
13.0574798584,80.25756073,77109,77119,10
13.0579004288,80.2580032349,77119,77129,10
13.0583600998,80.2585525513,77129,77139,10
13.0588703156,80.2591400146,77139,77150,11
13.0593204498,80.2599029541,77150,77160,10
13.059800148,80.2602996826,77160,77170,10
13.0602502823,80.2607269287,77170,77180,10
13.0606203079,80.261177063,77180,77190,10
13.0606498718,80.2612533569,77190,77200,10
13.0607299805,80.261390686,77200,77210,10
13.0609903336,80.2618179321,77210,77220,10
13.0613603592,80.2621994019,77220,77230,10
13.061829567,80.2627868652,77230,77251,21
13.061829567,80.2627868652,77251,77261,10
13.0619401932,80.2629013062,77261,77271,10
13.0622997284,80.2632980347,77271,77281,10
13.0627698898,80.2638168335,77281,77291,10
13.0630998611,80.2641906738,77291,77301,10
13.0632295609,80.2643737793,77301,77311,10
13.0635004044,80.2648010254,77311,77321,10
13.0637102127,80.2651824951,77321,77331,10
13.0638904572,80.265411377,77331,77341,10
13.0640602112,80.265663147,77341,77352,11
13.0644302368,80.2660980225,77352,77362,10
13.0647201538,80.266456604,77362,77372,10
13.0649404526,80.2667770386,77372,77382,10
13.0653495789,80.2671127319,77382,77392,10
13.0657501221,80.2675323486,77392,77402,10
13.0662698746,80.268157959,77402,77432,30
13.0662698746,80.268157959,77432,77442,10
13.0664396286,80.2682876587,77442,77453,11
13.0667295456,80.2684326172,77453,77463,10
13.0669498444,80.2685470581,77463,77473,10
13.0669603348,80.2685470581,77473,77483,10
13.0670900345,80.2686233521,77483,77493,10
13.06731987,80.2687835693,77493,77503,10
13.0675201416,80.2689437866,77503,77513,10
13.0679397583,80.2692337036,77513,77523,10
13.0683097839,80.269241333,77523,77533,10
13.0683803558,80.2688827515,77533,77543,10
13.0684700012,80.2685699463,77543,77552,9
13.0686597824,80.2681427002,77552,77564,12
13.0689401627,80.2673797607,77564,77574,10
13.0692901611,80.266960144,77574,77584,10
13.069729805,80.2665100098,77584,77594,10
13.0699796677,80.2662277222,77594,77604,10
13.0704097748,80.2658081055,77604,77624,20
13.0704097748,80.2658081055,77624,77634,10
13.0705795288,80.2656097412,77634,77644,10
13.0708799362,80.2653121948,77644,77653,9
13.0711097717,80.265083313,77653,77665,12
13.0715303421,80.2646636963,77665,77675,10
13.0718297958,80.264289856,77675,77685,10
13.0721302032,80.2639389038,77685,77695,10
13.0723800659,80.2633895874,77695,77705,10
13.0725698471,80.2629089355,77705,77715,10
13.0727396011,80.2624893188,77715,77725,10
13.0728397369,80.2620925903,77725,77735,10
13.0728902817,80.2620010376,77735,77745,10
13.0729198456,80.2617874146,77745,77755,10
13.0730104446,80.2614517212,77755,77764,9
13.0730695724,80.2612228394,77764,77776,12
13.0733995438,80.2613372803,77776,77786,10
13.0737895966,80.2618026733,77786,77796,10
13.0741500854,80.2622299194,77796,77806,10
13.0745401382,80.2627029419,77806,77816,10
13.0748596191,80.263130188,77816,77826,10
13.0752096176,80.2636032104,77826,77836,10
13.075510025,80.2640228271,77836,77846,10
13.0756998062,80.2642288208,77846,77856,10
13.0760698318,80.2642288208,77856,77866,10
13.0764904022,80.2641601563,77866,77877,11
13.0768899918,80.2641296387,77877,77887,10
13.0770597458,80.2640991211,77887,77897,10
13.077340126,80.2639923096,77897,77907,10
13.0774698257,80.2638931274,77907,77917,10
13.0775995255,80.2637634277,77917,77927,10
13.0778799057,80.2635574341,77927,77937,10
13.078040123,80.2634429932,77937,77947,10
13.0780897141,80.2632980347,77947,77957,10
13.0779695511,80.2629928589,77957,77967,10
13.0778799057,80.2627105713,77967,77978,11
13.0778198242,80.2624435425,77978,77988,10
13.0776796341,80.2620315552,77988,77998,10
13.0775499344,80.2616424561,77998,78008,10
13.0773296356,80.2609863281,78008,78048,40
13.0773296356,80.2609863281,78048,78058,10
13.077340126,80.2608032227,78058,78068,10
13.0772399902,80.2606506348,78068,78079,11
13.0769195557,80.2603530884,78079,78089,10
13.0764303207,80.2599182129,78089,78099,10
13.0759401321,80.2595291138,78099,78109,10
13.0755796432,80.2588806152,78109,78159,50
13.0755796432,80.2588806152,78159,78169,10
13.0755596161,80.2587509155,78169,78179,10
13.0754995346,80.2585525513,78179,78260,81
13.0754995346,80.2585525513,78260,78270,10
13.0755300522,80.2583999634,78270,78280,10
13.0754995346,80.2582015991,78280,78291,11
13.0757102966,80.2579803467,78291,78301,10
13.0760803223,80.2576599121,78301,78311,10
13.0764198303,80.2573318481,78311,78321,10
13.0768098831,80.2570037842,78321,78330,9
13.0772600174,80.2567825317,78330,78341,11
13.0779104233,80.256652832,78341,78351,10
13.0782804489,80.2566223145,78351,78361,10
13.0785503387,80.2566223145,78361,78391,30
13.0785503387,80.2566223145,78391,78402,11
13.0789403915,80.2565689087,78402,78412,10
13.0790195465,80.256477356,78412,78422,10
13.0790395737,80.2560195923,78422,78432,10
13.0789203644,80.2549362183,78432,78472,40
13.0789203644,80.2549362183,78472,78482,10
13.079000473,80.2546234131,78482,78492,10
13.0793199539,80.2545471191,78492,78503,11
13.0796899796,80.2545776367,78503,78513,10
13.0798501968,80.2546234131,78513,78523,10
13.079990387,80.2546768188,78523,78533,10
13.0802297592,80.2547073364,78533,78543,10
13.0804700851,80.2547531128,78543,78553,10
13.0810403824,80.2548217773,78553,78563,10
13.0815496445,80.2547836304,78563,78573,10
13.0817804337,80.2542800903,78573,78583,10
13.0818004608,80.2537689209,78583,78593,10
13.0818395615,80.2531890869,78593,78604,11
13.0816402435,80.2526397705,78604,78614,10
13.0813703537,80.2521362305,78614,78624,10
13.0813398361,80.2516021729,78624,78635,11
13.0813398361,80.2510223389,78635,78645,10
13.0813102722,80.2505111694,78645,78655,10
13.0812797546,80.2500076294,78655,78665,10
13.0813598633,80.2496337891,78665,78675,10
13.0818195343,80.2496566772,78675,78685,10
13.082400322,80.2497406006,78685,78695,10
13.0831403732,80.2498474121,78695,78706,11
13.0837097168,80.249961853,78706,78716,10
13.0841598511,80.250038147,78716,78726,10
13.0846300125,80.2501220703,78726,78736,10
13.0846796036,80.2501373291,78736,78746,10
13.0850200653,80.2502288818,78746,78756,10
13.0855798721,80.2502975464,78756,78766,10
13.0858697891,80.2501907349,78766,78776,10
13.0858402252,80.2495803833,78776,78786,10
13.0858097076,80.2487411499,78786,78796,10
13.0857801437,80.2479705811,78796,78806,10
13.0857801437,80.2470779419,78806,78817,11
13.0857496262,80.2466812134,78817,78827,10
13.0857400894,80.2464981079,78827,78837,10
13.0856704712,80.2459716797,78837,78847,10
13.0856399536,80.2456817627,78847,78857,10
13.0856304169,80.2453079224,78857,78867,10
13.0858402252,80.2450485229,78867,78877,10
13.0862197876,80.2447128296,78877,78887,10
13.0867395401,80.2442932129,78887,78897,10
13.0873098373,80.2438278198,78897,78906,9
13.0876302719,80.2434997559,78906,78918,12
13.0876998901,80.2433624268,78918,78928,10
13.087770462,80.2431793213,78928,78938,10
13.087849617,80.242729187,78938,78948,10
13.0879497528,80.2422790527,78948,78958,10
13.0881700516,80.2420196533,78958,78968,10
13.0884504318,80.2418365479,78968,78988,20
13.0884504318,80.2418365479,78988,78998,10
13.0887203217,80.2416763306,78998,79007,9
13.0890197754,80.2414627075,79007,79019,12
13.0895595551,80.2410736084,79019,79029,10
13.0901899338,80.240852356,79029,79038,9
13.0909204483,80.2408370972,79038,79049,11
13.0918798447,80.2408905029,79049,79059,10
13.0924901962,80.2409286499,79059,79069,10
13.0929698944,80.2409515381,79069,79079,10
13.0935697556,80.2410583496,79079,79089,10
13.0942296982,80.2411575317,79089,79099,10
13.0943098068,80.2411575317,79099,79109,10
13.0943698883,80.2411804199,79109,79119,10
13.0946702957,80.2412567139,79119,79130,11
13.095290184,80.2414093018,79130,79140,10
13.0958003998,80.241607666,79140,79150,10
13.0963802338,80.2418136597,79150,79160,10
13.0968904495,80.2419891357,79160,79170,10
13.0971603394,80.2420806885,79170,79180,10
13.0974502563,80.2421569824,79180,79190,10
13.0978498459,80.2422637939,79190,79200,10
13.0982103348,80.2423171997,79200,79210,10
13.098449707,80.2423095703,79210,79220,10
13.0984697342,80.2423095703,79220,79231,11
13.0986604691,80.2422409058,79231,79241,10
13.0987300873,80.2420120239,79241,79251,10
13.0985603333,80.2417831421,79251,79261,10
13.0984096527,80.2421035767,79261,79392,131
13.0984096527,80.2421035767,79392,79402,10
13.0981798172,80.2423782349,79402,79412,10
13.0975599289,80.2422103882,79412,79483,71
13.0975599289,80.2422103882,79483,79493,10
13.0972700119,80.2421188354,79493,79503,10
13.0969600677,80.2420120239,79503,79513,10
13.0964002609,80.2417984009,79513,79523,10
13.0959100723,80.2416305542,79523,79533,10
13.0953903198,80.2414398193,79533,79544,11
13.0950403214,80.241317749,79544,79554,10
13.0947399139,80.2412261963,79554,79564,10
13.0945596695,80.2412109375,79564,79574,10
13.0941495895,80.2411270142,79574,79584,10
13.0936203003,80.2410583496,79584,79594,10
13.0935897827,80.2410583496,79594,79604,10
13.0932998657,80.2410202026,79604,79614,10
13.0928001404,80.2409515381,79614,79624,10
13.0923204422,80.2409133911,79624,79634,10
13.0917701721,80.2408828735,79634,79644,10
13.0910797119,80.2408599854,79644,79655,11
13.090180397,80.2408599854,79655,79665,10
13.0894804001,80.2411117554,79665,79675,10
13.0888595581,80.2415618896,79675,79685,10
13.0884103775,80.2418823242,79685,79695,10
13.0879802704,80.2423706055,79695,79705,10
13.0878295898,80.243057251,79705,79715,10
13.0877504349,80.2433395386,79715,79725,10
13.0874004364,80.2437973022,79725,79735,10
13.0867795944,80.2443237305,79735,79745,10
13.0861101151,80.2448501587,79745,79756,11
13.0856704712,80.2452392578,79756,79766,10
13.0855798721,80.2456436157,79766,79776,10
13.0856399536,80.2461624146,79776,79786,10
13.0856895447,80.2466888428,79786,79796,10
13.0856895447,80.2468185425,79796,79806,10
13.0857200623,80.2472915649,79806,79816,10
13.0857896805,80.2481307983,79816,79826,10
13.0858402252,80.2490234375,79826,79836,10
13.0858697891,80.2498397827,79836,79846,10
13.0858802795,80.2504196167,79846,79857,11
13.0857801437,80.2507324219,79857,79867,10
13.0856704712,80.2512893677,79867,79877,10
13.0855798721,80.2519302368,79877,79887,10
13.0854997635,80.2530288696,79887,79897,10
13.0854997635,80.2530288696,79897,79907,10
13.0854797363,80.2534866333,79907,79915,8
13.0840597153,80.2545928955,79915,79966,51
13.0838899612,80.2545318604,79966,79995,29
13.0838899612,80.2545318604,79995,80016,21
13.0827798843,80.2544784546,80016,80026,10
13.0823497772,80.2544631958,80026,80036,10
13.0818195343,80.2546615601,80036,80046,10
13.0813798904,80.2548370361,80046,80056,10
13.0809402466,80.2547988892,80056,80067,11
13.080789566,80.2547683716,80067,80077,10
13.0805101395,80.2547302246,80077,80087,10
13.0800895691,80.2546386719,80087,80097,10
13.0794496536,80.2545776367,80097,80107,10
13.0789003372,80.2546920776,80107,80117,10
13.0789499283,80.2552566528,80117,80127,10
13.0790195465,80.2559814453,80127,80137,10
13.0790500641,80.256362915,80137,80147,10
13.0790500641,80.2563705444,80147,80156,9
13.0789699554,80.2566299438,80156,80167,11
13.0784502029,80.2566604614,80167,80177,10
13.0778999329,80.2566833496,80177,80188,11
13.0772695541,80.2567901611,80188,80198,10
13.0767402649,80.2570724487,80198,80208,10
13.076210022,80.2575531006,80208,80218,10
13.0756998062,80.2580108643,80218,80228,10
13.0754404068,80.2583389282,80228,80238,10
13.0755701065,80.2589263916,80238,80248,10
13.075920105,80.2595672607,80248,80258,10
13.076379776,80.2599334717,80258,80268,10
13.0768299103,80.2603530884,80268,80279,11
13.0772695541,80.2609786987,80279,80289,10
13.0774698257,80.2614974976,80289,80299,10
13.077750206,80.2622299194,80299,80339,40
13.077750206,80.2622299194,80339,80349,10
13.0777797699,80.2626037598,80349,80359,10
13.0778198242,80.2628097534,80359,80369,10
13.0779895782,80.2632293701,80369,80380,11
13.0781898499,80.2633972168,80380,80390,10
13.0780000687,80.2635498047,80390,80400,10
13.0775403976,80.2638397217,80400,80410,10
13.0770397186,80.2640304565,80410,80420,10
13.076499939,80.2641525269,80420,80430,10
13.0758304596,80.2642288208,80430,80440,10
13.0754804611,80.263961792,80440,80450,10
13.0750598907,80.2633666992,80450,80460,10
13.0747003555,80.262878418,80460,80469,9
13.0744495392,80.2625427246,80469,80481,12
13.0739297867,80.261932373,80481,80491,10
13.0736904144,80.2616500854,80491,80501,10
13.0736198425,80.2615737915,80501,80511,10
13.0733098984,80.2613601685,80511,80521,10
13.0729799271,80.2616729736,80521,80531,10
13.0727796555,80.2622299194,80531,80541,10
13.0726099014,80.2627563477,80541,80551,10
13.0724401474,80.2632293701,80551,80561,10
13.0722103119,80.2637329102,80561,80571,10
13.0718698502,80.2641983032,80571,80581,10
13.071439743,80.2646408081,80581,80602,21
13.071439743,80.2646408081,80602,80612,10
13.0712499619,80.2648162842,80612,80622,10
13.0709400177,80.2651672363,80622,80632,10
13.0705795288,80.2655792236,80632,80642,10
13.0702400208,80.2659072876,80642,80652,10
13.0697803497,80.2663879395,80652,80662,10
13.069439888,80.266746521,80662,80672,10
13.0689401627,80.2672576904,80672,80682,10
13.0686597824,80.2679367065,80682,80693,11
13.0684700012,80.2685699463,80693,80703,10
13.0683698654,80.2689437866,80703,80713,10
13.0682497025,80.2694396973,80713,80723,10
13.0681495667,80.2700576782,80723,80733,10
13.0680599213,80.2707519531,80733,80743,10
13.0678501129,80.2709884644,80743,80752,9
13.0676603317,80.2708816528,80752,80763,11
13.0672502518,80.2704467773,80763,80773,10
13.0670700073,80.2702789307,80773,80783,10
13.0668001175,80.2699890137,80783,80794,11
13.0665197372,80.2694473267,80794,80804,10
13.0664396286,80.2689208984,80804,80814,10
13.0663604736,80.268409729,80814,80824,10
13.0661001205,80.2680664063,80824,80834,10
13.0656299591,80.2676925659,80834,80844,10
13.0654296875,80.2676467896,80844,80854,10
13.065320015,80.2676391602,80854,80864,10
13.0648603439,80.2675323486,80864,80874,10
13.064160347,80.2674179077,80874,80884,10
13.0634698868,80.2673110962,80884,80894,10
13.0627698898,80.2671585083,80894,80905,11
13.0622501373,80.2666091919,80905,80915,10
13.0618696213,80.2661132813,80915,80925,10
13.0614099503,80.2655410767,80925,80934,9
13.0609903336,80.2651596069,80934,80945,11
13.0605401993,80.2653427124,80945,80955,10
13.0605201721,80.2653503418,80955,80965,10
13.0602197647,80.2654571533,80965,80975,10
13.0596504211,80.2655715942,80975,80985,10
13.0591201782,80.2654724121,80985,80994,9
13.0583600998,80.2653274536,80994,81016,22
13.0583600998,80.2653274536,81016,81026,10
13.0581998825,80.2652206421,81026,81036,10
13.0580301285,80.264793396,81036,81046,10
13.0579395294,80.2640304565,81046,81056,10
13.0578203201,80.2631607056,81056,81066,10
13.0577201843,80.2622909546,81066,81076,10
13.0576000214,80.2614822388,81076,81086,10
13.0574398041,80.2607269287,81086,81096,10
13.0571603775,80.259803772,81096,81107,11
13.0568399429,80.2588729858,81107,81117,10
13.0566596985,80.2580413818,81117,81127,10
13.0565299988,80.257270813,81127,81147,20
13.0565299988,80.257270813,81147,81157,10
13.0564699173,80.2568283081,81157,81167,10
13.0563201904,80.2564315796,81167,81177,10
13.0559501648,80.2558898926,81177,81187,10
13.0555095673,80.255279541,81187,81197,10
13.0550699234,80.2546386719,81197,81207,10
13.0545597076,80.2539672852,81207,81218,11
13.0541095734,80.2534332275,81218,81228,10
13.0540599823,80.2533569336,81228,81238,10
13.0537996292,80.2529830933,81238,81248,10
13.0534200668,80.2524337769,81248,81258,10
13.0529298782,80.2517776489,81258,81268,10
13.0524902344,80.2512130737,81268,81278,10
13.052069664,80.2506790161,81278,81288,10
13.0515003204,80.25025177,81288,81298,10
13.0507698059,80.2500076294,81298,81308,10
13.0498600006,80.2498321533,81308,81319,11
13.0488004684,80.249710083,81319,81329,10
13.04804039,80.2493286133,81329,81339,10
13.0473604202,80.2487487793,81339,81349,10
13.0468397141,80.2485809326,81349,81359,10
13.0466098785,80.2485275269,81359,81369,10
13.045999527,80.2484588623,81369,81379,10
13.0453796387,80.2482223511,81379,81389,10
13.0447797775,80.2481002808,81389,81399,10
13.0440196991,80.2479476929,81399,81409,10
13.043390274,80.247833252,81409,81420,11
13.0426902771,80.2477035522,81420,81430,10
13.0419998169,80.2475814819,81430,81440,10
13.0411396027,80.2473831177,81440,81450,10
13.0402803421,80.2472076416,81450,81460,10
13.0396404266,80.2470703125,81460,81470,10
13.0390396118,80.246887207,81470,81480,10
13.0386896133,80.2467803955,81480,81490,10
13.0383195877,80.246711731,81490,81500,10
13.0378198624,80.2466506958,81500,81510,10
13.0372495651,80.2465667725,81510,81520,10
13.0366802216,80.2464523315,81520,81531,11
13.036190033,80.2463302612,81531,81541,10
13.0356197357,80.2461166382,81541,81551,10
13.0352697372,80.2460174561,81551,81561,10
13.0351600647,80.2459716797,81561,81571,10
13.0348396301,80.2457199097,81571,81581,10
13.0346603394,80.2454223633,81581,81591,10
13.0343904495,80.2450408936,81591,81601,10
13.0339698792,80.2446289063,81601,81611,10
13.0335197449,80.2440185547,81611,81621,10
13.0329799652,80.2433166504,81621,81632,11
13.0325698853,80.2427215576,81632,81642,10
13.0320701599,80.2420883179,81642,81652,10
13.0317296982,80.2413711548,81652,81662,10
13.031370163,80.2406005859,81662,81672,10
13.0311803818,80.2402114868,81672,81712,40
13.0311803818,80.2402114868,81712,81722,10
13.0310602188,80.2398910522,81722,81733,11
13.0308103561,80.2393798828,81733,81743,10
13.0304098129,80.2386474609,81743,81753,10
13.0299301147,80.2378005981,81753,81763,10
13.0293397903,80.2370071411,81763,81773,10
13.028670311,80.2362976074,81773,81783,10
13.0280504227,80.2355804443,81783,81793,10
13.027589798,80.2348175049,81793,81803,10
13.027130127,80.2340621948,81803,81813,10
13.0266895294,80.2333297729,81813,81823,10
13.0263299942,80.2326431274,81823,81833,10
13.0261201859,80.231918335,81833,81844,11
13.0259304047,80.2311401367,81844,81854,10
13.0255699158,80.2302932739,81854,81864,10
13.0250396729,80.2295532227,81864,81874,10
13.0247097015,80.2291564941,81874,81884,10
13.0244598389,80.2288208008,81884,81894,10
13.0239496231,80.228187561,81894,81914,20
13.0239496231,80.228187561,81914,81924,10
13.0237798691,80.2279586792,81924,81934,10
13.023440361,80.2276229858,81934,81945,11
13.0232000351,80.2273483276,81945,81955,10
13.022769928,80.2269515991,81955,81965,10
13.0222702026,80.2265167236,81965,81975,10
13.0217504501,80.2260894775,81975,81985,10
13.0211601257,80.2256317139,81985,81995,10
13.020529747,80.2251815796,81995,82005,10
13.0199604034,80.224822998,82005,82015,10
13.019370079,80.2245025635,82015,82025,10
13.0186100006,80.2245635986,82025,82035,10
13.0178203583,80.2248916626,82035,82046,11
13.0171699524,80.2251586914,82046,82056,10
13.0169095993,80.2252807617,82056,82066,10
13.0165596008,80.2253875732,82066,82076,10
13.016169548,80.2255706787,82076,82086,10
13.0156602859,80.225730896,82086,82096,10
13.0150499344,80.2259674072,82096,82106,10
13.0143003464,80.2262573242,82106,82126,20
13.0143003464,80.2262573242,82126,82136,10
13.0140895844,80.2263336182,82136,82147,11
13.013420105,80.226600647,82147,82157,10
13.0126199722,80.2268981934,82157,82167,10
13.0118198395,80.2272415161,82167,82177,10
13.01101017,80.2275619507,82177,82187,10
13.0102100372,80.2278900146,82187,82197,10
13.0093803406,80.2282409668,82197,82207,10
13.0090503693,80.2289428711,82207,82217,10
13.0088596344,80.2298812866,82217,82227,10
13.0086603165,80.2309036255,82227,82237,10
13.0084495544,80.2319412231,82237,82247,10
13.0082798004,80.2329177856,82247,82258,11
13.0081100464,80.2338027954,82258,82268,10
13.0079698563,80.2345199585,82268,82278,10
13.0078401566,80.2352218628,82278,82288,10
13.0076799393,80.2360229492,82288,82298,10
13.0074996948,80.2369613647,82298,82308,10
13.0073204041,80.2378616333,82308,82318,10
13.0072097778,80.2384185791,82318,82328,10
13.0070800781,80.2390365601,82328,82338,10
13.0069904327,80.2395935059,82338,82348,10
13.0069103241,80.2399368286,82348,82359,11
13.006819725,80.2404785156,82359,82369,10
13.0067300797,80.2410888672,82369,82379,10
13.0066995621,80.241859436,82379,82389,10
13.0066900253,80.2425079346,82389,82399,10
13.006649971,80.2432174683,82399,82409,10
13.0066299438,80.2438964844,82409,82419,10
13.006649971,80.2447280884,82419,82429,10
13.0066604614,80.2456207275,82429,82439,10
13.0066795349,80.2464675903,82439,82448,9
13.0066795349,80.2471618652,82448,82460,12
13.0066795349,80.2481231689,82460,82470,10
13.0067100525,80.2490997314,82470,82480,10
13.0067501068,80.2501373291,82480,82490,10
13.0067596436,80.2510604858,82490,82500,10
13.0066995621,80.2516784668,82500,82510,10
13.0065402985,80.2524871826,82510,82520,10
13.0065097809,80.2532577515,82520,82530,10
13.0065002441,80.25415802,82530,82540,10
13.0065698624,80.2548828125,82540,82550,10
13.0065803528,80.2550430298,82550,82560,10
13.0065803528,80.2554168701,82560,82571,11
13.0065803528,80.2561798096,82571,82581,10
13.0066003799,80.2568283081,82581,82591,10
13.0066404343,80.2571716309,82591,82601,10
13.0065498352,80.2574920654,82601,82611,10
13.0062198639,80.2575302124,82611,82621,10
13.0057296753,80.2573776245,82621,82631,10
13.0051698685,80.2572479248,82631,82641,10
13.0044898987,80.2571182251,82641,82651,10
13.0038003922,80.2569885254,82651,82661,10
13.0031995773,80.2568664551,82661,82672,11
13.0025997162,80.2567672729,82672,82682,10
13.0018596649,80.2566375732,82682,82692,10
13.0010995865,80.2565307617,82692,82702,10
13.0003204346,80.256401062,82702,82712,10
12.9996204376,80.2562637329,82712,82722,10
12.9989404678,80.2561187744,82722,82732,10
12.9987201691,80.2560806274,82732,82742,10
12.9985904694,80.2560806274,82742,82752,10
12.9982500076,80.2560501099,82752,82762,10
12.997759819,80.2559814453,82762,82773,11
12.9973697662,80.2559509277,82773,82783,10
12.9971103668,80.2559432983,82783,82793,10
12.9968299866,80.2559280396,82793,82803,10
12.9961795807,80.2559127808,82803,82813,10
12.9954996109,80.2559432983,82813,82823,10
12.9948501587,80.2559661865,82823,82833,10
12.9941701889,80.2560195923,82833,82843,10
12.9934396744,80.2560806274,82843,82853,10
12.9925699234,80.2561035156,82853,82863,10
12.9917602539,80.2561035156,82863,82873,10
12.9910097122,80.2560424805,82873,82884,11
12.990240097,80.2560272217,82884,82894,10
12.9894895554,80.2560272217,82894,82904,10
12.9886798859,80.2559814453,82904,82914,10
12.9885196686,80.2559280396,82914,82924,10
12.9883298874,80.255897522,82924,82934,10
12.9880504608,80.2558822632,82934,82944,10
12.9877500534,80.2558898926,82944,82954,10
12.9876003265,80.2564315796,82954,82964,10
12.9875202179,80.2571792603,82964,82973,9
12.987449646,80.2578582764,82973,82985,12
12.9874000549,80.2585601807,82985,83015,30
12.9874000549,80.2585601807,83015,83025,10
12.987279892,80.2585525513,83025,83055,30
12.987279892,80.2585525513,83055,83065,10
12.9873895645,80.2583312988,83065,83075,10
12.9874200821,80.2580184937,83075,83086,11
12.9874696732,80.2573013306,83086,83096,10
12.9875497818,80.2565002441,83096,83106,10
12.9875898361,80.255859375,83106,83116,10
12.9877500534,80.2557296753,83116,83126,10
12.9881296158,80.2557678223,83126,83136,10
12.9886903763,80.2558822632,83136,83146,10
12.9893798828,80.2559127808,83146,83156,10
12.9901304245,80.2560195923,83156,83166,10
12.9905195236,80.2559814453,83166,83176,10
12.9909601212,80.2559967041,83176,83185,9
12.9916296005,80.2559814453,83185,83197,12
12.992600441,80.2559890747,83197,83207,10
12.9933795929,80.2559585571,83207,83217,10
12.9939899445,80.2558898926,83217,83227,10
12.9946403503,80.255859375,83227,83237,10
12.9953804016,80.255859375,83237,83247,10
12.9961299896,80.2558364868,83247,83257,10
12.9968299866,80.2558364868,83257,83267,10
12.997130394,80.255859375,83267,83277,10
12.9975795746,80.255859375,83277,83287,10
12.9976701736,80.2558822632,83287,83298,11
12.9976997375,80.2560806274,83298,83308,10
12.9976902008,80.2565078735,83308,83409,101
12.9976902008,80.2565078735,83409,83419,10
12.997590065,80.2568283081,83419,83429,10
12.9976797104,80.2570571899,83429,83449,20
12.9976797104,80.2570571899,83449,83459,10
12.997710228,80.2570800781,83459,83469,10
12.9980802536,80.2571411133,83469,83479,10
12.9982995987,80.2568283081,83479,85438,1959
