12.997420311,80.256942749,16,16,0
12.997420311,80.256942749,16,24,8
12.9973497391,80.2571029663,24,36,12
12.9973497391,80.2570877075,36,46,10
12.9970703125,80.2570877075,46,276,230
12.9967298508,80.2570571899,276,473,197
12.9967298508,80.2570571899,473,483,10
12.9968795776,80.2571105957,483,773,290
12.9972200394,80.2570114136,773,805,32
12.9972200394,80.2570114136,805,815,10
12.9972801208,80.2570724487,815,835,20
12.9972801208,80.2570724487,835,845,10
12.9973897934,80.2571029663,845,856,11
12.9976997375,80.2571487427,856,2286,1430
12.9976997375,80.2571487427,2286,4003,1717
12.9976596832,80.2570266724,4003,4015,12
12.9979896545,80.2572402954,4015,4521,506
12.9979896545,80.2572402954,4521,6302,1781
12.9982004166,80.2571792603,6302,6316,14
12.9982404709,80.2572631836,6316,6326,10
12.9982099533,80.2572631836,6326,6336,10
12.998290062,80.256980896,6336,7637,1301
12.9983596802,80.2571182251,7637,8219,582
12.9983196259,80.2568969727,8219,8431,212
12.9984903336,80.2569580078,8431,18784,10353
12.9984903336,80.2569580078,18784,18794,10
12.9967098236,80.2560424805,18794,18804,10
12.9966897964,80.2558364868,18804,18814,10
12.9965295792,80.2557983398,18814,18826,12
12.9961500168,80.2559204102,18826,18836,10
12.995759964,80.2560577393,18836,18886,50
12.995759964,80.2560577393,18886,18896,10
12.9960298538,80.2558822632,18896,19444,548
12.9960298538,80.2558822632,19444,19456,12
12.9957504272,80.255859375,19456,19466,10
12.9954204559,80.255821228,19466,19476,10
12.9947900772,80.2558364868,19476,19486,10
12.9940595627,80.2559814453,19486,19496,10
12.9932003021,80.256072998,19496,19506,10
12.9922199249,80.256072998,19506,19517,11
12.9912204742,80.256072998,19517,19527,10
12.9905099869,80.2559967041,19527,19537,10
12.9896202087,80.2559814453,19537,19547,10
12.988530159,80.2558822632,19547,19557,10
12.987739563,80.2558135986,19557,19567,10
12.9872999191,80.2557067871,19567,19577,10
12.9865999222,80.2555618286,19577,19587,10
12.9859304428,80.2554397583,19587,19597,10
12.9850997925,80.2552719116,19597,19607,10
12.9841995239,80.2550506592,19607,19617,10
12.9831695557,80.2547531128,19617,19628,11
12.9822301865,80.2544937134,19628,19638,10
12.9818496704,80.2537994385,19638,19648,10
12.9816799164,80.2529602051,19648,19658,10
12.9809799194,80.2527923584,19658,19668,10
12.980219841,80.2527999878,19668,19678,10
12.9797201157,80.252746582,19678,19688,10
12.9790401459,80.2526626587,19688,19698,10
12.9782104492,80.2523193359,19698,19708,10
12.9772796631,80.2515182495,19708,19717,9
12.9746198654,80.2506484985,19717,19728,11
12.9746198654,80.2506484985,19728,19738,10
12.9732503891,80.2502975464,19738,19749,11
12.9719600677,80.2499771118,19749,19759,10
12.9708204269,80.2496490479,19759,19769,10
12.9697504044,80.2492828369,19769,19779,10
12.9687595367,80.248916626,19779,19789,10
12.9678201675,80.2485275269,19789,19799,10
12.9668798447,80.2480926514,19799,19809,10
12.9659996033,80.2477035522,19809,19819,10
12.9652004242,80.247428894,19819,19829,10
12.9646997452,80.2472229004,19829,19839,10
12.9638004303,80.246887207,19839,19849,10
12.9638004303,80.246887207,19849,19860,11
12.962770462,80.246421814,19860,19870,10
12.9616298676,80.2458496094,19870,19880,10
12.9604701996,80.2453079224,19880,19890,10
12.9596099854,80.2449417114,19890,19900,10
12.9588603973,80.2445907593,19900,19910,10
12.958029747,80.2442321777,19910,19920,10
12.9575195313,80.2440490723,19920,19930,10
12.9563903809,80.2437210083,19930,19960,30
12.9563903809,80.2437210083,19960,19970,10
12.9558601379,80.2435379028,19970,19981,11
12.9550800323,80.2431030273,19981,19991,10
12.9543304443,80.2427368164,19991,20001,10
12.9533004761,80.2423095703,20001,20011,10
12.9522199631,80.2418670654,20011,20021,10
12.9515695572,80.2416687012,20021,20031,10
12.9512796402,80.2415924072,20031,20041,10
12.9505596161,80.2413635254,20041,20051,10
12.9495801926,80.2410430908,20051,20061,10
12.9484796524,80.2406005859,20061,20071,10
12.947259903,80.2400970459,20071,20081,10
12.9461803436,80.2396621704,20081,20092,11
12.945110321,80.2390899658,20092,20102,10
12.9443798065,80.2382965088,20102,20112,10
12.9436397552,80.2375030518,20112,20122,10
12.9430704117,80.2368774414,20122,20132,10
12.9420795441,80.2364120483,20132,20142,10
12.9409503937,80.2361526489,20142,20152,10
12.9399404526,80.2358779907,20152,20162,10
12.9397001266,80.2358016968,20162,20172,10
12.9392595291,80.2355804443,20172,20182,10
12.93846035,80.2351837158,20182,20192,10
12.9362697601,80.2341003418,20192,20202,10
12.9351797104,80.2335662842,20202,20213,11
12.9351797104,80.2335662842,20213,20223,10
12.9331197739,80.2326889038,20223,20233,10
12.9331197739,80.2326889038,20233,20243,10
12.9319601059,80.2322387695,20243,20253,10
12.9307003021,80.231842041,20253,20263,10
12.9294595718,80.2314987183,20263,20273,10
12.9281702042,80.2312774658,20273,20283,10
12.9268198013,80.2311172485,20283,20293,10
12.9256401062,80.2309799194,20293,20303,10
12.9244699478,80.2308578491,20303,20313,10
12.9231901169,80.2306671143,20313,20324,11
12.9216804504,80.2304229736,20324,20334,10
12.9202404022,80.2302398682,20334,20344,10
12.9188203812,80.2300415039,20344,20354,10
12.9174003601,80.2298583984,20354,20365,11
12.9159603119,80.2296524048,20365,20376,11
12.9145698547,80.2294464111,20376,20386,10
12.9137001038,80.229347229,20386,20396,10
12.9128103256,80.2292327881,20396,20406,10
12.9118404388,80.2291030884,20406,20416,10
12.9107999802,80.2289505005,20416,20426,10
12.9095802307,80.228767395,20426,20436,10
12.9082298279,80.2285385132,20436,20447,11
12.9070396423,80.2283706665,20447,20457,10
12.9065904617,80.228302002,20457,20467,10
12.9058103561,80.2282562256,20467,20477,10
12.9054002762,80.2282562256,20477,20487,10
12.9051799774,80.2282409668,20487,20497,10
12.9046201706,80.2282028198,20497,20507,10
12.9039497375,80.2281570435,20507,20516,9
12.9032001495,80.2281265259,20516,20527,11
12.901889801,80.2280273438,20527,20537,10
12.9010000229,80.2279968262,20537,20558,21
12.9010000229,80.2279968262,20558,20568,10
12.9005498886,80.2279815674,20568,20578,10
12.8999204636,80.2279205322,20578,20588,10
12.8994197845,80.2279205322,20588,20596,8
12.898900032,80.2278823853,20596,20608,12
12.8978500366,80.2277984619,20608,20618,10
12.8967103958,80.2277374268,20618,20628,10
12.8955402374,80.2276687622,20628,20638,10
12.8942804337,80.2276000977,20638,20648,10
12.8929796219,80.2274475098,20648,20658,10
12.8918199539,80.2273635864,20658,20669,11
12.8903799057,80.2273483276,20669,20679,10
12.8890895844,80.2273635864,20679,20689,10
12.8880596161,80.2273330688,20689,20699,10
12.8870296478,80.2271728516,20699,20709,10
12.8859300613,80.2268981934,20709,20719,10
12.8848695755,80.2267532349,20719,20729,10
12.8842802048,80.2267074585,20729,20739,10
12.8832902908,80.2266998291,20739,20749,10
12.8819103241,80.2266998291,20749,20759,10
12.8805904388,80.2267227173,20759,20769,10
12.879240036,80.2267379761,20769,20780,11
12.8778400421,80.2268371582,20780,20789,9
12.876950264,80.2268981934,20789,20800,11
12.8764600754,80.226890564,20800,20810,10
12.8764295578,80.2267227173,20810,20820,10
12.8764295578,80.2265930176,20820,20830,10
12.8764801025,80.22605896,20830,20840,10
12.8765897751,80.2250366211,20840,20850,10
12.8767204285,80.2240219116,20850,20860,10
12.876950264,80.2230606079,20860,20870,10
12.8771896362,80.2220230103,20870,20880,10
12.8774204254,80.2210006714,20880,20891,11
12.8776798248,80.2198562622,20891,20900,9
12.8778495789,80.219078064,20900,20911,11
12.8781003952,80.2180099487,20911,20920,9
12.8782901764,80.2171020508,20920,20931,11
12.8784198761,80.2162475586,20931,20941,10
12.8786201477,80.2154312134,20941,20951,10
12.8788499832,80.2143783569,20951,20961,10
12.8790397644,80.2134780884,20961,20971,10
12.8792104721,80.2124023438,20971,20981,10
12.8794298172,80.2113800049,20981,20992,11
12.8793296814,80.2109603882,20992,21002,10
12.8792200089,80.2109603882,21002,21012,10
12.878950119,80.2109298706,21012,21022,10
12.8784303665,80.2108535767,21022,21032,10
12.8777599335,80.2107162476,21032,21040,8
12.8771400452,80.2105789185,21040,21051,11
12.8763198853,80.2104263306,21051,21063,12
12.8755197525,80.2102890015,21063,21073,10
12.8748598099,80.2101669312,21073,21083,10
12.874540329,80.2100906372,21083,21093,10
12.8743696213,80.2098693848,21093,21104,11
12.8744697571,80.209602356,21104,21114,10
12.8747797012,80.2097167969,21114,21144,30
12.8747797012,80.2097167969,21144,21154,10
12.8746204376,80.2098007202,21154,21645,491
12.8746204376,80.2098007202,21645,21655,10
12.8747396469,80.2100601196,21655,21665,10
12.8748502731,80.2101593018,21665,21675,10
12.8752002716,80.2102432251,21675,21684,9
12.8756999969,80.2103500366,21684,21695,11
12.8762197495,80.2104415894,21695,21705,10
12.8764696121,80.2104797363,21705,21715,10
12.8772201538,80.2106170654,21715,21725,10
12.878080368,80.2107696533,21725,21736,11
12.8792200089,80.2109909058,21736,21756,20
12.8792200089,80.2109909058,21756,21766,10
12.8793802261,80.2110519409,21766,21776,10
12.8794603348,80.2114868164,21776,21786,10
12.8793897629,80.2118682861,21786,21796,10
12.879119873,80.2130889893,21796,21806,10
12.878950119,80.2140579224,21806,21816,10
12.878780365,80.2149581909,21816,21826,10
12.8785495758,80.2160491943,21826,21836,10
12.8783597946,80.2169723511,21836,21847,11
12.8781604767,80.2179412842,21847,21857,10
12.8779401779,80.2188796997,21857,21867,10
12.8777103424,80.2197113037,21867,21877,10
12.8774900436,80.2206726074,21877,21887,10
12.8773097992,80.2216720581,21887,21897,10
12.8770904541,80.2227096558,21897,21906,9
12.8768997192,80.2235412598,21906,21916,10
12.8767004013,80.2245483398,21916,21927,11
12.8765602112,80.2258071899,21927,21937,10
12.8764295578,80.2264099121,21937,21947,10
12.876449585,80.2267532349,21947,21958,11
12.8764696121,80.2268371582,21958,21967,9
12.8764896393,80.2268600464,21967,21978,11
12.876830101,80.2268829346,21978,21988,10
12.8783397675,80.2267913818,21988,21997,9
12.8796396255,80.2266998291,21997,22008,11
12.8796396255,80.2266998291,22008,22018,10
12.8808603287,80.2266921997,22018,22028,10
12.8821201324,80.2266769409,22028,22038,10
12.8833799362,80.2266769409,22038,22048,10
12.8845396042,80.2266464233,22048,22058,10
12.8852996826,80.2266693115,22058,22069,11
12.8853902817,80.2266769409,22069,22079,10
12.8855199814,80.2267227173,22079,22089,10
12.8861398697,80.2268600464,22089,22099,10
12.8870401382,80.2270965576,22099,22109,10
12.8880500793,80.2272491455,22109,22119,10
12.8886003494,80.2272796631,22119,22129,10
12.8887901306,80.2273025513,22129,22139,10
12.8894796371,80.2273101807,22139,22149,10
12.89041996,80.2273178101,22149,22159,10
12.8915901184,80.2273025513,22159,22169,10
12.8926296234,80.2273330688,22169,22180,11
12.893699646,80.2274703979,22180,22190,10
12.8941898346,80.2275238037,22190,22200,10
12.8942203522,80.2275238037,22200,22210,10
12.8947296143,80.2275619507,22210,22219,9
12.8955001831,80.2276077271,22219,22230,11
12.8965501785,80.2276306152,22230,22240,10
12.8979597092,80.2276992798,22240,22250,10
12.8993301392,80.2277832031,22250,22260,10
12.900349617,80.2278518677,22260,22270,10
12.9007997513,80.2278289795,22270,22280,10
12.901260376,80.227897644,22280,22290,10
12.9018602371,80.2279129028,22290,22301,11
12.9018802643,80.2279205322,22301,22311,10
12.9020004272,80.2279281616,22311,22321,10
12.9024095535,80.2279281616,22321,22331,10
12.903169632,80.2279968262,22331,22341,10
12.9041204453,80.2280578613,22341,22351,10
12.9053297043,80.2281417847,22351,22360,9
12.9063901901,80.228187561,22360,22370,10
12.9067897797,80.2282180786,22370,22381,11
12.9068698883,80.2282409668,22381,22391,10
12.9073400497,80.2282867432,22391,22401,10
12.9080295563,80.2283782959,22401,22412,11
12.909040451,80.2285385132,22412,22421,9
12.9100103378,80.2287216187,22421,22433,12
12.91147995,80.2289505005,22433,22443,10
12.9127902985,80.2291183472,22443,22453,10
12.9137601852,80.2292404175,22453,22463,10
12.9139003754,80.2292404175,22463,22473,10
12.9141302109,80.2292785645,22473,22482,9
12.9145803452,80.2293319702,22482,22493,11
12.9156398773,80.2294692993,22493,22503,10
12.9166402817,80.2296218872,22503,22513,10
12.9177598953,80.2297592163,22513,22524,11
12.9189796448,80.229927063,22524,22533,9
12.9197797775,80.2300186157,22533,22544,11
12.9198598862,80.2300186157,22544,22554,10
12.9203395844,80.2301101685,22554,22564,10
12.9211301804,80.2302093506,22564,22574,10
12.9221401215,80.2303466797,22574,22584,10
12.9232501984,80.2305297852,22584,22594,10
12.9245700836,80.2306976318,22594,22604,10
12.9259300232,80.2308807373,22604,22614,10
12.9271602631,80.2310333252,22614,22625,11
12.9284801483,80.2311935425,22625,22635,10
12.9292097092,80.2313232422,22635,22645,10
12.9301595688,80.2315368652,22645,22655,10
12.9313201904,80.2318725586,22655,22664,9
12.9324302673,80.2322311401,22664,22675,11
12.9334602356,80.2326202393,22675,22685,10
12.9336795807,80.232711792,22685,22695,10
12.9337396622,80.2327194214,22695,22705,10
12.9343004227,80.2329788208,22705,22715,10
12.9351797104,80.2333679199,22715,22725,10
12.9362401962,80.2339019775,22725,22736,11
12.9374399185,80.2344207764,22736,22746,10
12.9385404587,80.2349624634,22746,22756,10
12.9393701553,80.2353515625,22756,22766,10
12.9397602081,80.2355728149,22766,22776,10
12.9397602081,80.2355804443,22776,22786,10
12.9400997162,80.235710144,22786,22795,9
12.9407596588,80.2359313965,22795,22806,11
12.9418096542,80.2362213135,22806,22816,10
12.9428901672,80.2365875244,22816,22826,10
12.9435796738,80.237121582,22826,22836,10
12.9436798096,80.2372512817,22836,22847,11
12.9439201355,80.2375793457,22847,22857,10
12.9443998337,80.2381591797,22857,22867,10
12.9451398849,80.2388916016,22867,22875,8
12.9459695816,80.239402771,22875,22887,12
12.9470701218,80.2398529053,22887,22897,10
12.9472799301,80.2399368286,22897,22907,10
12.9473896027,80.2400131226,22907,22917,10
12.9476804733,80.2401275635,22917,22927,10
12.948340416,80.2403793335,22927,22937,10
12.9488401413,80.240562439,22937,22948,11
12.9490604401,80.2406692505,22948,22958,10
12.9497003555,80.2409133911,22958,22967,9
12.9504995346,80.2411422729,22967,22977,10
12.9511203766,80.241317749,22977,22988,11
12.9513597488,80.2413864136,22988,22998,10
12.9518604279,80.2416000366,22998,23008,10
12.9526796341,80.2419204712,23008,23018,10
12.9537401199,80.2423400879,23018,23028,10
12.9547195435,80.2427215576,23028,23038,10
12.955280304,80.2429428101,23038,23048,10
12.9559497833,80.2431793213,23048,23059,11
12.9564199448,80.2433700562,23059,23069,10
12.956489563,80.2434005737,23069,23079,10
12.9570198059,80.2436599731,23079,23089,10
12.9577903748,80.2440032959,23089,23099,10
12.9587097168,80.2443618774,23099,23109,10
12.9589395523,80.244430542,23109,23119,10
12.95911026,80.2445220947,23119,23129,10
12.9596300125,80.2447509766,23129,23139,10
12.9605998993,80.2452163696,23139,23146,7
12.961350441,80.2455673218,23146,23160,14
12.9628200531,80.2462768555,23160,23170,10
12.9633302689,80.2465362549,23170,23210,40
12.9633302689,80.2465362549,23210,23220,10
12.9636898041,80.2466583252,23220,23230,10
12.9643201828,80.2469100952,23230,23252,22
12.9663600922,80.2476501465,23252,23264,12
12.9666996002,80.2478103638,23264,23275,11
12.9667100906,80.2478637695,23275,23284,9
12.9671297073,80.2480697632,23284,23295,11
12.9679002762,80.2484207153,23295,23305,10
12.9689502716,80.248840332,23305,23315,10
12.9701004028,80.2492980957,23315,23325,10
12.9713401794,80.2497024536,23325,23335,10
12.9724998474,80.25,23335,23345,10
12.9735603333,80.2502822876,23345,23355,10
12.974360466,80.2504730225,23355,23365,10
12.9743995667,80.2504806519,23365,23375,10
12.974820137,80.250617981,23375,23384,9
12.9755096436,80.2508392334,23384,23395,11
12.9766302109,80.2511825562,23395,23406,11
12.9777803421,80.2517929077,23406,23417,11
12.9785003662,80.2523117065,23417,23429,12
12.9787197113,80.2524337769,23429,23439,10
12.9792604446,80.2525482178,23439,23449,10
12.979929924,80.2524414063,23449,23459,10
12.9799404144,80.2522277832,23459,23469,10
12.9800100327,80.2520599365,23469,23479,10
12.9801502228,80.2515411377,23479,23489,10
12.980340004,80.2508010864,23489,23500,11
12.9806404114,80.2497024536,23500,23510,10
12.9807796478,80.2484817505,23510,23520,10
12.9808797836,80.2471389771,23520,23530,10
12.9810304642,80.2456893921,23530,23540,10
12.9811897278,80.244468689,23540,23550,10
12.9812202454,80.2437896729,23550,23560,10
12.9812803268,80.243637085,23560,23570,10
12.9813499451,80.243270874,23570,23580,10
12.9813699722,80.2428207397,23580,23590,10
12.9813804626,80.2427368164,23590,23601,11
12.9813995361,80.2422180176,23601,23611,10
12.9813699722,80.2414627075,23611,23621,10
12.9813699722,80.2408828735,23621,23631,10
12.9813604355,80.2404708862,23631,23641,10
12.9813699722,80.2400283813,23641,23651,10
12.9813499451,80.2397384644,23651,23661,10
12.9813203812,80.2393722534,23661,23671,10
12.9813098907,80.2386169434,23671,23681,10
12.9813098907,80.237953186,23681,23691,10
12.9813098907,80.2378692627,23691,23701,10
12.9812803268,80.2373199463,23701,23712,11
12.9812498093,80.2363204956,23712,23722,10
12.9812002182,80.2352371216,23722,23732,10
12.9812297821,80.2342834473,23732,23740,8
12.9815797806,80.2334594727,23740,23752,12
12.9816503525,80.2333374023,23752,23762,10
12.9818296432,80.2329406738,23762,23772,10
12.9820098877,80.2322387695,23772,23781,9
12.982000351,80.2318878174,23781,23792,11
12.9819402695,80.231300354,23792,23802,10
12.9817495346,80.2307662964,23802,23813,11
12.9813804626,80.2301712036,23813,23823,10
12.9809703827,80.2295379639,23823,23833,10
12.9807701111,80.2292175293,23833,23843,10
12.9806995392,80.2291107178,23843,23853,10
12.9805898666,80.2289428711,23853,23863,10
12.980389595,80.2285995483,23863,23873,10
12.9803304672,80.2283630371,23873,23883,10
12.9801197052,80.2279586792,23883,23893,10
12.9797801971,80.227432251,23893,23903,10
12.9793901443,80.2267990112,23903,23913,10
12.9790000916,80.2261123657,23913,23924,11
12.9785499573,80.2253723145,23924,23933,9
12.9781398773,80.2246780396,23933,23944,11
12.9778604507,80.2244110107,23944,23954,10
12.9776601791,80.2240982056,23954,23964,10
12.9774103165,80.223739624,23964,23974,10
12.9770097733,80.2231826782,23974,23984,10
12.977060318,80.2227401733,23984,24004,20
12.977060318,80.2227401733,24004,24014,10
12.977399826,80.2227020264,24014,24025,11
12.9774904251,80.2224502563,24025,24035,10
12.977519989,80.2219696045,24035,24044,9
12.9774799347,80.2214584351,24044,24054,10
12.9776201248,80.2211914063,24054,24074,20
12.9776201248,80.2211914063,24074,24084,10
12.9778003693,80.2211303711,24084,24095,11
12.9784202576,80.2211227417,24095,24105,10
12.9791603088,80.2210769653,24105,24115,10
12.9799699783,80.221031189,24115,24125,10
12.9808797836,80.2209777832,24125,24136,11
12.9816303253,80.2212371826,24136,24146,10
12.9823102951,80.2216033936,24146,24156,10
12.9829797745,80.2218780518,24156,24166,10
12.9833202362,80.2219924927,24166,24176,10
12.983420372,80.2220916748,24176,24185,9
12.9837303162,80.2223434448,24185,24196,11
12.9842596054,80.2227325439,24196,24206,10
12.9847698212,80.2230529785,24206,24216,10
12.9854803085,80.2232818604,24216,24226,10
12.9860200882,80.2229995728,24226,24237,11
12.9866399765,80.2229690552,24237,24247,10
12.9871997833,80.2230682373,24247,24257,10
12.9874897003,80.2230682373,24257,24267,10
12.9879999161,80.2228469849,24267,24277,10
12.9887304306,80.2223129272,24277,24287,10
12.9892396927,80.2216567993,24287,24297,10
12.9897098541,80.2210006714,24297,24306,9
12.9904298782,80.2203979492,24306,24317,11
12.9906797409,80.2201766968,24317,24327,10
12.9911804199,80.2198181152,24327,24337,10
12.9918804169,80.219329834,24337,24348,11
12.9928102493,80.2186508179,24348,24358,10
12.9936800003,80.2180328369,24358,24368,10
12.994509697,80.2174224854,24368,24378,10
12.9952001572,80.2169189453,24378,24388,10
12.9959802628,80.2166290283,24388,24398,10
12.9968900681,80.2165222168,24398,24408,10
12.9975004196,80.2163314819,24408,24417,9
12.997710228,80.2160797119,24417,24428,11
12.9976997375,80.2160263062,24428,24438,10
12.998000145,80.2157516479,24438,24448,10
12.9983196259,80.2154388428,24448,24459,11
12.9985399246,80.2153167725,24459,24469,10
12.9986801147,80.2152023315,24469,24479,10
12.998840332,80.2150421143,24479,24489,10
12.9990501404,80.2148895264,24489,24499,10
12.9992904663,80.2146911621,24499,24509,10
12.9996700287,80.214302063,24509,24519,10
13.0000600815,80.2139587402,24519,24529,10
13.0005598068,80.2134780884,24529,24539,10
13.0011501312,80.2129974365,24539,24549,10
13.0016098022,80.2126464844,24549,24560,11
13.0022201538,80.2122802734,24560,24570,10
13.0025196075,80.2121582031,24570,24580,10
13.0029201508,80.2120666504,24580,24590,10
13.0034198761,80.212020874,24590,24600,10
13.0036401749,80.2117767334,24600,24610,10
13.0036201477,80.2113037109,24610,24619,9
13.0036096573,80.2106781006,24619,24630,11
13.0035400391,80.2100524902,24630,24640,10
13.0035400391,80.2095336914,24640,24650,10
13.0036697388,80.2089385986,24650,24660,10
13.0040798187,80.2086486816,24660,24671,11
13.0049200058,80.2090606689,24671,24681,10
13.0057601929,80.2093887329,24681,24691,10
13.0066795349,80.2096786499,24691,24711,20
13.0066795349,80.2096786499,24711,24721,10
13.0067396164,80.2097015381,24721,24731,10
13.0070199966,80.209777832,24731,24741,10
13.0074901581,80.2098236084,24741,24751,10
13.0079698563,80.2099380493,24751,24761,10
13.0081596375,80.2097625732,24761,24770,9
13.0080299377,80.2091903687,24770,24782,12
13.0078802109,80.2082519531,24782,24792,10
13.0077600479,80.2072906494,24792,24802,10
13.007610321,80.2063293457,24802,24812,10
13.0075397491,80.2054367065,24812,24822,10
13.0075397491,80.2044677734,24822,24832,10
13.0074701309,80.2035827637,24832,24841,9
13.007229805,80.2026901245,24841,24852,11
13.0064601898,80.2028808594,24852,24862,10
13.0070199966,80.2035369873,24862,24872,10
13.0079803467,80.2037734985,24872,24883,11
13.0092697144,80.203666687,24883,24893,10
13.0104904175,80.2036514282,24893,24903,10
13.0116596222,80.2037277222,24903,24913,10
13.012550354,80.2039031982,24913,24923,10
13.0137195587,80.2042236328,24923,24943,20
13.0137195587,80.2042236328,24943,24952,9
13.0138502121,80.2043991089,24952,24963,11
13.0136804581,80.2047195435,24963,24973,10
13.0133600235,80.2053833008,24973,24983,10
13.0131702423,80.2063369751,24983,24994,11
13.0129804611,80.2074584961,24994,25003,9
13.0130300522,80.2077789307,25003,25014,11
13.0130996704,80.2082824707,25014,25024,10
13.0129699707,80.208656311,25024,25034,10
13.0130596161,80.2092208862,25034,25044,10
13.0131797791,80.2097320557,25044,25054,10
13.0131797791,80.2102890015,25054,25064,10
13.0129899979,80.2110290527,25064,25074,10
13.0124998093,80.2118225098,25074,25084,10
13.0122003555,80.212348938,25084,25095,11
13.0119600296,80.2126998901,25095,25105,10
13.0115699768,80.2125778198,25105,25114,9
13.0110301971,80.2122268677,25114,25125,11
13.0103397369,80.2117614746,25125,25357,232
13.0103397369,80.2117614746,25357,25367,10
13.0102396011,80.2117233276,25367,25377,10
13.0101003647,80.2115783691,25377,25387,10
13.0098400116,80.2114181519,25387,25408,21
13.0096902847,80.2112503052,25408,25428,20
13.0096902847,80.2112503052,25428,25437,9
13.0095500946,80.2111816406,25437,25832,395
13.0094804764,80.2112731934,25832,25973,141
13.0094804764,80.2112731934,25973,25983,10
13.0093603134,80.2110214233,25983,26023,40
13.0095596313,80.2111816406,26023,26124,101
13.0095596313,80.2111816406,26124,26134,10
13.0095996857,80.2110671997,26134,26175,41
13.0094804764,80.2111587524,26175,26275,100
13.0094804764,80.2111587524,26275,26286,11
13.0096597672,80.2111816406,26286,26296,10
13.0094995499,80.2110290527,26296,26316,20
13.0094995499,80.2110290527,26316,26326,10
13.0092401505,80.2112121582,26326,26357,31
13.0092401505,80.2112121582,26357,26366,9
13.0090198517,80.2115402222,26366,26375,9
13.0090303421,80.211730957,26375,26387,12
13.0092601776,80.2122802734,26387,26397,10
13.0094995499,80.2129974365,26397,26407,10
13.0097999573,80.2137680054,26407,26417,10
13.0101099014,80.2145996094,26417,26426,9
13.0102100372,80.2152328491,26426,26437,11
13.0104799271,80.2162399292,26437,26447,10
13.0109300613,80.2171783447,26447,26457,10
13.0113401413,80.2181625366,26457,26468,11
13.0118398666,80.2194976807,26468,26478,10
13.0122299194,80.2207565308,26478,26488,10
13.0127401352,80.2216415405,26488,26498,10
13.0132799149,80.2223892212,26498,26508,10
13.0143203735,80.2236099243,26508,26516,8
13.0143203735,80.2236099243,26516,26580,64
13.0134601593,80.2266693115,26580,26590,10
13.0123996735,80.2271118164,26590,26599,9
13.0114898682,80.2275390625,26599,26610,11
13.0103702545,80.2279510498,26610,26620,10
13.0095796585,80.2277832031,26620,26630,10
13.0097103119,80.2272796631,26630,26640,10
13.0099897385,80.226600647,26640,26650,10
13.0102396011,80.2259063721,26650,26660,10
13.0104799271,80.2251586914,26660,26670,10
13.0108098984,80.2244415283,26670,26681,11
13.0111598969,80.2234725952,26681,26691,10
13.0108003616,80.2229385376,26691,26701,10
13.0105104446,80.2228622437,26701,26711,10
13.0102596283,80.2227096558,26711,26721,10
13.0099496841,80.2224807739,26721,26731,10
13.0092496872,80.2221603394,26731,26741,10
13.0084495544,80.2217330933,26741,26751,10
13.0075798035,80.221282959,26751,26761,10
13.0066003799,80.2206878662,26761,26771,10
13.0055398941,80.2204666138,26771,26781,10
13.0047998428,80.2202987671,26781,26792,11
13.0046901703,80.2202911377,26792,26802,10
13.0042495728,80.2201766968,26802,26812,10
13.0035495758,80.2200012207,26812,26822,10
13.0027399063,80.2196807861,26822,26832,10
13.0020103455,80.2190170288,26832,26840,8
13.0016202927,80.2186279297,26840,26852,12
13.0007095337,80.2179107666,26852,26862,10
13.0000095367,80.2174301147,26862,26872,10
12.9990501404,80.217048645,26872,26881,9
12.9982595444,80.2167205811,26881,26891,10
12.9975996017,80.2165679932,26891,26901,10
12.9975004196,80.2165679932,26901,26912,11
12.9974002838,80.2165298462,26912,26923,11
12.9969902039,80.2165374756,26923,26933,10
12.9965200424,80.2166595459,26933,26943,10
12.9960699081,80.2168273926,26943,26953,10
12.9957895279,80.2168121338,26953,26963,10
12.9954795837,80.2168579102,26963,26973,10
12.9952001572,80.217048645,26973,26993,20
12.9952001572,80.217048645,26993,27003,10
12.9948997498,80.2172164917,27003,27014,11
12.9944696426,80.2175521851,27014,27023,9
12.9941797256,80.2177581787,27023,27033,10
12.9939098358,80.2179794312,27033,27044,11
12.9932899475,80.2183990479,27044,27053,9
12.9926900864,80.2188720703,27053,27063,10
12.9920396805,80.2194900513,27063,27074,11
12.9912099838,80.2199783325,27074,27084,10
12.990819931,80.2202377319,27084,27094,10
12.9908103943,80.2202529907,27094,27104,10
12.9904003143,80.2205276489,27104,27114,10
12.9898099899,80.2210235596,27114,27125,11
12.9891195297,80.2218399048,27125,27135,10
12.9884500504,80.2226028442,27135,27145,10
12.9876499176,80.2230911255,27145,27165,20
12.9876499176,80.2230911255,27165,27175,10
12.9875202179,80.2231369019,27175,27185,10
12.9870901108,80.2230682373,27185,27195,10
12.9865198135,80.2229537964,27195,27205,10
12.985830307,80.2230377197,27205,27215,10
12.9854202271,80.2233581543,27215,27226,11
12.9846401215,80.2229995728,27226,27236,10
12.9841098785,80.2227096558,27236,27246,10
12.983830452,80.2225494385,27246,27256,10
12.9836196899,80.2224197388,27256,27266,10
12.9834403992,80.222366333,27266,27275,9
12.9833498001,80.2223205566,27275,27286,11
12.98320961,80.2222366333,27286,27296,10
12.9828996658,80.2220687866,27296,27306,10
12.9824199677,80.2216873169,27306,27316,10
12.9818401337,80.2214202881,27316,27326,10
12.981180191,80.2212219238,27326,27337,11
12.9804801941,80.2211380005,27337,27347,10
12.979809761,80.221282959,27347,27357,10
12.9787397385,80.2212982178,27357,27367,10
12.9777698517,80.2212905884,27367,27377,10
12.977060318,80.2213287354,27377,27387,10
12.9761295319,80.2213973999,27387,27417,30
12.9761295319,80.2213973999,27417,27427,10
12.9762802124,80.2216796875,27427,27448,21
12.9762802124,80.2216796875,27448,27460,12
12.9765396118,80.2221221924,27460,27470,10
12.9767904282,80.2225036621,27470,27480,10
12.9770698547,80.2229919434,27480,27490,10
12.9774799347,80.2236328125,27490,27500,10
12.977930069,80.2243423462,27500,27510,10
12.9780597687,80.2245407104,27510,27520,10
12.9783201218,80.2250366211,27520,27530,10
12.9786500931,80.2256622314,27530,27540,10
12.9790496826,80.2263870239,27540,27551,11
12.9793796539,80.2269668579,27551,27561,10
12.9798603058,80.2277297974,27561,27571,10
12.9803495407,80.2283935547,27571,27581,10
12.9806499481,80.2288208008,27581,27591,10
12.9809398651,80.2293624878,27591,27601,10
12.981300354,80.229927063,27601,27611,10
12.9814500809,80.2300872803,27611,27621,10
12.9816198349,80.2303771973,27621,27631,10
12.9817304611,80.2305297852,27631,27641,10
12.9818201065,80.2307281494,27641,27651,10
12.9819898605,80.2312774658,27651,27662,11
12.9820899963,80.2320327759,27662,27672,10
12.9820203781,80.2326126099,27672,27682,10
12.981880188,80.2330093384,27682,27692,10
12.9818096161,80.2331695557,27692,27702,10
12.9817695618,80.2332763672,27702,27712,10
12.9816398621,80.233543396,27712,27722,10
12.9815597534,80.2336578369,27722,27732,10
12.9813203812,80.2341766357,27732,27742,10
12.9812202454,80.2349319458,27742,27752,10
12.9812402725,80.2359237671,27752,27762,10
12.9812803268,80.2371292114,27762,27778,16
12.9813404083,80.2384567261,27778,27791,13
12.9813404083,80.2386779785,27791,27801,10
12.9813404083,80.2388000488,27801,27811,10
12.9813499451,80.2395172119,27811,27821,10
12.9813699722,80.2403030396,27821,27831,10
12.9813699722,80.2410888672,27831,27841,10
12.9813804626,80.2413330078,27841,27850,9
12.9813699722,80.2416534424,27850,27861,11
12.9813995361,80.2420272827,27861,27871,10
12.9813995361,80.242477417,27871,27881,10
12.9813899994,80.242767334,27881,27892,11
12.9814195633,80.2427902222,27892,27902,10
12.9813995361,80.2431869507,27902,27912,10
12.9813804626,80.243560791,27912,27922,10
12.9812898636,80.2441711426,27922,27932,10
12.9811601639,80.2450408936,27932,27942,10
12.9810600281,80.2460327148,27942,27952,10
12.980919838,80.2472686768,27952,27961,9
12.9808597565,80.2483978271,27961,27971,10
12.9807100296,80.2496490479,27971,27982,11
12.9804801941,80.2507171631,27982,27992,10
12.9802799225,80.2514419556,27992,28003,11
12.9801502228,80.2520294189,28003,28013,10
12.9800796509,80.2522277832,28013,28023,10
12.9800100327,80.2525405884,28023,28093,70
12.9800100327,80.2525405884,28093,28103,10
12.9798603058,80.252822876,28103,28113,10
12.9793195724,80.2527389526,28113,28124,11
12.9786396027,80.2526321411,28124,28134,10
12.9786396027,80.2526016235,28134,28144,10
12.9782400131,80.2523193359,28144,28154,10
12.9776096344,80.2517700195,28154,28164,10
12.9766998291,80.2512588501,28164,28174,10
12.9755496979,80.2509078979,28174,28184,10
12.9743003845,80.2505493164,28184,28194,10
12.9732904434,80.250289917,28194,28204,10
12.9725599289,80.2501602173,28204,28214,10
12.9724798203,80.2501525879,28214,28225,11
12.972120285,80.2500610352,28225,28235,10
12.9714202881,80.2498626709,28235,28245,10
12.9705600739,80.2495880127,28245,28255,10
12.9695501328,80.2492294312,28255,28265,10
12.9683799744,80.2487182617,28265,28275,10
12.96737957,80.2483215332,28275,28285,10
12.9665699005,80.2479019165,28285,28295,10
12.965760231,80.2475204468,28295,28305,10
12.9650297165,80.247177124,28305,28315,10
12.9649896622,80.2472229004,28315,28325,10
12.9643802643,80.2470703125,28325,28356,31
12.9643802643,80.2470703125,28356,28366,10
12.9642000198,80.2470169067,28366,28376,10
12.9638395309,80.2469100952,28376,28386,10
12.9633903503,80.2466888428,28386,28396,10
12.9630203247,80.2464599609,28396,28406,10
12.9624900818,80.2462387085,28406,28416,10
12.9617204666,80.2459030151,28416,28426,10
12.9606895447,80.2453765869,28426,28436,10
12.9597196579,80.2449417114,28436,28446,10
12.959400177,80.2448425293,28446,28457,11
12.9593601227,80.2448196411,28457,28467,10
12.9591798782,80.244720459,28467,28477,10
12.9587697983,80.2445526123,28477,28487,10
12.9580602646,80.2442321777,28487,28497,10
12.9574098587,80.2440032959,28497,28507,10
12.956489563,80.2437133789,28507,28527,20
12.956489563,80.2437133789,28527,28537,10
12.9563503265,80.2436828613,28537,28547,10
12.9560804367,80.2435913086,28547,28557,10
12.9554395676,80.243270874,28557,28568,11
12.9545297623,80.2428207397,28568,28578,10
12.9535799026,80.2423934937,28578,28588,10
12.9524497986,80.2418899536,28588,28598,10
12.9517002106,80.2416381836,28598,28608,10
12.9516000748,80.2415771484,28608,28618,10
12.9512701035,80.2414474487,28618,28628,10
12.9505796432,80.2412490845,28628,28638,10
12.9496603012,80.2409820557,28638,28648,10
12.9492397308,80.2408981323,28648,28658,10
12.9489803314,80.2408065796,28658,28699,41
12.9489803314,80.2408065796,28699,28709,10
12.9488201141,80.2407302856,28709,28719,10
12.9482603073,80.2405166626,28719,28729,10
12.9474096298,80.2401123047,28729,28739,10
12.9469804764,80.2398910522,28739,28749,10
12.9469003677,80.2398605347,28749,28759,10
12.9464302063,80.2396697998,28759,28769,10
12.9456796646,80.2392730713,28769,28779,10
12.944899559,80.2387313843,28779,28790,11
12.9440698624,80.2378616333,28790,28800,10
12.9433403015,80.2371368408,28800,28810,10
12.9432201385,80.2370376587,28810,28820,10
12.9430198669,80.2369308472,28820,28830,10
12.9424600601,80.236618042,28830,28840,10
12.9415397644,80.2363815308,28840,28850,10
12.9405097961,80.2360610962,28850,28860,10
12.9397602081,80.2358322144,28860,28870,10
12.9396400452,80.2358322144,28870,28880,10
12.9394302368,80.2357635498,28880,28890,10
12.9388599396,80.2354736328,28890,28900,10
12.9380598068,80.2350616455,28900,28911,11
12.9369697571,80.2344970703,28911,28921,10
12.9359998703,80.2339477539,28921,28941,20
12.9359998703,80.2339477539,28941,28951,10
12.9358501434,80.2340164185,28951,28961,10
12.9354696274,80.2338027954,28961,28971,10
12.9348096848,80.2334899902,28971,28981,10
12.9339799881,80.2331008911,28981,28991,10
12.9337701797,80.2329711914,28991,29001,10
12.9337100983,80.2329177856,29001,29011,10
12.933380127,80.2328414917,29011,29021,10
12.9326896667,80.2325668335,29021,29032,11
12.9316501617,80.2321929932,29032,29042,10
12.9304800034,80.2316970825,29042,29052,10
12.9292602539,80.2313919067,29052,29062,10
12.9281196594,80.2312011719,29062,29072,10
12.9271202087,80.2311477661,29072,29082,10
12.9263000488,80.2310562134,29082,29092,10
12.9261102676,80.2310333252,29092,29102,10
12.9260597229,80.2310333252,29102,29112,10
12.9255800247,80.2309875488,29112,29122,10
12.9248199463,80.2309112549,29122,29132,10
12.9238595963,80.230758667,29132,29143,11
12.9225902557,80.2305526733,29143,29153,10
12.9213104248,80.2303390503,29153,29163,10
12.9202299118,80.2302322388,29163,29173,10
12.9193696976,80.2301712036,29173,29183,10
12.9192399979,80.2301635742,29183,29193,10
12.9191799164,80.2302017212,29193,29203,10
12.9186296463,80.2301712036,29203,29213,10
12.9176998138,80.2299804688,29213,29223,10
12.9165296555,80.2297821045,29223,29233,10
12.9152202606,80.2295684814,29233,29243,10
12.9141101837,80.2293624878,29243,29254,11
12.9134397507,80.2293014526,29254,29264,10
12.9132795334,80.2293014526,29264,29274,10
12.9132099152,80.2293014526,29274,29284,10
12.9126796722,80.2292327881,29284,29294,10
12.9118204117,80.2291030884,29294,29304,10
12.9107303619,80.2289428711,29304,29320,16
12.9086799622,80.2285995483,29320,29332,12
12.9072399139,80.2284011841,29332,29342,10
12.9063396454,80.2283401489,29342,29352,10
12.9062099457,80.2283172607,29352,29362,10
12.9062004089,80.2283706665,29362,29373,11
12.9056396484,80.2283401489,29373,29383,10
12.9047403336,80.2282104492,29383,29393,10
12.9036197662,80.2281570435,29393,29403,10
12.9023799896,80.2281188965,29403,29414,11
12.9013996124,80.2280197144,29414,29485,71
12.9013996124,80.2280197144,29485,29495,10
12.9013204575,80.2280807495,29495,29505,10
12.9010696411,80.2279968262,29505,29515,10
12.9006795883,80.2279205322,29515,29525,10
12.9002103806,80.2279434204,29525,29535,10
12.8996801376,80.227897644,29535,29545,10
12.8990001678,80.2278823853,29545,29565,20
12.8990001678,80.2278823853,29565,29575,10
12.8989496231,80.227897644,29575,29585,10
12.8987903595,80.2279281616,29585,29596,11
12.8980703354,80.2278823853,29596,29606,10
12.8971300125,80.2277908325,29606,29616,10
12.8959197998,80.2277069092,29616,29626,10
12.8947000504,80.2276382446,29626,29636,10
12.8936500549,80.2275695801,29636,29646,10
12.8931598663,80.2275924683,29646,29656,10
12.8930397034,80.2274780273,29656,29666,10
12.8930196762,80.2275238037,29666,29676,10
12.8924598694,80.227432251,29676,29686,10
12.8915395737,80.227432251,29686,29696,10
12.8903398514,80.2274169922,29696,29713,17
12.888299942,80.2273635864,29713,29735,22
12.888299942,80.2273635864,29735,29744,9
12.8879499435,80.2274169922,29744,29755,11
12.8870601654,80.2272796631,29755,29765,10
12.8859596252,80.2269821167,29765,29775,10
12.8852796555,80.2268218994,29775,29785,10
12.8851203918,80.2267990112,29785,29795,10
12.8848495483,80.2269134521,29795,29805,10
12.8841400146,80.226852417,29805,29815,10
12.8831195831,80.2268218994,29815,29826,11
12.881770134,80.2267990112,29826,29836,10
12.8806200027,80.2267837524,29836,29846,10
12.8795003891,80.2267837524,29846,29856,10
12.8784704208,80.2268371582,29856,29866,10
12.8775701523,80.2269134521,29866,29876,10
12.8771295547,80.2269287109,29876,29885,9
12.876950264,80.2269592285,29885,29895,10
12.8768196106,80.2269973755,29895,29905,10
12.876660347,80.2269973755,29905,29916,11
12.876540184,80.2269363403,29916,29927,11
12.8765201569,80.2269363403,29927,29937,10
12.8764801025,80.2266998291,29937,29947,10
12.8765001297,80.2264633179,29947,29957,10
12.8765096664,80.2263870239,29957,29967,10
12.8765602112,80.2257766724,29967,29977,10
12.876660347,80.2248001099,29977,29987,10
12.8768796921,80.2236099243,29987,29997,10
12.8771800995,80.2222518921,29997,30007,10
12.8775396347,80.2208862305,30007,30017,10
12.8777503967,80.2197723389,30017,30027,10
12.8779296875,80.2190093994,30027,30037,10
12.8780899048,80.218208313,30037,30048,11
12.8782901764,80.2172622681,30048,30058,10
12.8784599304,80.2163925171,30058,30068,10
12.8787002563,80.2153930664,30068,30084,16
12.879070282,80.2136383057,30084,30096,12
12.8792896271,80.2123336792,30096,30106,10
12.8793897629,80.2117233276,30106,30115,9
12.8793001175,80.2109985352,30115,30136,21
12.8793001175,80.2109985352,30136,30146,10
12.8789196014,80.2109375,30146,30156,10
12.8784103394,80.2108383179,30156,30167,11
12.8776102066,80.210647583,30167,30177,10
12.8769197464,80.2105789185,30177,30187,10
12.8763399124,80.2104873657,30187,30197,10
12.8756198883,80.2103500366,30197,30207,10
12.8746995926,80.2102279663,30207,30247,40
12.8746995926,80.2102279663,30247,30257,10
12.87458992,80.2100982666,30257,30267,10
12.8744096756,80.2100601196,30267,30278,11
12.8744096756,80.2098007202,30278,30288,10
12.8744897842,80.2096328735,30288,30298,10
12.8748502731,80.2096481323,30298,30308,10
12.8748102188,80.209777832,30308,30328,20
12.8746700287,80.2097320557,30328,30358,30
12.8746700287,80.2097320557,30358,30368,10
12.8746795654,80.2100372314,30368,30389,21
12.8745698929,80.2097091675,30389,30429,40
12.8747701645,80.2096176147,30429,30510,81
12.8747701645,80.2096176147,30510,30520,10
12.8748197556,80.2099304199,30520,30560,40
12.8748197556,80.2099304199,30560,30569,9
12.8746795654,80.2098312378,30569,30579,10
12.8746595383,80.209777832,30579,30590,11
12.8746595383,80.2097702026,30590,30600,10
12.8746995926,80.209777832,30600,30621,21
12.8746995926,80.209777832,30621,30631,10
12.8747196198,80.2095794678,30631,30641,10
12.8747196198,80.2094192505,30641,30651,10
12.8747997284,80.2093887329,30651,30661,10
12.8746795654,80.2097015381,30661,30671,10
12.874540329,80.2098236084,30671,30681,10
12.8752498627,80.2101135254,30681,30691,10
12.8734197617,80.2100067139,30691,30711,20
12.8734197617,80.2100067139,30711,30721,10
12.8738899231,80.2098922729,30721,30742,21
12.8738899231,80.2098922729,30742,30752,10
12.8740997314,80.2100372314,30752,30762,10
12.8741102219,80.2098770142,30762,30772,10
12.8745298386,80.2096862793,30772,30782,10
12.8745803833,80.2096405029,30782,30792,10
12.8747301102,80.2095336914,30792,30802,10
12.8747997284,80.2096710205,30802,30812,10
12.8748598099,80.2098388672,30812,30843,31
12.8748598099,80.2098388672,30843,30853,10
12.8746500015,80.2097625732,30853,30863,10
12.8749103546,80.2098236084,30863,30873,10
12.8751296997,80.2098236084,30873,30883,10
12.8748903275,80.2099075317,30883,30913,30
12.8748903275,80.2099075317,30913,30923,10
12.8747701645,80.2099761963,30923,30933,10
12.8747596741,80.2100067139,30933,30944,11
12.8747797012,80.2098464966,30944,30964,20
12.8747797012,80.2098464966,30964,30974,10
12.8746004105,80.2096786499,30974,30984,10
12.8746595383,80.2098007202,30984,30994,10
12.8746900558,80.2098617554,30994,31004,10
12.8748102188,80.2099609375,31004,31014,10
12.8747301102,80.2100982666,31014,31024,10
12.8747997284,80.2102127075,31024,31034,10
12.8749599457,80.2102279663,31034,31044,10
12.8751001358,80.2102432251,31044,31054,10
12.8754501343,80.2102737427,31054,31065,11
12.8760204315,80.2103805542,31065,31075,10
12.8765697479,80.2104873657,31075,31085,10
12.8769397736,80.2105407715,31085,31095,10
12.8773803711,80.2106170654,31095,31105,10
12.8780002594,80.2107620239,31105,31115,10
12.8786296844,80.2108764648,31115,31125,10
12.879240036,80.2109909058,31125,31145,20
12.879240036,80.2109909058,31145,31156,11
12.8793897629,80.2110366821,31156,31166,10
12.8795003891,80.2113265991,31166,31177,11
12.8793697357,80.2119827271,31177,31187,10
12.8791999817,80.2127380371,31187,31197,10
12.8790302277,80.2136688232,31197,31207,10
12.8788499832,80.2146224976,31207,31216,9
12.8786802292,80.2154922485,31216,31227,11
12.8784399033,80.2164535522,31227,31237,10
12.8782396317,80.2174682617,31237,31247,10
12.8780698776,80.218421936,31247,31257,10
12.8779201508,80.2191390991,31257,31267,10
12.8777399063,80.2198562622,31267,31449,182
12.8777399063,80.2198562622,31449,31459,10
12.8777399063,80.2199935913,31459,31469,10
12.8776102066,80.2205429077,31469,31479,10
12.8774003983,80.2213821411,31479,31489,10
12.8771800995,80.2222976685,31489,31499,10
12.8769197464,80.2234115601,31499,31509,10
12.8767204285,80.2245407104,31509,31520,11
12.8766002655,80.2256469727,31520,31530,10
12.8764801025,80.2262496948,31530,31540,10
12.8764696121,80.2267227173,31540,31560,20
12.8764696121,80.2267227173,31560,31570,10
12.8764801025,80.2268371582,31570,31580,10
12.8766899109,80.2268981934,31580,31590,10
12.8770704269,80.2268371582,31590,31600,10
12.8778400421,80.2267532349,31600,31610,10
12.8788700104,80.2266769409,31610,31620,10
12.8800697327,80.2266616821,31620,31631,11
12.8814401627,80.2266616821,31631,31641,10
12.8825998306,80.2266464233,31641,31651,10
12.8837499619,80.2266464233,31651,31661,10
12.8849000931,80.2266387939,31661,31671,10
12.8854398727,80.2266769409,31671,31681,10
12.8854503632,80.2266769409,31681,31691,10
12.8855695724,80.2267227173,31691,31701,10
12.8861398697,80.2268676758,31701,31711,10
12.8869104385,80.2270507813,31711,31721,10
12.8877401352,80.2272033691,31721,31731,10
12.8885602951,80.2273025513,31731,31741,10
12.8885602951,80.2272796631,31741,31752,11
12.888999939,80.2272720337,31752,31762,10
12.8897600174,80.2272720337,31762,31772,10
12.8907699585,80.2273178101,31772,31782,10
12.8918304443,80.2273178101,31782,31792,10
12.89220047,80.2273025513,31792,31802,10
12.8922595978,80.2273025513,31802,31812,10
12.8927001953,80.2273330688,31812,31822,10
12.8933696747,80.2274169922,31822,31832,10
12.8942403793,80.2275085449,31832,31852,20
12.8942403793,80.2275085449,31852,31863,11
12.8943796158,80.2275238037,31863,31873,10
12.8950395584,80.2275466919,31873,31883,10
12.8960599899,80.2275924683,31883,31893,10
12.8972501755,80.2276611328,31893,31903,10
12.8983697891,80.2276992798,31903,31913,10
12.899600029,80.2277832031,31913,31963,50
12.899600029,80.2277832031,31963,31974,11
12.8999004364,80.2278213501,31974,31984,10
12.9003000259,80.2278213501,31984,31994,10
12.9007101059,80.2278289795,31994,32004,10
12.9010295868,80.2279129028,32004,32014,10
12.9014196396,80.2279205322,32014,32024,10
12.901889801,80.2279205322,32024,32034,10
12.9023704529,80.2279510498,32034,32044,10
12.9023799896,80.2279586792,32044,32054,10
12.9024801254,80.2279586792,32054,32064,10
12.902680397,80.2279815674,32064,32074,10
12.902879715,80.2279815674,32074,32084,10
12.9029397964,80.2279663086,32084,32095,11
12.9033002853,80.2279586792,32095,32105,10
12.9037399292,80.2279891968,32105,32115,10
12.9040298462,80.2280197144,32115,32125,10
12.9043998718,80.2280426025,32125,32135,10
12.9046497345,80.2280731201,32135,32145,10
12.9049701691,80.2280883789,32145,32155,10
12.9055595398,80.2280807495,32155,32165,10
12.90625,80.2281417847,32165,32276,111
12.90625,80.2281417847,32276,32286,10
12.9063901901,80.2281723022,32286,32296,10
12.9067602158,80.2281723022,32296,32306,10
12.9072904587,80.2282180786,32306,32317,11
12.9073495865,80.2282409668,32317,32327,10
12.9075298309,80.2282714844,32327,32337,10
12.9081201553,80.2283706665,32337,32347,10
12.9089698792,80.2285232544,32347,32357,10
12.9100198746,80.2286987305,32357,32367,10
12.9112501144,80.2288894653,32367,32377,10
12.9124298096,80.2290496826,32377,32387,10
12.9134197235,80.2292098999,32387,32397,10
12.9139204025,80.2292633057,32397,32407,10
12.9139099121,80.2292480469,32407,32417,10
12.9140100479,80.2292480469,32417,32426,9
12.9144496918,80.2292785645,32426,32438,12
12.9153003693,80.2294235229,32438,32448,10
12.9162797928,80.2295837402,32448,32458,10
12.9173402786,80.2297210693,32458,32468,10
12.9184503555,80.229888916,32468,32478,10
12.919549942,80.2300033569,32478,32498,20
12.919549942,80.2300033569,32498,32508,10
12.919960022,80.2300567627,32508,32518,10
12.9206600189,80.2301635742,32518,32528,10
12.9215402603,80.2302932739,32528,32538,10
12.9226303101,80.2304534912,32538,32549,11
12.9239196777,80.2306518555,32549,32559,10
12.9250898361,80.2308273315,32559,32569,10
12.9261798859,80.2308883667,32569,32589,20
12.9261798859,80.2308883667,32589,32599,10
12.9262695313,80.2309265137,32599,32609,10
12.9268198013,80.2309799194,32609,32619,10
12.9276695251,80.2310714722,32619,32629,10
12.928560257,80.2312088013,32629,32639,10
12.9290103912,80.231300354,32639,32649,10
12.929599762,80.2314071655,32649,32660,11
12.9305696487,80.231628418,32660,32670,10
12.9316396713,80.2319335938,32670,32680,10
12.9327602386,80.2323532104,32680,32690,10
12.9336204529,80.232673645,32690,32700,10
12.9336700439,80.2326812744,32700,32710,10
12.9336595535,80.2326889038,32710,32720,10
12.9340000153,80.2328796387,32720,32730,10
12.9346599579,80.2331619263,32730,32740,10
12.935549736,80.2335510254,32740,32750,10
12.9364595413,80.2339782715,32750,32760,10
12.9375,80.2345275879,32760,32770,10
12.9386396408,80.2350997925,32770,32781,11
12.9395999908,80.2355804443,32781,32791,10
12.9397201538,80.2356185913,32791,32801,10
12.9397802353,80.2356262207,32801,32811,10
12.9401903152,80.2358016968,32811,32821,10
12.9408597946,80.2359924316,32821,32837,16
12.9423103333,80.2363433838,32837,32849,12
12.943570137,80.2371368408,32849,32869,20
12.943570137,80.2371368408,32869,32879,10
12.9437799454,80.237449646,32879,32889,10
12.9442300797,80.2379684448,32889,32898,9
12.9448795319,80.2386398315,32898,32910,12
12.9457597733,80.2393798828,32910,32920,10
12.9467897415,80.2397537231,32920,32940,20
12.9467897415,80.2397537231,32940,32949,9
12.9468402863,80.2397613525,32949,32959,10
12.9472703934,80.2399520874,32959,32970,11
12.9480400085,80.240272522,32970,32990,20
12.9480400085,80.240272522,32990,33000,10
12.9482297897,80.2403411865,33000,33172,172
12.9482297897,80.2403411865,33172,33182,10
12.9486703873,80.2405166626,33182,33192,10
12.9490003586,80.2406692505,33192,33202,10
12.9494800568,80.240852356,33202,33212,10
12.9501399994,80.241027832,33212,33222,10
12.9509296417,80.2412796021,33222,33243,21
12.9509296417,80.2412796021,33243,33253,10
12.9510698318,80.2413635254,33253,33263,10
12.9514102936,80.2414627075,33263,33273,10
12.9520101547,80.2416992188,33273,33283,10
12.9527797699,80.2419967651,33283,33293,10
12.9536600113,80.2423324585,33293,33303,10
12.9544801712,80.2426528931,33303,33313,10
12.9550600052,80.2428817749,33313,33323,10
12.9556798935,80.2430877686,33323,33333,10
12.956199646,80.2432098389,33333,33343,10
12.9562797546,80.243270874,33343,33354,11
12.9565401077,80.243309021,33354,33364,10
12.9570503235,80.243598938,33364,33374,10
12.9577198029,80.2439193726,33374,33384,10
12.9579696655,80.2440185547,33384,33394,10
12.958319664,80.244178772,33394,33404,10
12.9588003159,80.244392395,33404,33414,10
12.9588603973,80.2444076538,33414,33424,10
12.9589395523,80.244430542,33424,33434,10
12.9590597153,80.2444915771,33434,33444,10
12.9593400955,80.2446365356,33444,33454,10
12.9599304199,80.2449188232,33454,33465,11
12.9608602524,80.2453613281,33465,33475,10
12.9615602493,80.2456970215,33475,33491,16
12.9625797272,80.2461700439,33491,33553,62
12.9625797272,80.2461700439,33553,33563,10
12.9627199173,80.2462310791,33563,33573,10
12.9630002975,80.246421814,33573,33584,11
12.9633598328,80.2466506958,33584,33594,10
12.9637498856,80.2468185425,33594,33604,10
12.9643602371,80.2470321655,33604,33614,10
12.9650497437,80.2472763062,33614,33624,10
12.9657497406,80.2475509644,33624,33634,10
12.9660396576,80.2475967407,33634,33644,10
12.966340065,80.2477111816,33644,33664,20
12.966340065,80.2477111816,33664,33674,10
12.9666404724,80.2478179932,33674,33684,10
12.9670696259,80.2480621338,33684,33695,11
12.9677295685,80.2483825684,33695,33705,10
12.9685401917,80.2487106323,33705,33715,10
12.969329834,80.2489471436,33715,33725,10
12.9701795578,80.2492599487,33725,33735,10
12.9711399078,80.2496185303,33735,33745,10
12.972240448,80.2499237061,33745,33755,10
12.9732599258,80.250213623,33755,33765,10
12.9740200043,80.2503890991,33765,33775,10
12.9743499756,80.2504425049,33775,33785,10
12.9743795395,80.2504272461,33785,33801,16
12.9752998352,80.2507171631,33801,33814,13
12.9765100479,80.251083374,33814,33824,10
12.9774904251,80.2515029907,33824,33834,10
12.9783201218,80.2522277832,33834,33844,10
12.9793796539,80.252571106,33844,33854,10
12.9799203873,80.2524795532,33854,33864,10
12.9799699783,80.252166748,33864,33874,10
12.9799604416,80.252166748,33874,33884,10
12.9799404144,80.2519302368,33884,33894,10
12.9801502228,80.2513122559,33894,33904,10
12.9804496765,80.2504272461,33904,33914,10
12.9806804657,80.2493972778,33914,33925,11
12.9807195663,80.2480316162,33925,33935,10
12.9808197021,80.246673584,33935,33945,10
12.9809904099,80.2452087402,33945,33954,9
12.9811401367,80.2441635132,33954,33965,11
12.9812402725,80.243637085,33965,33975,10
12.9813499451,80.2432479858,33975,33985,10
12.9813499451,80.2428512573,33985,33995,10
12.9813499451,80.2428207397,33995,34005,10
12.9813699722,80.2427597046,34005,34015,10
12.9813699722,80.2424316406,34015,34025,10
12.9813203812,80.2419967651,34025,34036,11
12.981300354,80.2415390015,34036,34046,10
12.9813404083,80.240737915,34046,34056,10
12.9813499451,80.239730835,34056,34066,10
12.9813499451,80.238822937,34066,34076,10
12.9813203812,80.2383575439,34076,34086,10
12.981300354,80.2380065918,34086,34096,10
12.981300354,80.2378234863,34096,34106,10
12.9812402725,80.2372817993,34106,34116,10
12.9811897278,80.2364196777,34116,34126,10
12.9811897278,80.2356033325,34126,34136,10
12.981180191,80.2348022461,34136,34154,18
12.9814901352,80.2336273193,34154,34166,12
12.9815797806,80.2334823608,34166,34176,10
12.9816303253,80.2333984375,34176,34186,10
12.981760025,80.2331008911,34186,34196,10
12.982000351,80.2324295044,34196,34206,10
12.9819498062,80.2321014404,34206,34216,10
12.9819202423,80.231628418,34216,34226,10
12.9818096161,80.2312088013,34226,34236,10
12.9816904068,80.2306976318,34236,34245,9
12.9814195633,80.2300491333,34245,34256,11
12.9809503555,80.2294769287,34256,34267,11
12.9807395935,80.2292175293,34267,34277,10
12.9806203842,80.229019165,34277,34287,10
12.9805402756,80.2289428711,34287,34297,10
12.9802999496,80.2285995483,34297,34307,10
12.9801197052,80.2280883789,34307,34317,10
12.979640007,80.2273788452,34317,34327,10
12.9792604446,80.2266464233,34327,34337,10
12.9788999557,80.2260665894,34337,34347,10
12.978679657,80.2256011963,34347,34357,10
12.9783802032,80.2250823975,34357,34367,10
12.9782495499,80.224822998,34367,34377,10
12.9781198502,80.2247314453,34377,34394,17
12.9778699875,80.2242584229,34394,34406,12
12.9776496887,80.2238998413,34406,34416,10
12.9772195816,80.2233276367,34416,34426,10
12.9769897461,80.2229309082,34426,34446,20
12.9769897461,80.2229309082,34446,34456,10
12.9772100449,80.2227706909,34456,34466,10
12.9772195816,80.2227783203,34466,34476,10
12.977350235,80.2227401733,34476,34486,10
12.977640152,80.2224807739,34486,34497,11
12.9774799347,80.2221908569,34497,34506,9
12.977399826,80.2218093872,34506,34517,11
12.977519989,80.2213897705,34517,34527,10
12.97797966,80.2212371826,34527,34537,10
12.9787797928,80.2211532593,34537,34547,10
12.9794797897,80.2211608887,34547,34557,10
12.9798898697,80.2211227417,34557,34567,10
12.9806404114,80.2210235596,34567,34577,10
12.9812297821,80.2211303711,34577,34587,10
12.9818496704,80.2215118408,34587,34597,10
12.9823598862,80.2217407227,34597,34608,11
12.9829902649,80.2219619751,34608,34628,20
12.9829902649,80.2219619751,34628,34638,10
12.9832000732,80.2220687866,34638,34648,10
12.9835395813,80.2222518921,34648,34658,10
12.983830452,80.222442627,34658,34668,10
12.9842700958,80.2227096558,34668,34678,10
12.9849004745,80.2231063843,34678,34688,10
12.9854602814,80.2232589722,34688,34698,10
12.9859399796,80.2229232788,34698,34708,10
12.9865503311,80.2229614258,34708,34719,11
12.986700058,80.2229919434,34719,34729,10
12.9870996475,80.2230377197,34729,34739,10
12.9876203537,80.2230911255,34739,34749,10
12.9883403778,80.2227325439,34749,34759,10
12.9889802933,80.2220611572,34759,34769,10
12.9894304276,80.2214431763,34769,34779,10
12.9898796082,80.2207870483,34779,34789,10
12.9903802872,80.2203598022,34789,34799,10
12.9905004501,80.2203598022,34799,34809,10
12.9908504486,80.2200698853,34809,34819,10
12.9913797379,80.2196502686,34819,34829,10
12.9918203354,80.2193374634,34829,34840,11
12.9925003052,80.2188796997,34840,34850,10
12.9933300018,80.2182769775,34850,34860,10
12.9945402145,80.2174224854,34860,34880,20
12.9946804047,80.2173080444,34880,34920,40
12.9946804047,80.2173080444,34920,34930,10
12.9950504303,80.2170333862,34930,34940,10
12.9953804016,80.2168197632,34940,34951,11
12.995759964,80.2166671753,34951,34991,40
12.995759964,80.2166671753,34991,35001,10
12.9962100983,80.2164764404,35001,35021,20
12.9962100983,80.2164764404,35021,35030,9
12.9963598251,80.216468811,35030,35041,11
12.9966402054,80.2164611816,35041,35051,10
12.9966697693,80.2164764404,35051,35062,11
12.9968996048,80.2164611816,35062,35072,10
12.9972000122,80.2164382935,35072,35082,10
12.9974899292,80.2161712646,35082,35092,10
12.9975299835,80.2161178589,35092,35102,10
12.9977397919,80.2159194946,35102,35112,10
12.9981603622,80.2155075073,35112,35122,10
12.9988603592,80.2149581909,35122,35132,10
12.9991598129,80.2146606445,35132,35142,10
12.9996299744,80.2142562866,35142,35152,10
12.9999904633,80.2139663696,35152,35162,10
13.0004301071,80.2135620117,35162,35172,10
13.00096035,80.2131195068,35172,35183,11
13.0017795563,80.2125015259,35183,35193,10
13.0025701523,80.2121200562,35193,35203,10
13.0032596588,80.2120513916,35203,35213,10
13.0036001205,80.2119369507,35213,35223,10
13.0035495758,80.2118377686,35223,35233,10
13.0037002563,80.2116012573,35233,35243,10
13.0036897659,80.2110366821,35243,35253,10
13.0036096573,80.2103805542,35253,35263,10
13.0035495758,80.2095031738,35263,35273,10
13.0037298203,80.2087097168,35273,35283,10
13.0044403076,80.2087478638,35283,35293,10
13.0051603317,80.2091293335,35293,35304,11
13.0060396194,80.2094573975,35304,35320,16
13.0068798065,80.2096862793,35320,35332,12
13.007229805,80.2097396851,35332,35340,8
13.0072498322,80.2097396851,35340,35352,12
13.0076198578,80.2098922729,35352,35362,10
13.0079298019,80.2099380493,35362,35371,9
13.0080404282,80.2099533081,35371,35382,11
13.0081501007,80.2098236084,35382,35392,10
13.0079097748,80.2092971802,35392,35402,10
13.0078496933,80.2084579468,35402,35413,11
13.0078802109,80.2074203491,35413,35422,9
13.0077400208,80.2068023682,35422,35433,11
13.0075902939,80.2059707642,35433,35443,10
13.0074901581,80.2053604126,35443,35453,10
13.007519722,80.2045974731,35453,35463,10
13.0072803497,80.2039489746,35463,35473,10
13.0072002411,80.2033233643,35473,35483,10
13.0068101883,80.2025604248,35483,35493,10
13.0066204071,80.2033691406,35493,35503,10
13.0074996948,80.2037277222,35503,35512,9
13.0083503723,80.2037506104,35512,35524,12
13.0097303391,80.2036590576,35524,35534,10
13.0109395981,80.203666687,35534,35544,10
13.0120697021,80.2038116455,35544,35554,10
13.0130596161,80.2040176392,35554,35564,10
13.0140199661,80.2042617798,35564,35584,20
13.0140199661,80.2042617798,35584,35594,10
13.0141897202,80.2040481567,35594,35624,30
13.0141897202,80.2040481567,35624,35634,10
13.0139598846,80.2042236328,35634,35645,11
13.0137996674,80.2045135498,35645,35655,10
13.0136499405,80.2046813965,35655,35665,10
13.0133600235,80.2046737671,35665,35674,9
13.0131998062,80.2049407959,35674,35685,11
13.0130596161,80.2058563232,35685,35695,10
13.0129203796,80.2064971924,35695,35705,10
13.0128297806,80.2069015503,35705,35715,10
13.0128202438,80.2069396973,35715,35725,10
13.0126600266,80.2076873779,35725,35735,10
13.0128498077,80.2081832886,35735,35744,9
13.0131597519,80.2089920044,35744,35756,12
13.0130701065,80.2101516724,35756,35766,10
13.0129804611,80.2107772827,35766,35776,10
13.0127801895,80.2115020752,35776,35786,10
13.0124597549,80.2120437622,35786,35796,10
13.0121097565,80.2124328613,35796,35806,10
13.0120296478,80.2126235962,35806,35816,10
13.0118598938,80.2127685547,35816,35826,10
13.0118198395,80.2127685547,35826,35836,10
13.0113401413,80.2125320435,35836,35846,10
13.0104503632,80.2119827271,35846,35877,31
13.0104503632,80.2119827271,35877,35887,10
13.0105800629,80.2117996216,35887,35907,20
13.0105800629,80.2117996216,35907,35917,10
13.0105104446,80.2116699219,35917,35927,10
13.0103397369,80.2116088867,35927,35937,10
13.0102396011,80.2115707397,35937,35947,10
13.0101804733,80.2115325928,35947,35957,10
13.0101003647,80.2114562988,35957,35967,10
13.0101003647,80.2114715576,35967,35978,11
13.0098600388,80.211479187,35978,35988,10
13.0097503662,80.2113037109,35988,36048,60
13.0094499588,80.2110595703,36048,36109,61
13.0094499588,80.2110595703,36109,36119,10
13.0095100403,80.2110595703,36119,36159,40
13.0095796585,80.2110290527,36159,36189,30
13.0095796585,80.2107772827,36189,36280,91
13.0096101761,80.2106704712,36280,36321,41
13.0095596313,80.2108001709,36321,36341,20
13.0095596313,80.2108001709,36341,36351,10
13.0094995499,80.2109222412,36351,36361,10
13.0095901489,80.2110366821,36361,36371,10
13.009469986,80.2110366821,36371,36421,50
13.009469986,80.2110366821,36421,36431,10
13.0091400146,80.2112884521,36431,36472,41
13.0091400146,80.2112884521,36472,36482,10
13.0089998245,80.2115631104,36482,36492,10
13.0091400146,80.2118377686,36492,36512,20
13.0091400146,80.2118377686,36512,36522,10
13.0092897415,80.2122497559,36522,36532,10
13.0094604492,80.2127380371,36532,36542,10
13.0096797943,80.2133178711,36542,36553,11
13.0098495483,80.2138824463,36553,36563,10
13.0100898743,80.2145385742,36563,36572,9
13.0102396011,80.2152175903,36572,36583,11
13.0105104446,80.2161178589,36583,36593,10
13.0109195709,80.2170562744,36593,36603,10
13.011300087,80.2180023193,36603,36613,10
13.0116300583,80.218963623,36613,36623,10
13.0119600296,80.2199172974,36623,36633,10
13.012260437,80.2207183838,36633,36643,10
13.0124597549,80.221282959,36643,36653,10
13.0124397278,80.2212982178,36653,36663,10
13.0126600266,80.2214584351,36663,36674,11
13.0129098892,80.221786499,36674,36684,10
13.0132198334,80.2221298218,36684,36694,10
13.0134496689,80.2225036621,36694,36704,10
13.0135803223,80.2229232788,36704,36714,10
13.0137996674,80.2231826782,36714,36724,10
13.0140199661,80.2233886719,36724,36734,10
13.0143098831,80.2236404419,36734,36744,10
13.0143995285,80.223739624,36744,36754,10
13.0146398544,80.2237472534,36754,36764,10
13.0147304535,80.2242202759,36764,36774,10
13.0150499344,80.2248687744,36774,36785,11
13.0153999329,80.225479126,36785,36795,10
13.0152797699,80.2257003784,36795,36805,10
13.015080452,80.2258605957,36805,36815,10
13.0146398544,80.2260818481,36815,36825,10
13.0139598846,80.226348877,36825,36835,10
13.0131196976,80.2267608643,36835,36845,10
13.0122203827,80.2272109985,36845,36855,10
13.0112199783,80.2273330688,36855,36865,10
13.0101900101,80.2276916504,36865,36875,10
13.0095396042,80.2277984619,36875,36885,10
13.0093898773,80.2271194458,36885,36896,11
13.0094995499,80.2264785767,36896,36906,10
13.0103797913,80.225402832,36906,36916,10
13.01101017,80.2243118286,36916,36926,10
13.0113697052,80.2234420776,36926,36936,10
13.0112600327,80.22290802,36936,36946,10
13.0104703903,80.2228012085,36946,36956,10
13.010310173,80.2227478027,36956,36966,10
13.0101203918,80.2225799561,36966,36976,10
13.0096702576,80.2222366333,36976,36986,10
13.0088996887,80.2218399048,36986,36996,10
13.0080299377,80.221321106,36996,37005,9
13.0071697235,80.2208709717,37005,37017,12
13.0060396194,80.2204208374,37017,37027,10
13.0049600601,80.2202529907,37027,37037,10
13.0044403076,80.220161438,37037,37047,10
13.0044403076,80.2202377319,37047,37057,10
13.0039796829,80.2201385498,37057,37067,10
13.0030698776,80.2199401855,37067,37077,10
13.0022697449,80.2193908691,37077,37087,10
13.0016002655,80.2186279297,37087,37097,10
13.0007600784,80.2180633545,37097,37107,10
12.9998703003,80.2174987793,37107,37116,9
12.99903965,80.2169876099,37116,37128,12
12.9979600906,80.2165603638,37128,37138,10
12.9973497391,80.2164993286,37138,37148,10
12.9973697662,80.2165679932,37148,37158,10
12.9970502853,80.2165679932,37158,37168,10
12.9964199066,80.2165679932,37168,37178,10
12.9956502914,80.2168426514,37178,37188,10
12.9947099686,80.2172622681,37188,37198,10
12.9939899445,80.2177734375,37198,37208,10
12.9933595657,80.2182235718,37208,37218,10
12.9927196503,80.2187194824,37218,37228,10
12.9920501709,80.2193527222,37228,37239,11
12.9916095734,80.2196807861,37239,37249,10
12.9911003113,80.2199935913,37249,37259,10
12.990819931,80.2201766968,37259,37269,10
12.9906702042,80.2202301025,37269,37278,9
12.9903402328,80.220489502,37278,37289,11
12.9896402359,80.2212524414,37289,37299,10
12.9892501831,80.2216873169,37299,37309,10
12.988940239,80.222038269,37309,37319,10
12.9884996414,80.2225189209,37319,37329,10
12.9877996445,80.22315979,37329,37339,10
12.9875497818,80.2232437134,37339,37349,10
12.9874200821,80.2231216431,37349,37360,11
12.9870901108,80.2230224609,37360,37370,10
12.9867601395,80.2229690552,37370,37380,10
12.9865703583,80.2229232788,37380,37390,10
12.9861001968,80.2228317261,37390,37400,10
12.9854602814,80.2232437134,37400,37410,10
12.9849004745,80.2230987549,37410,37420,10
12.9844198227,80.2228164673,37420,37430,10
12.9839200974,80.2225494385,37430,37440,10
12.9833803177,80.2222366333,37440,37450,10
12.9832201004,80.2221298218,37450,37460,10
12.9831399918,80.2221221924,37460,37471,11
12.9828500748,80.2219924927,37471,37481,10
12.9824304581,80.2219085693,37481,37491,10
12.9819097519,80.2215270996,37491,37501,10
12.9814300537,80.2212295532,37501,37511,10
12.9811000824,80.2210617065,37511,37521,10
12.9806404114,80.2209472656,37521,37531,10
12.9801597595,80.2209320068,37531,37541,10
12.9794502258,80.2210235596,37541,37551,10
12.9785499573,80.2210006714,37551,37561,10
12.9778203964,80.221031189,37561,37571,10
12.9774599075,80.2211303711,37571,37581,10
12.9767799377,80.221206665,37581,37598,17
12.9762201309,80.2214736938,37598,37610,12
12.9764795303,80.2217788696,37610,37640,30
12.9764299393,80.2219619751,37640,37670,30
12.9764299393,80.2219619751,37670,37680,10
12.9765996933,80.2222824097,37680,37690,10
12.9768800735,80.2227020264,37690,37701,11
12.9771404266,80.2230987549,37701,37711,10
12.9774904251,80.2237091064,37711,37721,10
12.9778795242,80.224357605,37721,37731,10
12.9781303406,80.2247009277,37731,37741,10
12.9783802032,80.225151062,37741,37751,10
12.9787397385,80.2257080078,37751,37761,10
12.9791498184,80.2263565063,37761,37771,10
12.9796104431,80.2270812988,37771,37792,21
12.9800901413,80.2279129028,37792,37804,12
12.9804201126,80.2285308838,37804,37813,9
12.9807195663,80.2290420532,37813,37823,10
12.9810304642,80.2295837402,37823,37834,11
12.9816799164,80.2305831909,37834,37855,21
12.9816799164,80.2305831909,37855,37865,10
12.9818601608,80.2307434082,37865,37875,10
12.9820404053,80.2311706543,37875,37885,10
12.9821195602,80.2315979004,37885,37966,81
12.9820604324,80.2318191528,37966,38047,81
12.9820995331,80.2319793701,38047,38097,50
12.9820995331,80.2319793701,38097,38107,10
12.9820899963,80.2322692871,38107,38117,10
12.9819803238,80.2326812744,38117,38147,30
12.9819803238,80.2326812744,38147,38157,10
12.9818696976,80.2329864502,38157,38168,11
12.9818296432,80.2330703735,38168,38178,10
12.9816598892,80.2334594727,38178,38198,20
12.9816598892,80.2334594727,38198,38208,10
12.9815196991,80.2337036133,38208,38218,10
12.9813699722,80.2340087891,38218,38228,10
12.9812803268,80.2344512939,38228,38238,10
12.9812498093,80.234916687,38238,38248,10
12.9812602997,80.2356109619,38248,38258,10
12.9812698364,80.2365875244,38258,38268,10
12.9812803268,80.237411499,38268,38279,11
12.981300354,80.2376022339,38279,38289,10
12.981300354,80.2377929688,38289,38299,10
12.981300354,80.2379379272,38299,38309,10
12.9813098907,80.2381286621,38309,38319,10
12.9813404083,80.2383880615,38319,38329,10
12.9813404083,80.2386398315,38329,38339,10
12.9813404083,80.2386627197,38339,38348,9
12.9813499451,80.2387924194,38348,38359,11
12.9813699722,80.238861084,38359,38369,10
12.9813604355,80.2391204834,38369,38390,21
12.9813604355,80.2391204834,38390,38400,10
12.9813604355,80.2393875122,38400,38410,10
12.9813604355,80.2395019531,38410,38420,10
12.9813604355,80.2398223877,38420,38430,10
12.9813699722,80.2403030396,38430,38440,10
12.9813604355,80.241027832,38440,38450,10
12.9813404083,80.241897583,38450,38460,10
12.9813804626,80.2422866821,38460,38470,10
12.9814300537,80.2428436279,38470,38490,20
12.9814300537,80.2428436279,38490,38500,10
12.9814195633,80.2432022095,38500,38511,11
12.9813203812,80.243927002,38511,38521,10
12.981180191,80.2448272705,38521,38531,10
12.9810600281,80.2459030151,38531,38541,10
12.9809598923,80.247177124,38541,38551,10
12.980799675,80.2484130859,38551,38561,10
12.9806499481,80.2497329712,38561,38571,10
12.9804496765,80.250793457,38571,38581,10
12.9801597595,80.2518234253,38581,38591,10
12.9799804688,80.2524185181,38591,38632,41
12.9799804688,80.2524185181,38632,38642,10
12.9799404144,80.252456665,38642,38672,30
12.9799404144,80.252456665,38672,38682,10
12.9798603058,80.2526626587,38682,38692,10
12.979640007,80.2527313232,38692,38702,10
12.979060173,80.2526626587,38702,38712,10
12.9786596298,80.2525787354,38712,38722,10
12.9786500931,80.2525787354,38722,38733,11
12.9784097672,80.252456665,38733,38743,10
12.9778995514,80.2520828247,38743,38753,10
12.9772195816,80.2515182495,38753,38763,10
12.9762496948,80.2511978149,38763,38773,10
12.975060463,80.2508392334,38773,38783,10
12.97397995,80.2505264282,38783,38793,10
12.97315979,80.250328064,38793,38803,10
12.9725103378,80.2501983643,38803,38813,10
12.9725198746,80.2501831055,38813,38823,10
12.9723596573,80.2500991821,38823,38833,10
12.971830368,80.249961853,38833,38843,10
12.9711399078,80.2497711182,38843,38854,11
12.9709596634,80.2497024536,38854,38864,10
12.9705200195,80.2496566772,38864,38874,10
12.9698600769,80.2494125366,38874,38884,10
12.9689903259,80.2490234375,38884,38894,10
12.9679803848,80.2485580444,38894,38904,10
12.9671497345,80.2482223511,38904,38914,10
12.9668598175,80.2480926514,38914,38923,9
12.9666700363,80.2479782104,38923,38934,11
12.9664096832,80.2478713989,38934,38944,10
12.9659996033,80.2476425171,38944,38954,10
12.9653902054,80.2474365234,38954,38965,11
12.9649896622,80.2473526001,38965,38975,10
12.9648599625,80.2473373413,38975,38985,10
12.9647598267,80.2472991943,38985,38995,10
12.9646396637,80.2472305298,38995,39005,10
12.9646196365,80.2472229004,39005,39015,10
12.9644899368,80.2471618652,39015,39025,10
12.9644203186,80.2471237183,39025,39035,10
12.9643297195,80.2470779419,39035,39096,61
12.9643297195,80.2470779419,39096,39106,10
12.9639501572,80.2469024658,39106,39116,10
12.9639396667,80.246887207,39116,39126,10
12.9637699127,80.2468185425,39126,39136,10
12.9635400772,80.2467498779,39136,39146,10
12.9629898071,80.2464828491,39146,39156,10
12.9622097015,80.2460784912,39156,39166,10
12.9612503052,80.2455825806,39166,39176,10
12.9601402283,80.2451019287,39176,39186,10
12.9594497681,80.2448425293,39186,39197,11
12.9594602585,80.2448272705,39197,39207,10
12.9590997696,80.2446365356,39207,39217,10
12.958439827,80.2443466187,39217,39227,10
12.9578104019,80.244102478,39227,39237,10
12.9572601318,80.2439193726,39237,39247,10
12.9569396973,80.2438735962,39247,39257,10
12.9567804337,80.2438735962,39257,39348,91
12.9564504623,80.2437210083,39348,39388,40
12.9564504623,80.2437210083,39388,39398,10
12.9563398361,80.243637085,39398,39408,10
12.9560098648,80.2434234619,39408,39419,11
12.9551696777,80.2430419922,39419,39429,10
12.9543104172,80.242729187,39429,39439,10
12.9535303116,80.2423171997,39439,39449,10
12.952580452,80.2419586182,39449,39459,10
12.9518098831,80.2416992188,39459,39469,10
12.9516096115,80.2416381836,39469,39479,10
12.9512996674,80.2415237427,39479,39489,10
12.9505796432,80.2413330078,39489,39499,10
12.9497404099,80.2410964966,39499,39509,10
12.9494800568,80.2410430908,39509,39560,51
12.9494800568,80.2410430908,39560,39570,10
12.9492301941,80.2409210205,39570,39590,20
12.9492301941,80.2409210205,39590,39600,10
12.948849678,80.2407608032,39600,39610,10
12.9482297897,80.240447998,39610,39620,10
12.9475498199,80.2401885986,39620,39630,10
12.9471197128,80.2400131226,39630,39640,10
12.9471197128,80.240020752,39640,39650,10
12.9467401505,80.2398834229,39650,39661,11
12.9459600449,80.2395629883,39661,39671,10
12.9451198578,80.2390823364,39671,39681,10
12.9443302155,80.238243103,39681,39691,10
12.943570137,80.2373886108,39691,39701,10
12.9433002472,80.2370529175,39701,39711,10
12.9431400299,80.2369232178,39711,39721,10
12.9426002502,80.2365722656,39721,39731,10
12.9417104721,80.2362670898,39731,39741,10
12.9406900406,80.2360229492,39741,39751,10
12.9399204254,80.2358398438,39751,39761,10
12.9399003983,80.2358322144,39761,39772,11
12.9394702911,80.2355728149,39772,39782,10
12.9386997223,80.2351989746,39782,39792,10
12.9376602173,80.2347412109,39792,39802,10
12.9365701675,80.2342987061,39802,39812,10
12.9359703064,80.2340164185,39812,39822,10
12.9358100891,80.2339477539,39822,39832,10
12.935259819,80.2336502075,39832,39842,10
12.934419632,80.2332611084,39842,39852,10
12.9338798523,80.2330093384,39852,39882,30
12.9338798523,80.2330093384,39882,39893,11
12.9334497452,80.232749939,39893,39909,16
12.9322900772,80.2323303223,39909,39921,12
12.9309597015,80.231918335,39921,39931,10
12.9299602509,80.2316131592,39931,39941,10
12.9289503098,80.2313537598,39941,39950,9
12.9281597137,80.2312011719,39950,39961,11
12.9270401001,80.2310791016,39961,39971,10
12.9262599945,80.2310333252,39971,39981,10
12.9258899689,80.231048584,39981,39991,10
12.9254703522,80.2310180664,39991,40001,10
12.9247503281,80.2309875488,40001,40012,11
12.9235601425,80.2307128906,40012,40022,10
12.9222402573,80.2304763794,40022,40032,10
12.9208602905,80.2303009033,40032,40042,10
12.9197502136,80.2301177979,40042,40052,10
12.9192800522,80.2299804688,40052,40062,10
12.9192495346,80.2300033569,40062,40072,10
12.9189100266,80.2299804688,40072,40082,10
12.9182500839,80.2298812866,40082,40092,10
12.9172401428,80.2297210693,40092,40102,10
12.9160203934,80.2295913696,40102,40112,10
12.9147195816,80.2294464111,40112,40123,11
12.9134702682,80.2292785645,40123,40143,20
12.9134702682,80.2292785645,40143,40153,10
12.9132795334,80.2292175293,40153,40163,10
12.9125404358,80.2291793823,40163,40173,10
12.9115495682,80.2290115356,40173,40183,10
12.9103002548,80.2288284302,40183,40193,10
12.9089899063,80.2286605835,40193,40203,10
12.908080101,80.228553772,40203,40213,10
12.9080696106,80.2284927368,40213,40223,10
12.9080095291,80.2284698486,40223,40234,11
12.9076004028,80.2284393311,40234,40244,10
12.9070701599,80.2284011841,40244,40254,10
12.9066896439,80.2283630371,40254,40264,10
12.9061899185,80.2283401489,40264,40274,10
12.9061098099,80.2283477783,40274,40284,10
12.9059000015,80.2283096313,40284,40294,10
12.9052400589,80.2282867432,40294,40304,10
12.9043102264,80.2282180786,40304,40314,10
12.902879715,80.2281417847,40314,40334,20
12.902879715,80.2281417847,40334,40345,11
12.9027004242,80.2281417847,40345,40355,10
12.9021501541,80.2281494141,40355,40365,10
12.9016895294,80.2281036377,40365,40375,10
12.9013595581,80.2280807495,40375,40385,10
12.9008798599,80.2279586792,40385,40395,10
12.9005002975,80.2279510498,40395,40405,10
12.9003400803,80.2280197144,40405,40415,10
12.9000101089,80.2280273438,40415,40435,20
12.9000101089,80.2280273438,40435,40445,10
12.8997402191,80.2279968262,40445,40455,10
12.8993501663,80.2279281616,40455,40466,11
12.8993196487,80.2279281616,40466,40476,10
12.8990297318,80.2278213501,40476,40486,10
12.8983201981,80.2277603149,40486,40496,10
12.897310257,80.2277069092,40496,40506,10
12.8960599899,80.2276306152,40506,40516,10
12.8949604034,80.2275772095,40516,40526,10
12.8940296173,80.2276000977,40526,40536,10
12.8933601379,80.2275466919,40536,40546,10
12.8933601379,80.2275390625,40546,40556,10
12.8929195404,80.2274780273,40556,40566,10
12.8925600052,80.2274398804,40566,40577,11
12.8919296265,80.2273788452,40577,40587,10
12.8909797668,80.2273635864,40587,40597,10
12.8897199631,80.2274475098,40597,40607,10
12.8886699677,80.2274627686,40607,40617,10
12.8885002136,80.2274398804,40617,40627,10
12.8880796432,80.2274169922,40627,40637,10
12.8872900009,80.2272567749,40637,40647,10
12.8862695694,80.2270278931,40647,40657,10
12.8852596283,80.2267913818,40657,40667,10
12.8848600388,80.2267532349,40667,40677,10
12.8845901489,80.2266998291,40677,40687,10
12.8838300705,80.2266921997,40687,40698,11
12.882519722,80.2267379761,40698,40708,10
12.8811702728,80.2267379761,40708,40718,10
12.8797197342,80.2267837524,40718,40728,10
12.8784103394,80.2268829346,40728,40738,10
12.8771800995,80.2270126343,40738,40748,10
12.8764801025,80.2270431519,40748,40758,10
12.8764295578,80.2270202637,40758,40768,10
12.8763799667,80.2269668579,40768,40778,10
12.8763599396,80.2267837524,40778,40788,10
12.8764200211,80.2266387939,40788,40804,16
12.8764696121,80.2261962891,40804,40817,13
12.8765802383,80.2252807617,40817,40827,10
12.8767299652,80.2243118286,40827,40837,10
12.876950264,80.22315979,40837,40847,10
12.8772602081,80.2218170166,40847,40857,10
12.8775997162,80.2203826904,40857,40867,10
12.8778896332,80.219039917,40867,40877,10
12.8781404495,80.2179107666,40877,40886,9
12.8783798218,80.2166595459,40886,40897,11
12.8786802292,80.2153015137,40897,40907,10
12.8789396286,80.2140731812,40907,40916,9
12.8791303635,80.2130432129,40916,40928,12
12.8793897629,80.2115478516,40928,40938,10
12.8793802261,80.2108001709,40938,40948,10
12.8791904449,80.2108535767,40948,40958,10
12.8791599274,80.2109527588,40958,40968,10
12.8787603378,80.2108535767,40968,40978,10
12.8779401779,80.2107009888,40978,40988,10
12.8769397736,80.2105636597,40988,40998,10
12.8760204315,80.2104187012,40998,41008,10
12.8752002716,80.2102813721,41008,41018,10
12.8746595383,80.2101593018,41018,41028,10
12.87458992,80.2101364136,41028,41039,11
12.8744497299,80.210067749,41039,41049,10
12.8744096756,80.2097625732,41049,41059,10
12.8747396469,80.2095718384,41059,41069,10
12.8748102188,80.2097625732,41069,41078,9
12.8747301102,80.2098083496,41078,41089,11
12.8745803833,80.2098922729,41089,41098,9
12.8744802475,80.2100296021,41098,41109,11
12.8746900558,80.2096633911,41109,41119,10
12.8745698929,80.209777832,41119,41129,10
12.8745498657,80.2099609375,41129,41220,91
12.8745498657,80.2099609375,41220,41230,10
12.8738498688,80.2105865479,41230,41240,10
12.8745603561,80.2098693848,41240,41250,10
12.8750801086,80.2096099854,41250,41271,21
12.8750801086,80.2096099854,41271,41281,10
12.8748102188,80.2095413208,41281,41291,10
12.8750295639,80.2095184326,41291,41301,10
12.8746099472,80.209777832,41301,41311,10
12.8747501373,80.2096099854,41311,41321,10
12.8746795654,80.2098464966,41321,41331,10
12.8746700287,80.2099304199,41331,41341,10
12.8746004105,80.2099914551,41341,41351,10
12.8745098114,80.2100830078,41351,41361,10
12.8745298386,80.2092132568,41361,41371,10
12.8747196198,80.2096328735,41371,41381,10
12.8746995926,80.2097167969,41381,41392,11
12.8746404648,80.2095565796,41392,41402,10
12.8743200302,80.2105789185,41402,41412,10
12.8742799759,80.2104721069,41412,41462,50
12.8742799759,80.2104721069,41462,41472,10
12.8746595383,80.2098617554,41472,41481,9
12.8744897842,80.2100906372,41481,41492,11
12.8746595383,80.2095565796,41492,41503,11
12.8747196198,80.2097167969,41503,41513,10
12.8746500015,80.2098083496,41513,41523,10
12.8747501373,80.2096862793,41523,41532,9
12.874710083,80.2097167969,41532,41543,11
12.8746795654,80.2096633911,41543,41553,10
12.8746995926,80.2096099854,41553,41563,10
12.8746995926,80.2097167969,41563,41573,10
12.8747301102,80.2098312378,41573,41583,10
12.8747797012,80.2100830078,41583,41593,10
12.8748598099,80.2101364136,41593,41603,10
12.8751897812,80.2102203369,41603,41614,11
12.875670433,80.2102432251,41614,41624,10
12.8764600754,80.2104568481,41624,41634,10
12.8773403168,80.210647583,41634,41644,10
12.8781700134,80.2107696533,41644,41654,10
12.8789997101,80.2109069824,41654,41664,10
12.8793497086,80.2109832764,41664,41674,10
12.879529953,80.2111434937,41674,41684,10
12.8793296814,80.2117919922,41684,41694,10
12.8791503906,80.2128219604,41694,41704,10
12.8789196014,80.2140808105,41704,41714,10
12.8786401749,80.2154769897,41714,41724,10
12.8783998489,80.2167205811,41724,41735,11
12.8781604767,80.2180786133,41735,41745,10
12.8778896332,80.2193603516,41745,41755,10
12.8775501251,80.2206802368,41755,41765,10
12.8772497177,80.2220306396,41765,41775,10
12.876950264,80.2233428955,41775,41785,10
12.876709938,80.2244873047,41785,41795,10
12.8765897751,80.2256622314,41795,41805,10
12.8764896393,80.2262878418,41805,41815,10
12.876449585,80.2266921997,41815,41825,10
12.8764400482,80.2267990112,41825,41835,10
12.8765096664,80.2268829346,41835,41846,11
12.8768396378,80.2269592285,41846,41876,30
12.8768396378,80.2269592285,41876,41886,10
12.8770999908,80.2269210815,41886,41896,10
12.8777399063,80.2268295288,41896,41906,10
12.878660202,80.2267227173,41906,41916,10
12.8797101974,80.2266387939,41916,41926,10
12.8807201385,80.2266693115,41926,41936,10
12.8819103241,80.2266693115,41936,41946,10
12.883020401,80.2266616821,41946,41956,10
12.8839797974,80.2266311646,41956,41967,11
12.8851900101,80.2266311646,41967,41977,10
12.8853197098,80.2266235352,41977,41987,10
12.8856897354,80.2267074585,41987,41997,10
12.8863801956,80.226890564,41997,42007,10
12.887339592,80.2271194458,42007,42017,10
12.8885698318,80.2272567749,42017,42027,10
12.8898801804,80.2272491455,42027,42037,10
12.891169548,80.2272567749,42037,42047,10
12.8923196793,80.2272796631,42047,42057,10
12.8933200836,80.2274169922,42057,42067,10
12.8943796158,80.2275085449,42067,42078,11
12.8957099915,80.2275924683,42078,42088,10
12.897069931,80.2276763916,42088,42098,10
12.8985204697,80.2277526855,42098,42108,10
12.8996696472,80.2277908325,42108,42118,10
12.9003095627,80.2278213501,42118,42128,10
12.9005203247,80.2278213501,42128,42138,10
12.9008703232,80.2278518677,42138,42148,10
12.9012899399,80.227897644,42148,42158,10
12.901720047,80.2278671265,42158,42168,10
12.9022798538,80.2278823853,42168,42178,10
12.9027795792,80.2279129028,42178,42189,11
12.9029598236,80.227897644,42189,42199,10
12.9031000137,80.2278900146,42199,42209,10
12.9035301208,80.2279815674,42209,42219,10
12.904250145,80.2280731201,42219,42229,10
12.9051599503,80.2281112671,42229,42239,10
12.9059095383,80.2281188965,42239,42249,10
12.9062404633,80.2281494141,42249,42408,159
12.9062404633,80.2281494141,42408,42418,10
12.9065198898,80.2282028198,42418,42429,11
12.9070796967,80.2282791138,42429,42439,10
12.9079504013,80.2283782959,42439,42450,11
12.909119606,80.228553772,42450,42460,10
12.9106397629,80.2287979126,42460,42470,10
12.9120397568,80.2290115356,42470,42480,10
12.9134597778,80.2292175293,42480,42490,10
12.9141302109,80.2292709351,42490,42500,10
12.9141998291,80.2292175293,42500,42510,10
12.9146604538,80.2292709351,42510,42520,10
12.9154901505,80.2294311523,42520,42530,10
12.9166698456,80.2296981812,42530,42541,11
12.9180402756,80.2298812866,42541,42551,10
12.9192199707,80.2300415039,42551,42561,10
12.9204301834,80.2301864624,42561,42571,10
12.9217195511,80.2303237915,42571,42581,10
12.9230298996,80.2304763794,42581,42591,10
12.9245195389,80.2306976318,42591,42601,10
12.9258203506,80.2308807373,42601,42611,10
12.9264602661,80.2309112549,42611,42621,10
12.9265098572,80.2309112549,42621,42631,10
12.9270601273,80.2309799194,42631,42641,10
12.9279203415,80.2311172485,42641,42652,11
12.9291601181,80.231338501,42652,42662,10
12.9303302765,80.2315597534,42662,42672,10
12.9315004349,80.231880188,42672,42682,10
12.9324197769,80.232208252,42682,42692,10
12.9334602356,80.2326126099,42692,42702,10
12.9337396622,80.2327880859,42702,42712,10
12.9338998795,80.2328491211,42712,42722,10
12.9345197678,80.2331237793,42722,42732,10
12.9354095459,80.2334899902,42732,42742,10
12.9364299774,80.2339782715,42742,42752,10
12.9376001358,80.2345809937,42752,42762,10
12.9386196136,80.2351074219,42762,42773,11
12.9395704269,80.2356033325,42773,42783,10
12.9398202896,80.2356414795,42783,42793,10
12.9398403168,80.2356414795,42793,42803,10
12.9401597977,80.2357025146,42803,42813,10
12.9408597946,80.2359008789,42813,42823,10
12.9418497086,80.2361679077,42823,42833,10
12.9429502487,80.236618042,42833,42843,10
12.9437198639,80.2373809814,42843,42853,10
12.9438199997,80.237449646,42853,42863,10
12.9442596436,80.2378234863,42863,42874,11
12.9449701309,80.2385787964,42874,42884,10
12.945690155,80.2391815186,42884,42894,10
12.9467601776,80.2396621704,42894,42904,10
12.9472999573,80.2399215698,42904,42914,10
12.9473695755,80.2399597168,42914,42924,10
12.9478397369,80.2401580811,42924,42934,10
12.9486103058,80.2404937744,42934,42944,10
12.949640274,80.2408828735,42944,42954,10
12.9507598877,80.2412490845,42954,42964,10
12.9510803223,80.2413406372,42964,42974,10
12.951210022,80.2413864136,42974,42984,10
12.9514703751,80.2415237427,42984,42995,11
12.9521398544,80.2417221069,42995,43005,10
12.9530801773,80.2420578003,43005,43015,10
12.9541597366,80.2425231934,43015,43025,10
12.9550304413,80.2428283691,43025,43035,10
12.955739975,80.2431030273,43035,43045,10
12.9561595917,80.2432479858,43045,43065,20
12.9561595917,80.2432479858,43065,43075,10
12.9563703537,80.2433319092,43075,43085,10
12.9563999176,80.243347168,43085,43095,10
12.9568796158,80.2435836792,43095,43106,11
12.9575099945,80.2438735962,43106,43116,10
12.9582395554,80.2441711426,43116,43126,10
12.9588699341,80.2443618774,43126,43136,10
12.9589996338,80.244430542,43136,43146,10
12.9595298767,80.2446975708,43146,43156,10
12.9603204727,80.2450790405,43156,43166,10
12.9611597061,80.2454681396,43166,43176,10
12.9620199203,80.2458877563,43176,43186,10
12.962679863,80.2462081909,43186,43196,10
12.9631996155,80.2464599609,43196,43267,71
12.9631996155,80.2464599609,43267,43277,10
12.9634599686,80.2465896606,43277,43287,10
12.9638500214,80.2467498779,43287,43297,10
12.9643602371,80.2469482422,43297,43307,10
12.9650602341,80.2472076416,43307,43317,10
12.9656600952,80.2474136353,43317,43327,10
12.9668703079,80.2479095459,43327,43348,21
12.9668703079,80.2479095459,43348,43358,10
12.9671401978,80.2480926514,43358,43368,10
12.9677000046,80.2483825684,43368,43378,10
12.9684095383,80.2486419678,43378,43388,10
12.9693002701,80.2489776611,43388,43398,10
12.9703397751,80.2493972778,43398,43408,10
12.9714698792,80.2497406006,43408,43418,10
12.9726800919,80.2500762939,43418,43428,10
12.9736404419,80.2503204346,43428,43438,10
12.9742603302,80.2505187988,43438,43448,10
12.9743900299,80.2505111694,43448,43459,11
12.9749002457,80.2506484985,43459,43469,10
12.975689888,80.2508926392,43469,43479,10
12.9766597748,80.2511825562,43479,43488,9
12.9775104523,80.2515411377,43488,43499,11
12.9784698486,80.252281189,43499,43509,10
12.9793596268,80.2525405884,43509,43519,10
12.9797801971,80.2525024414,43519,43529,10
12.9799900055,80.2521362305,43529,43539,10
12.9799995422,80.2520904541,43539,43549,10
12.9800300598,80.2518920898,43549,43559,10
12.9801502228,80.251449585,43559,43570,11
12.9803800583,80.2508010864,43570,43580,10
12.9806203842,80.2499237061,43580,43590,10
12.9807701111,80.2489471436,43590,43600,10
12.9808397293,80.2480697632,43600,43610,10
12.980919838,80.2470626831,43610,43620,10
12.9810695648,80.2458114624,43620,43630,10
12.9812202454,80.2444076538,43630,43640,10
12.9812402725,80.2437515259,43640,43650,10
12.9813203812,80.2435913086,43650,43660,10
12.9813699722,80.243347168,43660,43670,10
12.9813804626,80.2428436279,43670,43681,11
12.9813804626,80.2426834106,43681,43691,10
12.9813604355,80.2420730591,43691,43701,10
12.9813604355,80.2411193848,43701,43711,10
12.9813604355,80.2403335571,43711,43721,10
12.9813499451,80.2396469116,43721,43730,9
12.9813499451,80.2390594482,43730,43741,11
12.9813098907,80.2383117676,43741,43751,10
12.9813804626,80.2378387451,43751,43761,10
12.9813804626,80.2376785278,43761,43771,10
12.9813299179,80.2371063232,43771,43781,10
12.9812898636,80.2362823486,43781,43792,11
12.9812498093,80.2354736328,43792,43802,10
12.9812097549,80.2348403931,43802,43812,10
12.9812602997,80.2342605591,43812,43822,10
12.9815502167,80.2335510254,43822,43832,10
12.9816799164,80.2333984375,43832,43842,10
12.9817304611,80.2332992554,43842,43852,10
12.9819202423,80.2328491211,43852,43862,10
12.9820203781,80.2323303223,43862,43872,10
12.9820098877,80.2321472168,43872,43881,9
12.9819898605,80.2319564819,43881,43891,10
12.9819602966,80.2314910889,43891,43902,11
12.9819297791,80.2312469482,43902,43913,11
12.9816303253,80.2305908203,43913,43923,10
12.9811401367,80.2298583984,43923,43933,10
12.980890274,80.2294311523,43933,43943,10
12.9807100296,80.229133606,43943,43953,10
12.9806098938,80.2289886475,43953,43963,10
12.9805002213,80.2288589478,43963,43973,10
12.9802999496,80.2284622192,43973,43983,10
12.9800395966,80.2279205322,43983,43993,10
12.979640007,80.2273635864,43993,44003,10
12.9792804718,80.2266387939,44003,44013,10
12.9788503647,80.2259216309,44013,44024,11
12.9784402847,80.2250823975,44024,44034,10
12.9781703949,80.2247009277,44034,44044,10
12.9778795242,80.2244873047,44044,44054,10
12.977640152,80.2240982056,44054,44064,10
12.9773702621,80.2236175537,44064,44074,10
12.9771203995,80.2230072021,44074,44084,10
12.9769096375,80.2227325439,44084,44094,10
12.9770498276,80.2227172852,44094,44104,10
12.9772996902,80.2227325439,44104,44114,10
12.9775495529,80.2227020264,44114,44124,10
12.9775800705,80.222366333,44124,44134,10
12.977519989,80.2222290039,44134,44145,11
12.9775400162,80.2218399048,44145,44155,10
12.9775104523,80.2215118408,44155,44165,10
12.9775600433,80.2213134766,44165,44175,10
12.9777002335,80.2212371826,44175,44185,10
12.9782800674,80.2212371826,44185,44195,10
12.9787998199,80.2211837769,44195,44205,10
12.9796600342,80.2211608887,44205,44215,10
12.9803304672,80.2210922241,44215,44225,10
12.9806699753,80.2210464478,44225,44235,10
12.9812803268,80.2211074829,44235,44245,10
12.9818201065,80.2213668823,44245,44256,11
12.9822998047,80.2216873169,44256,44266,10
12.9826602936,80.2217788696,44266,44276,10
12.982919693,80.2219161987,44276,44286,10
12.9830303192,80.222038269,44286,44296,10
12.9832496643,80.2221832275,44296,44306,10
12.9836196899,80.2223129272,44306,44316,10
12.9839200974,80.2225189209,44316,44367,51
12.9839200974,80.2225189209,44367,44377,10
12.9841003418,80.2226104736,44377,44387,10
12.9841899872,80.2227096558,44387,44397,10
12.9843397141,80.2227401733,44397,44407,10
12.9843902588,80.2227401733,44407,44417,10
12.984749794,80.2230224609,44417,44427,10
12.9852800369,80.2232589722,44427,44437,10
12.9856395721,80.2229919434,44437,44447,10
12.9862604141,80.2229385376,44447,44457,10
12.9865198135,80.2229766846,44457,44467,10
12.9867200851,80.2230072021,44467,44477,10
12.9871902466,80.2230987549,44477,44488,11
12.9878396988,80.2230377197,44488,44498,10
12.9884004593,80.2225036621,44498,44508,10
12.9890098572,80.2219390869,44508,44518,10
12.9895200729,80.2214508057,44518,44528,10
12.9900503159,80.2206420898,44528,44538,10
12.9905195236,80.2203369141,44538,44548,10
12.9905796051,80.2203369141,44548,44558,10
12.990819931,80.2201385498,44558,44568,10
12.9911899567,80.2197799683,44568,44578,10
12.9914999008,80.2195663452,44578,44588,10
12.9920396805,80.2191925049,44588,44599,11
12.9928197861,80.2186737061,44599,44609,10
12.9935903549,80.2180023193,44609,44619,10
12.9941902161,80.2175292969,44619,44629,10
12.9948396683,80.2171096802,44629,44639,10
12.9954099655,80.2167663574,44639,44649,10
12.9960699081,80.2166366577,44649,44657,8
12.9966897964,80.2165603638,44657,44669,12
12.9972801208,80.2163009644,44669,44679,10
12.9975595474,80.2160186768,44679,44689,10
12.9976596832,80.215927124,44689,44699,10
12.9980201721,80.2156600952,44699,44709,10
12.9984197617,80.2152023315,44709,44720,11
12.9989204407,80.2148208618,44720,44730,10
12.9993896484,80.2144622803,44730,44740,10
12.9998903275,80.2140808105,44740,44749,9
13.0002698898,80.2136688232,44749,44760,11
13.0007696152,80.2132034302,44760,44770,10
13.0013904572,80.2127838135,44770,44780,10
13.0020303726,80.2123184204,44780,44790,10
13.0025596619,80.2121124268,44790,44800,10
13.0032196045,80.2120666504,44800,44810,10
13.003660202,80.2118530273,44810,44820,10
13.0037002563,80.2116622925,44820,44831,11
13.003660202,80.2109909058,44831,44841,10
13.0034999847,80.2102890015,44841,44851,10
13.0035400391,80.2093811035,44851,44861,10
13.0038499832,80.2086181641,44861,44871,10
13.004699707,80.2089385986,44871,44881,10
13.0056400299,80.2093200684,44881,44891,10
13.0064001083,80.2095718384,44891,44907,16
13.007349968,80.2098312378,44907,44927,20
13.007349968,80.2098312378,44927,44939,12
13.0076503754,80.2098693848,44939,44950,11
13.0081100464,80.2099761963,44950,44960,10
13.0081195831,80.2096328735,44960,44970,10
13.0080099106,80.2090911865,44970,44980,10
13.0079898834,80.2086181641,44980,44990,10
13.0079803467,80.2085494995,44990,45000,10
13.008020401,80.2084579468,45000,45010,10
13.0078697205,80.207901001,45010,45020,10
13.0077199936,80.2071914673,45020,45031,11
13.0076398849,80.2062606812,45031,45040,9
13.007519722,80.2054977417,45040,45051,11
13.0074996948,80.2045516968,45051,45062,11
13.007399559,80.203666687,45062,45072,10
13.0071401596,80.2027130127,45072,45082,10
13.006480217,80.2029190063,45082,45092,10
13.0070295334,80.2034988403,45092,45102,10
13.0078802109,80.203742981,45102,45112,10
13.0088596344,80.2036895752,45112,45122,10
13.0099802017,80.2036132813,45122,45132,10
13.011059761,80.2036437988,45132,45142,10
13.012140274,80.2037963867,45142,45152,10
13.0129899979,80.2039794922,45152,45162,10
13.0134096146,80.2041168213,45162,45173,11
13.0135498047,80.204208374,45173,45183,10
13.0136203766,80.2045135498,45183,45193,10
13.0136003494,80.2048034668,45193,45203,10
13.0135297775,80.2051696777,45203,45213,10
13.0132904053,80.2057571411,45213,45223,10
13.0130796432,80.2065505981,45223,45233,10
13.0130701065,80.2072906494,45233,45243,10
13.0129499435,80.2077407837,45243,45253,10
13.0128498077,80.2079925537,45253,45263,10
13.0129299164,80.2084579468,45263,45273,10
13.0130300522,80.2089614868,45273,45283,10
13.0130596161,80.2093429565,45283,45294,11
13.0133199692,80.2098617554,45294,45304,10
13.0131196976,80.2104187012,45304,45314,10
13.0127696991,80.2112121582,45314,45331,17
13.012140274,80.2118225098,45331,45343,12
13.0118999481,80.2121124268,45343,45353,10
13.0117397308,80.2122497559,45353,45363,10
13.0113601685,80.2122421265,45363,45373,10
13.01060009,80.2120437622,45373,45383,10
13.0104503632,80.2117996216,45383,45404,21
13.0104503632,80.2117996216,45404,45414,10
13.0103702545,80.2116928101,45414,45423,9
13.0103397369,80.2116622925,45423,45434,11
13.010219574,80.2115402222,45434,45444,10
13.0098199844,80.2113494873,45444,45454,10
13.0094995499,80.2112426758,45454,45825,371
13.0094995499,80.2112426758,45825,45835,10
13.009519577,80.2110671997,45835,45926,91
13.009519577,80.2110671997,45926,45936,10
13.0093402863,80.2109527588,45936,45946,10
13.0092601776,80.2109985352,45946,45956,10
13.0092000961,80.2113113403,45956,45966,10
13.0090999603,80.2116394043,45966,45977,11
13.0092802048,80.2121429443,45977,45987,10
13.0094604492,80.2126693726,45987,45997,10
13.0096797943,80.2133636475,45997,46007,10
13.0099201202,80.2140274048,46007,46017,10
13.0101203918,80.2147521973,46017,46027,10
13.010219574,80.2154693604,46027,46037,10
13.0104598999,80.2162704468,46037,46047,10
13.0109100342,80.2169876099,46047,46057,10
13.0112304688,80.2177429199,46057,46066,9
13.0114097595,80.2183990479,46066,46076,10
13.0116596222,80.2192230225,46076,46088,12
13.0119800568,80.2202911377,46088,46098,10
13.012260437,80.2210235596,46098,46108,10
13.0125303268,80.2215499878,46108,46118,10
13.0127096176,80.2221298218,46118,46128,10
13.0133104324,80.2225723267,46128,46138,10
13.0136604309,80.2230911255,46138,46148,10
13.0139503479,80.2234725952,46148,46158,10
13.0142002106,80.223777771,46158,46168,10
13.0146503448,80.2243423462,46168,46178,10
13.0154495239,80.2251205444,46178,46198,20
13.0154495239,80.2251205444,46198,46209,11
13.0154104233,80.2253494263,46209,46219,10
13.0152301788,80.2256698608,46219,46229,10
13.0148601532,80.2259292603,46229,46239,10
13.0144195557,80.2261123657,46239,46249,10
13.0138301849,80.2263183594,46249,46259,10
13.0131902695,80.2265625,46259,46269,10
13.0127000809,80.2267608643,46269,46279,10
13.0121297836,80.2269668579,46279,46289,10
13.0113401413,80.2273330688,46289,46299,10
13.0104103088,80.2276916504,46299,46309,10
13.0096197128,80.2279129028,46309,46319,10
13.0094900131,80.2273864746,46319,46330,11
13.0098800659,80.2265701294,46330,46346,16
13.0104703903,80.2250213623,46346,46358,12
13.0108995438,80.2240829468,46358,46366,8
13.0111999512,80.2234725952,46366,46378,12
13.0110197067,80.2230606079,46378,46388,10
13.0105695724,80.2227401733,46388,46398,10
13.0103902817,80.2227096558,46398,46408,10
13.010219574,80.2226715088,46408,46418,10
13.0096797943,80.2223815918,46418,46428,10
13.0090398788,80.2220535278,46428,46439,11
13.008020401,80.2214889526,46439,46449,10
13.0069599152,80.2208786011,46449,46459,10
13.0059995651,80.2204971313,46459,46469,10
13.0050401688,80.2203216553,46469,46478,9
13.0045900345,80.2202301025,46478,46489,11
13.0046100616,80.2201385498,46489,46499,10
13.0039796829,80.2200088501,46499,46509,10
13.0033597946,80.2199783325,46509,46518,9
13.0025501251,80.2196502686,46518,46529,11
13.0017595291,80.2187805176,46529,46539,10
13.0012598038,80.2185516357,46539,46550,11
13.0005102158,80.2181015015,46550,46560,10
12.9997596741,80.2175369263,46560,46570,10
12.9988803864,80.2170333862,46570,46580,10
12.9978199005,80.2166595459,46580,46590,10
12.9970397949,80.2164916992,46590,46600,10
12.9970998764,80.2164993286,46600,46610,10
12.9970598221,80.2165679932,46610,46619,9
12.9966402054,80.2166976929,46619,46630,11
12.9962797165,80.2166595459,46630,46640,10
12.9961204529,80.2166976929,46640,46650,10
12.9961299896,80.2167816162,46650,46660,10
12.9959402084,80.216758728,46660,46671,11
12.9958295822,80.216758728,46671,46681,10
12.9956197739,80.2168121338,46681,46691,10
12.9953804016,80.2168502808,46691,46701,10
12.99518013,80.2169570923,46701,46711,10
12.9950304031,80.2170791626,46711,46731,20
12.9950304031,80.2170791626,46731,46741,10
12.9947900772,80.2174377441,46741,46751,10
12.9942598343,80.2178192139,46751,46761,10
12.9939403534,80.2182235718,46761,46771,10
12.9933700562,80.2187576294,46771,46782,11
12.9922599792,80.2193374634,46782,46792,10
12.9914903641,80.2197036743,46792,46802,10
12.9909696579,80.2200393677,46802,46812,10
12.9904298782,80.220123291,46812,46822,10
12.9904003143,80.2200927734,46822,46832,10
12.9904298782,80.220199585,46832,46842,10
12.9902200699,80.2204666138,46842,46852,10
12.9897098541,80.2210769653,46852,46862,10
12.9890804291,80.2216567993,46862,46878,16
12.9881601334,80.2229003906,46878,46890,12
12.9877195358,80.2233886719,46890,46901,11
12.987660408,80.2231521606,46901,46911,10
12.9874696732,80.2231216431,46911,46921,10
12.9871902466,80.2230377197,46921,46931,10
12.9870796204,80.2230377197,46931,46941,10
12.986700058,80.2229995728,46941,46950,9
12.98595047,80.222442627,46950,46961,11
12.9855003357,80.2220230103,46961,46970,9
12.9852895737,80.2231063843,46970,46981,11
12.984749794,80.2231292725,46981,46991,10
12.9843301773,80.2228164673,46991,47001,10
12.9838600159,80.2225494385,47001,47012,11
12.9836397171,80.2224502563,47012,47022,10
12.9834699631,80.2223205566,47022,47032,10
12.9833402634,80.2222976685,47032,47042,10
12.9833498001,80.222366333,47042,47052,10
12.9832601547,80.2222671509,47052,47062,10
12.982919693,80.2221603394,47062,47072,10
12.9826002121,80.2220001221,47072,47082,10
12.9822101593,80.2218780518,47082,47092,10
12.982000351,80.2216186523,47092,47102,10
12.9815502167,80.2210998535,47102,47112,10
12.9809303284,80.2211990356,47112,47123,11
12.9798202515,80.2212677002,47123,47133,10
12.9787597656,80.2211532593,47133,47143,10
12.9779596329,80.2211303711,47143,47153,10
12.977399826,80.2209777832,47153,47163,10
12.9766798019,80.2211227417,47163,47173,10
12.9761400223,80.2213134766,47173,47183,10
12.976360321,80.2217636108,47183,47202,19
12.976360321,80.2217636108,47202,47213,11
12.9764900208,80.2220001221,47213,47223,10
12.9767904282,80.2224884033,47223,47233,10
12.9769296646,80.2227172852,47233,47244,11
12.9771299362,80.2230224609,47244,47254,10
12.9774904251,80.2236480713,47254,47264,10
12.97797966,80.224357605,47264,47274,10
12.978219986,80.2247161865,47274,47284,10
12.9784898758,80.225151062,47284,47294,10
12.9786300659,80.2253799438,47294,47304,10
12.9787397385,80.2255630493,47304,47314,10
12.978969574,80.2260284424,47314,47324,10
12.9793195724,80.226600647,47324,47334,10
12.9797096252,80.227180481,47334,47344,10
12.9800395966,80.2277297974,47344,47355,11
12.9802799225,80.2281265259,47355,47365,10
12.9805002213,80.2285308838,47365,47375,10
12.980629921,80.2287979126,47375,47385,10
12.9808197021,80.2291030884,47385,47395,10
12.9809503555,80.2292633057,47395,47405,10
12.9811401367,80.2296066284,47405,47415,10
12.9816303253,80.2303771973,47415,47435,20
12.9816303253,80.2303771973,47435,47445,10
12.9818601608,80.2307662964,47445,47455,10
12.9819297791,80.2313079834,47455,47465,10
12.982049942,80.2318878174,47465,47476,11
12.9820604324,80.2323303223,47476,47486,10
12.9818897247,80.232711792,47486,47496,10
12.9817199707,80.2331390381,47496,47506,10
12.9817199707,80.2331314087,47506,47516,10
12.981590271,80.2334823608,47516,47526,10
12.9815502167,80.2335510254,47526,47536,10
12.9813804626,80.2338409424,47536,47546,10
12.9811697006,80.2347412109,47546,47556,10
12.9811897278,80.2357330322,47556,47566,10
12.981180191,80.2368621826,47566,47576,10
12.9812202454,80.2378921509,47576,47587,11
12.981300354,80.2385406494,47587,47597,10
12.981300354,80.2385482788,47597,47607,10
12.9812202454,80.2389221191,47607,47617,10
12.9812803268,80.2396392822,47617,47627,10
12.9812602997,80.2405166626,47627,47637,10
12.9812698364,80.2414627075,47637,47647,10
12.9813499451,80.2422637939,47647,47657,10
12.9814195633,80.242477417,47657,47677,20
12.9814195633,80.242477417,47677,47687,10
12.9815196991,80.2427825928,47687,47697,10
12.9815101624,80.2432403564,47697,47708,11
12.9813699722,80.243888855,47708,47718,10
12.9812002182,80.2447891235,47718,47728,10
12.9810400009,80.2459335327,47728,47738,10
12.980890274,80.2471237183,47738,47748,10
12.9807901382,80.248336792,47748,47758,10
12.9806404114,80.2495193481,47758,47768,10
12.9803199768,80.2508087158,47768,47778,10
12.9800596237,80.2519073486,47778,47788,10
12.9799804688,80.2523727417,47788,47798,10
12.9799203873,80.2527084351,47798,47808,10
12.9799203873,80.2527618408,47808,47819,11
12.9797000885,80.2528305054,47819,47829,10
12.979060173,80.2527236938,47829,47839,10
12.9785203934,80.252571106,47839,47849,10
12.9786195755,80.2525482178,47849,47859,10
12.9783201218,80.2523803711,47859,47869,10
12.9777097702,80.2518463135,47869,47879,10
12.9768400192,80.251373291,47879,47889,10
12.975689888,80.2510528564,47889,47899,10
12.9746103287,80.2507171631,47899,47909,10
12.9736795425,80.2504577637,47909,47919,10
12.9727602005,80.2502670288,47919,47929,10
12.9725399017,80.2501907349,47929,47940,11
12.9724998474,80.2501525879,47940,47950,10
12.9720401764,80.25,47950,47960,10
12.9713001251,80.2498092651,47960,47970,10
12.9704799652,80.2495574951,47970,47980,10
12.9695100784,80.2491912842,47980,47990,10
12.9684200287,80.2487564087,47990,48000,10
12.9673500061,80.2483215332,48000,48010,10
12.966509819,80.2479095459,48010,48020,10
12.9658603668,80.2476577759,48020,48030,10
12.9652500153,80.247428894,48030,48040,10
12.9651098251,80.2474136353,48040,48051,11
12.9650201797,80.2473678589,48051,48061,10
12.9645299911,80.2472000122,48061,48077,16
12.96352005,80.2467803955,48077,48089,12
12.9626703262,80.2463684082,48089,48097,8
12.9619102478,80.2459793091,48097,48109,12
12.9607496262,80.2453994751,48109,48119,10
12.9598903656,80.2450408936,48119,48128,9
12.9594402313,80.2448425293,48128,48139,11
12.9593801498,80.2448577881,48139,48149,10
12.9590301514,80.244682312,48149,48159,10
12.9584598541,80.2444000244,48159,48170,11
12.9577302933,80.244102478,48170,48180,10
12.957110405,80.243888855,48180,48190,10
12.9565200806,80.2437210083,48190,48210,20
12.9564599991,80.2436981201,48210,48230,20
12.9564599991,80.2436981201,48230,48240,10
12.9561004639,80.2435379028,48240,48250,10
12.9555101395,80.2432022095,48250,48260,10
12.9546403885,80.2428131104,48260,48270,10
12.9538002014,80.242477417,48270,48281,11
12.9529895782,80.2421569824,48281,48291,10
12.9520998001,80.2418212891,48291,48301,10
12.9516897202,80.2416915894,48301,48311,10
12.9516096115,80.2416381836,48311,48321,10
12.950969696,80.2412796021,48321,48331,10
12.950220108,80.2410583496,48331,48341,10
12.9493598938,80.2408065796,48341,48351,10
12.9485797882,80.2406311035,48351,48361,10
12.9477701187,80.2402877808,48361,48371,10
12.9472503662,80.2400665283,48371,48381,10
12.9472398758,80.2400588989,48381,48391,10
12.9471902847,80.2400588989,48391,48402,11
12.946680069,80.2398376465,48402,48412,10
12.9459600449,80.2395324707,48412,48422,10
12.9450902939,80.2390136719,48422,48432,10
12.944319725,80.2381820679,48432,48442,10
12.9435796738,80.2373580933,48442,48458,16
12.9433698654,80.2371063232,48458,48470,12
12.9428796768,80.2367630005,48470,48480,10
12.9422798157,80.2364730835,48480,48490,10
12.9409704208,80.2361526489,48490,48500,10
12.939909935,80.2357635498,48500,48510,10
12.9397802353,80.2357406616,48510,48521,11
12.939620018,80.2357635498,48521,48531,10
12.9389801025,80.2354202271,48531,48541,10
12.9381504059,80.234992981,48541,48551,10
12.9371099472,80.2344894409,48551,48561,10
12.9362897873,80.2340774536,48561,48571,10
12.9357004166,80.233833313,48571,48581,10
12.9350299835,80.2335205078,48581,48591,10
12.9342498779,80.2331390381,48591,48601,10
12.9338102341,80.2329330444,48601,48621,20
12.9338102341,80.2329330444,48621,48632,11
12.933380127,80.2327575684,48632,48642,10
12.9327096939,80.232460022,48642,48652,10
12.931810379,80.2321166992,48652,48663,11
12.9306697845,80.2317581177,48663,48673,10
12.9292697906,80.2314376831,48673,48683,10
12.9278898239,80.2312088013,48683,48693,10
12.9266300201,80.2310714722,48693,48703,10
12.9260101318,80.231010437,48703,48712,9
12.9259996414,80.2310028076,48712,48722,10
12.9257202148,80.2309494019,48722,48733,11
12.9250297546,80.2308502197,48733,48744,11
12.924030304,80.2307662964,48744,48754,10
12.9229803085,80.2306213379,48754,48764,10
12.9217500687,80.2304534912,48764,48774,10
12.9203996658,80.2302627563,48774,48784,10
12.9193296432,80.2301635742,48784,48794,10
12.9192304611,80.230140686,48794,48804,10
12.9188604355,80.2300720215,48804,48814,10
12.9181404114,80.2299499512,48814,48824,10
12.9171800613,80.2298736572,48824,48834,10
12.9160995483,80.2296905518,48834,48844,10
12.9148797989,80.2294998169,48844,48854,10
12.9137001038,80.229347229,48854,48865,11
12.9133796692,80.2293395996,48865,48875,10
12.9132995605,80.2293319702,48875,48885,10
12.912779808,80.2292480469,48885,48895,10
12.911939621,80.2291107178,48895,48905,10
12.9108600616,80.2289428711,48905,48921,16
12.9088602066,80.2285766602,48921,48933,12
12.9070796967,80.2283630371,48933,48994,61
12.9070796967,80.2283630371,48994,49004,10
12.9069004059,80.2284011841,49004,49014,10
12.9064798355,80.2283477783,49014,49024,10
12.9061803818,80.2283401489,49024,49034,10
12.9058904648,80.228302002,49034,49044,10
12.9052200317,80.2282409668,49044,49053,9
12.9044704437,80.2282028198,49053,49063,10
12.9039096832,80.2281723022,49063,49074,11
12.9034996033,80.2281570435,49074,49084,10
12.9027395248,80.2281112671,49084,49095,11
12.9016895294,80.2280426025,49095,49105,10
12.9009399414,80.2279815674,49105,49115,10
12.9001903534,80.2279281616,49115,49125,10
12.8995704651,80.227897644,49125,49135,10
12.8990697861,80.227897644,49135,49155,20
12.8990697861,80.227897644,49155,49165,10
12.8988599777,80.2278518677,49165,49175,10
12.8982400894,80.2278213501,49175,49185,10
12.8973703384,80.2277603149,49185,49195,10
12.8963098526,80.227722168,49195,49206,11
12.894949913,80.2276763916,49206,49216,10
12.8931903839,80.2275314331,49216,49246,30
12.8931903839,80.2275314331,49246,49256,10
12.8931398392,80.2275238037,49256,49266,10
12.8926401138,80.2274398804,49266,49276,10
12.8918600082,80.2273712158,49276,49286,10
12.8907899857,80.2273635864,49286,49296,10
12.8894796371,80.2273635864,49296,49306,10
12.8884401321,80.2273406982,49306,49316,10
12.8882102966,80.2273483276,49316,49327,11
12.887960434,80.2273406982,49327,49337,10
12.8872499466,80.2272415161,49337,49347,10
12.8862800598,80.2270202637,49347,49357,10
12.8851604462,80.2267837524,49357,49367,10
12.8847398758,80.2267684937,49367,49377,10
12.8846998215,80.2267684937,49377,49387,10
12.8842401505,80.2267303467,49387,49403,16
12.8827800751,80.2267227173,49403,49415,12
12.8814401627,80.2267379761,49415,49425,10
12.8803195953,80.2267379761,49425,49435,10
12.8790903091,80.2267608643,49435,49446,11
12.8776702881,80.2268676758,49446,49456,10
12.8765201569,80.2269515991,49456,49486,30
12.8765201569,80.2269515991,49486,49496,10
12.876449585,80.2268218994,49496,49506,10
12.8764400482,80.2265319824,49506,49516,10
12.876449585,80.2264785767,49516,49526,10
12.8765001297,80.2262420654,49526,49536,10
12.8765697479,80.2255630493,49536,49546,10
12.8767004013,80.2245330811,49546,49557,11
12.8769197464,80.2231826782,49557,49567,10
12.8772602081,80.2217788696,49567,49577,10
12.8776102066,80.2203063965,49577,49587,10
12.8779001236,80.2189407349,49587,49597,10
12.8781795502,80.2174682617,49597,49607,10
12.8784599304,80.2162017822,49607,49617,10
12.8787698746,80.2148971558,49617,49627,10
12.8790197372,80.2135620117,49627,49637,10
12.879240036,80.2124176025,49637,49647,10
12.8793401718,80.2118530273,49647,49657,10
12.8793497086,80.2117233276,49657,49668,11
12.8791599274,80.2109680176,49668,49688,20
12.8791599274,80.2109680176,49688,49698,10
12.8790597916,80.2109680176,49698,49708,10
12.8786201477,80.210899353,49708,49718,10
12.8778600693,80.2107620239,49718,49728,10
12.8769302368,80.2106170654,49728,49738,10
12.8761396408,80.2104263306,49738,49748,10
12.8755302429,80.2103500366,49748,49758,10
12.8750295639,80.2102279663,49758,49768,10
12.8745803833,80.2101364136,49768,49809,41
12.8745803833,80.2101364136,49809,49819,10
12.8744602203,80.2101287842,49819,49829,10
12.8743696213,80.2099227905,49829,49839,10
12.8744697571,80.209602356,49839,49849,10
12.8747301102,80.2096328735,49849,49859,10
12.8747997284,80.2098083496,49859,49869,10
12.8746900558,80.2098007202,49869,49879,10
12.8747196198,80.2096633911,49879,49900,21
12.8747196198,80.2096633911,49900,49910,10
12.8746995926,80.2094192505,49910,49920,10
12.874710083,80.2092971802,49920,49930,10
12.8746995926,80.2093582153,49930,49940,10
12.8747196198,80.2095108032,49940,49950,10
12.8746204376,80.2097625732,49950,49960,10
12.8744897842,80.2095718384,49960,49970,10
12.8744001389,80.2094421387,49970,49980,10
12.8743600845,80.2094497681,49980,49990,10
12.8745803833,80.2098464966,49990,50021,31
12.8745803833,80.2098464966,50021,50031,10
12.8744802475,80.2098693848,50031,50091,60
12.8744802475,80.2098693848,50091,50101,10
12.8746204376,80.2098693848,50101,50121,20
12.8746204376,80.2098693848,50121,50132,11
12.8746099472,80.2098770142,50132,50142,10
12.8745803833,80.2100906372,50142,50192,50
12.8745803833,80.2100906372,50192,50202,10
12.8746500015,80.2098312378,50202,50212,10
12.8746404648,80.2095336914,50212,50222,10
12.8745203018,80.2098770142,50222,50232,10
12.8745498657,80.2099914551,50232,50243,11
12.8745298386,80.2098770142,50243,50253,10
12.8745002747,80.2099304199,50253,50263,10
12.8743200302,80.2099533081,50263,50282,19
12.8746500015,80.2097015381,50282,50355,73
12.8746500015,80.2097015381,50355,50365,10
12.8746404648,80.2099685669,50365,50375,10
12.874710083,80.2100982666,50375,50526,151
12.874710083,80.2100982666,50526,50536,10
12.8746099472,80.2098388672,50536,50657,121
12.8746099472,80.2098388672,50657,50667,10
12.8746299744,80.2098693848,50667,50708,41
12.8746099472,80.2098007202,50708,50728,20
12.8746099472,80.2098007202,50728,50738,10
12.8746004105,80.2097320557,50738,50758,20
12.8746004105,80.2097320557,50758,50767,9
12.8746004105,80.2095184326,50767,50777,10
12.8746004105,80.2094192505,50777,50788,11
12.8746404648,80.2095184326,50788,50798,10
12.8746004105,80.2099304199,50798,50819,21
12.8746004105,80.2099304199,50819,50829,10
12.8745698929,80.2097396851,50829,50839,10
12.8746404648,80.2097167969,50839,50859,20
12.8746404648,80.2097167969,50859,50869,10
12.8746700287,80.2096176147,50869,50879,10
12.874710083,80.2092971802,50879,50899,20
12.874710083,80.2092971802,50899,50909,10
12.8747396469,80.2092590332,50909,50919,10
12.8747797012,80.2089385986,50919,50930,11
12.8747196198,80.2096862793,50930,50940,10
12.8745603561,80.2099914551,50940,50950,10
12.8746700287,80.2097625732,50950,50960,10
12.8745803833,80.2098617554,50960,50970,10
12.874420166,80.2101974487,50970,50980,10
12.87458992,80.2099609375,50980,50990,10
12.8746995926,80.2097473145,50990,51000,10
12.8746995926,80.2098236084,51000,51010,10
12.8745603561,80.2100601196,51010,51020,10
12.8746004105,80.2100067139,51020,51030,10
12.8746004105,80.2099380493,51030,51041,11
12.8746404648,80.2097702026,51041,51051,10
12.8746204376,80.2098083496,51051,51061,10
12.8746995926,80.2094802856,51061,51071,10
12.8746299744,80.2096405029,51071,51081,10
12.8744697571,80.2104721069,51081,51091,10
12.8743495941,80.2112197876,51091,51101,10
12.8747997284,80.2092437744,51101,51111,10
12.8749198914,80.2085037231,51111,51121,10
12.8744697571,80.2107391357,51121,51131,10
12.8746700287,80.2098617554,51131,51141,10
12.874540329,80.2101593018,51141,51151,10
12.8744697571,80.2104721069,51151,51162,11
12.8743495941,80.2108306885,51162,51172,10
12.8745698929,80.2100067139,51172,51182,10
12.8745698929,80.2100601196,51182,51192,10
12.8746004105,80.2101593018,51192,51202,10
12.8746299744,80.2100830078,51202,51212,10
12.8746700287,80.2101669312,51212,51222,10
12.8746500015,80.2103118896,51222,51232,10
12.8745803833,80.210319519,51232,51242,10
12.8746099472,80.2100830078,51242,51252,10
12.8745803833,80.2099990845,51252,51262,10
12.8746004105,80.2100219727,51262,51273,11
12.8746204376,80.2098236084,51273,51283,10
12.8746500015,80.2096328735,51283,51293,10
12.8746204376,80.2096405029,51293,51303,10
12.8746204376,80.2097473145,51303,51313,10
12.8745603561,80.2100906372,51313,51323,10
12.8746204376,80.209777832,51323,51333,10
12.8746299744,80.2098617554,51333,51343,10
12.8746500015,80.2098388672,51343,51353,10
12.8746500015,80.2098617554,51353,51363,10
12.8745498657,80.2099914551,51363,51394,31
12.8745498657,80.2099914551,51394,51404,10
12.8746500015,80.2099761963,51404,51414,10
12.8746595383,80.2099914551,51414,51424,10
12.8747301102,80.2101364136,51424,51434,10
12.8748502731,80.2102508545,51434,51444,10
12.8753900528,80.210319519,51444,51454,10
12.8760004044,80.2104110718,51454,51464,10
12.8766803741,80.2105331421,51464,51474,10
12.8774795532,80.2107009888,51474,51484,10
12.8782997131,80.2108535767,51484,51494,10
12.8788795471,80.2109375,51494,51505,11
12.8791599274,80.2109832764,51505,51515,10
12.8792295456,80.2109603882,51515,51525,10
12.8795003891,80.2111816406,51525,51535,10
12.8793802261,80.2117996216,51535,51545,10
12.8791799545,80.2126693726,51545,51555,10
12.8790197372,80.2135772705,51555,51565,10
12.8788604736,80.21459198,51565,51575,10
12.8786001205,80.2157974243,51575,51585,10
12.8783597946,80.2169876099,51585,51595,10
12.8781099319,80.2182388306,51595,51605,10
12.8778095245,80.219543457,51605,51616,11
12.8774499893,80.2210235596,51616,51626,10
12.8771400452,80.2223129272,51626,51636,10
12.8768596649,80.2235031128,51636,51646,10
12.8766899109,80.2246170044,51646,51656,10
12.8765802383,80.2258071899,51656,51666,10
12.8764801025,80.2263565063,51666,51676,10
12.8764600754,80.2267608643,51676,51686,10
12.8764600754,80.2267913818,51686,51696,10
12.8764801025,80.2268829346,51696,51706,10
12.8767499924,80.2268676758,51706,51716,10
12.8775596619,80.2268371582,51716,51726,10
12.8785800934,80.2267990112,51726,51737,11
12.8799495697,80.2267379761,51737,51747,10
12.8813295364,80.2267303467,51747,51757,10
12.8827600479,80.2266998291,51757,51767,10
12.8841600418,80.2266616821,51767,51777,10
12.8851499557,80.2266616821,51777,51787,10
12.8852500916,80.2266693115,51787,51797,10
12.8855800629,80.2267379761,51797,51807,10
12.8862600327,80.2269363403,51807,51817,10
12.8871898651,80.2271575928,51817,51833,16
12.8885498047,80.2273101807,51833,51845,12
12.8885698318,80.2273025513,51845,51856,11
12.8891201019,80.2273025513,51856,51866,10
12.8900003433,80.2273406982,51866,51876,10
12.8910703659,80.2273330688,51876,51886,10
12.8921899796,80.2273330688,51886,51896,10
12.8933200836,80.2274627686,51896,51906,10
12.8941602707,80.2275238037,51906,51916,10
12.8941898346,80.2275085449,51916,51926,10
12.8945703506,80.2275619507,51926,51936,10
12.8953104019,80.2276000977,51936,51946,10
12.8963403702,80.2276611328,51946,51956,10
12.8975801468,80.227722168,51956,51967,11
12.8988304138,80.2277832031,51967,51977,10
12.8998403549,80.2278594971,51977,51987,10
12.9005203247,80.2278137207,51987,52017,30
12.9005203247,80.2278137207,52017,52027,10
12.9007101059,80.2278900146,52027,52037,10
12.9012804031,80.2279205322,52037,52047,10
12.902130127,80.2279815674,52047,52057,10
12.9029302597,80.2280197144,52057,52067,10
12.9029598236,80.2280273438,52067,52078,11
12.9031496048,80.2279891968,52078,52088,10
12.9038600922,80.2280502319,52088,52098,10
12.9047603607,80.2281112671,52098,52108,10
12.90583992,80.2282333374,52108,52178,70
12.90583992,80.2282333374,52178,52188,10
12.9061603546,80.2284164429,52188,52199,11
12.9066095352,80.2283172607,52199,52249,50
12.9066095352,80.2283172607,52249,52259,10
12.9066200256,80.2282028198,52259,52269,10
12.907119751,80.2282485962,52269,52279,10
12.90762043,80.2283172607,52279,52289,10
12.9082698822,80.2284469604,52289,52299,10
12.9094200134,80.2286529541,52299,52310,11
12.9108104706,80.2288665771,52310,52320,10
12.9121599197,80.2290878296,52320,52330,10
12.9134502411,80.2292633057,52330,52340,10
12.9138298035,80.2292785645,52340,52350,10
12.9138298035,80.2291870117,52350,52360,10
12.9138402939,80.2291717529,52360,52370,10
12.9141397476,80.2292098999,52370,52380,10
12.9148197174,80.229309082,52380,52390,10
12.9157600403,80.2294769287,52390,52400,10
12.9168596268,80.2297134399,52400,52410,10
12.9175395966,80.2298431396,52410,52420,10
12.9183502197,80.2300033569,52420,52431,11
12.9193696976,80.2300415039,52431,52447,16
12.9195804596,80.2300491333,52447,52459,12
12.9203195572,80.2301635742,52459,52469,10
12.9210700989,80.2302627563,52469,52479,10
12.9224500656,80.23046875,52479,52489,10
12.9235801697,80.2306137085,52489,52498,9
12.9249000549,80.2308502197,52498,52509,11
12.9260501862,80.2308883667,52509,52519,10
12.9262199402,80.2309188843,52519,52529,10
12.9263801575,80.231010437,52529,52539,10
12.9269800186,80.2310562134,52539,52550,11
12.9279298782,80.2311782837,52550,52560,10
12.9288101196,80.2313308716,52560,52570,10
12.9297704697,80.2315292358,52570,52579,9
12.9307804108,80.2318496704,52579,52589,10
12.9320402145,80.2322235107,52589,52600,11
12.9331998825,80.2325973511,52600,52610,10
12.9336700439,80.2327804565,52610,52620,10
12.9337301254,80.2326431274,52620,52630,10
12.9340896606,80.2327194214,52630,52640,10
12.9348201752,80.2330169678,52640,52651,11
12.9358100891,80.2336425781,52651,52661,10
12.9369001389,80.2342605591,52661,52670,9
12.9379796982,80.2348327637,52670,52681,11
12.9392204285,80.2354431152,52681,52691,10
12.9398202896,80.2356185913,52691,52701,10
12.9398097992,80.2356185913,52701,52711,10
12.9400701523,80.2357406616,52711,52721,10
12.9407300949,80.2359619141,52721,52731,10
12.9416503906,80.2361526489,52731,52741,10
12.9425401688,80.2364425659,52741,52751,10
12.9434604645,80.2370605469,52751,52761,10
12.9436302185,80.2372283936,52761,52772,11
12.9438800812,80.2375793457,52772,52782,10
12.9444303513,80.2380981445,52782,52792,10
12.9451799393,80.2390213013,52792,52802,10
12.9463195801,80.2395782471,52802,52812,10
12.9471797943,80.239906311,52812,52822,10
12.9473304749,80.239982605,52822,52832,10
12.9474601746,80.2400817871,52832,52842,10
12.9478302002,80.240272522,52842,52852,10
12.9487304688,80.2406005859,52852,52872,20
12.9487304688,80.2406005859,52872,52883,11
12.9492301941,80.2408218384,52883,52893,10
12.9499397278,80.2410507202,52893,52903,10
12.9507198334,80.2413024902,52903,52913,10
12.9510602951,80.2413711548,52913,52923,10
12.9511203766,80.2414398193,52923,52933,10
12.9516601563,80.2416000366,52933,52943,10
12.9524002075,80.2418823242,52943,52953,10
12.9531898499,80.2421798706,52953,52963,10
12.9541196823,80.2425537109,52963,52973,10
12.9548797607,80.2428817749,52973,52983,10
12.9555101395,80.243057251,52983,52993,10
12.956319809,80.2432937622,52993,53014,21
12.956319809,80.2432937622,53014,53024,10
12.9564695358,80.2433624268,53024,53034,10
12.9568004608,80.2435836792,53034,53044,10
12.9576196671,80.2439498901,53044,53054,10
12.958530426,80.2443618774,53054,53064,10
12.9589395523,80.2446365356,53064,53074,10
12.9591798782,80.244758606,53074,53084,10
12.9597997665,80.2449493408,53084,53094,10
12.9606399536,80.2453079224,53094,53104,10
12.9617004395,80.2457962036,53104,53115,11
12.9627103806,80.2462997437,53115,53125,10
12.9630899429,80.2465515137,53125,53135,10
12.9636001587,80.2468719482,53135,53145,10
12.96434021,80.2471237183,53145,53155,10
12.9652204514,80.247428894,53155,53165,10
12.9660596848,80.2477493286,53165,53175,10
12.9666204453,80.2479171753,53175,53185,10
12.966750145,80.2480621338,53185,53195,10
12.9668998718,80.2481231689,53195,53205,10
12.9672603607,80.2483062744,53205,53215,10
12.9680700302,80.248550415,53215,53225,10
12.9690704346,80.2490615845,53225,53236,11
12.9703998566,80.2495498657,53236,53246,10
12.9717102051,80.2499084473,53246,53256,10
12.972990036,80.250213623,53256,53272,16
12.9742498398,80.2505187988,53272,53284,12
12.9743995667,80.2505493164,53284,53294,10
12.9747800827,80.2506484985,53294,53303,9
12.975520134,80.2508468628,53303,53315,12
12.9768400192,80.2512512207,53315,53325,10
12.9778995514,80.2519226074,53325,53335,10
12.9789600372,80.2525787354,53335,53345,10
12.9799604416,80.2523498535,53345,53366,21
12.9799604416,80.2523498535,53366,53376,10
12.9799604416,80.2521514893,53376,53386,10
12.9801301956,80.2516098022,53386,53396,10
12.9803495407,80.2509002686,53396,53406,10
12.9806203842,80.2498779297,53406,53416,10
12.9807300568,80.2486190796,53416,53426,10
12.980799675,80.2476119995,53426,53436,10
12.9809598923,80.2459793091,53436,53446,10
12.9811201096,80.2445907593,53446,53456,10
12.981180191,80.2437362671,53456,53467,11
12.9813098907,80.2434463501,53467,53477,10
12.9813098907,80.2431335449,53477,53487,10
12.9813203812,80.2429733276,53487,53497,10
12.9813299179,80.2429428101,53497,53507,10
12.9813404083,80.2427215576,53507,53517,10
12.9813499451,80.2421112061,53517,53527,10
12.9813404083,80.2412719727,53527,53537,10
12.9813299179,80.2403030396,53537,53547,10
12.981300354,80.2396469116,53547,53557,10
12.981300354,80.2393188477,53557,53567,10
12.9812402725,80.237953186,53567,53588,21
12.9812402725,80.237953186,53588,53598,10
12.9812202454,80.2376480103,53598,53608,10
12.9812202454,80.2369308472,53608,53618,10
12.9811897278,80.2359695435,53618,53628,10
12.9811897278,80.234916687,53628,53638,10
12.9813203812,80.2339477539,53638,53648,10
12.9815797806,80.2333602905,53648,53658,10
12.9815797806,80.2333374023,53658,53668,10
12.9816799164,80.2331924438,53668,53678,10
12.9819002151,80.2326583862,53678,53689,11
12.9819602966,80.2320480347,53689,53699,10
12.9819402695,80.2315979004,53699,53709,10
12.9819097519,80.2311706543,53709,53719,10
12.981760025,80.2306900024,53719,53729,10
12.9814100266,80.2301712036,53729,53739,10
12.9809799194,80.2295227051,53739,53749,10
12.9808197021,80.2292480469,53749,53759,10
12.9806804657,80.2290267944,53759,53769,10
12.9806203842,80.2289276123,53769,53779,10
12.980389595,80.2285766602,53779,53789,10
12.9801998138,80.2281112671,53789,53800,11
12.9798898697,80.2276077271,53800,53810,10
12.9795303345,80.2270278931,53810,53820,10
12.9791002274,80.2263031006,53820,53830,10
12.9785604477,80.2254486084,53830,53840,10
12.9781303406,80.2247009277,53840,53850,10
12.9778404236,80.2243270874,53850,53860,10
12.9777498245,80.2242202759,53860,53870,10
12.9775495529,80.2238922119,53870,53880,10
12.9772195816,80.2233581543,53880,53890,10
12.9770002365,80.2228927612,53890,53900,10
12.9769601822,80.2227783203,53900,53910,10
12.9770803452,80.2226486206,53910,53921,11
12.9771604538,80.2226333618,53921,53931,10
12.9774303436,80.2225112915,53931,53941,10
12.977350235,80.2220993042,53941,53951,10
12.977350235,80.2214126587,53951,53961,10
12.977399826,80.2211380005,53961,53971,10
12.9777097702,80.2211532593,53971,53981,10
12.9782896042,80.2210006714,53981,53991,10
12.9791002274,80.2210464478,53991,54001,10
12.979929924,80.2210235596,54001,54011,10
12.9807300568,80.2209396362,54011,54021,10
12.9814996719,80.2211990356,54021,54032,11
12.9821796417,80.2216720581,54032,54042,10
12.9826097488,80.2218399048,54042,54052,10
12.9829101563,80.2219085693,54052,54062,10
12.9828500748,80.2219009399,54062,54072,10
12.983039856,80.2220687866,54072,54082,10
12.9836397171,80.2224502563,54082,54092,10
12.9841995239,80.2228164673,54092,54102,10
12.9849395752,80.2232131958,54102,54112,10
12.985329628,80.2233200073,54112,54122,10
12.9856700897,80.2230377197,54122,54132,10
12.9862298965,80.2229919434,54132,54142,10
12.9864301682,80.2229614258,54142,54153,11
12.9869403839,80.2230377197,54153,54163,10
12.9873504639,80.2230911255,54163,54173,10
12.9879302979,80.2228393555,54173,54183,10
12.9887695313,80.2226409912,54183,54193,10
12.9891195297,80.2223587036,54193,54203,10
12.9895601273,80.2216033936,54203,54213,10
12.9899702072,80.2207717896,54213,54223,10
12.9904403687,80.2203979492,54223,54233,10
12.9905195236,80.2202835083,54233,54243,10
12.9908599854,80.2199707031,54243,54253,10
12.9914598465,80.2194595337,54253,54264,11
12.9922895432,80.2189178467,54264,54274,10
12.9930400848,80.2183837891,54274,54284,10
12.9937200546,80.2179031372,54284,54294,10
12.9940395355,80.2176437378,54294,54304,10
12.9942703247,80.2174224854,54304,54313,9
12.9943304062,80.2171707153,54313,54324,11
12.9946203232,80.2171096802,54324,54334,10
12.9950704575,80.2169494629,54334,54344,10
12.9957103729,80.2166290283,54344,54354,10
12.9963302612,80.2164764404,54354,54364,10
12.9968900681,80.2164001465,54364,54375,11
12.9973802567,80.2161178589,54375,54385,10
12.9974803925,80.2160568237,54385,54395,10
12.9978399277,80.2157669067,54395,54405,10
12.998339653,80.2153396606,54405,54415,10
12.9989700317,80.2147979736,54415,54425,10
12.9992599487,80.2145385742,54425,54435,10
12.9997301102,80.2141799927,54435,54445,10
12.9999704361,80.2139434814,54445,54455,10
13.0004997253,80.2134475708,54455,54465,10
13.0011796951,80.2129211426,54465,54475,10
13.0018701553,80.2124328613,54475,54486,11
13.0025596619,80.212097168,54486,54496,10
13.0031099319,80.2120437622,54496,54506,10
13.0036201477,80.2119369507,54506,54516,10
13.0036697388,80.2117767334,54516,54526,10
13.0037403107,80.2111587524,54526,54536,10
13.0035800934,80.2103424072,54536,54546,10
13.0035400391,80.2094268799,54546,54556,10
13.0037002563,80.2087020874,54556,54566,10
13.0043802261,80.2087783813,54566,54576,10
13.0051698685,80.2091522217,54576,54586,10
13.00578022,80.2094192505,54586,54596,10
13.0059499741,80.209487915,54596,54612,16
13.0066003799,80.2096862793,54612,54625,13
13.0071897507,80.2098236084,54625,54635,10
13.0072803497,80.2098388672,54635,54645,10
13.0073404312,80.2099533081,54645,54655,10
13.0074996948,80.2098693848,54655,54665,10
13.0077199936,80.2098083496,54665,54675,10
13.008099556,80.2098922729,54675,54685,10
13.0080404282,80.2093811035,54685,54695,10
13.0079097748,80.2084274292,54695,54705,10
13.0078296661,80.2074203491,54705,54715,10
13.0077104568,80.20677948,54715,54726,11
13.0075798035,80.2059020996,54726,54736,10
13.0075302124,80.2050476074,54736,54746,10
13.0074996948,80.2042770386,54746,54756,10
13.0073699951,80.20337677,54756,54766,10
13.007229805,80.2027435303,54766,54776,10
13.0066604614,80.202583313,54776,54786,10
13.0065603256,80.203338623,54786,54796,10
13.0074195862,80.2036972046,54796,54806,10
13.0084695816,80.2037506104,54806,54816,10
13.0097103119,80.203666687,54816,54826,10
13.0109395981,80.2036819458,54826,54837,11
13.012140274,80.2038421631,54837,54847,10
13.0130596161,80.2040176392,54847,54857,10
13.0136003494,80.2042236328,54857,54877,20
13.0136003494,80.2042236328,54877,54887,10
13.013589859,80.2045669556,54887,54897,10
13.0135803223,80.2046203613,54897,54907,10
13.013420105,80.2052688599,54907,54917,10
13.0131397247,80.2061080933,54917,54927,10
13.0129995346,80.2069778442,54927,54937,10
13.0128698349,80.2076034546,54937,54948,11
13.0127296448,80.2078399658,54948,54958,10
13.0127496719,80.2080993652,54958,54968,10
13.0128498077,80.2086410522,54968,54978,10
13.0128898621,80.2093429565,54978,54988,10
13.0131902695,80.2101593018,54988,54998,10
13.0130901337,80.2107315063,54998,55008,10
13.0127601624,80.2113571167,55008,55018,10
13.0125198364,80.212059021,55018,55028,10
13.0121002197,80.2125778198,55028,55038,10
13.0118598938,80.2128219604,55038,55048,10
13.0115404129,80.212638855,55048,55058,10
13.0110797882,80.2123031616,55058,55069,11
13.0105895996,80.2119598389,55069,55079,10
13.0101900101,80.2116165161,55079,55089,10
13.0097999573,80.2113189697,55089,55129,40
13.0094604492,80.2111129761,55129,55248,119
13.0093898773,80.2110137939,55248,55431,183
13.0093898773,80.2110137939,55431,55441,10
13.0093603134,80.2109909058,55441,55965,524
13.0093603134,80.2109909058,55965,55976,11
13.0091896057,80.2111206055,55976,55986,10
13.0090503693,80.2113494873,55986,55996,10
13.0090103149,80.2117004395,55996,56006,10
13.0092697144,80.2124328613,56006,56016,10
13.0095701218,80.2132034302,56016,56026,10
13.0098800659,80.2140731812,56026,56036,10
13.0101099014,80.2149124146,56036,56045,9
13.0102396011,80.2157592773,56045,56055,10
13.0106296539,80.2166519165,56055,56066,11
13.0111703873,80.2175979614,56066,56076,10
13.0115404129,80.2186279297,56076,56086,10
13.011879921,80.2198104858,56086,56097,11
13.0122299194,80.220993042,56097,56107,10
13.0124797821,80.2217407227,56107,56117,10
13.0129995346,80.2223434448,56117,56127,10
13.0135002136,80.2229766846,56127,56137,10
13.0139904022,80.2235565186,56137,56147,10
13.0144996643,80.2241897583,56147,56157,10
13.0151596069,80.2248764038,56157,56167,10
13.0153999329,80.2253494263,56167,56177,10
13.0152797699,80.2257385254,56177,56187,10
13.0147600174,80.2258987427,56187,56197,10
13.0141000748,80.2262802124,56197,56208,11
13.0131998062,80.2265090942,56208,56218,10
13.0124502182,80.2267990112,56218,56228,10
13.0116195679,80.2272415161,56228,56238,10
13.0106401443,80.2276611328,56238,56248,10
13.0098600388,80.227897644,56248,56258,10
13.0096101761,80.2274780273,56258,56268,10
13.0099096298,80.2267837524,56268,56278,10
13.0102901459,80.2259979248,56278,56287,9
13.0104503632,80.2253036499,56287,56298,11
13.0104904175,80.2250900269,56298,56308,10
13.0106496811,80.2247161865,56308,56319,11
13.0108995438,80.2240829468,56319,56329,10
13.0111398697,80.2233963013,56329,56339,10
13.0111398697,80.2230224609,56339,56349,10
13.0105199814,80.2228469849,56349,56359,10
13.0097398758,80.222442627,56359,56369,10
13.0089302063,80.2219619751,56369,56379,10
13.0080795288,80.2215194702,56379,56389,10
13.0072002411,80.2210388184,56389,56399,10
13.0063495636,80.2206192017,56399,56409,10
13.0052204132,80.2204208374,56409,56419,10
13.0045404434,80.2202606201,56419,56429,10
13.0037603378,80.220199585,56429,56440,11
13.0029401779,80.2199478149,56440,56450,10
13.0022296906,80.2193527222,56450,56460,10
13.0015497208,80.2186203003,56460,56470,10
13.0007696152,80.2180786133,56470,56480,10
13.0000600815,80.2176437378,56480,56490,10
12.9993400574,80.2172164917,56490,56500,10
12.9984703064,80.216796875,56500,56510,10
12.9975996017,80.2165603638,56510,56520,10
12.9973096848,80.2165679932,56520,56530,10
12.997130394,80.2166366577,56530,56540,10
12.9965696335,80.2166671753,56540,56551,11
12.9956903458,80.2168273926,56551,56561,10
12.9952001572,80.2168731689,56561,56571,10
12.9950799942,80.2169876099,56571,56581,10
12.9949903488,80.2170791626,56581,56591,10
12.994720459,80.2173233032,56591,56601,10
12.9942598343,80.2176437378,56601,56611,10
12.9939098358,80.2179031372,56611,56621,10
12.993519783,80.2182922363,56621,56631,10
12.9928302765,80.2187728882,56631,56641,10
12.9921798706,80.2193222046,56641,56651,10
12.9914703369,80.2198181152,56651,56661,10
12.9908895493,80.2202224731,56661,56672,11
12.9907798767,80.2203216553,56672,56682,10
12.990530014,80.2205810547,56682,56692,10
12.9900598526,80.2211303711,56692,56702,10
12.9894895554,80.2217712402,56702,56712,10
12.9888296127,80.2225189209,56712,56722,10
12.9879798889,80.2230834961,56722,56732,10
12.9876499176,80.2231369019,56732,56742,10
12.9874401093,80.2231292725,56742,56752,10
12.9870595932,80.2230911255,56752,56762,10
12.9865598679,80.2230529785,56762,56772,10
12.9858598709,80.2231369019,56772,56783,11
12.985159874,80.2232818604,56783,56793,10
12.9845600128,80.2229919434,56793,56803,10
12.9840297699,80.2226715088,56803,56812,9
12.9836397171,80.2224731445,56812,56823,11
12.9833097458,80.2221984863,56823,56833,10
12.9832496643,80.2221603394,56833,56843,10
12.982919693,80.2220001221,56843,56853,10
12.9825496674,80.221862793,56853,56863,10
12.9819002151,80.2215194702,56863,56873,10
12.9812602997,80.2211532593,56873,56883,10
12.980340004,80.2211227417,56883,56893,10
12.9796695709,80.2211532593,56893,56904,11
12.9788198471,80.2212295532,56904,56914,10
12.9783096313,80.221282959,56914,56924,10
12.9777803421,80.2214279175,56924,56934,10
12.9771003723,80.2214202881,56934,56944,10
12.976360321,80.2213592529,56944,56953,9
12.9761295319,80.2215576172,56953,56964,11
12.976360321,80.2218780518,56964,56973,9
12.9763803482,80.2219085693,56973,56984,11
12.9764795303,80.2219085693,56984,56994,10
12.9767103195,80.222366333,56994,57004,10
12.9770803452,80.2231063843,57004,57015,11
12.9776496887,80.2239837646,57015,57025,10
12.9781103134,80.2247009277,57025,57035,10
12.9784803391,80.2253189087,57035,57045,10
12.9785499573,80.225440979,57045,57055,10
12.9787397385,80.2256622314,57055,57065,10
12.9790897369,80.2262573242,57065,57075,10
12.9795303345,80.2270278931,57075,57085,10
12.9801197052,80.2279815674,57085,57095,10
12.9806404114,80.2289123535,57095,57105,10
12.981010437,80.2295227051,57105,57115,10
12.9814796448,80.2301712036,57115,57126,11
12.9817304611,80.2305831909,57126,57136,10
12.9818096161,80.2307510376,57136,57146,10
12.9819803238,80.231338501,57146,57156,10
12.982049942,80.2320785522,57156,57166,10
12.9819402695,80.2326812744,57166,57176,10
12.9816598892,80.2334365845,57176,57186,10
12.9815998077,80.2335662842,57186,57196,10
12.9814500809,80.2338409424,57196,57206,10
12.9811897278,80.2346420288,57206,57216,10
12.9811601639,80.2354202271,57216,57226,10
12.9811897278,80.2361831665,57226,57236,10
12.9812002182,80.2372283936,57236,57247,11
12.9812698364,80.2382278442,57247,57257,10
12.9813203812,80.2386627197,57257,57267,10
12.981300354,80.2387619019,57267,57277,10
12.9813098907,80.2390213013,57277,57287,10
12.9812803268,80.2395782471,57287,57297,10
12.9813203812,80.2404327393,57297,57307,10
12.9813604355,80.2414703369,57307,57317,10
12.9813899994,80.2423400879,57317,57327,10
12.9814100266,80.2427825928,57327,57337,10
12.9813804626,80.2428436279,57337,57347,10
12.9814195633,80.2432785034,57347,57358,11
12.9813203812,80.2441101074,57358,57368,10
12.9812402725,80.244720459,57368,57378,10
12.9811697006,80.2451782227,57378,57388,10
12.9810600281,80.2460174561,57388,57398,10
12.9808998108,80.2471313477,57398,57408,10
12.9808197021,80.2483596802,57408,57418,10
12.9806804657,80.2496566772,57418,57428,10
12.9804296494,80.2507705688,57428,57438,10
12.9801502228,80.2519073486,57438,57448,10
12.9800701141,80.2522888184,57448,57458,10
12.9799604416,80.2525177002,57458,57469,11
12.9799203873,80.2527313232,57469,57479,10
12.9795799255,80.2527694702,57479,57489,10
12.9785995483,80.2526092529,57489,57509,20
12.9785995483,80.2526092529,57509,57519,10
12.9784698486,80.2525634766,57519,57529,10
12.97797966,80.2521514893,57529,57539,10
12.9771699905,80.2515182495,57539,57549,10
12.9759597778,80.251121521,57549,57559,10
12.9746198654,80.2507400513,57559,57569,10
12.973400116,80.2503890991,57569,57579,10
12.9725503922,80.2501983643,57579,57590,11
12.9724197388,80.2501831055,57590,57600,10
12.9718999863,80.2500228882,57600,57616,16
12.9703998566,80.2495803833,57616,57628,12
12.9689302444,80.2490081787,57628,57638,10
12.9679098129,80.248550415,57638,57648,10
12.9666595459,80.2479705811,57648,57658,10
12.9657802582,80.2475967407,57658,57668,10
12.9650297165,80.2473678589,57668,57678,10
12.9650201797,80.2473678589,57678,57688,10
12.9647302628,80.2472305298,57688,57698,10
12.9640598297,80.246963501,57698,57709,11
12.9632101059,80.2466125488,57709,57719,10
12.9622097015,80.2461700439,57719,57729,10
12.9610595703,80.2455596924,57729,57739,10
12.9598302841,80.2449874878,57739,57749,10
12.9592895508,80.2448196411,57749,57759,10
12.9592695236,80.244758606,57759,57769,10
12.9587898254,80.2445297241,57769,57779,10
12.9580001831,80.2442016602,57779,57789,10
12.957400322,80.2439880371,57789,57799,10
12.9563999176,80.2436904907,57799,57830,31
12.9563999176,80.2436904907,57830,57840,10
12.9562101364,80.2436218262,57840,57850,10
12.9556798935,80.2433624268,57850,57860,10
12.9548501968,80.2429122925,57860,57870,10
12.9537696838,80.2424621582,57870,57880,10
12.9526395798,80.2419891357,57880,57890,10
12.9520902634,80.2418136597,57890,57900,10
12.9519395828,80.2417297363,57900,57910,10
12.9512195587,80.2415084839,57910,57920,10
12.9502401352,80.2412033081,57920,57931,11
12.9490098953,80.2408218384,57931,57941,10
12.9478502274,80.2403335571,57941,57951,10
12.9470396042,80.239982605,57951,57961,10
12.9468603134,80.2399215698,57961,57971,10
12.9463195801,80.2397003174,57971,57981,10
12.9455003738,80.2393188477,57981,57991,10
12.9446802139,80.2385787964,57991,58001,10
12.9438199997,80.2376708984,58001,58011,10
12.9432697296,80.2371292114,58011,58021,10
12.9430599213,80.2369308472,58021,58031,10
12.9423704147,80.2365264893,58031,58041,10
12.9413003922,80.2362365723,58041,58052,11
12.9402599335,80.2359619141,58052,58062,10
12.939740181,80.2358016968,58062,58072,10
12.9394598007,80.2356796265,58072,58082,10
12.9387998581,80.2353515625,58082,58092,10
12.9378499985,80.23487854,58092,58102,10
12.9366798401,80.2343215942,58102,58112,10
12.9356098175,80.2337722778,58112,58122,10
12.9345397949,80.2332763672,58122,58132,10
12.9339599609,80.233039856,58132,58142,10
12.9338703156,80.2330093384,58142,58152,10
12.9334001541,80.2327804565,58152,58163,11
12.9325199127,80.2324066162,58163,58173,10
12.9315004349,80.2321014404,58173,58183,10
12.9303197861,80.2317276001,58183,58193,10
12.9293003082,80.2314529419,58193,58203,10
12.9281902313,80.2312393188,58203,58213,10
12.9269399643,80.2311019897,58213,58223,10
12.9260902405,80.2310562134,58223,58233,10
12.9259595871,80.2310409546,58233,58243,10
12.9254198074,80.2309494019,58243,58253,10
12.924539566,80.2308425903,58253,58263,10
12.9234199524,80.2306671143,58263,58273,10
12.9221496582,80.2304763794,58273,58284,11
12.9208803177,80.2303237915,58284,58300,16
12.9193201065,80.2301635742,58300,58312,12
12.9190797806,80.2301177979,58312,58320,8
12.9186697006,80.2300491333,58320,58330,10
12.9177999496,80.2299423218,58330,58341,11
12.9167404175,80.2297592163,58341,58353,12
12.9155101776,80.229598999,58353,58363,10
12.9142398834,80.2294311523,58363,58373,10
12.9134502411,80.2293777466,58373,58383,10
12.9133996964,80.229347229,58383,58394,11
12.9128398895,80.2292404175,58394,58404,10
12.911939621,80.2291030884,58404,58413,9
12.9109201431,80.2289733887,58413,58424,11
12.9096403122,80.2287597656,58424,58434,10
12.9084196091,80.2285766602,58434,58443,9
12.90762043,80.2284622192,58443,58464,21
12.90762043,80.2284622192,58464,58474,10
12.9075403214,80.2285079956,58474,58484,10
12.9072704315,80.2284393311,58484,58494,10
12.9070100784,80.2284393311,58494,58504,10
12.9067802429,80.2283782959,58504,58515,11
12.9062795639,80.2283401489,58515,58525,10
12.9061403275,80.2283325195,58525,58535,10
12.9061203003,80.2283096313,58535,58545,10
12.9056301117,80.2282485962,58545,58555,10
12.9047603607,80.2282104492,58555,58565,10
12.903840065,80.2281723022,58565,58575,10
12.9026203156,80.2281188965,58575,58585,10
12.9015398026,80.2280578613,58585,58595,10
12.9010601044,80.2280807495,58595,58694,99
12.9010601044,80.2280807495,58694,58703,9
12.90102005,80.2280502319,58703,58714,11
12.9006204605,80.2280273438,58714,58724,10
12.8999700546,80.2279205322,58724,58734,10
12.8991603851,80.2278366089,58734,58745,11
12.8988199234,80.2279205322,58745,58755,10
12.8984699249,80.2278594971,58755,58765,10
12.8978204727,80.2276992798,58765,58775,10
12.8968095779,80.2276763916,58775,58785,10
12.8958501816,80.2276535034,58785,58794,9
12.8948898315,80.2276382446,58794,58805,11
12.8937301636,80.2276000977,58805,58815,10
12.8929395676,80.2275085449,58815,58825,10
12.8924198151,80.2274169922,58825,58835,10
12.8917398453,80.2273864746,58835,58845,10
12.8907403946,80.2274169922,58845,58856,11
12.8894395828,80.2274169922,58856,58866,10
12.8884000778,80.2274398804,58866,58876,10
12.8882102966,80.2274475098,58876,58886,10
12.8878898621,80.2274398804,58886,58896,10
12.8872404099,80.2273330688,58896,58906,10
12.8863697052,80.2271118164,58906,58916,10
12.8853702545,80.2268371582,58916,58926,10
12.8847198486,80.2267684937,58926,58936,10
12.8845796585,80.2267608643,58936,58946,10
12.8839597702,80.2267608643,58946,58956,10
12.8831100464,80.2267303467,58956,58967,11
12.8818302155,80.2267684937,58967,58977,10
12.8805704117,80.2267608643,58977,58987,10
12.8793096542,80.2267913818,58987,58997,10
12.8780498505,80.226852417,58997,59007,10
12.8769798279,80.2269515991,59007,59016,9
12.8764095306,80.2270278931,59016,59027,11
12.8764200211,80.2268218994,59027,59037,10
12.8763904572,80.2265090942,59037,59047,10
12.8763904572,80.2262191772,59047,59057,10
12.8765296936,80.225402832,59057,59067,10
12.8767404556,80.224319458,59067,59077,10
12.8769903183,80.2230224609,59077,59088,11
12.8773498535,80.2215499878,59088,59098,10
12.8776798248,80.2201690674,59098,59108,10
12.8778896332,80.2191009521,59108,59118,10
12.8781099319,80.2180404663,59118,59128,10
12.8783798218,80.2166366577,59128,59138,10
12.8787097931,80.2152175903,59138,59148,10
12.8789901733,80.213760376,59148,59158,10
12.8792695999,80.2123413086,59158,59168,10
12.8794803619,80.2112197876,59168,59178,10
12.8791599274,80.2109527588,59178,59188,10
12.8790798187,80.2109832764,59188,59198,10
12.8787097931,80.2108764648,59198,59209,11
12.8779401779,80.2107315063,59209,59219,10
12.8771095276,80.2106018066,59219,59229,10
12.8763399124,80.2104415894,59229,59245,16
12.8749399185,80.2101898193,59245,59265,20
12.8749399185,80.2101898193,59265,59276,11
12.8747997284,80.2101287842,59276,59287,11
12.8744697571,80.2100524902,59287,59297,10
12.8744001389,80.2098312378,59297,59307,10
12.874540329,80.2094802856,59307,59318,11
12.8747501373,80.209777832,59318,59328,10
12.8745803833,80.2098922729,59328,59338,10
12.8745698929,80.2098693848,59338,59348,10
12.87458992,80.2099533081,59348,59358,10
12.8745698929,80.2098693848,59358,59368,10
12.8745698929,80.2099304199,59368,59378,10
12.8746004105,80.2097930908,59378,59386,8
12.8746204376,80.2096176147,59386,59419,33
12.8746204376,80.2096176147,59419,59430,11
12.8746404648,80.2095413208,59430,59440,10
12.8745603561,80.2097091675,59440,59450,10
12.8745498657,80.2099761963,59450,59460,10
12.8745603561,80.2100601196,59460,59470,10
12.874540329,80.2099609375,59470,59480,10
12.8745002747,80.2100601196,59480,59490,10
12.8744497299,80.2101821899,59490,59591,101
12.8744497299,80.2101821899,59591,59601,10
12.8745603561,80.2094192505,59601,59611,10
12.8746004105,80.2099533081,59611,59621,10
12.8746500015,80.2099609375,59621,59631,10
12.8746404648,80.2098083496,59631,59651,20
12.8746404648,80.2098083496,59651,59662,11
12.8746595383,80.2098083496,59662,59672,10
12.87458992,80.2098999023,59672,59682,10
12.8746900558,80.2100372314,59682,59692,10
12.8748903275,80.2101211548,59692,59702,10
12.8750600815,80.2101593018,59702,59712,10
12.8755197525,80.2102432251,59712,59722,10
12.8761701584,80.2103881836,59722,59732,10
12.8769102097,80.2105636597,59732,59742,10
12.8777503967,80.2107391357,59742,59752,10
12.8786096573,80.2109222412,59752,59762,10
12.8792104721,80.2110137939,59762,59793,31
12.8792104721,80.2110137939,59793,59803,10
12.879360199,80.2110671997,59803,59813,10
12.8795003891,80.2113037109,59813,59823,10
12.8793697357,80.2120132446,59823,59833,10
12.8791799545,80.2129592896,59833,59843,10
12.8789300919,80.2141418457,59843,59853,10
12.8786697388,80.2154388428,59853,59863,10
12.8783798218,80.2167892456,59863,59873,10
12.8781099319,80.218208313,59873,59884,11
12.8777399063,80.2197799683,59884,59894,10
12.8774204254,80.221206665,59894,59904,10
12.8771095276,80.2225570679,59904,59914,10
12.876830101,80.223739624,59914,59924,10
12.8766498566,80.2249069214,59924,59934,10
12.876540184,80.2260665894,59934,59944,10
12.876449585,80.2267074585,59944,59954,10
12.8764801025,80.226852417,59954,59964,10
12.8766002655,80.2268981934,59964,59974,10
12.8770399094,80.2268295288,59974,59984,10
12.8779296875,80.2267532349,59984,59994,10
12.879119873,80.2266616821,59994,60005,11
12.880610466,80.2266998291,60005,60015,10
12.8819999695,80.2266387939,60015,60025,10
12.8834600449,80.2266235352,60025,60035,10
12.8847999573,80.2265930176,60035,60045,10
12.885430336,80.2265930176,60045,60055,10
12.8854398727,80.226600647,60055,60071,16
12.8864603043,80.2269973755,60071,60083,12
12.8877496719,80.2273330688,60083,60093,10
12.8890399933,80.2273788452,60093,60103,10
12.8904399872,80.2273635864,60103,60113,10
12.8918199539,80.2273101807,60113,60124,11
12.8928804398,80.2273406982,60124,60134,10
12.8937797546,80.2274475098,60134,60142,8
12.894080162,80.2275619507,60142,60152,10
12.8940496445,80.2274780273,60152,60163,11
12.894370079,80.2275390625,60163,60174,11
12.89523983,80.2276306152,60174,60185,11
12.8964395523,80.2276763916,60185,60194,9
12.8974399567,80.2276916504,60194,60204,10
12.8985004425,80.227722168,60204,60215,11
12.8993902206,80.2278137207,60215,60225,10
12.8997898102,80.2278137207,60225,60236,11
12.9004096985,80.227897644,60236,60246,10
12.9009799957,80.2279434204,60246,60256,10
12.9015398026,80.2280273438,60256,60266,10
12.9021902084,80.2280883789,60266,60276,10
12.9025802612,80.2280731201,60276,60286,10
12.9025802612,80.2280578613,60286,60296,10
12.9027204514,80.2280426025,60296,60306,10
12.9028596878,80.2281036377,60306,60316,10
12.9034204483,80.2280502319,60316,60326,10
12.9043598175,80.2280883789,60326,60336,10
12.9055299759,80.2281036377,60336,60347,11
12.9065704346,80.2283096313,60347,60357,10
12.906999588,80.2283477783,60357,60367,10
12.9072303772,80.2282409668,60367,60377,10
12.9073896408,80.2282791138,60377,60387,10
12.9080696106,80.2284927368,60387,60397,10
12.9089899063,80.2286376953,60397,60407,10
12.9101495743,80.2288284302,60407,60417,10
12.9114103317,80.2289962769,60417,60427,10
12.9125299454,80.2291412354,60427,60437,10
12.9137096405,80.2292404175,60437,60458,21
12.9137096405,80.2292404175,60458,60468,10
12.9140701294,80.2293014526,60468,60478,10
12.9148101807,80.2294006348,60478,60488,10
12.9157896042,80.2295608521,60488,60498,10
12.9168195724,80.2296905518,60498,60508,10
12.9178495407,80.2297973633,60508,60518,10
12.918680191,80.2299423218,60518,60528,10
12.9188699722,80.2300033569,60528,60538,10
12.9191303253,80.2300415039,60538,60548,10
12.9192199707,80.2300491333,60548,60558,10
12.9195203781,80.2301635742,60558,60568,10
12.9196195602,80.2301330566,60568,60579,11
12.920249939,80.2301712036,60579,60589,10
12.9211797714,80.2302932739,60589,60599,10
12.9223299026,80.2304611206,60599,60609,10
12.923620224,80.230682373,60609,60625,16
12.9262199402,80.231010437,60625,60647,22
12.9262199402,80.231010437,60647,60657,10
12.926609993,80.2309188843,60657,60667,10
12.9273395538,80.2310714722,60667,60677,10
12.9282598495,80.2311935425,60677,60688,11
12.9292497635,80.2313766479,60688,60698,10
12.930270195,80.2316207886,60698,60708,10
12.9313201904,80.231918335,60708,60717,9
12.9320497513,80.2321472168,60717,60728,11
12.932970047,80.2324829102,60728,60738,10
12.9333200455,80.2325973511,60738,60748,10
12.9336204529,80.232749939,60748,60758,10
12.9336004257,80.2327575684,60758,60768,10
12.9338197708,80.2328414917,60768,60778,10
12.9344701767,80.2330093384,60778,60788,10
12.9352798462,80.2334213257,60788,60798,10
12.9356298447,80.2335662842,60798,60809,11
12.9361801147,80.23387146,60809,60819,10
12.9369401932,80.2342071533,60819,60829,10
12.937789917,80.2346496582,60829,60839,10
12.9385795593,80.2350769043,60839,60849,10
12.9393100739,80.2354431152,60849,60859,10
12.9394798279,80.2355575562,60859,60869,10
12.9396400452,80.2356796265,60869,60885,16
12.9406700134,80.2359924316,60885,60897,12
12.9418401718,80.2362823486,60897,60905,8
12.9426603317,80.236541748,60905,60917,12
12.9433202744,80.2369537354,60917,60928,11
12.9435596466,80.2372283936,60928,60938,10
12.9437503815,80.2373428345,60938,60948,10
12.9442596436,80.2378616333,60948,60958,10
12.9449396133,80.2386016846,60958,60967,9
12.9456596375,80.2392501831,60967,60977,10
12.9465303421,80.2396316528,60977,60987,10
12.9471597672,80.2399215698,60987,61008,21
12.9471597672,80.2399215698,61008,61018,10
12.9475002289,80.2400817871,61018,61028,10
12.9480800629,80.2403182983,61028,61039,11
12.9484796524,80.240447998,61039,61059,20
12.9484796524,80.240447998,61059,61069,10
12.9485797882,80.2405319214,61069,61079,10
12.9489498138,80.2406616211,61079,61089,10
12.9494495392,80.2408676147,61089,61099,10
12.9500999451,80.2410964966,61099,61109,10
12.9509897232,80.241317749,61109,61129,20
12.9509897232,80.241317749,61129,61139,10
12.9512395859,80.2413635254,61139,61150,11
12.9515800476,80.2415084839,61150,61160,10
12.9520797729,80.2416610718,61160,61170,10
12.9527196884,80.2418289185,61170,61180,10
12.9536399841,80.2422332764,61180,61189,9
12.9542999268,80.2425231934,61189,61200,11
12.9550104141,80.2428207397,61200,61210,10
12.955499649,80.2429733276,61210,61220,10
12.9556598663,80.2430267334,61220,61230,10
12.9558200836,80.2430496216,61230,61250,20
12.9558200836,80.2430496216,61250,61261,11
12.9559898376,80.2431030273,61261,61271,10
12.9561004639,80.2431716919,61271,61281,10
12.9562597275,80.2432403564,61281,61291,10
12.9563102722,80.2432174683,61291,61301,10
12.9564199448,80.2432785034,61301,61311,10
12.9565696716,80.2433013916,61311,61321,10
12.9569997787,80.2435531616,61321,61331,10
12.9577798843,80.2439193726,61331,61341,10
12.9584102631,80.2442321777,61341,61351,10
12.958820343,80.2443771362,61351,61361,10
12.958820343,80.2444229126,61361,61372,11
12.9590797424,80.2445297241,61372,61382,10
12.9595499039,80.2446365356,61382,61392,10
12.9603796005,80.2450714111,61392,61402,10
12.9613199234,80.2455825806,61402,61412,10
12.9622097015,80.2460632324,61412,61422,10
12.962770462,80.2462463379,61422,61432,10
12.9633398056,80.2464904785,61432,61503,71
12.9633398056,80.2464904785,61503,61513,10
12.9636898041,80.246711731,61513,61523,10
12.9642295837,80.2469177246,61523,61533,10
12.9650096893,80.2472229004,61533,61543,10
12.9659004211,80.247543335,61543,61553,10
12.9666595459,80.2478637695,61553,61563,10
12.9668197632,80.2479400635,61563,61573,10
12.9668798447,80.2479782104,61573,61583,10
12.9671001434,80.2480926514,61583,61593,10
12.9674396515,80.2482376099,61593,61604,11
12.9683198929,80.2486190796,61604,61614,10
12.9693098068,80.2490234375,61614,61624,10
12.9704399109,80.2494888306,61624,61634,10
12.9716596603,80.2498626709,61634,61644,10
12.9729299545,80.2501907349,61644,61654,10
12.9739103317,80.2504196167,61654,61664,10
12.9744701385,80.2505722046,61664,61674,10
12.9744596481,80.2505569458,61674,61684,10
12.9748802185,80.2507095337,61684,61694,10
12.9756002426,80.2509231567,61694,61704,10
12.9764204025,80.251159668,61704,61714,10
12.9771995544,80.2514419556,61714,61725,11
12.9779100418,80.2519607544,61725,61735,10
12.9785604477,80.2524337769,61735,61745,10
12.9794101715,80.2526016235,61745,61755,10
12.9798402786,80.2525787354,61755,61771,16
12.9799098969,80.2523803711,61771,61783,12
12.9799499512,80.2521514893,61783,61791,8
12.9799499512,80.2519989014,61791,61803,12
12.9801797867,80.2514038086,61803,61813,10
12.9804697037,80.250541687,61813,61823,10
12.9806900024,80.2495574951,61823,61834,11
12.980799675,80.2482376099,61834,61844,10
12.9808797836,80.2469177246,61844,61854,10
12.9810304642,80.2455596924,61854,61864,10
12.9812002182,80.2443466187,61864,61874,10
12.9812002182,80.2438812256,61874,61884,10
12.9813098907,80.2436218262,61884,61894,10
12.9813604355,80.2432785034,61894,61904,10
12.9813604355,80.2429275513,61904,61914,10
12.9813699722,80.2428512573,61914,61924,10
12.9813995361,80.2427597046,61924,61934,10
12.9813699722,80.2423171997,61934,61945,11
12.9813604355,80.2415008545,61945,61955,10
12.9813699722,80.240562439,61955,61965,10
12.9813604355,80.2398910522,61965,61975,10
12.9813404083,80.2396011353,61975,61985,10
12.981300354,80.2391433716,61985,61995,10
12.9812803268,80.2384414673,61995,62005,10
12.9812803268,80.2381362915,62005,62015,10
12.9812803268,80.237991333,62015,62025,10
12.981300354,80.2378616333,62025,62035,10
12.9812498093,80.2373428345,62035,62045,10
12.9812402725,80.2364807129,62045,62056,11
12.9811897278,80.2353286743,62056,62065,9
12.9811897278,80.2344970703,62065,62076,11
12.9813699722,80.2338562012,62076,62086,10
12.9815196991,80.2336425781,62086,62096,10
12.9815502167,80.233581543,62096,62106,10
12.9816398621,80.2333984375,62106,62116,10
12.9818296432,80.2330093384,62116,62126,10
12.9819402695,80.2326965332,62126,62136,10
12.9819602966,80.2326583862,62136,62146,10
12.982000351,80.2324295044,62146,62156,10
12.9819898605,80.2322235107,62156,62166,10
12.9819803238,80.2318267822,62166,62177,11
12.9819602966,80.2314529419,62177,62187,10
12.9818201065,80.2310028076,62187,62196,9
12.9816303253,80.2306365967,62196,62207,11
12.9812402725,80.2299575806,62207,62217,10
12.9809398651,80.2294464111,62217,62227,10
12.9807500839,80.2292098999,62227,62236,9
12.980629921,80.2290420532,62236,62247,11
12.9806098938,80.2288513184,62247,62257,10
12.9803600311,80.2285308838,62257,62267,10
12.9801301956,80.2280502319,62267,62277,10
12.97976017,80.2274093628,62277,62288,11
12.9793901443,80.2267990112,62288,62298,10
12.9791603088,80.2263565063,62298,62308,10
12.9789800644,80.2260513306,62308,62318,10
12.9786996841,80.2255783081,62318,62328,10
12.9783601761,80.2249832153,62328,62338,10
12.9781198502,80.2246170044,62338,62348,10
12.97797966,80.2245330811,62348,62358,10
12.9779500961,80.2244873047,62358,62368,10
12.9777603149,80.2241821289,62368,62378,10
12.9775104523,80.2237319946,62378,62388,10
12.9771795273,80.2231521606,62388,62399,11
12.9770202637,80.2227478027,62399,62409,10
12.9772396088,80.2226715088,62409,62419,10
12.9772500992,80.2227478027,62419,62429,10
12.9774999619,80.2227630615,62429,62439,10
12.9774799347,80.2223434448,62439,62449,10
12.9773597717,80.2221832275,62449,62459,10
12.977399826,80.2217712402,62459,62469,10
12.9776201248,80.2212295532,62469,62479,10
12.9781398773,80.2211380005,62479,62489,10
12.9788503647,80.2210922241,62489,62499,10
12.9794301987,80.2210464478,62499,62509,10
12.9802398682,80.2210617065,62509,62520,11
12.9811296463,80.2210922241,62520,62530,10
12.981760025,80.2214431763,62530,62540,10
12.9823198318,80.2217788696,62540,62550,10
12.9830799103,80.2220916748,62550,62570,20
12.9830799103,80.2220916748,62570,62580,10
12.9833097458,80.2221603394,62580,62590,10
12.9836397171,80.2223815918,62590,62600,10
12.9842195511,80.2227478027,62600,62610,10
12.9848804474,80.2231063843,62610,62620,10
12.9852399826,80.223197937,62620,62630,10
12.985619545,80.2230300903,62630,62641,11
12.9862699509,80.2228088379,62641,62651,10
12.986530304,80.2228775024,62651,62661,10
12.9869403839,80.2229995728,62661,62681,20
12.9869403839,80.2229995728,62681,62691,10
12.9871797562,80.2230529785,62691,62701,10
12.9876098633,80.2230072021,62701,62711,10
12.9882497787,80.22265625,62711,62721,10
12.9888601303,80.2221374512,62721,62731,10
12.9892702103,80.2215881348,62731,62742,11
12.9898195267,80.2209625244,62742,62752,10
12.9904699326,80.2204589844,62752,62762,10
12.9904203415,80.2203826904,62762,62772,10
12.9907197952,80.220161438,62772,62782,10
12.9912004471,80.2198104858,62782,62792,10
12.991689682,80.2193984985,62792,62802,10
12.9919300079,80.2187805176,62802,62812,10
12.9927101135,80.2184371948,62812,62822,10
12.9934997559,80.2180862427,62822,62842,20
12.9934997559,80.2180862427,62842,62852,10
12.9936504364,80.2180709839,62852,62863,11
12.9938602448,80.2179107666,62863,62873,10
12.9940395355,80.2176971436,62873,62883,10
12.9941997528,80.2176208496,62883,62893,10
12.9943704605,80.2174606323,62893,62903,10
12.9944601059,80.2174224854,62903,62913,10
12.994720459,80.2172012329,62913,62923,10
12.9950199127,80.2169036865,62923,62933,10
12.9955501556,80.2166671753,62933,62943,10
12.9961099625,80.2166213989,62943,62953,10
12.9965496063,80.2165222168,62953,62963,10
12.9968595505,80.2164993286,62963,62980,17
12.997179985,80.2164230347,62980,62992,12
12.9976396561,80.2161407471,62992,63002,10
12.9977502823,80.2160720825,63002,63012,10
12.9980602264,80.2157363892,63012,63022,10
12.9984903336,80.2152481079,63022,63032,10
12.9991502762,80.2148284912,63032,63042,10
12.9993400574,80.2145614624,63042,63052,10
12.9997196198,80.2141723633,63052,63062,10
13.0002298355,80.2137680054,63062,63072,10
13.0008001328,80.213218689,63072,63082,10
13.0014400482,80.2126617432,63082,63093,11
13.0021600723,80.2122116089,63093,63103,10
13.0026702881,80.2119979858,63103,63113,10
13.0031995773,80.2119598389,63113,63123,10
13.0036096573,80.2119064331,63123,63133,10
13.0036201477,80.2119216919,63133,63143,10
13.0036497116,80.2117996216,63143,63153,10
13.0036697388,80.2113571167,63153,63163,10
13.0036001205,80.2106399536,63163,63173,10
13.0035200119,80.2099227905,63173,63183,10
13.0036201477,80.2090911865,63183,63193,10
13.0040903091,80.2087020874,63193,63204,11
13.0049800873,80.2091217041,63204,63214,10
13.0058698654,80.2094421387,63214,63224,10
13.0065402985,80.2096633911,63224,63234,10
13.0072803497,80.2098617554,63234,63254,20
13.0072803497,80.2098617554,63254,63265,11
13.0073204041,80.2098388672,63265,63275,10
13.0077295303,80.2099075317,63275,63285,10
13.0082101822,80.2099609375,63285,63295,10
13.0081195831,80.2094421387,63295,63305,10
13.0079803467,80.2086029053,63305,63316,11
13.0078201294,80.2075195313,63316,63326,10
13.0076398849,80.2066116333,63326,63336,10
13.0075502396,80.2057113647,63336,63346,10
13.0075397491,80.2048416138,63346,63356,10
13.0074701309,80.2040023804,63356,63366,10
13.0073404312,80.2031478882,63366,63376,10
13.0068998337,80.2024765015,63376,63386,10
13.0065498352,80.2031478882,63386,63396,10
13.0071802139,80.2035598755,63396,63406,10
13.0080003738,80.2037506104,63406,63416,10
13.0090999603,80.2037582397,63416,63427,11
13.0104198456,80.2037277222,63427,63437,10
13.0116100311,80.2037811279,63437,63447,10
13.0126399994,80.2039413452,63447,63457,10
13.0133600235,80.2041015625,63457,63467,10
13.0136604309,80.204246521,63467,63477,10
13.0136804581,80.2043533325,63477,63487,10
13.0136003494,80.2047576904,63487,63497,10
13.0135498047,80.2049407959,63497,63507,10
13.0133895874,80.2054367065,63507,63517,10
13.0131502151,80.2062835693,63517,63527,10
13.0130395889,80.2072067261,63527,63537,10
13.0129804611,80.2078323364,63537,63548,11
13.0129098892,80.2084121704,63548,63558,10
13.0128803253,80.2087020874,63558,63568,10
13.0129003525,80.2091674805,63568,63578,10
13.0131597519,80.2097167969,63578,63587,9
13.0131797791,80.2101364136,63587,63598,11
13.0130500793,80.2108306885,63598,63608,10
13.0127096176,80.2115402222,63608,63618,10
13.0124197006,80.2120666504,63618,63628,10
13.0120601654,80.2125778198,63628,63638,10
13.0118598938,80.2127380371,63638,63648,10
13.0114402771,80.2125015259,63648,63659,11
13.0108003616,80.2119903564,63659,63669,10
13.0104904175,80.2117385864,63669,63679,10
13.0101995468,80.2115402222,63679,63709,30
13.0101995468,80.2115402222,63709,63719,10
13.0100002289,80.2114334106,63719,63755,36
13.0100002289,80.2114334106,63755,63767,12
13.0098199844,80.2113494873,63767,63778,11
13.0097703934,80.2113418579,63778,63808,30
13.0099802017,80.2113876343,63808,63829,21
13.0099802017,80.2113876343,63829,63839,10
13.0099201202,80.2114562988,63839,63849,10
13.0099802017,80.2113571167,63849,63869,20
13.0098896027,80.2114562988,63869,63930,61
13.0098600388,80.21144104,63930,64011,81
13.0098600388,80.21144104,64011,64021,10
13.0098400116,80.21144104,64021,64031,10
13.0097999573,80.2114181519,64031,64041,10
13.0098695755,80.211479187,64041,64061,20
13.0098695755,80.211479187,64061,64071,10
13.0099000931,80.2111816406,64071,64101,30
13.0099000931,80.2111816406,64101,64112,11
13.0098896027,80.2116088867,64112,64122,10
13.0098600388,80.211479187,64122,64192,70
13.0099096298,80.2112884521,64192,64283,91
13.0099096298,80.2112884521,64283,64293,10
13.0099201202,80.211479187,64293,64354,61
13.0099201202,80.211479187,64354,64364,10
13.0098600388,80.2113037109,64364,64384,20
13.0096902847,80.2112121582,64384,64404,20
13.0096902847,80.2112121582,64404,64414,10
13.0094804764,80.2112579346,64414,64424,10
13.009349823,80.2110824585,64424,64434,10
13.0093097687,80.2111206055,64434,64444,10
13.0092201233,80.2112197876,64444,64455,11
13.0090703964,80.2114028931,64455,64465,10
13.0090503693,80.2116928101,64465,64475,10
13.009180069,80.2121124268,64475,64485,10
13.0093002319,80.2124481201,64485,64495,10
13.0094804764,80.2129898071,64495,64505,10
13.0097503662,80.2136688232,64505,64515,10
13.0100803375,80.2144775391,64515,64525,10
13.010219574,80.2154312134,64525,64535,10
13.0105495453,80.2163619995,64535,64551,16
13.0111398697,80.2177734375,64551,64564,13
13.0115098953,80.2188568115,64564,64574,10
13.0117797852,80.2197113037,64574,64584,10
13.0120096207,80.2205276489,64584,64594,10
13.0122804642,80.2212905884,64594,64603,9
13.0123901367,80.2215499878,64603,64615,12
13.0126895905,80.22215271,64615,64625,10
13.0129003525,80.2225265503,64625,64634,9
13.0135202408,80.2230224609,64634,64644,10
13.0141601563,80.2236709595,64644,64655,11
13.0146303177,80.224281311,64655,64665,10
13.0150604248,80.224861145,64665,64676,11
13.0154600143,80.2253036499,64676,64696,20
13.0154600143,80.2253036499,64696,64706,10
13.0154695511,80.2253799438,64706,64716,10
13.0153198242,80.2257232666,64716,64726,10
13.0150203705,80.2258834839,64726,64736,10
13.0143995285,80.2259368896,64736,64746,10
13.0136604309,80.226348877,64746,64756,10
13.0128097534,80.2266769409,64756,64766,10
13.0119199753,80.2270965576,64766,64776,10
13.0109901428,80.2275390625,64776,64786,10
13.010020256,80.2278900146,64786,64797,11
13.0094804764,80.2276229858,64797,64807,10
13.0098695755,80.2270584106,64807,64817,10
13.010219574,80.2261428833,64817,64827,10
13.010430336,80.2251968384,64827,64837,10
13.0104598999,80.2250671387,64837,64847,10
13.0105600357,80.2250976563,64847,64857,10
13.0107498169,80.2247695923,64857,64867,10
13.010840416,80.2244491577,64867,64877,10
13.0108203888,80.2242889404,64877,64887,10
13.0109195709,80.2239990234,64887,64897,10
13.0111303329,80.2236785889,64897,64913,16
13.0108203888,80.2230834961,64913,64926,13
13.0098495483,80.2225723267,64926,64936,10
13.009180069,80.2221984863,64936,64944,8
13.0086097717,80.2218933105,64944,64956,12
13.0077600479,80.2214126587,64956,64966,10
13.0071401596,80.220993042,64966,64976,10
13.0065202713,80.220741272,64976,64986,10
13.0058498383,80.2205734253,64986,64996,10
13.0050697327,80.2203826904,64996,65006,10
13.0045404434,80.2202377319,65006,65017,11
13.0038204193,80.2200775146,65017,65024,7
13.0035200119,80.2200012207,65024,65037,13
13.0026903152,80.2196731567,65037,65047,10
13.0020198822,80.2190475464,65047,65057,10
13.0014400482,80.21849823,65057,65067,10
13.0008296967,80.2181472778,65067,65077,10
13.0002403259,80.2177734375,65077,65087,10
12.9996700287,80.2174072266,65087,65097,10
12.9987897873,80.2169189453,65097,65107,10
12.9979200363,80.2165908813,65107,65117,10
12.9974403381,80.2164764404,65117,65127,10
12.9973602295,80.2164916992,65127,65138,11
12.9968700409,80.2165374756,65138,65148,10
12.9965200424,80.216583252,65148,65158,10
12.9959402084,80.2167205811,65158,65168,10
12.9952602386,80.2169570923,65168,65178,10
12.9950199127,80.2171173096,65178,65188,10
12.9947004318,80.2173233032,65188,65198,10
12.9941797256,80.2177429199,65198,65208,10
12.9937095642,80.2181167603,65208,65218,10
12.992939949,80.2186431885,65218,65228,10
12.9922304153,80.2191390991,65228,65238,10
12.9917201996,80.2195129395,65238,65249,11
12.9916601181,80.2195510864,65249,65259,10
12.9912996292,80.2198410034,65259,65269,10
12.9907903671,80.2202682495,65269,65279,10
12.9907503128,80.2203063965,65279,65289,10
12.9905595779,80.2203826904,65289,65299,10
12.9900999069,80.2207717896,65299,65309,10
12.9895200729,80.2212677002,65309,65319,10
12.9891004562,80.2218475342,65319,65329,10
12.9888601303,80.2222213745,65329,65339,10
12.9883899689,80.22265625,65339,65349,10
12.987830162,80.2230987549,65349,65360,11
12.9876298904,80.22315979,65360,65370,10
12.9875202179,80.2231674194,65370,65380,10
12.9870901108,80.2230987549,65380,65390,10
12.9867401123,80.2229919434,65390,65400,10
12.9862804413,80.2229690552,65400,65410,10
12.9857397079,80.2230377197,65410,65420,10
12.9854001999,80.2231674194,65420,65430,10
12.9849300385,80.2231292725,65430,65440,10
12.9844398499,80.22290802,65440,65450,10
12.9840698242,80.2226791382,65450,65460,10
12.9836997986,80.2224731445,65460,65471,11
12.9834003448,80.222328186,65471,65481,10
12.9832000732,80.2221832275,65481,65491,10
12.983130455,80.2222518921,65491,65501,10
12.9829397202,80.2222671509,65501,65511,10
12.9826898575,80.2222213745,65511,65521,10
12.9824895859,80.221862793,65521,65531,10
12.9820804596,80.2217407227,65531,65541,10
12.9815101624,80.2213821411,65541,65551,10
12.9812002182,80.2210998535,65551,65561,10
12.9807300568,80.2209701538,65561,65571,10
12.9799499512,80.2210998535,65571,65582,11
12.9792299271,80.2211380005,65582,65592,10
12.9786100388,80.2211685181,65592,65602,10
12.9781599045,80.2211990356,65602,65612,10
12.9775800705,80.2211990356,65612,65622,10
12.9768600464,80.2211914063,65622,65632,10
12.9763803482,80.2212295532,65632,65642,10
12.9762496948,80.2214736938,65642,65652,10
12.9764499664,80.2218017578,65652,65682,30
12.9764499664,80.2218017578,65682,65692,10
12.9765100479,80.2219467163,65692,65703,11
12.9767303467,80.2224197388,65703,65713,10
12.9768800735,80.22265625,65713,65723,10
12.9770402908,80.22290802,65723,65733,10
12.9773597717,80.2234802246,65733,65743,10
12.9778003693,80.2241821289,65743,65753,10
12.9781198502,80.2246704102,65753,65763,10
12.9785995483,80.225402832,65763,65783,20
12.9785995483,80.225402832,65783,65793,10
12.9787797928,80.2256774902,65793,65803,10
12.9790897369,80.2262573242,65803,65814,11
12.9795303345,80.2269592285,65814,65824,10
12.9799003601,80.2276000977,65824,65834,10
12.9802799225,80.2282791138,65834,65844,10
12.9806003571,80.2288284302,65844,65854,10
12.980799675,80.2291793823,65854,65864,10
12.981010437,80.2295227051,65864,65874,10
12.9813604355,80.2300415039,65874,65884,10
12.9816598892,80.23046875,65884,65894,10
12.9817199707,80.2305297852,65894,65904,10
12.9818296432,80.2307815552,65904,65914,10
12.9820098877,80.2313995361,65914,65925,11
12.9820804596,80.2321014404,65925,65935,10
12.9820299149,80.2325134277,65935,65945,10
12.9819297791,80.2328567505,65945,65955,10
12.9818401337,80.233039856,65955,65965,10
12.9817304611,80.2332763672,65965,65975,10
12.9816598892,80.2334518433,65975,65985,10
12.9815998077,80.2335586548,65985,65995,10
12.9813899994,80.2340164185,65995,66005,10
12.9812498093,80.2345581055,66005,66015,10
12.9812402725,80.2356567383,66015,66025,10
12.9812698364,80.236656189,66025,66036,11
12.9812498093,80.2373504639,66036,66046,10
12.9812602997,80.2375030518,66046,66056,10
12.9812803268,80.2377700806,66056,66066,10
12.9812803268,80.2380599976,66066,66076,10
12.9812803268,80.2381210327,66076,66086,10
12.9813299179,80.2382202148,66086,66096,10
12.9813604355,80.23853302,66096,66106,10
12.9813604355,80.238609314,66106,66116,10
12.9813299179,80.2388076782,66116,66126,10
12.9813404083,80.2392883301,66126,66136,10
12.9813404083,80.2395324707,66136,66157,21
12.9813404083,80.2395324707,66157,66167,10
12.9813804626,80.2395629883,66167,66197,30
12.9813804626,80.2395629883,66197,66207,10
12.9813699722,80.2397003174,66207,66217,10
12.9813804626,80.2400588989,66217,66227,10
12.9813995361,80.2406616211,66227,66237,10
12.9813604355,80.2413406372,66237,66247,10
12.9813699722,80.2420425415,66247,66257,10
12.9814100266,80.24269104,66257,66268,11
12.9814100266,80.2428970337,66268,66278,10
12.9814100266,80.2430114746,66278,66288,10
12.9813995361,80.2435073853,66288,66298,10
12.9813098907,80.2442474365,66298,66308,10
12.9811697006,80.2452468872,66308,66318,10
12.9809904099,80.2465286255,66318,66328,10
12.9808597565,80.2479019165,66328,66338,10
12.9807300568,80.2492218018,66338,66348,10
12.9805202484,80.2504577637,66348,66358,10
12.9802103043,80.2515792847,66358,66368,10
12.980050087,80.2521896362,66368,66379,11
12.9799604416,80.2525100708,66379,66469,90
12.9799604416,80.2525100708,66469,66479,10
12.9799003601,80.252571106,66479,66490,11
12.9797201157,80.2528076172,66490,66500,10
12.9791297913,80.2527236938,66500,66510,10
12.9787998199,80.2527084351,66510,66520,10
12.9785995483,80.2525863647,66520,66530,10
12.9779996872,80.2521820068,66530,66540,10
12.9771795273,80.2515182495,66540,66550,10
12.975979805,80.2510986328,66550,66559,9
12.9748096466,80.2507629395,66559,66570,11
12.9734201431,80.2503814697,66570,66580,10
12.9725704193,80.2501831055,66580,66590,10
12.9725399017,80.2501831055,66590,66600,10
12.9722795486,80.2500762939,66600,66611,11
12.9715003967,80.2498626709,66611,66621,10
12.9706497192,80.2496337891,66621,66631,10
12.9694099426,80.249168396,66631,66641,10
12.968290329,80.2487182617,66641,66651,10
12.9672698975,80.2482376099,66651,66661,10
12.9664001465,80.2478485107,66661,66670,9
12.9650297165,80.2473831177,66670,66701,31
12.9650297165,80.2473831177,66701,66711,10
12.9648103714,80.2472610474,66711,66722,11
12.9642601013,80.2470703125,66722,66732,10
12.9637899399,80.2468795776,66732,66742,10
12.9633598328,80.2467422485,66742,66752,10
12.9628000259,80.2464828491,66752,66762,10
12.9622802734,80.2462310791,66762,66772,10
12.9617700577,80.2459716797,66772,66782,10
12.9609603882,80.2455673218,66782,66792,10
12.9601697922,80.2451934814,66792,66802,10
12.95952034,80.2449188232,66802,66812,10
12.9594602585,80.2448806763,66812,66822,10
12.9592695236,80.244758606,66822,66839,17
12.9582300186,80.2443084717,66839,66851,12
12.9576597214,80.2441177368,66851,66859,8
12.9572200775,80.2439727783,66859,66871,12
12.9569101334,80.243888855,66871,66952,81
12.9566202164,80.2437973022,66952,66992,40
12.9566202164,80.2437973022,66992,67002,10
12.9563999176,80.2437286377,67002,67012,10
12.9562902451,80.243637085,67012,67022,10
12.9558496475,80.2434082031,67022,67032,10
12.9551200867,80.2430496216,67032,67042,10
12.9542198181,80.2426986694,67042,67052,10
12.9532604218,80.2423019409,67052,67063,11
12.9520998001,80.2418365479,67063,67073,10
12.9517002106,80.2417068481,67073,67083,10
12.9516897202,80.2417068481,67083,67093,10
12.9515399933,80.2416229248,67093,67103,10
12.9509601593,80.2414474487,67103,67113,10
12.9502296448,80.2412185669,67113,67133,20
12.9502296448,80.2412185669,67133,67143,10
12.9500598907,80.2411804199,67143,67214,71
12.9500598907,80.2411804199,67214,67224,10
12.9496898651,80.2410430908,67224,67234,10
12.9491996765,80.2408981323,67234,67244,10
12.9484996796,80.2405929565,67244,67254,10
12.9471797943,80.2400436401,67254,67274,20
12.9471797943,80.2400436401,67274,67285,11
12.9469604492,80.2399291992,67285,67295,10
12.9464197159,80.239730835,67295,67305,10
12.9457502365,80.239440918,67305,67315,10
12.9450597763,80.2389984131,67315,67325,10
12.9443798065,80.238243103,67325,67335,10
12.9441404343,80.2384872437,67335,67345,10
12.9439001083,80.2384033203,67345,67355,10
12.9433603287,80.2372207642,67355,67365,10
12.9429197311,80.2368011475,67365,67375,10
12.9422101974,80.2364807129,67375,67385,10
12.9412002563,80.2362594604,67385,67395,10
12.9402999878,80.236000061,67395,67405,10
12.9398403168,80.2357788086,67405,67426,21
12.9398403168,80.2357788086,67426,67436,10
12.9397096634,80.2357635498,67436,67446,10
12.9392499924,80.2355194092,67446,67456,10
12.9386196136,80.2351379395,67456,67466,10
12.9380397797,80.2348937988,67466,67476,10
12.9373102188,80.2345962524,67476,67486,10
12.9364595413,80.2341766357,67486,67496,10
12.935959816,80.2339706421,67496,67506,10
12.9359397888,80.2339477539,67506,67517,11
12.9356803894,80.2337722778,67517,67527,10
12.9351797104,80.2335662842,67527,67537,10
12.9344797134,80.2332992554,67537,67547,10
12.933930397,80.2330703735,67547,67557,10
12.9338903427,80.233039856,67557,67567,10
12.933839798,80.233001709,67567,67577,10
12.9334897995,80.2328262329,67577,67587,10
12.9329996109,80.2326126099,67587,67597,10
12.9322500229,80.2323608398,67597,67607,10
12.9313402176,80.2320632935,67607,67617,10
12.9303197861,80.2317810059,67617,67628,11
12.9292097092,80.231552124,67628,67638,10
12.9284000397,80.2313690186,67638,67648,10
12.9273700714,80.2311630249,67648,67658,10
12.926440239,80.231086731,67658,67659,1
12.9263896942,80.2310791016,67659,67660,1
12.9263296127,80.231086731,67660,67706,46
12.9247398376,80.230758667,67706,67716,10
12.9237604141,80.230758667,67716,67726,10
12.922659874,80.2305831909,67726,67736,10
12.9214401245,80.2303771973,67736,67747,11
12.9203500748,80.2302474976,67747,67757,10
12.9191198349,80.2302017212,67757,67777,20
12.9191198349,80.2302017212,67777,67787,10
12.9187402725,80.2300415039,67787,67800,13
12.9177598953,80.2298736572,67800,67810,10
12.9169197083,80.2297210693,67810,67820,10
12.9161195755,80.2296295166,67820,67830,10
12.9149599075,80.2294692993,67830,67840,10
12.9133996964,80.2293395996,67840,67861,21
12.9133996964,80.2293395996,67861,67871,10
12.913020134,80.2292098999,67871,67881,10
12.9123001099,80.2290725708,67881,67891,10
12.9113302231,80.2289810181,67891,67901,10
12.9101896286,80.2288513184,67901,67911,10
12.9091501236,80.2286605835,67911,67921,10
12.9082403183,80.2285766602,67921,68032,111
12.9082403183,80.2285766602,68032,68042,10
12.9080600739,80.2286605835,68042,68052,10
12.9075803757,80.2285385132,68052,68062,10
12.9071102142,80.2284622192,68062,68072,10
12.90666008,80.2283172607,68072,68083,11
12.9062795639,80.2282791138,68083,68093,10
12.9062004089,80.2283325195,68093,68103,10
12.9057703018,80.228302002,68103,68113,10
12.9050397873,80.2282562256,68113,68123,10
12.9041996002,80.2282333374,68123,68133,10
12.9033603668,80.2282028198,68133,68143,10
12.902680397,80.2282104492,68143,68163,20
12.902680397,80.2282104492,68163,68173,10
12.9024000168,80.2281570435,68173,68183,10
12.90184021,80.2280883789,68183,68194,11
12.9013500214,80.2280731201,68194,68204,10
12.900970459,80.2280502319,68204,68214,10
12.900639534,80.2279815674,68214,68224,10
12.9003601074,80.2279968262,68224,68234,10
12.9000396729,80.2279815674,68234,68244,10
12.8999595642,80.2279815674,68244,68254,10
12.8996601105,80.2279281616,68254,68264,10
12.8992900848,80.2279205322,68264,68274,10
12.8990602493,80.2279434204,68274,68284,10
12.8990402222,80.2279129028,68284,68294,10
12.8985795975,80.2279129028,68294,68304,10
12.8978395462,80.2278366089,68304,68315,11
12.8967695236,80.2277984619,68315,68325,10
12.8956098557,80.2277526855,68325,68335,10
12.894610405,80.2277374268,68335,68345,10
12.8937597275,80.2277297974,68345,68355,10
12.8931798935,80.2276535034,68355,68364,9
12.8930301666,80.2276077271,68364,68375,11
12.892829895,80.2275238037,68375,68385,10
12.8925800323,80.2275314331,68385,68395,10
12.8920898438,80.2274627686,68395,68405,10
12.891289711,80.227432251,68405,68415,10
12.8902797699,80.2274169922,68415,68426,11
12.8890600204,80.227432251,68426,68436,10
12.8883600235,80.227432251,68436,68446,10
12.8882703781,80.2274475098,68446,68456,10
12.8877897263,80.2274017334,68456,68466,10
12.8869895935,80.2272720337,68466,68476,10
12.8860197067,80.2270278931,68476,68486,10
12.8851299286,80.2268218994,68486,68496,10
12.8848800659,80.2267990112,68496,68506,10
12.8847703934,80.2268295288,68506,68516,10
12.8845100403,80.2267913818,68516,68526,10
12.8837795258,80.2267684937,68526,68537,11
12.8826999664,80.2267608643,68537,68547,10
12.8814601898,80.2267608643,68547,68557,10
12.88022995,80.2267837524,68557,68567,10
12.879119873,80.2267990112,68567,68577,10
12.8779497147,80.2268829346,68577,68587,10
12.8769397736,80.2269592285,68587,68597,10
12.8766002655,80.2270507813,68597,68607,10
12.8764600754,80.2269973755,68607,68647,40
12.8764600754,80.2269973755,68647,68664,17
12.8763999939,80.2268218994,68664,68677,13
12.8764200211,80.2262496948,68677,68687,10
12.876540184,80.2254867554,68687,68697,10
12.8766403198,80.2244796753,68697,68707,10
12.8768100739,80.2235031128,68707,68717,10
12.8771095276,80.2222290039,68717,68726,9
12.8773202896,80.221282959,68726,68737,11
12.8776397705,80.2198562622,68737,68747,10
12.877820015,80.2187423706,68747,68757,10
12.8780698776,80.2176971436,68757,68768,11
12.8782997131,80.2166976929,68768,68778,10
12.8784999847,80.2158432007,68778,68789,11
12.8787298203,80.2148208618,68789,68799,10
12.8789300919,80.2136993408,68799,68809,10
12.879119873,80.2127304077,68809,68819,10
12.8792800903,80.2118377686,68819,68829,10
12.87940979,80.2111129761,68829,68839,10
12.8790597916,80.210899353,68839,68859,20
12.8790597916,80.210899353,68859,68869,10
12.8788204193,80.2109069824,68869,68880,11
12.8781995773,80.2108535767,68880,68890,10
12.877699852,80.2107620239,68890,68899,9
12.8772602081,80.210647583,68899,68910,11
12.8766202927,80.2105178833,68910,68920,10
12.8761196136,80.2104187012,68920,68930,10
12.8755598068,80.2102966309,68930,68940,10
12.8746595383,80.2101516724,68940,68960,20
12.8746595383,80.2101516724,68960,68970,10
12.8746099472,80.2101211548,68970,68980,10
12.874329567,80.2100067139,68980,68991,11
12.8744096756,80.2097015381,68991,69001,10
12.8747196198,80.2096328735,69001,69011,10
12.8748998642,80.2099609375,69011,69021,10
12.875,80.2100524902,69021,69031,10
12.8748903275,80.2099914551,69031,69041,10
12.8746500015,80.2099304199,69041,69091,50
12.8746500015,80.2099304199,69091,69102,11
12.8746995926,80.2102203369,69102,69132,30
12.8746995926,80.2102203369,69132,69141,9
12.874710083,80.2105178833,69141,69151,10
12.8746500015,80.2104721069,69151,69202,51
12.8746700287,80.2102203369,69202,69404,202
12.8746700287,80.2102203369,69404,69414,10
12.8746595383,80.2102432251,69414,69424,10
12.8746404648,80.2102890015,69424,69434,10
12.8747797012,80.2102813721,69434,69445,11
12.8751401901,80.2103118896,69445,69455,10
12.8755302429,80.2102432251,69455,69465,10
12.8760299683,80.210319519,69465,69475,10
12.8764801025,80.2104034424,69475,69485,10
12.8770399094,80.2105636597,69485,69495,10
12.877530098,80.2106399536,69495,69505,10
12.8779802322,80.2106704712,69505,69515,10
12.8784799576,80.2107696533,69515,69525,10
12.8788404465,80.2108688354,69525,69535,10
12.8789997101,80.2109375,69535,69545,10
12.8791999817,80.2109680176,69545,69555,10
12.8793401718,80.2110519409,69555,69566,11
12.8794698715,80.2113723755,69566,69576,10
12.8793497086,80.2119827271,69576,69586,10
12.8791399002,80.2127685547,69586,69596,10
12.8790597916,80.2133407593,69596,69606,10
12.878950119,80.2138900757,69606,69616,10
12.8787899017,80.2148208618,69616,69625,9
12.8787202835,80.2152786255,69625,69636,11
12.8786497116,80.2154998779,69636,69646,10
12.878490448,80.2161636353,69646,69656,10
12.8783197403,80.2169570923,69656,69667,11
12.8781299591,80.2180023193,69667,69677,10
12.8779401779,80.2189331055,69677,69687,10
12.8777704239,80.2197113037,69687,69697,10
12.8775701523,80.2205276489,69697,69707,10
12.8773403168,80.221496582,69707,69717,10
12.877120018,80.2225418091,69717,69727,10
12.8768796921,80.2235412598,69727,69737,10
12.8766899109,80.2244415283,69737,69747,10
12.8765697479,80.2253875732,69747,69757,10
12.8764600754,80.2261962891,69757,69767,10
12.8764200211,80.2265777588,69767,69778,11
12.8763999939,80.226852417,69778,69798,20
12.8763999939,80.226852417,69798,69808,10
12.8765201569,80.2269592285,69808,69818,10
12.8768701553,80.2269363403,69818,69828,10
12.8776102066,80.2268295288,69828,69838,10
12.878660202,80.2267608643,69838,69848,10
12.8799600601,80.2267379761,69848,69858,10
12.8812599182,80.2267379761,69858,69868,10
12.8824901581,80.2267608643,69868,69878,10
12.883649826,80.2267379761,69878,69894,16
12.8849496841,80.2267227173,69894,69907,13
12.885140419,80.2267227173,69907,69917,10
12.8852796555,80.2267532349,69917,69926,9
12.8858995438,80.2268600464,69926,69937,11
12.8868503571,80.2271194458,69937,69947,10
12.8874797821,80.2272186279,69947,69957,10
12.8879804611,80.2272415161,69957,69967,10
12.8881397247,80.2272872925,69967,69977,10
12.8884401321,80.2273178101,69977,69987,10
12.8886203766,80.2272415161,69987,69997,10
12.8892498016,80.2272872925,69997,70008,11
12.8900899887,80.2273025513,70008,70018,10
12.8910303116,80.2273330688,70018,70028,10
12.8917999268,80.2273635864,70028,70038,10
12.8920602798,80.2273635864,70038,70048,10
12.8923397064,80.2273635864,70048,70058,10
12.8928098679,80.2273864746,70058,70068,10
12.8934402466,80.2274703979,70068,70078,10
12.8938999176,80.2275390625,70078,70088,10
12.8941297531,80.2275619507,70088,70098,10
12.8947095871,80.2276306152,70098,70108,10
12.8954401016,80.2275619507,70108,70119,11
12.8964700699,80.2276000977,70119,70129,10
12.8972597122,80.2276077271,70129,70139,10
12.8973503113,80.2276077271,70139,70149,10
12.8973903656,80.2276077271,70149,70159,10
12.8977203369,80.2276306152,70159,70169,10
12.898349762,80.2276916504,70169,70179,10
12.8988800049,80.227722168,70179,70189,10
12.8991699219,80.2277374268,70189,70201,12
12.8996400833,80.2277832031,70201,70211,10
12.9002103806,80.2277832031,70211,70221,10
12.9004201889,80.2277908325,70221,70231,10
12.900560379,80.2277832031,70231,70393,162
12.900560379,80.2277832031,70393,70403,10
12.9006996155,80.2277603149,70403,70413,10
12.900970459,80.2277832031,70413,70423,10
12.9014101028,80.2277984619,70423,70433,10
12.9022302628,80.2278823853,70433,70443,10
12.9030704498,80.2279434204,70443,70453,10
12.9040002823,80.2279891968,70453,70464,11
12.9052200317,80.2280578613,70464,70474,10
12.9063100815,80.2281265259,70474,70484,10
12.9071598053,80.2281723022,70484,70504,20
12.9071598053,80.2281723022,70504,70514,10
12.9072999954,80.2281723022,70514,70524,10
12.907910347,80.2282867432,70524,70534,10
12.908829689,80.2284469604,70534,70544,10
12.9099597931,80.2286605835,70544,70554,10
12.9112100601,80.2288589478,70554,70564,10
12.9123497009,80.2289962769,70564,70575,11
12.9138898849,80.2292022705,70575,70595,20
12.9138898849,80.2292022705,70595,70605,10
12.9141902924,80.2292175293,70605,70615,10
12.9148302078,80.2292861938,70615,70625,10
12.9154901505,80.2294006348,70625,70635,10
12.9163999557,80.2295379639,70635,70645,10
12.9173002243,80.229637146,70645,70655,10
12.9183397293,80.2297973633,70655,70665,10
12.9189596176,80.2298583984,70665,70676,11
12.9190101624,80.2298583984,70676,70685,9
12.9191598892,80.2298812866,70685,70696,11
12.9198703766,80.2299880981,70696,70705,9
12.9206895828,80.2300872803,70705,70716,11
12.9218301773,80.2302398682,70716,70726,10
12.9231395721,80.2304382324,70726,70736,10
12.9242801666,80.2305603027,70736,70746,10
12.9251098633,80.230682373,70746,70756,10
12.9257802963,80.230796814,70756,70766,10
12.9261102676,80.2308197021,70766,70776,10
12.9261598587,80.2308425903,70776,70786,10
12.9266395569,80.2309036255,70786,70797,11
12.9275197983,80.2309799194,70797,70807,10
12.9282503128,80.231086731,70807,70817,10
12.9288196564,80.2311935425,70817,70827,10
12.9294395447,80.2313079834,70827,70837,10
12.9301996231,80.2314987183,70837,70847,10
12.9309902191,80.2317276001,70847,70857,10
12.9317798615,80.2320404053,70857,70867,10
12.932559967,80.2322998047,70867,70877,10
12.9334402084,80.2326278687,70877,70897,20
12.9334402084,80.2326278687,70897,70908,11
12.9337596893,80.2328491211,70908,70918,10
12.9343996048,80.2331466675,70918,70928,10
12.935259819,80.2335128784,70928,70938,10
12.9356203079,80.2336807251,70938,70948,10
12.9360704422,80.2338790894,70948,70958,10
12.9368400574,80.2342376709,70958,70968,10
12.9378004074,80.2347183228,70968,70978,10
12.9388399124,80.2352371216,70978,70988,10
12.9394798279,80.2355499268,70988,70998,10
12.9395799637,80.2356033325,70998,71008,10
12.9397096634,80.2356796265,71008,71018,10
12.9402799606,80.2358627319,71018,71029,11
12.9412403107,80.236076355,71029,71039,10
12.9422998428,80.2363586426,71039,71049,10
12.9431295395,80.2368011475,71049,71059,10
12.9435997009,80.2372589111,71059,71069,10
12.9436597824,80.2373580933,71069,71079,10
12.944029808,80.2378005981,71079,71089,10
12.9444904327,80.2383422852,71089,71099,10
12.9454698563,80.2393188477,71099,71109,10
12.9465904236,80.2397537231,71109,71119,10
12.9471902847,80.2399520874,71119,71129,10
12.9471902847,80.2399368286,71129,71140,11
12.9475898743,80.2400970459,71140,71150,10
12.9481697083,80.2403335571,71150,71160,10
12.9486103058,80.2404937744,71160,71220,60
12.9486103058,80.2404937744,71220,71230,10
12.9486303329,80.2405471802,71230,71240,10
12.9489898682,80.2406616211,71240,71251,11
12.9497203827,80.2409210205,71251,71261,10
12.9505596161,80.2411804199,71261,71271,10
12.9510002136,80.2412872314,71271,71281,10
12.9510297775,80.241317749,71281,71291,10
12.9514799118,80.2414627075,71291,71301,10
12.9520597458,80.2416915894,71301,71311,10
12.9527997971,80.2419662476,71311,71321,10
12.9535999298,80.2423095703,71321,71331,10
12.954199791,80.2425537109,71331,71341,10
12.9547901154,80.242767334,71341,71351,10
12.9562397003,80.2433395386,71351,71390,39
12.9562397003,80.2433395386,71390,71400,10
12.956489563,80.2434768677,71400,71410,10
12.9571895599,80.2437362671,71410,71420,10
12.9580402374,80.244102478,71420,71430,10
12.9587097168,80.2443389893,71430,71440,10
12.9588699341,80.2444000244,71440,71450,10
12.9589796066,80.2444381714,71450,71460,10
12.9595003128,80.2446899414,71460,71470,10
12.9602603912,80.2450485229,71470,71482,12
12.9614400864,80.2456130981,71482,71492,10
12.9623003006,80.2460403442,71492,71502,10
12.9633903503,80.2465896606,71502,71572,70
12.9633903503,80.2465896606,71572,71582,10
12.9634504318,80.2465896606,71582,71593,11
12.963809967,80.2467727661,71593,71603,10
12.9645004272,80.2470169067,71603,71613,10
12.9654197693,80.2473220825,71613,71623,10
12.9666795731,80.2478408813,71623,71643,20
12.9666795731,80.2478408813,71643,71653,10
12.9667701721,80.2479095459,71653,71663,10
12.9671802521,80.2481231689,71663,71673,10
12.9679498672,80.2484283447,71673,71683,10
12.9688596725,80.2487716675,71683,71693,10
12.9698095322,80.2491531372,71693,71704,11
12.9707803726,80.2495422363,71704,71714,10
12.9717702866,80.2498016357,71714,71724,10
12.9727096558,80.2500534058,71724,71734,10
12.9735803604,80.2502822876,71734,71744,10
12.9742298126,80.2504119873,71744,71754,10
12.9742898941,80.2504272461,71754,71764,10
12.97453022,80.2505187988,71764,71774,10
12.9751396179,80.2507324219,71774,71784,10
12.975979805,80.2509918213,71784,71794,10
12.9769897461,80.2513122559,71794,71810,16
12.9784002304,80.2523193359,71810,71823,13
12.9791498184,80.2525100708,71823,71831,8
12.9794998169,80.2524795532,71831,71843,12
12.9799203873,80.2520904541,71843,71863,20
12.9799203873,80.2520904541,71863,71873,10
12.9799098969,80.2520904541,71873,71883,10
12.9800100327,80.2517623901,71883,71892,9
12.9801902771,80.2512588501,71892,71902,10
12.9803800583,80.2506027222,71902,71913,11
12.980629921,80.2496566772,71913,71923,10
12.9807195663,80.2488327026,71923,71934,11
12.9807500839,80.2479171753,71934,71944,10
12.9808301926,80.2470626831,71944,71954,10
12.980919838,80.2461013794,71954,71964,10
12.9810400009,80.2451095581,71964,71974,10
12.9811401367,80.2442169189,71974,71984,10
12.9811496735,80.243850708,71984,71994,10
12.9811601639,80.2438430786,71994,72004,10
12.9812297821,80.2436828613,72004,72014,10
12.9813098907,80.2434768677,72014,72024,10
12.9813098907,80.2432479858,72024,72034,10
12.9813098907,80.2428512573,72034,72045,11
12.9813203812,80.2428436279,72045,72055,10
12.9813404083,80.2425689697,72055,72065,10
12.9813098907,80.2420806885,72065,72075,10
12.9813098907,80.2413635254,72075,72085,10
12.9812898636,80.2405090332,72085,72095,10
12.9812803268,80.2397232056,72095,72105,10
12.9812602997,80.2391281128,72105,72115,10
12.9812602997,80.2387237549,72115,72125,10
12.9812498093,80.2383575439,72125,72135,10
12.9812402725,80.2380371094,72135,72145,10
12.9812402725,80.2379226685,72145,72156,11
12.9812402725,80.2377624512,72156,72166,10
12.9812202454,80.2372589111,72166,72176,10
12.9812097549,80.236541748,72176,72186,10
12.9812002182,80.2359008789,72186,72196,10
12.981180191,80.2351531982,72196,72206,10
12.9811697006,80.2344970703,72206,72216,10
12.981180191,80.2342834473,72216,72226,10
12.9812498093,80.2340621948,72226,72246,20
12.9812498093,80.2340621948,72246,72256,10
12.9813995361,80.2337036133,72256,72267,11
12.9815196991,80.2334823608,72267,72277,10
12.9816398621,80.2332305908,72277,72287,10
12.9816398621,80.2332229614,72287,72297,10
12.9817800522,80.2328796387,72297,72307,10
12.9819002151,80.2326202393,72307,72317,10
12.9819498062,80.2323608398,72317,72327,10
12.9819498062,80.2321395874,72327,72337,10
12.9819402695,80.2318496704,72337,72347,10
12.9819097519,80.2314376831,72347,72357,10
12.9818201065,80.2310791016,72357,72367,10
12.981710434,80.2307281494,72367,72378,11
12.9814500809,80.2302398682,72378,72388,10
12.9811201096,80.2297210693,72388,72398,10
12.9809303284,80.2294082642,72398,72408,10
12.9807500839,80.229133606,72408,72418,10
12.9806098938,80.2289505005,72418,72428,10
12.9805803299,80.2289199829,72428,72438,10
12.980389595,80.2286224365,72438,72448,10
12.9802303314,80.2282409668,72448,72458,10
12.9798898697,80.2276687622,72458,72468,10
12.9794902802,80.2269973755,72468,72478,10
12.9792003632,80.2265014648,72478,72489,11
12.9791698456,80.2264633179,72489,72499,10
12.9790496826,80.2262878418,72499,72509,10
12.9787797928,80.2257995605,72509,72519,10
12.9784803391,80.2253112793,72519,72529,10
12.9781103134,80.2247009277,72529,72538,9
12.9778203964,80.2243728638,72538,72549,11
12.9777297974,80.2242279053,72549,72559,10
12.9775495529,80.2238922119,72559,72569,10
12.9772500992,80.2234191895,72569,72579,10
12.977060318,80.2230834961,72579,72589,10
12.976940155,80.2228775024,72589,72599,10
12.9769296646,80.2228164673,72599,72610,11
12.9771404266,80.22265625,72610,72630,20
12.9771404266,80.22265625,72630,72640,10
12.9774904251,80.2226104736,72640,72650,10
12.9774599075,80.2222213745,72650,72660,10
12.9774398804,80.2220535278,72660,72676,16
12.9774398804,80.2213287354,72676,72688,12
12.9774398804,80.221321106,72688,72697,9
12.977519989,80.2211914063,72697,72708,11
12.9775295258,80.2211914063,72708,72718,10
12.9776296616,80.2210922241,72718,72729,11
12.9778995514,80.2209777832,72729,72739,10
12.9784202576,80.2210006714,72739,72749,10
12.9790401459,80.2210083008,72749,72757,8
12.9795598984,80.221031189,72757,72770,13
12.980389595,80.2209625244,72770,72780,10
12.9807701111,80.2209396362,72780,72790,10
12.9813899994,80.2211608887,72790,72800,10
12.9818296432,80.221496582,72800,72810,10
12.9823198318,80.2217636108,72810,72820,10
12.9826498032,80.221862793,72820,72831,11
12.9829998016,80.2220001221,72831,72841,10
12.9831695557,80.2220993042,72841,72850,9
12.9833498001,80.2222290039,72850,72881,31
12.9833498001,80.2222290039,72881,72891,10
12.9835996628,80.2223510742,72891,72911,20
12.9835996628,80.2223510742,72911,72921,10
12.9838600159,80.2224578857,72921,72931,10
12.9841804504,80.2226715088,72931,72942,11
12.9846401215,80.2229766846,72942,72952,10
12.9851102829,80.2231369019,72952,72962,10
12.9855098724,80.2229537964,72962,72972,10
12.9861803055,80.2228622437,72972,72982,10
12.9864902496,80.2229385376,72982,72992,10
12.9868402481,80.2229614258,72992,73012,20
12.9868402481,80.2229614258,73012,73022,10
12.9872903824,80.2230224609,73022,73073,51
12.9872903824,80.2230224609,73073,73083,10
12.9875802994,80.2229995728,73083,73093,10
12.9878797531,80.2228469849,73093,73103,10
12.9882802963,80.2224884033,73103,73113,10
12.988820076,80.2220001221,73113,73123,10
12.9891996384,80.2215194702,73123,73133,10
12.9893798828,80.2213134766,73133,73143,10
12.989689827,80.2207565308,73143,73153,10
12.9901800156,80.2203216553,73153,73163,10
12.9902896881,80.2202835083,73163,73174,11
12.990650177,80.2200698853,73174,73184,10
12.9910402298,80.2197418213,73184,73194,10
12.9917497635,80.2192230225,73194,73204,10
12.9923801422,80.2186813354,73204,73214,10
12.9930095673,80.2181777954,73214,73224,10
12.9936704636,80.2177734375,73224,73234,10
12.9941301346,80.2173995972,73234,73244,10
12.9946203232,80.2171020508,73244,73254,10
12.995059967,80.216796875,73254,73264,10
12.9956703186,80.2164230347,73264,73274,10
12.9962596893,80.2163619995,73274,73285,11
12.9967298508,80.2163467407,73285,73295,10
12.9971599579,80.2161636353,73295,73305,10
12.9972801208,80.2161178589,73305,73315,10
12.9974803925,80.216003418,73315,73325,10
12.9978704453,80.2156219482,73325,73335,10
12.9982995987,80.2151565552,73335,73345,10
12.9988298416,80.2146987915,73345,73355,10
12.9990997314,80.2145004272,73355,73365,10
12.9995603561,80.2141036987,73365,73374,9
12.9999599457,80.2138595581,73374,73385,11
13.0004796982,80.2134170532,73385,73396,11
13.0010595322,80.2129974365,73396,73406,10
13.001540184,80.2125396729,73406,73416,10
13.0019798279,80.2121810913,73416,73426,10
13.0024299622,80.2119827271,73426,73436,10
13.0028095245,80.2119522095,73436,73446,10
13.003279686,80.2118988037,73446,73456,10
13.0034799576,80.2117996216,73456,73466,10
13.0036296844,80.2116088867,73466,73476,10
13.0036296844,80.2110671997,73476,73486,10
13.0035400391,80.2103118896,73486,73496,10
13.0034999847,80.2095184326,73496,73506,10
13.0036497116,80.2088012695,73506,73517,11
13.0042800903,80.2087020874,73517,73527,10
13.0049800873,80.2090301514,73527,73537,10
13.0056495667,80.2092895508,73537,73547,10
13.0061903,80.2094802856,73547,73557,10
13.0068397522,80.2096481323,73557,73567,10
13.0073900223,80.209777832,73567,73607,40
13.0073900223,80.209777832,73607,73617,10
13.0075998306,80.2098236084,73617,73628,11
13.0078697205,80.2098617554,73628,73638,10
13.0081501007,80.209777832,73638,73648,10
13.0080499649,80.2092437744,73648,73658,10
13.0079202652,80.2085418701,73658,73668,10
13.0077896118,80.2078018188,73668,73678,10
13.0076799393,80.2069168091,73678,73688,10
13.0075502396,80.2061080933,73688,73698,10
13.0075101852,80.205291748,73698,73708,10
13.0075101852,80.2046432495,73708,73718,10
13.0075101852,80.2039413452,73718,73728,10
13.0073900223,80.2033233643,73728,73739,11
13.0072002411,80.2025299072,73739,73749,10
13.0065803528,80.2025680542,73749,73759,10
13.0065498352,80.2031784058,73759,73769,10
13.0070400238,80.2034835815,73769,73779,10
13.0077295303,80.2036437988,73779,73789,10
13.0083999634,80.20337677,73789,73801,12
13.0078802109,80.2026977539,73801,73811,10
13.0074996948,80.2035217285,73811,73821,10
13.0075998306,80.2043380737,73821,73831,10
13.0075998306,80.2051696777,73831,73841,10
13.0076398849,80.205947876,73841,73851,10
13.0077695847,80.206741333,73851,73862,11
13.0078697205,80.2075424194,73862,73872,10
13.0078401566,80.2081985474,73872,73882,10
13.007900238,80.2089004517,73882,73892,10
13.0081796646,80.2097167969,73892,73902,10
13.0084600449,80.2103805542,73902,73912,10
13.0090904236,80.2107162476,73912,73973,61
13.0090904236,80.2107162476,73973,73983,10
13.0093202591,80.2109375,73983,74033,50
13.0092496872,80.2113037109,74033,74185,152
13.0092496872,80.2113037109,74185,74195,10
13.009059906,80.2115402222,74195,74205,10
13.0090303421,80.211730957,74205,74215,10
13.0091199875,80.2121124268,74215,74225,10
13.0092496872,80.212562561,74225,74235,10
13.0094604492,80.2130737305,74235,74245,10
13.0096797943,80.2136077881,74245,74255,10
13.0099401474,80.2142028809,74255,74265,10
13.0101003647,80.2146987915,74265,74275,10
13.0101699829,80.2153625488,74275,74285,10
13.0103597641,80.2160263062,74285,74296,11
13.0106697083,80.2167510986,74296,74306,10
13.0109701157,80.2173614502,74306,74316,10
13.0112895966,80.2180786133,74316,74326,10
13.0115299225,80.2189025879,74326,74336,10
13.0118398666,80.2197799683,74336,74346,10
13.0120296478,80.2205276489,74346,74356,10
13.012260437,80.2211914063,74356,74366,10
13.0125904083,80.2216567993,74366,74376,10
13.012840271,80.2220611572,74376,74386,10
13.0131502151,80.2225418091,74386,74396,10
13.0137901306,80.22315979,74396,74406,10
13.0140600204,80.2235488892,74406,74417,11
13.0142297745,80.2238616943,74417,74427,10
13.014749527,80.2244033813,74427,74437,10
13.0150499344,80.2247009277,74437,74447,10
13.0150699615,80.2247085571,74447,74457,10
13.015250206,80.2249908447,74457,74467,10
13.0153999329,80.2254333496,74467,74477,10
13.015130043,80.2258300781,74477,74487,10
13.0144996643,80.2260818481,74487,74497,10
13.0136995316,80.2264175415,74497,74507,10
13.0128898621,80.2266998291,74507,74517,10
13.0119895935,80.2270812988,74517,74528,11
13.0109901428,80.2274627686,74528,74538,10
13.0101699829,80.2278289795,74538,74548,10
13.0096101761,80.2277526855,74548,74558,10
13.0097103119,80.2272415161,74558,74568,10
13.0099496841,80.2266616821,74568,74578,10
13.010219574,80.2259292603,74578,74588,10
13.0105495453,80.2252578735,74588,74598,10
13.0107498169,80.2247390747,74598,74608,10
13.0108604431,80.2243118286,74608,74618,10
13.0111398697,80.2236633301,74618,74628,10
13.0112800598,80.2231826782,74628,74639,11
13.0107698441,80.2228927612,74639,74649,10
13.0100402832,80.2224502563,74649,74659,10
13.0093402863,80.222038269,74659,74669,10
13.0087003708,80.2217178345,74669,74679,10
13.0080099106,80.2213973999,74679,74688,9
13.0073204041,80.2210083008,74688,74699,11
13.0066204071,80.2206420898,74699,74709,10
13.0056800842,80.2204589844,74709,74719,10
13.0050802231,80.2203216553,74719,74729,10
13.004650116,80.2202835083,74729,74739,10
13.0040597916,80.2201004028,74739,74749,10
13.0035800934,80.2200317383,74749,74760,11
13.0030002594,80.2198486328,74760,74770,10
13.0024204254,80.2193984985,74770,74780,10
13.0020399094,80.2189712524,74780,74789,9
13.001709938,80.2186737061,74789,74800,11
13.0012798309,80.2183990479,74800,74810,10
13.0008401871,80.2180633545,74810,74820,10
13.0004396439,80.2177886963,74820,74830,10
12.9999504089,80.2174377441,74830,74839,9
12.9993495941,80.2171020508,74839,74849,10
12.9986400604,80.2167434692,74849,74860,11
12.9978599548,80.2164764404,74860,74871,11
12.9975099564,80.216468811,74871,74881,10
12.997130394,80.2164993286,74881,74891,10
12.9964599609,80.2165374756,74891,74901,10
12.9960298538,80.2165374756,74901,74911,10
12.9959697723,80.2165679932,74911,74921,10
12.9956998825,80.2167205811,74921,74931,10
12.9955501556,80.2167816162,74931,74941,10
12.9951696396,80.2169570923,74941,74961,20
12.9951696396,80.2169570923,74961,74971,10
12.9947299957,80.2172012329,74971,74982,11
12.9941196442,80.2177124023,74982,74992,10
12.9937496185,80.217956543,74992,75002,10
12.9931297302,80.2184524536,75002,75018,16
12.9921798706,80.2191696167,75018,75030,12
12.9914798737,80.2197570801,75030,75038,8
12.9910497665,80.2200622559,75038,75050,12
12.9905195236,80.2204437256,75050,75060,10
12.9899396896,80.2208328247,75060,75070,10
12.9893903732,80.2214508057,75070,75080,10
12.988940239,80.2220687866,75080,75090,10
12.9884500504,80.2225799561,75090,75101,11
12.9880504608,80.2229232788,75101,75111,10
12.9876003265,80.2230529785,75111,75121,10
12.9872303009,80.2229995728,75121,75131,10
12.9867296219,80.2229232788,75131,75140,9
12.9863996506,80.2229309082,75140,75151,11
12.9857196808,80.2230300903,75151,75161,10
12.9851903915,80.2232971191,75161,75171,10
12.9847803116,80.2230377197,75171,75181,10
12.9844999313,80.2228088379,75181,75191,10
12.9841499329,80.2226791382,75191,75201,10
12.983830452,80.2225036621,75201,75212,11
12.9834804535,80.2223129272,75212,75222,10
12.9832696915,80.2221374512,75222,75232,10
12.982919693,80.2220077515,75232,75242,10
12.9824399948,80.2218017578,75242,75252,10
12.9819402695,80.2215499878,75252,75262,10
12.9814996719,80.2211608887,75262,75272,10
12.9807796478,80.2209701538,75272,75282,10
12.9801397324,80.2210998535,75282,75293,11
12.9794101715,80.2211227417,75293,75303,10
12.9786500931,80.2212371826,75303,75313,10
12.9781398773,80.221321106,75313,75324,11
12.9776802063,80.221321106,75324,75334,10
12.9771795273,80.2212371826,75334,75344,10
12.9767904282,80.2212600708,75344,75354,10
12.9763498306,80.221321106,75354,75364,10
12.9762601852,80.2216110229,75364,75374,10
12.9763698578,80.2217712402,75374,75384,10
12.9764099121,80.2218017578,75384,75394,10
12.9765701294,80.2221908569,75394,75404,10
12.9769001007,80.2227020264,75404,75414,10
12.9772796631,80.2233200073,75414,75424,10
12.9777898788,80.2240905762,75424,75435,11
12.9782600403,80.2248382568,75435,75445,10
12.9786195755,80.2254180908,75445,75455,10
12.9788999557,80.2258529663,75455,75465,10
12.9792499542,80.2264404297,75465,75481,16
12.9797000885,80.227180481,75481,75493,12
12.9800596237,80.2277526855,75493,75501,8
12.9803304672,80.2282409668,75501,75513,12
12.9806499481,80.2288284302,75513,75523,10
12.980919838,80.2292861938,75523,75533,10
12.9812602997,80.2298202515,75533,75543,10
12.9816398621,80.2304229736,75543,75554,11
12.9819803238,80.2312164307,75554,75564,10
12.982049942,80.2320098877,75564,75574,10
12.9820203781,80.2324981689,75574,75584,10
12.9818696976,80.233001709,75584,75594,10
12.9816398621,80.2334365845,75594,75604,10
12.9814596176,80.2338485718,75604,75614,10
12.9812498093,80.2343826294,75614,75624,10
12.9812402725,80.2351226807,75624,75634,10
12.9812498093,80.2359008789,75634,75644,10
12.9812602997,80.2367477417,75644,75655,11
12.9812698364,80.237739563,75655,75665,10
12.9812698364,80.2382202148,75665,75675,10
12.9812898636,80.2386703491,75675,75685,10
12.981300354,80.238861084,75685,75695,10
12.981300354,80.2394714355,75695,75705,10
12.9813299179,80.2399215698,75705,75715,10
12.9813604355,80.2406005859,75715,75725,10
12.9813404083,80.2409667969,75725,75735,10
12.9813804626,80.2416000366,75735,75745,10
12.9813899994,80.2423019409,75745,75755,10
12.9813804626,80.2428817749,75755,75765,10
12.9813699722,80.2432937622,75765,75776,11
12.9813404083,80.2436904907,75776,75786,10
12.9812202454,80.244468689,75786,75796,10
12.9811000824,80.2454910278,75796,75806,10
12.9809904099,80.2465896606,75806,75816,10
12.980890274,80.2477264404,75816,75826,10
12.9808197021,80.2487716675,75826,75836,10
12.9806900024,80.2498626709,75836,75846,10
12.9804496765,80.2508621216,75846,75856,10
12.9801702499,80.2517623901,75856,75866,10
12.9801197052,80.252166748,75866,75876,10
12.9801301956,80.2523269653,75876,75887,11
12.9803600311,80.2525177002,75887,75897,10
12.9809303284,80.2525634766,75897,75907,10
12.9818201065,80.2525634766,75907,75917,10
12.9829797745,80.2525405884,75917,75927,10
12.9842395782,80.2522277832,75927,75937,10
12.985250473,80.2519226074,75937,75947,10
12.9857597351,80.2517089844,75947,75977,30
12.9858798981,80.2516708374,75977,75998,21
12.9858798981,80.2516708374,75998,76008,10
12.9859399796,80.2515869141,76008,76018,10
12.9860401154,80.2515792847,76018,76028,10
12.986579895,80.2515182495,76028,76038,10
12.9871301651,80.251373291,76038,76048,10
12.9875001907,80.2513504028,76048,76179,131
12.9875001907,80.2513504028,76179,76189,10
12.9877901077,80.2513198853,76189,76199,10
12.9879598618,80.2516403198,76199,76209,10
12.9879999161,80.2521972656,76209,76220,11
12.9878902435,80.2531280518,76220,76230,10
12.9878196716,80.2540588379,76230,76240,10
12.9877595901,80.2549514771,76240,76250,10
12.987739563,80.2555007935,76250,76300,50
12.987739563,80.2555007935,76300,76310,10
12.987830162,80.2558135986,76310,76320,10
12.9882297516,80.255821228,76320,76330,10
12.9884395599,80.2558288574,76330,76341,11
12.9885797501,80.2558822632,76341,76351,10
12.9889097214,80.2558288574,76351,76361,10
12.98939991,80.2558822632,76361,76371,10
12.9899597168,80.2559280396,76371,76381,10
12.9904098511,80.2558822632,76381,76391,10
12.9909200668,80.2559509277,76391,76401,10
12.9916296005,80.2560272217,76401,76411,10
12.9922504425,80.2560424805,76411,76421,10
12.9930696487,80.2560119629,76421,76431,10
12.9937400818,80.2559967041,76431,76441,10
12.9943704605,80.2559814453,76441,76452,11
12.9950704575,80.2558670044,76452,76462,10
12.9956598282,80.2557830811,76462,76472,10
12.9965295792,80.2558288574,76472,76512,40
12.9965295792,80.2558288574,76512,76522,10
12.9967098236,80.255821228,76522,76532,10
12.9969501495,80.2558822632,76532,76542,10
12.9975299835,80.255897522,76542,76563,21
12.9975299835,80.255897522,76563,76573,10
12.9976596832,80.2561798096,76573,76583,10
12.9976797104,80.2566986084,76583,76674,91
12.9976797104,80.2566986084,76674,76684,10
12.9977502823,80.2567825317,76684,76694,10
12.9977197647,80.2570037842,76694,76704,10
12.9976501465,80.2567901611,76704,76885,181
12.9976501465,80.2567901611,76885,76896,11
12.9976100922,80.2564620972,76896,76906,10
12.997759819,80.256401062,76906,76916,10
12.9978199005,80.2567062378,76916,76926,10
12.9978599548,80.2567672729,76926,76936,10
12.9981203079,80.2568511963,76936,81079,4143
12.9981403351,80.2567214966,81079,81122,43
12.9981403351,80.2567214966,81122,81132,10
12.9982595444,80.2565689087,81132,81164,32
12.9982404709,80.2568206787,81164,82918,1754
12.9982995987,80.2569198608,82918,82955,37
12.9982995987,80.2569198608,82955,82965,10
12.9983596802,80.2568511963,82965,82975,10
12.9982700348,80.2567672729,82975,82985,10
12.9982500076,80.256729126,82985,82995,10
12.998339653,80.2568511963,82995,83005,10
12.998339653,80.256942749,83005,83052,47
12.998339653,80.256942749,83052,83062,10
12.9982995987,80.256729126,83062,84610,1548
12.9982299805,80.2568588257,84610,85436,826
