13.0508003235,80.206817627,15,2146,2131
13.0504598618,80.2068023682,2146,2206,60
13.0506296158,80.2069396973,2206,2317,111
13.0506296158,80.2069015503,2317,2640,323
13.0506801605,80.2068099976,2640,2751,111
13.0505800247,80.2067184448,2751,4598,1847
13.0505800247,80.2067184448,4598,4608,10
13.0505599976,80.2067184448,4608,4779,171
13.050740242,80.2068023682,4779,5820,1041
13.0506601334,80.206817627,5820,5981,161
13.050740242,80.206817627,5981,6100,119
13.0507001877,80.2068634033,6100,6343,243
13.050620079,80.2067871094,6343,6766,423
13.050620079,80.2067871094,6766,6777,11
13.0506601334,80.2068862915,6777,7705,928
13.0506496429,80.2068481445,7705,7806,101
13.0506496429,80.2068481445,7806,7816,10
13.0507297516,80.2068634033,7816,9108,1292
13.0507001877,80.206741333,9108,10026,918
13.0504999161,80.2070465088,10026,12216,2190
13.0507602692,80.2067871094,12216,12670,454
13.0506801605,80.20703125,12670,12862,192
13.0506801605,80.20703125,12862,12872,10
13.0506401062,80.2066497803,12872,13184,312
13.0508203506,80.2069625854,13184,14527,1343
13.0505800247,80.2069091797,14527,15304,777
13.0507001877,80.206817627,15304,16799,1495
13.0507202148,80.2068099976,16799,16860,61
13.0505895615,80.206817627,16860,18831,1971
13.0505895615,80.206817627,18831,18841,10
13.0506296158,80.2069015503,18841,18862,21
13.0506801605,80.2069702148,18862,19125,263
13.050740242,80.2069473267,19125,19145,20
13.050740242,80.2069473267,19145,19154,9
13.0502500534,80.2068099976,19154,19185,31
13.0502500534,80.2068099976,19185,19196,11
13.0498895645,80.2068634033,19196,19246,50
13.0495796204,80.2068023682,19246,19367,121
13.0495796204,80.2068023682,19367,19377,10
13.0493202209,80.2069015503,19377,19407,30
13.0493202209,80.2069015503,19407,19418,11
13.0491399765,80.2071380615,19418,19428,10
13.049079895,80.207359314,19428,19438,10
13.0490999222,80.2076568604,19438,19448,10
13.0492401123,80.2081069946,19448,19458,10
13.0494003296,80.2086105347,19458,19468,10
13.049489975,80.2092208862,19468,19478,10
13.0495700836,80.2098388672,19478,19488,10
13.0496797562,80.2104873657,19488,19498,10
13.049779892,80.2111206055,19498,19508,10
13.0499095917,80.211769104,19508,19528,20
13.0499095917,80.211769104,19528,19539,11
13.0500297546,80.2119827271,19539,19549,10
13.0504703522,80.2119903564,19549,19559,10
13.0511398315,80.2119598389,19559,19569,10
13.0520896912,80.2119369507,19569,19579,10
13.0529899597,80.2117767334,19579,19589,10
13.0538902283,80.2116012573,19589,19599,10
13.0547895432,80.211517334,19599,19609,10
13.0558099747,80.2115020752,19609,19619,10
13.0569000244,80.2114715576,19619,19629,10
13.0574798584,80.2113876343,19629,19639,10
13.0581197739,80.2114105225,19639,19650,11
13.0589799881,80.211479187,19650,19660,10
13.0599899292,80.2115325928,19660,19670,10
13.0610103607,80.2116012573,19670,19680,10
13.061920166,80.2116699219,19680,19690,10
13.0628700256,80.2116088867,19690,19700,10
13.0638399124,80.2115402222,19700,19710,10
13.0647001266,80.2112884521,19710,19720,10
13.0654602051,80.2108230591,19720,19730,10
13.0662002563,80.2101821899,19730,19740,10
13.0674800873,80.208656311,19740,19751,11
13.0674800873,80.208656311,19751,19762,11
13.0679998398,80.2078399658,19762,19772,10
13.0685501099,80.2070236206,19772,19782,10
13.0690498352,80.2062606812,19782,19792,10
13.0693397522,80.2058410645,19792,19802,10
13.0695400238,80.2055206299,19802,19813,11
13.0696697235,80.2053070068,19813,19823,10
13.0697402954,80.2051315308,19823,19833,10
13.0696401596,80.2049026489,19833,19843,10
13.0692901611,80.2048873901,19843,19853,10
13.0690498352,80.2052612305,19853,19863,10
13.0687799454,80.2053070068,19863,19873,10
13.0685195923,80.2051696777,19873,19884,11
13.068110466,80.2051620483,19884,20218,334
13.068110466,80.2051620483,20218,20228,10
13.0681800842,80.2049407959,20228,20238,10
13.0686101913,80.2048797607,20238,20248,10
13.0687503815,80.2048416138,20248,20268,20
13.0687503815,80.2048416138,20268,20278,10
13.0691299438,80.2047195435,20278,20307,29
13.0692396164,80.2047195435,20307,20328,21
13.0692396164,80.2047195435,20328,20339,11
13.0693702698,80.2047576904,20339,20349,10
13.0694999695,80.2047805786,20349,20359,10
13.0698003769,80.2049407959,20359,20419,60
13.0698003769,80.2049407959,20419,20429,10
13.0697402954,80.2053222656,20429,20439,10
13.0693798065,80.205871582,20439,20450,11
13.068860054,80.206703186,20450,20460,10
13.0683403015,80.2075576782,20460,20470,10
13.067779541,80.2084579468,20470,20480,10
13.0672101974,80.2093505859,20480,20490,10
13.0664997101,80.2101593018,20490,20500,10
13.0656995773,80.2108001709,20500,20509,9
13.0651397705,80.2112503052,20509,20520,11
13.0649595261,80.2113876343,20520,20530,10
13.0645399094,80.2115707397,20530,20540,10
13.0644397736,80.2116394043,20540,20550,10
13.0640697479,80.2117614746,20550,20561,11
13.0635700226,80.2117462158,20561,20571,10
13.0629901886,80.2117462158,20571,20581,10
13.0622701645,80.2117462158,20581,20590,9
13.0613298416,80.2116928101,20590,20602,12
13.0598802567,80.2116622925,20602,20612,10
13.0587501526,80.2116088867,20612,20622,10
13.0577602386,80.2116088867,20622,20632,10
13.0572004318,80.2116317749,20632,20643,11
13.0564403534,80.2116317749,20643,20653,10
13.0553798676,80.2116012573,20653,20663,10
13.0543203354,80.2116165161,20663,20674,11
13.0531301498,80.2118988037,20674,20684,10
13.0521202087,80.2121734619,20684,20693,9
13.0512399673,80.2121963501,20693,20704,11
13.0504903793,80.2122192383,20704,20714,10
13.0497903824,80.2122192383,20714,20724,10
13.0497398376,80.2122192383,20724,20734,10
13.0493803024,80.2122268677,20734,20744,10
13.048740387,80.2122192383,20744,20754,10
13.0478401184,80.2122802734,20754,20764,10
13.0468101501,80.2123184204,20764,20775,11
13.0455703735,80.212348938,20775,20785,10
13.0446395874,80.2124023438,20785,20795,10
13.0436897278,80.2123718262,20795,20805,10
13.0427103043,80.2123413086,20805,20813,8
13.0420598984,80.2123794556,20813,20825,12
13.0408401489,80.2124786377,20825,20835,10
13.0396604538,80.2124404907,20835,20845,10
13.038599968,80.2124023438,20845,20855,10
13.0376300812,80.2123718262,20855,20865,10
13.036649704,80.212348938,20865,20876,11
13.0354404449,80.2123031616,20876,20886,10
13.0346097946,80.2122192383,20886,20896,10
13.0342998505,80.2121734619,20896,20906,10
13.0341701508,80.2121429443,20906,20916,10
13.0338602066,80.2121124268,20916,20926,10
13.0333003998,80.2119903564,20926,20936,10
13.0326499939,80.2118377686,20936,20946,10
13.0320396423,80.2116470337,20946,20956,10
13.0320396423,80.2110290527,20956,20966,10
13.0320997238,80.2102813721,20966,20976,10
13.0319795609,80.2096710205,20976,20987,11
13.0312795639,80.2094573975,20987,20997,10
13.030500412,80.2092437744,20997,21007,10
13.0299196243,80.2091217041,21007,21017,10
13.0297803879,80.2090835571,21017,21027,10
13.0297203064,80.2090835571,21027,21037,10
13.0293998718,80.2089920044,21037,21047,10
13.0289001465,80.2088699341,21047,21057,10
13.0281200409,80.2085800171,21057,21067,10
13.027589798,80.2083206177,21067,21077,10
13.0267400742,80.2077713013,21077,21088,11
13.0257797241,80.2072067261,21088,21098,10
13.0247402191,80.2069778442,21098,21107,9
13.0242395401,80.2069168091,21107,21118,11
13.023900032,80.2068481445,21118,21128,10
13.0233097076,80.2067184448,21128,21138,10
13.0226402283,80.2066116333,21138,21148,10
13.0216302872,80.2064666748,21148,21158,10
13.0205097198,80.206451416,21158,21168,10
13.019490242,80.206413269,21168,21178,10
13.0191297531,80.2063598633,21178,21188,10
13.019080162,80.2063293457,21188,21199,11
13.0186595917,80.2062301636,21199,21209,10
13.0180301666,80.2060394287,21209,21219,10
13.0172901154,80.2057189941,21219,21229,10
13.0164203644,80.2053222656,21229,21239,10
13.0154495239,80.2050170898,21239,21249,10
13.0144796371,80.2047119141,21249,21259,10
13.0137195587,80.2044372559,21259,21269,10
13.0135602951,80.2046737671,21269,21279,10
13.0133895874,80.2052383423,21279,21289,10
13.0131702423,80.2059783936,21289,21299,10
13.0130300522,80.2068634033,21299,21310,11
13.0129499435,80.2076416016,21310,21320,10
13.0129098892,80.2079162598,21320,21330,10
13.0129203796,80.208442688,21330,21340,10
13.0129098892,80.2086791992,21340,21350,10
13.0129995346,80.2091827393,21350,21360,10
13.0132799149,80.2097320557,21360,21370,10
13.0131998062,80.2103729248,21370,21380,10
13.0129804611,80.2111129761,21380,21390,10
13.0126495361,80.2116699219,21390,21400,10
13.0123300552,80.2122116089,21400,21411,11
13.0119304657,80.2127609253,21411,21421,10
13.0117301941,80.2127532959,21421,21431,10
13.0113697052,80.2124862671,21431,21441,10
13.0108299255,80.2120895386,21441,21451,10
13.0102500916,80.2116470337,21451,21461,10
13.0094804764,80.2110595703,21461,21481,20
13.0094804764,80.2110595703,21481,21491,10
13.0093297958,80.2111129761,21491,21501,10
13.009180069,80.2113189697,21501,21521,20
13.0091495514,80.2119598389,21521,21533,12
13.0094003677,80.2127227783,21533,21543,10
13.0096597672,80.2134017944,21543,21551,8
13.0098800659,80.2139511108,21551,21563,12
13.0101604462,80.2148284912,21563,21573,10
13.0102996826,80.2156906128,21573,21583,10
13.0106801987,80.2165985107,21583,21593,10
13.0111703873,80.2176437378,21593,21603,10
13.0115499496,80.2187194824,21603,21613,10
13.0119104385,80.2197799683,21613,21623,10
13.0122404099,80.2208709717,21623,21635,12
13.0125598907,80.221786499,21635,21645,10
13.0131797791,80.2225494385,21645,21655,10
13.0138101578,80.2232437134,21655,21664,9
13.0143499374,80.2239227295,21664,21675,11
13.0149297714,80.224647522,21675,21684,9
13.0154304504,80.2253265381,21684,21695,11
13.015130043,80.2258529663,21695,21706,11
13.0143098831,80.2262115479,21706,21716,10
13.0135097504,80.2265396118,21716,21727,11
13.0124702454,80.2269363403,21727,21737,10
13.0114297867,80.2273483276,21737,21747,10
13.0103902817,80.2277832031,21747,21757,10
13.0095796585,80.2277832031,21757,21767,10
13.0097703934,80.2270889282,21767,21777,10
13.0100698471,80.2263565063,21777,21785,8
13.0103597641,80.2256393433,21785,21797,12
13.010890007,80.2243728638,21797,21807,10
13.0112400055,80.2235031128,21807,21817,10
13.0110397339,80.2230987549,21817,21826,9
13.0104999542,80.2228317261,21826,21837,11
13.0097503662,80.2224121094,21837,21848,11
13.0088701248,80.2219161987,21848,21860,12
13.0077695847,80.221321106,21860,21870,10
13.006770134,80.2208175659,21870,21879,9
13.0057897568,80.2205200195,21879,21890,11
13.0047101974,80.2202606201,21890,21900,10
13.0038404465,80.2200393677,21900,21910,10
13.0028495789,80.2197418213,21910,21920,10
13.0020599365,80.2190933228,21920,21930,10
13.0014400482,80.2184829712,21930,21941,11
13.0007200241,80.2179870605,21941,21951,10
12.9997196198,80.217338562,21951,21961,10
12.9987602234,80.2168426514,21961,21971,10
12.9978399277,80.2165222168,21971,21981,10
12.9975595474,80.216506958,21981,21991,10
12.9968299866,80.2165374756,21991,22001,10
12.996049881,80.2166290283,22001,22011,10
12.996049881,80.2166290283,22011,22021,10
12.9951496124,80.217010498,22021,22031,10
12.9944400787,80.2175064087,22031,22042,11
12.9935598373,80.2181396484,22042,22052,10
12.9927101135,80.2187576294,22052,22061,9
12.991900444,80.2193374634,22061,22072,11
12.9914102554,80.2195663452,22072,22082,10
12.9909095764,80.2193832397,22082,22092,10
12.9901504517,80.2191314697,22092,22102,10
12.9891901016,80.2188034058,22102,22112,10
12.9881601334,80.2184906006,22112,22122,10
12.987279892,80.2183227539,22122,22132,10
12.9870901108,80.2182998657,22132,22141,9
12.9869003296,80.21824646,22141,22152,11
12.9863004684,80.2180862427,22152,22163,11
12.9852600098,80.2179412842,22163,22173,10
12.9841995239,80.2179489136,22173,22183,10
12.9839801788,80.2179489136,22183,22193,10
12.9836997986,80.2179412842,22193,22203,10
12.9830904007,80.2179336548,22203,22213,10
12.9822902679,80.2179107666,22213,22223,10
12.981300354,80.2180404663,22223,22232,9
12.9804601669,80.2183303833,22232,22243,11
12.9797201157,80.2186431885,22243,22253,10
12.979180336,80.2188491821,22253,22263,10
12.9785900116,80.2191162109,22263,22274,11
12.9779195786,80.2193984985,22274,22284,10
12.9770698547,80.2197494507,22284,22294,10
12.9761199951,80.220161438,22294,22304,10
12.9755601883,80.2205200195,22304,22313,9
12.9756097794,80.2209014893,22313,22324,11
12.9760704041,80.2214508057,22324,22334,10
12.9762296677,80.2216033936,22334,22344,10
12.9763698578,80.2217788696,22344,22354,10
12.9765996933,80.2222213745,22354,22364,10
12.9769897461,80.2228927612,22364,22374,10
12.9774999619,80.2237014771,22374,22384,10
12.9780597687,80.2244873047,22384,22395,11
12.9785299301,80.2253189087,22395,22404,9
12.9789495468,80.225982666,22404,22415,11
12.9794998169,80.2269134521,22415,22425,10
12.9799699783,80.227722168,22425,22435,10
12.9805498123,80.2286682129,22435,22445,10
12.9810199738,80.2294998169,22445,22455,10
12.9814796448,80.2301864624,22455,22465,10
12.9816598892,80.2304382324,22465,22475,10
12.9817800522,80.2306976318,22475,22486,11
12.9819803238,80.2313079834,22486,22496,10
12.9820404053,80.2320785522,22496,22506,10
12.9819202423,80.2328720093,22506,22516,10
12.9816904068,80.2333908081,22516,22526,10
12.9816703796,80.2334365845,22526,22536,10
12.9815397263,80.2337493896,22536,22546,10
12.9812898636,80.2343597412,22546,22556,10
12.9812498093,80.235206604,22556,22566,10
12.9812698364,80.2362289429,22566,22576,10
12.981300354,80.2373199463,22576,22586,10
12.9813203812,80.2382202148,22586,22597,11
12.9813404083,80.2391967773,22597,22607,10
12.9813604355,80.2400283813,22607,22617,10
12.9813995361,80.2408218384,22617,22627,10
12.9813995361,80.2417221069,22627,22637,10
12.9814195633,80.2424468994,22637,22647,10
12.9814300537,80.2426071167,22647,22657,10
12.9814195633,80.2427597046,22657,22667,10
12.9813995361,80.2432327271,22667,22677,10
12.9813203812,80.2440414429,22677,22687,10
12.981180191,80.2449188232,22687,22698,11
12.9810600281,80.2460174561,22698,22708,10
12.9809303284,80.2471618652,22708,22718,10
12.9808397293,80.2483596802,22718,22728,10
12.9807300568,80.2495422363,22728,22738,10
12.980509758,80.250579834,22738,22748,10
12.9801998138,80.251739502,22748,22758,10
12.9801197052,80.2521972656,22758,22768,10
12.9800796509,80.2522964478,22768,22778,10
12.9801101685,80.2524719238,22778,22788,10
12.9803800583,80.2526473999,22788,22798,10
12.980890274,80.2526473999,22798,22809,11
12.9817199707,80.2526016235,22809,22818,9
12.9825401306,80.252571106,22818,22829,11
12.9836702347,80.2524337769,22829,22839,10
12.9846401215,80.252166748,22839,22849,10
12.985619545,80.2518920898,22849,22859,10
12.9866695404,80.251663208,22859,22869,10
12.9875602722,80.2513809204,22869,22910,41
12.9875602722,80.2513809204,22910,22920,10
12.9877700806,80.251373291,22920,22930,10
12.9879598618,80.251739502,22930,22939,9
12.9880399704,80.2522735596,22939,22950,11
12.9879598618,80.2533187866,22950,22959,9
12.9878997803,80.2542037964,22959,22970,11
12.9877595901,80.2555389404,22970,22980,10
12.9876899719,80.2560501099,22980,22990,10
12.9876298904,80.2562789917,22990,23000,10
12.9876098633,80.2567672729,23000,23011,11
12.9875402451,80.2575836182,23011,23021,10
12.9874897003,80.2584762573,23021,23031,10
12.9873800278,80.2591629028,23031,23040,9
12.9872598648,80.2595062256,23040,23071,31
12.9872598648,80.2595062256,23071,23081,10
12.9868097305,80.2594909668,23081,23091,10
12.9866199493,80.2593383789,23091,23172,81
12.986579895,80.2594833374,23172,24305,1133
12.986579895,80.2594833374,24305,24315,10
12.9866199493,80.259147644,24315,24386,71
12.9870195389,80.2591094971,24386,24447,61
12.9870195389,80.2591094971,24447,24457,10
12.9873800278,80.2589569092,24457,24467,10
12.9874095917,80.2587814331,24467,24507,40
12.9874095917,80.2587814331,24507,24517,10
12.9874401093,80.2583770752,24517,24527,10
12.9874696732,80.2580184937,24527,24537,10
12.9875202179,80.2577896118,24537,24548,11
12.9875497818,80.257232666,24548,24558,10
12.9876003265,80.2565231323,24558,24568,10
12.9876003265,80.2560195923,24568,24608,40
12.9876003265,80.2560195923,24608,24618,10
12.9876003265,80.2559509277,24618,24628,10
12.9877099991,80.2555923462,24628,24638,10
12.9877500534,80.2549972534,24638,24648,10
12.9877996445,80.2546920776,24648,24659,11
12.987859726,80.2539978027,24659,24669,10
12.9879102707,80.2531814575,24669,24679,10
12.9879798889,80.2522735596,24679,24689,10
12.9877796173,80.2516403198,24689,24699,10
12.987159729,80.2516403198,24699,24709,10
12.9863996506,80.2518234253,24709,24719,10
12.9854898453,80.2520599365,24719,24729,10
12.984459877,80.2523193359,24729,24739,10
12.9834299088,80.252571106,24739,24749,10
12.9823503494,80.2526626587,24749,24759,10
12.9812498093,80.2526931763,24759,24770,11
12.9802398682,80.2527236938,24770,24780,10
12.9799404144,80.2522735596,24780,24820,40
12.9799404144,80.2522735596,24820,24836,16
12.9799900055,80.2521209717,24836,24848,12
12.9801101685,80.2517318726,24848,24856,8
12.9802398682,80.2513198853,24856,24868,12
12.9804601669,80.250541687,24868,24879,11
12.9806699753,80.2497024536,24879,24889,10
12.9807796478,80.248840332,24889,24899,10
12.9808397293,80.2479400635,24899,24909,10
12.9809303284,80.2470397949,24909,24919,10
12.9810199738,80.2460708618,24919,24929,10
12.9811296463,80.2450714111,24929,24939,10
12.9811897278,80.2441482544,24939,24948,9
12.9812698364,80.2436904907,24948,24959,11
12.9813699722,80.2434005737,24959,24969,10
12.9813804626,80.2429733276,24969,24979,10
12.9813899994,80.2429504395,24979,24989,10
12.9814100266,80.2426834106,24989,25000,11
12.9813995361,80.2420883179,25000,25010,10
12.9814100266,80.2414169312,25010,25020,10
12.9814195633,80.2406387329,25020,25030,10
12.9814100266,80.239730835,25030,25040,10
12.9813804626,80.2387619019,25040,25050,10
12.9813699722,80.2380218506,25050,25060,10
12.9813499451,80.2378234863,25060,25070,10
12.9813299179,80.2373809814,25070,25080,10
12.9813098907,80.2367019653,25080,25090,10
12.981300354,80.2359008789,25090,25101,11
12.9812602997,80.2349624634,25101,25111,10
12.9813404083,80.2340698242,25111,25121,10
12.9816503525,80.2333679199,25121,25131,10
12.981760025,80.2331619263,25131,25141,10
12.9819297791,80.2327575684,25141,25151,10
12.9820299149,80.2322769165,25151,25161,10
12.982000351,80.231590271,25161,25171,10
12.9819602966,80.2311325073,25171,25181,10
12.9817800522,80.2307434082,25181,25191,10
12.981470108,80.2302093506,25191,25201,10
12.9810600281,80.2295837402,25201,25212,11
12.9808597565,80.2292327881,25212,25222,10
12.9807195663,80.229019165,25222,25232,10
12.9805202484,80.2287216187,25232,25242,10
12.980340004,80.2283096313,25242,25252,10
12.9801101685,80.2279129028,25252,25262,10
12.9797401428,80.2273635864,25262,25272,10
12.9792900085,80.2266387939,25272,25282,10
12.9787797928,80.2257385254,25282,25292,10
12.9783802032,80.2250366211,25292,25302,10
12.9780902863,80.2245864868,25302,25313,11
12.9776802063,80.2239837646,25313,25323,10
12.9772796631,80.2233276367,25323,25333,10
12.9768800735,80.2226486206,25333,25343,10
12.9765195847,80.2220916748,25343,25353,10
12.9761600494,80.2215499878,25353,25363,10
12.9757003784,80.221031189,25363,25383,20
12.9757003784,80.221031189,25383,25393,10
12.9755401611,80.2208786011,25393,25403,10
12.975399971,80.2207794189,25403,25413,10
12.9754104614,80.2205886841,25413,25423,10
12.9756202698,80.2203826904,25423,25434,11
12.9760799408,80.220123291,25434,25444,10
12.9768400192,80.2197799683,25444,25454,10
12.977640152,80.2194366455,25454,25464,10
12.9784603119,80.219078064,25464,25474,10
12.9789304733,80.2189178467,25474,25484,10
12.9795999527,80.2186737061,25484,25494,10
12.9804000854,80.2183609009,25494,25504,10
12.9813804626,80.2180023193,25504,25514,10
12.9824304581,80.2178497314,25514,25524,10
12.9834804535,80.2178497314,25524,25534,10
12.9839000702,80.2178421021,25534,25551,17
12.984869957,80.2178268433,25551,25563,12
12.9859199524,80.2179336548,25563,25573,10
12.986700058,80.2181167603,25573,25582,9
12.9877004623,80.2183303833,25582,25594,12
12.9889297485,80.2186279297,25594,25603,9
12.9896697998,80.2188796997,25603,25614,11
12.9908399582,80.2192611694,25614,25624,10
12.9917297363,80.219367981,25624,25634,10
12.9924602509,80.2188796997,25634,25645,11
12.9933595657,80.2182235718,25645,25656,11
12.9942102432,80.2175827026,25656,25666,10
12.9948997498,80.217086792,25666,25676,10
12.9956197739,80.2167205811,25676,25686,10
12.9964199066,80.2165527344,25686,25696,10
12.9971199036,80.216468811,25696,25706,10
12.9974498749,80.2162017822,25706,25716,10
12.9975500107,80.2161331177,25716,25726,10
12.9977703094,80.2159576416,25726,25736,10
12.9981298447,80.2156066895,25736,25746,10
12.9986896515,80.2151184082,25746,25757,11
12.9989099503,80.2149505615,25757,25767,10
12.9990301132,80.21484375,25767,25777,10
12.999250412,80.2146606445,25777,25787,10
12.9995698929,80.2143630981,25787,25797,10
12.9999904633,80.2140274048,25797,25807,10
13.000459671,80.2136077881,25807,25817,10
13.0010700226,80.2131271362,25817,25827,10
13.0016403198,80.2126693726,25827,25837,10
13.0019702911,80.2124328613,25837,25847,10
13.0021295547,80.2123336792,25847,25857,10
13.0024003983,80.2121810913,25857,25867,10
13.0029401779,80.2120819092,25867,25878,11
13.0035200119,80.2119827271,25878,25888,10
13.0036802292,80.2118225098,25888,25898,10
13.0037498474,80.2116928101,25898,25908,10
13.0037498474,80.2111968994,25908,25918,10
13.0036697388,80.2105407715,25918,25928,10
13.0035600662,80.2098464966,25928,25938,10
13.0036201477,80.2092590332,25938,25948,10
13.0040197372,80.2086181641,25948,25958,10
13.0047798157,80.2089614868,25958,25968,10
13.0056495667,80.2093505859,25968,25978,10
13.0065202713,80.2096633911,25978,25989,11
13.0073604584,80.2098388672,25989,26009,20
13.0073604584,80.2098388672,26009,26019,10
13.0075302124,80.2098770142,26019,26029,10
13.0078802109,80.2099380493,26029,26039,10
13.0081701279,80.2098999023,26039,26049,10
13.0081501007,80.2095794678,26049,26059,10
13.0080900192,80.2091522217,26059,26069,10
13.0080099106,80.2083587646,26069,26079,10
13.0078201294,80.2074584961,26079,26090,11
13.0076599121,80.2064819336,26090,26100,10
13.0075798035,80.2054672241,26100,26110,10
13.0075798035,80.2045974731,26110,26120,10
13.0075101852,80.2038421631,26120,26130,10
13.0073604584,80.2029724121,26130,26140,10
13.006770134,80.2025909424,26140,26150,10
13.0066099167,80.2031784058,26150,26160,10
13.0072002411,80.2035827637,26160,26170,10
13.0079298019,80.203742981,26170,26180,10
13.0087499619,80.2036972046,26180,26190,10
13.0099496841,80.2036209106,26190,26201,11
13.0112304688,80.203666687,26201,26211,10
13.012430191,80.2038574219,26211,26221,10
13.0134801865,80.2041320801,26221,26222,1
13.0135602951,80.2041625977,26222,26223,1
13.0136203766,80.2041778564,26223,26269,46
13.0175600052,80.2054672241,26269,26279,10
13.0183200836,80.2058105469,26279,26289,10
13.0186595917,80.2059173584,26289,26299,10
13.0188102722,80.2060012817,26299,26309,10
13.0192699432,80.2061462402,26309,26320,11
13.0200796127,80.2062683105,26320,26330,10
13.0209999084,80.2062683105,26330,26340,10
13.0215101242,80.2062606812,26340,26351,11
13.0221700668,80.2063217163,26351,26362,11
13.0230102539,80.2064971924,26362,26372,10
13.0238399506,80.2066421509,26372,26382,10
13.0243301392,80.206703186,26382,26391,9
13.0244398117,80.2067337036,26391,26402,11
13.0249795914,80.2068710327,26402,26412,10
13.0256900787,80.2071304321,26412,26422,10
13.026550293,80.2076034546,26422,26433,11
13.0276002884,80.2082290649,26433,26443,10
13.028670311,80.2086410522,26443,26453,10
13.0297203064,80.2089004517,26453,26463,10
13.0308198929,80.2091903687,26463,26473,10
13.0314702988,80.2093734741,26473,26483,10
13.0315599442,80.2094192505,26483,26493,10
13.0320100784,80.209487915,26493,26503,10
13.0327396393,80.2096328735,26503,26513,10
13.0335197449,80.2098236084,26513,26523,10
13.0344200134,80.2100067139,26523,26534,11
13.0349903107,80.2104034424,26534,26544,10
13.0349798203,80.2110214233,26544,26554,10
13.0349798203,80.2112426758,26554,26564,10
13.0349397659,80.2112731934,26564,26574,10
13.0348901749,80.2120132446,26574,26604,30
13.0348901749,80.2120132446,26604,26614,10
13.0352201462,80.2122802734,26614,26624,10
13.0358800888,80.212272644,26624,26634,10
13.0366802216,80.212310791,26634,26645,11
13.0373802185,80.2123031616,26645,26655,10
13.0382204056,80.2122802734,26655,26665,10
13.0391101837,80.2122879028,26665,26674,9
13.0399599075,80.2122421265,26674,26685,11
13.0410003662,80.2122421265,26685,26695,10
13.0419998169,80.2122116089,26695,26705,10
13.0428304672,80.2122879028,26705,26715,10
13.0434503555,80.2122421265,26715,26725,10
13.0435400009,80.2122268677,26725,26735,10
13.0437297821,80.2122421265,26735,26745,10
13.0439901352,80.2122268677,26745,26756,11
13.0443496704,80.2122268677,26756,26766,10
13.0448703766,80.2122268677,26766,26776,10
13.0456104279,80.2122192383,26776,26786,10
13.0464200974,80.2121887207,26786,26796,10
13.0471000671,80.2121200562,26796,26806,10
13.0472002029,80.2121276855,26806,26816,10
13.047539711,80.2121200562,26816,26826,10
13.0485095978,80.2120132446,26826,26846,20
13.0485095978,80.2120132446,26846,26856,10
13.0488004684,80.2119827271,26856,26867,11
13.0490198135,80.2119598389,26867,26877,10
13.0490598679,80.2119216919,26877,26887,10
13.0494203568,80.2119064331,26887,26897,10
13.0497198105,80.2118835449,26897,26907,10
13.0498895645,80.2118835449,26907,26917,10
13.0502195358,80.2119216919,26917,26927,10
13.0507698059,80.2119827271,26927,26936,9
13.0514001846,80.2119903564,26936,26948,12
13.0524702072,80.2118835449,26948,26958,10
13.0533599854,80.2116928101,26958,26968,10
13.0542898178,80.2114486694,26968,26979,11
13.0550298691,80.2114028931,26979,26989,10
13.0558996201,80.2114028931,26989,26999,10
13.0569400787,80.2114105225,26999,27009,10
13.0573797226,80.2114028931,27009,27019,10
13.0575895309,80.2114334106,27019,27029,10
13.0581502914,80.2114562988,27029,27039,10
13.0588798523,80.2114868164,27039,27049,10
13.0597801208,80.211517334,27049,27059,10
13.0607595444,80.2115478516,27059,27069,10
13.0617599487,80.2115783691,27069,27085,16
13.0630598068,80.2115402222,27085,27098,13
13.0630903244,80.2115478516,27098,27106,8
13.0633001328,80.211517334,27106,27118,12
13.0636100769,80.2115097046,27118,27127,9
13.0639696121,80.211479187,27127,27138,11
13.064450264,80.2113265991,27138,27148,10
13.0653400421,80.2107925415,27148,27158,10
13.0661497116,80.2101669312,27158,27166,8
13.0668401718,80.2095718384,27166,27178,12
13.0675897598,80.2083892822,27178,27189,11
13.0689296722,80.2064208984,27189,27200,11
13.0689296722,80.2064208984,27200,27210,10
13.069439888,80.205619812,27210,27220,10
13.069729805,80.2049865723,27220,27230,10
13.0693798065,80.2048416138,27230,27240,10
13.0690498352,80.2052383423,27240,27250,10
13.0686998367,80.2052001953,27250,27260,10
13.0684204102,80.2051773071,27260,27634,374
13.0684204102,80.2051773071,27634,27644,10
13.0681295395,80.2052001953,27644,28330,686
13.0681295395,80.2052001953,28330,28340,10
13.067990303,80.205078125,28340,28350,10
13.0682001114,80.2049636841,28350,28360,10
13.0684604645,80.2049407959,28360,28370,10
13.0688295364,80.204788208,28370,28380,10
13.0691099167,80.2047195435,28380,28390,10
13.0694599152,80.204788208,28390,28400,10
13.0697097778,80.2048568726,28400,28410,10
13.0697803497,80.2049179077,28410,28421,11
13.069849968,80.2050018311,28421,28431,10
13.0698099136,80.2052993774,28431,28441,10
13.0695400238,80.2057037354,28441,28451,10
13.0692396164,80.2061767578,28451,28461,10
13.0689296722,80.2066726685,28461,28471,10
13.0686197281,80.2071685791,28471,28481,10
13.0682897568,80.2077026367,28481,28491,10
13.0679597855,80.208190918,28491,28501,10
13.0677499771,80.2085571289,28501,28511,10
13.0677404404,80.2085723877,28511,28522,11
13.0676202774,80.2088012695,28522,28532,10
13.0673398972,80.2092590332,28532,28542,10
13.0669403076,80.2098312378,28542,28552,10
13.0663404465,80.2103500366,28552,28562,10
13.0656995773,80.2108383179,28562,28572,10
13.0651597977,80.2112808228,28572,28582,10
13.0650997162,80.2113265991,28582,28592,10
13.0648803711,80.2114486694,28592,28602,10
13.064330101,80.2116394043,28602,28612,10
13.0636396408,80.2117233276,28612,28622,10
13.0628404617,80.2117462158,28622,28633,11
13.0621099472,80.2117004395,28633,28643,10
13.0606002808,80.2116775513,28643,28653,10
13.0594997406,80.2116699219,28653,28663,10
13.0585298538,80.2116394043,28663,28673,10
13.0578603745,80.2116317749,28673,28683,10
13.05768013,80.2116317749,28683,28693,10
13.0572900772,80.2116165161,28693,28703,10
13.0567598343,80.2116012573,28703,28713,10
13.0560398102,80.2115783691,28713,28723,10
13.0551595688,80.2115402222,28723,28733,10
13.054479599,80.2115478516,28733,28744,11
13.0536499023,80.2117004395,28744,28754,10
13.0529899597,80.2118988037,28754,28764,10
13.0525197983,80.2120513916,28764,28774,10
13.0520801544,80.2121734619,28774,28784,10
13.0515098572,80.2121810913,28784,28794,10
13.0507297516,80.2121582031,28794,28824,30
13.0507297516,80.2121582031,28824,28834,10
13.0502595901,80.2121582031,28834,28844,10
13.0499401093,80.2121810913,28844,28855,11
13.0499401093,80.2121887207,28855,28865,10
13.0498399734,80.2121887207,28865,28875,10
13.0497999191,80.2121505737,28875,28885,10
13.0495300293,80.2121505737,28885,28895,10
13.0495195389,80.2121429443,28895,28905,10
13.0494699478,80.2121582031,28905,28915,10
13.0490903854,80.2121582031,28915,28925,10
13.0484399796,80.2121887207,28925,28935,10
13.0476303101,80.2122497559,28935,28945,10
13.0466604233,80.212310791,28945,28955,10
13.045630455,80.2123718262,28955,28966,11
13.044670105,80.2124099731,28966,28976,10
13.0440196991,80.2124404907,28976,28986,10
13.0432395935,80.2124023438,28986,28996,10
13.0424203873,80.2124404907,28996,29006,10
13.0413303375,80.2124633789,29006,29016,10
13.0402297974,80.2124023438,29016,29026,10
13.0391798019,80.2124023438,29026,29036,10
13.0381002426,80.2123794556,29036,29095,59
13.0381002426,80.2123794556,29095,29105,10
13.0379695892,80.2123718262,29105,29115,10
13.037560463,80.2123565674,29115,29124,9
13.0370197296,80.2123413086,29124,29135,11
13.0360603333,80.212348938,29135,29145,10
13.035369873,80.2123184204,29145,29155,10
13.0349702835,80.2122421265,29155,29166,11
13.0347795486,80.2122421265,29166,29176,10
13.034119606,80.2121200562,29176,29197,21
13.034119606,80.2121200562,29197,29207,10
13.0338897705,80.2120819092,29207,29217,10
13.0334701538,80.2119598389,29217,29227,10
13.0328197479,80.2118377686,29227,29237,10
13.0320997238,80.2116622925,29237,29247,10
13.0320501328,80.2110519409,29247,29257,10
13.0320901871,80.2103271484,29257,29267,10
13.0320396423,80.2096862793,29267,29275,8
13.0316095352,80.2095184326,29275,29287,12
13.0308198929,80.209312439,29287,29298,11
13.0302000046,80.2091598511,29298,29307,9
13.0300197601,80.2090911865,29307,29318,11
13.0297603607,80.2089996338,29318,29328,10
13.029540062,80.2089385986,29328,29338,10
13.0293703079,80.2088775635,29338,29348,10
13.028840065,80.2087402344,29348,29357,9
13.028169632,80.2085494995,29357,29368,11
13.0274600983,80.2082214355,29368,29377,9
13.02684021,80.2078475952,29377,29388,11
13.0259304047,80.2073135376,29388,29398,10
13.0249595642,80.2070236206,29398,29408,10
13.0242900848,80.2069320679,29408,29419,11
13.0242004395,80.2069091797,29419,29429,10
13.0240001678,80.2068405151,29429,29439,10
13.0235795975,80.2067337036,29439,29449,10
13.0229301453,80.2065963745,29449,29459,10
13.0221004486,80.206451416,29459,29469,10
13.0211496353,80.2064819336,29469,29479,10
13.0200796127,80.206489563,29479,29489,10
13.0194301605,80.2064208984,29489,29499,10
13.0194101334,80.2064208984,29499,29509,10
13.0191898346,80.2063369751,29509,29519,10
13.0191402435,80.2063293457,29519,29530,11
13.0187997818,80.206237793,29530,29540,10
13.018289566,80.2060623169,29540,29550,10
13.0178003311,80.2058792114,29550,29560,10
13.0175800323,80.2058181763,29560,29576,16
13.017080307,80.2056121826,29576,29588,12
13.016579628,80.2053604126,29588,29598,10
13.0161895752,80.2052230835,29598,29608,10
13.0157804489,80.2051086426,29608,29618,10
13.0153102875,80.2049865723,29618,29627,9
13.0144701004,80.2046813965,29627,29639,12
13.013759613,80.2044219971,29639,29649,10
13.0136098862,80.2046737671,29649,29659,10
13.013420105,80.2052001953,29659,29669,10
13.0131797791,80.2059173584,29669,29680,11
13.0130300522,80.2069015503,29680,29690,10
13.0129203796,80.2077407837,29690,29700,10
13.0128698349,80.2081069946,29700,29710,10
13.0128898621,80.2085494995,29710,29720,10
13.0128898621,80.2088623047,29720,29730,10
13.0130300522,80.2093505859,29730,29740,10
13.0131998062,80.2099609375,29740,29751,11
13.0130701065,80.2107086182,29751,29761,10
13.0127897263,80.2114181519,29761,29771,10
13.0123796463,80.2121582031,29771,29781,10
13.0119695663,80.2127685547,29781,29791,10
13.0117998123,80.2128601074,29791,29808,17
13.0112600327,80.2124023438,29808,29820,12
13.0106601715,80.2119522095,29820,29828,8
13.0101995468,80.2116088867,29828,29838,10
13.009759903,80.2113113403,29838,29871,33
13.009759903,80.2113113403,29871,29880,9
13.0095701218,80.2111282349,29880,29890,10
13.0094003677,80.2110595703,29890,29901,11
13.0092401505,80.2112731934,29901,29912,11
13.0091199875,80.21144104,29912,29922,10
13.0090303421,80.2116012573,29922,29932,10
13.0090799332,80.2118301392,29932,29942,10
13.0092201233,80.2121963501,29942,29952,10
13.0094099045,80.2127685547,29952,29962,10
13.00963974,80.2133483887,29962,29973,11
13.0099401474,80.2140731812,29973,29983,10
13.0101699829,80.2147674561,29983,29993,10
13.0102596283,80.2155838013,29993,30003,10
13.0105600357,80.2163619995,30003,30013,10
13.0109500885,80.2172012329,30013,30023,10
13.0113201141,80.2179107666,30023,30033,10
13.0116195679,80.2188034058,30033,30043,10
13.0119600296,80.2198486328,30043,30052,9
13.0122098923,80.2208328247,30052,30063,11
13.0123901367,80.2215805054,30063,30073,10
13.0127801895,80.2221679688,30073,30084,11
13.013420105,80.2228317261,30084,30094,10
13.0140600204,80.2235565186,30094,30104,10
13.0145702362,80.2242584229,30104,30114,10
13.0151596069,80.2249526978,30114,30124,10
13.015370369,80.2255401611,30124,30134,10
13.0150899887,80.2258987427,30134,30144,10
13.0144395828,80.2261428833,30144,30154,10
13.0136604309,80.2264633179,30154,30164,10
13.0127801895,80.2267990112,30164,30174,10
13.0118904114,80.2271499634,30174,30184,10
13.0109300613,80.2275390625,30184,30195,11
13.0098800659,80.2279281616,30195,30205,10
13.0095300674,80.2275314331,30205,30215,10
13.0098199844,80.2269363403,30215,30225,10
13.0101604462,80.2262115479,30225,30235,10
13.0105199814,80.2253417969,30235,30245,10
13.0108699799,80.2244873047,30245,30255,10
13.0111598969,80.2237319946,30255,30265,10
13.0112895966,80.2233581543,30265,30275,10
13.0110397339,80.2230529785,30275,30285,10
13.0104598999,80.2227630615,30285,30301,16
13.0093603134,80.2221603394,30301,30314,13
13.0082998276,80.2216033936,30314,30324,10
13.0073699951,80.2211227417,30324,30334,10
13.0064201355,80.2206802368,30334,30344,10
13.0053796768,80.2204437256,30344,30354,10
13.0045700073,80.2202377319,30354,30364,10
13.0040502548,80.2201004028,30364,30374,10
13.0033197403,80.2199707031,30374,30384,10
13.0025596619,80.219581604,30384,30394,10
13.001950264,80.2190093994,30394,30404,10
13.0012998581,80.2183837891,30404,30415,11
13.0006399155,80.2179412842,30415,30425,10
13.0000495911,80.217590332,30425,30435,10
12.9993400574,80.2171707153,30435,30445,10
12.9984798431,80.2167434692,30445,30455,10
12.9975795746,80.2165374756,30455,30475,20
12.9975795746,80.2165374756,30475,30485,10
12.9973201752,80.216506958,30485,30495,10
12.9969501495,80.2165222168,30495,30505,10
12.9963197708,80.2166290283,30505,30515,10
12.9955396652,80.2168121338,30515,30526,11
12.9949998856,80.2171020508,30526,30536,10
12.994720459,80.217300415,30536,30546,10
12.9945898056,80.2173919678,30546,30556,10
12.9942798615,80.2176208496,30556,30566,10
12.9937496185,80.2180023193,30566,30576,10
12.9931001663,80.2184524536,30576,30586,10
12.9924697876,80.2189788818,30586,30596,10
12.991689682,80.2195281982,30596,30606,10
12.9911403656,80.2195205688,30606,30616,10
12.9904098511,80.2192306519,30616,30626,10
12.9895601273,80.2189102173,30626,30637,11
12.9884500504,80.2185211182,30637,30647,10
12.9875202179,80.2183685303,30647,30657,10
12.9870300293,80.2182998657,30657,30667,10
12.9870195389,80.2182922363,30667,30677,10
12.986700058,80.2181930542,30677,30687,10
12.9861898422,80.2180862427,30687,30697,10
12.985329628,80.2179718018,30697,30707,10
12.9843397141,80.2179718018,30707,30717,10
12.984000206,80.2180023193,30717,30727,10
12.9839496613,80.2180023193,30727,30737,10
12.9835996628,80.2179794312,30737,30748,11
12.9828996658,80.217956543,30748,30758,10
12.9820995331,80.2179489136,30758,30768,10
12.9811601639,80.218132019,30768,30778,10
12.9801998138,80.2184677124,30778,30788,10
12.9793901443,80.2188034058,30788,30798,10
12.9787302017,80.2190933228,30798,30808,10
12.978219986,80.2192687988,30808,30818,10
12.9775104523,80.219581604,30818,30828,10
12.9766702652,80.2199325562,30828,30838,10
12.9758901596,80.2202987671,30838,30848,10
12.9756803513,80.2203979492,30848,30859,11
12.9755096436,80.2205963135,30859,30869,10
12.9756603241,80.220993042,30869,30879,10
12.9760398865,80.2213821411,30879,30889,10
12.9763898849,80.221862793,30889,30909,20
12.9763898849,80.221862793,30909,30919,10
12.9763298035,80.222076416,30919,30929,10
12.976360321,80.2221069336,30929,30939,10
12.9765796661,80.2223434448,30939,30949,10
12.9768695831,80.2226791382,30949,30959,10
12.9770097733,80.2229003906,30959,30970,11
12.9772996902,80.2234191895,30970,30980,10
12.9777002335,80.2240371704,30980,30990,10
12.9780597687,80.2245635986,30990,31000,10
12.9783496857,80.2250671387,31000,31010,10
12.9787502289,80.2256698608,31010,31020,10
12.979180336,80.2264022827,31020,31030,10
12.9796104431,80.2271194458,31030,31040,10
12.9800796509,80.2278823853,31040,31050,10
12.9805898666,80.228767395,31050,31060,10
12.9809303284,80.2293167114,31060,31070,10
12.9812803268,80.2298583984,31070,31080,10
12.9816598892,80.2303924561,31080,31097,17
12.9817399979,80.2306213379,31097,31109,12
12.9820098877,80.2314910889,31109,31169,60
12.9820098877,80.2314910889,31169,31179,10
12.9819002151,80.2317123413,31179,31189,10
12.9819002151,80.2317886353,31189,31200,11
12.9819498062,80.231880188,31200,31210,10
12.9819602966,80.231880188,31210,31220,10
12.982000351,80.2320175171,31220,31230,10
12.9820098877,80.232093811,31230,31240,10
12.9820098877,80.2321472168,31240,31250,10
12.9820203781,80.2323379517,31250,31260,10
12.982000351,80.2325820923,31260,31270,10
12.9819602966,80.2327728271,31270,31280,10
12.9819202423,80.2328796387,31280,31290,10
12.9818897247,80.2329406738,31290,31300,10
12.9818296432,80.233039856,31300,31311,11
12.981710434,80.2333374023,31311,31321,10
12.9816198349,80.2335205078,31321,31331,10
12.9815797806,80.2335968018,31331,31341,10
12.9813995361,80.2339401245,31341,31351,10
12.9812002182,80.2345733643,31351,31361,10
12.9812002182,80.2353973389,31361,31371,10
12.9812402725,80.2363586426,31371,31381,10
12.9812602997,80.237411499,31381,31391,10
12.9812803268,80.2381515503,31391,31401,10
12.981300354,80.2387008667,31401,31411,10
12.981300354,80.2387924194,31411,31422,11
12.9812898636,80.2391967773,31422,31431,9
12.981300354,80.2395324707,31431,31442,11
12.981300354,80.2395477295,31442,31452,10
12.9813098907,80.2399368286,31452,31462,10
12.9813299179,80.2404785156,31462,31472,10
12.9813404083,80.2412490845,31472,31482,10
12.9813404083,80.2421264648,31482,31492,10
12.9813499451,80.2427902222,31492,31512,20
12.9813499451,80.2427902222,31512,31522,10
12.9813699722,80.2430267334,31522,31533,11
12.9813604355,80.2435073853,31533,31543,10
12.981300354,80.2441101074,31543,31553,10
12.9812097549,80.2447967529,31553,31563,10
12.9811201096,80.2455368042,31563,31573,10
12.9810199738,80.2463607788,31573,31583,10
12.9809398651,80.247253418,31583,31593,10
12.9808702469,80.2481307983,31593,31603,10
12.9808101654,80.2489776611,31603,31613,10
12.9806900024,80.2498397827,31613,31623,10
12.9804801941,80.2507019043,31623,31633,10
12.9802503586,80.2515563965,31633,31644,11
12.9801197052,80.2521972656,31644,31694,50
12.9801197052,80.2521972656,31694,31704,10
12.9800901413,80.2524337769,31704,31714,10
12.9803199768,80.2526168823,31714,31724,10
12.9808397293,80.2526321411,31724,31734,10
12.9815998077,80.2526016235,31734,31744,10
12.9824895859,80.2525634766,31744,31755,11
12.9835300446,80.2524719238,31755,31765,10
12.9844999313,80.2521972656,31765,31926,161
12.9844999313,80.2521972656,31926,31936,10
12.9846000671,80.2521514893,31936,31946,10
12.9849996567,80.2520599365,31946,31956,10
12.9856004715,80.2519073486,31956,31966,10
12.9859399796,80.2518234253,31966,31977,11
12.9862804413,80.2517166138,31977,31987,10
12.9867095947,80.2516326904,31987,31997,10
12.9870595932,80.2515335083,31997,32007,10
12.9875602722,80.2513809204,32007,32017,10
12.9879102707,80.2514572144,32017,32027,10
12.9879903793,80.2517776489,32027,32037,10
12.9879798889,80.2518005371,32037,32047,10
12.9879999161,80.251953125,32047,32057,10
12.9880399704,80.2521896362,32057,32067,10
12.9880199432,80.2525024414,32067,32077,10
12.9879302979,80.2532196045,32077,32088,11
12.9877901077,80.2543334961,32088,32128,40
12.9877901077,80.2543334961,32128,32138,10
12.987739563,80.2544784546,32138,32148,10
12.9877595901,80.2549209595,32148,32158,10
12.9877195358,80.2555923462,32158,32168,10
12.9876098633,80.2562866211,32168,32178,10
12.987569809,80.2569885254,32178,32188,10
12.9874801636,80.2577819824,32188,32199,11
12.9874601364,80.258682251,32199,32209,10
12.9872999191,80.2593917847,32209,32237,28
12.9872999191,80.2593917847,32237,32247,10
12.9872503281,80.2595214844,32247,32257,10
12.9871196747,80.2595825195,32257,32266,9
12.9869403839,80.2595291138,32266,32276,10
12.9867601395,80.2594985962,32276,32287,11
12.9866600037,80.2592391968,32287,32308,21
12.9866600037,80.2591171265,32308,32651,343
12.986700058,80.2591400146,32651,33407,756
12.9866800308,80.2590637207,33407,33488,81
12.9866800308,80.2590637207,33488,33498,10
12.9869298935,80.2590789795,33498,33549,51
12.9869298935,80.2590789795,33549,33559,10
12.9872903824,80.2591171265,33559,33569,10
12.9872999191,80.2591171265,33569,33579,10
12.9874095917,80.2587585449,33579,33589,10
12.9874601364,80.2582702637,33589,33609,20
12.9874601364,80.2582702637,33609,33619,10
12.9875001907,80.2579116821,33619,33629,10
12.9875602722,80.2573318481,33629,33670,41
12.9875602722,80.2573318481,33670,33680,10
12.9875202179,80.2571792603,33680,33690,10
12.987569809,80.2567901611,33690,33700,10
12.9876499176,80.2562866211,33700,33710,10
12.9876499176,80.2558898926,33710,33720,10
12.9877004623,80.2556762695,33720,33781,61
12.9877004623,80.2556762695,33781,33791,10
12.9876804352,80.255531311,33791,33801,10
12.9877004623,80.2551727295,33801,33811,10
12.9877099991,80.2549819946,33811,33821,10
12.9877595901,80.2545623779,33821,33831,10
12.9877996445,80.2540435791,33831,33841,10
12.9878396988,80.2537002563,33841,33851,10
12.9878702164,80.2533569336,33851,33861,10
12.9878702164,80.2532272339,33861,33871,10
12.9878902435,80.2530136108,33871,33902,31
12.9878902435,80.2530136108,33902,33912,10
12.9879302979,80.2528762817,33912,33922,10
12.9879598618,80.252746582,33922,33980,58
12.9879598618,80.252746582,33980,33990,10
12.9879102707,80.2520904541,33990,34386,396
12.9879102707,80.2520904541,34386,34396,10
12.9878902435,80.2518997192,34396,34406,10
12.9877300262,80.2516403198,34406,34416,10
12.9876203537,80.2516326904,34416,34426,10
12.9871702194,80.2516326904,34426,34436,10
12.9864902496,80.2517929077,34436,34447,11
12.9855604172,80.2520217896,34447,34456,9
12.9846200943,80.2522583008,34456,34467,11
12.9833803177,80.2525405884,34467,34477,10
12.9822397232,80.2526473999,34477,34487,10
12.9811096191,80.2526779175,34487,34497,10
12.9801702499,80.2527236938,34497,34507,10
12.9799203873,80.2523574829,34507,34517,10
12.9799404144,80.2522964478,34517,34527,10
12.9800195694,80.2521362305,34527,34537,10
12.9800796509,80.2517318726,34537,34547,10
12.9802999496,80.251121521,34547,34558,11
12.9805603027,80.2502212524,34558,34568,10
12.9807395935,80.2492370605,34568,34578,10
12.9808197021,80.2481536865,34578,34587,9
12.9808797836,80.2472000122,34587,34598,11
12.981010437,80.2460403442,34598,34608,10
12.9811496735,80.244758606,34608,34618,10
12.9812297821,80.2438430786,34618,34628,10
12.9813203812,80.2436218262,34628,34638,10
12.9813604355,80.2429428101,34638,34658,20
12.9813604355,80.2429428101,34658,34669,11
12.9813604355,80.2426223755,34669,34679,10
12.9813404083,80.2422332764,34679,34689,10
12.9813203812,80.2416992188,34689,34699,10
12.9813203812,80.2410736084,34699,34709,10
12.9813098907,80.2404022217,34709,34719,10
12.981300354,80.2397994995,34719,34729,10
12.9812498093,80.2393188477,34729,34739,10
12.9812803268,80.2387008667,34739,34749,10
12.9812602997,80.2381515503,34749,34759,10
12.9812602997,80.2379379272,34759,34769,10
12.9812602997,80.23777771,34769,34780,11
12.9812402725,80.2372283936,34780,34790,10
12.9812202454,80.2364501953,34790,34800,10
12.9811897278,80.2355728149,34800,34809,9
12.9811601639,80.2347106934,34809,34820,11
12.9813699722,80.2338027954,34820,34830,10
12.9815196991,80.2335128784,34830,34840,10
12.9816102982,80.2333602905,34840,34850,10
12.9816999435,80.2331771851,34850,34860,10
12.9818696976,80.232749939,34860,34870,10
12.9819803238,80.232421875,34870,34880,10
12.982000351,80.2322921753,34880,34891,11
12.982000351,80.2319412231,34891,34901,10
12.9819297791,80.2314376831,34901,34911,10
12.9818696976,80.2309417725,34911,34920,9
12.9817304611,80.2306365967,34920,34931,11
12.9814395905,80.2301635742,34931,34941,10
12.9809904099,80.2294616699,34941,34951,10
12.9807596207,80.2291030884,34951,34961,10
12.9806804657,80.2289428711,34961,34971,10
12.9806404114,80.2288665771,34971,34981,10
12.9804296494,80.2285766602,34981,34991,10
12.9802799225,80.2282333374,34991,35002,11
12.9799804688,80.2277679443,35002,35012,10
12.9799003601,80.2275695801,35012,35022,10
12.9798297882,80.2273788452,35022,35032,10
12.97976017,80.2272796631,35032,35042,10
12.9795198441,80.2269210815,35042,35052,10
12.9792098999,80.2263565063,35052,35062,10
12.9788398743,80.2257080078,35062,35072,10
12.9784097672,80.2249679565,35072,35082,10
12.9780702591,80.2244873047,35082,35092,10
12.9778003693,80.2240829468,35092,35102,10
12.9774503708,80.2234725952,35102,35112,10
12.9770698547,80.2228317261,35112,35123,11
12.9767599106,80.2224197388,35123,35133,10
12.9764499664,80.2219161987,35133,35143,10
12.9761600494,80.2214813232,35143,35153,10
12.9757604599,80.2210693359,35153,35163,10
12.9757404327,80.2210388184,35163,35173,10
12.975689888,80.220993042,35173,35183,10
12.9754800797,80.2208480835,35183,35203,20
12.9754800797,80.2208480835,35203,35213,10
12.9753599167,80.220741272,35213,35223,10
12.9753704071,80.2206420898,35223,35234,11
12.9756002426,80.2203826904,35234,35244,10
12.9759397507,80.2202072144,35244,35254,10
12.9764795303,80.2199630737,35254,35264,10
12.9771604538,80.2196807861,35264,35274,10
12.9779701233,80.2193374634,35274,35284,10
12.9785995483,80.2191162109,35284,35294,10
12.979060173,80.2189407349,35294,35304,10
12.9797096252,80.2186584473,35304,35314,10
12.9804801941,80.2183609009,35314,35324,10
12.9813604355,80.2180480957,35324,35334,10
12.9821996689,80.2179031372,35334,35345,11
12.9826402664,80.217880249,35345,35355,10
12.9838399887,80.2178573608,35355,35383,28
12.9838399887,80.2178573608,35383,35391,8
12.9839696884,80.2178573608,35391,35403,12
12.984459877,80.2178421021,35403,35413,10
12.9851799011,80.2178497314,35413,35423,10
12.9859104156,80.2179031372,35423,35433,10
12.9868402481,80.218132019,35433,35443,10
12.9873695374,80.2182006836,35443,35464,21
12.9873695374,80.2182006836,35464,35474,10
12.9878196716,80.2183303833,35474,35484,10
12.9883804321,80.2184829712,35484,35494,10
12.9890699387,80.218711853,35494,35504,10
12.9898900986,80.2190170288,35504,35514,10
12.9909095764,80.2192993164,35514,35524,10
12.9917697906,80.2193832397,35524,35534,10
12.9924097061,80.2189025879,35534,35544,10
12.993180275,80.2183227539,35544,35554,10
12.9939603806,80.2177276611,35554,35565,11
12.9944000244,80.2174530029,35565,35575,10
12.9945297241,80.217376709,35575,35585,10
12.9948301315,80.2171707153,35585,35595,10
12.9952001572,80.2169189453,35595,35605,10
12.9955797195,80.2167510986,35605,35615,10
12.9957799911,80.2166900635,35615,35625,10
12.9961004257,80.2166213989,35625,35645,20
12.9961004257,80.2166213989,35645,35655,10
12.9964103699,80.2165374756,35655,35665,10
12.9966697693,80.216506958,35665,35676,11
12.9970703125,80.2164611816,35676,35686,10
12.9973697662,80.2162628174,35686,35696,10
12.9975500107,80.2161178589,35696,35706,10
12.9976301193,80.2160568237,35706,35716,10
12.9979801178,80.2157516479,35716,35726,10
12.9983997345,80.2153778076,35726,35736,10
12.9990100861,80.2148590088,35736,35746,10
12.9992303848,80.2146835327,35746,35756,10
12.99958992,80.2143630981,35756,35766,10
12.9999704361,80.2140197754,35766,35776,10
13.000459671,80.2135772705,35776,35787,11
13.0010404587,80.2130889893,35787,35797,10
13.0013999939,80.2128295898,35797,35807,10
13.0019598007,80.2124328613,35807,35817,10
13.002530098,80.2121810913,35817,35827,10
13.0030403137,80.2120819092,35827,35837,10
13.003569603,80.2119903564,35837,35847,10
13.0036296844,80.2119369507,35847,35857,10
13.0037202835,80.2116470337,35857,35867,10
13.0037202835,80.2110977173,35867,35877,10
13.0036697388,80.2105178833,35877,35887,10
13.0035800934,80.2099380493,35887,35898,11
13.0036096573,80.2092590332,35898,35908,10
13.0038404465,80.2086410522,35908,35918,10
13.0045499802,80.2088394165,35918,35928,10
13.0054702759,80.2092514038,35928,35938,10
13.0063400269,80.2095718384,35938,35948,10
13.0072803497,80.2098007202,35948,35988,40
13.0072803497,80.2098007202,35988,35998,10
13.0075798035,80.2098770142,35998,36009,11
13.0080699921,80.2099685669,36009,36019,10
13.0081796646,80.2096862793,36019,36029,10
13.0080404282,80.2090911865,36029,36039,10
13.0079498291,80.2082977295,36039,36049,10
13.0078296661,80.2073364258,36049,36059,10
13.0076599121,80.2062606812,36059,36069,10
13.0075597763,80.2051620483,36069,36079,10
13.0075597763,80.204208374,36079,36089,10
13.0074501038,80.20337677,36089,36099,10
13.0071201324,80.2025527954,36099,36109,10
13.0065603256,80.2028579712,36109,36120,11
13.0069198608,80.2033996582,36120,36130,10
13.0075798035,80.2036590576,36130,36140,10
13.0083198547,80.2036972046,36140,36150,10
13.0093002319,80.2036437988,36150,36160,10
13.0104598999,80.2035980225,36160,36170,10
13.0116796494,80.2037124634,36170,36180,10
13.012840271,80.2039108276,36180,36190,10
13.0134801865,80.2040710449,36190,36200,10
13.0139398575,80.2042999268,36200,36210,10
13.0150899887,80.2046737671,36210,36231,21
13.0150899887,80.2046737671,36231,36241,10
13.0154399872,80.2048034668,36241,36251,10
13.0160198212,80.205039978,36251,36261,10
13.0167398453,80.205116272,36261,36271,10
13.0169296265,80.2052001953,36271,36281,10
13.0172796249,80.2053909302,36281,36291,10
13.0177202225,80.2054901123,36291,36301,10
13.0178604126,80.2055664063,36301,36311,10
13.0183401108,80.2057876587,36311,36321,10
13.0186901093,80.2059173584,36321,36331,10
13.0187797546,80.2059707642,36331,36342,11
13.0191802979,80.2061309814,36342,36352,10
13.0198602676,80.2062530518,36352,36362,10
13.0207099915,80.2062835693,36362,36372,10
13.0216197968,80.2062988281,36372,36382,10
13.0225200653,80.2063980103,36382,36392,10
13.0234003067,80.2065963745,36392,36402,10
13.024020195,80.2066497803,36402,36412,10
13.0244503021,80.2067337036,36412,36422,10
13.0245399475,80.206741333,36422,36432,10
13.0248403549,80.2068405151,36432,36442,10
13.0254497528,80.2070388794,36442,36452,10
13.0261201859,80.2073516846,36452,36463,11
13.0269498825,80.2078170776,36463,36473,10
13.0278396606,80.2083511353,36473,36483,10
13.0288200378,80.208656311,36483,36493,10
13.0295295715,80.2088012695,36493,36503,10
13.0296201706,80.2088088989,36503,36513,10
13.0299196243,80.2088775635,36513,36523,10
13.0304899216,80.2090377808,36523,36533,10
13.03125,80.2092132568,36533,36543,10
13.0316295624,80.2093505859,36543,36553,10
13.0316801071,80.2093429565,36553,36563,10
13.031999588,80.2094268799,36563,36574,11
13.0323400497,80.2095489502,36574,36584,10
13.032959938,80.2096481323,36584,36594,10
13.0336399078,80.2098007202,36594,36604,10
13.0341997147,80.2099304199,36604,36614,10
13.0348501205,80.2100830078,36614,36624,10
13.0350599289,80.210319519,36624,36634,10
13.0349502563,80.2106170654,36634,36644,10
13.0349798203,80.2110366821,36644,36654,10
13.0349502563,80.2113037109,36654,36664,10
13.0349597931,80.2112884521,36664,36674,10
13.0349397659,80.211479187,36674,36685,11
13.0349302292,80.2116622925,36685,36695,10
13.0349302292,80.2117614746,36695,36705,10
13.034910202,80.2119903564,36705,36715,10
13.0351200104,80.2121810913,36715,36725,10
13.0352401733,80.2122497559,36725,36735,10
13.0355100632,80.2122802734,36735,36745,10
13.0359296799,80.2122879028,36745,36755,10
13.0361995697,80.2123184204,36755,36765,10
13.0366296768,80.212348938,36765,36775,10
13.0371799469,80.2123413086,36775,36785,10
13.0378599167,80.2123413086,36785,36796,11
13.0388097763,80.2122573853,36796,36806,10
13.039850235,80.2122573853,36806,36816,10
13.0408201218,80.2123031616,36816,36826,10
13.0418701172,80.2123031616,36826,36836,10
13.0427999496,80.2123184204,36836,36846,10
13.043419838,80.2123031616,36846,36856,10
13.0437202454,80.2123031616,36856,36866,10
13.0441198349,80.2123031616,36866,36876,10
13.0445299149,80.2123031616,36876,36886,10
13.0451402664,80.2122573853,36886,36896,10
13.0456600189,80.212272644,36896,36907,11
13.0464000702,80.2122421265,36907,36917,10
13.0471200943,80.2122192383,36917,36927,10
13.0478401184,80.2121582031,36927,36935,8
13.0482397079,80.212097168,36935,36947,12
13.0482702255,80.2121124268,36947,36957,10
13.0486097336,80.212059021,36957,36967,10
13.0496702194,80.2119827271,36967,37028,61
13.0496702194,80.2119827271,37028,37038,10
13.0498399734,80.2118988037,37038,37048,10
13.0502099991,80.2119216919,37048,37058,10
13.0506000519,80.2119903564,37058,37068,10
13.0509595871,80.2120437622,37068,37078,10
13.0517196655,80.212059021,37078,37088,10
13.0526199341,80.2119216919,37088,37098,10
13.0536298752,80.2116699219,37098,37108,10
13.0542402267,80.211479187,37108,37118,10
13.054599762,80.2114334106,37118,37129,11
13.0552902222,80.211479187,37129,37138,9
13.0560398102,80.211479187,37138,37149,11
13.0571403503,80.2114486694,37149,37159,10
13.0577001572,80.2114181519,37159,37169,10
13.0580997467,80.21144104,37169,37179,10
13.0586500168,80.211479187,37179,37189,10
13.0593395233,80.2115020752,37189,37199,10
13.0600795746,80.2115325928,37199,37209,10
13.0610704422,80.2115631104,37209,37219,10
13.0619096756,80.211517334,37219,37229,10
13.0627603531,80.2116012573,37229,37240,11
13.0632696152,80.2115402222,37240,37250,10
13.0635595322,80.211517334,37250,37280,30
13.0635595322,80.211517334,37280,37290,10
13.0637598038,80.211517334,37290,37300,10
13.0641899109,80.2114562988,37300,37310,10
13.0649003983,80.2111587524,37310,37320,10
13.0655899048,80.2106704712,37320,37329,9
13.066280365,80.2101211548,37329,37340,11
13.0670604706,80.2092819214,37340,37351,11
13.0673599243,80.2087478638,37351,37361,10
13.0673599243,80.2087402344,37361,37371,10
13.0674800873,80.2085418701,37371,37381,10
13.0677404404,80.2081375122,37381,37391,10
13.0681495667,80.2075424194,37391,37401,10
13.0686597824,80.206817627,37401,37411,10
13.0691995621,80.2059936523,37411,37421,10
13.0696496964,80.2052307129,37421,37431,10
13.0695896149,80.2048110962,37431,37441,10
13.0692596436,80.2049026489,37441,37451,10
13.0690097809,80.205291748,37451,37462,11
13.068400383,80.2051925659,37462,37512,50
13.0681400299,80.2052001953,37512,38361,849
13.0681400299,80.2052001953,38361,38371,10
13.0683803558,80.2049407959,38371,38381,10
13.0685300827,80.2048721313,38381,38391,10
13.0686798096,80.204788208,38391,38401,10
13.068860054,80.2047195435,38401,38431,30
13.068860054,80.2047195435,38431,38441,10
13.0691204071,80.2046966553,38441,38451,10
13.0694503784,80.204750061,38451,38461,10
13.0694904327,80.2047576904,38461,38472,11
13.0697002411,80.2048110962,38472,38482,10
13.0698404312,80.2049331665,38482,38492,10
13.0698204041,80.2052307129,38492,38502,10
13.0694999695,80.2057189941,38502,38512,10
13.0690603256,80.2063827515,38512,38522,10
13.0685596466,80.2071762085,38522,38532,10
13.0680198669,80.2080688477,38532,38542,10
13.0674600601,80.2089614868,38542,38552,10
13.0668401718,80.2098388672,38552,38562,10
13.0659799576,80.2105712891,38562,38572,10
13.0652399063,80.2111663818,38572,38583,11
13.065079689,80.2112579346,38583,38592,9
13.065030098,80.2113265991,38592,38603,11
13.0645198822,80.2115402222,38603,38613,10
13.063750267,80.2116928101,38613,38623,10
13.0629796982,80.2116928101,38623,38633,10
13.062330246,80.2117004395,38633,38643,10
13.0618000031,80.2117462158,38643,38653,10
13.0607500076,80.2116622925,38653,38663,10
13.0598201752,80.2116088867,38663,38673,10
13.0588903427,80.2115936279,38673,38683,10
13.0582799911,80.2115783691,38683,38694,11
13.0576896667,80.2116012573,38694,38704,10
13.0576696396,80.2116012573,38704,38714,10
13.0575199127,80.2116088867,38714,38724,10
13.0571098328,80.2115783691,38724,38734,10
13.0565099716,80.211517334,38734,38744,10
13.055729866,80.211479187,38744,38754,10
13.0547895432,80.2114334106,38754,38763,9
13.0539102554,80.2115707397,38763,38774,11
13.0528202057,80.2118606567,38774,38784,10
13.0522499084,80.212059021,38784,38794,10
13.0520000458,80.2121429443,38794,38805,11
13.0517597198,80.2121505737,38805,38815,10
13.0515003204,80.2121200562,38815,38825,10
13.0511903763,80.212097168,38825,38835,10
13.0502500534,80.2120819092,38835,38865,30
13.0500402451,80.212097168,38865,38926,61
13.0500402451,80.212097168,38926,38936,10
13.0495700836,80.2121276855,38936,38956,20
13.0495700836,80.2121276855,38956,38966,10
13.0494203568,80.2121124268,38966,38976,10
13.0489501953,80.2121276855,38976,38986,10
13.0484399796,80.2121734619,38986,38996,10
13.0479001999,80.2122192383,38996,39006,10
13.0471000671,80.2122573853,39006,39016,10
13.0461502075,80.2122879028,39016,39027,11
13.0451402664,80.2123794556,39027,39067,40
13.0451402664,80.2123794556,39067,39077,10
13.0446395874,80.212387085,39077,39168,91
13.0446395874,80.212387085,39168,39178,10
13.0444602966,80.2123718262,39178,39188,10
13.0439996719,80.212348938,39188,39198,10
13.0432796478,80.212348938,39198,39208,10
13.0423297882,80.2123184204,39208,39218,10
13.0413599014,80.2124176025,39218,39228,10
13.040140152,80.2123794556,39228,39238,10
13.0390100479,80.2123718262,39238,39249,11
13.0376901627,80.2123565674,39249,39289,40
13.0376901627,80.2123565674,39289,39299,10
13.0373697281,80.2124099731,39299,39309,10
13.0368404388,80.2123413086,39309,39319,10
13.03606987,80.2123184204,39319,39329,10
13.0352201462,80.2122802734,39329,39339,10
13.0346698761,80.2122192383,39339,39349,10
13.0341100693,80.2121276855,39349,39370,21
13.0341100693,80.2121276855,39370,39380,10
13.0339603424,80.2120895386,39380,39390,10
13.033539772,80.2120132446,39390,39400,10
13.0328998566,80.2118988037,39400,39410,10
13.0321998596,80.2117767334,39410,39420,10
13.0319795609,80.2113189697,39420,39430,10
13.0320596695,80.2105789185,39430,39440,10
13.0321302414,80.209777832,39440,39450,10
13.0316095352,80.2095184326,39450,39460,10
13.0305995941,80.2092437744,39460,39489,29
13.0305995941,80.2092437744,39489,39499,10
13.0303497314,80.2091522217,39499,39509,10
13.0295495987,80.2089309692,39509,39539,30
13.0295495987,80.2089309692,39539,39549,10
13.0292100906,80.2088088989,39549,39559,10
13.0286397934,80.2086791992,39559,39569,10
13.027970314,80.2084884644,39569,39578,9
13.0273799896,80.208190918,39578,39590,12
13.026550293,80.2076721191,39590,39600,10
13.0257101059,80.2072296143,39600,39610,10
13.0246496201,80.2069625854,39610,39620,10
13.0242595673,80.2069091797,39620,39630,10
13.0241804123,80.2068786621,39630,39640,10
13.0237703323,80.20677948,39640,39650,10
13.0232000351,80.2066268921,39650,39660,10
13.0224599838,80.2065200806,39660,39670,10
13.0215997696,80.2064666748,39670,39680,10
13.0206804276,80.2064437866,39680,39690,10
13.0196304321,80.2063980103,39690,39700,10
13.0191001892,80.2062988281,39700,39711,11
13.0190401077,80.2062225342,39711,39721,10
13.0186595917,80.2061462402,39721,39731,10
13.0180196762,80.2059326172,39731,39741,10
13.0177402496,80.2058486938,39741,39751,10
13.0175504684,80.2057571411,39751,39761,10
13.0171804428,80.2055892944,39761,39771,10
13.0167198181,80.2053985596,39771,39781,10
13.0157403946,80.2050323486,39781,39790,9
13.0147600174,80.2047424316,39790,39800,10
13.0142698288,80.2045974731,39800,39811,11
13.0140800476,80.2045516968,39811,39822,11
13.0136699677,80.2044067383,39822,39831,9
13.0135402679,80.2046127319,39831,39842,11
13.0135202408,80.204750061,39842,39852,10
13.0133895874,80.2052001953,39852,39862,10
13.0131597519,80.2059020996,39862,39872,10
13.0130300522,80.2067108154,39872,39882,10
13.0129699707,80.2074127197,39882,39892,10
13.0129003525,80.2078018188,39892,39902,10
13.0128698349,80.2081985474,39902,39912,10
13.0128803253,80.2084732056,39912,39922,10
13.0129203796,80.2087936401,39922,39933,11
13.0130901337,80.2093582153,39933,39943,10
13.0131902695,80.2099075317,39943,39953,10
13.0131397247,80.2102127075,39953,39963,10
13.0130796432,80.2106399536,39963,39973,10
13.012840271,80.2112426758,39973,39983,10
13.0125999451,80.2116775513,39983,39993,10
13.012339592,80.2121200562,39993,40003,10
13.0119600296,80.2126235962,40003,40023,20
13.0119600296,80.2126235962,40023,40033,10
13.011759758,80.2128067017,40033,40044,11
13.0115003586,80.2126235962,40044,40054,10
13.0110902786,80.2123031616,40054,40064,10
13.0105199814,80.2118682861,40064,40084,20
13.0105199814,80.2118682861,40084,40094,10
13.0102796555,80.2116775513,40094,40104,10
13.0101203918,80.2115707397,40104,40120,16
13.0100097656,80.2114562988,40120,40132,12
13.0097198486,80.2112579346,40132,40183,51
13.0094203949,80.2110290527,40183,40202,19
13.0094203949,80.2110290527,40202,40213,11
13.0092096329,80.2112426758,40213,40243,30
13.0092096329,80.2112426758,40243,40253,10
13.0090703964,80.2117385864,40253,40263,10
13.0092000961,80.2122268677,40263,40274,11
13.0094404221,80.2129135132,40274,40284,10
13.0096998215,80.2135467529,40284,40294,10
13.0099802017,80.2142181396,40294,40304,10
13.0101804733,80.2149276733,40304,40320,16
13.0105199814,80.2163162231,40320,40332,12
13.0110998154,80.2175216675,40332,40342,10
13.0114603043,80.2185211182,40342,40352,10
13.0118503571,80.2196121216,40352,40362,10
13.0121803284,80.2206878662,40362,40372,10
13.0123596191,80.2214813232,40372,40383,11
13.0127401352,80.2220230103,40383,40392,9
13.0131998062,80.2225570679,40392,40403,11
13.0137796402,80.2231369019,40403,40413,10
13.0141296387,80.2235183716,40413,40423,10
13.0145998001,80.2239990234,40423,40433,10
13.0151796341,80.2247390747,40433,40443,10
13.0154800415,80.2252197266,40443,40454,11
13.0153598785,80.2256698608,40454,40464,10
13.0149297714,80.2259597778,40464,40474,10
13.0149202347,80.2259597778,40474,40484,10
13.014840126,80.226020813,40484,40495,11
13.0144395828,80.2261581421,40495,40505,10
13.0138196945,80.2264022827,40505,40515,10
13.0130996704,80.2266464233,40515,40525,10
13.0122499466,80.2269821167,40525,40535,10
13.0112895966,80.2273635864,40535,40545,10
13.0102596283,80.2277832031,40545,40555,10
13.0095100403,80.2277374268,40555,40565,10
13.0097303391,80.2270812988,40565,40575,10
13.0100898743,80.2263412476,40575,40585,10
13.010430336,80.2255172729,40585,40595,10
13.0106801987,80.2249603271,40595,40606,11
13.0108995438,80.2244033813,40606,40616,10
13.0112800598,80.2234191895,40616,40636,20
13.0112800598,80.2234191895,40636,40646,10
13.0112199783,80.2231063843,40646,40656,10
13.010720253,80.2228775024,40656,40666,10
13.0100498199,80.2225570679,40666,40676,10
13.009349823,80.2221679688,40676,40686,10
13.0085496902,80.2217330933,40686,40696,10
13.0076799393,80.221282959,40696,40706,10
13.0067596436,80.2208328247,40706,40717,11
13.0057001114,80.2205276489,40717,40727,10
13.0050401688,80.2203903198,40727,40737,10
13.0043802261,80.2202072144,40737,40747,10
13.0036096573,80.2200393677,40747,40757,10
13.0029001236,80.2198104858,40757,40767,10
13.0022802353,80.2193527222,40767,40777,10
13.0016899109,80.2187194824,40777,40787,10
13.0009202957,80.218208313,40787,40797,10
13.0004196167,80.217880249,40797,40807,10
12.9998397827,80.2175064087,40807,40817,10
12.9991397858,80.2171020508,40817,40827,10
12.9983501434,80.2167129517,40827,40838,11
12.9975299835,80.2165603638,40838,40848,10
12.9973497391,80.2165603638,40848,40858,10
12.9971904755,80.2165374756,40858,40868,10
12.9967002869,80.216583252,40868,40878,10
12.9959697723,80.2166671753,40878,40888,10
12.9951295853,80.217010498,40888,40898,10
12.9944200516,80.2174987793,40898,40908,10
12.9937400818,80.2179870605,40908,40918,10
12.9930000305,80.2185211182,40918,40928,10
12.9922199249,80.2190933228,40928,40938,10
12.991519928,80.2195663452,40938,40949,11
12.9912500381,80.219543457,40949,40959,10
12.9907798767,80.2193527222,40959,40969,10
12.9900598526,80.2191085815,40969,40979,10
12.9891796112,80.2188034058,40979,40995,16
12.9869098663,80.2182693481,40995,41017,22
12.9869098663,80.2182693481,41017,41026,9
12.9865198135,80.218170166,41026,41037,11
12.9858102798,80.2180023193,41037,41047,10
12.9849004745,80.2179718018,41047,41058,11
12.9840602875,80.2180023193,41058,41068,10
12.9840402603,80.2180023193,41068,41078,10
12.9839296341,80.2180328369,41078,41088,10
12.9835700989,80.2180023193,41088,41098,10
12.9828996658,80.2179870605,41098,41108,10
12.9820899963,80.2180023193,41108,41118,10
12.9812202454,80.218132019,41118,41128,10
12.9804000854,80.2183685303,41128,41138,10
12.9797401428,80.2186279297,41138,41148,10
12.9791002274,80.2188796997,41148,41158,10
12.9786100388,80.2190933228,41158,41169,11
12.9779195786,80.2193527222,41169,41179,10
12.9771203995,80.2196731567,41179,41189,10
12.9762201309,80.2200698853,41189,41199,10
12.9756803513,80.2203598022,41199,41209,10
12.9754896164,80.2207107544,41209,41219,10
12.9757499695,80.220993042,41219,41229,10
12.9763298035,80.2217483521,41229,41259,30
12.9763298035,80.2217483521,41259,41269,10
12.9764795303,80.2221221924,41269,41279,10
12.9767599106,80.2225189209,41279,41290,11
12.9772100449,80.2231903076,41290,41300,10
12.9777097702,80.223991394,41300,41310,10
12.9781904221,80.2247314453,41310,41320,10
12.9784698486,80.2251586914,41320,41330,10
12.9788398743,80.225730896,41330,41340,10
12.9792299271,80.2264480591,41340,41350,10
12.9797096252,80.2272415161,41350,41360,10
12.9801998138,80.2280426025,41360,41370,10
12.9806604385,80.228843689,41370,41380,10
12.9811296463,80.2296218872,41380,41390,10
12.9816503525,80.2303619385,41390,41401,11
12.9817199707,80.2304611206,41401,41411,10
12.9818601608,80.230796814,41411,41421,10
12.9819898605,80.2313766479,41421,41431,10
12.9820404053,80.2321166992,41431,41441,10
12.9818696976,80.232963562,41441,41451,10
12.9816198349,80.2335128784,41451,41461,10
12.9816198349,80.2335205078,41461,41471,10
12.9814996719,80.2337493896,41471,41481,10
12.9812498093,80.2342987061,41481,41490,9
12.9812002182,80.2350234985,41490,41501,11
12.9812602997,80.2360687256,41501,41512,11
12.9812898636,80.2368774414,41512,41521,9
12.981300354,80.2376098633,41521,41532,11
12.9813299179,80.2384262085,41532,41542,10
12.9813404083,80.2386779785,41542,41552,10
12.9813604355,80.2388534546,41552,41562,10
12.9813499451,80.2393112183,41562,41572,10
12.9813699722,80.2398605347,41572,41582,10
12.9813699722,80.2405166626,41582,41592,10
12.9813899994,80.2413330078,41592,41602,10
12.9814100266,80.2422180176,41602,41612,10
12.9814195633,80.2428207397,41612,41623,11
12.9814195633,80.2428512573,41623,41633,10
12.9814100266,80.2431335449,41633,41643,10
12.9813699722,80.2436981201,41643,41653,10
12.9812498093,80.2444381714,41653,41663,10
12.9811000824,80.2453231812,41663,41673,10
12.9809799194,80.2463378906,41673,41683,10
12.9808797836,80.2474822998,41683,41693,10
12.9807796478,80.2486495972,41693,41703,10
12.9806499481,80.2497711182,41703,41713,10
12.980389595,80.250869751,41713,41723,10
12.9801301956,80.2522125244,41723,41754,31
12.9801301956,80.2522125244,41754,41764,10
12.9801502228,80.2524490356,41764,41774,10
12.9803695679,80.2526016235,41774,41784,10
12.9807901382,80.2526092529,41784,41794,10
12.9813299179,80.2526092529,41794,41804,10
12.9814901352,80.2526092529,41804,41814,10
12.9819002151,80.2525787354,41814,41824,10
12.9825601578,80.2525634766,41824,41834,10
12.9832601547,80.2524871826,41834,41844,10
12.9838399887,80.2523574829,41844,41855,11
12.9844503403,80.2522125244,41855,41865,10
12.9846696854,80.252166748,41865,41875,10
12.984919548,80.2520828247,41875,41885,10
12.9854202271,80.2519378662,41885,41895,10
12.9858398438,80.2518234253,41895,41905,10
12.9863195419,80.251701355,41905,41915,10
12.9867401123,80.2516098022,41915,41925,10
12.9872198105,80.2514724731,41925,42309,384
12.9872198105,80.2514724731,42309,42319,10
12.9872999191,80.2514877319,42319,42329,10
12.9875898361,80.251411438,42329,42339,10
12.9879302979,80.2515487671,42339,42349,10
12.9879999161,80.2520217896,42349,42359,10
12.9879703522,80.2527389526,42359,42369,10
12.9879102707,80.2536697388,42369,42379,10
12.987830162,80.254737854,42379,42389,10
12.987739563,80.2556991577,42389,42571,182
12.987739563,80.2556991577,42571,42581,10
12.9877099991,80.2559204102,42581,42591,10
12.9876499176,80.2562484741,42591,42601,10
12.987569809,80.2568969727,42601,42611,10
12.9875097275,80.2577514648,42611,42621,10
12.9874200821,80.2587738037,42621,42631,10
12.9872198105,80.2595977783,42631,42672,41
12.9872198105,80.2595977783,42672,42682,10
12.9870004654,80.2597122192,42682,42692,10
12.9867095947,80.2596893311,42692,43247,555
12.9867095947,80.2596893311,43247,43257,10
12.986579895,80.2594680786,43257,43267,10
12.9866600037,80.259147644,43267,43277,10
12.986989975,80.2591323853,43277,43318,41
12.986989975,80.2591323853,43318,43328,10
12.9872903824,80.2591018677,43328,43338,10
12.9873600006,80.2588577271,43338,43348,10
12.9874000549,80.258430481,43348,43358,10
12.9874696732,80.2578277588,43358,43368,10
12.9875402451,80.2571487427,43368,43378,10
12.9875802994,80.2565231323,43378,43388,10
12.9876003265,80.2561798096,43388,43398,10
12.9876804352,80.2557373047,43398,43408,10
12.987739563,80.2552032471,43408,43418,10
12.987739563,80.2550964355,43418,43429,11
12.9877796173,80.2547912598,43429,43439,10
12.987859726,80.25415802,43439,43449,10
12.9878997803,80.2533721924,43449,43459,10
12.9879102707,80.2520599365,43459,43761,302
12.9879102707,80.2520599365,43761,43772,11
12.9877004623,80.2516021729,43772,43782,10
12.9870996475,80.2516098022,43782,43792,10
12.9863595963,80.2518005371,43792,43802,10
12.985449791,80.2520294189,43802,43812,10
12.9843797684,80.2523269653,43812,43822,10
12.9832496643,80.2526092529,43822,43832,10
12.9820899963,80.2526779175,43832,43842,10
12.9810199738,80.2527084351,43842,43852,10
12.9802999496,80.2527236938,43852,43862,10
12.9799003601,80.2526092529,43862,43872,10
12.9799604416,80.2522964478,43872,43893,21
12.9799604416,80.2522964478,43893,43903,10
12.9800596237,80.2519302368,43903,43913,10
12.9802398682,80.2514190674,43913,43923,10
12.9804601669,80.2506637573,43923,43933,10
12.9806804657,80.2496871948,43933,43943,10
12.9807796478,80.2485275269,43943,43952,9
12.9808597565,80.247467041,43952,43962,10
12.9809703827,80.2462768555,43962,43973,11
12.9811000824,80.244972229,43973,43983,10
12.9811897278,80.2438735962,43983,43993,10
12.9813203812,80.243560791,43993,44004,11
12.9813699722,80.2431335449,44004,44014,10
12.9813699722,80.2427597046,44014,44024,10
12.9813899994,80.2426834106,44024,44034,10
12.9813604355,80.2424163818,44034,44044,10
12.9813604355,80.2418289185,44044,44054,10
12.9813804626,80.2410583496,44054,44064,10
12.9813604355,80.2401504517,44064,44074,10
12.9813404083,80.2394638062,44074,44084,10
12.9813299179,80.2387313843,44084,44094,10
12.9813299179,80.2380905151,44094,44104,10
12.9813098907,80.237953186,44104,44115,11
12.981300354,80.2376022339,44115,44125,10
12.9812898636,80.2370529175,44125,44135,10
12.9812602997,80.2362670898,44135,44145,10
12.9812297821,80.2353820801,44145,44155,10
12.9812402725,80.2343826294,44155,44165,10
12.9815702438,80.2335205078,44165,44175,10
12.9816598892,80.2333831787,44175,44185,10
12.981710434,80.2332992554,44185,44195,10
12.9818601608,80.2329406738,44195,44205,10
12.9819898605,80.2323684692,44205,44215,10
12.9819803238,80.2318496704,44215,44226,11
12.981880188,80.231262207,44226,44236,10
12.9816303253,80.2308120728,44236,44252,16
12.9811601639,80.2299423218,44252,44264,12
12.9808397293,80.2293624878,44264,44274,10
12.9807195663,80.2291564941,44274,44284,10
12.980629921,80.2289886475,44284,44294,10
12.9806003571,80.2288970947,44294,44304,10
12.9803800583,80.2285614014,44304,44314,10
12.9802398682,80.2282333374,44314,44324,10
12.9799604416,80.2277679443,44324,44334,10
12.9795703888,80.2271194458,44334,44344,10
12.9791202545,80.2264022827,44344,44355,11
12.9786901474,80.2256622314,44355,44365,10
12.9784402847,80.2252426147,44365,44375,10
12.9782600403,80.224937439,44375,44385,10
12.9781398773,80.2247619629,44385,44395,10
12.9780597687,80.2247390747,44395,44405,10
12.9778699875,80.2245330811,44405,44415,10
12.9777603149,80.2243118286,44415,44425,10
12.9775896072,80.2239837646,44425,44435,10
12.9772901535,80.2234573364,44435,44445,10
12.976940155,80.2228622437,44445,44456,11
12.9765701294,80.2222518921,44456,44466,10
12.9761800766,80.2216033936,44466,44476,10
12.9757900238,80.2211914063,44476,44496,20
12.9757900238,80.2211914063,44496,44506,10
12.9756202698,80.2210769653,44506,44516,10
12.9755496979,80.2210235596,44516,44526,10
12.9753503799,80.2206420898,44526,44546,20
12.9753503799,80.2206420898,44546,44556,10
12.9756298065,80.2203369141,44556,44567,11
12.9761295319,80.220123291,44567,44577,10
12.9768104553,80.2198562622,44577,44587,10
12.9776096344,80.219543457,44587,44597,10
12.9784803391,80.2192001343,44597,44607,10
12.9789400101,80.2190170288,44607,44617,10
12.9795799255,80.2187805176,44617,44627,10
12.9802799225,80.2185211182,44627,44637,10
12.9808502197,80.2182998657,44637,44647,10
12.9814996719,80.2180709839,44647,44657,10
12.9822301865,80.2179336548,44657,44667,10
12.9828100204,80.217918396,44667,44678,11
12.9836196899,80.2179107666,44678,44688,10
12.9838495255,80.2179412842,44688,44698,10
12.9839601517,80.2179412842,44698,44708,10
12.9843997955,80.217918396,44708,44718,10
12.9850702286,80.2179031372,44718,44728,10
12.9858999252,80.217956543,44728,44738,10
12.9867801666,80.2181625366,44738,44748,10
12.9873600006,80.2182617188,44748,44758,10
12.9874095917,80.2182769775,44758,44768,10
12.987830162,80.2183914185,44768,44778,10
12.9885196686,80.2185211182,44778,44788,10
12.9893398285,80.2187805176,44788,44799,11
12.9904203415,80.2191467285,44799,44809,10
12.9914398193,80.2194213867,44809,44819,10
12.9920902252,80.2191772461,44819,44835,16
12.9932203293,80.2183380127,44835,44847,12
12.9940900803,80.2177276611,44847,44855,8
12.9945201874,80.2173919678,44855,44867,12
12.9952201843,80.2169113159,44867,44877,10
12.9961099625,80.216583252,44877,44887,10
12.9968500137,80.2164764404,44887,44897,10
12.9972696304,80.2163467407,44897,44908,11
12.9974403381,80.216217041,44908,44918,10
12.9974403381,80.216217041,44918,44928,10
12.9975299835,80.2161178589,44928,44938,10
12.9978504181,80.2158203125,44938,44948,10
12.9983100891,80.2153778076,44948,44958,10
12.9988899231,80.2148666382,44958,44968,10
12.9991798401,80.2146530151,44968,44978,10
12.9994602203,80.2143707275,44978,44987,9
12.9997701645,80.2141036987,44987,44998,11
13.0002803802,80.2136383057,44998,45008,10
13.0008602142,80.2131576538,45008,45018,10
13.0015001297,80.212677002,45018,45029,11
13.0021800995,80.2122192383,45029,45039,10
13.0025997162,80.2121200562,45039,45048,9
13.002989769,80.2120819092,45048,45059,11
13.0034704208,80.2119979858,45059,45069,10
13.0036697388,80.2113876343,45069,45079,10
13.0036401749,80.2107086182,45079,45088,9
13.0035495758,80.2099761963,45088,45099,11
13.0036096573,80.2091598511,45099,45109,10
13.0039396286,80.2086105347,45109,45119,10
13.004650116,80.2089004517,45119,45130,11
13.0051803589,80.2091522217,45130,45140,10
13.0053300858,80.2092208862,45140,45150,10
13.0055198669,80.2092971802,45150,45160,10
13.0056200027,80.2093429565,45160,45170,10
13.0059204102,80.2094497681,45170,45179,9
13.0063400269,80.209602356,45179,45190,11
13.0071897507,80.2098236084,45190,45210,20
13.0071897507,80.2098236084,45210,45220,10
13.0073699951,80.2098464966,45220,45230,10
13.0076599121,80.2098999023,45230,45240,10
13.0080003738,80.2099761963,45240,45251,11
13.0081501007,80.2096862793,45251,45261,10
13.008020401,80.2090606689,45261,45271,10
13.0078802109,80.2082595825,45271,45281,10
13.0077400208,80.20728302,45281,45291,10
13.0075798035,80.2062835693,45291,45301,10
13.0075101852,80.205406189,45301,45311,10
13.0074901581,80.2046890259,45311,45321,10
13.0074796677,80.2039489746,45321,45331,10
13.007349968,80.2031173706,45331,45340,9
13.0069599152,80.2024993896,45340,45352,12
13.0065202713,80.2030563354,45352,45362,10
13.0070104599,80.2034835815,45362,45372,10
13.0077104568,80.2036895752,45372,45382,10
13.0085601807,80.2036895752,45382,45392,10
13.0095796585,80.2036209106,45392,45402,10
13.010720253,80.2036209106,45402,45412,10
13.0119304657,80.2037582397,45412,45422,10
13.0129995346,80.203956604,45422,45432,10
13.0136203766,80.2041320801,45432,45442,10
13.0139303207,80.204246521,45442,45452,10
13.014960289,80.2045974731,45452,45473,21
13.014960289,80.2045974731,45473,45483,10
13.0151100159,80.2046813965,45483,45493,10
13.0156097412,80.204826355,45493,45503,10
13.0163202286,80.2050933838,45503,45513,10
13.0168800354,80.2052001953,45513,45523,10
13.0172100067,80.2053527832,45523,45533,10
13.0173797607,80.2055206299,45533,45543,10
13.0176095963,80.205581665,45543,45553,10
13.0180597305,80.2057495117,45553,45563,10
13.0186796188,80.2059173584,45563,45573,10
13.0187196732,80.2059402466,45573,45584,11
13.0190696716,80.2060928345,45584,45594,10
13.019610405,80.2062301636,45594,45604,10
13.0203399658,80.2062835693,45604,45620,16
13.0217103958,80.2063064575,45620,45632,12
13.0223903656,80.2064208984,45632,45642,10
13.023059845,80.2065811157,45642,45652,10
13.0240097046,80.2066574097,45652,45661,9
13.0246696472,80.2068023682,45661,45672,11
13.0255899429,80.2070617676,45672,45682,10
13.0265102386,80.2075576782,45682,45693,11
13.0275001526,80.2081375122,45693,45704,11
13.0285396576,80.2085800171,45704,45714,10
13.0296802521,80.2088470459,45714,45734,20
13.0296802521,80.2088470459,45734,45744,10
13.029800415,80.2089080811,45744,45754,10
13.0301303864,80.2089996338,45754,45764,10
13.0307197571,80.2091598511,45764,45774,10
13.0314397812,80.2093582153,45774,45784,10
13.0321397781,80.2095489502,45784,45794,10
13.0331001282,80.2096786499,45794,45804,10
13.034040451,80.2098693848,45804,45815,11
13.0349798203,80.2100982666,45815,45832,17
13.0349798203,80.2112197876,45832,45854,22
13.0349798203,80.2112197876,45854,45864,10
13.0349197388,80.2116088867,45864,45874,10
13.0349197388,80.2116928101,45874,45884,10
13.0348701477,80.2119064331,45884,45894,10
13.0350399017,80.2121200562,45894,45904,10
13.0355997086,80.2122268677,45904,45914,10
13.0361404419,80.2122268677,45914,45925,11
13.0366001129,80.2123031616,45925,45935,10
13.0367698669,80.212310791,45935,45945,10
13.0369701385,80.2122802734,45945,45965,20
13.0369701385,80.2122802734,45965,45975,10
13.0371198654,80.2122573853,45975,45985,10
13.0374803543,80.212272644,45985,45995,10
13.0380897522,80.2122573853,45995,46005,10
13.0389404297,80.2122421265,46005,46015,10
13.0399198532,80.212272644,46015,46025,10
13.0410299301,80.212272644,46025,46035,10
13.0421600342,80.2122573853,46035,46046,11
13.0434799194,80.2122802734,46046,46056,10
13.0441999435,80.2122421265,46056,46157,101
13.0441999435,80.2122421265,46157,46167,10
13.044380188,80.2122879028,46167,46177,10
13.0448503494,80.2122802734,46177,46186,9
13.0455102921,80.212272644,46186,46197,11
13.046380043,80.2122497559,46197,46207,10
13.0474796295,80.2121734619,46207,46217,10
13.0483903885,80.2120819092,46217,46227,10
13.0485200882,80.212059021,46227,46237,10
13.0486698151,80.212059021,46237,46247,10
13.049079895,80.2120437622,46247,46258,11
13.0497398376,80.2119674683,46258,46268,10
13.0499401093,80.2119369507,46268,46278,10
13.0503396988,80.2119674683,46278,46288,10
13.0508003235,80.2120437622,46288,46298,10
13.0514001846,80.2120437622,46298,46308,10
13.0522098541,80.2119598389,46308,46318,10
13.0530900955,80.2117919922,46318,46328,10
13.0539798737,80.2115478516,46328,46338,10
13.0545701981,80.2114486694,46338,46348,10
13.0553598404,80.2114562988,46348,46358,10
13.0564098358,80.2114868164,46358,46368,10
13.0573701859,80.2114486694,46368,46379,11
13.057800293,80.2114334106,46379,46389,10
13.0584201813,80.2114562988,46389,46399,10
13.0589799881,80.2115325928,46399,46409,10
13.0597696304,80.2115707397,46409,46419,10
13.060839653,80.2115936279,46419,46429,10
13.0618801117,80.2116775513,46429,46439,10
13.0627498627,80.2116622925,46439,46449,10
13.0632200241,80.2115707397,46449,46459,10
13.06346035,80.2115402222,46459,46469,10
13.0639696121,80.2115097046,46469,46479,10
13.0647096634,80.2113037109,46479,46490,11
13.0655603409,80.2107086182,46490,46500,10
13.0663604736,80.2100524902,46500,46510,10
13.0670795441,80.2092437744,46510,46520,10
13.0673303604,80.2087631226,46520,46530,10
13.0673904419,80.2087020874,46530,46540,10
13.0676002502,80.208366394,46540,46550,10
13.0679502487,80.2078170776,46550,46560,10
13.0684204102,80.2071304321,46560,46570,10
13.0689496994,80.2063064575,46570,46586,16
13.0696802139,80.205078125,46586,46598,12
13.0693502426,80.2048492432,46598,46609,11
13.0689897537,80.2053222656,46609,46616,7
13.0686998367,80.2051773071,46616,47275,659
13.0686998367,80.2051773071,47275,47285,10
13.0685901642,80.205406189,47285,47295,10
13.0683202744,80.2054367065,47295,47305,10
13.0680103302,80.205368042,47305,47315,10
13.0679397583,80.2051696777,47315,47456,141
13.0679397583,80.2051696777,47456,47466,10
13.0682601929,80.2049331665,47466,47476,10
13.0686998367,80.2048034668,47476,47486,10
13.0692796707,80.2047119141,47486,47497,11
13.0695104599,80.204750061,47497,47507,10
13.0696897507,80.2048187256,47507,47517,10
13.069849968,80.2051010132,47517,47527,10
13.0696201324,80.2055587769,47527,47537,10
13.0692396164,80.206161499,47537,47547,10
13.0687704086,80.2069015503,47547,47557,10
13.0682401657,80.2077331543,47557,47567,10
13.0676898956,80.2085800171,47567,47577,10
13.0671596527,80.2093887329,47577,47587,10
13.0664701462,80.2101211548,47587,47597,10
13.0655002594,80.2109222412,47597,47608,11
13.0650396347,80.2113265991,47608,47618,10
13.0649003983,80.2114181519,47618,47628,10
13.0645399094,80.2116012573,47628,47638,10
13.0639200211,80.211730957,47638,47658,20
13.0639200211,80.211730957,47658,47668,10
13.0635204315,80.2117080688,47668,47678,10
13.0629701614,80.2117233276,47678,47688,10
13.0622997284,80.2117614746,47688,47698,10
13.0615196228,80.2118301392,47698,47708,10
13.060259819,80.2117004395,47708,47718,10
13.0591201782,80.2116394043,47718,47730,12
13.0580196381,80.2116088867,47730,47740,10
13.0576496124,80.2116394043,47740,47750,10
13.0573501587,80.2116088867,47750,47760,10
13.0568399429,80.2115783691,47760,47770,10
13.0561304092,80.2115402222,47770,47779,9
13.055390358,80.211517334,47779,47790,11
13.0546102524,80.2115402222,47790,47810,20
13.0546102524,80.2115402222,47810,47820,10
13.0544395447,80.2115478516,47820,47830,10
13.0540895462,80.2116317749,47830,47840,10
13.0534496307,80.211807251,47840,47851,11
13.0526103973,80.2120285034,47851,47861,10
13.0518398285,80.2122192383,47861,47871,10
13.0510501862,80.2122497559,47871,47881,10
13.0503196716,80.2122573853,47881,47891,10
13.0496997833,80.2121963501,47891,47921,30
13.0496997833,80.2121963501,47921,47931,10
13.0495796204,80.2121734619,47931,47941,10
13.0491895676,80.2121429443,47941,47952,11
13.0485401154,80.2121582031,47952,47962,10
13.0476303101,80.2122573853,47962,47972,10
13.0467796326,80.2122879028,47972,47982,10
13.0459299088,80.2123031616,47982,47992,10
13.0448999405,80.2123718262,47992,48002,10
13.0440597534,80.2123794556,48002,48012,10
13.0432500839,80.2123794556,48012,48022,10
13.0423603058,80.2124023438,48022,48032,10
13.0414304733,80.2124099731,48032,48042,10
13.0403699875,80.2124328613,48042,48052,10
13.039349556,80.2123794556,48052,48063,11
13.0384302139,80.2124404907,48063,48073,10
13.0378103256,80.2124099731,48073,48143,70
13.0378103256,80.2124099731,48143,48153,10
13.0375299454,80.2123794556,48153,48163,10
13.0370197296,80.2123413086,48163,48174,11
13.0362596512,80.2123184204,48174,48184,10
13.0355701447,80.2123184204,48184,48194,10
13.0352602005,80.2123031616,48194,48204,10
13.0352602005,80.2122879028,48204,48214,10
13.0350904465,80.2122573853,48214,48224,10
13.0347099304,80.2122116089,48224,48234,10
13.0343103409,80.2121429443,48234,48254,20
13.0343103409,80.2121429443,48254,48264,10
13.0341300964,80.2120437622,48264,48274,10
13.0338602066,80.2120285034,48274,48284,10
13.0337095261,80.2120132446,48284,48295,11
13.0332803726,80.2119522095,48295,48305,10
13.0327796936,80.2118530273,48305,48315,10
13.0321502686,80.2117233276,48315,48325,10
13.0320100784,80.2111206055,48325,48335,10
13.0320596695,80.2104187012,48335,48345,10
13.0320901871,80.2097015381,48345,48355,10
13.0316095352,80.2095413208,48355,48365,10
13.0309400558,80.2093811035,48365,48375,10
13.0303401947,80.2092437744,48375,48385,10
13.0299596786,80.2090911865,48385,48395,10
13.0296001434,80.2089385986,48395,48416,21
13.0296001434,80.2089385986,48416,48426,10
13.0293397903,80.2088623047,48426,48436,10
13.0288200378,80.2087097168,48436,48446,10
13.0280704498,80.2085113525,48446,48456,10
13.0273399353,80.2081375122,48456,48466,10
13.0265102386,80.207649231,48466,48476,10
13.0256099701,80.2071914673,48476,48486,10
13.0247497559,80.2070236206,48486,48496,10
13.0242795944,80.2069396973,48496,48506,10
13.0235004425,80.2066497803,48506,48517,11
13.0227403641,80.2065124512,48517,48527,10
13.0220403671,80.2064285278,48527,48537,10
13.0216503143,80.2064437866,48537,48547,10
13.0210695267,80.2064437866,48547,48557,10
13.0202798843,80.2064285278,48557,48567,10
13.0192499161,80.2063674927,48567,48587,20
13.0192499161,80.2063674927,48587,48597,10
13.0190095901,80.206237793,48597,48607,10
13.0185403824,80.2060623169,48607,48617,10
13.0179595947,80.205909729,48617,48628,11
13.0173797607,80.2056732178,48628,48638,10
13.0168199539,80.205406189,48638,48647,9
13.0160303116,80.2051467896,48647,48658,11
13.0150299072,80.2048568726,48658,48668,10
13.0141496658,80.204536438,48668,48677,9
13.0136404037,80.2044219971,48677,48688,11
13.0135097504,80.2047195435,48688,48698,10
13.0133104324,80.205368042,48698,48708,10
13.0130901337,80.2061386108,48708,48718,10
13.013010025,80.2069396973,48718,48728,10
13.0129098892,80.207611084,48728,48738,10
13.012840271,80.2079162598,48738,48749,11
13.0128602982,80.208442688,48749,48759,10
13.0128898621,80.2087020874,48759,48769,10
13.0129499435,80.209197998,48769,48779,10
13.0132102966,80.2098083496,48779,48789,10
13.0131397247,80.2104415894,48789,48799,10
13.0128498077,80.2112503052,48799,48809,10
13.0123796463,80.2121200562,48809,48819,10
13.0119304657,80.2127609253,48819,48829,10
13.0118398666,80.2128372192,48829,48839,10
13.0115699768,80.2126617432,48839,48850,11
13.0110397339,80.2122573853,48850,48860,10
13.010430336,80.211807251,48860,48870,10
13.0100603104,80.2115020752,48870,48880,10
13.0099601746,80.2114181519,48880,48890,10
13.0095500946,80.2111282349,48890,48910,20
13.0095500946,80.2111282349,48910,48920,10
13.0093803406,80.2109603882,48920,48930,10
13.0092096329,80.2109603882,48930,48940,10
13.0090799332,80.211227417,48940,48950,10
13.0089597702,80.2115707397,48950,48960,10
13.0091400146,80.2120666504,48960,48971,11
13.0093698502,80.2128219604,48971,48981,10
13.0096502304,80.213508606,48981,48991,10
13.0099401474,80.2142105103,48991,49001,10
13.0101499557,80.2149505615,49001,49011,10
13.0102901459,80.2157974243,49011,49021,10
13.0107297897,80.2167282104,49021,49031,10
13.0111999512,80.2178497314,49031,49041,10
13.0116300583,80.2190628052,49041,49051,10
13.0119800568,80.2202072144,49051,49061,10
13.0122098923,80.2208862305,49061,49071,10
13.0123901367,80.2215576172,49071,49082,11
13.0127401352,80.2222213745,49082,49092,10
13.013469696,80.2229232788,49092,49102,10
13.0142002106,80.2237091064,49102,49112,10
13.0147199631,80.2242202759,49112,49122,10
13.0150499344,80.2247085571,49122,49132,10
13.0150699615,80.2247390747,49132,49142,10
13.0153303146,80.2249526978,49142,49152,10
13.0154399872,80.2253799438,49152,49162,10
13.0152196884,80.2258377075,49162,49172,10
13.0146198273,80.2260894775,49172,49182,10
13.0138998032,80.2263870239,49182,49193,11
13.0130300522,80.2267227173,49193,49203,10
13.0122699738,80.2270507813,49203,49213,10
13.0114097595,80.2273788452,49213,49223,10
13.0104703903,80.2277526855,49223,49233,10
13.0097503662,80.2279510498,49233,49243,10
13.0095701218,80.2274398804,49243,49253,10
13.0098199844,80.2268295288,49253,49263,10
13.0101995468,80.2260131836,49263,49273,10
13.0106201172,80.225112915,49273,49283,10
13.0109701157,80.2242279053,49283,49293,10
13.0111999512,80.2236480713,49293,49304,11
13.0113601685,80.2232818604,49304,49314,10
13.0111503601,80.2230606079,49314,49324,10
13.0106801987,80.2228469849,49324,49334,10
13.0100097656,80.2225112915,49334,49344,10
13.0092601776,80.2221069336,49344,49354,10
13.0084295273,80.2216567993,49354,49364,10
13.0075101852,80.2212219238,49364,49374,10
13.0064897537,80.2206878662,49374,49384,10
13.0053901672,80.220451355,49384,49394,10
13.0044002533,80.220199585,49394,49403,9
13.0034999847,80.2200012207,49403,49415,12
13.0024795532,80.2195281982,49415,49425,10
13.0017995834,80.2188034058,49425,49435,10
13.0009498596,80.2181930542,49435,49445,10
13.0001001358,80.2176513672,49445,49455,10
12.9991798401,80.2171173096,49455,49464,9
12.9982500076,80.2166976929,49464,49475,11
12.9974403381,80.2165298462,49475,49495,20
12.9974403381,80.2165298462,49495,49505,10
12.9972801208,80.2165222168,49505,49515,10
12.9968595505,80.2165374756,49515,49525,10
12.9963302612,80.2166900635,49525,49536,11
12.995349884,80.2169494629,49536,49546,10
12.9947004318,80.217338562,49546,49556,10
12.99421978,80.2176589966,49556,49566,10
12.9934501648,80.2182235718,49566,49576,10
12.9926996231,80.2187271118,49576,49586,10
12.9918899536,80.2193527222,49586,49596,10
12.9912099838,80.2195205688,49596,49606,10
12.990480423,80.2192382813,49606,49616,10
12.9896001816,80.2189178467,49616,49626,10
12.9885997772,80.2185516357,49626,49636,10
12.9869804382,80.2182769775,49636,49657,21
12.9869804382,80.2182769775,49657,49667,10
12.9866600037,80.2181930542,49667,49677,10
12.9861097336,80.2180480957,49677,49687,10
12.9852399826,80.2179412842,49687,49697,10
12.9842700958,80.217956543,49697,49707,10
12.9839897156,80.217956543,49707,49717,10
12.9839401245,80.217956543,49717,49727,10
12.9838104248,80.217956543,49727,49737,10
12.9835596085,80.2179718018,49737,49747,10
12.9829797745,80.217956543,49747,49758,11
12.9821300507,80.2179718018,49758,49768,10
12.9812498093,80.2181167603,49768,49778,10
12.9802999496,80.2184295654,49778,49788,10
12.9795198441,80.2187576294,49788,49798,10
12.9788398743,80.2190322876,49798,49808,10
12.9783802032,80.2192382813,49808,49818,10
12.9777002335,80.2194976807,49818,49828,10
12.9768400192,80.219833374,49828,49838,10
12.9756803513,80.2203903198,49838,49868,30
12.9756803513,80.2203903198,49868,49885,17
12.975520134,80.2208633423,49885,49897,12
12.9759597778,80.2212524414,49897,49907,10
12.9763298035,80.2216873169,49907,49928,21
12.9763298035,80.2216873169,49928,49938,10
12.9764699936,80.221862793,49938,49948,10
12.9766101837,80.2221603394,49948,49958,10
12.9768800735,80.2226409912,49958,49968,10
12.9772500992,80.2232589722,49968,49978,10
12.9776601791,80.2239379883,49978,49988,10
12.9781103134,80.2246398926,49988,49999,11
12.9786500931,80.2255401611,49999,50010,11
12.9791402817,80.2263870239,50010,50020,10
12.9796304703,80.2272033691,50020,50029,9
12.980050087,80.2278671265,50029,50040,11
12.9804000854,80.2284469604,50040,50050,10
12.9807796478,80.229057312,50050,50060,10
12.9811601639,80.2297210693,50060,50070,10
12.9816999435,80.2305374146,50070,50090,20
12.9816999435,80.2305374146,50090,50101,11
12.9817304611,80.2306518555,50101,50111,10
12.9818696976,80.2309799194,50111,50121,10
12.9820203781,80.231552124,50121,50131,10
12.9820299149,80.2323532104,50131,50141,10
12.9815998077,80.233543396,50141,50161,20
12.9815998077,80.233543396,50161,50171,10
12.9814195633,80.2338180542,50171,50181,10
12.9812202454,80.2344284058,50181,50191,10
12.9812202454,80.2352828979,50191,50201,10
12.9812602997,80.2362976074,50201,50212,11
12.9812898636,80.2375030518,50212,50222,10
12.9813203812,80.2384033203,50222,50232,10
12.9813203812,80.2386703491,50232,50242,10
12.9813299179,80.2387313843,50242,50252,10
12.9813299179,80.2391433716,50252,50262,10
12.9813604355,80.2398300171,50262,50272,10
12.9813899994,80.2406692505,50272,50282,10
12.9813995361,80.2416610718,50282,50292,10
12.9814195633,80.2428283691,50292,50312,20
12.9814195633,80.2428283691,50312,50323,11
12.9813699722,80.243019104,50323,50333,10
12.9813804626,80.2434463501,50333,50343,10
12.981300354,80.2441177368,50343,50353,10
12.9811897278,80.2449417114,50353,50363,10
12.9810695648,80.2459564209,50363,50373,10
12.9809598923,80.2471008301,50373,50383,10
12.9808797836,80.2480163574,50383,50393,10
12.9807500839,80.249420166,50393,50403,10
12.9805402756,80.2504501343,50403,50412,9
12.9802799225,80.2514190674,50412,50422,10
12.9801197052,80.2521972656,50422,50444,22
12.9801197052,80.2521972656,50444,50454,10
12.9800901413,80.2525024414,50454,50464,10
12.9802999496,80.2526321411,50464,50474,10
12.9807500839,80.2526473999,50474,50484,10
12.9814596176,80.2526321411,50484,50494,10
12.9822998047,80.2525863647,50494,50504,10
12.9828996658,80.252532959,50504,50514,10
12.9831199646,80.2525100708,50514,50611,97
12.9831199646,80.2525100708,50611,50623,12
12.9834604263,80.2524185181,50623,50631,8
12.9838600159,80.2523269653,50631,50643,12
12.9840803146,80.252281189,50643,50653,10
12.9841804504,80.2522735596,50653,50663,10
12.9842796326,80.2522277832,50663,50673,10
12.9843902588,80.2521972656,50673,50684,11
12.9845104218,80.252166748,50684,50704,20
12.9845104218,80.252166748,50704,50714,10
12.9847202301,80.2520980835,50714,50795,81
12.9847202301,80.2520980835,50795,50805,10
12.9849996567,80.2519989014,50805,50815,10
12.9853096008,80.2519226074,50815,50845,30
12.9853096008,80.2519226074,50845,50855,10
12.9855203629,80.2518615723,50855,50865,10
12.9859304428,80.2517623901,50865,50875,10
12.9866895676,80.2515792847,50875,50976,101
12.9866895676,80.2515792847,50976,50986,10
12.9867696762,80.2515716553,50986,50997,11
12.9871196747,80.2514801025,50997,51007,10
12.9875602722,80.251373291,51007,51017,10
12.987859726,80.2514419556,51017,51027,10
12.9879999161,80.2519226074,51027,51037,10
12.9880504608,80.2521209717,51037,51047,10
12.9880104065,80.2526168823,51047,51057,10
12.9879598618,80.2533493042,51057,51067,10
12.9878797531,80.2540206909,51067,51077,10
12.9878501892,80.2544403076,51077,51087,10
12.9878101349,80.2549591064,51087,51097,10
12.9877595901,80.2553787231,51097,51138,41
12.9877595901,80.2553787231,51138,51148,10
12.987660408,80.2555999756,51148,51208,60
12.987660408,80.2555999756,51208,51218,10
12.9876098633,80.2557525635,51218,51228,10
12.9875602722,80.2560806274,51228,51239,11
12.9875602722,80.2566833496,51239,51249,10
12.9874897003,80.2574386597,51249,51259,10
12.9874296188,80.2583007813,51259,51269,10
12.9873399734,80.2590408325,51269,51279,10
12.9872303009,80.2595214844,51279,51289,10
12.9872198105,80.2595672607,51289,51299,10
12.9871797562,80.2596817017,51299,51309,10
12.9871397018,80.2596817017,51309,51319,10
12.9868803024,80.2595901489,51319,51329,10
12.9865903854,80.2593994141,51329,53208,1879
12.9865903854,80.2593994141,53208,53218,10
12.9865598679,80.2592391968,53218,53228,10
12.986700058,80.2590637207,53228,53238,10
12.9869804382,80.2591094971,53238,53299,61
12.9869804382,80.2591094971,53299,53309,10
12.9873104095,80.2589874268,53309,53319,10
12.9873504639,80.2586593628,53319,53329,10
12.9874000549,80.2582473755,53329,53339,10
12.987449646,80.2578811646,53339,53349,10
12.9875001907,80.2572174072,53349,53359,10
12.9875602722,80.2564697266,53359,53370,11
12.9875602722,80.2559204102,53370,53380,10
12.9876499176,80.2555923462,53380,53390,10
12.9877195358,80.2550506592,53390,53400,10
12.9877996445,80.2543411255,53400,53410,10
12.9878702164,80.2534637451,53410,53420,10
12.987950325,80.2524414063,53420,53430,10
12.987859726,80.2517929077,53430,53440,10
12.9878501892,80.2517929077,53440,53450,10
12.9876699448,80.2516098022,53450,53460,10
12.9870595932,80.251663208,53460,53470,10
12.986240387,80.2518386841,53470,53481,11
12.9851903915,80.2520904541,53481,53490,9
12.9842500687,80.2523422241,53490,53501,11
12.9830598831,80.2525863647,53501,53511,10
12.9819202423,80.2526626587,53511,53521,10
12.9808597565,80.2526779175,53521,53531,10
12.980050087,80.2527236938,53531,53551,20
12.980050087,80.2527236938,53551,53561,10
12.9798498154,80.2526626587,53561,53571,10
12.9798402786,80.2526397705,53571,53581,10
12.9798898697,80.2524185181,53581,53592,11
12.9799098969,80.2522964478,53592,53602,10
12.9799404144,80.2521820068,53602,53612,10
12.9799995422,80.2519302368,53612,53622,10
12.9801502228,80.251449585,53622,53632,10
12.980389595,80.2506790161,53632,53642,10
12.980629921,80.2497024536,53642,53652,10
12.9807500839,80.2485733032,53652,53662,10
12.9808397293,80.2474136353,53662,53672,10
12.9809503555,80.2462234497,53672,53682,10
12.981089592,80.2450180054,53682,53692,10
12.981180191,80.2439575195,53692,53702,10
12.9812602997,80.2436828613,53702,53713,11
12.9813404083,80.2434768677,53713,53723,10
12.9813404083,80.2431030273,53723,53733,10
12.9813404083,80.2428512573,53733,53743,10
12.9813203812,80.2427520752,53743,53753,10
12.9813499451,80.242401123,53753,53763,10
12.9813299179,80.2417907715,53763,53773,10
12.9813404083,80.2410202026,53773,53783,10
12.9813203812,80.2401733398,53783,53793,10
12.9813203812,80.2396011353,53793,53803,10
12.981300354,80.2392501831,53803,53813,10
12.9812898636,80.2386474609,53813,53824,11
12.9812602997,80.23802948,53824,53834,10
12.9812498093,80.2379837036,53834,53844,10
12.9812498093,80.237701416,53844,53854,10
12.9812297821,80.2371673584,53854,53864,10
12.9812202454,80.2364425659,53864,53874,10
12.9811897278,80.2356414795,53874,53884,10
12.981180191,80.2347564697,53884,53894,10
12.9813098907,80.2339782715,53894,53904,10
12.9816102982,80.2333526611,53904,53914,10
12.9816303253,80.2333221436,53914,53924,10
12.9817304611,80.2331314087,53924,53935,11
12.9819097519,80.2326583862,53935,53945,10
12.9819602966,80.2321395874,53945,53955,10
12.9819602966,80.2316589355,53955,53965,10
12.9818897247,80.2312011719,53965,53975,10
12.981710434,80.230758667,53975,53991,16
12.9813804626,80.2302017212,53991,54003,12
12.9809398651,80.2294998169,54003,54011,8
12.980799675,80.2292404175,54011,54023,12
12.9806404114,80.2289962769,54023,54033,10
12.9806003571,80.2289123535,54033,54043,10
12.9804801941,80.2286987305,54043,54053,10
12.9802904129,80.2283477783,54053,54064,11
12.9800596237,80.2279281616,54064,54074,10
12.9796895981,80.2273330688,54074,54083,9
12.9793195724,80.2267227173,54083,54094,11
12.9788599014,80.2259292603,54094,54103,9
12.9784603119,80.2252502441,54103,54114,11
12.9780197144,80.2245483398,54114,54124,10
12.977640152,80.223991394,54124,54134,10
12.9772901535,80.2234191895,54134,54144,10
12.9769296646,80.2227783203,54144,54154,10
12.9767303467,80.2225036621,54154,54165,11
12.9764699936,80.2220611572,54165,54175,10
12.9761600494,80.2215805054,54175,54185,10
12.9757995605,80.2211380005,54185,54195,10
12.975689888,80.2210235596,54195,54205,10
12.9754800797,80.2208023071,54205,54306,101
12.9754800797,80.2208023071,54306,54316,10
12.9753398895,80.2204971313,54316,54326,10
12.9754495621,80.220413208,54326,54336,10
12.9756803513,80.2202377319,54336,54346,10
12.9761199951,80.2201004028,54346,54356,10
12.976770401,80.2197875977,54356,54366,10
12.9776096344,80.2193984985,54366,54376,10
12.9784402847,80.2190628052,54376,54387,11
12.9788599014,80.218963623,54387,54397,10
12.9796199799,80.2186508179,54397,54407,10
12.9804601669,80.2182998657,54407,54417,10
12.9814596176,80.217956543,54417,54427,10
12.9823303223,80.2178573608,54427,54437,10
12.9830598831,80.2178573608,54437,54447,10
12.9836597443,80.2178268433,54447,54457,10
12.983710289,80.2178268433,54457,54467,10
12.9839801788,80.2178421021,54467,54477,10
12.9844303131,80.2178421021,54477,54487,10
12.9849700928,80.2178497314,54487,54498,11
12.9857501984,80.217880249,54498,54508,10
12.9864797592,80.2180633545,54508,54518,10
12.987159729,80.218208313,54518,54528,10
12.9873304367,80.2182312012,54528,54538,10
12.9874296188,80.2182235718,54538,54548,10
12.9877996445,80.2183380127,54548,54558,10
12.9884395599,80.2185134888,54558,54568,10
12.9892196655,80.2187728882,54568,54578,10
12.9901304245,80.2190628052,54578,54588,10
12.9910697937,80.2193603516,54588,54598,10
12.9917802811,80.2193832397,54598,54609,11
12.9924201965,80.2189178467,54609,54619,10
12.9930496216,80.218421936,54619,54629,10
12.993639946,80.2178192139,54629,54639,10
12.9941701889,80.2175216675,54639,54649,10
12.9946298599,80.2171936035,54649,54659,10
12.9951896667,80.2168197632,54659,54669,10
12.9958095551,80.2166213989,54669,54679,10
12.9965801239,80.2164993286,54679,54689,10
12.9973802567,80.2161712646,54689,54709,20
12.9973802567,80.2161712646,54709,54720,11
12.9977397919,80.2158279419,54720,54730,10
12.9981203079,80.2154693604,54730,54740,10
12.9986801147,80.2150268555,54740,54750,10
12.9990797043,80.2146682739,54750,54760,10
12.9993801117,80.2143630981,54760,54770,10
12.9998197556,80.214012146,54770,54780,10
13.0003204346,80.2135925293,54780,54790,10
13.0008897781,80.2130813599,54790,54800,10
13.0012798309,80.2127304077,54800,54810,10
13.0018196106,80.2123794556,54810,54820,10
13.0023403168,80.212097168,54820,54831,11
13.0032100677,80.2120437622,54831,54841,10
13.0035600662,80.2118301392,54841,54851,10
13.0036201477,80.2113800049,54851,54861,10
13.0035600662,80.2106170654,54861,54871,10
13.003490448,80.2098464966,54871,54881,10
13.0035896301,80.2090911865,54881,54891,10
13.0040302277,80.2086410522,54891,54901,10
13.0048599243,80.2090072632,54901,54911,10
13.0058002472,80.2093963623,54911,54921,10
13.0066995621,80.2097091675,54921,54931,10
13.0073003769,80.2097930908,54931,54962,31
13.0073003769,80.2097930908,54962,54972,10
13.0076704025,80.2098693848,54972,54982,10
13.0080900192,80.2099609375,54982,54992,10
13.0081100464,80.2096786499,54992,55002,10
13.0080099106,80.2091369629,55002,55012,10
13.0078601837,80.2083892822,55012,55022,10
13.0077295303,80.2073822021,55022,55032,10
13.0075902939,80.2063522339,55032,55042,10
13.0075101852,80.2052764893,55042,55052,10
13.0075101852,80.2043380737,55052,55063,11
13.0074100494,80.2033996582,55063,55073,10
13.0071296692,80.2025985718,55073,55083,10
13.0065202713,80.2028427124,55083,55092,9
13.0066995621,80.2033233643,55092,55102,10
13.0073003769,80.2036209106,55102,55113,11
13.0080099106,80.203742981,55113,55123,10
13.0089597702,80.2036590576,55123,55133,10
13.0100402832,80.2035980225,55133,55143,10
13.0111904144,80.2036514282,55143,55153,10
13.0123796463,80.2038269043,55153,55163,10
13.0133600235,80.2041015625,55163,55174,11
13.0139703751,80.2043228149,55174,55184,10
13.0145797729,80.2044677734,55184,55204,20
13.0145797729,80.2044677734,55204,55214,10
13.0147895813,80.204536438,55214,55224,10
13.0152702332,80.2046813965,55224,55234,10
13.0158500671,80.2049636841,55234,55244,10
13.0163898468,80.2052230835,55244,55254,10
13.0171203613,80.2054595947,55254,55264,10
13.0179796219,80.2057189941,55264,55274,10
13.0184497833,80.2058563232,55274,55292,18
13.0184497833,80.2058563232,55292,55305,13
13.0190000534,80.2060623169,55305,55315,10
13.0197095871,80.2062225342,55315,55325,10
13.0204696655,80.2062911987,55325,55335,10
13.0212402344,80.2063064575,55335,55345,10
13.0217599869,80.2063064575,55345,55355,10
13.022310257,80.2065200806,55355,55365,10
13.0231304169,80.2066421509,55365,55375,10
13.0239200592,80.2066802979,55375,55385,10
13.0242300034,80.2067184448,55385,55396,11
13.0244398117,80.20677948,55396,55406,10
13.0248804092,80.2069168091,55406,55416,10
13.0256700516,80.2071609497,55416,55426,10
13.0264902115,80.2076034546,55426,55436,10
13.0273704529,80.2081069946,55436,55446,10
13.0282697678,80.2085418701,55446,55456,10
13.0291404724,80.2087631226,55456,55466,10
13.0297803879,80.2089614868,55466,55476,10
13.03028965,80.2090530396,55476,55486,10
13.0310096741,80.2092819214,55486,55496,10
13.0315599442,80.2094421387,55496,55507,11
13.0316095352,80.2094573975,55507,55517,10
13.0319404602,80.2095565796,55517,55527,10
13.0324802399,80.2096405029,55527,55537,10
13.0331497192,80.2098236084,55537,55547,10
13.0340995789,80.2099533081,55547,55556,9
13.0348596573,80.2101211548,55556,55567,11
13.0349597931,80.2104568481,55567,55577,10
13.0349197388,80.2112197876,55577,55597,20
13.0349197388,80.2112197876,55597,55607,10
13.0348501205,80.2115402222,55607,55618,11
13.0349502563,80.2121200562,55618,55628,10
13.0355701447,80.2121429443,55628,55638,10
13.0362997055,80.2121582031,55638,55648,10
13.0369796753,80.2121429443,55648,55658,10
13.0378799438,80.2121200562,55658,55668,10
13.0388402939,80.2121734619,55668,55678,10
13.0397596359,80.2122192383,55678,55688,10
13.0408401489,80.2123184204,55688,55698,10
13.0418996811,80.2125320435,55698,55708,10
13.0433797836,80.2125473022,55708,55728,20
13.0435600281,80.2122192383,55728,55769,41
13.0435600281,80.2122192383,55769,55779,10
13.0438804626,80.2121734619,55779,55789,10
13.0442800522,80.2121887207,55789,55805,16
13.04529953,80.2122116089,55805,55817,12
13.0462503433,80.2122192383,55817,55827,10
13.0467300415,80.2122116089,55827,55837,10
13.0472602844,80.2121276855,55837,55848,11
13.0483798981,80.2119598389,55848,55868,20
13.0483798981,80.2119598389,55868,55878,10
13.0486698151,80.2119674683,55878,55888,10
13.0494499207,80.2118835449,55888,55928,40
13.0494499207,80.2118835449,55928,55938,10
13.0496797562,80.2118606567,55938,55948,10
13.0498800278,80.2118835449,55948,55959,11
13.0501298904,80.2119216919,55959,55969,10
13.0504999161,80.2118988037,55969,55979,10
13.0509796143,80.2119216919,55979,55989,10
13.0519599915,80.2118606567,55989,55999,10
13.0529499054,80.211807251,55999,56009,10
13.0539798737,80.2115783691,56009,56019,10
13.0549602509,80.21144104,56019,56029,10
13.0558795929,80.2114181519,56029,56039,10
13.0566997528,80.2113800049,56039,56049,10
13.0574398041,80.2114028931,56049,56059,10
13.0575399399,80.2114028931,56059,56070,11
13.057970047,80.2114334106,56070,56080,10
13.0586595535,80.2114715576,56080,56090,10
13.0594100952,80.2115707397,56090,56100,10
13.060259819,80.2115936279,56100,56110,10
13.0611400604,80.2116088867,56110,56120,10
13.0619602203,80.2116775513,56120,56130,10
13.0627803802,80.2116928101,56130,56139,9
13.0632801056,80.2115936279,56139,56149,10
13.0634803772,80.2115402222,56149,56160,11
13.0640602112,80.2114486694,56160,56170,10
13.0647497177,80.2111816406,56170,56181,11
13.0655202866,80.2106781006,56181,56191,10
13.0662498474,80.2100372314,56191,56201,10
13.0669803619,80.2093887329,56201,56211,10
13.0672397614,80.2089385986,56211,56221,10
13.0674295425,80.2085800171,56221,56231,10
13.067779541,80.2080307007,56231,56241,10
13.0682001114,80.2073822021,56241,56250,9
13.0686798096,80.2066879272,56250,56262,12
13.0692396164,80.2057723999,56262,56272,10
13.0696401596,80.205078125,56272,56303,31
13.0696401596,80.205078125,56303,56313,10
13.0696697235,80.2048568726,56313,56323,10
13.0693397522,80.2048492432,56323,56333,10
13.0690603256,80.2053070068,56333,56343,10
13.0687198639,80.2052307129,56343,56353,10
13.0685100555,80.2051620483,56353,56888,535
13.0680999756,80.2051620483,56888,57796,908
13.0680999756,80.2051620483,57796,57806,10
13.0679702759,80.2049789429,57806,57947,141
13.0683202744,80.2049484253,57947,57998,51
13.0683202744,80.2049484253,57998,58008,10
13.0684204102,80.2049179077,58008,58018,10
13.0687398911,80.2048187256,58018,58068,50
13.068860054,80.2047805786,58068,58088,20
13.068860054,80.2047805786,58088,58099,11
13.0691204071,80.2047424316,58099,58109,10
13.069439888,80.204788208,58109,58119,10
13.0697603226,80.2049026489,58119,58159,40
13.0697603226,80.2049026489,58159,58169,10
13.069849968,80.2052078247,58169,58179,10
13.0695400238,80.2056808472,58179,58189,10
13.0691099167,80.2063598633,58189,58198,9
13.0686302185,80.2070999146,58198,58210,12
13.0679302216,80.2082519531,58210,58220,10
13.06731987,80.2092132568,58220,58230,10
13.0665998459,80.2101287842,58230,58240,10
13.0657100677,80.2108764648,58240,58250,10
13.065079689,80.2114028931,58250,58260,10
13.0649499893,80.2114334106,58260,58269,9
13.064620018,80.2115478516,58269,58280,11
13.063750267,80.2117233276,58280,58321,41
13.063750267,80.2117233276,58321,58331,10
13.0633802414,80.2117385864,58331,58341,10
13.0627603531,80.2117919922,58341,58351,10
13.0621595383,80.211807251,58351,58361,10
13.0610303879,80.2117919922,58361,58371,10
13.0598802567,80.2117614746,58371,58381,10
13.0587797165,80.211730957,58381,58391,10
13.0578899384,80.2116928101,58391,58407,16
13.0574798584,80.2116928101,58407,58419,12
13.0569801331,80.2116775513,58419,58429,10
13.0562801361,80.2116775513,58429,58438,9
13.0555496216,80.2116470337,58438,58449,11
13.0544996262,80.2116394043,58449,58459,10
13.0536003113,80.2117919922,58459,58470,11
13.0527496338,80.2120132446,58470,58480,10
13.0520401001,80.2121734619,58480,58490,10
13.0514802933,80.2121887207,58490,58500,10
13.0508003235,80.2121734619,58500,58510,10
13.0500297546,80.2121582031,58510,58520,10
13.0495595932,80.2122116089,58520,58551,31
13.0495595932,80.2122116089,58551,58560,9
13.0493402481,80.2121887207,58560,58571,11
13.0488595963,80.2121887207,58571,58581,10
13.0481901169,80.2122192383,58581,58591,10
13.0473299026,80.212272644,58591,58601,10
13.046380043,80.2123031616,58601,58611,10
13.0453996658,80.2123718262,58611,58621,10
13.0447397232,80.212387085,58621,58631,10
13.0440397263,80.212387085,58631,58641,10
13.0432195663,80.2124023438,58641,58651,10
13.0421895981,80.2124404907,58651,58662,11
13.0409898758,80.2124176025,58662,58672,10
13.0400600433,80.2124710083,58672,58682,10
13.0390796661,80.2124404907,58682,58692,10
13.0381002426,80.2124404907,58692,58702,10
13.0375299454,80.2124328613,58702,58781,79
13.0375299454,80.2124328613,58781,58791,10
13.0373802185,80.212387085,58791,58801,10
13.0369701385,80.2123565674,58801,58811,10
13.0363798141,80.2123565674,58811,58820,9
13.0355501175,80.212348938,58820,58831,11
13.0349502563,80.2123031616,58831,58841,10
13.034119606,80.2121429443,58841,58861,20
13.034119606,80.2121429443,58861,58871,10
13.0338897705,80.212097168,58871,58882,11
13.0333404541,80.2119827271,58882,58892,10
13.0325698853,80.2118377686,58892,58902,10
13.0319700241,80.2115783691,58902,58912,10
13.0320501328,80.2109375,58912,58922,10
13.0320796967,80.2101821899,58922,58932,10
13.0319004059,80.2096328735,58932,58942,10
13.03125,80.2094192505,58942,58952,10
13.0304803848,80.2092514038,58952,58962,10
13.0300502777,80.2091217041,58962,58972,10
13.0296697617,80.2090072632,58972,58982,10
13.0295696259,80.2089767456,58982,58998,16
13.0290403366,80.2088394165,58998,59011,13
13.0280199051,80.2085189819,59011,59021,10
13.0272197723,80.2081069946,59021,59031,10
13.026309967,80.2075576782,59031,59041,10
13.0254001617,80.2071075439,59041,59051,10
13.024720192,80.206993103,59051,59061,10
13.0243701935,80.2069396973,59061,59071,10
13.0242700577,80.2069473267,59071,59081,10
13.0239200592,80.2068786621,59081,59091,10
13.0233001709,80.2067337036,59091,59101,10
13.0225200653,80.2065582275,59101,59112,11
13.0216999054,80.2065200806,59112,59120,8
13.0211000443,80.2065124512,59120,59132,12
13.0199899673,80.20652771,59132,59142,10
13.0191602707,80.2063980103,59142,59152,10
13.0191202164,80.2063674927,59152,59162,10
13.0188102722,80.206237793,59162,59172,10
13.0182104111,80.2060623169,59172,59182,10
13.0176801682,80.2058792114,59182,59192,10
13.01720047,80.2056808472,59192,59202,10
13.0167198181,80.205406189,59202,59212,10
13.0160198212,80.2051391602,59212,59222,10
13.0151700974,80.2049102783,59222,59233,11
13.0141601563,80.2045898438,59233,59243,10
13.0136098862,80.204536438,59243,59253,10
13.0135498047,80.2046813965,59253,59263,10
13.0134496689,80.2050323486,59263,59273,10
13.0132703781,80.2056503296,59273,59283,10
13.0130596161,80.2064819336,59283,59293,10
13.0129995346,80.2073898315,59293,59303,10
13.0128898621,80.2078399658,59303,59313,10
13.0129098892,80.2082519531,59313,59323,10
13.0128898621,80.2085876465,59323,59333,10
13.0129098892,80.2089767456,59333,59344,11
13.0131702423,80.2096176147,59344,59354,10
13.0131998062,80.2102813721,59354,59364,10
13.0129899979,80.2110671997,59364,59374,10
13.0125198364,80.2119216919,59374,59390,16
13.0118598938,80.2128295898,59390,59402,12
13.011639595,80.2127609253,59402,59412,10
13.0113401413,80.2125167847,59412,59422,10
13.0107498169,80.212059021,59422,59432,10
13.0103702545,80.2117614746,59432,59442,10
13.0100803375,80.2115325928,59442,59504,62
13.0100803375,80.2115325928,59504,59514,10
13.0097799301,80.2112579346,59514,59524,10
13.0096302032,80.211151123,59524,59534,10
13.0095596313,80.2110900879,59534,59544,10
13.0093803406,80.2110824585,59544,59554,10
13.0091600418,80.2113800049,59554,59565,11
13.0090904236,80.211807251,59565,59575,10
13.0092802048,80.2124099731,59575,59585,10
13.0095100403,80.2131195068,59585,59595,10
13.0097799301,80.2138214111,59595,59605,10
13.0100898743,80.2145309448,59605,59615,10
13.010219574,80.2153167725,59615,59625,10
13.0105104446,80.216293335,59625,59635,10
13.0110197067,80.2173995972,59635,59645,10
13.0114898682,80.2186279297,59645,59655,10
13.0118904114,80.2197875977,59655,59665,10
13.0122203827,80.2207794189,59665,59675,10
13.0123500824,80.2213973999,59675,59686,11
13.0126495361,80.2218933105,59686,59696,10
13.0130596161,80.2224578857,59696,59706,10
13.0136098862,80.2230606079,59706,59716,10
13.0141401291,80.223739624,59716,59726,10
13.0147104263,80.2243881226,59726,59736,10
13.0154600143,80.2253570557,59736,59756,20
13.0154600143,80.2253570557,59756,59766,10
13.0154304504,80.2255935669,59766,59776,10
13.0151596069,80.2258911133,59776,59787,11
13.0146903992,80.2260437012,59787,59797,10
13.0141401291,80.2262420654,59797,59807,10
13.0136003494,80.2264404297,59807,59817,10
13.0130796432,80.2266693115,59817,59827,10
13.0123996735,80.2269592285,59827,59837,10
13.0116596222,80.2272491455,59837,59847,10
13.0107603073,80.2275924683,59847,59857,10
13.0100603104,80.2278823853,59857,59867,10
13.0095901489,80.2278518677,59867,59877,10
13.009519577,80.2275238037,59877,59887,10
13.0097398758,80.2270889282,59887,59898,11
13.0100603104,80.2263717651,59898,59908,10
13.0104198456,80.2255477905,59908,59918,10
13.010720253,80.2247467041,59918,59928,10
13.0109901428,80.2240829468,59928,59938,10
13.0112695694,80.2234115601,59938,59948,10
13.0110397339,80.2230606079,59948,59958,10
13.010430336,80.2227630615,59958,59968,10
13.0096902847,80.2223587036,59968,59978,10
13.0088300705,80.2218933105,59978,59988,10
13.0078401566,80.2213821411,59988,59998,10
13.0068597794,80.2208709717,59998,60009,11
13.0058803558,80.2205581665,60009,60019,10
13.0049800873,80.2203598022,60019,60029,10
13.0040798187,80.220161438,60029,60039,10
13.0032196045,80.2199325562,60039,60049,10
13.0023498535,80.2194290161,60049,60059,10
13.0016498566,80.2186737061,60059,60069,10
13.0007696152,80.2180633545,60069,60079,10
12.9999198914,80.2175292969,60079,60089,10
12.9991598129,80.2170791626,60089,60099,10
12.9980697632,80.2166137695,60099,60109,10
12.9975404739,80.2165374756,60109,60119,10
12.9973297119,80.2165374756,60119,60130,11
12.9968595505,80.2165374756,60130,60140,10
12.9965600967,80.2165679932,60140,60150,10
12.9961204529,80.2166595459,60150,60160,10
12.9954595566,80.2168426514,60160,60170,10
12.9950799942,80.217048645,60170,60180,10
12.9947900772,80.2172470093,60180,60189,9
12.9944601059,80.2174835205,60189,60199,10
12.9941396713,80.2177429199,60199,60210,11
12.9939002991,80.2179336548,60210,60220,10
12.9938097,80.2179870605,60220,60230,10
12.9936599731,80.2180786133,60230,60241,11
12.9934396744,80.2182235718,60241,60251,10
12.9931297302,80.2184524536,60251,60261,10
12.9928102493,80.2186965942,60261,60271,10
12.9923400879,80.2190628052,60271,60281,10
12.9917097092,80.2195205688,60281,60291,10
12.9914302826,80.2196426392,60291,60301,10
12.9910297394,80.2194976807,60301,60311,10
12.9910097122,80.2194900513,60311,60321,10
12.9907598495,80.2193527222,60321,60331,10
12.9902200699,80.2191772461,60331,60342,11
12.9893798828,80.2188873291,60342,60352,10
12.9884395599,80.2185592651,60352,60362,10
12.9875001907,80.2183609009,60362,60372,10
12.9870004654,80.2182922363,60372,60382,10
12.9868803024,80.2182693481,60382,60392,10
12.9864196777,80.2181472778,60392,60402,10
12.9856300354,80.217956543,60402,60412,10
12.9840202332,80.2179794312,60412,60432,20
12.9840202332,80.2179794312,60432,60442,10
12.9838199615,80.2179718018,60442,60452,10
12.9832897186,80.2179718018,60452,60463,11
12.9824304581,80.217956543,60463,60473,10
12.9814395905,80.2180480957,60473,60483,10
12.9804401398,80.2183837891,60483,60493,10
12.9796199799,80.218711853,60493,60503,10
12.9789400101,80.2189788818,60503,60512,9
12.9785203934,80.2191467285,60512,60523,11
12.9778795242,80.2194213867,60523,60533,10
12.9769802094,80.2197875977,60533,60543,10
12.9760398865,80.2201919556,60543,60553,10
12.975520134,80.2205581665,60553,60563,10
12.9754800797,80.2207870483,60563,60574,11
12.9757099152,80.2210235596,60574,60584,10
12.9759702682,80.2213134766,60584,60594,10
12.9761104584,80.2214736938,60594,60604,10
12.9763698578,80.2218017578,60604,60614,10
12.9763803482,80.2218170166,60614,60624,10
12.9764299393,80.2219161987,60624,60634,10
12.9766302109,80.2223205566,60634,60644,10
12.9770202637,80.2229385376,60644,60654,10
12.9774999619,80.2237167358,60654,60664,10
12.9780597687,80.2245788574,60664,60674,10
12.9785003662,80.2253036499,60674,60685,11
12.979060173,80.2262191772,60685,60695,10
12.9794101715,80.2267684937,60695,60705,10
12.9796600342,80.2272186279,60705,60715,10
12.9800195694,80.2277984619,60715,60725,10
12.9805002213,80.2286224365,60725,60735,10
12.980890274,80.2292785645,60735,60745,10
12.9812898636,80.2299499512,60745,60755,10
12.9817399979,80.2306213379,60755,60765,10
12.982000351,80.2312927246,60765,60775,10
12.9820404053,80.2321395874,60775,60785,10
12.9816102982,80.2335891724,60785,60806,21
12.9816102982,80.2335891724,60806,60816,10
12.981590271,80.2336273193,60816,60826,10
12.9813995361,80.2340011597,60826,60836,10
12.9812297821,80.2346801758,60836,60846,10
12.9812202454,80.235496521,60846,60856,10
12.9812698364,80.2363815308,60856,60866,10
12.9812803268,80.237449646,60866,60876,10
12.9813098907,80.2383880615,60876,60886,10
12.9813203812,80.2387313843,60886,60896,10
12.9813098907,80.2389297485,60896,60907,11
12.9813299179,80.2395324707,60907,60917,10
12.9813499451,80.240196228,60917,60927,10
12.9813604355,80.2409973145,60927,60937,10
12.9813699722,80.2416610718,60937,60947,10
12.9813699722,80.2416915894,60947,60957,10
12.9813699722,80.2419204712,60957,60967,10
12.9813804626,80.2422866821,60967,60977,10
12.9813899994,80.2424926758,60977,60987,10
12.9813995361,80.2426071167,60987,60997,10
12.9813899994,80.2429275513,60997,61007,10
12.9813804626,80.2434616089,61007,61018,11
12.9812602997,80.2443008423,61018,61028,10
12.9811296463,80.245262146,61028,61038,10
12.981010437,80.2463531494,61038,61048,10
12.9809103012,80.247467041,61048,61058,10
12.9808397293,80.2484130859,61058,61068,10
12.9806900024,80.2498092651,61068,61078,10
12.9804496765,80.2508087158,61078,61088,10
12.9802103043,80.251739502,61088,61098,10
12.9801397324,80.2521591187,61098,61108,10
12.9801197052,80.2521972656,61108,61118,10
12.9800796509,80.2523727417,61118,61128,10
12.9801998138,80.252571106,61128,61139,11
12.9806699753,80.2526702881,61139,61149,10
12.9813899994,80.2526473999,61149,61159,10
12.9823198318,80.2526168823,61159,61169,10
12.9833602905,80.2525405884,61169,61179,10
12.9842195511,80.2523193359,61179,61189,10
12.9849395752,80.2520980835,61189,61199,10
12.9856004715,80.2519226074,61199,61209,10
12.9861001968,80.2517776489,61209,61219,10
12.986700058,80.2516479492,61219,61229,10
12.9872398376,80.2514877319,61229,61240,11
12.9876403809,80.2513809204,61240,61250,10
12.9878997803,80.2515106201,61250,61260,10
12.9879798889,80.2518386841,61260,61270,10
12.9880399704,80.2522735596,61270,61280,10
12.9879598618,80.2530136108,61280,61290,10
12.9878501892,80.2540969849,61290,61431,141
12.9878501892,80.2540969849,61431,61441,10
12.9877901077,80.25415802,61441,61451,10
12.9877796173,80.2545166016,61451,61461,10
12.9877300262,80.2551727295,61461,61472,11
12.9876499176,80.2559127808,61472,61482,10
12.987569809,80.2566680908,61482,61492,10
12.9875001907,80.2574310303,61492,61502,10
12.9874401093,80.2583007813,61502,61512,10
12.9872903824,80.2593078613,61512,61532,20
12.9872903824,80.2593078613,61532,61542,10
12.9872999191,80.2593383789,61542,61552,10
12.9872198105,80.2595825195,61552,61572,20
12.9872198105,80.2595825195,61572,61583,11
12.9867296219,80.2595291138,61583,61754,171
12.9866104126,80.2593307495,61754,62047,293
12.9866104126,80.2593307495,62047,62057,10
12.9865903854,80.2594985962,62057,62491,434
12.9865903854,80.2594985962,62491,62501,10
12.9865999222,80.2593231201,62501,62571,70
12.9865999222,80.2593231201,62571,62581,10
12.9867897034,80.2591018677,62581,62612,31
12.9867897034,80.2591018677,62612,62622,10
12.9872303009,80.2591629028,62622,62632,10
12.9873600006,80.2590637207,62632,62642,10
12.9873600006,80.2588272095,62642,62652,10
12.9873800278,80.2586212158,62652,62662,10
12.9873895645,80.2584609985,62662,62672,10
12.9874200821,80.2582092285,62672,62682,10
12.987449646,80.2577362061,62682,62692,10
12.9874801636,80.2571792603,62692,62753,61
12.9875602722,80.2571182251,62753,62773,20
12.9875602722,80.2571182251,62773,62783,10
12.9876003265,80.2569732666,62783,62793,10
12.9876298904,80.2566375732,62793,62803,10
12.9876003265,80.2560195923,62803,62814,11
12.9876003265,80.2558898926,62814,62824,10
12.9876003265,80.255859375,62824,62834,10
12.9877099991,80.2554321289,62834,62844,10
12.9877099991,80.2548980713,62844,62854,10
12.9877195358,80.254737854,62854,62864,10
12.9877996445,80.2542190552,62864,62874,10
12.9878501892,80.2534484863,62874,62884,10
12.987830162,80.2518463135,62884,62924,40
12.987830162,80.2518463135,62924,62935,11
12.9874401093,80.2515869141,62935,62945,10
12.9868297577,80.2516784668,62945,62955,10
12.9860897064,80.2518615723,62955,62965,10
12.9852104187,80.2520980835,62965,62975,10
12.9841995239,80.2523727417,62975,62985,10
12.9831895828,80.2526092529,62985,62995,10
12.9821395874,80.2526779175,62995,63006,11
12.9812498093,80.2527008057,63006,63015,9
12.9805698395,80.2527313232,63015,63026,11
12.9802799225,80.2527389526,63026,63037,11
12.9799203873,80.2523727417,63037,63057,20
12.9799203873,80.2523727417,63057,63066,9
12.9799404144,80.2522735596,63066,63077,11
12.9799804688,80.2520828247,63077,63087,10
12.980099678,80.2516403198,63087,63097,10
12.9803199768,80.2509994507,63097,63107,10
12.9805297852,80.2502212524,63107,63117,10
12.9807100296,80.2492980957,63117,63127,10
12.9807901382,80.2483825684,63127,63137,10
12.9808597565,80.2472000122,63137,63148,11
12.9809799194,80.2460021973,63148,63158,10
12.9811201096,80.2449188232,63158,63168,10
12.9812002182,80.2440032959,63168,63178,10
12.9812202454,80.2437210083,63178,63188,10
12.9812898636,80.2436218262,63188,63198,10
12.9813404083,80.2432785034,63198,63218,20
12.9813404083,80.2432785034,63218,63228,10
12.9813404083,80.2432479858,63228,63238,10
12.9813604355,80.2428894043,63238,63259,21
12.9813604355,80.2428894043,63259,63269,10
12.9813499451,80.2428207397,63269,63279,10
12.9813699722,80.2425689697,63279,63289,10
12.9813499451,80.2421112061,63289,63299,10
12.9813499451,80.2414016724,63299,63309,10
12.9813604355,80.2405776978,63309,63325,16
12.9813203812,80.2394180298,63325,63337,12
12.981300354,80.2386703491,63337,63345,8
12.9812898636,80.2381896973,63345,63357,12
12.9812803268,80.237991333,63357,63367,10
12.9812602997,80.2378616333,63367,63378,11
12.9812602997,80.2375030518,63378,63388,10
12.9812498093,80.236907959,63388,63398,10
12.9812402725,80.2362365723,63398,63408,10
12.9812097549,80.2356109619,63408,63418,10
12.9812002182,80.2347564697,63418,63428,10
12.9813404083,80.2339477539,63428,63438,10
12.9814300537,80.233757019,63438,63448,10
12.9814901352,80.2336425781,63448,63458,10
12.9815196991,80.2335662842,63458,63468,10
12.9815998077,80.2333984375,63468,63479,11
12.9816999435,80.2331924438,63479,63489,10
12.9818401337,80.2328567505,63489,63499,10
12.9819297791,80.2326202393,63499,63509,10
12.982000351,80.2323074341,63509,63519,10
12.9819803238,80.2319793701,63519,63529,10
12.9819602966,80.2316818237,63529,63539,10
12.9819402695,80.2313919067,63539,63549,10
12.9818096161,80.2309570313,63549,63559,10
12.9816598892,80.2306976318,63559,63569,10
12.9814100266,80.2302474976,63569,63579,10
12.9810400009,80.2296524048,63579,63590,11
12.9808301926,80.2292633057,63590,63600,10
12.9807796478,80.2291870117,63600,63610,10
12.9807100296,80.2291107178,63610,63620,10
12.9806900024,80.2290802002,63620,63630,10
12.9805603027,80.228843689,63630,63640,10
12.9803199768,80.2285003662,63640,63650,10
12.9801597595,80.2281188965,63650,63660,10
12.9798698425,80.2276535034,63660,63670,10
12.9797496796,80.227432251,63670,63680,10
12.9794902802,80.2269897461,63680,63690,10
12.9791002274,80.2263412476,63690,63700,10
12.9786300659,80.2255477905,63700,63711,11
12.9781799316,80.2248077393,63711,63721,10
12.97797966,80.2245178223,63721,63731,10
12.9778003693,80.224281311,63731,63741,10
12.9777002335,80.2240829468,63741,63751,10
12.9774303436,80.2236175537,63751,63761,10
12.9770803452,80.2230606079,63761,63771,10
12.9768695831,80.2227172852,63771,63781,10
12.9767303467,80.2224884033,63781,63791,10
12.9764604568,80.2220611572,63791,63807,16
12.9763202667,80.2218399048,63807,63820,13
12.976149559,80.2216567993,63820,63849,29
12.976149559,80.2216567993,63849,63860,11
12.9760198593,80.2214584351,63860,63870,10
12.9759397507,80.2212982178,63870,63880,10
12.9758796692,80.221206665,63880,63890,10
12.9756298065,80.220993042,63890,63910,20
12.9756298065,80.220993042,63910,63920,10
12.9754800797,80.2208862305,63920,63931,11
12.9753198624,80.220703125,63931,63941,10
12.9755601883,80.2203979492,63941,63951,10
12.9758701324,80.2202072144,63951,63961,10
12.9764404297,80.2199401855,63961,63971,10
12.9771604538,80.2196426392,63971,63981,10
12.9780101776,80.219291687,63981,63991,10
12.9785995483,80.2190475464,63991,64001,10
12.9790296555,80.2188796997,64001,64011,10
12.9796800613,80.2186279297,64011,64021,10
12.9801597595,80.218421936,64021,64030,9
12.9806404114,80.2182388306,64030,64042,12
12.9814100266,80.2179718018,64042,64052,10
12.9821796417,80.2178421021,64052,64062,10
12.9826402664,80.2178268433,64062,64072,10
12.9833097458,80.2178115845,64072,64082,10
12.9837198257,80.2177886963,64082,64092,10
12.9838399887,80.2177963257,64092,64102,10
12.9842996597,80.2177963257,64102,64112,10
12.9850101471,80.2178192139,64112,64122,10
12.9858703613,80.2179107666,64122,64132,10
12.9867897034,80.218132019,64132,64142,10
12.9873600006,80.2182235718,64142,64152,10
12.9874401093,80.2182388306,64152,64169,17
12.9883203506,80.218460083,64169,64181,12
12.989279747,80.2187423706,64181,64191,10
12.9901895523,80.219039917,64191,64201,10
12.9911804199,80.2193527222,64201,64211,10
12.9919395447,80.2192611694,64211,64221,10
12.9926395416,80.21875,64221,64231,10
12.9933395386,80.218208313,64231,64241,10
12.9939403534,80.2177581787,64241,64252,11
12.9942598343,80.2175369263,64252,64261,9
12.9945297241,80.2173309326,64261,64272,11
12.9947004318,80.2172012329,64272,64282,10
12.9948396683,80.2171020508,64282,64292,10
12.9951896667,80.2168807983,64292,64302,10
12.9957895279,80.2166290283,64302,64312,10
12.996509552,80.216506958,64312,64322,10
12.9968395233,80.216468811,64322,64332,10
12.9971904755,80.2163925171,64332,64342,10
12.9975204468,80.2160873413,64342,64352,10
12.9975404739,80.2160797119,64352,64362,10
12.9978103638,80.2158584595,64362,64372,10
12.9982404709,80.2154769897,64372,64383,11
12.9988698959,80.2149200439,64383,64393,10
12.9992103577,80.2146530151,64393,64403,10
12.9995498657,80.2143325806,64403,64413,10
12.9999799728,80.2139892578,64413,64423,10
13.0004501343,80.2135696411,64423,64433,10
13.0010204315,80.2130432129,64433,64449,16
13.0019598007,80.2123718262,64449,64461,12
13.002579689,80.212097168,64461,64471,10
13.0029697418,80.2120285034,64471,64481,10
13.0035200119,80.2119903564,64481,64492,11
13.0035896301,80.2119598389,64492,64502,10
13.0037002563,80.2117614746,64502,64512,10
13.0036897659,80.2112884521,64512,64522,10
13.0036001205,80.2106018066,64522,64532,10
13.0035200119,80.2098617554,64532,64542,10
13.0035896301,80.2091217041,64542,64552,10
13.0039396286,80.2086105347,64552,64562,10
13.0046796799,80.2089233398,64562,64572,10
13.0055704117,80.2093200684,64572,64582,10
13.0063800812,80.209602356,64582,64592,10
13.0072803497,80.2098236084,64592,64633,41
13.0072803497,80.2098236084,64633,64643,10
13.007610321,80.2099227905,64643,64653,10
13.0077800751,80.2099609375,64653,64663,10
13.0080795288,80.2100296021,64663,64673,10
13.0081300735,80.2096862793,64673,64683,10
13.0080003738,80.2090911865,64683,64693,10
13.0078201294,80.2082214355,64693,64703,10
13.0076799393,80.2072525024,64703,64713,10
13.0075798035,80.2065429688,64713,64724,11
13.0074796677,80.205581665,64724,64734,10
13.0074901581,80.2048187256,64734,64744,10
13.0074901581,80.2041931152,64744,64754,10
13.0073699951,80.2034072876,64754,64764,10
13.0070695877,80.2025604248,64764,64774,10
13.0065002441,80.2028884888,64774,64784,10
13.006819725,80.2033920288,64784,64794,10
13.0074796677,80.2036590576,64794,64804,10
13.0083303452,80.2037124634,64804,64814,10
13.0094299316,80.2036209106,64814,64825,11
13.0107603073,80.20362854,64825,64835,10
13.0119199753,80.2037582397,64835,64845,10
13.0134000778,80.2040176392,64845,64874,29
13.0134000778,80.2040176392,64874,64885,11
13.0136404037,80.2040786743,64885,64895,10
13.0142402649,80.2043075562,64895,64905,10
13.0148897171,80.2045593262,64905,64915,10
13.0149202347,80.2045898438,64915,64925,10
13.0152301788,80.2046279907,64925,64936,11
13.0159397125,80.2049026489,64936,64946,10
13.0161895752,80.2050018311,64946,64955,9
13.0163402557,80.2050170898,64955,64966,11
13.0165996552,80.2050704956,64966,64976,10
13.0168800354,80.2052230835,64976,64986,10
13.017080307,80.2053527832,64986,64996,10
13.0175104141,80.2054977417,64996,65006,10
13.0184497833,80.2058029175,65006,65036,30
13.0184497833,80.2058029175,65036,65047,11
13.0187902451,80.2059173584,65047,65057,10
13.0193099976,80.2060928345,65057,65067,10
13.0200901031,80.206237793,65067,65077,10
13.0210399628,80.2062683105,65077,65087,10
13.0218200684,80.2062988281,65087,65097,10
13.0227298737,80.206451416,65097,65107,10
13.0236597061,80.2066116333,65107,65116,9
13.0241203308,80.2066421509,65116,65127,11
13.0242204666,80.2066421509,65127,65137,10
13.0243797302,80.206703186,65137,65147,10
13.0249595642,80.2068634033,65147,65158,11
13.0258598328,80.2071990967,65158,65167,9
13.0266399384,80.2076721191,65167,65178,11
13.0277004242,80.2082901001,65178,65188,10
13.0286798477,80.2086181641,65188,65198,10
13.0290203094,80.2086791992,65198,65208,10
13.0291204453,80.2087020874,65208,65218,10
13.0294399261,80.2087631226,65218,65228,10
13.0298900604,80.2088928223,65228,65238,10
13.0304899216,80.2090606689,65238,65248,10
13.0311698914,80.2092437744,65248,65258,10
13.0315504074,80.2093276978,65258,65269,11
13.0315504074,80.2093429565,65269,65279,10
13.0318498611,80.2094573975,65279,65289,10
13.0321598053,80.209487915,65289,65299,10
13.0328197479,80.209602356,65299,65309,10
13.0336103439,80.2097702026,65309,65319,10
13.034330368,80.2099609375,65319,65329,10
13.0349998474,80.2101974487,65329,65339,10
13.0349597931,80.2106170654,65339,65349,10
13.0349903107,80.2110595703,65349,65359,10
13.0349998474,80.2111206055,65359,65369,10
13.0349397659,80.2115707397,65369,65390,21
13.0349397659,80.2115707397,65390,65400,10
13.0348997116,80.2117233276,65400,65410,10
13.0348796844,80.2119674683,65410,65420,10
13.0351200104,80.2121810913,65420,65430,10
13.035610199,80.2122421265,65430,65440,10
13.0362596512,80.2122573853,65440,65450,10
13.0367803574,80.2122879028,65450,65460,10
13.0369501114,80.2122573853,65460,65470,10
13.0372400284,80.2122497559,65470,65480,10
13.037779808,80.2122421265,65480,65491,11
13.0385904312,80.2121963501,65491,65501,10
13.0393896103,80.2121963501,65501,65511,10
13.0404195786,80.2122421265,65511,65521,10
13.0416097641,80.212272644,65521,65531,10
13.0426797867,80.2122802734,65531,65541,10
13.0433797836,80.2122116089,65541,65551,10
13.0437498093,80.2121734619,65551,65561,10
13.044210434,80.2121810913,65561,65811,250
13.044210434,80.2121810913,65811,65821,10
13.0443601608,80.2121963501,65821,65832,11
13.0447597504,80.2121963501,65832,65842,10
13.0454797745,80.2122192383,65842,65852,10
13.0463399887,80.2121963501,65852,65862,10
13.0473098755,80.2121734619,65862,65872,10
13.0485496521,80.2119598389,65872,65892,20
13.0485496521,80.2119598389,65892,65902,10
13.048789978,80.2119369507,65902,65912,10
13.0489997864,80.2119369507,65912,65922,10
13.0496997833,80.2118988037,65922,65953,31
13.0496997833,80.2118988037,65953,65963,10
13.0498600006,80.2119064331,65963,65973,10
13.0502700806,80.2118988037,65973,65983,10
13.0508298874,80.2119598389,65983,65993,10
13.0514497757,80.2119827271,65993,66003,10
13.0527095795,80.211807251,66003,66013,10
13.0537204742,80.2116012573,66013,66023,10
13.0543403625,80.2114486694,66023,66043,20
13.0543403625,80.2114486694,66043,66054,11
13.054690361,80.2114562988,66054,66064,10
13.0552101135,80.2114715576,66064,66074,10
13.0560503006,80.2114486694,66074,66084,10
13.0568799973,80.2114181519,66084,66094,10
13.0574502945,80.2113800049,66094,66104,10
13.0575199127,80.2113876343,66104,66114,10
13.0579500198,80.2113723755,66114,66124,10
13.0586395264,80.2114181519,66124,66134,10
13.0594301224,80.211479187,66134,66144,10
13.0604496002,80.211517334,66144,66153,9
13.0613698959,80.2115631104,66153,66165,12
13.0624799728,80.2115783691,66165,66175,10
13.0631504059,80.2115325928,66175,66185,10
13.0633201599,80.2115020752,66185,66195,10
13.0637302399,80.211479187,66195,66205,10
13.0644197464,80.2113571167,66205,66215,10
13.0651702881,80.2109909058,66215,66225,10
13.0659799576,80.2103500366,66225,66234,9
13.0667495728,80.2096633911,66234,66244,10
13.067150116,80.2090301514,66244,66255,11
13.0672101974,80.2089004517,66255,66265,10
13.0673904419,80.2085800171,66265,66276,11
13.0677404404,80.2080001831,66276,66286,10
13.0682296753,80.2072982788,66286,66296,10
13.0687999725,80.2064819336,66296,66306,10
13.0692596436,80.2057571411,66306,66316,10
13.0695199966,80.205329895,66316,66326,10
13.0696401596,80.2048797607,66326,66336,10
13.069149971,80.2051391602,66336,66397,61
13.069149971,80.2051391602,66397,66407,10
13.0691003799,80.2051773071,66407,66417,10
13.0689401627,80.2053527832,66417,66427,10
13.0687198639,80.2052001953,66427,66437,10
13.068570137,80.205116272,66437,66447,10
13.0682401657,80.2051467896,66447,67255,808
13.0682401657,80.2051467896,67255,67265,10
13.0682497025,80.2049179077,67265,67276,11
13.0686597824,80.2048034668,67276,67286,10
13.0691404343,80.2046966553,67286,67296,10
13.0692396164,80.2047195435,67296,67306,10
13.0694904327,80.2047576904,67306,67316,10
13.0697097778,80.2048721313,67316,67326,10
13.0697202682,80.2052993774,67326,67336,10
13.0693597794,80.2058563232,67336,67346,10
13.0689296722,80.2065505981,67346,67356,10
13.0684299469,80.2073516846,67356,67365,9
13.0679702759,80.2080764771,67365,67375,10
13.0676603317,80.2085800171,67375,67386,11
13.0672903061,80.2092437744,67386,67397,11
13.0667695999,80.2098999023,67397,67407,10
13.0661096573,80.2104110718,67407,67417,10
13.0652799606,80.2110900879,67417,67437,20
13.0652799606,80.2110900879,67437,67447,10
13.0650501251,80.2111816406,67447,67457,10
13.0645599365,80.2114334106,67457,67467,10
13.0638999939,80.2116470337,67467,67477,10
13.0635700226,80.2116470337,67477,67487,10
13.0631103516,80.2116775513,67487,67498,11
13.0625,80.211730957,67498,67508,10
13.0620603561,80.2117080688,67508,67518,10
13.061630249,80.2116012573,67518,67528,10
13.0611095428,80.2116012573,67528,67538,10
13.0604200363,80.2115783691,67538,67548,10
13.0596504211,80.2115707397,67548,67558,10
13.0588703156,80.2115478516,67558,67568,10
13.0586099625,80.2115478516,67568,67578,10
13.0583600998,80.2115631104,67578,67588,10
13.0578098297,80.2115325928,67588,67598,10
13.0574398041,80.2115478516,67598,67608,10
13.05727005,80.2115402222,67608,67619,11
13.0568504333,80.211517334,67619,67629,10
13.0562000275,80.211517334,67629,67639,10
13.0554304123,80.2114868164,67639,67649,10
13.0546798706,80.211479187,67649,67659,10
13.0543298721,80.2115097046,67659,67669,10
13.0537595749,80.2116317749,67669,67679,10
13.0529899597,80.2118377686,67679,67689,10
13.052280426,80.2120437622,67689,67699,10
13.0517597198,80.2121429443,67699,67709,10
13.0513896942,80.2121505737,67709,67730,21
13.0513896942,80.2121505737,67730,67746,16
13.0507202148,80.2121734619,67746,67758,12
13.0501403809,80.2121429443,67758,67768,10
13.049949646,80.2121505737,67768,67778,10
13.0499401093,80.2121505737,67778,67788,10
13.0496101379,80.2121429443,67788,67798,10
13.049539566,80.2121429443,67798,67808,10
13.0494604111,80.2121582031,67808,67818,10
13.0491895676,80.2121200562,67818,67828,10
13.0487098694,80.2121276855,67828,67839,11
13.0479297638,80.2121887207,67839,67849,10
13.0472698212,80.2122497559,67849,67859,10
13.04666996,80.2122879028,67859,67868,9
13.0457801819,80.2123184204,67868,67879,11
13.0453195572,80.2123184204,67879,67980,101
13.0453195572,80.2123184204,67980,67990,10
13.0451402664,80.2125167847,67990,68000,10
13.0448598862,80.2124481201,68000,68010,10
13.0445899963,80.2124328613,68010,68020,10
13.0443696976,80.2124099731,68020,68030,10
13.0439300537,80.2123718262,68030,68040,10
13.0432195663,80.2123565674,68040,68050,10
13.0423803329,80.212348938,68050,68061,11
13.041270256,80.212348938,68061,68071,10
13.0401697159,80.212348938,68071,68081,10
13.0391798019,80.2123794556,68081,68091,10
13.0385799408,80.2123565674,68091,68101,10
13.0382404327,80.2123336792,68101,68111,10
13.038020134,80.2123031616,68111,68121,10
13.0377998352,80.2122879028,68121,68131,10
13.0374603271,80.2122573853,68131,68141,10
13.0370397568,80.212272644,68141,68151,10
13.0364303589,80.2122497559,68151,68161,10
13.0358104706,80.2122802734,68161,68172,11
13.035369873,80.2122421265,68172,68192,20
13.035369873,80.2122421265,68192,68202,10
13.0350103378,80.2122268677,68202,68212,10
13.034819603,80.2122192383,68212,68222,10
13.0346803665,80.2121887207,68222,68232,10
13.0344600677,80.2121582031,68232,68262,30
13.0344600677,80.2121582031,68262,68272,10
13.0342102051,80.2121429443,68272,68283,11
13.0341701508,80.2121276855,68283,68293,10
13.0339403152,80.2120819092,68293,68303,10
13.0335597992,80.2119903564,68303,68313,10
13.0329904556,80.2118606567,68313,68323,10
13.0322904587,80.2117614746,68323,68333,10
13.0319404602,80.2115402222,68333,68343,10
13.0319499969,80.2110977173,68343,68353,10
13.0319700241,80.2105178833,68353,68363,10
13.0320196152,80.2099380493,68363,68373,10
13.0318899155,80.209602356,68373,68383,10
13.0315303802,80.209487915,68383,68394,11
13.0307397842,80.2092590332,68394,68404,10
13.02987957,80.2089996338,68404,68424,20
13.02987957,80.2089996338,68424,68434,10
13.029709816,80.208946228,68434,68444,10
13.0295801163,80.2089080811,68444,68454,10
13.0293903351,80.2088470459,68454,68470,16
13.0284004211,80.2085800171,68470,68482,12
13.0275201797,80.2082290649,68482,68492,10
13.0267601013,80.2077713013,68492,68502,10
13.0258703232,80.2072525024,68502,68513,11
13.0247898102,80.2069778442,68513,68523,10
13.0243797302,80.2069015503,68523,68532,9
13.0242004395,80.2068405151,68532,68542,10
13.0237398148,80.2067337036,68542,68553,11
13.0230197906,80.2065734863,68553,68563,10
13.0222101212,80.2064208984,68563,68573,10
13.0217103958,80.2063903809,68573,68583,10
13.0209999084,80.2063980103,68583,68593,10
13.0200996399,80.2063827515,68593,68603,10
13.0193195343,80.2063293457,68603,68613,10
13.0192804337,80.2063064575,68613,68624,11
13.0190095901,80.2062606812,68624,68634,10
13.0187397003,80.2061920166,68634,68644,10
13.018239975,80.2060317993,68644,68654,10
13.0176696777,80.2058410645,68654,68664,10
13.0172700882,80.2056427002,68664,68674,10
13.0168895721,80.2055587769,68674,68684,10
13.016289711,80.205329895,68684,68694,10
13.0152397156,80.2049026489,68694,68704,10
13.0144300461,80.2046279907,68704,68714,10
13.0141296387,80.2045135498,68714,68724,10
13.0137796402,80.2043991089,68724,68745,21
13.0137796402,80.2043991089,68745,68755,10
13.0135402679,80.2044525146,68755,68765,10
13.0135097504,80.2045898438,68765,68775,10
13.0134401321,80.2048034668,68775,68785,10
13.013299942,80.2052764893,68785,68795,10
13.0130796432,80.2060012817,68795,68805,10
13.0129699707,80.206817627,68805,68815,10
13.0129003525,80.2074813843,68815,68825,10
13.012840271,80.2078018188,68825,68835,10
13.0128002167,80.2082672119,68835,68846,11
13.0128602982,80.2086715698,68846,68856,10
13.012960434,80.2092132568,68856,68872,16
13.0131196976,80.2101593018,68872,68884,12
13.0129804611,80.2108306885,68884,68894,10
13.012720108,80.2113876343,68894,68902,8
13.0125198364,80.211807251,68902,68913,11
13.0122098923,80.2122573853,68913,68924,11
13.0119495392,80.2126235962,68924,68933,9
13.0118503571,80.2127304077,68933,68944,11
13.011639595,80.2127227783,68944,68955,11
13.0112400055,80.2124023438,68955,68965,10
13.0106496811,80.2119979858,68965,68975,10
13.0101995468,80.2116317749,68975,68985,10
13.0098400116,80.2113494873,68985,69055,70
13.0098400116,80.2113494873,69055,69066,11
13.009519577,80.2111282349,69066,69096,30
13.009519577,80.2111282349,69096,69106,10
13.0092201233,80.2110366821,69106,69116,10
13.0091295242,80.2112121582,69116,69126,10
13.0089998245,80.2114028931,69126,69136,10
13.0090103149,80.2116928101,69136,69146,10
13.009180069,80.2122192383,69146,69156,10
13.0094003677,80.212852478,69156,69166,10
13.0096597672,80.2135162354,69166,69176,10
13.0099401474,80.2142181396,69176,69187,11
13.010140419,80.2150115967,69187,69197,10
13.0102996826,80.2158584595,69197,69207,10
13.0106897354,80.216758728,69207,69217,10
13.0111503601,80.2177581787,69217,69227,10
13.0115404129,80.2188262939,69227,69237,10
13.011879921,80.2198867798,69237,69247,10
13.0122003555,80.2208786011,69247,69257,10
13.0124998093,80.2216491699,69257,69267,10
13.0129995346,80.222366333,69267,69277,10
13.0136203766,80.2230606079,69277,69288,11
13.0140399933,80.2235107422,69288,69298,10
13.0142602921,80.2238464355,69298,69308,10
13.0146903992,80.2243499756,69308,69318,10
13.0149297714,80.2245788574,69318,69328,10
13.014960289,80.2245864868,69328,69338,10
13.0151996613,80.2248535156,69338,69348,10
13.0153102875,80.2250213623,69348,69358,10
13.0153503418,80.2251281738,69358,69368,10
13.0153598785,80.2255172729,69368,69378,10
13.0151500702,80.2258224487,69378,69388,10
13.0149402618,80.2258987427,69388,69399,11
13.0145597458,80.2260513306,69399,69409,10
13.0139799118,80.2262496948,69409,69419,10
13.0132703781,80.2265167236,69419,69429,10
13.0124397278,80.2268295288,69429,69439,10
13.0115499496,80.2271728516,69439,69449,10
13.01060009,80.2275466919,69449,69459,10
13.0099096298,80.2278289795,69459,69469,10
13.0094900131,80.227722168,69469,69479,10
13.0095500946,80.2273406982,69479,69489,10
13.0097799301,80.2267990112,69489,69499,10
13.0101003647,80.2260971069,69499,69510,11
13.0105104446,80.2251815796,69510,69520,10
13.0108604431,80.2243728638,69520,69530,10
13.0111103058,80.2236633301,69530,69540,10
13.0112199783,80.2233123779,69540,69550,10
13.0110902786,80.2230834961,69550,69560,10
13.0106401443,80.2228393555,69560,69570,10
13.0099401474,80.2224884033,69570,69580,10
13.0092000961,80.2220993042,69580,69590,10
13.0083503723,80.2216491699,69590,69600,10
13.0074796677,80.2211990356,69600,69610,10
13.0068597794,80.2208480835,69610,69621,11
13.0063295364,80.2205963135,69621,69637,16
13.0051403046,80.2203369141,69637,69649,12
13.0043802261,80.2201690674,69649,69657,8
13.0038499832,80.2200469971,69657,69669,12
13.0030698776,80.2198562622,69669,69678,9
13.0024499893,80.2195281982,69678,69689,11
13.0020198822,80.2191009521,69689,69699,10
13.0017204285,80.21875,69699,69709,10
13.001159668,80.2183303833,69709,69719,10
13.000579834,80.2179489136,69719,69730,11
12.9999198914,80.2175369263,69730,69740,10
12.9992704391,80.2171401978,69740,69750,10
12.9987602234,80.2169036865,69750,69759,9
12.9987001419,80.2168731689,69759,69770,11
12.9983997345,80.2167510986,69770,69830,60
12.9983997345,80.2167510986,69830,69841,11
12.9981002808,80.2166213989,69841,69851,10
12.9976396561,80.2165527344,69851,69871,20
12.9976396561,80.2165527344,69871,69881,10
12.9974403381,80.2165222168,69881,69891,10
12.9972801208,80.2165222168,69891,69901,10
12.9970598221,80.2165222168,69901,69911,10
12.9968500137,80.216506958,69911,69921,10
12.9966201782,80.2165222168,69921,69931,10
12.9963302612,80.2165679932,69931,69941,10
12.9960403442,80.2166290283,69941,69952,11
12.9957103729,80.2166976929,69952,69962,10
12.9952201843,80.2168884277,69962,69982,20
12.9952201843,80.2168884277,69982,69992,10
12.9951000214,80.2169418335,69992,70002,10
12.9948101044,80.2171401978,70002,70012,10
12.9944496155,80.2174224854,70012,70022,10
12.9940595627,80.2176971436,70022,70032,10
12.9937095642,80.2179718018,70032,70042,10
12.9931402206,80.2183685303,70042,70052,10
12.9925203323,80.2188415527,70052,70063,11
12.9917402267,80.2194213867,70063,70083,20
12.9917402267,80.2194213867,70083,70093,10
12.9914999008,80.2195968628,70093,70103,10
12.9910402298,80.2194290161,70103,70113,10
12.9903097153,80.2191772461,70113,70123,10
12.9894104004,80.2188568115,70123,70133,10
12.9884004593,80.2185134888,70133,70142,9
12.9877004623,80.2183685303,70142,70153,11
12.9871797562,80.2182769775,70153,70163,10
12.9868602753,80.2182388306,70163,70174,11
12.9866504669,80.218170166,70174,70184,10
12.9861297607,80.2180175781,70184,70194,10
12.9852800369,80.217880249,70194,70204,10
12.9844999313,80.2179107666,70204,70214,10
12.9840803146,80.2179107666,70214,70224,10
12.984000206,80.2179107666,70224,70234,10
12.9837198257,80.2179107666,70234,70244,10
12.9831199646,80.217918396,70244,70254,10
12.9823999405,80.2179336548,70254,70264,10
12.9818496704,80.2179412842,70264,70274,10
12.9811096191,80.2181167603,70274,70284,10
12.9803104401,80.2183685303,70284,70295,11
12.9796199799,80.2186889648,70295,70305,10
12.978969574,80.2189178467,70305,70315,10
12.9784402847,80.2191162109,70315,70325,10
12.9777402878,80.2193984985,70325,70335,10
12.9766101837,80.2199630737,70335,70414,79
12.9762601852,80.2201004028,70414,70636,222
12.9759197235,80.2202606201,70636,70656,20
12.9759197235,80.2202606201,70656,70666,10
12.9756498337,80.2203598022,70666,70676,10
12.9754800797,80.2205505371,70676,70686,10
12.9756002426,80.220916748,70686,70696,10
12.9759197235,80.2212524414,70696,70706,10
12.9759502411,80.2212600708,70706,70716,10
12.9762201309,80.2216033936,70716,70757,41
12.9762201309,80.2216033936,70757,70767,10
12.9764003754,80.2219314575,70767,70777,10
12.9765901566,80.2223129272,70777,70787,10
12.9767904282,80.222618103,70787,70797,10
12.9768600464,80.2227172852,70797,70807,10
12.9770097733,80.2229385376,70807,70817,10
12.9772996902,80.2234191895,70817,70827,10
12.9777202606,80.2240829468,70827,70837,10
12.9782104492,80.224861145,70837,70848,11
12.9787397385,80.2257232666,70848,70858,10
12.9792404175,80.2265777588,70858,70867,9
12.9795999527,80.227142334,70867,70878,11
12.9800596237,80.2278823853,70878,70888,10
12.9804801941,80.2286300659,70888,70898,10
12.980799675,80.2291412354,70898,70908,10
12.9811000824,80.2296676636,70908,70918,10
12.9815196991,80.2302703857,70918,70928,10
12.9815797806,80.2303695679,70928,70938,10
12.9817399979,80.2307128906,70938,70948,10
12.9819297791,80.231300354,70948,70959,11
12.9819898605,80.2321166992,70959,70969,10
12.9819698334,80.232460022,70969,70979,10
12.9818496704,80.2328567505,70979,70989,10
12.9817695618,80.2330703735,70989,70999,10
12.9817495346,80.2331008911,70999,71009,10
12.9816598892,80.2332687378,71009,71019,10
12.9815797806,80.2334518433,71019,71029,10
12.9815301895,80.2335968018,71029,71039,10
12.981300354,80.2340621948,71039,71049,10
12.981180191,80.2346496582,71049,71059,10
12.981180191,80.2354888916,71059,71070,11
12.9812002182,80.236289978,71070,71080,10
12.9812002182,80.2365188599,71080,71090,10
12.9812202454,80.2371063232,71090,71100,10
12.9812297821,80.2377929688,71100,71110,10
12.9812602997,80.2384567261,71110,71120,10
12.9812602997,80.2386169434,71120,71130,10
12.9812602997,80.238822937,71130,71140,10
12.9812602997,80.2393798828,71140,71150,10
12.9812803268,80.240020752,71150,71160,10
12.9812803268,80.2407836914,71160,71170,10
12.9813098907,80.2416000366,71170,71181,11
12.9813098907,80.2420578003,71181,71191,10
12.9813404083,80.242401123,71191,71201,10
12.9813404083,80.2426071167,71201,71211,10
12.9813404083,80.2426986694,71211,71221,10
12.9813299179,80.2429122925,71221,71231,10
12.9813203812,80.2433013916,71231,71241,10
12.9813098907,80.2435073853,71241,71251,10
12.9812202454,80.2440414429,71251,71261,10
12.9811201096,80.2448196411,71261,71271,10
12.981010437,80.2457504272,71271,71281,10
12.980890274,80.2468185425,71281,71292,11
12.9807796478,80.2480773926,71292,71301,9
12.9806995392,80.249130249,71301,71312,11
12.9805202484,80.2502670288,71312,71322,10
12.9802398682,80.2513198853,71322,71332,10
12.9800701141,80.2521133423,71332,71342,10
12.9800596237,80.2521820068,71342,71352,10
12.9800300598,80.2523574829,71352,71362,10
12.9801902771,80.2525405884,71362,71372,10
12.9805498123,80.2526168823,71372,71382,10
12.981180191,80.2526092529,71382,71392,10
12.982000351,80.2526016235,71392,71403,11
12.9831104279,80.252532959,71403,71413,10
12.9841098785,80.2522964478,71413,71423,10
12.9851503372,80.2519683838,71423,71635,212
12.9851503372,80.2519683838,71635,71645,10
12.9852399826,80.2519989014,71645,71655,10
12.9855899811,80.2518920898,71655,71665,10
12.9859600067,80.2517318726,71665,71675,10
12.9862203598,80.2516784668,71675,71685,10
12.9865999222,80.2515869141,71685,71695,10
12.9870100021,80.2514877319,71695,71705,10
12.9873895645,80.251373291,71705,71715,10
12.987739563,80.2513504028,71715,71725,10
12.9878997803,80.2516174316,71725,71736,11
12.9879598618,80.2519073486,71736,71746,10
12.9879598618,80.2524414063,71746,71756,10
12.987859726,80.2532501221,71756,71766,10
12.9877796173,80.2542114258,71766,71776,10
12.987660408,80.2552108765,71776,72046,270
12.987660408,80.2552108765,72046,72056,10
12.9876403809,80.2553482056,72056,72067,11
12.9876203537,80.2557067871,72067,72077,10
12.9875402451,80.256187439,72077,72087,10
12.9875202179,80.2566070557,72087,72097,10
12.9874897003,80.2568817139,72097,72107,10
12.9874296188,80.257522583,72107,72117,10
12.9874000549,80.2582931519,72117,72127,10
12.9873304367,80.2588195801,72127,72137,10
12.9872102737,80.2594070435,72137,72178,41
12.9872102737,80.2594070435,72178,72188,10
12.9871702194,80.2595367432,72188,72198,10
12.9871196747,80.2595596313,72198,72208,10
12.9867296219,80.2595367432,72208,72379,171
12.9867296219,80.2595367432,72379,72389,10
12.9868001938,80.2590637207,72389,72440,51
12.9868001938,80.2590637207,72440,72450,10
12.987159729,80.2591323853,72450,72460,10
12.987279892,80.2590332031,72460,72470,10
12.9872903824,80.2589569092,72470,72480,10
12.9873104095,80.2587966919,72480,72490,10
12.9873504639,80.2584533691,72490,72500,10
12.9873695374,80.2581787109,72500,72511,11
12.9874200821,80.2576217651,72511,72521,10
12.987449646,80.2570571899,72521,72531,10
12.9875402451,80.2563095093,72531,72611,80
12.9875402451,80.2563095093,72611,72622,11
12.9875202179,80.2562179565,72622,72632,10
12.9875297546,80.2559280396,72632,72642,10
12.9876499176,80.2555007935,72642,72652,10
12.9876804352,80.2549209595,72652,72662,10
12.9876899719,80.2547302246,72662,72672,10
12.987739563,80.2542190552,72672,72682,10
12.9877996445,80.2534332275,72682,72692,10
12.9878902435,80.252456665,72692,72702,10
12.9877796173,80.251701355,72702,72712,10
12.9877700806,80.251663208,72712,72722,10
12.9876499176,80.2515182495,72722,72733,11
12.9871902466,80.2515792847,72733,72743,10
12.9870300293,80.2516021729,72743,72753,10
12.9866199493,80.251701355,72753,72763,10
12.9861097336,80.2518615723,72763,72773,10
12.9853401184,80.2520294189,72773,72783,10
12.9843797684,80.2522964478,72783,72793,10
12.983300209,80.2525634766,72793,72803,10
12.982170105,80.2526321411,72803,72813,10
12.9812097549,80.2526397705,72813,72823,10
12.9802598953,80.2526702881,72823,72874,51
12.9802598953,80.2526702881,72874,72884,10
12.9800195694,80.2527389526,72884,72894,10
12.9798803329,80.2527084351,72894,72904,10
12.9798603058,80.2523422241,72904,72924,20
12.9798603058,80.2523422241,72924,72934,10
12.9799203873,80.2521972656,72934,72944,10
12.9799499512,80.2519378662,72944,72955,11
12.9801397324,80.2514572144,72955,72965,10
12.9803600311,80.2507629395,72965,72975,10
12.9805698395,80.2499237061,72975,72985,10
12.9806995392,80.2489776611,72985,72995,10
12.9807596207,80.248046875,72995,73005,10
12.9808397293,80.2471466064,73005,73015,10
12.9809303284,80.2461395264,73015,73025,10
12.9810600281,80.2450790405,73025,73035,10
12.9811296463,80.2441864014,73035,73045,10
12.9811401367,80.2438430786,73045,73055,10
12.9811601639,80.2437820435,73055,73066,11
12.981180191,80.2436904907,73066,73076,10
12.9812898636,80.243522644,73076,73086,10
12.981300354,80.2431793213,73086,73096,10
12.981300354,80.243057251,73096,73106,10
12.981300354,80.2429733276,73106,73116,10
12.9813203812,80.2428817749,73116,73126,10
12.9813299179,80.2427902222,73126,73136,10
12.9813499451,80.2424621582,73136,73146,10
12.9813299179,80.2419281006,73146,73156,10
12.9813299179,80.2412490845,73156,73166,10
12.9813203812,80.2405395508,73166,73177,11
12.981300354,80.2398605347,73177,73187,10
12.981300354,80.2398300171,73187,73197,10
12.981300354,80.2397232056,73197,73207,10
12.981300354,80.2395782471,73207,73217,10
12.9812803268,80.2391815186,73217,73227,10
12.9812698364,80.2385101318,73227,73237,10
12.9812498093,80.2378997803,73237,73247,10
12.9812402725,80.2377700806,73247,73257,10
12.9812297821,80.2373504639,73257,73267,10
12.9812202454,80.2366485596,73267,73277,10
12.9811897278,80.2357635498,73277,73288,11
12.9811601639,80.23462677,73288,73298,10
12.9813995361,80.2337417603,73298,73308,10
12.9815597534,80.2334289551,73308,73328,20
12.9815597534,80.2334289551,73328,73338,10
12.9816999435,80.2331466675,73338,73348,10
12.981880188,80.2327423096,73348,73358,10
12.9819898605,80.2322998047,73358,73368,10
12.9819498062,80.2320175171,73368,73378,10
12.9819402695,80.2316207886,73378,73388,10
12.981880188,80.2311935425,73388,73399,11
12.981710434,80.2307434082,73399,73409,10
12.9814796448,80.2303009033,73409,73419,10
12.9810600281,80.229598999,73419,73439,20
12.9810600281,80.229598999,73439,73449,10
12.9809303284,80.2294006348,73449,73459,10
12.9808101654,80.2291793823,73459,73469,10
12.9806699753,80.2289886475,73469,73479,10
12.9806499481,80.2289428711,73479,73489,10
12.9804601669,80.2286605835,73489,73499,10
12.9802703857,80.2282562256,73499,73510,11
12.9800395966,80.2278823853,73510,73520,10
12.9797000885,80.2273101807,73520,73530,10
12.9793596268,80.2267303467,73530,73540,10
12.979180336,80.2264328003,73540,73560,20
12.979180336,80.2264328003,73560,73570,10
12.979060173,80.2262420654,73570,73580,10
12.9788999557,80.2259597778,73580,73590,10
12.9786500931,80.2255401611,73590,73610,20
12.9786500931,80.2255401611,73610,73620,10
12.9785699844,80.2253875732,73620,73631,11
12.9784097672,80.225151062,73631,73641,10
12.9782600403,80.2249221802,73641,73651,10
12.9781103134,80.2246322632,73651,73671,20
12.9781103134,80.2246322632,73671,73681,10
12.9779100418,80.2244110107,73681,73691,10
12.9776601791,80.2239837646,73691,73701,10
12.9773597717,80.2235107422,73701,73711,10
12.9772596359,80.2233505249,73711,73721,10
12.9771795273,80.223197937,73721,73731,10
12.9771003723,80.2230377197,73731,73742,11
12.9769802094,80.2228469849,73742,73752,10
12.976849556,80.22265625,73752,73762,10
12.9766597748,80.2223510742,73762,73772,10
12.976360321,80.221862793,73772,73782,10
12.976149559,80.2216186523,73782,73792,10
12.9760398865,80.2214126587,73792,73802,10
12.975859642,80.2211608887,73802,73863,61
12.9756002426,80.2209014893,73863,73909,46
12.9756002426,80.2209014893,73909,73921,12
12.9753303528,80.2206420898,73921,73951,30
12.9753303528,80.2206420898,73951,73962,11
12.9754295349,80.2204589844,73962,73972,10
12.9756603241,80.2202529907,73972,73982,10
12.9761400223,80.2200393677,73982,73992,10
12.9768104553,80.2197418213,73992,74002,10
12.9776000977,80.2194213867,74002,74012,10
12.9784202576,80.219078064,74012,74022,10
12.9787902832,80.2189178467,74022,74032,10
12.97935009,80.2187194824,74032,74042,10
12.9800195694,80.2184524536,74042,74052,10
12.9805698395,80.21824646,74052,74062,10
12.981180191,80.2180404663,74062,74073,11
12.982000351,80.2178573608,74073,74083,10
12.9826402664,80.2178268433,74083,74093,10
12.9837303162,80.2177963257,74093,74113,20
12.9837303162,80.2177963257,74113,74123,10
12.9840602875,80.2177963257,74123,74133,10
12.9846496582,80.2178115845,74133,74143,10
12.9854202271,80.2178192139,74143,74153,10
12.9863195419,80.2179870605,74153,74163,10
12.9870700836,80.2181625366,74163,74173,10
12.9873304367,80.2181777954,74173,74184,11
12.9874897003,80.2182235718,74184,74194,10
12.987950325,80.2183380127,74194,74210,16
12.9891300201,80.2186737061,74210,74222,12
12.9900598526,80.21900177,74222,74232,10
12.9907503128,80.2192306519,74232,74242,10
12.9916801453,80.2194213867,74242,74252,10
12.9923200607,80.2189407349,74252,74262,10
12.9930400848,80.2183990479,74262,74272,10
12.9938402176,80.2177886963,74272,74282,10
12.9943599701,80.2174301147,74282,74293,11
12.9946098328,80.2172470093,74293,74304,11
12.9949998856,80.2169418335,74304,74314,10
12.9954996109,80.2166824341,74314,74324,10
12.9961500168,80.2165222168,74324,74334,10
12.9967803955,80.2164382935,74334,74344,10
12.9970703125,80.2164230347,74344,74354,10
12.9972400665,80.2164001465,74354,74364,10
12.9974603653,80.2161331177,74364,74387,23
12.9975996017,80.2160263062,74387,74399,12
12.9979896545,80.2156524658,74399,74410,11
12.9985599518,80.2151184082,74410,74419,9
12.9990596771,80.2146987915,74419,74430,11
12.9993200302,80.2144775391,74430,74440,10
12.9997596741,80.2141418457,74440,74450,10
13.000120163,80.2138290405,74450,74460,10
13.0005903244,80.2134017944,74460,74470,10
13.0011301041,80.2129669189,74470,74480,10
13.0016298294,80.212600708,74480,74489,9
13.0020599365,80.2123031616,74489,74501,12
13.0027599335,80.2120285034,74501,74511,10
13.0036802292,80.2118988037,74511,74532,21
13.0036802292,80.2118988037,74532,74542,10
13.0037403107,80.2116012573,74542,74552,10
13.0037002563,80.2110595703,74552,74563,11
13.0036296844,80.2104492188,74563,74573,10
13.0035400391,80.2097167969,74573,74582,9
13.0036201477,80.2090606689,74582,74593,11
13.0040798187,80.2085800171,74593,74602,9
13.0047597885,80.2089080811,74602,74613,11
13.0057096481,80.2093429565,74613,74623,10
13.006360054,80.2095565796,74623,74634,11
13.0069904327,80.2097396851,74634,74644,10
13.0074396133,80.2098007202,74644,74664,20
13.0074396133,80.2098007202,74664,74674,10
13.007610321,80.2098388672,74674,74684,10
13.0077896118,80.2098922729,74684,74694,10
13.008099556,80.2099609375,74694,74710,16
13.008099556,80.2093505859,74710,74722,12
13.0079698563,80.2084732056,74722,74731,9
13.0078601837,80.2077026367,74731,74743,12
13.0076999664,80.20677948,74743,74753,10
13.007610321,80.2060699463,74753,74763,10
13.0075702667,80.2054367065,74763,74773,10
13.0075597763,80.204788208,74773,74783,10
13.0075502396,80.2041015625,74783,74793,10
13.0074396133,80.203453064,74793,74803,10
13.0073204041,80.202796936,74803,74812,9
13.0067996979,80.2024993896,74812,74823,11
13.0066299438,80.2031936646,74823,74833,10
13.007229805,80.2035522461,74833,74843,10
13.0079898834,80.2036819458,74843,74854,11
13.0090999603,80.2035980225,74854,74864,10
13.0102796555,80.2035369873,74864,74874,10
13.0115203857,80.2036209106,74874,74884,10
13.0127601624,80.2038497925,74884,74894,10
13.0137395859,80.2041473389,74894,74904,10
13.0150995255,80.2045974731,74904,74924,20
13.0150995255,80.2045974731,74924,74934,10
13.0155000687,80.2046279907,74934,74944,10
13.0161800385,80.2049713135,74944,74954,10
13.0167703629,80.2051620483,74954,74965,11
13.0169000626,80.2051315308,74965,74975,10
13.0172901154,80.2053833008,74975,74985,10
13.0179004669,80.2055892944,74985,74995,10
13.0185804367,80.2058181763,74995,75005,10
13.018699646,80.2058563232,75005,75015,10
13.0189599991,80.2059173584,75015,75025,10
13.0194997787,80.2061309814,75025,75035,10
13.0202598572,80.2062072754,75035,75045,10
13.0211400986,80.2061920166,75045,75055,10
13.0216302872,80.206161499,75055,75065,10
13.0219297409,80.2062225342,75065,75075,10
13.0225000381,80.2062988281,75075,75086,11
13.0233201981,80.206451416,75086,75096,10
13.0241603851,80.2065582275,75096,75106,10
13.0242795944,80.2065811157,75106,75116,10
13.0245199203,80.2066192627,75116,75126,10
13.0250701904,80.2067871094,75126,75136,10
13.0259399414,80.2071685791,75136,75146,10
13.0268096924,80.2077178955,75146,75156,10
13.0277500153,80.2082824707,75156,75166,10
13.0287799835,80.2086029053,75166,75176,10
13.0296201706,80.2087173462,75176,75187,11
13.0303602219,80.2089233398,75187,75195,8
13.0309200287,80.2090911865,75195,75206,11
13.0315198898,80.2092437744,75206,75217,11
13.03166008,80.2093200684,75217,75227,10
13.0319004059,80.2093887329,75227,75237,10
13.0323801041,80.2094573975,75237,75247,10
13.0331401825,80.2096176147,75247,75257,10
13.0339403152,80.2098312378,75257,75267,10
13.034740448,80.2100219727,75267,75277,10
13.0350799561,80.2103729248,75277,75287,10
13.0350503922,80.2109985352,75287,75298,11
13.0350503922,80.2112731934,75298,75308,10
13.0350399017,80.2113418579,75308,75318,10
13.0349798203,80.2117004395,75318,75328,10
13.0350399017,80.2121582031,75328,75338,10
13.0355396271,80.2121963501,75338,75348,10
13.0361299515,80.2121963501,75348,75358,10
13.0367202759,80.2122192383,75358,75368,10
13.0370998383,80.2121963501,75368,75378,10
13.0373497009,80.2122192383,75378,75388,10
13.037899971,80.2122421265,75388,75398,10
13.0386295319,80.2121963501,75398,75409,11
13.0396003723,80.2121963501,75409,75419,10
13.0406198502,80.2122192383,75419,75429,10
13.0417299271,80.2122268677,75429,75439,10
13.0428800583,80.2122192383,75439,75449,10
13.0442399979,80.2121887207,75449,75550,101
13.0442399979,80.2121887207,75550,75560,10
13.0444202423,80.2121963501,75560,75570,10
13.0447902679,80.2121887207,75570,75580,10
13.0454301834,80.2121810913,75580,75590,10
13.0461597443,80.2121429443,75590,75600,10
13.0469903946,80.2121200562,75600,75610,10
13.0478897095,80.2120437622,75610,75620,10
13.0486001968,80.2119827271,75620,75631,11
13.0486602783,80.2119674683,75631,75641,10
13.0489997864,80.2119522095,75641,75651,10
13.049659729,80.2118988037,75651,75661,10
13.0500001907,80.2118530273,75661,75671,10
13.0501003265,80.2118530273,75671,75681,10
13.0505399704,80.2119293213,75681,75691,10
13.0510997772,80.2119064331,75691,75701,10
13.052069664,80.2119598389,75701,75711,10
13.0529003143,80.211769104,75711,75721,10
13.0540399551,80.2115020752,75721,75731,10
13.0548801422,80.2113723755,75731,75742,11
13.0557403564,80.2113723755,75742,75752,10
13.0566797256,80.2113494873,75752,75762,10
13.0575304031,80.2113189697,75762,75772,10
13.0577201843,80.2113189697,75772,75782,10
13.0581197739,80.2113189697,75782,75792,10
13.0585803986,80.2113723755,75792,75802,10
13.0591402054,80.2114105225,75802,75812,10
13.0598897934,80.2114562988,75812,75822,10
13.0607795715,80.2115097046,75822,75832,10
13.0616703033,80.2115631104,75832,75848,16
13.0629501343,80.2115097046,75848,75861,13
13.0630998611,80.2115020752,75861,75871,10
13.0633096695,80.211479187,75871,75881,10
13.063949585,80.2114562988,75881,75891,10
13.0646400452,80.2113189697,75891,75901,10
13.0653400421,80.210899353,75901,75911,10
13.0661096573,80.2102890015,75911,75921,10
13.0669002533,80.2095565796,75921,75931,10
13.0674295425,80.2087173462,75931,75941,10
13.067489624,80.2086181641,75941,75951,10
13.0675201416,80.2085418701,75951,75961,10
13.0677099228,80.2082366943,75961,75970,9
13.0680198669,80.2077407837,75970,75981,11
13.0685396194,80.2069396973,75981,75992,11
13.0691099167,80.2060623169,75992,76002,10
13.0695896149,80.2052307129,76002,76012,10
13.0697002411,80.2049789429,76012,76022,10
13.0696897507,80.2047805786,76022,76032,10
13.0694303513,80.204788208,76032,76042,10
13.0691699982,80.2050170898,76042,76052,10
13.0687398911,80.2051773071,76052,76083,31
13.0687398911,80.2051773071,76083,76093,10
13.0686597824,80.2051391602,76093,76103,10
13.0681600571,80.2051620483,76103,76274,171
13.0681600571,80.2051620483,76274,76284,10
13.0681295395,80.2049713135,76284,76295,11
13.0684499741,80.2049179077,76295,76305,10
13.0688800812,80.2047576904,76305,76315,10
13.0692796707,80.2047576904,76315,76325,10
13.0694999695,80.2047805786,76325,76335,10
13.0696697235,80.2048568726,76335,76345,10
13.0697202682,80.2049179077,76345,76355,10
13.0698299408,80.205078125,76355,76365,10
13.0696802139,80.205406189,76365,76375,10
13.0692596436,80.2060089111,76375,76385,10
13.0688400269,80.2066574097,76385,76395,10
13.0684299469,80.2073287964,76395,76406,11
13.0680198669,80.2080383301,76406,76416,10
13.0675201416,80.2087631226,76416,76426,10
13.0670003891,80.2095794678,76426,76436,10
13.0663204193,80.2102279663,76436,76446,10
13.065580368,80.2107696533,76446,76456,10
13.0649003983,80.2112808228,76456,76466,10
13.0637998581,80.2116470337,76466,76517,51
13.0637998581,80.2116470337,76517,76527,10
13.0635004044,80.2117233276,76527,76537,10
13.0629501343,80.211730957,76537,76547,10
13.0624799728,80.2116928101,76547,76557,10
13.0616502762,80.2116317749,76557,76567,10
13.0604400635,80.2116394043,76567,76577,10
13.0593595505,80.2116012573,76577,76593,16
13.0575799942,80.2115402222,76593,76605,12
13.0562496185,80.2115402222,76605,76613,8
13.0553503036,80.2115402222,76613,76625,12
13.0542001724,80.2116088867,76625,76635,10
13.0532903671,80.2117996216,76635,76646,11
13.0525999069,80.2119674683,76646,76656,10
13.0523004532,80.2120819092,76656,76666,10
13.0519199371,80.2121887207,76666,76676,10
13.051440239,80.2122192383,76676,76686,10
13.050740242,80.2122268677,76686,76716,30
13.050740242,80.2122268677,76716,76726,10
13.0503196716,80.2122268677,76726,76736,10
13.0500297546,80.2121963501,76736,76747,11
13.0499401093,80.2123718262,76747,76757,10
13.0499601364,80.2126998901,76757,76766,9
13.0499696732,80.2128372192,76766,76777,11
13.0500097275,80.2130966187,76777,76787,10
13.0500802994,80.2134475708,76787,76797,10
13.0502099991,80.2139892578,76797,76807,10
13.0504102707,80.2146072388,76807,76817,10
13.0503501892,80.2146911621,76817,76827,10
13.0500402451,80.2146606445,76827,76837,10
13.0495004654,80.2146530151,76837,76847,10
13.0488796234,80.2145767212,76847,76858,11
13.0481500626,80.2145004272,76858,76868,10
13.0477399826,80.2144165039,76868,76878,10
13.047369957,80.2144317627,76878,76888,10
13.0467700958,80.2144775391,76888,76898,10
13.0460100174,80.2146377563,76898,76908,10
13.0450401306,80.2147598267,76908,76918,10
13.0445404053,80.2146835327,76918,76928,10
13.0445203781,80.21434021,76928,76937,9
13.0444698334,80.2138366699,76937,76948,11
13.0444402695,80.2130432129,76948,76958,10
13.0444202423,80.2128982544,76958,76969,11
13.0443696976,80.2125473022,76969,76979,10
13.044719696,80.2122802734,76979,76989,10
13.0454502106,80.2122421265,76989,76999,10
13.0463895798,80.2122268677,76999,77009,10
13.0469703674,80.2121582031,77009,77019,10
13.0469799042,80.2121582031,77019,77029,10
13.0470104218,80.2120132446,77029,77039,10
13.0470104218,80.2118301392,77039,77049,10
13.0469999313,80.2114486694,77049,77059,10
13.0469703674,80.2110595703,77059,77070,11
13.0471496582,80.2107620239,77070,77080,10
13.0476799011,80.2107772827,77080,77090,10
13.0482902527,80.2107772827,77090,77100,10
13.0488595963,80.2107925415,77100,77110,10
13.0494098663,80.2108001709,77110,77120,10
13.049659729,80.210609436,77120,77130,10
13.0496196747,80.2101669312,77130,77140,10
13.049539566,80.2095413208,77140,77150,10
13.049489975,80.2089691162,77150,77160,10
13.0493497849,80.2083892822,77160,77170,10
13.0491104126,80.2078018188,77170,77180,10
13.0489196777,80.2072372437,77180,77191,11
13.0488395691,80.2069015503,77191,77201,10
13.0489597321,80.2068328857,77201,77211,10
13.0490198135,80.2068405151,77211,77221,10
13.0493297577,80.2068786621,77221,77241,20
13.0493297577,80.2068786621,77241,77251,10
13.0496997833,80.2068481445,77251,77261,10
13.0500402451,80.2069015503,77261,77271,10
13.0506896973,80.2069473267,77271,77604,333
13.0509004593,80.2070999146,77604,77695,91
13.0509004593,80.2070999146,77695,77705,10
13.0509500504,80.2070617676,77705,77715,10
13.050740242,80.2072296143,77715,77725,10
13.0504798889,80.207069397,77725,84829,7104
13.0505695343,80.2071685791,84829,84880,51
