12.9979200363,80.2567214966,18,4871,4853
12.9980401993,80.2567596436,4871,6982,2111
12.998000145,80.2567367554,6982,20686,13704
12.998000145,80.2567367554,20686,20696,10
12.9979896545,80.2565917969,20696,20706,10
12.9978103638,80.2563934326,20706,20767,61
12.9976701736,80.2562103271,20767,20949,182
12.9976701736,80.2562103271,20949,20959,10
12.9975404739,80.2559280396,20959,20970,11
12.9970903397,80.2559509277,20970,20980,10
12.9969396591,80.2561721802,20980,20990,10
12.996919632,80.2566223145,20990,21000,10
12.9968595505,80.2572479248,21000,21010,10
12.9967803955,80.2578887939,21010,21019,9
12.9966897964,80.2587738037,21019,21030,11
12.9965896606,80.2596969604,21030,21040,10
12.996509552,80.2604980469,21040,21050,10
12.9964199066,80.2612762451,21050,21060,10
12.9963502884,80.2618713379,21060,21070,10
12.9963197708,80.2622299194,21070,21081,11
12.9962596893,80.2626800537,21081,21091,10
12.996219635,80.2631607056,21091,21101,10
12.9961595535,80.263671875,21101,21111,10
12.9961004257,80.2642593384,21111,21121,10
12.9960403442,80.2648086548,21121,21130,9
12.9960002899,80.2652587891,21130,21141,11
12.9959201813,80.2660827637,21141,21150,9
12.9958600998,80.2666320801,21150,21161,11
12.9957799911,80.2673416138,21161,21172,11
12.9959802628,80.2676467896,21172,21182,10
12.996430397,80.2677230835,21182,21192,10
12.9970598221,80.2676696777,21192,21202,10
12.9976396561,80.2675018311,21202,21211,9
12.9982204437,80.2673187256,21211,21222,11
12.9989795685,80.2671127319,21222,21232,10
12.9996404648,80.2669219971,21232,21242,10
13.0000801086,80.2666015625,21242,21252,10
13.0003099442,80.2664794922,21252,21262,10
13.0003595352,80.2666473389,21262,21727,465
13.0003595352,80.2666473389,21727,21737,10
13.0004196167,80.2667770386,21737,21747,10
13.0000295639,80.2669296265,21747,21757,10
12.9994096756,80.2670822144,21757,21767,10
12.9986000061,80.2673034668,21767,21777,10
12.9976196289,80.2675628662,21777,21787,10
12.9966001511,80.2677764893,21787,21797,10
12.9957103729,80.2676925659,21797,21808,11
12.9956598282,80.2674407959,21808,21818,10
12.9956798553,80.267250061,21818,21827,9
12.9957103729,80.2669296265,21827,21837,10
12.9957504272,80.2663574219,21837,21847,10
12.9958496094,80.2655487061,21847,21858,11
12.9960002899,80.2643966675,21858,21868,10
12.9961299896,80.2632904053,21868,21878,10
12.9961996078,80.2625732422,21878,21888,10
12.9962997437,80.2617874146,21888,21898,10
12.9963798523,80.2610321045,21898,21909,11
12.9965000153,80.2599563599,21909,21919,10
12.9966096878,80.2588806152,21919,21929,10
12.9967002869,80.2579498291,21929,21939,10
12.9968004227,80.2570037842,21939,21949,10
12.9968900681,80.2561416626,21949,21959,10
12.9968900681,80.2561035156,21959,21968,9
12.9969501495,80.2559814453,21968,21978,10
12.9969902039,80.2558517456,21978,21988,10
12.9979400635,80.2558898926,21988,21999,11
12.9986600876,80.2559661865,21999,22010,11
12.9987401962,80.2559814453,22010,22050,40
12.9987401962,80.2559814453,22050,22060,10
12.9989995956,80.2559967041,22060,22070,10
12.9994897842,80.2560882568,22070,22080,10
13.0001401901,80.2562179565,22080,22090,10
13.0008401871,80.2563781738,22090,22100,10
13.0014896393,80.2564926147,22100,22110,10
13.0022296906,80.2566223145,22110,22120,10
13.002989769,80.2567596436,22120,22131,11
13.0038299561,80.256942749,22131,22141,10
13.004650116,80.2570800781,22141,22151,10
13.0056400299,80.2572479248,22151,22161,10
13.0064401627,80.2573623657,22161,22171,10
13.0065603256,80.256942749,22171,22181,10
13.0065603256,80.2562637329,22181,22191,10
13.0065498352,80.2553482056,22191,22201,10
13.0065498352,80.2542800903,22201,22211,10
13.0065603256,80.2533493042,22211,22220,9
13.0065402985,80.2530975342,22220,22231,11
13.0066299438,80.2520599365,22231,22272,41
13.0066299438,80.2520599365,22272,22282,10
13.0067596436,80.2517166138,22282,22292,10
13.0068101883,80.2510604858,22292,22302,10
13.0067901611,80.2501220703,22302,22312,10
13.0067501068,80.2489776611,22312,22323,11
13.0066604614,80.2478179932,22323,22333,10
13.0066604614,80.2470932007,22333,22343,10
13.0066404343,80.2465896606,22343,22353,10
13.0066299438,80.2463989258,22353,22364,11
13.0066204071,80.2457275391,22364,22374,10
13.0066204071,80.2448577881,22374,22384,10
13.0066204071,80.2437896729,22384,22394,10
13.0065803528,80.2426605225,22394,22404,10
13.0065803528,80.2415084839,22404,22414,10
13.0066404343,80.2407531738,22414,22424,10
13.0067996979,80.2400436401,22424,22434,10
13.0068998337,80.2393493652,22434,22444,10
13.0070695877,80.2385635376,22444,22454,10
13.0072803497,80.2376403809,22454,22464,10
13.0074300766,80.2368927002,22464,22474,10
13.0075502396,80.2363204956,22474,22484,10
13.0076999664,80.2355880737,22484,22495,11
13.0079097748,80.2346191406,22495,22505,10
13.0081100464,80.2336425781,22505,22515,10
13.0083398819,80.2324829102,22515,22525,10
13.0085897446,80.2311630249,22525,22535,10
13.0087995529,80.2300033569,22535,22546,11
13.0090303421,80.2288513184,22546,22555,9
13.0093698502,80.2277374268,22555,22565,10
13.0098400116,80.2266769409,22565,22575,10
13.0103197098,80.2256317139,22575,22585,10
13.0108003616,80.2247009277,22585,22595,10
13.0111703873,80.2238388062,22595,22606,11
13.011590004,80.2227783203,22606,22616,10
13.0119695663,80.2217407227,22616,22626,10
13.0123300552,80.2214202881,22626,22636,10
13.0126104355,80.2218399048,22636,22645,9
13.0129995346,80.2223129272,22645,22656,11
13.0136804581,80.2230911255,22656,22666,10
13.0143098831,80.223739624,22666,22676,10
13.0149202347,80.2243804932,22676,22687,11
13.0154695511,80.2249069214,22687,22697,10
13.0154800415,80.2249221802,22697,22707,10
13.0155200958,80.2250213623,22707,22717,10
13.0158395767,80.2252578735,22717,22727,10
13.0164403915,80.2253265381,22727,22737,10
13.0171899796,80.2250595093,22737,22747,10
13.0180397034,80.2247314453,22747,22757,10
13.0189304352,80.2243728638,22757,22767,10
13.0193500519,80.224281311,22767,22777,10
13.0193595886,80.224281311,22777,22787,10
13.0194797516,80.2243499756,22787,22798,11
13.019900322,80.224609375,22798,22808,10
13.0203895569,80.2250213623,22808,22818,10
13.0211000443,80.2255401611,22818,22828,10
13.0219097137,80.2261428833,22828,22838,10
13.0227603912,80.2268600464,22838,22848,10
13.0236196518,80.2276306152,22848,22858,10
13.0244102478,80.2284927368,22858,22868,10
13.0250597,80.2293930054,22868,22878,10
13.0253200531,80.2297210693,22878,22888,10
13.0253400803,80.2297821045,22888,22898,10
13.0255403519,80.2300186157,22898,22908,10
13.0257501602,80.2303466797,22908,22919,11
13.025970459,80.2308197021,22919,22935,16
13.0264501572,80.2312393188,22935,22947,12
13.0271701813,80.2310714722,22947,22957,10
13.0277004242,80.2309570313,22957,22967,10
13.0283899307,80.2309188843,22967,22977,10
13.0284500122,80.2309112549,22977,22987,10
13.0288200378,80.2308883667,22987,22997,10
13.0293197632,80.2308425903,22997,23007,10
13.029709816,80.2307815552,23007,23018,11
13.03028965,80.23072052,23018,23028,10
13.0306997299,80.2305984497,23028,23038,10
13.0306997299,80.2305374146,23038,23048,10
13.0306596756,80.23021698,23048,23058,10
13.0304803848,80.2296905518,23058,23068,10
13.0303001404,80.2291717529,23068,23078,10
13.0303297043,80.2285919189,23078,23088,10
13.030380249,80.2282562256,23088,23107,19
13.0304403305,80.2279205322,23107,23119,12
13.0303401947,80.2274780273,23119,23130,11
13.0296297073,80.2273635864,23130,23140,10
13.0288095474,80.2272262573,23140,23150,10
13.0286598206,80.2272186279,23150,23160,10
13.0282001495,80.227142334,23160,23170,10
13.0278596878,80.2268600464,23170,23180,10
13.0279903412,80.2263183594,23180,23190,10
13.028169632,80.2254562378,23190,23200,10
13.0284404755,80.224319458,23200,23210,10
13.0287799835,80.223991394,23210,23218,8
13.028960228,80.2241287231,23218,23230,12
13.0295801163,80.224281311,23230,23241,11
13.0304002762,80.2243118286,23241,23251,10
13.031129837,80.2241363525,23251,23261,10
13.0311498642,80.2235488892,23261,23271,10
13.0312404633,80.2232284546,23271,23281,10
13.0313301086,80.2229537964,23281,23291,10
13.0315198898,80.2224578857,23291,23301,10
13.0318098068,80.2218093872,23301,23311,10
13.0320701599,80.220993042,23311,23321,10
13.0321903229,80.2201385498,23321,23331,10
13.0322303772,80.2198181152,23331,23341,10
13.0322599411,80.2196731567,23341,23351,10
13.0322504044,80.2194137573,23351,23362,11
13.0322303772,80.2188796997,23362,23372,10
13.0318698883,80.2184524536,23372,23382,10
13.0314903259,80.2179794312,23382,23392,10
13.0314397812,80.2171936035,23392,23402,10
13.0312595367,80.2170028687,23402,23412,10
13.0308198929,80.217010498,23412,23422,10
13.0304603577,80.2166213989,23422,23432,10
13.0304498672,80.2159423828,23432,23442,10
13.0304098129,80.215057373,23442,23452,10
13.0304002762,80.2145080566,23452,23462,10
13.0304098129,80.2143325806,23462,23473,11
13.030500412,80.2137374878,23473,23483,10
13.030579567,80.2135314941,23483,23493,10
13.0306196213,80.2131271362,23493,23503,10
13.0306901932,80.2124023438,23503,23513,10
13.0307998657,80.2116775513,23513,23523,10
13.03083992,80.2114028931,23523,23533,10
13.0308904648,80.2109832764,23533,23543,10
13.0310001373,80.2102279663,23543,23553,10
13.0308704376,80.2100601196,23553,23564,11
13.0304498672,80.2099380493,23564,23574,10
13.029999733,80.2097320557,23574,23584,10
13.0300798416,80.2092666626,23584,23594,10
13.0303297043,80.2090606689,23594,23604,10
13.0315504074,80.2093734741,23604,23624,20
13.0315504074,80.2093734741,23624,23634,10
13.0318603516,80.209487915,23634,23644,10
13.0325803757,80.2096176147,23644,23654,10
13.0334997177,80.2097930908,23654,23664,10
13.0345001221,80.2099761963,23664,23674,10
13.0351696014,80.2096786499,23674,23685,11
13.0352602005,80.208770752,23685,23695,10
13.0352802277,80.208656311,23695,23705,10
13.0352897644,80.2085037231,23705,23715,10
13.0353403091,80.2081604004,23715,23725,10
13.0354404449,80.2074813843,23725,23735,10
13.0355596542,80.2066268921,23735,23745,10
13.0357398987,80.205619812,23745,23761,16
13.0358400345,80.2048873901,23761,23773,12
13.035949707,80.2041702271,23773,23781,8
13.0360403061,80.2036437988,23781,23793,12
13.0361795425,80.2025909424,23793,23804,11
13.0363197327,80.2015991211,23804,23815,11
13.0363397598,80.2015075684,23815,23824,9
13.0363998413,80.201171875,23824,23835,11
13.0365200043,80.2004623413,23835,23845,10
13.0366401672,80.1995697021,23845,23855,10
13.0367803574,80.1985626221,23855,23865,10
13.0368299484,80.1981887817,23865,23875,10
13.0369195938,80.1976318359,23875,23885,10
13.0370397568,80.1968688965,23885,23895,10
13.0371303558,80.1962585449,23895,23906,11
13.0371799469,80.1960220337,23906,23916,10
13.0372400284,80.1954421997,23916,23926,10
13.0373601913,80.1946411133,23926,23936,10
13.0375003815,80.1936569214,23936,23946,10
13.037730217,80.1927719116,23946,23956,10
13.038479805,80.1927871704,23956,23966,10
13.0387897491,80.1928710938,23966,23976,10
13.0389204025,80.1928863525,23976,23986,10
13.0394296646,80.1929702759,23986,23996,10
13.0401000977,80.1930999756,23996,24006,10
13.0409402847,80.1932067871,24006,24017,11
13.0416202545,80.1933364868,24017,24026,9
13.0417804718,80.1936798096,24026,24037,11
13.0417299271,80.1943511963,24037,24047,10
13.0416402817,80.1951522827,24047,24057,10
13.0415201187,80.1956863403,24057,24067,10
13.0414199829,80.1962509155,24067,24077,10
13.041390419,80.1967926025,24077,24087,10
13.0413398743,80.1970672607,24087,24097,10
13.0412397385,80.1977462769,24097,24107,10
13.0411500931,80.1985015869,24107,24117,10
13.0410404205,80.1993103027,24117,24127,10
13.0409803391,80.19972229,24127,24138,11
13.04088974,80.2005767822,24138,24148,10
13.0407400131,80.2015228271,24148,24158,10
13.0406303406,80.2021026611,24158,24168,10
13.0405502319,80.2026596069,24168,24178,10
13.0404195786,80.2035217285,24178,24188,10
13.0403003693,80.204460144,24188,24198,10
13.0402402878,80.2049331665,24198,24208,10
13.0406703949,80.2051010132,24208,24218,10
13.0412502289,80.2052001953,24218,24228,10
13.0413398743,80.2052001953,24228,24239,11
13.0417404175,80.2052612305,24239,24249,10
13.0423603058,80.2053604126,24249,24259,10
13.0428600311,80.2058334351,24259,24269,10
13.0433397293,80.206489563,24269,24279,10
13.0438404083,80.2071762085,24279,24289,10
13.0441303253,80.2080078125,24289,24299,10
13.0441904068,80.2089614868,24299,24309,10
13.0442199707,80.2091217041,24309,24319,10
13.0442199707,80.2095184326,24319,24329,10
13.0442304611,80.2102279663,24329,24339,10
13.0442495346,80.2110519409,24339,24350,11
13.0443096161,80.2118530273,24350,24360,10
13.0444803238,80.2122116089,24360,24370,10
13.0451402664,80.2121963501,24370,24380,10
13.0459899902,80.2121887207,24380,24390,10
13.046959877,80.2121429443,24390,24400,10
13.0471096039,80.2119216919,24400,24410,10
13.04708004,80.2118301392,24410,24420,10
13.04708004,80.2113876343,24420,24430,10
13.04708004,80.2108001709,24430,24440,10
13.047659874,80.2107696533,24440,24450,10
13.0483198166,80.2108001709,24450,24460,10
13.0490398407,80.2108078003,24460,24471,11
13.0496196747,80.2108230591,24471,24481,10
13.0496397018,80.2102890015,24481,24491,10
13.0495595932,80.2095336914,24491,24507,16
13.0493001938,80.2081375122,24507,24520,13
13.0489301682,80.2071609497,24520,24530,10
13.0488395691,80.2069778442,24530,24539,9
13.0488996506,80.2068328857,24539,24548,9
13.0493001938,80.2069168091,24548,24893,345
13.0492801666,80.2070236206,24893,25196,303
13.0493202209,80.2070617676,25196,26276,1080
13.0492801666,80.2072219849,26276,26619,343
13.0492801666,80.2072219849,26619,26629,10
13.0490598679,80.2075424194,26629,26639,10
13.049200058,80.2079620361,26639,26649,10
13.0494098663,80.2086486816,26649,26659,10
13.0495700836,80.2095336914,26659,26669,10
13.0496997833,80.2105178833,26669,26679,10
13.0498304367,80.2116088867,26679,26700,21
13.0498304367,80.2116088867,26700,26710,10
13.0498600006,80.2118530273,26710,26720,10
13.0498600006,80.2121963501,26720,26730,10
13.0498600006,80.2122116089,26730,26740,10
13.0496702194,80.2121887207,26740,26780,40
13.0496702194,80.2121887207,26780,26793,13
13.0495796204,80.2121734619,26793,26803,10
13.0491399765,80.2121582031,26803,26813,10
13.0484104156,80.2122116089,26813,26824,11
13.0474004745,80.212310791,26824,26834,10
13.0464401245,80.2123413086,26834,26844,10
13.0453996658,80.2123718262,26844,26854,10
13.0448999405,80.2123794556,26854,26864,10
13.0445604324,80.2124099731,26864,26874,10
13.0443296432,80.2122421265,26874,26884,10
13.0442199707,80.2118682861,26884,26894,10
13.0442199707,80.2111434937,26894,26904,10
13.0441598892,80.2101669312,26904,26914,10
13.0441102982,80.2092971802,26914,26923,9
13.0440797806,80.2089767456,26923,26935,12
13.044090271,80.2089691162,26935,26945,10
13.0441398621,80.2087402344,26945,26955,10
13.0441198349,80.2082901001,26955,26965,10
13.0439300537,80.2076034546,26965,26975,10
13.0434703827,80.2068023682,26975,26985,10
13.0428495407,80.2059173584,26985,26995,10
13.042090416,80.2053375244,26995,27005,10
13.0415201187,80.2051773071,27005,27015,10
13.04088974,80.2051391602,27015,27022,7
13.0408201218,80.2051620483,27022,27035,13
13.0405197144,80.2051467896,27035,27046,11
13.0398797989,80.205039978,27046,27056,10
13.0390300751,80.2049179077,27056,27066,10
13.0381603241,80.2047195435,27066,27076,10
13.0382204056,80.2040634155,27076,27086,10
13.038310051,80.2031707764,27086,27096,10
13.0384502411,80.2022094727,27096,27106,10
13.0384902954,80.2017974854,27106,27116,10
13.0385398865,80.2015609741,27116,27126,10
13.0386295319,80.2010269165,27126,27136,10
13.0387401581,80.2002868652,27136,27146,10
13.0388698578,80.1993789673,27146,27156,10
13.0389204025,80.1985321045,27156,27166,10
13.0392303467,80.1969070435,27166,27197,31
13.0392303467,80.1969070435,27197,27207,10
13.0393400192,80.1966018677,27207,27217,10
13.0394096375,80.1960372925,27217,27227,10
13.0395097733,80.1952819824,27227,27237,10
13.0395803452,80.1943511963,27237,27247,10
13.0397500992,80.1933517456,27247,27256,9
13.0397796631,80.1932067871,27256,27267,11
13.0397596359,80.1930999756,27267,27277,10
13.0394001007,80.1929931641,27277,27288,11
13.0386800766,80.1928787231,27288,27308,20
13.0386800766,80.1928787231,27308,27318,10
13.0383396149,80.1928100586,27318,27328,10
13.0377902985,80.1929168701,27328,27338,10
13.037610054,80.1936416626,27338,27348,10
13.0374898911,80.1945419312,27348,27361,13
13.0373001099,80.1958389282,27361,27371,10
13.0372695923,80.1960906982,27371,27381,10
13.0372400284,80.1962127686,27381,27391,10
13.0371599197,80.1965866089,27391,27402,11
13.0370798111,80.1972732544,27402,27412,10
13.0368995667,80.1986312866,27412,27432,20
13.0368995667,80.1986312866,27432,27442,10
13.0368499756,80.198890686,27442,27452,10
13.0367698669,80.1993637085,27452,27462,10
13.0366802216,80.2001113892,27462,27472,10
13.0365495682,80.200958252,27472,27482,10
13.0364303589,80.201789856,27482,27502,20
13.0364303589,80.201789856,27502,27513,11
13.036359787,80.2021179199,27513,27522,9
13.0363101959,80.2025985718,27522,27533,11
13.036239624,80.2032394409,27533,27635,102
13.036239624,80.2032394409,27635,27645,10
13.0361604691,80.2036437988,27645,27655,10
13.0361003876,80.2040786743,27655,27665,10
13.0360298157,80.2046203613,27665,27675,10
13.0358104706,80.205947876,27675,27698,23
13.0358104706,80.205947876,27698,27708,10
13.0357704163,80.2061767578,27708,27718,10
13.0357198715,80.2066268921,27718,27728,10
13.0356397629,80.2073287964,27728,27738,10
13.0354604721,80.2084121704,27738,27779,41
13.0354604721,80.2084121704,27779,27789,10
13.035490036,80.208366394,27789,27799,10
13.0354404449,80.2085266113,27799,27809,10
13.035369873,80.2089691162,27809,27819,10
13.0353002548,80.2096405029,27819,27829,10
13.0350799561,80.2103500366,27829,27839,10
13.0349397659,80.2111434937,27839,27849,10
13.0347795486,80.2120132446,27849,27859,10
13.0342302322,80.212097168,27859,27870,11
13.0333995819,80.2119979858,27870,27880,10
13.03262043,80.2119522095,27880,27890,10
13.0325403214,80.2119293213,27890,27900,10
13.0324897766,80.2118835449,27900,27909,9
13.0321598053,80.2118530273,27909,27921,12
13.0319404602,80.2113876343,27921,27931,10
13.0320396423,80.2107086182,27931,27941,10
13.0321397781,80.2099685669,27941,27951,10
13.0318698883,80.2096481323,27951,27961,10
13.0313301086,80.209487915,27961,27971,10
13.0306301117,80.2092971802,27971,27982,11
13.0300798416,80.2095184326,27982,28003,21
13.0300798416,80.2095184326,28003,28015,12
13.0301399231,80.2098770142,28015,28025,10
13.030579567,80.2099685669,28025,28035,10
13.0310001373,80.2101974487,28035,28045,10
13.0309295654,80.2107162476,28045,28055,10
13.0308904648,80.2111206055,28055,28065,10
13.0308198929,80.211479187,28065,28075,10
13.0306901932,80.2120437622,28075,28085,10
13.0305995941,80.2127990723,28085,28096,11
13.030500412,80.2135314941,28096,28107,11
13.0304803848,80.2138519287,28107,28117,10
13.0303697586,80.2147293091,28117,28157,40
13.0303697586,80.2147293091,28157,28166,9
13.0303697586,80.2149581909,28166,28177,11
13.0303497314,80.2155380249,28177,28187,10
13.0304298401,80.2162399292,28187,28197,10
13.0307197571,80.2169265747,28197,28218,21
13.0307197571,80.2169265747,28218,28228,10
13.0309696198,80.2169570923,28228,28237,9
13.0312995911,80.2169570923,28237,28248,11
13.0315103531,80.2172927856,28248,28258,10
13.0315599442,80.2178268433,28258,28267,9
13.0318698883,80.218421936,28267,28277,10
13.0322799683,80.2186126709,28277,28288,11
13.0322303772,80.2192764282,28288,28298,10
13.0322599411,80.2203292847,28298,28339,41
13.0322599411,80.2203292847,28339,28349,10
13.0322198868,80.2203826904,28349,28369,20
13.0322198868,80.2203826904,28369,28379,10
13.0321798325,80.2206573486,28379,28389,10
13.0320501328,80.2211990356,28389,28399,10
13.0318098068,80.2218780518,28399,28409,10
13.0314598083,80.2226409912,28409,28420,11
13.0312204361,80.2240371704,28420,28440,20
13.0312204361,80.2240371704,28440,28450,10
13.0311002731,80.2243499756,28450,28460,10
13.0306196213,80.2243423462,28460,28470,10
13.0298900604,80.2243270874,28470,28480,10
13.0290002823,80.2241973877,28480,28521,41
13.0290002823,80.2241973877,28521,28531,10
13.0287904739,80.2241592407,28531,28541,10
13.0286502838,80.2241287231,28541,28550,9
13.0286197662,80.2241287231,28550,28561,11
13.0285301208,80.2241363525,28561,28571,10
13.0284204483,80.224571228,28571,28581,10
13.0282802582,80.2253417969,28581,28590,9
13.0281000137,80.2262191772,28590,28601,11
13.027970314,80.226890564,28601,28611,10
13.0281801224,80.2270812988,28611,28621,10
13.0287799835,80.2271728516,28621,28632,11
13.029589653,80.2273101807,28632,28641,9
13.0302696228,80.2274398804,28641,28652,11
13.0304498672,80.2278823853,28652,28662,10
13.0304203033,80.2282180786,28662,28682,20
13.0304203033,80.2282180786,28682,28692,10
13.0303401947,80.2283172607,28692,28702,10
13.0303096771,80.2286605835,28702,28712,10
13.0303001404,80.2292327881,28712,28722,10
13.0305900574,80.2299423218,28722,28733,11
13.0306997299,80.230682373,28733,28743,10
13.0305595398,80.2307662964,28743,28753,10
13.0297803879,80.2308578491,28753,28783,30
13.0297803879,80.2308578491,28783,28793,10
13.0296602249,80.2308883667,28793,28803,10
13.0292901993,80.2309112549,28803,28813,10
13.0287599564,80.2309417725,28813,28823,10
13.0280399323,80.2310180664,28823,28834,11
13.0277004242,80.231262207,28834,28844,10
13.0277395248,80.2317504883,28844,28854,10
13.027879715,80.2324676514,28854,28863,9
13.0276203156,80.2328720093,28863,28874,11
13.0268697739,80.2329788208,28874,28904,30
13.0268697739,80.2329788208,28904,28914,10
13.0264997482,80.233039856,28914,28924,10
13.0263299942,80.2326965332,28924,28934,10
13.0261297226,80.232131958,28934,28945,11
13.0259103775,80.2312469482,28945,28955,10
13.0255403519,80.2303390503,28955,28965,10
13.0246696472,80.2291717529,28965,28985,20
13.0246696472,80.2291717529,28985,28995,10
13.0245399475,80.2290115356,28995,29005,10
13.0242595673,80.2286529541,29005,29015,10
13.0239295959,80.2282409668,29015,29035,20
13.0239295959,80.2282409668,29035,29045,10
13.0238199234,80.2280197144,29045,29055,10
13.0234899521,80.227722168,29055,29065,10
13.0230197906,80.2273101807,29065,29076,11
13.0224199295,80.2267074585,29076,29086,10
13.0217399597,80.2261123657,29086,29096,10
13.020939827,80.2254867554,29096,29106,10
13.0201396942,80.2249298096,29106,29116,10
13.0200099945,80.224861145,29116,29126,10
13.0199298859,80.2248535156,29126,29136,10
13.0195598602,80.224609375,29136,29146,10
13.0188999176,80.2244796753,29146,29156,10
13.0180597305,80.2248001099,29156,29166,10
13.017080307,80.2252120972,29166,29177,11
13.0160703659,80.2255935669,29177,29187,10
13.0152301788,80.2259368896,29187,29197,10
13.0142002106,80.2263565063,29197,29217,20
13.0142002106,80.2263565063,29217,29227,10
13.0139503479,80.2264785767,29227,29237,10
13.0134401321,80.2266693115,29237,29247,10
13.0127496719,80.2268981934,29247,29257,10
13.0119600296,80.2272186279,29257,29267,10
13.0110702515,80.2275695801,29267,29277,10
13.0100698471,80.2279815674,29277,29288,11
13.0091495514,80.2285995483,29288,29298,10
13.0089597702,80.2295379639,29298,29308,10
13.0087795258,80.2306365967,29308,29318,10
13.0085802078,80.2317504883,29318,29328,10
13.0083703995,80.2328414917,29328,29338,10
13.0082597733,80.2336425781,29338,29358,20
13.0082597733,80.2336425781,29358,29368,10
13.0081996918,80.2338180542,29368,29378,10
13.0081195831,80.2342605591,29378,29388,10
13.0080003738,80.2348327637,29388,29398,10
13.0078201294,80.2355728149,29398,29409,11
13.0076704025,80.2363433838,29409,29419,10
13.0074996948,80.2371368408,29419,29429,10
13.0073404312,80.2380828857,29429,29439,10
13.0071496964,80.2390670776,29439,29449,10
13.0069599152,80.2401275635,29449,29499,50
13.0069599152,80.2401275635,29499,29509,10
13.0069799423,80.2403182983,29509,29520,11
13.0068998337,80.240737915,29520,29530,10
13.0068798065,80.2408218384,29530,29540,10
13.0067996979,80.2412490845,29540,29550,10
13.0067501068,80.2419433594,29550,29560,10
13.0067596436,80.2426681519,29560,29570,10
13.0067396164,80.243057251,29570,29580,10
13.0067396164,80.2434234619,29580,29590,10
13.0067396164,80.2439727783,29590,29610,20
13.0067396164,80.2439727783,29610,29620,10
13.0067195892,80.2441711426,29620,29631,11
13.0067396164,80.2446365356,29631,29641,10
13.0067396164,80.2452011108,29641,29651,10
13.006770134,80.2456283569,29651,29661,10
13.006770134,80.2461166382,29661,29671,10
13.0067796707,80.246673584,29671,29681,10
13.0067596436,80.2474212646,29681,29691,10
13.0067596436,80.2482376099,29691,29701,10
13.0069198608,80.2496032715,29701,29721,20
13.0069198608,80.2496032715,29721,29731,10
13.0068798065,80.2496337891,29731,29742,11
13.0068597794,80.2500762939,29742,29752,10
13.0068597794,80.2510223389,29752,29772,20
13.0068597794,80.2510223389,29772,29782,10
13.0068502426,80.2512130737,29782,29792,10
13.006819725,80.2515029907,29792,29802,10
13.0066795349,80.2520599365,29802,29812,10
13.0065803528,80.2527618408,29812,29822,10
13.0065803528,80.2534637451,29822,29832,10
13.0066003799,80.2542419434,29832,29842,10
13.0066404343,80.2547531128,29842,29853,11
13.006649971,80.2548370361,29853,29863,10
13.006649971,80.2552871704,29863,29873,10
13.0066604614,80.2560501099,29873,29883,10
13.0067195892,80.2572174072,29883,29961,78
13.0067195892,80.2572174072,29961,29972,11
13.0067396164,80.2574081421,29972,29982,10
13.0064201355,80.25756073,29982,29992,10
13.0058202744,80.2574234009,29992,30002,10
13.00522995,80.2572631836,30002,30012,10
13.0049200058,80.2571868896,30012,30022,10
13.0043401718,80.2571105957,30022,30032,10
13.0034599304,80.2569122314,30032,30042,10
13.002579689,80.2567214966,30042,30052,10
13.0015497208,80.2565689087,30052,30062,10
13.0004701614,80.2564163208,30062,30072,10
12.9995298386,80.2562484741,30072,30083,11
12.9992303848,80.256187439,30083,30093,10
12.9989204407,80.2560882568,30093,30103,10
12.9983701706,80.2560272217,30103,30113,10
12.9981899261,80.2559967041,30113,30123,10
12.9981298447,80.2559967041,30123,30133,10
12.9977302551,80.2559661865,30133,30143,10
12.997130394,80.2559661865,30143,30153,10
12.9969396591,80.2563934326,30153,30163,10
12.9968795776,80.256942749,30163,30179,16
12.9968700409,80.2570571899,30179,30191,12
12.9968595505,80.257232666,30191,30202,11
12.9967803955,80.2577896118,30202,30212,10
12.9967002869,80.2585372925,30212,30222,10
12.9966201782,80.2592697144,30222,30232,10
12.9965496063,80.2599487305,30232,30242,10
12.9964504242,80.2608108521,30242,30252,10
12.9963598251,80.261680603,30252,30262,10
12.9962902069,80.2622833252,30262,30272,10
12.9962501526,80.2624435425,30272,30282,10
12.996219635,80.2625198364,30282,30292,10
12.9961700439,80.2629089355,30292,30303,11
12.9961204529,80.2637329102,30303,30313,10
12.9960403442,80.2646408081,30313,30323,10
12.9959201813,80.265586853,30323,30333,10
12.9958000183,80.2665786743,30333,30343,10
12.9957399368,80.2676086426,30343,30353,10
12.9961500168,80.2677001953,30353,30363,10
12.9962100983,80.2677001953,30363,30373,10
12.9962797165,80.2677536011,30373,30383,10
12.9966802597,80.267791748,30383,30393,10
12.9973602295,80.2676010132,30393,30403,10
12.9981803894,80.2673568726,30403,30414,11
12.9992904663,80.267036438,30414,30424,10
13.0001401901,80.2664489746,30424,30454,30
13.0001401901,80.2664489746,30454,30464,10
13.0002002716,80.2661972046,30464,30474,10
13.0002202988,80.2659606934,30474,30484,10
13.0003299713,80.2657012939,30484,30494,10
13.0003595352,80.2657165527,30494,30504,10
13.0003299713,80.2660217285,30504,30514,10
13.0002698898,80.2664108276,30514,31789,1275
13.0002698898,80.2664108276,31789,31799,10
13.0003499985,80.2667312622,31799,31809,10
13.0002698898,80.2668075562,31809,31819,10
12.9999103546,80.2669219971,31819,31829,10
12.9993400574,80.2671203613,31829,31839,10
12.9986095428,80.2673187256,31839,31849,10
12.9979496002,80.2675094604,31849,31859,10
12.9972696304,80.2677001953,31859,31869,10
12.9965000153,80.2677536011,31869,31879,10
12.9959897995,80.2676925659,31879,31890,11
12.9956998825,80.2677078247,31890,31900,10
12.9956798553,80.2674331665,31900,31910,10
12.9956703186,80.2674179077,31910,31920,10
12.9956502914,80.2672195435,31920,31930,10
12.9957304001,80.2667388916,31930,31940,10
12.9958000183,80.2659988403,31940,31956,16
12.9959602356,80.2644805908,31956,31968,12
12.9961004257,80.2631988525,31968,31976,8
12.9961795807,80.2626190186,31976,31988,12
12.9961996078,80.262512207,31988,31998,10
12.9962701797,80.262336731,31998,32009,11
12.9962997437,80.2619094849,32009,32019,10
12.9963302612,80.2614974976,32019,32029,10
12.9963998795,80.2607421875,32029,32039,10
12.9965000153,80.2598419189,32039,32048,9
12.9965696335,80.2590637207,32048,32059,11
12.9966802597,80.2582168579,32059,32069,10
12.9967699051,80.2574005127,32069,32079,10
12.9968395233,80.2562408447,32079,32150,71
12.9968395233,80.2562408447,32150,32160,10
12.9968395233,80.2560577393,32160,32170,10
12.9971599579,80.2557983398,32170,32180,10
12.9978103638,80.255859375,32180,32190,10
12.9984197617,80.2559204102,32190,32200,10
12.9989099503,80.2559890747,32200,32220,20
12.9989099503,80.2559890747,32220,32231,11
12.9991397858,80.2560577393,32231,32251,20
12.9991397858,80.2560577393,32251,32261,10
12.9993000031,80.2560806274,32261,32271,10
12.9997396469,80.2561798096,32271,32281,10
13.00041008,80.2563400269,32281,32291,10
13.0012197495,80.256439209,32291,32301,10
13.0017204285,80.2565231323,32301,32311,10
13.0020999908,80.2565765381,32311,32321,10
13.0026397705,80.256690979,32321,32331,10
13.0031795502,80.2567977905,32331,32341,10
13.0037298203,80.2569122314,32341,32352,11
13.0043096542,80.2570114136,32352,32362,10
13.0050497055,80.2572097778,32362,32372,10
13.005490303,80.2572631836,32372,32382,10
13.0054397583,80.2572631836,32382,32392,10
13.0056295395,80.25730896,32392,32402,10
13.0060997009,80.2574310303,32402,32412,10
13.0065402985,80.2572784424,32412,32422,10
13.006529808,80.2567596436,32422,32432,10
13.0065498352,80.2558364868,32432,32442,10
13.0065698624,80.2548904419,32442,32452,10
13.0065002441,80.2531280518,32452,32473,21
13.0065002441,80.2531280518,32473,32483,10
13.0065002441,80.2527999878,32483,32493,10
13.0065803528,80.2520904541,32493,32533,40
13.0065803528,80.2520904541,32533,32543,10
13.0066404343,80.2519226074,32543,32553,10
13.0066995621,80.2514419556,32553,32563,10
13.0067501068,80.2507019043,32563,32574,11
13.006770134,80.2495574951,32574,32584,10
13.006649971,80.2481918335,32584,32684,100
13.006649971,80.2481918335,32684,32701,17
13.006649971,80.2477874756,32701,32713,12
13.006649971,80.2471389771,32713,32723,10
13.0065498352,80.2466964722,32723,32732,9
13.0065803528,80.2465515137,32732,32743,11
13.0066299438,80.2464370728,32743,32753,10
13.0066699982,80.2459030151,32753,32763,10
13.0066604614,80.2452774048,32763,32773,10
13.0066204071,80.2446136475,32773,32783,10
13.0066099167,80.2442474365,32783,32793,10
13.0066003799,80.2439117432,32793,32804,11
13.0066003799,80.2435379028,32804,32815,11
13.0065803528,80.2429199219,32815,32825,10
13.006529808,80.2421569824,32825,32834,9
13.0066299438,80.2408218384,32834,32855,21
13.0066299438,80.2408218384,32855,32865,10
13.0066995621,80.240447998,32865,32875,10
13.0067796707,80.2400512695,32875,32885,10
13.0068502426,80.2394790649,32885,32895,10
13.0070295334,80.2384185791,32895,32905,10
13.007229805,80.2375106812,32905,32916,11
13.0073699951,80.2366790771,32916,32926,10
13.0073795319,80.2366485596,32926,32936,10
13.0074596405,80.2365188599,32936,32946,10
13.0075798035,80.2360687256,32946,32956,10
13.0076999664,80.2353973389,32956,32966,10
13.0078401566,80.23462677,32966,32976,10
13.008020401,80.2337188721,32976,32986,10
13.0082798004,80.2325592041,32986,32996,10
13.0085096359,80.2313766479,32996,33006,10
13.0087299347,80.230178833,33006,33016,10
13.0089797974,80.2290267944,33016,33032,16
13.0095500946,80.2272796631,33032,33045,13
13.0102100372,80.2259216309,33045,33055,10
13.010720253,80.2248764038,33055,33065,10
13.0111904144,80.223777771,33065,33075,10
13.0115499496,80.2232131958,33075,33095,20
13.0115499496,80.2232131958,33095,33105,10
13.0115499496,80.2230377197,33105,33115,10
13.011639595,80.222618103,33115,33125,10
13.0118503571,80.221862793,33125,33135,10
13.0122900009,80.2214584351,33135,33145,10
13.0124502182,80.2217025757,33145,33156,11
13.0126399994,80.2220916748,33156,33167,11
13.0129098892,80.2223968506,33167,33177,10
13.0135698318,80.2229537964,33177,33187,10
13.0141000748,80.2234191895,33187,33197,10
13.0143003464,80.2236328125,33197,33207,10
13.0145397186,80.2239379883,33207,33217,10
13.0150403976,80.2246170044,33217,33227,10
13.0155296326,80.2249984741,33227,33237,10
13.0155496597,80.2249984741,33237,33247,10
13.0158996582,80.2252578735,33247,33258,11
13.0166797638,80.2252426147,33258,33268,10
13.0175895691,80.2248687744,33268,33278,10
13.0186395645,80.2244415283,33278,33288,10
13.0192604065,80.224281311,33288,33298,10
13.0193004608,80.2242736816,33298,33308,10
13.0194702148,80.224281311,33308,33318,10
13.0195398331,80.2243118286,33318,33328,10
13.0196895599,80.2244720459,33328,33338,10
13.0200195313,80.2247161865,33338,33348,10
13.0205402374,80.2251281738,33348,33358,10
13.0211200714,80.2255706787,33358,33368,10
13.021730423,80.2260513306,33368,33379,11
13.0222597122,80.2264480591,33379,33389,10
13.0226402283,80.2267608643,33389,33399,10
13.0229196548,80.2270431519,33399,33409,10
13.0230398178,80.2272186279,33409,33419,10
13.0231399536,80.2273406982,33419,33429,10
13.0232896805,80.2274398804,33429,33449,20
13.0232896805,80.2274398804,33449,33459,10
13.0235795975,80.2276916504,33459,33469,10
13.0238599777,80.227897644,33469,33479,10
13.024140358,80.2281570435,33479,33490,11
13.0243997574,80.2285003662,33490,33500,10
13.0245895386,80.2287826538,33500,33516,16
13.0247898102,80.2290420532,33516,33528,12
13.0249900818,80.229309082,33528,33538,10
13.0251703262,80.2295227051,33538,33548,10
13.0254201889,80.2298126221,33548,33558,10
13.0256595612,80.2301101685,33558,33599,41
13.0256595612,80.2301101685,33599,33610,11
13.0257701874,80.2304382324,33610,33619,9
13.0259399414,80.2307434082,33619,33630,11
13.02602005,80.231086731,33630,33640,10
13.0262203217,80.231300354,33640,33650,10
13.0267801285,80.2311630249,33650,33660,10
13.0275096893,80.2309875488,33660,33670,10
13.0284004211,80.2308807373,33670,33680,10
13.0285596848,80.2308731079,33680,33690,10
13.0286502838,80.2308807373,33690,33700,10
13.0291700363,80.2308425903,33700,33710,10
13.0297603607,80.2307815552,33710,33721,11
13.0303697586,80.2307281494,33721,33730,9
13.0307302475,80.2306213379,33730,33751,21
13.0307302475,80.2306213379,33751,33761,10
13.030670166,80.2303009033,33761,33771,10
13.0304498672,80.2296905518,33771,33781,10
13.0302696228,80.2289505005,33781,33791,10
13.0303201675,80.2283782959,33791,33801,10
13.0303401947,80.2283401489,33801,33811,10
13.030380249,80.2279815674,33811,33822,11
13.0303602219,80.2275466919,33822,33832,10
13.0297603607,80.2274169922,33832,33842,10
13.0289402008,80.2272567749,33842,33852,10
13.028380394,80.2270965576,33852,33862,10
13.0279798508,80.2269363403,33862,33872,10
13.0279598236,80.2265396118,33872,33882,10
13.0281095505,80.2258605957,33882,33892,10
13.0282802582,80.224899292,33892,33902,10
13.0285701752,80.2239990234,33902,33912,10
13.0288200378,80.2239837646,33912,33922,10
13.0288801193,80.2240219116,33922,33933,11
13.0291404724,80.2242507935,33933,33943,10
13.029800415,80.2242584229,33943,33953,10
13.0305995941,80.2242736816,33953,33963,10
13.0311803818,80.2241363525,33963,33973,10
13.0311698914,80.2238082886,33973,33983,10
13.0311603546,80.2232437134,33983,33993,10
13.0311403275,80.223197937,33993,34003,10
13.0311803818,80.2229232788,34003,34013,10
13.0314397812,80.2224578857,34013,34023,10
13.0317602158,80.2218017578,34023,34033,10
13.0320196152,80.2209777832,34033,34043,10
13.0321798325,80.219909668,34043,34064,21
13.0321798325,80.219909668,34064,34074,10
13.0322303772,80.2196426392,34074,34084,10
13.0321998596,80.2191314697,34084,34094,10
13.0320100784,80.2185211182,34094,34104,10
13.0314998627,80.218132019,34104,34114,10
13.031419754,80.217300415,34114,34124,10
13.0313501358,80.217048645,34124,34134,10
13.0309801102,80.2170410156,34134,34144,10
13.0305204391,80.2169036865,34144,34154,10
13.0304698944,80.2166671753,34154,34165,11
13.0304498672,80.216583252,34165,34175,10
13.0304098129,80.2163009644,34175,34186,11
13.0302801132,80.2155838013,34186,34197,11
13.0302600861,80.2147216797,34197,34206,9
13.0302696228,80.2145385742,34206,34217,11
13.0303497314,80.2141876221,34217,34227,10
13.0304098129,80.213760376,34227,34237,10
13.0304403305,80.2135162354,34237,34248,11
13.0304698944,80.2130203247,34248,34258,10
13.0304498672,80.212348938,34258,34268,10
13.0305099487,80.2117462158,34268,34279,11
13.0306100845,80.2113037109,34279,34289,10
13.0306997299,80.2108612061,34289,34299,10
13.0307197571,80.210319519,34299,34309,10
13.0307197571,80.2103118896,34309,34319,10
13.0308198929,80.2100906372,34319,34329,10
13.0306501389,80.2099609375,34329,34339,10
13.0301504135,80.2097625732,34339,34349,10
13.0301399231,80.2092437744,34349,34379,30
13.0302400589,80.2090988159,34379,34400,21
13.0302400589,80.2090988159,34400,34410,10
13.0303297043,80.2090377808,34410,34420,10
13.0308303833,80.2091522217,34420,34430,10
13.0314798355,80.2093429565,34430,34440,10
13.031539917,80.2093887329,34440,34450,10
13.0316896439,80.2094268799,34450,34460,10
13.0322198868,80.2095718384,34460,34470,10
13.0330095291,80.2096633911,34470,34480,10
13.0339603424,80.2098388672,34480,34490,10
13.0349798203,80.2099304199,34490,34501,11
13.0351896286,80.209312439,34501,34511,10
13.0352897644,80.2086715698,34511,34531,20
13.0352897644,80.2086715698,34531,34541,10
13.0353498459,80.2083206177,34541,34551,10
13.0353803635,80.2077178955,34551,34561,10
13.0354995728,80.2069091797,34561,34571,10
13.035610199,80.2061233521,34571,34581,10
13.0355100632,80.2059783936,34581,34591,10
13.035490036,80.2056427002,34591,34601,10
13.0354604721,80.2054290771,34601,34611,10
13.0355501175,80.2052612305,34611,34622,11
13.0357398987,80.2049179077,34622,34632,10
13.0358600616,80.2042694092,34632,34642,10
13.0360498428,80.2034988403,34642,34652,10
13.0361099243,80.2026367188,34652,34662,10
13.0362796783,80.2015991211,34662,34682,20
13.0362796783,80.2015991211,34682,34692,10
13.0363702774,80.2013015747,34692,34702,10
13.0364704132,80.2007827759,34702,34712,10
13.0365800858,80.1998825073,34712,34722,10
13.0367698669,80.1988372803,34722,34733,11
13.0367803574,80.1983413696,34733,34743,10
13.0368404388,80.1981277466,34743,34753,10
13.036860466,80.1976470947,34753,34763,10
13.036860466,80.1970672607,34763,34773,10
13.0369997025,80.1965026855,34773,34791,18
13.0371103287,80.1961288452,34791,34803,12
13.0371999741,80.1954803467,34803,34811,8
13.0373296738,80.1948013306,34811,34823,12
13.0375099182,80.1936264038,34823,34833,10
13.0378198624,80.1927871704,34833,34873,40
13.0378198624,80.1927871704,34873,34884,11
13.0381603241,80.192741394,34884,34894,10
13.0386800766,80.1928634644,34894,34904,10
13.0387201309,80.1928634644,34904,34914,10
13.0389699936,80.1929168701,34914,34924,10
13.0395402908,80.1930236816,34924,34934,10
13.0403404236,80.1931610107,34934,34944,10
13.0409202576,80.1932220459,34944,34955,11
13.0416097641,80.1933517456,34955,34965,10
13.0418195724,80.1936416626,34965,34975,10
13.0417900085,80.1938705444,34975,34985,10
13.0417604446,80.1942062378,34985,34995,10
13.041680336,80.1948699951,34995,35005,10
13.041560173,80.1957778931,35005,35015,10
13.0414600372,80.1963195801,35015,35025,10
13.0413799286,80.1967163086,35025,35035,10
13.0413599014,80.1969223022,35035,35045,10
13.0412902832,80.197517395,35045,35055,10
13.0411701202,80.1983566284,35055,35064,9
13.0410404205,80.1991577148,35064,35076,12
13.0410299301,80.1992721558,35076,35086,10
13.0409803391,80.1998672485,35086,35096,10
13.0408496857,80.2006225586,35096,35106,10
13.0407495499,80.2014923096,35106,35116,10
13.0406503677,80.2020568848,35116,35126,10
13.0405797958,80.2025985718,35126,35136,10
13.040430069,80.2034072876,35136,35146,10
13.0403003693,80.2043533325,35146,35156,10
13.0402803421,80.2045669556,35156,35166,10
13.0402297974,80.2048721313,35166,35177,11
13.0407400131,80.2050476074,35177,35187,10
13.0412302017,80.2051467896,35187,35197,10
13.0412998199,80.2051696777,35197,35207,10
13.0417499542,80.2052307129,35207,35217,10
13.0424003601,80.2053527832,35217,35227,10
13.0426998138,80.2054367065,35227,35237,10
13.0427999496,80.2056503296,35237,35247,10
13.043129921,80.206161499,35247,35257,10
13.0436000824,80.2068405151,35257,35267,10
13.044090271,80.2077102661,35267,35277,10
13.0441703796,80.2086791992,35277,35287,10
13.0441904068,80.2090377808,35287,35297,10
13.0441999435,80.2091674805,35297,35308,11
13.0442199707,80.2097015381,35308,35318,10
13.0442495346,80.2104797363,35318,35328,10
13.0442800522,80.21144104,35328,35338,10
13.0443401337,80.212097168,35338,35348,10
13.044670105,80.2122421265,35348,35358,10
13.0449695587,80.2121963501,35358,35367,9
13.045419693,80.2121734619,35367,35378,11
13.0462198257,80.2121505737,35378,35388,10
13.0469903946,80.2120819092,35388,35398,10
13.04708004,80.2119827271,35398,35409,11
13.0470399857,80.2117767334,35409,35419,10
13.0470199585,80.2117004395,35419,35429,10
13.0470199585,80.2112579346,35429,35439,10
13.04708004,80.2108001709,35439,35449,10
13.047750473,80.2108230591,35449,35459,10
13.04845047,80.2108001709,35459,35469,10
13.0491199493,80.2108230591,35469,35479,10
13.0495595932,80.2108383179,35479,35489,10
13.0496702194,80.2104415894,35489,35499,10
13.0495901108,80.2097320557,35499,35509,10
13.0495996475,80.2092437744,35509,35520,11
13.0495796204,80.2089080811,35520,35530,10
13.0494203568,80.2083969116,35530,35540,10
13.0488395691,80.2070922852,35540,35580,40
13.0488395691,80.2070922852,35580,35590,10
13.0488195419,80.2068710327,35590,35600,10
13.0490598679,80.2068023682,35600,35610,10
13.0492601395,80.2069320679,35610,35913,303
13.0492601395,80.2069320679,35913,35923,10
13.0492801666,80.2072677612,35923,36942,1019
13.0491304398,80.2072677612,36942,37315,373
13.0492696762,80.2072677612,37315,37769,454
13.0492696762,80.2072677612,37769,37779,10
13.0492296219,80.207359314,37779,39111,1332
13.0491695404,80.2072677612,39111,39333,222
13.0492296219,80.207359314,39333,39575,242
13.0493297577,80.207359314,39575,39616,41
13.0493497849,80.2074203491,39616,39787,171
13.0492200851,80.2074127197,39787,39888,101
13.049200058,80.2073822021,39888,40039,151
13.049200058,80.2073822021,40039,40049,10
13.0490198135,80.2074432373,40049,40059,10
13.0490598679,80.2076568604,40059,40069,10
13.0493202209,80.2082214355,40069,40080,11
13.0494804382,80.2089614868,40080,40090,10
13.0495901108,80.2095794678,40090,40100,10
13.0496997833,80.2102813721,40100,40110,10
13.0497703552,80.2109222412,40110,40120,10
13.0497903824,80.2111663818,40120,40130,10
13.0498304367,80.2114334106,40130,40140,10
13.0498895645,80.211807251,40140,40150,10
13.0499000549,80.2121124268,40150,40160,10
13.0496501923,80.2121734619,40160,40170,10
13.0495595932,80.2121582031,40170,40180,10
13.0494604111,80.2121429443,40180,40191,11
13.0488996506,80.2121505737,40191,40201,10
13.048119545,80.2122116089,40201,40211,10
13.0472202301,80.2122879028,40211,40221,10
13.0462799072,80.2123184204,40221,40231,10
13.0449695587,80.2123794556,40231,40301,70
13.0449695587,80.2123794556,40301,40312,11
13.0447301865,80.2124786377,40312,40322,10
13.0443496704,80.2124404907,40322,40362,40
13.0443496704,80.2124404907,40362,40372,10
13.044260025,80.2123413086,40372,40382,10
13.0441904068,80.2118682861,40382,40392,10
13.0441799164,80.2110671997,40392,40402,10
13.0441503525,80.2101821899,40402,40412,10
13.0440998077,80.2094192505,40412,40423,11
13.0440702438,80.2089233398,40423,40433,10
13.0440502167,80.2082824707,40433,40443,10
13.0438995361,80.2074966431,40443,40453,10
13.043390274,80.206703186,40453,40463,10
13.0427303314,80.2058105469,40463,40472,9
13.0419797897,80.2053070068,40472,40483,11
13.0412101746,80.2051925659,40483,40493,10
13.0403795242,80.2050704956,40493,40503,10
13.0396099091,80.2049636841,40503,40513,10
13.0389204025,80.2048492432,40513,40523,10
13.0382404327,80.2047576904,40523,40534,11
13.0381402969,80.2043762207,40534,40544,10
13.0382404327,80.2038192749,40544,40554,10
13.0383701324,80.2030029297,40554,40564,10
13.0383901596,80.2028198242,40564,40574,10
13.0384101868,80.2027206421,40574,40584,10
13.0384502411,80.2023773193,40584,40594,10
13.0385103226,80.2018508911,40594,40604,10
13.0386104584,80.2014389038,40604,40614,10
13.0386896133,80.2009124756,40614,40624,10
13.0387601852,80.2005004883,40624,40634,10
13.0388402939,80.1998596191,40634,40644,10
13.0389404297,80.1993484497,40644,40655,11
13.0389699936,80.1990127563,40655,40665,10
13.0390195847,80.1985015869,40665,40675,10
13.0391302109,80.1979598999,40675,40685,10
13.0391998291,80.1974868774,40685,40695,10
13.0392799377,80.1968536377,40695,40715,20
13.0392799377,80.1968536377,40715,40725,10
13.0393400192,80.1963882446,40725,40735,10
13.0394496918,80.1956176758,40735,40745,10
13.0395698547,80.1947479248,40745,40755,10
13.0397396088,80.1935272217,40755,40766,11
13.0396604538,80.1930618286,40766,40776,10
13.0391197205,80.1929626465,40776,40786,10
13.0383396149,80.192817688,40786,40796,10
13.0378303528,80.1928634644,40796,40806,10
13.0375795364,80.1934585571,40806,40816,10
13.0374603271,80.1943893433,40816,40826,10
13.0373296738,80.1952972412,40826,40836,10
13.0372600555,80.1958312988,40836,40846,10
13.0372400284,80.1960067749,40846,40856,10
13.0371599197,80.1963577271,40856,40866,10
13.0370397568,80.1970901489,40866,40882,16
13.0368499756,80.1985702515,40882,40895,13
13.0368003845,80.1989212036,40895,40905,10
13.0366802216,80.1995925903,40905,40915,10
13.0365800858,80.2005233765,40915,40925,10
13.0365200043,80.2011108398,40925,40933,8
13.0364704132,80.2012710571,40933,40955,22
13.0364704132,80.2012710571,40955,40965,10
13.0364398956,80.2015609741,40965,40975,10
13.0363998413,80.201789856,40975,40985,10
13.0363998413,80.2018966675,40985,40996,11
13.0362596512,80.2024536133,40996,41006,10
13.0361099243,80.2032928467,41006,41016,10
13.0360002518,80.2043304443,41016,41026,10
13.0358600616,80.2052764893,41026,41036,10
13.0356798172,80.2062988281,41036,41046,10
13.0355701447,80.2071914673,41046,41056,10
13.0354404449,80.2082290649,41056,41066,10
13.0354299545,80.2085418701,41066,41076,10
13.0354299545,80.2085876465,41076,41086,10
13.0353498459,80.2089920044,41086,41096,10
13.0352497101,80.2096862793,41096,41107,11
13.0352096558,80.2100372314,41107,41117,10
13.0350799561,80.2104873657,41117,41127,10
13.0349197388,80.2112197876,41127,41137,10
13.0347204208,80.2120666504,41137,41147,10
13.0340204239,80.2120513916,41147,41157,10
13.0330896378,80.2119598389,41157,41167,10
13.032500267,80.2118988037,41167,41177,10
13.0324201584,80.2118911743,41177,41187,10
13.0319404602,80.2117462158,41187,41197,10
13.0319595337,80.2109909058,41197,41207,10
13.0321102142,80.2100982666,41207,41218,11
13.0318403244,80.209602356,41218,41228,10
13.031080246,80.2093734741,41228,41238,10
13.0305500031,80.2092590332,41238,41248,10
13.0302000046,80.2092208862,41248,41258,10
13.0301198959,80.2094802856,41258,41268,10
13.0300703049,80.2097015381,41268,41278,10
13.0304403305,80.2098388672,41278,41288,10
13.0309000015,80.2099609375,41288,41298,10
13.030960083,80.2102432251,41298,41308,10
13.0309400558,80.2106704712,41308,41318,10
13.0308799744,80.2111816406,41318,41328,10
13.0308103561,80.2117004395,41328,41339,11
13.0306596756,80.2125396729,41339,41349,10
13.0305299759,80.2134780884,41349,41359,10
13.0305204391,80.2137908936,41359,41369,10
13.0304498672,80.2142181396,41369,41379,10
13.030380249,80.2147674561,41379,41389,10
13.0303897858,80.2147827148,41389,41399,10
13.0303602219,80.2149810791,41399,41409,10
13.0303497314,80.2155227661,41409,41419,10
13.0304002762,80.2163772583,41419,41429,10
13.0307102203,80.2168426514,41429,41439,10
13.0312204361,80.2169036865,41439,41450,11
13.0314798355,80.2171173096,41450,41460,10
13.0315599442,80.2177886963,41460,41470,10
13.031920433,80.2183685303,41470,41480,10
13.0322704315,80.2188491821,41480,41490,10
13.0322504044,80.2196807861,41490,41500,10
13.0322399139,80.2202606201,41500,41510,10
13.0322399139,80.2202987671,41510,41520,10
13.0322198868,80.2205505371,41520,41530,10
13.0320596695,80.2211685181,41530,41540,10
13.0317697525,80.2219085693,41540,41550,10
13.0314302444,80.2225570679,41550,41561,11
13.0312004089,80.2233886719,41561,41571,10
13.0311803818,80.2238311768,41571,41581,10
13.0311899185,80.2239227295,41581,41591,10
13.0311203003,80.2242889404,41591,41601,10
13.0304698944,80.2242965698,41601,41611,10
13.0295696259,80.224281311,41611,41621,10
13.0290403366,80.2242584229,41621,41637,16
13.0287599564,80.2241363525,41637,41649,12
13.0284700394,80.2245025635,41649,41659,10
13.0282402039,80.225402832,41659,41669,10
13.0280799866,80.2262268066,41669,41678,9
13.0279397964,80.2268676758,41678,41690,12
13.0282201767,80.2270431519,41690,41700,10
13.0284900665,80.2270584106,41700,41710,10
13.028840065,80.2271194458,41710,41720,10
13.0293903351,80.2272033691,41720,41730,10
13.0302095413,80.2273483276,41730,41739,9
13.030380249,80.2276763916,41739,41750,11
13.0303697586,80.2281188965,41750,41760,10
13.0303697586,80.228302002,41760,41770,10
13.0303201675,80.228843689,41770,41780,10
13.030500412,80.2297592163,41780,41791,11
13.030670166,80.230682373,41791,41811,20
13.030670166,80.230682373,41811,41821,10
13.0303897858,80.2307510376,41821,41831,10
13.0299701691,80.2308120728,41831,41841,10
13.0299701691,80.2308197021,41841,41851,10
13.0298995972,80.2308425903,41851,41861,10
13.0296201706,80.2308502197,41861,41871,10
13.0291500092,80.2309188843,41871,41881,10
13.028550148,80.2309799194,41881,41891,10
13.0280103683,80.2310180664,41891,41902,11
13.0277204514,80.2310562134,41902,41912,10
13.0276603699,80.2313766479,41912,41922,10
13.0277099609,80.2320327759,41922,41932,10
13.0278596878,80.2326126099,41932,41942,10
13.0275497437,80.2328720093,41942,42043,101
13.0275497437,80.2328720093,42043,42053,10
13.0271997452,80.2329483032,42053,42063,10
13.0269603729,80.2329711914,42063,42073,10
13.026550293,80.232963562,42073,42083,10
13.0263004303,80.232421875,42083,42093,10
13.0260696411,80.2315368652,42093,42103,10
13.0256795883,80.23046875,42103,42113,10
13.0253896713,80.2300262451,42113,42123,10
13.0252599716,80.2298736572,42123,42134,11
13.0251502991,80.2297210693,42134,42144,10
13.0250196457,80.2295532227,42144,42154,10
13.0248203278,80.2293167114,42154,42164,10
13.0246801376,80.2291488647,42164,42174,10
13.0239696503,80.2282791138,42174,42194,20
13.0239696503,80.2282791138,42194,42204,10
13.0237598419,80.2280502319,42204,42214,10
13.0233201981,80.2275772095,42214,42224,10
13.0227203369,80.2270126343,42224,42234,10
13.0219497681,80.2263031006,42234,42245,11
13.021109581,80.2257003784,42245,42255,10
13.0209197998,80.2255020142,42255,42265,10
13.020529747,80.2252426147,42265,42275,10
13.0198602676,80.224822998,42275,42285,10
13.0188999176,80.2245025635,42285,42295,10
13.0178003311,80.2249069214,42295,42305,10
13.0168104172,80.2253265381,42305,42315,10
13.0164604187,80.225479126,42315,42325,10
13.0160303116,80.2256088257,42325,42335,10
13.0153799057,80.2258377075,42335,42345,10
13.0147104263,80.2261123657,42345,42355,10
13.0143995285,80.2262268066,42355,42366,11
13.0140695572,80.226348877,42366,42376,10
13.013420105,80.2266082764,42376,42386,10
13.0125703812,80.2269363403,42386,42396,10
13.0115604401,80.2273483276,42396,42406,10
13.0104904175,80.2277832031,42406,42416,10
13.009469986,80.2282409668,42416,42426,10
13.009059906,80.229057312,42426,42436,10
13.0088300705,80.2301712036,42436,42446,10
13.008649826,80.2312393188,42446,42456,10
13.0084495544,80.2323684692,42456,42472,16
13.0081100464,80.2341918945,42472,42485,13
13.0078802109,80.2353820801,42485,42495,10
13.0077600479,80.2360610962,42495,42505,10
13.0075502396,80.2370986938,42505,42514,9
13.0074195862,80.2377700806,42514,42524,10
13.0073604584,80.2380065918,42524,42535,11
13.007349968,80.2380371094,42535,42545,10
13.0072603226,80.2381820679,42545,42555,10
13.0072402954,80.2384262085,42555,42565,10
13.0072002411,80.238609314,42565,42576,11
13.0071802139,80.2387313843,42576,42587,11
13.0070896149,80.2392196655,42587,42637,50
13.0070896149,80.2392196655,42637,42647,10
13.0071201324,80.2393493652,42647,42657,10
13.0070695877,80.2395324707,42657,42667,10
13.0070104599,80.2397689819,42667,42677,10
13.006939888,80.2401885986,42677,42687,10
13.0068798065,80.2404098511,42687,42697,10
13.0068101883,80.240737915,42697,42708,11
13.0067596436,80.2415390015,42708,42718,10
13.006770134,80.2423477173,42718,42728,10
13.0067596436,80.24243927,42728,42738,10
13.0067396164,80.2426223755,42738,42748,10
13.0067501068,80.2428512573,42748,42758,10
13.0067396164,80.2430267334,42758,42768,10
13.0067396164,80.2432403564,42768,42778,10
13.0067300797,80.2434234619,42778,42788,10
13.0067195892,80.2437973022,42788,42798,10
13.0067501068,80.2443466187,42798,42808,10
13.0067396164,80.2447280884,42808,42829,21
13.0067396164,80.2447280884,42829,42839,10
13.0066795349,80.2450332642,42839,42849,10
13.0066900253,80.2455368042,42849,42859,10
13.0067300797,80.2461776733,42859,42869,10
13.0067501068,80.2464523315,42869,42879,10
13.0067596436,80.2466278076,42879,42889,10
13.0067796707,80.246963501,42889,42899,10
13.006770134,80.2474517822,42899,42909,10
13.0067596436,80.2481918335,42909,42919,10
13.0068397522,80.2490386963,42919,42930,11
13.0068798065,80.2493972778,42930,42940,10
13.0068998337,80.2494277954,42940,42950,10
13.0068998337,80.2498168945,42950,42960,10
13.0068702698,80.2503890991,42960,42970,10
13.0068397522,80.2509002686,42970,42980,10
13.0068397522,80.2510299683,42980,42990,10
13.006819725,80.2512969971,42990,43000,10
13.0066995621,80.2518005371,43000,43010,10
13.0065803528,80.2525405884,43010,43020,10
13.0065603256,80.2534332275,43020,43030,10
13.0065803528,80.2543411255,43030,43040,10
13.0066003799,80.2548828125,43040,43051,11
13.0066003799,80.2554931641,43051,43061,10
13.0066099167,80.2562866211,43061,43071,10
13.0065803528,80.2568283081,43071,43081,10
13.0065898895,80.2568588257,43081,43091,10
13.0066404343,80.2570800781,43091,43101,10
13.006529808,80.2574996948,43101,43111,10
13.0060596466,80.2574234009,43111,43121,10
13.0055799484,80.2573394775,43121,43131,10
13.0053300858,80.257232666,43131,43141,10
13.0048398972,80.2571563721,43141,43151,10
13.0041399002,80.2570571899,43151,43162,11
13.003490448,80.2569198608,43162,43172,10
13.0030002594,80.2567901611,43172,43182,10
13.0024995804,80.256729126,43182,43192,10
13.0023097992,80.2566986084,43192,43202,10
13.0017595291,80.2566375732,43202,43212,10
13.0010299683,80.2565231323,43212,43222,10
13.0003700256,80.2564315796,43222,43242,20
13.0003700256,80.2564315796,43242,43252,10
13.0000896454,80.2563171387,43252,43262,10
12.999710083,80.2562713623,43262,43272,10
12.9992904663,80.256187439,43272,43283,11
12.9989299774,80.2561035156,43283,43299,16
12.9981899261,80.2559967041,43299,43311,12
12.997879982,80.2560119629,43311,43321,10
12.9977502823,80.2560424805,43321,43331,10
12.9977197647,80.256072998,43331,43341,10
12.9977397919,80.2563400269,43341,43351,10
12.9976997375,80.2572021484,43351,43371,20
12.9976797104,80.2572097778,43371,43432,61
12.9976797104,80.2572097778,43432,43442,10
12.997759819,80.2572631836,43442,43452,10
12.9981298447,80.2569122314,43452,43462,10
12.9984102249,80.2564620972,43462,53875,10413
12.9984102249,80.2564620972,53875,53885,10
12.9980802536,80.2564315796,53885,53895,10
12.9978103638,80.2563095093,53895,53955,60
12.9978103638,80.2563095093,53955,53966,11
12.9976797104,80.2560272217,53966,53986,20
12.9976797104,80.2560272217,53986,53996,10
12.9978599548,80.255897522,53996,54006,10
12.9982500076,80.2559661865,54006,54016,10
12.9987401962,80.2560119629,54016,54026,10
12.9987602234,80.2560119629,54026,54036,10
12.9988698959,80.2559661865,54036,54046,10
12.9990797043,80.2560195923,54046,54077,31
12.9990797043,80.2560195923,54077,54087,10
12.999329567,80.2560806274,54087,54097,10
12.9997596741,80.2561798096,54097,54107,10
13.0003795624,80.2563171387,54107,54117,10
13.000869751,80.256401062,54117,54127,10
13.0012397766,80.2564926147,54127,54136,9
13.0016298294,80.2565536499,54136,54147,11
13.0023803711,80.2566604614,54147,54156,9
13.003080368,80.2567596436,54156,54167,11
13.0038795471,80.256942749,54167,54177,10
13.0045900345,80.2570800781,54177,54187,10
13.0053396225,80.2571792603,54187,54198,11
13.0062599182,80.2573928833,54198,54218,20
13.0062599182,80.2573928833,54218,54228,10
13.0065202713,80.2573623657,54228,54238,10
13.0065002441,80.2568817139,54238,54248,10
13.0065202713,80.2562637329,54248,54258,10
13.0065202713,80.2555007935,54258,54268,10
13.0065402985,80.2550125122,54268,54278,10
13.006529808,80.2544937134,54278,54349,71
13.006529808,80.2544937134,54349,54359,10
13.0065002441,80.2540435791,54359,54369,10
13.0065498352,80.2533874512,54369,54409,40
13.0065402985,80.2531890869,54409,54450,41
13.0065402985,80.2531890869,54450,54460,10
13.0065498352,80.2530975342,54460,54470,10
13.0065498352,80.2527236938,54470,54480,10
13.0066099167,80.2519302368,54480,54571,91
13.0066099167,80.2519302368,54571,54581,10
13.0066204071,80.2516784668,54581,54591,10
13.0067100525,80.2512283325,54591,54601,10
13.0067195892,80.2505111694,54601,54610,9
13.0067195892,80.2495574951,54610,54621,11
13.0066204071,80.2482070923,54621,54672,51
13.0066204071,80.2482070923,54672,54682,10
13.0066003799,80.2479095459,54682,54692,10
13.0066099167,80.2473068237,54692,54702,10
13.0065498352,80.2466278076,54702,54712,10
13.0065603256,80.2464981079,54712,54722,10
13.0066003799,80.2461471558,54722,54732,10
13.0065698624,80.2455291748,54732,54742,10
13.0065603256,80.2451477051,54742,54752,10
13.0065603256,80.2448577881,54752,54762,10
13.0065603256,80.2446975708,54762,54773,11
13.0066299438,80.2444915771,54773,54783,10
13.0066204071,80.2440567017,54783,54793,10
13.0066204071,80.2434005737,54793,54803,10
13.0065603256,80.2425918579,54803,54813,10
13.0065498352,80.2415771484,54813,54823,10
13.0066604614,80.2406616211,54823,54833,10
13.0066995621,80.2402191162,54833,54843,10
13.0068101883,80.2397079468,54843,54853,10
13.0068998337,80.2391433716,54853,54863,10
13.0070495605,80.2384033203,54863,54879,16
13.0073404312,80.2369232178,54879,54902,23
13.0073404312,80.2369232178,54902,54912,10
13.0073604584,80.2368011475,54912,54922,10
13.0074901581,80.2364501953,54922,54932,10
13.007610321,80.2358779907,54932,54942,10
13.0077600479,80.235168457,54942,54951,9
13.0079097748,80.2343902588,54951,54962,11
13.0081300735,80.2333526611,54962,54972,10
13.008310318,80.2323608398,54972,54982,10
13.008480072,80.2314376831,54982,54992,10
13.0086402893,80.2306137085,54992,55003,11
13.0088396072,80.2294006348,55003,55013,10
13.0090398788,80.2284317017,55013,55023,10
13.0094099045,80.2275619507,55023,55033,10
13.0098104477,80.2266769409,55033,55043,10
13.0102300644,80.2257995605,55043,55053,10
13.0106096268,80.2249984741,55053,55063,10
13.0109596252,80.224281311,55063,55073,10
13.0112895966,80.2234191895,55073,55083,10
13.0116195679,80.2226104736,55083,55093,10
13.0118598938,80.2217712402,55093,55103,10
13.0123195648,80.2215194702,55103,55114,11
13.0126800537,80.2220230103,55114,55124,10
13.0131797791,80.2224807739,55124,55134,10
13.0137300491,80.2231063843,55134,55144,10
13.0141000748,80.223487854,55144,55154,10
13.0143203735,80.2237167358,55154,55164,10
13.0148200989,80.2242965698,55164,55174,10
13.0153198242,80.2247924805,55174,55184,10
13.0154800415,80.2249221802,55184,55194,10
13.0157499313,80.2251586914,55194,55204,10
13.0164003372,80.2252731323,55204,55214,10
13.0172195435,80.2249832153,55214,55224,10
13.0181503296,80.224609375,55224,55235,11
13.0191802979,80.2242279053,55235,55255,20
13.0191802979,80.2242279053,55255,55265,10
13.0194196701,80.224281311,55265,55275,10
13.0197000504,80.2244720459,55275,55285,10
13.020070076,80.2247695923,55285,55294,9
13.0204696655,80.2250518799,55294,55306,12
13.0208501816,80.2253570557,55306,55316,10
13.0212697983,80.2257080078,55316,55326,10
13.0218200684,80.2260818481,55326,55336,10
13.0221204758,80.2263031006,55336,55347,11
13.0224504471,80.2266082764,55347,55357,10
13.0228500366,80.2269897461,55357,55367,10
13.0234603882,80.2275238037,55367,55377,10
13.0238895416,80.2279510498,55377,55387,10
13.0241203308,80.2281723022,55387,55397,10
13.024140358,80.228187561,55397,55407,10
13.0242595673,80.2283630371,55407,55417,10
13.024479866,80.2287216187,55417,55427,10
13.0249004364,80.2292785645,55427,55437,10
13.0254001617,80.2299118042,55437,55447,10
13.0257396698,80.2304000854,55447,55457,10
13.0259103775,80.230758667,55457,55468,11
13.026140213,80.2312164307,55468,55478,10
13.026720047,80.2311019897,55478,55488,10
13.0275201797,80.2309494019,55488,55498,10
13.0283603668,80.2308502197,55498,55524,26
13.0286998749,80.2308120728,55524,55545,21
13.0286998749,80.2308120728,55545,55556,11
13.0291595459,80.230758667,55556,55566,10
13.0295495987,80.2307434082,55566,55576,10
13.0300798416,80.230682373,55576,55586,10
13.0304698944,80.2306518555,55586,55598,12
13.0306301117,80.2306289673,55598,55607,9
13.0306396484,80.2306213379,55607,55617,10
13.0305995941,80.2302322388,55617,55628,11
13.0304002762,80.2295837402,55628,55638,10
13.0303201675,80.2287979126,55638,55648,10
13.0303697586,80.2283477783,55648,55658,10
13.0303697586,80.2283325195,55658,55668,10
13.0304098129,80.2279891968,55668,55678,10
13.0304203033,80.2276763916,55678,55689,11
13.0300502777,80.2274398804,55689,55699,10
13.0294504166,80.2273483276,55699,55709,10
13.028719902,80.2272262573,55709,55719,10
13.0281400681,80.2270965576,55719,55729,10
13.0278501511,80.2269363403,55729,55739,10
13.0279197693,80.2265625,55739,55749,10
13.0280303955,80.2259216309,55749,55759,10
13.0282802582,80.2250976563,55759,55769,10
13.0284204483,80.2243423462,55769,55779,10
13.0285997391,80.2240600586,55779,55789,10
13.0287704468,80.2240600586,55789,55799,10
13.0288896561,80.2241210938,55799,55810,11
13.0292596817,80.2242736816,55810,55819,9
13.0298900604,80.2242507935,55819,55830,11
13.0306396484,80.2242584229,55830,55840,10
13.031080246,80.2240982056,55840,55850,10
13.0311098099,80.2237167358,55850,55860,10
13.0311698914,80.223197937,55860,55870,10
13.0313997269,80.2225418091,55870,55880,10
13.0316801071,80.2218933105,55880,55890,10
13.0319595337,80.2211303711,55890,55900,10
13.032119751,80.2205429077,55900,55910,10
13.0321702957,80.2203369141,55910,55921,11
13.0321702957,80.2199020386,55921,55931,10
13.0321702957,80.2197418213,55931,55941,10
13.0321702957,80.2194595337,55941,55951,10
13.0321598053,80.2189025879,55951,55961,10
13.0318098068,80.218460083,55961,55971,10
13.0314302444,80.2180404663,55971,55981,10
13.0313796997,80.2172698975,55981,55991,10
13.0312795639,80.2170562744,55991,56001,10
13.0308799744,80.2169876099,56001,56011,10
13.0304002762,80.2168121338,56011,56021,10
13.0304098129,80.2163391113,56021,56032,11
13.0303201675,80.2154693604,56032,56042,10
13.0303001404,80.2148132324,56042,56052,10
13.0303602219,80.2146835327,56052,56062,10
13.0304403305,80.2142028809,56062,56072,10
13.0304803848,80.213760376,56072,56082,10
13.030500412,80.2135467529,56082,56092,10
13.0305500031,80.2131118774,56092,56102,10
13.030670166,80.212387085,56102,56112,10
13.0307598114,80.2118301392,56112,56122,10
13.0307998657,80.2115020752,56122,56132,10
13.0308599472,80.2110977173,56132,56141,9
13.0309000015,80.2107009888,56141,56153,12
13.0309495926,80.2102966309,56153,56163,10
13.0308198929,80.2100906372,56163,56173,10
13.0305099487,80.2099609375,56173,56183,10
13.0300197601,80.2097091675,56183,56193,10
13.030090332,80.2093811035,56193,56233,40
13.030090332,80.2093811035,56233,56243,10
13.0302000046,80.2090988159,56243,56253,10
13.0306997299,80.2091522217,56253,56264,11
13.0314397812,80.2093582153,56264,56274,10
13.0315599442,80.2094268799,56274,56284,10
13.0320901871,80.2095413208,56284,56294,10
13.0328998566,80.2096710205,56294,56304,10
13.0338697433,80.2098388672,56304,56314,10
13.0349197388,80.2099609375,56314,56324,10
13.035200119,80.2092666626,56324,56334,10
13.0352497101,80.2088775635,56334,56344,10
13.0352602005,80.2087173462,56344,56354,10
13.0353403091,80.2081604004,56354,56371,17
13.0355701447,80.2066574097,56371,56384,13
13.0354795456,80.2058792114,56384,56394,10
13.0355501175,80.2054290771,56394,56404,10
13.0356397629,80.2052764893,56404,56414,10
13.0358104706,80.2049713135,56414,56424,10
13.035900116,80.2042694092,56424,56434,10
13.0360298157,80.2035522461,56434,56442,8
13.0361404419,80.2028427124,56442,56454,12
13.0363197327,80.2016601563,56454,56464,10
13.0363397598,80.2014770508,56464,56474,10
13.0363903046,80.2011032104,56474,56484,10
13.0364904404,80.2004394531,56484,56495,11
13.036649704,80.199432373,56495,56505,10
13.0367698669,80.1984481812,56505,56515,10
13.0367803574,80.1983413696,56515,56526,11
13.0368499756,80.1979217529,56526,56536,10
13.0369701385,80.1971893311,56536,56545,9
13.0370702744,80.1965103149,56545,56556,11
13.0370903015,80.1964187622,56556,56566,10
13.0371303558,80.1960678101,56566,56576,10
13.0372200012,80.1954421997,56576,56586,10
13.0373401642,80.1946563721,56586,56596,10
13.0374698639,80.1937408447,56596,56607,11
13.0375995636,80.1929092407,56607,56617,10
13.0378799438,80.192779541,56617,56627,10
13.038649559,80.1928634644,56627,56657,30
13.038649559,80.1928634644,56657,56667,10
13.038860321,80.1928787231,56667,56677,10
13.039150238,80.1929016113,56677,56687,10
13.0396995544,80.1930236816,56687,56697,10
13.0402803421,80.1930923462,56697,56707,10
13.0409402847,80.1932220459,56707,56717,10
13.041469574,80.1933364868,56717,56728,11
13.0416898727,80.1936264038,56728,56738,10
13.041680336,80.1938781738,56738,56748,10
13.0416603088,80.1943817139,56748,56758,10
13.041560173,80.1951065063,56758,56768,10
13.0414600372,80.1959228516,56768,56778,10
13.041390419,80.1966094971,56778,56788,10
13.0413303375,80.1968231201,56788,56798,10
13.0413198471,80.1968994141,56798,56808,10
13.0412902832,80.1972198486,56808,56818,10
13.0411996841,80.197883606,56818,56828,10
13.0410604477,80.1986618042,56828,56839,11
13.0410003662,80.1992721558,56839,56849,10
13.0410003662,80.1993179321,56849,56859,10
13.0409402847,80.1995773315,56859,56869,10
13.0408496857,80.2001037598,56869,56885,16
13.0407104492,80.2013397217,56885,56897,12
13.0406198502,80.2019805908,56897,56907,10
13.0405397415,80.2024230957,56907,56917,10
13.040430069,80.2031021118,56917,56927,10
13.0402898788,80.2040405273,56927,56937,10
13.0401802063,80.2046203613,56937,56947,10
13.0403499603,80.2050170898,56947,56958,11
13.0410699844,80.2051620483,56958,56968,10
13.0412597656,80.2051925659,56968,56978,10
13.0416402817,80.2052307129,56978,56988,10
13.04226017,80.2052993774,56988,56998,10
13.0427799225,80.2057189941,56998,57008,10
13.0431995392,80.2063522339,57008,57018,10
13.0437602997,80.2071609497,57018,57028,10
13.0440397263,80.2079772949,57028,57038,10
13.0440797806,80.2089004517,57038,57048,10
13.0441198349,80.2091369629,57048,57058,10
13.0441398621,80.2093734741,57058,57069,11
13.0441398621,80.2100067139,57069,57079,10
13.0441904068,80.2108612061,57079,57089,10
13.0442399979,80.2118606567,57089,57099,10
13.044500351,80.212272644,57099,57109,10
13.0451402664,80.2122268677,57109,57119,10
13.0459604263,80.2121963501,57119,57129,10
13.0469398499,80.2121582031,57129,57166,37
13.0469398499,80.2121582031,57166,57177,11
13.0470695496,80.2119598389,57177,57188,11
13.0470504761,80.2114028931,57188,57198,10
13.0470399857,80.2108535767,57198,57208,10
13.047539711,80.2108001709,57208,57218,10
13.0480604172,80.2108230591,57218,57226,8
13.0485200882,80.2108306885,57226,57236,10
13.0491895676,80.2108078003,57236,57248,12
13.0496101379,80.2106704712,57248,57258,10
13.0495700836,80.2101287842,57258,57268,10
13.0494604111,80.2094116211,57268,57278,10
13.0494003296,80.2088165283,57278,57288,10
13.049200058,80.2080764771,57288,57299,11
13.0489501953,80.2075119019,57299,57309,10
13.0488004684,80.2070465088,57309,57339,30
13.0488004684,80.2070465088,57339,57349,10
13.0489501953,80.20677948,57349,57359,10
13.0491199493,80.2069091797,57359,57369,10
13.0491600037,80.2071533203,57369,57611,242
13.0491600037,80.2071533203,57611,57621,10
13.0490999222,80.2073898315,57621,57631,10
13.0490703583,80.2075424194,57631,57642,11
13.049200058,80.2079772949,57642,57652,10
13.0494203568,80.2086105347,57652,57661,9
13.0494499207,80.2088088989,57661,57672,11
13.0495595932,80.2093429565,57672,57682,10
13.0496397018,80.2100830078,57682,57692,10
13.0496997833,80.2107696533,57692,57702,10
13.049779892,80.2113037109,57702,57712,10
13.0498399734,80.2118377686,57712,57722,10
13.0498504639,80.2121582031,57722,57732,10
13.0495700836,80.2122421265,57732,57742,10
13.049369812,80.2122268677,57742,57753,11
13.048740387,80.2122497559,57753,57763,10
13.0479297638,80.2123031616,57763,57773,10
13.0468797684,80.2123565674,57773,57783,10
13.0457601547,80.2124023438,57783,57793,10
13.0446596146,80.2124023438,57793,57823,30
13.0446596146,80.2124023438,57823,57833,10
13.0445098877,80.2123565674,57833,57843,10
13.0441904068,80.2122573853,57843,57853,10
13.0441503525,80.2115631104,57853,57864,11
13.0441398621,80.2105789185,57864,57874,10
13.0441303253,80.2101364136,57874,57884,10
13.0441303253,80.2100982666,57884,57894,10
13.0441303253,80.2097625732,57894,57904,10
13.0441198349,80.2094192505,57904,57914,10
13.0440998077,80.2092971802,57914,57924,10
13.0440702438,80.2089996338,57924,57944,20
13.0440702438,80.2089996338,57944,57954,10
13.0440797806,80.2085418701,57954,57964,10
13.0440101624,80.2078323364,57964,57974,10
13.0436000824,80.2070236206,57974,57985,11
13.0429601669,80.2061386108,57985,57994,9
13.0424804688,80.2055587769,57994,58005,11
13.0417604446,80.205291748,58005,58015,10
13.0411100388,80.2052078247,58015,58025,10
13.040719986,80.2051391602,58025,58035,10
13.0401096344,80.2050476074,58035,58045,10
13.0394296646,80.2049636841,58045,58055,10
13.0388803482,80.2048568726,58055,58065,10
13.0382003784,80.2047576904,58065,58075,10
13.0381402969,80.2044296265,58075,58085,10
13.0382404327,80.2037811279,58085,58096,11
13.0383901596,80.2027816772,58096,58106,10
13.0385103226,80.2018432617,58106,58116,10
13.0385799408,80.2013778687,58116,58126,10
13.0386800766,80.2006988525,58126,58136,10
13.038769722,80.1998825073,58136,58146,10
13.038860321,80.1993103027,58146,58156,10
13.0389404297,80.1988830566,58156,58166,10
13.0390396118,80.1981277466,58166,58176,10
13.0392398834,80.1968917847,58176,58196,20
13.0392398834,80.1968917847,58196,58207,11
13.0393104553,80.1964492798,58207,58217,10
13.0394001007,80.1957702637,58217,58227,10
13.0395498276,80.1949462891,58227,58237,10
13.0396795273,80.1938400269,58237,58247,10
13.0397500992,80.1933670044,58247,58257,10
13.0397596359,80.1932830811,58257,58267,10
13.0396900177,80.1930770874,58267,58277,10
13.0392999649,80.1930236816,58277,58287,10
13.0388803482,80.1929092407,58287,58297,10
13.0384397507,80.1928482056,58297,58307,10
13.0381097794,80.1928482056,58307,58318,11
13.0376596451,80.193321228,58318,58328,10
13.0375204086,80.1941833496,58328,58338,10
13.0373497009,80.1952514648,58338,58348,10
13.0372495651,80.1959686279,58348,58358,10
13.0371704102,80.1963729858,58358,58368,10
13.0370798111,80.1970672607,58368,58378,10
13.0369701385,80.1978530884,58378,58388,10
13.0368700027,80.1984634399,58388,58398,10
13.0367898941,80.1989822388,58398,58408,10
13.0367097855,80.1996765137,58408,58425,17
13.0365104675,80.2010269165,58425,58437,12
13.0364398956,80.2015686035,58437,58447,10
13.0363998413,80.2018585205,58447,58457,10
13.0363998413,80.2019805908,58457,58467,10
13.0363197327,80.2024612427,58467,58477,10
13.0362300873,80.2032318115,58477,58487,10
13.0361099243,80.203956604,58487,58497,10
13.0360603333,80.2041931152,58497,58506,9
13.0360403061,80.2044219971,58506,58517,11
13.0359897614,80.2046585083,58517,58527,10
13.035900116,80.2052764893,58527,58537,10
13.0358200073,80.2058029175,58537,58548,11
13.0357704163,80.2060775757,58548,58558,10
13.0356903076,80.2067337036,58558,58568,10
13.0355596542,80.2076187134,58568,58578,10
13.0354204178,80.2083435059,58578,58588,10
13.0354099274,80.2085876465,58588,58598,10
13.035369873,80.2088928223,58598,58608,10
13.0352802277,80.2095336914,58608,58618,10
13.0351696014,80.2102813721,58618,58628,10
13.035030365,80.210647583,58628,58638,10
13.034910202,80.21118927,58638,58648,10
13.0347995758,80.2119064331,58648,58659,11
13.0344400406,80.2121429443,58659,58669,10
13.0338201523,80.2120513916,58669,58679,10
13.0330095291,80.2119903564,58679,58689,10
13.0325498581,80.2119522095,58689,58699,10
13.032500267,80.2119369507,58699,58709,10
13.0320501328,80.2118606567,58709,58719,10
13.0319299698,80.2113800049,58719,58729,10
13.0320196152,80.210609436,58729,58739,10
13.0320901871,80.2098236084,58739,58749,10
13.0315599442,80.2095718384,58749,58759,10
13.030579567,80.209312439,58759,58780,21
13.030579567,80.209312439,58780,58790,10
13.0304498672,80.2092666626,58790,58799,9
13.0301799774,80.2092208862,58799,58810,11
13.0300798416,80.2095565796,58810,58820,10
13.0300798416,80.2095718384,58820,58830,10
13.0300397873,80.2097625732,58830,58840,10
13.0304403305,80.2098999023,58840,58850,10
13.0309200287,80.2100219727,58850,58860,10
13.0309801102,80.2102737427,58860,58870,10
13.0309200287,80.2107391357,58870,58880,10
13.0308799744,80.211151123,58880,58891,11
13.03083992,80.2116470337,58891,58901,10
13.0307502747,80.2121124268,58901,58911,10
13.0306396484,80.2128372192,58911,58920,9
13.0305404663,80.2135391235,58920,58931,11
13.030500412,80.2138214111,58931,58941,10
13.0304098129,80.2143325806,58941,58951,10
13.0303602219,80.2149581909,58951,58961,10
13.0303602219,80.2156600952,58961,58971,10
13.0304002762,80.216506958,58971,58981,10
13.030670166,80.2168884277,58981,58991,10
13.0312204361,80.2169265747,58991,59002,11
13.0314598083,80.2172470093,59002,59012,10
13.0315198898,80.2179794312,59012,59022,10
13.0320196152,80.2184295654,59022,59032,10
13.0322599411,80.218963623,59032,59048,16
13.0322599411,80.220199585,59048,59060,12
13.0322504044,80.220451355,59060,59070,10
13.0321502686,80.2208633423,59070,59079,9
13.0320196152,80.2214126587,59079,59090,11
13.0316400528,80.2222976685,59090,59100,10
13.0313196182,80.2228469849,59100,59110,10
13.0312004089,80.2235183716,59110,59121,11
13.0311803818,80.2237701416,59121,59131,10
13.0311803818,80.2240905762,59131,59141,10
13.0308799744,80.224357605,59141,59151,10
13.0301504135,80.224319458,59151,59161,10
13.0293798447,80.2242965698,59161,59171,10
13.0290699005,80.2242736816,59171,59181,10
13.0287599564,80.224067688,59181,59191,10
13.028459549,80.2242889404,59191,59201,10
13.0282897949,80.2250976563,59201,59211,10
13.0279397964,80.2267684937,59211,59221,10
13.0279397964,80.2267684937,59221,59232,11
13.0279903412,80.2270278931,59232,59242,10
13.0283298492,80.2271194458,59242,59252,10
13.0285100937,80.2271575928,59252,59262,10
13.0288801193,80.2272109985,59262,59272,10
13.0295200348,80.2273178101,59272,59288,16
13.0304203033,80.2275466919,59288,59300,12
13.0303897858,80.2280197144,59300,59308,8
13.0303897858,80.2280426025,59308,59320,12
13.030380249,80.2283401489,59320,59330,10
13.0303201675,80.2289199829,59330,59340,10
13.0303897858,80.2295227051,59340,59351,11
13.0306301117,80.2301635742,59351,59361,10
13.0306997299,80.2305297852,59361,59371,10
13.0306901932,80.2307281494,59371,59381,10
13.0300397873,80.2308120728,59381,59400,19
13.0300397873,80.2308120728,59400,59411,11
13.0297603607,80.2308578491,59411,59421,10
13.0292100906,80.2309112549,59421,59431,10
13.0285100937,80.2310028076,59431,59441,10
13.0278997421,80.231048584,59441,59451,10
13.0276403427,80.2311630249,59451,59462,11
13.0277004242,80.2317581177,59462,59472,10
13.0277996063,80.2323532104,59472,59482,10
13.0278100967,80.2328109741,59482,59492,10
13.0269603729,80.2329483032,59492,59522,30
13.0269603729,80.2329483032,59522,59532,10
13.0269298553,80.2330474854,59532,59542,10
13.0266399384,80.2330474854,59542,59552,10
13.026309967,80.2326889038,59552,59562,10
13.0260896683,80.2319107056,59562,59573,11
13.0257997513,80.2308578491,59573,59583,10
13.0253200531,80.2299423218,59583,59593,10
13.0249900818,80.2294998169,59593,59602,9
13.0249900818,80.2294921875,59602,59613,11
13.024889946,80.2293701172,59613,59623,10
13.0245800018,80.2289810181,59623,59633,10
13.024189949,80.2285308838,59633,59643,10
13.0239095688,80.2282104492,59643,59653,10
13.0237102509,80.2279815674,59653,59663,10
13.0234098434,80.2276535034,59663,59673,10
13.0229597092,80.2272415161,59673,59684,11
13.0222597122,80.2266311646,59684,59693,9
13.0216197968,80.2260818481,59693,59704,11
13.0208902359,80.2254867554,59704,59714,10
13.0200796127,80.2249298096,59714,59724,10
13.0191698074,80.2244796753,59724,59734,10
13.0180997849,80.2247619629,59734,59744,10
13.0171203613,80.225189209,59744,59754,10
13.0166597366,80.2254180908,59754,59764,10
13.0164203644,80.2255020142,59764,59774,10
13.0160598755,80.2256011963,59774,59784,10
13.0155801773,80.2257614136,59784,59795,11
13.0149402618,80.2260665894,59795,59805,10
13.0144100189,80.2262802124,59805,59815,10
13.0142698288,80.2263336182,59815,59825,10
13.0138502121,80.2264785767,59825,59835,10
13.0132799149,80.2266769409,59835,59845,10
13.0125999451,80.2269287109,59845,59855,10
13.0117502213,80.2272720337,59855,59865,10
13.0107498169,80.2276763916,59865,59875,10
13.0097198486,80.2280807495,59875,59885,10
13.0090904236,80.2287979126,59885,59895,10
13.008890152,80.2298278809,59895,59905,10
13.0086898804,80.2308883667,59905,59916,11
13.0085496902,80.2317733765,59916,59926,10
13.0083999634,80.2326126099,59926,59936,10
13.0082902908,80.2333602905,59936,59946,10
13.0082798004,80.2333908081,59946,59956,10
13.0082197189,80.2336425781,59956,59966,10
13.0081396103,80.2340621948,59966,59976,10
13.0080604553,80.2344665527,59976,59986,10
13.0079603195,80.234992981,59986,59996,10
13.0078001022,80.2357788086,59996,60006,10
13.007610321,80.2367172241,60006,60016,10
13.007399559,80.2377166748,60016,60027,11
13.0071897507,80.2388305664,60027,60037,10
13.0069704056,80.2399520874,60037,60047,10
13.0068597794,80.2407684326,60047,60057,10
13.0067796707,80.2416610718,60057,60067,10
13.0067796707,80.2427368164,60067,60077,10
13.0067501068,80.2437210083,60077,60087,10
13.0067100525,80.2447433472,60087,60097,10
13.0067796707,80.245880127,60097,60107,10
13.0068397522,80.2469863892,60107,60117,10
13.0067796707,80.2480621338,60117,60127,10
13.0068502426,80.2490997314,60127,60138,11
13.0068998337,80.2495574951,60138,60148,10
13.0068998337,80.2499313354,60148,60158,10
13.0068597794,80.2505187988,60158,60168,10
13.0068597794,80.250793457,60168,60178,10
13.0068597794,80.2512207031,60178,60187,9
13.0067396164,80.2518081665,60187,60198,11
13.0065803528,80.2527008057,60198,60208,10
13.0065698624,80.2536621094,60208,60218,10
13.0066099167,80.2546386719,60218,60228,10
13.0066299438,80.2548828125,60228,60238,10
13.0066204071,80.2551498413,60238,60249,11
13.0066099167,80.2558822632,60249,60259,10
13.006649971,80.2568435669,60259,60279,20
13.006649971,80.2568435669,60279,60289,10
13.0066604614,80.2569503784,60289,60299,10
13.0067100525,80.2573471069,60299,60309,10
13.0063400269,80.257598877,60309,60319,10
13.005689621,80.2574234009,60319,60329,10
13.0051202774,80.2572784424,60329,60339,10
13.0044403076,80.2571334839,60339,60349,10
13.003780365,80.2569885254,60349,60360,11
13.0032596588,80.2568893433,60360,60370,10
13.0028095245,80.2567977905,60370,60380,10
13.0021600723,80.2566833496,60380,60390,10
13.0013599396,80.2565765381,60390,60450,60
13.0013599396,80.2565765381,60450,60460,10
13.0011796951,80.2565994263,60460,60470,10
13.0005998611,80.2564926147,60470,60481,11
12.9997501373,80.2563171387,60481,60491,10
12.9995803833,80.2562789917,60491,60501,10
12.9994897842,80.2562637329,60501,60511,10
12.9990501404,80.2561798096,60511,60521,10
12.9982995987,80.2560501099,60521,60531,10
12.9977302551,80.2560272217,60531,60561,30
12.9977302551,80.2560272217,60561,60571,10
12.9976997375,80.256149292,60571,60581,10
12.997710228,80.256187439,60581,60592,11
12.9977703094,80.2565765381,60592,60602,10
12.9978199005,80.2568664551,60602,60612,10
12.9976596832,80.257019043,60612,60622,10
12.9975795746,80.2567596436,60622,60652,30
12.9975795746,80.2567596436,60652,60662,10
12.9976301193,80.2565231323,60662,60672,10
12.9976301193,80.2562637329,60672,60783,111
12.9976301193,80.2562637329,60783,60793,10
12.9978504181,80.2563095093,60793,60803,10
12.9979600906,80.2567214966,60803,60814,11
12.9975795746,80.2567901611,60814,61086,272
12.9976396561,80.2568283081,61086,61146,60
12.9976396561,80.2568283081,61146,61157,11
12.9976396561,80.2566680908,61157,61167,10
12.9976701736,80.2563095093,61167,61177,10
12.9976797104,80.2560806274,61177,61187,10
12.9975595474,80.2559890747,61187,61197,10
12.9975204468,80.2559890747,61197,61207,10
12.997420311,80.2560119629,61207,61217,10
12.9970197678,80.2559967041,61217,61227,10
12.9968996048,80.256439209,61227,61237,10
12.9968595505,80.2569885254,61237,61247,10
12.9968595505,80.2571105957,61247,61257,10
12.9968299866,80.2574768066,61257,61268,11
12.9967298508,80.2582321167,61268,61278,10
12.9966402054,80.2590332031,61278,61288,10
12.9965896606,80.2596511841,61288,61298,10
12.9965000153,80.2604598999,61298,61308,10
12.9963998795,80.2613983154,61308,61318,10
12.9963302612,80.2620162964,61318,61328,10
12.9962501526,80.2624816895,61328,61338,10
12.9962301254,80.262588501,61338,61348,10
12.9961500168,80.2630767822,61348,61358,10
12.9961204529,80.2636413574,61358,61368,10
12.996049881,80.2643966675,61368,61379,11
12.9959497452,80.2652893066,61379,61389,10
12.9958496094,80.2662811279,61389,61399,10
12.9957704544,80.2670898438,61399,61409,10
12.9957504272,80.2673797607,61409,61419,10
12.9957399368,80.2675476074,61419,61429,10
12.9959096909,80.2676773071,61429,61439,10
12.996219635,80.2677230835,61439,61449,10
12.9963598251,80.2677536011,61449,61459,10
12.996720314,80.2677688599,61459,61469,10
12.9972200394,80.2676467896,61469,61479,10
12.997759819,80.2675018311,61479,61489,10
12.998459816,80.2673187256,61489,61500,11
12.999250412,80.2670898438,61500,61510,10
13.0000801086,80.2666931152,61510,61530,20
13.0000801086,80.2666931152,61530,61540,10
13.0001602173,80.266418457,61540,61550,10
13.0001802444,80.2659606934,61550,61560,10
13.0002603531,80.2657089233,61560,61570,10
13.0003499985,80.26587677,61570,61580,10
13.0003404617,80.2661972046,61580,61853,273
13.0003404617,80.2661972046,61853,61863,10
13.0003404617,80.2665863037,61863,61873,10
13.0003299713,80.2667694092,61873,61883,10
13.0001401901,80.2669067383,61883,61893,10
12.9996404648,80.2670288086,61893,61903,10
12.9989595413,80.2672195435,61903,61912,9
12.998290062,80.2674026489,61912,61922,10
12.9975795746,80.2676086426,61922,61933,11
12.9968595505,80.2677764893,61933,61944,11
12.9959201813,80.2677536011,61944,62044,100
12.9959201813,80.2677536011,62044,62054,10
12.9956502914,80.2676010132,62054,62065,11
12.9956703186,80.267326355,62065,62075,10
12.9956703186,80.2672805786,62075,62085,10
12.9957103729,80.2669296265,62085,62095,10
12.9957504272,80.2662582397,62095,62105,10
12.9958295822,80.2654571533,62105,62115,10
12.9959602356,80.2646026611,62115,62125,10
12.9960803986,80.2637634277,62125,62135,10
12.9961500168,80.2631530762,62135,62145,10
12.9962100983,80.2625274658,62145,62165,20
12.9962100983,80.2625274658,62165,62176,11
12.9962396622,80.2623672485,62176,62186,10
12.9962797165,80.2619781494,62186,62196,10
12.9963502884,80.2613677979,62196,62206,10
12.9964599609,80.260559082,62206,62216,10
12.996509552,80.2597427368,62216,62226,10
12.9965696335,80.2591400146,62226,62236,10
12.9966497421,80.2583999634,62236,62246,10
12.9967098236,80.2577972412,62246,62256,10
12.9968004227,80.2570114136,62256,62307,51
12.9968004227,80.2570114136,62307,62317,10
12.9968395233,80.2565383911,62317,62327,10
12.9968395233,80.2560882568,62327,62337,10
12.9970598221,80.2558898926,62337,62347,10
12.997590065,80.2559127808,62347,62357,10
12.9982404709,80.2559661865,62357,62367,10
12.9988002777,80.2560195923,62367,62387,20
12.9988002777,80.2560195923,62387,62398,11
12.9989004135,80.2560424805,62398,62408,10
12.9991998672,80.2560882568,62408,62418,10
12.9996500015,80.2561798096,62418,62428,10
13.0002202988,80.2562866211,62428,62438,10
13.0008096695,80.2564086914,62438,62448,10
13.0013799667,80.2565002441,62448,62458,10
13.0020198822,80.2566223145,62458,62468,10
13.002699852,80.256729126,62468,62478,10
13.0033197403,80.2568588257,62478,62487,9
13.0035495758,80.2568969727,62487,62497,10
13.0039196014,80.256980896,62497,62509,12
13.0046100616,80.2570877075,62509,62519,10
13.0052900314,80.2571487427,62519,62529,10
13.0056800842,80.2572784424,62529,62549,20
13.0056800842,80.2572784424,62549,62559,10
13.0059604645,80.2573776245,62559,62569,10
13.0064296722,80.2574234009,62569,62579,10
13.0065202713,80.2570800781,62579,62589,10
13.0065097809,80.2564697266,62589,62599,10
13.0065097809,80.2557525635,62599,62609,10
13.0065202713,80.2554321289,62609,62660,51
13.0065202713,80.2554321289,62660,62670,10
13.0065202713,80.2550201416,62670,62686,16
13.006480217,80.2545623779,62686,62718,32
13.006480217,80.2545623779,62718,62728,10
13.006480217,80.2543792725,62728,62739,11
13.006480217,80.2541732788,62739,62789,50
13.0065097809,80.2537384033,62789,62809,20
13.0065097809,80.2537384033,62809,62819,10
13.0065402985,80.2535476685,62819,62829,10
13.0065402985,80.2533187866,62829,62839,10
13.0065202713,80.2532577515,62839,62850,11
13.0064897537,80.252822876,62850,62900,50
13.0064897537,80.252822876,62900,62910,10
13.0065097809,80.252571106,62910,62920,10
13.0065803528,80.2521820068,62920,62930,10
13.0067100525,80.2515411377,62930,62940,10
13.0067596436,80.2507705688,62940,62950,10
13.0067796707,80.2503967285,62950,62961,11
13.0067796707,80.2499008179,62961,62971,10
13.0066699982,80.248916626,62971,62991,20
13.0066699982,80.248916626,62991,63001,10
13.0066204071,80.2485198975,63001,63092,91
13.0066204071,80.2485198975,63092,63102,10
13.0066099167,80.2482070923,63102,63112,10
13.0066003799,80.2478790283,63112,63122,10
13.0066003799,80.2473220825,63122,63132,10
13.0066003799,80.2468414307,63132,63142,10
13.0065498352,80.2465896606,63142,63152,10
13.0065698624,80.2465286255,63152,63162,10
13.0066003799,80.2464904785,63162,63172,10
13.0066204071,80.2461471558,63172,63182,10
13.0066003799,80.2455673218,63182,63193,11
13.0065698624,80.2449417114,63193,63203,10
13.0065803528,80.2445602417,63203,63213,10
13.0066003799,80.2441635132,63213,63223,10
13.0066003799,80.2437667847,63223,63233,10
13.0065603256,80.2433395386,63233,63243,10
13.0065402985,80.242729187,63243,63253,10
13.0065402985,80.2419204712,63253,63263,10
13.0065803528,80.2410430908,63263,63324,61
13.0065803528,80.2410430908,63324,63334,10
13.0066404343,80.2406463623,63334,63344,10
13.0067100525,80.2402420044,63344,63354,10
13.0068597794,80.2395401001,63354,63364,10
13.0070199966,80.2387924194,63364,63374,10
13.0071697235,80.2379837036,63374,63384,10
13.007349968,80.2371826172,63384,63425,41
13.007349968,80.2371826172,63425,63435,10
13.0074300766,80.2368392944,63435,63445,10
13.007519722,80.236328125,63445,63455,10
13.0076503754,80.2356491089,63455,63465,10
13.0077104568,80.2353820801,63465,63475,10
13.0077295303,80.2352218628,63475,63485,10
13.0078296661,80.2348175049,63485,63495,10
13.0079603195,80.2342376709,63495,63505,10
13.0081195831,80.2333984375,63505,63515,10
13.0083198547,80.2323379517,63515,63525,10
13.0085401535,80.2311782837,63525,63536,11
13.0087795258,80.229927063,63536,63546,10
13.0090198517,80.2287979126,63546,63556,10
13.0093698502,80.2277069092,63556,63566,10
13.0098400116,80.2266693115,63566,63576,10
13.0102901459,80.2258071899,63576,63586,10
13.010720253,80.2249603271,63586,63596,10
13.0110902786,80.224067688,63596,63606,10
13.0113201141,80.2232971191,63606,63635,29
13.0113201141,80.2232971191,63635,63647,12
13.0114297867,80.2230987549,63647,63657,10
13.011639595,80.2226486206,63657,63667,10
13.0119304657,80.2217788696,63667,63677,10
13.0123500824,80.2214889526,63677,63687,10
13.0125303268,80.2218399048,63687,63697,10
13.0129699707,80.2223815918,63697,63707,10
13.0135097504,80.2229385376,63707,63717,10
13.0140304565,80.2235870361,63717,63727,10
13.0147800446,80.2243118286,63727,63737,10
13.0155601501,80.2249984741,63737,63758,21
13.0155601501,80.2249984741,63758,63768,10
13.0157403946,80.2252197266,63768,63778,10
13.0162200928,80.2253570557,63778,63788,10
13.0169401169,80.2251586914,63788,63798,10
13.0177497864,80.2248382568,63798,63808,10
13.0185604095,80.2245025635,63808,63818,10
13.0193395615,80.224281311,63818,63848,30
13.0193395615,80.224281311,63848,63858,10
13.0194797516,80.224319458,63858,63869,11
13.0196304321,80.2244262695,63869,63879,10
13.0198402405,80.224571228,63879,63889,10
13.0201702118,80.224861145,63889,63899,10
13.0205698013,80.225151062,63899,63909,10
13.0209102631,80.2254180908,63909,63919,10
13.0213804245,80.2257995605,63919,63929,10
13.0219802856,80.2262496948,63929,63939,10
13.0226402283,80.2268066406,63939,63949,10
13.0234003067,80.2275085449,63949,63959,10
13.0243701935,80.2285232544,63959,63990,31
13.0243701935,80.2285232544,63990,64000,10
13.024479866,80.2286682129,64000,64010,10
13.0247497559,80.2290878296,64010,64026,16
13.0254898071,80.2300186157,64026,64038,12
13.0258598328,80.230758667,64038,64048,10
13.0259504318,80.2312011719,64048,64058,10
13.0262002945,80.231338501,64058,64068,10
13.0267496109,80.2311706543,64068,64078,10
13.0274801254,80.2310180664,64078,64088,10
13.0282001495,80.2309265137,64088,64169,81
13.0282001495,80.2309265137,64169,64179,10
13.0285997391,80.2309417725,64179,64189,10
13.0287103653,80.2309188843,64189,64199,10
13.0289497375,80.2308883667,64199,64209,10
13.029299736,80.2308807373,64209,64220,11
13.029999733,80.2307891846,64220,64260,40
13.029999733,80.2307891846,64260,64270,10
13.0302400589,80.2307281494,64270,64280,10
13.0304002762,80.2307281494,64280,64290,10
13.0306396484,80.2306976318,64290,64300,10
13.0306596756,80.2306900024,64300,64310,10
13.0306396484,80.2304229736,64310,64320,10
13.030500412,80.2299499512,64320,64331,11
13.0303001404,80.2293014526,64331,64341,10
13.0303497314,80.2282867432,64341,64361,20
13.0303497314,80.2282867432,64361,64371,10
13.0303602219,80.2282104492,64371,64381,10
13.0303697586,80.227897644,64381,64391,10
13.0303697586,80.2275924683,64391,64401,10
13.0299301147,80.2274703979,64401,64411,10
13.0294599533,80.2273712158,64411,64421,10
13.0287799835,80.2272567749,64421,64431,10
13.0282096863,80.2271499634,64431,64442,11
13.0279197693,80.2270126343,64442,64452,10
13.0278997421,80.2267303467,64452,64462,10
13.0280199051,80.2262191772,64462,64472,10
13.0281600952,80.2255096436,64472,64482,10
13.0283403397,80.2246704102,64482,64492,10
13.0287599564,80.2240524292,64492,64521,29
13.0287599564,80.2240524292,64521,64531,10
13.0289001465,80.2241287231,64531,64542,11
13.0291996002,80.2243270874,64542,64553,11
13.0298404694,80.2243118286,64553,64563,10
13.0303897858,80.2243270874,64563,64573,10
13.0310401917,80.224281311,64573,64582,9
13.0311098099,80.224029541,64582,64593,11
13.0311899185,80.2232284546,64593,64613,20
13.0311899185,80.2232284546,64613,64623,10
13.0312995911,80.2228012085,64623,64633,10
13.0314998627,80.2224502563,64633,64643,10
13.0317296982,80.2219696045,64643,64653,10
13.0319795609,80.2213973999,64653,64664,11
13.0321702957,80.2204284668,64664,64674,10
13.0321798325,80.2197418213,64674,64714,40
13.0321798325,80.2197418213,64714,64724,10
13.0322303772,80.219543457,64724,64734,10
13.03221035,80.2192306519,64734,64744,10
13.032119751,80.2186584473,64744,64754,10
13.0315799713,80.2184677124,64754,64764,10
13.0314502716,80.2179031372,64764,64774,10
13.0313596725,80.2172622681,64774,64785,11
13.0311899185,80.217086792,64785,64795,10
13.0308103561,80.2170333862,64795,64805,10
13.0304403305,80.2168731689,64805,64815,10
13.0304203033,80.2164993286,64815,64835,20
13.0304203033,80.2164993286,64835,64845,10
13.030380249,80.216217041,64845,64855,10
13.0303401947,80.2157669067,64855,64865,10
13.0303201675,80.2152175903,64865,64875,10
13.0303602219,80.2145996094,64875,64896,21
13.0303602219,80.2145996094,64896,64906,10
13.0304002762,80.2144088745,64906,64916,10
13.0304498672,80.2140731812,64916,64926,10
13.0304803848,80.2139434814,64926,64936,10
13.0305099487,80.2136764526,64936,64946,10
13.0305404663,80.2134170532,64946,64956,10
13.030579567,80.2129516602,64956,64966,10
13.0306901932,80.2121963501,64966,64976,10
13.0307502747,80.2117462158,64976,64985,9
13.0307998657,80.2114562988,64985,64996,11
13.03083992,80.211151123,64996,65007,11
13.0309095383,80.2108078003,65007,65017,10
13.030960083,80.2103500366,65017,65027,10
13.0308904648,80.2101821899,65027,65037,10
13.0306596756,80.2100524902,65037,65047,10
13.0302295685,80.2098922729,65047,65057,10
13.0301198959,80.2092590332,65057,65148,91
13.0301198959,80.2092590332,65148,65158,10
13.0302295685,80.2091369629,65158,65168,10
13.0304603577,80.2091369629,65168,65178,10
13.0310201645,80.2092819214,65178,65188,10
13.0316200256,80.2093963623,65188,65198,10
13.03166008,80.2094192505,65198,65208,10
13.0317001343,80.2094573975,65208,65218,10
13.0320100784,80.2094802856,65218,65228,10
13.0325698853,80.2095870972,65228,65239,11
13.0333595276,80.2097473145,65239,65249,10
13.0341796875,80.2098999023,65249,65259,10
13.0349903107,80.2099761963,65259,65269,10
13.0351600647,80.209602356,65269,65279,10
13.0352401733,80.2086334229,65279,65307,28
13.0352401733,80.2086334229,65307,65317,10
13.0352401733,80.2086105347,65317,65327,10
13.0352802277,80.2082672119,65327,65337,10
13.0353403091,80.2077713013,65337,65348,11
13.0354404449,80.2070770264,65348,65358,10
13.0355501175,80.206413269,65358,65367,9
13.0354404449,80.2059783936,65367,65378,11
13.0355195999,80.2056503296,65378,65388,10
13.0355195999,80.2055282593,65388,65398,10
13.0355396271,80.2053527832,65398,65408,10
13.0357599258,80.2051773071,65408,65418,10
13.0358600616,80.2048187256,65418,65428,10
13.035900116,80.2044067383,65428,65438,10
13.0359802246,80.203918457,65438,65448,10
13.03606987,80.2033004761,65448,65459,11
13.0361404419,80.2024536133,65459,65469,10
13.0362596512,80.2016601563,65469,65489,20
13.0362596512,80.2016601563,65489,65499,10
13.0363197327,80.2015304565,65499,65509,10
13.0363903046,80.2012176514,65509,65519,10
13.0364198685,80.2006530762,65519,65529,10
13.036529541,80.1999816895,65529,65539,10
13.0366697311,80.1990432739,65539,65549,10
13.036740303,80.1985321045,65549,65559,10
13.0367298126,80.1985168457,65559,65570,11
13.0367898941,80.1984405518,65570,65580,10
13.0368499756,80.1980285645,65580,65590,10
13.0368900299,80.197479248,65590,65600,10
13.0370597839,80.1964187622,65600,65620,20
13.0370597839,80.1964187622,65620,65629,9
13.0370998383,80.1962432861,65629,65639,10
13.0371599197,80.1957397461,65639,65649,10
13.0372695923,80.1950683594,65649,65660,11
13.0374002457,80.1941833496,65660,65670,10
13.0375204086,80.1932220459,65670,65680,10
13.0377397537,80.1928482056,65680,65691,11
13.0379495621,80.1928100586,65691,65701,10
13.0382995605,80.1928482056,65701,65711,10
13.0387601852,80.1929168701,65711,65731,20
13.0387601852,80.1929168701,65731,65741,10
13.0392103195,80.1929779053,65741,65751,10
13.0397796631,80.193069458,65751,65761,10
13.0403604507,80.1931533813,65761,65771,10
13.0411195755,80.1932373047,65771,65781,10
13.0417900085,80.1934204102,65781,65791,10
13.0417699814,80.193862915,65791,65802,11
13.0417499542,80.193977356,65802,65812,10
13.0417203903,80.1943511963,65812,65822,10
13.0416402817,80.1949615479,65822,65832,10
13.0415401459,80.195640564,65832,65842,10
13.041469574,80.1962280273,65842,65852,10
13.0413999557,80.196762085,65852,65862,10
13.041390419,80.1968307495,65862,65872,10
13.0413599014,80.1970367432,65872,65882,10
13.0412998199,80.1974563599,65882,65892,10
13.0412397385,80.1979370117,65892,65902,10
13.0411396027,80.1986618042,65902,65913,11
13.0410499573,80.1993179321,65913,65923,10
13.0410299301,80.1994094849,65923,65933,10
13.0410003662,80.1995773315,65933,65943,10
13.0409603119,80.2000732422,65943,65959,16
13.0407600403,80.2012863159,65959,65971,12
13.0406398773,80.2020263672,65971,65981,10
13.0405597687,80.2024078369,65981,65991,10
13.04047966,80.2029876709,65991,66001,10
13.0404100418,80.2036972046,66001,66011,10
13.040309906,80.2042312622,66011,66021,10
13.0402402878,80.2046737671,66021,66032,11
13.0402002335,80.2049636841,66032,66042,10
13.0404596329,80.205116272,66042,66052,10
13.041270256,80.2052230835,66052,66072,20
13.041270256,80.2052230835,66072,66081,9
13.0416402817,80.2052764893,66081,66091,10
13.04226017,80.205368042,66091,66101,10
13.0427503586,80.2056808472,66101,66112,11
13.0431604385,80.2062988281,66112,66122,10
13.0435800552,80.2069091797,66122,66133,11
13.0439996719,80.2075576782,66133,66143,10
13.0441598892,80.208732605,66143,66163,20
13.0441598892,80.208732605,66163,66173,10
13.0441598892,80.2087783813,66173,66183,10
13.0441799164,80.209022522,66183,66193,10
13.0441999435,80.2092971802,66193,66203,10
13.044210434,80.2097930908,66203,66213,10
13.0442304611,80.2105102539,66213,66223,10
13.044260025,80.2113037109,66223,66233,10
13.0443000793,80.2118530273,66233,66264,31
13.0443000793,80.2118530273,66264,66274,10
13.0443000793,80.2121429443,66274,66284,10
13.0444002151,80.2123336792,66284,66294,10
13.0449199677,80.2123184204,66294,66304,10
13.0456800461,80.2123031616,66304,66314,10
13.0465202332,80.2122879028,66314,66324,10
13.0468301773,80.2123031616,66324,66334,10
13.0470304489,80.2122573853,66334,66354,20
13.0470304489,80.2122573853,66354,66365,11
13.0470399857,80.2119293213,66365,66375,10
13.0470399857,80.2118377686,66375,66385,10
13.0470304489,80.2116165161,66385,66395,10
13.0469703674,80.211151123,66395,66405,10
13.0470504761,80.2108688354,66405,66415,10
13.0473804474,80.2108383179,66415,66425,10
13.0477895737,80.2108383179,66425,66435,10
13.0482997894,80.2108230591,66435,66445,10
13.0488195419,80.2108688354,66445,66465,20
13.0488195419,80.2108688354,66465,66476,11
13.0492200851,80.2108764648,66476,66486,10
13.0494098663,80.2108917236,66486,66496,10
13.0495996475,80.2108230591,66496,66506,10
13.0496196747,80.2104415894,66506,66516,10
13.0495195389,80.2098236084,66516,66526,10
13.0494699478,80.2092437744,66526,66542,16
13.0493803024,80.2086868286,66542,66554,12
13.0491600037,80.2081069946,66554,66562,8
13.0490398407,80.2078018188,66562,66574,12
13.0489597321,80.2076034546,66574,66584,10
13.0488595963,80.2072067261,66584,66615,31
13.0488595963,80.2072067261,66615,66625,10
13.0488901138,80.2070007324,66625,66635,10
13.0489597321,80.2068710327,66635,66644,9
13.0491199493,80.2068710327,66644,66706,62
13.0491199493,80.2068710327,66706,66716,10
13.0492696762,80.20728302,66716,67472,756
13.0492696762,80.20728302,67472,67482,10
13.0490703583,80.2073898315,67482,67493,11
13.049030304,80.2076034546,67493,67503,10
13.0491399765,80.2078933716,67503,67513,10
13.049249649,80.2082595825,67513,67543,30
13.049249649,80.2082595825,67543,67553,10
13.0493602753,80.2087173462,67553,67563,10
13.0494403839,80.2090835571,67563,67573,10
13.0495195389,80.2095184326,67573,67583,10
13.0496196747,80.2100601196,67583,67593,10
13.0496997833,80.2107086182,67593,67634,41
13.0496997833,80.2107086182,67634,67644,10
13.0497903824,80.2111587524,67644,67654,10
13.0498399734,80.2116088867,67654,67664,10
13.0498895645,80.212097168,67664,67674,10
13.0497303009,80.2122573853,67674,67684,10
13.0494604111,80.212272644,67684,67714,30
13.0494604111,80.212272644,67714,67725,11
13.0493097305,80.212272644,67725,67735,10
13.0490198135,80.2122573853,67735,67745,10
13.048620224,80.212272644,67745,67755,10
13.0480203629,80.2123031616,67755,67765,10
13.0472698212,80.2123718262,67765,67775,10
13.0463895798,80.2124023438,67775,67785,10
13.045419693,80.2124481201,67785,67795,10
13.0447101593,80.2124710083,67795,67967,172
13.0447101593,80.2124710083,67967,67977,10
13.0444602966,80.2124710083,67977,67987,10
13.0441999435,80.2121505737,67987,67997,10
13.0441598892,80.2114868164,67997,68007,10
13.0441303253,80.2107086182,68007,68017,10
13.0441102982,80.2101593018,68017,68027,10
13.0440998077,80.2097625732,68027,68037,10
13.0440502167,80.2089309692,68037,68068,31
13.0440502167,80.2089309692,68068,68078,10
13.0440502167,80.2087020874,68078,68088,10
13.0440301895,80.2081832886,68088,68098,10
13.0438604355,80.2075119019,68098,68108,10
13.0434904099,80.2069091797,68108,68124,16
13.0427999496,80.2059402466,68124,68136,12
13.0420598984,80.2054214478,68136,68144,8
13.0416498184,80.2053222656,68144,68156,12
13.0407400131,80.2052001953,68156,68196,40
13.0407400131,80.2052001953,68196,68207,11
13.0403003693,80.2051391602,68207,68218,11
13.0399198532,80.2051086426,68218,68228,10
13.0392999649,80.2050170898,68228,68238,10
13.0388298035,80.2049407959,68238,68248,10
13.0382204056,80.2048416138,68248,68258,10
13.0381002426,80.204788208,68258,68268,10
13.0381202698,80.2043685913,68268,68289,21
13.0381202698,80.2043685913,68289,68299,10
13.0381402969,80.2040863037,68299,68309,10
13.0381803513,80.2037277222,68309,68319,10
13.0382900238,80.2031784058,68319,68329,10
13.0383796692,80.2025680542,68329,68339,10
13.0384702682,80.2019195557,68339,68349,10
13.0385398865,80.2015533447,68349,68359,10
13.0386400223,80.2010574341,68359,68369,10
13.0387201309,80.2004623413,68369,68379,10
13.0388298035,80.1998062134,68379,68389,10
13.0389003754,80.199256897,68389,68406,17
13.0389099121,80.1992416382,68406,68418,12
13.0389204025,80.1987304688,68418,68428,10
13.0390100479,80.1982269287,68428,68438,10
13.0390701294,80.1975479126,68438,68448,10
13.039150238,80.197052002,68448,68458,10
13.0391998291,80.1969833374,68458,68467,9
13.0392503738,80.1967926025,68467,68478,11
13.0392503738,80.1965332031,68478,68490,12
13.0393199921,80.1961135864,68490,68500,10
13.0393800735,80.1955032349,68500,68510,10
13.0394697189,80.1947937012,68510,68521,11
13.0396499634,80.1939620972,68521,68531,10
13.0397195816,80.1932678223,68531,68551,20
13.0397195816,80.1932678223,68551,68561,10
13.0395898819,80.193069458,68561,68571,10
13.0392398834,80.193031311,68571,68581,10
13.0386199951,80.1929397583,68581,68601,20
13.0386199951,80.1929397583,68601,68611,10
13.038310051,80.1929321289,68611,68622,11
13.0377502441,80.1929931641,68622,68632,10
13.037560463,80.1936264038,68632,68642,10
13.0374403,80.1944274902,68642,68652,10
13.037320137,80.1952667236,68652,68662,10
13.0372200012,80.1961593628,68662,68682,20
13.0372200012,80.1961593628,68682,68692,10
13.0371799469,80.1963195801,68692,68702,10
13.0370998383,80.1967697144,68702,68712,10
13.0369997025,80.1974716187,68712,68722,10
13.0369100571,80.1981201172,68722,68733,11
13.0368299484,80.1987686157,68733,68743,10
13.0368299484,80.1987991333,68743,68753,10
13.0367803574,80.1990280151,68753,68763,10
13.0366802216,80.19947052,68763,68773,10
13.0366001129,80.2001571655,68773,68783,10
13.03647995,80.2009429932,68783,68793,10
13.0363998413,80.2015686035,68793,68803,10
13.0363502502,80.2018508911,68803,68823,20
13.0363502502,80.2018508911,68823,68833,10
13.0362901688,80.2021331787,68833,68844,11
13.0361995697,80.2026672363,68844,68854,10
13.0361204147,80.2033615112,68854,68864,10
13.0360298157,80.2040786743,68864,68874,10
13.0359897614,80.2044525146,68874,68884,10
13.0359401703,80.2047195435,68884,68894,10
13.0358600616,80.2052688599,68894,68904,10
13.035779953,80.205909729,68904,68914,10
13.0357599258,80.2060394287,68914,68924,10
13.0357503891,80.2061920166,68924,68934,10
13.0357198715,80.2062988281,68934,68944,10
13.0356798172,80.2066192627,68944,68954,10
13.0355901718,80.2072219849,68954,68965,11
13.035490036,80.2080078125,68965,68975,10
13.0354204178,80.208480835,68975,68995,20
13.0354204178,80.208480835,68995,69005,10
13.0353498459,80.2085800171,69005,69015,10
13.0353097916,80.208946228,69015,69025,10
13.0352401733,80.2094802856,69025,69035,10
13.0351600647,80.2099990845,69035,69045,10
13.0350599289,80.2105484009,69045,69055,10
13.0349397659,80.2108688354,69055,69065,10
13.0348596573,80.2114028931,69065,69076,11
13.0347499847,80.2120437622,69076,69086,10
13.034740448,80.2121429443,69086,69096,10
13.034529686,80.2122573853,69096,69106,10
13.0340595245,80.2121505737,69106,69116,10
13.0334196091,80.2120666504,69116,69126,10
13.032409668,80.2119598389,69126,69166,40
13.032409668,80.2119598389,69166,69176,10
13.0323495865,80.2119903564,69176,69187,11
13.0319700241,80.2118682861,69187,69197,10
13.0319099426,80.2115020752,69197,69207,10
13.0319795609,80.2108764648,69207,69217,10
13.0320501328,80.2101593018,69217,69227,10
13.0319404602,80.2097396851,69227,69237,10
13.0314502716,80.2095794678,69237,69247,10
13.030500412,80.2093276978,69247,69318,71
13.030500412,80.2093276978,69318,69328,10
13.0302696228,80.2092666626,69328,69338,10
13.0301103592,80.2093734741,69338,69348,10
13.0300102234,80.2096405029,69348,69368,20
13.0300102234,80.2096405029,69368,69378,10
13.0299797058,80.2097625732,69378,69388,10
13.0301504135,80.2098999023,69388,69398,10
13.0305404663,80.2099914551,69398,69409,11
13.0308704376,80.2100906372,69409,69419,10
13.0309495926,80.2102584839,69419,69429,10
13.0309200287,80.2105865479,69429,69439,10
13.0308599472,80.2110977173,69439,69449,10
13.0308198929,80.2113571167,69449,69459,10
13.0307798386,80.211807251,69459,69469,10
13.0307102203,80.2121200562,69469,69479,10
13.0306301117,80.2126617432,69479,69489,10
13.0305404663,80.2133026123,69489,69499,10
13.0304899216,80.2137374878,69499,69509,10
13.0304403305,80.2139968872,69509,69519,10
13.0303897858,80.2144088745,69519,69530,11
13.0303297043,80.2148971558,69530,69540,10
13.0303297043,80.2149124146,69540,69550,10
13.0303201675,80.2151794434,69550,69560,10
13.0303297043,80.2156829834,69560,69570,10
13.0303602219,80.2163391113,69570,69580,10
13.0304203033,80.2169189453,69580,69590,10
13.0305995941,80.2170410156,69590,69600,10
13.0306501389,80.2170410156,69600,69610,10
13.03083992,80.2170333862,69610,69620,10
13.0312099457,80.2170181274,69620,69631,11
13.031419754,80.2171936035,69631,69641,10
13.0314702988,80.217666626,69641,69651,10
13.0315303802,80.2183303833,69651,69661,10
13.0320796967,80.2185287476,69661,69671,10
13.0322198868,80.2188568115,69671,69681,10
13.03221035,80.2194137573,69681,69691,10
13.0321998596,80.2198867798,69691,69711,20
13.0321998596,80.2198867798,69711,69721,10
13.0321798325,80.2203979492,69721,69741,20
13.0321798325,80.2203979492,69741,69752,11
13.032119751,80.220741272,69752,69762,10
13.0319900513,80.221282959,69762,69772,10
13.0318803787,80.2216873169,69772,69782,10
13.0316495895,80.22215271,69782,69792,10
13.0315103531,80.2225036621,69792,69802,10
13.0312299728,80.2230300903,69802,69812,10
13.0311403275,80.2235870361,69812,69822,10
13.0311403275,80.2239990234,69822,69832,10
13.031129837,80.2240219116,69832,69842,10
13.031129837,80.2240982056,69842,69852,10
13.0310602188,80.2244110107,69852,69863,11
13.0306797028,80.2244110107,69863,69873,10
13.0301399231,80.2243804932,69873,69883,10
13.0295696259,80.224357605,69883,69893,10
13.0289497375,80.2242431641,69893,69913,20
13.0289497375,80.2242431641,69913,69923,10
13.0287399292,80.2241821289,69923,69933,10
13.028459549,80.2243499756,69933,69943,10
13.0282897949,80.2250137329,69943,69953,10
13.0281200409,80.2258377075,69953,69963,10
13.027970314,80.2265396118,69963,69974,11
13.0279197693,80.2270278931,69974,69984,10
13.0281496048,80.2271728516,69984,69994,10
13.0284900665,80.2272262573,69994,70004,10
13.0286197662,80.2272872925,70004,70014,10
13.0290002823,80.2273483276,70014,70024,10
13.0295696259,80.227432251,70024,70034,10
13.0301799774,80.2275314331,70034,70044,10
13.0303897858,80.2278289795,70044,70054,10
13.0303401947,80.2282409668,70054,70064,10
13.0303297043,80.2283782959,70064,70074,10
13.03028965,80.2287826538,70074,70085,11
13.0303001404,80.2294692993,70085,70095,10
13.0305995941,80.2302474976,70095,70226,131
13.0305995941,80.2302474976,70226,70236,10
13.0306396484,80.2304763794,70236,70246,10
13.0306596756,80.2306976318,70246,70256,10
13.0303602219,80.2308273315,70256,70306,50
13.0303602219,80.2308273315,70306,70317,11
13.0299701691,80.2309112549,70317,70327,10
13.0298204422,80.2309188843,70327,70337,10
13.0297603607,80.2309265137,70337,70347,10
13.029540062,80.2309494019,70347,70357,10
13.0291204453,80.2309799194,70357,70367,10
13.0284500122,80.2310409546,70367,70377,10
13.0277700424,80.2311172485,70377,70387,10
13.0276203156,80.2312927246,70387,70397,10
13.0276603699,80.2317810059,70397,70407,10
13.0277500153,80.2323608398,70407,70417,10
13.0277900696,80.2328491211,70417,70428,11
13.0270996094,80.2330093384,70428,70448,20
13.0270996094,80.2330093384,70448,70458,10
13.0269002914,80.2330322266,70458,70468,10
13.0266895294,80.2331008911,70468,70478,10
13.0263595581,80.233039856,70478,70488,10
13.0261697769,80.2325363159,70488,70498,10
13.0260295868,80.231918335,70498,70508,10
13.0259504318,80.2315826416,70508,70518,10
13.0259399414,80.2315063477,70518,70528,10
13.0258197784,80.231086731,70528,70539,11
13.0255002975,80.2303924561,70539,70549,10
13.0249900818,80.229637146,70549,70559,10
13.0245895386,80.2291412354,70559,70569,10
13.0244197845,80.2289199829,70569,70578,9
13.0239095688,80.2283477783,70578,70599,21
13.0239095688,80.2283477783,70599,70609,10
13.0237598419,80.2281417847,70609,70619,10
13.0234603882,80.2278366089,70619,70629,10
13.0231199265,80.2275238037,70629,70639,10
13.0226898193,80.2270965576,70639,70650,11
13.0221004486,80.2265777588,70650,70660,10
13.0214796066,80.2260513306,70660,70670,10
13.020939827,80.2256088257,70670,70680,10
13.0207700729,80.225479126,70680,70690,10
13.0205898285,80.2253494263,70690,70700,10
13.0201597214,80.2250595093,70700,70710,10
13.0195503235,80.2246627808,70710,70720,10
13.0187397003,80.2245178223,70720,70730,10
13.0177402496,80.2249679565,70730,70740,10
13.0167999268,80.2253570557,70740,70750,10
13.0165596008,80.2254714966,70750,70760,10
13.0163803101,80.2255401611,70760,70771,11
13.0159597397,80.225692749,70771,70781,10
13.0155200958,80.2258605957,70781,70791,10
13.0150499344,80.22605896,70791,70801,10
13.0146303177,80.2262191772,70801,70817,16
13.0145101547,80.2262802124,70817,70829,12
13.0143203735,80.2263183594,70829,70848,19
13.0143203735,80.2263183594,70848,70860,12
13.0141201019,80.2264099121,70860,70870,10
13.0136404037,80.226600647,70870,70881,11
13.0129699707,80.226852417,70881,70891,10
13.0122203827,80.2271499634,70891,70901,10
13.0113697052,80.2274932861,70901,70911,10
13.0104398727,80.2278671265,70911,70922,11
13.0094995499,80.2282409668,70922,70932,10
13.0090103149,80.2290725708,70932,70942,10
13.0088300705,80.230140686,70942,70952,10
13.0086297989,80.2312316895,70952,70962,10
13.0084295273,80.2323074341,70962,70972,10
13.0082397461,80.2335281372,70972,70993,21
13.0082397461,80.2335281372,70993,71003,10
13.0081796646,80.2336883545,71003,71013,10
13.0080900192,80.2340164185,71013,71023,10
13.0080003738,80.2345123291,71023,71033,10
13.0078897476,80.2351379395,71033,71043,10
13.0077295303,80.2359390259,71043,71053,10
13.0075597763,80.2367782593,71053,71063,10
13.0073699951,80.2376785278,71063,71073,10
13.0072202682,80.2385177612,71073,71083,10
13.0070495605,80.2393722534,71083,71093,10
13.0068397522,80.2406768799,71093,71114,21
13.0068397522,80.2406768799,71114,71124,10
13.006770134,80.2408981323,71124,71134,10
13.0067300797,80.2414093018,71134,71144,10
13.0066995621,80.2421569824,71144,71154,10
13.0066795349,80.2429733276,71154,71164,10
13.006649971,80.2436294556,71164,71174,10
13.0066404343,80.2444534302,71174,71184,10
13.0066604614,80.2454223633,71184,71194,10
13.0066795349,80.2457809448,71194,71204,10
13.0066699982,80.245880127,71204,71215,11
13.0066604614,80.2460403442,71215,71225,10
13.0066604614,80.2460784912,71225,71235,10
13.0066795349,80.2464981079,71235,71245,10
13.0067195892,80.2471389771,71245,71255,10
13.0066900253,80.2478179932,71255,71265,10
13.0067195892,80.2486495972,71265,71275,10
13.006819725,80.2496414185,71275,71295,20
13.006819725,80.2496414185,71295,71305,10
13.0068397522,80.2499313354,71305,71315,10
13.0067996979,80.2504425049,71315,71326,11
13.0067901611,80.2514419556,71326,71376,50
13.0067901611,80.2514419556,71376,71386,10
13.0067596436,80.2516708374,71386,71396,10
13.0066404343,80.2521209717,71396,71406,10
13.0065202713,80.2528305054,71406,71416,10
13.0065097809,80.2537078857,71416,71426,10
13.0065498352,80.2547225952,71426,71436,10
13.0065698624,80.2552337646,71436,71447,11
13.0065498352,80.2553405762,71447,71457,10
13.0065402985,80.2557907104,71457,71467,10
13.0065498352,80.2564620972,71467,71477,10
13.0066204071,80.2571334839,71477,71497,20
13.0066204071,80.2571334839,71497,71507,10
13.0066604614,80.2575378418,71507,71517,10
13.0063400269,80.2576293945,71517,71527,10
13.0058698654,80.2574996948,71527,71537,10
13.0054197311,80.2574005127,71537,71547,10
13.0047798157,80.2572631836,71547,71558,11
13.0040397644,80.2571029663,71558,71568,10
13.003370285,80.2569732666,71568,71578,10
13.0027399063,80.2568283081,71578,71588,10
13.0021800995,80.256729126,71588,71598,10
13.001950264,80.256690979,71598,71608,10
13.0014896393,80.2566299438,71608,71618,10
13.0008001328,80.2565383911,71618,71628,10
12.9996299744,80.256362915,71628,71658,30
12.9996299744,80.256362915,71658,71669,11
12.9995498657,80.256362915,71669,71679,10
12.9993000031,80.2562789917,71679,71689,10
12.9989500046,80.2562103271,71689,71699,10
12.9984703064,80.2561187744,71699,71709,10
12.9978103638,80.2560424805,71709,71719,10
12.9973402023,80.2560424805,71719,71735,16
12.9972000122,80.2560272217,71735,71747,12
12.996919632,80.2560806274,71747,71757,10
12.9968700409,80.2562408447,71757,71767,10
12.9968204498,80.257019043,71767,71798,31
12.9968204498,80.257019043,71798,71808,10
12.9968204498,80.2572021484,71808,71818,10
12.9967603683,80.2576065063,71818,71827,9
12.9967098236,80.258102417,71827,71838,11
12.9966402054,80.2586898804,71838,71848,10
12.9965896606,80.2591323853,71848,71858,10
12.9965600967,80.259262085,71858,71868,10
12.9964895248,80.2596130371,71868,71878,10
12.996430397,80.2601394653,71878,71889,11
12.9963703156,80.2608032227,71889,71899,10
12.9963302612,80.2613220215,71899,71909,10
12.9962596893,80.2617721558,71909,71919,10
12.9961595535,80.2624969482,71919,71939,20
12.9961595535,80.2624969482,71939,71949,10
12.9961500168,80.2626037598,71949,71959,10
12.9960899353,80.2629699707,71959,71969,10
12.9960803986,80.263343811,71969,71979,10
12.9960298538,80.2640075684,71979,71989,10
12.9959402084,80.2647628784,71989,71999,10
12.9958400726,80.2656478882,71999,72010,11
12.9957399368,80.266746521,72010,72020,10
12.9956502914,80.2675933838,72020,72030,10
12.9961595535,80.2677612305,72030,72060,30
12.9961595535,80.2677612305,72060,72070,10
12.9963197708,80.2677764893,72070,72080,10
12.9966697693,80.267791748,72080,72090,10
12.9972295761,80.2676315308,72090,72100,10
12.9978704453,80.2674713135,72100,72110,10
12.998459816,80.2673034668,72110,72121,11
12.9991998672,80.2670822144,72121,72131,10
13.0000600815,80.2665100098,72131,72161,30
13.0000600815,80.2665100098,72161,72171,10
13.0000896454,80.2663421631,72171,72181,10
13.0001497269,80.2659072876,72181,72191,10
13.0003004074,80.2658233643,72191,72201,10
13.0001802444,80.2664413452,72201,72393,192
13.0002202988,80.2665863037,72393,72706,313
13.0002202988,80.2665863037,72706,72716,10
13.0003004074,80.2667236328,72716,72726,10
13.0001802444,80.2668991089,72726,72736,10
12.9997997284,80.266998291,72736,72746,10
12.9992399216,80.2671279907,72746,72756,10
12.9985799789,80.2673034668,72756,72766,10
12.9979400635,80.2674636841,72766,72776,10
12.997300148,80.2676696777,72776,72787,11
12.9965400696,80.2678222656,72787,72797,10
12.9960803986,80.2677993774,72797,72807,10
12.9955797195,80.2676010132,72807,72827,20
12.99559021,80.2674102783,72827,72857,30
12.99559021,80.2674102783,72857,72867,10
12.9956197739,80.2670516968,72867,72877,10
12.9956703186,80.2665176392,72877,72887,10
12.9957399368,80.2658309937,72887,72897,10
12.9958400726,80.2650985718,72897,72908,11
12.9959402084,80.2643127441,72908,72918,10
12.9960203171,80.263671875,72918,72928,10
12.9961299896,80.2626190186,72928,72948,20
12.9961299896,80.2626190186,72948,72958,10
12.9961595535,80.2625274658,72958,72968,10
12.9961900711,80.2622528076,72968,72978,10
12.9962301254,80.2618713379,72978,72988,10
12.9962902069,80.2612991333,72988,72998,10
12.9963598251,80.2606124878,72998,73008,10
12.9964103699,80.2599029541,73008,73019,11
12.9964799881,80.2593307495,73019,73029,10
12.9965295792,80.2589263916,73029,73039,10
12.9965801239,80.2584609985,73039,73049,10
12.9966497421,80.2578201294,73049,73059,10
12.9967002869,80.2572021484,73059,73069,10
12.9967498779,80.256729126,73069,73109,40
12.9967498779,80.256729126,73109,73119,10
12.9967699051,80.2565078735,73119,73130,11
12.9968900681,80.2560577393,73130,73140,10
12.9973897934,80.2559509277,73140,73150,10
12.998000145,80.2559661865,73150,73160,10
12.998840332,80.2560501099,73160,73190,30
12.998840332,80.2560501099,73190,73200,10
12.9991397858,80.256111145,73200,73210,10
12.9994697571,80.2561798096,73210,73220,10
12.9997596741,80.2562332153,73220,73230,10
13.0000896454,80.2562866211,73230,73241,11
13.0007200241,80.256401062,73241,73251,10
13.001159668,80.2564697266,73251,73261,10
13.00137043,80.2565231323,73261,73271,10
13.0017499924,80.2565765381,73271,73281,10
13.0021896362,80.2566375732,73281,73291,10
13.0025196075,80.256690979,73291,73301,10
13.0028800964,80.2567596436,73301,73311,10
13.0033197403,80.2568511963,73311,73321,10
13.0038099289,80.256942749,73321,73331,10
13.0042200089,80.2570037842,73331,73341,10
13.0044698715,80.2570571899,73341,73351,10
13.0048503876,80.2571716309,73351,73361,10
13.0055704117,80.257270813,73361,73372,11
13.0061101913,80.2573318481,73372,73382,10
13.0061197281,80.2573318481,73382,73392,10
13.0063400269,80.2574081421,73392,73402,10
13.0064496994,80.2571716309,73402,73412,10
13.0064401627,80.2565689087,73412,73421,9
13.0064401627,80.255859375,73421,73431,10
13.0064601898,80.2552032471,73431,73442,11
13.0064601898,80.2545394897,73442,73452,10
13.0064496994,80.2542724609,73452,73462,10
13.0064601898,80.253868103,73462,73473,11
13.0064601898,80.2532577515,73473,73493,20
13.0064601898,80.2532577515,73493,73503,10
13.006480217,80.2529373169,73503,73513,10
13.0065097809,80.2523498535,73513,73523,10
13.006649971,80.2516098022,73523,73533,10
13.0067100525,80.2509384155,73533,73543,10
13.0066995621,80.2501068115,73543,73553,10
13.0066900253,80.2491378784,73553,73563,10
13.0066299438,80.248260498,73563,73574,11
13.0065803528,80.2476577759,73574,73584,10
13.0065402985,80.2475128174,73584,73654,70
13.0065402985,80.2475128174,73654,73664,10
13.0066003799,80.2473373413,73664,73674,10
13.0066099167,80.247177124,73674,73685,11
13.0065202713,80.2465667725,73685,73705,20
13.0065202713,80.2465667725,73705,73715,10
13.0065803528,80.2462615967,73715,73725,10
13.0065498352,80.2457580566,73725,73735,10
13.0065498352,80.2451782227,73735,73744,9
13.0065498352,80.2449111938,73744,73755,11
13.0065603256,80.2447128296,73755,73765,10
13.0065498352,80.2444763184,73765,73775,10
13.0065498352,80.2441864014,73775,73785,10
13.0065498352,80.243888855,73785,73795,10
13.0065402985,80.2435379028,73795,73806,11
13.0065097809,80.2429580688,73806,73816,10
13.0064897537,80.2422790527,73816,73826,10
13.0065002441,80.2415008545,73826,73836,10
13.0066299438,80.2406616211,73836,73846,10
13.0067901611,80.2398834229,73846,73856,10
13.0069599152,80.2390136719,73856,73865,9
13.007109642,80.238243103,73865,73876,11
13.0072603226,80.2375411987,73876,73886,10
13.0073795319,80.2366867065,73886,73906,20
13.0073795319,80.2366867065,73906,73917,11
13.0074796677,80.2363586426,73917,73927,10
13.0075798035,80.2358627319,73927,73937,10
13.0076799393,80.2353210449,73937,73947,10
13.0077896118,80.2348022461,73947,73957,10
13.0079298019,80.2341690063,73957,73967,10
13.008099556,80.2333984375,73967,73977,10
13.0082798004,80.2324981689,73977,73987,10
13.0084600449,80.2315292358,73987,73997,10
13.008649826,80.2305374146,73997,74007,10
13.0088300705,80.2296524048,74007,74017,10
13.0090398788,80.2286071777,74017,74028,11
13.0093603134,80.2276535034,74028,74038,10
13.0097503662,80.2268066406,74038,74048,10
13.0100603104,80.2261428833,74048,74058,10
13.0103702545,80.2255630493,74058,74068,10
13.0106697083,80.2249526978,74068,74078,10
13.010840416,80.2245483398,74078,74108,30
13.010840416,80.2245483398,74108,74118,10
13.0109796524,80.2242584229,74118,74128,10
13.0111198425,80.2238616943,74128,74159,31
13.0111198425,80.2238616943,74159,74169,10
13.0111103058,80.2237701416,74169,74179,10
13.0112495422,80.2234573364,74179,74189,10
13.0115003586,80.2229385376,74189,74199,10
13.0117998123,80.2222137451,74199,74209,10
13.012169838,80.2215118408,74209,74219,10
13.0124197006,80.2217102051,74219,74229,10
13.0127496719,80.2222137451,74229,74239,10
13.0132398605,80.2227325439,74239,74250,11
13.0138301849,80.2233886719,74250,74260,10
13.0141801834,80.2237701416,74260,74270,10
13.0146198273,80.2242279053,74270,74280,10
13.015130043,80.2247772217,74280,74290,10
13.0155296326,80.2250289917,74290,74310,20
13.0155296326,80.2250289917,74310,74320,10
13.0157403946,80.2252426147,74320,74330,10
13.0162000656,80.2253494263,74330,74340,10
13.0168304443,80.2251663208,74340,74350,10
13.0175304413,80.2249069214,74350,74366,16
13.0186395645,80.2244567871,74366,74379,13
13.0193595886,80.224281311,74379,74399,20
13.0193595886,80.224281311,74399,74409,10
13.0195598602,80.2243804932,74409,74429,20
13.0195598602,80.2243804932,74429,74439,10
13.0197601318,80.2245864868,74439,74449,10
13.0202198029,80.224937439,74449,74459,10
13.0207395554,80.2253112793,74459,74469,10
13.0212898254,80.225730896,74469,74480,11
13.0219297409,80.2262115479,74480,74490,10
13.0225000381,80.2267227173,74490,74500,10
13.0231599808,80.2272872925,74500,74510,10
13.0237998962,80.2279205322,74510,74520,10
13.0244197845,80.2286224365,74520,74530,10
13.0247497559,80.2290802002,74530,74540,10
13.0250301361,80.2294387817,74540,74550,10
13.0253801346,80.2299194336,74550,74560,10
13.0257196426,80.2304992676,74560,74570,10
13.0259799957,80.2312927246,74570,74591,21
13.0259799957,80.2312927246,74591,74601,10
13.0262899399,80.2313079834,74601,74611,10
13.0268201828,80.2311477661,74611,74621,10
13.0274896622,80.2310180664,74621,74631,10
13.027970314,80.2309570313,74631,74641,10
13.0285396576,80.2308883667,74641,74681,40
13.0285396576,80.2308883667,74681,74691,10
13.0289096832,80.2308120728,74691,74701,10
13.029299736,80.2307891846,74701,74712,11
13.0296802521,80.2307662964,74712,74722,10
13.0301704407,80.23072052,74722,74732,10
13.0306100845,80.230682373,74732,74742,10
13.0306396484,80.2306594849,74742,74752,10
13.0306100845,80.2304077148,74752,74762,10
13.0304899216,80.2299804688,74762,74772,10
13.03028965,80.2294464111,74772,74782,10
13.0302200317,80.2290878296,74782,74792,10
13.0302295685,80.2288665771,74792,74802,10
13.03028965,80.2283630371,74802,74823,21
13.03028965,80.2283630371,74823,74833,10
13.0303297043,80.2281570435,74833,74843,10
13.0303697586,80.2277984619,74843,74853,10
13.0302095413,80.2275390625,74853,74863,10
13.0296802521,80.2274169922,74863,74873,10
13.029009819,80.2273025513,74873,74883,10
13.028380394,80.227180481,74883,74893,10
13.0279302597,80.2270202637,74893,74903,10
13.0278596878,80.2267532349,74903,74913,10
13.0279502869,80.2262802124,74913,74924,11
13.0281200409,80.2254562378,74924,74934,10
13.0283002853,80.2245788574,74934,74944,10
13.0284700394,80.2240524292,74944,74954,10
13.0287504196,80.2240371704,74954,74974,20
13.0287504196,80.2240371704,74974,74984,10
13.0289697647,80.2241668701,74984,74994,10
13.0292701721,80.2243118286,74994,75004,10
13.029800415,80.2242965698,75004,75014,10
13.0303096771,80.2243118286,75014,75031,17
13.0311098099,80.2242584229,75031,75043,12
13.0310897827,80.223777771,75043,75053,10
13.0311203003,80.2232284546,75053,75072,19
13.0311203003,80.2232284546,75072,75083,11
13.0311803818,80.22290802,75083,75093,10
13.0313396454,80.2226028442,75093,75103,10
13.031539917,80.2222900391,75103,75113,10
13.0317401886,80.221786499,75113,75123,10
13.0319099426,80.2213821411,75123,75133,10
13.0320901871,80.2206726074,75133,75143,10
13.0321502686,80.2202072144,75143,75154,11
13.0321502686,80.2197570801,75154,75174,20
13.0321502686,80.2197570801,75174,75184,10
13.0321903229,80.2194595337,75184,75194,10
13.0321502686,80.2189712524,75194,75204,10
13.0318803787,80.2185134888,75204,75214,10
13.0314397812,80.2182006836,75214,75224,10
13.0313796997,80.2175292969,75224,75234,10
13.0313396454,80.2171783447,75234,75244,10
13.0311002731,80.2170333862,75244,75254,10
13.0304002762,80.2166976929,75254,75275,21
13.0304002762,80.2166976929,75275,75285,10
13.0303602219,80.216468811,75285,75295,10
13.0303297043,80.2161636353,75295,75305,10
13.0303096771,80.2155227661,75305,75315,10
13.03028965,80.2149429321,75315,75325,10
13.0303497314,80.2145614624,75325,75335,10
13.0304002762,80.2145309448,75335,75345,10
13.0304403305,80.2141265869,75345,75355,10
13.0304803848,80.2137069702,75355,75365,10
13.0305099487,80.2134933472,75365,75376,11
13.0305595398,80.2130203247,75376,75386,10
13.0306301117,80.2124328613,75386,75396,10
13.0307397842,80.2117767334,75396,75406,10
13.0307703018,80.2115020752,75406,75416,10
13.0308303833,80.211151123,75416,75426,10
13.0308799744,80.2108078003,75426,75436,10
13.0309295654,80.2102966309,75436,75446,10
13.0309400558,80.2101974487,75446,75456,10
13.0309000015,80.2100830078,75456,75466,10
13.0306196213,80.2100219727,75466,75476,10
13.0301399231,80.2098770142,75476,75486,10
13.029999733,80.2095718384,75486,75497,11
13.0301198959,80.2091903687,75497,75507,10
13.0304603577,80.2091217041,75507,75517,10
13.0310897827,80.2092590332,75517,75527,10
13.0316696167,80.2094116211,75527,75557,30
13.0316696167,80.2094116211,75557,75567,10
13.0319299698,80.2094802856,75567,75577,10
13.0325403214,80.2095870972,75577,75587,10
13.0332202911,80.2097091675,75587,75597,10
13.0339803696,80.2098693848,75597,75608,11
13.0348300934,80.2099990845,75608,75618,10
13.0351495743,80.2096176147,75618,75628,10
13.0352401733,80.2086715698,75628,75648,20
13.0352401733,80.2086715698,75648,75658,10
13.0352602005,80.2084579468,75658,75668,10
13.035320282,80.2080078125,75668,75684,16
13.035490036,80.2068786621,75684,75696,12
13.0355901718,80.206161499,75696,75706,10
13.0356798172,80.2054672241,75706,75717,11
13.0357198715,80.2051467896,75717,75727,10
13.035779953,80.2048797607,75727,75737,10
13.0358495712,80.204460144,75737,75747,10
13.0359401703,80.2039794922,75747,75757,10
13.0360002518,80.2035598755,75757,75766,9
13.0360202789,80.2033309937,75766,75777,11
13.0360898972,80.2028198242,75777,75787,10
13.0362100601,80.2021026611,75787,75797,10
13.0362901688,80.2015762329,75797,75807,10
13.0362997055,80.2015609741,75807,75817,10
13.0363302231,80.2013397217,75817,75828,11
13.0363798141,80.2009506226,75828,75838,10
13.0364599228,80.2004318237,75838,75848,10
13.0365695953,80.1996765137,75848,75858,10
13.0366802216,80.1988830566,75858,75868,10
13.036740303,80.198348999,75868,75878,10
13.036740303,80.1983413696,75878,75888,10
13.0368099213,80.1979980469,75888,75898,10
13.036860466,80.1976394653,75898,75908,10
13.036939621,80.1970672607,75908,75918,10
13.0370397568,80.1964111328,75918,75928,10
13.0370597839,80.1963424683,75928,75938,10
13.0370998383,80.1960830688,75938,75948,10
13.0371599197,80.1956329346,75948,75959,11
13.0372800827,80.1949386597,75959,75969,10
13.0373697281,80.194229126,75969,75979,10
13.0374803543,80.1933822632,75979,75989,10
13.0376701355,80.1928024292,75989,75999,10
13.0379800797,80.192741394,75999,76009,10
13.0383396149,80.1927871704,76009,76019,10
13.0387001038,80.1928482056,76019,76029,10
13.0388202667,80.1928787231,76029,76039,10
13.0389499664,80.1929397583,76039,76050,11
13.0392599106,80.1929702759,76050,76060,10
13.0397500992,80.1930389404,76060,76070,10
13.0401296616,80.1930999756,76070,76080,10
13.0405597687,80.1931228638,76080,76090,10
13.0412101746,80.1932525635,76090,76100,10
13.041680336,80.193359375,76100,76110,10
13.0417499542,80.1937332153,76110,76120,10
13.0417404175,80.193977356,76120,76130,10
13.0417203903,80.1942596436,76130,76140,10
13.0416402817,80.19480896,76140,76150,10
13.0415496826,80.1954574585,76150,76161,11
13.0414600372,80.1961364746,76161,76171,10
13.0413799286,80.1966629028,76171,76181,10
13.0413503647,80.1967926025,76181,76191,10
13.0413198471,80.196937561,76191,76201,10
13.0412797928,80.1972579956,76201,76211,10
13.0412197113,80.1977462769,76211,76221,10
13.0411300659,80.1983032227,76221,76231,10
13.0410699844,80.198928833,76231,76241,10
13.0409803391,80.1993484497,76241,76251,10
13.0409603119,80.1995315552,76251,76261,10
13.0408802032,80.2000427246,76261,76272,11
13.040769577,80.200843811,76272,76282,10
13.0406703949,80.2016677856,76282,76292,10
13.0405797958,80.2020492554,76292,76302,10
13.0405197144,80.2024993896,76302,76312,10
13.0404195786,80.2031707764,76312,76322,10
13.040309906,80.2039489746,76322,76332,10
13.0402202606,80.204536438,76332,76341,9
13.0401496887,80.2049636841,76341,76352,11
13.0408401489,80.2051086426,76352,76393,41
13.0408401489,80.2051086426,76393,76403,10
13.0410404205,80.2051620483,76403,76413,10
13.0413799286,80.2052078247,76413,76423,10
13.0418996811,80.205291748,76423,76433,10
13.0424604416,80.2053985596,76433,76443,10
13.0427799225,80.2057723999,76443,76453,10
13.0431804657,80.2063674927,76453,76463,10
13.0436601639,80.2070388794,76463,76473,10
13.0440196991,80.2076873779,76473,76483,10
13.0440797806,80.2084121704,76483,76493,10
13.0441198349,80.209022522,76493,76504,11
13.0441398621,80.2091217041,76504,76514,10
13.0441799164,80.2092132568,76514,76524,10
13.0441598892,80.2095184326,76524,76534,10
13.0441799164,80.210067749,76534,76544,10
13.044210434,80.2107925415,76544,76554,10
13.0442495346,80.2116699219,76554,76564,10
13.044380188,80.212272644,76564,76574,10
13.0449495316,80.2122497559,76574,76584,10
13.0457401276,80.2122192383,76584,76594,10
13.046620369,80.2121963501,76594,76604,10
13.0470399857,80.2121810913,76604,76615,11
13.0470695496,80.2121505737,76615,76625,10
13.0470399857,80.2119369507,76625,76635,10
13.0470399857,80.2118988037,76635,76651,16
13.0469903946,80.2112808228,76651,76663,12
13.0470104218,80.2108230591,76663,76671,8
13.0473003387,80.2107772827,76671,76681,10
13.0478897095,80.2107772827,76681,76692,11
13.0485801697,80.2108078003,76692,76704,12
13.0493202209,80.2108001709,76704,76714,10
13.0496101379,80.2106628418,76714,76725,11
13.0495796204,80.2101821899,76725,76735,10
13.0494804382,80.2095336914,76735,76745,10
13.0494003296,80.2090377808,76745,76755,10
13.0493097305,80.2086105347,76755,76765,10
13.0491304398,80.2081069946,76765,76774,9
13.0489301682,80.2075195313,76774,76785,11
13.0487804413,80.2070922852,76785,76795,10
13.0487604141,80.2070236206,76795,76805,10
13.0487804413,80.2069320679,76805,76815,10
13.0488700867,80.2068481445,76815,76825,10
13.0490598679,80.2068405151,76825,76836,11
13.0491600037,80.2068405151,76836,76846,10
13.0492401123,80.2071533203,76846,77684,838
13.0492401123,80.2071533203,77684,77694,10
13.0490598679,80.2076034546,77694,77704,10
13.0491600037,80.2079391479,77704,77714,10
13.0493202209,80.2084197998,77714,77724,10
13.0494604111,80.208946228,77724,77735,11
13.0496101379,80.2096481323,77735,77745,10
13.0496397018,80.2103424072,77745,77755,10
13.0497303009,80.2109603882,77755,77765,10
13.0497903824,80.2114105225,77765,77775,10
13.0498600006,80.2119827271,77775,77785,10
13.0497903824,80.2122192383,77785,77795,10
13.0495004654,80.2121887207,77795,77835,40
13.0495004654,80.2121887207,77835,77845,10
13.0492601395,80.2122192383,77845,77856,11
13.048910141,80.2122192383,77856,77866,10
13.0484399796,80.2122573853,77866,77876,10
13.047829628,80.2123184204,77876,77886,10
13.0471000671,80.2123565674,77886,77896,10
13.0462703705,80.2123718262,77896,77906,10
13.0453796387,80.212387085,77906,77916,10
13.0448703766,80.2124023438,77916,77926,10
13.044839859,80.2124023438,77926,77936,10
13.0445098877,80.2124176025,77936,77946,10
13.0441799164,80.2121887207,77946,77956,10
13.0441503525,80.2115783691,77956,77967,11
13.0441398621,80.2108306885,77967,77977,10
13.0440702438,80.2100982666,77977,77987,10
13.0440597534,80.2093811035,77987,77997,10
13.0440301895,80.2088470459,77997,78013,16
13.0440397263,80.2088165283,78013,78025,12
13.0440502167,80.2086791992,78025,78035,10
13.0440502167,80.2082214355,78035,78045,10
13.0439395905,80.2076263428,78045,78055,10
13.0435400009,80.2069396973,78055,78065,10
13.0431003571,80.2063369751,78065,78076,11
13.0425701141,80.2056503296,78076,78086,10
13.0418701172,80.2052764893,78086,78096,10
13.040769577,80.2051086426,78096,78116,20
13.040769577,80.2051086426,78116,78126,10
13.0404596329,80.2050628662,78126,78136,10
13.0399904251,80.2049636841,78136,78146,10
13.039349556,80.2048416138,78146,78156,10
13.0386600494,80.2047576904,78156,78166,10
13.0381603241,80.2046585083,78166,78176,10
13.0381498337,80.2043075562,78176,78187,11
13.0382204056,80.2038269043,78187,78197,10
13.0382995605,80.2032623291,78197,78207,10
13.0383901596,80.202507019,78207,78217,10
13.0384702682,80.2018508911,78217,78227,10
13.0385503769,80.2014770508,78227,78237,10
13.0386295319,80.200958252,78237,78247,10
13.0387201309,80.2003097534,78247,78257,10
13.0388097763,80.1996231079,78257,78267,10
13.0388898849,80.1990127563,78267,78277,10
13.0389499664,80.1984405518,78277,78287,10
13.0390396118,80.1977462769,78287,78298,11
13.0391798019,80.1969985962,78298,78308,10
13.0392103195,80.1968765259,78308,78324,16
13.0392799377,80.1963577271,78324,78336,12
13.0393896103,80.1957168579,78336,78346,10
13.0394496918,80.1951599121,78346,78356,10
13.0395498276,80.1943511963,78356,78366,10
13.0396795273,80.1936569214,78366,78376,10
13.039730072,80.1931381226,78376,78406,30
13.039730072,80.1931381226,78406,78417,11
13.0394001007,80.1929779053,78417,78427,10
13.0386400223,80.1928329468,78427,78447,20
13.0386400223,80.1928329468,78447,78457,10
13.038479805,80.1928405762,78457,78467,10
13.0382604599,80.1928024292,78467,78490,23
13.0375404358,80.1935501099,78490,78502,12
13.0373802185,80.1945114136,78502,78512,10
13.0372695923,80.1952590942,78512,78521,9
13.0371599197,80.1960983276,78521,78543,22
13.0371599197,80.1960983276,78543,78553,10
13.0371398926,80.1963195801,78553,78563,10
13.0370702744,80.1967468262,78563,78573,10
13.0369596481,80.1974029541,78573,78583,10
13.0368499756,80.1981964111,78583,78593,10
13.0367898941,80.198677063,78593,78603,10
13.0367898941,80.1986923218,78603,78613,10
13.0367603302,80.1988983154,78613,78623,10
13.0366802216,80.1993713379,78623,78633,10
13.0365695953,80.200088501,78633,78644,11
13.0364398956,80.2009277344,78644,78654,10
13.0363702774,80.2014770508,78654,78664,10
13.0363397598,80.2017593384,78664,78683,19
13.0363397598,80.2017593384,78683,78694,11
13.0362901688,80.2020797729,78694,78704,10
13.0361700058,80.2026672363,78704,78714,10
13.0360603333,80.2034683228,78714,78724,10
13.0359802246,80.2042388916,78724,78734,10
13.0359201431,80.2046737671,78734,78744,10
13.0358295441,80.2052688599,78744,78755,11
13.0357398987,80.2058868408,78755,78765,10
13.0357398987,80.2059020996,78765,78775,10
13.0357198715,80.2060089111,78775,78785,10
13.0356702805,80.2063980103,78785,78795,10
13.0355701447,80.2070617676,78795,78805,10
13.0354700089,80.207862854,78805,78815,10
13.0354204178,80.2083435059,78815,78825,10
13.0354204178,80.2083587646,78825,78835,10
13.035320282,80.2086715698,78835,78845,10
13.0352296829,80.2092590332,78845,78855,10
13.0351600647,80.2099304199,78855,78876,21
13.0351600647,80.2099304199,78876,78886,10
13.0351200104,80.2100906372,78886,78896,10
13.0350503922,80.2104187012,78896,78906,10
13.0348997116,80.2109527588,78906,78916,10
13.0347795486,80.2117004395,78916,78926,10
13.0345497131,80.2121429443,78926,78936,10
13.0339803696,80.2120666504,78936,78946,10
13.0332202911,80.2119827271,78946,78956,10
13.0325298309,80.2119064331,78956,78966,10
13.0325098038,80.2119216919,78966,78977,11
13.0323696136,80.2119064331,78977,78987,10
13.0319595337,80.2117996216,78987,78997,10
13.0319499969,80.2114028931,78997,79007,10
13.031999588,80.2106323242,79007,79017,10
13.0320796967,80.2098312378,79017,79027,10
13.0315999985,80.2095718384,79027,79037,10
13.0309495926,80.2094268799,79037,79047,10
13.0304803848,80.2092666626,79047,79056,9
13.0302400589,80.2091827393,79056,79067,11
13.0300998688,80.2093734741,79067,79077,10
13.0300703049,80.2095108032,79077,79088,11
13.0300302505,80.209602356,79088,79098,10
13.0302000046,80.2098312378,79098,79108,10
13.0307798386,80.2099761963,79108,79118,10
13.030960083,80.2101135254,79118,79128,10
13.0309400558,80.2104034424,79128,79137,9
13.0308704376,80.2108917236,79137,79148,11
13.0308198929,80.2112197876,79148,79158,10
13.0307598114,80.2116775513,79158,79168,10
13.0306797028,80.2120285034,79168,79178,10
13.0305700302,80.212677002,79178,79188,10
13.0304803848,80.2133712769,79188,79199,11
13.0304498672,80.2137680054,79199,79209,10
13.030380249,80.2140808105,79209,79219,10
13.0303001404,80.2146377563,79219,79229,10
13.0303001404,80.2147598267,79229,79239,10
13.0303096771,80.2148895264,79239,79249,10
13.0303001404,80.2152481079,79249,79259,10
13.0303497314,80.2163314819,79259,79279,20
13.0303497314,80.2163314819,79279,79289,10
13.0303497314,80.2165527344,79289,79299,10
13.030579567,80.2168807983,79299,79309,10
13.0306596756,80.2169036865,79309,79320,11
13.0308799744,80.2169265747,79320,79330,10
13.0311698914,80.2169418335,79330,79340,10
13.0313901901,80.2170715332,79340,79350,10
13.0314502716,80.2175369263,79350,79360,10
13.0315103531,80.218208313,79360,79370,10
13.0320901871,80.2184371948,79370,79380,10
13.03221035,80.2188720703,79380,79390,10
13.0321998596,80.2194671631,79390,79400,10
13.0321998596,80.2203292847,79400,79420,20
13.0321998596,80.2203292847,79420,79431,11
13.0320901871,80.2207183838,79431,79441,10
13.0319595337,80.2213134766,79441,79451,10
13.0316896439,80.2219009399,79451,79461,10
13.0314798355,80.222328186,79461,79471,10
13.0312004089,80.2228775024,79471,79481,10
13.0311403275,80.2235412598,79481,79491,10
13.031129837,80.2239837646,79491,79501,10
13.0311403275,80.2239837646,79501,79517,16
13.0311002731,80.2243118286,79517,79529,12
13.0306100845,80.2243118286,79529,79539,10
13.0302495956,80.2243118286,79539,79549,10
13.0295801163,80.2242965698,79549,79561,12
13.0290002823,80.2242279053,79561,79571,10
13.0289897919,80.2242279053,79571,79581,10
13.028670311,80.2241210938,79581,79591,10
13.0284004211,80.2244033813,79591,79601,10
13.0282402039,80.2251586914,79601,79611,10
13.0280704498,80.2259674072,79611,79621,10
13.0279302597,80.226600647,79621,79631,10
13.0279102325,80.2269592285,79631,79641,10
13.028169632,80.2270965576,79641,79651,10
13.0287399292,80.2272033691,79651,79691,40
13.0303602219,80.2280197144,79691,79702,11
13.0303297043,80.2282028198,79702,79714,12
13.0302600861,80.2288208008,79714,79724,10
13.0303602219,80.2295379639,79724,79734,10
13.0306196213,80.2303237915,79734,79744,10
13.0306596756,80.230682373,79744,79754,10
13.0305595398,80.2307815552,79754,79764,10
13.0301504135,80.2308120728,79764,79775,11
13.0297298431,80.2308502197,79775,79785,10
13.0296802521,80.2308425903,79785,79808,23
13.0286102295,80.2309417725,79808,79820,12
13.0278100967,80.2310180664,79820,79830,10
13.0276203156,80.2312088013,79830,79840,10
13.0276498795,80.2316665649,79840,79850,10
13.0277299881,80.232208252,79850,79860,10
13.0278196335,80.2327575684,79860,79870,10
13.0272197723,80.2329177856,79870,79880,10
13.0267801285,80.233001709,79880,79890,10
13.0264902115,80.2330169678,79890,79900,10
13.026260376,80.2326507568,79900,79911,11
13.0261297226,80.2319793701,79911,79921,10
13.0260400772,80.2313079834,79921,79931,10
13.0255804062,80.23046875,79931,79941,10
13.0249700546,80.2295608521,79941,79951,10
13.0246601105,80.2291793823,79951,79961,10
13.0246601105,80.2291717529,79961,79971,10
13.0245895386,80.2290420532,79971,79981,10
13.0243501663,80.2287368774,79981,79992,11
13.024020195,80.2283782959,79992,80002,10
13.0239801407,80.2283096313,80002,80012,10
13.0239295959,80.2281799316,80012,80022,10
13.0237598419,80.2279586792,80022,80032,10
13.0234699249,80.2276763916,80032,80042,10
13.0232601166,80.2274932861,80042,80052,10
13.0229701996,80.2271881104,80052,80062,10
13.022480011,80.2267303467,80062,80072,10
13.0218601227,80.2261962891,80072,80090,18
13.0205001831,80.225189209,80090,80102,12
13.0198802948,80.2248001099,80102,80113,11
13.0194396973,80.2245483398,80113,80122,9
13.018819809,80.2244415283,80122,80135,13
13.0176000595,80.2249603271,80135,80145,10
13.0166196823,80.2253799438,80145,80155,10
13.0158395767,80.2256622314,80155,80165,10
13.0150604248,80.2259674072,80165,80175,10
13.0143098831,80.226272583,80175,80183,8
13.0141601563,80.2263412476,80183,80195,12
13.0139799118,80.2264022827,80195,80205,10
13.0134801865,80.2265777588,80205,80216,11
13.0126895905,80.226890564,80216,80226,10
13.0118398666,80.2272109985,80226,80236,10
13.0109195709,80.2275772095,80236,80245,9
13.0101804733,80.2278518677,80245,80256,11
13.0095796585,80.2281112671,80256,80266,10
13.0091104507,80.2285995483,80266,80276,10
13.008939743,80.2294464111,80276,80286,10
13.0087404251,80.2304382324,80286,80296,10
13.0085401535,80.2314605713,80296,80306,10
13.0083398819,80.2325134277,80306,80316,10
13.0082197189,80.2334518433,80316,80326,10
13.0081996918,80.2335968018,80326,80337,11
13.0081396103,80.2338485718,80337,80347,10
13.0080404282,80.234336853,80347,80357,10
13.0078897476,80.2350463867,80357,80367,10
13.0077199936,80.2358779907,80367,80377,10
13.0075302124,80.2368087769,80377,80387,10
13.0073795319,80.2375869751,80387,80397,10
13.0072803497,80.2380981445,80397,80407,10
13.0071802139,80.2386779785,80407,80417,10
13.0069198608,80.2399215698,80417,80448,31
13.0069198608,80.2399215698,80448,80458,10
13.0069599152,80.2400894165,80458,80468,10
13.0069799423,80.2402420044,80468,80478,10
13.0068798065,80.2406692505,80478,80488,10
13.006819725,80.2409667969,80488,80498,10
13.0067396164,80.2415390015,80498,80508,10
13.0067195892,80.2422790527,80508,80518,10
13.0066795349,80.2432479858,80518,80528,10
13.0066604614,80.2438812256,80528,80538,10
13.0066604614,80.2446136475,80538,80549,11
13.0066604614,80.2454299927,80549,80559,10
13.0066900253,80.2462387085,80559,80569,10
13.0067100525,80.2469329834,80569,80579,10
13.0067100525,80.2473831177,80579,80589,10
13.0067195892,80.2480621338,80589,80599,10
13.006770134,80.248916626,80599,80609,10
13.0068397522,80.2496032715,80609,80619,10
13.0068397522,80.2496490479,80619,80629,10
13.0068101883,80.2500534058,80629,80639,10
13.0067996979,80.2507019043,80639,80656,17
13.0066003799,80.2520599365,80656,80668,12
13.0065002441,80.2531967163,80668,80678,10
13.0064897537,80.2540283203,80678,80688,10
13.0065803528,80.2551116943,80688,80697,9
13.0065803528,80.2551269531,80697,80708,11
13.0065603256,80.2553634644,80708,80718,10
13.0065698624,80.2559890747,80718,80728,10
13.0065698624,80.2568283081,80728,80738,10
13.0065002441,80.2575378418,80738,80747,9
13.0060396194,80.2574920654,80747,80758,11
13.0052204132,80.25730896,80758,80768,10
13.0044202805,80.2571334839,80768,80779,11
13.0038099289,80.2570037842,80779,80789,10
13.0032501221,80.2568817139,80789,80799,10
13.0026502609,80.2567672729,80799,80809,10
13.0020503998,80.256652832,80809,80819,10
13.0014295578,80.2565765381,80819,80829,10
13.0006198883,80.2564620972,80829,80839,10
12.9996995926,80.2562789917,80839,80849,10
12.9985103607,80.2560806274,80849,80869,20
12.9985103607,80.2560806274,80869,80891,22
12.9979400635,80.2559814453,80891,80904,13
12.9970397949,80.2559280396,80904,80914,10
12.9968099594,80.2568130493,80914,80924,10
12.9968099594,80.2568130493,80924,80934,10
12.9968004227,80.257019043,80934,80944,10
12.9967899323,80.2572097778,80944,80954,10
12.996720314,80.2577667236,80954,80964,10
12.9966402054,80.2585220337,80964,80974,10
12.9965295792,80.2593994141,80974,80984,10
12.9964599609,80.2602386475,80984,80994,10
12.9963502884,80.2611694336,80994,81004,10
12.9962797165,80.2618789673,81004,81014,10
12.9961996078,80.2623672485,81014,81025,11
12.9961795807,80.2624588013,81025,81035,10
12.9961595535,80.262802124,81035,81045,10
12.9961204529,80.2632522583,81045,81055,10
12.9960603714,80.2639083862,81055,81065,10
12.9959697723,80.2646713257,81065,81075,10
12.9958400726,80.2657318115,81075,81085,10
12.9957304001,80.2667617798,81085,81095,10
12.9956998825,80.2676086426,81095,81105,10
12.9961795807,80.2676925659,81105,81116,11
12.9961996078,80.2677001953,81116,81126,10
12.9964895248,80.2677536011,81126,81135,9
12.9969797134,80.2676696777,81135,81146,11
12.9977798462,80.2674331665,81146,81156,10
12.9987201691,80.2671737671,81156,81166,10
12.9996795654,80.2668914795,81166,81176,10
13.000120163,80.266456604,81176,81186,10
13.000120163,80.2664489746,81186,81196,10
13.0001602173,80.26612854,81196,81206,10
13.0002298355,80.2652282715,81206,81227,21
13.0002298355,80.2652282715,81227,81237,10
13.0001602173,80.2651901245,81237,81247,10
12.9998598099,80.2651824951,81247,81257,10
12.9993495941,80.2651062012,81257,81267,10
12.9988698959,80.2650527954,81267,81277,10
12.9983997345,80.2649765015,81277,81287,10
12.997879982,80.2649536133,81287,81296,9
12.9973697662,80.2648925781,81296,81307,11
12.9967403412,80.2648162842,81307,81317,10
12.9962100983,80.2647781372,81317,81327,10
12.9960002899,80.2646179199,81327,81338,11
12.9960203171,80.2641601563,81338,81348,10
12.9960803986,80.2635498047,81348,81358,10
12.9961500168,80.2629089355,81358,81368,10
12.9961900711,80.2623291016,81368,81378,10
12.9962596893,80.2618103027,81378,81388,10
12.9963302612,80.261138916,81388,81398,10
12.9964199066,80.2603988647,81398,81408,10
12.9965000153,80.2596817017,81408,81418,10
12.9965696335,80.2589035034,81418,81428,10
12.9966602325,80.2580337524,81428,81438,10
12.996720314,80.2572631836,81438,81448,10
12.9967803955,80.2565307617,81448,81459,11
12.9968795776,80.255897522,81459,81469,10
12.9970302582,80.2557983398,81469,81479,10
12.9973297119,80.255821228,81479,81489,10
12.997590065,80.255859375,81489,81499,10
12.9976196289,80.2558670044,81499,81509,10
12.997710228,80.2560424805,81509,81519,10
12.9976997375,80.2561035156,81519,81529,10
12.9978103638,80.256401062,81529,81598,69
12.9978103638,80.256401062,81598,81608,10
12.9979000092,80.2566375732,81608,81618,10
12.9980697632,80.2571029663,81618,81628,10
12.9984397888,80.2569732666,81628,81637,9
