12.9981002808,80.2571029663,21253,21314,61
12.9981002808,80.2571029663,21314,21324,10
12.9980897903,80.2570800781,21324,23577,2253
12.9980897903,80.2570800781,23577,23587,10
12.9979896545,80.2569885254,23587,23597,10
12.997759819,80.256729126,23597,23607,10
12.9977502823,80.256362915,23607,23648,41
12.9977502823,80.256362915,23648,23658,10
12.9977397919,80.2561569214,23658,23668,10
12.9977397919,80.2561187744,23668,23678,10
12.997759819,80.2560119629,23678,23688,10
12.9976100922,80.2559127808,23688,23698,10
12.9970703125,80.255897522,23698,23708,10
12.9966201782,80.2558898926,23708,23718,10
12.9958400726,80.2558822632,23718,23728,10
12.9951000214,80.2558822632,23728,23737,9
12.9944696426,80.2559204102,23737,23749,12
12.9932804108,80.2560424805,23749,23759,10
12.9922399521,80.2560806274,23759,23769,10
12.9914598465,80.2560577393,23769,23779,10
12.9908399582,80.2560424805,23779,23789,10
12.9901800156,80.2559967041,23789,23799,10
12.9893503189,80.2559661865,23799,23809,10
12.9886198044,80.255897522,23809,23819,10
12.9882001877,80.2558364868,23819,23860,41
12.9882001877,80.2558364868,23860,23870,10
12.9879598618,80.255859375,23870,23880,10
12.9876499176,80.2562179565,23880,23890,10
12.987569809,80.2570800781,23890,23900,10
12.9874696732,80.2581863403,23900,23910,10
12.9873695374,80.2590332031,23910,23920,10
12.9872703552,80.2594985962,23920,23930,10
12.9871501923,80.259552002,23930,23940,10
12.9870004654,80.2595214844,23940,23950,10
12.9866600037,80.2594223022,23950,24041,91
12.9866600037,80.2594223022,24041,24051,10
12.9866504669,80.2590484619,24051,24061,10
12.9871301651,80.2591171265,24061,24091,30
12.9871301651,80.2591171265,24091,24102,11
12.9873600006,80.2590866089,24102,24112,10
12.9874200821,80.2588195801,24112,24122,10
12.9874095917,80.2583312988,24122,24142,20
12.9874095917,80.2583312988,24142,24152,10
12.9874696732,80.2579574585,24152,24162,10
12.9875297546,80.2573394775,24162,24172,10
12.9876403809,80.2563476563,24172,24192,20
12.9876403809,80.2563476563,24192,24202,10
12.9876499176,80.2561416626,24202,24212,10
12.9877595901,80.2557601929,24212,24223,11
12.9882097244,80.2558135986,24223,24233,10
12.9884395599,80.255859375,24233,24243,10
12.9889097214,80.2558898926,24243,24253,10
12.9895601273,80.2559204102,24253,24263,10
12.9898700714,80.2559585571,24263,24273,10
12.99036026,80.2559509277,24273,24283,10
12.9910802841,80.2559967041,24283,24293,10
12.9920501709,80.2560195923,24293,24303,10
12.9931898117,80.2560119629,24303,24313,10
12.9942398071,80.2559585571,24313,24323,10
12.9951400757,80.2558898926,24323,24333,10
12.9960203171,80.2558670044,24333,24344,11
12.9968900681,80.2558517456,24344,24354,10
12.9972200394,80.2558670044,24354,24364,10
12.9977798462,80.2559127808,24364,24374,10
12.9979896545,80.2559127808,24374,24384,10
12.9985799789,80.2559661865,24384,24394,10
12.9990100861,80.2560272217,24394,24434,40
12.9990100861,80.2560272217,24434,24444,10
12.9994697571,80.256111145,24444,24454,10
13.0001001358,80.2562179565,24454,24465,11
13.0008401871,80.2563705444,24465,24475,10
13.0014400482,80.2564697266,24475,24485,10
13.0022096634,80.2565917969,24485,24495,10
13.0030002594,80.256729126,24495,24505,10
13.0038700104,80.2569122314,24505,24515,10
13.0047998428,80.2570877075,24515,24525,10
13.0057401657,80.257270813,24525,24535,10
13.0063400269,80.2573623657,24535,24545,10
13.0065202713,80.2573699951,24545,24555,10
13.0065803528,80.2571563721,24555,24564,9
13.0065402985,80.256652832,24564,24576,12
13.006529808,80.255607605,24576,24586,10
13.0065498352,80.2547988892,24586,24596,10
13.0065402985,80.2537689209,24596,24606,10
13.0065498352,80.2531967163,24606,24616,10
13.0065498352,80.2529602051,24616,24626,10
13.0065803528,80.2523727417,24626,24636,10
13.0067100525,80.251701355,24636,24646,10
13.0067901611,80.2508773804,24646,24656,10
13.006819725,80.2497329712,24656,24666,10
13.006770134,80.2487335205,24666,24676,10
13.0066795349,80.2479324341,24676,24686,10
13.0066699982,80.2472686768,24686,24697,11
13.0066099167,80.2465362549,24697,24707,10
13.0066404343,80.2464294434,24707,24717,10
13.0066699982,80.2459106445,24717,24727,10
13.006649971,80.245010376,24727,24737,10
13.0066204071,80.2439498901,24737,24747,10
13.0066003799,80.2432479858,24747,24757,10
13.0065698624,80.2423629761,24757,24767,10
13.0066099167,80.2411575317,24767,24777,10
13.0067901611,80.2400970459,24777,24787,10
13.006939888,80.2391891479,24787,24797,10
13.0071401596,80.2381820679,24797,24807,10
13.007349968,80.2373123169,24807,24818,11
13.007399559,80.2369308472,24818,24828,10
13.0074195862,80.2367935181,24828,24838,10
13.0075902939,80.2362976074,24838,24848,10
13.0077896118,80.2354125977,24848,24858,10
13.0080003738,80.2342529297,24858,24868,10
13.0082902908,80.2328109741,24868,24878,10
13.0085897446,80.2313079834,24878,24888,10
13.0088596344,80.229850769,24888,24898,10
13.0091400146,80.2284469604,24898,24908,10
13.0096101761,80.2272491455,24908,24918,10
13.0101604462,80.2260284424,24918,24928,10
13.0106496811,80.2249679565,24928,24939,11
13.011059761,80.2239303589,24939,24949,10
13.0115203857,80.2228469849,24949,24959,10
13.0119104385,80.2217102051,24959,24969,10
13.012339592,80.2214279175,24969,24979,10
13.0126800537,80.2219390869,24979,24989,10
13.0131502151,80.2225494385,24989,24999,10
13.0138597488,80.2232666016,24999,25009,10
13.0144300461,80.2238388062,25009,25019,10
13.0151395798,80.2246704102,25019,25029,10
13.015999794,80.2252883911,25029,25039,10
13.0169095993,80.2251968384,25039,25049,10
13.0179395676,80.2248001099,25049,25060,11
13.0189304352,80.2243728638,25060,25070,10
13.0191297531,80.224319458,25070,25080,10
13.0192298889,80.2243423462,25080,25090,10
13.019659996,80.2245178223,25090,25100,10
13.0201702118,80.2248764038,25100,25110,10
13.0208597183,80.2253570557,25110,25120,10
13.0217504501,80.226020813,25120,25130,10
13.0225801468,80.2267074585,25130,25140,10
13.0233297348,80.2273712158,25140,25150,10
13.0239696503,80.2279586792,25150,25160,10
13.0242900848,80.228302002,25160,25171,11
13.024479866,80.2285308838,25171,25181,10
13.0248298645,80.229057312,25181,25191,10
13.0253801346,80.2297973633,25191,25201,10
13.025850296,80.2306365967,25201,25211,10
13.02602005,80.2312011719,25211,25221,10
13.0260400772,80.2313079834,25221,25231,10
13.0260696411,80.231338501,25231,25241,10
13.0261802673,80.2317733765,25241,25251,10
13.0263996124,80.2325363159,25251,25261,10
13.0269002914,80.2334594727,25261,25271,10
13.0275802612,80.2346191406,25271,25281,10
13.028380394,80.2358322144,25281,25292,11
13.0293798447,80.2368774414,25292,25302,10
13.0298099518,80.2374572754,25302,25312,10
13.0301799774,80.2381286621,25312,25322,10
13.0306196213,80.2387237549,25322,25332,10
13.0311002731,80.239616394,25332,25342,10
13.0314598083,80.2404022217,25342,25352,10
13.0316696167,80.2411804199,25352,25362,10
13.0320596695,80.2420196533,25362,25372,10
13.0326004028,80.2426681519,25372,25382,10
13.0329999924,80.2431793213,25382,25392,10
13.0334501266,80.2437286377,25392,25401,9
13.033949852,80.244392395,25401,25413,12
13.034529686,80.2451400757,25413,25443,30
13.0346899033,80.2451324463,25443,25463,20
13.0346899033,80.2451324463,25463,25473,10
13.0347299576,80.245300293,25473,25483,10
13.0350599289,80.2457199097,25483,25493,10
13.0357704163,80.2460327148,25493,25513,20
13.0357704163,80.2460327148,25513,25523,10
13.0362596512,80.2462615967,25523,25534,11
13.0370702744,80.2464675903,25534,25544,10
13.0376501083,80.2463989258,25544,25554,10
13.0383901596,80.24659729,25554,25564,10
13.0391197205,80.2468338013,25564,25574,10
13.039899826,80.2469863892,25574,25584,10
13.0407600403,80.2471389771,25584,25594,10
13.0410499573,80.2472000122,25594,25604,10
13.0416603088,80.2473526001,25604,25614,10
13.0425195694,80.2475585938,25614,25624,10
13.0433397293,80.2478179932,25624,25634,10
13.0439796448,80.2477874756,25634,25644,10
13.0443696976,80.2478485107,25644,25655,11
13.0450696945,80.2480697632,25655,25665,10
13.0456495285,80.2482681274,25665,25675,10
13.0464696884,80.2484512329,25675,25685,10
13.0470399857,80.2483825684,25685,25695,10
13.0474300385,80.2486114502,25695,25705,10
13.0477895737,80.2490615845,25705,25715,10
13.0481395721,80.249420166,25715,25725,10
13.0486497879,80.2496566772,25725,25735,10
13.0493402481,80.24974823,25735,25745,10
13.0501899719,80.2499237061,25745,25755,10
13.0511598587,80.2501220703,25755,25766,11
13.0521001816,80.2507019043,25766,25776,10
13.0527896881,80.2515792847,25776,25786,10
13.0535202026,80.2525405884,25786,25796,10
13.0542201996,80.2534866333,25796,25806,10
13.0549697876,80.2544784546,25806,25816,10
13.0556898117,80.2554779053,25816,25826,10
13.0563001633,80.2562866211,25826,25836,10
13.0567903519,80.2567520142,25836,25846,10
13.0569696426,80.2568969727,25846,25856,10
13.0573997498,80.2572784424,25856,25866,10
13.0579395294,80.2578430176,25866,25876,10
13.0585002899,80.2585830688,25876,25887,11
13.0591001511,80.2593688965,25887,25897,10
13.0596103668,80.2600784302,25897,25907,10
13.0601797104,80.2605667114,25907,25917,10
13.0605697632,80.2610015869,25917,25927,10
13.0606803894,80.261138916,25927,25937,10
13.060839653,80.2614135742,25937,25947,10
13.0612802505,80.2619476318,25947,25957,10
13.0617103577,80.2625198364,25957,25967,10
13.0621700287,80.2631072998,25967,25977,10
13.0628004074,80.2638320923,25977,25987,10
13.0634403229,80.2646408081,25987,25997,10
13.0639600754,80.2653884888,25997,26008,11
13.0645704269,80.266166687,26008,26018,10
13.0650196075,80.2667922974,26018,26028,10
13.0656299591,80.2672805786,26028,26038,10
13.0662698746,80.2680892944,26038,26048,10
13.0669498444,80.2684707642,26048,26058,10
13.0671100616,80.2685699463,26058,26068,10
13.0673303604,80.2687530518,26068,26078,10
13.0678100586,80.2690811157,26078,26088,10
13.0682296753,80.2692718506,26088,26098,10
13.0683898926,80.2689590454,26098,26108,10
13.0685596466,80.2684402466,26108,26118,10
13.0687904358,80.267791748,26118,26129,11
13.0692396164,80.266998291,26129,26139,10
13.0698699951,80.2663879395,26139,26149,10
13.0703897476,80.2658691406,26149,26159,10
13.0704803467,80.2657775879,26159,26169,10
13.0708904266,80.26537323,26169,26179,10
13.071100235,80.2651290894,26179,26189,10
13.0713701248,80.2648620605,26189,26199,10
13.0718402863,80.2643585205,26199,26209,10
13.072259903,80.2638015747,26209,26219,10
13.072520256,80.2630996704,26219,26229,10
13.0726995468,80.262588501,26229,26238,9
13.0728702545,80.262046814,26238,26250,12
13.0729198456,80.2619400024,26250,26260,10
13.0729999542,80.2616119385,26260,26270,10
13.0731401443,80.2611694336,26270,26280,10
13.0735397339,80.261390686,26280,26290,10
13.0741100311,80.262008667,26290,26300,10
13.0745096207,80.2625198364,26300,26310,10
13.0749998093,80.2631607056,26310,26320,10
13.0754995346,80.2638626099,26320,26330,10
13.0760402679,80.264251709,26330,26340,10
13.0767402649,80.2641830444,26340,26350,10
13.0770301819,80.2641525269,26350,26360,10
13.0773801804,80.2640228271,26360,26371,11
13.07791996,80.2635803223,26371,26381,10
13.078040123,80.2630767822,26381,26391,10
13.0778198242,80.2624206543,26391,26401,10
13.077580452,80.2617111206,26401,26411,10
13.0773096085,80.2609176636,26411,26431,20
13.0773096085,80.2609176636,26431,26441,10
13.0771398544,80.2605819702,26441,26451,10
13.0767602921,80.2602462769,26451,26461,10
13.076259613,80.2598419189,26461,26471,10
13.0757598877,80.2593765259,26471,26480,9
13.0755500793,80.2587814331,26480,26492,12
13.0755300522,80.2586898804,26492,26502,10
13.075460434,80.2583465576,26502,26512,10
13.0757398605,80.2579803467,26512,26522,10
13.0762996674,80.2574768066,26522,26532,10
13.0769500732,80.256942749,26532,26542,10
13.0776500702,80.2566986084,26542,26552,10
13.0784196854,80.2566223145,26552,26562,10
13.0790100098,80.2565231323,26562,26572,10
13.079079628,80.2562026978,26572,26582,10
13.0790300369,80.2555236816,26582,26592,10
13.0789804459,80.2548599243,26592,26602,10
13.0791702271,80.2545471191,26602,26613,11
13.07970047,80.2545776367,26613,26623,10
13.0800600052,80.2546386719,26623,26633,10
13.0806598663,80.2547607422,26633,26643,10
13.081199646,80.2548294067,26643,26653,10
13.0816698074,80.254737854,26653,26663,10
13.0818500519,80.2541809082,26663,26673,10
13.0819301605,80.2535400391,26673,26683,10
13.0818595886,80.2529830933,26683,26693,10
13.081580162,80.2524795532,26693,26703,10
13.0814399719,80.2516403198,26703,26713,10
13.081410408,80.2510375977,26713,26724,11
13.0813798904,80.2505111694,26724,26734,10
13.0813703537,80.2498168945,26734,26744,10
13.0817899704,80.2496337891,26744,26754,10
13.0824804306,80.2497634888,26754,26764,10
13.0832395554,80.2498626709,26764,26774,10
13.0839195251,80.25,26774,26784,10
13.08452034,80.2501220703,26784,26794,10
13.084810257,80.2501831055,26794,26804,10
13.0850696564,80.2502288818,26804,26814,10
13.0856599808,80.250328064,26814,26824,10
13.085940361,80.2500991821,26824,26834,10
13.0859203339,80.2493286133,26834,26845,11
13.085849762,80.2481994629,26845,26855,10
13.0858001709,80.2470703125,26855,26865,10
13.0857200623,80.2461471558,26865,26875,10
13.0856304169,80.2454223633,26875,26885,10
13.0856199265,80.245262146,26885,26895,10
13.0859098434,80.2449798584,26895,26905,10
13.0864696503,80.2445526123,26905,26915,10
13.087100029,80.2440414429,26915,26925,10
13.0876302719,80.2435531616,26925,26935,10
13.0878696442,80.2428436279,26935,26944,9
13.088060379,80.242149353,26944,26955,11
13.0887804031,80.241607666,26955,26966,11
13.0895500183,80.2411193848,26966,26976,10
13.0899400711,80.2409286499,26976,26986,10
13.0902795792,80.2408294678,26986,26996,10
13.0909204483,80.2408370972,26996,27006,10
13.0917396545,80.2408676147,27006,27016,10
13.0924701691,80.2409210205,27016,27026,10
13.0930700302,80.2409820557,27026,27036,10
13.09375,80.2410964966,27036,27046,10
13.0942201614,80.2411880493,27046,27055,9
13.094329834,80.2412109375,27055,27066,11
13.0947799683,80.2413024902,27066,27076,10
13.0953502655,80.2414627075,27076,27087,11
13.0959596634,80.2416610718,27087,27097,10
13.0965995789,80.2418670654,27097,27107,10
13.0972795486,80.2420730591,27107,27117,10
13.0976696014,80.2421798706,27117,27127,10
13.0985603333,80.2423095703,27127,27157,30
13.0985603333,80.2423095703,27157,27167,10
13.0987596512,80.2421722412,27167,27177,10
13.0987701416,80.2418899536,27177,27187,10
13.0985002518,80.2420730591,27187,27278,91
13.0985002518,80.2420730591,27278,27288,10
13.098690033,80.2422103882,27288,27349,61
13.0985403061,80.2422027588,27349,27439,90
13.0985202789,80.2422866821,27439,28243,804
13.0985202789,80.2422866821,28243,28253,10
13.0984096527,80.2423629761,28253,28263,10
13.0980195999,80.2423019409,28263,28273,10
13.0975599289,80.2422332764,28273,28284,11
13.0973796844,80.2421875,28284,28294,10
13.0970201492,80.2420425415,28294,28304,10
13.0963897705,80.2418289185,28304,28314,10
13.0957698822,80.2416000366,28314,28324,10
13.0953302383,80.2414474487,28324,28334,10
13.0951404572,80.2413787842,28334,28344,10
13.0947999954,80.2412872314,28344,28354,10
13.094499588,80.2412490845,28354,28364,10
13.0940999985,80.2411804199,28364,28374,10
13.0936002731,80.2410964966,28374,28384,10
13.0935697556,80.2410964966,28384,28394,10
13.0932798386,80.2410736084,28394,28405,11
13.0926399231,80.2409667969,28405,28415,10
13.092040062,80.2409362793,28415,28425,10
13.091170311,80.2408981323,28425,28435,10
13.0901298523,80.2409210205,28435,28445,10
13.0893001556,80.2413406372,28445,28455,10
13.0885000229,80.2419204712,28455,28465,10
13.08796978,80.2425613403,28465,28475,10
13.0878801346,80.2431030273,28475,28485,10
13.0878295898,80.2433166504,28485,28495,10
13.0877599716,80.2434997559,28495,28505,10
13.0876703262,80.243637085,28505,28515,10
13.0873003006,80.2439498901,28515,28526,11
13.086640358,80.2444992065,28526,28536,10
13.0860595703,80.2449569702,28536,28546,10
13.0857400894,80.2452697754,28546,28556,10
13.0856599808,80.2457199097,28556,28566,10
13.085729599,80.2462692261,28566,28576,10
13.0857601166,80.2467498779,28576,28586,10
13.0857801437,80.2472763062,28586,28596,10
13.0858201981,80.2481613159,28596,28606,10
13.0858898163,80.2490997314,28606,28616,10
13.0859098434,80.2499694824,28616,28626,10
13.0858898163,80.2505722046,28626,28637,11
13.0857801437,80.2511520386,28637,28647,10
13.0856895447,80.2518310547,28647,28657,10
13.0856304169,80.2524414063,28657,28667,10
13.085559845,80.2531433105,28667,28677,10
13.0855302811,80.2537002563,28677,28687,10
13.0855903625,80.2543106079,28687,28697,10
13.0854902267,80.254737854,28697,28707,10
13.0850000381,80.254699707,28707,28717,10
13.0842103958,80.2546005249,28717,28727,10
13.0840101242,80.2545776367,28727,28737,10
13.0837802887,80.2545700073,28737,28747,10
13.0835695267,80.2545623779,28747,28758,11
13.0829296112,80.2545013428,28758,28768,10
13.0823402405,80.2545166016,28768,28778,10
13.0816297531,80.2547988892,28778,28788,10
13.0811004639,80.2548599243,28788,28798,10
13.0809803009,80.2548522949,28798,28808,10
13.0806798935,80.2547912598,28808,28818,10
13.0799798965,80.2546691895,28818,28828,10
13.0792303085,80.2546310425,28828,28838,10
13.0790395737,80.2551498413,28838,28848,10
13.0791301727,80.2560119629,28848,28858,10
13.0791702271,80.2564926147,28858,28868,10
13.078789711,80.2566833496,28868,28879,11
13.0783996582,80.2566833496,28879,28888,9
13.078040123,80.2566986084,28888,28899,11
13.0774002075,80.2567901611,28899,28909,10
13.0768203735,80.2570495605,28909,28919,10
13.0761804581,80.2576370239,28919,28929,10
13.0756797791,80.2581329346,28929,28939,10
13.0755195618,80.2584533691,28939,28949,10
13.0756597519,80.2590789795,28949,28959,10
13.0761995316,80.2597732544,28959,28969,10
13.0766801834,80.2601928711,28969,28979,10
13.0769701004,80.2604370117,28979,28989,10
13.0772800446,80.2608032227,28989,28999,10
13.0775003433,80.2612228394,28999,29010,11
13.0776100159,80.2615585327,29010,29020,10
13.0777397156,80.2619171143,29020,29070,50
13.0777397156,80.2619171143,29070,29080,10
13.0778198242,80.26222229,29080,29090,10
13.0778398514,80.2623214722,29090,29100,10
13.07791996,80.262588501,29100,29110,10
13.0780696869,80.263092041,29110,29121,11
13.0780496597,80.2635192871,29121,29131,10
13.0775899887,80.2638778687,29131,29141,10
13.0769100189,80.2641525269,29141,29151,10
13.0761499405,80.2642364502,29151,29161,10
13.0756902695,80.2641906738,29161,29171,10
13.0753602982,80.2637023926,29171,29181,10
13.0749101639,80.2631530762,29181,29191,10
13.0745096207,80.2626190186,29191,29201,10
13.0737695694,80.261756897,29201,29242,41
13.0737695694,80.261756897,29242,29252,10
13.0736198425,80.2615585327,29252,29262,10
13.0732097626,80.261428833,29262,29272,10
13.0729703903,80.2619171143,29272,29282,10
13.072719574,80.2626800537,29282,29292,10
13.0725297928,80.2632675171,29292,29302,10
13.0722503662,80.2638473511,29302,29312,10
13.0718803406,80.2643203735,29312,29322,10
13.0714502335,80.2647399902,29322,29332,10
13.071269989,80.2649612427,29332,29342,10
13.0711402893,80.2650909424,29342,29351,9
13.0707902908,80.2654266357,29351,29363,12
13.0700101852,80.266242981,29363,29373,10
13.0693101883,80.2669525146,29373,29383,10
13.0688400269,80.2677230835,29383,29393,10
13.068570137,80.2685470581,29393,29403,10
13.0683898926,80.2691879272,29403,29413,10
13.0682401657,80.2697525024,29413,29423,10
13.0681495667,80.2705230713,29423,29433,10
13.0678100586,80.2710266113,29433,29443,10
13.0672798157,80.2705383301,29443,29453,10
13.0670995712,80.2703781128,29453,29463,10
13.06690979,80.2701568604,29463,29473,10
13.0665302277,80.2696914673,29473,29484,11
13.0663900375,80.2689208984,29484,29494,10
13.0660600662,80.268157959,29494,29504,10
13.0654602051,80.2677078247,29504,29514,10
13.0652198792,80.2676773071,29514,29524,10
13.0650701523,80.2676391602,29524,29534,10
13.0645198822,80.2675170898,29534,29544,10
13.0637397766,80.2673721313,29544,29554,10
13.0627803802,80.2671737671,29554,29564,10
13.06208992,80.2663879395,29564,29574,10
13.0614404678,80.2655715942,29574,29584,10
13.0606899261,80.265296936,29584,29594,10
13.0604200363,80.2655029297,29594,29605,11
13.0602197647,80.265586853,29605,29615,10
13.059679985,80.2656097412,29615,29625,10
13.0588998795,80.2654724121,29625,29635,10
13.058139801,80.26512146,29635,29645,10
13.0579795837,80.2642211914,29645,29655,10
13.0578298569,80.2632217407,29655,29665,10
13.0577001572,80.2621917725,29665,29675,10
13.0575199127,80.2612533569,29675,29685,10
13.05727005,80.2603225708,29685,29695,10
13.0569696426,80.2592391968,29695,29705,10
13.0566797256,80.2581176758,29705,29715,10
13.0565004349,80.2573471069,29715,29726,11
13.0564603806,80.2572631836,29726,29736,10
13.0563898087,80.2568969727,29736,29746,10
13.0562295914,80.2564163208,29746,29756,10
13.0558595657,80.2558517456,29756,29766,10
13.0553302765,80.2550964355,29766,29776,10
13.0546503067,80.2542037964,29776,29786,10
13.0540599823,80.2534866333,29786,29796,10
13.054019928,80.25340271,29796,29806,10
13.0537996292,80.2530670166,29806,29816,10
13.053440094,80.2525634766,29816,29826,10
13.0529499054,80.2518692017,29826,29836,10
13.0523996353,80.2511367798,29836,29847,11
13.0515499115,80.2503128052,29847,29857,10
13.0504703522,80.2499771118,29857,29867,10
13.049249649,80.2498092651,29867,29877,10
13.0481796265,80.2495193481,29877,29887,10
13.0473899841,80.2488174438,29887,29897,10
13.0470695496,80.2486419678,29897,29907,10
13.0469703674,80.2486495972,29907,29917,10
13.046500206,80.2486190796,29917,29927,10
13.0457801819,80.2484588623,29927,29937,10
13.0452404022,80.2482223511,29937,29947,10
13.044670105,80.2481002808,29947,29956,9
13.0439596176,80.2479782104,29956,29968,12
13.0429201126,80.2477874756,29968,29978,10
13.0420103073,80.2476196289,29978,29988,10
13.041560173,80.2475280762,29988,29998,10
13.0415000916,80.2474899292,29998,30008,10
13.0411100388,80.2474136353,30008,30018,10
13.0403604507,80.2472686768,30018,30028,10
13.0397500992,80.2471618652,30028,30038,10
13.0391302109,80.2470016479,30038,30048,10
13.0384101868,80.2468185425,30048,30058,10
13.0380401611,80.2467803955,30058,30068,10
13.0374603271,80.2466583252,30068,30077,9
13.0369100571,80.2465591431,30077,30089,12
13.0361099243,80.2464065552,30089,30099,10
13.0355501175,80.2462615967,30099,30109,10
13.0353002548,80.24609375,30109,30119,10
13.0352697372,80.2460708618,30119,30129,10
13.0352096558,80.2460174561,30129,30139,10
13.0348796844,80.2457733154,30139,30149,10
13.0344896317,80.2452392578,30149,30159,10
13.0339097977,80.2445373535,30159,30169,10
13.0331602097,80.2436676025,30169,30179,10
13.0324401855,80.2426300049,30179,30189,10
13.0318002701,80.2416000366,30189,30230,41
13.0318002701,80.2416000366,30230,30240,10
13.0317001343,80.2414016724,30240,30250,10
13.0314598083,80.2408905029,30250,30260,10
13.0312099457,80.2403717041,30260,30331,71
13.0312099457,80.2403717041,30331,30341,10
13.0311899185,80.2402877808,30341,30351,10
13.0310401917,80.2398834229,30351,30361,10
13.0306901932,80.2392196655,30361,30371,10
13.0302495956,80.2384185791,30371,30381,10
13.0297298431,80.2375411987,30381,30391,10
13.0292596817,80.2369995117,30391,30401,10
13.0292396545,80.2369766235,30401,30411,10
13.029009819,80.2367401123,30411,30421,10
13.0285596848,80.2362365723,30421,30431,10
13.0279798508,80.2355575562,30431,30441,10
13.0274600983,80.2346878052,30441,30452,11
13.0268096924,80.2335662842,30452,30462,10
13.0263299942,80.2325668335,30462,30472,10
13.0260400772,80.2316131592,30472,30482,10
13.0257701874,80.2306976318,30482,30492,10
13.0251998901,80.2297592163,30492,30502,10
13.0248003006,80.2293014526,30502,30512,10
13.0246400833,80.2291030884,30512,30522,10
13.0244197845,80.2288131714,30522,30532,10
13.0239601135,80.2282791138,30532,30552,20
13.0239601135,80.2282791138,30552,30561,9
13.0238304138,80.2280807495,30561,30573,12
13.0234203339,80.2276535034,30573,30583,10
13.0231304169,80.2273406982,30583,30593,10
13.0226402283,80.2268676758,30593,30603,10
13.0219802856,80.226272583,30603,30613,10
13.0213298798,80.2257614136,30613,30623,10
13.0207595825,80.2253570557,30623,30633,10
13.0201597214,80.2249603271,30633,30643,10
13.0193796158,80.2245178223,30643,30653,10
13.0184001923,80.2246398926,30653,30663,10
13.0175895691,80.2249908447,30663,30673,10
13.0170202255,80.2251968384,30673,30683,10
13.016500473,80.2254486084,30683,30694,11
13.0161104202,80.2256011963,30694,30704,10
13.0156002045,80.225769043,30704,30714,10
13.0149898529,80.2260665894,30714,30724,10
13.0148897171,80.2260971069,30724,30734,10
13.0144901276,80.2262191772,30734,30744,10
13.0142202377,80.2263183594,30744,30754,10
13.0141601563,80.226348877,30754,30764,10
13.0137395859,80.2265167236,30764,30774,10
13.0130300522,80.2267990112,30774,30784,10
13.0122404099,80.2270965576,30784,30794,10
13.0113697052,80.2274398804,30794,30804,10
13.0104598999,80.2278137207,30804,30815,11
13.0094299316,80.2282409668,30815,30825,10
13.0090503693,80.2291107178,30825,30835,10
13.0088500977,80.2302093506,30835,30845,10
13.0086603165,80.2311782837,30845,30855,10
13.0084695816,80.2322235107,30855,30865,10
13.0082597733,80.2336196899,30865,30885,20
13.0082597733,80.2336196899,30885,30895,10
13.0081796646,80.2337722778,30895,30905,10
13.0080604553,80.2342605591,30905,30915,10
13.0078802109,80.2351226807,30915,30924,9
13.0076999664,80.2360687256,30924,30936,12
13.0074796677,80.2372817993,30936,30946,10
13.0073604584,80.237953186,30946,30956,10
13.0072698593,80.2385025024,30956,30966,10
13.0071401596,80.2391586304,30966,30976,10
13.0069904327,80.2399597168,30976,31057,81
13.0069904327,80.2399597168,31057,31067,10
13.0069198608,80.2402572632,31067,31077,10
13.0068798065,80.2407073975,31077,31087,10
13.006819725,80.2409515381,31087,31097,10
13.0067596436,80.2416305542,31097,31107,10
13.0067396164,80.2425384521,31107,31117,10
13.0067195892,80.2432785034,31117,31147,30
13.0067195892,80.2432785034,31147,31157,10
13.0066995621,80.2438812256,31157,31178,21
13.0066995621,80.2438812256,31178,31188,10
13.0066995621,80.2440795898,31188,31198,10
13.0066900253,80.2444763184,31198,31208,10
13.0067100525,80.2447967529,31208,31218,10
13.0067100525,80.2451477051,31218,31228,10
13.0067195892,80.2457504272,31228,31238,10
13.0067396164,80.2464904785,31238,31268,30
13.0067396164,80.2464904785,31268,31278,10
13.0067901611,80.2469482422,31278,31288,10
13.0067501068,80.2474899292,31288,31299,11
13.0067396164,80.2484436035,31299,31309,10
13.006770134,80.2495269775,31309,31319,10
13.0067901611,80.2507476807,31319,31329,10
13.0066795349,80.2518997192,31329,31339,10
13.006529808,80.2531433105,31339,31349,10
13.0065498352,80.2542877197,31349,31359,10
13.0066099167,80.2547073364,31359,31369,10
13.0066204071,80.2549514771,31369,31379,10
13.0065898895,80.2550506592,31379,31389,10
13.0066099167,80.2554626465,31389,31399,10
13.0066204071,80.2562179565,31399,31409,10
13.006649971,80.2569122314,31409,31420,11
13.0066795349,80.257232666,31420,31430,10
13.0064601898,80.257598877,31430,31440,10
13.0058603287,80.2574005127,31440,31450,10
13.0051298141,80.2572097778,31450,31460,10
13.0043401718,80.2570419312,31460,31470,10
13.003490448,80.2568817139,31470,31480,10
13.0028495789,80.2567825317,31480,31490,10
13.0022201538,80.2566680908,31490,31500,10
13.0017004013,80.2565765381,31500,31561,61
13.0017004013,80.2565765381,31561,31571,10
13.0015096664,80.2565231323,31571,31581,10
13.0009498596,80.2564468384,31581,31591,10
13.0002298355,80.2563171387,31591,31601,10
12.9994297028,80.2561721802,31601,31611,10
12.9987897873,80.2561035156,31611,31621,10
12.9986600876,80.256072998,31621,31631,10
12.9984798431,80.2560577393,31631,31641,10
12.9979496002,80.2560272217,31641,31651,10
12.997469902,80.2559814453,31651,31662,11
12.9970998764,80.2559432983,31662,31672,10
12.9969797134,80.2559432983,31672,31682,10
12.9968004227,80.2559432983,31682,31692,10
12.9963703156,80.2559204102,31692,31702,10
12.9957704544,80.2558898926,31702,31712,10
12.9952898026,80.2558898926,31712,31722,10
12.9946498871,80.2558822632,31722,31732,10
12.9938001633,80.2559814453,31732,31742,10
12.9928503036,80.2560424805,31742,31752,10
12.9919500351,80.2560424805,31752,31762,10
12.9911203384,80.2560272217,31762,31772,10
12.9905195236,80.2559967041,31772,31783,11
12.9898996353,80.2560195923,31783,31793,10
12.9892702103,80.2559814453,31793,31803,10
12.9885902405,80.2559280396,31803,31813,10
12.9884901047,80.2559432983,31813,31823,10
12.9883098602,80.2559509277,31823,31833,10
12.9880199432,80.2559280396,31833,31843,10
12.987739563,80.255897522,31843,31853,10
12.9876203537,80.2564086914,31853,31863,10
12.9875602722,80.2571563721,31863,31873,10
12.9874801636,80.2580871582,31873,31883,10
12.9874095917,80.2588729858,31883,31893,10
12.9872102737,80.2595977783,31893,31934,41
12.9872102737,80.2595977783,31934,31944,10
12.9869298935,80.2595367432,31944,31954,10
12.9865999222,80.2594909668,31954,31964,10
12.9866399765,80.2590789795,31964,32590,626
12.9866399765,80.2590789795,32590,32600,10
12.9870195389,80.2590866089,32600,32620,20
12.9870195389,80.2590866089,32620,32630,10
12.9872503281,80.259147644,32630,32641,11
12.9873695374,80.2589187622,32641,32651,10
12.9873895645,80.2586212158,32651,32661,10
12.9874095917,80.2583389282,32661,32671,10
12.987449646,80.2577896118,32671,32681,10
12.9874801636,80.2571716309,32681,32691,10
12.987569809,80.2566604614,32691,32772,81
12.987569809,80.2566604614,32772,32782,10
12.9875497818,80.2563400269,32782,32792,10
12.9875497818,80.2559890747,32792,32802,10
12.9877099991,80.2557220459,32802,32812,10
12.9880504608,80.2557983398,32812,32822,10
12.9882802963,80.2558288574,32822,32832,10
12.9884500504,80.2558670044,32832,32842,10
12.9886198044,80.2558822632,32842,32852,10
12.9887199402,80.2558898926,32852,32862,10
12.9890003204,80.2559204102,32862,32872,10
12.9896497726,80.2559661865,32872,32883,11
12.9904499054,80.2559585571,32883,32893,10
12.9906597137,80.2559585571,32893,32903,10
12.9910802841,80.2559967041,32903,32913,10
12.9918804169,80.2560272217,32913,32923,10
12.992890358,80.2560195923,32923,32933,10
12.9939699173,80.2559661865,32933,32943,10
12.9946498871,80.2558898926,32943,33004,61
12.9946498871,80.2558898926,33004,33014,10
12.9951095581,80.255897522,33014,33024,10
12.995349884,80.2558898926,33024,33034,10
12.9956197739,80.2558822632,33034,33044,10
12.9961204529,80.2558822632,33044,33104,60
12.9961204529,80.2558822632,33104,33114,10
12.9965801239,80.2558898926,33114,33125,11
12.9969396591,80.2558822632,33125,33135,10
12.9972000122,80.2558898926,33135,33145,10
12.9975404739,80.255897522,33145,33155,10
12.9979400635,80.2559204102,33155,33165,10
12.9983901978,80.2559814453,33165,33175,10
12.9985799789,80.2560119629,33175,33185,10
12.9987897873,80.2560577393,33185,33195,10
12.9992904663,80.256149292,33195,33205,10
12.9999504089,80.2562637329,33205,33215,10
13.0006198883,80.2563705444,33215,33286,71
13.0006198883,80.2563705444,33286,33296,10
13.0011901855,80.2564926147,33296,33306,10
13.0016803741,80.2565765381,33306,33316,10
13.0022201538,80.2566604614,33316,33326,10
13.0027799606,80.2567672729,33326,33336,10
13.0033998489,80.2568893433,33336,33346,10
13.0040597916,80.2570266724,33346,33356,10
13.0046796799,80.2571334839,33356,33367,11
13.0053796768,80.2572097778,33367,33377,10
13.0054998398,80.2572479248,33377,33387,10
13.0058803558,80.2573776245,33387,33397,10
13.0064401627,80.2574691772,33397,33407,10
13.0065498352,80.257019043,33407,33417,10
13.0065097809,80.256187439,33417,33427,10
13.0065097809,80.2552719116,33427,33437,10
13.006529808,80.2543411255,33437,33447,10
13.0065097809,80.2533798218,33447,33457,10
13.0065002441,80.2531967163,33457,33467,10
13.0065002441,80.2528610229,33467,33476,9
13.0065402985,80.2524108887,33476,33488,12
13.006649971,80.2517623901,33488,33498,10
13.0067501068,80.2509765625,33498,33508,10
13.0067501068,80.2500305176,33508,33518,10
13.0067396164,80.2490081787,33518,33578,60
13.0067396164,80.2490081787,33578,33588,10
13.0066795349,80.2485961914,33588,33598,10
13.0066699982,80.248298645,33598,33609,11
13.006649971,80.2479629517,33609,33619,10
13.006649971,80.247467041,33619,33810,191
13.006649971,80.247467041,33810,33820,10
13.0066299438,80.247177124,33820,33830,10
13.0065803528,80.2466430664,33830,33840,10
13.0066003799,80.2464904785,33840,33850,10
13.0066699982,80.2461776733,33850,33861,11
13.0066795349,80.2454910278,33861,33871,10
13.0066604614,80.2447891235,33871,33881,10
13.0066003799,80.2440109253,33881,33891,10
13.0066003799,80.2432785034,33891,33901,10
13.0065898895,80.2426528931,33901,33911,10
13.0065803528,80.2418289185,33911,33921,10
13.0066299438,80.2410430908,33921,33931,10
13.0066204071,80.2409210205,33931,33941,10
13.0066299438,80.2407608032,33941,33951,10
13.0066404343,80.2405395508,33951,33961,10
13.0067100525,80.2402572632,33961,33971,10
13.0068597794,80.2397079468,33971,33982,11
13.007109642,80.2386627197,33982,33992,10
13.0073099136,80.2376480103,33992,34002,10
13.0074195862,80.2368469238,34002,34012,10
13.0074596405,80.2366485596,34012,34022,10
13.0075502396,80.236366272,34022,34032,10
13.0076704025,80.2358093262,34032,34042,10
13.0078201294,80.2351303101,34042,34052,10
13.0078802109,80.2347869873,34052,34062,10
13.008020401,80.2341079712,34062,34072,10
13.0082302094,80.2330780029,34072,34082,10
13.0084695816,80.2318115234,34082,34093,11
13.0088100433,80.2303085327,34093,34103,10
13.0090904236,80.2289276123,34103,34113,10
13.0094604492,80.2276535034,34113,34123,10
13.0100097656,80.2264175415,34123,34133,10
13.0104904175,80.2253723145,34133,34143,10
13.0109901428,80.224281311,34143,34153,10
13.0113601685,80.2233276367,34153,34163,10
13.0116796494,80.2225418091,34163,34173,10
13.0117998123,80.2216720581,34173,34183,10
13.0122804642,80.2214584351,34183,34193,10
13.0124702454,80.2218704224,34193,34203,10
13.0128498077,80.2224121094,34203,34213,10
13.0134401321,80.2229309082,34213,34224,11
13.0139703751,80.223487854,34224,34234,10
13.0143604279,80.2240600586,34234,34244,10
13.0150604248,80.2247695923,34244,34254,10
13.0157804489,80.2253417969,34254,34264,10
13.0166797638,80.2253036499,34264,34274,10
13.0175800323,80.2249221802,34274,34284,10
13.0183601379,80.2245788574,34284,34294,10
13.0187997818,80.2243881226,34294,34304,10
13.0191497803,80.2243118286,34304,34314,10
13.0191602707,80.2243118286,34314,34324,10
13.0194702148,80.2244110107,34324,34355,31
13.0194702148,80.2244110107,34355,34365,10
13.0196695328,80.2245407104,34365,34375,10
13.0199298859,80.2247085571,34375,34385,10
13.0203199387,80.2249832153,34385,34405,20
13.0203199387,80.2249832153,34405,34415,10
13.0205202103,80.2250900269,34415,34425,10
13.0206298828,80.2251663208,34425,34435,10
13.0207901001,80.2253036499,34435,34445,10
13.0209703445,80.2254333496,34445,34455,10
13.0211000443,80.2255935669,34455,34466,11
13.0213499069,80.2258224487,34466,34476,10
13.0216703415,80.2259902954,34476,34486,10
13.0218400955,80.2261123657,34486,34496,10
13.0221004486,80.226272583,34496,34526,30
13.0223302841,80.2264404297,34526,34546,20
13.0223302841,80.2264404297,34546,34556,10
13.0223903656,80.2265701294,34556,34566,10
13.022600174,80.2267608643,34566,34576,10
13.0227603912,80.2269515991,34576,34587,11
13.0228700638,80.2270507813,34587,34597,10
13.0229797363,80.2272033691,34597,34607,10
13.023150444,80.2273712158,34607,34617,10
13.0234003067,80.2275619507,34617,34627,10
13.0235500336,80.2276687622,34627,34637,10
13.0236997604,80.2277374268,34637,34647,10
13.0238199234,80.2278213501,34647,34657,10
13.0238895416,80.227897644,34657,34667,10
13.0239295959,80.2279510498,34667,34677,10
13.0241003036,80.2281265259,34677,34687,10
13.0242004395,80.2282867432,34687,34697,10
13.0243797302,80.2285308838,34697,34708,11
13.0245199203,80.2287063599,34708,34718,10
13.0246601105,80.2289199829,34718,34728,10
13.0247802734,80.2291030884,34728,34738,10
13.0250797272,80.2295303345,34738,34748,10
13.0254898071,80.2300567627,34748,34758,10
13.0256500244,80.2303390503,34758,34768,10
13.025850296,80.2307434082,34768,34778,10
13.0259895325,80.231086731,34778,34788,10
13.0261096954,80.231552124,34788,34798,10
13.0262804031,80.2322311401,34798,34808,10
13.0266599655,80.2331237793,34808,34818,10
13.0272502899,80.2340774536,34818,34829,11
13.0278596878,80.2351837158,34829,34839,10
13.0284099579,80.2358779907,34839,34849,10
13.0288000107,80.2362976074,34849,34859,10
13.0290002823,80.236541748,34859,34869,10
13.0292301178,80.2367935181,34869,34879,10
13.0295295715,80.237121582,34879,34889,10
13.0295495987,80.237159729,34889,34899,10
13.0297803879,80.2374572754,34899,34909,10
13.0300397873,80.2379302979,34909,34919,10
13.0304698944,80.2387084961,34919,34929,10
13.0309495926,80.239440918,34929,34970,41
13.031129837,80.2396697998,34970,35010,40
13.031129837,80.2396697998,35010,35020,10
13.0312099457,80.2398834229,35020,35030,10
13.0313501358,80.2401123047,35030,35040,10
13.031419754,80.2406234741,35040,35050,10
13.0316295624,80.2410964966,35050,35060,10
13.0318603516,80.2416229248,35060,35071,11
13.0322303772,80.2422409058,35071,35081,10
13.0327301025,80.2428512573,35081,35091,10
13.0332298279,80.2435531616,35091,35101,10
13.0337095261,80.2442626953,35101,35111,10
13.0342597961,80.2449798584,35111,35121,10
13.034819603,80.2456130981,35121,35131,10
13.0356197357,80.2462310791,35131,35151,20
13.0356197357,80.2462310791,35151,35161,10
13.0358600616,80.2462921143,35161,35171,10
13.0361995697,80.2464065552,35171,35180,9
13.036740303,80.2464828491,35180,35192,12
13.0374097824,80.2464675903,35192,35202,10
13.0378303528,80.2464828491,35202,35212,10
13.0388202667,80.2467880249,35212,35252,40
13.0388202667,80.2467880249,35252,35262,10
13.0392303467,80.2468566895,35262,35272,10
13.0396499634,80.2469482422,35272,35282,10
13.0400896072,80.2470626831,35282,35292,10
13.0406904221,80.247177124,35292,35302,10
13.040769577,80.2471923828,35302,35313,11
13.0410804749,80.2472763062,35313,35323,10
13.0416898727,80.2473907471,35323,35333,10
13.0419797897,80.2474517822,35333,35343,10
13.0423402786,80.2475509644,35343,35353,10
13.0427103043,80.2476730347,35353,35363,10
13.043390274,80.247833252,35363,35373,10
13.0440196991,80.2477874756,35373,35383,10
13.0447301865,80.2479400635,35383,35393,10
13.0449104309,80.2479782104,35393,35403,10
13.0450496674,80.2481231689,35403,35413,10
13.0452604294,80.2481994629,35413,35423,10
13.0457696915,80.2484283447,35423,35434,11
13.0463495255,80.2484970093,35434,35444,10
13.0469198227,80.2483901978,35444,35454,10
13.0470199585,80.2484207153,35454,35464,10
13.0473299026,80.2485733032,35464,35474,10
13.0475902557,80.2488479614,35474,35484,10
13.0476303101,80.248916626,35484,35494,10
13.0477399826,80.2490921021,35494,35504,10
13.0479402542,80.2491989136,35504,35514,10
13.0482597351,80.2495422363,35514,35524,10
13.0491504669,80.2497406006,35524,35575,51
13.0491504669,80.2497406006,35575,35585,10
13.0494604111,80.2498092651,35585,35595,10
13.049949646,80.2498779297,35595,35605,10
13.0505199432,80.25,35605,35635,30
13.0505199432,80.25,35635,35645,10
13.0508804321,80.25,35645,35655,10
13.0510196686,80.250038147,35655,35665,10
13.0512695313,80.2501220703,35665,35686,21
13.0512695313,80.2501220703,35686,35696,10
13.0515403748,80.250213623,35696,35716,20
13.0517196655,80.2503128052,35716,35776,60
13.0517196655,80.2503128052,35776,35786,10
13.0518598557,80.2504425049,35786,35796,10
13.0520095825,80.250579834,35796,35807,11
13.0522003174,80.250793457,35807,35817,10
13.0523195267,80.2509613037,35817,35827,10
13.0524301529,80.2510986328,35827,35837,10
13.0526199341,80.2513580322,35837,35847,10
13.0527696609,80.2515487671,35847,35857,10
13.0529499054,80.2517700195,35857,35867,10
13.0531101227,80.251991272,35867,35877,10
13.0532598495,80.2521972656,35877,35887,10
13.0535497665,80.2525863647,35887,35897,10
13.0537204742,80.2528610229,35897,35907,10
13.0538902283,80.2530670166,35907,35917,10
13.0541696548,80.2534103394,35917,35928,11
13.0542402267,80.2535018921,35928,35938,10
13.054400444,80.2537384033,35938,35948,10
13.0544996262,80.2538909912,35948,35958,10
13.0546102524,80.2540969849,35958,35968,10
13.0546798706,80.2542114258,35968,35978,10
13.0548200607,80.25440979,35978,35988,10
13.054980278,80.2545928955,35988,35998,10
13.0551795959,80.2548294067,35998,36008,10
13.0553798676,80.2551193237,36008,36018,10
13.0556201935,80.2554168701,36018,36028,10
13.0557603836,80.2555999756,36028,36038,10
13.055850029,80.2557296753,36038,36049,11
13.0560998917,80.256072998,36049,36059,10
13.0563297272,80.2563400269,36059,36069,10
13.0568504333,80.2568664551,36069,36089,20
13.0568504333,80.2568664551,36089,36099,10
13.0571603775,80.2571716309,36099,36109,10
13.0576295853,80.2575683594,36109,36119,10
13.0579204559,80.2577667236,36119,36129,10
13.0582799911,80.2582702637,36129,36139,10
13.0584802628,80.2586898804,36139,36149,10
13.0587596893,80.258972168,36149,36159,10
13.0591402054,80.2594833374,36159,36170,11
13.0596199036,80.2601089478,36170,36180,10
13.0602502823,80.2606887817,36180,36190,10
13.0607004166,80.2612075806,36190,36200,10
13.0607500076,80.2612915039,36200,36210,10
13.0609703064,80.2615737915,36210,36220,10
13.0613298416,80.2620162964,36220,36230,10
13.0615701675,80.2622375488,36230,36240,10
13.0617399216,80.2625427246,36240,36250,10
13.0619802475,80.262840271,36250,36260,10
13.0624399185,80.2633895874,36260,36270,10
13.062959671,80.2639770508,36270,36280,10
13.0631504059,80.264213562,36280,36291,11
13.0633401871,80.2645263672,36291,36301,10
13.063659668,80.2650222778,36301,36311,10
13.0637798309,80.2651596069,36311,36321,10
13.0638999939,80.2652816772,36321,36331,10
13.064040184,80.2655029297,36331,36341,10
13.0642900467,80.2658233643,36341,36351,10
13.0644302368,80.2659912109,36351,36361,10
13.0645799637,80.2660903931,36361,36371,10
13.0647096634,80.2662963867,36371,36381,10
13.0648498535,80.2665328979,36381,36391,10
13.065030098,80.2667999268,36391,36401,10
13.0654802322,80.2671585083,36401,36411,10
13.0656900406,80.2674026489,36411,36422,11
13.0661201477,80.2679519653,36422,36432,10
13.0667295456,80.2684326172,36432,36442,10
13.0671100616,80.2686004639,36442,36452,10
13.0672302246,80.268661499,36452,36462,10
13.067609787,80.2689590454,36462,36472,10
13.067990303,80.2691879272,36472,36482,10
13.0682697296,80.2693023682,36482,36492,10
13.0683898926,80.2689208984,36492,36502,10
13.0685501099,80.2685012817,36502,36512,10
13.0686302185,80.2682113647,36512,36522,10
13.0687198639,80.267906189,36522,36531,9
13.0689201355,80.2674179077,36531,36543,12
13.0694103241,80.2667999268,36543,36553,10
13.0699195862,80.2663269043,36553,36563,10
13.0703697205,80.2658996582,36563,36573,10
13.0704803467,80.2658004761,36573,36583,10
13.0708503723,80.265411377,36583,36593,10
13.0712003708,80.2650222778,36593,36603,10
13.0716295242,80.2645263672,36603,36613,10
13.0721302032,80.2639694214,36613,36623,10
13.0724697113,80.2631912231,36623,36633,10
13.0726604462,80.2627029419,36633,36643,10
13.0728502274,80.2620773315,36643,36653,10
13.0728998184,80.2619094849,36653,36664,11
13.0729904175,80.2616119385,36664,36674,10
13.0731201172,80.261138916,36674,36684,10
13.0732297897,80.2606201172,36684,36694,10
13.0735702515,80.260017395,36694,36704,10
13.0740699768,80.2593307495,36704,36714,10
13.0747203827,80.2587509155,36714,36724,10
13.0751399994,80.2584533691,36724,36734,10
13.0755195618,80.2581710815,36734,36754,20
13.0755195618,80.2581710815,36754,36764,10
13.0756702423,80.2580566406,36764,36774,10
13.0760498047,80.2577285767,36774,36785,11
13.0765800476,80.257232666,36785,36795,10
13.0771503448,80.2568283081,36795,36805,10
13.0778999329,80.2566375732,36805,36815,10
13.0787496567,80.2565994263,36815,36825,10
13.079079628,80.256401062,36825,36835,10
13.0790596008,80.2559127808,36835,36845,10
13.0790100098,80.2554016113,36845,36855,10
13.0790100098,80.2553787231,36855,36865,10
13.0789899826,80.2552337646,36865,36875,10
13.0789804459,80.2549972534,36875,36885,10
13.079079628,80.2545471191,36885,36906,21
13.079079628,80.2545471191,36906,36916,10
13.079460144,80.2545623779,36916,36936,20
13.079460144,80.2545623779,36936,36946,10
13.0796604156,80.2545700073,36946,36956,10
13.0799598694,80.2546386719,36956,36966,10
13.0804700851,80.2547225952,36966,36976,10
13.0811100006,80.2547988892,36976,36986,10
13.0816297531,80.2547607422,36986,36996,10
13.0818195343,80.2542572021,36996,37006,10
13.0818395615,80.2538070679,37006,37016,10
13.0818901062,80.2533569336,37016,37027,11
13.0817604065,80.2527084351,37027,37037,10
13.0814399719,80.2520294189,37037,37047,10
13.081410408,80.2512435913,37047,37057,10
13.0813999176,80.2507705688,37057,37067,10
13.0813999176,80.2503128052,37067,37077,10
13.0813703537,80.2498016357,37077,37087,10
13.0815200806,80.2495574951,37087,37097,10
13.0820999146,80.2496871948,37097,37107,10
13.0827598572,80.249786377,37107,37117,10
13.0831804276,80.2498779297,37117,37127,10
13.0836400986,80.2499084473,37127,37137,10
13.084230423,80.250038147,37137,37148,11
13.0845298767,80.2500991821,37148,37158,10
13.0846796036,80.2501373291,37158,37168,10
13.0851297379,80.2502365112,37168,37178,10
13.085559845,80.2502822876,37178,37188,10
13.0856800079,80.2503128052,37188,37198,10
13.0858802795,80.2501678467,37198,37208,10
13.0858898163,80.2495269775,37208,37218,10
13.0858402252,80.2486572266,37218,37228,10
13.0858297348,80.2476272583,37228,37238,10
13.0857696533,80.2466812134,37238,37248,10
13.0857601166,80.2465591431,37248,37257,9
13.0857200623,80.2462615967,37257,37289,32
13.0857200623,80.2462615967,37289,37299,10
13.0857496262,80.2459182739,37299,37309,10
13.0857200623,80.2455215454,37309,37319,10
13.0857801437,80.2451019287,37319,37329,10
13.0862598419,80.2447433472,37329,37339,10
13.0868597031,80.2442474365,37339,37349,10
13.0874004364,80.243812561,37349,37359,10
13.0876903534,80.2434310913,37359,37369,10
13.0878696442,80.2428970337,37369,37378,9
13.0879802704,80.2422866821,37378,37390,12
13.0883302689,80.2419281006,37390,37400,10
13.088760376,80.2416687012,37400,37410,10
13.0891704559,80.2413711548,37410,37420,10
13.089630127,80.2410812378,37420,37430,10
13.0902099609,80.2408370972,37430,37440,10
13.0911397934,80.2408294678,37440,37450,10
13.0918197632,80.2408599854,37450,37460,10
13.0924196243,80.2408981323,37460,37470,10
13.0929803848,80.2409286499,37470,37480,10
13.0939397812,80.2410888672,37480,37499,19
13.0939397812,80.2410888672,37499,37511,12
13.094039917,80.2411422729,37511,37521,10
13.094420433,80.2411880493,37521,37531,10
13.0948400497,80.2412796021,37531,37541,10
13.0954303741,80.2414398193,37541,37551,10
13.0959701538,80.241607666,37551,37561,10
13.0969200134,80.2419433594,37561,37591,30
13.0969200134,80.2419433594,37591,37601,10
13.0972204208,80.2420272827,37601,37611,10
13.0976400375,80.2421264648,37611,37621,10
13.0980701447,80.2422409058,37621,37631,10
13.0983800888,80.2422866821,37631,37652,21
13.0983800888,80.2422866821,37652,37662,10
13.0985298157,80.2422637939,37662,37672,10
13.0987195969,80.2421569824,37672,37682,10
13.0987596512,80.2419204712,37682,37692,10
13.0984802246,80.2420806885,37692,38015,323
13.0984802246,80.2420806885,38015,38025,10
13.0982303619,80.2423629761,38025,38035,10
13.0977401733,80.2422637939,38035,38115,80
13.0977401733,80.2422637939,38115,38126,11
13.0975399017,80.2422027588,38126,38136,10
13.0971603394,80.2420806885,38136,38146,10
13.0966796875,80.2419204712,38146,38156,10
13.0959596634,80.2416992188,38156,38166,10
13.0952396393,80.2414627075,38166,38176,10
13.0948600769,80.2413101196,38176,38186,10
13.0944700241,80.2412490845,38186,38196,10
13.093870163,80.2411422729,38196,38206,10
13.0935401917,80.2410736084,38206,38216,10
13.0934000015,80.2410507202,38216,38226,10
13.0928497314,80.2409515381,38226,38235,9
13.0923595428,80.2409210205,38235,38247,12
13.0914897919,80.2408599854,38247,38257,10
13.0905504227,80.2408599854,38257,38267,10
13.0896701813,80.2410430908,38267,38277,10
13.0889396667,80.2415390015,38277,38287,10
13.0882301331,80.2420578003,38287,38297,10
13.0879001617,80.2428207397,38297,38307,10
13.0878400803,80.2431793213,38307,38317,10
13.0876197815,80.2435836792,38317,38327,10
13.0870199203,80.2441101074,38327,38337,10
13.0863103867,80.2447509766,38337,38398,61
13.0863103867,80.2447509766,38398,38408,10
13.0861701965,80.2448883057,38408,38418,10
13.0859699249,80.2450408936,38418,38428,10
13.0857095718,80.2455291748,38428,38438,10
13.0857801437,80.2463226318,38438,38448,10
13.0858001709,80.2465820313,38448,38458,10
13.0858001709,80.2468185425,38458,38468,10
13.085849762,80.247467041,38468,38478,10
13.0859098434,80.2484130859,38478,38488,10
13.085940361,80.2495422363,38488,38499,11
13.0859804153,80.2500991821,38499,38509,10
13.0859804153,80.2503433228,38509,38519,10
13.0858602524,80.250793457,38519,38528,9
13.0858001709,80.2512207031,38528,38539,11
13.0857400894,80.2516326904,38539,38549,10
13.0856800079,80.251953125,38549,38559,10
13.0856399536,80.2521820068,38559,38569,10
13.0855903625,80.2528762817,38569,38599,30
13.0855903625,80.2528762817,38599,38609,10
13.0855903625,80.253288269,38609,38620,11
13.0855798721,80.2534484863,38620,38630,10
13.0855998993,80.2537384033,38630,38640,10
13.0856399536,80.2541427612,38640,38650,10
13.0855398178,80.2546691895,38650,38660,10
13.0851202011,80.2547225952,38660,38670,10
13.0845403671,80.2546691895,38670,38680,10
13.0839500427,80.2546234131,38680,38690,10
13.0838603973,80.2545928955,38690,38700,10
13.0834798813,80.2545471191,38700,38710,10
13.0827903748,80.2545013428,38710,38720,10
13.0823402405,80.2544937134,38720,38730,10
13.0817098618,80.2547302246,38730,38741,11
13.0811395645,80.2548217773,38741,38751,10
13.0808401108,80.2547988892,38751,38761,10
13.0806503296,80.2547836304,38761,38771,10
13.0801296234,80.2547302246,38771,38781,10
13.0794401169,80.2546386719,38781,38851,70
13.0794401169,80.2546386719,38851,38862,11
13.0791196823,80.2546310425,38862,38872,10
13.079000473,80.2549972534,38872,38882,10
13.0790901184,80.2558364868,38882,38892,10
13.0791397095,80.2564468384,38892,38942,50
13.0791397095,80.2564468384,38942,38952,10
13.0788202286,80.2566680908,38952,38962,10
13.0781602859,80.2566604614,38962,38972,10
13.0774497986,80.2567367554,38972,38983,11
13.0766601563,80.2571182251,38983,38993,10
13.0759601593,80.2577667236,38993,39003,10
13.0754499435,80.2582626343,39003,39013,10
13.075510025,80.2585067749,39013,39023,10
13.0756702423,80.2591018677,39023,39033,10
13.0761499405,80.2597122192,39033,39043,10
13.0766801834,80.2601928711,39043,39053,10
13.0771503448,80.2606811523,39053,39063,10
13.0773897171,80.2610626221,39063,39073,10
13.077580452,80.2615585327,39073,39083,10
13.077750206,80.2619094849,39083,39194,111
13.077750206,80.2619094849,39194,39204,10
13.0778398514,80.2622680664,39204,39214,10
13.0778503418,80.2623825073,39214,39225,11
13.0778999329,80.2626800537,39225,39235,10
13.0780200958,80.2630386353,39235,39245,10
13.0781002045,80.2632598877,39245,39255,10
13.0779600143,80.2634963989,39255,39265,10
13.0774497986,80.263923645,39265,39275,10
13.0766801834,80.2641601563,39275,39285,10
13.0758600235,80.264251709,39285,39295,10
13.0753602982,80.2637405396,39295,39305,10
13.074839592,80.2630233765,39305,39315,10
13.0744495392,80.2624969482,39315,39325,10
13.0741195679,80.2621765137,39325,39335,10
13.0736398697,80.2616119385,39335,39356,21
13.0736398697,80.2616119385,39356,39366,10
13.073340416,80.2614135742,39366,39376,10
13.0729904175,80.2618179321,39376,39386,10
13.0727396011,80.2625579834,39386,39396,10
13.0725402832,80.2631225586,39396,39406,10
13.0722999573,80.263710022,39406,39416,10
13.0718002319,80.2643814087,39416,39426,10
13.0714702606,80.2647094727,39426,39436,10
13.0714197159,80.2647399902,39436,39446,10
13.071149826,80.2650299072,39446,39456,10
13.0707597733,80.2654037476,39456,39466,10
13.0702199936,80.2659606934,39466,39477,11
13.069609642,80.2665710449,39477,39487,10
13.0691204071,80.2670898438,39487,39497,10
13.0687799454,80.267829895,39497,39507,10
13.0685501099,80.2685394287,39507,39517,10
13.068400383,80.2690811157,39517,39527,10
13.06828022,80.2695770264,39527,39537,10
13.0682201385,80.2699203491,39537,39547,10
13.068189621,80.2701187134,39547,39557,10
13.068189621,80.2703399658,39557,39567,10
13.0682096481,80.2707214355,39567,39577,10
13.0678596497,80.2709884644,39577,39587,10
13.06731987,80.2705230713,39587,39598,11
13.0670795441,80.2703323364,39598,39608,10
13.0670204163,80.2702865601,39608,39618,10
13.0667695999,80.2699508667,39618,39628,10
13.0664997101,80.2694396973,39628,39638,10
13.0664100647,80.2688674927,39638,39648,10
13.0663299561,80.268409729,39648,39658,10
13.0659399033,80.2679367065,39658,39668,10
13.065489769,80.2676696777,39668,39678,10
13.0651702881,80.2676391602,39678,39688,10
13.0651397705,80.2676391602,39688,39698,10
13.0648403168,80.2675933838,39698,39708,10
13.0642795563,80.2675170898,39708,39719,11
13.06346035,80.2673416138,39719,39729,10
13.0627098083,80.2671737671,39729,39739,10
13.0621595383,80.2665328979,39739,39749,10
13.0616798401,80.2659301758,39749,39759,10
13.0611600876,80.2652893066,39759,39769,10
13.0606603622,80.2653427124,39769,39779,10
13.0605201721,80.265411377,39779,39789,10
13.0602998734,80.2654571533,39789,39799,10
13.0597600937,80.2655792236,39799,39809,10
13.0593595505,80.2655410767,39809,39819,10
13.0586500168,80.2654418945,39819,39829,10
13.0580701828,80.2649917603,39829,39840,11
13.0579395294,80.2639923096,39840,39850,10
13.0578298569,80.2630386353,39850,39860,10
13.0577001572,80.2623977661,39860,39870,10
13.0576200485,80.2618865967,39870,39880,10
13.0575504303,80.2613830566,39880,39890,10
13.0574798584,80.2608566284,39890,39900,10
13.0572299957,80.2600631714,39900,39910,10
13.0569295883,80.2591094971,39910,39920,10
13.0567398071,80.2583236694,39920,39930,10
13.0565004349,80.2573471069,39930,39949,19
13.0565004349,80.2573471069,39949,39960,11
13.0564804077,80.2571487427,39960,39971,11
13.0564002991,80.2567977905,39971,39981,10
13.0562601089,80.2564163208,39981,39991,10
13.0560102463,80.2560195923,39991,40001,10
13.0556201935,80.2554702759,40001,40011,10
13.055150032,80.2548370361,40011,40021,10
13.054599762,80.25415802,40021,40031,10
13.0542001724,80.2536773682,40031,40041,10
13.0541296005,80.2536010742,40041,40051,10
13.0540895462,80.2535400391,40051,40061,10
13.0538301468,80.2531585693,40061,40070,9
13.0535001755,80.2526473999,40070,40081,11
13.0529403687,80.2518997192,40081,40092,11
13.0523996353,80.2511825562,40092,40102,10
13.0519599915,80.250617981,40102,40111,9
13.0514097214,80.2502365112,40111,40122,11
13.0505504608,80.2499771118,40122,40132,10
13.0496902466,80.2498321533,40132,40142,10
13.0488004684,80.24974823,40142,40152,10
13.048210144,80.2495269775,40152,40162,10
13.0476303101,80.2490310669,40162,40172,10
13.0470695496,80.2486724854,40172,40182,10
13.0469398499,80.2486572266,40182,40192,10
13.0467195511,80.2486190796,40192,40202,10
13.0461997986,80.2485275269,40202,40213,11
13.0456495285,80.2484283447,40213,40223,10
13.0453596115,80.248260498,40223,40233,10
13.0451602936,80.2482070923,40233,40243,10
13.0448198318,80.2481689453,40243,40253,10
13.044500351,80.2481231689,40253,40263,10
13.0442304611,80.2480697632,40263,40273,10
13.043970108,80.2479782104,40273,40283,10
13.043680191,80.2479705811,40283,40293,10
13.0432195663,80.2479629517,40293,40303,10
13.0428199768,80.2479171753,40303,40313,10
13.0424098969,80.2479400635,40313,40322,9
13.0417900085,80.2478103638,40322,40334,12
13.0415802002,80.2477035522,40334,40344,10
13.0412597656,80.247543335,40344,40354,10
13.0405597687,80.2473678589,40354,40364,10
13.040140152,80.2472915649,40364,40374,10
13.0396604538,80.2471466064,40374,40384,10
13.039059639,80.2470092773,40384,40394,10
13.038479805,80.2468338013,40394,40404,10
13.0379600525,80.2467498779,40404,40414,10
13.0373001099,80.2466430664,40414,40424,10
13.0367603302,80.2465362549,40424,40434,10
13.036239624,80.2464065552,40434,40444,10
13.0357704163,80.2462768555,40444,40455,11
13.0357398987,80.2462692261,40455,40465,10
13.035610199,80.2462234497,40465,40475,10
13.035200119,80.2460479736,40475,40495,20
13.035200119,80.2460479736,40495,40505,10
13.0348997116,80.2459030151,40505,40515,10
13.0347003937,80.2456283569,40515,40525,10
13.0343904495,80.2451629639,40525,40535,10
13.0339002609,80.2445983887,40535,40545,10
13.0332803726,80.2437896729,40545,40555,10
13.0326099396,80.2429275513,40555,40565,10
13.0321798325,80.2423477173,40565,40596,31
13.0321798325,80.2423477173,40596,40606,10
13.0320396423,80.2422714233,40606,40616,10
13.0319499969,80.2420806885,40616,40626,10
13.0317497253,80.2416000366,40626,40636,10
13.0312795639,80.2404785156,40636,40717,81
13.0312795639,80.2404785156,40717,40727,10
13.0312004089,80.2402496338,40727,40737,10
13.0310602188,80.2399673462,40737,40747,10
13.0308103561,80.2394104004,40747,40757,10
13.0304498672,80.2387390137,40757,40767,10
13.0300598145,80.2380523682,40767,40777,10
13.0295600891,80.2373199463,40777,40787,10
13.0291204453,80.236831665,40787,40797,10
13.0290298462,80.2367172241,40797,40807,10
13.0286302567,80.2362976074,40807,40818,11
13.0279598236,80.2355575562,40818,40828,10
13.0275001526,80.2347488403,40828,40838,10
13.0270700455,80.2340316772,40838,40848,10
13.02684021,80.2336425781,40848,40858,10
13.0266399384,80.2333221436,40858,40868,10
13.0264501572,80.2329788208,40868,40878,10
13.0262498856,80.2324676514,40878,40888,10
13.0262203217,80.2323608398,40888,40898,10
13.0261802673,80.2321624756,40898,40918,20
13.0261802673,80.2321624756,40918,40928,10
13.026140213,80.231842041,40928,40938,10
13.0260295868,80.2315063477,40938,40949,11
13.0258903503,80.2309570313,40949,40959,10
13.0255804062,80.2303085327,40959,40969,10
13.0249795914,80.2295379639,40969,40979,10
13.0244703293,80.2288818359,40979,40989,10
13.0239601135,80.2282791138,40989,41009,20
13.0239601135,80.2282791138,41009,41019,10
13.0237998962,80.2280807495,41019,41029,10
13.023440361,80.2276992798,41029,41039,10
13.0229597092,80.2271881104,41039,41049,10
13.0221796036,80.2265167236,41049,41059,10
13.0213403702,80.2258377075,41059,41070,11
13.0205698013,80.2252578735,41070,41080,10
13.0203199387,80.2250823975,41080,41090,10
13.0200796127,80.2249298096,41090,41100,10
13.0196800232,80.2246704102,41100,41110,10
13.0189800262,80.2245025635,41110,41120,10
13.0181903839,80.2247467041,41120,41130,10
13.0174198151,80.2250518799,41130,41140,10
13.0167398453,80.2253265381,41140,41150,10
13.0162696838,80.2255172729,41150,41160,10
13.0156497955,80.2257232666,41160,41170,10
13.0151596069,80.2259368896,41170,41179,9
13.0142602921,80.2263183594,41179,41211,32
13.0142602921,80.2263183594,41211,41221,10
13.0142002106,80.2263565063,41221,41231,10
13.0137901306,80.2264785767,41231,41241,10
13.0130500793,80.2267379761,41241,41251,10
13.0121603012,80.2270965576,41251,41261,10
13.0112695694,80.2274780273,41261,41271,10
13.0102796555,80.2278823853,41271,41281,10
13.0095500946,80.2282028198,41281,41291,10
13.0091199875,80.2288208008,41291,41301,10
13.0089302063,80.2298431396,41301,41312,11
13.0087203979,80.2308883667,41312,41322,10
13.0084896088,80.2320022583,41322,41332,10
13.0082397461,80.2336425781,41332,41352,20
13.0082397461,80.2336425781,41352,41362,10
13.0081396103,80.2339019775,41362,41372,10
13.0080404282,80.2344665527,41372,41382,10
13.0078401566,80.2354278564,41382,41392,10
13.007610321,80.2365264893,41392,41402,10
13.0074195862,80.237487793,41402,41412,10
13.0073604584,80.2378692627,41412,41422,10
13.0073204041,80.237991333,41422,41432,10
13.0073003769,80.2381668091,41432,41443,11
13.0072097778,80.2386169434,41443,41453,10
13.0071001053,80.2392272949,41453,41493,40
13.0071001053,80.2394790649,41493,41543,50
13.0071001053,80.2394790649,41543,41553,10
13.0070896149,80.2396621704,41553,41564,11
13.006939888,80.2403106689,41564,41574,10
13.0068798065,80.2406387329,41574,41584,10
13.0068302155,80.2408065796,41584,41594,10
13.0067796707,80.2413482666,41594,41604,10
13.006770134,80.2422027588,41604,41614,10
13.0067501068,80.2427215576,41614,41634,20
13.0067501068,80.2427215576,41634,41644,10
13.0067100525,80.2429962158,41644,41654,10
13.0066995621,80.2433013916,41654,41664,10
13.0066995621,80.2436523438,41664,41674,10
13.0067195892,80.2443008423,41674,41685,11
13.0067195892,80.2448196411,41685,41695,10
13.0066995621,80.2452163696,41695,41705,10
13.0067195892,80.2456207275,41705,41715,10
13.0067300797,80.2459564209,41715,41725,10
13.0067396164,80.2461166382,41725,41745,20
13.0067396164,80.2461166382,41745,41755,10
13.0067596436,80.2465286255,41755,41765,10
13.006770134,80.2470779419,41765,41775,10
13.0067195892,80.2479705811,41775,41785,10
13.006770134,80.2491378784,41785,41795,10
13.006819725,80.2503967285,41795,41806,11
13.006819725,80.251411438,41806,41816,10
13.0066404343,80.2521133423,41816,41826,10
13.0065803528,80.2531967163,41826,41836,10
13.0066099167,80.2544021606,41836,41846,10
13.0066404343,80.2549133301,41846,41856,10
13.0066299438,80.2550506592,41856,41866,10
13.0066404343,80.2556381226,41866,41876,10
13.0066604614,80.2564926147,41876,41886,10
13.0066699982,80.2569732666,41886,41906,20
13.0066699982,80.2569732666,41906,41916,10
13.0066003799,80.2570877075,41916,41927,11
13.0066795349,80.2575073242,41927,41937,10
13.0062999725,80.2574996948,41937,41947,10
13.005610466,80.2573776245,41947,41957,10
13.0048799515,80.2572021484,41957,41967,10
13.0040197372,80.257019043,41967,41977,10
13.0032596588,80.2568664551,41977,41987,10
13.0027704239,80.2567977905,41987,41997,10
13.0027399063,80.2567977905,41997,42007,10
13.0026102066,80.2567367554,42007,42017,10
13.0022602081,80.256690979,42017,42027,10
13.0019197464,80.256652832,42027,42037,10
13.0013399124,80.2565765381,42037,42108,71
13.0013399124,80.2565765381,42108,42118,10
13.0010595322,80.2565307617,42118,42128,10
13.0003595352,80.256439209,42128,42138,10
12.999540329,80.2562637329,42138,42148,10
12.9984502792,80.256072998,42148,42168,20
12.9981603622,80.2559967041,42168,42199,31
12.9981603622,80.2559967041,42199,42209,10
12.9980897903,80.2559814453,42209,42219,10
12.9977798462,80.2559967041,42219,42229,10
12.9976902008,80.2560806274,42229,42239,10
12.9977502823,80.2563323975,42239,42249,10
12.9977502823,80.2569122314,42249,42390,141
12.9977502823,80.2569122314,42390,42400,10
12.997879982,80.2571411133,42400,42410,10
12.9980697632,80.2570571899,42410,42421,11
12.9977798462,80.256401062,42421,42431,10
12.9977703094,80.2562332153,42431,42441,10
12.9977397919,80.2561416626,42441,42451,10
12.997179985,80.2559661865,42451,42542,91
12.997179985,80.2559661865,42542,42552,10
12.9968099594,80.2559814453,42552,42562,10
12.9961700439,80.2559585571,42562,42572,10
12.9954500198,80.2559509277,42572,42582,10
12.994600296,80.2559509277,42582,42592,10
12.9936103821,80.2560424805,42592,42602,10
12.9925899506,80.2560882568,42602,42612,10
12.991519928,80.256072998,42612,42622,10
12.9906196594,80.2559967041,42622,42632,10
12.9898996353,80.2559814453,42632,42642,10
12.9896297455,80.2560119629,42642,42723,81
12.9896297455,80.2560119629,42723,42733,10
12.9891195297,80.2559204102,42733,42743,10
12.9884595871,80.255897522,42743,42783,40
12.9884595871,80.255897522,42783,42794,11
12.9881496429,80.2558670044,42794,42804,10
12.9878902435,80.255821228,42804,42814,10
12.9877004623,80.2562637329,42814,42824,10
12.9875898361,80.2570037842,42824,42834,10
12.9874897003,80.2579116821,42834,42844,10
12.9874296188,80.258682251,42844,42854,10
12.9872303009,80.2596130371,42854,42874,20
12.9872303009,80.2596130371,42874,42884,10
12.9871997833,80.2596893311,42884,42894,10
12.986989975,80.2596969604,42894,42904,10
12.9866695404,80.2596130371,42904,42915,11
12.9865598679,80.2592773438,42915,43116,201
12.9865598679,80.2592773438,43116,43126,10
12.9866504669,80.2590789795,43126,43288,162
12.9866504669,80.2590789795,43288,43298,10
12.9867601395,80.2590637207,43298,43318,20
12.9867601395,80.2590637207,43318,43328,10
12.9869499207,80.2591400146,43328,43338,10
12.9871301651,80.2591781616,43338,43348,10
12.987279892,80.2590866089,43348,43358,10
12.9873304367,80.258682251,43358,43368,10
12.9874296188,80.2580032349,43368,43378,10
12.9875097275,80.2571563721,43378,43388,10
12.9875602722,80.2564620972,43388,43398,10
12.9875802994,80.2559127808,43398,43409,11
12.9880504608,80.255821228,43409,43419,10
12.9885101318,80.255897522,43419,43439,20
12.9885101318,80.255897522,43439,43449,10
12.9886703491,80.2559204102,43449,43459,10
12.9890403748,80.2559585571,43459,43469,10
12.9896097183,80.2560119629,43469,43479,10
12.9903202057,80.2560195923,43479,43489,10
12.9908599854,80.2560195923,43489,43499,10
12.9915399551,80.2560424805,43499,43509,10
12.9923696518,80.2560424805,43509,43519,10
12.9932403564,80.2559661865,43519,43530,11
12.9935398102,80.2559661865,43530,43540,10
12.9938898087,80.2559890747,43540,43550,10
12.9939899445,80.2559890747,43550,43560,10
12.9942102432,80.2560119629,43560,43570,10
12.9950304031,80.2559204102,43570,43640,70
12.9950304031,80.2559204102,43640,43650,10
12.9951696396,80.2559280396,43650,43661,11
12.99559021,80.2559204102,43661,43671,10
12.9960298538,80.255897522,43671,43681,10
12.9965295792,80.255897522,43681,43691,10
12.9969396591,80.2558822632,43691,43701,10
12.9972400665,80.2558822632,43701,43711,10
12.9977798462,80.2558898926,43711,43721,10
12.9984502792,80.2559585571,43721,43761,40
12.9984502792,80.2559585571,43761,43770,9
12.9990997314,80.2561035156,43770,43812,42
12.9990997314,80.2561035156,43812,43822,10
12.9991998672,80.2561264038,43822,43832,10
12.9996700287,80.2562179565,43832,43842,10
13.0003404617,80.2563476563,43842,43852,10
13.0009098053,80.2564697266,43852,43892,40
13.0009098053,80.2564697266,43892,43903,11
13.0014400482,80.2566223145,43903,43913,10
13.0019397736,80.256652832,43913,43923,10
13.0025596619,80.2567367554,43923,43933,10
13.0031099319,80.2568435669,43933,43943,10
13.0036897659,80.256942749,43943,43953,10
13.0044498444,80.2570800781,43953,43963,10
13.0054101944,80.2572631836,43963,43973,10
13.0062398911,80.2574310303,43973,43983,10
13.0065498352,80.2574996948,43983,43993,10
13.0065202713,80.2570114136,43993,44003,10
13.0064897537,80.2562179565,44003,44013,10
13.0064897537,80.2553863525,44013,44024,11
13.0065202713,80.254737854,44024,44033,9
13.0065202713,80.2543182373,44033,44044,11
13.0065202713,80.2540893555,44044,44054,10
13.0065402985,80.2535400391,44054,44064,10
13.0065202713,80.2532272339,44064,44074,10
13.0065603256,80.2528991699,44074,44094,20
13.0065603256,80.2528991699,44094,44104,10
13.0065603256,80.2527999878,44104,44114,10
13.0065698624,80.2524795532,44114,44124,10
13.0065698624,80.2518692017,44124,44133,9
13.0067300797,80.2511062622,44133,44145,12
13.0067396164,80.2500762939,44145,44155,10
13.0067996979,80.2495117188,44155,44165,10
13.0067501068,80.2489624023,44165,44175,10
13.0067100525,80.2484588623,44175,44185,10
13.0066404343,80.2477264404,44185,44265,80
13.0066404343,80.2477264404,44265,44276,11
13.0065402985,80.2473297119,44276,44286,10
13.0065698624,80.2468338013,44286,44296,10
13.0065698624,80.2464828491,44296,44306,10
13.0065803528,80.2464828491,44306,44316,10
13.0066299438,80.2461624146,44316,44326,10
13.0066099167,80.2454605103,44326,44336,10
13.006649971,80.2447967529,44336,44346,10
13.0066299438,80.2442779541,44346,44356,10
13.0066204071,80.2438201904,44356,44366,10
13.0065898895,80.243309021,44366,44376,10
13.0065803528,80.2426986694,44376,44386,10
13.0065803528,80.2417984009,44386,44397,11
13.0065898895,80.2408370972,44397,44407,10
13.0066204071,80.2407226563,44407,44417,10
13.0066404343,80.2406311035,44417,44427,10
13.0067100525,80.2404403687,44427,44437,10
13.0068101883,80.2399368286,44437,44447,10
13.0069704056,80.2390823364,44447,44457,10
13.0071897507,80.2380065918,44457,44467,10
13.0073699951,80.2372283936,44467,44477,10
13.0074195862,80.2367019653,44477,44487,10
13.0074701309,80.2366104126,44487,44497,10
13.0075998306,80.2361907959,44497,44507,10
13.0077600479,80.2354278564,44507,44518,11
13.0079698563,80.2343215942,44518,44528,10
13.0082397461,80.233039856,44528,44538,10
13.0085000992,80.2316970825,44538,44548,10
13.0087299347,80.2305679321,44548,44558,10
13.0089702606,80.2294464111,44558,44568,10
13.0091896057,80.2283401489,44568,44578,10
13.0095500946,80.2274017334,44578,44588,10
13.0100603104,80.22631073,44588,44598,10
13.01060009,80.2251434326,44598,44608,10
13.0110702515,80.2240905762,44608,44618,10
13.0112304688,80.2234420776,44618,44649,31
13.0112304688,80.2234420776,44649,44659,10
13.0112199783,80.2230682373,44659,44669,10
13.0115299225,80.2224807739,44669,44679,10
13.0119600296,80.2215576172,44679,44689,10
13.0124797821,80.2216567993,44689,44699,10
13.0129804611,80.2223129272,44699,44709,10
13.0136299133,80.2230606079,44709,44719,10
13.0142097473,80.2237701416,44719,44729,10
13.0149097443,80.224609375,44729,44739,10
13.0156002045,80.2252120972,44739,44749,10
13.0164899826,80.2253570557,44749,44760,11
13.0175600052,80.2249221802,44760,44770,10
13.0183897018,80.2245483398,44770,44780,10
13.0193004608,80.2243118286,44780,44800,20
13.0193004608,80.2243118286,44800,44810,10
13.0196800232,80.2244873047,44810,44820,10
13.0202302933,80.224899292,44820,44830,10
13.0207004547,80.2252578735,44830,44840,10
13.0210199356,80.2255096436,44840,44850,10
13.0213603973,80.2257995605,44850,44860,10
13.0217695236,80.2260894775,44860,44869,9
13.0221595764,80.2264099121,44869,44880,11
13.0228500366,80.2270202637,44880,44891,11
13.023440361,80.2275695801,44891,44901,10
13.0241699219,80.2282867432,44901,44921,20
13.0241699219,80.2282867432,44921,44931,10
13.0243701935,80.2285614014,44931,44941,10
13.0246095657,80.2288970947,44941,44951,10
13.0249300003,80.2293319702,44951,44961,10
13.0253601074,80.2298736572,44961,44971,10
13.0257101059,80.2304077148,44971,44981,10
13.0258998871,80.2308731079,44981,45052,71
13.0258998871,80.2308731079,45052,45062,10
13.0259599686,80.2311706543,45062,45072,10
13.0260400772,80.231552124,45072,45082,10
13.0262203217,80.2322387695,45082,45092,10
13.0266304016,80.2331390381,45092,45102,10
13.0271501541,80.2339935303,45102,45112,10
13.0277004242,80.2349395752,45112,45122,10
13.0282802582,80.2358093262,45122,45133,11
13.0290899277,80.2366867065,45133,45143,10
13.0296096802,80.2372207642,45143,45153,10
13.0296201706,80.2372436523,45153,45163,10
13.029800415,80.2375335693,45163,45173,10
13.0301399231,80.2381591797,45173,45183,10
13.0306100845,80.2389602661,45183,45193,10
13.0309696198,80.2395019531,45193,45203,10
13.0310602188,80.2396774292,45203,45213,10
13.0312004089,80.2399215698,45213,45223,10
13.0314502716,80.2403869629,45223,45233,10
13.0316095352,80.2410888672,45233,45243,10
13.0319004059,80.2416534424,45243,45254,11
13.0323200226,80.2423400879,45254,45264,10
13.0328502655,80.2430267334,45264,45274,10
13.0333995819,80.2438430786,45274,45284,10
13.034040451,80.2446975708,45284,45294,10
13.0346002579,80.2453918457,45294,45304,10
13.0350103378,80.2458496094,45304,45314,10
13.0351696014,80.2460098267,45314,45324,10
13.0353403091,80.2461166382,45324,45334,10
13.0357198715,80.2462234497,45334,45344,10
13.0357503891,80.2462310791,45344,45354,10
13.0358200073,80.2462081909,45354,45364,10
13.0361204147,80.246383667,45364,45375,11
13.0368404388,80.2464981079,45375,45385,10
13.0374898911,80.246421814,45385,45395,10
13.0380897522,80.2465591431,45395,45405,10
13.0388803482,80.2468338013,45405,45435,30
13.0388803482,80.2468338013,45435,45445,10
13.0392103195,80.2469329834,45445,45455,10
13.0396699905,80.2470016479,45455,45465,10
13.0403003693,80.2471008301,45465,45475,10
13.0408802032,80.2472229004,45475,45485,10
13.0409202576,80.2472305298,45485,45496,11
13.0411396027,80.2472763062,45496,45506,10
13.0417299271,80.2473831177,45506,45516,10
13.0423603058,80.2474899292,45516,45526,10
13.0429801941,80.2477874756,45526,45536,10
13.0436000824,80.248008728,45536,45546,10
13.0441999435,80.2478790283,45546,45556,10
13.044839859,80.248008728,45556,45566,10
13.0452899933,80.2482833862,45566,45576,10
13.0458498001,80.2484817505,45576,45586,10
13.0465898514,80.2484817505,45586,45596,10
13.04708004,80.2483978271,45596,45606,10
13.0471601486,80.2484512329,45606,45617,11
13.0475196838,80.2487106323,45617,45627,10
13.0479803085,80.2491226196,45627,45637,10
13.0484399796,80.2495727539,45637,45647,10
13.0489997864,80.249710083,45647,45657,10
13.0497503281,80.2498397827,45657,45667,10
13.0507898331,80.250038147,45667,45677,10
13.0516500473,80.250328064,45677,45687,10
13.052280426,80.2509002686,45687,45697,10
13.0528001785,80.2516098022,45697,45707,10
13.0534496307,80.2524871826,45707,45717,10
13.053899765,80.2531280518,45717,45727,10
13.054309845,80.2536773682,45727,45737,10
13.0545301437,80.2539825439,45737,45748,11
13.0545902252,80.2540817261,45748,45758,10
13.0546798706,80.2542190552,45758,45768,10
13.0548295975,80.2543869019,45768,45778,10
13.0550003052,80.2546081543,45778,45788,10
13.0551595688,80.2547988892,45788,45798,10
13.055390358,80.2551269531,45798,45808,10
13.0556297302,80.2554779053,45808,45818,10
13.0558204651,80.2557067871,45818,45828,10
13.0559997559,80.2559432983,45828,45838,10
13.0561800003,80.2561798096,45838,45848,10
13.0563297272,80.2563781738,45848,45857,9
13.0566301346,80.256690979,45857,45869,12
13.0568599701,80.2568817139,45869,45879,10
13.0570697784,80.2570495605,45879,45889,10
13.0575399399,80.2574996948,45889,45899,10
13.0578899384,80.2578430176,45899,45909,10
13.0582704544,80.2583389282,45909,45919,10
13.0586900711,80.2588806152,45919,45929,10
13.0590496063,80.2593002319,45929,45939,10
13.0593299866,80.2598419189,45939,45949,10
13.0598096848,80.2602386475,45949,45959,10
13.0602998734,80.2607421875,45959,45969,10
13.0606899261,80.2612228394,45969,45979,10
13.0607299805,80.2613601685,45979,45990,11
13.0610103607,80.2617797852,45990,46000,10
13.0614500046,80.262260437,46000,46010,10
13.0617103577,80.2625808716,46010,46020,10
13.0618000031,80.2627410889,46020,46030,10
13.061829567,80.2628097534,46030,46040,10
13.0621700287,80.2631912231,46040,46050,10
13.062620163,80.263710022,46050,46060,10
13.0630197525,80.2641220093,46060,46070,10
13.0630998611,80.2641983032,46070,46080,10
13.0632295609,80.2643508911,46080,46090,10
13.0634899139,80.2647171021,46090,46100,10
13.0637598038,80.2651596069,46100,46111,11
13.06387043,80.2652816772,46111,46121,10
13.063949585,80.2654418945,46121,46131,10
13.0641202927,80.2656936646,46131,46141,10
13.0643100739,80.26587677,46141,46151,10
13.0643796921,80.2659378052,46151,46161,10
13.0645704269,80.2661514282,46161,46171,10
13.0646495819,80.2663116455,46171,46181,10
13.064740181,80.2664413452,46181,46191,10
13.0649003983,80.2666168213,46191,46201,10
13.0651102066,80.2668762207,46201,46211,10
13.0655498505,80.2671966553,46211,46221,10
13.0657501221,80.2674179077,46221,46232,11
13.0661096573,80.2678833008,46232,46242,10
13.066450119,80.2682189941,46242,46262,20
13.066450119,80.2682189941,46262,46272,10
13.0666399002,80.2683563232,46272,46282,10
13.0670003891,80.2685317993,46282,46292,10
13.0670795441,80.2685775757,46292,46302,10
13.0672502518,80.268699646,46302,46312,10
13.0676698685,80.2690124512,46312,46322,10
13.0681695938,80.2693023682,46322,46332,10
13.0683603287,80.2691116333,46332,46342,10
13.0684995651,80.2686233521,46342,46353,11
13.0687599182,80.2679672241,46353,46363,10
13.0690002441,80.2672424316,46363,46373,10
13.069270134,80.266960144,46373,46383,10
13.0695104599,80.2667007446,46383,46393,10
13.0697402954,80.2664794922,46393,46403,10
13.0702199936,80.2658996582,46403,46423,20
13.0702199936,80.2658996582,46423,46433,10
13.0705404282,80.2655715942,46433,46443,10
13.070980072,80.2651596069,46443,46453,10
13.0713396072,80.2648010254,46453,46463,10
13.0717096329,80.2644195557,46463,46474,11
13.0720996857,80.2639465332,46474,46484,10
13.0723400116,80.2632522583,46484,46494,10
13.0725803375,80.2626800537,46494,46504,10
13.0727996826,80.2621002197,46504,46514,10
13.0728702545,80.2619476318,46514,46524,10
13.0729503632,80.2617111206,46524,46534,10
13.0730600357,80.2612991333,46534,46544,10
13.0733003616,80.2611694336,46544,46554,10
13.0736904144,80.2615966797,46554,46564,10
13.074139595,80.2621231079,46564,46574,10
13.0745201111,80.2626113892,46574,46584,10
13.0749397278,80.263168335,46584,46595,11
13.0754098892,80.2638168335,46595,46605,10
13.0758895874,80.264251709,46605,46615,10
13.076499939,80.2641601563,46615,46625,10
13.0771598816,80.2640686035,46625,46645,20
13.0771598816,80.2640686035,46645,46655,10
13.0775098801,80.2639007568,46655,46665,10
13.07791996,80.2635726929,46665,46675,10
13.07791996,80.2630081177,46675,46685,10
13.0777301788,80.26222229,46685,46695,10
13.0774803162,80.2613601685,46695,46705,10
13.0773096085,80.2608566284,46705,46715,10
13.0773096085,80.260848999,46715,46726,11
13.0772600174,80.2606887817,46726,46736,10
13.0769395828,80.260383606,46736,46746,10
13.0763902664,80.2599334717,46746,46756,10
13.075750351,80.2593231201,46756,46766,10
13.0754804611,80.2585067749,46766,46816,50
13.0754804611,80.2585067749,46816,46826,10
13.0753602982,80.258140564,46826,46837,11
13.0758304596,80.2577667236,46837,46847,10
13.0764398575,80.257270813,46847,46857,10
13.0771398544,80.2567901611,46857,46867,10
13.0779399872,80.2565994263,46867,46877,10
13.078209877,80.2565917969,46877,46887,10
13.0787696838,80.2565765381,46887,46897,10
13.0790500641,80.2560424805,46897,46907,10
13.0789499283,80.2551727295,46907,46917,10
13.0789299011,80.2546386719,46917,46947,30
13.0789299011,80.2546386719,46947,46957,10
13.0789003372,80.2545166016,46957,46968,11
13.0792703629,80.2544631958,46968,46978,10
13.0797595978,80.2545623779,46978,46988,10
13.0798597336,80.2546081543,46988,46998,10
13.0801897049,80.2546310425,46998,47008,10
13.0808296204,80.254737854,47008,47018,10
13.0813903809,80.2547607422,47018,47028,10
13.0816898346,80.2543716431,47028,47038,10
13.0818004608,80.2539520264,47038,47048,10
13.0818395615,80.2534866333,47048,47058,10
13.0817604065,80.2529907227,47058,47068,10
13.0815401077,80.2524414063,47068,47077,9
13.081410408,80.2518768311,47077,47089,12
13.0813798904,80.2513580322,47089,47099,10
13.0813302994,80.2510375977,47099,47109,10
13.0813302994,80.2505493164,47109,47119,10
13.0813102722,80.2499771118,47119,47129,10
13.0814599991,80.2496032715,47129,47139,10
13.0819797516,80.2496795654,47139,47149,10
13.0826597214,80.2497787476,47149,47159,10
13.0832099915,80.2498474121,47159,47169,10
13.0836896896,80.2499389648,47169,47179,10
13.0840196609,80.2499923706,47179,47189,10
13.0844602585,80.2500534058,47189,47199,10
13.0846996307,80.2501296997,47199,47210,11
13.0848302841,80.2501907349,47210,47220,10
13.0852499008,80.25025177,47220,47230,10
13.085650444,80.2503204346,47230,47240,10
13.0858402252,80.2500305176,47240,47250,10
13.0858697891,80.2493209839,47250,47260,10
13.0858297348,80.2485198975,47260,47270,10
13.0857696533,80.2476119995,47270,47280,10
13.085729599,80.2466888428,47280,47290,10
13.0856895447,80.2465515137,47290,47300,10
13.0856800079,80.2460784912,47300,47310,10
13.0856199265,80.2453613281,47310,47320,10
13.0860700607,80.2448425293,47320,47331,11
13.0866603851,80.2443695068,47331,47341,10
13.0871200562,80.2439804077,47341,47351,10
13.0875701904,80.243598938,47351,47361,10
13.0877199173,80.2433319092,47361,47371,10
13.0878200531,80.2430114746,47371,47381,10
13.0879096985,80.242477417,47381,47391,10
13.0882101059,80.2420120239,47391,47401,10
13.0883998871,80.2418823242,47401,47411,10
13.0887899399,80.2416229248,47411,47421,10
13.0893297195,80.2412490845,47421,47431,10
13.0899801254,80.2408905029,47431,47441,10
13.0908899307,80.2408294678,47441,47452,11
13.091799736,80.2408828735,47452,47462,10
13.0925397873,80.2409133911,47462,47472,10
13.0931301117,80.2409820557,47472,47482,10
13.093629837,80.2410507202,47482,47492,10
13.0941200256,80.2411422729,47492,47502,10
13.0941295624,80.2411422729,47502,47512,10
13.094329834,80.2411804199,47512,47522,10
13.0947198868,80.2412567139,47522,47532,10
13.095290184,80.2414016724,47532,47542,10
13.0954799652,80.2414703369,47542,47552,10
13.0956802368,80.2415390015,47552,47561,9
13.096039772,80.2416763306,47561,47573,12
13.0972299576,80.2420730591,47573,47653,80
13.0972299576,80.2420730591,47653,47663,10
13.0975198746,80.2421112061,47663,47673,10
13.0984201431,80.2422866821,47673,47694,21
13.0984201431,80.2422866821,47694,47704,10
13.098690033,80.2422027588,47704,47714,10
13.0987796783,80.2419586182,47714,47724,10
13.0988302231,80.2416992188,47724,47734,10
13.0988197327,80.2415618896,47734,47744,10
13.0986204147,80.2411880493,47744,47754,10
13.0983600616,80.2411193848,47754,48899,1145
13.0982503891,80.2411880493,48899,48910,11
13.0983896255,80.2411880493,48910,48920,10
13.0985097885,80.2410964966,48920,48930,10
13.098739624,80.2415084839,48930,48950,20
13.098739624,80.2415084839,48950,48960,10
13.0987997055,80.2416992188,48960,48970,10
13.0987796783,80.2417984009,48970,48980,10
13.0987300873,80.2418670654,48980,48990,10
13.0986995697,80.2420730591,48990,49000,10
13.0985002518,80.2422714233,49000,49101,101
13.0985002518,80.2422714233,49101,49111,10
13.0983695984,80.2422866821,49111,49121,10
13.0979499817,80.2423019409,49121,49131,10
13.097700119,80.2422714233,49131,49141,10
13.0974597931,80.2422103882,49141,49152,11
13.0972795486,80.2421569824,49152,49162,10
13.0970096588,80.2420730591,49162,49172,10
13.0966396332,80.2419509888,49172,49182,10
13.0962295532,80.2417984009,49182,49192,10
13.0959997177,80.2417221069,49192,49202,10
13.0959100723,80.2416763306,49202,49212,10
13.0957403183,80.241607666,49212,49222,10
13.0952997208,80.2414703369,49222,49232,10
13.0949001312,80.2413482666,49232,49242,10
13.0945196152,80.2412796021,49242,49252,10
13.0939397812,80.2411804199,49252,49262,10
13.0935096741,80.2410964966,49262,49273,11
13.0932598114,80.2410583496,49273,49283,10
13.0927600861,80.2409973145,49283,49293,10
13.0924196243,80.2409362793,49293,49303,10
13.0917301178,80.2409210205,49303,49313,10
13.0907402039,80.2408981323,49313,49323,10
13.0898599625,80.2409973145,49323,49333,10
13.0890598297,80.2414779663,49333,49343,10
13.0882701874,80.2420120239,49343,49353,10
13.0878601074,80.2426986694,49353,49363,10
13.0878095627,80.2432098389,49363,49373,10
13.0875997543,80.243598938,49373,49383,10
13.0869398117,80.2442016602,49383,49394,11
13.0859098434,80.2450714111,49394,49414,20
13.0859098434,80.2450714111,49414,49424,10
13.0857896805,80.2451095581,49424,49434,10
13.0856599808,80.2453079224,49434,49444,10
13.0856599808,80.2459182739,49444,49454,10
13.0857601166,80.2467422485,49454,49464,10
13.0858201981,80.2476577759,49464,49474,10
13.0858602524,80.2485961914,49474,49484,10
13.0858602524,80.2492904663,49484,49494,10
13.0859003067,80.2499313354,49494,49504,10
13.0859098434,80.2500305176,49504,49515,11
13.0859203339,80.2501602173,49515,49525,10
13.085849762,80.2506103516,49525,49535,10
13.0857696533,80.2510375977,49535,49545,10
13.0857200623,80.2515182495,49545,49555,10
13.085650444,80.2518920898,49555,49565,10
13.0855998993,80.252456665,49565,49575,10
13.085559845,80.2529678345,49575,49585,10
13.085559845,80.2533721924,49585,49595,10
13.0855998993,80.2538528442,49595,49605,10
13.0856304169,80.2544021606,49605,49615,10
13.0856399536,80.2546081543,49615,49625,10
13.0854301453,80.254737854,49625,49635,10
13.0849599838,80.2547302246,49635,49646,11
13.0844297409,80.2546691895,49646,49656,10
13.0839099884,80.2545928955,49656,49676,20
13.0839099884,80.2545928955,49676,49686,10
13.0836000443,80.2545318604,49686,49696,10
13.0830402374,80.2545089722,49696,49706,10
13.0823802948,80.2545166016,49706,49716,10
13.0819301605,80.2546234131,49716,49726,10
13.0815601349,80.2548370361,49726,49746,20
13.0815601349,80.2548370361,49746,49755,9
13.0812997818,80.2549133301,49755,49767,12
13.0810699463,80.2548828125,49767,49777,10
13.0807504654,80.2548599243,49777,49787,10
13.0803899765,80.2547988892,49787,49797,10
13.0799198151,80.2547302246,49797,49867,70
13.0799198151,80.2547302246,49867,49877,10
13.0796298981,80.2545471191,49877,49888,11
13.0792999268,80.2545928955,49888,49898,10
13.0790300369,80.2547225952,49898,49908,10
13.0790395737,80.2551498413,49908,49918,10
13.0790996552,80.2560195923,49918,49928,10
13.0789699554,80.2566604614,49928,49938,10
13.0783996582,80.256690979,49938,49948,10
13.0777902603,80.256729126,49948,49958,10
13.0772199631,80.2568511963,49958,49968,10
13.0767202377,80.2571105957,49968,49978,10
13.0761995316,80.2575912476,49978,49988,10
13.0757102966,80.2580718994,49988,49998,10
13.075510025,80.2583770752,49998,50009,11
13.0756902695,80.2591171265,50009,50019,10
13.0761499405,80.259727478,50019,50029,10
13.0768203735,80.2603225708,50029,50039,10
13.0772800446,80.2608795166,50039,50049,10
13.077630043,80.2618179321,50049,50079,30
13.077630043,80.2618179321,50079,50089,10
13.0777196884,80.2620162964,50089,50099,10
13.0778102875,80.2622528076,50099,50109,10
13.0778799057,80.2625732422,50109,50119,10
13.0779895782,80.2629623413,50119,50130,11
13.0781602859,80.2632293701,50130,50140,10
13.0782403946,80.2633972168,50140,50150,10
13.0779600143,80.2635803223,50150,50160,10
13.0775003433,80.2639465332,50160,50170,10
13.0769701004,80.2641220093,50170,50180,10
13.0763301849,80.2642211914,50180,50190,10
13.0757799149,80.2642669678,50190,50200,10
13.0756101608,80.2641601563,50200,50210,10
13.0753803253,80.2637786865,50210,50220,10
13.0749702454,80.2632293701,50220,50230,10
13.0745000839,80.2626113892,50230,50240,10
13.0739498138,80.2619476318,50240,50251,11
13.0738096237,80.2617416382,50251,50261,10
13.073679924,80.2615737915,50261,50271,10
13.0732898712,80.2613677979,50271,50281,10
13.0730199814,80.2618026733,50281,50291,10
13.0728197098,80.2624282837,50291,50301,10
13.0726299286,80.2630310059,50301,50311,10
13.0724096298,80.2636489868,50311,50321,10
13.07213974,80.2640686035,50321,50331,10
13.0717601776,80.2644424438,50331,50341,10
13.0715103149,80.2646789551,50341,50351,10
13.0715103149,80.2647018433,50351,50361,10
13.0712404251,80.2649536133,50361,50371,10
13.0707397461,80.2654266357,50371,50382,11
13.0702295303,80.2659912109,50382,50392,10
13.0698099136,80.2664794922,50392,50402,10
13.0694599152,80.2668304443,50402,50412,10
13.0689601898,80.2673721313,50412,50422,10
13.0687398911,80.2679519653,50422,50432,10
13.0685596466,80.2684936523,50432,50442,10
13.0684995651,80.268661499,50442,50452,10
13.0683803558,80.2691116333,50452,50462,10
13.0682897568,80.2695083618,50462,50472,10
13.0682001114,80.2699966431,50472,50482,10
13.0681400299,80.2705993652,50482,50491,9
13.0678901672,80.2709274292,50491,50502,11
13.0672502518,80.2704315186,50502,50513,11
13.0665302277,80.2696228027,50513,50523,10
13.0663795471,80.2688217163,50523,50533,10
13.0662202835,80.2683334351,50533,50543,10
13.0656604767,80.2677383423,50543,50563,20
13.0656604767,80.2677383423,50563,50573,10
13.0654802322,80.2675704956,50573,50583,10
13.0651502609,80.267578125,50583,50593,10
13.0648803711,80.2675476074,50593,50603,10
13.0646800995,80.2675476074,50603,50613,10
13.0646400452,80.267539978,50613,50624,11
13.064330101,80.2675170898,50624,50634,10
13.0640602112,80.2674407959,50634,50644,10
13.0636396408,80.2673721313,50644,50654,10
13.0632801056,80.2673110962,50654,50664,10
13.0630102158,80.2672576904,50664,50674,10
13.0626602173,80.267036438,50674,50684,10
13.0622301102,80.2665405273,50684,50694,10
13.0618801117,80.2660827637,50694,50704,10
13.0614700317,80.2655792236,50704,50714,10
13.0610599518,80.2651977539,50714,50724,10
13.0605297089,80.2653808594,50724,50734,10
13.0598602295,80.2656326294,50734,50745,11
13.0593204498,80.2655715942,50745,50755,10
13.0588302612,80.2655105591,50755,50775,20
13.0588302612,80.2655105591,50775,50785,10
13.0584802628,80.26537323,50785,50795,10
13.0580701828,80.2649993896,50795,50805,10
13.0579795837,80.2643814087,50805,50815,10
13.0579204559,80.2638702393,50815,50825,10
13.0578298569,80.2632217407,50825,50835,10
13.0577602386,80.2624893188,50835,50845,10
13.0576400757,80.2618408203,50845,50855,10
13.0574903488,80.261138916,50855,50866,11
13.0572795868,80.2602920532,50866,50876,10
13.0570297241,80.2594528198,50876,50886,10
13.0567502975,80.2585983276,50886,50896,10
13.0565795898,80.2578887939,50896,50906,10
13.056520462,80.2574920654,50906,50916,10
13.0564603806,80.2573471069,50916,50926,10
13.0563697815,80.2569885254,50926,50936,10
13.0562400818,80.2564620972,50936,50946,10
13.0559196472,80.2559127808,50946,50956,10
13.0554504395,80.255241394,50956,50966,10
13.054889679,80.2544708252,50966,50976,10
13.0543203354,80.2537231445,50976,50987,11
13.0541200638,80.2534637451,50987,50997,10
13.0540304184,80.253288269,50997,51007,10
13.0536603928,80.2527618408,51007,51017,10
13.0531301498,80.2520370483,51017,51027,10
13.0525102615,80.2512283325,51027,51037,10
13.0518302917,80.2504577637,51037,51047,10
13.0509595871,80.250038147,51047,51057,10
13.0499401093,80.2498397827,51057,51067,10
13.049200058,80.249786377,51067,51077,10
13.0488004684,80.2497406006,51077,51087,10
13.0484695435,80.2496185303,51087,51097,10
13.047949791,80.2492523193,51097,51108,11
13.0472698212,80.2486877441,51108,51118,10
13.0469503403,80.248626709,51118,51128,10
13.0467195511,80.248588562,51128,51138,10
13.0461702347,80.2484588623,51138,51148,10
13.0456695557,80.2483520508,51148,51158,10
13.0451402664,80.2481765747,51158,51168,10
13.0444803238,80.248046875,51168,51178,10
13.0437698364,80.2479019165,51178,51188,10
13.0430698395,80.2478637695,51188,51198,10
13.0423402786,80.2477416992,51198,51208,10
13.0416202545,80.247543335,51208,51218,10
13.0407600403,80.2473220825,51218,51228,10
13.0395898819,80.2470703125,51228,51289,61
13.0395898819,80.2470703125,51289,51299,10
13.039270401,80.2469100952,51299,51309,10
13.0388498306,80.2468109131,51309,51319,10
13.0380601883,80.2467193604,51319,51360,41
13.0380601883,80.2467193604,51360,51370,10
13.037730217,80.2467193604,51370,51380,10
13.0373697281,80.2466430664,51380,51390,10
13.0369596481,80.2465591431,51390,51400,10
13.0363302231,80.2464294434,51400,51410,10
13.0358600616,80.2463226318,51410,51420,10
13.0355501175,80.2461929321,51420,51430,10
13.0352096558,80.2460098267,51430,51440,10
13.0348396301,80.2457504272,51440,51450,10
13.0347003937,80.2455215454,51450,51460,10
13.0344495773,80.2451934814,51460,51470,10
13.0341901779,80.2448272705,51470,51481,11
13.0338697433,80.244430542,51481,51491,10
13.0333204269,80.2438430786,51491,51501,10
13.0327596664,80.2431030273,51501,51511,10
13.0319299698,80.2419662476,51511,51561,50
13.0319299698,80.2419662476,51561,51571,10
13.0318698883,80.2418670654,51571,51581,10
13.031709671,80.2414932251,51581,51591,10
13.0314502716,80.2409362793,51591,51600,9
13.0311403275,80.2401580811,51600,51692,92
13.0311403275,80.2401580811,51692,51702,10
13.0310401917,80.2398986816,51702,51712,10
13.0307302475,80.2392272949,51712,51722,10
13.0302295685,80.2383422852,51722,51733,11
13.0295696259,80.2372817993,51733,51743,10
13.0290699005,80.2367935181,51743,51753,10
13.029009819,80.2367172241,51753,51763,10
13.0286903381,80.2363586426,51763,51773,10
13.0281295776,80.235710144,51773,51783,10
13.0276203156,80.234916687,51783,51793,10
13.0270900726,80.2340316772,51793,51803,10
13.0265598297,80.2331466675,51803,51813,10
13.0261802673,80.2322387695,51813,51822,9
13.0260400772,80.2316513062,51822,51833,11
13.0258197784,80.2308731079,51833,51843,10
13.0253295898,80.2299423218,51843,51854,11
13.0246095657,80.2290496826,51854,51874,20
13.0246095657,80.2290496826,51874,51884,10
13.0244102478,80.2288131714,51884,51894,10
13.0240297318,80.2283706665,51894,51904,10
13.0239801407,80.2283096313,51904,51914,10
13.0238599777,80.2281265259,51914,51924,10
13.0234804153,80.2276992798,51924,51934,10
13.0229701996,80.2271575928,51934,51944,10
13.0222902298,80.2265472412,51944,51954,10
13.0215797424,80.2259597778,51954,51964,10
13.0208702087,80.2254180908,51964,51975,11
13.0201301575,80.224937439,51975,51985,10
13.0200395584,80.2248764038,51985,51995,10
13.0199298859,80.2248306274,51995,52005,10
13.0195198059,80.2245788574,52005,52015,10
13.0186500549,80.2245483398,52015,52025,10
13.0176000595,80.2249679565,52025,52035,10
13.0166797638,80.2253875732,52035,52045,10
13.0160303116,80.2256317139,52045,52055,10
13.0152902603,80.2259063721,52055,52065,10
13.0144796371,80.2262420654,52065,52075,10
13.0140600204,80.2264328003,52075,52085,10
13.0139198303,80.2264709473,52085,52096,11
13.0133399963,80.2266464233,52096,52106,10
13.0125598907,80.2269668579,52106,52116,10
13.0116195679,80.2273406982,52116,52126,10
13.0106897354,80.2276992798,52126,52136,10
13.0099496841,80.2280197144,52136,52145,9
13.0092401505,80.2284164429,52145,52156,11
13.0089797974,80.2294998169,52156,52166,10
13.0087499619,80.2306671143,52166,52176,10
13.0085401535,80.2317504883,52176,52186,10
13.0083703995,80.2327804565,52186,52196,10
13.0082197189,80.2336807251,52196,52216,20
13.0082197189,80.2336807251,52216,52227,11
13.0081195831,80.2341003418,52227,52237,10
13.0079803467,80.2348175049,52237,52247,10
13.0078296661,80.2355575562,52247,52257,10
13.0076198578,80.2366027832,52257,52267,10
13.0073900223,80.2377471924,52267,52277,10
13.0072002411,80.2387466431,52277,52287,10
13.0069799423,80.2399368286,52287,52317,30
13.0069799423,80.2399368286,52317,52327,10
13.0069503784,80.2400436401,52327,52337,10
13.0068798065,80.2404632568,52337,52348,11
13.0067501068,80.241317749,52348,52358,10
13.0067195892,80.24243927,52358,52368,10
13.0066900253,80.2434692383,52368,52378,10
13.0066795349,80.2443466187,52378,52388,10
13.0066795349,80.2451782227,52388,52398,10
13.0066995621,80.2456893921,52398,52408,10
13.0067100525,80.2458496094,52408,52418,10
13.0067396164,80.2463531494,52418,52428,10
13.006770134,80.2469787598,52428,52438,10
13.0067396164,80.2476501465,52438,52448,10
13.0067501068,80.2484893799,52448,52458,10
13.0067901611,80.2495803833,52458,52469,11
13.0067996979,80.2508392334,52469,52479,10
13.0066900253,80.2518692017,52479,52489,10
13.0065803528,80.2530288696,52489,52499,10
13.0065803528,80.2542419434,52499,52509,10
13.0066204071,80.2548828125,52509,52519,10
13.0066204071,80.2549209595,52519,52529,10
13.0065898895,80.2552490234,52529,52539,10
13.0066003799,80.2559814453,52539,52549,10
13.006649971,80.2571105957,52549,52640,91
13.006649971,80.2571105957,52640,52650,10
13.0067396164,80.2574081421,52650,52660,10
13.0064096451,80.257522583,52660,52670,10
13.0058002472,80.2573318481,52670,52680,10
13.0050697327,80.2572021484,52680,52690,10
13.0043697357,80.2570495605,52690,52700,10
13.0036697388,80.2569274902,52700,52711,11
13.0030403137,80.2568130493,52711,52721,10
13.0023603439,80.2566833496,52721,52731,10
13.0018501282,80.2566375732,52731,52791,60
13.0018501282,80.2566375732,52791,52801,10
13.0015602112,80.2565917969,52801,52811,10
13.0009098053,80.2565231323,52811,52821,10
13.0000400543,80.2563400269,52821,52832,11
12.9996404648,80.2562713623,52832,52842,10
12.9993000031,80.2561721802,52842,52852,10
12.9984798431,80.2560806274,52852,52882,30
12.9984798431,80.2560806274,52882,52892,10
12.9977903366,80.2559585571,52892,52922,30
12.9977903366,80.2559585571,52922,52932,10
12.9975204468,80.2559280396,52932,52942,10
12.9970903397,80.2559280396,52942,52952,10
12.9968299866,80.2559204102,52952,52963,11
12.9962701797,80.2559127808,52963,52993,30
12.9962701797,80.2559127808,52993,53003,10
12.9958200455,80.2558822632,53003,53013,10
12.9955596924,80.255897522,53013,53023,10
12.9951295853,80.2559204102,53023,53033,10
12.9945602417,80.2559204102,53033,53043,10
12.9938201904,80.2559814453,53043,53053,10
12.9931097031,80.2560424805,53053,53063,10
12.9922895432,80.256072998,53063,53073,10
12.9914598465,80.2560501099,53073,53084,11
12.9907503128,80.2560424805,53084,53094,10
12.990240097,80.2560424805,53094,53104,10
12.9896402359,80.2560272217,53104,53114,10
12.9889202118,80.2559585571,53114,53124,10
12.9885797501,80.2559204102,53124,53134,10
12.988409996,80.2558898926,53134,53144,10
12.9879198074,80.2558364868,53144,53154,10
12.9876403809,80.2561569214,53154,53164,10
12.9876003265,80.2566986084,53164,53174,10
12.9875001907,80.2575302124,53174,53184,10
12.9874095917,80.2585525513,53184,53194,10
12.9872598648,80.2595214844,53194,53245,51
12.9872598648,80.2595214844,53245,53255,10
12.9870195389,80.2593078613,53255,53648,393
12.9870195389,80.2593078613,53648,53658,10
12.9872102737,80.2590637207,53658,53668,10
12.9872903824,80.2588882446,53668,53678,10
12.9873304367,80.2585372925,53678,53687,9
12.9873695374,80.2581634521,53687,53699,12
12.9874296188,80.2575073242,53699,53709,10
12.9874897003,80.2568817139,53709,53719,10
12.9875602722,80.2563781738,53719,53729,10
12.9875898361,80.2562026978,53729,53739,10
12.9876203537,80.2557907104,53739,53749,10
12.9879999161,80.2557067871,53749,53759,10
12.988360405,80.2557983398,53759,53769,10
12.9886598587,80.2558517456,53769,53779,10
12.9887104034,80.255859375,53779,53789,10
12.9889497757,80.255897522,53789,53799,10
12.9894599915,80.2559509277,53799,53808,9
12.9900798798,80.2560119629,53808,53820,12
12.9907503128,80.2559967041,53820,53830,10
12.9915599823,80.2560272217,53830,53840,10
12.9925498962,80.2560424805,53840,53850,10
12.9935503006,80.2559814453,53850,53860,10
12.9943399429,80.2559204102,53860,53870,10
12.9950799942,80.255859375,53870,53880,10
12.9956798553,80.255859375,53880,53890,10
12.9966001511,80.2558364868,53890,53930,40
12.9966001511,80.2558364868,53930,53941,11
12.9967603683,80.2558288574,53941,53951,10
12.9970703125,80.255859375,53951,53961,10
12.9975700378,80.2558898926,53961,53971,10
12.9979095459,80.2558898926,53971,53981,10
12.9987697601,80.2559967041,53981,54001,20
12.9987697601,80.2559967041,54001,54011,10
12.9990997314,80.2560424805,54011,54021,10
12.9997596741,80.2561721802,54021,54031,10
13.0005598068,80.2563323975,54031,54041,10
13.0013198853,80.256477356,54041,54051,10
13.0018901825,80.2565917969,54051,54061,10
13.0023097992,80.2566375732,54061,54072,11
13.0024299622,80.2566680908,54072,54082,10
13.0026502609,80.2567214966,54082,54092,10
13.0029401779,80.2567672729,54092,54102,10
13.0032997131,80.2568511963,54102,54112,10
13.0038003922,80.256942749,54112,54122,10
13.0040998459,80.2570114136,54122,54132,10
13.0043201447,80.2570495605,54132,54142,10
13.0045995712,80.2571182251,54142,54152,10
13.0050401688,80.2571868896,54152,54162,10
13.0053596497,80.2572479248,54162,54172,10
13.0058298111,80.2573623657,54172,54182,10
13.0062999725,80.2574386597,54182,54193,11
13.0064201355,80.2568283081,54193,54203,10
13.0064601898,80.2560272217,54203,54213,10
13.0065002441,80.255241394,54213,54223,10
13.0065202713,80.2545700073,54223,54233,10
13.0065202713,80.2541809082,54233,54243,10
13.0065202713,80.2538528442,54243,54253,10
13.0065698624,80.253578186,54253,54324,71
13.0065698624,80.253578186,54324,54334,10
13.0066299438,80.2530975342,54334,54344,10
13.0066099167,80.252822876,54344,54354,10
13.0065898895,80.2526092529,54354,54364,10
13.0065803528,80.2522583008,54364,54424,60
13.0065803528,80.2522583008,54424,54435,11
13.0065202713,80.2520904541,54435,54445,10
13.0066204071,80.2515716553,54445,54455,10
13.0067195892,80.2508010864,54455,54465,10
13.0067100525,80.2499237061,54465,54475,10
13.0067300797,80.2490310669,54475,54485,10
13.006649971,80.2482299805,54485,54495,10
13.0066404343,80.2478713989,54495,54535,40
13.0066404343,80.2478713989,54535,54545,10
13.0066604614,80.2475204468,54545,54553,8
13.0066699982,80.2471008301,54553,54566,13
13.0066299438,80.2464065552,54566,54576,10
13.0066204071,80.2460174561,54576,54586,10
13.0066299438,80.2452697754,54586,54596,10
13.006649971,80.2444381714,54596,54606,10
13.0066204071,80.2436218262,54606,54616,10
13.0065698624,80.24269104,54616,54626,10
13.0065803528,80.2415618896,54626,54636,10
13.0066299438,80.2406997681,54636,54646,10
13.0066795349,80.2403869629,54646,54656,10
13.0068302155,80.2398223877,54656,54666,10
13.0069599152,80.2390136719,54666,54676,10
13.0071201324,80.2381591797,54676,54687,11
13.0073404312,80.2372207642,54687,54697,10
13.0073900223,80.2367630005,54697,54707,10
13.007399559,80.2367477417,54707,54717,10
13.0075397491,80.2364578247,54717,54727,10
13.0076799393,80.2358322144,54727,54737,10
13.0078401566,80.2350997925,54737,54747,10
13.0080099106,80.2342376709,54747,54757,10
13.008190155,80.233291626,54757,54767,10
13.0083999634,80.2322463989,54767,54777,10
13.0086097717,80.2311782837,54777,54787,10
13.0088195801,80.2300109863,54787,54797,10
13.0090503693,80.2287902832,54797,54808,11
13.009469986,80.2275238037,54808,54818,10
13.0099897385,80.2263870239,54818,54828,10
13.0104904175,80.2254104614,54828,54838,10
13.0108804703,80.2244873047,54838,54848,10
13.0111703873,80.2238464355,54848,54858,10
13.0111503601,80.2235565186,54858,54868,10
13.0112800598,80.2230987549,54868,54878,10
13.0116500854,80.2223815918,54878,54888,10
13.0118999481,80.2217330933,54888,54898,10
13.0122900009,80.221496582,54898,54908,10
13.0125598907,80.2218093872,54908,54918,10
13.0129203796,80.2222290039,54918,54929,11
13.0135803223,80.2230224609,54929,54939,10
13.0140895844,80.2237701416,54939,54949,10
13.0146903992,80.2242584229,54949,54959,10
13.0154304504,80.2249832153,54959,54969,10
13.016409874,80.2251968384,54969,54979,10
13.0175304413,80.224822998,54979,54989,10
13.0185499191,80.2244110107,54989,54999,10
13.0192604065,80.2242279053,54999,55009,10
13.0192804337,80.2242431641,55009,55019,10
13.0195798874,80.2244262695,55019,55029,10
13.0196199417,80.2244720459,55029,55038,9
13.019780159,80.224571228,55038,55050,12
13.0203104019,80.2249679565,55050,55060,10
13.0209102631,80.225402832,55060,55070,10
13.0215997696,80.2259216309,55070,55080,10
13.0223999023,80.2265625,55080,55090,10
13.0233001709,80.2274017334,55090,55100,10
13.0241498947,80.2282562256,55100,55110,10
13.024769783,80.2291183472,55110,55120,10
13.0253400803,80.2298583984,55120,55130,10
13.0257997513,80.23072052,55130,55160,30
13.0257997513,80.23072052,55160,55170,10
13.0259103775,80.2310409546,55170,55181,11
13.0260696411,80.2316131592,55181,55191,10
13.0263204575,80.2325286865,55191,55231,40
13.0263204575,80.2325286865,55231,55241,10
13.0263395309,80.2325668335,55241,55251,10
13.0265302658,80.2329864502,55251,55261,10
13.0269403458,80.2336425781,55261,55271,10
13.0274295807,80.2344589233,55271,55281,10
13.0279397964,80.2353973389,55281,55291,10
13.0286798477,80.2362365723,55291,55302,11
13.0293798447,80.2369918823,55302,55312,10
13.0295295715,80.2371902466,55312,55322,10
13.0296001434,80.2372665405,55322,55332,10
13.02987957,80.2376403809,55332,55342,10
13.0302696228,80.238319397,55342,55352,10
13.0307302475,80.2391586304,55352,55362,10
13.0311203003,80.2398605347,55362,55372,10
13.0312595367,80.239982605,55372,55382,10
13.0313396454,80.2403106689,55382,55392,10
13.0314302444,80.2408065796,55392,55402,10
13.03166008,80.2412185669,55402,55412,10
13.0319004059,80.2417373657,55412,55423,11
13.0323896408,80.2424316406,55423,55433,10
13.0328397751,80.2430419922,55433,55443,10
13.0332803726,80.2436294556,55443,55453,10
13.0336999893,80.2442398071,55453,55463,10
13.0339803696,80.2445907593,55463,55473,10
13.0343399048,80.2450332642,55473,55483,10
13.0349998474,80.2457962036,55483,55503,20
13.0349998474,80.2457962036,55503,55513,10
13.0352096558,80.2459030151,55513,55523,10
13.0355997086,80.2460327148,55523,55533,10
13.0356302261,80.2460403442,55533,55544,11
13.0359201431,80.2461700439,55544,55554,10
13.0365896225,80.2462997437,55554,55564,10
13.0372800827,80.2463302612,55564,55574,10
13.0379104614,80.246421814,55574,55584,10
13.0385904312,80.246673584,55584,55624,40
13.0385904312,80.246673584,55624,55634,10
13.038860321,80.2467498779,55634,55644,10
13.0392303467,80.2468185425,55644,55654,10
13.0394096375,80.2468414307,55654,55665,11
13.0400495529,80.246963501,55665,55675,10
13.0407400131,80.2471008301,55675,55685,10
13.0416603088,80.2472915649,55685,55695,10
13.0423803329,80.2475204468,55695,55705,10
13.0429401398,80.2478179932,55705,55715,10
13.0435304642,80.2478637695,55715,55725,10
13.0441503525,80.2478027344,55725,55735,10
13.0448102951,80.2479629517,55735,55745,10
13.0453395844,80.2482299805,55745,55755,10
13.0460996628,80.2484207153,55755,55765,10
13.0468196869,80.2483062744,55765,55775,10
13.0468797684,80.2483215332,55775,55785,10
13.0471897125,80.2484817505,55785,55796,11
13.0476903915,80.2489471436,55796,55806,10
13.0481595993,80.2493896484,55806,55816,10
13.0487604141,80.2496795654,55816,55826,10
13.0494804382,80.2497711182,55826,55836,10
13.050359726,80.2499008179,55836,55846,10
13.051320076,80.2501602173,55846,55856,10
13.0521402359,80.2507476807,55856,55866,10
13.0528202057,80.2516403198,55866,55876,10
13.0534696579,80.2525024414,55876,55886,10
13.0539302826,80.2531585693,55886,55896,10
13.0544996262,80.2539215088,55896,55905,9
13.0548095703,80.2543182373,55905,55917,12
13.0550699234,80.2546768188,55917,55927,10
13.0553798676,80.2551422119,55927,55937,10
13.0558395386,80.2557296753,55937,55947,10
13.0563097,80.2563095093,55947,55957,10
13.0566797256,80.2566986084,55957,55967,10
13.0567903519,80.2567596436,55967,55977,10
13.0570297241,80.2570037842,55977,55987,10
13.0576000214,80.2575302124,55987,55997,10
13.0580301285,80.2580413818,55997,56007,10
13.0585002899,80.2587127686,56007,56017,10
13.058930397,80.259147644,56017,56027,10
13.0592498779,80.2597198486,56027,56038,11
13.0598602295,80.2602386475,56038,56048,10
13.0603599548,80.2607727051,56048,56058,10
13.0606498718,80.2612228394,56058,56068,10
13.060669899,80.2613372803,56068,56078,10
13.0609798431,80.2617492676,56078,56088,10
13.0614795685,80.2622833252,56088,56098,10
13.0617303848,80.2626419067,56098,56108,10
13.0617399216,80.2627029419,56108,56118,10
13.0620203018,80.2630004883,56118,56128,10
13.0624599457,80.2635421753,56128,56138,10
13.0630302429,80.2641220093,56138,56148,10
13.0631303787,80.264251709,56148,56159,11
13.0633802414,80.2646026611,56159,56169,10
13.0637397766,80.2651367188,56169,56179,10
13.063949585,80.26537323,56179,56189,10
13.0642004013,80.2657699585,56189,56199,10
13.064620018,80.2662734985,56199,56209,10
13.0649404526,80.2667236328,56209,56219,10
13.0654201508,80.2670974731,56219,56229,10
13.0658597946,80.2675933838,56229,56239,10
13.0663995743,80.2682113647,56239,56259,20
13.0663995743,80.2682113647,56259,56269,10
13.0670499802,80.2685699463,56269,56290,21
13.0670499802,80.2685699463,56290,56300,10
13.0672798157,80.268737793,56300,56310,10
13.0677604675,80.2690582275,56310,56320,10
13.0682096481,80.2692337036,56320,56330,10
13.0683202744,80.2687835693,56330,56340,10
13.0685300827,80.2683868408,56340,56350,10
13.0687999725,80.2677764893,56350,56360,10
13.0690002441,80.267250061,56360,56370,10
13.0693998337,80.2668304443,56370,56380,10
13.0698299408,80.2664413452,56380,56389,9
13.0702400208,80.2660217285,56389,56401,12
13.0703201294,80.2659225464,56401,56411,10
13.0703802109,80.2658004761,56411,56421,10
13.070690155,80.2654495239,56421,56431,10
13.0711803436,80.2649002075,56431,56441,10
13.0716600418,80.2644195557,56441,56451,10
13.0720596313,80.263961792,56451,56461,10
13.0723600388,80.2633590698,56461,56471,10
13.0725803375,80.2627868652,56471,56481,10
13.0727996826,80.2621917725,56481,56491,10
13.0728702545,80.2620162964,56491,56501,10
13.0729703903,80.2616882324,56501,56510,9
13.0730695724,80.2612609863,56510,56521,11
13.0734596252,80.2613601685,56521,56532,11
13.0740098953,80.2619934082,56532,56542,10
13.0744695663,80.2624664307,56542,56552,10
13.0749197006,80.263092041,56552,56562,10
13.0754003525,80.2637481689,56562,56572,10
13.0758895874,80.2641983032,56572,56582,10
13.0766601563,80.2641983032,56582,56592,10
13.077340126,80.2640228271,56592,56602,10
13.0779495239,80.2635421753,56602,56612,10
13.0779695511,80.2629470825,56612,56622,10
13.0776996613,80.2621002197,56622,56632,10
13.0774202347,80.2613067627,56632,56641,9
13.0773200989,80.2609481812,56641,56653,12
13.0773096085,80.2609405518,56653,56663,10
13.0772695541,80.2608108521,56663,56673,10
13.0770101547,80.2604370117,56673,56683,10
13.0765199661,80.2600326538,56683,56693,10
13.0759096146,80.2595672607,56693,56703,10
13.0755596161,80.2588806152,56703,56713,10
13.0755300522,80.2587585449,56713,56723,10
13.0754404068,80.2584609985,56723,56733,10
13.0756702423,80.2580413818,56733,56743,10
13.0761899948,80.2575683594,56743,56753,10
13.0768003464,80.2570266724,56753,56763,10
13.0774898529,80.2567214966,56763,56774,11
13.0784101486,80.2566223145,56774,56784,10
13.0790195465,80.2565078735,56784,56794,10
13.0790300369,80.2559127808,56794,56804,10
13.0789499283,80.2550201416,56804,56874,70
13.0789499283,80.2550201416,56874,56884,10
13.0789604187,80.2545776367,56884,56895,11
13.0793504715,80.2545318604,56895,56905,10
13.079750061,80.2545623779,56905,56915,10
13.0798597336,80.2546005249,56915,56925,10
13.0802001953,80.2546615601,56925,56935,10
13.0805702209,80.2546768188,56935,56945,10
13.0810403824,80.254699707,56945,56955,10
13.0814695358,80.2547531128,56955,56965,10
13.0816497803,80.2543411255,56965,56974,9
13.0817899704,80.2538909912,56974,56985,11
13.081870079,80.25340271,56985,56995,10
13.0818395615,80.2530288696,56995,57005,10
13.0815696716,80.2525177002,57005,57016,11
13.0814304352,80.2517929077,57016,57026,10
13.0813903809,80.2512283325,57026,57036,10
13.0813703537,80.250793457,57036,57046,10
13.0813398361,80.2502822876,57046,57056,10
13.0813999176,80.249710083,57056,57066,10
13.0818996429,80.2496871948,57066,57076,10
13.0824699402,80.2498016357,57076,57086,10
13.0832300186,80.2498779297,57086,57096,10
13.0835695267,80.2499389648,57096,57106,10
13.0837097168,80.2499465942,57106,57116,10
13.0840797424,80.2500610352,57116,57126,10
13.0846700668,80.2501525879,57126,57137,11
13.0846796036,80.2501525879,57137,57147,10
13.0850696564,80.2501831055,57147,57157,10
13.0856304169,80.2502670288,57157,57167,10
13.0858297348,80.2500762939,57167,57176,9
13.0858402252,80.2494812012,57176,57187,11
13.0858201981,80.2486724854,57187,57197,10
13.0858097076,80.2478408813,57197,57207,10
13.0857896805,80.246963501,57207,57217,10
13.0857496262,80.2466430664,57217,57227,10
13.0857400894,80.2466125488,57227,57237,10
13.0856895447,80.2460708618,57237,57247,10
13.0856304169,80.2453231812,57247,57257,10
13.0860700607,80.2448883057,57257,57268,11
13.0867204666,80.2443618774,57268,57278,10
13.0872898102,80.2438735962,57278,57288,10
13.087679863,80.2434463501,57288,57298,10
13.0878601074,80.2429504395,57298,57308,10
13.0880002975,80.2422714233,57308,57318,10
13.088549614,80.2418289185,57318,57328,10
13.0891799927,80.2413864136,57328,57338,10
13.0896902084,80.2410507202,57338,57348,10
13.0902204514,80.2408905029,57348,57358,10
13.0910100937,80.2408676147,57358,57368,10
13.0918397903,80.2408981323,57368,57378,10
13.09237957,80.2409362793,57378,57389,11
13.0931901932,80.2409896851,57389,57399,10
13.0940303802,80.2411193848,57399,57409,10
13.0942602158,80.2411575317,57409,57419,10
13.0945301056,80.2412261963,57419,57429,10
13.0950498581,80.2413330078,57429,57439,10
13.0956001282,80.2414932251,57439,57449,10
13.0959501266,80.2416229248,57449,57459,10
13.096570015,80.2418365479,57459,57469,10
13.0970802307,80.2420196533,57469,57520,51
13.0970802307,80.2420196533,57520,57530,10
13.0972795486,80.2421035767,57530,57540,10
13.0977096558,80.2421875,57540,57550,10
13.0981798172,80.2422790527,57550,57560,10
13.0985298157,80.2423171997,57560,57580,20
13.0985298157,80.2423171997,57580,57590,10
13.0986204147,80.2422790527,57590,57600,10
13.0987501144,80.2420806885,57600,57609,9
13.0986604691,80.2418289185,57609,57620,11
13.0984802246,80.2423400879,57620,58552,932
13.0984802246,80.2423400879,58552,58562,10
13.0982103348,80.2423934937,58562,58572,10
13.0977897644,80.2422790527,58572,58582,10
13.0976600647,80.2422485352,58582,58592,10
13.0975999832,80.2422332764,58592,58602,10
13.097319603,80.2421569824,58602,58613,11
13.0967903137,80.2419891357,58613,58623,10
13.0962295532,80.2418136597,58623,58633,10
13.0956401825,80.2415771484,58633,58643,10
13.0953102112,80.2414627075,58643,58653,10
13.0950403214,80.2413711548,58653,58663,10
13.0945396423,80.2412796021,58663,58673,10
13.0935697556,80.2411193848,58673,58693,20
13.0935697556,80.2411193848,58693,58703,10
13.0932102203,80.2410202026,58703,58713,10
13.0925397873,80.2409362793,58713,58723,10
13.0917396545,80.2409133911,58723,58734,11
13.0906801224,80.2408828735,58734,58744,10
13.0898399353,80.2409896851,58744,58754,10
13.0895700455,80.2411193848,58754,58764,10
13.0889596939,80.2415618896,58764,58774,10
13.0881996155,80.2421112061,58774,58784,10
13.0878696442,80.2430267334,58784,58794,10
13.0878000259,80.2433624268,58794,58804,10
13.0874099731,80.2438735962,58804,58814,10
13.0867700577,80.2444229126,58814,58824,10
13.0858697891,80.2452011108,58824,58855,31
13.0858697891,80.2452011108,58855,58865,10
13.085729599,80.2452468872,58865,58875,10
13.0856599808,80.2458572388,58875,58885,10
13.0857696533,80.24659729,58885,58895,10
13.0857601166,80.2467269897,58895,58905,10
13.0857696533,80.2470169067,58905,58915,10
13.0858602524,80.2476882935,58915,58925,10
13.0858802795,80.2484436035,58925,58935,10
13.0859098434,80.2491989136,58935,58945,10
13.085940361,80.2501831055,58945,58996,51
13.085940361,80.2501831055,58996,59006,10
13.0859003067,80.2503585815,59006,59016,10
13.0858402252,80.2507629395,59016,59026,10
13.0857896805,80.2512283325,59026,59036,10
13.0857095718,80.2518920898,59036,59046,10
13.0855998993,80.2526397705,59046,59056,10
13.0855703354,80.2533569336,59056,59066,10
13.0855998993,80.2540435791,59066,59076,10
13.0856399536,80.2546691895,59076,59086,10
13.0852003098,80.2547607422,59086,59095,9
13.084690094,80.254699707,59095,59107,12
13.0841503143,80.2546234131,59107,59117,10
13.0840196609,80.2546005249,59117,59127,10
13.0837898254,80.2545471191,59127,59137,10
13.0831804276,80.2545166016,59137,59147,10
13.0825300217,80.2544937134,59147,59157,10
13.0819501877,80.2546234131,59157,59167,10
13.0813999176,80.2548675537,59167,59177,10
13.0810403824,80.2548599243,59177,59187,10
13.0809402466,80.2548599243,59187,59197,10
13.0807600021,80.2548370361,59197,59206,9
13.0803899765,80.2547836304,59206,59217,11
13.0797100067,80.2546310425,59217,59248,31
13.0797100067,80.2546310425,59248,59258,10
13.0793600082,80.2545928955,59258,59268,10
13.0789804459,80.2548980713,59268,59278,10
13.0790596008,80.2556381226,59278,59288,10
13.0791397095,80.256362915,59288,59298,10
13.0789699554,80.256690979,59298,59308,10
13.0784797668,80.2566986084,59308,59318,10
13.0779600143,80.2567062378,59318,59328,10
13.0773696899,80.2567901611,59328,59338,10
13.0767698288,80.2570724487,59338,59369,31
13.0755596161,80.2587432861,59369,59379,10
13.0758695602,80.2594528198,59379,59389,10
13.0765399933,80.2600631714,59389,59399,10
13.0770397186,80.2605209351,59399,59409,10
13.0773601532,80.2610397339,59409,59419,10
13.077580452,80.2615890503,59419,59429,10
13.0777902603,80.2619934082,59429,59439,10
13.0777902603,80.2620162964,59439,59449,10
13.0778398514,80.2621536255,59449,59460,11
13.0778799057,80.2623977661,59460,59470,10
13.0779399872,80.2627410889,59470,59480,10
13.0781097412,80.2631912231,59480,59490,10
13.0782203674,80.2635269165,59490,59500,10
13.0779495239,80.2636413574,59500,59510,10
13.077630043,80.2639007568,59510,59520,10
13.0771198273,80.2641372681,59520,59530,10
13.0765600204,80.2642364502,59530,59540,10
13.0759000778,80.2643203735,59540,59550,10
13.0755195618,80.2640686035,59550,59560,10
13.0751399994,80.2635116577,59560,59569,9
13.074760437,80.2630233765,59569,59581,12
13.0739202499,80.2619628906,59581,59611,30
13.0739202499,80.2619628906,59611,59621,10
13.0734796524,80.2614822388,59621,59641,20
13.0734796524,80.2614822388,59641,59651,10
13.0733604431,80.2614517212,59651,59661,10
13.0731296539,80.2615203857,59661,59671,10
13.0729703903,80.2619171143,59671,59681,10
13.0727796555,80.2624588013,59681,59691,10
13.0726003647,80.2630386353,59691,59701,10
13.0723800659,80.2635803223,59701,59712,11
13.0720996857,80.2640991211,59712,59722,10
13.0716495514,80.2646026611,59722,59742,20
13.0716495514,80.2646026611,59742,59752,10
13.0715503693,80.2647018433,59752,59762,10
13.0713500977,80.2649078369,59762,59772,10
13.0709295273,80.2653274536,59772,59782,10
13.0703601837,80.2659072876,59782,59792,10
13.0698699951,80.2664108276,59792,59802,10
13.0693998337,80.2668991089,59802,59812,10
13.0689401627,80.2674179077,59812,59822,10
13.0687103271,80.2680892944,59822,59833,11
13.0684900284,80.2687683105,59833,59843,10
13.0683403015,80.2694015503,59843,59853,10
13.0682401657,80.2698974609,59853,59863,10
13.068189621,80.270401001,59863,59873,10
13.0681695938,80.2708435059,59873,59883,10
13.0678796768,80.2710418701,59883,59893,10
13.0673904419,80.2706069946,59893,59903,10
13.0668001175,80.2700500488,59903,59913,10
13.066450119,80.2695236206,59913,59923,10
13.0663700104,80.2687835693,59923,59933,10
13.0661001205,80.2682037354,59933,59943,10
13.0656003952,80.2677230835,59943,59954,11
13.0652799606,80.2676696777,59954,59964,10
13.0651397705,80.2676467896,59964,59974,10
13.0647296906,80.2675628662,59974,59984,10
13.0641403198,80.2674636841,59984,59994,10
13.0636501312,80.2673416138,59994,60004,10
13.0631198883,80.2672424316,60004,60014,10
13.0625896454,80.2670516968,60014,60024,10
13.062210083,80.2665634155,60024,60034,10
13.0618200302,80.2660827637,60034,60044,10
13.0615997314,80.265838623,60044,60054,10
13.0613298416,80.2654876709,60054,60064,10
13.0609703064,80.2652282715,60064,60075,11
13.0605401993,80.265411377,60075,60085,10
13.0604801178,80.2654418945,60085,60095,10
13.0601797104,80.2655563354,60095,60105,10
13.0595502853,80.2655792236,60105,60115,10
13.058839798,80.2654418945,60115,60125,10
13.0581502914,80.2652206421,60125,60135,10
13.0579395294,80.2645721436,60135,60145,10
13.0579099655,80.2638931274,60145,60155,10
13.0578298569,80.2630767822,60155,60165,10
13.0577697754,80.2625732422,60165,60175,10
13.05768013,80.2619781494,60175,60184,9
13.0575704575,80.2614974976,60184,60196,12
13.0574502945,80.2609863281,60196,60206,10
13.0572500229,80.2601928711,60206,60216,10
13.0569801331,80.2593078613,60216,60226,10
13.0567502975,80.2585601807,60226,60236,10
13.0566196442,80.2578582764,60236,60246,10
13.0565004349,80.2574386597,60246,60266,20
13.0565004349,80.2574386597,60266,60275,9
13.0564699173,80.2571563721,60275,60286,11
13.0563201904,80.2565536499,60286,60296,10
13.056019783,80.2560577393,60296,60306,10
13.0555400848,80.2553863525,60306,60317,11
13.054889679,80.2545318604,60317,60327,10
13.0543899536,80.25390625,60327,60337,10
13.0541200638,80.2535934448,60337,60347,10
13.0540895462,80.2535476685,60347,60357,10
13.0540599823,80.2535171509,60357,60367,10
13.0537700653,80.2530593872,60367,60377,10
13.0532903671,80.2523574829,60377,60387,10
13.0527000427,80.2515792847,60387,60397,10
13.0521402359,80.2508468628,60397,60407,10
13.051440239,80.2502593994,60407,60417,10
13.0504598618,80.249961853,60417,60427,10
13.0493898392,80.2497787476,60427,60438,11
13.0483703613,80.2496032715,60438,60448,10
13.0476303101,80.2490615845,60448,60458,10
13.0470399857,80.2486724854,60458,60468,10
13.0468997955,80.2486572266,60468,60478,10
13.0465698242,80.2486114502,60478,60488,10
13.045920372,80.2484588623,60488,60498,10
13.0453796387,80.2482528687,60498,60508,10
13.0451803207,80.2481918335,60508,60517,9
13.0450496674,80.2481994629,60517,60528,11
13.044670105,80.2481002808,60528,60538,10
13.0445995331,80.2480926514,60538,60548,10
13.0443201065,80.248046875,60548,60559,11
13.0441398621,80.2479934692,60559,60569,10
13.0440502167,80.2479705811,60569,60579,10
13.0437898636,80.2479095459,60579,60589,10
13.0434103012,80.2478485107,60589,60599,10
13.0428695679,80.2477493286,60599,60609,10
13.0422401428,80.2476730347,60609,60619,10
13.0416097641,80.247543335,60619,60629,10
13.0415000916,80.2475204468,60629,60638,9
13.0411701202,80.2474365234,60638,60649,11
13.0405597687,80.2473068237,60649,60659,10
13.0400295258,80.2472305298,60659,60740,81
13.0400295258,80.2472305298,60740,60750,10
13.0396499634,80.2471008301,60750,60760,10
13.0391902924,80.2469711304,60760,60770,10
13.0386600494,80.2468566895,60770,60780,10
13.0384197235,80.2467880249,60780,60790,10
13.0382204056,80.2467880249,60790,60801,11
13.0381097794,80.2467803955,60801,60811,10
13.0379199982,80.2467422485,60811,60821,10
13.0374603271,80.2466583252,60821,60831,10
13.0373601913,80.2466430664,60831,60841,10
13.0372200012,80.2466278076,60841,60851,10
13.0368204117,80.2465515137,60851,60861,10
13.0362596512,80.246421814,60861,60871,10
13.0358400345,80.2462921143,60871,60881,10
13.0358200073,80.2462768555,60881,60891,10
13.0356903076,80.2462692261,60891,60901,10
13.0351800919,80.2461090088,60901,60922,21
13.0351800919,80.2461090088,60922,60932,10
13.0349502563,80.2459411621,60932,60942,10
13.0346097946,80.2455368042,60942,60952,10
13.0341300964,80.2449035645,60952,60962,10
13.0335798264,80.2441329956,60962,60972,10
13.0328502655,80.2432479858,60972,60982,10
13.0321598053,80.2423324585,60982,60992,10
13.0317897797,80.2416534424,60992,61042,50
13.0317897797,80.2416534424,61042,61053,11
13.0317201614,80.2414321899,61053,61063,10
13.0314102173,80.2407913208,61063,61073,10
13.0311098099,80.2401199341,61073,61174,101
13.0311098099,80.2401199341,61174,61184,10
13.0310697556,80.2400588989,61184,61194,10
13.0308198929,80.2395324707,61194,61204,10
13.0303897858,80.2387466431,61204,61214,10
13.02987957,80.2378234863,61214,61224,10
13.0293197632,80.2370300293,61224,61234,10
13.0291404724,80.2368392944,61234,61244,10
13.0289802551,80.236656189,61244,61254,10
13.0285196304,80.2361679077,61254,61264,10
13.0279197693,80.2354888916,61264,61274,10
13.0273895264,80.2345581055,61274,61285,11
13.0267095566,80.2334823608,61285,61325,40
13.0267095566,80.2334823608,61325,61335,10
13.0266504288,80.2333908081,61335,61345,10
13.0264501572,80.2330322266,61345,61355,10
13.0262403488,80.232460022,61355,61365,10
13.0261201859,80.2319412231,61365,61375,10
13.0260095596,80.2315292358,61375,61385,10
13.0258197784,80.2308273315,61385,61395,10
13.0253295898,80.2299423218,61395,61404,9
13.0249004364,80.2294311523,61404,61416,12
13.0246696472,80.2291412354,61416,61426,10
13.0243701935,80.2287368774,61426,61436,10
13.0239400864,80.2282562256,61436,61456,20
13.0239400864,80.2282562256,61456,61466,10
13.0239095688,80.2282104492,61466,61476,10
13.023639679,80.2278900146,61476,61486,10
13.0231304169,80.2274093628,61486,61496,10
13.0224704742,80.2267684937,61496,61506,10
13.0216503143,80.2260818481,61506,61516,10
13.0208797455,80.225479126,61516,61526,10
13.0201396942,80.2249832153,61526,61557,31
13.0201396942,80.2249832153,61557,61567,10
13.0198202133,80.2247390747,61567,61577,10
13.0190696716,80.2244796753,61577,61587,10
13.0180797577,80.2247695923,61587,61597,10
13.0171003342,80.2251968384,61597,61607,10
13.016500473,80.2254714966,61607,61617,10
13.016119957,80.2256393433,61617,61627,10
13.0156002045,80.2258224487,61627,61637,10
13.0149202347,80.2260971069,61637,61646,9
13.0142698288,80.2263717651,61646,61658,12
13.0141496658,80.2264175415,61658,61668,10
13.0137300491,80.2265777588,61668,61678,10
13.0129499435,80.2268676758,61678,61688,10
13.0120897293,80.227180481,61688,61698,10
13.0110301971,80.2276229858,61698,61708,10
13.0098800659,80.2280578613,61708,61718,10
13.0090799332,80.2287597656,61718,61728,10
13.0088596344,80.2300491333,61728,61738,10
13.0086297989,80.2313079834,61738,61748,10
13.0084400177,80.232421875,61748,61758,10
13.0083198547,80.233253479,61758,61767,9
13.0082998276,80.2334289551,61767,61779,12
13.0082902908,80.2334823608,61779,61789,10
13.0081796646,80.2338790894,61789,61799,10
13.0080499649,80.2345428467,61799,61809,10
13.007900238,80.2352371216,61809,61819,10
13.0077295303,80.2361068726,61819,61829,10
13.007519722,80.2371063232,61829,61839,10
13.0073699951,80.2378921509,61839,61849,10
13.0072402954,80.2386016846,61849,61859,10
13.0070800781,80.2394790649,61859,61869,10
13.0069198608,80.2403182983,61869,61879,10
13.0069103241,80.240562439,61879,61889,10
13.0068798065,80.2406997681,61889,61900,11
13.0067996979,80.2413635254,61900,61910,10
13.0067300797,80.2423095703,61910,61920,10
13.0067100525,80.2437286377,61920,61940,20
13.0067100525,80.2437286377,61940,61950,10
13.0066900253,80.2439193726,61950,61960,10
13.0066995621,80.2442626953,61960,61970,10
13.0067100525,80.244720459,61970,61980,10
13.0067396164,80.2452926636,61980,61990,10
13.0067796707,80.2459182739,61990,62000,10
13.0067901611,80.2465362549,62000,62010,10
13.0067796707,80.2473678589,62010,62021,11
13.0067501068,80.2481307983,62021,62031,10
13.006770134,80.2488098145,62031,62041,10
13.006819725,80.249382019,62041,62071,30
13.006819725,80.249382019,62071,62081,10
13.0068397522,80.2497711182,62081,62091,10
13.0068397522,80.2500228882,62091,62101,10
13.0068302155,80.2502593994,62101,62111,10
13.006819725,80.2503967285,62111,62120,9
13.006819725,80.2506713867,62120,62131,11
13.006819725,80.2510070801,62131,62142,11
13.0068502426,80.2512817383,62142,62152,10
13.0067796707,80.251663208,62152,62162,10
13.0066299438,80.2523574829,62162,62172,10
13.0065803528,80.2532577515,62172,62182,10
13.0065898895,80.2540969849,62182,62192,10
13.0066099167,80.2545776367,62192,62202,10
13.0066404343,80.255241394,62202,62222,20
13.0066404343,80.255241394,62222,62232,10
13.0066099167,80.2555770874,62232,62242,10
13.0066204071,80.2563400269,62242,62252,10
13.0066404343,80.2568283081,62252,62293,41
13.0066404343,80.2568283081,62293,62303,10
13.0066900253,80.2570800781,62303,62313,10
13.0067396164,80.2574386597,62313,62323,10
13.0064601898,80.2576217651,62323,62333,10
13.0060396194,80.2574996948,62333,62343,10
13.0055503845,80.2574234009,62343,62353,10
13.0052700043,80.257270813,62353,62363,10
13.0052099228,80.2571868896,62363,62373,10
13.0047998428,80.2571563721,62373,62384,11
13.0040597916,80.257019043,62384,62394,10
13.0035200119,80.2569274902,62394,62404,10
13.0030298233,80.2568511963,62404,62414,10
13.0026197433,80.2567672729,62414,62424,10
13.0024900436,80.2567596436,62424,62434,10
13.0021696091,80.2566986084,62434,62444,10
13.0017299652,80.2566680908,62444,62454,10
13.0011501312,80.2565765381,62454,62464,10
13.0003099442,80.256477356,62464,62474,10
12.9996995926,80.2563095093,62474,62485,11
12.9994001389,80.2562179565,62485,62505,20
12.999130249,80.2561035156,62505,62515,10
12.9983797073,80.2560882568,62515,62535,20
12.9983797073,80.2560882568,62535,62545,10
12.9983196259,80.2561187744,62545,62555,10
12.9978103638,80.2559967041,62555,62585,30
12.9978103638,80.2559967041,62585,62595,10
12.9976902008,80.2559585571,62595,62605,10
12.9973602295,80.2559280396,62605,62615,10
12.9970502853,80.2559204102,62615,62625,10
12.9967803955,80.255897522,62625,62636,11
12.9963598251,80.2558898926,62636,62646,10
12.9960298538,80.2558822632,62646,62656,10
12.9956197739,80.2558898926,62656,62666,10
12.9951696396,80.255897522,62666,62676,10
12.9945497513,80.2559280396,62676,62686,10
12.9940004349,80.2559890747,62686,62696,10
12.9931402206,80.2560577393,62696,62706,10
12.9921598434,80.2560806274,62706,62716,10
12.9913797379,80.256072998,62716,62726,10
12.9911499023,80.2560577393,62726,62735,9
12.9908504486,80.2560577393,62735,62747,12
12.9904603958,80.2560272217,62747,62757,10
12.9900598526,80.2560272217,62757,62767,10
12.9897298813,80.2560119629,62767,62777,10
12.9890003204,80.2559967041,62777,62797,20
12.9888296127,80.2559814453,62797,62817,20
12.9888296127,80.2559814453,62817,62827,10
12.988409996,80.2559280396,62827,62918,91
12.988409996,80.2559280396,62918,62928,10
12.9882698059,80.2559890747,62928,62938,10
12.9879999161,80.2559204102,62938,62947,9
12.9878196716,80.255897522,62947,62958,11
12.9876203537,80.2562866211,62958,62968,10
12.9876003265,80.2567977905,62968,62977,9
12.9875402451,80.2574310303,62977,62989,12
12.9874601364,80.2583694458,62989,62999,10
12.9874095917,80.2587280273,62999,63009,10
12.9873399734,80.2590637207,63009,63019,10
12.9872903824,80.2594070435,63019,63039,20
12.9872903824,80.2594070435,63039,63049,10
12.9873199463,80.2595596313,63049,63059,10
12.9871797562,80.2596588135,63059,63069,10
12.9869804382,80.2596511841,63069,63079,10
12.9867401123,80.2595901489,63079,63089,10
12.986579895,80.2592697144,63089,63099,10
12.9867095947,80.2590637207,63099,63130,31
12.9867095947,80.2590637207,63130,63957,827
12.9874200821,80.2588882446,63957,63967,10
12.9874696732,80.2585296631,63967,63977,10
12.9875202179,80.2579879761,63977,63987,10
12.9875602722,80.2572021484,63987,63997,10
12.9876203537,80.256072998,63997,64179,182
12.9876203537,80.256072998,64179,64189,10
12.9877300262,80.2557525635,64189,64199,10
12.9882202148,80.255821228,64199,64209,10
12.9886302948,80.2558822632,64209,64219,10
12.9887199402,80.2558898926,64219,64229,10
12.9888696671,80.2559204102,64229,64239,10
12.9892702103,80.2559661865,64239,64248,9
12.9897899628,80.2559967041,64248,64260,12
12.9906301498,80.2560119629,64260,64270,10
12.991399765,80.2560577393,64270,64280,10
12.9923200607,80.2560806274,64280,64290,10
12.9933395386,80.2560424805,64290,64300,10
12.9943504333,80.2559967041,64300,64310,10
12.9949598312,80.2559280396,64310,64320,10
12.99518013,80.2559204102,64320,64330,10
12.9954900742,80.255897522,64330,64340,10
12.9959497452,80.2559127808,64340,64350,10
12.9964103699,80.255897522,64350,64360,10
12.9968595505,80.255897522,64360,64370,10
12.9971904755,80.2558898926,64370,64381,11
12.9976396561,80.2559204102,64381,64391,10
12.9982004166,80.2559967041,64391,64401,10
12.9987802505,80.2560577393,64401,64411,10
12.9988298416,80.256072998,64411,64421,10
12.9989700317,80.2561264038,64421,64471,50
12.9989700317,80.2561264038,64471,64481,10
12.9993696213,80.2562026978,64481,64490,9
12.9998703003,80.2562866211,64490,64502,12
13.000459671,80.2564086914,64502,64512,10
13.000749588,80.2564620972,64512,64522,10
13.0009498596,80.2565002441,64522,64532,10
13.0011196136,80.2565307617,64532,64542,10
13.0011901855,80.2565383911,64542,64552,10
13.0014295578,80.2566223145,64552,64562,10
13.0018396378,80.256690979,64562,64572,10
13.0024700165,80.2567825317,64572,64582,10
13.0030603409,80.2568664551,64582,64592,10
13.003780365,80.2570114136,64592,64602,10
13.0043697357,80.2571029663,64602,64611,9
13.0048904419,80.2572021484,64611,64623,12
13.0055103302,80.2573318481,64623,64633,10
13.0055303574,80.2573318481,64633,64643,10
13.0056800842,80.2573623657,64643,64653,10
13.005979538,80.2574386597,64653,64663,10
13.0064096451,80.2574691772,64663,64673,10
13.0064897537,80.256980896,64673,64683,10
13.006480217,80.2561416626,64683,64693,10
13.0065002441,80.255241394,64693,64703,10
13.0065097809,80.2543792725,64703,64713,10
13.006529808,80.253578186,64713,64723,10
13.0065097809,80.2532577515,64723,64733,10
13.0065097809,80.2529830933,64733,64744,11
13.0065498352,80.2523727417,64744,64754,10
13.006529808,80.252243042,64754,64764,10
13.0065898895,80.2518005371,64764,64774,10
13.0067100525,80.2510986328,64774,64784,10
13.0067195892,80.2502593994,64784,64794,10
13.0067195892,80.2493286133,64794,64804,10
13.0066404343,80.248336792,64804,64814,10
13.0066204071,80.2476196289,64814,64945,131
13.0066204071,80.2476196289,64945,64955,10
13.0066604614,80.2473983765,64955,64965,10
13.0066404343,80.2468490601,64965,64975,10
13.0066204071,80.2465362549,64975,64986,11
13.0066604614,80.246383667,64986,64996,10
13.0066404343,80.24584198,64996,65006,10
13.0066299438,80.2454681396,65006,65016,10
13.0066099167,80.2450714111,65016,65026,10
13.0066099167,80.2447662354,65026,65036,10
13.0066299438,80.2445068359,65036,65046,10
13.0066204071,80.2441101074,65046,65056,10
13.0065898895,80.2436904907,65056,65066,10
13.0065898895,80.2432632446,65066,65076,10
13.0065803528,80.2426605225,65076,65086,10
13.0065803528,80.2416915894,65086,65096,10
13.0066003799,80.2410964966,65096,65117,21
13.0066003799,80.2410964966,65117,65127,10
13.006649971,80.2408599854,65127,65137,10
13.0066604614,80.2407073975,65137,65147,10
13.0067100525,80.2404708862,65147,65157,10
13.0067100525,80.2404174805,65157,65167,10
13.0067596436,80.2402877808,65167,65177,10
13.0068998337,80.2397766113,65177,65187,10
13.0070295334,80.2388534546,65187,65197,10
13.0072002411,80.2379226685,65197,65207,10
13.0073604584,80.2372131348,65207,65217,10
13.0074300766,80.2367172241,65217,65228,11
13.0074396133,80.2366485596,65228,65238,10
13.0075702667,80.2362289429,65238,65248,10
13.0077104568,80.2355804443,65248,65258,10
13.0077400208,80.2354431152,65258,65268,10
13.0077896118,80.2352828979,65268,65278,10
13.007900238,80.2346878052,65278,65288,10
13.0080900192,80.2338180542,65288,65298,10
13.0082998276,80.2327575684,65298,65308,10
13.0085296631,80.2315673828,65308,65318,10
13.0087499619,80.2303314209,65318,65328,10
13.0089998245,80.229019165,65328,65338,10
13.0093402863,80.2277984619,65338,65349,11
13.0099000931,80.2265930176,65349,65359,10
13.0103397369,80.2256622314,65359,65369,10
13.0106496811,80.2250518799,65369,65379,10
13.0108203888,80.2246017456,65379,65389,10
13.0111398697,80.2239227295,65389,65399,10
13.0113801956,80.2231826782,65399,65409,10
13.0116901398,80.2223815918,65409,65419,10
13.0120401382,80.2215499878,65419,65429,10
13.0123500824,80.2215270996,65429,65439,10
13.0126895905,80.2220001221,65439,65449,10
13.0132198334,80.2226028442,65449,65459,10
13.0137395859,80.2232131958,65459,65470,11
13.0142698288,80.2238311768,65470,65480,10
13.0148000717,80.2244796753,65480,65490,10
13.0152902603,80.2249069214,65490,65500,10
13.0155096054,80.2250823975,65500,65510,10
13.0156097412,80.2251815796,65510,65520,10
13.0160398483,80.2254180908,65520,65530,10
13.0167703629,80.2253036499,65530,65540,10
13.0176000595,80.2249679565,65540,65550,10
13.0184602737,80.2246170044,65550,65560,10
13.0190896988,80.2243881226,65560,65570,10
13.0191602707,80.2243804932,65570,65580,10
13.0193099976,80.2244415283,65580,65591,11
13.0197496414,80.2246322632,65591,65601,10
13.0201301575,80.2249221802,65601,65611,10
13.0205898285,80.2252426147,65611,65621,10
13.0209598541,80.2255096436,65621,65631,10
13.0213603973,80.2258377075,65631,65641,10
13.0219402313,80.2262878418,65641,65651,10
13.0225801468,80.2268295288,65651,65661,10
13.0232496262,80.2274169922,65661,65671,10
13.023850441,80.2279586792,65671,65681,10
13.0241203308,80.2282180786,65681,65691,10
13.0241498947,80.2282485962,65691,65701,10
13.0242900848,80.2284622192,65701,65712,11
13.0245800018,80.2288894653,65712,65722,10
13.0248804092,80.2293319702,65722,65732,10
13.025270462,80.2298431396,65732,65742,10
13.0255203247,80.2302093506,65742,65762,20
13.0255203247,80.2302093506,65762,65772,10
13.025560379,80.2302932739,65772,65782,10
13.0257797241,80.2306976318,65782,65792,10
13.0259199142,80.231048584,65792,65802,10
13.0260400772,80.2314529419,65802,65812,10
13.0262403488,80.2321929932,65812,65822,10
13.0265102386,80.232963562,65822,65833,11
13.0267601013,80.2333526611,65833,65843,10
13.027179718,80.2340621948,65843,65853,10
13.0276298523,80.2348403931,65853,65863,10
13.0279102325,80.2353363037,65863,65873,10
13.0283699036,80.2359313965,65873,65883,10
13.0290002823,80.236618042,65883,65893,10
13.0295000076,80.2371520996,65893,65903,10
13.029589653,80.2372894287,65903,65913,10
13.0297803879,80.237487793,65913,65923,10
13.029800415,80.2375335693,65923,65933,10
13.029999733,80.2378387451,65933,65943,10
13.0303697586,80.2385101318,65943,65954,11
13.0308103561,80.2393112183,65954,65964,10
13.0312099457,80.2399597168,65964,65974,10
13.0314502716,80.2404403687,65974,65984,10
13.0314702988,80.2408828735,65984,65994,10
13.0315599442,80.2410736084,65994,66004,10
13.031709671,80.2413482666,66004,66014,10
13.031920433,80.2418289185,66014,66024,10
13.0322999954,80.2424087524,66024,66034,10
13.0328302383,80.2430801392,66034,66044,10
13.0335102081,80.2439575195,66044,66054,10
13.0340900421,80.2447891235,66054,66064,10
13.0344295502,80.2452163696,66064,66075,11
13.0345897675,80.2454605103,66075,66085,10
13.0347099304,80.24559021,66085,66095,10
13.0348901749,80.2457885742,66095,66105,10
13.035030365,80.2459335327,66105,66115,10
13.0353403091,80.246131897,66115,66125,10
13.0356903076,80.2462387085,66125,66135,10
13.0357599258,80.2462463379,66135,66145,10
13.0361099243,80.2464294434,66145,66155,10
13.0367002487,80.2465591431,66155,66165,10
13.0372600555,80.2465667725,66165,66175,10
13.0378198624,80.2465667725,66175,66185,10
13.0382604599,80.246711731,66185,66196,11
13.0386295319,80.2468414307,66196,66206,10
13.0391197205,80.246963501,66206,66216,10
13.0394001007,80.2470169067,66216,66226,10
13.0396995544,80.2470932007,66226,66236,10
13.0401201248,80.2471694946,66236,66246,10
13.0407600403,80.2472763062,66246,66256,10
13.0408201218,80.2472763062,66256,66266,10
13.041179657,80.2473602295,66266,66276,10
13.0418395996,80.2474899292,66276,66286,10
13.0422897339,80.2476272583,66286,66296,10
13.0425395966,80.2477798462,66296,66306,10
13.042840004,80.2479476929,66306,66317,11
13.0433797836,80.2480773926,66317,66327,10
13.0438899994,80.2479934692,66327,66337,10
13.0442895889,80.2480316162,66337,66347,10
13.0446996689,80.2481079102,66347,66357,10
13.0450897217,80.248336792,66357,66367,10
13.0455904007,80.2484588623,66367,66377,10
13.0461301804,80.2486114502,66377,66387,10
13.0465898514,80.2485733032,66387,66397,10
13.0469903946,80.248550415,66397,66407,10
13.0470399857,80.2485733032,66407,66417,10
13.047419548,80.2487869263,66417,66427,10
13.0479001999,80.2492599487,66427,66438,11
13.0484304428,80.24974823,66438,66448,10
13.0489196777,80.2498168945,66448,66458,10
13.0496301651,80.2499237061,66458,66468,10
13.0504999161,80.2500915527,66468,66478,10
13.0512304306,80.2502593994,66478,66488,10
13.0520000458,80.2507019043,66488,66498,10
13.0526304245,80.2514877319,66498,66508,10
13.0532999039,80.2523880005,66508,66518,10
13.0538702011,80.2531661987,66518,66528,10
13.0544099808,80.253868103,66528,66538,10
13.0547504425,80.2543182373,66538,66548,10
13.0550098419,80.2546386719,66548,66559,11
13.055270195,80.2550201416,66559,66569,10
13.055439949,80.2552719116,66569,66579,10
13.0555896759,80.2554931641,66579,66589,10
13.0558099747,80.2557601929,66589,66599,10
13.0559997559,80.2560195923,66599,66609,10
13.0561800003,80.2562637329,66609,66619,10
13.0563802719,80.2565078735,66619,66629,10
13.0568199158,80.256942749,66629,66649,20
13.0568199158,80.256942749,66649,66659,10
13.0571498871,80.2572097778,66659,66668,9
13.0575199127,80.2575836182,66668,66680,12
13.0578298569,80.2578887939,66680,66690,10
13.0581798553,80.2583236694,66690,66700,10
13.0584897995,80.2587814331,66700,66710,10
13.0589504242,80.2592697144,66710,66720,10
13.059220314,80.2597808838,66720,66730,10
13.0595903397,80.2601623535,66730,66740,10
13.0600204468,80.2604980469,66740,66750,10
13.0603303909,80.2608718872,66750,66760,10
13.0604095459,80.2609786987,66760,66780,20
13.0604095459,80.2609786987,66780,66789,9
13.0606498718,80.2613067627,66789,66801,12
13.0610399246,80.2618484497,66801,66811,10
13.0613803864,80.262260437,66811,66821,10
13.0616502762,80.262550354,66821,66831,10
13.0620803833,80.2630996704,66831,66841,10
13.0625896454,80.2637023926,66841,66851,10
13.0629796982,80.2641372681,66851,66861,10
13.0630998611,80.2642822266,66861,66871,10
13.0633602142,80.2646789551,66871,66881,10
13.0637197495,80.2652206421,66881,66891,10
13.0638504028,80.2652816772,66891,66901,10
13.0640296936,80.2654724121,66901,66911,10
13.0640697479,80.2656097412,66911,66922,11
13.064160347,80.2657318115,66922,66932,10
13.0642795563,80.2658996582,66932,66942,10
13.0643997192,80.2659988403,66942,66952,10
13.0645503998,80.2660827637,66952,66962,10
13.0645904541,80.2660980225,66962,66972,10
13.0646896362,80.2662582397,66972,66982,10
13.0648002625,80.2665176392,66982,66992,10
13.0649204254,80.2666931152,66992,67002,10
13.0652503967,80.267036438,67002,67012,10
13.0657100677,80.2674407959,67012,67022,10
13.0661497116,80.2680435181,67022,67032,10
13.0669298172,80.2685699463,67032,67053,21
13.0669298172,80.2685699463,67053,67063,10
13.0670003891,80.2685699463,67063,67073,10
13.0673599243,80.2688369751,67073,67083,10
13.0679302216,80.26927948,67083,67093,10
13.0683202744,80.2693634033,67093,67103,10
13.068400383,80.2689285278,67103,67113,10
13.0684995651,80.2685775757,67113,67123,10
13.0686302185,80.2681884766,67123,67133,10
13.0687999725,80.2677230835,67133,67143,10
13.0690803528,80.2672271729,67143,67153,10
13.0694503784,80.2668609619,67153,67164,11
13.0696697235,80.2666168213,67164,67174,10
13.0699195862,80.2663574219,67174,67184,10
13.0702695847,80.2659988403,67184,67204,20
13.0702695847,80.2659988403,67204,67214,10
13.0704603195,80.2658233643,67214,67224,10
13.0709104538,80.2653579712,67224,67234,10
13.0714502335,80.2648086548,67234,67244,10
13.0719604492,80.2642593384,67244,67254,10
13.0722503662,80.2638397217,67254,67264,10
13.0724601746,80.2632064819,67264,67274,10
13.0726499557,80.2626495361,67274,67285,11
13.0728397369,80.2620773315,67285,67295,10
13.0728597641,80.2620391846,67295,67305,10
13.0729904175,80.2615432739,67305,67315,10
13.0730495453,80.2609176636,67315,67325,10
13.0733003616,80.260559082,67325,67335,10
13.073559761,80.260017395,67335,67345,10
13.0739498138,80.2594985962,67345,67355,10
13.0743703842,80.2591018677,67355,67365,10
13.0747299194,80.2588119507,67365,67385,20
13.0747299194,80.2588119507,67385,67395,10
13.0750102997,80.2585830688,67395,67406,11
13.0755195618,80.2582015991,67406,67436,30
13.0755195618,80.2582015991,67436,67446,10
13.0758399963,80.2580490112,67446,67456,10
13.0762701035,80.2576293945,67456,67466,10
13.0768203735,80.2571334839,67466,67476,10
13.0774497986,80.2568435669,67476,67486,10
13.0782003403,80.2567214966,67486,67496,10
13.078669548,80.256690979,67496,67506,10
13.0788297653,80.2566833496,67506,67517,11
13.0790500641,80.256401062,67517,67527,10
13.0789804459,80.255607605,67527,67537,10
13.078909874,80.2548599243,67537,67627,90
13.078909874,80.2548599243,67627,67637,10
13.079000473,80.2545700073,67637,67648,11
13.0794095993,80.2545776367,67648,67658,10
13.0796899796,80.2546691895,67658,67668,10
13.0797700882,80.2547073364,67668,67678,10
13.0801095963,80.2547988892,67678,67688,10
13.080499649,80.2548522949,67688,67698,10
13.0809001923,80.2548675537,67698,67708,10
13.0813598633,80.2549133301,67708,67718,10
13.0816001892,80.2548065186,67718,67728,10
13.0817499161,80.2543029785,67728,67738,10
13.0818300247,80.2537612915,67738,67748,10
13.0818595886,80.2532577515,67748,67758,10
13.0817403793,80.2528533936,67758,67769,11
13.0815200806,80.2525405884,67769,67779,10
13.0813999176,80.2520294189,67779,67789,10
13.0813798904,80.2516708374,67789,67799,10
13.0813598633,80.2514419556,67799,67809,10
13.0813398361,80.2513198853,67809,67819,10
13.081319809,80.2511062622,67819,67839,20
13.081319809,80.2511062622,67839,67849,10
13.0813102722,80.2507705688,67849,67859,10
13.0813102722,80.2505874634,67859,67869,10
13.081319809,80.2503662109,67869,67879,10
13.0812702179,80.2500762939,67879,67890,11
13.0815000534,80.2497024536,67890,67900,10
13.0820398331,80.2498168945,67900,67910,10
13.0822496414,80.2498474121,67910,67920,10
13.082400322,80.2498626709,67920,67930,10
13.0828304291,80.2499389648,67930,67940,10
13.0833301544,80.250038147,67940,67950,10
13.0840597153,80.2501525879,67950,67960,10
13.0846500397,80.2502593994,67960,67970,10
13.0847101212,80.2502670288,67970,67980,10
13.084810257,80.2502822876,67980,67990,10
13.0851802826,80.2503509521,67990,68000,10
13.0855903625,80.2503967285,68000,68011,11
13.0857000351,80.2504425049,68011,68021,10
13.0858697891,80.2503814697,68021,68031,10
13.0858402252,80.2498321533,68031,68041,10
13.0858402252,80.2493133545,68041,68051,10
13.0858201981,80.2490005493,68051,68061,10
13.0858001709,80.2486114502,68061,68071,10
13.0857801437,80.2479782104,68071,68081,10
13.0857400894,80.2472686768,68081,68091,10
13.0857200623,80.2468338013,68091,68101,10
13.0857000351,80.2467422485,68101,68111,10
13.0856704712,80.2463531494,68111,68132,21
13.0856704712,80.2463531494,68132,68142,10
13.085650444,80.2460174561,68142,68152,10
13.0856199265,80.2455825806,68152,68162,10
13.0857400894,80.2452163696,68162,68172,10
13.0860300064,80.2449874878,68172,68182,10
13.0864696503,80.2446365356,68182,68192,10
13.0869102478,80.2442626953,68192,68202,10
13.0872097015,80.2440109253,68202,68212,10
13.0875196457,80.2437667847,68212,68222,10
13.0875797272,80.2436828613,68222,68232,10
13.087679863,80.2434768677,68232,68242,10
13.0877895355,80.2431793213,68242,68253,11
13.087849617,80.2427368164,68253,68263,10
13.0880203247,80.2422409058,68263,68273,10
13.0882797241,80.2420272827,68273,68283,10
13.0884599686,80.2419128418,68283,68293,10
13.0888595581,80.2416229248,68293,68303,10
13.0893297195,80.2413024902,68303,68313,10
13.0895996094,80.2411422729,68313,68323,10
13.0900201797,80.2409667969,68323,68333,10
13.0906400681,80.2409210205,68333,68343,10
13.0914096832,80.2409667969,68343,68353,10
13.0920000076,80.2409973145,68353,68363,10
13.0923404694,80.241027832,68363,68374,11
13.0927600861,80.2410507202,68374,68384,10
13.0931396484,80.2411193848,68384,68394,10
13.0934696198,80.2411727905,68394,68404,10
13.0934801102,80.2411727905,68404,68414,10
13.0936698914,80.2411880493,68414,68424,10
13.0940799713,80.2412719727,68424,68434,10
13.0940999985,80.2412796021,68434,68444,10
13.094209671,80.2413024902,68444,68454,10
13.0945596695,80.2413635254,68454,68464,10
13.0949497223,80.2414398193,68464,68474,10
13.0953798294,80.2415390015,68474,68495,21
13.0953798294,80.2415390015,68495,68505,10
13.0957603455,80.2416915894,68505,68515,10
13.0961399078,80.241859436,68515,68525,10
13.0966100693,80.2420120239,68525,68535,10
13.0971698761,80.2421722412,68535,68545,10
13.097530365,80.2422485352,68545,68555,10
13.0978498459,80.2423324585,68555,68565,10
13.0981197357,80.2423782349,68565,68585,20
13.0981197357,80.2423782349,68585,68595,10
13.0981998444,80.2423706055,68595,68604,9
13.0982398987,80.2423782349,68604,68616,12
13.0984802246,80.242401123,68616,68626,10
13.0985603333,80.242401123,68626,68636,10
13.0987100601,80.2423171997,68636,68646,10
13.098739624,80.2419967651,68646,68656,10
13.0975904465,80.2423324585,68656,69207,551
13.0975904465,80.2423324585,69207,69218,11
13.0975198746,80.2422714233,69218,69228,10
13.0971603394,80.2421798706,69228,69238,10
13.0966396332,80.2420272827,69238,69248,10
13.0961503983,80.2418670654,69248,69258,10
13.095580101,80.2416610718,69258,69268,10
13.0951595306,80.2415008545,69268,69278,10
13.0947303772,80.2414016724,69278,69288,10
13.0943899155,80.2413406372,69288,69298,10
13.0938501358,80.2412567139,69298,69308,10
13.0934000015,80.2411727905,69308,69318,10
13.0930404663,80.2411117554,69318,69328,10
13.093000412,80.2411117554,69328,69339,11
13.0927696228,80.2410736084,69339,69349,10
13.0925703049,80.2410430908,69349,69359,10
13.0923204422,80.241027832,69359,69369,10
13.0919704437,80.2410202026,69369,69379,10
13.0913200378,80.2409820557,69379,69389,10
13.0904502869,80.2409591675,69389,69399,10
13.089630127,80.2411270142,69399,69409,10
13.08893013,80.241607666,69409,69419,10
13.088139534,80.2422103882,69419,69429,10
13.0878295898,80.2431030273,69429,69439,10
13.0877504349,80.2434310913,69439,69450,11
13.0873804092,80.2439422607,69450,69460,10
13.0867395401,80.244468689,69460,69470,10
13.0861597061,80.2449264526,69470,69480,10
13.0858297348,80.2452087402,69480,69490,10
13.0856199265,80.2456436157,69490,69500,10
13.0856800079,80.2463607788,69500,69510,10
13.0857095718,80.246673584,69510,69520,10
13.0857095718,80.246887207,69520,69530,10
13.0857400894,80.2475509644,69530,69540,10
13.0857801437,80.2484970093,69540,69550,10
13.0858201981,80.2495574951,69550,69560,10
13.085849762,80.2501220703,69560,69631,71
13.085849762,80.2501220703,69631,69641,10
13.0857801437,80.2506103516,69641,69651,10
13.0857000351,80.2511367798,69651,69661,10
13.0856199265,80.2517700195,69661,69671,10
13.0855798721,80.252166748,69671,69681,10
13.0855503082,80.252532959,69681,69691,10
13.0855302811,80.252746582,69691,69702,11
13.0855302811,80.2529067993,69702,69712,10
13.0855302811,80.253112793,69712,69722,10
13.0855302811,80.2533569336,69722,69732,10
13.0855197906,80.2536392212,69732,69742,10
13.0855302811,80.2538833618,69742,69752,10
13.0855798721,80.2543869019,69752,69762,10
13.0855302811,80.254737854,69762,69772,10
13.0853500366,80.2547988892,69772,69782,10
13.0849895477,80.2547912598,69782,69792,10
13.0847902298,80.2547531128,69792,69802,10
13.0842895508,80.2547302246,69802,69812,10
13.0839395523,80.2546768188,69812,69823,11
13.0837402344,80.2546386719,69823,69833,10
13.0835895538,80.2546310425,69833,69843,10
13.0830097198,80.2546310425,69843,69853,10
13.0824699402,80.2546081543,69853,69863,10
13.0819597244,80.2547225952,69863,69873,10
13.0813598633,80.2549514771,69873,69883,10
13.0808601379,80.2549514771,69883,69893,10
13.0807104111,80.2549209595,69893,69903,10
13.0803203583,80.2548599243,69903,69913,10
13.0799999237,80.2548294067,69913,69923,10
13.0792198181,80.2547302246,69923,70135,212
13.0792198181,80.2547302246,70135,70145,10
13.0789699554,80.2546768188,70145,70155,10
13.0789003372,80.2549972534,70155,70165,10
13.0789804459,80.2557907104,70165,70174,9
13.0790500641,80.256439209,70174,70256,82
13.0790500641,80.256439209,70256,70266,10
13.0789804459,80.2567596436,70266,70276,10
13.0786399841,80.2567901611,70276,70286,10
13.0781698227,80.2567825317,70286,70296,10
13.0775499344,80.2568511963,70296,70307,11
13.0768299103,80.2571182251,70307,70317,10
13.0761203766,80.2577285767,70317,70327,10
13.0755195618,80.2582702637,70327,70337,10
13.075460434,80.2587203979,70337,70347,10
13.0757598877,80.2595596313,70347,70357,10
13.0762901306,80.2600021362,70357,70367,10
13.0768003464,80.2604675293,70367,70377,10
13.0773000717,80.2611236572,70377,70387,10
13.0774497986,80.2615127563,70387,70397,10
13.077460289,80.2615432739,70397,70407,10
13.0775003433,80.26171875,70407,70417,10
13.0776796341,80.2621231079,70417,70448,31
13.0776796341,80.2621231079,70448,70458,10
13.0777397156,80.2623977661,70458,70468,10
13.0778198242,80.2627029419,70468,70478,10
13.0779304504,80.2630615234,70478,70488,10
13.0780296326,80.2632598877,70488,70498,10
13.0780601501,80.263633728,70498,70508,10
13.0778398514,80.2637481689,70508,70518,10
13.0774002075,80.2640533447,70518,70528,10
13.0769195557,80.2641983032,70528,70538,10
13.0762996674,80.2642822266,70538,70549,11
13.0756397247,80.264251709,70549,70559,10
13.0752000809,80.2636413574,70559,70569,10
13.0748100281,80.263092041,70569,70579,10
13.074259758,80.2624282837,70579,70589,10
13.0738296509,80.2619628906,70589,70599,10
13.0736703873,80.2617721558,70599,70609,10
13.0733804703,80.2615127563,70609,70619,10
13.0729703903,80.2618713379,70619,70629,10
13.0726699829,80.2627105713,70629,70639,10
13.0724897385,80.2633666992,70639,70649,10
13.0721797943,80.2639694214,70649,70658,9
13.0719499588,80.264289856,70658,70670,12
13.0714998245,80.2647781372,70670,70680,10
13.0714797974,80.264793396,70680,70690,10
13.0712203979,80.2650527954,70690,70700,10
13.0707597733,80.2654876709,70700,70710,10
13.0702104568,80.2660217285,70710,70720,10
13.0698900223,80.2663574219,70720,70730,10
13.069560051,80.266708374,70730,70740,10
13.0692300797,80.2670822144,70740,70750,10
13.0688495636,80.2675476074,70750,70760,10
13.0686101913,80.2684707642,70760,70770,10
13.0684299469,80.2690963745,70770,70779,9
13.0683002472,80.2696609497,70779,70791,12
13.0680999756,80.2709274292,70791,70801,10
13.0680999756,80.2709274292,70801,70811,10
13.0677099228,80.2710494995,70811,70819,8
13.0672903061,80.2706375122,70819,70838,19
13.0668296814,80.2701416016,70838,70848,10
13.066450119,80.2695922852,70848,70858,10
13.0663299561,80.2690200806,70858,70868,10
13.0663204193,80.2687072754,70868,70878,10
13.0661802292,80.268409729,70878,70888,10
13.0657196045,80.267829895,70888,70898,10
13.065199852,80.2677001953,70898,70909,11
13.0649499893,80.2676925659,70909,70919,10
13.0646896362,80.2676467896,70919,70929,10
13.0642299652,80.2675704956,70929,70939,10
13.0637903214,80.2674636841,70939,70949,10
13.0633096695,80.2674026489,70949,70959,10
13.0627202988,80.2672805786,70959,70969,10
13.0622196198,80.2667617798,70969,70979,10
13.0617399216,80.2661209106,70979,70989,10
13.0612697601,80.2655029297,70989,70999,10
13.0608997345,80.2652816772,70999,71009,10
13.0605602264,80.2654266357,71009,71019,10
13.060549736,80.2654266357,71019,71030,11
13.0604295731,80.2654571533,71030,71040,10
13.0599803925,80.2656478882,71040,71050,10
13.0594902039,80.2656707764,71050,71060,10
13.0590896606,80.2655563354,71060,71070,10
13.0586204529,80.2655181885,71070,71080,10
13.0581197739,80.2653274536,71080,71090,10
13.0579299927,80.2646026611,71090,71100,10
13.057849884,80.263999939,71100,71110,10
13.0577697754,80.2632904053,71110,71120,10
13.0577001572,80.2625808716,71120,71130,10
13.0576000214,80.2620391846,71130,71140,10
13.0574998856,80.2614593506,71140,71151,11
13.0573501587,80.2608337402,71151,71161,10
13.0571203232,80.260017395,71161,71171,10
13.0568399429,80.2591018677,71171,71181,10
13.0566501617,80.2584762573,71181,71191,10
13.0565595627,80.2580566406,71191,71201,10
13.0564098358,80.257270813,71201,71221,20
13.0564098358,80.257270813,71221,71231,10
13.0563497543,80.256942749,71231,71241,10
13.0562000275,80.256439209,71241,71251,10
13.0557804108,80.2558364868,71251,71260,9
13.0552597046,80.2551727295,71260,71272,12
13.0545597076,80.2542800903,71272,71282,10
13.054189682,80.2538070679,71282,71292,10
13.0541000366,80.2537078857,71292,71302,10
13.0539798737,80.2535018921,71302,71312,10
13.0536203384,80.2529983521,71312,71322,10
13.0530996323,80.2522735596,71322,71332,10
13.0525102615,80.2514801025,71332,71342,10
13.0519104004,80.2507095337,71342,71352,10
13.0509996414,80.2501678467,71352,71362,10
13.0501203537,80.2499771118,71362,71372,10
13.0494298935,80.2498931885,71372,71382,10
13.0488500595,80.2498474121,71382,71393,11
13.0486898422,80.2498397827,71393,71403,10
13.0484600067,80.24974823,71403,71413,10
13.0480298996,80.2494812012,71413,71423,10
13.0475502014,80.2490615845,71423,71433,10
13.0470399857,80.2487182617,71433,71443,10
13.0469799042,80.2487182617,71443,71453,10
13.0469398499,80.2487564087,71453,71463,10
13.0464696884,80.2487182617,71463,71473,10
13.0459804535,80.2486190796,71473,71483,10
13.0458898544,80.2485427856,71483,71493,10
13.0458803177,80.2485275269,71493,71503,10
13.0456399918,80.2484512329,71503,71514,11
13.0454797745,80.2483901978,71514,71524,10
13.0451698303,80.2482833862,71524,71534,10
13.0448102951,80.2482299805,71534,71544,10
13.044549942,80.2481994629,71544,71554,10
13.044380188,80.2481994629,71554,71564,10
13.0441503525,80.2481384277,71564,71574,10
13.0439395905,80.2480773926,71574,71584,10
13.0436601639,80.248008728,71584,71594,10
13.0433101654,80.2479629517,71594,71604,10
13.0427503586,80.2478408813,71604,71614,10
13.0419998169,80.2477035522,71614,71624,10
13.0414896011,80.2475891113,71624,71635,11
13.0411901474,80.2474899292,71635,71645,10
13.0401296616,80.2473220825,71645,71725,80
13.0401296616,80.2473220825,71725,71735,10
13.0399398804,80.2472229004,71735,71745,10
13.0395803452,80.2471313477,71745,71756,11
13.0391302109,80.2469787598,71756,71766,10
13.0384597778,80.2468414307,71766,71776,10
13.0379896164,80.2468414307,71776,71786,10
13.0373296738,80.2467193604,71786,71796,10
13.0366096497,80.2465820313,71796,71806,10
13.0359897614,80.2463378906,71806,71816,10
13.0353002548,80.2461395264,71816,71846,30
13.0353002548,80.2461395264,71846,71856,10
13.0350503922,80.2459869385,71856,71866,10
13.0346698761,80.2456283569,71866,71877,11
13.034239769,80.2450866699,71877,71887,10
13.0336999893,80.2444534302,71887,71897,10
13.0330400467,80.243637085,71897,71907,10
13.0324201584,80.2428436279,71907,71927,20
13.0324201584,80.2428436279,71927,71937,10
13.0323801041,80.2427597046,71937,71947,10
13.0322904587,80.2426223755,71947,71957,10
13.0322904587,80.2426071167,71957,71967,10
13.0321502686,80.2424163818,71967,71977,10
13.0319404602,80.2421798706,71977,71986,9
13.0317602158,80.2417602539,71986,71998,12
13.0313796997,80.2409362793,71998,72008,10
13.0310401917,80.2401733398,72008,72018,10
13.0307598114,80.2395324707,72018,72028,10
13.0303602219,80.238822937,72028,72038,10
13.0298595428,80.2379226685,72038,72048,10
13.0292596817,80.2370910645,72048,72058,10
13.0290298462,80.236869812,72058,72068,10
13.0288600922,80.2367019653,72068,72078,10
13.028380394,80.2361831665,72078,72088,10
13.0278196335,80.2355422974,72088,72098,10
13.0274400711,80.2348403931,72098,72108,10
13.0269899368,80.2340927124,72108,72119,11
13.0266895294,80.2335968018,72119,72139,20
13.0266895294,80.2335968018,72139,72149,10
13.0266704559,80.2334976196,72149,72159,10
13.0266199112,80.2334289551,72159,72169,10
13.0265598297,80.2333374023,72169,72179,10
13.0263204575,80.2329025269,72179,72189,10
13.0262002945,80.2325973511,72189,72199,10
13.0261001587,80.2322769165,72199,72209,10
13.026049614,80.2320175171,72209,72228,19
13.026049614,80.2320175171,72228,72240,12
13.0260000229,80.2317810059,72240,72250,10
13.0258598328,80.2312469482,72250,72260,10
13.0251197815,80.2298812866,72260,72310,50
13.0251197815,80.2298812866,72310,72320,10
13.024889946,80.229598999,72320,72330,10
13.0246295929,80.2292709351,72330,72340,10
13.024310112,80.228843689,72340,72350,10
13.0239896774,80.2284622192,72350,72361,11
13.0239496231,80.2284011841,72361,72371,10
13.0238704681,80.2282867432,72371,72381,10
13.0236501694,80.2280197144,72381,72391,10
13.0234804153,80.2278594971,72391,72401,10
13.0233402252,80.227722168,72401,72411,10
13.0230798721,80.2274627686,72411,72421,10
13.0226602554,80.2270507813,72421,72431,10
13.0223398209,80.2267303467,72431,72441,10
13.0220403671,80.2264785767,72441,72451,10
13.0216503143,80.2261505127,72451,72461,10
13.0213499069,80.2259063721,72461,72472,11
13.0212402344,80.2258071899,72472,72482,10
13.021030426,80.2256164551,72482,72492,10
13.0205497742,80.2252731323,72492,72502,10
13.019949913,80.2248687744,72502,72512,10
13.019109726,80.2244873047,72512,72522,10
13.0180101395,80.2248001099,72522,72532,10
13.0171604156,80.225189209,72532,72542,10
13.0167398453,80.2253799438,72542,72552,10
13.0165901184,80.2254486084,72552,72562,10
13.0163898468,80.2255325317,72562,72572,10
13.0160799026,80.2256317139,72572,72582,10
13.0156803131,80.2257614136,72582,72593,11
13.0149497986,80.22605896,72593,72613,20
13.0149497986,80.22605896,72613,72623,10
13.0144395828,80.2262573242,72623,72643,20
13.0144395828,80.2262573242,72643,72653,10
13.0141801834,80.2263183594,72653,72663,10
13.0134801865,80.2265777588,72663,72673,10
13.0125598907,80.2269821167,72673,72683,10
13.0114297867,80.2274398804,72683,72693,10
13.0103197098,80.2278671265,72693,72703,10
13.0093097687,80.228302002,72703,72712,9
13.008939743,80.2292098999,72712,72724,12
13.0086402893,80.230796814,72724,72734,10
13.0083904266,80.2321395874,72734,72744,10
13.0081996918,80.2333221436,72744,72754,10
13.0081501007,80.2336578369,72754,72764,10
13.0080604553,80.2339706421,72764,72774,10
13.0079402924,80.2346420288,72774,72784,10
13.007809639,80.2352371216,72784,72794,10
13.0076398849,80.2361221313,72794,72804,10
13.0074100494,80.2372817993,72804,72814,10
13.0072002411,80.2383880615,72814,72824,10
13.0070495605,80.2391815186,72824,72834,10
13.0068798065,80.2400436401,72834,72845,11
13.0068302155,80.2406616211,72845,72855,10
13.0067996979,80.2407836914,72855,72865,10
13.0067300797,80.2412796021,72865,72875,10
13.0066900253,80.2419281006,72875,72885,10
13.0066699982,80.2425918579,72885,72895,10
13.0066404343,80.2432632446,72895,72905,10
13.0066204071,80.2438812256,72905,72915,10
13.0066299438,80.2447128296,72915,72925,10
13.0066604614,80.2456512451,72925,72935,10
13.0066900253,80.2465286255,72935,72945,10
13.0066795349,80.2472991943,72945,72955,10
13.006649971,80.2482070923,72955,72966,11
13.0067100525,80.2492599487,72966,72976,10
13.0067396164,80.2501525879,72976,72986,10
13.0067596436,80.2511672974,72986,72996,10
13.0066404343,80.2519073486,72996,73006,10
13.0065002441,80.2527999878,73006,73016,10
13.0064897537,80.2537689209,73016,73026,10
13.006529808,80.2546615601,73026,73036,10
13.0065603256,80.2552566528,73036,73046,10
13.0065498352,80.2552719116,73046,73056,10
13.0065498352,80.2555389404,73056,73066,10
13.0065498352,80.2561264038,73066,73077,11
13.0065498352,80.2563705444,73077,73087,10
13.0065402985,80.2567520142,73087,73097,10
13.0066604614,80.2574081421,73097,73107,10
13.0063400269,80.2576065063,73107,73117,10
13.0059299469,80.2575073242,73117,73127,10
13.0054397583,80.2574005127,73127,73137,10
13.0048799515,80.2572174072,73137,73147,10
13.0041503906,80.2570571899,73147,73157,10
13.0033798218,80.2569198608,73157,73167,10
13.0024900436,80.2567596436,73167,73187,20
13.0023698807,80.2567367554,73187,73218,31
13.0023698807,80.2567367554,73218,73228,10
13.0021896362,80.2567062378,73228,73238,10
13.0018997192,80.2566604614,73238,73248,10
13.0013904572,80.2566070557,73248,73258,10
13.0006904602,80.2565002441,73258,73268,10
13.0002298355,80.2564086914,73268,73288,20
13.0002298355,80.2564086914,73288,73298,10
12.9999198914,80.2563705444,73298,73308,10
12.9995603561,80.2563018799,73308,73319,11
12.9992904663,80.2562332153,73319,73329,10
12.9992704391,80.2562179565,73329,73339,10
12.9990901947,80.2561416626,73339,73349,10
12.9988203049,80.256111145,73349,73359,10
12.9987401962,80.256111145,73359,73369,10
12.9986801147,80.2560882568,73369,73379,10
12.9982995987,80.2560272217,73379,73389,10
12.9975500107,80.2559890747,73389,73409,20
12.9975500107,80.2559890747,73409,73419,10
12.9974002838,80.2559967041,73419,73429,10
12.9970502853,80.2559585571,73429,73440,11
12.9967298508,80.2559509277,73440,73450,10
12.9962997437,80.2559204102,73450,73460,10
12.9960203171,80.2559204102,73460,73470,10
12.9959001541,80.2559204102,73470,73480,10
12.995639801,80.2559280396,73480,73490,10
12.9951696396,80.2559432983,73490,73500,10
12.9945802689,80.2559661865,73500,73510,10
12.9938802719,80.2560424805,73510,73520,10
12.9929304123,80.2561035156,73520,73530,10
12.9919204712,80.2561187744,73530,73540,10
12.9910802841,80.2561035156,73540,73550,10
12.99077034,80.2560806274,73550,73561,11
12.9902601242,80.2560577393,73561,73571,10
12.9896297455,80.2560195923,73571,73601,30
12.9894504547,80.2559967041,73601,73661,60
12.9894504547,80.2559967041,73661,73671,10
12.9893598557,80.2559967041,73671,73681,10
12.9889202118,80.2559585571,73681,73692,11
12.9885196686,80.2559204102,73692,73702,10
12.9881896973,80.2558822632,73702,73712,10
12.9877901077,80.2558364868,73712,73722,10
12.9875297546,80.256111145,73722,73732,10
12.9875001907,80.2566680908,73732,73742,10
12.9874601364,80.257270813,73742,73752,10
12.9874200821,80.2578887939,73752,73762,10
12.9874095917,80.2584609985,73762,73772,10
12.9873199463,80.2588577271,73772,73782,10
12.9872999191,80.2589492798,73782,73791,9
12.987279892,80.2591781616,73791,73813,22
12.987279892,80.2591781616,73813,73823,10
12.9872503281,80.2592468262,73823,73833,10
12.9871902466,80.2594680786,73833,73843,10
12.987159729,80.2596282959,73843,73863,20
12.987159729,80.2596282959,73863,73873,10
12.9870004654,80.2593688965,73873,73909,36
12.9873800278,80.2583084106,73909,74073,164
12.9874601364,80.2570571899,74073,74103,30
12.9874801636,80.2568969727,74103,74174,71
12.9875097275,80.256401062,74174,74203,29
12.9881095886,80.2558288574,74203,74235,32
12.9881095886,80.2558288574,74235,74254,19
12.9886302948,80.2558898926,74254,74264,10
12.9887199402,80.2559127808,74264,74274,10
12.9892396927,80.2559661865,74274,74284,10
12.9900302887,80.2559890747,74284,74295,11
12.99077034,80.2559890747,74295,74305,10
12.991519928,80.2560424805,74305,74315,10
12.992480278,80.2560577393,74315,74325,10
12.9934997559,80.2560119629,74325,74335,10
12.994389534,80.2559661865,74335,74345,10
12.9953403473,80.255897522,74345,74355,10
12.9959096909,80.2558898926,74355,74365,10
12.9959697723,80.2558822632,74365,74375,10
12.9961004257,80.2558670044,74375,74385,10
12.9965496063,80.255859375,74385,74395,10
12.9967699051,80.2558364868,74395,74405,10
12.9971904755,80.2558670044,74405,74416,11
12.9978399277,80.2559127808,74416,74426,10
12.9983100891,80.2559509277,74426,74436,10
12.9983901978,80.2559661865,74436,74446,10
12.998459816,80.2560119629,74446,74456,10
12.9987602234,80.2560501099,74456,74466,10
12.9991598129,80.2561264038,74466,74516,50
12.9991598129,80.2561264038,74516,74525,9
12.9991998672,80.2561798096,74525,74537,12
12.999830246,80.2563018799,74537,74547,10
13.0004901886,80.2564315796,74547,74557,10
13.0011196136,80.2565231323,74557,74567,10
13.001449585,80.2565689087,74567,74577,10
13.0018396378,80.2566223145,74577,74587,10
13.0023403168,80.2567062378,74587,74597,10
13.0028495789,80.2568130493,74597,74607,10
13.0033302307,80.2569198608,74607,74617,10
13.0039100647,80.2570114136,74617,74627,10
13.0045795441,80.2571182251,74627,74637,10
13.0053701401,80.2572479248,74637,74647,10
13.0060195923,80.2573776245,74647,74668,21
13.0060195923,80.2573776245,74668,74678,10
13.0061998367,80.2574005127,74678,74688,10
13.0063800812,80.2574234009,74688,74698,10
13.0064401627,80.2571029663,74698,74708,10
13.0064296722,80.2564620972,74708,74718,10
13.0064201355,80.2557067871,74718,74728,10
13.006480217,80.2549591064,74728,74738,10
13.0064496994,80.2541427612,74738,74748,10
13.0064496994,80.2533798218,74748,74758,10
13.0064401627,80.2532424927,74758,74768,10
13.0064401627,80.252532959,74768,74839,71
13.0064401627,80.252532959,74839,74849,10
13.0065498352,80.2519683838,74849,74859,10
13.0066699982,80.2512207031,74859,74869,10
13.0066404343,80.250617981,74869,74879,10
13.0066404343,80.2498931885,74879,74889,10
13.0066299438,80.2491531372,74889,74900,11
13.0065803528,80.2484283447,74900,74910,10
13.0065603256,80.2481231689,74910,74920,10
13.0065603256,80.2481002808,74920,74930,10
13.0065603256,80.2479400635,74930,74940,10
13.0065698624,80.2475509644,74940,74950,10
13.0065698624,80.2470397949,74950,74960,10
13.006529808,80.2467880249,74960,74970,10
13.0065202713,80.2466812134,74970,74980,10
13.0065698624,80.2462997437,74980,74990,10
13.0065698624,80.2456283569,74990,75000,10
13.0065603256,80.2450180054,75000,75010,10
13.0065498352,80.2445373535,75010,75021,11
13.0065498352,80.2441329956,75021,75031,10
13.0065402985,80.2437362671,75031,75041,10
13.006529808,80.2431869507,75041,75051,10
13.0065402985,80.2423629761,75051,75061,10
13.0065498352,80.2414093018,75061,75071,10
13.0065698624,80.2409667969,75071,75081,10
13.0065898895,80.2407989502,75081,75091,10
13.0066404343,80.2404632568,75091,75101,10
13.006819725,80.2397079468,75101,75111,10
13.0070199966,80.2386779785,75111,75121,10
13.0071697235,80.2378768921,75121,75131,10
13.0073099136,80.2372665405,75131,75142,11
13.0073404312,80.2369613647,75142,75152,10
13.007399559,80.2366790771,75152,75162,10
13.0075597763,80.2361373901,75162,75172,10
13.0077400208,80.2352371216,75172,75182,10
13.0079603195,80.2341537476,75182,75192,10
13.0081396103,80.2331771851,75192,75202,10
13.0083303452,80.2322769165,75202,75212,10
13.0084896088,80.2314529419,75212,75222,10
13.008649826,80.2305374146,75222,75232,10
13.0088701248,80.2294769287,75232,75242,10
13.009059906,80.2285308838,75242,75252,10
13.0094203949,80.2275314331,75252,75263,11
13.0099401474,80.2264404297,75263,75273,10
13.010430336,80.2255172729,75273,75283,10
13.0108203888,80.2246398926,75283,75293,10
13.0109996796,80.2242202759,75293,75303,10
13.0110197067,80.2241668701,75303,75313,10
13.0111503601,80.2238693237,75313,75323,10
13.0113201141,80.223449707,75323,75333,10
13.0116195679,80.2227401733,75333,75343,10
13.0118303299,80.2219696045,75343,75353,10
13.0121498108,80.2214813232,75353,75363,10
13.0123996735,80.2216491699,75363,75373,10
13.0128097534,80.2222595215,75373,75384,11
13.0135097504,80.2230072021,75384,75394,10
13.0140600204,80.2236328125,75394,75404,10
13.0142698288,80.2239990234,75404,75414,10
13.0148096085,80.2245025635,75414,75424,10
13.0154800415,80.2250137329,75424,75444,20
13.0154800415,80.2250137329,75444,75454,10
13.0156297684,80.2251281738,75454,75464,10
13.0160398483,80.2253417969,75464,75474,10
13.0168199539,80.2251968384,75474,75483,9
13.0176801682,80.2248382568,75483,75494,11
13.0192899704,80.2243118286,75494,75515,21
13.0192899704,80.2243118286,75515,75525,10
13.0195398331,80.2244262695,75525,75535,10
13.0199804306,80.2247314453,75535,75545,10
13.0205698013,80.2251586914,75545,75555,10
13.0211896896,80.2256469727,75555,75565,10
13.0218400955,80.2261734009,75565,75575,10
13.0225696564,80.2267913818,75575,75585,10
13.0232496262,80.2273864746,75585,75595,10
13.0238704681,80.2279663086,75595,75605,10
13.0241098404,80.2281799316,75605,75616,11
13.0242004395,80.2282791138,75616,75626,10
13.0243196487,80.2284622192,75626,75636,10
13.0246601105,80.2289810181,75636,75646,10
13.0251903534,80.2296829224,75646,75656,10
13.0257196426,80.2305374146,75656,75666,10
13.025970459,80.2312088013,75666,75676,10
13.0261001587,80.2318115234,75676,75686,10
13.0263996124,80.2327804565,75686,75696,10
13.0270395279,80.2338790894,75696,75706,10
13.0277099609,80.2350463867,75706,75716,10
13.028459549,80.2360534668,75716,75726,10
13.0291795731,80.2368087769,75726,75737,11
13.0295696259,80.237197876,75737,75747,10
13.0296401978,80.2373199463,75747,75757,10
13.0299501419,80.2378463745,75757,75767,10
13.0304498672,80.2387084961,75767,75777,10
13.0310401917,80.2396621704,75777,75787,10
13.0313901901,80.2402496338,75787,75797,10
13.0314397812,80.2408370972,75797,75807,10
13.0316095352,80.2411727905,75807,75817,10
13.0317802429,80.2415313721,75817,75827,10
13.0320301056,80.2420730591,75827,75837,10
13.0325403214,80.2426681519,75837,75847,10
13.0330896378,80.2434310913,75847,75858,11
13.0335998535,80.244102478,75858,75868,10
13.0340795517,80.2447128296,75868,75878,10
13.0345602036,80.2453308105,75878,75888,10
13.0350704193,80.2459106445,75888,75898,10
13.0355997086,80.2461013794,75898,75908,10
13.0356903076,80.246131897,75908,75918,10
13.0357103348,80.246131897,75918,75928,10
13.0360202789,80.2463302612,75928,75938,10
13.0366296768,80.2464370728,75938,75948,10
13.0373497009,80.246421814,75948,75958,10
13.0380401611,80.2465667725,75958,75968,10
13.0389995575,80.2468719482,75968,76019,51
13.0389995575,80.2468719482,76019,76029,10
13.0395002365,80.2469787598,76029,76039,10
13.0401296616,80.2471008301,76039,76049,10
13.0407400131,80.2472229004,76049,76059,10
13.0407896042,80.2472381592,76059,76069,10
13.0410003662,80.2472915649,76069,76079,10
13.041680336,80.247428894,76079,76088,9
13.0424499512,80.2476501465,76088,76100,12
13.0434103012,80.2479019165,76100,76110,10
13.0441198349,80.2478485107,76110,76120,10
13.0448904037,80.2480621338,76120,76130,10
13.0455904007,80.2483901978,76130,76140,10
13.0464296341,80.2485122681,76140,76150,10
13.0468301773,80.2484283447,76150,76160,10
13.0470399857,80.2484588623,76160,76170,10
13.0475797653,80.248840332,76170,76180,10
13.0482397079,80.2494506836,76180,76190,10
13.0490903854,80.2497177124,76190,76200,10
13.0500402451,80.2499008179,76200,76209,9
13.0509796143,80.2501220703,76209,76221,12
13.052069664,80.2507705688,76221,76231,10
13.0527296066,80.2516174316,76231,76241,10
13.0534696579,80.2526016235,76241,76251,10
13.0541000366,80.2534713745,76251,76261,10
13.054690361,80.2542572021,76261,76271,10
13.0552301407,80.2549514771,76271,76281,10
13.0557603836,80.2556762695,76281,76291,10
13.0562200546,80.2562713623,76291,76301,10
13.0567398071,80.2568206787,76301,76321,20
13.0567398071,80.2568206787,76321,76331,10
13.056889534,80.2570266724,76331,76342,11
13.0574903488,80.2575378418,76342,76352,10
13.0580301285,80.2581100464,76352,76362,10
13.0586204529,80.2588500977,76362,76372,10
13.0591602325,80.2596435547,76372,76382,10
13.0597896576,80.2602767944,76382,76392,10
13.0603399277,80.260848999,76392,76402,10
13.0606403351,80.2612533569,76402,76412,10
13.0606498718,80.2612686157,76412,76422,10
13.0607700348,80.26146698,76422,76432,10
13.0611495972,80.2620010376,76432,76442,10
13.0615997314,80.2624588013,76442,76452,10
13.0618801117,80.2628326416,76452,76463,11
13.0623903275,80.2634429932,76463,76473,10
13.0628995895,80.2640304565,76473,76483,10
13.0631504059,80.264289856,76483,76493,10
13.0633001328,80.2645492554,76493,76503,10
13.0636796951,80.2651367188,76503,76513,10
13.0640296936,80.2656707764,76513,76523,10
13.0645503998,80.2662811279,76523,76533,10
13.0649003983,80.266746521,76533,76543,10
13.0652999878,80.2670974731,76543,76553,10
13.0658597946,80.2676620483,76553,76563,10
13.0664300919,80.2683029175,76563,76573,10
13.0669403076,80.2685394287,76573,76584,11
13.0670204163,80.2686004639,76584,76594,10
13.0671100616,80.2686691284,76594,76604,10
13.0675497055,80.2689819336,76604,76614,10
13.0680599213,80.2693099976,76614,76624,10
13.0683202744,80.2691802979,76624,76634,10
13.068400383,80.268699646,76634,76644,10
13.0685300827,80.2684326172,76644,76653,9
13.0687398911,80.2678833008,76653,76664,11
13.0689296722,80.2673492432,76664,76674,10
13.0691900253,80.2670211792,76674,76684,10
13.0694799423,80.2667236328,76684,76694,10
13.0698404312,80.2663269043,76694,76705,11
13.0702600479,80.2658920288,76705,76715,10
13.0703001022,80.265838623,76715,76725,10
13.0705404282,80.2656021118,76725,76735,10
13.0706596375,80.2654571533,76735,76745,10
13.0708799362,80.2652511597,76745,76755,10
13.0711803436,80.2649536133,76755,76765,10
13.0715999603,80.2645111084,76765,76775,10
13.0719299316,80.2641067505,76775,76785,10
13.0721998215,80.2636795044,76785,76795,10
13.0724496841,80.2630691528,76795,76805,10
13.0726804733,80.2624893188,76805,76814,9
13.0728397369,80.2620010376,76814,76826,12
13.0728902817,80.2618789673,76826,76836,10
13.0730199814,80.2614517212,76836,76846,10
13.0731697083,80.2611312866,76846,76856,10
13.0735301971,80.2614212036,76856,76866,10
13.0740003586,80.2619781494,76866,76876,10
13.074379921,80.2624435425,76876,76886,10
13.0748500824,80.2630462646,76886,76896,10
13.0754003525,80.2637863159,76896,76906,10
13.0759000778,80.2642593384,76906,76916,10
13.0765399933,80.2641906738,76916,76926,10
13.0771102905,80.2640991211,76926,76936,10
13.0774402618,80.2639083862,76936,76947,11
13.0776796341,80.2636871338,76947,76957,10
13.07791996,80.2634963989,76957,76967,10
13.078040123,80.2632827759,76967,76977,10
13.0779399872,80.2628707886,76977,76987,10
13.077750206,80.2622299194,76987,76997,10
13.0775604248,80.2616424561,76997,77007,10
13.0773696899,80.2609786987,77007,77027,20
13.0773696899,80.2609786987,77027,77037,10
13.0773296356,80.2608718872,77037,77047,10
13.0770397186,80.2605133057,77047,77057,10
13.0764799118,80.2600097656,77057,77068,11
13.0758495331,80.2594299316,77068,77078,10
13.0755300522,80.2586517334,77078,77108,30
13.0755300522,80.2586517334,77108,77118,10
13.0754899979,80.2584075928,77118,77128,10
13.075510025,80.2580490112,77128,77138,10
13.0759897232,80.2576980591,77138,77148,10
13.07654953,80.2571792603,77148,77158,10
13.0770998001,80.2567977905,77158,77168,10
13.0778198242,80.2566223145,77168,77178,10
13.0790195465,80.2564468384,77178,77209,31
13.0790195465,80.2564468384,77209,77219,10
13.0790395737,80.2559890747,77219,77229,10
13.0789499283,80.2547836304,77229,77249,20
13.0789499283,80.2547836304,77249,77259,10
13.0789604187,80.2546234131,77259,77269,10
13.0792598724,80.2545318604,77269,77279,10
13.0797300339,80.2545623779,77279,77289,10
13.0797901154,80.2545776367,77289,77299,10
13.0801000595,80.2546463013,77299,77310,11
13.0806598663,80.2547531128,77310,77320,10
13.0810804367,80.2547988892,77320,77330,10
13.0815696716,80.2547531128,77330,77340,10
13.0817699432,80.2541885376,77340,77348,8
13.0818595886,80.2537078857,77348,77359,11
13.0817604065,80.2528381348,77359,77370,11
13.0813798904,80.2520217896,77370,77380,10
13.0813703537,80.2512969971,77380,77390,10
13.0813703537,80.250831604,77390,77400,10
13.0813503265,80.2501907349,77400,77410,10
13.0814304352,80.2496109009,77410,77420,10
13.0820102692,80.2496795654,77420,77431,11
13.0827198029,80.2498092651,77431,77441,10
13.0832595825,80.2498931885,77441,77451,10
13.0837402344,80.2499694824,77451,77461,10
13.0841398239,80.2500228882,77461,77471,10
13.0846796036,80.2501525879,77471,77491,20
13.0846796036,80.2501525879,77491,77501,10
13.0848503113,80.2502365112,77501,77511,10
13.0854597092,80.2503128052,77511,77521,10
13.0858402252,80.2501831055,77521,77531,10
13.085849762,80.2494888306,77531,77540,9
13.0858201981,80.248626709,77540,77552,12
13.0857896805,80.2473297119,77552,77562,10
13.0857601166,80.2466583252,77562,77572,10
13.0857095718,80.2465896606,77572,77582,10
13.0856800079,80.2460174561,77582,77592,10
13.0856304169,80.2453536987,77592,77652,60
13.0856304169,80.2453536987,77652,77662,10
13.085650444,80.2451934814,77662,77673,11
13.0860004425,80.2448577881,77673,77683,10
13.0865898132,80.244392395,77683,77693,10
13.0871601105,80.2439193726,77693,77703,10
13.0875997543,80.2434997559,77703,77713,10
13.0877895355,80.2430877686,77713,77723,10
13.0879096985,80.2424163818,77723,77733,10
13.088350296,80.2418899536,77733,77743,10
13.0890102386,80.2414093018,77743,77753,10
13.0897502899,80.2409362793,77753,77763,10
13.0906600952,80.2408065796,77763,77773,10
13.091629982,80.240852356,77773,77783,10
13.0922803879,80.2408905029,77783,77794,11
13.0929403305,80.2409286499,77794,77804,10
13.0938196182,80.2410736084,77804,77814,10
13.0941896439,80.2411727905,77814,77824,10
13.094329834,80.2412567139,77824,77834,10
13.0949602127,80.2413711548,77834,77844,10
13.0958003998,80.2416305542,77844,77854,10
13.096830368,80.2419967651,77854,77894,40
13.096830368,80.2419967651,77894,77904,10
13.0972499847,80.2421264648,77904,77915,11
13.0978002548,80.2422714233,77915,77925,10
13.0980701447,80.2423095703,77925,77935,10
13.098449707,80.2423171997,77935,77945,10
13.0985498428,80.2422866821,77945,77955,10
13.0987195969,80.2421112061,77955,77965,10
13.0985803604,80.2417907715,77965,77975,10
13.098449707,80.2421417236,77975,78217,242
13.0981998444,80.2423477173,78217,78255,38
13.0975103378,80.2422332764,78255,78317,62
13.0964097977,80.241859436,78317,78349,32
13.0964097977,80.241859436,78349,78377,28
13.0949201584,80.241317749,78377,78389,12
13.0944299698,80.2412185669,78389,78399,10
13.0938196182,80.2411270142,78399,78409,10
13.0930099487,80.2409973145,78409,78419,10
13.0921497345,80.2409362793,78419,78429,10
13.0912103653,80.2408981323,78429,78439,10
13.0900697708,80.2409133911,78439,78449,10
13.0891199112,80.2413711548,78449,78459,10
13.0882396698,80.2420272827,78459,78469,10
13.087849617,80.2428665161,78469,78479,10
13.0877799988,80.2432632446,78479,78489,10
13.0874500275,80.2437591553,78489,78499,10
13.0867595673,80.2443618774,78499,78510,11
13.0859298706,80.245010376,78510,78520,10
13.0856103897,80.2454986572,78520,78530,10
13.0856599808,80.2462768555,78530,78540,10
13.0856800079,80.2465667725,78540,78550,10
13.0856800079,80.2467422485,78550,78560,10
13.0857095718,80.2473068237,78560,78570,10
13.0857801437,80.2482070923,78570,78580,10
13.085849762,80.2492904663,78580,78590,10
13.0858898163,80.2501068115,78590,78600,10
13.0859003067,80.2502975464,78600,78610,10
13.0859098434,80.2504425049,78610,78620,10
13.0858402252,80.2506637573,78620,78631,11
13.085729599,80.2512435913,78631,78641,10
13.0856599808,80.2519989014,78641,78651,10
13.0856103897,80.2526931763,78651,78661,10
13.085559845,80.253326416,78661,78671,10
13.0855398178,80.2539215088,78671,78681,10
13.0856304169,80.2546310425,78681,78691,10
13.0852098465,80.2547073364,78691,78701,10
13.0844602585,80.2546386719,78701,78711,10
13.0838804245,80.2546081543,78711,78721,10
13.0838699341,80.2546005249,78721,78731,10
13.0835199356,80.2545318604,78731,78741,10
13.0828504562,80.2545013428,78741,78752,11
13.0821304321,80.2545318604,78752,78762,10
13.081489563,80.2548675537,78762,78772,10
13.0811300278,80.2548828125,78772,78782,10
13.0808296204,80.2548675537,78782,78792,10
13.0806503296,80.2548294067,78792,78802,10
13.0800304413,80.2547225952,78802,78812,10
13.0793104172,80.2546386719,78812,78822,10
13.0789699554,80.2547302246,78822,78832,10
13.0789804459,80.255279541,78832,78842,10
13.0790596008,80.2560577393,78842,78852,10
13.0790901184,80.2565002441,78852,78862,10
13.079079628,80.2565078735,78862,78873,11
13.0787496567,80.2566833496,78873,78883,10
13.0781698227,80.2566833496,78883,78893,10
13.0774402618,80.2567596436,78893,78903,10
13.0767602921,80.2570800781,78903,78913,10
13.0760803223,80.2576980591,78913,78923,10
13.075460434,80.2582702637,78923,78933,10
13.0755701065,80.2589492798,78933,78943,10
13.0760097504,80.2596817017,78943,78953,10
13.0766201019,80.2602081299,78953,78963,10
13.0770902634,80.2606964111,78963,78973,10
13.0772800446,80.2610015869,78973,78983,10
13.0774698257,80.2614593506,78983,78994,11
13.0777702332,80.2621688843,78994,79014,20
13.0777702332,80.2621688843,79014,79024,10
13.0778198242,80.2624664307,79024,79034,10
13.0778503418,80.2626266479,79034,79044,10
13.0779895782,80.2630462646,79044,79054,10
13.0781497955,80.2635192871,79054,79064,10
13.0776500702,80.2637863159,79064,79074,10
13.0769901276,80.2640991211,79074,79084,10
13.0763998032,80.2642211914,79084,79094,10
13.0758399963,80.2642822266,79094,79104,10
13.0756797791,80.2642593384,79104,79115,11
13.075340271,80.2638168335,79115,79125,10
13.0748901367,80.2631988525,79125,79135,10
13.0743904114,80.2625579834,79135,79145,10
13.0738201141,80.2618865967,79145,79155,10
13.0736103058,80.2616424561,79155,79165,10
13.0733299255,80.2614212036,79165,79175,10
13.0729398727,80.2618408203,79175,79185,10
13.0726995468,80.2625427246,79185,79195,10
13.0724697113,80.2632064819,79195,79205,10
13.0721597672,80.2638626099,79205,79215,10
13.071680069,80.2644271851,79215,79225,10
13.0713996887,80.2646789551,79225,79236,11
13.071269989,80.2648391724,79236,79246,10
13.0711097717,80.265007019,79246,79256,10
13.0710296631,80.2650985718,79256,79266,10
13.0707302094,80.265411377,79266,79276,10
13.0703496933,80.265838623,79276,79286,10
13.0698604584,80.2663421631,79286,79296,10
13.0692300797,80.2670211792,79296,79306,10
13.0687704086,80.2677078247,79306,79316,10
13.0684995651,80.2685089111,79316,79326,10
13.0683603287,80.2690124512,79326,79336,10
13.0682401657,80.2695388794,79336,79346,10
13.0680999756,80.2701797485,79346,79357,11
13.0680198669,80.2709274292,79357,79367,10
13.0676803589,80.2709579468,79367,79377,10
13.0671901703,80.2704772949,79377,79387,10
13.0670795441,80.2703781128,79387,79397,10
13.066740036,80.2699584961,79397,79407,10
13.0664596558,80.2692337036,79407,79417,10
13.0662899017,80.2684020996,79417,79427,10
13.0657100677,80.2677536011,79427,79437,10
13.065290451,80.2676620483,79437,79447,10
13.0652599335,80.2676696777,79447,79457,10
13.0648002625,80.267578125,79457,79467,10
13.064040184,80.2674407959,79467,79478,11
13.0631799698,80.2672576904,79478,79488,10
13.062379837,80.2668762207,79488,79498,10
13.061750412,80.2660522461,79498,79508,10
13.0611495972,80.2652893066,79508,79518,10
13.0606002808,80.2653121948,79518,79528,10
13.0604600906,80.2654037476,79528,79538,10
13.0600700378,80.2655715942,79538,79548,10
13.0593795776,80.265586853,79548,79557,9
13.0586996078,80.2654571533,79557,79568,11
13.0580797195,80.2650909424,79568,79578,10
13.0579299927,80.2642364502,79578,79588,10
13.0578098297,80.2632675171,79588,79599,11
13.0576696396,80.2621765137,79599,79609,10
13.0574903488,80.2612304688,79609,79619,10
13.0573101044,80.2605209351,79619,79629,10
13.0570402145,80.2596206665,79629,79639,10
13.0567703247,80.2587738037,79639,79649,10
13.056599617,80.2580108643,79649,79659,10
13.0564899445,80.2573928833,79659,79669,10
13.0564699173,80.2572021484,79669,79679,10
13.0563697815,80.2566833496,79679,79689,10
13.0560398102,80.2561035156,79689,79699,10
13.0555696487,80.2554397583,79699,79709,10
13.0550804138,80.2547531128,79709,79720,11
13.0543899536,80.253868103,79720,79730,10
13.0536699295,80.2528991699,79730,79740,10
13.0529603958,80.2519073486,79740,79750,10
13.052280426,80.2510299683,79750,79760,10
13.0515699387,80.2503204346,79760,79770,10
13.0506401062,80.2499771118,79770,79780,10
13.0495595932,80.249786377,79780,79790,10
13.0485496521,80.249671936,79790,79800,10
13.0477304459,80.2491378784,79800,79810,10
13.0469903946,80.248626709,79810,79820,10
13.046790123,80.2485961914,79820,79829,9
13.0463495255,80.248550415,79829,79841,12
13.0454702377,80.2483291626,79841,79851,10
13.0447597504,80.2481231689,79851,79861,10
13.043800354,80.2479400635,79861,79871,10
13.0427598953,80.247756958,79871,79881,10
13.0417604446,80.2475662231,79881,79891,10
13.0406904221,80.2473220825,79891,79901,10
13.0396795273,80.2471313477,79901,79921,20
13.0396795273,80.2471313477,79921,79931,10
13.0396203995,80.2470397949,79931,79941,10
13.0394296646,80.2469787598,79941,79951,10
13.0389404297,80.2469177246,79951,79962,11
13.0382204056,80.2467727661,79962,79972,10
13.0375204086,80.2466506958,79972,79982,10
13.0367803574,80.2465209961,79982,79992,10
13.0360202789,80.246307373,79992,80002,10
13.0353403091,80.2461013794,80002,80012,10
13.0351800919,80.2460403442,80012,80022,10
13.0348701477,80.2457962036,80022,80032,10
13.0346899033,80.2455368042,80032,80042,10
13.0343103409,80.2450408936,80042,80052,10
13.0336999893,80.2443771362,80052,80061,9
13.033080101,80.2435836792,80061,80072,11
13.0320997238,80.2422409058,80072,80103,31
13.0320997238,80.2422409058,80103,80113,10
13.0320396423,80.2421798706,80113,80123,10
13.0318899155,80.2418823242,80123,80133,10
13.0316896439,80.2414016724,80133,80143,10
13.0315103531,80.2410812378,80143,80204,61
13.0315103531,80.2410812378,80204,80214,10
13.0313997269,80.2407836914,80214,80224,10
13.0312004089,80.2403793335,80224,80234,10
13.0309801102,80.2398681641,80234,80244,10
13.0306301117,80.239151001,80244,80254,10
13.0300998688,80.2382278442,80254,80264,10
13.0294504166,80.2371673584,80264,80274,10
13.028719902,80.2363891602,80274,80284,10
13.0280704498,80.2356414795,80284,80294,10
13.0274896622,80.2347488403,80294,80304,10
13.0269498825,80.2338485718,80304,80315,11
13.0264997482,80.2330780029,80315,80325,10
13.0261497498,80.2322998047,80325,80335,10
13.0260601044,80.2318572998,80335,80345,10
13.0259399414,80.2314224243,80345,80355,10
13.0257101059,80.2306213379,80355,80365,10
13.0251197815,80.2296905518,80365,80375,10
13.0245304108,80.2289428711,80375,80385,10
13.0241298676,80.2284469604,80385,80395,10
13.0240497589,80.2283630371,80395,80405,10
13.0238800049,80.2281112671,80405,80415,10
13.0234298706,80.2276611328,80415,80425,10
13.0229101181,80.2271499634,80425,80436,11
13.0221300125,80.2264404297,80436,80446,10
13.0214195251,80.2258911133,80446,80456,10
13.0207300186,80.2253723145,80456,80466,10
13.0199604034,80.224861145,80466,80476,10
13.0191001892,80.2244720459,80476,80486,10
13.0180597305,80.2247619629,80486,80496,10
13.0170698166,80.2251815796,80496,80506,10
13.0162801743,80.2255020142,80506,80516,10
13.0156402588,80.225730896,80516,80526,10
13.0148897171,80.226020813,80526,80536,10
13.0141401291,80.226348877,80536,80546,10
13.0140304565,80.2263870239,80546,80557,11
13.0136299133,80.2265472412,80557,80567,10
13.0128898621,80.2268295288,80567,80577,10
13.0119600296,80.227180481,80577,80587,10
13.01101017,80.2275695801,80587,80597,10
13.0101499557,80.227897644,80597,80607,10
13.009349823,80.2282409668,80607,80617,10
13.0089998245,80.2289962769,80617,80627,10
13.0088701248,80.2298965454,80627,80637,10
13.0087003708,80.2308578491,80637,80647,10
13.0084896088,80.2319107056,80647,80657,10
13.0082998276,80.2329483032,80657,80667,10
13.0081100464,80.23387146,80667,80678,11
13.0078802109,80.2350082397,80678,80688,10
13.0076398849,80.2362365723,80688,80698,10
13.0074100494,80.2374572754,80698,80708,10
13.0071802139,80.2387008667,80708,80718,10
13.0069303513,80.2401733398,80718,80778,60
13.0069303513,80.2401733398,80778,80788,10
13.0069503784,80.2404785156,80788,80799,11
13.0068597794,80.240852356,80799,80809,10
13.006770134,80.2414703369,80809,80819,10
13.0067300797,80.2424697876,80819,80829,10
13.0066795349,80.2433624268,80829,80839,10
13.0066699982,80.2443389893,80839,80849,10
13.0066900253,80.2454071045,80849,80859,10
13.0067396164,80.246421814,80859,80869,10
13.0067396164,80.2473297119,80869,80879,10
13.0067396164,80.2483291626,80879,80889,10
13.0068597794,80.2494277954,80889,80899,10
13.0068302155,80.250579834,80899,80909,10
13.006770134,80.2514419556,80909,80920,11
13.0065603256,80.2524490356,80920,80930,10
13.0065402985,80.2536087036,80930,80940,10
13.0066003799,80.2547531128,80940,80949,9
13.0065898895,80.2550506592,80949,80960,11
13.0065603256,80.2555465698,80960,80970,10
13.0065803528,80.256401062,80970,80980,10
13.0066404343,80.2571411133,80980,80990,10
13.0066995621,80.257270813,80990,81000,10
13.0066003799,80.2575073242,81000,81010,10
13.0059499741,80.2574768066,81010,81020,10
13.0050697327,80.257270813,81020,81030,10
13.0041799545,80.2570571899,81030,81041,11
13.0032901764,80.2568817139,81041,81051,10
13.0024299622,80.2567214966,81051,81061,10
13.0015001297,80.2565689087,81061,81071,10
13.0005598068,80.2564163208,81071,81081,10
12.9995203018,80.2562637329,81081,81091,10
12.9987201691,80.256111145,81091,81101,10
12.9986000061,80.2560806274,81101,81111,10
12.9982004166,80.2560119629,81111,81121,10
12.9977502823,80.2559509277,81121,81131,10
12.997420311,80.255897522,81131,81141,10
12.9971399307,80.2559127808,81141,81150,9
12.9969701767,80.2559661865,81150,81162,12
12.9964704514,80.255897522,81162,81172,10
12.9957103729,80.2558670044,81172,81192,20
12.9954996109,80.2559127808,81192,81212,20
12.9954996109,80.2559127808,81212,81222,10
12.9951400757,80.255897522,81222,81232,10
12.9947395325,80.2559280396,81232,81242,10
12.99421978,80.2559661865,81242,81252,10
12.9935903549,80.2560195923,81252,81262,10
12.9926900864,80.256072998,81262,81272,10
12.9916400909,80.2560577393,81272,81283,11
12.9906101227,80.2559967041,81283,81293,10
12.9896497726,80.2559967041,81293,81303,10
12.9888095856,80.2559585571,81303,81313,10
12.9885396957,80.2559204102,81313,81323,10
12.9880599976,80.2558670044,81323,81333,10
12.9877996445,80.2558364868,81333,81343,10
12.9877195358,80.255859375,81343,81353,10
12.987569809,80.2562866211,81353,81363,10
12.9875297546,80.256942749,81363,81373,10
12.9874696732,80.2576217651,81373,81383,10
12.9874095917,80.2583236694,81383,81393,10
12.9872198105,80.2591094971,81393,81454,61
12.9872198105,80.2591094971,81454,81464,10
12.9872903824,80.2587814331,81464,81474,10
12.9873600006,80.2582092285,81474,81484,10
12.9874200821,80.2574462891,81484,81494,10
12.9875001907,80.2565994263,81494,81504,10
12.9875602722,80.2559204102,81504,81565,61
12.9875602722,80.2559204102,81565,81575,10
12.9876003265,80.2557830811,81575,81585,10
12.9878501892,80.2557067871,81585,81595,10
12.9883403778,80.2557907104,81595,81605,10
12.9890098572,80.2558822632,81605,81615,10
12.9897403717,80.2559509277,81615,81625,10
12.9903697968,80.2559509277,81625,81635,10
12.9910802841,80.2559967041,81635,81646,11
12.9919900894,80.2560272217,81646,81656,10
12.9928503036,80.2560119629,81656,81666,10
12.9936504364,80.2559509277,81666,81676,10
12.9943799973,80.2559204102,81676,81686,10
12.9952001572,80.255859375,81686,81696,10
12.9959802628,80.2558517456,81696,81706,10
12.9966497421,80.2558364868,81706,81716,10
12.9969797134,80.2558364868,81716,81726,10
12.9974298477,80.2558517456,81726,81736,10
12.9976797104,80.2559890747,81736,81746,10
