13.0143699646,80.2257919312,16,2366,2350
13.0142698288,80.2257995605,2366,2967,601
13.014380455,80.2258224487,2967,17477,14510
13.0143995285,80.2257385254,17477,18074,597
13.014380455,80.225692749,18074,18144,70
13.014380455,80.225692749,18144,18154,10
13.0141897202,80.2259902954,18154,18174,20
13.0141897202,80.2259902954,18174,18184,10
13.0139503479,80.22631073,18184,18195,11
13.0133895874,80.2265396118,18195,18205,10
13.0127096176,80.2267990112,18205,18215,10
13.0119400024,80.2271118164,18215,18225,10
13.0110902786,80.2274398804,18225,18235,10
13.0101995468,80.2277832031,18235,18245,10
13.0095396042,80.2276763916,18245,18256,11
13.0097904205,80.2270202637,18256,18266,10
13.0101203918,80.2263183594,18266,18276,10
13.0109100342,80.2245025635,18276,18287,11
13.0109100342,80.2245025635,18287,18297,10
13.0113296509,80.2235412598,18297,18307,10
13.0116796494,80.2226333618,18307,18317,10
13.0120801926,80.2208023071,18317,18326,9
13.0120801926,80.2208023071,18326,18338,12
13.0117101669,80.2196426392,18338,18348,10
13.0113801956,80.2186203003,18348,18358,10
13.0110397339,80.2177124023,18358,18368,10
13.0106697083,80.2168426514,18368,18378,10
13.0102796555,80.2161026001,18378,18388,10
13.0099697113,80.215461731,18388,18401,13
13.0093402863,80.2145233154,18401,18411,10
13.0087995529,80.2138214111,18411,18421,10
13.0079898834,80.2131881714,18421,18512,91
13.0079898834,80.2131881714,18512,18522,10
13.0076398849,80.2129135132,18522,18532,10
13.007229805,80.2127990723,18532,18542,10
13.0067300797,80.2127380371,18542,18552,10
13.0061302185,80.2128677368,18552,18562,10
13.0055704117,80.2128829956,18562,18572,10
13.004940033,80.2124786377,18572,18582,10
13.0041303635,80.2121200562,18582,18592,10
13.0033102036,80.212059021,18592,18602,10
13.002579689,80.2121200562,18602,18613,11
13.0019302368,80.2124633789,18613,18623,10
13.0013303757,80.212890625,18623,18633,10
13.0007295609,80.2133636475,18633,18643,10
13.0001001358,80.2139282227,18643,18653,10
12.9996795654,80.2143173218,18653,18663,10
12.9989900589,80.2149124146,18663,18673,10
12.9987001419,80.215133667,18673,18681,8
12.9987001419,80.215133667,18681,18693,12
12.9974498749,80.2162017822,18693,18703,10
12.9974498749,80.2162017822,18703,18713,10
12.9970397949,80.2165222168,18713,18724,11
12.9963798523,80.216583252,18724,18734,10
12.9956703186,80.2167282104,18734,18744,10
12.9949502945,80.2171096802,18744,18754,10
12.9942903519,80.2175979614,18754,18764,10
12.9935703278,80.2181167603,18764,18775,11
12.9927196503,80.2187271118,18775,18785,10
12.9919099808,80.2193222046,18785,18795,10
12.9911403656,80.2198867798,18795,18805,10
12.9905099869,80.2203598022,18805,18815,10
12.9898796082,80.2209014893,18815,18825,10
12.9893198013,80.2215576172,18825,18836,11
12.9886198044,80.2223587036,18836,18844,8
12.9880800247,80.2228469849,18844,18857,13
12.9873304367,80.2230911255,18857,18867,10
12.986700058,80.2229614258,18867,18877,10
12.9860200882,80.2229385376,18877,18887,10
12.9854803085,80.2232437134,18887,18897,10
12.9848604202,80.2231292725,18897,18907,10
12.9842195511,80.2227401733,18907,18917,10
12.9836196899,80.2224197388,18917,18926,9
12.9832496643,80.2221603394,18926,18938,12
12.9831399918,80.2220687866,18938,18948,10
12.9827899933,80.2218704224,18948,18958,10
12.9822702408,80.2217025757,18958,18968,10
12.9816999435,80.2213363647,18968,18978,10
12.9809904099,80.220993042,18978,18988,10
12.9801998138,80.2210464478,18988,18998,10
12.9793796539,80.2211074829,18998,19008,10
12.9785604477,80.2211685181,19008,19018,10
12.977640152,80.221206665,19018,19028,10
12.9768199921,80.2212371826,19028,19038,10
12.9759702682,80.2212371826,19038,19049,11
12.9755897522,80.2210083008,19049,19099,50
12.9755897522,80.2210083008,19099,19109,10
12.9754695892,80.2208404541,19109,19119,10
12.9751300812,80.2206192017,19119,19129,10
12.97453022,80.2203598022,19129,19139,10
12.9738197327,80.2200622559,19139,19149,10
12.9730501175,80.2197418213,19149,19160,11
12.9720497131,80.2193832397,19160,19169,9
12.971329689,80.2191619873,19169,19181,12
12.9709796906,80.2191009521,19181,19191,10
12.9704999924,80.2188415527,19191,19201,10
12.9698295593,80.2185516357,19201,19211,10
12.9691295624,80.2182769775,19211,19221,10
12.968460083,80.2180175781,19221,19231,10
12.9678096771,80.2177734375,19231,19241,10
12.9672203064,80.2175292969,19241,19251,10
12.9662599564,80.2171401978,19251,19261,10
12.9652500153,80.2167434692,19261,19272,11
12.9641399384,80.2162780762,19272,19282,10
12.9633197784,80.2159194946,19282,19292,10
12.9625196457,80.2155838013,19292,19300,8
12.9617595673,80.2152786255,19300,19312,12
12.9604701996,80.2147674561,19312,19322,10
12.9593696594,80.21434021,19322,19332,10
12.9582700729,80.2138824463,19332,19342,10
12.9571504593,80.2134399414,19342,19352,10
12.9560003281,80.2129974365,19352,19362,10
12.9548597336,80.212562561,19362,19373,11
12.9538097382,80.2121429443,19373,19383,10
12.9528799057,80.2117614746,19383,19393,10
12.9518299103,80.2113571167,19393,19403,10
12.950750351,80.2109298706,19403,19413,10
12.9497203827,80.2105178833,19413,19423,10
12.9488096237,80.2101593018,19423,19433,10
12.9478902817,80.2098007202,19433,19443,10
12.9467802048,80.2093734741,19443,19452,9
12.9458398819,80.2089996338,19452,19463,11
12.9447498322,80.2085571289,19463,19473,10
12.9442195892,80.2083587646,19473,19484,11
12.9440898895,80.2082977295,19484,19494,10
12.9436397552,80.2081222534,19494,19504,10
12.9430503845,80.2077713013,19504,19514,10
12.9425401688,80.2071228027,19514,19524,10
12.9418201447,80.206489563,19524,19534,10
12.940990448,80.2059783936,19534,19544,10
12.9400997162,80.2056732178,19544,19554,10
12.9391803741,80.2053833008,19554,19564,10
12.9382400513,80.2051010132,19564,19573,9
12.9373598099,80.2048492432,19573,19584,11
12.9361801147,80.2045135498,19584,19595,11
12.9351301193,80.2041015625,19595,19605,10
12.9336795807,80.203918457,19605,19635,30
12.9336795807,80.203918457,19635,19645,10
12.9333200455,80.2038574219,19645,19654,9
12.9328699112,80.2036590576,19654,19665,11
12.9312801361,80.2031097412,19665,19675,10
12.9312801361,80.2031097412,19675,19685,10
12.930439949,80.2028808594,19685,19695,10
12.9296302795,80.2027816772,19695,19706,11
12.9294900894,80.2027587891,19706,19716,10
12.9294300079,80.2027511597,19716,19726,10
12.9290704727,80.2026824951,19726,19736,10
12.928560257,80.2025527954,19736,19746,10
12.9284601212,80.2019195557,19746,19756,10
12.9284296036,80.2010421753,19756,19766,10
12.9283599854,80.2000274658,19766,19776,10
12.9280395508,80.1990585327,19776,19786,10
12.9275197983,80.1982116699,19786,19796,10
12.9266996384,80.1976776123,19796,19807,11
12.9262800217,80.1975784302,19807,19817,10
12.9261798859,80.1975631714,19817,19827,10
12.9257602692,80.197517395,19827,19836,9
12.9254398346,80.197517395,19836,19847,11
12.9250802994,80.1975021362,19847,19857,10
12.9245100021,80.1975021362,19857,19867,10
12.9237804413,80.197479248,19867,19877,10
12.9229202271,80.1973800659,19877,19887,10
12.922129631,80.197303772,19887,19897,10
12.9220600128,80.197303772,19897,19907,10
12.9218301773,80.197227478,19907,19917,10
12.9213895798,80.1970672607,19917,19928,11
12.9207601547,80.1968383789,19928,19938,10
12.9202003479,80.1966400146,19938,19948,10
12.9197502136,80.1964797974,19948,19958,10
12.9191598892,80.1961517334,19958,19968,10
12.9187202454,80.1957702637,19968,19978,10
12.9181995392,80.1952972412,19978,19987,9
12.9176502228,80.1947784424,19987,19998,11
12.9170503616,80.1940536499,19998,20008,10
12.9169797897,80.1933288574,20008,20018,10
12.917090416,80.1925964355,20018,20029,11
12.9172000885,80.1920394897,20029,20039,10
12.91726017,80.1914978027,20039,20049,10
12.9172697067,80.1913909912,20049,20059,10
12.9172801971,80.1913375854,20059,20069,10
12.9173402786,80.1910324097,20069,20079,10
12.9173803329,80.1904296875,20079,20089,10
12.9175395966,80.1896820068,20089,20099,10
12.9179201126,80.1888809204,20099,20109,10
12.9185495377,80.1881408691,20109,20119,10
12.9191598892,80.1874694824,20119,20129,10
12.9198598862,80.186668396,20129,20140,11
12.9205904007,80.1857376099,20140,20150,10
12.9204597473,80.184677124,20150,20160,10
12.9202299118,80.1837005615,20160,20170,10
12.919960022,80.1826171875,20170,20200,30
12.919960022,80.1826171875,20200,20210,10
12.9198799133,80.1823272705,20210,20220,10
12.9197597504,80.1817626953,20220,20230,10
12.9196195602,80.1810379028,20230,20240,10
12.9194498062,80.1802597046,20240,20251,11
12.9191102982,80.1792984009,20251,20261,10
12.9185199738,80.1784896851,20261,20271,10
12.9181995392,80.177520752,20271,20281,10
12.9186601639,80.1753311157,20281,20291,10
12.9186601639,80.1753311157,20291,20301,10
12.9189300537,80.1741867065,20301,20311,10
12.9192304611,80.1730422974,20311,20321,10
12.9195203781,80.1719970703,20321,20331,10
12.9197597504,80.1710891724,20331,20341,10
12.9198102951,80.1709213257,20341,20352,11
12.9199399948,80.1705932617,20352,20362,10
12.9201602936,80.1699295044,20362,20372,10
12.920419693,80.169052124,20372,20382,10
12.9207696915,80.16796875,20382,20392,10
12.9211397171,80.166809082,20392,20402,10
12.9215097427,80.1656570435,20402,20412,10
12.9218797684,80.1645126343,20412,20422,10
12.9222202301,80.1633987427,20422,20432,10
12.9225702286,80.1623001099,20432,20442,10
12.9229297638,80.1612014771,20442,20452,10
12.9231700897,80.1603775024,20452,20462,10
12.9233198166,80.15965271,20462,20474,12
12.92345047,80.1584014893,20474,20484,10
12.9235696793,80.1571807861,20484,20494,10
12.9236602783,80.1560211182,20494,20504,10
12.9234304428,80.1550521851,20504,20514,10
12.9233798981,80.1548919678,20514,20524,10
12.9232997894,80.1544418335,20524,20535,11
12.923119545,80.153678894,20535,20545,10
12.9229001999,80.1528320313,20545,20555,10
12.9226999283,80.1518783569,20555,20565,10
12.9226703644,80.1509628296,20565,20576,11
12.9226303101,80.1496734619,20576,20586,10
12.9225702286,80.1484832764,20586,20596,10
12.9225597382,80.1473007202,20596,20605,9
12.9225597382,80.1463088989,20605,20616,11
12.922539711,80.1455078125,20616,20626,10
12.9225196838,80.1447525024,20626,20636,10
12.9224796295,80.1438369751,20636,20646,10
12.9224395752,80.1428909302,20646,20656,10
12.9224004745,80.1418991089,20656,20666,10
12.9223899841,80.1408996582,20666,20676,10
12.922369957,80.1398391724,20676,20687,11
12.9223899841,80.138671875,20687,20697,10
12.9224500656,80.1376190186,20697,20707,10
12.9225196838,80.1364974976,20707,20717,10
12.9225597382,80.1354522705,20717,20727,10
12.9225997925,80.1344528198,20727,20737,10
12.922659874,80.1333236694,20737,20745,8
12.9226903915,80.1324996948,20745,20757,12
12.9227199554,80.1314468384,20757,20767,10
12.922750473,80.1306381226,20767,20778,11
12.9228200912,80.1297683716,20778,20788,10
12.9228601456,80.1288909912,20788,20798,10
12.9228801727,80.1280212402,20798,20808,10
12.9229001999,80.1271209717,20808,20818,10
12.9229402542,80.1261062622,20818,20828,10
12.9229898453,80.1250076294,20828,20838,10
12.92304039,80.1239929199,20838,20848,10
12.9230804443,80.122833252,20848,20858,10
12.9231500626,80.1215591431,20858,20867,9
12.9232397079,80.1204223633,20867,20890,23
12.9232397079,80.1204223633,20890,20900,10
12.9232597351,80.1203231812,20900,20910,10
12.9232902527,80.1198425293,20910,20920,10
12.9232997894,80.1191711426,20920,20930,10
12.9233398438,80.1184234619,20930,20940,10
12.9234600067,80.1172180176,20940,21679,739
12.9234600067,80.1172180176,21679,21690,11
12.9235200882,80.1169815063,21690,21700,10
12.9235200882,80.1168289185,21700,21710,10
12.9236497879,80.1169128418,21710,21719,9
12.9235801697,80.1171875,21719,21729,10
12.9236001968,80.1175994873,21729,21740,11
12.9236097336,80.1180877686,21740,21750,10
12.9235401154,80.1186599731,21750,21760,10
12.9234695435,80.1192092896,21760,21770,10
12.9233798981,80.1197662354,21770,21781,11
12.9233598709,80.1202468872,21781,21791,10
12.9233503342,80.1204910278,21791,21840,49
12.9233503342,80.1204910278,21840,21851,11
12.9232597351,80.120880127,21851,22206,355
12.9232597351,80.120880127,22206,22216,10
12.9232397079,80.1212997437,22216,22226,10
12.9232196808,80.1216812134,22226,22236,10
12.9231901169,80.1222686768,22236,22246,10
12.9231595993,80.1230010986,22246,22256,10
12.9231395721,80.123878479,22256,22266,10
12.9230804443,80.1249008179,22266,22276,10
12.9230203629,80.1258926392,22276,22286,10
12.9229898453,80.1269226074,22286,22296,10
12.9229402542,80.1279067993,22296,22307,11
12.9228897095,80.1289215088,22307,22317,10
12.9228401184,80.1299133301,22317,22327,10
12.9228200912,80.130821228,22327,22337,10
12.9228000641,80.1316070557,22337,22347,10
12.9227600098,80.1324768066,22347,22357,10
12.9227104187,80.1334991455,22357,22367,10
12.922659874,80.1346282959,22367,22377,10
12.9226198196,80.1357498169,22377,22387,10
12.9225502014,80.1368789673,22387,22397,10
12.9224996567,80.1379394531,22397,22407,10
12.922419548,80.1389770508,22407,22418,11
12.9224300385,80.1402511597,22418,22428,10
12.922419548,80.141456604,22428,22438,10
12.9224596024,80.1426391602,22438,22448,10
12.9225196838,80.1435394287,22448,22458,10
12.9225301743,80.143661499,22458,22468,10
12.9225502014,80.1439437866,22468,22478,10
12.9225597382,80.144493103,22478,22488,10
12.9225997925,80.1454086304,22488,22498,10
12.9226303101,80.1464233398,22498,22508,10
12.9226703644,80.1473999023,22508,22518,10
12.9226398468,80.1483688354,22518,22529,11
12.9226799011,80.1495895386,22529,22539,10
12.9227199554,80.150718689,22539,22548,9
12.9227399826,80.1514892578,22548,22559,11
12.9228801727,80.1526565552,22559,22569,10
12.9231595993,80.1537017822,22569,22579,10
12.9234304428,80.1546020508,22579,22589,10
12.9234399796,80.1547012329,22589,22599,10
12.9234600067,80.1548614502,22599,22610,11
12.9236001968,80.1554107666,22610,22620,10
12.9237203598,80.1561889648,22620,22630,10
12.9236402512,80.1572113037,22630,22640,10
12.9235296249,80.1583709717,22640,22650,10
12.9234304428,80.159538269,22650,22660,10
12.9233198166,80.1603775024,22660,22670,10
12.9232797623,80.1604690552,22670,22680,10
12.9231500626,80.1608200073,22680,22690,10
12.9229402542,80.1614837646,22690,22700,10
12.922659874,80.162322998,22700,22711,11
12.9222803116,80.1634902954,22711,22721,10
12.9218902588,80.164680481,22721,22731,10
12.921500206,80.1659011841,22731,22741,10
12.9211101532,80.1671218872,22741,22751,10
12.9207296371,80.1683273315,22751,22761,10
12.9203596115,80.1694793701,22761,22771,10
12.9200801849,80.1704788208,22771,22780,9
12.9199104309,80.171043396,22780,22791,11
12.9198503494,80.1712036133,22791,22801,10
12.9196996689,80.171661377,22801,22812,11
12.9194297791,80.1724624634,22812,22822,10
12.9191999435,80.1733169556,22822,22832,10
12.918970108,80.1743164063,22832,22842,10
12.9187297821,80.1754608154,22842,22852,10
12.9184598923,80.1765594482,22852,22860,8
12.918419838,80.1768188477,22860,22872,12
12.918390274,80.1772003174,22872,22882,10
12.9183301926,80.1779327393,22882,22892,10
12.9188404083,80.1787261963,22892,22902,10
12.9194097519,80.1797180176,22902,22913,11
12.9196796417,80.1810836792,22913,22922,9
12.9199199677,80.182220459,22922,22933,11
12.9202203751,80.1834411621,22933,22942,9
12.9203996658,80.1842880249,22942,22953,11
12.9206495285,80.1852264404,22953,22973,20
12.9206495285,80.1852264404,22973,22983,10
12.9206495285,80.1855697632,22983,22993,10
12.9206104279,80.1858825684,22993,23003,10
12.9202404022,80.186340332,23003,23013,10
12.9197502136,80.1869125366,23013,23023,10
12.9191703796,80.1875762939,23023,23032,9
12.9186601639,80.1881790161,23032,23044,12
12.9179601669,80.1889801025,23044,23054,10
12.9175596237,80.1899490356,23054,23064,10
12.9174003601,80.1910400391,23064,23074,10
12.9172801971,80.1918869019,23074,23084,10
12.9172000885,80.192527771,23084,23094,10
12.9171600342,80.1931533813,23094,23114,20
12.9171600342,80.1931533813,23114,23125,11
12.9171199799,80.1933135986,23125,23135,10
12.9170999527,80.1936569214,23135,23145,10
12.9171495438,80.1938095093,23145,23155,10
12.9172496796,80.1942367554,23155,23165,10
12.9176597595,80.1947402954,23165,23175,10
12.9181995392,80.1952362061,23175,23185,10
12.9190101624,80.1959762573,23185,23195,10
12.919960022,80.1965332031,23195,23205,10
12.9208803177,80.1968383789,23205,23216,11
12.9217395782,80.1971282959,23216,23226,10
12.9226999283,80.1973419189,23226,23236,10
12.9237003326,80.197479248,23236,23246,10
12.9246196747,80.1975097656,23246,23256,10
12.9253101349,80.197479248,23256,23266,10
12.925620079,80.1974868774,23266,23276,10
12.9262104034,80.1975402832,23276,23286,10
12.9268198013,80.1977233887,23286,23296,10
12.927479744,80.1981201172,23296,23306,10
12.9280195236,80.1988677979,23306,23326,20
12.9285297394,80.2010192871,23326,23338,12
12.9285802841,80.2022781372,23338,23348,10
12.9294996262,80.2027435303,23348,23368,20
12.9294996262,80.2027435303,23368,23377,9
12.9297895432,80.2027816772,23377,23388,11
12.9305000305,80.2028884888,23388,23398,10
12.9312295914,80.2030792236,23398,23408,10
12.9320201874,80.2033233643,23408,23419,11
12.9330797195,80.2036972046,23419,23429,10
12.9338798523,80.2038803101,23429,23438,9
12.9340400696,80.2038879395,23438,23449,11
12.9342002869,80.2039108276,23449,23458,9
12.9345598221,80.2039489746,23458,23469,11
12.9352903366,80.2041625977,23469,23478,9
12.9359197617,80.2044219971,23478,23489,11
12.9370002747,80.2047195435,23489,23499,10
12.9379501343,80.2050018311,23499,23509,10
12.9390201569,80.2053222656,23509,23520,11
12.9399995804,80.205581665,23520,23530,10
12.9400997162,80.2056503296,23530,23540,10
12.9404802322,80.2057723999,23540,23550,10
12.9410295486,80.2059707642,23550,23560,10
12.9417695999,80.2063827515,23560,23570,10
12.942489624,80.2069702148,23570,23580,10
12.9431200027,80.2077331543,23580,23590,10
12.9443702698,80.2083587646,23590,23611,21
12.9443702698,80.2083587646,23611,23621,10
12.9444904327,80.2084121704,23621,23631,10
12.9449701309,80.2085800171,23631,23641,10
12.9456596375,80.2088317871,23641,23651,10
12.9463796616,80.2091064453,23651,23661,10
12.9471302032,80.2093963623,23661,23671,10
12.9477796555,80.2096633911,23671,23681,10
12.9485301971,80.2099685669,23681,23691,10
12.9493398666,80.2102813721,23691,23701,10
12.9504404068,80.2107162476,23701,23712,11
12.9517002106,80.2112121582,23712,23722,10
12.9527301788,80.2116088867,23722,23732,10
12.9535598755,80.2119064331,23732,23742,10
12.9536800385,80.2119598389,23742,23751,9
12.9538002014,80.212020874,23751,23762,11
12.954460144,80.212310791,23762,23772,10
12.9550895691,80.2125701904,23772,23782,10
12.9559297562,80.2128982544,23782,23792,10
12.9567203522,80.2131729126,23792,23802,10
12.9575195313,80.2134780884,23802,23813,11
12.9585199356,80.2139129639,23813,23823,10
12.9593000412,80.2142333984,23823,23833,10
12.9602403641,80.2146224976,23833,23843,10
12.9610595703,80.2149200439,23843,23853,10
12.9619598389,80.2152862549,23853,23863,10
12.9629402161,80.2156524658,23863,23873,10
12.9637899399,80.2159423828,23873,23883,10
12.9640302658,80.2160491943,23883,23893,10
12.9643201828,80.2162094116,23893,23903,10
12.9649000168,80.2164611816,23903,23914,11
12.965669632,80.2167816162,23914,23924,10
12.9663200378,80.2170562744,23924,23934,10
12.9670000076,80.217338562,23934,23944,10
12.9676799774,80.2176208496,23944,23954,10
12.9681196213,80.2177963257,23954,23964,10
12.9687595367,80.2180404663,23964,23974,10
12.9697198868,80.2184066772,23974,23984,10
12.9708795547,80.2188415527,23984,23994,10
12.9713001251,80.218963623,23994,24004,10
12.971540451,80.2191009521,24004,24015,11
12.9721403122,80.2193832397,24015,24025,10
12.9729204178,80.2196426392,24025,24035,10
12.9738903046,80.2200164795,24035,24044,9
12.9745702744,80.2202835083,24044,24054,10
12.9751901627,80.2205200195,24054,24065,11
12.9754199982,80.2206268311,24065,24074,9
12.9755802155,80.2207183838,24074,24085,11
12.9762296677,80.2212371826,24085,24106,21
12.9762296677,80.2212371826,24106,24116,10
12.976360321,80.2212219238,24116,24125,9
12.9767599106,80.2212295532,24125,24136,11
12.9775295258,80.2212295532,24136,24144,8
12.9782304764,80.2211914063,24144,24156,12
12.9792995453,80.2211532593,24156,24166,10
12.9804096222,80.2210769653,24166,24174,8
12.9811897278,80.2211380005,24174,24186,12
12.9819698334,80.2215881348,24186,24196,10
12.9825296402,80.2218322754,24196,24207,11
12.9829301834,80.2219772339,24207,24217,10
12.9832000732,80.22215271,24217,24227,10
12.9834804535,80.222366333,24227,24237,10
12.9840402603,80.2226791382,24237,24247,10
12.9847202301,80.2230682373,24247,24257,10
12.9853401184,80.2232971191,24257,24267,10
12.9857997894,80.2230300903,24267,24277,10
12.9863796234,80.2229919434,24277,24287,10
12.986989975,80.2230606079,24287,24297,10
12.987660408,80.2230911255,24297,24308,11
12.988409996,80.2226333618,24308,24318,10
12.9890298843,80.2219924927,24318,24326,8
12.9895401001,80.2212677002,24326,24338,12
12.9903898239,80.2204208374,24338,24348,10
12.9905700684,80.2202987671,24348,24358,10
12.9909095764,80.2200622559,24358,24368,10
12.9914197922,80.2196426392,24368,24378,10
12.9920396805,80.2191925049,24378,24388,10
12.9927797318,80.2186584473,24388,24398,10
12.9935998917,80.2180633545,24398,24409,11
12.9944295883,80.2174530029,24409,24419,10
12.9951400757,80.2169570923,24419,24429,10
12.995880127,80.2166519165,24429,24439,10
12.9966802597,80.2164916992,24439,24449,10
12.9972600937,80.216293335,24449,24459,10
12.9975404739,80.2160797119,24459,24469,10
12.9976902008,80.216003418,24469,24479,10
12.9980201721,80.2157211304,24479,24489,10
12.9985399246,80.2153091431,24489,24499,10
12.9989204407,80.2149734497,24499,24510,11
12.9990501404,80.2148513794,24510,24520,10
12.9992399216,80.2146987915,24520,24530,10
12.9995603561,80.2144393921,24530,24540,10
12.9999599457,80.2140884399,24540,24550,10
13.0004501343,80.2136611938,24550,24559,9
13.0008602142,80.2133026123,24559,24570,11
13.0015602112,80.2127380371,24570,24580,10
13.0021600723,80.2123184204,24580,24590,10
13.0027303696,80.2121429443,24590,24600,10
13.0033502579,80.212097168,24600,24611,11
13.0040302277,80.2120666504,24611,24620,9
13.0045700073,80.2122802734,24620,24630,10
13.005200386,80.2125778198,24630,24640,10
13.0058603287,80.2129135132,24640,24651,11
13.0064001083,80.2127380371,24651,24660,9
13.0068397522,80.2127532959,24660,24672,12
13.0078601837,80.2130508423,24672,24692,20
13.0078601837,80.2130508423,24692,24703,11
13.0079603195,80.2131271362,24703,24713,10
13.0082197189,80.2132797241,24713,24722,9
13.0086202621,80.2134628296,24722,24733,11
13.0089998245,80.2140197754,24733,24743,10
13.0094900131,80.2146987915,24743,24753,10
13.0099496841,80.2153396606,24753,24763,10
13.010430336,80.2159881592,24763,24773,10
13.0107898712,80.216758728,24773,24783,10
13.0111503601,80.2176132202,24783,24793,10
13.0115404129,80.2186889648,24793,24802,9
13.011879921,80.2197570801,24802,24814,12
13.0123100281,80.2209625244,24814,24824,10
13.0125999451,80.221496582,24824,24835,11
13.0129995346,80.222038269,24835,24845,10
13.0135803223,80.2227478027,24845,24855,10
13.0140895844,80.2234573364,24855,24865,10
13.0145597458,80.223991394,24865,24875,10
13.0149402618,80.2245101929,24875,24885,10
13.0152797699,80.2248687744,24885,24895,10
13.0156002045,80.2250976563,24895,24905,10
13.0156097412,80.225112915,24905,24916,11
13.0157299042,80.2252426147,24916,24926,10
13.016119957,80.225402832,24926,24936,10
13.0168304443,80.2252578735,24936,24946,10
13.0177497864,80.2248916626,24946,24956,10
13.0188102722,80.2244491577,24956,24966,10
13.0198802948,80.224647522,24966,24976,10
13.0208396912,80.2253265381,24976,24986,10
13.0217199326,80.2259979248,24986,24996,10
13.0223197937,80.2264404297,24996,25006,10
13.0223798752,80.2265396118,25006,25017,11
13.0227499008,80.226890564,25017,25027,10
13.0233097076,80.2274169922,25027,25037,10
13.0239801407,80.2280731201,25037,25047,10
13.0245304108,80.2287826538,25047,25057,10
13.0246200562,80.2289123535,25057,25067,10
13.0248603821,80.2292175293,25067,25077,10
13.025270462,80.2297668457,25077,25087,10
13.0257396698,80.2304534912,25087,25097,10
13.02602005,80.2312011719,25097,25107,10
13.0264196396,80.2313232422,25107,25117,10
13.0271501541,80.2311325073,25117,25128,11
13.0279598236,80.2309875488,25128,25138,10
13.0284004211,80.2309494019,25138,25148,10
13.028840065,80.2309112549,25148,25158,10
13.0292100906,80.2308731079,25158,25188,30
13.0292100906,80.2308731079,25188,25198,10
13.0296401978,80.2308197021,25198,25208,10
13.0301799774,80.2307815552,25208,25218,10
13.0305595398,80.2307434082,25218,25229,11
13.0308904648,80.2307128906,25229,25239,10
13.0315198898,80.2306594849,25239,25248,9
13.0322904587,80.2305984497,25248,25259,11
13.0332899094,80.2305374146,25259,25269,10
13.0340995789,80.2304916382,25269,25279,10
13.0348396301,80.2303009033,25279,25289,10
13.0349998474,80.2300872803,25289,25299,10
13.0348796844,80.2299499512,25299,25309,10
13.0346298218,80.229927063,25309,26436,1127
13.0344600677,80.2297210693,26436,26822,386
13.0341501236,80.2297821045,26822,26973,151
13.0341501236,80.2297821045,26973,26984,11
13.034239769,80.2301635742,26984,27005,21
13.034239769,80.2301635742,27005,27014,9
13.0340795517,80.2304000854,27014,27025,11
13.0336704254,80.2304229736,27025,27036,11
13.0330495834,80.2304916382,27036,27046,10
13.0323696136,80.2305526733,27046,27055,9
13.0318098068,80.2305984497,27055,27065,10
13.0310001373,80.2306900024,27065,27075,10
13.0303602219,80.2307510376,27075,27085,10
13.02987957,80.230796814,27085,27096,11
13.0294303894,80.2308578491,27096,27106,10
13.0287904739,80.2309188843,27106,27116,10
13.0281200409,80.2309875488,27116,27127,11
13.0277500153,80.2310562134,27127,27137,10
13.0277004242,80.2314300537,27137,27147,10
13.0277299881,80.2318725586,27147,27157,10
13.0278596878,80.2326202393,27157,27318,161
13.027680397,80.2328186035,27318,27339,21
13.027680397,80.2328186035,27339,27349,10
13.0274200439,80.2328567505,27349,27359,10
13.0271997452,80.2329406738,27359,27369,10
13.0269403458,80.232963562,27369,27379,10
13.0266199112,80.2330169678,27379,27389,10
13.0263595581,80.232673645,27389,27399,10
13.0262098312,80.2321395874,27399,27409,10
13.0261001587,80.2316665649,27409,27419,10
13.0259799957,80.231262207,27419,27429,10
13.0257501602,80.2305603027,27429,27440,11
13.0251903534,80.2297134399,27440,27450,10
13.0246400833,80.2290115356,27450,27460,10
13.0241804123,80.2284622192,27460,27470,10
13.0239200592,80.2281494141,27470,27480,10
13.023639679,80.2278366089,27480,27490,10
13.0234203339,80.2276382446,27490,27500,10
13.0231599808,80.2275390625,27500,27516,16
13.023150444,80.2275390625,27516,27528,12
13.0229196548,80.2273635864,27528,27536,8
13.0227003098,80.227142334,27536,27558,22
13.0227003098,80.227142334,27558,27568,10
13.0225496292,80.2268371582,27568,27580,12
13.0222997665,80.2265701294,27580,27589,9
13.0220804214,80.2263717651,27589,27600,11
13.0217599869,80.2261123657,27600,27610,10
13.0215101242,80.2259216309,27610,27621,11
13.0211400986,80.2256393433,27621,27631,10
13.0208597183,80.2253570557,27631,27641,10
13.0201396942,80.2249832153,27641,27763,122
13.0201396942,80.2249832153,27763,27773,10
13.0196695328,80.224609375,27773,27783,10
13.0190496445,80.2244491577,27783,27793,10
13.0182504654,80.2247085571,27793,27803,10
13.0172700882,80.2251205444,27803,27813,10
13.0163297653,80.2255096436,27813,27823,10
13.0156297684,80.225769043,27823,27833,10
13.0148200989,80.2260971069,27833,27843,10
13.0142698288,80.2263412476,27843,27853,10
13.0142097473,80.2263717651,27853,27864,11
13.013759613,80.2265167236,27864,27874,10
13.0130596161,80.2267532349,27874,27884,10
13.0122003555,80.2270584106,27884,27894,10
13.011179924,80.2274703979,27894,27904,10
13.0101203918,80.2278671265,27904,27914,10
13.009519577,80.2275924683,27914,27924,10
13.0098400116,80.2268676758,27924,27934,10
13.0102396011,80.2259902954,27934,27950,16
13.0109596252,80.2243881226,27950,27962,12
13.0114603043,80.2232666016,27962,27983,21
13.0114603043,80.2232666016,27983,27993,10
13.0115299225,80.2230529785,27993,28003,10
13.0117197037,80.2225036621,28003,28013,10
13.0119800568,80.2217178345,28013,28023,10
13.0122203827,80.2209701538,28023,28033,10
13.0119800568,80.2201690674,28033,28043,10
13.0116701126,80.21925354,28043,28053,10
13.0113201141,80.2182693481,28053,28063,10
13.0109195709,80.2172775269,28063,28084,21
13.0099897385,80.215461731,28084,28096,12
13.0093097687,80.2144699097,28096,28106,10
13.0087404251,80.2137298584,28106,28116,10
13.0081396103,80.2133102417,28116,28145,29
13.0081396103,80.2133102417,28145,28156,11
13.0080604553,80.2132415771,28156,28166,10
13.0079803467,80.2132034302,28166,28176,10
13.0077295303,80.2130126953,28176,28187,11
13.007229805,80.2127990723,28187,28197,10
13.0066299438,80.2127380371,28197,28207,10
13.0059604645,80.2129821777,28207,28217,10
13.0052604675,80.212677002,28217,28227,10
13.0045099258,80.2122421265,28227,28237,10
13.003660202,80.2120666504,28237,28247,10
13.0030298233,80.212059021,28247,28257,10
13.002289772,80.2122192383,28257,28267,10
13.0017995834,80.2125320435,28267,28278,11
13.0013904572,80.212852478,28278,28288,10
13.0007801056,80.2133636475,28288,28298,10
13.0000600815,80.2139663696,28298,28308,10
12.9996004105,80.2143936157,28308,28318,10
12.9991598129,80.2147674561,28318,28328,10
12.9989595413,80.2149505615,28328,28338,10
12.9985599518,80.2153396606,28338,28348,10
12.998000145,80.2158432007,28348,28358,10
12.9974603653,80.2163391113,28358,28378,20
12.9974603653,80.2163391113,28378,28389,11
12.9970903397,80.2165603638,28389,28399,10
12.9967403412,80.2165679932,28399,28409,10
12.9962301254,80.2166290283,28409,28419,10
12.9955301285,80.2168197632,28419,28429,10
12.9949398041,80.2171630859,28429,28439,10
12.9941596985,80.2177581787,28439,28449,10
12.9934797287,80.2182235718,28449,28459,10
12.9927396774,80.21875,28459,28469,10
12.9918403625,80.2193832397,28469,28479,10
12.9910202026,80.2200012207,28479,28490,11
12.9907999039,80.220161438,28490,28500,10
12.9905796051,80.2203292847,28500,28510,10
12.9901399612,80.2207107544,28510,28520,10
12.9896001816,80.2212905884,28520,28530,10
12.9890203476,80.2220001221,28530,28540,10
12.9882497787,80.2227325439,28540,28550,10
12.9876499176,80.2230834961,28550,28560,10
12.9875097275,80.2230834961,28560,28570,10
12.9870700836,80.2230377197,28570,28580,10
12.9864397049,80.2229766846,28580,28591,11
12.9855499268,80.2232284546,28591,28611,20
12.9855499268,80.2232284546,28611,28621,10
12.985250473,80.2232894897,28621,28631,10
12.9847602844,80.2230834961,28631,28641,10
12.9841499329,80.2227096558,28641,28651,10
12.9835996628,80.2224197388,28651,28661,10
12.9832401276,80.2221908569,28661,28681,20
12.9832401276,80.2221908569,28681,28697,16
12.9829301834,80.2219619751,28697,28710,13
12.9825897217,80.2218093872,28710,28720,10
12.9821996689,80.2217025757,28720,28728,8
12.9819202423,80.2215499878,28728,28739,11
12.9815502167,80.2212600708,28739,28749,10
12.9809799194,80.2210769653,28749,28760,11
12.9801902771,80.2210998535,28760,28770,10
12.9796199799,80.2211303711,28770,28780,10
12.9789400101,80.2211837769,28780,28790,10
12.9786701202,80.2211685181,28790,28801,11
12.9780597687,80.2211685181,28801,28811,10
12.9773197174,80.2212295532,28811,28821,10
12.9760904312,80.2212982178,28821,28881,60
12.9760904312,80.2212982178,28881,28891,10
12.9756298065,80.2210769653,28891,28932,41
12.9756298065,80.2210769653,28932,28942,10
12.9755096436,80.2209472656,28942,28952,10
12.9752902985,80.2207870483,28952,28962,10
12.9748697281,80.2205581665,28962,28972,10
12.9742002487,80.2202377319,28972,28982,10
12.9734201431,80.2199172974,28982,28992,10
12.9725799561,80.2196426392,28992,29002,10
12.9718399048,80.2193832397,29002,29013,11
12.9711999893,80.2192230225,29013,29023,10
12.9709796906,80.2191467285,29023,29033,10
12.9708204269,80.2190322876,29033,29043,10
12.9703397751,80.2187805176,29043,29053,10
12.9697303772,80.2185516357,29053,29063,10
12.9690704346,80.2182998657,29063,29073,10
12.9683904648,80.2180404663,29073,29083,10
12.9677400589,80.2177734375,29083,29093,10
12.9670200348,80.2174911499,29093,29103,10
12.9660596848,80.2171020508,29103,29113,10
12.9649896622,80.2166671753,29113,29124,11
12.9638700485,80.2162017822,29124,29134,10
12.9632701874,80.2159194946,29134,29144,10
12.9628896713,80.2157669067,29144,29154,10
12.962770462,80.2157287598,29154,29164,10
12.9623699188,80.2155609131,29164,29174,10
12.9617300034,80.2153091431,29174,29184,10
12.9609699249,80.2150192261,29184,29194,10
12.9600896835,80.2146835327,29194,29204,10
12.9591798782,80.2143096924,29204,29214,10
12.9582901001,80.2139434814,29214,29225,11
12.957449913,80.2136230469,29225,29235,10
12.9566802979,80.2133102417,29235,29245,10
12.955789566,80.2129669189,29245,29255,10
12.954870224,80.2126312256,29255,29265,10
12.9541597366,80.2123184204,29265,29275,10
12.9538402557,80.2122116089,29275,29285,10
12.9537801743,80.2121887207,29285,29295,10
12.9533996582,80.2120132446,29295,29305,10
12.9527702332,80.2117767334,29305,29315,10
12.9520101547,80.211479187,29315,29325,10
12.9511499405,80.2111282349,29325,29336,11
12.9500904083,80.2107086182,29336,29346,10
12.9492197037,80.2103805542,29346,29356,10
12.9484596252,80.2100830078,29356,29366,10
12.9476203918,80.2097473145,29366,29376,10
12.9465198517,80.2092971802,29376,29386,10
12.945400238,80.2088470459,29386,29396,10
12.9442396164,80.2083969116,29396,29416,20
12.9442396164,80.2083969116,29416,29426,10
12.9442300797,80.2083511353,29426,29437,11
12.9439201355,80.2082290649,29437,29447,10
12.9434499741,80.2080383301,29447,29457,10
12.9429702759,80.2077026367,29457,29467,10
12.9426603317,80.2072677612,29467,29477,10
12.9421701431,80.20677948,29477,29487,10
12.9415502548,80.2063064575,29487,29497,10
12.9410400391,80.2060317993,29497,29507,10
12.9409198761,80.2059631348,29507,29517,10
12.940580368,80.2058334351,29517,29527,10
12.9400901794,80.2056808472,29527,29537,10
12.9395103455,80.2055130005,29537,29547,10
12.9388799667,80.2053222656,29547,29558,11
12.9381599426,80.2051010132,29558,29568,10
12.9374904633,80.2049179077,29568,29578,10
12.9368200302,80.2047271729,29578,29588,10
12.9364299774,80.2046203613,29588,29598,10
12.9360399246,80.2045135498,29598,29608,10
12.9357595444,80.2044296265,29608,29618,10
12.9356899261,80.2044372559,29618,29628,10
12.9353199005,80.2042388916,29628,29637,9
12.9348096848,80.2040328979,29637,29649,12
12.933719635,80.2039337158,29649,29669,20
12.933719635,80.2039337158,29669,29679,10
12.933549881,80.2038879395,29679,29689,10
12.9331197739,80.2037887573,29689,29699,10
12.932510376,80.2035217285,29699,29709,10
12.9317502975,80.2032928467,29709,29719,10
12.9310102463,80.2030410767,29719,29729,10
12.9307899475,80.2029800415,29729,29739,10
12.9302797318,80.2028808594,29739,29749,10
12.9297895432,80.2028198242,29749,29760,11
12.9294996262,80.2027893066,29760,29770,10
12.9293699265,80.2027816772,29770,29780,10
12.9290103912,80.2026901245,29780,29790,10
12.9285497665,80.202507019,29790,29800,10
12.9284696579,80.2018737793,29800,29810,10
12.928440094,80.2010726929,29810,29820,10
12.9284095764,80.2002182007,29820,29830,10
12.9282999039,80.1996536255,29830,29840,10
12.9280996323,80.1991271973,29840,29850,10
12.927740097,80.1984710693,29850,29861,11
12.9270401001,80.1978607178,29861,29871,10
12.926320076,80.197593689,29871,29881,10
12.9257602692,80.1975402832,29881,29891,10
12.9254999161,80.1975479126,29891,29901,10
12.9252195358,80.197517395,29901,29917,16
12.9241800308,80.1975097656,29917,29929,12
12.923500061,80.197479248,29929,29937,8
12.9232597351,80.1974487305,29937,29949,12
12.9226198196,80.1973724365,29949,29959,10
12.9221096039,80.1973190308,29959,29969,10
12.9220399857,80.197303772,29969,29980,11
12.9218101501,80.197227478,29980,29990,10
12.9215602875,80.1971435547,29990,30000,10
12.9212999344,80.1970367432,30000,30010,10
12.9209899902,80.1968917847,30010,30020,10
12.9205999374,80.196762085,30020,30030,10
12.9200201035,80.1965637207,30030,30040,10
12.919380188,80.1962890625,30040,30050,10
12.9187602997,80.1958236694,30050,30060,10
12.9181003571,80.1952133179,30060,30071,11
12.9173002243,80.1944580078,30071,30081,10
12.9169797897,80.1937789917,30081,30091,10
12.9169998169,80.1931381226,30091,30101,10
12.917090416,80.1924972534,30101,30111,10
12.9172697067,80.1914367676,30111,30141,30
12.9172697067,80.1914367676,30141,30151,10
12.9173002243,80.1912612915,30151,30161,10
12.9173402786,80.1907806396,30161,30171,10
12.9173803329,80.1903076172,30171,30182,11
12.9175395966,80.1896209717,30182,30192,10
12.917889595,80.1889038086,30192,30202,10
12.9184904099,80.1882095337,30202,30212,10
12.9188804626,80.187789917,30212,30222,10
12.9192895889,80.1873168945,30222,30232,10
12.9198503494,80.1866836548,30232,30242,10
12.9204998016,80.1858978271,30242,30252,10
12.920539856,80.184967041,30252,30262,10
12.9203395844,80.1842803955,30262,30272,10
12.9201898575,80.1835708618,30272,30283,11
12.9199800491,80.1826705933,30283,30293,10
12.9199399948,80.182510376,30293,30303,10
12.9199104309,80.1823577881,30303,30313,10
12.9198198318,80.1820068359,30313,30323,10
12.9197502136,80.1817092896,30323,30333,10
12.9196195602,80.181137085,30333,30343,10
12.9194698334,80.1803588867,30343,30353,10
12.9192304611,80.1794662476,30353,30363,10
12.918680191,80.1786422729,30363,30373,10
12.9181995392,80.1777267456,30373,30383,10
12.9183597565,80.1766891479,30383,30394,11
12.9186201096,80.1756210327,30394,30404,10
12.9188804626,80.1746063232,30404,30414,10
12.9191198349,80.1737289429,30414,30424,10
12.9193096161,80.1730194092,30424,30434,10
12.9194097519,80.172668457,30434,30444,10
12.9195804596,80.1720275879,30444,30454,10
12.9198503494,80.1710510254,30454,30474,20
12.9198503494,80.1710510254,30474,30484,10
12.9199695587,80.1706771851,30484,30495,11
12.9202003479,80.1699295044,30495,30504,9
12.9204502106,80.1690979004,30504,30515,11
12.9207897186,80.1680297852,30515,30525,10
12.9210700989,80.1671218872,30525,30535,10
12.921380043,80.1662063599,30535,30545,10
12.9216804504,80.1652908325,30545,30555,10
12.9219703674,80.1643981934,30555,30565,10
12.9222402573,80.1634674072,30565,30575,10
12.9225502014,80.1625366211,30575,30585,10
12.9229001999,80.1615066528,30585,30596,11
12.9231595993,80.16065979,30596,30607,11
12.9232597351,80.1602401733,30607,30616,9
12.9233102798,80.1599884033,30616,30627,11
12.9233903885,80.1594085693,30627,30637,10
12.9234800339,80.1585388184,30637,30647,10
12.9235897064,80.1574172974,30647,30657,10
12.9236898422,80.1563262939,30657,30667,10
12.9235696793,80.1554107666,30667,30677,10
12.9233798981,80.1546783447,30677,30687,10
12.9233102798,80.1544799805,30687,30697,10
12.9232902527,80.1544570923,30697,30708,11
12.9231996536,80.1540527344,30708,30718,10
12.92304039,80.1533966064,30718,30728,10
12.9227304459,80.1523208618,30728,30798,70
12.9227304459,80.1523208618,30798,30809,11
12.9227399826,80.1522827148,30809,30819,10
12.9226999283,80.1520767212,30819,30829,10
12.9226903915,80.1517105103,30829,30839,10
12.9226799011,80.1511688232,30839,30849,10
12.922659874,80.1503295898,30849,30859,10
12.9226198196,80.1492614746,30859,30869,10
12.9225797653,80.1482009888,30869,30879,10
12.9225702286,80.1474075317,30879,30889,10
12.9225702286,80.1465606689,30889,30899,10
12.922539711,80.1455535889,30899,30909,10
12.9224996567,80.1445083618,30909,30920,11
12.9224796295,80.1438217163,30920,30930,10
12.9224796295,80.1436767578,30930,30940,10
12.9224796295,80.1433410645,30940,30950,10
12.9224500656,80.1428527832,30950,30960,10
12.922419548,80.1424026489,30960,30970,10
12.9224004745,80.1419906616,30970,30980,10
12.9224004745,80.141418457,30980,30990,10
12.9223604202,80.1407623291,30990,31000,10
12.9223604202,80.1403808594,31000,31010,10
12.9223499298,80.1398468018,31010,31021,11
12.9223604202,80.1390228271,31021,31031,10
12.9224300385,80.138130188,31031,31047,16
12.9225196838,80.136390686,31047,31059,12
12.9225797653,80.1349411011,31059,31069,10
12.9226398468,80.1337966919,31069,31079,10
12.922659874,80.1328964233,31079,31089,10
12.9226703644,80.1325836182,31089,31099,10
12.9226903915,80.132232666,31099,31109,10
12.9226999283,80.1314697266,31109,31119,10
12.9226999283,80.131111145,31119,31129,10
12.9227199554,80.1309890747,31129,31140,11
12.9227600098,80.1304397583,31140,31150,10
12.9228000641,80.1297683716,31150,31160,10
12.9228601456,80.1289367676,31160,31170,10
12.9228801727,80.1280822754,31170,31180,10
12.9229097366,80.1273193359,31180,31190,10
12.9229202271,80.1266021729,31190,31200,10
12.9228801727,80.1258621216,31200,31220,20
12.9228801727,80.1258621216,31220,31231,11
12.922949791,80.1255722046,31231,31241,10
12.9230003357,80.1250610352,31241,31251,10
12.9230203629,80.1243209839,31251,31261,10
12.9230604172,80.1234970093,31261,31271,10
12.9231004715,80.1225204468,31271,31281,10
12.9231595993,80.1214828491,31281,31291,10
12.9232397079,80.1204986572,31291,31311,20
12.9232397079,80.1204986572,31311,31321,10
12.9232597351,80.1204605103,31321,31332,11
12.9232997894,80.1199569702,31332,31342,10
12.9233102798,80.119178772,31342,31352,10
12.9233598709,80.1183624268,31352,31362,10
12.9234695435,80.1175231934,31362,31372,10
12.9234695435,80.116897583,31372,31382,10
12.9234800339,80.1168289185,31382,31392,10
12.923620224,80.1169281006,31392,31402,10
12.9235401154,80.1172790527,31402,31412,10
12.923620224,80.1177368164,31412,31422,10
12.9235801697,80.1181564331,31422,31432,10
12.9235095978,80.1188735962,31432,31443,11
12.9234104156,80.1198120117,31443,31453,10
12.9233999252,80.1202697754,31453,31473,20
12.9233999252,80.1202697754,31473,31483,10
12.9233398438,80.1204528809,31483,31493,10
12.9233198166,80.1207809448,31493,31503,10
12.9233198166,80.1209869385,31503,31513,10
12.9233198166,80.1212692261,31513,31846,333
12.9233198166,80.1212692261,31846,31856,10
12.9232301712,80.1213912964,31856,31867,11
12.9231700897,80.1215896606,31867,31877,10
12.9231595993,80.1220092773,31877,31887,10
12.9231500626,80.1226806641,31887,31897,10
12.923119545,80.1235427856,31897,31907,10
12.9231004715,80.1244125366,31907,31917,10
12.9231300354,80.1255493164,31917,31937,20
12.9231300354,80.1255493164,31937,31947,10
12.9230604172,80.1258392334,31947,31957,10
12.9230098724,80.126411438,31957,31968,11
12.9229698181,80.1272583008,31968,31978,10
12.9229202271,80.1278686523,31978,31988,10
12.9228801727,80.1284408569,31988,31998,10
12.9228200912,80.1291122437,31998,32008,10
12.9227895737,80.1297988892,32008,32018,10
12.9227800369,80.1303024292,32018,32028,10
12.9227895737,80.1310272217,32028,32038,10
12.9228000641,80.1312713623,32038,32048,10
12.9227800369,80.1313781738,32048,32058,10
12.9228000641,80.1318435669,32058,32068,10
12.922750473,80.1324005127,32068,32079,11
12.9227104187,80.1331787109,32079,32089,10
12.9226799011,80.1341094971,32089,32099,10
12.9226303101,80.1349563599,32099,32109,10
12.9225997925,80.135559082,32109,32119,10
12.9225702286,80.1363220215,32119,32129,10
12.9224996567,80.1372375488,32129,32139,10
12.9224596024,80.1382904053,32139,32149,10
12.9224004745,80.1393814087,32149,32159,10
12.922419548,80.1404418945,32159,32169,10
12.9224395752,80.1414108276,32169,32180,11
12.9224596024,80.142616272,32180,32190,10
12.9225196838,80.1434402466,32190,32210,20
12.9225196838,80.1434402466,32210,32220,10
12.9225196838,80.1437225342,32220,32230,10
12.9225301743,80.1437835693,32230,32240,10
12.9225196838,80.1441192627,32240,32250,10
12.9225301743,80.1447525024,32250,32260,10
12.9225597382,80.1456832886,32260,32270,10
12.9225997925,80.146812439,32270,32280,10
12.9226198196,80.1475601196,32280,32291,11
12.9226303101,80.1483917236,32291,32301,10
12.9226703644,80.1493682861,32301,32311,10
12.9227104187,80.1505126953,32311,32321,10
12.922750473,80.1513595581,32321,32331,10
12.9227600098,80.1517028809,32331,32341,10
12.9227695465,80.1521377563,32341,32351,10
12.9229202271,80.1528701782,32351,32361,10
12.9231500626,80.1537780762,32361,32371,10
12.9233598709,80.1544876099,32371,32381,10
12.9233598709,80.1545028687,32381,32392,11
12.9234304428,80.154800415,32392,32402,10
12.9234600067,80.1549606323,32402,32412,10
12.923500061,80.155128479,32412,32422,10
12.923620224,80.1555862427,32422,32432,10
12.9237098694,80.1563110352,32432,32442,10
12.9236402512,80.1571121216,32442,32452,10
12.9235296249,80.1579437256,32452,32462,10
12.9234399796,80.1588516235,32462,32472,10
12.9233598709,80.159828186,32472,32482,10
12.9232597351,80.1604690552,32482,32492,10
12.9232702255,80.1604690552,32492,32503,11
12.9232196808,80.1606674194,32503,32513,10
12.9230203629,80.1611862183,32513,32523,10
12.9227600098,80.1619720459,32523,32533,10
12.9224996567,80.1627502441,32533,32543,10
12.9222202301,80.1636428833,32543,32553,10
12.9218597412,80.1647567749,32553,32563,10
12.9214897156,80.1659393311,32563,32573,10
12.9210996628,80.1671218872,32573,32583,10
12.9208097458,80.1681289673,32583,32593,10
12.9204998016,80.1690216064,32593,32604,11
12.9202003479,80.1700668335,32604,32614,10
12.9199399948,80.1709365845,32614,32624,10
12.9199104309,80.1710662842,32624,32634,10
12.9198598862,80.1712265015,32634,32644,10
12.9197797775,80.1714477539,32644,32654,10
12.9195995331,80.1720428467,32654,32664,10
12.9194202423,80.1727676392,32664,32674,10
12.9191799164,80.1736297607,32674,32684,10
12.9189395905,80.1746063232,32684,32694,10
12.9186601639,80.175743103,32694,32704,10
12.9184598923,80.1766586304,32704,32715,11
12.918419838,80.1768264771,32715,32725,10
12.9183998108,80.1770782471,32725,32735,10
12.9183101654,80.1777420044,32735,32745,10
12.9187202454,80.1785507202,32745,32755,10
12.9193000793,80.1794281006,32755,32765,10
12.919549942,80.1804962158,32765,32775,10
12.9197902679,80.181640625,32775,32785,10
12.9199399948,80.1823577881,32785,32795,10
12.9201202393,80.1831283569,32795,32805,10
12.9203701019,80.1839904785,32805,32856,51
12.9203701019,80.1839904785,32856,32866,10
12.9203796387,80.1842498779,32866,32876,10
12.9204902649,80.1847763062,32876,32886,10
12.9206495285,80.1853485107,32886,32906,20
12.9206495285,80.1853485107,32906,32916,10
12.9206695557,80.1856384277,32916,32927,11
12.9204101563,80.1861572266,32927,32937,10
12.9199104309,80.1867218018,32937,32947,10
12.9193601608,80.1873703003,32947,32957,10
12.9188203812,80.1879730225,32957,32967,10
12.9183301926,80.1884994507,32967,32977,10
12.9178199768,80.1891403198,32977,32987,10
12.9175395966,80.1900024414,32987,32997,10
12.9175100327,80.190246582,32997,33007,10
12.9174804688,80.1904220581,33007,33017,10
12.9174203873,80.1907119751,33017,33028,11
12.9173603058,80.1913528442,33028,33038,10
12.9172697067,80.1921615601,33038,33048,10
12.9171800613,80.1928634644,33048,33058,10
12.9171600342,80.1932296753,33058,33078,20
12.9171600342,80.1932296753,33078,33088,10
12.9171199799,80.1933288574,33088,33098,10
12.9171104431,80.1935806274,33098,33108,10
12.9171304703,80.1937789917,33108,33118,10
12.9171895981,80.1941070557,33118,33128,10
12.9174098969,80.1944580078,33128,33139,11
12.9179697037,80.1949920654,33139,33149,10
12.918589592,80.1955490112,33149,33159,10
12.9193201065,80.196182251,33159,33169,10
12.9202003479,80.1965789795,33169,33179,10
12.9207401276,80.1967926025,33179,33189,10
12.9208803177,80.1968307495,33189,33199,10
12.9209604263,80.1968612671,33199,33209,10
12.9212703705,80.1969680786,33209,33219,10
12.9218301773,80.1971664429,33219,33229,10
12.9225902557,80.1973266602,33229,33240,11
12.9233102798,80.1974029541,33240,33250,10
12.9233903885,80.1974182129,33250,33260,10
12.9237499237,80.197479248,33260,33270,10
12.9243602753,80.197479248,33270,33280,10
12.9247903824,80.197479248,33280,33290,10
12.9249401093,80.1974716187,33290,33300,10
12.9251003265,80.1974563599,33300,33310,10
12.925239563,80.1974563599,33310,33320,10
12.9254598618,80.1974716187,33320,33330,10
12.9259595871,80.197479248,33330,33340,10
12.9266195297,80.1976089478,33340,33351,11
12.9272499084,80.1979293823,33351,33361,10
12.9276895523,80.1983184814,33361,33371,10
12.9279298782,80.1987304688,33371,33381,10
12.9281396866,80.1991424561,33381,33391,10
12.9282999039,80.1995773315,33391,33401,10
12.9284296036,80.2001876831,33401,33411,10
12.9284801483,80.200958252,33411,33421,10
12.9285097122,80.2015686035,33421,33431,10
12.9285297394,80.2018203735,33431,33441,10
12.9285402298,80.2022323608,33441,33451,10
12.9288196564,80.20262146,33451,33462,11
12.9294700623,80.2026977539,33462,33472,10
12.9294996262,80.2027130127,33472,33482,10
12.9295902252,80.2027206421,33482,33492,10
12.9299898148,80.2027816772,33492,33502,10
12.9306497574,80.2028884888,33502,33512,10
12.9313898087,80.2031021118,33512,33522,10
12.9322595596,80.2033996582,33522,33532,10
12.9330301285,80.2036590576,33532,33542,10
12.933429718,80.2037963867,33542,33552,10
12.9341201782,80.2038803101,33552,33573,21
12.9341201782,80.2038803101,33573,33583,10
12.9343595505,80.2039031982,33583,33593,10
12.9347801208,80.203956604,33593,33603,10
12.9352903366,80.2041320801,33603,33613,10
12.9359502792,80.2043991089,33613,33623,10
12.93653965,80.2045822144,33623,33633,10
12.9374399185,80.204826355,33633,33643,10
12.9379196167,80.2049713135,33643,33653,10
12.9381999969,80.2050476074,33653,33664,11
12.9386701584,80.2052001953,33664,33674,10
12.9392204285,80.2053604126,33674,33684,10
12.9395999908,80.2054595947,33684,33694,10
12.9397201538,80.2054977417,33694,33704,10
12.9399795532,80.2055587769,33704,33714,10
12.9400196075,80.2055892944,33714,33724,10
12.9401903152,80.205657959,33724,33734,10
12.9404602051,80.2057418823,33734,33744,10
12.9407901764,80.2058563232,33744,33754,10
12.9412403107,80.2060470581,33754,33764,10
12.9417104721,80.2063369751,33764,33775,11
12.9423303604,80.2068328857,33775,33785,10
12.9428100586,80.2073135376,33785,33795,10
12.9431800842,80.2078018188,33795,33805,10
12.943400383,80.2079772949,33805,33815,10
12.9437503815,80.2081298828,33815,33825,10
12.9442996979,80.2083435059,33825,33845,20
12.9442996979,80.2083435059,33845,33855,10
12.9446296692,80.2084884644,33855,33865,10
12.9451999664,80.2086868286,33865,33875,10
12.9459199905,80.2089385986,33875,33886,11
12.9466896057,80.2092514038,33886,33896,10
12.9472799301,80.2094802856,33896,33906,10
12.9478302002,80.2096786499,33906,33916,10
12.9483995438,80.2098999023,33916,33926,10
12.9490995407,80.2101821899,33926,33936,10
12.9500999451,80.2105865479,33936,33946,10
12.9512901306,80.2110595703,33946,33956,10
12.9523496628,80.211479187,33956,33966,10
12.953209877,80.211807251,33966,33976,10
12.9539203644,80.2120895386,33976,33987,11
12.9548301697,80.2124786377,33987,33997,10
12.9557800293,80.212852478,33997,34007,10
12.956700325,80.213180542,34007,34017,10
12.9575595856,80.2135391235,34017,34027,10
12.9583101273,80.2138366699,34027,34037,10
12.9592504501,80.2142105103,34037,34047,10
12.9598798752,80.2144775391,34047,34057,10
12.9603796005,80.2146835327,34057,34067,10
12.9609003067,80.2148590088,34067,34077,10
12.9615802765,80.2151184082,34077,34087,10
12.9623699188,80.2154312134,34087,34098,11
12.9629297256,80.2156295776,34098,34118,20
12.9629297256,80.2156295776,34118,34128,10
12.963060379,80.2156829834,34128,34138,10
12.9634799957,80.2158508301,34138,34148,10
12.9642095566,80.2161331177,34148,34310,162
12.9642095566,80.2161331177,34310,34320,10
12.964220047,80.2161712646,34320,34330,10
12.9645595551,80.2163467407,34330,34340,10
12.9651098251,80.216583252,34340,34350,10
12.9657402039,80.2168426514,34350,34360,10
12.966340065,80.2170791626,34360,34370,10
12.9670600891,80.2173690796,34370,34390,20
12.9672203064,80.2174301147,34390,34441,51
12.9672203064,80.2174301147,34441,34451,10
12.9676799774,80.2176208496,34451,34461,10
12.9678602219,80.2176971436,34461,34471,10
12.9682998657,80.2178573608,34471,34481,10
12.9690799713,80.2181625366,34481,34491,10
12.9700603485,80.218536377,34491,34501,10
12.9712400436,80.218963623,34501,34522,21
12.9712400436,80.218963623,34522,34532,10
12.971540451,80.2191009521,34532,34542,10
12.9720401764,80.2193222046,34542,34552,10
12.9726600647,80.2195587158,34552,34562,10
12.9733600616,80.2198028564,34562,34572,10
12.9741401672,80.220123291,34572,34582,10
12.9749002457,80.2204437256,34582,34592,10
12.9752101898,80.2205963135,34592,34653,61
12.9752101898,80.2205963135,34653,34663,10
12.9754800797,80.2206802368,34663,34673,10
12.9756097794,80.2207794189,34673,34683,10
12.9757003784,80.2209396362,34683,34693,10
12.9760704041,80.2212295532,34693,34723,30
12.9760704041,80.2212295532,34723,34734,11
12.9764099121,80.221282959,34734,34744,10
12.9769496918,80.221282959,34744,34754,10
12.9777097702,80.2212295532,34754,34764,10
12.978509903,80.2211990356,34764,34774,10
12.9794101715,80.2211227417,34774,34784,10
12.980340004,80.2210693359,34784,34794,10
12.9811401367,80.2210693359,34794,34804,10
12.9817199707,80.2213821411,34804,34814,10
12.9822797775,80.2216796875,34814,34824,10
12.9828796387,80.2218933105,34824,34834,10
12.9829301834,80.2219314575,34834,34845,11
12.9830999374,80.222038269,34845,34855,10
12.9834403992,80.2222595215,34855,34871,16
12.9842100143,80.2227020264,34871,34883,12
12.9850196838,80.2231826782,34883,34893,10
12.9855804443,80.2231216431,34893,34903,10
12.9861602783,80.2229614258,34903,34913,10
12.9863996506,80.2229537964,34913,34923,10
12.986579895,80.2229919434,34923,34933,10
12.9870004654,80.2230224609,34933,34943,10
12.9874897003,80.2230606079,34943,34954,11
12.9882297516,80.2227478027,34954,34964,10
12.9888296127,80.2222213745,34964,34974,10
12.9892702103,80.2215881348,34974,34984,10
12.9898099899,80.2208786011,34984,35002,18
12.9904298782,80.2203369141,35002,35014,12
12.9907598495,80.2201385498,35014,35024,10
12.9914999008,80.2195968628,35024,35065,41
12.9914999008,80.2195968628,35065,35075,10
12.9918003082,80.2192993164,35075,35085,10
12.9923000336,80.2189483643,35085,35095,10
12.992939949,80.2185211182,35095,35104,9
12.9935398102,80.2180709839,35104,35115,11
12.9943599701,80.2174987793,35115,35124,9
12.9944896698,80.2174224854,35124,35135,11
12.9947299957,80.2172622681,35135,35145,10
12.9948196411,80.2171936035,35145,35155,10
12.9948997498,80.2171173096,35155,35166,11
12.995059967,80.2170028687,35166,35176,10
12.9952497482,80.2168884277,35176,35186,10
12.995470047,80.2167816162,35186,35196,10
12.9956102371,80.2167205811,35196,35206,10
12.9959201813,80.2166213989,35206,35226,20
12.9959201813,80.2166213989,35226,35236,10
12.9961795807,80.216583252,35236,35246,10
12.9961900711,80.2165679932,35246,35256,10
12.9964199066,80.2165298462,35256,35267,11
12.9967699051,80.2164916992,35267,35277,10
12.9970598221,80.216468811,35277,35287,10
12.9970798492,80.2164611816,35287,35297,10
12.9974298477,80.2162017822,35297,35307,10
12.997590065,80.2160797119,35307,35317,10
12.9976797104,80.2160110474,35317,35327,10
12.9979896545,80.2157363892,35327,35337,10
12.9984798431,80.2153091431,35337,35347,10
12.9990701675,80.2148132324,35347,35357,10
12.9993095398,80.2145996094,35357,35367,10
12.9997501373,80.2142181396,35367,35378,11
13.0002498627,80.2137832642,35378,35388,10
13.0007600784,80.2133178711,35388,35398,10
13.0013904572,80.2128219604,35398,35408,10
13.0021400452,80.2123184204,35408,35418,10
13.0026597977,80.212097168,35418,35428,10
13.0031099319,80.2120666504,35428,35438,10
13.0037698746,80.2119979858,35438,35448,10
13.0044403076,80.2121887207,35448,35458,10
13.004940033,80.2124786377,35458,35468,10
13.0055799484,80.2128601074,35468,35478,10
13.0063400269,80.2127227783,35478,35489,11
13.0069904327,80.2127380371,35489,35499,10
13.0077695847,80.212928772,35499,35539,40
13.0077695847,80.212928772,35539,35549,10
13.008020401,80.213180542,35549,35559,10
13.0084695816,80.2133407593,35559,35569,10
13.0089101791,80.2139129639,35569,35579,10
13.0094003677,80.2145690918,35579,35590,11
13.0099401474,80.2153167725,35590,35600,10
13.0103702545,80.2158966064,35600,35610,10
13.0107402802,80.2165985107,35610,35620,10
13.0110397339,80.2172927856,35620,35630,10
13.011349678,80.2181167603,35630,35640,10
13.0116701126,80.2190933228,35640,35650,10
13.0119600296,80.2201309204,35650,35660,10
13.0123300552,80.220993042,35660,35669,9
13.0125198364,80.2214889526,35669,35679,10
13.0127696991,80.2218322754,35679,35690,11
13.0131502151,80.2222213745,35690,35701,11
13.0134601593,80.2226333618,35701,35711,10
13.0137996674,80.2230682373,35711,35721,10
13.0139102936,80.2232131958,35721,35731,10
13.0140695572,80.2234115601,35731,35741,10
13.0142602921,80.2236328125,35741,35751,10
13.0146398544,80.224029541,35751,35761,10
13.0151996613,80.2247009277,35761,35771,10
13.0156297684,80.2250137329,35771,35781,10
13.0156497955,80.2250289917,35781,35791,10
13.0159101486,80.2253112793,35791,35801,10
13.0165700912,80.2252883911,35801,35812,11
13.0174598694,80.224937439,35812,35828,16
13.0186100006,80.2244720459,35828,35840,12
13.019080162,80.2243118286,35840,35850,10
13.0194797516,80.224357605,35850,35880,30
13.0194797516,80.224357605,35880,35890,10
13.0197401047,80.224571228,35890,35900,10
13.020070076,80.2248001099,35900,35910,10
13.0203895569,80.2250213623,35910,35921,11
13.0205898285,80.2251434326,35921,35932,11
13.0207996368,80.2253112793,35932,35942,10
13.0209302902,80.2254180908,35942,35952,10
13.0210695267,80.2255630493,35952,35962,10
13.0212697983,80.225769043,35962,35972,10
13.0215597153,80.2259521484,35972,36002,30
13.0215597153,80.2259521484,36002,36012,10
13.0217199326,80.225982666,36012,36043,31
13.0219497681,80.2261734009,36043,36073,30
13.0219497681,80.2261734009,36073,36083,10
13.0221500397,80.2262802124,36083,36093,10
13.0221796036,80.22631073,36093,36103,10
13.0223703384,80.2264785767,36103,36113,10
13.0225000381,80.2266235352,36113,36124,11
13.0226898193,80.2267990112,36124,36134,10
13.0228099823,80.2269134521,36134,36144,10
13.0229301453,80.2270431519,36144,36154,10
13.0229997635,80.2271194458,36154,36164,10
13.0231800079,80.2273330688,36164,36174,10
13.0233898163,80.2275085449,36174,36184,10
13.0236597061,80.2277374268,36184,36194,10
13.023730278,80.2277832031,36194,36204,10
13.0239200592,80.2279281616,36204,36214,10
13.0241498947,80.2282409668,36214,36224,10
13.024310112,80.2284622192,36224,36235,11
13.0245504379,80.2287902832,36235,36245,10
13.0245895386,80.2288284302,36245,36255,10
13.0247402191,80.2290802002,36255,36265,10
13.0250597,80.2295074463,36265,36275,10
13.0255203247,80.230140686,36275,36285,10
13.0257997513,80.230506897,36285,36295,10
13.0259304047,80.2308502197,36295,36305,10
13.0259799957,80.2312393188,36305,36315,10
13.0263395309,80.2313232422,36315,36325,10
13.0271196365,80.2311172485,36325,36336,11
13.0281600952,80.2309265137,36336,36346,10
13.0294103622,80.2307891846,36346,36376,30
13.0294103622,80.2307891846,36376,36386,10
13.0295801163,80.230796814,36386,36396,10
13.0302095413,80.23072052,36396,36416,20
13.0302095413,80.23072052,36416,36426,10
13.0304603577,80.2306976318,36426,36436,10
13.0307197571,80.230682373,36436,36447,11
13.0313100815,80.2306289673,36447,36457,10
13.0318202972,80.2305908203,36457,36467,10
13.0323200226,80.2305603027,36467,36477,10
13.0328998566,80.2304992676,36477,36487,10
13.0337400436,80.230430603,36487,36547,60
13.0337400436,80.230430603,36547,36558,11
13.0340795517,80.2304382324,36558,36568,10
13.0344295502,80.2303771973,36568,36578,10
13.0347700119,80.2302474976,36578,36598,20
13.0347700119,80.2302474976,36598,36608,10
13.0350103378,80.2300796509,36608,36618,10
13.0347499847,80.2298812866,36618,36669,51
13.0343999863,80.2297973633,36669,36982,313
13.0344600677,80.2298583984,36982,37093,111
13.0343904495,80.2297973633,37093,37274,181
13.0343904495,80.2297973633,37274,37284,10
13.0341997147,80.2301025391,37284,37345,61
13.0341997147,80.2301025391,37345,37355,10
13.0340003967,80.2304000854,37355,37365,10
13.0337600708,80.2303771973,37365,37375,10
13.0334396362,80.2304000854,37375,37385,10
13.0328502655,80.2304916382,37385,37395,10
13.0318803787,80.2306213379,37395,37426,31
13.0318803787,80.2306213379,37426,37436,10
13.0315599442,80.2305908203,37436,37446,10
13.0313301086,80.2306518555,37446,37456,10
13.031080246,80.2306671143,37456,37506,50
13.031080246,80.2306671143,37506,37517,11
13.0308303833,80.2306518555,37517,37527,10
13.0306301117,80.2306671143,37527,37537,10
13.0303096771,80.23072052,37537,37585,48
13.0303096771,80.23072052,37585,37595,10
13.0299301147,80.2307815552,37595,37605,10
13.0296096802,80.2308273315,37605,37615,10
13.0290699005,80.2308883667,37615,37626,11
13.0285596848,80.2309188843,37626,37636,10
13.0283603668,80.2309494019,37636,37646,10
13.0282201767,80.2309494019,37646,37656,10
13.0278596878,80.2309799194,37656,37788,132
13.0278596878,80.2309799194,37788,37798,10
13.0276098251,80.2312011719,37798,37808,10
13.0276403427,80.2314834595,37808,37818,10
13.0276899338,80.2317199707,37818,37828,10
13.0277204514,80.2319488525,37828,37839,11
13.0277996063,80.2323532104,37839,37849,10
13.0278100967,80.2328033447,37849,38040,191
13.0278100967,80.2328033447,38040,38051,11
13.0272798538,80.2328567505,38051,38061,10
13.0270204544,80.2329406738,38061,38071,10
13.0268096924,80.2329483032,38071,38081,10
13.0264396667,80.2328414917,38081,38091,10
13.0262203217,80.2322387695,38091,38101,10
13.0260896683,80.2317581177,38101,38111,10
13.0259799957,80.2312011719,38111,38121,10
13.0257101059,80.2304534912,38121,38131,10
13.0254297256,80.2300567627,38131,38141,10
13.0253000259,80.2298736572,38141,38152,11
13.0251903534,80.2297210693,38152,38162,10
13.0251197815,80.2296218872,38162,38172,10
13.024889946,80.229347229,38172,38182,10
13.0246200562,80.2290267944,38182,38192,10
13.0244197845,80.2287521362,38192,38202,10
13.0242395401,80.2284698486,38202,38212,10
13.0239095688,80.2280578613,38212,38222,10
13.0234003067,80.2275695801,38222,38232,10
13.023059845,80.2274017334,38232,38242,10
13.0229597092,80.2273330688,38242,38252,10
13.0228700638,80.2272567749,38252,38263,11
13.0226297379,80.2268829346,38263,38273,10
13.0221996307,80.2264785767,38273,38283,10
13.0216903687,80.22605896,38283,38293,10
13.0212802887,80.2257385254,38293,38303,10
13.0208101273,80.2253723145,38303,38313,10
13.0202198029,80.2249832153,38313,38323,10
13.019490242,80.2245330811,38323,38333,10
13.0185003281,80.224571228,38333,38343,10
13.0174503326,80.2250213623,38343,38353,10
13.0166797638,80.2253417969,38353,38364,11
13.0163898468,80.2254562378,38364,38374,10
13.0159397125,80.2256164551,38374,38384,10
13.0152797699,80.2258377075,38384,38394,10
13.0146102905,80.2261123657,38394,38404,10
13.0142297745,80.2261581421,38404,38414,10
13.0141601563,80.2260894775,38414,38424,10
13.0140895844,80.2254867554,38424,38563,139
13.0140895844,80.2254867554,38563,38573,10
13.0141401291,80.2251815796,38573,38584,11
13.0142498016,80.2256393433,38584,38594,10
13.0141897202,80.2260971069,38594,38604,10
13.0140399933,80.2262268066,38604,38614,10
13.0135297775,80.2264480591,38614,38624,10
13.0128002167,80.2267532349,38624,38634,10
13.0118703842,80.227142334,38634,38644,10
13.0107803345,80.2275619507,38644,38654,10
13.0098400116,80.2279205322,38654,38664,10
13.0095796585,80.2274017334,38664,38674,10
13.0099496841,80.2266235352,38674,38685,11
13.010430336,80.2255706787,38685,38695,10
13.0108995438,80.2245025635,38695,38705,10
13.011300087,80.2235107422,38705,38715,10
13.0116100311,80.2227706909,38715,38725,10
13.0119104385,80.2219161987,38725,38735,10
13.012169838,80.2211608887,38735,38745,10
13.012049675,80.2205734253,38745,38755,10
13.0118198395,80.2198104858,38755,38765,10
13.0115404129,80.2189407349,38765,38775,10
13.0113201141,80.2182998657,38775,38785,10
13.0110797882,80.2176208496,38785,38796,11
13.0107097626,80.2168197632,38796,38806,10
13.0103797913,80.216178894,38806,38822,16
13.0097799301,80.2150802612,38822,38834,12
13.0092401505,80.2143707275,38834,38844,10
13.0089197159,80.2139282227,38844,38854,10
13.0086698532,80.2136230469,38854,38864,10
13.0085601807,80.2134780884,38864,38874,10
13.0084495544,80.2133789063,38874,38884,10
13.0083198547,80.2133178711,38884,38894,10
13.0079498291,80.2131195068,38894,38905,11
13.0077199936,80.2129592896,38905,38915,10
13.007399559,80.2128067017,38915,38924,9
13.0070495605,80.2127609253,38924,38935,11
13.0062999725,80.2127990723,38935,38945,10
13.0055599213,80.212852478,38945,38955,10
13.0047597885,80.2124023438,38955,38965,10
13.003950119,80.2121124268,38965,38975,10
13.0033397675,80.2120513916,38975,38985,10
13.0027399063,80.212059021,38985,38995,10
13.002240181,80.2122497559,38995,39006,11
13.0016498566,80.2126617432,39006,39016,10
13.001159668,80.2130432129,39016,39026,10
13.0006198883,80.2135162354,39026,39036,10
12.9999399185,80.2140808105,39036,39046,10
12.999540329,80.2144317627,39046,39056,10
12.9991703033,80.2147598267,39056,39066,10
12.9989299774,80.2149581909,39066,39076,10
12.9984502792,80.2153930664,39076,39086,10
12.9977903366,80.2159194946,39086,39096,10
12.9975099564,80.2161636353,39096,39106,10
12.9973897934,80.2163085938,39106,39117,11
12.9971704483,80.2164916992,39117,39127,10
12.9970798492,80.2164916992,39127,39137,10
12.9968204498,80.216506958,39137,39147,10
12.9963903427,80.2165603638,39147,39157,10
12.995639801,80.2167663574,39157,39167,10
12.9949798584,80.2171401978,39167,39177,10
12.9944295883,80.2174987793,39177,39187,10
12.994099617,80.2177734375,39187,39197,10
12.9937200546,80.2180099487,39197,39207,10
12.9931097031,80.2184371948,39207,39217,10
12.9924497604,80.2189483643,39217,39228,11
12.9916000366,80.2195663452,39228,39238,10
12.9910497665,80.2199401855,39238,39248,10
12.9907798767,80.2201385498,39248,39258,10
12.9904003143,80.2204589844,39258,39268,10
12.9898195267,80.220993042,39268,39278,10
12.9891796112,80.2217483521,39278,39288,10
12.9884395599,80.2225418091,39288,39298,10
12.9877901077,80.2230606079,39298,39308,10
12.9874095917,80.2230911255,39308,39318,10
12.9870195389,80.2230377197,39318,39329,11
12.986410141,80.2229614258,39329,39339,10
12.9856700897,80.2230987549,39339,39349,10
12.9851703644,80.2232437134,39349,39359,10
12.9844903946,80.2229232788,39359,39369,10
12.9837799072,80.2225112915,39369,39379,10
12.9832401276,80.2221832275,39379,39399,20
12.9832401276,80.2221832275,39399,39409,10
12.9831695557,80.2221221924,39409,39419,10
12.9828996658,80.2219924927,39419,39429,10
12.9822597504,80.2217788696,39429,39440,11
12.9818496704,80.2215270996,39440,39450,10
12.9815397263,80.2213363647,39450,39460,10
12.9810600281,80.2211227417,39460,39470,10
12.9802999496,80.2211074829,39470,39480,10
12.9792404175,80.2211380005,39480,39490,10
12.9781599045,80.2211608887,39490,39500,10
12.9771900177,80.2212219238,39500,39510,10
12.9762096405,80.2212219238,39510,39520,10
12.975859642,80.221206665,39520,39531,11
12.9754896164,80.2208633423,39531,39561,30
12.9754896164,80.2208633423,39561,39571,10
12.9751195908,80.2206192017,39571,39581,10
12.97453022,80.2203826904,39581,39591,10
12.9738998413,80.2201385498,39591,39601,10
12.9734296799,80.2199401855,39601,39611,10
12.972700119,80.2196807861,39611,39621,10
12.9717998505,80.2193374634,39621,39631,10
12.9710903168,80.2191772461,39631,39641,10
12.9710502625,80.2191619873,39641,39652,11
12.9707298279,80.21900177,39652,39662,10
12.9701299667,80.2186965942,39662,39672,10
12.9694404602,80.218421936,39672,39682,10
12.96875,80.2181472778,39682,39692,10
12.9680500031,80.2178726196,39692,39702,10
12.9673404694,80.2175979614,39702,39712,10
12.9663600922,80.2172012329,39712,39722,10
12.9652004242,80.2167282104,39722,39732,10
12.964220047,80.2163314819,39732,39742,10
12.963640213,80.2161026001,39742,39752,10
12.9632997513,80.2159118652,39752,39763,11
12.9625797272,80.2156219482,39763,39773,10
12.9617300034,80.2152709961,39773,39783,10
12.9606599808,80.2148666382,39783,39793,10
12.9596595764,80.2144775391,39793,39803,10
12.9589700699,80.2142105103,39803,39813,10
12.9580402374,80.2138671875,39813,39823,10
12.9570798874,80.213470459,39823,39833,10
12.9560098648,80.2130279541,39833,39843,10
12.9549198151,80.2126083374,39843,39853,10
12.9538898468,80.2121887207,39853,39870,17
12.9520702362,80.2114715576,39870,39882,12
12.9507598877,80.2109603882,39882,39890,8
12.9499197006,80.2106170654,39890,39902,12
12.9487695694,80.2101669312,39902,39912,10
12.9477796555,80.2097702026,39912,39922,10
12.9466104507,80.2093200684,39922,39932,10
12.9455003738,80.2088699341,39932,39942,10
12.9444198608,80.2084579468,39942,39952,10
12.9441404343,80.2083282471,39952,39962,10
12.9437503815,80.2081604004,39962,39973,11
12.9431800842,80.2078933716,39973,39983,10
12.94272995,80.2073822021,39983,39992,9
12.9425296783,80.2071228027,39992,40004,12
12.9419498444,80.2065887451,40004,40014,10
12.9412603378,80.2061233521,40014,40024,10
12.9404697418,80.2057876587,40024,40033,9
12.9397001266,80.2055587769,40033,40043,10
12.9388198853,80.2052764893,40043,40054,11
12.9378299713,80.2050018311,40054,40064,10
12.9368600845,80.2047195435,40064,40074,10
12.935959816,80.2044830322,40074,40085,11
12.9352197647,80.2041625977,40085,40095,10
12.9343795776,80.2039718628,40095,40105,10
12.9336996078,80.203918457,40105,40115,10
12.9336700439,80.203918457,40115,40125,10
12.9334697723,80.2038879395,40125,40135,10
12.9331998825,80.2038421631,40135,40145,10
12.9329099655,80.2036895752,40145,40155,10
12.9323301315,80.2034988403,40155,40165,10
12.9315795898,80.2032470703,40165,40175,10
12.9307498932,80.2030029297,40175,40186,11
12.9298801422,80.2028274536,40186,40196,10
12.9294204712,80.2027816772,40196,40206,10
12.929309845,80.2027664185,40206,40216,10
12.9289398193,80.2027206421,40216,40226,10
12.9285202026,80.2024383545,40226,40236,10
12.9284696579,80.2018737793,40236,40246,10
12.9284696579,80.2017288208,40246,40256,10
12.9284601212,80.2011795044,40256,40266,10
12.9284296036,80.2003936768,40266,40276,10
12.9282302856,80.1994171143,40276,40286,10
12.9277200699,80.1984100342,40286,40297,11
12.9266796112,80.1976623535,40297,40307,10
12.926320076,80.1976013184,40307,40317,10
12.9261398315,80.1975479126,40317,40327,10
12.925620079,80.197517395,40327,40337,10
12.9253196716,80.1975097656,40337,40347,10
12.9247903824,80.1975021362,40347,40357,10
12.924030304,80.197479248,40357,40367,10
12.9231395721,80.1974182129,40367,40377,10
12.9221801758,80.197303772,40377,40387,10
12.9218502045,80.1972427368,40387,40398,11
12.9213199615,80.197052002,40398,40408,10
12.9207601547,80.1968536377,40408,40418,10
12.9200801849,80.1966171265,40418,40427,9
12.919380188,80.1963424683,40427,40438,11
12.9186601639,80.1957321167,40438,40448,10
12.9182596207,80.1953582764,40448,40458,10
12.9177999496,80.1949386597,40458,40468,10
12.9172401428,80.1943817139,40468,40478,10
12.9169902802,80.1938781738,40478,40488,10
12.9169797897,80.1932525635,40488,40498,10
12.917090416,80.192489624,40498,40508,10
12.9172000885,80.1918334961,40508,40519,11
12.9172401428,80.1912918091,40519,40529,10
12.9172496796,80.1912918091,40529,40539,10
12.9173002243,80.191116333,40539,40549,10
12.9173402786,80.1907501221,40549,40559,10
12.917309761,80.1904220581,40559,40569,10
12.9174003601,80.1900177002,40569,40579,10
12.9176197052,80.1893463135,40579,40589,10
12.9181098938,80.1885986328,40589,40599,10
12.9187297821,80.1878967285,40599,40609,10
12.9193601608,80.187210083,40609,40620,11
12.9202299118,80.1862106323,40620,40636,16
12.920249939,80.1840591431,40636,40668,32
12.920249939,80.1840591431,40668,40677,9
12.9202203751,80.1838378906,40677,40688,11
12.9200897217,80.1832122803,40688,40698,10
12.9199399948,80.1826171875,40698,40708,10
12.9199304581,80.1826095581,40708,40718,10
12.9199199677,80.1825408936,40718,40729,11
12.9199199677,80.182510376,40729,40739,10
12.9198598862,80.1822128296,40739,40749,10
12.9197301865,80.181602478,40749,40759,10
12.9195604324,80.1808166504,40759,40769,10
12.9193696976,80.1798782349,40769,40779,10
12.9188804626,80.1789398193,40779,40789,10
12.9182796478,80.1781082153,40789,40799,10
12.9183101654,80.1768417358,40799,40809,10
12.9185695648,80.1756896973,40809,40819,10
12.9188604355,80.1745529175,40819,40830,11
12.9191904068,80.1732406616,40830,40840,10
12.9194898605,80.1720733643,40840,40850,10
12.9197397232,80.1710968018,40850,40860,10
12.9197998047,80.1709213257,40860,40870,10
12.919839859,80.1708374023,40870,40880,10
12.920009613,80.1703720093,40880,40890,10
12.9202003479,80.1697769165,40890,40900,10
12.9205703735,80.168586731,40900,40910,10
12.920920372,80.1674880981,40910,40920,10
12.9212503433,80.1664581299,40920,40930,10
12.9216604233,80.1651763916,40930,40941,11
12.9220399857,80.1640090942,40941,40951,10
12.9223203659,80.1630630493,40951,40961,10
12.922659874,80.1620407104,40961,40971,10
12.9230098724,80.160987854,40971,40981,10
12.9232597351,80.1600799561,40981,40991,10
12.9232997894,80.1598815918,40991,41001,10
12.9233598709,80.1594924927,41001,41011,10
12.9234304428,80.1587524414,41011,41021,10
12.9235401154,80.1577377319,41021,41031,10
12.9236297607,80.1565704346,41031,41042,11
12.9235200882,80.1553726196,41042,41052,10
12.9233798981,80.1548995972,41052,41062,10
12.9233703613,80.1547393799,41062,41072,10
12.9232597351,80.1542816162,41072,41082,10
12.9231100082,80.1537017822,41082,41092,10
12.9229698181,80.1531524658,41092,41102,10
12.9226703644,80.1520309448,41102,41153,51
12.9226703644,80.1520309448,41153,41163,10
12.922659874,80.1517791748,41163,41173,10
12.9226799011,80.1511917114,41173,41183,10
12.9226503372,80.1503601074,41183,41193,10
12.9226198196,80.1493225098,41193,41203,10
12.9225702286,80.1482696533,41203,41213,10
12.922539711,80.1473083496,41213,41223,10
12.9225301743,80.1467895508,41223,41233,10
12.9225301743,80.1465988159,41233,41243,10
12.9225502014,80.1460494995,41243,41253,10
12.9225196838,80.1453018188,41253,41264,11
12.9224901199,80.144317627,41264,41274,10
12.9224300385,80.1434631348,41274,41284,10
12.9223899841,80.1432571411,41284,41294,10
12.9223899841,80.1430969238,41294,41304,10
12.9224004745,80.1428375244,41304,41314,10
12.9223899841,80.1418075562,41314,41324,10
12.9223899841,80.1418075562,41324,41334,10
12.9223604202,80.1413116455,41334,41344,10
12.922369957,80.141242981,41344,41354,10
12.922369957,80.1408691406,41354,41365,11
12.922369957,80.1402893066,41365,41375,10
12.922369957,80.1395263672,41375,41386,11
12.9223899841,80.1386032104,41386,41396,10
12.9224500656,80.137840271,41396,41407,11
12.9224500656,80.1372299194,41407,41418,11
12.9224596024,80.137046814,41418,41428,10
12.9224996567,80.1365966797,41428,41438,10
12.922539711,80.1358032227,41438,41448,10
12.9225702286,80.1348419189,41448,41458,10
12.9226198196,80.1337127686,41458,41469,11
12.922659874,80.1325912476,41469,41479,10
12.9226799011,80.1316833496,41479,41489,10
12.9226999283,80.1312026978,41489,41499,10
12.922750473,80.1307830811,41499,41509,10
12.9227695465,80.1300735474,41509,41519,10
12.9228200912,80.1292724609,41519,41529,10
12.9228801727,80.1283798218,41529,41539,10
12.9229001999,80.1275177002,41539,41549,10
12.9229202271,80.1265106201,41549,41559,10
12.9229803085,80.1254119873,41559,41569,10
12.9230203629,80.1242904663,41569,41580,11
12.9231004715,80.1229934692,41580,41590,10
12.9231500626,80.1218185425,41590,41600,10
12.923210144,80.1207962036,41600,41610,10
12.9232702255,80.1201171875,41610,41620,10
12.9232597351,80.1199493408,41620,41630,10
12.9232997894,80.1195602417,41630,41640,10
12.9233198166,80.1188964844,41640,41650,10
12.9233798981,80.1181182861,41650,41660,10
12.9234600067,80.1173477173,41660,41670,10
12.9235401154,80.1167602539,41670,41691,21
12.9235401154,80.1167602539,41691,41701,10
12.9236297607,80.1168136597,41701,41711,10
12.9235401154,80.1172332764,41711,42204,493
12.9235401154,80.1172332764,42204,42214,10
12.9233798981,80.1175231934,42214,42225,11
12.923500061,80.1177902222,42225,42235,10
12.9234695435,80.1181488037,42235,42245,10
12.9234600067,80.1186676025,42245,42255,10
12.9234600067,80.119140625,42255,42265,10
12.9234104156,80.1196365356,42265,42275,10
12.9233798981,80.1202697754,42275,42315,40
12.9233798981,80.1202697754,42315,42326,11
12.9233198166,80.1209030151,42326,42426,100
12.9233198166,80.1209030151,42426,42437,11
12.9232597351,80.1210784912,42437,42447,10
12.9231901169,80.1214294434,42447,42457,10
12.9231595993,80.1220779419,42457,42467,10
12.9231300354,80.1229171753,42467,42477,10
12.923119545,80.123916626,42477,42487,10
12.9230804443,80.1249237061,42487,42497,10
12.9231300354,80.1256027222,42497,42507,10
12.9230699539,80.1258010864,42507,42517,10
12.9230203629,80.1263427734,42517,42527,10
12.9229803085,80.1271362305,42527,42538,11
12.9229202271,80.1278991699,42538,42548,10
12.9228801727,80.1285476685,42548,42558,10
12.9228401184,80.1292190552,42558,42568,10
12.9228000641,80.1300125122,42568,42578,10
12.9227895737,80.1308517456,42578,42588,10
12.9228000641,80.1312637329,42588,42598,10
12.9227800369,80.1315002441,42598,42608,10
12.922750473,80.1321029663,42608,42618,10
12.9226999283,80.1329498291,42618,42628,10
12.922659874,80.1339797974,42628,42638,10
12.9226198196,80.1349868774,42638,42649,11
12.9225702286,80.1358566284,42649,42659,10
12.9225196838,80.1368026733,42659,42669,10
12.9224700928,80.1377182007,42669,42679,10
12.9224004745,80.1386413574,42679,42689,10
12.9223804474,80.1397018433,42689,42699,10
12.9224004745,80.1407089233,42699,42709,10
12.9224500656,80.1418075562,42709,42719,10
12.9224596024,80.1425933838,42719,42749,30
12.9224596024,80.1425933838,42749,42760,11
12.9224796295,80.1428833008,42760,42770,10
12.9225101471,80.1430435181,42770,42780,10
12.9225597382,80.1434783936,42780,42790,10
12.9225597382,80.1436386108,42790,42806,16
12.9225301743,80.1437835693,42806,42818,12
12.9224996567,80.1441802979,42818,42826,8
12.9224996567,80.1444625854,42826,42838,12
12.9225301743,80.1452407837,42838,42848,10
12.9225902557,80.1463623047,42848,42858,10
12.922659874,80.1473236084,42858,42869,11
12.922659874,80.1474914551,42869,42879,10
12.9226198196,80.1479873657,42879,42889,10
12.9225997925,80.1487731934,42889,42899,10
12.9226703644,80.1498031616,42899,42909,10
12.9226999283,80.150970459,42909,42919,10
12.922750473,80.1517028809,42919,42929,10
12.9227695465,80.1521530151,42929,42939,10
12.9229202271,80.1528625488,42939,42949,10
12.9231500626,80.1537780762,42949,42959,10
12.9234104156,80.1546096802,42959,42970,11
12.9234399796,80.1547470093,42970,42980,10
12.9234600067,80.1549987793,42980,42990,10
12.9235897064,80.1555633545,42990,43000,10
12.9236803055,80.1564025879,43000,43010,10
12.9235801697,80.1574172974,43010,43020,10
12.9234895706,80.1585617065,43020,43030,10
12.9233798981,80.1597137451,43030,43040,10
12.9232902527,80.1604309082,43040,43050,10
12.9232196808,80.1605987549,43050,43060,10
12.92304039,80.1611709595,43060,43070,10
12.9227800369,80.1619491577,43070,43081,11
12.9224004745,80.1630325317,43081,43091,10
12.9220304489,80.1641998291,43091,43101,10
12.921620369,80.1654281616,43101,43111,10
12.9212198257,80.1666717529,43111,43121,10
12.9208602905,80.1679077148,43121,43131,10
12.9204702377,80.1690597534,43131,43141,10
12.9201402664,80.1701889038,43141,43151,10
12.919960022,80.1709213257,43151,43161,10
12.9198703766,80.1711502075,43161,43171,10
12.9197301865,80.1715011597,43171,43182,11
12.9195203781,80.1722183228,43182,43192,10
12.9193000793,80.1730728149,43192,43202,10
12.9190502167,80.1740570068,43202,43212,10
12.9187898636,80.1751708984,43212,43222,10
12.9184904099,80.176322937,43222,43232,10
12.9182901382,80.1774597168,43232,43242,10
12.9186601639,80.1785202026,43242,43252,10
12.9191799164,80.1792678833,43252,43262,10
12.919500351,80.1802062988,43262,43272,10
12.9196996689,80.1810913086,43272,43282,10
12.919839859,80.1817932129,43282,43293,11
12.9199800491,80.1824417114,43293,43303,10
12.9201202393,80.1830825806,43303,43313,10
12.920249939,80.1836624146,43313,43323,10
12.9202699661,80.1838302612,43323,43333,10
12.9203596115,80.1841964722,43333,43343,10
12.9205303192,80.1848220825,43343,43353,10
12.9206600189,80.1852722168,43353,43363,10
12.9206600189,80.1852798462,43363,43373,10
12.9206695557,80.1855010986,43373,43383,10
12.9205503464,80.1859436035,43383,43393,10
12.9200801849,80.1865005493,43393,43404,11
12.9194898605,80.1872024536,43404,43414,10
12.9190101624,80.1877670288,43414,43424,10
12.9187002182,80.1881103516,43424,43434,10
12.9182300568,80.1885986328,43434,43444,10
12.9177398682,80.1892166138,43444,43454,10
12.9175100327,80.1901016235,43454,43464,10
12.9174003601,80.1908035278,43464,43474,10
12.9173002243,80.1914367676,43474,43484,10
12.9172401428,80.1922988892,43484,43494,10
12.9171600342,80.1928634644,43494,43511,17
12.9171600342,80.1928787231,43511,43523,12
12.917140007,80.1930465698,43523,43542,19
12.917140007,80.1930465698,43542,43553,11
12.9170999527,80.1931991577,43553,43563,10
12.9170503616,80.1934509277,43563,43573,10
12.9170398712,80.193611145,43573,43582,9
12.917090416,80.193977356,43582,43592,10
12.9173002243,80.1943893433,43592,43603,11
12.9178199768,80.1948776245,43603,43614,11
12.9184503555,80.1954574585,43614,43624,10
12.9189901352,80.1959533691,43624,43634,10
12.9196195602,80.1964187622,43634,43644,10
12.9204597473,80.1967163086,43644,43654,10
12.920999527,80.1968917847,43654,43664,10
12.9210100174,80.1968917847,43664,43674,10
12.9213600159,80.1970367432,43674,43684,10
12.921959877,80.1972503662,43684,43694,10
12.9228096008,80.1973800659,43694,43704,10
12.9233503342,80.1974411011,43704,43715,11
12.9235601425,80.197479248,43715,43725,10
12.9240999222,80.197517395,43725,43735,10
12.9248895645,80.1975097656,43735,43745,10
12.925330162,80.1975021362,43745,43755,10
12.9257097244,80.1975021362,43755,43765,10
12.9263401031,80.1975631714,43765,43775,10
12.9265003204,80.197593689,43775,43785,10
12.9268598557,80.1977386475,43785,43795,10
12.9273996353,80.1980819702,43795,43805,10
12.9279003143,80.1986923218,43805,43815,10
12.9282999039,80.1995391846,43815,43826,11
12.9284896851,80.2007293701,43826,43836,10
12.9285402298,80.201713562,43836,43846,10
12.9286899567,80.2025604248,43846,43856,10
12.9293804169,80.2026977539,43856,43866,10
12.9294595718,80.2027282715,43866,43876,10
12.9296798706,80.2027893066,43876,43886,10
12.9302597046,80.2028808594,43886,43896,10
12.9310398102,80.2030487061,43896,43906,10
12.9319601059,80.203338623,43906,43916,10
12.9327802658,80.2035903931,43916,43926,10
12.9334001541,80.2038269043,43926,43937,11
12.9339599609,80.2039108276,43937,43947,10
12.9339704514,80.2039108276,43947,43957,10
12.9340496063,80.2039489746,43957,43967,10
12.9344596863,80.2039718628,43967,43977,10
12.9350795746,80.2041168213,43977,43987,10
12.9357995987,80.2044219971,43987,43997,10
12.9364404678,80.2045974731,43997,44007,10
12.9370603561,80.204750061,44007,44017,10
12.9377603531,80.2049407959,44017,44027,10
12.9384899139,80.2051620483,44027,44038,11
12.9394197464,80.2054214478,44038,44048,10
12.9400100708,80.2055969238,44048,44058,10
12.9400596619,80.2056427002,44058,44068,10
12.9404602051,80.2057571411,44068,44078,10
12.9411201477,80.2060089111,44078,44088,10
12.9418201447,80.206451416,44088,44098,10
12.942440033,80.2069625854,44098,44108,10
12.9428796768,80.2074813843,44108,44118,10
12.9434404373,80.2080307007,44118,44128,10
12.9442195892,80.2083435059,44128,44138,10
12.9443798065,80.2083892822,44138,44149,11
12.9445199966,80.2084503174,44149,44159,10
12.9449596405,80.2086105347,44159,44169,10
12.9456396103,80.2088623047,44169,44179,10
12.9464197159,80.2091674805,44179,44189,10
12.94713974,80.2094421387,44189,44199,10
12.947810173,80.2097091675,44199,44209,10
12.94851017,80.2099761963,44209,44219,10
12.9492998123,80.2102966309,44219,44229,10
12.9502897263,80.2106933594,44229,44239,10
12.9516096115,80.2112197876,44239,44250,11
12.9528303146,80.2116928101,44250,44260,10
12.9537200928,80.212059021,44260,44270,10
12.9547595978,80.2124710083,44270,44280,10
12.9557199478,80.2128372192,44280,44290,10
12.9563703537,80.2130813599,44290,44300,10
12.9569301605,80.2133102417,44300,44310,10
12.9576702118,80.2136230469,44310,44320,10
12.9585895538,80.2139816284,44320,44330,10
12.959400177,80.214302063,44330,44340,10
12.9601202011,80.2146072388,44340,44350,10
12.9609298706,80.2149276733,44350,44361,11
12.9620103836,80.21534729,44361,44371,10
12.963060379,80.2157669067,44371,44381,10
12.9636802673,80.2160263062,44381,44391,10
12.96434021,80.2163009644,44391,44401,10
12.9651203156,80.2166366577,44401,44411,10
12.9658899307,80.2169265747,44411,44421,10
12.9665603638,80.2172012329,44421,44431,10
12.9672403336,80.2174682617,44431,44441,10
12.9678602219,80.2177200317,44441,44451,10
12.9687700272,80.2180709839,44451,44461,10
12.9699296951,80.2185211182,44461,44472,11
12.9710302353,80.2189102173,44472,44482,10
12.9712200165,80.2189788818,44482,44492,10
12.9715595245,80.2191619873,44492,44502,10
12.9721403122,80.2194137573,44502,44512,10
12.9729003906,80.2197189331,44512,44522,10
12.9737997055,80.2200698853,44522,44532,10
12.9746704102,80.2204437256,44532,44593,61
12.9746704102,80.2204437256,44593,44603,10
12.9749403,80.2206420898,44603,44613,10
12.9752101898,80.2207489014,44613,44623,10
12.9755601883,80.220916748,44623,44639,16
12.9759502411,80.2212905884,44639,44661,22
12.9759502411,80.2212905884,44661,44671,10
12.9763402939,80.2212982178,44671,44681,10
12.9769201279,80.2212982178,44681,44692,11
12.9778404236,80.2212600708,44692,44702,10
12.9786100388,80.2211990356,44702,44712,10
12.9792804718,80.2211227417,44712,44722,10
12.9798803329,80.2210922241,44722,44731,9
12.9805698395,80.2210388184,44731,44742,11
12.9811697006,80.2210769653,44742,44752,10
12.9816799164,80.2213821411,44752,44762,10
12.9819898605,80.2215881348,44762,44772,10
12.9821901321,80.2216796875,44772,44782,10
12.9826097488,80.2218399048,44782,44803,21
12.9826097488,80.2218399048,44803,44813,10
12.9827404022,80.2219161987,44813,44823,10
12.9828395844,80.2219467163,44823,44833,10
12.9831399918,80.222076416,44833,44843,10
12.9834699631,80.2223129272,44843,44853,10
12.9840202332,80.2226104736,44853,44863,10
12.9846000671,80.2229537964,44863,44873,10
12.9849596024,80.22315979,44873,44883,10
12.985250473,80.2232666016,44883,44894,11
12.985710144,80.2230072021,44894,44904,10
12.9863100052,80.2229766846,44904,44914,10
12.986749649,80.2230300903,44914,44924,10
12.987039566,80.2230529785,44924,44934,10
12.9871797562,80.2230834961,44934,44944,10
12.9874200821,80.2230987549,44944,44954,10
12.9879198074,80.2229614258,44954,44964,10
12.9885196686,80.2224807739,44964,44974,10
12.9891004562,80.2218017578,44974,44984,10
12.9895601273,80.2211532593,44984,45001,17
12.9903697968,80.2203903198,45001,45013,12
12.9904603958,80.2203063965,45013,45021,8
12.9905595779,80.2202301025,45021,45033,12
12.9908704758,80.2200012207,45033,45043,10
12.9914398193,80.2195663452,45043,45053,10
12.9920902252,80.2191162109,45053,45062,9
12.9926795959,80.2186965942,45062,45073,11
12.9936304092,80.2180023193,45073,45083,10
12.9941797256,80.2176132202,45083,45093,10
12.9947004318,80.2172317505,45093,45103,10
12.9951400757,80.2169189453,45103,45114,11
12.9957399368,80.2166595459,45114,45124,10
12.9964799881,80.216506958,45124,45134,10
12.9971399307,80.2164230347,45134,45144,10
12.9975404739,80.2160568237,45144,45154,10
12.9975700378,80.2160568237,45154,45164,10
12.9978599548,80.2158432007,45164,45174,10
12.9982995987,80.215461731,45174,45184,10
12.9989404678,80.2149200439,45184,45194,10
12.999250412,80.2146530151,45194,45204,10
12.9996900558,80.2142562866,45204,45215,11
13.0002098083,80.2137908936,45215,45225,10
13.0007095337,80.2133407593,45225,45235,10
13.0012197495,80.212928772,45235,45245,10
13.0018196106,80.2124786377,45245,45255,10
13.0025196075,80.2121200562,45255,45265,10
13.0032300949,80.2120819092,45265,45275,10
13.003780365,80.2119903564,45275,45285,10
13.0043001175,80.2121505737,45285,45295,10
13.0048904419,80.2124481201,45295,45305,10
13.0054197311,80.2127532959,45305,45315,10
13.0060997009,80.2127838135,45315,45326,11
13.0070199966,80.2127380371,45326,45336,10
13.0076799393,80.2129135132,45336,45346,10
13.0077295303,80.2129516602,45346,45356,10
13.0078401566,80.2130584717,45356,45366,10
13.0079402924,80.213142395,45366,45376,10
13.0083503723,80.2133331299,45376,45386,10
13.0088396072,80.2138214111,45386,45396,10
13.0094003677,80.2145690918,45396,45406,10
13.0099000931,80.2152633667,45406,45416,10
13.0103702545,80.2159118652,45416,45427,11
13.0107498169,80.2167129517,45427,45437,10
13.011059761,80.2174682617,45437,45447,10
13.0114498138,80.218536377,45447,45457,10
13.0118198395,80.2196807861,45457,45467,10
13.012140274,80.2205886841,45467,45477,10
13.0124397278,80.2213363647,45477,45487,10
13.0126399994,80.2215576172,45487,45497,10
13.0129499435,80.2220230103,45497,45507,10
13.0133104324,80.2224731445,45507,45517,10
13.0137195587,80.2229919434,45517,45527,10
13.013999939,80.2233581543,45527,45538,11
13.0142097473,80.2235870361,45538,45548,10
13.0145597458,80.2239990234,45548,45558,10
13.0149803162,80.2245483398,45558,45568,10
13.0153999329,80.2249832153,45568,45578,10
13.0156097412,80.2251281738,45578,45588,10
13.0159797668,80.2253265381,45588,45598,10
13.016699791,80.2252807617,45598,45608,10
13.0176095963,80.224899292,45608,45618,10
13.0186595917,80.2244796753,45618,45635,17
13.0197296143,80.2245483398,45635,45647,12
13.0202798843,80.2249526978,45647,45655,8
13.0207901001,80.2253112793,45655,45665,10
13.0213699341,80.2257919312,45665,45675,10
13.0219402313,80.2261810303,45675,45686,11
13.0220499039,80.2262878418,45686,45697,11
13.0223703384,80.2265930176,45697,45709,12
13.022939682,80.2271118164,45709,45716,7
13.0233602524,80.2275085449,45716,45730,14
13.024020195,80.2280807495,45730,45740,10
13.0242300034,80.2283172607,45740,45751,11
13.0245399475,80.2287826538,45751,45761,10
13.0248603821,80.2292098999,45761,45771,10
13.0252895355,80.2297592163,45771,45781,10
13.025639534,80.2302474976,45781,45791,10
13.0256996155,80.2303237915,45791,45801,10
13.025759697,80.2305297852,45801,45824,23
13.0260295868,80.231338501,45824,45836,12
13.0266599655,80.2312011719,45836,45846,10
13.0272502899,80.231048584,45846,45856,10
13.0279102325,80.2309570313,45856,45867,11
13.0283203125,80.2309188843,45867,45876,9
13.0283498764,80.2309188843,45876,45887,11
13.0285902023,80.2309417725,45887,45897,10
13.0291099548,80.2308883667,45897,45926,29
13.0291099548,80.2308883667,45926,45937,11
13.0291500092,80.2308807373,45937,45947,10
13.0294704437,80.2308273315,45947,45957,10
13.0299797058,80.2307815552,45957,45968,11
13.0305404663,80.2307281494,45968,45978,10
13.0308198929,80.2306976318,45978,45988,10
13.0318098068,80.2306289673,45988,46048,60
13.0318098068,80.2306289673,46048,46058,10
13.0319499969,80.2306518555,46058,46069,11
13.0323200226,80.2306137085,46069,46079,10
13.0327596664,80.2305679321,46079,46088,9
13.0332202911,80.2305297852,46088,46159,71
13.0332202911,80.2305297852,46159,46169,10
13.0333900452,80.2304916382,46169,46180,11
13.0336799622,80.2304382324,46180,46190,10
13.0341396332,80.2304077148,46190,46200,10
13.0347003937,80.2303237915,46200,46210,10
13.034910202,80.2299728394,46210,46503,293
13.0345497131,80.229927063,46503,47280,777
13.0344200134,80.2298583984,47280,47381,101
13.0345096588,80.2299194336,47381,47835,454
13.0345096588,80.2299194336,47835,47845,10
13.0341796875,80.2301101685,47845,47906,61
13.0341796875,80.2301101685,47906,47916,10
13.0340299606,80.2304534912,47916,47926,10
13.0336704254,80.2304229736,47926,47936,10
13.0330295563,80.23046875,47936,47946,10
13.0322799683,80.2305526733,47946,47956,10
13.0316095352,80.2306213379,47956,47966,10
13.0309200287,80.2306976318,47966,47976,10
13.030500412,80.2307434082,47976,47986,10
13.0300703049,80.2307662964,47986,47997,11
13.0297203064,80.2308578491,47997,48007,10
13.0295200348,80.2308807373,48007,48017,10
13.0290403366,80.2308807373,48017,48027,10
13.0284004211,80.2309188843,48027,48037,10
13.0277900696,80.2309875488,48037,48053,16
13.027680397,80.231552124,48053,48065,12
13.0277395248,80.232208252,48065,48075,10
13.0278100967,80.2327804565,48075,48085,10
13.0271596909,80.2329406738,48085,48116,31
13.0271596909,80.2329406738,48116,48127,11
13.0269002914,80.2329788208,48127,48137,10
13.0266103745,80.2330093384,48137,48147,10
13.026309967,80.2326126099,48147,48157,10
13.0261001587,80.2319107056,48157,48167,10
13.0258598328,80.2310180664,48167,48177,10
13.0254201889,80.2300796509,48177,48187,10
13.0248003006,80.2292327881,48187,48197,10
13.0246200562,80.2289886475,48197,48208,11
13.0243797302,80.2286834717,48208,48218,10
13.0241003036,80.2282791138,48218,48228,10
13.023639679,80.2277297974,48228,48237,9
13.0231103897,80.2274017334,48237,48288,51
13.0231103897,80.2274017334,48288,48298,10
13.0227203369,80.2271270752,48298,48308,10
13.0226097107,80.226852417,48308,48319,11
13.0222501755,80.2265167236,48319,48329,10
13.0216703415,80.2260818481,48329,48339,10
13.0210599899,80.2255783081,48339,48349,10
13.0203895569,80.2250900269,48349,48359,10
13.0197896957,80.2246704102,48359,48369,10
13.0190000534,80.2244415283,48369,48379,10
13.0180597305,80.2247619629,48379,48389,10
13.0171403885,80.2251586914,48389,48399,10
13.0164804459,80.2254180908,48399,48409,10
13.0162296295,80.2255172729,48409,48420,11
13.0156803131,80.2257003784,48420,48430,10
13.0149898529,80.225982666,48430,48440,10
13.01445961,80.2261962891,48440,48450,10
13.0144300461,80.2262191772,48450,48460,10
13.0143003464,80.2262573242,48460,48470,10
13.0138702393,80.2264099121,48470,48486,16
13.0128002167,80.2268218994,48486,48498,12
13.0117797852,80.2272872925,48498,48506,8
13.0109596252,80.2276229858,48506,48518,12
13.0099401474,80.2279434204,48518,48529,11
13.0095701218,80.2275466919,48529,48539,10
13.0098400116,80.2270278931,48539,48549,10
13.0101699829,80.2263183594,48549,48559,10
13.0105600357,80.2254867554,48559,48569,10
13.0109300613,80.2246017456,48569,48579,10
13.0111398697,80.2240524292,48579,48588,9
13.0111904144,80.2238006592,48588,48599,11
13.0113801956,80.2231674194,48599,48609,10
13.0117101669,80.2224807739,48609,48619,10
13.0120897293,80.2217788696,48619,48629,10
13.0122404099,80.2213897705,48629,48639,10
13.0121603012,80.2208633423,48639,48650,11
13.0118904114,80.2200393677,48650,48660,10
13.0115995407,80.2192306519,48660,48670,10
13.0113401413,80.2184524536,48670,48680,10
13.0110502243,80.2175979614,48680,48690,10
13.0106601715,80.2167816162,48690,48700,10
13.0102796555,80.2161026001,48700,48709,9
13.0099802017,80.2154769897,48709,48721,12
13.0092897415,80.2144775391,48721,48730,9
13.0088300705,80.2138214111,48730,48742,12
13.0082502365,80.2133407593,48742,48812,70
13.0082502365,80.2133407593,48812,48822,10
13.0078296661,80.2130737305,48822,48832,10
13.0074796677,80.2128601074,48832,48843,11
13.0069303513,80.2127685547,48843,48853,10
13.0062999725,80.2127914429,48853,48863,10
13.0056495667,80.2129135132,48863,48872,9
13.0050201416,80.2125320435,48872,48883,11
13.0040903091,80.2121200562,48883,48894,11
13.0033903122,80.212059021,48894,48904,10
13.0033397675,80.212059021,48904,48914,10
13.0031604767,80.2120819092,48914,48924,10
13.002699852,80.2120819092,48924,48934,10
13.0025596619,80.2121276855,48934,48944,10
13.0021800995,80.2123031616,48944,48955,11
13.0015897751,80.2127075195,48955,48965,10
13.0010204315,80.2131500244,48965,48975,10
13.0004196167,80.2136993408,48975,48985,10
12.9998397827,80.2142410278,48985,48995,10
12.9994401932,80.2145767212,48995,49005,10
12.9991197586,80.2148590088,49005,49015,10
12.9988603592,80.2150802612,49015,49025,10
12.9983997345,80.2155227661,49025,49035,10
12.9974298477,80.2163696289,49035,49055,20
12.9974298477,80.2163696289,49055,49066,11
12.9972600937,80.2165298462,49066,49076,10
12.9968996048,80.2165679932,49076,49086,10
12.996339798,80.2166366577,49086,49096,10
12.9955997467,80.2168502808,49096,49106,10
12.994799614,80.2173233032,49106,49117,11
12.9940004349,80.217880249,49117,49128,11
12.9932804108,80.2183303833,49128,49138,10
12.9924697876,80.2188796997,49138,49148,10
12.9916696548,80.2194595337,49148,49158,10
12.9909000397,80.2200622559,49158,49179,21
12.9909000397,80.2200622559,49179,49189,10
12.9906196594,80.2202835083,49189,49199,10
12.9903202057,80.2205734253,49199,49209,10
12.9898195267,80.2210922241,49209,49218,9
12.9893102646,80.2216796875,49218,49229,11
12.9885797501,80.2224578857,49229,49239,10
12.9879398346,80.2229690552,49239,49249,10
12.9873199463,80.2230606079,49249,49259,10
12.9868497849,80.2229995728,49259,49270,11
12.9860897064,80.2229537964,49270,49280,10
12.9854803085,80.2232666016,49280,49290,10
12.9848899841,80.2231292725,49290,49300,10
12.9842996597,80.2228088379,49300,49310,10
12.9837303162,80.2224884033,49310,49330,20
12.9837303162,80.2224884033,49330,49340,10
12.9833498001,80.2222671509,49340,49360,20
12.9833498001,80.2222671509,49360,49370,10
12.9830503464,80.2220535278,49370,49381,11
12.9825496674,80.2218475342,49381,49391,10
12.982219696,80.2217330933,49391,49401,10
12.982000351,80.2216415405,49401,49411,10
12.9816503525,80.2213973999,49411,49421,10
12.981089592,80.2210769653,49421,49431,10
12.9803199768,80.2210693359,49431,49441,10
12.9795598984,80.2211227417,49441,49451,10
12.9787597656,80.2211685181,49451,49461,10
12.9780502319,80.2211990356,49461,49471,10
12.9775800705,80.2212371826,49471,49480,9
12.9769601822,80.2212677002,49480,49492,12
12.9762601852,80.2212600708,49492,49502,10
12.9761800766,80.221282959,49502,49512,10
12.9759397507,80.2212982178,49512,49522,10
12.9759397507,80.2212905884,49522,49532,10
12.9757900238,80.2211608887,49532,49542,10
12.9757404327,80.2210998535,49542,49552,10
12.9755496979,80.2209472656,49552,49562,10
12.9751796722,80.220703125,49562,49572,10
12.97453022,80.2203903198,49572,49582,10
12.9737300873,80.2200317383,49582,49593,11
12.9728097916,80.2197036743,49593,49603,10
12.9712600708,80.2192001343,49603,49623,20
12.9712600708,80.2192001343,49623,49633,10
12.971039772,80.2191619873,49633,49643,10
12.9706697464,80.218963623,49643,49653,10
12.9700498581,80.2186813354,49653,49663,10
12.9693698883,80.2184066772,49663,49673,10
12.9686899185,80.2181396484,49673,49683,10
12.9680099487,80.2178726196,49683,49693,10
12.9673204422,80.2175979614,49693,49704,11
12.9663200378,80.2172012329,49704,49714,10
12.9651498795,80.2167282104,49714,49724,10
12.9640398026,80.2162628174,49724,49734,10
12.9634199142,80.2159805298,49734,49744,10
12.9628801346,80.2157363892,49744,49754,10
12.9625501633,80.215637207,49754,49764,10
12.9620103836,80.2154388428,49764,49774,10
12.9613199234,80.2151565552,49774,49784,10
12.9604997635,80.2148284912,49784,49794,10
12.9595098495,80.2144393921,49794,49805,11
12.9583396912,80.2139511108,49805,49815,10
12.9572496414,80.2135162354,49815,49825,10
12.9562196732,80.2130889893,49825,49835,10
12.9551401138,80.2126998901,49835,49845,10
12.9541301727,80.2123031616,49845,49855,10
12.9531698227,80.2119064331,49855,49865,10
12.9520998001,80.2114868164,49865,49874,9
12.9511404037,80.2111206055,49874,49885,11
12.9499702454,80.2106628418,49885,49894,9
12.949139595,80.2103271484,49894,49905,11
12.9481801987,80.2099609375,49905,49916,11
12.9470300674,80.2094802856,49916,49926,10
12.9458198547,80.2090072632,49926,49936,10
12.9442396164,80.2083969116,49936,49956,20
12.9442396164,80.2083969116,49956,49966,10
12.943980217,80.2082595825,49966,49976,10
12.9434995651,80.2080688477,49976,49986,10
12.9429397583,80.2076416016,49986,49996,10
12.9423999786,80.2069778442,49996,50006,10
12.9416503906,80.2063674927,50006,50017,11
12.9409599304,80.2059783936,50017,50027,10
12.9409103394,80.2059707642,50027,50037,10
12.940580368,80.2058410645,50037,50047,10
12.9399995804,80.2056503296,50047,50057,10
12.9393100739,80.2054367065,50057,50067,10
12.9385700226,80.2052078247,50067,50077,10
12.9378299713,80.2050018311,50077,50087,10
12.9370298386,80.2047729492,50087,50097,10
12.9360904694,80.2045135498,50097,50107,10
12.9352502823,80.2042007446,50107,50117,10
12.934510231,80.2039871216,50117,50128,11
12.9336996078,80.2039413452,50128,50148,20
12.9336996078,80.2039413452,50148,50158,10
12.9335002899,80.2039337158,50158,50168,10
12.93309021,80.2038192749,50168,50178,10
12.932849884,80.2036895752,50178,50188,10
12.932390213,80.2035217285,50188,50198,10
12.9317398071,80.2033081055,50198,50208,10
12.9309997559,80.2030563354,50208,50218,10
12.9302797318,80.2028884888,50218,50228,10
12.9296703339,80.2028198242,50228,50239,11
12.9294099808,80.2027816772,50239,50249,10
12.9292802811,80.2027587891,50249,50259,10
12.9288902283,80.2026672363,50259,50269,10
12.9284801483,80.2023620605,50269,50279,10
12.9284496307,80.2017974854,50279,50295,16
12.9284200668,80.200668335,50295,50307,12
12.9282398224,80.1995162964,50307,50317,10
12.9277801514,80.1985397339,50317,50327,10
12.9269399643,80.1978225708,50327,50337,10
12.926199913,80.1975784302,50337,50348,11
12.9261598587,80.1975784302,50348,50356,8
12.9259395599,80.1975402832,50356,50368,12
12.9254398346,80.197517395,50368,50378,10
12.9251499176,80.197517395,50378,50388,10
12.9245595932,80.197517395,50388,50398,10
12.9238595963,80.197517395,50398,50408,10
12.9230604172,80.1974411011,50408,50418,10
12.9222297668,80.1973419189,50418,50428,10
12.9219303131,80.1972808838,50428,50438,10
12.9215497971,80.1971435547,50438,50449,11
12.9208803177,80.1968994141,50449,50459,10
12.9201803207,80.1966400146,50459,50469,10
12.9194803238,80.1963806152,50469,50479,10
12.9190196991,80.1960601807,50479,50489,10
12.9186697006,80.1957473755,50489,50499,10
12.9181804657,80.1952819824,50499,50509,10
12.9176101685,80.1947631836,50509,50519,10
12.917140007,80.1942520142,50519,50529,10
12.9170198441,80.1939315796,50529,50539,10
12.9169998169,80.1932983398,50539,50549,10
12.917090416,80.1925430298,50549,50560,11
12.9171895981,80.1917190552,50560,50570,10
12.9172496796,80.1913299561,50570,50580,10
12.91726017,80.1913223267,50580,50590,10
12.9173402786,80.1911392212,50590,50600,10
12.9173603058,80.1906890869,50600,50610,10
12.9174404144,80.1900024414,50610,50620,10
12.9176998138,80.1892318726,50620,50630,10
12.9182500839,80.1884384155,50630,50640,10
12.9188995361,80.1877288818,50640,50650,10
12.9195699692,80.1869735718,50650,50660,10
12.9203395844,80.186088562,50660,50671,11
12.9205102921,80.1849822998,50671,50681,10
12.9202604294,80.1839065552,50681,50691,10
12.9200296402,80.1829299927,50691,50701,10
12.9199199677,80.1825332642,50701,50711,10
12.9198999405,80.1824035645,50711,50727,16
12.9196901321,80.1814804077,50727,50739,12
12.9194898605,80.1804885864,50739,50748,9
12.9192895889,80.1796188354,50748,50759,11
12.9186601639,80.1786575317,50759,50769,10
12.9181900024,80.1776733398,50769,50780,11
12.9183797836,80.1765213013,50780,50790,10
12.9186201096,80.1754684448,50790,50800,10
12.9188804626,80.1743392944,50800,50810,10
12.9191598892,80.1732025146,50810,50820,10
12.9194402695,80.172203064,50820,50830,10
12.9197797775,80.1709976196,50830,50850,20
12.9197797775,80.1709976196,50850,50860,10
12.9199199677,80.1706085205,50860,50870,10
12.9201498032,80.1699066162,50870,50881,11
12.9204797745,80.1688919067,50881,50891,10
12.9208402634,80.1677627563,50891,50901,10
12.9212303162,80.166557312,50901,50911,10
12.921620369,80.1653594971,50911,50921,10
12.9219999313,80.1641998291,50921,50931,10
12.9223299026,80.1630706787,50931,50953,22
12.9230804443,80.160697937,50953,50965,12
12.9233703613,80.1593933105,50965,50973,8
12.9234600067,80.1584014893,50973,50984,11
12.9235801697,80.1570510864,50984,50996,12
12.9236097336,80.1556472778,50996,51006,10
12.9233503342,80.1548233032,51006,51016,10
12.9233198166,80.1547012329,51016,51026,10
12.9233102798,80.1546478271,51026,51036,10
12.9232501984,80.154296875,51036,51046,10
12.9231004715,80.1536865234,51046,51056,10
12.9228897095,80.1529083252,51056,51065,9
12.9226903915,80.1521606445,51065,51075,10
12.9226503372,80.1519317627,51075,51086,11
12.9226703644,80.1515274048,51086,51097,11
12.9226503372,80.1507110596,51097,51107,10
12.9226303101,80.1497268677,51107,51117,10
12.9225597382,80.1486129761,51117,51127,10
12.9225597382,80.1475219727,51127,51137,10
12.922539711,80.1469268799,51137,51147,10
12.922539711,80.1467590332,51147,51157,10
12.9225301743,80.1463012695,51157,51167,10
12.9225301743,80.1456069946,51167,51177,10
12.9224996567,80.14478302,51177,51187,10
12.9224796295,80.1438369751,51187,51197,10
12.9224500656,80.1428909302,51197,51214,17
12.9223804474,80.1417999268,51214,51226,12
12.922369957,80.1413726807,51226,51236,10
12.922369957,80.1413192749,51236,51246,10
12.9223804474,80.1408004761,51246,51256,10
12.9223899841,80.1405792236,51256,51266,10
12.9223899841,80.1403427124,51266,51276,10
12.922369957,80.1397705078,51276,51286,10
12.922369957,80.1390380859,51286,51296,10
12.9224500656,80.1381912231,51296,51306,10
12.9224796295,80.1371536255,51306,51316,10
12.922539711,80.1360015869,51316,51327,11
12.9225702286,80.1347732544,51327,51337,10
12.9226303101,80.1336212158,51337,51347,10
12.9226503372,80.1325683594,51347,51357,10
12.9226799011,80.1315765381,51357,51367,10
12.9226903915,80.1310424805,51367,51377,10
12.9227104187,80.130821228,51377,51387,10
12.9227399826,80.1303100586,51387,51397,10
12.9227800369,80.1296234131,51397,51407,10
12.9228401184,80.1287918091,51407,51418,11
12.9228696823,80.1279067993,51418,51428,10
12.9228897095,80.1270217896,51428,51438,10
12.9229202271,80.1259765625,51438,51448,10
12.9229698181,80.1248321533,51448,51458,10
12.9230203629,80.1236572266,51458,51468,10
12.9230604172,80.1225585938,51468,51478,10
12.9231595993,80.1209869385,51478,51508,30
12.9231595993,80.1209869385,51508,51518,10
12.9231796265,80.1209030151,51518,51529,11
12.923210144,80.1205368042,51529,51539,10
12.9232597351,80.1201324463,51539,51549,10
12.9232997894,80.1195526123,51549,51559,10
12.9232997894,80.1187667847,51559,51569,10
12.9233999252,80.1178665161,51569,51579,10
12.9234600067,80.1170501709,51579,51599,20
12.9234600067,80.1170501709,51599,51609,10
12.9234800339,80.116897583,51609,51619,10
12.9235801697,80.1168136597,51619,51630,11
12.9235801697,80.1169891357,51630,51640,10
12.923500061,80.117401123,51640,51650,10
12.9236001968,80.1178894043,51650,51660,10
12.923500061,80.1185073853,51660,51670,10
12.92345047,80.1192169189,51670,51680,10
12.923330307,80.1199874878,51680,51690,10
12.9232597351,80.1207885742,51690,51700,10
12.9232997894,80.1211013794,51700,52703,1003
12.9232997894,80.1211013794,52703,52713,10
12.9232397079,80.1212310791,52713,52723,10
12.923210144,80.1215209961,52723,52733,10
12.9231700897,80.1220626831,52733,52743,10
12.9231500626,80.1228103638,52743,52753,10
12.9231100082,80.1237030029,52753,52763,10
12.9230604172,80.1247329712,52763,52773,10
12.9230003357,80.1255569458,52773,52783,10
12.9229898453,80.1256103516,52783,52793,10
12.9229898453,80.1259307861,52793,52803,10
12.9229602814,80.1265792847,52803,52814,11
12.9229202271,80.1274795532,52814,52824,10
12.9228897095,80.128288269,52824,52834,10
12.9228000641,80.1290969849,52834,52844,10
12.922750473,80.130027771,52844,52854,10
12.922750473,80.1309432983,52854,52864,10
12.9227600098,80.1312637329,52864,52874,10
12.9227399826,80.1315765381,52874,52884,10
12.9226999283,80.1321487427,52884,52894,10
12.922659874,80.1329574585,52894,52904,10
12.9226198196,80.1339569092,52904,52914,10
12.9225702286,80.1350708008,52914,52925,11
12.9225196838,80.1362533569,52925,52934,9
12.9224700928,80.1371994019,52934,52945,11
12.922419548,80.1383132935,52945,52955,10
12.9223604202,80.1394195557,52955,52965,10
12.9223604202,80.1404266357,52965,52975,10
12.9223804474,80.1415023804,52975,52985,10
12.9223899841,80.1424179077,52985,52995,10
12.922419548,80.1427307129,52995,53005,10
12.9224596024,80.1429367065,53005,53015,10
12.9225196838,80.1437225342,53015,53036,21
12.9225196838,80.1437225342,53036,53052,16
12.9224996567,80.1443634033,53052,53064,12
12.922539711,80.1453018188,53064,53074,10
12.9225902557,80.1460418701,53074,53084,10
12.9226198196,80.1471710205,53084,53094,10
12.9225997925,80.1481170654,53094,53104,10
12.9226198196,80.1491394043,53104,53114,10
12.922659874,80.1502990723,53114,53124,10
12.9227104187,80.1513214111,53124,53135,11
12.9227399826,80.1516799927,53135,53145,10
12.922750473,80.1519699097,53145,53155,10
12.9228401184,80.1524963379,53155,53165,10
12.9230003357,80.1531982422,53165,53175,10
12.9232196808,80.1540985107,53175,53185,10
12.9234199524,80.1547775269,53185,53195,10
12.9234600067,80.1548995972,53195,53205,10
12.9235401154,80.1553268433,53205,53215,10
12.9236803055,80.1560592651,53215,53225,10
12.9236297607,80.1570281982,53225,53235,10
12.9235095978,80.1581268311,53235,53252,17
12.9232997894,80.1603775024,53252,53274,22
12.9232997894,80.1603775024,53274,53284,10
12.9232501984,80.1605300903,53284,53294,10
12.9230899811,80.1609802246,53294,53304,10
12.9228601456,80.1616668701,53304,53312,8
12.9226303101,80.1623535156,53312,53324,12
12.9222402573,80.1636276245,53324,53334,10
12.9218597412,80.1647567749,53334,53344,10
12.9214801788,80.1659164429,53344,53354,10
12.9211101532,80.1670684814,53354,53365,11
12.9207201004,80.168296814,53365,53375,10
12.9203701019,80.169418335,53375,53385,10
12.9200496674,80.1705169678,53385,53395,10
12.9198999405,80.171043396,53395,53405,10
12.919839859,80.1712188721,53405,53415,10
12.919670105,80.1717376709,53415,53425,10
12.9194698334,80.172492981,53425,53435,10
12.9192199707,80.1733398438,53435,53445,10
12.9189596176,80.1743392944,53445,53456,11
12.918680191,80.1755599976,53456,53466,10
12.918419838,80.1766204834,53466,53476,10
12.9182500839,80.1777572632,53476,53486,10
12.9187698364,80.1787109375,53486,53496,10
12.9193000793,80.1794662476,53496,53506,10
12.919549942,80.1806182861,53506,53516,10
12.9197998047,80.1817626953,53516,53526,10
12.9200401306,80.1828613281,53526,53536,10
12.9202804565,80.1837005615,53536,53546,10
12.9203300476,80.1838378906,53546,53556,10
12.9203901291,80.1840133667,53556,53567,11
12.9204597473,80.1845016479,53567,53577,10
12.9206104279,80.1851730347,53577,53587,10
12.9206800461,80.1854019165,53587,53597,10
12.9206800461,80.1855392456,53597,53607,10
12.9205703735,80.1859436035,53607,53617,10
12.9201097488,80.1864929199,53617,53627,10
12.9196395874,80.1870422363,53627,53637,10
12.919210434,80.1875,53637,53647,10
12.9187602997,80.1879806519,53647,53657,10
12.918299675,80.1884994507,53657,53667,10
12.9178304672,80.1890716553,53667,53678,11
12.9175100327,80.189956665,53678,53688,10
12.9174003601,80.1909179688,53688,53698,10
12.91726017,80.1918716431,53698,53708,10
12.9170999527,80.1930389404,53708,53728,20
12.9170999527,80.1930389404,53728,53738,10
12.9170703888,80.1932067871,53738,53748,10
12.917090416,80.1937408447,53748,53758,10
12.9172697067,80.1943511963,53758,53768,10
12.917840004,80.1948623657,53768,53779,11
12.9186096191,80.1955566406,53779,53789,10
12.9193696976,80.1962509155,53789,53799,10
12.9201002121,80.1965866089,53799,53809,10
12.9208402634,80.1968231201,53809,53819,10
12.9215202332,80.1970825195,53819,53829,10
12.9224300385,80.1973114014,53829,53839,10
12.9234199524,80.1974334717,53839,53849,10
12.9243602753,80.197479248,53849,53859,10
12.9251899719,80.1974563599,53859,53869,10
12.9254703522,80.1974563599,53869,53879,10
12.9259796143,80.1974716187,53879,53890,11
12.9266500473,80.1976165771,53890,53900,10
12.9273004532,80.1979827881,53900,53910,10
12.9278297424,80.1985397339,53910,53926,16
12.9283599854,80.1997833252,53926,53938,12
12.9284801483,80.2009506226,53938,53948,10
12.9285202026,80.2017288208,53948,53958,10
12.9287395477,80.2026062012,53958,53968,10
12.9293403625,80.2026977539,53968,53978,10
12.929400444,80.2027206421,53978,53988,10
12.929599762,80.2027816772,53988,53999,11
12.9300603867,80.2028274536,53999,54009,10
12.9304800034,80.2028884888,54009,54019,10
12.9309101105,80.2029876709,54019,54029,10
12.9312200546,80.203086853,54029,54039,10
12.9317998886,80.2032699585,54039,54049,10
12.932559967,80.2035293579,54049,54059,10
12.9332895279,80.2037887573,54059,54069,10
12.9338903427,80.2038803101,54069,54079,10
12.9339399338,80.2038803101,54079,54089,10
12.9342603683,80.2039337158,54089,54100,11
12.9348402023,80.2040100098,54100,54110,10
12.9355096817,80.2042617798,54110,54120,10
12.9363498688,80.2045288086,54120,54130,10
12.9372596741,80.2048034668,54130,54140,10
12.9381799698,80.2050476074,54140,54150,10
12.9391002655,80.2053375244,54150,54160,10
12.9399299622,80.205581665,54160,54170,10
12.9400396347,80.205619812,54170,54180,10
12.9403800964,80.2057418823,54180,54190,10
12.9409704208,80.2059402466,54190,54200,10
12.941619873,80.2063217163,54200,54211,11
12.9423599243,80.2069015503,54211,54227,16
12.9433002472,80.2079315186,54227,54239,12
12.944270134,80.2083206177,54239,54259,20
12.944270134,80.2083206177,54259,54269,10
12.9443502426,80.2083587646,54269,54279,10
12.9447402954,80.2085037231,54279,54289,10
12.9453401566,80.2087173462,54289,54299,10
12.9462003708,80.2090530396,54299,54309,10
12.946969986,80.2093582153,54309,54320,11
12.9476699829,80.2096481323,54320,54330,10
12.948220253,80.2098693848,54330,54340,10
12.9488801956,80.2101211548,54340,54350,10
12.949760437,80.2104721069,54350,54360,10
12.9507398605,80.2108612061,54360,54370,10
12.9519500732,80.2113494873,54370,54380,10
12.9530696869,80.2117767334,54380,54389,9
12.9540700912,80.2121963501,54389,54399,10
12.9551801682,80.2126464844,54399,54410,11
12.9563798904,80.2130966187,54410,54420,10
12.9574604034,80.2135162354,54420,54431,11
12.9586496353,80.2139968872,54431,54441,10
12.9596996307,80.2144317627,54441,54451,10
12.9607801437,80.2148590088,54451,54461,10
12.9618797302,80.2153015137,54461,54471,10
12.96296978,80.2157211304,54471,54481,10
12.9638900757,80.2161102295,54481,54491,10
12.9648799896,80.2165374756,54491,54501,10
12.9659004211,80.2169265747,54501,54511,10
12.9667701721,80.2172927856,54511,54521,10
12.9675397873,80.217590332,54521,54532,11
12.9683198929,80.2179107666,54532,54542,10
12.969209671,80.2182388306,54542,54552,10
12.9702796936,80.2186584473,54552,54562,10
12.9710998535,80.2189407349,54562,54572,10
12.971280098,80.2190093994,54572,54582,10
12.9715900421,80.2191390991,54582,54592,10
12.9720697403,80.219367981,54592,54602,10
12.9727602005,80.2196502686,54602,54612,10
12.9735603333,80.2199630737,54612,54622,10
12.9742803574,80.2202682495,54622,54632,10
12.9749898911,80.2205581665,54632,54653,21
12.9749898911,80.2205581665,54653,54663,10
12.9753303528,80.2206802368,54663,54673,10
12.9755601883,80.2208480835,54673,54683,10
12.9761400223,80.2212371826,54683,54703,20
12.9761400223,80.2212371826,54703,54713,10
12.9763803482,80.2212371826,54713,54723,10
12.9768600464,80.2212295532,54723,54733,10
12.9774599075,80.2212219238,54733,54744,11
12.9781303406,80.2211380005,54744,54754,10
12.9789400101,80.2210617065,54754,54764,10
12.9799699783,80.2210693359,54764,54773,9
12.9806995392,80.2209472656,54773,54784,11
12.9814395905,80.2211990356,54784,54794,10
12.9820203781,80.2215576172,54794,54804,10
12.9824399948,80.2217407227,54804,54814,10
12.9825201035,80.2217788696,54814,54824,10
12.9830904007,80.2220611572,54824,54834,10
12.9835300446,80.2223434448,54834,54844,10
12.9842596054,80.2227325439,54844,54855,11
12.9850702286,80.2231369019,54855,54865,10
12.9856500626,80.2229690552,54865,54875,10
12.9862804413,80.2229232788,54875,54891,16
12.9870004654,80.2230224609,54891,54903,12
12.9875402451,80.2230300903,54903,54913,10
12.987859726,80.2228775024,54913,54922,9
12.9883098602,80.2225189209,54922,54933,11
12.9889001846,80.2219619751,54933,54943,10
12.98939991,80.221321106,54943,54953,10
12.9904098511,80.2203063965,54953,54974,21
12.9904098511,80.2203063965,54974,54984,10
12.9907302856,80.2201080322,54984,54994,10
12.9911203384,80.2197723389,54994,55004,10
12.9916601181,80.2193603516,55004,55014,10
12.9921703339,80.2189865112,55014,55024,10
12.9927902222,80.2185592651,55024,55034,10
12.9934196472,80.2180480957,55034,55044,10
12.9939899445,80.217628479,55044,55054,10
12.9943399429,80.2174072266,55054,55065,11
12.9944601059,80.2173690796,55065,55075,10
12.9947500229,80.2171783447,55075,55085,10
12.9952402115,80.2168426514,55085,55095,10
12.9957704544,80.2166137695,55095,55105,10
12.9959201813,80.2165603638,55105,55115,10
12.9960603714,80.2165374756,55115,55125,10
12.9964504242,80.2164764404,55125,55135,10
12.9970598221,80.2164077759,55135,55145,10
12.997469902,80.2161026001,55145,55162,17
12.9975996017,80.216003418,55162,55174,12
12.9979295731,80.2157211304,55174,55183,9
12.9983100891,80.2153015137,55183,55194,11
12.9989900589,80.2147216797,55194,55204,10
12.9992799759,80.2145080566,55204,55214,10
12.99958992,80.2141799927,55214,55224,10
13.0001096725,80.213760376,55224,55234,10
13.0006399155,80.2132797241,55234,55244,10
13.0010499954,80.2128601074,55244,55254,10
13.0013904572,80.2126235962,55254,55264,10
13.0018596649,80.2123184204,55264,55274,10
13.0023403168,80.2120819092,55274,55285,11
13.0029802322,80.2120132446,55285,55294,9
13.0034103394,80.2119598389,55294,55305,11
13.004119873,80.2120819092,55305,55314,9
13.0047397614,80.2123336792,55314,55325,11
13.0053596497,80.2126998901,55325,55335,10
13.0062103271,80.2127304077,55335,55345,10
13.0069704056,80.2126998901,55345,55355,10
13.0077199936,80.2129211426,55355,55375,20
13.0077199936,80.2129211426,55375,55386,11
13.0078601837,80.2130737305,55386,55396,10
13.0081501007,80.2132263184,55396,55406,10
13.0086603165,80.2136001587,55406,55416,10
13.0091695786,80.2142791748,55416,55417,1
13.0092201233,80.2143478394,55417,55418,1
13.0092802048,80.2144165039,55418,55469,51
13.0114202499,80.2184524536,55469,55479,10
13.0118198395,80.2196578979,55479,55489,10
13.0121603012,80.2208328247,55489,55500,11
13.0125598907,80.2218475342,55500,55510,10
13.0130500793,80.2224578857,55510,55520,10
13.0135202408,80.2229309082,55520,55530,10
13.0140399933,80.2234725952,55530,55540,10
13.0144796371,80.223991394,55540,55551,11
13.0150499344,80.2246627808,55551,55562,11
13.0154304504,80.2249221802,55562,55572,10
13.0155601501,80.2250289917,55572,55582,10
13.0159597397,80.2252807617,55582,55592,10
13.0166397095,80.2251968384,55592,55602,10
13.0174598694,80.224899292,55602,55613,11
13.0184497833,80.2245178223,55613,55623,10
13.0191402435,80.2243423462,55623,55633,10
13.0199298859,80.2246627808,55633,55643,10
13.0204401016,80.2250366211,55643,55653,10
13.0213804245,80.2257537842,55653,55663,10
13.0218801498,80.2260818481,55663,55673,10
13.0219202042,80.2260971069,55673,55683,10
13.0220098495,80.2261734009,55683,55693,10
13.0223503113,80.2264785767,55693,55703,10
13.0228700638,80.2269668579,55703,55714,11
13.0235204697,80.2275772095,55714,55724,10
13.0240497589,80.2280883789,55724,55746,22
13.0248498917,80.2291793823,55746,55758,12
13.0253601074,80.2298431396,55758,55768,10
13.0257701874,80.230506897,55768,55778,10
13.025970459,80.2310409546,55778,55788,10
13.0261096954,80.231300354,55788,55798,10
13.0264596939,80.2312316895,55798,55808,10
13.0271396637,80.2310714722,55808,55819,11
13.0278701782,80.2309494019,55819,55829,10
13.0283498764,80.2308502197,55829,55839,10
13.0286998749,80.230796814,55839,55859,20
13.0286998749,80.230796814,55859,55869,10
13.0289297104,80.2308425903,55869,55879,10
13.0292596817,80.230796814,55879,55889,10
13.0297603607,80.230758667,55889,55899,10
13.0302696228,80.2306976318,55899,55909,10
13.0306196213,80.230682373,55909,55919,10
13.0311203003,80.2306518555,55919,55930,11
13.0316400528,80.2305984497,55930,55940,10
13.0323400497,80.2305603027,55940,55950,10
13.0331401825,80.2305221558,55950,55960,10
13.0338602066,80.2304382324,55960,55970,10
13.0342998505,80.2304000854,55970,56017,47
13.0342998505,80.2304000854,56017,56028,11
13.0344295502,80.2303771973,56028,56039,11
13.0347204208,80.2302398682,56039,56069,30
13.0347204208,80.2302398682,56069,56079,10
13.0349597931,80.2300567627,56079,56089,10
13.0347900391,80.229927063,56089,56240,151
13.0344400406,80.2299118042,56240,56291,51
13.0346803665,80.2299804688,56291,56594,303
13.0346803665,80.2299804688,56594,56604,10
13.0343399048,80.2298736572,56604,56897,293
13.0341901779,80.23021698,56897,56957,60
13.0341901779,80.23021698,56957,56967,10
13.0339202881,80.230430603,56967,56977,10
13.0338602066,80.2304534912,56977,56988,11
13.033539772,80.2304611206,56988,56998,10
13.0333204269,80.2304534912,56998,57008,10
13.0329399109,80.2304992676,57008,57018,10
13.0324201584,80.2305603027,57018,57028,10
13.0317401886,80.2306289673,57028,57038,10
13.0310001373,80.2307128906,57038,57048,10
13.030500412,80.2307434082,57048,57058,10
13.0299396515,80.2307891846,57058,57078,20
13.0299396515,80.2307891846,57078,57089,11
13.029709816,80.2308502197,57089,57109,20
13.029709816,80.2308502197,57109,57119,10
13.0295495987,80.2308273315,57119,57129,10
13.0291700363,80.2308807373,57129,57139,10
13.0286397934,80.2309494019,57139,57149,10
13.0280103683,80.2309875488,57149,57159,10
13.0276403427,80.231086731,57159,57169,10
13.0276699066,80.2314834595,57169,57179,10
13.0277299881,80.2320022583,57179,57189,10
13.0278596878,80.2326431274,57189,57200,11
13.0272197723,80.2329025269,57200,57230,30
13.0272197723,80.2329025269,57230,57240,10
13.0270595551,80.233001709,57240,57250,10
13.0269098282,80.233001709,57250,57260,10
13.0266599655,80.2330322266,57260,57270,10
13.0263500214,80.2328109741,57270,57280,10
13.0261602402,80.2321624756,57280,57290,10
13.0259504318,80.2312774658,57290,57300,10
13.0255804062,80.2303619385,57300,57311,11
13.0249795914,80.2294921875,57311,57321,10
13.024600029,80.2289733887,57321,57331,10
13.0242500305,80.2285232544,57331,57341,10
13.0237598419,80.2279281616,57341,57351,10
13.0231895447,80.2275085449,57351,57361,10
13.0230302811,80.2273864746,57361,57381,20
13.0230302811,80.2273864746,57381,57391,10
13.0229101181,80.2272796631,57391,57401,10
13.0226697922,80.2270584106,57401,57417,16
13.0225000381,80.2267303467,57417,57430,13
13.021900177,80.2262268066,57430,57440,10
13.0212602615,80.2257385254,57440,57450,10
13.0204896927,80.225189209,57450,57459,9
13.0199804306,80.224861145,57459,57470,11
13.0194196701,80.2245330811,57470,57480,10
13.0185699463,80.2245864868,57480,57490,10
13.0175895691,80.2249832153,57490,57500,10
13.0165996552,80.2253799438,57500,57510,10
13.0159597397,80.2256164551,57510,57521,11
13.01541996,80.2258224487,57521,57531,10
13.0149202347,80.226020813,57531,57541,10
13.0145101547,80.2261581421,57541,57551,10
13.0144395828,80.2261810303,57551,57561,10
13.0143499374,80.2261962891,57561,57571,10
13.0139598846,80.2263565063,57571,57581,10
13.0133600235,80.2265930176,57581,57591,10
13.0126895905,80.2268218994,57591,57601,10
13.0119495392,80.2270965576,57601,57611,10
13.0111103058,80.2274398804,57611,57622,11
13.0102396011,80.2277679443,57622,57632,10
13.0096998215,80.227897644,57632,57642,10
13.0094900131,80.2275924683,57642,57652,10
13.0096597672,80.2271881104,57652,57662,10
13.0099401474,80.2265625,57662,57672,10
13.0102996826,80.225769043,57672,57682,10
13.0106401443,80.2249832153,57682,57692,10
13.0109300613,80.2244262695,57692,57702,10
13.0113401413,80.2234573364,57702,57733,31
13.0113401413,80.2234573364,57733,57743,10
13.0113801956,80.2232971191,57743,57753,10
13.0115404129,80.2229232788,57753,57763,10
13.0119400024,80.2218780518,57763,57813,50
13.0119400024,80.2218780518,57813,57823,10
13.0121202469,80.2215194702,57823,57833,10
13.0122098923,80.2213592529,57833,57844,11
13.012169838,80.220993042,57844,57854,10
13.0119800568,80.2203903198,57854,57864,10
13.0117301941,80.2195968628,57864,57874,10
13.0114498138,80.2187271118,57874,57884,10
13.0111198425,80.2177963257,57884,57894,10
13.0107297897,80.2169799805,57894,57904,10
13.0104198456,80.2163085938,57904,57914,10
13.0100498199,80.2156524658,57914,57924,10
13.0096597672,80.2149810791,57924,57934,10
13.0091400146,80.214302063,57934,57945,11
13.008649826,80.2136535645,57945,57975,30
13.008649826,80.2136535645,57975,57985,10
13.0085601807,80.2135467529,57985,58005,20
13.0085601807,80.2135467529,58005,58015,10
13.0083398819,80.2134017944,58015,58066,51
13.0079898834,80.2132415771,58066,58096,30
13.0079898834,80.2132415771,58096,58106,10
13.0077695847,80.2130432129,58106,58116,10
13.0074596405,80.2128601074,58116,58126,10
13.0070400238,80.2127914429,58126,58136,10
13.0063896179,80.2127838135,58136,58146,10
13.0056800842,80.2129821777,58146,58157,11
13.0048503876,80.2124633789,58157,58167,10
13.0037899017,80.2121124268,58167,58177,10
13.002869606,80.2121200562,58177,58187,10
13.0023097992,80.2122421265,58187,58197,10
13.001999855,80.212387085,58197,58207,10
13.0015096664,80.2127380371,58207,58217,10
13.0008897781,80.2132110596,58217,58227,10
13.0001497269,80.2138900757,58227,58237,10
12.9996099472,80.2143630981,58237,58247,10
12.999130249,80.2147903442,58247,58257,10
12.9988698959,80.2150268555,58257,58268,11
12.998339653,80.2154769897,58268,58278,10
12.9976997375,80.2160186768,58278,58288,10
12.9973402023,80.2163925171,58288,58298,10
12.9972696304,80.2164993286,58298,58308,10
12.9971103668,80.2165679932,58308,58318,10
12.9967803955,80.2165603638,58318,58328,10
12.9961795807,80.2166366577,58328,58338,10
12.9953804016,80.2168731689,58338,58348,10
12.9949197769,80.2171401978,58348,58364,16
12.9944400787,80.2174682617,58364,58377,13
12.993929863,80.2178497314,58377,58387,10
12.9934797287,80.218170166,58387,58396,9
12.9930696487,80.2184524536,58396,58407,11
12.9926996231,80.2187194824,58407,58417,10
12.9921398163,80.2191467285,58417,58427,10
12.9915399551,80.2195968628,58427,58437,10
12.9908103943,80.220123291,58437,58447,10
12.9907102585,80.2202224731,58447,58457,10
12.990480423,80.2203826904,58457,58467,10
12.9900102615,80.2207717896,58467,58478,11
12.9894399643,80.2214584351,58478,58488,10
12.9888401031,80.2221984863,58488,58498,10
12.9881095886,80.2228622437,58498,58508,10
12.9877300262,80.2230987549,58508,58518,10
12.9875602722,80.2231216431,58518,58528,10
12.9870700836,80.2230606079,58528,58538,10
12.9864196777,80.2229614258,58538,58548,10
12.9856500626,80.2230300903,58548,58558,10
12.9852399826,80.2232818604,58558,58568,10
12.9846897125,80.2230606079,58568,58578,10
12.9840898514,80.2226791382,58578,58589,11
12.9832000732,80.2221298218,58589,58609,20
12.9832000732,80.2221298218,58609,58619,10
12.9830303192,80.2219696045,58619,58629,10
12.982749939,80.221862793,58629,58639,10
12.9822797775,80.2217330933,58639,58649,10
12.9817800522,80.2214126587,58649,58659,10
12.9810600281,80.2210617065,58659,58669,10
12.9801397324,80.2210769653,58669,58679,10
12.9792995453,80.2211532593,58679,58690,11
12.9786596298,80.2211685181,58690,58700,10
12.9780502319,80.2211914063,58700,58710,10
12.9773101807,80.2212219238,58710,58720,10
12.976559639,80.2212219238,58720,58730,10
12.9762897491,80.2212219238,58730,58770,40
12.9762897491,80.2212219238,58770,58780,10
12.9761800766,80.2212600708,58780,58790,10
12.9759302139,80.221321106,58790,58801,11
12.975810051,80.221206665,58801,58811,10
12.9755601883,80.220993042,58811,58871,60
12.9755601883,80.220993042,58871,58881,10
12.975399971,80.2208023071,58881,58891,10
12.975060463,80.2206192017,58891,58902,11
12.9744701385,80.2203598022,58902,58912,10
12.9738397598,80.2201080322,58912,58922,10
12.9731302261,80.2198181152,58922,58932,10
12.9722604752,80.2195205688,58932,58942,10
12.9713602066,80.21925354,58942,58952,10
12.9710197449,80.2191696167,58952,58962,10
12.9710102081,80.2191619873,58962,58972,10
12.970700264,80.2189712524,58972,58982,10
12.9701700211,80.2187194824,58982,58998,16
12.9691400528,80.2182998657,58998,59011,13
12.968290329,80.217956543,59011,59021,10
12.9677696228,80.2177505493,59021,59031,10
12.9668798447,80.2173995972,59031,59041,10
12.9658403397,80.2169799805,59041,59048,7
12.9650201797,80.2166519165,59048,59061,13
12.9635696411,80.2160186768,59061,59071,10
12.9628896713,80.2157592773,59071,59081,10
12.9628601074,80.2157363892,59081,59091,10
12.9625196457,80.2156066895,59091,59101,10
12.961979866,80.2154006958,59101,59111,10
12.9612598419,80.2151031494,59111,59122,11
12.9603204727,80.2147369385,59122,59132,10
12.9593095779,80.2143325806,59132,59142,10
12.9582395554,80.2138900757,59142,59152,10
12.9572896957,80.2135009766,59152,59162,10
12.9563598633,80.2131271362,59162,59172,10
12.9553003311,80.2127380371,59172,59182,10
12.9541902542,80.2123031616,59182,59192,10
12.9530897141,80.2118606567,59192,59202,10
12.9519996643,80.21144104,59202,59212,10
12.9509296417,80.2110214233,59212,59222,10
12.9498996735,80.2106018066,59222,59233,11
12.9489002228,80.2101974487,59233,59243,10
12.9481601715,80.2098999023,59243,59253,10
12.9469995499,80.2094497681,59253,59263,10
12.9457197189,80.2089691162,59263,59273,10
12.9446802139,80.2085418701,59273,59282,9
12.9441604614,80.208366394,59282,59292,10
12.9441404343,80.208366394,59292,59303,11
12.9440202713,80.2082901001,59303,59313,10
12.9435901642,80.2080993652,59313,59323,10
12.9430599213,80.2077789307,59323,59334,11
12.9427604675,80.2073974609,59334,59343,9
12.9424695969,80.2070465088,59343,59354,11
12.9418897629,80.2065505981,59354,59364,10
12.9412403107,80.2061004639,59364,59374,10
12.9409303665,80.205947876,59374,59384,10
12.9409198761,80.2059402466,59384,59394,10
12.9406204224,80.2058334351,59394,59404,10
12.9401197433,80.2056732178,59404,59414,10
12.939620018,80.2055206299,59414,59424,10
12.9389600754,80.2053222656,59424,59435,11
12.9381904602,80.205078125,59435,59445,10
12.9375,80.2048873901,59445,59455,10
12.9367198944,80.2046737671,59455,59465,10
12.9357795715,80.2044067383,59465,59475,10
12.9349002838,80.2040328979,59475,59485,10
12.9340295792,80.2039413452,59485,59495,10
12.9337701797,80.2039337158,59495,59505,10
12.9337301254,80.203918457,59505,59515,10
12.933380127,80.2038574219,59515,59525,10
12.9328403473,80.2036514282,59525,59535,10
12.9321298599,80.2033996582,59535,59546,11
12.9312496185,80.2031021118,59546,59556,10
12.9303798676,80.20287323,59556,59574,18
12.9294595718,80.2027587891,59574,59586,12
12.9290599823,80.2026977539,59586,59596,10
12.9285402298,80.2025222778,59596,59606,10
12.9284601212,80.2018508911,59606,59616,10
12.9284200668,80.2009963989,59616,59626,10
12.9283704758,80.2000274658,59626,59636,10
12.9280395508,80.1990814209,59636,59647,11
12.9274997711,80.1981964111,59647,59657,10
12.9266395569,80.1976623535,59657,59667,10
12.9257898331,80.1975021362,59667,59677,10
12.925359726,80.1974868774,59677,59687,10
12.9249897003,80.197479248,59687,59697,10
12.9243497849,80.197479248,59697,59707,10
12.9236803055,80.1974716187,59707,59717,10
12.9232196808,80.1974411011,59717,59727,10
12.9228401184,80.1973724365,59727,59737,10
12.9222097397,80.1973114014,59737,59747,10
12.9220399857,80.1972808838,59747,59758,11
12.9217195511,80.1971817017,59758,59768,10
12.921210289,80.1969909668,59768,59778,10
12.9207401276,80.1968078613,59778,59788,10
12.9201402664,80.1965866089,59788,59798,10
12.9194803238,80.1963424683,59798,59808,10
12.9188804626,80.1959075928,59808,59818,10
12.918299675,80.1953811646,59818,59828,10
12.9177398682,80.1948699951,59828,59838,10
12.9171895981,80.1942901611,59838,59848,10
12.9170103073,80.1939620972,59848,59859,11
12.9170198441,80.1938705444,59859,59869,10
12.9170103073,80.1936569214,59869,59879,10
12.9170103073,80.1934967041,59879,59889,10
12.9170198441,80.193359375,59889,59899,10
12.9170303345,80.1932373047,59899,59909,10
12.9170598984,80.1929702759,59909,59919,10
12.9170999527,80.1927108765,59919,59929,10
12.9171304703,80.1923904419,59929,59939,10
12.9171800613,80.1920166016,59939,59949,10
12.91726017,80.1913909912,59949,59970,21
12.91726017,80.1913909912,59970,59980,10
12.9173202515,80.191078186,59980,59990,10
12.9173402786,80.1906661987,59990,60000,10
12.9173498154,80.1904907227,60000,60010,10
12.9173898697,80.1901931763,60010,60020,10
12.9175300598,80.1896286011,60020,60030,10
12.9178600311,80.1889190674,60030,60040,10
12.9184598923,80.1882095337,60040,60050,10
12.9189300537,80.187713623,60050,60060,10
12.9194602966,80.1871109009,60060,60070,10
12.920129776,80.186340332,60070,60081,11
12.9205799103,80.1853637695,60081,60091,10
12.9203300476,80.1843795776,60091,60121,30
12.9203300476,80.1843795776,60121,60131,10
12.9202899933,80.184211731,60131,60141,10
12.9201898575,80.1837005615,60141,60151,10
12.9200201035,80.1829528809,60151,60168,17
12.9199199677,80.1825408936,60168,60179,11
12.9198799133,80.1823425293,60179,60190,11
12.9198198318,80.1820373535,60190,60200,10
12.9198102951,80.1819610596,60200,60210,10
12.9197397232,80.1816329956,60210,60220,10
12.9196195602,80.1810913086,60220,60230,10
12.9194698334,80.1803512573,60230,60239,9
12.9192895889,80.1795806885,60239,60250,11
12.9186601639,80.1786499023,60250,60258,8
12.9181995392,80.1778869629,60258,60270,12
12.9183597565,80.1765670776,60270,60280,10
12.9186401367,80.1754608154,60280,60291,11
12.9189395905,80.1742095947,60291,60301,10
12.9192304611,80.1730575562,60301,60311,10
12.9195098877,80.1720275879,60311,60321,10
12.9198198318,80.1708908081,60321,60341,20
12.9198198318,80.1708908081,60341,60351,10
12.9199399948,80.170539856,60351,60361,10
12.9201602936,80.1698989868,60361,60371,10
12.9204101563,80.1690597534,60371,60381,10
12.9207000732,80.1681671143,60381,60391,10
12.9209499359,80.1673965454,60391,60402,11
12.9212799072,80.166343689,60402,60412,10
12.9216098785,80.1653518677,60412,60422,10
12.9219102859,80.1644363403,60422,60432,10
12.9221401215,80.1636505127,60432,60442,10
12.9223899841,80.1627883911,60442,60452,10
12.9226999283,80.1618728638,60452,60462,10
12.9230003357,80.160987854,60462,60472,10
12.9232196808,80.1602401733,60472,60482,10
12.9233598709,80.1593093872,60482,60492,10
12.9234895706,80.1582717896,60492,60503,11
12.9236001968,80.1569976807,60503,60513,10
12.9236602783,80.1558990479,60513,60523,10
12.9234104156,80.1550216675,60523,60533,10
12.9233999252,80.1549530029,60533,60543,10
12.9233503342,80.1546401978,60543,60553,10
12.9232196808,80.154083252,60553,60563,10
12.92304039,80.1533203125,60563,60573,10
12.922750473,80.1521911621,60573,60593,20
12.922750473,80.1521911621,60593,60603,10
12.9227600098,80.1521377563,60603,60614,11
12.9227199554,80.1517028809,60614,60630,16
12.922659874,80.1504516602,60630,60642,12
12.9226198196,80.1492385864,60642,60651,9
12.9225702286,80.148399353,60651,60662,11
12.9225797653,80.1474533081,60662,60672,10
12.9225597382,80.1468429565,60672,60682,10
12.9225597382,80.1467437744,60682,60692,10
12.9225597382,80.1463012695,60692,60702,10
12.922539711,80.1456222534,60702,60712,10
12.9224996567,80.1448135376,60712,60723,11
12.9224300385,80.1432266235,60723,60784,61
12.9224300385,80.1432266235,60784,60794,10
12.9224300385,80.1430892944,60794,60804,10
12.9224395752,80.1427536011,60804,60814,10
12.922419548,80.142250061,60814,60825,11
12.922369957,80.1414871216,60825,60835,10
12.922369957,80.1413803101,60835,60845,10
12.9223804474,80.1411819458,60845,60855,10
12.9223804474,80.1406326294,60855,60865,10
12.922369957,80.1403121948,60865,60875,10
12.922369957,80.1399383545,60875,60885,10
12.922369957,80.1390991211,60885,60895,10
12.9224395752,80.1382293701,60895,60905,10
12.9224700928,80.1373672485,60905,60915,10
12.9224996567,80.1368713379,60915,60926,11
12.9225301743,80.1361465454,60926,60936,10
12.9225597382,80.1352920532,60936,60946,10
12.9226102829,80.134262085,60946,60956,10
12.9226398468,80.1333007813,60956,60966,10
12.9226903915,80.1324310303,60966,60976,10
12.9226903915,80.1315231323,60976,60986,10
12.9226999283,80.1312026978,60986,61002,16
12.922750473,80.1304626465,61002,61014,12
12.9228096008,80.1295394897,61014,61022,8
12.9228496552,80.1288299561,61022,61034,12
12.9228801727,80.1279296875,61034,61044,10
12.9228801727,80.1271820068,61044,61055,11
12.9228801727,80.1261978149,61055,61065,10
12.9229402542,80.1253890991,61065,61074,9
12.9229698181,80.1247024536,61074,61085,11
12.9230203629,80.1238174438,61085,61094,9
12.9230604172,80.1228408813,61094,61104,10
12.9231004715,80.1218414307,61104,61115,11
12.9231395721,80.1211166382,61115,61156,41
12.9231395721,80.1211166382,61156,61166,10
12.9231595993,80.1209411621,61166,61176,10
12.9231901169,80.1206512451,61176,61186,10
12.9232397079,80.1203384399,61186,61196,10
12.9232797623,80.1198806763,61196,61206,10
12.9232902527,80.1192932129,61206,61216,10
12.9233102798,80.1186828613,61216,61226,10
12.9233903885,80.1179885864,61226,61236,10
12.92345047,80.1169433594,61236,61267,31
12.92345047,80.1169433594,61267,61277,10
12.923620224,80.1169204712,61277,61287,10
12.9235601425,80.1171798706,61287,61347,60
12.9233903885,80.117401123,61347,62024,677
12.9233903885,80.117401123,62024,62034,10
12.9234695435,80.1177215576,62034,62044,10
12.9235401154,80.1179962158,62044,62054,10
12.9234800339,80.1184997559,62054,62064,10
12.9234600067,80.119102478,62064,62074,10
12.9233798981,80.119682312,62074,62084,10
12.9233398438,80.1201934814,62084,62105,21
12.9233398438,80.1201934814,62105,62115,10
12.9233198166,80.1202926636,62115,62125,10
12.9232797623,80.1206665039,62125,62135,10
12.9232797623,80.1209564209,62135,62145,10
12.9232797623,80.1212005615,62145,62529,384
12.9232797623,80.1212005615,62529,62539,10
12.9231901169,80.1215591431,62539,62549,10
12.9231595993,80.1220932007,62549,62559,10
12.9231300354,80.1228027344,62559,62569,10
12.9231004715,80.1236114502,62569,62579,10
12.9230804443,80.1244430542,62579,62589,10
12.9230499268,80.1253967285,62589,62609,20
12.9230499268,80.1253967285,62609,62619,10
12.92304039,80.1256103516,62619,62629,10
12.9230203629,80.1259307861,62629,62640,11
12.92304039,80.1262435913,62640,62650,10
12.9230499268,80.1265029907,62650,62660,10
12.9230499268,80.126701355,62660,62670,10
12.9230604172,80.1268768311,62670,62730,60
12.9230203629,80.1272506714,62730,62771,41
12.9230203629,80.1272506714,62771,62781,10
12.9229698181,80.1275024414,62781,62791,10
12.922949791,80.1277084351,62791,62801,10
12.9229402542,80.1279373169,62801,62821,20
12.9229402542,80.1279373169,62821,62831,10
12.9229202271,80.1282577515,62831,62841,10
12.9229202271,80.1282730103,62841,62852,11
12.9228897095,80.1285018921,62852,62862,10
12.9228601456,80.1289215088,62862,62872,10
12.9228496552,80.1292419434,62872,62882,10
12.9228401184,80.1293106079,62882,62892,10
12.9228096008,80.129699707,62892,62902,10
12.9228000641,80.1300811768,62902,62912,10
12.9228000641,80.1305007935,62912,62922,10
12.9228000641,80.1311035156,62922,62942,20
12.9228000641,80.1311035156,62942,62952,10
12.922750473,80.1313934326,62952,62963,11
12.9227304459,80.131980896,62963,62973,10
12.9226999283,80.1327667236,62973,62983,10
12.9226503372,80.133682251,62983,62993,10
12.9225997925,80.1346282959,62993,63003,10
12.9225702286,80.135383606,63003,63013,10
12.922539711,80.1361694336,63013,63023,10
12.9224996567,80.1369628906,63023,63033,10
12.9224796295,80.1374206543,63033,63043,10
12.9224700928,80.137512207,63043,63053,10
12.9224596024,80.137878418,63053,63064,11
12.9224300385,80.1384811401,63064,63074,10
12.922369957,80.1391677856,63074,63084,10
12.9223804474,80.140007019,63084,63094,10
12.9224004745,80.1407775879,63094,63104,10
12.922419548,80.1416778564,63104,63114,10
12.9224300385,80.1425018311,63114,63124,10
12.9224596024,80.1428070068,63124,63134,10
12.9224796295,80.1428985596,63134,63144,10
12.9224796295,80.1430511475,63144,63154,10
12.9225301743,80.1435012817,63154,63164,10
12.9225502014,80.1437988281,63164,63175,11
12.922539711,80.1437988281,63175,63185,10
12.9225196838,80.1441497803,63185,63201,16
12.9225502014,80.1453399658,63201,63213,12
12.9225997925,80.1465911865,63213,63221,8
12.9226398468,80.1471405029,63221,63232,11
12.9226503372,80.1473999023,63232,63243,11
12.9226398468,80.1476898193,63243,63253,10
12.9226102829,80.1482467651,63253,63263,10
12.9226102829,80.1490402222,63263,63274,11
12.9226703644,80.150138855,63274,63284,10
12.9226999283,80.1511306763,63284,63294,10
12.9227600098,80.1517486572,63294,63314,20
12.9227600098,80.1517486572,63314,63324,10
12.9227399826,80.1518173218,63324,63334,10
12.922750473,80.1521377563,63334,63344,10
12.9228801727,80.1527328491,63344,63354,10
12.9230604172,80.153503418,63354,63364,10
12.9233198166,80.1544418335,63364,63374,10
12.9234399796,80.1548233032,63374,63385,11
12.92345047,80.1549072266,63385,63395,10
12.923500061,80.1552124023,63395,63405,10
12.9236497879,80.1558227539,63405,63415,10
12.9236698151,80.1566619873,63415,63431,16
12.923500061,80.1583709717,63431,63443,12
12.9233999252,80.1597671509,63443,63451,8
12.9233102798,80.1603927612,63451,63461,10
12.9232997894,80.1604232788,63461,63472,11
12.9232196808,80.1606216431,63472,63483,11
12.9230298996,80.161239624,63483,63494,11
12.922750473,80.1620788574,63494,63504,10
12.9224796295,80.162940979,63504,63514,10
12.9221897125,80.16381073,63514,63524,10
12.9218997955,80.1647033691,63524,63534,10
12.9215202332,80.1659393311,63534,63544,10
12.9211597443,80.1670837402,63544,63554,10
12.9208202362,80.1681289673,63554,63564,10
12.9205303192,80.1690292358,63564,63574,10
12.9202804565,80.1697998047,63574,63584,10
12.9199695587,80.170791626,63584,63595,11
12.9198999405,80.1710128784,63595,63605,10
12.9198303223,80.171257019,63605,63615,10
12.9197397232,80.171546936,63615,63625,10
12.9195899963,80.1721191406,63625,63635,10
12.9193696976,80.1728820801,63635,63645,10
12.9191503525,80.1737136841,63645,63655,10
12.9189100266,80.1746673584,63655,63665,10
12.9186601639,80.17578125,63665,63675,10
12.9184503555,80.1766815186,63675,63685,10
12.918390274,80.176940918,63685,63695,10
12.9183797836,80.1770019531,63695,63706,11
12.9182796478,80.1775588989,63706,63716,10
12.9184503555,80.1783370972,63716,63726,10
12.9190502167,80.1791534424,63726,63736,10
12.9194602966,80.180229187,63736,63752,16
12.9198598862,80.1820831299,63752,63764,12
12.9201602936,80.183380127,63764,63772,8
12.9203500748,80.1839981079,63772,63784,12
12.9203701019,80.18409729,63784,63794,10
12.9203701019,80.184173584,63794,63805,11
12.9204397202,80.1846084595,63805,63815,10
12.9206600189,80.1855621338,63815,63845,30
12.9206600189,80.1855621338,63845,63855,10
12.9206399918,80.1856918335,63855,63865,10
12.9205799103,80.1859512329,63865,63875,10
12.9202804565,80.186340332,63875,63885,10
12.9198102951,80.1868667603,63885,63895,10
12.9192800522,80.187461853,63895,63906,11
12.9187002182,80.188117981,63906,63917,11
12.9180803299,80.1887817383,63917,63927,10
12.9176301956,80.1895370483,63927,63937,10
12.9174404144,80.1903991699,63937,63947,10
12.9173498154,80.1911087036,63947,63957,10
12.9172801971,80.1918029785,63957,63967,10
12.91726017,80.1920394897,63967,63977,10
12.9172401428,80.1923294067,63977,63987,10
12.9170999527,80.1932601929,63987,64028,41
12.9170999527,80.1932601929,64028,64038,10
12.9170303345,80.1936416626,64038,64048,10
12.9171600342,80.1942596436,64048,64058,10
12.9175796509,80.1947937012,64058,64068,10
12.9181404114,80.1952972412,64068,64078,10
12.9187698364,80.1958389282,64078,64088,10
12.9194297791,80.1963500977,64088,64098,10
12.9201402664,80.1966400146,64098,64108,10
12.9205598831,80.1967773438,64108,64118,10
12.9208202362,80.1968688965,64118,64129,11
12.9212703705,80.1970367432,64129,64139,10
12.9218797684,80.1972579956,64139,64149,10
12.9226503372,80.1974029541,64149,64159,10
12.9233102798,80.1975021362,64159,64169,10
12.9233903885,80.1975097656,64169,64179,10
12.9237003326,80.1975479126,64179,64189,10
12.9243001938,80.1975631714,64189,64199,10
12.9250297546,80.1975708008,64199,64209,10
12.9252996445,80.1975479126,64209,64219,10
12.9256601334,80.1975479126,64219,64230,11
12.9262104034,80.1976089478,64230,64240,10
12.9265804291,80.1976928711,64240,64250,10
12.9271297455,80.1979522705,64250,64260,10
12.9277095795,80.1984481812,64260,64270,10
12.9281396866,80.1992263794,64270,64280,10
12.9284496307,80.2001876831,64280,64290,10
12.9285001755,80.2012329102,64290,64300,10
12.9285402298,80.2020797729,64300,64310,10
12.9288396835,80.2027130127,64310,64320,10
12.9293899536,80.2027816772,64320,64330,10
12.9294700623,80.202796936,64330,64341,11
12.9295396805,80.202796936,64341,64351,10
12.9299497604,80.20287323,64351,64361,10
12.9305496216,80.2029724121,64361,64371,10
12.9312200546,80.203163147,64371,64381,10
12.9316902161,80.2033004761,64381,64391,10
12.9320602417,80.2034301758,64391,64401,10
12.9324703217,80.2035827637,64401,64411,10
12.932849884,80.2036972046,64411,64421,10
12.9332199097,80.2038574219,64421,64431,10
12.9340200424,80.2039794922,64431,64452,21
12.9340200424,80.2039794922,64452,64462,10
12.9343500137,80.2040023804,64462,64472,10
12.9348697662,80.2040710449,64472,64490,18
12.9358797073,80.204460144,64490,64502,12
12.9364995956,80.2046508789,64502,64512,10
12.9370002747,80.2048034668,64512,64522,10
12.9374198914,80.2049102783,64522,64532,10
12.9380598068,80.2050933838,64532,64542,10
12.938659668,80.2052688599,64542,64553,11
12.939330101,80.2054672241,64553,64563,10
12.9399299622,80.2056427002,64563,64573,10
12.9400501251,80.2056808472,64573,64583,10
12.9400997162,80.2057113647,64583,64593,10
12.9405002594,80.2058181763,64593,64603,10
12.9408197403,80.2059402466,64603,64613,10
12.9413499832,80.2061920166,64613,64623,10
12.9420003891,80.2066421509,64623,64633,10
12.9425001144,80.2070617676,64633,64643,10
12.9428195953,80.2074432373,64643,64654,11
12.9432201385,80.2079315186,64654,64664,10
12.9437198639,80.208190918,64664,64674,10
12.9442396164,80.2083816528,64674,64684,10
12.944319725,80.2084197998,64684,64694,10
12.9444904327,80.2084732056,64694,64704,10
12.9449701309,80.208656311,64704,64714,10
12.9456796646,80.2089233398,64714,64724,10
12.9464998245,80.2092437744,64724,64734,10
12.9472503662,80.2095413208,64734,64744,10
12.9478998184,80.2098007202,64744,64754,10
12.9484796524,80.2100219727,64754,64765,11
12.9492902756,80.2103424072,64765,64775,10
12.9502696991,80.2107162476,64775,64784,9
12.9512300491,80.2111129761,64784,64795,11
12.9522199631,80.2115097046,64795,64805,10
12.9532003403,80.2118988037,64805,64815,10
12.9541397095,80.2122802734,64815,64825,10
12.9552001953,80.2126998901,64825,64835,10
12.9562196732,80.2130889893,64835,64845,10
12.9572401047,80.2135009766,64845,64855,10
12.9583301544,80.2139205933,64855,64866,11
12.9593200684,80.2143173218,64866,64876,10
12.9599199295,80.21459198,64876,64886,10
12.9606199265,80.2148590088,64886,64896,10
12.961400032,80.2151565552,64896,64906,10
12.9622497559,80.2154769897,64906,64916,10
12.9627599716,80.2156829834,64916,64926,10
12.9631996155,80.2158508301,64926,64936,10
12.9636602402,80.2160263062,64936,64946,10
12.9641199112,80.2162017822,64946,64956,10
12.964220047,80.2162399292,64956,64966,10
12.9644899368,80.2163925171,64966,64977,11
12.9651098251,80.2166671753,64977,64987,10
12.9657897949,80.2169418335,64987,64997,10
12.966460228,80.2172088623,64997,65007,10
12.9671401978,80.2174682617,65007,65017,10
12.9677801132,80.2177429199,65017,65027,10
12.9684200287,80.2180023193,65027,65037,10
12.9692697525,80.2183380127,65037,65047,10
12.9702701569,80.2187194824,65047,65057,10
12.9709796906,80.2189407349,65057,65067,10
12.9710998535,80.2189865112,65067,65078,11
12.9714002609,80.2191162109,65078,65088,10
12.9719400406,80.219367981,65088,65098,10
12.9726800919,80.2196731567,65098,65108,10
12.9734697342,80.2199935913,65108,65118,10
12.9742298126,80.2203292847,65118,65128,10
12.9748802185,80.2206420898,65128,65138,10
12.9752702713,80.2207794189,65138,65148,10
12.975520134,80.2208480835,65148,65168,20
12.975520134,80.2208480835,65168,65178,10
12.9756002426,80.220916748,65178,65189,11
12.9757699966,80.2210922241,65189,65199,10
12.9758701324,80.2212295532,65199,65209,10
12.9761199951,80.2213134766,65209,65229,20
12.9761199951,80.2213134766,65229,65239,10
12.9762401581,80.221321106,65239,65249,10
12.9764003754,80.221321106,65249,65259,10
12.9768104553,80.221321106,65259,65269,10
12.9773597717,80.2213134766,65269,65279,10
12.9779996872,80.2212982178,65279,65289,10
12.9786100388,80.221282959,65289,65300,11
12.9788398743,80.2212524414,65300,65310,10
12.9792604446,80.2212219238,65310,65320,10
12.9798803329,80.2211685181,65320,65330,10
12.9805498123,80.2210769653,65330,65340,10
12.9812498093,80.221206665,65340,65350,10
12.9817495346,80.2215194702,65350,65360,10
12.9822397232,80.2218475342,65360,65370,10
12.9827203751,80.2219924927,65370,65380,10
12.983039856,80.2221221924,65380,65390,10
12.9830598831,80.2221221924,65390,65401,11
12.9832000732,80.2221908569,65401,65411,10
12.9833297729,80.2222976685,65411,65421,10
12.9834899902,80.2223968506,65421,65431,10
12.9837999344,80.2226028442,65431,65441,10
12.984120369,80.2227935791,65441,65451,10
12.9845104218,80.2230377197,65451,65461,10
12.9850902557,80.2233276367,65461,65471,10
12.98554039,80.2232818604,65471,65481,10
12.9860401154,80.2230834961,65481,65491,10
12.9865398407,80.2230606079,65491,65501,10
12.9867601395,80.2230834961,65501,65512,11
12.9871196747,80.2231369019,65512,65522,10
12.9875602722,80.2231674194,65522,65532,10
12.9881401062,80.22290802,65532,65542,10
12.9886798859,80.2223587036,65542,65552,10
12.9891796112,80.2217330933,65552,65562,10
12.9897003174,80.2210464478,65562,65572,10
12.99036026,80.220489502,65572,65582,10
12.9911804199,80.2198486328,65582,65602,20
12.9911804199,80.2198486328,65602,65613,11
12.9913101196,80.2197723389,65613,65623,10
12.9916400909,80.2194976807,65623,65633,10
12.9921197891,80.2191772461,65633,65643,10
12.9926996231,80.2187728882,65643,65653,10
12.9932804108,80.2183227539,65653,65663,10
12.9938201904,80.2179107666,65663,65673,10
12.9941101074,80.2177124023,65673,65683,10
12.9945201874,80.2174301147,65683,65693,10
12.9949502945,80.2171325684,65693,65703,10
12.9954204559,80.2168502808,65703,65713,10
12.9960298538,80.2166671753,65713,65724,11
12.9970197678,80.2165298462,65724,65754,30
12.9970197678,80.2165298462,65754,65764,10
12.9973497391,80.2163772583,65764,65774,10
12.9975996017,80.2161026001,65774,65790,16
12.9979295731,80.2158432007,65790,65802,12
12.9984903336,80.2153701782,65802,65810,8
12.9989795685,80.2149429321,65810,65822,12
12.9993000031,80.2146606445,65822,65833,11
12.9997301102,80.214302063,65833,65843,10
13.0001296997,80.2139434814,65843,65853,10
13.0005998611,80.2134933472,65853,65862,9
13.0011301041,80.2130737305,65862,65873,11
13.0016098022,80.2127304077,65873,65883,10
13.002120018,80.2123794556,65883,65893,10
13.0025997162,80.2121887207,65893,65903,10
13.0032300949,80.2121429443,65903,65913,10
13.0037202835,80.212097168,65913,65934,21
13.0037202835,80.212097168,65934,65944,10
13.0039701462,80.2120819092,65944,65954,10
13.0044603348,80.212272644,65954,65964,10
13.0049800873,80.2125167847,65964,65974,10
13.0055503845,80.2128829956,65974,65984,10
13.0061798096,80.2129211426,65984,65994,10
13.006819725,80.2128295898,65994,66004,10
13.0073900223,80.2128829956,66004,66014,10
13.0078802109,80.213142395,66014,66065,51
13.0078802109,80.213142395,66065,66075,10
13.0081596375,80.2133026123,66075,66085,10
13.0084695816,80.2134170532,66085,66095,10
13.0088300705,80.2138824463,66095,66105,10
13.0093002319,80.2145004272,66105,66115,10
13.0097398758,80.215133667,66115,66125,10
13.0099802017,80.2154312134,66125,66135,10
13.0104398727,80.2158966064,66135,66146,11
13.0106697083,80.2163162231,66146,66156,10
13.0107803345,80.2167282104,66156,66166,10
13.0109996796,80.2173233032,66166,66176,10
13.0113296509,80.2182617188,66176,66186,10
13.0117101669,80.2193374634,66186,66196,10
13.0120296478,80.2204284668,66196,66206,10
13.0123596191,80.2212371826,66206,66216,10
13.0125703812,80.2216033936,66216,66226,10
13.0126800537,80.2219772339,66226,66236,10
13.0130300522,80.2222671509,66236,66253,17
13.0136203766,80.2229385376,66253,66265,12
13.0138902664,80.2232894897,66265,66275,10
13.0139598846,80.2233886719,66275,66285,10
13.0141296387,80.2236404419,66285,66295,10
13.0142803192,80.2238082886,66295,66305,10
13.0145101547,80.2240524292,66305,66314,9
13.0148296356,80.2244262695,66314,66325,11
13.015080452,80.2247390747,66325,66337,12
13.0153198242,80.2249832153,66337,66358,21
13.0153198242,80.2249832153,66358,66368,10
13.0154895782,80.225151062,66368,66377,9
13.0158996582,80.2254180908,66377,66388,11
13.0166397095,80.2253799438,66388,66398,10
13.0173902512,80.2250823975,66398,66408,10
13.0183000565,80.2247009277,66408,66418,10
13.0189304352,80.2244415283,66418,66428,10
13.0195198059,80.2244796753,66428,66438,10
13.0197896957,80.2246398926,66438,66448,10
13.020070076,80.2248535156,66448,66459,11
13.0205202103,80.225189209,66459,66469,10
13.0208997726,80.225479126,66469,66479,10
13.0211696625,80.2257232666,66479,66489,10
13.0216302872,80.22605896,66489,66499,10
13.021900177,80.2262191772,66499,66509,10
13.0220499039,80.2263183594,66509,66519,10
13.0224103928,80.2266769409,66519,66529,10
13.0229597092,80.2271575928,66529,66539,10
13.0235595703,80.2276992798,66539,66549,10
13.0240497589,80.2281494141,66549,66559,10
13.0243196487,80.2284393311,66559,66570,11
13.0245304108,80.2287597656,66570,66580,10
13.0246696472,80.2289886475,66580,66591,11
13.0249099731,80.2293319702,66591,66602,11
13.0252799988,80.2297821045,66602,66612,10
13.0257997513,80.2305908203,66612,66693,81
13.0257997513,80.2305908203,66693,66703,10
13.0259599686,80.2309417725,66703,66713,10
13.025970459,80.2311019897,66713,66723,10
13.0260000229,80.2312393188,66723,66733,10
13.0262699127,80.2314224243,66733,66743,10
13.0271396637,80.2311935425,66743,66774,31
13.0271396637,80.2311935425,66774,66784,10
13.0276603699,80.2310791016,66784,66885,101
13.0276603699,80.2310791016,66885,66895,10
13.0279397964,80.2310333252,66895,66905,10
13.0282201767,80.2310180664,66905,66915,10
13.0285797119,80.2309875488,66915,66996,81
13.0288600922,80.2308807373,66996,67016,20
13.0288600922,80.2308807373,67016,67026,10
13.0289802551,80.2308807373,67026,67036,10
13.0292396545,80.2308807373,67036,67046,10
13.0296096802,80.2308273315,67046,67056,10
13.0300502777,80.2307815552,67056,67066,10
13.0302801132,80.230758667,67066,67076,10
13.030500412,80.2307510376,67076,67086,10
13.0307397842,80.230758667,67086,67097,11
13.0312404633,80.2307281494,67097,67107,10
13.03166008,80.2306976318,67107,67117,10
13.0320396423,80.2306518555,67117,67127,10
13.0324401855,80.2306213379,67127,67137,10
13.0329904556,80.2305831909,67137,67147,10
13.0335998535,80.2305374146,67147,67157,10
13.0340003967,80.2305221558,67157,67167,10
13.0342798233,80.2304992676,67167,67177,10
13.0346899033,80.2304000854,67177,67234,57
13.0349197388,80.2303009033,67234,67256,22
13.0349197388,80.2303009033,67256,67266,10
13.0350599289,80.2300415039,67266,67276,10
13.0349798203,80.2299118042,67276,67286,10
13.0345697403,80.2298736572,67286,67408,122
13.0341997147,80.2298583984,67408,67650,242
13.0341997147,80.2298583984,67650,67660,10
13.0341300964,80.2300796509,67660,67670,10
13.0340795517,80.2304077148,67670,67731,61
13.0340795517,80.2304077148,67731,67747,16
13.033659935,80.2304916382,67747,67759,12
13.0328397751,80.2305984497,67759,67767,8
13.0322504044,80.230682373,67767,67779,12
13.0312995911,80.2307891846,67779,67789,10
13.030790329,80.2308425903,67789,67809,20
13.030790329,80.2308425903,67809,67819,10
13.0306100845,80.2308197021,67819,67830,11
13.0300998688,80.2308578491,67830,67840,10
13.0298595428,80.2308883667,67840,67850,10
13.029709816,80.2309188843,67850,67860,10
13.0293102264,80.2309494019,67860,67870,10
13.0286397934,80.2309875488,67870,67880,10
13.0279798508,80.2310409546,67880,67891,11
13.027680397,80.2311172485,67891,67900,9
13.0276899338,80.2317810059,67900,67952,52
13.0276899338,80.2317810059,67952,67962,10
13.0277500153,80.2322311401,67962,67972,10
13.0277500153,80.2322998047,67972,67982,10
13.0277996063,80.2325286865,67982,67992,10
13.0278596878,80.2328491211,67992,68164,172
13.0276403427,80.2328262329,68164,68204,40
13.0276403427,80.2328262329,68204,68214,10
13.0273599625,80.2330093384,68214,68224,10
13.0271902084,80.2330169678,68224,68234,10
13.0269498825,80.2330474854,68234,68244,10
13.026720047,80.2330780029,68244,68255,11
13.0264396667,80.2329788208,68255,68265,10
13.0263299942,80.2326965332,68265,68275,10
13.0262899399,80.2325592041,68275,68285,10
13.0262403488,80.2323608398,68285,68295,10
13.0261802673,80.2322006226,68295,68304,9
13.0261297226,80.2320022583,68304,68315,11
13.0261096954,80.2319564819,68315,68325,10
13.025970459,80.2315063477,68325,68335,10
13.0257797241,80.2308197021,68335,68345,10
13.0251502991,80.2297515869,68345,68366,21
13.0251502991,80.2297515869,68366,68376,10
13.0250597,80.2296676636,68376,68386,10
13.0248098373,80.2293395996,68386,68396,10
13.0246801376,80.2291793823,68396,68406,10
13.0244598389,80.2288818359,68406,68416,10
13.0241699219,80.2285385132,68416,68426,10
13.0238199234,80.2281494141,68426,68436,10
13.0232601166,80.2276382446,68436,68477,41
13.0232601166,80.2276382446,68477,68487,10
13.0229797363,80.2274398804,68487,68497,10
13.0226602554,80.2270812988,68497,68507,10
13.0224504471,80.2267913818,68507,68517,10
13.0219602585,80.2263717651,68517,68527,10
13.0213499069,80.2259216309,68527,68537,10
13.020819664,80.2255020142,68537,68547,10
13.0202903748,80.2251586914,68547,68557,10
13.0198802948,80.2249221802,68557,68578,21
13.0198802948,80.2249221802,68578,68588,10
13.0197496414,80.2248535156,68588,68598,10
13.0193195343,80.2246398926,68598,68608,10
13.0185604095,80.2246704102,68608,68618,10
13.017660141,80.2250289917,68618,68628,10
13.016699791,80.2254333496,68628,68638,10
13.0159797668,80.225692749,68638,68648,10
13.0152797699,80.2259368896,68648,68658,10
13.0146398544,80.2261962891,68658,68668,10
13.013999939,80.2264328003,68668,68679,11
13.0131502151,80.2267837524,68679,68689,10
13.0123195648,80.2270965576,68689,68699,10
13.0113601685,80.2274932861,68699,68709,10
13.0102996826,80.2278518677,68709,68719,10
13.0095396042,80.227897644,68719,68729,10
13.0096197128,80.2273483276,68729,68739,10
13.0099601746,80.2266235352,68739,68755,16
13.0104999542,80.225479126,68755,68767,12
13.010840416,80.2246932983,68767,68777,10
13.0111198425,80.223991394,68777,68787,10
13.0114097595,80.2233123779,68787,68798,11
13.0117197037,80.2223892212,68798,68808,10
13.0119304657,80.2218399048,68808,68818,10
13.0120201111,80.2214813232,68818,68828,10
13.0120801926,80.2213134766,68828,68838,10
13.012049675,80.2209014893,68838,68848,10
13.0118598938,80.2203521729,68848,68858,10
13.0115804672,80.2194671631,68858,68868,10
13.0113401413,80.2187194824,68868,68878,10
13.0111103058,80.2180404663,68878,68889,11
13.0108203888,80.2173080444,68889,68897,8
13.0106201172,80.2169113159,68897,68907,10
13.0103902817,80.2163925171,68907,68919,12
13.0100898743,80.2158737183,68919,68929,10
13.0098400116,80.2153396606,68929,68939,10
13.0095701218,80.2149963379,68939,68949,10
13.0093002319,80.2146072388,68949,68959,10
13.0089197159,80.2140884399,68959,68969,10
13.0085401535,80.2136306763,68969,69010,41
13.0085401535,80.2136306763,69010,69020,10
13.0084199905,80.2135391235,69020,69030,10
13.0083198547,80.213470459,69030,69050,20
13.0081996918,80.2134017944,69050,69070,20
13.0080795288,80.2133712769,69070,69090,20
13.0080795288,80.2133712769,69090,69101,11
13.0078802109,80.2132797241,69101,69111,10
13.0077896118,80.213180542,69111,69121,10
13.0074901581,80.2129592896,69121,69131,10
13.0069799423,80.2128372192,69131,69141,10
13.0064296722,80.2128372192,69141,69151,10
13.0058698654,80.2130889893,69151,69161,10
13.0052404404,80.2127914429,69161,69171,10
13.0047197342,80.2125015259,69171,69181,10
13.003950119,80.2122192383,69181,69191,10
13.0032300949,80.2121734619,69191,69202,11
13.0025997162,80.2121582031,69202,69212,10
13.0020704269,80.212387085,69212,69222,10
13.0015802383,80.2127990723,69222,69232,10
13.0011196136,80.2131271362,69232,69242,10
13.0005998611,80.2135391235,69242,69252,10
13.0,80.2140884399,69252,69262,10
12.9996004105,80.2144165039,69262,69272,10
12.9991703033,80.2147979736,69272,69282,10
12.9988803864,80.2150192261,69282,69291,9
12.9984998703,80.215423584,69291,69301,10
12.998000145,80.2157592773,69301,69313,12
12.9975404739,80.2162094116,69313,69343,30
12.9975404739,80.2162094116,69343,69353,10
12.9972600937,80.2164611816,69353,69393,40
12.9972600937,80.2164611816,69393,69403,10
12.9968900681,80.2166366577,69403,69414,11
12.9966201782,80.2166366577,69414,69424,10
12.9963598251,80.2166671753,69424,69434,10
12.9960603714,80.2167282104,69434,69444,10
12.9958600998,80.2167816162,69444,69454,10
12.9956302643,80.2168273926,69454,69464,10
12.9954996109,80.2168731689,69464,69474,10
12.995300293,80.2169570923,69474,69484,10
12.9952497482,80.2169876099,69484,69494,10
12.9949998856,80.2171478271,69494,69504,10
12.994720459,80.217338562,69504,69515,11
12.9944400787,80.2175827026,69515,69525,10
12.994020462,80.217880249,69525,69535,10
12.9934797287,80.2182617188,69535,69544,9
12.9929895401,80.2186203003,69544,69555,11
12.9923295975,80.2191314697,69555,69565,10
12.9917602539,80.2195205688,69565,69575,10
12.9916400909,80.2196121216,69575,69585,10
12.9912996292,80.219833374,69585,69595,10
12.990940094,80.2200775146,69595,69605,10
12.9909095764,80.2201004028,69605,69615,10
12.9907197952,80.2202835083,69615,69626,11
12.9903202057,80.2206115723,69626,69636,10
12.9899997711,80.2208404541,69636,69666,30
12.9896097183,80.2211227417,69666,69716,50
12.9896097183,80.2211227417,69716,69727,11
12.9894895554,80.2213287354,69727,69767,40
12.9894895554,80.2213287354,69767,69777,10
12.9893598557,80.2214736938,69777,69807,30
12.9891395569,80.2218322754,69807,69898,91
12.9889202118,80.2221679688,69898,69918,20
12.9889202118,80.2221679688,69918,69928,10
12.9886398315,80.222442627,69928,69959,31
12.9886398315,80.222442627,69959,69969,10
12.9883403778,80.2226791382,69969,69979,10
12.9882698059,80.2227478027,69979,69989,10
12.9881401062,80.222869873,69989,70029,40
12.987830162,80.2230987549,70029,70100,71
12.9874696732,80.223197937,70100,70181,81
12.9874696732,80.223197937,70181,70191,10
12.987159729,80.22315979,70191,70201,10
12.9868202209,80.2231216431,70201,70211,10
12.9864196777,80.2230606079,70211,70221,10
12.9857797623,80.2230682373,70221,70231,10
12.9853000641,80.2233963013,70231,70241,10
12.9849596024,80.2232971191,70241,70251,10
12.9844398499,80.2230224609,70251,70262,11
12.9840402603,80.2228012085,70262,70272,10
12.9838695526,80.2227020264,70272,70282,10
12.9836301804,80.2225723267,70282,70292,10
12.9834098816,80.2224121094,70292,70302,10
12.9834098816,80.2223968506,70302,70312,10
12.9832401276,80.2222824097,70312,70322,10
12.9829597473,80.2221298218,70322,70332,10
12.9825696945,80.2219772339,70332,70352,20
12.9825696945,80.2219772339,70352,70363,11
12.9822902679,80.2218780518,70363,70373,10
12.9820995331,80.2218017578,70373,70383,10
12.9818096161,80.2215805054,70383,70393,10
12.981470108,80.2213668823,70393,70403,10
12.9809303284,80.221206665,70403,70413,10
12.9800596237,80.2212295532,70413,70423,10
12.9791698456,80.2212600708,70423,70433,10
12.9783802032,80.2212600708,70433,70443,10
12.9775800705,80.221282959,70443,70453,10
12.9767198563,80.221321106,70453,70464,11
12.9762001038,80.2213516235,70464,70474,10
12.9759502411,80.2213973999,70474,70484,10
12.9758396149,80.2213668823,70484,70494,10
12.9757795334,80.221321106,70494,70504,10
12.9756002426,80.2211608887,70504,70524,20
12.9756002426,80.2211608887,70524,70534,10
12.9754896164,80.2210235596,70534,70544,10
12.9752998352,80.2208633423,70544,70554,10
12.9749403,80.2206802368,70554,70564,10
12.974240303,80.2203826904,70564,70575,11
12.9735603333,80.220123291,70575,70585,10
12.9730501175,80.2199325562,70585,70595,10
12.9723796844,80.2196807861,70595,70605,10
12.9715795517,80.2193832397,70605,70615,10
12.9709300995,80.2192230225,70615,70635,20
12.9709300995,80.2192230225,70635,70645,10
12.9708900452,80.2191925049,70645,70655,10
12.9706096649,80.21900177,70655,70665,10
12.9701004028,80.2188034058,70665,70675,10
12.9695596695,80.2185897827,70675,70686,11
12.9689998627,80.2183685303,70686,70702,16
12.9682598114,80.2180786133,70702,70714,12
12.9678001404,80.2179031372,70714,70722,8
12.9675397873,80.2177886963,70722,70734,12
12.9669103622,80.2175064087,70734,70744,10
12.9661302567,80.2172088623,70744,70754,10
12.9653396606,80.2168884277,70754,70764,10
12.9642601013,80.2164535522,70764,70774,10
12.9635095596,80.2161178589,70774,70785,11
12.9627504349,80.2157897949,70785,70795,10
12.961930275,80.2154693604,70795,70805,10
12.9609899521,80.2151031494,70805,70814,9
12.9600696564,80.2147521973,70814,70825,11
12.958990097,80.2143173218,70825,70835,10
12.9579801559,80.2139129639,70835,70845,10
12.9569997787,80.213508606,70845,70855,10
12.9560098648,80.2131195068,70855,70865,10
12.9549503326,80.2126998901,70865,70875,10
12.9540395737,80.2123413086,70875,70886,11
12.9530496597,80.2119598389,70886,70896,10
12.9520196915,80.2115631104,70896,70906,10
12.9509801865,80.2111434937,70906,70916,10
12.9499502182,80.2107391357,70916,70926,10
12.9490804672,80.2104034424,70926,70936,10
12.948340416,80.2101135254,70936,70946,10
12.9475002289,80.209777832,70946,70956,10
12.9463596344,80.2093200684,70956,70966,10
12.9452495575,80.2088775635,70966,70976,10
12.9441604614,80.2084579468,70976,71017,41
12.9441604614,80.2084579468,71017,71027,10
12.9439897537,80.2083206177,71027,71037,10
12.9437198639,80.2082214355,71037,71047,10
12.94328022,80.2080535889,71047,71057,10
12.9427995682,80.2076187134,71057,71067,10
12.9423398972,80.2070388794,71067,71077,10
12.9417200089,80.2064971924,71077,71087,10
12.9411296844,80.2061386108,71087,71108,21
12.9411296844,80.2061386108,71108,71118,10
12.9408502579,80.2060012817,71118,71128,10
12.9403800964,80.2058334351,71128,71138,10
12.9399595261,80.2057189941,71138,71148,10
12.9394702911,80.2055587769,71148,71158,10
12.9388504028,80.2053833008,71158,71167,9
12.9382295609,80.2051925659,71167,71178,11
12.9374599457,80.2049789429,71178,71188,10
12.9367399216,80.2047805786,71188,71199,11
12.9358100891,80.2045211792,71199,71209,10
12.9351997375,80.2042617798,71209,71219,10
12.9344902039,80.2040634155,71219,71229,10
12.9334402084,80.2039718628,71229,71249,20
12.9334402084,80.2039718628,71249,71259,10
12.9334201813,80.2039489746,71259,71269,10
12.9330797195,80.2038497925,71269,71279,10
12.9325704575,80.20362854,71279,71289,10
12.9319295883,80.2034301758,71289,71299,10
12.9312400818,80.2032012939,71299,71310,11
12.9305095673,80.2029876709,71310,71320,10
12.9298400879,80.2028808594,71320,71340,20
12.9298400879,80.2028808594,71340,71350,10
12.9297399521,80.2028579712,71350,71360,10
12.929400444,80.2028274536,71360,71370,10
12.9289197922,80.2027587891,71370,71380,10
12.9284696579,80.2025680542,71380,71390,10
12.9284200668,80.2020263672,71390,71400,10
12.9284095764,80.201423645,71400,71410,10
12.9283800125,80.2006072998,71410,71421,11
12.9281997681,80.1996078491,71421,71431,10
12.9278001785,80.1987380981,71431,71441,10
12.9271097183,80.1979980469,71441,71451,10
12.9262599945,80.1976623535,71451,71461,10
12.9255104065,80.197593689,71461,71471,10
12.9252700806,80.1975784302,71471,71481,10
12.9247999191,80.1975708008,71481,71491,10
12.9241304398,80.1975631714,71491,71501,10
12.9235296249,80.1975479126,71501,71511,10
12.9229898453,80.197479248,71511,71522,11
12.9222202301,80.1974029541,71522,71532,10
12.921959877,80.1973495483,71532,71542,10
12.9218702316,80.1973190308,71542,71552,10
12.9215097427,80.1971817017,71552,71562,10
12.920999527,80.1969985962,71562,71572,10
12.9204397202,80.1968002319,71572,71582,10
12.9197998047,80.1965789795,71582,71592,10
12.9192399979,80.1963119507,71592,71602,10
12.9188203812,80.1959915161,71602,71612,10
12.9185495377,80.1957397461,71612,71623,11
12.9181003571,80.1953201294,71623,71633,10
12.9175395966,80.1948318481,71633,71643,10
12.9171104431,80.1943206787,71643,71653,10
12.9169301987,80.1938934326,71653,71663,10
12.9169397354,80.1933364868,71663,71673,10
12.9169597626,80.193107605,71673,71683,10
12.9169998169,80.1928710938,71683,71693,10
12.9170598984,80.1924133301,71693,71703,10
12.9171104431,80.1921615601,71703,71713,10
12.9171104431,80.1921386719,71713,71723,10
12.9171800613,80.1915969849,71723,71754,31
12.9171800613,80.1915969849,71754,71764,10
12.9172000885,80.1915130615,71764,71774,10
12.91726017,80.1911087036,71774,71784,10
12.9172897339,80.1904678345,71784,71794,10
12.9174499512,80.1896972656,71794,71804,10
12.9178495407,80.188873291,71804,71814,10
12.9184703827,80.1881637573,71814,71824,10
12.9190301895,80.1875610352,71824,71835,11
12.9197797775,80.1867218018,71835,71845,10
12.9204797745,80.1858596802,71845,71855,10
12.9203901291,80.1848602295,71855,71865,10
12.9201803207,80.1839904785,71865,71875,10
12.9198799133,80.1826629639,71875,71895,20
12.9198799133,80.1826629639,71895,71905,10
12.9198503494,80.1825332642,71905,71915,10
12.9197502136,80.1820526123,71915,71925,10
12.9195995331,80.1813964844,71925,71936,11
12.9194402695,80.1806106567,71936,71946,10
12.9192495346,80.1798095703,71946,71956,10
12.9188699722,80.1791000366,71956,71966,10
12.918419838,80.1784515381,71966,71976,10
12.9181203842,80.1776428223,71976,71986,10
12.9182596207,80.1768112183,71986,71996,10
12.9183301926,80.176361084,71996,72006,10
12.9183797836,80.1761703491,72006,72016,10
12.9184999466,80.1757125854,72016,72026,10
12.9186401367,80.1750411987,72026,72036,10
12.9188299179,80.1742630005,72036,72047,11
12.9191198349,80.1731796265,72047,72057,10
12.9194202423,80.172203064,72057,72067,10
12.9196500778,80.1713485718,72067,72077,10
12.9197597504,80.1709289551,72077,72087,10
12.9198102951,80.1707992554,72087,72097,10
12.9199800491,80.1703033447,72097,72107,10
12.9202098846,80.1695404053,72107,72117,10
12.9204998016,80.1686172485,72117,72127,10
12.920800209,80.1677017212,72127,72137,10
12.921090126,80.1667709351,72137,72147,10
12.9214296341,80.1657028198,72147,72158,11
12.9218196869,80.1645126343,72158,72168,10
12.9221000671,80.1635513306,72168,72178,10
12.9224300385,80.1625213623,72178,72194,16
12.9229202271,80.1609802246,72194,72206,12
12.9230003357,80.1607284546,72206,72214,8
12.9230499268,80.1605682373,72214,72226,12
12.9232196808,80.159942627,72226,72236,10
12.9232997894,80.1591186523,72236,72246,10
12.9233999252,80.1581115723,72246,72256,10
12.9234895706,80.1571578979,72256,72267,11
12.9235401154,80.1566009521,72267,72277,10
12.9235801697,80.1560516357,72277,72287,10
12.9234104156,80.1553192139,72287,72297,10
12.923330307,80.1550369263,72297,72307,10
12.9232997894,80.1549072266,72307,72317,10
12.9231996536,80.1544570923,72317,72327,10
12.9230499268,80.1538391113,72327,72337,10
12.9228696823,80.1531524658,72337,72347,10
12.9227104187,80.1524810791,72347,72357,10
12.9226703644,80.1522598267,72357,72374,17
12.9226303101,80.1519012451,72374,72386,12
12.9225997925,80.1511077881,72386,72394,8
12.9225797653,80.1503982544,72394,72405,11
12.9225502014,80.1492614746,72405,72415,10
12.9224996567,80.1483078003,72415,72427,12
12.9224996567,80.1474075317,72427,72437,10
12.9224700928,80.1468429565,72437,72447,10
12.9224700928,80.1465988159,72447,72457,10
12.9224796295,80.1460723877,72457,72467,10
12.9224395752,80.1453323364,72467,72478,11
12.9224300385,80.1444015503,72478,72488,10
12.9223804474,80.1432189941,72488,72538,50
12.9223804474,80.1432189941,72538,72548,10
12.9223604202,80.1429824829,72548,72558,10
12.9223299026,80.1424179077,72558,72568,10
12.9223098755,80.1416473389,72568,72579,11
12.9222898483,80.1413421631,72579,72588,9
12.9223003387,80.1410064697,72588,72599,11
12.9223003387,80.1404037476,72599,72609,10
12.9222898483,80.139541626,72609,72618,9
12.9223098755,80.1387329102,72618,72629,11
12.922369957,80.1378479004,72629,72639,10
12.922419548,80.1369171143,72639,72649,10
12.9224700928,80.1358795166,72649,72659,10
12.9225101471,80.1347503662,72659,72669,10
12.922539711,80.1337203979,72669,72680,11
12.9225797653,80.1327514648,72680,72690,10
12.9225997925,80.1320495605,72690,72700,10
12.9226102829,80.1313171387,72700,72710,10
12.9226198196,80.1311569214,72710,72720,10
12.9226503372,80.1307296753,72720,72730,10
12.9226999283,80.1300964355,72730,72740,10
12.922750473,80.1294021606,72740,72750,10
12.9227800369,80.1286087036,72750,72760,10
12.9228096008,80.1278610229,72760,72770,10
12.9228200912,80.1271591187,72770,72781,11
12.9228401184,80.1263427734,72781,72791,10
12.9228897095,80.12550354,72791,72801,10
12.9229297638,80.1245269775,72801,72811,10
12.9229803085,80.1234664917,72811,72821,10
12.9230298996,80.1223068237,72821,72831,10
12.9231004715,80.1212081909,72831,72841,10
12.9231901169,80.1201477051,72841,72861,20
12.9231901169,80.1201477051,72861,72871,10
12.923210144,80.1200790405,72871,72881,10
12.9232301712,80.1195907593,72881,72892,11
12.9232501984,80.1185073853,72892,72972,80
12.9232501984,80.1185073853,72972,72982,10
12.9233198166,80.1180496216,72982,72993,11
12.9233999252,80.1173477173,72993,73003,10
12.9233798981,80.116897583,73003,73013,10
12.9235200882,80.1169967651,73013,73033,20
12.9235200882,80.1169967651,73033,73043,10
12.9234399796,80.1173400879,73043,73326,283
12.9233503342,80.1173629761,73326,73437,111
12.9232902527,80.1174621582,73437,73538,101
12.9232902527,80.1174621582,73538,73548,10
12.9233102798,80.1176223755,73548,73558,10
12.9234199524,80.1178131104,73558,73568,10
12.9233999252,80.1181869507,73568,73578,10
12.9233798981,80.1187820435,73578,73588,10
12.9233598709,80.1193389893,73588,73598,10
12.9232997894,80.119682312,73598,73608,10
12.9232997894,80.1197128296,73608,73618,10
12.9232797623,80.1199798584,73618,73629,11
12.9232597351,80.1202468872,73629,73639,10
12.9232597351,80.1205825806,73639,73679,40
12.923210144,80.1209182739,73679,73780,101
12.923210144,80.1209182739,73780,73791,11
12.9231700897,80.1211395264,73791,73802,11
12.9231395721,80.1215591431,73802,73812,10
12.9231004715,80.1222076416,73812,73822,10
12.9230604172,80.1230621338,73822,73832,10
12.92304039,80.1239089966,73832,73843,11
12.9230003357,80.1246795654,73843,73853,10
12.9230098724,80.1254196167,73853,73893,40
12.9230098724,80.1254196167,73893,73903,10
12.922949791,80.1257781982,73903,73913,10
12.9229202271,80.126159668,73913,73923,10
12.9228897095,80.126739502,73923,73933,10
12.9228496552,80.1275405884,73933,73944,11
12.9228401184,80.1279983521,73944,73954,10
12.9228200912,80.1282577515,73954,73964,10
12.9228096008,80.1286468506,73964,73974,10
12.9227695465,80.1292724609,73974,73984,10
12.9227399826,80.1298675537,73984,73994,10
12.9227199554,80.1303787231,73994,74004,10
12.9227104187,80.1309204102,74004,74014,10
12.9226799011,80.1316299438,74014,74024,10
12.9226503372,80.1324996948,74024,74034,10
12.9226102829,80.1334381104,74034,74045,11
12.9225702286,80.1344223022,74045,74055,10
12.9225301743,80.1352386475,74055,74065,10
12.9224996567,80.1359863281,74065,74075,10
12.9224700928,80.1368103027,74075,74085,10
12.9224395752,80.1374511719,74085,74095,10
12.9224100113,80.1380233765,74095,74105,10
12.9223604202,80.1386566162,74105,74115,10
12.9223299026,80.1394500732,74115,74125,10
12.9223604202,80.1400527954,74125,74135,10
12.922369957,80.1402816772,74135,74145,10
12.922369957,80.1406936646,74145,74156,11
12.9223804474,80.1413269043,74156,74166,10
12.9223804474,80.1415100098,74166,74176,10
12.9223899841,80.1416778564,74176,74186,10
12.9223899841,80.1418685913,74186,74196,10
12.9223899841,80.1419219971,74196,74206,10
12.9224004745,80.1421966553,74206,74216,10
12.9224100113,80.1424789429,74216,74267,51
12.9224100113,80.1424789429,74267,74277,10
12.922419548,80.1428909302,74277,74287,10
12.9224596024,80.1433868408,74287,74297,10
12.9224996567,80.1437072754,74297,74307,10
12.9224996567,80.1437225342,74307,74317,10
12.9224796295,80.1440429688,74317,74327,10
12.9224796295,80.1446609497,74327,74337,10
12.9225196838,80.1455001831,74337,74347,10
12.9225597382,80.1465301514,74347,74357,10
12.9225797653,80.147277832,74357,74368,11
12.9225997925,80.1477432251,74368,74378,10
12.9225997925,80.1482391357,74378,74388,10
12.9226198196,80.1490707397,74388,74398,10
12.922659874,80.1501617432,74398,74408,10
12.9226799011,80.1510620117,74408,74418,10
12.9226999283,80.1512908936,74418,74428,10
12.9226903915,80.1513519287,74428,74438,10
12.9226799011,80.1515579224,74438,74448,10
12.9227104187,80.1520614624,74448,74458,10
12.9228696823,80.1528167725,74458,74475,17
12.9231700897,80.1540527344,74475,74487,12
12.9233703613,80.1547393799,74487,74497,10
12.9233999252,80.1548614502,74497,74506,9
12.9234800339,80.1552124023,74506,74517,11
12.9236402512,80.1559524536,74517,74527,10
12.923620224,80.1567001343,74527,74537,10
12.9235696793,80.1573181152,74537,74547,10
12.9235200882,80.1579666138,74547,74557,10
12.9234399796,80.1588668823,74557,74567,10
12.9233398438,80.1596908569,74567,74578,11
12.9232196808,80.1604995728,74578,74588,10
12.9231901169,80.1605606079,74588,74598,10
12.9230699539,80.1609191895,74598,74608,10
12.922829628,80.1616210938,74608,74618,10
12.9225196838,80.1625366211,74618,74628,10
12.9221897125,80.1635513306,74628,74638,10
12.9218797684,80.1645202637,74638,74648,10
12.9214801788,80.165802002,74648,74658,10
12.9210996628,80.1669311523,74658,74668,10
12.920800209,80.1679382324,74668,74679,11
12.9203996658,80.1691207886,74679,74689,10
12.9200801849,80.1702423096,74689,74699,10
12.9198102951,80.1711273193,74699,74709,10
12.9195995331,80.1718063354,74709,74719,10
12.9193696976,80.1726531982,74719,74729,10
12.919090271,80.1736984253,74729,74739,10
12.9189100266,80.1745681763,74739,74749,10
12.9185600281,80.1759185791,74749,74759,10
12.9183397293,80.176940918,74759,74769,10
12.9183101654,80.1781005859,74769,74780,11
12.9190397263,80.1791610718,74780,74789,9
12.9194297791,80.1801681519,74789,74800,11
12.919719696,80.1815490723,74800,74810,10
12.9199895859,80.1828079224,74810,74820,10
12.9202299118,80.1838989258,74820,74830,10
12.920419693,80.1847229004,74830,74840,10
12.9205799103,80.1853866577,74840,74850,10
12.9206399918,80.1856613159,74850,74860,10
12.920539856,80.1859588623,74860,74870,10
12.9201202393,80.1864624023,74870,74880,10
12.9195604324,80.1871032715,74880,74891,11
12.9188804626,80.1878967285,74891,74901,10
12.9182796478,80.1885299683,74901,74911,10
12.9176797867,80.1893463135,74911,74921,10
12.9174404144,80.1902389526,74921,74931,10
12.9173603058,80.1907424927,74931,74941,10
12.9172801971,80.1914367676,74941,74951,10
12.9171800613,80.1920394897,74951,74961,10
12.9171600342,80.1923522949,74961,74977,16
12.9170799255,80.193031311,74977,74989,12
12.9170598984,80.1932525635,74989,75000,11
12.9170303345,80.193359375,75000,75010,10
12.9169998169,80.1937026978,75010,75020,10
12.9170503616,80.1939163208,75020,75030,10
12.9170799255,80.1941223145,75030,75039,9
12.91726017,80.1944580078,75039,75049,10
12.9177999496,80.1949768066,75049,75060,11
12.9185695648,80.1956863403,75060,75070,10
12.9192304611,80.1962509155,75070,75079,9
12.919960022,80.1966094971,75079,75089,10
12.9206800461,80.1968383789,75089,75101,12
12.9215402603,80.1971511841,75101,75111,10
12.9223299026,80.1973419189,75111,75121,10
12.9230804443,80.1974487305,75121,75131,10
12.9233598709,80.197479248,75131,75132,1
12.9233798981,80.197479248,75132,75171,39
12.9254798889,80.1975326538,75171,75181,10
12.9260396957,80.1975402832,75181,75191,10
12.9266500473,80.1977005005,75191,75201,10
12.9272603989,80.1980285645,75201,75212,11
12.9277601242,80.1985473633,75212,75222,10
12.9280796051,80.1991729736,75222,75232,10
12.9283504486,80.1998977661,75232,75242,10
12.928440094,80.2006378174,75242,75252,10
12.9284696579,80.2013702393,75252,75269,17
12.9286003113,80.202583313,75269,75277,8
12.9291200638,80.2027282715,75277,75289,12
12.9294700623,80.2027664185,75289,75300,11
12.9295396805,80.2027816772,75300,75311,11
12.9300403595,80.2028579712,75311,75323,12
12.9308395386,80.2030029297,75323,75333,10
12.9315595627,80.2032318115,75333,75343,10
12.932299614,80.2034835815,75343,75353,10
12.932800293,80.20362854,75353,75363,10
12.9333200455,80.2038421631,75363,75373,10
12.9339599609,80.203918457,75373,75383,10
12.9344100952,80.2039794922,75383,75393,10
12.9349498749,80.2040786743,75393,75403,10
12.9356203079,80.2043685913,75403,75413,10
12.9363498688,80.2045974731,75413,75424,11
12.9371995926,80.2048416138,75424,75434,10
12.9380502701,80.2050704956,75434,75444,10
12.9387197495,80.2052612305,75444,75454,10
12.939450264,80.2054824829,75454,75464,10
12.9398698807,80.2055892944,75464,75474,10
12.939909935,80.2056121826,75474,75484,10
12.9402103424,80.2057113647,75484,75494,10
12.9407100677,80.2058792114,75494,75504,10
12.9412403107,80.2061233521,75504,75514,10
12.9418001175,80.2064819336,75514,75525,11
12.9423398972,80.2069168091,75525,75535,10
12.9426202774,80.2071762085,75535,75545,10
12.9428796768,80.2075576782,75545,75555,10
12.9433202744,80.2080078125,75555,75565,10
12.943860054,80.2082290649,75565,75575,10
12.9443998337,80.208442688,75575,75585,10
12.9450397491,80.2086791992,75585,75595,10
12.9457397461,80.2089385986,75595,75605,10
12.9465904236,80.2092590332,75605,75615,10
12.9473800659,80.2095718384,75615,75625,10
12.9481096268,80.2098693848,75625,75636,11
12.9489603043,80.2102203369,75636,75646,10
12.9500303268,80.2106399536,75646,75655,9
12.9510698318,80.2110519409,75655,75667,12
12.952460289,80.2116088867,75667,75677,10
12.9533004761,80.2119293213,75677,75687,10
12.9541797638,80.212272644,75687,75697,10
12.9552402496,80.2126922607,75697,75707,10
12.9562101364,80.2130584717,75707,75717,10
12.9571199417,80.2134170532,75717,75727,10
12.9581804276,80.2138366699,75727,75738,11
12.9592399597,80.2142715454,75738,75748,10
12.9602203369,80.2146835327,75748,75758,10
12.9611597061,80.215057373,75758,75768,10
12.9620704651,80.2154083252,75768,75778,10
12.9629001617,80.2157287598,75778,75788,10
12.9632902145,80.2158966064,75788,75798,10
12.9632997513,80.2158966064,75798,75808,10
12.9634599686,80.2159805298,75808,75818,10
12.9639797211,80.2162017822,75818,75828,10
12.9647302628,80.2165222168,75828,75839,11
12.9657001495,80.2169036865,75839,75849,10
12.9665403366,80.2172393799,75849,75859,10
12.9673299789,80.2175521851,75859,75869,10
12.9680204391,80.2178268433,75869,75879,10
12.968870163,80.2181396484,75879,75889,10
12.9699897766,80.2185897827,75889,75899,10
12.9710502625,80.2189788818,75899,75909,10
12.9712400436,80.2190475464,75909,75919,10
12.9715299606,80.2191925049,75919,75929,10
12.9721403122,80.2194595337,75929,75939,10
12.9729700089,80.2197799683,75939,75950,11
12.974029541,80.220199585,75950,75960,10
12.975060463,80.2206192017,75960,75980,20
12.975060463,80.2206192017,75980,75990,10
12.9752902985,80.2206878662,75990,76020,30
12.9752902985,80.2206878662,76020,76030,10
12.975399971,80.2207489014,76030,76040,10
12.9756002426,80.2209472656,76040,76051,11
12.9760599136,80.2212905884,76051,76061,10
12.9761295319,80.2212982178,76061,76071,10
12.9762096405,80.221321106,76071,76081,10
12.9765796661,80.2212982178,76081,76091,10
12.9773197174,80.221282959,76091,76101,10
12.9781398773,80.2212295532,76101,76111,10
12.978890419,80.2211685181,76111,76121,10
12.9797096252,80.2210998535,76121,76131,10
12.9804601669,80.2210235596,76131,76141,10
12.9811096191,80.2210998535,76141,76151,10
12.9817800522,80.2215118408,76151,76162,11
12.9823999405,80.2218399048,76162,76172,10
12.9825401306,80.2218780518,76172,76182,10
12.9827098846,80.2219314575,76182,76192,10
12.9828796387,80.2220230103,76192,76202,10
12.9830904007,80.2221221924,76202,76212,10
12.9832401276,80.2222213745,76212,76222,10
12.9835195541,80.2224197388,76222,76232,10
12.983830452,80.2226028442,76232,76242,10
12.9843301773,80.2228775024,76242,76252,10
12.9847602844,80.2231674194,76252,76263,11
12.9853401184,80.2233276367,76263,76273,10
12.9857797623,80.2230300903,76273,76283,10
12.9864702225,80.2229766846,76283,76293,10
12.9867401123,80.2229919434,76293,76303,10
12.9869003296,80.2230300903,76303,76313,10
12.9873399734,80.2230987549,76313,76323,10
12.987830162,80.2230224609,76323,76333,10
12.9884595871,80.2225799561,76333,76343,10
12.9890403748,80.2219390869,76343,76353,10
12.9895601273,80.2212524414,76353,76363,10
12.9900503159,80.2206420898,76363,76374,11
12.9903802872,80.2203826904,76374,76384,10
12.9906101227,80.2202224731,76384,76394,10
12.990940094,80.2199707031,76394,76404,10
12.9913101196,80.2196731567,76404,76414,10
12.9913301468,80.2196502686,76414,76424,10
12.9916696548,80.2194137573,76424,76434,10
12.992190361,80.2190322876,76434,76444,10
12.9929199219,80.218536377,76444,76454,10
12.9934997559,80.2180862427,76454,76464,10
12.994020462,80.2177505493,76464,76474,10
12.9944295883,80.2174530029,76474,76485,11
12.9945402145,80.2173614502,76485,76495,10
12.9945802689,80.2173233032,76495,76505,10
12.9948101044,80.2171478271,76505,76515,10
12.9948997498,80.2171020508,76515,76525,10
12.9952602386,80.2168731689,76525,76535,10
12.9959402084,80.2166213989,76535,76545,10
12.9968996048,80.2164916992,76545,76576,31
12.9968996048,80.2164916992,76576,76586,10
12.9972496033,80.2164306641,76586,76596,10
12.9975404739,80.2161178589,76596,76606,10
12.998000145,80.215713501,76606,76616,10
12.9986495972,80.2151412964,76616,76626,10
12.9991397858,80.2147216797,76626,76636,10
12.9994602203,80.2144622803,76636,76646,10
12.9999103546,80.2140579224,76646,76655,9
13.0003404617,80.2136611938,76655,76666,11
13.0009498596,80.2131271362,76666,76676,10
13.0012798309,80.2128829956,76676,76687,11
13.0018100739,80.2124786377,76687,76697,10
13.0024499893,80.2121505737,76697,76707,10
13.0031204224,80.212059021,76707,76717,10
13.0036697388,80.2120285034,76717,76727,10
13.0037698746,80.2120132446,76727,76737,10
13.0041599274,80.2121124268,76737,76747,10
13.0047502518,80.2123565674,76747,76757,10
13.0054101944,80.2127380371,76757,76767,10
13.0061502457,80.2128219604,76767,76777,10
13.0068798065,80.2127380371,76777,76787,10
13.0075597763,80.2128372192,76787,76804,17
13.0080404282,80.2132110596,76804,76816,12
13.008190155,80.2132873535,76816,76826,10
13.0086402893,80.2135772705,76826,76836,10
13.0091199875,80.2142486572,76836,76846,10
13.009519577,80.2148208618,76846,76856,10
13.0097303391,80.2151031494,76856,76866,10
13.0100898743,80.2155990601,76866,76876,10
13.0106096268,80.2163009644,76876,76886,10
13.010840416,80.2169265747,76886,76896,10
13.0111703873,80.2177810669,76896,76908,12
13.011639595,80.2191390991,76908,76918,10
13.0119895935,80.2202377319,76918,76928,10
13.0122804642,80.2210464478,76928,76938,10
13.0124197006,80.2216033936,76938,76948,10
13.0127601624,80.2221298218,76948,76958,10
13.0134000778,80.2228164673,76958,76968,10
13.0140800476,80.2236022949,76968,76977,9
13.0144195557,80.2241287231,76977,76987,10
13.0151100159,80.224822998,76987,76998,11
13.0153503418,80.2251281738,76998,77009,11
13.0154600143,80.2252883911,77009,77021,12
13.0154895782,80.2253570557,77021,77031,10
13.0153799057,80.225692749,77031,77040,9
13.0150699615,80.2259063721,77040,77051,11
13.0144701004,80.2260894775,77051,77061,10
13.0142002106,80.2260894775,77061,77071,10
13.0142202377,80.2257614136,77071,77627,556
13.0142202377,80.2257614136,77627,77637,10
13.0142097473,80.2256088257,77637,77647,10
13.0143203735,80.2253417969,77647,77657,10
13.0145998001,80.2254562378,77657,77667,10
