13.0747804642,80.2754821777,14,1154,1140
13.0747804642,80.2754821777,1154,1164,10
13.0748300552,80.2753601074,1164,1174,10
13.0749597549,80.275177002,1174,1184,10
13.075220108,80.2749862671,1184,1204,20
13.075220108,80.2749862671,1204,1214,10
13.0755701065,80.2749023438,1214,1224,10
13.0757598877,80.2749862671,1224,1234,10
13.0758304596,80.2752075195,1234,1244,10
13.0759096146,80.2755279541,1244,2605,1361
13.0755596161,80.2755813599,2605,3775,1170
13.0756998062,80.2757034302,3775,4320,545
13.0759801865,80.2756195068,4320,8911,4591
13.0759801865,80.2756195068,8911,8921,10
13.0759496689,80.275428772,8921,8931,10
13.0759096146,80.275177002,8931,8941,10
13.0758600235,80.2749862671,8941,8951,10
13.0756196976,80.2747879028,8951,16198,7247
13.0756196976,80.2747879028,16198,16208,10
13.075510025,80.2747268677,16208,17177,969
13.0756597519,80.2747879028,17177,17258,81
13.0754098892,80.2747802734,17258,17278,20
13.0756196976,80.2749176025,17278,17409,131
13.0756196976,80.2749176025,17409,17419,10
13.0751895905,80.2746734619,17419,17429,10
13.074640274,80.2742767334,17429,17530,101
13.0754804611,80.2750396729,17530,17611,81
13.0759296417,80.2761230469,17611,17701,90
13.0758695602,80.2755737305,17701,17814,113
13.0759401321,80.2764892578,17814,17925,111
13.075920105,80.2755126953,17925,17935,10
13.075920105,80.2755126953,17935,17946,11
13.0758600235,80.2755966187,17946,18331,385
13.0821399689,80.2755889893,18331,18625,294
13.0729799271,80.2856369019,18625,18656,31
13.0729799271,80.2856369019,18656,18666,10
13.0676898956,80.2840194702,18666,18676,10
13.0666599274,80.2841567993,18676,18684,8
13.0666599274,80.2841567993,18684,18696,12
13.0652799606,80.2838134766,18696,18706,10
13.0642900467,80.2835388184,18706,18716,10
13.0634803772,80.2833404541,18716,18726,10
13.0625400543,80.2830963135,18726,18736,10
13.06153965,80.2829589844,18736,18746,10
13.0604801178,80.282661438,18746,18756,10
13.0593900681,80.2824401855,18756,18766,10
13.0583400726,80.2822265625,18766,18777,11
13.0572004318,80.2819976807,18777,18787,10
13.0566196442,80.2818374634,18787,18797,10
13.0566396713,80.281867981,18797,18807,10
13.0560998917,80.2817001343,18807,18817,10
13.0552396774,80.281578064,18817,18827,10
13.0542497635,80.2814178467,18827,18837,10
13.0530900955,80.2811889648,18837,18847,10
13.0519504547,80.2810211182,18847,18857,10
13.0508899689,80.2808914185,18857,18867,10
13.0502300262,80.2807388306,18867,18878,11
13.0501003265,80.2806091309,18878,18888,10
13.0499696732,80.280708313,18888,18899,11
13.0493202209,80.2806167603,18899,18909,10
13.0484304428,80.2805023193,18909,18919,10
13.0473899841,80.2803573608,18919,18929,10
13.0463895798,80.2802429199,18929,18939,10
13.0457296371,80.2802124023,18939,18949,10
13.0451498032,80.2800827026,18949,18958,9
13.0443696976,80.2799911499,18958,18969,11
13.0433101654,80.279800415,18969,18979,10
13.0422897339,80.279510498,18979,18989,10
13.0412797928,80.2793426514,18989,18999,10
13.0401201248,80.2791671753,18999,19010,11
13.0391798019,80.2788696289,19010,19019,9
13.0390300751,80.2787399292,19019,19031,12
13.0388202667,80.2787475586,19031,19041,10
13.0382099152,80.2785873413,19041,19051,10
13.037320137,80.2783126831,19051,19061,10
13.036529541,80.2780303955,19061,19071,10
13.0357103348,80.2778396606,19071,19081,10
13.0349197388,80.2777175903,19081,19091,10
13.034119606,80.2775192261,19091,19101,10
13.0334396362,80.2774124146,19101,19110,9
13.0328903198,80.2775192261,19110,19122,12
13.0320196152,80.2776107788,19122,19132,10
13.0313196182,80.2775802612,19132,19142,10
13.0308103561,80.2772216797,19142,19152,10
13.0301399231,80.2768173218,19152,19162,10
13.029540062,80.2766494751,19162,19172,10
13.0288801193,80.2764587402,19172,19182,10
13.0283002853,80.2762298584,19182,19190,8
13.0277500153,80.2760009766,19190,19202,12
13.0269203186,80.2756271362,19202,19212,10
13.0262899399,80.275352478,19212,19222,10
13.0260000229,80.2752227783,19222,19232,10
13.0258998871,80.2751617432,19232,19242,10
13.0254802704,80.2749710083,19242,19253,11
13.0246601105,80.2745819092,19253,19263,10
13.0240697861,80.2739562988,19263,19273,10
13.0235004425,80.2731781006,19273,19283,10
13.0229196548,80.2724380493,19283,19293,10
13.0223197937,80.2716598511,19293,19303,10
13.0218601227,80.2710266113,19303,19313,10
13.0214004517,80.2704772949,19313,19323,10
13.0209503174,80.2699432373,19323,19333,10
13.0208396912,80.2698135376,19333,19343,10
13.0206804276,80.2695922852,19343,19353,10
13.0203504562,80.2691421509,19353,19364,11
13.0197200775,80.2683563232,19364,19374,10
13.0190896988,80.2676010132,19374,19384,10
13.0187101364,80.2667388916,19384,19394,10
13.0187301636,80.2655563354,19394,19404,10
13.0189399719,80.2648162842,19404,19414,10
13.0189399719,80.2648162842,19414,19422,8
13.0190696716,80.2642364502,19422,19434,12
13.0190296173,80.2638397217,19434,19444,10
13.018989563,80.2635726929,19444,19454,10
13.0188999176,80.2631607056,19454,19464,10
13.0188102722,80.262298584,19464,19475,11
13.0186700821,80.2614212036,19475,19485,10
13.0181398392,80.2609634399,19485,19497,12
13.0172700882,80.2603683472,19497,19507,10
13.0164604187,80.2598571777,19507,19517,10
13.0157403946,80.2595214844,19517,19527,10
13.0148696899,80.2593231201,19527,19537,10
13.0138702393,80.2592697144,19537,19547,10
13.0128202438,80.2592391968,19547,19557,10
13.0117902756,80.2592086792,19557,19567,10
13.0108098984,80.2592010498,19567,19577,10
13.0098199844,80.2592086792,19577,19587,10
13.008939743,80.2592010498,19587,19598,11
13.0085897446,80.2591934204,19598,19608,10
13.0080604553,80.2592010498,19608,19618,10
13.0078001022,80.2593231201,19618,19629,11
13.0076999664,80.2593383789,19629,19639,10
13.007349968,80.2596588135,19639,19649,10
13.0072002411,80.2603225708,19649,19659,10
13.0073604584,80.261100769,19659,19669,10
13.007610321,80.2620010376,19669,19679,10
13.0077896118,80.2627563477,19679,19690,11
13.007900238,80.2631912231,19690,19700,10
13.0080299377,80.2638626099,19700,19711,11
13.0080604553,80.264793396,19711,19721,10
13.0078802109,80.2657012939,19721,19731,10
13.0077295303,80.2662887573,19731,19741,10
13.007610321,80.2667694092,19741,19751,10
13.0073003769,80.2681121826,19751,19761,10
13.0073003769,80.2681121826,19761,19771,10
13.0071401596,80.2688980103,19771,19781,10
13.0069999695,80.2697219849,19781,19791,10
13.0066995621,80.2703399658,19791,19801,10
13.0061702728,80.2704162598,19801,19811,10
13.0053796768,80.2699508667,19811,19822,11
13.0043802261,80.2693099976,19822,19832,10
13.003780365,80.2689285278,19832,19842,10
13.0034999847,80.2687988281,19842,19852,10
13.0032501221,80.2686920166,19852,19862,10
13.0030403137,80.2685470581,19862,19872,10
13.0024900436,80.2681884766,19872,19882,10
13.001709938,80.2677078247,19882,19892,10
13.0010900497,80.2673416138,19892,19902,10
13.0010299683,80.2673110962,19902,19912,10
13.0008001328,80.2671508789,19912,19922,10
13.0002403259,80.2668609619,19922,19932,10
12.9994401932,80.2670211792,19932,19943,11
12.9984397888,80.2673034668,19943,19953,10
12.9976396561,80.2675170898,19953,19963,10
12.996629715,80.2677612305,19963,19973,10
12.9958095551,80.2677001953,19973,19983,10
12.995639801,80.2673797607,19983,19993,10
12.9956502914,80.267326355,19993,20003,10
12.9956998825,80.2671203613,20003,20013,10
12.9957704544,80.2665405273,20013,20024,11
12.995880127,80.2655792236,20024,20034,10
12.9959697723,80.2647781372,20034,20044,10
12.9960603714,80.2640304565,20044,20055,11
12.9961500168,80.2632217407,20055,20065,10
12.9961996078,80.2626495361,20065,20075,10
12.9962701797,80.2620773315,20075,20085,10
12.9963598251,80.2613220215,20085,20093,8
12.9965600967,80.2593994141,20093,20105,12
12.9965600967,80.2593994141,20105,20115,10
12.9966602325,80.2584381104,20115,20125,10
12.9967803955,80.2572784424,20125,20135,10
12.9968595505,80.2560882568,20135,20165,30
12.9968595505,80.2560882568,20165,20176,11
12.9968795776,80.2555465698,20176,20186,10
12.9968099594,80.2548522949,20186,20196,10
12.9963598251,80.2541275024,20196,20206,10
12.9956598282,80.2534713745,20206,20215,9
12.9951200485,80.2528381348,20215,20226,11
12.9947795868,80.2524108887,20226,20236,10
12.994389534,80.2525405884,20236,20246,10
12.9941501617,80.2526016235,20246,20256,10
12.9935598373,80.2527618408,20256,20266,10
12.992770195,80.2528991699,20266,20276,10
12.9918899536,80.2529907227,20276,20287,11
12.9912004471,80.2534408569,20287,20297,10
12.9909000397,80.2541427612,20297,20307,10
12.9908399582,80.2548980713,20307,20317,10
12.990819931,80.2557296753,20317,20327,10
12.9905700684,80.2559890747,20327,20337,10
12.9899396896,80.2559890747,20337,20347,10
12.9890604019,80.2559585571,20347,20357,10
12.9886102676,80.2559280396,20357,20367,10
12.9885101318,80.2559127808,20367,20377,10
12.9880199432,80.2558364868,20377,20387,10
12.9876003265,80.2561569214,20387,20397,10
12.9875402451,80.2570495605,20397,20408,11
12.9874696732,80.2580871582,20408,20418,10
12.9874000549,80.2589111328,20418,20427,9
12.9872903824,80.2592926025,20427,20438,11
12.9871997833,80.2595672607,20438,20519,81
12.9871997833,80.2595672607,20519,20529,10
12.9868898392,80.2595367432,20529,20539,10
12.9866600037,80.2595062256,20539,20549,10
12.9865903854,80.2593002319,20549,20559,10
12.9866695404,80.2590866089,20559,20569,10
12.9868297577,80.2590332031,20569,21316,747
12.9870901108,80.2590408325,21316,21336,20
12.9873399734,80.2590866089,21336,21367,31
12.9873399734,80.2590866089,21367,21377,10
12.9873800278,80.258972168,21377,21386,9
12.9874000549,80.2587203979,21386,21397,11
12.9874401093,80.2582778931,21397,21407,10
12.9874601364,80.2579727173,21407,21417,10
12.9874801636,80.2574234009,21417,21427,10
12.9875402451,80.2567977905,21427,21437,10
12.9876003265,80.2560119629,21437,21447,10
12.9876203537,80.255821228,21447,21457,10
12.9877700806,80.2557373047,21457,21467,10
12.9882202148,80.2557907104,21467,21478,11
12.9884395599,80.2558135986,21478,21487,9
12.988530159,80.2558288574,21487,21500,13
12.9891195297,80.2559127808,21500,21510,10
12.989780426,80.2559585571,21510,21520,10
12.9904403687,80.2559432983,21520,21530,10
12.9907398224,80.2556381226,21530,21540,10
12.9907598495,80.2549514771,21540,21550,10
12.9908304214,80.2541809082,21550,21560,10
12.991230011,80.2535018921,21560,21570,10
12.9919900894,80.2530822754,21570,21594,24
12.9937496185,80.2528076172,21594,21606,12
12.9946403503,80.2525634766,21606,21616,10
12.9950504303,80.2525634766,21616,21624,8
12.9951000214,80.2528610229,21624,21636,12
12.9951601028,80.2529602051,21636,21646,10
12.9955301285,80.2533798218,21646,21656,10
12.9961299896,80.2539520264,21656,21666,10
12.9967403412,80.2546615601,21666,21676,10
12.9969100952,80.2554168701,21676,21686,10
12.9969501495,80.2558364868,21686,21706,20
12.9969501495,80.2558364868,21706,21717,11
12.9969100952,80.2561187744,21717,21727,10
12.9968795776,80.2565383911,21727,21735,8
12.9968204498,80.2571792603,21735,21745,10
12.9967298508,80.2580337524,21745,21756,11
12.996629715,80.2590103149,21756,21768,12
12.996509552,80.2599868774,21768,21778,10
12.9964399338,80.2607803345,21778,21788,10
12.9963598251,80.2615737915,21788,21799,11
12.9962997437,80.2621994019,21799,21809,10
12.9962596893,80.2624816895,21809,21819,10
12.996219635,80.2627105713,21819,21829,10
12.9961795807,80.2631225586,21829,21839,10
12.9961299896,80.2637329102,21839,21849,10
12.9960403442,80.2644729614,21849,21859,10
12.9959602356,80.265296936,21859,21868,9
12.9958600998,80.265838623,21868,21879,11
12.995759964,80.2668762207,21879,21889,10
12.9957399368,80.267616272,21889,21899,10
12.9961395264,80.2677001953,21899,21910,11
12.9961500168,80.2677001953,21910,21920,10
12.996219635,80.2677230835,21920,21930,10
12.9967002869,80.2677612305,21930,21940,10
12.9974002838,80.2676086426,21940,21950,10
12.9983596802,80.2673416138,21950,21959,9
12.9991102219,80.2671432495,21959,21970,11
13.0001001358,80.2668228149,21970,21979,9
13.0010004044,80.2672805786,21979,22000,21
13.0010004044,80.2672805786,22000,22011,11
13.0013904572,80.2675018311,22011,22021,10
13.0020103455,80.2678909302,22021,22031,10
13.0027999878,80.268371582,22031,22041,10
13.0033397675,80.2686691284,22041,22051,10
13.0034303665,80.2687530518,22051,22061,10
13.0036497116,80.2689437866,22061,22071,10
13.0040302277,80.2691192627,22071,22081,10
13.0047998428,80.2696228027,22081,22090,9
13.0055198669,80.2700805664,22090,22101,11
13.0064201355,80.2704696655,22101,22111,10
13.0069599152,80.2697982788,22111,22122,11
13.0071496964,80.2686462402,22122,22132,10
13.0073795319,80.2675704956,22132,22142,10
13.0076198578,80.2665481567,22142,22152,10
13.0077295303,80.2661514282,22152,22162,10
13.0078802109,80.2654876709,22162,22172,10
13.0080404282,80.2646179199,22172,22182,10
13.0080099106,80.2638778687,22182,22191,9
13.007809639,80.2630996704,22191,22203,12
13.0076799393,80.2625274658,22203,22213,10
13.007519722,80.2618408203,22213,22223,10
13.0073003769,80.2610015869,22223,22233,10
13.0071802139,80.2601928711,22233,22244,11
13.0073204041,80.2592468262,22244,22254,10
13.0074796677,80.2587203979,22254,22264,10
13.0079698563,80.2588119507,22264,22274,10
13.0085296631,80.2589492798,22274,22284,10
13.008600235,80.2589874268,22284,22294,10
13.0090303421,80.2590637207,22294,22304,10
13.0098600388,80.2590637207,22304,22314,10
13.0109100342,80.2590713501,22314,22324,10
13.0120401382,80.2590637207,22324,22334,10
13.0132703781,80.2591094971,22334,22344,10
13.0145397186,80.2591629028,22344,22354,10
13.0156602859,80.2592926025,22354,22365,11
13.0164203644,80.2596588135,22365,22375,10
13.0168399811,80.2599868774,22375,22385,10
13.0176200867,80.2605285645,22385,22395,10
13.0185003281,80.261138916,22395,22405,10
13.0191001892,80.2616424561,22405,22415,10
13.0198602676,80.2623596191,22415,22424,9
13.0203104019,80.2627792358,22424,22435,11
13.0200595856,80.2630004883,22435,22445,10
13.0194396973,80.2629470825,22445,22455,10
13.0190601349,80.2629623413,22455,22466,11
13.019080162,80.2635803223,22466,22476,10
13.0191202164,80.2644119263,22476,22486,10
13.0188903809,80.2652206421,22486,22496,10
13.0187702179,80.265663147,22496,22506,10
13.0187101364,80.2665100098,22506,22516,10
13.0189399719,80.2673721313,22516,22525,9
13.0195798874,80.2682113647,22525,22536,11
13.020359993,80.2691497803,22536,22546,10
13.0210504532,80.2699584961,22546,22556,10
13.0214595795,80.2704315186,22556,22566,10
13.0215101242,80.2705078125,22566,22577,11
13.0218696594,80.2709732056,22577,22587,10
13.022480011,80.2717666626,22587,22597,10
13.0231199265,80.2726364136,22597,22607,10
13.0237197876,80.2734222412,22607,22617,10
13.0240602493,80.2739028931,22617,22627,10
13.0244197845,80.2744293213,22627,22637,10
13.0251302719,80.274810791,22637,22647,10
13.0253400803,80.2749023438,22647,22657,10
13.0254602432,80.2749633789,22657,22667,10
13.0257301331,80.2750930786,22667,22678,11
13.026140213,80.2752838135,22678,22687,9
13.0267801285,80.2755584717,22687,22698,11
13.0276699066,80.2759933472,22698,22708,10
13.0284900665,80.2763366699,22708,22718,10
13.0293102264,80.2766113281,22718,22728,10
13.0299501419,80.2767562866,22728,22738,10
13.0300998688,80.27684021,22738,22748,10
13.0305204391,80.2770385742,22748,22758,10
13.0312204361,80.2774581909,22758,22768,10
13.0320796967,80.277557373,22768,22778,10
13.0327196121,80.2774887085,22778,22799,21
13.0333595276,80.2773971558,22799,22811,12
13.0341501236,80.2774810791,22811,22821,10
13.0349998474,80.2776412964,22821,22831,10
13.0358200073,80.2778015137,22831,22840,9
13.0366201401,80.2779922485,22840,22852,12
13.0375404358,80.2783203125,22852,22862,10
13.0383996964,80.2785797119,22862,22872,10
13.039059639,80.2787399292,22872,22882,10
13.039440155,80.2788772583,22882,22892,10
13.0402002335,80.2790985107,22892,22903,11
13.0412797928,80.2793502808,22903,22913,10
13.0424404144,80.279510498,22913,22923,10
13.0431404114,80.2795791626,22923,22983,60
13.0431404114,80.2795791626,22983,22993,10
13.0434398651,80.2796478271,22993,23003,10
13.0441303253,80.279838562,23003,23013,10
13.0450401306,80.2799835205,23013,23024,11
13.0457601547,80.2800827026,23024,23034,10
13.0460395813,80.2801208496,23034,23044,10
13.0466499329,80.2802124023,23044,23054,10
13.0477199554,80.2803573608,23054,23064,10
13.0487499237,80.2805023193,23064,23074,10
13.0493402481,80.2805786133,23074,23083,9
13.0494203568,80.2805862427,23083,23094,11
13.049949646,80.2806777954,23094,23104,10
13.0507898331,80.2808227539,23104,23115,11
13.0517501831,80.2809524536,23115,23125,10
13.0528097153,80.2811203003,23125,23135,10
13.0538597107,80.2813110352,23135,23145,10
13.0551099777,80.281539917,23145,23155,10
13.0565099716,80.2818069458,23155,23175,20
13.0565099716,80.2818069458,23175,23185,10
13.0569000244,80.2818984985,23185,23195,10
13.0576400757,80.2820587158,23195,23206,11
13.0586204529,80.2822570801,23206,23216,10
13.0596399307,80.2824783325,23216,23227,11
13.0609302521,80.2827606201,23227,23237,10
13.0621795654,80.2830429077,23237,23247,10
13.0631799698,80.2832183838,23247,23257,10
13.063750267,80.2833633423,23257,23267,10
13.0637798309,80.2833633423,23267,23277,10
13.064040184,80.2834320068,23277,23287,10
13.0648803711,80.2836380005,23287,23297,10
13.0661401749,80.2839431763,23297,23307,10
13.0675697327,80.2842102051,23307,23317,10
13.0687999725,80.2844161987,23317,23327,10
13.0697603226,80.2846603394,23327,23338,11
13.0708904266,80.2849807739,23338,23348,10
13.0720796585,80.2852630615,23348,23358,10
13.0734596252,80.2853469849,23358,23368,10
13.0743198395,80.2860031128,23368,23378,10
13.0748100281,80.2863464355,23378,23388,10
13.0752096176,80.2866210938,23388,23398,10
13.075799942,80.2869415283,23398,23408,10
13.0769195557,80.2872619629,23408,23418,10
13.0781297684,80.2875823975,23418,23428,10
13.0790300369,80.2878494263,23428,23438,10
13.0798797607,80.2881088257,23438,23449,11
13.080619812,80.2882614136,23449,23459,10
13.0810604095,80.2884292603,23459,23469,10
13.0818395615,80.2886962891,23469,23479,10
13.0828199387,80.289100647,23479,23489,10
13.0838003159,80.2892227173,23489,23499,10
13.084810257,80.2891769409,23499,23509,10
13.0859603882,80.2893371582,23509,23519,10
13.087100029,80.2896575928,23519,23529,10
13.0879802704,80.2900085449,23529,23539,10
13.0888395309,80.290222168,23539,23590,51
13.0888395309,80.290222168,23590,23600,10
13.0888700485,80.2903671265,23600,23610,10
13.0884799957,80.2903137207,23610,23620,10
13.0877304077,80.2899780273,23620,23630,10
13.086810112,80.289680481,23630,23640,10
13.0859603882,80.2894821167,23640,23650,10
13.0854997635,80.2889404297,23650,23660,10
13.0851697922,80.2880783081,23660,23671,11
13.0851898193,80.286819458,23671,23681,10
13.0853004456,80.2855834961,23681,23691,10
13.0853300095,80.2845077515,23691,23701,10
13.0852804184,80.284072876,23701,23711,10
13.0854301453,80.2837371826,23711,23721,10
13.0856304169,80.2835388184,23721,23731,10
13.0859899521,80.2835464478,23731,23741,10
13.0863103867,80.2836074829,23741,23751,10
13.086810112,80.283996582,23751,24577,826
13.086810112,80.283996582,24577,24587,10
13.0870399475,80.2838973999,24587,24597,10
13.087220192,80.2839126587,24597,24607,10
13.0874996185,80.2839126587,24607,24617,10
13.0877895355,80.2839202881,24617,24627,10
13.0880098343,80.2839431763,24627,24647,20
13.0880098343,80.2839431763,24647,24657,10
13.0881595612,80.2839126587,24657,24667,10
13.0881996155,80.2837219238,24667,24678,11
13.088259697,80.2836074829,24678,24688,10
13.0883197784,80.283416748,24688,24698,10
13.0883197784,80.2829971313,24698,24708,10
13.0882997513,80.282409668,24708,24718,10
13.0881795883,80.2818222046,24718,24728,10
13.0881996155,80.2814178467,24728,24738,10
13.0885400772,80.2816085815,24738,24748,10
13.0885000229,80.2821121216,24748,24758,10
13.0884199142,80.282623291,24758,24768,10
13.0884103775,80.2828826904,24768,24778,10
13.0883903503,80.2833175659,24778,24789,11
13.0884199142,80.2840881348,24789,24799,10
13.0884799957,80.2848587036,24799,24809,10
13.0885095596,80.285369873,24809,24819,10
13.0885400772,80.2859420776,24819,24829,10
13.088549614,80.2864379883,24829,24839,10
13.088549614,80.2868423462,24839,24849,10
13.0886201859,80.287399292,24849,24859,10
13.088640213,80.2875976563,24859,24869,10
13.0886802673,80.2880935669,24869,24879,10
13.0887203217,80.28855896,24879,24889,10
13.0887498856,80.2888565063,24889,24900,11
13.0888004303,80.2893295288,24900,24910,10
13.0888204575,80.2901916504,24910,24950,40
13.0888204575,80.2901916504,24950,24960,10
13.0888004303,80.2904510498,24960,24970,10
13.0883102417,80.2902526855,24970,24980,10
13.0875701904,80.2898788452,24980,24990,10
13.0867004395,80.2895507813,24990,25000,10
13.0855703354,80.2892608643,25000,25010,10
13.0845603943,80.2891998291,25010,25021,11
13.0834703445,80.2892227173,25021,25031,10
13.0825195313,80.2889862061,25031,25041,10
13.0814599991,80.2885818481,25041,25051,10
13.080450058,80.2882766724,25051,25061,10
13.0800104141,80.288192749,25061,25071,10
13.0797796249,80.2881317139,25071,25081,10
13.0791196823,80.287940979,25081,25091,10
13.0781602859,80.2875976563,25091,25101,10
13.0769500732,80.2873001099,25101,25117,16
13.0741701126,80.2861480713,25117,25139,22
13.0741701126,80.2861480713,25139,25150,11
13.074090004,80.2861328125,25150,25159,9
13.0736703873,80.2860412598,25159,25170,11
13.072930336,80.2857208252,25170,25180,10
13.0721302032,80.2853469849,25180,25190,10
13.0711603165,80.2851028442,25190,25200,10
13.0698299408,80.2847671509,25200,25210,10
13.0684995651,80.2844467163,25210,25220,10
13.0673103333,80.2842407227,25220,25230,10
13.0658197403,80.2838973999,25230,25241,11
13.0642995834,80.2835617065,25241,25251,10
13.0631504059,80.2832565308,25251,25261,10
13.0625696182,80.2831420898,25261,25271,10
13.0624399185,80.2830963135,25271,25281,10
13.0618801117,80.2829818726,25281,25291,10
13.0609998703,80.2827911377,25291,25301,10
13.0600004196,80.2825698853,25301,25311,10
13.0588598251,80.2823486328,25311,25321,10
13.0578899384,80.2821502686,25321,25331,10
13.0575895309,80.2820892334,25331,25341,10
13.0566997528,80.2819137573,25341,25362,21
13.0566997528,80.2819137573,25362,25372,10
13.0565500259,80.281867981,25372,25382,10
13.0559997559,80.2817611694,25382,25392,10
13.0552301407,80.2816009521,25392,25402,10
13.054309845,80.2814102173,25402,25412,10
13.0532903671,80.2812271118,25412,25422,10
13.0522699356,80.2810821533,25422,25432,10
13.0514097214,80.2809524536,25432,25442,10
13.0508899689,80.2808685303,25442,25452,10
13.0504798889,80.2808227539,25452,25463,11
13.0502195358,80.2807769775,25463,25473,10
13.0494699478,80.2806472778,25473,25483,10
13.0484104156,80.2805099487,25483,25493,10
13.0473203659,80.2803497314,25493,25503,10
13.0462303162,80.2801971436,25503,25513,10
13.0456495285,80.280128479,25513,25523,10
13.0455904007,80.2801208496,25523,25539,16
13.0447397232,80.2800216675,25539,25551,12
13.0435695648,80.2798309326,25551,25561,10
13.0425195694,80.279586792,25561,25571,10
13.0416202545,80.2794189453,25571,25581,10
13.0402097702,80.2791366577,25581,25591,10
13.0393104553,80.2789077759,25591,25602,11
13.0390396118,80.2788391113,25602,25611,9
13.0389499664,80.278793335,25611,25622,11
13.0384197235,80.2786026001,25622,25632,10
13.0376396179,80.2783584595,25632,25643,11
13.036939621,80.2781600952,25643,25652,9
13.0366201401,80.2780380249,25652,25662,10
13.0364999771,80.2779922485,25662,25673,11
13.0358695984,80.2778167725,25673,25684,11
13.0349702835,80.2776870728,25684,25694,10
13.0341300964,80.2774887085,25694,25704,10
13.0335197449,80.2773666382,25704,25714,10
13.0329904556,80.2774734497,25714,25724,10
13.032409668,80.2774963379,25724,25734,10
13.0316801071,80.2775726318,25734,25744,10
13.0310297012,80.2773132324,25744,25754,10
13.0309295654,80.2772369385,25754,25764,10
13.0306301117,80.2770614624,25764,25774,10
13.0304203033,80.2769393921,25774,25784,10
13.029999733,80.2768325806,25784,25794,10
13.0291004181,80.2766036987,25794,25805,11
13.0279998779,80.2761383057,25805,25815,10
13.0269603729,80.2757034302,25815,25825,10
13.0261096954,80.2753067017,25825,25835,10
13.0259599686,80.2752304077,25835,25845,10
13.025639534,80.275062561,25845,25855,10
13.024939537,80.2747497559,25855,25865,10
13.0242996216,80.274307251,25865,25875,10
13.0241003036,80.2740783691,25875,25885,10
13.0237398148,80.2735595703,25885,25895,10
13.0232601166,80.2729034424,25895,25905,10
13.0227098465,80.2721633911,25905,25922,17
13.0217399597,80.2708892822,25922,25934,12
13.0211601257,80.2702178955,25934,25944,10
13.0209999084,80.2700195313,25944,25952,8
13.0209302902,80.2699127197,25952,25964,12
13.0205602646,80.2694625854,25964,25974,10
13.0198497772,80.2685928345,25974,25984,10
13.0191802979,80.2677383423,25984,25994,10
13.0187397003,80.266960144,25994,26004,10
13.0186300278,80.2660369873,26004,26014,10
13.0187597275,80.2654190063,26014,26025,11
13.0190200806,80.2644729614,26025,26035,10
13.0190200806,80.263710022,26035,26045,10
13.0189695358,80.263381958,26045,26055,10
13.0189399719,80.2630996704,26055,26065,10
13.0189199448,80.2629089355,26065,26075,10
13.0188703537,80.262336731,26075,26085,10
13.0187597275,80.2615203857,26085,26095,10
13.0183401108,80.2610626221,26095,26105,10
13.0178403854,80.2607421875,26105,26115,10
13.0173597336,80.2603988647,26115,26125,10
13.0167102814,80.260017395,26125,26136,11
13.0163002014,80.2597808838,26136,26146,10
13.0161800385,80.2597122192,26146,26156,10
13.0155601501,80.2594070435,26156,26166,10
13.0145101547,80.2593002319,26166,26176,10
13.0134000778,80.2592697144,26176,26192,16
13.011639595,80.2592086792,26192,26204,12
13.0107498169,80.2592086792,26204,26214,10
13.00963974,80.2592163086,26214,26224,10
13.0090103149,80.2591781616,26224,26235,11
13.008649826,80.2591934204,26235,26246,11
13.0079298019,80.259262085,26246,26257,11
13.0073699951,80.2591629028,26257,26267,10
13.0072097778,80.2586975098,26267,26277,10
13.0068798065,80.258102417,26277,26287,10
13.0064601898,80.2576599121,26287,26297,10
13.0057697296,80.2574386597,26297,26307,10
13.0050897598,80.2572479248,26307,26317,10
13.004360199,80.2570877075,26317,26327,10
13.0035400391,80.2569122314,26327,26337,10
13.0027799606,80.2567825317,26337,26347,10
13.0018796921,80.256652832,26347,26381,34
13.0018796921,80.256652832,26381,26391,10
13.001709938,80.2566299438,26391,26400,9
13.0012798309,80.2565765381,26400,26411,11
13.0004396439,80.2564315796,26411,26422,11
12.9997997284,80.2563323975,26422,26432,10
12.9993200302,80.2562332153,26432,26442,10
12.998840332,80.2561416626,26442,26452,10
12.9986801147,80.2561187744,26452,26462,10
12.9986400604,80.2560806274,26462,26473,11
12.9981498718,80.2559814453,26473,26482,9
12.9976701736,80.2559204102,26482,26493,11
12.9974603653,80.2559204102,26493,26503,10
12.9970502853,80.2559280396,26503,26513,10
12.9965896606,80.2559432983,26513,26523,10
12.9958400726,80.2558898926,26523,26533,10
12.9952001572,80.2558822632,26533,26543,10
12.9943599701,80.255897522,26543,26553,10
12.9935903549,80.2559890747,26553,26563,10
12.9926204681,80.2560424805,26563,26573,10
12.9915800095,80.2560424805,26573,26583,10
12.9906702042,80.2560195923,26583,26600,17
12.9894399643,80.2559814453,26600,26612,12
12.9886598587,80.2559280396,26612,26622,10
12.9884195328,80.2559204102,26622,26632,10
12.9880304337,80.2558822632,26632,26642,10
12.9876403809,80.256187439,26642,26651,9
12.9875898361,80.2568435669,26651,26662,11
12.9875001907,80.2579803467,26662,26672,10
12.9874200821,80.2589416504,26672,26682,10
12.9873199463,80.2594299316,26682,26704,22
12.9873199463,80.2594299316,26704,26713,9
12.9872903824,80.2595825195,26713,26724,11
12.987159729,80.2596817017,26724,26734,10
12.9869403839,80.2596511841,26734,27835,1101
12.9869403839,80.2596511841,27835,27845,10
12.9868402481,80.2596893311,27845,27855,10
12.9865598679,80.2597198486,27855,27865,10
12.9862604141,80.2596817017,27865,27875,10
12.9857997894,80.2596588135,27875,27885,10
12.9851703644,80.2595672607,27885,27895,10
12.984459877,80.2594909668,27895,27905,10
12.9839000702,80.2595214844,27905,27915,10
12.983420372,80.2594985962,27915,27926,11
12.9828996658,80.2594604492,27926,27936,10
12.9823703766,80.2593994141,27936,27946,10
12.9816904068,80.2593688965,27946,27956,10
12.9810199738,80.2593612671,27956,27966,10
12.9806699753,80.2593612671,27966,27976,10
12.9803199768,80.2593231201,27976,27986,10
12.9797296524,80.2592391968,27986,27996,10
12.9792404175,80.2591629028,27996,28006,10
12.978679657,80.2591171265,28006,28016,10
12.9779596329,80.2591705322,28016,28026,10
12.9774599075,80.2591781616,28026,28037,11
12.9766998291,80.2591323853,28037,28047,10
12.9758796692,80.2589797974,28047,28057,10
12.9751195908,80.2587509155,28057,28067,10
12.9740600586,80.2584381104,28067,28097,30
12.9740600586,80.2584381104,28097,28107,10
12.9740200043,80.2583770752,28107,28117,10
12.9740800858,80.258140564,28117,28127,10
12.974149704,80.2578125,28127,28137,10
12.973950386,80.2576980591,28137,28148,11
12.9735002518,80.2576370239,28148,28158,10
12.97315979,80.2576217651,28158,28168,10
12.9730596542,80.2579498291,28168,28178,10
12.9731502533,80.2581634521,28178,28188,10
12.9735097885,80.2581863403,28188,28793,605
12.9735097885,80.2581863403,28793,28803,10
12.9739303589,80.2583618164,28803,28813,10
12.9744195938,80.2584915161,28813,28824,11
12.9750499725,80.2586669922,28824,28834,10
12.9756097794,80.2588272095,28834,28844,10
12.9761695862,80.258972168,28844,28854,10
12.9766597748,80.2590713501,28854,28874,20
12.9766597748,80.2590713501,28874,28884,10
12.9769601822,80.2590713501,28884,28894,10
12.9770898819,80.2591171265,28894,28904,10
12.9772195816,80.259147644,28904,28914,10
12.9773902893,80.259147644,28914,28924,10
12.9776000977,80.259147644,28924,28935,11
12.9779195786,80.2591400146,28935,28945,10
12.9785900116,80.2591171265,28945,28955,10
12.9793701172,80.2591629028,28955,28965,10
12.9800596237,80.259262085,28965,28975,10
12.9806003571,80.2593307495,28975,28985,10
12.9808797836,80.2593383789,28985,28995,10
12.9815397263,80.2593612671,28995,29005,10
12.9823503494,80.2593917847,29005,29015,10
12.9831104279,80.2594223022,29015,29025,10
12.9837598801,80.2594833374,29025,29035,10
12.9839496613,80.2594299316,29035,29045,10
12.984000206,80.2591171265,29045,29056,11
12.9840898514,80.258430481,29056,29066,10
12.9841604233,80.2578964233,29066,29076,10
12.9844799042,80.2577896118,29076,29086,10
12.9852199554,80.2578582764,29086,29096,10
12.9860897064,80.2579574585,29096,29106,10
12.9866695404,80.2580413818,29106,29116,10
12.9867095947,80.2580413818,29116,29126,10
12.9870004654,80.2580566406,29126,29136,10
12.9871702194,80.2580795288,29136,29146,10
12.9874000549,80.2577285767,29146,29156,10
12.9874601364,80.2570037842,29156,29167,11
12.9875297546,80.2562179565,29167,29227,60
12.9875297546,80.2562179565,29227,29237,10
12.9875602722,80.2560424805,29237,29253,16
12.9877595901,80.2557525635,29253,29265,12
12.9881601334,80.2557983398,29265,29275,10
12.9885396957,80.255859375,29275,29317,42
12.9885396957,80.255859375,29317,29327,10
12.9887399673,80.2558898926,29327,29336,9
12.989109993,80.2559280396,29336,29347,11
12.9897003174,80.2559890747,29347,29357,10
12.9903402328,80.2559967041,29357,29367,10
12.9907197952,80.2559814453,29367,29376,9
12.9911203384,80.2560195923,29376,29388,12
12.9918603897,80.2560577393,29388,29398,10
12.992600441,80.2560501099,29398,29408,10
12.9934196472,80.2559967041,29408,29418,10
12.9941902161,80.2559661865,29418,29428,10
12.9950399399,80.2559204102,29428,29438,10
12.9958496094,80.2558898926,29438,29458,20
12.9958496094,80.2558898926,29458,29468,10
12.9961795807,80.255859375,29468,29478,10
12.9966602325,80.255859375,29478,29488,10
12.9970798492,80.255859375,29488,29498,10
12.997590065,80.2558898926,29498,29509,11
12.9980602264,80.2559432983,29509,29519,10
12.9984397888,80.2560119629,29519,29529,10
12.9989595413,80.256072998,29529,29549,20
12.9989595413,80.256072998,29549,29559,10
12.9990301132,80.2560882568,29559,29569,10
12.9994497299,80.2561569214,29569,29579,10
12.9999599457,80.2562637329,29579,29589,10
13.0005102158,80.256362915,29589,29599,10
13.0011196136,80.2564620972,29599,29609,10
13.0017795563,80.2565917969,29609,29620,11
13.0023803711,80.256690979,29620,29630,10
13.0029001236,80.2567977905,29630,29640,10
13.0036201477,80.2569274902,29640,29650,10
13.0043802261,80.2570724487,29650,29660,10
13.0052404404,80.2572402954,29660,29670,10
13.0058403015,80.2573623657,29670,29700,30
13.0058403015,80.2573623657,29700,29710,10
13.0060997009,80.2574081421,29710,29720,10
13.0066099167,80.2574768066,29720,29731,11
13.0069999695,80.2580184937,29731,29741,10
13.0074796677,80.2585830688,29741,29751,10
13.0085897446,80.2590026855,29751,29771,20
13.0085897446,80.2590026855,29771,29781,10
13.0086202621,80.2589797974,29781,29791,10
13.0089797974,80.2590713501,29791,29801,10
13.0096197128,80.2590789795,29801,29811,10
13.01060009,80.2590866089,29811,29821,10
13.0117301941,80.2590789795,29821,29831,10
13.0129804611,80.2591323853,29831,29842,11
13.0144195557,80.2591781616,29842,29852,10
13.0155696869,80.259262085,29852,29862,10
13.0164604187,80.2596893311,29862,29892,30
13.0164604187,80.2596893311,29892,29902,10
13.0166397095,80.2598724365,29902,29912,10
13.0171804428,80.2602462769,29912,29922,10
13.0179004669,80.2607421875,29922,29932,10
13.0186395645,80.2612533569,29932,29942,10
13.0192604065,80.2618103027,29942,29953,11
13.0197000504,80.262260437,29953,29963,10
13.0202503204,80.2627334595,29963,29973,10
13.0202598572,80.2630081177,29973,29983,10
13.0198202133,80.2629928589,29983,29993,10
13.0192203522,80.2629623413,29993,30003,10
13.0190601349,80.2632598877,30003,30013,10
13.0191297531,80.2638320923,30013,30023,10
13.0191402435,80.2640228271,30023,30033,10
13.0191402435,80.2642593384,30033,30043,10
13.0190200806,80.2648010254,30043,30053,10
13.0188503265,80.2654418945,30053,30064,11
13.0186901093,80.2660980225,30064,30074,10
13.0187597275,80.2669525146,30074,30084,10
13.0188999176,80.2674026489,30084,30094,10
13.0192604065,80.267829895,30094,30104,10
13.0198001862,80.2684707642,30104,30114,10
13.0202999115,80.2690734863,30114,30185,71
13.0202999115,80.2690734863,30185,30195,10
13.02064991,80.2695007324,30195,30205,10
13.0210199356,80.2699432373,30205,30215,10
13.0214300156,80.270401001,30215,30225,10
13.0215501785,80.2705535889,30225,30235,10
13.0219202042,80.2710189819,30235,30245,10
13.0225400925,80.2718429565,30245,30255,10
13.0232496262,80.2727966309,30255,30265,10
13.023900032,80.2736434937,30265,30295,30
13.023900032,80.2736434937,30295,30306,11
13.0239601135,80.2737426758,30306,30316,10
13.024310112,80.2742462158,30316,30326,10
13.0248603821,80.2747192383,30326,30336,10
13.0254001617,80.2749176025,30336,30346,10
13.0254201889,80.2749328613,30346,30356,10
13.0255002975,80.2749786377,30356,30366,10
13.0259103775,80.275177002,30366,30376,10
13.026550293,80.2754669189,30376,30386,10
13.0272502899,80.2758026123,30386,30397,11
13.027970314,80.2761306763,30397,30407,10
13.028550148,80.2763671875,30407,30417,10
13.0291099548,80.2765731812,30417,30427,10
13.0299501419,80.2767562866,30427,30447,20
13.0299501419,80.2767562866,30447,30457,10
13.0301198959,80.2768173218,30457,30467,10
13.0304002762,80.2769622803,30467,30477,10
13.0306301117,80.2770767212,30477,30487,10
13.0311498642,80.2774124146,30487,30497,10
13.0318899155,80.2775878906,30497,30507,10
13.0325803757,80.2774810791,30507,30518,11
13.0327196121,80.2774887085,30518,30528,10
13.0329504013,80.2774887085,30528,30538,10
13.0335197449,80.277381897,30538,30548,10
13.0341501236,80.2775115967,30548,30557,9
13.0347204208,80.2776184082,30557,30568,11
13.0354099274,80.2777175903,30568,30578,10
13.0360803604,80.2778625488,30578,30588,10
13.036740303,80.2780838013,30588,30598,10
13.0372896194,80.2782897949,30598,30607,9
13.0375003815,80.2783279419,30607,30617,10
13.038069725,80.2784805298,30617,30629,12
13.0388698578,80.2786712646,30629,30639,10
13.0389003754,80.278678894,30639,30649,10
13.0390701294,80.2787399292,30649,30659,10
13.0394601822,80.2788772583,30659,30669,10
13.0402603149,80.2791213989,30669,30679,10
13.0412902832,80.2793579102,30679,30689,10
13.0423498154,80.2795028687,30689,30699,10
13.0432500839,80.2796020508,30699,30709,10
13.0438995361,80.279800415,30709,30719,10
13.0446796417,80.2799530029,30719,30729,10
13.0455102921,80.2800598145,30729,30740,11
13.0456800461,80.2800827026,30740,30750,10
13.0458402634,80.2801132202,30750,30760,10
13.0463199615,80.2801818848,30760,30770,10
13.0471496582,80.2803192139,30770,30780,10
13.0482997894,80.280456543,30780,30790,10
13.0492296219,80.2805786133,30790,30800,10
13.0493202209,80.2805862427,30800,30810,10
13.0493898392,80.2806015015,30810,30820,10
13.0498199463,80.2806625366,30820,30830,10
13.0503902435,80.28074646,30830,30840,10
13.0510702133,80.2808609009,30840,30851,11
13.0519695282,80.2809906006,30851,30861,10
13.0528402328,80.2811279297,30861,30871,10
13.053850174,80.2813034058,30871,30881,10
13.0549402237,80.28150177,30881,30891,10
13.0558300018,80.2816696167,30891,30901,10
13.0560398102,80.2817001343,30901,30911,10
13.0560503006,80.2817077637,30911,30921,10
13.056139946,80.2817306519,30921,30931,10
13.0562200546,80.28175354,30931,30941,10
13.0562896729,80.2817611694,30941,30951,10
13.0567502975,80.2818603516,30951,30962,11
13.0570001602,80.2819213867,30962,30972,10
13.0572395325,80.2819595337,30972,30982,10
13.0578899384,80.2820968628,30982,30992,10
13.0588798523,80.2823028564,30992,31002,10
13.0599002838,80.2825088501,31002,31012,10
13.0608301163,80.2827072144,31012,31022,10
13.0617704391,80.282913208,31022,31032,10
13.0629501343,80.2831573486,31032,31052,20
13.0629501343,80.2831573486,31052,31062,10
13.0632801056,80.283241272,31062,31072,10
13.0639801025,80.2834091187,31072,31083,11
13.0650396347,80.2836685181,31083,31093,10
13.0661802292,80.2839126587,31093,31103,10
13.0673799515,80.2841720581,31103,31113,10
13.0685997009,80.2843933105,31113,31123,10
13.0697803497,80.2846832275,31123,31133,10
13.0710601807,80.2850036621,31133,31143,10
13.0723199844,80.2853088379,31143,31153,10
13.0734100342,80.2853393555,31153,31163,10
13.0741796494,80.2858276367,31163,31173,10
13.0747299194,80.2862930298,31173,31194,21
13.0747299194,80.2862930298,31194,31210,16
13.0747995377,80.2863388062,31210,31222,12
13.0751199722,80.2865371704,31222,31232,10
13.0754404068,80.2867507935,31232,31242,10
13.0758695602,80.2869567871,31242,31252,10
13.0763902664,80.2870864868,31252,31262,10
13.0769796371,80.2872390747,31262,31272,10
13.0777196884,80.287437439,31272,31282,10
13.0785799026,80.2876586914,31282,31292,10
13.0794095993,80.2880020142,31292,31303,11
13.0803604126,80.2881698608,31303,31313,10
13.0808601379,80.2883224487,31313,31323,10
13.0808696747,80.2883224487,31323,31333,10
13.0810403824,80.2883682251,31333,31343,10
13.0815696716,80.2885513306,31343,31353,10
13.0822000504,80.2887802124,31353,31363,10
13.0829296112,80.2891311646,31363,31373,10
13.0838098526,80.2891921997,31373,31383,10
13.0848302841,80.2891464233,31383,31393,10
13.0858802795,80.2893371582,31393,31403,10
13.0869598389,80.2896194458,31403,31414,11
13.0879201889,80.2899780273,31414,31424,10
13.0888595581,80.2902374268,31424,31454,30
13.0888595581,80.2902374268,31454,31464,10
13.0888204575,80.2903671265,31464,31474,10
13.0884599686,80.2903366089,31474,31484,10
13.0879201889,80.2900924683,31484,31494,10
13.0870800018,80.2897796631,31494,31504,10
13.0862197876,80.2895431519,31504,31514,10
13.0856103897,80.2891616821,31514,31524,10
13.0852203369,80.2883834839,31524,31535,11
13.0851402283,80.2872390747,31535,31545,10
13.0852403641,80.2861404419,31545,31555,10
13.0853395462,80.2851028442,31555,31565,10
13.0852899551,80.2844009399,31565,31575,10
13.085269928,80.2841033936,31575,31585,10
13.0854301453,80.2837524414,31585,31595,10
13.0855998993,80.283531189,31595,31605,10
13.0859899521,80.2835388184,31605,31615,10
13.0862998962,80.2835998535,31615,31625,10
13.0866203308,80.2838668823,31625,31656,31
13.0866203308,80.2838668823,31656,31666,10
13.0866203308,80.2839508057,31666,31676,10
13.0869598389,80.2840194702,31676,32211,535
13.0869598389,80.2840194702,32211,32221,10
13.0870399475,80.2839584351,32221,32231,10
13.0872497559,80.2839584351,32231,32241,10
13.0875501633,80.2839736938,32241,32251,10
13.0878400803,80.2839431763,32251,32311,60
13.0878400803,80.2839431763,32311,32322,11
13.0880403519,80.2839279175,32322,32332,10
13.0881595612,80.2837677002,32332,32342,10
13.0882196426,80.2835998535,32342,32352,10
13.0883302689,80.2834091187,32352,32362,10
13.0883398056,80.2830734253,32362,32372,10
13.0883398056,80.2825698853,32372,32382,10
13.088259697,80.2820129395,32382,32392,10
13.0881099701,80.2814865112,32392,32402,10
13.0882196426,80.2814178467,32402,32412,10
13.08852005,80.281463623,32412,32422,10
13.0885400772,80.2818984985,32422,32433,11
13.0883998871,80.2825622559,32433,32443,10
13.0883398056,80.2831802368,32443,32453,10
13.0883598328,80.283782959,32453,32463,10
13.0883798599,80.2844085693,32463,32473,10
13.0884599686,80.2850112915,32473,32493,20
13.0884599686,80.2850112915,32493,32503,10
13.0884599686,80.2853317261,32503,32513,10
13.0885095596,80.2857437134,32513,32523,10
13.0885601044,80.2863006592,32523,32533,10
13.0885696411,80.2866134644,32533,32544,11
13.0886096954,80.2871704102,32544,32554,10
13.0886497498,80.2875366211,32554,32564,10
13.0886602402,80.287902832,32564,32574,10
13.0887298584,80.2884979248,32574,32584,10
13.088760376,80.2887573242,32584,32594,10
13.0888204575,80.2892227173,32594,32604,10
13.0888395309,80.2894363403,32604,32614,10
13.0888299942,80.2896118164,32614,32624,10
13.0889101028,80.2901000977,32624,32655,31
13.0889101028,80.2901000977,32655,32665,10
13.0888395309,80.290397644,32665,32675,10
13.0886297226,80.2904281616,32675,32685,10
13.0882701874,80.2902297974,32685,32695,10
13.0875797272,80.2898864746,32695,32705,10
13.0867004395,80.2895584106,32705,32715,10
13.0855503082,80.2892608643,32715,32725,10
13.0845098495,80.2891464233,32725,32735,10
13.083530426,80.2891693115,32735,32745,10
13.0822601318,80.2888870239,32745,32776,31
13.0822601318,80.2888870239,32776,32786,10
13.081990242,80.2887802124,32786,32796,10
13.0813398361,80.28855896,32796,32806,10
13.0806102753,80.2883300781,32806,32816,10
13.0801897049,80.2882080078,32816,32826,10
13.0801801682,80.2882003784,32826,32836,10
13.0799999237,80.2881469727,32836,32846,10
13.0794200897,80.2880630493,32846,32856,10
13.0786104202,80.2876968384,32856,32866,10
13.0775203705,80.287437439,32866,32876,10
13.0762996674,80.2871398926,32876,32887,11
13.0750398636,80.2865905762,32887,32897,10
13.0739803314,80.2861328125,32897,32927,30
13.0739803314,80.2861328125,32927,32937,10
13.0736999512,80.2860565186,32937,32947,10
13.0730800629,80.2858123779,32947,32957,10
13.0721702576,80.2853622437,32957,32967,10
13.0710000992,80.2850570679,32967,32977,10
13.0697202682,80.2847366333,32977,32987,10
13.0686197281,80.2844772339,32987,32998,11
13.0675001144,80.2842712402,32998,33008,10
13.0662603378,80.283996582,33008,33018,10
13.0650596619,80.2837371826,33018,33028,10
13.064040184,80.283493042,33028,33038,10
13.062620163,80.2831268311,33038,33058,20
13.062620163,80.2831268311,33058,33068,10
13.0623197556,80.2830429077,33068,33078,10
13.0615701675,80.2828826904,33078,33088,10
13.0605201721,80.2826538086,33088,33098,10
13.0593996048,80.2824401855,33098,33109,11
13.0582399368,80.2822113037,33109,33118,9
13.0577497482,80.2820968628,33118,33129,11
13.0577402115,80.2821121216,33129,33139,10
13.0574197769,80.2820281982,33139,33149,10
13.0569400787,80.2819366455,33149,33169,20
13.0569400787,80.2819366455,33169,33179,10
13.0566301346,80.2818603516,33179,33189,10
13.0559501648,80.2817230225,33189,33199,10
13.0550203323,80.2815322876,33199,33209,10
13.0541000366,80.2813415527,33209,33220,11
13.0530500412,80.2811813354,33220,33230,10
13.0519304276,80.28099823,33230,33240,10
13.0508298874,80.2808532715,33240,33250,10
13.050239563,80.2807693481,33250,33260,10
13.0502300262,80.2807693481,33260,33270,10
13.0500097275,80.2807312012,33270,33280,10
13.0494003296,80.280632019,33280,33290,10
13.0485095978,80.2805023193,33290,33306,16
13.0468997955,80.2802810669,33306,33318,12
13.0456800461,80.280128479,33318,33337,19
13.0456800461,80.280128479,33337,33349,12
13.0456199646,80.2801132202,33349,33359,10
13.045129776,80.2800292969,33359,33369,10
13.0443601608,80.2799224854,33369,33379,10
13.0436601639,80.279800415,33379,33389,10
13.0430603027,80.2796783447,33389,33399,10
13.0420999527,80.2795028687,33399,33409,10
13.0408697128,80.2792663574,33409,33419,10
13.0398902893,80.2790222168,33419,33429,10
13.0394697189,80.2788772583,33429,33439,10
13.0390996933,80.2788162231,33439,33450,11
13.0389900208,80.2788162231,33450,33460,10
13.0388898849,80.2787780762,33460,33470,10
13.0383796692,80.2785873413,33470,33480,10
13.0376195908,80.2783737183,33480,33490,10
13.0368404388,80.2781219482,33490,33500,10
13.0361099243,80.2778701782,33500,33510,10
13.035490036,80.2777404785,33510,33520,10
13.0347299576,80.2776184082,33520,33530,10
13.0340995789,80.2774276733,33530,33540,10
13.0337095261,80.2773513794,33540,33550,10
13.0333995819,80.277381897,33550,33561,11
13.0326595306,80.2774505615,33561,33571,10
13.0318002701,80.2775268555,33571,33581,10
13.0311698914,80.2773590088,33581,33597,16
13.030960083,80.2772064209,33597,33609,12
13.0308704376,80.2771682739,33609,33619,10
13.030579567,80.2770004272,33619,33628,9
13.0300798416,80.2767715454,33628,33639,11
13.0293197632,80.2765808105,33639,33649,10
13.0286798477,80.2763595581,33649,33658,9
13.0281200409,80.2761383057,33658,33669,11
13.0272502899,80.275718689,33669,33680,11
13.0262098312,80.2752990723,33680,33700,20
13.0262098312,80.2752990723,33700,33710,10
13.0261497498,80.2752609253,33710,33720,10
13.0260000229,80.275177002,33720,33730,10
13.0258998871,80.2751464844,33730,33740,10
13.0255804062,80.2750167847,33740,33750,10
13.0249004364,80.2746963501,33750,33760,10
13.0241603851,80.2740783691,33760,33791,31
13.0241603851,80.2740783691,33791,33801,10
13.0240602493,80.2739715576,33801,33811,10
13.0237503052,80.2735290527,33811,33821,10
13.0232696533,80.2728805542,33821,33831,10
13.0226602554,80.2720565796,33831,33841,10
13.0221204758,80.2713317871,33841,33851,10
13.0215501785,80.2706069946,33851,33861,10
13.0209302902,80.2698898315,33861,33881,20
13.0209302902,80.2698898315,33881,33891,10
13.0208902359,80.2697982788,33891,33902,11
13.0205602646,80.2693786621,33902,33912,10
13.0200300217,80.2687225342,33912,33922,10
13.0194196701,80.2679977417,33922,33932,10
13.0190200806,80.2675323486,33932,33942,10
13.0187501907,80.2669830322,33942,33952,10
13.0186395645,80.2661895752,33952,33962,10
13.0187196732,80.2656021118,33962,33972,10
13.0188798904,80.265007019,33972,33982,10
13.0190696716,80.2642211914,33982,33992,10
13.0190000534,80.2635192871,33992,34002,10
13.0189504623,80.2631988525,34002,34013,11
13.0189199448,80.2629699707,34013,34023,10
13.0188903809,80.2627868652,34023,34033,10
13.018819809,80.2621765137,34033,34043,10
13.0187301636,80.2615127563,34043,34053,10
13.0184001923,80.2611083984,34053,34063,10
13.0180702209,80.2609100342,34063,34073,10
13.0175304413,80.2605361938,34073,34083,10
13.0167503357,80.2600326538,34083,34093,10
13.0161399841,80.2597198486,34093,34103,10
13.0160999298,80.2596893311,34103,34113,10
13.0160303116,80.2596588135,34113,34123,10
13.0156002045,80.2594985962,34123,34134,11
13.0147695541,80.2593307495,34134,34150,16
13.0131797791,80.259262085,34150,34162,12
13.0119304657,80.2592086792,34162,34172,10
13.01101017,80.2592010498,34172,34182,10
13.0101604462,80.2592163086,34182,34192,10
13.0091600418,80.2592086792,34192,34202,10
13.0087604523,80.2592010498,34202,34212,10
13.0084104538,80.259147644,34212,34222,10
13.0078201294,80.259262085,34222,34232,10
13.0073795319,80.2596588135,34232,34243,11
13.0072498322,80.2604064941,34243,34264,21
13.0072498322,80.2604064941,34264,34274,10
13.0073099136,80.2608032227,34274,34284,10
13.007399559,80.2612304688,34284,34304,20
13.007399559,80.2612304688,34304,34314,10
13.0075502396,80.2618026733,34314,34324,10
13.0076599121,80.2624664307,34324,34334,10
13.0077695847,80.2628936768,34334,34344,10
13.0079097748,80.2634429932,34344,34355,11
13.0079698563,80.2643966675,34355,34365,10
13.0078001022,80.2653503418,34365,34375,10
13.007610321,80.2662506104,34375,34385,10
13.0074396133,80.266960144,34385,34395,10
13.0071697235,80.2678833008,34395,34405,10
13.0069303513,80.2690429688,34405,34415,10
13.0066795349,80.2701187134,34415,34425,10
13.0059995651,80.2703170776,34425,34435,10
13.005200386,80.269821167,34435,34445,10
13.0043001175,80.269241333,34445,34455,10
13.0032501221,80.2686767578,34455,34476,21
13.0032501221,80.2686767578,34476,34486,10
13.0031003952,80.2686004639,34486,34496,10
13.0027198792,80.2683334351,34496,34506,10
13.0020599365,80.2679214478,34506,34516,10
13.0010795593,80.2673110962,34516,34535,19
13.0010795593,80.2673110962,34535,34546,11
13.0009298325,80.2672119141,34546,34556,10
13.0004901886,80.2668914795,34556,34566,10
12.9997396469,80.2669296265,34566,34577,11
12.998840332,80.2671737671,34577,34587,10
12.998169899,80.2673721313,34587,34597,10
12.9975996017,80.267539978,34597,34607,10
12.9970502853,80.2677230835,34607,34617,10
12.996339798,80.2677383423,34617,34627,10
12.9957504272,80.2676773071,34627,34637,10
12.9956998825,80.2673492432,34637,34657,20
12.9956998825,80.2673492432,34657,34667,10
12.9957103729,80.267036438,34667,34677,10
12.9957895279,80.2663269043,34677,34688,11
12.9959201813,80.2652816772,34688,34698,10
12.9960403442,80.2644195557,34698,34708,10
12.9961299896,80.2636413574,34708,34718,10
12.9962396622,80.2625427246,34718,34748,30
12.9962396622,80.2625427246,34748,34758,10
12.996339798,80.262260437,34758,34768,10
12.9963903427,80.2618865967,34768,34778,10
12.9964399338,80.2613601685,34778,34794,16
12.9965896606,80.2600479126,34794,34807,13
12.9966402054,80.2591781616,34807,34817,10
12.996720314,80.2583618164,34817,34827,10
12.9968004227,80.2574462891,34827,34837,10
12.9968500137,80.2571029663,34837,34847,10
12.9968795776,80.2569503784,34847,34857,10
12.9968900681,80.2566833496,34857,34867,10
12.9969396591,80.2561798096,34867,34968,101
12.9969396591,80.2561798096,34968,34978,10
12.9968700409,80.2559204102,34978,34988,10
12.9968700409,80.2553787231,34988,34998,10
12.9968004227,80.2547073364,34998,35008,10
12.9963703156,80.2541427612,35008,35018,10
12.9957304001,80.2535018921,35018,35029,11
12.9951696396,80.252822876,35029,35039,10
12.9949502945,80.252456665,35039,35049,10
12.994389534,80.2526016235,35049,35069,20
12.994389534,80.2526016235,35069,35079,10
12.9942798615,80.252571106,35079,35089,10
12.9939498901,80.2526931763,35089,35099,10
12.9936504364,80.252822876,35099,35109,10
12.9931201935,80.2529373169,35109,35119,10
12.9923801422,80.2529907227,35119,35129,10
12.9916400909,80.2531814575,35129,35139,10
12.9911699295,80.2536621094,35139,35150,11
12.9909095764,80.2543792725,35150,35160,10
12.9907798767,80.2552032471,35160,35170,10
12.9907503128,80.2559280396,35170,35190,20
12.9907503128,80.2559280396,35190,35200,10
12.9905395508,80.2560119629,35200,35210,10
12.9901103973,80.2560195923,35210,35220,10
12.9891395569,80.2560119629,35220,35327,107
12.9891395569,80.2560119629,35327,35339,12
12.9889602661,80.2559585571,35339,35349,10
12.9885997772,80.2559432983,35349,35359,10
12.9881601334,80.2559127808,35359,35370,11
12.9876899719,80.2560195923,35370,35380,10
12.9876403809,80.2564315796,35380,35390,10
12.9876003265,80.2566375732,35390,35400,10
12.9875497818,80.2572631836,35400,35410,10
12.9874897003,80.2580566406,35410,35419,9
12.9874401093,80.2587814331,35419,35430,11
12.9872999191,80.2594528198,35430,35470,40
12.9872999191,80.2594528198,35470,35481,11
12.9871397018,80.2595825195,35481,35491,10
12.987039566,80.2592773438,35491,35592,101
12.987039566,80.2592773438,35592,35602,10
12.9873895645,80.258972168,35602,35612,10
12.9874095917,80.2588577271,35612,35622,10
12.9874296188,80.2584991455,35622,35632,10
12.9874401093,80.2582397461,35632,35749,117
12.9874401093,80.2582397461,35749,35761,12
12.9874801636,80.2580337524,35761,35771,10
12.9874801636,80.2580032349,35771,35781,10
12.9875001907,80.2576904297,35781,35788,7
12.9875202179,80.2574310303,35788,35801,13
12.9875297546,80.2570495605,35801,35811,10
12.9875898361,80.2563781738,35811,35922,111
12.9875898361,80.2563781738,35922,35933,11
12.987660408,80.2560577393,35933,35943,10
12.9876804352,80.2557601929,35943,35953,10
12.9879398346,80.2556915283,35953,35963,10
12.9880895615,80.2557296753,35963,35973,10
12.9883403778,80.255821228,35973,35993,20
12.9883403778,80.255821228,35993,36003,10
12.9890003204,80.255859375,36003,36033,30
12.9890003204,80.255859375,36033,36043,10
12.9891901016,80.2558822632,36043,36054,11
12.9896297455,80.2559204102,36054,36064,10
12.9902496338,80.2559509277,36064,36074,10
12.9906597137,80.255859375,36074,36090,16
12.9907798767,80.2550888062,36090,36102,12
12.9907903671,80.2542037964,36102,36112,10
12.9911699295,80.2535324097,36112,36122,10
12.9916296005,80.2531967163,36122,36130,8
12.9921398163,80.2530212402,36130,36142,12
12.9931497574,80.2528991699,36142,36152,10
12.9938001633,80.2527313232,36152,36163,11
12.9946298599,80.2524795532,36163,36173,10
12.9949598312,80.2523880005,36173,36183,10
12.99518013,80.2528686523,36183,36203,20
12.99518013,80.2528686523,36203,36213,10
12.9954204559,80.2531967163,36213,36236,23
12.9966402054,80.2544631958,36236,36248,12
12.9968900681,80.2554321289,36248,36268,20
12.9968900681,80.2554321289,36268,36279,11
12.9969396591,80.2556762695,36279,36289,10
12.9969501495,80.2559814453,36289,36299,10
12.9969501495,80.2560577393,36299,36309,10
12.9969100952,80.2563018799,36309,36318,9
12.9968900681,80.2564163208,36318,36329,11
12.9968500137,80.256942749,36329,36359,30
12.9968500137,80.256942749,36359,36369,10
12.9968204498,80.2571792603,36369,36379,10
12.9967498779,80.2577362061,36379,36390,11
12.9966802597,80.2585372925,36390,36401,11
12.9965896606,80.2592697144,36401,36411,10
12.9965496063,80.2598266602,36411,36420,9
12.9964799881,80.2604598999,36420,36431,11
12.9963998795,80.261177063,36431,36441,10
12.9963302612,80.2618637085,36441,36451,10
12.9962396622,80.2624206543,36451,36471,20
12.9962396622,80.2624206543,36471,36481,10
12.996219635,80.2624893188,36481,36491,10
12.9961795807,80.262840271,36491,36502,11
12.9961500168,80.2632598877,36502,36512,10
12.9961004257,80.2638778687,36512,36522,10
12.9960098267,80.2646026611,36522,36532,10
12.9959802628,80.2651596069,36532,36542,10
12.9959697723,80.2651901245,36542,36552,10
12.9959402084,80.2655029297,36552,36562,10
12.9958600998,80.2661590576,36562,36572,10
12.995759964,80.2670135498,36572,36582,10
12.9957895279,80.2676086426,36582,36592,10
12.9962797165,80.2677001953,36592,36613,21
12.9962797165,80.2677001953,36613,36623,10
12.9966201782,80.2677764893,36623,36633,10
12.9972200394,80.2676773071,36633,36643,10
12.9979896545,80.2674407959,36643,36653,10
12.9987897873,80.2671966553,36653,36663,10
12.9996004105,80.266960144,36663,36673,10
13.0002803802,80.2667770386,36673,36683,10
13.0007095337,80.2670669556,36683,36693,10
13.0010795593,80.267288208,36693,36713,20
13.0010795593,80.267288208,36713,36724,11
13.0011396408,80.2673416138,36724,36734,10
13.001449585,80.2675323486,36734,36744,10
13.0019598007,80.2678604126,36744,36754,10
13.0026502609,80.2682876587,36754,36764,10
13.0034599304,80.2687835693,36764,36784,20
13.0034599304,80.2687835693,36784,36794,10
13.0035800934,80.2688980103,36794,36804,10
13.0040502548,80.269203186,36804,36814,10
13.0048398972,80.2696762085,36814,36824,10
13.0057401657,80.2702331543,36824,36834,10
13.0065202713,80.2704467773,36834,36845,11
13.0069704056,80.2696685791,36845,36855,10
13.0071001053,80.2687225342,36855,36865,10
13.0072898865,80.2677307129,36865,36875,10
13.0075397491,80.2667617798,36875,36891,16
13.0077400208,80.2659835815,36891,36903,12
13.0079402924,80.2651062012,36903,36913,10
13.0080404282,80.2644500732,36913,36923,10
13.0080099106,80.263923645,36923,36933,10
13.0079298019,80.263381958,36933,36943,10
13.0078001022,80.262878418,36943,36954,11
13.0076799393,80.2624130249,36954,36964,10
13.0074996948,80.2617034912,36964,36974,10
13.0074195862,80.2614593506,36974,36984,10
13.0073699951,80.2611999512,36984,36994,10
13.0073003769,80.2609329224,36994,37004,10
13.0072402954,80.260597229,37004,37013,9
13.0071802139,80.2601470947,37013,37024,11
13.007349968,80.2594299316,37024,37034,10
13.0073204041,80.2588882446,37034,37044,10
13.0074796677,80.2586898804,37044,37054,10
13.0078496933,80.2587203979,37054,37065,11
13.0085296631,80.258972168,37065,37075,10
13.0085697174,80.2590026855,37075,37085,10
13.0087795258,80.2590637207,37085,37095,10
13.00922966,80.2590789795,37095,37105,10
13.0099496841,80.2590789795,37105,37115,10
13.0110502243,80.2591018677,37115,37125,10
13.0123500824,80.2590789795,37125,37135,10
13.0135698318,80.2591171265,37135,37145,10
13.0142402649,80.2591323853,37145,37155,10
13.0143899918,80.2591323853,37155,37165,10
13.0144996643,80.2591323853,37165,37175,10
13.0146999359,80.2591400146,37175,37186,11
13.0148696899,80.2591629028,37186,37196,10
13.0150203705,80.2591781616,37196,37206,10
13.0153999329,80.2592010498,37206,37216,10
13.0157403946,80.2592773438,37216,37226,10
13.0159397125,80.2593688965,37226,37236,10
13.0161399841,80.2594604492,37236,37246,10
13.016289711,80.2595672607,37246,37256,10
13.0164003372,80.2596588135,37256,37266,10
13.0165500641,80.2597808838,37266,37276,10
13.0167703629,80.2599411011,37276,37287,11
13.016960144,80.2600784302,37287,37297,10
13.0171203613,80.2601928711,37297,37307,10
13.0174598694,80.2604217529,37307,37317,10
13.017780304,80.2606430054,37317,37327,10
13.0180702209,80.2608413696,37327,37337,10
13.0184698105,80.2611312866,37337,37347,10
13.0188798904,80.2614593506,37347,37357,10
13.0192699432,80.2618103027,37357,37367,10
13.0196199417,80.2621765137,37367,37377,10
13.0201196671,80.2626571655,37377,37387,10
13.0203504562,80.2629623413,37387,37397,10
13.0200796127,80.2630233765,37397,37408,11
13.019490242,80.2629776001,37408,37418,10
13.0191001892,80.2629928589,37418,37428,10
13.0190896988,80.263381958,37428,37438,10
13.0191402435,80.2639389038,37438,37448,10
13.0191497803,80.2640762329,37448,37458,10
13.019080162,80.2645721436,37458,37468,10
13.0188798904,80.2652587891,37468,37478,10
13.0187196732,80.2658233643,37478,37488,10
13.0187397003,80.2668228149,37488,37498,10
13.0191802979,80.2676925659,37498,37508,10
13.0199604034,80.2686691284,37508,37519,11
13.0206003189,80.2694702148,37519,37529,10
13.0210599899,80.2700119019,37529,37539,10
13.0214796066,80.2705001831,37539,37549,10
13.0214996338,80.2705230713,37549,37559,10
13.0215997696,80.270690918,37559,37569,10
13.0219802856,80.2711715698,37569,37579,10
13.0225095749,80.2718505859,37579,37589,10
13.0230998993,80.2726287842,37589,37599,10
13.0237398148,80.2734985352,37599,37609,10
13.0242300034,80.2741775513,37609,37619,10
13.0245800018,80.2745819092,37619,37630,11
13.0253601074,80.2749099731,37630,37650,20
13.0253601074,80.2749099731,37650,37660,10
13.025639534,80.2750473022,37660,37670,10
13.0262403488,80.2753219604,37670,37680,10
13.0269203186,80.2756271362,37680,37690,10
13.0275001526,80.275932312,37690,37700,10
13.0279998779,80.2761535645,37700,37710,10
13.0284004211,80.2762832642,37710,37720,10
13.0286302567,80.2763824463,37720,37730,10
13.0289802551,80.276512146,37730,37740,10
13.0294399261,80.2766418457,37740,37751,11
13.0299196243,80.2767410278,37751,37761,10
13.0299501419,80.2767486572,37761,37771,10
13.0302200317,80.2768707275,37771,37781,10
13.0306501389,80.2770996094,37781,37791,10
13.0308904648,80.2772521973,37791,37801,10
13.0311002731,80.2774200439,37801,37811,10
13.03166008,80.2775802612,37811,37821,10
13.0319595337,80.2775802612,37821,37841,20
13.0319595337,80.2775802612,37841,37851,10
13.032119751,80.2775726318,37851,37862,11
13.0325899124,80.2774963379,37862,37872,10
13.0326700211,80.2774887085,37872,37882,10
13.0331001282,80.2774200439,37882,37892,10
13.0337600708,80.2773666382,37892,37902,10
13.0343999863,80.2775192261,37902,37912,10
13.0349998474,80.2776184082,37912,37922,10
13.0355501175,80.2777328491,37922,37932,10
13.0361099243,80.2778320313,37932,37942,10
13.0364398956,80.2779083252,37942,37952,10
13.0368003845,80.2780609131,37952,37969,17
13.0371599197,80.2782287598,37969,37981,12
13.037320137,80.2783203125,37981,37991,10
13.0378904343,80.278427124,37991,38001,10
13.0386800766,80.2786331177,38001,38011,10
13.0389299393,80.2786865234,38011,38021,10
13.0389604568,80.278717041,38021,38031,10
13.0393104553,80.2788467407,38031,38041,10
13.0399904251,80.2790374756,38041,38051,10
13.0409498215,80.279296875,38051,38060,9
13.0422296524,80.2795028687,38060,38071,11
13.0435400009,80.2797088623,38071,38080,9
13.0443201065,80.2798690796,38080,38092,12
13.0454597473,80.2800292969,38092,38101,9
13.0458402634,80.2800827026,38101,38112,11
13.0463399887,80.2801589966,38112,38122,10
13.047369957,80.2803192139,38122,38132,10
13.0484800339,80.280456543,38132,38142,10
13.0492296219,80.2805480957,38142,38152,10
13.0492696762,80.2805633545,38152,38162,10
13.0494804382,80.2805862427,38162,38172,10
13.0499000549,80.2806625366,38172,38182,10
13.0500802994,80.2806930542,38182,38192,10
13.0506801605,80.2807998657,38192,38203,11
13.0517101288,80.280960083,38203,38213,10
13.0527801514,80.2811203003,38213,38223,10
13.0537900925,80.2812805176,38223,38233,10
13.0546398163,80.2814331055,38233,38243,10
13.0553598404,80.2815628052,38243,38253,10
13.0558099747,80.2816390991,38253,38263,10
13.0560798645,80.2817001343,38263,38273,10
13.0563497543,80.28175354,38273,38283,10
13.0563602448,80.28175354,38283,38293,10
13.0567398071,80.281829834,38293,38303,10
13.0572795868,80.2819519043,38303,38334,31
13.0572795868,80.2819519043,38334,38344,10
13.0574703217,80.2819671631,38344,38354,10
13.0579996109,80.2820892334,38354,38364,10
13.058719635,80.2822189331,38364,38374,10
13.0595397949,80.2824020386,38374,38384,10
13.0605201721,80.282623291,38384,38394,10
13.0617198944,80.2828903198,38394,38404,10
13.0631399155,80.2831497192,38404,38425,21
13.0631399155,80.2831497192,38425,38435,10
13.0635204315,80.283241272,38435,38445,10
13.0639095306,80.2833328247,38445,38495,50
13.0639095306,80.2833328247,38495,38505,10
13.0641298294,80.2834472656,38505,38521,16
13.065320015,80.2836914063,38521,38533,12
13.066619873,80.2839736938,38533,38544,11
13.0678596497,80.2841873169,38544,38554,10
13.0687999725,80.2843933105,38554,38564,10
13.0697402954,80.2846298218,38564,38574,10
13.0706596375,80.2848587036,38574,38584,10
13.0718002319,80.28515625,38584,38594,10
13.0730199814,80.2853012085,38594,38604,10
13.0739297867,80.2854690552,38604,38614,10
13.0744199753,80.2860565186,38614,38624,10
13.0747804642,80.2862930298,38624,38634,10
13.0749397278,80.2863922119,38634,38644,10
13.0754804611,80.2867279053,38644,38655,11
13.0764904022,80.2871017456,38655,38665,10
13.0776996613,80.2874221802,38665,38675,10
13.0789899826,80.2878036499,38675,38685,10
13.0800800323,80.2881011963,38685,38695,10
13.0808095932,80.2882614136,38695,38705,10
13.0808496475,80.2882766724,38705,38715,10
13.081029892,80.2883377075,38715,38725,10
13.0816602707,80.28855896,38725,38735,10
13.0823001862,80.2887802124,38735,38745,10
13.082449913,80.2888565063,38745,38755,10
13.0830402374,80.2891387939,38755,38766,11
13.0840597153,80.2891464233,38766,38775,9
13.0850896835,80.2891387939,38775,38786,11
13.0863599777,80.2893600464,38786,38796,10
13.0874004364,80.2897109985,38796,38806,10
13.0884304047,80.2901000977,38806,38816,10
13.0887699127,80.2901535034,38816,38877,61
13.0887699127,80.2901535034,38877,38887,10
13.0889396667,80.2902679443,38887,38897,10
13.0886602402,80.2903518677,38897,38907,10
13.0880403519,80.2900772095,38907,38917,10
13.0872297287,80.2898025513,38917,38927,10
13.0865001678,80.2895965576,38927,38937,10
13.0860795975,80.2894973755,38937,38947,10
13.0857400894,80.2893371582,38947,38957,10
13.0854597092,80.2888793945,38957,38967,10
13.0851602554,80.2880401611,38967,38976,9
13.0851802826,80.2871398926,38976,38988,12
13.0852603912,80.2860488892,38988,38998,10
13.0853700638,80.2849578857,38998,39008,10
13.0853204727,80.2844085693,39008,39018,10
13.0853099823,80.2843933105,39018,39028,10
13.0852804184,80.2842788696,39028,39038,10
13.0852804184,80.284072876,39038,39048,10
13.085439682,80.2837524414,39048,39058,10
13.0854997635,80.2835769653,39058,39068,10
13.0857400894,80.2835235596,39068,39078,10
13.0861301422,80.2835235596,39078,39087,9
13.0864400864,80.2836914063,39087,39098,11
13.0868196487,80.2839584351,39098,39220,122
13.0867795944,80.2838897705,39220,39674,454
13.0867795944,80.2838897705,39674,39684,10
13.0868301392,80.2839431763,39684,39774,90
13.0868301392,80.2839431763,39774,39785,11
13.0867996216,80.2838363647,39785,39795,10
13.0870199203,80.2838668823,39795,39805,10
13.0871896744,80.2838973999,39805,39815,10
13.0874795914,80.2839126587,39815,39825,10
13.0878896713,80.2839126587,39825,39875,50
13.0880403519,80.2839202881,39875,39916,41
13.0880403519,80.2839202881,39916,39926,10
13.0881204605,80.2837600708,39926,39936,10
13.088139534,80.2836532593,39936,39946,10
13.088259697,80.2835388184,39946,39956,10
13.0883197784,80.283416748,39956,39966,10
13.0883102417,80.2831878662,39966,39976,10
13.0882997513,80.2827987671,39976,39986,10
13.0882997513,80.2824172974,39986,39996,10
13.0882396698,80.2820205688,39996,40007,11
13.0880899429,80.2815170288,40007,40017,10
13.0882701874,80.2814178467,40017,40027,10
13.0885400772,80.2815170288,40027,40037,10
13.0885400772,80.281791687,40037,40047,10
13.0884304047,80.2823104858,40047,40057,10
13.0883302689,80.2828369141,40057,40067,10
13.088350296,80.2835083008,40067,40076,9
13.0883798599,80.2841415405,40076,40087,11
13.0883998871,80.2848815918,40087,40148,61
13.0883998871,80.2848815918,40148,40158,10
13.0883998871,80.2849578857,40158,40168,10
13.0884399414,80.2853927612,40168,40178,10
13.0884599686,80.2857437134,40178,40188,10
13.0884799957,80.2862167358,40188,40198,10
13.0885095596,80.286491394,40198,40208,10
13.08852005,80.2868423462,40208,40218,10
13.0885601044,80.2874298096,40218,40228,10
13.0885801315,80.2876968384,40228,40239,11
13.088640213,80.2883377075,40239,40249,10
13.0886602402,80.2886734009,40249,40259,10
13.0887298584,80.2890625,40259,40269,10
13.088760376,80.2893371582,40269,40278,9
13.0887498856,80.2893829346,40278,40289,11
13.0887699127,80.2901077271,40289,40329,40
13.0887699127,80.2901077271,40329,40339,10
13.0887699127,80.2902374268,40339,40350,11
13.0886802673,80.2904510498,40350,40360,10
13.0882196426,80.2902069092,40360,40370,10
13.0874900818,80.2898483276,40370,40380,10
13.0866298676,80.2895278931,40380,40390,10
13.0854902267,80.2892684937,40390,40400,10
13.0843896866,80.2892227173,40400,40410,10
13.0834302902,80.2892303467,40410,40420,10
13.082570076,80.2890625,40420,40430,10
13.081580162,80.2886734009,40430,40440,10
13.0805797577,80.2883605957,40440,40450,10
13.0804700851,80.2883224487,40450,40460,10
13.0803203583,80.288269043,40460,40471,11
13.0802001953,80.2882385254,40471,40481,10
13.080039978,80.2882080078,40481,40491,10
13.0795202255,80.2881164551,40491,40507,16
13.0779600143,80.2875823975,40507,40519,12
13.0764102936,80.2871780396,40519,40529,10
13.075340271,80.2867965698,40529,40539,10
13.0745000839,80.2862930298,40539,40547,8
13.0740995407,80.2861785889,40547,40559,12
13.0739803314,80.2861480713,40559,40569,10
13.0734596252,80.2860183716,40569,40579,10
13.0726299286,80.2855682373,40579,40588,9
13.0716199875,80.2852325439,40588,40600,12
13.070019722,80.2848129272,40600,40610,10
13.0686798096,80.2845077515,40610,40620,10
13.0674200058,80.2842712402,40620,40630,10
13.0661001205,80.2839813232,40630,40640,10
13.0649595261,80.2837219238,40640,40650,10
13.0642795563,80.2835769653,40650,40659,9
13.0636796951,80.2834396362,40659,40670,11
13.0629196167,80.283241272,40670,40680,10
13.0625095367,80.2831420898,40680,40690,10
13.0624799728,80.2831268311,40690,40701,11
13.0621404648,80.2830505371,40701,40711,10
13.0614900589,80.2828903198,40711,40721,10
13.0606203079,80.282699585,40721,40731,10
13.0596504211,80.2825088501,40731,40741,10
13.0586204529,80.2823028564,40741,40751,10
13.057970047,80.2821807861,40751,40761,10
13.0574998856,80.2820892334,40761,40771,10
13.0570402145,80.2819976807,40771,40781,10
13.0569801331,80.2819824219,40781,40791,10
13.056889534,80.2819595337,40791,40801,10
13.0564002991,80.2818603516,40801,40812,11
13.0553703308,80.2816390991,40812,40822,10
13.0543804169,80.2814178467,40822,40832,10
13.0532798767,80.2812271118,40832,40842,10
13.0523195267,80.2810974121,40842,40852,10
13.050909996,80.2809066772,40852,40872,20
13.050909996,80.2809066772,40872,40882,10
13.0505895615,80.2808685303,40882,40892,10
13.050239563,80.2808227539,40892,40902,10
13.0501403809,80.2807998657,40902,40912,10
13.0495700836,80.2807006836,40912,40923,11
13.0484800339,80.2805633545,40923,40933,10
13.0473499298,80.2804031372,40933,40943,10
13.0464000702,80.2802810669,40943,40953,10
13.0456800461,80.2801895142,40953,40963,10
13.0456104279,80.2801818848,40963,40973,10
13.0451803207,80.2801208496,40973,40983,10
13.0444602966,80.2800216675,40983,40993,10
13.0439796448,80.2799377441,40993,41003,10
13.0439596176,80.2799377441,41003,41013,10
13.0436897278,80.2798995972,41013,41023,10
13.0433998108,80.2798614502,41023,41033,10
13.0426998138,80.2796783447,41033,41044,11
13.0414199829,80.2794418335,41044,41054,10
13.0402498245,80.2791976929,41054,41064,10
13.0394496918,80.2789916992,41064,41074,10
13.0390195847,80.2788772583,41074,41084,10
13.0389499664,80.2788391113,41084,41094,10
13.0385904312,80.2787017822,41094,41104,10
13.0377998352,80.2784423828,41104,41114,10
13.03703022,80.2782287598,41114,41124,10
13.0363702774,80.2779693604,41124,41134,10
13.0358600616,80.2778396606,41134,41144,10
13.0352201462,80.2777328491,41144,41155,11
13.0345201492,80.2776107788,41155,41165,10
13.0339403152,80.2774505615,41165,41205,40
13.0339403152,80.2774505615,41205,41215,10
13.0335197449,80.2773971558,41215,41225,10
13.0329399109,80.2774810791,41225,41235,10
13.0321102142,80.2775421143,41235,41245,10
13.0309400558,80.2772827148,41245,41266,21
13.0309400558,80.2772827148,41266,41276,10
13.0307703018,80.2771606445,41276,41286,10
13.0303401947,80.2769393921,41286,41296,10
13.0301198959,80.2768630981,41296,41306,10
13.0297603607,80.2767410278,41306,41316,10
13.0290899277,80.2765579224,41316,41326,10
13.0285100937,80.2763366699,41326,41336,10
13.0276403427,80.276008606,41336,41346,10
13.0268697739,80.275642395,41346,41356,10
13.0262203217,80.275352478,41356,41366,10
13.0259799957,80.2752380371,41366,41377,11
13.0258102417,80.275177002,41377,41388,11
13.0253000259,80.2749404907,41388,41400,12
13.0244197845,80.2744598389,41400,41410,10
13.0240898132,80.2740097046,41410,41420,10
13.0237398148,80.2735366821,41420,41430,10
13.0232496262,80.2729034424,41430,41440,10
13.0227098465,80.2721862793,41440,41450,10
13.0222501755,80.2715835571,41450,41460,10
13.0214796066,80.2705764771,41460,41469,9
13.0209503174,80.2699890137,41469,41480,11
13.0208396912,80.2698516846,41480,41491,11
13.0206003189,80.2693634033,41491,41501,10
13.0200300217,80.268661499,41501,41511,10
13.019490242,80.2679824829,41511,41521,10
13.0190896988,80.2675933838,41521,41531,10
13.019080162,80.267578125,41531,41541,10
13.0188398361,80.2673034668,41541,41551,10
13.0186700821,80.2666015625,41551,41561,10
13.0186595917,80.2659072876,41561,41571,10
13.0188598633,80.26512146,41571,41581,10
13.019080162,80.2641220093,41581,41591,10
13.0190000534,80.2635498047,41591,41607,16
13.0189304352,80.2630386353,41607,41620,13
13.0188999176,80.2624664307,41620,41630,10
13.0188302994,80.2617034912,41630,41640,10
13.0187902451,80.2614974976,41640,41650,10
13.0184803009,80.2611618042,41650,41660,10
13.0177097321,80.2606277466,41660,41670,10
13.0169000626,80.2601013184,41670,41680,10
13.0162296295,80.2597427368,41680,41683,3
13.0160503387,80.2596588135,41683,41686,3
13.015999794,80.2596435547,41686,41732,46
13.0130395889,80.2592391968,41732,41742,10
13.0120201111,80.2592010498,41742,41752,10
13.0112600327,80.2591781616,41752,41762,10
13.0103597641,80.2592163086,41762,41772,10
13.0094203949,80.2591934204,41772,41782,10
13.0087995529,80.2591629028,41782,41792,10
13.0083999634,80.2591400146,41792,41802,10
13.0077400208,80.2593078613,41802,41812,10
13.0072402954,80.2599182129,41812,41823,11
13.0072202682,80.2607498169,41823,41834,11
13.0074300766,80.2614135742,41834,41844,10
13.0074796677,80.2616424561,41844,41854,10
13.0076303482,80.26222229,41854,41864,10
13.0077896118,80.262840271,41864,41874,10
13.0078802109,80.2633132935,41874,41884,10
13.0080299377,80.2640991211,41884,41894,10
13.0079698563,80.2650680542,41894,41904,10
13.0077800751,80.2659988403,41904,41914,10
13.0076599121,80.2665710449,41914,41924,10
13.0074701309,80.2673492432,41924,41933,9
13.0072402954,80.2682723999,41933,41945,12
13.0069799423,80.2696914673,41945,41955,10
13.0065402985,80.2704315186,41955,41964,9
13.0057296753,80.2701873779,41964,41975,11
13.0048303604,80.2695999146,41975,41985,10
13.0038499832,80.2689819336,41985,41995,10
13.0032701492,80.2687683105,41995,42005,10
13.0032596588,80.2687530518,42005,42015,10
13.0030498505,80.2686004639,42015,42025,10
13.0025196075,80.2682571411,42025,42035,10
13.0017795563,80.2677764893,42035,42044,9
13.0012397766,80.2673873901,42044,42054,10
13.0010204315,80.2672729492,42054,42066,12
13.0009002686,80.2671966553,42066,42076,10
13.0005302429,80.2669830322,42076,42086,10
12.9997997284,80.2669830322,42086,42096,10
12.9989404678,80.2671890259,42096,42106,10
12.9981803894,80.2674026489,42106,42116,10
12.9973497391,80.2676086426,42116,42126,10
12.996430397,80.2677307129,42126,42136,10
12.9957799911,80.2676773071,42136,42146,10
12.9957304001,80.2673416138,42146,42166,20
12.9957304001,80.2673416138,42166,42177,11
12.9957504272,80.2670593262,42177,42187,10
12.9958400726,80.2663574219,42187,42197,10
12.995929718,80.2655105591,42197,42207,10
12.9960403442,80.2647018433,42207,42217,10
12.9961204529,80.2638473511,42217,42227,10
12.9961900711,80.2630767822,42227,42237,10
12.9962501526,80.2626190186,42237,42247,10
12.9962501526,80.2626037598,42247,42257,10
12.9962997437,80.2624282837,42257,42267,10
12.9963502884,80.2619934082,42267,42277,10
12.9963798523,80.2615966797,42277,42288,11
12.996430397,80.2608795166,42288,42298,10
12.9965400696,80.2601470947,42298,42308,10
12.9966001511,80.2594909668,42308,42318,10
12.9966001511,80.2592086792,42318,42328,10
12.9966802597,80.258682251,42328,42338,10
12.9967498779,80.2579421997,42338,42348,10
12.9968204498,80.2573013306,42348,42368,20
12.9968204498,80.2573013306,42368,42378,10
12.9968204498,80.2571716309,42378,42388,10
12.9968395233,80.2568588257,42388,42398,10
12.9968996048,80.2561798096,42398,42469,71
12.9968996048,80.2561798096,42469,42479,10
12.9968204498,80.2560195923,42479,42489,10
12.9968299866,80.2556915283,42489,42499,10
12.9968004227,80.2551193237,42499,42509,10
12.996509552,80.2543182373,42509,42520,11
12.995759964,80.253578186,42520,42530,10
12.9950895309,80.2528686523,42530,42540,10
12.9948301315,80.252456665,42540,42550,10
12.9945497513,80.2525177002,42550,42560,10
12.9945201874,80.252532959,42560,42570,10
12.994310379,80.2525634766,42570,42580,10
12.9938602448,80.2526702881,42580,42590,10
12.9932699203,80.252822876,42590,42600,10
12.9925203323,80.2528991699,42600,42610,10
12.9916200638,80.2531661987,42610,42620,10
12.9909601212,80.2539367676,42620,42631,11
12.9907398224,80.2549591064,42631,42641,10
12.9907598495,80.2557907104,42641,42651,10
12.9907598495,80.2559280396,42651,42661,10
12.9905996323,80.2560806274,42661,42671,10
12.9899702072,80.2560424805,42671,42721,50
12.9899702072,80.2560424805,42721,42731,10
12.989780426,80.2560424805,42731,42741,10
12.98939991,80.2559967041,42741,42752,11
12.9886798859,80.2559509277,42752,42792,40
12.9886798859,80.2559509277,42792,42802,10
12.9883899689,80.255897522,42802,42852,50
12.9883899689,80.255897522,42852,42863,11
12.9880399704,80.2557830811,42863,42873,10
12.9879198074,80.2557983398,42873,42883,10
12.9877099991,80.2560501099,42883,42893,10
12.9876499176,80.2564315796,42893,42903,10
12.9876098633,80.2567977905,42903,42913,10
12.9875602722,80.25730896,42913,42923,10
12.9875001907,80.258102417,42923,42933,10
12.9874401093,80.2586975098,42933,42943,10
12.9874000549,80.2590713501,42943,42953,10
12.9872303009,80.2595977783,42953,42974,21
12.9872303009,80.2595977783,42974,42984,10
12.9871997833,80.2596969604,42984,42994,10
12.9870996475,80.2596893311,42994,43004,10
12.9867401123,80.2595825195,43004,43014,10
12.9866695404,80.2591934204,43014,43024,10
12.9870195389,80.2591171265,43024,43052,28
12.9870195389,80.2591171265,43052,43062,10
12.9871702194,80.2591629028,43062,43082,20
12.9871702194,80.2591629028,43082,43093,11
12.987279892,80.2591629028,43093,43103,10
12.9873895645,80.2590026855,43103,43113,10
12.9874200821,80.2585067749,43113,43123,10
12.9874696732,80.2577819824,43123,43133,10
12.9875602722,80.2569198608,43133,43144,11
12.9875802994,80.2562408447,43144,43184,40
12.9875802994,80.2562408447,43184,43194,10
12.9876298904,80.2559585571,43194,43205,11
12.9878997803,80.2557678223,43205,43215,10
12.9883403778,80.2558517456,43215,43225,10
12.9884996414,80.2558822632,43225,43235,10
12.9886798859,80.2558898926,43235,43245,10
12.9887399673,80.255897522,43245,43255,10
12.9890003204,80.2559432983,43255,43265,10
12.9896202087,80.2559890747,43265,43275,10
12.9903802872,80.2559967041,43275,43285,10
12.99077034,80.2557067871,43285,43295,10
12.9907999039,80.2549514771,43295,43305,10
12.9909601212,80.2541732788,43305,43316,11
12.9914398193,80.25340271,43316,43326,10
12.991979599,80.2530822754,43326,43336,10
12.9926099777,80.2529983521,43336,43346,10
12.9931402206,80.2529373169,43346,43356,10
12.9936704636,80.2527770996,43356,43366,10
12.9944801331,80.2525482178,43366,43376,10
12.9949903488,80.2525024414,43376,43386,10
12.9951601028,80.2529373169,43386,43402,16
12.9953203201,80.2531280518,43402,43414,12
12.9959697723,80.2537612915,43414,43424,10
12.9966497421,80.2544708252,43424,43435,11
12.9969301224,80.2556533813,43435,43525,90
12.9969301224,80.2556533813,43525,43535,10
12.9969301224,80.2558898926,43535,43546,11
12.9968900681,80.256187439,43546,43556,10
12.9968500137,80.2565765381,43556,43566,10
12.9968299866,80.2567977905,43566,43576,10
12.9968099594,80.257019043,43576,43586,10
12.9968004227,80.2570495605,43586,43596,10
12.9968099594,80.2571182251,43596,43606,10
12.9967603683,80.2576370239,43606,43616,10
12.9966497421,80.2584915161,43616,43626,10
12.9965801239,80.259262085,43626,43636,10
12.9965000153,80.2599105835,43636,43646,10
12.9964199066,80.2607498169,43646,43657,11
12.9963302612,80.2616119385,43657,43667,10
12.996219635,80.2624435425,43667,43686,19
12.996219635,80.2624435425,43686,43697,11
12.9961595535,80.2628097534,43697,43707,10
12.9961395264,80.2632522583,43707,43717,10
12.9960899353,80.2638092041,43717,43727,10
12.9959802628,80.2647399902,43727,43737,10
12.9959497452,80.2652587891,43737,43747,10
12.9959001541,80.2655029297,43747,43757,10
12.9958295822,80.2661590576,43757,43768,11
12.9956998825,80.2672195435,43768,43778,10
12.9962902069,80.2677612305,43778,43798,20
12.9962902069,80.2677612305,43798,43808,10
12.9964895248,80.2678070068,43808,43818,10
12.997010231,80.2677688599,43818,43828,10
12.9977798462,80.267539978,43828,43838,10
12.9983701706,80.2673721313,43838,43848,10
12.9991102219,80.2671585083,43848,43858,10
12.9999799728,80.2668609619,43858,43868,10
13.0006399155,80.2670593262,43868,43878,10
13.0010995865,80.2673416138,43878,43899,21
13.0010995865,80.2673416138,43899,43909,10
13.0012702942,80.2674713135,43909,43919,10
13.0017795563,80.2677764893,43919,43929,10
13.0025501251,80.2682723999,43929,43939,10
13.0033197403,80.2686767578,43939,43949,10
13.0034399033,80.2687606812,43949,43959,10
13.0037202835,80.2689437866,43959,43969,10
13.0043001175,80.269317627,43969,43979,10
13.0050201416,80.26978302,43979,43989,10
13.0057001114,80.2702026367,43989,44000,11
13.0065202713,80.2703781128,44000,44010,10
13.0069904327,80.2696990967,44010,44020,10
13.0071802139,80.2689590454,44020,44030,10
13.007399559,80.2681808472,44030,44040,10
13.0075798035,80.2673187256,44040,44050,10
13.0077600479,80.2666091919,44050,44060,10
13.0078201294,80.266242981,44060,44070,10
13.0079698563,80.2656326294,44070,44080,10
13.0081701279,80.2647399902,44080,44090,10
13.0081195831,80.2639465332,44090,44100,10
13.0079402924,80.2632064819,44100,44111,11
13.0078296661,80.2627182007,44111,44121,10
13.0076398849,80.2620010376,44121,44131,10
13.0075397491,80.2614517212,44131,44141,10
13.0075397491,80.261428833,44141,44151,10
13.0073900223,80.2611236572,44151,44161,10
13.0072898865,80.2607574463,44161,44171,10
13.0072002411,80.2604675293,44171,44181,10
13.0072698593,80.2599487305,44181,44191,10
13.0073003769,80.2591705322,44191,44201,10
13.0074996948,80.2586975098,44201,44211,10
13.0080299377,80.2588272095,44211,44222,11
13.0085802078,80.2590103149,44222,44232,10
13.0086803436,80.2590408325,44232,44242,10
13.009059906,80.2591323853,44242,44252,10
13.0099802017,80.2591171265,44252,44262,10
13.0111703873,80.2590866089,44262,44272,10
13.0125198364,80.2591018677,44272,44282,10
13.0137796402,80.259147644,44282,44292,10
13.0148496628,80.2591781616,44292,44302,10
13.0157804489,80.2593231201,44302,44312,10
13.0163602829,80.2596206665,44312,44322,10
13.0164604187,80.2596893311,44322,44332,10
13.0168104172,80.2599716187,44332,44343,11
13.0176095963,80.2605285645,44343,44353,10
13.0184202194,80.2610778809,44353,44363,10
13.0190696716,80.2616119385,44363,44373,10
13.0195302963,80.262046814,44373,44383,10
13.0200996399,80.2626266479,44383,44393,10
13.0202598572,80.2629776001,44393,44403,10
13.0197296143,80.2629470825,44403,44413,10
13.0191898346,80.2629394531,44413,44423,10
13.0190601349,80.2632675171,44423,44433,10
13.0191297531,80.2639007568,44433,44443,10
13.0191402435,80.263999939,44443,44454,11
13.019109726,80.2643890381,44454,44464,10
13.0189304352,80.2650909424,44464,44474,10
13.0187997818,80.2655410767,44474,44484,10
13.0186700821,80.2662734985,44484,44494,10
13.0188302994,80.2672195435,44494,44504,10
13.019490242,80.268119812,44504,44514,10
13.0201101303,80.2688980103,44514,44524,10
13.020409584,80.2692489624,44524,44534,10
13.0207099915,80.2696075439,44534,44544,10
13.0211000443,80.2700805664,44544,44554,10
13.0213899612,80.270401001,44554,44565,11
13.0215101242,80.2705383301,44565,44575,10
13.0218095779,80.2708969116,44575,44585,10
13.0221595764,80.2713165283,44585,44635,50
13.0223798752,80.2716064453,44635,44665,30
13.0223798752,80.2716064453,44665,44676,11
13.0224704742,80.2717208862,44676,44686,10
13.0227098465,80.2720489502,44686,44746,60
13.0227098465,80.2720489502,44746,44756,10
13.0229301453,80.2723770142,44756,44766,10
13.0231895447,80.2727737427,44766,44776,10
13.0232200623,80.272819519,44776,44787,11
13.0233097076,80.2729415894,44787,44797,10
13.0235004425,80.2731781006,44797,44827,30
13.0235004425,80.2731781006,44827,44837,10
13.0236501694,80.2733764648,44837,44847,10
13.0238800049,80.2736816406,44847,44857,10
13.0241699219,80.2740707397,44857,44867,10
13.0244102478,80.2743835449,44867,44877,10
13.0250196457,80.2747573853,44877,44887,10
13.0254201889,80.2749176025,44887,44898,11
13.0254602432,80.2749404907,44898,44908,10
13.0258197784,80.2751235962,44908,44918,10
13.0263700485,80.2753829956,44918,44928,10
13.0269498825,80.2756195068,44928,44938,10
13.0273504257,80.2758407593,44938,44948,10
13.0279302597,80.2761001587,44948,44958,10
13.0285196304,80.2763290405,44958,44968,10
13.0289897919,80.276512146,44968,44978,10
13.0295000076,80.2766571045,44978,44988,10
13.0297698975,80.2767105103,44988,44998,10
13.0299596786,80.2767562866,44998,45008,10
13.0300502777,80.276802063,45008,45019,11
13.0300703049,80.2768173218,45019,45029,10
13.0304603577,80.2770080566,45029,45039,10
13.0311002731,80.277381897,45039,45049,10
13.0317802429,80.2775802612,45049,45059,10
13.0319404602,80.2775878906,45059,45069,10
13.0320796967,80.2776031494,45069,45079,10
13.0322999954,80.277557373,45079,45089,10
13.0326299667,80.2775268555,45089,45099,10
13.0327196121,80.2775192261,45099,45109,10
13.0329704285,80.2774963379,45109,45140,31
13.0329704285,80.2774963379,45140,45150,10
13.0330600739,80.2774810791,45150,45160,10
13.0333795547,80.2773971558,45160,45170,10
13.0335798264,80.2773666382,45170,45180,10
13.0337896347,80.2773971558,45180,45190,10
13.0338897705,80.2774200439,45190,45200,10
13.0342702866,80.2775192261,45200,45210,10
13.0348300934,80.2776412964,45210,45220,10
13.0355701447,80.2777786255,45220,45230,10
13.0363197327,80.2779312134,45230,45240,10
13.0369796753,80.2781677246,45240,45251,11
13.0374898911,80.2783432007,45251,45261,10
13.0380601883,80.2784805298,45261,45271,10
13.0388298035,80.2786636353,45271,45281,10
13.0389404297,80.2787017822,45281,45291,10
13.0391197205,80.2787704468,45291,45301,10
13.0396003723,80.2789230347,45301,45311,10
13.0404901505,80.2791671753,45311,45321,10
13.0416002274,80.2793884277,45321,45331,10
13.0429601669,80.279548645,45331,45372,41
13.0429601669,80.279548645,45372,45382,10
13.0430498123,80.2795562744,45382,45392,10
13.0434103012,80.2796325684,45392,45402,10
13.0439300537,80.279800415,45402,45412,10
13.0444202423,80.2798919678,45412,45422,10
13.0451498032,80.2799911499,45422,45432,10
13.0457401276,80.2800674438,45432,45442,10
13.0457601547,80.2800827026,45442,45458,16
13.0463495255,80.2801589966,45458,45471,13
13.047539711,80.2803268433,45471,45481,10
13.0486001968,80.2804794312,45481,45491,10
13.049249649,80.2805709839,45491,45501,10
13.0494098663,80.2805786133,45501,45511,10
13.0495004654,80.2806015015,45511,45520,9
13.0499401093,80.2806777954,45520,45530,10
13.0504903793,80.2807693481,45530,45541,11
13.0509300232,80.2808303833,45541,45551,10
13.0511798859,80.2808685303,45551,45562,11
13.051659584,80.2809371948,45562,45572,10
13.0521001816,80.2810134888,45572,45583,11
13.0525102615,80.2810668945,45583,45593,10
13.0527496338,80.2810974121,45593,45603,10
13.0529203415,80.2811279297,45603,45613,10
13.0539503098,80.2813034058,45613,45643,30
13.0539503098,80.2813034058,45643,45653,10
13.0542297363,80.2813491821,45653,45734,81
13.0545597076,80.2814407349,45734,45903,169
13.0549402237,80.2814788818,45903,45954,51
13.0549402237,80.2814788818,45954,45963,9
13.0553102493,80.2815475464,45963,46004,41
13.0556898117,80.2816467285,46004,46045,41
13.0556898117,80.2816467285,46045,46055,10
13.0558595657,80.2817230225,46055,46065,10
13.0559101105,80.2817382813,46065,46075,10
13.0561199188,80.281791687,46075,46085,10
13.0564403534,80.2818374634,46085,46095,10
13.0570402145,80.2819137573,46095,46105,10
13.0571098328,80.2819213867,46105,46115,10
13.0573396683,80.2819824219,46115,46125,10
13.057800293,80.282081604,46125,46135,10
13.0586099625,80.2822570801,46135,46145,10
13.0603103638,80.2825775146,46145,46186,41
13.0603103638,80.2825775146,46186,46195,9
13.0605697632,80.2826385498,46195,46206,11
13.0611801147,80.2827606201,46206,46216,10
13.0616798401,80.2828598022,46216,46226,10
13.0623903275,80.2830429077,46226,46236,10
13.0631399155,80.283203125,46236,46256,20
13.0631399155,80.283203125,46256,46267,11
13.0633201599,80.2832489014,46267,46277,10
13.0637102127,80.2832717896,46277,46327,50
13.0637102127,80.2832717896,46327,46337,10
13.064040184,80.2834320068,46337,46347,10
13.0646600723,80.2835769653,46347,46357,10
13.0655403137,80.283782959,46357,46367,10
13.0666103363,80.2840118408,46367,46378,11
13.067779541,80.2842330933,46378,46388,10
13.0686597824,80.2844161987,46388,46398,10
13.0696401596,80.2846603394,46398,46407,9
13.0706195831,80.2848968506,46407,46418,11
13.0718803406,80.2852020264,46418,46428,10
13.0729598999,80.2853164673,46428,46438,10
13.0737895966,80.2854309082,46438,46448,10
13.0740203857,80.2856826782,46448,46458,10
13.0744400024,80.2861328125,46458,46468,10
13.0747003555,80.2863006592,46468,46478,10
13.0748796463,80.2864227295,46478,46488,10
13.0755300522,80.286819458,46488,46499,11
13.0767202377,80.2872085571,46499,46509,10
13.0778198242,80.2874984741,46509,46519,10
13.0787801743,80.2877731323,46519,46529,10
13.0796203613,80.2880630493,46529,46539,10
13.0803003311,80.2881698608,46539,46549,10
13.0807600021,80.2882995605,46549,46559,10
13.0807600021,80.2883071899,46559,46569,10
13.0809497833,80.2883682251,46569,46579,10
13.0815601349,80.2885818481,46579,46589,10
13.0822296143,80.2888031006,46589,46599,10
13.082400322,80.2888793945,46599,46610,11
13.0829601288,80.2891387939,46610,46620,10
13.0837202072,80.2891921997,46620,46630,10
13.0847196579,80.2891693115,46630,46640,10
13.0857696533,80.2892684937,46640,46650,10
13.0868396759,80.2895584106,46650,46660,10
13.0876998901,80.2898788452,46660,46670,10
13.0884199142,80.2901306152,46670,46690,20
13.0884199142,80.2901306152,46690,46700,10
13.0888500214,80.2901611328,46700,46721,21
13.0888500214,80.2901611328,46721,46731,10
13.0888595581,80.2903671265,46731,46741,10
13.08852005,80.2903366089,46741,46751,10
13.0881900787,80.2901763916,46751,46761,10
13.087770462,80.2900009155,46761,46770,9
13.0872097015,80.2898178101,46770,46781,11
13.0865402222,80.2896270752,46781,46791,10
13.0859899521,80.2894973755,46791,46801,10
13.0855798721,80.2890777588,46801,46811,10
13.0852499008,80.2884597778,46811,46821,10
13.0851297379,80.2876586914,46821,46832,11
13.0852003098,80.2867584229,46832,46842,10
13.0852603912,80.2860031128,46842,46852,10
13.0853595734,80.2850265503,46852,46862,10
13.0852603912,80.284362793,46862,46872,10
13.0853004456,80.283996582,46872,46882,10
13.0853796005,80.2838287354,46882,46892,10
13.0853996277,80.2837600708,46892,46902,10
13.0855197906,80.2835464478,46902,46912,10
13.0857696533,80.283531189,46912,46922,10
13.0861701965,80.2835388184,46922,46932,10
13.0866298676,80.2838287354,46932,46983,51
13.0866298676,80.2838287354,46983,46993,10
13.0866699219,80.2838668823,46993,47003,10
13.0869903564,80.2839736938,47003,47013,10
13.0875701904,80.2839813232,47013,47033,20
13.0875701904,80.2839813232,47033,47043,10
13.0878095627,80.2840270996,47043,47084,41
13.0878095627,80.2840270996,47084,47094,10
13.0880002975,80.2840499878,47094,47104,10
13.0881595612,80.2838897705,47104,47114,10
13.0882101059,80.2836532593,47114,47124,10
13.0883102417,80.2833862305,47124,47134,10
13.0882997513,80.282951355,47134,47144,10
13.0882997513,80.2825164795,47144,47154,10
13.0882701874,80.2822799683,47154,47164,10
13.0882196426,80.2820129395,47164,47175,11
13.0880203247,80.2815475464,47175,47185,10
13.0875301361,80.2813568115,47185,47195,10
13.0868797302,80.2811889648,47195,47205,10
13.0861797333,80.2809906006,47205,47215,10
13.0858001709,80.2808380127,47215,47225,10
13.0856599808,80.2803878784,47225,47232,7
13.0855503082,80.2799606323,47232,47245,13
13.0848398209,80.2793197632,47245,47255,10
13.0840301514,80.2791976929,47255,47265,10
13.0834999084,80.2790603638,47265,47274,9
13.0829296112,80.2788314819,47274,47286,12
13.0824604034,80.2786178589,47286,47296,10
13.0822401047,80.278503418,47296,47306,10
13.0819702148,80.2781677246,47306,47316,10
13.0818996429,80.2775421143,47316,47326,10
13.0818195343,80.2769088745,47326,47336,10
13.0817403793,80.2764129639,47336,47346,10
13.0816698074,80.2761077881,47346,47356,10
13.0815601349,80.2757568359,47356,47406,50
13.0815601349,80.2757568359,47406,47417,11
13.0815200806,80.2753677368,47417,47427,10
13.0813102722,80.275177002,47427,47437,10
13.0806798935,80.2752609253,47437,47447,10
13.0800104141,80.2753372192,47447,47457,10
13.0792703629,80.2752838135,47457,47467,10
13.0786600113,80.2752075195,47467,47476,9
13.0782403946,80.2757492065,47476,47486,10
13.0776195526,80.2762374878,47486,47497,11
13.0764598846,80.2763214111,47497,47507,10
13.075969696,80.2763290405,47507,47518,11
13.0759000778,80.2761993408,47518,47528,10
13.075969696,80.2758407593,47528,47538,10
13.075969696,80.2748794556,47538,47578,40
13.0760202408,80.2747421265,47578,47871,293
13.0760202408,80.2747421265,47871,47881,10
13.0758895874,80.2746582031,47881,47891,10
13.0758895874,80.274887085,47891,47901,10
13.0759401321,80.275062561,47901,47911,10
13.0760097504,80.2753829956,47911,47921,10
13.0759601593,80.2757492065,47921,47931,10
13.0759000778,80.2760696411,47931,47941,10
13.0759496689,80.276222229,47941,47951,10
13.0762996674,80.2762374878,47951,47961,10
13.0768899918,80.276222229,47961,47972,11
13.0776596069,80.2761688232,47972,47982,10
13.0781803131,80.2758636475,47982,47992,10
13.0784502029,80.2752532959,47992,48002,10
13.079000473,80.275138855,48002,48012,10
13.0795602798,80.2752380371,48012,48022,10
13.080329895,80.2752532959,48022,48032,10
13.0811901093,80.2751617432,48032,48083,51
13.0811901093,80.2751617432,48083,48093,10
13.0812902451,80.2751617432,48093,48103,10
13.0815696716,80.2751693726,48103,48113,10
13.0816802979,80.2752532959,48113,48123,10
13.0816898346,80.2755966187,48123,48133,10
13.0817899704,80.2762374878,48133,48143,10
13.081870079,80.2769393921,48143,48153,10
13.0819702148,80.2777404785,48153,48163,10
13.0820703506,80.2784881592,48163,48173,10
13.082110405,80.2792205811,48173,48183,10
13.0822095871,80.2800521851,48183,48193,10
13.0822896957,80.2808074951,48193,48204,11
13.0823402405,80.2811965942,48204,48214,10
13.0823402405,80.2813796997,48214,48224,10
13.0823802948,80.2817611694,48224,48234,10
13.082909584,80.282119751,48234,48244,10
13.0835800171,80.2825393677,48244,48254,10
13.0842199326,80.2829437256,48254,48264,10
13.0847902298,80.2834091187,48264,48274,10
13.0852003098,80.2838516235,48274,48284,10
13.0855197906,80.2836074829,48284,48294,10
13.0859003067,80.2835769653,48294,48304,10
13.0862798691,80.2836074829,48304,48315,11
13.0867996216,80.2839736938,48315,48385,70
13.0867996216,80.2839736938,48385,48395,10
13.087269783,80.2839431763,48395,48405,10
13.0875101089,80.2839202881,48405,48415,10
13.0877895355,80.2839202881,48415,48577,162
13.0877895355,80.2839202881,48577,48587,10
13.088139534,80.2838134766,48587,48597,10
13.0881700516,80.2836685181,48597,48607,10
13.0881996155,80.2836227417,48607,48617,10
13.0882997513,80.2832565308,48617,48627,10
13.0882797241,80.2827529907,48627,48637,10
13.0882701874,80.2824020386,48637,48648,11
13.0882196426,80.282043457,48648,48658,10
13.0880298615,80.2815322876,48658,48789,131
13.0880298615,80.2815322876,48789,48799,10
13.0883798599,80.2814483643,48799,48809,10
13.08852005,80.2816696167,48809,48819,10
13.0884103775,80.2821273804,48819,48829,10
13.0883302689,80.2827072144,48829,48839,10
13.0882902145,80.2830734253,48839,48849,10
13.0882997513,80.283493042,48849,48859,10
13.0882997513,80.2836914063,48859,48869,10
13.0883302689,80.2842330933,48869,48880,11
13.0883798599,80.284942627,48880,48890,10
13.0883998871,80.2854919434,48890,48900,10
13.0884304047,80.2858276367,48900,48910,10
13.0884599686,80.2862091064,48910,48920,10
13.0884799957,80.2864685059,48920,48930,10
13.0885000229,80.2867889404,48930,48940,10
13.0885400772,80.2873001099,48940,48950,10
13.0885601044,80.2875213623,48950,48960,10
13.0886001587,80.2879562378,48960,48970,10
13.088640213,80.2883605957,48970,48980,10
13.0886497498,80.2885437012,48980,48991,11
13.0886802673,80.2889022827,48991,49001,10
13.0887403488,80.2893218994,49001,49011,10
13.0887403488,80.2893676758,49011,49021,10
13.0887699127,80.2900466919,49021,49051,30
13.0887699127,80.2900466919,49051,49061,10
13.0888004303,80.2902908325,49061,49071,10
13.0886001587,80.2904281616,49071,49081,10
13.0881795883,80.2901763916,49081,49091,10
13.0875797272,80.2898788452,49091,49101,10
13.0868902206,80.2896118164,49101,49112,11
13.0858697891,80.2893295288,49112,49122,10
13.0849704742,80.2891693115,49122,49132,10
13.0839996338,80.2892379761,49132,49142,10
13.0831203461,80.2892532349,49142,49152,10
13.0821800232,80.2888793945,49152,49162,10
13.0811595917,80.288520813,49162,49172,10
13.0800504684,80.2882080078,49172,49192,20
13.0800504684,80.2882080078,49192,49202,10
13.0799398422,80.288192749,49202,49212,10
13.0794200897,80.2881011963,49212,49223,11
13.0785703659,80.2877426147,49223,49233,10
13.0775604248,80.2874832153,49233,49243,10
13.0764703751,80.2872009277,49243,49253,10
13.0754098892,80.2868423462,49253,49269,16
13.0741901398,80.2861785889,49269,49281,12
13.074139595,80.2861709595,49281,49291,10
13.0740299225,80.2861404419,49291,49301,10
13.0734796524,80.2860031128,49301,49311,10
13.072719574,80.2856216431,49311,49321,10
13.0718097687,80.2852935791,49321,49331,10
13.0707302094,80.2850189209,49331,49342,11
13.0694999695,80.2847290039,49342,49352,10
13.0685300827,80.2845077515,49352,49362,10
13.0676202774,80.284362793,49362,49372,10
13.0666799545,80.2842407227,49372,49382,10
13.0664901733,80.2841873169,49382,49392,10
13.0663604736,80.2841567993,49392,49402,10
13.0659103394,80.2840194702,49402,49412,10
13.0650396347,80.283782959,49412,49422,10
13.0642995834,80.2835998535,49422,49432,10
13.0642404556,80.2835922241,49432,49442,10
13.0641403198,80.2835464478,49442,49453,11
13.0635595322,80.2834014893,49453,49463,10
13.0625400543,80.2831573486,49463,49483,20
13.0625400543,80.2831573486,49483,49493,10
13.0621795654,80.2830810547,49493,49503,10
13.0614900589,80.2829284668,49503,49513,10
13.0606403351,80.2827377319,49513,49523,10
13.0597000122,80.2825469971,49523,49533,10
13.0588903427,80.2823867798,49533,49543,10
13.0580101013,80.2822113037,49543,49553,10
13.05768013,80.2821502686,49553,49564,11
13.0571098328,80.2820205688,49564,49574,10
13.0566902161,80.2819366455,49574,49584,10
13.0566797256,80.2819290161,49584,49594,10
13.0563001633,80.2818527222,49594,49604,10
13.0558395386,80.2817611694,49604,49614,10
13.0551204681,80.2815933228,49614,49624,10
13.0542001724,80.2814025879,49624,49634,10
13.0532598495,80.28125,49634,49644,10
13.0523395538,80.2811126709,49644,49654,10
13.0515298843,80.28099823,49654,49664,10
13.0509300232,80.2809295654,49664,49675,11
13.0502595901,80.2808303833,49675,49695,20
13.0502595901,80.2808303833,49695,49705,10
13.0499601364,80.2807769775,49705,49715,10
13.0492696762,80.280670166,49715,49725,10
13.0483798981,80.2805480957,49725,49735,10
13.0473899841,80.2804031372,49735,49745,10
13.0464801788,80.2802581787,49745,49755,10
13.04570961,80.2801818848,49755,49765,10
13.0456600189,80.2801818848,49765,49775,10
13.0455799103,80.2801589966,49775,49785,10
13.0450496674,80.2800827026,49785,49796,11
13.0442695618,80.2799835205,49796,49806,10
13.0438098907,80.2798995972,49806,49816,10
13.0432796478,80.279800415,49816,49826,10
13.0424499512,80.2796096802,49826,49836,10
13.0414495468,80.2794418335,49836,49846,10
13.0404996872,80.2792510986,49846,49856,10
13.0390796661,80.2788772583,49856,49886,30
13.0390796661,80.2788772583,49886,49896,10
13.0388298035,80.2787780762,49896,49907,11
13.0382900238,80.2785873413,49907,49917,10
13.0377101898,80.2784194946,49917,49927,10
13.0376701355,80.2783966064,49927,49937,10
13.0374603271,80.2783432007,49937,49947,10
13.0370597839,80.2782287598,49947,49957,10
13.0365800858,80.2780303955,49957,49967,10
13.0360202789,80.2778701782,49967,49977,10
13.0353603363,80.2777175903,49977,49987,10
13.0346899033,80.2776031494,49987,49996,9
13.034070015,80.2774505615,49996,50007,11
13.0333499908,80.2774429321,50007,50018,11
13.0327196121,80.2774887085,50018,50028,10
13.0321502686,80.2775421143,50028,50038,10
13.0314598083,80.2775497437,50038,50048,10
13.0309400558,80.2772827148,50048,50058,10
13.0309200287,80.2772598267,50058,50068,10
13.03083992,80.2772064209,50068,50078,10
13.0304803848,80.2770080566,50078,50088,10
13.0299797058,80.2768173218,50088,50098,10
13.0294599533,80.2766723633,50098,50108,10
13.0287704468,80.2764511108,50108,50118,10
13.0280704498,80.2761535645,50118,50128,10
13.0274496078,80.2759094238,50128,50139,11
13.0266199112,80.2755432129,50139,50149,10
13.0260295868,80.2752609253,50149,50159,10
13.0259799957,80.2752532959,50159,50169,10
13.0258903503,80.2752075195,50169,50179,10
13.0254297256,80.2750015259,50179,50189,10
13.0246801376,80.2746582031,50189,50199,10
13.0242996216,80.2743301392,50199,50215,16
13.0240402222,80.274017334,50215,50227,12
13.0239095688,80.2738265991,50227,50237,10
13.0236196518,80.273399353,50237,50247,10
13.023150444,80.2727584839,50247,50258,11
13.0225296021,80.2719192505,50258,50268,10
13.0219097137,80.2711105347,50268,50278,10
13.0212802887,80.2703475952,50278,50288,10
13.0208702087,80.2698669434,50288,50298,10
13.0208597183,80.269859314,50298,50308,10
13.0207004547,80.2696609497,50308,50317,9
13.0203104019,80.2691268921,50317,50328,11
13.0197200775,80.2684020996,50328,50338,10
13.0191698074,80.2677230835,50338,50348,10
13.0187397003,80.2670516968,50348,50358,10
13.0186595917,80.2665634155,50358,50369,11
13.0186395645,80.2663803101,50369,50379,10
13.0186300278,80.2660598755,50379,50389,10
13.0186700821,80.2657699585,50389,50399,10
13.0187902451,80.2652816772,50399,50409,10
13.0190000534,80.2645568848,50409,50419,10
13.0190200806,80.2637634277,50419,50429,10
13.0189695358,80.2633514404,50429,50439,10
13.0188999176,80.2629928589,50439,50449,10
13.0188999176,80.2629318237,50449,50459,10
13.0188598633,80.2624130249,50459,50469,10
13.018819809,80.2617797852,50469,50480,11
13.0187797546,80.2614517212,50480,50490,10
13.0185098648,80.261177063,50490,50500,10
13.0180797577,80.260887146,50500,50510,10
13.017539978,80.2605285645,50510,50520,10
13.016960144,80.2601394653,50520,50530,10
13.0160398483,80.2596664429,50530,50550,20
13.0160398483,80.2596664429,50550,50560,10
13.0158004761,80.2595596313,50560,50570,10
13.0151796341,80.2593688965,50570,50587,17
13.0136804581,80.2592926025,50587,50599,12
13.0125598907,80.2592468262,50599,50609,10
13.0116500854,80.2592163086,50609,50617,8
13.0109500885,80.2592086792,50617,50629,12
13.0098199844,80.2592391968,50629,50639,10
13.0090303421,80.2591705322,50639,50648,9
13.0087203979,80.2591934204,50648,50659,11
13.0081996918,80.2591781616,50659,50669,10
13.0076303482,80.2593917847,50669,50679,10
13.0072898865,80.2598800659,50679,50689,10
13.0072402954,80.2602767944,50689,50699,10
13.007349968,80.2607421875,50699,50710,11
13.0074300766,80.2609786987,50710,50721,11
13.0074701309,80.2614822388,50721,50730,9
13.0075702667,80.2619934082,50730,50741,11
13.0077104568,80.2624816895,50741,50751,10
13.0078296661,80.2629394531,50751,50761,10
13.0079603195,80.2634277344,50761,50771,10
13.0079603195,80.2642822266,50771,50781,10
13.0077896118,80.2654571533,50781,50791,10
13.0076799393,80.2661437988,50791,50801,10
13.007519722,80.2668075562,50801,50811,10
13.0073204041,80.2677383423,50811,50822,11
13.0071401596,80.268699646,50822,50832,10
13.0069904327,80.2695922852,50832,50842,10
13.0066699982,80.2703475952,50842,50852,10
13.0059499741,80.2703170776,50852,50862,10
13.0052204132,80.269859314,50862,50872,10
13.0045204163,80.2694168091,50872,50882,10
13.0038099289,80.2690200806,50882,50892,10
13.0032396317,80.268737793,50892,50902,10
13.0032300949,80.2687225342,50902,50912,10
13.0029802322,80.2685623169,50912,50922,10
13.0024204254,80.2682037354,50922,50933,11
13.001709938,80.2677536011,50933,50943,10
13.0008897781,80.267250061,50943,50973,30
13.0008897781,80.267250061,50973,50983,10
13.0005702972,80.267036438,50983,50993,10
13.0000696182,80.2668609619,50993,51003,10
12.9995002747,80.2669906616,51003,51013,10
12.9987802505,80.2671737671,51013,51022,9
12.9982995987,80.2673110962,51022,51033,11
12.9978704453,80.2674789429,51033,51044,11
12.9970998764,80.2676696777,51044,51054,10
12.9962902069,80.2677001953,51054,51064,10
12.9957103729,80.2676620483,51064,51074,10
12.9956798553,80.2673492432,51074,51104,30
12.9956798553,80.2673492432,51104,51114,10
12.9957199097,80.2670593262,51114,51124,10
12.995759964,80.2665176392,51124,51134,10
12.9958295822,80.2658996582,51134,51144,10
12.9959001541,80.2652206421,51144,51154,10
12.9959697723,80.2646331787,51154,51165,11
12.9960603714,80.263923645,51165,51175,10
12.9961395264,80.2630996704,51175,51185,10
12.9961996078,80.2625427246,51185,51215,30
12.9961996078,80.2625427246,51215,51225,10
12.9962596893,80.2621231079,51225,51235,10
12.9962902069,80.2618026733,51235,51245,10
12.9963302612,80.2615432739,51245,51255,10
12.9963998795,80.2609405518,51255,51265,10
12.9964895248,80.260093689,51265,51276,11
12.9965600967,80.259262085,51276,51286,10
12.9966402054,80.2586288452,51286,51296,10
12.9967002869,80.2577972412,51296,51306,10
12.9967699051,80.2570571899,51306,51316,10
12.9968500137,80.2562179565,51316,51336,20
12.9968500137,80.2562179565,51336,51346,10
12.9968795776,80.256072998,51346,51356,10
12.9968595505,80.2555465698,51356,51366,10
12.9968004227,80.2547836304,51366,51376,10
12.9963502884,80.2540893555,51376,51386,10
12.9957895279,80.2535629272,51386,51397,11
12.9951400757,80.2528610229,51397,51407,10
12.9948196411,80.2524414063,51407,51417,10
12.9943199158,80.2525634766,51417,51437,20
12.9943199158,80.2525634766,51437,51447,10
12.9938802719,80.2526779175,51447,51457,10
12.9932098389,80.2528610229,51457,51473,16
12.9919099808,80.2529907227,51473,51485,12
12.9912900925,80.25340271,51485,51495,10
12.9909000397,80.2542495728,51495,51506,11
12.9908304214,80.2551574707,51506,51516,10
12.9907903671,80.2558517456,51516,51526,10
12.9906196594,80.2559814453,51526,51536,10
12.9901800156,80.2559890747,51536,51546,10
12.9894199371,80.2559585571,51546,51566,20
12.9894199371,80.2559585571,51566,51576,10
12.9892396927,80.2559509277,51576,51586,10
12.9889802933,80.2559432983,51586,51596,10
12.9887104034,80.2559280396,51596,51606,10
12.988360405,80.2558670044,51606,51617,11
12.9879798889,80.2557983398,51617,51627,10
12.9876203537,80.2559967041,51627,51637,10
12.9875802994,80.256652832,51637,51647,10
12.9875297546,80.2572631836,51647,51657,10
12.9874897003,80.2578125,51657,51667,10
12.9874401093,80.2585220337,51667,51677,10
12.987279892,80.2594223022,51677,51728,51
12.987279892,80.2594223022,51728,51738,10
12.9872503281,80.2595367432,51738,51748,10
12.9870901108,80.2595977783,51748,51758,10
12.9868803024,80.2595596313,51758,51768,10
12.9868402481,80.259552002,51768,51778,10
12.9866600037,80.2594985962,51778,51788,10
12.9865903854,80.259262085,51788,51798,10
12.9866800308,80.2590866089,51798,51889,91
12.9866800308,80.2590866089,51889,51899,10
12.9870595932,80.2590866089,51899,51960,61
12.9870595932,80.2590866089,51960,51970,10
12.9873199463,80.2591171265,51970,51980,10
12.9873695374,80.2588806152,51980,51990,10
12.9873800278,80.2586593628,51990,52000,10
12.9874000549,80.2584228516,52000,52010,10
12.9874000549,80.2581863403,52010,52020,10
12.9874095917,80.2579498291,52020,52030,10
12.9874401093,80.2574462891,52030,52040,10
12.9875097275,80.2567062378,52040,52091,51
12.9875097275,80.2567062378,52091,52101,10
12.9875297546,80.2565231323,52101,52111,10
12.9875602722,80.2560806274,52111,52121,10
12.9876499176,80.2557067871,52121,52131,10
12.9880104065,80.2557220459,52131,52140,9
12.9882602692,80.2557907104,52140,52151,11
12.9884595871,80.2558135986,52151,52161,10
12.9885396957,80.2558288574,52161,52171,10
12.988820076,80.255859375,52171,52182,11
12.9889602661,80.2558822632,52182,52192,10
12.9892997742,80.2559280396,52192,52202,10
12.9898395538,80.2560119629,52202,52212,10
12.9904298782,80.2559585571,52212,52222,10
12.9907197952,80.2556762695,52222,52232,10
12.9907798767,80.2550125122,52232,52242,10
12.9908800125,80.2542419434,52242,52252,10
12.9912595749,80.2535324097,52252,52262,10
12.991900444,80.2530822754,52262,52272,10
12.9924697876,80.2529983521,52272,52282,10
12.9930496216,80.2529296875,52282,52292,10
12.993639946,80.2527618408,52292,52302,10
12.9943599701,80.252571106,52302,52313,11
12.9949998856,80.2524871826,52313,52323,10
12.9952001572,80.2529602051,52323,52333,10
12.9956598282,80.2534484863,52333,52343,10
12.9965000153,80.2542419434,52343,52353,10
12.9968500137,80.2549362183,52353,52363,10
12.9969501495,80.2557067871,52363,52444,81
12.9969501495,80.2557067871,52444,52454,10
12.9969396591,80.2558822632,52454,52464,10
12.9968900681,80.256187439,52464,52474,10
12.9968299866,80.2568511963,52474,52484,10
12.9967498779,80.2577133179,52484,52494,10
12.9966402054,80.258682251,52494,52504,10
12.9965496063,80.2595977783,52504,52514,10
12.9964799881,80.2603683472,52514,52524,10
12.9963998795,80.261100769,52524,52535,11
12.9963302612,80.2618179321,52535,52545,10
12.9962501526,80.2623062134,52545,52555,10
12.9962301254,80.2623977661,52555,52565,10
12.9961795807,80.262802124,52565,52575,10
12.9961299896,80.2633972168,52575,52585,10
12.9960403442,80.2641983032,52585,52595,10
12.9959402084,80.2650375366,52595,52605,10
12.9958496094,80.2659835815,52605,52615,10
12.9957399368,80.266998291,52615,52625,10
12.9962396622,80.2677230835,52625,52646,21
12.9962396622,80.2677230835,52646,52656,10
12.9966602325,80.2678375244,52656,52666,10
12.997420311,80.2676315308,52666,52676,10
12.9981002808,80.2674179077,52676,52686,10
12.9987297058,80.2672271729,52686,52696,10
12.9995803833,80.2669906616,52696,52705,9
13.0002803802,80.2668533325,52705,52716,11
13.000869751,80.2672195435,52716,52726,10
13.0010204315,80.2673034668,52726,52736,10
13.0011796951,80.2674026489,52736,52746,10
13.0017004013,80.2676925659,52746,52757,11
13.0025196075,80.2681808472,52757,52767,10
13.0031604767,80.2685394287,52767,52777,10
13.0034103394,80.2687301636,52777,52787,10
13.0036296844,80.2688980103,52787,52797,10
13.0042104721,80.2692718506,52797,52807,10
13.0050296783,80.2697601318,52807,52817,10
13.005900383,80.2702789307,52817,52827,10
13.0065402985,80.270401001,52827,52837,10
13.0069599152,80.2697372437,52837,52847,10
13.0071201324,80.2688980103,52847,52857,10
13.0072898865,80.268081665,52857,52868,11
13.0075502396,80.2669906616,52868,52878,10
13.0077295303,80.2662734985,52878,52888,10
13.007900238,80.2656402588,52888,52898,10
13.0080604553,80.264793396,52898,52908,10
13.0080003738,80.2639694214,52908,52917,9
13.0078201294,80.2631988525,52917,52928,11
13.0077104568,80.2626800537,52928,52938,10
13.0075397491,80.2619400024,52938,52948,10
13.0072898865,80.2610778809,52948,52958,10
13.0072002411,80.2605895996,52958,52968,10
13.0071802139,80.2601623535,52968,52978,10
13.0073003769,80.2593994141,52978,52988,10
13.0073604584,80.2587585449,52988,52999,11
13.0076599121,80.2586669922,52999,53009,10
13.0082998276,80.2589187622,53009,53019,10
13.0085401535,80.2589797974,53019,53029,10
13.0086898804,80.2590026855,53029,53039,10
13.0092496872,80.2590713501,53039,53049,10
13.0101499557,80.2590713501,53049,53059,10
13.011179924,80.2590713501,53059,53069,10
13.0122900009,80.2590866089,53069,53079,10
13.0135002136,80.2591400146,53079,53089,10
13.0146198273,80.2591629028,53089,53100,11
13.0157203674,80.2593002319,53100,53110,10
13.0163803101,80.2596206665,53110,53120,10
13.0164403915,80.2596817017,53120,53130,10
13.0166702271,80.2598876953,53130,53140,10
13.0170898438,80.2601623535,53140,53150,10
13.017660141,80.260559082,53150,53160,10
13.0182600021,80.2609710693,53160,53170,10
13.0188302994,80.2613983154,53170,53180,10
13.0193901062,80.2618713379,53180,53190,10
13.019900322,80.2624282837,53190,53200,10
13.0202503204,80.2629318237,53200,53211,11
13.0198097229,80.2629699707,53211,53221,10
13.0191402435,80.2629318237,53221,53231,10
13.0190200806,80.2632980347,53231,53241,10
13.0191202164,80.263961792,53241,53251,10
13.0191202164,80.2641220093,53251,53261,10
13.018989563,80.2647094727,53261,53271,10
13.018819809,80.2653427124,53271,53281,10
13.0186901093,80.26587677,53281,53291,10
13.0187101364,80.2667388916,53291,53301,10
13.0190696716,80.267539978,53301,53311,10
13.019659996,80.2682418823,53311,53321,10
13.0203504562,80.2691192627,53321,53332,11
13.0209102631,80.2697525024,53332,53342,10
13.0214796066,80.2704467773,53342,53362,20
13.0214796066,80.2704467773,53362,53372,10
13.021730423,80.2707901001,53372,53381,9
13.0221204758,80.2713165283,53381,53391,10
13.0226602554,80.2720184326,53391,53402,11
13.0232400894,80.272819519,53402,53412,10
13.0234804153,80.2731399536,53412,53422,10
13.0236797333,80.2734375,53422,53432,10
13.0240097046,80.2738876343,53432,53443,11
13.0244197845,80.2743530273,53443,53453,10
13.0247602463,80.2746124268,53453,53463,10
13.0251398087,80.2748031616,53463,53493,30
13.0251398087,80.2748031616,53493,53503,10
13.0254201889,80.2749481201,53503,53513,10
13.0258998871,80.2751693726,53513,53523,10
13.0264997482,80.2754516602,53523,53533,10
13.0272302628,80.2757797241,53533,53543,10
13.0279598236,80.2761383057,53543,53554,11
13.028670311,80.2764434814,53554,53564,10
13.0291996002,80.2766494751,53564,53574,10
13.0294904709,80.2767028809,53574,53584,10
13.0298099518,80.2767791748,53584,53594,10
13.0298900604,80.276802063,53594,53604,10
13.0301198959,80.2769012451,53604,53614,10
13.030500412,80.2770614624,53614,53624,10
13.0309495926,80.2772674561,53624,53634,10
13.0315198898,80.2775421143,53634,53644,10
13.0321998596,80.2774810791,53644,53664,20
13.0321998596,80.2774810791,53664,53675,11
13.0326099396,80.2774581909,53675,53685,10
13.0331296921,80.2773895264,53685,53695,10
13.0337696075,80.2773971558,53695,53705,10
13.0343399048,80.2775421143,53705,53715,10
13.0347900391,80.2776107788,53715,53725,10
13.0352802277,80.2776870728,53725,53735,10
13.0357398987,80.2778015137,53735,53745,10
13.0362796783,80.2779312134,53745,53755,10
13.0370597839,80.2782287598,53755,53765,10
13.0374498367,80.2783508301,53765,53775,10
13.0379695892,80.2784729004,53775,53786,11
13.0388803482,80.278678894,53786,53806,20
13.0388803482,80.278678894,53806,53816,10
13.0389795303,80.2787094116,53816,53826,10
13.0393104553,80.2788391113,53826,53836,10
13.0399904251,80.2790374756,53836,53846,10
13.04088974,80.279258728,53846,53856,10
13.0419101715,80.2794265747,53856,53866,10
13.0431003571,80.2795791626,53866,53927,61
13.0431003571,80.2795791626,53927,53937,10
13.0432596207,80.2796096802,53937,53947,10
13.0438203812,80.2797775269,53947,53957,10
13.044549942,80.2799072266,53957,53967,10
13.0453796387,80.2800292969,53967,53977,10
13.0457496643,80.2800827026,53977,53987,10
13.045800209,80.280090332,53987,53997,10
13.046330452,80.280166626,53997,54008,11
13.0472698212,80.2802886963,54008,54018,10
13.0482501984,80.2804412842,54018,54028,10
13.0491600037,80.2805633545,54028,54038,10
13.0493602753,80.2805862427,54038,54048,10
13.0496301651,80.2806472778,54048,54058,10
13.0500602722,80.2807235718,54058,54068,10
13.0502796173,80.2807617188,54068,54078,10
13.0506801605,80.2808303833,54078,54088,10
13.0512104034,80.2808990479,54088,54098,10
13.0519800186,80.2810211182,54098,54108,10
13.05286026,80.2811584473,54108,54119,11
13.0539302826,80.2813186646,54119,54129,10
13.0549602509,80.2815093994,54129,54139,10
13.0563402176,80.2817611694,54139,54159,20
13.0563402176,80.2817611694,54159,54169,10
13.0564899445,80.2817993164,54169,54179,10
13.0569896698,80.2818984985,54179,54189,10
13.057299614,80.2819595337,54189,54199,10
13.0577602386,80.2820587158,54199,54209,10
13.0584802628,80.2822189331,54209,54219,10
13.0592699051,80.2823791504,54219,54229,10
13.0600996017,80.2825469971,54229,54240,11
13.0609903336,80.2827301025,54240,54250,10
13.0617799759,80.282913208,54250,54260,10
13.0630197525,80.2831802368,54260,54280,20
13.0630197525,80.2831802368,54280,54290,10
13.0630903244,80.283203125,54290,54300,10
13.0634899139,80.2833023071,54300,54310,10
13.0637397766,80.2833480835,54310,54320,10
13.0641202927,80.2834625244,54320,54330,10
13.0648202896,80.2836074829,54330,54340,10
13.0656499863,80.2837905884,54340,54351,11
13.0666303635,80.2840118408,54351,54361,10
13.0675802231,80.2842025757,54361,54371,10
13.0685195923,80.2843780518,54371,54381,10
13.069439888,80.2845916748,54381,54391,10
13.0704202652,80.2848434448,54391,54401,10
13.0714197159,80.2850723267,54401,54411,10
13.0723896027,80.2852706909,54411,54421,10
13.0733003616,80.2852172852,54421,54431,10
13.0736198425,80.2852630615,54431,54441,10
13.0738296509,80.2854385376,54441,54451,10
13.074259758,80.2859802246,54451,54462,11
13.0750598907,80.2865219116,54462,54472,10
13.0759401321,80.2869873047,54472,54482,10
13.0769901276,80.2872695923,54482,54492,10
13.0781002045,80.2875518799,54492,54502,10
13.079199791,80.2879180908,54502,54512,10
13.0802202225,80.2881469727,54512,54522,10
13.0808200836,80.2882919312,54522,54532,10
13.0808401108,80.2882995605,54532,54542,10
13.0809497833,80.2883682251,54542,54550,8
13.0813798904,80.288520813,54550,54562,12
13.0817499161,80.2886428833,54562,54573,11
13.0824203491,80.2889175415,54573,54583,10
13.0833301544,80.2891998291,54583,54593,10
13.0842695236,80.2891769409,54593,54603,10
13.0853796005,80.2891998291,54603,54613,10
13.0865497589,80.2894897461,54613,54623,10
13.0875196457,80.2898101807,54623,54633,10
13.0881500244,80.2900924683,54633,54643,10
13.0887002945,80.2901535034,54643,54714,71
13.0887002945,80.2901535034,54714,54724,10
13.0887699127,80.2904205322,54724,54734,10
13.0883598328,80.2902908325,54734,54744,10
13.0876598358,80.2899780273,54744,54754,10
13.0868396759,80.2897109985,54754,54764,10
13.0859899521,80.2894973755,54764,54774,10
13.0855703354,80.2891082764,54774,54784,10
13.0852003098,80.2883834839,54784,54794,10
13.0851097107,80.2875595093,54794,54805,11
13.0851898193,80.2865829468,54805,54815,10
13.085269928,80.2856216431,54815,54825,10
13.0853300095,80.2846298218,54825,54835,10
13.0852203369,80.2841415405,54835,54845,10
13.0853500366,80.2838668823,54845,54855,10
13.0854902267,80.2835464478,54855,54865,10
13.0859098434,80.2835388184,54865,54875,10
13.0863399506,80.2836608887,54875,54885,10
13.0868902206,80.2839584351,54885,55047,162
13.0867900848,80.2837371826,55047,55339,292
13.0867900848,80.2837371826,55339,55349,10
13.0872001648,80.2838363647,55349,55359,10
13.0874099731,80.2838592529,55359,55370,11
13.0877799988,80.2838973999,55370,55400,30
13.0877799988,80.2838973999,55400,55410,10
13.088060379,80.2839813232,55410,55450,40
13.088060379,80.2839813232,55450,55460,10
13.0882701874,80.2836608887,55460,55471,11
13.0882797241,80.2836532593,55471,55481,10
13.0883398056,80.2834701538,55481,55491,10
13.0883197784,80.2832107544,55491,55501,10
13.0882997513,80.2829437256,55501,55511,10
13.0882997513,80.2826309204,55511,55521,10
13.0882701874,80.2823410034,55521,55531,10
13.0881996155,80.2820205688,55531,55541,10
13.0880498886,80.281539917,55541,55571,30
13.0880498886,80.281539917,55571,55581,10
13.088259697,80.2814407349,55581,55592,11
13.0884895325,80.2817306519,55592,55612,20
13.0884895325,80.2817306519,55612,55622,10
13.0884599686,80.2821578979,55622,55632,10
13.0883903503,80.2825012207,55632,55642,10
13.0883398056,80.282623291,55642,55652,10
13.0883102417,80.2827987671,55652,55662,10
13.0882997513,80.2828598022,55662,55672,10
13.0882997513,80.282989502,55672,55682,10
13.0883398056,80.2833404541,55682,55692,10
13.0883398056,80.2834625244,55692,55703,11
13.0883398056,80.2837600708,55703,55713,10
13.0883302689,80.2842636108,55713,55723,10
13.0883998871,80.2848129272,55723,55743,20
13.0883998871,80.2848129272,55743,55752,9
13.0883998871,80.2850418091,55752,55763,11
13.0884199142,80.2854003906,55763,55773,10
13.0884399414,80.2858123779,55773,55783,10
13.0884504318,80.2861633301,55783,55793,10
13.0884599686,80.2863769531,55793,55803,10
13.0884599686,80.2863922119,55803,55814,11
13.0884599686,80.2866897583,55814,55824,10
13.0885095596,80.2871932983,55824,55834,10
13.0885400772,80.2874679565,55834,55844,10
13.0885601044,80.2878189087,55844,55854,10
13.0886297226,80.2883605957,55854,55864,10
13.0886602402,80.2885818481,55864,55874,10
13.0887498856,80.2893371582,55874,55894,20
13.0887498856,80.2893371582,55894,55904,10
13.0887804031,80.2898178101,55904,55993,89
13.0887804031,80.2898178101,55993,56002,9
13.0888004303,80.2900238037,56002,56013,11
13.0887804031,80.2902297974,56013,56064,51
13.0887804031,80.2902297974,56064,56074,10
13.0885801315,80.2904434204,56074,56084,10
13.0881996155,80.2902679443,56084,56094,10
13.0875301361,80.2899169922,56094,56104,10
13.0867099762,80.2895812988,56104,56114,10
13.0856103897,80.2892913818,56114,56124,10
13.0845098495,80.2891998291,56124,56134,10
13.0835103989,80.2892227173,56134,56144,10
13.0825996399,80.2890777588,56144,56155,11
13.0821895599,80.2889099121,56155,56165,10
13.0816602707,80.2886886597,56165,56175,10
13.0807695389,80.2883911133,56175,56185,10
13.0800104141,80.288192749,56185,56195,10
13.0799703598,80.288192749,56195,56205,10
13.0797100067,80.2881393433,56205,56215,10
13.0789804459,80.287902832,56215,56225,10
13.0779600143,80.2875595093,56225,56235,10
13.0767402649,80.2872390747,56235,56245,10
13.0754995346,80.286857605,56245,56255,10
13.0741100311,80.2861404419,56255,56276,21
13.0741100311,80.2861404419,56276,56286,10
13.0737199783,80.2860412598,56286,56296,10
13.0730199814,80.2857818604,56296,56306,10
13.0721998215,80.285369873,56306,56316,10
13.0711603165,80.2851028442,56316,56326,10
13.0699996948,80.2847976685,56326,56336,10
13.0688495636,80.2845535278,56336,56346,10
13.0677404404,80.2843322754,56346,56356,10
13.0665502548,80.2841262817,56356,56366,10
13.0655498505,80.2838363647,56366,56376,10
13.064499855,80.2835998535,56376,56387,11
13.0635404587,80.2833633423,56387,56397,10
13.0624599457,80.2830963135,56397,56417,20
13.0624599457,80.2830963135,56417,56427,10
13.0623998642,80.2830886841,56427,56437,10
13.061920166,80.2829666138,56437,56447,10
13.0611696243,80.2827987671,56447,56457,10
13.0603199005,80.2826080322,56457,56467,10
13.0593395233,80.282409668,56467,56477,10
13.0583496094,80.2822189331,56477,56487,10
13.0575199127,80.2820510864,56487,56498,11
13.05671978,80.2818908691,56498,56508,10
13.0566596985,80.2818832397,56508,56518,10
13.0563802719,80.2818222046,56518,56528,10
13.0559301376,80.2817230225,56528,56538,10
13.0552396774,80.281578064,56538,56548,10
13.0543203354,80.2814025879,56548,56558,10
13.053319931,80.2812194824,56558,56567,9
13.0523700714,80.2810821533,56567,56577,10
13.0514097214,80.2809371948,56577,56588,11
13.0502300262,80.2807693481,56588,56609,21
13.0502300262,80.2807693481,56609,56619,10
13.0498600006,80.280708313,56619,56629,10
13.0491304398,80.2806015015,56629,56639,10
13.0481901169,80.2804718018,56639,56649,10
13.0471601486,80.2803192139,56649,56659,10
13.0460996628,80.280166626,56659,56669,10
13.0457296371,80.280128479,56669,56679,10
13.0456695557,80.2801208496,56679,56689,10
13.0452203751,80.2800521851,56689,56699,10
13.0445899963,80.2799530029,56699,56709,10
13.0440301895,80.2798995972,56709,56719,10
13.0436000824,80.2798309326,56719,56730,11
13.0427999496,80.2796401978,56730,56740,10
13.0418195724,80.2794570923,56740,56750,10
13.0407600403,80.279258728,56750,56760,10
13.0397500992,80.2790222168,56760,56770,10
13.0391798019,80.2788772583,56770,56780,10
13.0391597748,80.2788696289,56780,56790,10
13.0389795303,80.2788009644,56790,56800,10
13.0385704041,80.2786483765,56800,56810,10
13.0379104614,80.2784423828,56810,56820,10
13.0372104645,80.2782363892,56820,56830,10
13.0365200043,80.2779769897,56830,56841,11
13.0357398987,80.2778015137,56841,56851,10
13.0352201462,80.2777099609,56851,56861,10
13.0347299576,80.2776412964,56861,56870,9
13.0342197418,80.2775192261,56870,56881,11
13.0335998535,80.2773590088,56881,56891,10
13.0335798264,80.2773590088,56891,56901,10
13.033539772,80.2773590088,56901,56911,10
13.0330600739,80.2774581909,56911,56921,10
13.0324897766,80.2774887085,56921,56931,10
13.0318403244,80.2775497437,56931,56941,10
13.0308303833,80.2772293091,56941,56962,21
13.0308303833,80.2772293091,56962,56972,10
13.0306301117,80.2770996094,56972,56982,10
13.0301198959,80.2768478394,56982,56992,10
13.0294103622,80.2766418457,56992,57002,10
13.0286598206,80.2764129639,57002,57012,10
13.0279397964,80.2761230469,57012,57022,10
13.0272502899,80.2758102417,57022,57032,10
13.0265598297,80.2755203247,57032,57042,10
13.0259799957,80.2752609253,57042,57052,10
13.0259599686,80.2752380371,57052,57063,11
13.0258398056,80.2751922607,57063,57073,10
13.0254898071,80.2750320435,57073,57083,10
13.0249099731,80.2747573853,57083,57093,10
13.0241804123,80.2742080688,57093,57113,20
13.0241804123,80.2742080688,57113,57123,10
13.024140358,80.2741470337,57123,57133,10
13.0238399506,80.273727417,57133,57143,10
13.0233697891,80.2730789185,57143,57159,16
13.0224399567,80.2718276978,57159,57171,12
13.0218000412,80.2709884644,57171,57182,11
13.0209798813,80.2700195313,57182,57192,10
13.0208501816,80.269859314,57192,57202,10
13.0207901001,80.26978302,57202,57212,10
13.0205001831,80.2694091797,57212,57222,10
13.0200595856,80.2688674927,57222,57232,10
13.019949913,80.2686920166,57232,57241,9
13.0195903778,80.2682571411,57241,57252,11
13.018989563,80.2675476074,57252,57262,10
13.0186700821,80.2666702271,57262,57272,10
13.0186300278,80.2659988403,57272,57282,10
13.0187902451,80.2652816772,57282,57293,11
13.0190401077,80.2643585205,57293,57303,10
13.018989563,80.2636184692,57303,57313,10
13.0188903809,80.2630081177,57313,57343,30
13.0188903809,80.2630081177,57343,57353,10
13.0188703537,80.2627563477,57353,57362,9
13.0188398361,80.2622680664,57362,57372,10
13.0187797546,80.2616119385,57372,57383,11
13.0182695389,80.2610397339,57383,57393,10
13.0176200867,80.2606124878,57393,57404,11
13.0168800354,80.2601089478,57404,57414,10
13.0161104202,80.2597198486,57414,57424,10
13.015999794,80.2596664429,57424,57434,10
13.0158700943,80.2595977783,57434,57444,10
13.0153398514,80.2594070435,57444,57454,10
13.0145797729,80.2593078613,57454,57464,10
13.0137195587,80.2592697144,57464,57480,16
13.012140274,80.2592010498,57480,57492,12
13.0111598969,80.2591781616,57492,57502,10
13.0099601746,80.2592163086,57502,57512,10
13.0090799332,80.2592086792,57512,57523,11
13.0086603165,80.2592086792,57523,57533,10
13.0081396103,80.2592010498,57533,57543,10
13.0074195862,80.2595214844,57543,57552,9
13.0071401596,80.2601394653,57552,57563,11
13.0072803497,80.2607421875,57563,57573,10
13.0074596405,80.2613677979,57573,57583,10
13.0074701309,80.2615127563,57583,57593,10
13.0075702667,80.2619018555,57593,57603,10
13.0077600479,80.262588501,57603,57613,10
13.0078802109,80.2629470825,57613,57623,10
13.0080604553,80.2635192871,57623,57634,11
13.0081100464,80.2644729614,57634,57644,10
13.0078897476,80.2655105591,57644,57654,10
13.0076904297,80.2663192749,57654,57664,10
13.0075502396,80.2669219971,57664,57674,10
13.0074396133,80.2673416138,57674,57684,10
13.0072803497,80.2680511475,57684,57694,10
13.007109642,80.2688369751,57694,57704,10
13.006939888,80.2697677612,57704,57714,10
13.0064697266,80.2704620361,57714,57724,10
13.0057296753,80.2701797485,57724,57734,10
13.0049800873,80.2696990967,57734,57745,11
13.0041599274,80.2691574097,57745,57755,10
13.0035495758,80.2688369751,57755,57765,10
13.0032300949,80.2686920166,57765,57775,10
13.0030202866,80.2685623169,57775,57785,10
13.0024700165,80.2682037354,57785,57795,10
13.0017795563,80.2677764893,57795,57805,10
13.0009098053,80.267250061,57805,57825,20
13.0009098053,80.267250061,57825,57835,10
13.0007400513,80.2671127319,57835,57845,10
13.0001897812,80.2668609619,57845,57856,11
12.9994096756,80.267036438,57856,57866,10
12.9986000061,80.2672729492,57866,57876,10
12.9981002808,80.2674179077,57876,57886,10
12.9975500107,80.2676010132,57886,57896,10
12.9967298508,80.2677764893,57896,57906,10
12.995880127,80.2677307129,57906,57916,10
12.9956598282,80.267326355,57916,57946,30
12.9956598282,80.267326355,57946,57956,10
12.9957103729,80.2670974731,57956,57966,10
12.995759964,80.2665481567,57966,57977,11
12.9958400726,80.2657165527,57977,57987,10
12.9959402084,80.2648925781,57987,57997,10
12.996049881,80.2640228271,57997,58007,10
12.9961395264,80.263092041,58007,58017,10
12.9962100983,80.262550354,58017,58037,20
12.9962100983,80.262550354,58037,58047,10
12.9962797165,80.2623596191,58047,58057,10
12.9963302612,80.2619018555,58057,58067,10
12.9963598251,80.2615737915,58067,58077,10
12.9964103699,80.2609329224,58077,58088,11
12.9965200424,80.2600402832,58088,58098,10
12.9965600967,80.2594909668,58098,58108,10
12.9966201782,80.2588806152,58108,58118,10
12.9967002869,80.2583236694,58118,58128,10
12.9967803955,80.2574920654,58128,58138,10
12.9968500137,80.2567062378,58138,58147,9
12.9968595505,80.2561569214,58147,58199,52
12.9968595505,80.2561569214,58199,58209,10
12.9969301224,80.2557678223,58209,58219,10
12.9968795776,80.2550964355,58219,58229,10
12.9966201782,80.2543792725,58229,58239,10
12.9960098267,80.2537994385,58239,58249,10
12.9953298569,80.2531509399,58249,58259,10
12.9949398041,80.2525024414,58259,58269,10
12.9944400787,80.252571106,58269,58279,10
12.9943504333,80.2525863647,58279,58289,10
12.994020462,80.2526702881,58289,58299,10
12.9933900833,80.2528381348,58299,58310,11
12.9929199219,80.2529373169,58310,58320,10
12.9923601151,80.2529602051,58320,58330,10
12.9915599823,80.2531967163,58330,58340,10
12.9910001755,80.2537994385,58340,58350,10
12.9908800125,80.2545013428,58350,58360,10
12.990819931,80.255317688,58360,58370,10
12.9907598495,80.2559204102,58370,58380,10
12.9905996323,80.2560424805,58380,58390,10
12.9901599884,80.2560424805,58390,58400,10
12.9885797501,80.2559585571,58400,58429,29
12.9885797501,80.2559585571,58429,58439,10
12.9884195328,80.2559280396,58439,58449,10
12.9883003235,80.255897522,58449,58459,10
12.9879102707,80.2558670044,58459,58469,10
12.9876003265,80.2561569214,58469,58479,10
12.9875497818,80.2568664551,58479,58488,9
12.9875001907,80.2575378418,58488,58499,11
12.9874401093,80.2585678101,58499,58509,10
12.9873600006,80.2591934204,58509,58520,11
12.9872503281,80.2595672607,58520,58551,31
12.987159729,80.2596588135,58551,58571,20
12.987159729,80.2596588135,58571,58581,10
12.9870004654,80.2596282959,58581,58591,10
12.9870004654,80.2596206665,58591,58601,10
12.9867696762,80.2595825195,58601,58611,10
12.9866304398,80.2591094971,58611,59602,991
12.9866304398,80.2591094971,59602,59612,10
12.9870595932,80.2592086792,59612,59632,20
12.9870595932,80.2592086792,59632,59642,10
12.9872198105,80.2592010498,59642,59652,10
12.9873600006,80.2591018677,59652,59663,11
12.9873600006,80.2588500977,59663,59673,10
12.9873895645,80.2585525513,59673,59683,10
12.9873895645,80.2584991455,59683,59693,10
12.9874095917,80.2583084106,59693,59703,10
12.9874000549,80.2580871582,59703,59743,40
12.9874000549,80.2580871582,59743,59753,10
12.9874401093,80.257850647,59753,59763,10
12.987449646,80.2575073242,59763,59773,10
12.9874601364,80.2571029663,59773,59784,11
12.9875202179,80.2565231323,59784,59794,10
12.9875802994,80.2558517456,59794,59804,10
12.987739563,80.2557525635,59804,59814,10
12.9879302979,80.2557830811,59814,59824,10
12.9882602692,80.2558288574,59824,59825,1
12.9882802963,80.2558288574,59825,59864,39
12.9890804291,80.2559585571,59864,59874,10
12.9896001816,80.2559967041,59874,59884,10
12.9901800156,80.2560119629,59884,59895,11
12.9906797409,80.2558135986,59895,59905,10
12.9907302856,80.2552871704,59905,59915,10
12.9907598495,80.2546081543,59915,59925,10
12.9909000397,80.2539901733,59925,59935,10
12.9913702011,80.2534408569,59935,59946,11
12.9920902252,80.2530517578,59946,59957,11
12.992650032,80.2529907227,59957,59967,10
12.9931201935,80.2528915405,59967,59977,10
12.9938898087,80.2526473999,59977,59988,11
12.9946498871,80.2524490356,59988,59997,9
12.9949998856,80.2525863647,59997,60008,11
12.9951400757,80.2529907227,60008,60018,10
12.99518013,80.2529907227,60018,60028,10
12.9955101013,80.2533493042,60028,60038,10
12.9961099625,80.2539215088,60038,60048,10
12.9966802597,80.2545623779,60048,60058,10
12.9968500137,80.2553024292,60058,60068,10
12.9969301224,80.2557067871,60068,60078,10
12.9969100952,80.2561187744,60078,60088,10
12.9968595505,80.2565765381,60088,60098,10
12.9968099594,80.2570571899,60098,60117,19
12.9967803955,80.2575073242,60117,60130,13
12.9966802597,80.2583236694,60130,60140,10
12.996629715,80.2589263916,60140,60150,10
12.9965600967,80.2594680786,60150,60160,10
12.9965200424,80.260017395,60160,60170,10
12.9964399338,80.2608337402,60170,60180,10
12.9963598251,80.2616119385,60180,60190,10
12.9962997437,80.2621994019,60190,60200,10
12.9962501526,80.262512207,60200,60210,10
12.9962396622,80.2625427246,60210,60220,10
12.9961900711,80.2628479004,60220,60230,10
12.9961595535,80.2633972168,60230,60447,217
12.9961395264,80.2677307129,60447,60460,13
12.996219635,80.2677307129,60460,60470,10
12.9965295792,80.267791748,60470,60481,11
12.9972600937,80.2676620483,60481,60490,9
12.9979000092,80.2674865723,60490,60501,11
12.998749733,80.2672424316,60501,60511,10
12.9994802475,80.2670211792,60511,60521,10
13.0002603531,80.2668609619,60521,60531,10
13.0010299683,80.267326355,60531,60551,20
13.0010299683,80.267326355,60551,60561,10
13.0010700226,80.2673568726,60561,60571,10
13.0014600754,80.2675933838,60571,60581,10
13.0020103455,80.2679290771,60581,60592,11
13.0027799606,80.2683868408,60592,60602,10
13.0032997131,80.2686767578,60602,60612,10
13.0034503937,80.2687835693,60612,60622,10
13.0034799576,80.2687988281,60622,60632,10
13.0037202835,80.2689590454,60632,60642,10
13.0044002533,80.2693862915,60642,60652,10
13.0051202774,80.2698364258,60652,60662,10
13.0058698654,80.2703018188,60662,60672,10
13.0065498352,80.2704620361,60672,60682,10
13.0069599152,80.26978302,60682,60693,11
13.0071001053,80.2688598633,60693,60703,10
13.0072803497,80.2679977417,60703,60713,10
13.0075101852,80.2670288086,60713,60723,10
13.0076599121,80.2664337158,60723,60733,10
13.0077800751,80.2659225464,60733,60743,10
13.0079498291,80.2651062012,60743,60753,10
13.008020401,80.264251709,60753,60763,10
13.0078802109,80.2635269165,60763,60773,10
13.0077295303,80.2629089355,60773,60783,10
13.0076198578,80.2624511719,60783,60793,10
13.0074396133,80.2617721558,60793,60803,10
13.0073795319,80.2614517212,60803,60814,11
13.0073299408,80.2611694336,60814,60824,10
13.0071802139,80.2606506348,60824,60834,10
13.0072097778,80.2600784302,60834,60844,10
13.0073404312,80.2593231201,60844,60854,10
13.0074100494,80.2587966919,60854,60864,10
13.007519722,80.2586975098,60864,60874,10
13.0080003738,80.2588272095,60874,60884,10
13.0085601807,80.2590103149,60884,60894,10
13.0085802078,80.2590179443,60894,60904,10
13.0088300705,80.2590866089,60904,60914,10
13.0094203949,80.2591094971,60914,60925,11
13.0103597641,80.2591400146,60925,60935,10
13.011349678,80.2591323853,60935,60945,10
13.0124101639,80.2591400146,60945,60955,10
13.0135097504,80.2591781616,60955,60965,10
13.0145902634,80.2592163086,60965,60975,10
13.0155801773,80.2593078613,60975,60985,10
13.0164699554,80.2597427368,60985,61005,20
13.0164699554,80.2597427368,61005,61015,10
13.0166196823,80.2598724365,61015,61025,10
13.0169801712,80.2601394653,61025,61036,11
13.0176401138,80.2605895996,61036,61046,10
13.018239975,80.2610015869,61046,61056,10
13.0187997818,80.2614135742,61056,61066,10
13.0193595886,80.2618865967,61066,61076,10
13.0199298859,80.2624511719,61076,61092,16
13.0201101303,80.2630081177,61092,61104,12
13.0193500519,80.2629470825,61104,61114,10
13.0190000534,80.2630996704,61114,61124,10
13.0191402435,80.263999939,61124,61144,20
13.0191402435,80.263999939,61144,61155,11
13.019080162,80.2644805908,61155,61165,10
13.0188703537,80.2651672363,61165,61175,10
13.0187597275,80.2655715942,61175,61185,10
13.0186796188,80.266418457,61185,61195,10
13.0188798904,80.2673110962,61195,61205,10
13.0195798874,80.2682113647,61205,61215,10
13.0202302933,80.2690124512,61215,61225,10
13.0207996368,80.2696990967,61225,61235,10
13.0213603973,80.2703399658,61235,61245,10
13.0215196609,80.2705307007,61245,61255,10
13.0215797424,80.2706069946,61255,61266,11
13.0219202042,80.2710800171,61266,61276,10
13.0223999023,80.271697998,61276,61286,10
13.0228996277,80.2723464966,61286,61296,10
13.023229599,80.2728118896,61296,61306,10
13.0234003067,80.2730484009,61306,61316,10
13.0238304138,80.2736282349,61316,61397,81
13.0238304138,80.2736282349,61397,61407,10
13.0240097046,80.2738571167,61407,61417,10
13.0243396759,80.274307251,61417,61427,10
13.0248699188,80.2746963501,61427,61447,20
13.0248699188,80.2746963501,61447,61457,10
13.0250301361,80.2747802734,61457,61467,10
13.0251703262,80.2748413086,61467,61477,10
13.0253400803,80.274887085,61477,61488,11
13.0254001617,80.2749176025,61488,61498,10
13.0254602432,80.2749710083,61498,61508,10
13.0256099701,80.2750396729,61508,61558,50
13.0256099701,80.2750396729,61558,61568,10
13.0258903503,80.2751998901,61568,61588,20
13.025970459,80.2752304077,61588,61639,51
13.025970459,80.2752304077,61639,61649,10
13.0261497498,80.2753219604,61649,61659,10
13.0264101028,80.2754364014,61659,61669,10
13.0265798569,80.2755126953,61669,61679,10
13.0267496109,80.2755813599,61679,61689,10
13.0270004272,80.2757034302,61689,61730,41
13.0270004272,80.2757034302,61730,61740,10
13.0272102356,80.2758178711,61740,61790,50
13.0272102356,80.2758178711,61790,61800,10
13.0274295807,80.2759628296,61800,61851,51
13.0276403427,80.2760391235,61851,61952,101
13.0276403427,80.2760391235,61952,61962,10
13.0277500153,80.2760772705,61962,61972,10
13.0280704498,80.2761917114,61972,61982,10
13.0282001495,80.2762374878,61982,61992,10
13.0283603668,80.2763137817,61992,62002,10
13.0285902023,80.2764129639,62002,62012,10
13.0289697647,80.2765426636,62012,62022,10
13.029299736,80.2766418457,62022,62032,10
13.0293798447,80.2766571045,62032,62042,10
13.0296201706,80.2767181396,62042,62053,11
13.029709816,80.2767333984,62053,62063,10
13.0298900604,80.2767715454,62063,62073,10
13.0300998688,80.2768630981,62073,62103,30
13.0300998688,80.2768630981,62103,62113,10
13.0305500031,80.2770767212,62113,62133,20
13.0305500031,80.2770767212,62133,62149,16
13.031080246,80.2773971558,62149,62192,43
13.031080246,80.2773971558,62192,62202,10
13.0311498642,80.2774429321,62202,62211,9
13.0313796997,80.2775802612,62211,62222,11
13.0319404602,80.2775878906,62222,62232,10
13.0327501297,80.2775421143,62232,62252,20
13.0327501297,80.2775421143,62252,62262,10
13.0329799652,80.2775115967,62262,62271,9
13.033370018,80.2774276733,62271,62282,11
13.0337200165,80.2773971558,62282,62293,11
13.0342702866,80.2775421143,62293,62303,10
13.0349397659,80.2776870728,62303,62313,10
13.0355997086,80.2778091431,62313,62323,10
13.0362701416,80.2779388428,62323,62333,10
13.0368204117,80.278137207,62333,62343,10
13.0372800827,80.2783126831,62343,62353,10
13.037560463,80.2783737183,62353,62363,10
13.0382099152,80.2785415649,62363,62373,10
13.0388002396,80.2786865234,62373,62383,10
13.0389404297,80.2787322998,62383,62394,11
13.0389795303,80.2787475586,62394,62404,10
13.0392198563,80.2788314819,62404,62414,10
13.0397195816,80.2789993286,62414,62424,10
13.0405702591,80.2792282104,62424,62434,10
13.0416297913,80.2794494629,62434,62444,10
13.0430803299,80.2795791626,62444,62505,61
13.0430803299,80.2795791626,62505,62515,10
13.0431404114,80.279586792,62515,62525,10
13.0435600281,80.2797164917,62525,62535,10
13.0442495346,80.2798995972,62535,62545,10
13.0451498032,80.2800216675,62545,62555,10
13.0457696915,80.2801132202,62555,62565,10
13.0457801819,80.2801132202,62565,62575,10
13.0461397171,80.2801818848,62575,62585,10
13.0467796326,80.2802581787,62585,62595,10
13.0476703644,80.280380249,62595,62605,10
13.048500061,80.2805023193,62605,62616,11
13.0493602753,80.2806167603,62616,62626,10
13.0493803024,80.2806167603,62626,62636,10
13.0497999191,80.2806930542,62636,62646,10
13.0503501892,80.2807693481,62646,62656,10
13.0509901047,80.2808685303,62656,62666,10
13.0518198013,80.2810134888,62666,62676,10
13.0526800156,80.2811508179,62676,62686,10
13.0535202026,80.2812805176,62686,62696,10
13.0544996262,80.281463623,62696,62706,10
13.0554599762,80.2816390991,62706,62716,10
13.0562400818,80.2817764282,62716,62727,11
13.056520462,80.2818374634,62727,62737,10
13.0565595627,80.2818374634,62737,62747,10
13.0566596985,80.281867981,62747,62757,10
13.0570402145,80.2819519043,62757,62767,10
13.0576000214,80.2820663452,62767,62777,10
13.0582895279,80.2822113037,62777,62787,10
13.0591402054,80.2823867798,62787,62797,10
13.0600004196,80.2825775146,62797,62807,10
13.0608301163,80.2827606201,62807,62817,10
13.0615301132,80.282913208,62817,62827,10
13.0622396469,80.2830429077,62827,62837,10
13.0628099442,80.2831573486,62837,62848,11
13.0631399155,80.2832183838,62848,62858,10
13.0632400513,80.2832489014,62858,62868,10
13.0639400482,80.2834091187,62868,62918,50
13.0639400482,80.2834091187,62918,62928,10
13.0641803741,80.2834701538,62928,62938,10
13.0649700165,80.2836608887,62938,62948,10
13.0660600662,80.2838973999,62948,62959,11
13.0674200058,80.2842025757,62959,62969,10
13.0685997009,80.2844314575,62969,62979,10
13.0698795319,80.2847518921,62979,62989,10
13.0712795258,80.2851028442,62989,63000,11
13.0726604462,80.2853088379,63000,63010,10
13.0735502243,80.2852706909,63010,63019,9
13.0737400055,80.2853469849,63019,63030,11
13.074139595,80.2858276367,63030,63040,10
13.074760437,80.2863464355,63040,63049,9
13.0754404068,80.286781311,63049,63060,11
13.0765104294,80.2871932983,63060,63071,11
13.0777397156,80.2874984741,63071,63081,10
13.0788497925,80.2878036499,63081,63090,9
13.0797195435,80.2881164551,63090,63101,11
13.0806903839,80.2883071899,63101,63111,10
13.0808401108,80.2883529663,63111,63121,10
13.081029892,80.2884368896,63121,63130,9
13.0816602707,80.2886505127,63130,63141,11
13.0826597214,80.2890625,63141,63151,10
13.0836200714,80.2892532349,63151,63161,10
13.084569931,80.2892227173,63161,63171,10
13.0854902267,80.2892532349,63171,63182,11
13.0867595673,80.2896118164,63182,63192,10
13.0874900818,80.2898406982,63192,63202,10
13.0875701904,80.2898712158,63202,63212,10
13.0878400803,80.2900009155,63212,63222,10
13.0884199142,80.2901992798,63222,63252,30
13.0884199142,80.2901992798,63252,63262,10
13.088549614,80.2902297974,63262,63272,10
13.0887098312,80.2902069092,63272,63282,10
13.0887203217,80.2902069092,63282,63293,11
13.0888204575,80.2903289795,63293,63303,10
13.0887403488,80.2904891968,63303,63313,10
13.0884799957,80.2903823853,63313,63323,10
13.0879001617,80.2901077271,63323,63333,10
13.0873298645,80.2899017334,63333,63343,10
13.0868501663,80.2897262573,63343,63353,10
13.0862998962,80.2895812988,63353,63363,10
13.0857696533,80.2894363403,63363,63373,10
13.0854902267,80.2889785767,63373,63383,10
13.0851602554,80.2881622314,63383,63393,10
13.0851602554,80.287109375,63393,63403,10
13.0852499008,80.2859725952,63403,63414,11
13.0853500366,80.2847824097,63414,63424,10
13.0852203369,80.2841796875,63424,63444,20
13.0852203369,80.2841796875,63444,63454,10
13.0852899551,80.2840576172,63454,63464,10
13.085439682,80.2837219238,63464,63474,10
13.0855998993,80.2835693359,63474,63484,10
13.0859298706,80.2835769653,63484,63494,10
13.0863103867,80.2836303711,63494,63504,10
13.0867795944,80.2840194702,63504,63565,61
13.0868797302,80.2840118408,63565,64009,444
13.0868797302,80.2840118408,64009,64019,10
13.0868797302,80.2839813232,64019,64029,10
13.0871896744,80.2839736938,64029,64069,40
13.0871896744,80.2839736938,64069,64080,11
13.0874795914,80.2840194702,64080,64090,10
13.0878801346,80.2840118408,64090,64140,50
13.088060379,80.2840270996,64140,64180,40
13.088060379,80.2840270996,64180,64191,11
13.0881795883,80.2837982178,64191,64201,10
13.0882701874,80.2836380005,64201,64211,10
13.0882997513,80.2836074829,64211,64221,10
13.088350296,80.2833099365,64221,64231,10
13.0883398056,80.2829284668,64231,64241,10
13.0883302689,80.2826004028,64241,64251,10
13.0882902145,80.2823410034,64251,64261,10
13.0881795883,80.2819137573,64261,64271,10
13.0880899429,80.2816162109,64271,64281,10
13.0881500244,80.2814865112,64281,64291,10
13.0883798599,80.28150177,64291,64301,10
13.08852005,80.2817993164,64301,64312,11
13.0884399414,80.2822799683,64312,64322,10
13.0884103775,80.2825317383,64322,64332,10
13.088350296,80.2827835083,64332,64342,10
13.0883703232,80.2837219238,64342,64362,20
13.0883703232,80.2837219238,64362,64372,10
13.0883903503,80.2839736938,64372,64382,10
13.0884399414,80.2847976685,64382,64443,61
13.0884399414,80.2847976685,64443,64459,16
13.0884504318,80.2848815918,64459,64471,12
13.0884599686,80.2850570679,64471,64481,10
13.0884599686,80.2853775024,64481,64490,9
13.0884895325,80.2857131958,64490,64501,11
13.0885095596,80.2861175537,64501,64511,10
13.0885295868,80.2864532471,64511,64521,10
13.08852005,80.2867584229,64521,64531,10
13.0885696411,80.2872924805,64531,64542,11
13.0886001587,80.2875976563,64542,64552,10
13.0886201859,80.287979126,64552,64562,10
13.0886697769,80.2885284424,64562,64572,10
13.0886898041,80.2887420654,64572,64582,10
13.0887804031,80.2893371582,64582,64602,20
13.0887804031,80.2893371582,64602,64612,10
13.0887699127,80.2895812988,64612,64622,10
13.0887804031,80.2897033691,64622,64632,10
13.0888299942,80.2899169922,64632,64683,51
13.0888299942,80.2899169922,64683,64693,10
13.0888204575,80.2904205322,64693,64703,10
13.0884895325,80.2904281616,64703,64713,10
13.0880298615,80.2901763916,64713,64753,40
13.0880298615,80.2901763916,64753,64764,11
13.0878696442,80.2901229858,64764,64774,10
13.0873603821,80.2898712158,64774,64784,10
13.0867004395,80.2896194458,64784,64794,10
13.0859003067,80.289390564,64794,64804,10
13.0850400925,80.2892227173,64804,64814,10
13.0840597153,80.2892684937,64814,64824,10
13.0832500458,80.2892913818,64824,64834,10
13.0826702118,80.2891235352,64834,64844,10
13.0822296143,80.2889328003,64844,64854,10
13.0816802979,80.2887191772,64854,64864,10
13.0812101364,80.2885818481,64864,64875,11
13.0808000565,80.2884216309,64875,64885,10
13.0806703568,80.2883911133,64885,64895,10
13.0799999237,80.2882385254,64895,64915,20
13.0799999237,80.2882385254,64915,64925,10
13.0798597336,80.2882232666,64925,64935,10
13.0792798996,80.2880706787,64935,64945,10
13.0784301758,80.2877426147,64945,64955,10
13.0773696899,80.2874603271,64955,64965,10
13.0761604309,80.2871704102,64965,64974,9
13.0752601624,80.2868118286,64974,64986,12
13.0743503571,80.2862625122,64986,64996,10
13.0741195679,80.2862091064,64996,65006,10
13.0740699768,80.2861862183,65006,65016,10
13.0735397339,80.2860794067,65016,65026,10
13.0728502274,80.2857437134,65026,65036,10
13.0719604492,80.2853622437,65036,65046,10
13.0710000992,80.2851333618,65046,65056,10
13.0698404312,80.284828186,65056,65066,10
13.0689897537,80.2846374512,65066,65076,10
13.068400383,80.2845077515,65076,65086,10
13.0679397583,80.2844161987,65086,65097,11
13.0671195984,80.2843475342,65097,65107,10
13.0664701462,80.2842102051,65107,65127,20
13.0664701462,80.2842102051,65127,65137,10
13.0661296844,80.2840881348,65137,65147,10
13.0653896332,80.2838821411,65147,65157,10
13.0645198822,80.2836990356,65157,65197,40
13.0645198822,80.2836990356,65197,65208,11
13.0643997192,80.2836685181,65208,65218,10
13.0639696121,80.2835464478,65218,65228,10
13.0634002686,80.2833862305,65228,65238,10
13.06291008,80.2832794189,65238,65248,10
13.0624399185,80.2831726074,65248,65268,20
13.0624399185,80.2831726074,65268,65278,10
13.0621404648,80.2830963135,65278,65288,10
13.0616397858,80.2829818726,65288,65318,30
13.0616397858,80.2829818726,65318,65329,11
13.0613698959,80.2828826904,65329,65339,10
13.0609998703,80.2828063965,65339,65349,10
13.0603704453,80.2826766968,65349,65359,10
13.0596103668,80.2825317383,65359,65369,10
13.0587501526,80.2823562622,65369,65379,10
13.0579099655,80.2822036743,65379,65388,9
13.0573101044,80.282081604,65388,65399,11
13.0566701889,80.2819519043,65399,65419,20
13.0566701889,80.2819519043,65419,65429,10
13.0563201904,80.2818603516,65429,65440,11
13.0556001663,80.2817001343,65440,65449,9
13.0548400879,80.2815475464,65449,65460,11
13.0537996292,80.2813415527,65460,65470,10
13.0527896881,80.2811965942,65470,65480,10
13.0518398285,80.2810821533,65480,65489,9
13.0514497757,80.281036377,65489,65500,11
13.0512504578,80.28099823,65500,65510,10
13.050740242,80.280921936,65510,65520,10
13.0502195358,80.2808380127,65520,65530,10
13.0502099991,80.2808380127,65530,65540,10
13.0500097275,80.2808074951,65540,65551,11
13.0494098663,80.280708313,65551,65561,10
13.0486698151,80.2805786133,65561,65571,10
13.0477199554,80.280456543,65571,65581,10
13.0467300415,80.2803192139,65581,65591,10
13.0456399918,80.2802200317,65591,65611,20
13.0456399918,80.2802200317,65611,65621,10
13.04529953,80.2801589966,65621,65631,10
13.0446596146,80.2800827026,65631,65641,10
13.0438699722,80.2799606323,65641,65651,10
13.0430402756,80.2797927856,65651,65662,11
13.0419998169,80.2795715332,65662,65672,10
13.0410203934,80.2794036865,65672,65682,10
13.0400600433,80.2791595459,65682,65692,10
13.039440155,80.278968811,65692,65702,10
13.0391597748,80.2788925171,65702,65712,10
13.0390796661,80.2789001465,65712,65722,10
13.0390501022,80.2788925171,65722,65732,10
13.0387496948,80.278793335,65732,65742,10
13.038189888,80.2786026001,65742,65752,10
13.037560463,80.2784194946,65752,65768,16
13.0371103287,80.2782897949,65768,65781,13
13.0368900299,80.2782211304,65781,65791,10
13.03647995,80.2780532837,65791,65801,10
13.035949707,80.2779312134,65801,65811,10
13.0352897644,80.2777862549,65811,65821,10
13.0346698761,80.2776794434,65821,65830,9
13.0340299606,80.2775115967,65830,65841,11
13.0334196091,80.2774734497,65841,65851,10
13.0330400467,80.2775192261,65851,65871,20
13.0330400467,80.2775192261,65871,65882,11
13.0325803757,80.2775421143,65882,65892,10
13.0320596695,80.2775726318,65892,65902,10
13.0314998627,80.2775802612,65902,65912,10
13.0309696198,80.2773284912,65912,65932,20
13.0309696198,80.2773284912,65932,65942,10
13.0308799744,80.2772979736,65942,65952,10
13.0306196213,80.2771530151,65952,65962,10
13.0301103592,80.2769622803,65962,65972,10
13.029589653,80.276802063,65972,65982,10
13.0289802551,80.2766113281,65982,65993,11
13.0284004211,80.2763824463,65993,66003,10
13.0277395248,80.2760467529,66003,66013,10
13.0269498825,80.2757034302,66013,66023,10
13.0259103775,80.2752380371,66023,66053,30
13.0259103775,80.2752380371,66053,66063,10
13.0257101059,80.2751464844,66063,66073,10
13.0251903534,80.2749176025,66073,66083,10
13.0245199203,80.2745819092,66083,66093,10
13.0240898132,80.2741470337,66093,66103,10
13.0240697861,80.2741317749,66103,66114,11
13.023850441,80.2738189697,66114,66124,10
13.0234603882,80.2732772827,66124,66134,10
13.0229597092,80.2725982666,66134,66144,10
13.0223903656,80.2718429565,66144,66154,10
13.0218095779,80.2710876465,66154,66164,10
13.0213003159,80.2704620361,66164,66174,10
13.0208997726,80.2700119019,66174,66184,10
13.0208597183,80.2699584961,66184,66200,16
13.0206899643,80.2697677612,66200,66212,12
13.020359993,80.2693405151,66212,66223,11
13.0197496414,80.2685699463,66223,66233,10
13.019200325,80.2678985596,66233,66243,10
13.0187196732,80.2671432495,66243,66252,9
13.0186004639,80.2663116455,66252,66263,11
13.0186901093,80.2657012939,66263,66273,10
13.0188798904,80.2649765015,66273,66283,10
13.0190401077,80.2640991211,66283,66294,11
13.0189599991,80.2635192871,66294,66304,10
13.0188903809,80.2631225586,66304,66314,10
13.0188798904,80.2630691528,66314,66324,10
13.0188798904,80.2628326416,66324,66334,10
13.0188398361,80.2621383667,66334,66345,11
13.0187597275,80.2614974976,66345,66355,10
13.0186195374,80.2613296509,66355,66365,10
13.0185098648,80.2612686157,66365,66375,10
13.0183000565,80.2611465454,66375,66385,10
13.0180101395,80.2609634399,66385,66395,10
13.0176000595,80.2606887817,66395,66405,10
13.0170698166,80.2603378296,66405,66415,10
13.0166196823,80.2600631714,66415,66425,10
13.0160703659,80.2597732544,66425,66455,30
13.0160703659,80.2597732544,66455,66466,11
13.0158004761,80.2596435547,66466,66476,10
13.0151796341,80.259437561,66476,66486,10
13.0144195557,80.2593688965,66486,66496,10
13.0135698318,80.2593307495,66496,66506,10
13.0126399994,80.2593002319,66506,66516,10
13.0108804703,80.259262085,66516,66526,10
13.0108804703,80.259262085,66526,66536,10
13.0100097656,80.2592926025,66536,66546,10
13.0092601776,80.259262085,66546,66557,11
13.0088195801,80.2592697144,66557,66567,10
13.0085296631,80.2592697144,66567,66577,10
13.0079898834,80.2593002319,66577,66587,10
13.0075798035,80.2594833374,66587,66598,11
13.0072698593,80.2598419189,66598,66609,11
13.0071601868,80.2603378296,66609,66620,11
13.0072603226,80.2607421875,66620,66629,9
13.0073900223,80.2612991333,66629,66640,11
13.0074300766,80.2614974976,66640,66650,10
13.0075302124,80.2618713379,66650,66661,11
13.0076904297,80.2625274658,66661,66672,11
13.0078001022,80.2630081177,66672,66682,10
13.0079298019,80.2635574341,66682,66692,10
13.0080099106,80.2640609741,66692,66702,10
13.0080003738,80.2647323608,66702,66712,10
13.0078601837,80.2654571533,66712,66722,10
13.0077295303,80.2660903931,66722,66732,10
13.0076599121,80.2664794922,66732,66741,9
13.0075302124,80.266998291,66741,66751,10
13.007349968,80.2677001953,66751,66762,11
13.0071697235,80.268447876,66762,66772,10
13.007060051,80.2690505981,66772,66783,11
13.0069198608,80.2698822021,66783,66793,10
13.0066604614,80.2704467773,66793,66803,10
13.0061101913,80.2705383301,66803,66813,10
13.0055704117,80.2701873779,66813,66823,10
13.0049295425,80.2697677612,66823,66833,10
13.0043697357,80.2694091797,66833,66843,10
13.0039396286,80.2691497803,66843,66853,10
13.0034103394,80.2688903809,66853,66863,10
13.003279686,80.2688064575,66863,66873,10
13.0031700134,80.268737793,66873,66883,10
13.0027303696,80.2684402466,66883,66893,10
13.0022201538,80.2681121826,66893,66904,11
13.0018196106,80.2678604126,66904,66914,10
13.0014200211,80.2675933838,66914,66924,10
13.0010204315,80.2673873901,66924,66944,20
13.0010204315,80.2673873901,66944,66954,10
13.0006399155,80.2671585083,66954,66964,10
13.0000495911,80.266960144,66964,66974,10
12.9993200302,80.2671432495,66974,66984,10
12.9986095428,80.2673110962,66984,66994,10
12.9980297089,80.2674484253,66994,67004,10
12.9975204468,80.2676010132,67004,67015,11
12.9969596863,80.2677764893,67015,67025,10
12.9963998795,80.2677993774,67025,67035,10
12.9959697723,80.267791748,67035,67045,10
12.9957103729,80.2677536011,67045,67055,10
12.9956598282,80.2674713135,67055,67095,40
12.9956598282,80.2674713135,67095,67105,10
12.9956903458,80.2671432495,67105,67115,10
12.9957399368,80.2668075562,67115,67126,11
12.9957799911,80.2664031982,67126,67136,10
12.9957895279,80.2660675049,67136,67176,40
12.9957895279,80.2660675049,67176,67186,10
12.9958295822,80.2658996582,67186,67196,10
12.9958295822,80.2657165527,67196,67206,10
12.995880127,80.2652816772,67206,67216,10
12.9959497452,80.2647171021,67216,67226,10
12.9960403442,80.2641372681,67226,67237,11
12.9961204529,80.2634963989,67237,67247,10
12.9961500168,80.2632064819,67247,67257,10
12.9961795807,80.2627410889,67257,67287,30
12.9961795807,80.2627410889,67287,67297,10
12.9961795807,80.2624893188,67297,67307,10
12.9962396622,80.2621002197,67307,67317,10
12.9962902069,80.2617874146,67317,67327,10
12.9963502884,80.2613067627,67327,67337,10
12.9963998795,80.2608413696,67337,67348,11
12.9964799881,80.2602005005,67348,67358,10
12.996509552,80.259803772,67358,67368,10
12.9965400696,80.2593917847,67368,67378,10
12.9965801239,80.2590408325,67378,67388,10
12.9966096878,80.2587432861,67388,67398,10
12.996629715,80.2585220337,67398,67408,10
12.9966402054,80.2585067749,67408,67418,10
12.9966602325,80.2581710815,67418,67428,10
12.996720314,80.2576217651,67428,67438,10
12.9967603683,80.2571411133,67438,67448,10
12.9968004227,80.256439209,67448,67479,31
12.9968004227,80.256439209,67479,67489,10
12.9967803955,80.2561569214,67489,67499,10
12.9968204498,80.2556762695,67499,67509,10
12.9968004227,80.2551727295,67509,67519,10
12.9966402054,80.2545471191,67519,67529,10
12.9963598251,80.2542572021,67529,67539,10
12.9960603714,80.2539520264,67539,67549,10
12.9955596924,80.2535171509,67549,67559,10
12.9950799942,80.2529220581,67559,67570,11
12.9948196411,80.2525482178,67570,67580,10
12.9943599701,80.2526626587,67580,67600,20
12.9943599701,80.2526626587,67600,67610,10
12.9940900803,80.2527389526,67610,67620,10
12.9936800003,80.2528533936,67620,67630,10
12.9931297302,80.2529602051,67630,67640,10
12.992650032,80.2529907227,67640,67650,10
12.9920902252,80.253036499,67650,67660,10
12.9915599823,80.253288269,67660,67670,10
12.9911203384,80.2536621094,67670,67681,11
12.9908399582,80.2543716431,67681,67691,10
12.9907903671,80.2551727295,67691,67701,10
12.9907302856,80.2559585571,67701,67721,20
12.9907302856,80.2559585571,67721,67731,10
12.990650177,80.2561416626,67731,67741,10
12.9903697968,80.2561416626,67741,67751,10
12.9898395538,80.2561264038,67751,67761,10
12.9887399673,80.2560424805,67761,67781,20
12.9887399673,80.2560424805,67781,67792,11
12.9885501862,80.2560195923,67792,67802,10
12.9883499146,80.2559967041,67802,67852,50
12.9883499146,80.2559967041,67852,67862,10
12.9881496429,80.2559204102,67862,67872,10
12.9878702164,80.2558898926,67872,67882,10
12.9876203537,80.2559585571,67882,67892,10
12.987569809,80.2563705444,67892,67902,10
12.9875297546,80.2570114136,67902,67913,11
12.9874601364,80.2577285767,67913,67923,10
12.9874296188,80.2582626343,67923,67933,10
12.9874000549,80.2585830688,67933,67943,10
12.9873800278,80.2589111328,67943,67953,10
12.9872703552,80.2593994141,67953,68003,50
12.9872703552,80.2593994141,68003,68013,10
12.9872198105,80.2596511841,68013,68024,11
12.987159729,80.2596893311,68024,68034,10
12.9870595932,80.2594909668,68034,68336,302
12.9870595932,80.2594909668,68336,68346,10
12.9867801666,80.2595596313,68346,68357,11
12.986579895,80.2592773438,68357,68377,20
12.986579895,80.2592773438,68377,68387,10
12.9867801666,80.2591400146,68387,68437,50
12.9867801666,80.2591400146,68437,68447,10
12.9871702194,80.2592391968,68447,68467,20
12.9871702194,80.2592391968,68467,68478,11
12.9873399734,80.2591323853,68478,68488,10
12.9873600006,80.2590179443,68488,68498,10
12.9873895645,80.2585830688,68498,68508,10
12.9874200821,80.2579803467,68508,68518,10
12.9874601364,80.2573699951,68518,68528,10
12.9875097275,80.2567825317,68528,68538,10
12.9875297546,80.2561798096,68538,68677,139
12.9875297546,80.2561798096,68677,68687,10
12.9875898361,80.255859375,68687,68698,11
12.987859726,80.2558364868,68698,68708,10
12.9884500504,80.2559280396,68708,68738,30
12.9884500504,80.2559280396,68738,68748,10
12.9886598587,80.2559814453,68748,68758,10
12.9890203476,80.2560195923,68758,68768,10
12.9895095825,80.256072998,68768,68778,10
12.9900302887,80.2561187744,68778,68788,10
12.9904603958,80.256072998,68788,68798,10
12.9907197952,80.2558822632,68798,68809,11
12.9907398224,80.2554016113,68809,68819,10
12.9907398224,80.2549591064,68819,68829,10
12.9907398224,80.2546234131,68829,68839,10
12.9908704758,80.2541122437,68839,68849,10
12.9911804199,80.2536468506,68849,68859,10
12.9916000366,80.2533187866,68859,68869,10
12.9919204712,80.2531585693,68869,68879,10
12.9924602509,80.2530670166,68879,68899,20
12.9924602509,80.2530670166,68899,68909,10
12.9928598404,80.2530517578,68909,68919,10
12.9933795929,80.2529296875,68919,68930,11
12.9940004349,80.2527618408,68930,68939,9
12.9944801331,80.2526397705,68939,68950,11
12.9949398041,80.2525405884,68950,68960,10
12.9951295853,80.253036499,68960,68980,20
12.9951295853,80.253036499,68980,68990,10
12.9953899384,80.2533569336,68990,69000,10
12.995880127,80.2538299561,69000,69010,10
12.9963998795,80.2543334961,69010,69020,10
12.9967603683,80.2548980713,69020,69030,10
12.9968299866,80.255241394,69030,69041,11
12.9968595505,80.2553787231,69041,69051,10
12.9968900681,80.2556991577,69051,69061,10
12.9969301224,80.2560501099,69061,69071,10
12.996919632,80.2561569214,69071,69081,10
12.9968795776,80.2563095093,69081,69091,10
12.9968395233,80.2564697266,69091,69101,10
12.9967899323,80.2571334839,69101,69121,20
12.9967899323,80.2571334839,69121,69131,10
12.9967899323,80.2572174072,69131,69141,10
12.9967498779,80.2576980591,69141,69152,11
12.9966802597,80.2583236694,69152,69162,10
12.9966201782,80.2588577271,69162,69172,10
12.9965896606,80.2592010498,69172,69182,10
12.9965801239,80.2592315674,69182,69198,16
12.9965000153,80.2595367432,69198,69210,12
12.9964599609,80.259979248,69210,69220,10
12.9964103699,80.2605361938,69220,69230,10
12.9963502884,80.2611618042,69230,69240,10
12.9963102341,80.26171875,69240,69250,10
12.9962902069,80.2619934082,69250,69260,10
12.9962301254,80.2623825073,69260,69271,11
12.9961996078,80.2625732422,69271,69281,10
12.9961795807,80.2626495361,69281,69291,10
12.9961204529,80.263168335,69291,69300,9
12.9960699081,80.2637176514,69300,69311,11
12.9960002899,80.2644577026,69311,69321,10
12.9959096909,80.2652893066,69321,69331,10
12.9958400726,80.2660064697,69331,69341,10
12.9957399368,80.2668304443,69341,69351,10
12.9956798553,80.2674407959,69351,69361,10
12.9961595535,80.2678222656,69361,69402,41
12.9961595535,80.2678222656,69402,69412,10
12.996430397,80.2678985596,69412,69422,10
12.9969396591,80.2678604126,69422,69432,10
12.9974803925,80.2677078247,69432,69442,10
12.9980201721,80.267539978,69442,69452,10
12.9986095428,80.2673797607,69452,69462,10
12.9991998672,80.2672195435,69462,69472,10
12.9996595383,80.2670669556,69472,69482,10
13.0000896454,80.2669219971,69482,69493,11
13.0005998611,80.2671737671,69493,69503,10
13.0010404587,80.2674331665,69503,69523,20
13.0010404587,80.2674331665,69523,69533,10
13.0011997223,80.267539978,69533,69543,10
13.0015602112,80.2677612305,69543,69553,10
13.0021295547,80.2681121826,69553,69563,10
13.0027799606,80.2685089111,69563,69573,10
13.0032596588,80.2687835693,69573,69583,10
13.003370285,80.2688598633,69583,69593,10
13.0036697388,80.2690429688,69593,69604,11
13.0042295456,80.2694091797,69604,69614,10
13.0048503876,80.2697677612,69614,69624,10
13.0055198669,80.2701873779,69624,69634,10
13.0061702728,80.2705383301,69634,69644,10
13.0067100525,80.2703094482,69644,69654,10
13.006939888,80.2696380615,69654,69664,10
13.0070400238,80.2688827515,69664,69674,10
13.0072402954,80.2680282593,69674,69684,10
13.0074596405,80.2671737671,69684,69694,10
13.007610321,80.2665100098,69694,69704,10
13.0077104568,80.2661209106,69704,69715,11
13.0078496933,80.2654495239,69715,69731,16
13.0080099106,80.2644195557,69731,69743,12
13.0080299377,80.2641525269,69743,69753,10
13.0079402924,80.2636413574,69753,69763,10
13.0078001022,80.2630386353,69763,69773,10
13.0077199936,80.2627410889,69773,69783,10
13.0075798035,80.2621536255,69783,69792,9
13.0074195862,80.2615966797,69792,69803,11
13.007349968,80.2613830566,69803,69813,10
13.007229805,80.260887146,69813,69824,11
13.0071601868,80.2603607178,69824,69834,10
13.0073204041,80.2597503662,69834,69844,10
13.0072603226,80.2590866089,69844,69854,10
13.0074300766,80.2588195801,69854,69864,10
13.0077400208,80.2588119507,69864,69874,10
13.0083503723,80.2590484619,69874,69884,10
13.0085601807,80.2591171265,69884,69894,10
13.0089101791,80.2592086792,69894,69904,10
13.009519577,80.2592163086,69904,69914,10
13.0103597641,80.2592315674,69914,69924,10
13.0112495422,80.2592086792,69924,69935,11
13.0122499466,80.2592163086,69935,69945,10
13.0132198334,80.2592391968,69945,69955,10
13.0141801834,80.2592773438,69955,69965,10
13.015130043,80.2593231201,69965,69975,10
13.0159797668,80.2595596313,69975,69985,10
13.0164499283,80.2598266602,69985,69995,10
13.0164604187,80.2598419189,69995,70005,10
13.0166797638,80.260017395,70005,70015,10
13.0170402527,80.2602615356,70015,70025,10
13.0175800323,80.2606430054,70025,70035,10
13.0180997849,80.2610015869,70035,70046,11
13.0186500549,80.2613830566,70046,70056,10
13.0190296173,80.26171875,70056,70066,10
13.0192699432,80.2619171143,70066,70076,10
13.0195398331,80.2622070313,70076,70086,10
13.019949913,80.2626113892,70086,70096,10
13.0203399658,80.2629776001,70096,70106,10
13.0203399658,80.2630310059,70106,70116,10
13.0197896957,80.2630996704,70116,70126,10
13.0197896957,80.2630996704,70126,70136,10
13.0192899704,80.2630386353,70136,70146,10
13.0189695358,80.2630996704,70146,70157,11
13.0190200806,80.2636184692,70157,70167,10
13.019109726,80.264213562,70167,70177,10
13.0189599991,80.2649383545,70177,70187,10
13.018819809,80.2654571533,70187,70198,11
13.0186595917,80.2660903931,70198,70206,8
13.0186901093,80.2668075562,70206,70216,10
13.0190401077,80.2676620483,70216,70228,12
13.019659996,80.2684326172,70228,70235,7
13.0200500488,80.2689208984,70235,70248,13
13.0206699371,80.2696762085,70248,70258,10
13.0209999084,80.2700805664,70258,70268,10
13.0214195251,80.2705383301,70268,70279,11
13.0214796066,80.2705993652,70279,70289,10
13.0217103958,80.2708969116,70289,70299,10
13.0221099854,80.2714233398,70299,70309,10
13.022649765,80.2721405029,70309,70319,10
13.0236301422,80.2734832764,70319,70395,76
13.0236301422,80.2734832764,70395,70405,10
13.0236797333,80.2735595703,70405,70415,10
13.0239200592,80.2739028931,70415,70425,10
13.0242395401,80.274307251,70425,70435,10
13.0245895386,80.2746810913,70435,70445,10
13.0250396729,80.2749099731,70445,70454,9
13.0253601074,80.2750167847,70454,70464,10
13.0254201889,80.2750473022,70464,70475,11
13.0254802704,80.2750930786,70475,70484,9
13.0256700516,80.275177002,70484,70494,10
13.0260696411,80.2753601074,70494,70506,12
13.0265302658,80.2755889893,70506,70516,10
13.0265798569,80.2756195068,70516,70526,10
13.026889801,80.2757797241,70526,70536,10
13.0274496078,80.2760467529,70536,70546,10
13.0279903412,80.2762908936,70546,70556,10
13.0283403397,80.2764205933,70556,70576,20
13.0283403397,80.2764205933,70576,70586,10
13.0285596848,80.2764968872,70586,70596,10
13.0287599564,80.2765808105,70596,70606,10
13.0299501419,80.2769165039,70606,70633,27
13.0299501419,80.2769165039,70633,70645,12
13.0301599503,80.2770385742,70645,70655,10
13.0306901932,80.2772827148,70655,70665,10
13.0312099457,80.2776184082,70665,70675,10
13.0318403244,80.2777023315,70675,70685,10
13.0327196121,80.2776184082,70685,70705,20
13.0327196121,80.2776184082,70705,70715,10
13.0329399109,80.2776031494,70715,70725,10
13.0334596634,80.2774810791,70725,70736,11
13.0341100693,80.2776031494,70736,70746,10
13.0350103378,80.2778015137,70746,70756,10
13.0357904434,80.2779464722,70756,70766,10
13.0365200043,80.2781219482,70766,70776,10
13.0372495651,80.2784118652,70776,70786,10
13.0376996994,80.2785110474,70786,70796,10
13.0383901596,80.2786865234,70796,70806,10
13.0389499664,80.2788391113,70806,70826,20
13.0389499664,80.2788391113,70826,70837,11
13.0391702652,80.2789306641,70837,70847,10
13.0396795273,80.2790908813,70847,70857,10
13.0403604507,80.2792663574,70857,70867,10
13.0411500931,80.2794265747,70867,70877,10
13.0420103073,80.2795715332,70877,70887,10
13.0430698395,80.2796936035,70887,70947,60
13.0430698395,80.2796936035,70947,70958,11
13.0432901382,80.2797317505,70958,70968,10
13.0438404083,80.2798995972,70968,70978,10
13.044549942,80.2800369263,70978,70988,10
13.0453996658,80.2801513672,70988,70998,10
13.0457296371,80.2801971436,70998,71008,10
13.0458202362,80.2802200317,71008,71018,10
13.0463600159,80.2802963257,71018,71028,10
13.0471200943,80.2804031372,71028,71038,10
13.0480298996,80.2805175781,71038,71048,10
13.0489597321,80.2806472778,71048,71058,10
13.0493402481,80.2807006836,71058,71069,11
13.0494098663,80.2807235718,71069,71079,10
13.0499801636,80.2808074951,71079,71089,10
13.0507297516,80.2809371948,71089,71099,10
13.0516004562,80.2810668945,71099,71109,10
13.052479744,80.2811965942,71109,71119,10
13.0533599854,80.2813415527,71119,71129,10
13.0542602539,80.2814865112,71129,71139,10
13.0549497604,80.2816390991,71139,71149,10
13.0558700562,80.2818222046,71149,71159,10
13.0565004349,80.2819290161,71159,71180,21
13.0565004349,80.2819290161,71180,71190,10
13.0565900803,80.2819366455,71190,71200,10
13.0569295883,80.2820129395,71200,71210,10
13.0569801331,80.2820205688,71210,71220,10
13.0572795868,80.282081604,71220,71230,10
13.0577602386,80.2821884155,71230,71240,10
13.058259964,80.2823028564,71240,71250,10
13.0590801239,80.2824707031,71250,71260,10
13.0599603653,80.2826538086,71260,71270,10
13.0608501434,80.2828292847,71270,71280,10
13.0617599487,80.2830200195,71280,71291,11
13.0631198883,80.2833023071,71291,71311,20
13.0631198883,80.2833023071,71311,71321,10
13.0631504059,80.2833023071,71321,71331,10
13.0635004044,80.2833862305,71331,71341,10
13.0640201569,80.2835083008,71341,71351,10
13.0646696091,80.2836608887,71351,71361,10
13.0654802322,80.2838363647,71361,71371,10
13.0664196014,80.2840576172,71371,71381,10
13.0673599243,80.2842636108,71381,71391,10
13.0681295395,80.2843780518,71391,71402,11
13.0692596436,80.28465271,71402,71412,10
13.0702800751,80.2848968506,71412,71422,10
13.0713596344,80.2851715088,71422,71432,10
13.0723695755,80.2853622437,71432,71442,10
13.0732603073,80.2852935791,71442,71452,10
13.07351017,80.2853164673,71452,71462,10
13.0735397339,80.2853393555,71462,71472,10
13.0738801956,80.2856369019,71472,71482,10
13.0743598938,80.2861862183,71482,71492,10
13.0750303268,80.2866516113,71492,71502,10
13.0756597519,80.2869873047,71502,71513,11
13.0767498016,80.2873306274,71513,71523,10
13.0777797699,80.2875900269,71523,71533,10
13.0788002014,80.2878723145,71533,71543,10
13.0797300339,80.2881774902,71543,71553,10
13.0805501938,80.2883377075,71553,71563,10
13.0808000565,80.2883987427,71563,71573,10
13.0812196732,80.2885818481,71573,71583,10
13.0819797516,80.2888183594,71583,71593,10
13.08273983,80.2891693115,71593,71603,10
13.0836496353,80.2892913818,71603,71613,10
13.0845899582,80.2892608643,71613,71624,11
13.0857200623,80.2893829346,71624,71634,10
13.0867996216,80.2896499634,71634,71644,10
13.0876703262,80.2899703979,71644,71654,10
13.0885801315,80.290222168,71654,71704,50
13.088760376,80.2902679443,71704,71775,71
13.088760376,80.2902679443,71775,71785,10
13.0887203217,80.2905197144,71785,71795,10
13.088259697,80.2903213501,71795,71805,10
13.0875797272,80.2900314331,71805,71815,10
13.0869102478,80.2898101807,71815,71825,10
13.0865001678,80.2897033691,71825,71835,10
13.0862998962,80.289642334,71835,71845,10
13.0860004425,80.2895736694,71845,71856,11
13.0856199265,80.2893676758,71856,71866,10
13.0852603912,80.2887420654,71866,71876,10
13.0850601196,80.2878417969,71876,71886,10
13.0851097107,80.2869567871,71886,71896,10
13.0851898193,80.2860183716,71896,71906,10
13.0852804184,80.2850189209,71906,71916,10
13.0851898193,80.2842178345,71916,71926,10
13.0853595734,80.2838363647,71926,71936,10
13.0853996277,80.2836608887,71936,71946,10
13.0855302811,80.2835769653,71946,71957,11
13.0858001709,80.2835998535,71957,71967,10
13.0861196518,80.2836074829,71967,71977,10
13.0864095688,80.2838134766,71977,71987,10
13.0868597031,80.2840805054,71987,72683,696
13.0868597031,80.2840805054,72683,72693,10
13.0869598389,80.2839126587,72693,72703,10
13.0871200562,80.2838973999,72703,72713,10
13.0872297287,80.2839279175,72713,72723,10
13.087389946,80.2839431763,72723,72733,10
13.0877504349,80.2839584351,72733,72764,31
13.0877504349,80.2839584351,72764,72774,10
13.0879602432,80.2840194702,72774,72784,10
13.0880498886,80.2839279175,72784,72794,10
13.0880498886,80.2839202881,72794,72804,10
13.0881299973,80.2836380005,72804,72844,40
13.0881299973,80.2836380005,72844,72855,11
13.0882902145,80.2833709717,72855,72865,10
13.0882701874,80.2830886841,72865,72875,10
13.0882501602,80.2827835083,72875,72885,10
13.0882396698,80.2824707031,72885,72895,10
13.0881795883,80.2821426392,72895,72904,9
13.0880203247,80.2815170288,72904,72925,21
13.0880203247,80.2815170288,72925,72935,10
13.0882101059,80.281463623,72935,72945,10
13.0884599686,80.2815628052,72945,72955,10
13.088470459,80.2818069458,72955,72965,10
13.0883998871,80.2820968628,72965,72976,11
13.0883302689,80.2824935913,72976,72986,10
13.088259697,80.2829208374,72986,72996,10
13.088259697,80.2833786011,72996,73006,10
13.0882797241,80.2836990356,73006,73016,10
13.0882797241,80.283996582,73016,73026,10
13.0882902145,80.2842788696,73026,73036,10
13.088350296,80.2850799561,73036,73147,111
13.088350296,80.2850799561,73147,73163,16
13.0883903503,80.2856674194,73163,73175,12
13.0884199142,80.2861785889,73175,73185,10
13.0884199142,80.2865600586,73185,73196,11
13.0884399414,80.2870864868,73196,73206,10
13.0884895325,80.2874984741,73206,73216,10
13.08852005,80.2877426147,73216,73225,9
13.0885601044,80.2882385254,73225,73236,11
13.0886001587,80.2886199951,73236,73246,10
13.0886297226,80.2889022827,73246,73256,10
13.0887002945,80.2893981934,73256,73266,10
13.0887002945,80.2894592285,73266,73276,10
13.0887002945,80.2896194458,73276,73286,10
13.0886898041,80.2898788452,73286,73317,31
13.0886898041,80.2898788452,73317,73327,10
13.0887098312,80.2901611328,73327,73377,50
13.0887098312,80.2901611328,73377,73387,10
13.0887098312,80.2902908325,73387,73397,10
13.0885400772,80.290512085,73397,73407,10
13.0881700516,80.2902679443,73407,73418,11
13.0875301361,80.2899398804,73418,73428,10
13.0868997574,80.2896728516,73428,73438,10
13.0860700607,80.2894210815,73438,73448,10
13.0853099823,80.2892608643,73448,73458,10
13.0844297409,80.2892303467,73458,73468,10
13.0836200714,80.2892379761,73468,73478,10
13.082859993,80.2891998291,73478,73488,10
13.082159996,80.2889022827,73488,73498,10
13.0814599991,80.2886505127,73498,73508,10
13.0806903839,80.2884216309,73508,73518,10
13.0800104141,80.2882385254,73518,73529,11
13.0798997879,80.2882232666,73529,73539,10
13.079460144,80.2881164551,73539,73548,9
13.0788297653,80.2878799438,73548,73559,11
13.0780000687,80.2875976563,73559,73569,10
13.07695961,80.2873306274,73569,73579,10
13.0760002136,80.2870864868,73579,73589,10
13.0752801895,80.2868118286,73589,73599,10
13.0746898651,80.2864685059,73599,73609,10
13.0741195679,80.2862014771,73609,73619,10
13.0740804672,80.2861862183,73619,73629,10
13.0738401413,80.2861404419,73629,73639,10
13.073220253,80.2859725952,73639,73650,11
13.0724496841,80.2855300903,73650,73660,10
13.0715398788,80.2852630615,73660,73670,10
13.0705900192,80.2850189209,73670,73680,10
13.0696201324,80.2847900391,73680,73690,10
13.0687599182,80.2845916748,73690,73700,10
13.0679798126,80.2844085693,73700,73710,10
13.0670900345,80.2843170166,73710,73720,10
13.0664100647,80.2841796875,73720,73730,10
13.0663404465,80.2841567993,73730,73740,10
13.0658903122,80.2840270996,73740,73750,10
13.0651798248,80.2838516235,73750,73761,11
13.0644302368,80.2836532593,73761,73771,10
13.0640697479,80.2835617065,73771,73781,10
13.0635299683,80.2834091187,73781,73791,10
13.0628995895,80.2832565308,73791,73801,10
13.0624198914,80.2831420898,73801,73811,10
13.0623903275,80.2831420898,73811,73821,10
13.062330246,80.2831192017,73821,73831,10
13.0619096756,80.2830200195,73831,73841,10
13.061249733,80.2828598022,73841,73851,10
13.0604696274,80.2826919556,73851,73861,10
13.0595998764,80.2825164795,73861,73872,11
13.0585899353,80.2823181152,73872,73882,10
13.057510376,80.2820968628,73882,73902,20
13.057510376,80.2820968628,73902,73912,10
13.0571699142,80.2820205688,73912,73922,10
13.0566501617,80.2819213867,73922,73932,10
13.0566101074,80.2819137573,73932,73942,10
13.0565299988,80.2818908691,73942,73952,10
13.0560998917,80.2817993164,73952,73962,10
13.0554599762,80.2816696167,73962,73972,10
13.0546998978,80.28150177,73972,73983,11
13.0537395477,80.2813110352,73983,73993,10
13.0528202057,80.2811737061,73993,74003,10
13.0519104004,80.281036377,74003,74013,10
13.0509500504,80.2809066772,74013,74033,20
13.0509500504,80.2809066772,74033,74043,10
13.0508003235,80.2808990479,74043,74053,10
13.0502700806,80.2808303833,74053,74073,20
13.0502700806,80.2808303833,74073,74083,10
13.0500402451,80.2807922363,74083,74094,11
13.0494804382,80.280708313,74094,74104,10
13.0488395691,80.2806167603,74104,74114,10
13.048119545,80.2805099487,74114,74124,10
13.0473403931,80.2804031372,74124,74134,10
13.0466098785,80.2802963257,74134,74144,10
13.0459403992,80.2802124023,74144,74154,10
13.0455904007,80.280166626,74154,74164,10
13.0455503464,80.2801589966,74164,74174,10
13.0451602936,80.2801132202,74174,74184,10
13.0445203781,80.2800216675,74184,74194,10
13.043419838,80.2798614502,74194,74235,41
13.043419838,80.2798614502,74235,74245,10
13.0433797836,80.279838562,74245,74255,10
13.0429201126,80.2797164917,74255,74265,10
13.04226017,80.279586792,74265,74275,10
13.0414896011,80.2794494629,74275,74285,10
13.040719986,80.279296875,74285,74295,10
13.0398902893,80.2790985107,74295,74305,10
13.0389604568,80.2788619995,74305,74326,21
13.0389604568,80.2788619995,74326,74336,10
13.0387401581,80.2787704468,74336,74346,10
13.0382604599,80.2786102295,74346,74356,10
13.0376596451,80.278427124,74356,74366,10
13.0371103287,80.2782669067,74366,74376,10
13.03647995,80.2780303955,74376,74386,10
13.0359601974,80.2778778076,74386,74396,10
13.0355796814,80.2778091431,74396,74406,10
13.0350704193,80.2777175903,74406,74416,10
13.0343904495,80.2775802612,74416,74427,11
13.0336103439,80.277381897,74427,74437,10
13.0330696106,80.2774887085,74437,74447,10
13.0325498581,80.2775192261,74447,74457,10
13.0321598053,80.277557373,74457,74467,10
13.0317697525,80.2776031494,74467,74477,10
13.0312004089,80.2775192261,74477,74487,10
13.03083992,80.2772827148,74487,74497,10
13.0308303833,80.2772674561,74497,74507,10
13.0306797028,80.2771530151,74507,74517,10
13.0302400589,80.2769317627,74517,74527,10
13.0297203064,80.2767410278,74527,74537,10
13.0291700363,80.2766036987,74537,74548,11
13.0285100937,80.2763824463,74548,74558,10
13.0278396606,80.2761077881,74558,74568,10
13.0271902084,80.2758178711,74568,74578,10
13.0265398026,80.2755432129,74578,74588,10
13.0259199142,80.2752685547,74588,74608,20
13.0259199142,80.2752685547,74608,74618,10
13.0257701874,80.2751998901,74618,74628,10
13.0253200531,80.2750167847,74628,74638,10
13.0246601105,80.2747192383,74638,74648,10
13.0242900848,80.2743835449,74648,74659,11
13.0242700577,80.2743530273,74659,74669,10
13.0241498947,80.2741622925,74669,74678,9
13.0238704681,80.2738037109,74678,74689,11
13.0234603882,80.2732467651,74689,74699,10
13.0229997635,80.2726364136,74699,74709,10
13.0224895477,80.2719726563,74709,74719,10
13.0219497681,80.2712783813,74719,74729,10
13.0214595795,80.2706604004,74729,74739,10
13.0208101273,80.2699127197,74739,74760,21
13.0208101273,80.2699127197,74760,74770,10
13.0206604004,80.2696609497,74770,74780,10
13.0203199387,80.2691802979,74780,74789,9
13.0198402405,80.2686386108,74789,74800,11
13.0192499161,80.267906189,74800,74810,10
13.0187397003,80.2671813965,74810,74820,10
13.0186004639,80.2662887573,74820,74830,10
13.0186395645,80.2657623291,74830,74840,10
13.0188302994,80.2650680542,74840,74850,10
13.0190200806,80.2643814087,74850,74860,10
13.0189800262,80.2636413574,74860,74870,10
13.018910408,80.2633132935,74870,74881,11
13.0188598633,80.2630462646,74881,74891,10
13.0188503265,80.2629394531,74891,74901,10
13.0187902451,80.2623672485,74901,74911,10
13.018699646,80.2615737915,74911,74921,10
13.0183401108,80.261138916,74921,74931,10
13.0178699493,80.2608337402,74931,74941,10
13.0173301697,80.2604675293,74941,74951,10
13.0166597366,80.2600402832,74951,74961,10
13.016119957,80.2597579956,74961,74971,10
13.0159797668,80.2597122192,74971,74981,10
13.0156002045,80.2595367432,74981,74992,11
13.0149202347,80.2593917847,74992,75002,10
13.014169693,80.2593307495,75002,75012,10
13.0133304596,80.2593002319,75012,75022,10
13.0124101639,80.2592697144,75022,75032,10
13.0115499496,80.2592391968,75032,75042,10
13.0107898712,80.2592163086,75042,75052,10
13.0099802017,80.2592697144,75052,75062,10
13.0091295242,80.259262085,75062,75072,10
13.0086603165,80.2592468262,75072,75082,10
13.0083198547,80.2592315674,75082,75092,10
13.0077104568,80.2593612671,75092,75103,11
13.0072402954,80.2599105835,75103,75113,10
13.0071697235,80.2605361938,75113,75123,10
13.007349968,80.2612915039,75123,75133,10
13.0073795319,80.2614212036,75133,75143,10
13.0074195862,80.2615966797,75143,75153,10
13.007519722,80.2621231079,75153,75163,10
13.0076799393,80.2627410889,75163,75172,9
13.0077600479,80.2630996704,75172,75183,11
13.0079097748,80.2638320923,75183,75193,10
13.0079498291,80.2646408081,75193,75203,10
13.0078201294,80.2655181885,75203,75214,11
13.0076503754,80.2662963867,75214,75224,10
13.007519722,80.266998291,75224,75234,10
13.0072698593,80.2678833008,75234,75244,10
13.007060051,80.268951416,75244,75254,10
13.006819725,80.2699813843,75254,75264,10
13.0061998367,80.2704391479,75264,75274,10
13.0054702759,80.2700500488,75274,75284,10
13.0046701431,80.2695617676,75284,75294,10
13.0039701462,80.2691192627,75294,75304,10
13.0033502579,80.2688293457,75304,75314,10
13.0031499863,80.268699646,75314,75325,11
13.0026702881,80.2683792114,75325,75335,10
13.0020103455,80.2679824829,75335,75345,10
13.0013303757,80.2675476074,75345,75362,17
13.0009298325,80.2673110962,75362,75374,12
13.0007801056,80.2672195435,75374,75384,10
13.00041008,80.266960144,75384,75394,10
12.9996204376,80.2670288086,75394,75404,10
12.9988203049,80.2672729492,75404,75414,10
12.9981498718,80.2674407959,75414,75424,10
12.9974298477,80.2676467896,75424,75434,10
12.9966602325,80.2678222656,75434,75445,11
12.9960298538,80.2677764893,75445,75455,10
12.9955997467,80.2674789429,75455,75485,30
12.9955997467,80.2674789429,75485,75495,10
12.9956302643,80.2673187256,75495,75505,10
12.9956903458,80.2668075562,75505,75515,10
12.9957704544,80.2661437988,75515,75525,10
12.9958600998,80.2653427124,75525,75535,10
12.9959697723,80.2645263672,75535,75546,11
12.9960803986,80.2636413574,75546,75556,10
12.9961204529,80.2630691528,75556,75566,10
12.9961700439,80.2626190186,75566,75586,20
12.9961700439,80.2626190186,75586,75596,10
12.9961996078,80.2624969482,75596,75606,10
12.9962501526,80.2621078491,75606,75616,10
12.9963102341,80.261680603,75616,75626,10
12.9963703156,80.2610626221,75626,75636,10
12.9964504242,80.260383606,75636,75646,10
12.9965200424,80.2597503662,75646,75656,10
12.9965696335,80.2590789795,75656,75667,11
12.9966602325,80.2582397461,75667,75677,10
12.9967403412,80.2574462891,75677,75687,10
12.9968204498,80.2568283081,75687,75697,10
12.9968700409,80.256072998,75697,75796,99
12.9968700409,80.256072998,75796,75806,10
12.9969301224,80.255897522,75806,75816,10
12.9968795776,80.2554931641,75816,75826,10
12.9968204498,80.2548828125,75826,75836,10
12.9965400696,80.2543411255,75836,75845,9
12.996219635,80.2539978027,75845,75857,12
12.9955196381,80.2533569336,75857,75867,10
12.9950704575,80.252746582,75867,75876,9
12.9948797226,80.2524719238,75876,75888,12
12.9944000244,80.2526016235,75888,75898,10
12.994310379,80.2526168823,75898,75908,10
12.9940900803,80.2526397705,75908,75918,10
12.9937601089,80.2527694702,75918,75928,10
12.9932804108,80.2528991699,75928,75938,10
12.9927301407,80.2529830933,75938,75948,10
12.9921302795,80.2530212402,75948,75958,10
12.9915599823,80.2531967163,75958,75968,10
12.9910697937,80.2537002563,75968,75978,10
12.9908504486,80.2543029785,75978,75988,10
12.9907398224,80.2550811768,75988,75999,11
12.9906902313,80.255859375,75999,76009,10
12.9904403687,80.2559967041,76009,76019,10
12.9898796082,80.2559967041,76019,76029,10
12.9893198013,80.2559967041,76029,76039,10
12.9884595871,80.2559585571,76039,76059,20
12.9884595871,80.2559585571,76059,76069,10
12.9881896973,80.2559280396,76069,76079,10
12.9877004623,80.2559127808,76079,76089,10
12.9875202179,80.2563095093,76089,76099,10
12.9874401093,80.2570037842,76099,76110,11
12.9874000549,80.2579193115,76110,76120,10
12.9873504639,80.2587585449,76120,76130,10
12.9871997833,80.2595291138,76130,76332,202
12.9870300293,80.2591934204,76332,76685,353
12.9870300293,80.2591934204,76685,76695,10
12.9873600006,80.2589263916,76695,76705,10
12.9873800278,80.2585983276,76705,76715,10
12.9874095917,80.2582397461,76715,76724,9
12.9874401093,80.2578125,76724,76735,11
12.9874801636,80.2571792603,76735,76745,10
12.9875402451,80.2566070557,76745,76755,10
12.9875802994,80.255897522,76755,76866,111
12.9875802994,80.255897522,76866,76876,10
12.9876098633,80.2558517456,76876,76886,10
12.9878101349,80.2557296753,76886,76897,11
12.9885196686,80.255821228,76897,76917,20
12.9885196686,80.255821228,76917,76927,10
12.9887599945,80.2558822632,76927,76937,10
12.989279747,80.2559280396,76937,76947,10
12.9900197983,80.2559814453,76947,76957,10
12.9905996323,80.2558898926,76957,76967,10
12.9907302856,80.255531311,76967,76977,10
12.9907398224,80.2548828125,76977,76987,10
12.99077034,80.2541809082,76987,76997,10
12.9911499023,80.2535324097,76997,77008,11
12.9916601181,80.2531585693,77008,77018,10
12.992099762,80.2529983521,77018,77028,10
12.9927101135,80.2529525757,77028,77038,10
12.993350029,80.2528381348,77038,77048,10
12.9939498901,80.2526779175,77048,77058,10
12.9945497513,80.2525177002,77058,77068,10
12.9949398041,80.2524185181,77068,77078,10
12.995059967,80.2526626587,77078,77088,10
12.9952802658,80.2531433105,77088,77098,10
12.9958095551,80.2536315918,77098,77108,10
12.9964103699,80.2542114258,77108,77119,11
12.9968099594,80.2549667358,77119,77129,10
12.9968500137,80.2553329468,77129,77139,10
12.9968795776,80.2553863525,77139,77149,10
12.996919632,80.2557830811,77149,77268,119
12.996919632,80.2557830811,77268,77278,10
12.9968900681,80.2560882568,77278,77288,10
12.9968299866,80.2563705444,77288,77297,9
12.9968004227,80.2570495605,77297,77318,21
12.9968099594,80.2571868896,77318,77328,10
12.9968099594,80.2571868896,77328,77339,11
12.9967603683,80.2577362061,77339,77349,10
12.9966802597,80.2584075928,77349,77359,10
12.9965896606,80.2591094971,77359,77369,10
12.9965696335,80.2593612671,77369,77379,10
12.9965000153,80.2597427368,77379,77389,10
12.9964504242,80.2604370117,77389,77400,11
12.9963798523,80.2612304688,77400,77412,12
12.9962902069,80.261932373,77412,77422,10
12.9962396622,80.2624435425,77422,77432,10
12.9962396622,80.2625274658,77432,77442,10
12.9961996078,80.262840271,77442,77453,11
12.9961500168,80.2632827759,77453,77463,10
12.9961004257,80.2637329102,77463,77473,10
12.9960002899,80.2643890381,77473,77483,10
12.995929718,80.2649993896,77483,77493,10
12.9958400726,80.2658309937,77493,77503,10
12.9957304001,80.2668075562,77503,77513,10
12.9956703186,80.2676010132,77513,77523,10
12.9960899353,80.2677230835,77523,77543,20
12.9960899353,80.2677230835,77543,77553,10
12.9965896606,80.2677536011,77553,77563,10
12.9973096848,80.2676086426,77563,77574,11
12.9981603622,80.2673568726,77574,77584,10
12.9989795685,80.2671432495,77584,77594,10
12.9997301102,80.2668991089,77594,77604,10
13.00041008,80.2668914795,77604,77614,10
13.0007400513,80.2671432495,77614,77624,10
13.0009498596,80.2672729492,77624,77634,10
13.0010004044,80.2673110962,77634,77644,10
13.0013799667,80.2675323486,77644,77654,10
13.0020503998,80.2679672241,77654,77664,10
13.0027704239,80.2684020996,77664,77674,10
13.0033102036,80.268699646,77674,77685,11
13.0039100647,80.2690582275,77685,77695,10
13.0046195984,80.2695083618,77695,77704,9
13.0052700043,80.2699432373,77704,77715,11
13.0059604645,80.2703399658,77715,77725,10
13.0065402985,80.270401001,77725,77735,10
13.0069103241,80.2697982788,77735,77745,10
13.0070295334,80.2690505981,77745,77755,10
13.0071601868,80.2682876587,77755,77765,10
13.0073099136,80.2674407959,77765,77775,10
13.0075597763,80.2665710449,77775,77785,10
13.0076999664,80.2660217285,77785,77796,11
13.0078802109,80.2652435303,77796,77805,9
13.0080003738,80.2644729614,77805,77816,11
13.0078802109,80.2636032104,77816,77826,10
13.0076999664,80.2629623413,77826,77836,10
13.0076398849,80.2626037598,77836,77846,10
13.0074796677,80.2619400024,77846,77856,10
13.0072498322,80.2613220215,77856,77866,10
13.0070896149,80.2606124878,77866,77876,10
13.0071001053,80.2600708008,77876,77886,10
13.0072698593,80.2593307495,77886,77896,10
13.0073003769,80.2587814331,77896,77907,11
13.0074501038,80.2586593628,77907,77917,10
13.0078802109,80.2587738037,77917,77927,10
13.008480072,80.2589797974,77927,77937,10
13.0085096359,80.2590026855,77937,77947,10
13.008769989,80.2590789795,77947,77957,10
13.0094099045,80.2590789795,77957,77967,10
13.0102701187,80.2591018677,77967,77977,10
13.011059761,80.2591018677,77977,77987,10
13.012260437,80.2591018677,77987,77997,10
13.0132703781,80.259147644,77997,78007,10
13.0143003464,80.2591781616,78007,78018,11
13.0153999329,80.2592468262,78018,78028,10
13.0162000656,80.2595596313,78028,78038,10
13.0163898468,80.2596893311,78038,78048,10
13.0166196823,80.2598876953,78048,78058,10
13.0172100067,80.2602996826,78058,78068,10
13.0179004669,80.2607803345,78068,78078,10
13.0186004639,80.2612609863,78078,78088,10
13.0192203522,80.2617797852,78088,78098,10
13.019780159,80.2623596191,78098,78108,10
13.0202999115,80.2628707886,78108,78117,9
13.0200195313,80.2630233765,78117,78129,12
13.0192604065,80.2629699707,78129,78139,10
13.0189800262,80.2632064819,78139,78149,10
13.0190601349,80.263923645,78149,78159,10
13.0189504623,80.2647705078,78159,78169,10
13.0187902451,80.2653579712,78169,78179,10
13.0186595917,80.26587677,78179,78189,10
13.0186395645,80.2666473389,78189,78199,10
13.0188798904,80.2674026489,78199,78209,10
13.019370079,80.2680435181,78209,78219,10
13.0199403763,80.268737793,78219,78229,10
13.0204801559,80.2694091797,78229,78240,11
13.0210399628,80.2700881958,78240,78250,10
13.0214395523,80.2705307007,78250,78260,10
13.0214700699,80.2705688477,78260,78270,10
13.0217399597,80.2709197998,78270,78280,10
13.022190094,80.2714996338,78280,78290,10
13.0226802826,80.2721710205,78290,78300,10
13.0231800079,80.2728424072,78300,78310,10
13.0236101151,80.2734222412,78310,78320,10
13.0237102509,80.2735595703,78320,78330,10
13.024020195,80.273979187,78330,78340,10
13.0243196487,80.2743988037,78340,78351,11
13.0248403549,80.274772644,78351,78361,10
13.0253200531,80.2749404907,78361,78371,10
13.0253896713,80.2749710083,78371,78381,10
13.0255804062,80.275062561,78381,78391,10
13.0260400772,80.2752838135,78391,78401,10
13.0265798569,80.2755203247,78401,78411,10
13.0272302628,80.2758102417,78411,78421,10
13.027879715,80.2761077881,78421,78431,10
13.0284700394,80.2763214111,78431,78441,10
13.028960228,80.2764968872,78441,78451,10
13.0296096802,80.2766799927,78451,78461,10
13.0299301147,80.2767562866,78461,78478,17
13.0301103592,80.2768478394,78478,78490,12
13.0307598114,80.2771911621,78490,78500,10
13.0314502716,80.2775726318,78500,78510,10
13.0321798325,80.2775268555,78510,78520,10
13.0327100754,80.2774810791,78520,78530,10
13.0328598022,80.2774810791,78530,78540,10
13.0330600739,80.2774505615,78540,78549,9
13.033080101,80.2774505615,78549,78560,11
13.0334596634,80.2773590088,78560,78570,10
13.0340003967,80.2774505615,78570,78580,10
13.0347299576,80.277633667,78580,78591,11
13.0354995728,80.2777633667,78591,78600,9
13.0358800888,80.2778167725,78600,78611,11
13.0359096527,80.2778320313,78611,78621,10
13.0362596512,80.2779006958,78621,78641,20
13.0362596512,80.2779006958,78641,78651,10
13.0364904404,80.2779922485,78651,78661,10
13.0366401672,80.2780532837,78661,78671,10
13.036860466,80.278137207,78671,78681,10
13.0373802185,80.2783203125,78681,78692,11
13.0382204056,80.2785263062,78692,78702,10
13.0388402939,80.278678894,78702,78712,10
13.0388698578,80.2787017822,78712,78722,10
13.0390100479,80.2787475586,78722,78732,10
13.039349556,80.2788772583,78732,78742,10
13.0399303436,80.2790527344,78742,78752,10
13.0406198502,80.2792434692,78752,78762,10
13.0414199829,80.2793884277,78762,78772,10
13.0423002243,80.279510498,78772,78782,10
13.0432100296,80.2796325684,78782,78792,10
13.0439395905,80.279838562,78792,78803,11
13.0449695587,80.2799987793,78803,78813,10
13.0456399918,80.2800979614,78813,78823,10
13.0456800461,80.2800979614,78823,78833,10
13.0459003448,80.280128479,78833,78843,10
13.0465097427,80.2802200317,78843,78853,10
13.0472698212,80.2803192139,78853,78863,10
13.0481500626,80.2804489136,78863,78873,10
13.0489301682,80.2805633545,78873,78883,10
13.0492401123,80.2806015015,78883,78893,10
13.0493001938,80.2806015015,78893,78903,10
13.0497598648,80.280670166,78903,78914,11
13.0505599976,80.2808074951,78914,78924,10
13.0514001846,80.2809371948,78924,78934,10
13.0523300171,80.2810897827,78934,78944,10
13.0533599854,80.2812423706,78944,78954,10
13.0544300079,80.2814407349,78954,78964,10
13.0554895401,80.2816162109,78964,78974,10
13.0562801361,80.2817764282,78974,78984,10
13.0564498901,80.2818222046,78984,78994,10
13.0566301346,80.2818527222,78994,79004,10
13.0571603775,80.2819595337,79004,79014,10
13.0577297211,80.2820892334,79014,79025,11
13.0584402084,80.2822418213,79025,79035,10
13.0593204498,80.2824325562,79035,79045,10
13.0602302551,80.2826080322,79045,79055,10
13.0611696243,80.2827987671,79055,79065,10
13.0621004105,80.2829971313,79065,79075,10
13.06291008,80.2831726074,79075,79085,10
13.0630598068,80.2831878662,79085,79095,10
13.0631399155,80.2832107544,79095,79105,10
13.0633401871,80.2832565308,79105,79115,10
13.0638799667,80.2833786011,79115,79135,20
13.0638799667,80.2833786011,79135,79146,11
13.0638999939,80.2833862305,79146,79156,10
13.0642995834,80.283493042,79156,79166,10
13.065030098,80.2836608887,79166,79176,10
13.0659103394,80.2838592529,79176,79186,10
13.0668401718,80.2840805054,79186,79196,10
13.0676498413,80.2842407227,79196,79206,10
13.0684499741,80.2843704224,79206,79216,10
13.0693798065,80.2845916748,79216,79226,10
13.0703697205,80.2848510742,79226,79236,10
13.0713701248,80.2851028442,79236,79246,10
13.0723695755,80.2852935791,79246,79257,11
13.073340416,80.2852325439,79257,79267,10
13.0736598969,80.2853088379,79267,79277,10
13.0738401413,80.2854614258,79277,79287,10
13.0741796494,80.2859420776,79287,79297,10
13.0747900009,80.2864227295,79297,79307,10
13.0754804611,80.286819458,79307,79317,10
13.076259613,80.2871017456,79317,79327,10
13.0771598816,80.2873382568,79327,79337,10
13.0780897141,80.2875900269,79337,79347,10
13.0790100098,80.2878799438,79347,79357,10
13.0798501968,80.2881317139,79357,79368,11
13.0806398392,80.288269043,79368,79378,10
13.0813302994,80.2885284424,79378,79388,10
13.0820398331,80.2887496948,79388,79398,10
13.0827999115,80.2891235352,79398,79408,10
13.0837001801,80.2891998291,79408,79418,10
13.0846595764,80.2891693115,79418,79428,10
13.0856199265,80.2892837524,79428,79438,10
13.0866298676,80.2895126343,79438,79448,10
13.0874300003,80.2897796631,79448,79458,10
13.0881500244,80.2901000977,79458,79468,10
13.0886802673,80.2901382446,79468,79479,11
13.0888595581,80.2902603149,79479,79527,48
13.0888595581,80.2902603149,79527,79537,10
13.088809967,80.2903137207,79537,79547,10
13.0886001587,80.2904434204,79547,79557,10
13.0883798599,80.2903137207,79557,79566,9
13.0881204605,80.2901687622,79566,79577,11
13.0874099731,80.2898864746,79577,79587,10
13.0866298676,80.2896575928,79587,79598,11
13.0857801437,80.2894515991,79598,79608,10
13.0854101181,80.2888793945,79608,79618,10
13.0851097107,80.2880325317,79618,79629,11
13.0851297379,80.2870330811,79629,79638,9
13.0852203369,80.2861175537,79638,79649,11
13.0853004456,80.28515625,79649,79659,10
13.0852298737,80.2842788696,79659,79669,10
13.0852499008,80.2840270996,79669,79679,10
13.0854196548,80.2836532593,79679,79689,10
13.0856304169,80.283531189,79689,79699,10
13.0860500336,80.2835235596,79699,79710,11
13.0864601135,80.283706665,79710,79720,10
13.0868396759,80.2837600708,79720,79760,40
13.0868396759,80.2837600708,79760,79770,10
13.0869903564,80.2837219238,79770,79780,10
13.0874795914,80.2836532593,79780,79839,59
13.0878295898,80.2835769653,79839,80273,434
13.0878295898,80.2835769653,80273,80283,10
13.088139534,80.2835617065,80283,80293,10
13.0882701874,80.2834625244,80293,80303,10
13.088259697,80.2831573486,80303,80313,10
13.0882701874,80.2827377319,80313,80323,10
13.0882501602,80.2823181152,80323,80333,10
13.0881500244,80.2818603516,80333,80343,10
13.0878400803,80.2814407349,80343,80353,10
13.0872602463,80.281288147,80353,80363,10
13.0867300034,80.2811279297,80363,80374,11
13.0861101151,80.2809524536,80374,80384,10
13.0857200623,80.2807006836,80384,80394,10
13.0855798721,80.2801971436,80394,80404,10
13.0854196548,80.2796401978,80404,80414,10
13.0849199295,80.2793197632,80414,80424,10
13.0843000412,80.2791976929,80424,80434,10
13.0837202072,80.2791137695,80434,80443,9
13.0832395554,80.2789382935,80443,80454,11
13.0823402405,80.2785415649,80454,80496,42
13.0823402405,80.2785415649,80496,80506,10
13.082280159,80.2785110474,80506,80516,10
13.0820198059,80.2783203125,80516,80526,10
13.0819301605,80.2778091431,80526,80536,10
13.0818595886,80.2771911621,80536,80546,10
13.0817899704,80.2765197754,80546,80556,10
13.0816402435,80.2758712769,80556,80566,10
13.0815095901,80.2753829956,80566,80576,10
13.0812196732,80.275177002,80576,80586,10
13.0808200836,80.2752304077,80586,80597,11
13.0802097321,80.2752990723,80597,80607,10
13.0796403885,80.2753372192,80607,80617,10
13.0789899826,80.2752075195,80617,80627,10
13.0783500671,80.2754211426,80627,80637,10
13.0780496597,80.2761306763,80637,80647,10
13.0773696899,80.2762374878,80647,80657,10
13.0766401291,80.2762985229,80657,80667,10
13.0760498047,80.2763290405,80667,80677,10
13.0759096146,80.2763214111,80677,80693,16
13.0759496689,80.2758712769,80693,80705,12
13.0762195587,80.2755966187,80705,84947,4242
13.0762195587,80.2755966187,84947,84957,10
13.0759801865,80.2755737305,84957,84967,10
13.0758895874,80.2753601074,84967,84977,10
13.0758695602,80.2753067017,84977,84988,11
13.0758399963,80.2751464844,84988,84998,10
13.0757198334,80.274887085,84998,85008,10
13.0756998062,80.2748718262,85008,85018,10
13.0756196976,80.2749404907,85018,85563,545
13.0756196976,80.2749404907,85563,85573,10
13.0757799149,80.2751235962,85573,85623,50
13.0757799149,80.2751235962,85623,85633,10
13.0758600235,80.2752990723,85633,85643,10
13.0759801865,80.2756271362,85643,85674,31
