13.0804004669,80.275390625,15,6653,6638
13.0755701065,80.2754211426,6653,8210,1557
13.0755701065,80.2754211426,8210,8220,10
13.0757703781,80.2749099731,8220,8240,20
13.0759296417,80.2748794556,8240,8291,51
13.075920105,80.2749099731,8291,8321,30
13.075920105,80.2749099731,8321,8331,10
13.0759000778,80.275062561,8331,8341,10
13.0758600235,80.2748794556,8341,10050,1709
13.0758600235,80.2748794556,10050,10060,10
13.0758399963,80.2749786377,10060,10131,71
13.0758199692,80.2748565674,10131,17950,7819
13.0758199692,80.2748565674,17950,17960,10
13.0758800507,80.2750015259,17960,17970,10
13.0758800507,80.2751464844,17970,17980,10
13.0759296417,80.275390625,17980,17990,10
13.0759897232,80.275718689,17990,18000,10
13.0760097504,80.2759094238,18000,18010,10
13.0759601593,80.2760696411,18010,18020,10
13.0759401321,80.2762374878,18020,18030,10
13.0762195587,80.2762832642,18030,18041,11
13.0765399933,80.276260376,18041,18051,10
13.0769996643,80.2762298584,18051,18061,10
13.077630043,80.2761764526,18061,18071,10
13.0781497955,80.2759933472,18071,18081,10
13.078379631,80.2753829956,18081,18091,10
13.0789499283,80.2751235962,18091,18101,10
13.0795602798,80.2752609253,18101,18111,10
13.0802202225,80.2752685547,18111,18121,10
13.0808897018,80.2752075195,18121,18131,10
13.0813999176,80.2751464844,18131,18152,21
13.0813999176,80.2751464844,18152,18162,10
13.0815401077,80.2751083374,18162,18172,10
13.0816402435,80.275138855,18172,18182,10
13.0817298889,80.2751998901,18182,18192,10
13.0818595886,80.2752304077,18192,18202,10
13.081990242,80.2752838135,18202,18212,10
13.0821199417,80.2754592896,18212,18303,91
13.082159996,80.2758712769,18303,18313,10
13.082159996,80.2758712769,18313,18324,11
13.082159996,80.2758865356,18324,18334,10
13.081990242,80.2760314941,18334,18344,10
13.0818996429,80.2762680054,18344,18354,10
13.0819597244,80.2769088745,18354,18364,10
13.0820703506,80.2777328491,18364,18374,10
13.0821800232,80.2785797119,18374,18384,10
13.0822401047,80.2796173096,18384,18394,10
13.0823297501,80.2807388306,18394,18404,10
13.0823802948,80.281539917,18404,18414,10
13.0821399689,80.2817001343,18414,18425,11
13.081700325,80.281288147,18425,18435,10
13.0811595917,80.2808380127,18435,18445,10
13.0805101395,80.2807693481,18445,18455,10
13.0799598694,80.2811584473,18455,18465,10
13.0784397125,80.282409668,18465,18475,10
13.0774698257,80.2828369141,18475,18485,10
13.0774698257,80.2828369141,18485,18495,10
13.0765399933,80.2834091187,18495,18505,10
13.0757703781,80.2841262817,18505,18516,11
13.0749797821,80.2849578857,18516,18526,10
13.0743303299,80.2855987549,18526,18536,10
13.0741596222,80.2857818604,18536,18546,10
13.0736103058,80.2860107422,18546,18556,10
13.0729703903,80.2857589722,18556,18566,10
13.0720500946,80.2853469849,18566,18576,10
13.0708398819,80.2850799561,18576,18586,10
13.0695495605,80.2847518921,18586,18596,10
13.06828022,80.2844467163,18596,18607,11
13.0668897629,80.2842025757,18607,18617,10
13.0659198761,80.2839813232,18617,18627,10
13.064499855,80.2836380005,18627,18637,10
13.0633897781,80.2833633423,18637,18647,10
13.0621595383,80.2830581665,18647,18657,10
13.0609302521,80.2827835083,18657,18667,10
13.0597400665,80.2825164795,18667,18677,10
13.0584497452,80.2822723389,18677,18687,10
13.0573196411,80.282043457,18687,18697,10
13.056599617,80.2819137573,18697,18708,11
13.0565500259,80.2818984985,18708,18718,10
13.0560798645,80.2817764282,18718,18728,10
13.0552797318,80.2816162109,18728,18738,10
13.054189682,80.2813873291,18738,18748,10
13.0529899597,80.2811965942,18748,18758,10
13.0518598557,80.2810287476,18758,18768,10
13.0508003235,80.2808914185,18768,18778,10
13.0498800278,80.28074646,18778,18788,10
13.0488004684,80.2805786133,18788,18799,11
13.0474004745,80.280380249,18799,18809,10
13.0461597443,80.2802200317,18809,18819,10
13.0450296402,80.2800521851,18819,18829,10
13.0439500809,80.2798919678,18829,18839,10
13.0433397293,80.2797622681,18839,18849,10
13.0433197021,80.2796707153,18849,18859,10
13.0432500839,80.2791976929,18859,18869,10
13.0432500839,80.2783584595,18869,18879,10
13.0432701111,80.2773971558,18879,18890,11
13.0432796478,80.2761535645,18890,18900,10
13.0433101654,80.2749710083,18900,18910,10
13.0434103012,80.2739334106,18910,18920,10
13.0436201096,80.2727508545,18920,18931,11
13.0438995361,80.2714614868,18931,18941,10
13.044210434,80.2700576782,18941,18951,10
13.0444297791,80.2689437866,18951,18961,10
13.0444002151,80.2683334351,18961,18971,10
13.043800354,80.2682418823,18971,18981,10
13.0429096222,80.2681732178,18981,18992,11
13.0419797897,80.2682037354,18992,19002,10
13.0414896011,80.2682571411,19002,19012,10
13.0411100388,80.2682418823,19012,19022,10
13.0409002304,80.2682037354,19022,19032,10
13.0403003693,80.2679977417,19032,19042,10
13.0395898819,80.2677764893,19042,19052,10
13.0389795303,80.2676391602,19052,19062,10
13.0381402969,80.2676467896,19062,19072,10
13.0373697281,80.2676391602,19072,19083,11
13.0365495682,80.2677230835,19083,19093,10
13.0356998444,80.267868042,19093,19103,10
13.0347900391,80.2679824829,19103,19113,10
13.0342502594,80.2680130005,19113,19123,10
13.0339202881,80.2679367065,19123,19133,10
13.0332202911,80.2677993774,19133,19143,10
13.0325899124,80.267578125,19143,19153,10
13.0320396423,80.2672576904,19153,19163,10
13.0312995911,80.2669219971,19163,19174,11
13.0306501389,80.2667922974,19174,19184,10
13.029999733,80.2666931152,19184,19194,10
13.0295200348,80.2666168213,19194,19204,10
13.0289297104,80.2664031982,19204,19214,10
13.0283098221,80.2662811279,19214,19224,10
13.0276403427,80.2661972046,19224,19234,10
13.0270004272,80.2661132813,19234,19244,10
13.0264101028,80.2660064697,19244,19254,10
13.0263595581,80.2656707764,19254,19264,10
13.0264101028,80.2649078369,19264,19275,11
13.0264997482,80.2641296387,19275,19285,10
13.0265598297,80.2637863159,19285,19295,10
13.0266399384,80.2631225586,19295,19305,10
13.0267496109,80.2621688843,19305,19315,10
13.0268602371,80.261177063,19315,19325,10
13.0269804001,80.2603225708,19325,19335,10
13.0270299911,80.2596511841,19335,19345,10
13.0270299911,80.2587814331,19345,19355,10
13.0270500183,80.2578582764,19355,19366,11
13.0270595551,80.2569198608,19366,19376,10
13.0270795822,80.2562484741,19376,19386,10
13.0271196365,80.2554321289,19386,19396,10
13.0271196365,80.2546005249,19396,19406,10
13.0271596909,80.2537384033,19406,19416,10
13.0273599625,80.2528076172,19416,19426,10
13.0276699066,80.2517623901,19426,19436,10
13.0282096863,80.2507629395,19436,19446,10
13.0286998749,80.2499389648,19446,19457,11
13.0289897919,80.2491378784,19457,19467,10
13.0291795731,80.248298645,19467,19477,10
13.0293102264,80.2473983765,19477,19487,10
13.0294399261,80.2464523315,19487,19497,10
13.0293998718,80.2457580566,19497,19507,10
13.0290803909,80.2457275391,19507,19517,10
13.028169632,80.2456817627,19517,19527,10
13.0275402069,80.2452087402,19527,19537,10
13.0272502899,80.2443008423,19537,19547,10
13.026260376,80.2438583374,19547,19558,11
13.025270462,80.2435073853,19558,19569,11
13.0242004395,80.2431335449,19569,19579,10
13.0230998993,80.242767334,19579,19589,10
13.0221996307,80.242477417,19589,19599,10
13.0217103958,80.2423095703,19599,19609,10
13.0214300156,80.2422180176,19609,19619,10
13.0207395554,80.2419891357,19619,19629,10
13.019900322,80.2417068481,19629,19639,10
13.0191297531,80.2414779663,19639,19650,11
13.0181303024,80.2411575317,19650,19660,10
13.0171804428,80.2409210205,19660,19670,10
13.0161800385,80.2406997681,19670,19680,10
13.0154800415,80.2405776978,19680,19690,10
13.014960289,80.2405166626,19690,19700,10
13.0141401291,80.2404403687,19700,19711,11
13.0132598877,80.2404403687,19711,19721,10
13.0119199753,80.2404632568,19721,19731,10
13.0106801987,80.2404937744,19731,19742,11
13.0093097687,80.2405090332,19742,19752,10
13.0081501007,80.2404708862,19752,19762,10
13.0068998337,80.2403182983,19762,19802,40
13.0067596436,80.2401885986,19802,19812,10
13.0068998337,80.2395477295,19812,19822,10
13.0068998337,80.2395477295,19822,19833,11
13.0071001053,80.2385177612,19833,19843,10
13.0073099136,80.2375183105,19843,19853,10
13.0074195862,80.2367782593,19853,19863,10
13.0074396133,80.2367095947,19863,19873,10
13.0076904297,80.2356491089,19873,19883,10
13.0076904297,80.2356491089,19883,19893,10
13.0078802109,80.2347183228,19893,19903,10
13.0080900192,80.2336120605,19903,19913,10
13.0083198547,80.2323913574,19913,19923,10
13.0085697174,80.2311477661,19923,19934,11
13.0088500977,80.2297592163,19934,19946,12
13.0090799332,80.2285385132,19946,19956,10
13.0095796585,80.2272415161,19956,19966,10
13.0100898743,80.2261505127,19966,19976,10
13.0106201172,80.2250289917,19976,19986,10
13.0110998154,80.2239532471,19986,19996,10
13.0115203857,80.2229232788,19996,20006,10
13.0118999481,80.2218399048,20006,20016,10
13.0120601654,80.2207565308,20016,20027,11
13.0116701126,80.2194976807,20027,20037,10
13.0113201141,80.218460083,20037,20047,10
13.0108995438,80.217338562,20047,20057,10
13.0105304718,80.2164916992,20057,20067,10
13.0101499557,80.2158279419,20067,20077,10
13.0097799301,80.2151184082,20077,20087,10
13.0094003677,80.2146072388,20087,20097,10
13.008939743,80.214012146,20097,20107,10
13.008020401,80.213218689,20107,20127,20
13.008020401,80.213218689,20127,20138,11
13.0077400208,80.2129821777,20138,20148,10
13.007109642,80.2127685547,20148,20158,10
13.0064401627,80.2127609253,20158,20168,10
13.0058803558,80.2129974365,20168,20178,10
13.0052499771,80.212677002,20178,20188,10
13.0045795441,80.2123031616,20188,20198,10
13.0038099289,80.212020874,20198,20209,11
13.0036497116,80.2107315063,20209,20219,10
13.0036497116,80.2107315063,20219,20229,10
13.0035400391,80.2098388672,20229,20239,10
13.0036201477,80.2091064453,20239,20249,10
13.0039596558,80.2086105347,20249,20259,10
13.0046796799,80.2089233398,20259,20269,10
13.0054702759,80.2092895508,20269,20279,10
13.0061998367,80.2095413208,20279,20289,10
13.0068397522,80.2097320557,20289,20299,10
13.007519722,80.2098617554,20299,20310,11
13.0081596375,80.2099685669,20310,20320,10
13.0081100464,80.2095413208,20320,20330,10
13.0078201294,80.2079772949,20330,20340,10
13.0078201294,80.2079772949,20340,20350,10
13.0076704025,80.2070999146,20350,20360,10
13.0075397491,80.2061767578,20360,20370,10
13.007519722,80.2052612305,20370,20380,10
13.007519722,80.2044219971,20380,20390,10
13.0074796677,80.2036895752,20390,20401,11
13.0072898865,80.2028121948,20401,20411,10
13.0067901611,80.2025985718,20411,20421,10
13.0065698624,80.2031173706,20421,20431,10
13.0070295334,80.2034912109,20431,20441,10
13.0077600479,80.2037277222,20441,20451,10
13.008649826,80.2037277222,20451,20461,10
13.0096998215,80.2036819458,20461,20471,10
13.0108203888,80.2036819458,20471,20481,10
13.0119400024,80.2038192749,20481,20492,11
13.0129995346,80.2040176392,20492,20502,10
13.0136604309,80.2042922974,20502,20512,10
13.0136899948,80.2044906616,20512,20522,10
13.0135097504,80.2050094604,20522,20532,10
13.013250351,80.2057571411,20532,20542,10
13.0130701065,80.2066574097,20542,20552,10
13.0130195618,80.2074279785,20552,20562,10
13.0129203796,80.2078094482,20562,20572,10
13.0128898621,80.2083587646,20572,20583,11
13.0129499435,80.2087631226,20583,20593,10
13.0130300522,80.2092285156,20593,20603,10
13.0132398605,80.2096786499,20603,20613,10
13.0131797791,80.2101669312,20613,20623,10
13.0130701065,80.2107620239,20623,20633,10
13.0127897263,80.2114181519,20633,20643,10
13.0124397278,80.212059021,20643,20653,10
13.012049675,80.2126235962,20653,20663,10
13.0118503571,80.2128219604,20663,20673,10
13.0114603043,80.2125473022,20673,20684,11
13.0107698441,80.2120437622,20684,20694,10
13.0101499557,80.2115707397,20694,20704,10
13.0095596313,80.2111434937,20704,20875,171
13.0094604492,80.2111282349,20875,21038,163
13.0094995499,80.2110900879,21038,21098,60
13.0094604492,80.2110290527,21098,21280,182
13.0094499588,80.2111434937,21280,21726,446
13.0092897415,80.2110900879,21726,21766,40
13.0092897415,80.2110900879,21766,21776,10
13.0091199875,80.2113876343,21776,21786,10
13.0090799332,80.2116928101,21786,21796,10
13.0092697144,80.2122879028,21796,21807,11
13.0095796585,80.213142395,21807,21817,10
13.0098896027,80.2139511108,21817,21827,10
13.0101804733,80.2147598267,21827,21837,10
13.0102796555,80.2155532837,21837,21847,10
13.0106401443,80.2164382935,21847,21857,10
13.0110702515,80.2173309326,21857,21867,10
13.0114402771,80.2182769775,21867,21877,10
13.0118703842,80.2195968628,21877,21887,10
13.0122203827,80.2208099365,21887,21898,11
13.0125799179,80.2218017578,21898,21908,10
13.0132703781,80.222618103,21908,21918,10
13.0138998032,80.2233276367,21918,21927,9
13.0145597458,80.2240829468,21927,21938,11
13.0151796341,80.2248535156,21938,21948,10
13.0154600143,80.2253112793,21948,21958,10
13.0153303146,80.2257614136,21958,21968,10
13.0144500732,80.2262268066,21968,21989,21
13.0144500732,80.2262268066,21989,21999,10
13.0136404037,80.2265014648,21999,22009,10
13.0136404037,80.2265014648,22009,22019,10
13.0128002167,80.2268218994,22019,22029,10
13.0118303299,80.2272033691,22029,22039,10
13.010890007,80.2276229858,22039,22049,10
13.0097799301,80.2280807495,22049,22059,10
13.0091104507,80.2287979126,22059,22069,10
13.0088796616,80.2300186157,22069,22080,11
13.0086097717,80.2313690186,22080,22090,10
13.0083703995,80.2325973511,22090,22100,10
13.0082597733,80.2335205078,22100,22110,10
13.0082197189,80.2336883545,22110,22120,10
13.0080795288,80.2341308594,22120,22130,10
13.0079402924,80.2348403931,22130,22140,10
13.0079202652,80.2350463867,22140,22150,10
13.0078001022,80.2356033325,22150,22160,10
13.007610321,80.2365264893,22160,22170,10
13.0073604584,80.2376403809,22170,22181,11
13.0071697235,80.2387619019,22181,22191,10
13.0070295334,80.2398376465,22191,22201,10
13.0072097778,80.2402420044,22201,22211,10
13.0073204041,80.2402420044,22211,22221,10
13.0076599121,80.2402877808,22221,22231,10
13.008480072,80.2403869629,22231,22241,10
13.0095901489,80.2404327393,22241,22251,10
13.0108299255,80.2404022217,22251,22261,10
13.0121097565,80.2403793335,22261,22272,11
13.0135202408,80.2403717041,22272,22282,10
13.0148000717,80.2404403687,22282,22292,10
13.0160398483,80.2406082153,22292,22302,10
13.0171804428,80.240852356,22302,22312,10
13.0180702209,80.2410430908,22312,22322,10
13.0186004639,80.2411880493,22322,22332,10
13.0186901093,80.2412719727,22332,22342,10
13.0191202164,80.2414093018,22342,22352,10
13.0199604034,80.2416763306,22352,22363,11
13.0211696625,80.2420730591,22363,22373,10
13.0222501755,80.2424087524,22373,22383,10
13.0232095718,80.242729187,22383,22393,10
13.0233697891,80.2427902222,22393,22403,10
13.0239400864,80.2429962158,22403,22413,10
13.0248498917,80.2433319092,22413,22423,10
13.0259399414,80.2436981201,22423,22433,10
13.0271596909,80.2441482544,22433,22443,10
13.0276403427,80.2451400757,22443,22454,11
13.0284204483,80.2455825806,22454,22464,10
13.0292797089,80.2456207275,22464,22474,10
13.0295801163,80.2456893921,22474,22484,10
13.0295495987,80.2462234497,22484,22494,10
13.0294504166,80.2469482422,22494,22504,10
13.029299736,80.2477722168,22504,22514,10
13.0291595459,80.2486572266,22514,22524,10
13.0290403366,80.2492980957,22524,22534,10
13.0290403366,80.2493209839,22534,22545,11
13.0289697647,80.249786377,22545,22555,10
13.0285596848,80.2504730225,22555,22565,10
13.027970314,80.2514724731,22565,22575,10
13.0275402069,80.2527008057,22575,22585,10
13.0273303986,80.2535705566,22585,22595,10
13.0272197723,80.2541809082,22595,22605,10
13.0271902084,80.2543106079,22605,22615,10
13.0271596909,80.2546463013,22615,22626,11
13.027130127,80.2554931641,22626,22636,10
13.0270996094,80.2562713623,22636,22646,10
13.0271196365,80.2572097778,22646,22656,10
13.0270795822,80.2583389282,22656,22665,9
13.0270395279,80.2594833374,22665,22676,11
13.0270299911,80.2604675293,22676,22686,10
13.0268697739,80.2613830566,22686,22696,10
13.0268201828,80.2620162964,22696,22706,10
13.0266895294,80.2629318237,22706,22717,11
13.026889801,80.2634429932,22717,22727,10
13.0275402069,80.2635879517,22727,22737,10
13.0279197693,80.2637023926,22737,22747,10
13.028260231,80.2637710571,22747,22757,10
13.0283899307,80.2638168335,22757,22767,10
13.0287799835,80.2639465332,22767,22777,10
13.029299736,80.2642974854,22777,22787,10
13.0293998718,80.2649917603,22787,22798,11
13.0293197632,80.2657470703,22798,22808,10
13.0292596817,80.2663803101,22808,22818,10
13.0293197632,80.2662963867,22818,25351,2533
13.0293197632,80.2662963867,25351,25360,9
13.0864295959,80.2842102051,25360,25371,11
13.0869903564,80.2839584351,25371,25381,10
13.0872497559,80.2839431763,25381,25391,10
13.0875997543,80.2839508057,25391,25401,10
13.0878601074,80.2839431763,25401,25411,10
13.0879402161,80.2839431763,25411,25421,10
13.0880899429,80.2838668823,25421,25431,10
13.0881299973,80.2837600708,25431,25441,10
13.0882196426,80.2835769653,25441,25451,10
13.0882902145,80.2834396362,25451,25462,11
13.0883197784,80.2830276489,25462,25492,30
13.0883197784,80.2830276489,25492,25502,10
13.0883903503,80.281036377,25502,25523,21
13.0883903503,80.281036377,25523,25532,9
13.0884504318,80.2826766968,25532,25542,10
13.0884399414,80.2828598022,25542,25553,11
13.0883998871,80.2830276489,25553,25563,10
13.0883903503,80.2832870483,25563,25573,10
13.0883998871,80.2832870483,25573,25583,10
13.0884304047,80.2835083008,25583,25593,10
13.0884504318,80.2838973999,25593,25603,10
13.0884799957,80.2845611572,25603,25613,10
13.08852005,80.2851333618,25613,25623,10
13.0885400772,80.2857208252,25623,25633,10
13.0885601044,80.2863998413,25633,25644,11
13.0886001587,80.2867584229,25644,25654,10
13.088640213,80.287399292,25654,25664,10
13.0886602402,80.2876205444,25664,25674,10
13.0886802673,80.2881393433,25674,25684,10
13.0887098312,80.2885894775,25684,25694,10
13.0887498856,80.2888565063,25694,25704,10
13.088809967,80.2893371582,25704,25724,20
13.088809967,80.2893371582,25724,25735,11
13.0888004303,80.2894973755,25735,25745,10
13.0888299942,80.2902297974,25745,25785,40
13.0888299942,80.2902297974,25785,25795,10
13.0888299942,80.2903137207,25795,25805,10
13.0886602402,80.290397644,25805,25815,10
13.0881900787,80.2901611328,25815,25826,11
13.0873403549,80.2897567749,25826,25836,10
13.0863304138,80.2894363403,25836,25846,10
13.0851697922,80.2891769409,25846,25856,10
13.08411026,80.2891387939,25856,25866,10
13.0832004547,80.2891769409,25866,25876,10
13.0817298889,80.2891082764,25876,26018,142
13.0817298889,80.2891082764,26018,26028,10
13.0703201294,80.2848205566,26028,40491,14463
13.0703201294,80.2848205566,40491,40501,10
13.0888996124,80.2901382446,40501,40512,11
13.0888299942,80.2902603149,40512,40521,9
13.0887002945,80.2904434204,40521,40532,11
13.0882501602,80.2901916504,40532,40542,10
13.0876302719,80.2898635864,40542,40552,10
13.0868797302,80.2895812988,40552,40562,10
13.0859003067,80.2893218994,40562,40573,11
13.0850095749,80.2890777588,40573,40583,10
13.0840196609,80.2891082764,40583,40593,10
13.08314991,80.2891311646,40593,40603,10
13.0824403763,80.2888793945,40603,40613,10
13.0823602676,80.2888793945,40613,40623,10
13.081990242,80.2887878418,40623,40633,10
13.0812797546,80.2885665894,40633,40643,10
13.0804700851,80.2883224487,40643,40653,10
13.080039978,80.2882080078,40653,40664,11
13.0799102783,80.288192749,40664,40674,10
13.0793600082,80.2880783081,40674,40684,10
13.0785903931,80.2877578735,40684,40694,10
13.0775699615,80.2874832153,40694,40704,10
13.0764904022,80.2872009277,40704,40714,10
13.0754995346,80.2869110107,40714,40724,10
13.0746297836,80.2863922119,40724,40734,10
13.0740995407,80.2861633301,40734,40744,10
13.0740404129,80.2861633301,40744,40755,11
13.0735197067,80.2860488892,40755,40765,10
13.0728302002,80.2857208252,40765,40774,9
13.0721597672,80.2854003906,40774,40785,11
13.0710802078,80.285118103,40785,40795,10
13.0698795319,80.284828186,40795,40806,11
13.0687398911,80.284538269,40806,40815,9
13.0680398941,80.2843933105,40815,40826,11
13.0679798126,80.2843780518,40826,40836,10
13.0677404404,80.2843399048,40836,40847,11
13.0669698715,80.2841873169,40847,40857,10
13.0660200119,80.2839889526,40857,40867,10
13.0650501251,80.283782959,40867,40877,10
13.0642499924,80.2835922241,40877,40887,10
13.06346035,80.2833862305,40887,40897,10
13.062789917,80.2832336426,40897,40907,10
13.0625495911,80.2831573486,40907,40917,10
13.0624504089,80.2831268311,40917,40927,10
13.0620603561,80.2830581665,40927,40938,11
13.0613002777,80.2828826904,40938,40948,10
13.0604400635,80.2826766968,40948,40958,10
13.0595197678,80.2825012207,40958,40968,10
13.0586795807,80.2823181152,40968,40978,10
13.0581998825,80.2822265625,40978,40988,10
13.0579900742,80.2822036743,40988,40998,10
13.05768013,80.2821426392,40998,41008,10
13.0571603775,80.2820281982,41008,41018,10
13.0566701889,80.2819290161,41018,41029,11
13.0566501617,80.2819213867,41029,41039,10
13.0562496185,80.2818374634,41039,41049,10
13.0555400848,80.2816925049,41049,41059,10
13.0546197891,80.2814865112,41059,41069,10
13.0535097122,80.2812805176,41069,41079,10
13.0522899628,80.2810821533,41079,41089,10
13.0511903763,80.2809524536,41089,41099,10
13.0504102707,80.2808380127,41099,41109,10
13.0502099991,80.2808074951,41109,41120,11
13.049659729,80.2807235718,41120,41130,10
13.0488700867,80.2805786133,41130,41140,10
13.0478801727,80.2804336548,41140,41150,10
13.0467700958,80.2802886963,41150,41160,10
13.0458097458,80.2801513672,41160,41170,10
13.0449800491,80.2800369263,41170,41180,10
13.0440502167,80.2798995972,41180,41190,10
13.0433101654,80.2797470093,41190,41200,10
13.0432701111,80.2796936035,41200,41211,11
13.0431900024,80.2794570923,41211,41221,10
13.0432500839,80.278793335,41221,41231,10
13.0432796478,80.277557373,41231,41251,20
13.0432796478,80.277557373,41251,41261,10
13.0432796478,80.2773971558,41261,41271,10
13.043299675,80.2768707275,41271,41281,10
13.0432796478,80.2760772705,41281,41291,10
13.0433597565,80.275062561,41291,41302,11
13.0434703827,80.2738418579,41302,41312,10
13.0436096191,80.2729873657,41312,41322,10
13.0437097549,80.2724304199,41322,41332,10
13.0438098907,80.2719421387,41332,41342,10
13.0438203812,80.2719421387,41342,41352,10
13.0438604355,80.2718582153,41352,41362,10
13.0439596176,80.2714080811,41362,41372,10
13.0441398621,80.2705993652,41372,41382,10
13.0443496704,80.2696380615,41382,41393,11
13.0444898605,80.2687225342,41393,41403,10
13.0444898605,80.2686004639,41403,41413,10
13.0445404053,80.2684936523,41413,41423,10
13.044380188,80.2683334351,41423,41433,10
13.0441904068,80.2682876587,41433,41443,10
13.043800354,80.2682571411,41443,41453,10
13.0431003571,80.2682189941,41453,41463,10
13.0425100327,80.2681274414,41463,41473,10
13.0419101715,80.2682113647,41473,41484,11
13.0412597656,80.2682571411,41484,41504,20
13.0412597656,80.2682571411,41504,41514,10
13.041009903,80.2682189941,41514,41524,10
13.0406799316,80.2681503296,41524,41534,10
13.0402297974,80.2680435181,41534,41544,10
13.0398702621,80.2678985596,41544,41554,10
13.0394897461,80.2677764893,41554,41564,10
13.0385904312,80.2676467896,41564,41615,51
13.0382204056,80.2677078247,41615,41635,20
13.0382204056,80.2677078247,41635,41645,10
13.0380401611,80.2676925659,41645,41655,10
13.037779808,80.2676620483,41655,41726,71
13.037779808,80.2676620483,41726,41736,10
13.0375404358,80.2676010132,41736,41746,10
13.0374002457,80.2676010132,41746,41756,10
13.0372104645,80.267578125,41756,41817,61
13.0372104645,80.267578125,41817,41827,10
13.0368003845,80.2676391602,41827,41837,10
13.0363903046,80.2677230835,41837,41847,10
13.0358295441,80.2678222656,41847,41858,11
13.035369873,80.2678222656,41858,41868,10
13.0344400406,80.2680435181,41868,41898,30
13.0344400406,80.2680435181,41898,41908,10
13.0342302322,80.2680130005,41908,41918,10
13.0338001251,80.2679214478,41918,41928,10
13.0333204269,80.2678222656,41928,41938,10
13.0331602097,80.2677688599,41938,41949,11
13.0328197479,80.2677230835,41949,41959,10
13.03262043,80.2675628662,41959,41969,10
13.0323400497,80.2673721313,41969,41979,10
13.0317497253,80.2671585083,41979,41989,10
13.0311002731,80.2669067383,41989,41999,10
13.0305204391,80.2668075562,41999,42009,10
13.0303001404,80.2667617798,42009,42019,10
13.0298204422,80.2666931152,42019,42029,10
13.0297603607,80.2666702271,42029,42040,11
13.029250145,80.2665328979,42040,42050,10
13.0288600922,80.2664337158,42050,42060,10
13.0282001495,80.2663192749,42060,42070,10
13.0276298523,80.266242981,42070,42080,10
13.0270204544,80.2661209106,42080,42090,10
13.0267000198,80.2660827637,42090,42100,10
13.0264902115,80.2660369873,42100,42110,10
13.0264797211,80.2660293579,42110,42120,10
13.026309967,80.2658004761,42120,42131,11
13.0264596939,80.2650985718,42131,42141,10
13.0265798569,80.2640686035,42141,42161,20
13.0265798569,80.2640686035,42161,42171,10
13.0265798569,80.2639465332,42171,42181,10
13.0266399384,80.2634963989,42181,42191,10
13.0266799927,80.2632369995,42191,42201,10
13.0266799927,80.2628479004,42201,42211,10
13.0267801285,80.2622833252,42211,42222,11
13.0269298553,80.2614593506,42222,42232,10
13.0270004272,80.2607116699,42232,42242,10
13.0271902084,80.2598571777,42242,42252,10
13.0271596909,80.2590408325,42252,42262,10
13.0270700455,80.2582778931,42262,42272,10
13.0270996094,80.2574996948,42272,42282,10
13.0270900726,80.2567977905,42282,42313,31
13.0270900726,80.2567977905,42313,42323,10
13.0269804001,80.2565689087,42323,42333,10
13.0270595551,80.2560119629,42333,42353,20
13.0270595551,80.2560119629,42353,42363,10
13.0270500183,80.2557525635,42363,42373,10
13.0271701813,80.2551803589,42373,42383,10
13.0271596909,80.2544174194,42383,42393,10
13.0272598267,80.2535400391,42393,42404,11
13.0273504257,80.2530136108,42404,42414,10
13.0275802612,80.252166748,42414,42424,10
13.0278902054,80.2513504028,42424,42434,10
13.0282402039,80.2506866455,42434,42444,10
13.0286502838,80.2499389648,42444,42464,20
13.0288000107,80.2498931885,42464,42495,31
13.0288000107,80.2498931885,42495,42505,10
13.0289402008,80.2497329712,42505,42515,10
13.0291700363,80.2489776611,42515,42535,20
13.0291700363,80.2489776611,42535,42545,10
13.0291996002,80.2488098145,42545,42555,10
13.029250145,80.2484207153,42555,42565,10
13.0293397903,80.247718811,42565,42575,10
13.0294904709,80.2469100952,42575,42586,11
13.0295495987,80.2462615967,42586,42616,30
13.0295495987,80.2462615967,42616,42626,10
13.0294704437,80.2461395264,42626,42636,10
13.029299736,80.2457962036,42636,42646,10
13.0285997391,80.2457427979,42646,42656,10
13.0277700424,80.2454986572,42656,42666,10
13.0273599625,80.2444763184,42666,42676,10
13.0263204575,80.243888855,42676,42687,11
13.0256500244,80.2436828613,42687,42697,10
13.025270462,80.2435531616,42697,42707,10
13.0250101089,80.2434616089,42707,42717,10
13.0247898102,80.2433776855,42717,42727,10
13.0245399475,80.2432785034,42727,42737,10
13.0241203308,80.2431106567,42737,42747,10
13.0233602524,80.2428817749,42747,42757,10
13.0220098495,80.242477417,42757,42788,31
13.0220098495,80.242477417,42788,42798,10
13.0216503143,80.2423019409,42798,42808,10
13.0209102631,80.2420806885,42808,42818,10
13.0201196671,80.2417984009,42818,42828,10
13.0195102692,80.2416381836,42828,42838,10
13.0189199448,80.2414703369,42838,42858,20
13.0189199448,80.2414703369,42858,42869,11
13.0183095932,80.2412109375,42869,42909,40
13.0183095932,80.2412109375,42909,42919,10
13.0181703568,80.2410430908,42919,42929,10
13.0177698135,80.2409820557,42929,42939,10
13.0170698166,80.2408676147,42939,42949,10
13.0162000656,80.2406768799,42949,42960,11
13.0154600143,80.2406005859,42960,42970,10
13.0148801804,80.2405319214,42970,42980,10
13.0140199661,80.2404632568,42980,42990,10
13.0129203796,80.2404632568,42990,43000,10
13.0117998123,80.2405014038,43000,43010,10
13.0105895996,80.2405166626,43010,43020,10
13.0094604492,80.2405166626,43020,43030,10
13.008480072,80.2404937744,43030,43040,10
13.0074300766,80.2403717041,43040,43051,11
13.0072803497,80.2403411865,43051,43061,10
13.0071697235,80.2403411865,43061,43071,10
13.0068101883,80.2402114868,43071,43081,10
13.0068101883,80.2397232056,43081,43091,10
13.0068902969,80.2390518188,43091,43101,10
13.007060051,80.2381973267,43101,43111,10
13.0073003769,80.2372207642,43111,43121,10
13.0073699951,80.2367782593,43121,43131,10
13.007399559,80.236656189,43131,43142,11
13.0075397491,80.2361907959,43142,43152,10
13.007610321,80.235496521,43152,43162,10
13.0077400208,80.2347335815,43162,43172,10
13.0079698563,80.2337417603,43172,43182,10
13.0081501007,80.2326431274,43182,43193,11
13.0082597733,80.2317581177,43193,43203,10
13.0084199905,80.2306365967,43203,43213,10
13.0086202621,80.2297592163,43213,43223,10
13.0088300705,80.2287063599,43223,43234,11
13.0092802048,80.2276763916,43234,43244,10
13.0098800659,80.2265777588,43244,43254,10
13.0104398727,80.2254486084,43254,43264,10
13.0108203888,80.224647522,43264,43274,10
13.0111503601,80.2239990234,43274,43284,10
13.0114202499,80.2232437134,43284,43304,20
13.0114202499,80.2232437134,43304,43314,10
13.0114498138,80.2231674194,43314,43325,11
13.0116796494,80.2227401733,43325,43335,10
13.0119400024,80.2220535278,43335,43345,10
13.0122299194,80.2212677002,43345,43355,10
13.0120201111,80.2205963135,43355,43365,10
13.0117397308,80.2199401855,43365,43375,10
13.0116596222,80.2197418213,43375,43385,10
13.0115699768,80.2194213867,43385,43395,10
13.0113801956,80.2188034058,43395,43405,10
13.011059761,80.2179794312,43405,43416,11
13.0107002258,80.2170181274,43416,43426,10
13.0103197098,80.2162399292,43426,43436,10
13.0099496841,80.2154922485,43436,43446,10
13.0097198486,80.2150726318,43446,43456,10
13.0094299316,80.2146682739,43456,43466,10
13.0091400146,80.2142868042,43466,43476,10
13.0087795258,80.2137985229,43476,43486,10
13.0085601807,80.2135391235,43486,43496,10
13.0082502365,80.2133712769,43496,43537,41
13.0082502365,80.2133712769,43537,43547,10
13.0081701279,80.2133407593,43547,43557,10
13.0080404282,80.2132797241,43557,43567,10
13.0078201294,80.2130966187,43567,43577,10
13.007519722,80.2129135132,43577,43587,10
13.0070495605,80.2127838135,43587,43598,11
13.006480217,80.2127685547,43598,43608,10
13.0059099197,80.2129669189,43608,43618,10
13.0052995682,80.2126998901,43618,43628,10
13.0047702789,80.2124099731,43628,43637,9
13.0040397644,80.2121124268,43637,43648,11
13.0037002563,80.2118606567,43648,43658,10
13.003660202,80.2113723755,43658,43668,10
13.0036001205,80.2107162476,43668,43678,10
13.0035400391,80.2101593018,43678,43689,11
13.0035200119,80.2095489502,43689,43699,10
13.0036401749,80.2089691162,43699,43709,10
13.0038299561,80.2086334229,43709,43719,10
13.004360199,80.208770752,43719,43729,10
13.0050201416,80.2090835571,43729,43739,10
13.0057401657,80.2093811035,43739,43749,10
13.0060901642,80.2095031738,43749,43759,10
13.0064001083,80.209602356,43759,43769,10
13.0065402985,80.2096633911,43769,43779,10
13.0066995621,80.2096862793,43779,43790,11
13.0068302155,80.2097091675,43790,43800,10
13.0073204041,80.2098388672,43800,43810,10
13.0079402924,80.2099380493,43810,43820,10
13.0081701279,80.2097625732,43820,43830,10
13.0080699921,80.2090606689,43830,43840,10
13.007900238,80.2080612183,43840,43850,10
13.0077199936,80.2069396973,43850,43860,10
13.0075902939,80.2059707642,43860,43870,10
13.0075502396,80.205078125,43870,43881,11
13.0075397491,80.2041625977,43881,43891,10
13.0073900223,80.2032775879,43891,43901,10
13.0069303513,80.2025375366,43901,43911,10
13.0065898895,80.2031478882,43911,43921,10
13.0072202682,80.2035980225,43921,43931,10
13.008099556,80.203742981,43931,43941,10
13.0092802048,80.2036590576,43941,43951,10
13.0105800629,80.2036437988,43951,43961,10
13.0119800568,80.2037887573,43961,43972,11
13.0132102966,80.2040481567,43972,43982,10
13.0136299133,80.2042770386,43982,44032,50
13.0136299133,80.2042770386,44032,44042,10
13.0136203766,80.2045593262,44042,44052,10
13.0134000778,80.2051773071,44052,44063,11
13.0131502151,80.2059020996,44063,44073,10
13.0129995346,80.2067337036,44073,44083,10
13.0129499435,80.2074203491,44083,44093,10
13.0129003525,80.2077789307,44093,44103,10
13.0128898621,80.2079391479,44103,44113,10
13.012840271,80.2083969116,44113,44123,10
13.0128698349,80.2086791992,44123,44133,10
13.0129404068,80.2091598511,44133,44143,10
13.0131702423,80.2097167969,44143,44154,11
13.0130996704,80.2103500366,44154,44164,10
13.0129404068,80.2110671997,44164,44174,10
13.0126199722,80.2117080688,44174,44184,10
13.0122499466,80.2123336792,44184,44194,10
13.0119400024,80.2127609253,44194,44204,10
13.0118303299,80.2128295898,44204,44214,10
13.011590004,80.2126998901,44214,44224,10
13.0110998154,80.2123184204,44224,44234,10
13.0104703903,80.2118606567,44234,44245,11
13.010219574,80.2116775513,44245,44255,10
13.0098400116,80.2114181519,44255,44295,40
13.0098400116,80.2114181519,44295,44305,10
13.0095500946,80.2112121582,44305,44791,486
13.00922966,80.2113189697,44791,44892,101
13.00922966,80.2113189697,44892,44902,10
13.0089797974,80.2115325928,44902,44912,10
13.0090303421,80.2118606567,44912,44922,10
13.00922966,80.2124023438,44922,44932,10
13.0094299316,80.2129516602,44932,44942,10
13.0096797943,80.2135620117,44942,44952,10
13.009929657,80.2141723633,44952,44961,9
13.0101203918,80.2147216797,44961,44973,12
13.0101995468,80.2154388428,44973,44983,10
13.0104398727,80.2161331177,44983,44993,10
13.0107603073,80.2168731689,44993,45003,10
13.0111198425,80.2176208496,45003,45013,10
13.0114202499,80.2183914185,45013,45023,10
13.0117301941,80.2192993164,45023,45033,10
13.0120000839,80.2201538086,45033,45043,10
13.0121803284,80.2206192017,45043,45053,10
13.0122203827,80.2207489014,45053,45064,11
13.0122995377,80.2210922241,45064,45074,10
13.0123500824,80.2213821411,45074,45084,10
13.0125598907,80.2217330933,45084,45094,10
13.0128602982,80.2221908569,45094,45104,10
13.0133600235,80.2227630615,45104,45114,10
13.0137996674,80.2232284546,45114,45124,10
13.0141096115,80.2236404419,45124,45134,10
13.0144395828,80.224029541,45134,45144,10
13.0149402618,80.2246017456,45144,45155,11
13.015370369,80.2251968384,45155,45165,10
13.0154304504,80.2253265381,45165,45175,10
13.015080452,80.2259674072,45175,45195,20
13.015080452,80.2259674072,45195,45205,10
13.0146903992,80.2261199951,45205,45215,10
13.0141801834,80.2263412476,45215,45225,10
13.0131797791,80.2267227173,45225,45235,10
13.012260437,80.2270889282,45235,45246,11
13.0111598969,80.2275238037,45246,45256,10
13.0100603104,80.2279205322,45256,45266,10
13.0091495514,80.2285003662,45266,45276,10
13.0089101791,80.2295837402,45276,45286,10
13.0086698532,80.2308273315,45286,45296,10
13.0084295273,80.2321166992,45296,45306,10
13.0082597733,80.2331619263,45306,45316,10
13.0082101822,80.2337265015,45316,45337,21
13.0082101822,80.2337265015,45337,45347,10
13.0081195831,80.2339477539,45347,45357,10
13.0079698563,80.2344894409,45357,45367,10
13.0078001022,80.2350769043,45367,45377,10
13.0078201294,80.2356033325,45377,45387,10
13.0075397491,80.2361907959,45387,45397,10
13.0072002411,80.2370071411,45397,45407,10
13.0072402954,80.238067627,45407,45417,10
13.0071201324,80.2388534546,45417,45427,10
13.0070495605,80.239402771,45427,45438,11
13.0069999695,80.2398071289,45438,45448,10
13.0069599152,80.2400817871,45448,45478,30
13.0069599152,80.2400817871,45478,45488,10
13.0071601868,80.240272522,45488,45498,10
13.0073204041,80.2402801514,45498,45508,10
13.0074100494,80.2403030396,45508,45518,10
13.0079202652,80.2403869629,45518,45529,11
13.008649826,80.2404403687,45529,45539,10
13.0095796585,80.240447998,45539,45549,10
13.0107402802,80.2404174805,45549,45559,10
13.0119199753,80.2403793335,45559,45569,10
13.0130596161,80.2403717041,45569,45579,10
13.0143003464,80.2403717041,45579,45589,10
13.0153799057,80.2405014038,45589,45599,10
13.0166797638,80.240737915,45599,45609,10
13.0179395676,80.2409820557,45609,45650,41
13.0179395676,80.2409820557,45650,45660,10
13.0180902481,80.2410125732,45660,45670,10
13.0187797546,80.2412719727,45670,45690,20
13.0187797546,80.2412719727,45690,45700,10
13.0189304352,80.2413406372,45700,45711,11
13.0194396973,80.2415008545,45711,45721,10
13.0202302933,80.2417297363,45721,45731,10
13.0211801529,80.2420425415,45731,45741,10
13.0221796036,80.2423782349,45741,45751,10
13.0232400894,80.2427215576,45751,45771,20
13.0232400894,80.2427215576,45771,45781,10
13.0234203339,80.2428131104,45781,45791,10
13.0239295959,80.2429962158,45791,45802,11
13.0246601105,80.2432632446,45802,45812,10
13.0254001617,80.243522644,45812,45822,10
13.0262002945,80.2437973022,45822,45832,10
13.0270204544,80.2440872192,45832,45842,10
13.0276098251,80.2451934814,45842,45893,51
13.0276098251,80.2451934814,45893,45903,10
13.0278396606,80.2454605103,45903,45913,10
13.0280199051,80.2455215454,45913,45923,10
13.0284204483,80.245552063,45923,46014,91
13.0284204483,80.245552063,46014,46024,10
13.029299736,80.2456436157,46024,46125,101
13.029299736,80.2456436157,46125,46135,10
13.0295095444,80.2456207275,46135,46145,10
13.0296897888,80.245880127,46145,46155,10
13.0293998718,80.2464675903,46155,46166,11
13.0293397903,80.2473373413,46166,46176,10
13.0292396545,80.2478027344,46176,46186,10
13.029009819,80.2487564087,46186,46246,60
13.029009819,80.2487564087,46246,46257,11
13.0289697647,80.249382019,46257,46277,20
13.0289697647,80.249382019,46277,46287,10
13.0289802551,80.2496795654,46287,46327,40
13.0289802551,80.2496795654,46327,46337,10
13.028840065,80.2498931885,46337,46348,11
13.0284900665,80.2502365112,46348,46358,10
13.0280199051,80.2507171631,46358,46368,10
13.0275602341,80.2515792847,46368,46378,10
13.0274000168,80.2525405884,46378,46388,10
13.0273103714,80.2534103394,46388,46398,10
13.0273103714,80.2534866333,46398,46408,10
13.0272197723,80.2537536621,46408,46418,10
13.0271396637,80.2542114258,46418,46428,10
13.0271396637,80.2543487549,46428,46439,11
13.0271100998,80.2546234131,46439,46449,10
13.0270900726,80.2549285889,46449,46459,10
13.0269804001,80.2554473877,46459,46469,10
13.0269804001,80.2563171387,46469,46479,10
13.0269699097,80.2571411133,46479,46489,10
13.0270204544,80.2577133179,46489,46499,10
13.0270004272,80.2581481934,46499,46509,10
13.0270004272,80.2585983276,46509,46519,10
13.0270004272,80.2591400146,46519,46540,21
13.0270004272,80.2591400146,46540,46550,10
13.027009964,80.2596206665,46550,46560,10
13.0269498825,80.2601623535,46560,46570,10
13.0268697739,80.2607803345,46570,46580,10
13.0267601013,80.2614212036,46580,46590,10
13.0266599655,80.2621612549,46590,46600,10
13.0265398026,80.2627792358,46600,46610,10
13.026599884,80.2631988525,46610,46621,11
13.0270395279,80.2632827759,46621,46631,10
13.0278596878,80.2635269165,46631,46641,10
13.0283002853,80.2637405396,46641,46651,10
13.028429985,80.2638015747,46651,46661,10
13.0288295746,80.2639083862,46661,46671,10
13.0291900635,80.2640380859,46671,46681,10
13.0292100906,80.2644195557,46681,46691,10
13.0292196274,80.2650375366,46691,46701,10
13.0292196274,80.2660903931,46701,46722,21
13.0292196274,80.2660903931,46722,46732,10
13.0291795731,80.2661972046,46732,46742,10
13.0291500092,80.2663879395,46742,46752,10
13.0294103622,80.2664794922,46752,46762,10
13.0298595428,80.2665481567,46762,46772,10
13.0302696228,80.2666397095,46772,46782,10
13.0306797028,80.2667312622,46782,46792,10
13.0311603546,80.2668685913,46792,46802,10
13.0316400528,80.267036438,46802,46813,11
13.0321702957,80.2673110962,46813,46823,10
13.0325803757,80.2675170898,46823,46833,10
13.0329999924,80.2677001953,46833,46843,10
13.0332202911,80.2677536011,46843,46853,10
13.0339698792,80.2678985596,46853,46883,30
13.0339698792,80.2678985596,46883,46893,10
13.0341997147,80.2679290771,46893,46904,11
13.0345096588,80.2679672241,46904,46914,10
13.0351800919,80.2678833008,46914,46924,10
13.0360002518,80.2676391602,46924,46934,10
13.0365495682,80.2676010132,46934,46944,10
13.0367603302,80.2676086426,46944,46954,10
13.0369997025,80.2671432495,46954,46964,10
13.0370702744,80.2665634155,46964,46984,20
13.0370702744,80.2665634155,46984,46995,11
13.0371599197,80.2661514282,46995,47005,10
13.0373296738,80.2655334473,47005,47015,10
13.0374803543,80.2647705078,47015,47025,10
13.0376901627,80.2643508911,47025,47035,10
13.0380401611,80.2644195557,47035,47045,10
13.0384101868,80.2644882202,47045,47055,10
13.0387201309,80.2645568848,47055,47065,10
13.0392799377,80.2646408081,47065,47075,10
13.0398101807,80.264541626,47075,47086,11
13.0403499603,80.2645568848,47086,47096,10
13.040599823,80.2645797729,47096,47106,10
13.0408201218,80.2645797729,47106,47116,10
13.0412998199,80.2646408081,47116,47126,10
13.0413398743,80.2651367188,47126,47136,10
13.0412597656,80.2656478882,47136,47146,10
13.0411596298,80.2663726807,47146,47156,10
13.0410995483,80.266998291,47156,47166,10
13.0410299301,80.2673034668,47166,47177,11
13.0409002304,80.267791748,47177,47187,10
13.0409202576,80.2679977417,47187,47197,10
13.041680336,80.268081665,47197,47227,30
13.041680336,80.268081665,47227,47238,11
13.0418901443,80.2680969238,47238,47249,11
13.0424995422,80.2679901123,47249,47259,10
13.0429697037,80.2677001953,47259,47270,11
13.0435400009,80.2673492432,47270,47279,9
13.0439100266,80.2670898438,47279,47290,11
13.0441799164,80.2669372559,47290,47299,9
13.0445995331,80.2669677734,47299,47310,11
13.0444297791,80.2675018311,47310,47320,10
13.0444202423,80.2683410645,47320,47330,10
13.0441198349,80.2688598633,47330,47350,20
13.0441198349,80.2688598633,47350,47361,11
13.0441198349,80.2690124512,47361,47371,10
13.0440797806,80.2695922852,47371,47381,10
13.0439300537,80.2704696655,47381,47391,10
13.0438203812,80.2714996338,47391,47401,10
13.0434598923,80.2723007202,47401,47411,10
13.0433998108,80.2735290527,47411,47441,30
13.0433998108,80.2735290527,47441,47452,11
13.0433502197,80.2738571167,47452,47502,50
13.0433502197,80.2738571167,47502,47512,10
13.0433397293,80.2740707397,47512,47522,10
13.0432195663,80.2744827271,47522,47532,10
13.0432596207,80.2753219604,47532,47543,11
13.0432195663,80.2761764526,47543,47553,10
13.0432796478,80.2771835327,47553,47563,10
13.0433397293,80.277961731,47563,47603,40
13.0433397293,80.277961731,47603,47613,10
13.0433397293,80.2781066895,47613,47623,10
13.0433397293,80.2785415649,47623,47634,11
13.0433301926,80.2792205811,47634,47644,10
13.0437097549,80.2797393799,47644,47654,10
13.0444898605,80.2798995972,47654,47664,10
13.045419693,80.2800216675,47664,47674,10
13.0464601517,80.2801818848,47674,47684,10
13.0475597382,80.2803268433,47684,47694,10
13.048620224,80.2804718018,47694,47704,10
13.0492601395,80.2805480957,47704,47714,10
13.0492696762,80.2805633545,47714,47725,11
13.0494003296,80.2805786133,47725,47735,10
13.0498399734,80.2806472778,47735,47745,10
13.0505504608,80.2807617188,47745,47755,10
13.0512599945,80.2808914185,47755,47765,10
13.0520801544,80.2810134888,47765,47775,10
13.0530195236,80.2811508179,47775,47785,10
13.0540800095,80.2813262939,47785,47795,10
13.0551795959,80.2815322876,47795,47805,10
13.0560102463,80.2816925049,47805,47816,11
13.0564603806,80.2817764282,47816,47836,20
13.0564603806,80.2817764282,47836,47846,10
13.0566396713,80.281829834,47846,47856,10
13.0571603775,80.2819290161,47856,47866,10
13.0578098297,80.2820587158,47866,47876,10
13.0585203171,80.2822189331,47876,47886,10
13.0593595505,80.2823791504,47886,47896,10
13.0603199005,80.2825698853,47896,47907,11
13.0611696243,80.2827377319,47907,47917,10
13.0619401932,80.2828979492,47917,47927,10
13.0631504059,80.2831573486,47927,47957,30
13.0631504059,80.2831573486,47957,47967,10
13.0634098053,80.2832183838,47967,47977,10
13.0639400482,80.2833328247,47977,48018,41
13.0639400482,80.2833328247,48018,48028,10
13.0641899109,80.2834625244,48028,48038,10
13.0647697449,80.2835693359,48038,48048,10
13.0655698776,80.2837371826,48048,48058,10
13.0664596558,80.2839431763,48058,48068,10
13.0673303604,80.2841186523,48068,48078,10
13.0682201385,80.284286499,48078,48089,11
13.069270134,80.284538269,48089,48099,10
13.0703401566,80.2848434448,48099,48109,10
13.0715398788,80.2851333618,48109,48119,10
13.0726499557,80.2853088379,48119,48128,9
13.073679924,80.2854003906,48128,48139,11
13.074760437,80.2862930298,48139,48159,20
13.074760437,80.2862930298,48159,48169,10
13.0749597549,80.2864303589,48169,48180,11
13.0755195618,80.286781311,48180,48190,10
13.0763196945,80.2870635986,48190,48200,10
13.0772399902,80.2873001099,48200,48210,10
13.0782804489,80.2875671387,48210,48220,10
13.0790901184,80.2878570557,48220,48230,10
13.0797796249,80.2880401611,48230,48240,10
13.0798397064,80.2880401611,48240,48250,10
13.0798797607,80.2880401611,48250,48260,10
13.0803203583,80.2881317139,48260,48271,11
13.0807695389,80.2882385254,48271,48281,10
13.0808000565,80.2882614136,48281,48291,10
13.081199646,80.2884216309,48291,48301,10
13.0818796158,80.2886505127,48301,48310,9
13.0825901031,80.2889404297,48310,48321,11
13.0834798813,80.2891616821,48321,48331,10
13.0843400955,80.2891387939,48331,48341,10
13.0853996277,80.2891769409,48341,48351,10
13.0866003036,80.2894592285,48351,48361,10
13.0874996185,80.2897720337,48361,48372,11
13.0882196426,80.2900695801,48372,48382,10
13.0887699127,80.2901535034,48382,48402,20
13.0887699127,80.2901535034,48402,48412,10
13.0888795853,80.2902069092,48412,48452,40
13.0888795853,80.2902069092,48452,48463,11
13.0888900757,80.290397644,48463,48473,10
13.0885801315,80.2903594971,48473,48483,10
13.0877799988,80.2899780273,48483,48493,10
13.0870399475,80.2897415161,48493,48503,10
13.0864696503,80.2895889282,48503,48513,10
13.085849762,80.2894363403,48513,48523,10
13.0854701996,80.2889099121,48523,48533,10
13.0851602554,80.2881011963,48533,48543,10
13.085149765,80.2871398926,48543,48554,11
13.0852203369,80.2863082886,48554,48564,10
13.0853004456,80.2854690552,48564,48574,10
13.0853204727,80.2846221924,48574,48587,13
13.0852203369,80.2841110229,48587,48597,10
13.0852203369,80.2840881348,48597,48607,10
13.0852403641,80.2840423584,48607,48617,10
13.085439682,80.2836990356,48617,48627,10
13.0857095718,80.2835083008,48627,48637,10
13.0860700607,80.2835083008,48637,48648,11
13.0865602493,80.2836914063,48648,48658,10
13.0869598389,80.2836532593,48658,48668,10
13.0875301361,80.2836227417,48668,48678,10
13.0879297256,80.2835693359,48678,48728,50
13.0879497528,80.2836303711,48728,48870,142
13.0879497528,80.2836303711,48870,48880,10
13.0880498886,80.2836837769,48880,48890,10
13.0882701874,80.2835922241,48890,48900,10
13.0882797241,80.2833023071,48900,48910,10
13.0882701874,80.2827529907,48910,48921,11
13.088259697,80.2823562622,48921,48931,10
13.0881500244,80.2818832397,48931,48941,10
13.0878601074,80.2814788818,48941,48971,30
13.0878601074,80.2814788818,48971,48981,10
13.0875902176,80.2814178467,48981,48991,10
13.0873603821,80.2813491821,48991,49001,10
13.0871601105,80.281288147,49001,49012,11
13.0866498947,80.2811279297,49012,49022,10
13.0861101151,80.2809524536,49022,49032,10
13.0858602524,80.2808609009,49032,49042,10
13.0857095718,80.2805786133,49042,49052,10
13.0855998993,80.2800827026,49052,49062,10
13.0852603912,80.2794799805,49062,49072,10
13.0845403671,80.279258728,49072,49082,10
13.0838298798,80.2791595459,49082,49092,10
13.0832099915,80.2789001465,49092,49103,11
13.0825901031,80.2786636353,49103,49113,10
13.0824604034,80.2786102295,49113,49123,10
13.0823297501,80.2785263062,49123,49133,10
13.081990242,80.2782287598,49133,49143,10
13.0819101334,80.2775726318,49143,49153,10
13.0818195343,80.2766189575,49153,49163,10
13.0816402435,80.2758483887,49163,49173,10
13.0815000534,80.2753219604,49173,49183,10
13.0813503265,80.2751693726,49183,49194,11
13.0809898376,80.2752075195,49194,49204,10
13.0804100037,80.2752838135,49204,49214,10
13.0796804428,80.2753295898,49214,49224,10
13.0790195465,80.2752075195,49224,49234,10
13.078379631,80.2754135132,49234,49244,10
13.0780801773,80.2761383057,49244,49254,10
13.0773000717,80.276260376,49254,49264,10
13.0764102936,80.2763137817,49264,49274,10
13.0759000778,80.276222229,49274,49285,11
13.0759296417,80.2759628296,49285,49295,10
13.0759601593,80.2758102417,49295,49305,10
13.0759801865,80.2753829956,49305,49315,10
13.0759401321,80.2749023438,49315,49325,10
13.0760803223,80.2747573853,49325,49487,162
13.0760803223,80.2747573853,49487,49497,10
13.0759096146,80.2746887207,49497,49507,10
13.0758399963,80.2749404907,49507,49517,10
13.0759000778,80.275352478,49517,49800,283
13.0759601593,80.2755432129,49800,49821,21
