12.997759819,80.2569885254,12,6320,6308
12.9976701736,80.2570877075,6320,6915,595
12.997759819,80.2570266724,6915,12306,5391
12.9978504181,80.2569732666,12306,12497,191
12.9977197647,80.256942749,12497,15838,3341
12.9978199005,80.2570266724,15838,15959,121
12.9978103638,80.256980896,15959,19477,3518
12.9978303909,80.2570419312,19477,19921,444
12.9977502823,80.2570266724,19921,21247,1326
12.9977798462,80.256942749,21247,21267,20
12.9977798462,80.2567977905,21267,21287,20
12.9977798462,80.2567977905,21287,21296,9
12.997759819,80.2564697266,21296,21520,224
12.9975996017,80.2565002441,21520,21702,182
12.9977703094,80.2562179565,21702,21732,30
12.9977703094,80.2562179565,21732,21742,10
12.9975204468,80.2559204102,21742,21753,11
12.997130394,80.2559204102,21753,21763,10
12.9969396591,80.2560119629,21763,21773,10
12.9968996048,80.2563323975,21773,21783,10
12.9968795776,80.2567901611,21783,21793,10
12.9968395233,80.2573394775,21793,21803,10
12.9967699051,80.2579421997,21803,21813,10
12.996720314,80.2586975098,21813,21823,10
12.9966402054,80.2592697144,21823,21833,10
12.9965600967,80.2599411011,21833,21843,10
12.9964799881,80.2605895996,21843,21853,10
12.9964199066,80.2612991333,21853,21864,11
12.9963798523,80.2619400024,21864,21874,10
12.9962797165,80.2624664307,21874,21884,10
12.9961996078,80.2628707886,21884,21894,10
12.9961595535,80.2630462646,21894,21904,10
12.9961395264,80.2635192871,21904,21913,9
12.9960899353,80.2640991211,21913,21924,11
12.9960203171,80.2647323608,21924,21934,10
12.9959497452,80.265296936,21934,21944,10
12.9958696365,80.2660522461,21944,21954,10
12.9957799911,80.2667236328,21954,21965,11
12.9957103729,80.2674179077,21965,21975,10
12.9958896637,80.2676773071,21975,21985,10
12.9963903427,80.2677612305,21985,21995,10
12.9977197647,80.2675628662,21995,22005,10
12.9977197647,80.2675628662,22005,22015,10
12.9984197617,80.2673187256,22015,22025,10
12.9991397858,80.2671432495,22025,22035,10
12.9997301102,80.266960144,22035,22045,10
13.0001296997,80.2666168213,22045,22055,10
13.0002403259,80.2662277222,22055,22066,11
13.0003700256,80.2657012939,22066,22086,20
13.0003700256,80.2657012939,22086,22096,10
13.0002698898,80.2661819458,22096,23085,989
13.0002698898,80.2661819458,23085,23095,10
13.0002002716,80.2662963867,23095,23105,10
13.0002202988,80.2665023804,23105,23115,10
13.0002698898,80.2666320801,23115,23125,10
13.0001001358,80.2668533325,23125,23135,10
12.99958992,80.2669906616,23135,23146,11
12.9988698959,80.2671737671,23146,23156,10
12.9981298447,80.2673721313,23156,23166,10
12.9973201752,80.2676391602,23166,23176,10
12.9964799881,80.2677536011,23176,23186,10
12.9958200455,80.2676773071,23186,23196,10
12.9957704544,80.2673416138,23196,23216,20
12.9957704544,80.2673416138,23216,23226,10
12.9958400726,80.2671966553,23226,23236,10
12.9958696365,80.2667388916,23236,23246,10
12.9959096909,80.2660293579,23246,23257,11
12.9960002899,80.2651367188,23257,23267,10
12.9960803986,80.2643966675,23267,23277,10
12.9961700439,80.2635574341,23277,23287,10
12.9962797165,80.2625579834,23287,23307,20
12.9962797165,80.2625579834,23307,23317,10
12.9963703156,80.262260437,23317,23327,10
12.9964504242,80.2617797852,23327,23337,10
12.9965000153,80.2610778809,23337,23347,10
12.9966001511,80.2602462769,23347,23358,11
12.9967002869,80.2592391968,23358,23368,10
12.9967899323,80.2582931519,23368,23378,10
12.9968595505,80.2573471069,23378,23388,10
12.9969596863,80.2564620972,23388,23398,10
12.9969701767,80.2559280396,23398,23418,20
12.9969701767,80.2559280396,23418,23428,10
12.997010231,80.2558288574,23428,23438,10
12.9973897934,80.2558822632,23438,23448,10
12.998049736,80.2559509277,23448,23458,10
12.9986696243,80.2559967041,23458,23469,11
12.9987897873,80.2560195923,23469,23479,10
12.9989995956,80.256072998,23479,23489,10
12.999540329,80.2562026978,23489,23499,10
13.0002803802,80.2563705444,23499,23509,10
13.001159668,80.2565002441,23509,23519,10
13.0021095276,80.2566375732,23519,23529,10
13.0030698776,80.2568206787,23529,23539,10
13.0039701462,80.2569732666,23539,23549,10
13.0047798157,80.2571105957,23549,23565,16
13.0059204102,80.2574005127,23565,23578,13
13.0065402985,80.2571029663,23578,23588,10
13.0066604614,80.256401062,23588,23598,10
13.0067195892,80.255531311,23598,23608,10
13.0067501068,80.2546920776,23608,23618,10
13.0067501068,80.2532196045,23618,23638,20
13.0067501068,80.2532196045,23638,23648,10
13.0066604614,80.2528381348,23648,23658,10
13.0066995621,80.2521896362,23658,23668,10
13.0067796707,80.2517776489,23668,23709,41
13.0067796707,80.2517776489,23709,23718,9
13.006819725,80.2515411377,23718,23729,11
13.0068798065,80.2508773804,23729,23739,10
13.0068998337,80.2498703003,23739,23749,10
13.0068998337,80.2488708496,23749,23759,10
13.0067796707,80.2478713989,23759,23769,10
13.0067396164,80.2470397949,23769,23779,10
13.0066699982,80.2465286255,23779,23789,10
13.006649971,80.2465286255,23789,23800,11
13.0066795349,80.2461013794,23800,23810,10
13.0066795349,80.2453613281,23810,23820,10
13.0067195892,80.2444534302,23820,23830,10
13.0066795349,80.2434768677,23830,23840,10
13.0066299438,80.2424621582,23840,23850,10
13.0066404343,80.2414932251,23850,23860,10
13.0066995621,80.2406387329,23860,23870,10
13.0068998337,80.2397918701,23870,23880,10
13.007060051,80.2388763428,23880,23890,10
13.0072402954,80.2379302979,23890,23901,11
13.0074100494,80.2369918823,23901,23911,10
13.0074396133,80.2367401123,23911,23921,10
13.0074796677,80.236618042,23921,23937,16
13.0076799393,80.235786438,23937,23949,12
13.0078802109,80.2348480225,23949,23957,8
13.0080099106,80.2341308594,23957,23969,12
13.0082597733,80.2329025269,23969,23979,10
13.0084495544,80.2317962646,23979,23989,10
13.0086803436,80.2306289673,23989,23999,10
13.0089197159,80.2294616699,23999,24009,10
13.0091400146,80.2283706665,24009,24020,11
13.00963974,80.2272415161,24020,24030,10
13.0100898743,80.2262420654,24030,24040,10
13.0104799271,80.2254333496,24040,24051,11
13.0108299255,80.224609375,24051,24060,9
13.0112895966,80.2234573364,24060,24081,21
13.0112895966,80.2234573364,24081,24091,10
13.0112600327,80.2230529785,24091,24101,10
13.0117502213,80.2223510742,24101,24111,10
13.0120801926,80.2215576172,24111,24121,10
13.0122900009,80.2214508057,24121,24132,11
13.0123901367,80.2214584351,24132,24142,10
13.0125904083,80.2217407227,24142,24152,10
13.0129404068,80.2222671509,24152,24162,10
13.0134496689,80.2227401733,24162,24172,10
13.0139198303,80.2231903076,24172,24182,10
13.0142402649,80.2235412598,24182,24192,10
13.0145902634,80.2239532471,24192,24202,10
13.015130043,80.2246170044,24202,24212,10
13.0155200958,80.2249603271,24212,24222,10
13.0156097412,80.2250289917,24222,24233,11
13.0157403946,80.2251815796,24233,24243,10
13.0162696838,80.2253265381,24243,24252,9
13.016960144,80.225151062,24252,24263,11
13.0179004669,80.2247772217,24263,24273,10
13.0187797546,80.2244415283,24273,24283,10
13.0193195343,80.2243118286,24283,24293,10
13.0193300247,80.2243118286,24293,24303,10
13.0194797516,80.2243728638,24303,24313,10
13.0197296143,80.2244873047,24313,24323,10
13.0197296143,80.2245025635,24323,24333,10
13.0198802948,80.2246627808,24333,24344,11
13.0203504562,80.2250213623,24344,24354,10
13.0208997726,80.2253799438,24354,24364,10
13.0214500427,80.2258300781,24364,24374,10
13.0221004486,80.2263183594,24374,24384,10
13.0227899551,80.2269210815,24384,24394,10
13.0235500336,80.2276306152,24394,24404,10
13.0243196487,80.2284469604,24404,24414,10
13.0249700546,80.2293014526,24414,24424,10
13.0254001617,80.2297821045,24424,24434,10
13.0255298615,80.2299728394,24434,24444,10
13.0258398056,80.2304916382,24444,24455,11
13.0261001587,80.2312698364,24455,24471,16
13.0268297195,80.2311630249,24471,24483,12
13.0278196335,80.2309799194,24483,24493,10
13.0284004211,80.2308883667,24493,24513,20
13.0284004211,80.2308883667,24513,24523,10
13.028670311,80.2309417725,24523,24533,10
13.0292196274,80.2308425903,24533,24543,10
13.0296201706,80.2308197021,24543,24553,10
13.0303602219,80.2307434082,24553,24564,11
13.0306396484,80.2305221558,24564,24574,10
13.0305595398,80.2300567627,24574,24583,9
13.0303602219,80.2294769287,24583,24594,11
13.0303201675,80.2287979126,24594,24604,10
13.0303497314,80.2283935547,24604,24614,10
13.030380249,80.2282562256,24614,24624,10
13.0304203033,80.2279510498,24624,24634,10
13.0304403305,80.2276000977,24634,24644,10
13.0301599503,80.227432251,24644,24654,10
13.0295295715,80.2273635864,24654,24665,11
13.0288200378,80.2272415161,24665,24675,10
13.0287799835,80.2272186279,24675,24685,10
13.0286102295,80.2271881104,24685,24695,10
13.0281200409,80.2270584106,24695,24705,10
13.0278997421,80.226852417,24705,24715,10
13.0280599594,80.2262420654,24715,24725,10
13.0282201767,80.2255706787,24725,24735,10
13.028380394,80.2248001099,24735,24745,10
13.028550148,80.2240905762,24745,24761,16
13.0287904739,80.2240066528,24761,24773,12
13.0289201736,80.2241668701,24773,24784,11
13.0294904709,80.2242965698,24784,24794,10
13.0300302505,80.2242965698,24794,24804,10
13.0305204391,80.2243423462,24804,24814,10
13.0310401917,80.2242965698,24814,24824,10
13.0311098099,80.2238082886,24824,24834,10
13.0311603546,80.2232666016,24834,24843,9
13.0311803818,80.223197937,24843,24854,11
13.0312204361,80.22290802,24854,24864,10
13.0314903259,80.2223815918,24864,24874,10
13.0317697525,80.2217407227,24874,24885,11
13.0320501328,80.2209014893,24885,24895,10
13.0321598053,80.2201309204,24895,24905,10
13.0321702957,80.2198181152,24905,24915,10
13.0321798325,80.2197723389,24915,24925,10
13.0321998596,80.2193603516,24925,24935,10
13.0321998596,80.2186813354,24935,24945,10
13.0317401886,80.2184371948,24945,24955,10
13.0314903259,80.2178878784,24955,24965,10
13.0314102173,80.2171707153,24965,24975,10
13.0313100815,80.2169723511,24975,24985,10
13.0309696198,80.2169876099,24985,24996,11
13.0305404663,80.216796875,24996,25006,10
13.030500412,80.2167282104,25006,25016,10
13.0304298401,80.2163391113,25016,25026,10
13.0304098129,80.2157669067,25026,25036,10
13.0303897858,80.2150802612,25036,25046,10
13.0303897858,80.2145767212,25046,25056,10
13.030380249,80.2145080566,25056,25066,10
13.0304498672,80.2141113281,25066,25076,10
13.0305099487,80.2136688232,25076,25086,10
13.0305700302,80.2134017944,25086,25097,11
13.0306301117,80.2128295898,25097,25106,9
13.0307197571,80.212272644,25106,25117,11
13.0308103561,80.2116622925,25117,25127,10
13.0308504105,80.2113876343,25127,25137,10
13.0309000015,80.2110366821,25137,25147,10
13.0309400558,80.2106781006,25147,25157,10
13.0310297012,80.2102127075,25157,25167,10
13.0309200287,80.2100830078,25167,25177,10
13.0306501389,80.2099761963,25177,25187,10
13.0301504135,80.2098236084,25187,25197,10
13.0302000046,80.2092437744,25197,25258,61
13.0302000046,80.2092437744,25258,25268,10
13.0302000046,80.2090988159,25268,25278,10
13.0305204391,80.2090377808,25278,25288,10
13.0314903259,80.2093505859,25288,25319,31
13.0314903259,80.2093505859,25319,25329,10
13.0319595337,80.2095031738,25329,25339,10
13.0327196121,80.2096099854,25339,25349,10
13.0336303711,80.2097930908,25349,25359,10
13.0346803665,80.2099685669,25359,25369,10
13.0352201462,80.2096481323,25369,25379,10
13.0352602005,80.2089767456,25379,25389,10
13.0352602005,80.2088623047,25389,25399,10
13.0352802277,80.2087097168,25399,25409,10
13.0353803635,80.2081069946,25409,25419,10
13.0355195999,80.2071762085,25419,25430,11
13.0356798172,80.2060775757,25430,25446,16
13.035779953,80.2052230835,25446,25458,12
13.0358695984,80.2049026489,25458,25468,10
13.035949707,80.2043609619,25468,25478,10
13.0359802246,80.2039871216,25478,25488,10
13.0360898972,80.2033615112,25488,25498,10
13.0362195969,80.2024993896,25498,25508,10
13.0362997055,80.2016983032,25508,25517,9
13.0363397598,80.2015228271,25517,25529,12
13.036359787,80.2012481689,25529,25540,11
13.0364704132,80.2005386353,25540,25550,10
13.0365896225,80.1996688843,25550,25560,10
13.0367298126,80.1987686157,25560,25570,10
13.0368099213,80.198348999,25570,25580,10
13.0368003845,80.198348999,25580,25590,10
13.036860466,80.1981201172,25590,25600,10
13.0369501114,80.1975326538,25600,25623,23
13.0371599197,80.1964263916,25623,25635,12
13.0371799469,80.1960067749,25635,25645,10
13.0372495651,80.1955032349,25645,25656,11
13.0373897552,80.1945724487,25656,25665,9
13.0375099182,80.1937408447,25665,25676,11
13.0376796722,80.1928634644,25676,25686,10
13.038069725,80.192779541,25686,25696,10
13.0385799408,80.1928405762,25696,25706,10
13.0387897491,80.1928710938,25706,25716,10
13.0388803482,80.1929092407,25716,25726,10
13.0391998291,80.1929397583,25726,25736,10
13.0397500992,80.1930389404,25736,25748,12
13.0405797958,80.1931610107,25748,25757,9
13.041270256,80.1932601929,25757,25768,11
13.0418395996,80.193397522,25768,25778,10
13.0418195724,80.1937866211,25778,25788,10
13.0418195724,80.1938476563,25788,25798,10
13.0417604446,80.1942825317,25798,25808,10
13.0416498184,80.1949234009,25808,25818,10
13.0415802002,80.195602417,25818,25828,10
13.041469574,80.1961288452,25828,25838,10
13.0414104462,80.1966934204,25838,25869,31
13.0414104462,80.1966934204,25869,25879,10
13.0413599014,80.1970062256,25879,25889,10
13.0412902832,80.1974868774,25889,25899,10
13.0411500931,80.1981964111,25899,25909,10
13.0409898758,80.1989898682,25909,25919,10
13.0410003662,80.1992416382,25919,25929,10
13.041009903,80.1994171143,25929,25939,10
13.0409097672,80.1999511719,25939,25949,10
13.0407600403,80.2007980347,25949,25959,10
13.0406599045,80.201713562,25959,25970,11
13.0405797958,80.2021789551,25970,25980,10
13.04047966,80.2028808594,25980,25990,10
13.0403203964,80.2037200928,25990,26000,10
13.0402202606,80.2045974731,26000,26010,10
13.0403699875,80.2050476074,26010,26020,10
13.0410203934,80.2052001953,26020,26030,10
13.0412597656,80.2052307129,26030,26040,10
13.0414600372,80.2052764893,26040,26050,10
13.0420198441,80.205368042,26050,26060,10
13.0426301956,80.2055130005,26060,26070,10
13.0429897308,80.2060165405,26070,26081,11
13.0435495377,80.2067184448,26081,26091,10
13.0439796448,80.2074203491,26091,26101,10
13.0441398621,80.2082214355,26101,26111,10
13.0441703796,80.2089004517,26111,26121,10
13.0441799164,80.2089996338,26121,26131,10
13.0441799164,80.2092208862,26131,26141,10
13.0441799164,80.2095794678,26141,26151,10
13.0441999435,80.2101593018,26151,26161,10
13.0442399979,80.2110290527,26161,26171,10
13.0442495346,80.2118606567,26171,26182,11
13.0443601608,80.2121810913,26182,26192,10
13.0446596146,80.2122192383,26192,26202,10
13.0452804565,80.2121963501,26202,26212,10
13.0460596085,80.2121887207,26212,26222,10
13.0466899872,80.2121582031,26222,26242,20
13.0466899872,80.2121582031,26242,26252,10
13.0468597412,80.2121582031,26252,26282,30
13.0468597412,80.2121582031,26282,26293,11
13.0470695496,80.2120437622,26293,26303,10
13.0470399857,80.2116470337,26303,26313,10
13.0470695496,80.2111968994,26313,26323,10
13.0470600128,80.2107772827,26323,26333,10
13.0474596024,80.2108001709,26333,26343,10
13.0479803085,80.2108001709,26343,26353,10
13.0486097336,80.2108383179,26353,26363,10
13.0492200851,80.2108688354,26363,26373,10
13.0496997833,80.2108535767,26373,26383,10
13.0497102737,80.2104110718,26383,26393,10
13.0496501923,80.2097320557,26393,26404,11
13.0495796204,80.2089614868,26404,26414,10
13.049369812,80.2082214355,26414,26424,10
13.0489397049,80.2072677612,26424,26515,91
13.0489397049,80.2072677612,26515,26525,10
13.0489997864,80.2070922852,26525,26535,10
13.0489797592,80.2070083618,26535,26545,10
13.0489997864,80.2068023682,26545,26555,10
13.0491895676,80.2068786621,26555,27201,646
13.0490999222,80.2071533203,27201,27554,353
13.0491399765,80.2071075439,27554,27645,91
13.0492296219,80.2070770264,27645,28180,535
13.0492296219,80.2070770264,28180,28190,10
13.0490598679,80.2073364258,28190,28200,10
13.049079895,80.207572937,28200,28210,10
13.0492296219,80.2080001831,28210,28220,10
13.0493803024,80.2084884644,28220,28230,10
13.049489975,80.2090911865,28230,28240,10
13.0495796204,80.2097091675,28240,28251,11
13.0496797562,80.2104263306,28251,28261,10
13.0497598648,80.2109680176,28261,28271,10
13.0498104095,80.2114028931,28271,28281,10
13.0498600006,80.2117767334,28281,28291,10
13.0498695374,80.2120666504,28291,28307,16
13.049539566,80.2121582031,28307,28329,22
13.049539566,80.2121582031,28329,28339,10
13.0493602753,80.2121810913,28339,28349,10
13.0489301682,80.2121734619,28349,28359,10
13.0482997894,80.2122116089,28359,28370,11
13.0474796295,80.2122802734,28370,28380,10
13.0466098785,80.212310791,28380,28389,9
13.0457801819,80.2123413086,28389,28400,11
13.0448303223,80.2123565674,28400,28450,50
13.0448303223,80.2123565674,28450,28460,10
13.044719696,80.2123794556,28460,28471,11
13.0444698334,80.2123794556,28471,28481,10
13.0442495346,80.2120513916,28481,28491,10
13.0442199707,80.2113113403,28491,28501,10
13.0441999435,80.2105407715,28501,28511,10
13.0441703796,80.2097167969,28511,28521,10
13.0441102982,80.2090835571,28521,28531,10
13.0440998077,80.2089004517,28531,28541,10
13.0440998077,80.2088317871,28541,28551,10
13.0441198349,80.2083816528,28551,28561,10
13.0439996719,80.2077178955,28561,28572,11
13.0435600281,80.2069396973,28572,28582,10
13.0431003571,80.2062606812,28582,28592,10
13.0425901413,80.2056503296,28592,28602,10
13.0419397354,80.2053375244,28602,28612,10
13.041469574,80.2052536011,28612,28622,10
13.0409202576,80.2051620483,28622,28632,10
13.0408697128,80.2051391602,28632,28642,10
13.0406799316,80.2051010132,28642,28652,10
13.0402498245,80.205039978,28652,28662,10
13.0396099091,80.2049713135,28662,28672,10
13.0390100479,80.2048416138,28672,28683,11
13.0382900238,80.2047424316,28683,28693,10
13.0381498337,80.2045211792,28693,28703,10
13.0382404327,80.2040100098,28703,28713,10
13.0383796692,80.2033233643,28713,28723,10
13.038479805,80.2026824951,28723,28733,10
13.0385599136,80.2020721436,28733,28743,10
13.0385904312,80.2019119263,28743,28753,10
13.0386400223,80.2016906738,28753,28763,10
13.0386896133,80.2013626099,28763,28773,10
13.0387401581,80.2008132935,28773,28783,10
13.0388498306,80.2001495361,28783,28794,11
13.0389404297,80.1994476318,28794,28804,10
13.0389795303,80.19921875,28804,28814,10
13.0389795303,80.1991119385,28814,28824,10
13.0390396118,80.1986618042,28824,28834,10
13.0391597748,80.1979980469,28834,28844,10
13.0392599106,80.1973190308,28844,28854,10
13.0393104553,80.1968917847,28854,28863,9
13.0393199921,80.1968231201,28863,28874,11
13.0393800735,80.1964797974,28874,28884,10
13.039440155,80.1960220337,28884,28894,10
13.0395202637,80.1953887939,28894,28905,11
13.0396203995,80.1946029663,28905,28915,10
13.0397195816,80.193939209,28915,28925,10
13.0398197174,80.1932601929,28925,28945,20
13.0398197174,80.1932601929,28945,28955,10
13.0396203995,80.1930084229,28955,28965,10
13.0386695862,80.1928405762,28965,28985,20
13.0386695862,80.1928405762,28985,28995,10
13.0385704041,80.1928329468,28995,29005,10
13.038189888,80.1928024292,29005,29015,10
13.0377998352,80.1928329468,29015,29026,11
13.0375795364,80.1933898926,29026,29036,10
13.0374803543,80.1941375732,29036,29046,10
13.0373802185,80.1949310303,29046,29056,10
13.0372800827,80.1956481934,29056,29066,10
13.0372400284,80.1960372925,29066,29086,20
13.0372400284,80.1960372925,29086,29096,10
13.0371704102,80.1962509155,29096,29106,10
13.0371103287,80.1966781616,29106,29116,10
13.0370197296,80.1972885132,29116,29127,11
13.0369195938,80.1979598999,29127,29137,10
13.0368700027,80.1984634399,29137,29147,10
13.0368499756,80.1985931396,29147,29157,10
13.0368499756,80.1986694336,29157,29167,10
13.0367803574,80.1989135742,29167,29177,10
13.0367298126,80.1993865967,29177,29187,10
13.0366401672,80.2000808716,29187,29197,10
13.0364999771,80.2008285522,29197,29207,10
13.0364103317,80.2013168335,29207,29217,10
13.0363702774,80.2018203735,29217,29238,21
13.0363702774,80.2018203735,29238,29248,10
13.0362901688,80.2021865845,29248,29258,10
13.0362195969,80.2027893066,29258,29268,10
13.0361204147,80.2035064697,29268,29278,10
13.0360202789,80.2041320801,29278,29287,9
13.0359697342,80.2045211792,29287,29298,11
13.0358600616,80.2051773071,29298,29308,10
13.0358104706,80.2057418823,29308,29318,10
13.0357904434,80.2058029175,29318,29328,10
13.0357599258,80.2060165405,29328,29338,10
13.0356903076,80.2065124512,29338,29349,11
13.0355701447,80.207321167,29349,29359,10
13.0354404449,80.2084197998,29359,29389,30
13.0354404449,80.2084197998,29389,29399,10
13.0353498459,80.2086334229,29399,29409,10
13.0353002548,80.2090682983,29409,29419,10
13.0352096558,80.2096176147,29419,29429,10
13.0351400375,80.2101974487,29429,29439,10
13.0349702835,80.2106628418,29439,29449,10
13.0348596573,80.2113418579,29449,29460,11
13.0346899033,80.212059021,29460,29470,10
13.0341997147,80.2120513916,29470,29480,10
13.0335197449,80.2119903564,29480,29490,10
13.0325202942,80.2119064331,29490,29510,20
13.0325202942,80.2119064331,29510,29520,10
13.0322303772,80.2118301392,29520,29530,10
13.0319004059,80.2116470337,29530,29540,10
13.0319595337,80.211151123,29540,29550,10
13.0320796967,80.2105026245,29550,29560,10
13.0321598053,80.2098770142,29560,29571,11
13.0317001343,80.2095489502,29571,29581,10
13.031080246,80.2093811035,29581,29591,10
13.0306396484,80.2092666626,29591,29621,30
13.0306396484,80.2092666626,29621,29631,10
13.0304803848,80.2092208862,29631,29641,10
13.0302200317,80.2091598511,29641,29651,10
13.0300397873,80.2095718384,29651,29670,19
13.0300397873,80.2095718384,29670,29682,12
13.0301704407,80.2098693848,29682,29692,10
13.0306997299,80.2099609375,29692,29702,10
13.0310096741,80.2100982666,29702,29712,10
13.0309801102,80.2103805542,29712,29722,10
13.0309095383,80.2109069824,29722,29732,10
13.0308599472,80.2111968994,29732,29742,10
13.0308103561,80.2116012573,29742,29752,10
13.0307703018,80.2118988037,29752,29762,10
13.0306901932,80.2124023438,29762,29772,10
13.0305995941,80.2129592896,29772,29782,10
13.0305099487,80.2135314941,29782,29793,11
13.0304698944,80.2138290405,29793,29803,10
13.0304002762,80.2143325806,29803,29813,10
13.0303602219,80.2147216797,29813,29823,10
13.0303602219,80.2147293091,29823,29833,10
13.0302696228,80.2148208618,29833,29843,10
13.0303001404,80.2151184082,29843,29853,10
13.0303297043,80.2156600952,29853,29863,10
13.0303897858,80.2163009644,29863,29873,10
13.0307197571,80.2169494629,29873,29894,21
13.0307197571,80.2169494629,29894,29904,10
13.0310401917,80.2170028687,29904,29914,10
13.031370163,80.217010498,29914,29924,10
13.0315103531,80.2173614502,29924,29934,10
13.0315303802,80.2180404663,29934,29944,10
13.0318002701,80.2184066772,29944,29954,10
13.0322198868,80.2184829712,29954,29964,10
13.0322504044,80.2187805176,29964,29974,10
13.0322399139,80.2194366455,29974,29984,10
13.0322303772,80.2199935913,29984,29994,10
13.0322198868,80.2203521729,29994,30015,21
13.0322198868,80.2203521729,30015,30025,10
13.0321903229,80.2204818726,30025,30035,10
13.0320796967,80.2209625244,30035,30045,10
13.0319299698,80.2216033936,30045,30055,10
13.0316200256,80.2221984863,30055,30065,10
13.0312900543,80.2228012085,30065,30075,10
13.0311803818,80.2233428955,30075,30085,10
13.0311403275,80.2239303589,30085,30105,20
13.0311403275,80.2239303589,30105,30116,11
13.0311203003,80.2243118286,30116,30126,10
13.0307502747,80.2242965698,30126,30136,10
13.0301504135,80.224281311,30136,30146,10
13.0295000076,80.2242507935,30146,30156,10
13.0290203094,80.2242279053,30156,30176,20
13.0290203094,80.2242279053,30176,30186,10
13.0288696289,80.2241668701,30186,30196,10
13.0285797119,80.2240600586,30196,30206,10
13.0283699036,80.2244796753,30206,30216,10
13.0282201767,80.2252426147,30216,30227,11
13.0280504227,80.2260437012,30227,30237,10
13.0279197693,80.2267227173,30237,30247,10
13.0279798508,80.2270507813,30247,30257,10
13.0284404755,80.2271575928,30257,30267,10
13.0286502838,80.2272033691,30267,30277,10
13.0287904739,80.2272033691,30277,30287,10
13.0292100906,80.2272567749,30287,30297,10
13.029800415,80.2273635864,30297,30307,10
13.0303602219,80.2274398804,30307,30317,10
13.0304498672,80.2276687622,30317,30327,10
13.0303602219,80.2282562256,30327,30348,21
13.0303602219,80.2282562256,30348,30358,10
13.0303001404,80.2284011841,30358,30368,10
13.0302600861,80.2288818359,30368,30378,10
13.0303497314,80.2295227051,30378,30388,10
13.0305995941,80.2300872803,30388,30398,10
13.0306797028,80.2305603027,30398,30408,10
13.0305700302,80.2307434082,30408,30424,16
13.0298404694,80.2307815552,30424,30436,12
13.0298099518,80.2307891846,30436,30447,11
13.0297698975,80.2308120728,30447,30456,9
13.0294399261,80.2308502197,30456,30467,11
13.0287799835,80.2308731079,30467,30477,10
13.0281295776,80.2309494019,30477,30487,10
13.0276699066,80.231086731,30487,30497,10
13.027680397,80.2315979004,30497,30507,10
13.0277700424,80.2322235107,30507,30517,10
13.0278501511,80.2327728271,30517,30527,10
13.0274295807,80.2328491211,30527,30537,10
13.0270595551,80.2329025269,30537,30568,31
13.0270595551,80.2329025269,30568,30578,10
13.0267295837,80.232963562,30578,30588,10
13.0264396667,80.2329025269,30588,30598,10
13.026260376,80.2323608398,30598,30608,10
13.0260601044,80.2316436768,30608,30618,10
13.0258102417,80.2307815552,30618,30628,10
13.0253000259,80.2298736572,30628,30638,10
13.0247001648,80.2290878296,30638,30648,10
13.0240602493,80.2283630371,30648,30689,41
13.0240602493,80.2283630371,30689,30699,10
13.0239200592,80.2281112671,30699,30709,10
13.023639679,80.2278137207,30709,30719,10
13.0232896805,80.2274627686,30719,30729,10
13.0229301453,80.2270812988,30729,30739,10
13.0223798752,80.2266082764,30739,30749,10
13.0216999054,80.2260513306,30749,30759,10
13.0210103989,80.2255172729,30759,30776,17
13.019900322,80.2247619629,30776,30798,22
13.019900322,80.2247619629,30798,30808,10
13.0197095871,80.2246398926,30808,30818,10
13.0191698074,80.2244796753,30818,30827,9
13.018529892,80.2245788574,30827,30838,11
13.0174703598,80.2249908447,30838,30848,10
13.0165996552,80.2253570557,30848,30858,10
13.0158596039,80.2256393433,30858,30868,10
13.0150995255,80.2259292603,30868,30878,10
13.0140695572,80.2263793945,30878,30919,41
13.0140695572,80.2263793945,30919,30929,10
13.013759613,80.2264404297,30929,30939,10
13.0132303238,80.2266769409,30939,30949,10
13.0124998093,80.2269515991,30949,30959,10
13.0117197037,80.2272796631,30959,30969,10
13.0108604431,80.2276382446,30969,30979,10
13.0099401474,80.2280197144,30979,30990,11
13.0091495514,80.2285766602,30990,31000,10
13.0089597702,80.2294998169,31000,31010,10
13.0087499619,80.2305297852,31010,31020,10
13.0085601807,80.2315673828,31020,31030,10
13.0083703995,80.2325820923,31030,31040,10
13.0082397461,80.233581543,31040,31070,30
13.0082397461,80.233581543,31070,31080,10
13.0081596375,80.2337188721,31080,31090,10
13.0080699921,80.23412323,31090,31101,11
13.0079402924,80.2347869873,31101,31111,10
13.0077800751,80.2356414795,31111,31121,10
13.0075998306,80.2366104126,31121,31131,10
13.0074396133,80.2374572754,31131,31141,10
13.0073003769,80.2381973267,31141,31151,10
13.0071601868,80.238899231,31151,31161,10
13.007109642,80.2394485474,31161,31222,61
13.007109642,80.2394485474,31222,31232,10
13.0070199966,80.2397994995,31232,31242,10
13.0068998337,80.2405700684,31242,31272,30
13.0068998337,80.2405700684,31272,31282,10
13.0068101883,80.2408828735,31282,31292,10
13.0067396164,80.2415008545,31292,31302,10
13.0067300797,80.2423782349,31302,31312,10
13.0067100525,80.2429122925,31312,31323,11
13.0066995621,80.2431793213,31323,31363,40
13.0066995621,80.2431793213,31363,31373,10
13.0066795349,80.2436599731,31373,31383,10
13.0066404343,80.2442626953,31383,31393,10
13.006649971,80.2449493408,31393,31403,10
13.0066995621,80.2456588745,31403,31423,20
13.0066995621,80.2456588745,31423,31434,11
13.0067300797,80.2458267212,31434,31444,10
13.0067396164,80.2461624146,31444,31454,10
13.0067501068,80.2465133667,31454,31464,10
13.0067501068,80.2471389771,31464,31474,10
13.0067195892,80.2479095459,31474,31484,10
13.0067596436,80.2487792969,31484,31494,10
13.0068798065,80.2496032715,31494,31514,20
13.0068798065,80.2496032715,31514,31524,10
13.0068597794,80.2496490479,31524,31535,11
13.0068397522,80.2501220703,31535,31545,10
13.0068397522,80.2508087158,31545,31555,10
13.0068502426,80.2514419556,31555,31565,10
13.0066699982,80.2520294189,31565,31575,10
13.0065603256,80.2528533936,31575,31585,10
13.0065498352,80.2538299561,31585,31595,10
13.0066003799,80.2550888062,31595,31615,20
13.0066003799,80.2550888062,31615,31625,10
13.0065698624,80.2551803589,31625,31635,10
13.0065803528,80.2556533813,31635,31646,11
13.0066099167,80.256439209,31646,31656,10
13.0067300797,80.2572631836,31656,31726,70
13.0067300797,80.2572631836,31726,31736,10
13.0067796707,80.2574615479,31736,31746,10
13.0062999725,80.2575378418,31746,31756,10
13.0056600571,80.2573928833,31756,31767,11
13.0048503876,80.2571411133,31767,31777,10
13.0040903091,80.2570037842,31777,31787,10
13.0034704208,80.2568664551,31787,31797,10
13.0030298233,80.2567901611,31797,31807,10
13.0026597977,80.256729126,31807,31817,10
13.0021400452,80.2566375732,31817,31827,10
13.0014200211,80.2565536499,31827,31837,10
13.000670433,80.2564620972,31837,31847,10
13.0002002716,80.2563934326,31847,31868,21
13.0002002716,80.2563934326,31868,31878,10
12.9998502731,80.2563018799,31878,31888,10
12.9993600845,80.2561798096,31888,31898,10
12.998840332,80.2560806274,31898,31908,10
12.9983997345,80.2559890747,31908,31918,10
12.9981298447,80.2559585571,31918,31928,10
12.9980297089,80.2559585571,31928,31938,10
12.9978399277,80.2559280396,31938,31948,10
12.9975700378,80.2559204102,31948,31958,10
12.9972600937,80.2559127808,31958,31968,10
12.9969701767,80.2561035156,31968,31979,11
12.9968595505,80.2567367554,31979,31989,10
12.9968700409,80.2568511963,31989,31999,10
12.9968795776,80.2568817139,31999,32009,10
12.9968395233,80.25730896,32009,32019,10
12.9967403412,80.2580413818,32019,32029,10
12.9966402054,80.2588577271,32029,32039,10
12.9965496063,80.2596206665,32039,32049,10
12.9965000153,80.260383606,32049,32059,10
12.9964199066,80.2611083984,32059,32069,10
12.9963502884,80.2616882324,32069,32079,10
12.996339798,80.2618103027,32079,32090,11
12.9962997437,80.2621688843,32090,32100,10
12.9962596893,80.2623214722,32100,32110,10
12.996219635,80.2625198364,32110,32120,10
12.9961500168,80.2629928589,32120,32130,10
12.9961204529,80.2634429932,32130,32140,10
12.9960803986,80.2639770508,32140,32150,10
12.9960002899,80.2647171021,32150,32160,10
12.9959602356,80.2651977539,32160,32170,10
12.9959402084,80.265296936,32170,32180,10
12.995880127,80.2658233643,32180,32190,10
12.9958095551,80.2665405273,32190,32201,11
12.9957304001,80.2674179077,32201,32211,10
12.9962100983,80.2677383423,32211,32231,20
12.9962100983,80.2677383423,32231,32241,10
12.9965801239,80.2677993774,32241,32251,10
12.9972496033,80.2676467896,32251,32261,10
12.9980297089,80.2674026489,32261,32271,10
12.9988899231,80.2671585083,32271,32281,10
12.9997196198,80.2668991089,32281,32291,10
13.0000896454,80.2666625977,32291,32312,21
13.0000896454,80.2666625977,32312,32322,10
13.0001296997,80.2666091919,32322,32332,10
13.0002002716,80.266242981,32332,32342,10
13.0002498627,80.2658004761,32342,32352,10
13.0003099442,80.2657089233,32352,32362,10
13.0003795624,80.2658615112,32362,32372,10
13.0003004074,80.2661514282,32372,33401,1029
13.0003004074,80.2661514282,33401,33412,11
13.0003595352,80.2665710449,33412,33422,10
13.0003004074,80.2667388916,33422,33432,10
13.0001497269,80.2668685913,33432,33442,10
12.9996995926,80.2669906616,33442,33452,10
12.9991397858,80.2671279907,33452,33462,10
12.9986000061,80.267250061,33462,33472,10
12.9980602264,80.2674026489,33472,33482,10
12.9975099564,80.2675323486,33482,33492,10
12.9968996048,80.2677307129,33492,33502,10
12.9962301254,80.2677612305,33502,33512,10
12.9958200455,80.2677001953,33512,33523,11
12.9957103729,80.2676086426,33523,33533,10
12.9956998825,80.2673187256,33533,33553,20
12.9956998825,80.2673187256,33553,33563,10
12.9957199097,80.2672805786,33563,33573,10
12.9957504272,80.266960144,33573,33583,10
12.9958095551,80.266418457,33583,33593,10
12.995880127,80.2657928467,33593,33603,10
12.9959602356,80.2651367188,33603,33613,10
12.9960002899,80.2645111084,33613,33623,10
12.9960803986,80.2638092041,33623,33634,11
12.9961595535,80.2630462646,33634,33644,10
12.9962301254,80.2625732422,33644,33664,20
12.9962301254,80.2625732422,33664,33674,10
12.9963302612,80.262298584,33674,33684,10
12.996339798,80.2619094849,33684,33694,10
12.9963798523,80.2614898682,33694,33704,10
12.996430397,80.2608413696,33704,33714,10
12.9965200424,80.2601928711,33714,33724,10
12.9965295792,80.2594985962,33724,33745,21
12.9965295792,80.2594985962,33745,33755,10
12.996509552,80.2593994141,33755,33765,10
12.9965600967,80.2590484619,33765,33775,10
12.996629715,80.2585220337,33775,33785,10
12.9966897964,80.2578811646,33785,33795,10
12.9967803955,80.2572784424,33795,33805,10
12.9968595505,80.2567214966,33805,33815,10
12.9968795776,80.256187439,33815,33967,152
12.9968795776,80.256187439,33967,33977,10
12.9969501495,80.2559814453,33977,33987,10
12.9971399307,80.255859375,33987,33997,10
12.9977397919,80.2559204102,33997,34007,10
12.9984798431,80.2559814453,34007,34017,10
12.9988803864,80.2560424805,34017,34047,30
12.9988803864,80.2560424805,34047,34057,10
12.9992303848,80.2561035156,34057,34118,61
12.9992303848,80.2561035156,34118,34128,10
12.9994401932,80.2560806274,34128,34138,10
12.9999599457,80.2562026978,34138,34148,10
13.0006504059,80.256362915,34148,34158,10
13.0013599396,80.256477356,34158,34168,10
13.0020198822,80.2565765381,34168,34178,10
13.0027303696,80.2567214966,34178,34189,11
13.0031700134,80.2568435669,34189,34199,10
13.0036802292,80.2569503784,34199,34215,16
13.0049200058,80.2571563721,34215,34227,12
13.0059404373,80.2573394775,34227,34237,10
13.0062999725,80.2573928833,34237,34247,10
13.0063400269,80.2574081421,34247,34257,10
13.0064296722,80.2574234009,34257,34267,10
13.0066404343,80.2572784424,34267,34276,9
13.0065402985,80.2568130493,34276,34287,11
13.0065603256,80.2558670044,34287,34298,11
13.0066299438,80.2549819946,34298,34308,10
13.0066003799,80.2541275024,34308,34318,10
13.0066204071,80.2531661987,34318,34337,19
13.0066204071,80.2531661987,34337,34348,11
13.0065898895,80.2529983521,34348,34358,10
13.0065698624,80.2526321411,34358,34369,11
13.0066003799,80.2520599365,34369,34440,71
13.0066003799,80.2520599365,34440,34450,10
13.0065698624,80.2518692017,34450,34460,10
13.0066795349,80.2512969971,34460,34470,10
13.0067195892,80.250541687,34470,34480,10
13.0067501068,80.249671936,34480,34500,20
13.0067596436,80.249458313,34500,34521,21
13.0064897537,80.2494812012,34521,34581,60
13.0066995621,80.249458313,34581,34611,30
13.0066995621,80.249458313,34611,34621,10
13.0066699982,80.2492523193,34621,34632,11
13.0066795349,80.2487182617,34632,34642,10
13.0066699982,80.2484436035,34642,34652,10
13.0066404343,80.2481994629,34652,34662,10
13.0065603256,80.2479019165,34662,34904,242
13.0065603256,80.2479019165,34904,34914,10
13.0066900253,80.2474975586,34914,34924,10
13.0066900253,80.246963501,34924,34934,10
13.0066204071,80.2464904785,34934,34965,31
13.0066204071,80.2464904785,34965,34975,10
13.006649971,80.2462310791,34975,34985,10
13.0065898895,80.2456970215,34985,34995,10
13.0065603256,80.2451095581,34995,35005,10
13.0066204071,80.2445220947,35005,35015,10
13.0066299438,80.2441635132,35015,35025,10
13.0065898895,80.2434997559,35025,35035,10
13.0065498352,80.2428512573,35035,35045,10
13.0066099167,80.2416915894,35045,35066,21
13.0066099167,80.2416915894,35066,35076,10
13.0066003799,80.2413635254,35076,35086,10
13.0065603256,80.2409667969,35086,35096,10
13.0067396164,80.2403488159,35096,35106,10
13.0068101883,80.2396087646,35106,35116,10
13.0069904327,80.2387466431,35116,35126,10
13.0072002411,80.2379226685,35126,35136,10
13.0073604584,80.2372436523,35136,35146,10
13.0073795319,80.2368927002,35146,35156,10
13.0073900223,80.2368774414,35156,35166,10
13.0074796677,80.2367706299,35166,35177,11
13.0075597763,80.2363815308,35177,35187,10
13.0076799393,80.2357711792,35187,35197,10
13.0078401566,80.2349700928,35197,35207,10
13.008020401,80.2341003418,35207,35217,10
13.0081996918,80.2331390381,35217,35227,10
13.0083703995,80.2321090698,35227,35237,10
13.0085296631,80.231010437,35237,35247,10
13.0087604523,80.229888916,35247,35257,10
13.0090103149,80.228767395,35257,35267,10
13.0093402863,80.2277984619,35267,35277,10
13.0097999573,80.2268371582,35277,35288,11
13.0102796555,80.2258224487,35288,35298,10
13.01060009,80.2252502441,35298,35308,10
13.0107803345,80.2247009277,35308,35318,10
13.010840416,80.2243728638,35318,35328,10
13.0109796524,80.2241210938,35328,35338,10
13.0111598969,80.2236785889,35338,35348,10
13.0114297867,80.2230300903,35348,35358,10
13.0116500854,80.2222518921,35358,35368,10
13.0118198395,80.2215805054,35368,35378,10
13.0122900009,80.2214889526,35378,35388,10
13.0126399994,80.222038269,35388,35399,11
13.0131502151,80.2226791382,35399,35409,10
13.0137500763,80.2232894897,35409,35418,9
13.0141496658,80.2238082886,35418,35429,11
13.0146303177,80.2242889404,35429,35439,10
13.0151700974,80.2247695923,35439,35469,30
13.0151700974,80.2247695923,35469,35479,10
13.0154895782,80.2249526978,35479,35489,10
13.0157003403,80.2250976563,35489,35499,10
13.0157003403,80.225112915,35499,35510,11
13.0157804489,80.225227356,35510,35520,10
13.0161304474,80.2253570557,35520,35530,10
13.0167703629,80.2252502441,35530,35540,10
13.0174703598,80.2249603271,35540,35550,10
13.018239975,80.2246322632,35550,35560,10
13.0188598633,80.2243728638,35560,35570,10
13.0193099976,80.2242965698,35570,35580,10
13.0193195343,80.2242965698,35580,35590,10
13.0195198059,80.224357605,35590,35641,51
13.0195198059,80.224357605,35641,35651,10
13.0198297501,80.2245407104,35651,35661,10
13.0201997757,80.224822998,35661,35671,10
13.0207004547,80.2251663208,35671,35681,10
13.0210199356,80.225402832,35681,35691,10
13.0211696625,80.2255172729,35691,35701,10
13.0213899612,80.2257232666,35701,35711,10
13.0215597153,80.2258300781,35711,35721,10
13.0215797424,80.2258300781,35721,35732,11
13.0218400955,80.2259902954,35732,35742,10
13.0219402313,80.2260665894,35742,35752,10
13.0221099854,80.2262420654,35752,35762,10
13.0221204758,80.2262420654,35762,35772,10
13.0222501755,80.2263717651,35772,35782,10
13.0222997665,80.2264175415,35782,35792,10
13.0225200653,80.2266082764,35792,35812,20
13.0225200653,80.2266082764,35812,35822,10
13.0226697922,80.2267532349,35822,35832,10
13.0228099823,80.2269287109,35832,35843,11
13.0228300095,80.2269363403,35843,35853,10
13.0230998993,80.227180481,35853,35883,30
13.0230998993,80.227180481,35883,35893,10
13.0233802795,80.2274475098,35893,35903,10
13.023639679,80.2276382446,35903,35923,20
13.023639679,80.2276382446,35923,35933,10
13.023850441,80.2277374268,35933,35964,31
13.023850441,80.2277374268,35964,35974,10
13.0239496231,80.2278594971,35974,35984,10
13.0240898132,80.2279891968,35984,36004,20
13.0240898132,80.2279891968,36004,36014,10
13.0242595673,80.2282867432,36014,36024,10
13.0244197845,80.2285003662,36024,36034,10
13.0245895386,80.2287597656,36034,36044,10
13.0248699188,80.2291564941,36044,36054,10
13.0253000259,80.2296676636,36054,36065,11
13.0253801346,80.2297592163,36065,36075,10
13.025639534,80.2301177979,36075,36125,50
13.025639534,80.2301177979,36125,36135,10
13.0257301331,80.2303390503,36135,36145,10
13.0258598328,80.2305984497,36145,36155,10
13.0259599686,80.2309188843,36155,36166,11
13.0260400772,80.2313308716,36166,36176,10
13.0265302658,80.2312393188,36176,36186,10
13.0272903442,80.2310714722,36186,36196,10
13.0281200409,80.2309188843,36196,36206,10
13.0285196304,80.2308883667,36206,36216,10
13.0285596848,80.2308807373,36216,36226,10
13.0289802551,80.2308425903,36226,36236,10
13.0295600891,80.2308197021,36236,36262,26
13.0295600891,80.2308197021,36262,36274,12
13.029709816,80.2307815552,36274,36285,11
13.0303297043,80.23072052,36285,36295,10
13.0307998657,80.2306365967,36295,36315,20
13.0307998657,80.2306365967,36315,36325,10
13.0306797028,80.2303390503,36325,36335,10
13.0306196213,80.2300415039,36335,36345,10
13.0304403305,80.2295608521,36345,36354,9
13.0303401947,80.2291564941,36354,36365,11
13.0303897858,80.2284393311,36365,36374,9
13.030380249,80.228302002,36374,36386,12
13.0303897858,80.2280578613,36386,36396,10
13.0304298401,80.2277069092,36396,36406,10
13.0303001404,80.2274627686,36406,36416,10
13.0298500061,80.2274169922,36416,36426,10
13.029250145,80.2273483276,36426,36435,9
13.0287303925,80.2272262573,36435,36446,11
13.0285596848,80.2272186279,36446,36455,9
13.0282201767,80.2271575928,36455,36465,10
13.0280103683,80.2270202637,36465,36476,11
13.0280199051,80.2264480591,36476,36486,10
13.0281095505,80.2257766724,36486,36497,11
13.0282897949,80.2250137329,36497,36507,10
13.028380394,80.2243423462,36507,36517,10
13.0285797119,80.2240371704,36517,36527,10
13.0288095474,80.224029541,36527,36537,10
13.028960228,80.2241210938,36537,36547,10
13.0292596817,80.2242965698,36547,36557,10
13.0297002792,80.224281311,36557,36567,10
13.030380249,80.2242965698,36567,36577,10
13.0308704376,80.2242889404,36577,36587,10
13.0311899185,80.2241821289,36587,36604,17
13.031129837,80.2234191895,36604,36616,12
13.0311803818,80.2231369019,36616,36626,10
13.0311698914,80.2229537964,36626,36636,10
13.0312404633,80.2228088379,36636,36646,10
13.0314598083,80.2224731445,36646,36656,10
13.0316896439,80.2219085693,36656,36666,10
13.031920433,80.2214508057,36666,36676,10
13.032119751,80.2207489014,36676,36686,10
13.03221035,80.220123291,36686,36696,10
13.0322198868,80.2197875977,36696,36706,10
13.0322399139,80.2195587158,36706,36717,11
13.0322399139,80.2189102173,36717,36727,10
13.0319595337,80.2184295654,36727,36737,10
13.0315198898,80.2181167603,36737,36747,10
13.0314598083,80.2173309326,36747,36757,10
13.0313501358,80.2170028687,36757,36767,10
13.0310201645,80.2170181274,36767,36777,10
13.0305299759,80.2169570923,36777,36787,10
13.0304803848,80.2166595459,36787,36797,10
13.0304803848,80.2163925171,36797,36807,10
13.0304298401,80.2158889771,36807,36824,17
13.0304098129,80.2147903442,36824,36836,12
13.0304203033,80.2145309448,36836,36846,10
13.0304498672,80.2142105103,36846,36856,10
13.0305299759,80.2136993408,36856,36864,8
13.0305595398,80.213508606,36864,36876,12
13.0306301117,80.2130203247,36876,36886,10
13.0307397842,80.2123336792,36886,36896,10
13.03083992,80.2117004395,36896,36906,10
13.0309000015,80.2113876343,36906,36916,10
13.0309495926,80.2110214233,36916,36926,10
13.0310001373,80.2106323242,36926,36936,10
13.0310602188,80.2101669312,36936,36947,11
13.0309000015,80.2100372314,36947,36957,10
13.0305595398,80.2099609375,36957,36967,10
13.030090332,80.2098312378,36967,36977,10
13.0301799774,80.2092132568,36977,37098,121
13.0301799774,80.2092132568,37098,37108,10
13.0305204391,80.2090377808,37108,37118,10
13.0311002731,80.2092132568,37118,37128,10
13.0315198898,80.2093276978,37128,37138,10
13.0315303802,80.2093200684,37138,37148,10
13.0317201614,80.2092971802,37148,37159,11
13.0323200226,80.2093887329,37159,37169,10
13.033080101,80.2095413208,37169,37179,10
13.0339298248,80.209777832,37179,37189,10
13.0347499847,80.2099685669,37189,37199,10
13.0351800919,80.2096862793,37199,37209,10
13.0352602005,80.2090911865,37209,37219,10
13.035320282,80.2086410522,37219,37229,10
13.035320282,80.2086181641,37229,37239,10
13.035369873,80.2083587646,37239,37259,20
13.035369873,80.2083587646,37259,37270,11
13.0354404449,80.2077789307,37270,37280,10
13.0355396271,80.2070617676,37280,37290,10
13.0356502533,80.2062835693,37290,37300,10
13.0355195999,80.2059707642,37300,37310,10
13.0355501175,80.2056808472,37310,37320,10
13.0355596542,80.2055206299,37320,37330,10
13.0355596542,80.2054290771,37330,37340,10
13.0357398987,80.2052612305,37340,37350,10
13.0358896255,80.204826355,37350,37360,10
13.0359802246,80.2043075562,37360,37370,10
13.0360403061,80.203918457,37370,37381,11
13.0361299515,80.2031936646,37381,37391,10
13.036239624,80.2025299072,37391,37401,10
13.0363702774,80.2016372681,37401,37421,20
13.0363702774,80.2016372681,37421,37431,10
13.0364103317,80.2013397217,37431,37441,10
13.0365200043,80.2007522583,37441,37451,10
13.0366201401,80.2000579834,37451,37461,10
13.036740303,80.1990585327,37461,37471,10
13.0368099213,80.1985092163,37471,37481,10
13.0368204117,80.1985092163,37481,37492,11
13.0368404388,80.198387146,37492,37502,10
13.0368700027,80.1981811523,37502,37512,10
13.0369701385,80.1977615356,37512,37522,10
13.0370197296,80.1974716187,37522,37532,10
13.0371198654,80.1968994141,37532,37542,10
13.0371599197,80.1963806152,37542,37552,10
13.0371799469,80.1961212158,37552,37572,20
13.0371799469,80.1961212158,37572,37582,10
13.0371999741,80.1960601807,37582,37592,10
13.0372400284,80.1956710815,37592,37603,11
13.0373601913,80.1949234009,37603,37613,10
13.0374898911,80.1940765381,37613,37623,10
13.037610054,80.1932067871,37623,37633,10
13.0378799438,80.192779541,37633,37642,9
13.0382699966,80.192779541,37642,37653,11
13.0387802124,80.1928710938,37653,37663,10
13.0388202667,80.1928787231,37663,37673,10
13.0389299393,80.1929168701,37673,37683,10
13.0394096375,80.1929626465,37683,37693,10
13.0399198532,80.193069458,37693,37704,11
13.0404500961,80.1931381226,37704,37714,10
13.0415897369,80.193321228,37714,37724,10
13.0415897369,80.193321228,37724,37734,10
13.0418395996,80.1935424805,37734,37744,10
13.0417804718,80.1938781738,37744,37754,10
13.0417203903,80.1941299438,37754,37764,10
13.0416297913,80.1947021484,37764,37774,10
13.0415802002,80.1950302124,37774,37784,10
13.041560173,80.1952285767,37784,37796,12
13.041469574,80.1957626343,37796,37806,10
13.0413799286,80.1962509155,37806,37818,12
13.0413703918,80.1967086792,37818,37828,10
13.0413503647,80.1969070435,37828,37838,10
13.0412302017,80.1974487305,37838,37848,10
13.0411396027,80.198097229,37848,37858,10
13.0410499573,80.1987380981,37858,37868,10
13.0409803391,80.1991882324,37868,37878,10
13.0409297943,80.199256897,37878,37888,10
13.0408802032,80.1996231079,37888,37898,10
13.0408201218,80.200302124,37898,37908,10
13.0407104492,80.2010879517,37908,37918,10
13.0406103134,80.2018127441,37918,37929,11
13.0405502319,80.2022171021,37929,37939,10
13.040430069,80.2029418945,37939,37949,10
13.0402803421,80.2038269043,37949,37959,10
13.0401802063,80.2044296265,37959,37975,16
13.0402803421,80.2050170898,37975,37987,12
13.0406599045,80.2050933838,37987,37997,10
13.0412101746,80.2051773071,37997,38006,9
13.0412797928,80.2051925659,38006,38017,11
13.0416202545,80.2052307129,38017,38027,10
13.0422697067,80.2053527832,38027,38038,11
13.0427598953,80.2056427002,38038,38048,10
13.0431604385,80.2062606812,38048,38058,10
13.0436496735,80.2069168091,38058,38068,10
13.0440196991,80.2076416016,38068,38078,10
13.0441303253,80.2083892822,38078,38088,10
13.0441398621,80.2090072632,38088,38108,20
13.0441398621,80.2090072632,38108,38118,10
13.0441598892,80.2092971802,38118,38128,10
13.0441598892,80.2098007202,38128,38138,10
13.0442199707,80.2106323242,38138,38149,11
13.044260025,80.2116088867,38149,38159,10
13.0443096161,80.2119903564,38159,38219,60
13.0443096161,80.2119903564,38219,38229,10
13.0444202423,80.2121963501,38229,38239,10
13.0445404053,80.2122573853,38239,38249,10
13.0449800491,80.2122573853,38249,38260,11
13.0457801819,80.2122879028,38260,38270,10
13.0466499329,80.2122268677,38270,38300,30
13.0466499329,80.2122268677,38300,38310,10
13.0468301773,80.2122421265,38310,38360,50
13.0468301773,80.2122421265,38360,38371,11
13.04708004,80.2119064331,38371,38381,10
13.04708004,80.2118682861,38381,38391,10
13.04708004,80.2116470337,38391,38401,10
13.0470504761,80.211151123,38401,38411,10
13.0471000671,80.2107620239,38411,38421,10
13.0475597382,80.2107620239,38421,38431,10
13.0481100082,80.2108001709,38431,38441,10
13.048620224,80.2107772827,38441,38451,10
13.0492401123,80.2108230591,38451,38461,10
13.0495996475,80.2107696533,38461,38471,10
13.0496196747,80.2103118896,38471,38481,10
13.0495300293,80.2095718384,38481,38492,11
13.0493803024,80.2087097168,38492,38502,10
13.0491504669,80.2079315186,38502,38512,10
13.0489797592,80.2072296143,38512,38532,20
13.0489797592,80.2072296143,38532,38542,10
13.0491399765,80.2071228027,38542,38552,10
13.0489597321,80.2068634033,38552,38562,10
13.0490598679,80.2068099976,38562,38572,10
13.0492696762,80.2068328857,38572,38582,10
13.0493202209,80.2072067261,38582,38619,37
13.0493297577,80.2072067261,38619,38843,224
13.0493001938,80.2073287964,38843,38893,50
13.0493001938,80.2073287964,38893,38903,10
13.0489902496,80.2074737549,38903,38913,10
13.0491199493,80.2077865601,38913,38924,11
13.0493297577,80.208366394,38924,38934,10
13.0494604111,80.2089996338,38934,38944,10
13.0495996475,80.2096710205,38944,38954,10
13.0496997833,80.2104034424,38954,38964,10
13.0497503281,80.2109222412,38964,38974,10
13.0497999191,80.2114181519,38974,39055,81
13.0497999191,80.2114181519,39055,39065,10
13.0497598648,80.2115402222,39065,39075,10
13.0498304367,80.2116928101,39075,39085,10
13.0498600006,80.2118835449,39085,39095,10
13.0498800278,80.2119903564,39095,39105,10
13.049489975,80.2121582031,39105,39125,20
13.049489975,80.2121582031,39125,39135,10
13.0493497849,80.2121582031,39135,39146,11
13.0489501953,80.2121582031,39146,39156,10
13.0482997894,80.2121963501,39156,39166,10
13.047419548,80.212272644,39166,39176,10
13.0464496613,80.2123031616,39176,39186,10
13.045800209,80.2123031616,39186,39196,10
13.0457601547,80.2123184204,39196,39206,10
13.0455703735,80.2123413086,39206,39216,10
13.0451002121,80.212348938,39216,39226,10
13.0448303223,80.2123565674,39226,39236,10
13.0446796417,80.2123794556,39236,39247,11
13.0444498062,80.2124023438,39247,39257,10
13.044260025,80.2122573853,39257,39267,10
13.044210434,80.2117996216,39267,39277,10
13.0441904068,80.2109985352,39277,39287,10
13.0441598892,80.2101669312,39287,39297,10
13.0441102982,80.2093887329,39297,39307,10
13.0440797806,80.2089004517,39307,39317,10
13.0440998077,80.2089004517,39317,39327,10
13.0440797806,80.2086029053,39327,39337,10
13.0440502167,80.2079696655,39337,39347,10
13.0437602997,80.2071914673,39347,39357,10
13.0433101654,80.2065429688,39357,39368,11
13.0427598953,80.2058105469,39368,39378,10
13.0421199799,80.2053527832,39378,39388,10
13.0413599014,80.2052307129,39388,39398,10
13.0408296585,80.2051773071,39398,39408,10
13.0408000946,80.2051696777,39408,39418,10
13.0406103134,80.2051086426,39418,39428,10
13.0401496887,80.2050323486,39428,39438,10
13.0396003723,80.2049789429,39438,39448,10
13.0389795303,80.2049026489,39448,39458,10
13.0382995605,80.2048034668,39458,39468,10
13.0381402969,80.204750061,39468,39479,11
13.0381698608,80.2043075562,39479,39489,10
13.0382699966,80.2037200928,39489,39499,10
13.038359642,80.2031784058,39499,39509,10
13.0384397507,80.2024917603,39509,39519,10
13.0385198593,80.2018890381,39519,39529,10
13.0385904312,80.201499939,39529,39539,10
13.0386800766,80.2009277344,39539,39549,10
13.0387897491,80.2002563477,39549,39559,10
13.0388898849,80.1995620728,39559,39569,10
13.0389204025,80.199256897,39569,39579,10
13.0389499664,80.1989593506,39579,39590,11
13.0390796661,80.1982879639,39590,39600,10
13.0391902924,80.1976013184,39600,39610,10
13.0392599106,80.1969528198,39610,39650,40
13.0392599106,80.1969528198,39650,39660,10
13.0393695831,80.1964035034,39660,39670,10
13.0394201279,80.1959915161,39670,39680,10
13.0394802094,80.1954421997,39680,39690,10
13.039560318,80.1947402954,39690,39701,11
13.0396995544,80.193939209,39701,39711,10
13.0397996902,80.1932601929,39711,39721,10
13.0397996902,80.1931762695,39721,39731,10
13.0397901535,80.1930389404,39731,39741,10
13.0394897461,80.1929779053,39741,39751,10
13.0390996933,80.1929397583,39751,39761,10
13.0387401581,80.1929092407,39761,39771,10
13.038649559,80.1928863525,39771,39781,10
13.0384197235,80.1928482056,39781,39791,10
13.0379199982,80.192817688,39791,39801,10
13.0375995636,80.1931381226,39801,39812,11
13.0375003815,80.1939926147,39812,39822,10
13.0373697281,80.1949310303,39822,39838,16
13.0372600555,80.1960067749,39838,39850,12
13.0371999741,80.1960983276,39850,39860,10
13.0371704102,80.1963882446,39860,39869,9
13.0370597839,80.1970062256,39869,39881,12
13.0369701385,80.1977615356,39881,39891,10
13.0368795395,80.1983795166,39891,39901,10
13.0368499756,80.1986923218,39901,39911,10
13.0368204117,80.1987762451,39911,39922,11
13.0367498398,80.1992492676,39922,39932,10
13.036649704,80.1999588013,39932,39942,10
13.036529541,80.2007598877,39942,39952,10
13.0364704132,80.2012634277,39952,39962,10
13.0364398956,80.2014465332,39962,39972,10
13.0364303589,80.2018203735,39972,39992,20
13.0364303589,80.2018203735,39992,40002,10
13.0363903046,80.2019119263,40002,40012,10
13.0363197327,80.2023010254,40012,40022,10
13.0362300873,80.2028884888,40022,40033,11
13.0361499786,80.2034988403,40033,40043,10
13.0360803604,80.2039413452,40043,40053,10
13.0360097885,80.2044296265,40053,40063,10
13.0359201431,80.2050170898,40063,40073,10
13.0358295441,80.2056808472,40073,40083,10
13.0358400345,80.2057876587,40083,40093,10
13.0357999802,80.2059173584,40093,40103,10
13.0357198715,80.2064437866,40103,40113,10
13.035610199,80.2071990967,40113,40123,10
13.0354995728,80.2079620361,40123,40133,10
13.0354404449,80.2083969116,40133,40154,21
13.0354404449,80.2083969116,40154,40164,10
13.035369873,80.2088012695,40164,40174,10
13.0352802277,80.2093200684,40174,40184,10
13.0352201462,80.2097320557,40184,40194,10
13.0352296829,80.2097473145,40194,40204,10
13.0351896286,80.210067749,40204,40214,10
13.0351495743,80.2103729248,40214,40224,10
13.0349903107,80.2107086182,40224,40234,10
13.0348997116,80.2112197876,40234,40244,10
13.0347995758,80.2118225098,40244,40255,11
13.0343904495,80.212097168,40255,40265,10
13.0337295532,80.2120513916,40265,40275,10
13.033080101,80.2119598389,40275,40285,10
13.0325603485,80.2119369507,40285,40295,10
13.0325403214,80.2119293213,40295,40305,10
13.0323400497,80.2118606567,40305,40315,10
13.031920433,80.2117614746,40315,40325,10
13.0319004059,80.2113876343,40325,40335,10
13.031999588,80.2107391357,40335,40345,10
13.0320901871,80.2101593018,40345,40355,10
13.032119751,80.2098999023,40355,40366,11
13.0318098068,80.209602356,40366,40376,10
13.0312004089,80.2093734741,40376,40386,10
13.0306196213,80.2092208862,40386,40396,10
13.0302801132,80.2091217041,40396,40426,30
13.0302801132,80.2091217041,40426,40436,10
13.0300998688,80.2091217041,40436,40446,10
13.0300598145,80.2093963623,40446,40456,10
13.0300397873,80.2094573975,40456,40466,10
13.0300102234,80.2096099854,40466,40477,11
13.0300502777,80.2097396851,40477,40487,10
13.0303602219,80.2098236084,40487,40497,10
13.0308704376,80.2099533081,40497,40507,10
13.0310001373,80.2101516724,40507,40517,10
13.0310001373,80.2105178833,40517,40527,10
13.0309095383,80.2110900879,40527,40536,9
13.0308704376,80.2113418579,40536,40546,10
13.0308103561,80.2117462158,40546,40557,11
13.0306997299,80.2122802734,40557,40567,10
13.0306196213,80.2129592896,40567,40577,10
13.0305404663,80.2135620117,40577,40588,11
13.0304899216,80.2138900757,40588,40598,10
13.0303602219,80.2147216797,40598,40618,20
13.0303602219,80.2147216797,40618,40628,10
13.0303297043,80.2148590088,40628,40638,10
13.0303497314,80.2153396606,40638,40648,10
13.030380249,80.2158966064,40648,40658,10
13.0304002762,80.2166213989,40658,40668,10
13.0306196213,80.2169418335,40668,40678,10
13.0307102203,80.2169799805,40678,40688,10
13.03083992,80.2169799805,40688,40699,11
13.0312595367,80.2169494629,40699,40709,10
13.0314903259,80.2171707153,40709,40719,10
13.0315103531,80.2177581787,40719,40729,10
13.0317802429,80.2183685303,40729,40739,10
13.0322504044,80.2184906006,40739,40749,10
13.0322504044,80.2190170288,40749,40759,10
13.0322399139,80.2196731567,40759,40769,10
13.0322504044,80.2201919556,40769,40779,10
13.0322399139,80.2203979492,40779,40789,10
13.0321798325,80.220489502,40789,40799,10
13.0320796967,80.2209091187,40799,40810,11
13.0319404602,80.2215576172,40810,40820,10
13.0316896439,80.222038269,40820,40830,10
13.0314302444,80.2225112915,40830,40840,10
13.0312595367,80.2228469849,40840,40850,10
13.0312004089,80.2238616943,40850,40870,20
13.0312004089,80.2238616943,40870,40880,10
13.0312204361,80.2241821289,40880,40890,10
13.0311002731,80.2243270874,40890,40900,10
13.030670166,80.224319458,40900,40910,10
13.0300302505,80.2242965698,40910,40921,11
13.0292901993,80.224281311,40921,40931,10
13.0290603638,80.2242279053,40931,40941,10
13.0290203094,80.2241821289,40941,40951,10
13.0287399292,80.224067688,40951,40961,10
13.0284900665,80.2242507935,40961,40971,10
13.0283498764,80.224899292,40971,40981,10
13.0282201767,80.2255706787,40981,40991,10
13.0280799866,80.2262268066,40991,41001,10
13.0279798508,80.2268218994,41001,41011,10
13.0280199051,80.2270507813,41011,41021,10
13.0285596848,80.2270812988,41021,41042,21
13.0285596848,80.2270812988,41042,41052,10
13.0289402008,80.2271499634,41052,41062,10
13.0294799805,80.2272186279,41062,41072,10
13.0300302505,80.2273025513,41072,41082,10
13.0303697586,80.2273788452,41082,41092,10
13.0304203033,80.2276916504,41092,41102,10
13.0303897858,80.2280273438,41102,41112,10
13.0303697586,80.2281265259,41112,41122,10
13.0303297043,80.2285308838,41122,41132,10
13.03028965,80.2289581299,41132,41143,11
13.0303096771,80.2293701172,41143,41153,10
13.0305099487,80.2298278809,41153,41163,10
13.0306301117,80.230140686,41163,41173,10
13.0306797028,80.2304382324,41173,41183,10
13.0306997299,80.2306518555,41183,41193,10
13.030380249,80.2307434082,41193,41213,20
13.030380249,80.2307434082,41213,41223,10
13.0302095413,80.230758667,41223,41233,10
13.02987957,80.2307891846,41233,41243,10
13.0298500061,80.230796814,41243,41254,11
13.0294399261,80.2308578491,41254,41264,10
13.0288496017,80.2309188843,41264,41274,10
13.0282201767,80.2309875488,41274,41284,10
13.0276699066,80.2310562134,41284,41294,10
13.0275697708,80.2314300537,41294,41304,10
13.0277204514,80.2320785522,41304,41314,10
13.0275802612,80.2328796387,41314,41324,10
13.0275201797,80.2329025269,41324,41344,20
13.0275201797,80.2329025269,41344,41354,10
13.0272903442,80.2329406738,41354,41365,11
13.0270395279,80.2329864502,41365,41375,10
13.0267496109,80.2329864502,41375,41397,22
13.0267496109,80.2329864502,41397,41407,10
13.026599884,80.233001709,41407,41417,10
13.026550293,80.233001709,41417,41426,9
13.0263900757,80.2328109741,41426,41437,11
13.026260376,80.2323989868,41437,41447,10
13.0261697769,80.2320404053,41447,41457,10
13.0261096954,80.2317733765,41457,41468,11
13.0259799957,80.2314071655,41468,41479,11
13.0257501602,80.2306289673,41479,41489,10
13.0252799988,80.229888916,41489,41499,10
13.024889946,80.2294006348,41499,41509,10
13.0247402191,80.2292327881,41509,41519,10
13.0245599747,80.2290267944,41519,41529,10
13.024140358,80.2285003662,41529,41559,30
13.024140358,80.2285003662,41559,41569,10
13.024140358,80.2283782959,41569,41585,16
13.0236701965,80.2278671265,41585,41598,13
13.0230703354,80.2272415161,41598,41608,10
13.0224504471,80.2266769409,41608,41618,10
13.0217504501,80.2261123657,41618,41627,9
13.0211400986,80.2256393433,41627,41638,11
13.0201501846,80.2249069214,41638,41648,10
13.0192604065,80.2244491577,41648,41658,10
13.0181303024,80.2247314453,41658,41668,10
13.0171403885,80.2251281738,41668,41678,10
13.0165100098,80.225402832,41678,41688,10
13.0161104202,80.2255477905,41688,41699,11
13.0156002045,80.2257385254,41699,41709,10
13.0151796341,80.2259368896,41709,41719,10
13.0150203705,80.226020813,41719,41729,10
13.0147199631,80.2261199951,41729,41739,10
13.0141897202,80.2263412476,41739,41759,20
13.0141897202,80.2263412476,41759,41769,10
13.0139398575,80.2264404297,41769,41779,10
13.0133600235,80.2266235352,41779,41789,10
13.0128803253,80.2267990112,41789,41799,10
13.0122203827,80.2270584106,41799,41810,11
13.0114498138,80.2273712158,41810,41820,10
13.0106601715,80.2276916504,41820,41830,10
13.010020256,80.2279510498,41830,41840,10
13.0097198486,80.2280578613,41840,41850,10
13.0092401505,80.2283172607,41850,41860,10
13.0090398788,80.2290878296,41860,41870,10
13.0088596344,80.2300033569,41870,41880,10
13.0086603165,80.2309799194,41880,41890,10
13.0084600449,80.2320098877,41890,41900,10
13.0082798004,80.2330093384,41900,41910,10
13.0082397461,80.2335891724,41910,41921,11
13.0082397461,80.2336196899,41921,41931,10
13.0081701279,80.2337799072,41931,41941,10
13.008020401,80.2343215942,41941,41951,10
13.0078697205,80.2350692749,41951,41961,10
13.0076799393,80.2359771729,41961,41971,10
13.0074996948,80.236907959,41971,41981,10
13.0073003769,80.2377700806,41981,41991,10
13.0072097778,80.2384719849,41991,42001,10
13.0070896149,80.2390518188,42001,42011,10
13.0070495605,80.239151001,42011,42021,10
13.0070800781,80.2392578125,42021,42032,11
13.0070695877,80.2393188477,42032,42042,10
13.0069904327,80.2397232056,42042,42052,10
13.0069198608,80.2400665283,42052,42173,121
13.0069198608,80.2400665283,42173,42183,10
13.0068998337,80.2402877808,42183,42193,10
13.0068502426,80.2406387329,42193,42203,10
13.0068101883,80.2408065796,42203,42213,10
13.0067996979,80.2408218384,42213,42223,10
13.0067501068,80.2411727905,42223,42233,10
13.0067300797,80.2418365479,42233,42243,10
13.0067396164,80.242477417,42243,42254,11
13.0067300797,80.2428970337,42254,42264,10
13.0067100525,80.243347168,42264,42294,30
13.0067100525,80.243347168,42294,42304,10
13.0066995621,80.2437515259,42304,42314,10
13.0066900253,80.2437591553,42314,42324,10
13.0066795349,80.2439117432,42324,42334,10
13.0066604614,80.2442169189,42334,42344,10
13.0066604614,80.2445907593,42344,42354,10
13.0066795349,80.2451324463,42354,42365,11
13.0066900253,80.2456512451,42365,42375,10
13.0066900253,80.2457809448,42375,42385,10
13.0067300797,80.2460174561,42385,42395,10
13.0067396164,80.2464828491,42395,42405,10
13.0067195892,80.2471313477,42405,42415,10
13.0067100525,80.2479019165,42415,42425,10
13.006770134,80.2487792969,42425,42435,10
13.0068798065,80.2495880127,42435,42455,20
13.0068798065,80.2495880127,42455,42465,10
13.0068902969,80.2498168945,42465,42476,11
13.0068502426,80.2503585815,42476,42486,10
13.0068302155,80.2512969971,42486,42526,40
13.0068302155,80.2512969971,42526,42536,10
13.006770134,80.2514190674,42536,42546,10
13.0066995621,80.251739502,42546,42556,10
13.0065698624,80.2523880005,42556,42566,10
13.0065402985,80.253112793,42566,42576,10
13.0065498352,80.2539520264,42576,42587,11
13.0065803528,80.2551269531,42587,42607,20
13.0065803528,80.2551269531,42607,42617,10
13.0065803528,80.255317688,42617,42627,10
13.0066099167,80.2558898926,42627,42637,10
13.0066099167,80.2565765381,42637,42647,10
13.0066204071,80.2571105957,42647,42657,10
13.0066003799,80.257522583,42657,42667,10
13.0062999725,80.2574615479,42667,42677,10
13.005900383,80.2574310303,42677,42687,10
13.0054197311,80.2573165894,42687,42698,11
13.0048503876,80.2571487427,42698,42708,10
13.0041599274,80.2570266724,42708,42718,10
13.003569603,80.2569122314,42718,42728,10
13.0029802322,80.2567520142,42728,42748,20
13.0029802322,80.2567520142,42748,42758,10
13.0027704239,80.256729126,42758,42768,10
13.0024299622,80.2566604614,42768,42778,10
13.0020599365,80.2566375732,42778,42788,10
13.0015096664,80.2565994263,42788,42847,59
13.0011501312,80.256690979,42847,42867,20
13.0011501312,80.256690979,42867,42877,10
13.0009202957,80.2565536499,42877,42887,10
13.0004997253,80.256439209,42887,42897,10
13.000120163,80.2563171387,42897,42907,10
12.9997196198,80.256187439,42907,42948,41
12.9997196198,80.256187439,42948,42958,10
12.9993000031,80.2561569214,42958,42968,10
12.9987001419,80.2560501099,42968,42978,10
12.9979896545,80.2560424805,42978,42988,10
12.9978399277,80.2560272217,42988,42998,10
12.9977502823,80.256111145,42998,43008,10
12.997759819,80.2563400269,43008,43018,10
12.9977798462,80.2567520142,43018,43029,11
12.9975996017,80.2569122314,43029,43119,90
12.9975996017,80.2569122314,43119,43129,10
12.997590065,80.2568969727,43129,43160,31
12.997590065,80.2568969727,43160,43170,10
12.997590065,80.2567825317,43170,43180,10
12.9976797104,80.2562408447,43180,43200,20
12.9976797104,80.2562408447,43200,43210,10
12.997590065,80.2559967041,43210,43220,10
12.9972801208,80.2559585571,43220,43230,10
12.9970397949,80.2560806274,43230,43240,10
12.9969301224,80.2565765381,43240,43250,10
12.9968795776,80.2568664551,43250,43261,11
12.9968795776,80.2570571899,43261,43271,10
12.9968099594,80.2575378418,43271,43281,10
12.9967002869,80.2581787109,43281,43297,16
12.9966096878,80.2590179443,43297,43309,12
12.996509552,80.2596282959,43309,43317,8
12.9964504242,80.2599411011,43317,43329,12
12.9964103699,80.2602920532,43329,43339,10
12.996430397,80.2605285645,43339,43349,10
12.9963903427,80.2610702515,43349,43359,10
12.9962596893,80.26171875,43359,43370,11
12.9962396622,80.2622299194,43370,43380,10
12.996219635,80.2623977661,43380,43390,10
12.9961900711,80.2624588013,43390,43400,10
12.9961395264,80.262840271,43400,43410,10
12.9960899353,80.2632598877,43410,43420,10
12.9960603714,80.2638702393,43420,43430,10
12.9960098267,80.2645874023,43430,43440,10
12.995880127,80.2654571533,43440,43450,10
12.9958295822,80.2664794922,43450,43460,10
12.9957103729,80.2674331665,43460,43470,10
12.9960803986,80.2676696777,43470,43481,11
12.9962701797,80.2677001953,43481,43491,10
12.9966802597,80.2677230835,43491,43501,10
12.9973697662,80.2675933838,43501,43511,10
12.9979801178,80.2674179077,43511,43521,10
12.9984998703,80.267288208,43521,43531,10
12.9992103577,80.2670593262,43531,43541,10
13.0001001358,80.2665176392,43541,43561,20
13.0001001358,80.2665176392,43561,43571,10
13.000169754,80.2662582397,43571,43581,10
13.0002603531,80.2658462524,43581,43592,11
13.0002803802,80.2658233643,43592,43602,10
13.0003795624,80.2658691406,43602,43612,10
13.0003004074,80.266242981,43612,43763,151
13.0003004074,80.266242981,43763,43773,10
13.0003595352,80.2663574219,43773,43783,10
13.0003099442,80.2665710449,43783,43793,10
13.0002603531,80.2667312622,43793,43803,10
13.0000200272,80.2668914795,43803,43814,11
12.999420166,80.2670822144,43814,43824,10
12.9987697601,80.2672805786,43824,43834,10
12.9982700348,80.2674026489,43834,43844,10
12.9977302551,80.2675476074,43844,43854,10
12.9970598221,80.2677383423,43854,43864,10
12.9963302612,80.2677536011,43864,43874,10
12.9957799911,80.2676925659,43874,43884,10
12.9957304001,80.2674179077,43884,43914,30
12.9957304001,80.2674179077,43914,43925,11
12.9957799911,80.267326355,43925,43935,10
12.9958295822,80.2669525146,43935,43945,10
12.995880127,80.2663192749,43945,43955,10
12.9959697723,80.265586853,43955,43965,10
12.9960298538,80.2649002075,43965,43975,10
12.9960899353,80.264289856,43975,43985,10
12.9961595535,80.2635726929,43985,43995,10
12.9962301254,80.2626495361,43995,44015,20
12.9962301254,80.2626495361,44015,44025,10
12.9962396622,80.2624893188,44025,44036,11
12.9962797165,80.2620315552,44036,44046,10
12.9963302612,80.2614822388,44046,44056,10
12.9963998795,80.2608184814,44056,44066,10
12.9965000153,80.2603683472,44066,44076,10
12.9965496063,80.2599334717,44076,44086,10
12.9965801239,80.2596511841,44086,44096,10
12.9965600967,80.2595291138,44096,44106,10
12.9965295792,80.2593765259,44106,44116,10
12.9966201782,80.2589187622,44116,44126,10
12.9967002869,80.2583007813,44126,44136,10
12.9967403412,80.2575836182,44136,44147,11
12.9968795776,80.2563476563,44147,44237,90
12.9968795776,80.2563476563,44237,44247,10
12.9969301224,80.2561416626,44247,44258,11
12.9971399307,80.2559204102,44258,44268,10
12.9976797104,80.2559432983,44268,44278,10
12.9982404709,80.2559967041,44278,44288,10
12.9987802505,80.2560577393,44288,44318,30
12.9987802505,80.2560577393,44318,44328,10
12.9992904663,80.2561035156,44328,44379,51
12.9992904663,80.2561035156,44379,44395,16
12.9996700287,80.256187439,44395,44407,12
13.0003700256,80.256362915,44407,44417,10
13.0010995865,80.2564926147,44417,44427,10
13.0017795563,80.256652832,44427,44437,10
13.0025901794,80.256729126,44437,44447,10
13.0033502579,80.2568969727,44447,44457,10
13.0040502548,80.2570495605,44457,44467,10
13.0047597885,80.2571868896,44467,44478,11
13.0056600571,80.2573394775,44478,44487,9
13.0062398911,80.2574615479,44487,44499,12
13.0065002441,80.25756073,44499,44519,20
13.0065002441,80.25756073,44519,44529,10
13.0065498352,80.25730896,44529,44539,10
13.0064897537,80.256980896,44539,44549,10
13.0064601898,80.256362915,44549,44559,10
13.0064897537,80.2556381226,44559,44569,10
13.0065402985,80.2550125122,44569,44579,10
13.0065002441,80.2542572021,44579,44590,11
13.0065002441,80.2532806396,44590,44610,20
13.0065002441,80.2532806396,44610,44620,10
13.0065202713,80.2530136108,44620,44630,10
13.006529808,80.2524414063,44630,44680,50
13.006529808,80.2524414063,44680,44690,10
13.0066003799,80.2521591187,44690,44701,11
13.0066003799,80.2515792847,44701,44711,10
13.0066995621,80.2507705688,44711,44721,10
13.0068101883,80.2497024536,44721,44741,20
13.0068101883,80.2497024536,44741,44751,10
13.006819725,80.2493972778,44751,44761,10
13.006770134,80.2488327026,44761,44812,51
13.006770134,80.2488327026,44812,44822,10
13.0066995621,80.2486495972,44822,44832,10
13.0066604614,80.2483673096,44832,44842,10
13.0066604614,80.2481002808,44842,44852,10
13.0066404343,80.2479095459,44852,44912,60
13.0066299438,80.2478637695,44912,44923,11
13.0066299438,80.2478637695,44923,44933,10
13.0066099167,80.2475128174,44933,44943,10
13.0065803528,80.2467269897,44943,44973,30
13.0065803528,80.2467269897,44973,44984,11
13.006649971,80.2463531494,44984,44994,10
13.0066604614,80.2457427979,44994,45005,11
13.0066099167,80.2451095581,45005,45015,10
13.006529808,80.2446975708,45015,45025,10
13.0065603256,80.244430542,45025,45036,11
13.0065698624,80.2440414429,45036,45046,10
13.0065202713,80.243637085,45046,45056,10
13.0065498352,80.2430801392,45056,45066,10
13.0065898895,80.2423324585,45066,45076,10
13.0066099167,80.2418899536,45076,45086,10
13.0066099167,80.2418212891,45086,45096,10
13.0065803528,80.2414779663,45096,45106,10
13.0065402985,80.241027832,45106,45116,10
13.0066099167,80.2407226563,45116,45126,10
13.0067501068,80.2401275635,45126,45137,11
13.007060051,80.2393035889,45137,45147,10
13.0071401596,80.2383422852,45147,45157,10
13.0073003769,80.2375411987,45157,45167,10
13.0073900223,80.2369232178,45167,45187,20
13.0073900223,80.2369232178,45187,45197,10
13.0074596405,80.2366485596,45197,45207,10
13.0075597763,80.2362136841,45207,45217,10
13.0076599121,80.2356796265,45217,45233,16
13.0078001022,80.2350006104,45233,45245,12
13.007900238,80.2344665527,45245,45256,11
13.0080299377,80.2337875366,45256,45266,10
13.0082197189,80.2329788208,45266,45276,10
13.0083904266,80.2320022583,45276,45286,10
13.0085601807,80.2310409546,45286,45296,10
13.008769989,80.2301025391,45296,45306,10
13.0089702606,80.229133606,45306,45316,10
13.0091896057,80.2281723022,45316,45326,10
13.0095596313,80.2273330688,45326,45336,10
13.0099802017,80.226348877,45336,45346,10
13.0103998184,80.2256011963,45346,45356,10
13.0107402802,80.224822998,45356,45367,11
13.0110397339,80.2239074707,45367,45387,20
13.0110397339,80.2239074707,45387,45397,10
13.0109596252,80.2233963013,45397,45407,10
13.0112895966,80.2228088379,45407,45417,10
13.011639595,80.2220993042,45417,45427,10
13.0120401382,80.2215118408,45427,45437,10
13.0123901367,80.2215118408,45437,45447,10
13.0127096176,80.2219772339,45447,45457,10
13.0131196976,80.2224807739,45457,45467,10
13.0136499405,80.2230377197,45467,45478,11
13.0142097473,80.2236862183,45478,45488,10
13.0146598816,80.2244033813,45488,45498,10
13.0150995255,80.2246627808,45498,45508,10
13.0154895782,80.2250213623,45508,45528,20
13.0154895782,80.2250213623,45528,45538,10
13.0155200958,80.2251281738,45538,45548,10
13.0159196854,80.2253570557,45548,45558,10
13.0166196823,80.2252883911,45558,45568,10
13.0173797607,80.2249679565,45568,45584,16
13.0192804337,80.2242965698,45584,45617,33
13.0192804337,80.2242965698,45617,45627,10
13.019370079,80.2243118286,45627,45637,10
13.0195503235,80.2244415283,45637,45647,10
13.0198202133,80.224609375,45647,45657,10
13.0202102661,80.2249069214,45657,45667,10
13.0207395554,80.2252883911,45667,45677,10
13.0212097168,80.2256393433,45677,45687,10
13.0218296051,80.2261199951,45687,45698,11
13.0224599838,80.2266464233,45698,45708,10
13.0231103897,80.2272186279,45708,45718,10
13.0236902237,80.2277374268,45718,45728,10
13.0240001678,80.2280273438,45728,45738,10
13.0241804123,80.2282867432,45738,45748,10
13.0245199203,80.2287521362,45748,45758,10
13.0248003006,80.2291564941,45758,45768,10
13.0252504349,80.2296981812,45768,45778,10
13.0256500244,80.2302627563,45778,45788,10
13.0257501602,80.2304077148,45788,45798,10
13.0257997513,80.2305297852,45798,45809,11
13.0259304047,80.2309188843,45809,45819,10
13.0259895325,80.231262207,45819,45829,10
13.0263996124,80.2312088013,45829,45839,10
13.0270900726,80.231048584,45839,45849,10
13.0276498795,80.2309188843,45849,45859,10
13.028169632,80.2309036255,45859,45875,16
13.0284204483,80.2308807373,45875,45887,12
13.0286197662,80.2308502197,45887,45895,8
13.0291700363,80.2308120728,45895,45928,33
13.0291700363,80.2308120728,45928,45938,10
13.0293998718,80.230796814,45938,45948,10
13.0298404694,80.2307434082,45948,45958,10
13.0304698944,80.2306900024,45958,45969,11
13.0306997299,80.2306289673,45969,45979,10
13.0306997299,80.2306213379,45979,45989,10
13.0306797028,80.2304534912,45989,45999,10
13.0305500031,80.2300796509,45999,46009,10
13.0303201675,80.2295227051,46009,46019,10
13.0302696228,80.2288589478,46019,46030,11
13.0302696228,80.2283401489,46030,46040,10
13.0302696228,80.228302002,46040,46050,10
13.0302600861,80.2282028198,46050,46060,10
13.0302400589,80.2278671265,46060,46070,10
13.0303001404,80.2276382446,46070,46080,10
13.0302696228,80.2274780273,46080,46090,10
13.0298595428,80.2274017334,46090,46100,10
13.0293903351,80.2273025513,46100,46110,10
13.028960228,80.2272567749,46110,46120,10
13.0287303925,80.2272033691,46120,46130,10
13.0284404755,80.2271270752,46130,46141,11
13.0281000137,80.2270126343,46141,46151,10
13.0280599594,80.2266235352,46151,46161,10
13.0280399323,80.2262191772,46161,46171,10
13.028169632,80.2256088257,46171,46181,10
13.0283098221,80.2247390747,46181,46191,10
13.0286903381,80.2240066528,46191,46221,30
13.0286903381,80.2240066528,46221,46231,10
13.0288496017,80.2240524292,46231,46241,10
13.0291404724,80.2242584229,46241,46252,11
13.0298404694,80.2242736816,46252,46262,10
13.0306196213,80.224281311,46262,46272,10
13.0311603546,80.2241973877,46272,46282,10
13.031080246,80.2237625122,46282,46292,10
13.0311002731,80.2232818604,46292,46302,10
13.0311498642,80.22315979,46302,46312,10
13.0311603546,80.2229385376,46312,46322,10
13.0313396454,80.2225112915,46322,46332,10
13.0315999985,80.2219772339,46332,46342,10
13.0318899155,80.2214279175,46342,46352,10
13.0320196152,80.2208404541,46352,46363,11
13.032119751,80.2198410034,46363,46383,20
13.032119751,80.2198410034,46383,46393,10
13.0321598053,80.2194366455,46393,46403,10
13.0321798325,80.2188110352,46403,46413,10
13.0318803787,80.218460083,46413,46423,10
13.0314998627,80.2181625366,46423,46433,10
13.0314302444,80.2174682617,46433,46443,10
13.0313396454,80.2170562744,46443,46453,10
13.031129837,80.2170028687,46453,46463,10
13.0307502747,80.2169876099,46463,46474,11
13.0305204391,80.2167434692,46474,46484,10
13.030500412,80.2166900635,46484,46494,10
13.0303602219,80.2162780762,46494,46504,10
13.0302801132,80.2159423828,46504,46514,10
13.0302400589,80.2153320313,46514,46524,10
13.0303602219,80.2145614624,46524,46544,20
13.0303602219,80.2145614624,46544,46554,10
13.030380249,80.2142410278,46554,46564,10
13.0304403305,80.213760376,46564,46575,11
13.0304803848,80.2134933472,46575,46585,10
13.0305500031,80.2130203247,46585,46595,10
13.0306501389,80.212348938,46595,46605,10
13.0306901932,80.2117996216,46605,46614,9
13.0307598114,80.2115707397,46614,46625,11
13.0308303833,80.2111129761,46625,46635,10
13.0308599472,80.2109375,46635,46645,10
13.0309400558,80.2104034424,46645,46655,10
13.0309400558,80.2103424072,46655,46665,10
13.0309801102,80.2101364136,46665,46675,10
13.0308504105,80.2100372314,46675,46685,10
13.0304498672,80.2099304199,46685,46696,11
13.0301198959,80.2096786499,46696,46706,10
13.0301303864,80.2092895508,46706,46716,10
13.0303497314,80.2090377808,46716,46726,10
13.0309095383,80.2091903687,46726,46736,10
13.031539917,80.2093734741,46736,46756,20
13.031539917,80.2093734741,46756,46766,10
13.0319004059,80.2093582153,46766,46776,10
13.0320596695,80.2094116211,46776,46786,10
13.0324296951,80.209487915,46786,46797,11
13.0332698822,80.2096786499,46797,46807,10
13.0341596603,80.2098388672,46807,46817,10
13.0349903107,80.2099533081,46817,46827,10
13.035200119,80.2094421387,46827,46837,10
13.0352497101,80.2088775635,46837,46847,10
13.0352802277,80.2087936401,46847,46857,10
13.035320282,80.2087020874,46857,46867,10
13.0353498459,80.2082901001,46867,46877,10
13.0354299545,80.207611084,46877,46887,10
13.0355501175,80.2067565918,46887,46897,10
13.0356197357,80.2060928345,46897,46907,10
13.0356702805,80.2057113647,46907,46924,17
13.0357198715,80.205368042,46924,46936,12
13.0357503891,80.205116272,46936,46946,10
13.0358400345,80.2046813965,46946,46956,10
13.035949707,80.2041091919,46956,46966,10
13.0360097885,80.2035522461,46966,46976,10
13.0361099243,80.2029190063,46976,46986,10
13.0362195969,80.2021636963,46986,46996,10
13.0362796783,80.2017593384,46996,47006,10
13.0362997055,80.2015762329,47006,47016,10
13.036359787,80.201171875,47016,47027,11
13.0364398956,80.2005081177,47027,47037,10
13.0365104675,80.1998596191,47037,47046,9
13.0366201401,80.1992111206,47046,47057,11
13.0367002487,80.1986694336,47057,47066,9
13.0367202759,80.198638916,47066,47077,11
13.0367803574,80.1982727051,47077,47087,10
13.0368795395,80.1976165771,47087,47097,10
13.0369796753,80.1969070435,47097,47107,10
13.0370597839,80.1964569092,47107,47117,10
13.0370798111,80.1964416504,47117,47128,11
13.0371398926,80.1960220337,47128,47138,10
13.037229538,80.1953277588,47138,47148,10
13.0373401642,80.194480896,47148,47158,10
13.0374603271,80.193611145,47158,47168,10
13.037560463,80.1930007935,47168,47178,10
13.0375900269,80.1928863525,47178,47188,10
13.0378303528,80.192779541,47188,47208,20
13.0378303528,80.192779541,47208,47218,10
13.0381803513,80.1927337646,47218,47228,10
13.0383701324,80.1927566528,47228,47238,10
13.0385904312,80.1927871704,47238,47249,11
13.0387201309,80.1928100586,47249,47259,10
13.038860321,80.1928405762,47259,47269,10
13.0391998291,80.1928787231,47269,47279,10
13.0395803452,80.1929397583,47279,47289,10
13.0397901535,80.1930007935,47289,47299,10
13.0403604507,80.1930465698,47299,47309,10
13.0410003662,80.1931228638,47309,47319,10
13.0415697098,80.1932296753,47319,47329,10
13.0417404175,80.1934967041,47329,47339,10
13.041680336,80.1938095093,47339,47350,11
13.0416402817,80.1940383911,47350,47360,10
13.0415296555,80.1945571899,47360,47370,10
13.0414199829,80.1952972412,47370,47380,10
13.041270256,80.1957931519,47380,47390,10
13.0411195755,80.1962127686,47390,47400,10
13.0411996841,80.1965789795,47400,47410,10
13.0412597656,80.1968231201,47410,47420,10
13.0411195755,80.1971511841,47420,47430,10
13.0410604477,80.1976165771,47430,47440,10
13.041009903,80.1982574463,47440,47450,10
13.0408201218,80.1993637085,47450,47471,21
13.0408201218,80.1993637085,47471,47481,10
13.0408401489,80.1995925903,47481,47491,10
13.0408296585,80.1997528076,47491,47501,10
13.0406999588,80.2002105713,47501,47511,10
13.0406398773,80.2008514404,47511,47521,10
13.0405597687,80.2016372681,47521,47531,10
13.0404996872,80.2020721436,47531,47541,10
13.0403795242,80.2026824951,47541,47551,10
13.0402498245,80.2034378052,47551,47561,10
13.0401697159,80.2041473389,47561,47572,11
13.0400800705,80.2046737671,47572,47582,10
13.0402603149,80.2049789429,47582,47592,10
13.0410203934,80.2049331665,47592,47612,20
13.0410203934,80.2049331665,47612,47622,10
13.0420303345,80.2052612305,47622,47632,10
13.0424499512,80.2053604126,47632,47642,10
13.0431404114,80.2055435181,47642,47663,21
13.0431404114,80.2055435181,47663,47679,16
13.0440797806,80.2080612183,47679,47691,12
13.0441503525,80.2089691162,47691,47711,20
13.0441503525,80.2089691162,47711,47721,10
13.0441398621,80.2094497681,47721,47731,10
13.0441799164,80.2098083496,47731,47740,9
13.0443601608,80.2111968994,47740,47751,11
13.0442304611,80.2118225098,47751,47761,10
13.0443201065,80.2120513916,47761,47771,10
13.0444097519,80.2123413086,47771,47781,10
13.045800209,80.2122573853,47781,47792,11
13.0465497971,80.2122192383,47792,47802,10
13.0467700958,80.2121963501,47802,47812,10
13.0469799042,80.2122573853,47812,47852,40
13.0469799042,80.2122573853,47852,47862,10
13.0470895767,80.2119522095,47862,47882,20
13.0470895767,80.2119522095,47882,47892,10
13.0470199585,80.2111816406,47892,47903,11
13.0469999313,80.2107696533,47903,47913,10
13.0472602844,80.2107315063,47913,47923,10
13.0477199554,80.2107467651,47923,47933,10
13.0483198166,80.2107696533,47933,47943,10
13.0487804413,80.2107696533,47943,47953,10
13.0492401123,80.2107696533,47953,47963,10
13.0496101379,80.2107696533,47963,47973,10
13.0496397018,80.2105102539,47973,47983,10
13.0495996475,80.2098999023,47983,47993,10
13.0495004654,80.2092208862,47993,48003,10
13.0494098663,80.2086105347,48003,48014,11
13.0492200851,80.2079696655,48014,48024,10
13.0489196777,80.2072677612,48024,48054,30
13.0489196777,80.2072677612,48054,48064,10
13.0490102768,80.20703125,48064,48074,10
13.049030304,80.2068405151,48074,48084,10
13.0492801666,80.2069168091,48084,48135,51
13.0492801666,80.2069168091,48135,48145,10
13.049200058,80.2072067261,48145,48669,524
13.049079895,80.2071304321,48669,48740,71
13.0491600037,80.2071228027,48740,48791,51
13.0491600037,80.2071228027,48791,48801,10
13.0490198135,80.2074508667,48801,48811,10
13.0490903854,80.2078018188,48811,48821,10
13.0491895676,80.2081832886,48821,48831,10
13.0493402481,80.2087402344,48831,48841,10
13.0494604111,80.2093963623,48841,48851,10
13.0495500565,80.2100906372,48851,48861,10
13.0496501923,80.2106704712,48861,48871,10
13.0497903824,80.2116622925,48871,48922,51
13.0497903824,80.2116622925,48922,48932,10
13.0498399734,80.212059021,48932,48942,10
13.0494804382,80.2121429443,48942,48972,30
13.0494804382,80.2121429443,48972,48982,10
13.0491695404,80.2121200562,48982,48992,10
13.0486803055,80.2121582031,48992,49002,10
13.0481004715,80.2121963501,49002,49013,11
13.0473098755,80.2122802734,49013,49023,10
13.0464696884,80.2122879028,49023,49033,10
13.0456199646,80.2123413086,49033,49043,10
13.044549942,80.2124023438,49043,49124,81
13.044549942,80.2124023438,49124,49134,10
13.0442495346,80.2122421265,49134,49144,10
13.044210434,80.2117462158,49144,49154,10
13.0441999435,80.2110137939,49154,49164,10
13.0441799164,80.2102508545,49164,49174,10
13.0441598892,80.2098007202,49174,49184,10
13.0441503525,80.2093963623,49184,49193,9
13.0441198349,80.2090301514,49193,49204,11
13.044090271,80.2087936401,49204,49214,10
13.0441102982,80.2086105347,49214,49224,10
13.044090271,80.2081298828,49224,49235,11
13.0439300537,80.207321167,49235,49245,10
13.0434398651,80.2066574097,49245,49255,10
13.0429697037,80.2060317993,49255,49265,10
13.042429924,80.2054595947,49265,49275,10
13.0417003632,80.2052764893,49275,49285,10
13.0407896042,80.205116272,49285,49305,20
13.0407896042,80.205116272,49305,49315,10
13.0403699875,80.2050628662,49315,49325,10
13.0398597717,80.2049789429,49325,49335,10
13.0392103195,80.2049026489,49335,49346,11
13.0385103226,80.2048110962,49346,49355,9
13.0381298065,80.2047424316,49355,49366,11
13.0381202698,80.2044677734,49366,49376,10
13.0382404327,80.2039031982,49376,49386,10
13.0383796692,80.2032394409,49386,49396,10
13.0384702682,80.2024917603,49396,49406,10
13.0385503769,80.2019271851,49406,49416,10
13.0385799408,80.2017669678,49416,49426,10
13.038599968,80.2015762329,49426,49436,10
13.0386800766,80.2011184692,49436,49447,11
13.038769722,80.2004776001,49447,49457,10
13.0388202667,80.200012207,49457,49467,10
13.0389404297,80.19921875,49467,49527,60
13.0389699936,80.1988372803,49527,49558,31
13.0389699936,80.1988372803,49558,49568,10
13.039059639,80.1984176636,49568,49578,10
13.0391597748,80.1977996826,49578,49588,10
13.039270401,80.1971282959,49588,49598,10
13.0393104553,80.1968688965,49598,49608,10
13.039349556,80.1967010498,49608,49618,10
13.0394001007,80.1963272095,49618,49628,10
13.0394802094,80.1957092285,49628,49638,10
13.0395803452,80.1949234009,49638,49648,10
13.0397396088,80.1940536499,49648,49658,10
13.0398397446,80.1933288574,49658,49669,11
13.0398197174,80.1932601929,49669,49679,10
13.0397500992,80.1930236816,49679,49689,10
13.0393104553,80.1929626465,49689,49699,10
13.0387496948,80.1928863525,49699,49709,10
13.0386896133,80.1928863525,49709,49719,10
13.0385904312,80.1928710938,49719,49729,10
13.0382099152,80.192817688,49729,49739,10
13.0376996994,80.1929321289,49739,49749,10
13.0375299454,80.1937179565,49749,49759,10
13.0373897552,80.1947097778,49759,49769,10
13.0372600555,80.1956329346,49769,49780,11
13.0372495651,80.1959915161,49780,49790,10
13.0372495651,80.1959991455,49790,49800,10
13.037150383,80.1961669922,49800,49810,10
13.0370798111,80.1966094971,49810,49820,10
13.036939621,80.1973876953,49820,49830,10
13.0368003845,80.198600769,49830,49850,20
13.0368003845,80.198600769,49850,49860,10
13.0367202759,80.1988372803,49860,49870,10
13.0366401672,80.199432373,49870,49880,10
13.0365400314,80.2002105713,49880,49891,11
13.0364303589,80.2009887695,49891,49901,10
13.0363702774,80.2013473511,49901,49911,10
13.0363302231,80.2017364502,49911,49921,10
13.0363197327,80.2018203735,49921,49931,10
13.0362596512,80.2020874023,49931,49941,10
13.0361795425,80.202583313,49941,49951,10
13.0361003876,80.2033309937,49951,49961,10
13.0360002518,80.2039413452,49961,49971,10
13.035949707,80.2043609619,49971,49981,10
13.0358896255,80.2047195435,49981,49991,10
13.0358104706,80.2053604126,49991,50002,11
13.0357503891,80.2057571411,50002,50012,10
13.0357503891,80.2057723999,50012,50022,10
13.0356798172,80.2061691284,50022,50032,10
13.0355901718,80.206817627,50032,50042,10
13.0354795456,80.207572937,50042,50052,10
13.0353803635,80.2083892822,50052,50082,30
13.0353803635,80.2083892822,50082,50092,10
13.0353498459,80.2086486816,50092,50102,10
13.0352497101,80.2092208862,50102,50113,11
13.0351295471,80.2098922729,50113,50123,10
13.0350198746,80.2104415894,50123,50133,10
13.034910202,80.2109298706,50133,50143,10
13.0347995758,80.2116165161,50143,50153,10
13.0345201492,80.212097168,50153,50163,10
13.0340299606,80.2120437622,50163,50173,10
13.0334596634,80.2120132446,50173,50183,10
13.032699585,80.2119369507,50183,50203,20
13.032699585,80.2119369507,50203,50213,10
13.0325403214,80.2118988037,50213,50224,11
13.0320396423,80.2118301392,50224,50234,10
13.0319099426,80.2114868164,50234,50244,10
13.031999588,80.2108688354,50244,50254,10
13.0321302414,80.2101287842,50254,50264,10
13.0320501328,80.2096862793,50264,50274,10
13.0316200256,80.2095794678,50274,50284,10
13.030960083,80.2093582153,50284,50294,10
13.0304403305,80.2092208862,50294,50335,41
13.0304403305,80.2092208862,50335,50345,10
13.0300397873,80.2095413208,50345,50375,30
13.0300397873,80.2095413208,50375,50385,10
13.0300302505,80.2097625732,50385,50395,10
13.0304098129,80.2098617554,50395,50405,10
13.0308704376,80.2099914551,50405,50415,10
13.0310001373,80.2100982666,50415,50425,10
13.0309696198,80.2103271484,50425,50435,10
13.0309200287,80.2107086182,50435,50446,11
13.0308799744,80.2109832764,50446,50456,10
13.0308504105,80.2111587524,50456,50466,10
13.0307798386,80.2116012573,50466,50476,10
13.0307397842,80.2118606567,50476,50486,10
13.0306301117,80.2123413086,50486,50496,10
13.0305700302,80.2129516602,50496,50506,10
13.0305204391,80.2133712769,50506,50516,10
13.030500412,80.2136611938,50516,50526,10
13.0304203033,80.2140197754,50526,50536,10
13.0303401947,80.2146224976,50536,50557,21
13.0303401947,80.2146224976,50557,50566,9
13.03028965,80.2147903442,50566,50577,11
13.0303001404,80.215171814,50577,50587,10
13.0303602219,80.2158203125,50587,50597,10
13.0304002762,80.2164306641,50597,50607,10
13.0306301117,80.2169189453,50607,50627,20
13.0306301117,80.2169189453,50627,50637,10
13.0307998657,80.2169799805,50637,50647,10
13.031129837,80.2170410156,50647,50657,10
13.0313596725,80.2170181274,50657,50668,11
13.0314998627,80.2172622681,50668,50678,10
13.0315303802,80.2178573608,50678,50688,10
13.0318803787,80.2183380127,50688,50698,10
13.0322599411,80.2185821533,50698,50708,10
13.0321998596,80.2191390991,50708,50718,10
13.0321598053,80.2198028564,50718,50728,10
13.0321903229,80.2202377319,50728,50748,20
13.0321903229,80.2202377319,50748,50758,10
13.0321798325,80.2205276489,50758,50768,10
13.0320501328,80.2210769653,50768,50779,11
13.0318002701,80.221786499,50779,50789,10
13.0315504074,80.222328186,50789,50798,9
13.0312795639,80.2227706909,50798,50809,11
13.0311203003,80.2237472534,50809,50829,20
13.0311203003,80.2237472534,50829,50839,10
13.0311498642,80.2238769531,50839,50849,10
13.0311603546,80.2241363525,50849,50859,10
13.0309200287,80.2242889404,50859,50869,10
13.0304403305,80.224319458,50869,50879,10
13.029800415,80.2243118286,50879,50890,11
13.0290203094,80.2242202759,50890,50910,20
13.0290203094,80.2242202759,50910,50920,10
13.0288801193,80.2241210938,50920,50930,10
13.0285701752,80.2241363525,50930,50940,10
13.028380394,80.2246170044,50940,50950,10
13.0282402039,80.2252578735,50950,50960,10
13.0280599594,80.2259597778,50960,50970,10
13.0279397964,80.2266235352,50970,50980,10
13.0279302597,80.2269210815,50980,50990,10
13.0282297134,80.2270584106,50990,51001,11
13.0285596848,80.2271270752,51001,51011,10
13.0286397934,80.2271575928,51011,51021,10
13.029009819,80.2272186279,51021,51031,10
13.029540062,80.2273101807,51031,51041,10
13.0301198959,80.2274093628,51041,51051,10
13.0304498672,80.2276000977,51051,51061,10
13.0303697586,80.2279510498,51061,51071,10
13.0303697586,80.2280578613,51071,51081,10
13.0303497314,80.2282562256,51081,51091,10
13.0303001404,80.228729248,51091,51101,10
13.030380249,80.2293701172,51101,51112,11
13.0306196213,80.2301101685,51112,51122,10
13.0306797028,80.2304916382,51122,51132,10
13.0306797028,80.2305221558,51132,51142,10
13.0305299759,80.2307281494,51142,51152,10
13.0298299789,80.230796814,51152,51182,30
13.0298299789,80.230796814,51182,51192,10
13.029800415,80.2307815552,51192,51202,10
13.0296096802,80.230796814,51202,51212,10
13.0291795731,80.2308578491,51212,51223,11
13.028550148,80.2309417725,51223,51233,10
13.0280199051,80.2310180664,51233,51243,10
13.0277299881,80.2311172485,51243,51253,10
13.0277299881,80.2315597534,51253,51263,10
13.0278100967,80.2321929932,51263,51273,10
13.0278100967,80.2326812744,51273,51283,10
13.0272903442,80.2328872681,51283,51293,10
13.02684021,80.2330627441,51293,51344,51
13.02684021,80.2330627441,51344,51354,10
13.0265102386,80.2329711914,51354,51364,10
13.0262899399,80.2326583862,51364,51374,10
13.0261497498,80.2322692871,51374,51384,10
13.0260696411,80.2320709229,51384,51394,10
13.025970459,80.2317428589,51394,51404,10
13.0257196426,80.2309265137,51404,51414,10
13.0252103806,80.230140686,51414,51424,10
13.0248498917,80.229637146,51424,51434,10
13.024720192,80.2294235229,51434,51445,11
13.0244398117,80.2289886475,51445,51455,10
13.0239896774,80.2283706665,51455,51495,40
13.0239896774,80.2283706665,51495,51505,10
13.0238800049,80.2280731201,51505,51515,10
13.0235004425,80.2276916504,51515,51525,10
13.0232200623,80.2273864746,51525,51535,10
13.0228500366,80.2269821167,51535,51545,10
13.022359848,80.2265167236,51545,51556,11
13.0216798782,80.225982666,51556,51566,10
13.0210800171,80.2255325317,51566,51576,10
13.0206403732,80.225227356,51576,51586,10
13.0201702118,80.2249526978,51586,51596,10
13.0196695328,80.2246627808,51596,51606,10
13.018910408,80.2245025635,51606,51616,10
13.0180997849,80.2247924805,51616,51626,10
13.0173301697,80.2250671387,51626,51636,10
13.0167398453,80.2253189087,51636,51646,10
13.0164604187,80.2254562378,51646,51656,10
13.016119957,80.2256011963,51656,51673,17
13.0152702332,80.2259368896,51673,51685,12
13.0151195526,80.2259902954,51685,51695,10
13.0148801804,80.2260818481,51695,51702,7
13.0145797729,80.2262420654,51702,51715,13
13.0141201019,80.2263870239,51715,51725,10
13.0141401291,80.2263183594,51725,51735,10
13.0139303207,80.2264633179,51735,51745,10
13.0136203766,80.2265777588,51745,51756,11
13.0132598877,80.226600647,51756,51764,8
13.0126600266,80.2269287109,51764,51776,12
13.011879921,80.2272796631,51776,51786,10
13.011349678,80.2276306152,51786,51795,9
13.010310173,80.2278366089,51795,51806,11
13.0095500946,80.2281112671,51806,51816,10
13.009059906,80.2289428711,51816,51826,10
13.0088396072,80.2299880981,51826,51836,10
13.0086402893,80.2310562134,51836,51846,10
13.0084600449,80.2321166992,51846,51856,10
13.0083303452,80.2328796387,51856,51866,10
13.0082502365,80.2334671021,51866,51887,21
13.0082502365,80.2334671021,51887,51897,10
13.0081996918,80.2336196899,51897,51907,10
13.0080795288,80.2340393066,51907,51917,10
13.0079498291,80.2346572876,51917,51927,10
13.0077896118,80.2354736328,51927,51937,10
13.0076303482,80.2364578247,51937,51947,10
13.0074396133,80.2374725342,51947,51957,10
13.0072898865,80.2383422852,51957,51967,10
13.0071697235,80.2389068604,51967,51977,10
13.0070896149,80.2391662598,51977,51988,11
13.007060051,80.2394332886,51988,51998,10
13.0070199966,80.2396392822,51998,52008,10
13.0070199966,80.2397613525,52008,52018,10
13.0068902969,80.2405395508,52018,52038,20
13.0068902969,80.2405395508,52038,52048,10
13.0067796707,80.2408218384,52048,52058,10
13.0067100525,80.2413330078,52058,52068,10
13.0067100525,80.2423171997,52068,52078,10
13.0066795349,80.2432403564,52078,52088,10
13.006649971,80.2440414429,52088,52098,10
13.0066604614,80.2447967529,52098,52108,10
13.0066699982,80.2456283569,52108,52119,11
13.0066795349,80.2466201782,52119,52129,10
13.0066795349,80.2469787598,52129,52139,10
13.0066699982,80.2471237183,52139,52149,10
13.0066699982,80.2474822998,52149,52159,10
13.0066795349,80.2480697632,52159,52169,10
13.0067195892,80.2488327026,52169,52179,10
13.0068397522,80.2495803833,52179,52199,20
13.0068397522,80.2495803833,52199,52210,11
13.0067396164,80.2499465942,52210,52220,10
13.0067195892,80.2505187988,52220,52230,10
13.0067596436,80.251373291,52230,52280,50
13.0067596436,80.251373291,52280,52290,10
13.0066299438,80.2518768311,52290,52300,10
13.0065202713,80.2524795532,52300,52310,10
13.0065002441,80.2532806396,52310,52321,11
13.0065002441,80.2542037964,52321,52331,10
13.0065803528,80.2548980713,52331,52351,20
13.0065803528,80.2548980713,52351,52361,10
13.0065803528,80.2550582886,52361,52371,10
13.0065603256,80.2553482056,52371,52381,10
13.0066003799,80.2559661865,52381,52391,10
13.0065803528,80.256729126,52391,52401,10
13.0066795349,80.2571563721,52401,52492,91
13.0066795349,80.2571563721,52492,52502,10
13.0067501068,80.2574005127,52502,52512,10
13.0063695908,80.2574081421,52512,52522,10
13.00578022,80.2572402954,52522,52532,10
13.0052404404,80.257232666,52532,52543,11
13.004529953,80.2571029663,52543,52553,10
13.0037899017,80.2569885254,52553,52563,10
13.0032196045,80.2568664551,52563,52573,10
13.0025501251,80.2567367554,52573,52583,10
13.0017795563,80.2566070557,52583,52613,30
13.0017204285,80.2565994263,52613,52634,21
13.0017204285,80.2565994263,52634,52643,9
13.0017004013,80.2565689087,52643,52654,11
13.0013103485,80.2565231323,52654,52664,10
13.0007200241,80.2564315796,52664,52674,10
13.0001602173,80.2563171387,52674,52684,10
13.0001001358,80.2562866211,52684,52694,10
12.9995803833,80.2562026978,52694,52734,40
12.9995803833,80.2562026978,52734,52744,10
12.9991798401,80.256111145,52744,52754,10
12.9986200333,80.2560501099,52754,52765,11
12.9981298447,80.2560501099,52765,52775,10
12.9978199005,80.2559585571,52775,52805,30
12.9978199005,80.2559585571,52805,52815,10
12.9974803925,80.2559509277,52815,52825,10
12.9970197678,80.2559204102,52825,52835,10
12.9968900681,80.2561569214,52835,52845,10
12.9968595505,80.2566604614,52845,52855,10
12.9968595505,80.2568588257,52855,52865,10
12.9968595505,80.2569580078,52865,52876,11
12.9968204498,80.2574920654,52876,52886,10
12.9967403412,80.2582168579,52886,52896,10
12.9966402054,80.2588806152,52896,52906,10
12.9965801239,80.2593612671,52906,52916,10
12.9964799881,80.2600631714,52916,52926,10
12.9964199066,80.2608795166,52926,52936,10
12.9963302612,80.2615890503,52936,52946,10
12.9962596893,80.2620773315,52946,52956,10
12.996219635,80.2622375488,52956,52966,10
12.9961700439,80.2624664307,52966,52976,10
12.9961204529,80.262878418,52976,52987,11
12.9960803986,80.263633728,52987,52997,10
12.9960098267,80.264503479,52997,53007,10
12.9959402084,80.2651519775,53007,53017,10
12.9959201813,80.2652206421,53017,53027,10
12.9958400726,80.2657089233,53027,53037,10
12.9957704544,80.2664108276,53037,53046,9
12.9956998825,80.2671813965,53046,53057,11
12.995880127,80.2676315308,53057,53067,10
12.9961595535,80.2676696777,53067,53077,10
12.9962596893,80.2676773071,53077,53087,10
12.9967298508,80.2677764893,53087,53098,11
12.9975204468,80.2675933838,53098,53108,10
12.9981603622,80.2674179077,53108,53118,10
12.9983100891,80.2673416138,53118,53128,10
12.9987201691,80.2672271729,53128,53138,10
12.9993495941,80.266998291,53138,53148,10
13.0001001358,80.2665100098,53148,53178,30
13.0001001358,80.2665100098,53178,53188,10
13.0001602173,80.266418457,53188,53198,10
13.0002603531,80.265838623,53198,53219,21
13.0002603531,80.265838623,53219,53229,10
13.0003900528,80.2657165527,53229,53239,10
13.0003595352,80.2659225464,53239,53300,61
13.0003004074,80.2661209106,53300,53350,50
13.0003595352,80.2661590576,53350,54155,805
13.0003595352,80.2661590576,54155,54165,10
13.000459671,80.2660522461,54165,54186,21
13.0003900528,80.2660980225,54186,54226,40
13.0003900528,80.2660980225,54226,54236,10
13.0003995895,80.2661209106,54236,54276,40
13.0003995895,80.2661209106,54276,54286,10
13.0002803802,80.2664718628,54286,54296,10
13.0002698898,80.2666473389,54296,54306,10
13.000169754,80.2668075562,54306,54317,11
12.999830246,80.2669525146,54317,54327,10
12.9993095398,80.2671585083,54327,54337,10
12.9985904694,80.2673492432,54337,54346,9
12.998049736,80.2674865723,54346,54357,11
12.9975204468,80.2677688599,54357,54367,10
12.9967002869,80.2678833008,54367,54377,10
12.9960603714,80.267868042,54377,54387,10
12.9958200455,80.2674026489,54387,54418,31
12.9959201813,80.2671508789,54418,54438,20
12.9959201813,80.2671508789,54438,54448,10
12.9957504272,80.2644577026,54448,54458,10
12.9962596893,80.2631378174,54458,54468,10
12.9961795807,80.2626190186,54468,54478,10
12.9961595535,80.2625579834,54478,54488,10
12.996219635,80.2621994019,54488,54498,10
12.9963197708,80.2618408203,54498,54508,10
12.9963798523,80.2613830566,54508,54518,10
12.9964199066,80.2607192993,54518,54528,10
12.9964895248,80.260093689,54528,54539,11
12.9965200424,80.2597198486,54539,54549,10
12.9965000153,80.2595062256,54549,54559,10
12.9966402054,80.2593231201,54559,54569,10
12.9966402054,80.2583084106,54569,54579,10
12.9967403412,80.2573013306,54579,54589,10
12.9968500137,80.2567214966,54589,54599,10
12.9968395233,80.2563323975,54599,54609,10
12.9967803955,80.2562789917,54609,54619,10
12.9967002869,80.2562484741,54619,54629,10
12.9966602325,80.2560806274,54629,54639,10
12.9968004227,80.2562179565,54639,54650,11
12.9969100952,80.255821228,54650,54660,10
12.9969596863,80.255821228,54660,54670,10
12.9978103638,80.256111145,54670,54680,10
12.9983997345,80.2559814453,54680,54690,10
12.9988203049,80.2560272217,54690,54710,20
12.9988203049,80.2560272217,54710,54720,10
12.9989500046,80.2560424805,54720,54730,10
12.9990301132,80.2560424805,54730,54740,10
12.9993495941,80.2560882568,54740,54750,10
12.9996995926,80.2561569214,54750,54760,10
12.9999599457,80.2562026978,54760,54771,11
13.0004196167,80.2562713623,54771,54781,10
13.0008201599,80.2563400269,54781,54791,10
13.0010795593,80.256401062,54791,54801,10
13.0012998581,80.2564163208,54801,54811,10
13.0015001297,80.2564620972,54811,54821,10
13.001830101,80.2565307617,54821,54831,10
13.0023603439,80.2566223145,54831,54841,10
13.0028400421,80.2567214966,54841,54851,10
13.0031700134,80.2567901611,54851,54861,10
13.0036401749,80.2568664551,54861,54872,11
13.0043201447,80.2570037842,54872,54882,10
13.004699707,80.2570877075,54882,54892,10
13.0051498413,80.2571182251,54892,54902,10
13.005610466,80.2572479248,54902,54912,10
13.0058403015,80.2572937012,54912,54922,10
13.0062303543,80.25730896,54922,54952,30
13.0062303543,80.25730896,54952,54962,10
13.006480217,80.2573165894,54962,54972,10
13.0065202713,80.2570114136,54972,54983,11
13.0066099167,80.256072998,54983,54993,10
13.0066204071,80.2553634644,54993,55003,10
13.0066003799,80.2551727295,55003,55013,10
13.0066003799,80.2546691895,55013,55023,10
13.0065898895,80.2536697388,55023,55063,40
13.0065898895,80.2536697388,55063,55073,10
13.0065803528,80.25340271,55073,55083,10
13.0065803528,80.2532196045,55083,55094,11
13.0065498352,80.2531204224,55094,55104,10
13.0066003799,80.2524490356,55104,55134,30
13.0066003799,80.2524490356,55134,55144,10
13.0065803528,80.2522506714,55144,55154,10
13.0064697266,80.2521820068,55154,55164,10
13.0062999725,80.2521209717,55164,55174,10
13.0062198639,80.2520675659,55174,55184,10
13.0064296722,80.2522201538,55184,55195,11
13.0066404343,80.2521133423,55195,55205,10
13.0067996979,80.2514419556,55205,55215,10
13.0068101883,80.2507629395,55215,55225,10
13.0067796707,80.2500686646,55225,55235,10
13.0067796707,80.2496109009,55235,55245,10
13.0067596436,80.2488632202,55245,55255,10
13.0066604614,80.2481536865,55255,55265,10
13.0066604614,80.2479934692,55265,55316,51
13.0066604614,80.2479934692,55316,55326,10
13.0065603256,80.2476425171,55326,55336,10
13.0066003799,80.2472610474,55336,55346,10
13.0066900253,80.2470474243,55346,55356,10
13.0067195892,80.2468490601,55356,55366,10
13.0065498352,80.2465515137,55366,55376,10
13.0065402985,80.2464523315,55376,55386,10
13.0066900253,80.2459487915,55386,55396,10
13.0065803528,80.245300293,55396,55406,10
13.0065097809,80.2446365356,55406,55416,10
13.0064401627,80.2441101074,55416,55427,11
13.0064897537,80.2438430786,55427,55437,10
13.0065402985,80.2433624268,55437,55447,10
13.0066204071,80.2428512573,55447,55457,10
13.0065898895,80.2419509888,55457,55467,10
13.0067100525,80.2409667969,55467,55477,10
13.0067596436,80.2403182983,55477,55507,30
13.0067596436,80.2403182983,55507,55523,16
13.0068397522,80.2394714355,55523,55536,13
13.0070199966,80.2382202148,55536,55544,8
13.0072898865,80.2374420166,55544,55555,11
13.0073795319,80.2368011475,55555,55567,12
13.007399559,80.2367706299,55567,55577,10
13.0074396133,80.2366027832,55577,55587,10
13.0075998306,80.2361526489,55587,55597,10
13.0076904297,80.2354736328,55597,55607,10
13.0078401566,80.234703064,55607,55617,10
13.0080099106,80.233757019,55617,55627,10
13.0082302094,80.2327804565,55627,55637,10
13.0084295273,80.2317886353,55637,55647,10
13.0086097717,80.2307815552,55647,55659,12
13.0088500977,80.2295608521,55659,55669,10
13.009059906,80.2285308838,55669,55679,10
13.0094404221,80.2276000977,55679,55689,10
13.0099000931,80.2266235352,55689,55699,10
13.0102796555,80.2257385254,55699,55709,10
13.0106697083,80.2249298096,55709,55719,10
13.0109901428,80.2241821289,55719,55729,10
13.011179924,80.2236022949,55729,55739,10
13.0113801956,80.2229995728,55739,55749,10
13.0116901398,80.222328186,55749,55760,11
13.0121803284,80.2214736938,55760,55770,10
13.0124902725,80.2216873169,55770,55780,10
13.0128898621,80.22215271,55780,55790,10
13.0134296417,80.2228393555,55790,55800,10
13.0139598846,80.2233581543,55800,55810,10
13.0142498016,80.2236633301,55810,55820,10
13.0146903992,80.2242279053,55820,55830,10
13.0154399872,80.2249832153,55830,55850,20
13.0154399872,80.2249832153,55850,55860,10
13.0156097412,80.2250595093,55860,55871,11
13.0160303116,80.2252426147,55871,55881,10
13.0166797638,80.225112915,55881,55891,10
13.0174798965,80.224822998,55891,55901,10
13.0183401108,80.2245025635,55901,55917,16
13.0192804337,80.2242507935,55917,55929,12
13.0192804337,80.2242584229,55929,55937,8
13.0194301605,80.2243728638,55937,55947,10
13.0197401047,80.2245635986,55947,55959,12
13.02023983,80.2249221802,55959,55969,10
13.0207700729,80.2253112793,55969,55980,11
13.0213603973,80.2257537842,55980,55990,10
13.0219602585,80.2261962891,55990,56000,10
13.0226202011,80.2267684937,56000,56010,10
13.0232000351,80.2273101807,56010,56020,10
13.0236997604,80.2277297974,56020,56030,10
13.0241003036,80.2281036377,56030,56040,10
13.0241699219,80.2281799316,56040,56050,10
13.0242900848,80.2283477783,56050,56060,10
13.0245199203,80.228767395,56060,56070,10
13.0249099731,80.229309082,56070,56080,10
13.0253400803,80.2297973633,56080,56091,11
13.0255203247,80.2300720215,56091,56101,10
13.0257797241,80.2305221558,56101,56111,10
13.0258798599,80.230758667,56111,56121,10
13.0258798599,80.2308120728,56121,56130,9
13.025850296,80.23097229,56130,56141,11
13.0258903503,80.2312164307,56141,56151,10
13.0262804031,80.2311782837,56151,56161,10
13.0269498825,80.2309417725,56161,56171,10
13.0276899338,80.2308578491,56171,56181,10
13.0282096863,80.2308578491,56181,56191,10
13.0284996033,80.2308502197,56191,56202,11
13.0286502838,80.230796814,56202,56212,10
13.0293598175,80.2307510376,56212,56262,50
13.0293598175,80.2307510376,56262,56272,10
13.0295696259,80.2308197021,56272,56282,10
13.0300197601,80.2307662964,56282,56292,10
13.0305595398,80.2307434082,56292,56302,10
13.030670166,80.23072052,56302,56313,11
13.0306901932,80.2304763794,56313,56323,10
13.0305404663,80.2299423218,56323,56333,10
13.0303297043,80.2293777466,56333,56343,10
13.0303602219,80.2287979126,56343,56353,10
13.0303602219,80.2283172607,56353,56373,20
13.0303602219,80.2283172607,56373,56383,10
13.0303401947,80.2280426025,56383,56399,16
13.0303096771,80.2274475098,56399,56411,12
13.0296297073,80.2273635864,56411,56421,10
13.0286397934,80.2271728516,56421,56442,21
13.0286397934,80.2271728516,56442,56450,8
13.0284004211,80.2271575928,56450,56462,12
13.027970314,80.2270431519,56462,56472,10
13.0279302597,80.2267684937,56472,56482,10
13.0280399323,80.2261734009,56482,56492,10
13.0282297134,80.2253570557,56492,56502,10
13.0283899307,80.2244720459,56502,56512,10
13.0288000107,80.2240066528,56512,56532,20
13.0288000107,80.2240066528,56532,56543,11
13.0290603638,80.2242431641,56543,56553,10
13.0295000076,80.224281311,56553,56563,10
13.0301103592,80.2242965698,56563,56573,10
13.0308904648,80.224281311,56573,56583,10
13.0311203003,80.2239990234,56583,56593,10
13.031129837,80.2235717773,56593,56603,10
13.0311899185,80.2231674194,56603,56613,10
13.0311899185,80.2231521606,56613,56623,10
13.0311603546,80.2230377197,56623,56633,10
13.03125,80.2226791382,56633,56644,11
13.0315599442,80.2221603394,56644,56654,10
13.0318098068,80.2216262817,56654,56664,10
13.0320301056,80.221031189,56664,56674,10
13.0321798325,80.2204208374,56674,56684,10
13.0321798325,80.2197570801,56684,56724,40
13.0321798325,80.2197570801,56724,56735,11
13.0321998596,80.219367981,56735,56744,9
13.0321397781,80.2186431885,56744,56755,11
13.0317497253,80.218421936,56755,56765,10
13.0314798355,80.2179107666,56765,56775,10
13.031419754,80.2172317505,56775,56785,10
13.0312900543,80.2169876099,56785,56795,10
13.03083992,80.2170410156,56795,56805,10
13.0304698944,80.216796875,56805,56815,10
13.0304498672,80.2166595459,56815,56825,10
13.0304498672,80.2164306641,56825,56835,10
13.0304002762,80.2159118652,56835,56845,10
13.0303602219,80.2152175903,56845,56855,10
13.0303497314,80.2147064209,56855,56866,11
13.030380249,80.2145614624,56866,56876,10
13.0304002762,80.2144699097,56876,56886,10
13.0304698944,80.2139511108,56886,56896,10
13.0305099487,80.2135925293,56896,56906,10
13.0305595398,80.2132034302,56906,56916,10
13.030670166,80.2124786377,56916,56926,10
13.0307397842,80.2118988037,56926,56936,10
13.0307998657,80.2116317749,56936,56946,10
13.0308303833,80.2114028931,56946,56956,10
13.0308303833,80.2110900879,56956,56966,10
13.0308799744,80.2108001709,56966,56977,11
13.0308904648,80.2105712891,56977,56987,10
13.0309295654,80.2103500366,56987,56997,10
13.0309801102,80.2101211548,56997,57007,10
13.0308198929,80.2099990845,57007,57017,10
13.0304698944,80.2098693848,57017,57047,30
13.0304698944,80.2098693848,57047,57057,10
13.0298595428,80.2091217041,57057,57067,10
13.0299901962,80.2092666626,57067,57078,11
13.0300703049,80.2089920044,57078,57108,30
13.0316095352,80.2102584839,57108,57169,61
13.0316095352,80.2102584839,57169,57178,9
13.035200119,80.2092819214,57178,57188,10
13.0352602005,80.2088394165,57188,57209,21
13.0354003906,80.2087020874,57209,57239,30
13.0354003906,80.2087020874,57239,57249,10
13.0355195999,80.2060394287,57249,57259,10
13.0352802277,80.2062606812,57259,57269,10
13.0351896286,80.2063522339,57269,57279,10
13.0355300903,80.2052536011,57279,57289,10
13.0357999802,80.2052230835,57289,57300,11
13.0359897614,80.2050170898,57300,57310,10
13.0361299515,80.204788208,57310,57320,10
13.0361700058,80.2036437988,57320,57330,10
13.0360298157,80.2028121948,57330,57340,10
13.0361700058,80.2025222778,57340,57350,10
13.0363397598,80.2015228271,57350,57380,30
13.0363998413,80.201499939,57380,57400,20
13.0363998413,80.201499939,57400,57411,11
13.0361700058,80.2003326416,57411,57421,10
13.0367803574,80.1984100342,57421,57441,20
13.0367803574,80.1984100342,57441,57451,10
13.0370702744,80.1977005005,57451,57461,10
13.0366201401,80.1973724365,57461,57471,10
13.0361299515,80.1971893311,57471,57481,10
13.0372200012,80.1963729858,57481,57491,10
13.0372600555,80.1963577271,57491,57501,10
13.0370702744,80.1958389282,57501,57511,10
13.0373802185,80.1944503784,57511,57521,10
13.0375699997,80.1934585571,57521,57531,10
13.0376596451,80.1928634644,57531,57542,11
13.0378398895,80.1927871704,57542,57552,10
13.0381603241,80.1927719116,57552,57562,10
13.0384902954,80.192817688,57562,57572,10
13.0385704041,80.1928482056,57572,57582,10
13.0388002396,80.1929092407,57582,57592,10
13.0391902924,80.1929168701,57592,57602,10
13.039560318,80.1931381226,57602,57612,10
13.0399303436,80.1931304932,57612,57622,10
13.04047966,80.1930923462,57622,57632,10
13.0413703918,80.193321228,57632,57643,11
13.0418195724,80.1934509277,57643,57653,10
13.0417699814,80.1938171387,57653,57663,10
13.0416297913,80.1944274902,57663,57673,10
13.0415000916,80.1953887939,57673,57683,10
13.0414400101,80.1960830688,57683,57693,10
13.0413503647,80.196762085,57693,57713,20
13.0413503647,80.196762085,57713,57723,10
13.0412797928,80.1971893311,57723,57733,10
13.0411596298,80.1979064941,57733,57743,10
13.0410404205,80.1987533569,57743,57754,11
13.0409402847,80.1993026733,57754,57764,10
13.0409097672,80.1995391846,57764,57774,10
13.0408000946,80.2001571655,57774,57784,10
13.0406904221,80.2010498047,57784,57794,10
13.0405797958,80.2018127441,57794,57804,10
13.0405302048,80.2022476196,57804,57814,10
13.0403995514,80.2029495239,57814,57824,10
13.0402498245,80.2038574219,57824,57834,10
13.040140152,80.204788208,57834,57844,10
13.040430069,80.2050933838,57844,57861,17
13.0409002304,80.2051620483,57861,57873,12
13.0412797928,80.2052536011,57873,57882,9
13.0418701172,80.2052993774,57882,57893,11
13.0425701141,80.2054519653,57893,57903,10
13.0428800583,80.2059402466,57903,57913,10
13.0434398651,80.206741333,57913,57923,10
13.0438899994,80.2074203491,57923,57933,10
13.044090271,80.2080993652,57933,57943,10
13.0441198349,80.2086868286,57943,57953,10
13.0441303253,80.2087631226,57953,57963,10
13.0441398621,80.2089080811,57963,57974,11
13.0441398621,80.2090301514,57974,57984,10
13.0441503525,80.2092437744,57984,57994,10
13.0441598892,80.2094421387,57994,58004,10
13.0441598892,80.2100601196,58004,58014,10
13.0441904068,80.2108001709,58014,58024,10
13.0442695618,80.212020874,58024,58064,40
13.0442695618,80.212020874,58064,58074,10
13.0444202423,80.2122573853,58074,58085,11
13.0449399948,80.2122497559,58085,58095,10
13.0456600189,80.2121963501,58095,58105,10
13.0463895798,80.2121887207,58105,58115,10
13.0469398499,80.2121582031,58115,58145,30
13.0469398499,80.2121582031,58145,58155,10
13.0470399857,80.2118606567,58155,58165,10
13.0470399857,80.2114334106,58165,58175,10
13.0469999313,80.2109375,58175,58185,10
13.0472898483,80.2108535767,58185,58196,11
13.0478401184,80.2108612061,58196,58206,10
13.0483703613,80.2108306885,58206,58216,10
13.0487203598,80.2108535767,58216,58226,10
13.0490398407,80.2108535767,58226,58236,10
13.0494203568,80.2108612061,58236,58246,10
13.0496702194,80.2108001709,58246,58256,10
13.0496397018,80.2103271484,58256,58266,10
13.0495500565,80.2097167969,58266,58276,10
13.0495195389,80.2093429565,58276,58286,10
13.0494098663,80.2087020874,58286,58296,10
13.0491199493,80.2078323364,58296,58307,11
13.0488796234,80.2071609497,58307,58347,40
13.0488796234,80.2071609497,58347,58357,10
13.0488796234,80.2067337036,58357,58367,10
13.0490102768,80.2067565918,58367,58377,10
13.0491600037,80.2069015503,58377,58569,192
13.0489702225,80.2070770264,58569,58720,151
13.049200058,80.2070999146,58720,59094,374
13.049079895,80.2072906494,59094,59154,60
13.049079895,80.2072906494,59154,59164,10
13.0490703583,80.2076797485,59164,59174,10
13.0492200851,80.2081069946,59174,59185,11
13.0493898392,80.2087631226,59185,59195,10
13.049489975,80.2092895508,59195,59205,10
13.0496101379,80.2100601196,59205,59215,10
13.0496997833,80.2107391357,59215,59225,10
13.049779892,80.2112731934,59225,59235,10
13.0498600006,80.2118225098,59235,59245,10
13.0498304367,80.2121734619,59245,59255,10
13.0495300293,80.2121963501,59255,59265,10
13.0489196777,80.2122421265,59265,59275,10
13.0481100082,80.2123031616,59275,59285,10
13.0472602844,80.212348938,59285,59296,11
13.0461702347,80.2123413086,59296,59306,10
13.0450601578,80.2124099731,59306,59326,20
13.0450601578,80.2124099731,59326,59336,10
13.0448799133,80.2124023438,59336,59346,10
13.0445995331,80.2124023438,59346,59356,10
13.0442895889,80.2122802734,59356,59366,10
13.0441999435,80.2118606567,59366,59376,10
13.0441799164,80.21118927,59376,59442,66
13.0441799164,80.21118927,59442,59452,10
13.0441904068,80.2110824585,59452,59462,10
13.0441799164,80.2107467651,59462,59472,10
13.0441703796,80.2103500366,59472,59482,10
13.0441598892,80.209777832,59482,59506,24
13.0441398621,80.2094421387,59506,59517,11
13.0441198349,80.2092514038,59517,59527,10
13.0440998077,80.2089385986,59527,59537,10
13.0440998077,80.2088775635,59537,59548,11
13.0441102982,80.2084579468,59548,59558,10
13.0440397263,80.2078704834,59558,59568,10
13.0437297821,80.2071762085,59568,59578,10
13.0431499481,80.2063598633,59578,59588,10
13.0426502228,80.2057037354,59588,59598,10
13.0422801971,80.2054214478,59598,59608,10
13.0417604446,80.2052612305,59608,59618,10
13.0411996841,80.2051925659,59618,59629,11
13.0407495499,80.2051086426,59629,59639,10
13.040719986,80.2051010132,59639,59649,10
13.0404701233,80.205078125,59649,59659,10
13.0400695801,80.205039978,59659,59669,10
13.0395097733,80.2049407959,59669,59678,9
13.038860321,80.2048187256,59678,59689,11
13.0382604599,80.2047271729,59689,59698,9
13.0380802155,80.2045898438,59698,59709,11
13.0382003784,80.2040786743,59709,59718,9
13.0382795334,80.2034072876,59718,59729,11
13.0384197235,80.2025985718,59729,59740,11
13.0385103226,80.202041626,59740,59750,10
13.0385103226,80.2019729614,59750,59760,10
13.0385398865,80.201713562,59760,59769,9
13.0385904312,80.2013778687,59769,59780,11
13.0386695862,80.2008590698,59780,59790,10
13.0387802124,80.2001495361,59790,59800,10
13.0388803482,80.1994476318,59800,59810,10
13.0389204025,80.1991577148,59810,59820,10
13.0389404297,80.1990280151,59820,59830,10
13.0390100479,80.1985321045,59830,59840,10
13.0391197205,80.1978683472,59840,59851,11
13.0391902924,80.1973419189,59851,59861,10
13.0392503738,80.1968765259,59861,59871,10
13.0392999649,80.1966781616,59871,59881,10
13.0393199921,80.1964035034,59881,59891,10
13.0393800735,80.1959915161,59891,59901,10
13.0394496918,80.1954574585,59901,59911,10
13.0395498276,80.1948165894,59911,59921,10
13.0396299362,80.1941986084,59921,59931,10
13.0397701263,80.1932373047,59931,59951,20
13.0397701263,80.1932373047,59951,59962,11
13.0396795273,80.193031311,59962,59972,10
13.0392103195,80.1929397583,59972,59982,10
13.0387001038,80.1928710938,59982,59992,10
13.0386295319,80.1928482056,59992,60002,10
13.0384397507,80.192817688,60002,60012,10
13.0380897522,80.192779541,60012,60022,10
13.0378103256,80.192817688,60022,60032,10
13.0375995636,80.1931991577,60032,60042,10
13.0375204086,80.193977356,60042,60051,9
13.0374097824,80.1948471069,60051,60062,11
13.0372600555,80.1958465576,60062,60073,11
13.037229538,80.1961593628,60073,60083,10
13.0372104645,80.1962203979,60083,60093,10
13.0371599197,80.1966781616,60093,60103,10
13.0370397568,80.1974487305,60103,60113,10
13.0369195938,80.1982574463,60113,60123,10
13.036860466,80.1987762451,60123,60133,10
13.0368299484,80.1988830566,60133,60143,10
13.036740303,80.1994094849,60143,60153,10
13.0366201401,80.2002182007,60153,60163,10
13.03647995,80.2010498047,60163,60173,10
13.0363702774,80.2018814087,60173,60194,21
13.0363702774,80.2018814087,60194,60204,10
13.0362796783,80.2018966675,60204,60214,10
13.0362596512,80.202293396,60214,60224,10
13.0361995697,80.2029266357,60224,60234,10
13.0361204147,80.2035598755,60234,60244,10
13.0360898972,80.203956604,60244,60254,10
13.0360403061,80.2043762207,60254,60264,10
13.0359802246,80.2048187256,60264,60274,10
13.0359401703,80.2050170898,60274,60284,10
13.035900116,80.2052764893,60284,60295,11
13.0358104706,80.2059020996,60295,60305,10
13.0357599258,80.2060470581,60305,60315,10
13.0356702805,80.2065811157,60315,60325,10
13.0355396271,80.2074203491,60325,60335,10
13.0354604721,80.2080993652,60335,60345,10
13.0354204178,80.208442688,60345,60355,10
13.0353899002,80.2085418701,60355,60365,10
13.0353603363,80.2087097168,60365,60375,10
13.0352897644,80.2092285156,60375,60385,10
13.0352096558,80.2098770142,60385,60396,11
13.0351104736,80.2104797363,60396,60406,10
13.0349397659,80.2110671997,60406,60416,10
13.0347995758,80.2118606567,60416,60426,10
13.0345802307,80.2121734619,60426,60436,10
13.0340003967,80.2120437622,60436,60446,10
13.0333404541,80.2119293213,60446,60456,10
13.0326795578,80.2118377686,60456,60466,10
13.0320701599,80.2117233276,60466,60476,10
13.031999588,80.2112731934,60476,60486,10
13.0320796967,80.2105331421,60486,60496,10
13.0321302414,80.2098312378,60496,60507,11
13.031539917,80.2095413208,60507,60516,9
13.0308704376,80.2093582153,60516,60528,12
13.0302400589,80.2091522217,60528,60538,10
13.0300598145,80.2095489502,60538,60558,20
13.0300598145,80.2095489502,60558,60568,10
13.029999733,80.2097091675,60568,60578,10
13.0301399231,80.2098388672,60578,60588,10
13.0306997299,80.2099761963,60588,60598,10
13.0309495926,80.2100982666,60598,60608,10
13.030960083,80.2103271484,60608,60619,11
13.0308904648,80.2109603882,60619,60629,10
13.0308599472,80.2112121582,60629,60639,10
13.0308103561,80.2116165161,60639,60649,10
13.0307502747,80.2120132446,60649,60659,10
13.0306301117,80.2127227783,60659,60669,10
13.0305204391,80.2134017944,60669,60679,10
13.0304803848,80.2137985229,60679,60689,10
13.0304098129,80.2142868042,60689,60699,10
13.0303497314,80.2146911621,60699,60709,10
13.0303401947,80.2147598267,60709,60719,10
13.0303602219,80.2152786255,60719,60730,11
13.0304203033,80.2161865234,60730,60740,10
13.0304698944,80.2168807983,60740,60750,10
13.0307397842,80.2169876099,60750,60760,10
13.0309200287,80.2169723511,60760,60770,10
13.0313100815,80.2170028687,60770,60780,10
13.0314397812,80.217048645,60780,60790,10
13.0315198898,80.2174911499,60790,60800,10
13.0315799713,80.2181930542,60800,60809,9
13.0320196152,80.2184524536,60809,60819,10
13.0322599411,80.2187805176,60819,60830,11
13.0322399139,80.2191772461,60830,60841,11
13.0322303772,80.2202682495,60841,60861,20
13.0322303772,80.2202682495,60861,60871,10
13.0321903229,80.2206192017,60871,60881,10
13.031999588,80.221321106,60881,60891,10
13.0317401886,80.2219696045,60891,60901,10
13.0314702988,80.2225799561,60901,60911,10
13.0312404633,80.2230606079,60911,60921,10
13.0311603546,80.2237167358,60921,60931,10
13.0311603546,80.2239685059,60931,60941,10
13.0311498642,80.2240829468,60941,60952,11
13.0310401917,80.2243728638,60952,60962,10
13.030500412,80.2242965698,60962,60972,10
13.0297899246,80.2242584229,60972,60982,10
13.0290699005,80.2242431641,60982,60992,10
13.0289697647,80.2241973877,60992,61002,10
13.0287303925,80.2240829468,61002,61012,10
13.0284900665,80.2241897583,61012,61022,10
13.0282897949,80.2250976563,61022,61032,10
13.0281095505,80.2259902954,61032,61042,10
13.0279397964,80.2267608643,61042,61052,10
13.0279798508,80.2270278931,61052,61063,11
13.0284004211,80.2271575928,61063,61073,10
13.028550148,80.227180481,61073,61083,10
13.0289001465,80.2272415161,61083,61093,10
13.029540062,80.2273635864,61093,61103,10
13.0302200317,80.2274780273,61103,61113,10
13.0304403305,80.2277526855,61113,61123,10
13.0303697586,80.2281570435,61123,61133,10
13.0303401947,80.2285614014,61133,61143,10
13.03028965,80.2290420532,61143,61153,10
13.0304098129,80.229598999,61153,61163,10
13.0306100845,80.2301330566,61163,61174,11
13.0306997299,80.2305908203,61174,61204,30
13.0306997299,80.2305908203,61204,61214,10
13.0306596756,80.2307510376,61214,61224,10
13.0302696228,80.2307662964,61224,61234,10
13.0297403336,80.2308120728,61234,61243,9
13.0297203064,80.2308120728,61243,61254,11
13.0292797089,80.2308425903,61254,61263,9
13.0286798477,80.2308578491,61263,61274,11
13.0278100967,80.2309417725,61274,61285,11
13.0276203156,80.2312469482,61285,61295,10
13.0277099609,80.2319107056,61295,61305,10
13.0278501511,80.2325668335,61305,61315,10
13.0276098251,80.2328796387,61315,61325,10
13.0269603729,80.2329483032,61325,61335,10
13.0267000198,80.232963562,61335,61406,71
13.0267000198,80.232963562,61406,61416,10
13.0266599655,80.2329483032,61416,61426,10
13.0264101028,80.2328567505,61426,61436,10
13.0262203217,80.2322921753,61436,61446,10
13.026049614,80.2314834595,61446,61456,10
13.0258197784,80.2306365967,61456,61465,9
13.0253000259,80.2298126221,61465,61476,11
13.0247297287,80.229133606,61476,61497,21
13.0247297287,80.229133606,61497,61507,10
13.024600029,80.2290267944,61507,61517,10
13.0242996216,80.2286300659,61517,61527,10
13.0239801407,80.2282562256,61527,61537,10
13.0239601135,80.2282333374,61537,61547,10
13.0238800049,80.2281112671,61547,61557,10
13.0235795975,80.2277832031,61557,61567,10
13.0231399536,80.2273635864,61567,61577,10
13.0229902267,80.2271728516,61577,61587,10
13.0225696564,80.2267990112,61587,61597,10
13.0219497681,80.226272583,61597,61608,11
13.0212497711,80.2257232666,61608,61618,10
13.0207500458,80.2253112793,61618,61628,10
13.0200796127,80.2248382568,61628,61648,20
13.0200796127,80.2248382568,61648,61658,10
13.0200195313,80.2247924805,61658,61668,10
13.0196895599,80.2245788574,61668,61678,10
13.0188999176,80.2244415283,61678,61688,10
13.0179004669,80.224822998,61688,61698,10
13.0168399811,80.2252731323,61698,61708,10
13.0160703659,80.2255706787,61708,61719,11
13.0152101517,80.2258987427,61719,61729,10
13.0144395828,80.2261962891,61729,61738,9
13.0141201019,80.226348877,61738,61749,11
13.0139799118,80.2264480591,61749,61759,10
13.0139398575,80.2264785767,61759,61769,10
13.0137300491,80.2265701294,61769,61779,10
13.0132398605,80.2266921997,61779,61789,10
13.0124797821,80.2269592285,61789,61799,10
13.0116195679,80.2272872925,61799,61809,10
13.0107498169,80.2276382446,61809,61819,10
13.0099000931,80.2279891968,61819,61830,11
13.0091695786,80.2284927368,61830,61840,10
13.0089797974,80.2294006348,61840,61850,10
13.008769989,80.2305297852,61850,61860,10
13.0085496902,80.2317810059,61860,61870,10
13.0083503723,80.2329025269,61870,61880,10
13.0082502365,80.2336196899,61880,61900,20
13.0082502365,80.2336196899,61900,61910,10
13.0081596375,80.233757019,61910,61920,10
13.0080604553,80.2342605591,61920,61931,11
13.0079698563,80.2348022461,61931,61941,10
13.0079402924,80.2350234985,61941,61951,10
13.0078201294,80.235458374,61951,61961,10
13.0076704025,80.2362823486,61961,61971,10
13.0074796677,80.2373275757,61971,61981,10
13.0072898865,80.2383422852,61981,61991,10
13.0071201324,80.2391204834,61991,62001,10
13.0069704056,80.2400817871,62001,62062,61
13.0069704056,80.2400817871,62062,62072,10
13.0069503784,80.2403030396,62072,62082,10
13.0068998337,80.2406692505,62082,62092,10
13.0068702698,80.2407608032,62092,62102,10
13.0068397522,80.240852356,62102,62112,10
13.0067596436,80.241317749,62112,62122,10
13.0067396164,80.2421112061,62122,62132,10
13.0067195892,80.2429122925,62132,62142,10
13.0066795349,80.2435684204,62142,62152,10
13.0066604614,80.2443008423,62152,62163,11
13.0066699982,80.2452011108,62163,62173,10
13.0066995621,80.2458724976,62173,62183,10
13.0067300797,80.2466506958,62183,62193,10
13.0067396164,80.2474212646,62193,62203,10
13.0067300797,80.2482070923,62203,62213,10
13.0068597794,80.2495880127,62213,62241,28
13.0068597794,80.2495880127,62241,62249,8
13.0068902969,80.2498321533,62249,62292,43
13.0068902969,80.2498321533,62292,62302,10
13.0068597794,80.2500534058,62302,62312,10
13.0068397522,80.2502670288,62312,62322,10
13.0068397522,80.2505187988,62322,62332,10
13.0068302155,80.250831604,62332,62342,10
13.0068397522,80.251121521,62342,62352,10
13.0067796707,80.2515869141,62352,62362,10
13.0066699982,80.2520904541,62362,62372,10
13.0065803528,80.2526092529,62372,62383,11
13.0065603256,80.2533798218,62383,62393,10
13.0065603256,80.25415802,62393,62403,10
13.0065803528,80.2546463013,62403,62413,10
13.0066003799,80.2550125122,62413,62423,10
13.0065898895,80.2550201416,62423,62433,10
13.0066099167,80.2554473877,62433,62443,10
13.0066099167,80.256072998,62443,62453,10
13.0066404343,80.256729126,62453,62484,31
13.0066404343,80.256729126,62484,62494,10
13.0066299438,80.2570419312,62494,62504,10
13.0066699982,80.2574615479,62504,62514,10
13.0062999725,80.2575836182,62514,62524,10
13.0057697296,80.2574005127,62524,62534,10
13.005279541,80.2572479248,62534,62544,10
13.0047702789,80.2571182251,62544,62554,10
13.004119873,80.2569885254,62554,62564,10
13.003490448,80.2568817139,62564,62574,10
13.0030002594,80.2567825317,62574,62584,10
13.0024595261,80.2566833496,62584,62625,41
13.0024595261,80.2566833496,62625,62635,10
13.002240181,80.256652832,62635,62645,10
13.0018100739,80.2565917969,62645,62655,10
13.001159668,80.2565002441,62655,62665,10
13.0004396439,80.2563934326,62665,62675,10
13.0001001358,80.2563476563,62675,62685,10
13.0000600815,80.2563400269,62685,62695,10
12.9996995926,80.2562866211,62695,62716,21
12.9996995926,80.2562866211,62716,62726,10
12.9993696213,80.2562332153,62726,62736,10
12.998749733,80.2561035156,62736,62746,10
12.9980697632,80.2559967041,62746,62756,10
12.9974098206,80.2559280396,62756,62766,10
12.9972496033,80.2559204102,62766,62776,10
12.9970703125,80.2559204102,62776,62786,10
12.9969596863,80.2559585571,62786,62796,10
12.996919632,80.2562408447,62796,62806,10
12.9968996048,80.2566070557,62806,62817,11
12.9968900681,80.2568969727,62817,62837,20
12.9968900681,80.2568969727,62837,62847,10
12.9968595505,80.2573165894,62847,62857,10
12.9967603683,80.258102417,62857,62867,10
12.9967002869,80.2587280273,62867,62877,10
12.9966402054,80.2593078613,62877,62887,10
12.9965600967,80.2598724365,62887,62897,10
12.9965000153,80.2606582642,62897,62907,10
12.9964103699,80.2613296509,62907,62917,10
12.9963502884,80.2619171143,62917,62928,11
12.9962701797,80.2624664307,62928,62938,10
12.9962596893,80.2625274658,62938,62948,10
12.9961900711,80.2628479004,62948,62958,10
12.9961595535,80.2633514404,62958,62974,16
12.9960403442,80.2646713257,62974,62986,12
12.995929718,80.2657165527,62986,62994,8
12.9958400726,80.2665176392,62994,63006,12
12.9957504272,80.2674026489,63006,63016,10
12.9958095551,80.2677001953,63016,63026,10
12.9960699081,80.2677307129,63026,63037,11
12.9960803986,80.2677307129,63037,63047,10
12.9962797165,80.2677764893,63047,63057,10
12.9968595505,80.2677383423,63057,63067,10
12.9976596832,80.2675170898,63067,63077,10
12.9982004166,80.2673721313,63077,63086,9
12.9986600876,80.267250061,63086,63096,10
12.9994096756,80.267036438,63096,63107,11
13.0000200272,80.2667007446,63107,63117,10
13.0000495911,80.2666778564,63117,63127,10
13.000120163,80.2666168213,63127,63137,10
13.0002002716,80.2660980225,63137,63148,11
13.0002803802,80.2657089233,63148,63158,10
13.0003404617,80.2659225464,63158,63168,10
13.0002298355,80.266418457,63168,63501,333
13.0002298355,80.266418457,63501,63511,10
13.0002202988,80.2665100098,63511,63521,10
13.0001602173,80.2665481567,63521,63571,50
13.0001602173,80.2665481567,63571,63582,11
13.001540184,80.2652435303,63582,63592,10
12.9997501373,80.2666015625,63592,63602,10
13.0001401901,80.2665176392,63602,63612,10
12.9999799728,80.2667388916,63612,63622,10
13.0005598068,80.2664108276,63622,63632,10
12.9997701645,80.2666931152,63632,63642,10
13.0000600815,80.2669219971,63642,63652,10
12.9999399185,80.2669219971,63652,63662,10
12.9999303818,80.2669677734,63662,63672,10
13.0002803802,80.2664871216,63672,63682,10
13.0004997253,80.2668380737,63682,63703,21
13.0004997253,80.2668380737,63703,63713,10
13.0000600815,80.2666778564,63713,63723,10
13.0001802444,80.2664108276,63723,63783,60
13.0001897812,80.2664794922,63783,63804,21
13.0001897812,80.2664794922,63804,63814,10
13.0001602173,80.2665634155,63814,63824,10
13.000169754,80.2665710449,63824,63834,10
13.0002202988,80.2665100098,63834,63904,70
13.0002202988,80.2665100098,63904,63915,11
13.0002803802,80.2666931152,63915,63925,10
13.000289917,80.266708374,63925,63935,10
13.000169754,80.2668685913,63935,63945,10
12.9998998642,80.266960144,63945,63955,10
12.9993896484,80.2670822144,63955,63965,10
12.9988002777,80.2672424316,63965,63975,10
12.9982795715,80.2673721313,63975,63985,10
12.9976902008,80.2675704956,63985,63993,8
12.997209549,80.2677001953,63993,64005,12
12.9964895248,80.2677764893,64005,64015,10
12.9961299896,80.2677764893,64015,64026,11
12.9958400726,80.2677764893,64026,64076,50
12.9958400726,80.2677764893,64076,64086,10
12.9956798553,80.2674331665,64086,64096,10
12.9956798553,80.2674102783,64096,64106,10
12.9956798553,80.2673568726,64106,64116,10
12.9957199097,80.2669525146,64116,64126,10
12.9958095551,80.2662200928,64126,64137,11
12.9959201813,80.2652206421,64137,64147,10
12.9960002899,80.2645874023,64147,64157,10
12.9960899353,80.2638397217,64157,64167,10
12.9961700439,80.2631607056,64167,64177,10
12.9962100983,80.2627182007,64177,64187,10
12.9961996078,80.2626724243,64187,64197,10
12.996219635,80.262512207,64197,64207,10
12.9962596893,80.2621307373,64207,64217,10
12.9963302612,80.2618026733,64217,64227,10
12.9963998795,80.2611923218,64227,64237,10
12.9964599609,80.2604827881,64237,64247,10
12.9965000153,80.2599716187,64247,64258,11
12.9965496063,80.2594833374,64258,64268,10
12.9965600967,80.2594528198,64268,64278,10
12.9965696335,80.259147644,64278,64288,10
12.9966201782,80.258972168,64288,64298,10
12.9966402054,80.2587966919,64298,64308,10
12.9966602325,80.2585601807,64308,64318,10
12.9967002869,80.2580032349,64318,64520,202
12.9967002869,80.2580032349,64520,64530,10
12.9968099594,80.2577209473,64530,64540,10
12.9968500137,80.2571868896,64540,64550,10
12.9968900681,80.2567901611,64550,64560,10
12.9968900681,80.2564468384,64560,64621,61
12.9968900681,80.2564468384,64621,64631,10
12.9968395233,80.2563095093,64631,64641,10
12.9969301224,80.2560119629,64641,64651,10
12.9971904755,80.2559127808,64651,64661,10
12.9978199005,80.2559661865,64661,64671,10
12.9988002777,80.2560882568,64671,64742,71
12.9988002777,80.2560882568,64742,64752,10
12.9991102219,80.2561721802,64752,64762,10
12.9995803833,80.2562484741,64762,64772,10
13.0001602173,80.2563705444,64772,64782,10
13.0006504059,80.2564620972,64782,64793,11
13.0009698868,80.2565231323,64793,64803,10
13.0015201569,80.2566299438,64803,64813,10
13.0020799637,80.2567214966,64813,64823,10
13.0025196075,80.2567825317,64823,64833,10
13.0028400421,80.2568511963,64833,64843,10
13.0033502579,80.256942749,64843,64853,10
13.0039596558,80.2570571899,64853,64863,10
13.0044603348,80.2571411133,64863,64873,10
13.0050802231,80.2572784424,64873,64883,10
13.0055503845,80.2573623657,64883,64893,10
13.0059099197,80.2574234009,64893,64914,21
13.0059099197,80.2574234009,64914,64924,10
13.0061597824,80.2574386597,64924,64934,10
13.0062398911,80.2574768066,64934,64944,10
13.006310463,80.257522583,64944,64954,10
13.0065202713,80.2572937012,64954,64964,10
13.0065402985,80.256729126,64964,64973,9
13.0065097809,80.2559509277,64973,64983,10
13.0065402985,80.2550430298,64983,64994,11
13.0065202713,80.2540664673,64994,65003,9
13.0065097809,80.2532272339,65003,65025,22
13.0065097809,80.2532272339,65025,65035,10
13.006480217,80.2528991699,65035,65045,10
13.0065202713,80.2524871826,65045,65055,10
13.0066604614,80.2518692017,65055,65065,10
13.0067796707,80.251083374,65065,65075,10
13.0067901611,80.2502593994,65075,65085,10
13.0067796707,80.2496566772,65085,65105,20
13.0067796707,80.2496566772,65105,65115,10
13.0067796707,80.2492218018,65115,65126,11
13.0067100525,80.248626709,65126,65216,90
13.0067100525,80.248626709,65216,65226,10
13.0066795349,80.2484588623,65226,65237,11
13.006649971,80.2481079102,65237,65247,10
13.0066299438,80.2476272583,65247,65257,10
13.0066404343,80.2472915649,65257,65267,10
13.0066204071,80.2468566895,65267,65287,20
13.0066204071,80.2468566895,65287,65297,10
13.0065803528,80.2466812134,65297,65307,10
13.0066204071,80.2464065552,65307,65317,10
13.0065698624,80.2461471558,65317,65327,10
13.0065603256,80.2460174561,65327,65338,11
13.0065803528,80.2456970215,65338,65358,20
13.0065803528,80.2456970215,65358,65368,10
13.0065898895,80.2453765869,65368,65378,10
13.0065803528,80.2450790405,65378,65388,10
13.0065803528,80.2448272705,65388,65398,10
13.0065803528,80.2446594238,65398,65408,10
13.0066404343,80.2444534302,65408,65418,10
13.0066099167,80.244102478,65418,65428,10
13.0066299438,80.2438201904,65428,65438,10
13.0065898895,80.2434234619,65438,65449,11
13.0065803528,80.2426986694,65449,65459,10
13.0065803528,80.2416992188,65459,65479,20
13.0065803528,80.2416992188,65479,65489,10
13.0066003799,80.241317749,65489,65499,10
13.0066099167,80.2409133911,65499,65509,10
13.0066604614,80.2405929565,65509,65560,51
13.0066604614,80.2405929565,65560,65570,10
13.0067195892,80.2404022217,65570,65580,10
13.0067996979,80.2400512695,65580,65590,10
13.0068998337,80.2394332886,65590,65600,10
13.0070400238,80.2386703491,65600,65610,10
13.0071897507,80.2379837036,65610,65620,10
13.0073900223,80.2370605469,65620,65650,30
13.0073900223,80.2370605469,65650,65660,10
13.0074501038,80.2368011475,65660,65671,11
13.007610321,80.2361984253,65671,65681,10
13.0077600479,80.2354736328,65681,65691,10
13.0079202652,80.234703064,65691,65701,10
13.008099556,80.2338180542,65701,65711,10
13.0082702637,80.2329483032,65711,65721,10
13.0084104538,80.2321395874,65721,65731,10
13.0085897446,80.2311935425,65731,65741,10
13.0087604523,80.2304077148,65741,65751,10
13.0089702606,80.2292861938,65751,65761,10
13.0091600418,80.2284164429,65761,65771,10
13.0094900131,80.2275695801,65771,65781,10
13.0098896027,80.2266693115,65781,65792,11
13.0102500916,80.2259521484,65792,65802,10
13.0104999542,80.2254180908,65802,65812,10
13.0107002258,80.2250213623,65812,65822,10
13.0108699799,80.2245101929,65822,65832,10
13.0111103058,80.2239379883,65832,65842,10
13.0112895966,80.2234115601,65842,65852,10
13.0115804672,80.2227401733,65852,65862,10
13.0118904114,80.2219390869,65862,65872,10
13.012140274,80.2215576172,65872,65882,10
13.0122804642,80.2215194702,65882,65893,11
13.0125303268,80.221862793,65893,65903,10
13.0128097534,80.222328186,65903,65913,10
13.0131597519,80.2226791382,65913,65923,10
13.0136098862,80.2231292725,65923,65933,10
13.0139598846,80.2233963013,65933,65943,10
13.0140399933,80.223449707,65943,65952,9
13.0142002106,80.2235794067,65952,65963,11
13.0145101547,80.2239532471,65963,65973,10
13.0152301788,80.2248382568,65973,65993,20
13.0152301788,80.2248382568,65993,66004,11
13.0154895782,80.2251205444,66004,66014,10
13.0159397125,80.2253723145,66014,66024,10
13.0164899826,80.2253494263,66024,66034,10
13.0170698166,80.2251205444,66034,66044,10
13.0176496506,80.2248764038,66044,66054,10
13.0182600021,80.2246170044,66054,66064,10
13.0191402435,80.2243423462,66064,66094,30
13.0191402435,80.2243423462,66094,66104,10
13.019370079,80.2244186401,66104,66115,11
13.0197000504,80.2246170044,66115,66125,10
13.0200595856,80.2248916626,66125,66135,10
13.0205202103,80.2251968384,66135,66145,10
13.0209798813,80.2255401611,66145,66155,10
13.0215196609,80.2259674072,66155,66165,10
13.0221004486,80.2264022827,66165,66175,10
13.0227804184,80.2269668579,66175,66185,10
13.0234603882,80.2275772095,66185,66195,10
13.0242204666,80.2283325195,66195,66246,51
13.0242204666,80.2283325195,66246,66256,10
13.0243997574,80.2286071777,66256,66266,10
13.0246200562,80.2289581299,66266,66276,10
13.024939537,80.2294006348,66276,66286,10
13.0251903534,80.2296600342,66286,66306,20
13.0251903534,80.2296600342,66306,66316,10
13.0253095627,80.2297897339,66316,66327,11
13.0254802704,80.2300186157,66327,66337,10
13.0256595612,80.2303009033,66337,66347,10
13.0257701874,80.2305374146,66347,66357,10
13.0258598328,80.2307815552,66357,66367,10
13.0259799957,80.2311325073,66367,66427,60
13.0259799957,80.2311325073,66427,66438,11
13.0259504318,80.2313613892,66438,66448,10
13.0262899399,80.2313995361,66448,66458,10
13.0269098282,80.2312088013,66458,66468,10
13.0272397995,80.2311630249,66468,66538,70
13.0272397995,80.2311630249,66538,66549,11
13.0277395248,80.2310562134,66549,66640,91
13.0277395248,80.2310562134,66640,66650,10
13.028380394,80.2309799194,66650,66660,10
13.0285100937,80.2309494019,66660,66671,11
13.0286502838,80.2309265137,66671,66681,10
13.0290603638,80.2309036255,66681,66691,10
13.0293302536,80.2308807373,66691,66701,10
13.0296602249,80.2308425903,66701,66711,10
13.0302000046,80.230796814,66711,66731,20
13.0302000046,80.230796814,66731,66741,10
13.0306196213,80.2307891846,66741,66761,20
13.0306196213,80.2307891846,66761,66771,10
13.030670166,80.2305831909,66771,66781,10
13.0306196213,80.2302398682,66781,66792,11
13.0304002762,80.2296218872,66792,66802,10
13.0302600861,80.2290802002,66802,66812,10
13.0303401947,80.2285003662,66812,66832,20
13.0303401947,80.2285003662,66832,66842,10
13.0303401947,80.2284088135,66842,66852,10
13.0303602219,80.2280502319,66852,66862,10
13.030380249,80.2276916504,66862,66873,11
13.0302696228,80.2275085449,66873,66883,10
13.0298595428,80.2274475098,66883,66893,10
13.0292100906,80.2273635864,66893,66903,10
13.0286998749,80.2272720337,66903,66913,10
13.0286998749,80.2272567749,66913,66923,10
13.0284795761,80.2272186279,66923,66933,10
13.0282497406,80.227180481,66933,66943,10
13.0279502869,80.2270126343,66943,66953,10
13.0280103683,80.2265090942,66953,66963,10
13.0281095505,80.2258911133,66963,66973,10
13.028260231,80.2250595093,66973,66983,10
13.0284099579,80.2242736816,66983,66994,11
13.0287399292,80.2240829468,66994,67014,20
13.0287399292,80.2240829468,67014,67024,10
13.0288801193,80.2241668701,67024,67034,10
13.0291595459,80.224357605,67034,67044,10
13.0295295715,80.2243423462,67044,67054,10
13.0301799774,80.2243728638,67054,67064,10
13.0308904648,80.2243728638,67064,67074,10
13.031129837,80.2240982056,67074,67084,10
13.0311803818,80.2231521606,67084,67105,21
13.0311803818,80.2231521606,67105,67115,10
13.0312404633,80.2229690552,67115,67125,10
13.031419754,80.2226028442,67125,67135,10
13.0315599442,80.2222290039,67135,67145,10
13.031829834,80.2217025757,67145,67155,10
13.0320501328,80.2209625244,67155,67165,10
13.0321798325,80.2203369141,67165,67195,30
13.0321798325,80.2203369141,67195,67206,11
13.0322504044,80.2201766968,67206,67216,10
13.0322198868,80.2197723389,67216,67236,20
13.0322198868,80.2197723389,67236,67246,10
13.03221035,80.219581604,67246,67256,10
13.0321998596,80.2191696167,67256,67266,10
13.0321702957,80.2186126709,67266,67276,10
13.0316400528,80.218460083,67276,67286,10
13.0314998627,80.2178421021,67286,67296,10
13.0314397812,80.2172164917,67296,67307,11
13.03125,80.2170181274,67307,67317,10
13.0307998657,80.2170181274,67317,67327,10
13.0304803848,80.2168426514,67327,67337,10
13.0304403305,80.2166900635,67337,67347,10
13.0304203033,80.2165222168,67347,67357,10
13.0303602219,80.2161026001,67357,67367,10
13.0303297043,80.2155532837,67367,67377,10
13.0303401947,80.2145767212,67377,67407,30
13.0303401947,80.2145767212,67407,67418,11
13.0303897858,80.2143630981,67418,67428,10
13.0304498672,80.2138900757,67428,67438,10
13.0305099487,80.2135391235,67438,67448,10
13.0305404663,80.2130508423,67448,67458,10
13.0306596756,80.2124099731,67458,67468,10
13.0307397842,80.2118835449,67468,67478,10
13.0307798386,80.2116394043,67478,67488,10
13.0308599472,80.211151123,67488,67498,10
13.0309095383,80.2107696533,67498,67508,10
13.0309896469,80.2102813721,67508,67518,10
13.0309200287,80.2101593018,67518,67529,11
13.0306901932,80.210067749,67529,67539,10
13.0300397873,80.2096862793,67539,67569,30
13.0300397873,80.2096862793,67569,67579,10
13.0300397873,80.2095718384,67579,67589,10
13.0300998688,80.2093582153,67589,67599,10
13.0302600861,80.2091369629,67599,67609,10
13.030790329,80.2092514038,67609,67619,10
13.0314397812,80.2094268799,67619,67629,10
13.0316896439,80.2094421387,67629,67640,11
13.0317201614,80.2094497681,67640,67650,10
13.0319404602,80.2095031738,67650,67660,10
13.032500267,80.2095870972,67660,67670,10
13.0331897736,80.2097473145,67670,67680,10
13.0338897705,80.2098922729,67680,67690,10
13.0345897675,80.2099990845,67690,67700,10
13.0350198746,80.2099761963,67700,67710,10
13.0351295471,80.2096328735,67710,67726,16
13.035200119,80.2091522217,67726,67738,12
13.0352401733,80.2089080811,67738,67759,21
13.0352401733,80.2089080811,67759,67769,10
13.0352802277,80.2085800171,67769,67779,10
13.035320282,80.2082595825,67779,67789,10
13.0354003906,80.2077407837,67789,67799,10
13.035490036,80.2070999146,67799,67808,9
13.0355997086,80.2063369751,67808,67819,11
13.0354795456,80.2060623169,67819,67829,10
13.0355100632,80.2055892944,67829,67839,10
13.0355195999,80.2054977417,67839,67849,10
13.0355501175,80.2054290771,67849,67860,11
13.0357303619,80.2053222656,67860,67870,10
13.0358104706,80.2049789429,67870,67880,10
13.0358200073,80.2045822144,67880,67890,10
13.0358695984,80.2044067383,67890,67900,10
13.0359296799,80.2042617798,67900,67910,10
13.0359601974,80.2039337158,67910,67920,10
13.0360202789,80.2034378052,67920,67930,10
13.0361003876,80.2028579712,67930,67940,10
13.0361795425,80.2021789551,67940,67950,10
13.0362501144,80.2018432617,67950,67960,10
13.0362796783,80.2016220093,67960,67971,11
13.0362901688,80.2016067505,67971,67981,10
13.0363502502,80.2014007568,67981,67991,10
13.0364103317,80.2008972168,67991,68001,10
13.0364999771,80.2001495361,68001,68011,10
13.0366401672,80.1992721558,68011,68021,10
13.036740303,80.1986236572,68021,68031,10
13.0367698669,80.1984786987,68031,68041,10
13.0368003845,80.1983413696,68041,68051,10
13.0368404388,80.1979522705,68051,68061,10
13.0368900299,80.1974182129,68061,68072,11
13.0369901657,80.1966400146,68072,68082,10
13.03703022,80.1963806152,68082,68092,10
13.0370597839,80.1962585449,68092,68102,10
13.0370998383,80.1959533691,68102,68112,10
13.0371999741,80.1954116821,68112,68122,10
13.0373296738,80.1946563721,68122,68132,10
13.0374403,80.1938400269,68132,68142,10
13.0375204086,80.1931991577,68142,68152,10
13.0376796722,80.1929168701,68152,68162,10
13.0377101898,80.1929168701,68162,68172,10
13.0380096436,80.1928634644,68172,68183,11
13.0383796692,80.1928787231,68183,68193,10
13.0385103226,80.1929092407,68193,68203,10
13.038649559,80.1929397583,68203,68213,10
13.0387601852,80.1929626465,68213,68223,10
13.0392398834,80.1930236816,68223,68233,10
13.0397796631,80.1931228638,68233,68243,10
13.0401697159,80.1931762695,68243,68253,10
13.0408496857,80.1932830811,68253,68263,10
13.0413198471,80.193359375,68263,68273,10
13.0417203903,80.1934204102,68273,68283,10
13.0417804718,80.1936264038,68283,68294,11
13.0417299271,80.1939620972,68294,68304,10
13.0417203903,80.1941070557,68304,68314,10
13.0416603088,80.1946182251,68314,68324,10
13.0415897369,80.1950683594,68324,68334,10
13.0415697098,80.1954193115,68334,68344,10
13.0415000916,80.1958618164,68344,68354,10
13.0414800644,80.1959991455,68354,68364,10
13.041390419,80.1966629028,68364,68384,20
13.041390419,80.1966629028,68384,68394,10
13.0413198471,80.1970596313,68394,68405,11
13.0412302017,80.1975784302,68405,68415,10
13.0411396027,80.1982727051,68415,68425,10
13.0410499573,80.1988983154,68425,68435,10
13.0409898758,80.1993179321,68435,68445,10
13.0409498215,80.1995162964,68445,68455,10
13.0408802032,80.2000427246,68455,68465,10
13.040769577,80.2007217407,68465,68475,10
13.0406703949,80.2013778687,68475,68484,9
13.0405902863,80.2018508911,68484,68495,11
13.0405597687,80.2021713257,68495,68505,10
13.0404701233,80.2027664185,68505,68516,11
13.0403499603,80.2035522461,68516,68526,10
13.0402498245,80.2041091919,68526,68536,10
13.0401802063,80.2046279907,68536,68546,10
13.0401601791,80.2049407959,68546,68556,10
13.040430069,80.205116272,68556,68566,10
13.0410995483,80.2052612305,68566,68586,20
13.0410995483,80.2052612305,68586,68596,10
13.0412902832,80.2053222656,68596,68606,10
13.041680336,80.205368042,68606,68616,10
13.0421495438,80.2054367065,68616,68627,11
13.0426998138,80.205657959,68627,68637,10
13.0430803299,80.2062606812,68637,68647,10
13.0436296463,80.20703125,68647,68657,10
13.0440196991,80.2077713013,68657,68667,10
13.0440702438,80.2081222534,68667,68676,9
13.0441303253,80.2089004517,68676,68697,21
13.0441303253,80.2089004517,68697,68707,10
13.0441398621,80.2090835571,68707,68717,10
13.0441398621,80.2093505859,68717,68728,11
13.0441398621,80.2099380493,68728,68738,10
13.0441799164,80.2106399536,68738,68748,10
13.0442304611,80.2116470337,68748,68768,20
13.0442304611,80.2116470337,68768,68778,10
13.0442800522,80.2120513916,68778,68788,10
13.0444097519,80.2123336792,68788,68798,10
13.045009613,80.2123413086,68798,68808,10
13.0459003448,80.2123336792,68808,68818,10
13.0467195511,80.2122879028,68818,68839,21
13.0467195511,80.2122879028,68839,68849,10
13.0469303131,80.2123031616,68849,68869,20
13.0469303131,80.2123031616,68869,68879,10
13.0470199585,80.2121505737,68879,68889,10
13.0470104218,80.2120513916,68889,68899,10
13.0470104218,80.2117614746,68899,68909,10
13.0469903946,80.2112731934,68909,68925,16
13.0470695496,80.2108383179,68925,68937,12
13.0475997925,80.2108612061,68937,68946,9
13.0480203629,80.2108764648,68946,68958,12
13.0485401154,80.2108917236,68958,68978,20
13.0485401154,80.2108917236,68978,68988,10
13.0488195419,80.2109069824,68988,68998,10
13.0489301682,80.2109069824,68998,69007,9
13.049079895,80.2108917236,69007,69018,11
13.0493001938,80.2109375,69018,69028,10
13.0495004654,80.2109222412,69028,69038,10
13.049539566,80.2109222412,69038,69048,10
13.0496397018,80.2107772827,69048,69059,11
13.0495996475,80.2103118896,69059,69069,10
13.0495004654,80.2097702026,69069,69079,10
13.0494699478,80.2095870972,69079,69089,10
13.0494499207,80.2093429565,69089,69099,10
13.0494203568,80.2090911865,69099,69109,10
13.0493602753,80.2087631226,69109,69119,10
13.0492601395,80.2083435059,69119,69129,10
13.0490598679,80.2078323364,69129,69139,10
13.048910141,80.207359314,69139,69180,41
13.048910141,80.207359314,69180,69190,10
13.0489397049,80.2070083618,69190,69200,10
13.0491504669,80.206993103,69200,69250,50
13.0491399765,80.2073364258,69250,69805,555
13.0491399765,80.2073364258,69805,69815,10
13.0489997864,80.2077178955,69815,69826,11
13.0491504669,80.2081069946,69826,69836,10
13.0492897034,80.2086029053,69836,69846,10
13.0493803024,80.2090911865,69846,69856,10
13.0495004654,80.2096633911,69856,69866,10
13.0495996475,80.2103118896,69866,69876,10
13.049659729,80.2107086182,69876,69975,99
13.049659729,80.2107086182,69975,69984,9
13.0497102737,80.2111129761,69984,69995,11
13.0497598648,80.2115631104,69995,70005,10
13.0498199463,80.2120513916,70005,70015,10
13.049659729,80.2122192383,70015,70025,10
13.0494098663,80.2122573853,70025,70035,10
13.0493803024,80.2122573853,70035,70046,11
13.0492401123,80.2122421265,70046,70056,10
13.0488595963,80.2122421265,70056,70065,9
13.0483398438,80.2122879028,70065,70076,11
13.0475702286,80.2123413086,70076,70086,10
13.0471601486,80.2123794556,70086,70116,30
13.0471000671,80.2124176025,70116,70126,10
13.0471000671,80.2124176025,70126,70136,10
13.046790123,80.2124176025,70136,70146,10
13.0463399887,80.2124099731,70146,70157,11
13.0458097458,80.2124328613,70157,70167,10
13.0452899933,80.2124404907,70167,70349,182
13.0452899933,80.2124404907,70349,70359,10
13.0447998047,80.2124862671,70359,70370,11
13.0445995331,80.2125320435,70370,70380,10
13.0444202423,80.2124862671,70380,70390,10
13.0442495346,80.2122268677,70390,70400,10
13.0441999435,80.2116088867,70400,70410,10
13.0441799164,80.2108764648,70410,70420,10
13.0441398621,80.2100601196,70420,70430,10
13.044090271,80.2092971802,70430,70481,51
13.044090271,80.2092971802,70481,70491,10
13.0440998077,80.2090606689,70491,70501,10
13.0440797806,80.2086334229,70501,70511,10
13.0439996719,80.2079467773,70511,70527,16
13.043299675,80.2066879272,70527,70539,12
13.0426397324,80.2057571411,70539,70547,8
13.0422000885,80.2054595947,70547,70559,12
13.0415897369,80.2053222656,70559,70569,10
13.0411300659,80.2052764893,70569,70579,10
13.0407304764,80.2052078247,70579,70590,11
13.0405797958,80.2051696777,70590,70600,10
13.0400800705,80.205078125,70600,70610,10
13.0395298004,80.2050094604,70610,70620,10
13.0389699936,80.2049331665,70620,70630,10
13.0382795334,80.2048187256,70630,70640,10
13.0380897522,80.2046966553,70640,70649,9
13.0381402969,80.2043991089,70649,70660,11
13.0382003784,80.2040100098,70660,70670,10
13.0383195877,80.2032775879,70670,70680,10
13.0383796692,80.2029037476,70680,70690,10
13.0383996964,80.2027206421,70690,70701,11
13.0384502411,80.2024688721,70701,70711,10
13.0384998322,80.2020187378,70711,70721,10
13.0385198593,80.201789856,70721,70731,10
13.038599968,80.2014389038,70731,70741,10
13.0386800766,80.2009277344,70741,70751,10
13.0387496948,80.200340271,70751,70761,10
13.0388402939,80.1997528076,70761,70771,10
13.0388898849,80.199256897,70771,70781,10
13.0389204025,80.1990890503,70781,70791,10
13.0389699936,80.198638916,70791,70801,10
13.0390796661,80.1979904175,70801,70812,11
13.0391798019,80.1973724365,70812,70822,10
13.0392398834,80.1969299316,70822,70832,10
13.0392599106,80.1966629028,70832,70842,10
13.0393400192,80.1962585449,70842,70852,10
13.0394096375,80.1957473755,70852,70862,10
13.0395202637,80.1949615479,70862,70878,16
13.0396900177,80.1938781738,70878,70890,12
13.0397195816,80.1935424805,70890,70900,10
13.0397500992,80.1932296753,70900,70911,11
13.0396099091,80.1930999756,70911,70922,11
13.0390901566,80.193031311,70922,70931,9
13.0387496948,80.1929626465,70931,70942,11
13.0386695862,80.1929168701,70942,70952,10
13.0386199951,80.1928863525,70952,70962,10
13.038359642,80.1928787231,70962,70972,10
13.0379400253,80.1928863525,70972,70980,8
13.0376396179,80.1930618286,70980,70992,12
13.0374803543,80.1938095093,70992,71002,10
13.0374202728,80.1943893433,71002,71012,10
13.0372800827,80.1952590942,71012,71023,11
13.0371599197,80.1960372925,71023,71033,10
13.0371398926,80.1961975098,71033,71043,10
13.0370998383,80.1963806152,71043,71053,10
13.0370197296,80.1969528198,71053,71063,10
13.0369100571,80.1977462769,71063,71073,10
13.0368404388,80.1984481812,71073,71083,10
13.0368204117,80.1986999512,71083,71093,10
13.036740303,80.1989364624,71093,71103,10
13.0366802216,80.1994628906,71103,71113,10
13.0365896225,80.2001571655,71113,71123,10
13.0365800858,80.2008132935,71123,71134,11
13.0365200043,80.2016983032,71134,71325,191
13.0365200043,80.2016983032,71325,71335,10
13.0350399017,80.2104415894,71335,71345,10
13.0348596573,80.2109603882,71345,71356,11
13.0347299576,80.2118377686,71356,71366,10
13.0344600677,80.2121810913,71366,71376,10
13.0340099335,80.2120819092,71376,71386,10
13.0334396362,80.2119598389,71386,71396,10
13.0326795578,80.2118835449,71396,71406,10
13.0321702957,80.2117996216,71406,71416,10
13.0319700241,80.2113876343,71416,71426,10
13.0320196152,80.2107772827,71426,71436,10
13.0320596695,80.2102203369,71436,71446,10
13.0320396423,80.209777832,71446,71457,11
13.0314502716,80.2095565796,71457,71467,10
13.0305995941,80.2092971802,71467,71477,10
13.0301399231,80.2092208862,71477,71487,10
13.0300397873,80.2095108032,71487,71497,10
13.0300197601,80.2095413208,71497,71507,10
13.0299301147,80.2097396851,71507,71517,10
13.0302400589,80.2099304199,71517,71527,10
13.0307502747,80.2100906372,71527,71537,10
13.0311002731,80.2101669312,71537,71768,231
13.0311002731,80.2101669312,71768,71777,9
13.031920433,80.21849823,71777,71787,10
13.0322799683,80.2186584473,71787,71798,11
13.0321598053,80.2191696167,71798,71828,30
13.03221035,80.2203216553,71828,71848,20
13.03221035,80.2203521729,71848,71868,20
13.03221035,80.2203521729,71868,71878,10
13.031709671,80.2217636108,71878,71888,10
13.0314397812,80.2223968506,71888,71899,11
13.0312004089,80.2229385376,71899,71909,10
13.0311002731,80.2235488892,71909,71919,10
13.0310697556,80.2239837646,71919,71929,10
13.0310897827,80.2240524292,71929,71939,10
13.0310697556,80.2243499756,71939,71949,10
13.0306997299,80.2243728638,71949,71959,10
13.0300798416,80.2243499756,71959,71969,10
13.0295495987,80.2243423462,71969,71979,10
13.0289497375,80.2242279053,71979,71989,10
13.0289096832,80.2241973877,71989,71999,10
13.0286598206,80.2240905762,71999,72010,11
13.028380394,80.224357605,72010,72020,10
13.0282001495,80.2251586914,72020,72030,10
13.0280103683,80.226020813,72030,72040,10
13.027879715,80.2266616821,72040,72050,10
13.0278501511,80.2270126343,72050,72060,10
13.0281896591,80.2271499634,72060,72070,10
13.0286197662,80.2272033691,72070,72080,10
13.0287599564,80.2272262573,72080,72090,10
13.0291900635,80.2273101807,72090,72100,10
13.0297899246,80.2274017334,72100,72110,10
13.0303096771,80.2275009155,72110,72127,17
13.0303096771,80.228012085,72127,72139,12
13.03028965,80.228553772,72139,72149,10
13.0302295685,80.2289581299,72149,72159,10
13.0303297043,80.2295303345,72159,72169,10
13.030500412,80.2299880981,72169,72179,10
13.0306301117,80.2305679321,72179,72341,162
13.0306301117,80.2305679321,72341,72351,10
13.030579567,80.230796814,72351,72361,10
13.0305700302,80.230796814,72361,72371,10
13.0303697586,80.2308120728,72371,72381,10
13.0298299789,80.2308273315,72381,72401,20
13.0298299789,80.2308273315,72401,72411,10
13.0293502808,80.2308807373,72411,72421,10
13.0287303925,80.2309188843,72421,72431,10
13.0279998779,80.2309875488,72431,72442,11
13.0275802612,80.2311096191,72442,72452,10
13.0276203156,80.231628418,72452,72462,10
13.0277004242,80.2322463989,72462,72472,10
13.0277996063,80.2327804565,72472,72482,10
13.0273504257,80.2329177856,72482,72492,10
13.0270004272,80.233001709,72492,72502,10
13.0268001556,80.2330169678,72502,72512,10
13.02643013,80.2329864502,72512,72522,10
13.0261802673,80.2323989868,72522,72532,10
13.0259799957,80.2316818237,72532,72542,10
13.0257797241,80.2309494019,72542,72553,11
13.0253896713,80.2301712036,72553,72563,10
13.0250396729,80.2297134399,72563,72603,40
13.0250396729,80.2297134399,72603,72613,10
13.0249595642,80.2296218872,72613,72623,10
13.0248003006,80.2294082642,72623,72633,10
13.0246200562,80.2292022705,72633,72643,10
13.0243597031,80.2288208008,72643,72653,10
13.0240802765,80.2284927368,72653,72664,11
13.0240497589,80.2284698486,72664,72674,10
13.0239601135,80.2283477783,72674,72684,10
13.0238800049,80.2282333374,72684,72694,10
13.0238103867,80.2280807495,72694,72704,10
13.0235595703,80.2277679443,72704,72714,10
13.0230302811,80.2272720337,72714,72724,10
13.0223302841,80.2266387939,72724,72734,10
13.0216903687,80.2261123657,72734,72744,10
13.0214004517,80.2258987427,72744,72754,10
13.021030426,80.2255935669,72754,72764,10
13.0208997726,80.2255096436,72764,72775,11
13.0207195282,80.2253799438,72775,72785,10
13.0205097198,80.2252883911,72785,72795,10
13.020070076,80.2249908447,72795,72805,10
13.0193796158,80.2245788574,72805,72815,10
13.0184202194,80.2246627808,72815,72825,10
13.0174999237,80.2250366211,72825,72835,10
13.0169296265,80.2252807617,72835,72845,10
13.0166597366,80.225402832,72845,72855,10
13.0164804459,80.2254562378,72855,72865,10
13.0162401199,80.2255630493,72865,72876,11
13.0158004761,80.225692749,72876,72886,10
13.0151901245,80.2259216309,72886,72896,10
13.014380455,80.2262420654,72896,72916,20
13.014380455,80.2262420654,72916,72926,10
13.0142002106,80.2263031006,72926,72936,10
13.013759613,80.2264709473,72936,72946,10
13.0132102966,80.2266769409,72946,72956,10
13.0126104355,80.2269134521,72956,72966,10
13.0119104385,80.2271881104,72966,72976,10
13.0110797882,80.2275238037,72976,72987,11
13.0101203918,80.2279129028,72987,72997,10
13.0093097687,80.2282791138,72997,73007,10
13.0089797974,80.2290420532,73007,73017,10
13.008769989,80.2301101685,73017,73027,10
13.0085802078,80.231086731,73027,73035,8
13.0084104538,80.2319488525,73035,73047,12
13.0082101822,80.2330703735,73047,73057,10
13.0081996918,80.2332611084,73057,73067,10
13.0081796646,80.2334213257,73067,73077,10
13.008099556,80.2337036133,73077,73087,10
13.0080404282,80.2339172363,73087,73098,11
13.0079402924,80.2344207764,73098,73108,10
13.007809639,80.2350997925,73108,73118,10
13.0076503754,80.2358627319,73118,73128,10
13.0074596405,80.2368392944,73128,73138,10
13.0072603226,80.2378463745,73138,73148,10
13.0071296692,80.2386398315,73148,73158,10
13.0069799423,80.2394180298,73158,73168,10
13.0068998337,80.2399902344,73168,73279,111
13.0068998337,80.2399902344,73279,73289,10
13.0068798065,80.2402191162,73289,73299,10
13.0068397522,80.2406082153,73299,73309,10
13.0067796707,80.2408599854,73309,73320,11
13.0067396164,80.241027832,73320,73330,10
13.0066795349,80.2416534424,73330,73340,10
13.0066604614,80.2424316406,73340,73350,10
13.0066204071,80.2431716919,73350,73360,10
13.0066099167,80.2438964844,73360,73370,10
13.0066003799,80.2446136475,73370,73380,10
13.0066099167,80.2451782227,73380,73390,10
13.0066099167,80.2453765869,73390,73400,10
13.0066099167,80.2455673218,73400,73410,10
13.0066299438,80.2460784912,73410,73421,11
13.0066604614,80.2466888428,73421,73431,10
13.0066795349,80.2469329834,73431,73441,10
13.0066795349,80.2473602295,73441,73451,10
13.006649971,80.2479171753,73451,73461,10
13.0066900253,80.2486724854,73461,73471,10
13.0067901611,80.2492904663,73471,73481,10
13.0067996979,80.2494277954,73481,73491,10
13.0067996979,80.2496032715,73491,73501,10
13.0067796707,80.2500610352,73501,73511,10
13.006770134,80.2505493164,73511,73521,10
13.0066995621,80.2515335083,73521,73562,41
13.0066995621,80.2515335083,73562,73572,10
13.0066604614,80.251701355,73572,73582,10
13.0065803528,80.2521362305,73582,73592,10
13.0065002441,80.2528915405,73592,73602,10
13.0064897537,80.2537994385,73602,73612,10
13.0065202713,80.2545623779,73612,73622,10
13.006529808,80.254989624,73622,73632,10
13.0065097809,80.2550582886,73632,73643,11
13.0065097809,80.255531311,73643,73653,10
13.0065202713,80.2562179565,73653,73663,10
13.0065698624,80.2570495605,73663,73703,40
13.0065698624,80.2570495605,73703,73713,10
13.0066204071,80.2571563721,73713,73723,10
13.0065402985,80.2575378418,73723,73733,10
13.0060997009,80.2574615479,73733,73743,10
13.0057601929,80.2574005127,73743,73754,11
13.0051298141,80.2572097778,73754,73764,10
13.0044498444,80.2570877075,73764,73774,10
13.0037002563,80.2569503784,73774,73784,10
13.003080368,80.2568283081,73784,73794,10
13.0023603439,80.2567214966,73794,73823,29
13.0023603439,80.2567214966,73823,73834,11
13.0020799637,80.256652832,73834,73844,10
13.0016803741,80.2565994263,73844,73854,10
13.0011100769,80.2565078735,73854,73865,11
13.0004997253,80.2564315796,73865,73875,10
13.0004196167,80.2564163208,73875,73885,10
13.0000600815,80.2563476563,73885,73895,10
12.9999904633,80.2563323975,73895,73905,10
12.9998998642,80.2563095093,73905,73915,10
12.9995298386,80.2562713623,73915,73935,20
12.9995298386,80.2562713623,73935,73945,10
12.9993896484,80.2562408447,73945,73955,10
12.9989004135,80.2560882568,73955,73966,11
12.9980602264,80.2559890747,73966,73976,10
12.9975004196,80.2559432983,73976,73986,10
12.9971103668,80.2559204102,73986,73996,10
12.9968700409,80.256149292,73996,74006,10
12.9968004227,80.2566223145,74006,74016,10
12.9967699051,80.257019043,74016,74026,10
12.9967699051,80.2570571899,74026,74036,10
12.9967403412,80.2574234009,74036,74046,10
12.9966602325,80.2580566406,74046,74056,10
12.9966201782,80.2585372925,74056,74066,10
12.9965801239,80.2588272095,74066,74077,11
12.9965200424,80.2593917847,74077,74087,10
12.9964799881,80.2598571777,74087,74097,10
12.9964103699,80.260559082,74097,74107,10
12.9963302612,80.2611999512,74107,74117,10
12.9962797165,80.2616882324,74117,74127,10
12.9962596893,80.2620773315,74127,74137,10
12.996219635,80.2622299194,74137,74147,10
12.9961700439,80.2624816895,74147,74157,10
12.9961595535,80.262512207,74157,74167,10
12.9961500168,80.262588501,74167,74177,10
12.9961595535,80.2627029419,74177,74188,11
12.9961204529,80.2630767822,74188,74198,10
12.9960603714,80.2636795044,74198,74208,10
12.9959897995,80.2644577026,74208,74218,10
12.9959001541,80.2651824951,74218,74228,10
12.9958200455,80.2660675049,74228,74238,10
12.9957304001,80.2668380737,74238,74248,10
12.9956598282,80.2675018311,74248,74258,10
12.9960603714,80.2677307129,74258,74268,10
12.9961900711,80.2677612305,74268,74278,10
12.9966001511,80.267791748,74278,74288,10
12.9973201752,80.2676086426,74288,74299,11
12.9980697632,80.2674026489,74299,74309,10
12.9984502792,80.2672576904,74309,74335,26
12.9984502792,80.2672576904,74335,74347,12
12.9988002777,80.2671890259,74347,74355,8
12.9992904663,80.2670593262,74355,74366,11
13.0,80.2666931152,74366,74397,31
13.0,80.2666931152,74397,74408,11
13.0001401901,80.2664031982,74408,74418,10
13.000169754,80.2660217285,74418,74428,10
13.0002403259,80.2657318115,74428,74438,10
13.0003004074,80.2658691406,74438,74448,10
13.0002498627,80.2660980225,74448,74862,414
13.0002498627,80.2660980225,74862,74872,10
13.0002403259,80.2663116455,74872,74882,10
13.0002698898,80.2665863037,74882,74892,10
13.0002002716,80.2668075562,74892,74902,10
12.9998397827,80.2669525146,74902,74912,10
12.9992399216,80.2671203613,74912,74922,10
12.9985399246,80.2672805786,74922,74932,10
12.9978103638,80.2675018311,74932,74942,10
12.9970197678,80.2677307129,74942,74953,11
12.9962797165,80.2677612305,74953,74963,10
12.9957704544,80.2677230835,74963,74973,10
12.9956502914,80.2674407959,74973,74993,20
12.9956502914,80.2674407959,74993,75003,10
12.9956998825,80.2671508789,75003,75013,10
12.9957504272,80.2665176392,75013,75023,10
12.9958496094,80.2656707764,75023,75033,10
12.9959497452,80.2647781372,75033,75043,10
12.9960203171,80.2640686035,75043,75053,10
12.9961099625,80.2634429932,75053,75064,11
12.9961900711,80.2624130249,75064,75589,525
12.9961900711,80.2624130249,75589,75598,9
13.0064201355,80.2574691772,75598,75619,21
13.0064201355,80.2574691772,75619,75629,10
13.006529808,80.2574310303,75629,75639,10
13.0065402985,80.2571182251,75639,75649,10
13.0065002441,80.2564620972,75649,75659,10
13.0064601898,80.2557296753,75659,75669,10
13.0065002441,80.2551879883,75669,75679,10
13.0065002441,80.2545928955,75679,75689,10
13.0064601898,80.2539978027,75689,75699,10
13.0065402985,80.2535400391,75699,75709,10
13.0065002441,80.2532577515,75709,75720,11
13.0065002441,80.2532501221,75720,75730,10
13.0064897537,80.2529983521,75730,75740,10
13.006480217,80.2525634766,75740,75750,10
13.0066204071,80.2519302368,75750,75841,91
13.0066204071,80.2519302368,75841,75851,10
13.0067300797,80.2517166138,75851,75861,10
13.006770134,80.2512512207,75861,75871,10
13.0067796707,80.2505264282,75871,75881,10
13.0067501068,80.2497406006,75881,75891,10
13.0067195892,80.249168396,75891,75901,10
13.0067100525,80.2490234375,75901,75911,10
13.0066699982,80.248588562,75911,75921,10
13.0066299438,80.2479019165,75921,75931,10
13.0066204071,80.2472915649,75931,75942,11
13.0065698624,80.2465362549,75942,75962,20
13.0065698624,80.2465362549,75962,75972,10
13.0066099167,80.246383667,75972,75982,10
13.0066099167,80.2458190918,75982,75992,10
13.0065803528,80.2449874878,75992,76002,10
13.0065698624,80.2442169189,76002,76012,10
13.0065603256,80.2435684204,76012,76022,10
13.0065603256,80.2430114746,76022,76032,10
13.0066204071,80.242149353,76032,76042,10
13.0066003799,80.2413024902,76042,76053,11
13.0066404343,80.2407226563,76053,76063,10
13.006649971,80.2405700684,76063,76073,10
13.0067100525,80.2402801514,76073,76083,10
13.0068101883,80.2396621704,76083,76093,10
13.0069999695,80.2387924194,76093,76109,16
13.0073404312,80.2372970581,76109,76121,12
13.0074195862,80.2367019653,76121,76141,20
13.0074195862,80.2367019653,76141,76151,10
13.0074901581,80.2365188599,76151,76161,10
13.0075798035,80.2360534668,76161,76172,11
13.0077400208,80.2352981567,76172,76182,10
13.0078802109,80.23462677,76182,76192,10
13.0080404282,80.233833313,76192,76202,10
13.0082397461,80.2328262329,76202,76212,10
13.0084695816,80.2317276001,76212,76222,10
13.0086898804,80.2305374146,76222,76232,10
13.0089101791,80.2294235229,76232,76242,10
13.0091104507,80.2284698486,76242,76252,10
13.0094003677,80.2276382446,76252,76263,11
13.0098304749,80.2266769409,76263,76273,10
13.010219574,80.2259368896,76273,76283,10
13.0105600357,80.2252197266,76283,76293,10
13.010840416,80.2245483398,76293,76303,10
13.0110902786,80.2238922119,76303,76313,10
13.0112495422,80.2235031128,76313,76323,10
13.0113096237,80.2233200073,76323,76333,10
13.0115299225,80.2228775024,76333,76343,10
13.0116996765,80.2222366333,76343,76353,10
13.0120401382,80.2215805054,76353,76363,10
13.0123996735,80.2216873169,76363,76374,11
13.0127401352,80.2222976685,76374,76384,10
13.013299942,80.2228164673,76384,76394,10
13.0138196945,80.2233123779,76394,76404,10
13.0141201019,80.2235336304,76404,76414,10
13.0144195557,80.2237930298,76414,76424,10
13.0147600174,80.2242507935,76424,76434,10
13.0152397156,80.2248306274,76434,76444,10
13.0155296326,80.2250137329,76444,76454,10
13.0155496597,80.2250213623,76454,76464,10
13.0156803131,80.2251586914,76464,76474,10
13.0160303116,80.2253112793,76474,76485,11
13.0167503357,80.2252120972,76485,76495,10
13.0175600052,80.2249221802,76495,76505,10
13.0184803009,80.224571228,76505,76515,10
13.0193004608,80.224319458,76515,76535,20
13.0193004608,80.224319458,76535,76545,10
13.019370079,80.2243728638,76545,76555,10
13.0196800232,80.2245178223,76555,76565,10
13.0201396942,80.224861145,76565,76575,10
13.0207195282,80.2252883911,76575,76585,10
13.0212697983,80.2257080078,76585,76596,11
13.0219402313,80.2262420654,76596,76606,10
13.0225696564,80.2268066406,76606,76622,16
13.0237398148,80.2278366089,76622,76634,12
13.0243701935,80.2285690308,76634,76644,10
13.0246696472,80.2289886475,76644,76654,10
13.0250501633,80.2294921875,76654,76664,10
13.0253295898,80.2298126221,76664,76674,10
13.0253601074,80.229850769,76674,76684,10
13.0255498886,80.2301635742,76684,76694,10
13.0258197784,80.2306213379,76694,76714,20
13.0258197784,80.2306213379,76714,76725,11
13.0259304047,80.2308807373,76725,76734,9
13.0259895325,80.2311477661,76734,76745,11
13.0261297226,80.2313766479,76745,76755,10
13.0265903473,80.231262207,76755,76765,10
13.0271997452,80.231086731,76765,76775,10
13.0278100967,80.2309799194,76775,76785,10
13.028459549,80.2309036255,76785,76816,31
13.028459549,80.2309036255,76816,76826,10
13.0287704468,80.2308731079,76826,76836,10
13.0292301178,80.2308197021,76836,76846,10
13.0295600891,80.2307662964,76846,76856,10
13.0300502777,80.2307128906,76856,76866,10
13.0305900574,80.230682373,76866,76876,10
13.0306501389,80.2304763794,76876,76886,10
13.0305900574,80.2300872803,76886,76896,10
13.0303297043,80.2294006348,76896,76906,10
13.0302696228,80.228843689,76906,76917,11
13.0303201675,80.2282867432,76917,76957,40
13.0303201675,80.2282867432,76957,76967,10
13.030380249,80.2280578613,76967,76977,10
13.0304098129,80.2277526855,76977,76987,10
13.0304203033,80.2275390625,76987,76997,10
13.0300798416,80.2274169922,76997,77007,10
13.0296802521,80.2273635864,77007,77017,10
13.0291404724,80.2272720337,77017,77028,11
13.0286102295,80.227180481,77028,77048,20
13.0286102295,80.227180481,77048,77058,10
13.0284404755,80.2271118164,77058,77068,10
13.0281095505,80.2270584106,77068,77078,10
13.027879715,80.2268829346,77078,77088,10
13.0279397964,80.2265167236,77088,77098,10
13.0280199051,80.2260818481,77098,77108,10
13.0281600952,80.2255325317,77108,77118,10
13.0283098221,80.224822998,77118,77128,10
13.028429985,80.2241821289,77128,77139,11
13.0288200378,80.2240371704,77139,77159,20
13.0288200378,80.2240371704,77159,77169,10
13.0289402008,80.2241210938,77169,77179,10
13.0291700363,80.2242736816,77179,77189,10
13.0297403336,80.2242507935,77189,77199,10
13.0303602219,80.2242889404,77199,77209,10
13.0310201645,80.2242507935,77209,77219,10
13.0311203003,80.2238616943,77219,77229,10
13.0311498642,80.2232437134,77229,77250,21
13.0311498642,80.2232437134,77250,77260,10
13.0311803818,80.2230606079,77260,77270,10
13.03125,80.2228088379,77270,77280,10
13.0314598083,80.2223815918,77280,77290,10
13.0316200256,80.2220001221,77290,77300,10
13.0318202972,80.2216491699,77300,77310,10
13.0319700241,80.2211608887,77310,77320,10
13.032119751,80.2205886841,77320,77330,10
13.0321702957,80.2202835083,77330,77340,10
13.0321798325,80.2200775146,77340,77350,10
13.0321798325,80.2198181152,77350,77371,21
13.0321798325,80.2198181152,77371,77381,10
13.0322198868,80.2195968628,77381,77391,10
13.0322198868,80.2192230225,77391,77401,10
13.0321903229,80.218711853,77401,77411,10
13.0318899155,80.2184295654,77411,77421,10
13.0314998627,80.2180862427,77421,77431,10
13.0314598083,80.2173080444,77431,77441,10
13.0313901901,80.217010498,77441,77451,10
13.031080246,80.2169494629,77451,77461,10
13.0306100845,80.2169418335,77461,77472,11
13.0304803848,80.2166671753,77472,77482,10
13.0304603577,80.2166366577,77482,77492,10
13.0304298401,80.2165222168,77492,77502,10
13.0304002762,80.2162399292,77502,77512,10
13.0303401947,80.215713501,77512,77522,10
13.0303297043,80.2151565552,77522,77532,10
13.0303602219,80.2145462036,77532,77552,20
13.0303602219,80.2145462036,77552,77562,10
13.0304498672,80.2141036987,77562,77573,11
13.0305099487,80.2136383057,77573,77582,9
13.0305204391,80.2134017944,77582,77593,11
13.0306196213,80.2127532959,77593,77603,10
13.0306997299,80.2121124268,77603,77613,10
13.0307598114,80.2116470337,77613,77623,10
13.0308198929,80.2113037109,77623,77633,10
13.0308504105,80.2110519409,77633,77643,10
13.0309495926,80.2104415894,77643,77653,10
13.030960083,80.2101974487,77653,77663,10
13.0308599472,80.2100524902,77663,77673,10
13.0306100845,80.2099685669,77673,77684,11
13.030090332,80.2098007202,77684,77694,10
13.030090332,80.2092819214,77694,77744,50
13.030090332,80.2092819214,77744,77754,10
13.0301799774,80.2091293335,77754,77764,10
13.0304803848,80.2090835571,77764,77774,10
13.0311403275,80.2092666626,77774,77784,10
13.0316495895,80.2093734741,77784,77795,11
13.0317201614,80.2093582153,77795,77805,10
13.0321397781,80.2094573975,77805,77815,10
13.0328998566,80.2096328735,77815,77825,10
13.0337896347,80.2098388672,77825,77835,10
13.0346498489,80.2099761963,77835,77845,10
13.0350904465,80.2097320557,77845,77855,10
13.0351896286,80.2090377808,77855,77865,10
13.0352096558,80.2088165283,77865,77875,10
13.0352401733,80.208770752,77875,77885,10
13.0353002548,80.2083129883,77885,77895,10
13.0354003906,80.2076721191,77895,77906,11
13.0355195999,80.2068099976,77906,77916,10
13.035610199,80.206161499,77916,77926,10
13.0354700089,80.205909729,77926,77936,10
13.0355300903,80.205329895,77936,77956,20
13.0355300903,80.205329895,77956,77966,10
13.03565979,80.2052230835,77966,77976,10
13.0358104706,80.2049026489,77976,77986,10
13.035900116,80.2043762207,77986,77996,10
13.0359897614,80.2038574219,77996,78007,11
13.0361003876,80.2030792236,78007,78016,9
13.0361995697,80.2023391724,78016,78027,11
13.0362796783,80.2015991211,78027,78037,10
13.0362796783,80.2015686035,78037,78047,10
13.0362997055,80.2015380859,78047,78057,10
13.0363702774,80.2012023926,78057,78067,10
13.0364599228,80.200592041,78067,78077,10
13.0365800858,80.1997299194,78077,78087,10
13.0367603302,80.1983566284,78087,78107,20
13.0367603302,80.1983566284,78107,78118,11
13.0368299484,80.1980209351,78118,78128,10
13.0368900299,80.1976089478,78128,78138,10
13.0369796753,80.1969909668,78138,78148,10
13.0370397568,80.1963577271,78148,78158,10
13.0370597839,80.1962280273,78158,78174,16
13.0371198654,80.1959228516,78174,78186,12
13.0372104645,80.195350647,78186,78194,8
13.0373096466,80.1947479248,78194,78206,12
13.0374698639,80.193611145,78206,78216,10
13.0375699997,80.1929092407,78216,78227,11
13.0378398895,80.1927566528,78227,78237,10
13.0382404327,80.1927719116,78237,78247,10
13.0388402939,80.1928787231,78247,78267,20
13.0388402939,80.1928787231,78267,78277,10
13.0392103195,80.1929397583,78277,78287,10
13.0396604538,80.1930236816,78287,78297,10
13.0400400162,80.1930618286,78297,78307,10
13.040599823,80.1931304932,78307,78317,10
13.0411300659,80.1932220459,78317,78327,10
13.0416202545,80.1932983398,78327,78338,11
13.0417299271,80.1936569214,78338,78348,10
13.0417003632,80.193939209,78348,78358,10
13.0416898727,80.1940231323,78358,78368,10
13.0416402817,80.1944503784,78368,78378,10
13.0415401459,80.1951217651,78378,78388,10
13.0414400101,80.1957626343,78388,78398,10
13.0413503647,80.1963500977,78398,78408,10
13.0413198471,80.1968078613,78408,78418,10
13.0412902832,80.1968612671,78418,78428,10
13.0412597656,80.1971206665,78428,78438,10
13.0411701202,80.1977005005,78438,78449,11
13.0410499573,80.1984405518,78449,78459,10
13.0409803391,80.1989974976,78459,78469,10
13.0409603119,80.1993408203,78469,78479,10
13.0409297943,80.1995162964,78479,78489,10
13.0408096313,80.2001190186,78489,78499,10
13.0407304764,80.2009124756,78499,78509,10
13.0405902863,80.2017211914,78509,78519,10
13.0405397415,80.2020797729,78519,78529,10
13.0404396057,80.2027435303,78529,78545,16
13.0402297974,80.2042007446,78545,78558,13
13.0401296616,80.2049484253,78558,78568,10
13.0404996872,80.205078125,78568,78578,10
13.041009903,80.2051391602,78578,78588,10
13.0411701202,80.2052001953,78588,78598,10
13.0416002274,80.2052612305,78598,78608,10
13.0423002243,80.2053833008,78608,78618,10
13.0427103043,80.2056808472,78618,78627,9
13.0431699753,80.2063827515,78627,78638,11
13.0436601639,80.2070999146,78638,78648,10
13.0439996719,80.2078018188,78648,78657,9
13.0441303253,80.2090911865,78657,78679,22
13.0441303253,80.2090911865,78679,78689,10
13.0441303253,80.2094802856,78689,78699,10
13.0441598892,80.2102432251,78699,78709,10
13.0441904068,80.211227417,78709,78719,10
13.0442695618,80.212020874,78719,78729,10
13.0443096161,80.2122421265,78729,78739,10
13.0445404053,80.2122573853,78739,78749,10
13.0451602936,80.2122268677,78749,78759,10
13.0459604263,80.2122192383,78759,78769,10
13.0467596054,80.2121734619,78769,78780,11
13.0470304489,80.2120437622,78780,78790,10
13.0470304489,80.2119064331,78790,78800,10
13.04708004,80.211807251,78800,78810,10
13.0470399857,80.2114105225,78810,78820,10
13.0469903946,80.2109680176,78820,78830,10
13.0471897125,80.2107620239,78830,78840,10
13.0477199554,80.2108001709,78840,78850,10
13.0482301712,80.2108001709,78850,78860,10
13.0487499237,80.2108078003,78860,78870,10
13.049200058,80.2108306885,78870,78881,11
13.0495595932,80.2108001709,78881,78891,10
13.0496397018,80.2105178833,78891,78901,10
13.0495700836,80.2098388672,78901,78911,10
13.0494804382,80.2090988159,78911,78921,10
13.0493402481,80.2084884644,78921,78931,10
13.049079895,80.2077789307,78931,78941,10
13.048910141,80.2071914673,78941,78951,10
13.0488395691,80.2069091797,78951,78961,10
13.0489902496,80.2068862915,78961,78971,10
13.0490999222,80.2070922852,78971,79325,354
13.0490999222,80.2070922852,79325,79335,10
13.0490903854,80.2072906494,79335,79345,10
13.0490503311,80.2073822021,79345,79355,10
13.0490703583,80.207321167,79355,79365,10
13.0490703583,80.207359314,79365,79375,10
13.0490703583,80.2073822021,79375,79385,10
13.0490598679,80.2073822021,79385,79395,10
13.0490503311,80.2073898315,79395,79406,11
13.0490503311,80.2073974609,79406,79436,30
13.0490503311,80.2073974609,79436,79446,10
13.049079895,80.207359314,79446,79486,40
13.049079895,80.207359314,79486,79496,10
13.0489997864,80.2074584961,79496,79506,10
13.0490398407,80.2076187134,79506,79516,10
13.0491600037,80.2080383301,79516,79526,10
13.0493402481,80.2087173462,79526,79536,10
13.0493602753,80.2090835571,79536,79547,11
13.0494699478,80.2096862793,79547,79557,10
13.0496101379,80.210357666,79557,79567,10
13.0496997833,80.2109985352,79567,79577,10
13.0498304367,80.2118377686,79577,79587,10
13.0495300293,80.2121810913,79587,79627,40
13.0495300293,80.2121810913,79627,79638,11
13.0490102768,80.2121734619,79638,79648,10
13.0482797623,80.2122192383,79648,79658,10
13.0473403931,80.212310791,79658,79667,9
13.0464601517,80.2123184204,79667,79678,11
13.0456399918,80.2123565674,79678,79688,10
13.0448598862,80.2124023438,79688,79728,40
13.0448598862,80.2124023438,79728,79738,10
13.0446195602,80.2124633789,79738,79749,11
13.0443496704,80.2123565674,79749,79759,10
13.044210434,80.2119369507,79759,79769,10
13.0441703796,80.2111587524,79769,79779,10
13.0441598892,80.2104263306,79779,79789,10
13.0441303253,80.2097015381,79789,79799,10
13.0440998077,80.2091903687,79799,79808,9
13.0440998077,80.208946228,79808,79819,11
13.0440797806,80.208732605,79819,79829,10
13.0440702438,80.2080383301,79829,79839,10
13.0437202454,80.2071228027,79839,79848,9
13.0430898666,80.2062606812,79848,79860,12
13.0422801971,80.2052612305,79860,79870,10
13.0416202545,80.2052078247,79870,79880,10
13.0408401489,80.2051391602,79880,79890,10
13.0401601791,80.2050170898,79890,79900,10
13.0394897461,80.2049331665,79900,79910,10
13.0388202667,80.2048187256,79910,79920,10
13.0381402969,80.2047271729,79920,79930,10
13.0381402969,80.2043075562,79930,79940,10
13.0382604599,80.2036590576,79940,79950,10
13.0383901596,80.2028121948,79950,79960,10
13.0385103226,80.2021026611,79960,79971,11
13.0385904312,80.2015991211,79971,79981,10
13.0386400223,80.2011184692,79981,79991,10
13.0387401581,80.200378418,79991,80001,10
13.038860321,80.1996383667,80001,80011,10
13.0389795303,80.1989212036,80011,80021,10
13.0390901566,80.1980667114,80021,80031,10
13.0392198563,80.1971664429,80031,80041,10
13.0392999649,80.196762085,80041,80051,10
13.0393400192,80.1964111328,80051,80061,10
13.0393800735,80.1958770752,80061,80072,11
13.0393800735,80.1952514648,80072,80122,50
13.0393800735,80.1952514648,80122,80132,10
13.0387401581,80.1928634644,80132,80142,10
13.0386400223,80.1928405762,80142,80152,10
13.038359642,80.1928024292,80152,80162,10
13.0381298065,80.192779541,80162,80172,10
13.0376195908,80.1936187744,80172,80183,11
13.0369997025,80.1944885254,80183,80193,10
13.0372200012,80.1953277588,80193,80203,10
13.0371398926,80.1960296631,80203,80213,10
13.0370903015,80.1960983276,80213,80223,10
13.0369701385,80.1969680786,80223,80233,10
13.036939621,80.1977081299,80233,80243,10
13.0368700027,80.1992111206,80243,80967,724
13.0368700027,80.1992111206,80967,80977,10
13.0313396454,80.2231521606,80977,80987,10
13.0311603546,80.2230911255,80987,80997,10
13.0311002731,80.2237091064,80997,81007,10
13.0311098099,80.2240600586,81007,81017,10
13.0310697556,80.2242584229,81017,81027,10
13.0306797028,80.224281311,81027,81037,10
13.0300798416,80.224281311,81037,81047,10
13.0294799805,80.2242965698,81047,81058,11
13.0290803909,80.224281311,81058,81068,10
13.0289201736,80.2242126465,81068,81078,10
13.0286102295,80.2240829468,81078,81088,10
13.0283498764,80.2244796753,81088,81098,10
13.0281600952,80.2253494263,81098,81108,10
13.027970314,80.2261810303,81108,81118,10
13.027879715,80.2266921997,81118,81128,10
13.027970314,80.2269668579,81128,81138,10
13.0284204483,80.2270965576,81138,81147,9
13.0289096832,80.227180481,81147,81158,11
13.0296897888,80.2273178101,81158,81169,11
13.0303401947,80.2274627686,81169,81179,10
13.0303697586,80.2277679443,81179,81189,10
13.0303401947,80.2280578613,81189,81198,9
13.0303001404,80.2283096313,81198,81209,11
13.0302495956,80.2290115356,81209,81220,11
13.0304698944,80.2296981812,81220,81230,10
13.0306901932,80.2304916382,81230,81240,10
13.0305995941,80.2307281494,81240,81250,10
13.0301799774,80.2307662964,81250,81260,10
13.0297298431,80.2308120728,81260,81271,11
13.029589653,80.2308120728,81271,81281,10
13.0292196274,80.2308502197,81281,81291,10
13.0284795761,80.2309265137,81291,81301,10
13.0278997421,80.2309875488,81301,81311,10
13.0276203156,80.2310714722,81311,81321,10
13.0276298523,80.2315368652,81321,81331,10
13.0277395248,80.2321472168,81331,81340,9
13.0278396606,80.2326278687,81340,81350,10
13.0274295807,80.2328720093,81350,81361,11
13.0269203186,80.2329788208,81361,81372,11
13.0265398026,80.233039856,81372,81563,191
13.0265398026,80.233039856,81563,81573,10
13.0161304474,80.2255477905,81573,81583,10
13.0156002045,80.2258834839,81583,81593,10
13.0142498016,80.2262802124,81593,81614,21
13.0142498016,80.2262802124,81614,81624,10
13.0139198303,80.2263336182,81624,81634,10
13.0131702423,80.2266769409,81634,81651,17
13.0118198395,80.2272262573,81651,81663,12
13.0107698441,80.2276382446,81663,81672,9
13.0100603104,80.2279281616,81672,81683,11
13.0092697144,80.2283172607,81683,81693,10
13.0089998245,80.2291793823,81693,81703,10
13.0087995529,80.230178833,81703,81714,11
13.0085601807,80.2313613892,81714,81724,10
13.0083503723,80.2325134277,81724,81734,10
13.0082197189,80.2334518433,81734,81744,10
13.008099556,80.2338562012,81744,81754,10
13.0080404282,80.2340316772,81754,81764,10
13.0079097748,80.2346572876,81764,81774,10
13.0077295303,80.2356033325,81774,81784,10
13.007519722,80.2367630005,81784,81794,10
13.0073003769,80.237953186,81794,81804,10
13.0071001053,80.2390365601,81804,81814,10
13.0069503784,80.2400970459,81814,81875,61
13.0069503784,80.2400970459,81875,81885,10
13.0068998337,80.2405166626,81885,81895,10
13.006819725,80.2408905029,81895,81905,10
13.0067300797,80.2416610718,81905,81915,10
13.0066900253,80.2425613403,81915,81926,11
13.0066404343,80.2434616089,81926,81936,10
13.0066299438,80.2443008423,81936,81946,10
13.006649971,80.2451782227,81946,81956,10
13.0066795349,80.2459869385,81956,81966,10
13.0066995621,80.2468490601,81966,81976,10
13.0067195892,80.2472991943,81976,81986,10
13.0066995621,80.2478637695,81986,81996,10
13.0066995621,80.2487716675,81996,82006,10
13.0067596436,80.249961853,82006,82016,10
13.0067796707,80.2503509521,82016,82026,10
13.0067996979,80.2506408691,82026,82037,11
13.0067796707,80.2513885498,82037,82047,10
13.0066299438,80.2520523071,82047,82057,10
13.0065402985,80.2529602051,82057,82067,10
13.0065097809,80.2540435791,82067,82077,10
13.0065803528,80.2549362183,82077,82087,10
13.0065698624,80.2550430298,82087,82097,10
13.0065603256,80.2553329468,82097,82107,10
13.0065803528,80.2559967041,82107,82117,10
13.0066099167,80.2568435669,82117,82127,10
13.0066995621,80.25730896,82127,82137,10
13.0066995621,80.2573394775,82137,82148,11
13.0062599182,80.2575378418,82148,82158,10
13.0056600571,80.2574005127,82158,82168,10
13.0049495697,80.257270813,82168,82178,10
13.0041599274,80.2570800781,82178,82188,10
13.0034399033,80.256942749,82188,82198,10
13.0027103424,80.2568206787,82198,82208,10
13.0018901825,80.2566833496,82208,82218,10
13.0011501312,80.2565612793,82218,82228,10
13.0003099442,80.256439209,82228,82244,16
12.9986400604,80.2561264038,82244,82265,21
12.9986400604,80.2561264038,82265,82276,11
12.9982204437,80.2560806274,82276,82287,11
12.9977397919,80.2559967041,82287,82297,10
12.9972696304,80.2559585571,82297,82307,10
12.9968900681,80.2561721802,82307,82317,10
12.9968204498,80.2566680908,82317,82327,10
12.9968299866,80.2567596436,82327,82337,10
12.9968004227,80.2571029663,82337,82346,9
12.9967403412,80.2577590942,82346,82357,11
12.9966096878,80.2588195801,82357,82368,11
12.9964799881,80.2599182129,82368,82378,10
12.9963903427,80.2609710693,82378,82388,10
12.9963197708,80.2618408203,82388,82398,10
12.9962301254,80.2622680664,82398,82408,10
12.9962301254,80.2623596191,82408,82418,10
12.9961500168,80.262840271,82418,82428,10
12.9960899353,80.2635574341,82428,82438,10
12.9960203171,80.2643585205,82438,82448,10
12.9959201813,80.26512146,82448,82458,10
12.9958400726,80.2661132813,82458,82468,10
12.9957504272,80.2670593262,82468,82479,11
12.9958200455,80.2676391602,82479,82489,10
12.9960002899,80.2676696777,82489,82499,10
12.9961395264,80.2676925659,82499,82509,10
12.9965801239,80.2677383423,82509,82519,10
12.9972801208,80.267616272,82519,82529,10
12.9980697632,80.2674179077,82529,82539,10
12.9988803864,80.2671890259,82539,82549,10
12.9995803833,80.2669906616,82549,82559,10
13.0000896454,80.2666778564,82559,82569,10
13.000120163,80.2666091919,82569,82579,10
13.0002002716,80.2662811279,82579,82590,11
13.0002403259,80.2658004761,82590,82600,10
13.0002803802,80.2654800415,82600,82610,10
13.0003595352,80.2650680542,82610,82741,131
13.0003499985,80.2648391724,82741,82984,243
13.0003499985,80.2648391724,82984,82994,10
13.0002202988,80.2649536133,82994,83004,10
13.0003595352,80.2648086548,83004,83015,11
13.0003595352,80.2645263672,83015,83035,20
13.0003595352,80.2645263672,83035,83045,10
13.0008096695,80.262802124,83045,83055,10
13.0009002686,80.2621994019,83055,83065,10
13.0009403229,80.2616500854,83065,83075,10
13.0009803772,80.2609405518,83075,83085,10
13.0010099411,80.2601165771,83085,83094,9
13.0010404587,80.2594604492,83094,83105,11
13.0010004044,80.2586593628,83105,83115,10
13.0010499954,80.257850647,83115,83126,11
13.0010795593,80.2570800781,83126,83136,10
13.0009202957,80.2564697266,83136,83146,10
13.0001802444,80.256362915,83146,83156,10
12.9993600845,80.256187439,83156,83166,10
12.9986801147,80.2560577393,83166,83176,10
12.9980297089,80.2560119629,83176,83186,10
12.997759819,80.2560119629,83186,83206,20
12.997759819,80.2560119629,83206,83216,10
12.9976997375,80.2564697266,83216,83416,200
12.9976997375,80.2564697266,83416,83426,10
