12.986700058,80.2593231201,13,1163,1150
12.986700058,80.2593231201,1163,1173,10
12.9867200851,80.2590484619,1173,1183,10
12.9867401123,80.2588577271,1183,1193,10
12.9867095947,80.2586669922,1193,1910,717
12.9867095947,80.2586669922,1910,1920,10
12.9866399765,80.2587203979,1920,1950,30
12.9866399765,80.2587203979,1950,1960,10
12.9865198135,80.2586898804,1960,3382,1422
12.9863700867,80.2585983276,3382,3645,263
12.9864997864,80.2587280273,3645,3977,332
12.9867200851,80.2590408325,3977,4018,41
12.9868898392,80.2591781616,4018,4119,101
12.9867601395,80.2594909668,4119,4472,353
12.9868202209,80.2594985962,4472,5208,736
12.9867296219,80.2593536377,5208,5440,232
12.9867296219,80.2593536377,5440,5450,10
12.9866600037,80.2594299316,5450,5995,545
12.9866399765,80.259437561,5995,7458,1463
12.986700058,80.2593307495,7458,8234,776
12.9866895676,80.259437561,8234,14650,6416
12.9868297577,80.259147644,14650,15296,646
12.9868297577,80.259147644,15296,15306,10
12.986700058,80.2593612671,15306,18289,2983
12.9867200851,80.2596206665,18289,18489,200
12.9867095947,80.2594528198,18489,18550,61
12.9866600037,80.2595291138,18550,19001,451
12.9873104095,80.2594985962,19001,19031,30
12.9873399734,80.2591094971,19031,19061,30
12.9875402451,80.2560424805,19061,19138,77
12.9877099991,80.2548828125,19138,19168,30
12.9879102707,80.2526321411,19168,19198,30
12.9872598648,80.2516174316,19198,19229,31
12.9847202301,80.252243042,19229,19259,30
12.9799203873,80.2521820068,19259,19335,76
12.9806003571,80.2497711182,19335,19369,34
12.980890274,80.2466812134,19369,19399,30
12.9812402725,80.2437286377,19399,19429,30
12.9813699722,80.2428207397,19429,19458,29
12.9813604355,80.2406692505,19458,19490,32
12.981300354,80.2381668091,19490,19520,30
12.9816904068,80.2332611084,19520,19594,74
12.9819602966,80.2314987183,19594,19628,34
12.9812602997,80.2299423218,19628,19658,30
12.9808301926,80.2291488647,19658,19688,30
12.9800596237,80.2278823853,19688,19719,31
12.9784603119,80.225227356,19719,19749,30
12.9765901566,80.2222518921,19749,19830,81
12.9753503799,80.2207870483,19830,19860,30
12.9743404388,80.2204208374,19860,19890,30
12.9721097946,80.2194976807,19890,19920,30
12.970700264,80.2190170288,19920,19951,31
12.9685897827,80.2180862427,19951,19982,31
12.9666404724,80.2172927856,19982,20012,30
12.9644498825,80.2164230347,20012,20040,28
12.9636201859,80.2154922485,20040,20073,33
12.9637899399,80.2147369385,20073,20103,30
12.964799881,80.2097320557,20103,20181,78
12.9651603699,80.2074737549,20181,20211,30
12.9653701782,80.2056732178,20211,20241,30
12.9655704498,80.2045288086,20241,20270,29
12.9658203125,80.2023696899,20270,20302,32
12.9654397964,80.2007827759,20302,20332,30
12.9650602341,80.200050354,20332,20362,30
12.964799881,80.1983413696,20362,20391,29
12.9647397995,80.1954879761,20391,20452,61
12.9650802612,80.1931762695,20452,20482,30
12.9655599594,80.1905975342,20482,20513,31
12.9659204483,80.1887588501,20513,20543,30
12.964969635,80.1882095337,20543,20573,30
12.9632501602,80.1876831055,20573,20603,30
12.9616203308,80.1873626709,20603,20632,29
12.9603300095,80.1871490479,20632,20664,32
12.958820343,80.1870193481,20664,20694,30
12.9569396973,80.18699646,20694,20724,30
12.955739975,80.186920166,20724,20754,30
12.9556903839,80.1861724854,20754,20785,31
12.9559202194,80.185508728,20785,20814,29
12.9560003281,80.185760498,20814,21239,425
12.9561100006,80.1858901978,21239,21269,30
12.9561195374,80.1864471436,21269,21300,31
12.9562301636,80.186920166,21300,21330,30
12.9581699371,80.1870117188,21330,21361,31
12.9581699371,80.1870117188,21361,21391,30
12.9596395493,80.1870727539,21391,21401,10
12.9601802826,80.1871032715,21401,21411,10
12.9605798721,80.1871490479,21411,21421,10
12.9609804153,80.1872177124,21421,21431,10
12.9614896774,80.187286377,21431,21441,10
12.9620199203,80.1873931885,21441,21451,10
12.9626302719,80.1875305176,21451,21461,10
12.9632101059,80.1876373291,21461,21471,10
12.9638595581,80.187828064,21471,21482,11
12.9645795822,80.1880493164,21482,21492,10
12.9652500153,80.1883010864,21492,21502,10
12.9654903412,80.1884002686,21502,21512,10
12.9656095505,80.1884384155,21512,21522,10
12.9658603668,80.1885375977,21522,21532,10
12.9659404755,80.1887588501,21532,21542,10
12.9658403397,80.1892471313,21542,21552,10
12.9656801224,80.1900100708,21552,21562,10
12.9654598236,80.1909179688,21562,21572,10
12.9653196335,80.1916427612,21572,21582,10
12.9652900696,80.1918029785,21582,21593,11
12.965180397,80.1921615601,21593,21603,10
12.9650802612,80.1926498413,21603,21613,10
12.9650201797,80.1933288574,21613,21623,10
12.9648504257,80.194190979,21623,21633,10
12.9647102356,80.1949462891,21633,21643,10
12.9646701813,80.1956710815,21643,21653,10
12.9647197723,80.1961593628,21653,21663,10
12.9647798538,80.1964569092,21663,21673,10
12.9647703171,80.196937561,21673,21683,10
12.9647903442,80.1970825195,21683,21692,9
12.9647598267,80.1975021362,21692,21704,12
12.9647798538,80.1984176636,21704,21714,10
12.9647798538,80.1990966797,21714,21724,10
12.9649496078,80.1996688843,21724,21734,10
12.9651699066,80.2000579834,21734,21744,10
12.9654798508,80.2004013062,21744,21754,10
12.9653701782,80.2011108398,21754,21764,10
12.9653396606,80.2013397217,21764,21774,10
12.9654197693,80.2017211914,21774,21784,10
12.965669632,80.2017822266,21784,21794,10
12.9657897949,80.2022705078,21794,21804,10
12.9657402039,80.2031326294,21804,21814,10
12.9656496048,80.2040100098,21814,21825,11
12.9655504227,80.2046279907,21825,21835,10
12.9655303955,80.2046737671,21835,21845,10
12.965470314,80.2050704956,21845,21855,10
12.9653501511,80.2057418823,21855,21865,10
12.9652996063,80.2063903809,21865,21875,10
12.9652500153,80.2069625854,21875,21885,10
12.9652395248,80.2070617676,21885,21895,10
12.9651699066,80.2075195313,21895,21905,10
12.9650602341,80.2081375122,21905,21915,10
12.9649400711,80.2088775635,21915,21925,10
12.9648303986,80.2096405029,21925,21936,11
12.9647197723,80.2105026245,21936,21946,10
12.9646100998,80.2112197876,21946,21956,10
12.9645795822,80.2113189697,21956,21966,10
12.9644098282,80.2116088867,21966,21976,10
12.9642801285,80.2122268677,21976,21986,10
12.9641304016,80.2129974365,21986,21996,10
12.9639797211,80.2138366699,21996,22026,30
12.9639797211,80.2138366699,22026,22037,11
12.9636898041,80.2155532837,22037,22078,41
12.9640798569,80.2161102295,22078,22098,20
12.9657096863,80.2168197632,22098,22138,40
12.9676399231,80.2176132202,22138,22168,30
12.9718503952,80.2192993164,22168,22241,73
12.9740800858,80.2201766968,22241,22271,30
12.9760198593,80.221321106,22271,22302,31
12.9780702591,80.2245483398,22302,22381,79
12.9787797928,80.225730896,22381,22412,31
12.9800596237,80.2278594971,22412,22442,30
12.9800596237,80.2278594971,22442,22462,20
12.9809799194,80.2294235229,22462,22472,10
12.9814596176,80.2301635742,22472,22482,10
12.9816904068,80.2304992676,22482,22492,10
12.9817695618,80.2306289673,22492,22503,11
12.9819803238,80.2312393188,22503,22513,10
12.9820604324,80.2320098877,22513,22523,10
12.9819898605,80.2325973511,22523,22533,10
12.9817304611,80.2333068848,22533,22543,10
12.9816398621,80.2335128784,22543,22553,10
12.9815998077,80.2336196899,22553,22563,10
12.9813699722,80.2341079712,22563,22573,10
12.9812498093,80.23487854,22573,22583,10
12.9812803268,80.2358474731,22583,22593,10
12.9812898636,80.236869812,22593,22603,10
12.981300354,80.2378768921,22603,22613,10
12.9813098907,80.238609314,22613,22624,11
12.9813098907,80.2386932373,22624,22634,10
12.9813203812,80.2390594482,22634,22644,10
12.9813098907,80.239730835,22644,22654,10
12.9813203812,80.2405700684,22654,22664,10
12.9813299179,80.2415313721,22664,22674,10
12.9813604355,80.2423019409,22674,22684,10
12.9813699722,80.2427520752,22684,22694,10
12.9813699722,80.2428131104,22694,22704,10
12.9813404083,80.2430114746,22704,22714,10
12.9813404083,80.2436065674,22714,22724,10
12.9812402725,80.2444992065,22724,22735,11
12.981089592,80.2456665039,22735,22745,10
12.9809598923,80.2469024658,22745,22755,10
12.9808702469,80.2481536865,22755,22765,10
12.9807701111,80.249382019,22765,22775,10
12.9805297852,80.2505264282,22775,22785,10
12.9802398682,80.2516784668,22785,22795,10
12.9801301956,80.252243042,22795,22805,10
12.9801197052,80.2522506714,22805,22815,10
12.980099678,80.2525024414,22815,22825,10
12.9804000854,80.2526626587,22825,22835,10
12.9810495377,80.2526397705,22835,22846,11
12.9820604324,80.2526168823,22846,22856,10
12.983130455,80.2525634766,22856,22866,10
12.9842996597,80.2522964478,22866,22876,10
12.9854803085,80.2519683838,22876,22886,10
12.9863700867,80.251739502,22886,22896,10
12.9874401093,80.2514572144,22896,22916,20
12.9874401093,80.2514572144,22916,22926,10
12.9876699448,80.251373291,22926,22936,10
12.9879398346,80.2515716553,22936,22946,10
12.9880504608,80.2521514893,22946,22956,10
12.9879798889,80.2530136108,22956,22967,11
12.9878902435,80.2540664673,22967,22977,10
12.9877996445,80.2550735474,22977,22987,10
12.9877004623,80.2557220459,22987,23057,70
12.9877004623,80.2557220459,23057,23067,10
12.9876098633,80.2559967041,23067,23078,11
12.9875602722,80.2566223145,23078,23088,10
12.9875097275,80.2574234009,23088,23098,10
12.9874000549,80.2585830688,23098,23118,20
12.9872598648,80.2585983276,23118,23148,30
12.9872598648,80.2585983276,23148,23158,10
12.9871702194,80.2585830688,23158,23168,10
12.9869699478,80.2585220337,23168,23178,10
12.9866695404,80.2585983276,23178,24157,979
12.9864797592,80.2584991455,24157,24459,302
12.9865999222,80.2585830688,24459,26598,2139
12.9864196777,80.2587585449,26598,26648,50
12.9864196777,80.2587585449,26648,26659,11
12.9865503311,80.258682251,26659,27385,726
12.9865999222,80.2586364746,27385,27839,454
12.9867200851,80.2587509155,27839,27950,111
12.9867897034,80.2591400146,27950,28010,60
12.9871702194,80.2591400146,28010,28030,20
12.9871702194,80.2591400146,28030,28041,11
12.9873895645,80.2590408325,28041,28051,10
12.9874000549,80.2587890625,28051,28061,10
12.9874095917,80.2586288452,28061,28071,10
12.9874296188,80.2583694458,28071,28081,10
12.9874601364,80.257850647,28081,28091,10
12.9875001907,80.2571563721,28091,28101,10
12.9875497818,80.2565536499,28101,28111,10
12.987569809,80.2562103271,28111,28141,30
12.987569809,80.2562103271,28141,28151,10
12.9874897003,80.2561798096,28151,28162,11
12.9874801636,80.2561798096,28162,28172,10
12.9874897003,80.2561569214,28172,28182,10
12.9875402451,80.2558288574,28182,28192,10
12.9876804352,80.2552032471,28192,28202,10
12.9877004623,80.2547988892,28202,28212,10
12.9877195358,80.2546920776,28212,28222,10
12.9877595901,80.2541427612,28222,28232,10
12.987830162,80.2532730103,28232,28242,10
12.9879102707,80.252243042,28242,28252,10
12.9877595901,80.2516708374,28252,28262,10
12.9876003265,80.2516326904,28262,28273,11
12.9873199463,80.2516479492,28273,28283,10
12.986579895,80.2517929077,28283,28293,10
12.9855899811,80.2519989014,28293,28303,10
12.984629631,80.2522583008,28303,28313,10
12.9835300446,80.2525482178,28313,28323,10
12.9823598862,80.2526779175,28323,28333,10
12.9812002182,80.2527236938,28333,28343,10
12.980389595,80.2527694702,28343,28363,20
12.980389595,80.2527694702,28363,28373,10
12.9802598953,80.2527618408,28373,28382,9
12.9800796509,80.2527694702,28382,28394,12
12.9798498154,80.2526016235,28394,28404,10
12.9798698425,80.2524414063,28404,28414,10
12.9799003601,80.2523269653,28414,28424,10
12.9799499512,80.252166748,28424,28434,10
12.9800300598,80.2518310547,28434,28444,10
12.9802703857,80.2511367798,28444,28454,10
12.9805498123,80.2501602173,28454,28464,10
12.9807500839,80.2490081787,28464,28474,10
12.9808397293,80.247833252,28474,28484,10
12.9809398651,80.2466430664,28484,28493,9
12.9810600281,80.2455673218,28493,28505,12
12.9811601639,80.2443237305,28505,28525,20
12.9811601639,80.2443237305,28525,28535,10
12.981180191,80.2440719604,28535,28545,10
12.9811897278,80.2439575195,28545,28555,10
12.9812002182,80.2438735962,28555,28565,10
12.9812297821,80.2437515259,28565,28575,10
12.9813299179,80.2436065674,28575,28585,10
12.9813699722,80.2432632446,28585,28595,10
12.9813804626,80.2429962158,28595,28605,10
12.9813995361,80.2428283691,28605,28616,11
12.9813995361,80.2427368164,28616,28626,10
12.9814195633,80.2423629761,28626,28636,10
12.9813995361,80.241859436,28636,28646,10
12.9814195633,80.2411422729,28646,28656,10
12.9813899994,80.2404022217,28656,28666,10
12.9813804626,80.239730835,28666,28676,10
12.9813499451,80.2389907837,28676,28686,10
12.9813299179,80.2385177612,28686,28696,10
12.9813098907,80.2379837036,28696,28706,10
12.9813098907,80.2379226685,28706,28716,10
12.9813098907,80.2376022339,28716,28725,9
12.9812898636,80.2370605469,28725,28737,12
12.9812803268,80.2362289429,28737,28747,10
12.9812602997,80.2357025146,28747,28757,10
12.9812402725,80.2350234985,28757,28767,10
12.9812698364,80.2343215942,28767,28777,10
12.9813899994,80.2339172363,28777,28787,10
12.9813899994,80.2339096069,28787,28797,10
12.9814901352,80.2337036133,28797,28807,10
12.9816398621,80.2333831787,28807,28827,20
12.9816398621,80.2333831787,28827,28837,10
12.9817199707,80.2332382202,28837,28848,11
12.9817695618,80.2331924438,28848,28858,10
12.9819002151,80.2328414917,28858,28868,10
12.9820404053,80.2322998047,28868,28878,10
12.9820203781,80.2318267822,28878,28888,10
12.9819698334,80.2313613892,28888,28898,10
12.9818096161,80.2308502197,28898,28908,10
12.9814596176,80.2302474976,28908,28918,10
12.9810695648,80.2296524048,28918,28928,10
12.9808502197,80.2292861938,28928,28938,10
12.9806995392,80.2290802002,28938,28948,10
12.9806604385,80.2289962769,28948,28958,10
12.9804697037,80.2286529541,28958,28969,11
12.9802398682,80.2281799316,28969,28979,10
12.9798603058,80.2275695801,28979,28989,10
12.9794301987,80.2268600464,28989,28999,10
12.9789304733,80.226020813,28999,29009,10
12.9784002304,80.2251586914,29009,29019,10
12.9779901505,80.2245635986,29019,29029,10
12.9778203964,80.2243423462,29029,29039,10
12.977809906,80.224319458,29039,29049,10
12.9776201248,80.2239608765,29049,29059,10
12.9772500992,80.2233581543,29059,29069,10
12.976849556,80.2227096558,29069,29080,11
12.9764204025,80.2220077515,29080,29090,10
12.9760904312,80.2215270996,29090,29100,10
12.9757499695,80.2211532593,29100,29110,10
12.9756603241,80.221031189,29110,29120,10
12.975569725,80.2209014893,29120,29130,10
12.9754695892,80.2208404541,29130,29140,10
12.9751195908,80.2206115723,29140,29150,10
12.9744997025,80.2203598022,29150,29160,10
12.9741601944,80.2202606201,29160,29170,10
12.9739303589,80.2201919556,29170,29180,10
12.9736099243,80.2200393677,29180,29190,10
12.9729995728,80.2198028564,29190,29201,11
12.9721298218,80.2194824219,29201,29211,10
12.9714698792,80.2192764282,29211,29221,10
12.9710197449,80.2191696167,29221,29231,10
12.9710102081,80.2191696167,29231,29241,10
12.9706697464,80.218963623,29241,29251,10
12.9699697495,80.2186279297,29251,29261,10
12.96916008,80.2183303833,29261,29271,10
12.9683504105,80.2180023193,29271,29281,10
12.9675598145,80.2176895142,29281,29291,10
12.966750145,80.2173690796,29291,29301,10
12.965880394,80.2170181274,29301,29312,11
12.9649095535,80.2166137695,29312,29322,10
12.9640798569,80.2162475586,29322,29332,10
12.963549614,80.2160110474,29332,29362,30
12.963549614,80.2160110474,29362,29372,10
12.9635295868,80.2157669067,29372,29382,10
12.9636497498,80.2154083252,29382,29392,10
12.963760376,80.214881897,29392,29402,10
12.9638595581,80.2142791748,29402,29412,10
12.9639396667,80.2137832642,29412,29422,10
12.9640598297,80.2131118774,29422,29433,11
12.9642295837,80.2122573853,29433,29443,10
12.9643697739,80.2115631104,29443,29453,10
12.9645996094,80.2110671997,29453,29463,10
12.964679718,80.2107620239,29463,29473,10
12.9647397995,80.2102584839,29473,29483,10
12.9648303986,80.2095031738,29483,29493,10
12.9649496078,80.2087173462,29493,29503,10
12.9650802612,80.2079620361,29503,29513,10
12.9652004242,80.2073364258,29513,29523,10
12.9652500153,80.2069778442,29523,29533,10
12.9652795792,80.2068634033,29533,29544,11
12.9653396606,80.2063980103,29544,29554,10
12.965379715,80.2057571411,29554,29564,10
12.9655103683,80.2049865723,29564,29574,10
12.9656000137,80.2044830322,29574,29584,10
12.9657096863,80.2038421631,29584,29594,10
12.9657897949,80.2029418945,29594,29604,10
12.9658298492,80.2020492554,29604,29614,10
12.9654903412,80.2017364502,29614,29624,10
12.9653596878,80.2012329102,29624,29634,10
12.9654903412,80.2005233765,29634,29644,10
12.9655399323,80.2002410889,29644,29655,11
12.9653596878,80.200088501,29655,29665,10
12.9649801254,80.1998672485,29665,29675,10
12.9648399353,80.1993637085,29675,29685,10
12.9648704529,80.1986923218,29685,29695,10
12.964799881,80.1979522705,29695,29705,10
12.9648199081,80.1972503662,29705,29715,10
12.9648103714,80.1963424683,29715,29745,30
12.9648103714,80.1963424683,29745,29755,10
12.9646902084,80.1961135864,29755,29765,10
12.9647397995,80.1956710815,29765,29776,11
12.9647598267,80.1948928833,29776,29786,10
12.9648704529,80.1944122314,29786,29796,10
12.9649400711,80.1940994263,29796,29806,10
12.9649896622,80.1939163208,29806,29816,10
12.9650096893,80.1938018799,29816,29826,10
12.9650497437,80.1934661865,29826,29836,10
12.9650802612,80.1928634644,29836,29846,10
12.9652204514,80.1921310425,29846,29856,10
12.9653396606,80.1915664673,29856,29866,10
12.9653997421,80.19140625,29866,29876,10
12.9655103683,80.19090271,29876,29887,11
12.9657001495,80.1899414063,29887,29897,10
12.9658603668,80.1890487671,29897,29907,10
12.9659500122,80.188659668,29907,29917,10
12.9657697678,80.1885299683,29917,29927,10
12.9653596878,80.1883621216,29927,29937,10
12.9649896622,80.1882019043,29937,29947,10
12.9644498825,80.1880493164,29947,29957,10
12.9639396667,80.1878890991,29957,29967,10
12.9634504318,80.1877288818,29967,29977,10
12.9630002975,80.1876296997,29977,29987,10
12.9623298645,80.1874923706,29987,29997,10
12.9615297318,80.1873321533,29997,30008,11
12.9608201981,80.1872177124,30008,30018,10
12.9605197906,80.1871795654,30018,30028,10
12.9601697922,80.1871337891,30028,30038,10
12.9597396851,80.1871032715,30038,30048,10
12.9590997696,80.1870498657,30048,30058,10
12.9588603973,80.1870422363,30058,30068,10
12.9584302902,80.1870574951,30068,30078,10
12.9578695297,80.1870727539,30078,30088,10
12.9572200775,80.1870422363,30088,30098,10
12.9565496445,80.1869888306,30098,30107,9
12.9560604095,80.1869735718,30107,30119,12
12.9559001923,80.1869430542,30119,30129,10
12.9556903839,80.186920166,30129,30139,10
12.9556598663,80.186920166,30139,30149,10
12.955619812,80.1867218018,30149,30159,10
12.9556598663,80.1864318848,30159,30169,10
12.9557104111,80.186126709,30169,30179,10
12.9557600021,80.1858673096,30179,30189,10
12.9558200836,80.185546875,30189,30199,10
12.9559898376,80.1855163574,30199,30209,10
12.9560699463,80.1856994629,30209,30219,10
12.9560804367,80.1860961914,30219,30391,172
12.9560604095,80.1864395142,30391,30583,192
12.9560604095,80.1864395142,30583,30593,10
12.9559698105,80.186378479,30593,31158,565
12.9559698105,80.186378479,31158,31168,10
12.9560098648,80.1868515015,31168,31228,60
12.9560098648,80.1868515015,31228,31238,10
12.9562597275,80.1870803833,31238,31248,10
12.956489563,80.1870727539,31248,31258,10
12.9567499161,80.1870574951,31258,31268,10
12.9571800232,80.1870803833,31268,31279,11
12.9577598572,80.1870803833,31279,31289,10
12.958319664,80.1870727539,31289,31299,10
12.9588403702,80.1870803833,31299,31309,10
12.9593400955,80.1871032715,31309,31319,10
12.959810257,80.1871414185,31319,31329,10
12.9602603912,80.1871566772,31329,31339,10
12.9606895447,80.187210083,31339,31349,10
12.9614295959,80.1873321533,31349,31379,30
12.9614295959,80.1873321533,31379,31389,10
12.9617004395,80.1873779297,31389,31400,11
12.9621601105,80.187461853,31400,31410,10
12.9627399445,80.1875686646,31410,31420,10
12.963350296,80.1876907349,31420,31430,10
12.9638595581,80.1878433228,31430,31440,10
12.96434021,80.1879806519,31440,31450,10
12.9648103714,80.1881103516,31450,31460,10
12.9651498795,80.1882476807,31460,31470,10
12.9653301239,80.188331604,31470,31511,41
12.9653301239,80.188331604,31511,31521,10
12.9656600952,80.1884918213,31521,31531,10
12.9659500122,80.1885986328,31531,31551,20
12.9659500122,80.1885986328,31551,31561,10
12.9659404755,80.1887207031,31561,31571,10
12.9658699036,80.1891326904,31571,31581,10
12.965760231,80.1897964478,31581,31591,10
12.9655399323,80.1906433105,31591,31601,10
12.9653100967,80.19165802,31601,31622,21
12.9653100967,80.19165802,31622,31632,10
12.9652395248,80.1920471191,31632,31642,10
12.9651203156,80.1925811768,31642,31652,10
12.9650602341,80.1932830811,31652,31662,10
12.9649801254,80.193862915,31662,31672,10
12.9649000168,80.1942214966,31672,31682,10
12.9647903442,80.1946487427,31682,31692,10
12.9647703171,80.195022583,31692,31732,40
12.9647703171,80.195022583,31732,31743,11
12.9647397995,80.195350647,31743,31753,10
12.964679718,80.1958236694,31753,31763,10
12.9647197723,80.1960983276,31763,31773,10
12.9647798538,80.1964797974,31773,31783,10
12.9647703171,80.1969528198,31783,31823,40
12.9647703171,80.1969528198,31823,31833,10
12.964799881,80.1973114014,31833,31843,10
12.9647703171,80.1979064941,31843,31854,11
12.9647798538,80.1986999512,31854,31864,10
12.9647598267,80.1993331909,31864,31874,10
12.9648799896,80.1998291016,31874,31884,10
12.965180397,80.2000579834,31884,31894,10
12.9654903412,80.200302124,31894,31904,10
12.9653596878,80.2011795044,31904,31924,20
12.9653596878,80.2011795044,31924,31934,10
12.9653100967,80.2015686035,31934,31944,10
12.9656200409,80.201789856,31944,31954,10
12.9658098221,80.2021865845,31954,31964,10
12.965760231,80.2029037476,31964,31975,11
12.9657001495,80.2037200928,31975,31985,10
12.9655799866,80.2044906616,31985,32005,20
12.9655799866,80.2044906616,32005,32015,10
12.9655799866,80.2046585083,32015,32025,10
12.9654998779,80.2050094604,32025,32035,10
12.9653701782,80.205619812,32035,32045,10
12.9652900696,80.2062911987,32045,32055,10
12.9652996063,80.2065963745,32055,32065,10
12.9652204514,80.2070617676,32065,32116,51
12.9652204514,80.2070617676,32116,32126,10
12.9651498795,80.2075195313,32126,32136,10
12.9650497437,80.2080383301,32136,32146,10
12.9649496078,80.2086715698,32146,32156,10
12.9648399353,80.2093505859,32156,32166,10
12.9647397995,80.2101135254,32166,32176,10
12.9646501541,80.2107925415,32176,32186,10
12.9645395279,80.2113037109,32186,32217,31
12.9645395279,80.2113037109,32217,32227,10
12.9643697739,80.2115783691,32227,32237,10
12.9642801285,80.2119979858,32237,32247,10
12.9641799927,80.212562561,32247,32257,10
12.964050293,80.213142395,32257,32267,10
12.9639701843,80.2136535645,32267,32277,10
12.9639196396,80.2140884399,32277,32287,10
12.9638700485,80.2145004272,32287,32378,91
12.9638700485,80.2145004272,32378,32388,10
12.9638204575,80.2147369385,32388,32398,10
12.9637098312,80.2152709961,32398,32408,10
12.9636201859,80.2157592773,32408,32418,10
12.9637203217,80.2159805298,32418,32428,10
12.9641103745,80.2161331177,32428,32449,21
12.9641103745,80.2161331177,32449,32459,10
12.9642496109,80.2162094116,32459,32469,10
12.9646196365,80.2163925171,32469,32479,10
12.9652395248,80.2166290283,32479,32489,10
12.965929985,80.2169036865,32489,32499,10
12.9666004181,80.2171707153,32499,32509,10
12.9670600891,80.217338562,32509,32519,10
12.9672203064,80.2174072266,32519,32529,10
12.9673404694,80.2174606323,32529,32539,10
12.9675197601,80.2175292969,32539,32570,31
12.9675197601,80.2175292969,32570,32580,10
12.967880249,80.2177124023,32580,32590,10
12.9681596756,80.2178192139,32590,32600,10
12.9686698914,80.2179870605,32600,32610,10
12.9693603516,80.2182617188,32610,32620,10
12.9700803757,80.2185516357,32620,32630,10
12.9711799622,80.2189483643,32630,32650,20
12.9711799622,80.2189483643,32650,32661,11
12.9713802338,80.2190322876,32661,32671,10
12.9718999863,80.2192611694,32671,32681,10
12.9726400375,80.2195663452,32681,32691,10
12.9732999802,80.2198181152,32691,32701,10
12.9737501144,80.2200012207,32701,32711,10
12.9740896225,80.2201690674,32711,32721,10
12.9744796753,80.2203674316,32721,32731,10
12.9749403,80.2205581665,32731,32741,10
12.9752197266,80.2206726074,32741,32751,10
12.9754896164,80.2207794189,32751,32761,10
12.9756402969,80.2209396362,32761,32771,10
12.9758195877,80.2211532593,32771,32782,11
12.975979805,80.2213592529,32782,32792,10
12.9761104584,80.2215499878,32792,32802,10
12.9762802124,80.2218170166,32802,32852,50
12.9762802124,80.2218170166,32852,32862,10
12.9762802124,80.2220993042,32862,32872,10
12.9765396118,80.2224731445,32872,32882,10
12.976940155,80.2229995728,32882,32892,10
12.9774103165,80.2237014771,32892,32903,11
12.9778795242,80.2244033813,32903,32913,10
12.9781703949,80.2248687744,32913,32923,10
12.9785003662,80.2253570557,32923,32933,10
12.9785499573,80.2254486084,32933,32943,10
12.9786300659,80.2256088257,32943,32953,10
12.9788999557,80.2260665894,32953,32963,10
12.9792699814,80.2266693115,32963,32973,10
12.979640007,80.2272567749,32973,32983,10
12.9800195694,80.2278671265,32983,32993,10
12.980340004,80.2284469604,32993,33003,10
12.9806203842,80.2289733887,33003,33014,11
12.9808502197,80.2293395996,33014,33024,10
12.9811697006,80.2297821045,33024,33034,10
12.9816799164,80.2305297852,33034,33054,20
12.9816799164,80.2305297852,33054,33064,10
12.9817800522,80.2307662964,33064,33074,10
12.9819402695,80.231262207,33074,33084,10
12.9820203781,80.231918335,33084,33094,10
12.982049942,80.2322769165,33094,33104,10
12.9820404053,80.2324295044,33104,33114,10
12.9820098877,80.2326278687,33114,33124,10
12.9819297791,80.2328414917,33124,33135,11
12.9819097519,80.2329177856,33135,33145,10
12.9818201065,80.2331390381,33145,33155,10
12.9816799164,80.2334518433,33155,33165,10
12.9816598892,80.2334823608,33165,33175,10
12.981470108,80.2338485718,33175,33185,10
12.9812498093,80.2345428467,33185,33195,10
12.9812498093,80.235458374,33195,33205,10
12.9812698364,80.2364807129,33205,33215,10
12.9812803268,80.2373809814,33215,33225,10
12.9812898636,80.2379074097,33225,33234,9
12.9813299179,80.238609314,33234,33256,22
12.9813299179,80.238609314,33256,33266,10
12.9813604355,80.2389526367,33266,33276,10
12.9813604355,80.2394714355,33276,33286,10
12.9813604355,80.2396774292,33286,33296,10
12.9813604355,80.2401580811,33296,33306,10
12.9813499451,80.2408294678,33306,33316,10
12.9813499451,80.241607666,33316,33326,10
12.9813804626,80.2426834106,33326,33356,30
12.9813804626,80.2426834106,33356,33367,11
12.9813499451,80.2427902222,33367,33377,10
12.9813499451,80.2430267334,33377,33387,10
12.9813699722,80.2433395386,33387,33397,10
12.9813604355,80.2437896729,33397,33407,10
12.9812803268,80.2443466187,33407,33417,10
12.9811897278,80.2451324463,33417,33427,10
12.9811000824,80.2458724976,33427,33437,10
12.981010437,80.2467575073,33437,33447,10
12.980919838,80.2477493286,33447,33457,10
12.9808397293,80.2487335205,33457,33467,10
12.9807796478,80.2495422363,33467,33508,41
12.9807796478,80.2495422363,33508,33518,10
12.9807500839,80.2496337891,33518,33528,10
12.9806995392,80.25,33528,33538,10
12.9805402756,80.2506637573,33538,33548,10
12.9803199768,80.2514038086,33548,33558,10
12.9801702499,80.2520599365,33558,33588,30
12.9801702499,80.2520599365,33588,33599,11
12.9801797867,80.2522964478,33599,33609,10
12.9801797867,80.2525100708,33609,33619,10
12.9805498123,80.2526397705,33619,33629,10
12.9812097549,80.2526168823,33629,33639,10
12.9819202423,80.2526016235,33639,33649,10
12.9827003479,80.2525787354,33649,33659,10
12.9834499359,80.2525024414,33659,33669,10
12.9841403961,80.2523117065,33669,33679,10
12.984749794,80.2521362305,33679,33689,10
12.9853401184,80.2519683838,33689,34194,505
12.9853401184,80.2519683838,34194,34204,10
12.9853801727,80.2519378662,34204,34214,10
12.9856395721,80.2518768311,34214,34224,10
12.9860496521,80.2517700195,34224,34234,10
12.9865598679,80.2516479492,34234,34244,10
12.9870595932,80.2515106201,34244,34254,10
12.9875202179,80.251373291,34254,34264,10
12.9879302979,80.251411438,34264,34274,10
12.9880399704,80.2518005371,34274,34284,10
12.9880895615,80.2520904541,34284,34295,11
12.9880800247,80.2521514893,34295,34305,10
12.9880199432,80.2526473999,34305,34315,10
12.9879598618,80.2532730103,34315,34325,10
12.9878797531,80.2540512085,34325,34335,10
12.9878196716,80.2546768188,34335,34365,30
12.9878196716,80.2546768188,34365,34375,10
12.9877796173,80.2549362183,34375,34385,10
12.9877595901,80.2552337646,34385,34395,10
12.9877300262,80.2555084229,34395,34406,11
12.9877195358,80.2557601929,34406,34416,10
12.9876298904,80.2562026978,34416,34426,10
12.9876003265,80.2566833496,34426,34436,10
12.9875402451,80.2572937012,34436,34446,10
12.9874897003,80.2580108643,34446,34456,10
12.987449646,80.2586135864,34456,34466,10
12.9873104095,80.2592697144,34466,34496,30
12.9873104095,80.2592697144,34496,34506,10
12.9873504639,80.2593917847,34506,34517,11
12.9872398376,80.2595977783,34517,34527,10
12.9871397018,80.2595977783,34527,34537,10
12.9868898392,80.2595214844,34537,34547,10
12.9866895676,80.2590789795,34547,34597,50
12.9866895676,80.2590789795,34597,34607,10
12.9868297577,80.2587966919,34607,34648,41
12.9868297577,80.2587966919,34648,34658,10
12.9867801666,80.2585678101,34658,34668,10
12.986700058,80.2585830688,34668,34678,10
12.9867601395,80.2586364746,34678,34688,10
12.9869003296,80.2587127686,34688,34940,252
12.9869003296,80.2587127686,34940,34950,10
12.9868001938,80.2587280273,34950,34960,10
12.9865999222,80.2587738037,34960,35565,605
12.9866895676,80.2587585449,35565,35586,21
12.9866895676,80.2587585449,35586,35596,10
12.9867200851,80.2589263916,35596,35606,10
12.986749649,80.2588806152,35606,35616,10
12.9868297577,80.2590637207,35616,35656,40
12.9870700836,80.2590789795,35656,35707,51
12.9870700836,80.2590789795,35707,35717,10
12.9872303009,80.2591323853,35717,35727,10
12.9872503281,80.2591323853,35727,35737,10
12.9874095917,80.2588806152,35737,35747,10
12.9874095917,80.2584991455,35747,35777,30
12.9874095917,80.2584991455,35777,35787,10
12.987449646,80.2580566406,35787,35797,10
12.9874401093,80.2580108643,35797,35808,11
12.9874897003,80.2577590942,35808,35818,10
12.9875097275,80.257522583,35818,35828,10
12.9875297546,80.2572402954,35828,35939,111
12.9875297546,80.2572402954,35939,35949,10
12.9876499176,80.2568130493,35949,35959,10
12.9876203537,80.2560272217,35959,35979,20
12.9876203537,80.2560272217,35979,35989,10
12.987660408,80.2557678223,35989,35999,10
12.9877195358,80.2552719116,35999,36100,101
12.9877195358,80.2552719116,36100,36110,10
12.9876804352,80.2551727295,36110,36120,10
12.9877099991,80.2548522949,36120,36130,10
12.9877300262,80.254699707,36130,36140,10
12.9877700806,80.2544631958,36140,36150,10
12.9877796173,80.2542877197,36150,36161,11
12.9877996445,80.2539367676,36161,36171,10
12.9878101349,80.2536087036,36171,36181,10
12.987830162,80.2533569336,36181,36191,10
12.9878396988,80.2531204224,36191,36201,10
12.9878501892,80.2529296875,36201,36614,413
12.9879598618,80.2525787354,36614,36695,81
12.9879598618,80.2525787354,36695,36705,10
12.9879398346,80.2525177002,36705,36715,10
12.9879398346,80.2521972656,36715,36725,10
12.9878702164,80.2518692017,36725,36735,10
12.9875898361,80.2516021729,36735,36756,21
12.9875898361,80.2516021729,36756,36766,10
12.9871997833,80.2516021729,36766,36776,10
12.9865598679,80.2517623901,36776,36786,10
12.9857301712,80.2519989014,36786,36796,10
12.9847097397,80.2523117065,36796,36836,40
12.9847097397,80.2523117065,36836,36845,9
12.9843597412,80.2523498535,36845,36856,11
12.9836902618,80.2525177002,36856,36867,11
12.9827899933,80.2526473999,36867,36877,10
12.9817800522,80.2526702881,36877,36887,10
12.9808197021,80.2526931763,36887,36897,10
12.9802598953,80.2527084351,36897,36907,10
12.9799003601,80.2526016235,36907,36917,10
12.9798898697,80.2525482178,36917,36927,10
12.9799003601,80.2523422241,36927,36937,10
12.9799098969,80.2523193359,36937,36947,10
12.9799404144,80.2522277832,36947,36957,10
12.9800195694,80.2518310547,36957,36967,10
12.9802598953,80.2511291504,36967,36978,11
12.9805603027,80.2501068115,36978,36988,10
12.9807300568,80.2490234375,36988,36998,10
12.9808101654,80.2479324341,36998,37008,10
12.9808998108,80.2468490601,37008,37018,10
12.9809999466,80.2456436157,37018,37028,10
12.9811000824,80.2445907593,37028,37038,10
12.9811897278,80.243850708,37038,37048,10
12.9813098907,80.2435684204,37048,37058,10
12.981300354,80.2433166504,37058,37068,10
12.9813299179,80.2428512573,37068,37089,21
12.9813299179,80.2428512573,37089,37099,10
12.9813699722,80.2427520752,37099,37109,10
12.9813404083,80.2425231934,37109,37119,10
12.9813299179,80.2422790527,37119,37129,10
12.9813299179,80.2417526245,37129,37139,10
12.9813299179,80.2415390015,37139,37149,10
12.9813404083,80.2411880493,37149,37159,10
12.9813299179,80.2409286499,37159,37169,10
12.9813299179,80.2406616211,37169,37179,10
12.9813299179,80.2404403687,37179,37189,10
12.9813203812,80.2399597168,37189,37230,41
12.9813203812,80.2399597168,37230,37240,10
12.981300354,80.2395629883,37240,37280,40
12.981300354,80.2395629883,37280,37290,10
12.981300354,80.2391586304,37290,37300,10
12.981300354,80.239112854,37300,37309,9
12.9812803268,80.2386398315,37309,37341,32
12.9812803268,80.2386398315,37341,37351,10
12.9812803268,80.2384033203,37351,37361,10
12.9812602997,80.2379302979,37361,37391,30
12.9812602997,80.2379302979,37391,37401,10
12.9812602997,80.2376098633,37401,37421,20
12.9812602997,80.2376098633,37421,37431,10
12.9812402725,80.2372665405,37431,37452,21
12.9812402725,80.2372665405,37452,37462,10
12.9812402725,80.2369995117,37462,37472,10
12.9812297821,80.2367324829,37472,37482,10
12.9812202454,80.2364807129,37482,37492,10
12.9812097549,80.2362289429,37492,37502,10
12.9812002182,80.236076355,37502,37512,10
12.9812002182,80.2358016968,37512,37522,10
12.9812002182,80.2355194092,37522,37532,10
12.9811897278,80.235168457,37532,37542,10
12.981180191,80.234703064,37542,37552,10
12.9812402725,80.2342071533,37552,37563,11
12.9813899994,80.2338180542,37563,37573,10
12.9814796448,80.2336578369,37573,37583,10
12.9815101624,80.2335968018,37583,37593,10
12.9816303253,80.2333526611,37593,37613,20
12.9816303253,80.2333526611,37613,37623,10
12.9817495346,80.2331237793,37623,37633,10
12.9819002151,80.2327575684,37633,37643,10
12.9820098877,80.2323303223,37643,37653,10
12.982000351,80.2319107056,37653,37663,10
12.9819498062,80.2313537598,37663,37674,11
12.981710434,80.230682373,37674,37684,10
12.9813098907,80.2300033569,37684,37694,10
12.9809799194,80.2294692993,37694,37704,10
12.9808597565,80.2292785645,37704,37714,10
12.980799675,80.2292175293,37714,37724,10
12.9806699753,80.2290115356,37724,37734,10
12.9806499481,80.2289733887,37734,37743,9
12.9805698395,80.2288589478,37743,37754,11
12.9803304672,80.2284317017,37754,37764,10
12.9801597595,80.2280426025,37764,37774,10
12.979929924,80.2276611328,37774,37784,10
12.9796600342,80.2272109985,37784,37795,11
12.9792804718,80.2265625,37795,37805,10
12.9789304733,80.2259979248,37805,37815,10
12.9784803391,80.2252578735,37815,37825,10
12.9780702591,80.2246170044,37825,37835,10
12.9778003693,80.224281311,37835,37845,10
12.9778003693,80.2242736816,37845,37855,10
12.9776802063,80.2240600586,37855,37865,10
12.9773797989,80.2235488892,37865,37875,10
12.9770202637,80.2229614258,37875,37885,10
12.9767398834,80.2225036621,37885,37895,10
12.9763402939,80.2218399048,37895,37906,11
12.9759502411,80.2212905884,37906,37916,10
12.9756298065,80.2209625244,37916,37936,20
12.9756298065,80.2209625244,37936,37946,10
12.975520134,80.2209091187,37946,37956,10
12.975279808,80.2207489014,37956,37966,10
12.9748401642,80.2205429077,37966,37976,10
12.9743003845,80.2203216553,37976,37986,10
12.9742603302,80.2202987671,37986,37996,10
12.9741096497,80.2202301025,37996,38006,10
12.9737997055,80.2201004028,38006,38016,10
12.9733400345,80.2199325562,38016,38027,11
12.9725704193,80.219619751,38027,38037,10
12.971830368,80.2193832397,38037,38047,10
12.9710197449,80.2191619873,38047,38067,20
12.9710197449,80.2191619873,38067,38077,10
12.9707603455,80.2189788818,38077,38087,10
12.970199585,80.2186965942,38087,38097,10
12.9694900513,80.2184295654,38097,38107,10
12.9687700272,80.2181625366,38107,38117,10
12.9680595398,80.217880249,38117,38126,9
12.9673900604,80.2176208496,38126,38138,12
12.9663896561,80.2172088623,38138,38148,10
12.9654903412,80.2168502808,38148,38158,10
12.9645700455,80.2164764404,38158,38168,10
12.9637699127,80.2161026001,38168,38178,10
12.9634599686,80.2158889771,38178,38188,10
12.963640213,80.2154006958,38188,38208,20
12.963640213,80.2154006958,38208,38218,10
12.9637298584,80.2149429321,38218,38228,10
12.9638595581,80.2143173218,38228,38238,10
12.96393013,80.2138519287,38238,38249,11
12.9640398026,80.213180542,38249,38259,10
12.9641799927,80.2124710083,38259,38269,10
12.9642801285,80.2119979858,38269,38279,10
12.9643602371,80.2115631104,38279,38289,10
12.9645395279,80.2111816406,38289,38299,10
12.9645500183,80.2111663818,38299,38309,10
12.964679718,80.2108383179,38309,38319,10
12.9647397995,80.2101898193,38319,38329,10
12.9648504257,80.2093276978,38329,38339,10
12.9649896622,80.2083816528,38339,38349,10
12.9651403427,80.2076034546,38349,38359,10
12.9652204514,80.2069168091,38359,38380,21
12.9652204514,80.2069168091,38380,38390,10
12.9652700424,80.2067565918,38390,38400,10
12.9653301239,80.2063980103,38400,38410,10
12.9653701782,80.2056884766,38410,38420,10
12.9654998779,80.2049484253,38420,38430,10
12.9655704498,80.2045211792,38430,38440,10
12.9655799866,80.204498291,38440,38450,10
12.965669632,80.2040634155,38450,38460,10
12.9657897949,80.2032928467,38460,38470,10
12.9658002853,80.2024002075,38470,38480,10
12.9657001495,80.2017364502,38480,38491,11
12.9653196335,80.2013320923,38491,38501,10
12.9654798508,80.2005386353,38501,38511,10
12.9655103683,80.2003097534,38511,38521,10
12.9654903412,80.2001037598,38521,38531,10
12.9650602341,80.1999969482,38531,38541,10
12.9649400711,80.1994628906,38541,38551,10
12.964799881,80.1991119385,38551,38561,10
12.9648399353,80.1986618042,38561,38571,10
12.9647703171,80.198097229,38571,38581,10
12.9647798538,80.1973266602,38581,38591,10
12.9647903442,80.1962738037,38591,38612,21
12.9647903442,80.1962738037,38612,38622,10
12.964679718,80.1960601807,38622,38632,10
12.9647102356,80.1955490112,38632,38642,10
12.9647397995,80.1949386597,38642,38652,10
12.9648504257,80.1942977905,38652,38662,10
12.9650201797,80.1935195923,38662,38672,10
12.9651098251,80.1925201416,38672,38682,10
12.9652996063,80.1917114258,38682,38692,10
12.9653396606,80.1915283203,38692,38702,10
12.9654197693,80.1912384033,38702,38712,10
12.9655399323,80.1906433105,38712,38723,11
12.9657001495,80.1898193359,38723,38733,10
12.9658603668,80.1889419556,38733,38753,20
12.9658603668,80.1889419556,38753,38763,10
12.9659099579,80.1887283325,38763,38773,10
12.9658603668,80.188583374,38773,38783,10
12.9654598236,80.1884231567,38783,38793,10
12.9651002884,80.1882476807,38793,38803,10
12.9648895264,80.1881713867,38803,38813,10
12.9644203186,80.1880264282,38813,38823,10
12.9638595581,80.1878662109,38823,38834,11
12.9631099701,80.1876602173,38834,38844,10
12.9623699188,80.1875076294,38844,38854,10
12.9617300034,80.1873779297,38854,38864,10
12.9611597061,80.187286377,38864,38874,10
12.960729599,80.1872329712,38874,38884,10
12.9605503082,80.1872024536,38884,38894,10
12.9601697922,80.1871337891,38894,38904,10
12.9597797394,80.1871032715,38904,38914,10
12.9596004486,80.1870803833,38914,38924,10
12.9592504501,80.1870574951,38924,38934,10
12.9585800171,80.18699646,38934,38944,10
12.9576702118,80.1870193481,38944,38955,11
12.9572296143,80.1870117188,38955,38965,10
12.9566202164,80.186958313,38965,38975,10
12.9558000565,80.1869125366,38975,39005,30
12.9558000565,80.1869125366,39005,39015,10
12.9555997849,80.1868515015,39015,39025,10
12.9555997849,80.1866912842,39025,39035,10
12.9556398392,80.186416626,39035,39054,19
12.9556398392,80.186416626,39054,39066,12
12.9556903839,80.1862030029,39066,39076,10
12.9557304382,80.1860580444,39076,39086,10
12.9557695389,80.1858062744,39086,39096,10
12.9558601379,80.1854934692,39096,39106,10
12.956029892,80.1855392456,39106,39116,10
12.9560604095,80.1860427856,39116,39126,10
12.9560699463,80.186378479,39126,39166,40
12.9560699463,80.186378479,39166,39176,10
12.9560499191,80.1867218018,39176,39207,31
12.9560499191,80.1867218018,39207,39217,10
12.9562702179,80.186958313,39217,39227,10
12.9569196701,80.18699646,39227,39237,10
12.9578399658,80.1870269775,39237,39247,10
12.9587001801,80.1870193481,39247,39257,10
12.9593095779,80.1870574951,39257,39267,10
12.9599103928,80.1871032715,39267,39277,10
12.9603996277,80.1871337891,39277,39287,10
12.9609003067,80.1872024536,39287,39298,11
12.9615001678,80.187286377,39298,39308,10
12.9615297318,80.1873016357,39308,39318,10
12.9617595673,80.1873397827,39318,39328,10
12.9623498917,80.1874465942,39328,39338,10
12.9631004333,80.1876068115,39338,39348,10
12.9635601044,80.1876831055,39348,39358,10
12.9640197754,80.1878662109,39358,39368,10
12.9647102356,80.1880569458,39368,39378,10
12.9654998779,80.1883926392,39378,39408,30
12.9654998779,80.1883926392,39408,39419,11
12.9658403397,80.1885299683,39419,39429,10
12.965959549,80.1885910034,39429,39439,10
12.9659404755,80.1888122559,39439,39449,10
12.9658298492,80.1893692017,39449,39459,10
12.9656400681,80.1902999878,39459,39469,10
12.9654998779,80.1909103394,39469,39479,10
12.9653997421,80.1913833618,39479,39489,10
12.9653596878,80.1915969849,39489,39499,10
12.9653196335,80.1917037964,39499,39509,10
12.9652204514,80.1921768188,39509,39519,10
12.9651002884,80.1927337646,39519,39529,10
12.9650802612,80.1928634644,39529,39540,11
12.9650497437,80.1933364868,39540,39550,10
12.9649801254,80.1939086914,39550,39560,10
12.9648399353,80.1944732666,39560,39570,10
12.964799881,80.1949234009,39570,39580,10
12.9647197723,80.1955184937,39580,39590,10
12.9646701813,80.1960525513,39590,39600,10
12.964799881,80.1962890625,39600,39610,10
12.9647903442,80.1970596313,39610,39630,20
12.9647903442,80.1970596313,39630,39640,10
12.9647598267,80.197517395,39640,39651,11
12.9647798538,80.198348999,39651,39661,10
12.9647798538,80.1990432739,39661,39671,10
12.9649400711,80.1996307373,39671,39681,10
12.9650802612,80.2000427246,39681,39691,10
12.9655199051,80.2002105713,39691,39701,10
12.9653596878,80.2012023926,39701,39721,20
12.9653596878,80.2012023926,39721,39731,10
12.9652996063,80.2015762329,39731,39741,10
12.9656400681,80.201789856,39741,39750,9
12.9658098221,80.2022094727,39750,39761,11
12.9657897949,80.2030334473,39761,39772,11
12.9657001495,80.2038421631,39772,39782,10
12.9656200409,80.2043380737,39782,39792,10
12.9655704498,80.2045974731,39792,39812,20
12.9655704498,80.2045974731,39812,39822,10
12.9654903412,80.2049331665,39822,39832,10
12.9653997421,80.2055130005,39832,39842,10
12.9652996063,80.2062835693,39842,39852,10
12.9652500153,80.2070388794,39852,39872,20
12.9652500153,80.2070388794,39872,39883,11
12.9651899338,80.2073822021,39883,39893,10
12.9650802612,80.2079391479,39893,39903,10
12.9649496078,80.2086334229,39903,39913,10
12.9648504257,80.2093429565,39913,39923,10
12.9647703171,80.2099075317,39923,39933,10
12.9646997452,80.2105636597,39933,39943,10
12.9645900726,80.2112197876,39943,39953,10
12.9645500183,80.2113265991,39953,39963,10
12.9644899368,80.2114028931,39963,39973,10
12.9643802643,80.2115783691,39973,39983,10
12.9643001556,80.2119369507,39983,39992,9
12.9641799927,80.2125167847,39992,40004,12
12.9640398026,80.2132415771,40004,40014,10
12.9639396667,80.2138595581,40014,40024,10
12.9639196396,80.2140197754,40024,40034,10
12.9638996124,80.2142333984,40034,40044,10
12.9638299942,80.2146682739,40044,40054,10
12.9637203217,80.2152709961,40054,40064,10
12.9636297226,80.2158737183,40064,40074,10
12.9641504288,80.2161178589,40074,40104,30
12.9641504288,80.2161178589,40104,40115,11
12.9643697739,80.2162399292,40115,40125,10
12.9648599625,80.2164611816,40125,40135,10
12.9655399323,80.2167282104,40135,40145,10
12.9662303925,80.217010498,40145,40155,10
12.9669103622,80.2172775269,40155,40165,10
12.9675397873,80.2175369263,40165,40175,10
12.9680900574,80.2177810669,40175,40185,10
12.9687900543,80.2180328369,40185,40195,10
12.9696397781,80.2183609009,40195,40205,10
12.9705200195,80.2187194824,40205,40215,10
12.9711303711,80.2189178467,40215,40225,10
12.9711999893,80.2189407349,40225,40236,11
12.9713497162,80.2190093994,40236,40246,10
12.9718704224,80.2192382813,40246,40256,10
12.9726104736,80.2195587158,40256,40266,10
12.973279953,80.219833374,40266,40276,10
12.9739999771,80.2201309204,40276,40286,10
12.9746303558,80.2204208374,40286,40296,10
12.9749803543,80.2205581665,40296,40316,20
12.9751701355,80.2207107544,40316,40387,71
12.9751701355,80.2207107544,40387,40397,10
12.9754104614,80.2208023071,40397,40407,10
12.9756803513,80.2210235596,40407,40417,10
12.9759998322,80.2213287354,40417,40427,10
12.9764699936,80.2219390869,40427,40478,51
12.9764699936,80.2219390869,40478,40488,10
12.9766702652,80.2223129272,40488,40498,10
12.9769802094,80.2228622437,40498,40508,10
12.977350235,80.2235031128,40508,40518,10
12.9777202606,80.2240829468,40518,40528,10
12.9780302048,80.2245864868,40528,40538,10
12.9782896042,80.2249984741,40538,40548,10
12.9785499573,80.225402832,40548,40558,10
12.9785804749,80.2254562378,40558,40568,10
12.9787797928,80.2258300781,40568,40578,10
12.9791297913,80.2264328003,40578,40589,11
12.9795598984,80.2271118164,40589,40599,10
12.9799003601,80.2276611328,40599,40609,10
12.9801902771,80.2281417847,40609,40619,10
12.9805698395,80.2288208008,40619,40629,10
12.9808397293,80.2292785645,40629,40639,10
12.9811201096,80.2296676636,40639,40649,10
12.9815397263,80.2302627563,40649,40659,10
12.9816703796,80.2304763794,40659,40669,10
12.9816799164,80.2305526733,40669,40679,10
12.9818401337,80.2309188843,40679,40689,10
12.9820098877,80.2315597534,40689,40700,11
12.9820203781,80.2323379517,40700,40710,10
12.9818601608,80.232963562,40710,40720,10
12.9816904068,80.2333374023,40720,40730,10
12.9816198349,80.2334899902,40730,40740,10
12.9815196991,80.2336807251,40740,40750,10
12.9812602997,80.2342300415,40750,40760,10
12.981180191,80.2350769043,40760,40770,10
12.9812202454,80.2359619141,40770,40780,10
12.9812297821,80.2368774414,40780,40790,10
12.9812498093,80.2375564575,40790,40800,10
12.9812803268,80.23802948,40800,40809,9
12.981300354,80.2385482788,40809,40821,12
12.981300354,80.2386169434,40821,40831,10
12.981300354,80.2387771606,40831,40841,10
12.981300354,80.2392730713,40841,40851,10
12.9812898636,80.2397994995,40851,40861,10
12.9813098907,80.2405395508,40861,40871,10
12.9813299179,80.2413864136,40871,40881,10
12.9813299179,80.2421722412,40881,40891,10
12.9813804626,80.2426223755,40891,40901,10
12.9813804626,80.2426605225,40901,40911,10
12.9813804626,80.2427978516,40911,40921,10
12.9813604355,80.2432174683,40921,40932,11
12.9812898636,80.2440490723,40932,40942,10
12.981180191,80.2450027466,40942,40952,10
12.9810400009,80.2460632324,40952,40962,10
12.9809303284,80.2472000122,40962,40972,10
12.9808301926,80.2483062744,40972,40982,10
12.9807395935,80.2493972778,40982,40992,10
12.9805603027,80.2504119873,40992,41002,10
12.9802999496,80.2514419556,41002,41012,10
12.9801197052,80.2522201538,41012,41032,20
12.9801197052,80.2522201538,41032,41042,10
12.9800701141,80.2523880005,41042,41053,11
12.9801702499,80.2526626587,41053,41063,10
12.9806003571,80.2526779175,41063,41073,10
12.9813299179,80.2526397705,41073,41083,10
12.9820203781,80.2526016235,41083,41093,10
12.982339859,80.252571106,41093,41153,60
12.982339859,80.252571106,41153,41164,11
12.9827003479,80.2525634766,41164,41174,10
12.9831695557,80.2525405884,41174,41184,10
12.9836997986,80.2524185181,41184,41194,10
12.98416996,80.2522888184,41194,41204,10
12.9844999313,80.2521972656,41204,41214,10
12.9849395752,80.2520828247,41214,41224,10
12.9853401184,80.2519683838,41224,41234,10
12.9858398438,80.2518310547,41234,41244,10
12.986289978,80.2517089844,41244,41254,10
12.9869699478,80.2515411377,41254,41264,10
12.9875802994,80.2513809204,41264,41274,10
12.9879398346,80.2515335083,41274,41285,11
12.9880399704,80.2520675659,41285,41295,10
12.9880399704,80.2521133423,41295,41305,10
12.9880304337,80.2521972656,41305,41315,10
12.987950325,80.2527084351,41315,41325,10
12.9878902435,80.2532272339,41325,41335,10
12.9878997803,80.2532272339,41335,41343,8
12.9878997803,80.2534103394,41343,41355,12
12.9878101349,80.2541503906,41355,41365,10
12.9877099991,80.2551803589,41365,41406,41
12.9877099991,80.2551803589,41406,41416,10
12.987660408,80.2553482056,41416,41426,10
12.9876499176,80.2556610107,41426,41436,10
12.9875898361,80.256149292,41436,41446,10
12.9875202179,80.2568283081,41446,41456,10
12.9874696732,80.2575836182,41456,41466,10
12.9874200821,80.2584686279,41466,41476,10
12.9872598648,80.2594528198,41476,41506,30
12.9872598648,80.2594528198,41506,41517,11
12.9871702194,80.2597198486,41517,41527,10
12.9870901108,80.259727478,41527,41537,10
12.9868097305,80.2596282959,41537,41547,10
12.9865903854,80.2593994141,41547,41557,10
12.9866695404,80.259147644,41557,41567,10
12.9867696762,80.2590789795,41567,41577,10
12.9867696762,80.2588729858,41577,41587,10
12.9868803024,80.2585906982,41587,41708,121
12.9868803024,80.2585906982,41708,41718,10
12.9870300293,80.2586898804,41718,41728,10
12.9868898392,80.2587203979,41728,41737,9
12.9868202209,80.2589569092,41737,56364,14627
12.9866695404,80.2589035034,56364,56728,364
12.9867401123,80.2589492798,56728,56880,152
12.9870500565,80.2591400146,56880,56940,60
12.9873504639,80.2590866089,56940,56971,31
12.9874897003,80.25756073,56971,57000,29
12.987569809,80.2560501099,57000,57030,30
12.9875898361,80.2557983398,57030,57061,31
12.9877300262,80.254989624,57061,57090,29
12.9878997803,80.2529907227,57090,57121,31
12.9876403809,80.2516403198,57121,57152,31
12.9860897064,80.2518920898,57152,57182,30
12.9828100204,80.2526321411,57182,57213,31
12.9799499512,80.2527008057,57213,57243,30
12.9798898697,80.2523803711,57243,57273,30
12.9804496765,80.2505187988,57273,57304,31
12.9808397293,80.2474822998,57304,57334,30
12.9811496735,80.2444381714,57334,57364,30
12.9812498093,80.2436904907,57364,57393,29
12.9813499451,80.2429428101,57393,57425,32
12.9813404083,80.2412261963,57425,57454,29
12.9812803268,80.2390975952,57454,57486,32
12.9812498093,80.237953186,57486,57516,30
12.9812202454,80.2362823486,57516,57546,30
12.9811897278,80.2343673706,57546,57575,29
12.981470108,80.2336120605,57575,57606,31
12.981710434,80.2331237793,57606,57637,31
12.9819402695,80.2315597534,57637,57667,30
12.9813804626,80.23021698,57667,57697,30
12.9807195663,80.2291793823,57697,57727,30
12.9807195663,80.2291793823,57727,57747,20
12.9803800583,80.2285919189,57747,57758,11
12.9801301956,80.2280807495,57758,57768,10
12.9797496796,80.2274627686,57768,57778,10
12.9793195724,80.2267227173,57778,57788,10
12.9788303375,80.2258834839,57788,57798,10
12.9783496857,80.2250823975,57798,57808,10
12.9779996872,80.2245864868,57808,57818,10
12.9777898788,80.2243270874,57818,57828,10
12.9777603149,80.2242965698,57828,57838,10
12.9775495529,80.2239227295,57838,57849,11
12.9772100449,80.2233428955,57849,57859,10
12.9769296646,80.2228393555,57859,57869,10
12.9765996933,80.2222976685,57869,57879,10
12.9762096405,80.2217636108,57879,57889,10
12.9757299423,80.2211837769,57889,57909,20
12.9757299423,80.2211837769,57909,57919,10
12.9755802155,80.2210388184,57919,57929,10
12.9752101898,80.2207489014,57929,57939,10
12.9745903015,80.2204666138,57939,57949,10
12.9743299484,80.2203598022,57949,57959,10
12.9742498398,80.2202911377,57959,57970,11
12.9738197327,80.2200775146,57970,57980,10
12.973110199,80.2198028564,57980,57990,10
12.9722099304,80.2194976807,57990,58000,10
12.9714002609,80.21925354,58000,58010,10
12.9710102081,80.2191619873,58010,58020,10
12.9709100723,80.2191162109,58020,58030,10
12.9704704285,80.2188568115,58030,58040,10
12.9697904587,80.2185897827,58040,58050,10
12.9690103531,80.2182769775,58050,58060,10
12.9682102203,80.2179718018,58060,58070,10
12.9674196243,80.2176513672,58070,58081,11
12.9665002823,80.2172775269,58081,58091,10
12.9655504227,80.2169036865,58091,58101,10
12.9645996094,80.2164993286,58101,58111,10
12.963809967,80.2161331177,58111,58121,10
12.96352005,80.2159805298,58121,58131,10
12.9635000229,80.2159576416,58131,58141,10
12.9635696411,80.2156066895,58141,58151,10
12.9636297226,80.2153930664,58151,58161,10
12.9636802673,80.2151870728,58161,58171,10
12.9637899399,80.2146682739,58171,58181,10
12.9639101028,80.2139892578,58181,58191,10
12.9639902115,80.2135391235,58191,58202,11
12.964050293,80.2131118774,58202,58212,10
12.9641895294,80.2124328613,58212,58222,10
12.9643096924,80.2117996216,58222,58232,10
12.9644403458,80.2113876343,58232,58242,10
12.9645900726,80.2110595703,58242,58252,10
12.9646701813,80.2105331421,58252,58262,10
12.9647397995,80.2099685669,58262,58272,10
12.9648303986,80.2093887329,58272,58282,10
12.9649095535,80.2087631226,58282,58292,10
12.9650297165,80.2081069946,58292,58302,10
12.9651298523,80.2075424194,58302,58313,11
12.9652204514,80.2070236206,58313,58323,10
12.9652500153,80.2069320679,58323,58333,10
12.9653100967,80.2064819336,58333,58343,10
12.9653100967,80.2062683105,58343,58353,10
12.9653100967,80.2060089111,58353,58363,10
12.9653997421,80.2053833008,58363,58373,10
12.9655199051,80.2048416138,58373,58383,10
12.9655504227,80.2045593262,58383,58393,10
12.9656000137,80.2043762207,58393,58403,10
12.9656496048,80.2041702271,58403,58413,10
12.9657001495,80.2038803101,58413,58422,9
12.965760231,80.2034072876,58422,58434,12
12.9657802582,80.2023696899,58434,58444,10
12.9656295776,80.201789856,58444,58454,10
12.9652996063,80.201423645,58454,58464,10
12.9654598236,80.2006225586,58464,58474,10
12.9655199051,80.2002563477,58474,58484,10
12.965180397,80.2000808716,58484,58494,10
12.9649600983,80.1996765137,58494,58504,10
12.9648103714,80.1990890503,58504,58514,10
12.9648103714,80.1982574463,58514,58524,10
12.9647798538,80.1974411011,58524,58534,10
12.9647798538,80.1968383789,58534,58545,11
12.9647798538,80.1963500977,58545,58555,10
12.9647798538,80.1962814331,58555,58565,10
12.9647703171,80.1961975098,58565,58575,10
12.9647302628,80.1961135864,58575,58585,10
12.9646596909,80.1958007813,58585,58595,10
12.9647598267,80.1951904297,58595,58605,10
12.9647598267,80.1946716309,58605,58615,10
12.9648799896,80.1942520142,58615,58625,10
12.9650497437,80.1935195923,58625,58635,10
12.9650697708,80.1929168701,58635,58645,10
12.9650802612,80.1927490234,58645,58654,9
12.9651403427,80.1923904419,58654,58666,12
12.9653196335,80.1916427612,58666,58676,10
12.9653997421,80.1912384033,58676,58686,10
12.9655799866,80.1905212402,58686,58696,10
12.9657697678,80.1895599365,58696,58706,10
12.965880394,80.1889419556,58706,58716,10
12.9659004211,80.1887893677,58716,58726,10
12.9659004211,80.188621521,58726,58736,10
12.9656200409,80.1884994507,58736,58746,10
12.9652395248,80.1883468628,58746,58756,10
12.9647397995,80.1881484985,58756,58766,10
12.964050293,80.1879196167,58766,58777,11
12.9632997513,80.1876983643,58777,58787,10
12.9627199173,80.1875762939,58787,58797,10
12.9621400833,80.187461853,58797,58807,10
12.9614696503,80.1873397827,58807,58817,10
12.9608898163,80.1872406006,58817,58827,10
12.960559845,80.1871871948,58827,58837,10
12.960149765,80.1871185303,58837,58847,10
12.9598197937,80.1871032715,58847,58857,10
12.9591598511,80.1870498657,58857,58867,10
12.9585599899,80.1870193481,58867,58877,10
12.9579000473,80.1870498657,58877,58887,10
12.9572000504,80.1870422363,58887,58898,11
12.9563703537,80.1869812012,58898,58908,10
12.9558401108,80.186958313,58908,58918,10
12.9558095932,80.186958313,58918,58928,10
12.955739975,80.1869506836,58928,58938,10
12.9555997849,80.1868972778,58938,58948,10
12.9555797577,80.1867218018,58948,58958,10
12.9555997849,80.1865234375,58958,58968,10
12.9556598663,80.1862411499,58968,58978,10
12.9557199478,80.1859436035,58978,58988,10
12.9558200836,80.1855010986,58988,59009,21
12.9558200836,80.1855010986,59009,59019,10
12.9560499191,80.1856613159,59019,59029,10
12.9560804367,80.1859664917,59029,59039,10
12.9560699463,80.1861114502,59039,59049,10
12.9560203552,80.1865692139,59049,59119,70
12.9559202194,80.1866378784,59119,59251,132
12.9559202194,80.1866378784,59251,59261,10
12.9560203552,80.1868591309,59261,59271,10
12.9561796188,80.1869735718,59271,59281,10
12.9567098618,80.1870422363,59281,59291,10
12.957280159,80.1870803833,59291,59301,10
12.9578800201,80.1870880127,59301,59311,10
12.9583997726,80.1871032715,59311,59321,10
12.9588499069,80.1870880127,59321,59331,10
12.9592695236,80.1871337891,59331,59341,10
12.9597997665,80.1871566772,59341,59351,10
12.9602603912,80.187171936,59351,59362,11
12.9607400894,80.18724823,59362,59372,10
12.9611902237,80.1873321533,59372,59382,10
12.9614601135,80.1873703003,59382,59392,10
12.9617395401,80.1874008179,59392,59402,10
12.962269783,80.1875076294,59402,59412,10
12.9628801346,80.1876296997,59412,59422,10
12.9634799957,80.1877365112,59422,59432,10
12.9640598297,80.1879196167,59432,59442,10
12.9643297195,80.1880264282,59442,59452,10
12.9646701813,80.1881637573,59452,59462,10
12.9649000168,80.1882171631,59462,59473,11
12.965180397,80.1883087158,59473,59483,10
12.9654197693,80.1884231567,59483,59493,10
12.9654197693,80.1884307861,59493,59503,10
12.9659004211,80.1886291504,59503,59533,30
12.9659004211,80.1886291504,59533,59543,10
12.9659900665,80.1887817383,59543,59553,10
12.9659500122,80.188873291,59553,59563,10
12.9658699036,80.1892166138,59563,59573,10
12.9657201767,80.1899490356,59573,59583,10
12.9655504227,80.1907196045,59583,59594,11
12.9654302597,80.1912765503,59594,59604,10
12.9653100967,80.1918487549,59604,59614,10
12.9652795792,80.1919326782,59614,59624,10
12.9651699066,80.1924209595,59624,59634,10
12.9650697708,80.1932678223,59634,59644,10
12.9650402069,80.1937484741,59644,59654,10
12.9649400711,80.1941833496,59654,59664,10
12.9647703171,80.1948699951,59664,59674,10
12.9647502899,80.1955032349,59674,59684,10
12.9646596909,80.1960678101,59684,59694,10
12.9648103714,80.1963272095,59694,59704,10
12.9648103714,80.1970977783,59704,59725,21
12.9648103714,80.1970977783,59725,59735,10
12.964799881,80.1972503662,59735,59745,10
12.9647598267,80.1979064941,59745,59755,10
12.9648303986,80.1987380981,59755,59765,10
12.9647598267,80.1991729736,59765,59775,10
12.9649496078,80.19972229,59775,59785,10
12.9651203156,80.2000732422,59785,59795,10
12.9655103683,80.2002868652,59795,59805,10
12.9653997421,80.200958252,59805,59814,9
12.9653301239,80.201461792,59814,59826,12
12.9656496048,80.2018280029,59826,59836,10
12.9658002853,80.202331543,59836,59846,10
12.9657897949,80.2029037476,59846,59856,10
12.9657802582,80.2035064697,59856,59866,10
12.9655895233,80.2046127319,59866,59886,20
12.9655895233,80.2046127319,59886,59896,10
12.9655399323,80.2048873901,59896,59906,10
12.9654197693,80.2055282593,59906,59916,10
12.9653301239,80.2061080933,59916,59926,10
12.9653100967,80.2061691284,59926,59936,10
12.9653196335,80.2064590454,59936,59947,11
12.9652900696,80.2068862915,59947,59957,10
12.965259552,80.2070999146,59957,59967,10
12.9652395248,80.2072067261,59967,59977,10
12.9651403427,80.2077331543,59977,59987,10
12.9649896622,80.2085189819,59987,59997,10
12.9648799896,80.2092971802,59997,60007,10
12.9647903442,80.2099685669,60007,60017,10
12.9646997452,80.2106323242,60017,60027,10
12.9645900726,80.2112731934,60027,60037,10
12.9643497467,80.2117462158,60037,60046,9
12.9642496109,80.2123031616,60046,60058,12
12.9640903473,80.2130737305,60058,60068,10
12.9639997482,80.2136383057,60068,60078,10
12.9638996124,80.2142410278,60078,60088,10
12.9638299942,80.2147979736,60088,60098,10
12.963760376,80.2152633667,60098,60108,10
12.9636898041,80.2155838013,60108,60118,10
12.9636697769,80.2159729004,60118,60128,10
12.9640102386,80.2161331177,60128,60138,10
12.9641504288,80.2161865234,60138,60148,10
12.9643201828,80.2162704468,60148,60158,10
12.9648599625,80.2165222168,60158,60167,9
12.9655504227,80.216796875,60167,60179,12
12.966509819,80.2171936035,60179,60189,10
12.9672803879,80.2175064087,60189,60199,10
12.9678201675,80.2177505493,60199,60209,10
12.9682102203,80.2179107666,60209,60219,10
12.9688396454,80.2181396484,60219,60229,10
12.9695196152,80.2183990479,60229,60239,10
12.9702796936,80.2187194824,60239,60249,10
12.9709796906,80.2189407349,60249,60259,10
12.971159935,80.21900177,60259,60269,10
12.9714002609,80.2190933228,60269,60279,10
12.9720697403,80.2193832397,60279,60290,11
12.9730100632,80.2197570801,60290,60300,10
12.9738101959,80.2200775146,60300,60310,10
12.9744901657,80.2203826904,60310,60320,10
12.9749603271,80.2205886841,60320,60370,50
12.9749603271,80.2205886841,60370,60380,10
12.9752998352,80.2206573486,60380,60390,10
12.9753599167,80.2206802368,60390,60400,10
12.9756498337,80.2209472656,60400,60411,11
12.9760599136,80.2213897705,60411,60421,10
12.9764204025,80.2218399048,60421,60441,20
12.9764204025,80.2218399048,60441,60451,10
12.9764699936,80.2219924927,60451,60461,10
12.9766397476,80.2222976685,60461,60471,10
12.9769601822,80.2228469849,60471,60481,10
12.9774303436,80.2235794067,60481,60491,10
12.9779596329,80.2244415283,60491,60501,10
12.9784202576,80.2251968384,60501,60511,10
12.9785404205,80.2253799438,60511,60522,11
12.9786500931,80.2255630493,60522,60532,10
12.9789600372,80.2260894775,60532,60542,10
12.9794101715,80.2268218994,60542,60552,10
12.9798898697,80.2276229858,60552,60562,10
12.980340004,80.2283706665,60562,60572,10
12.9806995392,80.2289810181,60572,60582,10
12.9809303284,80.2294082642,60582,60592,10
12.9812698364,80.2298965454,60592,60602,10
12.9816703796,80.2304992676,60602,60612,10
12.9816999435,80.2305526733,60612,60622,10
12.9818601608,80.2309417725,60622,60632,10
12.9820203781,80.2315292358,60632,60642,10
12.982049942,80.232208252,60642,60653,11
12.9820098877,80.2325973511,60653,60663,10
12.9817800522,80.2332077026,60663,60673,10
12.9816102982,80.2335891724,60673,60683,10
12.9815597534,80.2336730957,60683,60693,10
12.9813299179,80.2341079712,60693,60703,10
12.9812002182,80.2346801758,60703,60713,10
12.9812202454,80.2354888916,60713,60723,10
12.9812602997,80.236366272,60723,60733,10
12.9812803268,80.2372894287,60733,60743,10
12.9813098907,80.2378463745,60743,60754,11
12.9813203812,80.2383422852,60754,60764,10
12.9813404083,80.2386779785,60764,60774,10
12.9813404083,80.2388000488,60774,60784,10
12.9813404083,80.2393264771,60784,60794,10
12.9813499451,80.2398300171,60794,60804,10
12.9813804626,80.2403793335,60804,60814,10
12.9813899994,80.2410430908,60814,60824,10
12.9813804626,80.2415924072,60824,60834,10
12.9813899994,80.2420425415,60834,60844,10
12.9813995361,80.2422409058,60844,60854,10
12.9813995361,80.2424926758,60854,60863,9
12.9814100266,80.2426834106,60863,60875,12
12.9814100266,80.2428283691,60875,60885,10
12.9813995361,80.2430801392,60885,60895,10
12.9813699722,80.2437286377,60895,60905,10
12.9812498093,80.2446136475,60905,60915,10
12.9811096191,80.2456588745,60915,60925,10
12.9809799194,80.2468795776,60925,60935,10
12.9808702469,80.2481002808,60935,60945,10
12.9807796478,80.2492828369,60945,60955,10
12.9805402756,80.2504882813,60955,60965,10
12.9802904129,80.2514877319,60965,60974,9
12.9801902771,80.2519226074,60974,60986,12
12.9801397324,80.2520980835,60986,60996,10
12.980099678,80.2522888184,60996,61006,10
12.9801197052,80.2525024414,61006,61016,10
12.9802799225,80.2526016235,61016,61026,10
12.9807796478,80.2526473999,61026,61036,10
12.9816198349,80.2526473999,61036,61046,10
12.9827299118,80.2526092529,61046,61056,10
12.9839096069,80.2524032593,61056,61066,10
12.9848899841,80.2521286011,61066,61076,10
12.9859600067,80.2517929077,61076,61147,71
12.9859600067,80.2517929077,61147,61157,10
12.9862298965,80.2516021729,61157,61167,10
12.9867095947,80.2515335083,61167,61177,10
12.9872503281,80.251411438,61177,61187,10
12.9877300262,80.2512969971,61187,61197,10
12.9879903793,80.2516326904,61197,61207,10
12.9880304337,80.2519073486,61207,61218,11
12.9880695343,80.2522277832,61218,61228,10
12.9879798889,80.2529373169,61228,61238,10
12.9879102707,80.253692627,61238,61248,10
12.9878501892,80.25440979,61248,61258,10
12.9877901077,80.2548217773,61258,61419,161
12.9877901077,80.2548217773,61419,61429,10
12.987739563,80.2550582886,61429,61439,10
12.9877099991,80.2554931641,61439,61450,11
12.9876298904,80.2560119629,61450,61460,10
12.987569809,80.2566604614,61460,61470,10
12.9875297546,80.2572021484,61470,61480,10
12.9874897003,80.2579574585,61480,61490,10
12.9874296188,80.2586593628,61490,61500,10
12.9872903824,80.259437561,61500,61520,20
12.9872903824,80.259437561,61520,61530,10
12.9872398376,80.2595367432,61530,61540,10
12.9871196747,80.2596435547,61540,61560,20
12.9871196747,80.2596435547,61560,61571,11
12.986700058,80.2594985962,61571,61591,20
12.986700058,80.2594985962,61591,61601,10
12.9865598679,80.2593612671,61601,61611,10
12.9866304398,80.2591323853,61611,61621,10
12.9868602753,80.2590789795,61621,61863,242
12.9871501923,80.2591400146,61863,62509,646
12.9871501923,80.2591400146,62509,62519,10
12.9873600006,80.2591323853,62519,62529,10
12.9873800278,80.2589797974,62529,62539,10
12.9873895645,80.2586364746,62539,62549,10
12.9874095917,80.2582626343,62549,62559,10
12.9874095917,80.2582092285,62559,62569,10
12.9874296188,80.2577819824,62569,62579,10
12.9874696732,80.2572937012,62579,62589,10
12.9875097275,80.2566070557,62589,62660,71
12.9874601364,80.2563934326,62660,62751,91
12.9874601364,80.2563934326,62751,62761,10
12.9875602722,80.2561569214,62761,62771,10
12.9876203537,80.2557678223,62771,62781,10
12.9876899719,80.2550735474,62781,62801,20
12.9876899719,80.2550735474,62801,62811,10
12.9877195358,80.2546081543,62811,62821,10
12.9877996445,80.2538604736,62821,62831,10
12.9878702164,80.2530517578,62831,62841,10
12.9879102707,80.2521591187,62841,62852,11
12.9875802994,80.2516098022,62852,62872,20
12.9875802994,80.2516098022,62872,62882,10
12.9872398376,80.2516098022,62882,62892,10
12.9868497849,80.2516784668,62892,62902,10
12.9861602783,80.2518463135,62902,62912,10
12.9852399826,80.2520904541,62912,62922,10
12.9840803146,80.2523803711,62922,62932,10
12.9828395844,80.2526092529,62932,62942,10
12.9816598892,80.2526397705,62942,62952,10
12.9808597565,80.2526931763,62952,62962,10
12.9805698395,80.2527084351,62962,63003,41
12.9805698395,80.2527084351,63003,63013,10
12.9804296494,80.252746582,63013,63023,10
12.9802103043,80.2527770996,63023,63033,10
12.9799203873,80.252243042,63033,63063,30
12.9799203873,80.252243042,63063,63073,10
12.9800100327,80.2518997192,63073,63084,11
12.9802503586,80.2512130737,63084,63094,10
12.9805002213,80.2502670288,63094,63104,10
12.9806995392,80.249168396,63104,63114,10
12.9807796478,80.2480010986,63114,63124,10
12.9808702469,80.2468109131,63124,63134,10
12.981010437,80.2454833984,63134,63144,10
12.9811201096,80.2443771362,63144,63154,10
12.9811697006,80.2438430786,63154,63164,10
12.9811697006,80.243812561,63164,63174,10
12.9813203812,80.2435531616,63174,63184,10
12.9813499451,80.2428207397,63184,63205,21
12.9813499451,80.2428207397,63205,63215,10
12.9813804626,80.2427368164,63215,63225,10
12.9813699722,80.2422790527,63225,63235,10
12.9813499451,80.2415237427,63235,63245,10
12.9813404083,80.2407302856,63245,63255,10
12.9813299179,80.2400512695,63255,63265,10
12.9813299179,80.2398071289,63265,63275,10
12.9813299179,80.2397384644,63275,63285,10
12.9813098907,80.2393417358,63285,63295,10
12.9812803268,80.2386779785,63295,63305,10
12.9812602997,80.2380828857,63305,63316,11
12.9812602997,80.2379608154,63316,63326,10
12.9812602997,80.2378768921,63326,63336,10
12.9812698364,80.2377700806,63336,63346,10
12.9812402725,80.2372970581,63346,63356,10
12.9812297821,80.2365264893,63356,63366,10
12.9812002182,80.2356719971,63366,63376,10
12.981180191,80.234916687,63376,63386,10
12.9812097549,80.2343292236,63386,63396,10
12.9813499451,80.2339401245,63396,63406,10
12.9814395905,80.2337417603,63406,63415,9
12.9814996719,80.233581543,63415,63427,12
12.9815597534,80.2334518433,63427,63437,10
12.9815998077,80.2334136963,63437,63447,10
12.9816904068,80.2332229614,63447,63457,10
12.981760025,80.2330703735,63457,63467,10
12.9818696976,80.2327880859,63467,63477,10
12.9819402695,80.2325515747,63477,63487,10
12.9819602966,80.2324981689,63487,63497,10
12.9819602966,80.2321395874,63497,63507,10
12.9819498062,80.2317428589,63507,63517,10
12.9819202423,80.2314834595,63517,63527,10
12.9818000793,80.2309875488,63527,63537,10
12.9815797806,80.2305374146,63537,63548,11
12.9811401367,80.2298278809,63548,63558,10
12.9809503555,80.2295227051,63558,63568,10
12.9808197021,80.2293014526,63568,63578,10
12.9806804657,80.2291107178,63578,63588,10
12.9806404114,80.2290267944,63588,63598,10
12.9805898666,80.2288894653,63598,63608,10
12.980340004,80.2284927368,63608,63618,10
12.9801301956,80.2280578613,63618,63628,10
12.9798002243,80.2275085449,63628,63638,10
12.9796104431,80.2271881104,63638,63648,10
12.9793300629,80.2267227173,63648,63659,11
12.9788303375,80.2258987427,63659,63669,10
12.9783496857,80.225112915,63669,63679,10
12.9781303406,80.2247467041,63679,63689,10
12.9780502319,80.2246398926,63689,63699,10
12.9779100418,80.2245330811,63699,63709,10
12.9777498245,80.2242507935,63709,63719,10
12.9774999619,80.223777771,63719,63729,10
12.9770898819,80.2230834961,63729,63739,10
12.976650238,80.2223815918,63739,63749,10
12.9764003754,80.2219924927,63749,63759,10
12.9763898849,80.2219772339,63759,63770,11
12.976269722,80.2217636108,63770,63780,10
12.9761400223,80.221572876,63780,63790,10
12.9761295319,80.2215576172,63790,63800,10
12.9759597778,80.2213363647,63800,63810,10
12.9757699966,80.2211532593,63810,63830,20
12.9757699966,80.2211532593,63830,63840,10
12.9756803513,80.2211303711,63840,63850,10
12.9754896164,80.2209701538,63850,63860,10
12.9752597809,80.2207794189,63860,63870,10
12.9748001099,80.2205810547,63870,63880,10
12.9742603302,80.2203826904,63880,63901,21
12.9742603302,80.2203826904,63901,63911,10
12.9741401672,80.2202911377,63911,63921,10
12.9738101959,80.2201538086,63921,63931,10
12.9732198715,80.2199172974,63931,63941,10
12.9723997116,80.2195968628,63941,63951,10
12.9715299606,80.2192993164,63951,63961,10
12.9708499908,80.2191009521,63961,63981,20
12.9708499908,80.2191009521,63981,63991,10
12.9708099365,80.219039917,63991,64002,11
12.9704399109,80.2188110352,64002,64012,10
12.9698495865,80.2185897827,64012,64022,10
12.96916008,80.2183227539,64022,64032,10
12.9684495926,80.2180404663,64032,64042,10
12.9677400589,80.2177429199,64042,64052,10
12.9667301178,80.2173461914,64052,64081,29
12.9667301178,80.2173461914,64081,64092,11
12.9665899277,80.2172698975,64092,64102,10
12.9662504196,80.2171401978,64102,64112,10
12.9655504227,80.2168502808,64112,64123,11
12.9644603729,80.2163925171,64123,64133,10
12.9637498856,80.2160797119,64133,64143,10
12.9635000229,80.2157897949,64143,64153,10
12.9636201859,80.215423584,64153,64173,20
12.9636201859,80.215423584,64173,64183,10
12.9637002945,80.2152175903,64183,64193,10
12.9638004303,80.2146835327,64193,64203,10
12.9638996124,80.2140274048,64203,64213,10
12.9640102386,80.2134399414,64213,64223,10
12.9641103745,80.2127380371,64223,64234,11
12.9642496109,80.2120437622,64234,64244,10
12.9643001556,80.2117614746,64244,64254,10
12.9645299911,80.2112579346,64254,64274,20
12.9645299911,80.2112579346,64274,64284,10
12.9646196365,80.2111282349,64284,64294,10
12.9646596909,80.2106781006,64294,64304,10
12.9646701813,80.2105789185,64304,64314,10
12.9647102356,80.2103271484,64314,64324,10
12.9647798538,80.2097625732,64324,64334,10
12.9648704529,80.2090072632,64334,64343,9
12.9649896622,80.2082595825,64343,64355,12
12.9651098251,80.2075195313,64355,64365,10
12.9652204514,80.2070007324,64365,64385,20
12.9652204514,80.2070007324,64385,64395,10
12.9653100967,80.2067184448,64395,64405,10
12.9653301239,80.2062225342,64405,64415,10
12.965379715,80.2056884766,64415,64425,10
12.9654798508,80.2050094604,64425,64435,10
12.9655504227,80.2045211792,64435,64444,9
12.9655504227,80.2045135498,64444,64455,11
12.9656000137,80.2043380737,64455,64466,11
12.9657001495,80.2037963867,64466,64476,10
12.965760231,80.2029876709,64476,64486,10
12.9657897949,80.2021331787,64486,64496,10
12.9655399323,80.2017593384,64496,64506,10
12.9652996063,80.2013778687,64506,64516,10
12.9655199051,80.2002792358,64516,64536,20
12.9655199051,80.2002792358,64536,64546,10
12.9655399323,80.2001724243,64546,64556,10
12.9652099609,80.2000808716,64556,64566,10
12.9649801254,80.1997909546,64566,64575,9
12.9648103714,80.1993103027,64575,64587,12
12.964799881,80.198387146,64587,64597,10
12.9647502899,80.1975479126,64597,64607,10
12.9647502899,80.1968765259,64607,64617,10
12.9647502899,80.1964035034,64617,64647,30
12.9647502899,80.1964035034,64647,64657,10
12.9646701813,80.1960906982,64657,64667,10
12.9646501541,80.1958618164,64667,64677,10
12.9647397995,80.1953735352,64677,64687,10
12.9647397995,80.1949462891,64687,64698,11
12.9649000168,80.194152832,64698,64708,10
12.9650096893,80.1934204102,64708,64718,10
12.9651098251,80.1924972534,64718,64728,10
12.9652795792,80.1917114258,64728,64738,10
12.9653301239,80.1915283203,64738,64748,10
12.9653596878,80.1913986206,64748,64758,10
12.965470314,80.1909713745,64758,64768,10
12.9656295776,80.1902084351,64768,64778,10
12.9658603668,80.188911438,64778,64797,19
12.9658603668,80.188911438,64797,64808,11
12.9658899307,80.1887512207,64808,64819,11
12.9657297134,80.1885375977,64819,64829,10
12.9653196335,80.1883468628,64829,64839,10
12.9650201797,80.1882400513,64839,64849,10
12.9644002914,80.1880111694,64849,64859,10
12.9637699127,80.187828064,64859,64869,10
12.9632101059,80.1876525879,64869,64879,10
12.9624795914,80.1874771118,64879,64889,10
12.9618196487,80.1873474121,64889,64899,10
12.9612598419,80.1872787476,64899,64909,10
12.9608602524,80.1871795654,64909,64919,10
12.9607696533,80.187171936,64919,64930,11
12.9605798721,80.1871490479,64930,64940,10
12.9602899551,80.1871337891,64940,64950,10
12.9599304199,80.1870727539,64950,64960,10
12.9593400955,80.1870422363,64960,64970,10
12.9588003159,80.1870193481,64970,64980,10
12.9582996368,80.1870193481,64980,64990,10
12.9577798843,80.1870117188,64990,65000,10
12.9572601318,80.1869888306,65000,65010,10
12.9566898346,80.1869735718,65010,65020,10
12.9559602737,80.1869812012,65020,65071,51
12.9559602737,80.1869812012,65071,65081,10
12.955739975,80.1869506836,65081,65091,10
12.9556598663,80.1869277954,65091,65101,10
12.9555397034,80.1867828369,65101,65121,20
12.9555397034,80.1867828369,65121,65131,10
12.9556102753,80.1864013672,65131,65141,10
12.9556598663,80.1861724854,65141,65151,10
12.9556999207,80.1859207153,65151,65162,11
12.9557504654,80.1856765747,65162,65172,10
12.9558095932,80.1855392456,65172,65182,10
12.9559803009,80.185546875,65182,65192,10
12.9560499191,80.1861495972,65192,65505,313
12.9560499191,80.1861495972,65505,65515,10
12.9560003281,80.1867675781,65515,65595,80
12.9560003281,80.1867675781,65595,65605,10
12.9563598633,80.1870117188,65605,65615,10
12.9568195343,80.1870269775,65615,65626,11
12.9573802948,80.1870574951,65626,65636,10
12.9581003189,80.1870574951,65636,65646,10
12.958729744,80.1870574951,65646,65656,10
12.9592199326,80.1870803833,65656,65666,10
12.9597501755,80.1871109009,65666,65676,10
12.9601602554,80.1871337891,65676,65686,10
12.9605703354,80.1871871948,65686,65696,10
12.9610099792,80.1872787476,65696,65706,10
12.9614400864,80.1873321533,65706,65716,10
12.9614601135,80.1873168945,65716,65726,10
12.9617004395,80.1873474121,65726,65737,11
12.9623003006,80.187461853,65737,65747,10
12.9629096985,80.1875686646,65747,65757,10
12.9632196426,80.1876373291,65757,65767,10
12.963259697,80.1876373291,65767,65777,10
12.9634599686,80.1876831055,65777,65787,10
12.9639396667,80.1878433228,65787,65797,10
12.9645996094,80.188041687,65797,65807,10
12.9650497437,80.1882095337,65807,65817,10
12.9652900696,80.1883163452,65817,65827,10
12.965470314,80.1884002686,65827,65837,10
12.9654798508,80.1884078979,65837,65847,10
12.9659204483,80.188659668,65847,65868,21
12.9659204483,80.188659668,65868,65878,10
12.965880394,80.1888885498,65878,65888,10
12.9658699036,80.1889190674,65888,65898,10
12.9658002853,80.1892318726,65898,65908,10
12.965669632,80.1898498535,65908,65918,10
12.9654903412,80.1907577515,65918,65928,10
12.9653396606,80.1915664673,65928,65938,10
12.9652996063,80.1917037964,65938,65948,10
12.9652700424,80.1918106079,65948,65958,10
12.9651498795,80.1923370361,65958,65969,11
12.9650497437,80.1932220459,65969,65979,10
12.9649600983,80.193901062,65979,65989,10
12.9648399353,80.1943435669,65989,65999,10
12.9647302628,80.1949386597,65999,66009,10
12.9646997452,80.1954879761,66009,66019,10
12.9646501541,80.1961135864,66019,66029,10
12.9647703171,80.1963500977,66029,66039,10
12.9647703171,80.1969985962,66039,66069,30
12.9647703171,80.1969985962,66069,66078,9
12.9647502899,80.1971817017,66078,66090,12
12.9647197723,80.1977462769,66090,66100,10
12.9647798538,80.1984710693,66100,66110,10
12.9647502899,80.1991195679,66110,66120,10
12.9648799896,80.1994781494,66120,66130,10
12.9649295807,80.200012207,66130,66140,10
12.9654302597,80.2001190186,66140,66150,10
12.9654397964,80.2005233765,66150,66160,10
12.9653196335,80.2011795044,66160,66170,10
12.9653100967,80.2012863159,66170,66180,10
12.9652996063,80.201423645,66180,66190,10
12.9654598236,80.201713562,66190,66201,11
12.9657697678,80.202003479,66201,66211,10
12.9657402039,80.2026596069,66211,66221,10
12.9657201767,80.2034378052,66221,66231,10
12.9655895233,80.2041702271,66231,66241,10
12.9655399323,80.2045288086,66241,66251,10
12.9655399323,80.2045516968,66251,66261,10
12.9654998779,80.2048034668,66261,66271,10
12.965470314,80.2050094604,66271,66281,10
12.9653501511,80.205581665,66281,66291,10
12.9652795792,80.206199646,66291,66311,20
12.9652795792,80.206199646,66311,66322,11
12.9652996063,80.206489563,66322,66332,10
12.9652299881,80.20703125,66332,66352,20
12.9652299881,80.20703125,66352,66362,10
12.9651603699,80.2074127197,66362,66372,10
12.9650402069,80.2080764771,66372,66382,10
12.9649095535,80.2088623047,66382,66392,10
12.9648103714,80.2094421387,66392,66402,10
12.9647502899,80.2098770142,66402,66412,10
12.9646701813,80.2104110718,66412,66422,10
12.9646100998,80.2109527588,66422,66433,11
12.9644899368,80.2113189697,66433,66443,10
12.9644603729,80.2113723755,66443,66453,10
12.9644403458,80.2114105225,66453,66463,10
12.9643201828,80.2116775513,66463,66473,10
12.9642496109,80.2120666504,66473,66483,10
12.9642000198,80.2123794556,66483,66493,10
12.9640798569,80.2129364014,66493,66503,10
12.9639797211,80.2134017944,66503,66513,10
12.9638900757,80.2138900757,66513,66523,10
12.9638204575,80.2143325806,66523,66532,9
12.9637804031,80.2147293091,66532,66544,12
12.9636898041,80.2152328491,66544,66554,10
12.9636201859,80.2156295776,66554,66604,50
12.9636201859,80.2156295776,66604,66614,10
12.9636697769,80.216003418,66614,66624,10
12.964050293,80.2161407471,66624,66634,10
12.9640598297,80.2161407471,66634,66644,10
12.9641599655,80.2161865234,66644,66653,9
12.9645204544,80.2163467407,66653,66665,12
12.9653301239,80.2166900635,66665,66675,10
12.9660396576,80.2169799805,66675,66685,10
12.966750145,80.2172622681,66685,66695,10
12.9674596786,80.2175598145,66695,66705,10
12.9679498672,80.2177734375,66705,66715,10
12.9684696198,80.217956543,66715,66725,10
12.969209671,80.2182617188,66725,66735,10
12.9700098038,80.2185897827,66735,66745,10
12.9708204269,80.2188873291,66745,66755,10
12.9712200165,80.2190093994,66755,66765,10
12.9712400436,80.2190170288,66765,66776,11
12.971449852,80.2191162109,66776,66786,10
12.9719800949,80.219367981,66786,66796,10
12.9727296829,80.2196731567,66796,66806,10
12.9733495712,80.2199020386,66806,66816,10
12.9736404419,80.2200317383,66816,66886,70
12.9736404419,80.2200317383,66886,66897,11
12.9738502502,80.220199585,66897,66907,10
12.9741897583,80.2203369141,66907,66917,10
12.9747200012,80.2205581665,66917,66927,10
12.9750699997,80.2206726074,66927,66937,10
12.9754695892,80.2207794189,66937,67129,192
12.9756698608,80.2210922241,67129,67199,70
12.9756698608,80.2210922241,67199,67209,10
12.975979805,80.2212677002,67209,67219,10
12.9761104584,80.2214508057,67219,67229,10
12.9763803482,80.2218093872,67229,67260,31
12.9763803482,80.2218093872,67260,67270,10
12.9764995575,80.2221069336,67270,67280,10
12.9767103195,80.2224502563,67280,67290,10
12.9768695831,80.2226715088,67290,67300,10
12.9771203995,80.2231063843,67300,67310,10
12.9775400162,80.223777771,67310,67320,10
12.977930069,80.2243728638,67320,67330,10
12.9781398773,80.2247390747,67330,67340,10
12.9784698486,80.225227356,67340,67350,10
12.9785203934,80.2253036499,67350,67361,11
12.9786500931,80.2255401611,67361,67371,10
12.9789104462,80.225982666,67371,67381,10
12.9792203903,80.2265014648,67381,67391,10
12.9794902802,80.2269363403,67391,67401,10
12.97976017,80.2274017334,67401,67411,10
12.9800901413,80.2279434204,67411,67421,10
12.9804801941,80.2285766602,67421,67431,10
12.9807395935,80.229019165,67431,67441,10
12.9809904099,80.2294082642,67441,67451,10
12.9813804626,80.2300262451,67451,67460,9
12.9815702438,80.2303237915,67460,67472,12
12.9815797806,80.2303237915,67472,67482,10
12.9816102982,80.2304382324,67482,67492,10
12.9818096161,80.2308578491,67492,67502,10
12.9819803238,80.2315216064,67502,67512,10
12.9820203781,80.2320480347,67512,67522,10
12.982000351,80.232421875,67522,67532,10
12.9819297791,80.2327270508,67532,67542,10
12.9817800522,80.2331008911,67542,67562,20
12.9817800522,80.2331008911,67562,67572,10
12.9816598892,80.2333526611,67572,67582,10
12.9814100266,80.2338562012,67582,67593,11
12.9812097549,80.2344207764,67593,67603,10
12.9812002182,80.2351837158,67603,67613,10
12.9812297821,80.2360076904,67613,67623,10
12.9812498093,80.236907959,67623,67633,10
12.9812698364,80.237663269,67633,67643,10
12.9812698364,80.2380981445,67643,67653,10
12.9812898636,80.2386627197,67653,67663,10
12.9812803268,80.2386932373,67663,67673,10
12.9812803268,80.2389831543,67673,67683,10
12.9812803268,80.2395172119,67683,67692,9
12.981300354,80.240020752,67692,67704,12
12.9813098907,80.2407073975,67704,67714,10
12.9813098907,80.2413101196,67714,67724,10
12.9813098907,80.2419509888,67724,67734,10
12.9813203812,80.2423095703,67734,67744,10
12.9813203812,80.2427825928,67744,67764,20
12.9813203812,80.2427825928,67764,67774,10
12.9813299179,80.2430801392,67774,67784,10
12.9813203812,80.2434692383,67784,67794,10
12.9812402725,80.2440795898,67794,67803,9
12.9811201096,80.2448730469,67803,67814,11
12.9809799194,80.2459869385,67814,67825,11
12.9808597565,80.2472000122,67825,67835,10
12.9807796478,80.2483062744,67835,67845,10
12.9806900024,80.2493896484,67845,67855,10
12.9805202484,80.2502822876,67855,67865,10
12.9802904129,80.2511901855,67865,67875,10
12.9800901413,80.2521514893,67875,67895,20
12.9800901413,80.2521514893,67895,67905,10
12.9800596237,80.252243042,67905,67915,10
12.9800796509,80.252456665,67915,67925,10
12.9801397324,80.2525177002,67925,67936,11
12.9803495407,80.2526321411,67936,67946,10
12.9808301926,80.2526321411,67946,67956,10
12.981590271,80.2526168823,67956,67966,10
12.982219696,80.2526092529,67966,67976,10
12.9827899933,80.2525787354,67976,67986,10
12.9830799103,80.2525634766,67986,67996,10
12.9835300446,80.2525024414,67996,68006,10
12.9841804504,80.2523117065,68006,68016,10
12.9848203659,80.2521133423,68016,68026,10
12.9853000641,80.2519607544,68026,68036,10
12.9855604172,80.2518768311,68036,68047,11
12.986120224,80.251701355,68047,68289,242
12.986120224,80.251701355,68289,68299,10
12.9864501953,80.2516479492,68299,68309,10
12.9869098663,80.2515182495,68309,68319,10
12.9873895645,80.251373291,68319,68329,10
12.9877595901,80.2513504028,68329,68339,10
12.9879198074,80.2516708374,68339,68349,10
12.9879999161,80.2520065308,68349,68359,10
12.9879999161,80.2520294189,68359,68369,10
12.9880104065,80.2522583008,68369,68379,10
12.987950325,80.2528381348,68379,68390,11
12.9878702164,80.2534790039,68390,68400,10
12.9877996445,80.2542190552,68400,68410,10
12.9877595901,80.2546920776,68410,68450,40
12.9877595901,80.2546920776,68450,68460,10
12.9877195358,80.2547912598,68460,68470,10
12.9876699448,80.2552490234,68470,68480,10
12.9876403809,80.2556304932,68480,68490,10
12.9875602722,80.2561264038,68490,68500,10
12.9875297546,80.2566833496,68500,68511,11
12.9875097275,80.2568283081,68511,68521,10
12.9874696732,80.2571411133,68521,68531,10
12.9874095917,80.2577667236,68531,68541,10
12.9873504639,80.2585372925,68541,68551,10
12.9872999191,80.2590103149,68551,68561,10
12.9872198105,80.2592315674,68561,68581,20
12.9872198105,80.2592315674,68581,68591,10
12.9872198105,80.2594680786,68591,68642,51
12.9872198105,80.2594680786,68642,68652,10
12.9868602753,80.2595214844,68652,68662,10
12.9866304398,80.2594909668,68662,68672,10
12.9865703583,80.2590484619,68672,68975,303
12.9869699478,80.2590789795,68975,69025,50
12.9869699478,80.2590789795,69025,69035,10
12.9872903824,80.2589416504,69035,69045,10
12.9872999191,80.2587814331,69045,69055,10
12.9873199463,80.2586593628,69055,69065,10
12.9873399734,80.2582626343,69065,69074,9
12.9873504639,80.258102417,69074,69086,12
12.9873695374,80.2577209473,69086,69096,10
12.9874200821,80.2570724487,69096,69106,10
12.9874801636,80.2563934326,69106,69116,10
12.9874897003,80.2558898926,69116,69126,10
12.9876098633,80.2554168701,69126,69136,10
12.9876203537,80.255241394,69136,69146,10
12.9876403809,80.2548980713,69146,69156,10
12.9876499176,80.2547988892,69156,69166,10
12.9876804352,80.2543334961,69166,69176,10
12.9877700806,80.2535705566,69176,69186,10
12.9878196716,80.2527389526,69186,69196,10
12.987830162,80.251991272,69196,69207,11
12.9877796173,80.2517471313,69207,69217,10
12.9874696732,80.2516174316,69217,69237,20
12.9874696732,80.2516174316,69237,69247,10
12.9872703552,80.2516021729,69247,69257,10
12.9867897034,80.251663208,69257,69267,10
12.9859895706,80.2518463135,69267,69277,10
12.9849700928,80.2520904541,69277,69287,10
12.983830452,80.2524032593,69287,69297,10
12.9827699661,80.2526016235,69297,69307,10
12.9816999435,80.2526321411,69307,69318,11
12.9806003571,80.2526626587,69318,69328,10
12.9799699783,80.2526779175,69328,69358,30
12.9799699783,80.2526779175,69358,69368,10
12.9797897339,80.2525100708,69368,69378,10
12.9798498154,80.2522201538,69378,69398,20
12.9798498154,80.2522201538,69398,69408,10
12.9798898697,80.2520828247,69408,69418,10
12.9800195694,80.2516326904,69418,69429,11
12.9802904129,80.2508010864,69429,69439,10
12.9805297852,80.2499008179,69439,69449,10
12.9806699753,80.2489624023,69449,69459,10
12.9807500839,80.2479171753,69459,69469,10
12.9808502197,80.2468109131,69469,69479,10
12.9809303284,80.2457504272,69479,69489,10
12.9809799194,80.2452774048,69489,69499,10
12.9810600281,80.2446212769,69499,69509,10
12.9811296463,80.2439117432,69509,69519,10
12.9812498093,80.2435836792,69519,69529,10
12.9812898636,80.243270874,69529,69538,9
12.9812898636,80.2430801392,69538,69550,12
12.9813203812,80.2428970337,69550,69590,40
12.9813203812,80.2428970337,69590,69600,10
12.9813203812,80.2425765991,69600,69610,10
12.981300354,80.2421035767,69610,69620,10
12.981300354,80.2414016724,69620,69630,10
12.9813098907,80.2406997681,69630,69640,10
12.981300354,80.2400665283,69640,69671,31
12.981300354,80.2400665283,69671,69681,10
12.981300354,80.2399215698,69681,69691,10
12.981300354,80.2396774292,69691,69701,10
12.9812698364,80.2392272949,69701,69711,10
12.9812602997,80.2386703491,69711,69721,10
12.9812402725,80.2384262085,69721,69731,10
12.9812202454,80.2379837036,69731,69741,10
12.9812297821,80.237953186,69741,69751,10
12.9812297821,80.2378692627,69751,69761,10
12.9812202454,80.2374572754,69761,69772,11
12.9812097549,80.2367019653,69772,69782,10
12.9811897278,80.2358474731,69782,69792,10
12.981180191,80.2350387573,69792,69802,10
12.9811897278,80.234336853,69802,69812,10
12.9812498093,80.2340621948,69812,69822,10
12.9813299179,80.2338562012,69822,69832,10
12.9815502167,80.2333984375,69832,69852,20
12.9815502167,80.2333984375,69852,69862,10
12.9816102982,80.2332763672,69862,69872,10
12.9817199707,80.2330474854,69872,69881,9
12.9818096161,80.2328567505,69881,69893,12
12.9819002151,80.2325820923,69893,69903,10
12.9819402695,80.232383728,69903,69913,10
12.9819402695,80.2321624756,69913,69923,10
12.9819402695,80.2318267822,69923,69933,10
12.9818897247,80.2313690186,69933,69943,10
12.9817399979,80.2309417725,69943,69953,10
12.9816102982,80.2306518555,69953,69963,10
12.9812898636,80.2301330566,69963,69973,10
12.9809703827,80.2296066284,69973,69983,10
12.9808397293,80.2294082642,69983,69993,10
12.9807195663,80.2292098999,69993,70004,11
12.9806003571,80.2290267944,70004,70014,10
12.9806003571,80.229019165,70014,70024,10
12.9804201126,80.2286682129,70024,70034,10
12.9802398682,80.2282562256,70034,70044,10
12.9799203873,80.2277374268,70044,70054,10
12.979590416,80.2271881104,70054,70064,10
12.9792299271,80.2266082764,70064,70074,10
12.9788703918,80.2260131836,70074,70084,10
12.9786100388,80.2255706787,70084,70094,10
12.9784603119,80.2253265381,70094,70104,10
12.9784202576,80.2252731323,70104,70113,9
12.9783000946,80.2250595093,70113,70125,12
12.9781103134,80.2247467041,70125,70135,10
12.97797966,80.2245864868,70135,70145,10
12.9777603149,80.224281311,70145,70155,10
12.9777297974,80.2242431641,70155,70165,10
12.977689743,80.2241668701,70165,70175,10
12.977519989,80.2238922119,70175,70185,10
12.9772500992,80.2234115601,70185,70195,10
12.9770002365,80.2229995728,70195,70205,10
12.9769096375,80.2228622437,70205,70215,10
12.9767799377,80.2226409912,70215,70225,10
12.9765100479,80.2221984863,70225,70236,11
12.9761600494,80.2216491699,70236,70246,10
12.9759302139,80.2213287354,70246,70256,10
12.9757604599,80.2211303711,70256,70266,10
12.9756803513,80.2210693359,70266,70276,10
12.9756097794,80.2210235596,70276,70286,10
12.9754495621,80.2208862305,70286,70296,10
12.9749898911,80.2206192017,70296,70306,10
12.974360466,80.2203598022,70306,70336,30
12.974360466,80.2203598022,70336,70346,10
12.9742002487,80.2202835083,70346,70357,11
12.9736995697,80.2200393677,70357,70367,10
12.9729995728,80.2197723389,70367,70377,10
12.9722204208,80.2194824219,70377,70387,10
12.9715204239,80.2192382813,70387,70397,10
12.9711503983,80.2191619873,70397,70407,10
12.9709196091,80.2191009521,70407,70437,30
12.9709196091,80.2191009521,70437,70447,10
12.9708299637,80.2190322876,70447,70457,10
12.9705600739,80.2188796997,70457,70468,11
12.9702301025,80.2187271118,70468,70478,10
12.9697904587,80.2185592651,70478,70488,10
12.9693899155,80.2183914185,70488,70498,10
12.9690303802,80.2182617188,70498,70508,10
12.96875,80.2181625366,70508,70518,10
12.9684295654,80.2180404663,70518,70528,10
12.9679603577,80.2178573608,70528,70538,10
12.9674901962,80.2176818848,70538,70649,111
12.9674901962,80.2176818848,70649,70659,10
12.9672603607,80.2175521851,70659,70669,10
12.9668598175,80.217376709,70669,70679,10
12.9661998749,80.2171325684,70679,70689,10
12.9656095505,80.2169036865,70689,70700,11
12.9648504257,80.2165908813,70700,70710,10
12.9641304016,80.2162704468,70710,70720,10
12.9635696411,80.2160186768,70720,70750,30
12.9635696411,80.2160186768,70750,70760,10
12.9635095596,80.2157669067,70760,70770,10
12.9636201859,80.2153396606,70770,70790,20
12.9636201859,80.2153396606,70790,70799,9
12.9636297226,80.2152633667,70799,70811,12
12.9637098312,80.2148895264,70811,70821,10
12.9638004303,80.2144622803,70821,70831,10
12.9638500214,80.2140808105,70831,70841,10
12.9639396667,80.2135620117,70841,70881,40
12.9639396667,80.2135620117,70881,70891,10
12.9640398026,80.2131729126,70891,70901,10
12.9641304016,80.2126998901,70901,70911,10
12.9642496109,80.2119522095,70911,70932,21
12.9642496109,80.2119522095,70932,70942,10
12.9643201828,80.2115631104,70942,70952,10
12.9644804001,80.2112121582,70952,71002,50
12.9646196365,80.2111206055,71002,71022,20
12.9646196365,80.2111206055,71022,71032,10
12.9646596909,80.2109527588,71032,71043,11
12.9646596909,80.2108535767,71043,71053,10
12.9646701813,80.2107391357,71053,71063,10
12.9647102356,80.2102966309,71063,71083,20
12.9647102356,80.2102966309,71083,71093,10
12.9647197723,80.2100296021,71093,71103,10
12.9647197723,80.2100219727,71103,71113,10
12.9647397995,80.209777832,71113,71123,10
12.9647598267,80.2095108032,71123,71133,10
12.9648103714,80.2091598511,71133,71143,10
12.9648799896,80.2088012695,71143,71154,11
12.9649295807,80.208480835,71154,71164,10
12.9649896622,80.2081375122,71164,71174,10
12.9650402069,80.2078323364,71174,71184,10
12.9650602341,80.2076797485,71184,71194,10
12.9651098251,80.2074279785,71194,71204,10
12.9651699066,80.2070236206,71204,71234,30
12.9651699066,80.2070236206,71234,71244,10
12.9652395248,80.206741333,71244,71254,10
12.9653196335,80.2063674927,71254,71264,10
12.9652996063,80.2060928345,71264,71275,11
12.9653701782,80.2055282593,71275,71285,10
12.9654197693,80.2052612305,71285,71295,10
12.9655303955,80.204498291,71295,71325,30
12.9655303955,80.204498291,71325,71335,10
12.9655504227,80.2043304443,71335,71345,10
12.9656295776,80.203918457,71345,71355,10
12.9657297134,80.2033004761,71355,71365,10
12.965760231,80.202507019,71365,71375,10
12.9657297134,80.2018127441,71375,71385,10
12.965259552,80.2015609741,71385,71396,11
12.965379715,80.2008590698,71396,71406,10
12.9654798508,80.2002792358,71406,71436,30
12.9654798508,80.2002792358,71436,71446,10
12.9654798508,80.2001190186,71446,71456,10
12.9651403427,80.2000732422,71456,71466,10
12.9649400711,80.1997680664,71466,71476,10
12.9647703171,80.1992797852,71476,71486,10
12.9648199081,80.1985778809,71486,71496,10
12.9647598267,80.1977615356,71496,71507,11
12.9647598267,80.1974182129,71507,71517,10
12.9647502899,80.1968994141,71517,71527,10
12.9647598267,80.1962814331,71527,71557,30
12.9647598267,80.1962814331,71557,71567,10
12.9647197723,80.1960906982,71567,71587,20
12.9647197723,80.1960906982,71587,71597,10
12.9646100998,80.1960601807,71597,71606,9
12.9646100998,80.1959762573,71606,71618,12
12.9646596909,80.1956481934,71618,71628,10
12.9646701813,80.1955184937,71628,71638,10
12.9647397995,80.1950836182,71638,71648,10
12.9647397995,80.194732666,71648,71658,10
12.9648704529,80.1942062378,71658,71668,10
12.9649896622,80.193649292,71668,71678,10
12.9650602341,80.1928482056,71678,71688,10
12.9652004242,80.1920776367,71688,71698,10
12.9653196335,80.1915435791,71698,71708,10
12.9653196335,80.1914978027,71708,71718,10
12.9653902054,80.1912231445,71718,71728,10
12.965470314,80.1908035278,71728,71739,11
12.9656200409,80.1901016235,71739,71749,10
12.9657497406,80.1894073486,71749,71759,10
12.9658603668,80.1887512207,71759,71779,20
12.9658603668,80.1887512207,71779,71789,10
12.9658603668,80.1886978149,71789,71799,10
12.9658899307,80.188583374,71799,71809,10
12.9657297134,80.1884994507,71809,71819,10
12.9653596878,80.188331604,71819,71829,10
12.9650096893,80.1881790161,71829,71839,10
12.9644603729,80.1880187988,71839,71850,11
12.9640302658,80.1878967285,71850,71860,10
12.9636297226,80.1877288818,71860,71870,10
12.9632101059,80.1876296997,71870,71880,10
12.962770462,80.187538147,71880,71890,10
12.962220192,80.1874313354,71890,71900,10
12.9617004395,80.1873397827,71900,71910,10
12.9612503052,80.1872634888,71910,71920,10
12.9608001709,80.1872024536,71920,71930,10
12.9606895447,80.1871871948,71930,71940,10
12.9605398178,80.1871795654,71940,71950,10
12.9602203369,80.1871109009,71950,71960,10
12.9598302841,80.1870727539,71960,71971,11
12.9591598511,80.1870193481,71971,71981,10
12.958609581,80.18699646,71981,71991,10
12.9581203461,80.1870117188,71991,72001,10
12.9575901031,80.1870117188,72001,72011,10
12.9572000504,80.18699646,72011,72021,10
12.9568099976,80.1869812012,72021,72031,10
12.9560804367,80.1869277954,72031,72122,91
12.9560804367,80.1869277954,72122,72132,10
12.9555501938,80.1868515015,72132,72152,20
12.9555501938,80.1868515015,72152,72162,10
12.9555301666,80.1867523193,72162,72172,10
12.9555997849,80.1864395142,72172,72193,21
12.9555997849,80.1864395142,72193,72203,10
12.9556703568,80.1861495972,72203,72213,10
12.9557104111,80.1859130859,72213,72223,10
12.9557504654,80.1856536865,72223,72233,10
12.9557800293,80.1854934692,72233,72243,10
12.9559602737,80.1854629517,72243,72253,10
12.9560098648,80.185836792,72253,72263,10
12.9560203552,80.1861801147,72263,72273,10
12.9560203552,80.1862716675,72273,72283,10
12.9559803009,80.1867980957,72283,72303,20
12.9559803009,80.1867980957,72303,72314,11
12.9560403824,80.1869430542,72314,72324,10
12.956410408,80.1869506836,72324,72334,10
12.9569301605,80.1869812012,72334,72344,10
12.9574604034,80.18699646,72344,72354,10
12.9580202103,80.1870117188,72354,72364,10
12.9585695267,80.18699646,72364,72374,10
12.9590501785,80.1870193481,72374,72384,10
12.9594802856,80.1870498657,72384,72394,10
12.9599704742,80.1870803833,72394,72404,10
12.9603900909,80.1871185303,72404,72414,10
12.9608201981,80.1872024536,72414,72424,10
12.9613103867,80.1872711182,72424,72435,11
12.9615402222,80.1873016357,72435,72445,10
12.9619197845,80.1873703003,72445,72455,10
12.9622802734,80.1874389648,72455,72465,10
12.9627199173,80.1875305176,72465,72475,10
12.9632196426,80.1876220703,72475,72485,10
12.9637298584,80.1877593994,72485,72495,10
12.9641399384,80.1878967285,72495,72505,10
12.9645996094,80.1880493164,72505,72515,10
12.9651403427,80.1882476807,72515,72525,10
12.9654598236,80.188369751,72525,72535,10
12.9654798508,80.1883773804,72535,72546,11
12.9658098221,80.1884994507,72546,72556,10
12.9659204483,80.1886062622,72556,72566,10
12.9658603668,80.1889572144,72566,72576,10
12.9657497406,80.189453125,72576,72586,10
12.9656000137,80.1901931763,72586,72596,10
12.965470314,80.1908187866,72596,72606,10
12.9653701782,80.1912689209,72606,72616,10
12.9652996063,80.191619873,72616,72626,10
12.965259552,80.1917724609,72626,72636,10
12.9651203156,80.1923065186,72636,72646,10
12.9650297165,80.1930389404,72646,72657,11
12.9649896622,80.1935195923,72657,72667,10
12.9649400711,80.1937789917,72667,72677,10
12.9648599625,80.1941299438,72677,72687,10
12.9647302628,80.1946563721,72687,72697,10
12.9647197723,80.1949386597,72697,72707,10
12.964679718,80.1953582764,72707,72717,10
12.9645996094,80.1959381104,72717,72727,10
12.9647302628,80.1961669922,72727,72737,10
12.9647502899,80.1966400146,72737,72747,10
12.9647397995,80.1967926025,72747,72757,10
12.9647197723,80.1969985962,72757,72767,10
12.9647302628,80.1970672607,72767,72778,11
12.9647197723,80.1973266602,72778,72788,10
12.9646997452,80.1978988647,72788,72798,10
12.9647798538,80.1986923218,72798,72808,10
12.9647397995,80.1993103027,72808,72818,10
12.9648799896,80.1998519897,72818,72828,10
12.9650096893,80.200050354,72828,72838,10
12.9654197693,80.2001037598,72838,72848,10
12.9654598236,80.2002792358,72848,72858,10
12.9653902054,80.2007522583,72858,72868,10
12.9652996063,80.2012023926,72868,72878,10
12.9652795792,80.2013015747,72878,72889,11
12.9653301239,80.2016906738,72889,72899,10
12.965669632,80.201789856,72899,72909,10
12.9657402039,80.2021484375,72909,72919,10
12.9657201767,80.2028503418,72919,72929,10
12.9656801224,80.2036590576,72929,72939,10
12.9654998779,80.2045593262,72939,72959,20
12.9654998779,80.2045593262,72959,72969,10
12.965470314,80.2047805786,72969,72979,10
12.9654302597,80.2050094604,72979,72989,10
12.9653501511,80.2053604126,72989,72998,9
12.9652700424,80.2057418823,72998,73010,12
12.965259552,80.2063369751,73010,73050,40
12.965259552,80.2063369751,73050,73060,10
12.9652500153,80.2067108154,73060,73070,10
12.965180397,80.2070922852,73070,73090,20
12.965180397,80.2070922852,73090,73100,10
12.9651298523,80.2072982788,73100,73110,10
12.9650697708,80.2077026367,73110,73121,11
12.9649801254,80.2082366943,73121,73131,10
12.9648599625,80.2089004517,73131,73141,10
12.9648103714,80.2092666626,73141,73151,10
12.9647397995,80.2096862793,73151,73161,10
12.9646596909,80.2103271484,73161,73171,10
12.9645795822,80.2109680176,73171,73181,10
12.9645004272,80.2113037109,73181,73191,10
12.9644203186,80.2114181519,73191,73201,10
12.9643001556,80.2117767334,73201,73211,10
12.9642095566,80.212272644,73211,73221,10
12.9640903473,80.2128677368,73221,73231,10
12.9639797211,80.2135162354,73231,73242,11
12.9638996124,80.2138977051,73242,73252,10
12.9638795853,80.2140808105,73252,73262,10
12.9638204575,80.2144470215,73262,73272,10
12.9637298584,80.2149200439,73272,73282,10
12.9636602402,80.2153091431,73282,73292,10
12.9635601044,80.2157821655,73292,73302,10
12.9636898041,80.2159423828,73302,73312,10
12.964050293,80.2160873413,73312,73322,10
12.9640798569,80.2161102295,73322,73332,10
12.9642295837,80.216178894,73332,73341,9
12.9645900726,80.2163619995,73341,73353,12
12.9653396606,80.2166595459,73353,73363,10
12.9660396576,80.2169265747,73363,73373,10
12.9667196274,80.2172012329,73373,73383,10
12.9674100876,80.2174835205,73383,73393,10
12.968000412,80.2177429199,73393,73403,10
12.9686002731,80.2179489136,73403,73413,10
12.9692401886,80.2182006836,73413,73423,10
12.969909668,80.218460083,73423,73433,10
12.9705400467,80.2187271118,73433,73443,10
12.971039772,80.2189102173,73443,73453,10
12.9713497162,80.2190322876,73453,73464,11
12.9718799591,80.21925354,73464,73474,10
12.9725198746,80.2195129395,73474,73484,10
12.9730997086,80.2197265625,73484,73494,10
12.9735403061,80.219909668,73494,73504,10
12.9739303589,80.2200775146,73504,73514,10
12.9742298126,80.2202224731,73514,73524,10
12.9744997025,80.2203216553,73524,73534,10
12.974729538,80.220413208,73534,73544,10
12.9749498367,80.2204971313,73544,73675,131
12.9749498367,80.2204971313,73675,73685,10
12.9754495621,80.220703125,73685,73696,11
12.9755897522,80.2208633423,73696,73706,10
12.9757795334,80.2210388184,73706,73716,10
12.9758501053,80.2211227417,73716,73726,10
12.9759998322,80.2213134766,73726,73736,10
12.9762601852,80.2216491699,73736,73776,40
12.9762601852,80.2216491699,73776,73786,10
12.9762802124,80.221862793,73786,73796,10
12.9764299393,80.2221298218,73796,73806,10
12.9767198563,80.2225799561,73806,73817,11
12.9769897461,80.2229385376,73817,73827,10
12.9772701263,80.2233734131,73827,73837,10
12.977640152,80.2239608765,73837,73847,10
12.9779996872,80.2245178223,73847,73857,10
12.9781999588,80.224861145,73857,73867,10
12.9784002304,80.2251663208,73867,73877,10
12.9785404205,80.2253723145,73877,73887,10
12.9785804749,80.2254486084,73887,73897,10
12.978770256,80.225769043,73897,73907,10
12.9790496826,80.2262573242,73907,73917,10
12.9793901443,80.2268295288,73917,73928,11
12.9798002243,80.2275085449,73928,73938,10
12.980219841,80.2281799316,73938,73948,10
12.9805603027,80.2287979126,73948,73958,10
12.9808597565,80.2293014526,73958,73968,10
12.9811296463,80.2297286987,73968,73978,10
12.9816398621,80.23046875,73978,74018,40
12.9816398621,80.23046875,74018,74028,10
12.9816999435,80.2306289673,74028,74039,11
12.981880188,80.2310180664,74039,74049,10
12.9819898605,80.2315216064,74049,74059,10
12.9820203781,80.2320785522,74059,74069,10
12.9819898605,80.2325210571,74069,74079,10
12.9818201065,80.233001709,74079,74089,10
12.9816799164,80.2333297729,74089,74099,10
12.9816703796,80.2333602905,74099,74109,10
12.9816102982,80.2334976196,74109,74119,10
12.9813804626,80.2339630127,74119,74129,10
12.9812097549,80.2346725464,74129,74139,10
12.9812202454,80.235458374,74139,74149,10
12.9812602997,80.2362823486,74149,74160,11
12.9812898636,80.2372589111,74160,74170,10
12.9813203812,80.2378005981,74170,74180,10
12.9813299179,80.2385482788,74180,74200,20
12.9813299179,80.2385482788,74200,74210,10
12.9813203812,80.2389526367,74210,74220,10
12.9813299179,80.2394104004,74220,74230,10
12.9813404083,80.2395401001,74230,74240,10
12.9813604355,80.2398300171,74240,74250,10
12.9813804626,80.2403717041,74250,74260,10
12.9813899994,80.2410583496,74260,74271,11
12.9813899994,80.2418823242,74271,74281,10
12.9814195633,80.2426681519,74281,74301,20
12.9814195633,80.2426681519,74301,74311,10
12.9813604355,80.2428665161,74311,74321,10
12.9813699722,80.2431411743,74321,74331,10
12.9813604355,80.2435913086,74331,74341,10
12.9812803268,80.244178772,74341,74351,10
12.981180191,80.244972229,74351,74361,10
12.9810800552,80.2457733154,74361,74371,10
12.9809999466,80.2465515137,74371,74381,10
12.9809303284,80.2473373413,74381,74392,11
12.9808702469,80.2482376099,74392,74402,10
12.980799675,80.2490386963,74402,74412,10
12.9806804657,80.2498092651,74412,74422,10
12.9805297852,80.2504730225,74422,74432,10
12.9803600311,80.251083374,74432,74442,10
12.9802598953,80.2515106201,74442,74452,10
12.9801397324,80.2521133423,74452,74523,71
12.9801397324,80.2521133423,74523,74533,10
12.9800596237,80.2523269653,74533,74543,10
12.9801797867,80.2525100708,74543,74553,10
12.9806404114,80.2525787354,74553,74906,353
12.9806404114,80.2525787354,74906,74916,10
12.9808702469,80.2525787354,74916,74926,10
12.9814500809,80.252571106,74926,74936,10
12.9820299149,80.2525634766,74936,74946,10
12.9827604294,80.252532959,74946,74955,9
12.9835596085,80.2524337769,74955,74967,12
12.9845399857,80.2521591187,74967,74977,10
12.9852800369,80.251953125,74977,74987,10
12.9858798981,80.2517929077,74987,74997,10
12.9862804413,80.2516708374,74997,75037,40
12.9862804413,80.2516708374,75037,75047,10
12.986749649,80.2515563965,75047,75118,71
12.986749649,80.2515563965,75118,75128,10
12.9870500565,80.2515106201,75128,75138,10
12.987449646,80.2513885498,75138,75148,10
12.9878702164,80.2513809204,75148,75158,10
12.9880199432,80.2518234253,75158,75168,10
12.9880695343,80.2523422241,75168,75178,10
12.9879798889,80.2531433105,75178,75188,10
12.9879102707,80.2538833618,75188,75199,11
12.9877901077,80.255027771,75199,75289,90
12.9877901077,80.255027771,75289,75299,10
12.9877300262,80.2553710938,75299,75310,11
12.9876804352,80.2557983398,75310,75320,10
12.9876098633,80.2562026978,75320,75330,10
12.9875898361,80.2565689087,75330,75340,10
12.9875297546,80.2570419312,75340,75350,10
12.987449646,80.2577896118,75350,75360,10
12.9874401093,80.2584533691,75360,75370,10
12.987279892,80.2585601807,75370,75380,10
12.9872198105,80.2585372925,75380,75390,10
12.9866895676,80.2586517334,75390,75683,293
12.9866104126,80.258682251,75683,79354,3671
12.9864997864,80.2586364746,79354,79667,313
