12.9865598679,80.2588272095,12,1520,1508
12.9867801666,80.2589263916,1520,2262,742
12.986579895,80.2589569092,2262,2424,162
12.9866800308,80.2588500977,2424,2970,546
12.9865903854,80.2588577271,2970,3345,375
12.9867200851,80.2588806152,3345,18361,15016
12.9867200851,80.2588806152,18361,18371,10
12.9867696762,80.2585983276,18371,18482,111
12.9867696762,80.2585983276,18482,18492,10
12.986869812,80.2587203979,18492,18503,11
12.9868402481,80.2589263916,18503,18513,10
12.9869298935,80.2590713501,18513,18523,10
12.9871997833,80.2591171265,18523,18543,20
12.9871997833,80.2591171265,18543,18553,10
12.9874000549,80.2588272095,18553,18563,10
12.9874200821,80.258430481,18563,18573,10
12.9874401093,80.2576904297,18573,18695,122
12.9875402451,80.2576904297,18695,18908,213
12.9875402451,80.2576904297,18908,18918,10
12.9875402451,80.2574462891,18918,18928,10
12.9875802994,80.2568969727,18928,18938,10
12.9876098633,80.2562179565,18938,18948,10
12.9875898361,80.2557830811,18948,18958,10
12.9870700836,80.2556533813,18958,18968,10
12.9863796234,80.255531311,18968,18978,10
12.9857797623,80.2553863525,18978,18989,11
12.9849796295,80.2552337646,18989,18999,10
12.9841499329,80.255027771,18999,19009,10
12.9832696915,80.2548217773,19009,19019,10
12.9825496674,80.2546081543,19019,19029,10
12.9819698334,80.2540664673,19029,19039,10
12.9817800522,80.253288269,19039,19049,10
12.9813404083,80.2527770996,19049,19059,10
12.9805402756,80.2527770996,19059,19069,10
12.9796199799,80.2526931763,19069,19080,11
12.9785203934,80.2524719238,19080,19090,10
12.9776601791,80.2518005371,19090,19100,10
12.9765996933,80.2512435913,19100,19110,10
12.9754295349,80.2509002686,19110,19120,10
12.9742097855,80.250541687,19120,19130,10
12.9729299545,80.2501983643,19130,19140,10
12.9716596603,80.2498626709,19140,19150,10
12.9703998566,80.24949646,19150,19161,11
12.969039917,80.2489624023,19161,19171,10
12.9678001404,80.2484512329,19171,19181,10
12.9665699005,80.2479019165,19181,19191,10
12.9651298523,80.2473602295,19191,19211,20
12.9651298523,80.2473602295,19211,19221,10
12.9649896622,80.2472763062,19221,19231,10
12.9644804001,80.2471008301,19231,19242,11
12.9636001587,80.2467498779,19242,19252,10
12.9626302719,80.2462768555,19252,19262,10
12.9615001678,80.2457275391,19262,19272,10
12.9602804184,80.2451477051,19272,19282,10
12.9590797424,80.2446212769,19282,19292,10
12.9580001831,80.2441711426,19292,19302,10
12.957280159,80.2439117432,19302,19312,10
12.9565200806,80.2437286377,19312,19323,11
12.9563398361,80.2436599731,19323,19333,10
12.9558801651,80.2434234619,19333,19343,10
12.9551200867,80.2430267334,19343,19353,10
12.9541902542,80.2426300049,19353,19363,10
12.9530801773,80.2421798706,19363,19373,10
12.9518404007,80.2417221069,19373,19383,10
12.9505195618,80.2412567139,19383,19393,10
12.9491500854,80.2408370972,19393,19404,11
12.9476900101,80.2402114868,19404,19414,10
12.9463796616,80.2396621704,19414,19424,10
12.9451198578,80.2390136719,19424,19434,10
12.9441299438,80.237953186,19434,19444,10
12.9431200027,80.2369003296,19444,19454,10
12.9417800903,80.2363204956,19454,19464,10
12.9403400421,80.2359619141,19464,19474,10
12.9390001297,80.2353897095,19474,19485,11
12.9375600815,80.2346725464,19485,19495,10
12.936249733,80.2340393066,19495,19505,10
12.9349498749,80.2334365845,19505,19515,10
12.9336204529,80.2328414917,19515,19525,10
12.9322595596,80.2322769165,19525,19535,10
12.9308099747,80.2318115234,19535,19545,10
12.9293699265,80.2314376831,19545,19555,10
12.9279098511,80.2312088013,19555,19565,10
12.9264001846,80.2310333252,19565,19576,11
12.924779892,80.2308425903,19576,19586,10
12.9233598709,80.2306594849,19586,19596,10
12.9218997955,80.2304534912,19596,19606,10
12.9203796387,80.2302474976,19606,19616,10
12.9188604355,80.2300491333,19616,19626,10
12.917309761,80.2298431396,19626,19636,10
12.915719986,80.229637146,19636,19646,10
12.9141702652,80.2294311523,19646,19657,11
12.9127998352,80.2292404175,19657,19667,10
12.9109096527,80.2289581299,19667,19677,10
12.9093198776,80.2287063599,19677,19687,10
12.9077396393,80.2284622192,19687,19697,10
12.9062204361,80.2282867432,19697,19707,10
12.9046897888,80.2282180786,19707,19717,10
12.9031400681,80.2281036377,19717,19727,10
12.9020204544,80.2280426025,19727,19738,11
12.8995800018,80.2279205322,19738,19778,40
12.8995800018,80.2279205322,19778,19788,10
12.8993597031,80.2278823853,19788,19798,10
12.8992795944,80.2278366089,19798,19808,10
12.898730278,80.2278137207,19808,19819,11
12.8979797363,80.2277679443,19819,19829,10
12.8962602615,80.2276763916,19829,19839,10
12.8952598572,80.2276382446,19839,19849,10
12.8952598572,80.2276382446,19849,19859,10
12.8942699432,80.2276000977,19859,19869,10
12.8932199478,80.2274932861,19869,19879,10
12.8921899796,80.2273864746,19879,19889,10
12.891169548,80.2273712158,19889,19900,11
12.8901395798,80.2273788452,19900,19910,10
12.8890304565,80.2273788452,19910,19920,10
12.8878097534,80.2273101807,19920,19930,10
12.8865203857,80.2270889282,19930,19940,10
12.885310173,80.2267990112,19940,19950,10
12.8848600388,80.2267684937,19950,19960,10
12.8846998215,80.2267608643,19960,19970,10
12.8841695786,80.2267532349,19970,19981,11
12.8832798004,80.2267608643,19981,19991,10
12.8822898865,80.2267608643,19991,20001,10
12.8811502457,80.2267684937,20001,20011,10
12.879940033,80.2267837524,20011,20021,10
12.8786697388,80.2268066406,20021,20031,10
12.8774299622,80.2269134521,20031,20041,10
12.8765602112,80.2269973755,20041,20051,10
12.8762798309,80.2269973755,20051,20062,11
12.8762798309,80.2269973755,20062,20072,10
12.8757095337,80.2269897461,20072,20082,10
12.8739004135,80.2267990112,20082,20092,10
12.8739004135,80.2267990112,20092,20102,10
12.872879982,80.2267532349,20102,20112,10
12.8726902008,80.2267379761,20112,20122,10
12.8724098206,80.2267074585,20122,20132,10
12.8717603683,80.2266921997,20132,20142,10
12.8708600998,80.2266464233,20142,20153,11
12.8697099686,80.2265472412,20153,20163,10
12.8685302734,80.2264328003,20163,20173,10
12.8672704697,80.2265014648,20173,20183,10
12.8659896851,80.2266235352,20183,20193,10
12.8647003174,80.2266235352,20193,20203,10
12.863409996,80.2265625,20203,20213,10
12.8621702194,80.226600647,20213,20223,10
12.861240387,80.2266387939,20223,20234,11
12.8610401154,80.2266387939,20234,20244,10
12.860619545,80.2266082764,20244,20254,10
12.859869957,80.2264862061,20254,20264,10
12.8589401245,80.2263565063,20264,20274,10
12.8578796387,80.2262878418,20274,20284,10
12.8567199707,80.2263793945,20284,20294,10
12.8555202484,80.2265014648,20294,20304,10
12.8528604507,80.2267303467,20304,20315,11
12.8528604507,80.2267303467,20315,20325,10
12.8516101837,80.2266921997,20325,20335,10
12.8505296707,80.2266464233,20335,20345,10
12.849439621,80.2266311646,20345,20355,10
12.8482599258,80.2266235352,20355,20365,10
12.8470602036,80.2266082764,20365,20375,10
12.8460102081,80.2266082764,20375,20385,10
12.8452196121,80.2266387939,20385,20406,21
12.8452196121,80.2266387939,20406,20416,10
12.8448495865,80.2266387939,20416,20426,10
12.84416008,80.2266998291,20426,20436,10
12.8432798386,80.2267990112,20436,20446,10
12.8422603607,80.2269973755,20446,20456,10
12.8411197662,80.2272720337,20456,20466,10
12.8402204514,80.2275238037,20466,20477,11
12.8396997452,80.2276763916,20477,20487,10
12.8394098282,80.2277603149,20487,20499,12
12.8387403488,80.2279510498,20499,20509,10
12.8376197815,80.2282028198,20509,20519,10
12.8364496231,80.2283630371,20519,20529,10
12.8351697922,80.228553772,20529,20539,10
12.8338499069,80.2287826538,20539,20549,10
12.8327503204,80.2289962769,20549,20560,11
12.8323001862,80.2291107178,20560,20570,10
12.8321504593,80.2291488647,20570,20580,10
12.8315696716,80.2292861938,20580,20590,10
12.8307199478,80.2295532227,20590,20600,10
12.82970047,80.2299423218,20600,20610,10
12.8285799026,80.2304382324,20610,20620,10
12.8274898529,80.2310562134,20620,20630,10
12.8264703751,80.2313690186,20630,20641,11
12.8249197006,80.2314224243,20641,20651,10
12.8236303329,80.2311172485,20651,20661,10
12.8223304749,80.2307434082,20661,20671,10
12.8210496902,80.2304916382,20671,20681,10
12.8198003769,80.2305221558,20681,20691,10
12.8189601898,80.2305297852,20691,20701,10
12.8188800812,80.2305221558,20701,20711,10
12.8187599182,80.2304763794,20711,20722,11
12.8181800842,80.2302017212,20722,20732,10
12.8174200058,80.2298278809,20732,20742,10
12.8165397644,80.2295532227,20742,20752,10
12.8153400421,80.2293624878,20752,20762,10
12.8141803741,80.2291793823,20762,20772,10
12.812959671,80.2288208008,20772,20782,10
12.8117198944,80.2283706665,20782,20792,10
12.8106298447,80.2279663086,20792,20803,11
12.8102502823,80.2277984619,20803,20813,10
12.8095998764,80.2275085449,20813,20823,10
12.8088998795,80.2270584106,20823,20833,10
12.8080797195,80.2263565063,20833,20843,10
12.8072299957,80.2256164551,20843,20853,10
12.8065700531,80.2250366211,20853,20863,10
12.8058595657,80.2244033813,20863,20873,10
12.8051700592,80.2240524292,20873,20884,11
12.8049497604,80.2240066528,20884,20894,10
12.8044595718,80.2239379883,20894,20904,10
12.8038597107,80.2238998413,20904,20914,10
12.8030595779,80.2238235474,20914,20924,10
12.8021097183,80.2236862183,20924,20934,10
12.8010196686,80.2235717773,20934,20944,10
12.799779892,80.2234573364,20944,20955,11
12.7985200882,80.2233428955,20955,20965,10
12.7972898483,80.2231826782,20965,20975,10
12.796210289,80.2229995728,20975,20985,10
12.7957897186,80.2229537964,20985,20995,10
12.7956695557,80.2229385376,20995,21005,10
12.7951097488,80.2228393555,21005,21015,10
12.7942495346,80.2227020264,21015,21025,10
12.7932500839,80.2225265503,21025,21036,11
12.7920303345,80.2223129272,21036,21046,10
12.7909603119,80.222038269,21046,21056,10
12.7898797989,80.2217636108,21056,21066,10
12.7891798019,80.2215194702,21066,21076,10
12.7881402969,80.2211227417,21076,21086,10
12.7873697281,80.2208175659,21086,21096,10
12.7865200043,80.2205123901,21096,21106,10
12.7864198685,80.2204666138,21106,21117,11
12.7861700058,80.2204208374,21117,21127,10
12.7861499786,80.2206802368,21127,21137,10
12.7861700058,80.2211608887,21137,21147,10
12.7862701416,80.2219085693,21147,21187,40
12.7862701416,80.2219085693,21187,21198,11
12.7861995697,80.222076416,21198,21228,30
12.7861995697,80.222076416,21228,21238,10
12.786190033,80.2218399048,21238,21248,10
12.786190033,80.2215499878,21248,21258,10
12.7861700058,80.2212295532,21258,21269,11
12.7861604691,80.2208786011,21269,21279,10
12.7861404419,80.2207107544,21279,21289,10
12.7861700058,80.2203979492,21289,21299,10
12.7863798141,80.220413208,21299,21318,19
12.7863798141,80.220413208,21318,21329,11
12.7866201401,80.2205429077,21329,21339,10
12.786860466,80.2206268311,21339,21350,11
12.7873802185,80.2208175659,21350,21360,10
12.7879695892,80.2210388184,21360,21370,10
12.7887001038,80.221321106,21370,21380,10
12.7894697189,80.2216033936,21380,21390,10
12.7901697159,80.2218170166,21390,21400,10
12.7909698486,80.2220230103,21400,21410,10
12.792090416,80.2222976685,21410,21420,10
12.7931604385,80.2225112915,21420,21431,11
12.7943601608,80.2226791382,21431,21441,10
12.7954597473,80.2228622437,21441,21451,10
12.7964897156,80.2230300903,21451,21461,10
12.7974700928,80.2232208252,21461,21471,10
12.7987003326,80.2233734131,21471,21481,10
12.7997703552,80.2234725952,21481,21491,10
12.8008403778,80.2235565186,21491,21501,10
12.8014698029,80.2236099243,21501,21512,11
12.8016195297,80.2236328125,21512,21522,10
12.8021602631,80.2237014771,21522,21532,10
12.8028202057,80.2237930298,21532,21542,10
12.8037004471,80.2238769531,21542,21552,10
12.8045701981,80.2239532471,21552,21562,10
12.8054895401,80.2241363525,21562,21583,21
12.8054895401,80.2241363525,21583,21593,10
12.8057203293,80.2242584229,21593,21603,10
12.806139946,80.2245864868,21603,21613,10
12.8067598343,80.2251434326,21613,21623,10
12.8074903488,80.225769043,21623,21632,9
12.8083200455,80.2264785767,21632,21643,11
12.8093700409,80.2273025513,21643,21653,10
12.8104696274,80.2278213501,21653,21664,11
12.8117904663,80.2283477783,21664,21674,10
12.8130502701,80.2288131714,21674,21684,10
12.8143596649,80.2291870117,21684,21694,10
12.815580368,80.2293777466,21694,21704,10
12.8169403076,80.2296066284,21704,21714,10
12.8181800842,80.2301177979,21714,21724,10
12.8193302155,80.2304916382,21724,21734,10
12.8197603226,80.2304763794,21734,21745,11
12.8197698593,80.2304763794,21745,21755,10
12.8201799393,80.2304763794,21755,21765,10
12.8209695816,80.2304611206,21765,21775,10
12.8218202591,80.2305603027,21775,21785,10
12.8229398727,80.2308731079,21785,21795,10
12.8240699768,80.2311706543,21795,21805,10
12.8251199722,80.2313919067,21805,21815,10
12.826259613,80.231338501,21815,21826,11
12.8275003433,80.2310562134,21826,21836,10
12.8285999298,80.230430603,21836,21846,10
12.8297300339,80.2299118042,21846,21856,10
12.8307199478,80.2295227051,21856,21866,10
12.8310899734,80.2293777466,21866,21876,10
12.8312397003,80.2293395996,21876,21886,10
12.8318004608,80.2291793823,21886,21897,11
12.83273983,80.2289733887,21897,21907,10
12.8337202072,80.2288208008,21907,21917,10
12.8350601196,80.2285766602,21917,21927,10
12.8360595703,80.2284393311,21927,21937,10
12.8375701904,80.2282180786,21937,21947,10
12.8386001587,80.2279815674,21947,21957,10
12.8393497467,80.2277679443,21957,21967,10
12.8395004272,80.2277297974,21967,21978,11
12.8397598267,80.2276382446,21978,21988,10
12.8414297104,80.2272033691,21988,21998,10
12.8414297104,80.2272033691,21998,22008,10
12.84375,80.2266998291,22008,22018,10
12.84375,80.2266998291,22018,22028,10
12.8447599411,80.2266082764,22028,22038,10
12.8454198837,80.2265625,22038,22048,10
12.845459938,80.2265472412,22048,22059,11
12.8458499908,80.2265472412,22059,22069,10
12.8465595245,80.2265625,22069,22079,10
12.8475198746,80.2265625,22079,22089,10
12.8486099243,80.2265701294,22089,22099,10
12.8497200012,80.2265701294,22099,22109,10
12.8518199921,80.2266311646,22109,22120,11
12.8518199921,80.2266311646,22120,22130,10
12.8532600403,80.2266616821,22130,22141,11
12.8545999527,80.2265319824,22141,22151,10
12.8559303284,80.2263793945,22151,22161,10
12.8573102951,80.2262420654,22161,22171,10
12.8585996628,80.2262191772,22171,22181,10
12.8597297668,80.2263793945,22181,22191,10
12.8609104156,80.2265396118,22191,22201,10
12.8621702194,80.2265319824,22201,22211,10
12.8634500504,80.2265014648,22211,22222,11
12.8649396896,80.2265625,22222,22232,10
12.8662595749,80.2265396118,22232,22242,10
12.8675498962,80.2264175415,22242,22252,10
12.8689098358,80.2263793945,22252,22262,10
12.870300293,80.2265396118,22262,22272,10
12.8716402054,80.2266311646,22272,22282,10
12.8725795746,80.2266387939,22282,22292,10
12.8727703094,80.2266387939,22292,22302,10
12.8730096817,80.2266387939,22302,22313,11
12.8737297058,80.2266693115,22313,22323,10
12.8746500015,80.2267913818,22323,22333,10
12.875749588,80.2268981934,22333,22343,10
12.8765602112,80.2268981934,22343,22353,10
12.8767204285,80.226890564,22353,22363,10
12.8770399094,80.2268600464,22363,22373,10
12.8778800964,80.2268218994,22373,22383,10
12.8789596558,80.2267608643,22383,22395,12
12.88022995,80.2267379761,22395,22405,10
12.8818998337,80.2267227173,22405,22415,10
12.8832397461,80.2267074585,22415,22425,10
12.8845796585,80.2266769409,22425,22435,10
12.8852701187,80.2266921997,22435,22445,10
12.885310173,80.2266921997,22445,22454,9
12.885720253,80.2267684937,22454,22466,12
12.8866300583,80.2270431519,22466,22476,10
12.8875904083,80.2272186279,22476,22486,10
12.8887195587,80.2273330688,22486,22496,10
12.8899898529,80.2273406982,22496,22506,10
12.8912200928,80.2273406982,22506,22516,10
12.8926696777,80.2273788452,22516,22526,10
12.8938999176,80.2275238037,22526,22536,10
12.8948898315,80.2275924683,22536,22547,11
12.8951196671,80.2275924683,22547,22557,10
12.8956699371,80.2276306152,22557,22567,10
12.8966503143,80.2276687622,22567,22577,10
12.8977603912,80.2277374268,22577,22587,10
12.8989601135,80.2277984619,22587,22597,10
12.9000597,80.2278671265,22597,22607,10
12.9007396698,80.2278671265,22607,22698,91
12.9007396698,80.2278671265,22698,22709,11
12.9009799957,80.2279434204,22709,22719,10
12.9015102386,80.2279815674,22719,22729,10
12.9022798538,80.2279891968,22729,22739,10
12.9028501511,80.2279968262,22739,22749,10
12.9028997421,80.2279968262,22749,22759,10
12.9033603668,80.2279815674,22759,22769,10
12.9041204453,80.2280578613,22769,22779,10
12.905090332,80.2281265259,22779,22790,11
12.9062404633,80.2281723022,22790,22800,10
12.9068698883,80.2282104492,22800,22810,10
12.906920433,80.2282104492,22810,22820,10
12.9073495865,80.2282867432,22820,22830,10
12.9081201553,80.2284011841,22830,22840,10
12.9091300964,80.228553772,22840,22850,10
12.9102201462,80.2287368774,22850,22860,10
12.9113798141,80.2289199829,22860,22871,11
12.9126996994,80.2290878296,22871,22881,10
12.9137096405,80.2292327881,22881,22891,10
12.9140396118,80.2292709351,22891,22901,10
12.9142503738,80.229309082,22901,22911,10
12.9148702621,80.2293701172,22911,22921,10
12.9158000946,80.2295227051,22921,22931,10
12.9168901443,80.2296829224,22931,22941,10
12.9180803299,80.229850769,22941,22952,11
12.919260025,80.2300186157,22952,22962,10
12.9204702377,80.2301712036,22962,22972,10
12.9217596054,80.2303314209,22972,22982,10
12.923119545,80.2305603027,22982,22992,10
12.9245004654,80.2307434082,22992,23002,10
12.9257698059,80.2308731079,23002,23012,10
12.9265003204,80.2309265137,23012,23022,10
12.9266395569,80.2309494019,23022,23033,11
12.9272603989,80.2310333252,23033,23043,10
12.928150177,80.2311325073,23043,23053,10
12.9292201996,80.2313079834,23053,23063,10
12.9304199219,80.2315979004,23063,23073,10
12.9316902161,80.2320022583,23073,23083,10
12.9329395294,80.232421875,23083,23093,10
12.9336996078,80.2327423096,23093,23103,10
12.9337396622,80.2327575684,23103,23114,11
12.9340896606,80.2329177856,23114,23124,10
12.9348297119,80.233253479,23124,23134,10
12.9357404709,80.2336578369,23134,23144,10
12.9368400574,80.2341690063,23144,23154,10
12.9380598068,80.2347564697,23154,23164,10
12.9392404556,80.2353363037,23164,23174,10
12.939740181,80.2355880737,23174,23184,10
12.9398603439,80.2356567383,23184,23195,11
12.9402503967,80.2358398438,23195,23205,10
12.9410295486,80.2360610962,23205,23215,10
12.9420404434,80.2362976074,23215,23225,10
12.9431295395,80.2368087769,23225,23235,10
12.9440402985,80.2377471924,23235,23245,10
12.945019722,80.2388076782,23245,23255,10
12.9461803436,80.2395324707,23255,23265,10
12.9471797943,80.2399215698,23265,23276,11
12.9473695755,80.2399902344,23276,23286,10
12.947640419,80.2400970459,23286,23296,10
12.9482603073,80.2403564453,23296,23306,10
12.9489002228,80.2406311035,23306,23336,30
12.9489002228,80.2406311035,23336,23346,10
12.9489803314,80.2406387329,23346,23357,11
12.9495000839,80.2408370972,23357,23367,10
12.9503297806,80.2411117554,23367,23377,10
12.9510803223,80.2413330078,23377,23387,10
12.951210022,80.2413787842,23387,23397,10
12.9517002106,80.2415390015,23397,23407,10
12.9524898529,80.2418289185,23407,23417,10
12.9534702301,80.2422103882,23417,23427,10
12.9545297623,80.2426376343,23427,23437,10
12.9552402496,80.2429275513,23437,23448,11
12.9559898376,80.2432098389,23448,23458,10
12.9565496445,80.2434310913,23458,23468,10
12.9572696686,80.2437515259,23468,23478,10
12.9581203461,80.2441177368,23478,23487,9
12.9589004517,80.2444076538,23487,23498,11
12.9589996338,80.244468689,23498,23508,10
12.9594602585,80.244682312,23508,23518,10
12.9603300095,80.2450866699,23518,23529,11
12.9613304138,80.2455673218,23529,23539,10
12.9624595642,80.2461166382,23539,23549,10
12.9633598328,80.2465896606,23549,23559,10
12.9642496109,80.2469787598,23559,23569,10
12.9652900696,80.2473373413,23569,23579,10
12.9668598175,80.2479629517,23579,23600,21
12.9668598175,80.2479629517,23600,23610,10
12.9671297073,80.2481613159,23610,23620,10
12.9678001404,80.2484512329,23620,23630,10
12.96875,80.2488327026,23630,23640,10
12.9699296951,80.2492599487,23640,23650,10
12.9712400436,80.249710083,23650,23660,10
12.9726800919,80.2500991821,23660,23670,10
12.9741601944,80.2504882813,23670,23680,10
12.9756603241,80.2509307861,23680,23691,11
12.9772500992,80.2514419556,23691,23701,10
12.978219986,80.2521514893,23701,23711,10
12.9786596298,80.2523880005,23711,23721,10
12.9788503647,80.252456665,23721,23731,10
12.9794397354,80.252571106,23731,23741,10
12.9799804688,80.2526168823,23741,23751,10
12.9807100296,80.2526168823,23751,23761,10
12.9816598892,80.2526016235,23761,23772,11
12.9829502106,80.2525634766,23772,23782,10
12.9842395782,80.2522964478,23782,23792,10
12.9855203629,80.2519378662,23792,23802,10
12.9868898392,80.2515563965,23802,23832,30
12.9868898392,80.2515563965,23832,23842,10
12.9871501923,80.2514801025,23842,23853,11
12.9875602722,80.251373291,23853,23863,10
12.9880399704,80.2512664795,23863,23873,10
12.9888296127,80.251083374,23873,23883,10
12.9894199371,80.2508773804,23883,23893,10
12.9894399643,80.2508773804,23893,23903,10
12.9897003174,80.2508392334,23903,23913,10
12.9902801514,80.2507019043,23913,23924,11
12.9913797379,80.2504272461,23924,23934,10
12.9924697876,80.2501602173,23934,23944,10
12.9937295914,80.2498626709,23944,23954,10
12.9950799942,80.2495117188,23954,23964,10
12.9963502884,80.2491378784,23964,23974,10
12.9966897964,80.2490463257,23974,23984,10
12.9970397949,80.2489700317,23984,23994,10
12.997759819,80.2488098145,23994,24004,10
12.998749733,80.2485580444,24004,24015,11
13.0000801086,80.2482376099,24015,24025,10
13.0013799667,80.2479095459,24025,24035,10
13.0026397705,80.2476196289,24035,24045,10
13.003950119,80.2473983765,24045,24055,10
13.0051803589,80.2472229004,24055,24065,10
13.0061197281,80.2469406128,24065,24074,9
13.0065002441,80.2464675903,24074,24085,11
13.0065498352,80.2463378906,24085,24096,11
13.0066299438,80.2456512451,24096,24106,10
13.0066404343,80.2447967529,24106,24116,10
13.0066204071,80.2437896729,24116,24126,10
13.0066099167,80.2426986694,24126,24136,10
13.0066099167,80.2415237427,24136,24146,10
13.0066699982,80.2406387329,24146,24156,10
13.0066900253,80.2404174805,24156,24166,10
13.0067901611,80.2401580811,24166,24177,11
13.0068998337,80.2393188477,24177,24187,10
13.0070800781,80.2383728027,24187,24197,10
13.0073404312,80.2372970581,24197,24207,10
13.007399559,80.2367172241,24207,24217,10
13.0074195862,80.236618042,24217,24227,10
13.0074396133,80.2365570068,24227,24237,10
13.0075597763,80.2361373901,24237,24247,10
13.0077199936,80.2353591919,24247,24258,11
13.0079402924,80.2342910767,24258,24268,10
13.0081796646,80.2331008911,24268,24278,10
13.0084104538,80.2319107056,24278,24288,10
13.0086202621,80.230758667,24288,24298,10
13.0088596344,80.2295303345,24298,24308,10
13.0091104507,80.2283782959,24308,24318,10
13.0095396042,80.2273330688,24318,24328,10
13.0099897385,80.226348877,24328,24339,11
13.0106201172,80.2250900269,24339,24349,10
13.0110197067,80.2241592407,24349,24359,10
13.0113601685,80.2233886719,24359,24369,10
13.0116100311,80.222618103,24369,24379,10
13.0120000839,80.2216567993,24379,24389,10
13.0123701096,80.221496582,24389,24399,10
13.012840271,80.2222366333,24399,24409,10
13.013420105,80.2229309082,24409,24420,11
13.0140695572,80.2235794067,24420,24430,10
13.014550209,80.224067688,24430,24440,10
13.0155296326,80.2250213623,24440,24460,20
13.0155296326,80.2250213623,24460,24470,10
13.0157899857,80.2252197266,24470,24480,10
13.0164003372,80.2253189087,24480,24490,10
13.0171804428,80.2250518799,24490,24501,11
13.0181903839,80.2246398926,24501,24511,10
13.0195703506,80.2243728638,24511,24632,121
13.0195703506,80.2243728638,24632,24642,10
13.0196504593,80.2244796753,24642,24652,10
13.0198202133,80.2246322632,24652,24663,11
13.0200901031,80.2248382568,24663,24673,10
13.0205202103,80.2250976563,24673,24683,10
13.0209999084,80.225479126,24683,24693,10
13.0214996338,80.2258834839,24693,24703,10
13.0220003128,80.2262420654,24703,24713,10
13.0225200653,80.2266464233,24713,24723,10
13.0229501724,80.2270584106,24723,24733,10
13.0233697891,80.2274475098,24733,24744,11
13.0239896774,80.228012085,24744,24895,151
13.0239896774,80.228012085,24895,24906,11
13.0243396759,80.228477478,24906,24916,10
13.0242996216,80.2286376953,24916,24926,10
13.024020195,80.2283935547,24926,24936,10
13.0236997604,80.2279586792,24936,24946,10
13.0234203339,80.2277069092,24946,26100,1154
13.0234203339,80.2277069092,26100,26111,11
13.023229599,80.2274398804,26111,26121,10
13.0229997635,80.2272415161,26121,26131,10
13.0226802826,80.2269363403,26131,26141,10
13.0222902298,80.2265472412,26141,26151,10
13.0221004486,80.2263870239,26151,26161,10
13.0217103958,80.2260818481,26161,26171,10
13.0211601257,80.2256622314,26171,26181,10
13.0205497742,80.2251663208,26181,26192,11
13.0198497772,80.2247619629,26192,26222,30
13.0198497772,80.2247619629,26222,26232,10
13.0197200775,80.2247085571,26232,26242,10
13.0195198059,80.2245483398,26242,26252,10
13.018989563,80.2244796753,26252,26262,10
13.0182104111,80.2247619629,26262,26273,11
13.0173797607,80.2250976563,26273,26283,10
13.0166301727,80.2254180908,26283,26293,10
13.0160703659,80.2256164551,26293,26303,10
13.0153799057,80.2258529663,26303,26313,10
13.0143098831,80.2262802124,26313,26333,20
13.0143098831,80.2262802124,26333,26343,10
13.0140104294,80.2263793945,26343,26354,11
13.0133600235,80.2266235352,26354,26364,10
13.0126199722,80.2268981934,26364,26374,10
13.0117702484,80.2272872925,26374,26384,10
13.0108499527,80.2276611328,26384,26394,10
13.0099496841,80.2280273438,26394,26404,10
13.009180069,80.228553772,26404,26414,10
13.0090503693,80.2293701172,26414,26424,10
13.0089502335,80.2300186157,26424,26435,11
13.0088396072,80.23072052,26435,26445,10
13.0087003708,80.231338501,26445,26455,10
13.0085296631,80.2323379517,26455,26465,10
13.0083599091,80.2333374023,26465,26475,10
13.008310318,80.233581543,26475,26485,10
13.0082597733,80.2337188721,26485,26495,10
13.0081195831,80.2341384888,26495,26505,10
13.0079698563,80.2348403931,26505,26516,11
13.007809639,80.2356567383,26516,26526,10
13.0076503754,80.2365875244,26526,26536,10
13.0074796677,80.2375335693,26536,26546,10
13.0073204041,80.2384033203,26546,26556,10
13.0071802139,80.2392425537,26556,26566,10
13.007060051,80.2397918701,26566,26576,10
13.0070199966,80.2399902344,26576,26586,10
13.0069503784,80.2402801514,26586,26597,11
13.0068702698,80.240737915,26597,26607,10
13.0068302155,80.2409133911,26607,26617,10
13.0067796707,80.2414474487,26617,26627,10
13.0067996979,80.2422409058,26627,26637,10
13.0067996979,80.2430267334,26637,26647,10
13.0067501068,80.2437362671,26647,26657,10
13.0067901611,80.2443389893,26657,26667,10
13.0067501068,80.2450408936,26667,26678,11
13.006770134,80.2457580566,26678,26688,10
13.0067996979,80.2464904785,26688,26698,10
13.0066204071,80.247253418,26698,26708,10
13.0062198639,80.2473373413,26708,26718,10
13.0060901642,80.2473602295,26718,26728,10
13.0060100555,80.2473526001,26728,26738,10
13.0055999756,80.2473220825,26738,26748,10
13.0049104691,80.2473526001,26748,26759,11
13.0038995743,80.2474899292,26759,26769,10
13.0028400421,80.2476577759,26769,26779,10
13.0016803741,80.2479400635,26779,26789,10
13.0004701614,80.2482528687,26789,26799,10
12.9992704391,80.2485733032,26799,26809,10
12.9983196259,80.248840332,26809,26819,10
12.9981002808,80.2488937378,26819,26829,10
12.997759819,80.2489624023,26829,26840,11
12.9970302582,80.2491531372,26840,26850,10
12.9961204529,80.249382019,26850,26860,10
12.9950199127,80.2496566772,26860,26870,10
12.9938001633,80.2499771118,26870,26880,10
12.9925403595,80.2502822876,26880,26890,10
12.9914197922,80.2505874634,26890,26900,10
12.9910202026,80.2507019043,26900,26910,10
12.9909696579,80.2506866455,26910,26921,11
12.9905996323,80.2507705688,26921,26931,10
12.9899501801,80.2509307861,26931,26941,10
12.9891395569,80.251121521,26941,26951,10
12.9879798889,80.2514419556,26951,27052,101
12.9879798889,80.2514419556,27052,27062,10
12.987739563,80.251373291,27062,27072,10
12.9872198105,80.2515411377,27072,27083,11
12.9863100052,80.2518234253,27083,27093,10
12.9841499329,80.2523880005,27093,27103,10
12.9841499329,80.2523880005,27103,27113,10
12.9829397202,80.2526397705,27113,27123,10
12.9816198349,80.2527008057,27123,27133,10
12.9804697037,80.252746582,27133,27143,10
12.9797401428,80.2527694702,27143,27153,10
12.9787101746,80.2526626587,27153,27174,21
12.9787101746,80.2526626587,27174,27184,10
12.9786195755,80.2526016235,27184,27194,10
12.9782400131,80.2523574829,27194,27204,10
12.9776296616,80.2517929077,27204,27214,10
12.9766197205,80.2512435913,27214,27224,10
12.9754896164,80.2509231567,27224,27234,10
12.9742803574,80.2505569458,27234,27245,11
12.9728498459,80.2501831055,27245,27255,10
12.9715003967,80.2498321533,27255,27265,10
12.9701404572,80.2494125366,27265,27275,10
12.9688196182,80.2488937378,27275,27285,10
12.9675798416,80.2483901978,27285,27295,10
12.9666996002,80.2480010986,27295,27305,10
12.9658403397,80.2476272583,27305,27315,10
12.9651498795,80.2474136353,27315,27326,11
12.9651098251,80.2473983765,27326,27336,10
12.9648799896,80.2473220825,27336,27346,10
12.9643201828,80.2471084595,27346,27356,10
12.9636001587,80.2468414307,27356,27386,30
12.9636001587,80.2468414307,27386,27396,10
12.9634304047,80.2467269897,27396,27407,11
12.9628696442,80.246421814,27407,27417,10
12.9620599747,80.2460174561,27417,27427,10
12.9610595703,80.2455291748,27427,27437,10
12.959980011,80.2450637817,27437,27447,10
12.9594202042,80.2448272705,27447,27467,20
12.9594202042,80.2448272705,27467,27477,10
12.9591798782,80.2446975708,27477,27488,11
12.9585199356,80.2444076538,27488,27498,10
12.9578399658,80.244140625,27498,27508,10
12.9571199417,80.2438812256,27508,27518,10
12.9564599991,80.2436523438,27518,27528,10
12.9560604095,80.2434463501,27528,27538,10
12.9552402496,80.2430801392,27538,27548,10
12.954000473,80.2425765991,27548,27569,21
12.954000473,80.2425765991,27569,27579,10
12.9538497925,80.2425231934,27579,27589,10
12.9533395767,80.2422866821,27589,27599,10
12.9525499344,80.2419891357,27599,27609,10
12.9517002106,80.2416992188,27609,27629,20
12.9517002106,80.2416992188,27629,27639,10
12.9514503479,80.2416229248,27639,27650,11
12.9507703781,80.2413787842,27650,27660,10
12.9498796463,80.2410964966,27660,27670,10
12.948849678,80.2407531738,27670,27680,10
12.947810173,80.2403335571,27680,27690,10
12.9473400116,80.2401428223,27690,27710,20
12.9473400116,80.2401428223,27710,27720,10
12.9472398758,80.2401123047,27720,27731,11
12.946680069,80.2398376465,27731,27741,10
12.9458703995,80.2395019531,27741,27751,10
12.945019722,80.2389068604,27751,27761,10
12.9442100525,80.2380371094,27761,27771,10
12.9433403015,80.2371063232,27771,27781,10
12.9421596527,80.2364273071,27781,27791,10
12.940779686,80.2360916138,27791,27801,10
12.9398202896,80.2358322144,27801,27822,21
12.9398202896,80.2358322144,27822,27832,10
12.9396495819,80.235710144,27832,27842,10
12.9391298294,80.2354507446,27842,27852,10
12.9383201599,80.2350616455,27852,27862,10
12.9375495911,80.2346801758,27862,27872,10
12.9362401962,80.2340698242,27872,27882,10
12.9351596832,80.2335586548,27882,27893,11
12.9339199066,80.2330093384,27893,27923,30
12.9339199066,80.2330093384,27923,27933,10
12.9335403442,80.2328414917,27933,27943,10
12.9328603745,80.2325363159,27943,27953,10
12.9319496155,80.2322235107,27953,27963,10
12.9308595657,80.2318725586,27963,27974,11
12.9294996262,80.2314910889,27974,27984,10
12.9281702042,80.231262207,27984,27994,10
12.9269104004,80.2311096191,27994,28004,10
12.9259901047,80.2310180664,28004,28024,20
12.9259901047,80.2310180664,28024,28034,10
12.9259796143,80.2310180664,28034,28044,10
12.9256401062,80.2309799194,28044,28055,11
12.9249601364,80.2308883667,28055,28065,10
12.924079895,80.2307891846,28065,28075,10
12.9230499268,80.2306518555,28075,28085,10
12.9218196869,80.2304611206,28085,28095,10
12.9204301834,80.2302703857,28095,28105,10
12.9189996719,80.2300796509,28105,28115,10
12.9176702499,80.2298965454,28115,28125,10
12.9167299271,80.2297515869,28125,28136,11
12.9154996872,80.2295837402,28136,28146,10
12.9142799377,80.2294311523,28146,28156,10
12.9132604599,80.2293167114,28156,28186,30
12.9132604599,80.2293167114,28186,28196,10
12.9132499695,80.2293167114,28196,28206,10
12.9128103256,80.2292480469,28206,28217,11
12.9119195938,80.2291183472,28217,28227,10
12.9108800888,80.2289581299,28227,28237,10
12.9096803665,80.2287597656,28237,28247,10
12.9086103439,80.2285919189,28247,28257,10
12.9079799652,80.2285003662,28257,28267,10
12.907119751,80.2283935547,28267,28338,71
12.907119751,80.2283935547,28338,28348,10
12.9067602158,80.2283172607,28348,28358,10
12.9060697556,80.2282714844,28358,28368,10
12.9052495956,80.2282333374,28368,28379,11
12.9042596817,80.2281723022,28379,28389,10
12.9033603668,80.2281188965,28389,28399,10
12.9025201797,80.2280883789,28399,28449,50
12.9025201797,80.2280883789,28449,28460,11
12.9022598267,80.2281112671,28460,28470,10
12.9017801285,80.2280807495,28470,28480,10
12.9012002945,80.2280197144,28480,28490,10
12.9006996155,80.2279968262,28490,28500,10
12.9003896713,80.2279815674,28500,28510,10
12.900179863,80.2279586792,28510,28520,10
12.8998699188,80.2279281616,28520,28530,10
12.8993997574,80.2279205322,28530,28551,21
12.8993997574,80.2279205322,28551,28561,10
12.8993396759,80.2279129028,28561,28571,10
12.8990402222,80.2278823853,28571,28581,10
12.8984899521,80.2278366089,28581,28591,10
12.8977003098,80.2277984619,28591,28601,10
12.8966999054,80.2277374268,28601,28611,10
12.8955698013,80.2276992798,28611,28622,11
12.8942203522,80.2276382446,28622,28632,10
12.8931303024,80.2275085449,28632,28642,10
12.8925104141,80.2274475098,28642,28652,10
12.8920297623,80.2273864746,28652,28662,10
12.8911399841,80.2273712158,28662,28672,10
12.8900604248,80.2273788452,28672,28682,10
12.8888101578,80.2273788452,28682,28692,10
12.8875303268,80.2272720337,28692,28703,11
12.8861198425,80.2269973755,28703,28713,10
12.8849697113,80.2267684937,28713,28733,20
12.8849697113,80.2267684937,28733,28743,10
12.8848800659,80.2267532349,28743,28753,10
12.8844203949,80.2267303467,28753,28763,10
12.883600235,80.2267379761,28763,28773,10
12.8824996948,80.2267379761,28773,28784,11
12.8811197281,80.2267379761,28784,28794,10
12.8797397614,80.2267684937,28794,28804,10
12.8783798218,80.2268371582,28804,28814,10
12.8775396347,80.2269210815,28814,28824,10
12.8772001266,80.2269592285,28824,28834,10
12.876999855,80.2269821167,28834,28844,10
12.8768596649,80.2269821167,28844,28854,10
12.8764295578,80.2270202637,28854,28875,21
12.8764295578,80.2270202637,28875,28885,10
12.8762798309,80.2270278931,28885,28895,10
12.8757600784,80.2270202637,28895,28905,10
12.8749303818,80.2269363403,28905,28915,10
12.8739299774,80.2268066406,28915,28925,10
12.8730697632,80.2267608643,28925,28935,10
12.8728904724,80.2267608643,28935,28946,11
12.8727903366,80.2267608643,28946,28956,10
12.872300148,80.2267303467,28956,28966,10
12.8714895248,80.2267074585,28966,28976,10
12.8704395294,80.2266464233,28976,28986,10
12.8692798615,80.2265167236,28986,28996,10
12.8679800034,80.2264404297,28996,29006,10
12.8666200638,80.2265701294,29006,29016,10
12.865240097,80.2266387939,29016,29027,11
12.863820076,80.2265777588,29027,29037,10
12.8627099991,80.2265625,29037,29047,10
12.8617601395,80.2266235352,29047,29057,10
12.8611803055,80.2266387939,29057,29087,30
12.8611803055,80.2266387939,29087,29097,10
12.8610200882,80.2266387939,29097,29107,10
12.8604402542,80.2265701294,29107,29118,11
12.8596000671,80.2264480591,29118,29128,10
12.8592596054,80.2264099121,29128,29138,10
12.8592500687,80.2264099121,29138,29148,10
12.8591098785,80.2263793945,29148,29158,10
12.8589401245,80.226348877,29158,29168,10
12.8584403992,80.2263031006,29168,29178,10
12.8576097488,80.2262802124,29178,29188,10
12.8565797806,80.2263793945,29188,29199,11
12.8552999496,80.2265319824,29199,29209,10
12.8539896011,80.2266693115,29209,29219,10
12.8526096344,80.2267379761,29219,29229,10
12.8512802124,80.2266769409,29229,29239,10
12.8501796722,80.2266616821,29239,29249,10
12.8498601913,80.2266464233,29249,29259,10
12.8497896194,80.2266387939,29259,29269,10
12.8492803574,80.2266235352,29269,29280,11
12.848279953,80.2266235352,29280,29290,10
12.8472099304,80.2266235352,29290,29300,10
12.8464202881,80.2266311646,29300,29310,10
12.8463001251,80.2266387939,29310,29320,10
12.8460798264,80.2266387939,29320,29330,10
12.845410347,80.2266616821,29330,29350,20
12.845410347,80.2266616821,29350,29361,11
12.8451900482,80.2266616821,29361,29371,10
12.8445796967,80.2267227173,29371,29381,10
12.8436899185,80.2268218994,29381,29391,10
12.8426504135,80.2269821167,29391,29401,10
12.8414201736,80.2272491455,29401,29411,10
12.8403997421,80.2275314331,29411,29421,10
12.8399295807,80.2276763916,29421,29431,10
12.8397798538,80.2277374268,29431,29442,11
12.8396701813,80.2277679443,29442,29452,10
12.8392696381,80.2278671265,29452,29462,10
12.8385095596,80.2280578613,29462,29472,10
12.8374900818,80.2282791138,29472,29482,10
12.8362703323,80.2284622192,29482,29492,10
12.8348903656,80.2286529541,29492,29502,10
12.8334598541,80.2288970947,29502,29512,10
12.8324604034,80.2290802002,29512,29523,11
12.8318595886,80.2292175293,29523,29533,10
12.8318300247,80.2292175293,29533,29543,10
12.8317298889,80.2292327881,29543,29553,10
12.8316297531,80.2291107178,29553,29563,10
12.8315601349,80.2287521362,29563,29583,20
12.8315601349,80.2287521362,29583,29593,10
12.8315200806,80.2286376953,29593,29604,11
12.8314399719,80.2282028198,29604,29614,10
12.8312797546,80.2274093628,29614,29624,10
12.8310699463,80.2263717651,29624,29634,10
12.8310403824,80.2251968384,29634,29644,10
12.8310403824,80.2247009277,29644,29654,10
12.8310499191,80.2242584229,29654,29664,10
12.8310699463,80.2234420776,29664,29674,10
12.8310604095,80.2224578857,29674,29685,11
12.8310499191,80.2221374512,29685,29695,10
12.8310699463,80.2218170166,29695,29705,10
12.8310804367,80.2210769653,29705,29715,10
12.8310699463,80.2200775146,29715,29725,10
12.8310604095,80.2196578979,29725,29735,10
12.830619812,80.2194366455,29735,29745,10
12.8297300339,80.2194595337,29745,29755,10
12.8286399841,80.2194671631,29755,29766,11
12.8277301788,80.2194900513,29766,29776,10
12.8274898529,80.2194824219,29776,29826,50
12.8274898529,80.2194824219,29826,29836,10
12.8271198273,80.2194671631,29836,29847,11
12.8262701035,80.2194976807,29847,29857,10
12.8259000778,80.2194900513,29857,29867,10
12.8253602982,80.2194900513,29867,29877,10
12.825340271,80.2194900513,29877,29887,10
12.824839592,80.2194976807,29887,29897,10
12.8239002228,80.2194900513,29897,29907,10
12.8229598999,80.2194900513,29907,29917,10
12.822810173,80.2194824219,29917,29928,11
12.8227596283,80.2194595337,29928,29938,10
12.8226203918,80.219078064,29938,29948,10
12.8226299286,80.2186889648,29948,29958,10
12.822640419,80.2177963257,29958,29968,10
12.8226699829,80.2160415649,29968,29988,20
12.8226699829,80.2160415649,29988,29998,10
12.822930336,80.2159805298,29998,30008,10
12.8233203888,80.2160110474,30008,30019,11
12.8246603012,80.216003418,30019,31649,1630
12.8246603012,80.216003418,31649,31659,10
12.8249902725,80.2160263062,31659,31669,10
12.8255395889,80.2160491943,31669,31679,10
12.8258600235,80.2161178589,31679,31689,10
12.8259096146,80.2166976929,31689,31699,10
12.8258895874,80.217590332,31699,31709,10
12.8258895874,80.2186889648,31709,31720,11
12.8259000778,80.2193603516,31720,31730,10
12.8263597488,80.2194213867,31730,31740,10
12.827170372,80.2194213867,31740,31750,10
12.8275203705,80.2194290161,31750,31760,10
12.8281097412,80.2194366455,31760,31770,10
12.8290195465,80.2194595337,31770,31780,10
12.830039978,80.2194900513,31780,31791,11
12.8308401108,80.2194976807,31791,31801,10
12.8311395645,80.2196426392,31801,31811,10
12.8311901093,80.2203063965,31811,31821,10
12.8311595917,80.2212600708,31821,31831,10
12.8311395645,80.2220993042,31831,31841,10
12.8311300278,80.2224731445,31841,31851,10
12.8311395645,80.2232437134,31851,31861,10
12.8311300278,80.2242584229,31861,31872,11
12.8311395645,80.2246780396,31872,31882,10
12.8311300278,80.2251281738,31882,31892,10
12.8311300278,80.2259902954,31892,31902,10
12.8312902451,80.2270889282,31902,31912,10
12.8315496445,80.2283096313,31912,31922,10
12.8317203522,80.2290802002,31922,31932,10
12.8318996429,80.2291564941,31932,31942,10
12.8324899673,80.2290420532,31942,31953,11
12.8335399628,80.2288513184,31953,31963,10
12.8346700668,80.2286376953,31963,31973,10
12.8359804153,80.2284393311,31973,31983,10
12.8373498917,80.2282409668,31983,31993,10
12.8386297226,80.2279586792,31993,32003,10
12.83934021,80.2276992798,32003,32013,10
12.8394603729,80.2276306152,32013,32023,10
12.8397302628,80.2275466919,32023,32034,11
12.8404903412,80.2274398804,32034,32044,10
12.8414402008,80.2272033691,32044,32054,10
12.8425798416,80.2269210815,32054,32064,10
12.8437900543,80.2266693115,32064,32074,10
12.8454399109,80.2265319824,32074,32104,30
12.8454399109,80.2265319824,32104,32115,11
12.8457298279,80.2265625,32115,32125,10
12.8461904526,80.2265777588,32125,32135,10
12.8470497131,80.2265777588,32135,32145,10
12.8481397629,80.2265777588,32145,32155,10
12.8493795395,80.2265777588,32155,32165,10
12.8501796722,80.2265472412,32165,32175,10
12.8503503799,80.2265625,32175,32185,10
12.8510103226,80.226600647,32185,32196,11
12.8521299362,80.2266464233,32196,32206,10
12.8534498215,80.2266616821,32206,32216,10
12.8549203873,80.2265014648,32216,32226,10
12.8564901352,80.2263183594,32226,32236,10
12.8581199646,80.2261962891,32236,32246,10
12.8597202301,80.2263717651,32246,32256,10
12.860710144,80.2264862061,32256,32266,10
12.8607997894,80.2265014648,32266,32276,10
12.8611602783,80.2265167236,32276,32287,11
12.8619298935,80.2265014648,32287,32297,10
12.8628902435,80.2264633179,32297,32307,10
12.8640098572,80.2265014648,32307,32317,10
12.8652496338,80.2265625,32317,32327,10
12.866519928,80.2265090942,32327,32337,10
12.8677997589,80.2263793945,32337,32347,10
12.869099617,80.2264099121,32347,32357,10
12.8704395294,80.2265625,32357,32368,11
12.8718204498,80.2266387939,32368,32378,10
12.872710228,80.2266235352,32378,32388,10
12.8727798462,80.2266235352,32388,32398,10
12.8731002808,80.2266387939,32398,32408,10
12.8738002777,80.2266921997,32408,32418,10
12.8746004105,80.2267837524,32418,32428,10
12.8752603531,80.226852417,32428,32621,193
12.8752603531,80.226852417,32621,32631,10
12.8756504059,80.226852417,32631,32641,10
12.8757095337,80.226852417,32641,32651,10
12.8759899139,80.2268829346,32651,32752,101
12.8759899139,80.2268829346,32752,32762,10
12.8762598038,80.2268981934,32762,32773,11
12.8764896393,80.2268981934,32773,32783,10
12.8767795563,80.2268829346,32783,32793,10
12.8768596649,80.2268829346,32793,32803,10
12.8773298264,80.2268371582,32803,32813,10
12.8781499863,80.2267837524,32813,32823,10
12.8791799545,80.2267074585,32823,32833,10
12.8804197311,80.2266769409,32833,32843,10
12.881770134,80.2266693115,32843,32854,11
12.8832197189,80.2266616821,32854,32864,10
12.8844995499,80.2266387939,32864,32874,10
12.8851203918,80.2266311646,32874,32904,30
12.8851203918,80.2266311646,32904,32914,10
12.8854398727,80.2267303467,32914,32924,10
12.8862400055,80.2269287109,32924,32935,11
12.8874902725,80.2272033691,32935,32945,10
12.8888397217,80.2273178101,32945,32955,10
12.8902997971,80.2273101807,32955,32965,10
12.8913803101,80.2272872925,32965,32975,10
12.8920602798,80.2272720337,32975,32985,10
12.8923397064,80.2272796631,32985,32995,10
12.8925199509,80.2273025513,32995,33005,10
12.8931598663,80.2274017334,33005,33016,11
12.8943395615,80.2275390625,33016,33026,10
12.8956298828,80.2276306152,33026,33036,10
12.8970804214,80.2276992798,33036,33046,10
12.8983001709,80.2277679443,33046,33056,10
12.899310112,80.2278137207,33056,33066,10
12.9003400803,80.2278366089,33066,33076,10
12.9007997513,80.2278366089,33076,33218,142
12.9007997513,80.2278366089,33218,33228,10
12.9009399414,80.2278823853,33228,33238,10
12.9013500214,80.2279281616,33238,33248,10
12.902009964,80.2279663086,33248,33259,11
12.9030704498,80.2279815674,33259,33279,20
12.9030704498,80.2279815674,33279,33289,10
12.9032802582,80.2279815674,33289,33299,10
12.9038200378,80.2280502319,33299,33309,10
12.9045600891,80.2281036377,33309,33319,10
12.904709816,80.2280883789,33319,33329,10
12.9049701691,80.2281036377,33329,33340,11
12.9053602219,80.2281417847,33340,33350,10
12.9056997299,80.2281570435,33350,33360,10
12.9060201645,80.2281799316,33360,33370,10
12.9063796997,80.2282180786,33370,33380,10
12.9068803787,80.2282409668,33380,33390,10
12.9071903229,80.2282714844,33390,33400,10
12.9074201584,80.2283172607,33400,33410,10
12.9082098007,80.2284469604,33410,33421,11
12.9093799591,80.2286376953,33421,33431,10
12.91065979,80.2288589478,33431,33441,10
12.9121398926,80.2290878296,33441,33451,10
12.9135398865,80.2292861938,33451,33461,10
12.9139795303,80.2293167114,33461,33471,10
12.9140100479,80.2293167114,33471,33481,10
12.9141397476,80.2293624878,33481,33491,10
12.9147100449,80.2294464111,33491,33502,11
12.9157600403,80.2296218872,33502,33512,10
12.9168996811,80.2297821045,33512,33522,10
12.9181604385,80.2299575806,33522,33532,10
12.9194898605,80.2301483154,33532,33542,10
12.920920372,80.2303085327,33542,33552,10
12.9224596024,80.2304992676,33552,33562,10
12.9240503311,80.23072052,33562,33572,10
12.9254798889,80.2309036255,33572,33583,11
12.926320076,80.2309570313,33583,33593,10
12.9264497757,80.2309799194,33593,33603,10
12.9270296097,80.2310714722,33603,33613,10
12.9280195236,80.2311935425,33613,33623,10
12.9290399551,80.2313537598,33623,33633,10
12.9297399521,80.2314987183,33633,33643,10
12.930680275,80.2317428589,33643,33653,10
12.9316997528,80.2320632935,33653,33664,11
12.9327802658,80.232421875,33664,33674,10
12.933549881,80.2327423096,33674,33684,10
12.9336500168,80.2327728271,33684,33694,10
12.9338703156,80.2329025269,33694,33704,10
12.9346599579,80.2332382202,33704,33714,10
12.9356403351,80.2337036133,33714,33724,10
12.9366998672,80.2342071533,33724,33734,10
12.9378404617,80.2347717285,33734,33745,11
12.9390802383,80.2354125977,33745,33755,10
12.9397697449,80.235710144,33755,33765,10
12.9398097992,80.235748291,33765,33775,10
12.9402999878,80.2359313965,33775,33785,10
12.9411802292,80.2361679077,33785,33795,10
12.9422998428,80.2364273071,33795,33805,10
12.9433698654,80.2370605469,33805,33815,10
12.944319725,80.2381134033,33815,33825,10
12.9454402924,80.2392272949,33825,33836,11
12.946969986,80.2398605347,33836,33917,81
12.946969986,80.2398605347,33917,33927,10
12.9472703934,80.2399597168,33927,33937,10
12.9478597641,80.2401885986,33937,33947,10
12.9483699799,80.2404327393,33947,33957,10
12.9487695694,80.2405776978,33957,33967,10
12.9492998123,80.2408370972,33967,33977,10
12.9500303268,80.2410736084,33977,33987,10
12.9505796432,80.2412567139,33987,33998,11
12.9508600235,80.2413711548,33998,34008,10
12.9509496689,80.2413787842,34008,34018,10
12.9511604309,80.2414474487,34018,34028,10
12.9513998032,80.2415390015,34028,34038,10
12.9516296387,80.2416000366,34038,34048,10
12.9521999359,80.2418136597,34048,34058,10
12.953040123,80.2421417236,34058,34068,10
12.9537801743,80.2424316406,34068,34079,11
12.9540195465,80.2425231934,34079,34089,10
12.9545297623,80.242729187,34089,34099,10
12.9552202225,80.2429885864,34099,34109,10
12.9563903809,80.2433319092,34109,34129,20
12.9563903809,80.2433319092,34129,34139,10
12.9565000534,80.243347168,34139,34149,10
12.9570102692,80.243637085,34149,34160,11
12.9579496384,80.2440795898,34160,34170,10
12.958820343,80.2444000244,34170,34180,10
12.9589500427,80.244468689,34180,34190,10
12.9590997696,80.2445373535,34190,34200,10
12.9594697952,80.2447433472,34200,34210,10
12.9601802826,80.2450714111,34210,34220,10
12.9610795975,80.2454833984,34220,34230,10
12.9620399475,80.2459564209,34230,34241,11
12.9625196457,80.2461090088,34241,34251,10
12.9631004333,80.2464675903,34251,34311,60
12.9631004333,80.2464675903,34311,34322,11
12.9631595612,80.24659729,34322,34332,10
12.9632902145,80.2466812134,34332,34342,10
12.9634504318,80.2467422485,34342,34352,10
12.9636697769,80.2468566895,34352,34362,10
12.9641399384,80.2470321655,34362,34372,10
12.9649400711,80.2473068237,34372,34382,10
12.9657096863,80.2475509644,34382,34392,10
12.9660596848,80.2476730347,34392,34413,21
12.9660596848,80.2476730347,34413,34423,10
12.9663200378,80.2477874756,34423,34443,20
12.9663200378,80.2477874756,34443,34453,10
12.9666595459,80.2479324341,34453,34463,10
12.9673404694,80.2482528687,34463,34473,10
12.9684801102,80.2487106323,34473,34484,11
12.9698400497,80.2492599487,34484,34494,10
12.9712600708,80.2498016357,34494,34504,10
12.9726400375,80.2501296997,34504,34514,10
12.9740495682,80.25050354,34514,34524,10
12.9754800797,80.2509078979,34524,34534,10
12.9769001007,80.2513198853,34534,34544,10
12.97797966,80.2519378662,34544,34554,10
12.9785995483,80.2523880005,34554,34565,11
12.9786701202,80.2524185181,34565,34575,10
12.9791498184,80.2525787354,34575,34585,10
12.980050087,80.2526779175,34585,34595,10
12.9808998108,80.2526779175,34595,34605,10
12.9818496704,80.2526321411,34605,34868,263
12.9818496704,80.2526321411,34868,34878,10
12.982000351,80.2526092529,34878,34889,11
12.9823303223,80.2525863647,34889,34899,10
12.98279953,80.2525482178,34899,34909,10
12.9829397202,80.2525405884,34909,34919,10
12.9831104279,80.2525405884,34919,34929,10
12.9832801819,80.2525405884,34929,34939,10
12.9836397171,80.2524795532,34939,34949,10
12.9843101501,80.2522964478,34949,34959,10
12.9851903915,80.2520370483,34959,35202,243
12.9851903915,80.2520370483,35202,35213,11
12.9852600098,80.2519683838,35213,35223,10
12.9856796265,80.2518615723,35223,35233,10
12.9862203598,80.251739502,35233,35243,10
12.9868297577,80.2515792847,35243,35253,10
12.9874601364,80.2513885498,35253,35263,10
12.9880695343,80.2512435913,35263,35273,10
12.9889497757,80.2510070801,35273,35283,10
12.9895296097,80.2508621216,35283,35294,11
12.9896202087,80.2508392334,35294,35304,10
12.9901695251,80.2507171631,35304,35314,10
12.9909801483,80.2505187988,35314,35324,10
12.9919595718,80.2502593994,35324,35334,10
12.9931697845,80.249961853,35334,35344,10
12.9945001602,80.2496109009,35344,35354,10
12.9957504272,80.2493133545,35354,35364,10
12.9965600967,80.2490997314,35364,35375,11
12.9971399307,80.2489929199,35375,35385,10
12.9981002808,80.2487487793,35385,35395,10
12.9993495941,80.2484207153,35395,35405,10
13.000749588,80.2480697632,35405,35415,10
13.0020704269,80.247718811,35415,35425,10
13.0033998489,80.247467041,35425,35435,10
13.0045995712,80.2473068237,35435,35445,10
13.0055704117,80.2471389771,35445,35456,11
13.006360054,80.2467575073,35456,35466,10
13.0065402985,80.246383667,35466,35476,10
13.0065898895,80.2462463379,35476,35486,10
13.0066204071,80.2458114624,35486,35496,10
13.0066204071,80.2455215454,35496,35506,10
13.0066099167,80.2452163696,35506,35516,10
13.0066003799,80.2449035645,35516,35526,10
13.0065803528,80.2446594238,35526,35537,11
13.0065898895,80.2444000244,35537,35547,10
13.0066003799,80.2443466187,35547,35557,10
13.0066099167,80.2438583374,35557,35567,10
13.0066003799,80.2436523438,35567,35577,10
13.0066003799,80.2433013916,35577,35587,10
13.0065698624,80.2427825928,35587,35597,10
13.0065603256,80.2419433594,35597,35658,61
13.0065603256,80.2419433594,35658,35668,10
13.0066299438,80.2415390015,35668,35678,10
13.0066204071,80.2412261963,35678,35688,10
13.0066604614,80.240562439,35688,35729,41
13.0066604614,80.240562439,35729,35739,10
13.0067596436,80.2401199341,35739,35749,10
13.0068502426,80.2394790649,35749,35759,10
13.0070295334,80.2386703491,35759,35769,10
13.0071897507,80.2378768921,35769,35779,10
13.0073299408,80.2372512817,35779,35790,11
13.0073795319,80.2368927002,35790,35800,10
13.0074195862,80.2366714478,35800,35810,10
13.0075397491,80.2361831665,35810,35820,10
13.0076999664,80.2354431152,35820,35830,10
13.0078802109,80.2346496582,35830,35840,10
13.0080795288,80.2337188721,35840,35850,10
13.0083198547,80.2325592041,35850,35860,10
13.0085802078,80.2312393188,35860,35871,11
13.0088195801,80.2300491333,35871,35881,10
13.0090303421,80.2289733887,35881,35891,10
13.0092601776,80.2280731201,35891,35901,10
13.0096502304,80.2271499634,35901,35911,10
13.0100898743,80.2261810303,35911,35921,10
13.0106601715,80.2250366211,35921,35931,10
13.0111398697,80.2239532471,35931,35941,10
13.0114002228,80.2232284546,35941,35952,11
13.0116996765,80.2223205566,35952,35962,10
13.0120601654,80.2215576172,35962,35972,10
13.0123701096,80.2215576172,35972,35982,10
13.0126695633,80.2220001221,35982,35992,10
13.013010025,80.2223587036,35992,36002,10
13.0134601593,80.2227935791,36002,36012,10
13.0139398575,80.2233276367,36012,36022,10
13.0142202377,80.2236633301,36022,36033,11
13.0147895813,80.2244262695,36033,36043,10
13.0150098801,80.2246398926,36043,36053,10
13.0152797699,80.2248764038,36053,36063,10
13.0155601501,80.2250823975,36063,36073,10
13.0156297684,80.2251205444,36073,36083,10
13.0160503387,80.2253189087,36083,36093,10
13.0167398453,80.2252120972,36093,36103,10
13.0173101425,80.2250137329,36103,36114,11
13.0179395676,80.2247390747,36114,36124,10
13.0183200836,80.224571228,36124,36134,10
13.0185604095,80.2244720459,36134,36144,10
13.0190896988,80.2242965698,36144,36164,20
13.0190896988,80.2242965698,36164,36174,10
13.0193595886,80.224281311,36174,36195,21
13.0193595886,80.224281311,36195,36205,10
13.019610405,80.2244033813,36205,36215,10
13.0197095871,80.2244873047,36215,36225,10
13.019949913,80.2246704102,36225,36235,10
13.0201501846,80.2248306274,36235,36245,10
13.0203399658,80.2249832153,36245,36255,10
13.0205602646,80.2251434326,36255,36265,10
13.0208797455,80.2253799438,36265,36276,11
13.0211000443,80.2255401611,36276,36286,10
13.0212402344,80.2257003784,36286,36296,10
13.0214700699,80.2258911133,36296,36306,10
13.0217399597,80.2260437012,36306,36326,20
13.0217399597,80.2260437012,36326,36336,10
13.0220003128,80.2261962891,36336,36357,21
13.0220003128,80.2261962891,36357,36367,10
13.0222101212,80.2263793945,36367,36377,10
13.0225000381,80.2266387939,36377,36397,20
13.0225000381,80.2266387939,36397,36407,10
13.0226697922,80.2267608643,36407,36417,10
13.0228395462,80.2269363403,36417,36427,10
13.0229301453,80.2270126343,36427,36438,11
13.0230398178,80.2271575928,36438,36448,10
13.0231599808,80.2273330688,36448,36458,10
13.0233898163,80.2275085449,36458,36468,10
13.0237703323,80.2278289795,36468,36478,10
13.0241098404,80.2281036377,36478,36539,61
13.0241098404,80.2281036377,36539,36549,10
13.0244102478,80.2284698486,36549,36650,101
13.0244102478,80.2284698486,36650,36660,10
13.0242204666,80.2285003662,36660,36670,10
13.0238199234,80.2280197144,36670,36681,11
13.0233802795,80.2276000977,36681,36812,131
13.0233697891,80.2274780273,36812,37156,344
13.0233697891,80.2274780273,37156,37167,11
13.0232200623,80.2273101807,37167,37177,10
13.0230503082,80.227180481,37177,37187,10
13.0228004456,80.2269821167,37187,37197,10
13.0226602554,80.2268600464,37197,37207,10
13.022359848,80.2265930176,37207,37217,10
13.0219202042,80.2262115479,37217,37227,10
13.0214796066,80.2258834839,37227,37237,10
13.0210103989,80.2255325317,37237,37248,11
13.0204801559,80.2251586914,37248,37258,10
13.0198898315,80.2247772217,37258,37268,10
13.0192203522,80.2244873047,37268,37278,10
13.0184402466,80.2246170044,37278,37288,10
13.017660141,80.224937439,37288,37298,10
13.0169095993,80.2252426147,37298,37308,10
13.016500473,80.2254180908,37308,37318,10
13.0161895752,80.2255401611,37318,37329,11
13.0156698227,80.225692749,37329,37339,10
13.0151100159,80.2259292603,37339,37349,10
13.0143404007,80.2262573242,37349,37369,20
13.0143404007,80.2262573242,37369,37379,10
13.013999939,80.2263565063,37379,37389,10
13.0135002136,80.2265396118,37389,37399,10
13.0128602982,80.2267913818,37399,37410,11
13.0120096207,80.2271270752,37410,37420,10
13.0111503601,80.2274703979,37420,37430,10
13.0102500916,80.2278366089,37430,37440,10
13.0094203949,80.2282028198,37440,37450,10
13.0090904236,80.2289276123,37450,37460,10
13.0089197159,80.2298736572,37460,37470,10
13.0088100433,80.2306518555,37470,37480,10
13.0087795258,80.2307815552,37480,37491,11
13.0087099075,80.2310562134,37491,37501,10
13.0086603165,80.231338501,37501,37511,10
13.0085601807,80.2317886353,37511,37561,50
13.0085601807,80.2317886353,37561,37572,11
13.0084896088,80.2321624756,37572,37582,10
13.0084199905,80.2324981689,37582,37592,10
13.0083599091,80.2328033447,37592,37602,10
13.008310318,80.2334289551,37602,37632,30
13.008310318,80.2334289551,37632,37642,10
13.0081596375,80.2338409424,37642,37653,11
13.0080604553,80.2343597412,37653,37663,10
13.0079698563,80.2347717285,37663,37673,10
13.0079698563,80.2347793579,37673,37683,10
13.0079298019,80.2348937988,37683,37693,10
13.007900238,80.2350463867,37693,37703,10
13.0078496933,80.2352371216,37703,37713,10
13.007809639,80.235496521,37713,37723,10
13.0077800751,80.2356491089,37723,37734,11
13.0077400208,80.2358627319,37734,37744,10
13.0076999664,80.2361526489,37744,37754,10
13.0076599121,80.2363433838,37754,37764,10
13.0075798035,80.2368392944,37764,37774,10
13.0074596405,80.2373809814,37774,37784,10
13.0073404312,80.238067627,37784,37794,10
13.0072603226,80.2385177612,37794,37804,10
13.0072402954,80.2385406494,37804,37814,10
13.0071802139,80.2388000488,37814,37835,21
13.0071802139,80.2388000488,37835,37845,10
13.0071201324,80.2388534546,37845,37855,10
13.0070800781,80.2391967773,37855,37865,10
13.0068798065,80.2399597168,37865,37875,10
13.0068397522,80.2404937744,37875,37885,10
13.0068397522,80.2405776978,37885,37895,10
13.0067996979,80.2408905029,37895,37906,11
13.0067901611,80.2415390015,37906,37916,10
13.0067996979,80.2420196533,37916,37926,10
13.0067901611,80.2423782349,37926,37936,10
13.0067796707,80.2425918579,37936,37946,10
13.0067796707,80.2428817749,37946,37956,10
13.0067796707,80.2432098389,37956,37966,10
13.0067796707,80.2434921265,37966,37976,10
13.0067501068,80.2437210083,37976,37987,11
13.0067396164,80.2443466187,37987,38037,50
13.0066795349,80.2445678711,38037,38068,31
13.0066795349,80.2445678711,38068,38078,10
13.0066604614,80.2448196411,38078,38088,10
13.0067195892,80.2452392578,38088,38098,10
13.0067901611,80.2458496094,38098,38108,10
13.0068798065,80.2465515137,38108,38118,10
13.006770134,80.2472991943,38118,38128,10
13.0062303543,80.2474365234,38128,38138,10
13.0061397552,80.2474517822,38138,38149,11
13.00578022,80.2474365234,38149,38159,10
13.005109787,80.2473983765,38159,38169,10
13.0042495728,80.247467041,38169,38179,10
13.0033197403,80.2475967407,38179,38189,10
13.0023202896,80.2477798462,38189,38199,10
13.0012798309,80.2480392456,38199,38209,10
13.0002498627,80.2482833862,38209,38219,10
12.9992303848,80.248550415,38219,38230,11
12.9982995987,80.2488098145,38230,38240,10
12.9981002808,80.2488708496,38240,38250,10
12.9978399277,80.2489089966,38250,38260,10
12.9972400665,80.2490386963,38260,38270,10
12.9964704514,80.2492370605,38270,38280,10
12.9956102371,80.2494888306,38280,38290,10
12.9946403503,80.2497634888,38290,38300,10
12.993639946,80.2499771118,38300,38311,11
12.9925498962,80.2502365112,38311,38321,10
12.9916296005,80.25050354,38321,38604,283
12.9916296005,80.25050354,38604,38614,10
12.9913396835,80.250579834,38614,38624,10
12.9909801483,80.2506637573,38624,38635,11
12.9908895493,80.2506790161,38635,38645,10
12.9906997681,80.2507171631,38645,38655,10
12.99036026,80.2508010864,38655,38665,10
12.9899196625,80.2509002686,38665,38675,10
12.9895601273,80.2509689331,38675,38685,10
12.9892501831,80.2510223389,38685,38695,10
12.9889202118,80.251121521,38695,38705,10
12.9885902405,80.2512435913,38705,38716,11
12.9880104065,80.2514190674,38716,39121,405
12.9880104065,80.2514190674,39121,39131,10
12.9875402451,80.2515182495,39131,39141,10
12.9868001938,80.2517089844,39141,39151,10
12.9860801697,80.2518920898,39151,39161,10
12.9849901199,80.2521362305,39161,39171,10
12.9837703705,80.2524795532,39171,39181,10
12.9823799133,80.2526702881,39181,39191,10
12.9810400009,80.2527008057,39191,39202,11
12.9797897339,80.2527618408,39202,39212,10
12.9788398743,80.2526397705,39212,39222,10
12.9785499573,80.2525787354,39222,39232,10
12.9785404205,80.2525634766,39232,39242,10
12.9781198502,80.2522735596,39242,39252,10
12.9774999619,80.2517166138,39252,39261,9
12.9764204025,80.2512130737,39261,39272,11
12.9752197266,80.2508621216,39272,39283,11
12.9734296799,80.2503585815,39283,39293,10
12.9720897675,80.2499771118,39293,39303,10
12.9710102081,80.2497177124,39303,39313,10
12.9699802399,80.2493209839,39313,39323,10
12.9687595367,80.2488021851,39323,39333,10
12.9674396515,80.2482833862,39333,39343,10
12.9664402008,80.2478179932,39343,39353,10
12.9654302597,80.2474594116,39353,39374,21
12.9654302597,80.2474594116,39374,39384,10
12.965089798,80.2473220825,39384,39394,10
12.9645004272,80.2471008301,39394,39404,10
12.9641399384,80.2469711304,39404,39414,10
12.9639396667,80.2469100952,39414,39424,10
12.9638004303,80.2468795776,39424,39434,10
12.9636096954,80.2468109131,39434,39445,11
12.963060379,80.2465133667,39445,39455,10
12.9621496201,80.2460327148,39455,39465,10
12.9610395432,80.2454605103,39465,39475,10
12.9600496292,80.2450180054,39475,39485,10
12.9594097137,80.2447662354,39485,39495,10
12.9592504501,80.2446594238,39495,39505,10
12.9588403702,80.2444610596,39505,39515,10
12.9580001831,80.244140625,39515,39525,10
12.9569396973,80.2438583374,39525,39546,21
12.9569396973,80.2438583374,39546,39556,10
12.9567403793,80.243812561,39556,39596,40
12.9567403793,80.243812561,39596,39606,10
12.9562997818,80.2436828613,39606,39617,11
12.9556598663,80.2433166504,39617,39627,10
12.9548101425,80.2428817749,39627,39637,10
12.9539403915,80.2425003052,39637,39647,10
12.9529695511,80.2420806885,39647,39657,10
12.9519796371,80.2417221069,39657,39667,10
12.951210022,80.2414703369,39667,39677,10
12.9503097534,80.2411880493,39677,39687,10
12.9499101639,80.2410583496,39687,39748,61
12.9499101639,80.2410583496,39748,39758,10
12.9496097565,80.2409667969,39758,39768,10
12.9490003586,80.2407836914,39768,39779,11
12.9483804703,80.2405166626,39779,39789,10
12.9479799271,80.2403411865,39789,39799,10
12.9476804733,80.2402267456,39799,39809,10
12.9473800659,80.2401123047,39809,39819,10
12.94713974,80.2400131226,39819,39829,10
12.9469003677,80.2399215698,39829,39839,10
12.9462299347,80.2396469116,39839,39849,10
12.9453496933,80.2392196655,39849,39860,11
12.9444198608,80.23828125,39860,39870,10
12.943479538,80.2372589111,39870,39880,10
12.9422998428,80.2364501953,39880,39890,10
12.9408903122,80.2360916138,39890,39900,10
12.9398202896,80.2357635498,39900,39910,10
12.9388198853,80.2352905273,39910,39920,10
12.937620163,80.2347183228,39920,39930,10
12.9363298416,80.23412323,39930,39941,11
12.9348897934,80.2334594727,39941,39951,10
12.9340200424,80.2331008911,39951,39961,10
12.9338798523,80.233039856,39961,39971,10
12.9336900711,80.2329177856,39971,39981,10
12.9329795837,80.2325820923,39981,39991,10
12.9319200516,80.2322006226,39991,40001,10
12.9306602478,80.2317886353,40001,40011,10
12.9293603897,80.2314605713,40011,40022,11
12.9282398224,80.2312393188,40022,40032,10
12.9269695282,80.2310714722,40032,40042,10
12.9260797501,80.2310028076,40042,40052,10
12.9257802963,80.2309570313,40052,40062,10
12.9250898361,80.2308807373,40062,40072,10
12.9240703583,80.2307510376,40072,40082,10
12.9229001999,80.2305908203,40082,40092,10
12.9215803146,80.2303466797,40092,40102,10
12.9200801849,80.2301635742,40102,40113,11
12.9184303284,80.2299499512,40113,40123,10
12.9169797897,80.2297821045,40123,40133,10
12.9154996872,80.2295608521,40133,40143,10
12.9141597748,80.2293395996,40143,40153,10
12.9133901596,80.2292480469,40153,40163,10
12.9131603241,80.2292480469,40163,40173,10
12.9128103256,80.2291793823,40173,40183,10
12.9119100571,80.229057312,40183,40194,11
12.910779953,80.2288970947,40194,40204,10
12.9095096588,80.2286911011,40204,40214,10
12.9084997177,80.2285232544,40214,40224,10
12.9082603455,80.2284698486,40224,40234,10
12.9079904556,80.2284317017,40234,40244,10
12.9073801041,80.2283477783,40244,40254,10
12.9069404602,80.2282867432,40254,40264,10
12.906370163,80.2282485962,40264,40275,11
12.9060001373,80.2282409668,40275,40285,10
12.9056301117,80.2282409668,40285,40295,10
12.904800415,80.2282104492,40295,40305,10
12.9037599564,80.2281265259,40305,40315,10
12.9027795792,80.2281036377,40315,40335,20
12.9027795792,80.2281036377,40335,40345,10
12.9025602341,80.2280807495,40345,40356,11
12.9019899368,80.2280578613,40356,40366,10
12.9015598297,80.2280426025,40366,40376,10
12.9012403488,80.2279968262,40376,40386,10
12.9005699158,80.2279281616,40386,40396,10
12.900179863,80.2279281616,40396,40406,10
12.899939537,80.2279281616,40406,40416,10
12.8996295929,80.2279205322,40416,40437,21
12.8996295929,80.2279205322,40437,40447,10
12.8992595673,80.2278900146,40447,40457,10
12.8986597061,80.2278594971,40457,40467,10
12.8978300095,80.2277984619,40467,40477,10
12.8968200684,80.227722168,40477,40487,10
12.8955602646,80.2276687622,40487,40497,10
12.8942203522,80.2276077271,40497,40507,10
12.8933000565,80.2275466919,40507,40518,11
12.8928604126,80.2275009155,40518,40528,10
12.8923997879,80.2274169922,40528,40538,10
12.8915100098,80.2273635864,40538,40548,10
12.8902797699,80.2273635864,40548,40558,10
12.888999939,80.2273712158,40558,40568,10
12.8879804611,80.2273025513,40568,40578,10
12.8869400024,80.2271499634,40578,40588,10
12.8857498169,80.2268676758,40588,40599,11
12.8844995499,80.2267074585,40599,40609,10
12.8831796646,80.2267227173,40609,40619,10
12.8816604614,80.2267227173,40619,40629,10
12.8800897598,80.2267227173,40629,40639,10
12.8784799576,80.2267837524,40639,40649,10
12.8771800995,80.2269134521,40649,40659,10
12.8767595291,80.2269821167,40659,40669,10
12.8766899109,80.2269897461,40669,40680,11
12.8761301041,80.2269821167,40680,40690,10
12.875120163,80.2268981934,40690,40700,10
12.8738203049,80.2267532349,40700,40710,10
12.8728303909,80.2266998291,40710,40720,10
12.8724403381,80.2266769409,40720,40730,10
12.8715400696,80.2266387939,40730,40740,10
12.8702402115,80.2265701294,40740,40750,10
12.8687496185,80.2264022827,40750,40761,11
12.8670501709,80.2264709473,40761,40771,10
12.8654403687,80.2265930176,40771,40781,10
12.8638401031,80.2265396118,40781,40791,10
12.8622999191,80.2265625,40791,40801,10
12.8610401154,80.2265625,40801,40811,10
12.8599395752,80.2264480591,40811,40821,10
12.8586502075,80.2262878418,40821,40831,10
12.8572301865,80.2262878418,40831,40841,10
12.8555698395,80.2264785767,40841,40852,11
12.8540496826,80.2266235352,40852,40862,10
12.8524799347,80.2267074585,40862,40872,10
12.8509197235,80.2266387939,40872,40882,10
12.8499097824,80.226600647,40882,40892,10
12.8496103287,80.2266082764,40892,40902,10
12.8488101959,80.226600647,40902,40912,10
12.8476800919,80.2266082764,40912,40922,10
12.846280098,80.2266235352,40922,40933,11
12.8450403214,80.2266387939,40933,40943,10
12.8447399139,80.2266693115,40943,40953,10
12.8443803787,80.2267074585,40953,40963,10
12.8436002731,80.2267837524,40963,40973,10
12.842499733,80.2269821167,40973,40983,10
12.8411598206,80.2273101807,40983,40993,10
12.8402099609,80.2276000977,40993,41003,10
12.8399200439,80.2277374268,41003,41044,41
12.8399200439,80.2277374268,41044,41054,10
12.8396997452,80.2278213501,41054,41064,10
12.8391199112,80.2279129028,41064,41074,10
12.8382501602,80.2281036377,41074,41084,10
12.8372001648,80.2282867432,41084,41095,11
12.8357601166,80.2285079956,41095,41105,10
12.8342895508,80.2287597656,41105,41115,10
12.8322095871,80.2291717529,41115,41135,20
12.8322095871,80.2291717529,41135,41145,10
12.8317604065,80.2292709351,41145,41155,10
12.8309202194,80.2294998169,41155,41165,10
12.8297901154,80.2299118042,41165,41176,11
12.8283500671,80.2305679321,41176,41186,10
12.8270301819,80.2312469482,41186,41196,10
12.8257198334,80.2314224243,41196,41206,10
12.8245201111,80.2313766479,41206,41216,10
12.8231897354,80.2310180664,41216,41226,10
12.8217401505,80.2305603027,41226,41236,10
12.8204698563,80.23046875,41236,41246,10
12.8192501068,80.2304992676,41246,41257,11
12.8181800842,80.2301864624,41257,41267,10
12.8178501129,80.2300262451,41267,41277,10
12.8175497055,80.229888916,41277,41287,10
12.8167200089,80.2295837402,41287,41297,10
12.8155403137,80.2293777466,41297,41307,10
12.8140897751,80.2291412354,41307,41317,10
12.8125896454,80.2286529541,41317,41327,10
12.8110799789,80.2281036377,41327,41338,11
12.809419632,80.2274017334,41338,41348,10
12.8081598282,80.2264404297,41348,41358,10
12.8069896698,80.225440979,41358,41368,10
12.806019783,80.224571228,41368,41378,10
12.8050804138,80.2240066528,41378,41388,10
12.8048200607,80.2239685059,41388,41398,10
12.8042697906,80.2239074707,41398,41408,10
12.8033399582,80.2238388062,41408,41418,10
12.8019304276,80.2236709595,41418,41429,11
12.8010597229,80.2236022949,41429,41439,10
12.8006401062,80.2235717773,41439,41449,10
12.7996501923,80.2234802246,41449,41459,10
12.7984399796,80.2233581543,41459,41469,10
12.7968902588,80.2230911255,41469,41479,10
12.7958297729,80.2229003906,41479,41489,10
12.7957897186,80.2228775024,41489,41499,10
12.7956104279,80.2228622437,41499,41510,11
12.7947797775,80.2227172852,41510,41520,10
12.7936401367,80.2225418091,41520,41530,10
12.7922296524,80.2222976685,41530,41540,10
12.7908496857,80.2219772339,41540,41550,10
12.7899503708,80.2217407227,41550,41560,10
12.7891302109,80.2214813232,41560,41570,10
12.7881202698,80.2211074829,41570,41580,10
12.7874002457,80.2208633423,41580,41591,11
12.7866096497,80.2205734253,41591,41601,10
12.786359787,80.2204818726,41601,41611,10
12.7862997055,80.2203979492,41611,41641,30
12.7862997055,80.2203979492,41641,41651,10
12.7861795425,80.2205581665,41651,41661,10
12.7861700058,80.2210388184,41661,41672,11
12.7862100601,80.2214584351,41672,41682,10
12.7862100601,80.2218933105,41682,41884,202
12.7862100601,80.2218933105,41884,41894,10
12.7861700058,80.2218399048,41894,41904,10
12.7861700058,80.2217636108,41904,41915,11
12.786190033,80.2215499878,41915,41925,10
12.7861795425,80.2210769653,41925,41935,10
12.7861604691,80.2205429077,41935,41945,10
12.7862100601,80.2203598022,41945,41955,10
12.7865495682,80.220451355,41955,41975,20
12.7865495682,80.220451355,41975,41985,10
12.7870101929,80.2206268311,41985,41996,11
12.7878303528,80.2209320068,41996,42006,10
12.7888002396,80.2212982178,42006,42016,10
12.7897901535,80.2216567993,42016,42026,10
12.7908401489,80.2219390869,42026,42036,10
12.7921600342,80.2222671509,42036,42046,10
12.7936401367,80.2225189209,42046,42056,10
12.7951202393,80.2227630615,42056,42066,10
12.7963695526,80.2229385376,42066,42077,11
12.7975502014,80.2231826782,42077,42087,10
12.7988395691,80.2233505249,42087,42097,10
12.8002300262,80.2234573364,42097,42107,10
12.8013696671,80.2235565186,42107,42117,10
12.8015298843,80.2235717773,42117,42127,10
12.8017101288,80.2236099243,42127,42137,10
12.8023500443,80.2236785889,42137,42147,10
12.8032302856,80.2238082886,42147,42158,11
12.804400444,80.2239074707,42158,42168,10
12.8052396774,80.2240219116,42168,42178,10
12.8055200577,80.2241210938,42178,42188,10
12.8056898117,80.2242279053,42188,42198,10
12.8061704636,80.2246170044,42198,42208,10
12.8069400787,80.2253036499,42208,42218,10
12.8078298569,80.2260665894,42218,42228,10
12.8088798523,80.2269363403,42228,42238,10
12.8101902008,80.2276763916,42238,42249,11
12.8118495941,80.2283477783,42249,42259,10
12.8134202957,80.2288894653,42259,42269,10
12.8149700165,80.2292633057,42269,42279,10
12.8165397644,80.2294921875,42279,42289,10
12.8180398941,80.2300186157,42289,42299,10
12.8197402954,80.2304382324,42299,42319,20
12.8197402954,80.2304382324,42319,42330,11
12.8202600479,80.2304229736,42330,42340,10
12.8212299347,80.2304229736,42340,42350,10
12.8224496841,80.230682373,42350,42360,10
12.8238601685,80.2310562134,42360,42370,10
12.8252801895,80.231338501,42370,42380,10
12.8268404007,80.2312469482,42380,42390,10
12.8282804489,80.2305908203,42390,42400,10
12.8297100067,80.2298736572,42400,42411,11
12.8310003281,80.2293624878,42411,42421,10
12.8311004639,80.2293167114,42421,42431,10
12.8314695358,80.2292098999,42431,42441,10
12.8320198059,80.229057312,42441,42451,10
12.8329401016,80.2288894653,42451,42461,10
12.8341598511,80.2286911011,42461,42471,10
12.8355503082,80.2284622192,42471,42481,10
12.8370103836,80.2282409668,42481,42492,11
12.8383598328,80.2279815674,42492,42502,10
12.8391704559,80.2277603149,42502,42512,10
12.8395004272,80.2276687622,42512,42522,10
12.8396100998,80.2276611328,42522,42532,10
12.8400602341,80.2275390625,42532,42542,10
12.8409900665,80.2273025513,42542,42552,10
12.8422002792,80.2269668579,42552,42562,10
12.8436498642,80.2267532349,42562,42573,11
12.8451595306,80.2265777588,42573,42583,10
12.845459938,80.2265625,42583,42593,10
12.8456602097,80.2265625,42593,42603,10
12.8463897705,80.2265701294,42603,42613,10
12.8474798203,80.2265625,42613,42623,10
12.8488197327,80.2265396118,42623,42633,10
12.8500995636,80.2265167236,42633,42643,10
12.8503198624,80.2265090942,42643,42654,11
12.8508796692,80.2265319824,42654,42664,10
12.8518104553,80.226600647,42664,42674,10
12.8528995514,80.2266464233,42674,42684,10
12.854180336,80.2265625,42684,42694,10
12.8556404114,80.2263870239,42694,42704,10
12.8571596146,80.2262268066,42704,42714,10
12.8584604263,80.2261962891,42714,42724,10
12.8597602844,80.226348877,42724,42735,11
12.860830307,80.2264862061,42735,42745,10
12.8608798981,80.2264862061,42745,42755,10
12.8613195419,80.2265167236,42755,42765,10
12.8621997833,80.2264862061,42765,42775,10
12.8633699417,80.2264480591,42775,42785,10
12.8647899628,80.2265090942,42785,42795,10
12.8663396835,80.2264862061,42795,42805,10
12.8676595688,80.226348877,42805,42816,11
12.8690795898,80.2263565063,42816,42826,10
12.8705797195,80.2265319824,42826,42836,10
12.8719501495,80.2266082764,42836,42846,10
12.8729600906,80.2266235352,42846,42856,10
12.8740501404,80.2267074585,42856,42866,10
12.8753595352,80.2268371582,42866,42876,10
12.8767499924,80.226852417,42876,42896,20
12.8767499924,80.226852417,42896,42907,11
12.8770103455,80.2268600464,42907,42917,10
12.877790451,80.2267913818,42917,42927,10
12.8789100647,80.2267227173,42927,42937,10
12.8802900314,80.2266998291,42937,42947,10
12.8817596436,80.2266921997,42947,42957,10
12.8832998276,80.2266616821,42957,42967,10
12.8846902847,80.2266387939,42967,42977,10
12.8852701187,80.2266616821,42977,42988,11
12.8853998184,80.2266769409,42988,42998,10
12.8860502243,80.2268295288,42998,43008,10
12.8870601654,80.2270965576,43008,43018,10
12.8883800507,80.2272720337,43018,43028,10
12.8899002075,80.2273025513,43028,43038,10
12.8910703659,80.2272872925,43038,43048,10
12.8925104141,80.2273406982,43048,43058,10
12.8934602737,80.2274627686,43058,43070,12
12.8945398331,80.2275619507,43070,43080,10
12.8958301544,80.2276229858,43080,43090,10
12.8969402313,80.2276611328,43090,43100,10
12.8980503082,80.227722168,43100,43110,10
12.8991298676,80.2277832031,43110,43120,10
12.8998298645,80.2277984619,43120,43130,10
12.8998403549,80.2277984619,43130,43140,10
12.899939537,80.2278137207,43140,43151,11
12.9003000259,80.2278594971,43151,43161,10
12.9007701874,80.227897644,43161,43171,10
12.9012403488,80.2279205322,43171,43181,10
12.9018096924,80.2279586792,43181,43191,10
12.9027795792,80.2279815674,43191,43211,20
12.9027795792,80.2279815674,43211,43221,10
12.9031200409,80.2279968262,43221,43231,10
12.9038896561,80.2280426025,43231,43242,11
12.9050703049,80.2281112671,43242,43272,30
12.9050703049,80.2281112671,43272,43282,10
12.9054403305,80.2281570435,43282,43292,10
12.9059200287,80.2281799316,43292,43343,51
12.9059200287,80.2281799316,43343,43353,10
12.9061002731,80.2283172607,43353,43363,10
12.906539917,80.2283325195,43363,43373,10
12.906829834,80.2283325195,43373,43383,10
12.9071998596,80.2283706665,43383,43394,11
12.9080896378,80.2284927368,43394,43404,10
12.9093198776,80.2286834717,43404,43414,10
12.9106998444,80.2288894653,43414,43424,10
12.9121599197,80.2290878296,43424,43434,10
12.913860321,80.2292785645,43434,43454,20
12.913860321,80.2292785645,43454,43464,10
12.9142198563,80.2293395996,43464,43475,11
12.9150695801,80.2294464111,43475,43485,10
12.9160404205,80.229598999,43485,43495,10
12.9170198441,80.2297286987,43495,43505,10
12.917889595,80.2298583984,43505,43515,10
12.9190196991,80.2300109863,43515,43525,10
12.9204101563,80.230178833,43525,43535,10
12.9218902588,80.2303619385,43535,43545,10
12.9232597351,80.2305603027,43545,43556,11
12.9247598648,80.2307434082,43556,43566,10
12.9261398315,80.2309112549,43566,43576,10
12.9274501801,80.2310562134,43576,43586,10
12.9283704758,80.2312011719,43586,43596,10
12.9288597107,80.2312774658,43596,43606,10
12.9297399521,80.2314682007,43606,43616,10
12.9308900833,80.2317810059,43616,43626,10
12.9322395325,80.232208252,43626,43637,11
12.9335403442,80.2326889038,43637,43647,10
12.9338302612,80.2328109741,43647,43657,10
12.9343996048,80.2330627441,43657,43667,10
12.9353199005,80.2334976196,43667,43677,10
12.9364299774,80.234046936,43677,43687,10
12.9377202988,80.2346572876,43687,43697,10
12.939040184,80.2353210449,43697,43707,10
12.9398803711,80.235710144,43707,43718,11
12.9400396347,80.2357788086,43718,43728,10
12.9406499863,80.2359771729,43728,43738,10
12.9416303635,80.2362136841,43738,43748,10
12.9428195953,80.236618042,43748,43758,10
12.9438400269,80.2375335693,43758,43768,10
12.9448404312,80.2386703491,43768,43778,10
12.9460496902,80.2395095825,43778,43788,10
12.94713974,80.2399368286,43788,43798,10
12.9474201202,80.2400436401,43798,43809,11
12.9479799271,80.240272522,43809,43819,10
12.9487495422,80.240562439,43819,43839,20
12.9487495422,80.240562439,43839,43849,10
12.948969841,80.2406692505,43849,43859,10
12.9492998123,80.2408218384,43859,43869,10
12.9499597549,80.241027832,43869,43879,10
12.9508304596,80.2412872314,43879,43890,11
12.9518098831,80.2416305542,43890,43900,10
12.9525299072,80.2418823242,43900,43910,10
12.9527101517,80.2419509888,43910,43920,10
12.9532604218,80.2421798706,43920,43930,10
12.953909874,80.24243927,43930,43940,10
12.9546604156,80.2427368164,43940,43950,10
12.9553003311,80.242980957,43950,43960,10
12.9561300278,80.243270874,43960,43971,11
12.9563798904,80.243347168,43971,43981,10
12.9565496445,80.2434082031,43981,43991,10
12.9571199417,80.2436828613,43991,44001,10
12.9580402374,80.244102478,44001,44011,10
12.9588603973,80.2444610596,44011,44021,10
12.9589195251,80.2444915771,44021,44031,10
12.9593095779,80.2446670532,44031,44041,10
12.9602403641,80.2451095581,44041,44052,11
12.9613399506,80.2456207275,44052,44062,10
12.9624099731,80.2461395264,44062,44072,10
12.963139534,80.2464828491,44072,44112,40
12.963139534,80.2464828491,44112,44122,10
12.9634504318,80.2466430664,44122,44133,11
12.9639396667,80.2468566895,44133,44143,10
12.9645900726,80.2471008301,44143,44153,10
12.9652900696,80.2473297119,44153,44163,10
12.9660301208,80.2475967407,44163,44173,10
12.9667596817,80.2479019165,44173,44183,10
12.9669103622,80.2479782104,44183,44193,10
12.9669704437,80.2480316162,44193,44203,10
12.96737957,80.2482299805,44203,44214,11
12.9682598114,80.2485733032,44214,44224,10
12.9692201614,80.2489471436,44224,44234,10
12.9702301025,80.2492980957,44234,44244,10
12.9713802338,80.249671936,44244,44254,10
12.9724798203,80.2499771118,44254,44264,10
12.9733600616,80.2502593994,44264,44274,10
12.9739103317,80.2504119873,44274,44284,10
12.9747400284,80.2506484985,44284,44295,11
12.9758996964,80.2509689331,44295,44305,10
12.976940155,80.2512969971,44305,44315,10
12.9778604507,80.2518615723,44315,44325,10
12.9785699844,80.2523574829,44325,44335,10
12.9786300659,80.2523803711,44335,44345,10
12.9788398743,80.2524795532,44345,44355,10
12.9790201187,80.2525177002,44355,44365,10
12.9791603088,80.2525405884,44365,44376,11
12.9794797897,80.252571106,44376,44386,10
12.9798498154,80.2526168823,44386,44396,10
12.9804096222,80.2526321411,44396,44406,10
12.981089592,80.2526016235,44406,44416,10
12.9817495346,80.2525634766,44416,44487,71
12.9817495346,80.2525634766,44487,44497,10
12.9819297791,80.2525482178,44497,44507,10
12.9822301865,80.2525405884,44507,44517,10
12.982460022,80.252532959,44517,44527,10
12.9826402664,80.2525100708,44527,44538,11
12.9828395844,80.2525024414,44538,44548,10
12.9830703735,80.2524795532,44548,44558,10
12.9832801819,80.2524795532,44558,44568,10
12.9835100174,80.2524490356,44568,44578,10
12.9838600159,80.2523574829,44578,44588,10
12.9846601486,80.2521362305,44588,44598,10
12.9857501984,80.2518234253,44598,44629,31
12.9858703613,80.2517700195,44629,44730,101
12.9858703613,80.2517700195,44730,44740,10
12.9860496521,80.2516784668,44740,44750,10
12.9863796234,80.2516174316,44750,44760,10
12.9866800308,80.2515563965,44760,44770,10
12.9870595932,80.2514419556,44770,44781,11
12.9875202179,80.2513198853,44781,44791,10
12.9879703522,80.2512435913,44791,44801,10
12.9887399673,80.2510528564,44801,44811,10
12.9893198013,80.2508773804,44811,44821,10
12.9893598557,80.2508773804,44821,44831,10
12.9897403717,80.250831604,44831,44841,10
12.9905004501,80.2506713867,44841,44851,10
12.9914903641,80.2504196167,44851,44862,11
12.9928102493,80.2500991821,44862,44872,10
12.9941396713,80.2497634888,44872,44882,10
12.9955997467,80.2493972778,44882,44892,10
12.9971199036,80.2489776611,44892,44902,10
12.9977397919,80.2488174438,44902,44912,10
12.9979200363,80.2487792969,44912,44922,10
12.9985303879,80.248626709,44922,44932,10
12.9995002747,80.2483978271,44932,44943,11
13.0007600784,80.2481002808,44943,44953,10
13.0019903183,80.2477798462,44953,44963,10
13.0032596588,80.2475204468,44963,44973,10
13.0045795441,80.2473297119,44973,44983,10
13.0056400299,80.2471313477,44983,44993,10
13.0062503815,80.2468414307,44993,45003,10
13.0065002441,80.2464294434,45003,45013,10
13.006529808,80.2463684082,45013,45024,11
13.0065898895,80.2459030151,45024,45034,10
13.0066204071,80.2452697754,45034,45044,10
13.0065402985,80.2448196411,45044,45054,10
13.006529808,80.2444610596,45054,45064,10
13.0064601898,80.2441177368,45064,45074,10
13.0064697266,80.2437591553,45074,45084,10
13.0066204071,80.2433929443,45084,45094,10
13.0066404343,80.2427978516,45094,45105,11
13.0066795349,80.2419815063,45105,45115,10
13.0066995621,80.241027832,45115,45125,10
13.0068502426,80.2401275635,45125,45135,10
13.0070104599,80.2392883301,45135,45145,10
13.0071296692,80.2386169434,45145,45155,10
13.0072498322,80.2379379272,45155,45165,10
13.0073699951,80.237197876,45165,45175,10
13.0074195862,80.2369918823,45175,45186,11
13.0074901581,80.236656189,45186,45196,10
13.0076198578,80.2359313965,45196,45206,10
13.0078001022,80.2350997925,45206,45216,10
13.0078201294,80.2350082397,45216,45226,10
13.0078697205,80.2347793579,45226,45236,10
13.0080299377,80.2341079712,45236,45246,10
13.0082397461,80.233039856,45246,45256,10
13.0084896088,80.2317199707,45256,45267,11
13.0087795258,80.2302017212,45267,45277,10
13.0090503693,80.2288284302,45277,45287,10
13.0094499588,80.2275619507,45287,45297,10
13.010020256,80.2263183594,45297,45307,10
13.0104904175,80.225440979,45307,45317,10
13.0107498169,80.224861145,45317,45327,10
13.0109996796,80.2241592407,45327,45337,10
13.0113096237,80.2233276367,45337,45348,11
13.0117397308,80.2234115601,45348,45358,10
13.0124502182,80.2237472534,45358,45368,10
13.0132198334,80.2241363525,45368,45378,10
13.0141496658,80.2246398926,45378,45388,10
13.0149402618,80.2250671387,45388,45398,10
13.0151596069,80.2251968384,45398,45408,10
13.0155897141,80.2252883911,45408,45418,10
13.0163202286,80.2253417969,45418,45428,10
13.0173597336,80.2249832153,45428,45439,11
13.0185804367,80.2244720459,45439,45449,10
13.0195398331,80.2243881226,45449,45499,50
13.0195398331,80.2243881226,45499,45509,10
13.019610405,80.2245178223,45509,45520,11
13.0199098587,80.2247161865,45520,45530,10
13.020359993,80.2250595093,45530,45540,10
13.0208902359,80.2254180908,45540,45550,10
13.0214004517,80.2258377075,45550,45560,10
13.0219602585,80.2262420654,45560,45570,10
13.0225696564,80.2267532349,45570,45580,10
13.0231599808,80.2272796631,45580,45590,10
13.0236501694,80.227722168,45590,45601,11
13.0242395401,80.2282867432,45601,45611,10
13.0244398117,80.2285385132,45611,45621,10
13.0243597031,80.2286529541,45621,45631,10
13.0240097046,80.2283096313,45631,45641,10
13.0236301422,80.2278671265,45641,45651,10
13.0231399536,80.2274017334,45651,45773,122
13.0231199265,80.2271728516,45773,46238,465
13.0231199265,80.2271728516,46238,46249,11
13.0229797363,80.2271194458,46249,46259,10
13.0227003098,80.2268676758,46259,46269,10
13.0225000381,80.2266998291,46269,46279,10
13.0221204758,80.2263717651,46279,46289,10
13.0215902328,80.2259292603,46289,46299,10
13.0209999084,80.225479126,46299,46309,10
13.0203199387,80.2250289917,46309,46319,10
13.0200595856,80.2248916626,46319,46330,11
13.0198402405,80.2247467041,46330,46340,10
13.0193004608,80.2245101929,46340,46350,10
13.0184898376,80.2246627808,46350,46360,10
13.0176000595,80.2250289917,46360,46370,10
13.016869545,80.2253265381,46370,46380,10
13.0159797668,80.2256622314,46380,46390,10
13.0151996613,80.2259597778,46390,46400,10
13.0144901276,80.2262573242,46400,46411,11
13.0144701004,80.2262802124,46411,46421,10
13.014289856,80.2263336182,46421,46431,10
13.0142698288,80.2263412476,46431,46441,10
13.0138702393,80.2264862061,46441,46451,10
13.0132303238,80.2267303467,46451,46461,10
13.012430191,80.2270584106,46461,46471,10
13.0115404129,80.2273864746,46471,46481,10
13.01060009,80.2277603149,46481,46492,11
13.0095500946,80.2282180786,46492,46502,10
13.0090904236,80.2289199829,46502,46512,10
13.0088796616,80.229850769,46512,46522,10
13.0086698532,80.2309112549,46522,46532,10
13.0084896088,80.2319564819,46532,46542,10
13.0083303452,80.233039856,46542,46552,10
13.0082597733,80.2335586548,46552,46562,10
13.0082197189,80.2336502075,46562,46573,11
13.0081100464,80.2341079712,46573,46583,10
13.0079402924,80.2348098755,46583,46593,10
13.0077600479,80.2356567383,46593,46603,10
13.0075798035,80.2366027832,46603,46613,10
13.0073795319,80.2376327515,46613,46623,10
13.0072097778,80.2386016846,46623,46633,10
13.0069198608,80.240020752,46633,46714,81
13.0069198608,80.240020752,46714,46724,10
13.0068502426,80.240562439,46724,46735,11
13.0068302155,80.2407073975,46735,46745,10
13.0068101883,80.2410812378,46745,46755,10
13.0067501068,80.2417831421,46755,46765,10
13.0067596436,80.2426834106,46765,46775,10
13.0067300797,80.2431335449,46775,46785,10
13.0066900253,80.2434768677,46785,46795,10
13.0066299438,80.244102478,46795,46805,10
13.0066404343,80.244720459,46805,46816,11
13.0066795349,80.2451477051,46816,46826,10
13.0066900253,80.2452163696,46826,46836,10
13.0067300797,80.2456207275,46836,46846,10
13.0067796707,80.2460632324,46846,46856,10
13.0067996979,80.246673584,46856,46866,10
13.0065402985,80.2472610474,46866,46876,10
13.0062704086,80.2473373413,46876,46886,10
13.0060396194,80.2473678589,46886,46897,11
13.0059204102,80.2473602295,46897,46907,10
13.0054597855,80.2473068237,46907,46917,10
13.0047702789,80.2473602295,46917,46927,10
13.0039196014,80.2474975586,46927,46937,10
13.0028600693,80.2476730347,46937,46947,10
13.0016899109,80.2479400635,46947,46957,10
13.0004396439,80.248260498,46957,46967,10
12.9991703033,80.2485809326,46967,46978,11
12.9978303909,80.248916626,46978,46988,10
12.9965600967,80.2492218018,46988,46998,10
12.9953403473,80.2495574951,46998,47008,10
12.9943599701,80.2498321533,47008,47018,10
12.993639946,80.2500305176,47018,47038,20
12.993639946,80.2500305176,47038,47048,10
12.9935302734,80.2500610352,47048,47059,11
12.9932804108,80.2501220703,47059,47069,10
12.9929304123,80.250213623,47069,47079,10
12.9927196503,80.2502365112,47079,47089,10
12.992389679,80.2503509521,47089,47099,10
12.9922399521,80.2503814697,47099,47109,10
12.9920196533,80.2504272461,47109,47119,10
12.9916000366,80.250541687,47119,47383,264
12.9916000366,80.250541687,47383,47393,10
12.9914999008,80.2505264282,47393,47403,10
12.9910898209,80.2506484985,47403,47413,10
12.9906997681,80.2507324219,47413,47423,10
12.9901199341,80.250831604,47423,47565,142
12.9901199341,80.250831604,47565,47575,10
12.9899301529,80.2509384155,47575,47585,10
12.989780426,80.2508773804,47585,47666,81
12.989689827,80.2507324219,47666,47788,122
12.989689827,80.2507324219,47788,47798,10
12.9893798828,80.2508163452,47798,47808,10
12.9890098572,80.2509689331,47808,47818,10
12.9887800217,80.2511062622,47818,47828,10
12.9883298874,80.2512512207,47828,47838,10
12.9879102707,80.2513580322,47838,47848,10
12.9873600006,80.2515182495,47848,47858,10
12.9868001938,80.251701355,47858,47869,11
12.9860401154,80.2518997192,47869,47879,10
12.9851198196,80.2521209717,47879,47889,10
12.984120369,80.2523880005,47889,47899,10
12.9831104279,80.2526092529,47899,47909,10
12.982170105,80.2526702881,47909,47919,10
12.9812698364,80.2526931763,47919,47929,10
12.9805498123,80.2527313232,47929,47939,10
12.9803600311,80.2527923584,47939,47950,11
12.9800901413,80.2528381348,47950,47960,10
12.9797496796,80.252746582,47960,47970,10
12.9791898727,80.2526702881,47970,47980,10
12.9785995483,80.2525405884,47980,47990,10
12.9782600403,80.2523269653,47990,48000,10
12.9776496887,80.2517929077,48000,48010,10
12.9766597748,80.2512817383,48010,48020,10
12.9755496979,80.2509231567,48020,48031,11
12.9742898941,80.250541687,48031,48041,10
12.9731702805,80.250213623,48041,48051,10
12.9719495773,80.2498931885,48051,48061,10
12.9710998535,80.249671936,48061,48071,10
12.9704303741,80.2494430542,48071,48081,10
12.9695301056,80.2490997314,48081,48091,10
12.9685001373,80.2487030029,48091,48101,10
12.9675598145,80.2483215332,48101,48111,10
12.9668102264,80.2479629517,48111,48122,11
12.9662599564,80.247718811,48122,48132,10
12.9655199051,80.247428894,48132,48142,10
12.9651403427,80.2472915649,48142,48152,10
12.9651002884,80.2472915649,48152,48162,10
12.9646902084,80.2471389771,48162,48172,10
12.9643602371,80.2470321655,48172,48182,10
12.964050293,80.2469177246,48182,48192,10
12.9637298584,80.2468032837,48192,48203,11
12.9630804062,80.2464675903,48203,48213,10
12.9621496201,80.2460174561,48213,48223,10
12.9610996246,80.2454910278,48223,48233,10
12.9601602554,80.2450790405,48233,48243,10
12.9593696594,80.2447509766,48243,48253,10
12.9589996338,80.2445907593,48253,48263,10
12.9583997726,80.2443313599,48263,48273,10
12.957690239,80.2440490723,48273,48284,11
12.956580162,80.2437362671,48284,48354,70
12.956580162,80.2437362671,48354,48365,11
12.9561796188,80.243637085,48365,48375,10
12.9556398392,80.243347168,48375,48385,10
12.9549102783,80.2429504395,48385,48395,10
12.9542503357,80.2426376343,48395,48405,10
12.9533395767,80.2422485352,48405,48415,10
12.9521303177,80.2417831421,48415,48425,10
12.9516096115,80.2416229248,48425,48435,10
12.9513998032,80.2415390015,48435,48446,11
12.950630188,80.2412719727,48446,48456,10
12.9496097565,80.2409820557,48456,48466,10
12.9485197067,80.240562439,48466,48476,10
12.9474697113,80.2401428223,48476,48486,10
12.9470996857,80.2399978638,48486,48496,10
12.9468402863,80.2398910522,48496,48506,10
12.946149826,80.2396011353,48506,48516,10
12.9452104568,80.2390823364,48516,48527,11
12.9442195892,80.2380371094,48527,48537,10
12.9433298111,80.2370529175,48537,48547,10
12.9423398972,80.2364578247,48547,48557,10
12.9409503937,80.2360992432,48557,48567,10
12.9398298264,80.2357788086,48567,48577,10
12.9397296906,80.2357406616,48577,48589,12
12.9394102097,80.2356033325,48589,48599,10
12.9385299683,80.2351608276,48599,48610,11
12.9373502731,80.2345733643,48610,48620,10
12.9362201691,80.2340316772,48620,48630,10
12.9358196259,80.2338409424,48630,48640,10
12.9355602264,80.2337112427,48640,48650,10
12.9348297119,80.2333679199,48650,48660,10
12.9338998795,80.2329483032,48660,48670,10
12.9335803986,80.2328033447,48670,48680,10
12.9328403473,80.2324829102,48680,48691,11
12.9316501617,80.2320785522,48691,48701,10
12.9303197861,80.2316436768,48701,48711,10
12.9292802811,80.2313995361,48711,48721,10
12.9286699295,80.231262207,48721,48731,10
12.9276199341,80.2311096191,48731,48741,10
12.9263000488,80.2309799194,48741,48751,10
12.9249095917,80.2308120728,48751,48761,10
12.9235601425,80.2306289673,48761,48772,11
12.9219503403,80.2303771973,48772,48782,10
12.9204502106,80.2301864624,48782,48792,10
12.9189500809,80.2300033569,48792,48802,10
12.9174604416,80.2298202515,48802,48812,10
12.9161195755,80.2296066284,48812,48822,10
12.9147195816,80.2294235229,48822,48832,10
12.9136800766,80.229309082,48832,48842,10
12.9135303497,80.2293014526,48842,48853,11
12.913359642,80.2292785645,48853,48863,10
12.9128799438,80.2292022705,48863,48873,10
12.9119901657,80.2290725708,48873,48883,10
12.9109096527,80.2288894653,48883,48893,10
12.9097003937,80.2286987305,48893,48903,10
12.908370018,80.2284927368,48903,48913,10
12.907500267,80.2283706665,48913,48923,10
12.9073495865,80.2283401489,48923,48934,11
12.9068403244,80.2283172607,48934,48994,60
12.9068403244,80.2283172607,48994,49004,10
12.9065504074,80.2283325195,49004,49015,11
12.9060001373,80.2282714844,49015,49025,10
12.9050102234,80.2282180786,49025,49035,10
12.9038095474,80.2281265259,49035,49045,10
12.9028396606,80.2280807495,49045,49055,10
12.9020395279,80.2280502319,49055,49065,10
12.9012498856,80.2280197144,49065,49075,10
12.9008798599,80.2279968262,49075,49085,10
12.9004402161,80.2279510498,49085,49095,10
12.8997402191,80.2279281616,49095,49106,11
12.8995399475,80.2279205322,49106,49116,10
12.8994998932,80.2279129028,49116,49126,10
12.8989896774,80.2278671265,49126,49136,10
12.8980903625,80.2278137207,49136,49146,10
12.8969497681,80.2277526855,49146,49156,10
12.8957004547,80.2276992798,49156,49166,10
12.8948001862,80.2276611328,49166,49176,10
12.8938798904,80.2276000977,49176,49187,11
12.8928003311,80.2274932861,49187,49197,10
12.8919401169,80.2274093628,49197,49207,10
12.8907804489,80.2273864746,49207,49217,10
12.88945961,80.2273864746,49217,49227,10
12.8881597519,80.2273406982,49227,49237,10
12.8867397308,80.227142334,49237,49247,10
12.885430336,80.2268295288,49247,49257,10
12.8848896027,80.2267684937,49257,49268,11
12.8845596313,80.2267532349,49268,49278,10
12.883769989,80.2267379761,49278,49288,10
12.8826799393,80.2267532349,49288,49298,10
12.8814201355,80.2267379761,49298,49308,10
12.8801898956,80.2267608643,49308,49318,10
12.8787498474,80.2267684937,49318,49328,10
12.8773202896,80.2268829346,49328,49338,10
12.8766098022,80.2269821167,49338,49349,11
12.8763599396,80.2269897461,49349,49359,10
12.8758401871,80.2269821167,49359,49369,10
12.8748598099,80.2268981934,49369,49379,10
12.8735904694,80.2267303467,49379,49389,10
12.8724298477,80.2266769409,49389,49399,10
12.8713703156,80.2266464233,49399,49409,10
12.8700704575,80.2265625,49409,49419,10
12.8685998917,80.2263870239,49419,49430,11
12.8668699265,80.2265014648,49430,49440,10
12.8652801514,80.2265701294,49440,49450,10
12.8636703491,80.2265396118,49450,49460,10
12.8621196747,80.2265625,49460,49470,10
12.8610801697,80.2266082764,49470,49480,10
12.8609199524,80.2266235352,49480,49490,10
12.8603897095,80.2265625,49490,49500,10
12.8594799042,80.2264175415,49500,49511,11
12.8581800461,80.2262573242,49511,49521,10
12.8567495346,80.2263183594,49521,49531,10
12.8551902771,80.2264633179,49531,49541,10
12.8535900116,80.2266235352,49541,49551,10
12.8519697189,80.2266235352,49551,49561,10
12.8503398895,80.2265701294,49561,49571,10
12.8493204117,80.2266082764,49571,49581,10
12.8491802216,80.2266082764,49581,49592,11
12.8485202789,80.2266082764,49592,49602,10
12.8475399017,80.2266235352,49602,49612,10
12.8463697433,80.2266082764,49612,49622,10
12.845410347,80.2266311646,49622,49632,10
12.8452596664,80.2266464233,49632,49642,10
12.8448200226,80.2266693115,49642,49652,10
12.8439702988,80.2267303467,49652,49662,10
12.8428602219,80.2269134521,49662,49673,11
12.8413696289,80.2272720337,49673,49683,10
12.8402700424,80.2276000977,49683,49693,10
12.8397598267,80.2278213501,49693,49703,10
12.8396100998,80.2278671265,49703,49713,10
12.8389196396,80.2279815674,49713,49723,10
12.8379898071,80.2281799316,49723,49733,10
12.8369197845,80.2283706665,49733,49743,10
12.8357200623,80.228553772,49743,49753,10
12.8343601227,80.228767395,49753,49764,11
12.8327903748,80.2290420532,49764,49774,10
12.8317298889,80.2292175293,49774,49784,10
12.8315401077,80.2288665771,49784,49804,20
12.8315401077,80.2288665771,49804,49814,10
12.831489563,80.2284698486,49814,49824,10
12.8313398361,80.227722168,49824,49834,10
12.8311300278,80.2267074585,49834,49845,11
12.8310499191,80.2253112793,49845,49855,10
12.8310499191,80.2247161865,49855,49865,10
12.8310499191,80.2242126465,49865,49875,10
12.8310804367,80.2232589722,49875,49885,10
12.8310699463,80.222328186,49885,49895,10
12.8310699463,80.222038269,49895,49905,10
12.8311004639,80.2213363647,49905,49915,10
12.8311100006,80.2202987671,49915,49926,11
12.8311004639,80.2196807861,49926,49936,10
12.8306503296,80.2194824219,49936,49946,10
12.8296804428,80.2194595337,49946,49956,10
12.8284301758,80.2194595337,49956,49966,10
12.8274803162,80.2194824219,49966,49996,30
12.8274803162,80.2194824219,49996,50007,11
12.8271999359,80.2194366455,50007,50017,10
12.8264198303,80.2194366455,50017,50027,10
12.8260297775,80.2194213867,50027,50037,10
12.8258399963,80.2193374634,50037,50047,10
12.8258399963,80.2192611694,50047,50057,10
12.8258600235,80.219078064,50057,50066,9
12.8258600235,80.2183303833,50066,50077,11
12.8258800507,80.2171020508,50077,50088,11
12.825799942,80.2160568237,50088,50098,10
12.8254499435,80.2160110474,50098,50108,10
12.8248996735,80.2159805298,50108,52447,2339
12.8248996735,80.2159805298,52447,52457,10
12.8245601654,80.2160186768,52457,52467,10
12.8241796494,80.216003418,52467,52477,10
12.8237104416,80.216003418,52477,52487,10
12.8231897354,80.2159881592,52487,52497,10
12.8228302002,80.216003418,52497,52507,10
12.8226604462,80.2161712646,52507,52517,10
12.8226699829,80.2167282104,52517,52528,11
12.8226804733,80.2173309326,52528,52538,10
12.8226804733,80.2179870605,52538,52548,10
12.8226804733,80.2186203003,52548,52558,10
12.8226900101,80.2191314697,52558,52568,10
12.8228197098,80.2193603516,52568,52578,10
12.8234100342,80.2194137573,52578,52588,10
12.8241300583,80.2194213867,52588,52598,10
12.8248195648,80.2193984985,52598,52609,11
12.8253698349,80.2194519043,52609,52619,10
12.8254804611,80.2194671631,52619,52629,10
12.8255596161,80.2194900513,52629,52639,10
12.8260002136,80.2194595337,52639,52649,10
12.8266201019,80.2194290161,52649,52659,10
12.8274803162,80.2193984985,52659,52679,20
12.8275604248,80.2193984985,52679,52700,21
12.8275604248,80.2193984985,52700,52710,10
12.827750206,80.2193984985,52710,52720,10
12.82791996,80.219367981,52720,52730,10
12.8282299042,80.2194366455,52730,52739,9
12.8291301727,80.2194366455,52739,52750,11
12.8301801682,80.2194366455,52750,52760,10
12.8308601379,80.2194366455,52760,52770,10
12.8311595917,80.219619751,52770,52781,11
12.8311901093,80.2204437256,52781,52791,10
12.8311796188,80.2213363647,52791,52801,10
12.8311700821,80.2220611572,52801,52811,10
12.8311595917,80.2222366333,52811,52821,10
12.8311595917,80.2223968506,52821,52831,10
12.8311595917,80.2229003906,52831,52841,10
12.8311595917,80.2237167358,52841,52851,10
12.8311500549,80.2245407104,52851,52862,11
12.8311395645,80.224899292,52862,52872,10
12.8311300278,80.2256011963,52872,52882,10
12.8311700821,80.2265319824,52882,52892,10
12.8313703537,80.2275314331,52892,52902,10
12.831700325,80.2291030884,52902,52922,20
12.831700325,80.2291030884,52922,52932,10
12.8318395615,80.2291793823,52932,52943,11
12.8324403763,80.2290420532,52943,52953,10
12.8332901001,80.2288818359,52953,52963,10
12.8343095779,80.2286987305,52963,52973,10
12.8353700638,80.2285232544,52973,52983,10
12.8364696503,80.2283477783,52983,52993,10
12.8375196457,80.2281723022,52993,53003,10
12.83852005,80.2279663086,53003,53013,10
12.8391599655,80.2277832031,53013,53024,11
12.8394804001,80.2276916504,53024,53034,10
12.8397903442,80.2276229858,53034,53044,10
12.8404598236,80.2274398804,53044,53054,10
12.8413600922,80.2271881104,53054,53064,10
12.8422603607,80.2269668579,53064,53074,10
12.8430404663,80.2268066406,53074,53084,10
12.8438997269,80.2266464233,53084,53094,10
12.8449401855,80.2265625,53094,53105,11
12.8453998566,80.2265319824,53105,53115,10
12.8455400467,80.2265167236,53115,53125,10
12.8456802368,80.2265090942,53125,53135,10
12.8457403183,80.2265014648,53135,53145,10
12.8459796906,80.2265090942,53145,53155,10
12.846449852,80.2265319824,53155,53165,10
12.8472604752,80.2265319824,53165,53175,10
12.8483200073,80.2265167236,53175,53186,11
12.8495597839,80.2265014648,53186,53196,10
12.8500900269,80.2264785767,53196,53206,10
12.8502998352,80.2264785767,53206,53216,10
12.8509597778,80.2265090942,53216,53226,10
12.8518400192,80.2265625,53226,53236,10
12.8529396057,80.2266311646,53236,53246,10
12.8541297913,80.2265396118,53246,53256,10
12.8553600311,80.2264022827,53256,53267,11
12.8567800522,80.2262496948,53267,53277,10
12.858039856,80.2261734009,53277,53287,10
12.8592195511,80.2262802124,53287,53297,10
12.8602800369,80.2264328003,53297,53307,10
12.8606395721,80.2264709473,53307,53317,10
12.8606901169,80.2264709473,53317,53327,10
12.8611402512,80.2265167236,53327,53337,10
12.8620100021,80.2265090942,53337,53347,10
12.8630695343,80.2264709473,53347,53358,11
12.8644504547,80.2265167236,53358,53368,10
12.8657798767,80.2265396118,53368,53378,10
12.8671197891,80.2264404297,53378,53388,10
12.868519783,80.2263412476,53388,53398,10
12.8698596954,80.2264633179,53398,53408,10
12.8709802628,80.2265472412,53408,53418,10
12.8720397949,80.2265777588,53418,53428,10
12.8726301193,80.2265701294,53428,53439,11
12.8727397919,80.2265777588,53439,53449,10
12.8731298447,80.2266082764,53449,53459,10
12.8739299774,80.2266616821,53459,53469,10
12.8749504089,80.2267913818,53469,53479,10
12.8759498596,80.2268600464,53479,53489,10
12.8765201569,80.2268371582,53489,53499,10
12.876660347,80.2268295288,53499,53509,10
12.8770198822,80.2268295288,53509,53520,11
12.8779602051,80.2267837524,53520,53530,10
12.8790998459,80.2267074585,53530,53540,10
12.8804397583,80.2266769409,53540,53550,10
12.8818902969,80.2266693115,53550,53560,10
12.8833198547,80.2266464233,53560,53570,10
12.884519577,80.2266387939,53570,53580,10
12.8851003647,80.2266464233,53580,53590,10
12.8855600357,80.2267379761,53590,53601,11
12.8863801956,80.2269592285,53601,53611,10
12.8873195648,80.2271575928,53611,53621,10
12.8884801865,80.2272796631,53621,53631,10
12.8898200989,80.2273025513,53631,53641,10
12.8909702301,80.2273025513,53641,53651,10
12.8925304413,80.2273330688,53651,53661,10
12.8936300278,80.2274627686,53661,53671,10
12.894900322,80.2275619507,53671,53682,11
12.8961896896,80.2276077271,53682,53692,10
12.8975496292,80.2276611328,53692,53702,10
12.898900032,80.2277374268,53702,53712,10
12.899939537,80.2277832031,53712,53722,10
12.9006795883,80.2277908325,53722,53732,10
12.9011898041,80.2278594971,53732,53742,10
12.9014501572,80.2278823853,53742,53752,10
12.9026002884,80.2279281616,53752,53773,21
12.9026002884,80.2279281616,53773,53783,10
12.9028100967,80.2279281616,53783,53793,10
12.9034404755,80.2279815674,53793,53803,10
12.9043502808,80.2280197144,53803,53813,10
12.9054403305,80.2280883789,53813,53823,10
12.9064598083,80.2281265259,53823,53874,51
12.9064598083,80.2281265259,53874,53884,10
12.9066400528,80.2281417847,53884,53894,10
12.9069795609,80.2281723022,53894,53904,10
12.9071397781,80.2282028198,53904,53914,10
12.9076700211,80.2282791138,53914,53925,11
12.9088497162,80.2284622192,53925,53935,10
12.910030365,80.2286529541,53935,53945,10
12.9112997055,80.2288513184,53945,53955,10
12.9126195908,80.2290420532,53955,53965,10
12.9137096405,80.2291870117,53965,53975,10
12.9139404297,80.2292175293,53975,53985,10
12.9139995575,80.2292175293,53985,53995,10
12.9144296646,80.229309082,53995,54006,11
12.9153404236,80.2294311523,54006,54016,10
12.9164600372,80.2295913696,54016,54026,10
12.9176597595,80.2297515869,54026,54036,10
12.9188203812,80.2298965454,54036,54046,10
12.9200296402,80.2300415039,54046,54056,10
12.9211196899,80.230178833,54056,54066,10
12.9223804474,80.2303695679,54066,54076,10
12.9237003326,80.2305679321,54076,54086,10
12.9250297546,80.2307434082,54086,54097,11
12.926320076,80.2308731079,54097,54107,10
12.9266700745,80.2309112549,54107,54117,10
12.9269399643,80.2309494019,54117,54127,10
12.9276599884,80.2310409546,54127,54137,10
12.9285497665,80.2312011719,54137,54147,10
12.9289302826,80.231262207,54147,54157,10
12.9296703339,80.2314224243,54157,54167,10
12.9307098389,80.2316818237,54167,54178,11
12.9321203232,80.2321090698,54178,54188,10
12.933380127,80.2325363159,54188,54198,10
12.9336900711,80.2326889038,54198,54208,10
12.9337596893,80.232749939,54208,54218,10
12.9341802597,80.2329483032,54218,54228,10
12.934920311,80.2332992554,54228,54238,10
12.9356002808,80.2335968018,54238,54248,10
12.9361400604,80.2338790894,54248,54259,11
12.9369401932,80.2342681885,54259,54269,10
12.9378004074,80.2346725464,54269,54279,10
12.9388103485,80.235168457,54279,54289,10
12.9396800995,80.2356185913,54289,54299,10
12.9397497177,80.2356567383,54299,54309,10
12.9399995804,80.2357635498,54309,54319,10
12.9406404495,80.2359390259,54319,54329,10
12.9415397644,80.2361602783,54329,54340,11
12.94272995,80.2365570068,54340,54350,10
12.9437198639,80.2373886108,54350,54360,10
12.9446802139,80.2384109497,54360,54370,10
12.9457597733,80.2393188477,54370,54380,10
12.9469203949,80.2397994995,54380,54390,10
12.9473199844,80.2399597168,54390,54400,10
12.9475402832,80.2400512695,54400,54410,10
12.9481401443,80.2403106689,54410,54421,11
12.9487400055,80.2405471802,54421,54441,20
12.9487400055,80.2405471802,54441,54451,10
12.948849678,80.2406005859,54451,54461,10
12.9492998123,80.2408218384,54461,54471,10
12.9499998093,80.241027832,54471,54481,10
12.9507799149,80.2412490845,54481,54491,10
12.9510402679,80.241317749,54491,54502,11
12.9513597488,80.2414169312,54502,54512,10
12.9519901276,80.2416610718,54512,54522,10
12.9528303146,80.2419586182,54522,54532,10
12.9536399841,80.2422714233,54532,54542,10
12.9543199539,80.2425537109,54542,54552,10
12.9550600052,80.2428436279,54552,54562,10
12.9558801651,80.2431106567,54562,54572,10
12.9564695358,80.2433166504,54572,54583,11
12.9570102692,80.243598938,54583,54593,10
12.9577903748,80.2439575195,54593,54603,10
12.9584999084,80.2442626953,54603,54613,10
12.9588499069,80.2444000244,54613,54623,10
12.9590501785,80.2444992065,54623,54633,10
12.95952034,80.2447280884,54633,54643,10
12.9603099823,80.2450866699,54643,54653,10
12.9613199234,80.2455596924,54653,54664,11
12.9623804092,80.2460708618,54664,54674,10
12.9626102448,80.2461776733,54674,54684,10
12.9626998901,80.2462310791,54684,54694,10
12.96296978,80.246383667,54694,54704,10
12.9633598328,80.2465591431,54704,54714,10
12.9638004303,80.2467575073,54714,54724,10
12.9642601013,80.246963501,54724,54734,10
12.9649200439,80.2472000122,54734,54745,11
12.9657297134,80.2474594116,54745,54755,10
12.9666500092,80.2478179932,54755,54805,50
12.9666500092,80.2478179932,54805,54815,10
12.9670600891,80.2480697632,54815,54826,11
12.9680099487,80.2484817505,54826,54836,10
12.9691400528,80.2489395142,54836,54846,10
12.9704399109,80.249458313,54846,54856,10
12.9718799591,80.2498703003,54856,54866,10
12.9730195999,80.2501678467,54866,54876,10
12.9734601974,80.250289917,54876,54886,10
12.9738197327,80.2503814697,54886,54896,10
12.9742002487,80.2504806519,54896,54906,10
12.9749603271,80.2506790161,54906,54917,11
12.9761295319,80.2509994507,54917,54927,10
12.9773197174,80.251411438,54927,54937,10
12.9785604477,80.2523269653,54937,54957,20
12.9785604477,80.2523269653,54957,54967,10
12.9786901474,80.2524185181,54967,54977,10
12.9792604446,80.2525634766,54977,54987,10
12.9801397324,80.2526092529,54987,54998,11
12.9810400009,80.2525787354,54998,55008,10
12.9819202423,80.2525634766,55008,55018,10
12.982629776,80.2525100708,55018,55028,10
12.9828596115,80.2524795532,55028,55038,10
12.9834403992,80.2524185181,55038,55048,10
12.984629631,80.2520828247,55048,55170,122
12.984629631,80.2520828247,55170,55180,10
12.9849395752,80.2521209717,55180,55190,10
12.9851903915,80.2520294189,55190,55200,10
12.9854297638,80.251953125,55200,55210,10
12.985619545,80.2519836426,55210,55220,10
12.9863004684,80.251739502,55220,55311,91
12.9866399765,80.2516021729,55311,55332,21
12.9866399765,80.2516021729,55332,55342,10
12.9866800308,80.2516021729,55342,55352,10
12.9870595932,80.2514877319,55352,55362,10
12.9874696732,80.2513580322,55362,55372,10
12.9877901077,80.2512969971,55372,55382,10
12.9883403778,80.2511520386,55382,55392,10
12.9892196655,80.2509002686,55392,55403,11
12.9894304276,80.2508621216,55403,55413,10
12.9896297455,80.2508392334,55413,55423,10
12.9902896881,80.2507324219,55423,55433,10
12.9912595749,80.2504806519,55433,55443,10
12.9924497604,80.2501831055,55443,55453,10
12.9938097,80.2498016357,55453,55463,10
12.9952001572,80.2494430542,55463,55473,10
12.9968299866,80.2492599487,55473,55484,11
12.998459816,80.2487487793,55484,55494,10
12.9999704361,80.248336792,55494,55504,10
13.001449585,80.2479324341,55504,55514,10
13.0028800964,80.2475662231,55514,55524,10
13.004240036,80.2473373413,55524,55534,10
13.0054302216,80.2471313477,55534,55544,10
13.006480217,80.2464675903,55544,55565,21
13.006480217,80.2464675903,55565,55575,10
13.0065603256,80.2460784912,55575,55585,10
13.0066099167,80.2453536987,55585,55595,10
13.0066099167,80.244430542,55595,55605,10
13.0065698624,80.2433624268,55605,55615,10
13.0066099167,80.2424087524,55615,55625,10
13.0066204071,80.2414321899,55625,55635,10
13.0067501068,80.2404785156,55635,55646,11
13.0069599152,80.2393493652,55646,55656,10
13.0071201324,80.2384414673,55656,55666,10
13.0071802139,80.2379608154,55666,55676,10
13.0072898865,80.2374725342,55676,55686,10
13.007349968,80.2370071411,55686,55696,10
13.0073795319,80.2368621826,55696,55706,10
13.0074901581,80.2363815308,55706,55716,10
13.0078601837,80.2345962524,55716,55727,11
13.0078601837,80.2345962524,55727,55737,10
13.0080900192,80.2334594727,55737,55747,10
13.0083503723,80.232093811,55747,55757,10
13.0086202621,80.2306594849,55757,55767,10
13.0088996887,80.2292633057,55767,55777,10
13.0092201233,80.2279434204,55777,55788,11
13.009759903,80.2267303467,55788,55799,11
13.0102996826,80.2257232666,55799,55810,11
13.0106201172,80.2251205444,55810,55820,10
13.0108499527,80.2246780396,55820,55830,10
13.011179924,80.2242279053,55830,55841,11
13.0114603043,80.2236022949,55841,55850,9
13.0119800568,80.2236633301,55850,55861,11
13.0129899979,80.2239685059,55861,55871,10
13.0139799118,80.2245483398,55871,55881,10
13.0151100159,80.2251586914,55881,55902,21
13.0151100159,80.2251586914,55902,55912,10
13.015250206,80.2253265381,55912,55922,10
13.0156202316,80.2253112793,55922,55932,10
13.0162296295,80.2253570557,55932,55942,10
13.0169401169,80.2251281738,55942,55952,10
13.0177297592,80.2248001099,55952,55962,10
13.0185604095,80.2244567871,55962,55973,11
13.0194597244,80.2243270874,55973,56013,40
13.0194597244,80.2243270874,56013,56023,10
13.0195999146,80.2245178223,56023,56033,10
13.0197896957,80.2246398926,56033,56043,10
13.0202198029,80.2249526978,56043,56054,11
13.0209503174,80.2254714966,56054,56064,10
13.0215797424,80.2259368896,56064,56074,10
13.0221204758,80.2263793945,56074,56084,10
13.0228300095,80.2269973755,56084,56094,10
13.0235204697,80.2276000977,56094,56104,10
13.0242395401,80.2282867432,56104,56135,31
13.0243597031,80.2284393311,56135,56175,40
13.0243597031,80.2284393311,56175,56185,10
13.0243597031,80.2286682129,56185,56195,10
13.0240402222,80.2284393311,56195,56205,10
13.0236597061,80.2279586792,56205,56216,11
13.0233201981,80.2276382446,56216,56965,749
13.0233201981,80.2276382446,56965,56975,10
13.0231399536,80.2273025513,56975,56985,10
13.0227499008,80.2269592285,56985,56995,10
13.022359848,80.2265777588,56995,57005,10
13.021780014,80.2261123657,57005,57015,10
13.0211696625,80.2256622314,57015,57026,11
13.0205898285,80.2252197266,57026,57036,10
13.0202302933,80.2249832153,57036,57046,10
13.0199804306,80.2248077393,57046,57056,10
13.0194396973,80.2244873047,57056,57066,10
13.0185604095,80.2245330811,57066,57076,10
13.0175199509,80.2249603271,57076,57086,10
13.0167198181,80.2253112793,57086,57096,10
13.0162601471,80.2255172729,57096,57107,11
13.0157003403,80.2257080078,57107,57117,10
13.0150604248,80.2259902954,57117,57127,10
13.0146198273,80.2261734009,57127,57137,10
13.0145998001,80.2261810303,57137,57147,10
13.0143203735,80.226272583,57147,57157,10
13.0140695572,80.2263793945,57157,57167,10
13.0136098862,80.2265701294,57167,57177,10
13.0128698349,80.226852417,57177,57187,10
13.011879921,80.2272491455,57187,57198,11
13.0108995438,80.2276306152,57198,57208,10
13.0098600388,80.2280502319,57208,57218,10
13.0090904236,80.2286987305,57218,57228,10
13.0088596344,80.2298736572,57228,57238,10
13.0086402893,80.2311172485,57238,57248,10
13.0083904266,80.2323608398,57248,57258,10
13.0082397461,80.2333984375,57258,57268,10
13.0082101822,80.2336730957,57268,57279,11
13.0081396103,80.2339782715,57279,57289,10
13.0080299377,80.2345504761,57289,57299,10
13.0078897476,80.2352371216,57299,57309,10
13.0077295303,80.236000061,57309,57319,10
13.0075597763,80.2369384766,57319,57329,10
13.0073299408,80.2379608154,57329,57339,10
13.0071897507,80.2389068604,57339,57349,10
13.0069503784,80.2398986816,57349,57380,31
13.0069503784,80.2398986816,57380,57390,10
13.0069103241,80.240196228,57390,57400,10
13.0068702698,80.2405700684,57400,57410,10
13.0067796707,80.2409133911,57410,57420,10
13.0067596436,80.2416000366,57420,57430,10
13.0067396164,80.2426681519,57430,57441,11
13.0067300797,80.2438430786,57441,57451,10
13.0067901611,80.2448577881,57451,57461,10
13.0067996979,80.2459411621,57461,57471,10
13.0068502426,80.2466430664,57471,57481,10
13.0067501068,80.2473220825,57481,57491,10
13.0062103271,80.247428894,57491,57511,20
13.0062103271,80.247428894,57511,57522,11
13.0059995651,80.2473983765,57522,57532,10
13.0054597855,80.2473297119,57532,57542,10
13.0045499802,80.2473678589,57542,57552,10
13.0034198761,80.247543335,57552,57562,10
13.0022001266,80.2477798462,57562,57572,10
13.000869751,80.2481079102,57572,57582,10
12.9995498657,80.2484588623,57582,57592,10
12.9983596802,80.2487716675,57592,57603,11
12.9969301224,80.2491226196,57603,57613,10
12.9955301285,80.2494888306,57613,57623,10
12.9941797256,80.2498626709,57623,57633,10
12.9928798676,80.2501678467,57633,57643,10
12.9917201996,80.2504806519,57643,57653,10
12.9911203384,80.2506484985,57653,57663,10
12.9908704758,80.2507095337,57663,57673,10
12.9899597168,80.2509231567,57673,57704,31
12.9899597168,80.2509231567,57704,57714,10
12.9898004532,80.2509231567,57714,57724,10
12.9892702103,80.2510375977,57724,57734,10
12.9887399673,80.2511901855,57734,57744,10
12.9879798889,80.2513809204,57744,58089,345
12.9879798889,80.2513809204,58089,58099,10
12.9876699448,80.251411438,58099,58109,10
12.9871196747,80.2515792847,58109,58119,10
12.9864196777,80.2517700195,58119,58129,10
12.9856395721,80.2519683838,58129,58139,10
12.9846897125,80.252243042,58139,58149,10
12.9836702347,80.2525024414,58149,58159,10
12.9826402664,80.2526473999,58159,58169,10
12.9816198349,80.2526779175,58169,58180,11
12.9805803299,80.2527084351,58180,58190,10
12.97976017,80.2527008057,58190,58200,10
12.9784803391,80.2525100708,58200,58220,20
12.9784803391,80.2525100708,58220,58230,10
12.9781503677,80.2522735596,58230,58240,10
12.9774999619,80.2516784668,58240,58250,10
12.9764900208,80.2512130737,58250,58261,11
12.9751195908,80.2508163452,58261,58271,10
12.9739303589,80.25050354,58271,58281,10
12.9727497101,80.2501831055,58281,58291,10
12.9716300964,80.2498779297,58291,58301,10
12.9704504013,80.2495574951,58301,58311,10
12.969329834,80.2491226196,58311,58321,10
12.9681797028,80.2486724854,58321,58331,10
12.9672203064,80.2482833862,58331,58342,11
12.9664697647,80.2479324341,58342,58352,10
12.9658203125,80.2476577759,58352,58362,10
12.9651699066,80.2474136353,58362,58372,10
12.9651002884,80.2473831177,58372,58382,10
12.964969635,80.2473602295,58382,58392,10
12.9644603729,80.2471694946,58392,58402,10
12.9636497498,80.2468566895,58402,58412,10
12.9627103806,80.246383667,58412,58423,11
12.9615697861,80.2458190918,58423,58433,10
12.9604997635,80.2453079224,58433,58443,10
12.9593601227,80.2448272705,58443,58463,20
12.9593601227,80.2448272705,58463,58473,10
12.9589796066,80.2446517944,58473,58483,10
12.958319664,80.2443695068,58483,58493,10
12.9575796127,80.2440719604,58493,58504,11
12.9565296173,80.2437362671,58504,58554,50
12.9563503265,80.2436523438,58554,58595,41
12.9563503265,80.2436523438,58595,58605,10
12.9564399719,80.2437820435,58605,58615,10
12.9563302994,80.2437133789,58615,58625,10
12.9558401108,80.2434234619,58625,58635,10
12.9550600052,80.2430267334,58635,58645,10
12.954079628,80.2426071167,58645,58655,10
12.9531002045,80.2421875,58655,58666,11
12.9519701004,80.2417602539,58666,58676,10
12.9516601563,80.2416610718,58676,58686,10
12.9514703751,80.2416000366,58686,58696,10
12.9508304596,80.2413864136,58696,58706,10
12.9499101639,80.2410888672,58706,58716,10
12.9492197037,80.240852356,58716,58726,10
12.9488697052,80.2407302856,58726,58736,10
12.9481296539,80.2404174805,58736,58747,11
12.9469995499,80.239982605,58747,58757,10
12.9463300705,80.2397079468,58757,58767,10
12.9457902908,80.2394790649,58767,58777,10
12.9456701279,80.2394180298,58777,58787,10
12.9451599121,80.239112854,58787,58797,10
12.9444599152,80.2384033203,58797,58807,10
12.9435997009,80.2374801636,58807,58817,10
12.9425096512,80.2365875244,58817,58828,11
12.9412298203,80.2362136841,58828,58838,10
12.9397802353,80.2358016968,58838,58858,20
12.9397802353,80.2358016968,58858,58868,10
12.9395599365,80.2357025146,58868,58878,10
12.9389600754,80.2354202271,58878,58888,10
12.938170433,80.2350234985,58888,58898,10
12.9372596741,80.2345733643,58898,58909,11
12.9361896515,80.2340621948,58909,58919,10
12.9354000092,80.2336807251,58919,58929,10
12.9344997406,80.2332763672,58929,58939,10
12.9338903427,80.2330169678,58939,58949,10
12.933839798,80.2329864502,58949,58959,10
12.9335803986,80.2328720093,58959,58969,10
12.9329996109,80.2326126099,58969,58979,10
12.9322004318,80.2323074341,58979,58990,11
12.931139946,80.2319488525,58990,59000,10
12.9300403595,80.2316207886,59000,59010,10
12.9290895462,80.2313995361,59010,59020,10
12.928730011,80.231338501,59020,59030,10
12.9282398224,80.2312469482,59030,59040,10
12.9273996353,80.2311477661,59040,59050,10
12.9263801575,80.2310333252,59050,59059,9
12.9258499146,80.2309799194,59059,59070,11
12.925069809,80.2308883667,59070,59081,11
12.9236001968,80.2307128906,59081,59091,10
12.9222898483,80.2305221558,59091,59101,10
12.920999527,80.2303085327,59101,59111,10
12.9195804596,80.2301177979,59111,59121,10
12.9182100296,80.2299423218,59121,59131,10
12.9170703888,80.2297973633,59131,59141,10
12.9157896042,80.2295913696,59141,59151,10
12.914440155,80.2294006348,59151,59162,11
12.9134502411,80.229309082,59162,59172,10
12.9133501053,80.2292861938,59172,59182,10
12.9129600525,80.2292404175,59182,59192,10
12.9121599197,80.2291183472,59192,59202,10
12.9111003876,80.2289581299,59202,59212,10
12.9098596573,80.228767395,59212,59222,10
12.9085903168,80.2285614014,59222,59232,10
12.907500267,80.2284011841,59232,59243,11
12.9064903259,80.2282867432,59243,59253,10
12.9063396454,80.2282791138,59253,59263,10
12.9060401917,80.2282485962,59263,59273,10
12.9054603577,80.2282028198,59273,59283,10
12.9042901993,80.2281265259,59283,59293,10
12.9031400681,80.2280578613,59293,59303,10
12.9020204544,80.2279891968,59303,59313,10
12.9014997482,80.2279815674,59313,59364,51
12.9014997482,80.2279815674,59364,59374,10
12.9012098312,80.2279434204,59374,59384,10
12.9009599686,80.2279434204,59384,59394,10
12.9005002975,80.2279129028,59394,59405,11
12.8993797302,80.2278823853,59405,59425,20
12.8993797302,80.2278823853,59425,59435,10
12.8990802765,80.2278823853,59435,59445,10
12.8984603882,80.2278366089,59445,59455,10
12.8975496292,80.2277984619,59455,59465,10
12.8964595795,80.2277526855,59465,59475,10
12.89523983,80.2277069092,59475,59486,11
12.8938798904,80.2276229858,59486,59496,10
12.8926401138,80.2274627686,59496,59506,10
12.8914203644,80.2273712158,59506,59516,10
12.8900203705,80.2273635864,59516,59526,10
12.8885803223,80.2273635864,59526,59536,10
12.887140274,80.2272109985,59536,59546,10
12.8858003616,80.2269210815,59546,59556,10
12.884929657,80.2267837524,59556,59567,11
12.8848104477,80.2267684937,59567,59577,10
12.884759903,80.2267608643,59577,59587,10
12.8842601776,80.2267532349,59587,59597,10
12.8833398819,80.2267608643,59597,59607,10
12.8821401596,80.2267608643,59607,59617,10
12.8807401657,80.2267608643,59617,59627,10
12.8792600632,80.2267684937,59627,59637,10
12.8777999878,80.2268600464,59637,59648,11
12.8766098022,80.2269973755,59648,59658,10
12.87637043,80.2270202637,59658,59668,10
12.8760595322,80.2270202637,59668,59678,10
12.8753900528,80.2269821167,59678,59688,10
12.874420166,80.2268600464,59688,59698,10
12.8732700348,80.2267532349,59698,59708,10
12.8726596832,80.2267532349,59708,59718,10
12.8725795746,80.2267608643,59718,59729,11
12.8719902039,80.2267379761,59729,59739,10
12.8710298538,80.2266998291,59739,59749,10
12.8698501587,80.226600647,59749,59759,10
12.8684797287,80.2264404297,59759,59769,10
12.8669996262,80.2265319824,59769,59779,10
12.8659000397,80.2266082764,59779,59789,10
12.8641195297,80.2265777588,59789,59799,10
12.8625602722,80.2265625,59799,59810,11
12.8611097336,80.2266464233,59810,59820,10
12.8609600067,80.2266616821,59820,59830,10
12.860830307,80.2266387939,59830,59840,10
12.860329628,80.2265777588,59840,59850,10
12.859459877,80.2264633179,59850,59860,10
12.8587703705,80.2263565063,59860,59870,10
12.8584098816,80.2263183594,59870,59880,10
12.8575801849,80.22631073,59880,59890,10
12.8564796448,80.2264099121,59890,59901,11
12.8550300598,80.2265701294,59901,59911,10
12.8535404205,80.2267227173,59911,59921,10
12.8521003723,80.2267303467,59921,59931,10
12.8508901596,80.2266769409,59931,59941,10
12.8500299454,80.2266616821,59941,59951,10
12.8498697281,80.2266616821,59951,59961,10
12.849240303,80.2266387939,59961,59971,10
12.8482599258,80.2266387939,59971,59982,11
12.8468599319,80.2266387939,59982,59992,10
12.8453702927,80.2266616821,59992,60012,20
12.8453702927,80.2266616821,60012,60022,10
12.845199585,80.2266693115,60022,60032,10
12.8445100784,80.2267227173,60032,60042,10
12.8434696198,80.2268295288,60042,60052,10
12.8421497345,80.2270812988,60052,60063,11
12.8407402039,80.2274475098,60063,60073,10
12.8396902084,80.2277832031,60073,60103,30
12.8396902084,80.2277832031,60103,60113,10
12.8394002914,80.2278518677,60113,60123,10
12.8385801315,80.2280197144,60123,60133,10
12.837439537,80.2282485962,60133,60144,11
12.8358697891,80.2284927368,60144,60154,10
12.8343000412,80.2287521362,60154,60164,10
12.8327999115,80.2290267944,60164,60174,10
12.8318395615,80.2292327881,60174,60184,10
12.8315601349,80.2290725708,60184,60194,10
12.8315696716,80.2290496826,60194,60204,10
12.8315401077,80.2287826538,60204,60214,10
12.8313903809,80.2280502319,60214,60225,11
12.8311395645,80.2268371582,60225,60235,10
12.8310403824,80.2255706787,60235,60245,10
12.8310604095,80.2247619629,60245,60255,10
12.8310699463,80.2243804932,60255,60265,10
12.8310804367,80.2236404419,60265,60275,10
12.8310699463,80.2226028442,60275,60285,10
12.8310699463,80.2221832275,60285,60295,10
12.8310699463,80.2217330933,60295,60306,11
12.8310804367,80.2207336426,60306,60316,10
12.8310899734,80.2202987671,60316,60326,10
12.8311004639,80.2198028564,60326,60336,10
12.8310003281,80.2195205688,60336,60346,10
12.8303403854,80.2194824219,60346,60356,10
12.8293304443,80.2194900513,60356,60366,10
12.8281803131,80.2194976807,60366,60376,10
12.827580452,80.2195129395,60376,60387,11
12.8272800446,80.2195205688,60387,60397,10
12.8264799118,80.2195129395,60397,60407,10
12.8260202408,80.2194976807,60407,60417,10
12.8258495331,80.2192230225,60417,60427,10
12.8258600235,80.2187728882,60427,60437,10
12.8258800507,80.2177810669,60437,60447,10
12.8258800507,80.2166595459,60447,60457,10
12.8256797791,80.2160110474,60457,60468,11
12.8248300552,80.2160110474,60468,61228,760
12.8248300552,80.2160110474,61228,61238,10
12.8245697021,80.2160110474,61238,61248,10
12.8242902756,80.2160186768,61248,61258,10
12.823800087,80.216003418,61258,61268,10
12.8231401443,80.216003418,61268,61279,11
12.8228197098,80.2160186768,61279,61289,10
12.8226604462,80.2160873413,61289,61299,10
12.8226499557,80.2165603638,61299,61309,10
12.8226604462,80.2172698975,61309,61319,10
12.8226499557,80.2180862427,61319,61329,10
12.8226604462,80.2188568115,61329,61339,10
12.8226604462,80.2192764282,61339,61349,10
12.8227396011,80.2194366455,61349,61360,11
12.8229503632,80.2194519043,61360,61370,10
12.8234796524,80.2194595337,61370,61380,10
12.8241796494,80.2194519043,61380,61390,10
12.8249197006,80.2194595337,61390,61400,10
12.8254804611,80.2194595337,61400,61420,20
12.8254804611,80.2194595337,61420,61430,10
12.8255300522,80.2194671631,61430,61441,11
12.8259000778,80.2194595337,61441,61451,10
12.8261995316,80.2194519043,61451,61461,10
12.8263397217,80.2194595337,61461,61471,10
12.8274097443,80.2194671631,61471,61501,30
12.8274097443,80.2194671631,61501,61511,10
12.8276195526,80.2194824219,61511,61532,21
12.8276195526,80.2194824219,61532,61542,10
12.8280601501,80.2194671631,61542,61552,10
12.8285799026,80.2194824219,61552,61562,10
12.8291501999,80.2194671631,61562,61572,10
12.8296604156,80.2194671631,61572,61582,10
12.8301496506,80.2194976807,61582,61592,10
12.8306598663,80.2194976807,61592,61603,11
12.8309297562,80.2194900513,61603,61613,10
12.8311300278,80.2195587158,61613,61623,10
12.831199646,80.2197799683,61623,61633,10
12.831199646,80.2200317383,61633,61643,10
12.831199646,80.2202529907,61643,61653,10
12.831199646,80.2204437256,61653,61663,10
12.8311595917,80.2206192017,61663,61673,10
12.8311500549,80.2207565308,61673,61684,11
12.8311195374,80.2209701538,61684,61694,10
12.8311195374,80.2211685181,61694,61704,10
12.8311300278,80.2213973999,61704,61744,40
12.8311300278,80.2213973999,61744,61754,10
12.8311500549,80.2217102051,61754,61765,11
12.8311595917,80.2220993042,61765,61775,10
12.8311700821,80.2223815918,61775,61785,10
12.8311796188,80.2230987549,61785,61795,10
12.8311796188,80.2240982056,61795,61805,10
12.8311700821,80.224647522,61805,61815,10
12.8311595917,80.2251205444,61815,61825,10
12.8311595917,80.2259979248,61825,61835,10
12.8312797546,80.2270812988,61835,61846,11
12.8315601349,80.2282867432,61846,61856,10
12.8317499161,80.2291412354,61856,61876,20
12.8317499161,80.2291412354,61876,61886,10
12.8320398331,80.2291183472,61886,61896,10
12.8325996399,80.2289962769,61896,61906,10
12.8334798813,80.2288589478,61906,61916,10
12.834569931,80.2286834717,61916,61926,10
12.8358402252,80.2284698486,61926,61937,11
12.8373403549,80.2282409668,61937,61947,10
12.8385000229,80.228012085,61947,61957,10
12.8391599655,80.2278137207,61957,61967,10
12.8395595551,80.2275924683,61967,61977,10
12.8402204514,80.2275314331,61977,61987,10
12.841170311,80.2273025513,61987,61997,10
12.842300415,80.2270202637,61997,62007,10
12.8434801102,80.2267990112,62007,62018,11
12.8443899155,80.2266921997,62018,62028,10
12.845199585,80.226600647,62028,62048,20
12.845199585,80.226600647,62048,62058,10
12.8456401825,80.226600647,62058,62078,20
12.8456401825,80.226600647,62078,62088,10
12.8458995819,80.2266235352,62088,62099,11
12.8465299606,80.2266235352,62099,62109,10
12.847120285,80.2266311646,62109,62119,10
12.8480796814,80.2266235352,62119,62129,10
12.849149704,80.2265777588,62129,62139,10
12.8498401642,80.2265701294,62139,62149,10
12.8498601913,80.2265701294,62149,62159,10
12.8500003815,80.226600647,62159,62169,10
12.8505802155,80.2266082764,62169,62180,11
12.8516302109,80.2266693115,62180,62190,10
12.8528499603,80.2267379761,62190,62200,10
12.8539800644,80.2266616821,62200,62210,10
12.8548803329,80.2265625,62210,62220,10
12.8559398651,80.2264404297,62220,62230,10
12.8572397232,80.2262878418,62230,62240,10
12.858499527,80.2262573242,62240,62250,10
12.8597602844,80.2264175415,62250,62261,11
12.8607597351,80.2265396118,62261,62271,10
12.8608198166,80.2265472412,62271,62281,10
12.8610401154,80.2265777588,62281,62291,10
12.8616600037,80.2265777588,62291,62301,10
12.8626499176,80.2265319824,62301,62311,10
12.8638401031,80.2265319824,62311,62321,10
12.865240097,80.2265930176,62321,62331,10
12.8667802811,80.2265167236,62331,62342,11
12.8684501648,80.2263717651,62342,62352,10
12.8699703217,80.2265396118,62352,62362,10
12.871509552,80.2266693115,62362,62372,10
12.8727197647,80.2266616821,62372,62382,10
12.8729095459,80.2266616821,62382,62392,10
12.8731603622,80.2266693115,62392,62402,10
12.8737697601,80.2267074585,62402,62412,10
12.8746995926,80.2268295288,62412,62423,11
12.8758096695,80.2269668579,62423,62433,10
12.8765296936,80.2269363403,62433,62443,10
12.8767995834,80.2268981934,62443,62453,10
12.8769197464,80.2268981934,62453,62463,10
12.8774595261,80.2268600464,62463,62473,10
12.8783397675,80.2267990112,62473,62483,10
12.8794202805,80.2267532349,62483,62493,10
12.880689621,80.2267532349,62493,62504,11
12.8822402954,80.2267379761,62504,62514,10
12.8836202621,80.2267227173,62514,62524,10
12.8847999573,80.2266998291,62524,62534,10
12.8852701187,80.2267227173,62534,62544,10
12.8853998184,80.2267303467,62544,62554,10
12.8859500885,80.2268600464,62554,62564,10
12.886879921,80.2270965576,62564,62574,10
12.8879699707,80.2272720337,62574,62585,11
12.8894395828,80.2273406982,62585,62595,10
12.8908901215,80.2273330688,62595,62605,10
12.8923397064,80.2273178101,62605,62645,40
12.8923397064,80.2273178101,62645,62655,10
12.892539978,80.2273635864,62655,62666,11
12.893119812,80.2274398804,62666,62676,10
12.8938903809,80.2275390625,62676,62686,10
12.8948497772,80.2276306152,62686,62696,10
12.8960399628,80.2276916504,62696,62706,10
12.897310257,80.2277374268,62706,62716,10
12.8985500336,80.2278137207,62716,62726,10
12.8996896744,80.2278823853,62726,62736,10
12.900639534,80.2278823853,62736,62817,81
12.900639534,80.2278823853,62817,62828,11
12.9007997513,80.2279281616,62828,62838,10
12.9012498856,80.2279891968,62838,62848,10
12.9018802643,80.228012085,62848,62858,10
12.9027004242,80.2280502319,62858,62868,10
12.9029302597,80.2280426025,62868,62878,10
12.9032201767,80.2280731201,62878,62888,10
12.9039402008,80.2281036377,62888,62898,10
12.9048204422,80.2281494141,62898,62909,11
12.9054203033,80.228187561,62909,62919,10
12.9058303833,80.228187561,62919,62929,10
12.9063396454,80.2282104492,62929,63010,81
12.9063396454,80.2282104492,63010,63019,9
12.906370163,80.2282104492,63019,63030,11
12.9068603516,80.2282714844,63030,63040,10
12.9072303772,80.228302002,63040,63050,10
12.9076099396,80.2283630371,63050,63060,10
12.9084100723,80.228477478,63060,63071,11
12.9096002579,80.2286834717,63071,63081,10
12.9108600616,80.2288818359,63081,63091,10
12.912229538,80.2290802002,63091,63101,10
12.913479805,80.2292327881,63101,63111,10
12.9139795303,80.2292785645,63111,63121,10
12.9139900208,80.2292785645,63121,63131,10
12.9140996933,80.229309082,63131,63141,10
12.9145698547,80.2293930054,63141,63151,10
12.9152898788,80.2294921875,63151,63162,11
12.9163303375,80.2296524048,63162,63172,10
12.9172801971,80.2297897339,63172,63182,10
12.9181995392,80.2299194336,63182,63192,10
12.9193296432,80.2300720215,63192,63202,10
12.9205799103,80.2302322388,63202,63212,10
12.9218997955,80.2304000854,63212,63222,10
12.9232797623,80.2306213379,63222,63232,10
12.9246702194,80.230796814,63232,63243,11
12.925909996,80.2309188843,63243,63253,10
12.926440239,80.2309799194,63253,63263,10
12.9265403748,80.2309875488,63263,63273,10
12.9270601273,80.2310714722,63273,63283,10
12.92786026,80.2311630249,63283,63293,10
12.928730011,80.2312927246,63293,63303,10
12.9296998978,80.2314987183,63303,63313,10
12.9308204651,80.2317810059,63313,63324,11
12.9320402145,80.232170105,63324,63334,10
12.9330501556,80.2325286865,63334,63344,10
12.9336500168,80.2327804565,63344,63354,10
12.9336900711,80.2328033447,63354,63364,10
12.9338798523,80.2329025269,63364,63374,10
12.9344100952,80.2331466675,63374,63384,10
12.9351701736,80.2334899902,63384,63394,10
12.9360799789,80.2339172363,63394,63405,11
12.937210083,80.2344818115,63405,63415,10
12.9383401871,80.2350082397,63415,63425,10
12.9396600723,80.2356491089,63425,63445,20
12.9396600723,80.2356491089,63445,63455,10
12.9398403168,80.2357635498,63455,63465,10
12.9406099319,80.2360229492,63465,63475,10
12.9414396286,80.2362213135,63475,63486,11
12.9427900314,80.236656189,63486,63496,10
12.9438199997,80.2375411987,63496,63506,10
12.9448003769,80.2386169434,63506,63516,10
12.9459600449,80.2395019531,63516,63526,10
12.9469995499,80.239906311,63526,63536,10
12.9473199844,80.2400436401,63536,63546,10
12.9474697113,80.2400894165,63546,63556,10
12.9480199814,80.2403106689,63556,63567,11
12.94851017,80.2405014038,63567,63587,20
12.94851017,80.2405014038,63587,63597,10
12.9487895966,80.2406082153,63597,63607,10
12.9489898682,80.2406997681,63607,63617,10
12.9496498108,80.2409515381,63617,63627,10
12.9509601593,80.2413406372,63627,63648,21
12.9509601593,80.2413406372,63648,63658,10
12.9510402679,80.2414016724,63658,63668,10
12.9514904022,80.2415466309,63668,63678,10
12.9523096085,80.241859436,63678,63688,10
12.9533004761,80.2422409058,63688,63698,10
12.9540596008,80.2425537109,63698,63708,10
12.9547996521,80.2428207397,63708,63718,10
12.9555196762,80.2431030273,63718,63729,11
12.9561500549,80.2433013916,63729,63749,20
12.9561500549,80.2433013916,63749,63759,10
12.9563398361,80.2433700562,63759,63769,10
12.9564800262,80.2434463501,63769,63779,10
12.9570703506,80.2436904907,63779,63789,10
12.9578895569,80.2440490723,63789,63799,10
12.958530426,80.2443237305,63799,63810,11
12.9588499069,80.2444381714,63810,63820,10
12.9589300156,80.2444763184,63820,63830,10
12.9593601227,80.2446975708,63830,63840,10
12.960100174,80.2450408936,63840,63850,10
12.9610900879,80.2454910278,63850,63860,10
12.962220192,80.2460479736,63860,63870,10
12.9631204605,80.2464981079,63870,63901,31
12.9631204605,80.2464981079,63901,63911,10
12.9631099701,80.2465896606,63911,63921,10
12.9635400772,80.2467803955,63921,63931,10
12.9642801285,80.2470703125,63931,63941,10
12.9651899338,80.2473831177,63941,63951,10
12.9661998749,80.2477493286,63951,63961,10
12.9668397903,80.2479782104,63961,63972,11
12.9669103622,80.248008728,63972,63982,10
12.9671297073,80.2481307983,63982,63992,10
12.9677400589,80.2483978271,63992,64002,10
12.9687099457,80.2488021851,64002,64012,10
12.9697904587,80.2492675781,64012,64022,10
12.9710502625,80.249710083,64022,64032,10
12.9723596573,80.2500610352,64032,64042,10
12.9735002518,80.2503509521,64042,64053,11
12.9745597839,80.2506332397,64053,64063,10
12.9755802155,80.2509231567,64063,64073,10
12.9765195847,80.2511825562,64073,64083,10
12.977350235,80.2514877319,64083,64093,10
12.9780597687,80.2520294189,64093,64103,10
12.9785299301,80.2523574829,64103,64113,10
12.9785404205,80.2523574829,64113,64123,10
12.9785804749,80.2523803711,64123,64134,11
12.9793701172,80.2525787354,64134,64174,40
12.9793701172,80.2525787354,64174,64184,10
12.9795503616,80.2526016235,64184,64194,10
12.979929924,80.2526397705,64194,64204,10
12.9806098938,80.2526626587,64204,64215,11
12.9815702438,80.2526092529,64215,64225,10
12.9819602966,80.2526016235,64225,64235,10
12.9827899933,80.2525787354,64235,64245,10
12.983830452,80.2524185181,64245,64255,10
12.9848804474,80.2521362305,64255,64265,10
12.9857702255,80.2518920898,64265,64275,10
12.9864301682,80.2517089844,64275,64285,10
12.9869699478,80.2515563965,64285,64296,11
12.9874401093,80.2514038086,64296,64559,263
12.9874401093,80.2514038086,64559,64569,10
12.9877996445,80.2513809204,64569,64579,10
12.9885396957,80.2512130737,64579,64589,10
12.9894599915,80.2509536743,64589,64609,20
12.9894599915,80.2509536743,64609,64620,11
12.9895601273,80.2509307861,64620,64630,10
12.9900903702,80.2508087158,64630,64640,10
12.990940094,80.2506103516,64640,64650,10
12.9919595718,80.2503585815,64650,64660,10
12.9930200577,80.2500991821,64660,64670,10
12.9944400787,80.2497329712,64670,64680,10
12.9956502914,80.249420166,64680,64690,10
12.9966001511,80.2491378784,64690,64701,11
12.9967298508,80.2490997314,64701,64711,10
12.9970598221,80.2490310669,64711,64721,10
12.9977798462,80.2488632202,64721,64731,10
12.9987897873,80.2486190796,64731,64741,10
12.9999904633,80.2483291626,64741,64751,10
13.0013303757,80.2480010986,64751,64761,10
13.0026397705,80.2476882935,64761,64771,10
13.0040197372,80.2474594116,64771,64781,10
13.005279541,80.2472610474,64781,64792,11
13.0065002441,80.2464675903,64792,64812,20
13.0065002441,80.2464675903,64812,64822,10
13.0065698624,80.2463531494,64822,64832,10
13.0066003799,80.245880127,64832,64842,10
13.0066003799,80.2456665039,64842,64852,10
13.0065898895,80.2454528809,64852,64862,10
13.0065803528,80.2451705933,64862,64873,11
13.0065698624,80.2448425293,64873,64893,20
13.0065698624,80.2448425293,64893,64903,10
13.0066003799,80.244430542,64903,64913,10
13.0065803528,80.2442016602,64913,64923,10
13.0065803528,80.244102478,64923,64933,10
13.0066099167,80.2438735962,64933,64943,10
13.0066099167,80.2436065674,64943,64954,11
13.0066204071,80.2428588867,64954,64964,10
13.0066099167,80.2419281006,64964,64974,10
13.006649971,80.2411117554,64974,64984,10
13.0067796707,80.2403564453,64984,64994,10
13.0069198608,80.2396621704,64994,65004,10
13.0070295334,80.2391204834,65004,65014,10
13.0071001053,80.2387619019,65014,65024,10
13.0071802139,80.2383575439,65024,65035,11
13.0072803497,80.2377090454,65035,65045,10
13.0073604584,80.2371368408,65045,65055,10
13.0073604584,80.237121582,65055,65065,10
13.0074396133,80.236907959,65065,65075,10
13.0075502396,80.2362976074,65075,65085,10
13.0076704025,80.2356491089,65085,65095,10
13.0077600479,80.2351531982,65095,65105,10
13.007900238,80.2345275879,65105,65116,11
13.0081195831,80.2335891724,65116,65126,10
13.0083198547,80.2325592041,65126,65136,10
13.0085201263,80.2314376831,65136,65146,10
13.0087099075,80.2304229736,65146,65156,10
13.0088996887,80.2294616699,65156,65166,10
13.0091400146,80.2284088135,65166,65176,10
13.0094404221,80.2275772095,65176,65186,10
13.0098199844,80.2267608643,65186,65197,11
13.0102100372,80.2259063721,65197,65207,10
13.0104999542,80.2253036499,65207,65217,10
13.0106697083,80.2250137329,65217,65227,10
13.0107898712,80.2247390747,65227,65237,10
13.0108995438,80.2244796753,65237,65247,10
13.0109996796,80.2242431641,65247,65257,10
13.0111904144,80.2236862183,65257,65267,10
13.0113801956,80.2233963013,65267,65278,11
13.0119695663,80.2236404419,65278,65288,10
13.012720108,80.2239990234,65288,65298,10
13.0135698318,80.2244186401,65298,65308,10
13.0143995285,80.2248535156,65308,65318,10
13.015080452,80.2252426147,65318,65389,71
13.015080452,80.2252426147,65389,65399,10
13.0155200958,80.225402832,65399,65409,10
13.015999794,80.2254180908,65409,65419,10
13.0166702271,80.2253265381,65419,65429,10
13.0173597336,80.2250289917,65429,65440,11
13.018289566,80.2246398926,65440,65450,10
13.0190000534,80.2243881226,65450,65460,10
13.0194797516,80.2244262695,65460,65541,81
13.0194797516,80.2244262695,65541,65551,10
13.0196304321,80.2246017456,65551,65561,10
13.0198802948,80.2247467041,65561,65571,10
13.0202598572,80.2250213623,65571,65581,10
13.0206604004,80.2253036499,65581,65591,10
13.0209197998,80.225479126,65591,65774,183
13.0208396912,80.2257080078,65774,66199,425
13.0208396912,80.2257080078,66199,66209,10
13.0210399628,80.2258071899,66209,66219,10
13.0213098526,80.2259979248,66219,66229,10
13.0216598511,80.2262268066,66229,66239,10
13.0219898224,80.2264404297,66239,66250,11
13.022480011,80.2268218994,66250,66260,10
13.0229301453,80.2272109985,66260,66270,10
13.0233602524,80.2276000977,66270,66280,10
13.0237998962,80.2279586792,66280,66290,10
13.0241603851,80.2282867432,66290,66300,10
13.0243902206,80.2285614014,66300,66310,10
13.0242900848,80.2286682129,66310,66320,10
13.0241098404,80.2285308838,66320,66331,11
13.0237903595,80.2281112671,66331,66341,10
13.0235004425,80.2278137207,66341,66533,192
13.0235004425,80.2278137207,66533,66543,10
13.0231199265,80.2274093628,66543,66553,10
13.0227499008,80.2270736694,66553,66563,10
13.022600174,80.226890564,66563,66574,11
13.0222702026,80.226600647,66574,66584,10
13.0217695236,80.2261810303,66584,66594,10
13.0211801529,80.2257385254,66594,66604,10
13.0205402374,80.2252731323,66604,66614,10
13.019949913,80.2248764038,66614,66624,10
13.0194301605,80.2245788574,66624,66634,10
13.0186300278,80.224609375,66634,66644,10
13.0178403854,80.2249298096,66644,66655,11
13.016960144,80.2252807617,66655,66665,10
13.0163803101,80.2255325317,66665,66675,10
13.0158996582,80.2257232666,66675,66685,10
13.0152797699,80.2259521484,66685,66695,10
13.0143899918,80.2263183594,66695,66715,20
13.0143899918,80.2263183594,66715,66725,10
13.0142202377,80.2263412476,66725,66736,11
13.0137395859,80.2265090942,66736,66746,10
13.0131101608,80.2267608643,66746,66756,10
13.0123901367,80.2270431519,66756,66766,10
13.0116100311,80.2273635864,66766,66776,10
13.0107898712,80.2276992798,66776,66786,10
13.0099802017,80.2280273438,66786,66796,10
13.0092697144,80.2283782959,66796,66806,10
13.009059906,80.2291183472,66806,66817,11
13.0089197159,80.2299575806,66817,66827,10
13.0087995529,80.2306289673,66827,66837,10
13.0087404251,80.2310180664,66837,66847,10
13.0087003708,80.2312393188,66847,66898,51
13.0087003708,80.2312393188,66898,66908,10
13.0086297989,80.2315292358,66908,66918,10
13.0085296631,80.2320404053,66918,66928,10
13.0084104538,80.2326812744,66928,66938,10
13.0083303452,80.2332992554,66938,66948,10
13.0082998276,80.2334213257,66948,66958,10
13.0082597733,80.233543396,66958,66968,10
13.0081996918,80.233757019,66968,66979,11
13.0080795288,80.234336853,66979,66989,10
13.0079603195,80.2349700928,66989,66999,10
13.007809639,80.2357177734,66999,67009,10
13.0076599121,80.2365188599,67009,67019,10
13.0074901581,80.2374191284,67019,67029,10
13.0073299408,80.2382888794,67029,67039,10
13.0072002411,80.2389678955,67039,67049,10
13.0070800781,80.239616394,67049,67060,11
13.006939888,80.2404174805,67060,67070,10
13.0069198608,80.2406234741,67070,67080,10
13.0068702698,80.2408065796,67080,67090,10
13.0068397522,80.2408828735,67090,67100,10
13.0067996979,80.2412490845,67100,67110,10
13.0067596436,80.2418823242,67110,67120,10
13.0067396164,80.2425613403,67120,67130,10
13.0066995621,80.2432785034,67130,67141,11
13.0066995621,80.2438430786,67141,67151,10
13.0067195892,80.2443389893,67151,67161,10
13.0066995621,80.2449798584,67161,67171,10
13.0066995621,80.2453231812,67171,67181,10
13.0067396164,80.2457733154,67181,67191,10
13.0068101883,80.246383667,67191,67201,10
13.0068101883,80.2471084595,67201,67211,10
13.0062503815,80.2473983765,67211,67232,21
13.0062503815,80.2473983765,67232,67242,10
13.0060396194,80.2474365234,67242,67252,10
13.0055704117,80.247428894,67252,67262,10
13.0049104691,80.247428894,67262,67272,10
13.0041503906,80.2475204468,67272,67282,10
13.0033197403,80.2476425171,67282,67292,10
13.0024204254,80.2478027344,67292,67303,11
13.0014295578,80.2480392456,67303,67313,10
13.0004901886,80.2482833862,67313,67323,10
12.9995603561,80.2485198975,67323,67333,10
12.9987201691,80.2487411499,67333,67343,10
12.9981603622,80.2489089966,67343,67353,10
12.9981203079,80.2489089966,67353,67363,10
12.997879982,80.2489471436,67363,67373,10
12.9973802567,80.2490768433,67373,67384,11
12.996629715,80.2492523193,67384,67394,10
12.9958400726,80.249458313,67394,67404,10
12.9949798584,80.2496871948,67404,67414,10
12.9940700531,80.2499313354,67414,67424,10
12.9931201935,80.2501525879,67424,67434,10
12.9921598434,80.2503814697,67434,67444,10
12.9913301468,80.2506103516,67444,67454,10
12.9910802841,80.2506790161,67454,67465,11
12.9910497665,80.2506866455,67465,67475,10
12.9906797409,80.2507781982,67475,67485,10
12.9900999069,80.2509307861,67485,67495,10
12.9894504547,80.2510910034,67495,67505,10
12.9890499115,80.2511978149,67505,67687,182
12.9890499115,80.2511978149,67687,67697,10
12.9886598587,80.2512435913,67697,67708,11
12.9882297516,80.251373291,67708,67718,10
12.9878702164,80.2514724731,67718,67728,10
12.9876003265,80.2515411377,67728,67738,10
12.9872198105,80.2516479492,67738,67748,10
12.986749649,80.2517929077,67748,67758,10
12.9862804413,80.2519607544,67758,67768,10
12.9855298996,80.2521286011,67768,67778,10
12.9847097397,80.2523269653,67778,67789,11
12.9838399887,80.2525634766,67789,67799,10
12.983039856,80.2527236938,67799,67809,10
12.9821796417,80.252746582,67809,67819,10
12.9813499451,80.2527694702,67819,67829,10
12.9807195663,80.2527999878,67829,67839,10
12.980509758,80.2528076172,67839,67849,10
12.9802703857,80.2528610229,67849,67880,31
12.9802703857,80.2528610229,67880,67890,10
12.9800100327,80.252822876,67890,67900,10
12.9796199799,80.252746582,67900,67910,10
12.9791097641,80.2527008057,67910,67920,10
12.9790000916,80.2527008057,67920,67930,10
12.9789304733,80.2526779175,67930,67940,10
12.9784803391,80.2525405884,67940,67951,11
12.9777898788,80.2519989014,67951,67961,10
12.9770002365,80.251449585,67961,67971,10
12.9760198593,80.2511291504,67971,67981,10
12.9750995636,80.2509002686,67981,67991,10
12.9740800858,80.2506027222,67991,68001,10
12.9731397629,80.2503204346,68001,68011,10
12.9722204208,80.2500762939,68011,68021,10
12.9712200165,80.2498168945,68021,68032,11
12.9700899124,80.249458313,68032,68042,10
12.9690303802,80.2490386963,68042,68052,10
12.9679698944,80.2486572266,68052,68062,10
12.967089653,80.2482833862,68062,68072,10
12.9668798447,80.2481765747,68072,68082,10
12.9666700363,80.2480621338,68082,68092,10
12.9663600922,80.2479095459,68092,68102,10
12.965959549,80.2477264404,68102,68113,11
12.9651899338,80.2474594116,68113,68133,20
12.9651899338,80.2474594116,68133,68143,10
12.9648895264,80.2473602295,68143,68153,10
12.9644298553,80.2472076416,68153,68163,10
12.9639501572,80.2470321655,68163,68173,10
12.9637699127,80.246963501,68173,68183,10
12.9635400772,80.2468566895,68183,68194,11
12.9629096985,80.2465133667,68194,68204,10
12.9621696472,80.2461624146,68204,68214,10
12.9613304138,80.2457504272,68214,68224,10
12.9604902267,80.2453536987,68224,68234,10
12.959400177,80.2448806763,68234,68254,20
12.959400177,80.2448806763,68254,68264,10
12.9591903687,80.2447662354,68264,68275,11
12.9586200714,80.2444992065,68275,68285,10
12.958029747,80.2442779541,68285,68295,10
12.957570076,80.244102478,68295,68305,10
12.9569101334,80.2439193726,68305,68315,10
12.9564304352,80.2437591553,68315,68325,10
12.9564199448,80.2437515259,68325,68335,10
12.9562196732,80.2436904907,68335,68345,10
12.9556999207,80.2434234619,68345,68356,11
12.954990387,80.243057251,68356,68366,10
12.9543399811,80.2427825928,68366,68376,10
12.953909874,80.2426071167,68376,68386,10
12.9532899857,80.2423400879,68386,68396,10
12.9525098801,80.2420501709,68396,68406,10
12.9522199631,80.2419891357,68406,68416,10
12.9518699646,80.2418365479,68416,68426,10
12.9518604279,80.2418365479,68426,68436,10
12.95154953,80.2417221069,68436,68447,11
12.9510202408,80.2415390015,68447,68457,10
12.9507303238,80.2414627075,68457,68467,10
12.9505701065,80.2414093018,68467,68477,10
12.9504804611,80.2413711548,68477,68487,10
12.9500598907,80.2412414551,68487,68497,10
12.9495000839,80.2410736084,68497,68507,10
12.9492502213,80.2409820557,68507,68517,10
12.9488296509,80.2408065796,68517,68528,11
12.9480600357,80.2404785156,68528,68538,10
12.9472703934,80.2401580811,68538,68558,20
12.9472703934,80.2401580811,68558,68568,10
12.9470701218,80.2400665283,68568,68578,10
12.9465999603,80.2398834229,68578,68588,10
12.9459295273,80.2395782471,68588,68598,10
12.9451799393,80.2391586304,68598,68609,11
12.9444198608,80.2384033203,68609,68619,10
12.943810463,80.237739563,68619,68629,10
12.9434604645,80.2373809814,68629,68639,10
12.9431200027,80.2370376587,68639,68649,10
12.9424800873,80.236618042,68649,68659,10
12.9415798187,80.236328125,68659,68669,10
12.9406404495,80.2360916138,68669,68679,10
12.9399900436,80.2359313965,68679,68690,11
12.9398603439,80.2358932495,68690,68700,10
12.9397802353,80.2358398438,68700,68710,10
12.9393997192,80.2356567383,68710,68720,10
12.938659668,80.2352828979,68720,68730,10
12.9377403259,80.2348327637,68730,68740,10
12.9367599487,80.2343597412,68740,68750,10
12.9358301163,80.2339401245,68750,68771,21
12.9358301163,80.2339401245,68771,68781,10
12.9356098175,80.2338409424,68781,68791,10
12.9350404739,80.233581543,68791,68801,10
12.9339199066,80.2330932617,68801,68831,30
12.9339199066,80.2330932617,68831,68841,10
12.9338302612,80.2330093384,68841,68852,11
12.9333400726,80.2327804565,68852,68862,10
12.9326200485,80.2324981689,68862,68872,10
12.9317798615,80.232208252,68872,68882,10
12.9308795929,80.2319107056,68882,68892,10
12.9300699234,80.2316665649,68892,68902,10
12.9292497635,80.2314834595,68902,68912,10
12.9284601212,80.2313232422,68912,68922,10
12.9274997711,80.2312011719,68922,68933,11
12.9264497757,80.2310791016,68933,68943,10
12.9260396957,80.2310409546,68943,68953,10
12.925909996,80.2310333252,68953,68963,10
12.9254102707,80.2309494019,68963,68973,10
12.9246702194,80.2308578491,68973,68983,10
12.9237499237,80.2307434082,68983,68993,10
12.9226903915,80.2305908203,68993,69003,10
12.9215803146,80.2304077148,69003,69014,11
12.9203300476,80.2302398682,69014,69024,10
12.9192495346,80.2301101685,69024,69034,10
12.918129921,80.2299575806,69034,69044,10
12.9170503616,80.2298278809,69044,69054,10
12.9159603119,80.2296829224,69054,69064,10
12.914850235,80.2295227051,69064,69074,10
12.9138803482,80.2293777466,69074,69084,10
12.9134101868,80.2293624878,69084,69095,11
12.9133901596,80.2293624878,69095,69105,10
12.9130401611,80.2292785645,69105,69115,10
12.9124097824,80.2291870117,69115,69125,10
12.9115800858,80.2290725708,69125,69135,10
12.9105997086,80.2289276123,69135,69145,10
12.9095401764,80.2287521362,69145,69155,10
12.9085102081,80.2285766602,69155,69165,10
12.90762043,80.2284698486,69165,69297,132
12.90762043,80.2284698486,69297,69307,10
12.9074897766,80.2284164429,69307,69317,10
12.9070796967,80.2283706665,69317,69327,10
12.90666008,80.2283401489,69327,69338,11
12.9063196182,80.2283096313,69338,69348,10
12.9061899185,80.2282867432,69348,69358,10
12.9057502747,80.2282791138,69358,69368,10
12.905090332,80.2282562256,69368,69378,10
12.9045801163,80.2282714844,69378,69439,61
12.9045801163,80.2282714844,69439,69449,10
12.9041795731,80.2282562256,69449,69459,10
12.9038095474,80.2282409668,69459,69469,10
12.9032001495,80.2282028198,69469,69479,10
12.9026403427,80.2281799316,69479,69489,10
12.9021596909,80.2281723022,69489,69500,11
12.9017095566,80.2281265259,69500,69510,10
12.9013395309,80.2281112671,69510,69520,10
12.9010801315,80.2281112671,69520,69682,162
12.9010801315,80.2281112671,69682,69692,10
12.9007997513,80.2281112671,69692,69702,10
12.9003295898,80.2280731201,69702,69712,10
12.8996696472,80.2280273438,69712,69722,10
12.8993196487,80.2280197144,69722,69732,10
12.8992004395,80.2279968262,69732,69743,11
12.8987503052,80.2279586792,69743,69753,10
12.8980998993,80.2279205322,69753,69763,10
12.8972902298,80.2278823853,69763,69773,10
12.8963298798,80.2278289795,69773,69783,10
12.8952999115,80.2277832031,69783,69793,10
12.8942804337,80.227722168,69793,69803,10
12.8933496475,80.2276306152,69803,69813,10
12.8929395676,80.2275924683,69813,69844,31
12.8929395676,80.2275924683,69844,69854,10
12.8925304413,80.2275466919,69854,69864,10
12.8918895721,80.2275085449,69864,69874,10
12.8910799026,80.2274932861,69874,69884,10
12.890130043,80.2274780273,69884,69894,10
12.8892002106,80.2274703979,69894,69905,11
12.8881196976,80.2274398804,69905,69915,10
12.8872003555,80.2273178101,69915,69925,10
12.8861703873,80.2270889282,69925,69935,10
12.8852100372,80.2268676758,69935,69945,10
12.8847303391,80.2268295288,69945,69955,10
12.8846797943,80.2268295288,69955,69965,10
12.8842201233,80.2268295288,69965,69975,10
12.8834600449,80.2268295288,69975,69986,11
12.8824596405,80.2268371582,69986,69996,10
12.8814001083,80.226852417,69996,70006,10
12.880279541,80.226852417,70006,70016,10
12.879070282,80.2268829346,70016,70026,10
12.8778800964,80.2269592285,70026,70036,10
12.8769598007,80.2270507813,70036,70046,10
12.8764200211,80.2270965576,70046,70056,10
12.8763904572,80.2270965576,70056,70067,11
12.87596035,80.2270889282,70067,70077,10
12.8752403259,80.2270431519,70077,70087,10
12.8743495941,80.2269287109,70087,70097,10
12.8733501434,80.2268295288,70097,70107,10
12.8726797104,80.2268218994,70107,70117,10
12.8720197678,80.2268218994,70117,70127,10
12.8720197678,80.2268218994,70127,70137,10
12.871219635,80.2267837524,70137,70148,11
12.8701601028,80.2266998291,70148,70158,10
12.8690500259,80.2265625,70158,70168,10
12.8678598404,80.2265090942,70168,70178,10
12.8667097092,80.2266235352,70178,70189,11
12.8655395508,80.2266998291,70189,70199,10
12.8642702103,80.2266616821,70199,70209,10
12.8630895615,80.2266311646,70209,70219,10
12.8619699478,80.2266769409,70219,70231,12
12.8610897064,80.2267074585,70231,70241,10
12.8610496521,80.2267074585,70241,70251,10
12.8605899811,80.2266616821,70251,70261,10
12.8598299026,80.2265396118,70261,70271,10
12.8589401245,80.2264175415,70271,70281,10
12.8579597473,80.2263412476,70281,70291,10
12.8568601608,80.2264099121,70291,70301,10
12.8557100296,80.2265396118,70301,70312,11
12.8544197083,80.2266769409,70312,70322,10
12.853219986,80.2267990112,70322,70332,10
12.8520097733,80.2267837524,70332,70342,10
12.8507995605,80.2267227173,70342,70352,10
12.8496103287,80.2266921997,70352,70362,10
12.8484401703,80.2266921997,70362,70372,10
12.8473796844,80.2266921997,70372,70382,10
12.8464803696,80.2266998291,70382,70393,11
12.8459300995,80.2267227173,70393,70403,10
12.8458995819,80.2267227173,70403,70413,10
12.8455400467,80.2267303467,70413,70423,10
12.8453798294,80.2267227173,70423,70433,10
12.8450803757,80.2267303467,70433,70443,10
12.8444900513,80.2267837524,70443,70453,10
12.8436803818,80.2268600464,70453,70463,10
12.8427400589,80.2270278931,70463,70474,11
12.8416204453,80.2272720337,70474,70484,10
12.840669632,80.2275466919,70484,70494,10
12.8400402069,80.2277603149,70494,70504,10
12.8396596909,80.2279129028,70504,70514,10
12.8393802643,80.2279891968,70514,70524,10
12.838760376,80.2280883789,70524,70534,10
12.8379602432,80.2282714844,70534,70544,10
12.8370199203,80.2284393311,70544,70555,11
12.8359003067,80.2285995483,70555,70565,10
12.8348798752,80.2287597656,70565,70575,10
12.8338499069,80.2289276123,70575,70585,10
12.832909584,80.2291030884,70585,70595,10
12.8322601318,80.2292480469,70595,70605,10
12.8322200775,80.2292480469,70605,70615,10
12.8321399689,80.2292633057,70615,70625,10
12.8318195343,80.2293319702,70625,70676,51
12.8318195343,80.2293319702,70676,70686,10
12.8316602707,80.2294006348,70686,70696,10
12.8311595917,80.2295379639,70696,70706,10
12.8306398392,80.2297286987,70706,70717,11
12.8299303055,80.2299804688,70717,70727,10
12.8290700912,80.2303085327,70727,70737,10
12.8281002045,80.230796814,70737,70747,10
12.8271903992,80.2312774658,70747,70757,10
12.8263101578,80.2314682007,70757,70767,10
12.8252801895,80.2315216064,70767,70777,10
12.824259758,80.2313995361,70777,70787,10
12.823220253,80.2310791016,70787,70798,11
12.8219804764,80.2306976318,70798,70808,10
12.8208799362,80.2305526733,70808,70818,10
12.8197498322,80.2305831909,70818,70828,10
12.8189401627,80.2305908203,70828,70838,10
12.818810463,80.2305679321,70838,70848,10
12.8183803558,80.2303695679,70848,70858,10
12.8176603317,80.2300109863,70858,70868,10
12.816740036,80.229637146,70868,70879,11
12.8155202866,80.2294387817,70879,70889,10
12.8143701553,80.2292785645,70889,70899,10
12.8133001328,80.2289886475,70899,70909,10
12.8121900558,80.2285995483,70909,70919,10
12.8110399246,80.228187561,70919,70929,10
12.809969902,80.2277374268,70929,70939,10
12.8090295792,80.2272415161,70939,70949,10
12.8082199097,80.2265777588,70949,70960,11
12.8073196411,80.2258071899,70960,70970,10
12.8066196442,80.225189209,70970,70980,10
12.8059597015,80.224609375,70980,70990,10
12.8049497604,80.2240829468,70990,71010,20
12.8049497604,80.2240829468,71010,71020,10
12.8046102524,80.2240219116,71020,71030,10
12.8039999008,80.2239837646,71030,71041,11
12.8031997681,80.2239227295,71041,71051,10
12.8023300171,80.2238082886,71051,71061,10
12.8014001846,80.2237167358,71061,71071,10
12.8009300232,80.2237014771,71071,71081,10
12.8006601334,80.2236785889,71081,71091,10
12.8000202179,80.2236099243,71091,71101,10
12.7991695404,80.2235412598,71101,71111,10
12.798210144,80.2234191895,71111,71122,11
12.79708004,80.2232437134,71122,71132,10
12.7961597443,80.2230911255,71132,71142,10
12.7959604263,80.2230606079,71142,71152,10
12.7956600189,80.2229995728,71152,71162,10
12.7950201035,80.2228775024,71162,71172,10
12.7941904068,80.2227401733,71172,71182,10
12.7932195663,80.2225875854,71182,71192,10
12.7922000885,80.2224197388,71192,71203,11
12.7910900116,80.2221374512,71203,71213,10
12.7901096344,80.2219009399,71213,71223,10
12.7893400192,80.2216567993,71223,71233,10
12.7886295319,80.2213897705,71233,71243,10
12.7879104614,80.2211074829,71243,71253,10
12.786860466,80.220703125,71253,71304,51
12.786860466,80.220703125,71304,71314,10
12.7867298126,80.2205734253,71314,71354,40
12.7867298126,80.2205734253,71354,71365,11
12.7861604691,80.2204284668,71365,71385,20
12.7861604691,80.2204284668,71385,71395,10
12.7861204147,80.2207794189,71395,71405,10
12.7861404419,80.2210388184,71405,71415,10
12.7861499786,80.2214431763,71415,71425,10
12.786190033,80.2219467163,71425,71851,426
12.786190033,80.2219467163,71851,71861,10
12.7862901688,80.2218017578,71861,71871,10
12.7862300873,80.2216491699,71871,71881,10
12.7861700058,80.2214431763,71881,71891,10
12.7861700058,80.2211074829,71891,71901,10
12.7861404419,80.2207336426,71901,71911,10
12.7861099243,80.2204666138,71911,71921,10
12.7861099243,80.2204208374,71921,71932,11
12.7863101959,80.2203903198,71932,71942,10
12.7866697311,80.2205200195,71942,71962,20
12.7866697311,80.2205200195,71962,71972,10
12.7869701385,80.2206878662,71972,71982,10
12.7874097824,80.2208480835,71982,71992,10
12.7878799438,80.2210235596,71992,72002,10
12.7884502411,80.2212371826,72002,72013,11
12.7892503738,80.2215576172,72013,72023,10
12.789899826,80.221786499,72023,72033,10
12.7906999588,80.2219772339,72033,72043,10
12.7916202545,80.2222213745,72043,72053,10
12.792599678,80.2224502563,72053,72063,10
12.7936401367,80.2226104736,72063,72073,10
12.7946596146,80.2227783203,72073,72083,10
12.7956695557,80.2229385376,72083,72094,11
12.7962999344,80.2230300903,72094,72104,10
12.7965803146,80.2230911255,72104,72114,10
12.797249794,80.2232284546,72114,72124,10
12.7981395721,80.2233581543,72124,72134,10
12.7991695404,80.2234802246,72134,72144,10
12.8002796173,80.2235794067,72144,72154,10
12.8013095856,80.2236633301,72154,72164,10
12.8014802933,80.2236785889,72164,72175,11
12.8020200729,80.223739624,72175,72185,10
12.8027896881,80.2238464355,72185,72195,10
12.8036603928,80.2239379883,72195,72205,10
12.8044700623,80.2240066528,72205,72215,10
12.8051996231,80.2241210938,72215,72225,10
12.8055200577,80.2242202759,72225,72235,10
12.8057203293,80.2243499756,72235,72245,10
12.8062400818,80.2247772217,72245,72255,10
12.8069295883,80.2254104614,72255,72266,11
12.807800293,80.2261505127,72266,72276,10
12.8087100983,80.226890564,72276,72286,10
12.8097295761,80.2275619507,72286,72296,10
12.8108797073,80.2280731201,72296,72306,10
12.81208992,80.2285232544,72306,72316,10
12.8133802414,80.2289733887,72316,72326,10
12.8147096634,80.2293014526,72326,72336,10
12.8161001205,80.2295227051,72336,72347,11
12.8176002502,80.229927063,72347,72357,10
12.8187799454,80.23046875,72357,72367,10
12.8197002411,80.2305374146,72367,72377,10
12.8199596405,80.2305297852,72377,72387,10
12.8206996918,80.2305221558,72387,72397,10
12.8216695786,80.2305908203,72397,72407,10
12.8227596283,80.2308807373,72407,72417,10
12.8239202499,80.2311935425,72417,72428,11
12.8252000809,80.2314300537,72428,72438,10
12.8264503479,80.2313766479,72438,72448,10
12.8276195526,80.2310180664,72448,72458,10
12.8287696838,80.2303771973,72458,72468,10
12.8295898438,80.2300109863,72468,72478,10
12.8309497833,80.2294616699,72478,72529,51
12.8310804367,80.2294235229,72529,72853,324
12.8310804367,80.2294235229,72853,72863,10
12.8316602707,80.2292327881,72863,72873,10
12.8320598602,80.229133606,72873,72883,10
12.8326997757,80.2289886475,72883,72893,10
12.833439827,80.2288665771,72893,72903,10
12.8343400955,80.228729248,72903,72914,11
12.8354196548,80.2285614014,72914,72924,10
12.8364496231,80.2284164429,72924,72934,10
12.8374795914,80.2282562256,72934,72944,10
12.8384304047,80.2280578613,72944,72954,10
12.839220047,80.2278366089,72954,73005,51
12.839220047,80.2278366089,73005,73015,10
12.8396701813,80.2276763916,73015,73025,10
12.8400802612,80.2275619507,73025,73076,51
12.8400802612,80.2275619507,73076,73086,10
12.8404998779,80.2274398804,73086,73096,10
12.8409996033,80.2273330688,73096,73106,10
12.8417396545,80.2271194458,73106,73116,10
12.8426504135,80.2269134521,73116,73126,10
12.8437204361,80.2267379761,73126,73136,10
12.8447799683,80.2266311646,73136,73146,10
12.8453302383,80.2265777588,73146,73157,11
12.8453397751,80.2265777588,73157,73167,10
12.8455200195,80.2265930176,73167,73177,10
12.8459796906,80.2265777588,73177,73187,10
12.8466701508,80.2265777588,73187,73197,10
12.8475103378,80.2265777588,73197,73207,10
12.8484401703,80.2265777588,73207,73217,10
12.8493499756,80.2265625,73217,73227,10
12.8499002457,80.2265472412,73227,73238,11
12.8499298096,80.2265625,73238,73248,10
12.8500299454,80.2265930176,73248,73258,10
12.8503799438,80.2265777588,73258,73268,10
12.8509702682,80.2266082764,73268,73278,10
12.8516798019,80.2266387939,73278,73288,10
12.8524198532,80.2266769409,73288,73298,10
12.8531103134,80.2266769409,73298,73308,10
12.8537797928,80.2266235352,73308,73319,11
12.85435009,80.2265396118,73319,73329,10
12.8547697067,80.2265014648,73329,73339,10
12.855099678,80.2264633179,73339,73349,10
12.8553600311,80.2264328003,73349,73359,10
12.8555698395,80.2264022827,73359,73369,10
12.8557195663,80.2263870239,73369,73379,10
12.8558301926,80.2263717651,73379,73389,10
12.8561601639,80.2263412476,73389,73400,11
12.8567399979,80.2262802124,73400,73410,10
12.8573799133,80.2262191772,73410,73420,10
12.8580503464,80.2261962891,73420,73430,10
12.8587903976,80.2262802124,73430,73440,10
12.8596897125,80.2264022827,73440,73450,10
12.8605499268,80.2265167236,73450,73460,10
12.8607501984,80.2265472412,73460,73470,10
12.8609695435,80.2265777588,73470,73481,11
12.8616399765,80.2265701294,73481,73491,10
12.8624897003,80.2265319824,73491,73501,10
12.8634796143,80.2265090942,73501,73511,10
12.8645601273,80.2265625,73511,73521,10
12.8656797409,80.2265777588,73521,73531,10
12.8668403625,80.2265014648,73531,73541,10
12.8679800034,80.2264099121,73541,73551,10
12.8691701889,80.2264709473,73551,73562,11
12.8704795837,80.2266082764,73562,73572,10
12.8716802597,80.2266693115,73572,73582,10
12.8726501465,80.2266616821,73582,73592,10
12.8729000092,80.2266616821,73592,73602,10
12.8732204437,80.2266693115,73602,73612,10
12.873840332,80.2267074585,73612,73622,10
12.8745298386,80.2267913818,73622,73633,11
12.8747997284,80.2268218994,73633,73643,10
12.875169754,80.2268600464,73643,73653,10
12.8753900528,80.2268829346,73653,73663,10
12.8757400513,80.2269134521,73663,73673,10
12.87596035,80.2269210815,73673,73683,10
12.8762598038,80.2269134521,73683,73693,10
12.8765096664,80.2269134521,73693,73703,10
12.8766698837,80.2269134521,73703,73713,10
12.8767299652,80.2269363403,73713,73724,11
12.8772001266,80.2268981934,73724,73734,10
12.8779497147,80.2268600464,73734,73744,10
12.8788499832,80.2267990112,73744,73754,10
12.8798599243,80.2267837524,73754,73764,10
12.8809499741,80.2267608643,73764,73774,10
12.8820896149,80.2267608643,73774,73784,10
12.8832798004,80.2267379761,73784,73794,10
12.8843803406,80.2267074585,73794,73805,11
12.8850898743,80.2267227173,73805,73815,10
12.8851804733,80.2267227173,73815,73825,10
12.8852596283,80.2267227173,73825,73835,10
12.8857603073,80.2268295288,73835,73845,10
12.8865203857,80.2270278931,73845,73855,10
12.887430191,80.2272415161,73855,73865,10
12.8884801865,80.2273635864,73865,73875,10
12.8896303177,80.2273712158,73875,73886,11
12.8909797668,80.2273635864,73886,73896,10
12.8920497894,80.2273635864,73896,73906,10
12.8925600052,80.2273864746,73906,73916,10
12.8932504654,80.2275085449,73916,73926,10
12.8942203522,80.2276229858,73926,73936,10
12.8952999115,80.2276611328,73936,73946,10
12.8964395523,80.227722168,73946,73956,10
12.8975496292,80.2277679443,73956,73967,11
12.8987903595,80.2278366089,73967,73977,10
12.8998804092,80.2278900146,73977,73997,20
12.8998804092,80.2278900146,73997,74007,10
12.8999204636,80.227897644,74007,74017,10
12.9003801346,80.2279281616,74017,74027,10
12.9008998871,80.2279815674,74027,74037,10
12.90143013,80.2279891968,74037,74048,11
12.9022397995,80.2280197144,74048,74058,10
12.9027900696,80.2280273438,74058,74068,10
12.9028196335,80.2280273438,74068,74078,10
12.9029798508,80.228012085,74078,74088,10
12.9035396576,80.2280578613,74088,74098,10
12.9041900635,80.2281112671,74098,74108,10
12.9046802521,80.2281265259,74108,74118,10
12.9050502777,80.2281417847,74118,74129,11
12.9055500031,80.2281570435,74129,74139,10
12.9059200287,80.2281723022,74139,74149,10
12.9063396454,80.2282028198,74149,74159,10
12.9067697525,80.2282485962,74159,74169,10
12.9069099426,80.2282562256,74169,74179,10
12.9070796967,80.2282791138,74179,74189,10
12.9078598022,80.2284011841,74189,74200,11
12.9088697433,80.2285766602,74200,74210,10
12.9098997116,80.228767395,74210,74220,10
12.9110002518,80.2289505005,74220,74230,10
12.9121103287,80.2291107178,74230,74240,10
12.9130296707,80.2292327881,74240,74250,10
12.9136295319,80.2292785645,74250,74260,10
12.9137401581,80.2292861938,74260,74270,10
12.9138202667,80.2293014526,74270,74281,11
12.9143400192,80.2293930054,74281,74291,10
12.9150600433,80.2294921875,74291,74301,10
12.9159498215,80.229637146,74301,74311,10
12.9169397354,80.2297821045,74311,74321,10
12.9180202484,80.229927063,74321,74331,10
12.9190797806,80.2300796509,74331,74341,10
12.9200801849,80.2302093506,74341,74351,10
12.9211397171,80.2303390503,74351,74361,10
12.9221696854,80.2304763794,74361,74372,11
12.9233102798,80.2306594849,74372,74382,10
12.9243402481,80.2307891846,74382,74392,10
12.9253196716,80.2309112549,74392,74402,10
12.9261102676,80.2309799194,74402,74412,10
12.9263000488,80.2310028076,74412,74422,10
12.9268198013,80.2310562134,74422,74432,10
12.9276304245,80.2311630249,74432,74443,11
12.9287395477,80.231300354,74443,74463,20
12.9287395477,80.231300354,74463,74473,10
12.9290399551,80.2313537598,74473,74483,10
12.9296798706,80.2314834595,74483,74493,10
12.9305696487,80.2316970825,74493,74503,10
12.9315795898,80.2320327759,74503,74513,10
12.9326000214,80.2323608398,74513,74523,10
12.9333095551,80.2326278687,74523,74534,11
12.9333496094,80.2326431274,74534,74544,10
12.9334897995,80.2327194214,74544,74554,10
12.9337396622,80.2328414917,74554,74564,10
12.9343004227,80.2330932617,74564,74574,10
12.9350996017,80.2334594727,74574,74584,10
12.9358100891,80.2338027954,74584,74594,10
12.9366703033,80.2342300415,74594,74604,10
12.937620163,80.2346878052,74604,74615,11
12.9386796951,80.2352218628,74615,74625,10
12.939740181,80.235710144,74625,74645,20
12.939740181,80.235710144,74645,74655,10
12.9399003983,80.2357635498,74655,74665,10
12.9407300949,80.2360305786,74665,74675,10
12.9416799545,80.2362823486,74675,74685,10
12.9427700043,80.2366485596,74685,74696,11
12.9436702728,80.2373962402,74696,74706,10
12.944439888,80.238243103,74706,74716,10
12.945309639,80.2391281128,74716,74726,10
12.9463796616,80.2396469116,74726,74736,10
12.9472198486,80.239982605,74736,74746,10
12.9473600388,80.2400512695,74746,74756,10
12.947810173,80.2402267456,74756,74767,11
12.9487895966,80.2406234741,74767,74807,40
12.9487895966,80.2406234741,74807,74817,10
12.9488201141,80.2406768799,74817,74827,10
12.9491901398,80.2408599854,74827,74837,10
12.9498996735,80.2410888672,74837,74848,11
12.9508199692,80.2413482666,74848,74858,10
12.9510803223,80.2414398193,74858,74868,10
12.9515399933,80.2415924072,74868,74878,10
12.952249527,80.2418289185,74878,74888,10
12.9531402588,80.2421875,74888,74898,10
12.9539299011,80.2424926758,74898,74908,10
12.9547700882,80.2428436279,74908,74918,10
12.9554595947,80.2430877686,74918,74928,10
12.9561300278,80.2434234619,74928,74939,11
12.9563398361,80.2434997559,74939,74949,10
12.956870079,80.2437133789,74949,74959,10
12.9576997757,80.2440338135,74959,74969,10
12.9584798813,80.2443313599,74969,74979,10
12.9586200714,80.2444000244,74979,74989,10
12.9589300156,80.2445297241,74989,74999,10
12.95952034,80.2447891235,74999,75009,10
12.9603004456,80.2451477051,75009,75020,11
12.9613599777,80.2456207275,75020,75030,10
12.9622802734,80.2460784912,75030,75040,10
12.9630498886,80.2464828491,75040,75070,30
12.9630498886,80.2464828491,75070,75080,10
12.9633703232,80.246673584,75080,75091,11
12.9638900757,80.2469100952,75091,75101,10
12.964630127,80.247177124,75101,75111,10
12.9654397964,80.2474517822,75111,75121,10
12.966170311,80.247718811,75121,75131,10
12.9663295746,80.2477798462,75131,75141,10
12.9663696289,80.2477874756,75141,75151,10
12.9665603638,80.2479019165,75151,75161,10
12.9666700363,80.2479782104,75161,75172,11
12.966919899,80.2481079102,75172,75182,10
12.9672899246,80.2482833862,75182,75192,10
12.9680299759,80.2486114502,75192,75202,10
12.9688100815,80.2489395142,75202,75212,10
12.9697599411,80.2493286133,75212,75222,10
12.9708499908,80.2497406006,75222,75232,10
12.9720401764,80.250038147,75232,75242,10
12.97315979,80.2503128052,75242,75252,10
12.9741897583,80.250579834,75252,75263,11
12.9754800797,80.2509613037,75263,75273,10
12.9766998291,80.2512969971,75273,75283,10
12.9777297974,80.2518386841,75283,75293,10
12.9783401489,80.2523193359,75293,75303,10
12.978509903,80.2524185181,75303,75313,10
12.9788799286,80.2525787354,75313,75323,10
12.9796199799,80.2526931763,75323,75333,10
12.9805603027,80.2527084351,75333,75344,11
12.9817399979,80.2526702881,75344,75354,10
12.9829301834,80.2526168823,75354,75364,10
12.9840602875,80.2524032593,75364,75374,10
12.9849395752,80.252166748,75374,75384,10
12.9854698181,80.2520294189,75384,75394,10
12.9858703613,80.2519302368,75394,75404,10
12.9860696793,80.2518615723,75404,75415,11
12.9863300323,80.2517700195,75415,75425,10
12.9867296219,80.2516784668,75425,75536,111
12.9867296219,80.2516784668,75536,75546,10
12.9868297577,80.2516403198,75546,75556,10
12.9870796204,80.2515716553,75556,75566,10
12.9874696732,80.2514572144,75566,75576,10
12.987830162,80.2514724731,75576,75587,11
12.9879598618,80.2518005371,75587,75597,10
12.9879999161,80.2520828247,75597,75607,10
12.9879703522,80.2527389526,75607,75617,10
12.9878797531,80.253692627,75617,75627,10
12.9877796173,80.254699707,75627,75637,10
12.9876804352,80.2556610107,75637,75646,9
12.9875802994,80.2561035156,75646,75657,11
12.987569809,80.2562179565,75657,75668,11
12.9875402451,80.2570037842,75668,75678,10
12.9874696732,80.2578582764,75678,75688,10
12.9872598648,80.2585906982,75688,75708,20
12.9871101379,80.2585601807,75708,76255,547
12.9871101379,80.2585601807,76255,76265,10
12.9868297577,80.2585220337,76265,76619,354
12.9868297577,80.2585220337,76619,76629,10
12.9867095947,80.2588882446,76629,76640,11
12.9866800308,80.2590484619,76640,76650,10
12.9865703583,80.2592163086,76650,76660,10
12.9865598679,80.2593917847,76660,76670,10
12.9866895676,80.2596130371,76670,76812,142
12.9867401123,80.2596511841,76812,80621,3809
12.9867401123,80.2596511841,80621,80631,10
12.9865398407,80.2595367432,80631,86232,5601
