13.0253400803,80.2672805786,20,20,0
13.0253601074,80.2671508789,20,433,413
13.0253601074,80.2671508789,433,444,11
13.025349617,80.2673568726,444,565,121
13.025349617,80.2671966553,565,635,70
13.0253295898,80.2673568726,635,1150,515
13.0253295898,80.2673568726,1150,1160,10
13.0254297256,80.2671508789,1160,1170,10
13.025639534,80.2668380737,1170,1483,313
13.0256996155,80.2668075562,1483,5773,4290
13.0257797241,80.2667388916,5773,6036,263
13.0258998871,80.2667236328,6036,6207,171
13.0257701874,80.2667694092,6207,7984,1777
13.0257701874,80.2667694092,7984,7994,10
13.0257101059,80.2665634155,7994,8095,101
13.0257101059,80.2665634155,8095,8105,10
13.0257701874,80.2667236328,8105,8559,454
13.0258798599,80.2666168213,8559,9236,677
13.025759697,80.2667236328,9236,11971,2735
13.025759697,80.2667236328,11971,11982,11
13.0259199142,80.2666015625,11982,12335,353
13.0257501602,80.2667770386,12335,13183,848
13.0257501602,80.2667770386,13183,13193,10
13.025850296,80.2666778564,13193,13203,10
13.0259895325,80.2664108276,13203,13213,10
13.026309967,80.2663803101,13213,14576,1363
13.0265102386,80.2663803101,14576,15141,565
13.026599884,80.2663879395,15141,16232,1091
13.026599884,80.2663879395,16232,16242,10
13.0263996124,80.2663116455,16242,16625,383
13.0263996124,80.2663116455,16625,16635,10
13.0261602402,80.2663497925,16635,16656,21
13.0261602402,80.2663497925,16656,16666,10
13.0261602402,80.2661514282,16666,17261,595
13.0261096954,80.2661819458,17261,18301,1040
13.0261802673,80.2662277222,18301,18372,71
13.0262403488,80.2662506104,18372,18715,343
13.026140213,80.2661819458,18715,18765,50
13.026140213,80.2662200928,18765,19260,495
13.0261201859,80.2661895752,19260,19674,414
13.0261201859,80.2661895752,19674,19685,11
13.0260601044,80.26612854,19685,19695,10
13.0261802673,80.2659683228,19695,19705,10
13.02602005,80.2658462524,19705,19715,10
13.0256795883,80.2656326294,19715,19725,10
13.025349617,80.265411377,19725,19735,10
13.0253095627,80.2653884888,19735,19745,10
13.0251703262,80.2652587891,19745,19755,10
13.0249004364,80.2650375366,19755,19765,10
13.0244398117,80.2647018433,19765,19775,10
13.023900032,80.2643508911,19775,19785,10
13.0233802795,80.2640991211,19785,19796,11
13.0227203369,80.2637329102,19796,19806,10
13.0221595764,80.2634506226,19806,19816,10
13.0219202042,80.2633285522,19816,19826,10
13.0214796066,80.2631530762,19826,19836,10
13.0208501816,80.2630615234,19836,19846,10
13.0202598572,80.2630310059,19846,19856,10
13.0196304321,80.2629776001,19856,19866,10
13.0190696716,80.2629013062,19866,19876,10
13.0188999176,80.2623825073,19876,19886,10
13.0185604095,80.2612380981,19886,19896,10
13.0179195404,80.2608413696,19896,19907,11
13.0179195404,80.2608413696,19907,19917,10
13.0172901154,80.2604217529,19917,19927,10
13.0161104202,80.2597427368,19927,19947,20
13.0161104202,80.2597427368,19947,19957,10
13.0159702301,80.2596817017,19957,19967,10
13.0155897141,80.2595291138,19967,19977,10
13.0149402618,80.2593688965,19977,19987,10
13.0140895844,80.2593231201,19987,19997,10
13.0132198334,80.2592926025,19997,20007,10
13.0120601654,80.2592391968,20007,20018,11
13.0099697113,80.2592391968,20018,20028,10
13.0099697113,80.2592391968,20028,20038,10
13.0091199875,80.2592163086,20038,20048,10
13.0087604523,80.2592086792,20048,20058,10
13.0085000992,80.2592315674,20058,20068,10
13.0079402924,80.2592773438,20068,20078,10
13.0074100494,80.2592926025,20078,20088,10
13.0072002411,80.2587814331,20088,20098,10
13.0070400238,80.258430481,20098,20108,10
13.0067596436,80.2579498291,20108,20118,10
13.0064897537,80.2573623657,20118,20129,11
13.0065002441,80.2565231323,20129,20139,10
13.0065002441,80.2555999756,20139,20149,10
13.0065402985,80.2546691895,20149,20159,10
13.0065202713,80.2538070679,20159,20169,10
13.0065002441,80.2532272339,20169,20179,10
13.0065097809,80.2531204224,20179,20189,10
13.0065097809,80.2527236938,20189,20199,10
13.0066003799,80.2521209717,20199,20209,10
13.0067300797,80.2513580322,20209,20219,10
13.0067195892,80.2503585815,20219,20230,11
13.0067195892,80.2491378784,20230,20240,10
13.0066604614,80.2481002808,20240,20250,10
13.006649971,80.2472610474,20250,20260,10
13.0066299438,80.2466430664,20260,20270,10
13.0066299438,80.2465667725,20270,20280,10
13.0066404343,80.2461929321,20280,20290,10
13.0066404343,80.2454681396,20290,20300,10
13.0066299438,80.2446212769,20300,20310,10
13.0066099167,80.2437362671,20310,20320,10
13.0065698624,80.2428512573,20320,20330,10
13.0065498352,80.2418899536,20330,20341,11
13.0066404343,80.2409286499,20341,20351,10
13.0067901611,80.2400970459,20351,20361,10
13.0069599152,80.2391967773,20361,20371,10
13.0071201324,80.238319397,20371,20381,10
13.007349968,80.2373275757,20381,20391,10
13.0074195862,80.2367630005,20391,20401,10
13.0074596405,80.2366104126,20401,20411,10
13.0075798035,80.2362365723,20411,20421,10
13.0077295303,80.2355499268,20421,20431,10
13.0079298019,80.2345962524,20431,20441,10
13.0083904266,80.2322235107,20441,20452,11
13.0083904266,80.2322235107,20452,20462,10
13.0086202621,80.2310409546,20462,20472,10
13.0088596344,80.2297515869,20472,20482,10
13.0090904236,80.2285995483,20482,20492,10
13.0094203949,80.2276306152,20492,20502,10
13.0098400116,80.2267379761,20502,20512,10
13.0102996826,80.2257614136,20512,20522,10
13.0107803345,80.2247314453,20522,20532,10
13.0111999512,80.2237472534,20532,20542,10
13.0115804672,80.2227020264,20542,20552,10
13.0119600296,80.2217102051,20552,20563,11
13.0123996735,80.2214508057,20563,20573,10
13.0128002167,80.2220077515,20573,20583,10
13.0133304596,80.2226104736,20583,20593,10
13.0138101578,80.2231674194,20593,20603,10
13.0141000748,80.2235412598,20603,20613,10
13.014289856,80.2238616943,20613,20623,10
13.0147304535,80.2243270874,20623,20633,10
13.0151901245,80.2247314453,20633,20643,10
13.015540123,80.2249603271,20643,20653,10
13.0158996582,80.2252578735,20653,20664,11
13.016579628,80.2252731323,20664,20673,9
13.0172796249,80.2250213623,20673,20683,10
13.0181999207,80.224647522,20683,20694,11
13.0192203522,80.2243499756,20694,20704,10
13.0198001862,80.2245407104,20704,20712,8
13.0198202133,80.2245483398,20712,20724,12
13.0199804306,80.2246627808,20724,20734,10
13.0205602646,80.2250823975,20734,20744,10
13.0212497711,80.2256088257,20744,20754,10
13.0219602585,80.2261428833,20754,20765,11
13.0227804184,80.2268295288,20765,20774,9
13.0234603882,80.2274703979,20774,20784,10
13.0242099762,80.2282333374,20784,20794,10
13.0248699188,80.2291412354,20794,20805,11
13.0255899429,80.2301330566,20805,20815,10
13.02602005,80.2310714722,20815,20825,10
13.0263004303,80.2313308716,20825,20835,10
13.0270500183,80.2311325073,20835,20845,10
13.0278596878,80.2309799194,20845,20855,10
13.0285997391,80.2309036255,20855,20866,11
13.0293598175,80.2308197021,20866,20876,10
13.0299196243,80.2307662964,20876,20886,10
13.0306901932,80.2307128906,20886,20896,10
13.031419754,80.2306594849,20896,20905,9
13.0322303772,80.2305984497,20905,20916,11
13.0332202911,80.230506897,20916,20924,8
13.033780098,80.2304763794,20924,20936,12
13.0342597961,80.2304382324,20936,20946,10
13.0343503952,80.2304229736,20946,20956,10
13.0347204208,80.2303237915,20956,20966,10
13.035030365,80.2302017212,20966,20977,11
13.0350103378,80.2303924561,20977,20987,10
13.0347700119,80.2303619385,20987,20996,9
13.034529686,80.2303924561,20996,22796,1800
13.034529686,80.2303924561,22796,22806,10
13.0341796875,80.2304382324,22806,22816,10
13.0340595245,80.2304611206,22816,22826,10
13.0337400436,80.2304611206,22826,22836,10
13.0332603455,80.2304992676,22836,22846,10
13.0329198837,80.2305221558,22846,22857,11
13.0324602127,80.2305831909,22857,22867,10
13.0318803787,80.2306365967,22867,22877,10
13.0311899185,80.2306900024,22877,22887,10
13.0307197571,80.2307281494,22887,22897,10
13.0304203033,80.2307662964,22897,22907,10
13.0299501419,80.2308197021,22907,22917,10
13.02987957,80.2308273315,22917,22927,10
13.0297698975,80.2308502197,22927,22937,10
13.0293598175,80.2309036255,22937,22947,10
13.0288200378,80.2309265137,22947,22958,11
13.0281801224,80.2309417725,22958,22968,10
13.0277700424,80.231010437,22968,22978,10
13.0276603699,80.2312927246,22978,22988,10
13.0277099609,80.2317581177,22988,22998,10
13.0278301239,80.2322998047,22998,23008,10
13.0278596878,80.2327880859,23008,23018,10
13.0273704529,80.2328720093,23018,23028,10
13.0268497467,80.2329788208,23028,23048,20
13.0268497467,80.2329788208,23048,23058,10
13.0266103745,80.2330322266,23058,23069,11
13.0263004303,80.2326812744,23069,23079,10
13.0261497498,80.2319793701,23079,23089,10
13.0259504318,80.2310791016,23089,23098,9
13.025560379,80.230178833,23098,23109,11
13.024769783,80.2291412354,23109,23119,10
13.0241804123,80.2284393311,23119,23129,10
13.0240697861,80.2283477783,23129,23139,10
13.0239896774,80.2282791138,23139,23149,10
13.0237197876,80.2279205322,23149,23159,10
13.0231800079,80.2273788452,23159,23170,11
13.0223798752,80.2266693115,23170,23180,10
13.0215797424,80.2259979248,23180,23190,10
13.0207595825,80.2253723145,23190,23200,10
13.0199604034,80.224822998,23200,23210,10
13.0188999176,80.2244720459,23210,23220,10
13.0177097321,80.2249069214,23220,23230,10
13.016699791,80.2253417969,23230,23240,10
13.0160598755,80.2256011963,23240,23250,10
13.0152397156,80.2258987427,23250,23260,10
13.0144796371,80.2262191772,23260,23270,10
13.0144195557,80.2262496948,23270,23281,11
13.0142402649,80.2263183594,23281,23291,10
13.0136299133,80.2265472412,23291,23301,10
13.0127401352,80.2268829346,23301,23311,10
13.0116701126,80.2273025513,23311,23321,10
13.0104904175,80.2277832031,23321,23331,10
13.0094995499,80.2282180786,23331,23341,10
13.009059906,80.229057312,23341,23351,10
13.0088500977,80.2302627563,23351,23361,10
13.0086097717,80.2315597534,23361,23371,10
13.0083799362,80.2328033447,23371,23381,10
13.008310318,80.2334136963,23381,23392,11
13.0082302094,80.2336883545,23392,23402,10
13.0080795288,80.2342987061,23402,23412,10
13.0079097748,80.235168457,23412,23422,10
13.0076904297,80.2362823486,23422,23432,10
13.0074596405,80.2375030518,23432,23442,10
13.0072402954,80.2386169434,23442,23452,10
13.0070295334,80.2395935059,23452,23462,10
13.0069303513,80.2400817871,23462,23493,31
13.0069303513,80.2400817871,23493,23503,10
13.0068998337,80.2404022217,23503,23513,10
13.006770134,80.2412033081,23513,23523,10
13.0067396164,80.2422714233,23523,23533,10
13.0066900253,80.2434692383,23533,23543,10
13.0066404343,80.2447662354,23543,23553,10
13.0066995621,80.2461013794,23553,23563,10
13.0067300797,80.2473602295,23563,23573,10
13.0067596436,80.2485198975,23573,23583,10
13.0068798065,80.2495269775,23583,23593,10
13.0069103241,80.2496032715,23593,23604,11
13.0068902969,80.2500076294,23604,23614,10
13.0068798065,80.2502212524,23614,23624,10
13.0068798065,80.2508621216,23624,23634,10
13.0067596436,80.2517623901,23634,23644,10
13.0066003799,80.2528991699,23644,23654,10
13.0066003799,80.2541503906,23654,23664,10
13.0066299438,80.255531311,23664,23674,10
13.0066404343,80.256942749,23674,23684,10
13.0070199966,80.2580490112,23684,23694,10
13.0075998306,80.2586135864,23694,23705,11
13.0076799393,80.2586517334,23705,23715,10
13.0081100464,80.2588577271,23715,23725,10
13.0089702606,80.2590789795,23725,23735,10
13.0101499557,80.2590789795,23735,23745,10
13.0115003586,80.2590789795,23745,23755,10
13.0129003525,80.2591400146,23755,23765,10
13.0143203735,80.2591781616,23765,23775,10
13.0156097412,80.2592697144,23775,23785,10
13.0163497925,80.2596206665,23785,23795,10
13.0164003372,80.2596511841,23795,23805,10
13.0165195465,80.2597732544,23805,23816,11
13.0171003342,80.2602005005,23816,23826,10
13.0178899765,80.2607498169,23826,23836,10
13.0186796188,80.2612991333,23836,23846,10
13.0194101334,80.2619400024,23846,23856,10
13.0201396942,80.2626190186,23856,23866,10
13.0202198029,80.2626724243,23866,23876,10
13.0205202103,80.2628097534,23876,23886,10
13.0212402344,80.2630233765,23886,23896,10
13.0219802856,80.2633285522,23896,23906,10
13.0223398209,80.2634963989,23906,23917,11
13.022939682,80.2638015747,23917,23927,10
13.0230503082,80.2638397217,23927,23937,10
13.0234203339,80.2640991211,23937,23947,10
13.0241098404,80.2644729614,23947,23957,10
13.0247898102,80.2649307251,23957,23967,10
13.0254602432,80.2654266357,23967,23977,10
13.0261096954,80.2658233643,23977,23987,10
13.0263500214,80.2655334473,23987,23997,10
13.0264501572,80.2647781372,23997,24007,10
13.0265197754,80.2640609741,24007,24017,10
13.0265398026,80.263961792,24017,24028,11
13.0266103745,80.2634811401,24028,24038,10
13.027009964,80.2634506226,24038,24048,10
13.0276098251,80.263633728,24048,24058,10
13.0284500122,80.2638168335,24058,24068,10
13.0291099548,80.2639770508,24068,24078,10
13.029299736,80.2642288208,24078,24088,10
13.0293197632,80.2647705078,24088,24098,10
13.0293302536,80.2655792236,24098,24108,10
13.029299736,80.2659072876,24108,24118,10
13.0292301178,80.2662582397,24118,24128,10
13.0292701721,80.2665176392,24128,24139,11
13.0297002792,80.2665863037,24139,24149,10
13.0305595398,80.2667007446,24149,24159,10
13.0314702988,80.266960144,24159,24169,10
13.0323495865,80.2673187256,24169,24179,10
13.0329198837,80.2676696777,24179,24189,10
13.0333900452,80.2677688599,24189,24199,10
13.0333995819,80.2677764893,24199,24209,10
13.0336503983,80.2678833008,24209,24219,10
13.0340099335,80.2679595947,24219,24229,10
13.0345401764,80.2679977417,24229,24260,31
13.0345401764,80.2679977417,24260,24270,10
13.0345201492,80.2681884766,24270,24280,10
13.0343799591,80.2680892944,24280,24290,10
13.0337600708,80.2679595947,24290,24896,606
13.0337600708,80.2679595947,24896,24906,10
13.0333900452,80.2678527832,24906,24916,10
13.0330696106,80.2677688599,24916,24926,10
13.0326595306,80.2676391602,24926,24936,10
13.0324201584,80.2674407959,24936,24946,10
13.0319900513,80.2672424316,24946,24956,10
13.0314397812,80.2670288086,24956,24966,10
13.0307397842,80.2668380737,24966,24976,10
13.0300397873,80.2667007446,24976,24987,11
13.02987957,80.2666625977,24987,24997,10
13.0296602249,80.2666397095,24997,25007,10
13.0293502808,80.2665786743,25007,25017,10
13.0289802551,80.2664413452,25017,25027,10
13.0284099579,80.2662811279,25027,25037,10
13.0277299881,80.2660903931,25037,25047,10
13.0270395279,80.2660217285,25047,25057,10
13.0266799927,80.2659988403,25057,25067,10
13.0264902115,80.2659683228,25067,25077,10
13.0260400772,80.2658004761,25077,25087,10
13.0254096985,80.2654037476,25087,25098,11
13.0252599716,80.265296936,25098,25108,10
13.0250997543,80.2652130127,25108,25118,10
13.0247802734,80.2649765015,25118,25128,10
13.0241699219,80.2645263672,25128,25138,10
13.0234498978,80.2641220093,25138,25148,10
13.0227403641,80.2636566162,25148,25158,10
13.0221700668,80.2634429932,25158,25168,10
13.0221300125,80.2634124756,25168,25178,10
13.02202034,80.263343811,25178,25188,10
13.0216598511,80.2632217407,25188,25199,11
13.0207004547,80.2630386353,25199,25209,10
13.0198001862,80.2629623413,25209,25219,10
13.019109726,80.2629013062,25219,25229,10
13.0189304352,80.2624664307,25229,25239,10
13.0188102722,80.2616729736,25239,25249,10
13.0184602737,80.2611465454,25249,25259,10
13.0178499222,80.2607574463,25259,25269,10
13.0172796249,80.260383606,25269,25279,10
13.0161399841,80.2597427368,25279,25299,20
13.0161399841,80.2597427368,25299,25310,11
13.0157499313,80.2595367432,25310,25320,10
13.0150203705,80.2593536377,25320,25330,10
13.0141000748,80.2592926025,25330,25340,10
13.0129699707,80.259262085,25340,25350,10
13.0119104385,80.2592391968,25350,25360,10
13.0110397339,80.2592163086,25360,25370,10
13.0100898743,80.2592468262,25370,25380,10
13.0097503662,80.2592163086,25380,25390,10
13.0096197128,80.2592163086,25390,25400,10
13.009059906,80.2591705322,25400,25411,11
13.0086898804,80.2591629028,25411,25421,10
13.0080604553,80.2592163086,25421,25431,10
13.0074796677,80.2593917847,25431,25441,10
13.0072002411,80.2587509155,25441,25451,10
13.0071601868,80.2586364746,25451,25461,10
13.0068998337,80.2582321167,25461,25471,10
13.0065002441,80.2575531006,25471,25491,20
13.0065002441,80.2575531006,25491,25501,10
13.0064601898,80.2573165894,25501,25511,10
13.0064697266,80.2568969727,25511,25522,11
13.0064897537,80.2559585571,25522,25532,10
13.0065498352,80.2548675537,25532,25542,10
13.0065402985,80.2536392212,25542,25552,10
13.0065402985,80.2531204224,25552,25562,10
13.0065402985,80.2529296875,25562,25572,10
13.006649971,80.2519607544,25572,25602,30
13.006649971,80.2519607544,25602,25612,10
13.0067100525,80.2518081665,25612,25622,10
13.0067901611,80.2513427734,25622,25633,11
13.006819725,80.25050354,25633,25643,10
13.006819725,80.2494430542,25643,25653,10
13.0067300797,80.2484207153,25653,25663,10
13.0066795349,80.2477798462,25663,25673,10
13.0066604614,80.2475585938,25673,25683,10
13.006649971,80.2474822998,25683,25693,10
13.0066795349,80.2470321655,25693,25703,10
13.0066204071,80.2464904785,25703,25713,10
13.0066699982,80.2459182739,25713,25723,10
13.0066604614,80.2449798584,25723,25734,11
13.006649971,80.2438278198,25734,25744,10
13.0066099167,80.2428970337,25744,25754,10
13.0065898895,80.2417602539,25754,25764,10
13.0067100525,80.2405776978,25764,25774,10
13.006939888,80.2393722534,25774,25784,10
13.0071697235,80.2381134033,25784,25794,10
13.0073900223,80.2371368408,25794,25804,10
13.0075702667,80.2362213135,25804,25814,10
13.0077600479,80.2353591919,25814,25824,10
13.0079402924,80.2344436646,25824,25834,10
13.0081796646,80.2332763672,25834,25845,11
13.0084495544,80.2318496704,25845,25855,10
13.0087003708,80.2305297852,25855,25865,10
13.0089197159,80.2294006348,25865,25875,10
13.0091495514,80.2283401489,25875,25885,10
13.0096597672,80.2270812988,25885,25895,10
13.0101604462,80.2259902954,25895,25905,10
13.0105695724,80.2251205444,25905,25915,10
13.0109300613,80.2243728638,25915,25925,10
13.0111904144,80.2237625122,25925,25935,10
13.0112400055,80.2236022949,25935,25946,11
13.0112600327,80.2234420776,25946,25956,10
13.0114603043,80.22290802,25956,25966,10
13.0117998123,80.2219772339,25966,25976,10
13.0122804642,80.2214202881,25976,25986,10
13.0127401352,80.2220077515,25986,25996,10
13.0133304596,80.2227630615,25996,26006,10
13.0141601563,80.2236480713,26006,26016,10
13.0148696899,80.2244110107,26016,26026,10
13.0151500702,80.2247467041,26026,26036,10
13.0151796341,80.2247772217,26036,26046,10
13.01541996,80.2249526978,26046,26057,11
13.0160102844,80.2253799438,26057,26067,10
13.0170297623,80.225151062,26067,26077,10
13.0182504654,80.2246627808,26077,26087,10
13.0193395615,80.2244186401,26087,26097,10
13.019780159,80.224609375,26097,26107,10
13.0202302933,80.2249526978,26107,26117,10
13.0209197998,80.225402832,26117,26127,10
13.0215997696,80.2259216309,26127,26137,10
13.0218696594,80.2261123657,26137,26147,10
13.0220899582,80.226348877,26147,26157,10
13.0227403641,80.2268981934,26157,26168,11
13.0236797333,80.2277374268,26168,26178,10
13.0243196487,80.2283782959,26178,26188,10
13.0243797302,80.2284469604,26188,26198,10
13.0246200562,80.2288284302,26198,26208,10
13.0251502991,80.2295684814,26208,26218,10
13.0257701874,80.2304763794,26218,26228,10
13.02602005,80.231300354,26228,26238,10
13.0266599655,80.2312011719,26238,26248,10
13.0276002884,80.2309799194,26248,26258,10
13.0284004211,80.2308807373,26258,26269,11
13.0285797119,80.2308807373,26269,26279,10
13.0291004181,80.2308502197,26279,26289,10
13.0296497345,80.2307891846,26289,26299,10
13.0304698944,80.2307281494,26299,26309,10
13.0311899185,80.230682373,26309,26319,10
13.0320301056,80.2306137085,26319,26329,10
13.0330600739,80.2305297852,26329,26339,10
13.034040451,80.23046875,26339,26349,10
13.0344104767,80.2304000854,26349,26359,10
13.0345096588,80.2303619385,26359,26369,10
13.0348796844,80.2302627563,26369,26380,11
13.0348300934,80.2300262451,26380,26390,10
13.0344200134,80.2300262451,26390,28247,1857
13.0344200134,80.2300262451,28247,28257,10
13.0341796875,80.2303009033,28257,28267,10
13.0341396332,80.230430603,28267,28277,10
13.0338802338,80.2304382324,28277,28287,10
13.0335102081,80.2304382324,28287,28297,10
13.0334596634,80.2304382324,28297,28308,11
13.0330600739,80.2304763794,28308,28318,10
13.0324201584,80.2305831909,28318,28328,10
13.0315198898,80.2306594849,28328,28338,10
13.0307197571,80.2307662964,28338,28348,10
13.0298995972,80.2308273315,28348,28378,30
13.0298995972,80.2308273315,28378,28388,10
13.0295600891,80.2308883667,28388,28398,10
13.0293502808,80.2308883667,28398,28409,11
13.0287904739,80.2309188843,28409,28419,10
13.0283603668,80.2309799194,28419,28429,10
13.0278396606,80.231048584,28429,28439,10
13.0277299881,80.2313766479,28439,28449,10
13.027759552,80.2318496704,28449,28459,10
13.0278596878,80.2325134277,28459,28469,10
13.0277299881,80.2328567505,28469,28479,10
13.0269002914,80.2329788208,28479,28540,61
13.0269002914,80.2329788208,28540,28550,10
13.026599884,80.2329788208,28550,28560,10
13.026309967,80.2327270508,28560,28570,10
13.0261096954,80.2320404053,28570,28580,10
13.0258798599,80.2311706543,28580,28590,10
13.0254802704,80.2302474976,28590,28600,10
13.0249996185,80.2295532227,28600,28610,10
13.0245199203,80.2289428711,28610,28620,10
13.0239696503,80.2283096313,28620,28641,21
13.0239696503,80.2283096313,28641,28651,10
13.0238399506,80.2281494141,28651,28661,10
13.0236196518,80.2278594971,28661,28671,10
13.0232400894,80.2274398804,28671,28681,10
13.0226202011,80.2268829346,28681,28691,10
13.0219402313,80.2262878418,28691,28701,10
13.0213098526,80.2257995605,28701,28711,10
13.0205802917,80.2252502441,28711,28721,10
13.0198802948,80.2247772217,28721,28732,11
13.0188798904,80.2244796753,28732,28742,10
13.0178003311,80.224899292,28742,28752,10
13.0168304443,80.2253112793,28752,28762,10
13.0163002014,80.2255172729,28762,28772,10
13.0156002045,80.2257537842,28772,28782,10
13.014840126,80.2260665894,28782,28792,10
13.0142202377,80.2263336182,28792,28812,20
13.0142202377,80.2263336182,28812,28822,10
13.0140199661,80.2264175415,28822,28832,10
13.0134801865,80.2266235352,28832,28843,11
13.0126104355,80.2269592285,28843,28853,10
13.0116901398,80.2273483276,28853,28863,10
13.0109300613,80.2276687622,28863,28873,10
13.010219574,80.2279510498,28873,28883,10
13.0093803406,80.2283325195,28883,28893,10
13.0090703964,80.2292785645,28893,28903,10
13.0088100433,80.2304763794,28903,28913,10
13.0085897446,80.2316818237,28913,28923,10
13.0083503723,80.2328262329,28923,28933,10
13.0082798004,80.2334136963,28933,28943,10
13.0082397461,80.2336578369,28943,28964,21
13.0082397461,80.2336578369,28964,28974,10
13.0081396103,80.2338409424,28974,28984,10
13.0080795288,80.2342605591,28984,28994,10
13.0079898834,80.2347488403,28994,29004,10
13.007900238,80.2351074219,29004,29014,10
13.0078601837,80.2353515625,29014,29024,10
13.0078001022,80.2357177734,29024,29034,10
13.0076999664,80.2361984253,29034,29044,10
13.0075502396,80.2370529175,29044,29054,10
13.007349968,80.2380218506,29054,29065,11
13.0072202682,80.238899231,29065,29075,10
13.0069599152,80.2400894165,29075,29125,50
13.0069599152,80.2400894165,29125,29135,10
13.0069799423,80.2402114868,29135,29145,10
13.0069198608,80.240737915,29145,29155,10
13.0068798065,80.2408294678,29155,29166,11
13.0068302155,80.2412033081,29166,29176,10
13.0067996979,80.2419281006,29176,29186,10
13.0067996979,80.2427062988,29186,29196,10
13.006770134,80.2434921265,29196,29206,10
13.0067300797,80.2444610596,29206,29216,10
13.0067396164,80.2451171875,29216,29226,10
13.0067396164,80.2454833984,29226,29246,20
13.0067396164,80.2454833984,29246,29256,10
13.0067501068,80.24609375,29256,29266,10
13.0067796707,80.246711731,29266,29277,11
13.0067501068,80.247756958,29277,29287,10
13.0067901611,80.2488098145,29287,29297,10
13.0068798065,80.2496185303,29297,29317,20
13.0068798065,80.2496185303,29317,29327,10
13.0068597794,80.249710083,29327,29337,10
13.0068502426,80.2502212524,29337,29347,10
13.0068597794,80.2509994507,29347,29357,10
13.0067396164,80.2517929077,29357,29367,10
13.0065603256,80.2527694702,29367,29378,11
13.0065803528,80.2540893555,29378,29388,10
13.0066404343,80.2552871704,29388,29398,10
13.0066604614,80.2564163208,29398,29408,10
13.0067100525,80.2571411133,29408,29418,10
13.0066995621,80.2572631836,29418,29428,10
13.0066795349,80.2573928833,29428,29489,61
13.0066795349,80.2573928833,29489,29499,10
13.0067501068,80.2578277588,29499,29509,10
13.0071697235,80.2584381104,29509,29519,10
13.0077295303,80.2587280273,29519,29529,10
13.0077495575,80.2587280273,29529,29539,10
13.0078296661,80.2587432861,29539,29549,10
13.0081996918,80.2589035034,29549,29559,10
13.0088300705,80.2590713501,29559,29569,10
13.0093402863,80.2590789795,29569,29579,10
13.010219574,80.2591018677,29579,29589,10
13.0113201141,80.2590866089,29589,29600,11
13.0126695633,80.2591323853,29600,29610,10
13.013999939,80.2591781616,29610,29620,10
13.0152797699,80.2592391968,29620,29630,10
13.0165300369,80.2597503662,29630,29660,30
13.0165300369,80.2597503662,29660,29670,10
13.0167398453,80.2599563599,29670,29680,10
13.0173397064,80.260383606,29680,29690,10
13.0180997849,80.260887146,29690,29700,10
13.0187196732,80.2612991333,29700,29711,11
13.0190095901,80.2615585327,29711,29721,10
13.0193595886,80.2618484497,29721,29731,10
13.0195798874,80.2620697021,29731,29741,10
13.0198698044,80.2623901367,29741,29751,10
13.02023983,80.2626495361,29751,29761,10
13.0203800201,80.2627182007,29761,29771,10
13.020939827,80.2629013062,29771,29781,10
13.0217103958,80.2631835938,29781,29791,10
13.0221004486,80.2633666992,29791,29801,10
13.0225296021,80.2635879517,29801,29812,11
13.0229701996,80.2638397217,29812,29822,10
13.023059845,80.2639389038,29822,29832,10
13.0234298706,80.2641220093,29832,29842,10
13.0240402222,80.2644424438,29842,29852,10
13.0246801376,80.2648696899,29852,29862,10
13.0252895355,80.2653198242,29862,29872,10
13.0259399414,80.2657394409,29872,29882,10
13.0262403488,80.26587677,29882,29892,10
13.0263595581,80.2654495239,29892,29902,10
13.0264501572,80.2646789551,29902,29912,10
13.0265197754,80.263999939,29912,29923,11
13.0265703201,80.2638473511,29923,29933,10
13.0266199112,80.2634811401,29933,29943,10
13.0269498825,80.263458252,29943,29953,10
13.0274801254,80.2635574341,29953,29963,10
13.0281400681,80.2637329102,29963,29973,10
13.0282802582,80.2637710571,29973,29983,10
13.0286502838,80.2638778687,29983,29993,10
13.0291004181,80.2640075684,29993,30003,10
13.0292701721,80.264289856,30003,30013,10
13.0292797089,80.2648696899,30013,30024,11
13.0292596817,80.2654495239,30024,30034,10
13.0292596817,80.2659606934,30034,30044,10
13.029250145,80.2660903931,30044,30054,10
13.0292301178,80.2662963867,30054,30064,10
13.0292196274,80.2664489746,30064,30074,10
13.0293102264,80.2665405273,30074,30084,10
13.0297298431,80.2666397095,30084,30093,9
13.0302696228,80.2666625977,30093,30104,11
13.0312995911,80.2668991089,30104,30114,10
13.0320396423,80.2672119141,30114,30124,10
13.0324802399,80.2674102783,30124,30135,11
13.0327796936,80.2676391602,30135,30145,10
13.033370018,80.2677764893,30145,30175,30
13.033370018,80.2677764893,30175,30185,10
13.0336103439,80.2678909302,30185,30195,10
13.0338497162,80.2679290771,30195,30205,10
13.0340900421,80.2679595947,30205,30215,10
13.0345802307,80.2680130005,30215,30266,51
13.0345802307,80.2680130005,30266,30276,10
13.0344200134,80.268119812,30276,30286,10
13.0341596603,80.2680206299,30286,30296,10
13.0338897705,80.2679672241,30296,30306,10
13.0333995819,80.2678909302,30306,30447,141
13.0332403183,80.2678527832,30447,30680,233
13.0333204269,80.2679367065,30680,30962,282
13.0333204269,80.2679367065,30962,30972,10
13.0331602097,80.267829895,30972,30982,10
13.0328397751,80.2677764893,30982,30992,10
13.0326700211,80.2676696777,30992,31003,11
13.0325098038,80.2675170898,31003,31013,10
13.0321998596,80.2673416138,31013,31023,10
13.0317602158,80.2670898438,31023,31033,10
13.03125,80.2668762207,31033,31043,10
13.0304899216,80.2667694092,31043,31053,10
13.0298700333,80.2666931152,31053,31063,10
13.0297403336,80.2666778564,31063,31073,10
13.0294799805,80.2666625977,31073,31083,10
13.0291700363,80.2664794922,31083,31093,10
13.0287704468,80.2663879395,31093,31104,11
13.0283203125,80.2663421631,31104,31114,10
13.0277395248,80.2661819458,31114,31124,10
13.027009964,80.2661209106,31124,31133,9
13.0264701843,80.2660369873,31133,31144,11
13.0263204575,80.2659835815,31144,31154,10
13.0261001587,80.2658996582,31154,31164,10
13.0256595612,80.2656021118,31164,31174,10
13.0252599716,80.2653579712,31174,31184,10
13.0252199173,80.2653503418,31184,31194,10
13.0249795914,80.2651596069,31194,31204,10
13.0244598389,80.2647705078,31204,31215,11
13.0236997604,80.2642669678,31215,31225,10
13.0228796005,80.2638320923,31225,31235,10
13.022190094,80.2634887695,31235,31255,20
13.022190094,80.2634887695,31255,31265,10
13.0220298767,80.2633972168,31265,31275,10
13.0218200684,80.2632827759,31275,31285,10
13.0212202072,80.2631072998,31285,31295,10
13.0204296112,80.2630691528,31295,31305,10
13.0197200775,80.2630081177,31305,31315,10
13.0191001892,80.2629165649,31315,31326,11
13.018910408,80.2623596191,31326,31336,10
13.0187997818,80.2616119385,31336,31346,10
13.0185804367,80.2612609863,31346,31356,10
13.0183200836,80.2610931396,31356,31366,10
13.0179595947,80.260848999,31366,31376,10
13.0173797607,80.2604522705,31376,31386,10
13.0161104202,80.2596893311,31386,31406,20
13.0161104202,80.2596893311,31406,31416,10
13.0160903931,80.2596969604,31416,31426,10
13.0157403946,80.2595367432,31426,31437,11
13.014960289,80.2593612671,31437,31447,10
13.0140800476,80.2593231201,31447,31457,10
13.0130395889,80.2592926025,31457,31467,10
13.0120601654,80.2592391968,31467,31477,10
13.0113401413,80.2592086792,31477,31487,10
13.0105800629,80.2592391968,31487,31497,10
13.0098495483,80.259262085,31497,31507,10
13.0098304749,80.2592468262,31507,31517,10
13.0094604492,80.2592697144,31517,31527,10
13.0089797974,80.2592391968,31527,31538,11
13.0087099075,80.2592315674,31538,31548,10
13.0081996918,80.2591629028,31548,31558,10
13.0076799393,80.2593383789,31558,31568,10
13.0072603226,80.2588577271,31568,31588,20
13.0072603226,80.2588577271,31588,31598,10
13.0071601868,80.2586135864,31598,31608,10
13.0068702698,80.258102417,31608,31618,10
13.0065498352,80.2576980591,31618,31689,71
13.0065498352,80.2576980591,31689,31699,10
13.0065002441,80.257522583,31699,31709,10
13.0065002441,80.2571182251,31709,31719,10
13.0065002441,80.256401062,31719,31729,10
13.0064897537,80.2554397583,31729,31739,10
13.0065402985,80.2547836304,31739,31749,10
13.0065002441,80.2531967163,31749,31780,31
13.0065002441,80.2531967163,31780,31790,10
13.0065002441,80.2529602051,31790,31800,10
13.0065402985,80.2523269653,31800,31850,50
13.0065402985,80.2523269653,31850,31860,10
13.0065803528,80.2521591187,31860,31871,11
13.0066900253,80.2516784668,31871,31881,10
13.0067796707,80.2510375977,31881,31891,10
13.006770134,80.2502822876,31891,31901,10
13.0067396164,80.2496490479,31901,31911,10
13.0067300797,80.2494812012,31911,31921,10
13.0066900253,80.2489395142,31921,31931,10
13.0066699982,80.2486114502,31931,31972,41
13.0066699982,80.2486114502,31972,31982,10
13.0066699982,80.2483825684,31982,31992,10
13.0066404343,80.2481613159,31992,32002,10
13.0066204071,80.2476730347,32002,32012,10
13.0066299438,80.2471389771,32012,32022,10
13.0066099167,80.2467727661,32022,32052,30
13.0066099167,80.2467727661,32052,32062,10
13.0065803528,80.2464675903,32062,32072,10
13.0066404343,80.2459716797,32072,32083,11
13.0066604614,80.2454223633,32083,32093,10
13.006649971,80.2450180054,32093,32103,10
13.0066699982,80.2447433472,32103,32113,10
13.0066604614,80.2444763184,32113,32123,10
13.0066404343,80.2443237305,32123,32133,10
13.0066404343,80.2438583374,32133,32143,10
13.0066003799,80.2433013916,32143,32153,10
13.0065603256,80.2425308228,32153,32163,10
13.0065402985,80.2417221069,32163,32183,20
13.0065402985,80.2417221069,32183,32194,11
13.0065603256,80.2413330078,32194,32204,10
13.0066204071,80.2408828735,32204,32214,10
13.0066900253,80.2405014038,32214,32224,10
13.0067901611,80.2399673462,32224,32234,10
13.0069599152,80.2391433716,32234,32244,10
13.0071601868,80.2381820679,32244,32254,10
13.0073795319,80.2371902466,32254,32264,10
13.0074300766,80.2366485596,32264,32284,20
13.0074300766,80.2366485596,32284,32295,11
13.007519722,80.2363586426,32295,32305,10
13.0076599121,80.2357635498,32305,32315,10
13.0078296661,80.234916687,32315,32325,10
13.0080404282,80.2339401245,32325,32335,10
13.0082998276,80.2326812744,32335,32345,10
13.0085802078,80.231300354,32345,32355,10
13.0088596344,80.2298965454,32355,32365,10
13.0091199875,80.2285995483,32365,32375,10
13.009519577,80.2274703979,32375,32385,10
13.0100297928,80.2263336182,32385,32395,10
13.0106801987,80.2250289917,32395,32426,31
13.0106801987,80.2250289917,32426,32436,10
13.0106897354,80.224861145,32436,32446,10
13.0108203888,80.224609375,32446,32456,10
13.0110998154,80.2240066528,32456,32466,10
13.011469841,80.2232131958,32466,32476,10
13.011759758,80.2224197388,32476,32486,10
13.0121202469,80.221496582,32486,32496,10
13.0124397278,80.2215270996,32496,32506,10
13.0127696991,80.222076416,32506,32517,11
13.013420105,80.2227783203,32517,32527,10
13.013999939,80.2233886719,32527,32537,10
13.0142803192,80.2238922119,32537,32547,10
13.014749527,80.224357605,32547,32557,10
13.0150003433,80.2245483398,32557,32567,10
13.0150604248,80.2246017456,32567,32577,10
13.0155897141,80.2250595093,32577,32597,20
13.0155897141,80.2250595093,32597,32607,10
13.0157403946,80.2252197266,32607,32617,10
13.0162601471,80.2253799438,32617,32628,11
13.0172395706,80.2250823975,32628,32638,10
13.0183000565,80.2246704102,32638,32648,10
13.0191698074,80.2243804932,32648,32658,10
13.0197496414,80.2245483398,32658,32668,10
13.0201797485,80.2248764038,32668,32678,10
13.020819664,80.2253189087,32678,32688,10
13.0212697983,80.2257003784,32688,32698,10
13.0220098495,80.2262115479,32698,32789,91
13.0220098495,80.2262115479,32789,32799,10
13.0222196579,80.2263565063,32799,32809,10
13.0226802826,80.2267684937,32809,32819,10
13.0233201981,80.2273635864,32819,32829,10
13.024140358,80.2281799316,32829,32860,31
13.024140358,80.2281799316,32860,32870,10
13.0242700577,80.2283172607,32870,32880,10
13.0244102478,80.2285079956,32880,32890,10
13.024600029,80.228767395,32890,32900,10
13.0247602463,80.2290115356,32900,32910,10
13.0250101089,80.229347229,32910,32920,10
13.0254297256,80.2299118042,32920,32930,10
13.025759697,80.2304077148,32930,32940,10
13.0258398056,80.2305679321,32940,32951,11
13.025970459,80.2308120728,32951,32961,10
13.02602005,80.2311706543,32961,32971,10
13.0263500214,80.2312698364,32971,32981,10
13.0270996094,80.2311019897,32981,32991,10
13.027970314,80.2309494019,32991,33001,10
13.0285196304,80.2309036255,33001,33011,10
13.0285396576,80.2308883667,33011,33021,10
13.0288801193,80.2308578491,33021,33031,10
13.0294303894,80.2308120728,33031,33052,21
13.0294303894,80.2308120728,33052,33062,10
13.0295295715,80.2308120728,33062,33072,10
13.0299396515,80.2307662964,33072,33082,10
13.030579567,80.23072052,33082,33092,10
13.0306501389,80.2307128906,33092,33102,10
13.0310001373,80.2307128906,33102,33112,10
13.031539917,80.2306671143,33112,33122,10
13.0324401855,80.2305831909,33122,33132,10
13.0334100723,80.2304992676,33132,33142,10
13.0342597961,80.2304382324,33142,33213,71
13.0342597961,80.2304382324,33213,33223,10
13.0346498489,80.2303237915,33223,33233,10
13.0348501205,80.2302398682,33233,33243,10
13.0350103378,80.2301177979,33243,33253,10
13.0350999832,80.2298736572,33253,33263,10
13.034740448,80.2297592163,33263,33274,11
13.0343103409,80.2297286987,33274,33284,10
13.0342903137,80.2300186157,33284,33597,313
13.0342903137,80.2300186157,33597,33607,10
13.0342597961,80.2301712036,33607,33617,10
13.0341997147,80.2303619385,33617,33627,10
13.0341901779,80.2303771973,33627,33637,10
13.0339298248,80.2304077148,33637,33647,10
13.033539772,80.2304534912,33647,33657,10
13.0334997177,80.2304611206,33657,33667,10
13.0331602097,80.230506897,33667,33677,10
13.0326595306,80.2305526733,33677,33687,10
13.0320796967,80.2306213379,33687,33698,11
13.0313501358,80.2306671143,33698,33708,10
13.0308799744,80.23072052,33708,33718,10
13.0307397842,80.2307434082,33718,33728,10
13.0302600861,80.2307662964,33728,33738,10
13.0298700333,80.2308120728,33738,33748,10
13.0298595428,80.2308120728,33748,33758,10
13.0296497345,80.2308273315,33758,33768,10
13.0292396545,80.2308578491,33768,33778,10
13.0287103653,80.2309036255,33778,33788,10
13.0281400681,80.2309799194,33788,33798,10
13.0277395248,80.2310409546,33798,33809,11
13.0277299881,80.2315979004,33809,33819,10
13.0278100967,80.2322692871,33819,33829,10
13.027879715,80.2327728271,33829,33839,10
13.0274295807,80.2328414917,33839,33849,10
13.0269498825,80.2329406738,33849,34091,242
13.0269498825,80.2329406738,34091,34101,10
13.026720047,80.2330093384,34101,34111,10
13.0264396667,80.2329788208,34111,34121,10
13.026309967,80.2326431274,34121,34132,11
13.0263004303,80.2325363159,34132,34142,10
13.0262804031,80.2322387695,34142,34152,10
13.0261802673,80.231880188,34152,34162,10
13.0261096954,80.2314834595,34162,34172,10
13.0259103775,80.2307891846,34172,34182,10
13.0254602432,80.2300415039,34182,34192,10
13.0249996185,80.2294464111,34192,34202,10
13.0248498917,80.2293014526,34202,34212,10
13.0246801376,80.2291030884,34212,34253,41
13.0246801376,80.2291030884,34253,34263,10
13.0243997574,80.228729248,34263,34273,10
13.0240097046,80.2282409668,34273,34303,30
13.0240097046,80.2282409668,34303,34313,10
13.0239601135,80.2280731201,34313,34323,10
13.0235900879,80.2276992798,34323,34333,10
13.0230798721,80.2272186279,34333,34343,10
13.0225400925,80.2267227173,34343,34354,11
13.0217599869,80.2261199951,34354,34364,10
13.0210103989,80.2255172729,34364,34374,10
13.0202198029,80.2249679565,34374,34384,10
13.0196504593,80.224609375,34384,34394,10
13.0187797546,80.2245178223,34394,34404,10
13.0178499222,80.2248764038,34404,34414,10
13.0168800354,80.2252883911,34414,34424,10
13.0162696838,80.2255172729,34424,34434,10
13.0155496597,80.2257995605,34434,34444,10
13.0147199631,80.2261123657,34444,34454,10
13.0143098831,80.2262802124,34454,34475,21
13.0143098831,80.2262802124,34475,34485,10
13.0141201019,80.2263793945,34485,34495,10
13.0136003494,80.2265625,34495,34505,10
13.0128698349,80.226852417,34505,34515,10
13.0120897293,80.227180481,34515,34525,10
13.0113201141,80.2275238037,34525,34677,152
13.0113201141,80.2275238037,34677,34687,10
13.0109901428,80.2276306152,34687,34697,10
13.0104799271,80.2278213501,34697,34707,10
13.0097999573,80.2280883789,34707,34717,10
13.0091495514,80.2286224365,34717,34727,10
13.0089597702,80.2295684814,34727,34737,10
13.0087900162,80.23046875,34737,34747,10
13.0087299347,80.2308807373,34747,34757,10
13.0087203979,80.2310409546,34757,34767,10
13.0086603165,80.2314224243,34767,34788,21
13.0086603165,80.2314224243,34788,34798,10
13.0085496902,80.2320175171,34798,34808,10
13.008480072,80.2324523926,34808,34858,50
13.008480072,80.2324523926,34858,34868,10
13.0084104538,80.2328567505,34868,34878,10
13.0083503723,80.2332992554,34878,34909,31
13.0083503723,80.2332992554,34909,34919,10
13.0082502365,80.2335968018,34919,34939,20
13.0082502365,80.2335968018,34939,34949,10
13.0081796646,80.2338180542,34949,34959,10
13.0081195831,80.2341003418,34959,34969,10
13.008020401,80.2347183228,34969,34989,20
13.008020401,80.2347183228,34989,34999,10
13.0079698563,80.2349624634,34999,35010,11
13.0078001022,80.235748291,35010,35030,20
13.0078001022,80.235748291,35030,35040,10
13.0077400208,80.2360610962,35040,35050,10
13.0077104568,80.2362365723,35050,35060,10
13.0076799393,80.2363815308,35060,35070,10
13.0076398849,80.2366027832,35070,35080,10
13.0075798035,80.2368621826,35080,35090,10
13.0074996948,80.2372283936,35090,35100,10
13.0074300766,80.2375717163,35100,35110,10
13.0073699951,80.2378997803,35110,35121,11
13.0073099136,80.238243103,35121,35161,40
13.0073099136,80.238243103,35161,35171,10
13.0072402954,80.2385406494,35171,35181,10
13.0072097778,80.2387695313,35181,35191,10
13.0072002411,80.2388381958,35191,35201,10
13.0071496964,80.2391662598,35201,35211,10
13.0070495605,80.2397689819,35211,35222,11
13.0068998337,80.2405166626,35222,35232,10
13.0068798065,80.2407226563,35232,35242,10
13.0068798065,80.2407302856,35242,35252,10
13.0068302155,80.2409286499,35252,35262,10
13.0067796707,80.2412414551,35262,35272,10
13.006770134,80.2414321899,35272,35292,20
13.0067996979,80.2416534424,35292,35363,71
13.0067596436,80.2420501709,35363,35403,40
13.0067596436,80.2420501709,35403,35413,10
13.0067501068,80.2424697876,35413,35464,51
13.0067501068,80.2424697876,35464,35474,10
13.0067195892,80.2429428101,35474,35484,10
13.0066995621,80.2430725098,35484,35494,10
13.0067100525,80.2433929443,35494,35504,10
13.0066995621,80.2437133789,35504,35514,10
13.0067195892,80.2440185547,35514,35524,10
13.0067195892,80.2440414429,35524,35534,10
13.0066995621,80.2444076538,35534,35544,10
13.0066795349,80.2447128296,35544,35555,11
13.0067195892,80.2451019287,35555,35565,10
13.0067396164,80.2455062866,35565,35575,10
13.0067796707,80.2459564209,35575,35585,10
13.0067796707,80.2465209961,35585,35595,10
13.0067596436,80.2474517822,35595,35605,10
13.0067796707,80.2484893799,35605,35615,10
13.0069198608,80.2492218018,35615,35645,30
13.0069198608,80.2492218018,35645,35656,11
13.006939888,80.2495574951,35656,35666,10
13.0068998337,80.2501373291,35666,35676,10
13.0068902969,80.2506027222,35676,35686,10
13.0069103241,80.2511520386,35686,35696,10
13.0067901611,80.2518997192,35696,35706,10
13.0066699982,80.2527999878,35706,35716,10
13.0066604614,80.253616333,35716,35726,10
13.0066795349,80.25440979,35726,35736,10
13.0066699982,80.2547225952,35736,35746,10
13.0066604614,80.2553024292,35746,35756,10
13.0066795349,80.2562026978,35756,35767,11
13.0067501068,80.2572097778,35767,35857,90
13.0067501068,80.2572097778,35857,35867,10
13.0067396164,80.2576293945,35867,35878,11
13.0071001053,80.2582778931,35878,35888,10
13.0077295303,80.2586975098,35888,35908,20
13.0077295303,80.2586975098,35908,35918,10
13.0079698563,80.2587890625,35918,35928,10
13.0084896088,80.2589874268,35928,35938,10
13.0089902878,80.2590408325,35938,35948,10
13.0097703934,80.2590408325,35948,35958,10
13.0107898712,80.2590408325,35958,35968,10
13.0118198395,80.2590179443,35968,35978,10
13.012140274,80.2590179443,35978,35989,11
13.0124597549,80.2590408325,35989,35999,10
13.0129203796,80.2590637207,35999,36019,20
13.0129203796,80.2590637207,36019,36029,10
13.0130701065,80.2590713501,36029,36039,10
13.0134000778,80.2590866089,36039,36069,30
13.0134000778,80.2590866089,36069,36079,10
13.013589859,80.2591018677,36079,36089,10
13.013999939,80.2591094971,36089,36110,21
13.013999939,80.2591094971,36110,36120,10
13.0143299103,80.2591171265,36120,36130,10
13.0146303177,80.2591323853,36130,36140,10
13.0148096085,80.2591400146,36140,36150,10
13.0149698257,80.259147644,36150,36160,10
13.0149803162,80.259147644,36160,36170,10
13.0151195526,80.2591629028,36170,36180,10
13.0154600143,80.2591934204,36180,36190,10
13.0157403946,80.2592773438,36190,36201,11
13.0162000656,80.2595214844,36201,36231,30
13.0162000656,80.2595214844,36231,36241,10
13.0164003372,80.2596969604,36241,36251,10
13.0165300369,80.2598495483,36251,36261,10
13.0166597366,80.2599716187,36261,36271,10
13.0169000626,80.260093689,36271,36281,10
13.0169296265,80.2601013184,36281,36291,10
13.0170898438,80.2601394653,36291,36301,10
13.0174999237,80.2604293823,36301,36312,11
13.0179300308,80.2607116699,36312,36322,10
13.0183095932,80.2609710693,36322,36332,10
13.0187501907,80.2612915039,36332,36342,10
13.0189304352,80.26146698,36342,36352,10
13.0191698074,80.261680603,36352,36362,10
13.0194396973,80.2619171143,36362,36372,10
13.019659996,80.2621231079,36372,36382,10
13.0200595856,80.2624664307,36382,36392,10
13.0201997757,80.2625808716,36392,36402,10
13.0204496384,80.2627563477,36402,36412,10
13.0210504532,80.2629089355,36412,36423,11
13.0218801498,80.2632064819,36423,36433,10
13.0221700668,80.2633590698,36433,36443,10
13.0230197906,80.2638015747,36443,36473,30
13.0230197906,80.2638015747,36473,36483,10
13.0234804153,80.2640914917,36483,36493,10
13.0240802765,80.2643966675,36493,36503,10
13.0246896744,80.2648162842,36503,36513,10
13.0251703262,80.2652206421,36513,36523,10
13.0258302689,80.2656402588,36523,36534,11
13.026140213,80.2658233643,36534,36544,10
13.0263500214,80.2654724121,36544,36554,10
13.0264101028,80.2647323608,36554,36564,10
13.0265598297,80.2638626099,36564,36584,20
13.0265598297,80.2638626099,36584,36594,10
13.0266399384,80.2635574341,36594,36604,10
13.0266799927,80.2633132935,36604,36614,10
13.0271196365,80.2634124756,36614,36624,10
13.027680397,80.2635421753,36624,36634,10
13.0282802582,80.2637023926,36634,36645,11
13.0285396576,80.2638092041,36645,36655,10
13.0291204453,80.263961792,36655,36665,10
13.0293798447,80.2641296387,36665,36675,10
13.0293798447,80.2643966675,36675,36685,10
13.0293703079,80.2655563354,36685,36715,30
13.0293703079,80.2655563354,36715,36725,10
13.029299736,80.2659835815,36725,36735,10
13.0292797089,80.2663269043,36735,36746,11
13.0296802521,80.2664871216,36746,36756,10
13.0300302505,80.2666397095,36756,36766,10
13.0305595398,80.2667312622,36766,36776,10
13.0314102173,80.2669219971,36776,36786,10
13.0319795609,80.2671585083,36786,36796,10
13.0325803757,80.2674331665,36796,36806,10
13.0330200195,80.2676925659,36806,36816,10
13.0334796906,80.2677764893,36816,36857,41
13.0334796906,80.2677764893,36857,36867,10
13.0337200165,80.2678222656,36867,36877,10
13.0339403152,80.2678909302,36877,36887,10
13.0345401764,80.2679824829,36887,36947,60
13.0345401764,80.2679824829,36947,36957,10
13.0343503952,80.2680511475,36957,36968,11
13.0340795517,80.2679824829,36968,36978,10
13.033829689,80.2679290771,36978,36988,10
13.0334396362,80.2678909302,36988,37119,131
13.0334396362,80.2678909302,37119,37129,10
13.0332202911,80.2678222656,37129,37139,10
13.032959938,80.2677612305,37139,37149,10
13.0326700211,80.2676391602,37149,37159,10
13.0324497223,80.2674789429,37159,37169,10
13.0319299698,80.2672119141,37169,37179,10
13.0312595367,80.2669296265,37179,37190,11
13.0305099487,80.2667999268,37190,37200,10
13.0297803879,80.2666397095,37200,37220,20
13.0297803879,80.2666397095,37220,37230,10
13.0294599533,80.2665863037,37230,37240,10
13.0293598175,80.2665634155,37240,37250,10
13.0289802551,80.266418457,37250,37260,10
13.028429985,80.2663421631,37260,37270,10
13.0277795792,80.2661819458,37270,37280,10
13.0270996094,80.2660827637,37280,37291,11
13.0265197754,80.2659835815,37291,37301,10
13.0263700485,80.2659301758,37301,37311,10
13.0260601044,80.265838623,37311,37321,10
13.0252103806,80.265296936,37321,37341,20
13.0252103806,80.265296936,37341,37351,10
13.0249900818,80.2651367188,37351,37361,10
13.0246601105,80.2649230957,37361,37371,10
13.0240802765,80.2644805908,37371,37381,10
13.0232400894,80.2640914917,37381,37391,10
13.022600174,80.2637023926,37391,37402,11
13.0222396851,80.2635269165,37402,37412,10
13.0221595764,80.2634811401,37412,37422,10
13.0219497681,80.2633590698,37422,37432,10
13.0214004517,80.263130188,37432,37442,10
13.0205001831,80.2630310059,37442,37452,10
13.0199899673,80.2630081177,37452,37462,10
13.0194301605,80.2629470825,37462,37472,10
13.018989563,80.2628326416,37472,37482,10
13.0188798904,80.2620697021,37482,37492,10
13.0187196732,80.2613296509,37492,37502,10
13.018119812,80.2609176636,37502,37513,11
13.0172796249,80.2603683472,37513,37523,10
13.016409874,80.2598419189,37523,37533,10
13.0160198212,80.2596511841,37533,37543,10
13.0159101486,80.2595672607,37543,37553,10
13.0153503418,80.2593917847,37553,37563,10
13.0144901276,80.2592773438,37563,37573,10
13.0134401321,80.2592468262,37573,37583,10
13.012169838,80.2592086792,37583,37593,10
13.010890007,80.2591781616,37593,37603,10
13.0099201202,80.2592163086,37603,37613,10
13.0097904205,80.2592163086,37613,37624,11
13.009469986,80.2591934204,37624,37634,10
13.0088596344,80.2591705322,37634,37644,10
13.0085096359,80.2591400146,37644,37654,10
13.007809639,80.2592697144,37654,37664,10
13.0073299408,80.2590789795,37664,37674,10
13.0071401596,80.2585601807,37674,37684,10
13.0070896149,80.2584915161,37684,37694,10
13.0068902969,80.2582015991,37694,37704,10
13.0068397522,80.2580413818,37704,37714,10
13.0066299438,80.2578201294,37714,37724,10
13.0065002441,80.2573623657,37724,37735,11
13.0065002441,80.2570114136,37735,37745,10
13.0064601898,80.2565689087,37745,37755,10
13.006480217,80.2560195923,37755,37765,10
13.0064897537,80.2554702759,37765,37775,10
13.0065202713,80.2550506592,37775,37785,10
13.0065202713,80.2542877197,37785,37795,10
13.0065002441,80.2534408569,37795,37805,10
13.0065002441,80.2530822754,37805,37815,10
13.0065202713,80.2529296875,37815,37825,10
13.0066604614,80.2518463135,37825,37926,101
13.0066604614,80.2518463135,37926,37936,10
13.0067100525,80.2515869141,37936,37947,11
13.0067596436,80.2510528564,37947,37987,40
13.0067596436,80.2510528564,37987,37997,10
13.0067501068,80.2507324219,37997,38007,10
13.0067396164,80.2501068115,38007,38017,10
13.0067501068,80.2497406006,38017,38027,10
13.0066995621,80.2489776611,38027,38047,20
13.0066995621,80.2489776611,38047,38058,11
13.0066604614,80.2485809326,38058,38219,161
13.0066604614,80.2485809326,38219,38229,10
13.0066299438,80.2483673096,38229,38239,10
13.0066204071,80.2480926514,38239,38300,61
13.0066204071,80.2480926514,38300,38310,10
13.0066204071,80.2477111816,38310,38320,10
13.0066404343,80.2472229004,38320,38330,10
13.0066204071,80.2468032837,38330,38340,10
13.0066099167,80.2466583252,38340,38350,10
13.0066204071,80.2462615967,38350,38360,10
13.0066003799,80.2456436157,38360,38370,10
13.0065898895,80.2448806763,38370,38381,11
13.0066099167,80.244140625,38381,38391,10
13.0065898895,80.2434692383,38391,38401,10
13.0065603256,80.2426681519,38401,38411,10
13.006529808,80.2419204712,38411,38421,10
13.0065402985,80.2416000366,38421,38431,10
13.0065603256,80.2415008545,38431,38441,10
13.0066204071,80.2409973145,38441,38451,10
13.0066795349,80.2405395508,38451,38461,10
13.006819725,80.2399673462,38461,38471,10
13.0069799423,80.2390518188,38471,38481,10
13.0071697235,80.2380371094,38481,38492,11
13.0073404312,80.2372436523,38492,38502,10
13.0073795319,80.2369995117,38502,38512,10
13.0073900223,80.2369003296,38512,38522,10
13.0074100494,80.2367782593,38522,38532,10
13.007519722,80.2364273071,38532,38542,10
13.0076799393,80.2357177734,38542,38552,10
13.0078697205,80.2347717285,38552,38562,10
13.0081100464,80.233581543,38562,38572,10
13.0083999634,80.2321777344,38572,38582,10
13.0086898804,80.2306900024,38582,38592,10
13.0089702606,80.2292098999,38592,38603,11
13.0093297958,80.2277679443,38603,38613,10
13.0098600388,80.2265930176,38613,38623,10
13.0103302002,80.2256317139,38623,38633,10
13.0106296539,80.2250823975,38633,38643,10
13.0107297897,80.224899292,38643,38653,10
13.0109996796,80.2242736816,38653,38663,10
13.0113296509,80.2235412598,38663,38673,10
13.0114002228,80.2232666016,38673,38683,10
13.0115003586,80.2229537964,38683,38693,10
13.011759758,80.2222213745,38693,38703,10
13.0121603012,80.2213973999,38703,38714,11
13.0125398636,80.2217025757,38714,38724,10
13.0129995346,80.2222900391,38724,38734,10
13.0132799149,80.2226028442,38734,38744,10
13.0135402679,80.2228775024,38744,38754,10
13.0138101578,80.2231521606,38754,38764,10
13.0139598846,80.2233276367,38764,38794,30
13.0139598846,80.2233276367,38794,38804,10
13.0141897202,80.2236328125,38804,38814,10
13.0144701004,80.2239685059,38814,38825,11
13.0146303177,80.2241821289,38825,38835,10
13.0150499344,80.2245864868,38835,38845,10
13.0154399872,80.2248916626,38845,38855,10
13.0154695511,80.2249069214,38855,38865,10
13.0156497955,80.2250289917,38865,38875,10
13.0159502029,80.2252502441,38875,38885,10
13.0162000656,80.2253036499,38885,38905,20
13.0162000656,80.2253036499,38905,38915,10
13.0165195465,80.2252883911,38915,38926,11
13.0166797638,80.225227356,38926,38936,10
13.017080307,80.2250671387,38936,38946,10
13.0175304413,80.2248764038,38946,38956,10
13.0177698135,80.2247695923,38956,38966,10
13.0180997849,80.2246398926,38966,38976,10
13.0184602737,80.2244873047,38976,38986,10
13.018699646,80.2244033813,38986,38996,10
13.0187797546,80.2243728638,38996,39006,10
13.0191698074,80.224281311,39006,39016,10
13.0195598602,80.224357605,39016,39026,10
13.0197401047,80.2244796753,39026,39037,11
13.0200796127,80.2247390747,39037,39047,10
13.0203695297,80.224937439,39047,39057,10
13.0205898285,80.2250976563,39057,39067,10
13.0207300186,80.225189209,39067,39077,10
13.020819664,80.2252578735,39077,39087,10
13.021109581,80.2254867554,39087,39097,10
13.0212402344,80.2256469727,39097,39107,10
13.0214195251,80.2258071899,39107,39117,10
13.0218601227,80.22605896,39117,39137,20
13.0218601227,80.22605896,39137,39148,11
13.0222797394,80.2263793945,39148,39198,50
13.0222797394,80.2263793945,39198,39208,10
13.022649765,80.2266769409,39208,39228,20
13.022649765,80.2266769409,39228,39238,10
13.0228099823,80.2268829346,39238,39248,10
13.0228796005,80.2269821167,39248,39259,11
13.023059845,80.2271499634,39259,39269,10
13.0231800079,80.2272567749,39269,39279,10
13.0232896805,80.2273635864,39279,39289,10
13.023440361,80.2274703979,39289,39299,10
13.0235996246,80.2275924683,39299,39309,10
13.0239896774,80.2279434204,39309,39329,20
13.0239896774,80.2279434204,39329,39339,10
13.0240898132,80.2280578613,39339,39349,10
13.0245304108,80.2286376953,39349,39390,41
13.0245304108,80.2286376953,39390,39400,10
13.0246200562,80.2288208008,39400,39410,10
13.0249099731,80.2292098999,39410,39420,10
13.0253801346,80.2297821045,39420,39430,10
13.0256004333,80.2300796509,39430,39440,10
13.0256700516,80.2301712036,39440,39450,10
13.025759697,80.2303771973,39450,39460,10
13.0259304047,80.23072052,39460,39471,11
13.02602005,80.2310409546,39471,39481,10
13.0262403488,80.231300354,39481,39491,10
13.0269203186,80.2311325073,39491,39501,10
13.0277900696,80.2309494019,39501,39511,10
13.0282697678,80.2308883667,39511,39521,10
13.028380394,80.2308807373,39521,39531,10
13.0286197662,80.2308578491,39531,39541,10
13.0292701721,80.230796814,39541,39551,10
13.029589653,80.230758667,39551,39561,10
13.0297203064,80.2307662964,39561,39571,10
13.0299100876,80.2307510376,39571,39582,11
13.0303201675,80.23072052,39582,39592,10
13.0307502747,80.230682373,39592,39602,10
13.0312900543,80.2306289673,39602,39612,10
13.0318498611,80.2305908203,39612,39622,10
13.0321903229,80.2305679321,39622,39632,10
13.0326700211,80.2305297852,39632,39642,10
13.0330200195,80.230506897,39642,39652,10
13.0336198807,80.23046875,39652,39662,10
13.033780098,80.2304611206,39662,39672,10
13.0339603424,80.2304382324,39672,39682,10
13.0347700119,80.2302703857,39682,39713,31
13.0347700119,80.2302703857,39713,39723,10
13.0349397659,80.2301177979,39723,39733,10
13.0348796844,80.2300567627,39733,39743,10
13.0343599319,80.2300796509,39743,40803,1060
13.0341997147,80.2303237915,40803,40853,50
13.0341997147,80.2303237915,40853,40863,10
13.0339899063,80.2304611206,40863,40873,10
13.0335702896,80.2304763794,40873,40883,10
13.0335197449,80.2304763794,40883,40894,11
13.0330600739,80.2304992676,40894,40904,10
13.0323495865,80.2305908203,40904,40914,10
13.0315198898,80.2306594849,40914,40924,10
13.0307998657,80.23072052,40924,40934,10
13.0303096771,80.2307662964,40934,40944,10
13.0298500061,80.2308120728,40944,40984,40
13.0298500061,80.2308120728,40984,40995,11
13.0295295715,80.2308578491,40995,41005,10
13.0290603638,80.2308807373,41005,41015,10
13.0284099579,80.2309417725,41015,41025,10
13.0278100967,80.2310028076,41025,41035,10
13.027680397,80.231300354,41035,41045,10
13.0277395248,80.2318878174,41045,41054,9
13.0278501511,80.232460022,41054,41065,11
13.0273103714,80.2328872681,41065,41156,91
13.0273103714,80.2328872681,41156,41166,10
13.0270996094,80.2329483032,41166,41176,10
13.0269002914,80.232963562,41176,41186,10
13.0266304016,80.233001709,41186,41196,10
13.0263395309,80.2327194214,41196,41206,10
13.0261497498,80.2321166992,41206,41217,11
13.0259199142,80.2313537598,41217,41227,10
13.0256996155,80.2306213379,41227,41237,10
13.0251998901,80.229850769,41237,41247,10
13.0247402191,80.2292404175,41247,41257,10
13.0245599747,80.2289810181,41257,41267,10
13.0239801407,80.2282867432,41267,41307,40
13.0239801407,80.2282867432,41307,41317,10
13.0237998962,80.2280578613,41317,41328,11
13.023639679,80.2278900146,41328,41338,10
13.0232000351,80.2274627686,41338,41347,9
13.0226898193,80.2270431519,41347,41358,11
13.0224304199,80.2267303467,41358,41368,10
13.021900177,80.2262802124,41368,41378,10
13.0211896896,80.2257232666,41378,41388,10
13.0204896927,80.2252197266,41388,41398,10
13.0198402405,80.2247619629,41398,41408,10
13.0189399719,80.2244796753,41408,41418,10
13.0181999207,80.2247161865,41418,41428,10
13.0173501968,80.2250595093,41428,41439,11
13.0164403915,80.2254486084,41439,41449,10
13.0157899857,80.2256622314,41449,41459,10
13.0150098801,80.2259674072,41459,41469,10
13.0143003464,80.2262802124,41469,41489,20
13.0143003464,80.2262802124,41489,41499,10
13.0141496658,80.2263412476,41499,41509,10
13.0136604309,80.2265014648,41509,41519,10
13.0129003525,80.2268066406,41519,41529,10
13.0119495392,80.227180481,41529,41540,11
13.0107297897,80.2276611328,41540,41550,10
13.0095796585,80.2281417847,41550,41560,10
13.0090303421,80.229057312,41560,41570,10
13.0087795258,80.2303085327,41570,41580,10
13.0085601807,80.2315826416,41580,41590,10
13.0082597733,80.2334823608,41590,41610,20
13.0082597733,80.2334823608,41610,41620,10
13.0081996918,80.2336730957,41620,41630,10
13.0080699921,80.2342987061,41630,41640,10
13.0079097748,80.235168457,41640,41651,11
13.0076599121,80.236328125,41651,41661,10
13.0074796677,80.2372665405,41661,41671,10
13.0073404312,80.2379608154,41671,41711,40
13.0073404312,80.2379608154,41711,41721,10
13.0072898865,80.2381210327,41721,41731,10
13.0072898865,80.2381820679,41731,41741,10
13.0072402954,80.2384262085,41741,41751,10
13.0071802139,80.238861084,41751,41762,11
13.0070400238,80.2396774292,41762,41812,50
13.0069704056,80.2400665283,41812,41842,30
13.0069704056,80.2400665283,41842,41852,10
13.006939888,80.2402801514,41852,41862,10
13.0068597794,80.240737915,41862,41873,11
13.0068397522,80.2407989502,41873,41883,10
13.0068302155,80.2411270142,41883,41893,10
13.0067596436,80.2419128418,41893,41903,10
13.0067501068,80.2426300049,41903,41923,20
13.0067501068,80.2426300049,41923,41933,10
13.0067195892,80.2429504395,41933,41953,20
13.0066995621,80.2431488037,41953,41984,31
13.0066995621,80.2431488037,41984,41994,10
13.0066699982,80.2437896729,41994,42004,10
13.0066604614,80.2442398071,42004,42014,10
13.0066795349,80.2442932129,42014,42024,10
13.0067100525,80.244468689,42024,42034,10
13.0066795349,80.2448501587,42034,42044,10
13.0066795349,80.2450714111,42044,42054,10
13.0066795349,80.2452468872,42054,42064,10
13.0066900253,80.2455978394,42064,42074,10
13.0067195892,80.2461395264,42074,42084,10
13.0067396164,80.2467575073,42084,42095,11
13.0067100525,80.2476119995,42095,42105,10
13.0067300797,80.2484970093,42105,42115,10
13.0068702698,80.2496185303,42115,42135,20
13.0068702698,80.2496185303,42135,42145,10
13.0068597794,80.2499389648,42145,42155,10
13.006819725,80.2506027222,42155,42165,10
13.0068397522,80.2512512207,42165,42175,10
13.0066604614,80.2519226074,42175,42185,10
13.0065698624,80.2528610229,42185,42195,10
13.0065698624,80.2537918091,42195,42206,11
13.0066404343,80.2547988892,42206,42216,10
13.0066404343,80.2556381226,42216,42226,10
13.0066299438,80.256652832,42226,42236,10
13.0067901611,80.2576522827,42236,42246,10
13.0072498322,80.2583465576,42246,42256,10
13.0076999664,80.2585906982,42256,42266,10
13.0076999664,80.2585983276,42266,42276,10
13.0079698563,80.2587814331,42276,42286,10
13.0085897446,80.258972168,42286,42296,10
13.0090904236,80.2589874268,42296,42306,10
13.0097999573,80.2590103149,42306,42317,11
13.0108499527,80.2590408325,42317,42327,10
13.0120096207,80.2590484619,42327,42337,10
13.0132102966,80.2591094971,42337,42346,9
13.0142602921,80.2591171265,42346,42357,11
13.0154600143,80.2592010498,42357,42367,10
13.0164203644,80.2596282959,42367,42377,10
13.0164804459,80.2596817017,42377,42387,10
13.0166597366,80.2598495483,42387,42397,10
13.0171098709,80.2601394653,42397,42407,10
13.0178003311,80.2606201172,42407,42417,10
13.0183801651,80.2610626221,42417,42428,11
13.0190000534,80.2615737915,42428,42438,10
13.0194997787,80.2619628906,42438,42448,10
13.020070076,80.2624969482,42448,42458,10
13.02023983,80.2626190186,42458,42468,10
13.0206203461,80.2627868652,42468,42478,10
13.0213499069,80.2630233765,42478,42488,10
13.0219402313,80.2632598877,42488,42498,10
13.0222597122,80.2633972168,42498,42508,10
13.0225095749,80.2635269165,42508,42518,10
13.022939682,80.2637405396,42518,42528,10
13.0229997635,80.2637634277,42528,42539,11
13.0232095718,80.2638702393,42539,42549,10
13.0236997604,80.2641525269,42549,42559,10
13.024479866,80.2647094727,42559,42569,10
13.0250196457,80.2651062012,42569,42579,10
13.025560379,80.2654571533,42579,42589,10
13.0262403488,80.2658081055,42589,42599,10
13.0263996124,80.2653198242,42599,42609,10
13.0265302658,80.2640304565,42609,42629,20
13.0265302658,80.2640304565,42629,42640,11
13.0265903473,80.2635574341,42640,42650,10
13.0269498825,80.2634506226,42650,42660,10
13.0274896622,80.2634963989,42660,42670,10
13.0278902054,80.2636108398,42670,42680,10
13.028260231,80.2637023926,42680,42690,10
13.0282802582,80.2637023926,42690,42700,10
13.028719902,80.2638092041,42700,42710,10
13.0291004181,80.263923645,42710,42720,10
13.0292596817,80.2640304565,42720,42730,10
13.0292701721,80.2643585205,42730,42740,10
13.0292301178,80.2649230957,42740,42751,11
13.0291996002,80.2657928467,42751,42761,10
13.0291996002,80.2661819458,42761,42771,10
13.0291500092,80.2663192749,42771,42781,10
13.0292701721,80.2665023804,42781,42791,10
13.0297803879,80.2665405273,42791,42800,9
13.030500412,80.2666091919,42800,42811,11
13.0314502716,80.2669219971,42811,42820,9
13.0320901871,80.2671279907,42820,42831,11
13.0325899124,80.2674179077,42831,42841,10
13.032790184,80.2675933838,42841,42851,10
13.0329198837,80.2676696777,42851,42862,11
13.0332803726,80.2677230835,42862,42892,30
13.0332803726,80.2677230835,42892,42902,10
13.0334596634,80.2677993774,42902,42912,10
13.0338897705,80.2678985596,42912,42922,10
13.0343399048,80.2679595947,42922,42932,10
13.034529686,80.2679672241,42932,42942,10
13.0345897675,80.2680892944,42942,42962,20
13.0345897675,80.2680892944,42962,42973,11
13.0344800949,80.2681503296,42973,42983,10
13.0342903137,80.2680435181,42983,42993,10
13.0338096619,80.2679519653,42993,43003,10
13.0333204269,80.2678527832,43003,43205,202
13.0333204269,80.2678527832,43205,43215,10
13.0330200195,80.2677764893,43215,43225,10
13.0327701569,80.2677078247,43225,43235,10
13.0326900482,80.2676773071,43235,43245,10
13.0326499939,80.267616272,43245,43255,10
13.0325403214,80.2675018311,43255,43265,10
13.0318803787,80.2672195435,43265,43275,10
13.0310297012,80.2669219971,43275,43285,10
13.0305404663,80.2667770386,43285,43296,11
13.029999733,80.2666702271,43296,43316,20
13.029999733,80.2666702271,43316,43326,10
13.0297498703,80.2666320801,43326,43336,10
13.0293703079,80.2665634155,43336,43346,10
13.0291404724,80.2664413452,43346,43356,10
13.028670311,80.2663574219,43356,43366,10
13.0282201767,80.2662506104,43366,43376,10
13.0279502869,80.2662200928,43376,43386,10
13.0274295807,80.2661590576,43386,43396,10
13.0270204544,80.2660598755,43396,43407,11
13.0263900757,80.2659606934,43407,43417,10
13.025850296,80.2657394409,43417,43427,10
13.02546978,80.2654571533,43427,43447,20
13.02546978,80.2654571533,43447,43457,10
13.0252599716,80.2652816772,43457,43467,10
13.0249595642,80.2650527954,43467,43477,10
13.0245304108,80.2648162842,43477,43487,10
13.0239295959,80.2643966675,43487,43497,10
13.0232801437,80.2640991211,43497,43507,10
13.0227298737,80.2637481689,43507,43518,11
13.0224599838,80.2636108398,43518,43528,10
13.0221796036,80.2634811401,43528,43538,10
13.0220804214,80.2634124756,43538,43548,10
13.0217599869,80.2632369995,43548,43558,10
13.0210399628,80.2630462646,43558,43568,10
13.02023983,80.2630233765,43568,43578,10
13.0195102692,80.2629623413,43578,43588,10
13.018989563,80.262802124,43588,43598,10
13.0188798904,80.2621002197,43598,43608,10
13.0187397003,80.2614974976,43608,43618,10
13.0183897018,80.2611618042,43618,43629,11
13.0179195404,80.2608795166,43629,43639,10
13.0174102783,80.2605209351,43639,43649,10
13.0167198181,80.2600708008,43649,43659,10
13.016169548,80.2597732544,43659,43669,10
13.016119957,80.2597427368,43669,43679,10
13.0159702301,80.2596511841,43679,43689,10
13.0154304504,80.259437561,43689,43699,10
13.0146303177,80.2593307495,43699,43709,10
13.0137395859,80.2593002319,43709,43719,10
13.0127696991,80.2592468262,43719,43730,11
13.0117301941,80.2592086792,43730,43740,10
13.0109300613,80.2592010498,43740,43750,10
13.0101099014,80.2592391968,43750,43760,10
13.0098695755,80.2592391968,43760,43770,10
13.0096702576,80.2592163086,43770,43779,9
13.0092096329,80.2592010498,43779,43790,11
13.0087299347,80.2591781616,43790,43800,10
13.0085296631,80.2591323853,43800,43810,10
13.0079698563,80.2592010498,43810,43820,10
13.0074100494,80.2591171265,43820,43830,10
13.0071897507,80.2586364746,43830,43841,11
13.0071802139,80.2586364746,43841,43851,10
13.0069904327,80.2583465576,43851,43861,10
13.0066299438,80.2577819824,43861,43911,50
13.0066299438,80.2577819824,43911,43921,10
13.0064697266,80.257598877,43921,43931,10
13.0064496994,80.2573394775,43931,43941,10
13.0065002441,80.2567901611,43941,43952,11
13.0065202713,80.255859375,43952,43962,10
13.0065603256,80.2550506592,43962,43972,10
13.0065402985,80.2542190552,43972,43982,10
13.0065803528,80.2532272339,43982,44002,20
13.0065803528,80.2532272339,44002,44012,10
13.0065603256,80.2530288696,44012,44022,10
13.0065803528,80.252532959,44022,44093,71
13.0065803528,80.252532959,44093,44103,10
13.0065202713,80.2520523071,44103,44113,10
13.0066604614,80.2514724731,44113,44123,10
13.0067596436,80.2506484985,44123,44133,10
13.0067796707,80.2497406006,44133,44143,10
13.006770134,80.2496566772,44143,44153,10
13.0067996979,80.2493362427,44153,44163,10
13.0067300797,80.2486801147,44163,44174,11
13.0066604614,80.2480392456,44174,44184,10
13.0066299438,80.2473983765,44184,44194,10
13.0066204071,80.2468109131,44194,44204,10
13.0065803528,80.2467422485,44204,44214,10
13.0066204071,80.24659729,44214,44224,10
13.0066299438,80.2464981079,44224,44234,10
13.0066604614,80.2460174561,44234,44244,10
13.0066795349,80.2452774048,44244,44254,10
13.0066795349,80.2448577881,44254,44264,10
13.0066795349,80.2445602417,44264,44274,10
13.0066404343,80.2441635132,44274,44285,11
13.0065803528,80.2436904907,44285,44295,10
13.0066099167,80.2430114746,44295,44305,10
13.0065803528,80.2421188354,44305,44315,10
13.0065803528,80.2416610718,44315,44325,10
13.0065803528,80.2415618896,44325,44335,10
13.0067501068,80.2410964966,44335,44345,10
13.0068397522,80.2405166626,44345,44355,10
13.0070199966,80.2396011353,44355,44365,10
13.0071201324,80.2385025024,44365,44375,10
13.0073604584,80.2373504639,44375,44385,10
13.0074100494,80.2368011475,44385,44396,11
13.0074300766,80.2367630005,44396,44406,10
13.0075302124,80.236541748,44406,44416,10
13.0076503754,80.2359695435,44416,44426,10
13.0078201294,80.2351303101,44426,44436,10
13.008020401,80.23412323,44436,44446,10
13.0082302094,80.2328491211,44446,44456,10
13.008480072,80.2314376831,44456,44466,10
13.008769989,80.2300262451,44466,44476,10
13.0090503693,80.2286682129,44476,44486,10
13.0094404221,80.2275466919,44486,44497,11
13.0100002289,80.2263183594,44497,44507,10
13.0104503632,80.2254180908,44507,44517,10
13.0107803345,80.2244873047,44517,44527,10
13.0111598969,80.2235336304,44527,44537,10
13.0112104416,80.2232971191,44537,44547,10
13.0112600327,80.2231826782,44547,44557,10
13.0115404129,80.2227020264,44557,44567,10
13.0118598938,80.2218399048,44567,44577,10
13.0123500824,80.2214584351,44577,44587,10
13.0126800537,80.2219085693,44587,44597,10
13.013250351,80.2225799561,44597,44608,11
13.0138998032,80.2232284546,44608,44618,10
13.0141897202,80.2235336304,44618,44628,10
13.0145397186,80.2238998413,44628,44638,10
13.0149402618,80.2244262695,44638,44648,10
13.0155801773,80.2250137329,44648,44668,20
13.0155801773,80.2250137329,44668,44678,10
13.0157403946,80.2252197266,44678,44688,10
13.0163602829,80.2253875732,44688,44698,10
13.0172996521,80.2250595093,44698,44708,10
13.0184402466,80.2246017456,44708,44719,11
13.0196695328,80.2244873047,44719,44739,20
13.0196695328,80.2244873047,44739,44749,10
13.0198602676,80.2246322632,44749,44759,10
13.0202999115,80.2249679565,44759,44769,10
13.020939827,80.225440979,44769,44779,10
13.0216703415,80.225982666,44779,44789,10
13.0219297409,80.2261581421,44789,44799,10
13.0220298767,80.2262420654,44799,44809,10
13.022480011,80.2266387939,44809,44819,10
13.0231304169,80.2272415161,44819,44830,11
13.0238800049,80.2279281616,44830,44840,10
13.0241498947,80.2281570435,44840,44850,10
13.0243196487,80.2283630371,44850,44860,10
13.0245800018,80.2287826538,44860,44870,10
13.0248098373,80.2291412354,44870,44880,10
13.0251197815,80.2295227051,44880,44890,10
13.0253295898,80.2297592163,44890,44900,10
13.0254602432,80.2299194336,44900,44910,10
13.0256500244,80.2301864624,44910,44920,10
13.0257797241,80.2304992676,44920,44930,10
13.0258598328,80.2306976318,44930,44941,11
13.0259599686,80.2309799194,44941,44951,10
13.0260000229,80.2312393188,44951,44961,10
13.0264797211,80.2312393188,44961,44971,10
13.0273103714,80.2310562134,44971,44981,10
13.0283098221,80.2309112549,44981,45000,19
13.0283098221,80.2309112549,45000,45011,11
13.028670311,80.2308807373,45011,45021,10
13.029250145,80.2308578491,45021,45072,51
13.029250145,80.2308578491,45072,45082,10
13.0295600891,80.2308120728,45082,45092,10
13.0299901962,80.2307662964,45092,45102,10
13.030579567,80.23072052,45102,45112,10
13.0309696198,80.230682373,45112,45122,10
13.031370163,80.2306594849,45122,45132,10
13.0320396423,80.2306137085,45132,45142,10
13.0328197479,80.2305374146,45142,45153,11
13.0338001251,80.2304763794,45153,45223,70
13.0338001251,80.2304763794,45223,45233,10
13.0342702866,80.2304382324,45233,45253,20
13.0342702866,80.2304382324,45253,45264,11
13.0346403122,80.2303771973,45264,45274,10
13.0348596573,80.2303009033,45274,45284,10
13.0349998474,80.2301330566,45284,45294,10
13.0350999832,80.229888916,45294,45304,10
13.0348396301,80.2298126221,45304,45314,10
13.0344696045,80.2297592163,45314,45324,10
13.0342597961,80.2300872803,45324,45647,323
13.0342597961,80.2300872803,45647,45657,10
13.0341796875,80.2304077148,45657,45667,10
13.0339803696,80.2304229736,45667,45677,10
13.0336103439,80.230430603,45677,45687,10
13.0334701538,80.2304534912,45687,45698,11
13.0329504013,80.2304916382,45698,45708,10
13.0320796967,80.2305984497,45708,45718,10
13.0311498642,80.2306671143,45718,45728,10
13.0307397842,80.23072052,45728,45738,10
13.0298595428,80.2308197021,45738,45798,60
13.0298595428,80.2308197021,45798,45809,11
13.0295200348,80.2308807373,45809,45819,10
13.0290403366,80.2309112549,45819,45829,10
13.0283603668,80.2309265137,45829,45839,10
13.0277395248,80.2310028076,45839,45849,10
13.0276603699,80.231300354,45849,45859,10
13.027680397,80.231918335,45859,45869,10
13.0278396606,80.2326202393,45869,45879,10
13.0275602341,80.2328567505,45879,45889,10
13.0269403458,80.2329864502,45889,45940,51
13.0269403458,80.2329864502,45940,45950,10
13.0266304016,80.233001709,45950,45960,10
13.0263299942,80.2327728271,45960,45970,10
13.0261802673,80.2321777344,45970,45980,10
13.0261201859,80.2317962646,45980,45990,10
13.0260095596,80.2312393188,45990,46000,10
13.0256500244,80.2303771973,46000,46010,10
13.0250301361,80.2295074463,46010,46020,10
13.0246601105,80.2290802002,46020,46031,11
13.0246496201,80.2290802002,46031,46041,10
13.0245504379,80.2289886475,46041,46051,10
13.0242700577,80.2286224365,46051,46061,10
13.0239496231,80.2282333374,46061,46081,20
13.0239496231,80.2282333374,46081,46091,10
13.0237798691,80.2280426025,46091,46101,10
13.0233297348,80.2275619507,46101,46111,10
13.0228300095,80.2270889282,46111,46121,10
13.0221004486,80.2264862061,46121,46132,11
13.0214004517,80.2258987427,46132,46142,10
13.0207099915,80.2254104614,46142,46152,10
13.0200500488,80.2249526978,46152,46162,10
13.0192804337,80.2245407104,46162,46172,10
13.0183296204,80.2247314453,46172,46182,10
13.0174999237,80.2250671387,46182,46191,9
13.0171604156,80.2252120972,46191,46202,11
13.0169095993,80.2253036499,46202,46212,10
13.0166702271,80.2254104614,46212,46222,10
13.0164403915,80.225479126,46222,46232,10
13.0160398483,80.2256011963,46232,46243,11
13.0155200958,80.2257995605,46243,46253,10
13.0148897171,80.2260818481,46253,46263,10
13.0142602921,80.2263412476,46263,46273,10
13.0142402649,80.226348877,46273,46283,10
13.0141201019,80.2264022827,46283,46293,10
13.0138301849,80.2265014648,46293,46303,10
13.0133600235,80.2266616821,46303,46313,10
13.0127000809,80.2269210815,46313,46323,10
13.0119495392,80.227180481,46323,46333,10
13.0109701157,80.2275772095,46333,46343,10
13.0098400116,80.2280273438,46343,46354,11
13.009059906,80.2289581299,46354,46364,10
13.0087995529,80.2302627563,46364,46374,10
13.0085697174,80.2315826416,46374,46384,10
13.0083503723,80.232749939,46384,46394,10
13.0082597733,80.2335205078,46394,46404,10
13.0082197189,80.2336120605,46404,46414,10
13.0081701279,80.2337417603,46414,46424,10
13.0080604553,80.2342071533,46424,46434,10
13.007900238,80.2350387573,46434,46444,10
13.0076999664,80.2360610962,46444,46454,10
13.0074901581,80.2370910645,46454,46465,11
13.0073003769,80.2380828857,46465,46475,10
13.0071401596,80.238861084,46475,46485,10
13.0069799423,80.2397537231,46485,46495,10
13.0068998337,80.2402572632,46495,46505,10
13.0068101883,80.2407302856,46505,46515,10
13.0068101883,80.2408828735,46515,46525,10
13.0067300797,80.2414627075,46525,46535,10
13.0067195892,80.2423400879,46535,46545,10
13.0066795349,80.2434463501,46545,46596,51
13.0066795349,80.2434463501,46596,46606,10
13.0066604614,80.2439422607,46606,46616,10
13.0066404343,80.2444381714,46616,46626,10
13.0066604614,80.2447967529,46626,46636,10
13.0066795349,80.2452468872,46636,46646,10
13.0066795349,80.2457427979,46646,46656,10
13.0066900253,80.24584198,46656,46666,10
13.0066995621,80.2460174561,46666,46677,11
13.0067100525,80.2461395264,46677,46687,10
13.0067195892,80.2463912964,46687,46697,10
13.0067100525,80.2469177246,46697,46707,10
13.0067195892,80.247756958,46707,46717,10
13.0067796707,80.2487182617,46717,46727,10
13.0068798065,80.2495880127,46727,46737,10
13.0068397522,80.2496566772,46737,46747,10
13.0067901611,80.2499084473,46747,46757,10
13.0067796707,80.250541687,46757,46767,10
13.0067596436,80.251373291,46767,46777,10
13.0066003799,80.2523727417,46777,46788,11
13.0066003799,80.253288269,46788,46798,10
13.0065803528,80.2540664673,46798,46808,10
13.0066204071,80.2548370361,46808,46818,10
13.0066003799,80.2556533813,46818,46828,10
13.0066099167,80.2567214966,46828,46848,20
13.0066099167,80.2567214966,46848,46858,10
13.0066299438,80.2568969727,46858,46868,10
13.0067195892,80.2574768066,46868,46878,10
13.0070199966,80.258102417,46878,46888,10
13.0076999664,80.2586288452,46888,46909,21
13.0076999664,80.2586288452,46909,46919,10
13.0078802109,80.2587585449,46919,46929,10
13.0083599091,80.2589263916,46929,46939,10
13.008939743,80.2590408325,46939,46949,10
13.0097503662,80.2590408325,46949,46959,10
13.0106096268,80.2590408325,46959,46969,10
13.0115604401,80.2590332031,46969,46979,10
13.0126895905,80.2590637207,46979,46989,10
13.0139598846,80.2591094971,46989,46999,10
13.0152997971,80.2591781616,46999,47010,11
13.0165300369,80.2597198486,47010,47030,20
13.0165300369,80.2597198486,47030,47040,10
13.0165500641,80.2597579956,47040,47050,10
13.016869545,80.2600326538,47050,47060,10
13.017539978,80.2604827881,47060,47070,10
13.0180397034,80.2608413696,47070,47080,10
13.0186595917,80.2612609863,47080,47090,10
13.0191001892,80.2616424561,47090,47100,10
13.0194301605,80.2619171143,47100,47111,11
13.0199604034,80.2624511719,47111,47121,10
13.0202703476,80.2626495361,47121,47131,10
13.0203399658,80.2626724243,47131,47141,10
13.0207595825,80.2628173828,47141,47151,10
13.0214796066,80.2630691528,47151,47161,10
13.0220098495,80.2633132935,47161,47171,10
13.0222501755,80.2634429932,47171,47181,10
13.0227203369,80.2637023926,47181,47190,9
13.0230102539,80.2638626099,47190,47201,11
13.0230903625,80.2639312744,47201,47211,10
13.0235204697,80.2641525269,47211,47222,11
13.0243196487,80.2646179199,47222,47232,10
13.0250396729,80.2651672363,47232,47242,10
13.0255098343,80.2654571533,47242,47252,10
13.0261297226,80.2658309937,47252,47262,10
13.0263004303,80.2656707764,47262,47272,10
13.0263595581,80.2650680542,47272,47282,10
13.0264501572,80.2641067505,47282,47302,20
13.0264501572,80.2641067505,47302,47312,10
13.0265102386,80.2638931274,47312,47322,10
13.0265703201,80.263458252,47322,47333,11
13.0268802643,80.2634429932,47333,47343,10
13.0275201797,80.263458252,47343,47353,10
13.0281600952,80.2636795044,47353,47363,10
13.0282402039,80.263710022,47363,47373,10
13.0286197662,80.2638168335,47373,47383,10
13.0290603638,80.2639694214,47383,47393,10
13.029250145,80.2641372681,47393,47403,10
13.0292196274,80.2644577026,47403,47413,10
13.0292596817,80.2650222778,47413,47423,10
13.0291795731,80.2660217285,47423,47454,31
13.0291795731,80.2660217285,47454,47464,10
13.0291595459,80.2663574219,47464,47474,10
13.0293397903,80.2664794922,47474,47484,10
13.0294303894,80.2665176392,47484,47494,10
13.0296602249,80.2665786743,47494,47504,10
13.0301103592,80.2666397095,47504,47514,10
13.0307102203,80.2667999268,47514,47524,10
13.0314598083,80.2669906616,47524,47534,10
13.0320596695,80.2672424316,47534,47544,10
13.032910347,80.2676925659,47544,47565,21
13.032910347,80.2676925659,47565,47575,10
13.0333795547,80.2677688599,47575,47595,20
13.0333795547,80.2677688599,47595,47605,10
13.0334997177,80.2678375244,47605,47615,10
13.0339298248,80.2679367065,47615,47625,10
13.0345096588,80.2679977417,47625,47645,20
13.0345096588,80.2679977417,47645,47655,10
13.034529686,80.2681121826,47655,47666,11
13.0344400406,80.2681121826,47666,47676,10
13.0343399048,80.2680511475,47676,47686,10
13.0340795517,80.2679901123,47686,47696,10
13.0336904526,80.2678985596,47696,47706,10
13.0332899094,80.2678222656,47706,47716,10
13.0329303741,80.2677536011,47716,47726,10
13.0326900482,80.2676391602,47726,47736,10
13.0325403214,80.2675323486,47736,47746,10
13.032119751,80.2673110962,47746,47756,10
13.0316801071,80.2671279907,47756,47767,11
13.031080246,80.2668914795,47767,47777,10
13.0305900574,80.2667922974,47777,47787,10
13.0301198959,80.2667007446,47787,47797,10
13.029800415,80.2666397095,47797,47807,10
13.0296297073,80.2665863037,47807,47817,10
13.0293397903,80.2665328979,47817,47827,10
13.0289297104,80.2663803101,47827,47837,10
13.0284099579,80.2663192749,47837,47847,10
13.0277795792,80.2661972046,47847,47857,10
13.0272302628,80.2661132813,47857,47867,10
13.0268001556,80.265838623,47867,50502,2635
13.0265197754,80.2656097412,50502,50663,161
13.0265197754,80.2656097412,50663,50673,10
13.02643013,80.2653579712,50673,50724,51
13.02643013,80.2653579712,50724,50734,10
13.0263299942,80.2655334473,50734,50744,10
13.0263299942,80.2655792236,50744,50754,10
13.0262804031,80.265838623,50754,50764,10
13.0261602402,80.2659225464,50764,50774,10
13.0257997513,80.2656936646,50774,50784,10
13.0252199173,80.2653427124,50784,50804,20
13.0252199173,80.2653427124,50804,50815,11
13.0249996185,80.2651596069,50815,50825,10
13.0245895386,80.2648468018,50825,50835,10
13.0239801407,80.2644195557,50835,50845,10
13.0232696533,80.2641525269,50845,50855,10
13.0225400925,80.2636566162,50855,50865,10
13.0220804214,80.2634429932,50865,50875,10
13.022069931,80.2634429932,50875,50885,10
13.0218400955,80.2633209229,50885,50895,10
13.0211896896,80.2630996704,50895,50905,10
13.0202999115,80.2630386353,50905,50915,10
13.0195903778,80.2630004883,50915,50926,11
13.0190601349,80.2629165649,50926,50936,10
13.018910408,80.2626571655,50936,50946,10
13.0188398361,80.2621612549,50946,50956,10
13.0187501907,80.2615737915,50956,50966,10
13.0187397003,80.2615203857,50966,50976,10
13.0186595917,80.2612762451,50976,50986,10
13.0183401108,80.2610626221,50986,50996,10
13.0179004669,80.2608032227,50996,51006,10
13.0172996521,80.2603988647,51006,51016,10
13.0166397095,80.2599868774,51016,51026,10
13.0160999298,80.2596969604,51026,51037,11
13.0160198212,80.2596664429,51037,51047,10
13.0159797668,80.2596282959,51047,51057,10
13.0155601501,80.2594985962,51057,51067,10
13.0148496628,80.2593536377,51067,51077,10
13.0140104294,80.2593002319,51077,51087,10
13.0130796432,80.2592697144,51087,51097,10
13.0120601654,80.2592391968,51097,51107,10
13.011059761,80.2592163086,51107,51117,10
13.0102100372,80.2592926025,51117,51127,10
13.0098896027,80.2592697144,51127,51137,10
13.0096101761,80.2592391968,51137,51148,11
13.0089998245,80.2592315674,51148,51158,10
13.0087099075,80.2592391968,51158,51168,10
13.0082197189,80.2592391968,51168,51178,10
13.0075702667,80.2593994141,51178,51188,10
13.0072402954,80.2588195801,51188,51198,10
13.0071802139,80.2586898804,51198,51208,10
13.0071697235,80.2586288452,51208,51218,10
13.0069904327,80.2583236694,51218,51228,10
13.0066795349,80.2577362061,51228,51259,31
13.0065803528,80.2576522827,51259,51309,50
13.0065803528,80.2576522827,51309,51319,10
13.006480217,80.2574615479,51319,51329,10
13.0064697266,80.2571334839,51329,51339,10
13.0064296722,80.2565536499,51339,51349,10
13.0064096451,80.2559509277,51349,51360,11
13.0064697266,80.2554016113,51360,51370,10
13.0065402985,80.2550582886,51370,51380,10
13.0065202713,80.2545928955,51380,51390,10
13.0065002441,80.2531814575,51390,51410,20
13.0065002441,80.2531814575,51410,51420,10
13.0065002441,80.2529525757,51420,51450,30
13.0065002441,80.2529525757,51450,51460,10
13.006529808,80.2525024414,51460,51471,11
13.006649971,80.2518234253,51471,51481,10
13.0067596436,80.2509231567,51481,51491,10
13.0067501068,80.2500915527,51491,51501,10
13.0067796707,80.2497177124,51501,51511,10
13.006770134,80.2495193481,51511,51521,10
13.0067596436,80.2493362427,51521,51531,10
13.0066900253,80.2487487793,51531,51561,30
13.0066900253,80.2487487793,51561,51571,10
13.0066404343,80.2483062744,51571,51582,11
13.0066204071,80.2477111816,51582,51592,10
13.0066299438,80.2470016479,51592,51602,10
13.0065603256,80.2465286255,51602,51612,10
13.0065603256,80.2465133667,51612,51622,10
13.0066299438,80.2462768555,51622,51632,10
13.0066003799,80.2456588745,51632,51642,10
13.0066099167,80.2449111938,51642,51652,10
13.0066404343,80.2442932129,51652,51662,10
13.0066204071,80.2440490723,51662,51672,10
13.0066003799,80.2438430786,51672,51683,11
13.0065698624,80.2435379028,51683,51693,10
13.0065603256,80.2430267334,51693,51703,10
13.0065498352,80.24243927,51703,51713,10
13.0065498352,80.241607666,51713,51723,10
13.0066604614,80.2405319214,51723,51743,20
13.0066995621,80.2404022217,51743,51773,30
13.0066995621,80.2404022217,51773,51783,10
13.0067501068,80.2400970459,51783,51794,11
13.0068502426,80.2393798828,51794,51804,10
13.007060051,80.2385025024,51804,51814,10
13.0073003769,80.2375030518,51814,51824,10
13.007399559,80.2368011475,51824,51834,10
13.0074195862,80.2367324829,51834,51844,10
13.0074901581,80.2365264893,51844,51854,10
13.0076198578,80.2359771729,51854,51864,10
13.0077400208,80.2354202271,51864,51874,10
13.0077600479,80.2353363037,51874,51884,10
13.0077896118,80.2351303101,51884,51894,10
13.0078897476,80.234588623,51894,51905,11
13.0080699921,80.2336578369,51905,51915,10
13.0082998276,80.2324676514,51915,51925,10
13.0085496902,80.2312316895,51925,51935,10
13.0087900162,80.2300567627,51935,51945,10
13.0090198517,80.2288970947,51945,51955,10
13.0093002319,80.2279205322,51955,51964,9
13.0097503662,80.2269134521,51964,51975,11
13.0102396011,80.2259292603,51975,51985,10
13.0103702545,80.2256317139,51985,51995,10
13.0104598999,80.2254562378,51995,52005,10
13.0106801987,80.2249679565,52005,52016,11
13.0109395981,80.224319458,52016,52026,10
13.0112199783,80.2236404419,52026,52036,10
13.0115003586,80.22290802,52036,52046,10
13.011879921,80.2219772339,52046,52056,10
13.012260437,80.2213821411,52056,52066,10
13.0125598907,80.2217788696,52066,52076,10
13.0131101608,80.2223892212,52076,52086,10
13.013759613,80.22315979,52086,52096,10
13.01404953,80.2234115601,52096,52106,10
13.0142202377,80.2236328125,52106,52116,10
13.0150299072,80.2245407104,52116,52137,21
13.0150299072,80.2245407104,52137,52147,10
13.0155000687,80.2249832153,52147,52167,20
13.0155000687,80.2249832153,52167,52177,10
13.0156602859,80.2250976563,52177,52187,10
13.0160703659,80.2253189087,52187,52197,10
13.0167398453,80.2252197266,52197,52207,10
13.017539978,80.224899292,52207,52217,10
13.0183696747,80.2245635986,52217,52227,10
13.0191698074,80.2243270874,52227,52238,11
13.019780159,80.2245330811,52238,52248,10
13.0201597214,80.224822998,52248,52258,10
13.0206699371,80.2252120972,52258,52268,10
13.0210199356,80.2255096436,52268,52278,10
13.0214395523,80.2258605957,52278,52288,10
13.0219602585,80.2261962891,52288,52308,20
13.0219602585,80.2261962891,52308,52318,10
13.0222997665,80.2264633179,52318,52328,10
13.0228004456,80.2269134521,52328,52339,11
13.0234603882,80.2275238037,52339,52349,10
13.0239896774,80.2281112671,52349,52359,10
13.0242204666,80.2283401489,52359,52369,10
13.0243902206,80.2285385132,52369,52379,10
13.024720192,80.229019165,52379,52389,10
13.025179863,80.2296295166,52389,52399,10
13.0256795883,80.2303237915,52399,52409,10
13.0259599686,80.2309494019,52409,52419,10
13.026140213,80.231300354,52419,52429,10
13.0267095566,80.2312011719,52429,52439,10
13.0275201797,80.231010437,52439,52450,11
13.0281896591,80.2309494019,52450,52460,10
13.0284204483,80.2309188843,52460,52470,10
13.0285997391,80.2308578491,52470,52480,10
13.0290603638,80.2308425903,52480,52490,10
13.0295200348,80.230796814,52490,52500,10
13.0300197601,80.2307662964,52500,52510,10
13.0303401947,80.2307434082,52510,52520,10
13.0306501389,80.23072052,52520,52530,10
13.0311803818,80.2306900024,52530,52540,10
13.0317697525,80.2306594849,52540,52550,10
13.0321998596,80.2306213379,52550,52561,11
13.0330495834,80.2305374146,52561,52571,10
13.0337200165,80.2304992676,52571,52581,10
13.0340795517,80.2304992676,52581,52591,10
13.0343503952,80.2304763794,52591,52601,10
13.0346498489,80.2303619385,52601,52651,50
13.0346498489,80.2303619385,52651,52661,10
13.0349798203,80.2301025391,52661,52672,11
13.0350599289,80.2298812866,52672,52682,10
13.0348596573,80.2297973633,52682,52692,10
13.0343999863,80.2297515869,52692,52954,262
13.0342302322,80.2300796509,52954,53005,51
13.0342302322,80.2300796509,53005,53015,10
13.0340595245,80.2304000854,53015,53045,30
13.0340595245,80.2304000854,53045,53055,10
13.0335597992,80.2304534912,53055,53065,10
13.0334796906,80.2304763794,53065,53075,10
13.033200264,80.2304992676,53075,53085,10
13.0325899124,80.2305374146,53085,53095,10
13.0317802429,80.2306289673,53095,53106,11
13.03083992,80.2307128906,53106,53116,10
13.0302495956,80.2307662964,53116,53126,10
13.0297698975,80.2308120728,53126,53136,10
13.0297498703,80.2308197021,53136,53146,10
13.029540062,80.2308425903,53146,53175,29
13.029540062,80.2308425903,53175,53186,11
13.0292901993,80.2308883667,53186,53196,10
13.0287599564,80.2309036255,53196,53206,10
13.0279903412,80.2309570313,53206,53217,11
13.0276603699,80.2311325073,53217,53227,10
13.0277099609,80.231628418,53227,53237,10
13.0278196335,80.2322616577,53237,53247,10
13.0277795792,80.2327575684,53247,53257,10
13.0272397995,80.2329406738,53257,53267,10
13.0270500183,80.2330093384,53267,53277,10
13.0268802643,80.2330322266,53277,53287,10
13.0265598297,80.2330322266,53287,53297,10
13.0262804031,80.2325286865,53297,53307,10
13.0261697769,80.2320632935,53307,53317,10
13.0260601044,80.231628418,53317,53328,11
13.0258903503,80.2310180664,53328,53338,10
13.0255699158,80.2302780151,53338,53348,10
13.0250301361,80.2295227051,53348,53358,10
13.0245304108,80.2289123535,53358,53368,10
13.0240097046,80.2283172607,53368,53398,30
13.0240097046,80.2283172607,53398,53408,10
13.0239095688,80.2282333374,53408,53418,10
13.0237503052,80.2280273438,53418,53429,11
13.0235099792,80.2277603149,53429,53439,10
13.0231895447,80.227432251,53439,53449,10
13.0227499008,80.2269973755,53449,53459,10
13.0221300125,80.2264785767,53459,53469,10
13.0220003128,80.2263793945,53469,53479,10
13.0217599869,80.2261428833,53479,53489,10
13.0213298798,80.2257995605,53489,53499,10
13.0209798813,80.2255020142,53499,53509,10
13.0206403732,80.2252807617,53509,53519,10
13.0202302933,80.2250213623,53519,53529,10
13.0197095871,80.2246627808,53529,53540,11
13.0187397003,80.2245178223,53540,53550,10
13.0176496506,80.2249526978,53550,53560,10
13.0166797638,80.2253723145,53560,53570,10
13.0162000656,80.2255401611,53570,53580,10
13.0157203674,80.2257080078,53580,53590,10
13.015250206,80.2259216309,53590,53600,10
13.0146303177,80.2261810303,53600,53620,20
13.0146303177,80.2261810303,53620,53630,10
13.0145196915,80.2262115479,53630,53640,10
13.0141601563,80.226348877,53640,53651,11
13.0139598846,80.2264328003,53651,53661,10
13.0136203766,80.2265625,53661,53671,10
13.0130195618,80.2267913818,53671,53681,10
13.0122003555,80.2270965576,53681,53691,10
13.0112304688,80.2274932861,53691,53701,10
13.0102100372,80.2278900146,53701,53711,10
13.00922966,80.2284088135,53711,53721,10
13.0089797974,80.2295227051,53721,53731,10
13.0087099075,80.2307434082,53731,53741,10
13.0084695816,80.2321014404,53741,53751,10
13.0082597733,80.2334365845,53751,53782,31
13.0082597733,80.2334365845,53782,53792,10
13.0081596375,80.2337417603,53792,53802,10
13.0080499649,80.2343215942,53802,53812,10
13.0078802109,80.2351379395,53812,53822,10
13.0076799393,80.2361679077,53822,53832,10
13.0074701309,80.2372283936,53832,53842,10
13.0072803497,80.2382965088,53842,53852,10
13.0070495605,80.2393875122,53852,53862,10
13.0069503784,80.2399215698,53862,53873,11
13.0068998337,80.2402572632,53873,53883,10
13.0068798065,80.2406463623,53883,53903,20
13.0068798065,80.2406463623,53903,53913,10
13.006819725,80.2407836914,53913,53923,10
13.0067596436,80.2412490845,53923,53933,10
13.0067195892,80.2420501709,53933,53943,10
13.0066995621,80.2428817749,53943,53953,10
13.0066900253,80.2436828613,53953,53963,10
13.0066604614,80.2448425293,53963,53973,10
13.0066900253,80.2457809448,53973,53984,11
13.0067195892,80.2466964722,53984,53994,10
13.0067195892,80.2475204468,53994,54004,10
13.0067300797,80.2484588623,54004,54014,10
13.0068101883,80.2496032715,54014,54054,40
13.0068101883,80.2496032715,54054,54064,10
13.006819725,80.2498168945,54064,54074,10
13.0067796707,80.2502593994,54074,54085,11
13.0067901611,80.2508010864,54085,54095,10
13.0067996979,80.2512893677,54095,54105,10
13.0066900253,80.2519683838,54105,54115,10
13.0065698624,80.2526931763,54115,54125,10
13.0065603256,80.2533035278,54125,54135,10
13.0065603256,80.2540893555,54135,54145,10
13.0065603256,80.2547225952,54145,54155,10
13.0065603256,80.2550888062,54155,54165,10
13.0065898895,80.2557907104,54165,54175,10
13.0065803528,80.2565536499,54175,54185,10
13.0066099167,80.2570571899,54185,54236,51
13.0066099167,80.2570571899,54236,54246,10
13.0066699982,80.2574462891,54246,54256,10
13.0069799423,80.2580184937,54256,54266,10
13.0076398849,80.2585906982,54266,54286,20
13.0076398849,80.2585906982,54286,54296,10
13.0078601837,80.2587127686,54296,54307,11
13.008480072,80.2589416504,54307,54317,10
13.0089902878,80.2590103149,54317,54327,10
13.0095100403,80.2590103149,54327,54337,10
13.0102796555,80.2590103149,54337,54347,10
13.0112895966,80.2590408325,54347,54357,10
13.0125102997,80.2590866089,54357,54367,10
13.013879776,80.2591400146,54367,54377,10
13.0152397156,80.2592086792,54377,54387,10
13.0163803101,80.2596435547,54387,54408,21
13.0163803101,80.2596435547,54408,54418,10
13.0165596008,80.2598800659,54418,54428,10
13.0169801712,80.2601470947,54428,54438,10
13.0176496506,80.2605819702,54438,54448,10
13.0182695389,80.2610015869,54448,54458,10
13.0188302994,80.2614212036,54458,54468,10
13.0193996429,80.2618789673,54468,54478,10
13.0199203491,80.2623977661,54478,54488,10
13.0205001831,80.2627182007,54488,54498,10
13.0212402344,80.2630004883,54498,54508,10
13.0218601227,80.2632598877,54508,54519,11
13.0221996307,80.2634429932,54519,54529,10
13.0226297379,80.2636566162,54529,54539,10
13.0229301453,80.2638168335,54539,54549,10
13.0230197906,80.2638778687,54549,54559,10
13.0233697891,80.2640914917,54559,54569,10
13.0240402222,80.2644577026,54569,54579,10
13.024600029,80.2648468018,54579,54589,10
13.0249795914,80.2651519775,54589,54599,10
13.0254602432,80.2654266357,54599,54609,10
13.025850296,80.2657318115,54609,54619,10
13.0261602402,80.2657928467,54619,54630,11
13.0262699127,80.2653503418,54630,54640,10
13.0263795853,80.264831543,54640,54650,10
13.0264596939,80.2641372681,54650,54660,10
13.0264797211,80.2639770508,54660,54670,10
13.0265197754,80.2637176514,54670,54680,10
13.0266199112,80.263381958,54680,54690,10
13.0270795822,80.2634429932,54690,54700,10
13.0277395248,80.2636413574,54700,54710,10
13.0282201767,80.2638015747,54710,54720,10
13.0283899307,80.2638320923,54720,54730,10
13.0285997391,80.2638778687,54730,54741,11
13.0289897919,80.2640075684,54741,54751,10
13.0291595459,80.2641830444,54751,54761,10
13.0291996002,80.2643127441,54761,54771,10
13.0291996002,80.2648010254,54771,54781,10
13.0292196274,80.2659378052,54781,54801,20
13.0292196274,80.2659378052,54801,54811,10
13.0291500092,80.2663192749,54811,54821,10
13.0293703079,80.2664794922,54821,54831,10
13.0297403336,80.2665710449,54831,54842,11
13.0303897858,80.2666473389,54842,54852,10
13.0312099457,80.2669296265,54852,54862,10
13.0317602158,80.2671508789,54862,54872,10
13.0320196152,80.267250061,54872,54882,10
13.0322399139,80.2673568726,54882,54892,10
13.0325403214,80.267539978,54892,54902,10
13.0331602097,80.2677001953,54902,54912,10
13.033659935,80.2678222656,54912,54942,30
13.033659935,80.2678222656,54942,54953,11
13.0339298248,80.2679901123,54953,54963,10
13.0342998505,80.2680206299,54963,54973,10
13.0345201492,80.2680435181,54973,54983,10
13.0345401764,80.268119812,54983,54993,10
13.0343904495,80.2680587769,54993,55003,10
13.0343503952,80.2680435181,55003,55013,10
13.0341796875,80.2679977417,55013,55023,10
13.0338401794,80.2679214478,55023,55033,10
13.0332899094,80.2678375244,55033,55689,656
13.0332899094,80.2678375244,55689,55699,10
13.0327997208,80.2677230835,55699,55710,11
13.0325899124,80.2675704956,55710,55720,10
13.0322198868,80.2673568726,55720,55730,10
13.0316295624,80.2670974731,55730,55740,10
13.0309095383,80.2668762207,55740,55750,10
13.0297203064,80.2666702271,55750,55770,20
13.0297203064,80.2666702271,55770,55780,10
13.0294704437,80.2666320801,55780,55790,10
13.0292196274,80.2665176392,55790,55800,10
13.0288496017,80.2664108276,55800,55810,10
13.0282497406,80.2663192749,55810,55820,10
13.0274200439,80.2661972046,55820,55831,11
13.0268001556,80.2661132813,55831,55841,10
13.0266504288,80.2660903931,55841,55851,10
13.026260376,80.2659912109,55851,55861,10
13.0259599686,80.2657928467,55861,55871,10
13.0252304077,80.2652893066,55871,55890,19
13.0252304077,80.2652893066,55890,55901,11
13.0250997543,80.2651824951,55901,55911,10
13.0247001648,80.2648696899,55911,55921,10
13.0240001678,80.2643737793,55921,55932,11
13.0232000351,80.2639389038,55932,55942,10
13.0221796036,80.2634429932,55942,55962,20
13.0221796036,80.2634429932,55962,55972,10
13.0219802856,80.2633285522,55972,55982,10
13.0215902328,80.263130188,55982,55992,10
13.020819664,80.2630004883,55992,56002,10
13.0200901031,80.2629776001,56002,56012,10
13.0194997787,80.2629394531,56012,56022,10
13.0190200806,80.2628936768,56022,56032,10
13.0188798904,80.2624206543,56032,56043,11
13.0187797546,80.2616119385,56043,56053,10
13.0186004639,80.2612609863,56053,56063,10
13.0182800293,80.2610397339,56063,56073,10
13.0177602768,80.2607116699,56073,56083,10
13.0171699524,80.260307312,56083,56093,10
13.0165700912,80.2599411011,56093,56103,10
13.0160303116,80.2596817017,56103,56113,10
13.0160198212,80.2596664429,56113,56123,10
13.015879631,80.2595977783,56123,56133,10
13.0153903961,80.2594223022,56133,56143,10
13.0145998001,80.2593002319,56143,56154,11
13.0135202408,80.259262085,56154,56164,10
13.0122804642,80.2592163086,56164,56174,10
13.0112400055,80.2591934204,56174,56184,10
13.0103197098,80.2592163086,56184,56194,10
13.0094604492,80.2592163086,56194,56204,10
13.0089302063,80.2592086792,56204,56214,10
13.0087099075,80.2592315674,56214,56223,9
13.0083799362,80.2592391968,56223,56233,10
13.0077695847,80.2593765259,56233,56244,11
13.0072898865,80.2590637207,56244,56255,11
13.0071201324,80.2586898804,56255,56265,10
13.0070800781,80.2585830688,56265,56275,10
13.0068998337,80.2582397461,56275,56285,10
13.006529808,80.2575912476,56285,56386,101
13.006529808,80.2575912476,56386,56396,10
13.0064401627,80.2573776245,56396,56406,10
13.0064201355,80.2570266724,56406,56416,10
13.0064001083,80.256652832,56416,56426,10
13.0064401627,80.256072998,56426,56436,10
13.006480217,80.2554168701,56436,56446,10
13.0065202713,80.2547531128,56446,56456,10
13.0065002441,80.2539901733,56456,56466,10
13.0065202713,80.2532577515,56466,56477,11
13.0065002441,80.2531967163,56477,56487,10
13.0065002441,80.2529830933,56487,56497,10
13.0065202713,80.2527389526,56497,56507,10
13.0065498352,80.252456665,56507,56537,30
13.0065498352,80.252456665,56537,56547,10
13.0066299438,80.2519989014,56547,56557,10
13.0067300797,80.2513275146,56557,56567,10
13.0067501068,80.2506713867,56567,56578,11
13.0067501068,80.2500610352,56578,56588,10
13.0067396164,80.2496871948,56588,56598,10
13.0067396164,80.249671936,56598,56608,10
13.0067300797,80.2492370605,56608,56618,10
13.0066604614,80.2485580444,56618,56628,10
13.0066404343,80.248336792,56628,56638,10
13.0066299438,80.2481002808,56638,56648,10
13.0066299438,80.2475585938,56648,56658,10
13.0066204071,80.2469406128,56658,56668,10
13.0065803528,80.246673584,56668,56678,10
13.0065803528,80.2466201782,56678,56689,11
13.0066404343,80.2461395264,56689,56699,10
13.0066404343,80.2455673218,56699,56709,10
13.0066299438,80.2452774048,56709,56719,10
13.0066204071,80.245010376,56719,56729,10
13.0065898895,80.2448120117,56729,56759,30
13.0065898895,80.2448120117,56759,56769,10
13.0066404343,80.2443084717,56769,56779,10
13.0066099167,80.2440567017,56779,56789,10
13.0066204071,80.2437820435,56789,56800,11
13.0065803528,80.243347168,56800,56810,10
13.0065603256,80.2426681519,56810,56820,10
13.0065498352,80.241859436,56820,56830,10
13.0065603256,80.2414398193,56830,56840,10
13.0066003799,80.2411193848,56840,56850,10
13.006649971,80.2405700684,56850,56860,10
13.0066900253,80.2403030396,56860,56870,10
13.0067901611,80.2397994995,56870,56880,10
13.0069599152,80.2389373779,56880,56890,10
13.0071601868,80.2379989624,56890,56901,11
13.007349968,80.237121582,56901,56931,30
13.007349968,80.237121582,56931,56941,10
13.0074100494,80.2368011475,56941,56951,10
13.0074300766,80.2367324829,56951,56961,10
13.0075502396,80.236366272,56961,56971,10
13.0076799393,80.2357406616,56971,56981,10
13.0078496933,80.2349014282,56981,56991,10
13.0080499649,80.2339096069,56991,57001,10
13.0082702637,80.2327804565,57001,57012,11
13.0085601807,80.231300354,57012,57022,10
13.0088100433,80.2299880981,57022,57032,10
13.0090398788,80.2287826538,57032,57042,10
13.0093297958,80.2277984619,57042,57052,10
13.0097703934,80.2268218994,57052,57062,10
13.0101604462,80.225982666,57062,57072,10
13.0104398727,80.2254333496,57072,57082,10
13.0104598999,80.2253875732,57082,57092,10
13.0105495453,80.2251968384,57092,57102,10
13.0107498169,80.2247924805,57102,57112,10
13.0109996796,80.2242126465,57112,57123,11
13.0111703873,80.2237930298,57123,57133,10
13.011179924,80.2237167358,57133,57143,10
13.011300087,80.2234191895,57143,57153,10
13.0114803314,80.2229537964,57153,57163,10
13.0117797852,80.2222213745,57163,57173,10
13.0121202469,80.2215118408,57173,57183,10
13.0124197006,80.2216491699,57183,57193,10
13.012840271,80.2221603394,57193,57203,10
13.0133600235,80.2227020264,57203,57213,10
13.0139198303,80.2233200073,57213,57223,10
13.0143098831,80.2237701416,57223,57234,11
13.0149402618,80.2244567871,57234,57244,10
13.0153598785,80.2248382568,57244,57254,10
13.0153799057,80.2248306274,57254,57264,10
13.0154399872,80.224899292,57264,57274,10
13.0158500671,80.2251586914,57274,57284,10
13.0166597366,80.2251586914,57284,57294,10
13.0177001953,80.2247619629,57294,57304,10
13.0187597275,80.2243728638,57304,57314,10
13.0197200775,80.2245101929,57314,57335,21
13.0197200775,80.2245101929,57335,57345,10
13.0198097229,80.2246170044,57345,57355,10
13.0201396942,80.2248535156,57355,57365,10
13.0207700729,80.2253036499,57365,57375,10
13.0215702057,80.2259216309,57375,57385,10
13.0220003128,80.2261886597,57385,57395,10
13.0220098495,80.2261962891,57395,57405,10
13.0222797394,80.2264862061,57405,57415,10
13.0227499008,80.2268981934,57415,57425,10
13.0233402252,80.2274398804,57425,57435,10
13.0239200592,80.2279663086,57435,57446,11
13.0244703293,80.2286376953,57446,57456,10
13.0250501633,80.2294387817,57456,57466,10
13.0256299973,80.2302627563,57466,57476,10
13.0259799957,80.2310714722,57476,57516,40
13.0259799957,80.2310714722,57516,57526,10
13.0259599686,80.2313232422,57526,57536,10
13.0263595581,80.231262207,57536,57546,10
13.0271501541,80.2310714722,57546,57557,11
13.0279197693,80.2309570313,57557,57567,10
13.0283498764,80.2308883667,57567,57577,10
13.028380394,80.2308883667,57577,57587,10
13.0288000107,80.2308273315,57587,57597,10
13.0293197632,80.2308120728,57597,57607,10
13.0298995972,80.2307662964,57607,57647,40
13.0298995972,80.2307662964,57647,57657,10
13.0300798416,80.2307815552,57657,57668,11
13.0303602219,80.2307662964,57668,57678,10
13.0305204391,80.2307434082,57678,57688,10
13.0307998657,80.23072052,57688,57698,10
13.0313301086,80.2306594849,57698,57708,10
13.031999588,80.2305984497,57708,57718,10
13.0327301025,80.2305526733,57718,57728,10
13.0333995819,80.2305221558,57728,57738,10
13.0335903168,80.230506897,57738,57748,10
13.0338401794,80.2304763794,57748,57758,10
13.0341396332,80.2304382324,57758,57769,11
13.0345401764,80.2303924561,57769,57799,30
13.0345401764,80.2303924561,57799,57809,10
13.0347099304,80.2303466797,57809,57819,10
13.034910202,80.2302398682,57819,57829,10
13.035030365,80.2300720215,57829,57839,10
13.0350399017,80.2299118042,57839,57849,10
13.0348596573,80.2298736572,57849,57859,10
13.0345697403,80.2298278809,57859,57960,101
13.0345697403,80.2298278809,57960,57970,10
13.0341997147,80.2297286987,57970,58051,81
13.0342597961,80.2301101685,58051,58354,303
13.0342597961,80.2301101685,58354,58364,10
13.0341596603,80.2304992676,58364,58374,10
13.034119606,80.2305221558,58374,58384,10
13.0338897705,80.2304916382,58384,58394,10
13.033539772,80.230506897,58394,58414,20
13.033539772,80.230506897,58414,58425,11
13.0333299637,80.2304992676,58425,58435,10
13.0328302383,80.2305603027,58435,58445,10
13.0321397781,80.2306213379,58445,58455,10
13.0312299728,80.2306976318,58455,58465,10
13.0305995941,80.230758667,58465,58475,10
13.0297403336,80.2308731079,58475,58515,40
13.0297403336,80.2308731079,58515,58526,11
13.0293903351,80.2309188843,58526,58536,10
13.028840065,80.2309799194,58536,58546,10
13.0281600952,80.2310409546,58546,58556,10
13.0276899338,80.2310714722,58556,58566,10
13.0276699066,80.2313919067,58566,58576,10
13.0277204514,80.2318496704,58576,58586,10
13.0278100967,80.2323913574,58586,58596,10
13.0277299881,80.2328033447,58596,58606,10
13.0272598267,80.2328720093,58606,58616,10
13.0269403458,80.2329406738,58616,58667,51
13.0269403458,80.2329406738,58667,58677,10
13.0267896652,80.2330093384,58677,58687,10
13.0264997482,80.233001709,58687,58697,10
13.0263004303,80.2327575684,58697,58707,10
13.0261802673,80.2323226929,58707,58717,10
13.0260400772,80.2316818237,58717,58727,10
13.0258197784,80.2308425903,58727,58737,10
13.0252304077,80.229850769,58737,58748,11
13.0246200562,80.2290802002,58748,58758,10
13.0239601135,80.2282791138,58758,58798,40
13.0239601135,80.2282791138,58798,58808,10
13.0238199234,80.2281112671,58808,58818,10
13.0235500336,80.2278137207,58818,58828,10
13.0232601166,80.2275314331,58828,58838,10
13.0231304169,80.2273788452,58838,58848,10
13.0227203369,80.2270202637,58848,58859,11
13.0223398209,80.2266693115,58859,58869,10
13.0221004486,80.2264633179,58869,58879,10
13.0219697952,80.2263565063,58879,58889,10
13.0215902328,80.2260513306,58889,58899,10
13.0209903717,80.2255477905,58899,58909,10
13.0200796127,80.2249832153,58909,58929,20
13.0200796127,80.2249832153,58929,58939,10
13.0198497772,80.224822998,58939,58949,10
13.0194396973,80.2245788574,58949,58960,11
13.0186300278,80.2245483398,58960,58970,10
13.017829895,80.2248764038,58970,58980,10
13.016960144,80.2252578735,58980,58990,10
13.0164003372,80.2254867554,58990,59000,10
13.0159797668,80.2256393433,59000,59010,10
13.015370369,80.2258377075,59010,59020,10
13.0141401291,80.226348877,59020,59040,20
13.0141401291,80.226348877,59040,59050,10
13.0140399933,80.2264022827,59050,59060,10
13.0135498047,80.2265625,59060,59071,11
13.0126800537,80.226890564,59071,59081,10
13.0116701126,80.2272872925,59081,59091,10
13.0105199814,80.2277526855,59091,59101,10
13.0093803406,80.2282562256,59101,59111,10
13.0090303421,80.2291412354,59111,59121,10
13.0087995529,80.2303390503,59121,59131,10
13.008600235,80.2314376831,59131,59141,10
13.0084199905,80.2323608398,59141,59151,10
13.0082902908,80.2331237793,59151,59161,10
13.0082302094,80.233581543,59161,59171,10
13.0082302094,80.2335891724,59171,59182,11
13.0081701279,80.233757019,59182,59192,10
13.0080699921,80.2342224121,59192,59202,10
13.0079498291,80.23487854,59202,59212,10
13.0078496933,80.2353668213,59212,59222,10
13.0077400208,80.2359466553,59222,59232,10
13.0075798035,80.2367630005,59232,59242,10
13.0073795319,80.23777771,59242,59252,10
13.0072002411,80.2388000488,59252,59262,10
13.0069999695,80.2398605347,59262,59272,10
13.0068798065,80.2407836914,59272,59293,21
13.0068798065,80.2407836914,59293,59303,10
13.0068502426,80.2408218384,59303,59313,10
13.0067796707,80.2412185669,59313,59323,10
13.0067300797,80.2419662476,59323,59333,10
13.0067195892,80.2429580688,59333,59343,10
13.0067100525,80.2440490723,59343,59353,10
13.0067300797,80.2449798584,59353,59363,10
13.0067396164,80.2460784912,59363,59373,10
13.0067796707,80.2470092773,59373,59383,10
13.0067596436,80.2479629517,59383,59394,11
13.0068998337,80.2496566772,59394,59434,40
13.0068998337,80.2496566772,59434,59444,10
13.0068798065,80.2498931885,59444,59454,10
13.0068397522,80.2503967285,59454,59464,10
13.0068397522,80.250869751,59464,59474,10
13.0068397522,80.2509689331,59474,59484,10
13.0068397522,80.2511978149,59484,59494,10
13.0067901611,80.2516403198,59494,59505,11
13.0066204071,80.2523574829,59505,59515,10
13.0065603256,80.2530517578,59515,59525,10
13.0065498352,80.2538986206,59525,59535,10
13.0066099167,80.2548904419,59535,59545,10
13.0066404343,80.2557830811,59545,59555,10
13.0066900253,80.2570571899,59555,59585,30
13.0066900253,80.2570571899,59585,59595,10
13.0066699982,80.2572402954,59595,59605,10
13.0067996979,80.2577819824,59605,59616,11
13.0076799393,80.2586898804,59616,59636,20
13.0076799393,80.2586898804,59636,59646,10
13.0079402924,80.2587966919,59646,59656,10
13.0083799362,80.2589797974,59656,59666,10
13.0088396072,80.2590866089,59666,59676,10
13.0094995499,80.2591018677,59676,59686,10
13.0102901459,80.2591094971,59686,59696,10
13.0106601715,80.2591171265,59696,59706,10
13.0111999512,80.2591094971,59706,59717,11
13.0121297836,80.2591094971,59717,59727,10
13.0132598877,80.2591400146,59727,59737,10
13.0145702362,80.2591934204,59737,59747,10
13.0158395767,80.2593536377,59747,59757,10
13.0164499283,80.2596969604,59757,59777,20
13.0164499283,80.2596969604,59777,59787,10
13.0165500641,80.259803772,59787,59797,10
13.016960144,80.2600784302,59797,59807,10
13.0176897049,80.2606124878,59807,59817,10
13.0184898376,80.2611694336,59817,59828,11
13.0193099976,80.2618331909,59828,59838,10
13.0202302933,80.2626190186,59838,59858,20
13.0202302933,80.2626190186,59858,59868,10
13.0204601288,80.2627792358,59868,59878,10
13.0210199356,80.2629699707,59878,59888,10
13.0216798782,80.2631988525,59888,59898,10
13.022069931,80.2633895874,59898,59908,10
13.022480011,80.2635803223,59908,59918,10
13.022939682,80.2637405396,59918,59928,10
13.0229797363,80.2637634277,59928,59939,11
13.0234298706,80.2640533447,59939,59949,10
13.0240497589,80.2644424438,59949,59959,10
13.0246400833,80.2648925781,59959,59969,10
13.024939537,80.2651596069,59969,59979,10
13.0251598358,80.2652893066,59979,59989,10
13.0257501602,80.2656784058,59989,59999,10
13.0260295868,80.2658081055,59999,60009,10
13.0262804031,80.2657012939,60009,60019,10
13.0263204575,80.2652130127,60019,60029,10
13.0264101028,80.2646179199,60029,60039,10
13.0264997482,80.2638702393,60039,60060,21
13.0264997482,80.2638702393,60060,60070,10
13.0265302658,80.263710022,60070,60080,10
13.0266504288,80.2633972168,60080,60090,10
13.0268497467,80.2634429932,60090,60100,10
13.0273704529,80.2635803223,60100,60110,10
13.0280504227,80.2637405396,60110,60120,10
13.0283203125,80.2638092041,60120,60130,10
13.0285196304,80.2638778687,60130,60140,10
13.0289096832,80.263999939,60140,60151,11
13.0292797089,80.2642364502,60151,60161,10
13.0293197632,80.2646636963,60161,60171,10
13.0293302536,80.2652206421,60171,60181,10
13.0293197632,80.2659835815,60181,60201,20
13.0293197632,80.2659835815,60201,60211,10
13.0292196274,80.266418457,60211,60231,20
13.0292596817,80.2665481567,60231,60251,20
13.0292596817,80.2665481567,60251,60262,11
13.0295801163,80.2666625977,60262,60272,10
13.0297899246,80.2666931152,60272,60282,10
13.0301198959,80.2667236328,60282,60292,10
13.0305404663,80.2667770386,60292,60302,10
13.0307798386,80.2668075562,60302,60312,10
13.0311603546,80.2669067383,60312,60321,9
13.0315504074,80.2670593262,60321,60332,11
13.031920433,80.2672195435,60332,60342,10
13.0321397781,80.2673034668,60342,60352,10
13.0324802399,80.2674789429,60352,60363,11
13.0328998566,80.2677307129,60363,60373,10
13.0332202911,80.2677993774,60373,60383,10
13.033490181,80.2678527832,60383,60403,20
13.033490181,80.2678527832,60403,60413,10
13.0335798264,80.2678604126,60413,60423,10
13.033829689,80.2679290771,60423,60433,10
13.0344495773,80.2680206299,60433,60494,61
13.0344495773,80.2680206299,60494,60504,10
13.0344896317,80.2681884766,60504,60534,30
13.0344896317,80.2681884766,60534,60544,10
13.0342798233,80.2680282593,60544,60554,10
13.034070015,80.2679824829,60554,60564,10
13.0338697433,80.2679367065,60564,60574,10
13.0337095261,80.2678985596,60574,60585,11
13.033370018,80.2678375244,60585,61665,1080
13.033370018,80.2678375244,61665,61675,10
13.0331201553,80.2678222656,61675,61685,10
13.0330200195,80.2677536011,61685,61695,10
13.032699585,80.2676620483,61695,61705,10
13.0325202942,80.2674789429,61705,61715,10
13.0320396423,80.267250061,61715,61725,10
13.0313901901,80.267036438,61725,61735,10
13.0307598114,80.2668609619,61735,61745,10
13.0300102234,80.2667236328,61745,61765,20
13.0300102234,80.2667236328,61765,61776,11
13.0296802521,80.2666473389,61776,61786,10
13.029419899,80.2666091919,61786,61796,10
13.0293798447,80.2666015625,61796,61806,10
13.0290203094,80.2664108276,61806,61816,10
13.0283203125,80.2662734985,61816,61826,10
13.0276002884,80.266166687,61826,61836,10
13.0264701843,80.2660217285,61836,61887,51
13.0264701843,80.2660217285,61887,61897,10
13.0260801315,80.2658996582,61897,61907,10
13.025639534,80.2656097412,61907,61917,10
13.025179863,80.2652893066,61917,61937,20
13.025179863,80.2652893066,61937,61947,10
13.0250501633,80.2651824951,61947,61957,10
13.0246801376,80.2648773193,61957,61967,10
13.0241098404,80.2644424438,61967,61977,10
13.0238199234,80.2642593384,61977,61988,11
13.0239601135,80.2641067505,61988,61998,10
13.0237197876,80.2640991211,61998,62008,10
13.0233697891,80.2639694214,62008,62018,10
13.0226602554,80.2637023926,62018,62028,10
13.0220003128,80.263381958,62028,62058,30
13.0220003128,80.263381958,62058,62068,10
13.021900177,80.2633132935,62068,62078,10
13.0215396881,80.2631607056,62078,62088,10
13.0208501816,80.2630310059,62088,62099,11
13.0200595856,80.2630233765,62099,62109,10
13.0194597244,80.2629623413,62109,62119,10
13.0189800262,80.2628326416,62119,62129,10
13.0188798904,80.2622375488,62129,62139,10
13.0187397003,80.2614212036,62139,62149,10
13.0181303024,80.2609176636,62149,62159,10
13.0173301697,80.260383606,62159,62169,10
13.0159702301,80.2596282959,62169,62200,31
13.0159702301,80.2596282959,62200,62210,10
13.0159196854,80.2596130371,62210,62220,10
13.0158500671,80.2595596313,62220,62230,10
13.0155801773,80.2594833374,62230,62240,10
13.0150203705,80.2593612671,62240,62250,10
13.0142698288,80.2593078613,62250,62260,10
13.0134401321,80.2592926025,62260,62270,10
13.0123996735,80.259262085,62270,62280,10
13.0113601685,80.2592391968,62280,62290,10
13.0105495453,80.2592391968,62290,62300,10
13.0098400116,80.2592773438,62300,62311,11
13.0098199844,80.2592773438,62311,62321,10
13.0095100403,80.2592315674,62321,62331,10
13.0089902878,80.2592163086,62331,62341,10
13.0086603165,80.2592086792,62341,62351,10
13.008480072,80.2592010498,62351,62361,10
13.0079898834,80.259262085,62361,62371,10
13.0074996948,80.2593917847,62371,62381,10
13.0071496964,80.258682251,62381,62401,20
13.0071496964,80.258682251,62401,62411,10
13.007060051,80.2583999634,62411,62422,11
13.0066795349,80.2578125,62422,62452,30
13.0066795349,80.2578125,62452,62462,10
13.0065002441,80.2575683594,62462,62472,10
13.0064601898,80.2571182251,62472,62482,10
13.0064601898,80.2566986084,62482,62492,10
13.0064697266,80.2560882568,62492,62502,10
13.0064897537,80.2553405762,62502,62533,31
13.0065202713,80.2549285889,62533,62563,30
13.0065002441,80.2545318604,62563,62634,71
13.006480217,80.2543029785,62634,62654,20
13.006480217,80.2543029785,62654,62664,10
13.0064496994,80.2540435791,62664,62674,10
13.0064601898,80.2537994385,62674,62684,10
13.0064296722,80.2536621094,62684,62694,10
13.0064697266,80.2535171509,62694,62704,10
13.0064897537,80.2532196045,62704,62745,41
13.0064897537,80.2532196045,62745,62755,10
13.0065002441,80.2528610229,62755,62765,10
13.0065097809,80.252571106,62765,62775,10
13.0066404343,80.2520065308,62775,62785,10
13.0067100525,80.251083374,62785,62795,10
13.0066604614,80.2502365112,62795,62805,10
13.0067100525,80.249710083,62805,62815,10
13.0067300797,80.2496795654,62815,62825,10
13.0066604614,80.2492828369,62825,62876,51
13.0067901611,80.2490615845,62876,62916,40
13.0067901611,80.2490615845,62916,62926,10
13.006819725,80.248840332,62926,62936,10
13.0067195892,80.2486419678,62936,62946,10
13.0066604614,80.248336792,62946,62957,11
13.0065698624,80.2475891113,62957,62987,30
13.0065698624,80.2475891113,62987,62997,10
13.006360054,80.2473678589,62997,63068,71
13.006360054,80.2473678589,63068,63078,10
13.0066404343,80.2472610474,63078,63088,10
13.006649971,80.246887207,63088,63098,10
13.0065698624,80.2465209961,63098,63128,30
13.0065698624,80.2465209961,63128,63138,10
13.0066099167,80.2461624146,63138,63148,10
13.0066204071,80.24559021,63148,63158,10
13.0066204071,80.2450637817,63158,63169,11
13.0066604614,80.2445297241,63169,63179,10
13.0066699982,80.2442474365,63179,63189,10
13.0066604614,80.2437667847,63189,63199,10
13.0066003799,80.2432022095,63199,63209,10
13.0065803528,80.2425537109,63209,63219,10
13.0065603256,80.2417221069,63219,63229,10
13.0065498352,80.2415924072,63229,63239,10
13.0065603256,80.2413864136,63239,63249,10
13.0066404343,80.2408218384,63249,63310,61
13.0066404343,80.2408218384,63310,63320,10
13.0067596436,80.2404937744,63320,63330,10
13.0068798065,80.2401199341,63330,63340,10
13.0070199966,80.2394485474,63340,63350,10
13.0071697235,80.2385406494,63350,63360,10
13.0072698593,80.2378005981,63360,63370,10
13.0074100494,80.2369766235,63370,63421,51
13.0074100494,80.2369766235,63421,63431,10
13.0074596405,80.2368011475,63431,63441,10
13.0074901581,80.236656189,63441,63451,10
13.0075798035,80.2362823486,63451,63461,10
13.0076904297,80.235710144,63461,63471,10
13.0077295303,80.235458374,63471,63481,10
13.0077896118,80.2351608276,63481,63491,10
13.0078897476,80.2345962524,63491,63502,11
13.0080299377,80.2338027954,63502,63512,10
13.0081596375,80.2328414917,63512,63522,10
13.0083799362,80.2316589355,63522,63532,10
13.0086402893,80.2305221558,63532,63542,10
13.0088996887,80.2293930054,63542,63552,10
13.0091400146,80.2283477783,63552,63561,9
13.0095100403,80.2274398804,63561,63572,11
13.010020256,80.2263183594,63572,63582,10
13.0104503632,80.2255020142,63582,63592,10
13.010840416,80.2246627808,63592,63603,11
13.0113296509,80.2236099243,63603,63633,30
13.0113296509,80.2236099243,63633,63643,10
13.0112199783,80.2235031128,63643,63653,10
13.0113401413,80.2231826782,63653,63663,10
13.0115604401,80.2227325439,63663,63673,10
13.0117902756,80.2219619751,63673,63683,10
13.0120897293,80.2213897705,63683,63693,10
13.0123596191,80.2215576172,63693,63703,10
13.0127096176,80.2220687866,63703,63714,11
13.013299942,80.2226867676,63714,63724,10
13.0137996674,80.2232666016,63724,63734,10
13.0142002106,80.223739624,63734,63744,10
13.0145597458,80.2242584229,63744,63754,10
13.0154104233,80.2249298096,63754,63774,20
13.0154104233,80.2249298096,63774,63784,10
13.0157299042,80.2252120972,63784,63794,10
13.0163297653,80.225402832,63794,63804,10
13.0171403885,80.225151062,63804,63815,11
13.0181102753,80.2247390747,63815,63825,10
13.0188903809,80.2244415283,63825,63835,10
13.0195102692,80.2244567871,63835,63855,20
13.0195102692,80.2244567871,63855,63865,10
13.019610405,80.2245178223,63865,63875,10
13.0198202133,80.2246398926,63875,63885,10
13.0202198029,80.2249298096,63885,63895,10
13.0205898285,80.2252197266,63895,63905,10
13.0209102631,80.2254562378,63905,63915,10
13.0214300156,80.2258377075,63915,63926,11
13.0219202042,80.2261581421,63926,63936,10
13.0219402313,80.2261810303,63936,63946,10
13.0221204758,80.2262878418,63946,63956,10
13.0225601196,80.2266769409,63956,63966,10
13.0231199265,80.2272109985,63966,63976,10
13.0235004425,80.2275772095,63976,63986,10
13.0238304138,80.2278900146,63986,63996,10
13.0241098404,80.2281723022,63996,64006,10
13.0241699219,80.2282409668,64006,64016,10
13.0243196487,80.2284622192,64016,64026,10
13.0245800018,80.228843689,64026,64037,11
13.0249595642,80.2293701172,64037,64047,10
13.02546978,80.2300491333,64047,64057,10
13.0259199142,80.2308425903,64057,64067,10
13.0261297226,80.2314224243,64067,64077,10
13.0265398026,80.2313079834,64077,64087,10
13.0272502899,80.2311019897,64087,64097,10
13.0278396606,80.2309799194,64097,64168,71
13.0278396606,80.2309799194,64168,64178,10
13.0279998779,80.2310028076,64178,64188,10
13.0283603668,80.2309494019,64188,64198,10
13.0285797119,80.2309188843,64198,64208,10
13.0288000107,80.2308883667,64208,64217,9
13.0291004181,80.2308425903,64217,64228,11
13.0296401978,80.2307891846,64228,64269,41
13.0296401978,80.2307891846,64269,64279,10
13.0299596786,80.230758667,64279,64289,10
13.0302801132,80.23072052,64289,64309,20
13.0302801132,80.23072052,64309,64319,10
13.0305404663,80.2307128906,64319,64329,10
13.0309801102,80.230682373,64329,64339,10
13.0315599442,80.2306213379,64339,64349,10
13.0322704315,80.2305908203,64349,64360,11
13.0331401825,80.2305221558,64360,64370,10
13.0339202881,80.2304534912,64370,64379,9
13.0343799591,80.2303771973,64379,64410,31
13.0343799591,80.2303771973,64410,64420,10
13.034529686,80.2303466797,64420,64491,71
13.034529686,80.2303466797,64491,64501,10
13.0347003937,80.2303009033,64501,64551,50
13.0347003937,80.2303009033,64551,64561,10
13.0348796844,80.2302017212,64561,64572,11
13.0350399017,80.2300186157,64572,64582,10
13.0348396301,80.2298202515,64582,64683,101
13.0344600677,80.2298202515,64683,64935,252
13.0344600677,80.2298202515,64935,64945,10
13.0343198776,80.230140686,64945,65026,81
13.0343198776,80.230140686,65026,65036,10
13.0340995789,80.2304992676,65036,65066,30
13.0340995789,80.2304992676,65066,65076,10
13.0337495804,80.2304763794,65076,65086,10
13.033490181,80.2304992676,65086,65096,10
13.0332202911,80.230506897,65096,65106,10
13.0328702927,80.2305221558,65106,65117,11
13.0322999954,80.2305831909,65117,65127,10
13.0319795609,80.2306365967,65127,65137,10
13.0317697525,80.2306289673,65137,65147,10
13.03125,80.2306976318,65147,65248,101
13.03125,80.2306976318,65248,65258,10
13.0309400558,80.23072052,65258,65268,10
13.0305500031,80.230758667,65268,65278,10
13.0302295685,80.230796814,65278,65288,10
13.0299596786,80.2308273315,65288,65298,10
13.02987957,80.2308273315,65298,65308,10
13.0297298431,80.2308425903,65308,65318,10
13.0292596817,80.2308807373,65318,65329,11
13.028459549,80.2309570313,65329,65339,10
13.027879715,80.2310562134,65339,65349,10
13.0276603699,80.2312011719,65349,65359,10
13.0277099609,80.2316894531,65359,65369,10
13.0277700424,80.2321624756,65369,65379,10
13.0278501511,80.2327194214,65379,65430,51
13.0278501511,80.2327194214,65430,65440,10
13.027759552,80.2328414917,65440,65450,10
13.0275802612,80.2328414917,65450,65460,10
13.0274295807,80.2328796387,65460,65470,10
13.0269098282,80.232963562,65470,65520,50
13.0267095566,80.2331237793,65520,65641,121
13.0267095566,80.2331237793,65641,65652,11
13.0265903473,80.2330169678,65652,65662,10
13.0263900757,80.233001709,65662,65672,10
13.026260376,80.2327194214,65672,65682,10
13.0262498856,80.2326583862,65682,65692,10
13.0262403488,80.232421875,65692,65702,10
13.0261602402,80.2320404053,65702,65712,10
13.026049614,80.2315216064,65712,65722,10
13.0258903503,80.2309265137,65722,65732,10
13.0253896713,80.2300186157,65732,65742,10
13.0247297287,80.2291793823,65742,65752,10
13.0242700577,80.2285919189,65752,65763,11
13.0239496231,80.2282714844,65763,65773,10
13.0239400864,80.2282562256,65773,65783,10
13.0239200592,80.2282791138,65783,65793,10
13.0237197876,80.2279891968,65793,65803,10
13.0233201981,80.2276000977,65803,65813,10
13.0227804184,80.2270889282,65813,65823,10
13.0221996307,80.2265625,65823,65833,10
13.0214395523,80.2259368896,65833,65843,10
13.0205898285,80.2252883911,65843,65853,10
13.0201301575,80.2249908447,65853,65864,11
13.019900322,80.2247924805,65864,65874,10
13.019370079,80.2244796753,65874,65884,10
13.0185203552,80.2245635986,65884,65894,10
13.017660141,80.2249221802,65894,65904,10
13.0168104172,80.2252807617,65904,65914,10
13.016289711,80.2255172729,65914,65924,10
13.0159397125,80.2256698608,65924,65934,10
13.01541996,80.2258377075,65934,65944,10
13.014840126,80.2260818481,65944,65954,10
13.0142202377,80.2263336182,65954,65975,21
13.0142202377,80.2263336182,65975,65985,10
13.0140800476,80.2263793945,65985,65995,10
13.0135803223,80.2265777588,65995,66005,10
13.0128002167,80.2268600464,66005,66015,10
13.0118904114,80.2272109985,66015,66025,10
13.0108604431,80.2276535034,66025,66035,10
13.0099201202,80.2280426025,66035,66045,10
13.0091295242,80.2284927368,66045,66055,10
13.0089302063,80.2294082642,66055,66065,10
13.0087203979,80.2305831909,66065,66075,10
13.0085000992,80.2318572998,66075,66086,11
13.0082798004,80.2330474854,66086,66096,10
13.0082302094,80.2336807251,66096,66287,191
13.0082302094,80.2336807251,66287,66298,11
13.0080604553,80.2340393066,66298,66308,10
13.0080003738,80.2343978882,66308,66318,10
13.0079202652,80.2348480225,66318,66328,10
13.007809639,80.235458374,66328,66338,10
13.0076799393,80.2361679077,66338,66348,10
13.0075397491,80.236869812,66348,66358,10
13.0073795319,80.2376174927,66358,66368,10
13.0072402954,80.2384033203,66368,66378,10
13.007109642,80.2390899658,66378,66388,10
13.0069704056,80.2398376465,66388,66510,122
13.0069704056,80.2398376465,66510,66520,10
13.0069303513,80.240272522,66520,66530,10
13.0068702698,80.2405700684,66530,66540,10
13.006819725,80.240852356,66540,66550,10
13.006819725,80.2410430908,66550,66560,10
13.0068101883,80.2411270142,66560,66570,10
13.006770134,80.2415771484,66570,66580,10
13.0067396164,80.2423019409,66580,66590,10
13.0067195892,80.2429428101,66590,66600,10
13.0066795349,80.2434997559,66600,66610,10
13.0066699982,80.2440872192,66610,66621,11
13.0066795349,80.2448883057,66621,66631,10
13.0066795349,80.2456130981,66631,66641,10
13.0066995621,80.2463378906,66641,66651,10
13.0067195892,80.246887207,66651,66661,10
13.0067300797,80.2470779419,66661,66671,10
13.0067300797,80.247428894,66671,66681,10
13.0067195892,80.2480316162,66681,66691,10
13.0067501068,80.2487716675,66691,66701,10
13.0068597794,80.2494812012,66701,66732,31
13.0068597794,80.2494812012,66732,66742,10
13.0068798065,80.2497406006,66742,66752,10
13.0068397522,80.2502365112,66752,66762,10
13.0068397522,80.2507324219,66762,66802,40
13.0068397522,80.2507324219,66802,66812,10
13.0068702698,80.2510375977,66812,66822,10
13.0068702698,80.2512207031,66822,66873,51
13.0068702698,80.2512207031,66873,66883,10
13.006819725,80.2515411377,66883,66893,10
13.0066900253,80.2520294189,66893,66903,10
13.0065803528,80.2528076172,66903,66913,10
13.0065698624,80.253578186,66913,66923,10
13.0065603256,80.2542800903,66923,66933,10
13.0066204071,80.2549591064,66933,66944,11
13.0066404343,80.2557907104,66944,66954,10
13.0066604614,80.2564086914,66954,66964,10
13.0066604614,80.2566986084,66964,66974,10
13.0066604614,80.257019043,66974,66984,10
13.0067396164,80.2576065063,66984,66994,10
13.0070800781,80.2582626343,66994,67004,10
13.0077400208,80.2587127686,67004,67034,30
13.0077400208,80.2587127686,67034,67044,10
13.0079898834,80.2588272095,67044,67055,11
13.0086202621,80.2590484619,67055,67075,20
13.0086202621,80.2590484619,67075,67085,10
13.0089302063,80.2590789795,67085,67095,10
13.0092802048,80.2590789795,67095,67105,10
13.0099401474,80.2590866089,67105,67115,10
13.0107402802,80.2591018677,67115,67125,10
13.0116195679,80.2590866089,67125,67135,10
13.0126199722,80.2591323853,67135,67145,10
13.0137300491,80.2591781616,67145,67156,11
13.0148096085,80.2592163086,67156,67166,10
13.0158004761,80.2593917847,67166,67176,10
13.0162096024,80.2595672607,67176,67206,30
13.0162096024,80.2595672607,67206,67216,10
13.0162801743,80.2596435547,67216,67226,10
13.0163898468,80.2597579956,67226,67236,10
13.0166397095,80.2599563599,67236,67246,10
13.0171003342,80.2602462769,67246,67256,10
13.0175600052,80.2605514526,67256,67267,11
13.0180597305,80.260887146,67267,67277,10
13.0183801651,80.2611236572,67277,67287,10
13.0187196732,80.2613372803,67287,67297,10
13.0188503265,80.2614593506,67297,67307,10
13.0192098618,80.2617797852,67307,67317,10
13.0196304321,80.2621994019,67317,67327,10
13.0202102661,80.2626800537,67327,67357,30
13.0202102661,80.2626800537,67357,67367,10
13.0205001831,80.2628173828,67367,67378,11
13.0210599899,80.2629776001,67378,67388,10
13.02161026,80.2631912231,67388,67398,10
13.0220003128,80.263381958,67398,67408,10
13.0222997665,80.2635498047,67408,67428,20
13.0222997665,80.2635498047,67428,67438,10
13.0225095749,80.2636489868,67438,67448,10
13.0229501724,80.2639389038,67448,67468,20
13.0229501724,80.2639389038,67468,67479,11
13.023150444,80.2640533447,67479,67489,10
13.0234899521,80.2642593384,67489,67499,10
13.0239896774,80.264503479,67499,67509,10
13.0244903564,80.2648391724,67509,67519,10
13.0248603821,80.2651290894,67519,67529,10
13.0251197815,80.2653274536,67529,67539,10
13.025639534,80.2656478882,67539,67549,10
13.0260801315,80.2659225464,67549,67559,10
13.0263204575,80.265838623,67559,67569,10
13.0263996124,80.2654037476,67569,67579,10
13.0264196396,80.2646789551,67579,67590,11
13.0265102386,80.264213562,67590,67600,10
13.0265102386,80.2641983032,67600,67610,10
13.0264797211,80.2640380859,67610,67620,10
13.0265598297,80.263633728,67620,67630,10
13.0269002914,80.2634811401,67630,67640,10
13.0273399353,80.2635498047,67640,67650,10
13.0280704498,80.2638092041,67650,67670,20
13.0280704498,80.2638092041,67670,67680,10
13.0282697678,80.2638626099,67680,67690,10
13.0285797119,80.263961792,67690,67701,11
13.0289802551,80.2640991211,67701,67711,10
13.0291996002,80.2641983032,67711,67721,10
13.0292701721,80.2643203735,67721,67731,10
13.0292596817,80.2646484375,67731,67741,10
13.0292596817,80.2651824951,67741,67751,10
13.0292596817,80.2657012939,67751,67761,10
13.0292196274,80.2659988403,67761,67781,20
13.0292196274,80.2659988403,67781,67791,10
13.0292196274,80.2661590576,67791,67802,11
13.0291795731,80.266456604,67802,67812,10
13.0293197632,80.2665710449,67812,67822,10
13.0296497345,80.2666015625,67822,67832,10
13.030090332,80.2666397095,67832,67842,10
13.0306301117,80.266708374,67842,67852,10
13.0312795639,80.2668991089,67852,67862,10
13.0318698883,80.2671737671,67862,67872,10
13.032409668,80.2674636841,67872,67882,10
13.0326795578,80.2676620483,67882,67892,10
13.0329999924,80.2677764893,67892,67902,10
13.0334701538,80.2678375244,67902,67943,41
13.0334701538,80.2678375244,67943,67953,10
13.0338201523,80.267906189,67953,67963,10
13.0342597961,80.2679672241,67963,68014,51
13.0342597961,80.2679672241,68014,68024,10
13.0344495773,80.2681808472,68024,68054,30
13.0344495773,80.2681808472,68054,68064,10
13.0342197418,80.2680435181,68064,68074,10
13.0338897705,80.2679824829,68074,68084,10
13.0336399078,80.267906189,68084,68094,10
13.0333595276,80.2678527832,68094,68548,454
13.0329999924,80.267791748,68548,68569,21
13.0329999924,80.267791748,68569,68579,10
13.0327196121,80.2677383423,68579,68589,10
13.0325698853,80.2676391602,68589,68599,10
13.0323600769,80.2675704956,68599,68609,10
13.0318899155,80.2672729492,68609,68619,10
13.03125,80.2670593262,68619,68629,10
13.0306100845,80.2669372559,68629,68639,10
13.0300798416,80.2668533325,68639,68649,10
13.0299596786,80.2668075562,68649,68660,11
13.0297899246,80.2667694092,68660,68670,10
13.0297298431,80.2667694092,68670,68680,10
13.029540062,80.2666778564,68680,68690,10
13.0291900635,80.2666091919,68690,68700,10
13.028719902,80.266418457,68700,68710,10
13.0279998779,80.2663192749,68710,68720,10
13.0273303986,80.2662200928,68720,68730,10
13.0264501572,80.2660522461,68730,68750,20
13.0264501572,80.2660522461,68750,68760,10
13.0262804031,80.2660217285,68760,68771,11
13.0260000229,80.2659072876,68771,68781,10
13.0254201889,80.265586853,68781,68811,30
13.0254201889,80.265586853,68811,68821,10
13.0253200531,80.2655181885,68821,68831,10
13.0250597,80.26537323,68831,68841,10
13.0247602463,80.2651977539,68841,68851,10
13.0242795944,80.2647476196,68851,68861,10
13.0237998962,80.2644195557,68861,68871,10
13.0235395432,80.2642822266,68871,68882,11
13.0230102539,80.2640228271,68882,68892,10
13.022190094,80.2636108398,68892,68912,20
13.022190094,80.2636108398,68912,68922,10
13.0219297409,80.263458252,68922,68932,10
13.0214395523,80.2632675171,68932,68942,10
13.02064991,80.263130188,68942,68952,10
13.0199203491,80.2631072998,68952,68962,10
13.0192203522,80.2630462646,68962,68972,10
13.0189399719,80.2629013062,68972,68983,11
13.0189199448,80.2624664307,68983,68993,10
13.0188798904,80.2622833252,68993,69003,10
13.0188398361,80.262046814,69003,69013,10
13.0188398361,80.2620391846,69013,69023,10
13.0188102722,80.26171875,69023,69043,20
13.0188102722,80.26171875,69043,69053,10
13.0187196732,80.2614212036,69053,69063,10
13.0186100006,80.2613067627,69063,69073,10
13.0185098648,80.2612075806,69073,69083,10
13.0183801651,80.2611312866,69083,69094,11
13.0178899765,80.260848999,69094,69104,10
13.017250061,80.2604370117,69104,69114,10
13.0160799026,80.2597808838,69114,69144,30
13.0160799026,80.2597808838,69144,69154,10
13.0158700943,80.2596511841,69154,69164,10
13.0153903961,80.2594985962,69164,69174,10
13.0146799088,80.2593994141,69174,69184,10
13.0138196945,80.2594070435,69184,69194,10
13.0127897263,80.2593612671,69194,69205,11
13.0116996765,80.2593231201,69205,69215,10
13.0109701157,80.2593002319,69215,69225,10
13.0103302002,80.2593383789,69225,69235,10
13.0098400116,80.2593688965,69235,69245,10
13.0098304749,80.2593612671,69245,69255,10
13.0095396042,80.2593688965,69255,69265,10
13.0090398788,80.2593307495,69265,69275,10
13.0087099075,80.2592773438,69275,69285,10
13.0083198547,80.2592468262,69285,69295,10
13.0078897476,80.2593307495,69295,69306,11
13.0073900223,80.2593231201,69306,69316,10
13.0070400238,80.2584991455,69316,69336,20
13.0070400238,80.2584991455,69336,69346,10
13.0070199966,80.2584686279,69346,69356,10
13.0068101883,80.258140564,69356,69366,10
13.0066099167,80.2578125,69366,69376,10
13.0065803528,80.2578125,69376,69386,10
13.0064401627,80.2576370239,69386,69437,51
13.0064296722,80.2576065063,69437,69467,30
13.0064296722,80.2576065063,69467,69477,10
13.0064001083,80.2575836182,69477,69487,10
13.0064401627,80.25730896,69487,69497,10
13.0064496994,80.2568588257,69497,69507,10
13.0064296722,80.2563018799,69507,69518,11
13.0064296722,80.2556686401,69518,69528,10
13.0064601898,80.2551574707,69528,69538,10
13.0064601898,80.2546615601,69538,69548,10
13.0064401627,80.25390625,69548,69558,10
13.0064401627,80.25340271,69558,69578,20
13.0064401627,80.25340271,69578,69588,10
13.0064601898,80.2531585693,69588,69598,10
13.0064601898,80.2530517578,69598,69608,10
13.0064496994,80.2526168823,69608,69618,10
13.0065803528,80.2518920898,69618,69719,101
13.0065803528,80.2518920898,69719,69729,10
13.0066604614,80.2517318726,69729,69740,11
13.0066900253,80.2512969971,69740,69750,10
13.0066604614,80.2506027222,69750,69760,10
13.0066604614,80.2498321533,69760,69770,10
13.0066604614,80.2497406006,69770,69780,10
13.0066604614,80.2494888306,69780,69790,10
13.0066404343,80.248916626,69790,69800,10
13.0065803528,80.2482910156,69800,69810,10
13.0065698624,80.247718811,69810,69871,61
13.0065698624,80.247718811,69871,69881,10
13.0066404343,80.2476119995,69881,69891,10
13.0066204071,80.2473678589,69891,69901,10
13.0065498352,80.2467422485,69901,69931,30
13.0065498352,80.2467422485,69931,69941,10
13.0066099167,80.2463607788,69941,69952,11
13.0066099167,80.2456817627,69952,69962,10
13.0066099167,80.2450637817,69962,69972,10
13.0066003799,80.2444763184,69972,69982,10
13.0065898895,80.243927002,69982,69992,10
13.0065803528,80.2434921265,69992,70002,10
13.0065097809,80.2429428101,70002,70012,10
13.0065002441,80.2423706055,70012,70022,10
13.0065002441,80.2419586182,70022,70032,10
13.0065002441,80.241897583,70032,70042,10
13.0065002441,80.2417984009,70042,70052,10
13.0065202713,80.2415237427,70052,70063,11
13.0065603256,80.2409820557,70063,70113,50
13.0065603256,80.2409820557,70113,70123,10
13.0066204071,80.2407913208,70123,70133,10
13.0066604614,80.2405166626,70133,70143,10
13.0067195892,80.240196228,70143,70153,10
13.0068798065,80.2396392822,70153,70164,11
13.0070199966,80.2387771606,70164,70174,10
13.007109642,80.2381973267,70174,70184,10
13.007229805,80.2377166748,70184,70194,10
13.0073604584,80.2367706299,70194,70224,30
13.0073604584,80.2367706299,70224,70234,10
13.0073604584,80.2366790771,70234,70244,10
13.0074701309,80.2363433838,70244,70254,10
13.007610321,80.235710144,70254,70264,10
13.0077695847,80.2348937988,70264,70275,11
13.0079898834,80.233833313,70275,70284,9
13.0081996918,80.2327804565,70284,70295,11
13.0084104538,80.2316589355,70295,70305,10
13.0086402893,80.2304382324,70305,70315,10
13.0087900162,80.2296524048,70315,70325,10
13.0088596344,80.2291488647,70325,70335,10
13.0088996887,80.2289199829,70335,70345,10
13.0089101791,80.2287521362,70345,70355,10
13.0089702606,80.2285614014,70355,70365,10
13.0091104507,80.2281570435,70365,70376,11
13.0092697144,80.2277984619,70376,70386,10
13.0094604492,80.2274093628,70386,70396,10
13.0096101761,80.2270812988,70396,70406,10
13.009759903,80.2267837524,70406,70416,10
13.0099000931,80.2265090942,70416,70426,10
13.0100498199,80.2261962891,70426,70436,10
13.0102396011,80.2257614136,70436,70446,10
13.010430336,80.2253875732,70446,70456,10
13.0106201172,80.2250213623,70456,70476,20
13.0106201172,80.2250213623,70476,70487,11
13.0106897354,80.2248306274,70487,70497,10
13.0109300613,80.2242202759,70497,70517,20
13.0109300613,80.2242202759,70517,70527,10
13.0110197067,80.2240524292,70527,70537,10
13.011179924,80.2236785889,70537,70547,10
13.011349678,80.2232437134,70547,70557,10
13.0116596222,80.2225189209,70557,70567,10
13.0119400024,80.2216415405,70567,70577,10
13.0123100281,80.2215194702,70577,70587,10
13.0126199722,80.2219467163,70587,70598,11
13.0131397247,80.2225799561,70598,70608,10
13.0136804581,80.223197937,70608,70618,10
13.0141296387,80.2235565186,70618,70628,10
13.0143499374,80.2238311768,70628,70638,10
13.0146398544,80.2242279053,70638,70648,10
13.01541996,80.2250366211,70648,70678,30
13.01541996,80.2250366211,70678,70688,10
13.0155601501,80.225151062,70688,70699,11
13.0158901215,80.225402832,70699,70709,10
13.0165901184,80.2253875732,70709,70719,10
13.0175199509,80.2250366211,70719,70729,10
13.0185203552,80.2246170044,70729,70739,10
13.0194501877,80.2244873047,70739,70759,20
13.0194501877,80.2244873047,70759,70769,10
13.0196199417,80.224609375,70769,70779,10
13.0198202133,80.2247619629,70779,70789,10
13.0201997757,80.2250213623,70789,70799,10
13.0207395554,80.2253875732,70799,70810,11
13.0212802887,80.2257995605,70810,70820,10
13.0216398239,80.2260513306,70820,70830,10
13.02202034,80.22631073,70830,70850,20
13.02202034,80.22631073,70850,70860,10
13.0222797394,80.2265167236,70860,70870,10
13.0227804184,80.2269592285,70870,70880,10
13.0233602524,80.2274780273,70880,70890,10
13.0238599777,80.2279205322,70890,70900,10
13.0242204666,80.2282714844,70900,70910,10
13.0243701935,80.2284927368,70910,70921,11
13.0244903564,80.2286834717,70921,70931,10
13.024600029,80.2288589478,70931,70941,10
13.0246601105,80.2289810181,70941,70951,10
13.024769783,80.2291412354,70951,70961,10
13.0248804092,80.2293014526,70961,70971,10
13.0251302719,80.2296295166,70971,70981,10
13.0254802704,80.2301177979,70981,70991,10
13.025639534,80.2303466797,70991,71001,10
13.0257396698,80.2305221558,71001,71011,10
13.025850296,80.230758667,71011,71022,11
13.0259304047,80.2309570313,71022,71032,10
13.025970459,80.2312393188,71032,71042,10
13.026140213,80.2314605713,71042,71052,10
13.0267295837,80.2312698364,71052,71062,10
13.0272197723,80.2311325073,71062,71072,10
13.0274295807,80.2310791016,71072,71082,10
13.0277395248,80.2310562134,71082,71092,10
13.0278596878,80.2310562134,71092,71102,10
13.0283498764,80.231010437,71102,71163,61
13.0283498764,80.231010437,71163,71173,10
13.0287704468,80.2309417725,71173,71183,10
13.0290203094,80.2309265137,71183,71193,10
13.0293798447,80.2309036255,71193,71274,81
13.0293798447,80.2309036255,71274,71284,10
13.0297698975,80.2308120728,71284,71294,10
13.0302200317,80.2307815552,71294,71304,10
13.0302495956,80.2307891846,71304,71314,10
13.0306196213,80.2307815552,71314,71324,10
13.0310201645,80.2307662964,71324,71334,10
13.0316400528,80.2307128906,71334,71345,11
13.0321302414,80.2306518555,71345,71355,10
13.0326299667,80.2306213379,71355,71365,10
13.0330200195,80.2305831909,71365,71375,10
13.0335998535,80.2305297852,71375,71385,10
13.0341300964,80.2304992676,71385,71395,10
13.0346603394,80.2303619385,71395,71476,81
13.0346603394,80.2303619385,71476,71486,10
13.0350103378,80.2299880981,71486,71506,20
13.0350103378,80.2299880981,71506,71516,10
13.0347204208,80.2298736572,71516,71526,10
13.0342798233,80.2297973633,71526,71657,131
13.0342798233,80.2297973633,71657,71668,11
13.0341501236,80.2300415039,71668,71738,70
13.0341396332,80.2304077148,71738,71799,61
13.0341396332,80.2304077148,71799,71809,10
13.033829689,80.2304382324,71809,71819,10
13.0336303711,80.2304382324,71819,71829,10
13.0333995819,80.2304763794,71829,71839,10
13.0332899094,80.2304992676,71839,71849,10
13.0328798294,80.2305679321,71849,71859,10
13.0327396393,80.2306213379,71859,71869,10
13.03221035,80.2306594849,71869,71879,10
13.0318202972,80.230682373,71879,71890,11
13.0311498642,80.2307434082,71890,71900,10
13.0308103561,80.2307891846,71900,71960,60
13.0308103561,80.2307891846,71960,71970,10
13.030670166,80.2308120728,71970,71980,10
13.0304603577,80.2308120728,71980,71991,11
13.0297698975,80.2309112549,71991,72011,20
13.0297698975,80.2309112549,72011,72021,10
13.0295801163,80.2309265137,72021,72031,10
13.0290298462,80.231010437,72031,72041,10
13.0281896591,80.2311019897,72041,72051,10
13.0276699066,80.2311706543,72051,72061,10
13.0276699066,80.2316207886,72061,72071,10
13.0277500153,80.2322921753,72071,72081,10
13.0278196335,80.2328567505,72081,72091,10
13.0270595551,80.2329864502,72091,72122,31
13.0270595551,80.2329864502,72122,72132,10
13.0268096924,80.2330474854,72132,72142,10
13.0266103745,80.2330627441,72142,72152,10
13.0264797211,80.2330627441,72152,72162,10
13.0263500214,80.2328872681,72162,72172,10
13.0262403488,80.2326431274,72172,72182,10
13.0261602402,80.2323913574,72182,72192,10
13.0260601044,80.2321166992,72192,72202,10
13.025970459,80.2317199707,72202,72223,21
13.025970459,80.2317199707,72223,72233,10
13.0258903503,80.2315216064,72233,72243,10
13.0257902145,80.2310180664,72243,72253,10
13.0254201889,80.2302627563,72253,72263,10
13.0250501633,80.2297821045,72263,72303,40
13.0250501633,80.2297821045,72303,72314,11
13.0249004364,80.2296218872,72314,72324,10
13.0247001648,80.2293624878,72324,72334,10
13.0243997574,80.2289581299,72334,72344,10
13.0238800049,80.2283172607,72344,72364,20
13.0238800049,80.2283172607,72364,72374,10
13.0237503052,80.2281417847,72374,72384,10
13.0235395432,80.2279205322,72384,72394,10
13.0233898163,80.2277603149,72394,72404,10
13.0232095718,80.2275772095,72404,72414,10
13.0228796005,80.2272109985,72414,72425,11
13.0224704742,80.2268295288,72425,72435,10
13.0221595764,80.2265777588,72435,72445,10
13.0218696594,80.2263412476,72445,72455,10
13.0215396881,80.2260894775,72455,72465,10
13.021320343,80.2259216309,72465,72475,10
13.0212497711,80.2258529663,72475,72485,10
13.0209999084,80.2256622314,72485,72495,10
13.0205097198,80.2253189087,72495,72505,10
13.0199298859,80.2249221802,72505,72515,10
13.0192499161,80.2245788574,72515,72525,10
13.0182600021,80.2247390747,72525,72536,11
13.0173397064,80.2251434326,72536,72546,10
13.0169401169,80.2253189087,72546,72556,10
13.0168304443,80.2253570557,72556,72566,10
13.0166501999,80.2254486084,72566,72576,10
13.0164203644,80.2255325317,72576,72586,10
13.0160598755,80.2256393433,72586,72596,10
13.0155801773,80.2257766724,72596,72606,10
13.0150995255,80.226020813,72606,72616,10
13.0150604248,80.2260437012,72616,72626,10
13.0145397186,80.2262115479,72626,72667,41
13.0145397186,80.2262115479,72667,72677,10
13.0143203735,80.2262878418,72677,72687,10
13.0141897202,80.2263336182,72687,72697,10
13.0137395859,80.2264862061,72697,72707,10
13.013010025,80.2267684937,72707,72717,10
13.012140274,80.2271194458,72717,72727,10
13.0111703873,80.2275085449,72727,72737,10
13.0101003647,80.2279510498,72737,72748,11
13.0091295242,80.2285079956,72748,72758,10
13.0088996887,80.2295684814,72758,72768,10
13.0086603165,80.2308120728,72768,72778,10
13.0084695816,80.2319107056,72778,72788,10
13.0082798004,80.2329177856,72788,72798,10
13.0082101822,80.2335510254,72798,72818,20
13.0082101822,80.2335510254,72818,72828,10
13.0081100464,80.2338562012,72828,72838,10
13.0080003738,80.2344436646,72838,72849,11
13.0078201294,80.2353515625,72849,72859,10
13.0076198578,80.2363891602,72859,72869,10
13.0074195862,80.2374191284,72869,72879,10
13.0072402954,80.2382736206,72879,72889,10
13.0071001053,80.2390594482,72889,72899,10
13.0069599152,80.2397689819,72899,72909,10
13.0069198608,80.2400894165,72909,72980,71
13.0069198608,80.2400894165,72980,72990,10
13.0069599152,80.2401123047,72990,73000,10
13.0069103241,80.2406005859,73000,73010,10
13.0068798065,80.2407073975,73010,73020,10
13.0068101883,80.2408676147,73020,73030,10
13.0067300797,80.2414169312,73030,73040,10
13.0067100525,80.2421875,73040,73050,10
13.0066795349,80.2430267334,73050,73060,10
13.0066604614,80.243927002,73060,73071,11
13.0066299438,80.2449798584,73071,73081,10
13.0066604614,80.2459487915,73081,73090,9
13.0066900253,80.2468566895,73090,73101,11
13.0066795349,80.2480392456,73101,73111,10
13.0067796707,80.2491226196,73111,73121,10
13.0068302155,80.2497024536,73121,73141,20
13.0068302155,80.2497024536,73141,73151,10
13.0067996979,80.2500991821,73151,73161,10
13.0067796707,80.2508010864,73161,73171,10
13.0067501068,80.2515487671,73171,73182,11
13.0065498352,80.2523269653,73182,73192,10
13.0065002441,80.2529602051,73192,73202,10
13.0064897537,80.2534408569,73202,73212,10
13.0064897537,80.2542419434,73212,73222,10
13.0065402985,80.2550888062,73222,73232,10
13.0065603256,80.2560195923,73232,73242,10
13.0066003799,80.2570724487,73242,73252,10
13.0068998337,80.2580566406,73252,73262,10
13.0077295303,80.2587585449,73262,73293,31
13.0077295303,80.2587585449,73293,73303,10
13.0080404282,80.2588729858,73303,73313,10
13.0086097717,80.2590332031,73313,73323,10
13.0093603134,80.2590408325,73323,73333,10
13.0103902817,80.2590866089,73333,73343,10
13.0115804672,80.2591094971,73343,73353,10
13.0128602982,80.2591629028,73353,73363,10
13.0142202377,80.2592315674,73363,73373,10
13.0153999329,80.2593078613,73373,73383,10
13.0163002014,80.2596664429,73383,73404,21
13.0163002014,80.2596664429,73404,73414,10
13.0164604187,80.2598266602,73414,73424,10
13.0169496536,80.2601699829,73424,73434,10
13.0176296234,80.2606201172,73434,73444,10
13.0182504654,80.2610702515,73444,73454,10
13.0187597275,80.2614212036,73454,73464,10
13.0191602707,80.2617797852,73464,73474,10
13.0196695328,80.262260437,73474,73484,10
13.0201702118,80.2627029419,73484,73505,21
13.0201702118,80.2627029419,73505,73515,10
13.0205001831,80.2628631592,73515,73525,10
13.0210399628,80.2630233765,73525,73535,10
13.0217399597,80.2632827759,73535,73545,10
13.022069931,80.2634506226,73545,73555,10
13.022359848,80.2635879517,73555,73565,10
13.0225400925,80.2636795044,73565,73575,10
13.0229597092,80.2639312744,73575,73585,10
13.0229902267,80.2639694214,73585,73595,10
13.0231103897,80.2640609741,73595,73606,11
13.0236196518,80.2643203735,73606,73616,10
13.024140358,80.2646331787,73616,73626,10
13.0247097015,80.2650527954,73626,73636,10
13.0251998901,80.2653884888,73636,73646,10
13.0257301331,80.2657318115,73646,73656,10
13.0261096954,80.2659225464,73656,73666,10
13.0262403488,80.265838623,73666,73676,10
13.0263004303,80.2654266357,73676,73686,10
13.0263595581,80.2648162842,73686,73696,10
13.0264101028,80.264213562,73696,73706,10
13.0264701843,80.263961792,73706,73717,11
13.0265398026,80.263923645,73717,73727,10
13.026550293,80.2635421753,73727,73737,10
13.0268697739,80.2634277344,73737,73747,10
13.0274600983,80.2635116577,73747,73757,10
13.0280199051,80.2636413574,73757,73766,9
13.0281400681,80.2637023926,73766,73777,11
13.0284996033,80.2638397217,73777,73787,10
13.0290002823,80.263999939,73787,73797,10
13.0292196274,80.2641601563,73797,73807,10
13.0292797089,80.2647018433,73807,73818,11
13.0292797089,80.2654037476,73818,73828,10
13.0292301178,80.2660522461,73828,73848,20
13.0292301178,80.2660522461,73848,73858,10
13.0291900635,80.26612854,73858,73868,10
13.0291500092,80.2664031982,73868,73878,10
13.0293397903,80.2666015625,73878,73888,10
13.0298299789,80.2666473389,73888,73898,10
13.0303697586,80.2667236328,73898,73908,10
13.0310401917,80.2668914795,73908,73918,10
13.0317296982,80.2671585083,73918,73929,11
13.0323400497,80.2674484253,73929,73938,9
13.03262043,80.2676391602,73938,73949,11
13.0330696106,80.2678222656,73949,73959,10
13.0334300995,80.2678604126,73959,73969,10
13.0338602066,80.2679519653,73969,73999,30
13.0338602066,80.2679519653,73999,74009,10
13.0342102051,80.2679977417,74009,74019,10
13.0345697403,80.2680587769,74019,74070,51
13.0345697403,80.2680587769,74070,74080,10
13.0343999863,80.2681808472,74080,74090,10
13.034239769,80.2680587769,74090,74099,9
13.0338497162,80.2679672241,74099,74110,11
13.0332298279,80.267791748,74110,74161,51
13.0332298279,80.267791748,74161,74171,10
13.0328397751,80.2677230835,74171,74181,10
13.0325803757,80.267578125,74181,74191,10
13.0321598053,80.2674102783,74191,74201,10
13.0315303802,80.2672271729,74201,74211,10
13.0306501389,80.2668304443,74211,74221,10
13.029999733,80.2666625977,74221,74231,10
13.0296802521,80.2666320801,74231,74241,10
13.029589653,80.2666625977,74241,74252,11
13.0295600891,80.2666473389,74252,74262,10
13.0292396545,80.2665634155,74262,74272,10
13.0289096832,80.2664031982,74272,74282,10
13.0285396576,80.2662277222,74282,74292,10
13.0280799866,80.2662277222,74292,74302,10
13.0277004242,80.2662506104,74302,74312,10
13.0274400711,80.2661819458,74312,74322,10
13.0266895294,80.2660903931,74322,74342,20
13.0266895294,80.2660903931,74342,74352,10
13.0265102386,80.2660675049,74352,74363,11
13.0261096954,80.2659378052,74363,74373,10
13.0257902145,80.2657699585,74373,74383,10
13.0255899429,80.2656402588,74383,74393,10
13.0253000259,80.2654724121,74393,74403,10
13.0252399445,80.2654190063,74403,74413,10
13.0251102448,80.2653427124,74413,74423,10
13.0247297287,80.265007019,74423,74433,10
13.0240697861,80.2645187378,74433,74443,10
13.0233001709,80.2640991211,74443,74453,10
13.022649765,80.2637786865,74453,74464,11
13.0223798752,80.2636032104,74464,74474,10
13.0221796036,80.2634963989,74474,74484,10
13.0221204758,80.2634811401,74484,74494,10
13.0218000412,80.2633132935,74494,74503,9
13.0212497711,80.263130188,74503,74514,11
13.0203399658,80.2630691528,74514,74524,10
13.0196800232,80.2630386353,74524,74534,10
13.0190696716,80.2629928589,74534,74544,10
13.0188503265,80.2626800537,74544,74554,10
13.0187597275,80.2618789673,74554,74564,10
13.0184803009,80.2612304688,74564,74575,11
13.0178003311,80.2607879639,74575,74585,10
13.0170602798,80.2602920532,74585,74595,10
13.016169548,80.2597808838,74595,74605,10
13.015999794,80.2596817017,74605,74615,10
13.0159797668,80.2596588135,74615,74625,10
13.0156002045,80.2595214844,74625,74635,10
13.0149002075,80.2593536377,74635,74645,10
13.0140600204,80.2593002319,74645,74655,10
13.012960434,80.259262085,74655,74665,10
13.0117502213,80.2592086792,74665,74675,10
13.010840416,80.2592086792,74675,74686,11
13.0099496841,80.2592926025,74686,74696,10
13.0097799301,80.2593002319,74696,74706,10
13.0094499588,80.2592926025,74706,74716,10
13.0088300705,80.2592697144,74716,74726,10
13.0085697174,80.2592315674,74726,74736,10
13.0079698563,80.2592391968,74736,74746,10
13.007349968,80.2592697144,74746,74756,10
13.007109642,80.2587585449,74756,74766,10
13.0071001053,80.258682251,74766,74776,10
13.0068902969,80.2583389282,74776,74787,11
13.0066604614,80.2578811646,74787,74797,10
13.0065603256,80.2578277588,74797,74807,10
13.0064601898,80.2577209473,74807,74817,10
13.0064296722,80.2573165894,74817,74827,10
13.0064001083,80.2567901611,74827,74837,10
13.0064201355,80.2562637329,74837,74847,10
13.0064296722,80.2557830811,74847,74857,10
13.0064401627,80.2554702759,74857,74867,10
13.0064697266,80.2548828125,74867,74877,10
13.0064496994,80.2540130615,74877,74887,10
13.0064296722,80.2533187866,74887,74898,11
13.0064296722,80.253288269,74898,74908,10
13.0064296722,80.253036499,74908,74918,10
13.0065498352,80.2520217896,74918,74999,81
13.0065498352,80.2520217896,74999,75009,10
13.0066699982,80.2517623901,75009,75019,10
13.0067300797,80.2511367798,75019,75029,10
13.0066604614,80.2503204346,75029,75039,10
13.0066404343,80.2495880127,75039,75049,10
13.0066204071,80.248840332,75049,75059,10
13.0065803528,80.2481613159,75059,75069,10
13.0065803528,80.2476882935,75069,75079,10
13.0066003799,80.2470626831,75079,75089,10
13.0065498352,80.2465286255,75089,75099,10
13.0065498352,80.2464981079,75099,75110,11
13.0066204071,80.2462615967,75110,75120,10
13.0066404343,80.2456283569,75120,75130,10
13.0066204071,80.2449493408,75130,75140,10
13.0066099167,80.2442779541,75140,75150,10
13.0065898895,80.2437820435,75150,75160,10
13.0065603256,80.2433929443,75160,75170,10
13.0065402985,80.2428817749,75170,75180,10
13.0065202713,80.2421722412,75180,75190,10
13.0065498352,80.2412719727,75190,75200,10
13.0066099167,80.2407302856,75200,75210,10
13.006649971,80.2405166626,75210,75221,11
13.0067300797,80.2400665283,75221,75231,10
13.0068998337,80.2392883301,75231,75241,10
13.0071001053,80.2382507324,75241,75251,10
13.0072698593,80.2375488281,75251,75261,10
13.007349968,80.2369613647,75261,75271,10
13.007399559,80.2366867065,75271,75281,10
13.0074396133,80.2365722656,75281,75291,10
13.0075502396,80.2360916138,75291,75301,10
13.0077199936,80.2353210449,75301,75311,10
13.0078201294,80.2347793579,75311,75322,11
13.0079803467,80.2340011597,75322,75332,10
13.0081796646,80.232963562,75332,75342,10
13.0084600449,80.2316207886,75342,75352,10
13.0087299347,80.2302093506,75352,75362,10
13.0089597702,80.2290267944,75362,75372,10
13.009180069,80.2281112671,75372,75382,10
13.0096302032,80.2270812988,75382,75392,10
13.0100603104,80.2261581421,75392,75402,10
13.0104598999,80.2253570557,75402,75412,10
13.0106601715,80.2249221802,75412,75433,21
13.0106601715,80.2249221802,75433,75443,10
13.0108098984,80.2245864868,75443,75453,10
13.0111198425,80.2238082886,75453,75463,10
13.0113601685,80.2231521606,75463,75483,20
13.0113601685,80.2231521606,75483,75493,10
13.0113401413,80.2231216431,75493,75503,10
13.0115203857,80.2227020264,75503,75513,10
13.0117998123,80.2219467163,75513,75523,10
13.0122299194,80.2214126587,75523,75533,10
13.0124397278,80.2217025757,75533,75544,11
13.0128898621,80.2222976685,75544,75554,10
13.013469696,80.22290802,75554,75564,10
13.0140104294,80.2235183716,75564,75574,10
13.0143098831,80.2239990234,75574,75584,10
13.0148801804,80.2246017456,75584,75594,10
13.0153598785,80.2249603271,75594,75604,10
13.0154695511,80.2250213623,75604,75614,10
13.0156002045,80.2251586914,75614,75624,10
13.0160398483,80.2253875732,75624,75634,10
13.0168600082,80.2252502441,75634,75645,11
13.0180397034,80.2247467041,75645,75655,10
13.0190696716,80.2244033813,75655,75665,10
13.0196504593,80.2245407104,75665,75685,20
13.0196504593,80.2245407104,75685,75695,10
13.0198202133,80.2246704102,75695,75705,10
13.0202703476,80.2250137329,75705,75715,10
13.0208902359,80.2254486084,75715,75725,10
13.0216197968,80.2259902954,75725,75735,10
13.0220403671,80.2262802124,75735,75745,10
13.0222597122,80.2265014648,75745,75756,11
13.0228395462,80.2270202637,75756,75766,10
13.0233802795,80.2275238037,75766,75776,10
13.023850441,80.2279586792,75776,75786,10
13.0243196487,80.2285232544,75786,75796,10
13.024720192,80.2290878296,75796,75806,10
13.025270462,80.2297973633,75806,75816,10
13.0256996155,80.230430603,75816,75826,10
13.0259504318,80.2310333252,75826,75836,10
13.0260095596,80.2312927246,75836,75897,61
13.0260095596,80.2312927246,75897,75907,10
13.0262804031,80.2313919067,75907,75917,10
13.0269203186,80.2312011719,75917,75927,10
13.0276603699,80.2310180664,75927,75937,10
13.0283498764,80.2308883667,75937,75947,10
13.0284500122,80.2308578491,75947,75957,10
13.0286502838,80.2308731079,75957,75968,11
13.0292396545,80.230796814,75968,75978,10
13.0296401978,80.2307815552,75978,75988,10
13.0306596756,80.2307128906,75988,76008,20
13.0306596756,80.2307128906,76008,76018,10
13.031080246,80.230682373,76018,76028,10
13.0318098068,80.2306213379,76028,76038,10
13.0323295593,80.2305908203,76038,76048,10
13.0329198837,80.2305374146,76048,76058,10
13.0334596634,80.2304992676,76058,76068,10
13.0339899063,80.2304077148,76068,76109,41
13.0339899063,80.2304077148,76109,76119,10
13.0341997147,80.2304534912,76119,76129,10
13.0344495773,80.2304077148,76129,76139,10
13.0347099304,80.2303466797,76139,76149,10
13.0349197388,80.2302322388,76149,76159,10
13.0350599289,80.2300415039,76159,76169,10
13.0350399017,80.2298965454,76169,76180,11
13.0347003937,80.2298126221,76180,76190,10
13.0342102051,80.2298202515,76190,76250,60
13.0342102051,80.2298202515,76250,76260,10
13.0341997147,80.2302017212,76260,76472,212
13.0341997147,80.2302017212,76472,76482,10
13.0341396332,80.2304000854,76482,76503,21
13.0341396332,80.2304000854,76503,76513,10
13.0337600708,80.2304077148,76513,76533,20
13.0337600708,80.2304077148,76533,76543,10
13.0334396362,80.230430603,76543,76553,10
13.0329704285,80.23046875,76553,76563,10
13.0323600769,80.2305526733,76563,76573,10
13.0317401886,80.2306213379,76573,76583,10
13.0310401917,80.230682373,76583,76593,10
13.0307102203,80.2307281494,76593,76603,10
13.0302801132,80.2307662964,76603,76614,11
13.0299501419,80.2308425903,76614,76624,10
13.0299396515,80.2308425903,76624,76634,10
13.0297803879,80.2308578491,76634,76644,10
13.0294103622,80.2309188843,76644,76654,10
13.0287904739,80.2309799194,76654,76664,10
13.0281000137,80.231048584,76664,76674,10
13.0277204514,80.2310791016,76674,76683,9
13.0276002884,80.231262207,76683,76694,11
13.0276699066,80.2318191528,76694,76704,10
13.0277795792,80.2323989868,76704,76714,10
13.0277395248,80.2328567505,76714,76725,11
13.0269603729,80.232963562,76725,76785,60
13.0269603729,80.232963562,76785,76795,10
13.02684021,80.2330932617,76795,76805,10
13.0265798569,80.2330780029,76805,76815,10
13.0263004303,80.232711792,76815,76826,11
13.0261297226,80.2319717407,76826,76836,10
13.0259599686,80.2312393188,76836,76846,10
13.0257101059,80.2305221558,76846,76856,10
13.0252199173,80.2297973633,76856,76866,10
13.0247497559,80.2292175293,76866,76876,10
13.0240802765,80.2284469604,76876,76896,20
13.0240802765,80.2284469604,76896,76906,10
13.0240402222,80.2284393311,76906,76916,10
13.0238399506,80.2281265259,76916,76926,10
13.0234699249,80.2277526855,76926,76937,11
13.0229301453,80.2272109985,76937,76947,10
13.0222902298,80.2266387939,76947,76957,10
13.0213403702,80.2258377075,76957,76967,10
13.0206403732,80.2253036499,76967,76977,10
13.0199403763,80.2248382568,76977,76987,10
13.0192098618,80.2244873047,76987,76997,10
13.0183801651,80.224647522,76997,77007,10
13.0176401138,80.2249679565,77007,77017,10
13.0168504715,80.2253036499,77017,77027,10
13.0162296295,80.2255325317,77027,77038,11
13.0154695511,80.2257766724,77038,77048,10
13.0145101547,80.2261962891,77048,77068,20
13.0145101547,80.2261962891,77068,77078,10
13.0143604279,80.2262496948,77078,77088,10
13.0140600204,80.2263793945,77088,77098,10
13.0134000778,80.2266311646,77098,77108,10
13.0125198364,80.2269668579,77108,77118,10
13.0114002228,80.2274017334,77118,77128,10
13.0102500916,80.2278366089,77128,77138,10
13.0092201233,80.2283401489,77138,77149,11
13.0089197159,80.2294998169,77149,77159,10
13.0086803436,80.2308197021,77159,77169,10
13.0084199905,80.232208252,77169,77179,10
13.0082502365,80.2332763672,77179,77189,10
13.0082101822,80.2335662842,77189,77199,10
13.008190155,80.2336196899,77199,77209,10
13.0080900192,80.2339706421,77209,77219,10
13.0079603195,80.2347793579,77219,77239,20
13.0079603195,80.2347793579,77239,77249,10
13.0079097748,80.2350997925,77249,77260,11
13.0078802109,80.235168457,77260,77270,10
13.0078601837,80.2352905273,77270,77280,10
13.0078601837,80.2353286743,77280,77290,10
13.0077896118,80.2355499268,77290,77300,10
13.0077495575,80.2358322144,77300,77310,10
13.0076799393,80.2361297607,77310,77350,40
13.0076799393,80.2361297607,77350,77361,11
13.0075597763,80.236579895,77361,77371,10
13.0075302124,80.2367706299,77371,77381,10
13.0074901581,80.2370223999,77381,77391,10
13.0074195862,80.2373504639,77391,77401,10
13.0073404312,80.237701416,77401,77410,9
13.0072603226,80.2381362915,77410,77474,64
13.0072603226,80.2381362915,77474,77484,10
13.0072002411,80.2385406494,77484,77494,10
13.0070896149,80.2389526367,77494,77504,10
13.0069904327,80.2395324707,77504,77595,91
13.0069904327,80.2395324707,77595,77605,10
13.0069799423,80.2398529053,77605,77615,10
13.0069103241,80.2401885986,77615,77625,10
13.0068502426,80.2406311035,77625,77635,10
13.0068302155,80.240737915,77635,77645,10
13.0067501068,80.2411117554,77645,77655,10
13.0067100525,80.2418365479,77655,77665,10
13.0066900253,80.2428665161,77665,77706,41
13.0066795349,80.2432022095,77706,77726,20
13.0066795349,80.2432022095,77726,77736,10
13.0066795349,80.2435302734,77736,77746,10
13.0066604614,80.2438735962,77746,77756,10
13.0066604614,80.2443008423,77756,77766,10
13.0066699982,80.244720459,77766,77797,31
13.0066699982,80.244720459,77797,77807,10
13.0066604614,80.2451019287,77807,77817,10
13.0066795349,80.2453613281,77817,77827,10
13.0066900253,80.2457122803,77827,77837,10
13.0066900253,80.2460479736,77837,77847,10
13.0067195892,80.2463989258,77847,77857,10
13.0067195892,80.2464599609,77857,77867,10
13.0067300797,80.2468566895,77867,77938,71
13.0067300797,80.2468566895,77938,77948,10
13.0067100525,80.2473373413,77948,77958,10
13.0066795349,80.2479629517,77958,77968,10
13.0067396164,80.2488174438,77968,77978,10
13.0068397522,80.2494735718,77978,77988,10
13.0068502426,80.2496109009,77988,77998,10
13.0068397522,80.2497711182,77998,78009,11
13.0068101883,80.2504577637,78009,78019,10
13.0068101883,80.2512817383,78019,78029,10
13.006649971,80.2521591187,78029,78039,10
13.0065603256,80.2531814575,78039,78049,10
13.0065898895,80.25440979,78049,78059,10
13.0066099167,80.2553863525,78059,78069,10
13.0066404343,80.2563323975,78069,78079,10
13.0066604614,80.2570037842,78079,78089,10
13.0066900253,80.2572937012,78089,78099,10
13.0066900253,80.2574081421,78099,78109,10
13.0068702698,80.2579193115,78109,78120,11
13.0074100494,80.2585678101,78120,78130,10
13.0076599121,80.258682251,78130,78140,10
13.0077400208,80.2587280273,78140,78150,10
13.0081596375,80.2589111328,78150,78160,10
13.0089302063,80.2591018677,78160,78170,10
13.0099697113,80.2591018677,78170,78180,10
13.0112400055,80.2591094971,78180,78190,10
13.0125999451,80.259147644,78190,78200,10
13.0140304565,80.2592086792,78200,78210,10
13.0153598785,80.2592773438,78210,78221,11
13.0162000656,80.2595596313,78221,78231,10
13.0163898468,80.2596893311,78231,78241,10
13.0164899826,80.2597885132,78241,78251,10
13.016960144,80.2601165771,78251,78261,10
13.0176095963,80.260559082,78261,78271,10
13.0184001923,80.2611236572,78271,78281,10
13.018989563,80.2615966797,78281,78291,10
13.0195598602,80.2621078491,78291,78301,10
13.0200996399,80.262588501,78301,78311,10
13.0202102661,80.2626724243,78311,78321,10
13.0205097198,80.2628173828,78321,78332,11
13.021229744,80.2630462646,78332,78342,10
13.0218296051,80.2632904053,78342,78352,10
13.0221300125,80.2634429932,78352,78362,10
13.0226802826,80.2637023926,78362,78372,10
13.0229997635,80.2638778687,78372,78382,10
13.023059845,80.2639083862,78382,78392,10
13.0234203339,80.2640991211,78392,78402,10
13.0239696503,80.2643966675,78402,78412,10
13.0244998932,80.2647781372,78412,78422,10
13.0249996185,80.2651901245,78422,78433,11
13.0256700516,80.2656097412,78433,78443,10
13.0260801315,80.265838623,78443,78453,10
13.0262203217,80.2658691406,78453,78463,10
13.0263004303,80.2654418945,78463,78473,10
13.0263595581,80.2649002075,78473,78483,10
13.02643013,80.2642974854,78483,78493,10
13.0264396667,80.2641983032,78493,78503,10
13.0264501572,80.2641067505,78503,78513,10
13.0265197754,80.2638168335,78513,78523,10
13.0266199112,80.2633895874,78523,78533,10
13.0271997452,80.2634735107,78533,78544,11
13.027680397,80.2635803223,78544,78554,10
13.0282897949,80.2637481689,78554,78564,10
13.0288696289,80.2639389038,78564,78574,10
13.0293102264,80.2641601563,78574,78584,10
13.029299736,80.264213562,78584,78594,10
13.029250145,80.2646026611,78594,78604,10
13.0292396545,80.2653579712,78604,78614,10
13.0292100906,80.2660980225,78614,78624,10
13.0291900635,80.2662200928,78624,78634,10
13.0291595459,80.2665023804,78634,78644,10
13.0294704437,80.2665786743,78644,78655,11
13.0301599503,80.2666931152,78655,78665,10
13.0310096741,80.2668533325,78665,78675,10
13.0317697525,80.2671279907,78675,78685,10
13.0323801041,80.2674331665,78685,78695,10
13.0332899094,80.267791748,78695,78735,40
13.0332899094,80.267791748,78735,78745,10
13.033539772,80.2678985596,78745,78756,11
13.0338897705,80.2679672241,78756,78766,10
13.0344200134,80.2680206299,78766,78806,40
13.0344200134,80.2680206299,78806,78816,10
13.0344495773,80.2681884766,78816,78826,10
13.0344200134,80.2681808472,78826,78836,10
13.0341396332,80.2680435181,78836,78846,10
13.0335903168,80.2679290771,78846,78856,10
13.0328798294,80.2677764893,78856,78867,11
13.0325803757,80.2675704956,78867,78877,10
13.0322799683,80.2674102783,78877,78887,10
13.0316295624,80.2670974731,78887,78897,10
13.0309495926,80.2668380737,78897,78907,10
13.0303001404,80.2667007446,78907,78917,10
13.0297002792,80.2665863037,78917,78927,10
13.0292596817,80.2665405273,78927,78937,10
13.0290002823,80.266418457,78937,78947,10
13.0286102295,80.2663421631,78947,78957,10
13.0281496048,80.2662734985,78957,78967,10
13.0270700455,80.26612854,78967,78998,31
13.0270700455,80.26612854,78998,79008,10
13.0268602371,80.2660827637,79008,79018,10
13.0264596939,80.2660217285,79018,79028,10
13.0261802673,80.2661209106,79028,79038,10
13.026260376,80.2664108276,79038,79159,121
13.0263500214,80.266418457,79159,79230,71
13.0266103745,80.2664413452,79230,79381,151
13.0266103745,80.2664413452,79381,79391,10
13.0267295837,80.2663574219,79391,79402,11
13.0263595581,80.2663574219,79402,79412,10
13.026140213,80.2662506104,79412,79422,10
13.0262298584,80.2660217285,79422,79432,10
13.0262298584,80.2660064697,79432,79442,10
13.0263700485,80.2659225464,79442,79452,10
13.0264596939,80.2659378052,79452,79462,10
13.0267601013,80.2658309937,79462,80653,1191
13.0265398026,80.2655792236,80653,80764,111
13.0265398026,80.2655792236,80764,80774,10
13.0265302658,80.2655029297,80774,81148,374
13.0265398026,80.2655792236,81148,83782,2634
13.0264396667,80.2656784058,83782,83944,162
13.026550293,80.265586853,83944,85276,1332
13.026550293,80.265586853,85276,85286,10
13.0264997482,80.2656707764,85286,86033,747
