13.2423095703,80.1200637817,13,4985,4972
13.2421197891,80.1200790405,4985,5498,513
13.2422800064,80.1200790405,5498,16310,10812
13.2422800064,80.1200790405,16310,16320,10
13.2417898178,80.120262146,16320,16350,30
13.2417898178,80.120262146,16350,16360,10
13.2414598465,80.1202087402,16360,16371,11
13.2410202026,80.1201400757,16371,16381,10
13.2409200668,80.1201324463,16381,16391,10
13.2404499054,80.1200332642,16391,16401,10
13.2397203445,80.1199493408,16401,16411,10
13.2389802933,80.1199188232,16411,16421,10
13.238699913,80.1199111938,16421,16431,10
13.2385902405,80.1196517944,16431,16441,10
13.238240242,80.1192626953,16441,16451,10
13.2369203568,80.1188430786,16451,16471,20
13.2369203568,80.1188430786,16471,16482,11
13.2365398407,80.1187973022,16482,16492,10
13.2358598709,80.1187820435,16492,16502,10
13.2351398468,80.1187973022,16502,16512,10
13.2343597412,80.118927002,16512,16522,10
13.233590126,80.1193389893,16522,16532,10
13.2329797745,80.120262146,16532,16542,10
13.2327604294,80.121131897,16542,16552,10
13.2327203751,80.1213607788,16552,16562,10
13.2325296402,80.1219406128,16562,16572,10
13.2323703766,80.1224822998,16572,16582,10
13.2323703766,80.1224899292,16582,16592,10
13.2323198318,80.1226425171,16592,16603,11
13.2320899963,80.1230316162,16603,16613,10
13.2313299179,80.1231231689,16613,16623,10
13.2307596207,80.1231536865,16623,16633,10
13.2307100296,80.1232070923,16633,16643,10
13.2305202484,80.1235961914,16643,16653,10
13.2301902771,80.1242294312,16653,16663,10
13.2299995422,80.1247787476,16663,16673,10
13.2298803329,80.1250762939,16673,16683,10
13.2297201157,80.1254272461,16683,16693,10
13.2294397354,80.1260299683,16693,16702,9
13.2292098999,80.1266098022,16702,16714,12
13.2288503647,80.1273117065,16714,16724,10
13.2286300659,80.128036499,16724,16744,20
13.2286300659,80.128036499,16744,16754,10
13.2286396027,80.1280822754,16754,16764,10
13.2289495468,80.1282577515,16764,16774,10
13.2295799255,80.1284713745,16774,16784,10
13.2304496765,80.1285705566,16784,16794,10
13.2314500809,80.1289901733,16794,16804,10
13.2324800491,80.1295013428,16804,16814,10
13.2333097458,80.1302871704,16814,16824,10
13.2340803146,80.1311264038,16824,16835,11
13.2343997955,80.1322402954,16835,16845,10
13.2343101501,80.1329498291,16845,16855,10
13.2342500687,80.1333694458,16855,16865,10
13.2340097427,80.1337509155,16865,16875,10
13.2338495255,80.1341781616,16875,16885,10
13.2337398529,80.1346282959,16885,16895,10
13.233830452,80.1350784302,16895,16905,10
13.23416996,80.1354217529,16905,16915,10
13.2344703674,80.1357574463,16915,16925,10
13.2348804474,80.1359176636,16925,16934,9
13.2352104187,80.1360473633,16934,16946,12
13.2355899811,80.1361923218,16946,16956,10
13.2359199524,80.1363220215,16956,16966,10
13.2362499237,80.136390686,16966,16976,10
13.2365398407,80.136390686,16976,16986,10
13.2369098663,80.1363525391,16986,16996,10
13.2373304367,80.1363372803,16996,17006,10
13.2377796173,80.1362991333,17006,17016,10
13.2380695343,80.1360015869,17016,17026,10
13.2385101318,80.1358108521,17026,17036,10
13.23898983,80.1360702515,17036,17046,10
13.2391796112,80.1362915039,17046,17057,11
13.2395401001,80.1363067627,17057,17067,10
13.239859581,80.1362686157,17067,17077,10
13.2402296066,80.1363067627,17077,17087,10
13.2405996323,80.1364822388,17087,17097,10
13.2410001755,80.1366195679,17097,17107,10
13.2414197922,80.1367797852,17107,17117,10
13.2420301437,80.1368713379,17117,17127,10
13.2423601151,80.1368484497,17127,17137,10
13.2426996231,80.1367263794,17137,17147,10
13.2431497574,80.1365203857,17147,17157,10
13.2435998917,80.136428833,17157,17167,10
13.2440299988,80.1366195679,17167,17178,11
13.2447004318,80.1367263794,17178,17188,10
13.2452602386,80.1366729736,17188,17198,10
13.2456998825,80.1368408203,17198,17208,10
13.2461099625,80.1370620728,17208,17218,10
13.2464599609,80.1373214722,17218,17228,10
13.2470598221,80.1373825073,17228,17238,10
13.2476396561,80.1378097534,17238,17248,10
13.248550415,80.138458252,17248,17278,30
13.248550415,80.138458252,17278,17288,10
13.2486696243,80.1385192871,17288,17299,11
13.2487802505,80.1386184692,17299,17309,10
13.2489204407,80.1388092041,17309,17319,10
13.2492704391,80.1393432617,17319,17329,10
13.2496995926,80.140007019,17329,17339,10
13.2502403259,80.1408309937,17339,17349,10
13.2509098053,80.1416397095,17349,17359,10
13.2509098053,80.141960144,17359,17369,10
13.250869751,80.1420516968,17369,17379,10
13.2508001328,80.1421813965,17379,17389,10
13.250579834,80.1425476074,17389,17399,10
13.2502603531,80.1432113647,17399,17410,11
13.2500200272,80.1441574097,17410,17420,10
13.249830246,80.1451416016,17420,17430,10
13.2497396469,80.1458511353,17430,17440,10
13.249710083,80.1461181641,17440,17450,10
13.2496995926,80.1461486816,17450,17460,10
13.2496900558,80.1461868286,17460,17470,10
13.2496004105,80.1465988159,17470,17480,10
13.2495298386,80.1472930908,17480,17490,10
13.2496004105,80.1477813721,17490,17500,10
13.2496404648,80.1479797363,17500,17510,10
13.2497301102,80.1484680176,17510,17521,11
13.2497501373,80.1488800049,17521,17531,10
13.2497196198,80.1493301392,17531,17541,10
13.2496795654,80.1496887207,17541,17551,10
13.2496404648,80.1500167847,17551,17561,10
13.24958992,80.1505584717,17561,17571,10
13.2495203018,80.151222229,17571,17581,10
13.2494401932,80.1519622803,17581,17591,10
13.2493801117,80.1527023315,17591,17601,10
13.2494096756,80.1536026001,17601,17611,10
13.2495098114,80.1547164917,17611,17621,10
13.2496204376,80.1556396484,17621,17630,9
13.2496700287,80.156036377,17630,17642,12
13.2496900558,80.1561813354,17642,17652,10
13.2494401932,80.1563568115,17652,17662,10
13.2492799759,80.1564483643,17662,17672,10
13.2488002777,80.1567001343,17672,17682,10
13.2477703094,80.1572189331,17682,17702,20
13.2477703094,80.1572189331,17702,17712,10
13.2476100922,80.1572875977,17712,17722,10
13.2471599579,80.1575164795,17722,17731,9
13.2458295822,80.1582107544,17731,17742,11
13.2458295822,80.1582107544,17742,17753,11
13.2449598312,80.1586685181,17753,17761,8
13.2433004379,80.1594696045,17761,17773,12
13.2424602509,80.1598434448,17773,17783,10
13.2407398224,80.1604995728,17783,17803,20
13.2383203506,80.1612167358,17803,17843,40
13.2358102798,80.1621398926,17843,17874,31
13.2327699661,80.1634292603,17874,17904,30
13.2298898697,80.1645965576,17904,17932,28
13.2284698486,80.1651687622,17932,17964,32
13.2217702866,80.1677398682,17964,18033,69
13.2183904648,80.1689987183,18033,18066,33
13.2179298401,80.1692581177,18066,18097,31
13.214630127,80.170249939,18097,18174,77
13.211230278,80.1715393066,18174,18207,33
13.2098398209,80.1720275879,18207,18238,31
13.2089796066,80.17237854,18238,18268,30
13.2074604034,80.1731185913,18268,18298,30
13.2039604187,80.1753616333,18298,18370,72
13.2035398483,80.1756820679,18370,18404,34
13.2015600204,80.1771316528,18404,18434,30
13.1997299194,80.1785507202,18434,18465,31
13.1989898682,80.1791229248,18465,18495,30
13.1975002289,80.1803207397,18495,18525,30
13.1939001083,80.1835174561,18525,18603,78
13.1936502457,80.1837463379,18603,18631,28
13.1928501129,80.1844787598,18631,18662,31
13.1912002563,80.1859817505,18662,18693,31
13.1886301041,80.188293457,18693,18766,73
13.1878004074,80.1892776489,18766,18796,30
13.1858901978,80.190536499,18796,18827,31
13.1841402054,80.1921005249,18827,18857,30
13.1817302704,80.193107605,18857,18887,30
13.1783504486,80.1950073242,18887,18917,30
13.1744699478,80.1971511841,18917,18948,31
13.1709699631,80.1991271973,18948,18978,30
13.1699495316,80.1997375488,18978,19008,30
13.1678695679,80.2008972168,19008,19038,30
13.1616802216,80.2030792236,19038,19126,88
13.1589298248,80.2036590576,19126,19156,30
13.1581602097,80.2039413452,19156,19187,31
13.1570997238,80.204460144,19187,19217,30
13.1547203064,80.206489563,19217,19249,32
13.1531200409,80.2086105347,19249,19279,30
13.1497097015,80.2131271362,19279,19349,70
13.1471595764,80.2165527344,19349,19382,33
13.1450195313,80.2198486328,19382,19413,31
13.1442098618,80.2208633423,19413,19443,30
13.1436901093,80.2212982178,19443,19473,30
13.1421899796,80.2233810425,19473,19503,30
13.1390399933,80.2276916504,19503,19583,80
13.1388196945,80.2279586792,19583,19613,30
13.137840271,80.2293014526,19613,19643,30
13.1366701126,80.2309188843,19643,19674,31
13.135219574,80.2329101563,19674,19704,30
13.1316404343,80.2378082275,19704,19783,79
13.1316404343,80.2378082275,19783,19800,17
13.1305799484,80.239151001,19800,19813,13
13.1297903061,80.2401275635,19813,19843,30
13.1289997101,80.2413330078,19843,19873,30
13.1289701462,80.2416915894,19873,19934,61
13.1286497116,80.242149353,19934,19964,30
13.127989769,80.2430725098,19964,19994,30
13.1257295609,80.2459487915,19994,20066,72
13.1240901947,80.2477416992,20066,20096,30
13.1226396561,80.24974823,20096,20127,31
13.1217298508,80.2522201538,20127,20157,30
13.1208400726,80.2542266846,20157,20187,30
13.1186199188,80.2584075928,20187,20267,80
13.1184797287,80.2593765259,20267,20327,60
13.118929863,80.2594070435,20327,20357,30
13.1201896667,80.2593383789,20357,20388,31
13.1204795837,80.2593307495,20388,20417,29
13.1205101013,80.2589797974,20417,20448,31
13.1205701828,80.2585372925,20448,20479,31
13.1206197739,80.2585525513,20479,22382,1903
13.1203899384,80.2586975098,22382,22412,30
13.1204500198,80.2589569092,22412,22877,465
13.1204500198,80.2589569092,22877,22887,10
13.1205301285,80.2591094971,22887,22927,40
13.1205301285,80.2591094971,22927,22937,10
13.1204595566,80.2593612671,22937,22947,10
13.1201400757,80.2593688965,22947,22957,10
13.1196804047,80.2593917847,22957,22967,10
13.1191797256,80.2594070435,22967,22977,10
13.1187000275,80.2594223022,22977,22988,11
13.1183395386,80.2592468262,22988,22998,10
13.1183395386,80.259147644,22998,23008,10
13.1183900833,80.2590026855,23008,23018,10
13.1184902191,80.2586288452,23018,23028,10
13.1186103821,80.2581710815,23028,23038,10
13.1187400818,80.2575683594,23038,23048,10
13.1188602448,80.2570571899,23048,23058,10
13.119020462,80.256652832,23058,23068,10
13.1192998886,80.256111145,23068,23078,10
13.119600296,80.2555770874,23078,23088,10
13.1199197769,80.2550735474,23088,23099,11
13.1203804016,80.2545394897,23099,23119,20
13.1203804016,80.2545394897,23119,23129,10
13.1205797195,80.2543563843,23129,23139,10
13.1208896637,80.2540435791,23139,23149,10
13.1212596893,80.2535476685,23149,23159,10
13.1215200424,80.2529296875,23159,23169,10
13.1217002869,80.2522735596,23169,23179,10
13.1218795776,80.2515792847,23179,23189,10
13.1220998764,80.2509765625,23189,23199,10
13.1221704483,80.2508468628,23199,23209,10
13.1223402023,80.2505187988,23209,23220,11
13.1225500107,80.2499694824,23220,23230,10
13.1227998734,80.2493209839,23230,23240,10
13.1232204437,80.2487106323,23240,23250,10
13.1236600876,80.2481689453,23250,23260,10
13.1240596771,80.2477111816,23260,23270,10
13.1241598129,80.2476119995,23270,23280,10
13.1242198944,80.247543335,23280,23290,10
13.1244497299,80.2472610474,23290,23300,10
13.1248397827,80.2468338013,23300,23310,10
13.1253204346,80.2463684082,23310,23320,10
13.125749588,80.245880127,23320,23331,11
13.1262798309,80.2451934814,23331,23341,10
13.1267900467,80.2444915771,23341,23351,10
13.1272802353,80.243812561,23351,23361,10
13.1274900436,80.2434463501,23361,23371,10
13.1276798248,80.2431716919,23371,23381,10
13.1278400421,80.2428512573,23381,23391,10
13.1280403137,80.2425689697,23391,23401,10
13.1282596588,80.2422866821,23401,23411,10
13.128490448,80.2419586182,23411,23421,10
13.1287002563,80.2416534424,23421,23431,10
13.1288700104,80.2414321899,23431,23441,10
13.1289997101,80.2412719727,23441,23462,21
13.1289997101,80.2412719727,23462,23472,10
13.1290798187,80.2411499023,23472,23482,10
13.1292896271,80.2408370972,23482,23492,10
13.1295700073,80.240447998,23492,23502,10
13.1298799515,80.2399978638,23502,23512,10
13.1302404404,80.2394790649,23512,23522,10
13.1307096481,80.2389907837,23522,23532,10
13.1311502457,80.2384262085,23532,23542,10
13.1315898895,80.23777771,23542,23551,9
13.1320104599,80.237159729,23551,23563,12
13.1321401596,80.2369918823,23563,23573,10
13.1323795319,80.2366790771,23573,23583,10
13.132809639,80.2361221313,23583,23593,10
13.133310318,80.2354202271,23593,23603,10
13.1338701248,80.2346496582,23603,23613,10
13.1344604492,80.2338409424,23613,23623,10
13.1350498199,80.233039856,23623,23633,10
13.1356201172,80.2322387695,23633,23643,10
13.1361703873,80.2314910889,23643,23653,10
13.1364803314,80.2310562134,23653,23663,10
13.1364898682,80.231048584,23663,23673,10
13.1366701126,80.2307662964,23673,23684,11
13.1371297836,80.2301712036,23684,23694,10
13.1376199722,80.2295303345,23694,23704,10
13.1380596161,80.2288818359,23704,23714,10
13.1385698318,80.2281723022,23714,23724,10
13.1389303207,80.2276611328,23724,23734,10
13.1389398575,80.2276382446,23734,23744,10
13.1391897202,80.2273406982,23744,23754,10
13.1395998001,80.2268066406,23754,23763,9
13.1400203705,80.2262420654,23763,23774,11
13.1405801773,80.225479126,23774,23784,10
13.1410903931,80.2247924805,23784,23794,10
13.1416301727,80.2240829468,23794,23805,11
13.1418600082,80.2237625122,23805,23815,10
13.1422395706,80.2232513428,23815,23825,10
13.1427297592,80.2225875854,23825,23835,10
13.1432695389,80.2218399048,23835,23845,10
13.143819809,80.2210617065,23845,23855,10
13.1440296173,80.2202987671,23855,23865,10
13.1442699432,80.2197189331,23865,23875,10
13.1446399689,80.2195205688,23875,23885,10
13.1446800232,80.2194976807,23885,23895,10
13.1450395584,80.219329834,23895,23905,10
13.1454696655,80.2188186646,23905,23916,11
13.1459703445,80.218132019,23916,23926,10
13.1464996338,80.2173995972,23926,23936,10
13.1470603943,80.2166137695,23936,23946,10
13.1476297379,80.2158126831,23946,23956,10
13.1482200623,80.2149963379,23956,23966,10
13.1487998962,80.2142181396,23966,23976,10
13.1493701935,80.2134628296,23976,23986,10
13.149939537,80.2127075195,23986,23996,10
13.150560379,80.2118835449,23996,24006,10
13.1512002945,80.2110214233,24006,24016,10
13.1518602371,80.2101669312,24016,24026,10
13.1525096893,80.209312439,24026,24037,11
13.1531200409,80.2084579468,24037,24047,10
13.153260231,80.2082595825,24047,24057,10
13.153459549,80.2080001831,24057,24067,10
13.153840065,80.2074966431,24067,24077,10
13.154299736,80.2068862915,24077,24087,10
13.1548299789,80.2062301636,24087,24097,10
13.1555204391,80.2055435181,24097,24107,10
13.1562595367,80.2049026489,24107,24117,10
13.1570196152,80.2043533325,24117,24127,10
13.1582698822,80.2037124634,24127,24148,21
13.1582698822,80.2037124634,24148,24158,10
13.1583299637,80.2036819458,24158,24168,10
13.1587295532,80.2035598755,24168,24178,10
13.1594104767,80.2034225464,24178,24188,10
13.1602401733,80.2032699585,24188,24198,10
13.161190033,80.203086853,24198,24208,10
13.1622400284,80.2029037476,24208,24218,10
13.1632404327,80.2026519775,24218,24228,10
13.1640796661,80.2024230957,24228,24238,10
13.1648902893,80.2021865845,24238,24248,10
13.1658000946,80.2018814087,24248,24257,9
13.1666097641,80.2014923096,24257,24269,12
13.1676301956,80.200920105,24269,24279,10
13.1684398651,80.2004776001,24279,24289,10
13.169260025,80.1999969482,24289,24299,10
13.1701097488,80.199508667,24299,24309,10
13.1707201004,80.1991500854,24309,24329,20
13.1707201004,80.1991500854,24329,24339,10
13.170920372,80.1990127563,24339,24349,10
13.1712799072,80.1988296509,24349,24359,10
13.1717996597,80.1985702515,24359,24369,10
13.1724901199,80.1981887817,24369,24379,10
13.1732301712,80.197769165,24379,24390,11
13.1740999222,80.197303772,24390,24400,10
13.1748104095,80.1968994141,24400,24410,10
13.1755599976,80.1964797974,24410,24420,10
13.1762895584,80.1960678101,24420,24430,10
13.1768102646,80.1957626343,24430,24440,10
13.177189827,80.1955490112,24440,24450,10
13.1777296066,80.1952667236,24450,24460,10
13.1783895493,80.1949081421,24460,24470,10
13.1791200638,80.1945037842,24470,24480,10
13.1799497604,80.1940307617,24480,24490,10
13.1808099747,80.1935424805,24490,24501,11
13.1817598343,80.1929779053,24501,24511,10
13.1826095581,80.1925201416,24511,24521,10
13.1834402084,80.1921768188,24521,24531,10
13.1841001511,80.1920166016,24531,24541,10
13.1841897964,80.1917800903,24541,24551,10
13.184510231,80.1915512085,24551,24561,10
13.1849899292,80.1912536621,24561,24571,10
13.185379982,80.1909713745,24571,24581,10
13.185790062,80.190612793,24581,24591,10
13.1861896515,80.1901473999,24591,24601,10
13.1867704391,80.1898498535,24601,24611,10
13.187379837,80.1895980835,24611,24622,11
13.1877403259,80.1893005371,24622,24632,10
13.1878299713,80.1891937256,24632,24642,10
13.1879501343,80.1890182495,24642,24652,10
13.1882200241,80.1886901855,24652,24662,10
13.1886100769,80.188293457,24662,24672,10
13.1890697479,80.1878890991,24672,24682,10
13.1893796921,80.1875991821,24682,24692,10
13.1893901825,80.1875915527,24692,24702,10
13.1895198822,80.1874771118,24702,24712,10
13.1898298264,80.1871795654,24712,24722,10
13.190199852,80.1868362427,24722,24733,11
13.1905202866,80.1865615845,24733,24743,10
13.1906299591,80.1864929199,24743,24753,10
13.1907300949,80.1863937378,24753,24763,10
13.190990448,80.1861419678,24763,24773,10
13.1913404465,80.1858215332,24773,24783,10
13.1915998459,80.1855773926,24783,24793,10
13.191860199,80.185333252,24793,24803,10
13.1922101974,80.1850204468,24803,24813,10
13.1929197311,80.1843185425,24813,24843,30
13.1929197311,80.1843185425,24843,24854,11
13.1930503845,80.184211731,24854,24864,10
13.1931695938,80.18409729,24864,24874,10
13.1934604645,80.1838378906,24874,24884,10
13.1939201355,80.1834106445,24884,24894,10
13.1944503784,80.1829376221,24894,24904,10
13.1949796677,80.182472229,24904,24914,10
13.1954898834,80.1819992065,24914,24924,10
13.1959295273,80.1815719604,24924,24934,10
13.196390152,80.181137085,24934,24943,9
13.196680069,80.1811294556,24943,24954,11
13.196969986,80.1808319092,24954,24965,11
13.1973495483,80.1802902222,24965,24975,10
13.1978397369,80.1798477173,24975,24985,10
13.1983604431,80.1794509888,24985,24995,10
13.1988697052,80.1790771484,24995,25005,10
13.1993398666,80.1787185669,25005,25015,10
13.1999597549,80.1782531738,25015,25025,10
13.2006196976,80.1777496338,25025,25035,10
13.2012996674,80.177230835,25035,25045,10
13.2020101547,80.1766967773,25045,25055,10
13.2027397156,80.1761474609,25055,25065,10
13.2034101486,80.1756591797,25065,25074,9
13.2041397095,80.1750869751,25074,25096,22
13.2041397095,80.1750869751,25096,25106,10
13.204199791,80.1750488281,25106,25116,10
13.2043199539,80.1749725342,25116,25126,10
13.2047595978,80.174697876,25126,25136,10
13.2054300308,80.1742706299,25136,25146,10
13.206199646,80.1737823486,25146,25156,10
13.2070198059,80.173286438,25156,25166,10
13.2078695297,80.1728286743,25166,25176,10
13.2087602615,80.1724014282,25176,25186,10
13.209690094,80.1720123291,25186,25195,9
13.2105503082,80.1716918945,25195,25207,12
13.2116804123,80.1712722778,25207,25217,10
13.2126197815,80.1709289551,25217,25227,10
13.2135000229,80.1706008911,25227,25237,10
13.2142496109,80.1703262329,25237,25247,10
13.2150096893,80.1700363159,25247,25257,10
13.2157201767,80.1697616577,25257,25267,10
13.2163801193,80.1694488525,25267,25277,10
13.2169303894,80.1691665649,25277,25287,10
13.2172403336,80.1689834595,25287,25297,10
13.2173204422,80.1689605713,25297,25306,9
13.2173995972,80.1689376831,25306,25348,42
13.2173995972,80.1689376831,25348,25358,10
13.2173700333,80.1688995361,25358,25368,10
13.2175703049,80.168838501,25368,25378,10
13.218079567,80.1687316895,25378,25388,10
13.2188196182,80.1685333252,25388,25398,10
13.219499588,80.1683197021,25398,25408,10
13.2202196121,80.1680297852,25408,25418,10
13.221039772,80.167640686,25418,25428,10
13.2215204239,80.1674728394,25428,25439,11
13.2216396332,80.167427063,25439,25449,10
13.2222299576,80.1672363281,25449,25459,10
13.2230396271,80.1669464111,25459,25469,10
13.2239599228,80.1666183472,25469,25479,10
13.2248497009,80.1662597656,25479,25489,10
13.2257404327,80.1657485962,25489,25499,10
13.2265396118,80.1650695801,25499,25509,10
13.2271404266,80.164352417,25509,25519,10
13.2275600433,80.1641693115,25519,25529,10
13.2273702621,80.1644668579,25529,25539,10
13.2269697189,80.1649627686,25539,25550,11
13.2269697189,80.1654586792,25550,25560,10
13.2274799347,80.1655807495,25560,25570,10
13.2281999588,80.1652679443,25570,25580,10
13.228969574,80.1649627686,25580,25590,10
13.2292499542,80.1648635864,25590,25600,10
13.2293395996,80.1648406982,25600,25610,10
13.2297201157,80.164680481,25610,25620,10
13.2303695679,80.1644287109,25620,25630,10
13.2311401367,80.1641082764,25630,25640,10
13.2320203781,80.1637420654,25640,25650,10
13.232919693,80.1633682251,25650,25660,10
13.233830452,80.1629867554,25660,25671,11
13.2348499298,80.1625671387,25671,25681,10
13.2357501984,80.1621932983,25681,25691,10
13.2366399765,80.1618270874,25691,25701,10
13.2375497818,80.1614685059,25701,25711,10
13.2384004593,80.1612014771,25711,25721,10
13.2389097214,80.1610412598,25721,25731,10
13.2395801544,80.1608581543,25731,25741,10
13.2399902344,80.1607437134,25741,25751,10
13.2400197983,80.1607284546,25751,25760,9
13.24036026,80.1606292725,25760,25771,11
13.2411203384,80.1603469849,25771,25782,11
13.2420196533,80.1600189209,25782,25792,10
13.2428798676,80.15965271,25792,25802,10
13.2437000275,80.159286499,25802,25812,10
13.244509697,80.1589126587,25812,25822,10
13.2452602386,80.1585083008,25822,25832,10
13.2458095551,80.1582183838,25832,25842,10
13.2463903427,80.157913208,25842,25852,10
13.2469301224,80.1576309204,25852,25862,10
13.2471199036,80.1575393677,25862,25872,10
13.2472000122,80.1575164795,25872,25882,10
13.2475204468,80.1573181152,25882,25892,10
13.2478103638,80.1571578979,25892,25903,11
13.2480201721,80.1570587158,25903,25923,20
13.2480201721,80.1570587158,25923,25933,10
13.2481002808,80.1570205688,25933,25943,10
13.2484998703,80.1568374634,25943,25953,10
13.2489795685,80.1566009521,25953,25963,10
13.2494001389,80.1563568115,25963,25993,30
13.2494001389,80.1563568115,25993,26003,10
13.2495298386,80.1562805176,26003,26114,111
13.2495298386,80.1562805176,26114,26124,10
13.2496795654,80.1561279297,26124,26135,11
13.2496795654,80.1559066772,26135,26145,10
13.2496204376,80.1554794312,26145,26165,20
13.2496204376,80.1554794312,26165,26175,10
13.24958992,80.1550216675,26175,26185,10
13.2495203018,80.1543121338,26185,26195,10
13.2494602203,80.1536865234,26195,26205,10
13.2494096756,80.153137207,26205,26215,10
13.2494001389,80.1525802612,26215,26225,10
13.2494297028,80.1520462036,26225,26235,10
13.2494897842,80.1513977051,26235,26245,10
13.2495698929,80.1505966187,26245,26256,11
13.2496404648,80.149810791,26256,26266,10
13.2496700287,80.1495819092,26266,26276,10
13.2496795654,80.1494522095,26276,26286,10
13.2497301102,80.1491012573,26286,26296,10
13.2497301102,80.149017334,26296,26306,10
13.2497301102,80.1486434937,26306,26316,10
13.2496700287,80.148109436,26316,26326,10
13.2496204376,80.1478500366,26326,26336,10
13.2496004105,80.1477203369,26336,26346,10
13.2495498657,80.1474761963,26346,26355,9
13.249540329,80.1470489502,26355,26367,12
13.2496404648,80.1463928223,26367,26387,20
13.2496404648,80.1463928223,26387,26397,10
13.2496995926,80.1461715698,26397,26407,10
13.2497301102,80.1458587646,26407,26417,10
13.2497596741,80.1456604004,26417,26427,10
13.2498197556,80.1452178955,26427,26437,10
13.2498903275,80.1446228027,26437,26446,9
13.2497501373,80.14012146,26446,26514,68
13.2485599518,80.1384506226,26514,26544,30
13.2485599518,80.1384506226,26544,26573,29
13.2470502853,80.1373291016,26573,26584,11
13.2464599609,80.1373214722,26584,26594,10
13.2460803986,80.137046814,26594,26605,11
13.2457304001,80.1368637085,26605,26615,10
13.2454595566,80.1367034912,26615,26625,10
13.2446603775,80.1367263794,26625,26635,10
13.2446603775,80.1367263794,26635,26645,10
13.2441196442,80.1367034912,26645,26655,10
13.2410898209,80.1366500854,26655,26714,59
13.2410898209,80.1366500854,26714,26745,31
13.2398395538,80.1362533569,26745,26755,10
13.2394504547,80.1362991333,26755,26765,10
13.2390899658,80.1362609863,26765,26775,10
13.2389202118,80.1360626221,26775,26785,10
13.2386302948,80.135887146,26785,26795,10
13.2381896973,80.1358032227,26795,26805,10
13.2378902435,80.1361999512,26805,26815,10
13.2375297546,80.1363296509,26815,26825,10
13.2371101379,80.1363220215,26825,26836,11
13.2366895676,80.1363983154,26836,26846,10
13.2363500595,80.1363983154,26846,26856,10
13.2360801697,80.1363830566,26856,26866,10
13.2357397079,80.1362762451,26866,26876,10
13.2354898453,80.1361694336,26876,26886,10
13.2352600098,80.1360931396,26886,26896,10
13.2349395752,80.1359481812,26896,26906,10
13.2346801758,80.135887146,26906,26916,10
13.2344198227,80.1357421875,26916,26926,10
13.2342195511,80.1354827881,26926,26936,10
13.2339601517,80.1352615356,26936,26946,10
13.2337398529,80.1349487305,26946,26957,11
13.233710289,80.1345367432,26957,26967,10
13.2338199615,80.1341323853,26967,26977,10
13.2339696884,80.1337432861,26977,26987,10
13.2341804504,80.1334228516,26987,26997,10
13.2342700958,80.1330337524,26997,27007,10
13.2342996597,80.132598877,27007,27017,10
13.2343702316,80.1321334839,27017,27027,10
13.2343902588,80.1315612793,27027,27057,30
13.2343902588,80.1315612793,27057,27068,11
13.2343301773,80.1314163208,27068,27078,10
13.234000206,80.1310882568,27078,27088,10
13.2335596085,80.1306228638,27088,27098,10
13.2330904007,80.1300582886,27098,27108,10
13.2325696945,80.1295471191,27108,27118,10
13.231760025,80.1291427612,27118,27138,20
13.231760025,80.1291427612,27138,27148,10
13.2316703796,80.1291122437,27148,27158,10
13.2313203812,80.1289520264,27158,27168,10
13.2308702469,80.1287231445,27168,27178,10
13.230340004,80.1285476685,27178,27189,11
13.2297201157,80.1284790039,27189,27199,10
13.2291898727,80.1283416748,27199,27209,10
13.2288703918,80.1282272339,27209,27219,10
13.2285900116,80.1279373169,27219,27491,272
13.2285900116,80.1279373169,27491,27501,10
13.2286396027,80.1278686523,27501,27511,10
13.228770256,80.127532959,27511,27521,10
13.2289600372,80.1270675659,27521,27532,11
13.2291898727,80.1266479492,27532,27542,10
13.2292804718,80.1264419556,27542,27552,10
13.2294101715,80.126121521,27552,27562,10
13.2295703888,80.1257705688,27562,27572,10
13.2297401428,80.1253890991,27572,27582,10
13.2299203873,80.1249694824,27582,27592,10
13.2300901413,80.1245574951,27592,27602,10
13.2301702499,80.1243209839,27602,27612,10
13.2303695679,80.123878479,27612,27622,10
13.2306604385,80.1233596802,27622,27632,10
13.231010437,80.1231231689,27632,27642,10
13.2315301895,80.1230926514,27642,27653,11
13.2320995331,80.1230316162,27653,27663,10
13.2322797775,80.1227493286,27663,27673,10
13.2322998047,80.1226882935,27673,27683,10
13.2323999405,80.1223983765,27683,27723,40
13.2323999405,80.1223983765,27723,27733,10
13.2324304581,80.1222763062,27733,27743,10
13.2325000763,80.1220626831,27743,27753,10
13.2326202393,80.1217422485,27753,27763,10
13.232749939,80.121307373,27763,27774,11
13.2328195572,80.1209182739,27774,27784,10
13.2328996658,80.1205368042,27784,27794,10
13.2330703735,80.1201324463,27794,27804,10
13.2333097458,80.1197891235,27804,27814,10
13.2335395813,80.1194763184,27814,27824,10
13.2337703705,80.119178772,27824,27834,10
13.2341403961,80.1190032959,27834,27844,10
13.2346897125,80.1188964844,27844,27854,10
13.2352199554,80.1188201904,27854,27864,10
13.235830307,80.118812561,27864,27874,10
13.2364902496,80.1188278198,27874,27885,11
13.236989975,80.1188812256,27885,27895,10
13.2373304367,80.1190109253,27895,27905,10
13.2377996445,80.1192016602,27905,27915,10
13.2382898331,80.1192932129,27915,27925,10
13.2386102676,80.1195220947,27925,27935,10
13.238699913,80.1199111938,27935,27945,10
13.2391700745,80.1199493408,27945,27955,10
13.2397203445,80.1199798584,27955,27965,10
13.2402896881,80.1200180054,27965,27975,10
13.240819931,80.1201324463,27975,27985,10
13.241230011,80.1201934814,27985,27995,10
13.2416296005,80.120262146,27995,28006,11
13.2420597076,80.120262146,28006,28026,20
13.2420597076,80.120262146,28026,28036,10
13.2421998978,80.1202468872,28036,28046,10
13.2422399521,80.1202392578,28046,28056,10
13.2423295975,80.1203994751,28056,28328,272
13.2423295975,80.1203994751,28328,28338,10
13.2421703339,80.1201095581,28338,29972,1634
13.2421703339,80.1201095581,29972,29982,10
13.2422399521,80.1202316284,29982,29992,10
13.2421998978,80.120262146,29992,30003,11
13.2420101166,80.1202697754,30003,30013,10
13.2419700623,80.1202697754,30013,30023,10
13.2417697906,80.1202926636,30023,30033,10
13.2415895462,80.120262146,30033,30043,10
13.2413702011,80.1202316284,30043,30053,10
13.2410097122,80.1201705933,30053,30083,30
13.2410097122,80.1201705933,30083,30093,10
13.2407398224,80.1201171875,30093,30103,10
13.2403297424,80.1200332642,30103,30113,10
13.2398700714,80.1199874878,30113,30124,11
13.2393798828,80.1199493408,30124,30134,10
13.2389097214,80.1199493408,30134,30144,10
13.2385797501,80.119720459,30144,30154,10
13.2383899689,80.1193084717,30154,30164,10
13.2378902435,80.1192169189,30164,30174,10
13.2373304367,80.1190185547,30174,30184,10
13.2369403839,80.1188583374,30184,30194,10
13.2369098663,80.118850708,30194,30204,10
13.2367095947,80.1188278198,30204,30214,10
13.236240387,80.1188201904,30214,30224,10
13.2355804443,80.1187896729,30224,30234,10
13.2348499298,80.1188735962,30234,30245,11
13.234120369,80.1189880371,30245,30255,10
13.2335500717,80.119392395,30255,30265,10
13.2330598831,80.1200866699,30265,30275,10
13.23279953,80.12084198,30275,30285,10
13.232749939,80.1211700439,30285,30295,10
13.2327299118,80.1213226318,30295,30305,10
13.2326097488,80.1217575073,30305,30315,10
13.2324304581,80.1223068237,30315,30325,10
13.2323703766,80.1224822998,30325,30335,10
13.2322797775,80.1226882935,30335,30345,10
13.2322502136,80.1227722168,30345,30356,11
13.2320604324,80.1230392456,30356,30376,20
13.2320604324,80.1230392456,30376,30386,10
13.2318096161,80.1230773926,30386,30396,10
13.2313404083,80.1231231689,30396,30406,10
13.2308301926,80.1231307983,30406,30416,10
13.2307300568,80.1231765747,30416,30426,10
13.2306804657,80.1232681274,30426,30436,10
13.2305002213,80.1236190796,30436,30446,10
13.2302398682,80.1240768433,30446,30456,10
13.2300701141,80.1245574951,30456,30466,10
13.2299098969,80.1249694824,30466,30477,11
13.2298698425,80.1250686646,30477,30487,10
13.2297401428,80.1253662109,30487,30497,10
13.2295103073,80.1258468628,30497,30507,10
13.2292804718,80.1264419556,30507,30517,10
13.2290000916,80.1269836426,30517,30526,9
13.2286100388,80.1279907227,30526,30552,26
13.2286100388,80.1279907227,30552,30562,10
13.2286500931,80.128112793,30562,30572,10
13.2287101746,80.1281585693,30572,30582,10
13.2289600372,80.1282577515,30582,30593,11
13.2292995453,80.1283798218,30593,30603,10
13.2298002243,80.1284866333,30603,30613,10
13.2305402756,80.128578186,30613,30623,10
13.2313299179,80.1289291382,30623,30633,10
13.2322502136,80.1293716431,30633,30643,10
13.2331199646,80.1300735474,30643,30653,10
13.2344503403,80.1318511963,30653,30663,10
13.2344503403,80.1318511963,30663,30673,10
13.2343101501,80.1328430176,30673,30682,9
13.2342395782,80.1333312988,30682,30693,11
13.2339601517,80.1338195801,30693,30704,11
13.2337398529,80.1344680786,30704,30715,11
13.2337903976,80.1350402832,30715,30725,10
13.2341995239,80.1354675293,30725,30735,10
13.2344903946,80.1358032227,30735,30745,10
13.2348899841,80.1359176636,30745,30755,10
13.2352695465,80.1360931396,30755,30765,10
13.2355604172,80.1361923218,30765,30775,10
13.235830307,80.1362991333,30775,30785,10
13.2361402512,80.1363830566,30785,30795,10
13.236410141,80.136390686,30795,30805,10
13.2367401123,80.136390686,30805,30824,19
13.2373895645,80.1363372803,30824,30836,12
13.2374095917,80.1363372803,30836,30846,10
13.2377099991,80.1363067627,30846,30856,10
13.2380199432,80.1360702515,30856,30866,10
13.2383098602,80.1357803345,30866,30876,10
13.2387199402,80.1359405518,30876,30886,10
13.2390003204,80.1361312866,30886,30896,10
13.2391996384,80.1362991333,30896,30906,10
13.2395601273,80.1362915039,30906,30916,10
13.2399101257,80.1362686157,30916,30926,10
13.2402496338,80.1363220215,30926,30936,10
13.2406301498,80.1364898682,30936,30947,11
13.2410402298,80.1366424561,30947,30957,10
13.2416496277,80.1368026733,30957,30977,20
13.2416496277,80.1368026733,30977,30987,10
13.2418298721,80.1368331909,30987,30997,10
13.2422199249,80.1368713379,30997,31007,10
13.2425498962,80.1367797852,31007,31017,10
13.2430095673,80.1365814209,31017,31027,10
13.2434101105,80.136390686,31027,31037,10
13.2438697815,80.1365432739,31037,31047,10
13.2442302704,80.13671875,31047,31058,11
13.2448101044,80.13671875,31058,31068,10
13.2452602386,80.1366729736,31068,31078,10
13.2456102371,80.1367797852,31078,31088,10
13.2459602356,80.1369628906,31088,31098,10
13.2463302612,80.13722229,31098,31108,10
13.2468700409,80.1374435425,31108,31118,10
13.2475204468,80.1375732422,31118,31128,10
13.2479600906,80.1381225586,31128,31138,10
13.2484903336,80.1384124756,31138,31148,10
13.2486000061,80.1384887695,31148,31158,10
13.2487001419,80.1385574341,31158,31168,10
13.2487602234,80.1386184692,31168,31179,11
13.2490301132,80.138999939,31179,31189,10
13.2493696213,80.1395187378,31189,31199,10
13.2497301102,80.1400985718,31199,31209,10
13.2501096725,80.1406936646,31209,31219,10
13.2505598068,80.1411895752,31219,31229,10
13.2505998611,80.141242981,31229,31239,10
13.2507200241,80.1413879395,31239,31249,10
13.2509002686,80.1419067383,31249,31279,30
13.2509002686,80.1419067383,31279,31289,10
13.250869751,80.141960144,31289,31300,11
13.2506504059,80.1423568726,31300,31310,10
13.2501602173,80.1433868408,31310,31320,10
13.2501602173,80.1433868408,31320,31330,10
13.2500495911,80.1439819336,31330,31338,8
13.2498998642,80.1444625854,31338,31357,19
13.2497997284,80.1453094482,31357,31367,10
13.2497701645,80.1455078125,31367,31377,10
13.2497301102,80.1458435059,31377,31387,10
13.2496995926,80.1461410522,31387,31397,10
13.2496900558,80.1462173462,31397,31408,11
13.2496795654,80.1462631226,31408,31418,10
13.2496099472,80.1465606689,31418,31428,10
13.2495498657,80.1469726563,31428,31438,10
13.2495603561,80.1475296021,31438,31448,10
13.2496700287,80.148109436,31448,31478,30
13.2496700287,80.148109436,31478,31488,10
13.2496995926,80.1483306885,31488,31498,10
13.2497196198,80.1485214233,31498,31508,10
13.2497396469,80.1488189697,31508,31517,9
13.2497301102,80.1491088867,31517,31529,12
13.2496900558,80.149520874,31529,31539,10
13.2496795654,80.1497192383,31539,31549,10
13.2496595383,80.1499710083,31549,31559,10
13.2496204376,80.1503372192,31559,31569,10
13.24958992,80.150680542,31569,31579,10
13.2495498657,80.1510162354,31579,31589,10
13.2495098114,80.1513671875,31589,31599,10
13.2494697571,80.1517410278,31599,31609,10
13.2494401932,80.1521606445,31609,31619,10
13.2494001389,80.152633667,31619,31629,10
13.2494096756,80.1532287598,31629,31639,10
13.2494602203,80.1539382935,31639,31650,11
13.2495298386,80.1547470093,31650,31660,10
13.24958992,80.1554107666,31660,31670,10
13.2496404648,80.1558074951,31670,31680,10
13.2496700287,80.1561203003,31680,31700,20
13.2496700287,80.1561203003,31700,31710,10
13.2496595383,80.1562423706,31710,31720,10
13.2495002747,80.1563491821,31720,31730,10
13.2491197586,80.1565170288,31730,31740,10
13.2486801147,80.1567382813,31740,31750,10
13.2479400635,80.157119751,31750,31801,51
13.2479400635,80.157119751,31801,31811,10
13.2478504181,80.157119751,31811,31821,10
13.2476902008,80.1572036743,31821,31831,10
13.2475204468,80.1572875977,31831,31841,10
13.2472600937,80.1574401855,31841,31851,10
13.2469396591,80.157623291,31851,31861,10
13.2465000153,80.1578292847,31861,31871,10
13.2459802628,80.1581115723,31871,31882,11
13.245759964,80.158241272,31882,31892,10
13.2456703186,80.1583023071,31892,31902,10
13.245349884,80.1584625244,31902,31912,10
13.2449197769,80.1586990356,31912,31922,10
13.2444200516,80.1589813232,31922,31932,10
13.2438602448,80.1592407227,31932,31942,10
13.2433204651,80.1594772339,31942,31952,10
13.242770195,80.1597290039,31952,31962,10
13.2424898148,80.159866333,31962,31972,10
13.2424097061,80.1598892212,31972,31982,10
13.2420597076,80.1600418091,31982,31992,10
13.2416200638,80.1602020264,31992,32003,11
13.2413702011,80.1602935791,32003,32013,10
13.2410402298,80.16040802,32013,32023,10
13.2405500412,80.1605834961,32023,32033,10
13.2401199341,80.1607437134,32033,32043,10
13.2397203445,80.1608276367,32043,32053,10
13.2393198013,80.160949707,32053,32063,10
13.2392902374,80.160949707,32063,32073,10
13.239159584,80.1609802246,32073,32083,10
13.238820076,80.1610794067,32083,32093,10
13.2383203506,80.1612319946,32093,32103,10
13.237830162,80.1613922119,32103,32113,10
13.2372703552,80.1615905762,32113,32124,11
13.236579895,80.1618804932,32124,32134,10
13.2359399796,80.162147522,32134,32144,10
13.2353000641,80.1624069214,32144,32154,10
13.2312803268,80.1640625,32154,32193,39
13.2294597626,80.1647796631,32193,32250,57
13.2291898727,80.1648864746,32250,32281,31
13.2288198471,80.1650466919,32281,32524,243
13.2288198471,80.1650466919,32524,32534,10
13.2284803391,80.1651535034,32534,32544,10
13.2278795242,80.1653900146,32544,32554,10
13.2271203995,80.1656112671,32554,32564,10
13.2263402939,80.1656799316,32564,32574,10
13.2255496979,80.1662597656,32574,32583,9
13.2246303558,80.1667098999,32583,32595,12
13.2234601974,80.1671524048,32595,32605,10
13.2226295471,80.1674575806,32605,32615,10
13.2218103409,80.1677322388,32615,32625,10
13.2214603424,80.1678237915,32625,32635,10
13.2212095261,80.1678924561,32635,32645,10
13.2206296921,80.1680908203,32645,32655,10
13.2198295593,80.1683731079,32655,32665,10
13.2188501358,80.1687316895,32665,32675,10
13.2176704407,80.1691436768,32675,32706,31
13.2176704407,80.1691436768,32706,32716,10
13.217590332,80.1691665649,32716,32726,10
13.2171897888,80.1693115234,32726,32736,10
13.2165002823,80.1695785522,32736,32746,10
13.2156295776,80.1698989868,32746,32756,10
13.2148199081,80.1701889038,32756,32766,10
13.2138004303,80.1706085205,32766,32776,10
13.2126302719,80.1710281372,32776,32786,10
13.2114295959,80.1714401245,32786,32796,10
13.2101402283,80.1719436646,32796,32806,10
13.2089996338,80.1723709106,32806,32815,9
13.2078695297,80.1728973389,32815,32827,12
13.2063598633,80.1737518311,32827,32837,10
13.2054195404,80.1743621826,32837,32847,10
13.2048301697,80.1747207642,32847,32857,10
13.2046298981,80.1748504639,32857,32867,10
13.2045898438,80.1748809814,32867,32877,10
13.204369545,80.1750564575,32877,32887,10
13.204079628,80.17527771,32887,32897,10
13.2040300369,80.1753234863,32897,32907,10
13.2037401199,80.1755371094,32907,32917,10
13.203209877,80.1759490967,32917,32927,10
13.2025899887,80.1764221191,32927,32937,10
13.2019300461,80.1769104004,32937,32948,11
13.2011804581,80.1774673462,32948,32958,10
13.2004699707,80.1780090332,32958,32968,10
13.199760437,80.1785430908,32968,32978,10
13.1991796494,80.1789779663,32978,32988,10
13.1991100311,80.1790390015,32988,32998,10
13.1990203857,80.1791000366,32998,33008,10
13.1986999512,80.179359436,33008,33018,10
13.1982097626,80.1797180176,33018,33028,10
13.1975898743,80.1802215576,33028,33038,10
13.1970596313,80.1808776855,33038,33057,19
13.1970596313,80.1808776855,33057,33069,12
13.1968402863,80.1812515259,33069,33099,30
13.1968402863,80.1812515259,33099,33109,10
13.1967802048,80.1812896729,33109,33119,10
13.1967601776,80.1812973022,33119,33129,10
13.1964702606,80.1812362671,33129,33139,10
13.1963701248,80.1813201904,33139,33149,10
13.1961803436,80.1814575195,33149,33159,10
13.1957798004,80.1818084717,33159,33168,9
13.1953697205,80.1821899414,33168,33180,12
13.1948404312,80.1826705933,33180,33190,10
13.1944599152,80.1830062866,33190,33200,10
13.1941604614,80.1832962036,33200,33210,10
13.1939096451,80.1835327148,33210,33230,20
13.1939096451,80.1835327148,33230,33240,10
13.1936597824,80.1837387085,33240,33250,10
13.1934700012,80.1838989258,33250,33290,40
13.1931495667,80.1841964722,33290,33311,21
13.1931495667,80.1841964722,33311,33321,10
13.1928396225,80.1844787598,33321,33331,10
13.1926498413,80.1846389771,33331,33341,10
13.1922702789,80.1850128174,33341,33351,10
13.1919498444,80.1853485107,33351,33371,20
13.1919498444,80.1853485107,33371,33381,10
13.1918201447,80.1854782104,33381,33391,10
13.1915197372,80.1857299805,33391,33401,10
13.1913099289,80.1859436035,33401,33411,10
13.1910600662,80.1861572266,33411,33422,11
13.1907100677,80.1864700317,33422,33432,10
13.1904602051,80.1866989136,33432,33442,10
13.1902198792,80.1869125366,33442,33452,10
13.1899900436,80.1871185303,33452,33462,10
13.189740181,80.1873168945,33462,33472,10
13.1897296906,80.1873321533,33472,33482,10
13.1895599365,80.1874389648,33482,33492,10
13.1892595291,80.1877288818,33492,33502,10
13.1890897751,80.1879119873,33502,33512,10
13.188949585,80.1880264282,33512,33522,10
13.1886997223,80.1882476807,33522,33532,10
13.1885499954,80.1884231567,33532,33543,11
13.1882200241,80.1887969971,33543,33553,10
13.1878404617,80.189239502,33553,33563,10
13.1874103546,80.1896133423,33563,33573,10
13.1867704391,80.1898880005,33573,33583,10
13.1860904694,80.190322876,33583,33593,10
13.1855401993,80.19090271,33593,33603,10
13.1850099564,80.1912765503,33603,33613,10
13.184419632,80.1916427612,33613,33623,10
13.1842098236,80.1919021606,33623,33664,41
13.1842098236,80.1919021606,33664,33674,10
13.1841402054,80.1921463013,33674,33684,10
13.183719635,80.1922607422,33684,33694,10
13.1830701828,80.1924362183,33694,33704,10
13.1823396683,80.1927566528,33704,33714,10
13.1815900803,80.1931610107,33714,33724,10
13.1808595657,80.193572998,33724,33734,10
13.1801300049,80.1939697266,33734,33744,10
13.1794300079,80.1943664551,33744,33754,10
13.178730011,80.194770813,33754,33764,10
13.1780996323,80.1951217651,33764,33775,11
13.1773099899,80.1955566406,33775,33785,10
13.1765699387,80.1959762573,33785,33795,10
13.1758203506,80.1964035034,33795,33805,10
13.1750602722,80.1968231201,33805,33815,10
13.1742801666,80.1972579956,33815,33825,10
13.173500061,80.1977081299,33825,33835,10
13.1726999283,80.1981506348,33835,33845,10
13.1719703674,80.1985626221,33845,33855,10
13.1712799072,80.198928833,33855,33885,30
13.1712799072,80.198928833,33885,33896,11
13.1711502075,80.1990127563,33896,33906,10
13.1707897186,80.1992263794,33906,33916,10
13.1703996658,80.1994628906,33916,33926,10
13.1703300476,80.1995010376,33926,33936,10
13.1701402664,80.1996231079,33936,33946,10
13.1697597504,80.1998291016,33946,33956,10
13.1692399979,80.2001190186,33956,33966,10
13.1685600281,80.2004928589,33966,33976,10
13.1677398682,80.2009506226,33976,33986,10
13.1668195724,80.2014694214,33986,33996,10
13.1658697128,80.2019577026,33996,34006,10
13.1651096344,80.2022171021,34006,34017,11
13.1646499634,80.2023620605,34017,34067,50
13.1646499634,80.2023620605,34067,34077,10
13.1642999649,80.2024536133,34077,34087,10
13.1639795303,80.2025527954,34087,34097,10
13.1635599136,80.2026672363,34097,34107,10
13.1629896164,80.2028121948,34107,34117,10
13.1624002457,80.2029266357,34117,34128,11
13.1616897583,80.2030563354,34128,34138,10
13.1609601974,80.2031936646,34138,34148,10
13.1601104736,80.203338623,34148,34158,10
13.1591501236,80.2035598755,34158,34168,10
13.158659935,80.2037277222,34168,34188,20
13.158659935,80.2037277222,34188,34198,10
13.1586198807,80.2037277222,34198,34208,10
13.1583595276,80.2037963867,34208,34218,10
13.1579198837,80.2040023804,34218,34228,10
13.1573095322,80.2043380737,34228,34238,10
13.1566696167,80.2047271729,34238,34249,11
13.1559200287,80.205291748,34249,34259,10
13.1552200317,80.2059402466,34259,34269,10
13.1544799805,80.2067565918,34269,34279,10
13.1537704468,80.2077102661,34279,34289,10
13.1531896591,80.2084884644,34289,34299,10
13.152589798,80.2092666626,34299,34309,10
13.1518802643,80.2101974487,34309,34319,10
13.1510601044,80.2113037109,34319,34329,10
13.1501598358,80.2125015259,34329,34339,10
13.1492204666,80.213760376,34339,34349,10
13.1482601166,80.2150726318,34349,34358,9
13.1474199295,80.2162475586,34358,34370,12
13.1462497711,80.2178268433,34370,34380,10
13.1454401016,80.2189483643,34380,34390,10
13.1450004578,80.2198028564,34390,34400,10
13.1449203491,80.220489502,34400,34410,10
13.1443395615,80.2208328247,34410,34420,10
13.1440601349,80.2209396362,34420,34430,10
13.1438903809,80.2210922241,34430,34440,10
13.1435203552,80.2215805054,34440,34450,10
13.1430702209,80.2221984863,34450,34460,10
13.1425600052,80.2229003906,34460,34470,10
13.1420202255,80.2236480713,34470,34480,10
13.141500473,80.224357605,34480,34491,11
13.1409702301,80.2250976563,34491,34501,10
13.1405000687,80.2257232666,34501,34511,10
13.1400604248,80.2263336182,34511,34521,10
13.1395998001,80.2269592285,34521,34531,10
13.1389799118,80.2278366089,34531,34551,20
13.1389799118,80.2278366089,34551,34561,10
13.1391801834,80.2280197144,34561,34571,10
13.13945961,80.2281570435,34571,34581,10
13.1400098801,80.2282714844,34581,34590,9
13.1405096054,80.2283706665,34590,34602,12
13.1412200928,80.2285995483,34602,34612,10
13.1420202255,80.2288894653,34612,34622,10
13.142950058,80.229019165,34622,34632,10
13.143910408,80.2292404175,34632,34642,10
13.144780159,80.2293701172,34642,34652,10
13.1454296112,80.2294998169,34652,34662,10
13.1461200714,80.2296295166,34662,34672,10
13.1465501785,80.2298812866,34672,34682,10
13.146900177,80.2302780151,34682,34692,10
13.1473703384,80.2306213379,34692,34702,10
13.1476898193,80.2309036255,34702,34712,10
13.1477298737,80.23097229,34712,34723,11
13.1475601196,80.2311630249,34723,34733,10
13.1472997665,80.2313308716,34733,34743,10
13.1469402313,80.231552124,34743,34753,10
13.1464996338,80.2317581177,34753,34763,10
13.146109581,80.2319412231,34763,34773,10
13.1457500458,80.2321395874,34773,34783,10
13.1454601288,80.2323226929,34783,34793,10
13.1450500488,80.2325820923,34793,34803,10
13.1445798874,80.2328796387,34803,34813,10
13.1442298889,80.2332382202,34813,34823,10
13.143910408,80.2335891724,34823,34833,10
13.1436300278,80.2339782715,34833,34844,11
13.1434202194,80.2344970703,34844,34854,10
13.143289566,80.2348709106,34854,34864,10
13.1431398392,80.2352676392,34864,34874,10
13.142950058,80.2358169556,34874,34884,10
13.1428403854,80.2360916138,34884,34894,10
13.1427297592,80.2362976074,34894,34904,10
13.1425504684,80.2365188599,34904,34914,10
13.1422700882,80.2367095947,34914,34924,10
13.1418399811,80.2369613647,34924,34934,10
13.1413202286,80.2372283936,34934,34944,10
13.1407203674,80.2373504639,34944,34954,10
13.1400995255,80.237411499,34954,34965,11
13.1394100189,80.2375106812,34965,34975,10
13.1387901306,80.2376327515,34975,34985,10
13.1382198334,80.23777771,34985,34995,10
13.1377401352,80.2378921509,34995,35005,10
13.1374797821,80.2379379272,35005,35015,10
13.1370000839,80.2380218506,35015,35025,10
13.1364603043,80.2381286621,35025,35035,10
13.1358995438,80.2382965088,35035,35045,10
13.1352901459,80.2385406494,35045,35055,10
13.1346702576,80.2388000488,35055,35065,10
13.1339902878,80.2391204834,35065,35075,10
13.1332702637,80.2394790649,35075,35086,11
13.1324796677,80.2398681641,35086,35096,10
13.1318397522,80.2401885986,35096,35106,10
13.1312103271,80.2405090332,35106,35116,10
13.1305999756,80.2408599854,35116,35126,10
13.1300001144,80.2413787842,35126,35156,30
13.1300001144,80.2413787842,35156,35166,10
13.1298599243,80.2414779663,35166,35197,31
13.1298599243,80.2414779663,35197,35207,10
13.1295604706,80.2417297363,35207,35217,10
13.1295604706,80.2419204712,35217,35247,30
13.1295604706,80.2419204712,35247,35257,10
13.1295404434,80.2421112061,35257,35267,10
13.1294803619,80.2424163818,35267,35277,10
13.1294498444,80.2427825928,35277,35287,10
13.1294202805,80.2430801392,35287,35297,10
13.1293497086,80.243522644,35297,35307,10
13.1292896271,80.2440414429,35307,35318,11
13.1292200089,80.2446212769,35318,35328,10
13.1291503906,80.2451477051,35328,35338,10
13.129070282,80.2456665039,35338,35348,10
13.1290197372,80.2462005615,35348,35358,10
13.1290197372,80.2467727661,35358,35368,10
13.1291999817,80.247253418,35368,35378,10
13.1294698715,80.2477035522,35378,35388,10
13.129650116,80.2480773926,35388,35398,10
13.1297903061,80.2484970093,35398,35408,10
13.1298904419,80.2490463257,35408,35418,10
13.1299800873,80.2495727539,35418,35428,10
13.1299695969,80.2497787476,35428,35439,11
13.129699707,80.2498626709,35439,35449,10
13.1294002533,80.2498474121,35449,35459,10
13.129070282,80.2498168945,35459,35469,10
13.1287298203,80.2498703003,35469,35479,10
13.1283397675,80.2498474121,35479,35489,10
13.1279201508,80.2497177124,35489,35499,10
13.1274595261,80.2495727539,35499,35509,10
13.1270103455,80.2493972778,35509,35519,10
13.126660347,80.2492904663,35519,35529,10
13.126250267,80.2491607666,35529,35539,10
13.1258401871,80.2490386963,35539,35549,10
13.12541008,80.248878479,35549,35560,11
13.1249599457,80.2487335205,35560,35570,10
13.1245698929,80.2486114502,35570,35580,10
13.1239204407,80.2484207153,35580,35610,30
13.1239204407,80.2484207153,35610,35620,10
13.1238002777,80.2483291626,35620,35630,10
13.1236696243,80.248260498,35630,35640,10
13.1235599518,80.2483215332,35640,35650,10
13.1234102249,80.2485198975,35650,35660,10
13.1231899261,80.2487716675,35660,35671,11
13.1229000092,80.2491378784,35671,35681,10
13.1227397919,80.2494888306,35681,35691,10
13.1226100922,80.2498474121,35691,35701,10
13.122469902,80.2502212524,35701,35711,10
13.1223096848,80.250617981,35711,35721,10
13.1221199036,80.2510681152,35721,35731,10
13.1219396591,80.2515106201,35731,35741,10
13.1218004227,80.2519836426,35741,35750,9
13.1217002869,80.2524108887,35750,35761,11
13.1215696335,80.2528991699,35761,35771,10
13.1214103699,80.25340271,35771,35781,10
13.1211500168,80.2538299561,35781,35792,11
13.1208000183,80.2542266846,35792,35802,10
13.1205196381,80.2545318604,35802,35812,10
13.1202602386,80.2548217773,35812,35822,10
13.1201896667,80.2548980713,35822,35832,10
13.1200399399,80.2550201416,35832,35842,10
13.1198301315,80.2552871704,35842,35852,10
13.1196203232,80.2556610107,35852,35862,10
13.1194295883,80.2559890747,35862,35871,9
13.1192398071,80.256362915,35871,35882,11
13.1189804077,80.2568817139,35882,35892,10
13.1188602448,80.257270813,35892,35902,10
13.1187400818,80.2577285767,35902,35913,11
13.1186199188,80.2583389282,35913,35923,10
13.1184997559,80.2590713501,35923,36588,665
13.1184997559,80.2590713501,36588,36598,10
13.1183795929,80.2594070435,36598,36608,10
13.1186103821,80.259437561,36608,36617,9
13.1189002991,80.2594070435,36617,36629,12
13.1193199158,80.2593917847,36629,36639,10
13.1196899414,80.2593612671,36639,36649,10
13.1200704575,80.2593307495,36649,36659,10
13.1203899384,80.2593078613,36659,36669,10
13.1205101013,80.2593002319,36669,36679,10
13.1205596924,80.259147644,36679,36689,10
13.1204595566,80.2589492798,36689,36699,10
13.1203603745,80.2587203979,36699,36709,10
13.1203098297,80.2584915161,36709,36719,10
13.1203603745,80.2583236694,36719,36729,10
13.1205997467,80.2582168579,36729,53330,16601
13.1202602386,80.2581710815,53330,62195,8865
13.1202602386,80.2581710815,62195,62205,10
13.1204996109,80.2583999634,62205,62215,10
13.1204900742,80.2585906982,62215,62225,10
13.1202697754,80.2585678101,62225,62236,11
13.1203699112,80.258430481,62236,62246,10
13.1202096939,80.2581710815,62246,77838,15592
13.1202096939,80.2581710815,77838,77848,10
13.1200304031,80.2581863403,77848,77858,10
13.1198701859,80.2582015991,77858,77869,11
13.1197795868,80.2580337524,77869,86099,8230
13.1197795868,80.2580337524,86099,86109,10
13.1197500229,80.2581481934,86109,86119,10
13.1199302673,80.2581787109,86119,86129,10
13.1199102402,80.2584686279,86129,86139,10
13.1199302673,80.2587585449,86139,86149,10
