12.998000145,80.2567214966,12,7325,7313
12.9980201721,80.2566833496,7325,8781,1456
12.9980201721,80.2566986084,8781,17852,9071
12.9980297089,80.2567062378,17852,18795,943
12.9980297089,80.2567062378,18795,18805,10
12.9979095459,80.256477356,18805,19454,649
12.9979095459,80.256477356,19454,19464,10
12.9979696274,80.256401062,19464,19474,10
12.997879982,80.2563171387,19474,19484,10
12.997710228,80.2562408447,19484,19535,51
12.997710228,80.2562408447,19535,19545,10
12.9975700378,80.2559280396,19545,19555,10
12.9972600937,80.2559204102,19555,19595,40
12.9969596863,80.2559967041,19595,20140,545
12.9969596863,80.2559967041,20140,20150,10
12.9969596863,80.2560806274,20150,20160,10
12.9969396591,80.2563934326,20160,20170,10
12.9968900681,80.2567825317,20170,20180,10
12.9968500137,80.2572784424,20180,20190,10
12.9967899323,80.2578811646,20190,20200,10
12.9967098236,80.2585220337,20200,20210,10
12.9966602325,80.2591018677,20210,20221,11
12.9966001511,80.2596206665,20221,20231,10
12.9965295792,80.2601623535,20231,20241,10
12.9964799881,80.2607269287,20241,20251,10
12.9964199066,80.2612915039,20251,20261,10
12.996339798,80.2618026733,20261,20271,10
12.9962997437,80.2622070313,20271,20281,10
12.9962396622,80.2626190186,20281,20291,10
12.9962100983,80.2630615234,20291,20301,10
12.9961700439,80.2635192871,20301,20311,10
12.9961204529,80.2640533447,20311,20322,11
12.9960298538,80.2647399902,20322,20332,10
12.9959602356,80.2654266357,20332,20342,10
12.995880127,80.2661819458,20342,20353,11
12.9957895279,80.266998291,20353,20363,10
12.9957399368,80.2676010132,20363,20373,10
12.9961500168,80.2677307129,20373,20383,10
12.9967403412,80.2677688599,20383,20393,10
12.9973297119,80.2676086426,20393,20403,10
12.9979200363,80.2674179077,20403,20413,10
12.9985103607,80.2672424316,20413,20423,10
12.9991998672,80.2670211792,20423,20434,11
12.9999704361,80.2667312622,20434,20444,10
13.0003004074,80.2666168213,20444,21181,737
13.0003004074,80.2666168213,21181,21191,10
13.0002498627,80.2668380737,21191,21201,10
13.0001602173,80.2669219971,21201,21210,9
12.9999103546,80.2669677734,21210,21221,11
12.9994602203,80.2670669556,21221,21231,10
12.9989995956,80.2671813965,21231,21241,10
12.9984302521,80.2673416138,21241,21251,10
12.9977397919,80.2675476074,21251,21260,9
12.9972200394,80.2676925659,21260,21271,11
12.9966001511,80.2677993774,21271,21282,11
12.9959697723,80.2677612305,21282,21293,11
12.9956598282,80.2675933838,21293,21303,10
12.9956598282,80.2673416138,21303,21313,10
12.9956598282,80.267326355,21313,21323,10
12.9956598282,80.2671203613,21323,21333,10
12.9957199097,80.2666931152,21333,21343,10
12.9957799911,80.2661437988,21343,21353,10
12.9958400726,80.2656021118,21353,21363,10
12.9959001541,80.2650680542,21363,21373,10
12.9959602356,80.264541626,21373,21384,11
12.9960403442,80.2639007568,21384,21394,10
12.9961004257,80.263381958,21394,21404,10
12.9961595535,80.2626876831,21404,21424,20
12.9961595535,80.2626876831,21424,21434,10
12.9961700439,80.2625808716,21434,21444,10
12.9962301254,80.2621994019,21444,21454,10
12.9963102341,80.2617034912,21454,21464,10
12.9963598251,80.261177063,21464,21474,10
12.9964199066,80.2606506348,21474,21485,11
12.9964704514,80.2600708008,21485,21494,9
12.9965200424,80.2595214844,21494,21505,11
12.9965896606,80.2587966919,21505,21515,10
12.9966497421,80.258140564,21515,21524,9
12.996720314,80.2575073242,21524,21534,10
12.9968004227,80.2568588257,21534,21545,11
12.9968595505,80.2562713623,21545,21553,8
12.9968996048,80.2559890747,21553,21565,12
12.997300148,80.2558288574,21565,21575,10
12.9977903366,80.2558670044,21575,21586,11
12.9981498718,80.2559432983,21586,21605,19
12.9981498718,80.2559432983,21605,21616,11
12.9983797073,80.2559585571,21616,21626,10
12.9987602234,80.2559890747,21626,21646,20
12.9987602234,80.2559890747,21646,21656,10
12.9989404678,80.2560195923,21656,21666,10
12.9993000031,80.2560882568,21666,21676,10
12.9998903275,80.2562103271,21676,21686,10
13.0005197525,80.2563171387,21686,21697,11
13.0012598038,80.2564468384,21697,21705,8
13.0017795563,80.2565231323,21705,21717,12
13.0024900436,80.2566375732,21717,21727,10
13.0031299591,80.2567672729,21727,21737,10
13.0037603378,80.2568969727,21737,21747,10
13.0045003891,80.2570571899,21747,21757,10
13.0053195953,80.2571868896,21757,21767,10
13.005979538,80.2573165894,21767,21777,10
13.0062704086,80.2573623657,21777,21787,10
13.0064001083,80.2573928833,21787,21798,11
13.0064897537,80.2570571899,21798,21808,10
13.0064601898,80.256477356,21808,21818,10
13.0064697266,80.2558364868,21818,21826,8
13.0064897537,80.2552337646,21826,21838,12
13.0065002441,80.2541427612,21838,21848,10
13.0065002441,80.2533569336,21848,21856,8
13.0065097809,80.2528381348,21856,21868,12
13.0065803528,80.2521514893,21868,21878,10
13.0066204071,80.2518768311,21878,21888,10
13.006649971,80.2518386841,21888,21899,11
13.0067100525,80.2515487671,21899,21909,10
13.0067501068,80.2509994507,21909,21918,9
13.0067501068,80.250289917,21918,21929,11
13.0067300797,80.2491989136,21929,21939,10
13.0066604614,80.248260498,21939,21949,10
13.0066404343,80.247467041,21949,21959,10
13.0065603256,80.24659729,21959,21979,20
13.0065603256,80.24659729,21979,21989,10
13.0066204071,80.2463912964,21989,21999,10
13.0066204071,80.2452087402,21999,22010,11
13.0066099167,80.2444915771,22010,22020,10
13.0066099167,80.2444915771,22020,22030,10
13.0065898895,80.2437820435,22030,22040,10
13.0065498352,80.2430801392,22040,22050,10
13.0065402985,80.2423095703,22050,22060,10
13.0065402985,80.2415008545,22060,22071,11
13.0065898895,80.2409286499,22071,22081,10
13.0066299438,80.2407073975,22081,22091,10
13.0066900253,80.2403182983,22091,22101,10
13.0068101883,80.2397232056,22101,22111,10
13.0069599152,80.2389831543,22111,22122,11
13.0071201324,80.2381362915,22122,22132,10
13.0073099136,80.2373428345,22132,22141,9
13.0073699951,80.2368392944,22141,22152,11
13.0073795319,80.2368164063,22152,22162,10
13.0074796677,80.2365036011,22162,22172,10
13.0075902939,80.2359771729,22172,22182,10
13.0077295303,80.2352981567,22182,22192,10
13.0078601837,80.2345275879,22192,22202,10
13.0080699921,80.2335662842,22202,22212,10
13.0082998276,80.232460022,22212,22222,10
13.0085000992,80.2313995361,22222,22235,13
13.008769989,80.2300033569,22235,22245,10
13.0089702606,80.2289810181,22245,22255,10
13.0092201233,80.2280197144,22255,22265,10
13.0096597672,80.2270889282,22265,22275,10
13.0101099014,80.2261199951,22275,22285,10
13.0105600357,80.2251434326,22285,22295,10
13.0109300613,80.2242965698,22295,22305,10
13.0112695694,80.2235031128,22305,22315,10
13.0114402771,80.2230300903,22315,22325,10
13.0116300583,80.2225112915,22325,22335,10
13.0119304657,80.2217636108,22335,22346,11
13.0122299194,80.2213973999,22346,22356,10
13.0124502182,80.2216186523,22356,22366,10
13.0128097534,80.2221069336,22366,22376,10
13.0133199692,80.2226333618,22376,22386,10
13.0138702393,80.2231826782,22386,22396,10
13.0143699646,80.2236404419,22396,22406,10
13.0146598816,80.2240371704,22406,22416,10
13.0151700974,80.224609375,22416,22426,10
13.0155096054,80.2249298096,22426,22436,10
13.015540123,80.2249832153,22436,22446,10
13.0156202316,80.2250976563,22446,22457,11
13.0157499313,80.2251968384,22457,22467,10
13.0161399841,80.2253265381,22467,22477,10
13.016699791,80.2252426147,22477,22487,10
13.0173301697,80.2249832153,22487,22497,10
13.0180797577,80.2246704102,22497,22507,10
13.0187902451,80.2243881226,22507,22515,8
13.0192899704,80.224281311,22515,22525,10
13.0193395615,80.2242965698,22525,22537,12
13.0196695328,80.2244873047,22537,22547,10
13.0201597214,80.224822998,22547,22558,11
13.020819664,80.2253036499,22558,22568,10
13.0214796066,80.2258300781,22568,22578,10
13.0222597122,80.2264404297,22578,22588,10
13.0230398178,80.2271194458,22588,22598,10
13.0236902237,80.227722168,22598,22608,10
13.0242996216,80.2284469604,22608,22618,10
13.0248203278,80.2291488647,22618,22626,8
13.0252799988,80.2297210693,22626,22638,12
13.0258798599,80.2306518555,22638,22648,10
13.0260801315,80.2312774658,22648,22659,11
13.026550293,80.2312316895,22659,22669,10
13.0272397995,80.2310562134,22669,22679,10
13.0279197693,80.2309494019,22679,22689,10
13.0284700394,80.2309036255,22689,22697,8
13.0287399292,80.2308807373,22697,22708,11
13.0292797089,80.2308120728,22708,22719,11
13.0298900604,80.2307510376,22719,22729,10
13.0304002762,80.2306976318,22729,22739,10
13.0306997299,80.2305603027,22739,22749,10
13.0306501389,80.2302017212,22749,22759,10
13.0304203033,80.229598999,22759,22770,11
13.0303096771,80.2288665771,22770,22782,12
13.030380249,80.2282791138,22782,22792,10
13.0303697586,80.2281799316,22792,22802,10
13.0303897858,80.2278213501,22802,22812,10
13.0304002762,80.2275619507,22812,22822,10
13.0299196243,80.2274398804,22822,22832,10
13.0292196274,80.2273330688,22832,22842,10
13.028429985,80.2271881104,22842,22852,10
13.0278997421,80.2270278931,22852,22862,10
13.0278596878,80.2267227173,22862,22873,11
13.0280303955,80.2260513306,22873,22883,10
13.0281896591,80.2253417969,22883,22893,10
13.0283498764,80.2245178223,22893,22903,10
13.0285997391,80.2240066528,22903,22921,18
13.0289201736,80.2241134644,22921,22933,12
13.029419899,80.2242965698,22933,22943,10
13.0301399231,80.2243118286,22943,22953,10
13.0309095383,80.2242965698,22953,22963,10
13.031129837,80.2239990234,22963,22972,9
13.0311403275,80.2234420776,22972,22982,10
13.0311603546,80.2232131958,22982,22994,12
13.0312404633,80.2229614258,22994,23004,10
13.0314598083,80.2225112915,23004,23014,10
13.03166008,80.2220001221,23014,23024,10
13.0319404602,80.2213897705,23024,23034,10
13.0320796967,80.2206726074,23034,23044,10
13.0321397781,80.2200164795,23044,23054,10
13.0321502686,80.2198028564,23054,23064,10
13.0321702957,80.2196807861,23064,23074,10
13.0321798325,80.2192230225,23074,23084,10
13.0321102142,80.2185592651,23084,23095,11
13.0315198898,80.2183532715,23095,23105,10
13.0314502716,80.2176895142,23105,23114,9
13.0313997269,80.2171707153,23114,23125,11
13.0312204361,80.2170028687,23125,23137,12
13.0308198929,80.2169570923,23137,23147,10
13.0304698944,80.2168197632,23147,23157,10
13.0304498672,80.2166366577,23157,23167,10
13.0304298401,80.2163314819,23167,23177,10
13.030380249,80.2157592773,23177,23187,10
13.0303401947,80.2150268555,23187,23197,10
13.0303401947,80.2145080566,23197,23208,11
13.0304203033,80.2140808105,23208,23218,10
13.0304803848,80.2136917114,23218,23228,10
13.0305204391,80.2135162354,23228,23238,10
13.0305700302,80.213142395,23238,23248,10
13.0306596756,80.2124862671,23248,23258,10
13.0307397842,80.2119216919,23258,23268,10
13.0307798386,80.211730957,23268,23278,10
13.0308103561,80.2115783691,23278,23288,10
13.0308599472,80.2112884521,23288,23298,10
13.0308704376,80.2110214233,23298,23309,11
13.0309400558,80.2106170654,23309,23319,10
13.0310001373,80.2101898193,23319,23329,10
13.0308704376,80.2100601196,23329,23339,10
13.0305595398,80.2099609375,23339,23349,10
13.0300397873,80.2097625732,23349,23359,10
13.0300998688,80.2092971802,23359,23369,10
13.0303201675,80.2090606689,23369,23379,10
13.0309000015,80.2091827393,23379,23389,10
13.0314998627,80.2093200684,23389,23399,10
13.0315599442,80.2093582153,23399,23410,11
13.031829834,80.2094421387,23410,23420,10
13.0324201584,80.2095489502,23420,23430,10
13.0331802368,80.2096786499,23430,23440,10
13.034040451,80.2098464966,23440,23450,10
13.0349502563,80.2099533081,23450,23460,10
13.0351896286,80.2093276978,23460,23469,9
13.0352296829,80.2088699341,23469,23480,11
13.0352802277,80.2086868286,23480,23490,10
13.0353298187,80.2082672119,23490,23500,10
13.0354299545,80.207572937,23500,23511,11
13.0355796814,80.2065582275,23511,23521,10
13.0357398987,80.2055969238,23521,23531,10
13.0358800888,80.2047271729,23531,23540,9
13.0359802246,80.2040710449,23540,23552,12
13.0361003876,80.203163147,23552,23562,10
13.0362195969,80.2022628784,23562,23572,10
13.0362997055,80.2016296387,23572,23582,10
13.0363197327,80.2014770508,23582,23592,10
13.0364103317,80.2010726929,23592,23602,10
13.0364999771,80.2003707886,23602,23613,11
13.0366401672,80.1993713379,23613,23623,10
13.036740303,80.1985473633,23623,23633,10
13.0367898941,80.1983795166,23633,23642,9
13.0368404388,80.198097229,23642,23653,11
13.0369195938,80.197479248,23653,23663,10
13.0370101929,80.1968994141,23663,23673,10
13.0370597839,80.1965026855,23673,23682,9
13.0371103287,80.1962966919,23682,23693,11
13.0371704102,80.1957168579,23693,23703,10
13.0372896194,80.1950683594,23703,23713,10
13.0373897552,80.1942901611,23713,23724,11
13.0375299454,80.1933364868,23724,23733,9
13.0377101898,80.1928024292,23733,23744,11
13.0386800766,80.192817688,23744,23764,20
13.0386800766,80.192817688,23764,23773,9
13.0388202667,80.1928405762,23773,23784,11
13.0392503738,80.1928787231,23784,23794,10
13.0398197174,80.1930007935,23794,23804,10
13.0406198502,80.1930999756,23804,23814,10
13.0414600372,80.1932373047,23814,23825,11
13.0417995453,80.1935272217,23825,23834,9
13.0417995453,80.193901062,23834,23845,11
13.0417699814,80.1941986084,23845,23855,10
13.0417003632,80.1947174072,23855,23865,10
13.0415897369,80.195602417,23865,23875,10
13.0414800644,80.1962432861,23875,23885,10
13.0414199829,80.1967697144,23885,23894,9
13.0413999557,80.1968917847,23894,23905,11
13.0413398743,80.1973571777,23905,23915,10
13.0412502289,80.1980209351,23915,23926,11
13.0410995483,80.1988830566,23926,23936,10
13.0410604477,80.1992797852,23936,23945,9
13.0410299301,80.199508667,23945,23956,11
13.0409297943,80.2001571655,23956,23966,10
13.0408496857,80.2008895874,23966,23976,10
13.040719986,80.2017593384,23976,23986,10
13.0406599045,80.2021179199,23986,23996,10
13.0405597687,80.2027206421,23996,24006,10
13.0404195786,80.2035369873,24006,24016,10
13.0403003693,80.2043304443,24016,24026,10
13.0402297974,80.204788208,24026,24037,11
13.0404701233,80.2050323486,24037,24047,10
13.0407400131,80.205078125,24047,24056,9
13.0409202576,80.2051010132,24056,24067,11
13.0412797928,80.2051696777,24067,24077,10
13.0417604446,80.2052383423,24077,24087,10
13.0423402786,80.2053527832,24087,24097,10
13.0427999496,80.2057266235,24097,24107,10
13.0432395935,80.2063598633,24107,24117,10
13.0437602997,80.2070617676,24117,24127,10
13.0441198349,80.2077636719,24127,24138,11
13.0441904068,80.2086868286,24138,24148,10
13.044210434,80.2090301514,24148,24158,10
13.0442199707,80.2092971802,24158,24167,9
13.0442304611,80.2097167969,24167,24178,11
13.0442800522,80.2105484009,24178,24188,10
13.0443096161,80.2113723755,24188,24198,10
13.044380188,80.2121200562,24198,24208,10
13.0443897247,80.2121963501,24208,24218,10
13.0447301865,80.2122421265,24218,24228,10
13.04529953,80.2122192383,24228,24239,11
13.0460996628,80.2121887207,24239,24249,10
13.0468902588,80.2121429443,24249,24259,10
13.0470695496,80.2120819092,24259,24268,9
13.0471000671,80.2118988037,24268,24279,11
13.0471000671,80.2117614746,24279,24289,10
13.0470695496,80.2113571167,24289,24299,10
13.0470399857,80.2109298706,24299,24309,10
13.0473203659,80.2107391357,24309,24319,10
13.0478801727,80.2107467651,24319,24329,10
13.0484600067,80.2107772827,24329,24339,10
13.0491399765,80.2107772827,24339,24350,11
13.049659729,80.2107162476,24350,24360,10
13.0496397018,80.2102584839,24360,24370,10
13.0495300293,80.2095184326,24370,24380,10
13.0494403839,80.2086715698,24380,24390,10
13.0491895676,80.2078094482,24390,24400,10
13.0489902496,80.207359314,24400,24410,10
13.0490102768,80.2073364258,24410,24420,10
13.0489597321,80.20703125,24420,24430,10
13.0490102768,80.2067871094,24430,24440,10
13.0492200851,80.2070388794,24440,25016,576
13.0492200851,80.2070388794,25016,25026,10
13.0492801666,80.2072525024,25026,25571,545
13.0492801666,80.2072525024,25571,25581,10
13.0491504669,80.207359314,25581,25591,10
13.0491199493,80.2075424194,25591,25601,10
13.049249649,80.2079772949,25601,25611,10
13.0494203568,80.2086029053,25611,25621,10
13.0495700836,80.2093734741,25621,25631,10
13.0496902466,80.2102279663,25631,25641,10
13.0498104095,80.2111663818,25641,25651,10
13.0499200821,80.2119369507,25651,25662,11
13.0498800278,80.2121505737,25662,25672,10
13.0497303009,80.2121887207,25672,25682,10
13.0494203568,80.2121887207,25682,25702,20
13.0494203568,80.2121887207,25702,25712,10
13.0491504669,80.2121887207,25712,25722,10
13.048620224,80.2121963501,25722,25732,10
13.0479202271,80.2122497559,25732,25742,10
13.0470600128,80.2123031616,25742,25752,10
13.046090126,80.2123336792,25752,25762,10
13.0451803207,80.2123413086,25762,25773,11
13.0445804596,80.212348938,25773,25884,111
13.0445804596,80.212348938,25884,25894,10
13.0444202423,80.2123794556,25894,25904,10
13.044260025,80.212020874,25904,25914,10
13.0442304611,80.2113037109,25914,25924,10
13.0442199707,80.2105026245,25924,25934,10
13.0441799164,80.2096099854,25934,25944,10
13.0441398621,80.2089614868,25944,25954,10
13.0441198349,80.2088012695,25954,25964,10
13.0441198349,80.2086715698,25964,25974,10
13.0441303253,80.2082366943,25974,25984,10
13.0439796448,80.2076034546,25984,25995,11
13.0436000824,80.2069396973,25995,26005,10
13.0431699753,80.2063293457,26005,26015,10
13.0426301956,80.205657959,26015,26025,10
13.0418996811,80.2053222656,26025,26035,10
13.0408802032,80.2051773071,26035,26055,20
13.0408802032,80.2051773071,26055,26065,10
13.0405597687,80.2051391602,26065,26075,10
13.0400695801,80.2050628662,26075,26085,10
13.0394496918,80.2049713135,26085,26095,10
13.0388803482,80.2048797607,26095,26106,11
13.0382099152,80.2047805786,26106,26116,10
13.0381698608,80.2043685913,26116,26126,10
13.0382299423,80.2037811279,26126,26136,10
13.0383501053,80.203086853,26136,26146,10
13.0384702682,80.2024002075,26146,26156,10
13.0385503769,80.2017669678,26156,26166,10
13.0386104584,80.2013778687,26166,26176,10
13.0386800766,80.200843811,26176,26186,10
13.0387401581,80.2002868652,26186,26202,16
13.038860321,80.1993331909,26202,26214,12
13.0389204025,80.1990432739,26214,26225,11
13.0389499664,80.1986694336,26225,26234,9
13.0390901566,80.1978912354,26234,26245,11
13.0391998291,80.1971282959,26245,26255,10
13.0392398834,80.1969528198,26255,26265,10
13.0392799377,80.1968002319,26265,26275,10
13.0393104553,80.1965332031,26275,26283,8
13.0393400192,80.1963195801,26283,26295,12
13.039440155,80.1955718994,26295,26305,10
13.0395402908,80.1948623657,26305,26315,10
13.0396795273,80.193939209,26315,26326,11
13.0397996902,80.1931610107,26326,26346,20
13.0397996902,80.1931610107,26346,26356,10
13.039440155,80.1930007935,26356,26366,10
13.0390701294,80.1929626465,26366,26376,10
13.0386800766,80.1929016113,26376,26386,10
13.038599968,80.1928863525,26386,26396,10
13.0382995605,80.1928405762,26396,26406,10
13.0379695892,80.1928482056,26406,26416,10
13.0376596451,80.1931610107,26416,26426,10
13.037560463,80.1938400269,26426,26437,11
13.0374403,80.1947174072,26437,26447,10
13.0373096466,80.1955871582,26447,26457,10
13.0372695923,80.1959609985,26457,26467,10
13.0372695923,80.1959762573,26467,26477,10
13.0371904373,80.1963424683,26477,26487,10
13.0370903015,80.1968765259,26487,26497,10
13.0369796753,80.1976699829,26497,26507,10
13.0368995667,80.1984405518,26507,26517,10
13.036860466,80.1986694336,26517,26527,10
13.0368204117,80.1988220215,26527,26537,10
13.0367603302,80.1992034912,26537,26548,11
13.0366401672,80.1998901367,26548,26558,10
13.0365495682,80.2005462646,26558,26568,10
13.036450386,80.2012710571,26568,26578,10
13.0364198685,80.2017364502,26578,26598,20
13.0364198685,80.2017364502,26598,26608,10
13.0363903046,80.2019577026,26608,26618,10
13.0362997055,80.2024307251,26618,26628,10
13.0362100601,80.2031173706,26628,26638,10
13.0361003876,80.2038879395,26638,26649,11
13.0360298157,80.2044830322,26649,26659,10
13.0359401703,80.2050170898,26659,26669,10
13.0358200073,80.2057418823,26669,26679,10
13.035779953,80.2060775757,26679,26689,10
13.0357198715,80.2065429688,26689,26699,10
13.035610199,80.2072067261,26699,26709,10
13.0354995728,80.2080230713,26709,26719,10
13.0354499817,80.2083969116,26719,26729,10
13.0354404449,80.2083969116,26729,26739,10
13.0354204178,80.2085266113,26739,26749,10
13.0353403091,80.2089691162,26749,26760,11
13.0352296829,80.2097473145,26760,26770,10
13.0351200104,80.2104568481,26770,26780,10
13.0349197388,80.2111434937,26780,26790,10
13.0347995758,80.2118682861,26790,26800,10
13.0343399048,80.2121200562,26800,26810,10
13.0336198807,80.2120437622,26810,26820,10
13.0324897766,80.2119293213,26820,26840,20
13.0324897766,80.2119293213,26840,26850,10
13.0322599411,80.2118835449,26850,26860,10
13.031920433,80.2116622925,26860,26871,11
13.0319795609,80.2109222412,26871,26881,10
13.0320796967,80.2101593018,26881,26891,10
13.0319595337,80.2096633911,26891,26901,10
13.031419754,80.2094802856,26901,26911,10
13.0306596756,80.2092819214,26911,26921,10
13.0301399231,80.2095031738,26921,26941,20
13.0301399231,80.2095031738,26941,26951,10
13.0300598145,80.2097015381,26951,26961,10
13.0302696228,80.2098693848,26961,26971,10
13.0307598114,80.2099914551,26971,26982,11
13.0309801102,80.2101135254,26982,26992,10
13.0309801102,80.210319519,26992,27002,10
13.0309400558,80.2107696533,27002,27012,10
13.0308904648,80.2111129761,27012,27022,10
13.03083992,80.2114486694,27022,27032,10
13.0307998657,80.2117614746,27032,27042,10
13.0307302475,80.2122116089,27042,27051,9
13.0306501389,80.2127990723,27051,27063,12
13.0305595398,80.2135314941,27063,27073,10
13.0305204391,80.213760376,27073,27083,10
13.0304498672,80.2141418457,27083,27094,11
13.0303897858,80.2147064209,27094,27104,10
13.0303897858,80.2147979736,27104,27114,10
13.030380249,80.2150726318,27114,27123,9
13.030380249,80.2155380249,27123,27134,11
13.030380249,80.216293335,27134,27144,10
13.0304803848,80.2169418335,27144,27154,10
13.0307502747,80.2169418335,27154,27164,10
13.030960083,80.2169418335,27164,27174,10
13.0312995911,80.2169570923,27174,27184,10
13.0315103531,80.2172012329,27184,27195,11
13.0315504074,80.2178573608,27195,27205,10
13.0318803787,80.2183990479,27205,27215,10
13.0322904587,80.2186965942,27215,27225,10
13.0322599411,80.2193832397,27225,27235,10
13.0322599411,80.220413208,27235,27255,20
13.0322599411,80.220413208,27255,27265,10
13.03221035,80.2205810547,27265,27275,10
13.0320997238,80.221031189,27275,27285,10
13.0319700241,80.2215270996,27285,27295,10
13.0317001343,80.2220611572,27295,27305,10
13.0314598083,80.2225799561,27305,27316,11
13.0312204361,80.2233123779,27316,27326,10
13.0312004089,80.2238998413,27326,27336,10
13.0312099457,80.2239379883,27336,27346,10
13.0312004089,80.2240829468,27346,27356,10
13.0311899185,80.2242202759,27356,27366,10
13.0308599472,80.2243423462,27366,27382,16
13.0298299789,80.2242965698,27382,27394,12
13.0290803909,80.2242584229,27394,27403,9
13.029009819,80.2242279053,27403,27414,11
13.0289201736,80.2241821289,27414,27424,10
13.0287704468,80.2240982056,27424,27435,11
13.0284795761,80.2242584229,27435,27445,10
13.0283498764,80.2249298096,27445,27455,10
13.0281600952,80.2257766724,27455,27465,10
13.0280199051,80.2265014648,27465,27474,9
13.027970314,80.2268829346,27474,27485,11
13.0281200409,80.2270584106,27485,27495,10
13.0285797119,80.2271728516,27495,27505,10
13.0292396545,80.2272720337,27505,27515,10
13.0299301147,80.2273788452,27515,27526,11
13.0304403305,80.2275390625,27526,27536,10
13.0304298401,80.227897644,27536,27546,10
13.0304002762,80.228187561,27546,27556,10
13.030380249,80.2283172607,27556,27566,10
13.0303401947,80.2287826538,27566,27576,10
13.0303697586,80.2294082642,27576,27586,10
13.0306196213,80.2301101685,27586,27596,10
13.0307197571,80.2304916382,27596,27606,10
13.0306997299,80.2307434082,27606,27616,10
13.0303096771,80.2307891846,27616,27626,10
13.0298204422,80.2308502197,27626,27637,11
13.0297698975,80.2308578491,27637,27647,10
13.029540062,80.2308731079,27647,27657,10
13.0291404724,80.2309188843,27657,27667,10
13.028550148,80.2309799194,27667,27677,10
13.0278997421,80.2310333252,27677,27687,10
13.0276603699,80.2311477661,27687,27697,10
13.0277004242,80.2315826416,27697,27707,10
13.0277500153,80.2320785522,27707,27717,10
13.027879715,80.2326812744,27717,27727,10
13.0274400711,80.2328796387,27727,27737,10
13.0269498825,80.232963562,27737,27748,11
13.0267295837,80.2330322266,27748,27758,10
13.0264596939,80.2329788208,27758,27768,10
13.026260376,80.2324829102,27768,27778,10
13.026049614,80.2317428589,27778,27788,10
13.0258197784,80.2308731079,27788,27798,10
13.0253696442,80.2300415039,27798,27808,10
13.0249004364,80.2294387817,27808,27818,10
13.0245504379,80.2289962769,27818,27828,10
13.0241804123,80.2285308838,27828,27838,10
13.0239801407,80.228302002,27838,27848,10
13.0239601135,80.2282867432,27848,27859,11
13.0238599777,80.2281799316,27859,27869,10
13.0236597061,80.2279434204,27869,27879,10
13.0233697891,80.2276382446,27879,27889,10
13.0229597092,80.2272567749,27889,27899,10
13.0224199295,80.2267837524,27899,27909,10
13.0218400955,80.2262802124,27909,27919,10
13.0214195251,80.2259292603,27919,27929,10
13.0210399628,80.2256317139,27929,27939,10
13.0205698013,80.2252731323,27939,27949,10
13.0201797485,80.2250137329,27949,27959,10
13.020070076,80.2249526978,27959,27970,11
13.0200595856,80.2249298096,27970,27980,10
13.0197496414,80.2247390747,27980,27990,10
13.0191497803,80.2245407104,27990,28000,10
13.0183401108,80.2247390747,28000,28010,10
13.0174198151,80.225112915,28010,28020,10
13.0167102814,80.225402832,28020,28030,10
13.0164804459,80.2254867554,28030,28040,10
13.016169548,80.2256011963,28040,28050,10
13.0157499313,80.225730896,28050,28060,10
13.0151596069,80.2259674072,28060,28070,10
13.0145702362,80.2261886597,28070,28081,11
13.0141801834,80.2263793945,28081,28091,10
13.014169693,80.2263793945,28091,28107,16
13.0137395859,80.2265014648,28107,28119,12
13.0133104324,80.2266693115,28119,28129,10
13.0128202438,80.2268829346,28129,28139,10
13.0120697021,80.2271728516,28139,28149,10
13.0112895966,80.2274780273,28149,28159,10
13.0103797913,80.2278594971,28159,28169,10
13.0095796585,80.2282028198,28169,28179,10
13.0091495514,80.228729248,28179,28190,11
13.0089597702,80.2296066284,28190,28200,10
13.0087604523,80.2306213379,28200,28210,10
13.0085601807,80.2316970825,28210,28220,10
13.0083703995,80.232711792,28220,28230,10
13.0082197189,80.2337265015,28230,28249,19
13.0082197189,80.2337265015,28249,28260,11
13.0081195831,80.2340774536,28260,28270,10
13.0080404282,80.2345809937,28270,28280,10
13.0078897476,80.2352981567,28280,28290,10
13.0077104568,80.2361907959,28290,28301,11
13.0074996948,80.2372436523,28301,28311,10
13.0073299408,80.2381591797,28311,28321,10
13.0071897507,80.238899231,28321,28331,10
13.0070400238,80.2396316528,28331,28341,10
13.0069799423,80.2399597168,28341,28351,10
13.0068998337,80.2406692505,28351,28371,20
13.0068998337,80.2406692505,28371,28381,10
13.0068397522,80.241027832,28381,28391,10
13.006770134,80.2416229248,28391,28401,10
13.0067501068,80.2423400879,28401,28412,11
13.0067195892,80.2431716919,28412,28440,28
13.0067195892,80.2431716919,28440,28450,10
13.0066995621,80.2435531616,28450,28490,40
13.0066995621,80.2435531616,28490,28500,10
13.0067195892,80.2437820435,28500,28511,11
13.0067100525,80.2440567017,28511,28521,10
13.0067300797,80.2444992065,28521,28531,10
13.0067300797,80.2449264526,28531,28541,10
13.0067300797,80.2453231812,28541,28551,10
13.0067396164,80.24584198,28551,28561,10
13.0067501068,80.246421814,28561,28571,10
13.006770134,80.2471084595,28571,28581,10
13.0067501068,80.2478179932,28581,28591,10
13.0067996979,80.2486495972,28591,28601,10
13.0068902969,80.2494125366,28601,28611,10
13.0068998337,80.24949646,28611,28622,11
13.0069198608,80.2495269775,28622,28632,10
13.0068998337,80.2498779297,28632,28642,10
13.0068798065,80.2505187988,28642,28652,10
13.0068798065,80.2513275146,28652,28662,10
13.0066604614,80.2522201538,28662,28672,10
13.0065803528,80.2532272339,28672,28682,10
13.0066099167,80.2543106079,28682,28692,10
13.0066604614,80.2551193237,28692,28702,10
13.0066699982,80.2552032471,28702,28712,10
13.0066604614,80.2555618286,28712,28722,10
13.0066604614,80.2562484741,28722,28733,11
13.0066795349,80.256980896,28733,28743,10
13.0066604614,80.2575378418,28743,28753,10
13.0062799454,80.257522583,28753,28763,10
13.0057201385,80.2574081421,28763,28772,9
13.0052204132,80.2572631836,28772,28783,11
13.004529953,80.2571334839,28783,28793,10
13.0036697388,80.2569580078,28793,28803,10
13.0030097961,80.2568283081,28803,28813,10
13.0028095245,80.2567977905,28813,28823,10
13.0024900436,80.256729126,28823,28833,10
13.0020999908,80.2566833496,28833,28844,11
13.0016403198,80.2566070557,28844,28854,10
13.0010700226,80.2565307617,28854,28864,10
13.0003700256,80.2564315796,28864,28874,10
12.9998903275,80.256362915,28874,28884,10
12.999879837,80.2563476563,28884,28894,10
12.9995603561,80.2562789917,28894,28904,10
12.9992198944,80.256187439,28904,28914,10
12.9988203049,80.256111145,28914,28924,10
12.9983501434,80.2560501099,28924,28934,10
12.9978399277,80.2560272217,28934,28955,21
12.9978399277,80.2560272217,28955,28965,10
12.997710228,80.2560577393,28965,28975,10
12.9970197678,80.2560272217,28975,28995,20
12.9970197678,80.2560272217,28995,29005,10
12.9969396591,80.2562103271,29005,29015,10
12.9969100952,80.2566223145,29015,29025,10
12.9968700409,80.257019043,29025,29035,10
12.9968795776,80.2571105957,29035,29045,10
12.9968299866,80.2575073242,29045,29055,10
12.9967603683,80.2581787109,29055,29066,11
12.9966802597,80.2590408325,29066,29076,10
12.9965896606,80.2596282959,29076,29086,10
12.996509552,80.2603302002,29086,29096,10
12.996430397,80.2611236572,29096,29105,9
12.9963598251,80.2617797852,29105,29116,11
12.9962902069,80.2623062134,29116,29126,10
12.9962797165,80.2623519897,29126,29136,10
12.996219635,80.2626876831,29136,29146,10
12.9961795807,80.2632293701,29146,29156,10
12.9961204529,80.2638702393,29156,29166,10
12.9960403442,80.2646179199,29166,29177,11
12.9959096909,80.2656402588,29177,29187,10
12.9958000183,80.2666625977,29187,29197,10
12.9957399368,80.2675628662,29197,29207,10
12.9960899353,80.2677078247,29207,29217,10
12.9961004257,80.2677230835,29217,29227,10
12.9962797165,80.2677230835,29227,29237,10
12.9967403412,80.2677536011,29237,29247,10
12.997420311,80.2675933838,29247,29257,10
12.9982299805,80.2673416138,29257,29267,10
12.9990901947,80.2670974731,29267,29277,10
12.9998998642,80.2668228149,29277,29288,11
13.000120163,80.2666091919,29288,29298,10
13.0001602173,80.2664718628,29298,29308,10
13.0002298355,80.2660293579,29308,29318,10
13.0003795624,80.2657012939,29318,29328,10
13.0003204346,80.2659683228,29328,29358,30
13.0003204346,80.2659683228,29358,29368,10
13.000289917,80.2662582397,29368,30953,1585
13.000289917,80.2662582397,30953,30963,10
13.0002603531,80.2664108276,30963,30973,10
13.0002202988,80.2665634155,30973,30983,10
13.0001497269,80.2668075562,30983,30993,10
12.9998197556,80.266998291,30993,31003,10
12.9992103577,80.2671432495,31003,31013,10
12.998459816,80.2673416138,31013,31023,10
12.997710228,80.2675476074,31023,31033,10
12.9968299866,80.2677764893,31033,31044,11
12.9959602356,80.2677536011,31044,31054,10
12.9956703186,80.2675704956,31054,31064,10
12.9956703186,80.2674026489,31064,31074,10
12.9956598282,80.2673187256,31074,31084,10
12.9956998825,80.2671432495,31084,31094,10
12.9957399368,80.2667007446,31094,31104,10
12.9958095551,80.265953064,31104,31114,10
12.995929718,80.265007019,31114,31124,10
12.9960603714,80.2639389038,31124,31134,10
12.9961595535,80.2630691528,31134,31145,11
12.9962100983,80.262550354,31145,31155,10
12.9962100983,80.2625274658,31155,31165,10
12.996219635,80.2623214722,31165,31175,10
12.9962701797,80.2618789673,31175,31185,10
12.9962797165,80.2617874146,31185,31195,10
12.9963302612,80.261428833,31195,31205,10
12.9964199066,80.2606887817,31205,31215,10
12.996509552,80.2598571777,31215,31225,10
12.9965896606,80.2589797974,31225,31235,10
12.9966602325,80.2582397461,31235,31245,10
12.9967699051,80.2573394775,31245,31256,11
12.9968004227,80.2565765381,31256,31316,60
12.9968004227,80.2565765381,31316,31326,10
12.9968299866,80.2562637329,31326,31336,10
12.996919632,80.2559204102,31336,31346,10
12.9973201752,80.2558670044,31346,31356,10
12.998000145,80.2559204102,31356,31367,11
12.9985904694,80.2559890747,31367,31387,20
12.9985904694,80.2559890747,31387,31397,10
12.9989404678,80.2560882568,31397,31407,10
12.9995002747,80.2561569214,31407,31417,10
13.0001001358,80.2562637329,31417,31427,10
13.0008497238,80.2563781738,31427,31437,10
13.0015802383,80.2565078735,31437,31447,10
13.0022201538,80.2565994263,31447,31457,10
13.002699852,80.2566986084,31457,31467,10
13.0033102036,80.2568206787,31467,31478,11
13.0040597916,80.2569580078,31478,31488,10
13.0047903061,80.2570800781,31488,31498,10
13.0053100586,80.2571792603,31498,31508,10
13.0057296753,80.257270813,31508,31518,10
13.0063695908,80.2573699951,31518,31528,10
13.006529808,80.2569580078,31528,31538,10
13.006480217,80.2563095093,31538,31548,10
13.0064897537,80.255317688,31548,31558,10
13.0064897537,80.2542724609,31558,31567,9
13.0064897537,80.2536010742,31567,31578,11
13.0064697266,80.2534408569,31578,31589,11
13.0064601898,80.2533416748,31589,31599,10
13.0064897537,80.2529983521,31599,31609,10
13.0065202713,80.2525024414,31609,31619,10
13.0065803528,80.2521133423,31619,31679,60
13.0065803528,80.2521133423,31679,31689,10
13.0065803528,80.2519226074,31689,31700,11
13.0066795349,80.251411438,31700,31710,10
13.0067195892,80.2508392334,31710,31720,10
13.0067396164,80.2504272461,31720,31730,10
13.0067300797,80.2504196167,31730,31740,10
13.0067596436,80.2502288818,31740,31750,10
13.0067396164,80.249671936,31750,31811,61
13.0067396164,80.249671936,31811,31821,10
13.0067300797,80.2492980957,31821,31831,10
13.0067396164,80.2492980957,31831,31841,10
13.0067195892,80.2490615845,31841,31851,10
13.0066795349,80.2485275269,31851,31861,10
13.0066299438,80.2477874756,31861,31871,10
13.0066404343,80.2471466064,31871,31881,10
13.0065603256,80.246711731,31881,31891,10
13.0065603256,80.2466506958,31891,31901,10
13.0065498352,80.2465667725,31901,31911,10
13.0066003799,80.2462081909,31911,31922,11
13.0066003799,80.2455978394,31922,31932,10
13.0065803528,80.2452316284,31932,31942,10
13.0065698624,80.2449188232,31942,31952,10
13.0065803528,80.2446365356,31952,31962,10
13.0065603256,80.2443389893,31962,31972,10
13.0065498352,80.2440567017,31972,31982,10
13.0065603256,80.2437820435,31982,31992,10
13.0065603256,80.2435379028,31992,32002,10
13.0065498352,80.2431182861,32002,32012,10
13.0065402985,80.2425231934,32012,32023,11
13.0065498352,80.2416915894,32023,32033,10
13.0066404343,80.241027832,32033,32043,10
13.0066604614,80.2408599854,32043,32053,10
13.0066604614,80.2406387329,32053,32063,10
13.0067596436,80.2401504517,32063,32073,10
13.0069198608,80.2395095825,32073,32083,10
13.0070800781,80.2386703491,32083,32093,10
13.0072402954,80.2378311157,32093,32103,10
13.0073604584,80.237197876,32103,32119,16
13.0073795319,80.2369995117,32119,32131,12
13.0073795319,80.2369003296,32131,32142,11
13.0074100494,80.2367477417,32142,32152,10
13.0074996948,80.2365112305,32152,32162,10
13.0076198578,80.2360610962,32162,32172,10
13.0077600479,80.2354125977,32172,32182,10
13.0078897476,80.2347793579,32182,32192,10
13.0080404282,80.2339782715,32192,32201,9
13.0082302094,80.233001709,32201,32211,10
13.0084295273,80.2319717407,32211,32222,11
13.008649826,80.2308578491,32222,32231,9
13.0088396072,80.229927063,32231,32243,12
13.0090799332,80.2286987305,32243,32253,10
13.0094003677,80.2276992798,32253,32263,10
13.0098495483,80.2267074585,32263,32273,10
13.0103302002,80.2257614136,32273,32283,10
13.0106401443,80.2251663208,32283,32293,10
13.0106801987,80.2250823975,32293,32303,10
13.0107603073,80.2248382568,32303,32313,10
13.0109596252,80.2243499756,32313,32323,10
13.0113401413,80.2233581543,32323,32354,31
13.0113401413,80.2233581543,32354,32364,10
13.0114803314,80.2230606079,32364,32374,10
13.011639595,80.222618103,32374,32384,10
13.0118503571,80.2219009399,32384,32394,10
13.0121603012,80.2213897705,32394,32404,10
13.0123500824,80.2214736938,32404,32414,10
13.0125799179,80.2218322754,32414,32424,10
13.0130796432,80.2223587036,32424,32434,10
13.0135498047,80.2229003906,32434,32444,10
13.0140199661,80.2233200073,32444,32454,10
13.0142698288,80.2235717773,32454,32465,11
13.0145101547,80.2238388062,32465,32475,10
13.0148696899,80.2243728638,32475,32485,10
13.0153102875,80.2248535156,32485,32495,10
13.0156202316,80.2250823975,32495,32505,10
13.0156202316,80.2250900269,32505,32515,10
13.0158996582,80.2252426147,32515,32525,10
13.016409874,80.2253036499,32525,32535,10
13.0171003342,80.2250823975,32535,32545,10
13.0179195404,80.2247390747,32545,32555,10
13.0186796188,80.2244415283,32555,32565,10
13.019370079,80.2242889404,32565,32586,21
13.019370079,80.2242889404,32586,32596,10
13.0194797516,80.2243499756,32596,32606,10
13.0195798874,80.2244110107,32606,32616,10
13.0198802948,80.2246398926,32616,32626,10
13.0203304291,80.2249603271,32626,32636,10
13.0208997726,80.2253723145,32636,32646,10
13.0214595795,80.2258224487,32646,32656,10
13.022069931,80.226272583,32656,32666,10
13.0227298737,80.2268218994,32666,32676,10
13.0232200623,80.2272567749,32676,32687,11
13.0235795975,80.2276229858,32687,32697,10
13.0239095688,80.2278823853,32697,32707,10
13.0240001678,80.2279815674,32707,32717,10
13.0240802765,80.2280807495,32717,32727,10
13.0242004395,80.2282485962,32727,32737,10
13.0243396759,80.2284393311,32737,32747,10
13.024479866,80.2286376953,32747,32757,10
13.0245103836,80.2286911011,32757,32767,10
13.0247001648,80.2289428711,32767,32777,10
13.024939537,80.2293014526,32777,32787,10
13.025349617,80.2298126221,32787,32798,11
13.0257196426,80.2303390503,32798,32808,10
13.0258598328,80.2305984497,32808,32818,10
13.0259799957,80.2309417725,32818,32828,10
13.02602005,80.2312011719,32828,32838,10
13.0262298584,80.231338501,32838,32848,10
13.0268096924,80.2311706543,32848,32858,10
13.0275602341,80.2309799194,32858,32868,10
13.0283203125,80.2309112549,32868,32878,10
13.0285997391,80.2308807373,32878,32888,10
13.0286998749,80.2308807373,32888,32898,10
13.0291004181,80.2308273315,32898,32909,11
13.0295600891,80.2307815552,32909,32919,10
13.0300998688,80.23072052,32919,32929,10
13.0306997299,80.2306213379,32929,32949,20
13.0306997299,80.2306213379,32949,32959,10
13.030670166,80.2302932739,32959,32969,10
13.0305404663,80.2298812866,32969,32979,10
13.0303201675,80.2293624878,32979,32989,10
13.0303001404,80.2289581299,32989,32999,10
13.0303401947,80.2284469604,32999,33010,11
13.0303401947,80.2283706665,33010,33020,10
13.030380249,80.2281417847,33020,33030,10
13.030380249,80.2280807495,33030,33040,10
13.030380249,80.2278900146,33040,33050,10
13.0304098129,80.2276763916,33050,33060,10
13.0302200317,80.2275085449,33060,33070,10
13.0296697617,80.2273864746,33070,33080,10
13.0289697647,80.2272567749,33080,33090,10
13.0284404755,80.2271499634,33090,33100,10
13.0282802582,80.2271194458,33100,33110,10
13.0280504227,80.2270584106,33110,33121,11
13.0279197693,80.2268600464,33121,33131,10
13.0279998779,80.2263565063,33131,33141,10
13.0281496048,80.2257232666,33141,33151,10
13.0283002853,80.2249679565,33151,33161,10
13.028459549,80.2242126465,33161,33171,10
13.028719902,80.2239990234,33171,33172,1
13.0287399292,80.2239990234,33172,33173,1
13.0287704468,80.2239990234,33173,33219,46
13.0298204422,80.2242736816,33219,33229,10
13.0304002762,80.2242889404,33229,33240,11
13.0310297012,80.224281311,33240,33250,10
13.0311603546,80.2240829468,33250,33260,10
13.0311203003,80.2237625122,33260,33270,10
13.0311203003,80.2235412598,33270,33280,10
13.0311498642,80.2232131958,33280,33290,10
13.0311803818,80.2231063843,33290,33300,10
13.0311899185,80.2227783203,33300,33310,10
13.0314598083,80.2223815918,33310,33319,9
13.03166008,80.2219619751,33319,33330,11
13.0319404602,80.2213668823,33330,33340,10
13.0320997238,80.220741272,33340,33351,11
13.0321397781,80.2200698853,33351,33361,10
13.0321798325,80.2197418213,33361,33371,10
13.0321903229,80.2197265625,33371,33381,10
13.0322303772,80.2195205688,33381,33391,10
13.0322303772,80.2192230225,33391,33401,10
13.03221035,80.218711853,33401,33411,10
13.0318403244,80.2184829712,33411,33421,10
13.0314998627,80.2180862427,33421,33431,10
13.0314397812,80.217376709,33431,33449,18
13.03125,80.217010498,33449,33462,13
13.03083992,80.2170181274,33462,33472,10
13.0305204391,80.2168884277,33472,33480,8
13.0304899216,80.2166824341,33480,33492,12
13.0304698944,80.2164764404,33492,33502,10
13.0304203033,80.2161331177,33502,33512,10
13.0303497314,80.2156219482,33512,33522,10
13.0303201675,80.2150878906,33522,33532,10
13.0303201675,80.2147216797,33532,33542,10
13.0303297043,80.2145996094,33542,33552,10
13.0303602219,80.2145004272,33552,33561,9
13.030380249,80.2141876221,33561,33573,12
13.0304498672,80.2137069702,33573,33583,10
13.0304899216,80.2135009766,33583,33593,10
13.0305595398,80.2131729126,33593,33603,10
13.0306301117,80.2126235962,33603,33613,10
13.0307598114,80.2119598389,33613,33623,10
13.030790329,80.2116165161,33623,33633,10
13.0308198929,80.2112884521,33633,33643,10
13.03083992,80.2110519409,33643,33653,10
13.0309000015,80.2106628418,33653,33663,10
13.0309801102,80.2102279663,33663,33673,10
13.0309095383,80.210067749,33673,33684,11
13.0306596756,80.2099609375,33684,33694,10
13.0302000046,80.2098007202,33694,33704,10
13.0300703049,80.209487915,33704,33714,10
13.0301303864,80.2092590332,33714,33724,10
13.0301504135,80.2091674805,33724,33734,10
13.0303096771,80.2090301514,33734,33744,10
13.03083992,80.2091674805,33744,33754,10
13.0314798355,80.2093429565,33754,33764,10
13.0316095352,80.2093887329,33764,33774,10
13.0317401886,80.2094573975,33774,33784,10
13.0321598053,80.2095794678,33784,33795,11
13.0328798294,80.2096786499,33795,33805,10
13.0336103439,80.2098083496,33805,33815,10
13.0344295502,80.2099304199,33815,33825,10
13.0350704193,80.2099227905,33825,33835,10
13.0351800919,80.2094421387,33835,33845,10
13.0352497101,80.2086334229,33845,33865,20
13.0352497101,80.2086334229,33865,33875,10
13.0352602005,80.208366394,33875,33885,10
13.0353498459,80.2079086304,33885,33901,16
13.0355300903,80.206703186,33901,33914,13
13.0354995728,80.2060012817,33914,33924,10
13.0354995728,80.2057418823,33924,33934,10
13.0355195999,80.2055435181,33934,33944,10
13.0355300903,80.2053375244,33944,33954,10
13.0357503891,80.2051620483,33954,33964,10
13.0358400345,80.2047271729,33964,33973,9
13.035900116,80.2043533325,33973,33984,11
13.0359601974,80.2038421631,33984,33993,9
13.0360403061,80.2033004761,33993,34003,10
13.0361099243,80.2026367188,34003,34015,12
13.0362300873,80.2018814087,34015,34025,10
13.0362701416,80.2015609741,34025,34035,10
13.0362796783,80.2015228271,34035,34045,10
13.0363302231,80.2012176514,34045,34055,10
13.0363798141,80.2006988525,34055,34065,10
13.0364904404,80.1999816895,34065,34075,10
13.0365896225,80.1991729736,34075,34085,10
13.0366601944,80.1985015869,34085,34095,10
13.0367002487,80.1984100342,34095,34105,10
13.0368003845,80.1981201172,34105,34115,10
13.036860466,80.1976623535,34115,34126,11
13.0369796753,80.196937561,34126,34142,16
13.0370397568,80.1963806152,34142,34154,12
13.0370903015,80.196182251,34154,34164,10
13.0371198654,80.1958084106,34164,34174,10
13.0371904373,80.1952896118,34174,34184,10
13.0373001099,80.1945724487,34184,34194,10
13.0374002457,80.1938171387,34194,34204,10
13.0375204086,80.1929473877,34204,34214,10
13.0378799438,80.1927108765,34214,34235,21
13.0378799438,80.1927108765,34235,34245,10
13.0381002426,80.1927337646,34245,34255,10
13.0387096405,80.1928329468,34255,34275,20
13.0387096405,80.1928329468,34275,34285,10
13.0390796661,80.1928787231,34285,34295,10
13.0395698547,80.1929626465,34295,34305,10
13.0402202606,80.193069458,34305,34315,10
13.0409002304,80.1931762695,34315,34325,10
13.0415897369,80.1932907104,34325,34335,10
13.0418100357,80.1934204102,34335,34346,11
13.0417995453,80.1938705444,34346,34356,10
13.0417900085,80.1939468384,34356,34366,10
13.0417900085,80.1940765381,34366,34376,10
13.0417404175,80.1945037842,34376,34386,10
13.0416603088,80.1950683594,34386,34396,10
13.0415296555,80.1957931519,34396,34406,10
13.0414600372,80.1963500977,34406,34416,10
13.0414400101,80.1967391968,34416,34426,10
13.0414400101,80.196762085,34426,34436,10
13.041390419,80.196937561,34436,34446,10
13.0413103104,80.1974182129,34446,34457,11
13.0411996841,80.1981201172,34457,34467,10
13.0411300659,80.1987686157,34467,34477,10
13.0410499573,80.1992492676,34477,34487,10
13.0410404205,80.1993179321,34487,34497,10
13.0410299301,80.1996231079,34497,34507,10
13.0409498215,80.2001266479,34507,34517,10
13.0409002304,80.2006225586,34517,34527,10
13.0408000946,80.2012786865,34527,34537,10
13.0406599045,80.2018890381,34537,34547,10
13.0406398773,80.2021789551,34547,34557,10
13.0405702591,80.2026824951,34557,34568,11
13.0404396057,80.2034683228,34568,34578,10
13.0403404236,80.2041778564,34578,34588,10
13.0402803421,80.2047729492,34588,34598,10
13.0403499603,80.205039978,34598,34608,10
13.0408096313,80.2051010132,34608,34618,10
13.0412597656,80.2051620483,34618,34628,10
13.0412902832,80.2051696777,34628,34638,10
13.0415000916,80.2051925659,34638,34648,10
13.0419197083,80.2052307129,34648,34658,10
13.0425300598,80.2053222656,34658,34668,10
13.042889595,80.2056427002,34668,34679,11
13.0432796478,80.2062911987,34679,34689,10
13.0436897278,80.2069091797,34689,34699,10
13.0440797806,80.2075576782,34699,34709,10
13.0441904068,80.2082214355,34709,34719,10
13.0442304611,80.2088165283,34719,34729,10
13.0442304611,80.2089691162,34729,34739,10
13.0442399979,80.2092132568,34739,34749,10
13.0442495346,80.2096328735,34749,34759,10
13.0442895889,80.2103805542,34759,34769,10
13.0443096161,80.2112579346,34769,34779,10
13.0443601608,80.212059021,34779,34790,11
13.0447397232,80.2122268677,34790,34800,10
13.0453596115,80.2121887207,34800,34810,10
13.0461101532,80.2121582031,34810,34820,10
13.0468597412,80.2121200562,34820,34830,10
13.0470600128,80.2117996216,34830,34850,20
13.0470600128,80.2117996216,34850,34860,10
13.0470104218,80.2117080688,34860,34870,10
13.0470199585,80.2113189697,34870,34880,10
13.0469903946,80.2108535767,34880,34890,10
13.0474395752,80.2107391357,34890,34901,11
13.047949791,80.2107620239,34901,34911,10
13.0484800339,80.2107772827,34911,34921,10
13.0489997864,80.2107925415,34921,34931,10
13.0494604111,80.2108078003,34931,34947,16
13.0496997833,80.2104187012,34947,34959,12
13.0496101379,80.2097015381,34959,34967,8
13.0495595932,80.2091064453,34967,34977,10
13.0494403839,80.2084884644,34977,34989,12
13.0491504669,80.2078094482,34989,35002,13
13.0489301682,80.2071990967,35002,35023,21
13.0489301682,80.2071990967,35023,35033,10
13.0489501953,80.207069397,35033,35043,10
13.0489797592,80.2068710327,35043,35053,10
13.0493402481,80.2069396973,35053,35441,388
13.0492296219,80.2071990967,35441,35522,81
13.0491600037,80.2073669434,35522,35542,20
13.0491600037,80.2073669434,35542,35552,10
13.0491600037,80.2077636719,35552,35563,11
13.0492696762,80.2080764771,35563,35573,10
13.0493898392,80.2085266113,35573,35583,10
13.0495100021,80.2089385986,35583,35593,10
13.0496301651,80.2095489502,35593,35603,10
13.0497198105,80.2102203369,35603,35613,10
13.0497903824,80.2107696533,35613,35623,10
13.0498504639,80.2113037109,35623,35633,10
13.0498895645,80.2117996216,35633,35643,10
13.0499095917,80.2120819092,35643,35653,10
13.0497703552,80.2121734619,35653,35663,10
13.0494203568,80.2121582031,35663,35684,21
13.0494203568,80.2121582031,35684,35694,10
13.049200058,80.2121429443,35694,35704,10
13.0487604141,80.2121582031,35704,35714,10
13.048119545,80.2122192383,35714,35724,10
13.0473403931,80.2122573853,35724,35734,10
13.0464096069,80.2123031616,35734,35744,10
13.0455503464,80.2123184204,35744,35754,10
13.0451202393,80.2123336792,35754,35795,41
13.0451202393,80.2123336792,35795,35805,10
13.0448303223,80.2123565674,35805,35815,10
13.0445299149,80.2123794556,35815,35825,10
13.0442199707,80.2120819092,35825,35835,10
13.0441904068,80.2113723755,35835,35845,10
13.0441799164,80.2105636597,35845,35855,10
13.0441703796,80.2096862793,35855,35865,10
13.0441303253,80.2091827393,35865,35875,10
13.0440998077,80.2088470459,35875,35885,10
13.044090271,80.2088317871,35885,35896,11
13.0440702438,80.2084732056,35896,35906,10
13.0440597534,80.2079620361,35906,35916,10
13.0438804626,80.2073669434,35916,35926,10
13.0435304642,80.2068328857,35926,35936,10
13.0430698395,80.2061767578,35936,35946,10
13.0425701141,80.2055664063,35946,35956,10
13.0419597626,80.2053222656,35956,35966,10
13.0413198471,80.2052230835,35966,35976,10
13.0408201218,80.2051391602,35976,35986,10
13.0408000946,80.2051391602,35986,35996,10
13.0406599045,80.2051086426,35996,36007,11
13.0402898788,80.205078125,36007,36017,10
13.0397796631,80.2050018311,36017,36033,16
13.0389099121,80.2048416138,36033,36045,12
13.0382795334,80.2047424316,36045,36055,10
13.0381603241,80.2045822144,36055,36064,9
13.0382204056,80.2040786743,36064,36075,11
13.0382699966,80.2034988403,36075,36086,11
13.0383796692,80.2027816772,36086,36096,10
13.0384597778,80.2022476196,36096,36106,10
13.0385198593,80.2018890381,36106,36117,11
13.038599968,80.2015380859,36117,36127,10
13.0386695862,80.2010421753,36127,36137,10
13.0387401581,80.2006378174,36137,36146,9
13.038769722,80.2002487183,36146,36157,11
13.0388402939,80.199760437,36157,36167,10
13.0389003754,80.1992874146,36167,36187,20
13.0389003754,80.1992874146,36187,36197,10
13.0389299393,80.1989822388,36197,36207,10
13.0389995575,80.1985931396,36207,36217,10
13.0390901566,80.1980209351,36217,36228,11
13.0391902924,80.1975021362,36228,36237,9
13.0392398834,80.1969528198,36237,36258,21
13.0392398834,80.1969528198,36258,36268,10
13.0392799377,80.1966705322,36268,36278,10
13.0393199921,80.1964187622,36278,36288,10
13.0393695831,80.1960372925,36288,36298,10
13.0394601822,80.1954498291,36298,36308,10
13.0395803452,80.1947402954,36308,36318,10
13.0396900177,80.1939163208,36318,36328,10
13.0397701263,80.1931686401,36328,36349,21
13.0397701263,80.1931686401,36349,36359,10
13.0395202637,80.1930236816,36359,36369,10
13.0392599106,80.1929702759,36369,36379,10
13.0386199951,80.1928482056,36379,36399,20
13.0386199951,80.1928482056,36399,36409,10
13.0384998322,80.1929016113,36409,36419,10
13.0382099152,80.1928329468,36419,36429,10
13.0381698608,80.192817688,36429,36439,10
13.0381002426,80.1928405762,36439,36450,11
13.0378303528,80.1928710938,36450,36460,10
13.0376300812,80.1931991577,36460,36470,10
13.0375404358,80.193862915,36470,36480,10
13.0374202728,80.1945877075,36480,36490,10
13.0372896194,80.1954193115,36490,36500,10
13.0372400284,80.1958694458,36500,36510,10
13.0372400284,80.1959991455,36510,36520,10
13.0372200012,80.1961364746,36520,36530,10
13.0371704102,80.1964187622,36530,36540,10
13.0370798111,80.1969299316,36540,36550,10
13.0369901657,80.1975631714,36550,36561,11
13.036939621,80.1978988647,36561,36571,10
13.036860466,80.1985168457,36571,36591,20
13.036860466,80.1985168457,36591,36601,10
13.0368404388,80.1987228394,36601,36611,10
13.0367803574,80.1990966797,36611,36621,10
13.0366802216,80.1996383667,36621,36631,10
13.0365800858,80.2003173828,36631,36641,10
13.03647995,80.2009506226,36641,36651,10
13.0364704132,80.2011795044,36651,36662,11
13.0364398956,80.2013931274,36662,36672,10
13.0363998413,80.201789856,36672,36692,20
13.0363998413,80.201789856,36692,36702,10
13.036359787,80.2019729614,36702,36712,10
13.0362997055,80.202293396,36712,36722,10
13.0362195969,80.2028121948,36722,36732,10
13.0361299515,80.2034225464,36732,36742,10
13.0360603333,80.2040176392,36742,36752,10
13.0360002518,80.2044677734,36752,36762,10
13.0359201431,80.2049484253,36762,36773,11
13.0358200073,80.2056427002,36773,36783,10
13.0358104706,80.2058105469,36783,36793,10
13.0357999802,80.2059020996,36793,36803,10
13.0357303619,80.2062606812,36803,36813,10
13.03565979,80.2068328857,36813,36823,10
13.0355501175,80.2075576782,36823,36833,10
13.0354604721,80.2081985474,36833,36843,10
13.0354299545,80.2084121704,36843,36863,20
13.0354299545,80.2084121704,36863,36873,10
13.035369873,80.2085418701,36873,36884,11
13.035320282,80.2089691162,36884,36894,10
13.0352401733,80.2096176147,36894,36904,10
13.0351600647,80.2102127075,36904,36914,10
13.0349998474,80.2107009888,36914,36924,10
13.0348701477,80.2113800049,36924,36934,10
13.0347299576,80.2120285034,36934,36944,10
13.0342702866,80.212059021,36944,36954,10
13.0336999893,80.2119903564,36954,36964,10
13.0329999924,80.2119293213,36964,36974,10
13.0325202942,80.2118911743,36974,36984,10
13.032500267,80.2118911743,36984,36995,11
13.0323600769,80.2118682861,36995,37005,10
13.0319900513,80.2117462158,37005,37015,10
13.0319004059,80.2113571167,37015,37025,10
13.0319900513,80.2107772827,37025,37035,10
13.0320901871,80.2100982666,37035,37045,10
13.0320100784,80.2096710205,37045,37055,10
13.031539917,80.2095336914,37055,37071,16
13.0303602219,80.2092208862,37071,37114,43
13.0303602219,80.2092208862,37114,37123,9
13.0301399231,80.2091598511,37123,37133,10
13.0300397873,80.2095794678,37133,37153,20
13.0300397873,80.2095794678,37153,37164,11
13.0300102234,80.2097473145,37164,37174,10
13.0302600861,80.2098388672,37174,37184,10
13.0307197571,80.2099533081,37184,37194,10
13.0309495926,80.2100372314,37194,37204,10
13.0309801102,80.2102584839,37204,37215,11
13.0309200287,80.2107315063,37215,37225,10
13.0308904648,80.2110519409,37225,37235,10
13.03083992,80.2113800049,37235,37245,10
13.0307998657,80.2116928101,37245,37255,10
13.0307397842,80.2120819092,37255,37265,10
13.0306797028,80.2126464844,37265,37275,10
13.0305900574,80.2132415771,37275,37285,10
13.0305500031,80.2135772705,37285,37295,10
13.0305099487,80.2138519287,37295,37305,10
13.0304403305,80.2143173218,37305,37315,10
13.0303897858,80.2147293091,37315,37326,11
13.030380249,80.2147521973,37326,37336,10
13.030380249,80.2151184082,37336,37346,10
13.0303897858,80.2156066895,37346,37356,10
13.0304203033,80.216178894,37356,37366,10
13.0307703018,80.2168884277,37366,37386,20
13.0307703018,80.2168884277,37386,37396,10
13.0310001373,80.2169418335,37396,37406,10
13.0313901901,80.2169570923,37406,37416,10
13.0314998627,80.2173233032,37416,37426,10
13.0315504074,80.2179107666,37426,37437,11
13.0319499969,80.2183837891,37437,37447,10
13.0322504044,80.2187194824,37447,37457,10
13.0322599411,80.2193374634,37457,37467,10
13.0322704315,80.2200012207,37467,37477,10
13.0322504044,80.2203826904,37477,37487,10
13.0322399139,80.2203903198,37487,37497,10
13.0321598053,80.2206192017,37497,37507,10
13.0320396423,80.2210693359,37507,37517,10
13.0319004059,80.2215881348,37517,37527,10
13.0316696167,80.2220916748,37527,37537,10
13.0314397812,80.2225494385,37537,37548,11
13.0312404633,80.2231216431,37548,37558,10
13.0311899185,80.2238616943,37558,37578,20
13.0311899185,80.2238616943,37578,37588,10
13.0311803818,80.2239379883,37588,37598,10
13.0311603546,80.2242279053,37598,37608,10
13.0308704376,80.2242889404,37608,37618,10
13.0303602219,80.224281311,37618,37628,10
13.0297403336,80.224281311,37628,37638,10
13.0291500092,80.224281311,37638,37654,16
13.0290002823,80.2242202759,37654,37667,13
13.0287799835,80.2240905762,37667,37675,8
13.0285797119,80.2241134644,37675,37686,11
13.0284099579,80.2246398926,37686,37697,11
13.0282001495,80.2255401611,37697,37707,10
13.0280504227,80.2261810303,37707,37716,9
13.0279397964,80.2267608643,37716,37727,11
13.0280103683,80.2269973755,37727,37737,10
13.0283298492,80.2270812988,37737,37747,10
13.028840065,80.2271728516,37747,37757,10
13.0294704437,80.2272796631,37757,37767,10
13.030090332,80.2273864746,37767,37778,11
13.0304403305,80.2276611328,37778,37788,10
13.0304098129,80.2279434204,37788,37798,10
13.0304002762,80.2281036377,37798,37808,10
13.030380249,80.2282104492,37808,37818,10
13.0303401947,80.2285614014,37818,37828,10
13.0303096771,80.2290725708,37828,37838,10
13.0304498672,80.229598999,37838,37848,10
13.0306396484,80.2301712036,37848,37858,10
13.0307102203,80.2305374146,37858,37868,10
13.0305595398,80.2307434082,37868,37878,10
13.0301599503,80.2307662964,37878,37889,11
13.0297803879,80.2308502197,37889,37940,51
13.0297803879,80.2308502197,37940,37950,10
13.0294704437,80.2308731079,37950,37960,10
13.0291595459,80.2308731079,37960,37970,10
13.0287799835,80.2309036255,37970,37980,10
13.0282897949,80.2309265137,37980,37990,10
13.0277795792,80.2310028076,37990,38071,81
13.0277795792,80.2310028076,38071,38081,10
13.0276203156,80.2312469482,38081,38091,10
13.0276603699,80.2314987183,38091,38102,11
13.0277004242,80.2317581177,38102,38112,10
13.0277500153,80.232093811,38112,38122,10
13.0278100967,80.2323532104,38122,38172,50
13.0278100967,80.2323532104,38172,38182,10
13.0278396606,80.2326278687,38182,38192,10
13.0278196335,80.2328186035,38192,38202,10
13.0275001526,80.2328491211,38202,38212,10
13.0270795822,80.2329406738,38212,38414,202
13.0270795822,80.2329406738,38414,38424,10
13.0268297195,80.2330474854,38424,38435,11
13.026599884,80.2330703735,38435,38445,10
13.0263595581,80.2329101563,38445,38455,10
13.0262203217,80.2325363159,38455,38465,10
13.0261297226,80.2321472168,38465,38475,10
13.02602005,80.2317581177,38475,38485,10
13.0259103775,80.2313079834,38485,38495,10
13.0257196426,80.230682373,38495,38505,10
13.0253400803,80.2300186157,38505,38515,10
13.0249204636,80.2294921875,38515,38525,10
13.0247001648,80.2292175293,38525,38535,10
13.0244903564,80.2289428711,38535,38546,11
13.0242395401,80.2286071777,38546,38556,10
13.0239295959,80.2282409668,38556,38576,20
13.0239295959,80.2282409668,38576,38586,10
13.023730278,80.228012085,38586,38596,10
13.0233402252,80.2276229858,38596,38606,10
13.0228395462,80.2271194458,38606,38616,10
13.0222196579,80.2265701294,38616,38626,10
13.0214796066,80.2259674072,38626,38636,10
13.0207901001,80.2254333496,38636,38646,10
13.0201196671,80.2249832153,38646,38657,11
13.0198097229,80.2247695923,38657,38666,9
13.0197696686,80.2247467041,38666,38677,11
13.0193595886,80.2245864868,38677,38687,10
13.0186595917,80.2245788574,38687,38697,10
13.0178403854,80.2249069214,38697,38707,10
13.0169296265,80.2252807617,38707,38717,10
13.0162000656,80.2255783081,38717,38727,10
13.0155601501,80.2257919312,38727,38737,10
13.0149097443,80.2260665894,38737,38747,10
13.0143404007,80.2262878418,38747,38757,10
13.0142202377,80.2263412476,38757,38767,10
13.0141296387,80.2263717651,38767,38778,11
13.0137395859,80.2265014648,38778,38788,10
13.0131902695,80.2267074585,38788,38798,10
13.0125198364,80.2269821167,38798,38808,10
13.0117502213,80.2272796631,38808,38818,10
13.0108804703,80.2276306152,38818,38834,16
13.0093898773,80.2282562256,38834,38846,12
13.0090398788,80.2291564941,38846,38854,8
13.0089502335,80.2297592163,38854,38865,11
13.0088796616,80.2302627563,38865,38876,11
13.0087604523,80.2308120728,38876,38897,21
13.0087604523,80.2308120728,38897,38907,10
13.0086803436,80.2311630249,38907,38917,10
13.0085601807,80.2317733765,38917,38947,30
13.0085601807,80.2317733765,38947,38957,10
13.008480072,80.232170105,38957,38967,10
13.0084600449,80.2323226929,38967,38977,10
13.0084400177,80.2324371338,38977,38987,10
13.0084199905,80.2325973511,38987,38998,11
13.0083703995,80.2328033447,38998,39008,10
13.0083398819,80.2329025269,39008,39018,10
13.0083198547,80.2331008911,39018,39028,10
13.0082902908,80.2333984375,39028,39038,10
13.0082597733,80.2335205078,39038,39048,10
13.0082197189,80.2336425781,39048,39058,10
13.0080795288,80.2342681885,39058,39099,41
13.0080795288,80.2342681885,39099,39109,10
13.0080003738,80.2345275879,39109,39119,10
13.0079202652,80.2349472046,39119,39129,10
13.0078201294,80.2355117798,39129,39139,10
13.0077495575,80.2359085083,39139,39149,10
13.0077295303,80.2360076904,39149,39159,10
13.0076599121,80.2363967896,39159,39169,10
13.0075502396,80.2369232178,39169,39179,10
13.0074195862,80.2375869751,39179,39189,10
13.0073204041,80.2382125854,39189,39199,10
13.0071802139,80.2389068604,39199,39220,21
13.0071802139,80.2389068604,39220,39230,10
13.0071001053,80.239151001,39230,39240,10
13.007060051,80.2394180298,39240,39250,10
13.0070104599,80.2397079468,39250,39270,20
13.0070104599,80.2397079468,39270,39280,10
13.0069999695,80.2399291992,39280,39290,10
13.0069303513,80.2405471802,39290,39310,20
13.0069303513,80.2405471802,39310,39321,11
13.0068502426,80.2406997681,39321,39331,10
13.0067996979,80.2408676147,39331,39341,10
13.0067596436,80.2413635254,39341,39351,10
13.0067501068,80.2420806885,39351,39361,10
13.0067396164,80.2431869507,39361,39391,30
13.0067396164,80.2431869507,39391,39401,10
13.0066995621,80.2437515259,39401,39432,31
13.0066995621,80.2437515259,39432,39442,10
13.0066795349,80.2440719604,39442,39452,10
13.0066699982,80.2442321777,39452,39462,10
13.0066995621,80.2445831299,39462,39472,10
13.0067195892,80.2450790405,39472,39482,10
13.0067396164,80.245552063,39482,39492,10
13.0067396164,80.2461471558,39492,39502,10
13.0067195892,80.2466506958,39502,39512,10
13.0067501068,80.2471618652,39512,39522,10
13.0067396164,80.247756958,39522,39532,10
13.0067796707,80.248588562,39532,39542,10
13.0068702698,80.2493515015,39542,39553,11
13.0068702698,80.2495880127,39553,39563,10
13.0068597794,80.2497634888,39563,39573,10
13.0068397522,80.2502365112,39573,39583,10
13.0068397522,80.2507476807,39583,39593,10
13.0068397522,80.250869751,39593,39603,10
13.0068502426,80.2511062622,39603,39613,10
13.0068302155,80.2512817383,39613,39623,10
13.006770134,80.2515716553,39623,39633,10
13.006649971,80.2521133423,39633,39643,10
13.0065898895,80.2528991699,39643,39653,10
13.0065603256,80.2538604736,39653,39664,11
13.0066299438,80.2547988892,39664,39684,20
13.0066299438,80.2547988892,39684,39694,10
13.0066003799,80.2549972534,39694,39704,10
13.0066003799,80.255531311,39704,39714,10
13.0066099167,80.2562484741,39714,39724,10
13.0066299438,80.2567062378,39724,39734,10
13.0066404343,80.2567214966,39734,39744,10
13.0066699982,80.2568283081,39744,39754,10
13.0067300797,80.2572097778,39754,39764,10
13.0065498352,80.257522583,39764,39775,11
13.0060501099,80.2574691772,39775,39785,10
13.0055303574,80.2573623657,39785,39795,10
13.005200386,80.257232666,39795,39805,10
13.0046596527,80.2571792603,39805,39815,10
13.0039196014,80.257019043,39815,39825,10
13.0031204224,80.2568893433,39825,39835,10
13.0020198822,80.2566833496,39835,39861,26
13.0020198822,80.2566833496,39861,39873,12
13.0018501282,80.2566604614,39873,39881,8
13.0015897751,80.2566375732,39881,39894,13
13.000749588,80.2565002441,39894,39904,10
13.0001401901,80.2563934326,39904,39914,10
12.999879837,80.2563323975,39914,39924,10
12.999540329,80.2562713623,39924,39934,10
12.9989795685,80.256149292,39934,39944,10
12.9983901978,80.2560806274,39944,39954,10
12.9978504181,80.2560272217,39954,39985,31
12.9978504181,80.2560272217,39985,39996,11
12.9976902008,80.2562332153,39996,40006,10
12.9978103638,80.2565002441,40006,40016,10
12.9980096817,80.2568664551,40016,40026,10
12.9976997375,80.2570571899,40026,40107,81
12.9976997375,80.2570571899,40107,40117,10
12.9975795746,80.2568817139,40117,40248,131
12.9975795746,80.2568817139,40248,40258,10
12.9975099564,80.2567596436,40258,40268,10
12.9976396561,80.256362915,40268,40308,40
12.9976396561,80.256362915,40308,40318,10
12.9976596832,80.2560195923,40318,40329,11
12.9972696304,80.2559585571,40329,40339,10
12.996919632,80.256149292,40339,40349,10
12.9968996048,80.2565231323,40349,40359,10
12.9968595505,80.2567367554,40359,40369,10
12.9968299866,80.2571105957,40369,40379,10
12.9967699051,80.2576065063,40379,40395,16
12.9966697693,80.258682251,40395,40407,12
12.996629715,80.2591323853,40407,40417,10
12.9966201782,80.2591400146,40417,40427,10
12.9965896606,80.2592773438,40427,40437,10
12.9965896606,80.2594299316,40437,40448,11
12.9965696335,80.2595901489,40448,40458,10
12.9965600967,80.2597503662,40458,40468,10
12.996509552,80.2602767944,40468,40478,10
12.9964199066,80.2610397339,40478,40488,10
12.996339798,80.2618408203,40488,40498,10
12.9962902069,80.2622833252,40498,40508,10
12.9962997437,80.2623291016,40508,40518,10
12.996219635,80.2627029419,40518,40528,10
12.9961795807,80.2632293701,40528,40538,10
12.9961004257,80.2639007568,40538,40549,11
12.9959697723,80.2648010254,40549,40559,10
12.9958696365,80.2657623291,40559,40569,10
12.9957704544,80.2667999268,40569,40579,10
12.9957304001,80.267578125,40579,40589,10
12.9960203171,80.2676696777,40589,40599,10
12.9961395264,80.2676696777,40599,40609,10
12.9966001511,80.2677230835,40609,40619,10
12.9972496033,80.267616272,40619,40629,10
12.9979801178,80.2673797607,40629,40639,10
12.9988698959,80.2671279907,40639,40649,10
13.000120163,80.2664413452,40649,40670,21
13.000120163,80.2664413452,40670,40680,10
13.0001602173,80.266242981,40680,40690,10
13.0001897812,80.2658233643,40690,40700,10
13.0003004074,80.2656707764,40700,40710,10
13.0003700256,80.2658233643,40710,40720,10
13.0003404617,80.2660827637,40720,40767,47
13.0002498627,80.2664031982,40767,41081,314
13.0002498627,80.2664031982,41081,41091,10
13.0003595352,80.2665634155,41091,41101,10
13.0002698898,80.2668304443,41101,41112,11
12.9998197556,80.2669906616,41112,41122,10
12.9991798401,80.2671508789,41122,41132,10
12.9985599518,80.2673110962,41132,41142,10
12.9980401993,80.2674407959,41142,41152,10
12.9977397919,80.2675476074,41152,41162,10
12.9972600937,80.2676773071,41162,41172,10
12.9965000153,80.2677612305,41172,41182,10
12.9957304001,80.2677001953,41182,41192,10
12.9956598282,80.2672805786,41192,41202,10
12.9956598282,80.2672195435,41202,41212,10
12.9956903458,80.2670898438,41212,41223,11
12.995759964,80.2665176392,41223,41233,10
12.9958400726,80.2657928467,41233,41243,10
12.9959402084,80.2649536133,41243,41253,10
12.9960298538,80.2640762329,41253,41269,16
12.9961500168,80.2629470825,41269,41281,12
12.9961996078,80.2625274658,41281,41291,10
12.9962100983,80.2624816895,41291,41301,10
12.9962596893,80.2621002197,41301,41311,10
12.9963197708,80.2615585327,41311,41321,10
12.9963903427,80.2608413696,41321,41332,11
12.9965000153,80.2599334717,41332,41342,10
12.9965496063,80.2593078613,41342,41352,10
12.9966402054,80.2586288452,41352,41362,10
12.9967002869,80.2577896118,41362,41372,10
12.9968004227,80.2567825317,41372,41463,91
12.9968004227,80.2567825317,41463,41473,10
12.9968395233,80.256439209,41473,41483,10
12.9969501495,80.2558898926,41483,41493,10
12.9973897934,80.2558898926,41493,41503,10
12.9980802536,80.2559432983,41503,41513,10
12.9989204407,80.2560424805,41513,41554,41
12.9989204407,80.2560424805,41554,41564,10
12.9990196228,80.256072998,41564,41574,10
12.9993696213,80.2561264038,41574,41584,10
13.0000095367,80.2562637329,41584,41594,10
13.0010995865,80.2564620972,41594,41634,40
13.0010995865,80.2564620972,41634,41644,10
13.0013198853,80.2565765381,41644,41654,10
13.0016698837,80.2566223145,41654,41665,11
13.002120018,80.2566833496,41665,41675,10
13.002699852,80.2567596436,41675,41685,10
13.0032997131,80.2568664551,41685,41695,10
13.0039596558,80.256980896,41695,41705,10
13.0045900345,80.2571029663,41705,41715,10
13.0051498413,80.2572021484,41715,41725,10
13.0057096481,80.257270813,41725,41735,10
13.0064601898,80.2574081421,41735,41755,20
13.0064601898,80.2574081421,41755,41765,10
13.0065898895,80.2574234009,41765,41776,11
13.0065603256,80.2570571899,41776,41786,10
13.0065002441,80.2566680908,41786,41796,10
13.0065002441,80.2560501099,41796,41806,10
13.0065002441,80.2553405762,41806,41816,10
13.0065202713,80.2546234131,41816,41826,10
13.0064897537,80.2537307739,41826,41836,10
13.0064697266,80.2532196045,41836,41846,10
13.0064697266,80.2531204224,41846,41856,10
13.006480217,80.2527236938,41856,41866,10
13.0065603256,80.252166748,41866,41876,10
13.0066900253,80.251411438,41876,41887,11
13.0066900253,80.2504577637,41887,41897,10
13.0066900253,80.2496109009,41897,41907,10
13.0066795349,80.2487411499,41907,41917,10
13.0066204071,80.2482223511,41917,41927,10
13.0066204071,80.2481994629,41927,41937,10
13.0066204071,80.2481384277,41937,41947,10
13.0066099167,80.2477493286,41947,41957,10
13.0066099167,80.2471923828,41957,41967,10
13.0065603256,80.2467803955,41967,41977,10
13.0065498352,80.2467498779,41977,41987,10
13.0065402985,80.24659729,41987,41998,11
13.0066204071,80.2460632324,41998,42008,10
13.0066299438,80.2453231812,42008,42018,10
13.0066204071,80.2446365356,42018,42028,10
13.0066099167,80.2440414429,42028,42038,10
13.0066099167,80.2435836792,42038,42048,10
13.0065803528,80.2429885864,42048,42058,10
13.0065698624,80.2422103882,42058,42068,10
13.0065803528,80.2413787842,42068,42077,9
13.0066003799,80.2407226563,42077,42087,10
13.0067396164,80.2400283813,42087,42098,11
13.0069303513,80.2392120361,42098,42109,11
13.0071496964,80.2381515503,42109,42119,10
13.007349968,80.2373428345,42119,42129,10
13.0074300766,80.2367019653,42129,42139,10
13.0074501038,80.2366714478,42139,42149,10
13.0075302124,80.2364807129,42149,42159,10
13.0076503754,80.2360229492,42159,42169,10
13.0077695847,80.2354125977,42169,42179,10
13.0078201294,80.235168457,42179,42189,10
13.0078802109,80.23487854,42189,42199,10
13.0079803467,80.2342987061,42199,42209,10
13.0081596375,80.2334594727,42209,42220,11
13.0083904266,80.2322921753,42220,42230,10
13.0085802078,80.2312469482,42230,42240,10
13.0087299347,80.2303085327,42240,42250,10
13.0089702606,80.2291412354,42250,42260,10
13.0092496872,80.2281036377,42260,42270,10
13.0096797943,80.2271194458,42270,42280,10
13.0101499557,80.2261428833,42280,42290,10
13.0105895996,80.225227356,42290,42300,10
13.0106897354,80.2249908447,42300,42310,10
13.0107402802,80.2248916626,42310,42320,10
13.0108604431,80.2245330811,42320,42331,11
13.011179924,80.2237167358,42331,42341,10
13.011590004,80.2227783203,42341,42351,10
13.0119400024,80.2218093872,42351,42361,10
13.012430191,80.221496582,42361,42370,9
13.0126399994,80.2218780518,42370,42381,11
13.0132303238,80.2223968506,42381,42391,10
13.0137395859,80.2230300903,42391,42401,10
13.0141601563,80.2233963013,42401,42411,10
13.0143203735,80.2236175537,42411,42421,10
13.0146398544,80.2239990234,42421,42431,10
13.0150995255,80.2245178223,42431,42442,11
13.0155601501,80.2249526978,42442,42452,10
13.0156297684,80.2250213623,42452,42462,10
13.0158500671,80.225189209,42462,42472,10
13.0164203644,80.2252807617,42472,42482,10
13.01720047,80.2249984741,42482,42492,10
13.0180997849,80.2246398926,42492,42502,10
13.0188798904,80.2243499756,42502,42512,10
13.0193195343,80.2242736816,42512,42522,10
13.0195398331,80.2243728638,42522,42542,20
13.0195398331,80.2243728638,42542,42552,10
13.019659996,80.2244567871,42552,42563,11
13.0200099945,80.2247085571,42563,42573,10
13.0205202103,80.2250823975,42573,42583,10
13.020939827,80.2253799438,42583,42593,10
13.0214395523,80.2258071899,42593,42603,10
13.0220403671,80.2262496948,42603,42613,10
13.0227203369,80.226852417,42613,42623,10
13.0234498978,80.2275238037,42623,42633,10
13.0241003036,80.2281417847,42633,42643,10
13.024600029,80.2287826538,42643,42653,10
13.0248498917,80.2291412354,42653,42663,10
13.0250597,80.2294311523,42663,42674,11
13.025349617,80.2297821045,42674,42684,10
13.0257196426,80.2302474976,42684,42720,36
13.0257196426,80.2302474976,42720,42732,12
13.0257797241,80.2304000854,42732,42740,8
13.0258703232,80.2306137085,42740,42750,10
13.0259399414,80.2308807373,42750,42762,12
13.0260000229,80.2312469482,42762,42772,10
13.0263996124,80.2312316895,42772,42783,11
13.027130127,80.2310714722,42783,42793,10
13.0279197693,80.2309417725,42793,42803,10
13.0285196304,80.2308425903,42803,42813,10
13.0285596848,80.2308273315,42813,42823,10
13.0288496017,80.2308502197,42823,42833,10
13.0289201736,80.2308578491,42833,42843,10
13.0292396545,80.2308502197,42843,42853,10
13.029589653,80.2308273315,42853,42863,10
13.030090332,80.230758667,42863,42883,20
13.030090332,80.230758667,42883,42894,11
13.0303602219,80.2307281494,42894,42904,10
13.0303897858,80.2307281494,42904,42914,10
13.0305595398,80.2307128906,42914,42924,10
13.0307197571,80.2305908203,42924,42934,10
13.0306901932,80.2303085327,42934,42944,10
13.030500412,80.2297515869,42944,42954,10
13.0303201675,80.2291564941,42954,42964,10
13.030380249,80.2282867432,42964,42984,20
13.030380249,80.2282867432,42984,42994,10
13.030380249,80.2279586792,42994,43005,11
13.030380249,80.2276000977,43005,43015,10
13.0299100876,80.2274398804,43015,43025,10
13.0291795731,80.2273101807,43025,43035,10
13.0284099579,80.2271881104,43035,43045,10
13.0279798508,80.2270584106,43045,43055,10
13.0279903412,80.2266464233,43055,43065,10
13.0281295776,80.225982666,43065,43075,10
13.0282897949,80.2250900269,43075,43085,10
13.0284500122,80.2242202759,43085,43095,10
13.0287799835,80.2240524292,43095,43104,9
13.0288095474,80.2240524292,43104,43116,12
13.0290603638,80.2241668701,43116,43126,10
13.0294704437,80.2242889404,43126,43136,10
13.0300798416,80.2243118286,43136,43146,10
13.030500412,80.224319458,43146,43156,10
13.0308904648,80.2243118286,43156,43166,10
13.0311002731,80.2240371704,43166,43176,10
13.0311403275,80.2234573364,43176,43186,10
13.0311899185,80.2232131958,43186,43196,10
13.0312404633,80.2230300903,43196,43206,10
13.031370163,80.222618103,43206,43216,10
13.0315303802,80.2220993042,43216,43227,11
13.0318002701,80.2215805054,43227,43237,10
13.0320100784,80.2209396362,43237,43247,10
13.0321397781,80.2202072144,43247,43257,10
13.0321598053,80.2197799683,43257,43267,10
13.0321397781,80.2197418213,43267,43277,10
13.0321998596,80.2193908691,43277,43287,10
13.0322303772,80.2187805176,43287,43297,10
13.0317497253,80.21849823,43297,43307,10
13.0315103531,80.2179794312,43307,43317,10
13.0314598083,80.2173080444,43317,43327,10
13.031370163,80.2170562744,43327,43338,11
13.0310497284,80.217010498,43338,43348,10
13.0306100845,80.2169799805,43348,43358,10
13.0304698944,80.2166366577,43358,43368,10
13.0304403305,80.2163391113,43368,43378,10
13.0303602219,80.2157287598,43378,43388,10
13.0303602219,80.2150192261,43388,43398,10
13.0304098129,80.2144927979,43398,43408,10
13.0304098129,80.2144699097,43408,43418,10
13.0304803848,80.2140808105,43418,43428,10
13.0305204391,80.2137298584,43428,43438,10
13.0305500031,80.2134933472,43438,43449,11
13.0306396484,80.2129821777,43449,43459,10
13.0307598114,80.2123031616,43459,43469,10
13.0308198929,80.2117919922,43469,43479,10
13.0308599472,80.2115478516,43479,43489,10
13.0309000015,80.211151123,43489,43499,10
13.0309400558,80.2109603882,43499,43509,10
13.0310201645,80.2104568481,43509,43519,10
13.0310201645,80.2101821899,43519,43529,10
13.0309200287,80.2100830078,43529,43539,10
13.0305995941,80.2099609375,43539,43549,10
13.030090332,80.2097473145,43549,43560,11
13.0301303864,80.2092819214,43560,43570,10
13.0301504135,80.2091598511,43570,43580,10
13.0305099487,80.2091369629,43580,43590,10
13.0311899185,80.2092971802,43590,43600,10
13.0316495895,80.2094192505,43600,43610,10
13.03166008,80.2094192505,43610,43620,10
13.0318403244,80.209487915,43620,43630,10
13.0323295593,80.2095870972,43630,43640,10
13.0330400467,80.2097015381,43640,43650,10
13.0339002609,80.2098464966,43650,43660,10
13.0348501205,80.2099761963,43660,43671,11
13.0351800919,80.2094268799,43671,43681,10
13.0352697372,80.2086486816,43681,43701,20
13.0352697372,80.2086486816,43701,43711,10
13.035320282,80.2083129883,43711,43721,10
13.0354099274,80.2077178955,43721,43731,10
13.0355195999,80.2069625854,43731,43747,16
13.035490036,80.2059631348,43747,43759,12
13.035490036,80.2056732178,43759,43767,8
13.0354995728,80.2055587769,43767,43779,12
13.0357398987,80.2052230835,43779,43790,11
13.0358295441,80.2045974731,43790,43800,10
13.0359697342,80.2039794922,43800,43810,10
13.0360898972,80.2032165527,43810,43820,10
13.0361795425,80.2025299072,43820,43830,10
13.0363397598,80.2014694214,43830,43850,20
13.0363397598,80.2014694214,43850,43860,10
13.0363702774,80.2012405396,43860,43870,10
13.03647995,80.2006988525,43870,43880,10
13.0365695953,80.1999206543,43880,43891,11
13.0367202759,80.1988830566,43891,43901,10
13.0368499756,80.1980819702,43901,43911,10
13.0369501114,80.1974411011,43911,43921,10
13.0370502472,80.1967315674,43921,43931,10
13.0371398926,80.1960601807,43931,43941,10
13.037229538,80.1954269409,43941,43951,10
13.0373497009,80.1947097778,43951,43961,10
13.0374698639,80.193862915,43961,43971,10
13.0375995636,80.1929473877,43971,43981,10
13.0380001068,80.192741394,43981,43991,10
13.0384302139,80.1927871704,43991,44002,11
13.0386400223,80.1928329468,44002,44012,10
13.0388402939,80.1928710938,44012,44022,10
13.0392799377,80.1929321289,44022,44032,10
13.0397596359,80.193031311,44032,44042,10
13.0402297974,80.1930999756,44042,44052,10
13.0408802032,80.1932220459,44052,44062,10
13.0416002274,80.1933135986,44062,44072,10
13.0417804718,80.1935424805,44072,44082,10
13.0417003632,80.1940231323,44082,44092,10
13.0416698456,80.1944503784,44092,44102,10
13.0416002274,80.195022583,44102,44113,11
13.0414896011,80.195640564,44113,44123,10
13.0414104462,80.1962203979,44123,44133,10
13.0413999557,80.1966018677,44133,44143,10
13.0413799286,80.1967773438,44143,44153,10
13.0413198471,80.1971435547,44153,44163,10
13.0412302017,80.1976394653,44163,44173,10
13.0411500931,80.1983184814,44173,44183,10
13.0410699844,80.1988983154,44183,44193,10
13.0410003662,80.1993103027,44193,44203,10
13.0409803391,80.19947052,44203,44213,10
13.04088974,80.1998596191,44213,44224,11
13.0408000946,80.2005233765,44224,44234,10
13.0406999588,80.2012634277,44234,44244,10
13.040599823,80.2018585205,44244,44254,10
13.0405702591,80.2021865845,44254,44264,10
13.0404996872,80.2027587891,44264,44274,10
13.0403795242,80.2034912109,44274,44284,10
13.0402297974,80.2044906616,44284,44314,30
13.0402297974,80.2044906616,44314,44324,10
13.0401802063,80.2047424316,44324,44334,10
13.0402202606,80.2049865723,44334,44345,11
13.0406398773,80.2050704956,44345,44355,10
13.0411396027,80.2051620483,44355,44365,10
13.0412597656,80.2051773071,44365,44375,10
13.0415496826,80.2052230835,44375,44385,10
13.0418195724,80.2052536011,44385,44401,16
13.0425701141,80.205406189,44401,44413,12
13.0427999496,80.2057723999,44413,44421,8
13.0431203842,80.2062301636,44421,44433,12
13.0437097549,80.2070388794,44433,44444,11
13.0440998077,80.2079696655,44444,44455,11
13.0441598892,80.2088775635,44455,44465,10
13.0441799164,80.2092514038,44465,44475,10
13.0441999435,80.209777832,44475,44484,9
13.0442399979,80.2104568481,44484,44495,11
13.0442495346,80.2112197876,44495,44505,10
13.0443000793,80.2120437622,44505,44545,40
13.0443000793,80.2120437622,44545,44556,11
13.0445203781,80.2123031616,44556,44566,10
13.044960022,80.212272644,44566,44576,10
13.0456495285,80.2122421265,44576,44586,10
13.0464696884,80.2121963501,44586,44596,10
13.04708004,80.2120895386,44596,44606,10
13.0471096039,80.2119598389,44606,44616,10
13.04708004,80.2118606567,44616,44626,10
13.0470504761,80.2116088867,44626,44636,10
13.0470304489,80.2111587524,44636,44646,10
13.0469799042,80.2107925415,44646,44656,10
13.0473804474,80.2107772827,44656,44667,11
13.0480699539,80.2108230591,44667,44677,10
13.0486297607,80.2108383179,44677,44687,10
13.0492296219,80.2108535767,44687,44697,10
13.0496301651,80.2107162476,44697,44707,10
13.0495595932,80.2101821899,44707,44717,10
13.0495004654,80.2094573975,44717,44727,10
13.0493803024,80.2088699341,44727,44737,10
13.0493097305,80.2085723877,44737,44747,10
13.049079895,80.2080383301,44747,44757,10
13.0488100052,80.2071380615,44757,44784,27
13.0488100052,80.2071380615,44784,44796,12
13.0488395691,80.2069625854,44796,44806,10
13.0489902496,80.2069015503,44806,44816,10
13.0492095947,80.2069091797,44816,44826,10
13.0492296219,80.2071762085,44826,45070,244
13.0492296219,80.2071762085,45070,45080,10
13.049079895,80.207359314,45080,45090,10
13.0490398407,80.2074966431,45090,45100,10
13.0491504669,80.2078781128,45100,45111,11
13.0492897034,80.2082824707,45111,45121,10
13.0493001938,80.2084274292,45121,45131,10
13.0493898392,80.2088165283,45131,45141,10
13.0495300293,80.2094802856,45141,45151,10
13.049659729,80.2102737427,45151,45161,10
13.0497598648,80.2110366821,45161,45171,10
13.0498800278,80.2116317749,45171,45211,40
13.0498800278,80.2116317749,45211,45221,10
13.0499095917,80.2116699219,45221,45232,11
13.0499601364,80.2120513916,45232,45242,10
13.0497198105,80.2121963501,45242,45252,10
13.0496397018,80.2121963501,45252,45262,10
13.0493898392,80.2121810913,45262,45272,10
13.0488700867,80.2121963501,45272,45282,10
13.0481300354,80.2122268677,45282,45292,10
13.0473403931,80.212310791,45292,45301,9
13.0464200974,80.212348938,45301,45312,11
13.0452404022,80.2124023438,45312,45322,10
13.0446996689,80.2124099731,45322,45373,51
13.0446996689,80.2124099731,45373,45383,10
13.0446195602,80.2124328613,45383,45393,10
13.0443897247,80.2123718262,45393,45403,10
13.0442495346,80.2119827271,45403,45413,10
13.0442304611,80.2113037109,45413,45423,10
13.0441999435,80.2105712891,45423,45433,10
13.0441904068,80.2099304199,45433,45443,10
13.0441598892,80.2094268799,45443,45454,11
13.0441303253,80.2089920044,45454,45464,10
13.0441102982,80.2087783813,45464,45474,10
13.0441102982,80.2086791992,45474,45484,10
13.044090271,80.2082824707,45484,45494,10
13.0439596176,80.2077331543,45494,45504,10
13.0436601639,80.2070770264,45504,45514,10
13.0432195663,80.206451416,45514,45524,10
13.0427103043,80.2057571411,45524,45534,10
13.0419902802,80.2053375244,45534,45544,10
13.0412597656,80.2052307129,45544,45555,11
13.04088974,80.2051773071,45555,45565,10
13.0407304764,80.2051620483,45565,45575,10
13.0402898788,80.2051010132,45575,45585,10
13.0396995544,80.2050094604,45585,45595,10
13.039059639,80.2049331665,45595,45605,10
13.038479805,80.2048416138,45605,45615,10
13.0381803513,80.2047119141,45615,45625,10
13.0382099152,80.204246521,45625,45641,16
13.0382995605,80.2032775879,45641,45653,12
13.0383996964,80.2025680542,45653,45662,9
13.0384597778,80.2020568848,45662,45672,10
13.0385103226,80.2017211914,45672,45684,12
13.0385799408,80.2013473511,45684,45694,10
13.0385704041,80.200920105,45694,45704,10
13.0386600494,80.2005004883,45704,45714,10
13.038769722,80.1999816895,45714,45724,10
13.0388498306,80.199432373,45724,45733,9
13.0388803482,80.1992721558,45733,45744,11
13.0389204025,80.1991271973,45744,45754,10
13.0389604568,80.198677063,45754,45764,10
13.039059639,80.198097229,45764,45774,10
13.0391597748,80.1975708008,45774,45785,11
13.0392103195,80.1969833374,45785,45795,10
13.0392198563,80.1968917847,45795,45805,10
13.0392599106,80.1967010498,45805,45815,10
13.0393104553,80.1964035034,45815,45825,10
13.0393800735,80.1959686279,45825,45835,10
13.0394601822,80.1953582764,45835,45845,10
13.039560318,80.194732666,45845,45855,10
13.0396299362,80.1941223145,45855,45865,10
13.039730072,80.1932067871,45865,45885,20
13.039730072,80.1932067871,45885,45896,11
13.0396003723,80.1930389404,45896,45906,10
13.0391597748,80.1929473877,45906,45916,10
13.0386400223,80.1928710938,45916,45936,20
13.0386400223,80.1928710938,45936,45946,10
13.0383501053,80.1928482056,45946,45956,10
13.0379896164,80.1928482056,45956,45966,10
13.0376501083,80.1930389404,45966,45976,10
13.0375995636,80.1934661865,45976,45993,17
13.0374202728,80.1946563721,45993,46005,12
13.0373001099,80.1956176758,46005,46015,10
13.0372600555,80.1959686279,46015,46025,10
13.0372495651,80.1959686279,46025,46035,10
13.0372104645,80.1961975098,46035,46045,10
13.0371398926,80.1966171265,46045,46055,10
13.0370702744,80.1972198486,46055,46065,10
13.0369596481,80.1980819702,46065,46075,10
13.0368995667,80.1985321045,46075,46085,10
13.0368995667,80.1985397339,46085,46094,9
13.036860466,80.198638916,46094,46104,10
13.0367803574,80.1990432739,46104,46116,12
13.036649704,80.1998214722,46116,46126,10
13.0365600586,80.2005767822,46126,46136,10
13.036450386,80.2013168335,46136,46146,10
13.0363397598,80.2017669678,46146,46166,20
13.0363397598,80.2017669678,46166,46176,10
13.0363302231,80.2019424438,46176,46186,10
13.0362796783,80.2022705078,46186,46196,10
13.036190033,80.2027816772,46196,46206,10
13.0361299515,80.2034378052,46206,46216,10
13.0360498428,80.2040634155,46216,46226,10
13.0360097885,80.2044296265,46226,46237,11
13.0359201431,80.2049484253,46237,46247,10
13.0358400345,80.2055892944,46247,46257,10
13.0357904434,80.2058563232,46257,46267,10
13.0357198715,80.206237793,46267,46277,10
13.0356397629,80.2068405151,46277,46287,10
13.0355501175,80.2075881958,46287,46297,10
13.0354700089,80.2082290649,46297,46327,30
13.0354700089,80.2082290649,46327,46338,11
13.0353803635,80.2085113525,46338,46348,10
13.0353097916,80.2090301514,46348,46358,10
13.035200119,80.2097167969,46358,46368,10
13.0350904465,80.2104034424,46368,46378,10
13.0349397659,80.2109298706,46378,46388,10
13.0348501205,80.2116165161,46388,46398,10
13.0346899033,80.2121200562,46398,46408,10
13.0341701508,80.2120819092,46408,46418,10
13.0336799622,80.2120513916,46418,46428,10
13.0331497192,80.2119827271,46428,46438,10
13.0325298309,80.2119216919,46438,46459,21
13.0325298309,80.2119216919,46459,46469,10
13.0322303772,80.2118682861,46469,46479,10
13.0319404602,80.2116394043,46479,46489,10
13.0319795609,80.2111129761,46489,46499,10
13.0320396423,80.2105178833,46499,46509,10
13.0321102142,80.2099304199,46509,46519,10
13.031920433,80.2096786499,46519,46529,10
13.0314397812,80.2095413208,46529,46539,10
13.03083992,80.2093734741,46539,46549,10
13.0306301117,80.2093200684,46549,46560,11
13.0304803848,80.2092590332,46560,46570,10
13.0301799774,80.2092590332,46570,46580,10
13.0300798416,80.2095184326,46580,46600,20
13.0300798416,80.2095184326,46600,46610,10
13.0300302505,80.2096862793,46610,46620,10
13.0302000046,80.2098236084,46620,46630,10
13.0306196213,80.2099227905,46630,46640,10
13.0308504105,80.2099761963,46640,46650,10
13.0309696198,80.2102203369,46650,46660,10
13.0309400558,80.2105789185,46660,46671,11
13.0308904648,80.2110366821,46671,46681,10
13.0308504105,80.2112503052,46681,46691,10
13.0308103561,80.2116317749,46691,46701,10
13.0307397842,80.2119827271,46701,46711,10
13.0306301117,80.2125167847,46711,46721,10
13.0305700302,80.2130813599,46721,46731,10
13.0305404663,80.2135009766,46731,46741,10
13.030500412,80.2137069702,46741,46751,10
13.0304603577,80.2138595581,46751,46761,10
13.0304002762,80.2142181396,46761,46771,10
13.030380249,80.2145614624,46771,46782,11
13.0303497314,80.2149200439,46782,46792,10
13.0303602219,80.2154388428,46792,46802,10
13.0304002762,80.2160186768,46802,46812,10
13.0304403305,80.2166213989,46812,46822,10
13.0306997299,80.2168579102,46822,46841,19
13.0306997299,80.2168579102,46841,46851,10
13.0311098099,80.2169036865,46851,46862,11
13.031419754,80.2170181274,46862,46872,10
13.0314903259,80.2175521851,46872,46882,10
13.0315599442,80.218170166,46882,46893,11
13.0321903229,80.2184371948,46893,46903,10
13.0322303772,80.218963623,46903,46913,10
13.0321903229,80.2195205688,46913,46923,10
13.0321903229,80.2200775146,46923,46933,10
13.0321798325,80.2202682495,46933,46943,10
13.0321798325,80.220489502,46943,46953,10
13.0320701599,80.2209777832,46953,46963,10
13.0318899155,80.2216415405,46963,46973,10
13.0315799713,80.2222518921,46973,46983,10
13.0312595367,80.2228622437,46983,46993,10
13.0311498642,80.2234268188,46993,47004,11
13.031129837,80.2238616943,47004,47014,10
13.0311403275,80.2239532471,47014,47024,10
13.0311002731,80.2242889404,47024,47040,16
13.0302696228,80.2242965698,47040,47052,12
13.0294904709,80.2243118286,47052,47062,10
13.0290899277,80.2242736816,47062,47072,10
13.0290899277,80.2242584229,47072,47082,10
13.0287599564,80.2241134644,47082,47092,10
13.028459549,80.2242279053,47092,47102,10
13.0283203125,80.2249298096,47102,47112,10
13.0281400681,80.2258071899,47112,47123,11
13.0279798508,80.2266464233,47123,47133,10
13.0279598236,80.2269287109,47133,47143,10
13.028260231,80.2270736694,47143,47153,10
13.0288600922,80.2271575928,47153,47171,18
13.0301504135,80.2273635864,47171,47183,12
13.0303697586,80.2277526855,47183,47192,9
13.0303401947,80.2279815674,47192,47203,11
13.0303401947,80.2281799316,47203,47213,10
13.0303096771,80.2286987305,47213,47223,10
13.0303096771,80.2292404175,47223,47234,11
13.030579567,80.229927063,47234,47244,10
13.0306997299,80.2304229736,47244,47254,10
13.0307102203,80.2304763794,47254,47264,10
13.0306396484,80.2307434082,47264,47274,10
13.0304403305,80.2307662964,47274,47284,10
13.0300197601,80.2307891846,47284,47305,21
13.0298299789,80.2308120728,47305,47317,12
13.0295095444,80.2308502197,47317,47327,10
13.0290203094,80.2308883667,47327,47336,9
13.028429985,80.2309188843,47336,47348,12
13.0277795792,80.231010437,47348,47358,10
13.027680397,80.2313079834,47358,47368,10
13.0277395248,80.2318725586,47368,47378,10
13.0278396606,80.2323989868,47378,47388,10
13.0278501511,80.2327804565,47388,47398,10
13.0276002884,80.2328491211,47398,47408,10
13.0275001526,80.2329025269,47408,47418,10
13.0273504257,80.2329330444,47418,47428,10
13.0268602371,80.233001709,47428,47498,70
13.0268602371,80.233001709,47498,47509,11
13.0265598297,80.2330169678,47509,47520,11
13.0263700485,80.2329406738,47520,47530,10
13.0262002945,80.2323989868,47530,47540,10
13.0261201859,80.2319717407,47540,47550,10
13.0261001587,80.2319107056,47550,47561,11
13.0260400772,80.2317581177,47561,47571,10
13.025970459,80.2313766479,47571,47581,10
13.0258197784,80.2308120728,47581,47591,10
13.0254402161,80.2301330566,47591,47601,10
13.024889946,80.2293701172,47601,47611,10
13.0245199203,80.2289123535,47611,47621,10
13.0240097046,80.2283401489,47621,47651,30
13.0240097046,80.2283401489,47651,47661,10
13.0237998962,80.2280578613,47661,47672,11
13.0234003067,80.2276611328,47672,47688,16
13.0226297379,80.2269210815,47688,47700,12
13.0219802856,80.2263031006,47700,47710,10
13.0215101242,80.2259368896,47710,47720,10
13.0208797455,80.2254486084,47720,47729,9
13.0203304291,80.2250823975,47729,47740,11
13.0194702148,80.2245635986,47740,47750,10
13.0185098648,80.2246398926,47750,47760,10
13.0176296234,80.2249984741,47760,47770,10
13.0167798996,80.2253570557,47770,47781,11
13.0162200928,80.2255630493,47781,47792,11
13.0156002045,80.2257614136,47792,47802,10
13.0151500702,80.2259674072,47802,47812,10
13.014289856,80.2263031006,47812,47832,20
13.014289856,80.2263031006,47832,47842,10
13.0140104294,80.2263870239,47842,47852,10
13.0135202408,80.2265777588,47852,47862,10
13.0129804611,80.2267684937,47862,47872,10
13.0123300552,80.2270126343,47872,47882,10
13.0116701126,80.2272872925,47882,47893,11
13.0108003616,80.2276611328,47893,47903,10
13.0098495483,80.2280426025,47903,47913,10
13.0091400146,80.2285995483,47913,47923,10
13.0089197159,80.2295837402,47923,47933,10
13.0087203979,80.2306900024,47933,47943,10
13.0084896088,80.2318191528,47943,47953,10
13.0082998276,80.2329025269,47953,47962,9
13.0082302094,80.2335586548,47962,47973,11
13.008190155,80.2336730957,47973,47983,10
13.0081300735,80.2338790894,47983,47993,10
13.0080404282,80.2343292236,47993,48004,11
13.007900238,80.2350616455,48004,48014,10
13.0077295303,80.2359085083,48014,48024,10
13.0075502396,80.2368011475,48024,48034,10
13.0073604584,80.2377624512,48034,48044,10
13.0071802139,80.2387466431,48044,48054,10
13.006939888,80.2401580811,48054,48135,81
13.006939888,80.2401580811,48135,48145,10
13.006939888,80.2404708862,48145,48155,10
13.0068798065,80.240852356,48155,48165,10
13.0068798065,80.2408599854,48165,48175,10
13.0068397522,80.2410583496,48175,48185,10
13.0067796707,80.2414627075,48185,48195,10
13.0067596436,80.2421035767,48195,48205,10
13.0067501068,80.2427368164,48205,48215,10
13.0067195892,80.2429428101,48215,48226,11
13.0067195892,80.2432327271,48226,48236,10
13.0066995621,80.2435379028,48236,48246,10
13.0066795349,80.2442703247,48246,48266,20
13.0066795349,80.2442703247,48266,48276,10
13.0066795349,80.2445907593,48276,48286,10
13.0066900253,80.2449493408,48286,48296,10
13.0066995621,80.2454833984,48296,48306,10
13.0067396164,80.2460479736,48306,48316,10
13.0067396164,80.2464294434,48316,48326,10
13.0067396164,80.2467575073,48326,48337,11
13.0067796707,80.2470779419,48337,48347,10
13.0067396164,80.2475814819,48347,48357,10
13.0067396164,80.2482528687,48357,48367,10
13.0068101883,80.2490310669,48367,48377,10
13.0068502426,80.2496032715,48377,48387,10
13.006819725,80.2496185303,48387,48397,10
13.0067796707,80.249961853,48397,48407,10
13.0067796707,80.2505722046,48407,48417,10
13.0067996979,80.2513122559,48417,48427,10
13.0066204071,80.2520980835,48427,48437,10
13.0065498352,80.2530288696,48437,48448,11
13.0065498352,80.2540435791,48448,48458,10
13.0065603256,80.2550201416,48458,48478,20
13.0065603256,80.2550201416,48478,48488,10
13.0065202713,80.2550582886,48488,48498,10
13.0065402985,80.2554321289,48498,48508,10
13.0065498352,80.2560424805,48508,48518,10
13.0066204071,80.2569580078,48518,48579,61
13.0066204071,80.2569580078,48579,48589,10
13.0066995621,80.2571563721,48589,48599,10
13.0066604614,80.2574768066,48599,48609,10
13.0062503815,80.2575378418,48609,48619,10
13.0056495667,80.2573928833,48619,48629,10
13.0050096512,80.2571792603,48629,48639,10
13.0042800903,80.2570571899,48639,48649,10
13.003490448,80.2569274902,48649,48659,10
13.0027704239,80.2567977905,48659,48670,11
13.0020399094,80.2566680908,48670,48680,10
13.0015001297,80.2565994263,48680,48710,30
13.0015001297,80.2565994263,48710,48726,16
13.0013999939,80.2566223145,48726,48739,13
13.00096035,80.2565383911,48739,48749,10
13.0004396439,80.2564620972,48749,48759,10
12.9996795654,80.2563171387,48759,48769,10
12.9991102219,80.256187439,48769,48780,11
12.998459816,80.2560882568,48780,48789,9
12.9979801178,80.2560195923,48789,48799,10
12.9977998734,80.2560195923,48799,48810,11
12.9977197647,80.2560272217,48810,48820,10
12.9975595474,80.2559967041,48820,48830,10
12.997130394,80.2559661865,48830,48840,10
12.9969100952,80.2562713623,48840,48850,10
12.9968395233,80.2571029663,48850,48880,30
12.9968395233,80.2571029663,48880,48891,11
12.9968299866,80.2574005127,48891,48901,10
12.9967699051,80.2578201294,48901,48911,10
12.9967002869,80.2584533691,48911,48921,10
12.9966201782,80.2590866089,48921,48931,10
12.9965496063,80.2596969604,48931,48941,10
12.996509552,80.2602310181,48941,48951,10
12.996430397,80.2609405518,48951,48961,10
12.9963598251,80.2616195679,48961,48971,10
12.9962997437,80.2619781494,48971,48981,10
12.9962396622,80.2623596191,48981,48991,10
12.9962396622,80.2623825073,48991,49002,11
12.9961996078,80.2625427246,49002,49011,9
12.9961595535,80.2629623413,49011,49022,11
12.9961395264,80.2634963989,49022,49032,10
12.9960603714,80.2641983032,49032,49042,10
12.9959802628,80.2649993896,49042,49052,10
12.9958600998,80.2659378052,49052,49062,10
12.995759964,80.2669830322,49062,49072,10
12.9958200455,80.2676620483,49072,49082,10
12.9961900711,80.2676773071,49082,49092,10
12.9961996078,80.2676773071,49092,49102,10
12.9964504242,80.2677307129,49102,49113,11
12.9969596863,80.2676773071,49113,49123,10
12.9976701736,80.2674789429,49123,49133,10
12.9984798431,80.267250061,49133,49142,9
12.9993400574,80.266998291,49142,49153,11
13.0000295639,80.2666397095,49153,49163,10
13.0000600815,80.2665786743,49163,49173,10
13.000120163,80.2664794922,49173,49183,10
13.0001802444,80.2660980225,49183,49193,10
13.0002202988,80.2657012939,49193,49203,10
13.0003595352,80.2657318115,49203,49213,10
13.0003404617,80.2659378052,49213,49264,51
13.0003404617,80.2659378052,49264,49274,10
13.0003204346,80.2663116455,49274,49456,182
13.0003204346,80.2663116455,49456,49466,10
13.0003404617,80.2666397095,49466,49524,58
13.0003404617,80.2666397095,49524,49534,10
13.0001802444,80.2668991089,49534,49544,10
12.9997797012,80.2669906616,49544,49554,10
12.9991703033,80.2671279907,49554,49565,11
12.9985103607,80.2673034668,49565,49575,10
12.9978504181,80.2675018311,49575,49585,10
12.9972896576,80.2676391602,49585,49595,10
12.9967603683,80.2677612305,49595,49605,10
12.9964399338,80.267791748,49605,49615,10
12.9961595535,80.2678222656,49615,49625,10
12.9957304001,80.2677536011,49625,49635,10
12.9956598282,80.2674484253,49635,49645,10
12.9956598282,80.2674331665,49645,49655,10
12.9956903458,80.2672424316,49655,49665,10
12.9957199097,80.2668228149,49665,49676,11
12.9957799911,80.2661590576,49676,49686,10
12.9958400726,80.2654724121,49686,49696,10
12.9959096909,80.2648010254,49696,49706,10
12.9960002899,80.2641296387,49706,49716,10
12.9960803986,80.2634735107,49716,49726,10
12.9961204529,80.2630233765,49726,49736,10
12.9961595535,80.2626495361,49736,49746,10
12.9961700439,80.2626190186,49746,49756,10
12.9962396622,80.2623062134,49756,49766,10
12.9962797165,80.2619018555,49766,49776,10
12.9963197708,80.2615966797,49776,49787,11
12.9963903427,80.2610015869,49787,49797,10
12.9964399338,80.2604293823,49797,49807,10
12.9964799881,80.259979248,49807,49817,10
12.9965200424,80.2594528198,49817,49827,10
12.9965801239,80.2588577271,49827,49837,10
12.9966402054,80.2582473755,49837,49847,10
12.9966802597,80.2576370239,49847,49857,10
12.9967603683,80.2571487427,49857,49867,10
12.9967899323,80.2567214966,49867,49877,10
12.9968395233,80.2561264038,49877,49898,21
12.9968395233,80.2561264038,49898,49908,10
12.996919632,80.2559204102,49908,49918,10
12.997179985,80.2557983398,49918,49928,10
12.9976196289,80.2558364868,49928,49938,10
12.9980201721,80.255897522,49938,49948,10
12.9987897873,80.2559967041,49948,49978,30
12.9987897873,80.2559967041,49978,49988,10
12.9989900589,80.2560119629,49988,49998,10
12.9990596771,80.2560195923,49998,50009,11
12.9994602203,80.2561035156,50009,50019,10
12.9998598099,80.2562103271,50019,50029,10
13.0004796982,80.256362915,50029,50059,30
13.0004796982,80.256362915,50059,50069,10
13.000670433,80.2564163208,50069,50079,10
13.0010499954,80.256477356,50079,50089,10
13.0014600754,80.2565307617,50089,50099,10
13.001950264,80.2565994263,50099,50109,10
13.002409935,80.2566680908,50109,50120,11
13.002699852,80.256729126,50120,50130,10
13.0031099319,80.2568206787,50130,50140,10
13.003370285,80.2568817139,50140,50150,10
13.0039196014,80.2569732666,50150,50160,10
13.0045795441,80.2571105957,50160,50170,10
13.005279541,80.2572174072,50170,50180,10
13.0058898926,80.2573471069,50180,50200,20
13.0058898926,80.2573471069,50200,50210,10
13.0059900284,80.2573471069,50210,50220,10
13.0061397552,80.2574310303,50220,50231,11
13.0064601898,80.2573928833,50231,50241,10
13.0064401627,80.2567825317,50241,50251,10
13.0064401627,80.2560501099,50251,50261,10
13.0064601898,80.2553100586,50261,50277,16
13.006480217,80.2541885376,50277,50289,12
13.006480217,80.2532196045,50289,50308,19
13.006480217,80.2532196045,50308,50319,11
13.0064897537,80.2530670166,50319,50329,10
13.0065002441,80.2526168823,50329,50390,61
13.0065002441,80.2526168823,50390,50400,10
13.0065803528,80.2521514893,50400,50410,10
13.0066604614,80.2516708374,50410,50420,10
13.0067396164,80.2509994507,50420,50430,10
13.0067300797,80.2502212524,50430,50440,10
13.0067195892,80.2493591309,50440,50451,11
13.0066204071,80.248260498,50451,50511,60
13.0066204071,80.248260498,50511,50521,10
13.0065803528,80.2480697632,50521,50531,10
13.0065803528,80.2476806641,50531,50541,10
13.0066003799,80.2471008301,50541,50551,10
13.0065202713,80.2466430664,50551,50562,11
13.0065202713,80.2466201782,50562,50572,10
13.0065898895,80.2463607788,50572,50582,10
13.0066099167,80.2457962036,50582,50592,10
13.0066003799,80.2450866699,50592,50602,10
13.0066204071,80.2443466187,50602,50612,10
13.0066003799,80.2436523438,50612,50622,10
13.0065603256,80.2429199219,50622,50632,10
13.0065498352,80.2421035767,50632,50642,10
13.0065603256,80.2412414551,50642,50652,10
13.0065698624,80.2406005859,50652,50673,21
13.0065698624,80.2406005859,50673,50683,10
13.006649971,80.2404327393,50683,50693,10
13.0067596436,80.2400588989,50693,50703,10
13.0068702698,80.2394180298,50703,50713,10
13.0070199966,80.2386627197,50713,50723,10
13.0072097778,80.2378387451,50723,50733,10
13.0073795319,80.236869812,50733,50753,20
13.0073795319,80.236869812,50753,50763,10
13.007399559,80.2366485596,50763,50773,10
13.0075502396,80.2361984253,50773,50784,11
13.0077104568,80.2354202271,50784,50794,10
13.0078601837,80.2346191406,50794,50804,10
13.0080604553,80.2337265015,50804,50814,10
13.0082998276,80.2326278687,50814,50824,10
13.0085401535,80.2314300537,50824,50834,10
13.008769989,80.2302322388,50834,50844,10
13.0089902878,80.2290802002,50844,50854,10
13.0092201233,80.2281036377,50854,50864,10
13.0096502304,80.227142334,50864,50874,10
13.0100698471,80.2262191772,50874,50884,10
13.0104398727,80.2255630493,50884,50894,10
13.0106801987,80.2249984741,50894,50905,11
13.0108995438,80.2244110107,50905,50915,10
13.0110998154,80.2238769531,50915,50925,10
13.0111198425,80.2236785889,50925,50935,10
13.0111198425,80.2236709595,50935,50945,10
13.0111103058,80.2235794067,50945,50955,10
13.0112800598,80.2232513428,50955,50971,16
13.0117397308,80.2221374512,50971,50983,12
13.012140274,80.2213668823,50983,50993,10
13.0124702454,80.2216262817,50993,51003,10
13.0128698349,80.2220535278,51003,51014,11
13.0130500793,80.222328186,51014,51024,10
13.0134496689,80.2227935791,51024,51034,10
13.0138702393,80.2232284546,51034,51045,11
13.0142803192,80.2238082886,51045,51053,8
13.0146999359,80.2241973877,51053,51064,11
13.0150403976,80.2245330811,51064,51074,10
13.0156097412,80.2250671387,51074,51095,21
13.0156097412,80.2250671387,51095,51105,10
13.015709877,80.2251281738,51105,51114,9
13.0160398483,80.2253189087,51114,51126,12
13.0169000626,80.2251663208,51126,51136,10
13.0177297592,80.224822998,51136,51146,10
13.0184803009,80.2245101929,51146,51156,10
13.0193595886,80.224281311,51156,51176,20
13.0193595886,80.224281311,51176,51186,10
13.0195798874,80.2244033813,51186,51196,10
13.0198202133,80.2245788574,51196,51206,10
13.0202102661,80.224861145,51206,51216,10
13.0206804276,80.225189209,51216,51227,11
13.0211801529,80.2255477905,51227,51237,10
13.0216197968,80.2259063721,51237,51247,10
13.0219602585,80.2261734009,51247,51257,10
13.0222101212,80.2263870239,51257,51267,10
13.0225200653,80.2266921997,51267,51277,10
13.0230302811,80.2271270752,51277,51287,10
13.0236597061,80.2276992798,51287,51297,10
13.0242300034,80.2282867432,51297,51307,10
13.0243701935,80.2284622192,51307,51317,10
13.0243997574,80.2284927368,51317,51327,10
13.0246295929,80.2288284302,51327,51337,10
13.0250597,80.2294006348,51337,51348,11
13.0256299973,80.230178833,51348,51364,16
13.0259599686,80.2308120728,51364,51376,12
13.02602005,80.2309799194,51376,51386,10
13.0260400772,80.2312393188,51386,51394,8
13.0264501572,80.2312393188,51394,51405,11
13.0272302628,80.2310562134,51405,51417,12
13.0284996033,80.2308731079,51417,51437,20
13.0284996033,80.2308731079,51437,51447,10
13.0288200378,80.2308425903,51447,51458,11
13.0293197632,80.230796814,51458,51488,30
13.0293197632,80.230796814,51488,51497,9
13.0294904709,80.2308425903,51497,51508,11
13.0299596786,80.2307815552,51508,51518,10
13.0305995941,80.23072052,51518,51528,10
13.0306797028,80.2305221558,51528,51538,10
13.0306100845,80.230140686,51538,51547,9
13.0304098129,80.2295684814,51547,51557,10
13.03028965,80.2290267944,51557,51569,12
13.0303297043,80.2282409668,51569,51589,20
13.0303297043,80.2282409668,51589,51599,10
13.0303401947,80.2279968262,51599,51609,10
13.0303897858,80.2276306152,51609,51619,10
13.0300502777,80.2274398804,51619,51629,10
13.0295696259,80.2273483276,51629,51639,10
13.0289001465,80.2272415161,51639,51649,10
13.0283002853,80.2271499634,51649,51659,10
13.0280199051,80.2270507813,51659,51669,10
13.0279502869,80.2266769409,51669,51680,11
13.0280303955,80.2262191772,51680,51690,10
13.0281095505,80.2257919312,51690,51700,10
13.0282897949,80.2249984741,51700,51710,10
13.0284404755,80.2241897583,51710,51720,10
13.0287504196,80.2239837646,51720,51730,10
13.0287704468,80.223991394,51730,51740,10
13.0288801193,80.2240371704,51740,51750,10
13.0291595459,80.2242584229,51750,51760,10
13.0296401978,80.224281311,51760,51770,10
13.0303201675,80.224281311,51770,51780,10
13.0309896469,80.2242507935,51780,51791,11
13.0311002731,80.2238388062,51791,51800,9
13.0311403275,80.2233200073,51800,51811,11
13.0311603546,80.2231216431,51811,51821,10
13.0312004089,80.2229614258,51821,51831,10
13.0313596725,80.2226028442,51831,51841,10
13.0315799713,80.22215271,51841,51851,10
13.0318202972,80.2217102051,51851,51861,10
13.0320301056,80.2210388184,51861,51871,10
13.0321598053,80.2203979492,51871,51881,10
13.0321798325,80.2198104858,51881,51902,21
13.0321798325,80.2198104858,51902,51912,10
13.03221035,80.2194976807,51912,51922,10
13.03221035,80.2190475464,51922,51932,10
13.0320396423,80.2185134888,51932,51942,10
13.0315599442,80.2183609009,51942,51952,10
13.0314903259,80.2179031372,51952,51962,10
13.0314302444,80.2173233032,51962,51972,10
13.0313501358,80.2170562744,51972,51982,10
13.0310697556,80.217010498,51982,51992,10
13.0305404663,80.2169494629,51992,52002,10
13.0304403305,80.2166213989,52002,52013,11
13.0304002762,80.2165603638,52013,52023,10
13.0304098129,80.2163162231,52023,52033,10
13.0303602219,80.2156677246,52033,52043,10
13.0303401947,80.2150421143,52043,52053,10
13.0303602219,80.2145767212,52053,52063,10
13.0303602219,80.2145690918,52063,52073,10
13.0304002762,80.2142486572,52073,52083,10
13.0304603577,80.2137832642,52083,52093,10
13.0305099487,80.2135162354,52093,52103,10
13.0305700302,80.2130737305,52103,52113,10
13.0306901932,80.2123565674,52113,52124,11
13.0307798386,80.2116928101,52124,52134,10
13.03083992,80.2113113403,52134,52143,9
13.0308799744,80.2110366821,52143,52154,11
13.0309495926,80.2105636597,52154,52164,10
13.0309896469,80.2101898193,52164,52174,10
13.0308198929,80.2100830078,52174,52184,10
13.0304002762,80.2099380493,52184,52194,10
13.0300197601,80.2097015381,52194,52204,10
13.0301399231,80.209197998,52204,52214,10
13.0305595398,80.2090835571,52214,52224,10
13.0312004089,80.2092590332,52224,52235,11
13.0316696167,80.2094116211,52235,52245,10
13.0316801071,80.2094116211,52245,52255,10
13.0317697525,80.2094802856,52255,52265,10
13.0321397781,80.2095565796,52265,52275,10
13.0327100754,80.2096405029,52275,52285,10
13.0333595276,80.2097320557,52285,52295,10
13.0340003967,80.2098388672,52295,52305,10
13.0346298218,80.2099304199,52305,52315,10
13.0350999832,80.2098770142,52315,52325,10
13.0351800919,80.2095184326,52325,52335,10
13.0352497101,80.2089385986,52335,52346,11
13.0352697372,80.2087631226,52346,52356,10
13.0352802277,80.2087173462,52356,52366,10
13.035320282,80.2083969116,52366,52376,10
13.035369873,80.207901001,52376,52386,10
13.0354795456,80.2071914673,52386,52396,10
13.0355997086,80.206413269,52396,52406,10
13.0354995728,80.2060012817,52406,52416,10
13.035490036,80.205657959,52416,52432,16
13.0355300903,80.2053527832,52432,52444,12
13.035779953,80.2050628662,52444,52452,8
13.0358400345,80.2046737671,52452,52464,12
13.0359601974,80.2039489746,52464,52476,12
13.0361099243,80.2030487061,52476,52486,10
13.036239624,80.2022018433,52486,52496,10
13.0363101959,80.2016296387,52496,52506,10
13.0362997055,80.2015380859,52506,52516,10
13.0363397598,80.2012481689,52516,52526,10
13.0364303589,80.2007827759,52526,52536,10
13.0365400314,80.1999435425,52536,52546,10
13.0366601944,80.1990966797,52546,52556,10
13.0367698669,80.1984176636,52556,52567,11
13.0367803574,80.1984024048,52567,52577,10
13.036860466,80.1980285645,52577,52587,10
13.0369300842,80.1974716187,52587,52597,10
13.0370397568,80.1968231201,52597,52607,10
13.0370998383,80.1963806152,52607,52617,10
13.0371103287,80.1962585449,52617,52627,10
13.0371599197,80.1958312988,52627,52637,10
13.0372695923,80.1951370239,52637,52647,10
13.0373897552,80.1943588257,52647,52657,10
13.0375299454,80.1934509277,52657,52667,10
13.0377597809,80.1927871704,52667,52677,10
13.0382795334,80.1927566528,52677,52688,11
13.0387296677,80.1928405762,52688,52698,10
13.0387401581,80.1928405762,52698,52714,16
13.0390396118,80.1928787231,52714,52726,12
13.0396099091,80.1929702759,52726,52734,8
13.0399799347,80.1930465698,52734,52746,12
13.0405902863,80.1931762695,52746,52756,10
13.0412902832,80.1933364868,52756,52766,10
13.0417299271,80.1934967041,52766,52776,10
13.0417404175,80.1938934326,52776,52786,10
13.0417499542,80.1940231323,52786,52797,11
13.0416898727,80.1945419312,52797,52806,9
13.0416097641,80.1951599121,52806,52817,11
13.0415201187,80.1959381104,52817,52827,10
13.0414600372,80.196472168,52827,52837,10
13.0413999557,80.1966323853,52837,52847,10
13.0413599014,80.1968612671,52847,52858,11
13.0412797928,80.1974105835,52858,52868,10
13.0411901474,80.1981964111,52868,52878,10
13.0411300659,80.1988372803,52878,52888,10
13.0410900116,80.1990585327,52888,52899,11
13.0410604477,80.1992263794,52899,52909,10
13.0410203934,80.1994934082,52909,52919,10
13.0409603119,80.1999435425,52919,52929,10
13.0408601761,80.2005996704,52929,52939,10
13.0407400131,80.2014312744,52939,52948,9
13.0406503677,80.2019729614,52948,52958,10
13.0405797958,80.2023925781,52958,52969,11
13.0405101776,80.2030487061,52969,52979,10
13.0403995514,80.2038269043,52979,52989,10
13.0402803421,80.2046279907,52989,52999,10
13.0403900146,80.2050170898,52999,53009,10
13.0409402847,80.205078125,53009,53020,11
13.0412998199,80.2051620483,53020,53030,10
13.0414800644,80.2051773071,53030,53040,10
13.0420103073,80.2052536011,53040,53050,10
13.0426502228,80.2054519653,53050,53060,10
13.0430402756,80.2060470581,53060,53070,10
13.0435199738,80.206741333,53070,53080,10
13.0439596176,80.2074203491,53080,53090,10
13.0441598892,80.2082672119,53090,53100,10
13.0441904068,80.2089233398,53100,53110,10
13.0441904068,80.2089767456,53110,53120,10
13.0441904068,80.2092590332,53120,53131,11
13.044210434,80.2098007202,53131,53141,10
13.0442304611,80.2105484009,53141,53151,10
13.0442495346,80.2112731934,53151,53161,10
13.0443000793,80.2118988037,53161,53171,10
13.0445604324,80.2122192383,53171,53181,10
13.0452003479,80.2121963501,53181,53191,10
13.0460596085,80.2121810913,53191,53201,10
13.0468997955,80.2121276855,53201,53211,10
13.0470695496,80.2117233276,53211,53232,21
13.0470695496,80.2117233276,53232,53242,10
13.0470504761,80.211517334,53242,53252,10
13.0470199585,80.2111434937,53252,53262,10
13.0470504761,80.2107086182,53262,53272,10
13.0474395752,80.2106933594,53272,53282,10
13.0480003357,80.2107696533,53282,53292,10
13.0486297607,80.2107772827,53292,53302,10
13.0493001938,80.2108230591,53302,53312,10
13.0495996475,80.2107009888,53312,53322,10
13.0495901108,80.2101593018,53322,53332,10
13.0495300293,80.2094573975,53332,53342,10
13.0494699478,80.2088012695,53342,53353,11
13.0493202209,80.2080688477,53353,53363,10
13.0489196777,80.2071380615,53363,53393,30
13.0489196777,80.2071380615,53393,53403,10
13.0488395691,80.2069015503,53403,53413,10
13.0489797592,80.2067718506,53413,53423,10
13.0491504669,80.20677948,53423,53433,10
13.0491895676,80.2067871094,53433,53443,10
13.0492801666,80.2069015503,53443,53453,10
13.0492801666,80.2070999146,53453,54977,1524
13.0492801666,80.2070999146,54977,54987,10
13.0491695404,80.2072067261,54987,54997,10
13.0491600037,80.2071990967,54997,55008,11
13.0491104126,80.2075195313,55008,55018,10
13.049200058,80.2079162598,55018,55028,10
13.0492801666,80.2084274292,55028,55038,10
13.0493497849,80.2087478638,55038,55048,10
13.0494098663,80.2090072632,55048,55058,10
13.0494804382,80.2094726563,55058,55068,10
13.0495700836,80.2101287842,55068,55078,10
13.049659729,80.2108230591,55078,55088,10
13.0497999191,80.2117004395,55088,55177,89
13.0497999191,80.2117004395,55177,55187,10
13.0498895645,80.212097168,55187,55197,10
13.0495195389,80.2122421265,55197,55216,19
13.0495195389,80.2122421265,55216,55226,10
13.0494003296,80.2121963501,55226,55237,11
13.0489196777,80.2121963501,55237,55249,12
13.0481300354,80.2122573853,55249,55259,10
13.0473403931,80.2123413086,55259,55267,8
13.0465602875,80.2123794556,55267,55278,11
13.0455102921,80.2123794556,55278,55289,11
13.0450496674,80.2124023438,55289,55299,10
13.0445804596,80.2124099731,55299,55430,131
13.0445804596,80.2124099731,55430,55440,10
13.0441904068,80.2120132446,55440,55511,71
13.0441904068,80.2120132446,55511,55521,10
13.0442304611,80.2115707397,55521,55531,10
13.0441999435,80.2110366821,55531,55541,10
13.0441598892,80.2102813721,55541,55551,10
13.0441102982,80.2095108032,55551,55561,10
13.0440702438,80.2090301514,55561,55572,11
13.0440597534,80.2089233398,55572,55582,10
13.044090271,80.2086410522,55582,55592,10
13.0440597534,80.2080383301,55592,55602,10
13.0437803268,80.2072906494,55602,55612,10
13.0433101654,80.2065963745,55612,55622,10
13.0427398682,80.2058334351,55622,55632,10
13.0420503616,80.205368042,55632,55642,10
13.0412302017,80.2052612305,55642,55652,10
13.0408000946,80.2052001953,55652,55662,10
13.0406398773,80.2051773071,55662,55673,11
13.0400600433,80.2051010132,55673,55683,10
13.0393199921,80.2050018311,55683,55693,10
13.0385799408,80.2049026489,55693,55703,10
13.0381803513,80.2046890259,55703,55713,10
13.0382604599,80.2041320801,55713,55723,10
13.038359642,80.2033004761,55723,55733,10
13.0384597778,80.2024612427,55733,55743,10
13.0385198593,80.201789856,55743,55753,10
13.0385303497,80.2016067505,55753,55763,10
13.0385799408,80.2012023926,55763,55773,10
13.0386800766,80.2005310059,55773,55784,11
13.0387897491,80.1998291016,55784,55794,10
13.038860321,80.1993179321,55794,55804,10
13.0388803482,80.1990890503,55804,55814,10
13.0389795303,80.1985473633,55814,55824,10
13.0391197205,80.1977920532,55824,55834,10
13.0392198563,80.1970596313,55834,55844,10
13.0392398834,80.1968612671,55844,55854,10
13.0392999649,80.1964569092,55854,55864,10
13.0393600464,80.1958236694,55864,55874,10
13.0394802094,80.1949615479,55874,55884,10
13.0395803452,80.1940002441,55884,55895,11
13.0397396088,80.1931762695,55895,55905,10
13.0397500992,80.1930999756,55905,55915,10
13.0396003723,80.193031311,55915,55925,10
13.0391702652,80.1930007935,55925,55935,10
13.0387296677,80.1929168701,55935,55945,10
13.0386295319,80.1929092407,55945,55955,10
13.0382499695,80.1928482056,55955,55965,10
13.0379695892,80.1928710938,55965,55975,10
13.0376501083,80.1931610107,55975,55985,10
13.0375204086,80.1939086914,55985,55995,10
13.0373697281,80.1948318481,55995,56006,11
13.037229538,80.1957931519,56006,56016,10
13.0371999741,80.1959915161,56016,56026,10
13.0371398926,80.1962814331,56026,56036,10
13.0370397568,80.1969680786,56036,56046,10
13.0369596481,80.1976089478,56046,56056,10
13.036860466,80.1981506348,56056,56066,10
13.0368003845,80.1986083984,56066,56076,10
13.0368003845,80.1986618042,56076,56086,10
13.036740303,80.1990203857,56086,56096,10
13.0366401672,80.1996688843,56096,56106,10
13.0365400314,80.2004776001,56106,56117,11
13.0364198685,80.2012405396,56117,56127,10
13.0363702774,80.2015991211,56127,56137,10
13.0363702774,80.2017822266,56137,56147,10
13.0363101959,80.2020492554,56147,56157,10
13.0361995697,80.2026367188,56157,56166,9
13.0361003876,80.2034683228,56166,56177,11
13.0359897614,80.2042694092,56177,56187,10
13.0358800888,80.2050323486,56187,56197,10
13.0357599258,80.2057876587,56197,56207,10
13.0356397629,80.2066497803,56207,56217,10
13.0355100632,80.2076034546,56217,56228,11
13.0354204178,80.2083206177,56228,56238,10
13.0354099274,80.2083816528,56238,56248,10
13.0353803635,80.2085723877,56248,56258,10
13.0353002548,80.2090911865,56258,56268,10
13.0351800919,80.2097625732,56268,56278,10
13.035030365,80.2103881836,56278,56288,10
13.0348901749,80.2110366821,56288,56298,10
13.0347604752,80.2117767334,56298,56308,10
13.0347003937,80.2121124268,56308,56318,10
13.0343198776,80.2121200562,56318,56328,10
13.0336799622,80.2120437622,56328,56339,11
13.0328798294,80.2119827271,56339,56349,10
13.0325298309,80.2119369507,56349,56359,10
13.0322999954,80.2119216919,56359,56369,10
13.0318899155,80.2117385864,56369,56379,10
13.0319499969,80.2110595703,56379,56389,10
13.0320596695,80.2102890015,56389,56399,10
13.0320901871,80.2097625732,56399,56409,10
13.0316200256,80.209602356,56409,56419,10
13.0309000015,80.2094192505,56419,56429,10
13.0302295685,80.2092437744,56429,56439,10
13.0300798416,80.2095184326,56439,56449,10
13.0300703049,80.2095336914,56449,56460,11
13.0300302505,80.2097396851,56460,56470,10
13.0304203033,80.2098770142,56470,56480,10
13.0308504105,80.2099990845,56480,56490,10
13.0309495926,80.2102127075,56490,56506,16
13.0308599472,80.2110519409,56506,56518,12
13.0307998657,80.211517334,56518,56526,8
13.0307302475,80.2118988037,56526,56537,11
13.0306396484,80.2126312256,56537,56549,12
13.0305404663,80.213508606,56549,56559,10
13.0304899216,80.2138137817,56559,56570,11
13.0304098129,80.2143707275,56570,56580,10
13.0304002762,80.2145690918,56580,56590,10
13.0303602219,80.2149429321,56590,56599,9
13.0303401947,80.2155227661,56599,56610,11
13.030380249,80.2161636353,56610,56620,10
13.0304298401,80.2167129517,56620,56630,10
13.0307197571,80.2168731689,56630,56640,10
13.0311899185,80.2169113159,56640,56650,10
13.0314397812,80.2171020508,56650,56660,10
13.0314998627,80.2177581787,56660,56670,10
13.0317802429,80.2183685303,56670,56681,11
13.0322399139,80.2185821533,56681,56691,10
13.0322198868,80.2191619873,56691,56701,10
13.03221035,80.2197113037,56701,56711,10
13.0321998596,80.2200012207,56711,56721,10
13.0321903229,80.2203674316,56721,56731,10
13.0321903229,80.2203826904,56731,56741,10
13.0321102142,80.2206497192,56741,56751,10
13.031999588,80.2212219238,56751,56761,10
13.0318002701,80.221862793,56761,56771,10
13.0315504074,80.2224273682,56771,56781,10
13.0312700272,80.2229309082,56781,56792,11
13.0311698914,80.2235336304,56792,56802,10
13.0311603546,80.2240829468,56802,56812,10
13.0309095383,80.2243499756,56812,56822,10
13.0302696228,80.224357605,56822,56832,10
13.0296001434,80.2243499756,56832,56842,10
13.0292196274,80.2243423462,56842,56852,10
13.0289802551,80.2242279053,56852,56862,10
13.0288496017,80.2241134644,56862,56872,10
13.0286197662,80.2240829468,56872,56882,10
13.0283899307,80.2244796753,56882,56892,10
13.0282497406,80.225112915,56892,56903,11
13.0281200409,80.2257232666,56903,56913,10
13.0280303955,80.2262878418,56913,56923,10
13.0279397964,80.2267608643,56923,56933,10
13.0279502869,80.2269821167,56933,56943,10
13.0282497406,80.2270812988,56943,56953,10
13.0287399292,80.227180481,56953,56963,10
13.0293998718,80.2272720337,56963,56973,10
13.029999733,80.2273712158,56973,56983,10
13.0304002762,80.2275085449,56983,56993,10
13.030380249,80.2279434204,56993,57003,10
13.0303401947,80.2282333374,57003,57014,11
13.0303297043,80.2286224365,57014,57024,10
13.0303001404,80.2291030884,57024,57034,10
13.0304803848,80.2296524048,57034,57044,10
13.0306100845,80.2300415039,57044,57054,10
13.0306797028,80.2303466797,57054,57155,101
13.0306797028,80.2303466797,57155,57165,10
13.0306501389,80.2307434082,57165,57175,10
13.0302200317,80.2308273315,57175,57205,30
13.0302200317,80.2308273315,57205,57215,10
13.0300798416,80.2308578491,57215,57225,10
13.029800415,80.2308807373,57225,57236,11
13.0296297073,80.2309036255,57236,57246,10
13.0291204453,80.2309494019,57246,57256,10
13.0285902023,80.231010437,57256,57266,10
13.0281095505,80.2310562134,57266,57276,10
13.0278100967,80.2310562134,57276,57286,10
13.027680397,80.2313232422,57286,57296,10
13.0277204514,80.2316818237,57296,57306,10
13.027759552,80.2320404053,57306,57316,10
13.0278396606,80.232460022,57316,57326,10
13.0277004242,80.2328262329,57326,57336,10
13.0271997452,80.2329406738,57336,57347,11
13.027130127,80.2329483032,57347,57357,10
13.0270395279,80.2329788208,57357,57373,16
13.0265703201,80.2330169678,57373,57385,12
13.0262498856,80.2325134277,57385,57393,8
13.0261096954,80.2319335938,57393,57405,12
13.0259199142,80.2311401367,57405,57415,10
13.0254898071,80.23021698,57415,57425,10
13.024939537,80.2294998169,57425,57435,10
13.0246896744,80.2292098999,57435,57445,10
13.0245504379,80.2290420532,57445,57456,11
13.0241804123,80.228553772,57456,57466,10
13.023900032,80.2282409668,57466,57475,9
13.0238199234,80.2281265259,57475,57486,11
13.0234498978,80.2277374268,57486,57496,10
13.0229902267,80.2272415161,57496,57506,10
13.0224304199,80.2267227173,57506,57516,10
13.0217103958,80.2261199951,57516,57526,10
13.0209999084,80.2255706787,57526,57536,10
13.0200195313,80.224899292,57536,57556,20
13.0200195313,80.224899292,57556,57567,11
13.0197696686,80.2247161865,57567,57577,10
13.0191402435,80.2244720459,57577,57587,10
13.0182800293,80.2246704102,57587,57597,10
13.0173397064,80.2250366211,57597,57607,10
13.016500473,80.2253875732,57607,57617,10
13.015879631,80.2256164551,57617,57627,10
13.0151996613,80.2258987427,57627,57637,10
13.0145998001,80.2261428833,57637,57647,10
13.014169693,80.226348877,57647,57657,10
13.0140895844,80.2263793945,57657,57667,10
13.0138702393,80.2264709473,57667,57678,11
13.0131702423,80.2267303467,57678,57694,16
13.011639595,80.2273178101,57694,57706,12
13.0105695724,80.2277679443,57706,57716,10
13.0098600388,80.2280502319,57716,57724,8
13.0091600418,80.2285308838,57724,57736,12
13.008939743,80.2296218872,57736,57746,10
13.0087203979,80.2306976318,57746,57755,9
13.0085802078,80.2314605713,57755,57766,11
13.008310318,80.2328567505,57766,57775,9
13.0082101822,80.2336502075,57775,57788,13
13.0081501007,80.2338027954,57788,57798,10
13.0080604553,80.2342300415,57798,57808,10
13.0079202652,80.2349624634,57808,57818,10
13.0077199936,80.2359619141,57818,57828,10
13.0074901581,80.2370986938,57828,57838,10
13.0072803497,80.23828125,57838,57848,10
13.007060051,80.2393493652,57848,57858,10
13.0069599152,80.2401428223,57858,57924,66
13.0069599152,80.2401428223,57924,57934,10
13.0070104599,80.2403488159,57934,57944,10
13.0069103241,80.2407608032,57944,57954,10
13.0067996979,80.2415084839,57954,57964,10
13.006770134,80.2424697876,57964,57974,10
13.0067501068,80.2432785034,57974,57984,10
13.0067501068,80.244102478,57984,57994,10
13.0067396164,80.2450637817,57994,58005,11
13.0067596436,80.2460174561,58005,58016,11
13.0067996979,80.2468338013,58016,58025,9
13.0068397522,80.2471618652,58025,58036,11
13.0067796707,80.2478027344,58036,58046,10
13.0067796707,80.2486572266,58046,58056,10
13.0068902969,80.2494812012,58056,58066,10
13.0068798065,80.2495803833,58066,58076,10
13.0068798065,80.2497177124,58076,58086,10
13.0068597794,80.250213623,58086,58096,10
13.0068702698,80.2508468628,58096,58106,10
13.0068597794,80.2513580322,58106,58126,20
13.0068597794,80.2513580322,58126,58137,11
13.0067300797,80.2518005371,58137,58147,10
13.0066003799,80.2524719238,58147,58157,10
13.0065803528,80.2532577515,58157,58167,10
13.0065698624,80.25415802,58167,58177,10
13.0066404343,80.2549591064,58177,58187,10
13.0066604614,80.2551803589,58187,58197,10
13.0066604614,80.2552185059,58197,58207,10
13.0066404343,80.2556304932,58207,58217,10
13.0066404343,80.2563323975,58217,58227,10
13.0066995621,80.2573394775,58227,58339,112
13.0066995621,80.2573394775,58339,58349,10
13.006480217,80.2576293945,58349,58359,10
13.0058603287,80.2574996948,58359,58369,10
13.0051698685,80.2573013306,58369,58379,10
13.0044202805,80.2571487427,58379,58389,10
13.0036001205,80.256980896,58389,58399,10
13.0028800964,80.2568435669,58399,58409,10
13.0025196075,80.2567596436,58409,58429,20
13.0025196075,80.2567596436,58429,58439,10
13.0024204254,80.2567367554,58439,58449,10
13.0021295547,80.256690979,58449,58460,11
13.0014400482,80.2565994263,58460,58470,10
13.0005903244,80.2564620972,58470,58480,10
12.9996900558,80.2563171387,58480,58490,10
12.9990301132,80.256187439,58490,58510,20
12.9990301132,80.256187439,58510,58520,10
12.9989004135,80.2561416626,58520,58530,10
12.998459816,80.256072998,58530,58540,10
12.9979801178,80.2560119629,58540,58550,10
12.997420311,80.2559661865,58550,58560,10
12.9969396591,80.2560272217,58560,58571,11
12.9968700409,80.2566223145,58571,58581,10
12.9968395233,80.2570800781,58581,58591,10
12.9968299866,80.2571411133,58591,58601,10
12.9968004227,80.2575531006,58601,58611,10
12.9967002869,80.2582626343,58611,58621,10
12.9966402054,80.2590179443,58621,58631,10
12.9965496063,80.2596817017,58631,58641,10
12.9965200424,80.2603225708,58641,58651,10
12.9964399338,80.2609100342,58651,58661,10
12.9963703156,80.2615966797,58661,58672,11
12.9962997437,80.2622070313,58672,58682,10
12.9962701797,80.2624664307,58682,58692,10
12.9962301254,80.2625579834,58692,58702,10
12.9961795807,80.2630310059,58702,58712,10
12.9961395264,80.2636871338,58712,58722,10
12.996049881,80.2644577026,58722,58732,10
12.9959402084,80.2653198242,58732,58742,10
12.9958200455,80.2663192749,58742,58752,10
12.9957304001,80.2673034668,58752,58762,10
12.9959497452,80.2677230835,58762,58772,10
12.996339798,80.2677612305,58772,58783,11
12.9964399338,80.2677307129,58783,58793,10
12.9967899323,80.2677230835,58793,58803,10
12.9973602295,80.2676010132,58803,58813,10
12.9979696274,80.2674102783,58813,58823,10
12.9985704422,80.2672576904,58823,58833,10
12.9992704391,80.2670593262,58833,58843,10
12.9998903275,80.2668075562,58843,58853,10
13.0000200272,80.2666931152,58853,58869,16
13.000120163,80.2665023804,58869,58881,12
13.0001802444,80.265953064,58881,58889,8
13.0002403259,80.2656936646,58889,58902,13
13.0003404617,80.2659301758,58902,58912,10
13.000289917,80.2664031982,58912,59386,474
13.000289917,80.2664031982,59386,59397,11
13.0002803802,80.2665405273,59397,59407,10
13.0003099442,80.2667617798,59407,59417,10
13.0002403259,80.2668991089,59417,59427,10
12.9998998642,80.266998291,59427,59437,10
12.9992599487,80.2671585083,59437,59448,11
12.9984703064,80.2673721313,59448,59458,10
12.997759819,80.267539978,59458,59468,10
12.9970197678,80.2677383423,59468,59478,10
12.9962596893,80.2677764893,59478,59488,10
12.9956903458,80.2677307129,59488,59498,10
12.9956502914,80.2673568726,59498,59518,20
12.9956502914,80.2673568726,59518,59528,10
12.9956998825,80.2670974731,59528,59538,10
12.995759964,80.2665176392,59538,59548,10
12.9958295822,80.2657775879,59548,59559,11
12.9959402084,80.2648620605,59559,59569,10
12.996049881,80.263999939,59569,59579,10
12.9961299896,80.2632675171,59579,59589,10
12.9961996078,80.2625579834,59589,59609,20
12.9961996078,80.2625579834,59609,59619,10
12.9961900711,80.262298584,59619,59629,10
12.9962501526,80.2618865967,59629,59639,10
12.9963102341,80.261428833,59639,59649,10
12.9963903427,80.2607421875,59649,59659,10
12.9964799881,80.2600021362,59659,59670,11
12.9965696335,80.2592468262,59670,59680,10
12.9966402054,80.2585525513,59680,59690,10
12.9966802597,80.2579193115,59690,59700,10
12.9967498779,80.2573776245,59700,59710,10
12.9968004227,80.2569122314,59710,59720,10
12.9968595505,80.2561035156,59720,59801,81
12.9968595505,80.2561035156,59801,59811,10
12.9969501495,80.2560272217,59811,59821,10
12.9972000122,80.255859375,59821,59831,10
12.9978199005,80.2559280396,59831,59841,10
12.9988098145,80.2560501099,59841,59861,20
12.9988098145,80.2560501099,59861,59871,10
12.99903965,80.256111145,59871,59880,9
12.9994897842,80.256187439,59880,59892,12
13.0000295639,80.2562866211,59892,59902,10
13.0002298355,80.2563171387,59902,59912,10
13.0006303787,80.256401062,59912,59922,10
13.0010700226,80.256477356,59922,59932,10
13.0013103485,80.2565383911,59932,59942,10
13.0015201569,80.2565765381,59942,59952,10
13.0020198822,80.256652832,59952,59962,10
13.0025396347,80.2567367554,59962,59972,10
13.0028896332,80.2567977905,59972,59982,10
13.0032596588,80.2568664551,59982,59992,10
13.0036497116,80.256942749,59992,60003,11
13.0039196014,80.2570037842,60003,60013,10
13.0043497086,80.2570724487,60013,60023,10
13.0048999786,80.2571716309,60023,60033,10
13.0055198669,80.2572784424,60033,60043,10
13.0062103271,80.2574081421,60043,60053,10
13.0064897537,80.2571182251,60053,60063,10
13.0064601898,80.2566986084,60063,60079,16
13.0064601898,80.2563095093,60079,60091,12
13.0064897537,80.2554779053,60091,60099,8
13.0065202713,80.2548675537,60099,60111,12
13.0064897537,80.2538299561,60111,60123,12
13.0065002441,80.2531814575,60123,60133,10
13.0064897537,80.2531585693,60133,60143,10
13.006480217,80.2529983521,60143,60153,10
13.006480217,80.2526016235,60153,60213,60
13.006480217,80.2526016235,60213,60224,11
13.0065002441,80.2522506714,60224,60234,10
13.0066204071,80.251701355,60234,60244,10
13.0067195892,80.2510223389,60244,60254,10
13.0067396164,80.2502593994,60254,60264,10
13.0067396164,80.2494506836,60264,60274,10
13.0066995621,80.2488098145,60274,60284,10
13.0066604614,80.2485580444,60284,60324,40
13.0066604614,80.2485580444,60324,60335,11
13.0066299438,80.2483291626,60335,60345,10
13.0066204071,80.2478179932,60345,60355,10
13.0066299438,80.2471923828,60355,60365,10
13.0066003799,80.2468185425,60365,60375,10
13.0065803528,80.2464675903,60375,60395,20
13.0065803528,80.2464675903,60395,60405,10
13.0066299438,80.2462387085,60405,60415,10
13.0066404343,80.2457122803,60415,60425,10
13.0066404343,80.2452087402,60425,60435,10
13.0066099167,80.2449874878,60435,60446,11
13.0066099167,80.2446517944,60446,60456,10
13.0066003799,80.2442779541,60456,60466,10
13.0066003799,80.2438812256,60466,60476,10
13.0065803528,80.2434082031,60476,60486,10
13.0065603256,80.2427597046,60486,60496,10
13.0065402985,80.2418899536,60496,60506,10
13.0065698624,80.2412490845,60506,60516,10
13.0066299438,80.2407989502,60516,60526,10
13.0067100525,80.2403488159,60526,60536,10
13.0068702698,80.2397079468,60536,60546,10
13.0069999695,80.2389373779,60546,60557,11
13.0071401596,80.2381515503,60557,60567,10
13.0073299408,80.2373504639,60567,60587,20
13.0073299408,80.2373504639,60587,60597,10
13.0073699951,80.2369766235,60597,60607,10
13.0073900223,80.2368087769,60607,60617,10
13.007399559,80.2367401123,60617,60633,16
13.007519722,80.2362976074,60633,60645,12
13.0075302124,80.2362823486,60645,60653,8
13.0075702667,80.2361526489,60653,60665,12
13.0076799393,80.2356185913,60665,60676,11
13.0078401566,80.2349090576,60676,60685,9
13.0079698563,80.2342376709,60685,60695,10
13.0081501007,80.2332992554,60695,60706,11
13.0083999634,80.2320404053,60706,60716,10
13.0085897446,80.2309570313,60716,60725,9
13.0088396072,80.2297363281,60725,60735,10
13.009059906,80.2285995483,60735,60746,11
13.009469986,80.2274627686,60746,60756,10
13.0099201202,80.2264633179,60756,60766,10
13.0103397369,80.2255706787,60766,60777,11
13.0107498169,80.2247772217,60777,60787,10
13.0109996796,80.2241592407,60787,60797,10
13.011349678,80.2233581543,60797,60817,20
13.011349678,80.2233581543,60817,60827,10
13.0113601685,80.223197937,60827,60837,10
13.0114803314,80.2229309082,60837,60847,10
13.0116996765,80.2223129272,60847,60857,10
13.0120096207,80.2215118408,60857,60867,10
13.012339592,80.2215270996,60867,60877,10
13.012720108,80.2219467163,60877,60888,11
13.0132703781,80.2226028442,60888,60898,10
13.0138397217,80.2231903076,60898,60908,10
13.0142002106,80.223487854,60908,60918,10
13.0145797729,80.2239074707,60918,60928,10
13.0150299072,80.2245025635,60928,60938,10
13.0153799057,80.2248687744,60938,60958,20
13.0153799057,80.2248687744,60958,60968,10
13.0154600143,80.2248764038,60968,60978,10
13.0156402588,80.2250289917,60978,60988,10
13.0159397125,80.2252578735,60988,60999,11
13.0166196823,80.2252578735,60999,61009,10
13.0173902512,80.2249526978,61009,61019,10
13.0182600021,80.224609375,61019,61029,10
13.0192203522,80.2242584229,61029,61059,30
13.0192203522,80.2242584229,61059,61069,10
13.0194396973,80.224319458,61069,61079,10
13.0197896957,80.2245635986,61079,61089,10
13.0202598572,80.2249221802,61089,61099,10
13.0208501816,80.2253417969,61099,61110,11
13.0214395523,80.2258224487,61110,61120,10
13.0220403671,80.2262802124,61120,61129,9
13.0226202011,80.2267837524,61129,61140,11
13.0233097076,80.2274093628,61140,61150,10
13.0239095688,80.2279891968,61150,61160,10
13.0243701935,80.2285079956,61160,61190,30
13.0243701935,80.2285079956,61190,61200,10
13.0244998932,80.2286834717,61200,61211,11
13.0248403549,80.2291717529,61211,61221,10
13.0253295898,80.2298202515,61221,61231,10
13.0258197784,80.2305908203,61231,61241,10
13.026049614,80.2312164307,61241,61251,10
13.0263004303,80.2313537598,61251,61261,10
13.0269002914,80.2312011719,61261,61271,10
13.0276899338,80.231010437,61271,61281,10
13.0285596848,80.2309112549,61281,61301,20
13.0285596848,80.2309112549,61301,61311,10
13.0287599564,80.2308731079,61311,61321,10
13.0291500092,80.2308425903,61321,61332,11
13.029589653,80.2307891846,61332,61342,10
13.0301303864,80.2307434082,61342,61372,30
13.0301303864,80.2307434082,61372,61382,10
13.0303401947,80.2306976318,61382,61392,10
13.030579567,80.2306900024,61392,61402,10
13.0306797028,80.2305831909,61402,61412,10
13.0306196213,80.2302780151,61412,61422,10
13.0304603577,80.2297821045,61422,61433,11
13.0302801132,80.2289810181,61433,61443,10
13.0303497314,80.2282409668,61443,61473,30
13.0303497314,80.2282409668,61473,61483,10
13.0303697586,80.2278671265,61483,61493,10
13.0303297043,80.2275314331,61493,61503,10
13.0298995972,80.2274398804,61503,61513,10
13.029299736,80.2273406982,61513,61523,10
13.0285902023,80.2272186279,61523,61533,10
13.0281400681,80.2271194458,61533,61544,11
13.027879715,80.226852417,61544,61554,10
13.0279798508,80.2263717651,61554,61564,10
13.0281095505,80.2257080078,61564,61574,10
13.0283002853,80.224822998,61574,61584,10
13.0284204483,80.2241134644,61584,61594,10
13.0287599564,80.224029541,61594,61614,20
13.0287599564,80.224029541,61614,61630,16
13.0291900635,80.2243118286,61630,61642,12
13.0297002792,80.2243118286,61642,61652,10
13.0303497314,80.2242965698,61652,61663,11
13.0310401917,80.2242889404,61663,61672,9
13.0311002731,80.2239227295,61672,61683,11
13.0311803818,80.22315979,61683,61703,20
13.0311803818,80.22315979,61703,61713,10
13.0312700272,80.2228469849,61713,61723,10
13.0314598083,80.2224884033,61723,61733,10
13.0316400528,80.2220230103,61733,61743,10
13.031920433,80.2214508057,61743,61753,10
13.0320796967,80.2207565308,61753,61763,10
13.0321598053,80.2197418213,61763,61794,31
13.0321598053,80.2197418213,61794,61804,10
13.0322198868,80.2194595337,61804,61814,10
13.0321998596,80.2190933228,61814,61824,10
13.0321598053,80.2185821533,61824,61834,10
13.0316400528,80.2184066772,61834,61844,10
13.0314598083,80.2178421021,61844,61854,10
13.0313997269,80.2171783447,61854,61864,10
13.0312204361,80.2170028687,61864,61874,10
13.0308103561,80.2169876099,61874,61885,11
13.0304298401,80.2166290283,61885,61905,20
13.0304298401,80.2166290283,61905,61915,10
13.0304002762,80.2162780762,61915,61925,10
13.0303602219,80.2157287598,61925,61935,10
13.0303401947,80.2151489258,61935,61945,10
13.030380249,80.2145996094,61945,61965,20
13.030380249,80.2145996094,61965,61975,10
13.0304403305,80.2141571045,61975,61985,10
13.0305099487,80.213722229,61985,61996,11
13.0305404663,80.2133865356,61996,62006,10
13.0306100845,80.2128372192,62006,62016,10
13.0306997299,80.2121734619,62016,62026,10
13.0307798386,80.2116165161,62026,62036,10
13.0308303833,80.2113189697,62036,62046,10
13.0308704376,80.2109909058,62046,62056,10
13.0309200287,80.2105865479,62056,62066,10
13.0309801102,80.2102127075,62066,62076,10
13.0309400558,80.210067749,62076,62086,10
13.0306901932,80.2100067139,62086,62096,10
13.0301399231,80.2098464966,62096,62113,17
13.0301198959,80.2092514038,62113,62125,12
13.03028965,80.2090835571,62125,62133,8
13.0307102203,80.2091674805,62133,62145,12
13.0316896439,80.2093505859,62145,62165,20
13.0316896439,80.2093505859,62165,62175,10
13.0318202972,80.2093811035,62175,62185,10
13.0321998596,80.2094802856,62185,62195,10
13.0328598022,80.2096176147,62195,62205,10
13.0335998535,80.209777832,62205,62216,11
13.0345401764,80.2099304199,62216,62226,10
13.0350904465,80.2099075317,62226,62236,10
13.0351896286,80.2093963623,62236,62246,10
13.0352697372,80.2085723877,62246,62276,30
13.0352697372,80.2085723877,62276,62286,10
13.0353002548,80.2082519531,62286,62296,10
13.035369873,80.2077789307,62296,62306,10
13.035490036,80.2070617676,62306,62316,10
13.0355997086,80.2062530518,62316,62327,11
13.0354795456,80.2058334351,62327,62337,10
13.0355396271,80.2054824829,62337,62347,10
13.0355300903,80.2054367065,62347,62357,10
13.0356397629,80.2052230835,62357,62367,10
13.0357999802,80.2050476074,62367,62377,10
13.0358800888,80.2045211792,62377,62387,10
13.0359296799,80.2040405273,62387,62397,10
13.0360298157,80.2035217285,62397,62407,10
13.0361404419,80.2027816772,62407,62417,10
13.0362701416,80.2017211914,62417,62448,31
13.0362701416,80.2017211914,62448,62458,10
13.0363101959,80.201461792,62458,62468,10
13.0363998413,80.200958252,62468,62478,10
13.0364999771,80.2002182007,62478,62488,10
13.0366001129,80.199546814,62488,62498,10
13.0367202759,80.1986465454,62498,62508,10
13.0367603302,80.1983718872,62508,62518,10
13.0367698669,80.1983413696,62518,62528,10
13.0368299484,80.1979827881,62528,62538,10
13.0369300842,80.1973724365,62538,62549,11
13.0370798111,80.1963729858,62549,62569,20
13.0370798111,80.1963729858,62569,62579,10
13.0371398926,80.1959762573,62579,62589,10
13.0372400284,80.1952972412,62589,62599,10
13.0373802185,80.1944198608,62599,62609,10
13.0375003815,80.1934585571,62609,62619,10
13.0376796722,80.1928405762,62619,62629,10
13.037899971,80.192741394,62629,62639,10
13.0379695892,80.192741394,62639,62650,11
13.0384101868,80.192817688,62650,62660,10
13.0387296677,80.1928787231,62660,62670,10
13.0387401581,80.1928863525,62670,62680,10
13.0389499664,80.1929397583,62680,62690,10
13.0393695831,80.1930007935,62690,62700,10
13.0398397446,80.1930999756,62700,62710,10
13.04047966,80.1931991577,62710,62720,10
13.041179657,80.1932983398,62720,62730,10
13.0417604446,80.1934204102,62730,62740,10
13.0417900085,80.1938323975,62740,62750,10
13.0417900085,80.1940002441,62750,62761,11
13.0417203903,80.1945037842,62761,62771,10
13.0416402817,80.1951065063,62771,62781,10
13.041560173,80.1957168579,62781,62791,10
13.0414304733,80.196647644,62791,62811,20
13.0414304733,80.196647644,62811,62821,10
13.041390419,80.1967697144,62821,62831,10
13.0413599014,80.1970596313,62831,62841,10
13.0412797928,80.1976165771,62841,62851,10
13.0412197113,80.1981582642,62851,62861,10
13.0411300659,80.1987991333,62861,62871,10
13.0410900116,80.199180603,62871,62882,11
13.0410604477,80.1993408203,62882,62898,16
13.0409297943,80.2001419067,62898,62910,12
13.0408000946,80.2009811401,62910,62919,9
13.040719986,80.2015914917,62919,62928,9
13.0406398773,80.2019882202,62928,62940,12
13.0405502319,80.202583313,62940,62953,13
13.0403995514,80.2035903931,62953,62963,10
13.0403003693,80.204246521,62963,62973,10
13.0402202606,80.2047805786,62973,62983,10
13.040430069,80.2050704956,62983,62994,11
13.0410404205,80.2051467896,62994,63004,10
13.0411195755,80.2051620483,63004,63014,10
13.0411901474,80.2051773071,63014,63024,10
13.041560173,80.2052383423,63024,63047,23
13.0426797867,80.2055435181,63047,63059,12
13.0430698395,80.2061767578,63059,63069,10
13.0434398651,80.2066879272,63069,63078,9
13.0439596176,80.2074966431,63078,63089,11
13.0441799164,80.2088623047,63089,63109,20
13.0441799164,80.2088623047,63109,63120,11
13.0441904068,80.2092971802,63120,63130,10
13.0442199707,80.2098693848,63130,63140,10
13.0442495346,80.210609436,63140,63150,10
13.0442800522,80.2113876343,63150,63159,9
13.0443201065,80.2118682861,63159,63200,41
13.0443201065,80.2118682861,63200,63212,12
13.0443401337,80.2120437622,63212,63221,9
13.0445404053,80.212272644,63221,63232,11
13.0451602936,80.2122192383,63232,63242,10
13.0460395813,80.2121963501,63242,63252,10
13.0467395782,80.2121734619,63252,63262,10
13.0469903946,80.2121429443,63262,63312,50
13.0469903946,80.2121429443,63312,63323,11
13.0470504761,80.2118606567,63323,63333,10
13.0470399857,80.2113265991,63333,63343,10
13.0470695496,80.2107772827,63343,63353,10
13.0475502014,80.2107467651,63353,63363,10
13.0480804443,80.2107467651,63363,63373,10
13.0487699509,80.2107772827,63373,63389,16
13.0496301651,80.2107391357,63389,63401,12
13.0495595932,80.2101287842,63401,63410,9
13.0494699478,80.2095184326,63410,63421,11
13.0494203568,80.2090835571,63421,63432,11
13.049369812,80.2086029053,63432,63442,10
13.0491600037,80.2079925537,63442,63452,10
13.0489597321,80.2072982788,63452,63512,60
13.0489597321,80.2072982788,63512,63522,10
13.048789978,80.2069625854,63522,63543,21
13.0490198135,80.2068481445,63543,63563,20
13.0490198135,80.2068481445,63563,63573,10
13.049200058,80.2068710327,63573,63583,10
13.0492200851,80.2071685791,63583,64602,1019
13.0492200851,80.2071685791,64602,64612,10
13.0492801666,80.2074127197,64612,64622,10
13.0491895676,80.2074279785,64622,64632,10
13.0491600037,80.2076034546,64632,64642,10
13.0492401123,80.2079620361,64642,64653,11
13.0494203568,80.2086486816,64653,64663,10
13.0495004654,80.2091598511,64663,64673,10
13.0496101379,80.2095870972,64673,64683,10
13.0496797562,80.2101593018,64683,64693,10
13.0497503281,80.2107772827,64693,64703,10
13.0497903824,80.21118927,64703,64713,10
13.0498504639,80.2117767334,64713,64774,61
13.0498504639,80.2117767334,64774,64784,10
13.0499000549,80.212020874,64784,64794,10
13.0498695374,80.2122192383,64794,64804,10
13.0496196747,80.2122497559,64804,64814,10
13.0495500565,80.2122421265,64814,64824,10
13.0492801666,80.2122192383,64824,64834,10
13.0488004684,80.2122421265,64834,64844,10
13.0481996536,80.2122802734,64844,64855,11
13.0473098755,80.2123718262,64855,64865,10
13.0464000702,80.2124099731,64865,64875,10
13.0455703735,80.2124481201,64875,64884,9
13.0451602936,80.2124633789,64884,64895,11
13.0448999405,80.2124862671,64895,64905,10
13.0446901321,80.2125091553,64905,64915,10
13.0443696976,80.2124786377,64915,64955,40
13.0443696976,80.2124786377,64955,64965,10
13.0442495346,80.2124710083,64965,64976,11
13.0441999435,80.212059021,64976,64986,10
13.0441703796,80.21144104,64986,64996,10
13.0441398621,80.2107009888,64996,65006,10
13.0440998077,80.2099075317,65006,65016,10
13.0440597534,80.2092819214,65016,65026,10
13.0440502167,80.2088928223,65026,65035,9
13.0440597534,80.2088165283,65035,65045,10
13.0440797806,80.208442688,65045,65056,11
13.0439596176,80.2077102661,65056,65066,10
13.0435800552,80.20703125,65066,65076,10
13.0431098938,80.2063522339,65076,65087,11
13.0425395966,80.2056503296,65087,65097,10
13.0418100357,80.2053604126,65097,65107,10
13.0411396027,80.2052612305,65107,65117,10
13.0407896042,80.2052230835,65117,65127,10
13.0407400131,80.2052230835,65127,65137,10
13.0403995514,80.2051696777,65137,65147,10
13.0399198532,80.2051010132,65147,65157,10
13.0393896103,80.2050170898,65157,65167,10
13.0388402939,80.2049179077,65167,65177,10
13.0382604599,80.2048568726,65177,65188,11
13.0381298065,80.2046813965,65188,65198,10
13.0381803513,80.2042922974,65198,65208,10
13.0382604599,80.2037582397,65208,65218,10
13.0383501053,80.2030181885,65218,65228,10
13.0384197235,80.2024917603,65228,65238,10
13.0384902954,80.202003479,65238,65248,10
13.0385398865,80.2016525269,65248,65258,10
13.0386199951,80.2011413574,65258,65268,10
13.0387296677,80.2005081177,65268,65278,10
13.0388202667,80.1998291016,65278,65288,10
13.0389003754,80.1993179321,65288,65298,10
13.0389204025,80.1990737915,65298,65309,11
13.0390195847,80.1984634399,65309,65319,10
13.0391302109,80.1977310181,65319,65329,10
13.0391998291,80.1971664429,65329,65339,10
13.0392198563,80.1970214844,65339,65355,16
13.0392799377,80.1966705322,65355,65367,12
13.039349556,80.1962127686,65367,65377,10
13.0394001007,80.1958007813,65377,65387,10
13.0395097733,80.1949462891,65387,65397,10
13.0396203995,80.1942977905,65397,65407,10
13.0397100449,80.1937179565,65407,65418,11
13.0397796631,80.193321228,65418,65428,10
13.0397796631,80.1932296753,65428,65438,10
13.0397596359,80.1931762695,65438,65448,10
13.039440155,80.1930923462,65448,65458,10
13.0386199951,80.1929626465,65458,65478,20
13.0386199951,80.1929626465,65478,65488,10
13.0383501053,80.1929168701,65488,65498,10
13.0379896164,80.1929016113,65498,65508,10
13.0376501083,80.1931610107,65508,65519,11
13.0375299454,80.1939620972,65519,65529,10
13.0374202728,80.1948165894,65529,65539,10
13.0372896194,80.1956863403,65539,65549,10
13.0372400284,80.1961135864,65549,65569,20
13.0372400284,80.1961135864,65569,65579,10
13.0371999741,80.196472168,65579,65589,10
13.0371198654,80.1969680786,65589,65599,10
13.0370197296,80.197593689,65599,65609,10
13.0369195938,80.1982421875,65609,65619,10
13.0368700027,80.1987075806,65619,65629,10
13.036860466,80.1987380981,65629,65640,11
13.0368499756,80.1987762451,65640,65650,10
13.0368204117,80.1989822388,65650,65660,10
13.0368003845,80.1990585327,65660,65670,10
13.0367603302,80.199256897,65670,65680,10
13.0366802216,80.1997680664,65680,65690,10
13.0365800858,80.2004470825,65690,65700,10
13.0364704132,80.201171875,65700,65710,10
13.0364303589,80.2013626099,65710,65720,10
13.0363903046,80.2016983032,65720,65730,10
13.0363798141,80.2017822266,65730,65741,11
13.0363798141,80.2018890381,65741,65751,10
13.0363397598,80.2022018433,65751,65761,10
13.0362501144,80.2027435303,65761,65771,10
13.0361604691,80.203453064,65771,65781,10
13.0360803604,80.2040405273,65781,65791,10
13.0360202789,80.2044906616,65791,65801,10
13.0359401703,80.2050476074,65801,65811,10
13.0358495712,80.2057113647,65811,65821,10
13.0358104706,80.2058868408,65821,65831,10
13.035779953,80.2060470581,65831,65841,10
13.0357103348,80.2064666748,65841,65852,11
13.0355997086,80.2072372437,65852,65861,9
13.0355100632,80.2079162598,65861,65872,11
13.0354604721,80.2084121704,65872,65902,30
13.0354604721,80.2084121704,65902,65912,10
13.0354499817,80.2085418701,65912,65922,10
13.035369873,80.2089385986,65922,65932,10
13.0352602005,80.2095870972,65932,65942,10
13.0351800919,80.2101593018,65942,65952,10
13.0350599289,80.2104263306,65952,65963,11
13.0349397659,80.210899353,65963,65973,10
13.0348396301,80.2115936279,65973,65983,10
13.0346097946,80.2121887207,65983,65993,10
13.0341100693,80.2121124268,65993,66003,10
13.0334596634,80.2120437622,66003,66013,10
13.0327796936,80.2119903564,66013,66023,10
13.0325202942,80.2119827271,66023,66033,10
13.0324602127,80.2119827271,66033,66043,10
13.0320701599,80.2119216919,66043,66053,10
13.0319004059,80.2114562988,66053,66063,10
13.031999588,80.2107696533,66063,66073,10
13.0320796967,80.2100982666,66073,66084,11
13.0319499969,80.2097167969,66084,66094,10
13.0314302444,80.209602356,66094,66104,10
13.0308599472,80.2094268799,66104,66114,10
13.0304203033,80.2092819214,66114,66124,10
13.0301504135,80.2093429565,66124,66134,10
13.0300998688,80.209602356,66134,66144,10
13.0300798416,80.2096633911,66144,66154,10
13.030090332,80.2098770142,66154,66164,10
13.0305099487,80.2099761963,66164,66174,10
13.0308904648,80.2100982666,66174,66185,11
13.0310001373,80.2103424072,66185,66195,10
13.0309495926,80.2107467651,66195,66205,10
13.0308904648,80.2111816406,66205,66215,10
13.0308599472,80.2114868164,66215,66225,10
13.0308303833,80.2116622925,66225,66235,10
13.0308103561,80.211769104,66235,66245,10
13.0307598114,80.212097168,66245,66255,10
13.0306797028,80.212600708,66255,66265,10
13.0305995941,80.2130966187,66265,66275,10
13.0305299759,80.2136611938,66275,66285,10
13.0304899216,80.2139587402,66285,66295,10
13.0304002762,80.2144775391,66295,66306,11
13.0303697586,80.21484375,66306,66316,10
13.0303602219,80.2148971558,66316,66326,10
13.0303602219,80.2152862549,66326,66336,10
13.0303897858,80.2159118652,66336,66346,10
13.0304203033,80.2164611816,66346,66356,10
13.0307302475,80.2169494629,66356,66376,20
13.0307302475,80.2169494629,66376,66386,10
13.031129837,80.2169799805,66386,66396,10
13.0314397812,80.217048645,66396,66407,11
13.0315198898,80.2175369263,66407,66417,10
13.0315799713,80.2182388306,66417,66427,10
13.032119751,80.2184829712,66427,66437,10
13.0322599411,80.2188568115,66437,66447,10
13.0322504044,80.2195205688,66447,66457,10
13.0322599411,80.2200775146,66457,66467,10
13.0322599411,80.2204208374,66467,66477,10
13.0322599411,80.220451355,66477,66487,10
13.0322303772,80.2206573486,66487,66497,10
13.0320901871,80.2211303711,66497,66507,10
13.0319795609,80.2215881348,66507,66518,11
13.0317497253,80.2220230103,66518,66528,10
13.0315704346,80.2224121094,66528,66538,10
13.0312795639,80.2229385376,66538,66548,10
13.0311803818,80.223449707,66548,66558,10
13.0311803818,80.2239379883,66558,66574,16
13.0311803818,80.224029541,66574,66586,12
13.031129837,80.2244033813,66586,66594,8
13.0307798386,80.2243881226,66594,66606,12
13.030090332,80.2243804932,66606,66616,10
13.0294799805,80.2243728638,66616,66626,10
13.0290603638,80.224319458,66626,66637,11
13.0289802551,80.2242736816,66637,66647,10
13.0287103653,80.2241821289,66647,66657,10
13.0284404755,80.2245635986,66657,66667,10
13.0282497406,80.2253799438,66667,66677,10
13.0280799866,80.2262496948,66677,66687,10
13.0279502869,80.2268981934,66687,66696,9
13.0280399323,80.2271118164,66696,66707,11
13.0284700394,80.2272109985,66707,66717,10
13.0290899277,80.2273178101,66717,66727,10
13.0297803879,80.2274398804,66727,66737,10
13.0303602219,80.2275390625,66737,66748,11
13.0304203033,80.227897644,66748,66758,10
13.0304002762,80.2281799316,66758,66768,10
13.0304002762,80.2282028198,66768,66778,10
13.0304098129,80.2283782959,66778,66788,10
13.0303697586,80.2287216187,66788,66798,10
13.0303297043,80.2291488647,66798,66808,10
13.0304203033,80.229598999,66808,66818,10
13.0306501389,80.23021698,66818,66828,10
13.0307397842,80.2306213379,66828,66980,152
13.0307397842,80.2306213379,66980,66990,10
13.0305404663,80.2308807373,66990,67000,10
13.0300598145,80.2309112549,67000,67010,10
13.029800415,80.2309417725,67010,67020,10
13.0296802521,80.2309570313,67020,67030,10
13.0291996002,80.2309799194,67030,67040,10
13.0285396576,80.2310333252,67040,67050,10
13.0278997421,80.2310562134,67050,67060,10
13.0276603699,80.2312774658,67060,67071,11
13.0277700424,80.2321166992,67071,67190,119
13.0277700424,80.2321166992,67190,67200,10
13.0278301239,80.2323303223,67200,67210,10
13.0278701782,80.2325210571,67210,67220,10
13.0278902054,80.2326965332,67220,67230,10
13.0278997421,80.2328033447,67230,67240,10
13.0277500153,80.2329025269,67240,67250,10
13.0272703171,80.2329864502,67250,67402,152
13.0272703171,80.2329864502,67402,67412,10
13.0268001556,80.2331237793,67412,67422,10
13.0265398026,80.2331619263,67422,67432,10
13.0263299942,80.2329025269,67432,67442,10
13.0262699127,80.2326889038,67442,67452,10
13.0262298584,80.232421875,67452,67462,10
13.0261497498,80.2321624756,67462,67472,10
13.0261497498,80.2320404053,67472,67482,10
13.026049614,80.2317199707,67482,67492,10
13.0259399414,80.2312469482,67492,67502,10
13.0256795883,80.2305679321,67502,67513,11
13.025179863,80.2298431396,67513,67523,10
13.0248804092,80.2294921875,67523,67533,10
13.0246496201,80.2292175293,67533,67573,40
13.0246496201,80.2292175293,67573,67583,10
13.0243902206,80.2288894653,67583,67593,10
13.0239095688,80.2283172607,67593,67613,20
13.0239095688,80.2283172607,67613,67624,11
13.0237703323,80.2281265259,67624,67634,10
13.0235004425,80.2278518677,67634,67644,10
13.0233097076,80.2276763916,67644,67654,10
13.0230998993,80.227432251,67654,67664,10
13.0227499008,80.2271118164,67664,67674,10
13.0224704742,80.226852417,67674,67684,10
13.0220603943,80.2265090942,67684,67694,10
13.0215797424,80.2261199951,67694,67704,10
13.0210199356,80.225692749,67704,67714,10
13.0204200745,80.2252807617,67714,67724,10
13.0199604034,80.224937439,67724,67735,11
13.0199203491,80.224899292,67735,67745,10
13.0196895599,80.2247619629,67745,67755,10
13.0191202164,80.224571228,67755,67765,10
13.0183296204,80.2247695923,67765,67775,10
13.0174398422,80.2251281738,67775,67785,10
13.0166397095,80.2254562378,67785,67795,10
13.0157604218,80.2257766724,67795,67805,10
13.0150299072,80.2260665894,67805,67815,10
13.0145101547,80.2262496948,67815,67825,10
13.0142602921,80.2263717651,67825,67836,11
13.0142498016,80.2263717651,67836,67846,10
13.0139503479,80.2264862061,67846,67856,10
13.013420105,80.2266921997,67856,67866,10
13.0127296448,80.2269592285,67866,67876,10
13.0120096207,80.2272567749,67876,67886,10
13.0112695694,80.2275390625,67886,67896,10
13.010430336,80.2278823853,67896,67906,10
13.0095701218,80.2282333374,67906,67916,10
13.0090799332,80.2289199829,67916,67926,10
13.008890152,80.229927063,67926,67936,10
13.0087099075,80.2309265137,67936,67946,10
13.0085296631,80.231880188,67946,67957,11
13.0083904266,80.2326583862,67957,67967,10
13.0083198547,80.2330932617,67967,67977,10
13.0082998276,80.2334594727,67977,67987,10
13.0082902908,80.2334594727,67987,67997,10
13.0082597733,80.2336196899,67997,68007,10
13.0081501007,80.2339782715,68007,68017,10
13.0080604553,80.2344589233,68017,68027,10
13.0080003738,80.2347106934,68027,68037,10
13.0079698563,80.2349395752,68037,68047,10
13.0078601837,80.235496521,68047,68058,11
13.0077104568,80.2362289429,68058,68068,10
13.0075597763,80.2369766235,68068,68078,10
13.0074396133,80.2375564575,68078,68088,10
13.0073795319,80.2379074097,68088,68098,10
13.0073003769,80.2383422852,68098,68108,10
13.007229805,80.2387619019,68108,68148,40
13.007229805,80.2387619019,68148,68158,10
13.0072202682,80.2388763428,68158,68169,11
13.0071401596,80.2392196655,68169,68179,10
13.0070495605,80.2396469116,68179,68189,10
13.0069999695,80.2400665283,68189,68280,91
13.0069999695,80.2400665283,68280,68290,10
13.0069198608,80.240852356,68290,68310,20
13.0069198608,80.240852356,68310,68320,10
13.0068702698,80.2410202026,68320,68330,10
13.006819725,80.2413024902,68330,68340,10
13.0067796707,80.2419586182,68340,68350,10
13.0067501068,80.2426376343,68350,68360,10
13.0067300797,80.2432174683,68360,68370,10
13.0067195892,80.2433013916,68370,68380,10
13.0067100525,80.243560791,68380,68391,11
13.0066995621,80.2437591553,68391,68401,10
13.0067100525,80.2440490723,68401,68461,60
13.0067100525,80.2440490723,68461,68471,10
13.0066995621,80.2444229126,68471,68481,10
13.0067195892,80.2447509766,68481,68491,10
13.0066995621,80.2451934814,68491,68502,11
13.0067100525,80.2456970215,68502,68512,10
13.0067300797,80.2461090088,68512,68522,10
13.0067396164,80.2466125488,68522,68532,10
13.0067396164,80.2472915649,68532,68542,10
13.0067300797,80.2480163574,68542,68552,10
13.0067596436,80.248878479,68552,68562,10
13.0068597794,80.2496414185,68562,68572,10
13.0068597794,80.2497177124,68572,68582,10
13.0068597794,80.2500228882,68582,68592,10
13.0068397522,80.250541687,68592,68602,10
13.0068302155,80.2512283325,68602,68663,61
13.0068302155,80.2512283325,68663,68673,10
13.0067796707,80.2514419556,68673,68683,10
13.0066995621,80.2518386841,68683,68693,10
13.0065603256,80.2525024414,68693,68709,16
13.0065402985,80.2538070679,68709,68721,12
13.0066204071,80.2549667358,68721,68752,31
13.0066204071,80.2549667358,68752,68762,10
13.0065603256,80.2552108765,68762,68772,10
13.0065698624,80.2556533813,68772,68782,10
13.0065698624,80.2561721802,68782,68791,9
13.0066604614,80.2570037842,68791,68833,42
13.0066604614,80.2570037842,68833,68843,10
13.0067100525,80.2571105957,68843,68853,10
13.0067501068,80.2574386597,68853,68863,10
13.0065202713,80.2576370239,68863,68873,10
13.0061998367,80.2576217651,68873,68883,10
13.0058603287,80.2575531006,68883,68893,10
13.0056600571,80.2574996948,68893,68903,10
13.0055704117,80.2574462891,68903,68913,10
13.0052404404,80.2573776245,68913,68923,10
13.0045995712,80.2572631836,68923,68933,10
13.0040397644,80.2571182251,68933,68944,11
13.0034799576,80.2570114136,68944,68954,10
13.0030498505,80.2569198608,68954,68964,10
13.0027599335,80.2568817139,68964,68974,10
13.0025396347,80.2568283081,68974,68984,10
13.0020799637,80.2567596436,68984,68994,10
13.001660347,80.2566986084,68994,69004,10
13.0010299683,80.2566223145,69004,69014,10
13.0005197525,80.2565536499,69014,69024,10
13.0002498627,80.2565231323,69024,69034,10
12.9998102188,80.2564163208,69034,69044,10
12.9993600845,80.2563171387,69044,69055,11
12.9990501404,80.2562637329,69055,69065,10
12.99903965,80.2562484741,69065,69075,10
12.9989595413,80.2562332153,69075,69085,10
12.9986200333,80.2561569214,69085,69095,10
12.9981298447,80.2561035156,69095,69105,10
12.9977798462,80.2560882568,69105,69125,20
12.9977798462,80.2560882568,69125,69135,10
12.9976196289,80.256111145,69135,69145,10
12.9973897934,80.256072998,69145,69155,10
12.9971103668,80.2560577393,69155,69166,11
12.9968996048,80.2563171387,69166,69176,10
12.9968595505,80.2567825317,69176,69186,10
12.9968395233,80.2568206787,69186,69196,10
12.9968299866,80.2570037842,69196,69206,10
12.9967803955,80.25756073,69206,69216,10
12.9967098236,80.2581634521,69216,69226,10
12.9966402054,80.2587814331,69226,69236,10
12.9966001511,80.2592086792,69236,69246,10
12.9965600967,80.2594833374,69246,69256,10
12.9965000153,80.2598876953,69256,69266,10
12.9964504242,80.2604675293,69266,69277,11
12.9963798523,80.2611465454,69277,69287,10
12.9963197708,80.2617492676,69287,69297,10
12.9963102341,80.2618408203,69297,69307,10
12.9962797165,80.2621688843,69307,69317,10
12.996219635,80.2624893188,69317,69327,10
12.9961996078,80.2626190186,69327,69337,10
12.9961500168,80.2631072998,69337,69347,10
12.9961204529,80.2636108398,69347,69357,10
12.9960603714,80.264213562,69357,69367,10
12.9960002899,80.2647476196,69367,69377,10
12.9959602356,80.2650909424,69377,69388,11
12.9958696365,80.2658233643,69388,69398,10
12.9957895279,80.2665786743,69398,69408,10
12.9957103729,80.2673873901,69408,69418,10
12.9958496094,80.2677612305,69418,69428,10
12.9961204529,80.2677764893,69428,69438,10
12.9962100983,80.2677993774,69438,69448,10
12.9964599609,80.2678527832,69448,69458,10
12.9969301224,80.2677993774,69458,69468,10
12.997420311,80.2676620483,69468,69478,10
12.9979400635,80.2675018311,69478,69489,11
12.9986600876,80.2673034668,69489,69499,10
12.9993495941,80.2670974731,69499,69509,10
12.9999599457,80.2668380737,69509,69519,10
13.0000896454,80.2666473389,69519,69529,10
13.0001401901,80.2662582397,69529,69539,10
13.0001802444,80.2658920288,69539,69549,10
13.0003499985,80.26587677,69549,69559,10
13.0002803802,80.2661514282,69559,70114,555
13.0002803802,80.2661514282,70114,70124,10
13.000289917,80.2663421631,70124,70134,10
13.0002803802,80.266418457,70134,70144,10
13.0002803802,80.2666091919,70144,70155,11
13.000289917,80.2667388916,70155,70165,10
13.000289917,80.2668075562,70165,70175,10
13.0002002716,80.2669296265,70175,70185,10
12.9999704361,80.266998291,70185,70195,10
12.9995098114,80.2670974731,70195,70205,10
12.9989595413,80.2672729492,70205,70215,10
12.9983596802,80.2674331665,70215,70225,10
12.9977502823,80.267578125,70225,70235,10
12.9971599579,80.2677536011,70235,70245,10
12.996509552,80.267868042,70245,70255,10
12.996049881,80.2678604126,70255,70266,11
12.9956798553,80.2678070068,70266,70276,10
12.995639801,80.2675170898,70276,70286,10
12.9956302643,80.2675094604,70286,70296,10
12.9956302643,80.2674026489,70296,70306,10
12.9956703186,80.267036438,70306,70316,10
12.9956998825,80.2665023804,70316,70326,10
12.995759964,80.2658691406,70326,70336,10
12.9958200455,80.2651977539,70336,70346,10
12.9959402084,80.2644882202,70346,70356,10
12.9960298538,80.2637786865,70356,70366,10
12.9960803986,80.2631988525,70366,70377,11
12.9961204529,80.2627487183,70377,70387,10
12.9961395264,80.2626495361,70387,70397,10
12.9961700439,80.262298584,70397,70407,10
12.996219635,80.2619094849,70407,70417,10
12.9962701797,80.26146698,70417,70427,10
12.996339798,80.2609634399,70427,70437,10
12.9963998795,80.2604370117,70437,70447,10
12.9964399338,80.2600021362,70447,70457,10
12.9964599609,80.2595977783,70457,70467,10
12.9965000153,80.2591400146,70467,70478,11
12.9965801239,80.2584762573,70478,70488,10
12.996629715,80.2578125,70488,70497,9
12.9967098236,80.257270813,70497,70508,11
12.9967603683,80.2569274902,70508,70518,10
12.9968004227,80.2562713623,70518,70689,171
12.9968004227,80.2562713623,70689,70700,11
12.9968595505,80.2560424805,70700,70710,10
12.9971704483,80.255897522,70710,70720,10
12.9977903366,80.2559585571,70720,70730,10
12.9983301163,80.2560424805,70730,70740,10
12.9984798431,80.2560501099,70740,70750,10
12.9986200333,80.2560577393,70750,70760,10
12.99862957,80.2560577393,70760,70770,10
12.9986801147,80.256072998,70770,70780,10
12.9990901947,80.2561721802,70780,70821,41
12.9990901947,80.2561721802,70821,70831,10
12.9994297028,80.2562179565,70831,70841,10
12.9999303818,80.2563095093,70841,70851,10
13.0010004044,80.2565002441,70851,70881,30
13.0010004044,80.2565002441,70881,70891,10
13.0011196136,80.2565307617,70891,70901,10
13.0015001297,80.2566223145,70901,70911,10
13.0020599365,80.2566986084,70911,70922,11
13.002699852,80.2568130493,70922,70932,10
13.0033102036,80.2569198608,70932,70941,9
13.0038795471,80.2570495605,70941,70952,11
13.0045795441,80.2571792603,70952,70962,10
13.0054397583,80.2573318481,70962,70972,10
13.006070137,80.2574615479,70972,70982,10
13.0062999725,80.2575378418,70982,70992,10
13.0064897537,80.2574462891,70992,71002,10
13.0064601898,80.2569732666,71002,71012,10
13.0064201355,80.2562789917,71012,71022,10
13.0064601898,80.255531311,71022,71033,11
13.006480217,80.2548217773,71033,71043,10
13.0064401627,80.2541885376,71043,71053,10
13.0064096451,80.2534790039,71053,71063,10
13.0064201355,80.2532806396,71063,71073,10
13.0064401627,80.2531585693,71073,71083,10
13.0064601898,80.252822876,71083,71113,30
13.0064601898,80.252822876,71113,71123,10
13.0064496994,80.2526397705,71123,71133,10
13.0065202713,80.2522201538,71133,71144,11
13.0066699982,80.2514724731,71144,71153,9
13.0067100525,80.2507019043,71153,71164,11
13.0066795349,80.2494812012,71164,71174,10
13.0066204071,80.2483596802,71174,71184,10
13.0065698624,80.2475204468,71184,71194,10
13.0065803528,80.2469711304,71194,71204,10
13.006529808,80.2465286255,71204,71234,30
13.006529808,80.2465286255,71234,71244,10
13.0065803528,80.2464065552,71244,71255,11
13.0065803528,80.2458572388,71255,71265,10
13.0065803528,80.245262146,71265,71275,10
13.0065803528,80.244758606,71275,71285,10
13.0065803528,80.2443313599,71285,71295,10
13.0065698624,80.2439804077,71295,71305,10
13.0065603256,80.2437820435,71305,71315,10
13.0065402985,80.2433929443,71315,71325,10
13.0065202713,80.2428283691,71325,71335,10
13.0065002441,80.2421417236,71335,71345,10
13.0064897537,80.2418365479,71345,71355,10
13.0064897537,80.2417221069,71355,71366,11
13.0065002441,80.2414016724,71366,71386,20
13.0065002441,80.2414016724,71386,71396,10
13.0065097809,80.2412109375,71396,71406,10
13.0065402985,80.2409591675,71406,71416,10
13.0065898895,80.2406692505,71416,71426,10
13.0066995621,80.2402877808,71426,71436,10
13.0068397522,80.2396392822,71436,71446,10
13.0069799423,80.238861084,71446,71456,10
13.0071201324,80.238067627,71456,71467,11
13.0072803497,80.2373428345,71467,71477,10
13.0073404312,80.2368392944,71477,71487,10
13.007349968,80.2367935181,71487,71497,10
13.0073795319,80.2366867065,71497,71507,10
13.0074796677,80.2363204956,71507,71517,10
13.0075998306,80.2357635498,71517,71527,10
13.0076904297,80.2352981567,71527,71537,10
13.0077600479,80.2349395752,71537,71547,10
13.0078802109,80.2343521118,71547,71557,10
13.0080404282,80.2335891724,71557,71567,10
13.0082302094,80.2326507568,71567,71578,11
13.0084600449,80.2315292358,71578,71588,10
13.008649826,80.2304916382,71588,71598,10
13.0088596344,80.2294387817,71598,71608,10
13.0090703964,80.2284393311,71608,71618,10
13.0094404221,80.2275009155,71618,71628,10
13.0098800659,80.2265396118,71628,71638,10
13.0102596283,80.225769043,71638,71648,10
13.0104598999,80.2253417969,71648,71658,10
13.0106096268,80.2249679565,71658,71668,10
13.0108299255,80.2244873047,71668,71678,10
13.0110502243,80.2239227295,71678,71689,11
13.0112695694,80.2233276367,71689,71699,10
13.0115804672,80.2226791382,71699,71709,10
13.0118398666,80.2218780518,71709,71719,10
13.0121803284,80.2214889526,71719,71729,10
13.0124397278,80.2217712402,71729,71739,10
13.012840271,80.2222671509,71739,71749,10
13.013299942,80.2227783203,71749,71759,10
13.0136995316,80.2232284546,71759,71769,10
13.0141401291,80.2237167358,71769,71785,16
13.0148096085,80.2244720459,71785,71797,12
13.0150499344,80.2246780396,71797,71808,11
13.0151100159,80.2247390747,71808,71818,10
13.0153799057,80.2249603271,71818,71838,20
13.0153799057,80.2249603271,71838,71847,9
13.0156097412,80.2251586914,71847,71858,11
13.0159502029,80.2253417969,71858,71868,10
13.0164604187,80.2253265381,71868,71878,10
13.0170698166,80.2250900269,71878,71888,10
13.0176897049,80.2248306274,71888,71898,10
13.0182600021,80.2246017456,71898,71910,12
13.0186796188,80.2244262695,71910,71920,10
13.0190200806,80.2243423462,71920,71940,20
13.0190200806,80.2243423462,71940,71950,10
13.0191602707,80.2242965698,71950,71960,10
13.0194597244,80.2244033813,71960,71970,10
13.0197496414,80.2245864868,71970,71980,10
13.0201501846,80.2249221802,71980,71990,10
13.0206003189,80.2252502441,71990,72000,10
13.0210599899,80.2256011963,72000,72010,10
13.0215997696,80.226020813,72010,72021,11
13.0222101212,80.2265167236,72021,72031,10
13.0227403641,80.2269897461,72031,72041,10
13.0232601166,80.2274627686,72041,72051,10
13.0237503052,80.2279205322,72051,72061,10
13.0240802765,80.2282104492,72061,72071,10
13.0241003036,80.2282333374,72071,72081,10
13.0242300034,80.2284011841,72081,72091,10
13.0244503021,80.2287063599,72091,72101,10
13.024769783,80.2291793823,72101,72111,10
13.0251903534,80.2297286987,72111,72121,10
13.0255804062,80.2302780151,72121,72138,17
13.0258798599,80.2308502197,72138,72160,22
13.0258798599,80.2308502197,72160,72170,10
13.0259399414,80.2311325073,72170,72179,9
13.0260801315,80.2313766479,72179,72190,11
13.0266599655,80.2312164307,72190,72200,10
13.0272397995,80.2310714722,72200,72210,10
13.0277299881,80.2309799194,72210,72220,10
13.0278501511,80.2309799194,72220,72230,10
13.0281496048,80.2309417725,72230,72241,11
13.0286397934,80.2308731079,72241,72271,30
13.0286397934,80.2308731079,72271,72281,10
13.0291795731,80.2308425903,72281,72291,10
13.0296096802,80.230796814,72291,72301,10
13.0298700333,80.2307662964,72301,72311,10
13.0300197601,80.230758667,72311,72321,10
13.0302600861,80.2307281494,72321,72331,10
13.0305595398,80.2306976318,72331,72341,10
13.0306196213,80.2305984497,72341,72352,11
13.030579567,80.2303695679,72352,72362,10
13.0305099487,80.2300796509,72362,72372,10
13.0303001404,80.2295837402,72372,72382,10
13.0302295685,80.2289886475,72382,72392,10
13.0302801132,80.2283477783,72392,72412,20
13.0302801132,80.2283477783,72412,72422,10
13.03028965,80.2281265259,72422,72432,10
13.0303297043,80.2277374268,72432,72442,10
13.0300397873,80.2275238037,72442,72452,10
13.0294704437,80.2274017334,72452,72463,11
13.0288200378,80.2273025513,72463,72473,10
13.0283203125,80.2272186279,72473,72483,10
13.0280199051,80.2271270752,72483,72493,10
13.0278301239,80.2268829346,72493,72503,10
13.0279102325,80.2264175415,72503,72513,10
13.0279998779,80.2259216309,72513,72523,10
13.0281400681,80.2252120972,72523,72533,10
13.0283002853,80.2244720459,72533,72543,10
13.0283899307,80.2240905762,72543,72553,10
13.0286998749,80.2240524292,72553,72574,21
13.0286998749,80.2240524292,72574,72584,10
13.0289201736,80.2242126465,72584,72594,10
13.0292901993,80.2242965698,72594,72604,10
13.02987957,80.2243118286,72604,72614,10
13.0305404663,80.224319458,72614,72624,10
13.0310297012,80.2242584229,72624,72634,10
13.0310401917,80.2238998413,72634,72644,10
13.0311098099,80.2231674194,72644,72664,20
13.0311098099,80.2231674194,72664,72674,10
13.0311698914,80.2230300903,72674,72685,11
13.0313501358,80.2225723267,72685,72695,10
13.0315799713,80.2220687866,72695,72705,10
13.0318403244,80.2215270996,72705,72715,10
13.0319795609,80.2209625244,72715,72725,10
13.0320901871,80.2204589844,72725,72735,10
13.0321102142,80.2201690674,72735,72745,10
13.0320997238,80.219871521,72745,72755,10
13.0320997238,80.2198028564,72755,72765,10
13.032119751,80.219619751,72765,72775,10
13.0321302414,80.2192077637,72775,72785,10
13.0320997238,80.2186965942,72785,72796,11
13.0315704346,80.2184677124,72796,72806,10
13.0313796997,80.2179412842,72806,72816,10
13.0313301086,80.2173233032,72816,72826,10
13.0312595367,80.2170791626,72826,72836,10
13.0309495926,80.2170333862,72836,72846,10
13.0305404663,80.2170181274,72846,72856,10
13.0304002762,80.2166976929,72856,72866,10
13.0304002762,80.2166900635,72866,72876,10
13.0303602219,80.2163772583,72876,72886,10
13.0303297043,80.2158508301,72886,72897,11
13.03028965,80.215133667,72897,72907,10
13.03028965,80.2146835327,72907,72917,10
13.0303096771,80.21459198,72917,72927,10
13.0303497314,80.2144393921,72927,72937,10
13.030380249,80.2141494751,72937,72947,10
13.0304002762,80.2139129639,72947,72957,10
13.0304498672,80.2136077881,72957,72967,10
13.0304803848,80.2134017944,72967,72977,10
13.0305204391,80.2131118774,72977,72987,10
13.0305900574,80.212562561,72987,72997,10
13.0306596756,80.2121276855,72997,73007,10
13.0307397842,80.2116088867,73007,73018,11
13.0307798386,80.2112121582,73018,73028,10
13.0308303833,80.2109222412,73028,73038,10
13.0309200287,80.2103729248,73038,73048,10
13.0308904648,80.2101135254,73048,73058,10
13.0306396484,80.2100219727,73058,73074,16
13.0299701691,80.2097167969,73074,73086,12
13.0300703049,80.2092437744,73086,73157,71
13.0300703049,80.2092437744,73157,73167,10
13.0302200317,80.2090835571,73167,73177,10
13.0306901932,80.2091827393,73177,73187,10
13.031419754,80.2093734741,73187,73197,10
13.0316801071,80.2094192505,73197,73207,10
13.0319004059,80.2094802856,73207,73217,10
13.0324697495,80.2095870972,73217,73228,11
13.0333404541,80.2097625732,73228,73238,10
13.0342102051,80.2098999023,73238,73248,10
13.0349502563,80.2099533081,73248,73258,10
13.0350799561,80.2097167969,73258,73268,10
13.0351200104,80.2093811035,73268,73278,10
13.0351800919,80.2089385986,73278,73288,10
13.035200119,80.2086105347,73288,73298,10
13.0352096558,80.2085418701,73298,73308,10
13.0352602005,80.2081832886,73308,73318,10
13.0353603363,80.2075271606,73318,73328,10
13.0354795456,80.206703186,73328,73339,11
13.0354995728,80.2060623169,73339,73349,10
13.0354299545,80.2057418823,73349,73359,10
13.0354795456,80.2054214478,73359,73369,10
13.0355901718,80.205291748,73369,73379,10
13.0357503891,80.2049789429,73379,73389,10
13.0358104706,80.2045135498,73389,73399,10
13.0359201431,80.203956604,73399,73409,10
13.0360202789,80.203338623,73409,73419,10
13.0361204147,80.2026824951,73419,73429,10
13.0362100601,80.2020492554,73429,73439,10
13.036239624,80.2018127441,73439,73450,11
13.0362596512,80.2015075684,73450,73460,10
13.0362596512,80.201499939,73460,73470,10
13.0363101959,80.201171875,73470,73480,10
13.0363998413,80.2006530762,73480,73490,10
13.0364999771,80.1999511719,73490,73500,10
13.0366201401,80.1991500854,73500,73510,10
13.0366802216,80.1985092163,73510,73520,10
13.0367002487,80.1983718872,73520,73530,10
13.0367803574,80.1980209351,73530,73540,10
13.0368204117,80.1976623535,73540,73550,10
13.0368995667,80.1971893311,73550,73561,11
13.0369997025,80.1965179443,73561,73571,10
13.0370197296,80.1963882446,73571,73581,10
13.0370502472,80.196182251,73581,73591,10
13.0371398926,80.1955795288,73591,73601,10
13.0372695923,80.1947479248,73601,73611,10
13.0374097824,80.1938095093,73611,73621,10
13.0374898911,80.1930618286,73621,73661,40
13.0374898911,80.1930618286,73661,73672,11
13.0379695892,80.192741394,73672,73682,10
13.0382995605,80.1927871704,73682,73692,10
13.0383996964,80.1928024292,73692,73702,10
13.0385904312,80.1928405762,73702,73712,10
13.0390100479,80.1929092407,73712,73722,10
13.039440155,80.1929702759,73722,73732,10
13.0397396088,80.193031311,73732,73742,10
13.040140152,80.1930923462,73742,73752,10
13.0407600403,80.1931991577,73752,73762,10
13.0414199829,80.1933288574,73762,73772,10
13.0417604446,80.1935806274,73772,73783,11
13.0417499542,80.1938476563,73783,73793,10
13.0417404175,80.1940231323,73793,73803,10
13.0416603088,80.1945495605,73803,73813,10
13.041560173,80.1951522827,73813,73823,10
13.0414896011,80.1957168579,73823,73833,10
13.0414199829,80.1962509155,73833,73843,10
13.0413599014,80.1966934204,73843,73853,10
13.0413503647,80.1968307495,73853,73863,10
13.0412998199,80.1970977783,73863,73873,10
13.0412302017,80.197517395,73873,73883,10
13.0411396027,80.1981201172,73883,73894,11
13.0410404205,80.1988067627,73894,73904,10
13.0409803391,80.1993103027,73904,73914,10
13.0409002304,80.1997909546,73914,73924,10
13.0408096313,80.2004394531,73924,73934,10
13.0407104492,80.2010726929,73934,73944,10
13.0406303406,80.2017211914,73944,73954,10
13.0405597687,80.2021408081,73954,73964,10
13.0404901505,80.2026290894,73964,73974,10
13.0404195786,80.2030563354,73974,73984,10
13.0403699875,80.2034606934,73984,73994,10
13.0402698517,80.2040405273,73994,74005,11
13.0402002335,80.2045974731,74005,74015,10
13.0401697159,80.2049713135,74015,74025,10
13.0403003693,80.2050704956,74025,74035,10
13.0407400131,80.205116272,74035,74045,10
13.0410299301,80.2051391602,74045,74055,10
13.0412597656,80.2051925659,74055,74065,10
13.041680336,80.2052230835,74065,74075,10
13.0422096252,80.2053375244,74075,74085,10
13.0426902771,80.2056427002,74085,74095,10
13.0430803299,80.2062530518,74095,74105,10
13.0435600281,80.2069015503,74105,74122,17
13.0440702438,80.2079696655,74122,74134,12
13.0441198349,80.2086486816,74134,74144,10
13.0441303253,80.2089385986,74144,74154,10
13.0441598892,80.2091522217,74154,74225,71
13.0441598892,80.2091522217,74225,74235,10
13.0441398621,80.2092437744,74235,74245,10
13.0441398621,80.2093963623,74245,74255,10
13.0441503525,80.2098770142,74255,74265,10
13.0441799164,80.210647583,74265,74275,10
13.044210434,80.211479187,74275,74285,10
13.0442895889,80.2121200562,74285,74295,10
13.0443000793,80.2121582031,74295,74305,10
13.0446395874,80.212272644,74305,74315,10
13.0453500748,80.2122421265,74315,74325,10
13.0461997986,80.2122268677,74325,74336,11
13.0468597412,80.2121810913,74336,74346,10
13.0470399857,80.212097168,74346,74356,10
13.0470104218,80.2118606567,74356,74366,10
13.0469999313,80.2117614746,74366,74376,10
13.0469703674,80.2113571167,74376,74386,10
13.0469398499,80.2108917236,74386,74396,10
13.0472698212,80.2108001709,74396,74406,10
13.0478801727,80.2108078003,74406,74416,10
13.0483903885,80.2108306885,74416,74426,10
13.0489301682,80.2108306885,74426,74436,10
13.0493602753,80.2108383179,74436,74447,11
13.0496101379,80.2107162476,74447,74457,10
13.0495500565,80.2102432251,74457,74467,10
13.0494403839,80.2095413208,74467,74476,9
13.0493803024,80.2090988159,74476,74487,11
13.0493497849,80.2088470459,74487,74497,10
13.0492296219,80.208366394,74497,74507,10
13.0490102768,80.2077026367,74507,74517,10
13.0488004684,80.2071762085,74517,74527,10
13.0487804413,80.2071380615,74527,74537,10
13.048740387,80.2070922852,74537,74548,11
13.048789978,80.2068786621,74548,74558,10
13.0490102768,80.2068328857,74558,74568,10
13.0492095947,80.207069397,74568,75193,625
13.0491895676,80.2072219849,75193,75537,344
13.0491304398,80.2073822021,75537,75557,20
13.0491304398,80.2073822021,75557,75567,10
13.0490703583,80.2077407837,75567,75577,10
13.0492801666,80.2082901001,75577,75587,10
13.0494098663,80.2089080811,75587,75597,10
13.049489975,80.2093429565,75597,75607,10
13.0495796204,80.2099609375,75607,75617,10
13.049659729,80.2105789185,75617,75627,10
13.0497303009,80.2111434937,75627,75637,10
13.0498199463,80.2118835449,75637,75678,41
13.0498199463,80.2118835449,75678,75688,10
13.0498600006,80.2120895386,75688,75698,10
13.0498199463,80.2122497559,75698,75708,10
13.0494804382,80.2123031616,75708,75718,10
13.0493803024,80.2123031616,75718,75728,10
13.0491399765,80.2122802734,75728,75738,10
13.0485200882,80.2123031616,75738,75749,11
13.0476198196,80.2123794556,75749,75759,10
13.0466804504,80.2124023438,75759,75769,10
13.0456800461,80.2124328613,75769,75779,10
13.0445995331,80.2125091553,75779,75829,50
13.0445995331,80.2125091553,75829,75839,10
13.0443000793,80.2125091553,75839,75849,10
13.0441598892,80.2120895386,75849,75859,10
13.0441398621,80.211479187,75859,75870,11
13.0441303253,80.2108612061,75870,75880,10
13.0441198349,80.2103500366,75880,75896,16
13.0440998077,80.2100219727,75896,75908,12
13.0440797806,80.2097167969,75908,75918,10
13.0440797806,80.2095794678,75918,75928,10
13.0440597534,80.2092819214,75928,75937,9
13.0440301895,80.2089691162,75937,75948,11
13.0439996719,80.2088088989,75948,75958,10
13.0439996719,80.208442688,75958,75968,10
13.0439300537,80.2077484131,75968,75979,11
13.043419838,80.2068405151,75979,75988,9
13.0429201126,80.2061462402,75988,75999,11
13.0422296524,80.2054595947,75999,76008,9
13.0415401459,80.2052764893,76008,76019,11
13.0409297943,80.2051925659,76019,76029,10
13.0406999588,80.2051620483,76029,76039,10
13.0402898788,80.205078125,76039,76049,10
13.0396404266,80.2049789429,76049,76059,10
13.0389003754,80.2048492432,76059,76069,10
13.0382003784,80.204750061,76069,76080,11
13.0381002426,80.2044525146,76080,76089,9
13.0382099152,80.2039108276,76089,76100,11
13.0382900238,80.2032012939,76100,76110,10
13.038310051,80.2029190063,76110,76120,10
13.0383796692,80.2025375366,76120,76130,10
13.038479805,80.2019271851,76130,76140,10
13.0385398865,80.2015686035,76140,76150,10
13.0386295319,80.2009811401,76150,76160,10
13.0387401581,80.2002334595,76160,76170,10
13.038860321,80.199432373,76170,76180,10
13.0389499664,80.1987991333,76180,76191,11
13.0390901566,80.1977996826,76191,76201,10
13.0391902924,80.1971511841,76201,76211,10
13.0392599106,80.1967773438,76211,76221,10
13.0392999649,80.1964416504,76221,76231,10
13.0393695831,80.1958465576,76231,76241,10
13.0394897461,80.1949920654,76241,76251,10
13.0396003723,80.1941680908,76251,76261,10
13.039730072,80.1934432983,76261,76271,10
13.0396699905,80.1930923462,76271,76281,10
13.0394096375,80.193031311,76281,76291,10
13.0387601852,80.1929397583,76291,76312,21
13.0387601852,80.1929397583,76312,76322,10
13.0384101868,80.1928634644,76322,76332,10
13.0378103256,80.1928787231,76332,76342,10
13.037560463,80.1934890747,76342,76352,10
13.0374603271,80.1942214966,76352,76362,10
13.0373601913,80.1948776245,76362,76372,10
13.0372600555,80.1955108643,76372,76382,10
13.0371904373,80.1959762573,76382,76392,10
13.037150383,80.1963729858,76392,76402,10
13.0370397568,80.1970596313,76402,76413,11
13.0369195938,80.1978683472,76413,76423,10
13.0368404388,80.1984863281,76423,76433,10
13.0368099213,80.1987228394,76433,76443,10
13.0367898941,80.1988525391,76443,76453,10
13.0367097855,80.1993789673,76453,76463,10
13.0366001129,80.2001495361,76463,76473,10
13.0364704132,80.2009963989,76473,76483,10
13.0363998413,80.2014389038,76483,76493,10
13.036359787,80.2018127441,76493,76503,10
13.0363502502,80.2018280029,76503,76513,10
13.0362901688,80.2021713257,76513,76524,11
13.036190033,80.2029418945,76524,76534,10
13.0360603333,80.2037734985,76534,76544,10
13.0360002518,80.2043685913,76544,76554,10
13.0359201431,80.2049026489,76554,76564,10
13.0358104706,80.205581665,76564,76574,10
13.0357704163,80.2058868408,76574,76584,10
13.0357198715,80.206199646,76584,76594,10
13.0356302261,80.206817627,76594,76604,10
13.0355195999,80.2076416016,76604,76614,10
13.0354499817,80.2082977295,76614,76624,10
13.0354099274,80.208480835,76624,76635,11
13.035369873,80.2086105347,76635,76645,10
13.0352802277,80.2090911865,76645,76655,10
13.0351896286,80.209777832,76655,76665,10
13.0350103378,80.2106323242,76665,76685,20
13.0350103378,80.2106323242,76685,76695,10
13.034910202,80.2108612061,76695,76705,10
13.0348396301,80.2114868164,76705,76715,10
13.0346899033,80.2121124268,76715,76725,10
13.0341997147,80.2121200562,76725,76735,10
13.0334100723,80.2120132446,76735,76746,11
13.0326404572,80.2119369507,76746,76756,10
13.0325403214,80.2119293213,76756,76766,10
13.032409668,80.2118988037,76766,76776,10
13.0320396423,80.2118301392,76776,76786,10
13.0318803787,80.21144104,76786,76796,10
13.0319795609,80.2107696533,76796,76806,10
13.0320501328,80.2100524902,76806,76816,10
13.0318899155,80.2096405029,76816,76826,10
13.03125,80.209487915,76826,76836,10
13.030380249,80.2092514038,76836,76857,21
13.030380249,80.2092514038,76857,76867,10
13.0303297043,80.2092285156,76867,76877,10
13.030090332,80.2095489502,76877,76897,20
13.030090332,80.2095489502,76897,76907,10
13.0300598145,80.2096481323,76907,76917,10
13.0300798416,80.2098083496,76917,76927,10
13.03028965,80.2098693848,76927,76937,10
13.0307598114,80.2099761963,76937,76947,10
13.030960083,80.2101211548,76947,76958,11
13.0309400558,80.2105102539,76958,76968,10
13.0308904648,80.2110290527,76968,76978,10
13.0308504105,80.2113189697,76978,76988,10
13.0308103561,80.2116699219,76988,76998,10
13.0307598114,80.2119827271,76998,77008,10
13.0306797028,80.2125091553,77008,77018,10
13.030579567,80.2132034302,77018,77028,10
13.0305099487,80.2136230469,77028,77038,10
13.0304498672,80.2139663696,77038,77054,16
13.0303602219,80.2148208618,77054,77066,12
13.0303401947,80.2148895264,77066,77077,11
13.030380249,80.2153930664,77077,77087,10
13.0304002762,80.2160873413,77087,77096,9
13.0304203033,80.2166671753,77096,77106,10
13.0306596756,80.2168884277,77106,77117,11
13.03083992,80.2169036865,77117,77127,10
13.0312204361,80.2169113159,77127,77137,10
13.0314502716,80.2171173096,77137,77147,10
13.0315103531,80.2177505493,77147,77157,10
13.0317697525,80.2183837891,77157,77167,10
13.0322399139,80.218536377,77167,77178,11
13.03221035,80.2192687988,77178,77188,10
13.0321998596,80.2199172974,77188,77198,10
13.0321998596,80.2202987671,77198,77208,10
13.0322198868,80.2203216553,77208,77218,10
13.0322599411,80.2204284668,77218,77228,10
13.0321702957,80.2208786011,77228,77238,10
13.0320100784,80.221496582,77238,77248,10
13.0317201614,80.222038269,77248,77258,10
13.0314397812,80.2226028442,77258,77268,10
13.03125,80.2230377197,77268,77278,10
13.0311603546,80.2236480713,77278,77288,10
13.0311803818,80.2240066528,77288,77305,17
13.0310096741,80.2243499756,77305,77318,13
13.0303201675,80.2243118286,77318,77328,10
13.0297803879,80.224319458,77328,77338,10
13.0291795731,80.2243118286,77338,77348,10
13.0290403366,80.2242584229,77348,77358,10
13.0288801193,80.2241287231,77358,77368,10
13.0285596848,80.2241210938,77368,77378,10
13.028380394,80.2246780396,77378,77388,10
13.0281801224,80.2254867554,77388,77398,10
13.0280504227,80.2262496948,77398,77409,11
13.0279397964,80.2268295288,77409,77418,9
13.0280399323,80.2270584106,77418,77429,11
13.0282096863,80.2270889282,77429,77439,10
13.0284099579,80.2271194458,77439,77449,10
13.028550148,80.2271499634,77449,77459,10
13.0289497375,80.2271881104,77459,77469,10
13.0295801163,80.2272872925,77469,77479,10
13.0302600861,80.2274017334,77479,77489,10
13.0304098129,80.2276916504,77489,77499,10
13.030380249,80.2280197144,77499,77509,10
13.030380249,80.2280502319,77509,77520,11
13.0303297043,80.2284927368,77520,77530,10
13.0302801132,80.229057312,77530,77540,10
13.0305204391,80.2298126221,77540,77550,10
13.0306901932,80.2304534912,77550,77559,9
13.0306997299,80.2306213379,77559,77570,11
13.0306596756,80.2307128906,77570,77580,10
13.0304803848,80.230796814,77580,77590,10
13.029999733,80.2308425903,77590,77600,10
13.0298204422,80.2308425903,77600,77610,10
13.0296802521,80.2308425903,77610,77621,11
13.0291795731,80.2309036255,77621,77631,10
13.0284996033,80.2309417725,77631,77641,10
13.0277900696,80.2310180664,77641,77651,10
13.0276203156,80.231262207,77651,77661,10
13.0277204514,80.2317962646,77661,77671,10
13.0278301239,80.2324295044,77671,77681,10
13.027680397,80.2328567505,77681,77691,10
13.0268297195,80.2329788208,77691,77742,51
13.0268297195,80.2329788208,77742,77758,16
13.0263299942,80.2328720093,77758,77770,12
13.0261898041,80.2323913574,77770,77780,10
13.026140213,80.2320632935,77780,77800,20
13.026140213,80.2320632935,77800,77810,10
13.0260801315,80.2317504883,77810,77820,10
13.0259399414,80.2310791016,77820,77830,10
13.025560379,80.2303009033,77830,77841,11
13.0249595642,80.2294921875,77841,77851,10
13.0245399475,80.2289581299,77851,77861,10
13.0239095688,80.2282180786,77861,77880,19
13.0239095688,80.2282180786,77880,77891,11
13.0237197876,80.2279510498,77891,77901,10
13.023440361,80.2276992798,77901,77911,10
13.0230102539,80.2273025513,77911,77921,10
13.0224599838,80.2267913818,77921,77931,10
13.0218200684,80.2262191772,77931,77941,10
13.0212097168,80.2257232666,77941,77951,10
13.0205402374,80.2252426147,77951,77962,11
13.019659996,80.2246627808,77962,77972,10
13.0186395645,80.2245330811,77972,77982,10
13.0176200867,80.2249832153,77982,77992,10
13.0168304443,80.2253417969,77992,78002,10
13.016409874,80.2255096436,78002,78012,10
13.0160398483,80.2256164551,78012,78022,10
13.0155801773,80.2257766724,78022,78032,10
13.0151395798,80.2259979248,78032,78042,10
13.0146102905,80.2261962891,78042,78052,10
13.014380455,80.2262802124,78052,78063,11
13.0142602921,80.2263183594,78063,78073,10
13.0137796402,80.2264785767,78073,78083,10
13.0131397247,80.2267303467,78083,78093,10
13.0123195648,80.2270278931,78093,78103,10
13.0113401413,80.2274169922,78103,78113,10
13.0102396011,80.2278900146,78113,78123,10
13.00922966,80.2283782959,78123,78133,10
13.008939743,80.2294387817,78133,78149,16
13.0086202621,80.2313079834,78149,78161,12
13.0082902908,80.2327804565,78161,78170,9
13.0082197189,80.2335281372,78170,78180,10
13.0081996918,80.233581543,78180,78192,12
13.0081195831,80.2338485718,78192,78202,10
13.008020401,80.2343215942,78202,78210,8
13.0079402924,80.2347793579,78210,78221,11
13.0078201294,80.2354812622,78221,78232,11
13.0077400208,80.2359313965,78232,78244,12
13.0076599121,80.2363586426,78244,78253,9
13.0076198578,80.2365188599,78253,78263,10
13.0075798035,80.2367477417,78263,78274,11
13.0075397491,80.2369613647,78274,78284,10
13.0075101852,80.2370605469,78284,78295,11
13.0074701309,80.2372283936,78295,78305,10
13.0074100494,80.237487793,78305,78315,10
13.0073404312,80.2378463745,78315,78325,10
13.0072898865,80.2381896973,78325,78335,10
13.0072202682,80.2385787964,78335,78345,10
13.0071296692,80.2389373779,78345,78416,71
13.0071296692,80.2389373779,78416,78426,10
13.007060051,80.2393417358,78426,78436,10
13.0069198608,80.2400512695,78436,78557,121
13.0069198608,80.2400512695,78557,78567,10
13.0068998337,80.2404785156,78567,78577,10
13.0068502426,80.2409210205,78577,78587,10
13.0068397522,80.2409362793,78587,78597,10
13.0067596436,80.2412414551,78597,78608,11
13.0067300797,80.2420425415,78608,78618,10
13.0067100525,80.2426986694,78618,78638,20
13.0067100525,80.2426986694,78638,78648,10
13.0066795349,80.242980957,78648,78729,81
13.0066795349,80.242980957,78729,78739,10
13.0066604614,80.2433395386,78739,78749,10
13.0066604614,80.243927002,78749,78789,40
13.0066604614,80.243927002,78789,78799,10
13.0066795349,80.2443237305,78799,78809,10
13.0066795349,80.2445602417,78809,78819,10
13.0066995621,80.2449188232,78819,78830,11
13.0067195892,80.2454910278,78830,78840,10
13.0067396164,80.2461090088,78840,78850,10
13.0067501068,80.2467803955,78850,78860,10
13.0067396164,80.2475128174,78860,78870,10
13.0067396164,80.248336792,78870,78880,10
13.006819725,80.2491912842,78880,78890,10
13.0068397522,80.2495422363,78890,78900,10
13.0068397522,80.2497787476,78900,78910,10
13.006819725,80.2503814697,78910,78920,10
13.006819725,80.2510986328,78920,78930,10
13.0066795349,80.2519378662,78930,78941,11
13.0065402985,80.2528686523,78941,78951,10
13.0065402985,80.2537612915,78951,78961,10
13.0065803528,80.2545700073,78961,78971,10
13.0066003799,80.2548980713,78971,78981,10
13.0065803528,80.2549972534,78981,78991,10
13.0065898895,80.255569458,78991,79001,10
13.0065898895,80.2564163208,79001,79011,10
13.0066404343,80.2572402954,79011,79102,91
13.0066404343,80.2572402954,79102,79112,10
13.0067796707,80.2573471069,79112,79122,10
13.0064601898,80.2575912476,79122,79132,10
13.0058298111,80.2574615479,79132,79142,10
13.0050601959,80.2572631836,79142,79153,11
13.0041704178,80.2570724487,79153,79163,10
13.0033597946,80.2569198608,79163,79173,10
13.0026798248,80.2567977905,79173,79183,10
13.0018796921,80.256652832,79183,79193,10
13.0009899139,80.2565307617,79193,79203,10
13.0000200272,80.2563705444,79203,79213,10
12.9993200302,80.2562408447,79213,79223,10
12.9985704422,80.2561035156,79223,79233,10
12.998000145,80.2560424805,79233,79243,10
12.9979896545,80.2560501099,79243,79253,10
12.9976797104,80.2560119629,79253,79264,11
12.9969997406,80.2559890747,79264,79274,10
12.9968595505,80.2563171387,79274,79284,10
12.9967899323,80.2571029663,79284,79294,10
12.9967002869,80.2578887939,79294,79304,10
12.9965896606,80.2587585449,79304,79314,10
12.9965200424,80.2595977783,79314,79324,10
12.996430397,80.2604064941,79324,79334,10
12.996339798,80.2612533569,79334,79344,10
12.9962797165,80.2619018555,79344,79354,10
12.9962100983,80.2623825073,79354,79364,10
12.9961900711,80.2624511719,79364,79375,11
12.9961395264,80.262878418,79375,79385,10
12.9960803986,80.2634811401,79385,79395,10
12.9960002899,80.2643280029,79395,79405,10
12.9958896637,80.2653121948,79405,79415,10
12.9957799911,80.2664108276,79415,79425,10
12.9956798553,80.2674102783,79425,79435,10
12.9958696365,80.2676773071,79435,79444,9
12.9961500168,80.2677001953,79444,79455,11
12.9963197708,80.2677230835,79455,79465,10
12.9968395233,80.2677230835,79465,79475,10
12.9975795746,80.2675018311,79475,79486,11
12.998550415,80.2672195435,79486,79496,10
12.9994401932,80.266960144,79496,79506,10
12.9999704361,80.2667007446,79506,79516,10
12.9999799728,80.2666778564,79516,79526,10
13.0000600815,80.2665710449,79526,79536,10
13.0001096725,80.2663269043,79536,79546,10
13.0001497269,80.265953064,79546,79556,10
13.0001802444,80.2657318115,79556,79566,10
13.0002202988,80.2653274536,79566,79576,10
13.000289917,80.2650909424,79576,79586,10
13.0002803802,80.2648925781,79586,79597,11
13.0003299713,80.264503479,79597,79607,10
13.0003995895,80.263999939,79607,79617,10
13.0005502701,80.2633209229,79617,79627,10
13.0007095337,80.2628707886,79627,79637,10
13.0008001328,80.26222229,79637,79647,10
13.000869751,80.2614974976,79647,79657,10
13.0009202957,80.2606735229,79657,79667,10
13.00096035,80.2598114014,79667,79677,10
13.0009498596,80.2591629028,79677,79687,10
13.00096035,80.2584915161,79687,79698,11
13.0009803772,80.2576675415,79698,79708,10
13.0010404587,80.2568664551,79708,79718,10
13.0007696152,80.2564620972,79718,79728,10
13.0000600815,80.2563476563,79728,79738,10
12.9993801117,80.2562179565,79738,79748,10
12.9989595413,80.2561416626,79748,79758,10
12.9987897873,80.256111145,79758,79768,10
12.9983596802,80.2560577393,79768,79778,10
12.9980401993,80.2560195923,79778,79788,10
12.9976997375,80.2560424805,79788,79798,10
12.9976701736,80.2562026978,79798,79808,10
12.997759819,80.2566223145,79808,79839,31
12.997759819,80.2566223145,79839,79849,10
12.9977703094,80.2568130493,79849,79859,10
12.9977197647,80.257019043,79859,79869,10
12.9979200363,80.2571411133,79869,79879,10
12.998290062,80.2571563721,79879,79889,10
12.9984197617,80.2570419312,79889,79899,10
12.9984397888,80.2569122314,79899,79909,10
