13.0983695984,80.2412185669,15,1206,1191
13.0986003876,80.2412185669,1206,13236,12030
13.0986003876,80.2412185669,13236,13246,10
13.0986003876,80.2408370972,13246,13256,10
13.0984201431,80.2405395508,13256,13851,595
13.0984201431,80.2405395508,13851,13862,11
13.0984697342,80.2404632568,13862,14013,151
13.0984697342,80.2404632568,14013,14023,10
13.0985803604,80.2405166626,14023,14033,10
13.098690033,80.2401733398,14033,14043,10
13.0989999771,80.2402420044,14043,14053,10
13.0993404388,80.2403793335,14053,15103,1050
13.0992898941,80.2404022217,15103,15224,121
13.0992898941,80.2404022217,15224,15234,10
13.0993404388,80.2404327393,15234,15376,142
13.0992202759,80.2403717041,15376,15810,434
13.0992202759,80.2403717041,15810,15820,10
13.0994195938,80.2403793335,15820,19598,3778
13.0994195938,80.2403793335,19598,19608,10
13.0994300842,80.2403411865,19608,19799,191
13.0993499756,80.2403793335,19799,20985,1186
13.0993499756,80.2403793335,20985,20995,10
13.0991401672,80.240562439,20995,21005,10
13.0990495682,80.2406997681,21005,21015,10
13.0989999771,80.2408981323,21015,21024,9
13.09897995,80.2410964966,21024,21035,11
13.0989198685,80.2412872314,21035,21045,10
13.0988702774,80.2414703369,21045,21055,10
13.0988197327,80.2416534424,21055,21065,10
13.0987997055,80.2419433594,21065,21643,578
13.0987997055,80.2419433594,21643,21653,10
13.0985097885,80.2423095703,21653,21663,10
13.0982599258,80.2423095703,21663,21674,11
13.0978002548,80.2422409058,21674,21684,10
13.0974502563,80.2421875,21684,21704,20
13.0974502563,80.2421875,21704,21714,10
13.0974397659,80.2418670654,21714,21724,10
13.0975399017,80.2414321899,21724,21734,10
13.0976200104,80.2409591675,21734,21744,10
13.0976800919,80.2403182983,21744,21754,10
13.0977296829,80.2396621704,21754,21764,10
13.0977802277,80.2389221191,21764,21775,11
13.0979404449,80.2380981445,21775,21783,8
13.0980396271,80.2375488281,21783,21795,12
13.0982103348,80.2366485596,21795,21805,10
13.0983400345,80.2359237671,21805,21815,10
13.0984401703,80.2351989746,21815,21825,10
13.0985603333,80.2344436646,21825,21835,10
13.0986204147,80.2337112427,21835,21845,10
13.0986700058,80.2332229614,21845,21855,10
13.0987100601,80.233001709,21855,21865,10
13.0987997055,80.2325286865,21865,21876,11
13.0989704132,80.231918335,21876,21885,9
13.0991897583,80.2313919067,21885,21896,11
13.0994997025,80.230682373,21896,21906,10
13.0996904373,80.2299880981,21906,21916,10
13.0997695923,80.2295837402,21916,21926,10
13.0998401642,80.2290725708,21926,21935,9
13.0999698639,80.2284622192,21935,21946,11
13.100060463,80.2277679443,21946,21956,10
13.1000699997,80.2269668579,21956,21966,10
13.1000204086,80.2262573242,21966,21977,11
13.0999403,80.225479126,21977,21987,10
13.0998096466,80.2248535156,21987,21997,10
13.0995998383,80.2241210938,21997,22007,10
13.0991601944,80.2234191895,22007,22017,10
13.0991601944,80.2234191895,22017,22027,10
13.0989599228,80.2231826782,22027,22037,10
13.0987796783,80.2229309082,22037,22047,10
13.098739624,80.2223815918,22047,22057,10
13.0988101959,80.2215805054,22057,22067,10
13.09897995,80.2206268311,22067,22077,10
13.099149704,80.2197418213,22077,22088,11
13.0992298126,80.219291687,22088,22098,10
13.0993003845,80.2188110352,22098,22108,10
13.0994195938,80.2180633545,22108,22118,10
13.0995998383,80.2171478271,22118,22128,10
13.0998897552,80.2163162231,22128,22137,9
13.0999298096,80.2159805298,22137,22149,12
13.1000499725,80.2156600952,22149,22159,10
13.1001996994,80.2152633667,22159,22169,10
13.100279808,80.2148895264,22169,22212,43
13.1002998352,80.2147598267,22212,22242,30
13.1002998352,80.2147598267,22242,22252,10
13.1002101898,80.2145385742,22252,22262,10
13.1000499725,80.2144699097,22262,22272,10
13.0998802185,80.2144317627,22272,22282,10
13.0994796753,80.2143173218,22282,22292,10
13.0989704132,80.2141494751,22292,22302,10
13.0984897614,80.2140579224,22302,22313,11
13.09815979,80.2147674561,22313,22323,10
13.0978403091,80.2155227661,22323,22333,10
13.0974502563,80.2164382935,22333,22343,10
13.097319603,80.2168197632,22343,22353,10
13.0972700119,80.2169036865,22353,22363,10
13.0971002579,80.2173919678,22363,22373,10
13.0968103409,80.2181472778,22373,22382,9
13.0965499878,80.2188796997,22382,22393,11
13.0961399078,80.2200927734,22393,22403,10
13.0958003998,80.2210769653,22403,22414,11
13.0955200195,80.2219161987,22414,22424,10
13.0953397751,80.2224578857,22424,22434,10
13.0953197479,80.2225036621,22434,22444,10
13.0951900482,80.2228164673,22444,22454,10
13.0948696136,80.2234420776,22454,22464,10
13.0943098068,80.2242431641,22464,22473,9
13.0937404633,80.2249832153,22473,22485,12
13.093629837,80.2250976563,22485,22495,10
13.0934000015,80.2253189087,22495,22505,10
13.0929203033,80.2258071899,22505,22515,10
13.0923299789,80.2264175415,22515,22527,12
13.091509819,80.2272720337,22527,22537,10
13.0909500122,80.2278671265,22537,22547,10
13.0902900696,80.2285995483,22547,22557,10
13.0896596909,80.229309082,22557,22567,10
13.0891599655,80.2301330566,22567,22578,11
13.0890197754,80.2304229736,22578,22588,10
13.0888204575,80.2309036255,22588,22598,10
13.088809967,80.2309188843,22598,22608,10
13.0886497498,80.2312698364,22608,22619,11
13.0883703232,80.2320404053,22619,22629,10
13.0881299973,80.2329483032,22629,22639,10
13.0879802704,80.2339019775,22639,22649,10
13.0876903534,80.2345428467,22649,22659,10
13.0869503021,80.2345733643,22659,22669,10
13.0860700607,80.2344284058,22669,22689,20
13.0860700607,80.2344284058,22689,22699,10
13.0858297348,80.2343597412,22699,22709,10
13.085269928,80.2342071533,22709,22720,11
13.0845899582,80.2340393066,22720,22730,10
13.0839300156,80.2339096069,22730,22740,10
13.0835103989,80.2338180542,22740,22750,10
13.0831003189,80.2337799072,22750,22760,10
13.0825500488,80.2336502075,22760,22770,10
13.0823698044,80.2336196899,22770,22780,10
13.0819997787,80.2335586548,22780,22790,10
13.0812997818,80.2335205078,22790,22800,10
13.0805101395,80.2334899902,22800,22810,10
13.0798101425,80.2334899902,22810,22821,11
13.0795297623,80.2334823608,22821,22831,10
13.0793104172,80.2334976196,22831,22841,10
13.0787601471,80.2335205078,22841,22851,10
13.0779399872,80.2335510254,22851,22861,10
13.077050209,80.2336578369,22861,22871,10
13.0762901306,80.2338104248,22871,22881,10
13.0760002136,80.2338562012,22881,22891,10
13.0758199692,80.2339782715,22891,22901,10
13.0759496689,80.2345581055,22901,22911,10
13.0761098862,80.2353973389,22911,22921,10
13.0762796402,80.236328125,22921,22932,11
13.0764303207,80.2371063232,22932,22942,10
13.0764598846,80.2371368408,22942,22952,10
13.0764598846,80.2373199463,22952,22962,10
13.0766000748,80.2378005981,22962,22972,10
13.0767402649,80.2385406494,22972,22982,10
13.07695961,80.2394714355,22982,22992,10
13.0771303177,80.2403182983,22992,23002,10
13.0771598816,80.2404785156,23002,23012,10
13.0771303177,80.2406997681,23012,23022,10
13.0765600204,80.2406234741,23022,23032,10
13.0756797791,80.2405319214,23032,23043,11
13.0745601654,80.2405319214,23043,23059,16
13.0728998184,80.240852356,23059,23071,12
13.0718898773,80.2414016724,23071,23081,10
13.0712099075,80.2417068481,23081,23090,9
13.0704097748,80.2419586182,23090,23101,11
13.0701704025,80.2420425415,23101,23110,9
13.0699996948,80.2420578003,23110,23121,11
13.069319725,80.2422637939,23121,23131,10
13.068570137,80.2425384521,23131,23142,11
13.067489624,80.2428817749,23142,23152,10
13.0665798187,80.243270874,23152,23162,10
13.0661201477,80.2439117432,23162,23172,10
13.0662498474,80.2448272705,23172,23182,10
13.0663404465,80.2455215454,23182,23192,10
13.0667695999,80.2460479736,23192,23202,10
13.067609787,80.2464065552,23202,23212,10
13.0678195953,80.2465820313,23212,23222,10
13.0678701401,80.2466583252,23222,23232,10
13.0679101944,80.2471923828,23232,23242,10
13.067779541,80.2478485107,23242,23253,11
13.0668401718,80.2478637695,23253,23263,10
13.0658197403,80.2477874756,23263,23273,10
13.0647201538,80.2477035522,23273,23283,10
13.063659668,80.2476425171,23283,23299,16
13.0619802475,80.2475814819,23299,23311,12
13.0613603592,80.2470321655,23311,23319,8
13.0617103577,80.2466278076,23319,23331,12
13.0620002747,80.2456436157,23331,23341,10
13.0626001358,80.2448883057,23341,23351,10
13.0631999969,80.2443313599,23351,23362,11
13.0632295609,80.2442932129,23362,23372,10
13.0633897781,80.2440490723,23372,23382,10
13.06346035,80.2435531616,23382,23392,10
13.0628004074,80.2433929443,23392,23402,10
13.061920166,80.2432098389,23402,23412,10
13.0614204407,80.2431335449,23412,23422,10
13.0611200333,80.2430725098,23422,23432,10
13.0606298447,80.2428894043,23432,23442,10
13.0599498749,80.2426528931,23442,23452,10
13.059220314,80.2425003052,23452,23462,10
13.0587596893,80.2425613403,23462,23473,11
13.0586500168,80.2425689697,23473,23483,10
13.0581598282,80.2426681519,23483,23493,10
13.0573997498,80.2427902222,23493,23503,10
13.0567598343,80.24269104,23503,23513,10
13.0560798645,80.2423782349,23513,23523,10
13.0551996231,80.2422637939,23523,23533,10
13.0542898178,80.2423324585,23533,23543,10
13.0537595749,80.2422180176,23543,23553,10
13.0536003113,80.2421188354,23553,23563,10
13.0530595779,80.2418670654,23563,23575,12
13.0523700714,80.2414627075,23575,23585,10
13.0521602631,80.2410430908,23585,23595,10
13.0519599915,80.2407608032,23595,23605,10
13.0515899658,80.2406692505,23605,23615,10
13.0511398315,80.2405776978,23615,23625,10
13.0510101318,80.2405471802,23625,23635,10
13.0507497787,80.2405014038,23635,23645,10
13.050160408,80.2403717041,23645,23655,10
13.0494203568,80.2402114868,23655,23665,10
13.048620224,80.2400512695,23665,23676,11
13.0476198196,80.2398376465,23676,23686,10
13.0466804504,80.2396392822,23686,23696,10
13.0462799072,80.2395629883,23696,23706,10
13.0462703705,80.2393569946,23706,23716,10
13.0464200974,80.2388687134,23716,23726,10
13.0465402603,80.2381896973,23726,23736,10
13.0467395782,80.2373962402,23736,23746,10
13.0468997955,80.2365036011,23746,23756,10
13.0470199585,80.2360305786,23756,23766,10
13.0471000671,80.2356414795,23766,23776,10
13.0471401215,80.2352523804,23776,23787,11
13.0472097397,80.2343978882,23787,23797,10
13.0473299026,80.233581543,23797,23807,10
13.0473899841,80.2332000732,23807,23817,10
13.0471096039,80.2330093384,23817,23827,10
13.0464000702,80.2328567505,23827,23837,10
13.0455799103,80.2326965332,23837,23847,10
13.0452404022,80.2326431274,23847,23857,10
13.0447902679,80.2325515747,23857,23867,10
13.0439796448,80.2324066162,23867,23877,10
13.043129921,80.2323074341,23877,23888,11
13.0423402786,80.2322998047,23888,23898,10
13.0415201187,80.2321777344,23898,23908,10
13.0405502319,80.2318572998,23908,23917,9
13.0396699905,80.2315673828,23917,23927,10
13.0388698578,80.2313690186,23927,23938,11
13.0379400253,80.2310714722,23938,23948,10
13.03703022,80.2307891846,23948,23958,10
13.0366697311,80.2306976318,23958,23968,10
13.0361700058,80.2305297852,23968,23978,10
13.0355997086,80.2303466797,23978,23988,10
13.0352697372,80.2302780151,23988,23999,11
13.0347795486,80.2302627563,23999,24009,10
13.034620285,80.2302780151,24009,24019,10
13.0344104767,80.2303390503,24019,24029,10
13.0341396332,80.2304000854,24029,24039,10
13.0341300964,80.2304000854,24039,24049,10
13.0340003967,80.2304000854,24049,24059,10
13.0337400436,80.2304000854,24059,24069,10
13.0334796906,80.2304229736,24069,24079,10
13.0330600739,80.2304534912,24079,24089,10
13.0324602127,80.2305221558,24089,24100,11
13.031709671,80.2305908203,24100,24110,10
13.0309095383,80.2306594849,24110,24120,10
13.0303096771,80.2307128906,24120,24130,10
13.029999733,80.2307510376,24130,24139,9
13.0296297073,80.230796814,24139,24150,11
13.0290403366,80.2308502197,24150,24160,10
13.0283699036,80.2309188843,24160,24170,10
13.0279302597,80.23097229,24170,24180,10
13.0276699066,80.2310333252,24180,24190,10
13.0276699066,80.2314224243,24190,24200,10
13.0277299881,80.2319564819,24200,24211,11
13.0278501511,80.2325897217,24211,24221,10
13.0274896622,80.2328567505,24221,24231,10
13.0269804001,80.2329483032,24231,24251,20
13.0269804001,80.2329483032,24251,24261,10
13.02684021,80.2330093384,24261,24271,10
13.0264701843,80.2328872681,24271,24281,10
13.0262403488,80.2322311401,24281,24291,10
13.0260000229,80.2313079834,24291,24301,10
13.0255804062,80.2302627563,24301,24312,11
13.0248403549,80.2292633057,24312,24322,10
13.0243597031,80.2285995483,24322,24331,9
13.0239200592,80.228012085,24331,24342,11
13.0230903625,80.2272109985,24342,24352,10
13.0222501755,80.2264480591,24352,24362,10
13.0214500427,80.2258224487,24362,24372,10
13.0206804276,80.2252426147,24372,24382,10
13.0200996399,80.2248687744,24382,24392,10
13.0200500488,80.2248382568,24392,24402,10
13.0199403763,80.2248001099,24402,24412,10
13.0194597244,80.2245483398,24412,24423,11
13.0185003281,80.2246170044,24423,24433,10
13.017539978,80.2249984741,24433,24443,10
13.0165596008,80.225402832,24443,24453,10
13.0157804489,80.2256774902,24453,24463,10
13.0149497986,80.2260131836,24463,24473,10
13.014380455,80.2262420654,24473,24483,10
13.014289856,80.2262802124,24483,24493,10
13.0142297745,80.2262573242,24493,24503,10
13.0138502121,80.2264328003,24503,24513,10
13.0131196976,80.2267074585,24513,24523,10
13.0121803284,80.2270584106,24523,24534,11
13.0110397339,80.2275314331,24534,24544,10
13.0099697113,80.2279663086,24544,24554,10
13.0091495514,80.228553772,24554,24564,10
13.0089302063,80.2295684814,24564,24574,10
13.0087299347,80.2306976318,24574,24584,10
13.0085000992,80.231842041,24584,24594,10
13.0083198547,80.2328491211,24594,24604,10
13.0082397461,80.233543396,24604,24614,10
13.0082302094,80.2335586548,24614,24624,10
13.0081501007,80.2337265015,24624,24635,11
13.008099556,80.2340011597,24635,24645,10
13.0079698563,80.2345962524,24645,24655,10
13.007809639,80.235458374,24655,24665,10
13.0075998306,80.2365112305,24665,24675,10
13.007399559,80.2375411987,24675,24685,10
13.007229805,80.2385177612,24685,24695,10
13.0070896149,80.2393569946,24695,24705,10
13.0069799423,80.2399215698,24705,24715,10
13.0069198608,80.2401580811,24715,24725,10
13.0068397522,80.2406997681,24725,24735,10
13.0068101883,80.2410125732,24735,24746,11
13.0067501068,80.2416992188,24746,24756,10
13.0067195892,80.2425308228,24756,24766,10
13.0066699982,80.2434616089,24766,24776,10
13.0066204071,80.2443084717,24776,24786,10
13.0066404343,80.2452926636,24786,24796,10
13.0067195892,80.2464599609,24796,24826,30
13.0067195892,80.2464599609,24826,24836,10
13.006770134,80.2467803955,24836,24847,11
13.0067596436,80.2474212646,24847,24857,10
13.0067501068,80.2482681274,24857,24867,10
13.0068597794,80.2491912842,24867,24883,16
13.0068998337,80.2494812012,24883,24895,12
13.0068798065,80.25,24895,24905,10
13.0068302155,80.2505722046,24905,24913,8
13.0068502426,80.2512817383,24913,24925,12
13.0066699982,80.2521591187,24925,24935,10
13.0065898895,80.2531890869,24935,24945,10
13.0066099167,80.2543411255,24945,24956,11
13.0066204071,80.2548828125,24956,24966,10
13.0065803528,80.2549362183,24966,24975,9
13.0066003799,80.2553100586,24975,24986,11
13.0066003799,80.2561416626,24986,24996,10
13.0067396164,80.2571792603,24996,25077,81
13.0067396164,80.2571792603,25077,25087,10
13.0067501068,80.2573699951,25087,25097,10
13.006360054,80.2575378418,25097,25107,10
13.0058097839,80.2573928833,25107,25117,10
13.0051498413,80.257232666,25117,25127,10
13.0044202805,80.2570724487,25127,25137,10
13.0035600662,80.2568893433,25137,25147,10
13.0027799606,80.2567367554,25147,25157,10
13.001950264,80.2565994263,25157,25168,11
13.0010299683,80.2564697266,25168,25178,10
13.0002603531,80.256362915,25178,25188,10
13.0001602173,80.2563400269,25188,25198,10
12.9998197556,80.2562713623,25198,25208,10
12.9991197586,80.256111145,25208,25218,10
12.9983701706,80.2559967041,25218,25228,10
12.9979295731,80.2559585571,25228,25238,10
12.9975795746,80.2559204102,25238,25248,10
12.9974002838,80.255897522,25248,25258,10
12.9972000122,80.2558898926,25258,25268,10
12.996919632,80.2561416626,25268,25279,11
12.9968500137,80.2567901611,25279,25289,10
12.9967899323,80.2576217651,25289,25299,10
12.9966802597,80.2585906982,25299,25309,10
12.9965896606,80.2594070435,25309,25319,10
12.9965000153,80.2601776123,25319,25329,10
12.9964199066,80.2609634399,25329,25346,17
12.9962997437,80.2619628906,25346,25358,12
12.9962301254,80.2624130249,25358,25366,8
12.9961795807,80.2626190186,25366,25379,13
12.9961204529,80.2632217407,25379,25389,10
12.9960699081,80.2639083862,25389,25397,8
12.9959897995,80.2646026611,25397,25409,12
12.9958600998,80.2657394409,25409,25419,10
12.995759964,80.2667007446,25419,25429,10
12.9956998825,80.2674865723,25429,25439,10
12.9959602356,80.2676773071,25439,25449,10
12.9961299896,80.2677001953,25449,25459,10
12.9962797165,80.2677612305,25459,25469,10
12.9967098236,80.2678222656,25469,25479,10
12.9975099564,80.267616272,25479,25490,11
12.9984397888,80.2673416138,25490,25500,10
12.9991998672,80.2671127319,25500,25510,10
12.9999704361,80.2668533325,25510,25520,10
13.0001401901,80.2665710449,25520,25530,10
13.0002002716,80.2661590576,25530,25540,10
13.0002403259,80.2658081055,25540,25550,10
13.0003204346,80.2659225464,25550,26580,1030
13.0002098083,80.2662734985,26580,27145,565
13.0002098083,80.2662734985,27145,27155,10
13.0002403259,80.2662277222,27155,27165,10
13.0002498627,80.266418457,27165,27185,20
13.0002498627,80.266418457,27185,27196,11
13.0002698898,80.2666778564,27196,27206,10
13.0001802444,80.2668228149,27206,27216,10
12.9998998642,80.2669067383,27216,27226,10
12.9993400574,80.2670288086,27226,27236,10
12.9985799789,80.2671966553,27236,27246,10
12.9979400635,80.2674026489,27246,27256,10
12.9972696304,80.2676315308,27256,27266,10
12.9966001511,80.2677612305,27266,27276,10
12.9960803986,80.2677230835,27276,27286,10
12.9957199097,80.267616272,27286,27297,11
12.9957199097,80.2673797607,27297,27307,10
12.9957304001,80.267288208,27307,27317,10
12.9957895279,80.2668228149,27317,27327,10
12.995880127,80.2660598755,27327,27337,10
12.9959897995,80.2651367188,27337,27347,10
12.9960899353,80.264213562,27347,27357,10
12.9961795807,80.2633209229,27357,27365,8
12.9962301254,80.2628936768,27365,27377,12
12.9962797165,80.2625427246,27377,27387,10
12.9963197708,80.2623519897,27387,27397,10
12.9963598251,80.2619400024,27397,27408,11
12.9964399338,80.2613601685,27408,27418,10
12.9965200424,80.2605514526,27418,27428,10
12.9965896606,80.259803772,27428,27438,10
12.9966802597,80.2590179443,27438,27448,10
12.9967699051,80.2582168579,27448,27458,10
12.9968595505,80.2572402954,27458,27468,10
12.9969100952,80.256362915,27468,27509,41
12.9969100952,80.256362915,27509,27519,10
12.9969501495,80.256072998,27519,27529,10
12.9972600937,80.2558822632,27529,27539,10
12.9978504181,80.2559204102,27539,27549,10
12.9986000061,80.2560195923,27549,27587,38
12.9986000061,80.2560195923,27587,27597,10
12.9988098145,80.2560806274,27597,27607,10
12.9992399216,80.2561264038,27607,27658,51
12.9992399216,80.2561264038,27658,27668,10
12.9993200302,80.256187439,27668,27678,10
12.9997396469,80.2562713623,27678,27688,10
13.0002498627,80.256362915,27688,27698,10
13.000749588,80.2564620972,27698,27708,10
13.0009298325,80.2564926147,27708,27719,11
13.0012798309,80.2565536499,27719,27729,10
13.0017499924,80.2566375732,27729,27739,10
13.0023403168,80.2567214966,27739,27749,10
13.0029802322,80.2568283081,27749,27759,10
13.0037603378,80.256980896,27759,27769,10
13.0046195984,80.2571411133,27769,27779,10
13.005399704,80.257270813,27779,27789,10
13.0058803558,80.2573928833,27789,27799,10
13.0061597824,80.2574386597,27799,27809,10
13.0065402985,80.2574005127,27809,27826,17
13.0065498352,80.256187439,27826,27838,12
13.0065803528,80.2550201416,27838,27848,10
13.0065603256,80.2540435791,27848,27858,10
13.0065498352,80.2532272339,27858,27868,10
13.0065402985,80.2531890869,27868,27878,10
13.0065498352,80.2528762817,27878,27887,9
13.0065803528,80.2523880005,27887,27949,62
13.0065803528,80.2523880005,27949,27959,10
13.0066604614,80.252243042,27959,27969,10
13.0067300797,80.2518005371,27969,27979,10
13.0068397522,80.2511367798,27979,27989,10
13.006819725,80.250289917,27989,27999,10
13.0067996979,80.2495803833,27999,28009,10
13.0067996979,80.2493972778,28009,28019,10
13.0067501068,80.2488021851,28019,28029,10
13.0066900253,80.2482376099,28029,28140,111
13.0066900253,80.2482376099,28140,28150,10
13.0066604614,80.2479476929,28150,28161,11
13.0066604614,80.247428894,28161,28171,10
13.0066604614,80.2468566895,28171,28181,10
13.0066299438,80.2467575073,28181,28191,10
13.0066204071,80.2467193604,28191,28201,10
13.0066699982,80.2463302612,28201,28211,10
13.0066604614,80.24559021,28211,28221,10
13.006649971,80.244682312,28221,28231,10
13.0066404343,80.243850708,28231,28241,10
13.0066099167,80.2432632446,28241,28251,10
13.0065898895,80.2425308228,28251,28262,11
13.0065898895,80.2416687012,28262,28272,10
13.0066003799,80.2415084839,28272,28282,10
13.0066299438,80.2412185669,28282,28292,10
13.0067195892,80.240562439,28292,28302,10
13.0068702698,80.239730835,28302,28312,10
13.0070800781,80.2387237549,28312,28322,10
13.0073099136,80.2376708984,28322,28332,10
13.0074396133,80.2367706299,28332,28352,20
13.0074396133,80.2367706299,28352,28362,10
13.0075798035,80.2364807129,28362,28373,11
13.0077295303,80.235786438,28373,28383,10
13.007900238,80.2349319458,28383,28393,10
13.0081100464,80.23387146,28393,28403,10
13.0083398819,80.2326812744,28403,28413,10
13.0085697174,80.2314910889,28413,28423,10
13.0087995529,80.2302932739,28423,28433,10
13.0090398788,80.2291107178,28433,28443,10
13.0093202591,80.2279815674,28443,28453,10
13.0097999573,80.2269287109,28453,28463,10
13.0102596283,80.2259521484,28463,28474,11
13.0107803345,80.224899292,28474,28484,10
13.0111904144,80.2239608765,28484,28494,10
13.0113697052,80.2234802246,28494,28504,10
13.0113601685,80.2234573364,28504,28514,10
13.0113697052,80.2233581543,28514,28524,10
13.0115604401,80.2229614258,28524,28534,10
13.0118398666,80.2222213745,28534,28544,10
13.0121603012,80.2215118408,28544,28554,10
13.0123796463,80.2215576172,28554,28564,10
13.0126304626,80.2219619751,28564,28575,11
13.0131998062,80.2226028442,28575,28585,10
13.0138196945,80.2232971191,28585,28595,10
13.0143604279,80.2239379883,28595,28605,10
13.014840126,80.2244110107,28605,28615,10
13.014960289,80.2245483398,28615,28625,10
13.0152196884,80.2248001099,28625,28635,10
13.0156202316,80.2251281738,28635,28655,20
13.0156202316,80.2251281738,28655,28665,10
13.0157604218,80.2252426147,28665,28675,10
13.0162401199,80.2253875732,28675,28686,11
13.016960144,80.2251968384,28686,28696,10
13.0176296234,80.2249221802,28696,28706,10
13.0185604095,80.2245407104,28706,28716,10
13.0193395615,80.2243728638,28716,28726,10
13.0197601318,80.2245178223,28726,28736,10
13.0201301575,80.2248001099,28736,28746,10
13.0206604004,80.2251815796,28746,28756,10
13.0210800171,80.2255172729,28756,28766,10
13.0215396881,80.2258834839,28766,28776,10
13.0219898224,80.2261810303,28776,28787,11
13.0220003128,80.2261886597,28787,28797,10
13.0221395493,80.226348877,28797,28807,10
13.022600174,80.2267379761,28807,28817,10
13.0232200623,80.2273178101,28817,28827,10
13.023900032,80.2279434204,28827,28837,10
13.0243196487,80.2283935547,28837,28847,10
13.0247001648,80.2289581299,28847,28857,10
13.0250701904,80.2294616699,28857,28867,10
13.0254898071,80.2300033569,28867,28877,10
13.0258398056,80.2306213379,28877,28887,10
13.0260000229,80.2311630249,28887,28898,11
13.0262298584,80.2313537598,28898,28908,10
13.0267496109,80.2312316895,28908,28918,10
13.0276498795,80.2310180664,28918,28928,10
13.028459549,80.2309494019,28928,28938,10
13.0285997391,80.2309417725,28938,28948,10
13.0287704468,80.2309570313,28948,28958,10
13.029299736,80.2309036255,28958,28968,10
13.0297002792,80.2308425903,28968,28978,10
13.0303497314,80.2307815552,28978,28988,10
13.0310201645,80.2307281494,28988,28998,10
13.0318002701,80.230682373,28998,29009,11
13.0327501297,80.2305984497,29009,29019,10
13.0335702896,80.2305374146,29019,29029,10
13.0344295502,80.2304382324,29029,29059,30
13.0344295502,80.2304382324,29059,29069,10
13.0346803665,80.2303771973,29069,29098,29
13.0346803665,80.2303771973,29098,29110,12
13.0349597931,80.2304000854,29110,29120,10
13.0349798203,80.2307662964,29120,29131,11
13.0348901749,80.231338501,29131,29140,9
13.034819603,80.2319107056,29140,29151,11
13.0347003937,80.2326965332,29151,29161,10
13.0346403122,80.2331314087,29161,29171,10
13.0345802307,80.2335586548,29171,29180,9
13.0345001221,80.2340316772,29180,29191,11
13.0343999863,80.2349472046,29191,29200,9
13.0342998505,80.2356796265,29200,29210,10
13.0341997147,80.2365570068,29210,29222,12
13.0341596603,80.2370681763,29222,29232,10
13.0342102051,80.2372589111,29232,29242,10
13.0345201492,80.237701416,29242,29252,10
13.0348701477,80.23828125,29252,29262,10
13.035320282,80.2390365601,29262,29272,10
13.0356998444,80.2393798828,29272,29282,10
13.0361795425,80.239440918,29282,29292,10
13.0366401672,80.2395019531,29292,29302,10
13.0373001099,80.2395782471,29302,29311,9
13.038020134,80.2396621704,29311,29322,11
13.0388803482,80.2397689819,29322,29333,11
13.0396900177,80.2398834229,29333,29343,10
13.0403299332,80.2399978638,29343,29353,10
13.0404100418,80.2404174805,29353,29363,10
13.0409297943,80.2405929565,29363,29373,10
13.0409603119,80.2406005859,29373,29383,10
13.0411100388,80.2406463623,29383,29393,10
13.041680336,80.2406997681,29393,29403,10
13.0424995422,80.2408218384,29403,29413,10
13.0433702469,80.2409362793,29413,29423,10
13.0441102982,80.2409667969,29423,29434,11
13.0446901321,80.2405319214,29434,29474,40
13.0446901321,80.2405319214,29474,29484,10
13.044960022,80.2403030396,29484,29494,10
13.0454797745,80.2399597168,29494,29504,10
13.0460796356,80.2395782471,29504,29514,10
13.0464096069,80.2395935059,29514,29524,10
13.0465202332,80.2396469116,29524,29534,10
13.0468902588,80.2397232056,29534,29545,11
13.0475797653,80.2398681641,29545,29555,10
13.0478801727,80.2399368286,29555,29565,10
13.0484800339,80.2400588989,29565,29575,10
13.0492601395,80.2402191162,29575,29585,10
13.0500097275,80.2403564453,29585,29595,10
13.0508098602,80.2405014038,29595,29605,10
13.0512800217,80.2406082153,29605,29615,10
13.0513601303,80.2406082153,29615,29625,10
13.0517196655,80.2406768799,29625,29635,10
13.052359581,80.2408981323,29635,29656,21
13.052359581,80.2408981323,29656,29666,10
13.052479744,80.2409820557,29666,29676,10
13.0526103973,80.2414169312,29676,29686,10
13.0531196594,80.2418670654,29686,29696,10
13.0538702011,80.2422180176,29696,29706,10
13.0540103912,80.2422485352,29706,29716,10
13.0540704727,80.2422790527,29716,29726,10
13.0544996262,80.2423629761,29726,29736,10
13.0553302765,80.2422714233,29736,29746,10
13.0561304092,80.24243927,29746,29757,11
13.0566196442,80.2426528931,29757,29797,40
13.0566196442,80.2426528931,29797,29807,10
13.0569095612,80.2426376343,29807,29817,10
13.0573301315,80.2428512573,29817,29827,10
13.0577001572,80.2428207397,29827,29837,10
13.0579595566,80.2427978516,29837,29847,10
13.0584802628,80.2426223755,29847,29857,10
13.0590896606,80.2425231934,29857,29868,11
13.0597200394,80.2425765991,29868,29878,10
13.0603599548,80.2428207397,29878,29888,10
13.0609502792,80.2430267334,29888,29898,10
13.0613603592,80.2431488037,29898,29908,10
13.0619096756,80.2432632446,29908,29918,10
13.0624904633,80.243347168,29918,29928,10
13.0625696182,80.2433624268,29928,29938,10
13.0629997253,80.2434387207,29938,29948,10
13.0637302399,80.2435073853,29948,29958,10
13.0642595291,80.2435379028,29958,29969,11
13.0651102066,80.2435684204,29969,29979,10
13.0657396317,80.243560791,29979,30029,50
13.0657396317,80.243560791,30029,30039,10
13.0658302307,80.2436218262,30039,30049,10
13.0662403107,80.2434997559,30049,30059,10
13.0668201447,80.2432632446,30059,30069,10
13.0676002502,80.2428970337,30069,30080,11
13.0685997009,80.2426223755,30080,30090,10
13.0692596436,80.2423095703,30090,30100,10
13.0696401596,80.2421875,30100,30110,10
13.0697698593,80.2421798706,30110,30120,10
13.0699300766,80.2421798706,30120,30130,10
13.0700998306,80.2421188354,30130,30140,10
13.070110321,80.2421188354,30140,30150,10
13.0701799393,80.2421569824,30150,30160,10
13.0703201294,80.2420806885,30160,30170,10
13.0704402924,80.2420425415,30170,30181,11
13.0706501007,80.2419281006,30181,30241,60
13.0706501007,80.2419281006,30241,30251,10
13.0711202621,80.2418136597,30251,30261,10
13.0713996887,80.2416763306,30261,30271,10
13.0716400146,80.241569519,30271,30281,10
13.0719995499,80.2413635254,30281,30292,11
13.0725402832,80.2410202026,30292,30302,10
13.072640419,80.2409591675,30302,30312,10
13.0728797913,80.240852356,30312,30322,10
13.073340416,80.2407302856,30322,30332,10
13.0737895966,80.2406082153,30332,30342,10
13.0744600296,80.2405090332,30342,30352,10
13.0754804611,80.2404937744,30352,30362,10
13.0764904022,80.2405166626,30362,30372,10
13.0768203735,80.2406005859,30372,30382,10
13.0771303177,80.2405166626,30382,30392,10
13.0771398544,80.2400512695,30392,30403,11
13.0769195557,80.2391662598,30403,30413,10
13.0766897202,80.2385025024,30413,30433,20
13.0766897202,80.2385025024,30433,30443,10
13.0766601563,80.2382278442,30443,30453,10
13.0765895844,80.2378768921,30453,30463,10
13.076499939,80.2375717163,30463,30473,10
13.0764799118,80.2373580933,30473,30483,10
13.076499939,80.2373275757,30483,30493,10
13.0763998032,80.2369613647,30493,30504,11
13.0762796402,80.2361907959,30504,30514,10
13.0760297775,80.2350921631,30514,30524,10
13.0760297775,80.2350921631,30524,30534,10
13.0759496689,80.2347793579,30534,30554,20
13.0759496689,80.2347793579,30554,30564,10
13.0758399963,80.2344436646,30564,30574,10
13.0757703781,80.2341690063,30574,30617,43
13.0757703781,80.2341690063,30617,30627,10
13.0758399963,80.23387146,30627,30637,10
13.0762195587,80.2337799072,30637,30647,10
13.0766801834,80.2337188721,30647,30657,10
13.0768003464,80.2337188721,30657,30667,10
13.0773200989,80.2336425781,30667,30677,10
13.0781602859,80.2335968018,30677,30687,10
13.0789699554,80.2335510254,30687,30697,10
13.0796298981,80.2335510254,30697,30707,10
13.0801801682,80.2335281372,30707,30718,11
13.0803499222,80.233543396,30718,30728,10
13.080739975,80.2335662842,30728,30738,10
13.0814199448,80.233581543,30738,30748,10
13.0819301605,80.2335968018,30748,30758,10
13.0820503235,80.2331619263,30758,30768,10
13.0821800232,80.2325363159,30768,30778,10
13.0823602676,80.2319412231,30778,30788,10
13.082570076,80.2313232422,30788,30798,10
13.0827102661,80.2310409546,30798,30808,10
13.0829401016,80.230682373,30808,30818,10
13.0831804276,80.2310180664,30818,30829,11
13.0832004547,80.2319107056,30829,30845,16
13.0833501816,80.2331314087,30845,30857,12
13.0836200714,80.2338485718,30857,30867,10
13.0841197968,80.2339630127,30867,30877,10
13.0841999054,80.2340011597,30877,30887,10
13.0843400955,80.2340621948,30887,30897,10
13.0846300125,80.23412323,30897,30907,10
13.0852804184,80.2342681885,30907,30917,10
13.0861101151,80.2344818115,30917,30927,10
13.0868396759,80.2345733643,30927,30938,11
13.0877199173,80.2345275879,30938,30948,10
13.0880002975,80.233833313,30948,30958,10
13.0881795883,80.2328262329,30958,30968,10
13.0884304047,80.2317886353,30968,30978,10
13.0889797211,80.2303771973,30978,30997,19
13.0889797211,80.2303771973,30997,31009,12
13.0891199112,80.2301101685,31009,31019,10
13.0894203186,80.2295303345,31019,31029,10
13.0900001526,80.228843689,31029,31040,11
13.0907802582,80.2280273438,31040,31050,10
13.0914001465,80.2273406982,31050,31060,10
13.0915002823,80.2272186279,31060,31070,10
13.0916595459,80.2271118164,31070,31080,10
13.0920600891,80.2266769409,31080,31090,10
13.0926103592,80.2261123657,31090,31100,10
13.0933103561,80.2254104614,31100,31110,10
13.0936002731,80.2250595093,31110,31120,10
13.0939903259,80.2246322632,31120,31130,10
13.0945196152,80.2239532471,31130,31140,10
13.0950698853,80.2230987549,31140,31151,11
13.0954704285,80.2220687866,31151,31161,10
13.0957899094,80.2211685181,31161,31171,10
13.0960597992,80.220413208,31171,31181,10
13.0961503983,80.2200622559,31181,31191,10
13.0961704254,80.2200164795,31191,31201,10
13.0963001251,80.2196426392,31201,31217,16
13.0965595245,80.2189178467,31217,31229,12
13.096830368,80.2181167603,31229,31240,11
13.0971097946,80.217300415,31240,31249,9
13.0973501205,80.2166366577,31249,31260,11
13.097700119,80.2157897949,31260,31270,10
13.0980396271,80.2149887085,31270,31280,10
13.0983600616,80.2142791748,31280,31300,20
13.0983600616,80.2142791748,31300,31309,9
13.0985803604,80.2139816284,31309,31320,11
13.0990896225,80.2142028809,31320,31330,10
13.0996599197,80.2143707275,31330,31340,10
13.1001501083,80.2145080566,31340,31350,10
13.1005496979,80.2146377563,31350,31451,101
13.1005496979,80.2146377563,31451,31461,10
13.1006498337,80.2146987915,31461,31472,11
13.1004600525,80.2151565552,31472,31482,10
13.1001501083,80.2158279419,31482,31492,10
13.1000204086,80.2160720825,31492,31502,10
13.0999097824,80.2160415649,31502,31512,10
13.0999698639,80.2156906128,31512,31522,10
13.1002101898,80.2152404785,31522,31532,10
13.100279808,80.2148132324,31532,31865,333
13.1003799438,80.214630127,31865,32360,495
13.1002902985,80.2145996094,32360,32390,30
13.1002902985,80.2145996094,32390,32400,10
13.1001596451,80.2144699097,32400,32410,10
13.0999202728,80.2144088745,32410,32420,10
13.0994997025,80.2143173218,32420,32431,11
13.098950386,80.2141418457,32431,32471,40
13.098950386,80.2141418457,32471,32481,10
13.0987195969,80.2140274048,32481,32491,10
13.0984897614,80.2141036987,32491,32501,10
13.0982398987,80.2146377563,32501,32511,10
13.0978899002,80.2154388428,32511,32521,10
13.0975103378,80.2163009644,32521,32531,10
13.097319603,80.2168426514,32531,32542,11
13.0972900391,80.2169113159,32542,32552,10
13.0971403122,80.2172927856,32552,32562,10
13.0968904495,80.2179489136,32562,32572,10
13.096619606,80.2187805176,32572,32582,10
13.0963497162,80.2195587158,32582,32592,10
13.0960102081,80.220489502,32592,32602,10
13.0957803726,80.2211608887,32602,32612,10
13.0955696106,80.2218093872,32612,32622,10
13.0953702927,80.2224197388,32622,32632,10
13.0953598022,80.2224273682,32632,32642,10
13.0952396393,80.2227325439,32642,32653,11
13.0949296951,80.2233886719,32653,32663,10
13.0944404602,80.2240982056,32663,32673,10
13.0938196182,80.224899292,32673,32683,10
13.0932598114,80.2255172729,32683,32693,10
13.0926303864,80.2261505127,32693,32703,10
13.0920696259,80.2267227173,32703,32713,10
13.0914802551,80.2273406982,32713,32723,10
13.0911197662,80.2277374268,32723,32743,20
13.0911197662,80.2277374268,32743,32754,11
13.0908298492,80.2280273438,32754,32764,10
13.0903997421,80.228477478,32764,32774,10
13.0898504257,80.2290878296,32774,32784,10
13.0893497467,80.2297821045,32784,32794,10
13.0891599655,80.2301635742,32794,32804,10
13.0890302658,80.2304229736,32804,32814,10
13.0887899399,80.2309875488,32814,32834,20
13.0887899399,80.2309875488,32834,32844,10
13.0885801315,80.2314071655,32844,32854,10
13.0884199142,80.2319488525,32854,32865,11
13.0881996155,80.2327575684,32865,32875,10
13.0880403519,80.2335662842,32875,32885,10
13.0879602432,80.2342376709,32885,32895,10
13.0875902176,80.2345428467,32895,32905,10
13.0873298645,80.2345809937,32905,32915,10
13.0869197845,80.2345504761,32915,32925,10
13.0860500336,80.2344207764,32925,32945,20
13.0860500336,80.2344207764,32945,32955,10
13.0857601166,80.234336853,32955,32966,11
13.0852499008,80.2341766357,32966,32976,10
13.0847501755,80.2340621948,32976,32986,10
13.0842695236,80.2339172363,32986,32996,10
13.0837202072,80.2338180542,32996,33016,20
13.0837202072,80.2338180542,33016,33026,10
13.0835504532,80.2338485718,33026,33036,10
13.0832195282,80.2337875366,33036,33046,10
13.0827503204,80.2337112427,33046,33056,10
13.0823202133,80.2336120605,33056,33087,31
13.0823202133,80.2336120605,33087,33097,10
13.0819396973,80.2335281372,33097,33107,10
13.081319809,80.2335128784,33107,33117,10
13.0809698105,80.2334594727,33117,33127,10
13.0805196762,80.2334823608,33127,33137,10
13.0800104141,80.2334899902,33137,33147,10
13.0795602798,80.2334899902,33147,33157,10
13.0794801712,80.2335205078,33157,33167,10
13.0792999268,80.233543396,33167,33177,10
13.0789403915,80.233543396,33177,33218,41
13.0789403915,80.233543396,33218,33234,16
13.0787401199,80.2335128784,33234,33246,12
13.0781898499,80.2335586548,33246,33255,9
13.0775699615,80.2335968018,33255,33266,11
13.0768203735,80.2337112427,33266,33276,10
13.0761804581,80.2338485718,33276,33286,10
13.0760402679,80.2338867188,33286,33297,11
13.0759000778,80.2338562012,33297,33307,10
13.0758399963,80.2340927124,33307,33317,10
13.0759601593,80.2346878052,33317,33327,10
13.0761098862,80.2353363037,33327,33337,10
13.076259613,80.236076355,33337,33347,10
13.0763902664,80.2368621826,33347,33357,10
13.0764799118,80.2371826172,33357,33377,20
13.0764799118,80.2371826172,33377,33387,10
13.0765800476,80.2374572754,33387,33398,11
13.0766897202,80.2380371094,33398,33408,10
13.0767698288,80.2385864258,33408,33418,10
13.076880455,80.2390594482,33418,33428,10
13.0769500732,80.2393722534,33428,33438,10
13.0770397186,80.2397689819,33438,33448,10
13.0771903992,80.2403564453,33448,33458,10
13.0773096085,80.2407531738,33458,33468,10
13.0773801804,80.2410888672,33468,33478,10
13.0774297714,80.2415771484,33478,33488,10
13.0775299072,80.2421798706,33488,33498,10
13.0776596069,80.243019104,33498,33509,11
13.0777702332,80.2440795898,33509,33529,20
13.0777702332,80.2440795898,33529,33539,10
13.0777597427,80.2443389893,33539,33549,10
13.0778198242,80.2449035645,33549,33559,10
13.0778999329,80.2456207275,33559,33569,10
13.0779600143,80.246307373,33569,33579,10
13.0781202316,80.2470703125,33579,33589,10
13.07833004,80.2480163574,33589,33599,10
13.0785503387,80.2487869263,33599,33610,11
13.0786895752,80.249420166,33610,33620,10
13.0787696838,80.2500610352,33620,33630,10
13.0785198212,80.2506332397,33630,33640,10
13.0785303116,80.2507629395,33640,33650,10
13.0785303116,80.2509994507,33650,33680,30
13.0785303116,80.2509994507,33680,33690,10
13.078669548,80.251449585,33690,33731,41
13.078669548,80.251449585,33731,33741,10
13.0782403946,80.2516708374,33741,33751,10
13.0777397156,80.2517700195,33751,33761,10
13.0770397186,80.2518997192,33761,33771,10
13.0766401291,80.2520065308,33771,33781,10
13.0757598877,80.2521209717,33781,33791,10
13.0750598907,80.2521820068,33791,33801,10
13.0743904114,80.2521972656,33801,33811,10
13.0737695694,80.2524108887,33811,33821,10
13.0731401443,80.2523803711,33821,33832,11
13.0724000931,80.2521896362,33832,33842,10
13.07213974,80.2514266968,33842,33852,10
13.071969986,80.2506713867,33852,33862,10
13.0716199875,80.2495269775,33862,33872,10
13.0714502335,80.2484664917,33872,33882,10
13.0711898804,80.2476119995,33882,33892,10
13.0708198547,80.2469177246,33892,33902,10
13.0704097748,80.2460784912,33902,33912,10
13.0699701309,80.2450714111,33912,33921,9
13.0696201324,80.2441329956,33921,33931,10
13.0693702698,80.2434005737,33931,33943,12
13.0693101883,80.2432632446,33943,33953,10
13.0693302155,80.2432098389,33953,33963,10
13.069270134,80.2428207397,33963,33973,10
13.0689496994,80.2424697876,33973,33983,10
13.068400383,80.2426071167,33983,33993,10
13.0677404404,80.2428207397,33993,34003,10
13.067150116,80.2430877686,34003,34013,10
13.0668497086,80.2432098389,34013,34023,10
13.0665903091,80.2432785034,34023,34033,10
13.0663499832,80.2434234619,34033,34044,11
13.0661697388,80.2435531616,34044,34074,30
13.0661697388,80.2435531616,34074,34084,10
13.0661296844,80.2439193726,34084,34094,10
13.0661697388,80.244178772,34094,34104,10
13.0662002563,80.2444763184,34104,34114,10
13.0662603378,80.2447891235,34114,34124,10
13.0663003922,80.2451019287,34124,34134,10
13.0663900375,80.2455825806,34134,34144,10
13.0667695999,80.2460174561,34144,34155,11
13.0678396225,80.2466125488,34155,34175,20
13.0678396225,80.2466125488,34175,34185,10
13.0678596497,80.2467422485,34185,34195,10
13.0678796768,80.2473220825,34195,34205,10
13.0676603317,80.2478408813,34205,34215,10
13.0669403076,80.2478485107,34215,34235,20
13.0669403076,80.2478485107,34235,34244,9
13.0665397644,80.2478790283,34244,34256,12
13.0661201477,80.2478408813,34256,34266,10
13.0655899048,80.2478103638,34266,34276,10
13.0647096634,80.2477035522,34276,34286,10
13.0637397766,80.2476272583,34286,34296,10
13.0627298355,80.2475967407,34296,34306,10
13.0619602203,80.2475662231,34306,34316,10
13.0614995956,80.2470092773,34316,34326,10
13.0617904663,80.2465896606,34326,34336,10
13.0619802475,80.2458114624,34336,34346,10
13.0623598099,80.2450408936,34346,34356,10
13.0632600784,80.2442321777,34356,34377,21
13.0632600784,80.2442321777,34377,34387,10
13.0634298325,80.2438735962,34387,34397,10
13.0632801056,80.2434692383,34397,34407,10
13.0626296997,80.2433395386,34407,34417,10
13.0619602203,80.2432022095,34417,34427,10
13.0613899231,80.243057251,34427,34437,10
13.0607404709,80.2428665161,34437,34447,10
13.0600404739,80.2426605225,34447,34457,10
13.0593900681,80.2424468994,34457,34498,41
13.0593900681,80.2424468994,34498,34508,10
13.0590000153,80.2425308228,34508,34524,16
13.0587596893,80.2425689697,34524,34536,12
13.0583400726,80.2426834106,34536,34544,8
13.057849884,80.2427902222,34544,34556,12
13.0572395325,80.2428817749,34556,34566,10
13.0567102432,80.2427368164,34566,34576,10
13.0561800003,80.242477417,34576,34587,11
13.0557098389,80.2422866821,34587,34597,10
13.0551795959,80.2423324585,34597,34607,10
13.0545797348,80.242401123,34607,34617,10
13.0538797379,80.2422485352,34617,34637,20
13.0538797379,80.2422485352,34637,34647,10
13.0537900925,80.2422103882,34647,34657,10
13.0536003113,80.2420806885,34657,34667,10
13.0535497665,80.2420425415,34667,34677,10
13.0533399582,80.2419204712,34677,34688,11
13.0526199341,80.2416610718,34688,34698,10
13.0522403717,80.2411422729,34698,34708,10
13.0520896912,80.2408828735,34708,34718,10
13.0519199371,80.2406997681,34718,34728,10
13.0516700745,80.2406387329,34728,34738,10
13.0511302948,80.2405471802,34738,34768,30
13.0511302948,80.2405471802,34768,34778,10
13.0509004593,80.2405014038,34778,34788,10
13.0503101349,80.2403793335,34788,34799,11
13.0495595932,80.240196228,34799,34809,10
13.0489902496,80.2400665283,34809,34819,10
13.0483102798,80.2399291992,34819,34829,10
13.0476303101,80.2398071289,34829,34839,10
13.0470695496,80.2396774292,34839,34849,10
13.0464000702,80.2395401001,34849,34859,10
13.0462799072,80.2392578125,34859,34869,10
13.0463895798,80.2387390137,34869,34879,10
13.0465202332,80.2381591797,34879,34889,10
13.046620369,80.2375183105,34889,34899,10
13.0467996597,80.2367401123,34899,34910,11
13.0469799042,80.2361221313,34910,34920,10
13.0470695496,80.2358322144,34920,34930,10
13.0471000671,80.2356491089,34930,34940,10
13.0471200943,80.2354278564,34940,34950,10
13.0471696854,80.234916687,34950,34960,10
13.0472097397,80.2342681885,34960,34970,10
13.0473003387,80.2335281372,34970,34980,10
13.047249794,80.2329788208,34980,34990,10
13.0466403961,80.2328872681,34990,35000,10
13.045920372,80.2327270508,35000,35011,11
13.0451498032,80.2325973511,35011,35031,20
13.0451498032,80.2325973511,35031,35041,10
13.0448198318,80.2325210571,35041,35051,10
13.0441799164,80.2323989868,35051,35061,10
13.0434703827,80.2322921753,35061,35071,10
13.0428199768,80.2322769165,35071,35081,10
13.042090416,80.2322616577,35081,35091,10
13.0412597656,80.232093811,35091,35101,10
13.040309906,80.2317428589,35101,35111,10
13.0394001007,80.2314987183,35111,35122,11
13.0384197235,80.2312393188,35122,35132,10
13.0374803543,80.2309494019,35132,35142,10
13.0368900299,80.2307662964,35142,35152,10
13.0368003845,80.230758667,35152,35162,10
13.0365600586,80.2306976318,35162,35171,9
13.0360603333,80.2305374146,35171,35183,12
13.0353603363,80.2303390503,35183,35324,141
13.0353603363,80.2303390503,35324,35335,11
13.0350999832,80.2302398682,35335,35345,10
13.0343599319,80.2303924561,35345,35365,20
13.0341796875,80.2304382324,35365,35415,50
13.0341796875,80.2304382324,35415,35425,10
13.0337600708,80.2304229736,35425,35435,10
13.0334701538,80.2304763794,35435,35445,10
13.0334396362,80.2304992676,35445,35456,11
13.0331802368,80.2305221558,35456,35466,10
13.0327396393,80.2305297852,35466,35476,10
13.0321998596,80.2305908203,35476,35486,10
13.0313196182,80.230682373,35486,35506,20
13.0313196182,80.230682373,35506,35516,10
13.0311098099,80.2306976318,35516,35526,10
13.0307798386,80.2307128906,35526,35536,10
13.0303401947,80.2307434082,35536,35546,10
13.0302600861,80.2307434082,35546,35557,11
13.0301198959,80.2307434082,35557,35567,10
13.0297203064,80.2308120728,35567,35577,10
13.0291595459,80.2308807373,35577,35587,10
13.0284795761,80.2309799194,35587,35597,10
13.0278100967,80.2310180664,35597,35607,10
13.0276699066,80.231300354,35607,35617,10
13.0276699066,80.2317886353,35617,35627,10
13.0277700424,80.2324066162,35627,35637,10
13.0277795792,80.2327728271,35637,35678,41
13.0277795792,80.2327728271,35678,35688,10
13.0275602341,80.2328186035,35688,35698,10
13.0274600983,80.2328567505,35698,35708,10
13.0272798538,80.2329330444,35708,35724,16
13.0267601013,80.233039856,35724,35736,12
13.0263900757,80.2325363159,35736,35744,8
13.0262804031,80.232208252,35744,35756,12
13.0261497498,80.2317199707,35756,35766,10
13.0260000229,80.2310791016,35766,35777,11
13.0256299973,80.2302474976,35777,35787,10
13.0251102448,80.2295379639,35787,35797,10
13.0248403549,80.2292098999,35797,35807,10
13.0247898102,80.2291564941,35807,35816,9
13.0246400833,80.2289733887,35816,35826,10
13.0244598389,80.228767395,35826,35837,11
13.0242795944,80.228553772,35837,35847,10
13.024140358,80.2284011841,35847,35857,10
13.0241098404,80.2283782959,35857,35867,10
13.0239200592,80.2280807495,35867,35878,11
13.0236701965,80.2277984619,35878,35888,10
13.0235204697,80.2276306152,35888,35898,10
13.0232696533,80.2273483276,35898,35908,10
13.0228099823,80.2269134521,35908,35918,10
13.0222396851,80.2263870239,35918,35928,10
13.0215702057,80.2258911133,35928,35938,10
13.0211801529,80.2256011963,35938,35948,10
13.0207195282,80.2253036499,35948,35958,10
13.0201501846,80.2249069214,35958,35968,10
13.0194196701,80.2245025635,35968,35978,10
13.0184602737,80.2246170044,35978,35989,11
13.0174198151,80.2250366211,35989,35999,10
13.0169095993,80.2252807617,35999,36009,10
13.0165901184,80.2254104614,36009,36019,10
13.016289711,80.2255401611,36019,36029,10
13.0157003403,80.2257003784,36029,36039,10
13.0151395798,80.2259292603,36039,36049,10
13.0144701004,80.2261962891,36049,36079,30
13.0144701004,80.2261962891,36079,36090,11
13.0142602921,80.2262802124,36090,36100,10
13.0138397217,80.2264328003,36100,36110,10
13.0134496689,80.2265625,36110,36120,10
13.0129203796,80.2267684937,36120,36130,10
13.0121803284,80.2270965576,36130,36140,10
13.0112895966,80.227432251,36140,36150,10
13.0103397369,80.2278137207,36150,36160,10
13.0095596313,80.2281570435,36160,36170,10
13.0091600418,80.2286529541,36170,36180,10
13.0090198517,80.2292785645,36180,36190,10
13.0089197159,80.2296981812,36190,36201,11
13.0088396072,80.2300796509,36201,36211,10
13.0087499619,80.2304992676,36211,36231,20
13.0087499619,80.2304992676,36231,36241,10
13.0087003708,80.2308883667,36241,36251,10
13.0086698532,80.2309875488,36251,36261,10
13.0086202621,80.2312469482,36261,36271,10
13.0085201263,80.2317504883,36271,36291,20
13.0085201263,80.2317504883,36291,36302,11
13.0084600449,80.2320785522,36302,36312,10
13.0083904266,80.2324981689,36312,36322,10
13.0083198547,80.232963562,36322,36352,30
13.0083198547,80.232963562,36352,36362,10
13.0082702637,80.2332305908,36362,36372,10
13.0082302094,80.2334136963,36372,36382,10
13.0081996918,80.233581543,36382,36392,10
13.0081396103,80.2338180542,36392,36402,10
13.0080499649,80.2342376709,36402,36413,11
13.008020401,80.2344818115,36413,36453,40
13.008020401,80.2344818115,36453,36463,10
13.0079498291,80.2345962524,36463,36473,10
13.007900238,80.2349014282,36473,36483,10
13.0078201294,80.2353515625,36483,36493,10
13.0077199936,80.2359008789,36493,36503,10
13.0076599121,80.2362670898,36503,36524,21
13.0076599121,80.2362670898,36524,36534,10
13.0075902939,80.236541748,36534,36544,10
13.0075397491,80.2367935181,36544,36554,10
13.0075397491,80.2368011475,36554,36564,10
13.0074996948,80.2370376587,36564,36574,10
13.0074300766,80.2373886108,36574,36584,10
13.0073204041,80.2379608154,36584,36594,10
13.0072498322,80.2384033203,36594,36614,20
13.0072498322,80.2384033203,36614,36625,11
13.0071802139,80.2387084961,36625,36635,10
13.0071601868,80.2388763428,36635,36645,10
13.0071201324,80.2390594482,36645,36655,10
13.0070896149,80.2392196655,36655,36665,10
13.0070104599,80.2396011353,36665,36675,10
13.0068798065,80.2402801514,36675,36685,10
13.0068101883,80.2406997681,36685,36695,10
13.006819725,80.2407836914,36695,36705,10
13.0067596436,80.2412109375,36705,36715,10
13.0067396164,80.2418823242,36715,36725,10
13.0067195892,80.2419662476,36725,36736,11
13.0067100525,80.2420883179,36736,36746,10
13.0066995621,80.2425231934,36746,36796,50
13.0066995621,80.2425231934,36796,36806,10
13.0066900253,80.2429275513,36806,36816,10
13.0067100525,80.2434463501,36816,36826,10
13.0066995621,80.243927002,36826,36836,10
13.0066795349,80.244430542,36836,36857,21
13.0066795349,80.244430542,36857,36867,10
13.0065898895,80.2448120117,36867,36887,20
13.0065898895,80.2448120117,36887,36897,10
13.006649971,80.2451019287,36897,36968,71
13.006649971,80.2451019287,36968,36978,10
13.0066795349,80.2453994751,36978,36988,10
13.0067100525,80.24584198,36988,36998,10
13.0067300797,80.2464675903,36998,37008,10
13.0067501068,80.2472381592,37008,37018,10
13.0067195892,80.2481002808,37018,37028,10
13.0067796707,80.2488937378,37028,37038,10
13.0068702698,80.24949646,37038,37059,21
13.0068702698,80.24949646,37059,37069,10
13.0068597794,80.2497024536,37069,37079,10
13.0068302155,80.2502288818,37079,37089,10
13.0068101883,80.2509994507,37089,37099,10
13.0067596436,80.2515716553,37099,37109,10
13.0066099167,80.252281189,37109,37119,10
13.0065603256,80.2532501221,37119,37129,10
13.0065402985,80.2542572021,37129,37139,10
13.0066003799,80.2549819946,37139,37149,10
13.0066003799,80.2550201416,37149,37159,10
13.0066099167,80.2551803589,37159,37170,11
13.0065803528,80.2558288574,37170,37180,10
13.0065898895,80.2567214966,37180,37190,10
13.0065002441,80.2574768066,37190,37200,10
13.0058803558,80.2574081421,37200,37210,10
13.00522995,80.2572631836,37210,37220,10
13.004699707,80.2571182251,37220,37230,10
13.0039796829,80.2569732666,37230,37240,10
13.0033197403,80.2568588257,37240,37250,10
13.0027799606,80.2567520142,37250,37260,10
13.0026397705,80.2567214966,37260,37271,11
13.0025701523,80.2567214966,37271,37281,10
13.0021400452,80.2566375732,37281,37331,50
13.0021400452,80.2566375732,37331,37341,10
13.0018701553,80.2566070557,37341,37351,10
13.00137043,80.2565383911,37351,37361,10
13.0006799698,80.2564468384,37361,37371,10
13.0002098083,80.256362915,37371,37382,11
13.0002002716,80.256362915,37382,37392,10
13.0000896454,80.2563171387,37392,37402,10
12.9998102188,80.2562713623,37402,37412,10
12.9994297028,80.2562179565,37412,37422,10
12.9989299774,80.2560882568,37422,37432,10
12.9985198975,80.2560195923,37432,37442,10
12.9982500076,80.2559814453,37442,37452,10
12.997879982,80.2559509277,37452,37493,41
12.997879982,80.2559509277,37493,37503,10
12.9975004196,80.2559280396,37503,37513,10
12.9971399307,80.2559280396,37513,37523,10
12.996919632,80.2560882568,37523,37533,10
12.9968099594,80.2568817139,37533,37553,20
12.9968099594,80.2568817139,37553,37563,10
12.9967899323,80.2570571899,37563,37573,10
12.9967298508,80.2576370239,37573,37583,10
12.9966402054,80.258392334,37583,37594,11
12.9965400696,80.2591705322,37594,37604,10
12.9964895248,80.2599563599,37604,37614,10
12.9963903427,80.2609405518,37614,37624,10
12.9963197708,80.2616271973,37624,37634,10
12.9962596893,80.2621917725,37634,37644,10
12.996219635,80.2623825073,37644,37654,10
12.9961900711,80.2624588013,37654,37664,10
12.9961299896,80.262840271,37664,37674,10
12.9960899353,80.2635192871,37674,37684,10
12.9960203171,80.2643508911,37684,37694,10
12.9959402084,80.265083313,37694,37710,16
12.9959001541,80.265411377,37710,37723,13
12.9957895279,80.2662582397,37723,37733,10
12.9957103729,80.2669906616,37733,37743,10
12.9958400726,80.267616272,37743,37753,10
12.9962301254,80.2677001953,37753,37763,10
12.9962396622,80.2677001953,37763,37773,10
12.9963798523,80.2677536011,37773,37783,10
12.9969797134,80.2677230835,37783,37793,10
12.9976596832,80.2675476074,37793,37803,10
12.9981603622,80.2674026489,37803,37813,10
12.9988603592,80.2672195435,37813,37824,11
13.0000801086,80.2667236328,37824,37844,20
13.0000801086,80.2667236328,37844,37854,10
13.0001802444,80.2663574219,37854,37864,10
13.0002403259,80.2658004761,37864,37874,10
13.0003995895,80.2657394409,37874,37884,10
13.0003499985,80.2661972046,37884,38177,293
13.0003499985,80.2661972046,38177,38187,10
13.0002698898,80.2666778564,38187,38197,10
13.0001602173,80.2668228149,38197,38207,10
12.9997797012,80.2669372559,38207,38217,10
12.9991598129,80.2671127319,38217,38227,10
12.9984502792,80.2673187256,38227,38237,10
12.9978904724,80.2675018311,38237,38248,11
12.997179985,80.2676696777,38248,38257,9
12.9965200424,80.2677307129,38257,38268,11
12.995759964,80.2676696777,38268,38278,10
12.9957103729,80.2673110962,38278,38298,20
12.9957103729,80.2673110962,38298,38308,10
12.9957704544,80.2670211792,38308,38318,10
12.9957704544,80.2669906616,38318,38328,10
12.9957895279,80.2666473389,38328,38338,10
12.9958696365,80.2659835815,38338,38348,10
12.9959697723,80.26512146,38348,38359,11
12.9960803986,80.264213562,38359,38369,10
12.9961700439,80.2633972168,38369,38379,10
12.9962501526,80.2625274658,38379,38399,20
12.9962501526,80.2625274658,38399,38409,10
12.9962997437,80.2623596191,38409,38419,10
12.996339798,80.2619400024,38419,38429,10
12.9963998795,80.261390686,38429,38439,10
12.9964799881,80.2606430054,38439,38449,10
12.9965496063,80.2600479126,38449,38460,11
12.9965801239,80.2593765259,38460,38470,10
12.9965896606,80.2593002319,38470,38480,10
12.9966402054,80.2589111328,38480,38490,10
12.9967098236,80.2583770752,38490,38500,10
12.9967699051,80.2576904297,38500,38510,10
12.9968299866,80.2572021484,38510,38519,9
12.9968395233,80.2568664551,38519,38530,11
12.9968795776,80.256187439,38530,38560,30
12.9968795776,80.256187439,38560,38571,11
12.996919632,80.256072998,38571,38581,10
12.9970998764,80.2557983398,38581,38591,10
12.9976100922,80.255859375,38591,38601,10
12.9982595444,80.2559280396,38601,38611,10
12.998840332,80.2560195923,38611,38651,40
12.998840332,80.2560195923,38651,38661,10
12.9990596771,80.2560577393,38661,38671,10
12.9993400574,80.2561187744,38671,38682,11
12.9998998642,80.2562484741,38682,38692,10
13.0006303787,80.2563705444,38692,38702,10
13.0012598038,80.2564620972,38702,38712,10
13.0015802383,80.2565307617,38712,38722,10
13.001709938,80.2565612793,38722,38732,10
13.001999855,80.2566223145,38732,38742,10
13.0025997162,80.2567062378,38742,38752,10
13.0033397675,80.2568511963,38752,38762,10
13.0039100647,80.2569580078,38762,38772,10
13.0041599274,80.2570266724,38772,38783,11
13.0043802261,80.2570571899,38783,38793,10
13.0047597885,80.2571334839,38793,38803,10
13.0053100586,80.2572174072,38803,38843,40
13.0053100586,80.2572174072,38843,38853,10
13.0054798126,80.2572631836,38853,38863,10
13.0058803558,80.2573623657,38863,38873,10
13.0064601898,80.2573928833,38873,38883,10
13.0064897537,80.2567977905,38883,38894,11
13.0064897537,80.2558822632,38894,38904,10
13.0065402985,80.2549209595,38904,38914,10
13.0065002441,80.2539672852,38914,38924,10
13.0065002441,80.2531585693,38924,38934,10
13.0065002441,80.2530670166,38934,38944,10
13.0065202713,80.2529907227,38944,38954,10
13.006529808,80.252571106,38954,38964,10
13.0065498352,80.2523117065,38964,38974,10
13.0066699982,80.2518081665,38974,38984,10
13.0067796707,80.2510528564,38984,38994,10
13.0067796707,80.2504730225,38994,39085,91
13.0067796707,80.2504730225,39085,39095,10
13.0067901611,80.2501373291,39095,39105,10
13.0067796707,80.249710083,39105,39116,11
13.0067596436,80.249458313,39116,39126,10
13.0067501068,80.2493209839,39126,39136,10
13.0067300797,80.2489929199,39136,39146,10
13.0066795349,80.2485275269,39146,39297,151
13.0066795349,80.2485275269,39297,39307,10
13.0066699982,80.2481765747,39307,39317,10
13.0066404343,80.2478027344,39317,39328,11
13.0066604614,80.2471618652,39328,39338,10
13.0066299438,80.2464065552,39338,39358,20
13.0066299438,80.2464065552,39358,39368,10
13.006649971,80.2461700439,39368,39378,10
13.0066299438,80.2456283569,39378,39388,10
13.0066299438,80.2453536987,39388,39398,10
13.0066299438,80.2450027466,39398,39408,10
13.0066404343,80.2447509766,39408,39418,10
13.0066404343,80.2443466187,39418,39428,10
13.0066204071,80.2439804077,39428,39439,11
13.0066404343,80.2436828613,39439,39449,10
13.0066404343,80.2434463501,39449,39459,10
13.0066204071,80.2430114746,39459,39469,10
13.0065898895,80.2422637939,39469,39479,10
13.0066099167,80.2411193848,39479,39499,20
13.0066099167,80.2411193848,39499,39509,10
13.0066404343,80.2409515381,39509,39519,10
13.0066900253,80.2406997681,39519,39529,10
13.0067796707,80.240272522,39529,39539,10
13.0069198608,80.239730835,39539,39550,11
13.0070800781,80.2388305664,39550,39560,10
13.0072498322,80.237991333,39560,39570,10
13.0073795319,80.2374191284,39570,39580,10
13.0074195862,80.236907959,39580,39610,30
13.0074195862,80.236907959,39610,39620,10
13.0074300766,80.2367935181,39620,39630,10
13.0075702667,80.2364120483,39630,39640,10
13.0077295303,80.235748291,39640,39651,11
13.0079097748,80.2349319458,39651,39661,10
13.0080795288,80.2340774536,39661,39671,10
13.0082902908,80.2330093384,39671,39681,10
13.0085201263,80.2318191528,39681,39691,10
13.0087404251,80.2306137085,39691,39701,10
13.0089702606,80.2294006348,39701,39709,8
13.0091695786,80.2284469604,39709,39721,12
13.0095796585,80.2273483276,39721,39731,10
13.0101203918,80.2261505127,39731,39741,10
13.0104703903,80.225479126,39741,39751,10
13.0105800629,80.2252426147,39751,39762,11
13.0106201172,80.2251663208,39762,39772,10
13.0107698441,80.224861145,39772,39782,10
13.0109796524,80.2244033813,39782,39792,10
13.0112600327,80.2236862183,39792,39822,30
13.0112600327,80.2236862183,39822,39832,10
13.0114202499,80.2233428955,39832,39842,10
13.0116796494,80.2227325439,39842,39852,10
13.0119800568,80.2218780518,39852,39862,10
13.0123901367,80.2215499878,39862,39873,11
13.0128097534,80.2220916748,39873,39883,10
13.0131998062,80.2225723267,39883,39893,10
13.0135602951,80.2229766846,39893,39903,10
13.0139904022,80.223449707,39903,39913,10
13.0144100189,80.2239685059,39913,39923,10
13.014960289,80.2245330811,39923,39933,10
13.0152902603,80.2248306274,39933,39943,10
13.0153198242,80.224861145,39943,39959,16
13.0153799057,80.2249069214,39959,39971,12
13.0157804489,80.2252426147,39971,39982,11
13.016500473,80.2253265381,39982,39992,10
13.0172796249,80.2250366211,39992,40002,10
13.0180702209,80.2247161865,40002,40012,10
13.0184001923,80.2245635986,40012,40022,10
13.0186595917,80.2244491577,40022,40032,10
13.0189800262,80.2243499756,40032,40041,9
13.0193195343,80.224319458,40041,40052,11
13.0194997787,80.2243728638,40052,40062,10
13.0196895599,80.2245101929,40062,40072,10
13.0199899673,80.2247085571,40072,40083,11
13.0200395584,80.2247467041,40083,40093,10
13.0202302933,80.2248687744,40093,40103,10
13.0204801559,80.2250671387,40103,40113,10
13.0207195282,80.2252426147,40113,40123,10
13.0209798813,80.225440979,40123,40133,10
13.0212602615,80.2256622314,40133,40143,10
13.0215997696,80.2259292603,40143,40153,10
13.021780014,80.2260284424,40153,40163,10
13.0220098495,80.2261810303,40163,40173,10
13.02202034,80.2261962891,40173,40183,10
13.0221099854,80.2263183594,40183,40194,11
13.0223999023,80.2265625,40194,40204,10
13.022600174,80.2267532349,40204,40214,10
13.0227804184,80.2269210815,40214,40224,10
13.0230102539,80.2271270752,40224,40244,20
13.0230102539,80.2271270752,40244,40254,10
13.0231800079,80.2273406982,40254,40264,10
13.0233402252,80.2274780273,40264,40274,10
13.023639679,80.2277069092,40274,40284,10
13.0238599777,80.2278594971,40284,40294,10
13.0238800049,80.2278823853,40294,40305,11
13.0240001678,80.2279815674,40305,40315,10
13.0241203308,80.2281112671,40315,40325,10
13.0242595673,80.2282791138,40325,40335,10
13.024479866,80.2286071777,40335,40355,20
13.024479866,80.2286071777,40355,40365,10
13.0245895386,80.2287826538,40365,40375,10
13.0247297287,80.2289810181,40375,40385,10
13.024889946,80.2292175293,40385,40395,10
13.0252199173,80.2296066284,40395,40406,11
13.0255298615,80.2300186157,40406,40416,10
13.0256500244,80.2302017212,40416,40426,10
13.025759697,80.2303619385,40426,40436,10
13.0258598328,80.2305908203,40436,40486,50
13.0258598328,80.2305908203,40486,40496,10
13.0258703232,80.2308807373,40496,40506,10
13.0259599686,80.2311172485,40506,40517,11
13.0261602402,80.2313690186,40517,40527,10
13.0267095566,80.2312164307,40527,40537,10
13.0275602341,80.2310409546,40537,40547,10
13.0286102295,80.2308883667,40547,40587,40
13.0286102295,80.2308883667,40587,40597,10
13.0289201736,80.2308578491,40597,40607,10
13.0292396545,80.2308578491,40607,40617,10
13.0296697617,80.2308273315,40617,40628,11
13.0301103592,80.2307815552,40628,40638,10
13.0302495956,80.2307662964,40638,40648,10
13.0306301117,80.2307434082,40648,40658,10
13.031129837,80.230682373,40658,40668,10
13.0316400528,80.2306213379,40668,40678,10
13.0320997238,80.2305984497,40678,40688,10
13.0330095291,80.2305374146,40688,40739,51
13.0332298279,80.2305908203,40739,40769,30
13.0334701538,80.2305603027,40769,40789,20
13.0334701538,80.2305603027,40789,40799,10
13.0337095261,80.2305221558,40799,40809,10
13.033780098,80.2304992676,40809,40819,10
13.0339403152,80.23046875,40819,40829,10
13.0344295502,80.2304077148,40829,40910,81
13.0344295502,80.2304077148,40910,40920,10
13.0346899033,80.2304229736,40920,40930,10
13.0349702835,80.2305831909,40930,40940,10
13.0348901749,80.2312011719,40940,40951,11
13.0347700119,80.2321014404,40951,40961,10
13.0346803665,80.2329330444,40961,40970,9
13.034620285,80.2332077026,40970,40981,11
13.0345602036,80.2336502075,40981,40991,10
13.0344800949,80.2342071533,40991,41001,10
13.0344104767,80.2348709106,41001,41011,10
13.0343198776,80.2355804443,41011,41021,10
13.0342502594,80.2362289429,41021,41031,10
13.0342102051,80.2365188599,41031,41072,41
13.0342102051,80.2365188599,41072,41082,10
13.0341997147,80.2368469238,41082,41122,40
13.0341997147,80.2368469238,41122,41132,10
13.0341796875,80.2369995117,41132,41142,10
13.034239769,80.2372665405,41142,41152,10
13.0344600677,80.2376403809,41152,41163,11
13.034819603,80.2382202148,41163,41173,10
13.0350103378,80.238571167,41173,41183,10
13.0353002548,80.2390594482,41183,41193,10
13.03565979,80.2393264771,41193,41203,10
13.0360803604,80.2393798828,41203,41213,10
13.0366201401,80.239440918,41213,41223,10
13.0369997025,80.2394714355,41223,41233,10
13.0374803543,80.2395324707,41233,41243,10
13.0380601883,80.2395935059,41243,41253,10
13.0386695862,80.2396469116,41253,41263,10
13.039270401,80.2397384644,41263,41274,11
13.0398902893,80.2398376465,41274,41284,10
13.0402803421,80.2399215698,41284,41294,10
13.0404195786,80.2401885986,41294,41304,10
13.0405397415,80.2405014038,41304,41314,10
13.0414199829,80.2405319214,41314,41324,10
13.0414199829,80.2405319214,41324,41334,10
13.0420598984,80.2406005859,41334,41344,10
13.0428304672,80.2407608032,41344,41354,10
13.0436296463,80.2408828735,41354,41364,10
13.0440998077,80.2409210205,41364,41374,10
13.044380188,80.2406692505,41374,41385,11
13.045009613,80.2402801514,41385,41396,11
13.0456199646,80.2398681641,41396,41407,11
13.0462503433,80.2395172119,41407,41417,10
13.0464801788,80.2395782471,41417,41426,9
13.046500206,80.2395935059,41426,41437,11
13.0468797684,80.2396621704,41437,41448,11
13.047539711,80.2397689819,41448,41458,10
13.0481700897,80.2398834229,41458,41468,10
13.0487804413,80.2399978638,41468,41478,10
13.0494604111,80.2401504517,41478,41489,11
13.0498695374,80.2402420044,41489,41499,10
13.0505199432,80.2403564453,41499,41509,10
13.0512104034,80.2405090332,41509,41519,10
13.0512695313,80.2405319214,41519,41529,10
13.0514001846,80.2405700684,41529,41539,10
13.0521802902,80.2407608032,41539,41575,36
13.0521802902,80.2407608032,41575,41587,12
13.0524702072,80.2410202026,41587,41596,9
13.0525503159,80.2412567139,41596,41608,12
13.0525798798,80.2414093018,41608,41618,10
13.05286026,80.2417602539,41618,41627,9
13.0539398193,80.2422103882,41627,41648,21
13.0539398193,80.2422103882,41648,41658,10
13.054019928,80.2422332764,41658,41668,10
13.054400444,80.2423095703,41668,41679,11
13.0552501678,80.2422409058,41679,41689,10
13.0560302734,80.2423171997,41689,41699,10
13.0566797256,80.2425613403,41699,41710,11
13.057100296,80.2427368164,41710,41720,10
13.057559967,80.242767334,41720,41730,10
13.0580997467,80.2426986694,41730,41740,10
13.0582304001,80.2426605225,41740,41750,10
13.0586795807,80.2425613403,41750,41760,10
13.0592403412,80.242477417,41760,41770,10
13.0595703125,80.2424926758,41770,41780,10
13.0599899292,80.2426223755,41780,41790,10
13.0605897903,80.2427978516,41790,41800,10
13.0612297058,80.2429962158,41800,41811,11
13.0617904663,80.2430877686,41811,41821,10
13.0619802475,80.2431793213,41821,41831,10
13.0621299744,80.2432479858,41831,41841,10
13.0624103546,80.2432785034,41841,41851,10
13.0625295639,80.2433013916,41851,41861,10
13.0629196167,80.243347168,41861,41871,10
13.0636196136,80.2434463501,41871,41881,10
13.0642004013,80.2434616089,41881,41891,10
13.0655498505,80.2434463501,41891,41930,39
13.0655498505,80.2434463501,41930,41940,10
13.0656795502,80.2435379028,41940,41950,10
13.0660495758,80.2434997559,41950,41960,10
13.0664100647,80.2433929443,41960,41969,9
13.0668296814,80.2432098389,41969,41980,11
13.0673799515,80.2429885864,41980,41990,10
13.0685100555,80.2426223755,41990,42000,10
13.0689401627,80.2424316406,42000,42020,20
13.0689401627,80.2424316406,42020,42031,11
13.0689401627,80.2422637939,42031,42041,10
13.0692796707,80.2422103882,42041,42051,10
13.0696697235,80.2420806885,42051,42061,10
13.0699596405,80.2420425415,42061,42071,10
13.0700397491,80.2420578003,42071,42081,10
13.070520401,80.2419433594,42081,42091,10
13.071269989,80.2416610718,42091,42101,10
13.0721597672,80.2412414551,42101,42111,10
13.0730199814,80.2407913208,42111,42121,10
13.0738697052,80.2405471802,42121,42131,10
13.0748796463,80.2404937744,42131,42142,11
13.0760297775,80.2404708862,42142,42152,10
13.0768299103,80.2405776978,42152,42162,10
13.0771598816,80.2403488159,42162,42172,10
13.0770301819,80.2395706177,42172,42182,10
13.0767803192,80.2386322021,42182,42192,10
13.0766096115,80.238067627,42192,42202,10
13.0764799118,80.2375488281,42202,42212,10
13.0764503479,80.2374267578,42212,42222,10
13.0764102936,80.2371902466,42222,42232,10
13.0762901306,80.2366027832,42232,42248,16
13.0760402679,80.2350692749,42248,42261,13
13.0758695602,80.2340927124,42261,42351,90
13.0758695602,80.2340927124,42351,42362,11
13.0758895874,80.2339096069,42362,42372,10
13.076089859,80.2337417603,42372,42382,10
13.0766296387,80.2336883545,42382,42392,10
13.0767698288,80.2336883545,42392,42402,10
13.0769996643,80.2336807251,42402,42412,10
13.0777301788,80.2335662842,42412,42422,10
13.0783596039,80.233581543,42422,42432,10
13.0786895752,80.2335586548,42432,42442,10
13.0793504715,80.2335205078,42442,42452,10
13.0800504684,80.2334823608,42452,42463,11
13.0803804398,80.2335128784,42463,42473,10
13.0806102753,80.2335205078,42473,42482,9
13.0811595917,80.2335128784,42482,42493,11
13.0819196701,80.2335205078,42493,42503,10
13.0819997787,80.2331695557,42503,42513,10
13.0822095871,80.2324295044,42513,42523,10
13.0825500488,80.2314987183,42523,42533,10
13.0828504562,80.230758667,42533,42543,10
13.0831604004,80.2308883667,42543,42553,10
13.0831804276,80.2316436768,42553,42563,10
13.0832195282,80.2325363159,42563,42574,11
13.0834703445,80.2336196899,42574,42594,20
13.0834703445,80.2336196899,42594,42604,10
13.0836400986,80.2338562012,42604,42614,10
13.0840101242,80.2339096069,42614,42624,10
13.0840797424,80.2339172363,42624,42634,10
13.0844202042,80.2339935303,42634,42644,10
13.0847997665,80.2340621948,42644,42654,10
13.0854196548,80.2342071533,42654,42664,10
13.0859098434,80.2343826294,42664,42675,11
13.0860500336,80.2344284058,42675,42685,10
13.0865497589,80.2344970703,42685,42695,10
13.0873298645,80.2345809937,42695,42705,10
13.0879602432,80.2341537476,42705,42715,10
13.088060379,80.2331924438,42715,42725,10
13.0883398056,80.2320404053,42725,42735,10
13.0886201859,80.2312469482,42735,42745,10
13.0888900757,80.2306137085,42745,42755,10
13.0889196396,80.2305374146,42755,42765,10
13.0890903473,80.2302398682,42765,42775,10
13.0894203186,80.2296066284,42775,42786,11
13.0901298523,80.2287521362,42786,42796,10
13.0909099579,80.227897644,42796,42806,10
13.0916795731,80.2270736694,42806,42816,10
13.0924701691,80.2262268066,42816,42826,10
13.0931501389,80.2255325317,42826,42836,10
13.0933198929,80.2253723145,42836,42846,10
13.0935401917,80.225151062,42846,42856,10
13.0938596725,80.2248077393,42856,42866,10
13.0943498611,80.2241897583,42866,42876,10
13.0949401855,80.2233200073,42876,42886,10
13.0953197479,80.2223968506,42886,42897,11
13.0954399109,80.2220993042,42897,42907,10
13.095580101,80.2217788696,42907,42917,10
13.0958003998,80.2211227417,42917,42927,10
13.0960903168,80.2202987671,42927,42937,10
13.096329689,80.2195587158,42937,42953,16
13.0964002609,80.2192993164,42953,42965,12
13.0965995789,80.2188720703,42965,42973,8
13.0967597961,80.2183685303,42973,42985,12
13.0970802307,80.2174377441,42985,42995,10
13.0973997116,80.216583252,42995,43006,11
13.0977897644,80.215637207,43006,43016,10
13.0981702805,80.2147979736,43016,43026,10
13.0984296799,80.2142181396,43026,43096,70
13.0984296799,80.2142181396,43096,43107,11
13.0984601974,80.2142181396,43107,43117,10
13.0986099243,80.2140274048,43117,43127,10
13.0991296768,80.2142410278,43127,43137,10
13.0997600555,80.2144088745,43137,43147,10
13.1001796722,80.2145309448,43147,43197,50
13.1001796722,80.2145309448,43197,43207,10
13.1004400253,80.214630127,43207,43218,11
13.1005601883,80.2149276733,43218,43228,10
13.1002597809,80.2155838013,43228,43238,10
13.1000003815,80.2160568237,43238,43248,10
13.0999202728,80.2158584595,43248,43258,10
13.1000900269,80.2155227661,43258,43268,10
13.1002702713,80.2151031494,43268,43278,10
13.1003398895,80.21484375,43278,43954,676
13.1003398895,80.21484375,43954,43964,10
13.1002902985,80.2145614624,43964,43975,11
13.1000404358,80.2144393921,43975,43985,10
13.0997600555,80.2143630981,43985,43995,10
13.0993099213,80.2142562866,43995,44005,10
13.0988502502,80.2141189575,44005,44015,10
13.0986995697,80.2140579224,44015,44126,111
13.0986995697,80.2140579224,44126,44136,10
13.0984096527,80.2141799927,44136,44146,10
13.0981502533,80.2147674561,44146,44156,10
13.0978002548,80.2155685425,44156,44166,10
13.0974597931,80.2162704468,44166,44176,10
13.097319603,80.2166595459,44176,44186,10
13.0972995758,80.2167663574,44186,44197,11
13.0970697403,80.2172317505,44197,44207,10
13.0967702866,80.2180633545,44207,44217,10
13.0964803696,80.2189483643,44217,44227,10
13.0962600708,80.2195968628,44227,44236,9
13.0959997177,80.2203979492,44236,44246,10
13.0957403183,80.2211380005,44246,44257,11
13.0955295563,80.2217788696,44257,44267,10
13.0953197479,80.222366333,44267,44277,10
13.095290184,80.2225036621,44277,44287,10
13.0950603485,80.2229919434,44287,44297,10
13.0945997238,80.2237472534,44297,44308,11
13.093870163,80.2247085571,44308,44318,10
13.0932798386,80.2253799438,44318,44328,10
13.0926198959,80.2260513306,44328,44338,10
13.0911598206,80.2276306152,44338,44367,29
13.0911598206,80.2276306152,44367,44375,8
13.0911197662,80.2276992798,44375,44387,12
13.0907201767,80.2281188965,44387,44398,11
13.0900802612,80.2287902832,44398,44407,9
13.0894403458,80.2295379639,44407,44418,11
13.0890798569,80.2301483154,44418,44429,11
13.0887002945,80.2311019897,44429,44448,19
13.0887002945,80.2311019897,44448,44459,11
13.08852005,80.2314529419,44459,44469,10
13.0882797241,80.232093811,44469,44479,10
13.0881099701,80.2328567505,44479,44489,10
13.0879001617,80.2341308594,44489,44499,10
13.087269783,80.2345428467,44499,44509,10
13.0866603851,80.2345123291,44509,44520,11
13.0860099792,80.2344207764,44520,44529,9
13.0854701996,80.2342681885,44529,44540,11
13.0849399567,80.234161377,44540,44550,10
13.0846996307,80.2340698242,44550,44560,10
13.084400177,80.2340164185,44560,44570,10
13.0840997696,80.2339401245,44570,44580,10
13.0837802887,80.2338790894,44580,44590,10
13.0831804276,80.2338027954,44590,44600,10
13.0825500488,80.2336425781,44600,44620,20
13.0825500488,80.2336425781,44620,44631,11
13.0820198059,80.233581543,44631,44641,10
13.0813503265,80.2334899902,44641,44651,10
13.0807600021,80.2334518433,44651,44661,10
13.0804300308,80.2334899902,44661,44671,10
13.0800695419,80.2335205078,44671,44681,10
13.0794401169,80.2335128784,44681,44691,10
13.0787696838,80.233543396,44691,44701,10
13.0782299042,80.233543396,44701,44711,10
13.0778398514,80.233581543,44711,44721,10
13.0773200989,80.2336578369,44721,44732,11
13.0768499374,80.2337265015,44732,44772,40
13.0768499374,80.2337265015,44772,44782,10
13.0765600204,80.2337417603,44782,44792,10
13.0762796402,80.2338104248,44792,44853,61
13.0762796402,80.2338104248,44853,44862,9
13.0759096146,80.2337493896,44862,44871,9
13.0758399963,80.2340621948,44871,44882,11
13.0759601593,80.2348480225,44882,44892,10
13.0761404037,80.2358398438,44892,44903,11
13.0763502121,80.2371292114,44903,44923,20
13.0763502121,80.2371292114,44923,44933,10
13.0763998032,80.2373580933,44933,44944,11
13.0764398575,80.2375564575,44944,44954,10
13.0765104294,80.2379226685,44954,44964,10
13.0766496658,80.2385177612,44964,44974,10
13.0768203735,80.2391967773,44974,44984,10
13.0769395828,80.2397613525,44984,44995,11
13.0771398544,80.2404174805,44995,45008,13
13.0772399902,80.2406234741,45008,45018,10
13.0773496628,80.2410964966,45018,45028,10
13.0774002075,80.2414703369,45028,45038,10
13.0775299072,80.2420578003,45038,45048,10
13.0776596069,80.2429428101,45048,45059,11
13.0777702332,80.2439193726,45059,45069,10
13.0777196884,80.2442474365,45069,45079,10
13.0777997971,80.2447891235,45079,45104,25
13.0780200958,80.2467269897,45104,45116,12
13.0782699585,80.2480163574,45116,45126,10
13.0785102844,80.2490386963,45126,45136,10
13.078669548,80.2498931885,45136,45146,10
13.0784301758,80.2507171631,45146,45156,10
13.0785398483,80.2515029907,45156,45167,11
13.0781002045,80.2516937256,45167,45177,10
13.0774297714,80.2518386841,45177,45186,9
13.0767297745,80.2519607544,45186,45197,11
13.0758600235,80.2520980835,45197,45207,10
13.0751695633,80.252166748,45207,45217,10
13.0747098923,80.2522125244,45217,45226,9
13.0741701126,80.252243042,45226,45237,11
13.0736198425,80.2524185181,45237,45247,10
13.0730800629,80.2523727417,45247,45257,10
13.0725898743,80.2522583008,45257,45268,11
13.0721998215,80.2516174316,45268,45278,10
13.0720901489,80.2510070801,45278,45288,10
13.0718097687,80.2502212524,45288,45298,10
13.0715703964,80.2492828369,45298,45308,10
13.0713701248,80.2483062744,45308,45318,10
13.0710201263,80.2472991943,45318,45328,10
13.0705900192,80.246421814,45328,45338,10
13.070110321,80.2453994751,45338,45348,10
13.0698099136,80.2446517944,45348,45358,10
13.0694999695,80.2437133789,45358,45368,10
13.0693397522,80.2433319092,45368,45378,10
13.0692996979,80.2432479858,45378,45389,11
13.0691995621,80.2427597046,45389,45399,10
13.0688896179,80.2424926758,45399,45409,10
13.0683803558,80.2426223755,45409,45419,10
13.0676403046,80.2428436279,45419,45429,10
13.0670995712,80.243057251,45429,45439,10
13.066450119,80.2433319092,45439,45490,51
13.0661497116,80.2434616089,45490,45550,60
13.0661497116,80.2434616089,45550,45560,10
13.0660800934,80.2437820435,45560,45570,10
13.0661001205,80.244178772,45570,45580,10
13.0662002563,80.2449417114,45580,45590,10
13.0663299561,80.2457427979,45590,45601,11
13.0672302246,80.2462615967,45601,45611,10
13.0677995682,80.2465896606,45611,45631,20
13.0677995682,80.2465896606,45631,45641,10
13.067899704,80.2469329834,45641,45651,10
13.0678300858,80.2475585938,45651,45661,10
13.0675697327,80.2478179932,45661,45671,10
13.0668897629,80.2478027344,45671,45681,10
13.0663404465,80.2477798462,45681,45691,10
13.0658998489,80.247756958,45691,45701,10
13.0652999878,80.2477416992,45701,45712,11
13.0643596649,80.2476501465,45712,45722,10
13.0635204315,80.2475814819,45722,45732,10
13.062959671,80.2475814819,45732,45742,10
13.0622301102,80.2475509644,45742,45752,10
13.06153965,80.2473373413,45752,45762,10
13.0614595413,80.246887207,45762,45772,10
13.061829567,80.2463531494,45772,45782,10
13.0619401932,80.245552063,45782,45792,10
13.0624599457,80.244972229,45792,45802,10
13.0630903244,80.2444000244,45802,45813,11
13.0631999969,80.2442169189,45813,45823,10
13.0632696152,80.244140625,45823,45833,10
13.0634498596,80.2437362671,45833,45843,10
13.0632400513,80.2434997559,45843,45853,10
13.062789917,80.2433776855,45853,45863,10
13.0621995926,80.243270874,45863,45913,50
13.0621995926,80.243270874,45913,45924,11
13.0617198944,80.2431869507,45924,45934,10
13.061340332,80.2431182861,45934,45944,10
13.0608901978,80.2429733276,45944,45954,10
13.0604000092,80.2427978516,45954,45964,10
13.0598096848,80.2426681519,45964,45974,10
13.0594301224,80.2425384521,45974,45984,10
13.0589399338,80.2425231934,45984,45994,10
13.0588102341,80.2425384521,45994,46004,10
13.0585803986,80.2425994873,46004,46014,10
13.0580797195,80.2427062988,46014,46024,10
13.0572299957,80.2427825928,46024,46035,11
13.0565595627,80.2425918579,46035,46045,10
13.0560302734,80.2423400879,46045,46055,10
13.0552597046,80.2422485352,46055,46065,10
13.0545501709,80.2423171997,46065,46074,9
13.0539102554,80.2422409058,46074,46085,11
13.0537004471,80.2421569824,46085,46095,10
13.0535497665,80.2420501709,46095,46105,10
13.0531997681,80.2419204712,46105,46135,30
13.0531997681,80.2419204712,46135,46146,11
13.0529899597,80.2417984009,46146,46156,10
13.0524902344,80.2415466309,46156,46166,10
13.0520601273,80.2408599854,46166,46196,30
13.0520601273,80.2408599854,46196,46206,10
13.0517396927,80.2406921387,46206,46216,10
13.0514698029,80.2406234741,46216,46226,10
13.0511598587,80.240562439,46226,46236,10
13.0509195328,80.2405166626,46236,46247,11
13.050620079,80.240447998,46247,46257,10
13.0500297546,80.2403411865,46257,46267,10
13.0496501923,80.2402420044,46267,46277,10
13.0490198135,80.2400665283,46277,46287,10
13.0484399796,80.2399291992,46287,46297,10
13.0478096008,80.2398300171,46297,46307,10
13.0473899841,80.2397537231,46307,46317,10
13.0469799042,80.2396469116,46317,46358,41
13.0469799042,80.2396469116,46358,46368,10
13.0464897156,80.2395935059,46368,46378,10
13.0462198257,80.2394638062,46378,46388,10
13.0463104248,80.2391967773,46388,46398,10
13.0464000702,80.2386627197,46398,46408,10
13.046500206,80.2382736206,46408,46418,10
13.0465898514,80.2378692627,46418,46427,9
13.0466995239,80.2372512817,46427,46438,11
13.0468397141,80.2365036011,46438,46448,10
13.0470104218,80.2359771729,46448,46458,10
13.0470399857,80.2357025146,46458,46469,11
13.0471000671,80.2354736328,46469,46479,10
13.0471601486,80.2349395752,46479,46489,10
13.0472402573,80.2341766357,46489,46499,10
13.0473403931,80.2333374023,46499,46509,10
13.0472602844,80.2329864502,46509,46519,10
13.0467596054,80.2329177856,46519,46529,10
13.046210289,80.2328109741,46529,46539,10
13.0454902649,80.2326431274,46539,46549,10
13.0451698303,80.2325820923,46549,46559,10
13.0450601578,80.2325592041,46559,46570,11
13.0445404053,80.2324295044,46570,46580,10
13.0437803268,80.2323303223,46580,46590,10
13.0429801941,80.2322616577,46590,46600,10
13.0422801971,80.2322463989,46600,46610,10
13.0414800644,80.2321166992,46610,46620,10
13.0405502319,80.231842041,46620,46630,10
13.0395202637,80.2315368652,46630,46640,10
13.0385398865,80.2313079834,46640,46650,10
13.0376596451,80.2310333252,46650,46660,10
13.0369701385,80.2307662964,46660,46670,10
13.0367603302,80.23072052,46670,46681,11
13.0367002487,80.2307128906,46681,46691,10
13.0363197327,80.2306137085,46691,46701,10
13.0354700089,80.2303466797,46701,46771,70
13.0354700089,80.2303466797,46771,46781,10
13.0350799561,80.2302703857,46781,46792,11
13.0343904495,80.2303390503,46792,46802,10
13.0338401794,80.2304534912,46802,46811,9
13.0334596634,80.2304534912,46811,46822,11
13.0334501266,80.2304534912,46822,46832,10
13.0331401825,80.2304382324,46832,46842,10
13.0324602127,80.2304916382,46842,46852,10
13.0315999985,80.2305908203,46852,46861,9
13.0307703018,80.2306900024,46861,46872,11
13.0299797058,80.2307815552,46872,46882,10
13.0297899246,80.2307891846,46882,46892,10
13.0297403336,80.2307891846,46892,46903,11
13.029299736,80.2308425903,46903,46913,10
13.0285902023,80.2308807373,46913,46923,10
13.0277900696,80.2309494019,46923,46933,10
13.0276403427,80.2311935425,46933,46943,10
13.0276699066,80.2317810059,46943,46953,10
13.0277900696,80.232421875,46953,46963,10
13.0276203156,80.2328186035,46963,46973,10
13.0269603729,80.2329101563,46973,47024,51
13.0269603729,80.2329101563,47024,47034,10
13.0266504288,80.2329864502,47034,47044,10
13.0263795853,80.2327804565,47044,47054,10
13.0262403488,80.2322463989,47054,47064,10
13.0260896683,80.2316131592,47064,47074,10
13.0258798599,80.2308425903,47074,47084,10
13.0253801346,80.229927063,47084,47094,10
13.0248804092,80.2293167114,47094,47104,10
13.0244903564,80.2288284302,47104,47115,11
13.0242700577,80.2285614014,47115,47125,10
13.0239896774,80.2282409668,47125,47135,10
13.0239801407,80.2282409668,47135,47145,10
13.0238399506,80.2280197144,47145,47155,10
13.0235900879,80.2276916504,47155,47165,10
13.0230798721,80.2272186279,47165,47175,10
13.0223903656,80.226600647,47175,47185,10
13.0217199326,80.2260513306,47185,47195,10
13.0211801529,80.2256011963,47195,47205,10
13.0206098557,80.2251968384,47205,47215,10
13.0199804306,80.2247772217,47215,47226,11
13.0190095901,80.2244491577,47226,47236,10
13.0181102753,80.2247619629,47236,47245,9
13.0172395706,80.2251205444,47245,47255,10
13.0164299011,80.2254562378,47255,47266,11
13.0158700943,80.2256622314,47266,47276,10
13.0151395798,80.2259597778,47276,47286,10
13.0144300461,80.2262191772,47286,47296,10
13.0143098831,80.226272583,47296,47306,10
13.0142402649,80.2262573242,47306,47316,10
13.0138196945,80.2264175415,47316,47326,10
13.0130996704,80.2266769409,47326,47337,11
13.0120601654,80.2271118164,47337,47347,10
13.0109901428,80.2275390625,47347,47357,10
13.0099897385,80.2279510498,47357,47373,16
13.0089998245,80.2291870117,47373,47385,12
13.0087299347,80.2305374146,47385,47395,10
13.0085697174,80.2314071655,47395,47405,10
13.0083503723,80.2326431274,47405,47415,10
13.0081996918,80.2335891724,47415,47425,10
13.0081596375,80.2337188721,47425,47435,10
13.0081195831,80.2338409424,47435,47446,11
13.0079898834,80.2343902588,47446,47456,10
13.0078296661,80.2351837158,47456,47466,10
13.007610321,80.2362594604,47466,47476,10
13.007399559,80.2373504639,47476,47487,11
13.0072202682,80.2383499146,47487,47497,10
13.0070400238,80.2392807007,47497,47506,9
13.0068998337,80.2398910522,47506,47516,10
13.0067901611,80.2406387329,47516,47527,11
13.006770134,80.2407913208,47527,47537,10
13.0066995621,80.2412414551,47537,47548,11
13.0066604614,80.2421264648,47548,47558,10
13.0066404343,80.2429199219,47558,47568,10
13.006649971,80.2432098389,47568,47578,10
13.0066404343,80.2434997559,47578,47588,10
13.0065603256,80.2438735962,47588,47598,10
13.0065803528,80.2444229126,47598,47608,10
13.0065698624,80.2448120117,47608,47618,10
13.0066003799,80.245262146,47618,47628,10
13.0066299438,80.2456893921,47628,47638,10
13.0066604614,80.2462081909,47638,47648,10
13.0066795349,80.2469177246,47648,47659,11
13.0066795349,80.2478713989,47659,47669,10
13.0067300797,80.248840332,47669,47679,10
13.0068397522,80.2495193481,47679,47689,10
13.0068397522,80.2495422363,47689,47699,10
13.0067796707,80.2498016357,47699,47709,10
13.0067396164,80.2504577637,47709,47719,10
13.0067396164,80.2512512207,47719,47729,10
13.0066003799,80.2519302368,47729,47739,10
13.0065202713,80.2524795532,47739,47749,10
13.0066204071,80.2527236938,47749,47759,10
13.0066099167,80.2533035278,47759,47780,21
13.0066099167,80.2533035278,47780,47790,10
13.0065803528,80.2536010742,47790,47911,121
13.0065803528,80.2536010742,47911,47921,10
13.0065202713,80.2536392212,47921,47931,10
13.0065603256,80.2541809082,47931,47941,10
13.0065202713,80.2544937134,47941,47951,10
13.0064897537,80.2551116943,47951,47961,10
13.006529808,80.2560577393,47961,47971,10
13.0065698624,80.2571411133,47971,48001,30
13.0065698624,80.2571411133,48001,48012,11
13.0066604614,80.25756073,48012,48022,10
13.0069904327,80.2582168579,48022,48032,10
13.007610321,80.2587585449,48032,48042,10
13.0080299377,80.2590789795,48042,48052,10
13.0076503754,80.2593536377,48052,48062,10
13.0073003769,80.2589111328,48062,48072,10
13.0069904327,80.2582778931,48072,48082,10
13.0066204071,80.2577667236,48082,48113,31
13.0066204071,80.2577667236,48113,48123,10
13.0064697266,80.2576293945,48123,48133,10
13.0065002441,80.2573013306,48133,48143,10
13.0065097809,80.2568130493,48143,48153,10
13.0064897537,80.2560119629,48153,48163,10
13.0065002441,80.2551879883,48163,48173,10
13.0065002441,80.2543029785,48173,48183,10
13.0065002441,80.2534790039,48183,48193,10
13.0064897537,80.2531661987,48193,48204,11
13.0065097809,80.2528991699,48204,48214,10
13.0065898895,80.2522201538,48214,48274,60
13.0065898895,80.2522201538,48274,48284,10
13.0066699982,80.2521820068,48284,48294,10
13.0067195892,80.2517776489,48294,48304,10
13.006819725,80.2511901855,48304,48315,11
13.0068502426,80.2503204346,48315,48325,10
13.0068101883,80.24949646,48325,48335,10
13.0067396164,80.2486801147,48335,48345,10
13.0066795349,80.2479400635,48345,48355,10
13.0066699982,80.2475204468,48355,48415,60
13.0066699982,80.2475204468,48415,48426,11
13.0066404343,80.2473526001,48426,48436,10
13.0066099167,80.2467803955,48436,48446,10
13.0065698624,80.2464370728,48446,48456,10
13.0066099167,80.246383667,48456,48466,10
13.0066404343,80.2460098267,48466,48476,10
13.0066404343,80.2454223633,48476,48486,10
13.0066204071,80.2449264526,48486,48496,10
13.0066204071,80.2445373535,48496,48506,10
13.0066299438,80.2441101074,48506,48516,10
13.0066299438,80.243637085,48516,48527,11
13.0066003799,80.2429733276,48527,48537,10
13.0065803528,80.2421035767,48537,48547,10
13.0066204071,80.2412109375,48547,48557,10
13.0067100525,80.240447998,48557,48587,30
13.0067100525,80.240447998,48587,48603,16
13.0067996979,80.2400894165,48603,48615,12
13.0069599152,80.2393417358,48615,48623,8
13.0070800781,80.2386169434,48623,48635,12
13.0072498322,80.2378616333,48635,48646,11
13.007399559,80.237121582,48646,48656,10
13.0074396133,80.2367019653,48656,48666,10
13.0074796677,80.236618042,48666,48675,9
13.0075798035,80.2362594604,48675,48686,11
13.0077199936,80.2355804443,48686,48695,9
13.0077695847,80.2352676392,48695,48706,11
13.0078802109,80.2347564697,48706,48716,10
13.0080299377,80.2340011597,48716,48726,10
13.0082397461,80.2329711914,48726,48736,10
13.008480072,80.2317581177,48736,48747,11
13.0087299347,80.2304077148,48747,48757,10
13.0089797974,80.2291793823,48757,48767,10
13.0092496872,80.2280578613,48767,48777,10
13.0096998215,80.2270202637,48777,48787,10
13.0101604462,80.2260437012,48787,48797,10
13.0106201172,80.225112915,48797,48807,10
13.0109796524,80.2242965698,48807,48817,10
13.0113201141,80.2234573364,48817,48827,10
13.011639595,80.2225723267,48827,48837,10
13.0120201111,80.2215499878,48837,48847,10
13.0124101639,80.221572876,48847,48858,11
13.0128898621,80.2222518921,48858,48868,10
13.0135002136,80.2229690552,48868,48878,10
13.0140600204,80.2236328125,48878,48888,10
13.0145301819,80.2242202759,48888,48898,10
13.0148696899,80.2245101929,48898,48908,10
13.0150699615,80.2247009277,48908,48918,10
13.015370369,80.2249221802,48918,48928,10
13.01541996,80.2249526978,48928,48938,10
13.015540123,80.2250137329,48938,48948,10
13.0159702301,80.2253036499,48948,48958,10
13.0167598724,80.2252120972,48958,48969,11
13.0177297592,80.2248382568,48969,48979,10
13.0186300278,80.2244720459,48979,48995,16
13.0198297501,80.2245788574,48995,49007,12
13.0205202103,80.2250823975,49007,49017,10
13.0209102631,80.2253570557,49017,49026,9
13.0212497711,80.225692749,49026,49037,11
13.0217103958,80.2260437012,49037,49047,10
13.0222101212,80.2263793945,49047,49057,10
13.0222902298,80.2264633179,49057,49067,10
13.0226202011,80.2267608643,49067,49078,11
13.0231895447,80.2273101807,49078,49088,10
13.0237798691,80.2278213501,49088,49098,10
13.0242204666,80.2282791138,49098,49108,10
13.024600029,80.2288131714,49108,49118,10
13.0248804092,80.2292327881,49118,49128,10
13.025270462,80.2297210693,49128,49138,10
13.0256795883,80.2303237915,49138,49148,10
13.0258798599,80.2307434082,49148,49158,10
13.0259799957,80.2310714722,49158,49168,10
13.0261297226,80.2313537598,49168,49179,11
13.0266599655,80.2312164307,49179,49189,10
13.0273895264,80.231048584,49189,49199,10
13.0280504227,80.23097229,49199,49209,10
13.0284700394,80.2309188843,49209,49219,10
13.0285301208,80.2309265137,49219,49229,10
13.0288896561,80.2308883667,49229,49257,28
13.0288896561,80.2308883667,49257,49265,8
13.0291900635,80.2308883667,49265,49277,12
13.0296802521,80.2308197021,49277,49287,10
13.0302295685,80.2307662964,49287,49298,11
13.0309095383,80.2306976318,49298,49308,10
13.0314302444,80.2306671143,49308,49318,10
13.0317897797,80.2306594849,49318,49328,10
13.0321102142,80.2306213379,49328,49338,10
13.0327196121,80.2305679321,49338,49348,10
13.0333595276,80.2305297852,49348,49358,10
13.0339403152,80.2305221558,49358,49368,10
13.0344696045,80.2303771973,49368,49388,20
13.0344696045,80.2303771973,49388,49399,11
13.0345697403,80.2303466797,49399,49409,10
13.0348300934,80.2303237915,49409,49439,30
13.0348300934,80.2303237915,49439,49449,10
13.0349597931,80.230506897,49449,49459,10
13.0349302292,80.2308425903,49459,49469,10
13.0348300934,80.2315216064,49469,49479,10
13.034740448,80.2321624756,49479,49489,10
13.0346403122,80.2329177856,49489,49499,10
13.0346002579,80.2333068848,49499,49510,11
13.0345401764,80.233581543,49510,49520,10
13.0344696045,80.2340927124,49520,49530,10
13.0344295502,80.2345504761,49530,49540,10
13.034330368,80.2351989746,49540,49550,10
13.0342597961,80.2360610962,49550,49560,10
13.0341501236,80.2369232178,49560,49576,16
13.0346403122,80.2379837036,49576,49588,12
13.0350704193,80.2386703491,49588,49598,10
13.0354700089,80.2392501831,49598,49608,10
13.0360498428,80.2394104004,49608,49619,11
13.0368499756,80.2394790649,49619,49629,10
13.0375204086,80.2395706177,49629,49639,10
13.0381498337,80.2396621704,49639,49649,10
13.0386104584,80.2397384644,49649,49659,10
13.038649559,80.2397384644,49659,49669,10
13.0389003754,80.2397384644,49669,49678,9
13.0392198563,80.2397994995,49678,49689,11
13.0396995544,80.2398605347,49689,49699,10
13.0399999619,80.2398986816,49699,49710,11
13.0402402878,80.2399368286,49710,49721,11
13.0403604507,80.240196228,49721,49731,10
13.0405502319,80.2405471802,49731,49741,10
13.0409402847,80.2406005859,49741,49751,10
13.0409603119,80.2406082153,49751,49761,10
13.0414199829,80.2406692505,49761,49771,10
13.0420703888,80.240737915,49771,49781,10
13.0426797867,80.2408370972,49781,49791,10
13.0432701111,80.2408905029,49791,49801,10
13.0439395905,80.2409667969,49801,49811,10
13.0447702408,80.2404632568,49811,49842,31
13.044719696,80.2403793335,49842,49882,40
13.044719696,80.2403793335,49882,49892,10
13.044839859,80.240196228,49892,49902,10
13.0452098846,80.2400436401,49902,49912,10
13.0454797745,80.2399291992,49912,49922,10
13.0459604263,80.2396316528,49922,49932,10
13.0462398529,80.2395706177,49932,49943,11
13.0465297699,80.2396469116,49943,49953,10
13.0468301773,80.2397079468,49953,49963,10
13.0473899841,80.2398834229,49963,49973,10
13.0481004715,80.2399673462,49973,49983,10
13.0488300323,80.2401275635,49983,49993,10
13.0496196747,80.2402877808,49993,50003,10
13.0502004623,80.2404022217,50003,50013,10
13.050860405,80.2405395508,50013,50023,10
13.0513401031,80.2406082153,50023,50033,10
13.0519399643,80.240737915,50033,50044,11
13.0525197983,80.2412796021,50044,50054,10
13.0528202057,80.2417602539,50054,50064,10
13.0539999008,80.2422485352,50064,50084,20
13.0539999008,80.2422485352,50084,50094,10
13.0544099808,80.2423400879,50094,50104,10
13.0551300049,80.2422714233,50104,50114,10
13.0558204651,80.2423095703,50114,50124,10
13.0563602448,80.2425613403,50124,50134,10
13.0568504333,80.2426223755,50134,50144,10
13.0574197769,80.2427978516,50144,50155,11
13.0580196381,80.2427825928,50155,50165,10
13.0586299896,80.2426986694,50165,50175,10
13.058719635,80.2426834106,50175,50185,10
13.0591201782,80.2425765991,50185,50195,10
13.0596704483,80.2426223755,50195,50205,10
13.060379982,80.2428588867,50205,50215,10
13.0609703064,80.2430419922,50215,50225,10
13.0611801147,80.2431182861,50225,50235,10
13.0615701675,80.2432174683,50235,50245,10
13.0620498657,80.2433013916,50245,50255,10
13.0624504089,80.2433395386,50255,50266,11
13.0624599457,80.2433395386,50266,50276,10
13.0626296997,80.2434005737,50276,50286,10
13.0631799698,80.2434997559,50286,50296,10
13.063750267,80.2435302734,50296,50306,10
13.0640001297,80.243560791,50306,50316,10
13.0642004013,80.2435379028,50316,50326,10
13.0648899078,80.2435531616,50326,50346,20
13.0648899078,80.2435531616,50346,50363,17
13.0657901764,80.2435073853,50363,50395,32
13.0657901764,80.2435073853,50395,50405,10
13.0661802292,80.2434921265,50405,50415,10
13.0663604736,80.2434005737,50415,50425,10
13.0665998459,80.2433166504,50425,50435,10
13.0669803619,80.2431716919,50435,50445,10
13.0674200058,80.2429733276,50445,50455,10
13.0681400299,80.2427062988,50455,50475,20
13.0681400299,80.2427062988,50475,50496,21
13.068860054,80.2424697876,50496,50508,12
13.0694503784,80.2422180176,50508,50518,10
13.0697002411,80.2421875,50518,50528,10
13.0700397491,80.2421417236,50528,50538,10
13.0700798035,80.2421569824,50538,50547,9
13.0701398849,80.2421875,50547,50558,11
13.0706596375,80.2420120239,50558,50568,10
13.0713796616,80.2417297363,50568,50578,10
13.0722398758,80.2412490845,50578,50588,10
13.0731096268,80.2408065796,50588,50599,11
13.0740804672,80.2405319214,50599,50609,10
13.0750799179,80.2405014038,50609,50619,10
13.0758895874,80.2404785156,50619,50639,20
13.0758895874,80.2404785156,50639,50648,9
13.0760402679,80.2404785156,50648,50659,11
13.0761003494,80.2404785156,50659,50669,10
13.0763196945,80.2404937744,50669,50679,10
13.0765304565,80.2405319214,50679,50689,10
13.0767402649,80.2406005859,50689,50700,11
13.0769796371,80.2406082153,50700,50710,10
13.0771198273,80.2404708862,50710,50720,10
13.0771102905,80.2401580811,50720,50730,10
13.0769996643,80.239692688,50730,50740,10
13.0768499374,80.2391967773,50740,50760,20
13.0768499374,80.2391967773,50760,50770,10
13.0768203735,80.2390213013,50770,50780,10
13.0767498016,80.2387237549,50780,50790,10
13.0766601563,80.2383728027,50790,50800,10
13.0765895844,80.2378997803,50800,50811,11
13.0764703751,80.2373428345,50811,50831,20
13.0764703751,80.2373428345,50831,50841,10
13.0764598846,80.2372817993,50841,50851,10
13.076379776,80.2369384766,50851,50861,10
13.0762796402,80.2362594604,50861,50871,10
13.0761203766,80.2353591919,50871,50881,10
13.0758304596,80.2342071533,50881,50932,51
13.0758304596,80.2342071533,50932,50942,10
13.0758495331,80.2339401245,50942,50952,10
13.0759601593,80.2338104248,50952,50962,10
13.0763196945,80.2337799072,50962,50972,10
13.0767803192,80.2337493896,50972,50982,10
13.0769100189,80.2337417603,50982,50992,10
13.0774297714,80.2336807251,50992,51002,10
13.0782003403,80.2336273193,51002,51012,10
13.078909874,80.2335586548,51012,51023,11
13.0795402527,80.2335510254,51023,51033,10
13.0805101395,80.233543396,51033,51053,20
13.0805101395,80.233543396,51053,51063,10
13.0809402466,80.2335662842,51063,51073,10
13.0813102722,80.2335968018,51073,51083,10
13.0814504623,80.2335968018,51083,51093,10
13.0816898346,80.2336425781,51093,51134,41
13.0816898346,80.2336425781,51134,51144,10
13.0819997787,80.2333831787,51144,51164,20
13.0819997787,80.2333831787,51164,51174,10
13.0820398331,80.2329788208,51174,51184,10
13.0820598602,80.2327880859,51184,51194,10
13.0821199417,80.2325592041,51194,51204,10
13.0821895599,80.2323303223,51204,51214,10
13.0823698044,80.2317581177,51214,51224,10
13.0826501846,80.2311019897,51224,51235,11
13.0829601288,80.2306976318,51235,51245,10
13.0831298828,80.2310562134,51245,51255,10
13.0831804276,80.2317962646,51255,51265,10
13.0832595825,80.2325973511,51265,51275,10
13.0833997726,80.2333297729,51275,51285,10
13.0834598541,80.2335968018,51285,51295,10
13.0834903717,80.2336883545,51295,51305,10
13.0837602615,80.2338867188,51305,51315,10
13.0840702057,80.2339935303,51315,51325,10
13.0841703415,80.2340011597,51325,51335,10
13.0843601227,80.2340698242,51335,51345,10
13.084569931,80.23412323,51345,51362,17
13.0857696533,80.2343902588,51362,51375,13
13.0867099762,80.2345733643,51375,51385,10
13.0874099731,80.234588623,51385,51395,10
13.0879497528,80.2340774536,51395,51405,10
13.0880804062,80.2331237793,51405,51415,10
13.0883197784,80.2321014404,51415,51425,10
13.0889396667,80.2304916382,51425,51445,20
13.0889396667,80.2304916382,51445,51456,11
13.0891199112,80.2302017212,51456,51466,10
13.0894298553,80.2295837402,51466,51476,10
13.0900497437,80.2288208008,51476,51486,10
13.0908002853,80.2279968262,51486,51496,10
13.0914802551,80.2272872925,51496,51506,10
13.0916204453,80.2271194458,51506,51516,10
13.0917701721,80.2269897461,51516,51526,10
13.0922298431,80.2265319824,51526,51536,10
13.0928602219,80.2259063721,51536,51546,10
13.0935201645,80.2251663208,51546,51556,10
13.0940599442,80.2245483398,51556,51567,11
13.0947599411,80.2235870361,51567,51577,10
13.095199585,80.2227096558,51577,51587,10
13.0952997208,80.2224578857,51587,51597,10
13.0953397751,80.2223968506,51597,51607,10
13.0954904556,80.2219772339,51607,51617,10
13.0957603455,80.2212219238,51617,51627,10
13.0960502625,80.220451355,51627,51637,10
13.0963401794,80.2195587158,51637,51647,10
13.0964803696,80.2191390991,51647,51657,10
13.0965795517,80.2188873291,51657,51668,11
13.0967798233,80.2182693481,51668,51678,10
13.0970401764,80.2175064087,51678,51688,10
13.0973100662,80.2167892456,51688,51698,10
13.0975799561,80.2161483765,51698,51707,9
13.0978097916,80.2155838013,51707,51718,11
13.0979299545,80.2152862549,51718,51738,20
13.0979299545,80.2152862549,51738,51748,10
13.0980195999,80.2151489258,51748,51758,10
13.0981302261,80.2148590088,51758,51768,10
13.0982503891,80.2145690918,51768,51799,31
13.0982503891,80.2145690918,51799,51809,10
13.0984096527,80.2141723633,51809,51839,30
13.0984096527,80.2141723633,51839,51849,10
13.0986204147,80.2139968872,51849,51859,10
13.0991697311,80.2142410278,51859,51869,10
13.0999097824,80.2144470215,51869,51879,10
13.1002101898,80.2145309448,51879,51890,11
13.1002197266,80.2145309448,51890,51900,10
13.1002702713,80.2145614624,51900,51910,10
13.1005897522,80.2147827148,51910,51920,10
13.1003103256,80.215423584,51920,51930,10
13.1000204086,80.2160797119,51930,51940,10
13.0999002457,80.2159500122,51940,51950,10
13.1000204086,80.2156219482,51950,51960,10
13.1001996994,80.2151794434,51960,52808,848
13.1001996994,80.2151794434,52808,52818,10
13.100230217,80.215133667,52818,52828,10
13.1002597809,80.2147064209,52828,52848,20
13.1002597809,80.2147064209,52848,52859,11
13.100060463,80.2144775391,52859,52869,10
13.099820137,80.2144012451,52869,52879,10
13.0994100571,80.2143096924,52879,52889,10
13.09897995,80.2141571045,52889,52899,10
13.0985298157,80.2140426636,52899,52909,10
13.0982999802,80.2144775391,52909,52919,10
13.0979604721,80.2151870728,52919,52929,10
13.0976200104,80.2160186768,52929,52939,10
13.0973100662,80.2167663574,52939,52949,10
13.0970401764,80.2174835205,52949,52959,10
13.0967903137,80.218208313,52959,52970,11
13.0965099335,80.2190933228,52970,52980,10
13.0962295532,80.2198791504,52980,52990,10
13.0959701538,80.2206420898,52990,53000,10
13.0957803726,80.2211685181,53000,53016,16
13.0953998566,80.2222824097,53016,53028,12
13.0953502655,80.2224121094,53028,53036,8
13.0952501297,80.2226333618,53036,53047,11
13.0949802399,80.2231826782,53047,53059,12
13.0943002701,80.2242279053,53059,53069,10
13.0937004089,80.2249679565,53069,53080,11
13.0931100845,80.2255783081,53080,53089,9
13.0926198959,80.2260818481,53089,53100,11
13.0919704437,80.2267303467,53100,53110,10
13.091170311,80.2276229858,53110,53130,20
13.091170311,80.2276229858,53130,53140,10
13.090929985,80.2278900146,53140,53150,10
13.0907201767,80.2280883789,53150,53160,10
13.0903997421,80.2284164429,53160,53170,10
13.0898704529,80.2290115356,53170,53180,10
13.0893001556,80.2297897339,53180,53191,11
13.089099884,80.2302017212,53191,53201,10
13.0889396667,80.2305221558,53201,53211,10
13.0888004303,80.2308807373,53211,53221,10
13.0887899399,80.2308883667,53221,53231,10
13.0887298584,80.2309875488,53231,53241,10
13.0885896683,80.2312774658,53241,53251,10
13.0884399414,80.2318191528,53251,53261,10
13.0881996155,80.2326431274,53261,53271,10
13.0880203247,80.2335205078,53271,53280,9
13.0879497528,80.2342376709,53280,53292,12
13.0872602463,80.2345581055,53292,53302,10
13.086640358,80.2345199585,53302,53312,10
13.0860996246,80.234413147,53312,53322,10
13.0857400894,80.2343063354,53322,53332,10
13.0852804184,80.2342224121,53332,53342,10
13.0848197937,80.2341003418,53342,53352,10
13.0844202042,80.2340393066,53352,53362,10
13.0839195251,80.2339477539,53362,53413,51
13.0839195251,80.2339477539,53413,53423,10
13.0835199356,80.2338180542,53423,53433,10
13.0830602646,80.233757019,53433,53443,10
13.0823602676,80.2336196899,53443,53463,20
13.0823602676,80.2336196899,53463,53473,10
13.0820903778,80.2335586548,53473,53483,10
13.0820198059,80.233543396,53483,53493,10
13.0816698074,80.233581543,53493,53503,10
13.0810003281,80.2335662842,53503,53514,11
13.0802202225,80.233543396,53514,53523,9
13.07970047,80.2335281372,53523,53534,11
13.0793600082,80.2335510254,53534,53544,10
13.0789003372,80.2336196899,53544,53554,10
13.0782804489,80.2336273193,53554,53564,10
13.077580452,80.2336502075,53564,53574,10
13.0768604279,80.2337417603,53574,53584,10
13.0761203766,80.2338790894,53584,53594,10
13.0758895874,80.2339172363,53594,53604,10
13.0757799149,80.2340164185,53604,53614,10
13.0758695602,80.234413147,53614,53625,11
13.0759801865,80.2348327637,53625,53635,10
13.076089859,80.2354125977,53635,53645,10
13.0762300491,80.236038208,53645,53655,10
13.076259613,80.2366333008,53655,53665,10
13.0763196945,80.2369003296,53665,53675,10
13.0764198303,80.2371673584,53675,53685,10
13.0764198303,80.2371902466,53685,53695,10
13.0763998032,80.2373504639,53695,53705,10
13.0765104294,80.2378616333,53705,53715,10
13.0766801834,80.2385177612,53715,53726,11
13.0768995285,80.2394104004,53726,53736,10
13.0770998001,80.2401733398,53736,53746,10
13.0772695541,80.2408065796,53746,53756,10
13.077340126,80.2412033081,53756,53766,10
13.0774002075,80.2416305542,53766,53776,10
13.0775604248,80.2423171997,53776,53786,10
13.0776901245,80.2431335449,53786,53796,10
13.0777702332,80.2438964844,53796,53806,10
13.0777397156,80.2443618774,53806,53816,10
13.0778198242,80.2449569702,53816,53826,10
13.0778999329,80.2457275391,53826,53837,11
13.0780696869,80.2466430664,53837,53847,10
13.0782203674,80.2475280762,53847,53857,10
13.0784101486,80.2484283447,53857,53867,10
13.0785703659,80.2492370605,53867,53877,10
13.0787000656,80.2499923706,53877,53887,10
13.0784502029,80.250579834,53887,53897,10
13.0785503387,80.2511367798,53897,53907,10
13.078499794,80.2515563965,53907,53917,10
13.0782203674,80.251663208,53917,53927,10
13.0777597427,80.2517623901,53927,53937,10
13.077050209,80.2519073486,53937,53948,11
13.0763998032,80.2520904541,53948,53958,10
13.0756797791,80.2521362305,53958,53968,10
13.0749998093,80.2521896362,53968,53978,10
13.0743999481,80.2522125244,53978,53988,10
13.0739002228,80.2523422241,53988,53998,10
13.0735397339,80.2524414063,53998,54008,10
13.0729799271,80.2524337769,54008,54018,10
13.0723800659,80.2522506714,54018,54028,10
13.0721302032,80.2517166138,54028,54038,10
13.0720300674,80.2511062622,54038,54049,11
13.0718202591,80.250328064,54049,54059,10
13.0715999603,80.2495574951,54059,54069,10
13.0714597702,80.2486877441,54069,54079,10
13.0712499619,80.248008728,54079,54089,10
13.0710000992,80.2473297119,54089,54099,10
13.0705499649,80.2464370728,54099,54109,10
13.070110321,80.2454986572,54109,54119,10
13.0696601868,80.2443084717,54119,54129,10
13.0693101883,80.2432937622,54129,54149,20
13.0693101883,80.2432937622,54149,54160,11
13.0692596436,80.2429962158,54160,54170,10
13.0691699982,80.2425918579,54170,54180,10
13.0685997009,80.2425765991,54180,54190,10
13.0678796768,80.242767334,54190,54200,10
13.0672597885,80.2430267334,54200,54210,10
13.0665502548,80.2432632446,54210,54220,10
13.0661001205,80.243598938,54220,54230,10
13.0661296844,80.2442626953,54230,54240,10
13.0661802292,80.2447433472,54240,54250,10
13.0662002563,80.2450790405,54250,54260,10
13.0662202835,80.2452774048,54260,54271,11
13.0664997101,80.2457733154,54271,54281,10
13.0672502518,80.2461624146,54281,54291,10
13.0677204132,80.2464370728,54291,54301,10
13.06772995,80.2464599609,54301,54311,10
13.0678501129,80.2468338013,54311,54321,10
13.0678596497,80.2475814819,54321,54331,10
13.0676403046,80.2479400635,54331,54341,10
13.0670204163,80.2479019165,54341,54351,10
13.0665998459,80.2478485107,54351,54361,10
13.0662899017,80.2479171753,54361,54371,10
13.0658798218,80.2479095459,54371,54382,11
13.0651597977,80.247833252,54382,54392,10
13.0642995834,80.2477264404,54392,54402,10
13.0634803772,80.2476425171,54402,54411,9
13.0628900528,80.2475891113,54411,54422,11
13.0621795654,80.2475585938,54422,54432,10
13.0615997314,80.2473526001,54432,54442,10
13.0613203049,80.2469177246,54442,54452,10
13.0616197586,80.2466125488,54452,54462,10
13.0618495941,80.2460784912,54462,54472,10
13.0620098114,80.245300293,54472,54483,11
13.0625600815,80.2448577881,54483,54493,10
13.0630598068,80.2444000244,54493,54503,10
13.0631198883,80.2443008423,54503,54513,10
13.0632696152,80.2441101074,54513,54523,10
13.06346035,80.2437210083,54523,54533,10
13.0631599426,80.2434768677,54533,54543,10
13.0626497269,80.2433776855,54543,54553,10
13.0622701645,80.2432785034,54553,54563,10
13.0617799759,80.2432022095,54563,54573,10
13.0613698959,80.2431411743,54573,54583,10
13.0610198975,80.2430419922,54583,54594,11
13.0604000092,80.2427978516,54594,54604,10
13.0597200394,80.2425918579,54604,54614,10
13.0592699051,80.2424621582,54614,54624,10
13.0588197708,80.2425613403,54624,54633,9
13.0587501526,80.2425765991,54633,54644,11
13.0585699081,80.2426300049,54644,54654,10
13.0579900742,80.24269104,54654,54664,10
13.0571899414,80.2427825928,54664,54674,10
13.0564498901,80.2425537109,54674,54684,10
13.0558300018,80.2422790527,54684,54694,10
13.0550498962,80.2423171997,54694,54704,10
13.0542697906,80.2423171997,54704,54715,11
13.0536603928,80.2421798706,54715,54725,10
13.0536403656,80.2421722412,54725,54735,10
13.0535802841,80.242149353,54735,54745,10
13.053319931,80.2420120239,54745,54755,10
13.0527000427,80.2417602539,54755,54765,10
13.0522298813,80.2412185669,54765,54775,10
13.0520296097,80.2408676147,54775,54785,10
13.0518302917,80.2407302856,54785,54795,10
13.0515804291,80.2406768799,54795,54805,10
13.0513000488,80.2406234741,54805,54816,11
13.0510196686,80.2405471802,54816,54826,10
13.0509195328,80.2405319214,54826,54836,10
13.0507698059,80.2404937744,54836,54846,10
13.0502595901,80.2404022217,54846,54856,10
13.0498895645,80.2403335571,54856,54872,16
13.0496702194,80.240272522,54872,54884,12
13.0494003296,80.2401809692,54884,54892,8
13.0493402481,80.2401580811,54892,54903,11
13.049079895,80.2401275635,54903,54914,11
13.0488500595,80.2400970459,54914,54925,11
13.048210144,80.2399902344,54925,54935,10
13.0473804474,80.2397613525,54935,54945,10
13.0469503403,80.2396697998,54945,54955,10
13.0463399887,80.2395401001,54955,54965,10
13.0462999344,80.2391967773,54965,54975,10
13.0464200974,80.2386627197,54975,54985,10
13.0465602875,80.2380828857,54985,54995,10
13.0467195511,80.2372817993,54995,55005,10
13.0468196869,80.2365264893,55005,55015,10
13.0469198227,80.236076355,55015,55026,11
13.0470199585,80.2358016968,55026,55036,10
13.0470695496,80.2355728149,55036,55046,10
13.0471401215,80.2350997925,55046,55056,10
13.0472002029,80.2343215942,55056,55066,10
13.0472803116,80.2335891724,55066,55076,10
13.047369957,80.233291626,55076,55086,10
13.0471897125,80.2330780029,55086,55096,10
13.0466604233,80.2329864502,55096,55106,10
13.0458297729,80.2327575684,55106,55116,10
13.0451602936,80.2326507568,55116,55126,10
13.0450601578,80.2326202393,55126,55137,11
13.0449199677,80.2325592041,55137,55147,10
13.0444602966,80.2324066162,55147,55157,10
13.0437803268,80.2323226929,55157,55167,10
13.0430898666,80.2322921753,55167,55177,10
13.0423603058,80.2322921753,55177,55187,10
13.0416002274,80.232208252,55187,55197,10
13.0407600403,80.2319564819,55197,55207,10
13.0399398804,80.2317123413,55207,55217,10
13.0391197205,80.2314605713,55217,55227,10
13.0383300781,80.2312393188,55227,55237,10
13.0375299454,80.2309494019,55237,55248,11
13.036939621,80.23072052,55248,55264,16
13.0368795395,80.23072052,55264,55276,12
13.0366001129,80.2306976318,55276,55286,10
13.0354995728,80.2302932739,55286,55367,81
13.0354995728,80.2302932739,55367,55376,9
13.0352602005,80.2302322388,55376,55387,11
13.0349502563,80.2302474976,55387,55397,10
13.0345096588,80.2303085327,55397,55407,10
13.0341100693,80.2304000854,55407,55417,10
13.0334196091,80.230430603,55417,55436,19
13.0334196091,80.230430603,55436,55446,10
13.0332603455,80.2304077148,55446,55458,12
13.0325498581,80.2305221558,55458,55467,9
13.0318403244,80.2306137085,55467,55478,11
13.030960083,80.2306976318,55478,55488,10
13.0304403305,80.2307434082,55488,55498,10
13.0298900604,80.2307815552,55498,55508,10
13.0298099518,80.230796814,55508,55518,10
13.0297403336,80.230796814,55518,55528,10
13.0294799805,80.2308273315,55528,55538,10
13.0289201736,80.2308731079,55538,55548,10
13.0281896591,80.2309494019,55548,55558,10
13.0277500153,80.23097229,55558,55576,18
13.0276203156,80.2315216064,55576,55588,12
13.0277395248,80.2322769165,55588,55598,10
13.0277795792,80.2326812744,55598,55607,9
13.027299881,80.2328414917,55607,55618,11
13.02684021,80.232963562,55618,55668,50
13.02684021,80.232963562,55668,55679,11
13.0265197754,80.2329864502,55679,55689,10
13.0262899399,80.2326583862,55689,55699,10
13.0261497498,80.2320022583,55699,55709,10
13.0259599686,80.2313308716,55709,55719,10
13.0256795883,80.2304992676,55719,55729,10
13.0251398087,80.2296829224,55729,55739,10
13.0247097015,80.2291564941,55739,55749,10
13.0243997574,80.2287521362,55749,55759,10
13.0239095688,80.2282104492,55759,55780,21
13.0239095688,80.2282104492,55780,55790,10
13.023850441,80.2280883789,55790,55800,10
13.0235204697,80.2277374268,55800,55810,10
13.0231103897,80.2272796631,55810,55820,10
13.0225296021,80.2267303467,55820,55830,10
13.0217399597,80.22605896,55830,55840,10
13.0209703445,80.2254486084,55840,55850,10
13.020359993,80.2250366211,55850,55860,10
13.0200796127,80.2248916626,55860,55870,10
13.0200595856,80.2248764038,55870,55880,10
13.0200300217,80.2248535156,55880,55891,11
13.0197000504,80.2246398926,55891,55900,9
13.0191698074,80.2244720459,55900,55911,11
13.0183401108,80.2246704102,55911,55921,10
13.0175600052,80.2249832153,55921,55931,10
13.0167798996,80.2253036499,55931,55941,10
13.0164604187,80.225440979,55941,55951,10
13.0162200928,80.2255172729,55951,55961,10
13.0162000656,80.2255401611,55961,55971,10
13.0161104202,80.2255935669,55971,55981,10
13.0157604218,80.2257003784,55981,55991,10
13.0152797699,80.2258682251,55991,56002,11
13.0146999359,80.2260971069,56002,56012,10
13.0143003464,80.2262802124,56012,56028,16
13.014289856,80.2262802124,56028,56039,11
13.0139503479,80.2264022827,56039,56050,11
13.0131797791,80.2266693115,56050,56060,10
13.0124197006,80.2269821167,56060,56070,10
13.0117902756,80.2272186279,56070,56080,10
13.0108203888,80.2276229858,56080,56090,10
13.009929657,80.2279815674,56090,56100,10
13.0090999603,80.2285995483,56100,56111,11
13.0088596344,80.2297668457,56111,56121,10
13.008649826,80.2308883667,56121,56131,10
13.0084495544,80.2319564819,56131,56141,10
13.0082502365,80.2330932617,56141,56151,10
13.0082101822,80.2336807251,56151,56171,20
13.0082101822,80.2336807251,56171,56181,10
13.0081195831,80.2338790894,56181,56191,10
13.0080604553,80.2342071533,56191,56201,10
13.0079603195,80.234703064,56201,56212,11
13.0077896118,80.235458374,56212,56222,10
13.0076198578,80.2363510132,56222,56232,10
13.0074100494,80.2374191284,56232,56242,10
13.0072202682,80.2384109497,56242,56252,10
13.0070800781,80.2391433716,56252,56262,10
13.0069599152,80.2397613525,56262,56272,10
13.0068998337,80.2399520874,56272,56282,10
13.0068597794,80.240020752,56282,56292,10
13.0068302155,80.2405471802,56292,56312,20
13.0068302155,80.2405471802,56312,56323,11
13.0067396164,80.2410964966,56323,56333,10
13.0066995621,80.2418518066,56333,56343,10
13.0066699982,80.2427368164,56343,56353,10
13.0066699982,80.2436599731,56353,56363,10
13.0066604614,80.2446212769,56363,56373,10
13.0066795349,80.2456970215,56373,56383,10
13.0066995621,80.246711731,56383,56393,10
13.0067396164,80.2472763062,56393,56403,10
13.0066795349,80.2479934692,56403,56413,10
13.0067300797,80.2487792969,56413,56423,10
13.006819725,80.2493667603,56423,56434,11
13.0068397522,80.2496566772,56434,56444,10
13.0068302155,80.2497634888,56444,56454,10
13.0067996979,80.2501831055,56454,56464,10
13.0067796707,80.2506103516,56464,56474,10
13.0068101883,80.251083374,56474,56484,10
13.0067996979,80.2513504028,56484,56494,10
13.0066604614,80.2519378662,56494,56504,10
13.0065202713,80.252746582,56504,56514,10
13.0065202713,80.2534179688,56514,56524,10
13.006529808,80.25415802,56524,56535,11
13.0065898895,80.2549972534,56535,56545,10
13.0066003799,80.2551803589,56545,56555,10
13.0065603256,80.255279541,56555,56565,10
13.0065402985,80.255821228,56565,56575,10
13.0065498352,80.2565612793,56575,56585,10
13.0066404343,80.2571792603,56585,56595,10
13.0062503815,80.2575073242,56595,56605,10
13.0055999756,80.2573776245,56605,56615,10
13.0048398972,80.2571563721,56615,56625,10
13.0040502548,80.2569732666,56625,56635,10
13.0032997131,80.2568283081,56635,56646,11
13.0026397705,80.2567214966,56646,56656,10
13.0020799637,80.2566223145,56656,56675,19
13.0020799637,80.2566223145,56675,56686,11
13.0020503998,80.2566223145,56686,56696,10
13.0017499924,80.2565765381,56696,56706,10
13.0011196136,80.2565002441,56706,56716,10
13.0001602173,80.2563323975,56716,56736,20
13.0001602173,80.2563323975,56736,56746,10
12.9999103546,80.2562484741,56746,56757,11
12.9996004105,80.2562026978,56757,56767,10
12.9991998672,80.2561035156,56767,56777,10
12.9987001419,80.2560195923,56777,56787,10
12.9981899261,80.2559890747,56787,56797,10
12.9977197647,80.2559585571,56797,56807,10
12.9972400665,80.2559204102,56807,56817,10
12.9968795776,80.256187439,56817,56827,10
12.9968204498,80.2567977905,56827,56837,10
12.9968099594,80.2568817139,56837,56847,10
12.9967699051,80.2572784424,56847,56858,11
12.9966802597,80.2581710815,56858,56868,10
12.9965896606,80.2590866089,56868,56878,10
12.9965295792,80.2598419189,56878,56888,10
12.9964504242,80.2606201172,56888,56898,10
12.9963598251,80.261428833,56898,56908,10
12.9963302612,80.2618713379,56908,56918,10
12.9962501526,80.262260437,56918,56928,10
12.9961996078,80.2624130249,56928,56938,10
12.9961500168,80.2629013062,56938,56948,10
12.9961099625,80.2634963989,56948,56958,10
12.9960298538,80.2642974854,56958,56969,11
12.9959201813,80.2652435303,56969,56979,10
12.9958295822,80.2660598755,56979,56989,10
12.9957399368,80.2669372559,56989,56999,10
12.9960203171,80.2677230835,56999,57019,20
12.9960203171,80.2677230835,57019,57029,10
12.9962797165,80.2678222656,57029,57039,10
12.9969396591,80.2677536011,57039,57049,10
12.9976596832,80.267539978,57049,57059,10
12.9983301163,80.2673416138,57059,57069,10
12.9988098145,80.2672119141,57069,57080,11
12.9994697571,80.267036438,57080,57090,10
12.9999799728,80.2667694092,57090,57100,10
13.0000801086,80.2666473389,57100,57110,10
13.000120163,80.2665710449,57110,57120,10
13.0001897812,80.2661437988,57120,57130,10
13.0002498627,80.2657394409,57130,57140,10
13.0003004074,80.2657089233,57140,57150,10
13.0003004074,80.2660827637,57150,57584,434
13.0003004074,80.2660827637,57584,57594,10
13.0002603531,80.2663726807,57594,57604,10
13.0002698898,80.2664413452,57604,57614,10
13.0002803802,80.2666931152,57614,57625,11
13.0001802444,80.2668533325,57625,57635,10
12.9997797012,80.2669830322,57635,57645,10
12.9990596771,80.2671737671,57645,57655,10
12.9983301163,80.2673873901,57655,57665,10
12.9976902008,80.2675933838,57665,57675,10
12.9970197678,80.2677764893,57675,57685,10
12.9963998795,80.2678070068,57685,57695,10
12.9958000183,80.2677612305,57695,57705,10
12.9956502914,80.2676391602,57705,57715,10
12.9956798553,80.2673568726,57715,57726,11
12.9956903458,80.2673034668,57726,57736,10
12.9957304001,80.266960144,57736,57746,10
12.9958000183,80.2662887573,57746,57756,10
12.9959096909,80.26537323,57756,57766,10
12.9960298538,80.2643966675,57766,57776,10
12.9961299896,80.263458252,57776,57786,10
12.9961996078,80.2627334595,57786,57796,10
12.996219635,80.262588501,57796,57806,10
12.9962596893,80.2621994019,57806,57816,10
12.9962997437,80.2619171143,57816,57826,10
12.9963598251,80.2614593506,57826,57836,10
12.9964103699,80.2607879639,57836,57847,11
12.9965000153,80.2601394653,57847,57857,10
12.9965600967,80.2594528198,57857,57867,10
12.9966402054,80.2587890625,57867,57877,10
12.9966897964,80.2581787109,57877,57887,10
12.9967603683,80.257598877,57887,57897,10
12.9968299866,80.2569580078,57897,57907,10
12.9968299866,80.2566680908,57907,57917,10
12.9968395233,80.256439209,57917,57927,10
12.9968500137,80.2562866211,57927,57938,11
12.9969301224,80.2559204102,57938,57948,10
12.9973096848,80.2558898926,57948,57958,10
12.9979400635,80.2559585571,57958,57968,10
12.9986000061,80.2560195923,57968,57988,20
12.9986000061,80.2560195923,57988,57998,10
12.9987802505,80.2561035156,57998,58008,10
12.9992198944,80.2561569214,58008,58018,10
12.9996404648,80.2562408447,58018,58028,10
13.0,80.2563095093,58028,58038,10
13.0006399155,80.256439209,58038,58079,41
13.0006399155,80.256439209,58079,58089,10
13.0007095337,80.2564926147,58089,58099,10
13.0009803772,80.2565536499,58099,58109,10
13.0012702942,80.2565765381,58109,58119,10
13.0015001297,80.2566070557,58119,58129,10
13.0016498566,80.2566299438,58129,58139,10
13.0018596649,80.2566604614,58139,58149,10
13.0022096634,80.2566986084,58149,58160,11
13.0027399063,80.2567977905,58160,58170,10
13.0034198761,80.2569198608,58170,58180,10
13.0042200089,80.2570800781,58180,58190,10
13.0049600601,80.2572479248,58190,58200,10
13.0055398941,80.2573471069,58200,58210,10
13.0057401657,80.2574005127,58210,58220,10
13.0058002472,80.2574234009,58220,58230,10
13.0059204102,80.2574234009,58230,58240,10
13.0060997009,80.2574386597,58240,58250,10
13.006360054,80.2575073242,58250,58260,10
13.0065202713,80.2573013306,58260,58271,11
13.0065002441,80.2567596436,58271,58280,9
13.0065202713,80.2561035156,58280,58291,11
13.0065202713,80.2554626465,58291,58301,10
13.0065603256,80.2548217773,58301,58311,10
13.0065202713,80.2539978027,58311,58321,10
13.0065097809,80.25340271,58321,58331,10
13.0065202713,80.2533569336,58331,58341,10
13.006529808,80.2532119751,58341,58351,10
13.0065498352,80.2528610229,58351,58361,10
13.0065603256,80.2524185181,58361,58372,11
13.0066995621,80.2517089844,58372,58382,10
13.0067796707,80.2508773804,58382,58392,10
13.006770134,80.2501907349,58392,58402,10
13.0067796707,80.2497787476,58402,58412,10
13.0067396164,80.2492294312,58412,58422,10
13.0066900253,80.2487411499,58422,58432,10
13.0066699982,80.2485580444,58432,58442,10
13.0066604614,80.248298645,58442,58452,10
13.0066404343,80.2478637695,58452,58462,10
13.0066404343,80.2472610474,58462,58472,10
13.0066204071,80.2468185425,58472,58493,21
13.0066204071,80.2468185425,58493,58503,10
13.0066204071,80.2465209961,58503,58513,10
13.0066795349,80.2460098267,58513,58523,10
13.0066604614,80.2453079224,58523,58533,10
13.006649971,80.2446289063,58533,58543,10
13.0066404343,80.2439880371,58543,58553,10
13.0066003799,80.2432174683,58553,58563,10
13.0065898895,80.2423934937,58563,58573,10
13.0065898895,80.2417068481,58573,58583,10
13.0066003799,80.2411880493,58583,58594,11
13.0066204071,80.2409973145,58594,58604,10
13.0066404343,80.2409286499,58604,58614,10
13.0066604614,80.2406997681,58614,58624,10
13.0067396164,80.2403182983,58624,58634,10
13.0068798065,80.2396621704,58634,58650,16
13.0071201324,80.23828125,58650,58662,12
13.0073204041,80.2374572754,58662,58671,9
13.0073795319,80.2371673584,58671,58694,23
13.0073795319,80.2371673584,58694,58704,10
13.0074195862,80.2369537354,58704,58714,10
13.0074195862,80.2368774414,58714,58724,10
13.0074396133,80.2367935181,58724,58734,10
13.0075502396,80.2364273071,58734,58744,10
13.0076198578,80.2360229492,58744,58753,9
13.0077695847,80.2352905273,58753,58764,11
13.0079097748,80.234413147,58764,58774,10
13.0081100464,80.2334365845,58774,58784,10
13.0082798004,80.2325592041,58784,58794,10
13.0084695816,80.2315979004,58794,58805,11
13.0086698532,80.2304992676,58805,58815,10
13.0088596344,80.2295227051,58815,58825,10
13.0090398788,80.2286682129,58825,58835,10
13.0092000961,80.2281112671,58835,58845,10
13.0094995499,80.2274780273,58845,58855,10
13.0098896027,80.2266464233,58855,58865,10
13.0102596283,80.2259216309,58865,58875,10
13.0105695724,80.2252426147,58875,58885,10
13.0108003616,80.2247619629,58885,58895,10
13.0109395981,80.2244415283,58895,58905,10
13.0111598969,80.2239379883,58905,58916,11
13.0114603043,80.2231903076,58916,58926,10
13.0117301941,80.2223892212,58926,58936,10
13.0120096207,80.2216567993,58936,58946,10
13.0122995377,80.2215270996,58946,58956,10
13.0124101639,80.2216186523,58956,58966,10
13.0127601624,80.2220993042,58966,58976,10
13.0131902695,80.2226028442,58976,58986,10
13.0135402679,80.2229995728,58986,58996,10
13.0139102936,80.223449707,58996,59006,10
13.0143499374,80.2239837646,59006,59017,11
13.0149297714,80.2245635986,59017,59027,10
13.0151100159,80.2247390747,59027,59037,10
13.0153398514,80.224937439,59037,59067,30
13.0153398514,80.224937439,59067,59077,10
13.0154895782,80.2250366211,59077,59087,10
13.0158596039,80.2253417969,59087,59097,10
13.016500473,80.2253570557,59097,59107,10
13.0172796249,80.2250823975,59107,59117,10
13.0180797577,80.2247619629,59117,59128,11
13.0188798904,80.2244415283,59128,59138,10
13.019370079,80.2244415283,59138,59147,9
13.019610405,80.2245178223,59147,59158,11
13.019900322,80.2247009277,59158,59168,10
13.0202903748,80.2249832153,59168,59178,10
13.0207004547,80.2252731323,59178,59188,10
13.0210599899,80.2255706787,59188,59198,10
13.0217599869,80.2260665894,59198,59228,30
13.0217599869,80.2260665894,59228,59239,11
13.0220003128,80.2262191772,59239,59249,10
13.0223398209,80.2265319824,59249,59259,10
13.0228204727,80.2269897461,59259,59269,10
13.0233097076,80.2274780273,59269,59279,10
13.0238599777,80.2279968262,59279,59289,10
13.0241203308,80.2283172607,59289,59299,10
13.0241203308,80.2283401489,59299,59309,10
13.0243196487,80.2285995483,59309,59319,10
13.0247001648,80.2290802002,59319,59329,10
13.0251598358,80.229637146,59329,59340,11
13.0256500244,80.2303390503,59340,59350,10
13.02602005,80.2311782837,59350,59380,30
13.02602005,80.2311782837,59380,59390,10
13.0262203217,80.2314071655,59390,59400,10
13.0266304016,80.2313232422,59400,59410,10
13.0273504257,80.2311477661,59410,59420,10
13.0281095505,80.2310409546,59420,59430,10
13.0285301208,80.2309570313,59430,59440,10
13.0286502838,80.2309494019,59440,59451,11
13.0292396545,80.2309188843,59451,59491,40
13.0292396545,80.2309188843,59491,59501,10
13.0295000076,80.2309112549,59501,59511,10
13.0299596786,80.2308578491,59511,59521,10
13.0304498672,80.2308120728,59521,59531,10
13.0305099487,80.230796814,59531,59541,10
13.0306301117,80.2307815552,59541,59551,10
13.0309400558,80.2307662964,59551,59562,11
13.0316295624,80.2306976318,59562,59572,10
13.0323696136,80.2306518555,59572,59582,10
13.0331001282,80.2305908203,59582,59592,10
13.0337200165,80.2305374146,59592,59602,10
13.0340099335,80.2304992676,59602,59611,9
13.0342798233,80.2304534912,59611,59622,11
13.0344400406,80.230430603,59622,59652,30
13.0345401764,80.2304534912,59652,59733,81
13.0345401764,80.2304534912,59733,59743,10
13.0348501205,80.2304077148,59743,59753,10
13.0349702835,80.2306671143,59753,59763,10
13.0349397659,80.2310409546,59763,59774,11
13.0348396301,80.2316436768,59774,59784,10
13.034740448,80.2322921753,59784,59794,10
13.0346603394,80.2330093384,59794,59804,10
13.0346097946,80.2334518433,59804,59814,10
13.0344896317,80.2341308594,59814,59824,10
13.0344104767,80.2348937988,59824,59834,10
13.0342903137,80.2358016968,59834,59844,10
13.0341997147,80.2367630005,59844,59854,10
13.0343198776,80.237487793,59854,59895,41
13.0343198776,80.237487793,59895,59905,10
13.0342998505,80.2375793457,59905,59925,20
13.0342998505,80.2375793457,59925,59935,10
13.0343103409,80.2376403809,59935,59945,10
13.0345201492,80.2379226685,59945,59955,10
13.0348300934,80.2383728027,59955,59965,10
13.035200119,80.2389602661,59965,59975,10
13.0354404449,80.2393417358,59975,59986,11
13.0359401703,80.2394638062,59986,59996,10
13.0366296768,80.2395095825,59996,60006,10
13.0373897552,80.2395935059,60006,60016,10
13.0382003784,80.239692688,60016,60026,10
13.0388898849,80.2397689819,60026,60036,10
13.0395498276,80.2398529053,60036,60046,10
13.0400800705,80.2398986816,60046,60056,10
13.0402002335,80.2399291992,60056,60066,10
13.040430069,80.2400970459,60066,60076,10
13.0403995514,80.2404403687,60076,60086,10
13.0406103134,80.240562439,60086,60097,11
13.0410404205,80.2406082153,60097,60107,10
13.0412797928,80.2406463623,60107,60117,10
13.0418596268,80.240737915,60117,60127,10
13.0426197052,80.2408218384,60127,60137,10
13.0433702469,80.2409210205,60137,60147,10
13.0440196991,80.2409591675,60147,60157,10
13.0444602966,80.2406997681,60157,60187,30
13.0444602966,80.2406997681,60187,60198,11
13.0448303223,80.2404937744,60198,60208,10
13.0452404022,80.2402114868,60208,60218,10
13.0455503464,80.2400512695,60218,60228,10
13.0460700989,80.2396621704,60228,60238,10
13.0462999344,80.2396316528,60238,60248,10
13.0464096069,80.2396469116,60248,60258,10
13.0465602875,80.2396774292,60258,60268,10
13.0467195511,80.2397003174,60268,60278,10
13.0468997955,80.2397384644,60278,60288,10
13.0474500656,80.2398300171,60288,60298,10
13.0482797623,80.2400131226,60298,60308,10
13.0491504669,80.2401885986,60308,60325,17
13.0503797531,80.2404174805,60325,60337,12
13.0509500504,80.240562439,60337,60347,10
13.0511703491,80.2406005859,60347,60357,10
13.0513601303,80.2406387329,60357,60367,10
13.0518903732,80.2407608032,60367,60377,10
13.052359581,80.2408828735,60377,60407,30
13.052359581,80.2408828735,60407,60417,10
13.0525197983,80.2410812378,60417,60427,10
13.0525903702,80.2413787842,60427,60438,11
13.0528402328,80.2417831421,60438,60448,10
13.0532398224,80.2419433594,60448,60458,10
13.0537595749,80.2421875,60458,60478,20
13.0537595749,80.2421875,60478,60488,10
13.053899765,80.2422637939,60488,60498,10
13.0540704727,80.2423019409,60498,60508,10
13.0546503067,80.2423934937,60508,60518,10
13.0554599762,80.2422714233,60518,60529,11
13.0563697815,80.2425918579,60529,60539,10
13.0568399429,80.2426605225,60539,60549,10
13.0572395325,80.2428512573,60549,60559,10
13.0578899384,80.2427978516,60559,60569,10
13.0585298538,80.2426528931,60569,60579,10
13.0590000153,80.2425613403,60579,60589,10
13.0593004227,80.2425003052,60589,60599,10
13.0596704483,80.2425994873,60599,60609,10
13.0601396561,80.242767334,60609,60619,10
13.060500145,80.2428817749,60619,60629,10
13.0605201721,80.2428970337,60629,60646,17
13.0609798431,80.243057251,60646,60658,12
13.0614700317,80.2431869507,60658,60668,10
13.0618801117,80.2432632446,60668,60678,10
13.0624799728,80.2433929443,60678,60686,8
13.0625801086,80.2434005737,60686,60698,12
13.0626096725,80.2434005737,60698,60708,10
13.0630302429,80.2434921265,60708,60718,10
13.0637702942,80.243560791,60718,60728,10
13.0642700195,80.243598938,60728,60738,10
13.0648803711,80.2435531616,60738,60749,11
13.0654001236,80.243560791,60749,60759,10
13.0658903122,80.243522644,60759,60769,10
13.0661201477,80.2434768677,60769,60779,10
13.0663604736,80.2434082031,60779,60789,10
13.0666599274,80.2433013916,60789,60799,10
13.0669202805,80.2432098389,60799,60809,10
13.0672197342,80.2430877686,60809,60819,10
13.0676298141,80.2429199219,60819,60829,10
13.0683403015,80.2426986694,60829,60839,10
13.0687303543,80.2425384521,60839,60850,11
13.068810463,80.2424926758,60850,60860,10
13.069029808,80.2424316406,60860,60870,10
13.0695104599,80.2422485352,60870,60880,10
13.0700101852,80.2421112061,60880,60890,10
13.0700798035,80.2421035767,60890,60900,10
13.0701704025,80.2421188354,60900,60910,10
13.0705604553,80.2419891357,60910,60920,10
13.0712003708,80.2417297363,60920,60930,10
13.0719995499,80.2413711548,60930,60939,9
13.0726203918,80.2409820557,60939,60951,12
13.0733604431,80.240737915,60951,60961,10
13.0739202499,80.2405776978,60961,60971,10
13.0747203827,80.2405166626,60971,60981,10
13.0757102966,80.2405014038,60981,60991,10
13.0765695572,80.240562439,60991,61001,10
13.0771102905,80.2405319214,61001,61011,10
13.0770998001,80.2401428223,61011,61021,10
13.0769395828,80.2394180298,61021,61031,10
13.0767498016,80.2387619019,61031,61041,10
13.0766601563,80.2384185791,61041,61051,10
13.0766296387,80.2381591797,61051,61072,21
13.0766296387,80.2381591797,61072,61082,10
13.0766000748,80.2380371094,61082,61092,10
13.0765304565,80.237701416,61092,61102,10
13.0764398575,80.2373123169,61102,61132,30
13.0764398575,80.2373123169,61132,61142,10
13.0763902664,80.2370529175,61142,61152,10
13.0763101578,80.236541748,61152,61162,10
13.0761899948,80.2357711792,61162,61173,11
13.0759801865,80.2348403931,61173,61183,10
13.0758104324,80.2342529297,61183,61193,10
13.0758800507,80.23387146,61193,61203,10
13.0761098862,80.2338104248,61203,61213,10
13.0763998032,80.2337799072,61213,61223,10
13.0768098831,80.2337188721,61223,61233,10
13.0768995285,80.2337112427,61233,61243,10
13.0773696899,80.2336425781,61243,61253,10
13.0779800415,80.2335968018,61253,61263,10
13.0786104202,80.2335968018,61263,61273,10
13.07929039,80.2335586548,61273,61284,11
13.0797996521,80.233543396,61284,61294,10
13.0800104141,80.2335510254,61294,61304,10
13.0803403854,80.233543396,61304,61324,20
13.0803403854,80.233543396,61324,61334,10
13.080739975,80.2335891724,61334,61344,10
13.0814399719,80.2336196899,61344,61354,10
13.0819797516,80.2335968018,61354,61364,10
13.0820198059,80.2332229614,61364,61374,10
13.082110405,80.2326965332,61374,61385,11
13.0823202133,80.2320632935,61385,61395,10
13.0825300217,80.2314605713,61395,61405,10
13.0826997757,80.231086731,61405,61415,10
13.0827903748,80.2308502197,61415,61425,10
13.0831098557,80.2307815552,61425,61435,10
13.0831699371,80.231262207,61435,61451,16
13.0832500458,80.2325973511,61451,61463,12
13.0834999084,80.2337112427,61463,61483,20
13.0834999084,80.2337112427,61483,61493,10
13.0836400986,80.2339019775,61493,61504,11
13.083990097,80.2339782715,61504,61514,10
13.0840196609,80.2339935303,61514,61523,9
13.0841598511,80.2340393066,61523,61534,11
13.0846700668,80.234161377,61534,61544,10
13.0850200653,80.2342376709,61544,61554,10
13.0855703354,80.2343826294,61554,61564,10
13.0860795975,80.2344894409,61564,61574,10
13.0864896774,80.2345809937,61574,61584,10
13.0870304108,80.2346115112,61584,61594,10
13.0877599716,80.2344665527,61594,61605,11
13.0879802704,80.2337188721,61605,61615,10
13.088139534,80.2328796387,61615,61625,10
13.0883703232,80.2319488525,61625,61635,10
13.0886001587,80.2312469482,61635,61645,10
13.0889101028,80.2305603027,61645,61665,20
13.0889101028,80.2305603027,61665,61675,10
13.0890302658,80.2303466797,61675,61685,10
13.089220047,80.2299499512,61685,61695,10
13.0895700455,80.2293930054,61695,61705,10
13.0901899338,80.2286911011,61705,61716,11
13.090959549,80.2278594971,61716,61726,10
13.0913801193,80.2273712158,61726,61736,10
13.0914402008,80.2272872925,61736,61746,10
13.0914802551,80.2272262573,61746,61756,10
13.0918302536,80.2269210815,61756,61766,10
13.0923700333,80.2263793945,61766,61776,10
13.0927801132,80.2259674072,61776,61786,10
13.0932598114,80.2254562378,61786,61795,9
13.0933303833,80.2253799438,61795,61805,10
13.093629837,80.2250289917,61805,61817,12
13.0942001343,80.2243499756,61817,61827,10
13.0948200226,80.2234802246,61827,61837,10
13.0952796936,80.2225189209,61837,61847,10
13.0956401825,80.2215576172,61847,61857,10
13.0958995819,80.2207794189,61857,61867,10
13.096039772,80.2203292847,61867,61877,10
13.0960702896,80.2202529907,61877,61887,10
13.0962495804,80.2197799683,61887,61897,10
13.0964202881,80.2193222046,61897,61917,20
13.0964202881,80.2193222046,61917,61928,11
13.0964202881,80.219329834,61928,61944,16
13.0966501236,80.2186279297,61944,61956,12
13.0969600677,80.2177200317,61956,61966,10
13.0972900391,80.2167892456,61966,61976,10
13.0976400375,80.2159500122,61976,61985,9
13.0980195999,80.2150802612,61985,61996,11
13.0982198715,80.2145996094,61996,62037,41
13.0982198715,80.2145996094,62037,62047,10
13.0982599258,80.2144699097,62047,62067,20
13.0982599258,80.2144699097,62067,62077,10
13.0983600616,80.2142791748,62077,62087,10
13.0985097885,80.2140426636,62087,62097,10
13.098950386,80.2141418457,62097,62107,10
13.0994100571,80.2143173218,62107,62117,10
13.1003599167,80.2145767212,62117,62239,122
13.1003599167,80.2145767212,62239,62249,10
13.100569725,80.2147064209,62249,62259,10
13.1004600525,80.2151107788,62259,62269,10
13.1001501083,80.2157974243,62269,62279,10
13.0999202728,80.2160873413,62279,62289,10
13.0999603271,80.2157592773,62289,62299,10
13.1001195908,80.2154312134,62299,62309,10
13.100230217,80.2150878906,62309,63089,780
13.100230217,80.2150878906,63089,63100,11
13.1003103256,80.2148590088,63100,63110,10
13.1002502441,80.214630127,63110,63120,10
13.1000699997,80.2145233154,63120,63130,10
13.0999097824,80.2144393921,63130,63140,10
13.0995998383,80.2143630981,63140,63150,10
13.0992002487,80.2142181396,63150,63160,10
13.0987997055,80.2140731812,63160,63170,10
13.0984802246,80.2141571045,63170,63180,10
13.0982503891,80.2146835327,63180,63190,10
13.0979404449,80.2153396606,63190,63200,10
13.0976295471,80.2160873413,63200,63211,11
13.0973901749,80.2166824341,63211,63221,10
13.0973701477,80.2167205811,63221,63231,10
13.0972795486,80.2168884277,63231,63241,10
13.0971298218,80.2173233032,63241,63251,10
13.0968904495,80.217956543,63251,63261,10
13.0966796875,80.2186279297,63261,63271,10
13.0964803696,80.2192230225,63271,63281,10
13.0962095261,80.2199783325,63281,63291,10
13.0958900452,80.2208862305,63291,63301,10
13.0956296921,80.2216567993,63301,63311,10
13.0953903198,80.2223892212,63311,63322,11
13.0953598022,80.222442627,63322,63332,10
13.0952501297,80.2225875854,63332,63342,10
13.0950498581,80.2231063843,63342,63352,10
13.0945901871,80.2238388062,63352,63362,10
13.0940198898,80.2246170044,63362,63372,10
13.0936803818,80.2250518799,63372,63382,10
13.0936002731,80.225151062,63382,63392,10
13.0934000015,80.2253570557,63392,63402,10
13.0929899216,80.2257766724,63402,63412,10
13.0924301147,80.226348877,63412,63423,11
13.0917396545,80.2270431519,63423,63433,10
13.0911798477,80.2276611328,63433,63453,20
13.0911798477,80.2276611328,63453,63463,10
13.0910797119,80.2277603149,63463,63473,10
13.0907497406,80.2281188965,63473,63483,10
13.0902795792,80.2286224365,63483,63493,10
13.089679718,80.2292785645,63493,63503,10
13.0892000198,80.2300415039,63503,63513,10
13.089099884,80.2302780151,63513,63523,10
13.0889196396,80.230682373,63523,63534,11
13.088809967,80.2309417725,63534,63544,10
13.0887804031,80.2309875488,63544,63554,10
13.088640213,80.2313232422,63554,63564,10
13.0884399414,80.2318572998,63564,63574,10
13.0882101059,80.232673645,63574,63584,10
13.0880098343,80.2336273193,63584,63594,10
13.0878896713,80.2344436646,63594,63604,10
13.087269783,80.23462677,63604,63614,10
13.0866603851,80.2345733643,63614,63624,10
13.0860500336,80.2344512939,63624,63635,11
13.0858697891,80.2343902588,63635,63645,10
13.0854301453,80.2342910767,63645,63655,10
13.0853796005,80.2342681885,63655,63665,10
13.0851602554,80.2341766357,63665,63675,10
13.0846796036,80.234046936,63675,63685,10
13.0841798782,80.2339324951,63685,63695,10
13.0835599899,80.2338409424,63695,63705,10
13.0828895569,80.2337417603,63705,63715,10
13.0824298859,80.2336273193,63715,63735,20
13.0824298859,80.2336273193,63735,63746,11
13.0820703506,80.2335586548,63746,63766,20
13.0820703506,80.2335586548,63766,63776,10
13.0819301605,80.2335205078,63776,63786,10
13.0816402435,80.2334823608,63786,63796,10
13.0812501907,80.2334594727,63796,63806,10
13.0810604095,80.2334594727,63806,63822,16
13.0804901123,80.2334976196,63822,63834,12
13.0798797607,80.2334671021,63834,63842,8
13.079580307,80.2334365845,63842,63855,13
13.0793800354,80.2334899902,63855,63864,9
13.0789299011,80.2334976196,63864,63875,11
13.0782403946,80.2335128784,63875,63885,10
13.0776100159,80.2335662842,63885,63895,10
13.0768499374,80.2337188721,63895,63905,10
13.0761804581,80.2338485718,63905,63913,8
13.0758600235,80.2340774536,63913,63925,12
13.0760002136,80.23462677,63925,63935,10
13.0760097504,80.2347106934,63935,63945,10
13.0760602951,80.2351379395,63945,63955,10
13.076210022,80.2358932495,63955,63966,11
13.0763597488,80.2369003296,63966,63976,10
13.0764703751,80.2372970581,63976,63996,20
13.0764703751,80.2372970581,63996,64006,10
13.07654953,80.2377090454,64006,64016,10
13.0766801834,80.2383804321,64016,64026,10
13.0768899918,80.2392272949,64026,64036,10
13.0770998001,80.2400436401,64036,64046,10
13.0771799088,80.2404174805,64046,64077,31
13.0771799088,80.2404174805,64077,64087,10
13.0772304535,80.2407836914,64087,64097,10
13.0773601532,80.2411804199,64097,64107,10
13.0773801804,80.2415084839,64107,64117,10
13.0775299072,80.2421112061,64117,64127,10
13.0776596069,80.242729187,64127,64137,10
13.0777997971,80.2437362671,64137,64147,10
13.0777797699,80.2444076538,64147,64157,10
13.0778598785,80.2451095581,64157,64167,10
13.07791996,80.2459869385,64167,64178,11
13.0780496597,80.2468566895,64178,64188,10
13.0781898499,80.2474975586,64188,64198,10
13.0783100128,80.2480773926,64198,64208,10
13.0784196854,80.2486190796,64208,64218,10
13.0785398483,80.2490463257,64218,64228,10
13.0786399841,80.2495193481,64228,64238,10
13.0787096024,80.2500762939,64238,64248,10
13.0784702301,80.2506713867,64248,64258,10
13.0785598755,80.2513504028,64258,64268,10
13.0784301758,80.251663208,64268,64278,10
13.0780496597,80.2517318726,64278,64289,11
13.0774402618,80.2518386841,64289,64299,10
13.0769195557,80.2519378662,64299,64309,10
13.0763301849,80.2519378662,64309,64319,10
13.0756597519,80.2520904541,64319,64329,10
13.0749797821,80.2521820068,64329,64339,10
13.0744304657,80.2522201538,64339,64349,10
13.0738697052,80.2523727417,64349,64359,10
13.0733003616,80.2523803711,64359,64369,10
13.0727500916,80.2523574829,64369,64379,10
13.072259903,80.2520599365,64379,64390,11
13.0721101761,80.2514572144,64390,64400,10
13.0719604492,80.2508010864,64400,64410,10
13.0717201233,80.2500534058,64410,64420,10
13.0715303421,80.2492370605,64420,64430,10
13.071390152,80.2484130859,64430,64440,10
13.071149826,80.2478179932,64440,64450,10
13.0708398819,80.2470779419,64450,64460,10
13.0704202652,80.2462081909,64460,64469,9
13.0700302124,80.2453308105,64469,64480,11
13.0696401596,80.2442703247,64480,64490,10
13.0694303513,80.2436676025,64490,64500,10
13.0693302155,80.2433776855,64500,64531,31
13.0693302155,80.2433776855,64531,64541,10
13.0692596436,80.2429733276,64541,64551,10
13.0690603256,80.2425918579,64551,64561,10
13.0686903,80.2425765991,64561,64571,10
13.0681600571,80.242729187,64571,64581,10
13.067440033,80.2429580688,64581,64591,10
13.0668096542,80.2432632446,64591,64602,11
13.0664796829,80.2433166504,64602,64612,10
13.0662403107,80.2434768677,64612,64622,10
13.0660896301,80.243927002,64622,64632,10
13.066160202,80.244468689,64632,64642,10
13.0662403107,80.2449417114,64642,64652,10
13.0663099289,80.2454223633,64652,64662,10
13.0665903091,80.2459793091,64662,64672,10
13.067779541,80.2465896606,64672,64702,30
13.067779541,80.2465896606,64702,64713,11
13.0678300858,80.2466430664,64713,64723,10
13.0679197311,80.2471389771,64723,64733,10
13.0678796768,80.247718811,64733,64743,10
13.0675601959,80.2479019165,64743,64753,10
13.0669803619,80.2478485107,64753,64762,9
13.066450119,80.2478103638,64762,64773,11
13.0657196045,80.247756958,64773,64783,10
13.0648603439,80.2477035522,64783,64793,10
13.064160347,80.2476501465,64793,64803,10
13.06346035,80.2476196289,64803,64813,10
13.0628004074,80.2476196289,64813,64824,11
13.0621700287,80.2475585938,64824,64834,10
13.0619001389,80.2475662231,64834,64844,10
13.0616598129,80.2474975586,64844,64854,10
13.0614004135,80.2472229004,64854,64864,10
13.06153965,80.2468414307,64864,64874,10
13.0617904663,80.2464599609,64874,64884,10
13.0619401932,80.24584198,64884,64894,10
13.0622301102,80.2452087402,64894,64904,10
13.0628404617,80.2447814941,64904,64914,10
13.063170433,80.2443695068,64914,64925,11
13.0631799698,80.2443618774,64925,64935,10
13.0633001328,80.2442092896,64935,64945,10
13.0634803772,80.2437591553,64945,64955,10
13.0630998611,80.2435302734,64955,64965,10
13.0624799728,80.2433776855,64965,64975,10
13.0618600845,80.2432479858,64975,64985,10
13.0614204407,80.2431335449,64985,64994,9
13.061249733,80.2431335449,64994,65005,11
13.0608301163,80.243019104,65005,65015,10
13.0603504181,80.2428665161,65015,65025,10
13.0597696304,80.2426986694,65025,65036,11
13.0592298508,80.2425765991,65036,65046,10
13.0587396622,80.2426605225,65046,65066,20
13.0587396622,80.2426605225,65066,65076,10
13.0584096909,80.2427215576,65076,65086,10
13.0578804016,80.2428436279,65086,65096,10
13.0571403503,80.2428588867,65096,65106,10
13.0567798615,80.2427368164,65106,65116,10
13.0563402176,80.2425765991,65116,65126,10
13.0559797287,80.242401123,65126,65137,11
13.0553398132,80.2423019409,65137,65147,10
13.0547599792,80.24243927,65147,65157,10
13.0546302795,80.2424621582,65157,65167,10
13.0544700623,80.2424316406,65167,65227,60
13.0544700623,80.2424316406,65227,65238,11
13.0541400909,80.2423400879,65238,65248,10
13.0538196564,80.2423095703,65248,65369,121
13.0538196564,80.2423095703,65369,65379,10
13.0533704758,80.2420883179,65379,65389,10
13.0531101227,80.2419967651,65389,65399,10
13.0526695251,80.2418289185,65399,65409,10
13.0523195267,80.2414398193,65409,65419,10
13.0520896912,80.2410202026,65419,65429,10
13.0518798828,80.2407913208,65429,65439,10
13.051659584,80.2407531738,65439,65449,10
13.0515699387,80.2407302856,65449,65460,11
13.0513696671,80.2406692505,65460,65470,10
13.0511598587,80.2406387329,65470,65480,10
13.0509500504,80.2405929565,65480,65490,10
13.0508804321,80.240562439,65490,65500,10
13.0506000519,80.2405090332,65500,65510,10
13.0500802994,80.2404022217,65510,65520,10
13.0494003296,80.2402420044,65520,65530,10
13.0488395691,80.2400894165,65530,65540,10
13.0486097336,80.2400512695,65540,65550,10
13.0481700897,80.239982605,65550,65561,11
13.0476303101,80.2398529053,65561,65571,10
13.0470104218,80.2397079468,65571,65581,10
13.046500206,80.239616394,65581,65591,10
13.0463399887,80.2395782471,65591,65601,10
13.046210289,80.2394104004,65601,65611,10
13.0463104248,80.239151001,65611,65621,10
13.0464000702,80.2385787964,65621,65631,10
13.0465097427,80.2380218506,65631,65641,10
13.0466403961,80.237411499,65641,65651,10
13.0467195511,80.2368087769,65651,65661,10
13.0468797684,80.236366272,65661,65672,11
13.0469703674,80.2360229492,65672,65682,10
13.0470304489,80.2358016968,65682,65692,10
13.0470304489,80.2355575562,65692,65702,10
13.0471000671,80.2350234985,65702,65712,10
13.0471696854,80.2343978882,65712,65722,10
13.047249794,80.2339782715,65722,65732,10
13.0473003387,80.2336883545,65732,65742,10
13.0473203659,80.2333908081,65742,65752,10
13.0471096039,80.2331237793,65752,65762,10
13.046620369,80.2330169678,65762,65772,10
13.0459699631,80.2328491211,65772,65783,11
13.0451698303,80.2326889038,65783,65813,30
13.0451698303,80.2326889038,65813,65823,10
13.0450201035,80.2326507568,65823,65833,10
13.0446195602,80.2325592041,65833,65843,10
13.043970108,80.2324676514,65843,65853,10
13.0433101654,80.2323608398,65853,65863,10
13.0426502228,80.2323608398,65863,65873,10
13.0419902802,80.2323303223,65873,65883,10
13.0412597656,80.2321624756,65883,65894,11
13.0403795242,80.2318572998,65894,65904,10
13.039440155,80.2316207886,65904,65914,10
13.0385799408,80.2313995361,65914,65924,10
13.0376501083,80.231086731,65924,65934,10
13.036939621,80.2308425903,65934,65944,10
13.036860466,80.2308578491,65944,65954,10
13.0366401672,80.2307662964,65954,65962,8
13.0362997055,80.2306594849,65962,65974,12
13.0356197357,80.230430603,65974,65984,10
13.0352697372,80.2303390503,65984,66075,91
13.0352697372,80.2303390503,66075,66085,10
13.034819603,80.2303390503,66085,66095,10
13.034330368,80.2304382324,66095,66106,11
13.0334396362,80.2304992676,66106,66126,20
13.0334396362,80.2304992676,66126,66136,10
13.0332899094,80.230506897,66136,66146,10
13.0327997208,80.2305526733,66146,66156,10
13.0321397781,80.2306365967,66156,66166,10
13.0314302444,80.2306976318,66166,66176,10
13.0310897827,80.23072052,66176,66348,172
13.0310897827,80.23072052,66348,66358,10
13.0307798386,80.2307434082,66358,66368,10
13.0304803848,80.2307662964,66368,66378,10
13.030090332,80.230796814,66378,66388,10
13.0298099518,80.2308578491,66388,66398,10
13.0297803879,80.2308578491,66398,66408,10
13.0297298431,80.2308731079,66408,66419,11
13.0293302536,80.2308883667,66419,66429,10
13.0286798477,80.2309494019,66429,66439,10
13.0279598236,80.2310409546,66439,66449,10
13.0276699066,80.2311325073,66449,66459,10
13.027680397,80.2315292358,66459,66469,10
13.027759552,80.2322006226,66469,66479,10
13.0278596878,80.2328109741,66479,66489,10
13.027589798,80.2329330444,66489,66651,162
13.0271902084,80.2330093384,66651,66671,20
13.0271902084,80.2330093384,66671,66681,10
13.0267896652,80.233039856,66681,66691,10
13.0265197754,80.2330474854,66691,66701,10
13.0264196396,80.2329711914,66701,66711,10
13.026309967,80.2327194214,66711,66721,10
13.0262699127,80.2325973511,66721,66731,10
13.026260376,80.2323989868,66731,66741,10
13.0262498856,80.2323608398,66741,66752,11
13.0262002945,80.2322006226,66752,66762,10
13.0261802673,80.2320022583,66762,66772,10
13.0261201859,80.2318115234,66772,66782,10
13.0260400772,80.2315826416,66782,66792,10
13.0259399414,80.231086731,66792,66802,10
13.0256099701,80.2303771973,66802,66812,10
13.0251302719,80.2296981812,66812,66822,10
13.024769783,80.2292785645,66822,66832,10
13.0245304108,80.2289733887,66832,66842,10
13.0242595673,80.2285919189,66842,66853,11
13.0239095688,80.2282180786,66853,66863,10
13.023900032,80.2282028198,66863,66873,10
13.0238399506,80.2281036377,66873,66883,10
13.0236701965,80.2279205322,66883,66893,10
13.0233201981,80.2275772095,66893,66909,16
13.0225896835,80.2268676758,66909,66921,12
13.0219202042,80.226272583,66921,66931,10
13.0213098526,80.2257766724,66931,66941,10
13.0207595825,80.2253570557,66941,66951,10
13.0201702118,80.2249832153,66951,66962,11
13.0194396973,80.2245483398,66962,66972,10
13.0185203552,80.2246398926,66972,66982,10
13.0176000595,80.2250366211,66982,66992,10
13.0169200897,80.2253189087,66992,67002,10
13.0165996552,80.2254562378,67002,67013,11
13.0164003372,80.2255401611,67013,67023,10
13.0160503387,80.2256622314,67023,67033,10
13.0156898499,80.2257766724,67033,67043,10
13.0153598785,80.2259216309,67043,67053,10
13.0145797729,80.2262191772,67053,67084,31
13.0145797729,80.2262191772,67084,67094,10
13.0145196915,80.2262496948,67094,67104,10
13.0143699646,80.2262878418,67104,67114,10
13.0141296387,80.2263717651,67114,67124,10
13.0136499405,80.2265701294,67124,67134,10
13.0129995346,80.2268218994,67134,67144,10
13.0123500824,80.2270812988,67144,67154,10
13.0117197037,80.2273483276,67154,67164,10
13.0109596252,80.2276382446,67164,67175,11
13.0101604462,80.2279815674,67175,67185,10
13.0095796585,80.2282180786,67185,67195,10
13.0091295242,80.2287216187,67195,67205,10
13.0089597702,80.2295227051,67205,67215,10
13.0087900162,80.2303771973,67215,67225,10
13.008600235,80.231300354,67225,67235,10
13.0084199905,80.2322692871,67235,67245,10
13.0082197189,80.2336425781,67245,67276,31
13.0082197189,80.2336425781,67276,67286,10
13.0081195831,80.2338790894,67286,67296,10
13.0080299377,80.2343063354,67296,67306,10
13.0079603195,80.23462677,67306,67316,10
13.0079298019,80.2346572876,67316,67326,10
13.0078601837,80.2350616455,67326,67336,10
13.0077400208,80.2356872559,67336,67346,10
13.0076198578,80.2363586426,67346,67356,10
13.0074701309,80.2371520996,67356,67366,10
13.0073204041,80.2378768921,67366,67376,10
13.0072002411,80.2385177612,67376,67387,11
13.0070400238,80.2393875122,67387,67397,10
13.0069303513,80.2400283813,67397,67498,101
13.0069303513,80.2400283813,67498,67508,10
13.0069999695,80.2402572632,67508,67518,10
13.0069103241,80.2406692505,67518,67528,10
13.0068397522,80.2409362793,67528,67538,10
13.0067901611,80.2411270142,67538,67548,10
13.0067396164,80.2416763306,67548,67558,10
13.0067195892,80.2424468994,67558,67568,10
13.0066995621,80.2429504395,67568,67578,10
13.0066795349,80.2433013916,67578,67588,10
13.0066604614,80.2436828613,67588,67599,11
13.0066404343,80.2441635132,67599,67608,9
13.0066404343,80.2446212769,67608,67619,11
13.0066404343,80.2451934814,67619,67629,10
13.0066604614,80.2456512451,67629,67639,10
13.0066900253,80.2461700439,67639,67649,10
13.0067100525,80.2465362549,67649,67659,10
13.0067300797,80.2469177246,67659,67750,91
13.0067300797,80.2469177246,67750,67760,10
13.0067300797,80.247177124,67760,67770,10
13.0066995621,80.247543335,67770,67780,10
13.0066995621,80.2480773926,67780,67790,10
13.0067396164,80.2488098145,67790,67800,10
13.0068397522,80.2495422363,67800,67811,11
13.0068397522,80.2496795654,67811,67821,10
13.0068302155,80.2499465942,67821,67831,10
13.0067901611,80.2504425049,67831,67841,10
13.0067996979,80.251159668,67841,67851,10
13.0066995621,80.2518005371,67851,67861,10
13.0065402985,80.2525863647,67861,67871,10
13.0065402985,80.2534713745,67871,67881,10
13.0065498352,80.2544631958,67881,67891,10
13.0065803528,80.2551727295,67891,67911,20
13.0065803528,80.2551727295,67911,67922,11
13.0065402985,80.2555618286,67922,67932,10
13.0065402985,80.2562789917,67932,67948,16
13.0066404343,80.2573471069,67948,68020,72
13.0066404343,80.2573471069,68020,68031,11
13.0065402985,80.2576522827,68031,68041,10
13.0061798096,80.2576217651,68041,68050,9
13.0058603287,80.2575073242,68050,68061,11
13.0053901672,80.2573928833,68061,68071,10
13.0047502518,80.2572097778,68071,68081,10
13.004119873,80.2570495605,68081,68091,10
13.003490448,80.2569503784,68091,68101,10
13.0030498505,80.2568664551,68101,68111,10
13.0024204254,80.2567367554,68111,68121,10
13.0018796921,80.256652832,68121,68132,11
13.0014600754,80.2566223145,68132,68192,60
13.0014600754,80.2566223145,68192,68202,10
13.0011796951,80.2565994263,68202,68212,10
13.0007400513,80.2565307617,68212,68222,10
13.0001802444,80.2564468384,68222,68243,21
13.0001802444,80.2564468384,68243,68253,10
13.0000495911,80.2564086914,68253,68263,10
12.9997396469,80.256362915,68263,68273,10
12.9993495941,80.2562637329,68273,68283,10
12.9991598129,80.2562026978,68283,68293,10
12.9989900589,80.256149292,68293,68303,10
12.9987697601,80.2561035156,68303,68313,10
12.9983901978,80.256072998,68313,68323,10
12.9979295731,80.2560195923,68323,68334,11
12.9974002838,80.2559814453,68334,68343,9
12.9970302582,80.2559967041,68343,68354,11
12.9968204498,80.2566986084,68354,68374,20
12.9968204498,80.2566986084,68374,68384,10
12.9968099594,80.2567977905,68384,68394,10
12.9967699051,80.2572174072,68394,68404,10
12.9967098236,80.2577514648,68404,68414,10
12.9966402054,80.2583084106,68414,68424,10
12.9966001511,80.2585525513,68424,68434,10
12.9965801239,80.2589492798,68434,68444,10
12.996509552,80.2594223022,68444,68455,11
12.9964704514,80.2598419189,68455,68465,10
12.9963998795,80.2603912354,68465,68475,10
12.9963598251,80.2609405518,68475,68485,10
12.9963102341,80.2615203857,68485,68495,10
12.9962902069,80.2619018555,68495,68505,10
12.996219635,80.2622680664,68505,68515,10
12.996219635,80.2622909546,68515,68525,10
12.9961595535,80.2623519897,68525,68535,10
12.9961099625,80.2627029419,68535,68545,10
12.9960899353,80.2631988525,68545,68555,10
12.9960403442,80.2637405396,68555,68566,11
12.9959697723,80.2644882202,68566,68576,10
12.9959201813,80.2650985718,68576,68586,10
12.9959001541,80.2652587891,68586,68596,10
12.9958400726,80.2655792236,68596,68606,10
12.9957704544,80.2662734985,68606,68616,10
12.9956903458,80.2671203613,68616,68626,10
12.9961099625,80.2677764893,68626,68646,20
12.9961099625,80.2677764893,68646,68656,10
12.9962596893,80.2678833008,68656,68667,11
12.9967098236,80.2678985596,68667,68677,10
12.9972696304,80.2677536011,68677,68687,10
12.9978199005,80.2675704956,68687,68697,10
12.9983501434,80.2674102783,68697,68707,10
12.9986000061,80.2673568726,68707,68717,10
12.9989995956,80.267250061,68717,68727,10
12.9996004105,80.2670593262,68727,68737,10
13.0000896454,80.2667007446,68737,68757,20
13.0000896454,80.2667007446,68757,68767,10
13.0001602173,80.2663879395,68767,68778,11
13.0002002716,80.2658615112,68778,68788,10
13.0003099442,80.2657775879,68788,68798,10
13.0002698898,80.2659683228,68798,68818,20
13.0002698898,80.2659683228,68818,68828,10
13.0002498627,80.2662811279,68828,69575,747
13.0002202988,80.2664108276,69575,69625,50
13.0002202988,80.2664108276,69625,69636,11
13.0002002716,80.2668075562,69636,69646,10
13.0001897812,80.2668380737,69646,69656,10
12.999879837,80.2669906616,69656,69666,10
12.9993600845,80.2671203613,69666,69676,10
12.9987201691,80.2672729492,69676,69686,10
12.9982099533,80.2674026489,69686,69696,10
12.9977302551,80.2675476074,69696,69706,10
12.9972295761,80.2676620483,69706,69716,10
12.9966802597,80.2678070068,69716,69726,10
12.9961395264,80.2677764893,69726,69737,11
12.9956598282,80.2677078247,69737,69747,10
12.9956197739,80.2674713135,69747,69777,30
12.9956197739,80.2674713135,69777,69787,10
12.9956998825,80.2670516968,69787,69797,10
12.9957199097,80.2665023804,69797,69807,10
12.9958095551,80.2657699585,69807,69817,10
12.9959001541,80.2649993896,69817,69827,10
12.9959802628,80.2642593384,69827,69837,10
12.9960603714,80.2635803223,69837,69848,11
12.9961004257,80.2630004883,69848,69858,10
12.9961395264,80.2626419067,69858,69888,30
12.9961395264,80.2626419067,69888,69898,10
12.9961996078,80.2623062134,69898,69908,10
12.9962596893,80.2619400024,69908,69918,10
12.9963102341,80.2613830566,69918,69928,10
12.9963998795,80.2607269287,69928,69938,10
12.9964599609,80.2601165771,69938,69948,10
12.9965000153,80.2595977783,69948,69959,11
12.996509552,80.2594985962,69959,69969,10
12.9965400696,80.2593383789,69969,69979,10
12.9965801239,80.2588806152,69979,69989,10
12.9966402054,80.2582626343,69989,69999,10
12.9966802597,80.2577896118,69999,70009,10
12.9967498779,80.2572631836,70009,70019,10
12.9968004227,80.2563323975,70019,70035,16
12.9968204498,80.2563018799,70035,70169,134
12.9968204498,80.2563018799,70169,70179,10
12.9968299866,80.2561187744,70179,70189,10
12.9970798492,80.255897522,70189,70200,11
12.9976701736,80.2559585571,70200,70210,10
12.9982299805,80.2560424805,70210,70220,10
12.9989004135,80.2561416626,70220,70250,30
12.9989004135,80.2561416626,70250,70261,11
12.9990196228,80.256187439,70261,70271,10
12.9993200302,80.2562484741,70271,70281,10
12.9998197556,80.2563476563,70281,70291,10
13.00041008,80.2564697266,70291,70301,10
13.0010004044,80.2565689087,70301,70311,10
13.0014400482,80.2566375732,70311,70321,10
13.0018997192,80.2567214966,70321,70331,10
13.0022802353,80.2567977905,70331,70341,10
13.0026197433,80.2568588257,70341,70351,10
13.0028400421,80.2568969727,70351,70361,10
13.0031995773,80.256980896,70361,70370,9
13.0035600662,80.2570419312,70370,70382,12
13.0038995743,80.2571182251,70382,70392,10
13.0044202805,80.2572097778,70392,70402,10
13.0049695969,80.2573318481,70402,70412,10
13.0050401688,80.2573318481,70412,70422,10
13.0051202774,80.2573165894,70422,70432,10
13.0052995682,80.2573394775,70432,70442,10
13.0055503845,80.2574081421,70442,70452,10
13.0059099197,80.2575073242,70452,70462,10
13.006360054,80.2575912476,70462,70473,11
13.0065097809,80.2573394775,70473,70483,10
13.006480217,80.2568664551,70483,70493,10
13.0064601898,80.2561416626,70493,70503,10
13.006480217,80.2553787231,70503,70513,10
13.0065002441,80.2546615601,70513,70523,10
13.006480217,80.2539596558,70523,70533,10
13.0064601898,80.2533035278,70533,70553,20
13.0064601898,80.2533035278,70553,70563,10
13.0064697266,80.2530670166,70563,70573,10
13.0064601898,80.2527389526,70573,70584,11
13.0064601898,80.2526702881,70584,70594,10
13.006480217,80.2526397705,70594,70604,10
13.006529808,80.2523803711,70604,70614,10
13.0066204071,80.2518615723,70614,70624,10
13.0067195892,80.2510986328,70624,70634,10
13.0066795349,80.2501983643,70634,70644,10
13.0066795349,80.2496795654,70644,70654,10
13.0066795349,80.2495498657,70654,70664,10
13.0066604614,80.2490081787,70664,70674,10
13.0066003799,80.2482910156,70674,70735,61
13.0066003799,80.2482910156,70735,70745,10
13.0066099167,80.2478103638,70745,70755,10
13.0066204071,80.2472915649,70755,70765,10
13.0065498352,80.2468338013,70765,70785,20
13.0065498352,80.2468338013,70785,70795,10
13.0065603256,80.2465896606,70795,70806,11
13.0066204071,80.2460174561,70806,70816,10
13.0066099167,80.2452774048,70816,70826,10
13.0066003799,80.2445602417,70826,70836,10
13.0065603256,80.243888855,70836,70846,10
13.006529808,80.2432022095,70846,70856,10
13.0065202713,80.2426300049,70856,70866,10
13.0065202713,80.2419204712,70866,70876,10
13.006529808,80.2416534424,70876,70886,10
13.0065498352,80.2414627075,70886,70896,10
13.0065803528,80.2409667969,70896,70907,11
13.0066204071,80.2407913208,70907,70917,10
13.0066404343,80.2406005859,70917,70927,10
13.0067100525,80.2403030396,70927,70943,16
13.0069198608,80.2392730713,70943,70955,12
13.0071001053,80.238319397,70955,70965,10
13.007229805,80.2377624512,70965,70975,10
13.007349968,80.2370300293,70975,70995,20
13.007349968,80.2370300293,70995,71005,10
13.0073699951,80.2369003296,71005,71034,29
13.0073699951,80.2369003296,71034,71045,11
13.0074596405,80.236618042,71045,71056,11
13.0075101852,80.2364883423,71056,71066,10
13.0075998306,80.2360610962,71066,71075,9
13.0077199936,80.2354431152,71075,71086,11
13.0078601837,80.2346801758,71086,71096,10
13.0080604553,80.2337265015,71096,71106,10
13.0082798004,80.2326202393,71106,71117,11
13.0085401535,80.2312927246,71117,71127,10
13.008769989,80.2300720215,71127,71137,10
13.0090198517,80.2288589478,71137,71147,10
13.0093603134,80.2277832031,71147,71157,10
13.0098304749,80.2267227173,71157,71167,10
13.010219574,80.2258834839,71167,71177,10
13.0104103088,80.2255783081,71177,71187,10
13.0105600357,80.2252807617,71187,71197,10
13.010720253,80.224899292,71197,71207,10
13.0109195709,80.2244033813,71207,71217,10
13.011179924,80.2238235474,71217,71227,10
13.0113801956,80.2232589722,71227,71238,11
13.0116500854,80.2224807739,71238,71248,10
13.0120000839,80.2217025757,71248,71258,10
13.012339592,80.221572876,71258,71267,9
13.0125703812,80.2219009399,71267,71278,11
13.0130395889,80.2225418091,71278,71288,10
13.013589859,80.2231674194,71288,71298,10
13.0141801834,80.2238464355,71298,71308,10
13.0146799088,80.2244567871,71308,71318,10
13.0149002075,80.2246704102,71318,71328,10
13.014960289,80.2247085571,71328,71338,10
13.0152301788,80.224937439,71338,71359,21
13.0152301788,80.224937439,71359,71369,10
13.015370369,80.2250213623,71369,71379,10
13.0154104233,80.2250595093,71379,71389,10
13.0155601501,80.225151062,71389,71399,10
13.0160198212,80.2253875732,71399,71409,10
13.0167598724,80.2252578735,71409,71419,10
13.0176200867,80.2249221802,71419,71429,10
13.0184898376,80.2245864868,71429,71440,11
13.019370079,80.2244873047,71440,71450,10
13.0199699402,80.224822998,71450,71460,10
13.0205898285,80.2252426147,71460,71470,10
13.021109581,80.2256317139,71470,71480,10
13.021490097,80.2259292603,71480,71490,10
13.0218400955,80.2261734009,71490,71500,10
13.0219898224,80.2262802124,71500,71516,16
13.0220499039,80.2263336182,71516,71528,12
13.0225095749,80.2267837524,71528,71538,10
13.0229797363,80.2271881104,71538,71547,9
13.0236797333,80.2278289795,71547,71559,12
13.0241804123,80.2283477783,71559,71569,10
13.0245704651,80.2289505005,71569,71599,30
13.0245704651,80.2289505005,71599,71609,10
13.0245599747,80.2289962769,71609,71619,10
13.0247602463,80.2292709351,71619,71629,10
13.0252304077,80.2298583984,71629,71639,10
13.025560379,80.2303009033,71639,71649,10
13.0256595612,80.23046875,71649,71659,10
13.0257997513,80.2307891846,71659,71670,11
13.0258903503,80.2311325073,71670,71680,10
13.0259199142,80.2313537598,71680,71690,10
13.0263700485,80.231338501,71690,71700,10
13.0270996094,80.2311630249,71700,71710,10
13.0275001526,80.2310562134,71710,71720,10
13.0275096893,80.2310562134,71720,71730,10
13.0277299881,80.2310333252,71730,71740,10
13.0277996063,80.2310333252,71740,71750,10
13.0281896591,80.23097229,71750,71771,21
13.0281896591,80.23097229,71771,71781,10
13.0283498764,80.231010437,71781,71791,10
13.0286502838,80.2309494019,71791,71801,10
13.0291404724,80.2308883667,71801,71918,117
13.0291404724,80.2308883667,71918,71930,12
13.0293798447,80.2309112549,71930,71938,8
13.0296802521,80.2308731079,71938,71950,12
13.0300502777,80.2308197021,71950,71960,10
13.0303897858,80.2307891846,71960,71970,10
13.0307197571,80.230758667,71970,71981,11
13.0313796997,80.2306976318,71981,71991,10
13.0320196152,80.2306594849,71991,72000,9
13.0326700211,80.2305984497,72000,72011,11
13.0331802368,80.2305603027,72011,72031,20
13.0331802368,80.2305603027,72031,72041,10
13.0332899094,80.2305603027,72041,72051,10
13.0336103439,80.2305297852,72051,72061,10
13.0342102051,80.230430603,72061,72112,51
13.0342102051,80.230430603,72112,72122,10
13.0345401764,80.2304000854,72122,72213,91
13.0345401764,80.2304000854,72213,72223,10
13.0348501205,80.23046875,72223,72233,10
13.0348796844,80.2307662964,72233,72243,10
13.034819603,80.2313232422,72243,72253,10
13.0347204208,80.2320327759,72253,72263,10
13.034620285,80.232749939,72263,72273,10
13.0345697403,80.2331466675,72273,72283,10
13.0345602036,80.2333221436,72283,72293,10
13.0345201492,80.2336120605,72293,72304,11
13.0344104767,80.2342376709,72304,72314,10
13.034330368,80.2348403931,72314,72324,10
13.0342502594,80.2355194092,72324,72334,10
13.0341796875,80.2363204956,72334,72344,10
13.034119606,80.2371063232,72344,72415,71
13.034119606,80.2371063232,72415,72425,10
13.0340795517,80.237121582,72425,72435,10
13.0341396332,80.2373733521,72435,72445,10
13.0343503952,80.2376937866,72445,72455,10
13.0346298218,80.2381286621,72455,72465,10
13.0349702835,80.2386779785,72465,72475,10
13.0352201462,80.239112854,72475,72485,10
13.0356397629,80.2394104004,72485,72495,10
13.0362596512,80.2394714355,72495,72506,11
13.0369997025,80.2395477295,72506,72516,10
13.0376300812,80.239616394,72516,72525,9
13.0381402969,80.239692688,72525,72536,11
13.0385303497,80.2397537231,72536,72546,10
13.0389795303,80.2397994995,72546,72556,10
13.0394001007,80.2398605347,72556,72566,10
13.0398302078,80.2399215698,72566,72576,10
13.0401000977,80.2399673462,72576,72586,10
13.0402002335,80.2399902344,72586,72596,10
13.0403404236,80.2401885986,72596,72606,10
13.0403604507,80.2405319214,72606,72617,11
13.0409097672,80.2406082153,72617,72637,20
13.0409097672,80.2406082153,72637,72647,10
13.0410404205,80.2406387329,72647,72657,10
13.0410995483,80.2406234741,72657,72667,10
13.0415296555,80.2406692505,72667,72677,10
13.0421895981,80.2407684326,72677,72687,10
13.0426502228,80.240852356,72687,72697,10
13.0431404114,80.2409210205,72697,72707,10
13.0437097549,80.2409973145,72707,72718,11
13.0440998077,80.2408905029,72718,72727,9
13.044719696,80.2404327393,72727,72788,61
13.044719696,80.2404327393,72788,72798,10
13.0447902679,80.2403106689,72798,72808,10
13.0451698303,80.2400817871,72808,72818,10
13.0457601547,80.2397232056,72818,72829,11
13.0464200974,80.2396087646,72829,72849,20
13.0464200974,80.2396087646,72849,72859,10
13.0467796326,80.2397384644,72859,72869,10
13.0474004745,80.2398605347,72869,72879,10
13.0480804443,80.2400131226,72879,72889,10
13.048620224,80.2401199341,72889,72899,10
13.0492696762,80.2402267456,72899,72909,10
13.0497598648,80.2403411865,72909,72919,10
13.050330162,80.240447998,72919,72929,10
13.0509796143,80.2406005859,72929,72940,11
13.0511798859,80.2406387329,72940,72950,10
13.051320076,80.2406768799,72950,72960,10
13.0518102646,80.2407684326,72960,72970,10
13.0523996353,80.2410888672,72970,72980,10
13.0525598526,80.2416000366,72980,72990,10
13.0530996323,80.2419433594,72990,73000,10
13.0539703369,80.2422866821,73000,73020,20
13.0539703369,80.2422866821,73020,73030,10
13.0543498993,80.2423782349,73030,73041,11
13.0551204681,80.2423019409,73041,73051,10
13.0558395386,80.2423477173,73051,73061,10
13.0564002991,80.2426223755,73061,73071,10
13.0569000244,80.2426986694,73071,73081,10
13.0576000214,80.2428207397,73081,73101,20
13.0576000214,80.2428207397,73101,73117,16
13.0581502914,80.2426605225,73117,73129,12
13.0589199066,80.2425537109,73129,73138,9
13.0594596863,80.2425613403,73138,73150,12
13.0601797104,80.2428207397,73150,73160,10
13.0605697632,80.2429580688,73160,73170,10
13.060959816,80.2431030273,73170,73180,10
13.0612201691,80.2431564331,73180,73190,10
13.0614995956,80.2432098389,73190,73200,10
13.0617198944,80.2432403564,73200,73210,10
13.0624103546,80.2433700562,73210,73230,20
13.0624103546,80.2433700562,73230,73240,10
13.0625696182,80.2433776855,73240,73250,10
13.0627803802,80.2434082031,73250,73261,11
13.0631399155,80.2434997559,73261,73271,10
13.0635700226,80.2435302734,73271,73281,10
13.0641498566,80.243560791,73281,73291,10
13.0648899078,80.2435836792,73291,73301,10
13.0656499863,80.243598938,73301,73331,30
13.0656995773,80.243637085,73331,73362,31
13.0656995773,80.243637085,73362,73372,10
13.0658502579,80.243598938,73372,73382,10
13.0662403107,80.2434616089,73382,73392,10
13.0665903091,80.2433166504,73392,73402,10
13.0671901703,80.243057251,73402,73412,10
13.067899704,80.2427978516,73412,73422,10
13.0686101913,80.2425689697,73422,73432,10
13.0689401627,80.242401123,73432,73442,10
13.0691604614,80.2423400879,73442,73452,10
13.0694799423,80.2422332764,73452,73462,10
13.0699396133,80.2421112061,73462,73473,11
13.0699901581,80.2421112061,73473,73483,10
13.0701904297,80.2420883179,73483,73493,10
13.0704698563,80.2419815063,73493,73503,10
13.0708503723,80.241859436,73503,73513,10
13.0714597702,80.2416305542,73513,73523,10
13.0720796585,80.2412872314,73523,73533,10
13.0726699829,80.2409362793,73533,73543,10
13.0733299255,80.240737915,73543,73553,10
13.0739002228,80.240562439,73553,73563,10
13.0746202469,80.2405166626,73563,73573,10
13.0753602982,80.2405090332,73573,73584,11
13.0759401321,80.2405090332,73584,73594,10
13.0764598846,80.240562439,73594,73604,10
13.0769996643,80.2405929565,73604,73614,10
13.077050209,80.240272522,73614,73624,10
13.0769195557,80.2395782471,73624,73634,10
13.0767097473,80.2387466431,73634,73644,10
13.07654953,80.2381210327,73644,73654,10
13.0763998032,80.2374725342,73654,73674,20
13.0763998032,80.2374725342,73674,73685,11
13.0764102936,80.2373580933,73685,73695,10
13.0763101578,80.2368774414,73695,73705,10
13.0761899948,80.2361221313,73705,73715,10
13.0760002136,80.2351608276,73715,73725,10
13.0757799149,80.2342681885,73725,73735,10
13.0758199692,80.2338485718,73735,73745,10
13.076379776,80.2337417603,73745,73755,10
13.0766897202,80.2337112427,73755,73765,10
13.0767698288,80.2337036133,73765,73775,10
13.0772104263,80.2336273193,73775,73785,10
13.0779495239,80.2335662842,73785,73796,11
13.0787096024,80.2335205078,73796,73806,10
13.0793399811,80.2335205078,73806,73815,9
13.0799198151,80.2335205078,73815,73826,11
13.0802402496,80.2335281372,73826,73836,10
13.0803899765,80.2335128784,73836,73846,10
13.0809202194,80.2335205078,73846,73856,10
13.0816402435,80.233581543,73856,73866,10
13.0819301605,80.2334671021,73866,73876,10
13.0819997787,80.232963562,73876,73886,10
13.0821895599,80.2322769165,73886,73897,11
13.0824699402,80.2314834595,73897,73907,10
13.0827302933,80.2309188843,73907,73917,10
13.0827999115,80.23072052,73917,73927,10
13.0830001831,80.230682373,73927,73937,10
13.0831003189,80.231086731,73937,73947,10
13.0831298828,80.2318725586,73947,73957,10
13.0832395554,80.2326965332,73957,73967,10
13.0833797455,80.2334213257,73967,73977,10
13.0834798813,80.2338409424,73977,73987,10
13.0835800171,80.2339019775,73987,73997,10
13.0838603973,80.2339477539,73997,74008,11
13.0839996338,80.2339935303,74008,74018,10
13.0841798782,80.2340393066,74018,74028,10
13.0844402313,80.2341079712,74028,74038,10
13.0847196579,80.2341690063,74038,74048,10
13.085100174,80.2342376709,74048,74058,10
13.0856599808,80.2343826294,74058,74068,10
13.0862998962,80.2345199585,74068,74078,10
13.0867795944,80.2345733643,74078,74088,10
13.0874500275,80.2345733643,74088,74098,10
13.0879001617,80.2340621948,74098,74109,11
13.0880098343,80.2332000732,74109,74119,10
13.0882101059,80.232383728,74119,74129,10
13.0884399414,80.2315979004,74129,74138,9
13.0886201859,80.2311477661,74138,74149,11
13.0888299942,80.2306518555,74149,74159,10
13.0888595581,80.2305603027,74159,74169,10
13.0890197754,80.2302627563,74169,74179,10
13.08934021,80.2296676636,74179,74189,10
13.0898799896,80.2289581299,74189,74199,10
13.0906000137,80.228187561,74199,74209,10
13.0913696289,80.2273330688,74209,74230,21
13.0913696289,80.2273330688,74230,74240,10
13.0915498734,80.2271728516,74240,74250,10
13.0920000076,80.2267227173,74250,74260,10
13.0925397873,80.2261505127,74260,74270,10
13.0931501389,80.2255401611,74270,74280,10
13.0933504105,80.2253112793,74280,74290,10
13.0935697556,80.2250823975,74290,74300,10
13.0939397812,80.224647522,74300,74310,10
13.094420433,80.2240066528,74310,74327,17
13.09512043,80.2227401733,74327,74339,12
13.0952396393,80.2224502563,74339,74349,10
13.0953798294,80.22215271,74349,74359,10
13.0956401825,80.2214431763,74359,74369,10
13.0958900452,80.2207489014,74369,74379,10
13.0960798264,80.2201766968,74379,74389,10
13.0961198807,80.2200393677,74389,74399,10
13.096280098,80.2195587158,74399,74419,20
13.096280098,80.2195587158,74419,74430,11
13.0963897705,80.2193527222,74430,74440,10
13.0965204239,80.218963623,74440,74450,10
13.0966997147,80.2183990479,74450,74460,10
13.0969400406,80.2176437378,74460,74470,10
13.097120285,80.2171173096,74470,74480,10
13.0972003937,80.2169265747,74480,74490,10
13.0973396301,80.2165985107,74490,74500,10
13.0977096558,80.2156906128,74500,74561,61
13.0977096558,80.2156906128,74561,74571,10
13.0978603363,80.21534729,74571,74581,10
13.0980195999,80.2149734497,74581,74591,10
13.0982303619,80.2145080566,74591,74662,71
13.0982303619,80.2145080566,74662,74672,10
13.0982503891,80.2143936157,74672,74682,10
13.098400116,80.2141113281,74682,74692,10
13.098739624,80.2140579224,74692,74702,10
13.0991201401,80.2142562866,74702,74712,10
13.0995397568,80.2143707275,74712,74722,10
13.0999403,80.2144775391,74722,74732,10
13.1003303528,80.2145767212,74732,74833,101
13.1003303528,80.2145767212,74833,74843,10
13.1005601883,80.2148971558,74843,74853,10
13.100279808,80.215461731,74853,74864,11
13.1000003815,80.2161026001,74864,74874,10
13.0998401642,80.2160186768,74874,74884,10
13.0999498367,80.2157516479,74884,74894,10
13.1002502441,80.2151565552,74894,75348,454
13.1002502441,80.2149963379,75348,75409,61
13.1002502441,80.2149963379,75409,75419,10
13.1003103256,80.215171814,75419,77145,1726
13.1003103256,80.215171814,77145,77155,10
13.1002597809,80.2146987915,77155,77165,10
13.1002597809,80.2146835327,77165,77175,10
13.1002197266,80.2145767212,77175,77185,10
13.100060463,80.2144470215,77185,77195,10
13.0998401642,80.2143783569,77195,77206,11
13.0993204117,80.2142562866,77206,77216,10
13.0988702774,80.2141036987,77216,77226,10
13.0986204147,80.2140197754,77226,77236,10
13.0984897614,80.2140579224,77236,77246,10
13.0983800888,80.2142791748,77246,77256,10
13.0982198715,80.2146072388,77256,77266,10
13.0980396271,80.2149887085,77266,77276,10
13.097869873,80.2153778076,77276,77286,10
13.0976800919,80.2157974243,77286,77296,10
13.0975198746,80.2161865234,77296,77306,10
13.0973796844,80.2165374756,77306,77316,10
13.0973300934,80.2166900635,77316,77327,11
13.0972995758,80.2167892456,77327,77337,10
13.0971403122,80.2171707153,77337,77353,16
13.0967597961,80.2182693481,77353,77365,12
13.096619606,80.2187271118,77365,77375,10
13.0964403152,80.2192764282,77375,77385,10
13.0962095261,80.2198867798,77385,77393,8
13.0960197449,80.2204437256,77393,77404,11
13.0957603455,80.2211685181,77404,77415,11
13.0954999924,80.2219161987,77415,77426,11
13.0953197479,80.2224502563,77426,77436,10
13.0952396393,80.22265625,77436,77446,10
13.0950603485,80.2230911255,77446,77456,10
13.0945196152,80.2239379883,77456,77466,10
13.0940303802,80.224571228,77466,77476,10
13.0935497284,80.225151062,77476,77486,10
13.0929403305,80.2257919312,77486,77495,9
13.0924100876,80.2263183594,77495,77505,10
13.0917901993,80.2269363403,77505,77516,11
13.0912799835,80.2275238037,77516,77527,11
13.091219902,80.2275924683,77527,77537,10
13.0910997391,80.2277069092,77537,77547,10
13.0906896591,80.2281265259,77547,77557,10
13.0901098251,80.2287597656,77557,77567,10
13.0894804001,80.2294998169,77567,77577,10
13.0891599655,80.2301177979,77577,77587,10
13.0890398026,80.2303771973,77587,77597,10
13.088809967,80.2308807373,77597,77607,10
13.0887699127,80.2309570313,77607,77617,10
13.0886497498,80.2312393188,77617,77627,10
13.0884304047,80.2317428589,77627,77637,10
13.0881996155,80.2325134277,77637,77648,11
13.0880002975,80.2334518433,77648,77658,10
13.0879297256,80.2342224121,77658,77668,10
13.0875501633,80.2345809937,77668,77678,10
13.086979866,80.2345809937,77678,77688,10
13.0864801407,80.2345504761,77688,77698,10
13.0859899521,80.2344970703,77698,77708,10
13.0853796005,80.2343215942,77708,77718,10
13.0848197937,80.234161377,77718,77728,10
13.084280014,80.2340164185,77728,77738,10
13.0839004517,80.2339401245,77738,77749,11
13.0837202072,80.2339096069,77749,77759,10
13.0835599899,80.2338790894,77759,77769,10
13.0833597183,80.2338409424,77769,77779,10
13.0829401016,80.2337722778,77779,77789,10
13.0825004578,80.2336730957,77789,77799,10
13.0823802948,80.2336578369,77799,77809,10
13.0822601318,80.2336273193,77809,77819,10
13.0818395615,80.233581543,77819,77829,10
13.0811700821,80.233581543,77829,77839,10
13.0805101395,80.2335586548,77839,77849,10
13.0799798965,80.2335510254,77849,77860,11
13.0794401169,80.2335586548,77860,77870,10
13.0792102814,80.2335662842,77870,77880,10
13.0786504745,80.233581543,77880,77890,10
13.0780200958,80.2336196899,77890,77900,10
13.0774402618,80.2336883545,77900,77910,10
13.076789856,80.2337875366,77910,77920,10
13.0760803223,80.2339172363,77920,77930,10
13.0758800507,80.2342300415,77930,77940,10
13.0759897232,80.2348937988,77940,77950,10
13.0761604309,80.2357177734,77950,77961,11
13.0762996674,80.2366485596,77961,77971,10
13.0764398575,80.2372589111,77971,77981,10
13.0764398575,80.2372665405,77981,77991,10
13.076499939,80.2375564575,77991,78001,10
13.0766401291,80.2381973267,78001,78011,10
13.0768203735,80.2390136719,78011,78021,10
13.0770597458,80.2399215698,78021,78031,10
13.0772199631,80.2405319214,78031,78041,10
13.077249527,80.2406692505,78041,78051,10
13.0773200989,80.2411422729,78051,78061,10
13.0774297714,80.2417297363,78061,78072,11
13.077630043,80.2425994873,78072,78082,10
13.077750206,80.2434692383,78082,78092,10
13.0777397156,80.2442092896,78092,78102,10
13.0778102875,80.2449493408,78102,78112,10
13.0778903961,80.245880127,78112,78122,10
13.0780000687,80.2466812134,78122,78132,10
13.0782003403,80.2476806641,78132,78142,10
13.0784196854,80.2485809326,78142,78152,10
13.0786104202,80.2493133545,78152,78162,10
13.0787096024,80.2500762939,78162,78173,11
13.0784702301,80.2508010864,78173,78183,10
13.0785398483,80.2514877319,78183,78193,10
13.0782499313,80.2516708374,78193,78203,10
13.0777301788,80.2517700195,78203,78213,10
13.0769395828,80.2519226074,78213,78223,10
13.0761003494,80.2520599365,78223,78233,10
13.0753002167,80.2521820068,78233,78243,10
13.0746603012,80.2522201538,78243,78253,10
13.0740003586,80.252281189,78253,78263,10
13.073390007,80.2524414063,78263,78273,10
13.0726804733,80.2524032593,78273,78284,11
13.0721797943,80.2520523071,78284,78294,10
13.0720596313,80.2513198853,78294,78304,10
13.0719003677,80.2507095337,78304,78314,10
13.0716400146,80.2499084473,78314,78324,10
13.071439743,80.2489624023,78324,78334,10
13.0712299347,80.248008728,78334,78344,10
13.0708904266,80.2471313477,78344,78354,10
13.0704202652,80.2462005615,78354,78364,10
13.0699501038,80.2451477051,78364,78374,10
13.0695800781,80.2441101074,78374,78384,10
13.0693302155,80.2433929443,78384,78395,11
13.0692996979,80.2433166504,78395,78411,16
13.0691099167,80.2425537109,78411,78423,12
13.0684404373,80.2425765991,78423,78433,10
13.0677995682,80.242767334,78433,78443,10
13.0668401718,80.2431869507,78443,78452,9
13.0661697388,80.2435531616,78452,78463,11
13.0661001205,80.2443618774,78463,78473,10
13.066280365,80.2454833984,78473,78483,10
13.0668001175,80.2461013794,78483,78494,11
13.0676803589,80.2465286255,78494,78504,10
13.067779541,80.2466201782,78504,78513,9
13.0678596497,80.2469024658,78513,78524,11
13.0678100586,80.2476730347,78524,78534,10
13.06731987,80.2479019165,78534,78544,10
13.0665302277,80.2478790283,78544,78554,10
13.0656204224,80.2478637695,78554,78563,9
13.0648698807,80.2477874756,78563,78574,11
13.0637798309,80.2476882935,78574,78584,10
13.0628595352,80.2476577759,78584,78593,9
13.0621099472,80.2476196289,78593,78605,12
13.0614004135,80.2472000122,78605,78615,10
13.0615100861,80.2467422485,78615,78625,10
13.0618200302,80.2460784912,78625,78635,10
13.062040329,80.2452392578,78635,78645,10
13.0625896454,80.2447967529,78645,78655,10
13.063079834,80.2443237305,78655,78665,10
13.0631399155,80.2442092896,78665,78675,10
13.0633296967,80.243888855,78675,78685,10
13.0632600784,80.2434616089,78685,78695,10
13.0627298355,80.2433624268,78695,78706,11
13.062210083,80.2432785034,78706,78715,9
13.0617303848,80.2431869507,78715,78726,11
13.0611896515,80.2431182861,78726,78736,10
13.0608100891,80.2430114746,78736,78746,10
13.0603704453,80.2428512573,78746,78756,10
13.0597600937,80.2426605225,78756,78766,10
13.0591497421,80.2425765991,78766,78776,10
13.058719635,80.2426223755,78776,78786,10
13.0583496094,80.2427062988,78786,78796,10
13.0577001572,80.2428588867,78796,78806,10
13.0569295883,80.2428436279,78806,78817,11
13.0563402176,80.2426223755,78817,78827,10
13.0556001663,80.2423400879,78827,78837,10
13.0546598434,80.24243927,78837,78846,9
13.0539398193,80.2423477173,78846,78857,11
13.0536699295,80.2422637939,78857,78867,10
13.0535001755,80.242149353,78867,78877,10
13.0529003143,80.2419204712,78877,78907,30
13.0529003143,80.2419204712,78907,78918,11
13.0525398254,80.2417068481,78918,78928,10
13.0521802902,80.2412109375,78928,78938,10
13.0519599915,80.240852356,78938,78948,10
13.051609993,80.2406921387,78948,78958,10
13.0510797501,80.2406005859,78958,78968,10
13.050860405,80.2405471802,78968,78978,10
13.0503997803,80.2404632568,78978,78988,10
13.0497503281,80.2403411865,78988,78998,10
13.0489797592,80.2401580811,78998,79008,10
13.0481796265,80.240020752,79008,79018,10
13.0474996567,80.2398605347,79018,79029,11
13.0467596054,80.2396774292,79029,79039,10
13.0462598801,80.2395706177,79039,79049,10
13.0462198257,80.2392730713,79049,79059,10
13.0463895798,80.2386398315,79059,79069,10
13.0464897156,80.2381820679,79069,79079,10
13.0465803146,80.2377166748,79079,79089,10
13.0467195511,80.2370071411,79089,79099,10
13.0468597412,80.236328125,79099,79109,10
13.0469503403,80.2359237671,79109,79119,10
13.0469903946,80.2356185913,79119,79129,10
13.0470600128,80.2352371216,79129,79140,11
13.0471801758,80.2344207764,79140,79150,10
13.0472602844,80.2335891724,79150,79160,10
13.0472297668,80.2330474854,79160,79170,10
13.0466604233,80.232963562,79170,79180,10
13.0460195541,80.2328414917,79180,79190,10
13.0453195572,80.2326965332,79190,79200,10
13.0451097488,80.2326583862,79200,79210,10
13.0449495316,80.2325973511,79210,79220,10
13.0444002151,80.2325134277,79220,79230,10
13.0435695648,80.2323608398,79230,79241,11
13.0426998138,80.2323226929,79241,79251,10
13.0419797897,80.2322921753,79251,79261,10
13.0411100388,80.2321014404,79261,79271,10
13.040140152,80.2317581177,79271,79281,10
13.0390996933,80.2314605713,79281,79290,9
13.0382604599,80.2312316895,79290,79301,11
13.0374002457,80.2309494019,79301,79311,10
13.0367803574,80.2307662964,79311,79321,10
13.0364599228,80.2306671143,79321,79331,10
13.0358896255,80.2304916382,79331,79340,9
13.0354099274,80.2303924561,79340,79422,82
13.0354099274,80.2303924561,79422,79432,10
13.0352602005,80.2302932739,79432,79442,10
13.0348300934,80.2302398682,79442,79453,11
13.0345001221,80.2303237915,79453,79463,10
13.0341997147,80.2303924561,79463,79473,10
13.0338697433,80.2304000854,79473,79483,10
13.0334796906,80.2304229736,79483,79493,10
13.0334396362,80.2304382324,79493,79503,10
13.0332698822,80.2304763794,79503,79513,10
13.032699585,80.230506897,79513,79523,10
13.0322198868,80.2305603027,79523,79533,10
13.0317802429,80.2305984497,79533,79543,10
13.031080246,80.230682373,79543,79553,10
13.0305099487,80.2307128906,79553,79564,11
13.0298404694,80.2307891846,79564,79574,10
13.0293397903,80.2308273315,79574,79584,10
13.0286102295,80.2309265137,79584,79594,10
13.0279598236,80.2309799194,79594,79604,10
13.0276203156,80.2310714722,79604,79614,10
13.0276298523,80.2315826416,79614,79624,10
13.027680397,80.2320632935,79624,79634,10
13.0277500153,80.2324295044,79634,79645,11
13.0277795792,80.2327575684,79645,79655,10
13.0273599625,80.2328567505,79655,79666,11
13.0269098282,80.2329711914,79666,79676,10
13.026599884,80.233001709,79676,79686,10
13.026260376,80.2326507568,79686,79696,10
13.0261297226,80.2321472168,79696,79706,10
13.0260400772,80.2318496704,79706,79716,10
13.0259799957,80.2314834595,79716,79726,10
13.0258102417,80.2308807373,79726,79736,10
13.0254402161,80.2301635742,79736,79746,10
13.0250396729,80.2295913696,79746,79756,10
13.0246200562,80.2290420532,79756,79766,10
13.0242900848,80.2285995483,79766,79777,11
13.0239095688,80.228187561,79777,79787,10
13.023900032,80.2281723022,79787,79797,10
13.0237398148,80.2279586792,79797,79807,10
13.0233602524,80.2275772095,79807,79817,10
13.0230398178,80.2272033691,79817,79827,10
13.0224704742,80.2266998291,79827,79837,10
13.0218601227,80.2261734009,79837,79847,10
13.0211801529,80.2256469727,79847,79857,10
13.0205602646,80.2251968384,79857,79873,16
13.0198297501,80.2247161865,79873,79886,13
13.0197896957,80.2247009277,79886,79896,10
13.0193595886,80.2244873047,79896,79906,10
13.018529892,80.2245635986,79906,79916,10
13.0175199509,80.2249832153,79916,79926,10
13.016579628,80.2253875732,79926,79936,10
13.0161600113,80.2255401611,79936,79946,10
13.0155200958,80.2257385254,79946,79956,10
13.0149097443,80.2260131836,79956,79966,10
13.0143699646,80.2262496948,79966,79976,10
13.0143404007,80.2262802124,79976,79986,10
13.0139398575,80.2264328003,79986,79996,10
13.0132198334,80.2266998291,79996,80007,11
13.0123500824,80.2270431519,80007,80017,10
13.0113296509,80.227432251,80017,80027,10
13.0102596283,80.2278671265,80027,80037,10
13.0093097687,80.2282791138,80037,80047,10
13.0089702606,80.2291793823,80047,80057,10
13.0087404251,80.2303314209,80057,80067,10
13.0085296631,80.2314300537,80067,80077,10
13.0082998276,80.2325820923,80077,80087,10
13.0081796646,80.2334899902,80087,80098,11
13.0081396103,80.2337036133,80098,80108,10
13.008020401,80.2342224121,80108,80118,10
13.0076599121,80.2359771729,80118,80128,10
13.0076599121,80.2359771729,80128,80138,10
13.0074300766,80.237159729,80138,80148,10
13.007229805,80.2382202148,80148,80158,10
13.0070495605,80.2391586304,80158,80168,10
13.0068798065,80.2401275635,80168,80230,62
13.0068798065,80.2401275635,80230,80240,10
13.0069704056,80.2402420044,80240,80250,10
13.0068798065,80.2405014038,80250,80260,10
13.0067596436,80.2411499023,80260,80270,10
13.0066995621,80.2421112061,80270,80280,10
13.0066604614,80.2431182861,80280,80290,10
13.0066404343,80.2440032959,80290,80300,10
13.0066204071,80.2448425293,80300,80310,10
13.006649971,80.2456207275,80310,80321,11
13.0066795349,80.2465515137,80321,80331,10
13.0066900253,80.2472763062,80331,80342,11
13.0066900253,80.2479324341,80342,80352,10
13.0067195892,80.2488708496,80352,80362,10
13.006819725,80.249458313,80362,80372,10
13.006819725,80.2497024536,80372,80382,10
13.0067796707,80.2503585815,80382,80392,10
13.0067796707,80.251083374,80392,80402,10
13.0067596436,80.2514572144,80402,80412,10
13.0066995621,80.2517318726,80412,80423,11
13.0065402985,80.2523880005,80423,80433,10
13.0066299438,80.2527694702,80433,80443,10
13.0065803528,80.25340271,80443,80524,81
13.0065803528,80.25340271,80524,80534,10
13.0065698624,80.2536468506,80534,80544,10
13.0065898895,80.2541732788,80544,80554,10
13.0065603256,80.2545776367,80554,80564,10
13.0065402985,80.2552185059,80564,80574,10
13.0065803528,80.2560501099,80574,80584,10
13.0065803528,80.2567977905,80584,80594,10
13.0066604614,80.2574462891,80594,80604,10
13.006939888,80.2581176758,80604,80614,10
13.0074300766,80.2585983276,80614,80624,10
13.0079097748,80.2588806152,80624,80635,11
13.0080099106,80.2591781616,80635,80645,10
13.0075798035,80.2593536377,80645,80655,10
13.0072803497,80.2589569092,80655,80665,10
13.0070400238,80.2584228516,80665,80675,10
13.0067195892,80.2579116821,80675,80685,10
13.0065202713,80.2577133179,80685,80695,10
13.006480217,80.2573471069,80695,80705,10
13.0064601898,80.2567825317,80705,80715,10
13.0064601898,80.2559204102,80715,80725,10
13.0065002441,80.2551422119,80725,80736,11
13.0065002441,80.2544174194,80736,80746,10
13.006480217,80.2537231445,80746,80762,16
13.0064496994,80.2531433105,80762,80774,12
13.006480217,80.2524871826,80774,80782,8
13.0066204071,80.2517929077,80782,80824,42
13.0066204071,80.2517929077,80824,80834,10
13.0066995621,80.2516479492,80834,80845,11
13.0067796707,80.2510375977,80845,80855,10
13.0067396164,80.2501220703,80855,80865,10
13.0066900253,80.2489929199,80865,80875,10
13.0066204071,80.2480392456,80875,80885,10
13.0065803528,80.2474975586,80885,80895,10
13.0065803528,80.2474899292,80895,80905,10
13.0065803528,80.2474365234,80905,80915,10
13.0066099167,80.2471313477,80915,80925,10
13.0065603256,80.2466506958,80925,80931,6
13.0065603256,80.2465896606,80931,80945,14
13.0066099167,80.2463684082,80945,80956,11
13.0066299438,80.2456512451,80956,80965,9
13.0066299438,80.2449111938,80965,80976,11
13.0066204071,80.2441101074,80976,80986,10
13.0065898895,80.2434692383,80986,80996,10
13.0065803528,80.2429275513,80996,81006,10
13.0065603256,80.2421417236,81006,81016,10
13.0066003799,80.2411193848,81016,81026,10
13.0067396164,80.2404022217,81026,81036,10
13.0069198608,80.2395629883,81036,81046,10
13.0071001053,80.2385025024,81046,81057,11
13.0073003769,80.2375335693,81057,81067,10
13.0073795319,80.2368469238,81067,81077,10
13.0074596405,80.2365722656,81077,81087,10
13.0075902939,80.2360610962,81087,81097,10
13.0077800751,80.2352600098,81097,81107,10
13.0079803467,80.2342224121,81107,81117,10
13.0081796646,80.2332687378,81117,81127,10
13.0084695816,80.2317276001,81127,81137,10
13.0087203979,80.230430603,81137,81146,9
13.0089502335,80.2292785645,81146,81156,10
13.00922966,80.2280502319,81156,81168,12
13.0097999573,80.2267532349,81168,81178,10
13.0102100372,80.2259216309,81178,81188,10
13.01060009,80.2251205444,81188,81198,10
13.0108995438,80.2244567871,81198,81208,10
13.0112304688,80.2236480713,81208,81218,10
13.0115299225,80.2229614258,81218,81228,10
13.0118503571,80.222038269,81228,81238,10
13.0121603012,80.2214736938,81238,81248,10
13.0123901367,80.2215881348,81248,81258,10
13.0127801895,80.2221298218,81258,81269,11
13.0132703781,80.2227172852,81269,81279,10
13.013710022,80.2231674194,81279,81289,10
13.0141601563,80.2236785889,81289,81299,10
13.0146102905,80.224281311,81299,81309,10
13.0151100159,80.2247390747,81309,81319,10
13.0155096054,80.2249984741,81319,81329,10
13.0155601501,80.2249984741,81329,81339,10
13.0159101486,80.2252807617,81339,81349,10
13.0167102814,80.2252197266,81349,81359,10
13.0177402496,80.2248306274,81359,81369,10
13.0187702179,80.2244186401,81369,81380,11
13.0196695328,80.2245407104,81380,81390,10
13.0202503204,80.2249526978,81390,81400,10
13.020819664,80.2253189087,81400,81410,10
13.021229744,80.2256469727,81410,81420,10
13.0220298767,80.2262496948,81420,81450,30
13.0220298767,80.2262496948,81450,81466,16
13.0223798752,80.226600647,81466,81478,12
13.0227899551,80.2269363403,81478,81487,9
13.0232496262,80.2273635864,81487,81499,12
13.0237903595,80.2278594971,81499,81508,9
13.0243997574,80.2285690308,81508,81518,10
13.0245800018,80.228843689,81518,81530,12
13.024939537,80.2293624878,81530,81540,10
13.02546978,80.2300796509,81540,81550,10
13.0258598328,80.2308120728,81550,81560,10
13.0259799957,80.2312469482,81560,81569,9
13.0264196396,80.231300354,81569,81580,11
13.0273199081,80.231048584,81580,81592,12
13.0284404755,80.2309265137,81592,81602,10
13.0292901993,80.2308273315,81602,81612,10
13.0297603607,80.230796814,81612,81622,10
13.0303497314,80.2307434082,81622,81632,10
13.030579567,80.2307281494,81632,81642,10
13.0310401917,80.2306976318,81642,81652,10
13.0315198898,80.2306594849,81652,81662,10
13.0321302414,80.2305908203,81662,81672,10
13.0328197479,80.2305603027,81672,81682,10
13.033490181,80.2305221558,81682,81693,11
13.0342798233,80.2304077148,81693,81723,30
13.0342798233,80.2304077148,81723,81733,10
13.0345401764,80.2303390503,81733,81743,10
13.0348901749,80.2303771973,81743,81753,10
13.0349197388,80.2306213379,81753,81763,10
13.0348796844,80.2309494019,81763,81773,10
13.0347900391,80.2315673828,81773,81783,10
13.034740448,80.2320480347,81783,81793,10
13.0346403122,80.2328109741,81793,81804,11
13.0345497131,80.233581543,81804,81814,10
13.0344495773,80.2342300415,81814,81824,10
13.0343599319,80.2349395752,81824,81834,10
13.0342597961,80.2358322144,81834,81844,10
13.0341396332,80.236831665,81844,81854,10
13.0343198776,80.2374725342,81854,81864,10
13.034620285,80.2379837036,81864,81874,10
13.0349397659,80.2385177612,81874,81884,10
13.0353603363,80.239151001,81884,81893,9
13.0358104706,80.2393722534,81893,81905,12
13.0368499756,80.2395172119,81905,81915,10
13.037779808,80.2395782471,81915,81925,10
13.0386400223,80.2397003174,81925,81935,10
13.0394802094,80.2398071289,81935,81945,10
13.0402002335,80.2398910522,81945,81955,10
13.0403404236,80.2402191162,81955,81965,10
13.0404396057,80.2404937744,81965,81975,10
13.0409202576,80.2405471802,81975,81985,10
13.0410604477,80.2406005859,81985,81995,10
13.0413198471,80.2406234741,81995,82005,10
13.0416202545,80.2406234741,82005,82016,11
13.0423803329,80.2407226563,82016,82026,10
13.0430297852,80.2408218384,82026,82036,10
13.0438203812,80.2409210205,82036,82046,10
13.0443897247,80.2406387329,82046,82056,10
13.0447597504,80.2403793335,82056,82075,19
13.0447597504,80.2403793335,82075,82085,10
13.0449495316,80.2402801514,82085,82095,10
13.0454101563,80.239982605,82095,82106,11
13.0461196899,80.2395172119,82106,82117,11
13.04666996,80.2396469116,82117,82127,10
13.0469398499,80.2397232056,82127,82137,10
13.0473804474,80.2397994995,82137,82147,10
13.0479001999,80.2398910522,82147,82157,10
13.0486001968,80.2399902344,82157,82167,10
13.049369812,80.2401275635,82167,82177,10
13.050069809,80.2403106689,82177,82187,10
13.0508003235,80.2404708862,82187,82197,10
13.0515298843,80.2406234741,82197,82207,10
13.0522003174,80.2408218384,82207,82217,10
13.0525302887,80.2413635254,82217,82228,11
13.0531196594,80.2418670654,82228,82238,10
13.053850174,80.2421798706,82238,82248,10
13.0539798737,80.2422180176,82248,82258,10
13.0543498993,80.2422790527,82258,82268,10
13.055100441,80.2422409058,82268,82278,10
13.0559196472,80.2423019409,82278,82288,10
13.0565700531,80.2425765991,82288,82298,10
13.0568799973,80.2425994873,82298,82308,10
13.0574798584,80.242767334,82308,82318,10
13.0580196381,80.24269104,82318,82328,10
13.0586099625,80.2425918579,82328,82339,11
13.0593595505,80.2425003052,82339,82349,10
13.0600595474,80.2427368164,82349,82359,10
13.060790062,80.2429580688,82359,82369,10
13.0614299774,80.2431182861,82369,82379,10
13.0621404648,80.2432479858,82379,82389,10
13.0625200272,80.2433319092,82389,82399,10
13.0627202988,80.2433624268,82399,82409,10
13.0632696152,80.2434616089,82409,82419,10
13.0640096664,80.2434768677,82419,82429,10
13.0647602081,80.243522644,82429,82440,11
13.0655298233,80.2435379028,82440,82449,9
13.0657196045,80.2435302734,82449,82461,12
13.0660200119,80.2434768677,82461,82471,10
13.0665302277,80.2433013916,82471,82481,10
13.0671796799,80.2430114746,82481,82491,10
13.0680198669,80.242729187,82491,82501,10
13.0688695908,80.242401123,82501,82531,30
13.0688695908,80.242401123,82531,82542,11
13.0693798065,80.2422180176,82542,82552,10
13.069849968,80.2421264648,82552,82562,10
13.0699996948,80.2420883179,82562,82572,10
13.0703601837,80.2420120239,82572,82582,10
13.0710496902,80.2417907715,82582,82592,10
13.071969986,80.241317749,82592,82602,10
13.0727500916,80.2408599854,82602,82612,10
13.0738401413,80.2405471802,82612,82622,10
13.0747900009,80.2404785156,82622,82632,10
13.0758199692,80.2404708862,82632,82642,10
13.0767297745,80.240562439,82642,82653,11
13.0770902634,80.2405014038,82653,82663,10
13.0770597458,80.2400817871,82663,82673,10
13.076880455,80.2392501831,82673,82683,10
13.0766496658,80.2383499146,82683,82693,10
13.076499939,80.237739563,82693,82703,10
13.0763902664,80.2371902466,82703,82713,10
13.0762395859,80.2363433838,82713,82723,10
13.0761203766,80.2354888916,82723,82733,10
13.0759096146,80.2345809937,82733,82743,10
13.0758495331,80.2339324951,82743,82753,10
13.0763301849,80.2337417603,82753,82764,11
13.0767698288,80.2336883545,82764,82774,10
13.0770702362,80.2336502075,82774,82790,16
13.0779104233,80.233581543,82790,82802,12
13.0785503387,80.233543396,82802,82812,10
13.0789299011,80.2335205078,82812,82822,10
13.0795001984,80.2335281372,82822,82831,9
13.0798997879,80.233543396,82831,82842,11
13.0804100037,80.2335510254,82842,82852,10
13.0808200836,80.2335586548,82852,82862,10
13.0813903809,80.2335891724,82862,82874,12
13.0819301605,80.2335586548,82874,82884,10
13.0820398331,80.2328720093,82884,82894,10
13.0822401047,80.232208252,82894,82904,10
13.0825004578,80.2314987183,82904,82914,10
13.0827598572,80.2308883667,82914,82924,10
13.0830402374,80.230682373,82924,82934,10
13.08314991,80.2312393188,82934,82944,10
13.0831804276,80.232170105,82944,82954,10
13.0833597183,80.2330169678,82954,82964,10
13.0834598541,80.2335586548,82964,82975,11
13.0835599899,80.2338409424,82975,82985,10
13.0839195251,80.2339324951,82985,82995,10
13.08452034,80.2340621948,82995,83005,10
13.0852499008,80.2342071533,83005,83015,10
13.0859804153,80.2343673706,83015,83025,10
13.0865602493,80.2345199585,83025,83035,10
13.0870895386,80.2345733643,83035,83044,9
13.0877599716,80.2344284058,83044,83055,11
13.08796978,80.2335662842,83055,83065,10
13.088139534,80.2327804565,83065,83076,11
13.0883598328,80.2319107056,83076,83086,10
13.0886297226,80.2311477661,83086,83096,10
13.0889396667,80.2304763794,83096,83105,9
13.0892601013,80.2298202515,83105,83116,11
13.0899200439,80.2289199829,83116,83126,10
13.090669632,80.2281036377,83126,83136,10
13.0913496017,80.2273635864,83136,83147,11
13.0921096802,80.2265777588,83147,83157,10
13.0927696228,80.2258987427,83157,83167,10
13.0934400558,80.225189209,83167,83177,10
13.0939998627,80.2245407104,83177,83188,11
13.0947198868,80.2235717773,83188,83198,10
13.0952196121,80.2226028442,83198,83208,10
13.0955696106,80.2216567993,83208,83218,10
13.095870018,80.2208175659,83218,83228,10
13.0961704254,80.2199630737,83228,83238,10
13.0964403152,80.2191467285,83238,83248,10
13.0966701508,80.2184906006,83248,83258,10
13.0969200134,80.2177505493,83258,83268,10
13.0971899033,80.2170181274,83268,83278,10
13.0974502563,80.2163619995,83278,83289,11
13.0978097916,80.2155075073,83289,83299,10
13.098110199,80.2147979736,83299,83309,10
13.0984201431,80.2141036987,83309,83319,10
13.0987997055,80.2140426636,83319,83329,10
13.0994195938,80.2142791748,83329,83339,10
13.1002397537,80.2145004272,83339,83358,19
13.1002397537,80.2145004272,83358,83369,11
13.1001901627,80.2149200439,83369,83884,515
13.1001901627,80.2149200439,83884,83894,10
13.1001996994,80.2150497437,83894,83904,10
13.1000900269,80.2154006958,83904,83914,10
13.0999403,80.2157592773,83914,83924,10
13.0998401642,80.2160415649,83924,83935,11
13.0998897552,80.2161483765,83935,83945,10
13.0997800827,80.2165298462,83945,83955,10
13.0995502472,80.2172470093,83955,83965,10
13.0993995667,80.2180404663,83965,83975,10
13.0992898941,80.21875,83975,83985,10
13.0992002487,80.2192764282,83985,83995,10
13.0991401672,80.2196884155,83995,84005,10
13.0990104675,80.2203674316,84005,84015,10
13.0988502502,80.2211837769,84015,84024,9
13.098739624,80.2218017578,84024,84036,12
13.0987100601,80.2225723267,84036,84046,10
13.0988798141,80.2231674194,84046,84056,10
13.099240303,80.2236099243,84056,84066,10
13.0995798111,80.2241363525,84066,84076,10
13.0997400284,80.2246932983,84076,84086,10
13.0998401642,80.2251586914,84086,84095,9
13.0998802185,80.2256011963,84095,84106,11
13.0999698639,80.2261962891,84106,84116,10
13.0999898911,80.2268218994,84116,84126,10
13.1000204086,80.2274017334,84126,84136,10
13.0999803543,80.2280197144,84136,84147,11
13.0999097824,80.2285690308,84147,84157,10
13.0998497009,80.2289505005,84157,84167,10
13.0997800827,80.2293701172,84167,84177,10
13.0996398926,80.2299728394,84177,84187,10
13.0995101929,80.2304763794,84187,84197,10
13.0993795395,80.2308807373,84197,84207,10
13.0992298126,80.2312088013,84207,84217,10
13.0990600586,80.231590271,84217,84227,10
13.0988903046,80.2320709229,84227,84237,10
13.0987300873,80.2326202393,84237,84247,10
13.0986003876,80.2333068848,84247,84258,11
13.0985097885,80.2340164185,84258,84274,16
13.0984201431,80.2349014282,84274,84286,12
13.0983104706,80.2356262207,84286,84294,8
13.0982398987,80.2360916138,84294,84307,13
13.0981197357,80.2368392944,84307,84316,9
13.0980100632,80.2374191284,84316,84326,10
13.097869873,80.2381134033,84326,84336,10
13.0977602005,80.2388000488,84336,84346,10
13.097700119,80.2394485474,84346,84356,10
13.0976600647,80.2401428223,84356,84367,11
13.0975904465,80.2408828735,84367,84377,10
13.0975198746,80.2414703369,84377,84387,10
13.0974502563,80.2418365479,84387,84437,50
13.0974502563,80.2418365479,84437,84447,10
13.0974702835,80.2421722412,84447,84457,10
13.0978899002,80.2422637939,84457,84468,11
13.0983495712,80.2423095703,84468,84478,10
13.0985898972,80.2422790527,84478,84488,10
13.0986700058,80.2422332764,84488,84498,10
13.0987195969,80.2421035767,84498,84508,10
13.0988101959,80.2417068481,84508,84528,20
13.0988101959,80.2417068481,84528,84538,10
13.0988798141,80.2414779663,84538,84548,10
13.0990600586,80.2412414551,84548,84912,364
13.0990600586,80.2412414551,84912,84922,10
13.0991096497,80.2411422729,84922,84932,10
13.0990600586,80.2408599854,84932,84942,10
13.0989599228,80.2406387329,84942,84952,10
13.0989198685,80.240196228,84952,84972,20
13.0989198685,80.240196228,84972,84982,10
13.0990695953,80.2403488159,84982,85124,142
13.0990695953,80.2403488159,85124,85134,10
13.0990600586,80.240447998,85134,85275,141
13.0990600586,80.240447998,85275,85285,10
13.09897995,80.2405166626,85285,85295,10
13.0989599228,80.2407608032,85295,85305,10
13.0989398956,80.2409667969,85305,85316,11
13.098859787,80.2411804199,85316,85326,10
