12.9979896545,80.2570037842,17,1713,1696
12.9978904724,80.2567977905,1713,2228,515
12.9980297089,80.257019043,2228,4511,2283
12.9980297089,80.257019043,4511,4521,10
12.9979400635,80.2567062378,4521,4531,10
12.9978904724,80.2563705444,4531,4541,10
12.9977197647,80.2566070557,4541,4551,10
12.9977197647,80.2570266724,4551,4561,10
12.9979000092,80.2571105957,4561,4571,10
12.9982299805,80.2571411133,4571,4581,10
12.9983301163,80.2568511963,4581,4591,10
12.9981403351,80.2564926147,4591,5339,748
12.9979696274,80.256477356,5339,6641,1302
12.9981203079,80.2564468384,6641,7065,424
12.9979896545,80.2564620972,7065,7702,637
12.9980401993,80.2564926147,7702,17765,10063
12.9980201721,80.2564315796,17765,18311,546
12.9980602264,80.2564620972,18311,20029,1718
12.9980602264,80.2564620972,20029,20039,10
12.9979600906,80.2566986084,20039,20049,10
12.9979696274,80.2569274902,20049,20059,10
12.998000145,80.2570571899,20059,20070,11
12.9977502823,80.2570877075,20070,20080,10
12.9977397919,80.2569503784,20080,20090,10
12.9977703094,80.2567214966,20090,20160,70
12.9977703094,80.2567214966,20160,20170,10
12.9977397919,80.2563781738,20170,20221,51
12.997710228,80.2560195923,20221,20241,20
12.9975595474,80.2559814453,20241,20353,112
12.9975595474,80.2559814453,20353,20363,10
12.997209549,80.2559280396,20363,20373,10
12.9968595505,80.2559204102,20373,20415,42
12.9968595505,80.2559204102,20415,20424,9
12.9963998795,80.2558898926,20424,20435,11
12.995929718,80.2558898926,20435,20445,10
12.9953699112,80.255897522,20445,20455,10
12.9946403503,80.2559280396,20455,20465,10
12.9938097,80.2560119629,20465,20475,10
12.9928598404,80.2560806274,20475,20485,10
12.9918603897,80.2560882568,20485,20496,11
12.9908800125,80.2560501099,20496,20503,7
12.9903898239,80.2560424805,20503,20516,13
12.9895000458,80.2560119629,20516,20526,10
12.9887399673,80.2559432983,20526,20536,10
12.9879302979,80.2558364868,20536,20546,10
12.9873104095,80.2557373047,20546,20556,10
12.9865398407,80.255607605,20556,20566,10
12.9861097336,80.255531311,20566,20576,10
12.9859695435,80.2555007935,20576,20586,10
12.9856700897,80.2554168701,20586,20597,11
12.9849700928,80.2552490234,20597,20607,10
12.9843597412,80.2550811768,20607,20617,10
12.9836301804,80.2548980713,20617,20627,10
12.9828996658,80.2546768188,20627,20634,7
12.9824399948,80.2545318604,20634,20647,13
12.9819097519,80.2537307739,20647,20657,10
12.9816999435,80.2529830933,20657,20665,8
12.9810304642,80.2528076172,20665,20677,12
12.9800100327,80.252746582,20677,20687,10
12.9789600372,80.2526626587,20687,20698,11
12.9781103134,80.2522277832,20698,20708,10
12.9772195816,80.2515106201,20708,20718,10
12.9759902954,80.251083374,20718,20728,10
12.9746599197,80.2507019043,20728,20738,10
12.9733295441,80.2503204346,20738,20748,10
12.9720001221,80.249961853,20748,20758,10
12.9707803726,80.2496185303,20758,20768,10
12.9692802429,80.2490692139,20768,20778,10
12.9679403305,80.2485427856,20778,20788,10
12.9666795731,80.2479705811,20788,20799,11
12.9652700424,80.2473831177,20799,20809,10
12.9639196396,80.2469329834,20809,20819,10
12.962770462,80.246421814,20819,20829,10
12.9617900848,80.2458877563,20829,20836,7
12.9609003067,80.2454528809,20836,20849,13
12.9595298767,80.2448577881,20849,20859,10
12.959280014,80.2447433472,20859,20869,10
12.9586801529,80.2444381714,20869,20879,10
12.957859993,80.244102478,20879,20890,11
12.9569196701,80.2437820435,20890,20900,10
12.9563102722,80.2435684204,20900,20910,10
12.9558200836,80.243347168,20910,20920,10
12.9551000595,80.243019104,20920,20930,10
12.9540395737,80.2425689697,20930,20939,9
12.9531898499,80.2422103882,20939,20950,11
12.9518995285,80.2416915894,20950,20960,10
12.9509296417,80.2413787842,20960,20970,10
12.949549675,80.2409591675,20970,20980,10
12.9483804703,80.2405166626,20980,20991,11
12.947259903,80.2400665283,20991,21001,10
12.9470796585,80.2399978638,21001,21010,9
12.9465703964,80.2397918701,21010,21021,11
12.9456501007,80.2393798828,21021,21031,10
12.9448604584,80.2387619019,21031,21041,10
12.9439201355,80.237739563,21041,21051,10
12.9429397583,80.2367935181,21051,21061,10
12.9415903091,80.2362823486,21061,21071,10
12.9401798248,80.2359237671,21071,21082,11
12.9391899109,80.235496521,21082,21092,10
12.9381198883,80.2349624634,21092,21102,10
12.9371595383,80.2344894409,21102,21112,10
12.9356603622,80.233757019,21112,21122,10
12.9344997406,80.233253479,21122,21132,10
12.9336299896,80.2328491211,21132,21142,10
12.9332704544,80.2326889038,21142,21152,10
12.9325895309,80.232421875,21152,21162,10
12.9316501617,80.232093811,21162,21172,10
12.9304504395,80.2317199707,21172,21183,11
12.9289798737,80.2313766479,21183,21193,10
12.9275302887,80.2311630249,21193,21201,8
12.9263801575,80.2310180664,21201,21213,12
12.924779892,80.2308425903,21213,21223,10
12.9231700897,80.2306365967,21223,21233,10
12.9216804504,80.2304229736,21233,21243,10
12.92029953,80.2302398682,21243,21253,10
12.9186000824,80.2300262451,21253,21263,10
12.9170799255,80.2297973633,21263,21274,11
12.9153995514,80.2295608521,21274,21284,10
12.9139099121,80.2293624878,21284,21294,10
12.9126796722,80.2291793823,21294,21304,10
12.911359787,80.2289886475,21304,21314,10
12.9099597931,80.2287826538,21314,21324,10
12.9084997177,80.2285385132,21324,21333,9
12.9073600769,80.2283706665,21333,21344,11
12.9066495895,80.2282714844,21344,21354,10
12.9062795639,80.2282714844,21354,21364,10
12.9060001373,80.2282562256,21364,21375,11
12.9051799774,80.2282028198,21375,21385,10
12.9041204453,80.2281494141,21385,21395,10
12.9028701782,80.2280883789,21395,21402,7
12.9019298553,80.2280426025,21402,21415,13
12.9005002975,80.2279586792,21415,21425,10
12.8996200562,80.2279205322,21425,21455,30
12.8996200562,80.2279205322,21455,21466,11
12.899189949,80.2278900146,21466,21476,10
12.8984203339,80.2278289795,21476,21486,10
12.8974103928,80.2277832031,21486,21495,9
12.8963699341,80.2277374268,21495,21505,10
12.8952503204,80.2276916504,21505,21516,11
12.8937101364,80.2275924683,21516,21526,10
12.8925104141,80.2274398804,21526,21536,10
12.8915596008,80.2273864746,21536,21546,10
12.8901796341,80.2273864746,21546,21556,10
12.8888502121,80.2274017334,21556,21567,11
12.8874197006,80.2272796631,21567,21577,10
12.8862495422,80.2270431519,21577,21587,10
12.8850603104,80.2267684937,21587,21597,10
12.8838300705,80.2267303467,21597,21607,10
12.8824901581,80.2267303467,21607,21617,10
12.8812599182,80.2267379761,21617,21626,9
12.87981987,80.2267608643,21626,21637,11
12.8781700134,80.226852417,21637,21645,8
12.8770599365,80.2269515991,21645,21658,13
12.876540184,80.2270126343,21658,21668,10
12.8762903214,80.2270202637,21668,21678,10
12.8755903244,80.2269973755,21678,21688,10
12.87458992,80.2268829346,21688,21697,9
12.8736095428,80.2267684937,21697,21708,11
12.8727197647,80.2267532349,21708,21718,10
12.8724498749,80.2267379761,21718,21728,10
12.8718099594,80.2267074585,21728,21738,10
12.8707199097,80.2266616821,21738,21748,10
12.8695297241,80.2265396118,21748,21759,11
12.8680696487,80.2264328003,21759,21769,10
12.8666696548,80.2265625,21769,21779,10
12.8652601242,80.2266387939,21779,21789,10
12.8638095856,80.2265777588,21789,21799,10
12.8623399734,80.2265930176,21799,21809,10
12.8608598709,80.2266082764,21809,21819,10
12.8594102859,80.2264328003,21819,21829,10
12.8582401276,80.2262878418,21829,21839,10
12.8569803238,80.226348877,21839,21849,10
12.8556404114,80.2264862061,21849,21860,11
12.8540697098,80.2266616821,21860,21869,9
12.8527498245,80.2267379761,21869,21880,11
12.8511896133,80.2266921997,21880,21890,10
12.850110054,80.2266464233,21890,21900,10
12.8495998383,80.2266387939,21900,21910,10
12.8489904404,80.2266387939,21910,21920,10
12.8479700089,80.2266311646,21920,21930,10
12.8468198776,80.2266387939,21930,21940,10
12.8457202911,80.2266464233,21940,21951,11
12.8454999924,80.2266464233,21951,21961,10
12.8451795578,80.2266616821,21961,21970,9
12.8445196152,80.2267074585,21970,21981,11
12.843460083,80.2268295288,21981,21990,9
12.8411998749,80.2273330688,21990,22001,11
12.8401498795,80.2275924683,22001,22011,10
12.8401498795,80.2275924683,22011,22021,10
12.8396596909,80.2277069092,22021,22031,10
12.8391895294,80.2278366089,22031,22041,10
12.8383798599,80.2280578613,22041,22052,11
12.8372097015,80.2282867432,22052,22062,10
12.8359498978,80.228477478,22062,22072,10
12.8345603943,80.2287063599,22072,22081,9
12.8332595825,80.2289581299,22081,22092,11
12.8318996429,80.2292175293,22092,22102,10
12.8315496445,80.2289962769,22102,22112,10
12.8315401077,80.2289505005,22112,22122,10
12.831489563,80.2286911011,22122,22132,10
12.8313598633,80.2280273438,22132,22142,10
12.8311796188,80.227142334,22142,22153,11
12.8310203552,80.2259597778,22153,22163,10
12.8310203552,80.224861145,22163,22173,10
12.831029892,80.2244491577,22173,22183,10
12.8310604095,80.2237091064,22183,22193,10
12.8310604095,80.2227935791,22193,22203,10
12.8310699463,80.2221984863,22203,22213,10
12.8310699463,80.2216796875,22213,22223,10
12.8310899734,80.2208709717,22223,22233,10
12.8311100006,80.2199401855,22233,22243,10
12.831029892,80.2195205688,22243,22253,10
12.8304100037,80.2194595337,22253,22264,11
12.8294897079,80.2194595337,22264,22274,10
12.828619957,80.2194595337,22274,22284,10
12.8278398514,80.2194519043,22284,22294,10
12.8275699615,80.2194519043,22294,22304,10
12.8273096085,80.2194595337,22304,22314,10
12.8266801834,80.2194595337,22314,22324,10
12.8261098862,80.2194595337,22324,22334,10
12.8258895874,80.2193832397,22334,22344,10
12.8258495331,80.2190093994,22344,22354,10
12.8258600235,80.2185592651,22354,22365,11
12.8258600235,80.2172012329,22365,22375,10
12.8258600235,80.2163619995,22375,22385,10
12.8254995346,80.216003418,22385,22395,10
12.8246898651,80.2159805298,22395,23163,768
12.8246898651,80.2159805298,23163,23173,10
12.8245601654,80.2159881592,23173,23183,10
12.8240404129,80.216003418,23183,23193,10
12.8232498169,80.216003418,23193,23203,10
12.8227996826,80.2160110474,23203,23213,10
12.8226900101,80.2164306641,23213,23223,10
12.8227100372,80.2170410156,23223,23232,9
12.822719574,80.217666626,23232,23242,10
12.822719574,80.2185211182,23242,23253,11
12.8227300644,80.2191772461,23253,23264,11
12.8230695724,80.2194213867,23264,23274,10
12.8238897324,80.2194290161,23274,23284,10
12.8248596191,80.2194213867,23284,23294,10
12.8254804611,80.2194213867,23294,23304,10
12.8258895874,80.2194366455,23304,23314,10
12.8266296387,80.2194213867,23314,23324,10
12.8273696899,80.2194213867,23324,23334,10
12.8276100159,80.2194213867,23334,23344,10
12.8282203674,80.2194213867,23344,23354,10
12.8291301727,80.2194213867,23354,23365,11
12.8302898407,80.2194290161,23365,23375,10
12.8309297562,80.2194290161,23375,23385,10
12.8312196732,80.2197799683,23385,23396,11
12.8312101364,80.220741272,23396,23406,10
12.831199646,80.2218093872,23406,23416,10
12.831199646,80.2222290039,23416,23426,10
12.831199646,80.2228317261,23426,23435,9
12.831199646,80.2236099243,23435,23445,10
12.8311901093,80.2245407104,23445,23456,11
12.831199646,80.2249679565,23456,23467,11
12.831199646,80.2257919312,23467,23477,10
12.8312797546,80.2267608643,23477,23487,10
12.8315000534,80.2278366089,23487,23497,10
12.8317098618,80.2288665771,23497,23507,10
12.8318996429,80.2291488647,23507,23517,10
12.832400322,80.2290420532,23517,23527,10
12.8331804276,80.2288818359,23527,23537,10
12.8341598511,80.2287063599,23537,23547,10
12.8353004456,80.2285232544,23547,23557,10
12.8365802765,80.2283401489,23557,23568,11
12.8380203247,80.2280883789,23568,23578,10
12.8390703201,80.2278137207,23578,23588,10
12.8394498825,80.2276916504,23588,23598,10
12.8396196365,80.2276535034,23598,23608,10
12.8401603699,80.2275085449,23608,23618,10
12.8409996033,80.2272796631,23618,23628,10
12.8420000076,80.2270202637,23628,23638,10
12.8431301117,80.2267990112,23638,23648,10
12.8443603516,80.2266235352,23648,23658,10
12.8453998566,80.2265167236,23658,23668,10
12.8454704285,80.2265167236,23668,23679,11
12.845700264,80.2265167236,23679,23689,10
12.8463401794,80.2265396118,23689,23699,10
12.847240448,80.2265396118,23699,23709,10
12.8482999802,80.2265472412,23709,23719,10
12.8494901657,80.2265396118,23719,23729,10
12.8507699966,80.2265625,23729,23739,10
12.8520803452,80.2266235352,23739,23749,10
12.8534603119,80.2266387939,23749,23759,10
12.8548603058,80.2265014648,23759,23769,10
12.8563203812,80.226348877,23769,23780,11
12.8579101563,80.2261886597,23780,23790,10
12.85916996,80.2262573242,23790,23800,10
12.8604202271,80.2264404297,23800,23810,10
12.8607702255,80.2264785767,23810,23820,10
12.8608999252,80.2264785767,23820,23830,10
12.8614397049,80.2265090942,23830,23840,10
12.8623199463,80.2264785767,23840,23850,10
12.8634004593,80.2264480591,23850,23860,10
12.8646697998,80.2265014648,23860,23870,10
12.866060257,80.2265090942,23870,23881,11
12.867650032,80.2263565063,23881,23891,10
12.8691196442,80.2263793945,23891,23901,10
12.8705997467,80.2265396118,23901,23911,10
12.8720397949,80.2266082764,23911,23921,10
12.8727903366,80.2266387939,23921,23931,10
12.873459816,80.2266616821,23931,23941,10
12.8743801117,80.2267608643,23941,23951,10
12.8754997253,80.2268829346,23951,23961,10
12.8765497208,80.226890564,23961,23971,10
12.8767995834,80.2268371582,23971,23982,11
12.8771400452,80.2268295288,23982,23992,10
12.8778800964,80.2267837524,23992,24002,10
12.8788795471,80.2267074585,24002,24012,10
12.8800601959,80.2266769409,24012,24022,10
12.8813695908,80.2266616821,24022,24032,10
12.8827400208,80.2266616821,24032,24042,10
12.8841400146,80.2266311646,24042,24052,10
12.8851699829,80.2266387939,24052,24062,10
12.8853902817,80.2266616821,24062,24072,10
12.8859300613,80.2267913818,24072,24083,11
12.886879921,80.2270584106,24083,24093,10
12.8879699707,80.2272415161,24093,24103,10
12.8892402649,80.2273025513,24103,24113,10
12.8903398514,80.2273025513,24113,24123,10
12.8920097351,80.2273101807,24123,24133,10
12.8933496475,80.2274627686,24133,24143,10
12.8947401047,80.2275924683,24143,24153,10
12.8960199356,80.2276382446,24153,24163,10
12.8970003128,80.2276763916,24163,24173,10
12.8981399536,80.2277374268,24173,24184,11
12.8995103836,80.2278213501,24184,24194,10
12.9002304077,80.2278366089,24194,24204,10
12.9002504349,80.2278366089,24204,24214,10
12.9003295898,80.2278518677,24214,24224,10
12.9005804062,80.2278671265,24224,24234,10
12.9010696411,80.227897644,24234,24244,10
12.9017496109,80.2279434204,24244,24254,10
12.9026002884,80.2279815674,24254,24264,10
12.9029798508,80.2279663086,24264,24274,10
12.9030895233,80.2279434204,24274,24284,10
12.9035100937,80.2279815674,24284,24295,11
12.9043903351,80.2280578613,24295,24305,10
12.9054203033,80.2281112671,24305,24315,10
12.906419754,80.2281570435,24315,24325,10
12.9067802429,80.2282028198,24325,24335,10
12.9069900513,80.2282562256,24335,24345,10
12.9076595306,80.2283477783,24345,24362,17
12.9094495773,80.2286376953,24362,24374,12
12.9110403061,80.2288894653,24374,24384,10
12.9124403,80.2290878296,24384,24395,11
12.9138898849,80.2292480469,24395,24405,10
12.9142198563,80.2292861938,24405,24414,9
12.9146900177,80.2293624878,24414,24425,11
12.9156398773,80.2294998169,24425,24435,10
12.9166402817,80.229637146,24435,24445,10
12.9180297852,80.229850769,24445,24455,10
12.919380188,80.2300415039,24455,24465,10
12.9208202362,80.2301864624,24465,24475,10
12.9222803116,80.2304000854,24475,24485,10
12.9237604141,80.2306213379,24485,24496,11
12.9253797531,80.2308273315,24496,24506,10
12.9265699387,80.2309494019,24506,24516,10
12.9278202057,80.2311172485,24516,24526,10
12.9291601181,80.2313232422,24526,24536,10
12.9305200577,80.2316436768,24536,24546,10
12.9319295883,80.2320785522,24546,24562,16
12.9336500168,80.2327194214,24562,24574,12
12.933719635,80.2327423096,24574,24584,10
12.9341201782,80.2329330444,24584,24594,10
12.9349002838,80.2332763672,24594,24605,11
12.9359197617,80.2337265015,24605,24615,10
12.9369602203,80.2342376709,24615,24625,10
12.9381399155,80.2348175049,24625,24635,10
12.9393596649,80.2354507446,24635,24644,9
12.9398403168,80.2356567383,24644,24655,11
12.940079689,80.2357788086,24655,24665,10
12.9407701492,80.2359695435,24665,24675,10
12.9416999817,80.2361907959,24675,24685,10
12.9427700043,80.236541748,24685,24696,11
12.9438199997,80.2374267578,24696,24706,10
12.9447603226,80.2384490967,24706,24716,10
12.9459104538,80.2393722534,24716,24726,10
12.9471998215,80.2398910522,24726,24736,10
12.9474201202,80.2399902344,24736,24746,10
12.9478302002,80.2401733398,24746,24756,10
12.9488897324,80.240562439,24756,24776,20
12.9488897324,80.240562439,24776,24786,10
12.9490404129,80.2406082153,24786,24797,11
12.9496202469,80.2408599854,24797,24807,10
12.950460434,80.2410964966,24807,24817,10
12.951259613,80.2413406372,24817,24827,10
12.9514904022,80.2414474487,24827,24837,10
12.9521303177,80.2416763306,24837,24847,10
12.9529895782,80.2420120239,24847,24857,10
12.9540100098,80.2424163818,24857,24867,10
12.9549398422,80.2427825928,24867,24877,10
12.9558897018,80.2431793213,24877,24887,10
12.9564504623,80.2434005737,24887,24897,10
12.9569997787,80.2436294556,24897,24908,11
12.9579496384,80.2440414429,24908,24918,10
12.9588804245,80.2443771362,24918,24928,10
12.9590396881,80.2444534302,24928,24938,10
12.9593696594,80.2446365356,24938,24948,10
12.9600400925,80.2449493408,24948,24958,10
12.9609498978,80.2453689575,24958,24968,10
12.9619998932,80.245880127,24968,24978,10
12.9629402161,80.2463607788,24978,24988,10
12.9636096954,80.2466812134,24988,24998,10
12.9643497467,80.2469787598,24998,25009,11
12.9652795792,80.2473068237,25009,25019,10
12.9661998749,80.2476501465,25019,25029,10
12.9665603638,80.2477722168,25029,25039,10
12.9665899277,80.2477874756,25039,25049,10
12.966919899,80.2480010986,25049,25059,10
12.967590332,80.248336792,25059,25069,10
12.9685297012,80.2487106323,25069,25079,10
12.9696903229,80.2491378784,25079,25089,10
12.9708995819,80.2495880127,25089,25099,10
12.9722204208,80.2499237061,25099,25110,11
12.9736995697,80.2503433228,25110,25120,10
12.9750795364,80.2507324219,25120,25130,10
12.9764795303,80.2511367798,25130,25140,10
12.9777498245,80.2517166138,25140,25150,10
12.9784803391,80.252281189,25150,25160,10
12.9786701202,80.2523574829,25160,25170,10
12.978890419,80.2524795532,25170,25180,10
12.9794797897,80.2525863647,25180,25190,10
12.9803600311,80.2526397705,25190,25200,10
12.9814395905,80.2526092529,25200,25210,10
12.9826202393,80.252571106,25210,25221,11
12.9839496613,80.2523574829,25221,25231,10
12.9851198196,80.2520370483,25231,25241,10
12.9862098694,80.2517623901,25241,25251,10
12.9869403839,80.2515487671,25251,25261,10
12.9873800278,80.251411438,25261,25322,61
12.9873800278,80.251411438,25322,25332,10
12.9876699448,80.2513427734,25332,25342,10
12.9882202148,80.2512130737,25342,25352,10
12.9891195297,80.2509765625,25352,25362,10
12.9895896912,80.2508468628,25362,25372,10
12.9897603989,80.250831604,25372,25382,10
12.9903802872,80.2507095337,25382,25392,10
12.9912595749,80.2504882813,25392,25402,10
12.9922800064,80.2502212524,25402,25413,11
12.9935703278,80.2499008179,25413,25423,10
12.9948501587,80.2495727539,25423,25433,10
12.9961700439,80.2492218018,25433,25443,10
12.9975700378,80.2488632202,25443,25453,10
12.9990196228,80.2484970093,25453,25463,10
13.0004701614,80.2481384277,25463,25479,16
13.0027399063,80.2475967407,25479,25491,12
13.0044002533,80.2473373413,25491,25501,10
13.00578022,80.2471008301,25501,25511,10
13.0065097809,80.2464599609,25511,25523,12
13.0065698624,80.2461700439,25523,25533,10
13.0065803528,80.245880127,25533,25543,10
13.0066299438,80.2451934814,25543,25553,10
13.0066299438,80.2443771362,25553,25563,10
13.0066099167,80.2432937622,25563,25573,10
13.0065698624,80.2422180176,25573,25583,10
13.0066099167,80.2410964966,25583,25593,10
13.0066699982,80.2406768799,25593,25603,10
13.0067300797,80.2404022217,25603,25613,10
13.0068502426,80.2397994995,25613,25624,11
13.0070199966,80.238822937,25624,25634,10
13.007229805,80.2378387451,25634,25644,10
13.0073795319,80.236869812,25644,25664,20
13.0075397491,80.236328125,25664,25676,12
13.0076999664,80.2355117798,25676,25686,10
13.0078802109,80.2345962524,25686,25696,10
13.0080795288,80.2336425781,25696,25706,10
13.0083703995,80.232208252,25706,25716,10
13.0086402893,80.2307662964,25716,25726,10
13.0089302063,80.229309082,25726,25735,9
13.0092401505,80.2279968262,25735,25747,12
13.0099697113,80.2263793945,25747,25757,10
13.0104398727,80.2253723145,25757,25767,10
13.010840416,80.2246017456,25767,25777,10
13.0112495422,80.2236862183,25777,25786,9
13.0116100311,80.2227935791,25786,25798,12
13.0120601654,80.2217330933,25798,25808,10
13.0125198364,80.2218399048,25808,25818,10
13.0130195618,80.2224273682,25818,25829,11
13.0136995316,80.2231826782,25829,25839,10
13.0144195557,80.2239379883,25839,25849,10
13.0150899887,80.2245635986,25849,25859,10
13.015540123,80.2249679565,25859,25869,10
13.0156402588,80.2250595093,25869,25879,10
13.0159902573,80.2253036499,25879,25889,10
13.0167598724,80.2252426147,25889,25899,10
13.0177202225,80.2248535156,25899,25909,10
13.0187902451,80.2244186401,25909,25919,10
13.0194396973,80.224319458,25919,25930,11
13.0194997787,80.2243499756,25930,25940,10
13.0198097229,80.224571228,25940,25960,20
13.0198097229,80.224571228,25960,25970,10
13.0199203491,80.2247619629,25970,25980,10
13.0204200745,80.2250976563,25980,25990,10
13.0210800171,80.2255477905,25990,26000,10
13.0218000412,80.2260665894,26000,26010,10
13.0226697922,80.2267608643,26010,26344,334
13.0225801468,80.2269515991,26344,26455,111
13.0225801468,80.2269515991,26455,26465,10
13.0227403641,80.2270202637,26465,26475,10
13.0231704712,80.2274017334,26475,26485,10
13.0236997604,80.2278518677,26485,26495,10
13.0242595673,80.2283401489,26495,26505,10
13.0243396759,80.2286300659,26505,26515,10
13.0241003036,80.2283782959,26515,26525,10
13.0237197876,80.2279510498,26525,26536,11
13.0233802795,80.2276763916,26536,26556,20
13.0233802795,80.2276763916,26556,26566,10
13.0233097076,80.2275772095,26566,26576,10
13.0230197906,80.2272796631,26576,26586,10
13.0226898193,80.2269515991,26586,26596,10
13.0225000381,80.2267608643,26596,26606,10
13.0222702026,80.2265396118,26606,26616,10
13.0219297409,80.2262268066,26616,26626,10
13.0215196609,80.2259292603,26626,26636,10
13.0210599899,80.2255783081,26636,26647,11
13.0204696655,80.2251586914,26647,26657,10
13.0198802948,80.2247695923,26657,26667,10
13.0191602707,80.2245101929,26667,26677,10
13.0183601379,80.2247085571,26677,26687,10
13.0175800323,80.2250213623,26687,26697,10
13.0168199539,80.2253417969,26697,26707,10
13.0161600113,80.2255783081,26707,26717,10
13.0155096054,80.2257995605,26717,26727,10
13.0148096085,80.2260818481,26727,26737,10
13.0143003464,80.2262878418,26737,26748,11
13.0142202377,80.2263336182,26748,26764,16
13.013589859,80.2265777588,26764,26776,12
13.0129299164,80.2268295288,26776,26786,10
13.012430191,80.2270202637,26786,26795,9
13.0119199753,80.2273025513,26795,26969,174
13.0119199753,80.2273025513,26969,26979,10
13.0116195679,80.2274169922,26979,26989,10
13.0110397339,80.2276611328,26989,26999,10
13.0102596283,80.2279815674,26999,27009,10
13.0093803406,80.2284011841,27009,27019,10
13.0090398788,80.2294464111,27019,27029,10
13.0087795258,80.2306976318,27029,27039,10
13.0085201263,80.2319869995,27039,27049,10
13.0082998276,80.2332382202,27049,27060,11
13.0082502365,80.2336730957,27060,27070,10
13.0081796646,80.2338485718,27070,27080,10
13.0080795288,80.2343826294,27080,27090,10
13.0079402924,80.2350616455,27090,27100,10
13.0077199936,80.2361373901,27100,27110,10
13.0074796677,80.2372283936,27110,27120,10
13.0072803497,80.2381668091,27120,27130,10
13.0071296692,80.238899231,27130,27140,10
13.0069904327,80.2396774292,27140,27150,10
13.0068397522,80.2404632568,27150,27161,11
13.0066795349,80.2415924072,27161,27171,10
13.0066795349,80.2428283691,27171,27181,10
13.0066604614,80.2439117432,27181,27191,10
13.0066795349,80.2451477051,27191,27201,10
13.0067195892,80.2462310791,27201,27211,10
13.0067396164,80.2470703125,27211,27221,10
13.0063199997,80.2473983765,27221,27231,10
13.0060396194,80.2473983765,27231,27241,10
13.005900383,80.2473983765,27241,27251,10
13.0053300858,80.2473831177,27251,27262,11
13.0044298172,80.2474517822,27262,27272,10
13.0034303665,80.2475967407,27272,27282,10
13.0022802353,80.2478027344,27282,27292,10
13.0010595322,80.2481231689,27292,27302,10
12.9997797012,80.2484436035,27302,27312,10
12.9984502792,80.2487792969,27312,27322,10
12.9976100922,80.2490005493,27322,27332,10
12.997420311,80.2490310669,27332,27342,10
12.9968395233,80.2491073608,27342,27352,10
12.9960298538,80.2493362427,27352,27363,11
12.9949703217,80.2496185303,27363,27373,10
12.9939699173,80.2498931885,27373,27383,10
12.9926204681,80.2502212524,27383,27393,10
12.9913597107,80.250579834,27393,27403,10
12.9909801483,80.2506790161,27403,27412,9
12.9907598495,80.2507171631,27412,27424,12
12.9899702072,80.2508773804,27424,27434,10
12.9890804291,80.2510986328,27434,27444,10
12.9884595871,80.2513122559,27444,27454,10
12.9881801605,80.2514190674,27454,27486,32
12.9881801605,80.2514190674,27486,27496,10
12.9879798889,80.2514266968,27496,27506,10
12.9875402451,80.2515182495,27506,27516,10
12.9868297577,80.251739502,27516,27526,10
12.9860496521,80.2518920898,27526,27536,10
12.9850702286,80.2521286011,27536,27546,10
12.9840297699,80.2524108887,27546,27556,10
12.9826602936,80.2526473999,27556,27567,11
12.9812297821,80.2527008057,27567,27577,10
12.9804801941,80.252746582,27577,27586,9
12.9799804688,80.2527770996,27586,27597,11
12.9792404175,80.2526702881,27597,27607,10
12.978509903,80.2525634766,27607,27617,10
12.9784202576,80.2525024414,27617,27627,10
12.9780397415,80.2521820068,27627,27637,10
12.9773902893,80.2516403198,27637,27647,10
12.9764299393,80.2512207031,27647,27657,10
12.975279808,80.2509002686,27657,27668,11
12.9739198685,80.2505111694,27668,27678,10
12.9725999832,80.2501602173,27678,27688,10
12.9712400436,80.2498168945,27688,27698,10
12.9698801041,80.2493362427,27698,27708,10
12.9685297012,80.2488021851,27708,27718,10
12.9671697617,80.2482528687,27718,27728,10
12.965880394,80.2476425171,27728,27738,10
12.9652900696,80.2474594116,27738,27748,10
12.9651899338,80.2474365234,27748,27758,10
12.9648199081,80.2472610474,27758,27769,11
12.9640798569,80.2469787598,27769,27779,10
12.9633703232,80.2466430664,27779,27789,10
12.9626502991,80.2462768555,27789,27799,10
12.9618196487,80.2459030151,27799,27809,10
12.9608697891,80.2454605103,27809,27819,10
12.9598999023,80.2450332642,27819,27829,10
12.9591999054,80.2446975708,27829,27839,10
12.9583997726,80.2443389893,27839,27849,10
12.9575996399,80.2440185547,27849,27859,10
12.9565200806,80.2436218262,27859,27890,31
12.9565200806,80.2436218262,27890,27900,10
12.9560403824,80.2434005737,27900,27910,10
12.955329895,80.2430801392,27910,27920,10
12.9546499252,80.2427902222,27920,27930,10
12.9535398483,80.2423400879,27930,27940,10
12.952580452,80.2419891357,27940,27950,10
12.951880455,80.2417602539,27950,27960,10
12.9518499374,80.2417373657,27960,27970,10
12.9515399933,80.2416229248,27970,27981,11
12.9509000778,80.2413864136,27981,27991,10
12.9500598907,80.2411193848,27991,28001,10
12.9492301941,80.2408828735,28001,28011,10
12.94851017,80.2405776978,28011,28021,10
12.9476299286,80.2402267456,28021,28031,10
12.9473199844,80.2401275635,28031,28041,10
12.9472999573,80.2401199341,28041,28051,10
12.9468898773,80.2399215698,28051,28061,10
12.9462003708,80.239616394,28061,28071,10
12.9453697205,80.2391662598,28071,28082,11
12.9444999695,80.2383270264,28082,28092,10
12.9436702728,80.2374191284,28092,28102,10
12.9427404404,80.236656189,28102,28112,10
12.9417104721,80.2363128662,28112,28122,10
12.9407997131,80.2360916138,28122,28132,10
12.9399404526,80.2358627319,28132,28141,9
12.9397096634,80.2357788086,28141,28152,11
12.9394798279,80.2356719971,28152,28162,10
12.9388799667,80.2353591919,28162,28172,10
12.938079834,80.2349472046,28172,28183,11
12.937040329,80.2344436646,28183,28193,10
12.935959816,80.2339172363,28193,28203,10
12.934969902,80.2334594727,28203,28213,10
12.9339895248,80.2330627441,28213,28223,10
12.9338903427,80.2330093384,28223,28233,10
12.9337301254,80.2329101563,28233,28243,10
12.9331998825,80.2326583862,28243,28253,10
12.9324102402,80.2323608398,28253,28263,10
12.9314403534,80.2320480347,28263,28273,10
12.9303102493,80.2316970825,28273,28290,17
12.9284496307,80.2313232422,28290,28302,12
12.9269599915,80.2311325073,28302,28312,10
12.9259500504,80.2310409546,28312,28322,10
12.925860405,80.2310333252,28322,28332,10
12.9257698059,80.231010437,28332,28342,10
12.925330162,80.2309265137,28342,28352,10
12.9246196747,80.2308578491,28352,28362,10
12.9236001968,80.2307128906,28362,28372,10
12.9225196838,80.2305374146,28372,28383,11
12.9211301804,80.2303314209,28383,28393,10
12.919719696,80.2301483154,28393,28404,11
12.9181003571,80.2299575806,28404,28414,10
12.9169397354,80.2298431396,28414,28424,10
12.915719986,80.229637146,28424,28434,10
12.9144201279,80.2294921875,28434,28444,10
12.9134597778,80.2293624878,28444,28454,10
12.9134197235,80.229347229,28454,28464,10
12.9132204056,80.2293014526,28464,28474,10
12.9125795364,80.2292022705,28474,28485,11
12.9115800858,80.229057312,28485,28495,10
12.9104604721,80.2288818359,28495,28505,10
12.9092197418,80.2286682129,28505,28515,10
12.9079399109,80.2284622192,28515,28525,10
12.9070501328,80.2283325195,28525,28535,10
12.9069299698,80.2283172607,28535,28545,10
12.9066896439,80.2282791138,28545,28565,20
12.9066896439,80.2282791138,28565,28575,10
12.9063596725,80.2282485962,28575,28586,11
12.9055995941,80.2282104492,28586,28596,10
12.9046297073,80.2281723022,28596,28606,10
12.9034795761,80.2281265259,28606,28616,10
12.9022703171,80.2280807495,28616,28626,10
12.901720047,80.2280807495,28626,28666,40
12.901720047,80.2280807495,28666,28676,10
12.901599884,80.2280426025,28676,28687,11
12.9011497498,80.2280273438,28687,28697,10
12.9009399414,80.228012085,28697,28707,10
12.9003601074,80.2279434204,28707,28717,10
12.8997001648,80.2279205322,28717,28727,10
12.8992795944,80.2279205322,28727,28737,10
12.8991804123,80.2279129028,28737,28747,10
12.8986597061,80.2278671265,28747,28757,10
12.8978595734,80.2278213501,28757,28767,10
12.8968896866,80.2277679443,28767,28777,10
12.8957395554,80.227722168,28777,28787,10
12.8944997787,80.2276611328,28787,28798,11
12.8932104111,80.2275466919,28798,28808,10
12.8926496506,80.2274780273,28808,28818,10
12.8921699524,80.2274398804,28818,28828,10
12.8913898468,80.2274169922,28828,28838,10
12.8903903961,80.2274169922,28838,28848,10
12.8892803192,80.2274398804,28848,28858,10
12.8883304596,80.2274017334,28858,28868,10
12.8872404099,80.2272720337,28868,28878,10
12.8860197067,80.2269897461,28878,28888,10
12.8851604462,80.2267990112,28888,28899,11
12.8843202591,80.2267608643,28899,28909,10
12.8833398819,80.2267913818,28909,28919,10
12.8825798035,80.2267837524,28919,28929,10
12.8818101883,80.2267608643,28929,28939,10
12.880689621,80.2267837524,28939,28949,10
12.8794803619,80.2267913818,28949,28959,10
12.8781604767,80.2268600464,28959,28969,10
12.8769197464,80.2269821167,28969,28979,10
12.876250267,80.2270431519,28979,28989,10
12.8760700226,80.2270507813,28989,29000,11
12.8755197525,80.2270202637,29000,29010,10
12.8746900558,80.2269210815,29010,29020,10
12.8736400604,80.2267990112,29020,29030,10
12.8725004196,80.2267227173,29030,29040,10
12.8713197708,80.2266769409,29040,29050,10
12.8702001572,80.2266082764,29050,29060,10
12.8689498901,80.2264633179,29060,29070,10
12.8676099777,80.2264480591,29070,29080,10
12.8662395477,80.2265777588,29080,29089,9
12.864979744,80.2266235352,29089,29101,12
12.8632698059,80.2265625,29101,29111,10
12.8618202209,80.2266311646,29111,29121,10
12.8610801697,80.2266693115,29121,29131,10
12.8608999252,80.2266311646,29131,29141,10
12.8603096008,80.2265701294,29141,29151,10
12.8595504761,80.2265014648,29151,29161,10
12.8593397141,80.2264709473,29161,29171,10
12.8590898514,80.2264175415,29171,29181,10
12.8586797714,80.2263336182,29181,29191,10
12.8579998016,80.2262878418,29191,29201,10
12.8570995331,80.226348877,29201,29212,11
12.855919838,80.2264709473,29212,29222,10
12.8547000885,80.2265777588,29222,29232,10
12.8533697128,80.2267074585,29232,29242,10
12.8519601822,80.2266769409,29242,29252,10
12.8505001068,80.2266235352,29252,29262,10
12.8489904404,80.2266082764,29262,29272,10
12.8474798203,80.2266311646,29272,29282,10
12.8463897705,80.2266464233,29282,29292,10
12.8460903168,80.2266464233,29292,29302,10
12.8456497192,80.2266387939,29302,29313,11
12.8453598022,80.2266616821,29313,29323,10
12.8451404572,80.2266693115,29323,29333,10
12.8444795609,80.2267303467,29333,29343,10
12.8436002731,80.2268295288,29343,29353,10
12.8425502777,80.2270278931,29353,29363,10
12.8413496017,80.2273101807,29363,29373,10
12.840259552,80.2276611328,29373,29383,10
12.8397798538,80.2277679443,29383,29403,20
12.8397798538,80.2277679443,29403,29414,11
12.8397302628,80.2277679443,29414,29424,10
12.8396596909,80.2277832031,29424,29434,10
12.8392496109,80.2278900146,29434,29444,10
12.8384799957,80.2280883789,29444,29454,10
12.8374996185,80.2283096313,29454,29464,10
12.8363704681,80.2285003662,29464,29474,10
12.8351097107,80.2286911011,29474,29484,10
12.8337802887,80.2289199829,29484,29494,10
12.8327598572,80.2291107178,29494,29504,10
12.8326797485,80.229133606,29504,29515,11
12.8326196671,80.2291183472,29515,29525,10
12.8321399689,80.2291870117,29525,29535,10
12.831489563,80.2293624878,29535,29545,10
12.8308095932,80.2295837402,29545,29555,10
12.8303899765,80.2297286987,29555,29565,10
12.8296604156,80.2300033569,29565,29575,10
12.8287496567,80.2303771973,29575,29585,10
12.8276996613,80.2309570313,29585,29595,10
12.8265104294,80.2313766479,29595,29605,10
12.8251399994,80.2314605713,29605,29616,11
12.8235998154,80.2311325073,29616,29626,10
12.8221902847,80.230682373,29626,29636,10
12.8207302094,80.230506897,29636,29646,10
12.8193998337,80.2305603027,29646,29656,10
12.8188400269,80.2305221558,29656,29666,10
12.8186597824,80.2304382324,29666,29676,10
12.8180503845,80.2301177979,29676,29686,10
12.8171396255,80.2297210693,29686,29696,10
12.815990448,80.2294616699,29696,29706,10
12.8146896362,80.2292709351,29706,29717,11
12.8132095337,80.2288970947,29717,29727,10
12.8118495941,80.2284088135,29727,29737,10
12.8104600906,80.2278823853,29737,29747,10
12.8091201782,80.2272186279,29747,29757,10
12.8079500198,80.2262573242,29757,29767,10
12.8068304062,80.2253036499,29767,29777,10
12.8058700562,80.2244262695,29777,29787,10
12.8050804138,80.224029541,29787,29797,10
12.8048601151,80.2239990234,29797,29807,10
12.8045396805,80.2239532471,29807,29817,10
12.8038196564,80.2238998413,29817,29828,11
12.8027696609,80.2237930298,29828,29838,10
12.8016004562,80.2236480713,29838,29848,10
12.8007001877,80.2236099243,29848,29858,10
12.800620079,80.2236099243,29858,29868,10
12.8002004623,80.2235488892,29868,29878,10
12.7994098663,80.2235031128,29878,29888,10
12.7983703613,80.2233505249,29888,29898,10
12.7971200943,80.2231903076,29898,29908,10
12.7960195541,80.2229995728,29908,29918,10
12.7957601547,80.2229614258,29918,29929,11
12.7956800461,80.2229309082,29929,29939,10
12.7951602936,80.2228393555,29939,29949,10
12.7942695618,80.2226715088,29949,29959,10
12.7931995392,80.2225189209,29959,29969,10
12.7919797897,80.2222976685,29969,29979,10
12.7907304764,80.2219924927,29979,29989,10
12.7896203995,80.2216796875,29989,29999,10
12.7888498306,80.2213897705,29999,30009,10
12.7879800797,80.2210464478,30009,30019,10
12.7874202728,80.2208328247,30019,30030,11
12.7868995667,80.2206268311,30030,30050,20
12.7868995667,80.2206268311,30050,30060,10
12.786860466,80.2205886841,30060,30070,10
12.786450386,80.220451355,30070,30080,10
12.7861604691,80.2205810547,30080,30090,10
12.786190033,80.2212524414,30090,30100,10
12.7862796783,80.2217330933,30100,30110,10
12.7862195969,80.2218475342,30110,31334,1224
12.7862195969,80.2218475342,31334,31344,10
12.7861995697,80.2216796875,31344,31354,10
12.7861795425,80.2214279175,31354,31365,11
12.7861995697,80.2212600708,31365,31375,10
12.786190033,80.2207717896,31375,31385,10
12.786239624,80.2203674316,31385,31395,10
12.7865400314,80.2204437256,31395,31415,20
12.7865400314,80.2204437256,31415,31425,10
12.7866296768,80.220489502,31425,31435,10
12.7868404388,80.2205810547,31435,31445,10
12.7871398926,80.220703125,31445,31455,10
12.7876501083,80.2208786011,31455,31466,11
12.7883501053,80.2211608887,31466,31476,10
12.7890195847,80.2213973999,31476,31486,10
12.7895698547,80.2215881348,31486,31496,10
12.7900600433,80.2217407227,31496,31506,10
12.7907896042,80.2219390869,31506,31516,10
12.7915697098,80.2221221924,31516,31526,10
12.7924203873,80.2223510742,31526,31536,10
12.7933301926,80.2225036621,31536,31546,10
12.794260025,80.2226333618,31546,31556,10
12.7951698303,80.2227783203,31556,31566,10
12.7960596085,80.2229232788,31566,31577,11
12.7963895798,80.2229614258,31577,31587,10
12.796620369,80.2229995728,31587,31597,10
12.7970104218,80.2230911255,31597,31607,10
12.797539711,80.2231903076,31607,31617,10
12.7980003357,80.2232589722,31617,31627,10
12.7983798981,80.2233200073,31627,31637,10
12.7988195419,80.2233581543,31637,31647,10
12.7992601395,80.2233963013,31647,31657,10
12.7997598648,80.2234191895,31657,31667,10
12.8001804352,80.2234573364,31667,31678,11
12.800740242,80.2235107422,31678,31688,10
12.8015499115,80.2235794067,31688,31708,20
12.8015499115,80.2235794067,31708,31718,10
12.8016004562,80.2235565186,31718,31728,10
12.8019504547,80.2236175537,31728,31738,10
12.8024997711,80.2237014771,31738,31748,10
12.8031902313,80.2238006592,31748,31758,10
12.8039197922,80.2238616943,31758,31768,10
12.8046998978,80.2239303589,31768,31779,11
12.8055400848,80.2241287231,31779,31799,20
12.8055400848,80.2241287231,31799,31809,10
12.8057003021,80.2242202759,31809,31819,10
12.8060398102,80.2245025635,31819,31829,10
12.8064899445,80.224899292,31829,31839,10
12.8070402145,80.2253799438,31839,31849,10
12.8075799942,80.2258529663,31849,31859,10
12.808139801,80.2263183594,31859,31869,10
12.808719635,80.2268066406,31869,31880,11
12.8094701767,80.2273635864,31880,31890,10
12.810259819,80.2277069092,31890,31900,10
12.811050415,80.2280426025,31900,31910,10
12.8118600845,80.2283401489,31910,31920,10
12.812669754,80.2286376953,31920,31930,10
12.8134899139,80.2289199829,31930,31940,10
12.8143796921,80.2291564941,31940,31950,10
12.8153295517,80.229309082,31950,31960,10
12.8163499832,80.2294616699,31960,31970,10
12.817440033,80.2297515869,31970,31981,11
12.8186597824,80.2303085327,31981,31991,10
12.819729805,80.2304382324,31991,32001,10
12.8198795319,80.230430603,32001,32011,10
12.8201303482,80.2304229736,32011,32021,10
12.8208599091,80.2304077148,32021,32031,10
12.8218097687,80.2304763794,32031,32041,10
12.8228998184,80.230796814,32041,32051,10
12.824139595,80.2311172485,32051,32061,10
12.8254499435,80.231338501,32061,32071,10
12.8268499374,80.2312469482,32071,32081,10
12.8281497955,80.230682373,32081,32092,11
12.8295698166,80.2299575806,32092,32102,10
12.8311004639,80.2293395996,32102,32122,20
12.8311004639,80.2293395996,32122,32132,10
12.8314599991,80.2292098999,32132,32152,20
12.8314599991,80.2292098999,32152,32162,10
12.831870079,80.2291107178,32162,32172,10
12.8325500488,80.2289810181,32172,32182,10
12.8334903717,80.2288208008,32182,32193,11
12.834690094,80.2286071777,32193,32203,10
12.8359203339,80.2284317017,32203,32213,10
12.8372297287,80.2282333374,32213,32223,10
12.8385896683,80.2279434204,32223,32233,10
12.8393497467,80.2276611328,32233,32243,10
12.8396701813,80.2275390625,32243,32253,10
12.8402004242,80.2274780273,32253,32263,10
12.8410100937,80.2272872925,32263,32273,10
12.8420095444,80.2270278931,32273,32283,10
12.8431301117,80.2267913818,32283,32293,10
12.8444099426,80.2266082764,32293,32304,11
12.8452796936,80.2265167236,32304,32314,10
12.8453102112,80.2265167236,32314,32324,10
12.8456001282,80.2265396118,32324,32333,9
12.8457698822,80.2265396118,32333,32344,11
12.8464403152,80.2265396118,32344,32354,10
12.8473100662,80.2265396118,32354,32364,10
12.8483400345,80.2265396118,32364,32374,10
12.8495197296,80.2265396118,32374,32384,10
12.8507699966,80.2265625,32384,32395,11
12.8522500992,80.2266235352,32395,32405,10
12.8536596298,80.2266235352,32405,32415,10
12.8550901413,80.2264633179,32415,32425,10
12.8565397263,80.2263031006,32425,32435,10
12.8578901291,80.2261581421,32435,32445,10
12.8591804504,80.2262496948,32445,32455,10
12.8604297638,80.2264404297,32455,32465,10
12.8608999252,80.2264709473,32465,32475,10
12.8612203598,80.2265090942,32475,32485,10
12.8619604111,80.2265014648,32485,32495,10
12.8628902435,80.2264480591,32495,32506,11
12.8641004562,80.2264785767,32506,32516,10
12.8653802872,80.2265396118,32516,32526,10
12.8667697906,80.2264709473,32526,32536,10
12.8682203293,80.2263336182,32536,32546,10
12.869720459,80.2264633179,32546,32556,10
12.8712301254,80.2265930176,32556,32566,10
12.8725500107,80.226600647,32566,32576,10
12.8729000092,80.2265930176,32576,32586,10
12.8731002808,80.226600647,32586,32596,10
12.8737096786,80.2266387939,32596,32607,11
12.874710083,80.2267303467,32607,32627,20
12.874710083,80.2267303467,32627,32637,10
12.8748502731,80.2267608643,32637,32647,10
12.8749399185,80.2267684937,32647,32657,10
12.8751001358,80.2267913818,32657,32667,10
12.8752603531,80.2268066406,32667,32768,101
12.8752603531,80.2268066406,32768,32778,10
12.875579834,80.2268295288,32778,32788,10
12.8757095337,80.2268371582,32788,32798,10
12.8759403229,80.226852417,32798,32808,10
12.8760995865,80.2268600464,32808,32819,11
12.8763504028,80.226852417,32819,32829,10
12.8767595291,80.2268600464,32829,32839,10
12.8775396347,80.2267990112,32839,32849,10
12.8784999847,80.2267303467,32849,32859,10
12.8796596527,80.2266921997,32859,32869,10
12.8809404373,80.2266769409,32869,32879,10
12.8823003769,80.2266693115,32879,32889,10
12.8836803436,80.2266387939,32889,32899,10
12.8843603134,80.2265930176,32899,32909,10
12.884519577,80.2265930176,32909,32920,11
12.88463974,80.2265777588,32920,32930,10
12.8848304749,80.2265777588,32930,32940,10
12.8849802017,80.2266387939,32940,32950,10
12.8851099014,80.2266235352,32950,32960,10
12.8852596283,80.2266387939,32960,32970,10
12.8858604431,80.2267837524,32970,32980,10
12.8867301941,80.2269973755,32980,32990,10
12.8878002167,80.2272033691,32990,33000,10
12.8890304565,80.2272796631,33000,33010,10
12.890370369,80.2272796631,33010,33021,11
12.8918895721,80.2272796631,33021,33031,10
12.8926200867,80.2273101807,33031,33041,10
12.8932695389,80.227432251,33041,33051,10
12.8941602707,80.2275314331,33051,33061,10
12.8952198029,80.2275695801,33061,33071,10
12.8961496353,80.2276229858,33071,33081,10
12.8971395493,80.2276611328,33081,33091,10
12.8982801437,80.2277069092,33091,33101,10
12.8995199203,80.2277908325,33101,33111,10
12.9001703262,80.2277984619,33111,33212,101
12.9001703262,80.2277984619,33212,33222,10
12.9002304077,80.2277679443,33222,33233,11
12.9004297256,80.2277984619,33233,33243,10
12.9008998871,80.2278518677,33243,33253,10
12.9011898041,80.227897644,33253,33263,10
12.901599884,80.2279281616,33263,33273,10
12.9022903442,80.2279586792,33273,33283,10
12.9028596878,80.2279815674,33283,33293,10
12.9029598236,80.2279510498,33293,33303,10
12.9033603668,80.2279586792,33303,33313,10
12.9041004181,80.2280426025,33313,33323,10
12.9045495987,80.2280502319,33323,33334,11
12.9050102234,80.2280883789,33334,33344,10
12.9052600861,80.2281112671,33344,33354,10
12.9056596756,80.2281112671,33354,33364,10
12.9059400558,80.2281265259,33364,33380,16
12.9066400528,80.2282104492,33380,33392,12
12.9075202942,80.2283401489,33392,33402,10
12.9085102081,80.2285003662,33402,33412,10
12.9097204208,80.2286911011,33412,33422,10
12.9110403061,80.2288970947,33422,33432,10
12.9124403,80.2291030884,33432,33443,11
12.9137496948,80.2292480469,33443,33451,8
12.9139995575,80.2292785645,33451,33463,12
12.9142904282,80.2293167114,33463,33473,10
12.9148902893,80.2294006348,33473,33483,10
12.9159097672,80.2295684814,33483,33493,10
12.9169998169,80.2297210693,33493,33502,9
12.917599678,80.2298202515,33502,33512,10
12.9184398651,80.229927063,33512,33523,11
12.9195804596,80.2300796509,33523,33533,10
12.9208097458,80.2302398682,33533,33544,11
12.922249794,80.2304382324,33544,33554,10
12.923620224,80.2306365967,33554,33564,10
12.9250297546,80.2308197021,33564,33574,10
12.9263000488,80.2309570313,33574,33584,10
12.9267196655,80.23097229,33584,33594,10
12.9271001816,80.2310180664,33594,33604,10
12.9278202057,80.2311172485,33604,33614,10
12.9288301468,80.231262207,33614,33630,16
12.929889679,80.2314834595,33630,33642,12
12.930970192,80.2317733765,33642,33653,11
12.9321098328,80.2321395874,33653,33662,9
12.9329795837,80.232460022,33662,33674,12
12.9341201782,80.232963562,33674,33683,9
12.9351100922,80.2334213257,33683,33694,11
12.9364004135,80.2340316772,33694,33704,10
12.9376401901,80.2346191406,33704,33714,10
12.9387102127,80.2351531982,33714,33724,10
12.9395103455,80.2355270386,33724,33734,10
12.9397802353,80.2356262207,33734,33745,11
12.939909935,80.2356872559,33745,33755,10
12.940580368,80.2359237671,33755,33765,10
12.9415302277,80.2361602783,33765,33775,10
12.9426898956,80.2365036011,33775,33785,10
12.9437303543,80.2373275757,33785,33795,10
12.9446697235,80.2384719849,33795,33805,10
12.9458198547,80.2394104004,33805,33815,10
12.9467601776,80.2397613525,33815,33825,10
12.9472303391,80.2399368286,33825,33916,91
12.9472303391,80.2399368286,33916,33926,10
12.947640419,80.2401199341,33926,33936,10
12.9482498169,80.2403793335,33936,33946,10
12.9487400055,80.2405395508,33946,33957,11
12.9492397308,80.2407684326,33957,33967,10
12.9499101639,80.2409973145,33967,33977,10
12.9505596161,80.2411804199,33977,33987,10
12.9508800507,80.2413024902,33987,33997,10
12.9511404037,80.2413787842,33997,34007,10
12.9512300491,80.2414093018,34007,34017,10
12.9514598846,80.2414703369,34017,34027,10
12.9519100189,80.2416534424,34027,34037,10
12.952580452,80.2418899536,34037,34047,10
12.9534196854,80.2422103882,34047,34058,11
12.9540300369,80.2424621582,34058,34068,10
12.9546604156,80.2427368164,34068,34078,10
12.9554395676,80.243057251,34078,34088,10
12.956319809,80.243347168,34088,34108,20
12.956319809,80.243347168,34108,34118,10
12.9566698074,80.2434997559,34118,34128,10
12.9573497772,80.2438201904,34128,34138,10
12.9581604004,80.2441482544,34138,34148,10
12.9587802887,80.244392395,34148,34159,11
12.9589004517,80.2444763184,34159,34168,9
12.9592103958,80.2446517944,34168,34179,11
12.9598302841,80.2449188232,34179,34189,10
12.9605903625,80.2452468872,34189,34199,10
12.9614295959,80.2456283569,34199,34209,10
12.9623003006,80.2460174561,34209,34219,10
12.9626998901,80.2461471558,34219,34229,10
12.9632501602,80.2465286255,34229,34300,71
12.9632501602,80.2465286255,34300,34310,10
12.9634895325,80.2466201782,34310,34320,10
12.9635801315,80.2466583252,34320,34330,10
12.9639101028,80.2468490601,34330,34340,10
12.9645395279,80.2471008301,34340,34350,10
12.9654502869,80.2473983765,34350,34360,10
12.9665403366,80.2477874756,34360,34391,31
12.9665403366,80.2477874756,34391,34401,10
12.9668197632,80.2479171753,34401,34411,10
12.9672899246,80.2481765747,34411,34421,10
12.9680995941,80.2485122681,34421,34431,10
12.9690504074,80.2489013672,34431,34441,10
12.9701404572,80.2493209839,34441,34451,10
12.9713602066,80.2497634888,34451,34461,10
12.9726600647,80.2500762939,34461,34472,11
12.9739303589,80.2503890991,34472,34482,10
12.9750900269,80.2507171631,34482,34492,10
12.9763002396,80.2510604858,34492,34502,10
12.9774398804,80.2514877319,34502,34512,10
12.9783697128,80.2521972656,34512,34528,16
12.9787797928,80.2524108887,34528,34540,12
12.9792804718,80.2525482178,34540,34550,10
12.9798402786,80.2526168823,34550,34560,10
12.9802999496,80.2526168823,34560,34570,10
12.9810600281,80.2526016235,34570,34581,11
12.9821300507,80.2526016235,34581,34873,292
12.9821300507,80.2526016235,34873,34884,11
12.9825801849,80.252571106,34884,34894,10
12.9828596115,80.2525634766,34894,34904,10
12.9831104279,80.2525405884,34904,34914,10
12.9831495285,80.2525405884,34914,34924,10
12.9835596085,80.2524719238,34924,34934,10
12.9843301773,80.252281189,34934,34944,10
12.9854898453,80.2519302368,34944,35197,253
12.9854898453,80.2519302368,35197,35207,10
12.9856500626,80.2519073486,35207,35217,10
12.9860801697,80.2517776489,35217,35227,10
12.9865903854,80.251663208,35227,35237,10
12.9870500565,80.2515182495,35237,35247,10
12.9876203537,80.2513504028,35247,35257,10
12.988360405,80.2511901855,35257,35267,10
12.9892597198,80.2509307861,35267,35277,10
12.989689827,80.2508392334,35277,35287,10
12.9898195267,80.2508010864,35287,35298,11
12.9904003143,80.2506713867,35298,35308,10
12.991230011,80.2504730225,35308,35318,10
12.9922199249,80.25025177,35318,35328,10
12.9933700562,80.249961853,35328,35338,10
12.9946298599,80.2496414185,35338,35348,10
12.9959697723,80.2492980957,35348,35358,10
12.9966697693,80.2490921021,35358,35368,10
12.9968795776,80.2490615845,35368,35378,10
12.9974899292,80.2489089966,35378,35388,10
12.9983901978,80.2486801147,35388,35399,11
12.9996004105,80.2483673096,35399,35409,10
13.0008201599,80.248046875,35409,35419,10
13.0020399094,80.2477416992,35419,35429,10
13.002989769,80.2475585938,35429,35439,10
13.0040998459,80.2473678589,35439,35449,10
13.0053100586,80.2472000122,35449,35459,10
13.0063400269,80.2467727661,35459,35479,20
13.0063400269,80.2467727661,35479,35489,10
13.0065097809,80.2464828491,35489,35499,10
13.0065898895,80.2459869385,35499,35510,11
13.0066204071,80.2456970215,35510,35520,10
13.0066204071,80.2454376221,35520,35530,10
13.0066099167,80.2452774048,35530,35540,10
13.0066204071,80.245010376,35540,35550,10
13.0066204071,80.2448577881,35550,35560,10
13.0066003799,80.2446289063,35560,35570,10
13.0066204071,80.2443466187,35570,35580,10
13.0066404343,80.2441864014,35580,35590,10
13.0066404343,80.2437973022,35590,35600,10
13.0066204071,80.2433700562,35600,35611,11
13.0066003799,80.2430877686,35611,35621,10
13.0066299438,80.2428283691,35621,35631,10
13.0066404343,80.2420272827,35631,35661,30
13.0066404343,80.2420272827,35661,35671,10
13.0066404343,80.241859436,35671,35681,10
13.0066404343,80.2414627075,35681,35691,10
13.0066995621,80.2408828735,35691,35701,10
13.006819725,80.2402267456,35701,35712,11
13.006939888,80.239616394,35712,35722,10
13.007060051,80.2390213013,35722,35732,10
13.0071401596,80.2385177612,35732,35742,10
13.0072202682,80.2379608154,35742,35752,10
13.007349968,80.2372589111,35752,35762,10
13.0073795319,80.2369613647,35762,35772,10
13.007399559,80.2368774414,35772,35782,10
13.0075302124,80.2364578247,35782,35792,10
13.0076599121,80.2359008789,35792,35802,10
13.0078296661,80.2350769043,35802,35813,11
13.0080604553,80.2340087891,35813,35823,10
13.0082702637,80.2328720093,35823,35833,10
13.008480072,80.2317581177,35833,35843,10
13.0087003708,80.2306365967,35843,35853,10
13.0089197159,80.2295227051,35853,35863,10
13.0091199875,80.2285614014,35863,35873,10
13.0094203949,80.2275924683,35873,35883,10
13.0099096298,80.2264862061,35883,35893,10
13.0104598999,80.2253189087,35893,35903,10
13.0108995438,80.2242965698,35903,35913,10
13.0111198425,80.223739624,35913,35924,11
13.0114002228,80.2231292725,35924,35934,10
13.0116596222,80.2225494385,35934,35944,10
13.0119400024,80.2217102051,35944,35954,10
13.0123796463,80.2215499878,35954,35964,10
13.0126800537,80.2220306396,35964,35974,10
13.013299942,80.2227172852,35974,35984,10
13.0138101578,80.2232208252,35984,35994,10
13.0142402649,80.2236480713,35994,36004,10
13.0147104263,80.2240905762,36004,36014,10
13.0151996613,80.2246932983,36014,36035,21
13.0151996613,80.2246932983,36035,36045,10
13.0154495239,80.2249298096,36045,36055,10
13.0158100128,80.2252578735,36055,36065,10
13.0165300369,80.2253036499,36065,36075,10
13.0169296265,80.225151062,36075,36085,10
13.0172700882,80.2249984741,36085,36095,10
13.0179195404,80.2247695923,36095,36105,10
13.0186195374,80.2244491577,36105,36115,10
13.0189695358,80.2242965698,36115,36126,11
13.0191402435,80.2242736816,36126,36136,10
13.0193395615,80.2242736816,36136,36186,50
13.0193395615,80.2242736816,36186,36196,10
13.0196399689,80.2244262695,36196,36206,10
13.019780159,80.2245330811,36206,36216,10
13.0200195313,80.2247161865,36216,36227,11
13.0202102661,80.224861145,36227,36237,10
13.020409584,80.2250137329,36237,36247,10
13.0206804276,80.2251815796,36247,36257,10
13.0209999084,80.2254333496,36257,36267,10
13.0212402344,80.2256393433,36267,36277,10
13.0213899612,80.2257766724,36277,36287,10
13.0215797424,80.2258987427,36287,36297,10
13.0218601227,80.2260894775,36297,36327,30
13.0218601227,80.2260894775,36327,36338,11
13.0221004486,80.2263183594,36338,36348,10
13.0221099854,80.2263183594,36348,36358,10
13.0222396851,80.2264404297,36358,36368,10
13.0225200653,80.2266921997,36368,36378,10
13.0227403641,80.226852417,36378,36388,10
13.0228900909,80.2270126343,36388,36398,10
13.0229902267,80.2271118164,36398,36408,10
13.023150444,80.2272796631,36408,36418,10
13.0232601166,80.2273864746,36418,36428,10
13.0235004425,80.2276000977,36428,36439,11
13.0240097046,80.2280578613,36439,36449,10
13.0243301392,80.2283935547,36449,36459,10
13.0243501663,80.2284088135,36459,36469,10
13.0243597031,80.2285690308,36469,36479,10
13.0240402222,80.2283630371,36479,36489,10
13.0234298706,80.2276306152,36489,36509,20
13.0234298706,80.2276306152,36509,36519,10
13.0233402252,80.2275314331,36519,36529,10
13.0230998993,80.2273330688,36529,37670,1141
13.0230998993,80.2273330688,37670,37681,11
13.0229301453,80.2271118164,37681,37691,10
13.022600174,80.2268218994,37691,37701,10
13.0222396851,80.2265014648,37701,37711,10
13.0219802856,80.2262802124,37711,37721,10
13.0215797424,80.2259902954,37721,37731,10
13.0214099884,80.2258605957,37731,37741,10
13.0210599899,80.2255935669,37741,37751,10
13.0207996368,80.2253799438,37751,37761,10
13.020359993,80.2250976563,37761,37771,10
13.0198297501,80.2247619629,37771,37782,11
13.0190200806,80.2244796753,37782,37794,12
13.0179595947,80.2248535156,37794,37804,10
13.0170402527,80.2252426147,37804,37814,10
13.016289711,80.2255325317,37814,37823,9
13.0156402588,80.2257385254,37823,37834,11
13.0147800446,80.2260971069,37834,37844,10
13.0143404007,80.2262802124,37844,37853,9
13.0141601563,80.2263412476,37853,37864,11
13.0135803223,80.2265396118,37864,37873,9
13.0129899979,80.2267532349,37873,37884,11
13.0121603012,80.2270965576,37884,37895,11
13.0112695694,80.2274780273,37895,37905,10
13.0104799271,80.2278366089,37905,37915,10
13.0097703934,80.2281265259,37915,37925,10
13.0092201233,80.2285995483,37925,37935,10
13.0090398788,80.2294006348,37935,37945,10
13.0088596344,80.23021698,37945,37955,10
13.0087099075,80.2310333252,37955,37965,10
13.0086097717,80.2314987183,37965,37975,10
13.0085697174,80.2317123413,37975,37985,10
13.0085401535,80.2319107056,37985,37996,11
13.0085000992,80.2321166992,37996,38006,10
13.0084495544,80.2323684692,38006,38016,10
13.0084104538,80.2325973511,38016,38026,10
13.0083703995,80.232749939,38026,38046,20
13.0083703995,80.232749939,38046,38056,10
13.0083198547,80.2331237793,38056,38066,10
13.0082998276,80.2333602905,38066,38076,10
13.0082397461,80.2336425781,38076,38086,10
13.0081596375,80.2338409424,38086,38097,11
13.0081195831,80.2340393066,38097,38107,10
13.0080699921,80.2342605591,38107,38117,10
13.008020401,80.2344207764,38117,38127,10
13.0079298019,80.2350006104,38127,38147,20
13.0079298019,80.2350006104,38147,38157,10
13.0078601837,80.2353210449,38157,38167,10
13.0078201294,80.235496521,38167,38177,10
13.0077896118,80.2356491089,38177,38187,10
13.0077600479,80.2358016968,38187,38197,10
13.0076599121,80.2362670898,38197,38238,41
13.0076599121,80.2362670898,38238,38248,10
13.0075998306,80.2363815308,38248,38258,10
13.007519722,80.2368011475,38258,38268,10
13.0074596405,80.2371673584,38268,38278,10
13.0074195862,80.2373199463,38278,38288,10
13.007349968,80.2375335693,38288,38298,10
13.0072603226,80.2380065918,38298,38309,11
13.0071496964,80.2385864258,38309,38319,10
13.007109642,80.2388076782,38319,38329,10
13.0070695877,80.2389984131,38329,38339,10
13.0070400238,80.2391433716,38339,38349,10
13.0070199966,80.2392120361,38349,38359,10
13.0069799423,80.2394714355,38359,38369,10
13.0068798065,80.2399520874,38369,38379,10
13.0068101883,80.2403030396,38379,38389,10
13.0067996979,80.2404022217,38389,38399,10
13.0067501068,80.2406616211,38399,38416,17
13.006649971,80.2414169312,38416,38428,12
13.0066404343,80.2417373657,38428,38438,10
13.0066404343,80.2418518066,38438,38448,10
13.006649971,80.2420578003,38448,38458,10
13.006649971,80.2420806885,38458,38468,10
13.006649971,80.2421875,38468,38478,10
13.0066604614,80.2424163818,38478,38488,10
13.006649971,80.2425308228,38488,38498,10
13.0066604614,80.2428894043,38498,38508,10
13.0066795349,80.2432403564,38508,38519,11
13.0066900253,80.2435379028,38519,38529,10
13.0066900253,80.2440185547,38529,38549,20
13.0066900253,80.2440185547,38549,38559,10
13.0066795349,80.2444992065,38559,38569,10
13.0066699982,80.2449569702,38569,38579,10
13.0066995621,80.2454910278,38579,38589,10
13.0067300797,80.2460632324,38589,38599,10
13.0067501068,80.246307373,38599,38630,31
13.0067501068,80.246307373,38630,38640,10
13.0067396164,80.2467422485,38640,38650,10
13.0066604614,80.2473220825,38650,38660,10
13.0062503815,80.2473983765,38660,38670,10
13.006070137,80.2473831177,38670,38680,10
13.0058097839,80.2473220825,38680,38690,10
13.0053195953,80.2473526001,38690,38700,10
13.0045003891,80.2474212646,38700,38710,10
13.0034799576,80.2475585938,38710,38721,11
13.0023002625,80.2477798462,38721,38731,10
13.0012197495,80.2480392456,38731,38741,10
13.0001401901,80.248298645,38741,38751,10
12.9990196228,80.2485961914,38751,38761,10
12.9980401993,80.248878479,38761,38771,10
12.997879982,80.2489395142,38771,38781,10
12.9976301193,80.2489776611,38781,38791,10
12.9969396591,80.249130249,38791,38801,10
12.9960403442,80.2493591309,38801,38811,10
12.9949798584,80.2496414185,38811,38821,10
12.9938201904,80.2499465942,38821,38832,11
12.9924898148,80.2502670288,38832,38842,10
12.9911003113,80.2506484985,38842,38872,30
12.9911003113,80.2506484985,38872,38882,10
12.9909696579,80.2506637573,38882,38892,10
12.9908800125,80.2506790161,38892,39195,303
12.9908800125,80.2506790161,39195,39205,10
12.9906997681,80.2507400513,39205,39215,10
12.9905195236,80.2507629395,39215,39225,10
12.9901103973,80.2508392334,39225,39236,11
12.9896497726,80.2509307861,39236,39246,10
12.989279747,80.2509994507,39246,39256,10
12.9890403748,80.2510986328,39256,39266,10
12.9887695313,80.2511901855,39266,39276,10
12.9882698059,80.2513504028,39276,39649,373
12.9882698059,80.2513504028,39649,39660,11
12.988120079,80.2513809204,39660,39670,10
12.9878101349,80.2514419556,39670,39680,10
12.9872303009,80.2515792847,39680,39690,10
12.9867401123,80.2517318726,39690,39700,10
12.9861698151,80.2518615723,39700,39710,10
12.9853496552,80.2520523071,39710,39720,10
12.9842996597,80.2523422241,39720,39730,10
12.9830799103,80.2526016235,39730,39740,10
12.981760025,80.2526779175,39740,39750,10
12.9806098938,80.2526931763,39750,39761,11
12.9800796509,80.2527389526,39761,39771,10
12.9796895981,80.2527236938,39771,39781,10
12.9790201187,80.2526779175,39781,39791,10
12.9785499573,80.2525787354,39791,39801,10
12.9785003662,80.2525482178,39801,39811,10
12.978099823,80.252243042,39811,39827,16
12.9768695831,80.251373291,39827,39839,12
12.975520134,80.2509536743,39839,39849,10
12.9743204117,80.250617981,39849,39859,10
12.9731798172,80.2502975464,39859,39870,11
12.971830368,80.2499313354,39870,39879,9
12.9711704254,80.2498016357,39879,39891,12
12.9708099365,80.249710083,39891,39901,10
12.9701700211,80.249458313,39901,39910,9
12.9694900513,80.2491836548,39910,39920,10
12.9685001373,80.2488021851,39920,39931,11
12.9672603607,80.248298645,39931,39941,10
12.9663801193,80.2478790283,39941,39950,9
12.9657697678,80.2476272583,39950,39961,11
12.9650402069,80.2473831177,39961,39972,11
12.9650201797,80.2473678589,39972,39982,10
12.964630127,80.2472000122,39982,39992,10
12.9639501572,80.2469177246,39992,40002,10
12.9631996155,80.2465820313,40002,40012,10
12.9622001648,80.2461090088,40012,40022,10
12.9610700607,80.2455596924,40022,40032,10
12.959859848,80.2450180054,40032,40042,10
12.9593896866,80.2448501587,40042,40052,10
12.959280014,80.2447814941,40052,40062,10
12.9588003159,80.2445297241,40062,40073,11
12.9579601288,80.2441711426,40073,40083,10
12.9570398331,80.2438964844,40083,40093,10
12.9564695358,80.2437515259,40093,40103,10
12.9563598633,80.2437210083,40103,40113,10
12.9560003281,80.2435302734,40113,40123,10
12.9553403854,80.2431793213,40123,40133,10
12.9544801712,80.242767334,40133,40143,10
12.9534797668,80.2423400879,40143,40153,10
12.9523897171,80.2419281006,40153,40163,10
12.9516496658,80.2416915894,40163,40174,11
12.9514799118,80.2416305542,40174,40184,10
12.9508895874,80.2414169312,40184,40194,10
12.9500598907,80.2411499023,40194,40204,10
12.9496002197,80.241027832,40204,40214,10
12.9494695663,80.2409820557,40214,40264,50
12.9494695663,80.2409820557,40264,40275,11
12.9491701126,80.2408370972,40275,40285,10
12.9485502243,80.2406005859,40285,40295,10
12.9472703934,80.2400970459,40295,40315,20
12.9472703934,80.2400970459,40315,40325,10
12.9469604492,80.2399597168,40325,40335,10
12.9462995529,80.2397079468,40335,40345,10
12.9454402924,80.2392730713,40345,40355,10
12.9446802139,80.2386016846,40355,40365,10
12.9440002441,80.2378234863,40365,40375,10
12.9431800842,80.2369613647,40375,40386,11
12.9418697357,80.236328125,40386,40396,10
12.9405002594,80.236000061,40396,40406,10
12.9396896362,80.235748291,40406,40416,10
12.9395198822,80.2356796265,40416,40426,10
12.9388904572,80.2353591919,40426,40436,10
12.9379796982,80.2349014282,40436,40446,10
12.936920166,80.2343826294,40446,40456,10
12.9360599518,80.2339935303,40456,40466,10
12.9358196259,80.2338790894,40466,40476,10
12.9352197647,80.2335891724,40476,40487,11
12.9337396622,80.2329406738,40487,40517,30
12.9337396622,80.2329406738,40517,40527,10
12.9333896637,80.2326965332,40527,40537,10
12.9327201843,80.2324371338,40537,40547,10
12.9318599701,80.2321472168,40547,40557,10
12.9308395386,80.2318191528,40557,40567,10
12.9297599792,80.231552124,40567,40577,10
12.9291801453,80.2314376831,40577,40588,11
12.9289102554,80.2313766479,40588,40598,10
12.9283399582,80.2312698364,40598,40608,10
12.9274902344,80.2311630249,40608,40618,10
12.9264698029,80.231048584,40618,40628,10
12.9260597229,80.2310333252,40628,40637,9
12.925740242,80.2309799194,40637,40648,11
12.9250402451,80.2308807373,40648,40658,10
12.9241800308,80.2307662964,40658,40668,10
12.9231595993,80.2306365967,40668,40678,10
12.9219903946,80.2304611206,40678,40688,10
12.9206800461,80.2302932739,40688,40699,11
12.9191703796,80.2301101685,40699,40709,10
12.9177398682,80.229927063,40709,40719,10
12.9165296555,80.2297515869,40719,40729,10
12.9154996872,80.2295913696,40729,40739,10
12.9145298004,80.2294387817,40739,40749,10
12.9134597778,80.2293167114,40749,40759,10
12.9132499695,80.2293167114,40759,40769,10
12.9130897522,80.2292480469,40769,40779,10
12.9124298096,80.2291412354,40779,40789,10
12.9114599228,80.2290115356,40789,40800,11
12.910369873,80.2288589478,40800,40810,10
12.9094200134,80.2286987305,40810,40826,16
12.906999588,80.2283782959,40826,40940,114
12.906999588,80.2283782959,40940,40950,10
12.906920433,80.2283782959,40950,40960,10
12.9064998627,80.2283172607,40960,40970,10
12.9061002731,80.2283096313,40970,40980,10
12.9055500031,80.2282867432,40980,40990,10
12.9047203064,80.2282180786,40990,41000,10
12.9036998749,80.2281570435,41000,41011,11
12.9024496078,80.2280807495,41011,41021,10
12.9014701843,80.2280578613,41021,41031,10
12.9011802673,80.2279968262,41031,41071,40
12.9011802673,80.2279968262,41071,41081,10
12.900850296,80.2279281616,41081,41091,10
12.9002399445,80.2279205322,41091,41101,10
12.8993797302,80.2279205322,41101,41122,21
12.8993797302,80.2279205322,41122,41132,10
12.8989295959,80.2279205322,41132,41142,10
12.8982496262,80.2278518677,41142,41152,10
12.8973503113,80.2277984619,41152,41162,10
12.8963403702,80.2277526855,41162,41172,10
12.8953304291,80.2276992798,41172,41182,10
12.8942604065,80.2276611328,41182,41192,10
12.8931398392,80.2275238037,41192,41202,10
12.8925600052,80.2274475098,41202,41212,10
12.8921003342,80.2273788452,41212,41223,11
12.8912200928,80.2273788452,41223,41233,10
12.8902301788,80.2273788452,41233,41243,10
12.8890695572,80.2274017334,41243,41259,16
12.8870601654,80.2272109985,41259,41271,12
12.8854799271,80.226852417,41271,41281,10
12.8848199844,80.2267913818,41281,41290,9
12.8847999573,80.2267913818,41290,41301,11
12.8842802048,80.2267608643,41301,41311,10
12.8835096359,80.2267608643,41311,41320,9
12.8826398849,80.2267608643,41320,41332,12
12.8813199997,80.2267532349,41332,41342,10
12.8802604675,80.2267608643,41342,41352,10
12.8790502548,80.2267837524,41352,41362,10
12.8778400421,80.2268600464,41362,41372,10
12.8763399124,80.2270126343,41372,41392,20
12.8763399124,80.2270126343,41392,41402,10
12.8760900497,80.2270202637,41402,41412,10
12.8754997253,80.2269821167,41412,41422,10
12.8746299744,80.226890564,41422,41433,11
12.8734397888,80.2267608643,41433,41442,9
12.8726997375,80.2267608643,41442,41453,11
12.8723096848,80.2267379761,41453,41463,10
12.8715801239,80.2266998291,41463,41473,10
12.8706502914,80.2266464233,41473,41483,10
12.8696699142,80.2265625,41483,41493,10
12.8683300018,80.2264328003,41493,41503,10
12.8670301437,80.2265167236,41503,41512,9
12.8658599854,80.2266311646,41512,41523,11
12.8645000458,80.2266235352,41523,41534,11
12.8630199432,80.2265472412,41534,41544,10
12.8616199493,80.2266387939,41544,41554,10
12.8609695435,80.2266311646,41554,41564,10
12.8607597351,80.2266235352,41564,41574,10
12.8601303101,80.2265167236,41574,41584,10
12.8592300415,80.2263870239,41584,41594,10
12.8581800461,80.2262573242,41594,41604,10
12.8569602966,80.2263183594,41604,41614,10
12.8556604385,80.2264633179,41614,41624,10
12.8542404175,80.226600647,41624,41635,11
12.8525695801,80.2266921997,41635,41645,10
12.8509702682,80.2266387939,41645,41655,10
12.8493995667,80.2266235352,41655,41665,10
12.847869873,80.226600647,41665,41675,10
12.8465099335,80.2266235352,41675,41685,10
12.8458499908,80.226600647,41685,41695,10
12.8454799652,80.2266235352,41695,41705,10
12.8453598022,80.2266464233,41705,41715,10
12.8452301025,80.2266464233,41715,41725,10
12.844619751,80.2266769409,41725,41736,11
12.8436698914,80.2267837524,41736,41746,10
12.842590332,80.2269821167,41746,41756,10
12.8414201736,80.2272033691,41756,41766,10
12.8402900696,80.2275314331,41766,41776,10
12.8397197723,80.2277069092,41776,41786,10
12.8395595551,80.2277603149,41786,41796,10
12.8389997482,80.2279129028,41796,41806,10
12.8381595612,80.2281188965,41806,41816,10
12.8371400833,80.2283096313,41816,41826,10
12.8359699249,80.2284927368,41826,41836,10
12.8346595764,80.2286682129,41836,41847,11
12.83314991,80.2289428711,41847,41857,10
12.8319597244,80.2291793823,41857,41867,10
12.8315496445,80.2288894653,41867,41887,20
12.8315496445,80.2288894653,41887,41897,10
12.8315496445,80.2288665771,41897,41907,10
12.8314800262,80.2284622192,41907,41917,10
12.8313398361,80.2277526855,41917,41927,10
12.8311595917,80.2268371582,41927,41937,10
12.8310499191,80.2257232666,41937,41948,11
12.8310403824,80.2247009277,41948,41958,10
12.8310499191,80.2242279053,41958,41968,10
12.8310604095,80.2234573364,41968,41978,10
12.8310804367,80.2224807739,41978,41988,10
12.8310804367,80.2220230103,41988,41998,10
12.8310804367,80.2213821411,41998,42008,10
12.8311004639,80.2204818726,42008,42018,10
12.8311004639,80.2197113037,42018,42028,10
12.8306598663,80.2194900513,42028,42038,10
12.8298397064,80.2195129395,42038,42049,11
12.8287296295,80.2195281982,42049,42059,10
12.8276596069,80.219543457,42059,42089,30
12.8276596069,80.219543457,42089,42099,10
12.8273200989,80.2195205688,42099,42109,10
12.8266496658,80.2194976807,42109,42119,10
12.8260402679,80.2194824219,42119,42129,10
12.8258495331,80.2192611694,42129,42139,10
12.8258695602,80.2192001343,42139,42149,10
12.8258800507,80.2186813354,42149,42160,11
12.8258800507,80.2177810669,42160,42170,10
12.8258800507,80.216796875,42170,42180,10
12.8257799149,80.2160491943,42180,42190,10
12.8251104355,80.2159805298,42190,42630,440
12.8251104355,80.2159805298,42630,42640,10
12.8248500824,80.2159881592,42640,42650,10
12.8242702484,80.216003418,42650,42660,10
12.8236303329,80.216003418,42660,42671,11
12.8228998184,80.2160110474,42671,42680,9
12.8226900101,80.2161712646,42680,42691,11
12.8226995468,80.2169799805,42691,42702,11
12.8226900101,80.2180862427,42702,42712,10
12.8226900101,80.219078064,42712,42722,10
12.8228397369,80.2194137573,42722,42732,10
12.8235397339,80.2194595337,42732,42741,9
12.8244104385,80.2194519043,42741,42754,13
12.8254699707,80.2194290161,42754,42764,10
12.8259000778,80.2194366455,42764,42774,10
12.8265304565,80.2194366455,42774,42784,10
12.8274002075,80.2194366455,42784,42805,21
12.8274002075,80.2194366455,42805,42815,10
12.8278398514,80.2194366455,42815,42825,10
12.8285598755,80.2194595337,42825,42835,10
12.8295297623,80.2195129395,42835,42845,10
12.8305597305,80.219543457,42845,42855,10
12.8310203552,80.2195968628,42855,42865,10
12.831199646,80.2201690674,42865,42875,10
12.8311901093,80.2210769653,42875,42885,10
12.8311796188,80.2220535278,42885,42895,10
12.8311700821,80.2224807739,42895,42905,10
12.8311595917,80.2232589722,42905,42916,11
12.8311395645,80.2243728638,42916,42926,10
12.8311300278,80.2247314453,42926,42936,10
12.8311300278,80.2255401611,42936,42945,9
12.8311500549,80.2262878418,42945,42956,11
12.831410408,80.2276229858,42956,42967,11
12.8316698074,80.2288131714,42967,42978,11
12.831870079,80.229133606,42978,42988,10
12.8323202133,80.2290267944,42988,42998,10
12.8331604004,80.2288818359,42998,43009,11
12.8343801498,80.2286682129,43009,43019,10
12.8356599808,80.2284698486,43019,43029,10
12.8370304108,80.2282562256,43029,43039,10
12.8383398056,80.2279968262,43039,43049,10
12.8391599655,80.2277297974,43049,43059,10
12.8397197723,80.2275390625,43059,43066,7
12.8401403427,80.2275009155,43066,43079,13
12.841170311,80.2272262573,43079,43089,10
12.8423299789,80.2269821167,43089,43099,10
12.8434696198,80.2267913818,43099,43110,11
12.8447399139,80.2266235352,43110,43120,10
12.8453798294,80.2265777588,43120,43130,10
12.8454399109,80.2265930176,43130,43140,10
12.8459701538,80.2265777588,43140,43150,10
12.8468503952,80.2265625,43150,43160,10
12.8479795456,80.2265625,43160,43170,10
12.8491096497,80.2265625,43170,43180,10
12.8505802155,80.2265319824,43180,43190,10
12.8519697189,80.2266082764,43190,43200,10
12.8534498215,80.2266311646,43200,43211,11
12.855099678,80.2264633179,43211,43221,10
12.8566198349,80.2263031006,43221,43231,10
12.8580503464,80.2261810303,43231,43241,10
12.8590402603,80.2262573242,43241,43251,10
12.8601999283,80.2264328003,43251,43261,10
12.8607397079,80.2264709473,43261,43271,10
12.8609600067,80.2264862061,43271,43281,10
12.8616504669,80.2265167236,43281,43291,10
12.8625802994,80.2264862061,43291,43301,10
12.8637304306,80.2265014648,43301,43312,11
12.8651895523,80.2265701294,43312,43322,10
12.8666000366,80.2265014648,43322,43332,10
12.8680400848,80.226348877,43332,43341,9
12.86921978,80.2264099121,43341,43352,11
12.8710403442,80.2265777588,43352,43362,10
12.8723697662,80.2266235352,43362,43371,9
12.8729200363,80.2266082764,43371,43382,11
12.873049736,80.2266082764,43382,43392,10
12.8736801147,80.2266464233,43392,43402,10
12.8746004105,80.2267684937,43402,43413,11
12.8758401871,80.2268981934,43413,43423,10
12.8766403198,80.2268676758,43423,43433,10
12.8773603439,80.2268218994,43433,43443,10
12.878370285,80.2267379761,43443,43453,10
12.8795700073,80.2266693115,43453,43463,10
12.8806400299,80.2266464233,43463,43473,10
12.8823299408,80.2266387939,43473,43483,10
12.883769989,80.2266235352,43483,43493,10
12.8850603104,80.2266235352,43493,43503,10
12.8852901459,80.2266387939,43503,43514,11
12.8859395981,80.2267990112,43514,43524,10
12.8868398666,80.2270278931,43524,43534,10
12.8879404068,80.2272109985,43534,43544,10
12.8892202377,80.2272720337,43544,43554,10
12.8906097412,80.2272567749,43554,43564,10
12.8920202255,80.2272720337,43564,43574,10
12.8926496506,80.2273330688,43574,43584,10
12.893289566,80.2274093628,43584,43594,10
12.894200325,80.2275390625,43594,43604,10
12.8953199387,80.2275924683,43604,43615,11
12.8965997696,80.2276535034,43615,43625,10
12.8980998993,80.2277297974,43625,43634,9
12.8993501663,80.2277984619,43634,43645,11
12.9008102417,80.2278366089,43645,43746,101
12.9008102417,80.2278366089,43746,43756,10
12.9009599686,80.227897644,43756,43766,10
12.9014501572,80.2279815674,43766,43776,10
12.9027795792,80.2279815674,43776,43806,30
12.9027795792,80.2279815674,43806,43816,10
12.9031801224,80.2279968262,43816,43827,11
12.9040699005,80.2280502319,43827,43837,10
12.9050397873,80.2281112671,43837,43847,10
12.9060096741,80.2281570435,43847,43857,10
12.9064998627,80.2281570435,43857,43897,40
12.9064998627,80.2281570435,43897,43907,10
12.9068202972,80.2282180786,43907,43917,10
12.9075202942,80.2283172607,43917,43928,11
12.9083204269,80.2284393311,43928,43938,10
12.9091796875,80.2285995483,43938,43948,10
12.9103002548,80.2287826538,43948,43958,10
12.9115800858,80.2289733887,43958,43968,10
12.9129600525,80.2291488647,43968,43978,10
12.9139795303,80.2292709351,43978,43988,10
12.9140396118,80.2292785645,43988,43998,10
12.9144601822,80.2293624878,43998,44008,10
12.915189743,80.2294692993,44008,44018,10
12.916179657,80.2296218872,44018,44029,11
12.9172496796,80.2297515869,44029,44039,10
12.9180202484,80.229850769,44039,44049,10
12.9190196991,80.2299804688,44049,44059,10
12.9202098846,80.230140686,44059,44069,10
12.9215202332,80.2303009033,44069,44079,10
12.9228801727,80.2304992676,44079,44089,10
12.924249649,80.230682373,44089,44099,10
12.9256601334,80.2308502197,44099,44109,10
12.9270095825,80.2310180664,44109,44119,10
12.928319931,80.2311782837,44119,44130,11
12.9296503067,80.2314529419,44130,44140,10
12.9308996201,80.2317810059,44140,44150,10
12.932220459,80.2322235107,44150,44160,10
12.9334096909,80.2326431274,44160,44170,10
12.9335899353,80.232711792,44170,44180,10
12.9339704514,80.2329025269,44180,44190,10
12.9346599579,80.2332229614,44190,44200,10
12.9355401993,80.2335891724,44200,44210,10
12.9358100891,80.2337265015,44210,44220,10
12.9360599518,80.2338562012,44220,44230,10
12.9366798401,80.234161377,44230,44241,11
12.937620163,80.2346115112,44241,44251,10
12.9386997223,80.2351303101,44251,44261,10
12.9397697449,80.2356567383,44261,44271,10
12.9399795532,80.2357635498,44271,44281,10
12.9402103424,80.2358779907,44281,44291,10
12.9408903122,80.2360610962,44291,44301,10
12.9418096542,80.2362594604,44301,44311,10
12.9428195953,80.2366027832,44311,44321,10
12.9436702728,80.2372665405,44321,44331,10
12.9443702698,80.2380828857,44331,44342,11
12.9453697205,80.2391433716,44342,44352,10
12.9463996887,80.2396469116,44352,44362,10
12.9472198486,80.2399520874,44362,44372,10
12.9473400116,80.2399902344,44372,44382,10
12.9478502274,80.2402114868,44382,44392,10
12.9486503601,80.2405395508,44392,44402,10
12.9496097565,80.2409210205,44402,44412,10
12.9506797791,80.2412414551,44412,44422,10
12.9510097504,80.2413406372,44422,44432,10
12.9513397217,80.2414779663,44432,44443,11
12.9521303177,80.2417602539,44443,44453,10
12.9530601501,80.2421188354,44453,44463,10
12.954079628,80.2425231934,44463,44473,10
12.9550504684,80.2428970337,44473,44483,10
12.9559497833,80.2431716919,44483,44493,10
12.956410408,80.2433166504,44493,44503,10
12.9565095901,80.2433319092,44503,44513,10
12.9570198059,80.2435913086,44513,44529,16
12.9583797455,80.2442169189,44529,44541,12
12.9588699341,80.2444610596,44541,44552,11
12.959280014,80.244682312,44552,44562,10
12.9597997665,80.2449188232,44562,44572,10
12.9605703354,80.245262146,44572,44582,10
12.961520195,80.2456970215,44582,44592,10
12.9625396729,80.2462005615,44592,44602,10
12.9630098343,80.2464294434,44602,44612,10
12.9635601044,80.2467269897,44612,44621,9
12.9641199112,80.246963501,44621,44632,11
12.9651498795,80.2473220825,44632,44641,9
12.965880394,80.2475814819,44641,44653,12
12.9666595459,80.2478637695,44653,44663,10
12.9666795731,80.2478713989,44663,44673,10
12.9667797089,80.2479095459,44673,44683,10
12.9670295715,80.2480621338,44683,44693,10
12.9675397873,80.2483291626,44693,44703,10
12.9683599472,80.2486419678,44703,44713,10
12.9693803787,80.2490386963,44713,44723,10
12.9705400467,80.2495117188,44723,44733,10
12.9718399048,80.2499237061,44733,44743,10
12.9731502533,80.2502593994,44743,44753,10
12.9743003845,80.2505722046,44753,44764,11
12.9756202698,80.2509384155,44764,44774,10
12.9768896103,80.2512969971,44774,44784,10
12.9778699875,80.2518463135,44784,44794,10
12.9784898758,80.2522888184,44794,44804,10
12.9785804749,80.2523574829,44804,44814,10
12.979590416,80.2526168823,44814,44844,30
12.979590416,80.2526168823,44844,44854,10
12.9799499512,80.2526702881,44854,44865,11
12.9808101654,80.2526626587,44865,44875,10
12.9818201065,80.2526321411,44875,44885,10
12.9828796387,80.2525787354,44885,44895,10
12.9833602905,80.252532959,44895,44905,10
12.9839401245,80.2523880005,44905,44915,10
12.9847898483,80.2521591187,44915,44925,10
12.9858398438,80.2518920898,44925,44945,20
12.9858398438,80.2518920898,44945,44955,10
12.9858703613,80.2518463135,44955,44966,11
12.9863595963,80.2517318726,44966,44976,10
12.986700058,80.251663208,44976,44986,10
12.9867401123,80.251663208,44986,44998,12
12.9868202209,80.2516479492,44998,45119,121
12.9868202209,80.2516479492,45119,45129,10
12.986869812,80.251663208,45129,45139,10
12.9871997833,80.2515411377,45139,45149,10
12.9875898361,80.251411438,45149,45159,10
12.988120079,80.2512969971,45159,45169,10
12.9889497757,80.251083374,45169,45180,11
12.9897203445,80.250869751,45180,45190,10
12.9901599884,80.2507705688,45190,45200,10
12.9909200668,80.2505722046,45200,45210,10
12.9918298721,80.250328064,45210,45220,10
12.9929199219,80.2500610352,45220,45230,10
12.9941196442,80.24974823,45230,45240,10
12.9953403473,80.2494506836,45240,45250,10
12.9964103699,80.2491989136,45250,45260,10
12.9979095459,80.248840332,45260,45270,10
12.999130249,80.2484893799,45270,45281,11
13.0006303787,80.2480926514,45281,45291,10
13.0019798279,80.247756958,45291,45301,10
13.0032596588,80.2474975586,45301,45311,10
13.0046396255,80.2473068237,45311,45321,10
13.0059900284,80.2470092773,45321,45331,10
13.0065698624,80.2462387085,45331,45341,10
13.0066204071,80.2453308105,45341,45351,10
13.0066299438,80.2443389893,45351,45361,10
13.0066003799,80.2436065674,45361,45371,10
13.0066099167,80.2429504395,45371,45382,11
13.0066099167,80.2419509888,45382,45392,10
13.0066099167,80.2409133911,45392,45422,30
13.0066099167,80.2409133911,45422,45432,10
13.0066900253,80.2404632568,45432,45442,10
13.0068798065,80.2397613525,45442,45452,10
13.0069904327,80.2388076782,45452,45462,10
13.0072402954,80.2377624512,45462,45472,10
13.0073795319,80.236907959,45472,45482,10
13.0074300766,80.2366485596,45482,45493,11
13.0075597763,80.2362136841,45493,45503,10
13.0077104568,80.2354812622,45503,45513,10
13.0078001022,80.2350234985,45513,45523,10
13.0079402924,80.2343215942,45523,45532,9
13.0081195831,80.2334365845,45532,45543,11
13.0083703995,80.2322006226,45543,45553,10
13.0086698532,80.2306671143,45553,45563,10
13.008939743,80.2292404175,45563,45573,10
13.0093297958,80.2278366089,45573,45583,10
13.0099000931,80.2265319824,45583,45594,11
13.0104904175,80.2252120972,45594,45604,10
13.0108299255,80.2245788574,45604,45614,10
13.0110797882,80.2238464355,45614,45624,10
13.0113296509,80.2231521606,45624,45634,10
13.0115995407,80.2225112915,45634,45644,10
13.0118398666,80.2219467163,45644,45654,10
13.0121297836,80.2216033936,45654,45664,10
13.0124197006,80.2217102051,45664,45674,10
13.012840271,80.2222290039,45674,45684,10
13.0133800507,80.2227783203,45684,45695,11
13.013879776,80.2232666016,45695,45705,10
13.0140895844,80.2234725952,45705,45715,10
13.014380455,80.223739624,45715,45725,10
13.0151996613,80.2247314453,45725,45745,20
13.0151996613,80.2247314453,45745,45755,10
13.0154695511,80.2250213623,45755,45765,10
13.0160198212,80.2253265381,45765,45775,10
13.0169200897,80.225151062,45775,45785,10
13.0179595947,80.2247390747,45785,45795,10
13.0189800262,80.2243423462,45795,45812,17
13.0193099976,80.2243270874,45812,45824,12
13.0195903778,80.2244720459,45824,45834,10
13.0199203491,80.2246704102,45834,45843,9
13.02023983,80.2249221802,45843,45854,11
13.0207595825,80.2252807617,45854,45864,10
13.0213804245,80.225769043,45864,45925,61
13.0213804245,80.225769043,45925,45935,10
13.0216798782,80.2259597778,45935,46783,848
13.0216598511,80.2258834839,46783,46803,20
13.0216598511,80.2258834839,46803,46813,10
13.0220403671,80.2262496948,46813,46823,10
13.0226297379,80.2267684937,46823,46834,11
13.0233297348,80.2273864746,46834,46844,10
13.0239400864,80.2279586792,46844,46854,10
13.0243797302,80.2284088135,46854,46894,40
13.0243797302,80.2284088135,46894,46904,10
13.0243997574,80.2286071777,46904,46914,10
13.0241603851,80.2284622192,46914,46924,10
13.0237503052,80.2279510498,46924,46934,10
13.0231103897,80.2273406982,46934,47227,293
13.0231103897,80.2273406982,47227,47237,10
13.0231399536,80.2272567749,47237,47248,11
13.0228595734,80.2270126343,47248,47258,10
13.022480011,80.2266464233,47258,47268,10
13.0219697952,80.2262573242,47268,47278,10
13.0218296051,80.2261505127,47278,47288,10
13.0215396881,80.2259063721,47288,47298,10
13.0211496353,80.2256317139,47298,47308,10
13.0206899643,80.2253112793,47308,47318,10
13.0201301575,80.2249526978,47318,47328,10
13.0195999146,80.2246170044,47328,47338,10
13.0188503265,80.2245407104,47338,47348,10
13.0181503296,80.2248001099,47348,47359,11
13.0173797607,80.225112915,47359,47369,10
13.0166797638,80.2254104614,47369,47379,10
13.0162000656,80.2255783081,47379,47389,10
13.0157299042,80.2257232666,47389,47399,10
13.0151901245,80.2259368896,47399,47408,9
13.014670372,80.2261428833,47408,47419,11
13.0142002106,80.2263870239,47419,47439,20
13.0142002106,80.2263870239,47439,47449,10
13.0138196945,80.2264709473,47449,47460,11
13.0133304596,80.2266464233,47460,47470,10
13.0127801895,80.2269210815,47470,47480,10
13.0121803284,80.227180481,47480,47490,10
13.0115203857,80.227432251,47490,47500,10
13.0108499527,80.2276916504,47500,47510,10
13.0101699829,80.2279510498,47510,47520,10
13.0095100403,80.2282333374,47520,47530,10
13.0091600418,80.2287368774,47530,47540,10
13.0090198517,80.2293319702,47540,47550,10
13.0088996887,80.2298583984,47550,47561,11
13.0087900162,80.2304000854,47561,47571,10
13.0087299347,80.230796814,47571,47581,10
13.0086603165,80.231086731,47581,47591,10
13.0085897446,80.2314376831,47591,47601,10
13.0084896088,80.2318572998,47601,47611,10
13.0083599091,80.2323608398,47611,47621,10
13.0082702637,80.2328186035,47621,47631,10
13.0082197189,80.2333984375,47631,47651,20
13.0082197189,80.2333984375,47651,47662,11
13.0081195831,80.2338180542,47662,47672,10
13.008020401,80.2343826294,47672,47682,10
13.0078802109,80.2349624634,47682,47692,10
13.0077600479,80.2355804443,47692,47702,10
13.007610321,80.2363510132,47702,47712,10
13.0074195862,80.2372436523,47712,47722,10
13.0071897507,80.2381896973,47722,47732,10
13.0070199966,80.2391891479,47732,47742,10
13.0068702698,80.2400436401,47742,47752,10
13.0067100525,80.2408981323,47752,47762,10
13.006649971,80.241859436,47762,47773,11
13.0066404343,80.2426986694,47773,47783,10
13.0066795349,80.2432785034,47783,47793,10
13.0066795349,80.2433319092,47793,47803,10
13.0066795349,80.2436218262,47803,47813,10
13.0066404343,80.2441177368,47813,47823,10
13.0066404343,80.2448425293,47823,47833,10
13.0066699982,80.2453918457,47833,47843,10
13.0066795349,80.2455596924,47843,47853,10
13.0066795349,80.2457733154,47853,47863,10
13.0066995621,80.2462005615,47863,47874,11
13.0067195892,80.2469329834,47874,47884,10
13.0061597824,80.247428894,47884,47914,30
13.0061597824,80.247428894,47914,47924,10
13.0059604645,80.2473602295,47924,47934,10
13.0054798126,80.2473068237,47934,47944,10
13.0047702789,80.2473373413,47944,47954,10
13.0038795471,80.247467041,47954,47964,10
13.0028800964,80.2476501465,47964,47975,11
13.0017299652,80.2479171753,47975,47985,10
13.0006599426,80.2482070923,47985,47995,10
12.9995603561,80.2484817505,47995,48005,10
12.9984102249,80.2487716675,48005,48015,10
12.9973602295,80.2490386963,48015,48025,10
12.9960298538,80.2493591309,48025,48035,10
12.9948196411,80.249671936,48035,48045,10
12.9936304092,80.2499771118,48045,48055,10
12.9925804138,80.2502593994,48055,48065,10
12.9922399521,80.2503509521,48065,48075,10
12.992190361,80.2503585815,48075,48086,11
12.9921398163,80.2503890991,48086,48096,10
12.9919204712,80.2504425049,48096,48106,10
12.9917201996,80.2504882813,48106,48116,10
12.9914999008,80.2505493164,48116,48376,260
12.9914999008,80.2505493164,48376,48386,10
12.9912204742,80.2506332397,48386,48397,11
12.9910202026,80.2506790161,48397,48407,10
12.9907302856,80.2507171631,48407,48417,10
12.9901599884,80.2508926392,48417,48427,10
12.9896402359,80.2510604858,48427,48437,10
12.9892501831,80.2511291504,48437,48447,10
12.9888601303,80.2512207031,48447,48457,10
12.988360405,80.2513580322,48457,48467,10
12.9877099991,80.2515182495,48467,48477,10
12.9869203568,80.2517318726,48477,48487,10
12.9861803055,80.2518997192,48487,48498,11
12.9850902557,80.2521514893,48498,48508,10
12.9839801788,80.2524490356,48508,48518,10
12.9828596115,80.2526626587,48518,48528,10
12.981710434,80.2527236938,48528,48538,10
12.9807596207,80.252746582,48538,48548,10
12.9804697037,80.2528305054,48548,48558,10
12.9800195694,80.2528381348,48558,48568,10
12.97935009,80.2527313232,48568,48578,10
12.9785604477,80.252571106,48578,48588,10
12.9784803391,80.252532959,48588,48598,10
12.9781198502,80.2522506714,48598,48609,11
12.9774303436,80.251663208,48609,48619,10
12.9764900208,80.2512512207,48619,48630,11
12.9752397537,80.2508926392,48630,48640,10
12.9740896225,80.250579834,48640,48650,10
12.9734802246,80.2503890991,48650,48659,9
12.9724903107,80.2501220703,48659,48670,11
12.9717102051,80.2499389648,48670,48680,10
12.9714002609,80.2498321533,48680,48690,10
12.9712696075,80.249786377,48690,48700,10
12.9710302353,80.2497177124,48700,48711,11
12.9706201553,80.2496185303,48711,48721,10
12.9699401855,80.249382019,48721,48731,10
12.9690198898,80.2490081787,48731,48741,10
12.9679603577,80.2485961914,48741,48751,10
12.9671001434,80.2482376099,48751,48761,10
12.966750145,80.248046875,48761,48771,10
12.9663000107,80.2478637695,48771,48781,10
12.9657497406,80.2476196289,48781,48791,10
12.9650497437,80.2473983765,48791,48801,10
12.9650201797,80.2473831177,48801,48812,11
12.9645996094,80.2471694946,48812,48822,10
12.964099884,80.2470092773,48822,48832,10
12.9639196396,80.2469482422,48832,48842,10
12.9636001587,80.2468414307,48842,48862,20
12.9636001587,80.2468414307,48862,48872,10
12.9631500244,80.2465820313,48872,48882,10
12.9623699188,80.2461471558,48882,48892,10
12.961400032,80.2456970215,48892,48902,10
12.9603395462,80.2452011108,48902,48912,10
12.9594202042,80.2448425293,48912,48929,17
12.9589500427,80.2445983887,48929,48941,12
12.9580802917,80.2442321777,48941,48951,10
12.9574098587,80.2440032959,48951,48961,10
12.9568195343,80.243812561,48961,48971,10
12.9566402435,80.2437515259,48971,49011,40
12.9566402435,80.2437515259,49011,49022,11
12.9565296173,80.2437133789,49022,49032,10
12.9563999176,80.2436676025,49032,49042,10
12.9558496475,80.2433929443,49042,49052,10
12.9550600052,80.2430114746,49052,49062,10
12.9540996552,80.2426071167,49062,49072,10
12.9530296326,80.242149353,49072,49082,10
12.9520998001,80.2418136597,49082,49092,10
12.9518404007,80.2417373657,49092,49102,10
12.9516801834,80.2416610718,49102,49112,10
12.9510402679,80.2414321899,49112,49123,11
12.9500799179,80.2411422729,49123,49133,10
12.9491796494,80.2408905029,49133,49143,10
12.948220253,80.2404708862,49143,49153,10
12.9472799301,80.2400970459,49153,49163,10
12.9471998215,80.2400665283,49163,49173,10
12.9471597672,80.2400588989,49173,49183,10
12.9467096329,80.2398605347,49183,49193,10
12.9459695816,80.2395477295,49193,49203,10
12.9451599121,80.2390594482,49203,49213,10
12.9443798065,80.2382507324,49213,49224,11
12.9434404373,80.2372283936,49224,49234,10
12.9423303604,80.2364730835,49234,49244,10
12.9409503937,80.2360992432,49244,49254,10
12.9398698807,80.2358322144,49254,49264,10
12.9397497177,80.2358016968,49264,49274,10
12.9395103455,80.2356719971,49274,49284,10
12.9389095306,80.2353820801,49284,49294,10
12.9380598068,80.2349624634,49294,49304,10
12.9370603561,80.2344818115,49304,49314,10
12.9359397888,80.2339324951,49314,49324,10
12.9347000122,80.2333602905,49324,49335,11
12.933930397,80.2330322266,49335,49345,10
12.9338703156,80.2329788208,49345,49355,10
12.9334001541,80.2327575684,49355,49365,10
12.9326200485,80.2324523926,49365,49375,10
12.9316501617,80.2321166992,49375,49385,10
12.9305095673,80.2317276001,49385,49395,10
12.9292201996,80.2314300537,49395,49404,9
12.9280004501,80.2312164307,49404,49415,11
12.9266004562,80.231048584,49415,49424,9
12.9260997772,80.2310180664,49424,49436,12
12.925860405,80.2309570313,49436,49446,10
12.9252996445,80.2308807373,49446,49456,10
12.924489975,80.2307815552,49456,49466,10
12.9235296249,80.2306594849,49466,49476,10
12.9223899841,80.2304992676,49476,49486,10
12.9210996628,80.2303085327,49486,49496,10
12.9197301865,80.230140686,49496,49506,10
12.9186296463,80.2299880981,49506,49516,10
12.9173603058,80.2298736572,49516,49537,21
12.9173603058,80.2298736572,49537,49547,10
12.9172401428,80.2298583984,49547,49557,10
12.9167404175,80.2297515869,49557,49567,10
12.9159202576,80.2296295166,49567,49577,10
12.9149198532,80.2294921875,49577,49587,10
12.913310051,80.229309082,49587,49607,20
12.913310051,80.229309082,49607,49617,10
12.9129400253,80.2292175293,49617,49633,16
12.911649704,80.2290115356,49633,49646,13
12.9102497101,80.2288131714,49646,49656,10
12.9090099335,80.2285995483,49656,49666,10
12.9077596664,80.2283935547,49666,49676,10
12.9071798325,80.228302002,49676,49686,10
12.9067201614,80.2282791138,49686,49696,10
12.9062995911,80.2283096313,49696,49706,10
12.9060096741,80.2282562256,49706,49716,10
12.9054298401,80.2282028198,49716,49726,10
12.9043998718,80.2281265259,49726,49736,10
12.9033899307,80.2281036377,49736,49748,12
12.901720047,80.2280273438,49748,49758,10
12.900759697,80.2279663086,49758,49767,9
12.8993396759,80.227897644,49767,49788,21
12.8993396759,80.227897644,49788,49798,10
12.899310112,80.227897644,49798,49808,10
12.8989200592,80.2278594971,49808,49818,10
12.8984298706,80.2278213501,49818,49828,10
12.8976697922,80.2277832031,49828,49838,10
12.8966999054,80.227722168,49838,49849,11
12.8954496384,80.2276611328,49849,49859,10
12.8942098618,80.2276000977,49859,49869,10
12.8929195404,80.2274703979,49869,49879,10
12.8919095993,80.2273864746,49879,49889,10
12.8907604218,80.2273864746,49889,49899,10
12.8894796371,80.2273864746,49899,49909,10
12.8881101608,80.2273406982,49909,49919,10
12.8867101669,80.2271194458,49919,49929,10
12.8848896027,80.2267532349,49929,49949,20
12.8848896027,80.2267532349,49949,49960,11
12.8844604492,80.2267608643,49960,49970,10
12.8837203979,80.2267532349,49970,49980,10
12.8827695847,80.2267608643,49980,49990,10
12.8816604614,80.2267608643,49990,50000,10
12.8804197311,80.2267608643,50000,50010,10
12.8790798187,80.2267837524,50010,50019,9
12.8777999878,80.2268829346,50019,50030,11
12.8766202927,80.2269897461,50030,50061,31
12.8766202927,80.2269897461,50061,50071,10
12.87637043,80.2270202637,50071,50081,10
12.8757400513,80.2269973755,50081,50091,10
12.8748502731,80.2269210815,50091,50101,10
12.873749733,80.2267913818,50101,50111,10
12.8725099564,80.2267379761,50111,50121,10
12.8720703125,80.2267608643,50121,50130,9
12.8717803955,80.2267303467,50130,50141,11
12.8710403442,80.2266769409,50141,50150,9
12.8702402115,80.2266235352,50150,50161,11
12.8690795898,80.2264785767,50161,50172,11
12.8677101135,80.2264480591,50172,50182,10
12.866399765,80.2265930176,50182,50192,10
12.8650503159,80.2266235352,50192,50202,10
12.8636598587,80.2265777588,50202,50212,10
12.8622303009,80.226600647,50212,50222,10
12.861120224,80.2266464233,50222,50232,10
12.8610200882,80.2266387939,50232,50242,10
12.8605604172,80.226600647,50242,50252,10
12.8597898483,80.2264862061,50252,50262,10
12.8587799072,80.2263336182,50262,50273,11
12.8574895859,80.226272583,50273,50283,10
12.8562202454,80.2263870239,50283,50293,10
12.8548603058,80.2265319824,50293,50303,10
12.8534202576,80.2266921997,50303,50313,10
12.8519296646,80.2266616821,50313,50323,10
12.8503799438,80.226600647,50323,50333,10
12.8488302231,80.226600647,50333,50343,10
12.847319603,80.2266082764,50343,50353,10
12.8460197449,80.2266387939,50353,50363,10
12.8452396393,80.2266464233,50363,50384,21
12.8452396393,80.2266464233,50384,50394,10
12.8451004028,80.2266464233,50394,50404,10
12.844499588,80.2266998291,50404,50414,10
12.8436203003,80.2267684937,50414,50424,10
12.8425703049,80.2269592285,50424,50434,10
12.8413095474,80.2271728516,50434,50444,10
12.8402004242,80.2275238037,50444,50454,10
12.8396997452,80.2276535034,50454,50464,10
12.839389801,80.2277603149,50464,50475,11
12.8386096954,80.2279815674,50475,50485,10
12.8376502991,80.2282028198,50485,50495,10
12.8364601135,80.2284011841,50495,50505,10
12.8351602554,80.2285995483,50505,50515,10
12.8337697983,80.2288513184,50515,50525,10
12.8326196671,80.2291030884,50525,50535,10
12.8325595856,80.2291107178,50535,50545,10
12.8325004578,80.2291183472,50545,50555,10
12.8322200775,80.2291488647,50555,50565,10
12.831609726,80.2293014526,50565,50576,11
12.8306398392,80.2296218872,50576,50586,10
12.8295001984,80.2300415039,50586,50596,10
12.8283004761,80.2306213379,50596,50606,10
12.8270301819,80.231262207,50606,50616,10
12.8255701065,80.2314224243,50616,50626,10
12.8240804672,80.231262207,50626,50636,10
12.8226003647,80.2308120728,50636,50646,10
12.821100235,80.2304916382,50646,50656,10
12.8196001053,80.2305297852,50656,50666,10
12.8182401657,80.23021698,50666,50676,10
12.8168497086,80.2296218872,50676,50686,10
12.8154201508,80.2294006348,50686,50697,11
12.8148698807,80.2293395996,50697,50707,10
12.8141803741,80.2292022705,50707,50717,10
12.8132295609,80.2288894653,50717,50727,10
12.81208992,80.228477478,50727,50737,10
12.8108100891,80.2279968262,50737,50747,10
12.8094902039,80.2274627686,50747,50757,10
12.8083200455,80.2265625,50757,50767,10
12.8072395325,80.2256622314,50767,50777,10
12.8064699173,80.2250366211,50777,50788,11
12.8059797287,80.2245864868,50788,50798,10
12.8053598404,80.2241287231,50798,50808,10
12.8051099777,80.2240600586,50808,50818,10
12.8047103882,80.2239685059,50818,50828,10
12.803899765,80.2238998413,50828,50838,10
12.8028497696,80.223777771,50838,50848,10
12.8020095825,80.2236709595,50848,50858,10
12.8013401031,80.2235870361,50858,50868,10
12.8005800247,80.2235336304,50868,50878,10
12.7995901108,80.2234573364,50878,50888,10
12.7983798981,80.2232971191,50888,50899,11
12.7969198227,80.2230987549,50899,50915,16
12.79570961,80.2229232788,50915,50927,12
12.7952804565,80.2228317261,50927,50937,10
12.794549942,80.2227096558,50937,50947,10
12.7936096191,80.2225570679,50947,50957,10
12.7925100327,80.2223968506,50957,50967,10
12.7913398743,80.2221221924,50967,50977,10
12.790140152,80.2218093872,50977,50987,10
12.789440155,80.2215805054,50987,50998,11
12.7889604568,80.2214202881,50998,51008,10
12.7883996964,80.2211837769,51008,51018,10
12.7877597809,80.220916748,51018,51028,10
12.78703022,80.2206420898,51028,51048,20
12.78703022,80.2206420898,51048,51058,10
12.7867898941,80.2205429077,51058,51068,10
12.7862596512,80.2203369141,51068,51078,10
12.7861795425,80.2206573486,51078,51088,10
12.786190033,80.2212219238,51088,51099,11
12.7862300873,80.2216567993,51099,51109,10
12.7862300873,80.2218780518,51109,51119,10
12.7862195969,80.2221603394,51119,51775,656
12.7862195969,80.2221603394,51775,51785,10
12.7862100601,80.2218093872,51785,51795,10
12.786239624,80.2217102051,51795,51805,10
12.7862100601,80.2213668823,51805,51815,10
12.7861995697,80.2209472656,51815,51826,11
12.786190033,80.2205581665,51826,51836,10
12.7864904404,80.2204437256,51836,51856,20
12.7864904404,80.2204437256,51856,51866,10
12.7870597839,80.2206573486,51866,51896,30
12.7870597839,80.2206573486,51896,51906,10
12.7873001099,80.2207565308,51906,51916,10
12.7878398895,80.2209396362,51916,51927,11
12.7886199951,80.2212371826,51927,51937,10
12.7893199921,80.2215194702,51937,51947,10
12.7899103165,80.2217102051,51947,51957,10
12.7907304764,80.2218933105,51957,51967,10
12.7917995453,80.2221603394,51967,51977,10
12.7930898666,80.2224121094,51977,51987,10
12.7944898605,80.2226104736,51987,51997,10
12.7958498001,80.2228164673,51997,52007,10
12.7964496613,80.2229385376,52007,52017,10
12.7964696884,80.2229919434,52017,52033,16
12.7975797653,80.2231674194,52033,52046,13
12.7975797653,80.2231674194,52046,52056,10
12.7983598709,80.2232818604,52056,52066,10
12.7992200851,80.2233505249,52066,52074,8
12.8000097275,80.2234191895,52074,52086,12
12.8013095856,80.2235565186,52086,52096,10
12.8015604019,80.2235870361,52096,52106,10
12.8020095825,80.2236404419,52106,52116,10
12.8027601242,80.223739624,52116,52126,10
12.8036899567,80.2238311768,52126,52136,10
12.8047399521,80.2239074707,52136,52147,11
12.805560112,80.2241287231,52147,52157,10
12.8056097031,80.2241668701,52157,52167,10
12.8059597015,80.2244415283,52167,52177,10
12.8065900803,80.2249832153,52177,52187,10
12.8073797226,80.2256698608,52187,52199,12
12.8084697723,80.226600647,52199,52208,9
12.8093795776,80.2272872925,52208,52220,12
12.8105802536,80.2278518677,52220,52230,10
12.8116998672,80.2282791138,52230,52240,10
12.8128995895,80.2287063599,52240,52251,11
12.8142900467,80.2291412354,52251,52262,11
12.8154401779,80.229309082,52262,52271,9
12.8164796829,80.2294692993,52271,52282,11
12.8176698685,80.229850769,52282,52292,10
12.8189496994,80.2304077148,52292,52302,10
12.8198099136,80.2304077148,52302,52312,10
12.8199996948,80.2304077148,52312,52322,10
12.8206501007,80.2304000854,52322,52332,10
12.8215799332,80.2304534912,52332,52342,10
12.8226995468,80.23072052,52342,52353,11
12.8240604401,80.2311172485,52353,52363,10
12.8253498077,80.231338501,52363,52373,10
12.8266801834,80.2312698364,52373,52383,10
12.8278999329,80.2307662964,52383,52393,10
12.8290596008,80.2301177979,52393,52403,10
12.8299398422,80.2297821045,52403,52413,10
12.8310604095,80.2293319702,52413,52433,20
12.8310604095,80.2293319702,52433,52443,10
12.8313598633,80.2292404175,52443,52454,11
12.8319797516,80.2290802002,52454,52464,10
12.8327798843,80.2289276123,52464,52474,10
12.8337602615,80.2287597656,52474,52484,10
12.8348503113,80.2285614014,52484,52494,10
12.8360204697,80.2284011841,52494,52504,10
12.8372602463,80.2282180786,52504,52514,10
12.8384799957,80.2279586792,52514,52524,10
12.8392496109,80.2277603149,52524,52534,10
12.8397598267,80.2276382446,52534,52544,10
12.8404998779,80.2274398804,52544,52555,11
12.8415002823,80.2271728516,52555,52565,10
12.8425197601,80.2269210815,52565,52575,10
12.8437204361,80.2267227173,52575,52585,10
12.8454303741,80.2265319824,52585,52605,20
12.8454303741,80.2265319824,52605,52615,10
12.8455696106,80.2265167236,52615,52625,10
12.846159935,80.2265167236,52625,52635,10
12.847029686,80.2265167236,52635,52645,10
12.8480501175,80.2265090942,52645,52655,10
12.8491897583,80.2265090942,52655,52666,11
12.8505401611,80.2265167236,52666,52676,10
12.8518199921,80.2265777588,52676,52686,10
12.8531703949,80.2266387939,52686,52696,10
12.8545503616,80.2265090942,52696,52706,10
12.8559398651,80.2263565063,52706,52716,10
12.857339859,80.2262191772,52716,52726,10
12.8586196899,80.2261962891,52726,52736,10
12.8598499298,80.2263793945,52736,52752,16
12.8607501984,80.2264709473,52752,52765,13
12.8611803055,80.2265167236,52765,52775,10
12.8619403839,80.2265014648,52775,52785,10
12.8628702164,80.2264480591,52785,52795,10
12.86398983,80.2264862061,52795,52805,10
12.8651599884,80.2265396118,52805,52815,10
12.8667097092,80.2264709473,52815,52825,10
12.8681898117,80.2263412476,52825,52834,9
12.8693799973,80.2264175415,52834,52845,11
12.8711996078,80.2265777588,52845,52855,10
12.872590065,80.2266082764,52855,52866,11
12.872879982,80.2266082764,52866,52876,10
12.8729400635,80.226600647,52876,52886,10
12.8734197617,80.2266235352,52886,52896,10
12.8742103577,80.2266998291,52896,52906,10
12.8751497269,80.2268295288,52906,52916,10
12.8762397766,80.226890564,52916,52926,10
12.8767499924,80.2268295288,52926,52936,10
12.8768796921,80.2268295288,52936,52946,10
12.8774595261,80.2267990112,52946,52956,10
12.8783197403,80.2267379761,52956,52966,10
12.8793802261,80.2266769409,52966,52977,11
12.8807401657,80.2266616821,52977,52987,10
12.8820800781,80.2266464233,52987,52997,10
12.8834896088,80.2266464233,52997,53007,10
12.8846998215,80.2266387939,53007,53017,10
12.8854503632,80.2266921997,53017,53027,10
12.8863697052,80.2269134521,53027,53037,10
12.8874397278,80.2271575928,53037,53047,10
12.8886499405,80.2272567749,53047,53057,10
12.8899898529,80.2272720337,53057,53074,17
12.8922700882,80.2272720337,53074,53086,12
12.8934602737,80.2274475098,53086,53096,10
12.8946199417,80.2275619507,53096,53106,10
12.8959302902,80.2276229858,53106,53116,10
12.8973302841,80.2276916504,53116,53126,10
12.8984899521,80.2277526855,53126,53134,8
12.8998804092,80.2278289795,53134,53146,12
12.9007501602,80.2278137207,53146,53197,51
12.9007501602,80.2278137207,53197,53207,10
12.9012002945,80.2279129028,53207,53217,10
12.9019498825,80.2279510498,53217,53227,10
12.9026603699,80.2279586792,53227,53237,10
12.902680397,80.2279586792,53237,53247,10
12.9029302597,80.2279891968,53247,53257,10
12.9035902023,80.2280197144,53257,53267,10
12.9045200348,80.2280807495,53267,53277,10
12.905579567,80.2281112671,53277,53288,11
12.9063396454,80.2281570435,53288,53298,10
12.9063997269,80.2281570435,53298,53308,10
12.9066200256,80.2281723022,53308,53318,10
12.9069004059,80.228187561,53318,53327,9
12.9072904587,80.2282409668,53327,53338,11
12.9081401825,80.2283782959,53338,53348,10
12.9091796875,80.2285308838,53348,53358,10
12.910320282,80.2287368774,53358,53368,10
12.9114303589,80.2289199829,53368,53378,10
12.9126796722,80.2291030884,53378,53389,11
12.913860321,80.2292327881,53389,53409,20
12.913860321,80.2292327881,53409,53419,10
12.9142103195,80.2292633057,53419,53429,10
12.9148902893,80.2293395996,53429,53439,10
12.915769577,80.2294692993,53439,53448,9
12.9167804718,80.229637146,53448,53458,10
12.9180297852,80.2298126221,53458,53468,10
12.9193201065,80.2299804688,53468,53479,11
12.9208698273,80.2301712036,53479,53490,11
12.9224500656,80.2304000854,53490,53500,10
12.9239196777,80.2306213379,53500,53510,10
12.9254102707,80.2308120728,53510,53520,10
12.9263000488,80.2308883667,53520,53530,10
12.926320076,80.2308883667,53530,53540,10
12.9266796112,80.2309417725,53540,53550,10
12.9273796082,80.231048584,53550,53560,10
12.9282999039,80.2311782837,53560,53570,10
12.9293899536,80.2313690186,53570,53580,10
12.9305896759,80.2316589355,53580,53590,10
12.9318599701,80.2320632935,53590,53601,11
12.933259964,80.2325515747,53601,53611,10
12.9337701797,80.2327575684,53611,53621,10
12.9339599609,80.2328567505,53621,53631,10
12.9345998764,80.2331619263,53631,53641,10
12.9354400635,80.2335510254,53641,53651,10
12.9363803864,80.2340087891,53651,53661,10
12.9375,80.2345275879,53661,53671,10
12.9387102127,80.2351074219,53671,53681,10
12.9397201538,80.2356109619,53681,53691,10
12.9399204254,80.2357177734,53691,53702,11
12.9403896332,80.2358779907,53702,53712,10
12.9411802292,80.236076355,53712,53722,10
12.942150116,80.236328125,53722,53732,10
12.943189621,80.2368469238,53732,53742,10
12.9440898895,80.23777771,53742,53752,10
12.9450397491,80.2388000488,53752,53761,9
12.9460897446,80.2395019531,53761,53771,10
12.9470100403,80.2398529053,53771,53782,11
12.9471998215,80.2399291992,53782,53792,10
12.9476604462,80.2401199341,53792,53803,11
12.9483699799,80.2403793335,53803,53813,10
12.9484901428,80.2404174805,53813,53823,10
12.9487400055,80.2405319214,53823,53833,10
12.9492397308,80.2407608032,53833,53843,10
12.9499502182,80.2409667969,53843,53853,10
12.9507598877,80.2412109375,53853,53863,10
12.9510202408,80.2412796021,53863,53873,10
12.9511604309,80.2414093018,53873,53883,10
12.9517097473,80.241569519,53883,53893,10
12.952460289,80.2418212891,53893,53903,10
12.9534397125,80.2422485352,53903,53914,11
12.9546203613,80.2426986694,53914,53924,10
12.9554796219,80.243057251,53924,53934,10
12.9562997818,80.2434234619,53934,53944,10
12.9566202164,80.2435531616,53944,53954,10
12.9573802948,80.2438583374,53954,53964,10
12.9588899612,80.2444000244,53964,53984,20
12.9588899612,80.2444000244,53984,53994,10
12.9591398239,80.2445373535,53994,54004,10
12.9597196579,80.2447967529,54004,54015,11
12.9606103897,80.2452163696,54015,54025,10
12.9616203308,80.2456893921,54025,54035,10
12.9626703262,80.2462005615,54035,54045,10
12.9630699158,80.2464065552,54045,54065,20
12.9630699158,80.2464065552,54065,54075,10
12.9633398056,80.2465515137,54075,54085,10
12.9637002945,80.2467422485,54085,54095,10
12.9643096924,80.2469711304,54095,54105,10
12.9651403427,80.247253418,54105,54116,11
12.9661397934,80.2475967407,54116,54126,10
12.9667797089,80.2478637695,54126,54136,10
12.9668903351,80.2479400635,54136,54146,10
12.9669904709,80.2480163574,54146,54156,10
12.9673995972,80.2482223511,54156,54166,10
12.9681997299,80.2485275269,54166,54176,10
12.9692201614,80.248916626,54176,54186,10
12.9703397751,80.2493515015,54186,54196,10
12.9715795517,80.2497787476,54196,54205,9
12.9726400375,80.2500686646,54205,54217,12
12.973690033,80.2503433228,54217,54226,9
12.9742202759,80.25050354,54226,54237,11
12.9751796722,80.2507781982,54237,54247,10
12.9762296677,80.251083374,54247,54257,10
12.9773797989,80.2515029907,54257,54267,10
12.9783401489,80.2522125244,54267,54277,10
12.9786596298,80.2523880005,54277,54287,10
12.9787998199,80.2524490356,54287,54297,10
12.9793596268,80.252571106,54297,54307,10
12.9798202515,80.2526092529,54307,54317,10
12.9801902771,80.2526168823,54317,54328,11
12.9809598923,80.2526016235,54328,54338,10
12.9816904068,80.2525634766,54338,54348,10
12.9822597504,80.2525405884,54348,54388,40
12.9822597504,80.2525405884,54388,54398,10
12.9825696945,80.2524185181,54398,54408,10
12.9828701019,80.2524108887,54408,54418,10
12.9830799103,80.2524337769,54418,54429,11
12.9831600189,80.2524414063,54429,54439,10
12.9832000732,80.252456665,54439,54449,10
12.9835596085,80.2523880005,54449,54459,10
12.9839696884,80.2522964478,54459,54499,40
12.9839696884,80.2522964478,54499,54509,10
12.9842596054,80.252243042,54509,54549,40
12.9842596054,80.252243042,54549,54560,11
12.9844999313,80.2521896362,54560,54570,10
12.9849796295,80.2520599365,54570,54580,10
12.9856996536,80.2518615723,54580,54721,141
12.9856996536,80.2518615723,54721,54731,10
12.9859399796,80.2518005371,54731,54742,11
12.9863300323,80.2516937256,54742,54752,10
12.9869403839,80.2515182495,54752,54762,10
12.9875602722,80.2513122559,54762,54873,111
12.9875602722,80.2513122559,54873,54883,10
12.9877004623,80.2512817383,54883,54893,10
12.9880399704,80.2512207031,54893,54903,10
12.9888095856,80.2509765625,54903,54913,10
12.9894199371,80.2508392334,54913,54923,10
12.9896001816,80.250831604,54923,54933,10
12.9901800156,80.2507476807,54933,54944,11
12.9911003113,80.2505493164,54944,54954,10
12.9920597076,80.2502670288,54954,54964,10
12.9932003021,80.2499694824,54964,54974,10
12.9944496155,80.2496414185,54974,54984,10
12.9957504272,80.2492599487,54984,54994,10
12.9966096878,80.2490386963,54994,55004,10
12.9967403412,80.2490463257,55004,55014,10
12.9970397949,80.2490310669,55014,55024,10
12.9976797104,80.248878479,55024,55034,10
12.9985599518,80.2486572266,55034,55044,10
12.9996099472,80.2483673096,55044,55055,11
13.0009002686,80.2480316162,55055,55065,10
13.0020999908,80.2477416992,55065,55075,10
13.0031604767,80.247543335,55075,55085,10
13.0043001175,80.2473297119,55085,55095,10
13.0054702759,80.2471008301,55095,55105,10
13.0062999725,80.246711731,55105,55115,10
13.0063800812,80.2465515137,55115,55125,10
13.0064897537,80.2463607788,55125,55135,10
13.0065698624,80.2457809448,55135,55145,10
13.0066099167,80.2450332642,55145,55156,11
13.0065803528,80.2445831299,55156,55166,10
13.0066299438,80.2441177368,55166,55176,10
13.0066003799,80.2434997559,55176,55186,10
13.0065402985,80.2428131104,55186,55196,10
13.006529808,80.2419815063,55196,55206,10
13.0065803528,80.2411193848,55206,55216,10
13.0066299438,80.2405319214,55216,55226,10
13.0067996979,80.2398300171,55226,55236,10
13.0069303513,80.2392425537,55236,55246,10
13.0070695877,80.2384490967,55246,55257,11
13.0073003769,80.2373962402,55257,55267,10
13.0073604584,80.2368774414,55267,55357,90
13.0073604584,80.2368774414,55357,55368,11
13.0074300766,80.2365722656,55368,55378,10
13.007610321,80.2360076904,55378,55388,10
13.0077295303,80.2353134155,55388,55398,10
13.0078201294,80.2349014282,55398,55408,10
13.0079202652,80.2343521118,55408,55418,10
13.0081596375,80.2331771851,55418,55428,10
13.0083799362,80.2321014404,55428,55438,10
13.008600235,80.2309188843,55438,55448,10
13.0088701248,80.2296524048,55448,55458,10
13.0091295242,80.2283401489,55458,55469,11
13.0096998215,80.2269592285,55469,55479,10
13.0102796555,80.225692749,55479,55489,10
13.0107498169,80.2246170044,55489,55499,10
13.0110797882,80.2239532471,55499,55509,10
13.0114002228,80.2231674194,55509,55519,10
13.0116195679,80.2226791382,55519,55529,10
13.0118503571,80.2221374512,55529,55538,9
13.0122299194,80.2215576172,55538,55548,10
13.0124597549,80.2216796875,55548,55559,11
13.0128898621,80.2222137451,55559,55570,11
13.0135402679,80.2229766846,55570,55580,10
13.0141201019,80.2236328125,55580,55590,10
13.0150403976,80.2245330811,55590,55600,10
13.0150403976,80.2245330811,55600,55610,10
13.0150699615,80.2245788574,55610,55620,10
13.015130043,80.2246704102,55620,55630,10
13.0155200958,80.2250595093,55630,55640,10
13.0162601471,80.2252883911,55640,55650,10
13.0170898438,80.2250366211,55650,55660,10
13.0180101395,80.2246932983,55660,55670,10
13.0188598633,80.2243728638,55670,55681,11
13.0195398331,80.2244033813,55681,55707,26
13.0195398331,80.2244033813,55707,55719,12
13.019610405,80.2245178223,55719,55729,10
13.0200395584,80.224822998,55729,55739,10
13.0206804276,80.2252578735,55739,55749,10
13.0212402344,80.2257080078,55749,55759,10
13.021780014,80.2261428833,55759,55769,10
13.0223903656,80.226600647,55769,55779,10
13.0230102539,80.2271575928,55779,55788,9
13.0235099792,80.2276000977,55788,55801,13
13.0239295959,80.2279968262,55801,55811,10
13.0241203308,80.2282028198,55811,55821,10
13.0243196487,80.2284088135,55821,55851,30
13.0243196487,80.2284088135,55851,55861,10
13.0244197845,80.2285079956,55861,55871,10
13.0241804123,80.2285308838,55871,55880,9
13.0239095688,80.2281723022,55880,55892,12
13.0230398178,80.2273178101,55892,56376,484
13.0230398178,80.2273178101,56376,56386,10
13.022939682,80.2272186279,56386,56396,10
13.0227098465,80.2269821167,56396,56407,11
13.0224599838,80.2267532349,56407,56417,10
13.022069931,80.2264022827,56417,56427,10
13.0215997696,80.226020813,56427,56437,10
13.0211696625,80.2256774902,56437,56447,10
13.0209302902,80.2254333496,56447,56457,10
13.0206003189,80.2252197266,56457,56467,10
13.0202903748,80.2250366211,56467,56477,10
13.0200796127,80.2249298096,56477,56487,10
13.0199203491,80.224822998,56487,56497,10
13.0199098587,80.2248077393,56497,56508,11
13.0197896957,80.2247390747,56508,56518,10
13.0193500519,80.2245178223,56518,56528,10
13.0185499191,80.2246170044,56528,56538,10
13.0176401138,80.2249832153,56538,56554,16
13.0162696838,80.2255172729,56554,56566,12
13.0154495239,80.2257766724,56566,56576,10
13.0147104263,80.2261123657,56576,56582,6
13.0143203735,80.226272583,56582,56596,14
13.0140600204,80.2264022827,56596,56606,10
13.0135803223,80.2265701294,56606,56617,11
13.0128202438,80.226852417,56617,56627,10
13.0120296478,80.2271728516,56627,56637,10
13.0111198425,80.2275390625,56637,56647,10
13.010140419,80.2279510498,56647,56657,10
13.0092201233,80.2284622192,56657,56667,10
13.008939743,80.2295532227,56667,56690,23
13.0083999634,80.2323226929,56690,56702,12
13.0082597733,80.233581543,56702,56712,10
13.0082397461,80.2336807251,56712,56723,11
13.008099556,80.2341766357,56723,56733,10
13.0079603195,80.2348480225,56733,56743,10
13.0077896118,80.2357025146,56743,56753,10
13.0076303482,80.2365036011,56753,56763,10
13.0074596405,80.2372970581,56763,56773,10
13.0073204041,80.2380523682,56773,56783,10
13.0071897507,80.2387466431,56783,56793,10
13.007060051,80.2393722534,56793,56803,10
13.0069303513,80.2400817871,56803,56824,21
13.0069303513,80.2400817871,56824,56834,10
13.0069198608,80.240447998,56834,56844,10
13.0068702698,80.2407608032,56844,56854,10
13.0068101883,80.2411193848,56854,56864,10
13.0067796707,80.2417221069,56864,56874,10
13.0067796707,80.2425765991,56874,56884,10
13.0067396164,80.2436828613,56884,56894,10
13.0067300797,80.2448196411,56894,56904,10
13.0067501068,80.2459564209,56904,56914,10
13.0067796707,80.2467803955,56914,56925,11
13.006770134,80.2472763062,56925,56935,10
13.0062799454,80.2473907471,56935,56945,10
13.0059995651,80.2473831177,56945,56955,10
13.0058097839,80.2473831177,56955,56965,10
13.0051898956,80.2473602295,56965,56975,10
13.0043001175,80.247428894,56975,56985,10
13.0032501221,80.2475891113,56985,56995,10
13.0022096634,80.2478103638,56995,57005,10
13.0011901855,80.248046875,57005,57015,10
13.0001096725,80.2483291626,57015,57026,11
12.9987697601,80.2486801147,57026,57036,10
12.9978103638,80.248916626,57036,57046,10
12.996720314,80.2491836548,57046,57056,10
12.9954795837,80.2495117188,57056,57066,10
12.9941902161,80.2498474121,57066,57076,10
12.992939949,80.2501296997,57076,57086,10
12.9916296005,80.2504806519,57086,57096,10
12.9911003113,80.2506637573,57096,57106,10
12.9907798767,80.2507476807,57106,57116,10
12.9900903702,80.2509002686,57116,57126,10
12.989159584,80.251121521,57126,57137,11
12.9884796143,80.2513198853,57137,57147,10
12.9883098602,80.2513885498,57147,57157,10
12.9881801605,80.2514190674,57157,57167,10
12.9880199432,80.2514419556,57167,57177,10
12.9876499176,80.2514877319,57177,57187,10
12.9870901108,80.2516403198,57187,57197,10
12.9865102768,80.2518005371,57197,57207,10
12.9858903885,80.2519378662,57207,57217,10
12.9849901199,80.252166748,57217,57227,10
12.9839200974,80.2524719238,57227,57238,11
12.9826698303,80.2526702881,57238,57248,10
12.9814996719,80.2526931763,57248,57258,10
12.9803695679,80.2527389526,57258,57268,10
12.9792995453,80.2527084351,57268,57278,10
12.9785900116,80.252571106,57278,57288,10
12.9782896042,80.2524414063,57288,57298,10
12.9778003693,80.2519989014,57298,57308,10
12.9770698547,80.2514419556,57308,57318,10
12.9760103226,80.2510986328,57318,57328,10
12.9749002457,80.2508010864,57328,57339,11
12.9737195969,80.2504806519,57339,57349,10
12.9728097916,80.2502212524,57349,57359,10
12.9718704224,80.2499771118,57359,57369,10
12.9708995819,80.249710083,57369,57379,10
12.9698200226,80.2493515015,57379,57389,10
12.9686803818,80.248878479,57389,57399,10
12.9674701691,80.2483901978,57399,57409,10
12.9664802551,80.2479171753,57409,57419,10
12.9656200409,80.2475814819,57419,57429,10
12.9652500153,80.247428894,57429,57440,11
12.9651098251,80.2473678589,57440,57450,10
12.9646100998,80.247177124,57450,57460,10
12.9638900757,80.2469329834,57460,57469,9
12.9634199142,80.2467269897,57469,57479,10
12.9626102448,80.2462997437,57479,57490,11
12.9616003036,80.2457962036,57490,57500,10
12.9603900909,80.2452392578,57500,57510,10
12.9596204758,80.2449417114,57510,57520,10
12.9595499039,80.2449035645,57520,57530,10
12.9590597153,80.2446594238,57530,57540,10
12.9582796097,80.2443237305,57540,57551,11
12.9574203491,80.2440414429,57551,57561,10
12.9568004608,80.2436828613,57561,57571,10
12.9566898346,80.2436523438,57571,57581,10
12.9565095901,80.243598938,57581,57609,28
12.9565095901,80.243598938,57609,57619,10
12.9561395645,80.2434005737,57619,57629,10
12.955450058,80.2431335449,57629,57639,10
12.9545402527,80.2427825928,57639,57649,10
12.9535398483,80.2423706055,57649,57660,11
12.9525499344,80.2419586182,57660,57670,10
12.9517202377,80.2417221069,57670,57680,10
12.9514503479,80.241607666,57680,57690,10
12.9507904053,80.2413787842,57690,57700,10
12.9498500824,80.2410888672,57700,57710,10
12.9488697052,80.240737915,57710,57719,9
12.9479198456,80.2403335571,57719,57729,10
12.94713974,80.2400131226,57729,57740,11
12.9462404251,80.2396392822,57740,57751,11
12.9451999664,80.2390975952,57751,57761,10
12.9443302155,80.2382125854,57761,57771,10
12.9434404373,80.2372436523,57771,57781,10
12.9423398972,80.2365036011,57781,57791,10
12.9409704208,80.2361602783,57791,57801,10
12.9398202896,80.2358322144,57801,57811,10
12.9396295547,80.235748291,57811,57820,9
12.9392995834,80.2356033325,57820,57831,11
12.9385404587,80.235206604,57831,57841,10
12.9376001358,80.2347412109,57841,57851,10
12.9364795685,80.2341995239,57851,57862,11
12.9351100922,80.2335586548,57862,57872,10
12.934009552,80.2331008911,57872,57882,10
12.9339504242,80.2330474854,57882,57892,10
12.9337596893,80.2329101563,57892,57902,10
12.933139801,80.2326431274,57902,57912,10
12.93227005,80.2323074341,57912,57922,10
12.9311704636,80.2319412231,57922,57932,10
12.9299201965,80.2315826416,57932,57942,10
12.9287004471,80.2313232422,57942,57952,10
12.9273500443,80.2311325073,57952,57963,11
12.9257602692,80.2309570313,57963,57973,10
12.9243202209,80.2307891846,57973,57983,10
12.9229202271,80.2306137085,57983,57993,10
12.9216003418,80.2304077148,57993,58003,10
12.9206695557,80.2302703857,58003,58013,10
12.9195804596,80.2301483154,58013,58023,10
12.9183197021,80.2299880981,58023,58033,10
12.9170999527,80.2298278809,58033,58043,10
12.9159002304,80.2296524048,58043,58053,10
12.9146003723,80.2294921875,58053,58064,11
12.9135904312,80.2293701172,58064,58074,10
12.9134302139,80.2293624878,58074,58084,10
12.9133901596,80.229347229,58084,58094,10
12.9129104614,80.2292709351,58094,58104,10
12.9121103287,80.2291412354,58104,58114,10
12.91106987,80.2289810181,58114,58124,10
12.9098596573,80.2287979126,58124,58134,10
12.9085502625,80.2285690308,58134,58144,10
12.9074602127,80.2283935547,58144,58154,10
12.9072303772,80.2283630371,58154,58164,10
12.90721035,80.2283630371,58164,58175,11
12.9068002701,80.228302002,58175,58185,10
12.9062299728,80.2282714844,58185,58195,10
12.9059200287,80.2283172607,58195,58205,10
12.9056596756,80.2282867432,58205,58215,10
12.9049596786,80.2282409668,58215,58225,10
12.9041004181,80.2282028198,58225,58235,10
12.9034204483,80.2281417847,58235,58245,10
12.9026603699,80.2280731201,58245,58255,10
12.9017896652,80.2280578613,58255,58265,10
12.9014396667,80.2280807495,58265,58276,11
12.9014196396,80.2280807495,58276,58286,10
12.9011001587,80.2280731201,58286,58326,40
12.9011001587,80.2280731201,58326,58336,10
12.9009304047,80.228012085,58336,58346,10
12.9003696442,80.2279586792,58346,58356,10
12.8995895386,80.2279205322,58356,58366,10
12.8992700577,80.2279205322,58366,58377,11
12.8987998962,80.2279205322,58377,58387,10
12.8982000351,80.2278366089,58387,58397,10
12.8976297379,80.2277984619,58397,58407,10
12.8967599869,80.2277526855,58407,58417,10
12.8957004547,80.2276992798,58417,58427,10
12.8944597244,80.2276611328,58427,58437,10
12.893119812,80.2275314331,58437,58447,10
12.8918104172,80.2273864746,58447,58457,10
12.89041996,80.2273864746,58457,58467,10
12.8890399933,80.2273864746,58467,58478,11
12.8876199722,80.2272872925,58478,58488,10
12.8863697052,80.2270431519,58488,58498,10
12.8851900101,80.2267913818,58498,58508,10
12.8847799301,80.2267684937,58508,58518,10
12.8844099045,80.2267608643,58518,58528,10
12.8836603165,80.2267608643,58528,58538,10
12.8826704025,80.2267684937,58538,58548,10
12.8814897537,80.2267837524,58548,58558,10
12.8801803589,80.2267913818,58558,58568,10
12.878780365,80.2268218994,58568,58578,10
12.8773097992,80.2269287109,58578,58589,11
12.8763504028,80.2270202637,58589,58599,10
12.8761701584,80.2270202637,58599,58609,10
12.8755397797,80.2269973755,58609,58619,10
12.8746404648,80.2268981934,58619,58629,10
12.8728199005,80.2267608643,58629,58649,20
12.8728199005,80.2267608643,58649,58659,10
12.872759819,80.2267532349,58659,58675,16
12.8718996048,80.2267227173,58675,58687,12
12.8707799911,80.2266616821,58687,58698,11
12.8695402145,80.2265396118,58698,58708,10
12.8683099747,80.2264175415,58708,58718,10
12.8670301437,80.2265167236,58718,58727,9
12.8662099838,80.2265777588,58727,58738,11
12.8648996353,80.2266311646,58738,58748,10
12.8637800217,80.2265777588,58748,58757,9
12.8624401093,80.2265930176,58757,58767,10
12.8610496521,80.2266311646,58767,58778,11
12.8606700897,80.2266235352,58778,58789,11
12.8601903915,80.2265625,58789,58799,10
12.8593597412,80.2264328003,58799,58808,9
12.858499527,80.22631073,58808,58819,11
12.8572397232,80.2262878418,58819,58829,10
12.8559503555,80.2264175415,58829,58839,10
12.8545799255,80.2265625,58839,58849,10
12.8531398773,80.2266998291,58849,58859,10
12.8516397476,80.2266464233,58859,58869,10
12.8501195908,80.226600647,58869,58879,10
12.84856987,80.226600647,58879,58889,10
12.8469800949,80.2266235352,58889,58900,11
12.8456602097,80.2266387939,58900,58909,9
12.8453798294,80.2266693115,58909,58920,11
12.8451595306,80.2266693115,58920,58930,10
12.8445501328,80.2267227173,58930,58940,10
12.8436899185,80.2267913818,58940,58950,10
12.8426399231,80.2269821167,58950,58960,10
12.8413896561,80.2272872925,58960,58970,10
12.8402004242,80.2276611328,58970,58980,10
12.839679718,80.2278366089,58980,58990,10
12.8393001556,80.2279281616,58990,59001,11
12.8384199142,80.2280807495,59001,59011,10
12.8374004364,80.2282867432,59011,59021,10
12.8361701965,80.228477478,59021,59031,10
12.8348197937,80.2286834717,59031,59041,10
12.8333997726,80.2289199829,59041,59051,10
12.8323202133,80.2291564941,59051,59061,10
12.8322200775,80.2291717529,59061,59071,10
12.8318996429,80.2292327881,59071,59081,10
12.8312101364,80.2294006348,59081,59091,10
12.8303003311,80.2297286987,59091,59102,11
12.8291597366,80.230178833,59102,59112,10
12.8280200958,80.230758667,59112,59122,10
12.8267803192,80.2313232422,59122,59132,10
12.825340271,80.2314300537,59132,59142,10
12.8239002228,80.2312164307,59142,59152,10
12.8224601746,80.2307891846,59152,59162,10
12.8210201263,80.2304992676,59162,59172,10
12.8196401596,80.2305297852,59172,59182,10
12.818860054,80.2305221558,59182,59192,10
12.8186798096,80.2304534912,59192,59202,10
12.8180904388,80.2301635742,59202,59213,11
12.8170795441,80.2297210693,59213,59223,10
12.8158998489,80.2294464111,59223,59233,10
12.8145599365,80.2292480469,59233,59243,10
12.8131799698,80.2288894653,59243,59253,10
12.8117799759,80.2284011841,59253,59263,10
12.8104600906,80.2279129028,59263,59273,10
12.809419632,80.2274398804,59273,59283,10
12.8084096909,80.2266693115,59283,59293,10
12.8074102402,80.2258224487,59293,59303,10
12.8067398071,80.225227356,59303,59314,11
12.8059997559,80.2245788574,59314,59324,10
12.8052501678,80.2241134644,59324,59334,10
12.804889679,80.2240371704,59334,59344,10
12.8047599792,80.2240066528,59344,59354,10
12.8042497635,80.2239608765,59354,59364,10
12.8034496307,80.2238922119,59364,59373,9
12.8025903702,80.2237701416,59373,59384,11
12.8015604019,80.2236480713,59384,59394,10
12.8008003235,80.2235870361,59394,59404,10
12.7998304367,80.2235107422,59404,59415,11
12.798620224,80.2233886719,59415,59425,10
12.7973403931,80.2232284546,59425,59435,10
12.7961997986,80.2230224609,59435,59445,10
12.7959403992,80.2229919434,59445,59455,10
12.7958898544,80.2229766846,59455,59465,10
12.7954397202,80.2228775024,59465,59475,10
12.7946395874,80.2227401733,59475,59485,10
12.7937202454,80.2226333618,59485,59495,10
12.7926197052,80.2224578857,59495,59505,10
12.7914199829,80.2221679688,59505,59515,10
12.7902498245,80.2218933105,59515,59526,11
12.7894897461,80.2216567993,59526,59536,10
12.7888202667,80.2213973999,59536,59552,16
12.788479805,80.221282959,59552,59564,12
12.7882995605,80.221206665,59564,59627,63
12.7882995605,80.221206665,59627,59637,10
12.7879600525,80.221031189,59637,59647,10
12.7878599167,80.2210006714,59647,59657,10
12.7877902985,80.2209625244,59657,59667,10
12.7875204086,80.2208633423,59667,59687,20
12.7875204086,80.2208633423,59687,59697,10
12.7872896194,80.2207870483,59697,59717,20
12.7872896194,80.2207870483,59717,59728,11
12.7871103287,80.2207336426,59728,59738,10
12.7868995667,80.2206573486,59738,59748,10
12.7865200043,80.2204971313,59748,59768,20
12.7865200043,80.2204971313,59768,59778,10
12.7864198685,80.2204666138,59778,59788,10
12.7863197327,80.2204284668,59788,59798,10
12.786190033,80.2204208374,59798,59808,10
12.7861795425,80.2206573486,59808,59818,10
12.7861995697,80.2211303711,59818,59828,10
12.7862300873,80.2215423584,59828,59839,11
12.7862997055,80.2219390869,59839,60899,1060
12.7862997055,80.2219390869,60899,60909,10
12.7862796783,80.221862793,60909,60919,10
12.7862100601,80.221572876,60919,60929,10
12.7861995697,80.2211303711,60929,60939,10
12.7861700058,80.2206192017,60939,60949,10
12.7863197327,80.2203598022,60949,60959,10
12.7865400314,80.2204589844,60959,60970,11
12.7868299484,80.2205734253,60970,60980,10
12.7868404388,80.2205810547,60980,60990,10
12.7870702744,80.2206878662,60990,61000,10
12.787610054,80.2208862305,61000,61010,10
12.788310051,80.2211380005,61010,61020,10
12.7891101837,80.2214584351,61020,61030,10
12.7898597717,80.2217178345,61030,61040,10
12.7906198502,80.2219085693,61040,61050,10
12.7916002274,80.2221603394,61050,61060,10
12.7927398682,80.2224197388,61060,61070,10
12.7940702438,80.222618103,61070,61081,11
12.7955703735,80.2228622437,61081,61091,10
12.7962398529,80.2229385376,61091,61111,20
12.7962398529,80.2229385376,61111,61121,10
12.7965698242,80.2229995728,61121,61131,10
12.7972803116,80.2231292725,61131,61141,10
12.7981901169,80.2232666016,61141,61151,10
12.7991800308,80.2233886719,61151,61161,10
12.8002796173,80.223487854,61161,61171,10
12.8013095856,80.2235794067,61171,61182,11
12.8020896912,80.2236404419,61182,61192,10
12.802359581,80.2236785889,61192,61202,10
12.8030004501,80.223777771,61202,61212,10
12.8038797379,80.2238693237,61212,61222,10
12.8047800064,80.2239608765,61222,61232,10
12.8053798676,80.2240829468,61232,61242,10
12.8055000305,80.2241210938,61242,61252,10
12.805680275,80.2242202759,61252,61262,10
12.806189537,80.2246398926,61262,61272,10
12.8069200516,80.2253036499,61272,61283,11
12.8079099655,80.2261505127,61283,61293,10
12.8089199066,80.2269973755,61293,61303,10
12.8101301193,80.2276916504,61303,61313,10
12.8114595413,80.2282409668,61313,61323,10
12.8128700256,80.2287368774,61323,61333,10
12.8142995834,80.2291793823,61333,61343,10
12.815779686,80.2294006348,61343,61353,10
12.8172397614,80.2296905518,61353,61363,10
12.8184299469,80.23021698,61363,61373,10
12.8194503784,80.2304763794,61373,61383,10
12.819899559,80.2304611206,61383,61394,11
12.8199596405,80.23046875,61394,61404,10
12.8205299377,80.2304534912,61404,61414,10
12.8214502335,80.2304916382,61414,61424,10
12.8225498199,80.2307281494,61424,61434,10
12.8237695694,80.2310791016,61434,61444,10
12.825050354,80.2313537598,61444,61454,10
12.826379776,80.2313232422,61454,61464,10
12.8273801804,80.2311019897,61464,61474,10
12.8282804489,80.2305908203,61474,61484,10
12.8289699554,80.2302322388,61484,61495,11
12.8298397064,80.2298583984,61495,61505,10
12.8307800293,80.2294769287,61505,61515,10
12.8310899734,80.229347229,61515,61525,10
12.8313598633,80.2292785645,61525,61535,10
12.8319301605,80.229133606,61535,61545,10
12.8327703476,80.2289581299,61545,61555,10
12.8337802887,80.2287902832,61555,61565,10
12.8349103928,80.2286224365,61565,61575,10
12.8361597061,80.2284317017,61575,61585,10
12.8374900818,80.2282333374,61585,61596,11
12.8388299942,80.2279205322,61596,61606,10
12.8394699097,80.227722168,61606,61626,20
12.8394699097,80.227722168,61626,61636,10
12.8398704529,80.2276000977,61636,61646,10
12.8405504227,80.2274627686,61646,61656,10
12.8413801193,80.2272262573,61656,61665,9
12.8421897888,80.2270202637,61665,61676,11
12.8433599472,80.2267913818,61676,61685,9
12.8444404602,80.2266387939,61685,61696,11
12.8454799652,80.2265319824,61696,61707,11
12.8454999924,80.2265396118,61707,61717,10
12.8455495834,80.2265319824,61717,61727,10
12.8460597992,80.2265319824,61727,61737,10
12.8468904495,80.2265319824,61737,61747,10
12.8479204178,80.2265319824,61747,61757,10
12.8490800858,80.2265167236,61757,61767,10
12.8499298096,80.2264862061,61767,61777,10
12.8499498367,80.2264785767,61777,61787,10
12.8502197266,80.2265014648,61787,61797,10
12.8508396149,80.2265167236,61797,61808,11
12.8517398834,80.2265701294,61808,61818,10
12.8527202606,80.2266235352,61818,61828,10
12.8537797928,80.2265777588,61828,61838,10
12.8548402786,80.2264709473,61838,61848,10
12.8557395935,80.2263793945,61848,61858,10
12.8565301895,80.2262878418,61858,61868,10
12.8573503494,80.2262115479,61868,61878,10
12.858130455,80.2261810303,61878,61888,10
12.8589696884,80.2262496948,61888,61898,10
12.8599901199,80.2263870239,61898,61909,11
12.8607397079,80.2264785767,61909,61919,10
12.8608999252,80.2265014648,61919,61929,10
12.8614797592,80.2265090942,61929,61939,10
12.8623399734,80.2264862061,61939,61949,10
12.8632497787,80.2264633179,61949,61959,10
12.8645601273,80.2265167236,61959,61969,10
12.8658704758,80.2265319824,61969,61979,10
12.8672599792,80.2264175415,61979,61989,10
12.8686704636,80.2263565063,61989,61999,10
12.8701095581,80.2265319824,61999,62009,10
12.8713998795,80.2266235352,62009,62020,11
12.8722696304,80.2266082764,62020,62030,10
12.8726797104,80.2266235352,62030,62040,10
12.8728504181,80.2266387939,62040,62050,10
12.8732004166,80.2266387939,62050,62060,10
12.8738098145,80.2266998291,62060,62070,10
12.8746700287,80.2268066406,62070,62086,16
12.8762798309,80.2268981934,62086,62098,12
12.8768196106,80.2268371582,62098,62108,10
12.8768796921,80.2268600464,62108,62119,11
12.8773899078,80.2268295288,62119,62129,10
12.8781795502,80.2267684937,62129,62139,10
12.8791799545,80.2267074585,62139,62149,10
12.8803396225,80.2266921997,62149,62159,10
12.8816404343,80.2266769409,62159,62169,10
12.8828697205,80.2266769409,62169,62179,10
12.8844203949,80.2266387939,62179,62189,10
12.8852396011,80.2266387939,62189,62200,11
12.8853797913,80.2266693115,62200,62209,9
12.8858299255,80.2267837524,62209,62221,12
12.8868103027,80.2270431519,62221,62231,10
12.887840271,80.2272186279,62231,62241,10
12.8890600204,80.2273101807,62241,62251,10
12.8903999329,80.2273330688,62251,62261,10
12.8917999268,80.2273330688,62261,62271,10
12.892829895,80.2273712158,62271,62281,10
12.8938302994,80.2275238037,62281,62291,10
12.8950195313,80.2276000977,62291,62301,10
12.8963403702,80.2276611328,62301,62311,10
12.8977499008,80.2277297974,62311,62322,11
12.8992099762,80.2278137207,62322,62332,10
12.8998203278,80.2277832031,62332,62342,10
12.9000902176,80.2277679443,62342,62351,9
12.9003601074,80.2278137207,62351,62362,11
12.9008197784,80.2278366089,62362,62372,10
12.9011602402,80.227897644,62372,62382,10
12.9015197754,80.2279510498,62382,62392,10
12.9020299911,80.2279510498,62392,62402,10
12.9024801254,80.2279815674,62402,62412,10
12.9025096893,80.2279815674,62412,62423,11
12.9026098251,80.2280197144,62423,62433,10
12.9030199051,80.2280426025,62433,62443,10
12.9037904739,80.2280731201,62443,62453,10
12.9047403336,80.2281265259,62453,62463,10
12.9056997299,80.2281723022,62463,62473,10
12.9063596725,80.2282028198,62473,62483,10
12.9067296982,80.2282333374,62483,62499,16
12.9071798325,80.2282562256,62499,62511,12
12.9072999954,80.2282714844,62511,62521,10
12.9078702927,80.2283706665,62521,62531,10
12.9087495804,80.2285232544,62531,62543,12
12.9100599289,80.2287368774,62543,62553,10
12.9112596512,80.2289199829,62553,62563,10
12.9124698639,80.2291030884,62563,62573,10
12.9133996964,80.2292098999,62573,62581,8
12.9138298035,80.2292633057,62581,62591,10
12.9138498306,80.2292633057,62591,62603,12
12.9143104553,80.2293395996,62603,62612,9
12.9149904251,80.2294387817,62612,62623,11
12.9160499573,80.2296066284,62623,62634,11
12.9172897339,80.2297897339,62634,62644,10
12.9183397293,80.2299118042,62644,62654,10
12.9188995361,80.2299880981,62654,62664,10
12.919549942,80.2301025391,62664,62674,10
12.9204702377,80.2301712036,62674,62684,10
12.9215803146,80.2303314209,62684,62694,10
12.9228401184,80.2305297852,62694,62704,10
12.9241600037,80.23072052,62704,62714,10
12.9253101349,80.2308578491,62714,62724,10
12.926320076,80.2309799194,62724,62734,10
12.9267101288,80.23097229,62734,62745,11
12.9270296097,80.2310180664,62745,62755,10
12.9277000427,80.2311096191,62755,62765,10
12.928560257,80.2312393188,62765,62775,10
12.929400444,80.2313995361,62775,62785,10
12.9303598404,80.2316436768,62785,62795,10
12.9315004349,80.2320022583,62795,62805,10
12.9327297211,80.2323989868,62805,62815,10
12.9336204529,80.2327575684,62815,62825,10
12.9337596893,80.2328109741,62825,62835,10
12.9340295792,80.2329177856,62835,62846,11
12.9347496033,80.2332611084,62846,62856,10
12.9355401993,80.2336120605,62856,62866,10
12.9357204437,80.2337036133,62866,62876,10
12.9359502792,80.2338180542,62876,62886,10
12.9365100861,80.2340774536,62886,62896,10
12.9372997284,80.2344589233,62896,62906,10
12.9382801056,80.2349395752,62906,62916,10
12.9395599365,80.2355804443,62916,62926,10
12.9395599365,80.2355804443,62926,62936,10
12.9395999908,80.2356185913,62936,62947,11
12.939909935,80.2358016968,62947,62957,10
12.940580368,80.236000061,62957,62967,10
12.9414796829,80.2362136841,62967,62977,10
12.9425401688,80.2365112305,62977,62987,10
12.9435300827,80.237197876,62987,63000,13
12.9446201324,80.2384109497,63000,63010,10
12.945400238,80.2391891479,63010,63020,10
12.9463796616,80.2396774292,63020,63030,10
12.9474496841,80.2400970459,63030,63039,9
12.9488201141,80.2405700684,63039,63061,22
12.9488201141,80.2405700684,63061,63071,10
12.9490604401,80.2406997681,63071,63081,10
12.9496297836,80.2409133911,63081,63091,10
12.9504404068,80.2411499023,63091,63101,10
12.9511804581,80.2413635254,63101,63111,10
12.9512701035,80.2413864136,63111,63121,10
12.9515199661,80.2415237427,63121,63131,10
12.9519901276,80.2416915894,63131,63141,10
12.9526996613,80.2419662476,63141,63152,11
12.9536800385,80.2423477173,63152,63162,10
12.9544801712,80.2426681519,63162,63172,10
12.9553098679,80.2429962158,63172,63182,10
12.9562397003,80.2433166504,63182,63202,20
12.9562397003,80.2433166504,63202,63212,10
12.9563398361,80.2433624268,63212,63222,10
12.9564199448,80.2434005737,63222,63232,10
12.9568796158,80.2436065674,63232,63242,10
12.9575796127,80.2439193726,63242,63252,10
12.9584302902,80.2443084717,63252,63263,11
12.958990097,80.2444992065,63263,63273,10
12.9589996338,80.2444915771,63273,63283,10
12.9591398239,80.2445831299,63283,63293,10
12.9596300125,80.2448196411,63293,63303,10
12.9603700638,80.2451400757,63303,63313,10
12.9612598419,80.2455596924,63313,63323,10
12.9622898102,80.2460632324,63323,63333,10
12.9632997513,80.2465515137,63333,63343,10
12.9638996124,80.2468338013,63343,63353,10
12.9645204544,80.2470779419,63353,63363,10
12.9652004242,80.2473068237,63363,63374,11
12.9660301208,80.2475967407,63374,63384,10
12.9665002823,80.2478103638,63384,63394,10
12.9667196274,80.2478790283,63394,63404,10
12.966799736,80.2479400635,63404,63414,10
12.9672203064,80.2481765747,63414,63424,10
12.9679298401,80.2484817505,63424,63434,10
12.9687995911,80.2488327026,63434,63444,10
12.9697999954,80.2492523193,63444,63454,10
12.9708995819,80.2496566772,63454,63465,11
12.9722204208,80.2500305176,63465,63475,10
12.9733400345,80.250328064,63475,63485,10
12.9743003845,80.2506027222,63485,63495,10
12.9751596451,80.2508163452,63495,63505,10
12.9758901596,80.2510070801,63505,63515,10
12.9765501022,80.2511978149,63515,63525,10
12.9772195816,80.2514266968,63525,63535,10
12.9778699875,80.2518768311,63535,63545,10
12.9784898758,80.2523193359,63545,63555,10
12.9786396027,80.2524032593,63555,63566,11
12.9787397385,80.252456665,63566,63576,10
12.9791402817,80.2525787354,63576,63586,10
12.9797801971,80.2526397705,63586,63596,10
12.9802103043,80.2526626587,63596,63606,10
12.9805498123,80.2526626587,63606,63616,10
12.9811897278,80.2526321411,63616,63626,10
12.982049942,80.2526092529,63626,63636,10
12.9830799103,80.2525634766,63636,63646,10
12.9841499329,80.2523193359,63646,63656,10
12.9855604172,80.2519073486,63656,63879,223
12.9855604172,80.2519073486,63879,63889,10
12.985710144,80.2518386841,63889,63899,10
12.9859695435,80.2517776489,63899,63909,10
12.9863195419,80.251701355,63909,63919,10
12.9869098663,80.2515563965,63919,63929,10
12.9875202179,80.251373291,63929,63939,10
12.9880800247,80.2512664795,63939,63949,10
12.9894504547,80.2509078979,63949,63969,20
12.9894504547,80.2509078979,63969,63980,11
12.9894599915,80.2509002686,63980,63990,10
12.9898300171,80.2508163452,63990,64000,10
12.9905099869,80.2506637573,64000,64010,10
12.9913597107,80.2504577637,64010,64020,10
12.9923400879,80.2502288818,64020,64030,10
12.9934597015,80.249961853,64030,64040,10
12.9946699142,80.2496566772,64040,64050,10
12.9959402084,80.2493209839,64050,64060,10
12.9968004227,80.2490463257,64060,64070,10
12.996919632,80.2490463257,64070,64080,10
12.9973802567,80.2489471436,64080,64091,11
12.9982204437,80.2487411499,64091,64101,10
12.9991703033,80.2485122681,64101,64111,10
13.0002698898,80.2482376099,64111,64121,10
13.0014600754,80.2479400635,64121,64131,10
13.0021400452,80.247756958,64131,64141,10
13.0025596619,80.2476882935,64141,64151,10
13.0032596588,80.2475662231,64151,64161,10
13.0041503906,80.2474517822,64161,64171,10
13.0051803589,80.2473220825,64171,64181,10
13.0060195923,80.2471389771,64181,64192,11
13.0064296722,80.2466888428,64192,64202,10
13.006529808,80.2461776733,64202,64222,20
13.006529808,80.2461776733,64222,64232,10
13.0065603256,80.2457427979,64232,64242,10
13.0065698624,80.2451782227,64242,64252,10
13.0065898895,80.2448577881,64252,64262,10
13.0065603256,80.2445602417,64262,64272,10
13.0065898895,80.2442474365,64272,64282,10
13.0065898895,80.243812561,64282,64293,11
13.0065498352,80.2433013916,64293,64303,10
13.006529808,80.2425918579,64303,64313,10
13.0065202713,80.2416534424,64313,64323,10
13.0065402985,80.2411117554,64323,64343,20
13.0065402985,80.2411117554,64343,64353,10
13.0066204071,80.2407913208,64353,64363,10
13.0067596436,80.2402420044,64363,64373,10
13.0069103241,80.2393569946,64373,64383,10
13.0071001053,80.2384109497,64383,64394,11
13.0073404312,80.2372436523,64394,64414,20
13.0073404312,80.2372436523,64414,64424,10
13.0073795319,80.2371520996,64424,64434,10
13.0074796677,80.2366714478,64434,64444,10
13.007610321,80.2359390259,64444,64454,10
13.0076904297,80.2354736328,64454,64464,10
13.0078001022,80.2349777222,64464,64474,10
13.0078601837,80.2346420288,64474,64483,9
13.0079498291,80.2342071533,64483,64495,12
13.0081501007,80.2332077026,64495,64505,10
13.0083599091,80.232131958,64505,64515,10
13.0085897446,80.2309265137,64515,64525,10
13.0088195801,80.2297973633,64525,64535,10
13.0089998245,80.2287521362,64535,64545,10
13.0093297958,80.2276687622,64545,64555,10
13.0098400116,80.2265319824,64555,64565,10
13.0102996826,80.2256011963,64565,64575,10
13.0105600357,80.2250595093,64575,64585,10
13.0107498169,80.2247009277,64585,64595,10
13.0109100342,80.2243499756,64595,64606,11
13.011059761,80.2239990234,64606,64616,10
13.0112400055,80.2235565186,64616,64626,10
13.0115003586,80.2229614258,64626,64636,10
13.0117902756,80.2222366333,64636,64652,16
13.0123500824,80.2216033936,64652,64664,12
13.0128297806,80.2222366333,64664,64674,10
13.013420105,80.2228622437,64674,64684,10
13.0139198303,80.2234573364,64684,64694,10
13.0143098831,80.2239608765,64694,64705,11
13.0149097443,80.2245788574,64705,64714,9
13.0156698227,80.2251815796,64714,64735,21
13.0156698227,80.2251815796,64735,64745,10
13.0158596039,80.2253189087,64745,64755,10
13.0166397095,80.2253036499,64755,64765,10
13.0175800323,80.224937439,64765,64775,10
13.0186300278,80.2245101929,64775,64785,10
13.019610405,80.2244491577,64785,64816,31
13.019610405,80.2244491577,64816,64826,10
13.0197496414,80.2246170044,64826,64836,10
13.0200796127,80.2248535156,64836,64846,10
13.0205001831,80.2251281738,64846,64856,10
13.0210399628,80.2255630493,64856,64866,10
13.0215597153,80.2259597778,64866,64876,10
13.0222101212,80.2264480591,64876,64886,10
13.0227899551,80.2269515991,64886,64896,10
13.0233602524,80.2275009155,64896,64907,11
13.0238399506,80.2279205322,64907,64916,9
13.0240898132,80.228187561,64916,64927,11
13.0243797302,80.2285232544,64927,64957,30
13.0243797302,80.2285232544,64957,64967,10
13.0244197845,80.228553772,64967,64977,10
13.0241804123,80.2285766602,64977,64987,10
13.0238199234,80.2280883789,64987,64997,10
13.0230398178,80.2273635864,64997,65159,162
13.0230197906,80.2272567749,65159,65462,303
13.0230197906,80.2272567749,65462,65472,10
13.0229797363,80.2272567749,65472,65482,10
13.0227804184,80.2270584106,65482,65492,10
13.0224599838,80.2267379761,65492,65502,10
13.0220098495,80.2263565063,65502,65512,10
13.0215597153,80.2260131836,65512,65522,10
13.0212001801,80.2257232666,65522,65533,11
13.0205001831,80.2252426147,65533,65553,20
13.0205001831,80.2252426147,65553,65563,10
13.0203504562,80.2251434326,65563,65573,10
13.0202302933,80.2250671387,65573,65583,10
13.0198802948,80.224822998,65583,65593,10
13.0193195343,80.2245483398,65593,65603,10
13.0185203552,80.2246704102,65603,65613,10
13.0178604126,80.2249526978,65613,65623,10
13.0172300339,80.2252120972,65623,65640,17
13.0163803101,80.2255477905,65640,65652,12
13.0159597397,80.2257080078,65652,65661,9
13.0154895782,80.2258529663,65661,65671,10
13.0147399902,80.2261428833,65671,65682,11
13.0141201019,80.2264175415,65682,65692,10
13.0140600204,80.2264404297,65692,65702,10
13.0138702393,80.2265319824,65702,65712,10
13.013469696,80.2266464233,65712,65722,10
13.0128002167,80.2268981934,65722,65732,10
13.0120897293,80.2271728516,65732,65743,11
13.0112600327,80.2275085449,65743,65753,10
13.0104398727,80.2278594971,65753,65763,10
13.0096702576,80.2281799316,65763,65772,9
13.0092201233,80.2285385132,65772,65783,11
13.009059906,80.2292098999,65783,65793,10
13.0089197159,80.2299423218,65793,65803,10
13.008769989,80.2305984497,65803,65813,10
13.0086698532,80.2311935425,65813,65823,10
13.0085601807,80.2317276001,65823,65833,10
13.008480072,80.232208252,65833,65844,11
13.0084104538,80.2325820923,65844,65904,60
13.0084104538,80.2325820923,65904,65914,10
13.0083599091,80.2328262329,65914,65924,10
13.0082902908,80.2332763672,65924,65934,10
13.0082798004,80.2333221436,65934,65945,11
13.0082302094,80.2334823608,65945,65955,10
13.0081501007,80.2338027954,65955,65965,10
13.0080404282,80.2343597412,65965,65975,10
13.0078802109,80.2351303101,65975,65985,10
13.0076999664,80.2360534668,65985,65995,10
13.0074996948,80.2370605469,65995,66005,10
13.0073099136,80.2380828857,66005,66015,10
13.0071401596,80.2389831543,66015,66025,10
13.0069198608,80.2400283813,66025,66086,61
13.0069198608,80.2400283813,66086,66096,10
13.0067901611,80.2401733398,66096,66106,10
13.0067501068,80.2406005859,66106,66116,10
13.0066995621,80.2411804199,66116,66126,10
13.0066995621,80.2420501709,66126,66136,10
13.0066900253,80.2429199219,66136,66146,10
13.0066995621,80.2433166504,66146,66157,11
13.0066900253,80.2437515259,66157,66167,10
13.0066900253,80.2443008423,66167,66177,10
13.0066795349,80.2448196411,66177,66187,10
13.0066900253,80.2452926636,66187,66197,10
13.0066995621,80.2455215454,66197,66207,10
13.0067195892,80.2456436157,66207,66217,10
13.0067195892,80.2457504272,66217,66227,10
13.0067195892,80.2457962036,66227,66237,10
13.0067195892,80.2459564209,66237,66247,10
13.0067195892,80.2461929321,66247,66258,11
13.0067396164,80.2466506958,66258,66268,10
13.0067396164,80.2472229004,66268,66278,10
13.0060501099,80.2474594116,66278,66298,20
13.0060501099,80.2474594116,66298,66308,10
13.0054197311,80.2474365234,66308,66359,51
13.0054197311,80.2474365234,66359,66369,10
13.0052604675,80.2474365234,66369,66379,10
13.0046100616,80.2474594116,66379,66389,10
13.0037002563,80.2475891113,66389,66399,10
13.0026397705,80.247756958,66399,66409,10
13.001540184,80.2480316162,66409,66419,10
13.0003995895,80.2483215332,66419,66429,10
12.9991798401,80.248626709,66429,66439,10
12.9979295731,80.2489395142,66439,66449,10
12.9966602325,80.2492370605,66449,66460,11
12.995639801,80.2495269775,66460,66470,10
12.9954795837,80.2495574951,66470,66480,10
12.9949598312,80.249671936,66480,66490,10
12.9941902161,80.2498779297,66490,66500,10
12.9932403564,80.2501220703,66500,66510,10
12.9921503067,80.2503890991,66510,66520,10
12.9913797379,80.250617981,66520,66529,9
12.9912204742,80.2506637573,66529,66540,11
12.9910802841,80.2507019043,66540,66550,10
12.9905700684,80.2508163452,66550,66561,11
12.989859581,80.2509994507,66561,66571,10
12.9894800186,80.2510986328,66571,66581,10
12.989159584,80.2511672974,66581,66591,10
12.9888401031,80.2512435913,66591,66601,10
12.9880304337,80.2514801025,66601,66922,321
12.9880304337,80.2514801025,66922,66932,10
12.9878196716,80.2515182495,66932,66942,10
12.9873399734,80.2516326904,66942,66952,10
12.9868803024,80.2517623901,66952,66962,10
12.9863500595,80.2519073486,66962,66973,11
12.9855804443,80.2520980835,66973,66983,10
12.9846401215,80.2523422241,66983,66993,10
12.9835996628,80.2525863647,66993,67003,10
12.982460022,80.2527236938,67003,67013,10
12.9813404083,80.2527389526,67013,67023,10
12.9804000854,80.2527618408,67023,67033,10
12.9798498154,80.2527770996,67033,67043,10
12.9793300629,80.2527236938,67043,67053,10
12.9789400101,80.2526626587,67053,67063,10
12.9785003662,80.2525863647,67063,67074,11
12.9784202576,80.2525405884,67074,67084,10
12.9780502319,80.2522583008,67084,67094,10
12.9774503708,80.2517318726,67094,67104,10
12.9765796661,80.2513427734,67104,67114,10
12.9756202698,80.2510604858,67114,67124,10
12.9746999741,80.2508010864,67124,67134,10
12.9737796783,80.2505264282,67134,67144,10
12.9728403091,80.2502670288,67144,67154,10
12.9717197418,80.2499771118,67154,67164,10
12.9705295563,80.2496414185,67164,67174,10
12.9693403244,80.249168396,67174,67185,11
12.9680500031,80.2487030029,67185,67195,10
12.9670000076,80.2482223511,67195,67205,10
12.9662799835,80.2478790283,67205,67215,10
12.9655504227,80.2475967407,67215,67225,10
12.9654302597,80.2475509644,67225,67235,10
12.9653701782,80.2475204468,67235,67245,10
12.9650402069,80.2473831177,67245,67255,10
12.9644002914,80.2471466064,67255,67265,10
12.9637002945,80.2468795776,67265,67275,10
12.9630203247,80.2465286255,67275,67286,11
12.9620399475,80.2460632324,67286,67295,9
12.961139679,80.2456207275,67295,67306,11
12.9599599838,80.2451095581,67306,67316,10
12.9592399597,80.2448272705,67316,67326,10
12.9591798782,80.2448120117,67326,67336,10
12.9587697983,80.2446136475,67336,67346,10
12.9581003189,80.2443237305,67346,67356,10
12.9574899673,80.2441101074,67356,67366,10
12.9570198059,80.2439575195,67366,67376,10
12.9569597244,80.2439575195,67376,67387,11
12.9566602707,80.2438812256,67387,67417,30
12.9566602707,80.2438812256,67417,67427,10
12.9563999176,80.2437820435,67427,67437,10
12.956199646,80.2437210083,67437,67447,10
12.9556903839,80.2434082031,67447,67457,10
12.9549598694,80.2430267334,67457,67467,10
12.9542503357,80.2427520752,67467,67477,10
12.9538297653,80.2425613403,67477,67488,11
12.9531602859,80.2422790527,67488,67498,10
12.952340126,80.2419586182,67498,67508,10
12.9517803192,80.2417602539,67508,67518,10
12.9517402649,80.2417526245,67518,67528,10
12.9514303207,80.2416305542,67528,67538,10
12.9507904053,80.2414093018,67538,67548,10
12.9502401352,80.2412796021,67548,67578,30
12.9502401352,80.2412796021,67578,67588,10
12.9501495361,80.2412567139,67588,67599,11
12.9498100281,80.2411499023,67599,67609,10
12.9494304657,80.241027832,67609,67619,10
12.9488801956,80.2408065796,67619,67629,10
12.9480695724,80.2404632568,67629,67639,10
12.9471998215,80.2400894165,67639,67649,10
12.9467000961,80.2399520874,67649,67659,10
12.9465799332,80.2398910522,67659,67669,10
12.9461698532,80.2397003174,67669,67679,10
12.9455003738,80.2393569946,67679,67689,10
12.9447803497,80.2387619019,67689,67700,11
12.9439296722,80.2378387451,67700,67710,10
12.9430398941,80.2369537354,67710,67720,10
12.9418096542,80.2363891602,67720,67730,10
12.9405498505,80.236076355,67730,67740,10
12.939789772,80.2358703613,67740,67750,10
12.9396400452,80.2358016968,67750,67760,10
12.939499855,80.2357406616,67760,67770,10
12.9389600754,80.2354812622,67770,67780,10
12.9381799698,80.2350769043,67780,67790,10
12.9372196198,80.2346115112,67790,67800,10
12.9357700348,80.2339477539,67800,67821,21
12.9357700348,80.2339477539,67821,67830,9
12.9356203079,80.2338562012,67830,67841,11
12.9350404739,80.2335891724,67841,67851,10
12.9341201782,80.2331924438,67851,67861,10
12.9338598251,80.2330780029,67861,67871,10
12.9337797165,80.2330093384,67871,67881,10
12.9332399368,80.2327575684,67881,67891,10
12.9324398041,80.2324523926,67891,67902,11
12.9313097,80.2320785522,67902,67912,10
12.9301300049,80.2317199707,67912,67922,10
12.9289999008,80.2314605713,67922,67932,10
12.9279603958,80.231262207,67932,67942,10
12.9260101318,80.2310791016,67942,67961,19
12.9260101318,80.2310791016,67961,67972,11
12.9256601334,80.2310409546,67972,67982,10
12.9248504639,80.2309265137,67982,67992,10
12.923910141,80.2308197021,67992,68002,10
12.9228000641,80.2306518555,68002,68013,11
12.9213895798,80.2304229736,68013,68023,10
12.9200201035,80.2302474976,68023,68033,10
12.9185800552,80.2300567627,68033,68043,10
12.9173002243,80.2298965454,68043,68053,10
12.916179657,80.2297363281,68053,68063,10
12.9149503708,80.2295684814,68063,68073,10
12.9138402939,80.2294387817,68073,68083,10
12.9134101868,80.2294006348,68083,68093,10
12.9131498337,80.229347229,68093,68103,10
12.9124803543,80.2292404175,68103,68114,11
12.911450386,80.2290725708,68114,68124,10
12.9103097916,80.2289123535,68124,68134,10
12.909070015,80.2286987305,68134,68144,10
12.9079399109,80.2285079956,68144,68154,10
12.9068603516,80.2283706665,68154,68305,151
12.9068603516,80.2283706665,68305,68316,11
12.9067201614,80.228477478,68316,68326,10
12.9061498642,80.2284164429,68326,68336,10
12.9052600861,80.2283630371,68336,68346,10
12.9041500092,80.2282791138,68346,68356,10
12.9029903412,80.2282028198,68356,68366,10
12.9023599625,80.2281723022,68366,68427,61
12.9023599625,80.2281723022,68427,68437,10
12.9021501541,80.2281723022,68437,68447,10
12.9019002914,80.2281494141,68447,68457,10
12.9015598297,80.2281265259,68457,68467,10
12.901049614,80.2281112671,68467,68477,10
12.9006900787,80.2280731201,68477,68487,10
12.9000597,80.2280197144,68487,68497,10
12.8990697861,80.2279586792,68497,68517,20
12.8990697861,80.2279586792,68517,68528,11
12.8986501694,80.2279586792,68528,68538,10
12.8979196548,80.2278671265,68538,68548,10
12.8969602585,80.2277984619,68548,68564,16
12.8951101303,80.2277526855,68564,68576,12
12.8936100006,80.2276763916,68576,68586,10
12.8927402496,80.2275619507,68586,68596,10
12.8921298981,80.2275009155,68596,68606,10
12.8912200928,80.2274703979,68606,68616,10
12.8903598785,80.2274703979,68616,68625,9
12.8892002106,80.2274780273,68625,68636,11
12.8885402679,80.2274703979,68636,68648,12
12.8876304626,80.2273864746,68648,68657,9
12.8867301941,80.2272186279,68657,68668,11
12.8854799271,80.2269287109,68668,68677,9
12.884929657,80.226852417,68677,68688,11
12.8848199844,80.2268218994,68688,68698,10
12.8847503662,80.226852417,68698,68708,10
12.883939743,80.2268295288,68708,68718,10
12.8829698563,80.2268371582,68718,68729,11
12.8816795349,80.226852417,68729,68739,10
12.8803596497,80.2268371582,68739,68749,10
12.8789701462,80.2268600464,68749,68759,10
12.8775901794,80.2269668579,68759,68769,10
12.8767004013,80.2270736694,68769,68778,9
12.8763799667,80.2270889282,68778,68789,11
12.8762998581,80.2270889282,68789,68798,9
12.8760795593,80.2270812988,68798,68808,10
12.8754196167,80.2270431519,68808,68819,11
12.8743600845,80.2269134521,68819,68829,10
12.8731899261,80.2267990112,68829,68840,11
12.8723497391,80.2268066406,68840,68850,10
12.8719501495,80.2267990112,68850,68860,10
12.8711595535,80.2267608643,68860,68870,10
12.8701295853,80.2266769409,68870,68880,10
12.8689203262,80.2265396118,68880,68890,10
12.8675899506,80.2265319824,68890,68900,10
12.8662204742,80.2266693115,68900,68910,10
12.8648300171,80.2266998291,68910,68920,10
12.8633899689,80.2266387939,68920,68931,11
12.8618402481,80.2266769409,68931,68942,11
12.8608198166,80.2266616821,68942,68951,9
12.8607196808,80.2266387939,68951,68962,11
12.8601398468,80.2265701294,68962,68972,10
12.8592500687,80.2264404297,68972,68982,10
12.8582000732,80.2263336182,68982,68992,10
12.8569898605,80.2263793945,68992,69002,10
12.8556699753,80.2265167236,69002,69012,10
12.8542804718,80.2266693115,69012,69022,10
12.852809906,80.2267837524,69022,69032,10
12.8513002396,80.2267227173,69032,69043,11
12.8496303558,80.2266616821,69043,69053,10
12.8480796814,80.2266616821,69053,69063,10
12.8465499878,80.2266616821,69063,69073,10
12.8451595306,80.2267303467,69073,69093,20
12.8451595306,80.2267303467,69093,69103,10
12.8449802399,80.2266998291,69103,69113,10
12.8443002701,80.2267684937,69113,69123,10
12.8433599472,80.2268829346,69123,69133,10
12.8421697617,80.2270889282,69133,69144,11
12.8407297134,80.2275009155,69144,69154,10
12.8398704529,80.2277526855,69154,69164,10
12.8394699097,80.2278366089,69164,69174,10
12.8388004303,80.2279968262,69174,69184,10
12.837849617,80.2282180786,69184,69194,10
12.8366498947,80.2284317017,69194,69204,10
12.8353004456,80.2286300659,69204,69214,10
12.8338603973,80.2288818359,69214,69224,10
12.832449913,80.2291412354,69224,69234,10
12.8318901062,80.2292633057,69234,69245,11
12.8318796158,80.2292633057,69245,69255,10
12.8316802979,80.2292785645,69255,69265,10
12.8315496445,80.2290115356,69265,69275,10
12.8314399719,80.2284469604,69275,69285,10
12.831319809,80.2278518677,69285,69295,10
12.8311595917,80.2271194458,69295,69305,10
12.8310203552,80.2261276245,69305,69315,10
12.831029892,80.2250823975,69315,69325,10
12.831029892,80.224609375,69325,69335,10
12.8310403824,80.2238769531,69335,69345,10
12.8310403824,80.2228775024,69345,69356,11
12.8310403824,80.2222366333,69356,69366,10
12.8310403824,80.2216262817,69366,69376,10
12.8310403824,80.220741272,69376,69386,10
12.8310403824,80.2198486328,69386,69396,10
12.8307199478,80.219581604,69396,69406,10
12.8298797607,80.2195587158,69406,69416,10
12.8288803101,80.2195281982,69416,69426,10
12.8279600143,80.2195510864,69426,69436,10
12.8275499344,80.219543457,69436,69446,10
12.8270101547,80.2195205688,69446,69457,11
12.8261604309,80.2195129395,69457,69467,10
12.8258895874,80.2194900513,69467,69477,10
12.8257904053,80.2193984985,69477,69487,10
12.8258104324,80.2190475464,69487,69496,9
12.825799942,80.2183914185,69496,69507,11
12.8258199692,80.2172775269,69507,69518,11
12.825799942,80.2162475586,69518,69528,10
12.8254995346,80.2161026001,69528,69538,10
12.824669838,80.2160568237,69538,69851,313
12.824669838,80.2160568237,69851,69861,10
12.8244495392,80.2160186768,69861,69872,11
12.8231201172,80.2160415649,69872,69882,10
12.8231201172,80.2160415649,69882,69892,10
12.8227901459,80.2160491943,69892,69902,10
12.822640419,80.2163391113,69902,69912,10
12.8226499557,80.2170181274,69912,69922,10
12.8226299286,80.2178497314,69922,69932,10
12.8226203918,80.2187805176,69932,69942,10
12.8226299286,80.2193069458,69942,69955,13
12.8226299286,80.2193222046,69955,69965,10
12.8228502274,80.2194976807,69965,69976,11
12.823559761,80.2195205688,69976,69986,10
12.8244800568,80.2195281982,69986,69996,10
12.8253698349,80.2195663452,69996,70016,20
12.8253698349,80.2195663452,70016,70026,10
12.8256502151,80.2195281982,70026,70036,10
12.8261499405,80.2195205688,70036,70046,10
12.8267498016,80.219543457,70046,70056,10
12.8272695541,80.2195129395,70056,70088,32
12.8272695541,80.2195129395,70088,70098,10
12.8274803162,80.2194976807,70098,70108,10
12.827750206,80.2194900513,70108,70563,455
12.827750206,80.2194900513,70563,70573,10
12.828209877,80.2195129395,70573,70583,10
12.8288497925,80.2195129395,70583,70594,11
12.8297901154,80.2195129395,70594,70604,10
12.8306903839,80.2195129395,70604,70614,10
12.8310499191,80.219581604,70614,70624,10
12.8311901093,80.2201080322,70624,70634,10
12.8311500549,80.2208328247,70634,70644,10
12.8311395645,80.2215576172,70644,70654,10
12.8311395645,80.2221221924,70654,70664,10
12.8311300278,80.222366333,70664,70674,10
12.8311300278,80.2229232788,70674,70684,10
12.8311195374,80.2236404419,70684,70695,11
12.8311195374,80.2244873047,70695,70705,10
12.8311195374,80.2247772217,70705,70715,10
12.8311004639,80.2251815796,70715,70725,10
12.8311004639,80.2257766724,70725,70735,10
12.8311300278,80.2264785767,70735,70745,10
12.8312797546,80.2272109985,70745,70755,10
12.8314399719,80.2279815674,70755,70765,10
12.831580162,80.2285995483,70765,70775,10
12.8316001892,80.2286605835,70775,70785,10
12.8316297531,80.2288589478,70785,70806,21
12.8316297531,80.2288589478,70806,70816,10
12.8317604065,80.2292098999,70816,70826,10
12.8321304321,80.2291030884,70826,70836,10
12.8322696686,80.2290725708,70836,70846,10
12.8327598572,80.2289886475,70846,70856,10
12.8335399628,80.2288513184,70856,70866,10
12.8345003128,80.2286834717,70866,70876,10
12.8355798721,80.2285232544,70876,70886,10
12.8367500305,80.2283477783,70886,70896,10
12.8379602432,80.2281570435,70896,70907,11
12.8390197754,80.2278671265,70907,70917,10
12.8393802643,80.2276763916,70917,70927,10
12.8398103714,80.2276000977,70927,70937,10
12.8404502869,80.2274780273,70937,70947,10
12.8412799835,80.2272491455,70947,70957,10
12.8422298431,80.2270126343,70957,70967,10
12.8432703018,80.2268295288,70967,70977,10
12.8443403244,80.2266998291,70977,70987,10
12.8451499939,80.2266387939,70987,70997,10
12.8454799652,80.2265777588,70997,71008,11
12.8454904556,80.2265777588,71008,71018,10
12.8457603455,80.2265396118,71018,71038,20
12.8457603455,80.2265396118,71038,71048,10
12.8459796906,80.2265930176,71048,71058,10
12.8465795517,80.2265930176,71058,71068,10
12.8473901749,80.2265930176,71068,71078,10
12.8482999802,80.2265777588,71078,71088,10
12.8492898941,80.2265701294,71088,71098,10
12.8499202728,80.2265701294,71098,71109,11
12.8499403,80.2265701294,71109,71119,10
12.850060463,80.2265625,71119,71129,10
12.8505296707,80.2265625,71129,71139,10
12.8512496948,80.226600647,71139,71149,10
12.8521003723,80.2266464233,71149,71159,10
12.8530502319,80.2266921997,71159,71169,10
12.8540401459,80.2266082764,71169,71179,10
12.8549804688,80.2265090942,71179,71189,10
12.8557796478,80.2264328003,71189,71199,10
12.8565101624,80.226348877,71199,71210,11
12.8573198318,80.2262573242,71210,71220,10
12.8579797745,80.2262420654,71220,71230,10
12.858499527,80.2262573242,71230,71240,10
12.8589696884,80.2263031006,71240,71250,10
12.8595104218,80.2263793945,71250,71260,10
12.8600597382,80.2264633179,71260,71270,10
12.8605604172,80.2265396118,71270,71280,10
12.8606100082,80.2265472412,71280,71290,10
12.8607397079,80.2265701294,71290,71300,10
12.8607797623,80.2265777588,71300,71311,11
12.8612203598,80.226600647,71311,71321,10
12.8619298935,80.2265625,71321,71331,10
12.8627996445,80.2265090942,71331,71341,10
12.863820076,80.2265167236,71341,71351,10
12.8649902344,80.2265625,71351,71361,10
12.8662204742,80.2265396118,71361,71371,10
12.8674898148,80.2264480591,71371,71381,10
12.8688497543,80.2264328003,71381,71391,10
12.8702497482,80.2265930176,71391,71401,10
12.8716602325,80.2266769409,71401,71411,10
12.8727998734,80.2266921997,71411,71422,11
12.8740196228,80.2267379761,71422,71432,10
12.8752098083,80.2268981934,71432,71442,10
12.876250267,80.2269363403,71442,71452,10
12.8768501282,80.2268829346,71452,71462,10
12.8768596649,80.2268829346,71462,71472,10
12.8770704269,80.226890564,71472,71482,10
12.8776798248,80.2268371582,71482,71492,10
12.8784999847,80.2267837524,71492,71502,10
12.8794498444,80.2267303467,71502,71512,10
12.8805398941,80.2267227173,71512,71523,11
12.8818702698,80.2266998291,71523,71533,10
12.8831701279,80.2266998291,71533,71543,10
12.8844995499,80.2266693115,71543,71553,10
12.8852901459,80.2266998291,71553,71563,10
12.885310173,80.2266998291,71563,71573,10
12.8854198456,80.2267227173,71573,71583,10
12.8859395981,80.2268600464,71583,71599,16
12.8872804642,80.227180481,71599,71611,12
12.8885498047,80.2273101807,71611,71621,10
12.8897600174,80.2273330688,71621,71632,11
12.891169548,80.2273330688,71632,71642,10
12.8923397064,80.2273635864,71642,71652,10
12.893409729,80.2274932861,71652,71662,10
12.8945703506,80.2276000977,71662,71672,10
12.8957796097,80.2276611328,71672,71682,10
12.896900177,80.2277069092,71682,71691,9
12.8981599808,80.2277832031,71691,71702,11
12.8992900848,80.2278518677,71702,71712,10
12.8998699188,80.2278289795,71712,71722,10
12.9000997543,80.2278289795,71722,71733,11
12.9001598358,80.2278289795,71733,71743,10
12.9003295898,80.2278518677,71743,71753,10
12.9004602432,80.2278671265,71753,71763,10
12.9006004333,80.2278823853,71763,71773,10
12.9010095596,80.2279510498,71773,71783,10
12.9016504288,80.2279891968,71783,71793,10
12.9029502869,80.2279968262,71793,71813,20
12.9029502869,80.2279968262,71813,71824,11
12.9034004211,80.2280426025,71824,71834,10
12.9041404724,80.2281112671,71834,71844,10
12.9054002762,80.2281723022,71844,71904,60
12.9054002762,80.2281723022,71904,71914,10
12.9056396484,80.2282485962,71914,71924,10
12.9060401917,80.2282791138,71924,71935,11
12.9064598083,80.228302002,71935,71945,10
12.9069900513,80.2283477783,71945,71955,10
12.9072599411,80.2283477783,71955,71965,10
12.9077196121,80.2284164429,71965,71975,10
12.9083099365,80.2285232544,71975,71985,10
12.9094696045,80.2286987305,71985,71995,10
12.9105596542,80.2288818359,71995,72005,10
12.9116096497,80.2290496826,72005,72015,10
12.9127197266,80.2291793823,72015,72025,10
12.9136600494,80.2292785645,72025,72036,11
12.9139604568,80.2293319702,72036,72046,10
12.9140100479,80.2293167114,72046,72056,10
12.9144897461,80.2294006348,72056,72066,10
12.9152803421,80.2294998169,72066,72076,10
12.9162597656,80.2296524048,72076,72086,10
12.9174098969,80.2298126221,72086,72096,10
12.9186496735,80.2299880981,72096,72106,10
12.9197597504,80.2301177979,72106,72116,10
12.9209699631,80.2302703857,72116,72126,10
12.9222602844,80.2304763794,72126,72137,11
12.9237499237,80.2306976318,72137,72147,10
12.9251499176,80.2308731079,72147,72157,10
12.9262800217,80.23097229,72157,72167,10
12.926440239,80.2309799194,72167,72177,10
12.9267597198,80.2310180664,72177,72187,10
12.9274301529,80.2311019897,72187,72197,10
12.9282798767,80.2312011719,72197,72207,10
12.9288396835,80.231300354,72207,72217,10
12.929599762,80.2314682007,72217,72227,10
12.9305200577,80.2317276001,72227,72238,11
12.9316902161,80.2320785522,72238,72248,10
12.932849884,80.2324371338,72248,72258,10
12.9335803986,80.2327575684,72258,72268,10
12.9336500168,80.2327880859,72268,72278,10
12.9337797165,80.2328567505,72278,72288,10
12.9343595505,80.2331237793,72288,72298,10
12.9351596832,80.2334823608,72298,72308,10
12.9356203079,80.2337036133,72308,72318,10
12.9361000061,80.2339401245,72318,72328,10
12.9368400574,80.2342834473,72328,72339,11
12.9378595352,80.2347488403,72339,72349,10
12.9389295578,80.2352828979,72349,72359,10
12.9394397736,80.2355422974,72359,72369,10
12.939450264,80.2355499268,72369,72379,10
12.939789772,80.2357177734,72379,72389,10
12.9404697418,80.2359771729,72389,72399,10
12.9413795471,80.2362213135,72399,72409,10
12.942440033,80.2365112305,72409,72419,10
12.9434499741,80.237197876,72419,72429,10
12.9443397522,80.2381820679,72429,72439,10
12.9453201294,80.2391662598,72439,72456,17
12.9470500946,80.2399368286,72456,72468,12
12.9473400116,80.2400436401,72468,72478,10
12.9475297928,80.2401199341,72478,72488,10
12.9481201172,80.2403717041,72488,72497,9
12.948800087,80.2406082153,72497,72639,142
12.948800087,80.2406082153,72639,72650,11
12.9489202499,80.2406768799,72650,72660,10
12.9492998123,80.2408599854,72660,72670,10
12.9500398636,80.2410888672,72670,72680,10
12.9509296417,80.2413330078,72680,72690,10
12.9510602951,80.2413787842,72690,72700,10
12.9513597488,80.2415008545,72700,72710,10
12.9520101547,80.2417373657,72710,72720,10
12.9528503418,80.2420578003,72720,72730,10
12.9536800385,80.242401123,72730,72740,10
12.9546899796,80.2427978516,72740,72751,11
12.9555101395,80.2431106567,72751,72761,10
12.9562797546,80.2434082031,72761,72811,50
12.9562797546,80.2434082031,72811,72821,10
12.9567499161,80.243560791,72821,72831,10
12.9575195313,80.2439117432,72831,72841,10
12.9584798813,80.2443084717,72841,72851,10
12.9587602615,80.2444076538,72851,72862,11
12.9589500427,80.2444992065,72862,72872,10
12.9595403671,80.2447891235,72872,72882,10
12.9603395462,80.2451629639,72882,72892,10
12.9613199234,80.2456130981,72892,72902,10
12.9623203278,80.2460784912,72902,72912,10
12.962770462,80.2462615967,72912,72922,10
12.9633598328,80.2465896606,72922,72932,10
12.9638795853,80.2468566895,72932,72942,10
12.9646396637,80.2471466064,72942,72952,10
12.9655704498,80.2474594116,72952,72963,11
12.966340065,80.2477416992,72963,72973,10
12.966509819,80.2478179932,72973,72983,10
12.9667301178,80.2479095459,72983,72993,10
12.9668798447,80.2479934692,72993,73003,10
12.9674100876,80.2482681274,73003,73013,10
12.9682397842,80.2486190796,73013,73023,10
12.9692602158,80.2490234375,73023,73033,10
12.9704198837,80.2494735718,73033,73043,10
12.9716901779,80.2498474121,73043,73053,10
12.9729700089,80.2501907349,73053,73063,10
12.9739599228,80.2504577637,73063,73074,11
12.9749002457,80.2507171631,73074,73084,10
12.9759197235,80.2509994507,73084,73094,10
12.9770402908,80.2513427734,73094,73104,10
12.9780197144,80.2520294189,73104,73114,10
12.9785299301,80.2523727417,73114,73124,10
12.9785604477,80.2523880005,73124,73134,10
12.9789800644,80.2525634766,73134,73144,10
12.9794797897,80.2526626587,73144,73165,21
12.9794797897,80.2526626587,73165,73175,10
12.9797000885,80.2527236938,73175,73185,10
12.9802904129,80.2527084351,73185,73195,10
12.9811601639,80.2526931763,73195,73205,10
12.982170105,80.2526702881,73205,73215,10
12.9833402634,80.2525482178,73215,73224,9
12.9842500687,80.2523422241,73224,73234,10
12.9848804474,80.252166748,73234,73266,32
12.9848804474,80.252166748,73266,73276,10
12.9848899841,80.2521514893,73276,73286,10
12.9853000641,80.2520370483,73286,73296,10
12.9858703613,80.2518386841,73296,73306,10
12.9864397049,80.2516937256,73306,73316,10
12.9868001938,80.2515792847,73316,73326,10
12.987159729,80.2514801025,73326,73335,9
12.9874601364,80.2513809204,73335,73345,10
12.9880504608,80.2512664795,73345,73356,11
12.9890203476,80.2510070801,73356,73366,10
12.9893198013,80.2509078979,73366,73376,10
12.9895095825,80.2508773804,73376,73387,11
12.9902296066,80.2507171631,73387,73397,10
12.9911298752,80.25050354,73397,73407,10
12.992190361,80.25025177,73407,73417,10
12.9933700562,80.2499694824,73417,73427,10
12.9945802689,80.2496566772,73427,73437,10
12.995759964,80.2493362427,73437,73447,10
12.9965801239,80.2490615845,73447,73457,10
12.9968099594,80.2490234375,73457,73467,10
12.9974603653,80.248878479,73467,73478,11
12.9984903336,80.2486495972,73478,73488,10
12.9996299744,80.2483825684,73488,73498,10
13.0008897781,80.2480621338,73498,73508,10
13.0017900467,80.2478485107,73508,73518,10
13.0021295547,80.247756958,73518,73528,10
13.0025196075,80.2476577759,73528,73538,10
13.0032701492,80.2475204468,73538,73548,10
13.004240036,80.2473831177,73548,73558,10
13.0053796768,80.247177124,73558,73568,10
13.0062999725,80.2467498779,73568,73579,11
13.0065002441,80.246131897,73579,73589,10
13.0065202713,80.2460327148,73589,73599,10
13.0065498352,80.2454910278,73599,73609,10
13.0065402985,80.2449874878,73609,73619,10
13.0065402985,80.2447280884,73619,73629,10
13.0065402985,80.2445678711,73629,73639,10
13.0065603256,80.2442474365,73639,73649,10
13.0065402985,80.243888855,73649,73659,10
13.0065402985,80.2434768677,73659,73669,10
13.0065097809,80.2429428101,73669,73680,11
13.0064897537,80.2420501709,73680,73690,10
13.006529808,80.2411193848,73690,73700,10
13.0066604614,80.2404937744,73700,73750,50
13.0066604614,80.2404937744,73750,73760,10
13.0066900253,80.2400970459,73760,73770,10
13.006819725,80.2394638062,73770,73780,10
13.0070104599,80.2385406494,73780,73791,11
13.0072402954,80.2374267578,73791,73801,10
13.007399559,80.2366714478,73801,73811,10
13.0074300766,80.2364501953,73811,73821,10
13.0075397491,80.2359924316,73821,73831,10
13.0076999664,80.2352218628,73831,73841,10
13.0078601837,80.2344970703,73841,73851,10
13.0081396103,80.2332305908,73851,73861,10
13.0083599091,80.2321166992,73861,73871,10
13.0085601807,80.231048584,73871,73881,10
13.0087604523,80.2300186157,73881,73892,11
13.0089998245,80.2288589478,73892,73902,10
13.0092802048,80.2277984619,73902,73912,10
13.009759903,80.2267303467,73912,73922,10
13.0102300644,80.2257232666,73922,73932,10
13.0106096268,80.2249221802,73932,73942,10
13.0108604431,80.2243728638,73942,73952,10
13.0109796524,80.2240371704,73952,73962,10
13.0109796524,80.224029541,73962,73972,10
13.0111198425,80.2236633301,73972,73982,10
13.011300087,80.2232589722,73982,73993,11
13.011639595,80.2225570679,73993,74003,10
13.0119800568,80.2216873169,74003,74013,10
13.012339592,80.2215805054,74013,74023,10
13.0126895905,80.2221374512,74023,74033,10
13.0133895874,80.22290802,74033,74043,10
13.0140800476,80.2237167358,74043,74053,10
13.0148096085,80.2245407104,74053,74063,10
13.0154800415,80.2250137329,74063,74073,10
13.0156402588,80.225151062,74073,74083,10
13.0160198212,80.2253417969,74083,74094,11
13.0169496536,80.2251434326,74094,74104,10
13.0179796219,80.2247467041,74104,74114,10
13.0194196701,80.2243423462,74114,74144,30
13.0194196701,80.2243423462,74144,74154,10
13.0196504593,80.2245483398,74154,74164,10
13.0202302933,80.2249679565,74164,74174,10
13.0210199356,80.2255401611,74174,74184,10
13.021780014,80.2261199951,74184,74195,11
13.0223503113,80.2266235352,74195,74205,10
13.0229301453,80.2271194458,74205,74215,10
13.0236597061,80.2277832031,74215,74225,10
13.0243902206,80.2284698486,74225,74255,30
13.0243902206,80.2284698486,74255,74265,10
13.0243501663,80.2285995483,74265,74275,10
13.0241098404,80.2284622192,74275,74285,10
13.0237598419,80.2279891968,74285,74296,11
13.022939682,80.2272186279,74296,74306,10
13.0221700668,80.2265014648,74306,74316,10
13.0215396881,80.2259902954,74316,74326,10
13.0208597183,80.225479126,74326,74336,10
13.0201396942,80.2249908447,74336,74346,10
13.0195198059,80.2245864868,74346,74356,10
13.0186195374,80.224571228,74356,74366,10
13.0176801682,80.2249526978,74366,74376,10
13.0168600082,80.2252807617,74376,74386,10
13.0163402557,80.2255020142,74386,74396,10
13.0157804489,80.2256469727,74396,74407,11
13.0151500702,80.2259216309,74407,74417,10
13.014670372,80.2261123657,74417,74427,10
13.0139598846,80.2264022827,74427,74437,10
13.0130596161,80.2267608643,74437,74447,10
13.0120897293,80.2271194458,74447,74457,10
13.0110197067,80.2275772095,74457,74467,10
13.0098600388,80.2280426025,74467,74477,10
13.0090303421,80.2288818359,74477,74487,10
13.0087795258,80.2301864624,74487,74497,10
13.0085496902,80.2315063477,74497,74508,11
13.0082902908,80.2329330444,74508,74518,10
13.0081300735,80.233757019,74518,74534,16
13.0079202652,80.2346572876,74534,74547,13
13.0077199936,80.2356796265,74547,74557,10
13.0075397491,80.2366714478,74557,74567,10
13.0073404312,80.2376174927,74567,74577,10
13.0071601868,80.2385864258,74577,74587,10
13.0069799423,80.2395095825,74587,74597,10
13.0068101883,80.2403182983,74597,74608,11
13.0066604614,80.2411499023,74608,74618,10
13.0066204071,80.2419586182,74618,74628,10
13.0066299438,80.2426376343,74628,74638,10
13.006649971,80.2430801392,74638,74647,9
13.0066604614,80.243347168,74647,74658,11
13.006649971,80.2436294556,74658,74668,10
13.006649971,80.2442703247,74668,74678,10
13.0066604614,80.2446517944,74678,74688,10
13.0066604614,80.2447662354,74688,74698,10
13.0066404343,80.2448883057,74698,74709,11
13.0066204071,80.2451019287,74709,74719,10
13.0066299438,80.2452087402,74719,74729,10
13.0066404343,80.2452926636,74729,74739,10
13.0066404343,80.2454376221,74739,74749,10
13.0066795349,80.2456665039,74749,74759,10
13.0066900253,80.2458724976,74759,74769,10
13.0066900253,80.2459106445,74769,74779,10
13.0067195892,80.2463531494,74779,74799,20
13.0067195892,80.2463531494,74799,74809,10
13.0067195892,80.2467498779,74809,74820,11
13.0067396164,80.2473602295,74820,74830,10
13.0066900253,80.2481994629,74830,74840,10
13.0067396164,80.2492980957,74840,74850,10
13.006770134,80.2504730225,74850,74860,10
13.0067901611,80.2514419556,74860,74870,10
13.0066099167,80.2521591187,74870,74880,10
13.0065202713,80.2530517578,74880,74890,10
13.0065097809,80.2540283203,74890,74900,10
13.0065603256,80.2549362183,74900,74910,10
13.0065698624,80.2559814453,74910,74921,11
13.0065698624,80.2569122314,74921,74931,10
13.0066204071,80.2573318481,74931,74979,48
13.0066204071,80.2573318481,74979,74989,10
13.0065402985,80.2575683594,74989,74998,9
13.0060396194,80.2575073242,74998,75009,11
13.0052604675,80.2573394775,75009,75021,12
13.0043897629,80.2571563721,75021,75031,10
13.0037403107,80.257019043,75031,75041,10
13.0036697388,80.2570037842,75041,75051,10
13.0034399033,80.256942749,75051,75061,10
13.0032300949,80.2568969727,75061,75070,9
13.0030202866,80.2568511963,75070,75081,11
13.0028095245,80.2568283081,75081,75090,9
13.0026102066,80.2567901611,75090,75100,10
13.0021495819,80.2566986084,75100,75111,11
13.0017404556,80.256652832,75111,75152,41
13.0017404556,80.256652832,75152,75162,10
13.0015897751,80.2566223145,75162,75172,10
13.0012302399,80.2565765381,75172,75182,10
13.0006599426,80.2565002441,75182,75192,10
12.9999904633,80.2563705444,75192,75202,10
12.9993400574,80.2562484741,75202,75212,10
12.9988603592,80.2561569214,75212,75223,11
12.9983997345,80.256072998,75223,75233,10
12.9979600906,80.2560119629,75233,75243,10
12.997759819,80.256072998,75243,75253,10
12.9977197647,80.2562179565,75253,75263,10
12.9977302551,80.256401062,75263,75273,10
12.9977302551,80.2568664551,75273,75605,332
12.9977302551,80.2568664551,75605,75615,10
12.9977798462,80.2571411133,75615,75625,10
12.9979600906,80.2568588257,75625,75636,11
12.9980401993,80.2567977905,75636,75646,10
12.9979200363,80.256652832,75646,75656,10
12.9978103638,80.2567367554,75656,75666,10
12.9977502823,80.2568969727,75666,75676,10
12.9974899292,80.2570571899,75676,75686,10
12.9971199036,80.2570419312,75686,75878,192
12.9968996048,80.2571411133,75878,76605,727
12.9969301224,80.2570800781,76605,77574,969
12.9969501495,80.2570419312,77574,79917,2343
12.9968795776,80.2570037842,79917,80371,454
12.9969797134,80.2569122314,80371,83463,3092
12.9971199036,80.2571029663,83463,84898,1435
