13.014289856,80.2256164551,1352,1695,343
13.014289856,80.2256164551,1695,1836,141
13.0141801834,80.2256164551,1836,1846,10
13.0142002106,80.225730896,1846,2926,1080
13.0142002106,80.225730896,2926,6517,3591
13.0143899918,80.2257003784,6517,6971,454
13.0142803192,80.2257385254,6971,7217,246
13.0142803192,80.2257385254,7217,17341,10124
13.0141000748,80.2260818481,17341,17351,10
13.0142002106,80.2261810303,17351,17543,192
13.0104103088,80.2252502441,17543,17624,81
13.0088796616,80.2221374512,17624,17634,10
13.008190155,80.2217102051,17634,17644,10
13.0073795319,80.2211685181,17644,17654,10
13.006480217,80.2209320068,17654,17664,10
13.0055198669,80.2206726074,17664,17674,10
13.0045900345,80.220489502,17674,17684,10
13.0036201477,80.2203598022,17684,17694,10
13.0026702881,80.2201004028,17694,17704,10
13.0018997192,80.219543457,17704,17714,10
13.0014200211,80.2189331055,17714,17725,11
13.0008802414,80.2184524536,17725,17735,10
12.9993896484,80.2177734375,17735,17745,10
12.998459816,80.2172317505,17745,17755,10
12.9975595474,80.2168731689,17755,17764,9
12.9953298569,80.2171401978,17764,17805,41
12.9935798645,80.2184371948,17805,17836,31
12.9915399551,80.2197189331,17836,17866,30
12.9885702133,80.2225265503,17866,17937,71
12.986000061,80.2229614258,17937,17971,34
12.9840097427,80.2226333618,17971,18001,30
12.9820899963,80.2216720581,18001,18031,30
12.978509903,80.2211837769,18031,18071,40
12.9759502411,80.221282959,18071,18101,30
12.9754199982,80.2208328247,18101,18131,30
12.9742002487,80.2202911377,18131,18161,30
12.969909668,80.2186279297,18161,18232,71
12.9678401947,80.2178192139,18232,18263,31
12.9650802612,80.2167434692,18263,18293,30
12.9633598328,80.216003418,18293,18324,31
12.9604196548,80.21484375,18324,18358,34
12.9572000504,80.2135314941,18358,18388,30
12.9514198303,80.2113037109,18388,18466,78
12.948559761,80.2101287842,18466,18495,29
12.9451799393,80.2088088989,18495,18525,30
12.9426603317,80.2073287964,18525,18557,32
12.9410600662,80.2060623169,18557,18587,30
12.9397802353,80.205619812,18587,18617,30
12.933719635,80.2039337158,18617,18690,73
12.9319200516,80.2033462524,18690,18720,30
12.9295501709,80.202796936,18720,18750,30
12.9285202026,80.2024612427,18750,18781,31
12.9255104065,80.1975326538,18781,18849,68
12.9235801697,80.1975021362,18849,18882,33
12.9211702347,80.1969985962,18882,18913,31
12.9196996689,80.1964874268,18913,18943,30
12.9177103043,80.1948623657,18943,18973,30
12.9170198441,80.1937026978,18973,19003,30
12.9168195724,80.1923217773,19003,19034,31
12.9157104492,80.1922531128,19034,19064,30
12.9085702896,80.190612793,19064,19138,74
12.9062099457,80.1888198853,19138,19168,30
12.9053001404,80.1882324219,19168,19198,30
12.9039897919,80.1862411499,19198,19228,30
12.9034700394,80.1840133667,19228,19259,31
12.9001998901,80.1834869385,19259,19289,30
12.8975801468,80.1821289063,19289,19320,31
12.8958702087,80.1812210083,19320,19349,29
12.8932600021,80.1798706055,19349,19382,33
12.8894996643,80.1742172241,19382,19494,112
12.8875703812,80.1732177734,19494,19524,30
12.8703203201,80.1745300293,19524,19725,201
12.8678998947,80.1759796143,19725,19755,30
12.8654603958,80.1757202148,19755,19785,30
12.8645496368,80.1753616333,19785,19815,30
12.8618803024,80.1738815308,19815,19846,31
12.8593797684,80.1727905273,19846,19876,30
12.8573799133,80.1723480225,19876,19906,30
12.8563699722,80.17212677,19906,19936,30
12.855340004,80.171836853,19936,19961,25
12.8514299393,80.1710205078,19961,20000,39
12.8423500061,80.1699523926,20000,20081,81
12.8390903473,80.169960022,20081,20111,30
12.8374795914,80.1692504883,20111,20141,30
12.8365697861,80.1687316895,20141,20171,30
12.8336200714,80.1668167114,20171,20253,82
12.8308200836,80.1655426025,20253,20284,31
12.827750206,80.1652526855,20284,20807,523
12.8277902603,80.1653289795,20807,20899,92
12.8277597427,80.1651916504,20899,20989,90
12.8278398514,80.1652526855,20989,21019,30
12.8277702332,80.1651992798,21019,21048,29
12.8277997971,80.1652297974,21048,21080,32
12.827630043,80.1651916504,21080,21231,151
12.827630043,80.1651916504,21231,21383,152
12.8278598785,80.1651687622,21383,21413,30
12.8278598785,80.1651687622,21413,21433,20
12.8272695541,80.1651611328,21433,21443,10
12.8271102905,80.1650619507,21443,21453,10
12.8268995285,80.1647109985,21453,21463,10
12.826379776,80.164390564,21463,21474,11
12.8257102966,80.1640014648,21474,21484,10
12.8249902725,80.1636428833,21484,21494,10
12.824259758,80.1632080078,21494,21504,10
12.8234796524,80.1627120972,21504,21514,10
12.8225898743,80.162322998,21514,21524,10
12.8216600418,80.1619491577,21524,21534,10
12.8207502365,80.1615600586,21534,21544,10
12.819849968,80.1611633301,21544,21554,10
12.8189401627,80.1607818604,21554,21564,10
12.8182096481,80.1604919434,21564,21574,10
12.8179798126,80.1604003906,21574,21584,10
12.8175201416,80.1603012085,21584,21595,11
12.8168697357,80.1601486206,21595,21605,10
12.8162002563,80.1600036621,21605,21615,10
12.8154602051,80.1598434448,21615,21625,10
12.8145999908,80.1596679688,21625,21635,10
12.8136901855,80.1595687866,21635,21645,10
12.8129501343,80.1594696045,21645,21655,10
12.8123903275,80.159362793,21655,21665,10
12.8116998672,80.1594161987,21665,21675,10
12.8115301132,80.1594619751,21675,21685,10
12.8112201691,80.159538269,21685,21695,10
12.810790062,80.1596832275,21695,21706,11
12.8103103638,80.1597213745,21706,21716,10
12.8100204468,80.1595306396,21716,21746,30
12.8100204468,80.1595306396,21746,21756,10
12.8103704453,80.1596832275,21756,22632,876
12.8103704453,80.1596832275,22632,22642,10
12.8108196259,80.1596679688,22642,22652,10
12.8112697601,80.1595230103,22652,22662,10
12.8116102219,80.1594314575,22662,22692,30
12.8116102219,80.1594314575,22692,22702,10
12.8118600845,80.1593933105,22702,22712,10
12.8124399185,80.1593704224,22712,22722,10
12.8131599426,80.1595230103,22722,22732,10
12.8140096664,80.1596069336,22732,22743,11
12.8150596619,80.1597824097,22743,22753,10
12.8160400391,80.1599731445,22753,22763,10
12.8166503906,80.1601028442,22763,22773,10
12.8172798157,80.1602478027,22773,22783,10
12.8178396225,80.1603775024,22783,22793,10
12.8181600571,80.1604537964,22793,22803,10
12.8183803558,80.1605300903,22803,22813,10
12.8188800812,80.1607437134,22813,22823,10
12.819609642,80.1610565186,22823,22833,10
12.8205003738,80.1614532471,22833,22843,10
12.8214797974,80.161857605,22843,22854,11
12.822640419,80.1623306274,22854,22864,10
12.8235998154,80.1627731323,22864,22874,10
12.8243904114,80.1632995605,22874,22884,10
12.8251600266,80.1637496948,22884,22894,10
12.8259496689,80.1641387939,22894,22904,10
12.8266496658,80.1645812988,22904,22914,10
12.8270597458,80.1648483276,22914,22924,10
12.8275003433,80.1651306152,22924,22944,20
12.8275003433,80.1651306152,22944,22954,10
12.8276100159,80.1651306152,22954,22965,11
12.8277797699,80.1651687622,22965,22975,10
12.8277797699,80.1652374268,22975,22985,10
12.827870369,80.1651763916,22985,22995,10
12.8283901215,80.1652297974,22995,23005,10
12.8291797638,80.1653213501,23005,23015,10
12.8302001953,80.1654586792,23015,23025,10
12.8313302994,80.1657104492,23025,23035,10
12.8323898315,80.1661071777,23035,23045,10
12.8333501816,80.1666030884,23045,23055,10
12.8335895538,80.1667480469,23055,23065,10
12.8339395523,80.1669387817,23065,23075,10
12.834569931,80.1672897339,23075,23086,11
12.8353595734,80.16771698,23086,23096,10
12.8358001709,80.1678466797,23096,23106,10
12.8359804153,80.168182373,23106,23116,10
12.8362197876,80.1685791016,23116,23126,10
12.8364496231,80.1686782837,23126,23136,10
12.836930275,80.1688079834,23136,23146,10
12.8371295929,80.1689300537,23146,23156,10
12.8373298645,80.1691818237,23156,23166,10
12.8379001617,80.1693191528,23166,23176,10
12.8384895325,80.1696929932,23176,23197,21
12.8384895325,80.1696929932,23197,23207,10
12.8389902115,80.1698379517,23207,23217,10
12.8396701813,80.1699905396,23217,23227,10
12.8405199051,80.1699371338,23227,23237,10
12.8416404724,80.1699676514,23237,23247,10
12.84278965,80.169960022,23247,23257,10
12.8439598083,80.1700897217,23257,23267,10
12.84512043,80.1701812744,23267,23277,10
12.8462896347,80.170249939,23277,23287,10
12.8472204208,80.1703109741,23287,23297,10
12.8482999802,80.1704864502,23297,23308,11
12.8495597839,80.1707000732,23308,23318,10
12.8507003784,80.1708984375,23318,23328,10
12.8517999649,80.171081543,23328,23337,9
12.8527803421,80.1712188721,23337,23347,10
12.8538999557,80.1714096069,23347,23358,11
12.8551197052,80.1717529297,23358,23368,10
12.8561401367,80.1720428467,23368,23378,10
12.8564500809,80.17212677,23378,23388,10
12.8566398621,80.1721801758,23388,23479,91
12.8602104187,80.1731414795,23479,23489,10
12.8608198166,80.1733703613,23489,23499,10
12.861700058,80.173789978,23499,23509,10
12.8627004623,80.1742401123,23509,23519,10
12.8636903763,80.1748580933,23519,23528,9
12.864569664,80.1753921509,23528,23540,12
12.8653297424,80.175743103,23540,23550,10
12.865650177,80.175819397,23550,23590,40
12.8668899536,80.1758117676,23590,23600,10
12.8675498962,80.1759414673,23600,23610,10
12.868350029,80.1758728027,23610,23620,10
12.8690595627,80.1753692627,23620,23630,10
12.8698701859,80.1748123169,23630,23639,9
12.8705797195,80.1743087769,23639,23651,12
12.8716897964,80.173576355,23651,23661,10
12.8726396561,80.1729507446,23661,23671,10
12.8735599518,80.1723480225,23671,23681,10
12.8744897842,80.1717376709,23681,23691,10
12.875869751,80.1708374023,23691,23709,18
12.875869751,80.1708374023,23709,23793,84
12.8803300858,80.170463562,23793,23803,10
12.8808002472,80.1706466675,23803,23813,10
12.8809404373,80.1707077026,23813,23823,10
12.8814096451,80.1708679199,23823,23833,10
12.881480217,80.1708984375,23833,23843,10
12.8816099167,80.1709365845,23843,23853,10
12.8821001053,80.1709365845,23853,23863,10
12.8825397491,80.1706237793,23863,23873,10
12.8826599121,80.1706466675,23873,23884,11
12.8831100464,80.1708984375,23884,23894,10
12.8837795258,80.171257019,23894,23904,10
12.88463974,80.1716918945,23904,23914,10
12.8856201172,80.1722106934,23914,23924,10
12.8864297867,80.1726303101,23924,23934,10
12.8873500824,80.1731033325,23934,23944,10
12.8883304596,80.1736068726,23944,23954,10
12.8892498016,80.1740875244,23954,23964,10
12.889670372,80.1743164063,23964,23974,10
12.8899803162,80.1743469238,23974,23984,10
12.8903102875,80.1744995117,23984,23995,11
12.8907003403,80.1750488281,23995,24005,10
12.8910398483,80.1757125854,24005,24015,10
12.8915996552,80.1766433716,24015,24035,20
12.8915996552,80.1766433716,24035,24055,20
12.8918304443,80.1776123047,24055,24065,10
12.8922901154,80.1781387329,24065,24075,10
12.8928098679,80.1789093018,24075,24086,11
12.893409729,80.1799316406,24086,24095,9
12.8939504623,80.1802368164,24095,24126,31
12.8939504623,80.1802368164,24126,24136,10
12.8942604065,80.1803665161,24136,24146,10
12.8948202133,80.1806564331,24146,24156,10
12.8956003189,80.181060791,24156,24166,10
12.8965196609,80.1815185547,24166,24176,10
12.8976402283,80.1820983887,24176,24207,31
12.8976402283,80.1820983887,24207,24216,9
12.8980197906,80.1822967529,24216,24227,11
12.8986902237,80.1826171875,24227,24237,10
12.8994398117,80.1830062866,24237,24247,10
12.9003000259,80.1834182739,24247,24257,10
12.9012002945,80.1838226318,24257,24267,10
12.9022397995,80.1841201782,24267,24277,10
12.9032897949,80.1844024658,24277,24287,10
12.9041404724,80.1848220825,24287,24297,10
12.9041204453,80.1856994629,24297,24307,10
12.9040803909,80.186630249,24307,24317,10
12.9040699005,80.1870117188,24317,24327,10
12.9042701721,80.1874771118,24327,24338,11
12.9048500061,80.1878204346,24338,24348,10
12.905380249,80.1881637573,24348,24358,10
12.9058504105,80.1884689331,24358,24368,10
12.9064397812,80.188873291,24368,24378,10
12.9066801071,80.1890182495,24378,24388,10
12.9068698883,80.189163208,24388,24398,10
12.9072904587,80.1894607544,24398,24408,10
12.9078502655,80.1899032593,24408,24418,10
12.9084196091,80.1903686523,24418,24428,10
12.9091596603,80.1909103394,24428,24438,10
12.9098901749,80.1914596558,24438,24449,11
12.9108495712,80.1917037964,24449,24459,10
12.9117603302,80.1918029785,24459,24469,10
12.9123497009,80.1918411255,24469,24479,10
12.9123601913,80.1918411255,24479,24600,121
12.9173898697,80.1910018921,24600,24610,10
12.9174003601,80.1904602051,24610,24620,10
12.9173698425,80.1903076172,24620,24630,10
12.9174404144,80.1901779175,24630,24953,323
12.9275302887,80.1980895996,24953,24963,10
12.9281301498,80.1985168457,24963,24973,10
12.928440094,80.1995773315,24973,24983,10
12.9286203384,80.2004013062,24983,24993,10
12.9285697937,80.2015533447,24993,25003,10
12.928560257,80.2021026611,25003,25014,11
12.9289598465,80.2026977539,25014,25024,10
12.9296102524,80.2030792236,25024,25044,20
12.9296102524,80.2026824951,25044,25054,10
12.9296998978,80.2027816772,25054,25064,10
12.9302101135,80.2028579712,25064,25074,10
12.9308795929,80.2029418945,25074,25084,10
12.9315395355,80.2031784058,25084,25256,172
12.9400196075,80.2055969238,25256,25266,10
12.9400396347,80.2056121826,25266,25841,575
12.9687595367,80.2180709839,25841,25851,10
12.9696598053,80.2183837891,25851,25861,10
12.9706001282,80.2187194824,25861,25891,30
12.9708099365,80.2187805176,25891,25901,10
12.9711198807,80.2189865112,25901,25911,10
12.9714803696,80.2191619873,25911,25922,11
12.9721603394,80.2194137573,25922,25932,10
12.972990036,80.2196121216,25932,25942,10
12.9737195969,80.2200088501,25942,25952,10
12.9745197296,80.2203826904,25952,25962,10
12.9751596451,80.2206268311,25962,25972,10
12.9755001068,80.2209625244,25972,25992,20
12.975279808,80.2207183838,25992,26022,30
12.975279808,80.2207183838,26022,26032,10
12.9753503799,80.2207489014,26032,26043,11
12.9755802155,80.2208404541,26043,26053,10
12.9759197235,80.2211074829,26053,26063,10
12.9761896133,80.221206665,26063,26073,10
12.9763097763,80.2211685181,26073,26103,30
12.9763097763,80.2211685181,26103,26113,10
12.9764099121,80.2211532593,26113,26124,11
12.9763202667,80.2211914063,26124,26133,9
12.9770698547,80.2211685181,26133,26144,11
12.9777698517,80.221206665,26144,26154,10
12.9783496857,80.2211914063,26154,26174,20
12.9802799225,80.2209091187,26174,26184,10
12.981089592,80.2210235596,26184,26194,10
12.9817399979,80.2213363647,26194,26204,10
12.9823102951,80.2216873169,26204,26214,10
12.982749939,80.221862793,26214,26224,10
12.9832696915,80.2219772339,26224,26234,10
12.9836502075,80.2221679688,26234,26245,11
12.9834098816,80.2221832275,26245,26255,10
12.9838104248,80.2222900391,26255,26305,50
12.9856395721,80.2230911255,26305,26315,10
12.9863500595,80.2229537964,26315,26325,10
12.986700058,80.2228927612,26325,26335,10
12.9870004654,80.2229385376,26335,26345,10
12.9873304367,80.2229766846,26345,26375,30
12.988820076,80.2220916748,26375,26386,11
12.9894599915,80.2215576172,26386,26396,10
12.9900398254,80.2206192017,26396,26406,10
12.990480423,80.2203369141,26406,26416,10
12.9905796051,80.2202835083,26416,26426,10
12.9908895493,80.2200317383,26426,26436,10
12.9914197922,80.2196807861,26436,26446,10
12.9920902252,80.2192382813,26446,26456,10
12.9929199219,80.2186279297,26456,26466,10
12.9937601089,80.2179718018,26466,26476,10
12.9944601059,80.2175292969,26476,26485,9
12.9952001572,80.2169723511,26485,26497,12
12.9962596893,80.216583252,26497,26507,10
12.9970502853,80.2164993286,26507,26517,10
12.9972600937,80.2164993286,26517,26527,10
12.9973602295,80.2164993286,26527,26537,10
12.9976701736,80.2165222168,26537,26547,10
12.9976797104,80.2165298462,26547,26557,10
12.9980201721,80.2165908813,26557,26567,10
12.9985599518,80.2167510986,26567,26577,10
12.9992399216,80.217086792,26577,26587,10
12.9998502731,80.2174530029,26587,26597,10
13.0004701614,80.2178192139,26597,26608,11
13.001159668,80.2182617188,26608,26618,10
13.0018796921,80.2188262939,26618,26628,10
13.0026302338,80.2195892334,26628,26638,10
13.0034999847,80.2200012207,26638,26648,10
13.0042295456,80.2202987671,26648,26658,10
13.0048398972,80.2203826904,26658,26668,10
13.0050401688,80.2203903198,26668,26678,10
13.0052995682,80.2203903198,26678,26688,10
13.0059204102,80.2205200195,26688,26698,10
13.0066099167,80.2206726074,26698,26708,10
13.0073699951,80.2210464478,26708,26718,10
13.0082397461,80.2215270996,26718,26729,11
13.0092802048,80.2221069336,26729,26739,10
13.0102701187,80.2226409912,26739,26749,10
13.0109901428,80.2229919434,26749,26759,10
13.0113201141,80.2231292725,26759,26769,10
13.011469841,80.2230987549,26769,26779,10
13.0116300583,80.2226715088,26779,26789,10
13.0118398666,80.2219009399,26789,26799,10
13.0122003555,80.2214202881,26799,26809,10
13.0123701096,80.2215576172,26809,26819,10
13.0126695633,80.2220230103,26819,26828,9
13.0130996704,80.2225189209,26828,26840,12
13.0138196945,80.2232666016,26840,26850,10
13.0144500732,80.2240066528,26850,26860,10
13.0150299072,80.2246322632,26860,26870,10
13.0153303146,80.224899292,26870,26880,10
13.0154895782,80.2249984741,26880,26890,10
13.0154895782,80.2250137329,26890,26900,10
13.0155801773,80.2250976563,26900,26910,10
13.0160903931,80.2253265381,26910,26920,10
13.0168199539,80.2251968384,26920,26929,9
13.017539978,80.2249221802,26929,26940,11
13.018529892,80.2245178223,26940,26951,11
13.0193500519,80.2244033813,26951,26961,10
13.0197601318,80.2245635986,26961,26971,10
13.0202503204,80.2249832153,26971,26981,10
13.0208501816,80.2253799438,26981,26991,10
13.0217695236,80.226020813,26991,27021,30
13.0220003128,80.2261962891,27021,27031,10
13.0220003128,80.2261962891,27031,27041,10
13.0224704742,80.2266387939,27041,27050,9
13.0229902267,80.2271270752,27050,27061,11
13.0236597061,80.2277603149,27061,27072,11
13.024140358,80.2283172607,27072,27082,10
13.0244598389,80.2286987305,27082,27092,10
13.0249300003,80.2293319702,27092,27102,10
13.0254602432,80.2300720215,27102,27112,10
13.0258998871,80.2308883667,27112,27122,10
13.0260801315,80.2313766479,27122,27132,10
13.0264596939,80.2313079834,27132,27142,10
13.0272302628,80.2310791016,27142,27152,10
13.0280303955,80.2309494019,27152,27162,10
13.0285997391,80.2308883667,27162,27173,11
13.0286197662,80.2308807373,27173,27183,10
13.0289201736,80.2308807373,27183,27193,10
13.0294704437,80.2308502197,27193,27213,20
13.0294704437,80.2308502197,27213,27223,10
13.0295696259,80.2307891846,27223,27233,10
13.0300397873,80.2307891846,27233,27243,10
13.0306997299,80.2307434082,27243,27253,10
13.0313396454,80.2306976318,27253,27263,10
13.0321302414,80.2306289673,27263,27273,10
13.0329904556,80.2305603027,27273,27283,10
13.0337696075,80.2304992676,27283,27294,11
13.0344600677,80.2303924561,27294,27324,30
13.0343198776,80.2303695679,27324,27334,10
13.0344800949,80.2298812866,27334,27788,454
13.0343503952,80.2299499512,27788,28504,716
13.0343503952,80.2299499512,28504,28514,10
13.0342102051,80.23021698,28514,28534,20
13.0342102051,80.23021698,28534,28544,10
13.0340795517,80.2304077148,28544,28555,11
13.0336799622,80.2303771973,28555,28565,10
13.0330400467,80.2304611206,28565,28575,10
13.0322504044,80.2305603027,28575,28585,10
13.0314998627,80.2306518555,28585,28595,10
13.0308704376,80.2307128906,28595,28605,10
13.0304298401,80.230758667,28605,28615,10
13.0298299789,80.2308197021,28615,28625,10
13.0297002792,80.2308273315,28625,28635,10
13.0293502808,80.2308807373,28635,28645,10
13.028719902,80.2309417725,28645,28655,10
13.0280103683,80.2310180664,28655,28666,11
13.0276899338,80.2311782837,28666,28676,10
13.0277299881,80.2316589355,28676,28686,10
13.0277996063,80.232208252,28686,28696,10
13.0278701782,80.2327804565,28696,28706,10
13.0273399353,80.2329177856,28706,28716,10
13.0267496109,80.2330780029,28716,28776,60
13.0267496109,80.2330780029,28776,28787,11
13.0266599655,80.2330169678,28787,28797,10
13.0264396667,80.2329711914,28797,28807,10
13.0262899399,80.2326202393,28807,28817,10
13.0261802673,80.2321777344,28817,28827,10
13.0260400772,80.2316513062,28827,28837,10
13.0259199142,80.2311782837,28837,28847,10
13.025759697,80.230758667,28847,28857,10
13.0255298615,80.2303237915,28857,28867,10
13.0252895355,80.2299804688,28867,28877,10
13.0250196457,80.229598999,28877,28887,10
13.024720192,80.2292098999,28887,28898,11
13.0245199203,80.2289581299,28898,28908,10
13.0242395401,80.2285995483,28908,28918,10
13.0238103867,80.2280807495,28918,28928,10
13.023440361,80.2276916504,28928,28938,10
13.0228996277,80.2273483276,28938,28958,20
13.0228996277,80.2273483276,28958,28968,10
13.022769928,80.227180481,28968,28978,10
13.0225496292,80.2268676758,28978,28988,10
13.0221996307,80.2265319824,28988,28998,10
13.0216598511,80.2260665894,28998,29008,10
13.0210199356,80.2255783081,29008,29019,11
13.0201997757,80.2250289917,29019,29029,10
13.0197000504,80.2247085571,29029,29039,10
13.0189800262,80.2245330811,29039,29049,10
13.018119812,80.224822998,29049,29059,10
13.0171804428,80.2252731323,29059,29099,40
13.014289856,80.2262802124,29099,29119,20
13.014289856,80.2262802124,29119,29130,11
13.0139799118,80.2264099121,29130,29140,10
13.0134401321,80.2266082764,29140,29150,10
13.0127000809,80.2268829346,29150,29160,10
13.0118398666,80.2272109985,29160,29170,10
13.0109300613,80.2275772095,29170,29180,10
13.0100698471,80.2279281616,29180,29190,10
13.0094804764,80.2277374268,29190,29200,10
13.0096998215,80.2272415161,29200,29210,10
13.0099897385,80.2265701294,29210,29220,10
13.0103302002,80.225769043,29220,29230,10
13.0106096268,80.225112915,29230,29240,10
13.0107803345,80.2247161865,29240,29251,11
13.0108804703,80.2243270874,29251,29261,10
13.0111703873,80.2236099243,29261,29271,10
13.0112199783,80.2231521606,29271,29281,10
13.0109901428,80.2230606079,29281,29291,10
13.0106601715,80.2228775024,29291,29301,10
13.010310173,80.2227172852,29301,29311,10
13.0101900101,80.2225189209,29311,29321,10
13.0098800659,80.2224731445,29321,29331,10
13.0093002319,80.2221679688,29331,29341,10
13.0086097717,80.2218017578,29341,29350,9
13.0079097748,80.2214508057,29350,29362,12
13.0068397522,80.2208404541,29362,29372,10
13.0058002472,80.2205505371,29372,29382,10
13.0047998428,80.2203369141,29382,29392,10
13.0045995712,80.2202835083,29392,29402,10
13.0043401718,80.2201919556,29402,29412,10
13.0037498474,80.2200927734,29412,29422,10
13.0030698776,80.2198562622,29422,29432,10
13.0022697449,80.2193222046,29432,29442,10
13.001660347,80.2186737061,29442,29452,10
13.0008296967,80.2181396484,29452,29463,11
12.9998998642,80.2176437378,29463,29533,70
12.9970703125,80.2165603638,29533,29543,10
12.9967699051,80.2165679932,29543,29553,10
12.9963502884,80.2165985107,29553,29563,10
12.9956998825,80.2165908813,29563,29573,10
12.9948701859,80.216468811,29573,29634,61
12.9913597107,80.2198410034,29634,29644,10
12.99077034,80.2203292847,29644,29664,20
12.9906902313,80.2201919556,29664,29674,10
12.9904003143,80.2204666138,29674,29684,10
12.9898996353,80.2209396362,29684,29694,10
12.9895095825,80.2214279175,29694,29705,11
12.9890203476,80.2220916748,29705,29715,10
12.988360405,80.2227020264,29715,29725,10
12.987830162,80.2230834961,29725,29735,10
12.9876098633,80.2231369019,29735,29745,10
12.9874601364,80.2230987549,29745,29755,10
12.9872198105,80.2230606079,29755,29765,10
12.9871101379,80.22315979,29765,29816,51
12.9842195511,80.2227096558,29816,29826,10
12.9836301804,80.2224273682,29826,29836,10
12.9832000732,80.2221603394,29836,29846,10
12.983039856,80.2221069336,29846,29856,10
12.9831199646,80.2220230103,29856,29866,10
12.9827003479,80.2218475342,29866,29876,10
12.982460022,80.2218093872,29876,29886,10
12.9822301865,80.2217178345,29886,29896,10
12.9817800522,80.2214584351,29896,29905,9
12.9814300537,80.2212219238,29905,29916,11
12.9809598923,80.2210388184,29916,29927,11
12.9802103043,80.2211608887,29927,29947,20
12.9785995483,80.2212219238,29947,29957,10
12.9778699875,80.2211380005,29957,29967,10
12.9771995544,80.2212219238,29967,29977,10
12.9764099121,80.221206665,29977,30048,71
12.9755496979,80.2209777832,30048,30058,10
12.9755001068,80.220916748,30058,30068,10
12.9753904343,80.2208328247,30068,30078,10
12.9750204086,80.2206420898,30078,30088,10
12.9744100571,80.2203521729,30088,30098,10
12.9737501144,80.2200698853,30098,30108,10
12.9730396271,80.2198181152,30108,30118,10
12.9722299576,80.2195281982,30118,30128,10
12.971570015,80.2193069458,30128,30138,10
12.9711503983,80.2191925049,30138,30149,11
12.9708995819,80.219078064,30149,30179,30
12.9709396362,80.2191390991,30179,30189,10
12.9707403183,80.2190628052,30189,30199,10
12.9705400467,80.2189712524,30199,30229,30
12.9685602188,80.2180786133,30229,30238,9
12.968170166,80.2179412842,30238,30249,11
12.9677400589,80.2177581787,30249,30259,10
12.9673299789,80.2176132202,30259,30269,10
12.9668197632,80.2174301147,30269,30280,11
12.9658603668,80.217048645,30280,30320,40
12.9658603668,80.217048645,30320,30391,71
12.9652004242,80.2167892456,30391,30401,10
12.9643802643,80.2164535522,30401,30411,10
12.9636802673,80.2161331177,30411,30421,10
12.9631996155,80.2158889771,30421,30431,10
12.9628801346,80.2157592773,30431,30451,20
12.9628801346,80.2157592773,30451,30461,10
12.9628400803,80.2157897949,30461,30471,10
12.9625997543,80.2156829834,30471,30481,10
12.9624099731,80.2155914307,30481,30491,10
12.9624300003,80.2155914307,30491,30502,11
12.9623603821,80.2155685425,30502,30512,10
12.9620399475,80.2154312134,30512,30522,10
12.9616298676,80.2152786255,30522,30532,10
12.9610300064,80.215057373,30532,30542,10
12.9603099823,80.2147827148,30542,30552,10
12.9596204758,80.2144927979,30552,30562,10
12.9589796066,80.2142181396,30562,30602,40
12.9560499191,80.2130889893,30602,30875,273
12.9429502487,80.2076797485,30875,30885,10
12.942700386,80.2072601318,30885,31349,464
12.9259595871,80.1974868774,31349,31359,10
12.9254903793,80.1975784302,31359,31369,10
12.9250202179,80.197517395,31369,31379,10
12.9243097305,80.1975097656,31379,31389,10
12.9235200882,80.1974868774,31389,31399,10
12.922829628,80.1973876953,31399,31409,10
12.9220399857,80.1973190308,31409,31430,21
12.9220399857,80.1973190308,31430,31440,10
12.9217996597,80.1972122192,31440,31450,10
12.9213104248,80.1970367432,31450,31470,20
12.9213104248,80.1970367432,31470,31480,10
12.9212398529,80.1969985962,31480,31490,10
12.9210500717,80.1969070435,31490,31500,10
12.9207000732,80.1968002319,31500,31510,10
12.9201698303,80.1966171265,31510,31520,10
12.9195804596,80.1964111328,31520,31529,9
12.9193201065,80.1962509155,31529,31541,12
12.9189195633,80.1959381104,31541,31551,10
12.9185800552,80.195640564,31551,31561,10
12.918129921,80.1952133179,31561,31571,10
12.9175596237,80.1947174072,31571,31581,10
12.9171895981,80.1943435669,31581,31591,10
12.9172897339,80.1943817139,31591,31601,10
12.9171800613,80.1942825317,31601,31611,10
12.9169998169,80.193901062,31611,31621,10
12.916970253,80.1932830811,31621,31631,10
12.9171104431,80.1924514771,31631,31662,31
12.9171104431,80.1924514771,31662,31672,10
12.9169101715,80.1923065186,31672,31682,10
12.9166297913,80.1923065186,31682,31702,20
12.9166297913,80.1923065186,31702,31752,50
12.9148702621,80.1922836304,31752,31763,11
12.9141597748,80.1921463013,31763,31773,10
12.9132299423,80.1920623779,31773,31783,10
12.9125900269,80.1919403076,31783,31843,60
12.9100999832,80.1914672852,31843,31853,10
12.9093999863,80.1913070679,31853,32045,192
12.9040403366,80.1851730347,32045,32055,10
12.9039697647,80.184677124,32055,32065,10
12.9033298492,80.184463501,32065,32075,10
12.9026002884,80.1842422485,32075,32085,10
12.9016103745,80.1840667725,32085,32095,10
12.9007101059,80.1837234497,32095,32105,10
12.8997602463,80.183052063,32105,32116,11
12.8984804153,80.1823425293,32116,32126,10
12.897939682,80.1822662354,32126,32136,10
12.8974103928,80.1819992065,32136,32146,10
12.8972797394,80.1819381714,32146,32176,30
12.8972797394,80.1819381714,32176,32196,20
12.8964500427,80.1815185547,32196,32207,11
12.8956098557,80.1811294556,32207,32217,10
12.8945503235,80.1806335449,32217,32227,10
12.8939199448,80.1802597046,32227,32237,10
12.8933000565,80.179977417,32237,32247,10
12.8932800293,80.1799697876,32247,32257,10
12.8932199478,80.1798324585,32257,32267,10
12.8929395676,80.1792526245,32267,32277,10
12.8925695419,80.1785507202,32277,32287,10
12.8916301727,80.1768417358,32287,32297,10
12.8914899826,80.176612854,32297,32317,20
12.8914899826,80.176612854,32317,32337,20
12.8908901215,80.175453186,32337,32348,11
12.8903799057,80.1745910645,32348,32358,10
12.8899002075,80.1743774414,32358,32368,10
12.8895702362,80.1742630005,32368,32378,10
12.8892803192,80.1740875244,32378,32388,10
12.8887195587,80.173789978,32388,32398,10
12.8879899979,80.1733932495,32398,32408,10
12.8871097565,80.1729202271,32408,32418,10
12.8860902786,80.1724014282,32418,32428,10
12.8851003647,80.1718673706,32428,32438,10
12.8840799332,80.17137146,32438,32448,10
12.8831100464,80.1708679199,32448,32459,11
12.8823604584,80.1706008911,32459,32469,10
12.8823099136,80.1706619263,32469,32479,10
12.8821001053,80.1709594727,32479,32489,10
12.8815603256,80.1709365845,32489,32499,10
12.8811903,80.1707992554,32499,32509,10
12.8805999756,80.1705780029,32509,32519,10
12.8800697327,80.1703262329,32519,32529,10
12.8799695969,80.1702575684,32529,32539,10
12.879529953,80.1700134277,32539,32549,10
12.8787498474,80.1699981689,32549,32559,10
12.8777399063,80.1702270508,32559,32570,11
12.8765497208,80.1706619263,32570,32579,9
12.8758602142,80.1708984375,32579,32590,11
12.8756904602,80.1709289551,32590,32600,10
12.8752803802,80.1711883545,32600,32670,70
12.8688201904,80.1755599976,32670,32680,10
12.8680696487,80.1759796143,32680,32691,11
12.8671598434,80.1759414673,32691,32701,10
12.8668498993,80.1758422852,32701,32711,10
12.8663396835,80.1757965088,32711,32721,10
12.8655700684,80.1757736206,32721,32731,10
12.8652200699,80.1756973267,32731,32741,10
12.8651599884,80.1756973267,32741,32751,10
12.8648099899,80.1755523682,32751,32761,10
12.8642301559,80.1751785278,32761,32771,10
12.8635101318,80.1747207642,32771,32781,10
12.8626203537,80.1741867065,32781,32791,10
12.8621997833,80.1739730835,32791,32802,11
12.8618803024,80.1738586426,32802,32812,10
12.8612804413,80.173576355,32812,32822,10
12.8605203629,80.173248291,32822,32832,10
12.8597002029,80.1728897095,32832,32842,10
12.8595895767,80.1728363037,32842,32852,10
12.8592596054,80.1726837158,32852,32862,10
12.8586397171,80.1725234985,32862,32872,10
12.8578395844,80.1723937988,32872,32882,10
12.8573799133,80.1723175049,32882,32892,10
12.857049942,80.1722793579,32892,32902,10
12.8565502167,80.1721878052,32902,32913,11
12.8561496735,80.1720581055,32913,33185,272
12.8367099762,80.1689529419,33185,33195,10
12.8365001678,80.1689300537,33195,33326,131
12.8297996521,80.1654510498,33326,33336,10
12.8289203644,80.1652832031,33336,33346,10
12.828040123,80.1651611328,33346,33356,10
12.8276100159,80.1651229858,33356,33377,21
12.8276100159,80.1651077271,33377,33397,20
12.8276100159,80.1651077271,33397,33407,10
12.8273601532,80.1650619507,33407,33417,10
12.8270301819,80.1648178101,33417,33427,10
12.8265895844,80.1645431519,33427,33437,10
12.825920105,80.1641235352,33437,33447,10
12.8251800537,80.1637268066,33447,33457,10
12.8243703842,80.163230896,33457,33468,11
12.8234195709,80.1625213623,33468,33477,9
12.8226499557,80.1623001099,33477,33488,11
12.8215503693,80.1618881226,33488,33498,10
12.8205795288,80.1614837646,33498,33508,10
12.8195800781,80.1610336304,33508,33518,10
12.8190097809,80.1607971191,33518,33528,10
12.8187303543,80.1606674194,33528,33538,10
12.81828022,80.1604919434,33538,33548,10
12.8180799484,80.16040802,33548,33558,10
12.8176202774,80.1603164673,33558,33568,10
12.8172302246,80.1602172852,33568,33578,10
12.8171701431,80.1602020264,33578,33588,10
12.8166799545,80.1601028442,33588,33598,10
12.8159799576,80.159942627,33598,33609,11
12.8155899048,80.159866333,33609,33619,10
12.8148803711,80.1597213745,33619,33629,10
12.8139896393,80.159576416,33629,33639,10
12.8129501343,80.1594390869,33639,33649,10
12.8116598129,80.1594085693,33649,33669,20
12.8116598129,80.1594085693,33669,33679,10
12.8114500046,80.1594772339,33679,33689,10
12.8108901978,80.1596374512,33689,33699,10
12.8102903366,80.1597290039,33699,33709,10
12.8100099564,80.1595687866,33709,33730,21
12.8100099564,80.1595687866,33730,33740,10
12.8103199005,80.1596984863,33740,34042,302
12.8104696274,80.1597900391,34042,34254,212
12.8103704453,80.1597137451,34254,34557,303
12.8103704453,80.1597137451,34557,34567,10
12.8104896545,80.1597366333,34567,34577,10
12.8106098175,80.1597366333,34577,34587,10
12.8108901978,80.15965271,34587,34597,10
12.8111896515,80.1595306396,34597,34607,10
12.811630249,80.1594467163,34607,34627,20
12.811630249,80.1594467163,34627,34636,9
12.8117904663,80.1593780518,34636,34648,12
12.8122596741,80.1593322754,34648,34658,10
12.8128995895,80.1594467163,34658,34668,10
12.8136997223,80.1595687866,34668,34678,10
12.8145399094,80.1596603394,34678,34688,10
12.8152999878,80.1598205566,34688,34698,10
12.8161897659,80.1600189209,34698,34708,10
12.817150116,80.1602325439,34708,34718,10
12.8178501129,80.1604003906,34718,34728,10
12.8181800842,80.1604995728,34728,34738,10
12.8184604645,80.1605911255,34738,34748,10
12.8190603256,80.1608276367,34748,34757,9
12.8197097778,80.1611175537,34757,34769,12
12.8207197189,80.1615524292,34769,34779,10
12.8215198517,80.1619110107,34779,34789,10
12.8222904205,80.1622161865,34789,34799,10
12.8230304718,80.1624984741,34799,34809,10
12.8237600327,80.1628494263,34809,34819,10
12.8245000839,80.1633605957,34819,34829,10
12.8251695633,80.1637496948,34829,34839,10
12.8257598877,80.1640396118,34839,34849,10
12.8262500763,80.1643218994,34849,34859,10
12.8266296387,80.1645736694,34859,34868,9
12.8269300461,80.1647796631,34868,34880,12
12.8268404007,80.1648406982,34880,34900,20
12.8275003433,80.1648406982,34900,34910,10
12.8274803162,80.1650695801,34910,34920,10
12.8275499344,80.1651000977,34920,34930,10
12.8278398514,80.1651611328,34930,34971,41
12.8278398514,80.1651611328,34971,34981,10
12.8281002045,80.1652297974,34981,35051,70
12.8341903687,80.1670684814,35051,35061,10
12.8350296021,80.1675491333,35061,35071,10
12.8357095718,80.1678085327,35071,35082,11
12.8359498978,80.167678833,35082,35101,19
12.8363599777,80.1685562134,35101,35112,11
12.8365802765,80.1687316895,35112,35122,10
12.8369903564,80.1688308716,35122,35132,10
12.8371896744,80.169052124,35132,35142,10
12.8375196457,80.1692581177,35142,35152,10
12.837679863,80.1692810059,35152,35162,10
12.8379802704,80.1693115234,35162,35172,10
12.8382301331,80.1694488525,35172,35182,10
12.838470459,80.1696624756,35182,35192,10
12.8385601044,80.1697235107,35192,35202,10
12.8389902115,80.1698608398,35202,35212,10
12.8396701813,80.1699676514,35212,35223,11
12.8405303955,80.1699295044,35223,35233,10
12.8415298462,80.1699523926,35233,35243,10
12.8425397873,80.1699295044,35243,35253,10
12.8435401917,80.1699981689,35253,35263,10
12.8444795609,80.1701278687,35263,35273,10
12.8455600739,80.1701583862,35273,35283,10
12.8466596603,80.1702194214,35283,35293,10
12.8476600647,80.1703414917,35293,35303,10
12.8486003876,80.1705169678,35303,35313,10
12.849650383,80.1707077026,35313,35323,10
12.8506202698,80.1708831787,35323,35333,10
12.8514795303,80.1709976196,35333,35344,11
12.8524799347,80.1711730957,35344,35354,10
12.853269577,80.171257019,35354,35364,10
12.8541402817,80.1714477539,35364,35374,10
12.8549699783,80.1716995239,35374,35384,10
12.8557395935,80.1719284058,35384,35394,10
12.8564100266,80.17212677,35394,35424,30
12.8564100266,80.17212677,35424,35434,10
12.8566598892,80.172203064,35434,35444,10
12.8569297791,80.1722412109,35444,35455,11
12.8572502136,80.1723098755,35455,35465,10
12.8576602936,80.1723403931,35465,35475,10
12.8581199646,80.1724319458,35475,35485,10
12.858880043,80.1725692749,35485,35495,10
12.8596096039,80.1728515625,35495,35505,10
12.8598098755,80.1729431152,35505,35515,10
12.8602104187,80.1731185913,35515,35525,10
12.8608503342,80.1734008789,35525,35535,10
12.8613595963,80.1736373901,35535,35545,10
12.8619699478,80.1738967896,35545,35555,10
12.8627595901,80.1742630005,35555,35565,10
12.8636798859,80.1748123169,35565,35576,11
12.8646497726,80.1753921509,35576,35586,10
12.8649902344,80.1755828857,35586,35596,10
12.8650398254,80.1756286621,35596,35606,10
12.86536026,80.1756973267,35606,35616,10
12.8654098511,80.1756896973,35616,35626,10
12.8657903671,80.175743103,35626,35636,10
12.8661603928,80.1757583618,35636,35646,10
12.8667097092,80.175819397,35646,35656,10
12.8674001694,80.1758880615,35656,35666,10
12.8681497574,80.1759185791,35666,35676,10
12.8688802719,80.1754684448,35676,35687,11
12.8697595596,80.1748733521,35687,35697,10
12.8704204559,80.1744537354,35697,35707,10
12.8711595535,80.1739120483,35707,35717,10
12.8720397949,80.1733474731,35717,35727,10
12.8729896545,80.1726989746,35727,35737,10
12.8739404678,80.1720733643,35737,35745,8
12.8798599243,80.1701507568,35745,35814,69
12.8798599243,80.1701507568,35814,35834,20
12.8803796768,80.1704406738,35834,35844,10
12.8807897568,80.1705932617,35844,35854,10
12.8816995621,80.1709594727,35854,35864,10
12.882229805,80.1708602905,35864,35874,10
12.8826503754,80.1706085205,35874,35884,10
12.8827400208,80.1706619263,35884,35894,10
12.8832197189,80.1709594727,35894,35904,10
12.883890152,80.1712875366,35904,35915,11
12.8847703934,80.1717605591,35915,35925,10
12.8856697083,80.1722412109,35925,35935,10
12.8864002228,80.1726074219,35935,35945,10
12.8872203827,80.1730270386,35945,35955,10
12.888130188,80.173500061,35955,35965,10
12.8890600204,80.1739807129,35965,35975,10
12.8895998001,80.1742706299,35975,35985,10
12.8898096085,80.174331665,35985,35995,10
12.890130043,80.1744613647,35995,36005,10
12.8904895782,80.174697876,36005,36016,11
12.8905897141,80.1750335693,36016,36024,8
12.8911600113,80.1759567261,36024,36036,12
12.8916196823,80.1767425537,36036,36046,10
12.8916196823,80.1767501831,36046,36056,10
12.8916702271,80.1769104004,36056,36066,10
12.8919095993,80.1773223877,36066,36076,10
12.8920097351,80.1775131226,36076,36086,10
12.8922595978,80.1779632568,36086,36096,10
12.8926401138,80.1786193848,36096,36106,10
12.8930501938,80.1793518066,36106,36116,10
12.8935604095,80.1800537109,36116,36127,11
12.8941802979,80.1803436279,36127,36135,8
12.893989563,80.1802062988,36135,36147,12
12.8942098618,80.1803512573,36147,36157,10
12.8947496414,80.1806182861,36157,36167,10
12.8954000473,80.1809616089,36167,36177,10
12.8959798813,80.1812591553,36177,36187,10
12.8966197968,80.1815795898,36187,36197,10
12.8972396851,80.1818771362,36197,36207,10
12.8977203369,80.1821212769,36207,36217,10
12.8981199265,80.1823425293,36217,36258,41
12.8991804123,80.1828536987,36258,36268,10
12.8999900818,80.1832733154,36268,36278,10
12.9007902145,80.1836700439,36278,36288,10
12.901720047,80.1839828491,36288,36298,10
12.9027099609,80.1842498779,36298,36308,10
12.9036903381,80.1845169067,36308,36318,10
12.9041500092,80.1850128174,36318,36328,10
12.9041595459,80.1857681274,36328,36348,20
12.9044103622,80.1875076294,36348,36359,11
12.9051303864,80.1879730225,36359,36369,10
12.90583992,80.1883621216,36369,36671,302
12.9173402786,80.1903915405,36671,36913,242
12.9188804626,80.1958389282,36913,36923,10
12.919260025,80.1961669922,36923,36933,10
12.9198999405,80.1965026855,36933,36943,10
12.9206895828,80.1967697144,36943,36954,11
12.9215602875,80.1970672607,36954,36964,10
12.9224100113,80.1972808838,36964,36974,10
12.923119545,80.1973571777,36974,36984,10
12.9236402512,80.1974182129,36984,37085,101
12.9276199341,80.1982498169,37085,37095,10
12.928030014,80.1988372803,37095,37105,10
12.9283304214,80.1995315552,37105,37115,10
12.9284896851,80.2004165649,37115,37125,10
12.9285202026,80.2013626099,37125,37135,10
12.9285802841,80.2019882202,37135,37145,10
12.9287595749,80.202583313,37145,37156,11
12.9295196533,80.2027206421,37156,37175,19
12.9294996262,80.2025985718,37175,37186,11
12.9298801422,80.2027816772,37186,37196,10
12.9304504395,80.2029037476,37196,37206,10
12.9311599731,80.2030410767,37206,37216,10
12.9319601059,80.2032699585,37216,37226,10
12.9325504303,80.2034683228,37226,37236,10
12.9332304001,80.2036514282,37236,37297,61
12.9355297089,80.2042694092,37297,37307,10
12.9363098145,80.2046279907,37307,37317,10
12.9370698929,80.2049102783,37317,37397,80
12.9406499863,80.2065811157,37397,37458,61
12.9439201355,80.2081375122,37458,37468,10
12.9446401596,80.2083816528,37468,37529,61
12.9465398788,80.2090530396,37529,37539,10
12.9471902847,80.2094421387,37539,37730,191
12.9570102692,80.2132492065,37730,37740,10
12.9575500488,80.2134628296,37740,37750,10
12.9582395554,80.2137298584,37750,37761,11
12.9590196609,80.2140731812,37761,37771,10
12.9597797394,80.2143783569,37771,37781,10
12.9605503082,80.2146911621,37781,37791,10
12.9612398148,80.2149581909,37791,37801,10
12.9620599747,80.2152633667,37801,37811,10
12.9629602432,80.2156219482,37811,37821,10
12.9635095596,80.2158508301,37821,37831,10
12.9637098312,80.2159423828,37831,37841,10
12.9641103745,80.2160797119,37841,37851,10
12.9642496109,80.2161178589,37851,37861,10
12.9642896652,80.2161636353,37861,37872,11
12.9646701813,80.2163467407,37872,37882,10
12.9652204514,80.2165985107,37882,37892,10
12.9658403397,80.2168426514,37892,37902,10
12.9664297104,80.2171020508,37902,37912,10
12.9670295715,80.2173233032,37912,37922,10
12.9676399231,80.2175598145,37922,37932,10
12.9682598114,80.2178192139,37932,37942,10
12.9690904617,80.2181396484,37942,37952,10
12.9700403214,80.2185134888,37952,37962,10
12.9707803726,80.2188186646,37962,37972,10
12.9712200165,80.2189102173,37972,37982,10
12.971329689,80.2190093994,37982,37993,11
12.9715099335,80.2190170288,37993,38003,10
12.9719495773,80.2192611694,38003,38013,10
12.9726600647,80.2195205688,38013,38023,10
12.9735202789,80.2198104858,38023,38073,50
12.9735202789,80.2198104858,38073,38083,10
12.9735803604,80.2199325562,38083,38093,10
12.9737195969,80.2199783325,38093,38104,11
12.9738903046,80.2200317383,38104,38114,10
12.9742603302,80.2202224731,38114,38124,10
12.9749002457,80.2204818726,38124,38134,10
12.9753799438,80.2206420898,38134,38144,10
12.9755802155,80.2207107544,38144,38154,10
12.975810051,80.2208786011,38154,38164,10
12.9761199951,80.2210998535,38164,38204,40
12.9761199951,80.2210998535,38204,38215,11
12.976360321,80.2211914063,38215,38225,10
12.9767198563,80.2211990356,38225,38235,10
12.9773702621,80.2211914063,38235,38245,10
12.9781398773,80.2211532593,38245,38255,10
12.978969574,80.2210769653,38255,38265,10
12.9797496796,80.2210769653,38265,38275,10
12.980340004,80.2210617065,38275,38285,10
12.9811296463,80.2210235596,38285,38295,10
12.9815597534,80.2212677002,38295,38305,10
12.9817304611,80.2213897705,38305,38316,11
12.9817304611,80.2213973999,38316,38325,9
12.9824199677,80.2217712402,38325,38336,11
12.9828195572,80.2219314575,38336,38346,10
12.9830303192,80.2220077515,38346,38356,10
12.9830703735,80.222038269,38356,38366,10
12.9831600189,80.2221984863,38366,38376,10
12.9837903976,80.2224807739,38376,38386,10
12.9843301773,80.2228088379,38386,38396,10
12.9847803116,80.2230987549,38396,38406,10
12.9853200912,80.2232818604,38406,38416,10
12.9857902527,80.2229690552,38416,38426,10
12.9864301682,80.2228927612,38426,38436,10
12.9865398407,80.2229690552,38436,38447,11
12.9865598679,80.2229919434,38447,38457,10
12.987159729,80.2229690552,38457,38467,10
12.9875497818,80.2230682373,38467,38477,10
12.9878501892,80.2229766846,38477,38487,10
12.9883298874,80.2226333618,38487,38497,10
12.9888801575,80.2220993042,38497,38507,10
12.9893102646,80.2215499878,38507,38517,10
12.9897403717,80.2209777832,38517,38527,10
12.9904403687,80.2203826904,38527,38537,10
12.9904899597,80.2203369141,38537,38548,11
12.9906797409,80.2202529907,38548,38557,9
12.9910497665,80.219909668,38557,38568,11
12.9916095734,80.2194900513,38568,38578,10
12.9920501709,80.2192230225,38578,38588,10
12.9926395416,80.2187728882,38588,38598,10
12.9932603836,80.2182769775,38598,38608,10
12.9939002991,80.2178192139,38608,38618,10
12.9944095612,80.2174606323,38618,38628,10
12.9946804047,80.2172622681,38628,38638,10
12.9951200485,80.2169570923,38638,38648,10
12.9957103729,80.2166824341,38648,38658,10
12.9963703156,80.2165527344,38658,38668,10
12.9969100952,80.2164611816,38668,38679,11
12.9976501465,80.2164306641,38679,38699,20
12.9976501465,80.2164306641,38699,38709,10
12.9981298447,80.2165679932,38709,38719,10
12.9986696243,80.2167892456,38719,38729,10
12.9993600845,80.2171325684,38729,38739,10
13.0000896454,80.2175674438,38739,38749,10
13.0008401871,80.2180404663,38749,38759,10
13.0016098022,80.2185821533,38759,38770,11
13.0022497177,80.2192611694,38770,38800,30
13.0045499802,80.2202072144,38800,38810,10
13.0047197342,80.2202682495,38810,38820,10
13.0049800873,80.2202606201,38820,38830,10
13.0055398941,80.2203826904,38830,38840,10
13.0061798096,80.2205429077,38840,38850,10
13.006939888,80.2207717896,38850,38860,10
13.0077896118,80.2212371826,38860,38870,10
13.0086698532,80.2216873169,38870,38880,10
13.0094299316,80.222076416,38880,38891,11
13.0102396011,80.2222900391,38891,38931,40
13.0101995468,80.2227020264,38931,38941,10
13.0112695694,80.2230224609,38941,38961,20
13.0112695694,80.2230224609,38961,38971,10
13.0113897324,80.2231521606,38971,38981,10
13.0115499496,80.2229995728,38981,38991,10
13.0117197037,80.2224884033,38991,39001,10
13.0120201111,80.2217483521,39001,39011,10
13.0123500824,80.2215576172,39011,39021,10
13.0126199722,80.2219390869,39021,39032,11
13.0131101608,80.2225036621,39032,39042,10
13.0135803223,80.2229995728,39042,39052,10
13.0138998032,80.2232666016,39052,39062,10
13.01404953,80.2234573364,39062,39072,10
13.0141601563,80.2236709595,39072,39082,10
13.0143604279,80.2238769531,39082,39092,10
13.0146503448,80.2242889404,39092,39102,10
13.0151500702,80.2247314453,39102,39112,10
13.0156497955,80.2250213623,39112,39131,19
13.0156497955,80.2250213623,39131,39143,12
13.0159797668,80.2252502441,39143,39153,10
13.0164003372,80.2253036499,39153,39163,10
13.0166196823,80.2252502441,39163,39173,10
13.0169095993,80.2251205444,39173,39183,10
13.0172996521,80.2249603271,39183,39193,10
13.0174198151,80.2249221802,39193,39203,10
13.017539978,80.2248687744,39203,39223,20
13.017539978,80.2248687744,39223,39233,10
13.0176496506,80.2248306274,39233,39243,10
13.017999649,80.2246932983,39243,39254,11
13.0184402466,80.2245178223,39254,39264,10
13.0187196732,80.2244110107,39264,39274,10
13.0190000534,80.2242965698,39274,39284,10
13.0193500519,80.2243423462,39284,39344,60
13.0193500519,80.2243423462,39344,39354,10
13.0197401047,80.2244796753,39354,39363,9
13.0199699402,80.2246398926,39363,39375,12
13.0203695297,80.2249221802,39375,39385,10
13.0205001831,80.2250213623,39385,39395,10
13.0207996368,80.2252502441,39395,39405,10
13.0210199356,80.225402832,39405,39415,10
13.0211801529,80.2255172729,39415,39425,10
13.0212802887,80.2256393433,39425,39435,10
13.0213499069,80.2257919312,39435,39445,10
13.0216703415,80.2259063721,39445,39465,20
13.0216703415,80.2259063721,39465,39475,10
13.0218801498,80.2260284424,39475,39496,21
13.0218801498,80.2260284424,39496,39506,10
13.0220603943,80.2261581421,39506,39516,10
13.0222902298,80.2263870239,39516,39526,10
13.0224599838,80.2265319824,39526,39536,10
13.022600174,80.2266387939,39536,39546,10
13.0226097107,80.2266464233,39546,39556,10
13.0227403641,80.2267837524,39556,39576,20
13.0227403641,80.2267837524,39576,39586,10
13.0229701996,80.2270431519,39586,39596,10
13.0230703354,80.227142334,39596,39607,11
13.0232200623,80.2272796631,39607,39617,10
13.0234498978,80.2274780273,39617,39627,10
13.0237102509,80.2276611328,39627,39637,10
13.0237197876,80.2276687622,39637,39647,10
13.0240602493,80.2279510498,39647,39667,20
13.0240602493,80.2279510498,39667,39677,10
13.0241699219,80.2281723022,39677,39687,10
13.024310112,80.2283935547,39687,39697,10
13.0244398117,80.2285766602,39697,39707,10
13.0247602463,80.2290725708,39707,39718,11
13.0254602432,80.2299194336,39718,39747,29
13.0254602432,80.2299194336,39747,39758,11
13.0257101059,80.2303390503,39758,39768,10
13.0258598328,80.2305984497,39768,39778,10
13.0258903503,80.2307128906,39778,39788,10
13.025970459,80.2309494019,39788,39798,10
13.0260601044,80.231262207,39798,39808,10
13.0262699127,80.2313079834,39808,39818,10
13.0267696381,80.2311782837,39818,39828,10
13.0275001526,80.2310180664,39828,39839,11
13.0285596848,80.2308502197,39839,39859,20
13.0285596848,80.2308502197,39859,39869,10
13.0288095474,80.2307434082,39869,39879,10
13.0294103622,80.2307281494,39879,39889,10
13.0294599533,80.2309188843,39889,39929,40
13.0294599533,80.2309188843,39929,39940,11
13.0296497345,80.230796814,39940,39950,10
13.030090332,80.2307128906,39950,39960,10
13.0301399231,80.23072052,39960,39970,10
13.0302000046,80.2306518555,39970,39980,10
13.0302200317,80.2304382324,39980,40000,20
13.0313596725,80.2306671143,40000,40010,10
13.0317602158,80.2306518555,40010,40020,10
13.0320901871,80.2306900024,40020,40091,71
13.0344600677,80.2304382324,40091,40101,10
13.0345001221,80.23046875,40101,40111,10
13.0347204208,80.2303619385,40111,40131,20
13.0347204208,80.2303619385,40131,40141,10
13.0349302292,80.2302627563,40141,40151,10
13.0350599289,80.2301483154,40151,40161,10
13.0350399017,80.2300491333,40161,40172,11
13.0343198776,80.229888916,40172,40494,322
13.0343198776,80.229888916,40494,40535,41
13.0340995789,80.2301635742,40535,40545,10
13.0341796875,80.2302017212,40545,40595,50
13.0341796875,80.2302017212,40595,40656,61
13.0341300964,80.2304763794,40656,40666,10
13.034119606,80.2304916382,40666,40676,10
13.0339899063,80.2303924561,40676,40686,10
13.0338001251,80.2304382324,40686,40696,10
13.0334196091,80.2304916382,40696,40726,30
13.0314502716,80.2306289673,40726,40736,10
13.0308599472,80.2307128906,40736,40746,10
13.0307197571,80.2307434082,40746,40756,10
13.0305099487,80.230758667,40756,40767,11
13.0301198959,80.2307662964,40767,40847,80
13.0276603699,80.231010437,40847,40857,10
13.0276098251,80.2312469482,40857,40868,11
13.0276899338,80.2317810059,40868,40878,10
13.0277500153,80.2322235107,40878,40898,20
13.0274400711,80.2329101563,40898,40908,10
13.0274295807,80.2328720093,40908,40918,10
13.0277700424,80.2329101563,40918,41019,101
13.0250902176,80.2297134399,41019,41029,10
13.0251398087,80.2296066284,41029,41039,10
13.0250797272,80.2296218872,41039,41049,10
13.0250597,80.2296829224,41049,41059,10
13.0249996185,80.2295608521,41059,41069,10
13.0247602463,80.2292404175,41069,41079,10
13.0246400833,80.2290878296,41079,41089,10
13.0244998932,80.2288818359,41089,41099,10
13.0242795944,80.2286224365,41099,41110,11
13.0240097046,80.2282714844,41110,41120,10
13.0236597061,80.2278289795,41120,41130,10
13.0229597092,80.2274475098,41130,41150,20
13.0225801468,80.2269134521,41150,41190,40
13.0225801468,80.2269134521,41190,41221,31
13.0204200745,80.2252578735,41221,41231,10
13.0199298859,80.2248306274,41231,41392,161
13.0142402649,80.2253799438,41392,41513,121
13.0142402649,80.2253799438,41513,41523,10
13.0141601563,80.2252502441,41523,41533,10
13.0143404007,80.2254714966,41533,41543,10
13.0142498016,80.2258605957,41543,41553,10
13.0142297745,80.2261428833,41553,41564,11
13.0141201019,80.2261810303,41564,41574,10
13.0139799118,80.2261810303,41574,41584,10
13.0132598877,80.2264633179,41584,41604,20
13.0112800598,80.2273635864,41604,41614,10
13.0102796555,80.2277603149,41614,41624,10
13.0095500946,80.2277984619,41624,41634,10
13.0096902847,80.2271881104,41634,41644,10
13.0100297928,80.2265014648,41644,41654,10
13.0103197098,80.2257919312,41654,41664,10
13.0104799271,80.2253875732,41664,41674,10
13.0106897354,80.2249221802,41674,41684,10
13.0108098984,80.2245788574,41684,41695,11
13.0109901428,80.2239608765,41695,41705,10
13.0111703873,80.2235031128,41705,41715,10
13.0109100342,80.2231292725,41715,41725,10
13.0103597641,80.2227783203,41725,41735,10
13.0102901459,80.2227325439,41735,41745,10
13.0102100372,80.2226715088,41745,41755,10
13.0099000931,80.2224273682,41755,41795,40
13.0065402985,80.2205429077,41795,41806,11
13.0053195953,80.2203826904,41806,41815,9
13.0045204163,80.2202224731,41815,41826,11
13.0042200089,80.2201385498,41826,41836,10
13.0038795471,80.2200698853,41836,41846,10
13.0033197403,80.2200088501,41846,41927,81
12.997300148,80.2164993286,41927,41937,10
12.996919632,80.2164230347,41937,41977,40
12.9960098267,80.2166976929,41977,41987,10
12.9954204559,80.216796875,41987,41997,10
12.9948501587,80.2171173096,41997,42038,41
12.9922895432,80.2190170288,42038,42048,10
12.9915704727,80.2195129395,42048,42058,10
12.9907798767,80.220161438,42058,42078,20
12.9907798767,80.220161438,42078,42147,69
12.9875602722,80.2231292725,42147,42159,12
12.987279892,80.2230987549,42159,42169,10
12.9869098663,80.2230606079,42169,42370,201
12.976650238,80.2212219238,42370,42381,11
12.9760198593,80.2212677002,42381,42491,110
12.9755096436,80.2207336426,42491,42502,11
12.9753799438,80.2206115723,42502,42512,10
12.9750699997,80.2205123901,42512,42522,10
12.9743900299,80.2203598022,42522,42532,10
12.9736404419,80.220123291,42532,42542,10
12.972869873,80.2197799683,42542,42552,10
12.9720001221,80.2194366455,42552,42562,10
12.9714002609,80.2193374634,42562,42592,30
12.9707202911,80.2188720703,42592,42602,10
12.9701795578,80.2186965942,42602,42613,11
12.9694499969,80.218421936,42613,42623,10
12.96875,80.2181625366,42623,42633,10
12.9680500031,80.2178115845,42633,42643,10
12.9673595428,80.2175979614,42643,42653,10
12.9665899277,80.2172393799,42653,42792,139
12.9550199509,80.212638855,42792,42802,10
12.9541301727,80.2123184204,42802,42812,10
12.9535398483,80.2121582031,42812,42853,41
12.9519796371,80.211517334,42853,42863,10
12.9511098862,80.2111663818,42863,42873,10
12.9502801895,80.2108688354,42873,42964,91
12.9443902969,80.2083435059,42964,42984,20
12.9434404373,80.2079620361,42984,42994,10
12.9428596497,80.2075119019,42994,43004,10
12.9425897598,80.2071990967,43004,43014,10
12.9420499802,80.2069320679,43014,43024,10
12.9414196014,80.2062606812,43024,43034,10
12.9409999847,80.2060012817,43034,43044,10
12.9408102036,80.2059173584,43044,43073,29
12.9393901825,80.2054290771,43073,43085,12
12.93846035,80.2051773071,43085,43095,10
12.9376401901,80.2049484253,43095,43105,10
12.9367399216,80.2046966553,43105,43115,10
12.935790062,80.2044296265,43115,43125,10
12.9350299835,80.2040710449,43125,43135,10
12.934220314,80.2037963867,43135,43145,10
12.9335899353,80.2038726807,43145,43165,20
12.9332199097,80.2037811279,43165,43172,7
12.9328603745,80.20362854,43172,43186,14
12.9317903519,80.2033309937,43186,43206,20
12.9300603867,80.2028503418,43206,43216,10
12.9293804169,80.2030487061,43216,43226,10
12.928730011,80.2032470703,43226,43246,20
12.9287900925,80.2026901245,43246,43256,10
12.9285202026,80.2023010254,43256,43266,10
12.9284496307,80.2018280029,43266,43276,10
12.9284200668,80.2015991211,43276,43286,10
12.9284601212,80.2006378174,43286,43296,10
12.9283504486,80.1996917725,43296,43307,11
12.9279298782,80.1986999512,43307,43317,10
12.9275197983,80.1977996826,43317,43559,242
12.9170303345,80.1924819946,43559,43569,10
12.9169597626,80.1922683716,43569,43579,10
12.9165000916,80.1920928955,43579,43599,20
12.9165000916,80.1920928955,43599,43619,20
12.9159297943,80.1923370361,43619,43630,11
12.9152402878,80.1922836304,43630,43640,10
12.9144802094,80.1922607422,43640,43670,30
12.9113903046,80.1918182373,43670,43680,10
12.9104499817,80.1916809082,43680,43690,10
12.9096403122,80.1914520264,43690,43710,20
12.9096403122,80.1914520264,43710,43982,272
12.8961896896,80.181312561,43982,43993,11
12.8956604004,80.1811294556,43993,44083,90
12.8926897049,80.1788787842,44083,44093,10
12.8922996521,80.1781463623,44093,44103,10
12.891869545,80.1772689819,44103,44113,10
12.8914499283,80.1764984131,44113,44124,11
12.8913002014,80.1759872437,44124,44154,30
12.8902797699,80.1743774414,44154,44164,10
12.8897399902,80.1736907959,44164,44214,50
12.8866901398,80.1728134155,44214,44224,10
12.8856496811,80.1721801758,44224,44235,11
12.8849496841,80.1718521118,44235,44245,10
12.883939743,80.1713409424,44245,44255,10
12.8830099106,80.1708679199,44255,44265,10
12.882349968,80.1706390381,44265,44275,10
12.8820400238,80.1706619263,44275,44285,10
12.8817596436,80.1706085205,44285,44295,10
12.8818597794,80.1708068848,44295,44305,10
12.881360054,80.1709213257,44305,44315,10
12.8684597015,80.1758117676,44315,44513,198
12.8684597015,80.1758117676,44513,44594,81
12.8643798828,80.1753311157,44594,44604,10
12.8634300232,80.1747131348,44604,44614,10
12.8624401093,80.1741333008,44614,44624,10
12.8617801666,80.1738586426,44624,44634,10
12.8617601395,80.1738204956,44634,44684,50
12.8575201035,80.1724014282,44684,44694,10
12.8574495316,80.1724319458,44694,44705,11
12.8571300507,80.1725769043,44705,44715,10
12.8565101624,80.1721572876,44715,44735,20
12.8565101624,80.1721572876,44735,44886,151
12.8455696106,80.1701278687,44886,44896,10
12.8443803787,80.1701126099,44896,44907,11
12.8376102448,80.1691970825,44907,44987,80
12.8376102448,80.1691970825,44987,45018,31
12.8366203308,80.1688232422,45018,45028,10
12.8363304138,80.1686477661,45028,45038,10
12.8361597061,80.1685791016,45038,45049,11
12.8359298706,80.168182373,45049,45059,10
12.8355703354,80.1677932739,45059,45069,10
12.8350496292,80.1676177979,45069,45079,10
12.8344097137,80.1672286987,45079,45089,10
12.8336696625,80.166847229,45089,45099,10
12.8333597183,80.1666793823,45099,45109,10
12.8328104019,80.1663589478,45109,45119,10
12.8320598602,80.1660232544,45119,45129,10
12.8311195374,80.1657028198,45129,45139,10
12.8301000595,80.1654663086,45139,45149,10
12.8293199539,80.1653594971,45149,45159,10
12.8284702301,80.1652374268,45159,45170,11
12.8277997971,80.1652069092,45170,45230,60
12.8276195526,80.1651611328,45230,45250,20
12.8276195526,80.1651611328,45250,45260,10
12.8275899887,80.1650619507,45260,45271,11
12.8274898529,80.1650924683,45271,45321,50
12.8243503571,80.1633300781,45321,45331,10
12.8234701157,80.1627120972,45331,45341,10
12.8224401474,80.1622314453,45341,45351,10
12.8213300705,80.1617965698,45351,45361,10
12.8202896118,80.1613616943,45361,45371,10
12.8193302155,80.1609420776,45371,45381,10
12.8183202744,80.1605072021,45381,45391,10
12.8180303574,80.16040802,45391,45402,11
12.8171396255,80.1601867676,45402,45422,20
12.8171396255,80.1601867676,45422,45432,10
12.816619873,80.1600799561,45432,45442,10
12.8157997131,80.1598968506,45442,45452,10
12.8148002625,80.1597137451,45452,45462,10
12.8141098022,80.1596069336,45462,45471,9
12.81346035,80.1595230103,45471,45482,11
12.8124303818,80.1593475342,45482,45493,11
12.8116397858,80.1594161987,45493,45503,10
12.81112957,80.1595611572,45503,45563,60
12.809920311,80.1595916748,45563,45573,10
12.8101501465,80.1596374512,45573,45613,40
12.8101501465,80.1596374512,45613,45845,232
12.8258600235,80.1640625,45845,45855,10
12.8264904022,80.1644592285,45855,45866,11
12.8271799088,80.1647415161,45866,45916,50
12.8269100189,80.1645889282,45916,46773,857
12.8269100189,80.1645889282,46773,46783,10
12.8269395828,80.1647415161,46783,46793,10
12.8271799088,80.1649093628,46793,46804,11
12.8273897171,80.1650619507,46804,46814,10
12.8275604248,80.1651229858,46814,46824,10
12.8276395798,80.1651763916,46824,46834,10
12.8276500702,80.1651382446,46834,46894,60
12.8288202286,80.1652603149,46894,46904,10
12.829460144,80.1653366089,46904,46915,11
12.8302402496,80.1654663086,46915,46925,10
12.8310899734,80.1656494141,46925,46935,10
12.8320302963,80.1659469604,46935,46945,10
12.832909584,80.166343689,46945,46955,10
12.8334999084,80.1667327881,46955,46965,10
12.8335504532,80.1667480469,46965,46975,10
12.8338499069,80.1669006348,46975,46985,10
12.834400177,80.1671829224,46985,46995,10
12.8348999023,80.1674880981,46995,47005,10
12.8353700638,80.1676864624,47005,47015,10
12.8357400894,80.1678085327,47015,47025,10
12.8359498978,80.1681976318,47025,47036,11
12.8361301422,80.1685409546,47036,47046,10
12.8363704681,80.1685791016,47046,47056,10
12.836520195,80.1685791016,47056,47137,81
12.8397903442,80.1700515747,47137,47147,10
12.8405895233,80.1702194214,47147,47197,50
12.8459796906,80.1701965332,47197,47207,10
12.847240448,80.1702728271,47207,47217,10
12.8483200073,80.1705322266,47217,47227,10
12.8494701385,80.1706619263,47227,47247,20
12.8514404297,80.1709899902,47247,47258,11
12.8527097702,80.1712188721,47258,47268,10
12.8537597656,80.1714019775,47268,47278,10
12.8548202515,80.1716766357,47278,47288,10
12.855919838,80.1719894409,47288,47298,10
12.8563499451,80.172088623,47298,47308,10
12.8565397263,80.1721496582,47308,47348,40
12.8570995331,80.1722793579,47348,47358,10
12.8576097488,80.1723632813,47358,47368,10
12.8579502106,80.1724319458,47368,47379,11
12.8585500717,80.1725311279,47379,47389,10
12.8592596054,80.1726989746,47389,47399,10
12.8601198196,80.1730499268,47399,47409,10
12.861120224,80.1734924316,47409,47419,10
12.8621196747,80.1739196777,47419,47459,40
12.8647403717,80.1753997803,47459,47469,10
12.86536026,80.1756820679,47469,47480,11
12.8658599854,80.1757278442,47480,47530,50
12.8675699234,80.1757888794,47530,47540,10
12.8694496155,80.174949646,47540,47550,10
12.8702898026,80.1744766235,47550,47560,10
12.8712396622,80.1738433838,47560,47570,10
12.8722000122,80.1732177734,47570,47580,10
12.8731803894,80.1725997925,47580,47590,10
12.874130249,80.1719512939,47590,47599,9
12.8800001144,80.1701965332,47599,47666,67
12.8806295395,80.1705322266,47666,47696,30
12.8824996948,80.1709518433,47696,47727,31
12.8824996948,80.1709518433,47727,47757,30
12.8842897415,80.1714477539,47757,47767,10
12.8850002289,80.1718215942,47767,47777,10
12.88560009,80.1720733643,47777,47787,10
12.8860397339,80.17237854,47787,47797,10
12.8866195679,80.1726989746,47797,47807,10
12.8873195648,80.1731185913,47807,47818,11
12.8881702423,80.1736373901,47818,47959,141
12.8940296173,80.1802215576,47959,47969,10
12.8946504593,80.1803665161,47969,47989,20
12.8952598572,80.1808395386,47989,47999,10
12.8960103989,80.1812515259,47999,48009,10
12.8969497681,80.1817321777,48009,48019,10
12.8979701996,80.1822280884,48019,48211,192
12.9086799622,80.1903915405,48211,48221,10
12.9093399048,80.1909179688,48221,48231,10
12.9098100662,80.1913375854,48231,48241,10
12.9105300903,80.1915969849,48241,48251,10
12.911359787,80.1917037964,48251,48261,10
12.9122495651,80.1918106079,48261,48271,10
12.9128503799,80.1918869019,48271,48281,10
12.9134397507,80.1919784546,48281,48291,10
12.9141197205,80.1920471191,48291,48301,10
12.914850235,80.1921234131,48301,48312,11
12.9157104492,80.1921920776,48312,48322,10
12.9164600372,80.192237854,48322,48342,20
12.9164600372,80.192237854,48342,48352,10
12.9167299271,80.1922531128,48352,48362,10
12.917090416,80.1922073364,48362,48372,10
12.9171895981,80.1918716431,48372,48382,10
12.91726017,80.1913604736,48382,48392,10
12.9173002243,80.1907119751,48392,48402,10
12.917309761,80.1903305054,48402,48411,9
12.917309761,80.190322876,48411,48423,12
12.9174098969,80.1905212402,48423,48433,10
12.9173202515,80.1911697388,48433,48443,10
12.9172000885,80.1919784546,48443,48453,10
12.9171895981,80.192199707,48453,48463,10
12.9170799255,80.1926116943,48463,48473,10
12.9170503616,80.1931304932,48473,48503,30
12.9170503616,80.1931304932,48503,48513,10
12.9170103073,80.1933822632,48513,48523,10
12.9170598984,80.193901062,48523,48533,10
12.91726017,80.1943435669,48533,48544,11
12.9178199768,80.1948623657,48544,48554,10
12.918510437,80.1954727173,48554,48564,10
12.919260025,80.1962738037,48564,48675,111
12.9262199402,80.1974182129,48675,48685,10
12.9262104034,80.1974334717,48685,48705,20
12.9264297485,80.1975097656,48705,48715,10
12.9266195297,80.1976013184,48715,48725,10
12.9272203445,80.1979064941,48725,48735,10
12.9278001785,80.1984405518,48735,48745,10
12.9281597137,80.1991729736,48745,48754,9
12.9284000397,80.1999130249,48754,48766,12
12.9286203384,80.2009506226,48766,48776,10
12.9285402298,80.2018890381,48776,48786,10
12.9287796021,80.2025985718,48786,48796,10
12.9295597076,80.2028274536,48796,48816,20
12.9293498993,80.2028579712,48816,48826,10
12.9295396805,80.2028427124,48826,48867,41
12.9328298569,80.2035217285,48867,48877,10
12.9334497452,80.2037124634,48877,48957,80
12.9382801056,80.2050323486,48957,48967,10
12.9392700195,80.2053527832,48967,48978,11
12.9403095245,80.2057037354,48978,49008,30
12.941160202,80.2059936523,49008,49018,10
12.9418001175,80.2063980103,49018,49028,10
12.942440033,80.2068023682,49028,49089,61
12.9448404312,80.2084884644,49089,49099,10
12.9452800751,80.2086410522,49099,49129,30
12.9490098953,80.2092437744,49129,49401,272
12.9652795792,80.2165222168,49401,49411,10
12.9659204483,80.2168121338,49411,49421,10
12.9665899277,80.217086792,49421,49431,10
12.9672698975,80.2173690796,49431,49441,10
12.9679298401,80.217666626,49441,49450,9
12.9686098099,80.2179336548,49450,49462,12
12.9697504044,80.2183990479,49462,49472,10
12.9706802368,80.2187805176,49472,49482,10
12.9716396332,80.2190322876,49482,49583,101
12.9759397507,80.2211914063,49583,49613,30
12.9759397507,80.2211914063,49613,49623,10
12.9769802094,80.2211990356,49623,49633,10
12.9774599075,80.221206665,49633,49643,10
12.9779396057,80.2211990356,49643,49653,10
12.9784803391,80.2212295532,49653,49663,10
12.9790897369,80.2213287354,49663,49694,31
12.9809799194,80.2208862305,49694,49704,10
12.9812002182,80.2208786011,49704,49744,40
12.9829902649,80.2220077515,49744,49754,10
12.9829702377,80.2218933105,49754,49865,111
12.9863700867,80.2229614258,49865,49875,10
12.986700058,80.222869873,49875,49885,10
12.9869098663,80.2229766846,49885,49986,101
12.9906396866,80.2201385498,49986,49996,10
12.9907598495,80.2200164795,49996,50239,243
13.0044498444,80.2201385498,50239,50914,675
13.0327796936,80.2306213379,50914,51096,182
13.0350103378,80.2296066284,51096,51106,10
13.0350399017,80.2295532227,51106,51116,10
13.0350103378,80.2296905518,51116,51126,10
13.0348701477,80.2300033569,51126,51166,40
13.0345096588,80.2299118042,51166,51187,21
13.0345096588,80.2299118042,51187,51237,50
13.0343399048,80.2297668457,51237,51459,222
13.0344200134,80.2298583984,51459,51530,71
13.0342502594,80.2298278809,51530,51590,60
13.0342502594,80.2298278809,51590,51620,30
13.0342102051,80.2303237915,51620,51640,20
13.0342102051,80.2303237915,51640,51651,11
13.0338497162,80.2304763794,51651,51661,10
13.0334796906,80.2304763794,51661,51671,10
13.0328798294,80.2305297852,51671,51681,10
13.0322399139,80.2305908203,51681,51691,10
13.0315504074,80.2306671143,51691,51701,10
13.0308599472,80.2307434082,51701,51741,40
13.0288200378,80.2309036255,51741,51752,11
13.0280599594,80.2309494019,51752,51762,10
13.0276002884,80.2310562134,51762,51772,10
13.0272903442,80.2311477661,51772,51782,10
13.0277004242,80.2320785522,51782,51792,10
13.0278301239,80.2326431274,51792,51802,10
13.027970314,80.2332000732,51802,51812,10
13.0270395279,80.232963562,51812,51852,40
13.0264997482,80.2329788208,51852,51862,10
13.026260376,80.2325897217,51862,51872,10
13.0260696411,80.231918335,51872,51883,11
13.02602005,80.2316818237,51883,51893,10
13.0260295868,80.2315368652,51893,51903,10
13.0258998871,80.2310333252,51903,51913,10
13.0256204605,80.2302932739,51913,51923,10
13.0250597,80.2295379639,51923,51933,10
13.0245800018,80.2289123535,51933,51943,10
13.0241804123,80.2283706665,51943,51953,10
13.0238704681,80.2279815674,51953,51963,10
13.0235996246,80.2276916504,51963,51973,10
13.0233001709,80.2274932861,51973,51984,11
13.023059845,80.2273712158,51984,52004,20
13.023059845,80.2273712158,52004,52014,10
13.0227804184,80.2272415161,52014,52024,10
13.0225400925,80.2269515991,52024,52034,10
13.0222997665,80.2266082764,52034,52044,10
13.021780014,80.2261428833,52044,52054,10
13.0211400986,80.2256317139,52054,52064,10
13.0204401016,80.2251205444,52064,52074,10
13.0200595856,80.2248535156,52074,52084,10
13.0200395584,80.2248382568,52084,52094,10
13.0199604034,80.2248001099,52094,52105,11
13.0196199417,80.2245864868,52105,52115,10
13.0189695358,80.2244415283,52115,52125,10
13.018119812,80.2247314453,52125,52135,10
13.0171899796,80.225112915,52135,52145,10
13.0164899826,80.225440979,52145,52155,10
13.0161104202,80.2255477905,52155,52165,10
13.0155296326,80.2257385254,52165,52175,10
13.0148601532,80.22605896,52175,52185,10
13.014289856,80.2263336182,52185,52195,10
13.0142097473,80.2264022827,52195,52205,10
13.0139799118,80.2265167236,52205,52215,10
13.0138502121,80.2265319824,52215,52226,11
13.0134801865,80.2266387939,52226,52236,10
13.0129098892,80.2268829346,52236,52246,10
13.012169838,80.2271118164,52246,52256,10
13.0112895966,80.227432251,52256,52266,10
13.010310173,80.2277984619,52266,52276,10
13.0095396042,80.2278366089,52276,52286,10
13.0096302032,80.2273483276,52286,52296,10
13.0099401474,80.2266693115,52296,52306,10
13.0102300644,80.2259368896,52306,52316,10
13.0104703903,80.2253417969,52316,52326,10
13.0107297897,80.224822998,52326,52337,11
13.0109596252,80.2243728638,52337,52347,10
13.0112400055,80.2241287231,52347,52357,10
13.011300087,80.2233963013,52357,52367,10
13.0110197067,80.2231216431,52367,52377,10
13.0104598999,80.2228469849,52377,52387,10
13.0103397369,80.2227401733,52387,52397,10
13.0099897385,80.2225265503,52397,52407,10
13.0094203949,80.2222137451,52407,52417,10
13.008769989,80.2218475342,52417,52427,10
13.008020401,80.2214431763,52427,52437,10
13.0071496964,80.2209777832,52437,52447,10
13.0062503815,80.2205963135,52447,52458,11
13.0052204132,80.2203826904,52458,52468,10
13.0044202805,80.2201766968,52468,52478,10
13.0043001175,80.220199585,52478,52488,10
13.0040798187,80.2201385498,52488,52498,10
13.003490448,80.2200469971,52498,52508,10
13.0027503967,80.2197265625,52508,52518,10
13.0020198822,80.2190933228,52518,52528,10
13.001449585,80.218460083,52528,52538,10
13.0005998611,80.2179031372,52538,52548,10
12.9998903275,80.2174682617,52548,52558,10
12.9989995956,80.2169799805,52558,52569,11
12.9979896545,80.2164382935,52569,52579,10
12.9970197678,80.2159118652,52579,52589,10
12.9974498749,80.2165222168,52589,52599,10
12.9971504211,80.2165374756,52599,52609,10
12.9964895248,80.2165908813,52609,52619,10
12.9959001541,80.2166976929,52619,52629,10
12.9952201843,80.2169570923,52629,52639,10
12.9946098328,80.2173614502,52639,52649,10
12.9940004349,80.2178497314,52649,52659,10
12.9933395386,80.2183303833,52659,52669,10
12.992770195,80.2187271118,52669,52679,10
12.9921798706,80.2191390991,52679,52690,11
12.9913797379,80.2197418213,52690,52700,10
12.990650177,80.2202835083,52700,52720,20
12.9905595779,80.2203216553,52720,52730,10
12.9900798798,80.220703125,52730,52740,10
12.9895296097,80.2213134766,52740,52750,10
12.9890899658,80.2219161987,52750,52760,10
12.9886198044,80.2223892212,52760,52770,10
12.9879598618,80.2229690552,52770,52780,10
12.9876499176,80.2231292725,52780,52791,11
12.9874801636,80.2230834961,52791,52801,10
12.987039566,80.2230529785,52801,52811,10
12.9865598679,80.2229537964,52811,52821,10
12.985830307,80.2230224609,52821,52831,10
12.9853696823,80.2233123779,52831,52841,10
12.9850597382,80.2231521606,52841,52851,10
12.984459877,80.2230224609,52851,52861,10
12.9839897156,80.2233200073,52861,52871,10
12.9835500717,80.2224502563,52871,52881,10
12.9833202362,80.2223205566,52881,52891,10
12.9832496643,80.2221984863,52891,52901,10
12.9832201004,80.2220230103,52901,52911,10
12.9825000763,80.2219390869,52911,52922,11
12.9821596146,80.2217712402,52922,52932,10
12.9818897247,80.2215805054,52932,52942,10
12.9813995361,80.2213134766,52942,52952,10
12.9806900024,80.2211227417,52952,52962,10
12.9800395966,80.2211380005,52962,52972,10
12.9794397354,80.2211685181,52972,52982,10
12.9787797928,80.2211837769,52982,52992,10
12.9781904221,80.2210998535,52992,53002,10
12.977399826,80.221206665,53002,53012,10
12.976650238,80.221282959,53012,53022,10
12.9762096405,80.2213134766,53022,53033,11
12.9759502411,80.2212677002,53033,53043,10
12.9757404327,80.2211074829,53043,53062,19
12.9757404327,80.2211074829,53062,53073,11
12.9755897522,80.221031189,53073,53083,10
12.975520134,80.2209396362,53083,53093,10
12.9751996994,80.2207336426,53093,53103,10
12.9745597839,80.2203369141,53103,53113,10
12.9738998413,80.2201004028,53113,53123,10
12.9732198715,80.2198562622,53123,53132,9
12.9724798203,80.2195968628,53132,53144,12
12.9714603424,80.21925354,53144,53154,10
12.9710702896,80.2190475464,53154,53164,10
12.9710903168,80.2189483643,53164,53174,10
12.9710798264,80.2187271118,53174,53194,20
12.969209671,80.2183609009,53194,53204,10
12.9685201645,80.2180633545,53204,53214,10
12.9678602219,80.2178192139,53214,53224,10
12.9671001434,80.2174911499,53224,53234,10
12.9660997391,80.2170410156,53234,53244,10
12.9650602341,80.2165985107,53244,53254,10
12.9640903473,80.2162094116,53254,53265,11
12.963350296,80.215927124,53265,53275,10
12.9629297256,80.2157363892,53275,53285,10
12.9628801346,80.2156906128,53285,53295,10
12.9625396729,80.2155914307,53295,53305,10
12.9619503021,80.2153778076,53305,53315,10
12.9611997604,80.2150802612,53315,53325,10
12.9602804184,80.2147216797,53325,53335,10
12.9593496323,80.2143173218,53335,53345,10
12.958319664,80.2138900757,53345,53355,10
12.9574403763,80.2135467529,53355,53365,10
12.9566898346,80.2132110596,53365,53376,11
12.9556303024,80.2128219604,53376,53386,10
12.9545602798,80.2124099731,53386,53396,10
12.9539604187,80.2121887207,53396,53406,10
12.9538602829,80.2121200562,53406,53416,10
12.95333004,80.2119827271,53416,53426,10
12.952630043,80.2116928101,53426,53436,10
12.951789856,80.2113571167,53436,53446,10
12.9507904053,80.2109527588,53446,53456,10
12.9497804642,80.2105484009,53456,53466,10
12.9488601685,80.2101821899,53466,53476,10
12.9479198456,80.2097930908,53476,53487,11
12.9465904236,80.2092819214,53487,53497,10
12.9454498291,80.208770752,53497,53507,10
12.9443101883,80.2082214355,53507,53527,20
12.9441003799,80.2082672119,53527,53537,10
12.9435796738,80.2080612183,53537,53547,10
12.9430103302,80.2076416016,53547,53557,10
12.942440033,80.2069778442,53557,53567,10
12.9416704178,80.2063674927,53567,53577,10
12.9410600662,80.2060089111,53577,53588,11
12.9408798218,80.205871582,53588,53608,20
12.9400196075,80.2055511475,53608,53618,10
12.9392595291,80.2053527832,53618,53628,10
12.93846035,80.2051086426,53628,53638,10
12.937620163,80.2048568726,53638,53648,10
12.9366798401,80.2046432495,53648,53658,10
12.9358797073,80.2043762207,53658,53668,10
12.9350996017,80.2040710449,53668,53678,10
12.9348802567,80.2039108276,53678,53688,10
12.9339599609,80.2039794922,53688,53698,10
12.9334897995,80.203918457,53698,53709,11
12.9335098267,80.2039108276,53709,53729,20
12.9327898026,80.2035369873,53729,53739,10
12.9321203232,80.2033462524,53739,53749,10
12.9313602448,80.2030792236,53749,53759,10
12.9305801392,80.2028198242,53759,53850,91
12.9282798767,80.1989212036,53850,53860,10
12.9276103973,80.1980895996,53860,53870,10
12.9266395569,80.1976776123,53870,53880,10
12.9260702133,80.1975708008,53880,54031,151
12.9182596207,80.1953125,54031,54041,10
12.9177398682,80.1948013306,54041,54132,91
12.9148797989,80.1921768188,54132,54142,10
12.9138402939,80.1920623779,54142,54435,293
12.8967103958,80.181678772,54435,54445,10
12.8961696625,80.1814117432,54445,54465,20
12.8941802979,80.1803817749,54465,54475,10
12.8703098297,80.1745071411,54475,54885,410
12.8703098297,80.1745071411,54885,55117,232
12.8588199615,80.1725921631,55117,55127,10
12.8579702377,80.172492981,55127,55137,10
12.8574199677,80.1723403931,55137,55147,10
12.8573799133,80.1723632813,55147,55167,20
12.8564100266,80.1721420288,55167,55187,20
12.8564100266,80.1721420288,55187,55208,21
12.8554201126,80.1718292236,55208,55762,554
12.8266801834,80.1646270752,55762,55913,151
12.8266801834,80.1646270752,55913,55924,11
12.8267297745,80.1646499634,55924,55934,10
12.8263301849,80.164390564,55934,55944,10
12.825630188,80.1639862061,55944,55954,10
12.8247900009,80.1635437012,55954,55964,10
12.8239002228,80.162979126,55964,55974,10
12.8229999542,80.1624908447,55974,55984,10
12.8218803406,80.1620483398,55984,55994,10
12.8208398819,80.1616210938,55994,56004,10
12.8197603226,80.1611480713,56004,56014,10
12.8186702728,80.1606674194,56014,56024,10
12.8180599213,80.1604309082,56024,56035,11
12.8176898956,80.1603469849,56035,56045,10
12.8171195984,80.1602020264,56045,56055,10
12.8163700104,80.1600418091,56055,56065,10
12.8154001236,80.1598434448,56065,56075,10
12.8143396378,80.1596374512,56075,56085,10
12.8133497238,80.1595306396,56085,56095,10
12.8123502731,80.1593475342,56095,56105,10
12.8115501404,80.1594390869,56105,56115,10
12.8114099503,80.1594772339,56115,56125,10
12.8109302521,80.1596298218,56125,56135,10
12.8107099533,80.1597824097,56135,56145,10
12.8107404709,80.1598129272,56145,56156,11
12.8106002808,80.1596908569,56156,56277,121
12.8104801178,80.15965271,56277,57265,988
12.8104801178,80.15965271,57265,57275,10
12.8107204437,80.1596679688,57275,57285,10
12.8110399246,80.1595916748,57285,57295,10
12.8114004135,80.1594772339,57295,57305,10
12.811920166,80.1593475342,57305,57316,11
12.8125896454,80.1593780518,57316,57326,10
12.8132200241,80.1594924927,57326,57336,10
12.8139400482,80.159576416,57336,57346,10
12.8147497177,80.1596984863,57346,57356,10
12.8154602051,80.1598434448,57356,57366,10
12.8161401749,80.1599807739,57366,57376,10
12.8169002533,80.1601333618,57376,57386,10
12.8175897598,80.1602783203,57386,57396,10
12.8180103302,80.1604003906,57396,57406,10
12.8183002472,80.1604766846,57406,57416,10
12.8186903,80.1606292725,57416,57426,10
12.8193798065,80.1609573364,57426,57437,11
12.8203296661,80.1613998413,57437,57447,10
12.8213300705,80.1618118286,57447,57457,10
12.8224201202,80.1622161865,57457,57467,10
12.8234796524,80.1626968384,57467,57477,10
12.8244400024,80.1633300781,57477,57487,10
12.8254098892,80.1639022827,57487,57497,10
12.8261604309,80.1643218994,57497,57507,10
12.8268499374,80.1647491455,57507,57527,20
12.8268499374,80.1647491455,57527,57537,10
12.8271303177,80.1649169922,57537,57548,11
12.8274803162,80.1651229858,57548,57558,10
12.8275499344,80.1651382446,57558,57568,10
12.8276796341,80.1651306152,57568,57578,10
12.8278303146,80.1651687622,57578,57608,30
12.8278303146,80.1651687622,57608,57618,10
12.828040123,80.1651535034,57618,57628,10
12.8280601501,80.1651611328,57628,57638,10
12.8282899857,80.1651763916,57638,57648,10
12.8290195465,80.1652984619,57648,57669,21
12.8290195465,80.1652984619,57669,57679,10
12.8296804428,80.165397644,57679,57689,10
12.8303499222,80.1654968262,57689,57699,10
12.8311300278,80.1657028198,57699,57709,10
12.8320302963,80.1660003662,57709,57719,10
12.8329401016,80.1663970947,57719,57729,10
12.8335599899,80.1667785645,57729,57739,10
12.8338003159,80.1669082642,57739,57749,10
12.8345298767,80.1673202515,57749,57759,10
12.8351602554,80.16771698,57759,57769,10
12.8357200623,80.1678771973,57769,57780,11
12.8357496262,80.1678619385,57780,57810,30
12.8365697861,80.1687011719,57810,57820,10
12.8369102478,80.1688308716,57820,57830,10
12.8371200562,80.1689529419,57830,57840,10
12.8372898102,80.1691665649,57840,57850,10
12.837679863,80.1692962646,57850,57860,10
12.8377103806,80.1693191528,57860,57871,11
12.8382196426,80.1694717407,57871,57880,9
12.8383398056,80.1695632935,57880,57890,10
12.8384199142,80.1696624756,57890,57901,11
12.8384895325,80.1698303223,57901,57921,20
12.8399000168,80.1699829102,57921,57931,10
12.8405704498,80.1699295044,57931,57941,10
12.8413896561,80.1699829102,57941,57951,10
12.8423500061,80.1698913574,57951,57961,10
12.8434000015,80.1698532104,57961,57971,10
12.8445901871,80.1698379517,57971,57981,10
12.845580101,80.1702728271,57981,58012,31
12.8489599228,80.170539856,58012,58022,10
12.8500795364,80.1707763672,58022,58122,100
12.855509758,80.1718978882,58122,58133,11
12.8562602997,80.1719436646,58133,58143,10
12.8567199707,80.1720199585,58143,58224,81
12.8577699661,80.1724472046,58224,58405,181
12.8681898117,80.1759719849,58405,58415,10
12.8689498901,80.1754302979,58415,58425,10
12.8696498871,80.1748733521,58425,58562,137
12.8803901672,80.1704864502,58562,58572,10
12.8809499741,80.1707382202,58572,58582,10
12.8816299438,80.1709976196,58582,58593,11
12.8822498322,80.1709899902,58593,58603,10
12.8826398849,80.1706314087,58603,58613,10
12.8831796646,80.1709594727,58613,58623,10
12.883890152,80.171333313,58623,58633,10
12.8847198486,80.1717834473,58633,58643,10
12.8856296539,80.1722564697,58643,58653,10
12.8864498138,80.1726913452,58653,58663,10
12.8873195648,80.1731719971,58663,58673,10
12.8882598877,80.1736602783,58673,58684,11
12.8892602921,80.1741790771,58684,58693,9
12.8895797729,80.1742706299,58693,58704,11
12.8897800446,80.1742935181,58704,58714,10
12.8901100159,80.1748962402,58714,58724,10
12.8905000687,80.1750030518,58724,59349,625
12.9170198441,80.1918411255,59349,59359,10
12.917090416,80.1918792725,59359,59370,11
12.9170799255,80.1918716431,59370,59390,20
12.917309761,80.1905517578,59390,59400,10
12.917309761,80.1903076172,59400,59410,10
12.917309761,80.1901931763,59410,60873,1463
12.9751996994,80.2205734253,60873,60885,12
12.9751901627,80.220413208,60885,60895,10
12.9753599167,80.2205123901,60895,60905,10
12.9756002426,80.2207717896,60905,60915,10
12.9757604599,80.2209472656,60915,61006,91
12.9784402847,80.2210693359,61006,61016,10
12.9788198471,80.2209396362,61016,61026,10
12.9795598984,80.2209091187,61026,61036,10
12.9801998138,80.2211532593,61036,61046,10
12.981010437,80.2212524414,61046,61086,40
12.9827699661,80.2220993042,61086,61278,192
12.9883403778,80.2226333618,61278,61288,10
12.9888801575,80.2219467163,61288,61298,10
12.9893598557,80.2211532593,61298,61359,61
12.9908599854,80.2200164795,61359,61369,10
12.9909200668,80.2198867798,61369,62005,636
13.0204696655,80.2250518799,62005,62176,171
13.0257701874,80.2305831909,62176,62186,10
13.0258903503,80.2308807373,62186,62196,10
13.0337095261,80.2301712036,62196,62569,373
13.0337095261,80.2301712036,62569,62580,11
13.0339202881,80.2301864624,62580,62590,10
13.0346002579,80.2297134399,62590,63497,907
13.0346002579,80.2297134399,63497,63507,10
13.0342903137,80.229927063,63507,63659,152
13.0342903137,80.229927063,63659,63669,10
13.0341596603,80.2301101685,63669,63749,80
13.0341596603,80.2301101685,63749,63760,11
13.0341796875,80.2304916382,63760,63790,30
13.0341796875,80.2304916382,63790,63800,10
13.0340003967,80.2305603027,63800,63810,10
13.0334196091,80.2304763794,63810,63820,10
13.0327501297,80.2305297852,63820,63830,10
13.0321397781,80.2306213379,63830,63891,61
13.0311203003,80.2307510376,63891,63901,10
13.0311603546,80.2307662964,63901,63911,10
13.03083992,80.230758667,63911,63921,10
13.0307798386,80.2306900024,63921,63931,10
13.0306100845,80.2308273315,63931,63941,10
13.03028965,80.230796814,63941,63951,10
13.0298204422,80.2308578491,63951,63961,10
13.0296897888,80.2308807373,63961,63971,10
13.029299736,80.2308425903,63971,63982,11
13.0286502838,80.2307815552,63982,64092,110
13.0266895294,80.2329864502,64092,64123,31
13.0266895294,80.2329864502,64123,64153,30
13.026140213,80.2319107056,64153,64163,10
13.0260000229,80.2313690186,64163,64173,10
13.0257701874,80.2306213379,64173,64183,10
13.0252599716,80.2298583984,64183,64193,10
13.0249204636,80.2294235229,64193,64203,10
13.0248804092,80.2293930054,64203,64213,10
13.0247402191,80.2292175293,64213,64224,11
13.0244197845,80.2287979126,64224,64234,10
13.024140358,80.2284622192,64234,64244,10
13.0237398148,80.2279968262,64244,64254,10
13.0232200623,80.2275314331,64254,64314,60
13.0232200623,80.2275314331,64314,64324,10
13.0228796005,80.2272720337,64324,64335,11
13.0226402283,80.2269515991,64335,64345,10
13.0224399567,80.2266998291,64345,64355,10
13.0219802856,80.2263031006,64355,64365,10
13.0214395523,80.2258682251,64365,64375,10
13.0208902359,80.225402832,64375,64385,10
13.020529747,80.2251815796,64385,64395,10
13.0205001831,80.2251586914,64395,64405,10
13.0201997757,80.2249984741,64405,64415,10
13.0196895599,80.224647522,64415,64425,10
13.018910408,80.2245178223,64425,64435,10
13.0181798935,80.2247619629,64435,64446,11
13.0173597336,80.2250976563,64446,64456,10
13.0167198181,80.2253570557,64456,64466,10
13.016409874,80.225479126,64466,64476,10
13.0160398483,80.2255935669,64476,64486,10
13.0154895782,80.2257766724,64486,64496,10
13.0147800446,80.22605896,64496,64506,10
13.0143404007,80.2262496948,64506,64526,20
13.0143404007,80.2262496948,64526,64536,10
13.013999939,80.2263793945,64536,64546,10
13.0134601593,80.2265396118,64546,64556,10
13.0127496719,80.2268218994,64556,64567,11
13.0118103027,80.2272109985,64567,64577,10
13.010840416,80.2275695801,64577,64587,10
13.0099496841,80.2279129028,64587,64597,10
13.0094804764,80.2276535034,64597,64607,10
13.0097398758,80.2270889282,64607,64617,10
13.0100898743,80.226348877,64617,64627,10
13.0102701187,80.2259292603,64627,64637,10
13.0102996826,80.2258529663,64637,64647,10
13.0104398727,80.2255630493,64647,64657,10
13.0105495453,80.2253265381,64657,64667,10
13.0106801987,80.2250289917,64667,64678,11
13.0108203888,80.2246932983,64678,64688,10
13.0109796524,80.2243118286,64688,64698,10
13.01101017,80.2240600586,64698,64708,10
13.0110998154,80.2238311768,64708,64718,10
13.011300087,80.223449707,64718,64728,10
13.0109901428,80.2230911255,64728,64738,10
13.0104999542,80.2228393555,64738,64748,10
13.0104503632,80.2228164673,64748,64758,10
13.0101804733,80.2225570679,64758,64768,10
13.0096702576,80.2223205566,64768,64778,10
13.009059906,80.2219696045,64778,64788,10
13.0084695816,80.2216873169,64788,64799,11
13.0076999664,80.2212371826,64799,64809,10
13.006939888,80.2208099365,64809,64819,10
13.0062503815,80.2205810547,64819,64828,9
13.0055398941,80.2204666138,64828,64839,11
13.0047502518,80.2203216553,64839,64849,10
13.0047197342,80.2203216553,64849,64859,10
13.0044298172,80.2202224731,64859,64869,10
13.0038499832,80.2200622559,64869,64879,10
13.0031795502,80.2199020386,64879,64889,10
13.0024204254,80.2195129395,64889,64899,10
13.0017700195,80.2189712524,64899,64910,11
13.001159668,80.2182693481,64910,64920,10
13.0005197525,80.2178421021,64920,64930,10
12.9998703003,80.2174682617,64930,64940,10
12.9990901947,80.217010498,64940,64950,10
12.9982404709,80.2166290283,64950,64960,10
12.9976100922,80.2165222168,64960,64970,10
12.9974403381,80.2165222168,64970,64980,10
12.9973297119,80.2165603638,64980,64990,10
12.9969396591,80.2165603638,64990,65000,10
12.9962902069,80.2166900635,65000,65010,10
12.9955396652,80.2168731689,65010,65021,11
12.9951000214,80.217086792,65021,65031,10
12.9947500229,80.2172775269,65031,65041,10
12.9942398071,80.2176437378,65041,65051,10
12.9938201904,80.2179336548,65051,65061,10
12.9932098389,80.2183609009,65061,65071,10
12.9925804138,80.2188491821,65071,65081,10
12.9919395447,80.2193374634,65081,65091,10
12.9914503098,80.2196731567,65091,65101,10
12.9909496307,80.2200469971,65101,65111,10
12.9906301498,80.2204818726,65111,65121,10
12.9903697968,80.2206192017,65121,65131,10
12.9899396896,80.2208709717,65131,65142,11
12.9895200729,80.2214508057,65142,65152,10
12.9893302917,80.2218933105,65152,65172,20
12.9879999161,80.2229309082,65172,65182,10
12.9876003265,80.2230987549,65182,65192,10
12.987569809,80.2231369019,65192,65202,10
12.9873199463,80.2230987549,65202,65212,10
12.9871101379,80.2230987549,65212,65222,10
12.9869003296,80.2229995728,65222,65233,11
12.9868001938,80.2226715088,65233,65263,30
12.9854602814,80.2232131958,65263,65273,10
12.984869957,80.2231903076,65273,65283,10
12.9843196869,80.2228393555,65283,65293,10
12.9841098785,80.2227020264,65293,65303,10
12.9840297699,80.2226486206,65303,65313,10
12.9837799072,80.2224884033,65313,65323,10
12.9834604263,80.2223129272,65323,65343,20
12.9834604263,80.2223129272,65343,65353,10
12.9832496643,80.2221603394,65353,65374,21
12.9832496643,80.2221603394,65374,65384,10
12.9829597473,80.2219161987,65384,65394,10
12.9825201035,80.2217636108,65394,65403,9
12.982000351,80.2215423584,65403,65414,11
12.9812402725,80.2210998535,65414,65424,10
12.9803695679,80.2210769653,65424,65434,10
12.9794197083,80.2211532593,65434,65444,10
12.9784698486,80.2211685181,65444,65454,10
12.9777898788,80.2212219238,65454,65464,10
12.9772100449,80.221282959,65464,65474,10
12.9765501022,80.2212677002,65474,65485,11
12.9759597778,80.2213668823,65485,65545,60
12.9759597778,80.2213668823,65545,65555,10
12.9757604599,80.2211837769,65555,65575,20
12.9757604599,80.2211837769,65575,65585,10
12.9755601883,80.2210388184,65585,65596,11
12.9754800797,80.2209014893,65596,65606,10
12.9754295349,80.2208404541,65606,65616,10
12.9751701355,80.2207107544,65616,65626,10
12.9746599197,80.2204589844,65626,65636,10
12.97397995,80.2201309204,65636,65646,10
12.9731798172,80.2198104858,65646,65656,10
12.9722995758,80.2194976807,65656,65666,10
12.9715595245,80.2192611694,65666,65676,10
12.9713001251,80.2192077637,65676,65686,10
12.9710798264,80.2191619873,65686,65696,10
12.971039772,80.2191390991,65696,65706,10
12.9708299637,80.2190093994,65706,65717,11
12.9703502655,80.2187805176,65717,65727,10
12.9698495865,80.2185821533,65727,65737,10
12.9693698883,80.2183914185,65737,65747,10
12.9689397812,80.2182312012,65747,65757,10
12.9685201645,80.2180709839,65757,65767,10
12.9680900574,80.2179031372,65767,65777,10
12.9676704407,80.2177200317,65777,65787,10
12.9671297073,80.2175064087,65787,65797,10
12.966340065,80.2171783447,65797,65807,10
12.9654798508,80.2168426514,65807,65817,10
12.9645595551,80.2164993286,65817,65828,11
12.9638299942,80.2161636353,65828,65838,10
12.9632997513,80.2159118652,65838,65848,10
12.9629096985,80.2157821655,65848,65858,10
12.9628801346,80.2157897949,65858,65868,10
12.9625902176,80.2156600952,65868,65878,10
12.962100029,80.2154464722,65878,65888,10
12.9614400864,80.2151565552,65888,65898,10
12.9607200623,80.21484375,65898,65908,10
12.9598703384,80.2145004272,65908,65918,10
12.9589300156,80.2141494751,65918,65928,10
12.9579296112,80.213760376,65928,65938,10
12.9569301605,80.2133636475,65938,65949,11
12.9558000565,80.212928772,65949,65959,10
12.9547595978,80.2125167847,65959,65969,10
12.9539699554,80.2122192383,65969,65979,10
12.9538898468,80.2121887207,65979,65989,10
12.9536895752,80.2120895386,65989,65999,10
12.9532403946,80.2118988037,65999,66009,10
12.952580452,80.2116470337,66009,66019,10
12.9518098831,80.2113800049,66019,66029,10
12.9510002136,80.2111129761,66029,66039,10
12.950050354,80.2107620239,66039,66049,10
12.9487600327,80.2102584839,66049,66110,61
12.9487600327,80.2102584839,66110,66120,10
12.9485797882,80.2101516724,66120,66140,20
12.9485797882,80.2101516724,66140,66150,10
12.9484195709,80.2101821899,66150,66160,10
12.9481801987,80.2099914551,66160,66171,11
12.9476604462,80.2098236084,66171,66181,10
12.9469499588,80.2095413208,66181,66191,10
12.9461698532,80.2092208862,66191,66201,10
12.9453697205,80.2088623047,66201,66211,10
12.9448299408,80.2086334229,66211,66221,10
12.9443397522,80.2083969116,66221,66251,30
12.9443397522,80.2083969116,66251,66261,10
12.9441099167,80.208366394,66261,66271,10
12.9437599182,80.2082138062,66271,66281,10
12.9432401657,80.2079696655,66281,66292,11
12.9428501129,80.207572937,66292,66302,10
12.9425201416,80.2071609497,66302,66312,10
12.9420604706,80.206741333,66312,66322,10
12.9419698715,80.2066726685,66322,66332,10
12.941860199,80.2065963745,66332,66342,10
12.9415102005,80.2063369751,66342,66352,10
12.9410800934,80.2060699463,66352,66372,20
12.9410800934,80.2060699463,66372,66382,10
12.9408597946,80.2059326172,66382,66391,9
12.9404401779,80.2058029175,66391,66403,12
12.9397201538,80.2055664063,66403,66413,10
12.939040184,80.2053833008,66413,66423,10
12.9384899139,80.2052078247,66423,66433,10
12.9384098053,80.2051773071,66433,66443,10
12.9381399155,80.2051010132,66443,66453,10
12.9376802444,80.2049713135,66453,66463,10
12.9371500015,80.2048110962,66463,66473,10
12.9364099503,80.2046127319,66473,66483,10
12.9357404709,80.2044067383,66483,66493,10
12.9351301193,80.2041473389,66493,66503,10
12.9344501495,80.2040023804,66503,66513,10
12.9338102341,80.203956604,66513,66524,11
12.9336395264,80.2039718628,66524,66534,10
12.9335899353,80.2039489746,66534,66544,10
12.9333095551,80.2038497925,66544,66554,10
12.9329204559,80.2037200928,66554,66564,10
12.9324502945,80.2035369873,66564,66574,10
12.931810379,80.2033081055,66574,66584,10
12.9311103821,80.2030715942,66584,66594,10
12.9307603836,80.2029800415,66594,66604,10
12.9307203293,80.2029571533,66604,66614,10
12.9305896759,80.2028503418,66614,66624,10
12.9303102493,80.2028427124,66624,66635,11
12.9299497604,80.2028121948,66635,66645,10
12.9295396805,80.2027664185,66645,66665,20
12.9295396805,80.2027664185,66665,66675,10
12.9294099808,80.2027893066,66675,66685,10
12.9289703369,80.2027130127,66685,66695,10
12.9285001755,80.2023925781,66695,66705,10
12.9284696579,80.201713562,66705,66715,10
12.9284496307,80.2009277344,66715,66725,10
12.9283800125,80.2000198364,66725,66734,9
12.9281396866,80.1992721558,66734,66746,12
12.9275999069,80.1983184814,66746,66756,10
12.9269104004,80.1977920532,66756,66766,10
12.9262199402,80.1975784302,66766,66776,10
12.9260396957,80.1975708008,66776,66786,10
12.9259901047,80.1975708008,66786,66796,10
12.9256296158,80.1975479126,66796,66806,10
12.925359726,80.1975479126,66806,66816,10
12.9249200821,80.1975402832,66816,66826,10
12.9242296219,80.1975326538,66826,66836,10
12.9234695435,80.197517395,66836,66846,10
12.9227199554,80.1974105835,66846,66855,9
12.9220104218,80.1973190308,66855,66887,32
12.9220104218,80.1973190308,66887,66897,10
12.9218196869,80.1970977783,66897,66907,10
12.921500206,80.1970367432,66907,66917,10
12.9215097427,80.1970367432,66917,66927,10
12.9213399887,80.1969985962,66927,66937,10
12.9211101532,80.1969070435,66937,66947,10
12.9207801819,80.1968307495,66947,66957,10
12.9202804565,80.1966629028,66957,66967,10
12.9196100235,80.1964111328,66967,66978,11
12.9190101624,80.1960296631,66978,66988,10
12.9185199738,80.195640564,66988,66998,10
12.9179897308,80.1951599121,66998,67008,10
12.9172496796,80.1945571899,67008,67028,20
12.9172496796,80.1945571899,67028,67038,10
12.9170999527,80.1942977905,67038,67048,10
12.9169797897,80.1940383911,67048,67058,10
12.916970253,80.1937408447,67058,67068,10
12.9169797897,80.1936187744,67068,67077,9
12.9169902802,80.193359375,67077,67109,32
12.9169902802,80.193359375,67109,67119,10
12.916970253,80.1931228638,67119,67129,10
12.9169902802,80.1927108765,67129,67159,30
12.9169902802,80.1927108765,67159,67169,10
12.9169502258,80.1923065186,67169,67179,10
12.9167299271,80.1922988892,67179,67200,21
12.9167299271,80.1922988892,67200,67210,10
12.9165296555,80.1921615601,67210,67250,40
12.9166698456,80.1924133301,67250,67280,30
12.9166698456,80.1924133301,67280,67290,10
12.9164495468,80.1923370361,67290,67300,10
12.9160003662,80.1922683716,67300,67310,10
12.9153699875,80.1922683716,67310,67321,11
12.9145803452,80.1922683716,67321,67331,10
12.9138298035,80.1922302246,67331,67341,10
12.9131803513,80.1921768188,67341,67351,10
12.9124803543,80.1920013428,67351,67361,10
12.9117202759,80.1919326782,67361,67371,10
12.910949707,80.1918411255,67371,67381,10
12.9101600647,80.1917419434,67381,67391,10
12.9096403122,80.1915206909,67391,67401,10
12.9094400406,80.1913604736,67401,67421,20
12.9095602036,80.191368103,67421,67633,212
12.9095602036,80.191368103,67633,67643,10
12.9094600677,80.1913223267,67643,67653,10
12.909119606,80.1910705566,67653,67664,11
12.9085197449,80.1905822754,67664,67674,10
12.9078598022,80.1900787354,67674,67684,10
12.907119751,80.1895294189,67684,67694,10
12.9063997269,80.1890029907,67694,67704,10
12.9060897827,80.1888275146,67704,67714,10
12.9060897827,80.1888198853,67714,67724,10
12.9060697556,80.1887588501,67724,67734,10
12.9057302475,80.1885910034,67734,67744,10
12.905380249,80.1884002686,67744,67774,30
12.9039497375,80.186088562,67774,67783,9
12.9039802551,80.185218811,67783,67802,19
12.9031400681,80.1845092773,67802,67812,10
12.9023704529,80.1843032837,67812,67821,9
12.901599884,80.18409729,67821,67832,11
12.9006795883,80.1837997437,67832,67842,10
12.8998403549,80.1833724976,67842,67852,10
12.8989400864,80.1829071045,67852,67862,10
12.8980798721,80.182472229,67862,67872,10
12.8975000381,80.1821365356,67872,67882,10
12.8971204758,80.1819992065,67882,67893,11
12.8971099854,80.1820068359,67893,67903,10
12.8971500397,80.1820297241,67903,67913,10
12.8971004486,80.1819763184,67913,67923,10
12.8968296051,80.1818237305,67923,67933,10
12.8963699341,80.181602478,67933,67943,10
12.8957796097,80.181312561,67943,67953,10
12.8951196671,80.1809692383,67953,67963,10
12.8944101334,80.1805877686,67963,67973,10
12.8938102722,80.1802978516,67973,67983,10
12.893289566,80.1800613403,67983,68003,20
12.893289566,80.1800613403,68003,68014,11
12.8931999207,80.179901123,68014,68024,10
12.8929700851,80.1794662476,68024,68034,10
12.8926401138,80.1788787842,68034,68044,10
12.8918800354,80.177482605,68044,68054,10
12.8918800354,80.177482605,68054,68064,10
12.8914203644,80.1766662598,68064,68104,40
12.8914203644,80.1766662598,68104,68114,10
12.8912801743,80.176322937,68114,68125,11
12.8908700943,80.1756591797,68125,68135,10
12.8904695511,80.1748962402,68135,68145,10
12.8901100159,80.1745605469,68145,68155,10
12.8898496628,80.1744308472,68155,68165,10
12.8895397186,80.174331665,68165,68175,10
12.8892498016,80.1741790771,68175,68185,10
12.8887195587,80.1739120483,68185,68195,10
12.8880300522,80.1735534668,68195,68205,10
12.887260437,80.1731491089,68205,68215,10
12.8864002228,80.172706604,68215,68225,10
12.8854398727,80.1722106934,68225,68236,11
12.884349823,80.1716384888,68236,68246,10
12.8833599091,80.1711273193,68246,68255,9
12.8826503754,80.1707763672,68255,68266,11
12.8822202682,80.1708526611,68266,68276,10
12.8822097778,80.1708679199,68276,68286,10
12.8821401596,80.1709899902,68286,68296,10
12.8818101883,80.1711502075,68296,68306,10
12.8812503815,80.1709671021,68306,68316,10
12.8806600571,80.170753479,68316,68326,10
12.8798599243,80.1703491211,68326,68346,20
12.8798599243,80.1703491211,68346,68357,11
12.8793697357,80.1700363159,68357,68367,10
12.8793697357,80.1700363159,68367,68377,10
12.8786001205,80.1700973511,68377,68385,8
12.8778495789,80.1702270508,68385,68407,22
12.875869751,80.1708984375,68407,68417,10
12.8758497238,80.1709136963,68417,68427,10
12.8757600784,80.1709518433,68427,68437,10
12.8753204346,80.1711883545,68437,68457,20
12.8740100861,80.1720962524,68457,68468,11
12.8730697632,80.1727294922,68468,68478,10
12.8721399307,80.1733398438,68478,68487,9
12.8713197708,80.1738891602,68487,68498,11
12.8704595566,80.1744689941,68498,68508,10
12.869600296,80.1750717163,68508,68518,10
12.8686800003,80.1756668091,68518,68528,10
12.8680095673,80.176071167,68528,68538,10
12.8672800064,80.1760025024,68538,68548,10
12.8664102554,80.1759033203,68548,68558,10
12.8655700684,80.1758270264,68558,68569,11
12.8651304245,80.1757583618,68569,68579,10
12.8649301529,80.1757125854,68579,68619,40
12.8633699417,80.1747894287,68619,68629,10
12.8625297546,80.1742782593,68629,68639,10
12.8615503311,80.1738433838,68639,68649,10
12.86054039,80.1734008789,68649,68659,10
12.8598403931,80.1730804443,68659,68669,10
12.8596496582,80.172996521,68669,68679,10
12.8594703674,80.1729202271,68679,68689,10
12.859000206,80.1726989746,68689,68700,11
12.8581895828,80.1725616455,68700,68710,10
12.8574695587,80.1724319458,68710,68720,10
12.8571300507,80.1723937988,68720,68730,10
12.8566703796,80.1722564697,68730,68780,50
12.8562803268,80.172088623,68780,68851,71
12.8508796692,80.1710205078,68851,68861,10
12.8497600555,80.1708297729,68861,68871,10
12.8486204147,80.1706314087,68871,68881,10
12.8474798203,80.1703872681,68881,68891,10
12.846329689,80.1702804565,68891,68901,10
12.8451795578,80.1702194214,68901,68911,10
12.8440303802,80.1701812744,68911,68921,10
12.8428602219,80.1700210571,68921,68932,11
12.8416204453,80.1700134277,68932,68942,10
12.8404998779,80.1699981689,68942,68952,10
12.8394498825,80.1700363159,68952,68962,10
12.8385601044,80.1698226929,68962,68972,10
12.8384304047,80.1697769165,68972,68982,10
12.8384199142,80.1697769165,68982,68992,10
12.8381204605,80.1695327759,68992,69002,10
12.8379497528,80.1693878174,69002,69012,10
12.837679863,80.1693725586,69012,69022,10
12.8371496201,80.1691970825,69022,69032,10
12.836979866,80.1689605713,69032,69043,11
12.8367204666,80.1688690186,69043,69053,10
12.8362703323,80.1687316895,69053,69063,10
12.8360004425,80.1686019897,69063,69073,10
12.8358697891,80.1681671143,69073,69083,10
12.8356704712,80.1679229736,69083,69093,10
12.8347797394,80.1675796509,69093,69113,20
12.8347797394,80.1675796509,69113,69133,20
12.8334798813,80.1668701172,69133,69144,11
12.8334197998,80.1668395996,69144,69194,50
12.8305902481,80.1656570435,69194,69204,10
12.8296098709,80.1654891968,69204,69214,10
12.8285799026,80.1653518677,69214,69224,10
12.8280200958,80.1652832031,69224,69234,10
12.8275604248,80.165222168,69234,69275,41
12.8275604248,80.165222168,69275,69285,10
12.8274297714,80.1651992798,69285,69295,10
12.8273096085,80.1651535034,69295,69305,10
12.8272800446,80.1651306152,69305,69315,10
12.8271303177,80.1650085449,69315,69325,10
12.8269395828,80.1649017334,69325,69335,10
12.8266496658,80.1647033691,69335,69345,10
12.8261995316,80.1644287109,69345,69355,10
12.8258895874,80.1642379761,69355,69365,10
12.8252601624,80.1639175415,69365,69375,10
12.8244400024,80.1634902954,69375,69386,11
12.8234195709,80.1628417969,69386,69396,10
12.8224000931,80.162361145,69396,69406,10
12.8213100433,80.1619186401,69406,69416,10
12.8201999664,80.1614379883,69416,69426,10
12.8194904327,80.1611175537,69426,69436,10
12.8187503815,80.1607971191,69436,69446,10
12.8180999756,80.1605300903,69446,69456,10
12.8178396225,80.1604537964,69456,69466,10
12.8173398972,80.1603317261,69466,69476,10
12.8170499802,80.1602706909,69476,69486,10
12.8167800903,80.1602020264,69486,69496,10
12.8161497116,80.1600723267,69496,69507,11
12.8152704239,80.1598892212,69507,69517,10
12.8142499924,80.1596908569,69517,69527,10
12.8131599426,80.1595611572,69527,69537,10
12.8124198914,80.1594161987,69537,69547,10
12.8115701675,80.1595077515,69547,69567,20
12.8115701675,80.1595077515,69567,69577,10
12.8113498688,80.1596069336,69577,69587,10
12.8108100891,80.1597900391,69587,69597,10
12.8099498749,80.1596603394,69597,69618,21
12.8099498749,80.1597290039,69618,69648,30
12.8099498749,80.1597290039,69648,69658,10
12.8100700378,80.1597137451,69658,69668,10
12.8103704453,80.1597900391,69668,69678,10
12.8106298447,80.1597671509,69678,69990,312
12.8106298447,80.1597671509,69990,70000,10
12.8112602234,80.1599273682,70000,70010,10
12.8115196228,80.1594619751,70010,70020,10
12.8116798401,80.159538269,70020,70030,10
12.8116798401,80.1594772339,70030,70040,10
12.8117198944,80.1594467163,70040,70050,10
12.8121404648,80.1594161987,70050,70060,10
12.8128204346,80.1595230103,70060,70070,10
12.8135004044,80.15965271,70070,70081,11
12.8143901825,80.1597366333,70081,70091,10
12.815199852,80.1599121094,70091,70101,10
12.8155097961,80.1598892212,70101,70111,10
12.8158397675,80.1599884033,70111,70121,10
12.8160200119,80.1600799561,70121,70131,10
12.8163299561,80.1601409912,70131,70141,10
12.8167800903,80.1602401733,70141,70151,10
12.8171901703,80.1603317261,70151,70161,10
12.8176298141,80.1604309082,70161,70171,10
12.8179998398,80.1605300903,70171,70182,11
12.8182697296,80.1606292725,70182,70192,10
12.8186798096,80.1607971191,70192,70202,10
12.8193302155,80.1611099243,70202,70212,10
12.8199996948,80.1614379883,70212,70222,10
12.8208198547,80.1618423462,70222,70232,10
12.8216695786,80.1620864868,70232,70242,10
12.8225803375,80.162399292,70242,70252,10
12.8235397339,80.1628112793,70252,70262,10
12.8243904114,80.1633834839,70262,70272,10
12.8252601624,80.1639099121,70272,70282,10
12.825920105,80.1642379761,70282,70292,10
12.8265399933,80.1646118164,70292,70302,10
12.8270397186,80.1649169922,70302,70313,11
12.8273601532,80.1651535034,70313,70323,10
12.8276700974,80.1652603149,70323,70383,60
12.8276700974,80.1652603149,70383,70393,10
12.8279399872,80.1652984619,70393,70403,10
12.8281497955,80.1653213501,70403,70413,10
12.8285598755,80.1653671265,70413,70424,11
12.8288202286,80.1654205322,70424,70434,10
12.829199791,80.1654586792,70434,70444,10
12.8296403885,80.165512085,70444,70454,10
12.8301696777,80.1655883789,70454,70464,10
12.8307800293,80.1657333374,70464,70474,10
12.8314304352,80.1658782959,70474,70484,10
12.8321304321,80.1661376953,70484,70494,10
12.8329000473,80.1664505005,70494,70504,10
12.8334102631,80.1667709351,70504,70514,10
12.8334598541,80.166809082,70514,70524,10
12.8335199356,80.1668624878,70524,70535,11
12.8339996338,80.1671295166,70535,70545,10
12.8346996307,80.1675186157,70545,70555,10
12.8354797363,80.1678695679,70555,70565,10
12.8358001709,80.1680221558,70565,70575,10
12.8359699249,80.1685028076,70575,70585,10
12.8362703323,80.1687393188,70585,70595,10
12.8365802765,80.168838501,70595,70605,10
12.8369703293,80.1689300537,70605,70615,10
12.8371801376,80.1691665649,70615,70625,10
12.8375396729,80.169380188,70625,70635,10
12.8381004333,80.1694564819,70635,70645,10
12.8382997513,80.1696014404,70645,70656,11
12.8383598328,80.169670105,70656,70666,10
12.8384103775,80.1697616577,70666,70676,10
12.8387498856,80.1698989868,70676,70686,10
12.8393802643,80.1700820923,70686,70696,10
12.8400802612,80.1700515747,70696,70706,10
12.8409900665,80.1701126099,70706,70716,10
12.8421201706,80.1700973511,70716,70726,10
12.8432798386,80.1700820923,70726,70736,10
12.8443899155,80.1702194214,70736,70746,10
12.8456096649,80.1702804565,70746,70756,10
12.846739769,80.1703033447,70756,70767,11
12.8477497101,80.1704101563,70767,70777,10
12.8479299545,80.1705169678,70777,70787,10
12.8486003876,80.1706619263,70787,70797,10
12.8495197296,80.1708221436,70797,70807,10
12.8505802155,80.1708831787,70807,70817,10
12.8510599136,80.1710205078,70817,70827,10
12.8514404297,80.1711120605,70827,70837,10
12.8520698547,80.1712188721,70837,70847,10
12.8531103134,80.1713180542,70847,70857,10
12.8541002274,80.1714477539,70857,70867,10
12.8547401428,80.172203064,70867,70878,11
12.8563299179,80.172203064,70878,70898,20
12.8563299179,80.172203064,70898,70968,70
12.8590402603,80.1727905273,70968,70978,10
12.8597803116,80.1728668213,70978,70987,9
12.8604602814,80.1733703613,70987,70999,12
12.8615198135,80.1737670898,70999,71009,10
12.8624801636,80.1742630005,71009,71019,10
12.8634500504,80.1747970581,71019,71029,10
12.8644800186,80.1754226685,71029,71039,10
12.8652696609,80.1758575439,71039,71049,10
12.8655099869,80.1757888794,71049,71059,10
12.8659601212,80.1759262085,71059,71069,10
12.8665704727,80.1757736206,71069,71089,20
12.8679800034,80.1760177612,71089,71099,10
12.8686704636,80.1756820679,71099,71110,11
12.8696098328,80.1750335693,71110,71120,10
12.8705701828,80.1743774414,71120,71130,10
12.8714895248,80.1737213135,71130,71140,10
12.8724803925,80.1730880737,71140,71148,8
12.8809204102,80.170753479,71148,71247,99
12.8809204102,80.170753479,71247,71267,20
12.8820199966,80.171081543,71267,71277,10
12.8825902939,80.1708602905,71277,71287,10
12.8825902939,80.1706924438,71287,71297,10
12.8827695847,80.170791626,71297,71307,10
12.8832302094,80.171043396,71307,71317,10
12.8839502335,80.1714019775,71317,71327,10
12.8845701218,80.1717224121,71327,71338,11
12.8853797913,80.17212677,71338,71348,10
12.8861303329,80.1725006104,71348,71358,10
12.8866796494,80.1727905273,71358,71368,10
12.8873796463,80.1731491089,71368,71378,10
12.887960434,80.1734390259,71378,71388,10
12.888589859,80.173789978,71388,71398,10
12.8891201019,80.1740875244,71398,71408,10
12.8895101547,80.1742782593,71408,71418,10
12.8897304535,80.1743392944,71418,71438,20
12.890080452,80.1741867065,71438,71449,11
12.8904399872,80.1736602783,71449,71459,10
12.89041996,80.1748504639,71459,71469,10
12.8906002045,80.1752319336,71469,71509,40
12.8915300369,80.1768493652,71509,71519,10
12.8916597366,80.1768875122,71519,71559,40
12.892660141,80.1787490845,71559,71570,11
12.8930902481,80.1800231934,71570,71580,10
12.8937397003,80.1802597046,71580,71590,10
12.8941497803,80.1803665161,71590,71600,10
12.8943099976,80.180480957,71600,71610,10
12.8947696686,80.1807632446,71610,71620,10
12.8955497742,80.1811065674,71620,71630,10
12.8964099884,80.1815872192,71630,71640,10
12.8975496292,80.1821365356,71640,71660,20
12.8975496292,80.1821365356,71660,71670,10
12.897649765,80.1822433472,71670,71681,11
12.8981304169,80.1824493408,71681,71691,10
12.8988399506,80.1828384399,71691,71700,9
12.8995103836,80.1831665039,71700,71711,11
12.900349617,80.1835708618,71711,71721,10
12.9010896683,80.1838912964,71721,71731,10
12.9020004272,80.1841430664,71731,71741,10
12.9030103683,80.1844329834,71741,71751,10
12.9038496017,80.1846618652,71751,71761,10
12.9041099548,80.1851119995,71761,71771,10
12.9040803909,80.1859512329,71771,71781,10
12.9040203094,80.1869277954,71781,71792,11
12.9044103622,80.1877593994,71792,71802,10
12.9051504135,80.1882019043,71802,71812,10
12.9058704376,80.1886062622,71812,71822,10
12.9065303802,80.1890335083,71822,71832,10
12.9069700241,80.1893997192,71832,71842,10
12.9076499939,80.1899185181,71842,71852,10
12.9084501266,80.1904830933,71852,71862,10
12.9091997147,80.1910629272,71862,71872,10
12.9097003937,80.1914825439,71872,71882,10
12.9100103378,80.1916885376,71882,71893,11
12.9104099274,80.1916503906,71893,71903,10
12.9110898972,80.1918029785,71903,71913,10
12.9117298126,80.1919021606,71913,71923,10
12.9123401642,80.1919403076,71923,71933,10
12.9132995605,80.1921005249,71933,71943,10
12.9140901566,80.1921920776,71943,71953,10
12.9148397446,80.1922683716,71953,71963,10
12.9155702591,80.1922912598,71963,71973,10
12.9162502289,80.1923599243,71973,71983,10
12.9167604446,80.1924285889,71983,71993,10
12.9170799255,80.1923294067,71993,72004,11
12.9170999527,80.1922225952,72004,72034,30
12.9171895981,80.1918869019,72034,72044,10
12.9172096252,80.1914978027,72044,72054,10
12.9172801971,80.1909713745,72054,72064,10
12.9172697067,80.1905593872,72064,72074,10
12.91726017,80.1905136108,72074,72084,10
12.91726017,80.1903610229,72084,72094,10
12.9172296524,80.1903381348,72094,72104,10
12.9174604416,80.1904602051,72104,72125,21
12.9174604416,80.1904602051,72125,72135,10
12.9173803329,80.1914901733,72135,72145,10
12.9171895981,80.1921463013,72145,72155,10
12.9170799255,80.1928100586,72155,72165,10
12.9170303345,80.193107605,72165,72175,10
12.9170598984,80.1930007935,72175,72185,10
12.9170303345,80.1930007935,72185,72195,10
12.9170398712,80.1931686401,72195,72205,10
12.9170103073,80.1934585571,72205,72215,10
12.917090416,80.1939620972,72215,72225,10
12.9171600342,80.1943206787,72225,72235,10
12.917550087,80.1947479248,72235,72245,10
12.9180402756,80.1952133179,72245,72256,11
12.9185400009,80.1956634521,72256,72266,10
12.9188404083,80.1960067749,72266,72276,10
12.919090271,80.1964797974,72276,72286,10
12.919839859,80.1965637207,72286,72296,10
12.9204397202,80.1967086792,72296,72306,10
12.9208202362,80.1969223022,72306,72316,10
12.9210100174,80.1969680786,72316,72326,10
12.9215297699,80.1971435547,72326,72336,10
12.9222297668,80.1973190308,72336,72347,11
12.9229803085,80.1974029541,72347,72387,40
12.9246702194,80.1975479126,72387,72397,10
12.9251804352,80.197517395,72397,72407,10
12.9254598618,80.1975326538,72407,72417,10
12.9261598587,80.197593689,72417,72427,10
12.9264698029,80.1976623535,72427,72437,10
12.9266901016,80.1977081299,72437,72447,10
12.9271402359,80.1979675293,72447,72457,10
12.9276103973,80.1983184814,72457,72467,10
12.9279098511,80.1987762451,72467,72478,11
12.9281997681,80.1995391846,72478,72488,10
12.9284200668,80.2003173828,72488,72498,10
12.9284801483,80.2011566162,72498,72508,10
12.9284896851,80.2020263672,72508,72518,10
12.9287796021,80.2027511597,72518,72528,10
12.9294300079,80.2029571533,72528,72538,10
12.9295301437,80.2028884888,72538,72548,10
12.929889679,80.2028884888,72548,72558,10
12.9305696487,80.2029800415,72558,72568,10
12.9313602448,80.2032165527,72568,72578,10
12.9321298599,80.2034988403,72578,72589,11
12.9330301285,80.2038192749,72589,72599,10
12.9336395264,80.203956604,72599,72609,10
12.9340696335,80.2039871216,72609,72619,10
12.9338598251,80.2038269043,72619,72629,10
12.9337797165,80.2036819458,72629,72639,10
12.9341497421,80.2039718628,72639,72649,10
12.9345302582,80.2040176392,72649,72659,10
12.9351301193,80.2042007446,72659,72669,10
12.9361200333,80.2046203613,72669,72679,10
12.9369897842,80.2048568726,72679,72698,19
12.9385995865,80.2052764893,72698,72710,12
12.9395399094,80.2055892944,72710,72720,10
12.9401102066,80.2054519653,72720,72730,10
12.9400501251,80.2055435181,72730,72740,10
12.9402198792,80.2057800293,72740,72750,10
12.9407300949,80.2059402466,72750,72760,10
12.9411802292,80.2061080933,72760,72821,61
12.9446496964,80.2085723877,72821,72831,10
12.9450397491,80.2086715698,72831,72901,70
12.9489202499,80.2099227905,72901,72911,10
12.9489097595,80.2098617554,72911,72921,10
12.9491100311,80.2099990845,72921,72931,10
12.9493398666,80.210067749,72931,72942,11
12.9504203796,80.210647583,72942,72952,10
12.9510698318,80.2110137939,72952,72962,10
12.951789856,80.2113876343,72962,73022,60
12.9549198151,80.2124481201,73022,73033,11
12.9557504654,80.2127914429,73033,73073,40
12.959400177,80.2143707275,73073,73083,10
12.9600400925,80.2145309448,73083,73093,10
12.9607896805,80.2146606445,73093,73254,161
12.9692602158,80.2181777954,73254,73265,11
12.9700098038,80.2185592651,73265,73275,10
12.9707698822,80.2188720703,73275,73285,10
12.9713001251,80.219039917,73285,73295,10
12.9716796875,80.2191467285,73295,73305,10
12.9714603424,80.2192001343,73305,73315,10
12.9716701508,80.2192687988,73315,73325,10
12.9721298218,80.2194137573,73325,73335,10
12.9725704193,80.2195663452,73335,73476,141
12.9751596451,80.2207107544,73476,73487,11
12.9753103256,80.2208709717,73487,73507,20
12.9755401611,80.2207717896,73507,73517,10
12.9755601883,80.2208328247,73517,73527,10
12.9756298065,80.2210388184,73527,73537,10
12.9756698608,80.2211532593,73537,73547,10
12.9756402969,80.2212982178,73547,73557,10
12.9757404327,80.2212371826,73557,73567,10
12.9761695862,80.2211074829,73567,73587,20
12.9759902954,80.2217407227,73587,73628,41
12.9786901474,80.2210235596,73628,73638,10
12.9790401459,80.2210464478,73638,73648,10
12.9794797897,80.2210693359,73648,73658,10
12.9799098969,80.2211380005,73658,73668,10
12.9801197052,80.2208175659,73668,73890,222
12.9829702377,80.222366333,73890,73900,10
12.9826002121,80.2221679688,73900,73910,10
12.9843101501,80.2227401733,73910,73920,10
12.984749794,80.2227935791,73920,73930,10
12.9849796295,80.2232437134,73930,73940,10
12.9854402542,80.2233123779,73940,73949,9
12.9858903885,80.2229995728,73949,73961,12
12.9861898422,80.2229309082,73961,73981,20
12.9863195419,80.2228012085,73981,73991,10
12.986749649,80.2228393555,73991,74001,10
12.9870595932,80.2226791382,74001,74011,10
12.9873800278,80.2229766846,74011,74021,10
12.9875402451,80.2229690552,74021,74031,10
12.9879102707,80.2229919434,74031,74374,343
13.0010900497,80.2185974121,74374,74404,30
13.0026397705,80.2199630737,74404,74415,11
13.0037097931,80.2201385498,74415,74425,10
13.0044698715,80.2202072144,74425,74435,10
13.0048599243,80.2202911377,74435,74445,10
13.0051298141,80.2203216553,74445,74455,10
13.0057497025,80.2204284668,74455,74465,10
13.0064201355,80.2205429077,74465,74475,10
13.0078296661,80.221321106,74475,74485,10
13.0088701248,80.2218780518,74485,74495,10
13.0099401474,80.2224578857,74495,74505,10
13.0108995438,80.2230224609,74505,74515,10
13.0116901398,80.2233200073,74515,74526,11
13.0120201111,80.2233810425,74526,74536,10
13.012339592,80.2234573364,74536,74626,90
13.0148801804,80.2248001099,74626,74636,10
13.0154495239,80.2249298096,74636,74647,11
13.0157203674,80.225227356,74647,74657,10
13.0157299042,80.2253570557,74657,74667,10
13.0161800385,80.2253189087,74667,74677,10
13.0169095993,80.2251586914,74677,74687,10
13.0177001953,80.2248916626,74687,74727,40
13.0195598602,80.2243804932,74727,74737,10
13.0196895599,80.2244415283,74737,74747,10
13.0196800232,80.2244415283,74747,74758,11
13.0200195313,80.2247314453,74758,74768,10
13.0205402374,80.225112915,74768,74778,10
13.0210695267,80.2254714966,74778,74788,10
13.0215597153,80.2258605957,74788,74798,10
13.022190094,80.2263793945,74798,74808,10
13.0228395462,80.2270202637,74808,74818,10
13.0235004425,80.2276000977,74818,74828,10
13.024020195,80.2280883789,74828,74838,10
13.0244102478,80.2284164429,74838,74858,20
13.0244102478,80.2284164429,74858,74868,10
13.0243196487,80.2283706665,74868,74879,11
13.0243701935,80.2283782959,74879,74889,10
13.0244197845,80.2285385132,74889,74899,10
13.024479866,80.2287368774,74899,74949,50
13.0210800171,80.2255706787,74949,74959,10
13.0201797485,80.2249984741,74959,74969,10
13.0193395615,80.2245101929,74969,74979,10
13.0184803009,80.2246322632,74979,74990,11
13.0175800323,80.225189209,74990,75010,20
13.0162496567,80.2256011963,75010,75020,10
13.0157804489,80.2257995605,75020,75060,40
13.0143404007,80.22605896,75060,75101,41
13.0144500732,80.2257232666,75101,75111,10
13.0144395828,80.225730896,75111,75121,10
13.0143604279,80.2256469727,75121,75131,10
13.0143404007,80.2256469727,75131,75141,10
13.0143499374,80.2256774902,75141,75151,10
13.0143499374,80.225692749,75151,75161,10
13.0143003464,80.225692749,75161,75343,182
13.0143003464,80.225692749,75343,75353,10
13.0140399933,80.2255706787,75353,75363,10
13.0140399933,80.2255935669,75363,75373,10
13.0144996643,80.2255706787,75373,75383,10
13.0144996643,80.2256088257,75383,75393,10
13.0146503448,80.2257537842,75393,75413,20
13.0146503448,80.2257537842,75413,75423,10
13.0144395828,80.2256774902,75423,75434,11
13.0142803192,80.2257385254,75434,75444,10
13.0144500732,80.2256698608,75444,75454,10
13.0146598816,80.2255401611,75454,75474,20
13.0142698288,80.2257995605,75474,75484,10
13.014289856,80.2257080078,75484,75504,20
13.014289856,80.2257080078,75504,75514,10
13.0142498016,80.2257385254,75514,75524,10
13.0141601563,80.2256774902,75524,75645,121
13.0140800476,80.225692749,75645,76029,384
13.0143299103,80.2256469727,76029,76230,201
13.0143299103,80.2256469727,76230,76240,10
13.0143203735,80.2258377075,76240,76361,121
13.0142202377,80.2257385254,76361,78883,2522
13.0143699646,80.2257003784,78883,79055,172
13.0142202377,80.225730896,79055,80356,1301
13.0142803192,80.2256164551,80356,80749,393
13.0143299103,80.2256011963,80749,82535,1786
