12.9869298935,80.2596282959,14,2135,2121
12.9870004654,80.2597427368,2135,2287,152
12.9869804382,80.2595901489,2287,3266,979
12.9869804382,80.2595901489,3266,3276,10
12.9872303009,80.2594680786,3276,3286,10
12.9872903824,80.2592163086,3286,3316,30
12.9872903824,80.2592163086,3316,3326,10
12.9871501923,80.2590637207,3326,3336,10
12.9869499207,80.2590789795,3336,3346,10
12.9867401123,80.2590179443,3346,3357,11
12.986700058,80.2587585449,3357,3498,141
12.9868202209,80.2587814331,3498,4063,565
12.9868202209,80.2587814331,4063,4073,10
12.9867601395,80.2587203979,4073,4709,636
12.9866600037,80.2587585449,4709,6022,1313
12.9867801666,80.2586135864,6022,8887,2865
12.9868202209,80.2587738037,8887,9058,171
12.9866800308,80.2586669922,9058,10794,1736
12.9866800308,80.2586669922,10794,10804,10
12.9869098663,80.2587814331,10804,13320,2516
12.9868202209,80.2585830688,13320,15974,2654
12.9868001938,80.2586593628,15974,16459,485
12.9868001938,80.2586593628,16459,16469,10
12.986749649,80.2585830688,16469,16792,323
12.986749649,80.2585830688,16792,16802,10
12.9867696762,80.2588882446,16802,16893,91
12.9870300293,80.2590866089,16893,16933,40
12.9870300293,80.2590866089,16933,16943,10
12.9873600006,80.259262085,16943,16954,11
12.9872903824,80.2594985962,16954,16964,10
12.9870996475,80.2595596313,16964,16994,30
12.9870996475,80.2595596313,16994,17004,10
12.9867095947,80.2595367432,17004,17034,30
12.9867095947,80.2595367432,17034,17044,10
12.9866399765,80.259147644,17044,17075,31
12.9866399765,80.259147644,17075,17085,10
12.987039566,80.2591323853,17085,17155,70
12.987039566,80.2591323853,17155,17166,11
12.9873800278,80.2590484619,17166,17176,10
12.9874000549,80.2586593628,17176,17196,20
12.9874000549,80.2586593628,17196,17206,10
12.9872398376,80.2585296631,17206,17367,161
12.987159729,80.2584228516,17367,17509,142
12.9872598648,80.2584762573,17509,18175,666
12.9871397018,80.2584609985,18175,18195,20
12.9872102737,80.2584915161,18195,20168,1973
12.9872198105,80.2583694458,20168,24307,4139
12.9872198105,80.2583694458,24307,24317,10
12.9870100021,80.2584686279,24317,24327,10
12.9868402481,80.2585220337,24327,24337,10
12.9868602753,80.2586975098,24337,24367,30
12.9868602753,80.2586975098,24367,24378,11
12.9870901108,80.2585830688,24378,24388,10
12.9872598648,80.2585830688,24388,24408,20
12.9872598648,80.2585830688,24408,24418,10
12.9874095917,80.2584686279,24418,24428,10
12.9874401093,80.2581176758,24428,24438,10
12.9875001907,80.2576522827,24438,24448,10
12.9875402451,80.2571182251,24448,24458,10
12.9876098633,80.2566680908,24458,24468,10
12.9876403809,80.2564163208,24468,24478,10
12.9876699448,80.2563400269,24478,24489,11
12.9876203537,80.2559661865,24489,24499,10
12.9873895645,80.2557373047,24499,24509,10
12.9867296219,80.2556228638,24509,24519,10
12.9861803055,80.255531311,24519,24529,10
12.9859695435,80.2554779053,24529,24539,10
12.9854001999,80.2553405762,24539,24549,10
12.984629631,80.2551422119,24549,24559,10
12.9837799072,80.2549362183,24559,24569,10
12.9830102921,80.2547302246,24569,24579,10
12.9823198318,80.2544631958,24579,24589,10
12.9819002151,80.2537918091,24589,24600,11
12.9816904068,80.2529602051,24600,24610,10
12.9809598923,80.2527770996,24610,24620,10
12.9803304672,80.2527923584,24620,24630,10
12.9799499512,80.2527923584,24630,24640,10
12.979590416,80.2527389526,24640,24650,10
12.9789600372,80.2526626587,24650,24660,10
12.9782400131,80.2523422241,24660,24670,10
12.9775695801,80.251739502,24670,24680,10
12.9767904282,80.2513275146,24680,24690,10
12.9757404327,80.2510299683,24690,24701,11
12.9745502472,80.2507019043,24701,24711,10
12.9735803604,80.2503967285,24711,24721,10
12.9725799561,80.2501296997,24721,24731,10
12.971449852,80.2498321533,24731,24741,10
12.9702396393,80.2494812012,24741,24751,10
12.9690198898,80.2490081787,24751,24761,10
12.9680595398,80.248626709,24761,24771,10
12.9670200348,80.2481765747,24771,24781,10
12.9660797119,80.2477264404,24781,24791,10
12.9651403427,80.2473831177,24791,24801,10
12.9642295837,80.2470626831,24801,24812,11
12.9637403488,80.246887207,24812,24822,10
12.9637298584,80.2468795776,24822,24832,10
12.9634895325,80.2467422485,24832,24842,10
12.962770462,80.2464065552,24842,24852,10
12.9618396759,80.2459411621,24852,24868,16
12.9603900909,80.245262146,24868,24880,12
12.9593296051,80.2447967529,24880,24888,8
12.9586296082,80.2444381714,24888,24900,12
12.9577302933,80.2440795898,24900,24910,10
12.9570503235,80.2438430786,24910,24921,11
12.9564304352,80.2436294556,24921,24931,10
12.9560203552,80.2434616089,24931,24940,9
12.9553499222,80.2431106567,24940,24951,11
12.9543800354,80.24269104,24951,24962,11
12.9533500671,80.2422637939,24962,24972,10
12.9524002075,80.2419128418,24972,24982,10
12.9515695572,80.2416229248,24982,24992,10
12.9505796432,80.2413101196,24992,25002,10
12.949640274,80.2410583496,25002,25012,10
12.9491701126,80.2408981323,25012,25023,11
12.9487600327,80.240737915,25023,25033,10
12.9481801987,80.2404785156,25033,25043,10
12.9473800659,80.2401275635,25043,25053,10
12.9463596344,80.2397003174,25053,25063,10
12.9453201294,80.2392120361,25063,25073,10
12.9444503784,80.2383575439,25073,25083,10
12.9437198639,80.2375793457,25083,25093,10
12.9432401657,80.2370681763,25093,25103,10
12.9424200058,80.2365570068,25103,25119,16
12.9408502579,80.2361526489,25119,25131,12
12.9401702881,80.2359390259,25131,25142,11
12.9395999908,80.2357025146,25142,25152,10
12.938750267,80.2352981567,25152,25162,10
12.9378099442,80.2348632813,25162,25171,9
12.9370803833,80.2345123291,25171,25182,11
12.9361400604,80.2340393066,25182,25192,10
12.9358196259,80.2339477539,25192,25202,10
12.9355897903,80.2342910767,25202,25212,10
12.9353599548,80.23487854,25212,25222,10
12.9351902008,80.2353515625,25222,25232,10
12.9350795746,80.2354431152,25232,25243,11
12.9347496033,80.2353286743,25243,25253,10
12.9343299866,80.2351837158,25253,25263,10
12.9340200424,80.2350234985,25263,25273,10
12.933839798,80.2350769043,25273,25283,10
12.9337396622,80.2354736328,25283,25293,10
12.9336395264,80.2358703613,25293,25303,10
12.9335203171,80.2361831665,25303,25313,10
12.933139801,80.2361221313,25313,25323,10
12.9330301285,80.2360992432,25323,25333,10
12.932970047,80.2362136841,25333,25344,11
12.9329004288,80.2366485596,25344,25354,10
12.9327602386,80.237197876,25354,25364,10
12.9326200485,80.2375335693,25364,25374,10
12.932390213,80.2381286621,25374,25384,10
12.9322395325,80.2385025024,25384,25394,10
12.9318504333,80.2387313843,25394,25465,71
12.9318504333,80.2387313843,25465,25475,10
12.9317398071,80.2386932373,25475,25485,10
12.9314002991,80.2386016846,25485,25495,10
12.931139946,80.2385177612,25495,25505,10
12.9307098389,80.2383728027,25505,25515,10
12.9302196503,80.2381896973,25515,25525,10
12.9297304153,80.2380218506,25525,25535,10
12.9295301437,80.2381820679,25535,25545,10
12.9294099808,80.2385787964,25545,25555,10
12.9292802811,80.2389907837,25555,25566,11
12.9287996292,80.2389373779,25566,25576,10
12.9282798767,80.238822937,25576,25586,10
12.9277200699,80.2386779785,25586,25596,10
12.9271097183,80.2385406494,25596,25606,10
12.9265203476,80.2384033203,25606,25616,10
12.9259300232,80.2382278442,25616,25626,10
12.9254798889,80.2381286621,25626,25636,10
12.925740242,80.2382583618,25636,25656,20
12.925740242,80.2382583618,25656,25667,11
12.9258298874,80.2382125854,25667,25677,10
12.926150322,80.2382507324,25677,25687,10
12.926659584,80.2384109497,25687,25697,10
12.9272899628,80.2385482788,25697,25707,10
12.9281597137,80.2387771606,25707,25727,20
12.9281597137,80.2387771606,25727,25737,10
12.9284200668,80.238861084,25737,25753,16
12.9292097092,80.2390594482,25753,25765,12
12.9293603897,80.238861084,25765,25773,8
12.9294700623,80.2385025024,25773,25785,12
12.9296197891,80.2380371094,25785,25795,10
12.9301204681,80.2381210327,25795,25806,11
12.9309301376,80.2384262085,25806,25867,61
12.9309301376,80.2384262085,25867,25877,10
12.9312000275,80.2385482788,25877,25888,11
12.9314804077,80.2386627197,25888,25898,10
12.9319601059,80.2388000488,25898,25908,10
12.9322299957,80.2386016846,25908,25918,10
12.9323396683,80.2383117676,25918,25928,10
12.9325504303,80.2377700806,25928,25938,10
12.9327297211,80.2372817993,25938,25948,10
12.932849884,80.2369537354,25948,25958,10
12.9329595566,80.2364883423,25958,25968,10
12.9329996109,80.2362365723,25968,25978,10
12.9331703186,80.2361221313,25978,25988,10
12.9335098267,80.2362213135,25988,25999,11
12.9336395264,80.2359237671,25999,26009,10
12.9337997437,80.2353134155,26009,26019,10
12.9339799881,80.234992981,26019,26029,10
12.9342603683,80.2351226807,26029,26039,10
12.9347400665,80.2353591919,26039,26049,10
12.9350204468,80.2354812622,26049,26059,10
12.9351596832,80.2353591919,26059,26069,10
12.9353103638,80.2350006104,26069,26079,10
12.9355802536,80.234336853,26079,26089,10
12.9357299805,80.2339477539,26089,26120,31
12.9357299805,80.2339477539,26120,26130,10
12.9358100891,80.2338180542,26130,26140,10
12.9362297058,80.2339401245,26140,26150,10
12.9369802475,80.2342987061,26150,26160,10
12.9378995895,80.2347412109,26160,26170,10
12.9387998581,80.2351989746,26170,26180,10
12.9395704269,80.2355880737,26180,26190,10
12.9406995773,80.2359771729,26190,26200,10
12.9418401718,80.2362670898,26200,26211,11
12.9430599213,80.2367782593,26211,26221,10
12.9439601898,80.2376403809,26221,26231,10
12.9448204041,80.2385864258,26231,26241,10
12.9457597733,80.2393569946,26241,26251,10
12.9468698502,80.2398376465,26251,26261,10
12.9479398727,80.2402801514,26261,26271,10
12.9487800598,80.2406234741,26271,26301,30
12.9487800598,80.2406234741,26301,26312,11
12.9490098953,80.2407226563,26312,26322,10
12.9495296478,80.2409133911,26322,26332,10
12.9503297806,80.2411575317,26332,26342,10
12.9512701035,80.2414779663,26342,26352,10
12.952249527,80.2418289185,26352,26362,10
12.9532899857,80.2422332764,26362,26372,10
12.9541797638,80.2425765991,26372,26382,10
12.9551296234,80.2429580688,26382,26392,10
12.9559497833,80.2433013916,26392,26402,10
12.9563999176,80.2434768677,26402,26412,10
12.9567298889,80.2436218262,26412,26423,11
12.9575996399,80.2439575195,26423,26433,10
12.9585599899,80.2443695068,26433,26443,10
12.9595603943,80.2447967529,26443,26453,10
12.960559845,80.245262146,26453,26463,10
12.9615697861,80.2457427979,26463,26473,10
12.9624795914,80.2461929321,26473,26483,10
12.9632797241,80.2465820313,26483,26493,10
12.9641599655,80.246963501,26493,26503,10
12.9651603699,80.2473068237,26503,26513,10
12.966050148,80.2476196289,26513,26522,9
12.9664201736,80.2477722168,26522,26534,12
12.9666996002,80.2479095459,26534,26544,10
12.9670600891,80.2481307983,26544,26554,10
12.9678401947,80.2484512329,26554,26564,10
12.9687995911,80.2488174438,26564,26574,10
12.9698295593,80.2492370605,26574,26584,10
12.9709701538,80.2496795654,26584,26594,10
12.9722003937,80.25,26594,26604,10
12.9733800888,80.2502975464,26604,26614,10
12.9742898941,80.2505569458,26614,26624,10
12.9752702713,80.2508392334,26624,26635,11
12.9763202667,80.251121521,26635,26644,9
12.977230072,80.2514419556,26644,26655,11
12.9781303406,80.2521209717,26655,26665,10
12.9788999557,80.252532959,26665,26675,10
12.9794797897,80.2526321411,26675,26685,10
12.9801702499,80.2526779175,26685,26695,10
12.9808101654,80.2526702881,26695,26705,10
12.9816703796,80.2526321411,26705,26715,10
12.982629776,80.2526016235,26715,26725,10
12.9836101532,80.2524795532,26725,26735,10
12.9846000671,80.2521972656,26735,26746,11
12.9856901169,80.2519073486,26746,26756,10
12.9863901138,80.2517166138,26756,26766,10
12.9868402481,80.2515869141,26766,26776,10
12.9871397018,80.2515029907,26776,26822,46
12.9871397018,80.2515029907,26822,26834,12
12.9875402451,80.2513885498,26834,26844,10
12.9875402451,80.2513885498,26844,26855,11
12.9878797531,80.2513885498,26855,26865,10
12.9879999161,80.2517623901,26865,26875,10
12.9880504608,80.2524032593,26875,26885,10
12.9879703522,80.2531967163,26885,26895,10
12.9878997803,80.2540435791,26895,26905,10
12.987830162,80.2547531128,26905,26915,10
12.9877796173,80.2554397583,26915,26966,51
12.9877796173,80.2554397583,26966,26976,10
12.9878902435,80.2557601929,26976,26985,9
12.988240242,80.255821228,26985,26997,12
12.9887199402,80.255897522,26997,27007,10
12.9892501831,80.2559509277,27007,27017,10
12.9898796082,80.2560272217,27017,27027,10
12.9903497696,80.2560119629,27027,27037,10
12.9910497665,80.2560424805,27037,27047,10
12.9917697906,80.2560577393,27047,27057,10
12.9925603867,80.2560501099,27057,27070,13
12.993639946,80.2559814453,27070,27080,10
12.9944000244,80.2559509277,27080,27090,10
12.9951601028,80.2559127808,27090,27100,10
12.9957895279,80.2559204102,27100,27110,10
12.9962997437,80.255897522,27110,27120,10
12.9966697693,80.2558822632,27120,27130,10
12.9969596863,80.255859375,27130,27140,10
12.997420311,80.2558898926,27140,27163,23
12.9989500046,80.2560882568,27163,27186,23
12.9989500046,80.2560882568,27186,27195,9
12.9991397858,80.256111145,27195,27206,11
12.9995698929,80.2562026978,27206,27216,10
13.0000696182,80.2562866211,27216,27226,10
13.0007696152,80.2564086914,27226,27256,30
13.0007696152,80.2564086914,27256,27266,10
13.0008802414,80.256477356,27266,27276,10
13.0012397766,80.2565307617,27276,27287,11
13.0016202927,80.2565994263,27287,27297,10
13.0021600723,80.2566833496,27297,27307,10
13.0027503967,80.2567825317,27307,27317,10
13.0034704208,80.2569122314,27317,27327,10
13.0041704178,80.2570495605,27327,27337,10
13.0049200058,80.2571792603,27337,27347,10
13.0057001114,80.2573165894,27347,27357,10
13.0064496994,80.2574920654,27357,27367,10
13.0069904327,80.2579727173,27367,27377,10
13.0075502396,80.2586364746,27377,27388,11
13.0084400177,80.2589797974,27388,27398,10
13.0091199875,80.2591018677,27398,27408,10
13.0100698471,80.2591018677,27408,27418,10
13.0112800598,80.2590866089,27418,27428,10
13.0125198364,80.2591171265,27428,27438,10
13.013759613,80.2591629028,27438,27448,10
13.0150403976,80.2592086792,27448,27458,10
13.0160799026,80.2595062256,27458,27468,10
13.0167598724,80.259979248,27468,27478,10
13.0174999237,80.2604827881,27478,27488,10
13.0183000565,80.2610321045,27488,27499,11
13.0189800262,80.2615737915,27499,27509,10
13.0195798874,80.2621383667,27509,27519,10
13.0201997757,80.2626800537,27519,27529,10
13.0203304291,80.2629928589,27529,27539,10
13.0199804306,80.2630081177,27539,27549,10
13.019370079,80.2629928589,27549,27559,10
13.0190200806,80.2631072998,27559,27569,10
13.0191001892,80.2636413574,27569,27579,10
13.019109726,80.2644805908,27579,27588,9
13.0189304352,80.2651901245,27588,27599,11
13.0187702179,80.2657623291,27599,27610,11
13.0187397003,80.2666778564,27610,27620,10
13.0190401077,80.2675170898,27620,27630,10
13.0197000504,80.2682723999,27630,27640,10
13.0203504562,80.2690734863,27640,27650,10
13.020819664,80.2696380615,27650,27660,10
13.0214195251,80.2703323364,27660,27670,10
13.0221204758,80.2712173462,27670,27680,10
13.0228099823,80.272102356,27680,27690,10
13.0233201981,80.2727890015,27690,27700,10
13.0240001678,80.2737197876,27700,27769,69
13.0240001678,80.2737197876,27769,27779,10
13.0241203308,80.2739105225,27779,27789,10
13.0244398117,80.2743606567,27789,27799,10
13.0250597,80.2747802734,27799,27809,10
13.0257997513,80.275100708,27809,27819,10
13.0266199112,80.2754669189,27819,27830,11
13.0275402069,80.2759017944,27830,27840,10
13.028380394,80.2762527466,27840,27850,10
13.029250145,80.2765808105,27850,27860,10
13.0299396515,80.2767715454,27860,27870,10
13.0306196213,80.2770462036,27870,27880,10
13.0308904648,80.2772369385,27880,27890,10
13.0310201645,80.27734375,27890,27900,10
13.0313901901,80.2775421143,27900,27910,10
13.0320501328,80.277557373,27910,27920,10
13.0326595306,80.2775115967,27920,27931,11
13.033200264,80.2774505615,27931,27941,10
13.0334701538,80.2772598267,27941,27951,10
13.0335798264,80.276802063,27951,27961,10
13.0336503983,80.2764129639,27961,27981,20
13.0336503983,80.2764129639,27981,27991,10
13.0338096619,80.2763137817,27991,28001,10
13.0339403152,80.2764968872,28001,28809,808
13.0339803696,80.2763977051,28809,29071,262
13.0339097977,80.2764129639,29071,29162,91
13.0339097977,80.2764129639,29162,29172,10
13.0339603424,80.2764282227,29172,29596,424
13.0340003967,80.2763671875,29596,29727,131
13.0340299606,80.2762374878,29727,29848,121
13.0340299606,80.2762374878,29848,29858,10
13.033780098,80.2763519287,29858,29909,51
13.033780098,80.2763519287,29909,29919,10
13.0335903168,80.2765274048,29919,29929,10
13.0335502625,80.2769165039,29929,29939,10
13.0334796906,80.2772216797,29939,29949,10
13.0335102081,80.2773513794,29949,29959,10
13.0339298248,80.2774505615,29959,29969,10
13.0344200134,80.2775726318,29969,29980,11
13.0349197388,80.2776412964,29980,29990,10
13.035369873,80.2776870728,29990,30000,10
13.0357103348,80.2778015137,30000,30010,10
13.0362701416,80.2779083252,30010,30020,10
13.0369195938,80.2781524658,30020,30030,10
13.0377397537,80.2783966064,30030,30040,10
13.0389299393,80.2786865234,30040,30060,20
13.0389299393,80.2786865234,30060,30070,10
13.0389795303,80.2787094116,30070,30080,10
13.0393600464,80.2788619995,30080,30091,11
13.0401802063,80.2790985107,30091,30101,10
13.0411701202,80.2793426514,30101,30111,10
13.0422000885,80.2794876099,30111,30121,10
13.0431995392,80.2796173096,30121,30131,10
13.0441102982,80.279838562,30131,30141,10
13.0449895859,80.2799835205,30141,30151,10
13.0457201004,80.2800598145,30151,30161,10
13.0462999344,80.2801437378,30161,30171,10
13.0472402573,80.2802810669,30171,30181,10
13.0482597351,80.280418396,30181,30191,10
13.049200058,80.2805633545,30191,30202,11
13.0502195358,80.2807006836,30202,30212,10
13.051199913,80.2808837891,30212,30222,10
13.0522499084,80.2810287476,30222,30232,10
13.0533599854,80.2811889648,30232,30242,10
13.0545301437,80.2813873291,30242,30252,10
13.0555400848,80.281578064,30252,30262,10
13.0561800003,80.2817077637,30262,30272,10
13.0564804077,80.2817687988,30272,30282,10
13.0565595627,80.281791687,30282,30292,10
13.0568799973,80.2818527222,30292,30302,10
13.0573797226,80.2819519043,30302,30313,11
13.0581197739,80.282119751,30313,30323,10
13.0590200424,80.2823181152,30323,30333,10
13.0599498749,80.2825012207,30333,30343,10
13.0607204437,80.282661438,30343,30353,10
13.0616197586,80.2828521729,30353,30363,10
13.0624904633,80.2830429077,30363,30373,10
13.0631504059,80.2831802368,30373,30393,20
13.0631504059,80.2831802368,30393,30403,10
13.0633802414,80.2832489014,30403,30414,11
13.0636396408,80.2833023071,30414,30424,10
13.0637397766,80.2833328247,30424,30434,10
13.064160347,80.283416748,30434,30444,10
13.0647602081,80.2835388184,30444,30454,10
13.0654697418,80.2836990356,30454,30464,10
13.0664100647,80.2839202881,30464,30474,10
13.0672998428,80.2841110229,30474,30484,10
13.0681800842,80.2842712402,30484,30494,10
13.0690002441,80.2844619751,30494,30503,9
13.0698003769,80.2846603394,30503,30514,11
13.0708999634,80.2849197388,30514,30525,11
13.0720396042,80.2852020264,30525,30535,10
13.0730695724,80.2852783203,30535,30545,10
13.073800087,80.2854003906,30545,30555,10
13.0741100311,80.2856826782,30555,30565,10
13.0745697021,80.2861862183,30565,30575,10
13.0753202438,80.2866363525,30575,30585,10
13.076210022,80.2870483398,30585,30595,10
13.0773296356,80.287322998,30595,30605,10
13.0785398483,80.2876281738,30605,30615,10
13.079460144,80.2879867554,30615,30625,10
13.0803098679,80.2881393433,30625,30636,11
13.0811395645,80.2884216309,30636,30646,10
13.0821504593,80.288772583,30646,30656,10
13.0832195282,80.2891769409,30656,30666,10
13.0842399597,80.2891616821,30666,30676,10
13.0852203369,80.2891464233,30676,30687,11
13.0863704681,80.2893981934,30687,30697,10
13.0874300003,80.2897415161,30697,30707,10
13.0888004303,80.2901535034,30707,30758,51
13.0888004303,80.2901535034,30758,30768,10
13.0888996124,80.2902297974,30768,30778,10
13.0884895325,80.2902984619,30778,30788,10
13.0877399445,80.2899780273,30788,30798,10
13.0867996216,80.2896728516,30798,30808,10
13.0860099792,80.2894821167,30808,30818,10
13.0855703354,80.2890777588,30818,30828,10
13.0851802826,80.2882614136,30828,30838,10
13.0851402283,80.2872314453,30838,30847,9
13.0852298737,80.2862625122,30847,30859,12
13.0853595734,80.2849578857,30859,30869,10
13.0852804184,80.2841491699,30869,30879,10
13.0854501724,80.2837219238,30879,30889,10
13.085559845,80.2835464478,30889,30899,10
13.0858097076,80.2835464478,30899,30909,10
13.0861597061,80.2835617065,30909,30919,10
13.0864496231,80.283706665,30919,30929,10
13.0867004395,80.2839126587,30929,30939,10
13.0868501663,80.2839431763,30939,30949,10
13.0870599747,80.2839431763,30949,30960,11
13.0873003006,80.2839584351,30960,30970,10
13.087679863,80.2839584351,30970,30980,10
13.0879096985,80.2839813232,30980,30990,10
13.0881500244,80.2838516235,30990,31232,242
13.0881500244,80.2837905884,31232,31404,172
13.0881500244,80.2837905884,31404,31414,10
13.088139534,80.2836990356,31414,31484,70
13.088139534,80.2836990356,31484,31494,10
13.0881004333,80.2838134766,31494,32181,687
13.088060379,80.2837905884,32181,32655,474
13.088060379,80.2837905884,32655,32665,10
13.0881595612,80.2835922241,32665,32675,10
13.0882902145,80.2833633423,32675,32685,10
13.0882797241,80.2828292847,32685,32696,11
13.088259697,80.2821884155,32696,32706,10
13.0881004333,80.2817001343,32706,32716,10
13.0881204605,80.2814483643,32716,32726,10
13.0881996155,80.281463623,32726,32736,10
13.0884199142,80.2814788818,32736,32746,10
13.0885400772,80.2817764282,32746,32756,10
13.0884895325,80.2822189331,32756,32766,10
13.0884199142,80.2827377319,32766,32776,10
13.0883998871,80.2833633423,32776,32786,10
13.0884399414,80.2839813232,32786,32796,10
13.0884599686,80.2846832275,32796,32807,11
13.0885095596,80.2851409912,32807,32817,10
13.088549614,80.2857589722,32817,32827,10
13.0885801315,80.2863616943,32827,32837,10
13.0885696411,80.2866516113,32837,32847,10
13.0886001587,80.2872467041,32847,32857,10
13.0886201859,80.2875289917,32857,32867,10
13.0886497498,80.2877883911,32867,32877,10
13.0887002945,80.2883300781,32877,32887,10
13.0887403488,80.2885513306,32887,32897,10
13.088760376,80.288848877,32897,32907,10
13.0887804031,80.2893218994,32907,32918,11
13.0887804031,80.2893295288,32918,32928,10
13.0888004303,80.2894515991,32928,32938,10
13.0888395309,80.2901611328,32938,32958,20
13.0888395309,80.2901611328,32958,32968,10
13.088809967,80.2903594971,32968,32978,10
13.088549614,80.2904281616,32978,32988,10
13.0881004333,80.2901382446,32988,32998,10
13.087439537,80.2898330688,32998,33014,16
13.0859899521,80.2893600464,33014,33027,13
13.0847597122,80.2891616821,33027,33037,10
13.0839796066,80.2892074585,33037,33047,10
13.0829296112,80.2891769409,33047,33057,10
13.0823097229,80.2889328003,33057,33067,10
13.0820302963,80.2888336182,33067,33077,10
13.0819301605,80.2887878418,33077,33087,10
13.0816001892,80.2886276245,33087,33096,9
13.0809803009,80.2884368896,33096,33106,10
13.0802898407,80.2882385254,33106,33117,11
13.0801401138,80.2882232666,33117,33128,11
13.0797300339,80.2881393433,33128,33138,10
13.0790596008,80.2879333496,33138,33148,10
13.0781898499,80.2876205444,33148,33158,10
13.0771999359,80.2873687744,33158,33168,10
13.0761804581,80.287109375,33168,33178,10
13.0752601624,80.2867126465,33178,33188,10
13.0745296478,80.2862472534,33188,33198,10
13.0734596252,80.2859725952,33198,33208,10
13.072520256,80.2854766846,33208,33218,10
13.0714302063,80.2851333618,33218,33228,10
13.0701799393,80.2848434448,33228,33239,11
13.0689201355,80.2845611572,33239,33249,10
13.0681600571,80.2843933105,33249,33259,10
13.0680503845,80.2843780518,33259,33269,10
13.0678796768,80.284362793,33269,33279,10
13.0672397614,80.2842712402,33279,33289,10
13.0663404465,80.284072876,33289,33299,10
13.0653896332,80.2838516235,33299,33309,10
13.0643701553,80.2836074829,33309,33329,20
13.0643701553,80.2836074829,33329,33339,10
13.0640096664,80.2835006714,33339,33350,11
13.0635299683,80.2833480835,33350,33360,10
13.0629196167,80.2832107544,33360,33370,10
13.0625696182,80.2831420898,33370,33380,10
13.0625696182,80.2831268311,33380,33390,10
13.0625495911,80.2831268311,33390,33400,10
13.0621900558,80.2830276489,33400,33410,10
13.0615596771,80.2828979492,33410,33420,10
13.0609397888,80.2827606201,33420,33430,10
13.0603103638,80.282623291,33430,33440,10
13.059510231,80.2824707031,33440,33451,11
13.0586500168,80.2823028564,33451,33461,10
13.0580396652,80.2821807861,33461,33471,10
13.0573997498,80.2820587158,33471,33481,10
13.0568399429,80.2819290161,33481,33491,10
13.0567398071,80.2819137573,33491,33501,10
13.0566396713,80.2818984985,33501,33511,10
13.0565595627,80.2818832397,33511,33521,10
13.0563001633,80.2818222046,33521,33531,10
13.0556402206,80.2816772461,33531,33541,10
13.0547599792,80.28150177,33541,33551,10
13.0538196564,80.2813262939,33551,33562,11
13.0528097153,80.2811813354,33562,33572,10
13.0519399643,80.281036377,33572,33582,10
13.051320076,80.2809524536,33582,33592,10
13.050620079,80.2808532715,33592,33602,10
13.0502796173,80.2808227539,33602,33612,10
13.0501203537,80.2807769775,33612,33622,10
13.0495595932,80.2807006836,33622,33632,10
13.0487604141,80.2805786133,33632,33642,10
13.0478401184,80.2804412842,33642,33652,10
13.0468902588,80.2803115845,33652,33662,10
13.0456695557,80.2801437378,33662,33691,29
13.0456695557,80.2801437378,33691,33701,10
13.0455904007,80.2801437378,33701,33711,10
13.0450801849,80.2800598145,33711,33721,10
13.044260025,80.2799377441,33721,33731,10
13.0437602997,80.2798690796,33731,33741,10
13.043419838,80.2798080444,33741,33751,10
13.0427103043,80.2796707153,33751,33760,9
13.0418996811,80.2795181274,33760,33770,10
13.0409898758,80.2793426514,33770,33782,12
13.0401096344,80.2791366577,33782,33792,10
13.0396404266,80.2790222168,33792,33802,10
13.0389795303,80.2788314819,33802,33822,20
13.0389795303,80.2788314819,33822,33832,10
13.0387601852,80.2787399292,33832,33842,10
13.0382099152,80.2785568237,33842,33852,10
13.0374698639,80.2783203125,33852,33862,10
13.0368995667,80.2781219482,33862,33872,10
13.0363197327,80.2778930664,33872,33882,10
13.0359201431,80.2778015137,33882,33893,11
13.0354404449,80.2777175903,33893,33903,10
13.0347995758,80.2776184082,33903,33913,10
13.0342502594,80.2774734497,33913,33923,10
13.0338802338,80.2773971558,33923,33933,10
13.0334501266,80.2774124146,33933,33943,10
13.032959938,80.2774734497,33943,33959,16
13.0323696136,80.2774963379,33959,33972,13
13.0317001343,80.2775726318,33972,33982,10
13.0310001373,80.2772216797,33982,34003,21
13.0310001373,80.2772216797,34003,34012,9
13.0307598114,80.277130127,34012,34023,11
13.029999733,80.2768173218,34023,34033,10
13.0291500092,80.2765808105,34033,34042,9
13.0285701752,80.2763519287,34042,34054,12
13.0277996063,80.2760162354,34054,34064,10
13.0272197723,80.275718689,34064,34074,10
13.0267601013,80.2754898071,34074,34084,10
13.0265197754,80.2754135132,34084,34094,10
13.02643013,80.2753601074,34094,34104,10
13.0263500214,80.2753219604,34104,34115,11
13.026260376,80.2752990723,34115,34125,10
13.0260295868,80.2751998901,34125,34148,23
13.0256099701,80.2749862671,34148,34160,12
13.0248003006,80.2746200562,34160,34170,10
13.0242996216,80.2742233276,34170,34189,19
13.0242996216,80.2742233276,34189,34201,12
13.0241298676,80.2740402222,34201,34211,10
13.0238599777,80.2736968994,34211,34222,11
13.0235204697,80.2732391357,34222,34232,10
13.0230503082,80.2726135254,34232,34242,10
13.0225000381,80.2718734741,34242,34252,10
13.0219802856,80.2712020874,34252,34262,10
13.0214996338,80.2706069946,34262,34272,10
13.0212497711,80.2703094482,34272,34282,10
13.0210695267,80.270072937,34282,34302,20
13.0210695267,80.270072937,34302,34312,10
13.021030426,80.2699432373,34312,34322,10
13.0207700729,80.2697067261,34322,34333,11
13.02023983,80.26902771,34333,34343,10
13.0196800232,80.2683792114,34343,34353,10
13.0191602707,80.2677764893,34353,34363,10
13.0187397003,80.2671127319,34363,34373,10
13.0186395645,80.2665176392,34373,34383,10
13.0186395645,80.2658233643,34383,34393,10
13.0188302994,80.2650680542,34393,34403,10
13.0190200806,80.2644271851,34403,34413,10
13.0190000534,80.2637405396,34413,34423,10
13.0189695358,80.263458252,34423,34434,11
13.0189504623,80.2633514404,34434,34444,10
13.0189199448,80.2630081177,34444,34454,10
13.018910408,80.2629013062,34454,34464,10
13.0188703537,80.2624130249,34464,34474,10
13.0187597275,80.2617492676,34474,34484,10
13.0184497833,80.261138916,34484,34494,10
13.0177202225,80.2606811523,34494,34504,10
13.0171203613,80.2602615356,34504,34514,10
13.016500473,80.2598571777,34514,34524,10
13.0161399841,80.2596893311,34524,34534,10
13.0161304474,80.2596893311,34534,34545,11
13.015879631,80.2595672607,34545,34555,10
13.0152797699,80.2593917847,34555,34565,10
13.0144500732,80.2593002319,34565,34575,10
13.0135097504,80.2592468262,34575,34585,10
13.0126695633,80.2592315674,34585,34595,10
13.011590004,80.2591934204,34595,34605,10
13.0108299255,80.2592010498,34605,34615,10
13.0099601746,80.2592163086,34615,34625,10
13.0092201233,80.2592086792,34625,34635,10
13.0088300705,80.2591781616,34635,34645,10
13.0085401535,80.2591629028,34645,34656,11
13.0078401566,80.2592697144,34656,34666,10
13.007399559,80.2591094971,34666,34676,10
13.0072002411,80.2587280273,34676,34686,10
13.0071496964,80.2586212158,34686,34696,10
13.0071296692,80.2585067749,34696,34706,10
13.0069198608,80.2581481934,34706,34716,10
13.0065002441,80.2576217651,34716,34726,10
13.00578022,80.2574005127,34726,34736,10
13.0048999786,80.2571792603,34736,34746,10
13.0041704178,80.2570571899,34746,34756,10
13.0035104752,80.2569274902,34756,34767,11
13.0028600693,80.2567596436,34767,34783,16
13.0020303726,80.2566223145,34783,34814,31
13.0020303726,80.2566223145,34814,34825,11
13.0013599396,80.2565536499,34825,34835,10
13.0006504059,80.256439209,34835,34844,9
13.0000600815,80.256362915,34844,34855,11
12.999329567,80.2561798096,34855,34865,10
12.9987602234,80.2560882568,34865,34885,20
12.9987602234,80.2560882568,34885,34896,11
12.9984197617,80.2560577393,34896,34906,10
12.9979295731,80.2559280396,34906,34916,10
12.9972200394,80.2558898926,34916,34926,10
12.9967498779,80.2558288574,34926,34936,10
12.9961795807,80.2558288574,34936,34946,10
12.9958496094,80.2558822632,34946,34956,10
12.9954099655,80.2558898926,34956,34966,10
12.9947795868,80.2559204102,34966,34976,10
12.9942598343,80.2559280396,34976,34987,11
12.9935703278,80.2559814453,34987,34997,10
12.9928503036,80.2560501099,34997,35006,9
12.9923696518,80.2560806274,35006,35088,82
12.9923696518,80.2560806274,35088,35098,10
12.9920597076,80.2561416626,35098,35118,20
12.9920597076,80.2561416626,35118,35128,10
12.9918498993,80.2560882568,35128,35138,10
12.9914302826,80.2560424805,35138,35199,61
12.9914302826,80.2560424805,35199,35208,9
12.9909696579,80.2560119629,35208,35219,11
12.9907598495,80.2560119629,35219,35229,10
12.990480423,80.2559967041,35229,35239,10
12.9901199341,80.2560119629,35239,35249,10
12.9897203445,80.2559967041,35249,35259,10
12.9895000458,80.2559890747,35259,35350,91
12.9895000458,80.2559890747,35350,35360,10
12.9892396927,80.2559967041,35360,35370,10
12.9886102676,80.2559432983,35370,35380,10
12.9880104065,80.255859375,35380,35390,10
12.9876499176,80.2557830811,35390,35400,10
12.9874401093,80.2557373047,35400,35410,10
12.9872503281,80.2557067871,35410,35421,11
12.9868001938,80.2556533813,35421,35431,10
12.986530304,80.2555999756,35431,35441,10
12.9863195419,80.2555618286,35441,35471,30
12.9860696793,80.2555007935,35471,35582,111
12.9860696793,80.2555007935,35582,35592,10
12.9858398438,80.2554931641,35592,35602,10
12.9853696823,80.2553710938,35602,35612,10
12.9847097397,80.2551727295,35612,35622,10
12.984120369,80.2549819946,35622,35633,11
12.9834804535,80.2548065186,35633,35643,10
12.9828596115,80.2546234131,35643,35653,10
12.9823799133,80.2544937134,35653,35663,10
12.9822301865,80.2544021606,35663,35673,10
12.982049942,80.2540893555,35673,35683,10
12.9818496704,80.2534790039,35683,35693,10
12.9815597534,80.252822876,35693,35703,10
12.9808502197,80.2527694702,35703,35713,10
12.9803495407,80.2527770996,35713,35723,10
12.9799203873,80.2527770996,35723,35733,10
12.9795598984,80.2527236938,35733,35744,11
12.979060173,80.2526779175,35744,35754,10
12.9790000916,80.2526779175,35754,35764,10
12.9787597656,80.2526321411,35764,35774,10
12.9783401489,80.2524185181,35774,35784,10
12.9778604507,80.2519989014,35784,35794,10
12.9771299362,80.2514724731,35794,35804,10
12.9761400223,80.2511291504,35804,35814,10
12.9751901627,80.2508621216,35814,35824,10
12.9742698669,80.2506027222,35824,35834,10
12.9733600616,80.2503433228,35834,35844,10
12.9722995758,80.2500686646,35844,35855,11
12.9712495804,80.2498016357,35855,35865,10
12.9702596664,80.249458313,35865,35875,10
12.9693698883,80.2490997314,35875,35885,10
12.9682998657,80.2486801147,35885,35895,10
12.9674396515,80.248336792,35895,35905,10
12.966799736,80.2480010986,35905,35925,20
12.966799736,80.2480010986,35925,35935,10
12.9665203094,80.2478790283,35935,35976,41
12.9665203094,80.2478790283,35976,35986,10
12.9662599564,80.247718811,35986,35996,10
12.9659795761,80.2476196289,35996,36006,10
12.9657096863,80.2474975586,36006,36026,20
12.9657096863,80.2474975586,36026,36036,10
12.9655399323,80.247467041,36036,36046,10
12.9653396606,80.247428894,36046,36137,91
12.9653396606,80.247428894,36137,36147,10
12.9650802612,80.2472610474,36147,36339,192
12.9646701813,80.2471618652,36339,36369,30
12.9646701813,80.2471618652,36369,36379,10
12.9643802643,80.2470626831,36379,36389,10
12.9641304016,80.2469711304,36389,36400,11
12.9639396667,80.2469177246,36400,36410,10
12.9637002945,80.2468338013,36410,36420,10
12.9633903503,80.246673584,36420,36430,10
12.9626903534,80.2463531494,36430,36440,10
12.9617500305,80.2459030151,36440,36450,10
12.9607496262,80.2454223633,36450,36460,10
12.9599895477,80.2450790405,36460,36470,10
12.9594602585,80.2448730469,36470,36480,10
12.9594402313,80.2448730469,36480,36490,10
12.9590597153,80.2446594238,36490,36500,10
12.958319664,80.2443618774,36500,36511,11
12.9574899673,80.2440185547,36511,36521,10
12.9565095901,80.2437591553,36521,36551,30
12.9565095901,80.2437591553,36551,36561,10
12.9562597275,80.2436828613,36561,36571,10
12.9557199478,80.2433395386,36571,36581,10
12.9550600052,80.2430114746,36581,36591,10
12.9540195465,80.2425613403,36591,36601,10
12.9532604218,80.2422637939,36601,36611,10
12.952340126,80.2419128418,36611,36622,11
12.9517498016,80.2417221069,36622,36632,10
12.951669693,80.2416687012,36632,36642,10
12.9511995316,80.2414779663,36642,36652,10
12.9504404068,80.2412490845,36652,36662,10
12.9499998093,80.2411193848,36662,36692,30
12.9499998093,80.2411193848,36692,36702,10
12.9497203827,80.241027832,36702,36712,10
12.949090004,80.2408218384,36712,36723,11
12.948390007,80.2405395508,36723,36733,10
12.9478197098,80.2403335571,36733,36743,10
12.9476003647,80.2402191162,36743,36753,10
12.9472999573,80.2400970459,36753,36763,10
12.9472904205,80.2400970459,36763,36773,10
12.9470901489,80.2399902344,36773,36783,10
12.9464197159,80.239730835,36783,36793,10
12.9455404282,80.2393417358,36793,36803,10
12.944899559,80.238861084,36803,36813,10
12.9443101883,80.2382278442,36813,36823,10
12.9437999725,80.2376098633,36823,36834,11
12.9431400299,80.2369232178,36834,36844,10
12.9422798157,80.2364501953,36844,36854,10
12.9414596558,80.2362365723,36854,36864,10
12.9407300949,80.2360610962,36864,36874,10
12.9401903152,80.2358932495,36874,36884,10
12.9396800995,80.2356872559,36884,36894,10
12.9396800995,80.2356796265,36894,36904,10
12.9396295547,80.2356491089,36904,36914,10
12.9391202927,80.2354202271,36914,36930,16
12.9378004074,80.2347869873,36930,36943,13
12.9370203018,80.2344284058,36943,36953,10
12.9365596771,80.2341995239,36953,36963,10
12.9358797073,80.2339019775,36963,36972,9
12.9356603622,80.2341766357,36972,36982,10
12.9355401993,80.2344284058,36982,36993,11
12.9352197647,80.2351531982,36993,37003,10
12.9351501465,80.2353897095,37003,37012,9
12.9349098206,80.2353591919,37012,37023,11
12.9343900681,80.2351379395,37023,37033,10
12.9340295792,80.234992981,37033,37043,10
12.9338998795,80.2350234985,37043,37054,11
12.933719635,80.2355422974,37054,37064,10
12.9335403442,80.2361373901,37064,37074,10
12.9333200455,80.2361831665,37074,37084,10
12.9331798553,80.2361373901,37084,37094,10
12.9329996109,80.2361831665,37094,37104,10
12.9329500198,80.2365112305,37104,37114,10
12.9327497482,80.2371368408,37114,37124,10
12.9326200485,80.2374725342,37124,37134,10
12.9323701859,80.2381134033,37134,37144,10
12.932220459,80.2384796143,37144,37153,9
12.932009697,80.2387390137,37153,37165,12
12.9312400818,80.2385406494,37165,37185,20
12.9312400818,80.2385406494,37185,37195,10
12.9312095642,80.23853302,37195,37205,10
12.9308099747,80.2383804321,37205,37215,10
12.9301099777,80.2381210327,37215,37225,10
12.9296197891,80.2380218506,37225,37235,10
12.9295301437,80.23828125,37235,37245,10
12.9293804169,80.2387924194,37245,37255,10
12.9292097092,80.2390289307,37255,37266,11
12.9285001755,80.2388687134,37266,37286,20
12.9285001755,80.2388687134,37286,37296,10
12.9280700684,80.2387237549,37296,37306,10
12.9273004532,80.2385406494,37306,37316,10
12.9265203476,80.2383499146,37316,37326,10
12.9256095886,80.2381286621,37326,37346,20
12.9256095886,80.2381286621,37346,37356,10
12.9253902435,80.2381286621,37356,37366,10
12.9249601364,80.2380218506,37366,37377,11
12.9252595901,80.2383270264,37377,37518,141
12.9252595901,80.2383270264,37518,37528,10
12.9254798889,80.2383575439,37528,37538,10
12.9257202148,80.2382736206,37538,37548,10
12.925740242,80.2382507324,37548,37558,10
12.9258403778,80.2381896973,37558,37568,10
12.9261398315,80.2382278442,37568,37578,10
12.9263296127,80.2382965088,37578,37588,10
12.9267196655,80.2384185791,37588,37599,11
12.9273700714,80.2385864258,37599,37609,10
12.9281101227,80.2387695313,37609,37629,20
12.9281101227,80.2387695313,37629,37639,10
12.9282598495,80.238822937,37639,37649,10
12.928560257,80.238899231,37649,37659,10
12.9290800095,80.2390213013,37659,37669,10
12.9293498993,80.238899231,37669,37679,10
12.9294996262,80.2384185791,37679,37689,10
12.929599762,80.2380218506,37689,37699,10
12.9300098419,80.2380371094,37699,37710,11
12.931139946,80.2384719849,37710,37730,20
12.931139946,80.2384719849,37730,37740,10
12.9312000275,80.2385025024,37740,37750,10
12.9315299988,80.2386169434,37750,37760,10
12.9320602417,80.2387313843,37760,37770,10
12.9322795868,80.2384033203,37770,37780,10
12.9324197769,80.2379989624,37780,37790,10
12.9326000214,80.237487793,37790,37800,10
12.9327297211,80.2371673584,37800,37811,11
12.9328804016,80.2367630005,37811,37821,10
12.9329795837,80.2363128662,37821,37831,10
12.9330701828,80.236076355,37831,37841,10
12.9333095551,80.2361373901,37841,37851,10
12.9335002899,80.2361907959,37851,37861,10
12.9336004257,80.2359619141,37861,37871,10
12.9337701797,80.2353973389,37871,37881,10
12.9339103699,80.2349700928,37881,37891,10
12.9341697693,80.2350616455,37891,37901,10
12.9345197678,80.2351989746,37901,37911,10
12.9348802567,80.2353973389,37911,37922,11
12.9350996017,80.2354507446,37922,37932,10
12.9351797104,80.2352600098,37932,37942,10
12.9353904724,80.2348022461,37942,37952,10
12.9356098175,80.2342376709,37952,37962,10
12.9357099533,80.2340011597,37962,37972,10
12.9357404709,80.2339172363,37972,37982,10
12.9360599518,80.2337875366,37982,37992,10
12.9366798401,80.2340621948,37992,38002,10
12.9374599457,80.2344589233,38002,38012,10
12.9383001328,80.2348937988,38012,38022,10
12.9390497208,80.2352600098,38022,38033,11
12.9397802353,80.2356185913,38033,38063,30
12.9397802353,80.2356185913,38063,38073,10
12.9400100708,80.2357406616,38073,38083,10
12.9406900406,80.2359619141,38083,38093,10
12.9415903091,80.2361831665,38093,38103,10
12.9425497055,80.2364578247,38103,38112,9
12.9433002472,80.2369232178,38112,38122,10
12.9439601898,80.2376403809,38122,38133,11
12.9447498322,80.2385177612,38133,38144,11
12.9455795288,80.2392730713,38144,38154,10
12.946439743,80.2396621704,38154,38164,10
12.9472198486,80.2399291992,38164,38194,30
12.9472198486,80.2399291992,38194,38204,10
12.9475002289,80.240020752,38204,38234,30
12.9475002289,80.240020752,38234,38244,10
12.9475297928,80.2400131226,38244,38255,11
12.9479103088,80.2401809692,38255,38265,10
12.9484100342,80.2404022217,38265,38275,10
12.9489402771,80.2405929565,38275,38285,10
12.9495601654,80.2408370972,38285,38295,10
12.9502496719,80.2410430908,38295,38305,10
12.9507904053,80.2412109375,38305,38315,10
12.9508600235,80.2412261963,38315,38325,10
12.9510602951,80.2413101196,38325,38335,10
12.9513502121,80.2414093018,38335,38345,10
12.9516000748,80.2415237427,38345,38355,10
12.9520998001,80.2417221069,38355,38366,11
12.9529399872,80.2420425415,38366,38376,10
12.9535703659,80.2422637939,38376,38386,10
12.9539003372,80.2423782349,38386,38396,10
12.9540996552,80.242477417,38396,38406,10
12.9546804428,80.2427215576,38406,38416,10
12.9554300308,80.242980957,38416,38426,10
12.9562397003,80.2433013916,38426,38537,111
12.9562397003,80.2433013916,38537,38547,10
12.956580162,80.2433776855,38547,38557,10
12.9571399689,80.243637085,38557,38567,10
12.9579296112,80.2440032959,38567,38578,11
12.9587001801,80.2443389893,38578,38588,10
12.9589500427,80.244430542,38588,38598,10
12.9591197968,80.2445220947,38598,38608,10
12.9596700668,80.244758606,38608,38618,10
12.9604501724,80.2451171875,38618,38628,10
12.961230278,80.2454910278,38628,38638,10
12.9618301392,80.2457809448,38638,38648,10
12.9621601105,80.2459487915,38648,38658,10
12.9624700546,80.2461013794,38658,38668,10
12.9629497528,80.2463531494,38668,38678,10
12.9633197784,80.2465591431,38678,38689,11
12.9638299942,80.2467880249,38689,38699,10
12.9645795822,80.2470703125,38699,38709,10
12.9653501511,80.2472991943,38709,38719,10
12.9659700394,80.2475204468,38719,38729,10
12.9664297104,80.247718811,38729,38749,20
12.9664297104,80.247718811,38749,38759,10
12.9666204453,80.2478179932,38759,38769,10
12.9668197632,80.2479095459,38769,38779,10
12.9670801163,80.2480773926,38779,38789,10
12.9676904678,80.2483596802,38789,38800,11
12.9686498642,80.2487182617,38800,38810,10
12.9695997238,80.2490997314,38810,38820,10
12.9705600739,80.2494812012,38820,38830,10
12.9715499878,80.2497634888,38830,38839,9
12.9724903107,80.2499923706,38839,38850,11
12.9732303619,80.2501831055,38850,38860,10
12.9736404419,80.2502975464,38860,38870,10
12.9737997055,80.2503433228,38870,38880,10
12.9740800858,80.2504425049,38880,38890,10
12.9747896194,80.2506332397,38890,38900,10
12.9756803513,80.2509002686,38900,38911,11
12.9767398834,80.2511978149,38911,38921,10
12.9776000977,80.2515563965,38921,38931,10
12.978099823,80.251991272,38931,38941,10
12.9783496857,80.2522125244,38941,38951,10
12.9783601761,80.2522201538,38951,38961,10
12.9784498215,80.252281189,38961,38971,10
12.9787502289,80.2524108887,38971,38981,10
12.9789495468,80.2524795532,38981,38991,10
12.9793300629,80.2525405884,38991,39001,10
12.9797496796,80.2525787354,39001,39011,10
12.980099678,80.2525863647,39011,39022,11
12.9804697037,80.2526016235,39022,39032,10
12.980890274,80.2525634766,39032,39042,10
12.9813499451,80.2525405884,39042,39052,10
12.9817800522,80.252532959,39052,39062,10
12.9824304581,80.2525100708,39062,39072,10
12.9833202362,80.2524337769,39072,39082,10
12.9839601517,80.2522964478,39082,39385,303
12.9839601517,80.2522964478,39385,39395,10
12.9842195511,80.2521972656,39395,39405,10
12.9848203659,80.2520370483,39405,39415,10
12.9855003357,80.2518615723,39415,39425,10
12.9859104156,80.251739502,39425,39435,10
12.9863395691,80.251663208,39435,39445,10
12.9866600037,80.2516021729,39445,39456,11
12.9872102737,80.2514419556,39456,39466,10
12.987660408,80.2513198853,39466,39476,10
12.987950325,80.2514419556,39476,39486,10
12.9879999161,80.2518463135,39486,39496,10
12.9880504608,80.2520294189,39496,39506,10
12.9880304337,80.2525100708,39506,39516,10
12.9879598618,80.2533187866,39516,39526,10
12.9878797531,80.2540664673,39526,39536,10
12.9878196716,80.2547607422,39536,39546,10
12.9877595901,80.2554168701,39546,39556,10
12.987739563,80.2555770874,39556,39566,10
12.987739563,80.2557067871,39566,39577,11
12.9879398346,80.2557983398,39577,39587,10
12.9882097244,80.2558288574,39587,39597,10
12.9888000488,80.255897522,39597,39617,20
12.9888000488,80.255897522,39617,39627,10
12.98898983,80.2558898926,39627,39637,10
12.9895496368,80.2559280396,39637,39647,10
12.9901304245,80.2559967041,39647,39657,10
12.9905996323,80.2559509277,39657,39667,10
12.9911298752,80.2559814453,39667,39678,11
12.992099762,80.2560424805,39678,39688,10
12.9929599762,80.2560195923,39688,39698,10
12.9937400818,80.2559585571,39698,39708,10
12.9942502975,80.2559890747,39708,39718,10
12.9947795868,80.2559127808,39718,39728,10
12.9951095581,80.255897522,39728,39738,10
12.9952802658,80.2558898926,39738,39789,51
12.9952802658,80.2558898926,39789,39799,10
12.9954395294,80.2557830811,39799,39809,10
12.9956703186,80.2558517456,39809,39819,10
12.9960403442,80.2558364868,39819,39829,10
12.9967498779,80.2558517456,39829,39890,61
12.9967498779,80.2558517456,39890,39900,10
12.9970197678,80.2559127808,39900,39910,10
12.9975996017,80.255897522,39910,39920,10
12.9982700348,80.2559509277,39920,39930,10
12.998550415,80.2559432983,39930,39940,10
12.9990501404,80.2560424805,39940,40011,71
12.9990501404,80.2560424805,40011,40021,10
12.9993801117,80.256111145,40021,40031,10
12.9998502731,80.2562179565,40031,40041,10
13.0003299713,80.2563095093,40041,40051,10
13.0010404587,80.2564163208,40051,40061,10
13.001709938,80.2565536499,40061,40071,10
13.0021896362,80.2566070557,40071,40081,10
13.0025196075,80.2566604614,40081,40091,10
13.0029096603,80.2567367554,40091,40101,10
13.0032997131,80.2568206787,40101,40112,11
13.0038404465,80.2569198608,40112,40122,10
13.0042800903,80.2570114136,40122,40132,10
13.0047702789,80.2570800781,40132,40142,10
13.0051603317,80.2571105957,40142,40152,10
13.0053195953,80.2571334839,40152,40162,10
13.0055704117,80.2572021484,40162,40172,10
13.0060796738,80.2573165894,40172,40182,10
13.0064897537,80.2574234009,40182,40192,10
13.0069198608,80.2578887939,40192,40202,10
13.0074596405,80.2584762573,40202,40212,10
13.0082702637,80.2588195801,40212,40223,11
13.0085000992,80.2589416504,40223,40233,10
13.0085496902,80.2590103149,40233,40243,10
13.0090198517,80.2590866089,40243,40253,10
13.0098304749,80.2590866089,40253,40263,10
13.0106601715,80.2590789795,40263,40273,10
13.0115203857,80.2590866089,40273,40283,10
13.0124597549,80.2591323853,40283,40293,10
13.013469696,80.259147644,40293,40309,16
13.0147800446,80.2592010498,40309,40321,12
13.0157499313,80.2593383789,40321,40330,9
13.0163803101,80.2596435547,40330,40352,22
13.0163803101,80.2596435547,40352,40362,10
13.0165901184,80.2598190308,40362,40372,10
13.0169696808,80.2601013184,40372,40382,10
13.0178003311,80.2606430054,40382,40392,10
13.0184602737,80.2610778809,40392,40402,10
13.0190401077,80.2615509033,40402,40412,10
13.0194301605,80.2618789673,40412,40422,10
13.0199699402,80.2623825073,40422,40432,10
13.0204000473,80.2628631592,40432,40443,11
13.0198802948,80.2629470825,40443,40453,10
13.0192699432,80.2629165649,40453,40463,10
13.0190200806,80.263168335,40463,40473,10
13.019109726,80.2638015747,40473,40483,10
13.0191497803,80.2639694214,40483,40493,10
13.0191497803,80.264213562,40493,40503,10
13.0190095901,80.2648162842,40503,40513,10
13.0188398361,80.2653808594,40513,40523,10
13.018699646,80.2660064697,40523,40533,10
13.0187397003,80.2667770386,40533,40543,10
13.0191202164,80.2675704956,40543,40554,11
13.0197401047,80.2683410645,40554,40564,10
13.0203695297,80.2690811157,40564,40574,10
13.0208997726,80.2697525024,40574,40584,10
13.0213603973,80.2703399658,40584,40594,10
13.0214996338,80.2704772949,40594,40604,10
13.0216999054,80.2707290649,40604,40614,10
13.0221595764,80.2712783813,40614,40624,10
13.0227003098,80.2719726563,40624,40634,10
13.0232000351,80.2726364136,40634,40644,10
13.0235204697,80.2730789185,40644,40654,10
13.0237598419,80.2734222412,40654,40665,11
13.0241298676,80.2739334106,40665,40675,10
13.0243797302,80.2742919922,40675,40684,9
13.0247402191,80.274559021,40684,40695,11
13.0252599716,80.274772644,40695,40705,10
13.0254201889,80.2748413086,40705,40715,10
13.0255403519,80.2749328613,40715,40724,9
13.025850296,80.2750701904,40724,40735,11
13.02643013,80.275352478,40735,40745,10
13.0269804001,80.2755966187,40745,40755,10
13.0275602341,80.2758789063,40755,40766,11
13.0281600952,80.2761001587,40766,40776,10
13.0287799835,80.2762908936,40776,40786,10
13.0293903351,80.2765426636,40786,40795,9
13.0298204422,80.2766418457,40795,40806,11
13.0299196243,80.2766799927,40806,40815,9
13.0300998688,80.2767562866,40815,40826,11
13.0304803848,80.2769165039,40826,40836,10
13.0307703018,80.2770614624,40836,40846,10
13.03125,80.2773590088,40846,40856,10
13.0318403244,80.2774200439,40856,40866,10
13.0326595306,80.2773971558,40866,40897,31
13.0326595306,80.2773971558,40897,40907,10
13.0328903198,80.2774505615,40907,40917,10
13.033370018,80.2773513794,40917,40927,10
13.0337400436,80.27734375,40927,40937,10
13.034330368,80.2775115967,40937,40947,10
13.0348596573,80.2776107788,40947,40957,10
13.0354795456,80.2777023315,40957,40967,10
13.0360002518,80.2777786255,40967,40977,10
13.0365800858,80.2779388428,40977,40988,11
13.0372600555,80.2781906128,40988,40998,10
13.0379695892,80.2783966064,40998,41008,10
13.0387601852,80.2786178589,41008,41018,10
13.0389299393,80.278678894,41018,41027,9
13.0390100479,80.2787017822,41027,41037,10
13.0394201279,80.2788314819,41037,41048,11
13.0401802063,80.2790374756,41048,41058,10
13.0411901474,80.279296875,41058,41068,10
13.0421199799,80.2794418335,41068,41078,10
13.0430202484,80.2795181274,41078,41109,31
13.0430202484,80.2795181274,41109,41119,10
13.043299675,80.2795715332,41119,41129,10
13.0438499451,80.2797470093,41129,41139,10
13.0445299149,80.279876709,41139,41149,10
13.0457201004,80.2800369263,41149,41169,20
13.0457201004,80.2800369263,41169,41179,10
13.045920372,80.2800827026,41179,41189,10
13.0464696884,80.2801437378,41189,41199,10
13.0473203659,80.2802734375,41199,41210,11
13.048330307,80.2804107666,41210,41220,10
13.0491895676,80.2805404663,41220,41230,10
13.0500402451,80.2806625366,41230,41240,10
13.0508804321,80.2808074951,41240,41250,10
13.0516901016,80.2809066772,41250,41260,10
13.0525302887,80.2810211182,41260,41270,10
13.0534200668,80.2811813354,41270,41280,10
13.054400444,80.2813415527,41280,41290,10
13.0550603867,80.281463623,41290,41300,10
13.0558004379,80.2816162109,41300,41310,10
13.0564098358,80.2817382813,41310,41321,11
13.0564603806,80.2817611694,41321,41331,10
13.0565004349,80.2817687988,41331,41341,10
13.0569601059,80.2818603516,41341,41351,10
13.0574798584,80.2819671631,41351,41361,10
13.0581703186,80.2821121216,41361,41370,9
13.0589199066,80.2822723389,41370,41381,11
13.0599498749,80.2824783325,41381,41391,10
13.0608301163,80.2826538086,41391,41401,10
13.0616998672,80.2828369141,41401,41411,10
13.0625696182,80.2830429077,41411,41422,11
13.0631599426,80.2831573486,41422,41442,20
13.0631599426,80.2831573486,41442,41452,10
13.0637998581,80.2832870483,41452,41472,20
13.0637998581,80.2832870483,41472,41482,10
13.0637598038,80.2833709717,41482,41492,10
13.0642900467,80.2834625244,41492,41502,10
13.0649404526,80.2836074829,41502,41512,10
13.0656795502,80.2837677002,41512,41522,10
13.0666103363,80.2839584351,41522,41533,11
13.0675697327,80.2841415405,41533,41543,10
13.0683498383,80.2842788696,41543,41552,9
13.0691404343,80.2844467163,41552,41563,11
13.0700302124,80.2846832275,41563,41573,10
13.0711097717,80.2849578857,41573,41583,10
13.0720596313,80.2852096558,41583,41593,10
13.0730400085,80.2852630615,41593,41603,10
13.0738096237,80.2854003906,41603,41613,10
13.0743703842,80.2860336304,41613,41623,10
13.0750598907,80.286491394,41623,41633,10
13.0759000778,80.2869415283,41633,41644,11
13.07695961,80.2872009277,41644,41654,10
13.0779399872,80.287437439,41654,41664,10
13.0785903931,80.2876205444,41664,41674,10
13.0792798996,80.2878723145,41674,41684,10
13.0800504684,80.2880630493,41684,41694,10
13.0807104111,80.2882232666,41694,41704,10
13.0808401108,80.2882614136,41704,41714,10
13.0808601379,80.2882614136,41714,41730,16
13.0817298889,80.2885665894,41730,41742,12
13.08273983,80.2889709473,41742,41753,11
13.0834598541,80.2891616821,41753,41763,10
13.0842695236,80.2891387939,41763,41773,10
13.0852499008,80.2891311646,41773,41783,10
13.0860595703,80.2892990112,41783,41793,10
13.0873403549,80.289680481,41793,41802,9
13.0880002975,80.2899780273,41802,41813,11
13.0887804031,80.2901000977,41813,41853,40
13.0887804031,80.2901000977,41853,41864,11
13.0887203217,80.2904663086,41864,41874,10
13.0882797241,80.2902984619,41874,41884,10
13.0877199173,80.2900390625,41884,41893,9
13.0870599747,80.2898025513,41893,41904,11
13.0862598419,80.2895584106,41904,41915,11
13.0856103897,80.2891998291,41915,41927,12
13.0851402283,80.2882232666,41927,41937,10
13.085100174,80.287322998,41937,41947,10
13.0851898193,80.2864608765,41947,41957,10
13.0852804184,80.2855834961,41957,41967,10
13.0853395462,80.2846908569,41967,41978,11
13.0852298737,80.284286499,41978,41988,10
13.0853204727,80.2839889526,41988,41998,10
13.0854597092,80.2835922241,41998,42008,10
13.0858697891,80.2835235596,42008,42018,10
13.0863199234,80.2835998535,42018,42028,10
13.0866699219,80.2838668823,42028,42038,10
13.087100029,80.2839126587,42038,42047,9
13.0876502991,80.2839431763,42047,42090,43
13.0876502991,80.2839431763,42090,42099,9
13.0878400803,80.2839431763,42099,42110,11
13.0881299973,80.2838363647,42110,42312,202
13.0880699158,80.2836303711,42312,42836,524
13.0880699158,80.2836303711,42836,42847,11
13.0883398056,80.283531189,42847,42857,10
13.0883798599,80.2833862305,42857,42867,10
13.0883302689,80.2832107544,42867,42877,10
13.0883102417,80.2828292847,42877,42887,10
13.0882701874,80.2823867798,42887,42897,10
13.0882701874,80.2822570801,42897,42907,10
13.0881500244,80.2818374634,42907,42917,10
13.0881204605,80.281578064,42917,42927,10
13.0885000229,80.2816009521,42927,42937,10
13.0885095596,80.2819976807,42937,42947,10
13.0884599686,80.2823486328,42947,42958,11
13.0883903503,80.2826919556,42958,42968,10
13.0883197784,80.2831573486,42968,42978,10
13.0883302689,80.2837524414,42978,42988,10
13.0883598328,80.284286499,42988,42998,10
13.0883998871,80.2846908569,42998,43008,10
13.0884399414,80.2849197388,43008,43018,10
13.0884504318,80.2852096558,43018,43028,10
13.088470459,80.2854385376,43028,43038,10
13.0884895325,80.285697937,43038,43048,10
13.0884799957,80.2860336304,43048,43058,10
13.0884399414,80.2862701416,43058,43069,11
13.0884304047,80.2864227295,43069,43079,10
13.0884304047,80.2865829468,43079,43089,10
13.088470459,80.2868881226,43089,43105,16
13.08852005,80.2874221802,43105,43117,12
13.0885601044,80.2876205444,43117,43125,8
13.0886096954,80.2879867554,43125,43137,12
13.0886697769,80.2883377075,43137,43147,10
13.0887298584,80.2885437012,43147,43157,10
13.0887098312,80.2887268066,43157,43166,9
13.088760376,80.2890930176,43166,43178,12
13.0888004303,80.289390564,43178,43188,10
13.0888204575,80.2895202637,43188,43198,10
13.0888500214,80.2899017334,43198,43218,20
13.0888500214,80.2899017334,43218,43228,10
13.0887403488,80.2902984619,43228,43238,10
13.0886001587,80.2904586792,43238,43248,10
13.0881900787,80.290222168,43248,43258,10
13.0876102448,80.2899169922,43258,43268,10
13.0867300034,80.2895812988,43268,43279,11
13.0855798721,80.2892684937,43279,43289,10
13.0847597122,80.2891616821,43289,43299,10
13.0837097168,80.2891921997,43299,43309,10
13.0827198029,80.2890777588,43309,43319,10
13.0816802979,80.2886886597,43319,43329,10
13.0808801651,80.2884292603,43329,43339,10
13.0803804398,80.2882766724,43339,43349,10
13.0802602768,80.2882385254,43349,43359,10
13.0800695419,80.288192749,43359,43369,10
13.0793800354,80.2880477905,43369,43379,10
13.0784702301,80.2876968384,43379,43390,11
13.0773496628,80.287399292,43390,43400,10
13.0763196945,80.2871322632,43400,43410,10
13.0753898621,80.2867965698,43410,43420,10
13.0745897293,80.2863006592,43420,43430,10
13.0741701126,80.2861480713,43430,43440,10
13.0741500854,80.2861480713,43440,43450,10
13.0737199783,80.2860565186,43450,43460,10
13.0729598999,80.2857666016,43460,43470,10
13.0720396042,80.2853393555,43470,43480,10
13.070980072,80.2850723267,43480,43490,10
13.0699100494,80.2847671509,43490,43501,11
13.0687398911,80.2844924927,43501,43511,10
13.0677499771,80.2843017578,43511,43521,10
13.066619873,80.2840805054,43521,43530,9
13.0656700134,80.2838592529,43530,43541,11
13.0647296906,80.2836608887,43541,43551,10
13.0642004013,80.2835388184,43551,43571,20
13.0642004013,80.2835388184,43571,43581,10
13.0638904572,80.2834701538,43581,43591,10
13.0631504059,80.2832870483,43591,43601,10
13.0625495911,80.2831497192,43601,43612,11
13.0623598099,80.2830810547,43612,43622,10
13.0618095398,80.2829589844,43622,43632,10
13.0608701706,80.2827835083,43632,43642,10
13.0598402023,80.2825622559,43642,43652,10
13.059009552,80.2823791504,43652,43662,10
13.0581598282,80.2822113037,43662,43672,10
13.0578203201,80.2821426392,43672,43682,10
13.0572595596,80.2820205688,43682,43692,10
13.05671978,80.2819213867,43692,43712,20
13.05671978,80.2819213867,43712,43723,11
13.0563497543,80.2818527222,43723,43733,10
13.0556297302,80.2817001343,43733,43743,10
13.0547599792,80.2815170288,43743,43753,10
13.053850174,80.2813415527,43753,43763,10
13.0528001785,80.2811813354,43763,43773,10
13.0517196655,80.2810211182,43773,43783,10
13.0508003235,80.2808914185,43783,43793,10
13.0499401093,80.2807617188,43793,43803,10
13.0488500595,80.2805786133,43803,43813,10
13.0478200912,80.2804412842,43813,43824,11
13.0466499329,80.2802810669,43824,43834,10
13.0459804535,80.2801971436,43834,43844,10
13.0456800461,80.2801589966,43844,43854,10
13.0455799103,80.2801437378,43854,43864,10
13.0449895859,80.2800598145,43864,43874,10
13.0444002151,80.2799682617,43874,43884,10
13.0442800522,80.2799606323,43884,43894,10
13.0440101624,80.2799301147,43894,43904,10
13.0437202454,80.279876709,43904,43914,10
13.043129921,80.2797698975,43914,43924,10
13.0422096252,80.279586792,43924,43935,11
13.0410995483,80.2794036865,43935,43945,10
13.0401697159,80.2791900635,43945,43955,10
13.0395402908,80.279006958,43955,43965,10
13.0390901566,80.2788925171,43965,43975,10
13.0389499664,80.2788391113,43975,43985,10
13.0385398865,80.2787017822,43985,43995,10
13.0378398895,80.2784729004,43995,44005,10
13.0373897552,80.2783432007,44005,44015,10
13.0369796753,80.2782363892,44015,44025,10
13.0363101959,80.277961731,44025,44035,10
13.0357503891,80.2777481079,44035,44046,11
13.0351600647,80.2776565552,44046,44055,9
13.0347499847,80.2776412964,44055,44066,11
13.0343103409,80.2775421143,44066,44096,30
13.0343103409,80.2775421143,44096,44106,10
13.033949852,80.2774581909,44106,44116,10
13.0335998535,80.2773971558,44116,44126,10
13.0331497192,80.2774887085,44126,44136,10
13.0330200195,80.2775115967,44136,44146,10
13.0327196121,80.2775192261,44146,44157,11
13.0323200226,80.2775421143,44157,44167,10
13.0316095352,80.2775726318,44167,44177,10
13.031080246,80.2773284912,44177,44187,10
13.0310297012,80.2773132324,44187,44197,10
13.0306501389,80.277130127,44197,44207,10
13.0301303864,80.2769088745,44207,44217,10
13.0298900604,80.2768325806,44217,44227,10
13.0294504166,80.2767181396,44227,44237,10
13.028670311,80.2764892578,44237,44247,10
13.0279197693,80.276222229,44247,44257,10
13.027179718,80.2758178711,44257,44268,11
13.0263595581,80.2754211426,44268,44278,10
13.0261201859,80.2752990723,44278,44287,9
13.0258398056,80.2751693726,44287,44298,11
13.0251998901,80.2748718262,44298,44308,10
13.0241298676,80.2741775513,44308,44348,40
13.0241298676,80.2741775513,44348,44358,10
13.024020195,80.274017334,44358,44369,11
13.0237102509,80.2735595703,44369,44379,10
13.0231895447,80.2728424072,44379,44389,10
13.022600174,80.2720489502,44389,44399,10
13.0219802856,80.2712478638,44399,44408,9
13.0215396881,80.270690918,44408,44418,10
13.0212898254,80.2703704834,44418,44500,82
13.0212898254,80.2703704834,44500,44510,10
13.0211601257,80.2702789307,44510,44520,10
13.0210199356,80.2700424194,44520,44530,10
13.0207796097,80.2698516846,44530,44540,10
13.0204601288,80.2694015503,44540,44550,10
13.0200901031,80.268913269,44550,44560,10
13.0196800232,80.2684402466,44560,44570,10
13.0193195343,80.2679214478,44570,44580,10
13.0188798904,80.2673797607,44580,44591,11
13.0187301636,80.2668228149,44591,44601,10
13.0186595917,80.2663497925,44601,44611,10
13.0187196732,80.2657318115,44611,44621,10
13.0188798904,80.2650375366,44621,44631,10
13.018989563,80.2646026611,44631,44641,10
13.0190200806,80.263923645,44641,44651,10
13.0189695358,80.2635574341,44651,44661,10
13.0189304352,80.2631530762,44661,44671,10
13.0189199448,80.2629470825,44671,44681,10
13.0188703537,80.2623901367,44681,44691,10
13.0187301636,80.2616424561,44691,44702,11
13.0183696747,80.2611694336,44702,44712,10
13.017780304,80.2607498169,44712,44722,10
13.0170297623,80.2602462769,44722,44732,10
13.0163497925,80.2598419189,44732,44742,10
13.0161399841,80.2597198486,44742,44752,10
13.0158500671,80.2595825195,44752,44762,10
13.015130043,80.2593917847,44762,44772,10
13.0142602921,80.2593231201,44772,44782,10
13.0131702423,80.259262085,44782,44792,10
13.0120697021,80.2592315674,44792,44802,10
13.0111103058,80.2592010498,44802,44813,11
13.0100898743,80.2592163086,44813,44823,10
13.0093402863,80.2591934204,44823,44833,10
13.0088996887,80.2592010498,44833,44849,16
13.0081996918,80.2592086792,44849,44861,12
13.0075998306,80.2592926025,44861,44871,10
13.0072498322,80.2587509155,44871,44881,10
13.0072097778,80.2587127686,44881,44891,10
13.0070800781,80.2585067749,44891,44901,10
13.0068597794,80.2579803467,44901,44911,10
13.0054502487,80.2573928833,44911,44922,11
13.0054502487,80.2573928833,44922,44932,10
13.0049695969,80.2572402954,44932,44942,10
13.0041503906,80.2570800781,44942,44952,10
13.0035495758,80.2569503784,44952,44962,10
13.0032997131,80.2568817139,44962,45012,50
13.0032997131,80.2568817139,45012,45022,10
13.0031003952,80.2567901611,45022,45033,11
13.0027303696,80.2567367554,45033,45043,10
13.002120018,80.2566375732,45043,45053,10
13.0015096664,80.2565689087,45053,45113,60
13.0015096664,80.2565689087,45113,45123,10
13.0013198853,80.2565994263,45123,45134,11
13.0008096695,80.2565078735,45134,45144,10
13.0000896454,80.2563781738,45144,45154,10
12.9993000031,80.2562332153,45154,45164,10
12.9985599518,80.256111145,45164,45184,20
12.9985599518,80.256111145,45184,45194,10
12.9982204437,80.2560195923,45194,45204,10
12.9976196289,80.2559509277,45204,45234,30
12.9976196289,80.2559509277,45234,45250,16
12.997130394,80.2559814453,45250,45263,13
12.9967699051,80.2559127808,45263,45273,10
12.9964504242,80.2558822632,45273,45283,10
12.9961500168,80.255859375,45283,45293,10
12.9961395264,80.255859375,45293,45302,9
12.9958696365,80.2558898926,45302,45313,11
12.9958200455,80.2558898926,45313,45323,10
12.9954595566,80.2559127808,45323,45333,10
12.9948596954,80.255897522,45333,45343,10
12.9943799973,80.2559432983,45343,45353,10
12.9938802719,80.2560195923,45353,45364,11
12.9931898117,80.2560272217,45364,45374,10
12.9922800064,80.2560501099,45374,45384,10
12.9913902283,80.2560424805,45384,45394,10
12.9908304214,80.2559967041,45394,45404,10
12.9905796051,80.2560119629,45404,45414,10
12.9901599884,80.2559967041,45414,45424,10
12.9896497726,80.2559585571,45424,45434,10
12.9891796112,80.2559509277,45434,45444,10
12.9885396957,80.255897522,45444,45454,10
12.9880199432,80.255821228,45454,45464,10
12.9873399734,80.2557067871,45464,45473,9
12.9866600037,80.2555999756,45473,45485,12
12.9861602783,80.255531311,45485,45505,20
12.9861602783,80.255531311,45505,45515,10
12.9860095978,80.255531311,45515,45525,10
12.9856004715,80.2554168701,45525,45535,10
12.9850597382,80.2553024292,45535,45545,10
12.9844799042,80.2551116943,45545,45555,10
12.9837303162,80.2549209595,45555,45565,10
12.9829902649,80.254699707,45565,45576,11
12.9824895859,80.2545394897,45576,45586,10
12.9820804596,80.2540969849,45586,45596,10
12.9818401337,80.2533416748,45596,45606,10
12.9813995361,80.2527999878,45606,45616,10
12.9806003571,80.2527923584,45616,45626,10
12.9801597595,80.252822876,45626,45636,10
12.9796895981,80.2527618408,45636,45646,10
12.9791002274,80.2526931763,45646,45656,10
12.978679657,80.2526168823,45656,45666,10
12.9784803391,80.2525177002,45666,45676,10
12.9779396057,80.2520828247,45676,45687,11
12.9770698547,80.2514419556,45687,45697,10
12.975979805,80.251083374,45697,45707,10
12.9748802185,80.2507781982,45707,45717,10
12.973859787,80.25050354,45717,45727,10
12.9728603363,80.2502212524,45727,45737,10
12.9720001221,80.2499923706,45737,45747,10
12.9715204239,80.2498779297,45747,45757,10
12.971329689,80.2498474121,45757,45767,10
12.9711799622,80.2498321533,45767,45777,10
12.970870018,80.2497406006,45777,45787,10
12.9701499939,80.2494888306,45787,45798,11
12.9691495895,80.2490692139,45798,45808,10
12.9682598114,80.2487106323,45808,45818,10
12.9674396515,80.2483825684,45818,45828,10
12.9667596817,80.248046875,45828,45838,10
12.9660997391,80.2477798462,45838,45848,10
12.9653997421,80.2475204468,45848,45858,10
12.9651203156,80.2474365234,45858,45868,10
12.9650802612,80.2474212646,45868,45878,10
12.9646396637,80.2472381592,45878,45888,10
12.9640903473,80.2470016479,45888,45898,10
12.9636497498,80.2468185425,45898,45909,11
12.9629201889,80.2464675903,45909,45919,10
12.961979866,80.2460327148,45919,45929,10
12.9610500336,80.2455825806,45929,45939,10
12.9601697922,80.2451705933,45939,45949,10
12.9595298767,80.2449264526,45949,45959,10
12.9594602585,80.2449035645,45959,45969,10
12.9591398239,80.2447128296,45969,45979,10
12.9584102631,80.2443771362,45979,45989,10
12.9577198029,80.2441101074,45989,45999,10
12.9568195343,80.2438201904,45999,46030,31
12.9568195343,80.2438201904,46030,46040,10
12.9567604065,80.2438201904,46040,46080,40
12.9567604065,80.2438201904,46080,46090,10
12.9565200806,80.2437286377,46090,46110,20
12.9565200806,80.2437286377,46110,46121,11
12.9560499191,80.2435302734,46121,46131,10
12.9553699493,80.2431793213,46131,46141,10
12.9545202255,80.2428131104,46141,46151,10
12.9536895752,80.2424621582,46151,46161,10
12.952870369,80.2421188354,46161,46171,10
12.9521198273,80.2418518066,46171,46181,10
12.9517002106,80.2417068481,46181,46191,10
12.9517002106,80.2416992188,46191,46201,10
12.9514598846,80.2415924072,46201,46211,10
12.9507598877,80.2413482666,46211,46221,10
12.9499397278,80.2411193848,46221,46232,11
12.9494695663,80.2409896851,46232,46242,10
12.9494199753,80.2409820557,46242,46252,10
12.9491195679,80.2408828735,46252,46262,10
12.9484500885,80.2405929565,46262,46272,10
12.9476995468,80.2402877808,46272,46282,10
12.9472799301,80.2401199341,46282,46302,20
12.9472799301,80.2401199341,46302,46312,10
12.9469003677,80.2399673462,46312,46322,10
12.946149826,80.2396469116,46322,46332,10
12.9452695847,80.2391815186,46332,46343,11
12.9443798065,80.2382736206,46343,46353,10
12.9436302185,80.2374572754,46353,46363,10
12.9428195953,80.2367401123,46363,46373,10
12.9418001175,80.2363510132,46373,46383,10
12.9409303665,80.2361297607,46383,46393,10
12.9401903152,80.2359390259,46393,46403,10
12.9397602081,80.2357635498,46403,46413,10
12.939740181,80.235748291,46413,46423,10
12.9395103455,80.2356414795,46423,46433,10
12.9388599396,80.2353363037,46433,46443,10
12.9379997253,80.234916687,46443,46454,11
12.9371900558,80.2345428467,46454,46464,10
12.9367799759,80.2344207764,46464,46474,10
12.9363203049,80.2341766357,46474,46484,10
12.935790062,80.2339401245,46484,46494,10
12.9356002808,80.2342300415,46494,46504,10
12.9353199005,80.2349395752,46504,46514,10
12.9351596832,80.2353897095,46514,46524,10
12.9349603653,80.2353973389,46524,46534,10
12.9346199036,80.2352600098,46534,46544,10
12.9343500137,80.2351608276,46544,46554,10
12.9340400696,80.2350387573,46554,46565,11
12.9337997437,80.2353210449,46565,46575,10
12.9336004257,80.2359313965,46575,46585,10
12.9333696365,80.2361831665,46585,46601,16
12.9329900742,80.2361831665,46601,46613,12
12.9329395294,80.2364425659,46613,46621,8
12.9328603745,80.236869812,46621,46631,10
12.9327201843,80.2372512817,46631,46642,11
12.9324903488,80.2378005981,46642,46654,12
12.9322299957,80.2384567261,46654,46665,11
12.9319496155,80.2387619019,46665,46676,11
12.9312801361,80.2385635376,46676,46686,10
12.9311800003,80.23853302,46686,46696,10
12.9310598373,80.2384796143,46696,46706,10
12.9304800034,80.23828125,46706,46716,10
12.9297599792,80.2380065918,46716,46726,10
12.9295301437,80.2381591797,46726,46736,10
12.9293804169,80.2385864258,46736,46746,10
12.9292497635,80.2389831543,46746,46756,10
12.9288301468,80.2389373779,46756,46766,10
12.9282798767,80.238822937,46766,46776,10
12.9282598495,80.2388076782,46776,46787,11
12.9282102585,80.238822937,46787,46797,10
12.9277000427,80.2386779785,46797,46807,10
12.9268198013,80.2384567261,46807,46817,10
12.9259500504,80.2382278442,46817,46827,10
12.9254703522,80.2381362915,46827,46837,10
12.9257202148,80.2382507324,46837,46857,20
12.9257202148,80.2382507324,46857,46867,10
12.925860405,80.2381668091,46867,46877,10
12.926440239,80.2383117676,46877,46887,10
12.9272098541,80.2385025024,46887,46898,11
12.9280004501,80.2387008667,46898,46908,10
12.9280996323,80.2387084961,46908,46918,10
12.9282197952,80.2387390137,46918,46928,10
12.9287900925,80.2389068604,46928,46938,10
12.9292297363,80.2389831543,46938,46948,10
12.9293603897,80.2386779785,46948,46958,10
12.9295301437,80.2380981445,46958,46968,10
12.9298200607,80.2379837036,46968,46978,10
12.9305696487,80.2382736206,46978,46988,10
12.9310598373,80.2384414673,46988,46998,10
12.9310703278,80.2384414673,46998,47009,11
12.9312200546,80.2384872437,47009,47019,10
12.9314603806,80.2385864258,47019,47029,10
12.9319896698,80.2387313843,47029,47039,10
12.9322500229,80.2384262085,47039,47049,10
12.9323797226,80.238067627,47049,47059,10
12.9326400757,80.2374191284,47059,47069,10
12.9327001572,80.237159729,47069,47079,10
12.9329004288,80.2366867065,47079,47089,10
12.9329595566,80.2362365723,47089,47099,10
12.9332103729,80.2361221313,47099,47110,11
12.9335098267,80.2361679077,47110,47120,10
12.9336204529,80.2358703613,47120,47130,10
12.9337797165,80.2353515625,47130,47140,10
12.9338598251,80.2350387573,47140,47150,10
12.9340200424,80.2350082397,47150,47160,10
12.9343996048,80.2351913452,47160,47170,10
12.9348802567,80.2353973389,47170,47180,10
12.935090065,80.2353820801,47180,47190,10
12.9351797104,80.2351226807,47190,47206,16
12.9355096817,80.2343597412,47206,47218,12
12.9356002808,80.2341308594,47218,47229,11
12.9357204437,80.2338867188,47229,47239,10
12.9357795715,80.2338180542,47239,47248,9
12.9360799789,80.2338027954,47248,47259,11
12.936829567,80.2341766357,47259,47269,10
12.9377403259,80.2346191406,47269,47279,10
12.9385004044,80.2350082397,47279,47289,10
12.9393701553,80.2354736328,47289,47299,10
12.9397201538,80.2356414795,47299,47309,10
12.9398202896,80.2356872559,47309,47319,10
12.9403800964,80.2358932495,47319,47329,10
12.9413003922,80.2361068726,47329,47340,11
12.9424495697,80.2364196777,47340,47350,10
12.9433202744,80.2369689941,47350,47360,10
12.9442195892,80.2379302979,47360,47370,10
12.9449796677,80.2388000488,47370,47380,10
12.9458904266,80.239440918,47380,47390,10
12.9467802048,80.2397689819,47390,47400,10
12.9472703934,80.2399597168,47400,47410,10
12.9472999573,80.2399673462,47410,47420,10
12.9477796555,80.2401580811,47420,47430,10
12.9485397339,80.2404632568,47430,47441,11
12.9492397308,80.240737915,47441,47451,10
12.9498195648,80.2409286499,47451,47461,10
12.9505300522,80.2411422729,47461,47471,10
12.950920105,80.241317749,47471,47481,10
12.9510803223,80.2413864136,47481,47491,10
12.9514102936,80.2414779663,47491,47501,10
12.9520998001,80.2417221069,47501,47511,10
12.9529895782,80.2420501709,47511,47520,9
12.9535799026,80.2422714233,47520,47531,11
12.9544000626,80.2425689697,47531,47541,10
12.9550800323,80.2428207397,47541,47552,11
12.9558200836,80.2430801392,47552,47562,10
12.9562501907,80.2432174683,47562,47572,10
12.9562797546,80.2432403564,47572,47582,10
12.9564800262,80.2433319092,47582,47592,10
12.9570598602,80.2436294556,47592,47602,10
12.9579000473,80.2440338135,47602,47612,10
12.9586000443,80.2443237305,47612,47622,10
12.9589500427,80.2444915771,47622,47632,10
12.9592895508,80.2446289063,47632,47642,10
12.9599399567,80.2449188232,47642,47652,10
12.9608201981,80.2453308105,47652,47663,11
12.9617996216,80.2457809448,47663,47673,10
12.9624795914,80.2461090088,47673,47683,10
12.96296978,80.2463607788,47683,47703,20
12.96296978,80.2463607788,47703,47713,10
12.9630498886,80.246421814,47713,47723,10
12.9633998871,80.2466201782,47723,47733,10
12.9638996124,80.2468338013,47733,47743,10
12.9646196365,80.2470779419,47743,47753,10
12.9654302597,80.2473602295,47753,47763,10
12.965959549,80.2475585938,47763,47774,11
12.9666404724,80.2478408813,47774,47784,10
12.9667701721,80.2479171753,47784,47794,10
12.9668798447,80.2479934692,47794,47804,10
12.9674196243,80.248260498,47804,47814,10
12.9682598114,80.248588562,47814,47824,10
12.9690999985,80.2489471436,47824,47834,10
12.9700803757,80.2493286133,47834,47844,10
12.9710302353,80.2496566772,47844,47854,10
12.9720602036,80.2499313354,47854,47864,10
12.9729404449,80.2501373291,47864,47874,10
12.973449707,80.2502975464,47874,47885,11
12.9737997055,80.2503967285,47885,47894,9
12.9743499756,80.2505569458,47894,47905,11
12.9753599167,80.250831604,47905,47915,10
12.9763803482,80.2511062622,47915,47925,10
12.977350235,80.2514572144,47925,47935,10
12.9780797958,80.2520217896,47935,47945,10
12.9785003662,80.2522964478,47945,47955,10
12.9785203934,80.2523117065,47955,47965,10
12.9789199829,80.2524871826,47965,47975,10
12.9794797897,80.2525405884,47975,48006,31
12.9794797897,80.2525405884,48006,48016,10
12.9796800613,80.2525405884,48016,48026,10
12.9800395966,80.2526016235,48026,48036,10
12.9807395935,80.2525787354,48036,48046,10
12.9815702438,80.2525634766,48046,48056,10
12.9821500778,80.252532959,48056,48066,10
12.9822998047,80.252532959,48066,48076,10
12.9824104309,80.2525177002,48076,48086,10
12.982749939,80.2524871826,48086,48096,10
12.9830703735,80.252456665,48096,48107,11
12.9831600189,80.252456665,48107,48117,10
12.9833402634,80.2524414063,48117,48127,10
12.9835195541,80.2524185181,48127,48137,10
12.9837598801,80.2523574829,48137,48147,10
12.9844198227,80.252166748,48147,48157,10
12.9852600098,80.2519378662,48157,48167,10
12.9860401154,80.2517318726,48167,48177,10
12.9866600037,80.2515792847,48177,48187,10
12.9870700836,80.2514572144,48187,48197,10
12.9873199463,80.2513809204,48197,48530,333
12.9873199463,80.2513809204,48530,48541,11
12.9875802994,80.2513427734,48541,48551,10
12.987859726,80.2514038086,48551,48561,10
12.9880104065,80.2519683838,48561,48571,10
12.9880104065,80.2525634766,48571,48581,10
12.9879198074,80.2533798218,48581,48591,10
12.9878501892,80.2542190552,48591,48601,10
12.9877796173,80.2549362183,48601,48631,30
12.9877796173,80.2549362183,48631,48641,10
12.9877004623,80.2551116943,48641,48652,11
12.9876804352,80.2555007935,48652,48662,10
12.9878501892,80.2557830811,48662,48672,10
12.9881601334,80.2558288574,48672,48682,10
12.9883403778,80.2558288574,48682,48692,10
12.9887599945,80.2558822632,48692,48712,20
12.9887599945,80.2558822632,48712,48722,10
12.9892301559,80.2558898926,48722,48732,10
12.9898099899,80.2560119629,48732,48742,10
12.9903001785,80.2559814453,48742,48752,10
12.9906997681,80.2559585571,48752,48763,11
12.9911899567,80.2559814453,48763,48773,10
12.9919595718,80.2560119629,48773,48783,10
12.9928302765,80.2559890747,48783,48792,9
12.9934797287,80.2559509277,48792,48803,11
12.9941301346,80.2559204102,48803,48813,10
12.9945802689,80.2559127808,48813,48843,30
12.9945802689,80.2559127808,48843,48853,10
12.9949197769,80.255859375,48853,48864,11
12.9952201843,80.2558364868,48864,48874,10
12.995759964,80.255859375,48874,48914,40
12.995759964,80.255859375,48914,48924,10
12.9960803986,80.2557525635,48924,48934,10
12.9963998795,80.2557830811,48934,48944,10
12.9967803955,80.2557983398,48944,48954,10
12.9971504211,80.2557907104,48954,48964,10
12.9976396561,80.2558364868,48964,48975,11
12.998049736,80.2558898926,48975,48985,10
12.9983997345,80.2559280396,48985,48995,10
12.9986801147,80.2559814453,48995,49014,19
12.9986801147,80.2559814453,49014,49025,11
12.9989299774,80.256072998,49025,49045,20
12.9989299774,80.256072998,49045,49055,10
12.9991197586,80.2560806274,49055,49065,10
12.9992103577,80.2560882568,49065,49075,10
12.9993400574,80.2561187744,49075,49086,11
12.9998197556,80.2562103271,49086,49096,10
13.000120163,80.2562637329,49096,49106,10
13.0004997253,80.2563934326,49106,49146,40
13.0004997253,80.2563934326,49146,49156,10
13.0008602142,80.2563934326,49156,49166,10
13.0010404587,80.2564620972,49166,49176,10
13.0014600754,80.2565231323,49176,49186,10
13.0020303726,80.2565994263,49186,49197,11
13.0027599335,80.2567214966,49197,49207,10
13.0034399033,80.2568511963,49207,49217,10
13.0040903091,80.2570114136,49217,49227,10
13.0047101974,80.2571182251,49227,49237,10
13.0051498413,80.2571563721,49237,49247,10
13.0054998398,80.2572631836,49247,49257,10
13.0057697296,80.2573318481,49257,49267,10
13.0063800812,80.2574310303,49267,49277,10
13.0069303513,80.2579193115,49277,49287,10
13.0075101852,80.2585830688,49287,49297,10
13.0082597733,80.2588882446,49297,49308,11
13.0084400177,80.2589492798,49308,49318,10
13.0085496902,80.2590408325,49318,49328,10
13.0089197159,80.2591018677,49328,49338,10
13.009759903,80.2590637207,49338,49348,10
13.0107097626,80.2590103149,49348,49358,10
13.0117101669,80.2590026855,49358,49368,10
13.012720108,80.2590713501,49368,49378,10
13.0138196945,80.2591323853,49378,49388,10
13.0148601532,80.2591781616,49388,49398,10
13.0157203674,80.2593002319,49398,49408,10
13.0162696838,80.2595367432,49408,49419,11
13.0164003372,80.2596588135,49419,49429,10
13.0164403915,80.2596969604,49429,49439,10
13.0167999268,80.2599563599,49439,49449,10
13.0173597336,80.2603225708,49449,49459,10
13.0179796219,80.2607498169,49459,49469,10
13.0185203552,80.2611618042,49469,49479,10
13.0189399719,80.2614974976,49479,49489,10
13.0193395615,80.2618026733,49489,49499,10
13.0196199417,80.2621383667,49499,49509,10
13.020070076,80.2625732422,49509,49519,10
13.0202198029,80.2629776001,49519,49530,11
13.0195198059,80.2629699707,49530,49540,10
13.0190601349,80.2629776001,49540,49550,10
13.019080162,80.2635574341,49550,49560,10
13.0191001892,80.2644577026,49560,49570,10
13.0188999176,80.2651977539,49570,49580,10
13.0187997818,80.265663147,49580,49590,10
13.0187196732,80.2664489746,49590,49600,10
13.0188503265,80.2671813965,49600,49610,10
13.0192699432,80.2677612305,49610,49620,10
13.0197000504,80.2682876587,49620,49631,11
13.0202798843,80.2690582275,49631,49641,10
13.0207796097,80.2696228027,49641,49651,10
13.021320343,80.2702407837,49651,49661,10
13.0214996338,80.2704467773,49661,49671,10
13.0215997696,80.2705993652,49671,49681,10
13.0219802856,80.2710800171,49681,49691,10
13.0223903656,80.2716217041,49691,49701,10
13.0228099823,80.2721786499,49701,49711,10
13.0234098434,80.2730026245,49711,49721,10
13.0238103867,80.2735595703,49721,49773,52
13.0238103867,80.2735595703,49773,49783,10
13.0241003036,80.2739334106,49783,49793,10
13.0244197845,80.2743988037,49793,49803,10
13.0253295898,80.274848938,49803,49833,30
13.0253295898,80.274848938,49833,49843,10
13.0256595612,80.2750396729,49843,49854,11
13.0259304047,80.2751464844,49854,49864,10
13.0259599686,80.2751617432,49864,49874,10
13.0261898041,80.2752838135,49874,49884,10
13.0265302658,80.2754364014,49884,49894,10
13.0269203186,80.2756195068,49894,49904,10
13.0272302628,80.2758331299,49904,49914,10
13.0277996063,80.2760467529,49914,49924,10
13.0283203125,80.276222229,49924,49934,10
13.0285701752,80.2763214111,49934,49944,10
13.0290603638,80.276550293,49944,49954,10
13.0297203064,80.2766876221,49954,49965,11
13.0304498672,80.2769775391,49965,49975,10
13.0310497284,80.2773666382,49975,49985,10
13.03166008,80.2775726318,49985,49995,10
13.0321998596,80.2775497437,49995,50015,20
13.0321998596,80.2775497437,50015,50025,10
13.0326404572,80.2774810791,50025,50045,20
13.0326404572,80.2774810791,50045,50055,10
13.0330400467,80.2774810791,50055,50086,31
13.0330400467,80.2774810791,50086,50096,10
13.0333499908,80.277381897,50096,50106,10
13.0336503983,80.2773590088,50106,50116,10
13.0341997147,80.2774963379,50116,50126,10
13.0347499847,80.2776184082,50126,50136,10
13.0353002548,80.2777099609,50136,50146,10
13.0359296799,80.2778091431,50146,50156,10
13.0362796783,80.2778930664,50156,50166,10
13.0368900299,80.2781219482,50166,50177,11
13.0376901627,80.2784194946,50177,50187,10
13.038860321,80.2787017822,50187,50207,20
13.038860321,80.2787017822,50207,50223,16
13.0391302109,80.278793335,50223,50235,12
13.0398101807,80.2789993286,50235,50243,8
13.0404901505,80.2791824341,50243,50255,12
13.0414400101,80.2793807983,50255,50265,10
13.0423803329,80.279510498,50265,50275,10
13.0431804657,80.279586792,50275,50285,10
13.0438404083,80.2797470093,50285,50296,11
13.0444402695,80.2798461914,50296,50306,10
13.0451402664,80.2799606323,50306,50316,10
13.0457601547,80.2800521851,50316,50336,20
13.0457601547,80.2800521851,50336,50346,10
13.0457801819,80.2800674438,50346,50356,10
13.0462799072,80.2801437378,50356,50366,10
13.0471096039,80.2802429199,50366,50376,10
13.0480003357,80.2803573608,50376,50386,10
13.0489196777,80.2804870605,50386,50397,11
13.0498695374,80.2806396484,50397,50407,10
13.0507202148,80.2807693481,50407,50417,10
13.0515604019,80.2808990479,50417,50427,10
13.0523195267,80.2810134888,50427,50437,10
13.0528802872,80.2810821533,50437,50447,10
13.0534601212,80.2811813354,50447,50457,10
13.0542697906,80.2813262939,50457,50467,10
13.055150032,80.2814865112,50467,50477,10
13.055970192,80.2816696167,50477,50487,10
13.056429863,80.2817764282,50487,50497,10
13.0564403534,80.2817764282,50497,50508,11
13.0564899445,80.2817993164,50508,50518,10
13.0569000244,80.2818908691,50518,50528,10
13.0574598312,80.2820129395,50528,50538,10
13.0581798553,80.2821578979,50538,50548,10
13.0589799881,80.2823181152,50548,50558,10
13.0599002838,80.2825012207,50558,50568,10
13.0607004166,80.2826690674,50568,50578,10
13.0615501404,80.2828598022,50578,50588,10
13.0623998642,80.2830429077,50588,50598,10
13.062959671,80.2831573486,50598,50608,10
13.0629997253,80.2831726074,50608,50619,11
13.0631599426,80.2832489014,50619,50630,11
13.0638904572,80.2833709717,50630,50650,20
13.0638904572,80.2833709717,50650,50660,10
13.0642995834,80.2834777832,50660,50670,10
13.0650596619,80.2836380005,50670,50680,10
13.0660200119,80.2838287354,50680,50690,10
13.0669002533,80.283996582,50690,50700,10
13.0676403046,80.2841415405,50700,50710,10
13.06828022,80.2842712402,50710,50720,10
13.0690603256,80.2844467163,50720,50731,11
13.0700998306,80.2847137451,50731,50741,10
13.0710096359,80.2849197388,50741,50751,10
13.0718803406,80.2851409912,50751,50761,10
13.0728197098,80.2852478027,50761,50771,10
13.0736904144,80.2853317261,50771,50781,10
13.0739202499,80.2854614258,50781,50791,10
13.074139595,80.2857971191,50791,50801,10
13.074669838,80.2862625122,50801,50811,10
13.0754404068,80.2867202759,50811,50821,10
13.0762996674,80.2870483398,50821,50832,11
13.0772895813,80.2873001099,50832,50842,10
13.0781297684,80.2874984741,50842,50852,10
13.0788602829,80.2877426147,50852,50862,10
13.0796499252,80.2880401611,50862,50872,10
13.0803804398,80.2881698608,50872,50882,10
13.0807695389,80.2882614136,50882,50892,10
13.0808200836,80.2882919312,50892,50902,10
13.0812997818,80.2884597778,50902,50912,10
13.0820999146,80.2887420654,50912,50922,10
13.0829000473,80.289100647,50922,50932,10
13.0836801529,80.2891769409,50932,50943,11
13.0847501755,80.2891616821,50943,50953,10
13.0856599808,80.2892608643,50953,50963,10
13.0867795944,80.2895278931,50963,50972,9
13.0874795914,80.2897567749,50972,50983,11
13.0881795883,80.2900619507,50983,50993,10
13.0886497498,80.2901000977,50993,51003,10
13.0887699127,80.2901000977,51003,51013,10
13.0887804031,80.2901229858,51013,51023,10
13.0887804031,80.2903594971,51023,51033,10
13.0883798599,80.2902908325,51033,51043,10
13.0878295898,80.2900466919,51043,51054,11
13.0870399475,80.2897796631,51054,51064,10
13.0864696503,80.2896194458,51064,51074,10
13.0857896805,80.2894363403,51074,51084,10
13.0854797363,80.2889862061,51084,51094,10
13.085149765,80.2882232666,51094,51104,10
13.085100174,80.2874984741,51104,51114,10
13.0851697922,80.2865829468,51114,51124,10
13.0852804184,80.2855987549,51124,51134,10
13.0853395462,80.2847366333,51134,51144,10
13.085269928,80.2841186523,51144,51154,10
13.0853796005,80.2838287354,51154,51165,11
13.0853996277,80.283782959,51165,51175,10
13.0854997635,80.2835922241,51175,51185,10
13.0859003067,80.2835464478,51185,51195,10
13.0863304138,80.2836227417,51195,51205,10
13.0867500305,80.2839431763,51205,51215,10
13.0871601105,80.2839508057,51215,51225,10
13.0876398087,80.2839508057,51225,51276,51
13.0876398087,80.2839508057,51276,51286,10
13.0879201889,80.2839431763,51286,51342,56
13.0879201889,80.2839431763,51342,51354,12
13.0881795883,80.283782959,51354,51546,192
13.0881795883,80.283782959,51546,51556,10
13.0882396698,80.2835693359,51556,51566,10
13.0882797241,80.2833099365,51566,51576,10
13.0882902145,80.282913208,51576,51586,10
13.0882997513,80.2825622559,51586,51597,11
13.0882902145,80.2823562622,51597,51607,10
13.0882101059,80.2819595337,51607,51617,10
13.0881004333,80.2814788818,51617,51627,10
13.0883998871,80.2814788818,51627,51637,10
13.0885400772,80.2817230225,51637,51647,10
13.0884895325,80.2820587158,51647,51657,10
13.0884399414,80.2824020386,51657,51667,10
13.0883903503,80.2827529907,51667,51677,10
13.0883598328,80.2829971313,51677,51687,10
13.0883598328,80.2834014893,51687,51697,10
13.0883903503,80.2839736938,51697,51718,21
13.0883903503,80.2839736938,51718,51728,10
13.0884599686,80.2843704224,51728,51738,10
13.0885000229,80.2850189209,51738,51837,99
13.0885000229,80.2850189209,51837,51847,10
13.0884304047,80.2851486206,51847,51857,10
13.0884599686,80.2854232788,51857,51867,10
13.088470459,80.2856826782,51867,51877,10
13.0884599686,80.2859725952,51877,51887,10
13.088470459,80.2862625122,51887,51897,10
13.0885000229,80.2864990234,51897,51907,10
13.0885601044,80.2870025635,51907,51917,10
13.0886001587,80.2873687744,51917,51928,11
13.0886201859,80.287689209,51928,51938,10
13.0886497498,80.2881164551,51938,51948,10
13.0886898041,80.2884902954,51948,51958,10
13.0886898041,80.2887115479,51958,51968,10
13.0888004303,80.289352417,51968,51988,20
13.0888004303,80.289352417,51988,51998,10
13.0888004303,80.289680481,51998,52008,10
13.0887804031,80.2900009155,52008,52018,10
13.0887498856,80.2901077271,52018,52029,11
13.0886802673,80.290397644,52029,52039,10
13.0882701874,80.2902374268,52039,52049,10
13.0876903534,80.2899627686,52049,52059,10
13.0868797302,80.289642334,52059,52069,10
13.0858697891,80.289352417,52069,52079,10
13.084980011,80.2892303467,52079,52088,9
13.0840702057,80.2892227173,52088,52099,11
13.0830097198,80.2892074585,52099,52108,9
13.0821199417,80.2888793945,52108,52118,10
13.0811796188,80.28855896,52118,52129,11
13.0802497864,80.2882995605,52129,52150,21
13.0802497864,80.2882995605,52150,52160,10
13.0800600052,80.288230896,52160,52170,10
13.0798997879,80.2882003784,52170,52180,10
13.07929039,80.2880630493,52180,52190,10
13.0784101486,80.2877120972,52190,52200,10
13.0774402618,80.2874679565,52200,52210,10
13.0764799118,80.2872314453,52210,52220,10
13.0755796432,80.2869567871,52220,52230,10
13.0748100281,80.286491394,52230,52239,9
13.0742902756,80.2862167358,52239,52251,12
13.074139595,80.2861862183,52251,52261,10
13.0740804672,80.2861785889,52261,52271,10
13.0735998154,80.2860870361,52271,52281,10
13.0728998184,80.2857818604,52281,52291,10
13.0720701218,80.2854003906,52291,52301,10
13.0710802078,80.28515625,52301,52311,10
13.0699996948,80.2848892212,52311,52321,10
13.0689296722,80.2846221924,52321,52331,10
13.0679798126,80.2844009399,52331,52341,10
13.0669698715,80.2842636108,52341,52351,10
13.0659599304,80.2840194702,52351,52362,11
13.0649995804,80.2837982178,52362,52372,10
13.0643701553,80.2836380005,52372,52382,10
13.0638799667,80.283493042,52382,52392,10
13.0631599426,80.2833404541,52392,52402,10
13.0627498627,80.2832489014,52402,52412,10
13.0627202988,80.283241272,52412,52422,10
13.0625801086,80.2831878662,52422,52432,10
13.0621299744,80.2830886841,52432,52442,10
13.0614700317,80.2829589844,52442,52452,10
13.0607595444,80.2828063965,52452,52462,10
13.0599603653,80.2826309204,52462,52473,11
13.0590000153,80.2824401855,52473,52482,9
13.0583496094,80.2823028564,52482,52493,11
13.0575799942,80.2821502686,52493,52504,11
13.0570697784,80.282043457,52504,52514,10
13.0569896698,80.2820281982,52514,52524,10
13.0568799973,80.2819900513,52524,52534,10
13.0563802719,80.2818832397,52534,52544,10
13.0555696487,80.2816925049,52544,52554,10
13.054599762,80.2814865112,52554,52564,10
13.0536699295,80.2813415527,52564,52575,11
13.0526800156,80.2811889648,52575,52585,10
13.0518102646,80.2810668945,52585,52595,10
13.0510396957,80.280960083,52595,52605,10
13.0502099991,80.2808380127,52605,52615,10
13.0494098663,80.2807235718,52615,52625,10
13.0485496521,80.2805862427,52625,52635,10
13.0477104187,80.2804718018,52635,52645,10
13.0467996597,80.2803268433,52645,52655,10
13.0459804535,80.2802276611,52655,52665,10
13.0456695557,80.2801971436,52665,52675,10
13.045539856,80.2801818848,52675,52686,11
13.0448904037,80.280090332,52686,52696,10
13.044210434,80.2799911499,52696,52706,10
13.043589592,80.2798995972,52706,52716,10
13.0427999496,80.2797393799,52716,52726,10
13.0418996811,80.2795791626,52726,52736,10
13.0409603119,80.2794036865,52736,52745,9
13.0401496887,80.2792129517,52745,52756,11
13.0393896103,80.2789764404,52756,52766,10
13.0391197205,80.2789001465,52766,52776,10
13.0390901566,80.2788772583,52776,52786,10
13.0386800766,80.2787399292,52786,52797,11
13.0378799438,80.278503418,52797,52807,10
13.0371398926,80.2782821655,52807,52817,10
13.036529541,80.2780380249,52817,52827,10
13.035900116,80.2778778076,52827,52837,10
13.0354499817,80.2778015137,52837,52847,10
13.0348396301,80.2776870728,52847,52857,10
13.034119606,80.2775192261,52857,52867,10
13.0334196091,80.2774505615,52867,52877,10
13.032790184,80.2775497437,52877,52887,10
13.0321502686,80.277557373,52887,52897,10
13.0312204361,80.2774810791,52897,52918,21
13.0312204361,80.2774810791,52918,52928,10
13.0309400558,80.2772903442,52928,52938,10
13.0304803848,80.2770233154,52938,52948,10
13.0298204422,80.2767486572,52948,52958,10
13.0291900635,80.2765808105,52958,52968,10
13.0286998749,80.2764205933,52968,52977,9
13.0282096863,80.2762374878,52977,52988,11
13.027680397,80.2760162354,52988,52998,10
13.0269403458,80.275680542,52998,53009,11
13.026260376,80.2753601074,53009,53019,10
13.0262002945,80.2753295898,53019,53029,10
13.0260400772,80.2752609253,53029,53039,10
13.0258998871,80.275177002,53039,53049,10
13.0256500244,80.2750396729,53049,53059,10
13.0249996185,80.2747573853,53059,53069,10
13.0242395401,80.2742004395,53069,53079,10
13.0239200592,80.2738037109,53079,53089,10
13.0234203339,80.2731170654,53089,53099,10
13.0229301453,80.2724761963,53099,53109,10
13.0224103928,80.2717666626,53109,53119,10
13.021900177,80.2711029053,53119,53130,11
13.0213298798,80.270401001,53130,53140,10
13.0209999084,80.2700119019,53140,53160,20
13.0209999084,80.2700119019,53160,53170,10
13.0205602646,80.2695007324,53170,53180,10
13.0200099945,80.2687911987,53180,53190,10
13.0194702148,80.2681427002,53190,53200,10
13.0189304352,80.2674713135,53200,53210,10
13.0186395645,80.2666625977,53210,53220,10
13.0186100006,80.2660064697,53220,53231,11
13.0187797546,80.2652511597,53231,53241,10
13.0190200806,80.2644424438,53241,53251,10
13.0190200806,80.2638015747,53251,53261,10
13.0190000534,80.2634277344,53261,53271,10
13.0189504623,80.2632217407,53271,53281,10
13.0189199448,80.262802124,53281,53291,10
13.0188302994,80.2620162964,53291,53301,10
13.0187101364,80.2614517212,53301,53310,9
13.0183200836,80.2611618042,53310,53320,10
13.0177202225,80.2607421875,53320,53331,11
13.0169401169,80.2602005005,53331,53342,11
13.0161104202,80.2596664429,53342,53352,10
13.0151996613,80.2593917847,53352,53362,10
13.0142002106,80.2593231201,53362,53372,10
13.0131597519,80.2592773438,53372,53382,10
13.0120601654,80.2592468262,53382,53392,10
13.0110502243,80.2592391968,53392,53402,10
13.0100803375,80.259262085,53402,53412,10
13.0092802048,80.2592391968,53412,53422,10
13.0087795258,80.2592391968,53422,53432,10
13.0083999634,80.2591934204,53432,53442,10
13.0078697205,80.259262085,53442,53453,11
13.0072402954,80.2588806152,53453,53483,30
13.0072402954,80.2588806152,53483,53493,10
13.007060051,80.2583999634,53493,53503,10
13.0067901611,80.2579193115,53503,53513,10
13.0061903,80.2574996948,53513,53523,10
13.0053100586,80.2573013306,53523,53533,10
13.0044698715,80.2571334839,53533,53543,10
13.0036401749,80.256980896,53543,53553,10
13.0028800964,80.2568206787,53553,53564,11
13.0024204254,80.256729126,53564,53574,10
13.0024003983,80.256729126,53574,53584,10
13.0020303726,80.2566680908,53584,53594,10
13.00137043,80.2565765381,53594,53604,10
13.0005903244,80.2564926147,53604,53614,10
13.0000801086,80.2564163208,53614,53624,10
12.9996099472,80.2563400269,53624,53634,10
12.9992198944,80.2562408447,53634,53644,10
12.99862957,80.2561416626,53644,53675,31
12.99862957,80.2561416626,53675,53685,10
12.9981899261,80.2560806274,53685,53695,10
12.997759819,80.256072998,53695,53705,10
12.997300148,80.2560119629,53705,53731,26
12.997300148,80.2560119629,53731,53743,12
12.997130394,80.2559661865,53743,53753,10
12.9967002869,80.2559280396,53753,53763,10
12.9960899353,80.2559204102,53763,53773,10
12.9955701828,80.2559280396,53773,53783,10
12.9949302673,80.2559432983,53783,53794,11
12.9941196442,80.2560272217,53794,53804,10
12.993180275,80.2561035156,53804,53814,10
12.992190361,80.256149292,53814,53824,10
12.9912204742,80.256111145,53824,53834,10
12.9902696609,80.2560806274,53834,53844,10
12.9896097183,80.2560195923,53844,53854,10
12.9890499115,80.2559814453,53854,53864,10
12.9886798859,80.2559585571,53864,53874,10
12.9885997772,80.2559509277,53874,53885,11
12.988360405,80.2559204102,53885,53895,10
12.9879798889,80.2558822632,53895,53905,10
12.9877004623,80.255897522,53905,53914,9
12.9876003265,80.256477356,53914,53925,11
12.9874696732,80.2574234009,53925,53935,10
12.9873895645,80.2582015991,53935,53945,10
12.9872198105,80.2585296631,53945,53965,20
12.9872198105,80.2585296631,53965,53975,10
12.9870195389,80.2585906982,53975,54187,212
12.9867200851,80.2586898804,54187,54611,424
12.9867200851,80.2586898804,54611,54621,10
12.9867296219,80.258972168,54621,54793,172
12.9867296219,80.258972168,54793,54803,10
12.9871101379,80.2591171265,54803,54813,10
12.9872503281,80.2589569092,54813,54823,10
12.9873199463,80.2584075928,54823,54833,10
12.9874000549,80.2576293945,54833,54843,10
12.9876098633,80.2563705444,54843,54863,20
12.9876098633,80.2563705444,54863,54874,11
12.9876203537,80.2559127808,54874,54884,10
12.9878396988,80.2557067871,54884,54894,10
12.9882698059,80.2557983398,54894,54904,10
12.9888000488,80.2558898926,54904,54924,20
12.9888000488,80.2558898926,54924,54934,10
12.9891300201,80.2558898926,54934,54944,10
12.9895401001,80.2559204102,54944,54954,10
12.9901399612,80.2559280396,54954,54964,10
12.9907398224,80.2559585571,54964,54974,10
12.9913301468,80.2560119629,54974,54985,11
12.9922599792,80.2560424805,54985,54995,10
12.9931402206,80.2559814453,54995,55005,10
12.9936304092,80.2559280396,55005,55015,10
12.9941902161,80.255859375,55015,55025,10
12.9950504303,80.255821228,55025,55035,10
12.9956197739,80.2558288574,55035,55045,10
12.9963197708,80.2558135986,55045,55075,30
12.9963197708,80.2558135986,55075,55085,10
12.9967002869,80.2558288574,55085,55096,11
12.9969797134,80.2558670044,55096,55106,10
12.9974803925,80.255897522,55106,55116,10
12.9982204437,80.2559814453,55116,55126,10
12.9988899231,80.2560501099,55126,55146,20
12.9988899231,80.2560501099,55146,55156,10
12.9992103577,80.2560806274,55156,55166,10
12.9998502731,80.2562179565,55166,55176,10
13.0004501343,80.2563171387,55176,55186,10
13.00096035,80.256439209,55186,55196,10
13.0012197495,80.2564697266,55196,55207,11
13.0015201569,80.2565307617,55207,55217,10
13.0020399094,80.2565765381,55217,55227,10
13.0025396347,80.2566680908,55227,55237,10
13.002869606,80.2567367554,55237,55247,10
13.0031099319,80.2567825317,55247,55257,10
13.0033502579,80.2568283081,55257,55267,10
13.0039196014,80.256942749,55267,55277,10
13.0043401718,80.2570419312,55277,55287,10
13.0047197342,80.2571411133,55287,55297,10
13.00522995,80.2571792603,55297,55308,11
13.0055398941,80.2572784424,55308,55318,10
13.0058097839,80.2573165894,55318,55328,10
13.0062799454,80.2573776245,55328,55338,10
13.0067996979,80.2578277588,55338,55348,10
13.0072603226,80.2583465576,55348,55358,10
13.0084600449,80.2589187622,55358,55378,20
13.0084600449,80.2589187622,55378,55388,10
13.0086898804,80.2590332031,55388,55398,10
13.0092401505,80.2590026855,55398,55408,10
13.0101299286,80.2590408325,55408,55419,11
13.0113401413,80.2590408325,55419,55429,10
13.0125398636,80.2590713501,55429,55439,10
13.0138597488,80.2591171265,55439,55449,10
13.015080452,80.2591781616,55449,55459,10
13.0163402557,80.2595977783,55459,55479,20
13.0163402557,80.2595977783,55479,55489,10
13.0164203644,80.2596969604,55489,55499,10
13.0167598724,80.2600402832,55499,55509,10
13.0174999237,80.2604980469,55509,55519,10
13.0183000565,80.2610626221,55519,55530,11
13.0189399719,80.2615585327,55530,55540,10
13.0194196701,80.2619094849,55540,55550,10
13.0199699402,80.2623977661,55550,55560,10
13.0202598572,80.2628936768,55560,55570,10
13.0197000504,80.2629470825,55570,55580,10
13.019109726,80.2629394531,55580,55590,10
13.0190296173,80.2633209229,55590,55600,10
13.0191202164,80.2639007568,55600,55610,10
13.0191202164,80.2639389038,55610,55620,10
13.0191202164,80.2640762329,55620,55630,10
13.0190296173,80.2645874023,55630,55641,11
13.0188598633,80.2652511597,55641,55651,10
13.0187501907,80.2656707764,55651,55661,10
13.0187101364,80.2664718628,55661,55670,9
13.0188903809,80.2672271729,55670,55681,11
13.019490242,80.2680282593,55681,55691,10
13.0201597214,80.2688674927,55691,55701,10
13.0206298828,80.2694702148,55701,55711,10
13.0210599899,80.2699584961,55711,55721,10
13.0214195251,80.270401001,55721,55729,8
13.0214796066,80.2704925537,55729,55745,16
13.0220603943,80.2711791992,55745,55755,10
13.0224704742,80.2717514038,55755,55765,10
13.0230903625,80.272567749,55765,55775,10
13.0236902237,80.2734222412,55775,55815,40
13.0236902237,80.2734222412,55815,55825,10
13.023730278,80.2734909058,55825,55835,10
13.0239400864,80.2737579346,55835,55845,10
13.0241804123,80.2740402222,55845,55856,11
13.0246896744,80.274559021,55856,55866,10
13.0253000259,80.274810791,55866,55886,20
13.0253000259,80.274810791,55886,55896,10
13.025560379,80.2749786377,55896,55906,10
13.0260601044,80.2751998901,55906,55916,10
13.0265903473,80.2754516602,55916,55926,10
13.0270595551,80.2757110596,55926,55936,10
13.0275497437,80.275932312,55936,55946,10
13.0284404755,80.2761764526,55946,55956,10
13.0288600922,80.2763900757,55956,55967,11
13.0295000076,80.2765426636,55967,55977,10
13.0300397873,80.2767028809,55977,55987,10
13.0306196213,80.2769470215,55987,55997,10
13.0310602188,80.2772674561,55997,56007,10
13.0316200256,80.2774963379,56007,56017,10
13.0320196152,80.2774887085,56017,56027,10
13.0326099396,80.2774734497,56027,56047,20
13.0326099396,80.2774734497,56047,56057,10
13.0328197479,80.2774200439,56057,56067,10
13.0331096649,80.2773590088,56067,56078,11
13.0337400436,80.2773895264,56078,56088,10
13.0343599319,80.2774810791,56088,56098,10
13.0350399017,80.2775497437,56098,56108,10
13.0354499817,80.2776412964,56108,56118,10
13.0359802246,80.2777709961,56118,56128,10
13.0367002487,80.2780303955,56128,56138,10
13.0373001099,80.2782287598,56138,56148,10
13.0385704041,80.2785873413,56148,56168,20
13.0385704041,80.2785873413,56168,56178,10
13.0386695862,80.2786636353,56178,56189,11
13.0390396118,80.2787780762,56189,56199,10
13.0394601822,80.2789230347,56199,56209,10
13.0402097702,80.2791595459,56209,56219,10
13.0411396027,80.2793502808,56219,56229,10
13.0422401428,80.2795410156,56229,56239,10
13.0432395935,80.2796707153,56239,56249,10
13.0440196991,80.2798614502,56249,56259,10
13.0448598862,80.2799682617,56259,56269,10
13.0457201004,80.2800827026,56269,56289,20
13.0457201004,80.2800827026,56289,56300,11
13.0461597443,80.2801437378,56300,56310,10
13.0469398499,80.2802505493,56310,56320,10
13.0479097366,80.2804107666,56320,56330,10
13.0490198135,80.2805862427,56330,56340,10
13.0499801636,80.2807312012,56340,56350,10
13.0505800247,80.2808074951,56350,56360,10
13.0506696701,80.2808303833,56360,56370,10
13.0511198044,80.2808685303,56370,56380,10
13.0519399643,80.28099823,56380,56390,10
13.0528697968,80.2811431885,56390,56400,10
13.0539102554,80.2813110352,56400,56411,11
13.055150032,80.2815628052,56411,56421,10
13.0559902191,80.2817230225,56421,56431,10
13.0564699173,80.2818069458,56431,56441,10
13.056599617,80.2818374634,56441,56451,10
13.0571403503,80.2819671631,56451,56461,10
13.0579204559,80.2821426392,56461,56471,10
13.0586500168,80.2823028564,56471,56481,10
13.0594596863,80.2824478149,56481,56491,10
13.0602502823,80.2825927734,56491,56501,10
13.0608797073,80.2827224731,56501,56512,11
13.061750412,80.2828369141,56512,56522,10
13.0625200272,80.2830276489,56522,56532,10
13.062959671,80.2831573486,56532,56542,10
13.063170433,80.2832107544,56542,56552,10
13.0633201599,80.2832336426,56552,56562,10
13.0634002686,80.2832565308,56562,56571,9
13.0638399124,80.2833862305,56571,56602,31
13.0638399124,80.2833862305,56602,56612,10
13.0642499924,80.2835083008,56612,56623,11
13.0650396347,80.2836914063,56623,56633,10
13.0659704208,80.2838821411,56633,56643,10
13.0669603348,80.2840805054,56643,56653,10
13.0677700043,80.2842330933,56653,56663,10
13.0684900284,80.284362793,56663,56673,10
13.0692195892,80.284538269,56673,56683,10
13.0702600479,80.2847900391,56683,56693,10
13.0713300705,80.2850570679,56693,56702,9
13.0722703934,80.2852935791,56702,56712,10
13.0732297897,80.2853088379,56712,56723,11
13.0740203857,80.2856674194,56723,56734,11
13.0745897293,80.2862167358,56734,56744,10
13.0753602982,80.2867279053,56744,56754,10
13.0762996674,80.2871017456,56754,56764,10
13.0774202347,80.2873687744,56764,56774,10
13.0785102844,80.2876586914,56774,56784,10
13.0794801712,80.2880325317,56784,56794,10
13.0807695389,80.2882766724,56794,56814,20
13.0807695389,80.2882766724,56814,56824,10
13.0809497833,80.2883605957,56824,56834,10
13.0815095901,80.28855896,56834,56845,11
13.0824403763,80.2889175415,56845,56855,10
13.0834102631,80.2891693115,56855,56865,10
13.0843896866,80.2891387939,56865,56875,10
13.0853300095,80.2891235352,56875,56885,10
13.0864295959,80.2893981934,56885,56895,10
13.0873603821,80.2897415161,56895,56905,10
13.0885095596,80.2901000977,56905,56935,30
13.0887002945,80.2901382446,56935,57016,81
13.0887002945,80.2901382446,57016,57026,10
13.0888004303,80.290397644,57026,57036,10
13.0884599686,80.2903823853,57036,57046,10
13.0878601074,80.2901000977,57046,57057,11
13.0870599747,80.2898025513,57057,57067,10
13.086400032,80.2895889282,57067,57077,10
13.085849762,80.2894668579,57077,57087,10
13.0854997635,80.2890167236,57087,57097,10
13.0851602554,80.2882995605,57097,57107,10
13.085100174,80.2875595093,57107,57117,10
13.0851602554,80.2866668701,57117,57127,10
13.0852499008,80.2857208252,57127,57137,10
13.0853395462,80.2848587036,57137,57147,10
13.0852899551,80.2844390869,57147,57157,10
13.0852203369,80.2842407227,57157,57168,11
13.0853796005,80.2838821411,57168,57178,10
13.0854797363,80.2835693359,57178,57188,10
13.0858001709,80.2835006714,57188,57198,10
13.0861101151,80.2834777832,57198,57208,10
13.0864200592,80.2836608887,57208,57218,10
13.0867595673,80.2838973999,57218,57228,10
13.0871400833,80.2839431763,57228,57238,10
13.0875597,80.2838973999,57238,57359,121
13.0878801346,80.284072876,57359,57622,263
13.0878801346,80.284072876,57622,57632,10
13.0881204605,80.2837982178,57632,58823,1191
13.0881204605,80.2837982178,58823,58833,10
13.0883197784,80.2834777832,58833,58843,10
13.0883102417,80.2833862305,58843,58853,10
13.0882997513,80.2831268311,58853,58873,20
13.0882997513,80.2831268311,58873,58883,10
13.0882997513,80.2828521729,58883,58893,10
13.0883102417,80.2826385498,58893,58903,10
13.0883102417,80.2826080322,58903,58914,11
13.0883197784,80.2824783325,58914,58924,10
13.0882797241,80.2821502686,58924,58934,10
13.0880804062,80.2816162109,58934,58944,10
13.0881004333,80.2814483643,58944,58954,10
13.0881996155,80.281463623,58954,58964,10
13.0883598328,80.2814865112,58964,58974,10
13.0885095596,80.2818603516,58974,58984,10
13.0884504318,80.2821731567,58984,58994,10
13.0883998871,80.2823791504,58994,59004,10
13.0883598328,80.2826385498,59004,59014,10
13.0883302689,80.2832107544,59014,59065,51
13.0883302689,80.2832107544,59065,59075,10
13.0883998871,80.2836837769,59075,59085,10
13.0884199142,80.2840881348,59085,59095,10
13.0884199142,80.2845611572,59095,59105,10
13.0884799957,80.2851028442,59105,59176,71
13.0884799957,80.2851028442,59176,59186,10
13.0884799957,80.2852630615,59186,59196,10
13.0885095596,80.2853393555,59196,59206,10
13.0885295868,80.2856826782,59206,59216,10
13.0885295868,80.2861480713,59216,59226,10
13.0885400772,80.2864532471,59226,59237,11
13.088549614,80.2868270874,59237,59247,10
13.0885801315,80.2873535156,59247,59257,10
13.0885896683,80.2875976563,59257,59267,10
13.0886297226,80.2880096436,59267,59277,10
13.0886898041,80.2885665894,59277,59287,10
13.0887002945,80.288772583,59287,59297,10
13.0887498856,80.2891693115,59297,59307,10
13.088760376,80.2892913818,59307,59317,10
13.0887804031,80.2895736694,59317,59327,10
13.0888004303,80.2902069092,59327,59368,41
13.0888004303,80.2902069092,59368,59378,10
13.0887098312,80.2904815674,59378,59388,10
13.0884599686,80.2904434204,59388,59398,10
13.0879096985,80.2901000977,59398,59414,16
13.0867004395,80.2895889282,59414,59426,12
13.0854997635,80.2892684937,59426,59434,8
13.0847997665,80.2891387939,59434,59446,12
13.0835695267,80.2891921997,59446,59456,10
13.0826702118,80.2890777588,59456,59467,11
13.0814599991,80.2886123657,59467,59477,10
13.0800199509,80.288192749,59477,59517,40
13.0800199509,80.288192749,59517,59527,10
13.0797796249,80.2881317139,59527,59537,10
13.0791501999,80.2879714966,59537,59547,10
13.0782403946,80.2876281738,59547,59557,10
13.0770597458,80.287322998,59557,59568,11
13.0757102966,80.2869567871,59568,59578,10
13.0747299194,80.2863998413,59578,59588,10
13.0737400055,80.2860412598,59588,59598,10
13.0727396011,80.2855987549,59598,59608,10
13.0715799332,80.2851867676,59608,59618,10
13.0703001022,80.2848587036,59618,59628,10
13.0690402985,80.2845611572,59628,59638,10
13.0679998398,80.2843322754,59638,59648,10
13.0670204163,80.2841567993,59648,59658,10
13.0658197403,80.2838897705,59658,59668,10
13.0647697449,80.2836532593,59668,59679,11
13.0638198853,80.283416748,59679,59688,9
13.063079834,80.2832183838,59688,59699,11
13.0625600815,80.2830963135,59699,59709,10
13.0625200272,80.2830810547,59709,59719,10
13.062040329,80.2829818726,59719,59729,10
13.0612001419,80.2827682495,59729,59739,10
13.0601196289,80.2825393677,59739,59749,10
13.0592403412,80.282371521,59749,59759,10
13.0579795837,80.2821121216,59759,59769,10
13.0572004318,80.2819824219,59769,59779,10
13.0568704605,80.2819137573,59779,59790,11
13.0566997528,80.2818527222,59790,59800,10
13.0561704636,80.2817382813,59800,59810,10
13.0553598404,80.281578064,59810,59820,10
13.0543804169,80.2813796997,59820,59830,10
13.0533103943,80.2811889648,59830,59840,10
13.0522203445,80.2810211182,59840,59850,10
13.0511398315,80.2808609009,59850,59859,9
13.0502195358,80.2807388306,59859,59870,11
13.0492200851,80.2805862427,59870,59880,10
13.0482397079,80.280456543,59880,59890,10
13.0471897125,80.2802886963,59890,59901,11
13.0456800461,80.2800979614,59901,59921,20
13.0456800461,80.2800979614,59921,59931,10
13.0454797745,80.2800827026,59931,59941,10
13.0448503494,80.2799682617,59941,59951,10
13.0439100266,80.2798461914,59951,59961,10
13.0430297852,80.2796630859,59961,59971,10
13.0420103073,80.2794570923,59971,59981,10
13.0409097672,80.2792816162,59981,59991,10
13.0398302078,80.279006958,59991,60001,10
13.0390996933,80.2788391113,60001,60012,11
13.0390195847,80.2788162231,60012,60022,10
13.0386800766,80.278678894,60022,60032,10
13.038020134,80.2784729004,60032,60042,10
13.0372800827,80.2782363892,60042,60052,10
13.036649704,80.2780227661,60052,60062,10
13.0360202789,80.2778091431,60062,60082,20
13.0360202789,80.2778091431,60082,60092,10
13.0356903076,80.2777175903,60092,60123,31
13.0356903076,80.2777175903,60123,60133,10
13.0354404449,80.2777328491,60133,60153,20
13.0354404449,80.2777328491,60153,60163,10
13.0351896286,80.2776794434,60163,60173,10
13.0348796844,80.277633667,60173,60224,51
13.0348796844,80.277633667,60224,60234,10
13.0344495773,80.2775726318,60234,60244,10
13.0340795517,80.2774429321,60244,60254,10
13.0336303711,80.2773513794,60254,60345,91
13.0336303711,80.2773513794,60345,60355,10
13.0334300995,80.2772674561,60355,60365,10
13.0333900452,80.2771224976,60365,60375,10
13.0334396362,80.2770004272,60375,60385,10
13.0335197449,80.2766799927,60385,60446,61
13.0335903168,80.2763366699,60446,60526,80
13.033949852,80.276512146,60526,60738,212
13.0340003967,80.2765579224,60738,60809,71
13.0338201523,80.2763900757,60809,60859,50
13.0338201523,80.2763900757,60859,60869,10
13.0335903168,80.2763290405,60869,60880,11
13.0335798264,80.2765426636,60880,60890,10
13.033490181,80.2769775391,60890,60920,30
13.033490181,80.2769775391,60920,60930,10
13.033370018,80.2773284912,60930,60940,10
13.033249855,80.2775115967,60940,60950,10
13.032790184,80.2775192261,60950,60960,10
13.0324802399,80.2775115967,60960,60970,10
13.0318603516,80.2775802612,60970,61000,30
13.0318603516,80.2775802612,61000,61010,10
13.0316200256,80.2775802612,61010,61021,11
13.0312795639,80.2774581909,61021,61041,20
13.0312795639,80.2774581909,61041,61051,10
13.0308504105,80.2772293091,61051,61061,10
13.0304403305,80.2770004272,61061,61071,10
13.0298500061,80.2767562866,61071,61081,10
13.0293703079,80.2766113281,61081,61091,10
13.028840065,80.2763977051,61091,61112,21
13.028840065,80.2763977051,61112,61122,10
13.0286102295,80.2763366699,61122,61132,10
13.0282201767,80.2761764526,61132,61142,10
13.0277004242,80.2759780884,61142,61152,10
13.0271100998,80.2757415771,61152,61162,10
13.0266103745,80.2754974365,61162,61172,10
13.0259895325,80.2752304077,61172,61182,10
13.0252799988,80.2749099731,61182,61192,10
13.0244903564,80.2744903564,61192,61202,10
13.0241203308,80.2741470337,61202,61243,41
13.0241203308,80.2741470337,61243,61253,10
13.0239896774,80.2739715576,61253,61263,10
13.023730278,80.2735977173,61263,61273,10
13.0233402252,80.2730712891,61273,61283,10
13.0228004456,80.2723236084,61283,61293,10
13.0222301483,80.2715835571,61293,61303,10
13.0216302872,80.2708206177,61303,61314,11
13.020939827,80.2699890137,61314,61323,9
13.0204696655,80.2694091797,61323,61334,11
13.0198097229,80.2686004639,61334,61344,10
13.0192403793,80.2678985596,61344,61354,10
13.0187397003,80.2671737671,61354,61364,10
13.0186004639,80.2662887573,61364,61374,10
13.0186595917,80.2658004761,61374,61384,10
13.0188302994,80.2651367188,61384,61394,10
13.0190401077,80.2642974854,61394,61404,10
13.018989563,80.263633728,61404,61414,10
13.0189504623,80.2632904053,61414,61425,11
13.0188503265,80.2625808716,61425,61435,10
13.0187501907,80.2618484497,61435,61445,10
13.0185804367,80.2613296509,61445,61455,10
13.0181903839,80.2610168457,61455,61465,10
13.017660141,80.2606430054,61465,61475,10
13.0170402527,80.2602233887,61475,61485,10
13.0163402557,80.2597579956,61485,61495,10
13.0155601501,80.2594223022,61495,61505,10
13.0146198273,80.2592697144,61505,61521,16
13.0129003525,80.2592163086,61521,61534,13
13.0115804672,80.2591629028,61534,61544,10
13.0107898712,80.2591705322,61544,61554,10
13.0095701218,80.2591781616,61554,61564,10
13.0088796616,80.2591705322,61564,61574,10
13.0085897446,80.2591629028,61574,61583,9
13.0081501007,80.2591629028,61583,61594,11
13.0074100494,80.2592697144,61594,61604,10
13.0071496964,80.2586898804,61604,61614,10
13.0067501068,80.2579803467,61614,61624,10
13.0062398911,80.2575683594,61624,61634,10
13.0054798126,80.2573699951,61634,61645,11
13.004529953,80.2571182251,61645,61655,10
13.0035495758,80.2569122314,61655,61665,10
13.0028095245,80.2567825317,61665,61675,10
13.0025396347,80.2567214966,61675,61685,10
13.0022697449,80.2566680908,61685,61695,10
13.0018501282,80.2565917969,61695,61705,10
13.0010995865,80.2565002441,61705,61715,10
13.0002298355,80.2563476563,61715,61725,10
12.9995603561,80.2562637329,61725,61735,10
12.9990797043,80.2561416626,61735,61745,10
12.9984798431,80.2560424805,61745,61756,11
12.9977998734,80.2559509277,61756,61766,10
12.997179985,80.2559127808,61766,61842,76
12.997179985,80.2559127808,61842,61854,12
12.9968996048,80.2559127808,61854,61863,9
12.9965400696,80.2558822632,61863,61875,12
12.995759964,80.2558898926,61875,61885,10
12.9951601028,80.2559127808,61885,61895,10
12.9945402145,80.2559509277,61895,61905,10
12.9938201904,80.2560119629,61905,61914,9
12.9931297302,80.2560577393,61914,61925,11
12.9918899536,80.256072998,61925,61935,10
12.9911499023,80.2560272217,61935,61945,10
12.9906196594,80.2559967041,61945,61955,10
12.9899702072,80.2559967041,61955,61966,11
12.989109993,80.2559814453,61966,61976,10
12.9886102676,80.2559509277,61976,61986,10
12.9885797501,80.2559432983,61986,61996,10
12.9885101318,80.2559204102,61996,62006,10
12.9883003235,80.255897522,62006,62087,81
12.9883003235,80.255897522,62087,62097,10
12.9881095886,80.2558898926,62097,62107,10
12.9878101349,80.255821228,62107,62117,10
12.9873304367,80.2557220459,62117,62127,10
12.9867095947,80.2555999756,62127,62137,10
12.9863796234,80.255531311,62137,62147,10
12.9862699509,80.2555236816,62147,62157,10
12.9858999252,80.2554168701,62157,62167,10
12.9854898453,80.2553329468,62167,62177,10
12.9850196838,80.255241394,62177,62188,11
12.9848003387,80.2551803589,62188,62198,10
12.9845104218,80.2550811768,62198,62208,10
12.984000206,80.2549667358,62208,62218,10
12.9835996628,80.2548980713,62218,62228,10
12.9830904007,80.2547607422,62228,62238,10
12.982460022,80.2545700073,62238,62248,10
12.9820299149,80.2540969849,62248,62258,10
12.9818096161,80.2533721924,62258,62268,10
12.9814596176,80.2528305054,62268,62278,10
12.9807195663,80.2527923584,62278,62288,10
12.9801397324,80.2527770996,62288,62299,11
12.9793701172,80.2526779175,62299,62309,10
12.9785203934,80.2525634766,62309,62329,20
12.9785203934,80.2525634766,62329,62339,10
12.9784002304,80.2524795532,62339,62349,10
12.9780502319,80.2521972656,62349,62359,10
12.9774703979,80.251663208,62359,62369,10
12.9766302109,80.2512817383,62369,62379,10
12.9756202698,80.2510070801,62379,62389,10
12.9744596481,80.2506637573,62389,62399,10
12.973279953,80.250328064,62399,62410,11
12.9719495773,80.2499923706,62410,62419,9
12.9709196091,80.249710083,62419,62430,11
12.9697198868,80.2492904663,62430,62440,10
12.9686603546,80.248878479,62440,62450,10
12.9676904678,80.2484588623,62450,62459,9
12.9667797089,80.2480621338,62459,62490,31
12.9667797089,80.2480621338,62490,62500,10
12.9663600922,80.2478485107,62500,62511,11
12.9656000137,80.2474975586,62511,62521,10
12.964799881,80.2472000122,62521,62531,10
12.9639701843,80.246963501,62531,62561,30
12.9639701843,80.246963501,62561,62571,10
12.9637298584,80.2468795776,62571,62587,16
12.9627399445,80.2463912964,62587,62599,12
12.9618597031,80.2459411621,62599,62607,8
12.9612903595,80.2456436157,62607,62619,12
12.9603996277,80.2452468872,62619,62630,11
12.9595098495,80.2448196411,62630,62640,10
12.9587097168,80.2444915771,62640,62650,10
12.9580202103,80.2442169189,62650,62659,9
12.9575195313,80.2440490723,62659,62670,11
12.9567804337,80.2438201904,62670,62772,102
12.9567804337,80.2438201904,62772,62782,10
12.9564199448,80.2437133789,62782,62792,10
12.9562101364,80.2436218262,62792,62802,10
12.9556598663,80.2433319092,62802,62812,10
12.9549198151,80.2429580688,62812,62822,10
12.9541902542,80.2426528931,62822,62832,10
12.9534702301,80.2423400879,62832,62843,11
12.9524402618,80.2419586182,62843,62853,10
12.9514598846,80.241607666,62853,62863,10
12.9503898621,80.2412719727,62863,62873,10
12.9494695663,80.2410202026,62873,62883,10
12.9488601685,80.2407836914,62883,62893,10
12.9480895996,80.2404327393,62893,62903,10
12.9472303391,80.2400588989,62903,62913,10
12.9463100433,80.2396774292,62913,62923,10
12.9452695847,80.2392196655,62923,62933,10
12.944439888,80.2383804321,62933,62943,10
12.9436397552,80.2375106812,62943,62954,11
12.9427604675,80.2367172241,62954,62964,10
12.9416704178,80.2363433838,62964,62974,10
12.9405498505,80.2360610962,62974,62990,16
12.9388399124,80.2353973389,62990,63002,12
12.937620163,80.2347793579,63002,63010,8
12.9368400574,80.2343902588,63010,63022,12
12.9360303879,80.2340316772,63022,63032,10
12.935959816,80.2339782715,63032,63042,10
12.9357099533,80.2339935303,63042,63052,10
12.9354896545,80.2345199585,63052,63063,11
12.9351797104,80.2353515625,63063,63093,30
12.9351797104,80.2353515625,63093,63103,10
12.9351196289,80.2354736328,63103,63113,10
12.9348697662,80.2353591919,63113,63123,10
12.9343299866,80.2351379395,63123,63133,10
12.9339399338,80.2350234985,63133,63143,10
12.9338197708,80.2352828979,63143,63153,10
12.9336500168,80.2358779907,63153,63164,11
12.9334802628,80.2362136841,63164,63174,10
12.9332304001,80.2361602783,63174,63184,10
12.9329900742,80.2361907959,63184,63194,10
12.9329795837,80.2363586426,63194,63204,10
12.9329500198,80.2365188599,63204,63214,10
12.9328403473,80.2369766235,63214,63224,10
12.9327096939,80.2373199463,63224,63234,10
12.9325799942,80.2376098633,63234,63244,10
12.9323501587,80.2381668091,63244,63254,10
12.932220459,80.2385101318,63254,63264,10
12.9320602417,80.2387466431,63264,63275,11
12.9311304092,80.2385406494,63275,63325,50
12.9311304092,80.2385406494,63325,63335,10
12.930970192,80.2384872437,63335,63345,10
12.9305200577,80.2383270264,63345,63355,10
12.9299497604,80.2381134033,63355,63365,10
12.9295902252,80.23802948,63365,63375,10
12.9295797348,80.238067627,63375,63386,11
12.9294900894,80.2383880615,63386,63396,10
12.9293498993,80.2388763428,63396,63406,10
12.9291696548,80.2390365601,63406,63416,10
12.9282598495,80.2388305664,63416,63436,20
12.9282598495,80.2388305664,63436,63446,10
12.9281997681,80.2388076782,63446,63456,10
12.9278297424,80.2387084961,63456,63466,10
12.9273500443,80.2386016846,63466,63476,10
12.9267501831,80.2384567261,63476,63487,11
12.9260797501,80.23828125,63487,63497,10
12.9256000519,80.2381591797,63497,63517,20
12.9256000519,80.2381591797,63517,63527,10
12.9255104065,80.2381362915,63527,63537,10
12.9252700806,80.2381210327,63537,63547,10
12.9248800278,80.2380371094,63547,63557,10
12.9251003265,80.2382125854,63557,63567,10
12.925359726,80.23828125,63567,63779,212
12.9256401062,80.238319397,63779,63799,20
12.9256401062,80.238319397,63799,63810,11
12.9258499146,80.2382507324,63810,63820,10
12.9262199402,80.2383117676,63820,63830,10
12.9263601303,80.2383499146,63830,63840,10
12.9267196655,80.2384414673,63840,63850,10
12.9271602631,80.2385406494,63850,63860,10
12.9276399612,80.2386627197,63860,63870,10
12.9282302856,80.2388000488,63870,63890,20
12.9282302856,80.2388000488,63890,63900,10
12.9285297394,80.2388687134,63900,63910,10
12.929019928,80.2389984131,63910,63921,11
12.9293498993,80.2389373779,63921,63931,10
12.9294300079,80.2386398315,63931,63941,10
12.9295701981,80.2381820679,63941,63951,10
12.9296798706,80.2379837036,63951,63961,10
12.9300899506,80.2381210327,63961,63971,10
12.9306602478,80.2383422852,63971,63981,10
12.9311199188,80.2384872437,63981,63991,10
12.9311199188,80.2385025024,63991,64001,10
12.9312400818,80.2385406494,64001,64011,10
12.9315395355,80.2386703491,64011,64021,10
12.9320201874,80.2388000488,64021,64032,11
12.9321804047,80.2386627197,64032,64042,10
12.9322900772,80.2384109497,64042,64052,10
12.9324502945,80.2379074097,64052,64062,10
12.9326400757,80.2373733521,64062,64072,10
12.9326896667,80.2372436523,64072,64082,10
12.9328298569,80.2368621826,64082,64092,10
12.9329004288,80.2365036011,64092,64102,10
12.9329595566,80.2361831665,64102,64112,10
12.9331598282,80.2361373901,64112,64143,31
12.9331598282,80.2361373901,64143,64153,10
12.9335699081,80.2361679077,64153,64163,10
12.9336500168,80.2358169556,64163,64173,10
12.9337797165,80.2353286743,64173,64183,10
12.9339799881,80.2350311279,64183,64193,10
12.9342498779,80.235168457,64193,64203,10
12.9347295761,80.2353591919,64203,64213,10
12.9350204468,80.2354888916,64213,64223,10
12.9351701736,80.2353591919,64223,64233,10
12.935259819,80.2351226807,64233,64243,10
12.935500145,80.2344665527,64243,64254,11
12.9356899261,80.2340011597,64254,64284,30
12.9356899261,80.2340011597,64284,64294,10
12.9357595444,80.2338104248,64294,64304,10
12.9359502792,80.2337493896,64304,64314,10
12.9363899231,80.2340011597,64314,64324,10
12.9370298386,80.2343215942,64324,64334,10
12.9378795624,80.2347412109,64334,64344,10
12.9388198853,80.2352218628,64344,64355,11
12.9396400452,80.2356414795,64355,64375,20
12.9396400452,80.2356414795,64375,64385,10
12.939740181,80.2357025146,64385,64395,10
12.940199852,80.2358932495,64395,64405,10
12.9408197403,80.236076355,64405,64415,10
12.9416399002,80.2362823486,64415,64425,10
12.9424600601,80.2365112305,64425,64435,10
12.9431695938,80.2369003296,64435,64445,10
12.9437599182,80.237449646,64445,64455,10
12.9442796707,80.2380523682,64455,64466,11
12.9448404312,80.2386398315,64466,64476,10
12.9448900223,80.2387237549,64476,64485,9
12.9450798035,80.2389297485,64485,64496,11
12.945599556,80.2393569946,64496,64506,10
12.9464902878,80.2397384644,64506,64516,10
12.9470396042,80.2399520874,64516,64526,10
12.9471101761,80.239982605,64526,64536,10
12.94713974,80.239982605,64536,64546,10
12.9475002289,80.2401275635,64546,64556,10
12.9479103088,80.2403106689,64556,64566,10
12.948849678,80.2406768799,64566,64627,61
12.948849678,80.2406768799,64627,64637,10
12.9489898682,80.2406997681,64637,64647,10
12.9494400024,80.2408828735,64647,64657,10
12.9501600266,80.2410888672,64657,64667,10
12.9508199692,80.2413024902,64667,64676,9
12.9511203766,80.2414016724,64676,64688,12
12.9512395859,80.2414321899,64688,64698,10
12.9517002106,80.2416000366,64698,64708,10
12.9524202347,80.2418823242,64708,64718,10
12.9532403946,80.2422027588,64718,64728,10
12.9540996552,80.2425537109,64728,64738,10
12.954870224,80.2428512573,64738,64748,10
12.9554796219,80.2430801392,64748,64758,10
12.9557695389,80.2432174683,64758,64768,10
12.9558801651,80.243270874,64768,64778,10
12.9560804367,80.2433395386,64778,64849,71
12.9560804367,80.2433395386,64849,64859,10
12.9563798904,80.2434768677,64859,64869,10
12.9566898346,80.243598938,64869,64879,10
12.9572896957,80.2438430786,64879,64889,10
12.9579200745,80.244102478,64889,64900,11
12.9586601257,80.2444229126,64900,64920,20
12.9586601257,80.2444229126,64920,64930,10
12.9587802887,80.2445068359,64930,64940,10
12.9590301514,80.2446289063,64940,64950,10
12.9594402313,80.2447967529,64950,64960,10
12.960100174,80.2450866699,64960,64970,10
12.9609098434,80.2454528809,64970,64980,10
12.9619102478,80.2459411621,64980,64990,10
12.9627199173,80.2463378906,64990,65000,10
12.9629602432,80.2464675903,65000,65011,11
12.9633398056,80.2466583252,65011,65021,10
12.9638595581,80.2468795776,65021,65031,10
12.9645795822,80.2471466064,65031,65041,10
12.9652795792,80.2473907471,65041,65051,10
12.9662799835,80.2477416992,65051,65071,20
12.9662799835,80.2477416992,65071,65081,10
12.9663696289,80.2477874756,65081,65091,10
12.966750145,80.2479782104,65091,65101,10
12.9673404694,80.2482910156,65101,65112,11
12.9681797028,80.248626709,65112,65122,10
12.9690904617,80.2490005493,65122,65132,10
12.9700803757,80.2493972778,65132,65142,10
12.9710998535,80.2497634888,65142,65152,10
12.9721403122,80.250038147,65152,65162,10
12.973110199,80.250289917,65162,65172,10
12.9740200043,80.2505187988,65172,65182,10
12.9749603271,80.2507781982,65182,65192,10
12.9759702682,80.2510604858,65192,65202,10
12.9769601822,80.2513427734,65202,65212,10
12.977930069,80.2519226074,65212,65223,11
12.9785804749,80.2523880005,65223,65233,10
12.9785995483,80.2524032593,65233,65243,10
12.9785995483,80.2523880005,65243,65253,10
12.9788999557,80.2525100708,65253,65263,10
12.9793395996,80.2525863647,65263,65293,30
12.9793395996,80.2525863647,65293,65303,10
12.9794797897,80.2526092529,65303,65313,10
12.9798803329,80.2526626587,65313,65323,10
12.9805297852,80.2527008057,65323,65334,11
12.9812803268,80.2526702881,65334,65344,10
12.9816904068,80.2526397705,65344,65364,20
12.9817895889,80.2526321411,65364,65384,20
12.9817895889,80.2526321411,65384,65394,10
12.9819602966,80.2526321411,65394,65404,10
12.9824199677,80.2526092529,65404,65414,10
12.9829797745,80.252571106,65414,65424,10
12.9833803177,80.2525177002,65424,65434,10
12.9839096069,80.2523880005,65434,65445,11
12.9844799042,80.2522125244,65445,65455,10
12.9849700928,80.2520599365,65455,65465,10
12.9854803085,80.2519226074,65465,65475,10
12.9860095978,80.2517700195,65475,65485,10
12.986579895,80.2516326904,65485,65495,10
12.9870595932,80.2515106201,65495,65505,10
12.9874000549,80.251411438,65505,65515,10
12.9877796173,80.2513580322,65515,65525,10
12.9880104065,80.2519302368,65525,65545,20
12.9880104065,80.2519302368,65545,65556,11
12.9880304337,80.2524032593,65556,65566,10
12.9879598618,80.2532196045,65566,65576,10
12.987859726,80.254119873,65576,65586,10
12.9877996445,80.2549285889,65586,65616,30
12.9877996445,80.2549285889,65616,65626,10
12.987739563,80.2552108765,65626,65677,51
12.987739563,80.2552108765,65677,65687,10
12.9876499176,80.2555999756,65687,65697,10
12.9877796173,80.2558364868,65697,65707,10
12.9882497787,80.2559204102,65707,65717,10
12.9886798859,80.2559585571,65717,65757,40
12.9886798859,80.2559585571,65757,65768,11
12.9891004562,80.2560195923,65768,65778,10
12.9896802902,80.2560424805,65778,65788,10
12.9903802872,80.2559967041,65788,65798,10
12.9908704758,80.2560424805,65798,65808,10
12.9914999008,80.2560501099,65808,65818,10
12.9921703339,80.2560501099,65818,65828,10
12.9929895401,80.2560195923,65828,65838,10
12.9938001633,80.2559585571,65838,65848,10
12.9944400787,80.2559280396,65848,65858,10
12.9948997498,80.2558898926,65858,65868,10
12.9953203201,80.255897522,65868,65925,57
12.9953203201,80.255897522,65925,65936,11
12.9956598282,80.2559585571,65936,65947,11
12.9959497452,80.2559280396,65947,65957,10
12.9963798523,80.2559432983,65957,65967,10
12.9967498779,80.2559432983,65967,66028,61
12.9967498779,80.2559432983,66028,66038,10
12.9970397949,80.2560195923,66038,66048,10
12.9974403381,80.2560195923,66048,66058,10
12.9981002808,80.2560119629,66058,66068,10
12.9987297058,80.2560806274,66068,66078,10
12.9990501404,80.2561264038,66078,66099,21
12.9990501404,80.2561264038,66099,66109,10
12.9991998672,80.2561721802,66109,66139,30
12.9991998672,80.2561721802,66139,66149,10
12.9992704391,80.2561264038,66149,66159,10
12.9996700287,80.2562332153,66159,66169,10
13.0001897812,80.2563400269,66169,66179,10
13.0008096695,80.2564620972,66179,66189,10
13.0013599396,80.2565765381,66189,66200,11
13.0020904541,80.2566833496,66200,66210,10
13.0027599335,80.2568130493,66210,66220,10
13.0034303665,80.256942749,66220,66230,10
13.0041303635,80.2570800781,66230,66240,10
13.0045995712,80.2571487427,66240,66250,10
13.0051603317,80.2572479248,66250,66260,10
13.0056295395,80.2573776245,66260,66270,10
13.0061101913,80.2574234009,66270,66351,81
13.0061101913,80.2574234009,66351,66361,10
13.0062503815,80.2574234009,66361,66371,10
13.0066099167,80.2575073242,66371,66381,10
13.0069198608,80.2579193115,66381,66391,10
13.0073003769,80.2585067749,66391,66401,10
13.0079402924,80.2588195801,66401,66412,11
13.0084400177,80.2590103149,66412,66422,10
13.0084495544,80.2590179443,66422,66432,10
13.0086402893,80.2591018677,66432,66442,10
13.0087995529,80.2591171265,66442,66452,10
13.0091495514,80.2591171265,66452,66462,10
13.0097999573,80.2591400146,66462,66472,10
13.0106496811,80.259147644,66472,66482,10
13.0114898682,80.2591629028,66482,66492,10
13.0124197006,80.2591781616,66492,66502,10
13.0135097504,80.2592163086,66502,66512,10
13.0145902634,80.259262085,66512,66523,11
13.0156402588,80.2593688965,66523,66533,10
13.0163497925,80.2596893311,66533,66563,30
13.0163497925,80.2596893311,66563,66573,10
13.0164203644,80.259803772,66573,66583,10
13.0166797638,80.2600097656,66583,66593,10
13.0171499252,80.2602996826,66593,66603,10
13.0177297592,80.2606811523,66603,66613,10
13.0183696747,80.2611236572,66613,66623,10
13.0189199448,80.2615585327,66623,66634,11
13.0193796158,80.261932373,66634,66644,10
13.019780159,80.2623519897,66644,66654,10
13.0202999115,80.2628173828,66654,66664,10
13.0202198029,80.2630767822,66664,66674,10
13.0197296143,80.2630615234,66674,66684,10
13.0192203522,80.2630233765,66684,66694,10
13.0190401077,80.2632827759,66694,66704,10
13.0191297531,80.2638092041,66704,66714,10
13.0191402435,80.2643280029,66714,66724,10
13.018989563,80.2649002075,66724,66734,10
13.0188503265,80.2653884888,66734,66745,11
13.0187196732,80.2658996582,66745,66755,10
13.0187101364,80.2666015625,66755,66765,10
13.0188798904,80.2673110962,66765,66775,10
13.0193901062,80.2680282593,66775,66785,10
13.0199298859,80.268699646,66785,66795,10
13.0205202103,80.2694091797,66795,66805,10
13.0208101273,80.2697677612,66805,66815,10
13.0212202072,80.2702484131,66815,66825,10
13.0214700699,80.2705383301,66825,66835,10
13.0214796066,80.2705535889,66835,66846,11
13.0215597153,80.2706604004,66846,66856,10
13.0218496323,80.2710266113,66856,66866,10
13.0221996307,80.2714691162,66866,66876,10
13.0226297379,80.2720336914,66876,66886,10
13.0230998993,80.2726593018,66886,66896,10
13.023639679,80.273399353,66896,66936,40
13.023639679,80.273399353,66936,66946,10
13.023730278,80.2734909058,66946,66957,11
13.024020195,80.2738800049,66957,66967,10
13.0242795944,80.2742233276,66967,66977,10
13.0246801376,80.2746200562,66977,66987,10
13.0253295898,80.2749404907,66987,67023,36
13.0253295898,80.2749404907,67023,67035,12
13.0255298615,80.275062561,67035,67045,10
13.025759697,80.2751693726,67045,67055,10
13.0261497498,80.275352478,67055,67065,10
13.02643013,80.2754898071,67065,67076,11
13.026889801,80.2757034302,67076,67085,9
13.0274095535,80.2759628296,67085,67096,11
13.027970314,80.2762069702,67096,67108,12
13.0285797119,80.2764816284,67108,67118,10
13.0291099548,80.2766494751,67118,67127,9
13.0295495987,80.2767410278,67127,67137,10
13.0299396515,80.2768325806,67137,67147,10
13.0303401947,80.2769775391,67147,67158,11
13.0307502747,80.2772216797,67158,67168,10
13.0310401917,80.2773666382,67168,67179,11
13.0314598083,80.2776184082,67179,67189,10
13.031999588,80.277633667,67189,67199,10
13.0326795578,80.277557373,67199,67219,20
13.0328702927,80.277557373,67219,67239,20
13.0328702927,80.277557373,67239,67249,10
13.0331401825,80.2775192261,67249,67259,10
13.0333995819,80.2774429321,67259,67269,10
13.0335597992,80.2773971558,67269,67280,11
13.0337600708,80.2774581909,67280,67289,9
13.0341300964,80.2775497437,67289,67300,11
13.0347499847,80.2776794434,67300,67310,10
13.0353603363,80.2777786255,67310,67320,10
13.0359897614,80.2779083252,67320,67330,10
13.0367603302,80.2781600952,67330,67340,10
13.0373401642,80.2783737183,67340,67350,10
13.0377397537,80.2784729004,67350,67360,10
13.0383996964,80.2786331177,67360,67370,10
13.0389003754,80.278793335,67370,67391,21
13.0389003754,80.278793335,67391,67401,10
13.0390100479,80.2788391113,67401,67411,10
13.0393295288,80.2789382935,67411,67421,10
13.0398902893,80.2790985107,67421,67431,10
13.0406599045,80.2792892456,67431,67441,10
13.041560173,80.2794570923,67441,67451,10
13.042429924,80.2795791626,67451,67461,10
13.0430603027,80.2796478271,67461,67532,71
13.0430603027,80.2796478271,67532,67542,10
13.0431804657,80.2796478271,67542,67552,10
13.0435800552,80.2797470093,67552,67562,10
13.0441703796,80.2799224854,67562,67572,10
13.0448503494,80.2800292969,67572,67582,10
13.0457496643,80.2801437378,67582,67603,21
13.0457496643,80.2801437378,67603,67613,10
13.0459499359,80.2801818848,67613,67623,10
13.046380043,80.2802429199,67623,67633,10
13.0468702316,80.2803192139,67633,67642,9
13.0473604202,80.2804031372,67642,67653,11
13.0481796265,80.2805023193,67653,67663,10
13.0489397049,80.2806015015,67663,67673,10
13.0496501923,80.2806777954,67673,67683,10
13.0502796173,80.2807998657,67683,67693,10
13.0508003235,80.2808837891,67693,67703,10
13.0513296127,80.280960083,67703,67714,11
13.0520496368,80.2810821533,67714,67724,10
13.0527601242,80.2811813354,67724,67734,10
13.0535202026,80.2813034058,67734,67744,10
13.0542402267,80.2814178467,67744,67754,10
13.0549602509,80.281578064,67754,67764,10
13.0556602478,80.2817230225,67764,67774,10
13.0563802719,80.2818527222,67774,67794,20
13.0563802719,80.2818527222,67794,67803,9
13.0565795898,80.2818908691,67803,67814,11
13.0567302704,80.2819213867,67814,67825,11
13.0569295883,80.2819595337,67825,67835,10
13.057220459,80.2820281982,67835,67845,10
13.0577001572,80.2821121216,67845,67855,10
13.0583896637,80.2822570801,67855,67865,10
13.0592098236,80.2824325562,67865,67874,9
13.0597896576,80.2825393677,67874,67885,11
13.0600204468,80.2825775146,67885,67895,10
13.0604000092,80.282661438,67895,67905,10
13.0608596802,80.2827682495,67905,67915,10
13.0611400604,80.2828521729,67915,67925,10
13.0616102219,80.2829589844,67925,67936,11
13.0625295639,80.2831268311,67936,67956,20
13.0625295639,80.2831268311,67956,67966,10
13.0630302429,80.2832336426,67966,67985,19
13.0630302429,80.2832336426,67985,67996,11
13.063369751,80.2833023071,67996,68006,10
13.0640201569,80.2834625244,68006,68016,10
13.0648202896,80.2836380005,68016,68026,10
13.065779686,80.2838516235,68026,68037,11
13.0667600632,80.2840576172,68037,68047,10
13.0675201416,80.2842330933,68047,68057,10
13.0680799484,80.2842788696,68057,68067,10
13.0686101913,80.2844085693,68067,68077,10
13.0692996979,80.2845611572,68077,68087,10
13.0701198578,80.2847824097,68087,68097,10
13.0710697174,80.2850189209,68097,68107,10
13.0718898773,80.2852325439,68107,68117,10
13.0726604462,80.2853317261,68117,68127,10
13.0732603073,80.2852478027,68127,68137,10
13.0733604431,80.2852401733,68137,68148,11
13.0736703873,80.2853317261,68148,68158,10
13.0738096237,80.2854385376,68158,68168,10
13.0739297867,80.2855682373,68168,68178,10
13.0741596222,80.2858963013,68178,68188,10
13.0744600296,80.2862014771,68188,68198,10
13.0749197006,80.2864990234,68198,68208,10
13.0755195618,80.2868728638,68208,68218,10
13.0762395859,80.2871322632,68218,68228,10
13.0770998001,80.2873535156,68228,68238,10
13.0780200958,80.2875823975,68238,68248,10
13.078669548,80.2877731323,68248,68259,11
13.0792303085,80.2880096436,68259,68269,10
13.0797700882,80.2881393433,68269,68279,10
13.0798101425,80.2881469727,68279,68289,10
13.0798397064,80.2881622314,68289,68299,10
13.0802202225,80.2882080078,68299,68309,10
13.0808200836,80.2883300781,68309,68329,20
13.0808200836,80.2883300781,68329,68339,10
13.0811195374,80.2884674072,68339,68349,10
13.0816698074,80.2886810303,68349,68359,10
13.0822896957,80.2889022827,68359,68370,11
13.0830602646,80.2892379761,68370,68380,10
13.0838403702,80.2892303467,68380,68390,10
13.0847597122,80.2892303467,68390,68400,10
13.0854997635,80.2893600464,68400,68410,10
13.0865697861,80.2895736694,68410,68420,10
13.0873098373,80.2897796631,68420,68430,10
13.0878696442,80.2900238037,68430,68440,10
13.088350296,80.2901916504,68440,68450,10
13.0887699127,80.2902374268,68450,68501,51
13.0887699127,80.2902374268,68501,68511,10
13.0888004303,80.2904205322,68511,68521,10
13.0884799957,80.290397644,68521,68531,10
13.0880699158,80.2901992798,68531,68541,10
13.0874795914,80.2899703979,68541,68551,10
13.0869102478,80.2897872925,68551,68561,10
13.0864400864,80.2896575928,68561,68571,10
13.085940361,80.2895507813,68571,68582,11
13.0855998993,80.2892379761,68582,68592,10
13.085269928,80.2886810303,68592,68602,10
13.085100174,80.2880172729,68602,68612,10
13.0851097107,80.2872161865,68612,68622,10
13.0852003098,80.2862930298,68622,68632,10
13.0853099823,80.2853088379,68632,68642,10
13.0852603912,80.2844390869,68642,68693,51
13.0852603912,80.2844390869,68693,68703,10
13.0853595734,80.283821106,68703,68723,20
13.0853595734,80.283821106,68723,68733,10
13.0855302811,80.2835922241,68733,68743,10
13.0857696533,80.2836227417,68743,68753,10
13.0860996246,80.2836380005,68753,68763,10
13.0863399506,80.2837371826,68763,68773,10
13.0865802765,80.2839202881,68773,68783,10
13.0868396759,80.2840270996,68783,68794,11
13.0871400833,80.2840118408,68794,68804,10
13.0874204636,80.2840194702,68804,68814,10
13.0877599716,80.2840270996,68814,69055,241
13.0877599716,80.2840270996,69055,69065,10
13.0872497559,80.2836990356,69065,69075,10
13.0877304077,80.2835998535,69075,69085,10
13.0878000259,80.2836227417,69085,69095,10
13.0879001617,80.283782959,69095,69136,41
13.0879001617,80.283782959,69136,69146,10
13.0879001617,80.2838363647,69146,69277,131
13.0879001617,80.2838363647,69277,69287,10
13.0881500244,80.2838897705,69287,69953,666
13.0881500244,80.2838897705,69953,69963,10
13.0883102417,80.2834014893,69963,69973,10
13.0882797241,80.282951355,69973,69984,11
13.088259697,80.2825317383,69984,69994,10
13.0881996155,80.2822418213,69994,70004,10
13.0881004333,80.281829834,70004,70014,10
13.0880804062,80.2815170288,70014,70024,10
13.0883398056,80.2815628052,70024,70034,10
13.0885095596,80.281829834,70034,70064,30
13.0885095596,80.281829834,70064,70074,10
13.0884504318,80.2821731567,70074,70084,10
13.0884103775,80.2823410034,70084,70095,11
13.0883598328,80.2826004028,70095,70105,10
13.0883197784,80.2830200195,70105,70115,10
13.0882997513,80.2835464478,70115,70125,10
13.0883197784,80.2838973999,70125,70135,10
13.0883197784,80.2842025757,70135,70145,10
13.0883598328,80.2847213745,70145,70165,20
13.0883598328,80.2847213745,70165,70175,10
13.0883598328,80.2849807739,70175,70185,10
13.0883903503,80.2852172852,70185,70196,11
13.0884199142,80.28565979,70196,70206,10
13.0884199142,80.2860565186,70206,70216,10
13.0884504318,80.2864227295,70216,70226,10
13.088470459,80.2867202759,70226,70236,10
13.0885000229,80.2872695923,70236,70246,10
13.08852005,80.2875595093,70246,70256,10
13.088549614,80.2879333496,70256,70266,10
13.0886096954,80.2884597778,70266,70276,10
13.0886201859,80.2886734009,70276,70286,10
13.0886697769,80.2890625,70286,70296,10
13.0886898041,80.2892990112,70296,70307,11
13.0886898041,80.2895812988,70307,70377,70
13.0886898041,80.2895812988,70377,70387,10
13.0887403488,80.2899932861,70387,70468,81
13.0887403488,80.2899932861,70468,70478,10
13.0886802673,80.2902526855,70478,70488,10
13.0886497498,80.2904586792,70488,70498,10
13.0884199142,80.2904434204,70498,70508,10
13.0880699158,80.290222168,70508,70518,10
13.0875101089,80.2899475098,70518,70529,11
13.0869102478,80.2897109985,70529,70539,10
13.0861701965,80.2894821167,70539,70549,10
13.0853996277,80.2892990112,70549,70559,10
13.0846300125,80.2892227173,70559,70569,10
13.0837697983,80.2892913818,70569,70579,10
13.0829296112,80.2892913818,70579,70589,10
13.0822696686,80.2889785767,70589,70599,10
13.0816898346,80.2887878418,70599,70609,10
13.0811004639,80.2885818481,70609,70619,10
13.0808401108,80.2885131836,70619,70630,11
13.0802898407,80.2883605957,70630,70640,10
13.0799102783,80.2882766724,70640,70650,10
13.0795001984,80.2881774902,70650,70660,10
13.0788402557,80.287940979,70660,70670,10
13.0780000687,80.2876663208,70670,70680,10
13.07695961,80.2873764038,70680,70690,10
13.0758495331,80.2870864868,70690,70700,10
13.0751800537,80.286819458,70700,70710,10
13.0745201111,80.2863998413,70710,70720,10
13.0737895966,80.2861709595,70720,70730,10
13.0731201172,80.2859725952,70730,70741,11
13.0723304749,80.2855072021,70741,70751,10
13.0713596344,80.2852401733,70751,70761,10
13.0703201294,80.2849807739,70761,70771,10
13.0692596436,80.2847290039,70771,70781,10
13.0682401657,80.2844924927,70781,70791,10
13.06731987,80.2843399048,70791,70801,10
13.0662403107,80.2841033936,70801,70811,10
13.0652303696,80.2838668823,70811,70821,10
13.064330101,80.2836837769,70821,70831,10
13.0635700226,80.2834777832,70831,70841,10
13.0624103546,80.2831878662,70841,70862,21
13.0624103546,80.2831878662,70862,70872,10
13.06208992,80.2830963135,70872,70882,10
13.0615301132,80.2829666138,70882,70892,10
13.0608797073,80.2828369141,70892,70902,10
13.0601596832,80.282699585,70902,70912,10
13.0593004227,80.2825317383,70912,70922,10
13.0585298538,80.2823562622,70922,70932,10
13.0578699112,80.2822418213,70932,70942,10
13.0573797226,80.2821426392,70942,70953,11
13.0567903519,80.2820205688,70953,70963,10
13.0566797256,80.2819976807,70963,70973,10
13.0565099716,80.2819595337,70973,70983,10
13.0560102463,80.2818527222,70983,70993,10
13.0553598404,80.2817306519,70993,71003,10
13.054599762,80.2815704346,71003,71013,10
13.0537004471,80.2814025879,71013,71023,10
13.0527601242,80.2812576294,71023,71033,10
13.0518398285,80.2811203003,71033,71043,10
13.0512399673,80.2810287476,71043,71053,10
13.0510702133,80.28099823,71053,71064,11
13.0508804321,80.2809829712,71064,71074,10
13.0503902435,80.2809066772,71074,71084,10
13.0497303009,80.2808227539,71084,71094,10
13.0489501953,80.2807006836,71094,71104,10
13.048119545,80.2805786133,71104,71114,10
13.0471601486,80.2804412842,71114,71124,10
13.0463895798,80.2803421021,71124,71134,10
13.0457000732,80.2802429199,71134,71144,10
13.0456495285,80.2802276611,71144,71154,10
13.0455102921,80.2802124023,71154,71165,11
13.0450201035,80.2801437378,71165,71175,10
13.0444402695,80.2800674438,71175,71185,10
13.0438404083,80.2799835205,71185,71195,10
13.0432701111,80.2798919678,71195,71205,10
13.0426301956,80.2797012329,71205,71215,10
13.0417995453,80.2795562744,71215,71225,10
13.0409498215,80.2794036865,71225,71235,10
13.0400800705,80.2791976929,71235,71245,10
13.0395298004,80.2790374756,71245,71255,10
13.039270401,80.2789306641,71255,71265,10
13.0389995575,80.2789001465,71265,71286,21
13.0389995575,80.2789001465,71286,71296,10
13.0386896133,80.2788009644,71296,71306,10
13.0381803513,80.2786331177,71306,71316,10
13.0375404358,80.2784500122,71316,71326,10
13.0370397568,80.2782897949,71326,71336,10
13.0367097855,80.2781600952,71336,71346,10
13.0362596512,80.2779769897,71346,71356,10
13.0355997086,80.2778320313,71356,71366,10
13.034910202,80.2777023315,71366,71376,10
13.0341796875,80.2775726318,71376,71386,10
13.0335197449,80.2774200439,71386,71407,21
13.0335197449,80.2774200439,71407,71417,10
13.0332803726,80.2774429321,71417,71427,10
13.0328397751,80.2775115967,71427,71437,10
13.0323801041,80.2775421143,71437,71447,10
13.0319099426,80.2776031494,71447,71457,10
13.0313196182,80.2775878906,71457,71467,10
13.0308504105,80.2773284912,71467,71487,20
13.0308504105,80.2773284912,71487,71498,11
13.0304498672,80.2771072388,71498,71508,10
13.0299396515,80.2768936157,71508,71518,10
13.029419899,80.2767028809,71518,71528,10
13.0288801193,80.2765274048,71528,71538,10
13.0285301208,80.2763977051,71538,71548,10
13.0280799866,80.276222229,71548,71557,9
13.0275497437,80.276008606,71557,71569,12
13.0267696381,80.275680542,71569,71579,10
13.0259599686,80.2753219604,71579,71600,21
13.0259599686,80.2753219604,71600,71609,9
13.0257701874,80.2752380371,71609,71620,11
13.0253000259,80.2750396729,71620,71630,10
13.024720192,80.274772644,71630,71640,10
13.024140358,80.2742919922,71640,71690,50
13.024140358,80.2742919922,71690,71700,10
13.0239801407,80.2740783691,71700,71711,11
13.0236997604,80.2736816406,71711,71721,10
13.0233201981,80.273147583,71721,71731,10
13.0228595734,80.2725067139,71731,71741,10
13.0222997665,80.2717819214,71741,71751,10
13.0217599869,80.2710800171,71751,71761,10
13.0212602615,80.2704620361,71761,71771,10
13.0208997726,80.2700500488,71771,71781,10
13.0207395554,80.2698669434,71781,71801,20
13.0207395554,80.2698669434,71801,71811,10
13.0206098557,80.2697372437,71811,71822,11
13.0203504562,80.2693710327,71822,71832,10
13.0199203491,80.2688369751,71832,71842,10
13.0194301605,80.2682037354,71842,71852,10
13.0188798904,80.267539978,71852,71862,10
13.0186195374,80.2668380737,71862,71872,10
13.0185604095,80.2661514282,71872,71882,10
13.0186195374,80.2657318115,71882,71892,10
13.0187902451,80.265083313,71892,71902,10
13.018989563,80.2643203735,71902,71911,9
13.0189399719,80.263671875,71911,71921,10
13.018910408,80.2634429932,71921,71933,12
13.0188398361,80.2629470825,71933,71943,10
13.0187902451,80.2622833252,71943,71953,10
13.0186700821,80.2615585327,71953,71963,10
13.0183401108,80.2611999512,71963,71973,10
13.0178098679,80.2608337402,71973,71983,10
13.0171203613,80.2603683472,71983,71993,10
13.0163497925,80.2599105835,71993,72003,10
13.0161399841,80.2598190308,72003,72013,10
13.0160398483,80.2597732544,72013,72023,10
13.0157003403,80.2595977783,72023,72034,11
13.0150604248,80.2594223022,72034,72044,10
13.0143499374,80.2593688965,72044,72054,10
13.0135402679,80.2593383789,72054,72064,10
13.0125999451,80.2593231201,72064,72074,10
13.011639595,80.2592697144,72074,72084,10
13.0106801987,80.2592697144,72084,72094,10
13.0096902847,80.2592697144,72094,72104,10
13.0089197159,80.2592163086,72104,72114,10
13.0085697174,80.2592391968,72114,72124,10
13.0080900192,80.2592391968,72124,72134,10
13.0075101852,80.2594223022,72134,72145,11
13.0071601868,80.2589035034,72145,72155,10
13.0071001053,80.2587509155,72155,72165,10
13.0069704056,80.2584609985,72165,72175,10
13.0066900253,80.2579727173,72175,72185,10
13.0063295364,80.2576599121,72185,72195,10
13.0058298111,80.2574996948,72195,72205,10
13.0052995682,80.2573394775,72205,72215,10
13.0047502518,80.2571868896,72215,72225,10
13.0041599274,80.2570877075,72225,72235,10
13.0037097931,80.257019043,72235,72245,10
13.003490448,80.256980896,72245,72256,11
13.0032596588,80.2569274902,72256,72266,10
13.0030603409,80.2568664551,72266,72276,10
13.0025196075,80.2567825317,72276,72326,50
13.0025196075,80.2567825317,72326,72336,10
13.0023002625,80.2567367554,72336,72346,10
13.0019302368,80.256690979,72346,72357,11
13.0014400482,80.2566299438,72357,72367,10
13.0007400513,80.2565383911,72367,72377,10
13.0000200272,80.256401062,72377,72387,10
12.9995298386,80.2563323975,72387,72417,30
12.9995298386,80.2563323975,72417,72427,10
12.9993801117,80.2563018799,72427,72437,10
12.9989595413,80.2562179565,72437,72447,10
12.9987897873,80.2561798096,72447,72457,10
12.9985599518,80.2561264038,72457,72467,10
12.9984798431,80.256111145,72467,72484,17
12.998339653,80.2561035156,72484,72496,12
12.998000145,80.2560424805,72496,72504,8
12.997590065,80.2559814453,72504,72514,10
12.9968996048,80.2559280396,72514,72526,12
12.9963703156,80.2559280396,72526,72536,10
12.9957504272,80.2559204102,72536,72546,10
12.9953899384,80.2559204102,72546,72556,10
12.9948596954,80.2559204102,72556,72566,10
12.9944200516,80.2559509277,72566,72577,11
12.9938497543,80.2559814453,72577,72587,10
12.9931497574,80.2560577393,72587,72596,9
12.9924497604,80.2560882568,72596,72607,11
12.9916000366,80.256111145,72607,72616,9
12.9912004471,80.2560806274,72616,72627,11
12.9906196594,80.256072998,72627,72637,10
12.9901199341,80.2560272217,72637,72647,10
12.9895000458,80.2560119629,72647,72657,10
12.9888496399,80.2559814453,72657,72667,10
12.9881696701,80.2559204102,72667,72829,162
12.9881696701,80.2559204102,72829,72839,10
12.9877099991,80.255821228,72839,72849,10
12.9873800278,80.2557830811,72849,72859,10
12.9869699478,80.2557220459,72859,72869,10
12.9864902496,80.2556304932,72869,72889,20
12.9864902496,80.2556304932,72889,72900,11
12.9863100052,80.2555770874,72900,72910,10
12.9860401154,80.2555389404,72910,72930,20
12.9860401154,80.2555389404,72930,72940,10
12.9857597351,80.2554931641,72940,72950,10
12.9853897095,80.2554092407,72950,72960,10
12.984869957,80.2552566528,72960,72970,10
12.9845199585,80.2551574707,72970,72980,10
12.9842596054,80.2550964355,72980,72990,10
12.9838399887,80.254989624,72990,73000,10
12.9835596085,80.2549209595,73000,73011,11
12.9833097458,80.2548599243,73011,73021,10
12.9828596115,80.254699707,73021,73031,10
12.9822797775,80.2544784546,73031,73041,10
12.9819297791,80.2540206909,73041,73051,10
12.9817399979,80.2533493042,73051,73061,10
12.9814300537,80.2528610229,73061,73071,10
12.9807195663,80.252822876,73071,73081,10
12.9800395966,80.2527923584,73081,73091,10
12.9792604446,80.2527084351,73091,73101,10
12.9785900116,80.2526321411,73101,73111,10
12.9785499573,80.2526168823,73111,73122,11
12.9783802032,80.252532959,73122,73132,10
12.977930069,80.2521820068,73132,73142,10
12.9772596359,80.2516326904,73142,73152,10
12.9762802124,80.2512207031,73152,73162,10
12.975110054,80.250869751,73162,73172,10
12.973950386,80.250541687,73172,73182,10
12.9728899002,80.2502365112,73182,73192,10
12.9717502594,80.2499313354,73192,73202,10
12.9705600739,80.2496032715,73202,73212,10
12.9693403244,80.2491531372,73212,73223,11
12.9680099487,80.248588562,73223,73232,9
12.9670600891,80.2481994629,73232,73243,11
12.9663000107,80.2478637695,73243,73253,10
12.9651699066,80.2474212646,73253,73283,30
12.9651699066,80.2474212646,73283,73293,10
12.9647798538,80.2472610474,73293,73303,10
12.9642095566,80.2470626831,73303,73313,10
12.9635095596,80.2468109131,73313,73344,31
12.9635095596,80.2468109131,73344,73354,10
12.9633998871,80.2468185425,73354,73364,10
12.9630403519,80.24659729,73364,73374,10
12.9623498917,80.2462310791,73374,73384,10
12.9614601135,80.2457962036,73384,73394,10
12.9604196548,80.2453231812,73394,73404,10
12.9596204758,80.244972229,73404,73414,10
12.9592695236,80.2448425293,73414,73424,10
12.9591999054,80.2447967529,73424,73435,11
12.9587402344,80.2445678711,73435,73445,10
12.9580602646,80.2442932129,73445,73455,10
12.9574604034,80.2440719604,73455,73465,10
12.9570398331,80.2439193726,73465,73475,10
12.9566698074,80.2438278198,73475,73495,20
12.9565601349,80.2437973022,73495,73556,61
12.9565601349,80.2437973022,73556,73566,10
12.9562196732,80.2436981201,73566,73576,10
12.9558401108,80.2434997559,73576,73586,10
12.9552402496,80.2431488037,73586,73596,10
12.9544801712,80.2428131104,73596,73606,10
12.9537096024,80.2424926758,73606,73616,10
12.9528398514,80.2421112061,73616,73626,10
12.9516401291,80.2416915894,73626,73646,20
12.9516401291,80.2416915894,73646,73657,11
12.9513397217,80.2415618896,73657,73667,10
12.9506597519,80.2413482666,73667,73677,10
12.9499101639,80.2411193848,73677,73687,10
12.9490699768,80.2408599854,73687,73697,10
12.9482603073,80.2405166626,73697,73707,10
12.9471101761,80.2400665283,73707,73727,20
12.9471101761,80.2400665283,73727,73737,10
12.9468097687,80.2399520874,73737,73747,10
12.9462404251,80.2397079468,73747,73757,10
12.945520401,80.2393798828,73757,73768,11
12.9447097778,80.2387237549,73768,73778,10
12.943980217,80.2378997803,73778,73788,10
12.9432601929,80.2371368408,73788,73800,12
12.9420795441,80.2364501953,73800,73810,10
12.9411201477,80.2361907959,73810,73820,10
12.9402399063,80.2359771729,73820,73830,10
12.939740181,80.2358322144,73830,73840,10
12.9397001266,80.2358093262,73840,73850,10
12.9395999908,80.2357711792,73850,73860,10
12.9391403198,80.2355575562,73860,73871,11
12.9383802414,80.2351608276,73871,73881,10
12.9375600815,80.2347488403,73881,73891,10
12.9366703033,80.234336853,73891,73901,10
12.9359798431,80.2340087891,73901,73911,10
12.9356203079,80.2340011597,73911,73921,10
12.9355802536,80.2341308594,73921,73931,10
12.935500145,80.2343826294,73931,73941,10
12.9352798462,80.234916687,73941,73951,10
12.9351100922,80.2353668213,73951,73961,10
12.9349498749,80.2354202271,73961,73971,10
12.9345798492,80.2352676392,73971,73982,11
12.934009552,80.2350387573,73982,73992,10
12.9337797165,80.2351074219,73992,74002,10
12.9336595535,80.2355575562,74002,74012,10
12.9335699081,80.2360229492,74012,74032,20
12.9335699081,80.2360229492,74032,74042,10
12.9335203171,80.2361679077,74042,74052,10
12.9333200455,80.2361831665,74052,74062,10
12.9331703186,80.2361602783,74062,74072,10
12.9330101013,80.2361373901,74072,74082,10
12.9329204559,80.2361831665,74082,74093,11
12.9329004288,80.2363433838,74093,74103,10
12.9327898026,80.2368621826,74103,74113,10
12.9326496124,80.2372436523,74113,74123,10
12.9325199127,80.2375564575,74123,74133,10
12.9322900772,80.2381591797,74133,74143,10
12.9321403503,80.2385101318,74143,74153,10
12.9319000244,80.2387390137,74153,74163,10
12.9313402176,80.2385864258,74163,74173,10
12.9310503006,80.2385177612,74173,74214,41
12.9310503006,80.2385177612,74214,74224,10
12.9308996201,80.2384567261,74224,74234,10
12.9304103851,80.23828125,74234,74244,10
12.9297895432,80.2380371094,74244,74254,10
12.9294996262,80.2381286621,74254,74264,10
12.9294300079,80.2384262085,74264,74274,10
12.9293003082,80.238861084,74274,74284,10
12.9291296005,80.2390365601,74284,74294,10
12.9282302856,80.2388381958,74294,74325,31
12.9282302856,80.2388381958,74325,74335,10
12.9281396866,80.238822937,74335,74345,10
12.9277801514,80.2387237549,74345,74355,10
12.9272203445,80.2385787964,74355,74365,10
12.9266796112,80.2384414673,74365,74375,10
12.9258203506,80.2382202148,74375,74395,20
12.9258203506,80.2382202148,74395,74405,10
12.9255399704,80.2381591797,74405,74416,11
12.9253501892,80.23828125,74416,74426,10
12.9254903793,80.2383880615,74426,74605,179
12.9254903793,80.2383880615,74605,74615,10
12.9256801605,80.238319397,74615,74626,11
12.9260597229,80.2382965088,74626,74636,10
12.9264297485,80.2384185791,74636,74646,10
12.9270000458,80.2385406494,74646,74656,10
12.9274501801,80.2386703491,74656,74666,10
12.9282398224,80.2388381958,74666,74686,20
12.9282398224,80.2388381958,74686,74696,10
12.928730011,80.2389526367,74696,74706,10
12.9291696548,80.2390823364,74706,74716,10
12.9293003082,80.2388763428,74716,74726,10
12.9294700623,80.2383422852,74726,74737,11
12.9296102524,80.2380065918,74737,74747,10
12.9299602509,80.2381134033,74747,74757,10
12.9305696487,80.2383499146,74757,74767,10
12.9311199188,80.2385406494,74767,74787,20
12.9311199188,80.2385406494,74787,74797,10
12.9312095642,80.2385787964,74797,74807,10
12.9315500259,80.2386932373,74807,74817,10
12.9320802689,80.2387619019,74817,74827,10
12.932220459,80.2384796143,74827,74837,10
12.9323301315,80.2380981445,74837,74848,11
12.9325799942,80.2375183105,74848,74858,10
12.9326896667,80.2372283936,74858,74868,10
12.932849884,80.2368011475,74868,74878,10
12.9329395294,80.2362518311,74878,74888,10
12.9332199097,80.2361831665,74888,74898,10
12.9334497452,80.2362594604,74898,74908,10
12.9335298538,80.2361602783,74908,74918,10
12.9336395264,80.2357406616,74918,74928,10
12.9337997437,80.2351608276,74928,74938,10
12.9340400696,80.2350692749,74938,74948,10
12.9344100952,80.2352523804,74948,74959,11
12.934920311,80.235458374,74959,74969,10
12.935090065,80.2354431152,74969,74979,10
12.9351596832,80.2352371216,74979,74995,16
12.9353504181,80.2348403931,74995,75007,12
12.9357204437,80.2338790894,75007,75066,59
12.9357204437,80.2338790894,75066,75077,11
12.9359302521,80.233757019,75077,75088,11
12.9364404678,80.2340316772,75088,75098,10
12.9372901917,80.2344589233,75098,75108,10
12.9382896423,80.234992981,75108,75118,10
12.9395799637,80.2356262207,75118,75138,20
12.9395799637,80.2356262207,75138,75148,10
12.9399003983,80.2357788086,75148,75157,9
12.9405899048,80.236000061,75157,75169,12
12.9417295456,80.2362823486,75169,75179,10
12.94272995,80.236618042,75179,75189,10
12.9435997009,80.2373199463,75189,75199,10
12.9443998337,80.2382278442,75199,75209,10
12.9451599121,80.2390365601,75209,75219,10
12.9458703995,80.2394866943,75219,75229,10
12.9467201233,80.2398300171,75229,75239,10
12.9471998215,80.2400131226,75239,75249,10
12.9472999573,80.2400512695,75249,75259,10
12.9477596283,80.2402420044,75259,75269,10
12.9483499527,80.2404937744,75269,75280,11
12.9490604401,80.2407684326,75280,75290,10
12.9498596191,80.2410507202,75290,75300,10
12.9507598877,80.2413024902,75300,75310,10
12.9510202408,80.2413711548,75310,75320,10
12.9511804581,80.2414474487,75320,75330,10
12.951669693,80.2416381836,75330,75340,10
12.9523696899,80.2419128418,75340,75350,10
12.9533004761,80.2422790527,75350,75360,10
12.9539804459,80.2425384521,75360,75370,10
12.9546804428,80.2428131104,75370,75380,10
12.955280304,80.2430267334,75380,75391,11
12.9561796188,80.2434387207,75391,75481,90
12.9561796188,80.2434387207,75481,75492,11
12.9569597244,80.2436828613,75492,75502,10
12.9577302933,80.2439880371,75502,75512,10
12.9584503174,80.2442932129,75512,75522,10
12.9587402344,80.244430542,75522,75532,10
12.9589004517,80.2445220947,75532,75542,10
12.9594497681,80.2447814941,75542,75552,10
12.9602899551,80.2451629639,75552,75562,10
12.9612503052,80.2456207275,75562,75572,10
12.9622497559,80.24609375,75572,75582,10
12.9630804062,80.2464981079,75582,75592,10
12.963549614,80.2467498779,75592,75603,11
12.9639701843,80.2469177246,75603,75613,10
12.964679718,80.2471923828,75613,75623,10
12.9654903412,80.2474365234,75623,75633,10
12.9659404755,80.2475967407,75633,75643,10
12.9662303925,80.2477264404,75643,75653,10
12.9662599564,80.2477264404,75653,75663,10
12.9664697647,80.2478179932,75663,75673,10
12.9668102264,80.2479934692,75673,75683,10
12.9673299789,80.2482528687,75683,75693,10
12.9681596756,80.2486190796,75693,75703,10
12.9692401886,80.2490615845,75703,75714,11
12.9704399109,80.2495422363,75714,75724,10
12.9715995789,80.2498931885,75724,75734,10
12.9727802277,80.250213623,75734,75744,10
12.9738502502,80.2504806519,75744,75754,10
12.9749898911,80.2508087158,75754,75764,10
12.9761896133,80.2511367798,75764,75774,10
12.9772701263,80.2514801025,75774,75784,10
12.9780502319,80.2520370483,75784,75800,16
12.9787797928,80.2525100708,75800,75812,12
12.9792499542,80.2526168823,75812,75823,11
12.9799499512,80.2526931763,75823,75833,10
12.9805202484,80.2526779175,75833,75843,10
12.9812803268,80.2526473999,75843,75853,10
12.9822502136,80.2526092529,75853,75861,8
12.9831199646,80.2525482178,75861,75874,13
12.9842996597,80.2522888184,75874,75884,10
12.9851102829,80.2520599365,75884,75894,10
12.9856996536,80.2518768311,75894,75914,20
12.9856996536,80.2518768311,75914,75925,11
12.985830307,80.2518463135,75925,75935,10
12.9861497879,80.2517623901,75935,75990,55
12.9861497879,80.2517623901,75990,75999,9
12.986289978,80.251739502,75999,76010,11
12.9864797592,80.2517089844,76010,76020,10
12.9869203568,80.2516021729,76020,76030,10
12.9874401093,80.2514190674,76030,76041,11
12.9878396988,80.251411438,76041,76051,10
12.9879703522,80.2517166138,76051,76061,10
12.9879798889,80.2518615723,76061,76071,10
12.9880199432,80.252166748,76071,76080,9
12.9879903793,80.2527008057,76080,76091,11
12.9879102707,80.2534484863,76091,76101,10
12.9878196716,80.2546920776,76101,76142,41
12.9878196716,80.2546920776,76142,76152,10
12.987739563,80.2550582886,76152,76162,10
12.9877195358,80.2554168701,76162,76172,10
12.9877195358,80.2557678223,76172,76182,10
12.9879102707,80.2558364868,76182,76192,10
12.9886398315,80.255897522,76192,76222,30
12.9886398315,80.255897522,76222,76239,17
12.9893598557,80.2559585571,76239,76252,13
12.9902696609,80.2559432983,76252,76262,10
12.99077034,80.2559661865,76262,76272,10
12.991350174,80.2559967041,76272,76282,10
12.9921798706,80.2559967041,76282,76291,9
12.9929304123,80.2559890747,76291,76302,11
12.9938697815,80.2559432983,76302,76312,10
12.9943199158,80.2559204102,76312,76321,9
12.9948101044,80.255897522,76321,76332,11
12.9954795837,80.255859375,76332,76342,10
12.9962797165,80.2558670044,76342,76383,41
12.9962797165,80.2558670044,76383,76393,10
12.9965295792,80.2558517456,76393,76403,10
12.9969797134,80.255859375,76403,76413,10
12.9973402023,80.2558822632,76413,76423,10
12.9978704453,80.2559280396,76423,76433,10
12.9983701706,80.2559280396,76433,76443,10
12.9987201691,80.2559967041,76443,76453,10
12.9987602234,80.2560119629,76453,76464,11
12.9989795685,80.2560501099,76464,76474,10
12.9991703033,80.256072998,76474,76514,40
12.9991703033,80.256072998,76514,76524,10
12.9993801117,80.2561187744,76524,76534,10
12.9999303818,80.2562484741,76534,76544,10
13.0006904602,80.2563705444,76544,76554,10
13.0015001297,80.2565231323,76554,76564,10
13.0023603439,80.2566375732,76564,76575,11
13.0032196045,80.2568206787,76575,76585,10
13.0040798187,80.256980896,76585,76595,10
13.004989624,80.2571487427,76595,76605,10
13.005900383,80.2573165894,76605,76615,10
13.0063896179,80.2574081421,76615,76686,71
13.0063896179,80.2574081421,76686,76696,10
13.0067501068,80.2575683594,76696,76706,10
13.0070495605,80.258140564,76706,76716,10
13.0075302124,80.2586288452,76716,76726,10
13.0081996918,80.2589111328,76726,76736,10
13.0084600449,80.2590026855,76736,76746,10
13.0085401535,80.2590179443,76746,76756,10
13.008890152,80.2590866089,76756,76766,10
13.009469986,80.2590789795,76766,76776,10
13.0102901459,80.2590789795,76776,76787,11
13.0114202499,80.2590713501,76787,76797,10
13.0124597549,80.2590789795,76797,76807,10
13.0136003494,80.2591171265,76807,76817,10
13.0147304535,80.259147644,76817,76827,10
13.0156898499,80.2592773438,76827,76837,10
13.0162801743,80.2595367432,76837,76847,10
13.016409874,80.2596511841,76847,76857,10
13.0165195465,80.2597808838,76857,76867,10
13.0169200897,80.2601089478,76867,76877,10
13.0175199509,80.2605209351,76877,76887,10
13.0181598663,80.2609863281,76887,76898,11
13.018819809,80.2614593506,76898,76908,10
13.019370079,80.2619171143,76908,76918,10
13.0198402405,80.2624511719,76918,76928,10
13.0202999115,80.2628936768,76928,76938,10
13.0199699402,80.2630233765,76938,76948,10
13.0193395615,80.2629776001,76948,76958,10
13.018989563,80.2630615234,76958,76968,10
13.0190496445,80.2635879517,76968,76978,10
13.0190696716,80.2643585205,76978,76988,10
13.0188903809,80.2650604248,76988,76998,10
13.0187997818,80.2654266357,76998,77009,11
13.0186796188,80.2661437988,77009,77019,10
13.0187597275,80.2669219971,77019,77029,10
13.0191802979,80.2676773071,77029,77038,9
13.0195903778,80.2682418823,77038,77049,11
13.0201797485,80.2689819336,77049,77059,10
13.0207195282,80.2696762085,77059,77069,10
13.021229744,80.2703094482,77069,77079,10
13.021780014,80.270942688,77079,77089,10
13.0223197937,80.2716064453,77089,77099,10
13.0228996277,80.2723770142,77099,77110,11
13.0235595703,80.2732772827,77110,77120,10
13.0240402222,80.27394104,77120,77130,10
13.0244598389,80.2744903564,77130,77140,10
13.0251102448,80.2748184204,77140,77150,10
13.0253601074,80.2749023438,77150,77160,10
13.0255498886,80.2749862671,77160,77170,10
13.0259895325,80.2752075195,77170,77180,10
13.0265398026,80.2754669189,77180,77190,10
13.0271396637,80.2757415771,77190,77200,10
13.027759552,80.2760162354,77200,77210,10
13.0283098221,80.2762527466,77210,77221,11
13.0284700394,80.2762908936,77221,77231,10
13.0286798477,80.2763671875,77231,77241,10
13.0292196274,80.2765426636,77241,77251,10
13.0297803879,80.2766723633,77251,77261,10
13.0303602219,80.2769012451,77261,77271,10
13.0309000015,80.2772369385,77271,77281,10
13.0313796997,80.2775115967,77281,77291,10
13.0319099426,80.2775192261,77291,77301,10
13.0324296951,80.2774581909,77301,77311,10
13.0326795578,80.2774429321,77311,77321,10
13.0328397751,80.2774276733,77321,77332,11
13.0333795547,80.2773284912,77332,77342,10
13.0339002609,80.2773666382,77342,77358,16
13.0347604752,80.2775802612,77358,77370,12
13.0355195999,80.2777175903,77370,77380,10
13.0361700058,80.2778396606,77380,77390,10
13.0367803574,80.2780303955,77390,77400,10
13.0372200012,80.2782211304,77400,77410,10
13.0380001068,80.278427124,77410,77420,10
13.0387096405,80.2786102295,77420,77430,10
13.0388498306,80.2786636353,77430,77441,11
13.039150238,80.2787780762,77441,77451,10
13.0396795273,80.2789535522,77451,77463,12
13.0406599045,80.2791976929,77463,77473,10
13.0417098999,80.2794036865,77473,77483,10
13.0426301956,80.2795333862,77483,77493,10
13.0430402756,80.2796020508,77493,77533,40
13.0430402756,80.2796020508,77533,77544,11
13.0434598923,80.2796707153,77544,77554,10
13.0440196991,80.2798309326,77554,77564,10
13.0446596146,80.2799377441,77564,77574,10
13.0454797745,80.2800521851,77574,77584,10
13.0456695557,80.2800827026,77584,77594,10
13.0457801819,80.2800827026,77594,77604,10
13.0462303162,80.2801513672,77604,77614,10
13.0469703674,80.2802505493,77614,77624,10
13.0479202271,80.2804031372,77624,77634,10
13.0488901138,80.2805328369,77634,77644,10
13.049659729,80.2806396484,77644,77655,11
13.0506095886,80.2807998657,77655,77665,10
13.0515499115,80.2809371948,77665,77675,10
13.0525903702,80.2810974121,77675,77685,10
13.0536203384,80.2812576294,77685,77695,10
13.0546998978,80.2814483643,77695,77705,10
13.0556898117,80.2816467285,77705,77715,10
13.0564203262,80.2817764282,77715,77725,10
13.0564899445,80.2817993164,77725,77735,10
13.0567398071,80.2818527222,77735,77745,10
13.0572395325,80.2819595337,77745,77755,10
13.057970047,80.282119751,77755,77766,11
13.0589799881,80.2823486328,77766,77776,10
13.0600204468,80.2825622559,77776,77786,10
13.0609397888,80.2827529907,77786,77796,10
13.0617303848,80.2829208374,77796,77806,10
13.0624799728,80.2830810547,77806,77816,10
13.0632801056,80.2832489014,77816,77826,10
13.0641098022,80.2834625244,77826,77836,10
13.064740181,80.2836074829,77836,77846,10
13.0656204224,80.2838134766,77846,77856,10
13.0667495728,80.284072876,77856,77867,11
13.0678701401,80.2842636108,77867,77876,9
13.0687198639,80.2844390869,77876,77887,11
13.0699396133,80.2847366333,77887,77897,10
13.071149826,80.2850418091,77897,77907,10
13.0723199844,80.2853164673,77907,77917,10
13.073390007,80.2853317261,77917,77927,10
13.0740404129,80.2857131958,77927,77937,10
13.0744895935,80.2862014771,77937,77947,10
13.0750999451,80.2865829468,77947,77957,10
13.0756797791,80.2869186401,77957,77967,10
13.0765399933,80.2871704102,77967,77978,11
13.0775899887,80.2874526978,77978,77988,10
13.0785398483,80.2876815796,77988,77998,10
13.0794696808,80.2880477905,77998,78008,10
13.080280304,80.2882003784,78008,78018,10
13.080789566,80.2882995605,78018,78028,10
13.0811100006,80.2883987427,78028,78038,10
13.0817604065,80.2886581421,78038,78048,10
13.0823698044,80.2888870239,78048,78058,10
13.0831403732,80.2891769409,78058,78068,10
13.0840196609,80.2891769409,78068,78079,11
13.0850896835,80.2891616821,78079,78089,10
13.0860595703,80.289352417,78089,78099,10
13.0870304108,80.2896194458,78099,78109,10
13.0878000259,80.2899398804,78109,78119,10
13.0887899399,80.2901763916,78119,78149,30
13.0888795853,80.2902374268,78149,78179,30
13.0888795853,80.2902374268,78179,78190,11
13.0888700485,80.2903366089,78190,78200,10
13.088640213,80.2904891968,78200,78210,10
13.0880899429,80.2901611328,78210,78220,10
13.0874500275,80.2899017334,78220,78230,10
13.0868597031,80.2897186279,78230,78240,10
13.0862798691,80.2895584106,78240,78250,10
13.0857200623,80.2893829346,78250,78260,10
13.0853996277,80.2888565063,78260,78270,10
13.0851402283,80.2881317139,78270,78280,10
13.0851297379,80.2871704102,78280,78290,10
13.0852003098,80.2861633301,78290,78301,11
13.0852804184,80.2853164673,78301,78311,10
13.0852899551,80.2844467163,78311,78321,10
13.0852899551,80.2839736938,78321,78331,10
13.0854196548,80.2836227417,78331,78341,10
13.0857601166,80.2835235596,78341,78351,10
13.0861902237,80.283531189,78351,78361,10
13.0865497589,80.2837982178,78361,78371,10
13.0869398117,80.2839584351,78371,78381,10
13.0873203278,80.2839508057,78381,78391,10
13.0877799988,80.2839584351,78391,78581,190
13.0877799988,80.2839584351,78581,78591,10
13.0880899429,80.2838363647,78591,78601,10
13.0880899429,80.2837219238,78601,78611,10
13.088139534,80.2835464478,78611,78622,11
13.0882396698,80.2833786011,78622,78632,10
13.088259697,80.2831802368,78632,78642,10
13.0882701874,80.2829971313,78642,78652,10
13.088259697,80.2827987671,78652,78662,10
13.0882797241,80.2824783325,78662,78672,10
13.0882701874,80.2823410034,78672,78682,10
13.0881700516,80.2818984985,78682,78692,10
13.0880203247,80.2814788818,78692,78702,10
13.0882701874,80.2814407349,78702,78712,10
13.0885295868,80.2816772461,78712,78722,10
13.0884399414,80.2821273804,78722,78733,11
13.0883302689,80.2826690674,78733,78743,10
13.0882797241,80.2829971313,78743,78753,10
13.0882797241,80.2833404541,78753,78763,10
13.0882902145,80.2837371826,78763,78773,10
13.0883302689,80.2843780518,78773,78783,10
13.088350296,80.2848892212,78783,78793,10
13.0883598328,80.2851104736,78793,78803,10
13.0883903503,80.2855300903,78803,78813,10
13.0884304047,80.2859573364,78813,78823,10
13.0884304047,80.2863769531,78823,78834,11
13.0884599686,80.2867507935,78834,78844,10
13.0885095596,80.2873382568,78844,78854,10
13.08852005,80.2875518799,78854,78864,10
13.0885601044,80.287940979,78864,78874,10
13.0886201859,80.2884979248,78874,78884,10
13.088640213,80.2887573242,78884,78894,10
13.0887002945,80.2892608643,78894,78904,10
13.0886898041,80.2893981934,78904,78914,10
13.0886802673,80.2895431519,78914,78924,10
13.0886602402,80.2898788452,78924,78934,10
13.0886802673,80.2901229858,78934,78945,11
13.0886802673,80.2901306152,78945,78955,10
13.0886497498,80.2904510498,78955,78965,10
13.0884399414,80.2904281616,78965,78975,10
13.0880699158,80.2901992798,78975,78985,10
13.0875396729,80.2899169922,78985,78995,10
13.0868597031,80.289642334,78995,79005,10
13.0860996246,80.2893981934,79005,79015,10
13.0853395462,80.2891998291,79015,79025,10
13.0844497681,80.2891693115,79025,79035,10
13.0835695267,80.2892227173,79035,79045,10
13.0827198029,80.2891235352,79045,79056,11
13.0819301605,80.2888336182,79056,79066,10
13.081199646,80.2885284424,79066,79076,10
13.080450058,80.2883224487,79076,79086,10
13.0797901154,80.2881774902,79086,79096,10
13.0789899826,80.2879486084,79096,79106,10
13.0779695511,80.2875976563,79106,79122,16
13.0763101578,80.2871704102,79122,79134,12
13.0753097534,80.2867889404,79134,79143,9
13.0746898651,80.2864074707,79143,79154,11
13.0740203857,80.2861175537,79154,79165,11
13.0739803314,80.2861175537,79165,79175,10
13.073800087,80.2860870361,79175,79185,10
13.0733003616,80.2859725952,79185,79194,9
13.072719574,80.2856216431,79194,79205,11
13.0717496872,80.2852630615,79205,79215,10
13.0707902908,80.2850112915,79215,79224,9
13.0696496964,80.2847290039,79224,79234,10
13.0685396194,80.2844619751,79234,79245,11
13.0674200058,80.2842788696,79245,79255,10
13.0662403107,80.2840194702,79255,79266,11
13.0649003983,80.2837219238,79266,79276,10
13.0642499924,80.2835922241,79276,79286,10
13.0642204285,80.2835769653,79286,79296,10
13.064040184,80.2835235596,79296,79306,10
13.0635595322,80.2833862305,79306,79316,10
13.0625495911,80.2831268311,79316,79336,20
13.0625495911,80.2831268311,79336,79346,10
13.0622701645,80.2830734253,79346,79356,10
13.0616798401,80.2829437256,79356,79366,10
13.060839653,80.2827682495,79366,79377,11
13.0597600937,80.2825469971,79377,79387,10
13.0586500168,80.2823181152,79387,79397,10
13.0576400757,80.2821121216,79397,79407,10
13.0567398071,80.2819213867,79407,79427,20
13.0567398071,80.2819213867,79427,79437,10
13.0563697815,80.2818374634,79437,79447,10
13.0556898117,80.2817001343,79447,79457,10
13.0548200607,80.2815093994,79457,79467,10
13.0537395477,80.2813110352,79467,79477,10
13.0527000427,80.2811584473,79477,79488,11
13.0512800217,80.2809371948,79488,79498,10
13.0502700806,80.2807693481,79498,79508,10
13.049200058,80.2806167603,79508,79518,10
13.048119545,80.280456543,79518,79528,10
13.0472002029,80.2803268433,79528,79538,10
13.0463895798,80.2802276611,79538,79548,10
13.0455598831,80.2800979614,79548,79558,10
13.044549942,80.2799682617,79558,79568,10
13.0434703827,80.2798233032,79568,79578,10
13.0425596237,80.2796020508,79578,79588,10
13.0415201187,80.2794265747,79588,79599,11
13.0403995514,80.2791976929,79599,79609,10
13.0390501022,80.2788467407,79609,79629,20
13.0390501022,80.2788467407,79629,79639,10
13.0388097763,80.2787322998,79639,79649,10
13.0382699966,80.2785568237,79649,79659,10
13.0375404358,80.2783432007,79659,79669,10
13.0369997025,80.278213501,79669,79679,10
13.0360898972,80.2779006958,79679,79689,10
13.0352096558,80.2777175903,79689,79700,11
13.0341596603,80.2775421143,79700,79710,10
13.0334396362,80.2774200439,79710,79720,10
13.0327997208,80.2774963379,79720,79730,10
13.0319595337,80.2775497437,79730,79740,10
13.0307798386,80.2772369385,79740,79760,20
13.0307798386,80.2772369385,79760,79770,10
13.0304803848,80.2770462036,79770,79780,10
13.02987957,80.2767791748,79780,79790,10
13.0290899277,80.2765808105,79790,79800,10
13.0283298492,80.2763290405,79800,79811,11
13.0276403427,80.276008606,79811,79821,10
13.0269498825,80.2757034302,79821,79837,16
13.0259199142,80.2752380371,79837,79849,12
13.0258903503,80.2752075195,79849,79859,10
13.0257301331,80.2751083374,79859,79869,10
13.0252199173,80.2749099731,79869,79878,9
13.0245599747,80.274597168,79878,79889,11
13.0240402222,80.2740631104,79889,79920,31
13.0240402222,80.2740631104,79920,79930,10
13.0239696503,80.2739334106,79930,79940,10
13.0237398148,80.2735900879,79940,79950,10
13.0233097076,80.2730178833,79950,79960,10
13.0227603912,80.2722702026,79960,79970,10
13.022190094,80.2715377808,79970,79980,10
13.02161026,80.2707595825,79980,79990,10
13.0210695267,80.2701416016,79990,80000,10
13.0208902359,80.2699508667,80000,80010,10
13.0207300186,80.2697982788,80010,80020,10
13.0203800201,80.2693405151,80020,80031,11
13.0199699402,80.2687988281,80031,80041,10
13.0194797516,80.2681808472,80041,80051,10
13.0188798904,80.2674484253,80051,80061,10
13.0186195374,80.2665786743,80061,80071,10
13.0185804367,80.2659683228,80071,80081,10
13.0187101364,80.2654190063,80081,80091,10
13.0189199448,80.2646865845,80091,80100,9
13.018989563,80.2638931274,80100,80110,10
13.0189399719,80.2634811401,80110,80121,11
13.0188703537,80.2629318237,80121,80132,11
13.0187597275,80.2619781494,80132,80142,10
13.018529892,80.2612686157,80142,80152,10
13.0178604126,80.2608032227,80152,80162,10
13.0170497894,80.260269165,80162,80172,10
13.0163002014,80.2598114014,80172,80182,10
13.0159797668,80.2596817017,80182,80192,10
13.0158500671,80.2596206665,80192,80202,10
13.0154399872,80.2594680786,80202,80212,10
13.0147600174,80.2593383789,80212,80222,10
13.0140199661,80.2592926025,80222,80232,10
13.0130395889,80.259262085,80232,80243,11
13.0117902756,80.2592086792,80243,80253,10
13.0106897354,80.2592086792,80253,80263,10
13.0096902847,80.2592468262,80263,80273,10
13.0089902878,80.2592086792,80273,80283,10
13.0086202621,80.2591705322,80283,80293,10
13.0081396103,80.259147644,80293,80303,10
13.0075302124,80.2593765259,80303,80313,10
13.0072002411,80.2589416504,80313,80323,10
13.0071001053,80.2586212158,80323,80333,10
13.0069303513,80.2583007813,80333,80343,10
13.0066003799,80.2577819824,80343,80354,11
13.0057897568,80.2574234009,80354,80364,10
13.0049800873,80.2572174072,80364,80374,10
13.0041503906,80.257019043,80374,80390,16
13.0029201508,80.2567977905,80390,80402,12
13.0020999908,80.256652832,80402,80412,10
13.001540184,80.2565917969,80412,80421,9
13.0006799698,80.2564697266,80421,80431,10
12.9998102188,80.2563705444,80431,80442,11
12.99903965,80.2562026978,80442,80452,10
12.9986400604,80.2561187744,80452,80473,21
12.9986400604,80.2561187744,80473,80483,10
12.9983100891,80.2560577393,80483,80493,10
12.9979600906,80.2560119629,80493,80503,10
12.9975595474,80.2559509277,80503,80513,10
12.997209549,80.2559204102,80513,80523,10
12.9967699051,80.255897522,80523,80533,10
12.9961500168,80.2558822632,80533,80543,10
12.9954996109,80.2558898926,80543,80554,11
12.994799614,80.255897522,80554,80564,10
12.9940700531,80.2559661865,80564,80575,11
12.9930400848,80.2560424805,80575,80585,10
12.9920597076,80.256072998,80585,80595,10
12.991230011,80.2560195923,80595,80605,10
12.9903802872,80.2559967041,80605,80615,10
12.9894800186,80.2559814453,80615,80625,10
12.9885997772,80.2559127808,80625,80634,9
12.9880199432,80.255859375,80634,80665,31
12.9880199432,80.255859375,80665,80676,11
12.9877195358,80.2557983398,80676,80686,10
12.9875097275,80.2557525635,80686,80696,10
12.9873304367,80.2557067871,80696,80706,10
12.9867801666,80.2555999756,80706,80716,10
12.9863004684,80.2555465698,80716,80726,10
12.9862804413,80.2555465698,80726,80736,10
12.9859800339,80.2554626465,80736,80746,10
12.9858798981,80.2554626465,80746,80756,10
12.98554039,80.2553710938,80756,80766,10
12.984919548,80.255241394,80766,80777,11
12.9840602875,80.255027771,80777,80787,10
12.9833402634,80.2548370361,80787,80797,10
12.982629776,80.2546081543,80797,80807,10
12.9820203781,80.2541885376,80807,80817,10
12.9818496704,80.2537384033,80817,80827,10
12.9817399979,80.2531814575,80827,80837,10
12.9812803268,80.2527770996,80837,80847,10
12.9804401398,80.2527770996,80847,80857,10
12.980050087,80.2527999878,80857,80867,10
12.9800300598,80.2527923584,80867,80877,10
12.9799404144,80.252746582,80877,80888,11
12.9794998169,80.2526931763,80888,80898,10
12.9789400101,80.2526397705,80898,80908,10
12.9786596298,80.2526016235,80908,80918,10
12.9782600403,80.2523803711,80918,80928,10
12.9782600403,80.2523803711,80928,80938,10
12.9776601791,80.2518615723,80938,80948,10
12.976770401,80.2513580322,80948,80958,10
12.9755897522,80.2510375977,80958,80968,10
12.9743900299,80.2507019043,80968,80978,10
12.9732599258,80.2503814697,80978,80988,10
12.9720602036,80.2500305176,80988,81000,12
12.9708499908,80.249671936,81000,81003,3
12.9705295563,80.2495803833,81003,81004,1
12.9704303741,80.2495498657,81004,81013,9
12.969499588,80.2491989136,81013,81076,63
12.9652395248,80.2474365234,81076,81086,10
12.9651699066,80.2473831177,81086,81096,10
12.9647397995,80.2472381592,81096,81107,11
12.9639797211,80.2469711304,81107,81117,10
12.963259697,80.2466506958,81117,81127,10
12.962389946,80.2462310791,81127,81137,10
12.9614601135,80.2457809448,81137,81147,10
12.9605998993,80.2453689575,81147,81157,10
12.9599504471,80.2450790405,81157,81167,10
12.9595003128,80.2448806763,81167,81177,10
12.959400177,80.2448120117,81177,81187,10
12.9589796066,80.2445907593,81187,81197,10
12.9582395554,80.2442779541,81197,81208,11
12.9574298859,80.2439727783,81208,81218,10
12.956489563,80.2436981201,81218,81258,40
12.956489563,80.2436981201,81258,81268,10
12.9559803009,80.2435302734,81268,81278,10
12.9555196762,80.2432785034,81278,81288,10
12.9546699524,80.2428436279,81288,81298,10
12.9538402557,80.2425003052,81298,81308,10
12.95291996,80.2421188354,81308,81319,11
12.9519195557,80.2417602539,81319,81329,10
12.9516601563,80.2416687012,81329,81339,10
12.9515399933,80.241607666,81339,81349,10
12.9510002136,80.2414169312,81349,81359,10
12.9502897263,80.2412109375,81359,81369,10
12.9494600296,80.2409591675,81369,81379,10
12.9490804672,80.2408218384,81379,81389,10
12.9490203857,80.2407913208,81389,81399,10
12.9486103058,80.2406311035,81399,81409,10
12.9479103088,80.2403411865,81409,81420,11
12.9471902847,80.2400512695,81420,81430,10
12.94713974,80.240020752,81430,81440,10
12.9467897415,80.2398910522,81440,81450,10
12.946149826,80.2396316528,81450,81460,10
12.9453496933,80.2392272949,81460,81470,10
12.9446001053,80.2385177612,81470,81480,10
12.943860054,80.2377319336,81480,81490,10
12.9432401657,80.2370605469,81490,81500,10
12.9423303604,80.2365188599,81500,81510,10
12.9412202835,80.2362136841,81510,81520,10
12.9401798248,80.2359390259,81520,81531,11
12.9397697449,80.235786438,81531,81541,10
12.939620018,80.2357177734,81541,81551,10
12.9390897751,80.235458374,81551,81561,10
12.9383602142,80.2350921631,81561,81571,10
12.9373998642,80.2346191406,81571,81581,10
12.9364595413,80.2341918945,81581,81591,10
12.9358100891,80.2339019775,81591,81601,10
12.9355602264,80.2342071533,81601,81611,10
12.9353103638,80.23487854,81611,81621,10
12.9351196289,80.2353820801,81621,81631,10
12.9350004196,80.2354736328,81631,81642,11
12.9347000122,80.2353210449,81642,81652,10
12.9341402054,80.2350769043,81652,81662,10
12.9338903427,80.2350082397,81662,81672,10
12.9337701797,80.2353363037,81672,81682,10
12.9336099625,80.2359466553,81682,81692,10
12.9334402084,80.2361831665,81692,81702,10
12.9332103729,80.2361602783,81702,81712,10
12.9329795837,80.2361221313,81712,81722,10
12.9329004288,80.2364578247,81722,81732,10
12.9327802658,80.2370071411,81732,81742,10
12.9326400757,80.2373199463,81742,81753,11
12.9324102402,80.2379226685,81753,81763,10
12.9322099686,80.2384490967,81763,81773,10
12.9320402145,80.2387084961,81773,81783,10
12.9314498901,80.2386474609,81783,81793,10
12.9310998917,80.23853302,81793,81813,20
12.9310998917,80.23853302,81813,81823,10
12.9310598373,80.2384414673,81823,81833,10
12.930680275,80.2382965088,81833,81843,10
12.9300899506,80.2380981445,81843,81854,11
12.9295597076,80.2380065918,81854,81864,10
12.929479599,80.2382888794,81864,81874,10
12.9293498993,80.2386474609,81874,81884,10
12.9292402267,80.2389831543,81884,81894,10
12.9289398193,80.2389984131,81894,81914,20
12.9289398193,80.2389984131,81914,81924,10
12.928609848,80.238899231,81924,81934,10
12.928150177,80.238822937,81934,81944,10
12.9277095795,80.2387313843,81944,81954,10
12.9275999069,80.2386779785,81954,81965,11
12.9271602631,80.238571167,81965,81975,10
12.926440239,80.2384033203,81975,81985,10
12.925740242,80.2382125854,81985,81995,10
12.925620079,80.2381820679,81995,82005,10
12.9255304337,80.2381591797,82005,82015,10
12.9253997803,80.2382965088,82015,82025,10
12.9256496429,80.2383117676,82025,82035,10
12.9261302948,80.2382202148,82035,82096,61
12.9261302948,80.2382202148,82096,82106,10
12.9263496399,80.2383422852,82106,82116,10
12.9268703461,80.2384414673,82116,82126,10
12.9273996353,80.2385482788,82126,82136,10
12.9280195236,80.2387084961,82136,82146,10
12.9283103943,80.2387771606,82146,82156,10
12.9284601212,80.2388000488,82156,82166,10
12.9289503098,80.2389221191,82166,82176,10
12.9293203354,80.2389221191,82176,82187,11
12.9294300079,80.2385482788,82187,82197,10
12.9295501709,80.2380828857,82197,82207,10
12.929889679,80.2380065918,82207,82217,10
12.9305801392,80.2382507324,82217,82227,10
12.9311504364,80.2384567261,82227,82237,10
12.9312801361,80.2385101318,82237,82247,10
12.9316596985,80.2386398315,82247,82257,10
12.9321603775,80.2386398315,82257,82267,10
12.9322595596,80.2383575439,82267,82277,10
12.9323997498,80.2380371094,82277,82288,11
12.9326601028,80.237411499,82288,82298,10
12.9327602386,80.2370834351,82298,82308,10
12.9329004288,80.236618042,82308,82318,10
12.9330101013,80.2361373901,82318,82328,10
12.9334402084,80.2361907959,82328,82338,10
12.9335899353,80.2360305786,82338,82348,10
12.933719635,80.2355270386,82348,82358,10
12.9338903427,80.2350006104,82358,82368,10
12.9341201782,80.2350692749,82368,82378,10
12.9345798492,80.2352828979,82378,82388,10
12.9349803925,80.2354431152,82388,82399,11
12.9350795746,80.235458374,82399,82409,10
12.9352302551,80.2351989746,82409,82419,10
12.9354400635,80.2346572876,82419,82435,16
12.9357595444,80.2338485718,82435,82447,12
12.9362602234,80.2339096069,82447,82457,10
12.9368400574,80.2341918945,82457,82466,9
12.937789917,80.2346572876,82466,82479,13
12.9392004013,80.2353820801,82479,82489,10
12.9401102066,80.2358016968,82489,82499,10
12.9410600662,80.236076355,82499,82510,11
12.9422903061,80.2363891602,82510,82520,10
12.9431800842,80.2368774414,82520,82530,10
12.9439601898,80.2376785278,82530,82540,10
12.9448003769,80.2385787964,82540,82550,10
12.9457101822,80.2393417358,82550,82573,23
12.9481201172,80.2403182983,82573,82585,12
12.9489202499,80.2406234741,82585,82617,32
12.9489202499,80.2406234741,82617,82627,10
12.9491500854,80.2406997681,82627,82637,10
12.9496603012,80.2409133911,82637,82647,10
12.9505195618,80.2411575317,82647,82657,10
12.9515399933,80.2415008545,82657,82667,10
12.9525499344,80.241897583,82667,82677,10
12.9535398483,80.2422714233,82677,82687,10
12.9544200897,80.2426223755,82687,82697,10
12.9551296234,80.2428970337,82697,82707,10
12.9558897018,80.2432098389,82707,82717,10
12.9563398361,80.2434463501,82717,82728,11
12.9567203522,80.2435913086,82728,82738,10
12.9575004578,80.243888855,82738,82748,10
12.9584703445,80.2442703247,82748,82758,10
12.9594697952,80.244682312,82758,82768,10
12.9605703354,80.2452011108,82768,82778,10
12.9617595673,80.2457809448,82778,82788,10
12.9627599716,80.2462692261,82788,82798,10
12.9637002945,80.2467269897,82798,82808,10
12.9646997452,80.2471084595,82808,82818,10
12.9658002853,80.2474899292,82818,82829,11
12.9666996002,80.2478179932,82829,82839,10
12.9674100876,80.2481994629,82839,82849,10
12.9683704376,80.248588562,82849,82859,10
12.9693899155,80.2490234375,82859,82869,10
12.9704904556,80.2494277954,82869,82879,10
12.9716796875,80.249786377,82879,82889,10
12.9728899002,80.2501068115,82889,82899,10
12.9740104675,80.2503967285,82899,82909,10
12.975110054,80.2506790161,82909,82919,10
12.9761104584,80.2510070801,82919,82930,11
12.9772195816,80.2513580322,82930,82940,10
12.9780902863,80.2519989014,82940,82950,10
12.978509903,80.252281189,82950,82960,10
12.9786396027,80.2523498535,82960,82970,10
12.979180336,80.2525177002,82970,82986,16
12.9800300598,80.2526016235,82986,82998,12
12.9808502197,80.2526016235,82998,83006,8
12.9815998077,80.2525787354,83006,83017,11
12.98279953,80.2525482178,83017,83028,11
12.9839801788,80.2523269653,83028,83038,10
12.9850196838,80.2520523071,83038,83050,12
12.9862804413,80.2517166138,83050,83058,8
12.9870595932,80.2515106201,83058,83069,11
12.9877195358,80.2513122559,83069,83081,12
12.9879798889,80.2516708374,83081,83091,10
12.9880199432,80.2522888184,83091,83101,10
12.9879102707,80.2532501221,83101,83111,10
12.9878101349,80.2542800903,83111,83121,10
12.9877195358,80.2552490234,83121,83131,10
12.9876499176,80.255859375,83131,83141,10
12.987569809,80.2564926147,83141,83151,10
12.9875297546,80.2571716309,83151,83162,11
12.9875297546,80.2572631836,83162,83171,9
12.9875001907,80.2575683594,83171,83182,11
12.9874601364,80.258140564,83182,83192,10
12.9873895645,80.2586593628,83192,83212,20
12.9873895645,80.2586593628,83212,83222,10
12.9873199463,80.2590332031,83222,83232,10
12.987159729,80.259552002,83232,83404,172
