13.0983800888,80.2409667969,14,671,657
13.0983800888,80.2409667969,671,681,10
13.098449707,80.2406768799,681,1256,575
13.0985298157,80.241027832,1256,1277,21
13.0985298157,80.241027832,1277,1287,10
13.0985498428,80.2410583496,1287,1297,10
13.0985002518,80.2407073975,1297,1307,10
13.0985002518,80.2405319214,1307,1317,10
13.0985298157,80.2403182983,1317,1327,10
13.0987596512,80.2403488159,1327,18724,17397
13.0987596512,80.2403488159,18724,18734,10
13.0987901688,80.2403793335,18734,19551,817
13.0988502502,80.2403182983,19551,19816,265
13.0988502502,80.2403182983,19816,19826,10
13.0987596512,80.2401275635,19826,19836,10
13.0989999771,80.2401580811,19836,19846,10
13.09897995,80.2407073975,19846,19866,20
13.09897995,80.2407073975,19866,19876,10
13.0990104675,80.2408218384,19876,19886,10
13.0990200043,80.2409973145,19886,19897,11
13.0986995697,80.2409820557,19897,19907,10
13.098400116,80.2407836914,19907,21005,1098
13.098400116,80.2407836914,21005,21017,12
13.0985202789,80.2407684326,21017,21027,10
13.0985403061,80.2407608032,21027,21038,11
13.098859787,80.2407302856,21038,21048,10
13.0989704132,80.2410736084,21048,21058,10
13.0990400314,80.2415924072,21058,21613,555
13.0990400314,80.2415924072,21613,21624,11
13.0989398956,80.2414703369,21624,21634,10
13.098859787,80.2416534424,21634,21644,10
13.0988397598,80.2418518066,21644,21664,20
13.0987997055,80.2420425415,21664,21745,81
13.0987997055,80.2420425415,21745,21755,10
13.0986995697,80.2423019409,21755,21765,10
13.0984401703,80.2423629761,21765,21775,10
13.0980701447,80.2423019409,21775,21785,10
13.0977602005,80.2422637939,21785,21795,10
13.0975599289,80.2422332764,21795,21805,10
13.0973901749,80.2420806885,21805,21816,11
13.0974502563,80.2418289185,21816,21826,10
13.0975399017,80.2413787842,21826,21836,10
13.0976104736,80.2407913208,21836,21845,9
13.0976800919,80.2401504517,21845,21856,11
13.0977401733,80.2394180298,21856,21866,10
13.0977802277,80.2387390137,21866,21876,10
13.0979204178,80.2380828857,21876,21886,10
13.0980396271,80.2373123169,21886,21896,10
13.0981502533,80.236656189,21896,21906,10
13.0982599258,80.2359771729,21906,21917,11
13.0983896255,80.2351608276,21917,21927,10
13.0985002518,80.2343597412,21927,21937,10
13.0985603333,80.2336425781,21937,21947,10
13.0986995697,80.2328186035,21947,21957,10
13.0988903046,80.2320632935,21957,21967,10
13.0991601944,80.2313690186,21967,21977,10
13.0994796753,80.2306594849,21977,21987,10
13.0997800827,80.2295608521,21987,21997,10
13.0997800827,80.2295608521,21997,22008,11
13.0999097824,80.2288208008,22008,22018,10
13.1000204086,80.2280807495,22018,22028,10
13.1000499725,80.2271499634,22028,22038,10
13.1000003815,80.2263336182,22038,22048,10
13.0999698639,80.225982666,22048,22058,10
13.0999298096,80.2256011963,22058,22068,10
13.0998497009,80.225112915,22068,22078,10
13.0997495651,80.2247390747,22078,22088,10
13.0996398926,80.2242965698,22088,22098,10
13.0995101929,80.2239990234,22098,22108,10
13.0994701385,80.2239074707,22108,22119,11
13.0993299484,80.2237167358,22119,22129,10
13.0991201401,80.2234420776,22129,22139,10
13.0988998413,80.22315979,22139,22149,10
13.098739624,80.222869873,22149,22159,10
13.0987195969,80.2221832275,22159,22169,10
13.0988302231,80.2212600708,22169,22179,10
13.09897995,80.2203369141,22179,22189,10
13.0991296768,80.2195587158,22189,22199,10
13.0991897583,80.2192077637,22199,22209,10
13.0992898941,80.2185974121,22209,22219,10
13.0996999741,80.2166671753,22219,22230,11
13.0996999741,80.2166671753,22230,22239,9
13.0999298096,80.2161026001,22239,22250,11
13.1000003815,80.215637207,22250,22260,10
13.1002197266,80.2151489258,22260,22270,10
13.1002502441,80.2146377563,22270,22300,30
13.1002502441,80.2146377563,22300,22310,10
13.1000003815,80.2144622803,22310,22320,10
13.0995597839,80.2143630981,22320,22331,11
13.0987997055,80.2141113281,22331,22341,10
13.0983896255,80.2143096924,22341,22351,10
13.0980701447,80.2150497437,22351,22361,10
13.0976800919,80.215927124,22361,22371,10
13.0973701477,80.2166824341,22371,22381,10
13.0970201492,80.2176513672,22381,22391,10
13.0966796875,80.2186813354,22391,22401,10
13.0964002609,80.2195281982,22401,22411,10
13.096039772,80.2205429077,22411,22421,10
13.0956802368,80.2215805054,22421,22432,11
13.0952501297,80.2227172852,22432,22441,9
13.0947999954,80.2236404419,22441,22452,11
13.0940599442,80.224609375,22452,22462,10
13.0933198929,80.2254562378,22462,22470,8
13.0927600861,80.2260513306,22470,22484,14
13.0915803909,80.2272415161,22484,22494,10
13.0912103653,80.2276611328,22494,22504,10
13.0911998749,80.2276611328,22504,22514,10
13.0910396576,80.2278137207,22514,22524,10
13.0906095505,80.2282791138,22524,22535,11
13.0899200439,80.2290420532,22535,22545,10
13.0892801285,80.229927063,22545,22555,10
13.0890798569,80.2303619385,22555,22578,23
13.0888299942,80.2309188843,22578,22590,12
13.0886297226,80.2313613892,22590,22599,9
13.0884304047,80.2320709229,22599,22610,11
13.0881500244,80.2331771851,22610,22620,10
13.0880403519,80.23412323,22620,22630,10
13.0874500275,80.2345733643,22630,22642,12
13.0862903595,80.2344970703,22642,22652,10
13.0854101181,80.2342987061,22652,22662,10
13.0844202042,80.234046936,22662,22672,10
13.083609581,80.2339096069,22672,22682,10
13.0829801559,80.2338027954,22682,22692,10
13.0823297501,80.2336502075,22692,22702,10
13.0821800232,80.2336196899,22702,22712,10
13.081609726,80.2335586548,22712,22722,10
13.0808200836,80.2335205078,22722,22732,10
13.0799102783,80.2335510254,22732,22743,11
13.0795297623,80.2335510254,22743,22753,10
13.079460144,80.2335586548,22753,22763,10
13.0790300369,80.233581543,22763,22785,22
13.0772304535,80.2336807251,22785,22797,12
13.0760602951,80.2339019775,22797,22807,10
13.0759000778,80.2339401245,22807,22817,10
13.0758895874,80.2342071533,22817,22827,10
13.0760602951,80.2349472046,22827,22837,10
13.0762500763,80.2358627319,22837,22848,11
13.0764303207,80.2369384766,22848,22858,10
13.0765199661,80.2372970581,22858,22867,9
13.076499939,80.2373580933,22867,22878,11
13.076669693,80.2379837036,22878,22908,30
13.076669693,80.2379837036,22908,22918,10
13.0767698288,80.23802948,22918,22928,10
13.0768404007,80.2385101318,22928,22938,10
13.0769996643,80.2393035889,22938,22948,10
13.0772199631,80.2402420044,22948,22960,12
13.07695961,80.2407073975,22960,22970,10
13.076880455,80.2406921387,22970,22980,10
13.0765800476,80.2406082153,22980,22990,10
13.0759096146,80.2405319214,22990,23000,10
13.0751495361,80.2405395508,23000,23010,10
13.0742998123,80.2405471802,23010,23020,10
13.0734901428,80.2406997681,23020,23030,10
13.0725803375,80.2410125732,23030,23041,11
13.0716199875,80.2415924072,23041,23051,10
13.0707902908,80.2418823242,23051,23061,10
13.0701799393,80.2420806885,23061,23071,10
13.0700101852,80.2421112061,23071,23081,10
13.0695495605,80.2422332764,23081,23090,9
13.0693998337,80.2423095703,23090,23100,10
13.0689001083,80.2425003052,23100,23111,11
13.0679502487,80.242767334,23111,23121,10
13.0669803619,80.2431564331,23121,23130,9
13.0661802292,80.2436294556,23130,23142,12
13.0662403107,80.2447891235,23142,23152,10
13.0664396286,80.2457504272,23152,23162,10
13.0672302246,80.2462005615,23162,23172,10
13.0678501129,80.2465591431,23172,23182,10
13.0678901672,80.2466201782,23182,23192,10
13.0679597855,80.2471313477,23192,23202,10
13.0677995682,80.2478408813,23202,23212,10
13.0669403076,80.2478790283,23212,23222,10
13.0659399033,80.247833252,23222,23232,10
13.0647802353,80.247756958,23232,23243,11
13.0635700226,80.2476806641,23243,23253,10
13.0625896454,80.2476425171,23253,23263,10
13.0618200302,80.2476119995,23263,23273,10
13.061340332,80.2471694946,23273,23283,10
13.0615196228,80.2467422485,23283,23293,10
13.0618600845,80.246131897,23293,23303,10
13.0621004105,80.2452468872,23303,23312,9
13.0632400513,80.2442016602,23312,23323,11
13.0632400513,80.2442016602,23323,23333,10
13.063369751,80.2439422607,23333,23344,11
13.0632896423,80.2434997559,23344,23354,10
13.0625896454,80.2433624268,23354,23364,10
13.0617599487,80.2432022095,23364,23374,10
13.0613698959,80.2431335449,23374,23384,10
13.0609798431,80.2430496216,23384,23394,10
13.0603504181,80.2428283691,23394,23404,10
13.0595998764,80.2425613403,23404,23414,10
13.0589199066,80.2425537109,23414,23424,10
13.0587902069,80.2425765991,23424,23434,10
13.0583896637,80.2426605225,23434,23445,11
13.0576400757,80.2428207397,23445,23455,10
13.0567903519,80.2427368164,23455,23465,10
13.0559797287,80.2423629761,23465,23475,10
13.0550403595,80.2423095703,23475,23485,10
13.0540399551,80.2423400879,23485,23495,10
13.0537004471,80.2422332764,23495,23505,10
13.0534601212,80.2420806885,23505,23515,10
13.052740097,80.2418365479,23515,23556,41
13.052740097,80.2418365479,23556,23566,10
13.052479744,80.2415771484,23566,23576,10
13.0521402359,80.2410202026,23576,23586,10
13.0518598557,80.240737915,23586,23596,10
13.0514802933,80.2406616211,23596,23606,10
13.0509796143,80.2405700684,23606,23616,10
13.050860405,80.2405471802,23616,23626,10
13.0504798889,80.2404708862,23626,23636,10
13.0498104095,80.2403182983,23636,23646,10
13.0490398407,80.2401733398,23646,23657,11
13.0480098724,80.2399673462,23657,23667,10
13.0471096039,80.2397766113,23667,23677,10
13.0462703705,80.2395782471,23677,23687,10
13.0463495255,80.2391891479,23687,23697,10
13.0464801788,80.2385177612,23697,23707,10
13.04666996,80.2377090454,23707,23717,10
13.0468502045,80.2368392944,23717,23733,16
13.0470104218,80.2359695435,23733,23745,12
13.04708004,80.2356109619,23745,23755,10
13.0471496582,80.2350769043,23755,23766,11
13.0471897125,80.2343902588,23766,23776,10
13.0473098755,80.2334823608,23776,23786,10
13.0473604202,80.2333221436,23786,23796,10
13.0473804474,80.2331390381,23796,23804,8
13.047369957,80.2331085205,23804,23816,12
13.0467500687,80.2329711914,23816,23826,10
13.0458803177,80.2328033447,23826,23836,10
13.0452003479,80.2326812744,23836,23846,10
13.0451097488,80.2326583862,23846,23857,11
13.0445203781,80.2325515747,23857,23867,10
13.0436897278,80.232383728,23867,23877,10
13.0428800583,80.2323226929,23877,23887,10
13.042140007,80.2323074341,23887,23897,10
13.0412797928,80.2321166992,23897,23907,10
13.0402898788,80.2317886353,23907,23917,10
13.0394897461,80.2315597534,23917,23927,10
13.0384397507,80.2312774658,23927,23937,10
13.0374202728,80.2309494019,23937,23947,10
13.0367803574,80.230796814,23947,23957,10
13.0362596512,80.2305908203,23957,23968,11
13.0355796814,80.2304000854,23968,23978,10
13.0354795456,80.2303695679,23978,23988,10
13.0350599289,80.2302703857,23988,23998,10
13.034620285,80.2303009033,23998,24008,10
13.0344800949,80.2303466797,24008,24018,10
13.0342102051,80.2304229736,24018,24028,10
13.0339698792,80.2304382324,24028,24038,10
13.0339097977,80.2304000854,24038,24048,10
13.0336103439,80.2304534912,24048,24058,10
13.0334997177,80.2304534912,24058,24069,11
13.0330295563,80.2304916382,24069,24079,10
13.032409668,80.2305526733,24079,24088,9
13.0317401886,80.2306365967,24088,24099,11
13.0308198929,80.2306976318,24099,24109,10
13.0301599503,80.230758667,24109,24118,9
13.0298995972,80.230796814,24118,24129,11
13.0297203064,80.230796814,24129,24139,10
13.0292301178,80.2308807373,24139,24149,10
13.0284996033,80.23097229,24149,24159,10
13.0277700424,80.231048584,24159,24169,10
13.027680397,80.2313537598,24169,24180,11
13.0277795792,80.2319793701,24180,24190,10
13.0279102325,80.2326889038,24190,24200,10
13.0273704529,80.2328567505,24200,24210,10
13.0269298553,80.2329788208,24210,24250,40
13.0269298553,80.2329788208,24250,24260,10
13.0265598297,80.233001709,24260,24271,11
13.0262699127,80.2326583862,24271,24281,10
13.0260801315,80.231918335,24281,24291,10
13.0258302689,80.2308807373,24291,24301,10
13.0252799988,80.2298431396,24301,24311,10
13.0246200562,80.2289581299,24311,24321,10
13.0241003036,80.2283782959,24321,24331,10
13.0240402222,80.2283172607,24331,24341,10
13.0239295959,80.2281494141,24341,24351,10
13.0235500336,80.227722168,24351,24361,10
13.0231199265,80.2272720337,24361,24371,10
13.0225095749,80.2267074585,24371,24382,11
13.0217599869,80.2260818481,24382,24391,9
13.0210504532,80.2255401611,24391,24402,11
13.0206003189,80.2252197266,24402,24412,10
13.0203304291,80.2250366211,24412,24422,10
13.0198802948,80.2247161865,24422,24432,10
13.0191297531,80.2244415283,24432,24442,10
13.018119812,80.2247619629,24442,24452,10
13.0170898438,80.2251968384,24452,24462,10
13.0164299011,80.2254562378,24462,24472,10
13.0156497955,80.2257385254,24472,24483,11
13.0149497986,80.2260437012,24483,24493,10
13.0147199631,80.2261199951,24493,24503,10
13.0144796371,80.2261886597,24503,24513,10
13.013879776,80.2264328003,24513,24523,10
13.0130195618,80.2267684937,24523,24533,10
13.0120000839,80.227180481,24533,24543,10
13.0109996796,80.2276000977,24543,24553,10
13.0100297928,80.2279891968,24553,24563,10
13.0092201233,80.2284622192,24563,24573,10
13.0090198517,80.2293624878,24573,24584,11
13.0087995529,80.2304992676,24584,24594,10
13.0086202621,80.2315216064,24594,24604,10
13.0084199905,80.2326507568,24604,24620,16
13.0081796646,80.2339019775,24620,24632,12
13.0081195831,80.2341995239,24632,24642,10
13.0080099106,80.2347183228,24642,24652,10
13.0077695847,80.2358932495,24652,24662,10
13.0075397491,80.2370834351,24662,24672,10
13.0073003769,80.2382965088,24672,24682,10
13.0070800781,80.2394638062,24682,24692,10
13.0069704056,80.2400588989,24692,24703,11
13.0069799423,80.2401809692,24703,24712,9
13.0069303513,80.240737915,24712,24733,21
13.0069303513,80.240737915,24733,24744,11
13.0068101883,80.2412109375,24744,24754,10
13.0067596436,80.2420120239,24754,24764,10
13.0067396164,80.2428588867,24764,24774,10
13.0066900253,80.2436218262,24774,24784,10
13.0066795349,80.2444000244,24784,24795,11
13.0066604614,80.2455825806,24795,24804,9
13.0067195892,80.2462310791,24804,24825,21
13.0067195892,80.2462310791,24825,24835,10
13.006770134,80.2465362549,24835,24845,10
13.0067996979,80.2470092773,24845,24855,10
13.0067796707,80.2477493286,24855,24865,10
13.0067996979,80.2486495972,24865,24875,10
13.0068702698,80.2491836548,24875,24885,10
13.0068902969,80.2492828369,24885,24896,11
13.0069103241,80.2498092651,24896,24906,10
13.0068998337,80.25050354,24906,24916,10
13.0068902969,80.2511978149,24916,24926,10
13.0067596436,80.2518310547,24926,24936,10
13.0066204071,80.2526931763,24936,24946,10
13.0066099167,80.2537765503,24946,24956,10
13.0066604614,80.2546386719,24956,24966,10
13.0066604614,80.2547225952,24966,24976,10
13.0066699982,80.2549667358,24976,24986,10
13.0066699982,80.2556610107,24986,24997,11
13.0066604614,80.2566986084,24997,25007,10
13.0066995621,80.2571563721,25007,25017,10
13.0067300797,80.2572784424,25017,25057,40
13.0067300797,80.2572784424,25057,25067,10
13.0067396164,80.2575378418,25067,25077,10
13.0061903,80.2575378418,25077,25087,10
13.0053796768,80.2573165894,25087,25098,11
13.0043201447,80.2570877075,25098,25108,10
13.0032701492,80.2568817139,25108,25118,10
13.0022497177,80.256690979,25118,25128,10
13.001660347,80.2565917969,25128,25138,10
13.0010204315,80.2565078735,25138,25148,10
13.0002403259,80.256401062,25148,25158,10
13.0000896454,80.2563705444,25158,25168,10
12.9996795654,80.2562866211,25168,25178,10
12.9992904663,80.2562026978,25178,25195,17
12.9980602264,80.2559967041,25195,25207,12
12.9970598221,80.2559661865,25207,25217,10
12.9968996048,80.2564697266,25217,25227,10
12.9968795776,80.2570037842,25227,25237,10
12.9968795776,80.2570495605,25237,25247,10
12.9968299866,80.2574996948,25247,25257,10
12.9967403412,80.2583084106,25257,25267,10
12.9966201782,80.2593536377,25267,25277,10
12.9965295792,80.2600708008,25277,25287,10
12.9964199066,80.2610015869,25287,25297,10
12.9963302612,80.2619171143,25297,25308,11
12.9962396622,80.2624282837,25308,25318,10
12.9962100983,80.2626266479,25318,25328,10
12.9961500168,80.2632827759,25328,25338,10
12.9960699081,80.2641067505,25338,25348,10
12.9959602356,80.265083313,25348,25358,10
12.9958496094,80.2661819458,25358,25368,10
12.995759964,80.267288208,25368,25378,10
12.9959402084,80.2677001953,25378,25388,10
12.9962100983,80.2677230835,25388,25398,10
12.9964399338,80.2677383423,25398,25409,11
12.9972000122,80.2676391602,25409,25419,10
12.9981002808,80.2673721313,25419,25429,10
12.9991397858,80.2670593262,25429,25439,10
13.0,80.2667388916,25439,25449,10
13.0000896454,80.2665863037,25449,25459,10
13.0001401901,80.2663192749,25459,25469,10
13.0001897812,80.2657775879,25469,25479,10
13.0003404617,80.2658081055,25479,25489,10
13.0002403259,80.266242981,25489,26620,1131
13.0002403259,80.266242981,26620,26630,10
13.0002698898,80.266418457,26630,26731,101
13.0002498627,80.2662582397,26731,26943,212
13.0002498627,80.2662582397,26943,26953,10
13.0003499985,80.2665023804,26953,26974,21
13.0003499985,80.2665023804,26974,26985,11
13.0003299713,80.2667770386,26985,26996,11
13.0001497269,80.2669219971,26996,27006,10
12.9997596741,80.2670211792,27006,27016,10
12.9989900589,80.2672195435,27016,27026,10
12.998049736,80.2674789429,27026,27036,10
12.997130394,80.2677383423,27036,27046,10
12.9961996078,80.2677764893,27046,27057,11
12.9956903458,80.2674026489,27057,27077,20
12.9956903458,80.2674026489,27077,27087,10
12.9957103729,80.2671966553,27087,27097,10
12.9957799911,80.2666778564,27097,27106,9
12.9958496094,80.2659988403,27106,27117,11
12.9959402084,80.2650909424,27117,27127,10
12.9960603714,80.2642211914,27127,27137,10
12.9961500168,80.2633666992,27137,27147,10
12.9961900711,80.2628173828,27147,27157,10
12.9962100983,80.2626571655,27157,27168,11
12.9962501526,80.2624435425,27168,27178,10
12.9962902069,80.2621765137,27178,27188,10
12.9963197708,80.2619171143,27188,27198,10
12.9963903427,80.2613830566,27198,27208,10
12.9964599609,80.260597229,27208,27218,10
12.9965496063,80.2597808838,27218,27228,10
12.9965801239,80.2594223022,27228,27238,10
12.9966001511,80.2591781616,27238,27248,10
12.9966602325,80.2585372925,27248,27258,10
12.9967603683,80.2576904297,27258,27269,11
12.9968595505,80.2563705444,27269,27289,20
12.9968595505,80.2563705444,27289,27299,10
12.9968996048,80.2560882568,27299,27309,10
12.9971599579,80.2558288574,27309,27319,10
12.9977302551,80.2558822632,27319,27329,10
12.9988203049,80.2560119629,27329,27349,20
12.9988203049,80.2560119629,27349,27359,10
12.9990797043,80.2560577393,27359,27376,17
12.9991903305,80.2560806274,27376,27388,12
12.9994802475,80.256149292,27388,27398,10
13.0000495911,80.2562713623,27398,27408,10
13.0006599426,80.2563705444,27408,27418,10
13.0011796951,80.2564620972,27418,27428,10
13.0017299652,80.2565689087,27428,27438,10
13.0023403168,80.2566680908,27438,27445,7
13.0027999878,80.2567596436,27445,27458,13
13.0036401749,80.2569198608,27458,27468,10
13.0043897629,80.2570571899,27468,27479,11
13.0052404404,80.2572402954,27479,27489,10
13.0057897568,80.2573471069,27489,27498,9
13.006310463,80.2574386597,27498,27509,11
13.0065698624,80.2572631836,27509,27519,10
13.0065603256,80.2565765381,27519,27529,10
13.0065402985,80.2556991577,27529,27539,10
13.0065402985,80.2547836304,27539,27549,10
13.006529808,80.2540588379,27549,27559,10
13.006529808,80.2532424927,27559,27569,10
13.006529808,80.2531814575,27569,27580,11
13.0065202713,80.2527236938,27580,27590,10
13.0065498352,80.2522888184,27590,27600,10
13.0065803528,80.2522125244,27600,27610,10
13.0066003799,80.2521209717,27610,27620,10
13.0066900253,80.2516174316,27620,27630,10
13.0067596436,80.2508087158,27630,27640,10
13.0067396164,80.2498931885,27640,27650,10
13.0067396164,80.2496032715,27650,27660,10
13.0067396164,80.2491989136,27660,27670,10
13.0066900253,80.2487030029,27670,27681,11
13.0066900253,80.2486190796,27681,27691,10
13.0066604614,80.2483825684,27691,27707,16
13.0066404343,80.2476730347,27707,27719,12
13.0066604614,80.2470779419,27719,27729,10
13.0065898895,80.2466506958,27729,27739,10
13.0066099167,80.2464981079,27739,27749,10
13.0066404343,80.2464370728,27749,27759,10
13.0066795349,80.2459869385,27759,27769,10
13.0066604614,80.2451782227,27769,27778,9
13.006649971,80.2444381714,27778,27790,12
13.0066404343,80.2437133789,27790,27800,10
13.0066204071,80.2432022095,27800,27810,10
13.0065803528,80.2425003052,27810,27820,10
13.0065603256,80.241607666,27820,27830,10
13.006649971,80.2407989502,27830,27840,10
13.0068101883,80.2400131226,27840,27850,10
13.0070104599,80.2390213013,27850,27860,10
13.0072202682,80.2379608154,27860,27870,10
13.0074100494,80.2370986938,27870,27880,10
13.0074996948,80.2367019653,27880,27891,11
13.0076303482,80.2361373901,27891,27901,10
13.0077295303,80.2356491089,27901,27911,10
13.0078802109,80.2348632813,27911,27921,10
13.0080900192,80.2338409424,27921,27931,10
13.0083198547,80.2326431274,27931,27941,10
13.0085697174,80.2313690186,27941,27951,10
13.0087995529,80.2300872803,27951,27961,10
13.0090303421,80.2289428711,27961,27971,10
13.0094499588,80.2276077271,27971,27981,10
13.0099096298,80.2266082764,27981,27992,11
13.0104904175,80.2253570557,27992,28002,10
13.0108003616,80.2247085571,28002,28012,10
13.0110797882,80.224029541,28012,28022,10
13.0114603043,80.2231216431,28022,28032,10
13.0118598938,80.2221298218,28032,28042,10
13.0123500824,80.2213973999,28042,28051,9
13.0126800537,80.2218704224,28051,28061,10
13.0132102966,80.2224884033,28061,28072,11
13.0138301849,80.2232208252,28072,28082,10
13.0143203735,80.2238388062,28082,28093,11
13.0150003433,80.2245864868,28093,28103,10
13.0155096054,80.2249984741,28103,28113,10
13.0156097412,80.2250366211,28113,28123,10
13.0160303116,80.2253112793,28123,28133,10
13.0168800354,80.2251968384,28133,28143,10
13.0179195404,80.2247924805,28143,28153,10
13.0190095901,80.2244033813,28153,28163,10
13.0197401047,80.2245407104,28163,28173,10
13.0197601318,80.2245483398,28173,28183,10
13.020070076,80.2247772217,28183,28194,11
13.0207595825,80.2252807617,28194,28204,10
13.0220298767,80.2261810303,28204,28224,20
13.0220298767,80.2261810303,28224,28234,10
13.0221595764,80.2263183594,28234,28250,16
13.0229902267,80.2270507813,28250,28262,12
13.0238399506,80.2278366089,28262,28272,10
13.0243396759,80.2283096313,28272,28282,10
13.0244598389,80.2284698486,28282,28292,10
13.0247402191,80.2289505005,28292,28303,11
13.025179863,80.2295379639,28303,28313,10
13.0257196426,80.2303009033,28313,28323,10
13.0260601044,80.2312393188,28323,28331,8
13.02643013,80.231300354,28331,28343,12
13.0274400711,80.2310333252,28343,28353,10
13.0284204483,80.2309188843,28353,28363,10
13.0285902023,80.2309036255,28363,28373,10
13.0286598206,80.2308578491,28373,28383,10
13.0291500092,80.2308197021,28383,28393,10
13.0294399261,80.230796814,28393,28404,11
13.0300197601,80.2307510376,28404,28414,10
13.0307102203,80.2306976318,28414,28424,10
13.0314302444,80.2306518555,28424,28434,10
13.0322303772,80.2305831909,28434,28444,10
13.0331296921,80.2304992676,28444,28454,10
13.0343904495,80.2303771973,28454,28484,30
13.0343904495,80.2303771973,28484,28494,10
13.0347604752,80.2303390503,28494,28505,11
13.0349998474,80.2306671143,28505,28515,10
13.0349197388,80.2313613892,28515,28525,10
13.0347795486,80.232208252,28525,28535,10
13.0346698761,80.2331390381,28535,28545,10
13.0345697403,80.233757019,28545,28555,10
13.0344800949,80.2345199585,28555,28565,10
13.0343503952,80.2354736328,28565,28575,10
13.034239769,80.2366027832,28575,28585,10
13.0343503952,80.2373809814,28585,28595,10
13.0347795486,80.2381286621,28595,28606,11
13.0353498459,80.2390823364,28606,28616,10
13.0358695984,80.2393798828,28616,28626,10
13.036529541,80.2394485474,28626,28636,10
13.0372800827,80.2395401001,28636,28646,10
13.0382900238,80.2396621704,28646,28656,10
13.0393400192,80.2397689819,28656,28666,10
13.0401000977,80.2398834229,28666,28676,10
13.040430069,80.2401275635,28676,28686,10
13.0406799316,80.2405319214,28686,28696,10
13.0411396027,80.2406005859,28696,28706,10
13.0411996841,80.2405700684,28706,28717,11
13.0416297913,80.2406311035,28717,28727,10
13.0423603058,80.2407302856,28727,28737,10
13.0433397293,80.2408676147,28737,28747,10
13.0441999435,80.2408294678,28747,28757,10
13.0446901321,80.2404403687,28757,28767,10
13.0447301865,80.2404174805,28767,28777,10
13.0450601578,80.2402191162,28777,28787,10
13.0455904007,80.2398529053,28787,28797,10
13.0461702347,80.2395095825,28797,28807,10
13.046620369,80.239616394,28807,28818,11
13.0467195511,80.2396774292,28818,28828,10
13.0472297668,80.2397689819,28828,28838,10
13.047949791,80.2399215698,28838,28854,16
13.0492601395,80.2401733398,28854,28866,12
13.0501203537,80.2403411865,28866,28876,10
13.0506496429,80.2404632568,28876,28884,8
13.0513601303,80.2406005859,28884,28896,12
13.0515003204,80.2406387329,28896,28906,10
13.0518302917,80.2406997681,28906,28917,11
13.052479744,80.2409820557,28917,28927,10
13.0527496338,80.2416610718,28927,28937,10
13.0535202026,80.2420501709,28937,28947,10
13.0540304184,80.2422485352,28947,28967,20
13.0540304184,80.2422485352,28967,28977,10
13.054309845,80.2423324585,28977,28987,10
13.0549497604,80.2423324585,28987,28998,11
13.0558996201,80.2423095703,28998,29007,9
13.056599617,80.2426223755,29007,29018,11
13.0570201874,80.2426986694,29018,29029,11
13.0576601028,80.2427825928,29029,29039,10
13.0577602386,80.2427902222,29039,29049,10
13.0581502914,80.2426986694,29049,29059,10
13.0589199066,80.2425384521,29059,29069,10
13.0596599579,80.2425613403,29069,29079,10
13.0603599548,80.2427902222,29079,29089,10
13.0607795715,80.2429275513,29089,29099,10
13.0615501404,80.2431793213,29099,29109,10
13.0621700287,80.2432785034,29109,29119,10
13.0625200272,80.2433395386,29119,29130,11
13.0625696182,80.243347168,29130,29140,10
13.0629997253,80.2434310913,29140,29150,10
13.0637302399,80.2434997559,29150,29160,10
13.0643196106,80.2435302734,29160,29170,10
13.0651197433,80.2435073853,29170,29180,10
13.0660295486,80.2434616089,29180,29190,10
13.0667495728,80.2432327271,29190,29200,10
13.0673799515,80.2429428101,29200,29210,10
13.0680704117,80.2426986694,29210,29220,10
13.0687503815,80.2425003052,29220,29230,10
13.069319725,80.2422790527,29230,29241,11
13.0699396133,80.2421188354,29241,29261,20
13.0699396133,80.2421188354,29261,29277,16
13.0703201294,80.2420578003,29277,29289,12
13.070980072,80.2418365479,29289,29297,8
13.0715198517,80.2416534424,29297,29309,12
13.0722999573,80.2411727905,29309,29319,10
13.0729398727,80.2408218384,29319,29329,10
13.0735902786,80.2406387329,29329,29340,11
13.0744400024,80.2404937744,29340,29350,10
13.0754404068,80.2404708862,29350,29359,9
13.0762996674,80.2404785156,29359,29370,11
13.0770397186,80.2405776978,29370,29379,9
13.0771398544,80.2402267456,29379,29389,10
13.07695961,80.2395172119,29389,29399,10
13.0768003464,80.2388381958,29399,29409,10
13.0766496658,80.238319397,29409,29420,11
13.0766000748,80.238067627,29420,29430,10
13.0765895844,80.238067627,29430,29441,11
13.0764703751,80.2376327515,29441,29461,20
13.0764598846,80.2375335693,29461,29481,20
13.0764598846,80.2375335693,29481,29491,10
13.0764102936,80.2372283936,29491,29501,10
13.0762996674,80.2365875244,29501,29511,10
13.0761699677,80.2357177734,29511,29521,10
13.0759601593,80.2347793579,29521,29531,10
13.0757799149,80.234161377,29531,29582,51
13.0757799149,80.234161377,29582,29592,10
13.0758199692,80.2339096069,29592,29602,10
13.0762395859,80.233757019,29602,29618,16
13.0767698288,80.2336807251,29618,29630,12
13.0769901276,80.2336578369,29630,29638,8
13.0774402618,80.2335891724,29638,29651,13
13.0784101486,80.2335205078,29651,29661,10
13.0792798996,80.2334976196,29661,29671,10
13.0796003342,80.2334976196,29671,29681,10
13.0802898407,80.2335205078,29681,29700,19
13.0802898407,80.2335205078,29700,29711,11
13.0808095932,80.2335662842,29711,29721,10
13.081199646,80.2335586548,29721,29731,10
13.0819797516,80.2334594727,29731,29740,9
13.0820398331,80.2329101563,29740,29751,11
13.0822401047,80.2322769165,29751,29762,11
13.0826101303,80.2311935425,29762,29781,19
13.0826101303,80.2311935425,29781,29792,11
13.08273983,80.2308502197,29792,29802,10
13.0831203461,80.230682373,29802,29812,10
13.0831899643,80.2311706543,29812,29822,10
13.0832195282,80.2319564819,29822,29832,10
13.0833597183,80.2328567505,29832,29842,10
13.0834798813,80.2336196899,29842,29853,11
13.0840997696,80.2339706421,29853,29872,19
13.0840997696,80.2339706421,29872,29883,11
13.0842599869,80.2339935303,29883,29893,10
13.0849103928,80.2341537476,29893,29903,10
13.0857200623,80.234336853,29903,29913,10
13.0863399506,80.2344894409,29913,29923,10
13.0868797302,80.2345733643,29923,29933,10
13.0875797272,80.2345581055,29933,29943,10
13.08796978,80.2339630127,29943,29953,10
13.0880804062,80.2331237793,29953,29963,10
13.0883197784,80.232131958,29963,29974,11
13.0886497498,80.2311019897,29974,29984,10
13.08893013,80.23046875,29984,29994,10
13.0889501572,80.230430603,29994,30004,10
13.0890102386,80.2303085327,30004,30014,10
13.0892601013,80.2298202515,30014,30024,10
13.0896997452,80.2291564941,30024,30034,10
13.0903596878,80.2284317017,30034,30044,10
13.0910396576,80.2276992798,30044,30054,10
13.0914697647,80.2272186279,30054,30065,11
13.0914697647,80.2272109985,30065,30075,10
13.0916795731,80.2269973755,30075,30085,10
13.0921497345,80.2265396118,30085,30095,10
13.0925998688,80.2260665894,30095,30105,10
13.0930995941,80.2255630493,30105,30115,10
13.0932998657,80.2253417969,30115,30125,10
13.0935602188,80.2250823975,30125,30135,10
13.0939998627,80.224571228,30135,30145,10
13.094499588,80.2238922119,30145,30155,10
13.0950603485,80.2229995728,30155,30166,11
13.0953102112,80.222328186,30166,30176,10
13.0953903198,80.2221374512,30176,30186,10
13.0956001282,80.221572876,30186,30196,10
13.0958795547,80.2208023071,30196,30206,10
13.0963497162,80.2193984985,30206,30226,20
13.0963497162,80.2193984985,30226,30236,10
13.096449852,80.2191085815,30236,30246,10
13.0965595245,80.2188720703,30246,30256,10
13.0967502594,80.2182617188,30256,30266,10
13.097029686,80.2174377441,30266,30277,11
13.0972299576,80.2168731689,30277,30287,10
13.0972995758,80.2166976929,30287,30297,10
13.097530365,80.2161331177,30297,30307,10
13.097869873,80.2153396606,30307,30317,10
13.098279953,80.2143783569,30317,30327,10
13.0984601974,80.2139968872,30327,30337,10
13.0986003876,80.2139205933,30337,30347,10
13.0990400314,80.2141418457,30347,30357,10
13.0995903015,80.2143096924,30357,30368,11
13.1003198624,80.2145385742,30368,30398,30
13.1003198624,80.2145385742,30398,30408,10
13.1005096436,80.2145996094,30408,30468,60
13.1005096436,80.2145996094,30468,30479,11
13.1006202698,80.2146530151,30479,30489,10
13.1006002426,80.2149505615,30489,30499,10
13.1003103256,80.2155685425,30499,30509,10
13.1000699997,80.2160873413,30509,30519,10
13.0999097824,80.2160110474,30519,30529,10
13.0999603271,80.2157974243,30529,30539,10
13.1000299454,80.2155838013,30539,30549,10
13.100110054,80.2153778076,30549,30559,10
13.100230217,80.2151870728,30559,30569,10
13.1003303528,80.2149505615,30569,31640,1071
13.1003303528,80.2149505615,31640,31650,10
13.1002702713,80.2146224976,31650,31660,10
13.1000003815,80.2144622803,31660,31670,10
13.0997600555,80.2144012451,31670,31680,10
13.0994100571,80.2143173218,31680,31690,10
13.0989398956,80.2141723633,31690,31700,10
13.0985403061,80.2140426636,31700,31710,10
13.0983200073,80.2144317627,31710,31720,10
13.0980501175,80.2150268555,31720,31731,11
13.0977401733,80.2157592773,31731,31741,10
13.0974998474,80.2163391113,31741,31751,10
13.0973596573,80.2166976929,31751,31761,10
13.0973596573,80.2167129517,31761,31771,10
13.097240448,80.217010498,31771,31781,10
13.0970602036,80.2175292969,31781,31791,10
13.0968103409,80.2182693481,31791,31801,10
13.0965595245,80.2190628052,31801,31811,10
13.0963001251,80.2197875977,31811,31821,10
13.0960102081,80.2206115723,31821,31832,11
13.0957202911,80.2214431763,31832,31842,10
13.0954904556,80.2221603394,31842,31852,10
13.095410347,80.2223815918,31852,31862,10
13.0953798294,80.2224807739,31862,31872,10
13.0952301025,80.2228393555,31872,31882,10
13.0949001312,80.223449707,31882,31892,10
13.0944004059,80.2241592407,31892,31902,10
13.0938796997,80.224822998,31902,31912,10
13.0934801102,80.2253036499,31912,31922,10
13.0930299759,80.2257766724,31922,31933,11
13.0924596786,80.2263565063,31933,31943,10
13.091919899,80.2269210815,31943,31953,10
13.0914297104,80.2274169922,31953,31963,10
13.0912103653,80.2276535034,31963,31993,30
13.0912103653,80.2276535034,31993,32003,10
13.0910100937,80.2278594971,32003,32013,10
13.090669632,80.2282104492,32013,32029,16
13.0898599625,80.2291030884,32029,32042,13
13.0892696381,80.2299575806,32042,32052,10
13.0891599655,80.23021698,32052,32062,10
13.0888395309,80.2309112549,32062,32112,50
13.0888395309,80.2309112549,32112,32122,10
13.0887403488,80.2311630249,32122,32132,10
13.0885801315,80.2314987183,32132,32144,12
13.0884199142,80.2321395874,32144,32154,10
13.0882701874,80.2327575684,32154,32366,212
13.0882701874,80.2327575684,32366,32376,10
13.0881700516,80.2331390381,32376,32386,10
13.0881004333,80.2336120605,32386,32396,10
13.0880203247,80.2341766357,32396,32406,10
13.0875501633,80.2345428467,32406,32416,10
13.0868797302,80.2345275879,32416,32426,10
13.0862598419,80.2344512939,32426,32436,10
13.0856199265,80.2343063354,32436,32446,10
13.0850896835,80.2341766357,32446,32457,11
13.0846204758,80.2340621948,32457,32467,10
13.0839195251,80.2339324951,32467,32487,20
13.0839195251,80.2339324951,32487,32497,10
13.0835800171,80.2338790894,32497,32513,16
13.0831203461,80.2338409424,32513,32525,12
13.0826997757,80.2337112427,32525,32533,8
13.0824899673,80.2336578369,32533,32545,12
13.0824804306,80.2336578369,32545,32556,11
13.0822200775,80.2336196899,32556,32567,11
13.0817203522,80.2335586548,32567,32577,10
13.0811595917,80.2335281372,32577,32587,10
13.0805597305,80.2335586548,32587,32597,10
13.0800199509,80.2335662842,32597,32607,10
13.0795602798,80.2335586548,32607,32618,11
13.079079628,80.2335891724,32618,32628,10
13.0785598755,80.2336196899,32628,32638,10
13.0779399872,80.2336273193,32638,32648,10
13.0772600174,80.2337036133,32648,32658,10
13.0765600204,80.2338104248,32658,32669,11
13.0759496689,80.2339401245,32669,32679,10
13.0758895874,80.2340774536,32679,32709,30
13.0758895874,80.2340774536,32709,32719,10
13.075920105,80.2343063354,32719,32729,10
13.0759601593,80.2345199585,32729,32739,10
13.0760202408,80.2348632813,32739,32749,10
13.0761499405,80.2354507446,32749,32759,10
13.0763196945,80.2362136841,32759,32770,11
13.0765304565,80.2372817993,32770,32790,20
13.0765304565,80.2372817993,32790,32800,10
13.0765895844,80.2375030518,32800,32810,10
13.0766496658,80.23777771,32810,32820,10
13.0766801834,80.2378921509,32820,32830,10
13.0767097473,80.2380981445,32830,32840,10
13.0767698288,80.2385482788,32840,32850,10
13.0768995285,80.2391433716,32850,32860,10
13.0770597458,80.2397766113,32860,32871,11
13.0772600174,80.2406387329,32871,32881,10
13.0773801804,80.2412109375,32881,32891,10
13.077460289,80.2416915894,32891,32901,10
13.0776395798,80.2423706055,32901,32911,10
13.0777702332,80.2432022095,32911,32921,10
13.0778198242,80.2440490723,32921,32931,10
13.0778198242,80.2443389893,32931,32941,10
13.077870369,80.2446517944,32941,32951,10
13.0779304504,80.2452163696,32951,32961,10
13.0779895782,80.2459716797,32961,32971,10
13.0781002045,80.2467575073,32971,32982,11
13.0783100128,80.2477798462,32982,32992,10
13.0785303116,80.2486801147,32992,33002,10
13.0786895752,80.249420166,33002,33012,10
13.0787696838,80.2501983643,33012,33022,10
13.0785398483,80.250831604,33022,33032,10
13.0786504745,80.2513198853,33032,33093,61
13.0786504745,80.2513198853,33093,33103,10
13.0784702301,80.251663208,33103,33113,10
13.0782604218,80.2516937256,33113,33123,10
13.0780000687,80.251739502,33123,33133,10
13.0773801804,80.2518463135,33133,33143,10
13.0766496658,80.2519989014,33143,33153,10
13.075750351,80.2521514893,33153,33163,10
13.0750198364,80.2521972656,33163,33173,10
13.0742902756,80.2522506714,33173,33184,11
13.0740404129,80.2523117065,33184,33194,10
13.073969841,80.2523498535,33194,33204,10
13.0737304688,80.252456665,33204,33214,10
13.0732297897,80.2524032593,33214,33224,10
13.0726003647,80.2523880005,33224,33234,10
13.0721998215,80.2519989014,33234,33244,10
13.0720396042,80.2509765625,33244,33254,10
13.0717401505,80.2499694824,33254,33264,10
13.0714902878,80.2488632202,33264,33274,10
13.0712995529,80.2480773926,33274,33284,10
13.0710897446,80.247543335,33284,33295,11
13.0707197189,80.2467727661,33295,33305,10
13.0703201294,80.2459411621,33305,33315,10
13.0698900223,80.2449798584,33315,33325,10
13.0695400238,80.2439575195,33325,33335,10
13.0693397522,80.243347168,33335,33355,20
13.0693397522,80.243347168,33355,33365,10
13.0693101883,80.2431869507,33365,33375,10
13.0692396164,80.2428283691,33375,33385,10
13.0691003799,80.2425537109,33385,33396,11
13.0689601898,80.242477417,33396,33406,10
13.0687303543,80.2424926758,33406,33416,10
13.0683097839,80.2426376343,33416,33426,10
13.0676803589,80.2428436279,33426,33436,10
13.0670995712,80.2431182861,33436,33446,10
13.0665597916,80.243347168,33446,33466,20
13.0665597916,80.243347168,33466,33476,10
13.0663604736,80.2434921265,33476,33486,10
13.0662403107,80.2436065674,33486,33497,11
13.0661802292,80.2436981201,33497,33507,10
13.0662002563,80.2438201904,33507,33517,10
13.0662202835,80.2440795898,33517,33527,10
13.0662603378,80.2443389893,33527,33537,10
13.0662698746,80.2445831299,33537,33547,10
13.0663204193,80.2448730469,33547,33557,10
13.0663795471,80.245262146,33557,33567,10
13.0664596558,80.2457275391,33567,33577,10
13.0669002533,80.2460632324,33577,33587,10
13.0678100586,80.2464981079,33587,33608,21
13.0678100586,80.2464981079,33608,33618,10
13.0678901672,80.2465820313,33618,33628,10
13.0679798126,80.2470779419,33628,33638,10
13.0679197311,80.247718811,33638,33648,10
13.0674295425,80.2478790283,33648,33658,10
13.0666503906,80.2478790283,33658,33668,10
13.0661296844,80.2478485107,33668,33678,10
13.065779686,80.247833252,33678,33688,10
13.0651397705,80.2477874756,33688,33698,10
13.0642900467,80.247718811,33698,33709,11
13.0631999969,80.2476501465,33709,33719,10
13.0621995926,80.2476196289,33719,33729,10
13.06153965,80.2473678589,33729,33739,10
13.0614595413,80.2468719482,33739,33749,10
13.0618095398,80.2463378906,33749,33759,10
13.0620098114,80.2455215454,33759,33769,10
13.0624198914,80.2449188232,33769,33779,10
13.0631999969,80.2441711426,33779,33799,20
13.0631999969,80.2441711426,33799,33809,10
13.0634002686,80.243850708,33809,33820,11
13.0633001328,80.2434768677,33820,33830,10
13.0627498627,80.2433776855,33830,33840,10
13.0620803833,80.2432479858,33840,33850,10
13.0614900589,80.2431411743,33850,33866,16
13.0605697632,80.2428894043,33866,33878,12
13.059800148,80.2426300049,33878,33886,8
13.0593500137,80.2425231934,33886,33898,12
13.0587902069,80.2425765991,33898,33908,10
13.0586996078,80.2426071167,33908,33918,10
13.0586395264,80.2426376343,33918,33926,8
13.0583600998,80.2426605225,33926,33939,13
13.0576000214,80.2427902222,33939,33949,10
13.0570602417,80.2427825928,33949,33959,10
13.0568504333,80.24269104,33959,33969,10
13.0562400818,80.242477417,33969,33979,10
13.0558996201,80.2423019409,33979,33989,10
13.0555696487,80.2422637939,33989,33999,10
13.0548496246,80.242401123,33999,34009,10
13.0546302795,80.242401123,34009,34020,11
13.0538797379,80.2422714233,34020,34051,31
13.0538797379,80.2422714233,34051,34061,10
13.0534801483,80.2421035767,34061,34071,10
13.0531196594,80.2419433594,34071,34081,10
13.0530796051,80.2419204712,34081,34091,10
13.0527801514,80.2418365479,34091,34101,10
13.0523796082,80.2414779663,34101,34111,10
13.0521202087,80.2409896851,34111,34121,10
13.0518798828,80.240737915,34121,34132,11
13.0515298843,80.2406692505,34132,34142,10
13.051199913,80.2406005859,34142,34152,10
13.0508403778,80.2405166626,34152,34162,10
13.0501403809,80.2403793335,34162,34172,10
13.0496196747,80.2402572632,34172,34182,10
13.049079895,80.2401428223,34182,34192,10
13.0484600067,80.2399978638,34192,34202,10
13.0476303101,80.2398300171,34202,34212,10
13.0468301773,80.2396621704,34212,34222,10
13.046330452,80.2395782471,34222,34233,11
13.0462398529,80.239440918,34233,34243,10
13.0463600159,80.2390670776,34243,34253,10
13.0464601517,80.2384262085,34253,34263,10
13.0466403961,80.2375869751,34263,34273,10
13.0468196869,80.2367095947,34273,34283,10
13.0469903946,80.2360610962,34283,34292,9
13.04708004,80.2356872559,34292,34303,11
13.0470895767,80.2353897095,34303,34313,10
13.0471401215,80.2348022461,34313,34323,10
13.0472297668,80.2339324951,34323,34334,11
13.0473403931,80.2331695557,34334,34344,10
13.0471401215,80.233001709,34344,34354,10
13.0465202332,80.2328796387,34354,34364,10
13.0457601547,80.2328033447,34364,34374,10
13.0452299118,80.232673645,34374,34384,10
13.0452203751,80.232673645,34384,34394,10
13.0450801849,80.2326507568,34394,34404,10
13.044719696,80.2325592041,34404,34420,16
13.0435800552,80.2323608398,34420,34432,12
13.042719841,80.2323303223,34432,34442,10
13.0419902802,80.2322921753,34442,34453,11
13.0410699844,80.232093811,34453,34463,10
13.0401000977,80.2317504883,34463,34471,8
13.0392999649,80.2315292358,34471,34482,11
13.0382699966,80.231262207,34482,34493,11
13.0372400284,80.2309417725,34493,34503,10
13.0368003845,80.230796814,34503,34513,10
13.0363397598,80.2306365967,34513,34523,10
13.0357503891,80.2304763794,34523,34614,91
13.0357503891,80.2304763794,34614,34624,10
13.0355396271,80.2304000854,34624,34634,10
13.0352802277,80.2303009033,34634,34644,10
13.0348796844,80.2302703857,34644,34655,11
13.0345001221,80.2303771973,34655,34665,10
13.034070015,80.230430603,34665,34675,10
13.0336103439,80.23046875,34675,34685,10
13.0334796906,80.2304763794,34685,34695,10
13.0333499908,80.230506897,34695,34705,10
13.0328397751,80.2305374146,34705,34715,10
13.032119751,80.2306137085,34715,34725,10
13.0315799713,80.2306671143,34725,34735,10
13.0314998627,80.2306900024,34735,34745,10
13.03125,80.2307128906,34745,34816,71
13.0310096741,80.2307662964,34816,34877,61
13.0310096741,80.2307662964,34877,34887,10
13.0307502747,80.2307662964,34887,34897,10
13.0304603577,80.2307815552,34897,34907,10
13.0298995972,80.2308273315,34907,34917,10
13.0293598175,80.2308807373,34917,34927,10
13.0286598206,80.2309570313,34927,34937,10
13.0279397964,80.2309875488,34937,34947,10
13.0277204514,80.2312469482,34947,34957,10
13.0277900696,80.2319107056,34957,34968,11
13.0279197693,80.2326965332,34968,34978,10
13.027179718,80.2329101563,34978,35087,109
13.027179718,80.2329101563,35087,35097,10
13.0268697739,80.233001709,35097,35107,10
13.0264997482,80.232963562,35107,35117,10
13.0262899399,80.2324676514,35117,35127,10
13.0262203217,80.2320404053,35127,35136,9
13.0262098312,80.2318878174,35136,35147,11
13.0261802673,80.2315979004,35147,35157,10
13.0260400772,80.2310562134,35157,35168,11
13.0256299973,80.2302017212,35168,35179,11
13.0249996185,80.2294006348,35179,35189,10
13.0246200562,80.2289276123,35189,35199,10
13.0241098404,80.2283630371,35199,35229,30
13.0241098404,80.2283630371,35229,35239,10
13.0239295959,80.228012085,35239,35249,10
13.0234804153,80.2275466919,35249,35259,10
13.0228500366,80.2269821167,35259,35269,10
13.0220603943,80.2263031006,35269,35280,11
13.0210599899,80.2255401611,35280,35290,10
13.0201702118,80.224937439,35290,35300,10
13.0199098587,80.2247467041,35300,35310,10
13.0198802948,80.2247390747,35310,35320,10
13.0195398331,80.224571228,35320,35330,10
13.0187997818,80.2245178223,35330,35340,10
13.0178499222,80.2248916626,35340,35350,10
13.0167999268,80.2253265381,35350,35359,9
13.0159196854,80.2256393433,35359,35369,10
13.0149803162,80.2259979248,35369,35381,12
13.014380455,80.2262573242,35381,35390,9
13.0143404007,80.2262802124,35390,35401,11
13.0142402649,80.22631073,35401,35411,10
13.0137500763,80.2265014648,35411,35421,10
13.0130195618,80.2267837524,35421,35431,10
13.0120897293,80.2271499634,35431,35441,10
13.0110502243,80.2275466919,35441,35451,10
13.010020256,80.2279586792,35451,35461,10
13.0092096329,80.2285003662,35461,35471,10
13.0089797974,80.2294921875,35471,35482,11
13.0087995529,80.2305221558,35482,35492,10
13.0087099075,80.2309494019,35492,35502,10
13.0086803436,80.2311706543,35502,35512,10
13.0086297989,80.2314224243,35512,35522,10
13.0085802078,80.2316970825,35522,35532,10
13.0085096359,80.2320632935,35532,35588,56
13.0084495544,80.2324676514,35588,35651,63
13.0084495544,80.2324676514,35651,35661,10
13.0083599091,80.2328567505,35661,35671,10
13.0083398819,80.2330093384,35671,35681,10
13.008310318,80.2333984375,35681,35691,10
13.0082998276,80.2334365845,35691,35702,11
13.0081996918,80.2337493896,35702,35752,50
13.0081996918,80.2337493896,35752,35762,10
13.0081396103,80.2341537476,35762,35772,10
13.0081396103,80.234161377,35772,35782,10
13.008099556,80.2343292236,35782,35792,10
13.007900238,80.2352371216,35792,35823,31
13.007900238,80.2352371216,35823,35833,10
13.0078601837,80.2355499268,35833,35843,10
13.0077600479,80.2359466553,35843,35853,10
13.0076503754,80.2364273071,35853,35863,10
13.0075597763,80.2368621826,35863,35873,10
13.0074996948,80.237159729,35873,35883,10
13.0074300766,80.2375030518,35883,35893,10
13.007349968,80.2379608154,35893,35904,11
13.0072803497,80.238319397,35904,35914,10
13.007229805,80.2385864258,35914,35934,20
13.007229805,80.2385864258,35934,35944,10
13.0072097778,80.2387924194,35944,35954,10
13.0071401596,80.2391433716,35954,35964,10
13.0070199966,80.2396469116,35964,35974,10
13.0069599152,80.2401123047,35974,35984,10
13.0068798065,80.2407684326,35984,35994,10
13.0068502426,80.2408828735,35994,36004,10
13.0067796707,80.2413024902,36004,36015,11
13.0067501068,80.2422027588,36015,36025,10
13.0067396164,80.2429733276,36025,36095,70
13.0067396164,80.2429733276,36095,36105,10
13.0067195892,80.2432632446,36105,36116,11
13.0067501068,80.2435073853,36116,36125,9
13.0067396164,80.2439193726,36125,36136,11
13.0067396164,80.2445907593,36136,36146,10
13.0067501068,80.2451171875,36146,36156,10
13.006770134,80.2456970215,36156,36166,10
13.0067996979,80.2463607788,36166,36176,10
13.0068302155,80.2470092773,36176,36186,10
13.0067996979,80.2477035522,36186,36196,10
13.0068101883,80.2485122681,36196,36206,10
13.0068798065,80.2491912842,36206,36227,21
13.0068798065,80.2491912842,36227,36237,10
13.0068902969,80.2493972778,36237,36247,10
13.0068798065,80.2499389648,36247,36257,10
13.0068597794,80.250617981,36257,36267,10
13.0068397522,80.251411438,36267,36277,10
13.0067300797,80.251991272,36277,36287,10
13.0066404343,80.2523574829,36287,36297,10
13.0066604614,80.2526016235,36297,36307,10
13.0067100525,80.2531280518,36307,36317,10
13.0066699982,80.2540435791,36317,36731,414
13.0066699982,80.2540435791,36731,36741,10
13.0066604614,80.2542800903,36741,36752,11
13.0066299438,80.254447937,36752,36762,10
13.0066299438,80.2547988892,36762,36772,10
13.0066404343,80.2555618286,36772,36782,10
13.0066404343,80.2565994263,36782,36792,10
13.0067901611,80.2575912476,36792,36802,10
13.0072603226,80.2584533691,36802,36812,10
13.0076799393,80.2587585449,36812,36822,10
13.0081396103,80.2590866089,36822,36832,10
13.0076198578,80.2593536377,36832,36842,10
13.007229805,80.2587814331,36842,36853,11
13.0068998337,80.2581710815,36853,36863,10
13.0067796707,80.2579269409,36863,36883,20
13.0066099167,80.2576980591,36883,36923,40
13.0066099167,80.2576980591,36923,36933,10
13.0065402985,80.2575836182,36933,36943,10
13.0065002441,80.257232666,36943,36954,11
13.0064897537,80.256690979,36954,36964,10
13.006480217,80.2559967041,36964,36974,10
13.0065002441,80.2553863525,36974,36984,10
13.006529808,80.2550201416,36984,36994,10
13.0065202713,80.2545623779,36994,37003,9
13.0065097809,80.2539215088,37003,37014,11
13.0065097809,80.2532424927,37014,37024,10
13.0065097809,80.2532196045,37024,37034,10
13.0065097809,80.2530975342,37034,37044,10
13.0065202713,80.2528381348,37044,37075,31
13.0065202713,80.2528381348,37075,37085,10
13.0065202713,80.2526931763,37085,37095,10
13.0065402985,80.2524185181,37095,37105,10
13.0066604614,80.2518234253,37105,37115,10
13.0067796707,80.2509384155,37115,37125,10
13.0067596436,80.25025177,37125,37135,10
13.0067396164,80.2498626709,37135,37145,10
13.0067195892,80.2494125366,37145,37155,10
13.0067100525,80.2491989136,37155,37287,132
13.0067100525,80.2491989136,37287,37297,10
13.0066995621,80.2488021851,37297,37307,10
13.0066604614,80.2484207153,37307,37317,10
13.0066604614,80.248298645,37317,37327,10
13.006649971,80.2480773926,37327,37337,10
13.0066299438,80.2475814819,37337,37347,10
13.0066404343,80.2471466064,37347,37357,10
13.0066404343,80.2470169067,37357,37367,10
13.0066099167,80.2467575073,37367,37378,11
13.0065698624,80.2465896606,37378,37388,10
13.0066404343,80.2462310791,37388,37398,10
13.0066404343,80.2455673218,37398,37408,10
13.0066299438,80.2449417114,37408,37418,10
13.0066099167,80.2445373535,37418,37428,10
13.0066003799,80.2441101074,37428,37438,10
13.0065803528,80.2436599731,37438,37448,10
13.0065803528,80.2429504395,37448,37458,10
13.0065698624,80.2420196533,37458,37468,10
13.0065698624,80.2412567139,37468,37537,69
13.0065698624,80.2412567139,37537,37547,10
13.0066204071,80.240852356,37547,37557,10
13.0066604614,80.2405700684,37557,37567,10
13.0067596436,80.2401580811,37567,37577,10
13.0069198608,80.2394714355,37577,37588,11
13.0071201324,80.2383728027,37588,37598,10
13.0073404312,80.2374191284,37598,37608,10
13.0074796677,80.2366714478,37608,37618,10
13.0076599121,80.2357177734,37618,37628,10
13.0078897476,80.23462677,37628,37637,9
13.0081100464,80.2335891724,37637,37647,10
13.0083599091,80.2323532104,37647,37658,11
13.0085802078,80.2311706543,37658,37668,10
13.0087995529,80.2300415039,37668,37678,10
13.0090103149,80.2289733887,37678,37688,10
13.0092401505,80.2280502319,37688,37699,11
13.0097703934,80.2268066406,37699,37709,10
13.010219574,80.2258911133,37709,37719,10
13.0106496811,80.2250137329,37719,37729,10
13.0110197067,80.2241363525,37729,37739,10
13.0112895966,80.2235565186,37739,37749,10
13.0113201141,80.223487854,37749,37759,10
13.0113697052,80.2233581543,37759,37769,10
13.0115995407,80.2228088379,37769,37779,10
13.011879921,80.2220077515,37779,37789,10
13.0121202469,80.2213973999,37789,37800,11
13.0124998093,80.2215881348,37800,37810,10
13.0129003525,80.2221603394,37810,37820,10
13.0134000778,80.2227630615,37820,37830,10
13.0139198303,80.2233505249,37830,37840,10
13.0143003464,80.2237930298,37840,37850,10
13.0147104263,80.2242126465,37850,37860,10
13.0147800446,80.2242736816,37860,37870,10
13.0150299072,80.2245635986,37870,37880,10
13.0154695511,80.2249221802,37880,37900,20
13.0154695511,80.2249221802,37900,37911,11
13.0156402588,80.2250823975,37911,37921,10
13.0160503387,80.2253112793,37921,37931,10
13.0168304443,80.2251968384,37931,37947,16
13.0180997849,80.2246398926,37947,37969,22
13.0180997849,80.2246398926,37969,37979,10
13.0183801651,80.2245407104,37979,37989,10
13.0185699463,80.2244720459,37989,37999,10
13.0188903809,80.224319458,37999,38009,10
13.0192403793,80.224281311,38009,38020,11
13.0195198059,80.2243728638,38020,38070,50
13.0195198059,80.2243728638,38070,38080,10
13.019780159,80.2245483398,38080,38090,10
13.0200500488,80.2247390747,38090,38100,10
13.0202102661,80.224861145,38100,38142,42
13.0202102661,80.224861145,38142,38152,10
13.0204401016,80.2249984741,38152,38182,30
13.0204401016,80.2249984741,38182,38191,9
13.0206804276,80.2251281738,38191,38201,10
13.0209302902,80.2253494263,38201,38223,22
13.0209302902,80.2253494263,38223,38233,10
13.0212202072,80.2256317139,38233,38254,21
13.0212202072,80.2256317139,38254,38264,10
13.0213403702,80.2258224487,38264,38274,10
13.0214796066,80.2259216309,38274,38284,10
13.0217695236,80.22605896,38284,38294,10
13.0219202042,80.2261123657,38294,38314,20
13.0219202042,80.2261123657,38314,38325,11
13.0221204758,80.2262115479,38325,38335,10
13.0221595764,80.2262573242,38335,38345,10
13.0221996307,80.22631073,38345,38355,10
13.0223703384,80.2264480591,38355,38365,10
13.0225000381,80.2265777588,38365,38375,10
13.0226202011,80.2266769409,38375,38385,10
13.0227499008,80.2268218994,38385,38395,10
13.0228796005,80.2269668579,38395,38405,10
13.0230197906,80.227142334,38405,38415,10
13.0231800079,80.2273025513,38415,38425,10
13.0234003067,80.2275009155,38425,38436,11
13.0237998962,80.2278137207,38436,38446,10
13.0239601135,80.2279586792,38446,38456,10
13.0239896774,80.2279891968,38456,38466,10
13.0241603851,80.2281494141,38466,38476,10
13.0242395401,80.2282333374,38476,38485,9
13.0243396759,80.2283630371,38485,38496,11
13.0245599747,80.2286987305,38496,38506,10
13.0247001648,80.2288894653,38506,38516,10
13.0249795914,80.2293014526,38516,38525,9
13.0252199173,80.2295913696,38525,38537,12
13.0256204605,80.2301177979,38537,38547,10
13.0258703232,80.2305831909,38547,38557,10
13.0259599686,80.2308120728,38557,38567,10
13.0260095596,80.2310714722,38567,38577,10
13.026260376,80.231300354,38577,38587,10
13.0269298553,80.2311325073,38587,38597,10
13.0278396606,80.2309265137,38597,38607,10
13.0285797119,80.2308502197,38607,38617,10
13.0289201736,80.2308273315,38617,38627,10
13.0293197632,80.230796814,38627,38648,21
13.0293197632,80.230796814,38648,38658,10
13.0295295715,80.2307662964,38658,38668,10
13.0301103592,80.23072052,38668,38678,10
13.030579567,80.230682373,38678,38688,10
13.0311002731,80.2306518555,38688,38698,10
13.0319004059,80.2305908203,38698,38708,10
13.0333499908,80.23046875,38708,38738,30
13.0333499908,80.23046875,38738,38749,11
13.0337095261,80.2304382324,38749,38759,10
13.034239769,80.2303771973,38759,38789,30
13.034239769,80.2303771973,38789,38799,10
13.0344200134,80.2303695679,38799,38809,10
13.0347900391,80.2303009033,38809,38819,10
13.0349397659,80.2303237915,38819,38829,10
13.0349903107,80.2305221558,38829,38839,10
13.0349998474,80.2305908203,38839,38850,11
13.0349798203,80.2308578491,38850,38860,10
13.034910202,80.2312393188,38860,38870,10
13.034819603,80.2317581177,38870,38880,10
13.0347204208,80.232421875,38880,38890,10
13.0346403122,80.2330169678,38890,38900,10
13.034620285,80.2333221436,38900,38910,10
13.0345401764,80.2337417603,38910,38920,10
13.0344495773,80.2344818115,38920,38930,10
13.0343399048,80.2352905273,38930,38940,10
13.034239769,80.2361831665,38940,38950,10
13.0341796875,80.2368164063,38950,38981,31
13.0341796875,80.2368164063,38981,38991,10
13.0341796875,80.2369384766,38991,39001,10
13.034239769,80.2372436523,39001,39011,10
13.0344896317,80.2377166748,39011,39021,10
13.034740448,80.2381210327,39021,39031,10
13.0349197388,80.2383880615,39031,39047,16
13.0352802277,80.2389526367,39047,39059,12
13.0358104706,80.2393569946,39059,39070,11
13.0359897614,80.2393722534,39070,39080,10
13.036239624,80.239402771,39080,39089,9
13.0367202759,80.2394485474,39089,39100,11
13.0374803543,80.2395401001,39100,39109,9
13.0379400253,80.2395782471,39109,39120,11
13.0385303497,80.2396621704,39120,39130,10
13.0391197205,80.2397079468,39130,39140,10
13.0391302109,80.2397232056,39140,39150,10
13.0394496918,80.2397994995,39150,39160,10
13.0403003693,80.2399215698,39160,39191,31
13.0403003693,80.2399215698,39191,39201,10
13.0404500961,80.2402114868,39201,39211,10
13.0405397415,80.2404937744,39211,39221,10
13.0410404205,80.240562439,39221,39231,10
13.0411396027,80.240562439,39231,39241,10
13.0414495468,80.2405929565,39241,39251,10
13.0421104431,80.2406692505,39251,39261,10
13.0430202484,80.2407913208,39261,39272,11
13.0439596176,80.2408905029,39272,39282,10
13.0446100235,80.2404785156,39282,39302,20
13.0446100235,80.2404785156,39302,39312,10
13.0447998047,80.2403488159,39312,39322,10
13.0452299118,80.2401275635,39322,39332,10
13.0456495285,80.2397994995,39332,39342,10
13.0461301804,80.2395324707,39342,39352,10
13.0464000702,80.2395782471,39352,39362,10
13.0465297699,80.239616394,39362,39373,11
13.0470600128,80.2397232056,39373,39383,10
13.0477199554,80.2398376465,39383,39393,10
13.0485095978,80.239982605,39393,39403,10
13.0492095947,80.2401123047,39403,39413,10
13.0499296188,80.2402496338,39413,39423,10
13.0507097244,80.2404022217,39423,39433,10
13.0511302948,80.2405166626,39433,39443,10
13.0513696671,80.2405776978,39443,39453,10
13.0523796082,80.2407989502,39453,39494,41
13.0523796082,80.2407989502,39494,39504,10
13.0525503159,80.2410125732,39504,39514,10
13.0525903702,80.2412872314,39514,39524,10
13.0526103973,80.2413787842,39524,39534,10
13.05286026,80.2417221069,39534,39544,10
13.0539503098,80.2421798706,39544,39574,30
13.0539503098,80.2421798706,39574,39585,11
13.054400444,80.2422714233,39585,39595,10
13.055100441,80.2422180176,39595,39605,10
13.0559597015,80.2422714233,39605,39615,10
13.0566301346,80.2425689697,39615,39625,10
13.0569200516,80.2425613403,39625,39635,10
13.0571699142,80.2427368164,39635,39645,10
13.0576400757,80.2427368164,39645,39655,10
13.0581798553,80.2426376343,39655,39665,10
13.058839798,80.2425384521,39665,39675,10
13.0593395233,80.2424697876,39675,39685,10
13.0598297119,80.2426300049,39685,39696,11
13.0603103638,80.242767334,39696,39706,10
13.0607795715,80.2429199219,39706,39716,10
13.0613603592,80.2430801392,39716,39726,10
13.0618600845,80.2431869507,39726,39736,10
13.0624704361,80.2432937622,39736,39756,20
13.0624704361,80.2432937622,39756,39766,10
13.0625696182,80.243309021,39766,39776,10
13.0630302429,80.2433929443,39776,39786,10
13.0637302399,80.2434616089,39786,39797,11
13.0641498566,80.2434768677,39797,39807,10
13.0647296906,80.2434768677,39807,39817,10
13.0657196045,80.2434997559,39817,39908,91
13.0657196045,80.2434997559,39908,39918,10
13.0659303665,80.2434463501,39918,39928,10
13.0664901733,80.2433013916,39928,39938,10
13.0672302246,80.2430114746,39938,39948,10
13.0680704117,80.2426986694,39948,39958,10
13.0689601898,80.242401123,39958,39968,10
13.070110321,80.2420501709,39968,39988,20
13.070110321,80.2420501709,39988,39999,11
13.0704898834,80.2419509888,39999,40009,10
13.0711202621,80.2417526245,40009,40019,10
13.0719203949,80.2413635254,40019,40029,10
13.072719574,80.2408599854,40029,40039,10
13.0735397339,80.2406311035,40039,40049,10
13.074139595,80.2404937744,40049,40059,10
13.0749597549,80.2404708862,40059,40068,9
13.0759000778,80.240447998,40068,40078,10
13.0768404007,80.240562439,40078,40089,11
13.0771398544,80.2402420044,40089,40099,10
13.07695961,80.2395629883,40099,40110,11
13.0767202377,80.2385787964,40110,40120,10
13.0765104294,80.2378082275,40120,40130,10
13.0763998032,80.2373199463,40130,40150,20
13.0763998032,80.2373199463,40150,40160,10
13.0763902664,80.2370376587,40160,40170,10
13.0762796402,80.2364273071,40170,40180,10
13.0761404037,80.2355575562,40180,40190,10
13.0759000778,80.2345733643,40190,40200,10
13.0757703781,80.2341308594,40200,40211,11
13.0757703781,80.23412323,40211,40221,10
13.075799942,80.2339324951,40221,40231,10
13.0762701035,80.2337188721,40231,40241,10
13.0768003464,80.2336425781,40241,40251,10
13.0768098831,80.2336425781,40251,40261,10
13.0772199631,80.2335891724,40261,40271,10
13.0779304504,80.2335128784,40271,40281,10
13.0788602829,80.2334823608,40281,40291,10
13.0795898438,80.2334594727,40291,40301,10
13.0801401138,80.2334365845,40301,40311,10
13.0802898407,80.2334594727,40311,40322,11
13.0804796219,80.2334671021,40322,40332,10
13.0810499191,80.2334594727,40332,40342,10
13.0818004608,80.2334823608,40342,40352,10
13.0819997787,80.2331314087,40352,40362,10
13.0821399689,80.2324295044,40362,40372,10
13.0824298859,80.2316131592,40372,40382,10
13.0827198029,80.2309036255,40382,40392,10
13.0831098557,80.2306671143,40392,40402,10
13.0831804276,80.2312164307,40402,40412,10
13.0832195282,80.2320709229,40412,40423,11
13.0833797455,80.2329177856,40423,40433,10
13.0834798813,80.2334594727,40433,40443,10
13.0834798813,80.233543396,40443,40453,10
13.083530426,80.2337799072,40453,40493,40
13.083530426,80.2337799072,40493,40503,10
13.0837402344,80.2339019775,40503,40513,10
13.0840301514,80.2339401245,40513,40523,10
13.0840902328,80.2339401245,40523,40534,11
13.0846204758,80.2340621948,40534,40544,10
13.0852899551,80.2341918945,40544,40554,10
13.0860500336,80.2343978882,40554,40564,10
13.0868701935,80.2345275879,40564,40574,10
13.0877599716,80.2344589233,40574,40584,10
13.0880098343,80.2336807251,40584,40594,10
13.0881795883,80.2326507568,40594,40604,10
13.088470459,80.2315216064,40604,40614,10
13.0889196396,80.2304382324,40614,40635,21
13.0889196396,80.2304382324,40635,40645,10
13.089099884,80.2300720215,40645,40655,10
13.0894498825,80.2294464111,40655,40664,9
13.0900001526,80.2288208008,40664,40675,11
13.0908403397,80.227897644,40675,40685,10
13.0914001465,80.2272796631,40685,40695,10
13.0914402008,80.2272415161,40695,40705,10
13.0915699005,80.2271194458,40705,40715,10
13.0920200348,80.2266769409,40715,40725,10
13.0926303864,80.2260665894,40725,40736,11
13.0934095383,80.2252731323,40736,40746,10
13.0939302444,80.2246627808,40746,40756,10
13.094499588,80.2239227295,40756,40766,10
13.0950803757,80.2230300903,40766,40776,10
13.0953197479,80.2223815918,40776,40786,10
13.0953798294,80.2221984863,40786,40796,10
13.0955896378,80.2216033936,40796,40806,10
13.0958900452,80.220741272,40806,40816,10
13.0962400436,80.2197418213,40816,40826,10
13.0964002609,80.2192230225,40826,40847,21
13.0964002609,80.2192230225,40847,40857,10
13.0964603424,80.2190933228,40857,40867,10
13.0966396332,80.2185821533,40867,40877,10
13.0968799591,80.2178268433,40877,40887,10
13.0971498489,80.2170410156,40887,40897,10
13.0971899033,80.2169265747,40897,40907,10
13.0973596573,80.216506958,40907,40917,10
13.0976696014,80.2157669067,40917,40927,10
13.0980396271,80.2148971558,40927,40937,10
13.0983400345,80.2142333984,40937,40948,11
13.0987195969,80.2139816284,40948,40958,10
13.0991802216,80.2142105103,40958,40968,10
13.0997695923,80.2143630981,40968,40978,10
13.1002998352,80.2145233154,40978,40998,20
13.1002998352,80.2145233154,40998,41008,10
13.1005601883,80.2146224976,41008,41059,51
13.1005601883,80.2146224976,41059,41069,10
13.100569725,80.2149200439,41069,41079,10
13.100279808,80.2155532837,41079,41089,10
13.1000299454,80.2160568237,41089,41099,10
13.0999298096,80.2158432007,41099,41109,10
13.100060463,80.2155532837,41109,41119,10
13.1002101898,80.2151412964,41119,41129,10
13.1002998352,80.2148971558,41129,41483,354
13.1002998352,80.2148971558,41483,41493,10
13.1001701355,80.2145309448,41493,41503,10
13.0998802185,80.2144088745,41503,41513,10
13.0994100571,80.2143096924,41513,41523,10
13.098859787,80.2141494751,41523,41533,10
13.0985002518,80.2140808105,41533,41543,10
13.0983104706,80.2144699097,41543,41553,10
13.0979995728,80.215171814,41553,41563,10
13.0976295471,80.2160263062,41563,41574,11
13.0972499847,80.2170028687,41574,41584,10
13.0968999863,80.2179870605,41584,41594,10
13.0966396332,80.2189025879,41594,41604,10
13.0963401794,80.2196807861,41604,41614,10
13.0960197449,80.2205810547,41614,41624,10
13.0957298279,80.2214126587,41624,41634,10
13.0954399109,80.2222366333,41634,41643,9
13.0953798294,80.2224197388,41643,41653,10
13.0952100754,80.2228088379,41653,41664,11
13.0947999954,80.2235565186,41664,41675,11
13.0941295624,80.2244873047,41675,41685,10
13.09375,80.2249603271,41685,41695,10
13.0936002731,80.2251281738,41695,41705,10
13.0932302475,80.2255401611,41705,41715,10
13.0928096771,80.2259597778,41715,41786,71
13.0928096771,80.2259597778,41786,41796,10
13.0925302505,80.226272583,41796,41806,10
13.092300415,80.2264785767,41806,41816,10
13.0918197632,80.2269821167,41816,41826,10
13.0912904739,80.2275466919,41826,41836,10
13.0912103653,80.2276229858,41836,41846,10
13.0909204483,80.2279281616,41846,41856,10
13.0904397964,80.2284164429,41856,41866,10
13.0898303986,80.2291030884,41866,41876,10
13.0893201828,80.2298202515,41876,41886,10
13.0891304016,80.2302017212,41886,41897,11
13.088809967,80.2308883667,41897,41917,20
13.088809967,80.2308883667,41917,41927,10
13.0886201859,80.231262207,41927,41937,10
13.0884103775,80.2319107056,41937,41947,10
13.0881996155,80.2326812744,41947,41957,10
13.088060379,80.2334823608,41957,41967,10
13.0879802704,80.234161377,41967,41977,10
13.0876197815,80.2345428467,41977,41988,11
13.0869398117,80.2345504761,41988,41998,10
13.086520195,80.2345199585,41998,42008,10
13.0860395432,80.2344436646,42008,42018,10
13.0855703354,80.2343215942,42018,42028,10
13.0851697922,80.2342224121,42028,42038,10
13.0848903656,80.23412323,42038,42048,10
13.0843601227,80.2340087891,42048,42058,10
13.0838699341,80.2339782715,42058,42068,10
13.0838403702,80.2339706421,42068,42078,10
13.0836000443,80.2339630127,42078,42089,11
13.0830802917,80.2338790894,42089,42099,10
13.0825595856,80.233757019,42099,42109,10
13.0824203491,80.2337417603,42109,42119,10
13.082159996,80.2337036133,42119,42129,10
13.0815095901,80.2336196899,42129,42139,10
13.0806903839,80.233581543,42139,42149,10
13.0799598694,80.2335891724,42149,42159,10
13.0795202255,80.233581543,42159,42169,10
13.0795001984,80.233581543,42169,42179,10
13.0791196823,80.2335891724,42179,42189,10
13.0784597397,80.2336425781,42189,42199,10
13.0776700974,80.2336578369,42199,42210,11
13.0763902664,80.2338180542,42210,42250,40
13.0763902664,80.2338180542,42250,42260,10
13.0760297775,80.2337799072,42260,42270,10
13.0759296417,80.2341308594,42270,42280,10
13.0760803223,80.23487854,42280,42290,10
13.0762796402,80.2358322144,42290,42301,11
13.0764198303,80.2366867065,42301,42311,10
13.0765104294,80.2370834351,42311,42321,10
13.0765399933,80.2372207642,42321,42331,10
13.0765695572,80.2373962402,42331,42347,16
13.0768003464,80.2385482788,42347,42359,12
13.0770797729,80.2396621704,42359,42369,10
13.0772695541,80.2404785156,42369,42379,10
13.0773897171,80.2409362793,42379,42389,10
13.0774297714,80.2412261963,42389,42399,10
13.0774297714,80.2412414551,42399,42410,11
13.077460289,80.2416381836,42410,42420,10
13.077630043,80.2423324585,42420,42430,10
13.0777597427,80.2432403564,42430,42440,10
13.0778198242,80.2439727783,42440,42450,10
13.0777597427,80.2442169189,42450,42460,10
13.0778303146,80.2445907593,42460,42469,9
13.07791996,80.2453231812,42469,42480,11
13.0779695511,80.2462081909,42480,42490,10
13.0781402588,80.2470779419,42490,42500,10
13.0783500671,80.2480926514,42500,42511,11
13.0785503387,80.2489700317,42511,42521,10
13.0786895752,80.2496490479,42521,42531,10
13.0786399841,80.2503585815,42531,42541,10
13.0785303116,80.2509918213,42541,42551,10
13.0786104202,80.2515029907,42551,42561,10
13.0783195496,80.251701355,42561,42571,10
13.0777902603,80.2518005371,42571,42581,10
13.0770101547,80.251953125,42581,42591,10
13.0762701035,80.2520675659,42591,42601,10
13.0755796432,80.2521896362,42601,42618,17
13.0744800568,80.2522583008,42618,42630,12
13.0739097595,80.2523574829,42630,42640,10
13.0733995438,80.2524414063,42640,42650,10
13.072810173,80.2523803711,42650,42659,9
13.0722503662,80.2520828247,42659,42670,11
13.0721197128,80.2513809204,42670,42680,10
13.0720300674,80.250831604,42680,42691,11
13.0718002319,80.2501220703,42691,42701,10
13.071559906,80.2490768433,42701,42711,10
13.0713396072,80.2481536865,42711,42722,11
13.070980072,80.2473068237,42722,42732,10
13.0705003738,80.2463378906,42732,42742,10
13.070019722,80.2452774048,42742,42752,10
13.0696296692,80.2442932129,42752,42762,10
13.0693798065,80.243522644,42762,42772,10
13.0692996979,80.2433166504,42772,42782,10
13.0692501068,80.2432632446,42782,42792,10
13.0691795349,80.2429122925,42792,42802,10
13.0689697266,80.2425918579,42802,42812,10
13.0684099197,80.2426681519,42812,42823,11
13.0675697327,80.2429199219,42823,42833,10
13.0669403076,80.2431793213,42833,42843,10
13.0663900375,80.2434234619,42843,42853,10
13.0661497116,80.2438964844,42853,42863,10
13.0662097931,80.2444381714,42863,42873,10
13.066280365,80.2449417114,42873,42883,10
13.0663604736,80.2454986572,42883,42893,10
13.0667695999,80.2460327148,42893,42903,10
13.0674104691,80.2462692261,42903,42913,10
13.0677995682,80.2464828491,42913,42934,21
13.0679101944,80.2467422485,42934,42974,40
13.0679101944,80.2467422485,42974,42984,10
13.0679397583,80.2472000122,42984,43035,51
13.0679397583,80.2472000122,43035,43045,10
13.0679197311,80.2477798462,43045,43105,60
13.0679197311,80.2477798462,43105,43115,10
13.0676202774,80.2479019165,43115,43146,31
13.0672397614,80.2479400635,43146,43206,60
13.0668497086,80.2479095459,43206,43247,41
13.0668497086,80.2479095459,43247,43257,10
13.0664901733,80.2479400635,43257,43267,10
13.066160202,80.2479400635,43267,43277,10
13.0655298233,80.2478866577,43277,43287,10
13.0647296906,80.2478027344,43287,43297,10
13.0636100769,80.2477035522,43297,43307,10
13.0626602173,80.2476501465,43307,43317,10
13.0619297028,80.2476272583,43317,43327,10
13.0614099503,80.2472305298,43327,43337,10
13.0614299774,80.2468719482,43337,43347,10
13.0617599487,80.2464294434,43347,43357,10
13.0619096756,80.2457580566,43357,43368,11
13.0622596741,80.2451171875,43368,43378,10
13.0627202988,80.2448272705,43378,43388,10
13.0630598068,80.244430542,43388,43398,10
13.0631399155,80.2443084717,43398,43408,10
13.0633296967,80.2439880371,43408,43418,10
13.0633201599,80.243560791,43418,43428,10
13.0628004074,80.2434310913,43428,43438,10
13.0621500015,80.2432937622,43438,43448,10
13.0614795685,80.2431564331,43448,43458,10
13.0609397888,80.2429885864,43458,43469,11
13.0605897903,80.2428817749,43469,43485,16
13.0605602264,80.2428817749,43485,43497,12
13.0602302551,80.2427825928,43497,43507,10
13.0595798492,80.2425765991,43507,43516,9
13.0590496063,80.2425765991,43516,43527,11
13.0588703156,80.2426223755,43527,43537,10
13.0585803986,80.2426834106,43537,43547,10
13.0579204559,80.242767334,43547,43557,10
13.0570802689,80.2427978516,43557,43568,11
13.0564002991,80.2425918579,43568,43578,10
13.0558099747,80.2423019409,43578,43588,10
13.0550699234,80.2423782349,43588,43598,10
13.0543298721,80.242401123,43598,43608,10
13.0539503098,80.2423171997,43608,43618,10
13.0537996292,80.2422790527,43618,43627,9
13.0536699295,80.2422180176,43627,43689,62
13.0536699295,80.2422180176,43689,43699,10
13.0531997681,80.2419509888,43699,43709,10
13.0526695251,80.2417907715,43709,43719,10
13.052280426,80.2412796021,43719,43728,9
13.0521802902,80.2411117554,43728,43739,11
13.0521202087,80.2410202026,43739,43749,10
13.0519895554,80.2407989502,43749,43790,41
13.0519895554,80.2407989502,43790,43800,10
13.0517101288,80.2407073975,43800,43810,10
13.0514602661,80.2406692505,43810,43820,10
13.0511302948,80.2406005859,43820,43830,10
13.0510702133,80.2406005859,43830,43840,10
13.0507001877,80.2405319214,43840,43850,10
13.0502300262,80.2404327393,43850,43860,10
13.0500001907,80.2403717041,43860,43870,10
13.0496397018,80.2402496338,43870,43881,11
13.0493297577,80.2401809692,43881,43891,10
13.0489597321,80.2401199341,43891,43901,10
13.0487203598,80.2400665283,43901,43911,10
13.04845047,80.240020752,43911,43921,10
13.0481004715,80.2399978638,43921,43931,10
13.0477600098,80.239906311,43931,43941,10
13.0473604202,80.2398300171,43941,43951,10
13.0469799042,80.2397384644,43951,43961,10
13.0466003418,80.2396621704,43961,43971,10
13.0462703705,80.2395324707,43971,43981,10
13.0463199615,80.2391586304,43981,43992,11
13.0464296341,80.2386779785,43992,44002,10
13.0465202332,80.23828125,44002,44012,10
13.0466804504,80.2377166748,44012,44022,10
13.0468301773,80.2369766235,44022,44038,16
13.0469703674,80.2360610962,44038,44050,12
13.0470399857,80.2358016968,44050,44060,10
13.0470304489,80.2354736328,44060,44069,9
13.0472097397,80.2346801758,44069,44080,11
13.0473003387,80.2337417603,44080,44090,10
13.0473403931,80.2331085205,44090,44101,11
13.0469503403,80.2330093384,44101,44111,10
13.0464200974,80.2329330444,44111,44121,10
13.0458202362,80.2328414917,44121,44131,10
13.0454702377,80.232749939,44131,44141,10
13.0454397202,80.2327270508,44141,44151,10
13.0450897217,80.2326431274,44151,44161,10
13.0445804596,80.2325210571,44161,44171,10
13.0438098907,80.2323989868,44171,44181,10
13.0430498123,80.2323379517,44181,44192,11
13.0422201157,80.2323226929,44192,44202,10
13.0413799286,80.2321624756,44202,44212,10
13.040430069,80.2318267822,44212,44222,10
13.0393400192,80.231552124,44222,44232,10
13.0383300781,80.2313232422,44232,44242,10
13.0373897552,80.2309799194,44242,44252,10
13.036860466,80.2308425903,44252,44262,10
13.0364398956,80.2306594849,44262,44272,10
13.0356903076,80.23046875,44272,44303,31
13.0356903076,80.23046875,44303,44313,10
13.0354700089,80.2304382324,44313,44323,10
13.0351200104,80.2303619385,44323,44333,10
13.0346403122,80.2304077148,44333,44343,10
13.0343999863,80.2304534912,44343,44353,10
13.0336198807,80.230430603,44353,44373,20
13.0336198807,80.230430603,44373,44383,10
13.0333499908,80.230430603,44383,44393,10
13.0326900482,80.2305221558,44393,44404,11
13.0317296982,80.2306213379,44404,44414,10
13.0310697556,80.2307128906,44414,44424,10
13.030579567,80.230758667,44424,44434,10
13.0299596786,80.2308197021,44434,44444,10
13.02987957,80.2308502197,44444,44454,10
13.0294904709,80.2309036255,44454,44464,10
13.028840065,80.2309494019,44464,44474,10
13.0280399323,80.2310180664,44474,44484,10
13.0277004242,80.2312011719,44484,44494,10
13.0277204514,80.2318115234,44494,44504,10
13.0278501511,80.2324829102,44504,44515,11
13.027589798,80.2328186035,44515,44525,10
13.0269603729,80.2329406738,44525,44555,30
13.0269603729,80.2329406738,44555,44565,10
13.0268697739,80.2329483032,44565,44575,10
13.0264902115,80.2329406738,44575,44585,10
13.0262699127,80.232421875,44585,44605,20
13.0262699127,80.232421875,44605,44616,11
13.0262203217,80.2321166992,44616,44626,10
13.0262098312,80.2320404053,44626,44636,10
13.026140213,80.2317123413,44636,44646,10
13.0260000229,80.2311935425,44646,44656,10
13.0256996155,80.2304382324,44656,44666,10
13.0251502991,80.2296600342,44666,44676,10
13.0248603821,80.2293395996,44676,44686,10
13.0247802734,80.2292633057,44686,44696,10
13.024479866,80.2288589478,44696,44706,10
13.0240402222,80.2283401489,44706,44727,21
13.0240402222,80.2283401489,44727,44737,10
13.0238399506,80.2280426025,44737,44747,10
13.0234203339,80.2276306152,44747,44757,10
13.0232095718,80.227432251,44757,44767,10
13.0231800079,80.2274017334,44767,44777,10
13.0229301453,80.227180481,44777,44787,10
13.0225400925,80.2268218994,44787,44797,10
13.0220298767,80.2263870239,44797,44807,10
13.0213804245,80.2258834839,44807,44817,10
13.0206203461,80.2253189087,44817,44828,11
13.0201101303,80.2249679565,44828,44838,10
13.0200901031,80.2249526978,44838,44848,10
13.0200395584,80.2249221802,44848,44858,10
13.0195999146,80.2246398926,44858,44868,10
13.0187797546,80.2245635986,44868,44878,10
13.017780304,80.2249526978,44878,44888,10
13.0167503357,80.2253570557,44888,44898,10
13.0160999298,80.2256088257,44898,44908,10
13.0153903961,80.2258682251,44908,44918,10
13.0146999359,80.2261428833,44918,44929,11
13.0144195557,80.2262573242,44929,44939,10
13.0143404007,80.2263183594,44939,44948,9
13.0138597488,80.2265090942,44948,44959,11
13.0131397247,80.2267837524,44959,44969,10
13.0120897293,80.2270889282,44969,44979,10
13.011059761,80.2275390625,44979,44989,10
13.0100097656,80.2279815674,44989,44999,10
13.009180069,80.2285614014,44999,45009,10
13.008939743,80.2296600342,45009,45019,10
13.0087099075,80.2308425903,45019,45030,11
13.0084695816,80.2321166992,45030,45040,10
13.0082702637,80.2331619263,45040,45050,10
13.0081701279,80.2336807251,45050,45060,10
13.0080404282,80.2340698242,45060,45070,10
13.0079298019,80.2348098755,45070,45080,10
13.0077400208,80.2357711792,45080,45090,10
13.0075302124,80.2368774414,45090,45100,10
13.007399559,80.2375717163,45100,45110,10
13.0072898865,80.2381591797,45110,45120,10
13.0072202682,80.2385025024,45120,45130,10
13.007109642,80.2390899658,45130,45161,31
13.0071001053,80.2392501831,45161,45191,30
13.0071001053,80.2392501831,45191,45201,10
13.0069799423,80.2400283813,45201,45282,81
13.0069799423,80.2400283813,45282,45292,10
13.0068798065,80.240562439,45292,45302,10
13.0068397522,80.2407913208,45302,45312,10
13.0068101883,80.2408905029,45312,45322,10
13.0067195892,80.2413787842,45322,45332,10
13.0066900253,80.2422027588,45332,45342,10
13.0066604614,80.2429199219,45342,45353,11
13.0066604614,80.2431869507,45353,45363,10
13.0066404343,80.2434768677,45363,45373,10
13.0066099167,80.2438583374,45373,45383,10
13.0066299438,80.2439193726,45383,45393,10
13.0066699982,80.2442321777,45393,45403,10
13.0066604614,80.2445526123,45403,45413,10
13.0066699982,80.244758606,45413,45423,10
13.0066795349,80.2450637817,45423,45433,10
13.0066795349,80.2455215454,45433,45443,10
13.0067100525,80.2460708618,45443,45453,10
13.0067300797,80.2465362549,45453,45464,11
13.0067396164,80.2468109131,45464,45474,10
13.006770134,80.2470397949,45474,45484,10
13.0067396164,80.2474594116,45484,45494,10
13.0067195892,80.2481384277,45494,45504,10
13.0068101883,80.2490386963,45504,45514,10
13.0068702698,80.2493286133,45514,45524,10
13.0068998337,80.249420166,45524,45534,10
13.0068998337,80.2497177124,45534,45544,10
13.0068902969,80.2503890991,45544,45554,10
13.0068502426,80.250869751,45554,45565,11
13.0068397522,80.2512588501,45565,45575,10
13.0067300797,80.2517929077,45575,45584,9
13.0066003799,80.2523880005,45584,45595,11
13.0066003799,80.2531967163,45595,45605,10
13.0066099167,80.2540969849,45605,45615,10
13.0066604614,80.2548370361,45615,45625,10
13.006649971,80.2548904419,45625,45635,10
13.0066299438,80.255241394,45635,45645,10
13.0066404343,80.2559432983,45645,45655,10
13.0066404343,80.2568206787,45655,45686,31
13.0066404343,80.2568206787,45686,45696,10
13.0066900253,80.2571411133,45696,45706,10
13.0065002441,80.2574996948,45706,45716,10
13.0060300827,80.2574386597,45716,45726,10
13.0054798126,80.25730896,45726,45736,10
13.0048303604,80.2571716309,45736,45746,10
13.0043401718,80.2570724487,45746,45797,51
13.0043401718,80.2570724487,45797,45807,10
13.0040502548,80.2569885254,45807,45817,10
13.0037002563,80.2569732666,45817,45827,10
13.0034303665,80.2568969727,45827,45837,10
13.0030202866,80.2568206787,45837,45898,61
13.0030202866,80.2568206787,45898,45908,10
13.0027103424,80.2567977905,45908,45918,10
13.0023403168,80.2567214966,45918,45928,10
13.0018596649,80.2566070557,45928,45938,10
13.0012102127,80.2565307617,45938,45948,10
13.0005598068,80.2564620972,45948,45958,10
13.000120163,80.2563934326,45958,45968,10
12.9998197556,80.2563171387,45968,45989,21
12.9998197556,80.2563171387,45989,45999,10
12.9996595383,80.2563018799,45999,46009,10
12.9991998672,80.256187439,46009,46019,10
12.998459816,80.2560806274,46019,46029,10
12.9979200363,80.2560195923,46029,46039,10
12.9979000092,80.2560195923,46039,46049,10
12.9975299835,80.2559585571,46049,46059,10
12.9970197678,80.2559967041,46059,46069,10
12.996919632,80.256401062,46069,46079,10
12.9968996048,80.2565994263,46079,46090,11
12.9968700409,80.2570037842,46090,46100,10
12.9968595505,80.2571563721,46100,46110,10
12.9968004227,80.2577362061,46110,46120,10
12.9967002869,80.2585372925,46120,46130,10
12.9966201782,80.2591018677,46130,46140,10
12.9965400696,80.2594604492,46140,46150,10
12.9964504242,80.2597579956,46150,46160,10
12.9963998795,80.2604598999,46160,46170,10
12.9963703156,80.2611465454,46170,46180,10
12.9962902069,80.2616729736,46180,46190,10
12.9962396622,80.2620162964,46190,46201,11
12.9961996078,80.2624282837,46201,46211,10
12.9961700439,80.262512207,46211,46221,10
12.9960803986,80.2630004883,46221,46231,10
12.996049881,80.2637634277,46231,46241,10
12.9959497452,80.2647094727,46241,46251,10
12.9958696365,80.2658004761,46251,46261,10
12.995759964,80.266960144,46261,46271,10
12.9957199097,80.2676010132,46271,46281,10
12.996049881,80.2677078247,46281,46291,10
12.9960803986,80.2677078247,46291,46302,11
12.9963197708,80.2677307129,46302,46312,10
12.9969501495,80.2677001953,46312,46322,10
12.9978199005,80.2674484253,46322,46332,10
12.9986095428,80.2672195435,46332,46342,10
12.9995603561,80.2669296265,46342,46352,10
13.0000400543,80.2666168213,46352,46362,10
13.0000495911,80.2666091919,46362,46372,10
13.000120163,80.2665023804,46372,46382,10
13.0001602173,80.266242981,46382,46392,10
13.0002098083,80.2657089233,46392,46402,10
13.0002403259,80.2661819458,46402,46715,313
13.0002403259,80.2661819458,46715,46726,11
13.0003499985,80.2663803101,46726,46736,10
13.0003404617,80.2664489746,46736,46746,10
13.0003404617,80.2665176392,46746,46756,10
13.0002698898,80.2668380737,46756,46766,10
12.9999303818,80.266960144,46766,46776,10
12.999250412,80.2671279907,46776,46786,10
12.9983100891,80.2673568726,46786,46796,10
12.9975996017,80.2675628662,46796,46806,10
12.9969701767,80.2676925659,46806,46816,10
12.9963302612,80.2677230835,46816,46827,11
12.9960899353,80.2677230835,46827,46837,10
12.9958295822,80.2677078247,46837,46867,30
12.9958295822,80.2677078247,46867,46877,10
12.9956598282,80.2676620483,46877,46887,10
12.9956598282,80.2674484253,46887,46897,10
12.9956703186,80.2673568726,46897,46907,10
12.9957304001,80.2668304443,46907,46917,10
12.9958200455,80.2659988403,46917,46928,11
12.9959402084,80.2648391724,46928,46938,10
12.9960603714,80.2638320923,46938,46948,10
12.9961204529,80.2631530762,46948,46958,10
12.9961500168,80.2629394531,46958,46968,10
12.9961795807,80.262512207,46968,46988,20
12.9961795807,80.262512207,46988,46998,10
12.996219635,80.2622299194,46998,47008,10
12.9962902069,80.2618331909,47008,47018,10
12.9963598251,80.2612075806,47018,47028,10
12.9964799881,80.2603530884,47028,47039,11
12.9965200424,80.2595062256,47039,47049,10
12.9965400696,80.2593231201,47049,47059,10
12.9965600967,80.2589035034,47059,47069,10
12.9966497421,80.2580795288,47069,47079,10
12.9967803955,80.2571182251,47079,47089,10
12.9968204498,80.2563400269,47089,47119,30
12.9968204498,80.2563400269,47119,47129,10
12.9968004227,80.2561035156,47129,47140,11
12.9970998764,80.2557830811,47140,47150,10
12.9977798462,80.2558364868,47150,47160,10
12.9988002777,80.2559814453,47160,47180,20
12.9988002777,80.2559814453,47180,47190,10
12.9991197586,80.2560195923,47190,47230,40
12.9991197586,80.2560195923,47230,47240,10
12.9992904663,80.256072998,47240,47251,11
12.9997797012,80.2561798096,47251,47261,10
13.0002403259,80.2562637329,47261,47271,10
13.0009698868,80.256401062,47271,47281,10
13.0016298294,80.2565078735,47281,47291,10
13.0022802353,80.2566070557,47291,47301,10
13.0028800964,80.2567214966,47301,47311,10
13.0034599304,80.2568511963,47311,47320,9
13.0040597916,80.2569732666,47320,47331,11
13.00481987,80.2571182251,47331,47341,10
13.0055303574,80.2572631836,47341,47352,11
13.0062904358,80.2573776245,47352,47362,10
13.0065202713,80.2571182251,47362,47372,10
13.0065097809,80.2564315796,47372,47382,10
13.0065097809,80.2555236816,47382,47392,10
13.0065402985,80.2545318604,47392,47402,10
13.006529808,80.2536315918,47402,47412,10
13.0065202713,80.2531661987,47412,47422,10
13.0065202713,80.2529830933,47422,47438,16
13.006649971,80.2518463135,47438,47520,82
13.006649971,80.2518463135,47520,47531,11
13.0067100525,80.2515487671,47531,47541,10
13.0067596436,80.2508621216,47541,47551,10
13.0067501068,80.2498626709,47551,47561,10
13.0067195892,80.2487335205,47561,47572,11
13.0066299438,80.2478790283,47572,47582,10
13.0066204071,80.2474975586,47582,47642,60
13.0066204071,80.2474975586,47642,47652,10
13.0066099167,80.2472381592,47652,47663,11
13.0065698624,80.2467193604,47663,47673,10
13.0066003799,80.2463989258,47673,47683,10
13.0066204071,80.2461776733,47683,47693,10
13.0066204071,80.2455596924,47693,47703,10
13.0066204071,80.2448425293,47703,47713,10
13.0066099167,80.2441864014,47713,47722,9
13.0066099167,80.2436828613,47722,47733,11
13.0065498352,80.2429962158,47733,47743,10
13.0065402985,80.2422485352,47743,47753,10
13.0065402985,80.2416610718,47753,47763,10
13.0065498352,80.2414321899,47763,47774,11
13.0066900253,80.2403869629,47774,47804,30
13.0066900253,80.2403869629,47804,47814,10
13.0066995621,80.2402801514,47814,47824,10
13.0068101883,80.2398529053,47824,47834,10
13.0069599152,80.2390823364,47834,47844,10
13.0071401596,80.2381210327,47844,47854,10
13.0073404312,80.2372131348,47854,47864,10
13.0073900223,80.2367172241,47864,47875,11
13.0074396133,80.2366104126,47875,47885,10
13.0075998306,80.2361373901,47885,47895,10
13.0077400208,80.2353820801,47895,47905,10
13.0079097748,80.2344589233,47905,47915,10
13.0081396103,80.2333602905,47915,47925,10
13.0083799362,80.2321166992,47925,47935,10
13.0086297989,80.2308120728,47935,47945,10
13.0088300705,80.2298126221,47945,47955,10
13.0090904236,80.228477478,47955,47965,10
13.0094203949,80.2276306152,47965,47975,10
13.0099096298,80.2265167236,47975,47986,11
13.0103797913,80.2256698608,47986,47996,10
13.0106601715,80.2250289917,47996,48006,10
13.0109195709,80.2244110107,48006,48016,10
13.0113401413,80.2232437134,48016,48046,30
13.0113401413,80.2232437134,48046,48056,10
13.0113601685,80.2230377197,48056,48066,10
13.0115804672,80.222618103,48066,48076,10
13.0118598938,80.2218170166,48076,48087,11
13.0123100281,80.2213897705,48087,48097,10
13.0125799179,80.2217788696,48097,48106,9
13.0130395889,80.222328186,48106,48117,11
13.0136604309,80.2230377197,48117,48127,10
13.0142602921,80.2238311768,48127,48137,10
13.0149002075,80.2245178223,48137,48147,10
13.015370369,80.2248764038,48147,48156,9
13.0154600143,80.2249221802,48156,48167,11
13.0156002045,80.2250289917,48167,48177,10
13.0160999298,80.2253036499,48177,48187,10
13.016960144,80.2250900269,48187,48198,11
13.0181102753,80.2246398926,48198,48208,10
13.0191202164,80.2243118286,48208,48216,8
13.0194997787,80.2243499756,48216,48227,11
13.019900322,80.2246170044,48227,48238,11
13.0204401016,80.2250289917,48238,48248,10
13.0210399628,80.2255020142,48248,48258,10
13.0215597153,80.2258834839,48258,48268,10
13.0220003128,80.2261810303,48268,48278,10
13.0220003128,80.2261962891,48278,48288,10
13.0221996307,80.2263793945,48288,48299,11
13.0224504471,80.2266464233,48299,48309,10
13.0228796005,80.2269973755,48309,48319,10
13.0234899521,80.2275619507,48319,48329,10
13.0243997574,80.2285003662,48329,48349,20
13.0243997574,80.2285003662,48349,48359,10
13.024479866,80.2286224365,48359,48375,16
13.0250597,80.2294464111,48375,48387,12
13.0256700516,80.2303009033,48387,48396,9
13.02602005,80.2312469482,48396,48418,22
13.02602005,80.2312469482,48418,48428,10
13.0262098312,80.2313232422,48428,48438,10
13.0267696381,80.2311630249,48438,48447,9
13.0275297165,80.2309875488,48447,48458,11
13.0284004211,80.2308807373,48458,48468,10
13.0291595459,80.2307815552,48468,48498,30
13.0291595459,80.2307815552,48498,48509,11
13.029540062,80.2307510376,48509,48519,10
13.0301704407,80.2306976318,48519,48529,10
13.0307397842,80.2306594849,48529,48539,10
13.0312795639,80.2306137085,48539,48549,10
13.0319595337,80.2305603027,48549,48558,9
13.0326404572,80.2305221558,48558,48569,11
13.0336503983,80.2304229736,48569,48578,9
13.0342502594,80.2303314209,48578,48609,31
13.0342502594,80.2303314209,48609,48620,11
13.0344800949,80.2302627563,48620,48630,10
13.0348997116,80.2303619385,48630,48640,10
13.0349197388,80.2307815552,48640,48650,10
13.0347995758,80.2314605713,48650,48660,10
13.0347099304,80.2322387695,48660,48670,10
13.0346403122,80.2329177856,48670,48680,10
13.0345497131,80.2334518433,48680,48690,10
13.0344495773,80.2342071533,48690,48700,10
13.0343198776,80.2350006104,48700,48710,10
13.034239769,80.2358322144,48710,48721,11
13.0341997147,80.2365188599,48721,48731,10
13.0341596603,80.2370071411,48731,48741,10
13.0342102051,80.2371368408,48741,48751,10
13.0343103409,80.2373123169,48751,48761,10
13.0345401764,80.2377319336,48761,48771,10
13.0347795486,80.2380905151,48771,48781,10
13.035030365,80.2385406494,48781,48791,10
13.035369873,80.2390594482,48791,48800,9
13.0354604721,80.2392501831,48800,48810,10
13.0354995728,80.2393264771,48810,48821,11
13.0358495712,80.2393569946,48821,48832,11
13.0364303589,80.2394180298,48832,48842,10
13.0368995667,80.2394790649,48842,48852,10
13.0370397568,80.2394866943,48852,48862,10
13.0374698639,80.2395324707,48862,48872,10
13.0381097794,80.2396087646,48872,48882,10
13.0387802124,80.2397003174,48882,48892,10
13.0390996933,80.2397384644,48892,48902,10
13.0395097733,80.2397918701,48902,48912,10
13.040309906,80.2399215698,48912,48933,21
13.040309906,80.2399215698,48933,48943,10
13.0404195786,80.2401199341,48943,48953,10
13.0404195786,80.2404174805,48953,48963,10
13.0408000946,80.2405014038,48963,48983,20
13.0408000946,80.2405014038,48983,48993,10
13.0410804749,80.2405395508,48993,49003,10
13.0414896011,80.2406082153,49003,49013,10
13.0420598984,80.2407073975,49013,49023,10
13.0423803329,80.2407608032,49023,49034,11
13.0428695679,80.2408218384,49034,49044,10
13.0435199738,80.2408828735,49044,49054,10
13.0440196991,80.2408676147,49054,49064,10
13.0444898605,80.2405776978,49064,49074,10
13.0450601578,80.2401428223,49074,49084,10
13.0456600189,80.2397766113,49084,49094,10
13.0462598801,80.2395324707,49094,49104,10
13.046500206,80.239616394,49104,49114,10
13.0466403961,80.2396469116,49114,49124,10
13.0471096039,80.2397232056,49124,49134,10
13.0479001999,80.2398910522,49134,49145,11
13.0489196777,80.2400817871,49145,49155,10
13.0495595932,80.2402114868,49155,49165,10
13.0497598648,80.2402420044,49165,49175,10
13.0502099991,80.2403411865,49175,49185,10
13.050740242,80.2404632568,49185,49195,10
13.0509996414,80.2405090332,49195,49205,10
13.0512399673,80.2405700684,49205,49215,10
13.0514602661,80.2406311035,49215,49225,10
13.0520401001,80.2407531738,49225,49235,10
13.0521802902,80.2407608032,49235,49246,11
13.052280426,80.2407836914,49246,49256,10
13.0524902344,80.2410125732,49256,49266,10
13.0525598526,80.2412719727,49266,49276,10
13.0525903702,80.2414169312,49276,49286,10
13.0529499054,80.2417907715,49286,49296,10
13.0535497665,80.2420578003,49296,49306,10
13.0541000366,80.2422332764,49306,49326,20
13.0541000366,80.2422332764,49326,49336,10
13.0544300079,80.2423095703,49336,49346,10
13.0550699234,80.2422409058,49346,49357,11
13.0560102463,80.2423400879,49357,49367,10
13.0566196442,80.2425765991,49367,49377,10
13.0568799973,80.2425765991,49377,49387,10
13.0572299957,80.242767334,49387,49397,10
13.0577602386,80.2427368164,49397,49413,16
13.0580396652,80.2427215576,49413,49425,12
13.0588302612,80.2425765991,49425,49433,8
13.0593700409,80.2425231934,49433,49445,12
13.0601596832,80.2427825928,49445,49457,12
13.0606603622,80.2429428101,49457,49467,10
13.0611400604,80.2430877686,49467,49477,10
13.0615196228,80.2431869507,49477,49487,10
13.0619602203,80.2432632446,49487,49497,10
13.0624303818,80.2433166504,49497,49507,10
13.0624904633,80.2433166504,49507,49517,10
13.0626897812,80.2433624268,49517,49527,10
13.0632095337,80.2434616089,49527,49537,10
13.0637102127,80.2434692383,49537,49547,10
13.063750267,80.2434768677,49547,49557,10
13.0639696121,80.2435379028,49557,49568,11
13.0644102097,80.2435531616,49568,49578,10
13.0652303696,80.2435379028,49578,49608,30
13.0652303696,80.2435379028,49608,49618,10
13.0655899048,80.2434997559,49618,49628,10
13.0660495758,80.2434616089,49628,49638,10
13.0663404465,80.2433700562,49638,49648,10
13.0666704178,80.2432479858,49648,49658,10
13.0671796799,80.243019104,49658,49669,11
13.0679197311,80.242729187,49669,49679,10
13.0684604645,80.2425765991,49679,49689,10
13.0687103271,80.242477417,49689,49699,10
13.0691604614,80.2422790527,49699,49709,10
13.069729805,80.2421188354,49709,49739,30
13.069729805,80.2421188354,49739,49749,10
13.0698699951,80.2420806885,49749,49759,10
13.0703401566,80.2419891357,49759,49770,11
13.0710697174,80.2417678833,49770,49780,10
13.0718803406,80.2413635254,49780,49790,10
13.0725603104,80.2409286499,49790,49800,10
13.0729999542,80.2407608032,49800,49810,10
13.073220253,80.2406997681,49810,49820,10
13.0736598969,80.2405700684,49820,49830,10
13.0743398666,80.240447998,49830,49840,10
13.0753002167,80.2404403687,49840,49849,9
13.0761604309,80.2404403687,49849,49861,12
13.076669693,80.2405319214,49861,49872,11
13.0769300461,80.2405776978,49872,49882,10
13.0770597458,80.2405090332,49882,49892,10
13.0770797729,80.2401885986,49892,49902,10
13.0768995285,80.2395706177,49902,50023,121
13.0768995285,80.2395706177,50023,50033,10
13.0768098831,80.2391433716,50033,50063,30
13.0768098831,80.2391433716,50063,50073,10
13.0767402649,80.2388763428,50073,50084,11
13.0766801834,80.2387008667,50084,50094,10
13.0766401291,80.2385177612,50094,50104,10
13.0765800476,80.2382507324,50104,50114,10
13.0765104294,80.2379226685,50114,50124,10
13.0764198303,80.2375030518,50124,50144,20
13.0764198303,80.2375030518,50144,50154,10
13.0764102936,80.2373962402,50154,50164,10
13.0763702393,80.2371902466,50164,50174,10
13.0762796402,80.2366027832,50174,50184,10
13.0761699677,80.2358398438,50184,50195,11
13.0760297775,80.2351989746,50195,50205,10
13.075920105,80.2347183228,50205,50215,10
13.0757799149,80.2342071533,50215,50225,10
13.0759401321,80.2338104248,50225,50235,10
13.0762500763,80.2337799072,50235,50245,10
13.076499939,80.233757019,50245,50255,10
13.0767498016,80.2337265015,50255,50265,10
13.0771198273,80.2336730957,50265,50275,10
13.0777797699,80.2335968018,50275,50285,10
13.078379631,80.233581543,50285,50296,11
13.0786104202,80.2335510254,50296,50306,10
13.0791397095,80.233543396,50306,50316,10
13.0797195435,80.2335205078,50316,50326,10
13.0802497864,80.233543396,50326,50336,10
13.0802698135,80.2335510254,50336,50346,10
13.0806398392,80.2335510254,50346,50356,10
13.0814399719,80.2335662842,50356,50366,10
13.0819101334,80.2335205078,50366,50376,10
13.0819597244,80.233291626,50376,50386,10
13.0819997787,80.2330780029,50386,50397,11
13.0820302963,80.2328567505,50397,50407,10
13.0820598602,80.2327194214,50407,50417,10
13.082159996,80.2323989868,50417,50427,10
13.0823602676,80.2318191528,50427,50437,10
13.0825500488,80.2312469482,50437,50446,9
13.0825996399,80.2311630249,50446,50457,11
13.0827798843,80.2307662964,50457,50467,10
13.0831298828,80.2307891846,50467,50477,10
13.0831804276,80.2314834595,50477,50487,10
13.0832395554,80.232421875,50487,50497,10
13.0834102631,80.2332305908,50497,50508,11
13.0835895538,80.2338027954,50508,50518,10
13.0836801529,80.2338485718,50518,50528,10
13.0839996338,80.2339630127,50528,50538,10
13.0840101242,80.2339630127,50538,50548,10
13.0841598511,80.2339935303,50548,50558,10
13.0846796036,80.2341995239,50558,50568,10
13.0854196548,80.2343063354,50568,50584,16
13.0864200592,80.2345199585,50584,50596,12
13.0866804123,80.2345428467,50596,50605,9
13.0870504379,80.2345733643,50605,50617,12
13.0878200531,80.2343826294,50617,50627,10
13.0879802704,80.2336578369,50627,50637,10
13.0881299973,80.2328491211,50637,50647,10
13.0884199142,80.2316665649,50647,50657,10
13.0887804031,80.2307891846,50657,50667,10
13.0888996124,80.2304916382,50667,50677,10
13.0889501572,80.2304000854,50677,50686,9
13.0891799927,80.229927063,50686,50696,10
13.089630127,80.2292480469,50696,50707,11
13.0903902054,80.2284011841,50707,50717,10
13.0911502838,80.2275619507,50717,50728,11
13.0914402008,80.2272491455,50728,50738,10
13.0916404724,80.2270584106,50738,50748,10
13.0921096802,80.2265777588,50748,50758,10
13.0926799774,80.226020813,50758,50768,10
13.09333992,80.2253265381,50768,50778,10
13.0939302444,80.2246398926,50778,50788,10
13.0944004059,80.224029541,50788,50798,10
13.0949296951,80.2232666016,50798,50808,10
13.0953397751,80.2222824097,50808,50819,11
13.0957603455,80.2211380005,50819,50829,10
13.0960702896,80.2202606201,50829,50839,10
13.0962200165,80.2198410034,50839,50849,10
13.0962896347,80.2196502686,50849,50859,10
13.0964002609,80.2193374634,50859,50869,10
13.0965299606,80.218963623,50869,50879,10
13.096739769,80.2183532715,50879,50889,10
13.0969800949,80.217590332,50889,50899,10
13.0972299576,80.2168884277,50899,50909,10
13.0972499847,80.2168197632,50909,50920,11
13.0974903107,80.2162399292,50920,50930,10
13.097820282,80.2154693604,50930,50939,9
13.0980997086,80.2148284912,50939,50950,11
13.0981998444,80.2145767212,50950,50960,10
13.098400116,80.2141189575,50960,51031,71
13.098400116,80.2141189575,51031,51041,10
13.0984401703,80.2140808105,51041,51051,10
13.0988197327,80.2140579224,51051,51061,10
13.0994997025,80.2143096924,51061,51071,10
13.1002702713,80.2145309448,51071,51101,30
13.1002702713,80.2145309448,51101,51111,10
13.100569725,80.2146377563,51111,51132,21
13.100569725,80.2146377563,51132,51142,10
13.1006002426,80.2146530151,51142,51152,10
13.1004896164,80.2150421143,51152,51162,10
13.1003303528,80.2154388428,51162,51172,10
13.1000995636,80.216003418,51172,51182,10
13.0999403,80.2158203125,51182,51192,10
13.1000795364,80.215461731,51192,51202,10
13.1002902985,80.2150497437,51202,51384,182
13.1002902985,80.2150497437,51384,51394,10
13.1002702713,80.2148590088,51394,51404,10
13.1002702713,80.2147827148,51404,51414,10
13.1002597809,80.2146530151,51414,51434,20
13.1002597809,80.2146530151,51434,51444,10
13.1001501083,80.2145233154,51444,51455,11
13.0999202728,80.2144393921,51455,51465,10
13.0995397568,80.2143478394,51465,51475,10
13.0990600586,80.2142181396,51475,51485,10
13.0986404419,80.2140426636,51485,51495,10
13.0984096527,80.2142333984,51495,51505,10
13.0981903076,80.2147598267,51505,51515,10
13.0979003906,80.2154006958,51515,51525,10
13.0976200104,80.2161026001,51525,51535,10
13.0973997116,80.2166519165,51535,51545,10
13.0973796844,80.2166900635,51545,51556,11
13.0973796844,80.2167510986,51556,51566,10
13.097240448,80.217086792,51566,51576,10
13.0970201492,80.217666626,51576,51586,10
13.0967597961,80.2184524536,51586,51596,10
13.0965595245,80.2191390991,51596,51606,10
13.0963897705,80.2196121216,51606,51616,10
13.0961503983,80.2203063965,51616,51626,10
13.0959501266,80.2208404541,51626,51636,10
13.0958003998,80.2212600708,51636,51646,10
13.0954303741,80.222366333,51646,51667,21
13.0954303741,80.222366333,51667,51677,10
13.0953502655,80.2225570679,51677,51687,10
13.0951900482,80.2229614258,51687,51697,10
13.0948600769,80.2235183716,51697,51707,10
13.0944004059,80.2241592407,51707,51717,10
13.093919754,80.2247695923,51717,51727,10
13.0934495926,80.2253189087,51727,51737,10
13.092880249,80.2259216309,51737,51747,10
13.0922498703,80.2265625,51747,51757,10
13.0916099548,80.2272109985,51757,51768,11
13.0912303925,80.2276382446,51768,51778,10
13.0912103653,80.2276611328,51778,51788,10
13.091050148,80.2278137207,51788,51798,10
13.090669632,80.2282028198,51798,51808,10
13.0901298523,80.2287979126,51808,51818,10
13.0895004272,80.2295379639,51818,51828,10
13.0891895294,80.2301177979,51828,51838,10
13.0890703201,80.2303695679,51838,51848,10
13.0888299942,80.2309188843,51848,51868,20
13.0888299942,80.2309188843,51868,51879,11
13.0886697769,80.2312393188,51879,51889,10
13.08852005,80.2316894531,51889,51899,10
13.0883102417,80.2324523926,51899,51909,10
13.0881004333,80.2333679199,51909,51918,9
13.0880002975,80.2342605591,51918,51929,11
13.0873804092,80.2345733643,51929,51939,10
13.0865097046,80.2345199585,51939,51949,10
13.0861196518,80.2344512939,51949,51959,10
13.0861101151,80.2344512939,51959,51969,10
13.0857496262,80.2343597412,51969,51980,11
13.0853004456,80.2342605591,51980,51990,10
13.0848999023,80.2341384888,51990,52000,10
13.084280014,80.2340164185,52000,52010,10
13.0837202072,80.2339019775,52010,52020,10
13.0835399628,80.2338867188,52020,52030,10
13.0831203461,80.2338409424,52030,52040,10
13.0825996399,80.2337493896,52040,52050,10
13.0824203491,80.2337188721,52050,52060,10
13.0823202133,80.2336578369,52060,52070,10
13.0819797516,80.2336196899,52070,52081,11
13.0816898346,80.2335968018,52081,52091,10
13.081199646,80.2335510254,52091,52101,10
13.0809001923,80.2335586548,52101,52111,10
13.0805702209,80.233581543,52111,52121,10
13.0798301697,80.233581543,52121,52131,10
13.0795602798,80.233581543,52131,52141,10
13.0794696808,80.2335891724,52141,52157,16
13.0786399841,80.2335891724,52157,52169,12
13.0777196884,80.2336273193,52169,52178,9
13.0770301819,80.2337188721,52178,52190,12
13.0766201019,80.2337722778,52190,52199,9
13.0765895844,80.2337799072,52199,52210,11
13.0763502121,80.2338409424,52210,52220,10
13.075920105,80.2339706421,52220,52230,10
13.0759801865,80.2343521118,52230,52240,10
13.0760202408,80.2345199585,52240,52250,10
13.0760602951,80.2346878052,52250,52260,10
13.0761404037,80.235206604,52260,52270,10
13.076259613,80.2358169556,52270,52280,10
13.0763397217,80.236289978,52280,52331,51
13.0763397217,80.236289978,52331,52341,10
13.0764198303,80.236618042,52341,52350,9
13.0764398575,80.2368087769,52350,52361,11
13.0765199661,80.2371902466,52361,52381,20
13.0765199661,80.2371902466,52381,52391,10
13.0765800476,80.2374725342,52391,52402,11
13.0767002106,80.238067627,52402,52412,10
13.0768604279,80.2388305664,52412,52422,10
13.0770397186,80.2396087646,52422,52432,10
13.0771903992,80.2402877808,52432,52442,10
13.0773296356,80.2408294678,52442,52452,10
13.0774002075,80.2411880493,52452,52462,10
13.0774402618,80.2415237427,52462,52472,10
13.077580452,80.2421569824,52472,52482,10
13.0777301788,80.243019104,52482,52492,10
13.0778198242,80.2439193726,52492,52503,11
13.0778503418,80.2448272705,52503,52513,10
13.0779304504,80.2458114624,52513,52523,10
13.0780696869,80.246711731,52523,52533,10
13.0782699585,80.2477035522,52533,52543,10
13.0784797668,80.2487030029,52543,52553,10
13.078669548,80.2495193481,52553,52563,10
13.0786600113,80.2503204346,52563,52573,10
13.0785398483,80.2510375977,52573,52583,10
13.0785903931,80.2515869141,52583,52593,10
13.0783100128,80.251701355,52593,52603,10
13.0778198242,80.2517929077,52603,52620,17
13.0765600204,80.2520217896,52620,52632,12
13.0756902695,80.2521820068,52632,52642,10
13.0751199722,80.2522277832,52642,52652,10
13.0742998123,80.252281189,52652,52661,9
13.0736503601,80.252456665,52661,52671,10
13.0730104446,80.2524414063,52671,52682,11
13.0722398758,80.2520980835,52682,52692,10
13.0720500946,80.2512969971,52692,52702,10
13.0718297958,80.2505569458,52702,52713,11
13.0715799332,80.2496795654,52713,52723,10
13.0714101791,80.2488174438,52723,52733,10
13.0712003708,80.2479705811,52733,52742,9
13.0708599091,80.2471084595,52742,52752,10
13.0704603195,80.2463226318,52752,52763,11
13.0700597763,80.2454376221,52763,52773,10
13.0697002411,80.2445373535,52773,52783,10
13.0694599152,80.2437362671,52783,52793,10
13.0693101883,80.2433929443,52793,52803,10
13.0692901611,80.2433319092,52803,52814,11
13.0692501068,80.2432022095,52814,52824,10
13.0691900253,80.2427368164,52824,52834,10
13.0689201355,80.2425689697,52834,52844,10
13.0686502457,80.2425994873,52844,52854,10
13.0681400299,80.2427368164,52854,52864,10
13.0674800873,80.2429504395,52864,52874,10
13.066860199,80.2432174683,52874,52884,10
13.0662603378,80.243522644,52884,52900,16
13.0662202835,80.2445220947,52900,52912,12
13.0663499832,80.2454528809,52912,52921,9
13.066740036,80.2460021973,52921,52933,12
13.0676603317,80.2464294434,52933,52943,10
13.0678300858,80.2465515137,52943,52953,10
13.0678796768,80.2466506958,52953,52963,10
13.0679302216,80.2470703125,52963,52973,10
13.0678796768,80.2476806641,52973,52983,10
13.0672998428,80.2479171753,52983,52993,10
13.0664997101,80.2478790283,52993,53003,10
13.0659198761,80.247833252,53003,53013,10
13.065199852,80.2478866577,53013,53023,10
13.0644798279,80.2477874756,53023,53034,11
13.0636997223,80.247718811,53034,53044,10
13.0632600784,80.2476425171,53044,53054,10
13.0625295639,80.2476196289,53054,53064,10
13.0619001389,80.2475585938,53064,53074,10
13.0614299774,80.2471008301,53074,53084,10
13.0614299774,80.2466888428,53084,53094,10
13.0616798401,80.2464828491,53094,53104,10
13.0618000031,80.2462387085,53104,53114,10
13.061920166,80.2456436157,53114,53124,10
13.0621995926,80.2450408936,53124,53135,11
13.0628595352,80.2446365356,53135,53145,10
13.0631103516,80.2442398071,53145,53155,10
13.0631198883,80.2442398071,53155,53165,10
13.0633201599,80.243927002,53165,53175,10
13.0633602142,80.2434768677,53175,53185,10
13.0628004074,80.2433776855,53185,53195,10
13.0621500015,80.2432632446,53195,53205,10
13.0614795685,80.2431716919,53205,53215,10
13.0608901978,80.243019104,53215,53225,10
13.0605697632,80.2428970337,53225,53236,11
13.0600004196,80.2427062988,53236,53246,10
13.0593595505,80.2425308228,53246,53256,10
13.0588798523,80.2426071167,53256,53266,10
13.0587596893,80.2426528931,53266,53276,10
13.0585203171,80.2426834106,53276,53286,10
13.0580701828,80.2427520752,53286,53296,10
13.0578899384,80.242767334,53296,53306,10
13.0574703217,80.2428588867,53306,53316,10
13.0570497513,80.2427902222,53316,53326,10
13.0568799973,80.242729187,53326,53336,10
13.0564203262,80.2425689697,53336,53347,11
13.0557899475,80.2423095703,53347,53357,10
13.0552396774,80.2423400879,53357,53367,10
13.0545597076,80.2424468994,53367,53377,10
13.0538797379,80.2423400879,53377,53387,10
13.053730011,80.2422485352,53387,53397,10
13.0536298752,80.2421798706,53397,53407,10
13.0535898209,80.2421569824,53407,53417,10
13.05327034,80.2419891357,53417,53427,10
13.0528097153,80.2418365479,53427,53437,10
13.0522899628,80.2413406372,53437,53448,11
13.0520200729,80.2408828735,53448,53458,10
13.0517196655,80.240737915,53458,53468,10
13.0511598587,80.2406234741,53468,53498,30
13.0511598587,80.2406234741,53498,53508,10
13.0509395599,80.2406005859,53508,53518,10
13.0506601334,80.2405471802,53518,53528,10
13.0503797531,80.2404708862,53528,53538,10
13.0502700806,80.2404632568,53538,53548,10
13.0500602722,80.2404022217,53548,53559,11
13.0497198105,80.2403106689,53559,53569,10
13.0493803024,80.2402572632,53569,53579,10
13.049030304,80.2401885986,53579,53589,10
13.048500061,80.2400665283,53589,53599,10
13.0477800369,80.2398834229,53599,53609,10
13.0470304489,80.2397079468,53609,53619,10
13.0463399887,80.2395706177,53619,53629,10
13.0462703705,80.2392425537,53629,53639,10
13.0464000702,80.2387237549,53639,53649,10
13.0465402603,80.2380065918,53649,53660,11
13.0467195511,80.237197876,53660,53670,10
13.0468997955,80.2363433838,53670,53680,10
13.0469903946,80.2359313965,53680,53690,10
13.0470399857,80.2356033325,53690,53700,10
13.0470895767,80.2351303101,53700,53709,9
13.0471696854,80.2344818115,53709,53720,11
13.0472698212,80.233581543,53720,53730,10
13.0472803116,80.2330932617,53730,53740,10
13.0468902588,80.233039856,53740,53750,10
13.0461902618,80.2329177856,53750,53761,11
13.0455598831,80.2327804565,53761,53771,10
13.0451402664,80.232711792,53771,53791,20
13.0451402664,80.232711792,53791,53801,10
13.0448799133,80.2326278687,53801,53811,10
13.0443496704,80.2325210571,53811,53821,10
13.0436000824,80.2323989868,53821,53831,10
13.042889595,80.2323379517,53831,53841,10
13.0421695709,80.2323226929,53841,53851,10
13.0415201187,80.2322235107,53851,53861,10
13.0406599045,80.2319564819,53861,53872,11
13.0396404266,80.2316818237,53872,53882,10
13.038769722,80.2314300537,53882,53892,10
13.0377902985,80.2311172485,53892,53902,10
13.0369501114,80.2308502197,53902,53912,10
13.0367002487,80.2307662964,53912,53922,10
13.0362901688,80.2306671143,53922,53932,10
13.0355796814,80.2303924561,53932,53962,30
13.0355796814,80.2303924561,53962,53973,11
13.0354700089,80.2303009033,53973,53983,10
13.0353002548,80.2302703857,53983,53993,10
13.0349597931,80.2302398682,53993,54003,10
13.0346002579,80.2303237915,54003,54013,10
13.0342702866,80.2304229736,54013,54023,10
13.0334596634,80.2304763794,54023,54043,20
13.0334596634,80.2304763794,54043,54053,10
13.0333204269,80.230430603,54053,54063,10
13.032910347,80.2304916382,54063,54073,10
13.0323896408,80.2305603027,54073,54084,11
13.0315704346,80.2306594849,54084,54094,10
13.0308198929,80.2307281494,54094,54104,10
13.0303697586,80.2307662964,54104,54114,10
13.0296897888,80.2308578491,54114,54144,30
13.0296897888,80.2308578491,54144,54154,10
13.0295000076,80.2308731079,54154,54164,10
13.0290298462,80.2309265137,54164,54174,10
13.0286302567,80.23097229,54174,54185,11
13.0279302597,80.2310714722,54185,54195,10
13.0276699066,80.2312088013,54195,54205,10
13.0277500153,80.2316894531,54205,54215,10
13.0278301239,80.2323989868,54215,54225,10
13.0276403427,80.2328033447,54225,54235,10
13.0270795822,80.2329177856,54235,54245,10
13.0268001556,80.2330169678,54245,54255,10
13.0264501572,80.2330093384,54255,54265,10
13.0262203217,80.2324981689,54265,54275,10
13.0260696411,80.2319107056,54275,54286,11
13.0259504318,80.2313995361,54286,54296,10
13.0257396698,80.230682373,54296,54306,10
13.0252799988,80.2299194336,54306,54316,10
13.0247602463,80.2292327881,54316,54326,10
13.0243597031,80.2286834717,54326,54336,10
13.0239801407,80.228302002,54336,54346,10
13.0239400864,80.2282562256,54346,54356,10
13.0238895416,80.2281723022,54356,54366,10
13.0236196518,80.2278594971,54366,54376,10
13.0232000351,80.227432251,54376,54386,10
13.0226202011,80.2268829346,54386,54397,11
13.0218400955,80.2261962891,54397,54407,10
13.0210103989,80.2255477905,54407,54417,10
13.0202503204,80.2250213623,54417,54427,10
13.019490242,80.2245178223,54427,54436,9
13.0186300278,80.2244873047,54436,54447,11
13.0175800323,80.2249298096,54447,54457,10
13.0167598724,80.2252807617,54457,54467,10
13.0162401199,80.2255096436,54467,54477,10
13.0158596039,80.2256774902,54477,54487,10
13.0157003403,80.2257385254,54487,54498,11
13.0155801773,80.2257766724,54498,54508,10
13.0151100159,80.2259902954,54508,54518,10
13.0145597458,80.2261962891,54518,54528,10
13.0142202377,80.226348877,54528,54538,10
13.0140800476,80.2264022827,54538,54548,10
13.0135803223,80.2265777588,54548,54558,10
13.0128498077,80.2268676758,54558,54568,10
13.0120201111,80.2272033691,54568,54578,10
13.011179924,80.2275314331,54578,54588,10
13.0103397369,80.2278823853,54588,54598,10
13.0094995499,80.2282333374,54598,54609,11
13.009059906,80.2290420532,54609,54619,10
13.0088596344,80.2300415039,54619,54629,10
13.0086698532,80.2311019897,54629,54638,9
13.0084695816,80.2320709229,54638,54649,11
13.0082798004,80.2330780029,54649,54659,10
13.0082197189,80.2336502075,54659,54669,10
13.0081596375,80.2338027954,54669,54679,10
13.0080699921,80.2341918945,54679,54689,10
13.0079402924,80.23487854,54689,54699,10
13.0077800751,80.2356796265,54699,54710,11
13.0075998306,80.2366027832,54710,54720,10
13.0074396133,80.2373504639,54720,54730,10
13.0072803497,80.2381668091,54730,54740,10
13.0071401596,80.238861084,54740,54750,10
13.0069704056,80.2397384644,54750,54760,10
13.0068597794,80.2404785156,54760,54770,10
13.0068302155,80.2407836914,54770,54780,10
13.0068302155,80.2409210205,54780,54790,10
13.006770134,80.2412414551,54790,54800,10
13.0067300797,80.2419128418,54800,54810,10
13.0067100525,80.2427062988,54810,54821,11
13.0066699982,80.2436828613,54821,54831,10
13.0066604614,80.2445297241,54831,54841,10
13.0066404343,80.2452163696,54841,54851,10
13.0066604614,80.2459487915,54851,54861,10
13.0066900253,80.246673584,54861,54871,10
13.0067195892,80.2472763062,54871,54881,10
13.0066995621,80.2479934692,54881,54891,10
13.0067396164,80.2488021851,54891,54901,10
13.0068302155,80.249458313,54901,54910,9
13.0068397522,80.2496185303,54910,54922,12
13.0068397522,80.2497634888,54922,54932,10
13.0067901611,80.2502212524,54932,54942,10
13.0067996979,80.2511367798,54942,54982,40
13.0067996979,80.2511367798,54982,54992,10
13.0067796707,80.251411438,54992,55002,10
13.0066900253,80.2517776489,55002,55012,10
13.0065803528,80.2523803711,55012,55023,11
13.0066299438,80.2526626587,55023,55033,10
13.0066299438,80.2530975342,55033,55043,10
13.0066099167,80.2536773682,55043,55568,525
13.0066099167,80.2536773682,55568,55578,10
13.0066995621,80.2537689209,55578,55588,10
13.0066795349,80.2539825439,55588,55598,10
13.0066604614,80.254119873,55598,55608,10
13.0066299438,80.2543563843,55608,55618,10
13.0066003799,80.2546615601,55618,55628,10
13.0065898895,80.255241394,55628,55638,10
13.0066003799,80.2559432983,55638,55648,10
13.0066404343,80.2568969727,55648,55689,41
13.0066404343,80.2568969727,55689,55699,10
13.0067195892,80.2572174072,55699,55709,10
13.0068902969,80.2576904297,55709,55719,10
13.007229805,80.2582931519,55719,55729,10
13.0077600479,80.2587280273,55729,55739,10
13.008099556,80.2590637207,55739,55749,10
13.0077295303,80.2593383789,55749,55760,11
13.0073003769,80.2589569092,55760,55770,10
13.0071001053,80.2585296631,55770,55780,10
13.006819725,80.2580566406,55780,55790,10
13.0065698624,80.2576217651,55790,55810,20
13.0065698624,80.2576217651,55810,55820,10
13.0064601898,80.257232666,55820,55830,10
13.0064601898,80.2567520142,55830,55840,10
13.006480217,80.2561721802,55840,55850,10
13.0065202713,80.2555618286,55850,55860,10
13.0065498352,80.2548828125,55860,55871,11
13.0065202713,80.2540893555,55871,55881,10
13.0065202713,80.2534408569,55881,55891,10
13.0065202713,80.2532501221,55891,55901,10
13.0065202713,80.2531814575,55901,55911,10
13.006529808,80.2527008057,55911,55941,30
13.006529808,80.2527008057,55941,55951,10
13.0065402985,80.2523803711,55951,55961,10
13.0066204071,80.2519073486,55961,55978,17
13.0067396164,80.2507400513,55978,55990,12
13.0067195892,80.24974823,55990,56000,10
13.0066995621,80.2491378784,56000,56010,10
13.0066404343,80.2484130859,56010,56020,10
13.0066003799,80.2479782104,56020,56030,10
13.0066003799,80.247718811,56030,56091,61
13.0066003799,80.247718811,56091,56101,10
13.0066099167,80.2474517822,56101,56111,10
13.0066204071,80.2470626831,56111,56121,10
13.0065498352,80.2465515137,56121,56131,10
13.0065402985,80.2464981079,56131,56141,10
13.0065803528,80.246307373,56141,56151,10
13.0065898895,80.2458267212,56151,56161,10
13.0065898895,80.2452011108,56161,56171,10
13.0065803528,80.2444915771,56171,56182,11
13.0065803528,80.2437820435,56182,56192,10
13.0065603256,80.243270874,56192,56202,10
13.0065402985,80.2426605225,56202,56212,10
13.0065402985,80.241859436,56212,56222,10
13.0066099167,80.2409973145,56222,56232,10
13.0067596436,80.2401809692,56232,56242,10
13.0068998337,80.2393188477,56242,56252,10
13.007060051,80.2384796143,56252,56262,10
13.0072202682,80.2377090454,56262,56272,10
13.0073795319,80.2367095947,56272,56293,21
13.0073795319,80.2367095947,56293,56303,10
13.0074596405,80.2365188599,56303,56313,10
13.0075397491,80.2361907959,56313,56323,10
13.0076398849,80.2356262207,56323,56333,10
13.0077295303,80.2351989746,56333,56343,10
13.0077295303,80.2351913452,56343,56353,10
13.007809639,80.2348403931,56353,56363,10
13.0079202652,80.2343063354,56363,56373,10
13.0080699921,80.233581543,56373,56383,10
13.0082397461,80.2326889038,56383,56394,11
13.0084400177,80.2316894531,56394,56404,10
13.0086097717,80.2307891846,56404,56414,10
13.0087995529,80.2298431396,56414,56424,10
13.0089797974,80.2289199829,56424,56434,10
13.0092096329,80.228012085,56434,56444,10
13.0095901489,80.2271499634,56444,56454,10
13.0100097656,80.2262191772,56454,56464,10
13.0104198456,80.2253417969,56464,56474,10
13.0107603073,80.2246017456,56474,56484,10
13.0110197067,80.2239837646,56484,56495,11
13.0111303329,80.2237167358,56495,56505,10
13.011179924,80.2235794067,56505,56515,10
13.0113201141,80.2231674194,56515,56525,10
13.0115404129,80.2227630615,56525,56535,10
13.0117301941,80.2221832275,56535,56545,10
13.0120401382,80.2215194702,56545,56555,10
13.0123596191,80.2216033936,56555,56565,10
13.0127096176,80.222038269,56565,56575,10
13.0131998062,80.222618103,56575,56585,10
13.0137500763,80.2232437134,56585,56595,10
13.0142602921,80.2238693237,56595,56606,11
13.0148496628,80.2243881226,56606,56616,10
13.0152997971,80.2248306274,56616,56636,20
13.0154695511,80.224937439,56636,56656,20
13.0154695511,80.224937439,56656,56666,10
13.0156602859,80.2250976563,56666,56676,10
13.0161399841,80.2253036499,56676,56686,10
13.0168104172,80.225151062,56686,56696,10
13.0175800323,80.2248382568,56696,56707,11
13.0184803009,80.2244873047,56707,56717,10
13.0190896988,80.2243118286,56717,56727,10
13.0193195343,80.224319458,56727,56737,10
13.019490242,80.2243881226,56737,56747,10
13.0197696686,80.2245635986,56747,56757,10
13.0201797485,80.2248764038,56757,56767,10
13.0206804276,80.2252426147,56767,56777,10
13.0211400986,80.2255783081,56777,56787,10
13.0216197968,80.2259292603,56787,56797,10
13.0220003128,80.2261886597,56797,56808,11
13.0220003128,80.2261962891,56808,56818,10
13.0222196579,80.2264099121,56818,56828,10
13.0226297379,80.2267837524,56828,56838,10
13.0231304169,80.2272186279,56838,56848,10
13.0236196518,80.2276611328,56848,56858,10
13.0240402222,80.2280807495,56858,56868,10
13.0243196487,80.2284164429,56868,56878,10
13.0245199203,80.2286987305,56878,56887,9
13.024720192,80.2290115356,56887,56898,11
13.0250597,80.2294464111,56898,56909,11
13.0255203247,80.2300491333,56909,56919,10
13.0258703232,80.2306976318,56919,56929,10
13.0259895325,80.2311096191,56929,56949,20
13.0259895325,80.2311096191,56949,56959,10
13.025970459,80.231300354,56959,56969,10
13.0261096954,80.231338501,56969,56979,10
13.0265598297,80.2312088013,56979,56989,10
13.0272302628,80.2310409546,56989,56999,10
13.0279598236,80.2309265137,56999,57037,38
13.0286598206,80.2308273315,57037,57050,13
13.0290403366,80.2308731079,57050,57060,10
13.0293903351,80.2308273315,57060,57070,10
13.0299100876,80.2307662964,57070,57080,10
13.0304498672,80.23072052,57080,57090,10
13.0309095383,80.2306671143,57090,57100,10
13.0314998627,80.2306213379,57100,57110,10
13.0320396423,80.2305831909,57110,57120,10
13.0326499939,80.2305374146,57120,57131,11
13.0333795547,80.2304992676,57131,57141,10
13.0341796875,80.2303924561,57141,57214,73
13.0345602036,80.2303924561,57214,57245,31
13.0345602036,80.2303924561,57245,57255,10
13.0348997116,80.2304000854,57255,57265,10
13.0349197388,80.2304382324,57265,57275,10
13.0349302292,80.2306900024,57275,57285,10
13.034910202,80.2309799194,57285,57295,10
13.0348396301,80.2315597534,57295,57305,10
13.034740448,80.2322387695,57305,57315,10
13.0346603394,80.2329177856,57315,57325,10
13.0346002579,80.2334136963,57325,57335,10
13.0345602036,80.2337417603,57335,57346,11
13.0344600677,80.2343978882,57346,57355,9
13.0343799591,80.2350387573,57355,57366,11
13.0342998505,80.2358169556,57366,57376,10
13.0342197418,80.236656189,57376,57386,10
13.0342903137,80.2373580933,57386,57426,40
13.0341701508,80.2375106812,57426,57457,31
13.0341701508,80.2375106812,57457,57467,10
13.0342502594,80.2376174927,57467,57477,10
13.0345201492,80.2379608154,57477,57487,10
13.0348596573,80.2384567261,57487,57497,10
13.0352602005,80.2390670776,57497,57507,10
13.0356798172,80.239402771,57507,57517,10
13.0361299515,80.2394180298,57517,57527,10
13.0366601944,80.2394790649,57527,57537,10
13.0370397568,80.2395172119,57537,57548,11
13.0377998352,80.2395782471,57548,57558,10
13.0384397507,80.2396774292,57558,57568,10
13.0389795303,80.2397537231,57568,57578,10
13.0396900177,80.2398300171,57578,57588,10
13.0402498245,80.2398910522,57588,57598,10
13.0403604507,80.2400970459,57598,57608,10
13.0404596329,80.2404785156,57608,57618,10
13.040719986,80.2405090332,57618,57628,10
13.0409698486,80.2405471802,57628,57645,17
13.0413503647,80.2406005859,57645,57657,12
13.0420598984,80.2406997681,57657,57667,10
13.0428304672,80.240852356,57667,57677,10
13.0433702469,80.2408676147,57677,57697,20
13.0433702469,80.2408676147,57697,57707,10
13.0435495377,80.2408981323,57707,57717,10
13.043970108,80.2409362793,57717,57727,10
13.0445699692,80.2405776978,57727,57737,10
13.0449695587,80.2403106689,57737,57747,10
13.0454397202,80.2400283813,57747,57758,11
13.0459098816,80.2397384644,57758,57768,10
13.0461797714,80.2395935059,57768,57778,10
13.0465202332,80.239692688,57778,57798,20
13.0465202332,80.239692688,57798,57808,10
13.0466899872,80.2397537231,57808,57818,10
13.0471801758,80.2398376465,57818,57828,10
13.0478897095,80.239982605,57828,57838,10
13.0485601425,80.2400512695,57838,57848,10
13.0490398407,80.2401428223,57848,57859,11
13.0494403839,80.2402114868,57859,57869,10
13.0496196747,80.2402572632,57869,57879,10
13.0500297546,80.2402877808,57879,57889,10
13.0505695343,80.2403564453,57889,57899,10
13.0512399673,80.2405014038,57899,57909,10
13.0517196655,80.2406768799,57909,57919,10
13.0520095825,80.240737915,57919,57929,10
13.0525102615,80.241317749,57929,57970,41
13.0525102615,80.241317749,57970,57980,10
13.0526895523,80.2416610718,57980,57990,10
13.0531597137,80.241897583,57990,58000,10
13.054019928,80.2422180176,58000,58020,20
13.054019928,80.2422180176,58020,58030,10
13.0540895462,80.2422714233,58030,58040,10
13.0544300079,80.2423400879,58040,58050,10
13.0550098419,80.2422714233,58050,58060,10
13.0557699203,80.2422637939,58060,58071,11
13.0564899445,80.2425994873,58071,58081,10
13.0568599701,80.2426300049,58081,58091,10
13.0573501587,80.2428207397,58091,58101,10
13.0579395294,80.2427520752,58101,58111,10
13.0583295822,80.2426605225,58111,58121,10
13.0586996078,80.2426300049,58121,58131,10
13.0592403412,80.2425231934,58131,58141,10
13.0597600937,80.2426528931,58141,58151,10
13.0602197647,80.2427978516,58151,58161,10
13.0606098175,80.2429428101,58161,58172,11
13.0611495972,80.2431030273,58172,58182,10
13.06153965,80.2432098389,58182,58192,10
13.0620002747,80.2432937622,58192,58202,10
13.0624504089,80.2433700562,58202,58212,10
13.0624599457,80.2433700562,58212,58222,10
13.0627002716,80.2434082031,58222,58232,10
13.0629301071,80.2434387207,58232,58242,10
13.0631198883,80.2434692383,58242,58252,10
13.0635404587,80.2434997559,58252,58262,10
13.064160347,80.2435302734,58262,58273,11
13.0649995804,80.2435302734,58273,58283,10
13.0654096603,80.2435073853,58283,58323,40
13.0654096603,80.2435073853,58323,58333,10
13.0655298233,80.2434997559,58333,58343,10
13.0659599304,80.2434616089,58343,58353,10
13.066280365,80.2433624268,58353,58363,10
13.0665397644,80.2432937622,58363,58373,10
13.066860199,80.2432022095,58373,58384,11
13.067489624,80.2429199219,58384,58394,10
13.0681600571,80.2427062988,58394,58404,10
13.0686798096,80.2425384521,58404,58414,10
13.0690603256,80.2424087524,58414,58424,10
13.0693902969,80.2422485352,58424,58434,10
13.0696697235,80.2421722412,58434,58444,10
13.0699300766,80.2421188354,58444,58454,10
13.0699796677,80.2421112061,58454,58464,10
13.0700902939,80.2420578003,58464,58474,10
13.0705003738,80.2419204712,58474,58485,11
13.0710802078,80.2417373657,58485,58495,10
13.0717000961,80.2414779663,58495,58505,10
13.0723400116,80.2411117554,58505,58515,10
13.0729598999,80.2408218384,58515,58525,10
13.0735902786,80.2406387329,58525,58535,10
13.0742902756,80.2404937744,58535,58545,10
13.0751104355,80.2404785156,58545,58555,10
13.0759801865,80.2404785156,58555,58565,10
13.0767602921,80.2405929565,58565,58575,10
13.0771398544,80.2404327393,58575,58585,10
13.0770196915,80.2398834229,58585,58596,11
13.0768299103,80.2391281128,58596,58606,10
13.076669693,80.2386627197,58606,58616,10
13.0766296387,80.23853302,58616,58626,10
13.0766000748,80.2384185791,58626,58636,10
13.0765895844,80.2383728027,58636,58646,10
13.0765600204,80.2381515503,58646,58656,10
13.0764102936,80.2374725342,58656,58697,41
13.0764102936,80.2374725342,58697,58707,10
13.0763902664,80.237159729,58707,58717,10
13.0762701035,80.2366714478,58717,58727,10
13.0761899948,80.236000061,58727,58737,10
13.0760402679,80.2352523804,58737,58747,10
13.0757904053,80.2341308594,58747,58818,71
13.0757904053,80.2341308594,58818,58828,10
13.0757598877,80.2340087891,58828,58838,10
13.0759401321,80.233757019,58838,58848,10
13.0764703751,80.2337112427,58848,58858,10
13.0771799088,80.2335968018,58858,58868,10
13.0777902603,80.2335510254,58868,58878,10
13.0785999298,80.2335586548,58878,58888,10
13.0793600082,80.2335510254,58888,58898,10
13.080280304,80.2335205078,58898,58919,21
13.080280304,80.2335205078,58919,58929,10
13.0803899765,80.2335586548,58929,58939,10
13.0807504654,80.2335586548,58939,58949,10
13.081410408,80.2335586548,58949,58959,10
13.0819196701,80.2335586548,58959,58969,10
13.0819597244,80.2333374023,58969,58979,10
13.0820302963,80.2327804565,58979,58989,10
13.0822095871,80.2321929932,58989,58999,10
13.0825099945,80.2314376831,58999,59010,11
13.0827798843,80.2307662964,59010,59020,10
13.0830898285,80.2307434082,59020,59030,10
13.0831604004,80.2312393188,59030,59040,10
13.0832099915,80.2320022583,59040,59050,10
13.0833597183,80.2328414917,59050,59060,10
13.0835103989,80.2335891724,59060,59070,10
13.0838098526,80.2339096069,59070,59080,10
13.0840902328,80.2339706421,59080,59090,10
13.0841197968,80.2339935303,59090,59100,10
13.0844497681,80.2340698242,59100,59111,11
13.0849599838,80.2341995239,59111,59121,10
13.0854301453,80.2343063354,59121,59131,10
13.0858097076,80.2344284058,59131,59141,10
13.0863895416,80.2345581055,59141,59151,10
13.0871400833,80.23462677,59151,59161,10
13.0878801346,80.2343826294,59161,59171,10
13.0880002975,80.2335662842,59171,59181,10
13.0881795883,80.2326202393,59181,59191,10
13.0884199142,80.2316589355,59191,59201,10
13.0886001587,80.2311172485,59201,59211,10
13.0888299942,80.2306213379,59211,59222,11
13.0888900757,80.2304763794,59222,59232,10
13.0890398026,80.2302017212,59232,59242,10
13.0893297195,80.2296218872,59242,59252,10
13.0898599625,80.2289505005,59252,59262,10
13.0905599594,80.2282028198,59262,59272,10
13.0912303925,80.2274703979,59272,59282,10
13.0914096832,80.2272567749,59282,59292,10
13.0915298462,80.2271575928,59292,59302,10
13.0919303894,80.2267608643,59302,59312,10
13.0924596786,80.2261962891,59312,59323,11
13.0931901932,80.2254562378,59323,59333,10
13.09375,80.2248535156,59333,59343,10
13.0943403244,80.2240982056,59343,59353,10
13.0949401855,80.2231826782,59353,59363,10
13.0952396393,80.2224273682,59363,59373,10
13.0952701569,80.2223434448,59373,59383,10
13.0954198837,80.2219467163,59383,59393,10
13.0956602097,80.2212677002,59393,59403,10
13.0959596634,80.2204666138,59403,59413,10
13.0963802338,80.2192306519,59413,59454,41
13.0963802338,80.2192306519,59454,59464,10
13.0964298248,80.219078064,59464,59474,10
13.0965003967,80.2189178467,59474,59484,10
13.0966396332,80.2185211182,59484,59494,10
13.0968599319,80.2178268433,59494,59504,10
13.0971899033,80.2168502808,59504,59524,20
13.0971899033,80.2168502808,59524,59535,11
13.0973100662,80.2166137695,59535,59545,10
13.0975198746,80.2161026001,59545,59555,10
13.097820282,80.2153778076,59555,59565,10
13.09815979,80.2146377563,59565,59575,10
13.0984401703,80.2140426636,59575,59585,10
13.0988702774,80.2140731812,59585,59595,10
13.0994997025,80.2143096924,59595,59604,9
13.0999202728,80.2144165039,59604,59614,10
13.1002197266,80.2145080566,59614,59716,102
13.1002197266,80.2145080566,59716,59726,10
13.1004800797,80.2147064209,59726,59737,11
13.1006002426,80.2147369385,59737,59747,10
13.1005802155,80.2149963379,59747,59757,10
13.1003799438,80.2154388428,59757,59767,10
13.1001501083,80.2159576416,59767,59777,10
13.0999498367,80.2161178589,59777,59787,10
13.0999698639,80.2158279419,59787,59797,10
13.1000995636,80.2154998779,59797,59807,10
13.1002197266,80.2151565552,59807,59817,10
13.100230217,80.2148666382,59817,60645,828
13.100230217,80.2148666382,60645,60655,10
13.1002397537,80.2145996094,60655,60665,10
13.1001501083,80.2144775391,60665,60676,11
13.0999803543,80.2144317627,60676,60686,10
13.0996799469,80.2143630981,60686,60696,10
13.0993003845,80.2142562866,60696,60706,10
13.0986995697,80.2140579224,60706,60726,20
13.0986995697,80.2140579224,60726,60736,10
13.098400116,80.2142486572,60736,60746,10
13.0981702805,80.2147827148,60746,60756,10
13.0979003906,80.2154083252,60756,60766,10
13.0976200104,80.2161102295,60766,60777,11
13.0973901749,80.2166976929,60777,60787,10
13.0973701477,80.2167510986,60787,60797,10
13.0972499847,80.2170181274,60797,60807,10
13.0970401764,80.2175979614,60807,60817,10
13.0967998505,80.2183303833,60817,60827,10
13.0965795517,80.2190704346,60827,60837,10
13.096329689,80.2197799683,60837,60847,10
13.096039772,80.2205810547,60847,60857,10
13.0957698822,80.2213516235,60857,60867,10
13.0956201553,80.2218170166,60867,60877,10
13.0954303741,80.2223510742,60877,60888,11
13.0954198837,80.2223815918,60888,60899,11
13.0952596664,80.2227401733,60899,60909,10
13.0949802399,80.2233810425,60909,60919,10
13.0945100784,80.2240371704,60919,60929,10
13.0940303802,80.2246780396,60929,60939,10
13.0934801102,80.2253265381,60939,60949,10
13.0928401947,80.2259597778,60949,60959,10
13.0922203064,80.2265930176,60959,60969,10
13.0915803909,80.2272415161,60969,60979,10
13.0912399292,80.2276229858,60979,60990,11
13.091219902,80.2276535034,60990,61000,10
13.0911197662,80.227722168,61000,61010,10
13.0908002853,80.2280578613,61010,61020,10
13.0903301239,80.2285766602,61020,61030,10
13.0897598267,80.2292098999,61030,61040,10
13.0892801285,80.2298965454,61040,61050,10
13.0891199112,80.2302703857,61050,61060,10
13.0888900757,80.2307662964,61060,61070,10
13.088809967,80.23097229,61070,61080,10
13.088760376,80.2311172485,61080,61091,11
13.0886201859,80.2314682007,61091,61101,10
13.0884799957,80.2319412231,61101,61111,10
13.088259697,80.2326812744,61111,61121,10
13.0880804062,80.2335510254,61121,61131,10
13.08796978,80.2343521118,61131,61141,10
13.0874795914,80.2345962524,61141,61151,10
13.0869598389,80.2345962524,61151,61161,10
13.0864601135,80.2345428467,61161,61171,10
13.0861101151,80.2344665527,61171,61187,16
13.0855102539,80.2343215942,61187,61200,13
13.0847501755,80.2341384888,61200,61210,10
13.0841999054,80.2340087891,61210,61219,9
13.0837697983,80.2339172363,61219,61230,11
13.0835199356,80.2338790894,61230,61240,10
13.0832500458,80.233833313,61240,61250,10
13.0830497742,80.2338104248,61250,61260,10
13.0825195313,80.2336807251,61260,61270,10
13.0823898315,80.2336502075,61270,61280,10
13.0822401047,80.2336120605,61280,61290,10
13.0818595886,80.2335662842,61290,61301,11
13.081199646,80.2335510254,61301,61311,10
13.0805702209,80.2335281372,61311,61321,10
13.0804595947,80.233543396,61321,61331,10
13.0802297592,80.2335205078,61331,61341,10
13.0797595978,80.2335205078,61341,61351,10
13.0795297623,80.2335281372,61351,61361,10
13.0794200897,80.233543396,61361,61371,10
13.0790300369,80.233543396,61371,61381,10
13.0783901215,80.2335662842,61381,61391,10
13.0776100159,80.2336196899,61391,61402,11
13.0768404007,80.233757019,61402,61412,10
13.0760803223,80.2339096069,61412,61422,10
13.0758695602,80.23412323,61422,61432,10
13.0759401321,80.2344589233,61432,61442,10
13.075969696,80.2345809937,61442,61452,10
13.0760803223,80.2350692749,61452,61462,10
13.0762195587,80.2357177734,61462,61472,10
13.0763502121,80.2365570068,61472,61482,10
13.0765199661,80.2372970581,61482,61502,20
13.0765199661,80.2372970581,61502,61513,11
13.0765104294,80.2374572754,61513,61523,10
13.0766296387,80.2378921509,61523,61533,10
13.0766601563,80.2379837036,61533,61543,10
13.0767297745,80.2383575439,61543,61553,10
13.0768699646,80.2389678955,61553,61563,10
13.0770397186,80.2397003174,61563,61573,10
13.0771503448,80.2402114868,61573,61593,20
13.0771503448,80.2402114868,61593,61603,10
13.0771999359,80.2404632568,61603,61614,11
13.0773200989,80.240852356,61614,61624,10
13.0774297714,80.2413406372,61624,61634,10
13.0775403976,80.2419204712,61634,61644,10
13.0776996613,80.2427062988,61644,61654,10
13.0778198242,80.2435836792,61654,61664,10
13.0777797699,80.2442626953,61664,61674,10
13.0778903961,80.2449264526,61674,61684,10
13.0779495239,80.2455673218,61684,61694,10
13.0780296326,80.2463989258,61694,61704,10
13.078209877,80.2472686768,61704,61714,10
13.0783700943,80.2481765747,61714,61725,11
13.0785999298,80.2490386963,61725,61735,10
13.0787401199,80.2498397827,61735,61745,10
13.0785398483,80.2505722046,61745,61755,10
13.0785999298,80.2513427734,61755,61765,10
13.0784597397,80.2516937256,61765,61775,10
13.0779495239,80.2517929077,61775,61785,10
13.0772199631,80.2519226074,61785,61795,10
13.0763101578,80.2520828247,61795,61805,10
13.0753602982,80.2521972656,61805,61815,10
13.0746097565,80.2522277832,61815,61826,11
13.0738697052,80.2523727417,61826,61836,10
13.0733203888,80.2524337769,61836,61846,10
13.0726203918,80.2523498535,61846,61856,10
13.0721302032,80.2518234253,61856,61866,10
13.0720396042,80.2510604858,61866,61876,10
13.071849823,80.250541687,61876,61886,10
13.0716400146,80.2498474121,61886,61896,10
13.0714902878,80.2491378784,61896,61906,10
13.0713396072,80.2483596802,61906,61916,10
13.0710697174,80.2474975586,61916,61927,11
13.070599556,80.2465286255,61927,61937,10
13.0702199936,80.2457427979,61937,61947,10
13.0698699951,80.2449493408,61947,61957,10
13.0695800781,80.244140625,61957,61967,10
13.0692901611,80.2433319092,61967,61987,20
13.0692901611,80.2433319092,61987,61997,10
13.0692596436,80.2432022095,61997,62007,10
13.0691995621,80.2427978516,62007,62017,10
13.068860054,80.2425231934,62017,62027,10
13.0682401657,80.2426834106,62027,62038,11
13.0673904419,80.2429733276,62038,62048,10
13.0665998459,80.2433166504,62048,62058,10
13.0661201477,80.2437286377,62058,62068,10
13.0661802292,80.244468689,62068,62078,10
13.0663003922,80.2452011108,62078,62088,10
13.0665302277,80.2459106445,62088,62098,10
13.0672502518,80.2462463379,62098,62107,9
13.0678596497,80.2465667725,62107,62128,21
13.0678596497,80.2465667725,62128,62139,11
13.0679702759,80.2468032837,62139,62149,10
13.0679998398,80.2472686768,62149,62159,10
13.0679197311,80.247833252,62159,62169,10
13.0673999786,80.2479400635,62169,62178,9
13.066740036,80.2478866577,62178,62188,10
13.0661096573,80.2478408813,62188,62199,11
13.0653295517,80.2477798462,62199,62209,10
13.064499855,80.247718811,62209,62219,10
13.0636301041,80.2476730347,62219,62229,10
13.0628404617,80.2476425171,62229,62240,11
13.0620803833,80.2476196289,62240,62250,10
13.0615196228,80.2473068237,62250,62260,10
13.0613698959,80.246887207,62260,62270,10
13.0616798401,80.2465896606,62270,62280,10
13.061829567,80.2462005615,62280,62290,10
13.0619802475,80.2455368042,62290,62300,10
13.0623703003,80.2449874878,62300,62318,18
13.0631198883,80.2443389893,62318,62340,22
13.0631198883,80.2443389893,62340,62351,11
13.0633296967,80.2439804077,62351,62361,10
13.0633802414,80.243522644,62361,62371,10
13.0628995895,80.2434234619,62371,62381,10
13.0624504089,80.2433166504,62381,62391,10
13.0619401932,80.2432098389,62391,62401,10
13.0616798401,80.2431716919,62401,62411,10
13.0615901947,80.2431716919,62411,62421,10
13.0613603592,80.2431106567,62421,62441,20
13.0613603592,80.2431106567,62441,62452,11
13.0612001419,80.2431106567,62452,62462,10
13.0609703064,80.2430419922,62462,62472,10
13.0605602264,80.2429122925,62472,62482,10
13.0601196289,80.2427368164,62482,62492,10
13.0594997406,80.2425384521,62492,62502,10
13.0590295792,80.2425537109,62502,62512,10
13.0587701797,80.2425994873,62512,62522,10
13.0585403442,80.2426605225,62522,62532,10
13.0580396652,80.2427597046,62532,62542,10
13.0573396683,80.2428512573,62542,62553,11
13.0567302704,80.2427368164,62553,62563,10
13.056139946,80.2425003052,62563,62573,10
13.0556001663,80.2422790527,62573,62583,10
13.0548496246,80.242401123,62583,62592,9
13.0542697906,80.2424087524,62592,62603,11
13.0537796021,80.2422790527,62603,62664,61
13.0537796021,80.2422790527,62664,62674,10
13.0535097122,80.242149353,62674,62684,10
13.0532598495,80.2420196533,62684,62694,10
13.0529098511,80.2419128418,62694,62704,10
13.0524997711,80.2416763306,62704,62714,10
13.0521497726,80.2411422729,62714,62724,10
13.0519304276,80.2408218384,62724,62734,10
13.0516996384,80.2407302856,62734,62744,10
13.0512304306,80.2406005859,62744,62785,41
13.0508804321,80.2405700684,62785,62805,20
13.0508804321,80.2405700684,62805,62815,10
13.0505304337,80.2404937744,62815,62825,10
13.0499897003,80.2403488159,62825,62835,10
13.0494003296,80.2402191162,62835,62845,10
13.0486698151,80.2400665283,62845,62855,10
13.0479402542,80.2399215698,62855,62866,11
13.0472803116,80.2397994995,62866,62876,10
13.0465602875,80.2396469116,62876,62886,10
13.0462503433,80.2395935059,62886,62896,10
13.0461597443,80.2395477295,62896,62906,10
13.0462703705,80.2392883301,62906,62916,10
13.0464000702,80.2388000488,62916,62926,10
13.0465297699,80.2381591797,62926,62936,10
13.0466604233,80.2375183105,62936,62946,10
13.0468397141,80.2367782593,62946,62956,10
13.0469503403,80.2362289429,62956,62966,10
13.0470199585,80.2358779907,62966,62977,11
13.0470304489,80.2358169556,62977,62987,10
13.0471200943,80.2352371216,62987,62997,10
13.0472297668,80.2345504761,62997,63007,10
13.0472602844,80.2336120605,63007,63017,10
13.0472297668,80.2331085205,63017,63027,10
13.046790123,80.2330322266,63027,63036,9
13.0462303162,80.2328796387,63036,63047,11
13.0452098846,80.2326583862,63047,63067,20
13.0452098846,80.2326583862,63067,63078,11
13.0451402664,80.2325973511,63078,63088,10
13.044960022,80.2325592041,63088,63098,10
13.0444803238,80.2324523926,63098,63108,10
13.043800354,80.2323684692,63108,63118,10
13.0431499481,80.2323226929,63118,63128,10
13.0425395966,80.2323226929,63128,63138,10
13.0419101715,80.2322769165,63138,63148,10
13.0411596298,80.2321090698,63148,63158,10
13.0403900146,80.2318191528,63158,63168,10
13.0395298004,80.2315979004,63168,63179,11
13.038479805,80.2313079834,63179,63188,9
13.0376501083,80.2310409546,63188,63199,11
13.0369195938,80.2307662964,63199,63209,10
13.0365800858,80.2306365967,63209,63219,10
13.0357599258,80.2303695679,63219,63270,51
13.0357599258,80.2303695679,63270,63281,11
13.035610199,80.2304382324,63281,63291,10
13.035369873,80.2303924561,63291,63301,10
13.0350704193,80.2303390503,63301,63311,10
13.0347003937,80.2303619385,63311,63321,10
13.0343599319,80.2304382324,63321,63331,10
13.0343399048,80.2304382324,63331,63341,10
13.034119606,80.2304763794,63341,63351,10
13.0338497162,80.2304763794,63351,63361,10
13.033490181,80.2304992676,63361,63381,20
13.033490181,80.2304992676,63381,63392,11
13.0333099365,80.230506897,63392,63402,10
13.0328998566,80.2305297852,63402,63412,10
13.0323600769,80.2305831909,63412,63422,10
13.0316801071,80.2306594849,63422,63432,10
13.0314598083,80.2306900024,63432,63442,10
13.0313596725,80.2306976318,63442,63458,16
13.0308599472,80.2307434082,63458,63470,12
13.0305995941,80.2307434082,63470,63478,8
13.0302000046,80.2307815552,63478,63491,13
13.0298299789,80.2308425903,63491,63501,10
13.0297403336,80.2308731079,63501,63511,10
13.0293703079,80.2308883667,63511,63520,9
13.028840065,80.2309188843,63520,63531,11
13.0281095505,80.2309875488,63531,63541,10
13.027680397,80.2310791016,63541,63551,10
13.0277004242,80.2315597534,63551,63561,10
13.0277700424,80.2321395874,63561,63571,10
13.027879715,80.2326278687,63571,63581,10
13.0276603699,80.2329025269,63581,63591,10
13.0269603729,80.233001709,63591,63642,51
13.0269603729,80.233001709,63642,63652,10
13.0268297195,80.2329788208,63652,63662,10
13.0265598297,80.2330169678,63662,63672,10
13.0263395309,80.2328414917,63672,63682,10
13.0262498856,80.2325973511,63682,63692,10
13.0262403488,80.2324676514,63692,63703,11
13.0262098312,80.2322998047,63703,63713,10
13.0261602402,80.232093811,63713,63723,10
13.0260801315,80.2317886353,63723,63733,10
13.0259799957,80.2313766479,63733,63743,10
13.0257301331,80.2306518555,63743,63753,10
13.0252399445,80.2298583984,63753,63763,10
13.0246200562,80.2291030884,63763,63793,30
13.0246200562,80.2291030884,63793,63804,11
13.0244998932,80.2289733887,63804,63814,10
13.0242795944,80.2286529541,63814,63824,10
13.0239801407,80.2283630371,63824,63834,10
13.0239601135,80.2283401489,63834,63844,10
13.0239200592,80.2282867432,63844,63854,10
13.0236997604,80.228012085,63854,63864,10
13.0235795975,80.2278823853,63864,63874,10
13.0232496262,80.2275390625,63874,63884,10
13.0228395462,80.2271499634,63884,63894,10
13.0222702026,80.2266693115,63894,63905,11
13.0215597153,80.2260971069,63905,63915,10
13.0209999084,80.2256393433,63915,63924,9
13.0204200745,80.2252502441,63924,63935,11
13.0198297501,80.2248535156,63935,63954,19
13.0198297501,80.2248535156,63954,63965,11
13.0195903778,80.2247009277,63965,63975,10
13.0189399719,80.2245483398,63975,63985,10
13.0180902481,80.2248306274,63985,63995,10
13.01720047,80.225189209,63995,64005,10
13.0167102814,80.225402832,64005,64036,31
13.0167102814,80.225402832,64036,64046,10
13.0166101456,80.225479126,64046,64056,10
13.016409874,80.2255630493,64056,64066,10
13.016169548,80.2256469727,64066,64076,10
13.0157003403,80.2257995605,64076,64086,10
13.015080452,80.22605896,64086,64096,10
13.0144796371,80.226272583,64096,64106,10
13.0144195557,80.2263031006,64106,64117,11
13.0143404007,80.2263412476,64117,64127,10
13.013999939,80.2264633179,64127,64137,10
13.0134801865,80.2266464233,64137,64147,10
13.0128297806,80.226890564,64147,64157,10
13.0120897293,80.227180481,64157,64167,10
13.0112600327,80.2275085449,64167,64183,16
13.0098199844,80.2280883789,64183,64195,12
13.0090999603,80.2288208008,64195,64205,10
13.0089302063,80.2297515869,64205,64215,10
13.0087404251,80.2307281494,64215,64227,12
13.0085201263,80.2319412231,64227,64236,9
13.0083503723,80.2328109741,64236,64247,11
13.0082597733,80.2335586548,64247,64257,10
13.0082597733,80.233581543,64257,64267,10
13.0082101822,80.2337036133,64267,64277,10
13.008099556,80.2340774536,64277,64286,9
13.008020401,80.2345199585,64286,64297,11
13.007900238,80.2351837158,64297,64307,10
13.0077495575,80.2359008789,64307,64317,10
13.0075998306,80.2366333008,64317,64328,11
13.0074100494,80.2375564575,64328,64337,9
13.0072603226,80.2384033203,64337,64348,11
13.0070400238,80.2394714355,64348,64358,10
13.006939888,80.2401275635,64358,64469,111
13.006939888,80.2401275635,64469,64479,10
13.0069599152,80.2404403687,64479,64489,10
13.0068998337,80.2408370972,64489,64499,10
13.0068798065,80.2409133911,64499,64509,10
13.0068101883,80.2411193848,64509,64519,10
13.006770134,80.2416687012,64519,64530,11
13.0067396164,80.2425308228,64530,64540,10
13.0067195892,80.2433776855,64540,64550,10
13.0066995621,80.2442474365,64550,64560,10
13.0067396164,80.245010376,64560,64570,10
13.0067501068,80.2455673218,64570,64580,10
13.0067596436,80.2460174561,64580,64590,10
13.0067596436,80.2463989258,64590,64631,41
13.0067596436,80.2463989258,64631,64641,10
13.0067501068,80.2466506958,64641,64651,10
13.006770134,80.2470092773,64651,64661,10
13.0067396164,80.2476196289,64661,64671,10
13.0067501068,80.2483978271,64671,64681,10
13.0068302155,80.2490997314,64681,64691,10
13.0068798065,80.2495269775,64691,64701,10
13.0068702698,80.2495269775,64701,64711,10
13.0068502426,80.2498321533,64711,64721,10
13.006819725,80.2504577637,64721,64731,10
13.006819725,80.2512817383,64731,64742,11
13.0066404343,80.2521820068,64742,64752,10
13.0065603256,80.2528305054,64752,64762,10
13.0065603256,80.2536773682,64762,64772,10
13.0066099167,80.254699707,64772,64792,20
13.0066099167,80.254699707,64792,64802,10
13.0066204071,80.2548065186,64802,64812,10
13.0066099167,80.2550430298,64812,64822,10
13.0066003799,80.2552108765,64822,64832,10
13.0066003799,80.2557678223,64832,64843,11
13.0065803528,80.2565917969,64843,64853,10
13.006649971,80.2570571899,64853,64893,40
13.006649971,80.2570571899,64893,64903,10
13.0067100525,80.2571563721,64903,64913,10
13.0066795349,80.2575378418,64913,64923,10
13.0062599182,80.257598877,64923,64933,10
13.0057096481,80.2574615479,64933,64944,11
13.004940033,80.2572402954,64944,64954,10
13.0041503906,80.2571105957,64954,64964,10
13.0034103394,80.2569732666,64964,64974,10
13.0027103424,80.2568435669,64974,64984,10
13.0019702911,80.2567062378,64984,64994,10
13.0013504028,80.2566375732,64994,65044,50
13.0013504028,80.2566375732,65044,65055,11
13.0012903214,80.2566070557,65055,65065,10
13.0008897781,80.2565536499,65065,65075,10
13.0002698898,80.2564620972,65075,65085,10
13.0000896454,80.2564468384,65085,65101,16
12.9998998642,80.2564163208,65101,65113,12
12.9996500015,80.256362915,65113,65123,10
12.9993896484,80.2563095093,65123,65133,10
12.9989795685,80.2562103271,65133,65143,10
12.9984302521,80.2561187744,65143,65154,11
12.9976196289,80.2560272217,65154,65163,9
12.9971199036,80.2560119629,65163,65194,31
12.9971199036,80.2560119629,65194,65204,10
12.9968795776,80.2561035156,65204,65215,11
12.9968795776,80.2564620972,65215,65225,10
12.9968595505,80.2569732666,65225,65235,10
12.9968595505,80.256980896,65235,65245,10
12.9968595505,80.2570419312,65245,65256,11
12.9968004227,80.2574996948,65256,65266,10
12.9967298508,80.2581710815,65266,65276,10
12.9966497421,80.2588806152,65276,65286,10
12.9965896606,80.2593231201,65286,65296,10
12.9965295792,80.2598724365,65296,65306,10
12.9964504242,80.260597229,65306,65316,10
12.9963798523,80.2613296509,65316,65326,10
12.996339798,80.2618026733,65326,65336,10
12.9963197708,80.2620773315,65336,65346,10
12.9962596893,80.2624969482,65346,65357,11
12.9962596893,80.262512207,65357,65367,10
12.9961996078,80.262802124,65367,65377,10
12.9961700439,80.263343811,65377,65387,10
12.9961004257,80.2640686035,65387,65397,10
12.9960002899,80.2649307251,65397,65407,10
12.9958896637,80.2658996582,65407,65417,10
12.9957895279,80.2668075562,65417,65427,10
12.9957304001,80.2676010132,65427,65437,10
12.9962301254,80.2677688599,65437,65458,21
12.9962301254,80.2677688599,65458,65468,10
12.9962797165,80.2678527832,65468,65478,10
12.9967098236,80.2678604126,65478,65488,10
12.9974403381,80.2676696777,65488,65498,10
12.9981498718,80.2674484253,65498,65508,10
12.9989004135,80.2672271729,65508,65518,10
13.0000801086,80.2666320801,65518,65538,20
13.0000801086,80.2666320801,65538,65548,10
13.0001497269,80.2662963867,65548,65558,10
13.0002298355,80.2657699585,65558,65569,11
13.0003595352,80.2658233643,65569,65579,10
13.0002698898,80.2661209106,65579,65962,383
13.0002698898,80.2661209106,65962,65972,10
13.0002803802,80.266418457,65972,65983,11
13.0002803802,80.2665786743,65983,65993,10
13.0002698898,80.2668228149,65993,66003,10
13.0002098083,80.2668914795,66003,66013,10
12.9999504089,80.266998291,66013,66023,10
12.9994096756,80.2671279907,66023,66033,10
12.9987602234,80.2673034668,66033,66043,10
12.9982795715,80.2674407959,66043,66053,10
12.9976797104,80.2676086426,66053,66063,10
12.9970397949,80.2677764893,66063,66073,10
12.9963798523,80.2678070068,66073,66084,11
12.9959697723,80.267791748,66084,66094,10
12.9958496094,80.267791748,66094,66104,10
12.9956598282,80.2677230835,66104,66114,10
12.9956598282,80.2674331665,66114,66124,10
12.9956598282,80.2674179077,66124,66134,10
12.9956598282,80.2672195435,66134,66144,10
12.9957304001,80.2667770386,66144,66154,10
12.9957895279,80.2660827637,66154,66164,10
12.9958600998,80.265296936,66164,66174,10
12.9959802628,80.2644882202,66174,66185,11
12.9960803986,80.2635879517,66185,66195,10
12.9961204529,80.2629776001,66195,66205,10
12.9961595535,80.2626037598,66205,66215,10
12.9961996078,80.2625427246,66215,66225,10
12.996219635,80.2623519897,66225,66235,10
12.9962596893,80.26197052,66235,66245,10
12.9963302612,80.2614974976,66245,66255,10
12.9963998795,80.2608184814,66255,66265,10
12.9965000153,80.2600631714,66265,66275,10
12.9964895248,80.2596817017,66275,66285,10
12.9965200424,80.2593231201,66285,66296,11
12.9966001511,80.2585983276,66296,66306,10
12.9966897964,80.2578582764,66306,66316,10
12.9967699051,80.2570571899,66316,66326,10
12.9968500137,80.2561416626,66326,66397,71
12.9968500137,80.2561416626,66397,66407,10
12.997010231,80.2558364868,66407,66417,10
12.9974002838,80.2558517456,66417,66427,10
12.998000145,80.2559127808,66427,66437,10
12.9988002777,80.2560195923,66437,66457,20
12.9988002777,80.2560195923,66457,66467,10
12.9989700317,80.2560806274,66467,66477,10
12.9990501404,80.2561035156,66477,66487,10
12.9993801117,80.2561798096,66487,66498,11
12.9997196198,80.2562637329,66498,66508,10
13.0003204346,80.2563781738,66508,66518,10
13.0009498596,80.2564926147,66518,66528,10
13.0015602112,80.2566223145,66528,66538,10
13.0021400452,80.2566986084,66538,66548,10
13.002699852,80.2567977905,66548,66557,9
13.0031795502,80.2568969727,66557,66567,10
13.0036697388,80.256980896,66567,66578,11
13.0041599274,80.2570877075,66578,66588,10
13.004529953,80.2571487427,66588,66598,10
13.0050401688,80.2572631836,66598,66609,11
13.0055503845,80.2573623657,66609,66619,10
13.0060596466,80.2574462891,66619,66639,20
13.0060596466,80.2574462891,66639,66649,10
13.0061798096,80.2574768066,66649,66659,10
13.006360054,80.2575073242,66659,66669,10
13.0065202713,80.2574691772,66669,66679,10
13.0065202713,80.2570877075,66679,66689,10
13.0065002441,80.2565231323,66689,66699,10
13.0065097809,80.2559280396,66699,66710,11
13.0065097809,80.2554702759,66710,66720,10
13.0065202713,80.2548065186,66720,66730,10
13.0065002441,80.2539367676,66730,66740,10
13.0064897537,80.2532806396,66740,66760,20
13.0064897537,80.2532806396,66760,66770,10
13.0064897537,80.253112793,66770,66786,16
13.0065202713,80.2524185181,66786,66798,12
13.0066795349,80.2516479492,66798,66807,9
13.0067396164,80.2510375977,66807,66819,12
13.0067195892,80.2501296997,66819,66829,10
13.0067100525,80.2497177124,66829,66838,9
13.0067100525,80.2496566772,66838,66851,13
13.0066995621,80.2493286133,66851,66861,10
13.0066795349,80.248916626,66861,66871,10
13.0066404343,80.248626709,66871,66881,10
13.0066204071,80.2483978271,66881,66977,96
13.0066204071,80.2483978271,66977,66987,10
13.0066099167,80.2480621338,66987,66997,10
13.0066099167,80.2476119995,66997,67007,10
13.0065498352,80.2468032837,67007,67028,21
13.0065498352,80.2468032837,67028,67038,10
13.0065402985,80.2466125488,67038,67048,10
13.0065803528,80.2462310791,67048,67058,10
13.0065803528,80.2457427979,67058,67068,10
13.0065803528,80.2453308105,67068,67078,10
13.0065603256,80.2447280884,67078,67088,10
13.0065698624,80.2443389893,67088,67098,10
13.0065402985,80.2439804077,67098,67108,10
13.0065498352,80.2437286377,67108,67118,10
13.0065202713,80.243347168,67118,67129,11
13.0065202713,80.2427902222,67129,67139,10
13.0065097809,80.2420806885,67139,67149,10
13.0065402985,80.2414016724,67149,67159,10
13.0066204071,80.2407302856,67159,67189,30
13.0066204071,80.2407302856,67189,67199,10
13.0066099167,80.2405776978,67199,67209,10
13.0067396164,80.2402191162,67209,67219,10
13.0068397522,80.2397384644,67219,67230,11
13.0069599152,80.2390823364,67230,67240,10
13.0070400238,80.2386016846,67240,67250,10
13.0071201324,80.2381286621,67250,67260,10
13.0072402954,80.2376480103,67260,67270,10
13.007349968,80.2369232178,67270,67290,20
13.007349968,80.2369232178,67290,67300,10
13.0073900223,80.2367935181,67300,67310,10
13.0074396133,80.2366409302,67310,67320,10
13.0075302124,80.2363204956,67320,67331,11
13.0076503754,80.235748291,67331,67341,10
13.0077695847,80.2351608276,67341,67351,10
13.007900238,80.2344818115,67351,67361,10
13.0080795288,80.2337036133,67361,67371,10
13.0082502365,80.2328414917,67371,67381,10
13.0084400177,80.2318572998,67381,67391,10
13.0086202621,80.2309036255,67391,67401,10
13.008769989,80.230140686,67401,67411,10
13.0089998245,80.2290115356,67411,67421,10
13.00922966,80.2281112671,67421,67432,11
13.00963974,80.227180481,67432,67442,10
13.0100002289,80.2263870239,67442,67452,10
13.0103302002,80.2257385254,67452,67462,10
13.0105895996,80.225189209,67462,67472,10
13.0107402802,80.2248535156,67472,67482,10
13.010840416,80.2245178223,67482,67492,10
13.0110702515,80.223991394,67492,67502,10
13.011300087,80.2233276367,67502,67512,10
13.0115804672,80.2226715088,67512,67522,10
13.0118598938,80.2218399048,67522,67532,10
13.0122003555,80.2214508057,67532,67542,10
13.0123796463,80.2216262817,67542,67552,10
13.0127000809,80.2220611572,67552,67563,11
13.0131597519,80.2225875854,67563,67573,10
13.0136003494,80.2230911255,67573,67583,10
13.0140800476,80.2236480713,67583,67593,10
13.0145397186,80.2241821289,67593,67603,10
13.0148696899,80.2245407104,67603,67613,10
13.0149402618,80.224609375,67613,67623,10
13.0149803162,80.2246398926,67623,67633,10
13.0151596069,80.224822998,67633,67644,11
13.0153799057,80.2249679565,67644,67664,20
13.0153799057,80.2249679565,67664,67674,10
13.0156602859,80.2251663208,67674,67684,10
13.0160198212,80.225402832,67684,67694,10
13.0163803101,80.2254104614,67694,67710,16
13.0174598694,80.2250213623,67710,67722,12
13.0184898376,80.2246017456,67722,67731,9
13.019080162,80.2244110107,67731,67743,12
13.0194501877,80.2244110107,67743,67763,20
13.0194501877,80.2244110107,67763,67774,11
13.0197200775,80.2245788574,67774,67784,10
13.0200195313,80.2248001099,67784,67794,10
13.0202999115,80.2250213623,67794,67804,10
13.0207796097,80.2253570557,67804,67814,10
13.021109581,80.2256164551,67814,67824,10
13.0217895508,80.2261199951,67824,67844,20
13.0217895508,80.2261199951,67844,67855,11
13.0218801498,80.2261734009,67855,67865,10
13.0220499039,80.22631073,67865,67875,10
13.0223903656,80.2266082764,67875,67885,10
13.0228395462,80.2269973755,67885,67895,10
13.0233001709,80.2274398804,67895,67905,10
13.0237503052,80.2278594971,67905,67915,10
13.0240802765,80.2281799316,67915,67925,10
13.0242595673,80.2284164429,67925,67935,10
13.0245304108,80.2287826538,67935,67945,10
13.024769783,80.229133606,67945,67956,11
13.0250797272,80.2295379639,67956,67986,30
13.0250797272,80.2295379639,67986,67996,10
13.025270462,80.2297363281,67996,68006,10
13.0253601074,80.2298736572,68006,68016,10
13.0255002975,80.2300491333,68016,68026,10
13.0256299973,80.2302627563,68026,68036,10
13.025759697,80.2304992676,68036,68046,10
13.0258798599,80.23072052,68046,68057,11
13.0259504318,80.2309875488,68057,68067,10
13.0259895325,80.2311401367,68067,68077,10
13.0260801315,80.2313995361,68077,68087,10
13.0265703201,80.2312927246,68087,68097,10
13.0271902084,80.2311325073,68097,68107,10
13.0274600983,80.2310409546,68107,68117,10
13.0276403427,80.2310180664,68117,68127,10
13.0278100967,80.231010437,68127,68137,10
13.0280704498,80.2310028076,68137,68218,81
13.0280704498,80.2310028076,68218,68228,10
13.0284404755,80.2309494019,68228,68238,10
13.0286397934,80.2309417725,68238,68248,10
13.0290002823,80.2309036255,68248,68258,10
13.0292701721,80.2308807373,68258,68269,11
13.0296201706,80.2308502197,68269,68279,10
13.0300397873,80.2308197021,68279,68289,10
13.0305204391,80.2307815552,68289,68299,10
13.0309495926,80.2307510376,68299,68309,10
13.0314302444,80.23072052,68309,68319,10
13.031920433,80.2306900024,68319,68329,10
13.0324201584,80.2306518555,68329,68339,10
13.032790184,80.2306213379,68339,68370,31
13.032790184,80.2306213379,68370,68380,10
13.0328998566,80.2305526733,68380,68390,10
13.0331001282,80.2305374146,68390,68406,16
13.0332298279,80.2305526733,68406,68418,12
13.0335998535,80.2305374146,68418,68426,8
13.033829689,80.2305374146,68426,68438,12
13.0340900421,80.2305374146,68438,68448,10
13.0342903137,80.23046875,68448,68488,40
13.0342903137,80.23046875,68488,68499,11
13.0344600677,80.2304000854,68499,68509,10
13.0347299576,80.2304000854,68509,68549,40
13.0347299576,80.2304000854,68549,68559,10
13.0348701477,80.2304229736,68559,68569,10
13.0349597931,80.2305984497,68569,68580,11
13.0349197388,80.2309265137,68580,68590,10
13.0348701477,80.2313537598,68590,68600,10
13.0348100662,80.2318572998,68600,68610,10
13.0347299576,80.2325820923,68610,68620,10
13.0346603394,80.2331695557,68620,68630,10
13.0345897675,80.2337188721,68630,68640,10
13.0345001221,80.2343673706,68640,68650,10
13.0344200134,80.2349472046,68650,68660,10
13.0343399048,80.2355728149,68660,68670,10
13.034239769,80.236328125,68670,68681,11
13.0341796875,80.2369689941,68681,68691,10
13.0342102051,80.2372589111,68691,68701,10
13.0342798233,80.2374191284,68701,68711,10
13.0344800949,80.2377700806,68711,68721,10
13.0346698761,80.2380905151,68721,68731,10
13.0349397659,80.2385101318,68731,68741,10
13.0351696014,80.2388763428,68741,68751,10
13.0353498459,80.2392196655,68751,68761,10
13.035610199,80.2395019531,68761,68771,10
13.0360498428,80.2395172119,68771,68782,11
13.0367898941,80.2396011353,68782,68792,10
13.0374298096,80.2396469116,68792,68802,10
13.0379400253,80.2397003174,68802,68812,10
13.0384502411,80.2397537231,68812,68822,10
13.0389499664,80.2398300171,68822,68832,10
13.0394802094,80.2398986816,68832,68842,10
13.0400295258,80.239982605,68842,68872,30
13.0400295258,80.239982605,68872,68882,10
13.040309906,80.2400436401,68882,68893,11
13.0404195786,80.2403030396,68893,68903,10
13.0404396057,80.240562439,68903,68913,10
13.04047966,80.2405700684,68913,68923,10
13.0409603119,80.2406463623,68923,68943,20
13.0409603119,80.2406463623,68943,68959,16
13.0415000916,80.2407608032,68959,68972,13
13.0422697067,80.2408218384,68972,68982,10
13.043009758,80.2409210205,68982,68993,11
13.0436201096,80.2409973145,68993,69033,40
13.0436201096,80.2409973145,69033,69043,10
13.0437202454,80.2410202026,69043,69052,9
13.0437803268,80.241027832,69052,69062,10
13.043970108,80.2410202026,69062,69073,11
13.0442800522,80.2408218384,69073,69083,10
13.0447902679,80.2404632568,69083,69094,11
13.0453395844,80.2400817871,69094,69104,10
13.045800209,80.2397766113,69104,69114,10
13.0462398529,80.2396011353,69114,69124,10
13.0465402603,80.2397003174,69124,69134,10
13.0465497971,80.2397003174,69134,69144,10
13.0468502045,80.2397918701,69144,69154,10
13.047369957,80.2398834229,69154,69164,10
13.04804039,80.2400131226,69164,69174,10
13.048740387,80.2401428223,69174,69184,10
13.049249649,80.2402496338,69184,69195,11
13.0498399734,80.2403793335,69195,69205,10
13.0499801636,80.2404098511,69205,69215,10
13.0503997803,80.2404785156,69215,69225,10
13.0507698059,80.2405776978,69225,69235,10
13.0508403778,80.2405776978,69235,69245,10
13.0511398315,80.2406387329,69245,69255,10
13.0512199402,80.2406463623,69255,69265,10
13.0516004562,80.240737915,69265,69275,10
13.0522203445,80.2409133911,69275,69285,10
13.0525398254,80.2413864136,69285,69295,10
13.05286026,80.2418365479,69295,69306,11
13.0534896851,80.2421264648,69306,69316,10
13.0538797379,80.2422790527,69316,69326,10
13.0539503098,80.2423095703,69326,69336,10
13.0540103912,80.2423400879,69336,69346,10
13.054400444,80.2424087524,69346,69356,10
13.0549697876,80.2423706055,69356,69366,10
13.0556898117,80.2423400879,69366,69376,10
13.0563497543,80.2426376343,69376,69386,10
13.0567598343,80.2426986694,69386,69396,10
13.0570697784,80.2428512573,69396,69407,11
13.0572900772,80.2429122925,69407,69417,10
13.0576095581,80.2428665161,69417,69427,10
13.0577001572,80.2428817749,69427,69437,10
13.0580301285,80.2428207397,69437,69447,10
13.0585002899,80.2426986694,69447,69457,10
13.0590000153,80.2426223755,69457,69467,10
13.0593500137,80.2425918579,69467,69477,10
13.0598602295,80.242767334,69477,69487,10
13.0603704453,80.2429580688,69487,69497,10
13.0608596802,80.2431182861,69497,69508,11
13.0615196228,80.2432937622,69508,69528,20
13.0615196228,80.2432937622,69528,69538,10
13.0619401932,80.2433624268,69538,69548,10
13.0624303818,80.2434387207,69548,69568,20
13.0624303818,80.2434387207,69568,69578,10
13.0626096725,80.2434768677,69578,69588,10
13.0630302429,80.243560791,69588,69598,10
13.0635900497,80.2436065674,69598,69609,11
13.0639696121,80.2436294556,69609,69619,10
13.0644397736,80.2436218262,69619,69689,70
13.0644397736,80.2436218262,69689,69699,10
13.0648498535,80.2435379028,69699,69709,10
13.0651397705,80.243560791,69709,69720,11
13.0654602051,80.243598938,69720,69730,10
13.065779686,80.2435379028,69730,69750,20
13.065779686,80.2435379028,69750,69760,10
13.0661001205,80.2435836792,69760,69770,10
13.0663204193,80.2434768677,69770,69780,10
13.0665397644,80.2434234619,69780,69790,10
13.0669403076,80.2432403564,69790,69800,10
13.0674295425,80.2429962158,69800,69810,10
13.0679397583,80.2428207397,69810,69821,11
13.0684404373,80.2426681519,69821,69831,10
13.0688896179,80.2425308228,69831,69841,10
13.0693397522,80.2423324585,69841,69857,16
13.0697603226,80.2422103882,69857,69869,12
13.0700502396,80.2421569824,69869,69877,8
13.0700597763,80.2421569824,69877,69889,12
13.0700902939,80.2421417236,69889,69898,9
13.0703897476,80.2420578003,69898,69909,11
13.0708999634,80.241897583,69909,69919,10
13.0714302063,80.2416992188,69919,69930,11
13.0719604492,80.2414093018,69930,69939,9
13.0722103119,80.2412490845,69939,69950,11
13.0723104477,80.2411804199,69950,69960,10
13.0724802017,80.2410583496,69960,69970,10
13.0726203918,80.2409820557,69970,69980,10
13.0728397369,80.2408905029,69980,69990,10
13.0730695724,80.2408370972,69990,70000,10
13.0733604431,80.2407684326,70000,70010,10
13.0738201141,80.2406234741,70010,70020,10
13.0744800568,80.240562439,70020,70031,11
13.0752801895,80.2405471802,70031,70041,10
13.0758800507,80.2405471802,70041,70051,10
13.0763702393,80.2405776978,70051,70061,10
13.0768995285,80.2406616211,70061,70071,10
13.0770597458,80.2403335571,70071,70081,10
13.076880455,80.239692688,70081,70091,10
13.0767002106,80.2389526367,70091,70101,10
13.0765600204,80.2384567261,70101,70111,10
13.0765399933,80.2383728027,70111,70121,10
13.0764703751,80.2380981445,70121,70132,11
13.0763301849,80.2373809814,70132,70152,20
13.0763301849,80.2373809814,70152,70162,10
13.0763397217,80.2373123169,70162,70172,10
13.0762901306,80.2369995117,70172,70182,10
13.076210022,80.2364807129,70182,70192,10
13.0761299133,80.2358169556,70192,70202,10
13.0759801865,80.2350769043,70202,70212,10
13.075799942,80.2343902588,70212,70222,10
13.0757904053,80.2339630127,70222,70233,11
13.0759801865,80.2338562012,70233,70243,10
13.0761404037,80.2338409424,70243,70253,10
13.0764503479,80.2338027954,70253,70263,10
13.0767002106,80.233757019,70263,70273,10
13.0768098831,80.2337493896,70273,70283,10
13.0772399902,80.2336883545,70283,70293,10
13.0777797699,80.2336196899,70293,70303,10
13.078379631,80.2335968018,70303,70313,10
13.0789203644,80.233581543,70313,70323,10
13.0793504715,80.2335891724,70323,70334,11
13.079750061,80.2335891724,70334,70344,10
13.0802602768,80.2335891724,70344,70364,20
13.0802602768,80.2335891724,70364,70374,10
13.0804100037,80.2336196899,70374,70384,10
13.0808296204,80.2336196899,70384,70394,10
13.0813703537,80.2336502075,70394,70404,10
13.0816602707,80.2336425781,70404,70414,10
13.0817604065,80.2336425781,70414,70431,17
13.0819196701,80.2332229614,70431,70443,12
13.0819797516,80.2327804565,70443,70453,10
13.0821304321,80.2323303223,70453,70463,10
13.0823297501,80.2317428589,70463,70473,10
13.082449913,80.2314605713,70473,70483,10
13.0825004578,80.2313537598,70483,70493,10
13.0826501846,80.2309799194,70493,70503,10
13.0828104019,80.2306900024,70503,70513,10
13.0830602646,80.2308502197,70513,70523,10
13.0831098557,80.2313766479,70523,70533,10
13.0831604004,80.2321395874,70533,70544,11
13.0832500458,80.2326965332,70544,70554,10
13.0833797455,80.2331771851,70554,70564,10
13.0834703445,80.2337722778,70564,70574,10
13.0840101242,80.2340087891,70574,70594,20
13.0840101242,80.2340087891,70594,70604,10
13.0841503143,80.2340621948,70604,70614,10
13.0843296051,80.2341308594,70614,70624,10
13.0846796036,80.2342071533,70624,70634,10
13.0852499008,80.2343521118,70634,70645,11
13.0858802795,80.2344970703,70645,70655,10
13.0863199234,80.234588623,70655,70665,10
13.0868501663,80.2346572876,70665,70675,10
13.0874595642,80.2346572876,70675,70685,10
13.0878801346,80.2342224121,70685,70695,10
13.0879402161,80.233543396,70695,70705,10
13.0881004333,80.232749939,70705,70715,10
13.0883197784,80.2319335938,70715,70725,10
13.08852005,80.2312927246,70725,70735,10
13.088809967,80.2306289673,70735,70756,21
13.088809967,80.2306289673,70756,70766,10
13.0888795853,80.2305221558,70766,70776,10
13.0890798569,80.2301177979,70776,70786,10
13.0894498825,80.2294921875,70786,70796,10
13.0900201797,80.2288208008,70796,70806,10
13.0906000137,80.2282028198,70806,70816,10
13.0913801193,80.2273330688,70816,70836,20
13.0913801193,80.2273330688,70836,70846,10
13.0915298462,80.2271881104,70846,70857,11
13.0919399261,80.2267913818,70857,70867,10
13.0924196243,80.2262573242,70867,70877,10
13.0930099487,80.2256774902,70877,70887,10
13.0934400558,80.2251968384,70887,70897,10
13.0934696198,80.225151062,70897,70907,10
13.0936203003,80.2249908447,70907,70917,10
13.0939397812,80.224609375,70917,70927,10
13.0943803787,80.2240219116,70927,70937,10
13.0948696136,80.2232818604,70937,70947,10
13.0951299667,80.2226715088,70947,70958,11
13.0951700211,80.2225723267,70958,70968,10
13.0953397751,80.2221298218,70968,70978,10
13.0955600739,80.221496582,70978,70988,10
13.0957899094,80.2208786011,70988,70998,10
13.0960102081,80.2202377319,70998,71008,10
13.0960998535,80.2199630737,71008,71018,10
13.0961904526,80.2196884155,71018,71028,10
13.0963201523,80.2193069458,71028,71038,10
13.0964202881,80.219078064,71038,71048,10
13.0965204239,80.2188186646,71048,71059,11
13.0966997147,80.2182693481,71059,71069,10
13.0968999863,80.2176895142,71069,71079,10
13.097120285,80.2170181274,71079,71089,10
13.0971498489,80.2169113159,71089,71099,10
13.097240448,80.2167129517,71099,71109,10
13.0974397659,80.216217041,71109,71119,10
13.0977802277,80.2154006958,71119,71180,61
13.0977802277,80.2154006958,71180,71190,10
13.0979299545,80.2151412964,71190,71200,10
13.0980100632,80.2149124146,71200,71210,10
13.0980901718,80.2147293091,71210,71220,10
13.098279953,80.2142868042,71220,71291,71
13.098279953,80.2142868042,71291,71301,10
13.0984897614,80.2140197754,71301,71311,10
13.0987796783,80.2141036987,71311,71321,10
13.0991697311,80.2142791748,71321,71331,10
13.0997400284,80.2144393921,71331,71341,10
13.1002597809,80.21459198,71341,71462,121
13.1002597809,80.21459198,71462,71473,11
13.1004199982,80.2147064209,71473,71483,10
13.1005601883,80.2147979736,71483,71493,10
13.1004295349,80.2151184082,71493,71503,10
13.100230217,80.2155609131,71503,71513,10
13.1000099182,80.2160720825,71513,71523,10
13.0998296738,80.2160873413,71523,71533,10
13.0999403,80.2157592773,71533,71543,10
13.1000995636,80.2152786255,71543,72967,1424
13.1000995636,80.2152786255,72967,72977,10
13.1001796722,80.2148513794,72977,72997,20
13.1001796722,80.2146911621,72997,73038,41
13.1001796722,80.2146911621,73038,73048,10
13.1000404358,80.2145309448,73048,73058,10
13.0999403,80.2145004272,73058,73068,10
13.0998697281,80.2144775391,73068,73078,10
13.0995702744,80.2144088745,73078,73088,10
13.0989704132,80.2142333984,73088,73098,10
13.09856987,80.2140884399,73098,73108,10
13.098400116,80.2141189575,73108,73118,10
13.0981998444,80.2145385742,73118,73129,11
13.0978498459,80.2153396606,73129,73138,9
13.0975503922,80.2160568237,73138,73149,11
13.0972995758,80.2167205811,73149,73159,10
13.0972604752,80.2168197632,73159,73169,10
13.0970697403,80.2173233032,73169,73179,10
13.0967998505,80.2180786133,73179,73189,10
13.0965995789,80.21875,73189,73199,10
13.0965499878,80.2189483643,73199,73209,10
13.0965099335,80.2190704346,73209,73219,10
13.096329689,80.2194976807,73219,73230,11
13.0960302353,80.2203292847,73230,73240,10
13.0957803726,80.2210464478,73240,73250,10
13.0956001282,80.2215805054,73250,73260,10
13.0953502655,80.2223129272,73260,73270,10
13.095000267,80.2231369019,73270,73280,10
13.0944595337,80.2239837646,73280,73290,10
13.0938396454,80.2247924805,73290,73300,10
13.0931901932,80.2255401611,73300,73310,10
13.0925502777,80.2261810303,73310,73320,10
13.0919904709,80.2267608643,73320,73331,11
13.0914001465,80.2273788452,73331,73341,10
13.0912103653,80.2276000977,73341,73351,10
13.0911197662,80.2276763916,73351,73361,10
13.0907201767,80.2281112671,73361,73371,10
13.0901699066,80.2286987305,73371,73381,10
13.0895004272,80.2294616699,73381,73391,10
13.0891103745,80.230140686,73391,73401,10
13.0889797211,80.2304534912,73401,73411,10
13.0887699127,80.2309265137,73411,73421,10
13.0887298584,80.2309875488,73421,73431,10
13.0886602402,80.2311782837,73431,73442,11
13.0885000229,80.2315368652,73442,73452,10
13.0882997513,80.2321777344,73452,73462,10
13.0880804062,80.233039856,73462,73472,10
13.0879402161,80.2340011597,73472,73482,10
13.087679863,80.2345733643,73482,73492,10
13.0870895386,80.2346115112,73492,73501,9
13.0868797302,80.2345962524,73501,73513,12
13.0864400864,80.2345428467,73513,73522,9
13.0860099792,80.2344589233,73522,73533,11
13.0855102539,80.234336853,73533,73544,11
13.085100174,80.2342300415,73544,73554,10
13.0848903656,80.2341995239,73554,73564,10
13.0844802856,80.2341003418,73564,73574,10
13.08411026,80.2340011597,73574,73584,10
13.0836496353,80.2339019775,73584,73594,10
13.0831298828,80.233833313,73594,73604,10
13.0825996399,80.2337112427,73604,73614,10
13.0823602676,80.2336730957,73614,73624,10
13.0822896957,80.2336578369,73624,73641,17
13.0816602707,80.2335662842,73641,73653,12
13.0810403824,80.2335510254,73653,73663,10
13.0808601379,80.233543396,73663,73672,9
13.080450058,80.233543396,73672,73683,11
13.0798797607,80.2335586548,73683,73692,9
13.0796003342,80.2335510254,73692,73705,13
13.0795698166,80.233543396,73705,73715,10
13.0793104172,80.233543396,73715,73725,10
13.0788602829,80.2335510254,73725,73735,10
13.0782499313,80.2335662842,73735,73745,10
13.0776395798,80.2336196899,73745,73756,11
13.076789856,80.2337417603,73756,73766,10
13.0761804581,80.23387146,73766,73776,10
13.0758304596,80.2340621948,73776,73799,23
13.0759801865,80.2347869873,73799,73811,12
13.0761404037,80.2356567383,73811,73821,10
13.0762701035,80.2364501953,73821,73831,10
13.0764102936,80.237121582,73831,73840,9
13.0764598846,80.2372589111,73840,73851,11
13.0766096115,80.2379379272,73851,73872,21
13.0766096115,80.2379379272,73872,73882,10
13.0766401291,80.23802948,73882,73892,10
13.0767002106,80.2384262085,73892,73902,10
13.076880455,80.2392272949,73902,73912,10
13.077050209,80.2399215698,73912,73922,10
13.0771999359,80.240447998,73922,73932,10
13.077340126,80.2411193848,73932,73942,10
13.0774402618,80.2417526245,73942,73952,10
13.0776195526,80.2425613403,73952,73962,10
13.0777397156,80.2434997559,73962,73973,11
13.0777301788,80.2441864014,73973,73983,10
13.0778102875,80.2448425293,73983,73993,10
13.0778799057,80.2455978394,73993,74003,10
13.0779695511,80.246421814,74003,74012,9
13.0781402588,80.2473220825,74012,74023,11
13.078379631,80.2484664917,74023,74033,10
13.0785999298,80.2493515015,74033,74043,10
13.0786895752,80.2501602173,74043,74053,10
13.0784502029,80.250793457,74053,74064,11
13.0785503387,80.2515411377,74064,74074,10
13.0783395767,80.251701355,74074,74084,10
13.0780897141,80.2517623901,74084,74094,10
13.0776395798,80.2518386841,74094,74104,10
13.0768899918,80.2519836426,74104,74114,10
13.0760202408,80.2521133423,74114,74123,9
13.075340271,80.2521896362,74123,74133,10
13.0746603012,80.252243042,74133,74144,11
13.0739297867,80.2523117065,74144,74154,10
13.073340416,80.252456665,74154,74165,11
13.0725603104,80.2523574829,74165,74175,10
13.0720901489,80.2519073486,74175,74185,10
13.0720100403,80.2512435913,74185,74195,10
13.0718202591,80.250617981,74195,74205,10
13.0716104507,80.2498626709,74205,74215,10
13.0714197159,80.2489929199,74215,74225,10
13.0711898804,80.2479934692,74225,74235,10
13.0708398819,80.2471084595,74235,74245,10
13.0704402924,80.246307373,74245,74255,10
13.0700302124,80.2454071045,74255,74266,11
13.0696401596,80.244430542,74266,74276,10
13.0692596436,80.2433624268,74276,74304,28
13.0692596436,80.2433624268,74304,74314,10
13.0691995621,80.2432174683,74314,74323,9
13.0691099167,80.2426986694,74323,74334,11
13.0685396194,80.2426071167,74334,74344,10
13.0677995682,80.2428283691,74344,74354,10
13.0670404434,80.2431182861,74354,74364,10
13.0663404465,80.2434616089,74364,74375,11
13.0661001205,80.2440414429,74375,74384,9
13.0661802292,80.244682312,74384,74395,11
13.0663003922,80.2453765869,74395,74405,10
13.066619873,80.2460021973,74405,74415,10
13.0674695969,80.2463607788,74415,74425,10
13.067779541,80.2465286255,74425,74435,10
13.0678195953,80.2466125488,74435,74445,10
13.0678901672,80.2471313477,74445,74455,10
13.0678100586,80.247833252,74455,74465,10
13.0672397614,80.2479095459,74465,74476,11
13.0663499832,80.2478790283,74476,74486,10
13.0654201508,80.2477874756,74486,74496,10
13.0643396378,80.2477416992,74496,74506,10
13.0633401871,80.2476730347,74506,74516,10
13.0624303818,80.2476425171,74516,74526,10
13.0617103577,80.2475204468,74526,74536,10
13.0613098145,80.2470397949,74536,74546,10
13.0616998672,80.2465896606,74546,74556,10
13.0619297028,80.2458267212,74556,74566,10
13.0621595383,80.2451629639,74566,74576,10
13.062669754,80.2447891235,74576,74587,11
13.0631198883,80.2443389893,74587,74597,10
13.0631399155,80.2443084717,74597,74607,10
13.0632095337,80.2441635132,74607,74617,10
13.0634002686,80.2437133789,74617,74627,10
13.0632600784,80.2435073853,74627,74637,10
13.062959671,80.2434616089,74637,74647,10
13.0625600815,80.2433776855,74647,74657,10
13.0621595383,80.243309021,74657,74667,10
13.0618495941,80.2432632446,74667,74678,11
13.0613603592,80.2431488037,74678,74698,20
13.0613603592,80.2431488037,74698,74708,10
13.0610799789,80.2430877686,74708,74718,10
13.0605897903,80.2429199219,74718,74728,10
13.0600700378,80.2427597046,74728,74738,10
13.0595197678,80.2425537109,74738,74748,10
13.0589199066,80.2425918579,74748,74758,10
13.0586795807,80.2426223755,74758,74768,10
13.0582895279,80.2426986694,74768,74779,11
13.0576601028,80.2428436279,74779,74789,10
13.0569601059,80.2428436279,74789,74799,10
13.0564603806,80.2426834106,74799,74809,10
13.055850029,80.2423324585,74809,74819,10
13.055100441,80.2423095703,74819,74828,9
13.054479599,80.242401123,74828,74839,11
13.0537996292,80.2423171997,74839,74849,10
13.0537004471,80.2422790527,74849,74859,10
13.053609848,80.2422027588,74859,74869,10
13.053319931,80.2420425415,74869,74879,10
13.0528202057,80.2418899536,74879,74900,21
13.0528202057,80.2418899536,74900,74910,10
13.0526304245,80.2418212891,74910,74920,10
13.0522899628,80.2414474487,74920,74930,10
13.0520401001,80.2410125732,74930,74940,10
13.0518102646,80.2407608032,74940,74950,10
13.0515003204,80.2407073975,74950,74960,10
13.0509996414,80.2406311035,74960,74970,10
13.0509195328,80.2406005859,74970,74980,10
13.0505800247,80.2405090332,74980,74991,11
13.049949646,80.2403717041,74991,75001,10
13.0494804382,80.2402496338,75001,75011,10
13.0488100052,80.2401580811,75011,75021,10
13.0481595993,80.2400512695,75021,75031,10
13.0474500656,80.2398910522,75031,75041,10
13.0471801758,80.2398071289,75041,75051,10
13.0466499329,80.2397079468,75051,75061,10
13.0461902618,80.2395324707,75061,75071,10
13.0462799072,80.2392425537,75071,75081,10
13.0463600159,80.2387619019,75081,75091,10
13.0464696884,80.2381362915,75091,75102,11
13.04666996,80.2373428345,75102,75112,10
13.0468101501,80.2365493774,75112,75122,10
13.0468997955,80.2360992432,75122,75132,10
13.046959877,80.235710144,75132,75142,10
13.0470104218,80.2354125977,75142,75152,10
13.0470695496,80.2348632813,75152,75162,10
13.0471200943,80.2341690063,75162,75172,10
13.0471897125,80.233757019,75172,75182,10
13.0471897125,80.2337265015,75182,75192,10
13.0472297668,80.2334136963,75192,75203,11
13.0471897125,80.2331237793,75203,75213,10
13.0468196869,80.2330627441,75213,75223,10
13.0463199615,80.2329864502,75223,75233,10
13.0457801819,80.2328567505,75233,75243,10
13.0452699661,80.2327270508,75243,75263,20
13.0452699661,80.2327270508,75263,75273,10
13.0449895859,80.2326507568,75273,75283,10
13.044500351,80.2325592041,75283,75293,10
13.0437803268,80.232421875,75293,75304,11
13.0430002213,80.2323608398,75304,75314,10
13.0423202515,80.2323608398,75314,75324,10
13.0416097641,80.2322463989,75324,75334,10
13.0409498215,80.2320785522,75334,75344,10
13.0403604507,80.2318267822,75344,75354,10
13.0396404266,80.2316589355,75354,75364,10
13.0389204025,80.2314605713,75364,75374,10
13.0381202698,80.2312393188,75374,75384,10
13.0374097824,80.231010437,75384,75394,10
13.036860466,80.2307891846,75394,75405,11
13.0366096497,80.230758667,75405,75415,10
13.0361604691,80.2306137085,75415,75425,10
13.0356798172,80.2304611206,75425,75485,60
13.0356798172,80.2304611206,75485,75495,10
13.0353097916,80.2303771973,75495,75506,11
13.0348796844,80.2303237915,75506,75516,10
13.0343704224,80.2304000854,75516,75526,10
13.0340299606,80.2304763794,75526,75536,10
13.0338401794,80.2304763794,75536,75546,10
13.0335302353,80.2305221558,75546,75566,20
13.0335302353,80.2305221558,75566,75576,10
13.0334100723,80.2305374146,75576,75586,10
13.0330600739,80.2305603027,75586,75596,10
13.0326099396,80.2305984497,75596,75606,10
13.0320701599,80.2306594849,75606,75617,11
13.0314397812,80.2307128906,75617,75627,10
13.0308799744,80.2307662964,75627,75637,10
13.0306301117,80.2307815552,75637,75647,10
13.0302400589,80.2308120728,75647,75657,10
13.0298900604,80.2308502197,75657,75667,10
13.0297403336,80.2308807373,75667,75677,10
13.0294399261,80.2309417725,75677,75687,10
13.0289001465,80.2309875488,75687,75697,10
13.0282402039,80.231086731,75697,75713,16
13.0276203156,80.2312774658,75713,75726,13
13.0276899338,80.2319564819,75726,75736,10
13.0278301239,80.2325973511,75736,75746,10
13.0277004242,80.2328720093,75746,75756,10
13.0272302628,80.2329483032,75756,75766,10
13.0267400742,80.2330093384,75766,75806,40
13.0267400742,80.2330093384,75806,75817,11
13.026599884,80.2330780029,75817,75827,10
13.0265703201,80.2330703735,75827,75837,10
13.0263996124,80.2330627441,75837,75847,10
13.0262098312,80.2326812744,75847,75857,10
13.0260601044,80.232093811,75857,75867,10
13.0258598328,80.231338501,75867,75877,10
13.0255899429,80.2305221558,75877,75887,10
13.0250997543,80.2297286987,75887,75897,10
13.0246601105,80.2291870117,75897,75907,10
13.0243501663,80.2287826538,75907,75917,10
13.0240402222,80.2284317017,75917,75928,11
13.0239200592,80.2283096313,75928,75938,10
13.0238704681,80.2282333374,75938,75948,10
13.0235004425,80.2277984619,75948,75968,20
13.0235004425,80.2277984619,75968,75978,10
13.0234603882,80.2277832031,75978,75988,10
13.0232696533,80.2275772095,75988,75998,10
13.0229902267,80.2272796631,75998,76008,10
13.0224895477,80.2268371582,76008,76018,10
13.0218801498,80.2263031006,76018,76029,11
13.0211400986,80.2257385254,76029,76039,10
13.0205097198,80.2252578735,76039,76049,10
13.0198001862,80.2247695923,76049,76059,10
13.0190496445,80.2244796753,76059,76069,10
13.0182800293,80.2246932983,76069,76079,10
13.0175695419,80.2249908447,76079,76089,10
13.0168504715,80.2252807617,76089,76099,10
13.0164003372,80.2254714966,76099,76115,16
13.0157899857,80.2256698608,76115,76127,12
13.0152101517,80.2259292603,76127,76138,11
13.014550209,80.2262191772,76138,76169,31
13.014550209,80.2262191772,76169,76179,10
13.0142602921,80.2263031006,76179,76188,9
13.0138196945,80.2264633179,76188,76199,11
13.0128602982,80.2267990112,76199,76209,10
13.0119400024,80.2271881104,76209,76219,10
13.0109701157,80.2275924683,76219,76230,11
13.0099401474,80.228012085,76230,76240,10
13.0091295242,80.2285003662,76240,76250,10
13.008939743,80.2294006348,76250,76260,10
13.0087499619,80.2304382324,76260,76270,10
13.0085802078,80.2314529419,76270,76280,10
13.0083799362,80.2324676514,76280,76290,10
13.0082597733,80.2333374023,76290,76300,10
13.0082302094,80.2336120605,76300,76310,10
13.0081701279,80.2337799072,76310,76320,10
13.0080900192,80.2341308594,76320,76331,11
13.0079603195,80.2348403931,76331,76341,10
13.0078201294,80.2355575562,76341,76351,10
13.0076503754,80.2363891602,76351,76361,10
13.007519722,80.2369918823,76361,76377,16
13.0074796677,80.2372283936,76377,76389,12
13.0074300766,80.2374572754,76389,76399,10
13.007399559,80.2376174927,76399,76409,10
13.0073003769,80.2381820679,76409,76429,20
13.0073003769,80.2381820679,76429,76440,11
13.0072402954,80.2384796143,76440,76510,70
13.0072402954,80.2384796143,76510,76520,10
13.0071601868,80.2388000488,76520,76530,10
13.007060051,80.2392578125,76530,76541,11
13.0069503784,80.2398223877,76541,76631,90
13.0069503784,80.2398223877,76631,76641,10
13.0070104599,80.2400131226,76641,76652,11
13.0069198608,80.2404098511,76652,76662,10
13.0068702698,80.2407226563,76662,76672,10
13.0068597794,80.2407302856,76672,76682,10
13.0067796707,80.2410736084,76682,76692,10
13.0067396164,80.2417297363,76692,76702,10
13.0067396164,80.2422485352,76702,76753,51
13.0067396164,80.2422485352,76753,76763,10
13.0067100525,80.2425537109,76763,76773,10
13.0066995621,80.2427825928,76773,76783,10
13.0066900253,80.2429962158,76783,76793,10
13.0066795349,80.2432174683,76793,76803,10
13.0066795349,80.2434768677,76803,76813,10
13.0066795349,80.2434997559,76813,76823,10
13.0066795349,80.2438583374,76823,76833,10
13.0066795349,80.244140625,76833,76854,21
13.0066795349,80.244140625,76854,76864,10
13.0066699982,80.2444381714,76864,76874,10
13.0066795349,80.2445831299,76874,76884,10
13.0066795349,80.2448883057,76884,76894,10
13.0067195892,80.245262146,76894,76904,10
13.0067396164,80.2457809448,76904,76914,10
13.0067396164,80.2459793091,76914,76955,41
13.0067396164,80.2459793091,76955,76965,10
13.0067501068,80.246421814,76965,76975,10
13.0067596436,80.2465896606,76975,76985,10
13.0067796707,80.2470321655,76985,76995,10
13.0067396164,80.2476882935,76995,77005,10
13.0067501068,80.2485427856,77005,77015,10
13.0068597794,80.2492980957,77015,77025,10
13.0068702698,80.2494277954,77025,77035,10
13.0068902969,80.2496490479,77035,77045,10
13.0068397522,80.2501983643,77045,77055,10
13.0068397522,80.2509002686,77055,77066,11
13.0068302155,80.2511825562,77066,77076,10
13.0067796707,80.2515792847,77076,77086,10
13.0066604614,80.2521514893,77086,77096,10
13.0065803528,80.2528381348,77096,77106,10
13.0065803528,80.253578186,77106,77116,10
13.0066003799,80.2543563843,77116,77126,10
13.0066404343,80.2547912598,77126,77136,10
13.0066404343,80.2547988892,77136,77146,10
13.0066003799,80.2549819946,77146,77156,10
13.0066003799,80.2553863525,77156,77167,11
13.0066099167,80.2562103271,77167,77177,10
13.0066204071,80.2570266724,77177,77227,50
13.0066204071,80.2570266724,77227,77237,10
13.0067100525,80.2574005127,77237,77247,10
13.0063800812,80.2575836182,77247,77257,10
13.005900383,80.2574462891,77257,77268,11
13.0053300858,80.2573165894,77268,77278,10
13.0047597885,80.2571716309,77278,77288,10
13.0040798187,80.2570266724,77288,77298,10
13.0035800934,80.2569198608,77298,77308,10
13.0034198761,80.2568969727,77308,77318,10
13.0032701492,80.2568664551,77318,77328,10
13.0028800964,80.2567977905,77328,77338,10
13.0022497177,80.2566833496,77338,77348,10
13.0017299652,80.2566070557,77348,77409,61
13.0017299652,80.2566070557,77409,77419,10
13.0015802383,80.2565994263,77419,77429,10
13.0011901855,80.2565536499,77429,77438,9
13.0007400513,80.2564926147,77438,77448,10
13.0002498627,80.2564468384,77448,77459,11
13.0001602173,80.2564315796,77459,77470,11
12.9999599457,80.2563781738,77470,77480,10
12.9994897842,80.2562789917,77480,77490,10
12.9991397858,80.2562026978,77490,77500,10
12.9988603592,80.2561416626,77500,77510,10
12.9986200333,80.2560882568,77510,77520,10
12.9982595444,80.2560424805,77520,77530,10
12.9978704453,80.2560195923,77530,77540,10
12.9974603653,80.2559814453,77540,77550,10
12.9970397949,80.2559661865,77550,77560,10
12.9968795776,80.2562637329,77560,77570,10
12.9968395233,80.2568206787,77570,77581,11
12.9968500137,80.2568817139,77581,77591,10
12.9968395233,80.2571487427,77591,77601,10
12.9967699051,80.2577209473,77601,77611,10
12.9966802597,80.2584609985,77611,77621,10
12.9965801239,80.259262085,77621,77631,10
12.9965000153,80.259803772,77631,77647,16
12.9963903427,80.2608566284,77647,77659,12
12.9963102341,80.2616500854,77659,77667,8
12.9962701797,80.2619628906,77667,77680,13
12.996219635,80.2622833252,77680,77690,10
12.9962100983,80.2624435425,77690,77700,10
12.9961500168,80.2627868652,77700,77710,10
12.9961204529,80.2631912231,77710,77720,10
12.9961204529,80.2632064819,77720,77730,10
12.9961004257,80.2635879517,77730,77740,10
12.9960298538,80.2642288208,77740,77750,10
12.9959402084,80.2649612427,77750,77760,10
12.9958496094,80.2657318115,77760,77770,10
12.9957704544,80.2664718628,77770,77781,11
12.9956798553,80.267288208,77781,77791,10
12.9957799911,80.2676773071,77791,77801,10
12.9960899353,80.2677001953,77801,77811,10
12.9961996078,80.2677230835,77811,77821,10
12.996720314,80.2677307129,77821,77831,10
12.9974498749,80.267539978,77831,77841,10
12.9981803894,80.267326355,77841,77851,10
12.9989004135,80.2671432495,77851,77861,10
12.9996404648,80.2669067383,77861,77871,10
13.0000095367,80.2666473389,77871,77882,11
13.0000200272,80.2666397095,77882,77892,10
13.0001296997,80.2663497925,77892,77902,10
13.0001602173,80.2659835815,77902,77912,10
13.0002298355,80.2656936646,77912,77922,10
13.0003204346,80.2658309937,77922,77932,10
13.0002803802,80.2663421631,77932,78578,646
13.0002803802,80.2663421631,78578,78588,10
13.0002603531,80.2666015625,78588,78598,10
13.0002603531,80.2667617798,78598,78609,11
13.0001001358,80.2669067383,78609,78619,10
12.9996995926,80.2670211792,78619,78629,10
12.9990997314,80.2671737671,78629,78639,10
12.9984397888,80.2673416138,78639,78649,10
12.9977703094,80.2675170898,78649,78659,10
12.997130394,80.2677001953,78659,78669,10
12.9964704514,80.267791748,78669,78679,10
12.9958496094,80.2677536011,78679,78689,10
12.9956598282,80.2676391602,78689,78699,10
12.9956502914,80.2674789429,78699,78710,11
12.9956598282,80.2672576904,78710,78720,10
12.9957103729,80.2667999268,78720,78730,10
12.9957895279,80.26612854,78730,78740,10
12.9958600998,80.26537323,78740,78750,10
12.9959402084,80.2646179199,78750,78760,10
12.9960203171,80.2638931274,78760,78770,10
12.9961004257,80.2632522583,78770,78780,10
12.9961595535,80.2626419067,78780,78790,10
12.9961795807,80.2624816895,78790,78800,10
12.9962396622,80.2621078491,78800,78811,11
12.9963197708,80.2614822388,78811,78821,10
12.9963798523,80.2607421875,78821,78831,10
12.9964704514,80.259979248,78831,78841,10
12.9965200424,80.2592697144,78841,78851,10
12.9966096878,80.2585525513,78851,78861,10
12.9966897964,80.2577590942,78861,78871,10
12.9967498779,80.2570571899,78871,78881,10
12.9968700409,80.2560424805,78881,78901,20
12.9968700409,80.2560424805,78901,78912,11
12.9968900681,80.2558364868,78912,78922,10
12.997010231,80.2557907104,78922,78932,10
12.9973602295,80.255821228,78932,78942,10
12.9978904724,80.2558670044,78942,78952,10
12.9985704422,80.2559432983,78952,78962,10
12.9987897873,80.2559585571,78962,78972,10
12.9989795685,80.2559967041,78972,78982,10
12.9991598129,80.2560424805,78982,78992,10
12.9992198944,80.2560577393,78992,79002,10
12.9996204376,80.256149292,79002,79012,10
13.0002803802,80.2562789917,79012,79023,11
13.0011196136,80.2564315796,79023,79033,10
13.0017404556,80.2565307617,79033,79043,10
13.0024299622,80.2566375732,79043,79053,10
13.0030498505,80.2567825317,79053,79069,16
13.0039901733,80.2569732666,79069,79081,12
13.0050001144,80.2571487427,79081,79089,8
13.0056400299,80.2572784424,79089,79101,12
13.0062503815,80.2573928833,79101,79111,10
13.006360054,80.2574081421,79111,79121,10
13.0064897537,80.2572021484,79121,79131,10
13.0064897537,80.256729126,79131,79140,9
13.0064897537,80.2561416626,79140,79151,11
13.0064697266,80.2553710938,79151,79162,11
13.0065002441,80.2546768188,79162,79171,9
13.0064697266,80.2540206909,79171,79182,11
13.0064697266,80.2533187866,79182,79192,10
13.006480217,80.2531661987,79192,79202,10
13.006480217,80.2530212402,79202,79212,10
13.006480217,80.2526321411,79212,79222,10
13.0065097809,80.2524185181,79222,79233,11
13.0065803528,80.2519836426,79233,79243,10
13.0066995621,80.2513504028,79243,79253,10
13.0067100525,80.2506103516,79253,79263,10
13.0067100525,80.2498397827,79263,79273,10
13.0066795349,80.2489929199,79273,79344,71
13.0066795349,80.2489929199,79344,79354,10
13.0066003799,80.2488708496,79354,79374,20
13.0066003799,80.2488708496,79374,79384,10
13.0066204071,80.2487182617,79384,79394,10
13.0066003799,80.2484207153,79394,79404,10
13.0065803528,80.2481231689,79404,79414,10
13.0065803528,80.2477416992,79414,79424,10
13.0066003799,80.2472610474,79424,79435,11
13.0065498352,80.2466964722,79435,79445,10
13.0065402985,80.2465362549,79445,79455,10
13.0065898895,80.2464065552,79455,79465,10
13.0066204071,80.2462997437,79465,79475,10
13.0066204071,80.245880127,79475,79485,10
13.0066099167,80.2452468872,79485,79495,10
13.0065898895,80.2446289063,79495,79505,10
13.0065803528,80.2441177368,79505,79515,10
13.0065498352,80.2436065674,79515,79525,10
13.006529808,80.2431182861,79525,79535,10
13.0065097809,80.24269104,79535,79546,11
13.0065202713,80.2425308228,79546,79556,10
13.0065202713,80.2420120239,79556,79566,10
13.0065402985,80.2412185669,79566,79576,10
13.0066299438,80.2406616211,79576,79586,10
13.0066299438,80.2406082153,79586,79596,10
13.0066699982,80.2403793335,79596,79606,10
13.0067901611,80.2398605347,79606,79616,10
13.0069503784,80.2391662598,79616,79626,10
13.0070896149,80.2384109497,79626,79636,10
13.0072402954,80.2376708984,79636,79647,11
13.007349968,80.2369766235,79647,79657,10
13.0073604584,80.2368621826,79657,79667,10
13.0074701309,80.2364807129,79667,79677,10
13.007610321,80.2358322144,79677,79687,10
13.0077600479,80.2350769043,79687,79697,10
13.007900238,80.2343826294,79697,79707,10
13.0081300735,80.2332611084,79707,79717,10
13.0083303452,80.2322769165,79717,79727,10
13.0085296631,80.231262207,79727,79737,10
13.0087299347,80.2302322388,79737,79748,11
13.0089797974,80.2290496826,79748,79758,10
13.0092096329,80.2280807495,79758,79768,10
13.0095901489,80.2272033691,79768,79778,10
13.0099697113,80.226348877,79778,79788,10
13.0102901459,80.225692749,79788,79798,10
13.01060009,80.2250366211,79798,79808,10
13.0108699799,80.2244186401,79808,79818,10
13.011059761,80.2239837646,79818,79828,10
13.0111303329,80.2237319946,79828,79838,10
13.0112800598,80.2232894897,79838,79849,11
13.011590004,80.2226028442,79849,79859,10
13.0118103027,80.221862793,79859,79869,10
13.012140274,80.2213973999,79869,79879,10
13.0122003555,80.2213973999,79879,79889,10
13.0124197006,80.2216186523,79889,79899,10
13.0127696991,80.2221221924,79899,79909,10
13.0131902695,80.2225570679,79909,79919,10
13.0136203766,80.2230377197,79919,79929,10
13.0141296387,80.2235870361,79929,79939,10
13.014550209,80.2240829468,79939,79950,11
13.0150499344,80.224609375,79950,79970,20
13.0150499344,80.224609375,79970,79980,10
13.0153598785,80.2248764038,79980,79990,10
13.0153999329,80.2248916626,79990,80000,10
13.0156698227,80.2251586914,80000,80010,10
13.0162200928,80.2253265381,80010,80020,10
13.0168600082,80.2251434326,80020,80030,10
13.0175800323,80.2248535156,80030,80040,10
13.018409729,80.2245330811,80040,80051,11
13.0193395615,80.2243804932,80051,80061,10
13.0200004578,80.2247009277,80061,80071,10
13.0205898285,80.2251205444,80071,80081,10
13.0211896896,80.2255706787,80081,80091,10
13.0217599869,80.2259902954,80091,80101,10
13.0219497681,80.2261428833,80101,80111,10
13.0219898224,80.2262191772,80111,80121,10
13.0222702026,80.2264633179,80121,80131,10
13.0227403641,80.226852417,80131,80141,10
13.0232801437,80.2273788452,80141,80151,10
13.0238704681,80.2279281616,80151,80162,11
13.0244598389,80.2286376953,80162,80173,11
13.0247602463,80.2290802002,80173,80183,10
13.0251598358,80.2295913696,80183,80193,10
13.0256204605,80.2302322388,80193,80203,10
13.0259199142,80.2309036255,80203,80213,10
13.02602005,80.2312774658,80213,80223,10
13.026260376,80.2313079834,80223,80233,10
13.026720047,80.2311935425,80233,80243,10
13.0273895264,80.231010437,80243,80253,10
13.0280504227,80.2309112549,80253,80263,10
13.0284204483,80.2308578491,80263,80274,11
13.0286998749,80.2308425903,80274,80284,10
13.0292196274,80.230796814,80284,80294,10
13.0296802521,80.230758667,80294,80304,10
13.0304002762,80.2306976318,80304,80314,10
13.0309696198,80.2306594849,80314,80324,10
13.0313100815,80.2306289673,80324,80334,10
13.0319004059,80.2305908203,80334,80344,10
13.0324401855,80.2305297852,80344,80354,10
13.0331602097,80.2304763794,80354,80365,11
13.0339298248,80.230430603,80365,80375,10
13.0342798233,80.2303771973,80375,80385,10
13.0342998505,80.2303771973,80385,80395,10
13.0343799591,80.2303619385,80395,80405,10
13.0346298218,80.2303085327,80405,80415,10
13.0348901749,80.2303237915,80415,80425,10
13.0349397659,80.2305297852,80425,80435,10
13.0348997116,80.2309188843,80435,80445,10
13.034819603,80.2315826416,80445,80455,10
13.0347204208,80.2322463989,80455,80465,10
13.0346298218,80.2329788208,80465,80476,11
13.034529686,80.2336502075,80476,80486,10
13.0344295502,80.2343597412,80486,80496,10
13.0343704224,80.2348632813,80496,80506,10
13.0342798233,80.2356109619,80506,80516,10
13.0341901779,80.2364730835,80516,80526,10
13.0342998505,80.2373962402,80526,80597,71
13.0342998505,80.2373962402,80597,80607,10
13.0343799591,80.2376708984,80607,80617,10
13.0346298218,80.2380371094,80617,80627,10
13.0349502563,80.2385101318,80627,80637,10
13.0352096558,80.238899231,80637,80647,10
13.0356302261,80.2393798828,80647,80657,10
13.0362100601,80.239440918,80657,80667,10
13.0369701385,80.2395095825,80667,80678,11
13.0378103256,80.2396011353,80678,80688,10
13.0382299423,80.2396469116,80688,80698,10
13.0387897491,80.2397003174,80698,80708,10
13.0395002365,80.2397994995,80708,80718,10
13.0401201248,80.2398681641,80718,80728,10
13.0403699875,80.2399978638,80728,80738,10
13.0403604507,80.2403793335,80738,80748,10
13.0407304764,80.2405014038,80748,80758,10
13.0411996841,80.2405776978,80758,80768,10
13.0418100357,80.2406692505,80768,80779,11
13.042550087,80.2407608032,80779,80789,10
13.0432395935,80.240852356,80789,80799,10
13.0439596176,80.2408981323,80799,80809,10
13.0445995331,80.2405014038,80809,80819,10
13.0451402664,80.2401199341,80819,80829,10
13.0456800461,80.2397613525,80829,80839,10
13.0461502075,80.2394866943,80839,80849,10
13.0465202332,80.2395629883,80849,80859,10
13.0467500687,80.2396011353,80859,80869,10
13.0472698212,80.2397232056,80869,80880,11
13.0480499268,80.2398834229,80880,80890,10
13.0486898422,80.2399902344,80890,80900,10
13.0493001938,80.2401199341,80900,80910,10
13.0498695374,80.2402496338,80910,80920,10
13.0504398346,80.2403564453,80920,80930,10
13.0511398315,80.2405090332,80930,80940,10
13.0518598557,80.2406692505,80940,80950,10
13.0523700714,80.2407989502,80950,80960,10
13.0525398254,80.2412414551,80960,80970,10
13.0528497696,80.2417221069,80970,80980,10
13.0533399582,80.2419433594,80980,80997,17
13.0542898178,80.2422637939,80997,81009,12
13.0544595718,80.2422790527,81009,81019,10
13.0548000336,80.2422790527,81019,81029,10
13.0556001663,80.2422027588,81029,81038,9
13.0561599731,80.2424163818,81038,81050,12
13.05671978,80.2425689697,81050,81060,10
13.057100296,80.242729187,81060,81070,10
13.0576696396,80.2427368164,81070,81080,10
13.0583000183,80.2426223755,81080,81091,11
13.0590400696,80.2425003052,81091,81101,10
13.0597000122,80.2425918579,81101,81111,10
13.0603599548,80.2428207397,81111,81121,10
13.0608797073,80.242980957,81121,81131,10
13.0612802505,80.2430801392,81131,81141,10
13.0618600845,80.2432022095,81141,81151,10
13.0624799728,80.2433013916,81151,81161,10
13.0627002716,80.243347168,81161,81171,10
13.0631504059,80.2434387207,81171,81181,10
13.0638799667,80.2434616089,81181,81192,11
13.0646400452,80.2434692383,81192,81202,10
13.0652799606,80.2434692383,81202,81212,10
13.0654096603,80.2434997559,81212,81222,10
13.065580368,80.2435379028,81222,81232,10
13.0659303665,80.2434616089,81232,81242,10
13.0663604736,80.2433624268,81242,81252,10
13.0668497086,80.2431488037,81252,81262,10
13.0674200058,80.2428894043,81262,81272,10
13.0680999756,80.2426605225,81272,81282,10
13.0686397552,80.2425003052,81282,81292,10
13.068980217,80.2423629761,81292,81303,11
13.0694999695,80.2421417236,81303,81313,10
13.0698204041,80.2420578003,81313,81323,10
13.0699901581,80.2420501709,81323,81333,10
13.0704698563,80.2419204712,81333,81349,16
13.0714797974,80.241569519,81349,81361,12
13.0722999573,80.2410812378,81361,81370,9
13.0728998184,80.2407913208,81370,81381,11
13.0735397339,80.2406005859,81381,81391,10
13.0740003586,80.2404937744,81391,81401,10
13.0747404099,80.240447998,81401,81412,11
13.0757102966,80.2404327393,81412,81422,10
13.0763998032,80.2404632568,81422,81432,10
13.0770797729,80.2404632568,81432,81442,10
13.0770196915,80.2398376465,81442,81452,10
13.0768203735,80.2390594482,81452,81462,10
13.0766601563,80.2384414673,81462,81471,9
13.0765600204,80.23802948,81471,81482,11
13.0764198303,80.2374725342,81482,81492,10
13.0763902664,80.2372665405,81492,81502,10
13.0762996674,80.236869812,81502,81513,11
13.0761899948,80.2361221313,81513,81523,10
13.0760402679,80.2353591919,81523,81533,10
13.0758399963,80.2345123291,81533,81543,10
13.0757703781,80.2340011597,81543,81553,10
13.0760097504,80.2337493896,81553,81563,10
13.07654953,80.2336807251,81563,81573,10
13.0771999359,80.2335891724,81573,81583,10
13.0778398514,80.2335281372,81583,81593,10
13.0785198212,80.2334976196,81593,81603,10
13.0792598724,80.2334823608,81603,81614,11
13.0799598694,80.2334594727,81614,81624,10
13.0801401138,80.2334518433,81624,81634,10
13.0804595947,80.2334823608,81634,81644,10
13.0810604095,80.2334976196,81644,81654,10
13.081609726,80.2335281372,81654,81664,10
13.0819301605,80.2333374023,81664,81674,10
13.0820102692,80.2327804565,81674,81684,10
13.0822496414,80.2320098877,81684,81694,10
13.0825500488,80.2312393188,81694,81704,10
13.0827999115,80.2306976318,81704,81715,11
13.0830602646,80.23072052,81715,81725,10
13.0831203461,80.2311172485,81725,81735,10
13.0831699371,80.2318191528,81735,81745,10
13.0832500458,80.2325820923,81745,81755,10
13.0834102631,80.2332611084,81755,81765,10
13.0835504532,80.2337493896,81765,81775,10
13.0840196609,80.2339172363,81775,81785,10
13.0840797424,80.2339401245,81785,81795,10
13.0843000412,80.2340164185,81795,81805,10
13.0847797394,80.23412323,81805,81816,11
13.0854797363,80.2342834473,81816,81826,10
13.0860204697,80.2344207764,81826,81836,10
13.0866003036,80.2345275879,81836,81846,10
13.0872001648,80.2345733643,81846,81856,10
13.087849617,80.2342681885,81856,81866,10
13.0879201889,80.2336502075,81866,81876,10
13.0880699158,80.2328567505,81876,81886,10
13.0882701874,80.2320480347,81886,81896,10
13.0884895325,80.231338501,81896,81906,10
13.088760376,80.2306671143,81906,81916,10
13.0888500214,80.23046875,81916,81926,10
13.0890102386,80.230140686,81926,81937,11
13.0893602371,80.2294921875,81937,81947,10
13.0898799896,80.2288818359,81947,81957,10
13.0904397964,80.2282791138,81957,81967,10
13.0909996033,80.2276916504,81967,81977,10
13.091340065,80.2272872925,81977,81987,10
13.091460228,80.2271728516,81987,81997,10
13.0918502808,80.2267837524,81997,82007,10
13.0924100876,80.2262191772,82007,82017,10
13.0930500031,80.2255783081,82017,82027,10
13.0935602188,80.2249984741,82027,82038,11
13.0940599442,80.2244262695,82038,82048,10
13.0945596695,80.2237472534,82048,82058,10
13.0950403214,80.2229614258,82058,82068,10
13.0953798294,80.2220993042,82068,82078,10
13.0956602097,80.2212982178,82078,82088,10
13.0959196091,80.2205734253,82088,82098,10
13.0961799622,80.2198410034,82098,82108,10
13.0964603424,80.21900177,82108,82118,10
13.0966997147,80.2182388306,82118,82129,11
13.0970201492,80.2173461914,82129,82139,10
13.0973300934,80.2165374756,82139,82149,10
13.0976495743,80.2157592773,82149,82159,10
13.0979204178,80.2151107788,82159,82169,10
13.0982503891,80.21434021,82169,82179,10
13.0985002518,80.2139129639,82179,82189,10
13.0988502502,80.2140579224,82189,82199,10
13.0994195938,80.2142486572,82199,82209,10
13.1001796722,80.2144622803,82209,82246,37
13.1001796722,80.2144622803,82246,82258,12
13.100279808,80.2149810791,82258,83399,1141
13.100279808,80.2149810791,83399,83409,10
13.1001796722,80.2151565552,83409,83419,10
13.100060463,80.2154388428,83419,83429,10
13.0999403,80.2157287598,83429,83439,10
13.0998401642,80.2159805298,83439,83449,10
13.0999097824,80.216178894,83449,83459,10
13.0998001099,80.2164916992,83459,83470,11
13.0996599197,80.2168884277,83470,83480,10
13.0995502472,80.2172775269,83480,83490,10
13.0994701385,80.2176971436,83490,83500,10
13.0993700027,80.2182388306,83500,83510,10
13.0993099213,80.2186965942,83510,83520,10
13.099240303,80.2191390991,83520,83530,10
13.0991897583,80.2194366455,83530,83539,9
13.0991201401,80.2198410034,83539,83550,11
13.0990400314,80.2203063965,83550,83560,10
13.0989303589,80.2208328247,83560,83570,10
13.0988197327,80.2213363647,83570,83581,11
13.098739624,80.2221603394,83581,83591,10
13.0987701416,80.2228469849,83591,83601,10
13.0989599228,80.2231826782,83601,83611,10
13.0992498398,80.2235717773,83611,83621,10
13.0995903015,80.2241134644,83621,83631,10
13.0997896194,80.2248077393,83631,83641,10
13.0999202728,80.2255172729,83641,83651,10
13.1000204086,80.2261123657,83651,83661,10
13.100060463,80.2267608643,83661,83671,10
13.1000900269,80.2274475098,83671,83682,11
13.1000299454,80.2281036377,83682,83692,10
13.0999498367,80.2285995483,83692,83702,10
13.0998802185,80.2289962769,83702,83712,10
13.0998001099,80.2294921875,83712,83722,10
13.0996799469,80.2300186157,83722,83732,10
13.09953022,80.2305679321,83732,83748,16
13.0991601944,80.2314529419,83748,83760,12
13.0989103317,80.2320785522,83760,83770,10
13.0987596512,80.2326202393,83770,83780,10
13.0986404419,80.2332382202,83780,83791,11
13.0985603333,80.2338790894,83791,83801,10
13.0984897614,80.2346191406,83801,83811,10
13.098400116,80.2352523804,83811,83821,10
13.0983295441,80.235710144,83821,83830,9
13.0982398987,80.2362594604,83830,83841,11
13.0981302261,80.2369003296,83841,83851,10
13.0980195999,80.2375106812,83851,83861,10
13.0979003906,80.2381362915,83861,83871,10
13.0978002548,80.2387313843,83871,83881,10
13.0977401733,80.2392807007,83881,83892,11
13.097700119,80.2398376465,83892,83902,10
13.0976600647,80.2403869629,83902,83912,10
13.0975999832,80.2409210205,83912,83922,10
13.097530365,80.2414779663,83922,83932,10
13.0974702835,80.2418823242,83932,83942,10
13.0974597931,80.2420578003,83942,83952,10
13.0978498459,80.2421875,83952,83961,9
13.0982303619,80.2422332764,83961,83971,10
13.0984401703,80.2422790527,83971,83982,11
13.0984802246,80.2422790527,83982,83993,11
13.0986204147,80.2421875,83993,84003,10
13.0986700058,80.2421722412,84003,84013,10
13.0987596512,80.2420196533,84013,84023,10
13.0987997055,80.2418212891,84023,84033,10
13.0988302231,80.2415924072,84033,84043,10
13.0988998413,80.241317749,84043,84053,10
13.0989704132,80.2412185669,84053,84063,10
13.0990400314,80.2409973145,84063,84094,31
13.0990400314,80.2409973145,84094,84104,10
13.0989904404,80.2406997681,84104,84114,10
13.0989103317,80.2404403687,84114,84124,10
13.0990400314,80.2404327393,84124,84275,151
13.0990400314,80.2404327393,84275,84285,10
13.09897995,80.2407226563,84285,84295,10
13.09897995,80.2409973145,84295,84306,11
13.0989599228,80.2412567139,84306,84316,10
13.0989198685,80.2414703369,84316,84336,20
13.0989198685,80.2414703369,84336,84346,10
13.0989103317,80.2413864136,84346,84356,10
