12.9968395233,80.1912536621,16,127,111
12.9967002869,80.1914367676,127,298,171
12.9968500137,80.1913833618,298,4748,4450
12.9967403412,80.1912994385,4748,4849,101
12.9968204498,80.191368103,4849,5334,485
12.9968299866,80.1913299561,5334,5515,181
12.9968299866,80.1913299561,5515,5525,10
12.9968395233,80.1913375854,5525,6060,535
12.9968795776,80.1913833618,6060,6444,384
12.9968900681,80.1914215088,6444,16575,10131
12.9968004227,80.1914215088,16575,16969,394
12.9968395233,80.1913070679,16969,18133,1164
12.9968595505,80.1912765503,18133,18377,244
12.9968795776,80.1913299561,18377,19318,941
12.9968204498,80.1913604736,19318,19468,150
12.996919632,80.1913604736,19468,19735,267
12.9969301224,80.1913528442,19735,19856,121
12.9968500137,80.1914215088,19856,22907,3051
12.9968996048,80.1913604736,22907,24289,1382
12.9967498779,80.1914672852,24289,24501,212
12.9967498779,80.1914672852,24501,24511,10
12.9967298508,80.1913528442,24511,24522,11
12.9965000153,80.1913986206,24522,24542,20
12.9965000153,80.1913986206,24542,24552,10
12.9962501526,80.191192627,24552,24562,10
12.9961004257,80.1906433105,24562,24572,10
12.9959096909,80.1896972656,24572,24592,20
12.9959096909,80.1896972656,24592,24602,10
12.9959402084,80.1894683838,24602,24612,10
12.9961996078,80.1893692017,24612,24621,9
12.9965400696,80.1897583008,24621,24633,12
12.9971904755,80.1904983521,24633,24643,10
12.9978399277,80.1913070679,24643,24653,10
12.9985704422,80.192237854,24653,24663,10
12.9993495941,80.1932067871,24663,24673,10
13.0001497269,80.1942825317,24673,24683,10
13.0009698868,80.1953887939,24683,24693,10
13.0018701553,80.1965103149,24693,24703,10
13.0020503998,80.1978225708,24703,24713,10
13.0018501282,80.1990737915,24713,24723,10
13.0020799637,80.2002105713,24723,24734,11
13.0031900406,80.2007598877,24734,24744,10
13.003780365,80.2008285522,24744,24754,10
13.0039100647,80.2008895874,24754,24764,10
13.0044603348,80.2010879517,24764,24773,9
13.0051698685,80.2014465332,24773,24784,11
13.005900383,80.2023773193,24784,24794,10
13.0065603256,80.2032470703,24794,24804,10
13.0075302124,80.2037277222,24804,24814,10
13.0087900162,80.2037277222,24814,24824,10
13.0101299286,80.2036590576,24824,24834,10
13.0114603043,80.2037277222,24834,24845,11
13.0128698349,80.203956604,24845,24855,10
13.0138397217,80.2042694092,24855,24865,10
13.0148801804,80.2046508789,24865,24875,10
13.0160503387,80.2050628662,24875,24885,10
13.0171499252,80.205406189,24885,24895,10
13.0181598663,80.2057495117,24895,24905,10
13.0192203522,80.2061691284,24905,24915,10
13.0205202103,80.2063293457,24915,24925,10
13.021730423,80.2063293457,24925,24935,10
13.0228796005,80.2064590454,24935,24945,10
13.0241003036,80.2067184448,24945,24956,11
13.0256500244,80.2070770264,24956,24966,10
13.0269498825,80.2077484131,24966,24976,10
13.0278902054,80.2083206177,24976,24986,10
13.0289201736,80.2086791992,24986,24996,10
13.0299196243,80.2089233398,24996,25006,10
13.0309696198,80.2092514038,25006,25016,10
13.0321798325,80.2095794678,25016,25026,10
13.0333795547,80.209777832,25026,25036,10
13.0345001221,80.2100219727,25036,25046,10
13.0350599289,80.2102813721,25046,25056,10
13.0349798203,80.2106704712,25056,25067,11
13.0349798203,80.2110595703,25067,25087,20
13.0349798203,80.2110595703,25087,25097,10
13.0349903107,80.211227417,25097,25107,10
13.0349302292,80.2116775513,25107,25117,10
13.0351600647,80.2121887207,25117,25127,10
13.0358800888,80.2122268677,25127,25137,10
13.0369300842,80.2122573853,25137,25147,10
13.0379800797,80.212272644,25147,25157,10
13.0390996933,80.2122573853,25157,25168,11
13.0404901505,80.2122421265,25168,25178,10
13.0417995453,80.212310791,25178,25188,10
13.0433101654,80.2122497559,25188,25198,10
13.0439996719,80.2122421265,25198,25238,40
13.0439996719,80.2122421265,25238,25248,10
13.044380188,80.2122116089,25248,25258,10
13.0448799133,80.2121963501,25258,25268,10
13.0456895828,80.2121582031,25268,25279,11
13.0469102859,80.2121124268,25279,25289,10
13.0480604172,80.2120132446,25289,25299,10
13.0484895706,80.2119827271,25299,25309,10
13.0485897064,80.2119674683,25309,25319,10
13.0488395691,80.2119827271,25319,25329,10
13.0491104126,80.2119674683,25329,25339,10
13.0494804382,80.2119827271,25339,25349,10
13.0496797562,80.2119598389,25349,25359,10
13.0499200821,80.2119598389,25359,25369,10
13.0501499176,80.2119369507,25369,25379,10
13.0506801605,80.2119979858,25379,25390,11
13.0515804291,80.2120132446,25390,25400,10
13.0528001785,80.2117996216,25400,25410,10
13.0539798737,80.211479187,25410,25420,10
13.0542898178,80.2114028931,25420,25430,10
13.0545797348,80.2113800049,25430,25440,10
13.0552597046,80.2113723755,25440,25450,10
13.0561504364,80.2113876343,25450,25460,10
13.0575704575,80.2114181519,25460,25541,81
13.0575704575,80.2114181519,25541,25551,10
13.0577001572,80.2114105225,25551,25561,10
13.0582304001,80.2114562988,25561,25571,10
13.0587997437,80.2114562988,25571,25581,10
13.0590896606,80.211479187,25581,25591,10
13.0597496033,80.2115402222,25591,25601,10
13.0606603622,80.2116012573,25601,25612,11
13.0616703033,80.2116394043,25612,25622,10
13.0625896454,80.2116470337,25622,25632,10
13.0632400513,80.2115478516,25632,25642,10
13.063249588,80.2115631104,25642,25652,10
13.0635499954,80.2115097046,25652,25662,10
13.0641298294,80.2114562988,25662,25672,10
13.0649404526,80.2111434937,25672,25682,10
13.0657901764,80.2105026245,25682,25692,10
13.0667495728,80.2097015381,25692,25702,10
13.0673398972,80.2088470459,25702,25713,11
13.0673503876,80.2087631226,25713,25723,10
13.0674695969,80.2086105347,25723,25733,10
13.067779541,80.2081222534,25733,25743,10
13.0682201385,80.2074203491,25743,25753,10
13.0688199997,80.2065124512,25753,25763,10
13.0692796707,80.2057876587,25763,25773,10
13.0693597794,80.2056732178,25773,25783,10
13.0694503784,80.2054824829,25783,25793,10
13.0696601868,80.2050628662,25793,25803,10
13.0694599152,80.2048492432,25803,25813,10
13.0690698624,80.2051925659,25813,25824,11
13.0687198639,80.2050476074,25824,25844,20
13.0687599182,80.2049407959,25844,25864,20
13.0687599182,80.2049407959,25864,25874,10
13.0688495636,80.204826355,25874,25894,20
13.0688495636,80.204826355,25894,25904,10
13.0690002441,80.2047424316,25904,25914,10
13.0691404343,80.2047195435,25914,25924,10
13.0693998337,80.2047424316,25924,25935,11
13.0695104599,80.2047576904,25935,25945,10
13.0696802139,80.2048034668,25945,25955,10
13.0698099136,80.2048416138,25955,25965,10
13.0700101852,80.2048187256,25965,25975,10
13.0701799393,80.2045593262,25975,25985,10
13.0705604553,80.2040634155,25985,25995,10
13.0711202621,80.20337677,25995,26005,10
13.0718002319,80.2025604248,26005,26015,10
13.0722398758,80.2020797729,26015,26025,10
13.072520256,80.2017364502,26025,26035,10
13.0727500916,80.2014389038,26035,26046,11
13.0730104446,80.2011184692,26046,26056,10
13.0732498169,80.200843811,26056,26066,10
13.0736198425,80.2004318237,26066,26076,10
13.0740203857,80.1999435425,26076,26086,10
13.0742702484,80.1996765137,26086,26096,10
13.0745096207,80.1994400024,26096,26106,10
13.0749502182,80.1991577148,26106,26116,10
13.0756797791,80.1990432739,26116,26126,10
13.0766496658,80.1990127563,26126,26136,10
13.0775995255,80.1989212036,26136,26147,11
13.0786304474,80.1987686157,26147,26157,10
13.0795297623,80.1986999512,26157,26167,10
13.0804595947,80.1986236572,26167,26177,10
13.0813102722,80.1985626221,26177,26187,10
13.0820398331,80.1985397339,26187,26197,10
13.0827703476,80.1984710693,26197,26227,30
13.0827703476,80.1984710693,26227,26237,10
13.0830898285,80.1984786987,26237,26247,10
13.0834503174,80.1984786987,26247,26258,11
13.0837202072,80.1984634399,26258,26268,10
13.0839595795,80.1984634399,26268,26278,10
13.0842895508,80.1984634399,26278,26288,10
13.0846996307,80.1984710693,26288,26298,10
13.0850801468,80.1984710693,26298,26308,10
13.0853099823,80.1984710693,26308,26318,10
13.0856304169,80.1984481812,26318,26328,10
13.0860395432,80.1984405518,26328,26338,10
13.0865898132,80.1984405518,26338,26348,10
13.0868501663,80.1984481812,26348,26358,10
13.0871200562,80.1982727051,26358,26369,11
13.0871400833,80.198059082,26369,26379,10
13.0871696472,80.1979217529,26379,26389,10
13.087220192,80.1974487305,26389,26399,10
13.0872297287,80.1966934204,26399,26409,10
13.0872402191,80.1958465576,26409,26419,10
13.0872602463,80.1951904297,26419,26429,10
13.0872602463,80.1943664551,26429,26438,9
13.0872497559,80.1934661865,26438,26449,11
13.0872402191,80.1927871704,26449,26459,10
13.0873498917,80.1923675537,26459,26469,10
13.0874500275,80.1916275024,26469,26480,11
13.0875701904,80.1906433105,26480,26490,10
13.0876598358,80.189781189,26490,26500,10
13.0876998901,80.1891098022,26500,26510,10
13.0877199173,80.1890792847,26510,26520,10
13.0877504349,80.1887893677,26520,26530,10
13.0877599716,80.1883926392,26530,26540,10
13.0877895355,80.1879806519,26540,26550,10
13.0878000259,80.187461853,26550,26560,10
13.0878295898,80.1866989136,26560,26570,10
13.087849617,80.1857528687,26570,26581,11
13.0879201889,80.1848373413,26581,26591,10
13.0879402161,80.1839294434,26591,26601,10
13.0879497528,80.1828918457,26601,26611,10
13.0880098343,80.1820220947,26611,26621,10
13.088060379,80.1810913086,26621,26631,10
13.0880899429,80.1798095703,26631,26651,20
13.0880899429,80.1798095703,26651,26661,10
13.0881204605,80.1794509888,26661,26671,10
13.0881004333,80.1788711548,26671,26681,10
13.0881099701,80.1787414551,26681,26692,11
13.0881700516,80.1785736084,26692,26702,10
13.0881595612,80.1782226563,26702,26712,10
13.0881595612,80.1775512695,26712,26722,10
13.0881900787,80.1767425537,26722,26732,10
13.0882701874,80.175743103,26732,26742,10
13.0883398056,80.1747512817,26742,26752,10
13.0884399414,80.1739425659,26752,26762,10
13.0885000229,80.1729736328,26762,26772,10
13.0885295868,80.1721420288,26772,26782,10
13.08852005,80.1718215942,26782,26792,10
13.08852005,80.1717300415,26792,26803,11
13.0885696411,80.1712493896,26803,26813,10
13.0886096954,80.1704788208,26813,26823,10
13.0886802673,80.1696472168,26823,26833,10
13.0890798569,80.1695175171,26833,26843,10
13.0896596909,80.1695632935,26843,26853,10
13.0904903412,80.1696014404,26853,26863,10
13.0915002823,80.169670105,26863,26873,10
13.0926704407,80.1697235107,26873,26883,10
13.0939502716,80.1697769165,26883,26893,10
13.09471035,80.1698303223,26893,26902,9
13.095000267,80.1698532104,26902,26914,12
13.0963201523,80.1699371338,26914,26924,10
13.0963201523,80.1699371338,26924,26934,10
13.0973100662,80.1699981689,26934,26942,8
13.0992298126,80.1701126099,26942,26971,29
13.0992298126,80.1701126099,26971,26981,10
13.0993204117,80.1701583862,26981,26991,10
13.0995101929,80.1701507568,26991,27001,10
13.0997400284,80.1700286865,27001,27010,9
13.099729538,80.1698226929,27010,27022,12
13.0994501114,80.1696777344,27022,27032,10
13.0992202759,80.1696014404,27032,27042,10
13.0989398956,80.1697235107,27042,28243,1201
13.0989398956,80.1697235107,28243,28253,10
13.0988397598,80.1696090698,28253,28263,10
13.0988798141,80.1695327759,28263,28273,10
13.0989303589,80.1694869995,28273,28283,10
13.0992202759,80.1695709229,28283,28293,10
13.0993795395,80.1696395874,28293,28303,10
13.0993700027,80.1700515747,28303,28364,61
13.0993700027,80.1700515747,28364,28374,10
13.0992498398,80.1702194214,28374,28384,10
13.0988702774,80.170211792,28384,28394,10
13.0981702805,80.1701507568,28394,28404,10
13.0972995758,80.1700897217,28404,28414,10
13.0963001251,80.1700363159,28414,28424,10
13.0953502655,80.169960022,28424,28433,9
13.0948600769,80.169960022,28433,28445,12
13.0944900513,80.1698989868,28445,28455,10
13.0940103531,80.1698608398,28455,28465,10
13.0932598114,80.1698303223,28465,28475,10
13.0923099518,80.1697769165,28475,28485,10
13.0913295746,80.1697235107,28485,28495,10
13.0903902054,80.1696395874,28495,28505,10
13.0895595551,80.1696090698,28505,28515,10
13.0888595581,80.1696014404,28515,28525,10
13.0887002945,80.1700668335,28525,28535,10
13.088640213,80.1708221436,28535,28545,10
13.088640213,80.1717071533,28545,28556,11
13.088640213,80.1719207764,28556,28566,10
13.0886201859,80.1720581055,28566,28576,10
13.0885801315,80.1723175049,28576,28586,10
13.0885400772,80.1729507446,28586,28596,10
13.0885095596,80.1737823486,28596,28606,10
13.0884599686,80.174659729,28606,28616,10
13.0884399414,80.1749267578,28616,28626,10
13.0883903503,80.17552948,28626,28636,10
13.0883398056,80.1763763428,28636,28646,10
13.0882997513,80.1772994995,28646,28657,11
13.0882797241,80.178237915,28657,28667,10
13.0882902145,80.1786193848,28667,28677,10
13.0882997513,80.1786575317,28677,28687,10
13.0882797241,80.1794281006,28687,28707,20
13.0882797241,80.1794281006,28707,28717,10
13.0882501602,80.1797180176,28717,28727,10
13.0882101059,80.1803817749,28727,28737,10
13.0881795883,80.1812591553,28737,28747,10
13.0881500244,80.182182312,28747,28757,10
13.0881299973,80.1830062866,28757,28768,11
13.0880804062,80.18409729,28768,28778,10
13.0880002975,80.1853179932,28778,28798,20
13.0880002975,80.1853179932,28798,28808,10
13.0879898071,80.1855773926,28808,28818,10
13.0879602432,80.186126709,28818,28828,10
13.0879297256,80.1869506836,28828,28838,10
13.0878896713,80.1879577637,28838,28879,41
13.0878896713,80.1879577637,28879,28889,10
13.0878896713,80.1882781982,28889,28899,10
13.0878696442,80.1888427734,28899,28909,10
13.0878200531,80.1898727417,28909,28929,20
13.0878200531,80.1898727417,28929,28939,10
13.0878000259,80.1900863647,28939,28949,10
13.0877199173,80.1906509399,28949,28959,10
13.0875997543,80.1914367676,28959,28969,10
13.0874996185,80.1922607422,28969,28979,10
13.0874700546,80.1925506592,28979,28989,10
13.0874595642,80.1926498413,28989,29000,11
13.0874004364,80.1930999756,29000,29010,10
13.0873603821,80.1937789917,29010,29020,10
13.0873403549,80.1946487427,29020,29030,10
13.0873203278,80.1955490112,29030,29040,10
13.0873003006,80.1965332031,29040,29050,10
13.0872898102,80.197479248,29050,29060,10
13.0872898102,80.1977386475,29060,29070,10
13.0873003006,80.1977767944,29070,29080,10
13.0873298645,80.1981735229,29080,29090,10
13.0875396729,80.1984634399,29090,29101,11
13.0880899429,80.1984176636,29101,29111,10
13.0887498856,80.198387146,29111,29121,10
13.0891304016,80.1984176636,29121,29131,10
13.0895004272,80.1984710693,29131,29141,10
13.0901498795,80.1985092163,29141,29151,10
13.0908899307,80.1985702515,29151,29161,10
13.0914001465,80.1986236572,29161,29171,10
13.0920495987,80.198638916,29171,29181,10
13.0928401947,80.198638916,29181,29191,10
13.0930204391,80.1988372803,29191,29200,9
13.0929603577,80.1993331909,29200,29212,12
13.0929098129,80.2002410889,29212,29222,10
13.092880249,80.2006378174,29222,29232,10
13.0925703049,80.200630188,29232,29242,10
13.0919103622,80.2005767822,29242,29252,10
13.0912303925,80.2005691528,29252,29262,10
13.0905704498,80.2005386353,29262,29272,10
13.0898199081,80.2005233765,29272,29282,10
13.0890197754,80.2005233765,29282,29292,10
13.0883197784,80.2005004883,29292,29302,10
13.0874795914,80.2004699707,29302,29312,10
13.0868797302,80.2004470825,29312,29323,11
13.0860795975,80.2004013062,29323,29333,10
13.0855703354,80.2003936768,29333,29343,10
13.0855503082,80.200378418,29343,29353,10
13.0852899551,80.1999969482,29353,29363,10
13.0853004456,80.1994400024,29363,29373,10
13.0852899551,80.1988067627,29373,29383,10
13.0851802826,80.1986999512,29383,29393,10
13.0849399567,80.198677063,29393,29403,10
13.0844202042,80.1987075806,29403,29413,10
13.0842895508,80.1987075806,29413,29423,10
13.0840597153,80.1986923218,29423,29434,11
13.0835199356,80.1986999512,29434,29444,10
13.0830602646,80.198677063,29444,29514,70
13.0830602646,80.198677063,29514,29524,10
13.0829896927,80.1986618042,29524,29534,10
13.0826997757,80.1986465454,29534,29545,11
13.0820798874,80.1986618042,29545,29555,10
13.0813999176,80.198677063,29555,29565,10
13.0806598663,80.1987075806,29565,29575,10
13.0796899796,80.1987762451,29575,29585,10
13.0788202286,80.1988601685,29585,29595,10
13.0778303146,80.1989898682,29595,29605,10
13.0768499374,80.1990966797,29605,29615,10
13.0760202408,80.1992034912,29615,29625,10
13.0751199722,80.1993789673,29625,29635,10
13.0743198395,80.1998519897,29635,29645,10
13.0739097595,80.2002792358,29645,29656,11
13.0736303329,80.2006072998,29656,29666,10
13.0736103058,80.2006378174,29666,29676,10
13.0733604431,80.2009506226,29676,29686,10
13.0728702545,80.2015075684,29686,29696,10
13.0723495483,80.2021331787,29696,29706,10
13.0718402863,80.2026672363,29706,29716,10
13.0712203979,80.2033691406,29716,29726,10
13.070599556,80.2040863037,29726,29736,10
13.0701799393,80.2046432495,29736,29746,10
13.0699596405,80.2049713135,29746,29767,21
13.0699596405,80.2049713135,29767,29777,10
13.0699195862,80.2050018311,29777,29787,10
13.0696897507,80.2049636841,29787,29797,10
13.0693597794,80.2048797607,29797,29807,10
13.0690898895,80.2052078247,29807,29817,10
13.0686998367,80.2054595947,29817,29827,10
13.0682296753,80.2055206299,29827,29837,10
13.0679702759,80.2051010132,29837,29868,31
13.0679702759,80.2051010132,29868,29878,10
13.0682296753,80.2049331665,29878,29888,10
13.0684404373,80.2049331665,29888,29898,10
13.0688800812,80.204788208,29898,29908,10
13.0694599152,80.2047576904,29908,29918,10
13.0698003769,80.2048873901,29918,29958,40
13.0698003769,80.2048873901,29958,29968,10
13.0698900223,80.2050094604,29968,29979,11
13.0697698593,80.2053527832,29979,29989,10
13.0693998337,80.2059173584,29989,29999,10
13.0689201355,80.2066421509,29999,30009,10
13.0683803558,80.2074966431,30009,30019,10
13.0677995682,80.2084274292,30019,30029,10
13.0672397614,80.2092514038,30029,30039,10
13.0665998459,80.2100219727,30039,30049,10
13.0658502579,80.2106170654,30049,30059,10
13.0652198792,80.2111282349,30059,30069,10
13.0649795532,80.2113723755,30069,30079,10
13.0648097992,80.2114334106,30079,30090,11
13.0639295578,80.2116394043,30090,30130,40
13.0639295578,80.2116394043,30130,30140,10
13.0636196136,80.2116622925,30140,30150,10
13.0631799698,80.2117080688,30150,30160,10
13.0625200272,80.2117767334,30160,30170,10
13.0621795654,80.2117614746,30170,30180,10
13.060500145,80.2117233276,30180,30190,10
13.0593500137,80.2116622925,30190,30201,11
13.058380127,80.2116088867,30201,30211,10
13.057510376,80.2115936279,30211,30221,10
13.0565395355,80.2115707397,30221,30231,10
13.0554304123,80.2115402222,30231,30241,10
13.054400444,80.2115783691,30241,30251,10
13.0533704758,80.2117996216,30251,30261,10
13.0524702072,80.212097168,30261,30271,10
13.0517997742,80.2122192383,30271,30281,10
13.0512104034,80.2122802734,30281,30291,10
13.0508298874,80.2122573853,30291,30301,10
13.0507802963,80.2122421265,30301,30312,11
13.0503797531,80.2121582031,30312,30322,10
13.0499296188,80.2121429443,30322,30332,10
13.0494203568,80.2121810913,30332,30342,10
13.0493898392,80.2121963501,30342,30352,10
13.0491104126,80.2121963501,30352,30362,10
13.0487203598,80.2121963501,30362,30372,10
13.0481700897,80.2122268677,30372,30382,10
13.047419548,80.2122802734,30382,30392,10
13.0464801788,80.2123031616,30392,30402,10
13.0455303192,80.2123718262,30402,30412,10
13.0446395874,80.2124404907,30412,30463,51
13.0446395874,80.2124404907,30463,30473,10
13.0443601608,80.2124099731,30473,30483,10
13.0438604355,80.2124176025,30483,30493,10
13.0431003571,80.2124328613,30493,30503,10
13.0421600342,80.2124633789,30503,30513,10
13.0399599075,80.2124328613,30513,30524,11
13.0399599075,80.2124328613,30524,30534,10
13.0389995575,80.2123794556,30534,30542,8
13.0378103256,80.2124099731,30542,30574,32
13.0378103256,80.2124099731,30574,30584,10
13.0376796722,80.2123184204,30584,30594,10
13.0375299454,80.2122879028,30594,30604,10
13.0371198654,80.2123336792,30604,30614,10
13.0364999771,80.2123336792,30614,30624,10
13.0357198715,80.2123565674,30624,30635,11
13.0350599289,80.2123336792,30635,30655,20
13.0350599289,80.2123336792,30655,30665,10
13.0347795486,80.2121734619,30665,30675,10
13.0343198776,80.2121505737,30675,30685,10
13.0340499878,80.2121200562,30685,30695,10
13.0340299606,80.2121200562,30695,30705,10
13.0338497162,80.2120437622,30705,30715,10
13.0335597992,80.2119979858,30715,30725,10
13.0329799652,80.2118911743,30725,30734,9
13.032409668,80.211807251,30734,30746,12
13.0320396423,80.2114562988,30746,30756,10
13.0320901871,80.2108383179,30756,30766,10
13.0321702957,80.2100372314,30766,30776,10
13.0320796967,80.2096786499,30776,30786,10
13.0316400528,80.2095794678,30786,30796,10
13.0309000015,80.2093276978,30796,30806,10
13.0301399231,80.2091064453,30806,30816,10
13.0294599533,80.208946228,30816,30826,10
13.0292701721,80.2088928223,30826,30836,10
13.0286903381,80.2087020874,30836,30846,10
13.0278301239,80.2083969116,30846,30857,11
13.0269498825,80.207901001,30857,30867,10
13.026260376,80.2074966431,30867,30877,10
13.0255403519,80.2071762085,30877,30887,10
13.0248403549,80.2070770264,30887,30897,10
13.0243501663,80.2069778442,30897,30907,10
13.0242700577,80.2069168091,30907,30917,10
13.0240402222,80.2068710327,30917,30927,10
13.0235004425,80.2067337036,30927,30937,10
13.0226898193,80.2066879272,30937,30947,10
13.0219898224,80.2065887451,30947,30957,10
13.0215101242,80.2064819336,30957,30968,11
13.0206804276,80.2064819336,30968,30978,10
13.019780159,80.2064819336,30978,30988,10
13.0190401077,80.2063369751,30988,30998,10
13.0189504623,80.2063217163,30998,31008,10
13.0187501907,80.2062683105,31008,31018,10
13.018239975,80.2060928345,31018,31028,10
13.0176696777,80.2058105469,31028,31038,10
13.0172395706,80.2056274414,31038,31048,10
13.0168199539,80.2055130005,31048,31058,10
13.0160198212,80.2051696777,31058,31068,10
13.0151395798,80.2049026489,31068,31079,11
13.0143203735,80.2045822144,31079,31089,10
13.0139102936,80.2044677734,31089,31109,20
13.0139102936,80.2044677734,31109,31119,10
13.0136404037,80.2045211792,31119,31129,10
13.0135002136,80.2049102783,31129,31139,10
13.0132799149,80.2055587769,31139,31149,10
13.0130395889,80.206413269,31149,31159,10
13.0129804611,80.2072296143,31159,31169,10
13.0129203796,80.207649231,31169,31180,11
13.0128698349,80.2082519531,31180,31190,10
13.0128898621,80.2086715698,31190,31200,10
13.0129699707,80.2092208862,31200,31210,10
13.0131998062,80.2097167969,31210,31220,10
13.0131702423,80.2102584839,31220,31230,10
13.0129699707,80.2110671997,31230,31240,10
13.0125598907,80.2118377686,31240,31250,10
13.012169838,80.2124328613,31250,31260,10
13.0119104385,80.2127609253,31260,31270,10
13.0115995407,80.2126998901,31270,31280,10
13.0110797882,80.212310791,31280,31291,11
13.0104703903,80.2118225098,31291,31301,10
13.010140419,80.2115631104,31301,31311,10
13.0099897385,80.21144104,31311,31321,10
13.0096797943,80.2111816406,31321,31351,30
13.0096797943,80.2111816406,31351,31361,10
13.009469986,80.2110137939,31361,31390,29
13.0093297958,80.2111206055,31390,31432,42
13.0093297958,80.2111206055,31432,31442,10
13.0090703964,80.2115478516,31442,31452,10
13.0090799332,80.2117767334,31452,31462,10
13.0091495514,80.2120819092,31462,31472,10
13.0092697144,80.2124023438,31472,31482,10
13.0094404221,80.212852478,31482,31492,10
13.0096302032,80.2133712769,31492,31502,10
13.0098104477,80.2137908936,31502,31513,11
13.0100402832,80.2143478394,31513,31523,10
13.0101804733,80.2148666382,31523,31533,10
13.0102596283,80.2155532837,31533,31543,10
13.0105400085,80.2163009644,31543,31553,10
13.0109596252,80.2172164917,31553,31563,10
13.0113697052,80.2181777954,31563,31573,10
13.011759758,80.219367981,31573,31583,10
13.0121202469,80.2205200195,31583,31593,10
13.0123796463,80.2213592529,31593,31603,10
13.0126399994,80.2219772339,31603,31613,10
13.0132398605,80.2225799561,31613,31624,11
13.0138702393,80.2233200073,31624,31634,10
13.0143299103,80.2238769531,31634,31644,10
13.0149002075,80.2245407104,31644,31654,10
13.0153102875,80.2250976563,31654,31664,10
13.0153999329,80.225479126,31664,31674,10
13.0152196884,80.2258071899,31674,31684,10
13.0146999359,80.226020813,31684,31694,10
13.0139102936,80.2263717651,31694,31704,10
13.0129404068,80.2267379761,31704,31714,10
13.0118503571,80.227180481,31714,31724,10
13.0106801987,80.2276916504,31724,31735,11
13.0097503662,80.2279510498,31735,31745,10
13.0095596313,80.2275238037,31745,31755,10
13.0098104477,80.2269973755,31755,31765,10
13.0101299286,80.2262496948,31765,31775,10
13.0104198456,80.2255477905,31775,31785,10
13.0106801987,80.2249221802,31785,31795,10
13.0108995438,80.224357605,31795,31805,10
13.0112600327,80.2234115601,31805,31835,30
13.0114097595,80.223197937,31835,31866,31
13.0111303329,80.2230834961,31866,31916,50
13.0111303329,80.2230834961,31916,31926,10
13.0107898712,80.2229232788,31926,31987,61
13.0107898712,80.2229232788,31987,31997,10
13.0105495453,80.2226486206,31997,32007,10
13.0102596283,80.2225570679,32007,32017,10
13.0097398758,80.222328186,32017,32027,10
13.009059906,80.2219696045,32027,32037,10
13.0082998276,80.2215576172,32037,32047,10
13.0074195862,80.2211380005,32047,32057,10
13.0065097809,80.2206497192,32057,32068,11
13.0053796768,80.2204284668,32068,32078,10
13.0043697357,80.220199585,32078,32088,10
13.003660202,80.2200469971,32088,32098,10
13.0031204224,80.219909668,32098,32108,10
13.0025196075,80.2195510864,32108,32118,10
13.0019702911,80.2189712524,32118,32128,10
13.0012798309,80.2183837891,32128,32138,10
13.0005197525,80.2178115845,32138,32148,10
12.9996995926,80.2172775269,32148,32158,10
12.9987802505,80.2168426514,32158,32168,10
12.9975004196,80.2165222168,32168,32189,21
12.9975004196,80.2165222168,32189,32199,10
12.9972896576,80.2165298462,32199,32209,10
12.997010231,80.2165603638,32209,32219,10
12.9966802597,80.2165908813,32219,32229,10
12.9963703156,80.2166595459,32229,32239,10
12.9957799911,80.2168197632,32239,32249,10
12.9950199127,80.2171401978,32249,32259,10
12.994310379,80.217628479,32259,32269,10
12.9937696457,80.2179794312,32269,32280,11
12.993060112,80.21849823,32280,32290,10
12.9923200607,80.2190475464,32290,32300,10
12.9915895462,80.2195663452,32300,32310,10
12.9908599854,80.2193984985,32310,32330,20
12.9908599854,80.2193984985,32330,32340,10
12.9905195236,80.21925354,32340,32350,10
12.9899101257,80.2190628052,32350,32360,10
12.9891395569,80.2187576294,32360,32370,10
12.9881696701,80.218460083,32370,32380,10
12.9874401093,80.2183609009,32380,32391,11
12.9869403839,80.2182769775,32391,32401,10
12.986869812,80.2182388306,32401,32411,10
12.9864397049,80.2181167603,32411,32421,10
12.9858102798,80.2179718018,32421,32431,10
12.9848804474,80.217918396,32431,32441,10
12.9842100143,80.2179870605,32441,32451,10
12.9841804504,80.217956543,32451,32461,10
12.9838600159,80.217956543,32461,32470,9
12.9833202362,80.2179489136,32470,32481,11
12.9824104309,80.2179489136,32481,32491,10
12.9815797806,80.2180709839,32491,32502,11
12.9806098938,80.2183227539,32502,32512,10
12.9799499512,80.2185516357,32512,32522,10
12.9793996811,80.2188110352,32522,32532,10
12.9788599014,80.2190475464,32532,32542,10
12.97838974,80.2191925049,32542,32552,10
12.9776697159,80.2194824219,32552,32562,10
12.9767904282,80.2198410034,32562,32572,10
12.9757604599,80.2203216553,32572,32601,29
12.9757604599,80.2203216553,32601,32613,12
12.9755601883,80.2204971313,32613,32623,10
12.9755601883,80.2207870483,32623,32633,10
12.9757995605,80.2209625244,32633,32663,30
12.976099968,80.2211990356,32663,32935,272
12.976099968,80.2211990356,32935,32946,11
12.9764099121,80.2212524414,32946,32956,10
12.9769296646,80.2212524414,32956,32966,10
12.9775600433,80.2212219238,32966,32976,10
12.9782104492,80.2211990356,32976,32986,10
12.978969574,80.2211608887,32986,32996,10
12.9796199799,80.2211227417,32996,33006,10
12.9803304672,80.2210617065,33006,33016,10
12.9809799194,80.2210083008,33016,33026,10
12.9813804626,80.2211914063,33026,33036,10
12.9817199707,80.2214126587,33036,33046,10
12.9826698303,80.2218017578,33046,33087,41
12.9826698303,80.2218017578,33087,33097,10
12.9829301834,80.2219772339,33097,33117,20
12.9829301834,80.2219772339,33117,33127,10
12.9834403992,80.2222824097,33127,33137,10
12.9840602875,80.2226486206,33137,33147,10
12.9847097397,80.2230606079,33147,33157,10
12.9854097366,80.2232818604,33157,33168,11
12.9858999252,80.2229690552,33168,33178,10
12.9864902496,80.2229385376,33178,33188,10
12.9865198135,80.2229385376,33188,33198,10
12.9866895676,80.2229614258,33198,33208,10
12.9871196747,80.2230072021,33208,33218,10
12.9875602722,80.2230606079,33218,33228,10
12.9881401062,80.2228164673,33228,33238,10
12.9888000488,80.2222366333,33238,33248,10
12.9893398285,80.2215881348,33248,33258,10
12.9898195267,80.2209625244,33258,33268,10
12.9904603958,80.2203903198,33268,33279,11
12.9911699295,80.2198181152,33279,33289,10
12.9913396835,80.2196807861,33289,33299,10
12.9916696548,80.2194671631,33299,33309,10
12.9920396805,80.2191696167,33309,33319,10
12.9926300049,80.2187576294,33319,33329,10
12.9932804108,80.2182617188,33329,33339,10
12.9937295914,80.2179107666,33339,33349,10
12.9939002991,80.2177886963,33349,33359,10
12.9940795898,80.2176513672,33359,33369,10
12.99421978,80.2175521851,33369,33379,10
12.9944601059,80.217376709,33379,33390,11
12.9947795868,80.2171478271,33390,33400,10
12.9949998856,80.2170028687,33400,33410,10
12.9952602386,80.2168273926,33410,33420,10
12.9954996109,80.2167129517,33420,33430,10
12.9956197739,80.2166595459,33430,33440,10
12.9959096909,80.2165908813,33440,33450,10
12.9961900711,80.2165298462,33450,33460,10
12.9963598251,80.2165298462,33460,33470,10
12.9968700409,80.2164764404,33470,33501,31
12.9968700409,80.2164764404,33501,33511,10
12.997130394,80.216468811,33511,33521,10
12.9976396561,80.2160263062,33521,33551,30
12.9976396561,80.2160263062,33551,33561,10
12.997759819,80.215927124,33561,33571,10
12.9981203079,80.2156524658,33571,33581,10
12.9987001419,80.2151565552,33581,33591,10
12.9991903305,80.2147216797,33591,33601,10
12.999420166,80.2145004272,33601,33612,11
12.9999103546,80.2140808105,33612,33622,10
13.0003595352,80.2136688232,33622,33632,10
13.0008201599,80.2132492065,33632,33642,10
13.0014095306,80.2127990723,33642,33652,10
13.0017900467,80.2125167847,33652,33662,10
13.0022497177,80.2122421265,33662,33672,10
13.0027399063,80.2120819092,33672,33682,10
13.0032901764,80.212059021,33682,33692,10
13.0036802292,80.2118988037,33692,33713,21
13.0036802292,80.2118988037,33713,33723,10
13.0037202835,80.2115402222,33723,33733,10
13.0036697388,80.2109603882,33733,33743,10
13.0035896301,80.2103805542,33743,33753,10
13.0035200119,80.2097396851,33753,33763,10
13.0036401749,80.209022522,33763,33773,10
13.0041399002,80.2086791992,33773,33783,10
13.0049495697,80.2090530396,33783,33793,10
13.0054597855,80.2092819214,33793,33803,10
13.005610466,80.2093429565,33803,33813,10
13.0058603287,80.2094192505,33813,33824,11
13.0060997009,80.209487915,33824,33834,10
13.0064096451,80.2095718384,33834,33844,10
13.0069799423,80.2097320557,33844,33854,10
13.0074701309,80.2098236084,33854,33864,10
13.0075397491,80.2098388672,33864,33874,10
13.0076503754,80.2098693848,33874,33884,10
13.0079498291,80.2099304199,33884,33894,10
13.0082302094,80.2098999023,33894,33904,10
13.0081195831,80.2093429565,33904,33914,10
13.0079803467,80.2085037231,33914,33924,10
13.0078201294,80.2074813843,33924,33935,11
13.0076503754,80.2064208984,33935,33945,10
13.007519722,80.2055435181,33945,33955,10
13.0075302124,80.2047424316,33955,33965,10
13.0074901581,80.2040176392,33965,33975,10
13.0073795319,80.2030563354,33975,33985,10
13.0068302155,80.2025680542,33985,33995,10
13.0066204071,80.2031478882,33995,34005,10
13.0070295334,80.2034912109,34005,34015,10
13.0076799393,80.2037124634,34015,34025,10
13.0085697174,80.2036972046,34025,34035,10
13.0097703934,80.2036132813,34035,34046,11
13.0112400055,80.2036590576,34046,34056,10
13.0125999451,80.2038803101,34056,34066,10
13.0134801865,80.2041397095,34066,34076,10
13.0136003494,80.2041778564,34076,34086,10
13.0137500763,80.204208374,34086,34096,10
13.0142803192,80.2044219971,34096,34106,10
13.0151100159,80.2046966553,34106,34116,10
13.0159902573,80.2050323486,34116,34126,10
13.0164804459,80.2052993774,34126,34136,10
13.0169496536,80.205368042,34136,34146,10
13.0188999176,80.2060623169,34146,34187,41
13.0188999176,80.2060623169,34187,34207,20
13.0204896927,80.2062988281,34207,34217,10
13.0216999054,80.2063064575,34217,34247,30
13.0216999054,80.2063064575,34247,34257,10
13.0221004486,80.2062988281,34257,34268,11
13.0228099823,80.206413269,34268,34278,10
13.0237197876,80.2065734863,34278,34288,10
13.0244398117,80.206703186,34288,34298,10
13.0245304108,80.2067184448,34298,34308,10
13.0250196457,80.2068710327,34308,34318,10
13.0258703232,80.2071762085,34318,34328,10
13.0267400742,80.2076797485,34328,34338,10
13.027759552,80.2082824707,34338,34348,10
13.0288200378,80.2086486816,34348,34358,10
13.029800415,80.2089004517,34358,34368,10
13.0305099487,80.2090988159,34368,34379,11
13.0314102173,80.2093505859,34379,34389,10
13.0315799713,80.2094192505,34389,34399,10
13.0319404602,80.2095184326,34399,34409,10
13.0321102142,80.2095184326,34409,34419,10
13.0325603485,80.2096328735,34419,34429,10
13.0333204269,80.2097702026,34429,34439,10
13.0342597961,80.2099761963,34439,34449,10
13.0350103378,80.2101821899,34449,34459,10
13.0350999832,80.2103805542,34459,34469,10
13.0350103378,80.2107391357,34469,34478,9
13.035030365,80.211151123,34478,34530,52
13.035030365,80.211151123,34530,34540,10
13.0349998474,80.2115402222,34540,34550,10
13.0349798203,80.2118225098,34550,34590,40
13.0349798203,80.2118225098,34590,34601,11
13.0349702835,80.2120666504,34601,34611,10
13.0352802277,80.2122497559,34611,34671,60
13.0352802277,80.2122497559,34671,34681,10
13.0355195999,80.2122116089,34681,34691,10
13.0359201431,80.2122421265,34691,34701,10
13.0362997055,80.2122421265,34701,34712,11
13.0366001129,80.2122421265,34712,34802,90
13.0366001129,80.2122421265,34802,34812,10
13.0369100571,80.2121887207,34812,34823,11
13.0374002457,80.2122192383,34823,34833,10
13.0381298065,80.2122268677,34833,34843,10
13.0390195847,80.2122268677,34843,34853,10
13.0400400162,80.2122192383,34853,34863,10
13.0409803391,80.2122879028,34863,34873,10
13.0422496796,80.2122802734,34873,34883,10
13.043589592,80.2122421265,34883,34893,10
13.0442495346,80.2122192383,34893,34913,20
13.0440797806,80.2121505737,34913,34974,61
13.044260025,80.2121963501,34974,35014,40
13.044260025,80.2121963501,35014,35024,10
13.0445098877,80.2122116089,35024,35034,10
13.0450401306,80.2122192383,35034,35045,11
13.0459604263,80.2121734619,35045,35055,10
13.0469398499,80.2121505737,35055,35065,10
13.0480499268,80.2120285034,35065,35075,10
13.0485801697,80.212020874,35075,35095,20
13.0485801697,80.212020874,35095,35105,10
13.0491399765,80.2119598389,35105,35115,10
13.0498800278,80.2119293213,35115,35125,10
13.0506000519,80.2119598389,35125,35135,10
13.0510396957,80.2120132446,35135,35145,10
13.0519695282,80.2119674683,35145,35156,11
13.0530004501,80.2117767334,35156,35166,10
13.0538597107,80.2115325928,35166,35176,10
13.0541801453,80.2114334106,35176,35186,10
13.0545902252,80.2113876343,35186,35196,10
13.0551795959,80.2114028931,35196,35206,10
13.0560102463,80.2113800049,35206,35216,10
13.0570497513,80.2114028931,35216,35226,10
13.0578098297,80.21144104,35226,35236,10
13.0586996078,80.2114868164,35236,35246,10
13.0595302582,80.2115402222,35246,35257,11
13.0606498718,80.2115631104,35257,35267,10
13.0614900589,80.2116012573,35267,35277,10
13.0622596741,80.2117614746,35277,35286,9
13.0631103516,80.2115936279,35286,35297,11
13.0633296967,80.2115325928,35297,35307,10
13.0637102127,80.2115020752,35307,35317,10
13.0639801025,80.2114715576,35317,35327,10
13.0645799637,80.2113037109,35327,35337,10
13.0653095245,80.2109069824,35337,35347,10
13.0660400391,80.2102813721,35347,35357,10
13.066860199,80.2095031738,35357,35368,11
13.0671796799,80.2088470459,35368,35378,10
13.0674295425,80.2084503174,35378,35388,10
13.0678396225,80.2078018188,35388,35398,10
13.0684204102,80.2069778442,35398,35408,10
13.0690402985,80.2060470581,35408,35418,10
13.0695199966,80.2052612305,35418,35428,10
13.0696401596,80.2048568726,35428,35438,10
13.0692501068,80.2049407959,35438,35448,10
13.0688695908,80.2052536011,35448,35468,20
13.0688695908,80.2052536011,35468,35479,11
13.0687799454,80.2049789429,35479,35489,10
13.0689401627,80.204788208,35489,35499,10
13.0691204071,80.2047271729,35499,35509,10
13.069439888,80.2047576904,35509,35519,10
13.0697202682,80.2048187256,35519,35529,10
13.0699796677,80.2046737671,35529,35539,10
13.0702800751,80.2042694092,35539,35549,10
13.0707302094,80.203742981,35549,35559,10
13.0711803436,80.2031784058,35559,35569,10
13.0717601776,80.2024993896,35569,35579,10
13.0721998215,80.2020263672,35579,35590,11
13.0725603104,80.2016372681,35590,35600,10
13.0729799271,80.2011489868,35600,35610,10
13.0731401443,80.2009277344,35610,35620,10
13.0732698441,80.2008132935,35620,35630,10
13.0735502243,80.2005004883,35630,35640,10
13.0739402771,80.2000579834,35640,35650,10
13.0741996765,80.19972229,35650,35660,10
13.0743198395,80.1996383667,35660,35670,10
13.0745296478,80.1994400024,35670,35680,10
13.0750398636,80.1991271973,35680,35690,10
13.0758399963,80.1990203857,35690,35701,11
13.0769195557,80.1989822388,35701,35711,10
13.0778102875,80.1988830566,35711,35721,10
13.0788602829,80.1987380981,35721,35731,10
13.0798196793,80.1986694336,35731,35741,10
13.0804700851,80.198600769,35741,35751,10
13.0808601379,80.1985397339,35751,35761,10
13.0815296173,80.1985321045,35761,35812,51
13.0815296173,80.1985321045,35812,35822,10
13.0819396973,80.1985092163,35822,35832,10
13.0821895599,80.1984786987,35832,35842,10
13.0825300217,80.1984481812,35842,35852,10
13.0826702118,80.1984634399,35852,35862,10
13.0829496384,80.1984786987,35862,35872,10
13.08314991,80.1984863281,35872,35882,10
13.0833902359,80.1984481812,35882,35902,20
13.0833902359,80.1984481812,35902,35911,9
13.0836400986,80.1984634399,35911,35923,12
13.0836896896,80.1984634399,35923,35933,10
13.0839395523,80.1984710693,35933,35943,10
13.0842103958,80.1984634399,35943,35953,10
13.0842199326,80.1984634399,35953,35963,10
13.0844097137,80.1984405518,35963,35973,10
13.084690094,80.1985092163,35973,35993,20
13.084690094,80.1985092163,35993,36003,10
13.0848703384,80.1984176636,36003,36013,10
13.0853099823,80.1984176636,36013,36034,21
13.0853099823,80.1984176636,36034,36044,10
13.0854301453,80.1984100342,36044,36054,10
13.0857601166,80.1984329224,36054,36064,10
13.0863304138,80.1983795166,36064,36074,10
13.0868597031,80.1983795166,36074,36084,10
13.0871200562,80.1981811523,36084,36094,10
13.0871801376,80.1978607178,36094,36104,10
13.0871896744,80.1976318359,36104,36114,10
13.0872001648,80.1969909668,36114,36124,10
13.087220192,80.1960678101,36124,36134,10
13.0872402191,80.1950683594,36134,36145,11
13.0872497559,80.1942901611,36145,36155,10
13.0872602463,80.1934814453,36155,36165,10
13.0872402191,80.1928329468,36165,36195,30
13.0872402191,80.1928329468,36195,36205,10
13.0873403549,80.1927108765,36205,36215,10
13.087389946,80.1922988892,36215,36225,10
13.0874795914,80.1915969849,36225,36235,10
13.0875902176,80.1906661987,36235,36244,9
13.0876998901,80.189666748,36244,36256,12
13.0877304077,80.188949585,36256,36266,10
13.0877504349,80.1887283325,36266,36296,30
13.0877504349,80.1887283325,36296,36306,10
13.0877599716,80.1882781982,36306,36316,10
13.0878000259,80.1876678467,36316,36326,10
13.0878400803,80.186882019,36326,36336,10
13.0878601074,80.1860809326,36336,36346,10
13.0878696442,80.1856231689,36346,36356,10
13.0878801346,80.1855697632,36356,36367,11
13.0879001617,80.1854171753,36367,36377,10
13.0879402161,80.1849975586,36377,36387,10
13.0879497528,80.1844406128,36387,36397,10
13.0879898071,80.1836700439,36397,36407,10
13.0880298615,80.1827697754,36407,36417,10
13.088060379,80.1821212769,36417,36427,10
13.0880899429,80.181427002,36427,36437,10
13.0880899429,80.1805725098,36437,36447,10
13.0881004333,80.1797485352,36447,36467,20
13.0881004333,80.1797485352,36467,36478,11
13.0881299973,80.1796264648,36478,36488,10
13.088139534,80.1792526245,36488,36498,10
13.0881595612,80.1789016724,36498,36508,10
13.0881500244,80.1786270142,36508,36518,10
13.0881299973,80.1779708862,36518,36528,10
13.0881700516,80.1771392822,36528,36538,10
13.0882301331,80.1763916016,36538,36548,10
13.0882902145,80.1754302979,36548,36558,10
13.088350296,80.1747131348,36558,36568,10
13.0884199142,80.1739578247,36568,36578,10
13.0884895325,80.1730499268,36578,36589,11
13.08852005,80.1721496582,36589,36599,10
13.0885295868,80.1718826294,36599,36609,10
13.0885896683,80.17162323,36609,36619,10
13.088640213,80.1710281372,36619,36669,50
13.088640213,80.1710281372,36669,36679,10
13.0886497498,80.1708831787,36679,36689,10
13.088640213,80.1705780029,36689,36700,11
13.0886602402,80.1698913574,36700,36801,101
13.0886602402,80.1698913574,36801,36811,10
13.088760376,80.1695098877,36811,36821,10
13.0893096924,80.1695175171,36821,36831,10
13.0900602341,80.1695632935,36831,36841,10
13.0910997391,80.1696166992,36841,36851,10
13.092089653,80.1696624756,36851,36861,10
13.0930995941,80.1697616577,36861,36871,10
13.0941896439,80.1697921753,36871,36881,10
13.0946302414,80.1698226929,36881,36891,10
13.0948801041,80.1698379517,36891,36901,10
13.0952100754,80.1698684692,36901,36912,11
13.095990181,80.169921875,36912,36922,10
13.0969200134,80.169960022,36922,36932,10
13.0977401733,80.1700210571,36932,36942,10
13.0985803604,80.1700592041,36942,36952,10
13.0995502472,80.1700515747,36952,36972,20
13.0995502472,80.1700515747,36972,36982,10
13.099729538,80.169883728,36982,36992,10
13.0996599197,80.1696929932,36992,37002,10
13.0993995667,80.1697769165,37002,37103,101
13.0993995667,80.1697769165,37103,37113,10
13.0993795395,80.1701431274,37113,37618,505
13.0993795395,80.1701431274,37618,37628,10
13.0991401672,80.1701965332,37628,37638,10
13.0987901688,80.1701812744,37638,37648,10
13.0983495712,80.1701507568,37648,37658,10
13.0979700089,80.1701278687,37658,37668,10
13.0975503922,80.1700592041,37668,37678,10
13.0969495773,80.1700210571,37678,37689,11
13.0961799622,80.1699905396,37689,37699,10
13.095459938,80.169921875,37699,37709,10
13.094909668,80.1699295044,37709,37719,10
13.0946502686,80.169883728,37719,37729,10
13.094329834,80.1698684692,37729,37739,10
13.0939502716,80.1698379517,37739,37749,10
13.0933704376,80.1697921753,37749,37759,10
13.0926799774,80.1697463989,37759,37769,10
13.0919303894,80.1696929932,37769,37779,10
13.0911598206,80.1696395874,37779,37789,10
13.090379715,80.1696014404,37789,37800,11
13.0895395279,80.1695404053,37800,37810,10
13.0890703201,80.1695404053,37810,37820,10
13.088760376,80.169631958,37820,37830,10
13.0887203217,80.1700592041,37830,37840,10
13.0886602402,80.1706771851,37840,37850,10
13.0886201859,80.1717910767,37850,37870,20
13.0886201859,80.1717910767,37870,37880,10
13.0885601044,80.1721496582,37880,37890,10
13.0885095596,80.1726837158,37890,37899,9
13.0884895325,80.173248291,37899,37911,12
13.0884304047,80.174156189,37911,37921,10
13.0883798599,80.1748886108,37921,37931,10
13.0883302689,80.1756210327,37931,37941,10
13.0882797241,80.176361084,37941,37951,10
13.088259697,80.1770629883,37951,37961,10
13.0882396698,80.1777801514,37961,37971,10
13.0882797241,80.1784667969,37971,38001,30
13.0882797241,80.1784667969,38001,38011,10
13.0882902145,80.1792526245,38011,38062,51
13.0882902145,80.1792526245,38062,38072,10
13.088259697,80.1794967651,38072,38082,10
13.0882396698,80.179977417,38082,38092,10
13.0882196426,80.1806030273,38092,38102,10
13.0881795883,80.1814193726,38102,38112,10
13.0881204605,80.1823806763,38112,38122,10
13.0880899429,80.1834793091,38122,38133,11
13.0880098343,80.1847991943,38133,38143,10
13.0880098343,80.1853027344,38143,38153,10
13.0880002975,80.1853790283,38153,38163,10
13.0879602432,80.1858291626,38163,38173,10
13.0879602432,80.1865997314,38173,38183,10
13.0879402161,80.1874694824,38183,38193,10
13.0879297256,80.1881866455,38193,38203,10
13.0878696442,80.1888504028,38203,38213,10
13.0878200531,80.1895599365,38213,38223,10
13.0878095627,80.1898193359,38223,38233,10
13.0877895355,80.1899032593,38233,38244,11
13.0877103806,80.1903610229,38244,38254,10
13.0875902176,80.191116333,38254,38264,10
13.0874700546,80.1923980713,38264,38304,40
13.0874700546,80.1923980713,38304,38314,10
13.0874300003,80.1926498413,38314,38324,10
13.087389946,80.1929473877,38324,38334,10
13.0873498917,80.1935806274,38334,38344,10
13.0873298645,80.1943817139,38344,38355,11
13.0873203278,80.1950378418,38355,38365,10
13.0873203278,80.1956710815,38365,38375,10
13.0872802734,80.1964797974,38375,38385,10
13.0872602463,80.1972198486,38385,38395,10
13.0872602463,80.1976623535,38395,38405,10
13.0872497559,80.1977920532,38405,38415,10
13.0873298645,80.1982574463,38415,38425,10
13.0874700546,80.1984405518,38425,38435,10
13.0877799988,80.1984481812,38435,38445,10
13.088259697,80.1984176636,38445,38455,10
13.0886898041,80.1983795166,38455,38466,11
13.0892801285,80.1984100342,38466,38476,10
13.0898599625,80.1984405518,38476,38486,10
13.0905399323,80.1985015869,38486,38496,10
13.0914201736,80.1985778809,38496,38506,10
13.0921497345,80.1986236572,38506,38516,10
13.0927696228,80.1986236572,38516,38526,10
13.0929899216,80.1987533569,38526,38536,10
13.0929603577,80.1991271973,38536,38546,10
13.0929403305,80.1996994019,38546,38556,10
13.0929203033,80.2002716064,38556,38617,61
13.0929203033,80.2002716064,38617,38627,10
13.0927000046,80.2006225586,38627,38637,10
13.0922203064,80.2005767822,38637,38647,10
13.0914402008,80.2005462646,38647,38657,10
13.0906095505,80.2005310059,38657,38667,10
13.0898303986,80.2004776001,38667,38677,10
13.0889902115,80.2004776001,38677,38688,11
13.0880203247,80.2004165649,38688,38698,10
13.0874500275,80.2004318237,38698,38708,10
13.0872802734,80.2004318237,38708,38718,10
13.0868597031,80.2004165649,38718,38728,10
13.0862503052,80.2004013062,38728,38738,10
13.0857601166,80.2003707886,38738,38768,30
13.0857601166,80.2003707886,38768,38778,10
13.0852899551,80.2002792358,38778,38787,9
13.0853004456,80.1999206543,38787,38799,12
13.0852804184,80.1992111206,38799,38809,10
13.0852203369,80.1987228394,38809,38819,10
13.0848398209,80.1986618042,38819,38829,10
13.0844898224,80.198638916,38829,38839,10
13.0843095779,80.1986236572,38839,38849,10
13.084230423,80.198638916,38849,38859,10
13.0839099884,80.1986312866,38859,38869,10
13.0833997726,80.1986236572,38869,38899,30
13.0833997726,80.1986236572,38899,38910,11
13.0832195282,80.1985626221,38910,38920,10
13.0828504562,80.1985702515,38920,38930,10
13.0824203491,80.1985702515,38930,38940,10
13.0820398331,80.1986236572,38940,38950,10
13.0816602707,80.1986312866,38950,38960,10
13.0811195374,80.1986312866,38960,38970,10
13.0805101395,80.1986694336,38970,38980,10
13.0797796249,80.1987304688,38980,38990,10
13.0790100098,80.1987762451,38990,39000,10
13.0780801773,80.198890686,39000,39010,10
13.0770797729,80.1990203857,39010,39021,11
13.0760297775,80.1991424561,39021,39031,10
13.0750799179,80.1993408203,39031,39041,10
13.0742502213,80.1998291016,39041,39051,10
13.0737600327,80.2003326416,39051,39061,10
13.0735397339,80.2006988525,39061,39071,10
13.0734195709,80.200881958,39071,39081,10
13.0730304718,80.2013015747,39081,39091,10
13.072520256,80.2018737793,39091,39101,10
13.0720996857,80.2023086548,39101,39111,10
13.071559906,80.202911377,39111,39121,10
13.0709104538,80.203666687,39121,39132,11
13.0701704025,80.2045898438,39132,39142,10
13.0699396133,80.2049331665,39142,39152,10
13.0696601868,80.2048797607,39152,39162,10
13.0692901611,80.2050018311,39162,39172,10
13.0689001083,80.2053909302,39172,39182,10
13.0683403015,80.2054367065,39182,39192,10
13.067990303,80.2052536011,39192,39323,131
13.067990303,80.2052536011,39323,39333,10
13.068110466,80.2049179077,39333,39343,10
13.0685396194,80.2048034668,39343,39354,11
13.0691404343,80.2046890259,39354,39364,10
13.0696401596,80.2047729492,39364,39414,50
13.0696401596,80.2047729492,39414,39424,10
13.0698404312,80.2049026489,39424,39434,10
13.0697603226,80.2053070068,39434,39444,10
13.0693597794,80.2059173584,39444,39454,10
13.0688400269,80.2067337036,39454,39465,11
13.068189621,80.2078018188,39465,39475,10
13.067609787,80.2086868286,39475,39485,10
13.0670795441,80.2094573975,39485,39495,10
13.066450119,80.2101287842,39495,39505,10
13.0657196045,80.2107315063,39505,39515,10
13.065369606,80.2110824585,39515,39525,10
13.0651798248,80.2112426758,39525,39535,10
13.0651102066,80.2112731934,39535,39545,10
13.0649595261,80.2113189697,39545,39555,10
13.0646896362,80.2114486694,39555,39565,10
13.0640497208,80.2116470337,39565,39576,11
13.0635795593,80.2117004395,39576,39586,10
13.0629396439,80.211730957,39586,39595,9
13.0622196198,80.2117614746,39595,39606,11
13.0609903336,80.2116928101,39606,39616,10
13.0598897934,80.2116622925,39616,39626,10
13.0590000153,80.2115936279,39626,39636,10
13.0586700439,80.2115936279,39636,39646,10
13.0581998825,80.2116088867,39646,39656,10
13.057800293,80.2116165161,39656,39666,10
13.05768013,80.2116012573,39666,39676,10
13.0572500229,80.2115783691,39676,39687,11
13.0564603806,80.2115402222,39687,39697,10
13.0555696487,80.211517334,39697,39707,10
13.0546197891,80.2115020752,39707,39717,10
13.0537004471,80.2116928101,39717,39727,10
13.0527696609,80.2119674683,39727,39737,10
13.0521097183,80.2121582031,39737,39747,10
13.0518798828,80.2121887207,39747,39757,10
13.0515604019,80.2121734619,39757,39767,10
13.0511302948,80.2121734619,39767,39777,10
13.0504198074,80.2121429443,39777,39787,10
13.0496101379,80.2121582031,39787,39808,21
13.0496101379,80.2121582031,39808,39818,10
13.0493402481,80.2121582031,39818,39828,10
13.0488100052,80.2121734619,39828,39838,10
13.0482597351,80.2122192383,39838,39848,10
13.0475196838,80.2123031616,39848,39858,10
13.0467700958,80.212310791,39858,39868,10
13.0461301804,80.2123565674,39868,39878,10
13.0455598831,80.2124023438,39878,39979,101
13.0455598831,80.2124023438,39979,39989,10
13.0452699661,80.2123413086,39989,39999,10
13.0449695587,80.2123794556,39999,40008,9
13.044549942,80.2124023438,40008,40020,12
13.0438203812,80.2123718262,40020,40030,10
13.0431499481,80.2123718262,40030,40040,10
13.0425395966,80.2123794556,40040,40050,10
13.0417404175,80.2124099731,40050,40060,10
13.0406398773,80.212387085,40060,40070,10
13.0396995544,80.2124023438,40070,40080,10
13.0388202667,80.2124023438,40080,40090,10
13.0383996964,80.2123794556,40090,40100,10
13.0381698608,80.2124023438,40100,40120,20
13.0381698608,80.2124023438,40120,40131,11
13.0377702713,80.2124481201,40131,40141,10
13.0371799469,80.2124176025,40141,40151,10
13.0365200043,80.212348938,40151,40161,10
13.0354604721,80.2123184204,40161,40201,40
13.0354604721,80.2123184204,40201,40211,10
13.0351600647,80.2123031616,40211,40221,10
13.0347604752,80.2122497559,40221,40230,9
13.0346603394,80.2122268677,40230,40242,12
13.0343198776,80.2121887207,40242,40252,10
13.0342998505,80.2121887207,40252,40262,10
13.0338802338,80.2121124268,40262,40282,20
13.0338802338,80.2121124268,40282,40292,10
13.033490181,80.2120132446,40292,40302,10
13.0328598022,80.2119522095,40302,40312,10
13.0322599411,80.2118530273,40312,40322,10
13.0319795609,80.2116165161,40322,40332,10
13.0320396423,80.21118927,40332,40342,10
13.0320596695,80.2107772827,40342,40353,11
13.0321102142,80.2101211548,40353,40363,10
13.0320501328,80.2097091675,40363,40373,10
13.0315799713,80.2095718384,40373,40383,10
13.0308504105,80.2093582153,40383,40393,10
13.0303096771,80.2091903687,40393,40413,20
13.0303096771,80.2091903687,40413,40423,10
13.0301504135,80.2091064453,40423,40433,10
13.0297803879,80.2090301514,40433,40443,10
13.0294103622,80.2089080811,40443,40453,10
13.0294103622,80.2089004517,40453,40464,11
13.0290298462,80.2087783813,40464,40474,10
13.028260231,80.2085571289,40474,40484,10
13.0274200439,80.208190918,40484,40494,10
13.0266599655,80.2077102661,40494,40504,10
13.0261802673,80.2074432373,40504,40514,10
13.0255002975,80.2071228027,40514,40524,10
13.0246200562,80.2069473267,40524,40534,10
13.0242795944,80.2068862915,40534,40544,10
13.0241003036,80.2068481445,40544,40554,10
13.0235795975,80.2067184448,40554,40564,10
13.0229597092,80.2066116333,40564,40575,11
13.0225896835,80.20652771,40575,40585,10
13.0222301483,80.206489563,40585,40595,10
13.0220003128,80.2064590454,40595,40605,10
13.0218696594,80.2064590454,40605,40615,10
13.0214300156,80.2064285278,40615,40625,10
13.0207595825,80.2064285278,40625,40635,10
13.0198802948,80.2064437866,40635,40645,10
13.0191202164,80.2063522339,40645,40655,10
13.0190401077,80.2063064575,40655,40665,10
13.018819809,80.206237793,40665,40675,10
13.0182695389,80.2060623169,40675,40686,11
13.0178403854,80.2059173584,40686,40696,10
13.0177001953,80.2058563232,40696,40706,10
13.0173501968,80.2057189941,40706,40716,10
13.0168895721,80.2056427002,40716,40726,10
13.0162601471,80.2052764893,40726,40736,10
13.0154104233,80.2049713135,40736,40746,10
13.0144395828,80.2046279907,40746,40756,10
13.0138702393,80.2044525146,40756,40766,10
13.0136404037,80.2044067383,40766,40776,10
13.0135402679,80.2047119141,40776,40786,10
13.0133600235,80.2052764893,40786,40797,11
13.0130996704,80.2061920166,40797,40807,10
13.0130300522,80.2071380615,40807,40817,10
13.0129203796,80.207862854,40817,40827,10
13.0129003525,80.2084579468,40827,40837,10
13.0128698349,80.2088470459,40837,40847,10
13.0131196976,80.2094802856,40847,40857,10
13.0131597519,80.2098007202,40857,40867,10
13.0131597519,80.2102279663,40867,40877,10
13.0129899979,80.2109680176,40877,40887,10
13.0126304626,80.2116699219,40887,40897,10
13.0121002197,80.2125167847,40897,40908,11
13.0118103027,80.2127990723,40908,40918,10
13.0115299225,80.2126464844,40918,40928,10
13.0110502243,80.2122879028,40928,40938,10
13.0108003616,80.212059021,40938,40948,10
13.0104598999,80.2117996216,40948,40958,10
13.0102100372,80.2116088867,40958,40968,10
13.0101003647,80.2115020752,40968,40978,10
13.0098695755,80.2113189697,40978,41008,30
13.0098695755,80.2113189697,41008,41019,11
13.0094995499,80.2110824585,41019,41118,99
13.0094995499,80.2110824585,41118,41130,12
13.0092201233,80.2112197876,41130,41140,10
13.009059906,80.2114486694,41140,41150,10
13.0090398788,80.2116622925,41150,41160,10
13.0091695786,80.212097168,41160,41170,10
13.0092000961,80.2122192383,41170,41180,10
13.0092697144,80.2124786377,41180,41190,10
13.0094003677,80.2128219604,41190,41200,10
13.0095300674,80.2131500244,41200,41210,10
13.0096998215,80.2135620117,41210,41220,10
13.009929657,80.2141265869,41220,41230,10
13.0101203918,80.2147598267,41230,41241,11
13.010219574,80.2155609131,41241,41251,10
13.0105199814,80.216293335,41251,41261,10
13.0109300613,80.2171401978,41261,41271,10
13.0112895966,80.2179794312,41271,41281,10
13.0115804672,80.2186965942,41281,41291,10
13.0119495392,80.2196884155,41291,41301,10
13.0122098923,80.220741272,41301,41311,10
13.0122900009,80.2213287354,41311,41321,10
13.0126695633,80.2218780518,41321,41331,10
13.0129098892,80.2222595215,41331,41341,10
13.0132102966,80.2226104736,41341,41352,11
13.0136098862,80.2230911255,41352,41362,10
13.0142803192,80.2239608765,41362,41372,10
13.0148096085,80.224861145,41372,41382,10
13.015130043,80.2256774902,41382,41392,10
13.0151195526,80.2257080078,41392,41402,10
13.0147695541,80.2259597778,41402,41412,10
13.0141401291,80.2262268066,41412,41422,10
13.0133199692,80.2265472412,41422,41432,10
13.0125102997,80.226852417,41432,41442,10
13.011590004,80.2272262573,41442,41452,10
13.0104999542,80.2276992798,41452,41463,11
13.0095901489,80.2278671265,41463,41473,10
13.0095996857,80.2273864746,41473,41483,10
13.0098896027,80.2268295288,41483,41493,10
13.0102100372,80.2260513306,41493,41503,10
13.0106601715,80.2249679565,41503,41513,10
13.0110998154,80.2239227295,41513,41523,10
13.0112304688,80.2231903076,41523,41533,10
13.0106296539,80.2228775024,41533,41543,10
13.0098600388,80.2224273682,41543,41553,10
13.0089502335,80.2219314575,41553,41563,10
13.0080003738,80.2214202881,41563,41574,11
13.0071897507,80.2210006714,41574,41584,10
13.0066795349,80.2206802368,41584,41594,10
13.0058603287,80.2205200195,41594,41604,10
13.0049600601,80.2203216553,41604,41614,10
13.0042295456,80.220161438,41614,41624,10
13.0033197403,80.2200012207,41624,41634,10
13.0025901794,80.219619751,41634,41644,10
13.0019197464,80.2189407349,41644,41654,10
13.0011196136,80.2183380127,41654,41664,10
13.0002803802,80.2178115845,41664,41674,10
12.9996004105,80.2173461914,41674,41685,11
12.9989004135,80.2169494629,41685,41695,10
12.9982004166,80.2166519165,41695,41705,10
12.9974803925,80.2165527344,41705,41715,10
12.997420311,80.2165374756,41715,41725,10
12.9972200394,80.2165222168,41725,41735,10
12.9969501495,80.2165298462,41735,41745,10
12.9962997437,80.2165908813,41745,41755,10
12.9954900742,80.216796875,41755,41765,10
12.9950799942,80.2170333862,41765,41775,10
12.9947299957,80.2172622681,41775,41785,10
12.9944000244,80.2174911499,41785,41796,11
12.9938802719,80.217880249,41796,41806,10
12.993229866,80.2183303833,41806,41816,10
12.992650032,80.2187805176,41816,41826,10
12.9919204712,80.219291687,41826,41834,8
12.9859600067,80.2180175781,41834,41905,71
12.9859600067,80.2180175781,41905,41925,20
12.9841299057,80.217956543,41925,41935,10
12.9831895828,80.2179489136,41935,41945,10
12.9820699692,80.217956543,41945,41955,10
12.9809303284,80.2182006836,41955,41965,10
12.9800596237,80.2185211182,41965,41975,10
12.9795198441,80.21875,41975,41985,10
12.9788799286,80.2189788818,41985,41995,10
12.9782800674,80.2192230225,41995,42005,10
12.9774503708,80.219581604,42005,42016,11
12.9764299393,80.2200012207,42016,42026,10
12.9760103226,80.2201766968,42026,42046,20
12.9760103226,80.2201766968,42046,42056,10
12.9757404327,80.2203521729,42056,42066,10
12.9754896164,80.2207183838,42066,42147,81
12.9758300781,80.2209091187,42147,42530,383
12.9761400223,80.2210235596,42530,42601,71
12.9761400223,80.2210235596,42601,42611,10
12.9761199951,80.2212219238,42611,42702,91
12.9761199951,80.2212219238,42702,42712,10
12.9764204025,80.2212600708,42712,42722,10
12.9765996933,80.2212905884,42722,42732,10
12.9769496918,80.221282959,42732,42742,10
12.9774398804,80.221206665,42742,42752,10
12.9780101776,80.2211914063,42752,42762,10
12.9786100388,80.2211608887,42762,42772,10
12.9792499542,80.2210769653,42772,42782,10
12.9798603058,80.2210464478,42782,42793,11
12.980629921,80.2209701538,42793,42803,10
12.9812602997,80.2210998535,42803,42813,10
12.9817199707,80.2213592529,42813,42873,60
12.9817199707,80.2213592529,42873,42883,10
12.9821996689,80.2215576172,42883,42893,10
12.9825201035,80.2217025757,42893,42903,10
12.9828701019,80.221862793,42903,42914,11
12.9829502106,80.2219161987,42914,42924,10
12.9832296371,80.2220916748,42924,42934,10
12.9836301804,80.2223434448,42934,42944,10
12.9841499329,80.2226333618,42944,42954,10
12.9847297668,80.2229614258,42954,42964,10
12.9852895737,80.22315979,42964,42974,10
12.9856500626,80.2229690552,42974,42984,10
12.986240387,80.2228927612,42984,42994,10
12.9863700867,80.22290802,42994,43004,10
12.9866800308,80.2229385376,43004,43014,10
12.987159729,80.2229995728,43014,43025,11
12.9878196716,80.222869873,43025,43035,10
12.9883804321,80.2225036621,43035,43045,10
12.9888296127,80.222076416,43045,43055,10
12.9893102646,80.2215194702,43055,43065,10
12.9898195267,80.2208328247,43065,43075,10
12.9904003143,80.2203903198,43075,43085,10
12.9910097122,80.2199020386,43085,43095,10
12.9916400909,80.2194290161,43095,43105,10
12.9921503067,80.2191009521,43105,43115,10
12.9928302765,80.2185668945,43115,43125,10
12.993470192,80.2180786133,43125,43136,11
12.9942302704,80.2175216675,43136,43146,10
12.9947795868,80.2171173096,43146,43156,10
12.9953699112,80.2167816162,43156,43163,7
12.9958200455,80.2165985107,43163,43176,13
12.9967403412,80.2164611816,43176,43186,10
12.9972896576,80.2162399292,43186,43196,10
12.9975299835,80.2160568237,43196,43206,10
12.9976301193,80.2160186768,43206,43216,10
12.9979400635,80.2157516479,43216,43226,10
12.9983797073,80.2153396606,43226,43237,11
12.9990196228,80.2147827148,43237,43247,10
12.9993000031,80.2145385742,43247,43257,10
12.9997301102,80.2141494751,43257,43267,10
13.0001897812,80.213760376,43267,43277,10
13.0006904602,80.2132797241,43277,43287,10
13.0012397766,80.2127990723,43287,43297,10
13.0018196106,80.2123718262,43297,43307,10
13.0025701523,80.2120285034,43307,43317,10
13.0032997131,80.2119979858,43317,43327,10
13.0036401749,80.2117614746,43327,43337,10
13.0036697388,80.2111129761,43337,43347,10
13.0035896301,80.2103805542,43347,43358,11
13.0035600662,80.2095413208,43358,43368,10
13.0037603378,80.208732605,43368,43378,10
13.0044202805,80.2087936401,43378,43388,10
13.0051698685,80.2091293335,43388,43398,10
13.0058002472,80.2094268799,43398,43408,10
13.0060300827,80.2095031738,43408,43418,10
13.0064697266,80.2096405029,43418,43428,10
13.0074501038,80.2098312378,43428,43448,20
13.0074501038,80.2098312378,43448,43458,10
13.0076799393,80.2098770142,43458,43469,11
13.0081396103,80.2099761963,43469,43479,10
13.0081396103,80.2096099854,43479,43489,10
13.0079803467,80.2089233398,43489,43499,10
13.0078601837,80.2080001831,43499,43509,10
13.0077495575,80.2071228027,43509,43519,10
13.0076303482,80.2062835693,43519,43529,10
13.0075597763,80.205406189,43529,43539,10
13.0075502396,80.2045974731,43539,43549,10
13.0074901581,80.2037887573,43549,43559,10
13.0073204041,80.2029037476,43559,43568,9
13.006819725,80.2025680542,43568,43580,12
13.0066795349,80.2032394409,43580,43590,10
13.0072402954,80.2035598755,43590,43600,10
13.0079698563,80.2036895752,43600,43610,10
13.0089302063,80.2036437988,43610,43620,10
13.0100402832,80.2035827637,43620,43630,10
13.0112104416,80.2036514282,43630,43640,10
13.0123796463,80.2038421631,43640,43650,10
13.0133304596,80.2040863037,43650,43660,10
13.0137701035,80.204208374,43660,43670,10
13.0143299103,80.2043991089,43670,43680,10
13.0151596069,80.2047271729,43680,43691,11
13.0161399841,80.2050628662,43691,43701,10
13.0164699554,80.2051773071,43701,43711,10
13.0167303085,80.2051467896,43711,43721,10
13.0168504715,80.2051620483,43721,43731,10
13.0170898438,80.205368042,43731,43741,10
13.017490387,80.2055206299,43741,43751,10
13.0179700851,80.2057113647,43751,43761,10
13.0186300278,80.205947876,43761,43771,10
13.0187501907,80.2060089111,43771,43781,10
13.0191402435,80.2061386108,43781,43791,10
13.0197896957,80.2062835693,43791,43802,11
13.0211896896,80.2062835693,43802,43822,20
13.0211896896,80.2062835693,43822,43832,10
13.0215702057,80.2062988281,43832,43842,10
13.0221004486,80.2063293457,43842,43852,10
13.0226602554,80.2064590454,43852,43862,10
13.0236301422,80.2066574097,43862,43872,10
13.0245800018,80.2068405151,43872,43882,10
13.0257396698,80.2071609497,43882,43892,10
13.0269002914,80.2078018188,43892,43902,10
13.0278997421,80.2083892822,43902,43913,11
13.0289497375,80.2087020874,43913,43923,10
13.0296201706,80.2088775635,43923,43933,10
13.0297803879,80.2089385986,43933,43943,10
13.0298595428,80.208946228,43943,43953,10
13.0300998688,80.2090072632,43953,43963,10
13.0305099487,80.2091369629,43963,43973,10
13.0312204361,80.209312439,43973,43983,10
13.0316095352,80.2093887329,43983,43993,10
13.0317296982,80.2094573975,43993,44003,10
13.0320901871,80.2095718384,44003,44013,10
13.0325899124,80.2096328735,44013,44024,11
13.033490181,80.2098007202,44024,44034,10
13.0344696045,80.2099990845,44034,44044,10
13.0350198746,80.2102890015,44044,44054,10
13.0350503922,80.2112197876,44054,44084,30
13.0350503922,80.2112197876,44084,44094,10
13.0349397659,80.2115707397,44094,44104,10
13.0348596573,80.212020874,44104,44114,10
13.0354604721,80.2121734619,44114,44124,10
13.0367498398,80.212272644,44124,44165,41
13.0367498398,80.212272644,44165,44175,10
13.0371999741,80.2122268677,44175,44185,10
13.0376501083,80.212272644,44185,44195,10
13.0383701324,80.2122802734,44195,44205,10
13.039270401,80.2122573853,44205,44215,10
13.0403299332,80.2122421265,44215,44225,10
13.041560173,80.2122268677,44225,44235,10
13.0427598953,80.2122573853,44235,44246,11
13.044090271,80.2122192383,44246,44256,10
13.0449304581,80.2122192383,44256,44266,10
13.0457000732,80.2122268677,44266,44276,10
13.046620369,80.2122192383,44276,44286,10
13.0477104187,80.2121429443,44286,44296,10
13.0485296249,80.2120513916,44296,44306,10
13.0485801697,80.2120513916,44306,44316,10
13.0486001968,80.2120132446,44316,44326,10
13.0491304398,80.2119827271,44326,44336,10
13.0498895645,80.2119598389,44336,44346,10
13.0506296158,80.2119903564,44346,44357,11
13.0515699387,80.2120437622,44357,44367,10
13.0523796082,80.2119216919,44367,44377,10
13.0532398224,80.211730957,44377,44387,10
13.0540800095,80.2115097046,44387,44397,10
13.0545396805,80.21144104,44397,44407,10
13.0551395416,80.2114562988,44407,44417,10
13.056019783,80.211479187,44417,44427,10
13.0568704605,80.2114715576,44427,44437,10
13.0575304031,80.2114486694,44437,44447,10
13.05768013,80.21144104,44447,44457,10
13.0580701828,80.21144104,44457,44468,11
13.0588302612,80.211479187,44468,44478,10
13.0597496033,80.2115478516,44478,44488,10
13.0608301163,80.2115936279,44488,44498,10
13.0616903305,80.2116394043,44498,44508,10
13.0623703003,80.2116622925,44508,44518,10
13.0631399155,80.2115478516,44518,44528,10
13.0632896423,80.2115478516,44528,44538,10
13.0635900497,80.2114868164,44538,44568,30
13.0635900497,80.2114868164,44568,44579,11
13.0637598038,80.2115020752,44579,44589,10
13.0641298294,80.2114486694,44589,44599,10
13.064789772,80.211227417,44599,44609,10
13.0655298233,80.2107315063,44609,44619,10
13.0663404465,80.2100601196,44619,44629,10
13.0670404434,80.2092208862,44629,44639,10
13.0673398972,80.208732605,44639,44649,10
13.0675497055,80.2084197998,44649,44659,10
13.0679302216,80.2078170776,44659,44669,10
13.068400383,80.20703125,44669,44679,10
13.0690202713,80.2061309814,44679,44690,11
13.0695400238,80.205291748,44690,44700,10
13.0696201324,80.204826355,44700,44710,10
13.069270134,80.2048416138,44710,44720,10
13.0687999725,80.2048187256,44720,44750,30
13.0687999725,80.2048187256,44750,44760,10
13.0689897537,80.2047119141,44760,44770,10
13.0694198608,80.2047424316,44770,44780,10
13.0697898865,80.2048110962,44780,44790,10
13.0700397491,80.2047195435,44790,44801,11
13.0704498291,80.2041320801,44801,44811,10
13.0710401535,80.2034225464,44811,44821,10
13.0720300674,80.202293396,44821,44851,30
13.0720300674,80.202293396,44851,44861,10
13.07213974,80.2022399902,44861,44871,10
13.0723600388,80.2019882202,44871,44881,10
13.0726699829,80.2016067505,44881,44891,10
13.0730695724,80.2011566162,44891,44902,11
13.07351017,80.2007217407,44902,44912,10
13.0739297867,80.2002334595,44912,44922,10
13.0744199753,80.1996612549,44922,44932,10
13.0748596191,80.1992263794,44932,44942,10
13.0755996704,80.1990280151,44942,44952,10
13.0765399933,80.1990127563,44952,44962,10
13.0773000717,80.1989517212,44962,44972,10
13.0781297684,80.1988525391,44972,44982,10
13.0790901184,80.1987228394,44982,44992,10
13.0800695419,80.198638916,44992,45002,10
13.0810804367,80.1985626221,45002,45011,9
13.0817899704,80.1985626221,45011,45023,12
13.08273983,80.1984481812,45023,45033,10
13.083319664,80.1984481812,45033,45043,10
13.0833797455,80.1984634399,45043,45053,10
13.0834197998,80.1984710693,45053,45063,10
13.0836400986,80.1984710693,45063,45073,10
13.0840396881,80.1984481812,45073,45103,30
13.0840396881,80.1984481812,45103,45113,10
13.0843296051,80.1984634399,45113,45123,10
13.0843601227,80.1984634399,45123,45134,11
13.0847902298,80.1984405518,45134,45164,30
13.0847902298,80.1984405518,45164,45174,10
13.0852499008,80.1984024048,45174,45184,10
13.0857601166,80.198348999,45184,45194,10
13.0863399506,80.1983108521,45194,45204,10
13.0867300034,80.198348999,45204,45214,10
13.0870103836,80.1982269287,45214,45224,10
13.0871400833,80.197883606,45224,45235,11
13.0872001648,80.1978225708,45235,45245,10
13.0872497559,80.1973800659,45245,45255,10
13.0872802734,80.1966323853,45255,45265,10
13.0872898102,80.1957168579,45265,45275,10
13.0873003006,80.19506073,45275,45285,10
13.0873203278,80.1941986084,45285,45295,10
13.0873403549,80.1929702759,45295,45315,20
13.0873403549,80.1929702759,45315,45325,10
13.0873699188,80.192817688,45325,45335,10
13.0874099731,80.1924591064,45335,45345,10
13.0874996185,80.1917572021,45345,45356,11
13.0876197815,80.1907196045,45356,45366,10
13.0877304077,80.1896514893,45366,45376,10
13.0877895355,80.1887283325,45376,45386,10
13.0878400803,80.1884002686,45386,45396,10
13.087849617,80.1879425049,45396,45406,10
13.0878400803,80.1872787476,45406,45416,10
13.0878601074,80.1864471436,45416,45426,10
13.0878896713,80.185798645,45426,45436,10
13.0879497528,80.184967041,45436,45445,9
13.0879802704,80.1841201782,45445,45456,11
13.0880403519,80.1828994751,45456,45467,11
13.0880804062,80.1817932129,45467,45477,10
13.0881099701,80.1806793213,45477,45487,10
13.0881700516,80.1795883179,45487,45547,60
13.0881700516,80.1795883179,45547,45557,10
13.0881900787,80.1793289185,45557,45567,10
13.0881700516,80.1787719727,45567,45578,11
13.0881500244,80.1786499023,45578,45588,10
13.0881700516,80.1781692505,45588,45598,10
13.0881996155,80.1774902344,45598,45608,10
13.0882196426,80.1768264771,45608,45618,10
13.0882797241,80.1759567261,45618,45628,10
13.0883398056,80.1750411987,45628,45638,10
13.0884103775,80.1743469238,45638,45648,10
13.0884799957,80.173866272,45648,45658,10
13.0885000229,80.1733169556,45658,45668,10
13.0885295868,80.1727600098,45668,45678,10
13.088549614,80.1722717285,45678,45689,11
13.0885601044,80.1720123291,45689,45699,10
13.0885896683,80.1716995239,45699,45709,10
13.0886096954,80.1713562012,45709,45719,10
13.0886001587,80.1713409424,45719,45729,10
13.0885896683,80.171333313,45729,45739,10
13.0886497498,80.1708679199,45739,45778,39
13.0886497498,80.1708679199,45778,45790,12
13.0886602402,80.170463562,45790,45800,10
13.0886697769,80.1701889038,45800,45860,60
13.0886697769,80.1701889038,45860,45870,10
13.088640213,80.1699676514,45870,45880,10
13.0886802673,80.1696472168,45880,45889,9
13.0888795853,80.1694869995,45889,45900,11
13.0894699097,80.1695480347,45900,45911,11
13.0901603699,80.1696014404,45911,45921,10
13.0908899307,80.169631958,45921,45931,10
13.0916099548,80.169670105,45931,45941,10
13.0924501419,80.1697235107,45941,45951,10
13.0933103561,80.1697921753,45951,45961,10
13.0942602158,80.1698303223,45961,45971,10
13.0947399139,80.1698684692,45971,45981,10
13.0951299667,80.1698989868,45981,45991,10
13.0957803726,80.1699295044,45991,46000,9
13.0965204239,80.169960022,46000,46011,11
13.0976295471,80.1700210571,46011,46022,11
13.098690033,80.1700592041,46022,46032,10
13.0991096497,80.1700820923,46032,46042,10
13.0993900299,80.1700668335,46042,46052,10
13.0996904373,80.1698989868,46052,46072,20
13.0996904373,80.1698989868,46072,46082,10
13.0996904373,80.1696777344,46082,46092,10
13.0993700027,80.1696090698,46092,46102,10
13.0991401672,80.1695404053,46102,46112,10
13.0989198685,80.1694412231,46112,46122,10
13.0986499786,80.1692428589,46122,47293,1171
13.0986499786,80.1692428589,47293,47303,10
13.0987195969,80.1692199707,47303,47313,10
13.0989103317,80.1693878174,47313,47323,10
13.0990400314,80.1694793701,47323,47333,10
13.0992202759,80.1695404053,47333,47343,10
13.099360466,80.1697998047,47343,47666,323
13.099360466,80.1697998047,47666,47676,10
13.0993404388,80.1701583862,47676,47686,10
13.0993204117,80.1701889038,47686,47697,11
13.0991001129,80.1702194214,47697,47707,10
13.0986795425,80.170211792,47707,47717,10
13.0981197357,80.1701889038,47717,47727,10
13.0973796844,80.1700973511,47727,47737,10
13.0964803696,80.1700363159,47737,47747,10
13.0955400467,80.1699905396,47747,47757,10
13.0949296951,80.1699676514,47757,47767,10
13.0946798325,80.1698913574,47767,47777,10
13.0943603516,80.169883728,47777,47787,10
13.0938396454,80.1697998047,47787,47796,9
13.0932302475,80.1697921753,47796,47808,12
13.0921201706,80.1697616577,47808,47818,10
13.0911598206,80.1696777344,47818,47828,10
13.0901603699,80.1696166992,47828,47838,10
13.089509964,80.1695709229,47838,47848,10
13.089099884,80.1695404053,47848,47858,10
13.0888204575,80.1695785522,47858,47868,10
13.0886802673,80.1700363159,47868,47878,10
13.0886201859,80.1706771851,47878,47888,10
13.0886001587,80.1713485718,47888,47898,10
13.0885801315,80.1718826294,47898,47909,11
13.0885601044,80.1720199585,47909,47919,10
13.0885095596,80.1725234985,47919,47929,10
13.0884304047,80.1732788086,47929,47939,10
13.0883903503,80.1742630005,47939,47949,10
13.0883197784,80.175201416,47949,47959,10
13.088259697,80.1762619019,47959,47969,10
13.0882196426,80.1770706177,47969,47979,10
13.0882196426,80.1777572632,47979,47989,10
13.0882101059,80.1784820557,47989,47999,10
13.0882101059,80.1785430908,47999,48009,10
13.0882101059,80.1787109375,48009,48020,11
13.0881996155,80.1792907715,48020,48060,40
13.0881996155,80.1792907715,48060,48070,10
13.0881900787,80.1795806885,48070,48080,10
13.0881500244,80.1801300049,48080,48090,10
13.0881299973,80.1809768677,48090,48100,10
13.0880804062,80.1818389893,48100,48110,10
13.0880899429,80.1821212769,48110,48119,9
13.0880804062,80.1823806763,48119,48130,11
13.0880203247,80.1829910278,48130,48141,11
13.0879602432,80.1839294434,48141,48151,10
13.0879497528,80.1848907471,48151,48161,10
13.0879402161,80.1855773926,48161,48171,10
13.0878801346,80.1864089966,48171,48181,10
13.0878400803,80.1873016357,48181,48191,10
13.087849617,80.1878433228,48191,48201,10
13.0878200531,80.1885910034,48201,48211,10
13.087770462,80.1893997192,48211,48221,10
13.0877504349,80.1898269653,48221,48231,10
13.0877399445,80.1898574829,48231,48241,10
13.0876703262,80.1902313232,48241,48252,11
13.0875396729,80.1910400391,48252,48262,10
13.0874300003,80.1922302246,48262,48312,50
13.0874300003,80.1922302246,48312,48322,10
13.0873603821,80.1927566528,48322,48332,10
13.0873203278,80.1932907104,48332,48341,9
13.0872802734,80.1940002441,48341,48352,11
13.0872602463,80.1949386597,48352,48363,11
13.0872602463,80.1958312988,48363,48373,10
13.0872297287,80.1967163086,48373,48383,10
13.0872097015,80.1974411011,48383,48393,10
13.0872097015,80.1977233887,48393,48403,10
13.087220192,80.1978912354,48403,48413,10
13.0873003006,80.1982574463,48413,48423,10
13.0874500275,80.1984024048,48423,48433,10
13.087849617,80.1984329224,48433,48443,10
13.0885000229,80.1984024048,48443,48453,10
13.0891304016,80.1984405518,48453,48464,11
13.0897397995,80.1984634399,48464,48474,10
13.0904903412,80.1985092163,48474,48484,10
13.0912504196,80.1985702515,48484,48494,10
13.0920600891,80.1986465454,48494,48504,10
13.0928897858,80.1986465454,48504,48514,10
13.0929698944,80.1988983154,48514,48524,10
13.0929203033,80.1995010376,48524,48534,10
13.0928897858,80.200302124,48534,48544,10
13.092880249,80.2005004883,48544,48554,10
13.0927696228,80.200630188,48554,48564,10
13.0924100876,80.200630188,48564,48575,11
13.0915699005,80.200592041,48575,48585,10
13.0908403397,80.2005462646,48585,48595,10
13.0901098251,80.2005386353,48595,48605,10
13.0892601013,80.2005233765,48605,48615,10
13.0884504318,80.2004623413,48615,48625,10
13.0876598358,80.2004318237,48625,48635,10
13.0872097015,80.2003936768,48635,48645,10
13.086930275,80.2004013062,48645,48655,10
13.0863599777,80.2003936768,48655,48665,10
13.0857801437,80.2003936768,48665,48675,10
13.0854597092,80.2003631592,48675,48686,11
13.0853004456,80.2001495361,48686,48696,10
13.0853996277,80.1996002197,48696,48706,10
13.0853300095,80.1987915039,48706,48716,10
13.0848197937,80.1987075806,48716,48726,10
13.084230423,80.1986999512,48726,48736,10
13.0840997696,80.1986923218,48736,48746,10
13.0835399628,80.1987075806,48746,48766,20
13.0835399628,80.1987075806,48766,48776,10
13.0834798813,80.1986999512,48776,48786,10
13.0831403732,80.198677063,48786,48797,11
13.0827302933,80.198638916,48797,48807,10
13.0823202133,80.198638916,48807,48817,10
13.0819396973,80.198638916,48817,48827,10
13.081489563,80.198638916,48827,48837,10
13.0810203552,80.1986694336,48837,48847,10
13.0804004669,80.1986999512,48847,48857,10
13.0796403885,80.1987609863,48857,48867,10
13.0787401199,80.1988372803,48867,48877,10
13.077870369,80.1989517212,48877,48887,10
13.0770101547,80.1990737915,48887,48897,10
13.0760803223,80.1991729736,48897,48908,11
13.0750303268,80.1993865967,48908,48918,10
13.0742902756,80.1998519897,48918,48928,10
13.0739002228,80.2002792358,48928,48938,10
13.0738801956,80.2002868652,48938,48948,10
13.0737199783,80.2004394531,48948,48958,10
13.0733804703,80.200843811,48958,48968,10
13.0728197098,80.2014923096,48968,48978,10
13.0721797943,80.2022399902,48978,48988,10
13.071439743,80.2030563354,48988,48998,10
13.0706195831,80.2040176392,48998,49007,9
13.0701303482,80.2046585083,49007,49019,12
13.0698900223,80.2050018311,49019,49029,10
13.0696296692,80.2049026489,49029,49039,10
13.0692501068,80.2049331665,49039,49049,10
13.0689201355,80.2053375244,49049,49059,10
13.068400383,80.2054595947,49059,49069,10
13.0679302216,80.2052383423,49069,49150,81
13.0679302216,80.2052383423,49150,49160,10
13.0680398941,80.205039978,49160,49170,10
13.0683403015,80.2049484253,49170,49180,10
13.0688800812,80.2047271729,49180,49190,10
13.0695104599,80.2047729492,49190,49200,10
13.0697803497,80.2048873901,49200,49210,10
13.069849968,80.2050628662,49210,49220,10
13.0697402954,80.2053375244,49220,49229,9
13.0694503784,80.2058105469,49229,49241,12
13.0689096451,80.206703186,49241,49251,10
13.0683603287,80.207572937,49251,49261,10
13.0678195953,80.2084274292,49261,49271,10
13.0673599243,80.2091369629,49271,49281,10
13.0669698715,80.2097167969,49281,49291,10
13.0663003922,80.210319519,49291,49301,10
13.0655002594,80.2109375,49301,49311,10
13.0650901794,80.2112808228,49311,49321,10
13.065079689,80.2113037109,49321,49331,10
13.0648097992,80.2114868164,49331,49341,10
13.0639896393,80.211730957,49341,49362,21
13.0639896393,80.211730957,49362,49372,10
13.063659668,80.2117233276,49372,49382,10
13.0632095337,80.211730957,49382,49392,10
13.0625200272,80.2117614746,49392,49402,10
13.0617904663,80.2117385864,49402,49412,10
13.0609302521,80.2117080688,49412,49422,10
13.0599899292,80.2116775513,49422,49432,10
13.0589599609,80.2116470337,49432,49442,10
13.0580596924,80.2116394043,49442,49452,10
13.0577201843,80.2116470337,49452,49462,10
13.0575799942,80.2116317749,49462,49473,11
13.0570201874,80.2116012573,49473,49483,10
13.0562801361,80.2115936279,49483,49493,10
13.0553598404,80.2115707397,49493,49503,10
13.0548000336,80.2116012573,49503,49513,10
13.0545597076,80.2115936279,49513,49523,10
13.0540895462,80.2116394043,49523,49533,10
13.0534095764,80.2117996216,49533,49543,10
13.0527000427,80.2119903564,49543,49553,10
13.0522003174,80.2121200562,49553,49563,10
13.0517597198,80.2122116089,49563,49574,11
13.0512399673,80.2121963501,49574,49584,10
13.050740242,80.2121963501,49584,49594,10
13.0495100021,80.2121582031,49594,49614,20
13.0495100021,80.2121582031,49614,49624,10
13.0491504669,80.2121505737,49624,49634,10
13.0485095978,80.2121963501,49634,49644,10
13.0476903915,80.212272644,49644,49654,10
13.0468902588,80.2123031616,49654,49664,10
13.0464496613,80.2123336792,49664,49674,10
13.0456895828,80.212387085,49674,49685,11
13.0450601578,80.2124099731,49685,49695,10
13.0448303223,80.2124404907,49695,49725,30
13.0448303223,80.2124404907,49725,49735,10
13.0446901321,80.2124404907,49735,49745,10
13.0442495346,80.2124633789,49745,49755,10
13.0434503555,80.2124023438,49755,49765,10
13.0427303314,80.2123794556,49765,49775,10
13.0421199799,80.2124023438,49775,49784,9
13.0413103104,80.2124023438,49784,49796,12
13.0399999619,80.2124023438,49796,49806,10
13.0388402939,80.2124023438,49806,49816,10
13.0380001068,80.2124404907,49816,49826,10
13.0373401642,80.2124099731,49826,49836,10
13.0366601944,80.212348938,49836,49846,10
13.0359802246,80.212348938,49846,49856,10
13.0354003906,80.212348938,49856,49866,10
13.0349798203,80.2123031616,49866,49876,10
13.0346803665,80.2122497559,49876,49886,10
13.034239769,80.2121582031,49886,49907,21
13.034239769,80.2121582031,49907,49917,10
13.0340995789,80.2120895386,49917,49927,10
13.0337295532,80.212020874,49927,49937,10
13.0331001282,80.2118835449,49937,49947,10
13.0324401855,80.2117614746,49947,49957,10
13.0320301056,80.2114105225,49957,49967,10
13.0320501328,80.2106781006,49967,49977,10
13.0321102142,80.2098922729,49977,49987,10
13.0319099426,80.2096633911,49987,49997,10
13.0313901901,80.2094268799,49997,50007,10
13.030670166,80.2092590332,50007,50018,11
13.0296497345,80.2089691162,50018,50038,20
13.0296497345,80.2089691162,50038,50048,10
13.029129982,80.2087478638,50048,50058,10
13.0283899307,80.2085800171,50058,50068,10
13.0275001526,80.2082214355,50068,50078,10
13.0265703201,80.2076797485,50078,50088,10
13.0254898071,80.2071380615,50088,50098,10
13.0244598389,80.2069473267,50098,50108,10
13.0242595673,80.2069015503,50108,50118,10
13.0240802765,80.2068405151,50118,50129,11
13.0234498978,80.2066879272,50129,50139,10
13.022649765,80.20652771,50139,50149,10
13.0218200684,80.2064208984,50149,50159,10
13.0209598541,80.2064208984,50159,50169,10
13.0198802948,80.206451416,50169,50179,10
13.0190296173,80.2062911987,50179,50189,10
13.0189304352,80.2062606812,50189,50199,10
13.0188102722,80.2061920166,50199,50209,10
13.0183296204,80.2060012817,50209,50219,10
13.0178604126,80.2058486938,50219,50229,10
13.0175304413,80.2057113647,50229,50240,11
13.017080307,80.205581665,50240,50250,10
13.0166501999,80.2054824829,50250,50260,10
13.0159797668,80.2051925659,50260,50270,10
13.0151996613,80.2049179077,50270,50280,10
13.0142698288,80.2045974731,50280,50290,10
13.0136699677,80.2043991089,50290,50300,10
13.0135202408,80.204750061,50300,50310,10
13.0133104324,80.2054595947,50310,50320,10
13.0130796432,80.2063369751,50320,50330,10
13.0129995346,80.2072296143,50330,50340,10
13.0128803253,80.2079086304,50340,50351,11
13.0128803253,80.2084884644,50351,50361,10
13.0129299164,80.2089004517,50361,50371,10
13.0130796432,80.209487915,50371,50381,10
13.0131502151,80.2099609375,50381,50391,10
13.0130701065,80.210647583,50391,50401,10
13.0128297806,80.2113037109,50401,50411,10
13.0125598907,80.2118301392,50411,50421,10
13.0122003555,80.2124710083,50421,50431,10
13.011879921,80.2127838135,50431,50441,10
13.0115299225,80.212600708,50441,50451,10
13.0109796524,80.2121963501,50451,50462,11
13.0104103088,80.2117919922,50462,50472,10
13.0099096298,80.2114105225,50472,50482,10
13.0094804764,80.2110366821,50482,50512,30
13.0094804764,80.2110366821,50512,50522,10
13.0092897415,80.2110900879,50522,50532,10
13.0092096329,80.2112197876,50532,50542,10
13.0090398788,80.2115097046,50542,50552,10
13.0091495514,80.2119598389,50552,50562,10
13.0093898773,80.2126998901,50562,50573,11
13.0096797943,80.213508606,50573,50583,10
13.0099697113,80.2142410278,50583,50593,10
13.0101604462,80.2149963379,50593,50603,10
13.0102996826,80.2158279419,50603,50613,10
13.0107402802,80.2168121338,50613,50623,10
13.0111999512,80.2178192139,50623,50633,10
13.0115499496,80.2188186646,50633,50643,10
13.0119104385,80.2199172974,50643,50653,10
13.012260437,80.2208862305,50653,50663,10
13.0124101639,80.221496582,50663,50672,9
13.0126199722,80.2218322754,50672,50684,12
13.0131502151,80.2225189209,50684,50694,10
13.0137996674,80.2232513428,50694,50704,10
13.0143899918,80.2239532471,50704,50714,10
13.0149803162,80.2246322632,50714,50724,10
13.01541996,80.2253494263,50724,50734,10
13.0151901245,80.2258605957,50734,50744,10
13.0146398544,80.2260818481,50744,50754,10
13.0138196945,80.2263870239,50754,50764,10
13.0128202438,80.2267990112,50764,50774,10
13.0116300583,80.2272491455,50774,50784,10
13.0104904175,80.2276916504,50784,50795,11
13.0097198486,80.2279663086,50795,50805,10
13.009519577,80.2275390625,50805,50815,10
13.0097904205,80.2269668579,50815,50825,10
13.0101299286,80.2262420654,50825,50835,10
13.0105600357,80.225112915,50835,50855,20
13.0105600357,80.225112915,50855,50865,10
13.0107002258,80.2248382568,50865,50875,10
13.0108604431,80.2243728638,50875,50885,10
13.0112199783,80.2235717773,50885,50895,10
13.0111598969,80.2231292725,50895,50906,11
13.0104904175,80.2228088379,50906,50916,10
13.0097503662,80.2223968506,50916,50926,10
13.0089797974,80.2219619751,50926,50936,10
13.008190155,80.2215423584,50936,50946,10
13.0074195862,80.2211380005,50946,50956,10
13.0067501068,80.2207489014,50956,50966,10
13.0058898926,80.2204971313,50966,50976,10
13.0048704147,80.2202835083,50976,50986,10
13.0040302277,80.2200927734,50986,50996,10
13.0025100708,80.2195510864,50996,51006,10
13.0025100708,80.2195510864,51006,51017,11
13.0017795563,80.2188262939,51017,51026,9
13.0012197495,80.2183837891,51026,51037,11
13.0006504059,80.2179870605,51037,51047,10
13.0000200272,80.2175979614,51047,51057,10
12.9992399216,80.2171325684,51057,51067,10
12.9983797073,80.2167205811,51067,51077,10
12.9977798462,80.2165527344,51077,51087,10
12.9975996017,80.2165298462,51087,51097,10
12.997420311,80.2165222168,51097,51107,10
12.9969701767,80.2165527344,51107,51116,9
12.9965200424,80.2165679932,51116,51128,12
12.9959802628,80.2167129517,51128,51138,10
12.9956502914,80.2167892456,51138,51148,10
12.995349884,80.2169189453,51148,51158,10
12.9951295853,80.217048645,51158,51168,10
12.9948701859,80.2172088623,51168,51178,10
12.9945297241,80.2174606323,51178,51188,10
12.9941196442,80.2177429199,51188,51198,10
12.993639946,80.2180786133,51198,51208,10
12.9930801392,80.218460083,51208,51218,10
12.992480278,80.2189178467,51218,51227,9
12.9917898178,80.2194519043,51227,51239,12
12.991350174,80.2195663452,51239,51249,10
12.99077034,80.2193603516,51249,51259,10
12.9899597168,80.2190628052,51259,51269,10
12.9889202118,80.2186965942,51269,51279,10
12.9879198074,80.218421936,51279,51289,10
12.9872102737,80.2183074951,51289,51299,10
12.9869403839,80.2182617188,51299,51309,10
12.986700058,80.2182006836,51309,51319,10
12.986120224,80.2180328369,51319,51329,10
12.9852199554,80.2179107666,51329,51339,10
12.9839897156,80.2179794312,51339,51360,21
12.9839897156,80.2179794312,51360,51370,10
12.9836902618,80.2179794312,51370,51380,10
12.9830799103,80.217956543,51380,51390,10
12.9822702408,80.2179489136,51390,51400,10
12.9813995361,80.2180709839,51400,51410,10
12.9804801941,80.2183532715,51410,51420,10
12.9799203873,80.2185821533,51420,51430,10
12.9799003601,80.2185897827,51430,51440,10
12.9796495438,80.2187194824,51440,51450,10
12.9791698456,80.2189178467,51450,51461,11
12.9786596298,80.2191314697,51461,51471,10
12.9780302048,80.2193603516,51471,51481,10
12.9771699905,80.2197418213,51481,51491,10
12.9762496948,80.2201385498,51491,51501,10
12.9757204056,80.2203598022,51501,51551,50
12.9757204056,80.2203598022,51551,51561,10
12.9755601883,80.2205123901,51561,51572,11
12.9757699966,80.2209472656,51572,51602,30
12.9757699966,80.2209472656,51602,51612,10
12.9758901596,80.2212295532,51612,51703,91
12.9758901596,80.2212295532,51703,51713,10
12.9760303497,80.2213516235,51713,51723,10
12.976269722,80.221321106,51723,51733,10
12.9766397476,80.2213134766,51733,51743,10
12.9769296646,80.2212905884,51743,51753,10
12.9773397446,80.2212982178,51753,51763,10
12.9778900146,80.2212371826,51763,51773,10
12.9785995483,80.221206665,51773,51783,10
12.9793300629,80.2211380005,51783,51794,11
12.9802303314,80.2210617065,51794,51804,10
12.9809904099,80.2210693359,51804,51814,10
12.9814996719,80.2211837769,51814,51824,10
12.9820098877,80.2215499878,51824,51834,10
12.9823999405,80.2218170166,51834,51844,10
12.9828300476,80.2219085693,51844,51854,10
12.9829502106,80.2220001221,51854,51864,10
12.9832496643,80.2221832275,51864,51874,10
12.9835195541,80.222366333,51874,51884,10
12.9837999344,80.2225723267,51884,51894,10
12.9842100143,80.2228164673,51894,51905,11
12.9847803116,80.2231674194,51905,51915,10
12.9852800369,80.2232666016,51915,51925,10
12.9855804443,80.2230911255,51925,51935,10
12.9860200882,80.2229690552,51935,51945,10
12.9864397049,80.2229690552,51945,51955,10
12.9868001938,80.2230224609,51955,51965,10
12.9870996475,80.2230606079,51965,51975,10
12.9873399734,80.2230834961,51975,51985,10
12.9877004623,80.2230224609,51985,51995,10
12.9881896973,80.2227172852,51995,52005,10
12.9887399673,80.2221908569,52005,52016,11
12.9893398285,80.2215194702,52016,52026,10
12.9899501801,80.2207565308,52026,52036,10
12.9906597137,80.2202301025,52036,52046,10
12.9913301468,80.2197265625,52046,52056,10
12.9920396805,80.2192230225,52056,52066,10
12.9928102493,80.2186431885,52066,52076,10
12.9935398102,80.2180786133,52076,52086,10
12.9941596985,80.2176513672,52086,52096,10
12.9946403503,80.2172622681,52096,52106,10
12.9952802658,80.2168807983,52106,52116,10
12.9959897995,80.2165985107,52116,52127,11
12.9966096878,80.2164916992,52127,52137,10
12.9971399307,80.2164535522,52137,52146,9
12.9973697662,80.2162475586,52146,52157,11
12.9975795746,80.2161026001,52157,52167,10
12.9980802536,80.2156524658,52167,52177,10
12.9987297058,80.2150192261,52177,52187,10
12.9991502762,80.2147064209,52187,52197,10
12.9995203018,80.2143783569,52197,52207,10
12.9999599457,80.2140274048,52207,52217,10
13.000459671,80.2135925293,52217,52227,10
13.0010404587,80.2130432129,52227,52238,11
13.0017004013,80.2125473022,52238,52248,10
13.0020904541,80.2122879028,52248,52258,10
13.0026702881,80.2121124268,52258,52268,10
13.0034198761,80.2120285034,52268,52278,10
13.0036697388,80.2116775513,52278,52288,10
13.0036401749,80.2109680176,52288,52298,10
13.0035600662,80.2102584839,52298,52308,10
13.0035295486,80.2095413208,52308,52318,10
13.0036802292,80.2088088989,52318,52328,10
13.0042495728,80.2087173462,52328,52338,10
13.0050401688,80.2090835571,52338,52349,11
13.0058603287,80.2094573975,52349,52359,10
13.0064496994,80.2096633911,52359,52369,10
13.0071296692,80.2098007202,52369,52379,10
13.0078802109,80.2099227905,52379,52389,10
13.0081596375,80.2097473145,52389,52399,10
13.0080604553,80.2092132568,52399,52409,10
13.0079402924,80.2083892822,52409,52419,10
13.0077896118,80.2074127197,52419,52429,10
13.0076398849,80.20652771,52429,52439,10
13.0074596405,80.2056884766,52439,52449,10
13.0072002411,80.2050094604,52449,52460,11
13.0068998337,80.2043914795,52460,52470,10
13.0066699982,80.2039794922,52470,52480,10
13.006310463,80.2034378052,52480,52490,10
13.0059204102,80.202911377,52490,52500,10
13.0056695938,80.2024765015,52500,52510,10
13.0054101944,80.2019500732,52510,52520,10
13.0047798157,80.2014007568,52520,52530,10
13.0039196014,80.2010498047,52530,52540,10
13.0029296875,80.2007598877,52540,52550,10
13.0020198822,80.2002563477,52550,52559,9
13.0017004013,80.1996536255,52559,52571,12
13.0017595291,80.1988067627,52571,52581,10
13.0018901825,80.1979598999,52581,52591,10
13.0019102097,80.1969909668,52591,52601,10
13.0014696121,80.1961898804,52601,52611,10
13.0010499954,80.195640564,52611,52621,10
13.0004501343,80.1949081421,52621,52631,10
12.9997301102,80.1939697266,52631,52641,10
12.9989900589,80.1930465698,52641,52651,10
12.9984302521,80.1923980713,52651,52661,10
12.9979696274,80.1925430298,52661,52671,10
12.9973497391,80.1930389404,52671,52682,11
12.996919632,80.193321228,52682,52692,10
12.9967098236,80.1932373047,52692,52702,10
12.9966897964,80.1928024292,52702,52712,10
12.9965496063,80.1922302246,52712,52722,10
12.9964199066,80.1914367676,52722,52742,20
12.9964199066,80.1914367676,52742,52752,10
12.9966497421,80.1912994385,52752,52762,10
12.9968795776,80.191078186,52762,52772,10
12.9972801208,80.1913070679,52772,52782,10
12.997420311,80.1917572021,52782,53075,293
12.9971399307,80.1917037964,53075,54770,1695
12.9971399307,80.1917037964,54770,54780,10
12.9970998764,80.1916503906,54780,54790,10
12.9968996048,80.1913833618,54790,54801,11
12.996720314,80.1909332275,54801,54912,111
12.996720314,80.1909332275,54912,54922,10
12.9968299866,80.1908493042,54922,55154,232
12.9968299866,80.1908493042,55154,55164,10
12.997010231,80.1908569336,55164,55174,10
12.996509552,80.1912994385,55174,55204,30
12.996509552,80.1912994385,55204,55214,10
12.9962501526,80.1911468506,55214,55224,10
12.9961204529,80.1906661987,55224,55234,10
12.9959402084,80.1900177002,55234,55244,10
12.9958496094,80.1895294189,55244,55285,41
12.9958496094,80.1895294189,55285,55295,10
12.995880127,80.189453125,55295,55305,10
12.9960603714,80.1892623901,55305,55315,10
12.9963598251,80.1895675659,55315,55325,10
12.9968299866,80.1901016235,55325,55335,10
12.9974403381,80.1908493042,55335,55345,10
12.9981298447,80.1917419434,55345,55355,10
12.9989004135,80.1927185059,55355,55366,11
12.9997396469,80.1938018799,55366,55376,10
13.0005502701,80.1948623657,55376,55386,10
13.0013599396,80.195892334,55386,55396,10
13.0020399094,80.1970367432,55396,55406,10
13.0019197464,80.1984176636,55406,55416,10
13.0017900467,80.1995162964,55416,55426,10
13.002240181,80.2003707886,55426,55436,10
13.0036001205,80.2007675171,55436,55466,30
13.0036001205,80.2007675171,55466,55477,11
13.0039596558,80.200920105,55477,55487,10
13.0045700073,80.2011108398,55487,55497,10
13.0053396225,80.2015762329,55497,55507,10
13.0059099197,80.2024383545,55507,55517,10
13.0065097809,80.2032318115,55517,55527,10
13.0073204041,80.2036819458,55527,55537,10
13.0083503723,80.2037506104,55537,55547,10
13.0096197128,80.2036590576,55547,55557,10
13.0109500885,80.203666687,55557,55567,10
13.0122203827,80.2038497925,55567,55577,10
13.0131597519,80.2040328979,55577,55588,11
13.013879776,80.2043228149,55588,55598,10
13.0146903992,80.2046127319,55598,55608,10
13.0156602859,80.2049636841,55608,55618,10
13.0166797638,80.2052993774,55618,55628,10
13.0172796249,80.2054824829,55628,55638,10
13.0178003311,80.205657959,55638,55648,10
13.0184497833,80.2059173584,55648,55658,10
13.0192804337,80.2061691284,55658,55668,10
13.0199098587,80.2062530518,55668,55678,10
13.0201301575,80.2062530518,55678,55688,10
13.0205602646,80.2062606812,55688,55699,11
13.021490097,80.2062683105,55699,55709,10
13.0224599838,80.2063903809,55709,55719,10
13.0234203339,80.2065811157,55719,55729,10
13.0241203308,80.2066802979,55729,55739,10
13.0242004395,80.2066802979,55739,55749,10
13.024769783,80.20677948,55749,55759,10
13.0256700516,80.2070922852,55759,55769,10
13.0266103745,80.2076187134,55769,55779,10
13.0274000168,80.2080993652,55779,55789,10
13.0280799866,80.208442688,55789,55799,10
13.0286302567,80.2086105347,55799,55810,11
13.0290002823,80.208656311,55810,55820,10
13.029419899,80.2087173462,55820,55830,10
13.029999733,80.2088928223,55830,55840,10
13.0307302475,80.2091064453,55840,55850,10
13.0311803818,80.2092971802,55850,55860,10
13.0313596725,80.2093811035,55860,55870,10
13.0320196152,80.2095108032,55870,55880,10
13.0328397751,80.2096633911,55880,55890,10
13.0338897705,80.2098693848,55890,55900,10
13.0347995758,80.2100830078,55900,55910,10
13.0349702835,80.2104797363,55910,55921,11
13.0349502563,80.2110671997,55921,55931,10
13.0349397659,80.2112731934,55931,55941,10
13.034910202,80.2113571167,55941,55951,10
13.0348796844,80.2116317749,55951,55961,10
13.0348796844,80.2118988037,55961,55971,10
13.0349798203,80.212097168,55971,55981,10
13.0354604721,80.2121582031,55981,55991,10
13.0361499786,80.2121963501,55991,56001,10
13.0367698669,80.2121963501,56001,56021,20
13.0367698669,80.2121963501,56021,56032,11
13.0370702744,80.2121963501,56032,56042,10
13.0375900269,80.2122192383,56042,56052,10
13.0384502411,80.2122573853,56052,56062,10
13.0394096375,80.2122497559,56062,56072,10
13.0403604507,80.212387085,56072,56082,10
13.0414896011,80.2126235962,56082,56092,10
13.0424003601,80.2133102417,56092,56102,10
13.0440502167,80.2123718262,56102,56203,101
13.0440502167,80.2123718262,56203,56213,10
13.0442495346,80.2122192383,56213,56223,10
13.0448102951,80.2122116089,56223,56233,10
13.0456399918,80.2122116089,56233,56243,10
13.0466604233,80.2121887207,56243,56254,11
13.0477600098,80.2121429443,56254,56264,10
13.0488004684,80.2120819092,56264,56274,10
13.049489975,80.2119903564,56274,56284,10
13.0495300293,80.2119827271,56284,56294,10
13.0496397018,80.2119522095,56294,56304,10
13.0499801636,80.2119598389,56304,56314,10
13.0503501892,80.2119827271,56314,56324,10
13.0507001877,80.2119979858,56324,56334,10
13.0516796112,80.2119979858,56334,56344,10
13.0525302887,80.2118911743,56344,56354,10
13.053440094,80.2116699219,56354,56365,11
13.0544996262,80.21144104,56365,56375,10
13.055390358,80.2114181519,56375,56385,10
13.0564203262,80.2113189697,56385,56395,10
13.0577096939,80.2114181519,56395,56405,10
13.0586395264,80.211517334,56405,56415,10
13.0596103668,80.2115631104,56415,56425,10
13.0607299805,80.2115707397,56425,56435,10
13.061750412,80.2118682861,56435,56445,10
13.062379837,80.2124328613,56445,56455,10
13.0634298325,80.2117004395,56455,56465,10
13.063949585,80.2115631104,56465,56476,11
13.0648202896,80.2112731934,56476,56486,10
13.0657100677,80.2107315063,56486,56496,10
13.0664901733,80.2100524902,56496,56506,10
13.0670700073,80.2092208862,56506,56516,10
13.0673398972,80.2086715698,56516,56526,10
13.0673398972,80.208656311,56526,56536,10
13.0675201416,80.2083969116,56536,56546,10
13.0679197311,80.2078018188,56546,56556,10
13.0684700012,80.2069396973,56556,56566,10
13.0691299438,80.205909729,56566,56575,9
13.069560051,80.2051773071,56575,56587,12
13.0696201324,80.2049713135,56587,56597,10
13.0692396164,80.2049179077,56597,56607,10
13.068980217,80.205291748,56607,56617,10
13.0688400269,80.2052307129,56617,56627,10
13.0687103271,80.2049102783,56627,56657,30
13.0687103271,80.2049102783,56657,56667,10
13.0688896179,80.2047729492,56667,56677,10
13.0690803528,80.2047195435,56677,56687,10
13.0694599152,80.2047729492,56687,56698,11
13.0697603226,80.2048568726,56698,56708,10
13.0699796677,80.2046813965,56708,56718,10
13.0703802109,80.2041473389,56718,56728,10
13.0709600449,80.2034301758,56728,56738,10
13.0714597702,80.2028427124,56738,56748,10
13.0717000961,80.2025604248,56748,56758,10
13.0719499588,80.2023086548,56758,56768,10
13.0720901489,80.2021408081,56768,56778,10
13.072259903,80.2019729614,56778,56788,10
13.0724897385,80.2016677856,56788,56798,10
13.0727500916,80.2013778687,56798,56809,11
13.0730600357,80.2010269165,56809,56819,10
13.0733699799,80.2007217407,56819,56829,10
13.0737600327,80.2002563477,56829,56839,10
13.0740299225,80.1998977661,56839,56849,10
13.0741901398,80.1997375488,56849,56859,10
13.0744304657,80.1995315552,56859,56869,10
13.0749397278,80.1992111206,56869,56879,10
13.0757198334,80.1990814209,56879,56889,10
13.0767297745,80.1990280151,56889,56899,10
13.0775995255,80.198928833,56899,56908,9
13.0785303116,80.1987991333,56908,56920,12
13.079750061,80.1986923218,56920,56930,10
13.0806398392,80.1986083984,56930,56940,10
13.0812597275,80.1985778809,56940,56950,10
13.0820398331,80.1985397339,56950,56960,10
13.082570076,80.1984863281,56960,56970,10
13.0829801559,80.1985092163,56970,56980,10
13.0832395554,80.1984786987,56980,56990,10
13.083530426,80.1984634399,56990,57000,10
13.0837202072,80.1984405518,57000,57010,10
13.0839500427,80.1984405518,57010,57020,10
13.0840797424,80.1984405518,57020,57031,11
13.0843801498,80.1984405518,57031,57041,10
13.0845403671,80.1984481812,57041,57051,10
13.0845899582,80.1984481812,57051,57061,10
13.0849504471,80.1984710693,57061,57071,10
13.0851097107,80.1984710693,57071,57081,10
13.0853099823,80.1984405518,57081,57091,10
13.085729599,80.1984329224,57091,57101,10
13.0863704681,80.1984405518,57101,57111,10
13.0869197845,80.1984710693,57111,57121,10
13.0870704651,80.1982574463,57121,57131,10
13.0871200562,80.1979675293,57131,57142,11
13.0871496201,80.1977310181,57142,57152,10
13.0871801376,80.1970672607,57152,57162,10
13.0872097015,80.1961288452,57162,57172,10
13.0872297287,80.1952285767,57172,57182,10
13.0872402191,80.1942596436,57182,57192,10
13.0872602463,80.1931991577,57192,57202,10
13.0873098373,80.1925735474,57202,57212,10
13.0874004364,80.1919326782,57212,57222,10
13.0874900818,80.1912994385,57222,57232,10
13.0875597,80.1906280518,57232,57242,10
13.0876302719,80.1900405884,57242,57253,11
13.0877199173,80.1892700195,57253,57263,10
13.0876903534,80.1886062622,57263,57273,10
13.0876998901,80.1885604858,57273,57283,10
13.0877304077,80.1884613037,57283,57293,10
13.0877399445,80.1880264282,57293,57303,10
13.0877799988,80.1874237061,57303,57313,10
13.0878200531,80.1867980957,57313,57323,10
13.0878601074,80.1859512329,57323,57333,10
13.0879001617,80.1850280762,57333,57343,10
13.0879402161,80.1839828491,57343,57353,10
13.0879898071,80.1828536987,57353,57364,11
13.0880403519,80.1819000244,57364,57374,10
13.0880899429,80.1809005737,57374,57384,10
13.0881204605,80.1798782349,57384,57434,50
13.0881204605,80.1798782349,57434,57444,10
13.0881204605,80.1796798706,57444,57454,10
13.0881204605,80.1791305542,57454,57464,10
13.0881004333,80.1787033081,57464,57475,11
13.0881099701,80.1784667969,57475,57485,10
13.088139534,80.1778335571,57485,57495,10
13.0881500244,80.177116394,57495,57505,10
13.0881996155,80.176361084,57505,57515,10
13.0882701874,80.1753768921,57515,57525,10
13.0883398056,80.1745605469,57525,57535,10
13.0884304047,80.1736907959,57535,57545,10
13.0884599686,80.1728515625,57545,57555,10
13.08852005,80.1720123291,57555,57565,10
13.0886001587,80.1709671021,57565,57576,11
13.0886802673,80.1697463989,57576,57586,10
13.0890398026,80.1695327759,57586,57596,10
13.0897703171,80.169593811,57596,57606,10
13.0907201767,80.1696395874,57606,57616,10
13.0916700363,80.169708252,57616,57626,10
13.0926103592,80.1697463989,57626,57636,10
13.0934801102,80.1697998047,57636,57646,10
13.0943002701,80.1697998047,57646,57656,10
13.0946702957,80.1697998047,57656,57666,10
13.0949897766,80.1698303223,57666,57676,10
13.095459938,80.169883728,57676,57686,10
13.0962200165,80.169921875,57686,57697,11
13.0972995758,80.1700134277,57697,57707,10
13.0977602005,80.1700592041,57707,57717,10
13.0982198715,80.1700897217,57717,57727,10
13.0988702774,80.1701202393,57727,57737,10
13.0993204117,80.1701583862,57737,57747,10
13.0995798111,80.1701507568,57747,57757,10
13.0997400284,80.169960022,57757,57767,10
13.0996999741,80.1697235107,57767,57787,20
13.0996999741,80.1697235107,57787,57797,10
13.0993795395,80.1698303223,57797,57808,11
13.0993499756,80.1700592041,57808,57868,60
13.0993499756,80.1700592041,57868,57878,10
13.09897995,80.1701965332,57878,57888,10
13.0983200073,80.1701583862,57888,57898,10
13.0977497101,80.1701431274,57898,57908,10
13.0971002579,80.1700897217,57908,57919,11
13.0960903168,80.1700363159,57919,57929,10
13.0951299667,80.1699905396,57929,57939,10
13.0947399139,80.169960022,57939,57949,10
13.0943698883,80.169921875,57949,57959,10
13.0938301086,80.169921875,57959,57969,10
13.0930204391,80.1698684692,57969,57979,10
13.0919599533,80.1697998047,57979,57989,10
13.0910196304,80.1697387695,57989,57999,10
13.0899801254,80.1696624756,57999,58009,10
13.0890798569,80.1696090698,58009,58080,71
13.0890798569,80.1696090698,58080,58090,10
13.0889196396,80.169593811,58090,58100,10
13.0886802673,80.1698684692,58100,58110,10
13.0886898041,80.1701431274,58110,58120,10
13.0886697769,80.1706695557,58120,58129,9
13.0886297226,80.1713790894,58129,58141,12
13.0886001587,80.1719284058,58141,58151,10
13.0885896683,80.1719894409,58151,58161,10
13.0885295868,80.1724090576,58161,58171,10
13.0884895325,80.1731796265,58171,58181,10
13.0884599686,80.1740570068,58181,58191,10
13.0883903503,80.1749572754,58191,58201,10
13.0883703232,80.17578125,58201,58211,10
13.0883102417,80.1764831543,58211,58221,10
13.0882797241,80.1772232056,58221,58231,10
13.088259697,80.1780166626,58231,58241,10
13.0882797241,80.1785964966,58241,58252,11
13.0882701874,80.1787414551,58252,58262,10
13.0882501602,80.1790771484,58262,58272,10
13.088259697,80.1792297363,58272,58282,10
13.0882797241,80.1797027588,58282,58292,10
13.0882701874,80.1804275513,58292,58302,10
13.0881996155,80.1813583374,58302,58312,10
13.0881795883,80.1823120117,58312,58322,10
13.0881900787,80.1832809448,58322,58332,10
13.0881004333,80.1844711304,58332,58342,10
13.0879898071,80.185218811,58342,58383,41
13.0879898071,80.185218811,58383,58393,10
13.0879602432,80.1857910156,58393,58403,10
13.08796978,80.1865234375,58403,58413,10
13.0879497528,80.1874084473,58413,58423,10
13.0879096985,80.1881332397,58423,58433,10
13.0879201889,80.188911438,58433,58443,10
13.0878696442,80.1897277832,58443,58453,10
13.0878400803,80.1899719238,58453,58462,9
13.0877895355,80.1901321411,58462,58474,12
13.0876703262,80.1907501221,58474,58484,10
13.0875396729,80.1915893555,58484,58494,10
13.0874004364,80.1926269531,58494,58544,50
13.0874004364,80.1926269531,58544,58554,10
13.0873498917,80.1931610107,58554,58564,10
13.0873603821,80.193862915,58564,58574,10
13.0873403549,80.1947937012,58574,58585,11
13.0872898102,80.1958007813,58585,58595,10
13.0872602463,80.1967315674,58595,58605,10
13.0872297287,80.1976318359,58605,58615,10
13.0873498917,80.198348999,58615,58625,10
13.087679863,80.1985168457,58625,58635,10
13.0883102417,80.1984329224,58635,58645,10
13.0890102386,80.1984481812,58645,58655,10
13.0896997452,80.1985015869,58655,58665,10
13.0904903412,80.1985778809,58665,58675,10
13.0912704468,80.1986618042,58675,58685,10
13.0921297073,80.1987075806,58685,58696,11
13.0929298401,80.1987228394,58696,58706,10
13.0929899216,80.1989593506,58706,58716,10
13.0929603577,80.1994781494,58716,58726,10
13.0928897858,80.2002334595,58726,58736,10
13.0928897858,80.2004776001,58736,58746,10
13.0926198959,80.2005996704,58746,58756,10
13.092040062,80.2005996704,58756,58766,10
13.091170311,80.2005996704,58766,58776,10
13.0904598236,80.2005767822,58776,58786,10
13.089630127,80.2005462646,58786,58796,10
13.0887804031,80.2005233765,58796,58807,11
13.0878000259,80.2004776001,58807,58817,10
13.0870304108,80.2004776001,58817,58827,10
13.086230278,80.2004165649,58827,58837,10
13.0854997635,80.2003936768,58837,58847,10
13.0852603912,80.2003173828,58847,58857,10
13.0852804184,80.1998901367,58857,58867,10
13.0852899551,80.1992034912,58867,58877,10
13.0850896835,80.1987380981,58877,58887,10
13.0846004486,80.1986999512,58887,58897,10
13.0840902328,80.1986618042,58897,58907,10
13.0834903717,80.198638916,58907,58918,11
13.0832004547,80.1985931396,58918,58928,10
13.0829601288,80.1985778809,58928,58938,10
13.0825099945,80.198600769,58938,58948,10
13.0819702148,80.198638916,58948,58958,10
13.0816402435,80.1986236572,58958,58968,10
13.0810804367,80.198638916,58968,58978,10
13.0803098679,80.1986999512,58978,58988,10
13.0794200897,80.1987915039,58988,58998,10
13.0785398483,80.1988677979,58998,59008,10
13.0775203705,80.1990127563,59008,59018,10
13.0764398575,80.1991424561,59018,59029,11
13.0752296448,80.1993179321,59029,59039,10
13.0741901398,80.1999206543,59039,59049,10
13.0736904144,80.2005386353,59049,59059,10
13.0736703873,80.2005615234,59059,59069,10
13.0735397339,80.2007369995,59069,59079,10
13.0731601715,80.2012023926,59079,59089,10
13.0726099014,80.2018508911,59089,59099,10
13.0724096298,80.2021026611,59099,59109,10
13.0722904205,80.2022018433,59109,59119,10
13.0719003677,80.2025985718,59119,59130,11
13.071269989,80.2033233643,59130,59140,10
13.0705795288,80.2041015625,59140,59150,10
13.069899559,80.2050476074,59150,59200,50
13.069899559,80.2050476074,59200,59210,10
13.0696401596,80.2049179077,59210,59220,10
13.0692796707,80.2049331665,59220,59229,9
13.0690002441,80.2053222656,59229,59240,11
13.0683603287,80.2054672241,59240,59251,11
13.0679597855,80.2052536011,59251,59281,30
13.0679597855,80.2052536011,59281,59291,10
13.0680103302,80.2051086426,59291,59301,10
13.0683403015,80.2049865723,59301,59311,10
13.0688295364,80.2048110962,59311,59321,10
13.0691404343,80.204750061,59321,59330,9
13.0693998337,80.204788208,59330,59341,11
13.0697002411,80.2048721313,59341,59351,10
13.069849968,80.2051315308,59351,59362,11
13.0695400238,80.2056274414,59362,59372,10
13.0691099167,80.2063293457,59372,59382,10
13.0685796738,80.2071609497,59382,59392,10
13.0679597855,80.2081375122,59392,59402,10
13.0672798157,80.2092208862,59402,59412,10
13.0664300919,80.2102432251,59412,59422,10
13.0654401779,80.2110671997,59422,59432,10
13.0647201538,80.211517334,59432,59442,10
13.0639095306,80.2117233276,59442,59452,10
13.0634202957,80.2117919922,59452,59462,10
13.0626497269,80.2118225098,59462,59473,11
13.0621099472,80.2117614746,59473,59483,10
13.0608301163,80.2117614746,59483,59493,10
13.0592603683,80.2117233276,59493,59503,10
13.058380127,80.2117004395,59503,59513,10
13.0577201843,80.2116470337,59513,59523,10
13.0574998856,80.2116165161,59523,59533,10
13.0569095612,80.2116165161,59533,59543,10
13.0561103821,80.2115936279,59543,59553,10
13.0551395416,80.2116012573,59553,59563,10
13.054599762,80.2115783691,59563,59574,11
13.0545501709,80.2115783691,59574,59584,10
13.0543203354,80.2115783691,59584,59594,10
13.0537099838,80.2117614746,59594,59604,10
13.0529203415,80.2119903564,59604,59614,10
13.0520601273,80.2122421265,59614,59624,10
13.0512304306,80.2122497559,59624,59634,10
13.0502500534,80.2121582031,59634,59644,10
13.0495195389,80.2122192383,59644,59654,10
13.0494098663,80.2121963501,59654,59664,10
13.0490903854,80.2121887207,59664,59674,10
13.0484399796,80.2122192383,59674,59685,11
13.0475101471,80.2123336792,59685,59695,10
13.0464496613,80.2123794556,59695,59705,10
13.0453500748,80.2124328613,59705,59715,10
13.0446395874,80.2124481201,59715,59775,60
13.0446395874,80.2124481201,59775,59785,10
13.0444002151,80.2124481201,59785,59796,11
13.0437498093,80.2124328613,59796,59806,10
13.0428495407,80.2124328613,59806,59816,10
13.0417404175,80.2124328613,59816,59826,10
13.0405397415,80.2124404907,59826,59836,10
13.0392999649,80.2124328613,59836,59846,10
13.0382099152,80.2124633789,59846,59856,10
13.0375404358,80.2124481201,59856,59876,20
13.0375404358,80.2124481201,59876,59886,10
13.0373601913,80.2124099731,59886,59895,9
13.0368995667,80.2123794556,59895,59907,12
13.0359201431,80.212348938,59907,59917,10
13.035030365,80.2123031616,59917,59927,10
13.0342998505,80.2121810913,59927,59937,10
13.0340795517,80.2121429443,59937,59947,10
13.0340499878,80.2121276855,59947,59957,10
13.0337600708,80.212059021,59957,59967,10
13.033200264,80.2119064331,59967,59977,10
13.0323801041,80.2117767334,59977,59987,10
13.0319700241,80.2113494873,59987,59997,10
13.0320501328,80.2105636597,59997,60007,10
13.0320901871,80.209777832,60007,60018,11
13.0315198898,80.2095336914,60018,60028,10
13.0306997299,80.2092895508,60028,60038,10
13.0298900604,80.2090377808,60038,60048,10
13.0289297104,80.2087631226,60048,60058,10
13.0279903412,80.2084732056,60058,60068,10
13.0270595551,80.2079772949,60068,60078,10
13.0260696411,80.2073898315,60078,60088,10
13.0249996185,80.2070236206,60088,60098,10
13.0239801407,80.206817627,60098,60108,10
13.0231304169,80.2066421509,60108,60118,10
13.0222301483,80.2065429688,60118,60129,11
13.0213003159,80.2064971924,60129,60139,10
13.0201997757,80.206489563,60139,60149,10
13.019200325,80.2063827515,60149,60159,10
13.019080162,80.2063369751,60159,60169,10
13.018910408,80.2062606812,60169,60179,10
13.0183401108,80.2060394287,60179,60189,10
13.0175695419,80.2057876587,60189,60199,10
13.0170402527,80.2055511475,60199,60209,10
13.0166301727,80.2051773071,60209,60219,10
13.0160198212,80.2049789429,60219,60229,10
13.0151596069,80.2048187256,60229,60240,11
13.0142498016,80.2045135498,60240,60250,10
13.0137500763,80.2044067383,60250,60260,10
13.0135803223,80.2046508789,60260,60270,10
13.013420105,80.2052001953,60270,60280,10
13.0131597519,80.2059707642,60280,60290,10
13.013010025,80.2069702148,60290,60300,10
13.0129404068,80.2077789307,60300,60310,10
13.0128898621,80.2084732056,60310,60320,10
13.0129003525,80.2088699341,60320,60330,10
13.0130901337,80.2095336914,60330,60339,9
13.0131902695,80.2100524902,60339,60351,12
13.0129995346,80.2110366821,60351,60361,10
13.012550354,80.2119216919,60361,60371,10
13.0119800568,80.2127532959,60371,60381,10
13.0117502213,80.2128372192,60381,60391,10
13.0114202499,80.2125778198,60391,60401,10
13.0108604431,80.2121582031,60401,60411,10
13.0105400085,80.2119064331,60411,60421,10
13.0099802017,80.21144104,60421,60472,51
13.00963974,80.2112121582,60472,60492,20
13.00963974,80.2112121582,60492,60502,10
13.0094404221,80.2110366821,60502,60522,20
13.0094404221,80.2110366821,60522,60532,10
13.0091495514,80.2113494873,60532,60573,41
13.0091495514,80.2113494873,60573,60583,10
13.0090198517,80.2117004395,60583,60593,10
13.0090703964,80.2118301392,60593,60603,10
13.0091199875,80.212020874,60603,60613,10
13.0091896057,80.2122192383,60613,60623,10
13.0092401505,80.2123718262,60623,60633,10
13.0093002319,80.2125778198,60633,60643,10
13.0094203949,80.2129211426,60643,60653,10
13.0096302032,80.2134628296,60653,60663,10
13.0099201202,80.2141494751,60663,60673,10
13.0101604462,80.2149505615,60673,60684,11
13.0104198456,80.2160568237,60684,60694,10
13.0109300613,80.2171936035,60694,60704,10
13.0114603043,80.2184524536,60704,60714,10
13.0119104385,80.2197723389,60714,60724,10
13.012260437,80.2208404541,60724,60734,10
13.0125703812,80.2214813232,60734,60744,10
13.0129299164,80.2220993042,60744,60754,10
13.0135202408,80.2227478027,60754,60764,10
13.0139503479,80.2233581543,60764,60774,10
13.0142202377,80.223777771,60774,60784,10
13.0147800446,80.2243881226,60784,60795,11
13.0151796341,80.224861145,60795,60805,10
13.0152797699,80.2250213623,60805,60815,10
13.0153799057,80.2252120972,60815,60825,10
13.0154104233,80.2255630493,60825,60835,10
13.0151100159,80.2259063721,60835,60845,10
13.0149202347,80.226020813,60845,60855,10
13.0148096085,80.22605896,60855,60865,10
13.0143604279,80.2262268066,60865,60875,10
13.0135803223,80.2265167236,60875,60885,10
13.0126800537,80.2268600464,60885,60894,9
13.011879921,80.227180481,60894,60906,12
13.010720253,80.2276229858,60906,60916,10
13.0097703934,80.2279281616,60916,60926,10
13.0095996857,80.2274017334,60926,60936,10
13.0099401474,80.2266769409,60936,60946,10
13.0103397369,80.2257766724,60946,60956,10
13.0106201172,80.2251205444,60956,60966,10
13.0108203888,80.2246627808,60966,60976,10
13.0110702515,80.224029541,60976,60986,10
13.0112600327,80.2233886719,60986,60996,10
13.0110197067,80.2230682373,60996,61006,10
13.0103597641,80.2227401733,61006,61017,11
13.0094804764,80.2222213745,61017,61027,10
13.0085000992,80.2217407227,61027,61339,312
13.0085000992,80.2217407227,61339,61350,11
13.0080795288,80.221496582,61350,61360,10
13.0076599121,80.2212905884,61360,61370,10
13.0071697235,80.2210083008,61370,61380,10
13.0066604614,80.220741272,61380,61390,10
13.0059299469,80.2205200195,61390,61400,10
13.0051603317,80.2203292847,61400,61410,10
13.0046901703,80.2202377319,61410,61420,10
13.0041799545,80.2201080322,61420,61430,10
13.0034799576,80.2199630737,61430,61440,10
13.0029401779,80.2197799683,61440,61450,10
13.0023202896,80.219367981,61450,61461,11
13.0019302368,80.2189331055,61461,61471,10
13.001449585,80.21849823,61471,61481,10
13.0008497238,80.2180786133,61481,61491,10
13.000289917,80.2176971436,61491,61501,10
12.9995803833,80.2172775269,61501,61511,10
12.998840332,80.2169113159,61511,61521,10
12.9981002808,80.2165985107,61521,61531,10
12.9975204468,80.2164916992,61531,61541,10
12.9969501495,80.2165374756,61541,61551,10
12.9962902069,80.2166137695,61551,61561,10
12.9954900742,80.2168197632,61561,61572,11
12.9952096939,80.2169723511,61572,61582,10
12.995010376,80.2171020508,61582,61592,10
12.9948501587,80.2172012329,61592,61602,10
12.9944200516,80.2175216675,61602,61612,10
12.9939699173,80.2178573608,61612,61622,10
12.9934396744,80.2182312012,61622,61632,10
12.9927797318,80.2187194824,61632,61642,10
12.9919595718,80.219329834,61642,61652,10
12.9912900925,80.219543457,61652,61662,10
12.9906301498,80.2193069458,61662,61672,10
12.9897203445,80.2189865112,61672,61683,11
12.9885101318,80.2185668945,61683,61693,10
12.987569809,80.2183837891,61693,61703,10
12.9870195389,80.2182922363,61703,61713,10
12.9869403839,80.2182769775,61713,61723,10
12.9868402481,80.21824646,61723,61733,10
12.9863996506,80.2181396484,61733,61743,10
12.9855699539,80.2179870605,61743,61753,10
12.9846897125,80.2179718018,61753,61763,10
12.9840097427,80.2180099487,61763,61773,10
12.984000206,80.2180099487,61773,61783,10
12.9838399887,80.2180099487,61783,61794,11
12.9831104279,80.2179794312,61794,61804,10
12.982170105,80.2179718018,61804,61814,10
12.9811401367,80.2181625366,61814,61824,10
12.9803199768,80.2184295654,61824,61834,10
12.9798498154,80.2186279297,61834,61844,10
12.9792404175,80.2188720703,61844,61854,10
12.9786195755,80.2191314697,61854,61864,10
12.9779100418,80.2194213867,61864,61874,10
12.9769897461,80.2198181152,61874,61884,10
12.975979805,80.2202529907,61884,61894,10
12.9756097794,80.2204666138,61894,61905,11
12.975520134,80.2206192017,61905,61965,60
12.9757499695,80.2209701538,61965,62005,40
12.9760799408,80.2211380005,62005,62591,586
12.9760799408,80.2211380005,62591,62601,10
12.9762897491,80.2213287354,62601,62611,10
12.9765100479,80.2213134766,62611,62621,10
12.9770202637,80.2212905884,62621,62631,10
12.9777002335,80.2212371826,62631,62641,10
12.9781999588,80.2211685181,62641,62651,10
12.9788999557,80.2211608887,62651,62661,10
12.979640007,80.2210998535,62661,62671,10
12.9804000854,80.2210388184,62671,62682,11
12.9811897278,80.2210769653,62682,62692,10
12.9817695618,80.2213897705,62692,62702,10
12.9818000793,80.2214126587,62702,62712,10
12.9819898605,80.2215576172,62712,62722,10
12.9822702408,80.2216796875,62722,62732,10
12.982919693,80.2219009399,62732,62762,30
12.982919693,80.2219009399,62762,62772,10
12.9832000732,80.2221069336,62772,62782,10
12.983590126,80.222366333,62782,62793,11
12.9840898514,80.2226486206,62793,62803,10
12.9846496582,80.2229995728,62803,62813,10
12.9850797653,80.223197937,62813,62823,10
12.9854202271,80.2232589722,62823,62833,10
12.9857301712,80.2229995728,62833,62843,10
12.9864902496,80.2229766846,62843,62863,20
12.9864902496,80.2229766846,62863,62873,10
12.9866800308,80.2229766846,62873,62883,10
12.9870195389,80.2230300903,62883,62893,10
12.9874296188,80.2230529785,62893,62904,11
12.9880199432,80.2228393555,62904,62914,10
12.9885101318,80.2223434448,62914,62924,10
12.9891500473,80.2216796875,62924,62934,10
12.9897298813,80.2209396362,62934,62944,10
12.9905004501,80.2203216553,62944,62954,10
12.9911203384,80.2198410034,62954,62964,10
12.9915599823,80.2194900513,62964,62974,10
12.9920797348,80.2191162109,62974,62984,10
12.9927797318,80.2186508179,62984,62994,10
12.9934797287,80.218132019,62994,63003,9
12.9937496185,80.2179336548,63003,63015,12
12.9939203262,80.2178115845,63015,63025,10
12.9941101074,80.2176589966,63025,63035,10
12.9943399429,80.2174835205,63035,63045,10
12.9945802689,80.2173080444,63045,63055,10
12.9946203232,80.2172698975,63055,63065,10
12.9948701859,80.2171020508,63065,63075,10
12.9952096939,80.2168884277,63075,63085,10
12.9957399368,80.2166824341,63085,63095,10
12.9964599609,80.2165222168,63095,63105,10
12.9968595505,80.2164993286,63105,63114,9
12.9971199036,80.2164382935,63114,63126,12
12.9975204468,80.2160797119,63126,63136,10
12.9975795746,80.2160415649,63136,63146,10
12.9976902008,80.215927124,63146,63156,10
12.9979896545,80.2156829834,63156,63166,10
12.998459816,80.2152481079,63166,63176,10
12.9990301132,80.2147979736,63176,63186,10
12.9992799759,80.2146072388,63186,63196,10
12.9997196198,80.2142181396,63196,63206,10
13.0001296997,80.2138671875,63206,63216,10
13.0005102158,80.2134780884,63216,63226,10
13.0006904602,80.2133178711,63226,63237,11
13.0011301041,80.2130126953,63237,63247,10
13.0014095306,80.2127914429,63247,63257,10
13.0018997192,80.2124633789,63257,63267,10
13.0024700165,80.2121429443,63267,63277,10
13.0031299591,80.2120513916,63277,63287,10
13.0036401749,80.2119598389,63287,63297,10
13.0037002563,80.2119216919,63297,63307,10
13.0036802292,80.2116088867,63307,63317,10
13.0036401749,80.2110366821,63317,63326,9
13.003569603,80.2104263306,63326,63337,11
13.0034999847,80.2096099854,63337,63348,11
13.0036802292,80.2087783813,63348,63358,10
13.0043001175,80.2087478638,63358,63368,10
13.0051698685,80.2091522217,63368,63378,10
13.0059604645,80.2094726563,63378,63388,10
13.006360054,80.2095794678,63388,63398,10
13.0066900253,80.2096862793,63398,63408,10
13.0073795319,80.209777832,63408,63428,20
13.0073795319,80.209777832,63428,63438,10
13.0077104568,80.2098770142,63438,63449,11
13.0080404282,80.2099609375,63449,63459,10
13.0081701279,80.2097702026,63459,63469,10
13.0080299377,80.2091903687,63469,63479,10
13.0079097748,80.2084274292,63479,63489,10
13.0077800751,80.2074890137,63489,63499,10
13.0076198578,80.2066192627,63499,63509,10
13.0074796677,80.2056884766,63509,63519,10
13.0074796677,80.2048873901,63519,63529,10
13.0074701309,80.2041931152,63529,63539,10
13.007399559,80.2034912109,63539,63549,10
13.0071601868,80.2026519775,63549,63560,11
13.0065402985,80.2028274536,63560,63570,10
13.0068597794,80.2034072876,63570,63580,10
13.007610321,80.2036819458,63580,63590,10
13.0085496902,80.2037200928,63590,63600,10
13.0097198486,80.2036437988,63600,63610,10
13.0109300613,80.2036514282,63610,63620,10
13.012260437,80.2038421631,63620,63630,10
13.0133495331,80.2040863037,63630,63640,10
13.0140399933,80.2043609619,63640,63650,10
13.0149002075,80.2046813965,63650,63659,9
13.0157403946,80.2049865723,63659,63671,12
13.016409874,80.2051010132,63671,63681,10
13.0166196823,80.2050704956,63681,63691,10
13.0169095993,80.2052536011,63691,63701,10
13.0172796249,80.2054595947,63701,63711,10
13.017539978,80.2055587769,63711,63721,10
13.0179700851,80.2056884766,63721,63731,10
13.0185604095,80.2059020996,63731,63741,10
13.018699646,80.205947876,63741,63751,10
13.0187997818,80.2059631348,63751,63761,10
13.0191802979,80.2061004639,63761,63771,10
13.0198497772,80.2062225342,63771,63782,11
13.0208101273,80.2062606812,63782,63792,10
13.0216503143,80.2062988281,63792,63802,10
13.0219802856,80.2062606812,63802,63812,10
13.0227499008,80.206489563,63812,63822,10
13.023639679,80.2065963745,63822,63832,10
13.0242795944,80.206703186,63832,63842,10
13.0243396759,80.206703186,63842,63852,10
13.0245800018,80.206741333,63852,63862,10
13.025270462,80.2069091797,63862,63872,10
13.0261096954,80.2073135376,63872,63882,10
13.0269498825,80.2078170776,63882,63893,11
13.0279598236,80.2083969116,63893,63903,10
13.0289201736,80.2086791992,63903,63913,10
13.0298404694,80.2088928223,63913,63933,20
13.0298404694,80.2088928223,63933,63943,10
13.0302095413,80.2089309692,63943,63953,10
13.0307197571,80.2090682983,63953,63963,10
13.031539917,80.2092819214,63963,63983,20
13.031539917,80.2092819214,63983,63993,10
13.031920433,80.2093505859,63993,64004,11
13.0326900482,80.2095413208,64004,64014,10
13.0335102081,80.2097320557,64014,64024,10
13.0344295502,80.2099380493,64024,64034,10
13.0349798203,80.2101287842,64034,64044,10
13.0350103378,80.2105102539,64044,64054,10
13.0349798203,80.2109832764,64054,64064,10
13.0349903107,80.2113418579,64064,64074,10
13.0349903107,80.2113800049,64074,64084,10
13.0349397659,80.211517334,64084,64094,10
13.0348997116,80.2119674683,64094,64125,31
13.0348997116,80.2119674683,64125,64135,10
13.0350103378,80.2122268677,64135,64145,10
13.035490036,80.2122497559,64145,64155,10
13.0362300873,80.2122268677,64155,64165,10
13.0369100571,80.2122268677,64165,64175,10
13.0373401642,80.2122497559,64175,64185,10
13.0380296707,80.2122573853,64185,64195,10
13.0388803482,80.2122497559,64195,64205,10
13.0397596359,80.2122192383,64205,64215,10
13.0409097672,80.2122802734,64215,64226,11
13.0423202515,80.2122879028,64226,64236,10
13.0437002182,80.2122421265,64236,64316,80
13.0437002182,80.2122421265,64316,64326,10
13.044210434,80.2121582031,64326,64337,11
13.0447702408,80.2121582031,64337,64347,10
13.0454397202,80.2121124268,64347,64357,10
13.0464200974,80.2121429443,64357,64367,10
13.0474395752,80.212097168,64367,64377,10
13.0483903885,80.2119979858,64377,64407,30
13.0483903885,80.2119979858,64407,64417,10
13.0487003326,80.2119827271,64417,64427,10
13.0491199493,80.2119369507,64427,64437,10
13.0491600037,80.2119369507,64437,64448,11
13.0494804382,80.2119598389,64448,64458,10
13.0498895645,80.2119216919,64458,64468,10
13.0500898361,80.2118988037,64468,64478,10
13.0502996445,80.2119064331,64478,64488,10
13.0507001877,80.2119369507,64488,64498,10
13.0514497757,80.2119522095,64498,64508,10
13.0524196625,80.2118682861,64508,64518,10
13.0533103943,80.2116622925,64518,64528,10
13.0541000366,80.21144104,64528,64538,10
13.0542097092,80.2114334106,64538,64548,10
13.0544595718,80.2113800049,64548,64559,11
13.0549602509,80.2113571167,64559,64569,10
13.0557498932,80.21144104,64569,64579,10
13.0566396713,80.2113876343,64579,64589,10
13.0574502945,80.2113571167,64589,64599,10
13.0574598312,80.2113418579,64599,64609,10
13.057559967,80.2113037109,64609,64619,10
13.0580596924,80.2113113403,64619,64629,10
13.0585098267,80.2113418579,64629,64639,10
13.0590496063,80.2113723755,64639,64649,10
13.0598096848,80.21144104,64649,64659,10
13.0607204437,80.2115020752,64659,64670,11
13.0618095398,80.2115478516,64670,64680,10
13.0627698898,80.2115707397,64680,64690,10
13.0633201599,80.2115020752,64690,64700,10
13.0635204315,80.211517334,64700,64720,20
13.0635204315,80.211517334,64720,64730,10
13.0637397766,80.211479187,64730,64740,10
13.064330101,80.2113876343,64740,64750,10
13.0650100708,80.2110290527,64750,64759,9
13.065580368,80.2105712891,64759,64771,12
13.0668001175,80.2097320557,64771,64781,10
13.0674104691,80.2087173462,64781,64800,19
13.0674104691,80.2087173462,64800,64811,11
13.0676403046,80.2083892822,64811,64821,10
13.0679998398,80.2077713013,64821,64831,10
13.0684995651,80.2070007324,64831,64841,10
13.0690698624,80.2061080933,64841,64851,10
13.0695295334,80.2053375244,64851,64861,10
13.0696001053,80.2048797607,64861,64871,10
13.0692100525,80.2049179077,64871,64881,10
13.0690202713,80.2052383423,64881,64892,11
13.0687398911,80.2050704956,64892,64932,40
13.0687398911,80.2050704956,64932,64942,10
13.0687398911,80.2048416138,64942,64952,10
13.0689897537,80.2047195435,64952,64962,10
13.0693397522,80.204750061,64962,64972,10
13.0695695877,80.2047805786,64972,64982,10
13.0696897507,80.2048187256,64982,64993,11
13.0700397491,80.2046890259,64993,65003,10
13.0704498291,80.2041625977,65003,65013,10
13.0710296631,80.2034683228,65013,65023,10
13.0715904236,80.2027435303,65023,65033,10
13.0718297958,80.2024078369,65033,65073,40
13.0718297958,80.2024078369,65073,65083,10
13.072019577,80.2021789551,65083,65093,10
13.0722198486,80.202003479,65093,65104,11
13.0725803375,80.2016220093,65104,65114,10
13.0730104446,80.2011184692,65114,65124,10
13.0732803345,80.2007827759,65124,65134,10
13.0736303329,80.2004013062,65134,65144,10
13.0743598938,80.1995697021,65144,65184,40
13.0743598938,80.1995697021,65184,65194,10
13.0746498108,80.1993331909,65194,65204,10
13.0752096176,80.1991195679,65204,65215,11
13.076089859,80.1990890503,65215,65225,10
13.0769901276,80.1990280151,65225,65235,10
13.0778799057,80.1989212036,65235,65245,10
13.0788898468,80.1987991333,65245,65255,10
13.0796804428,80.1987304688,65255,65265,10
13.0805101395,80.1986618042,65265,65275,10
13.0812301636,80.1986083984,65275,65285,10
13.0819196701,80.1985702515,65285,65295,10
13.0821304321,80.1985321045,65295,65305,10
13.0822896957,80.1984863281,65305,65315,10
13.0824899673,80.1985015869,65315,65326,11
13.0827598572,80.1985015869,65326,65336,10
13.0829296112,80.1985092163,65336,65346,10
13.0830402374,80.1985092163,65346,65356,10
13.0833101273,80.1984786987,65356,65386,30
13.0833101273,80.1984786987,65386,65396,10
13.0837497711,80.1984710693,65396,65437,41
13.0837497711,80.1984710693,65437,65447,10
13.0840702057,80.1984786987,65447,65457,10
13.0843000412,80.1984786987,65457,65467,10
13.0845403671,80.1984634399,65467,65477,10
13.0847396851,80.1984481812,65477,65487,10
13.0849599838,80.1984481812,65487,65497,10
13.0851297379,80.1984405518,65497,65507,10
13.0853204727,80.1984634399,65507,65517,10
13.0855398178,80.1984481812,65517,65527,10
13.0860204697,80.1984176636,65527,65537,10
13.0865402222,80.1984176636,65537,65548,11
13.0869398117,80.1983718872,65548,65558,10
13.0870199203,80.1981124878,65558,65568,10
13.0870800018,80.1979293823,65568,65578,10
13.0871095657,80.1978378296,65578,65588,10
13.0871496201,80.1974029541,65588,65598,10
13.0871896744,80.1966400146,65598,65608,10
13.087220192,80.1957473755,65608,65618,10
13.0872402191,80.1948776245,65618,65628,10
13.087269783,80.1938934326,65628,65638,10
13.0872497559,80.193107605,65638,65659,21
13.0872497559,80.193107605,65659,65669,10
13.0872898102,80.1929321289,65669,65679,10
13.0873403549,80.1925811768,65679,65689,10
13.0874300003,80.1919631958,65689,65699,10
13.0875301361,80.1911697388,65699,65709,10
13.0876502991,80.1901931763,65709,65719,10
13.0877199173,80.188949585,65719,65739,20
13.0877199173,80.188949585,65739,65749,10
13.0877199173,80.1884002686,65749,65770,21
13.0877199173,80.1884002686,65770,65780,10
13.0877399445,80.1882705688,65780,65790,10
13.0877799988,80.1878814697,65790,65800,10
13.0878295898,80.1871795654,65800,65810,10
13.0878896713,80.1863021851,65810,65820,10
13.0879402161,80.185333252,65820,65830,10
13.08796978,80.1842803955,65830,65840,10
13.0880203247,80.1831588745,65840,65850,10
13.0880403519,80.1822967529,65850,65860,10
13.0880899429,80.1815490723,65860,65870,10
13.0881099701,80.1806793213,65870,65881,11
13.0881204605,80.1800384521,65881,65911,30
13.0881204605,80.1800384521,65911,65921,10
13.0881004333,80.1796798706,65921,65931,10
13.0881004333,80.1792984009,65931,65941,10
13.0881099701,80.1788864136,65941,65951,10
13.0881204605,80.178817749,65951,65961,10
13.0881500244,80.1783676147,65961,65971,10
13.0881595612,80.1776123047,65971,65981,10
13.0881795883,80.1770782471,65981,65992,11
13.0882196426,80.1762619019,65992,66002,10
13.0882997513,80.1753082275,66002,66012,10
13.0883703232,80.1744918823,66012,66022,10
13.0884399414,80.1735916138,66022,66032,10
13.0884895325,80.1727828979,66032,66042,10
13.08852005,80.1722106934,66042,66052,10
13.0885095596,80.1720275879,66052,66062,10
13.08852005,80.1720199585,66062,66072,10
13.088549614,80.1716079712,66072,66082,10
13.0886001587,80.1708984375,66082,66092,10
13.088640213,80.1698684692,66092,66203,111
13.088640213,80.1698684692,66203,66214,11
13.0887002945,80.1696090698,66214,66224,10
13.0891199112,80.1695785522,66224,66234,10
13.0898103714,80.1696166992,66234,66244,10
13.0907297134,80.1696929932,66244,66254,10
13.0917396545,80.1697387695,66254,66264,10
13.0927095413,80.1697921753,66264,66274,10
13.0936803818,80.1698379517,66274,66284,10
13.0945100784,80.1698379517,66284,66294,10
13.0948095322,80.1698532104,66294,66304,10
13.0951404572,80.1699066162,66304,66314,10
13.0957803726,80.1699523926,66314,66325,11
13.0967502594,80.1699829102,66325,66335,10
13.0976600647,80.1700592041,66335,66345,10
13.0984401703,80.1700973511,66345,66355,10
13.0992002487,80.1701583862,66355,66365,10
13.0996799469,80.1698532104,66365,66436,71
13.0994195938,80.1697769165,66436,66577,141
13.0993204117,80.1701278687,66577,66819,242
13.0993204117,80.1701278687,66819,66829,10
13.0991401672,80.1702804565,66829,66839,10
13.0987100601,80.1702423096,66839,66849,10
13.0980300903,80.1701889038,66849,66859,10
13.0971498489,80.1701278687,66859,66870,11
13.0959701538,80.1700668335,66870,66880,10
13.095000267,80.1700210571,66880,66890,10
13.0947999954,80.1700134277,66890,66900,10
13.0944795609,80.1699676514,66900,66910,10
13.094039917,80.1699295044,66910,66920,10
13.0934696198,80.1698913574,66920,66930,10
13.09278965,80.1698379517,66930,66940,10
13.0918397903,80.1697998047,66940,66950,10
13.0909900665,80.1697387695,66950,66960,10
13.0901098251,80.1696929932,66960,66970,10
13.0894899368,80.169670105,66970,66981,11
13.0894498825,80.169670105,66981,66991,10
13.0894002914,80.169708252,66991,67001,10
13.0889997482,80.1696624756,67001,67011,10
13.0887203217,80.1697463989,67011,67021,10
13.0886697769,80.1702423096,67021,67031,10
13.0886201859,80.1709136963,67031,67041,10
13.0885801315,80.1716384888,67041,67051,10
13.0885295868,80.1721801758,67051,67061,10
13.088549614,80.1724624634,67061,67071,10
13.08852005,80.1731567383,67071,67081,10
13.088470459,80.1739425659,67081,67092,11
13.0884599686,80.1742935181,67092,67102,10
13.0884504318,80.1744003296,67102,67112,10
13.0884304047,80.1747207642,67112,67122,10
13.0884103775,80.1750183105,67122,67132,10
13.0883598328,80.1756820679,67132,67142,10
13.0882997513,80.1764984131,67142,67152,10
13.088259697,80.1769332886,67152,67162,10
13.088259697,80.1772994995,67162,67172,10
13.0882501602,80.1780090332,67172,67182,10
13.0882501602,80.1787490845,67182,67192,10
13.088259697,80.1788024902,67192,67203,11
13.0882797241,80.1792602539,67203,67243,40
13.0882797241,80.1792602539,67243,67253,10
13.0882301331,80.1796798706,67253,67263,10
13.0881900787,80.1803588867,67263,67273,10
13.0881700516,80.1811676025,67273,67283,10
13.0881299973,80.1820297241,67283,67293,10
13.0881004333,80.1828765869,67293,67303,10
13.088060379,80.1839370728,67303,67314,11
13.0879898071,80.1849594116,67314,67324,10
13.0879602432,80.1856689453,67324,67334,10
13.0879297256,80.1865310669,67334,67344,10
13.0879096985,80.1873092651,67344,67354,10
13.0879297256,80.1878509521,67354,67374,20
13.0879297256,80.1878509521,67374,67384,10
13.0879001617,80.1880493164,67384,67394,10
13.0879001617,80.1884078979,67394,67404,10
13.0878601074,80.1889266968,67404,67414,10
13.0878295898,80.1898422241,67414,67495,81
13.0878295898,80.1898422241,67495,67505,10
13.0877504349,80.190322876,67505,67515,10
13.0877199173,80.1905670166,67515,67524,9
13.0876598358,80.1909637451,67524,67536,12
13.0875597,80.1915969849,67536,67546,10
13.0874795914,80.1921920776,67546,67556,10
13.087439537,80.1927566528,67556,67626,70
13.087439537,80.1927566528,67626,67636,10
13.0873804092,80.1929473877,67636,67647,11
13.0873498917,80.1934432983,67647,67657,10
13.0873298645,80.194190979,67657,67667,10
13.0873003006,80.19506073,67667,67677,10
13.0872802734,80.195892334,67677,67687,10
13.0872402191,80.1969299316,67687,67697,10
13.0872402191,80.1977996826,67697,67707,10
13.087220192,80.1978683472,67707,67717,10
13.0872602463,80.1982879639,67717,67727,10
13.0874996185,80.1985473633,67727,67737,10
13.088060379,80.1985397339,67737,67747,10
13.0886602402,80.1985168457,67747,67758,11
13.089220047,80.1985473633,67758,67768,10
13.0897397995,80.1985626221,67768,67778,10
13.0902204514,80.1986083984,67778,67788,10
13.0908899307,80.1986465454,67788,67798,10
13.091509819,80.1987075806,67798,67808,10
13.0922899246,80.1987228394,67808,67818,10
13.0928201675,80.1987304688,67818,67828,10
13.0929498672,80.1988601685,67828,67838,10
13.0929403305,80.199256897,67838,67848,10
13.0929203033,80.1998596191,67848,67858,10
13.0929002762,80.2002868652,67858,67869,11
13.092880249,80.2005081177,67869,67879,10
13.0926504135,80.2005767822,67879,67889,10
13.0921297073,80.2005462646,67889,67899,10
13.0913896561,80.200592041,67899,67909,10
13.0906400681,80.2005691528,67909,67919,10
13.0898303986,80.2005233765,67919,67929,10
13.0890798569,80.2004470825,67929,67939,10
13.0884599686,80.2004470825,67939,67949,10
13.0880899429,80.2004928589,67949,67959,10
13.0878200531,80.2004928589,67959,67970,11
13.0876502991,80.2004928589,67970,67980,10
13.0871696472,80.2004776001,67980,68000,20
13.0871696472,80.2004776001,68000,68010,10
13.0869903564,80.2004776001,68010,68020,10
13.0866699219,80.2004623413,68020,68030,10
13.0863800049,80.2004699707,68030,68060,30
13.0863800049,80.2004699707,68060,68070,10
13.0858602524,80.2004470825,68070,68101,31
13.0858602524,80.2004470825,68101,68111,10
13.0855197906,80.2004318237,68111,68121,10
13.0853004456,80.2003631592,68121,68131,10
13.0852804184,80.2001037598,68131,68141,10
13.0852899551,80.1995773315,68141,68151,10
13.0852899551,80.1989212036,68151,68161,10
13.085100174,80.1987991333,68161,68171,10
13.0843000412,80.1987609863,68171,68192,21
13.0843000412,80.1987609863,68192,68202,10
13.0840301514,80.1987304688,68202,68212,10
13.0836601257,80.1987380981,68212,68222,10
13.08314991,80.1987533569,68222,68292,70
13.08314991,80.1987533569,68292,68303,11
13.0827102661,80.1987228394,68303,68313,10
13.0821695328,80.1987380981,68313,68323,10
13.0817804337,80.1987380981,68323,68333,10
13.0812397003,80.1987304688,68333,68343,10
13.0806303024,80.1987533569,68343,68353,10
13.0799503326,80.1988220215,68353,68363,10
13.0791597366,80.1989135742,68363,68373,10
13.0782299042,80.1990127563,68373,68383,10
13.0771799088,80.1991119385,68383,68393,10
13.0761804581,80.1992111206,68393,68403,10
13.0752000809,80.1994018555,68403,68414,11
13.0743503571,80.1998291016,68414,68424,10
13.0737695694,80.2004013062,68424,68434,10
13.0735998154,80.2006378174,68434,68444,10
13.0735702515,80.2006988525,68444,68454,10
13.0732698441,80.2010421753,68454,68464,10
13.0728702545,80.2014694214,68464,68474,10
13.0726804733,80.2016677856,68474,68484,10
13.0726203918,80.2017669678,68484,68494,10
13.0725297928,80.2018890381,68494,68504,10
13.0724201202,80.202041626,68504,68514,10
13.0720996857,80.2023391724,68514,68525,11
13.0715398788,80.2029266357,68525,68535,10
13.0709400177,80.2036590576,68535,68545,10
13.0702800751,80.204460144,68545,68555,10
13.0699901581,80.2049179077,68555,68565,10
13.0699596405,80.2049636841,68565,68575,10
13.0698003769,80.205078125,68575,68585,10
13.0695199966,80.2049331665,68585,68595,10
13.0691204071,80.2051086426,68595,68605,10
13.0687303543,80.2054824829,68605,68615,10
13.0681600571,80.2055130005,68615,68625,10
13.0680303574,80.2054672241,68625,68636,11
13.0679597855,80.2052078247,68636,68666,30
13.0679597855,80.2052078247,68666,68676,10
13.0679597855,80.2051010132,68676,68686,10
13.0681600571,80.2050094604,68686,68696,10
13.0683603287,80.2049789429,68696,68706,10
13.0687904358,80.204826355,68706,68716,10
13.0693101883,80.2048110962,68716,68726,10
13.0697097778,80.2049407959,68726,68757,31
13.0697097778,80.2049407959,68757,68767,10
13.069849968,80.2051391602,68767,68777,10
13.0696802139,80.2054595947,68777,68787,10
13.0692901611,80.2060317993,68787,68797,10
13.0687999725,80.2067871094,68797,68807,10
13.0682401657,80.2077026367,68807,68817,10
13.0677604675,80.2085266113,68817,68827,10
13.0672702789,80.2092285156,68827,68837,10
13.0667104721,80.2098770142,68837,68847,10
13.0660200119,80.2104568481,68847,68858,11
13.0654201508,80.2109909058,68858,68868,10
13.0650997162,80.2112731934,68868,68878,10
13.065030098,80.2113571167,68878,68888,10
13.0645399094,80.2115783691,68888,68898,10
13.0638198853,80.2117614746,68898,68908,10
13.0633802414,80.2117919922,68908,68918,10
13.0627498627,80.2117767334,68918,68928,10
13.0621995926,80.2117767334,68928,68938,10
13.061340332,80.2116775513,68938,68948,10
13.0604200363,80.2117385864,68948,68959,11
13.0594501495,80.2117004395,68959,68969,10
13.0588703156,80.2117004395,68969,68979,10
13.0587997437,80.2117080688,68979,68989,10
13.0586299896,80.2116775513,68989,68999,10
13.0582704544,80.2116699219,68999,69009,10
13.0577402115,80.2116775513,69009,69019,10
13.0575895309,80.2116928101,69019,69029,10
13.0571098328,80.2116699219,69029,69039,10
13.0563402176,80.2116622925,69039,69049,10
13.0553998947,80.2116317749,69049,69059,10
13.0546998978,80.2116317749,69059,69070,11
13.0539703369,80.2117004395,69070,69080,10
13.0530900955,80.2118988037,69080,69090,10
13.0523300171,80.2121276855,69090,69100,10
13.051659584,80.2122573853,69100,69110,10
13.051030159,80.2122421265,69110,69120,10
13.050450325,80.212310791,69120,69181,61
13.050450325,80.212310791,69181,69191,10
13.0501203537,80.2122116089,69191,69201,10
13.0500001907,80.2122116089,69201,69211,10
13.0497303009,80.2121810913,69211,69221,10
13.0494804382,80.2122192383,69221,69231,10
13.0494003296,80.2122268677,69231,69241,10
13.0493001938,80.2122421265,69241,69251,10
13.0491399765,80.2122192383,69251,69261,10
13.0489902496,80.2122268677,69261,69271,10
13.0486297607,80.2122421265,69271,69281,10
13.0482702255,80.212272644,69281,69292,11
13.0477199554,80.2122879028,69292,69302,10
13.0469903946,80.2123565674,69302,69312,10
13.0460596085,80.2124023438,69312,69322,10
13.0452003479,80.2125015259,69322,69403,81
13.0452003479,80.2125015259,69403,69413,10
13.0450201035,80.2124710083,69413,69423,10
13.0447397232,80.2124786377,69423,69433,10
13.0442399979,80.2124481201,69433,69443,10
13.0435400009,80.2124481201,69443,69453,10
13.0426397324,80.2123718262,69453,69463,10
13.0417003632,80.212348938,69463,69473,10
13.0406599045,80.2124710083,69473,69483,10
13.0396299362,80.2124481201,69483,69493,10
13.0388402939,80.2124633789,69493,69503,10
13.0378799438,80.2125015259,69503,69534,31
13.0378799438,80.2125015259,69534,69544,10
13.037560463,80.2125091553,69544,69554,10
13.0369997025,80.2124786377,69554,69564,10
13.0363101959,80.2124023438,69564,69574,10
13.0355300903,80.2123718262,69574,69584,10
13.0349903107,80.212348938,69584,69594,10
13.0346097946,80.212310791,69594,69604,10
13.0339698792,80.2122116089,69604,69625,21
13.0339698792,80.2122116089,69625,69635,10
13.0337600708,80.2121505737,69635,69645,10
13.0333595276,80.2120513916,69645,69655,10
13.0326404572,80.2119903564,69655,69665,10
13.0319404602,80.2117996216,69665,69675,10
13.0319299698,80.2112197876,69675,69685,10
13.0320196152,80.2103881836,69685,69695,10
13.0320301056,80.2097625732,69695,69705,10
13.0315504074,80.2096099854,69705,69715,10
13.0307998657,80.2093887329,69715,69725,10
13.0305595398,80.2093276978,69725,69736,11
13.0302696228,80.2092590332,69736,69746,10
13.0298995972,80.2091293335,69746,69756,10
13.0295000076,80.2090072632,69756,69766,10
13.0294799805,80.2089920044,69766,69776,10
13.0291700363,80.2089004517,69776,69786,10
13.0285701752,80.208732605,69786,69796,10
13.0278396606,80.2084884644,69796,69806,10
13.0270996094,80.2080917358,69806,69816,10
13.0262403488,80.2075881958,69816,69826,10
13.0253295898,80.2071685791,69826,69836,10
13.0244398117,80.2070465088,69836,69847,11
13.0237102509,80.2068634033,69847,69857,10
13.0229101181,80.2066802979,69857,69867,10
13.0219802856,80.2065582275,69867,69877,10
13.0215997696,80.2065200806,69877,69887,10
13.0209302902,80.2065200806,69887,69897,10
13.0200395584,80.206489563,69897,69907,10
13.0191802979,80.2064285278,69907,69917,10
13.0189695358,80.2063674927,69917,69927,10
13.0188598633,80.2063293457,69927,69937,10
13.0184402466,80.2061920166,69937,69948,11
13.0177402496,80.2059326172,69948,69958,10
13.0173397064,80.2057876587,69958,69968,10
13.0168399811,80.205619812,69968,69978,10
13.0163803101,80.2053527832,69978,69988,10
13.0157804489,80.2051467896,69988,69998,10
13.0150995255,80.2049179077,69998,70008,10
13.0145301819,80.2047576904,70008,70018,10
13.0139102936,80.2045516968,70018,70048,30
13.0139102936,80.2045516968,70048,70059,11
13.0136299133,80.2044906616,70059,70069,10
13.0135002136,80.2047271729,70069,70079,10
13.0134000778,80.2050704956,70079,70089,10
13.0132102966,80.2057113647,70089,70099,10
13.0130300522,80.2065124512,70099,70109,10
13.0129699707,80.2072906494,70109,70119,10
13.0129098892,80.2077102661,70119,70129,10
13.0128698349,80.2080078125,70129,70138,9
13.0128803253,80.208442688,70138,70149,11
13.0129003525,80.208770752,70149,70159,10
13.012960434,80.2092895508,70159,70170,11
13.0132102966,80.2097473145,70170,70180,10
13.0131702423,80.2102432251,70180,70190,10
13.0130300522,80.2108764648,70190,70200,10
13.0127601624,80.2114868164,70200,70210,10
13.0123996735,80.2120819092,70210,70220,10
13.012049675,80.2126464844,70220,70230,10
13.0118503571,80.2128829956,70230,70240,10
13.0115499496,80.2127380371,70240,70250,10
13.0111398697,80.2124404907,70250,70260,10
13.0107498169,80.2121734619,70260,70270,10
13.0105495453,80.212020874,70270,70281,11
13.0103302002,80.2118530273,70281,70291,10
13.0098400116,80.2114486694,70291,70341,50
13.0095300674,80.211227417,70341,70432,91
13.0095300674,80.211227417,70432,70442,10
13.0091695786,80.2113265991,70442,70452,10
13.0090503693,80.211517334,70452,70462,10
13.0090398788,80.2118835449,70462,70472,10
13.0092096329,80.2124404907,70472,70482,10
13.0094099045,80.2130584717,70482,70492,10
13.00963974,80.2136535645,70492,70503,11
13.0099096298,80.2143096924,70503,70513,10
13.0101099014,80.2149887085,70513,70523,10
13.0102596283,80.2158737183,70523,70533,10
13.0106801987,80.2168197632,70533,70543,10
13.0111198425,80.2177429199,70543,70553,10
13.0114603043,80.2186965942,70553,70563,10
13.0118198395,80.219833374,70563,70573,10
13.012169838,80.2209014893,70573,70583,10
13.0123300552,80.2215194702,70583,70593,10
13.0126199722,80.222038269,70593,70603,10
13.013130188,80.2226104736,70603,70614,11
13.0137500763,80.2232589722,70614,70624,10
13.0142698288,80.2238616943,70624,70634,10
13.0147695541,80.2244262695,70634,70644,10
13.0150403976,80.2247009277,70644,70654,10
13.015130043,80.2248382568,70654,70664,10
13.0152597427,80.2249984741,70664,70674,10
13.0152702332,80.2250366211,70674,70684,10
13.0153799057,80.2252807617,70684,70694,10
13.0153903961,80.2255630493,70694,70725,31
13.0153903961,80.2255630493,70725,70735,10
13.0152997971,80.2258834839,70735,70745,10
13.0150499344,80.2259902954,70745,70755,10
13.0147600174,80.2260894775,70755,70765,10
13.0144100189,80.2261962891,70765,70775,10
13.0138196945,80.2264404297,70775,70785,10
13.0130195618,80.2267379761,70785,70795,10
13.012260437,80.2270507813,70795,70805,10
13.0115299225,80.2273406982,70805,70815,10
13.0106801987,80.2276535034,70815,70826,11
13.0097999573,80.2279586792,70826,70836,10
13.0094900131,80.2277297974,70836,70846,10
13.0095796585,80.2274093628,70846,70856,10
13.0098199844,80.2268600464,70856,70866,10
13.0100898743,80.2262573242,70866,70876,10
13.0102701187,80.2258300781,70876,70896,20
13.0102701187,80.2258300781,70896,70906,10
13.0103702545,80.2256317139,70906,70916,10
13.0104703903,80.2253570557,70916,70925,9
13.0105199814,80.2252426147,70925,70937,12
13.0105695724,80.225151062,70937,70947,10
13.010720253,80.2248077393,70947,70957,10
13.0109596252,80.2242126465,70957,70967,10
13.0111398697,80.2236404419,70967,70977,10
13.0111999512,80.2233963013,70977,70987,10
13.0111103058,80.2231521606,70987,70997,10
13.0106296539,80.22290802,70997,71007,10
13.0099496841,80.2225723267,71007,71017,10
13.0091695786,80.22215271,71017,71027,10
13.008310318,80.2217102051,71027,71037,10
13.0073604584,80.2211990356,71037,71048,11
13.006480217,80.2207794189,71048,71058,10
13.0054798126,80.2205200195,71058,71068,10
13.004650116,80.2203216553,71068,71078,10
13.0037603378,80.2200927734,71078,71088,10
13.0027704239,80.2197875977,71088,71098,10
13.0020904541,80.2192382813,71098,71108,10
13.0015602112,80.2187194824,71108,71118,10
13.0010900497,80.2183609009,71118,71127,9
13.0008001328,80.2181777954,71127,71138,11
13.0004501343,80.2179336548,71138,71148,10
12.9999399185,80.2176513672,71148,71159,11
12.9993095398,80.2172698975,71159,71169,10
12.9989700317,80.2171020508,71169,71179,10
12.9988298416,80.2170181274,71179,71189,10
12.9986095428,80.2169189453,71189,71199,10
12.9984197617,80.2168273926,71199,71239,40
12.9984197617,80.2168273926,71239,71249,10
12.9980802536,80.2166976929,71249,71258,9
12.9979095459,80.2166366577,71258,71270,12
12.9976797104,80.2166137695,71270,71290,20
12.9974298477,80.2165908813,71290,71320,30
12.9974298477,80.2165908813,71320,71330,10
12.9972200394,80.2165908813,71330,71340,10
12.9970197678,80.2165985107,71340,71350,10
12.9968004227,80.2166213989,71350,71360,10
12.9967002869,80.2166137695,71360,71370,10
12.9965496063,80.2166290283,71370,71381,11
12.9960803986,80.2167129517,71381,71401,20
12.9960803986,80.2167129517,71401,71411,10
12.9955997467,80.2168273926,71411,71421,10
12.9953699112,80.2169189453,71421,71431,10
12.9952297211,80.2169799805,71431,71441,10
12.9950399399,80.2171020508,71441,71451,10
12.994799614,80.2172470093,71451,71461,10
12.9945001602,80.2174682617,71461,71471,10
12.9940500259,80.2178115845,71471,71481,10
12.9936103821,80.2181777954,71481,71492,11
12.9930095673,80.2186737061,71492,71502,10
12.9923200607,80.2191772461,71502,71512,10
12.991809845,80.2195205688,71512,71522,10
12.9915399551,80.2196731567,71522,71532,10
12.9911499023,80.2195892334,71532,71542,10
12.9909296036,80.2195129395,71542,71552,10
12.9906597137,80.2193832397,71552,71562,10
12.9900598526,80.2191696167,71562,71572,10
12.9892597198,80.2188796997,71572,71582,10
12.9883203506,80.2185592651,71582,71591,9
12.9875497818,80.218421936,71591,71603,12
12.986869812,80.2183227539,71603,71613,10
12.9868602753,80.2183227539,71613,71623,10
12.9866104126,80.21824646,71623,71633,10
12.9861001968,80.218132019,71633,71643,10
12.9853401184,80.2180099487,71643,71653,10
12.9845399857,80.2180099487,71653,71663,10
12.9839897156,80.2180328369,71663,71672,9
12.9839801788,80.2180328369,71672,71683,11
12.9837598801,80.2180099487,71683,71693,10
12.9831895828,80.2180023193,71693,71704,11
12.9822902679,80.2180175781,71704,71714,10
12.9813804626,80.2181015015,71714,71724,10
12.9805402756,80.2183380127,71724,71734,10
12.9799404144,80.2185897827,71734,71744,10
12.9792804718,80.2188796997,71744,71754,10
12.9786596298,80.2191162109,71754,71764,10
12.9780302048,80.219367981,71764,71774,10
12.9772596359,80.2197113037,71774,71784,10
12.9763898849,80.2200698853,71784,71794,10
12.9759197235,80.2203063965,71794,71804,10
12.975810051,80.2203598022,71804,71815,11
12.9754800797,80.2206726074,71815,71845,30
12.9754800797,80.2206726074,71845,71855,10
12.9756603241,80.220993042,71855,72824,969
12.9759397507,80.2212524414,72824,72854,30
12.9759397507,80.2212524414,72854,72864,10
12.9763803482,80.2212371826,72864,72874,10
12.9765996933,80.2212295532,72874,72884,10
12.9769201279,80.2212371826,72884,72894,10
12.9772796631,80.2212371826,72894,72904,10
12.9774703979,80.2212219238,72904,72914,10
12.9778203964,80.2211837769,72914,72925,11
12.9782495499,80.2211914063,72925,72935,10
12.9788198471,80.2211380005,72935,72945,10
12.9794101715,80.2210922241,72945,72955,10
12.9800300598,80.2210388184,72955,72965,10
12.9806900024,80.220993042,72965,72975,10
12.9813699722,80.2212219238,72975,72985,10
12.9818201065,80.221496582,72985,72995,10
12.9821300507,80.2217025757,72995,73005,10
12.9824304581,80.2218017578,73005,73036,31
12.9827699661,80.2219161987,73036,73066,30
12.9827699661,80.2219161987,73066,73076,10
12.9831800461,80.22215271,73076,73086,10
12.9833803177,80.2222976685,73086,73096,10
12.9835796356,80.2224273682,73096,73106,10
12.9837999344,80.2225570679,73106,73116,10
12.9841299057,80.2227478027,73116,73126,10
12.9845695496,80.2230224609,73126,73136,10
12.9850597382,80.2232513428,73136,73147,11
12.9855098724,80.2231292725,73147,73157,10
12.9858398438,80.2229690552,73157,73167,10
12.986120224,80.2229614258,73167,73177,10
12.9861297607,80.2229614258,73177,73187,10
12.9863100052,80.2229385376,73187,73197,10
12.9864196777,80.2229614258,73197,73207,10
12.9865102768,80.2229537964,73207,73217,10
12.9868097305,80.2229919434,73217,73246,29
12.9868097305,80.2229919434,73246,73258,12
12.9870996475,80.2230377197,73258,73268,10
12.9872903824,80.2230529785,73268,73278,10
12.9874801636,80.2230606079,73278,73288,10
12.9877796173,80.2229614258,73288,73298,10
12.9879398346,80.2228775024,73298,73308,10
12.9882802963,80.2225799561,73308,73318,10
12.9887695313,80.2221069336,73318,73328,10
12.9892101288,80.2216491699,73328,73338,10
12.9895896912,80.2211074829,73338,73348,10
12.9901504517,80.2205505371,73348,73359,11
12.9907102585,80.2200698853,73359,73369,10
12.9912700653,80.2197189331,73369,73399,30
12.9912700653,80.2197189331,73399,73409,10
12.9914197922,80.2196731567,73409,73419,10
12.9917497635,80.2193832397,73419,73429,10
12.9923801422,80.2189331055,73429,73439,10
12.9930496216,80.2184066772,73439,73449,10
12.9937801361,80.2179031372,73449,73459,10
12.994310379,80.2174835205,73459,73470,11
12.9947099686,80.2171783447,73470,73480,10
12.9948196411,80.2171478271,73480,73490,10
12.9951896667,80.2168807983,73490,73500,10
12.9959001541,80.2166290283,73500,73510,10
12.9965896606,80.2165222168,73510,73520,10
12.9968004227,80.2164764404,73520,73530,10
12.9970302582,80.2164535522,73530,73540,10
12.9970397949,80.2164535522,73540,73550,10
12.9974098206,80.2162094116,73550,73570,20
12.9974098206,80.2162094116,73570,73581,11
12.9976596832,80.2159423828,73581,73591,10
12.9980602264,80.2155227661,73591,73601,10
12.9985799789,80.215057373,73601,73611,10
12.99903965,80.2147369385,73611,73621,10
12.9994297028,80.2144012451,73621,73631,10
12.9999103546,80.2140426636,73631,73641,10
13.0003299713,80.2136077881,73641,73651,10
13.0007801056,80.2132034302,73651,73661,10
13.0013799667,80.2126998901,73661,73671,10
13.001950264,80.2123413086,73671,73681,10
13.0024795532,80.2121276855,73681,73692,11
13.0030603409,80.2120513916,73692,73702,10
13.0035800934,80.2119522095,73702,73712,10
13.0036497116,80.2118377686,73712,73722,10
13.0036401749,80.21144104,73722,73732,10
13.0036001205,80.2108306885,73732,73742,10
13.0035200119,80.2102584839,73742,73752,10
13.0034704208,80.2095794678,73752,73762,10
13.0036296844,80.2088165283,73762,73772,10
13.004240036,80.2087936401,73772,73782,10
13.0051403046,80.2091827393,73782,73792,10
13.0059700012,80.2095031738,73792,73803,11
13.0066204071,80.2097091675,73803,73813,10
13.0067596436,80.2097396851,73813,73823,10
13.0070199966,80.2098007202,73823,73873,50
13.0070199966,80.2098007202,73873,73883,10
13.0074501038,80.2098693848,73883,73893,10
13.0076799393,80.2099227905,73893,73902,9
13.0079498291,80.2099685669,73902,73914,12
13.0081195831,80.2097702026,73914,73924,10
13.0079898834,80.2092971802,73924,73934,10
13.0078802109,80.2086181641,73934,73944,10
13.0077695847,80.207901001,73944,73954,10
13.0076398849,80.2071228027,73954,73964,10
13.007519722,80.2062835693,73964,73974,10
13.0074701309,80.2055206299,73974,73984,10
13.0074701309,80.2048110962,73984,73994,10
13.0074501038,80.2041778564,73994,74004,10
13.007349968,80.2033462524,74004,74014,10
13.0070800781,80.202583313,74014,74025,11
13.0064897537,80.2029266357,74025,74035,10
13.0068902969,80.2034606934,74035,74045,10
13.0076303482,80.2037124634,74045,74055,10
13.0085697174,80.2037200928,74055,74065,10
13.009759903,80.2036437988,74065,74075,10
13.0110197067,80.203666687,74075,74085,10
13.0121898651,80.2038421631,74085,74095,10
13.0131502151,80.2040481567,74095,74105,10
13.0137195587,80.2042388916,74105,74114,9
13.0141201019,80.2043609619,74114,74126,12
13.0150203705,80.2046813965,74126,74136,10
13.0159196854,80.2050323486,74136,74146,10
13.0166101456,80.2051620483,74146,74156,10
13.0168399811,80.205291748,74156,74166,10
13.0172100067,80.2054367065,74166,74176,10
13.0175504684,80.2055435181,74176,74186,10
13.0180196762,80.2057266235,74186,74196,10
13.0185203552,80.2058792114,74196,74206,10
13.0185499191,80.2058792114,74206,74216,10
13.0188102722,80.2059631348,74216,74226,10
13.0193796158,80.2061920166,74226,74237,11
13.0202999115,80.2062911987,74237,74247,10
13.0211601257,80.2063064575,74247,74257,10
13.0214500427,80.2063293457,74257,74267,10
13.0216197968,80.2063369751,74267,74277,10
13.0221300125,80.2063674927,74277,74287,10
13.0227804184,80.206489563,74287,74297,10
13.023639679,80.2066268921,74297,74307,10
13.0242004395,80.2066574097,74307,74317,10
13.0243701935,80.2066726685,74317,74327,10
13.0247802734,80.2068328857,74327,74336,9
13.0254898071,80.2070236206,74336,74348,12
13.0265798569,80.2076187134,74348,74358,10
13.0275402069,80.2081985474,74358,74368,10
13.0285396576,80.2086029053,74368,74378,10
13.0295095444,80.2088088989,74378,74388,10
13.0302200317,80.2089996338,74388,74398,10
13.0309696198,80.2092437744,74398,74408,10
13.0315198898,80.2093582153,74408,74418,10
13.0315799713,80.2093582153,74418,74428,10
13.0319004059,80.2094192505,74428,74438,10
13.03221035,80.2095031738,74438,74448,10
13.0328102112,80.2096328735,74448,74459,11
13.0335798264,80.2098083496,74459,74469,10
13.0344104767,80.2099761963,74469,74479,10
13.0350103378,80.2101821899,74479,74489,10
13.0349597931,80.2107009888,74489,74499,10
13.0349397659,80.2112503052,74499,74509,10
13.0349397659,80.21144104,74509,74519,10
13.0349197388,80.2116394043,74519,74529,10
13.0349502563,80.2121200562,74529,74539,10
13.0355300903,80.2122192383,74539,74549,10
13.0364103317,80.2122573853,74549,74559,10
13.0372695923,80.2122802734,74559,74570,11
13.0383396149,80.2123031616,74570,74580,10
13.0395002365,80.2122879028,74580,74590,10
13.0406198502,80.2122802734,74590,74600,10
13.041560173,80.2122879028,74600,74610,10
13.042599678,80.2123031616,74610,74620,10
13.0438899994,80.2122879028,74620,74650,30
13.0438899994,80.2122879028,74650,74660,10
13.0440301895,80.2122573853,74660,74670,10
13.0444097519,80.2122573853,74670,74681,11
13.0452203751,80.2122497559,74681,74691,10
13.0461597443,80.2122268677,74691,74701,10
13.0471897125,80.2121887207,74701,74711,10
13.0484800339,80.2120285034,74711,74731,20
13.0484800339,80.2120285034,74731,74741,10
13.0487098694,80.2120285034,74741,74751,10
13.0492095947,80.2119674683,74751,74761,10
13.0494804382,80.2119522095,74761,74771,10
13.0496397018,80.2119293213,74771,74780,9
13.0496997833,80.2119293213,74780,74792,12
13.0500001907,80.2119293213,74792,74802,10
13.0503902435,80.2119827271,74802,74812,10
13.0508699417,80.2119903564,74812,74822,10
13.0515899658,80.2120285034,74822,74832,10
13.0523500443,80.2119522095,74832,74842,10
13.0531597137,80.2117614746,74842,74852,10
13.0541400909,80.211517334,74852,74861,9
13.0546798706,80.2114486694,74861,74872,11
13.0554800034,80.2114181519,74872,74882,10
13.0564203262,80.2114562988,74882,74892,10
13.0571804047,80.2114868164,74892,74903,11
13.057970047,80.2115020752,74903,74913,10
13.0588102341,80.2114868164,74913,74923,10
13.0597000122,80.2115325928,74923,74933,10
13.0605897903,80.2115783691,74933,74943,10
13.0613498688,80.2116317749,74943,74953,10
13.0618600845,80.2116012573,74953,74963,10
13.0626096725,80.2116012573,74963,74973,10
13.0629997253,80.2115325928,74973,74983,10
13.0630102158,80.2115325928,74983,74993,10
13.0631904602,80.2115402222,74993,75002,9
13.0635404587,80.211517334,75002,75014,12
13.0643396378,80.2114562988,75014,75024,10
13.0651102066,80.2110671997,75024,75034,10
13.0658397675,80.2105636597,75034,75044,10
13.0665502548,80.2099761963,75044,75054,10
13.0670604706,80.2093276978,75054,75064,10
13.0673599243,80.2088088989,75064,75074,10
13.0677204132,80.2082290649,75074,75084,10
13.0680999756,80.2076187134,75084,75094,10
13.0685195923,80.2069625854,75094,75104,10
13.0689096451,80.2063903809,75104,75115,11
13.0691900253,80.2060089111,75115,75125,10
13.0694198608,80.205581665,75125,75135,10
13.0695199966,80.2053604126,75135,75145,10
13.0696401596,80.2051391602,75145,75155,10
13.0695695877,80.2049026489,75155,75165,10
13.0692100525,80.2049407959,75165,75175,10
13.0690002441,80.2052764893,75175,75185,10
13.068810463,80.2053070068,75185,75195,10
13.0687599182,80.2048873901,75195,75226,31
13.0687599182,80.2048873901,75226,75236,10
13.0689296722,80.2048034668,75236,75246,10
13.0691795349,80.2047576904,75246,75256,10
13.0696001053,80.2048416138,75256,75266,10
13.0699195862,80.2048034668,75266,75276,10
13.0702896118,80.2043075562,75276,75286,10
13.0708198547,80.2036590576,75286,75296,10
13.0714101791,80.2029571533,75296,75306,10
13.0715904236,80.2026901245,75306,75316,10
13.0717096329,80.2025222778,75316,75326,10
13.0719499588,80.2022781372,75326,75337,11
13.0721998215,80.202041626,75337,75347,10
13.0725698471,80.2016372681,75347,75357,10
13.0730304718,80.2011032104,75357,75367,10
13.0733804703,80.2006988525,75367,75377,10
13.073800087,80.2002182007,75377,75387,10
13.0740604401,80.1998901367,75387,75397,10
13.0743703842,80.199546814,75397,75407,10
13.0746097565,80.1993103027,75407,75417,10
13.0747098923,80.1992721558,75417,75427,10
13.0752096176,80.1991271973,75427,75437,10
13.0758600235,80.1990814209,75437,75448,11
13.0768003464,80.1990509033,75448,75458,10
13.0777597427,80.198928833,75458,75468,10
13.0786895752,80.1988067627,75468,75478,10
13.079369545,80.1987380981,75478,75488,10
13.0795202255,80.1987228394,75488,75498,10
13.079750061,80.1987075806,75498,75508,10
13.0801200867,80.1986618042,75508,75518,10
13.0804004669,80.198638916,75518,75528,10
13.080739975,80.1985931396,75528,75538,10
13.0810699463,80.1985702515,75538,75548,10
13.0810899734,80.1985702515,75548,75559,11
13.0812196732,80.1985626221,75559,75569,10
13.0813999176,80.1985702515,75569,75579,10
13.0814304352,80.1985702515,75579,75589,10
13.0816602707,80.1985626221,75589,75599,10
13.0819301605,80.1985473633,75599,75609,10
13.0822401047,80.1984786987,75609,75619,10
13.0825099945,80.1984405518,75619,75639,20
13.0825099945,80.1984405518,75639,75648,9
13.0827903748,80.1984710693,75648,75659,11
13.0830602646,80.1984634399,75659,75710,51
13.0830602646,80.1984634399,75710,75720,10
13.0835103989,80.1984405518,75720,75740,20
13.0835103989,80.1984405518,75740,75750,10
13.0837602615,80.1984405518,75750,75769,19
13.0837602615,80.1984405518,75769,75781,12
13.0841598511,80.1984405518,75781,75791,10
13.0843601227,80.1984329224,75791,75801,10
13.0844497681,80.1984481812,75801,75811,10
13.0846796036,80.1984634399,75811,75821,10
13.0850801468,80.1984176636,75821,75841,20
13.0850801468,80.1984176636,75841,75851,10
13.0853204727,80.1984329224,75851,75861,10
13.0855503082,80.1984176636,75861,75871,10
13.085940361,80.1984100342,75871,75882,11
13.0864496231,80.1984405518,75882,75892,10
13.0867300034,80.1984405518,75892,75902,10
13.0868701935,80.1984176636,75902,75912,10
13.0870304108,80.198387146,75912,75922,10
13.0870304108,80.1981201172,75922,75942,20
13.0870304108,80.1981201172,75942,75952,10
13.0870895386,80.1977310181,75952,75962,10
13.0871200562,80.1970977783,75962,75972,10
13.0871496201,80.1962966919,75972,75982,10
13.0871601105,80.1956100464,75982,75993,11
13.0871801376,80.1951217651,75993,76003,10
13.0872001648,80.1943664551,76003,76013,10
13.0872001648,80.1934890747,76013,76023,10
13.0871896744,80.1931610107,76023,76033,10
13.0872001648,80.1930084229,76033,76043,10
13.0872402191,80.192779541,76043,76053,10
13.0873003006,80.1924362183,76053,76063,10
13.0873804092,80.1918182373,76063,76073,10
13.0874795914,80.1909866333,76073,76083,10
13.0876102448,80.1901321411,76083,76093,10
13.0876998901,80.1893768311,76093,76104,11
13.0876703262,80.1888198853,76104,76114,10
13.087679863,80.1887283325,76114,76124,10
13.0877103806,80.1885223389,76124,76134,10
13.0877199173,80.1883010864,76134,76144,10
13.0877399445,80.1879577637,76144,76154,10
13.0877504349,80.1874389648,76154,76164,10
13.087770462,80.1867218018,76164,76174,10
13.0877799988,80.1860580444,76174,76184,10
13.0878200531,80.1853179932,76184,76193,9
13.0878696442,80.1845474243,76193,76204,11
13.0879096985,80.1835174561,76204,76215,11
13.0879602432,80.1825332642,76215,76225,10
13.0879802704,80.1819229126,76225,76235,10
13.0880298615,80.181098938,76235,76245,10
13.088060379,80.1801986694,76245,76255,10
13.0880403519,80.1796798706,76255,76305,50
13.0880403519,80.1796798706,76305,76315,10
13.088060379,80.1795501709,76315,76326,11
13.0880899429,80.1791229248,76326,76336,10
13.088060379,80.1787414551,76336,76346,10
13.0880804062,80.1786727905,76346,76356,10
13.0881004333,80.1782608032,76356,76366,10
13.0881099701,80.1775588989,76366,76376,10
13.088139534,80.1768035889,76376,76386,10
13.0882101059,80.1758880615,76386,76396,10
13.0882797241,80.1748428345,76396,76405,9
13.088350296,80.1740570068,76405,76416,11
13.0884199142,80.1729202271,76416,76426,10
13.0884599686,80.1721572876,76426,76437,11
13.0884599686,80.1718215942,76437,76447,10
13.0884895325,80.1715927124,76447,76457,10
13.0885400772,80.1710510254,76457,76467,10
13.0885696411,80.1702270508,76467,76517,50
13.0885696411,80.1702270508,76517,76527,10
13.0885696411,80.1698379517,76527,76537,10
13.0887498856,80.1695022583,76537,76548,11
13.0892400742,80.1695404053,76548,76558,10
13.0900001526,80.169593811,76558,76568,10
13.0908699036,80.1696395874,76568,76578,10
13.0918302536,80.1697006226,76578,76588,10
13.0925798416,80.1697387695,76588,76598,10
13.09333992,80.1697998047,76598,76608,10
13.09416008,80.1698379517,76608,76618,10
13.0947303772,80.1698913574,76618,76628,10
13.0950899124,80.1699295044,76628,76638,10
13.0956296921,80.169960022,76638,76647,9
13.0963201523,80.1699829102,76647,76659,12
13.0974798203,80.1700363159,76659,76669,10
13.0984096527,80.1700897217,76669,76679,10
13.0992202759,80.1701202393,76679,76739,60
13.0994997025,80.170249939,76739,77880,1141
13.0991802216,80.1701431274,77880,78657,777
13.0991802216,80.1701431274,78657,78667,10
13.0988798141,80.1701889038,78667,78677,10
13.0983295441,80.1701507568,78677,78687,10
13.0975799561,80.1701278687,78687,78697,10
13.0966796875,80.1700668335,78697,78707,10
13.0957298279,80.1699905396,78707,78717,10
13.0949497223,80.1699295044,78717,78727,10
13.0946598053,80.169921875,78727,78737,10
13.0943899155,80.1698989868,78737,78747,10
13.093870163,80.1698608398,78747,78758,11
13.0930500031,80.1698074341,78758,78768,10
13.0921096802,80.1697769165,78768,78778,10
13.0911397934,80.169708252,78778,78788,10
13.0901098251,80.1696395874,78788,78798,10
13.089050293,80.1695785522,78798,78808,10
13.088640213,80.1697387695,78808,78818,10
13.0885896683,80.1702270508,78818,78828,10
13.0885601044,80.1709671021,78828,78838,10
13.088549614,80.1717376709,78838,78847,9
13.0885601044,80.1718292236,78847,78859,12
13.0885400772,80.1721496582,78859,78869,10
13.0884895325,80.1727600098,78869,78879,10
13.0884399414,80.1735916138,78879,78889,10
13.0883998871,80.1744613647,78889,78899,10
13.0883598328,80.1752624512,78899,78909,10
13.0882902145,80.1762313843,78909,78919,10
13.0882501602,80.1771316528,78919,78929,10
13.0882101059,80.177947998,78929,78939,10
13.0881996155,80.1785888672,78939,78949,10
13.0882101059,80.1786193848,78949,78959,10
13.0881795883,80.1790924072,78959,78970,11
13.0881500244,80.1799163818,78970,78980,10
13.0881099701,80.180847168,78980,78990,10
13.0880298615,80.1819229126,78990,79000,10
13.0879898071,80.1829681396,79000,79010,10
13.0879402161,80.1841430664,79010,79020,10
13.0879898071,80.1851272583,79020,79030,10
13.0879096985,80.1859664917,79030,79040,10
13.087849617,80.186920166,79040,79050,10
13.0878400803,80.1878128052,79050,79060,10
13.0878200531,80.1886367798,79060,79070,10
13.0877599716,80.1895294189,79070,79081,11
13.0877399445,80.1898574829,79081,79091,10
13.0877599716,80.1898803711,79091,79101,10
13.0876703262,80.1902999878,79101,79111,10
13.0875501633,80.1910400391,79111,79121,10
13.0874204636,80.1919174194,79121,79131,10
13.0873498917,80.1925430298,79131,79140,9
13.0873003006,80.1929931641,79140,79151,11
13.0872802734,80.1938323975,79151,79161,10
13.0872602463,80.1947937012,79161,79171,10
13.0872497559,80.1957092285,79171,79181,10
13.087220192,80.1967773438,79181,79192,11
13.087220192,80.1977005005,79192,79202,10
13.0872001648,80.197769165,79202,79212,10
13.087220192,80.1981124878,79212,79222,10
13.0873203278,80.1984100342,79222,79232,10
13.0875196457,80.1984786987,79232,79242,10
13.088060379,80.1984481812,79242,79252,10
13.088809967,80.1984405518,79252,79262,10
13.0894699097,80.1984786987,79262,79272,10
13.0901203156,80.1985168457,79272,79282,10
13.0909099579,80.1985931396,79282,79292,10
13.0918302536,80.198638916,79292,79303,11
13.09278965,80.1986236572,79303,79313,10
13.0929603577,80.1989135742,79313,79323,10
13.0928897858,80.1995773315,79323,79333,10
13.0928697586,80.200340271,79333,79343,10
13.0926704407,80.2006530762,79343,79353,10
13.0921401978,80.2006072998,79353,79363,10
13.0913696289,80.2005767822,79363,79373,10
13.0903997421,80.2005691528,79373,79383,10
13.089389801,80.2005386353,79383,79393,10
13.0883998871,80.2004776001,79393,79403,10
13.0873804092,80.2004470825,79403,79414,11
13.0866498947,80.2004318237,79414,79424,10
13.085849762,80.2004013062,79424,79434,10
13.0853099823,80.2003479004,79434,79444,10
13.0852203369,80.1999664307,79444,79454,10
13.0852603912,80.1993789673,79454,79464,10
13.0852298737,80.1987380981,79464,79474,10
13.0848503113,80.1987075806,79474,79484,10
13.0843000412,80.1986923218,79484,79494,10
13.0841598511,80.1986694336,79494,79504,10
13.0837898254,80.1986618042,79504,79514,10
13.0831899643,80.198638916,79514,79525,11
13.0826396942,80.1986083984,79525,79535,10
13.0820198059,80.1986694336,79535,79545,10
13.081410408,80.198677063,79545,79555,10
13.0807600021,80.198677063,79555,79565,10
13.0800800323,80.1987304688,79565,79575,10
13.0792798996,80.1988067627,79575,79585,10
13.078379631,80.1988983154,79585,79595,10
13.0775203705,80.1989974976,79595,79605,10
13.0766401291,80.1990966797,79605,79615,10
13.0756397247,80.19921875,79615,79625,10
13.0746002197,80.1995925903,79625,79636,11
13.0737600327,80.2003326416,79636,79646,10
13.0735197067,80.2006988525,79646,79656,10
13.0734500885,80.2007675171,79656,79666,10
13.0730695724,80.2012023926,79666,79676,10
13.0725097656,80.2018814087,79676,79686,10
13.0719404221,80.2024993896,79686,79696,10
13.071269989,80.2032623291,79696,79706,10
13.0705299377,80.2041320801,79706,79716,10
13.0700302124,80.2048034668,79716,79726,10
13.0699300766,80.2049636841,79726,79737,11
13.069899559,80.2050018311,79737,79747,10
13.0696697235,80.2049789429,79747,79757,10
13.0693998337,80.2048568726,79757,79767,10
13.0689697266,80.205078125,79767,79777,10
13.0686702728,80.205368042,79777,79787,10
13.0680398941,80.2053222656,79787,79807,20
13.0679597855,80.2051467896,79807,79848,41
13.0679597855,80.2051467896,79848,79858,10
13.0680503845,80.2050094604,79858,79868,10
13.0683803558,80.2049102783,79868,79878,10
13.0687904358,80.2047576904,79878,79888,10
13.0691299438,80.2046966553,79888,79898,10
13.0694303513,80.204750061,79898,79908,10
13.069729805,80.2048721313,79908,79938,30
13.069729805,80.2048721313,79938,79947,9
13.0698404312,80.2050094604,79947,79959,12
13.0696401596,80.205406189,79959,79969,10
13.0692195892,80.2060470581,79969,79979,10
13.0687103271,80.2068710327,79979,79989,10
13.0681200027,80.2078018188,79989,79999,10
13.0675802231,80.2086105347,79999,80009,10
13.0670499802,80.2093963623,80009,80019,10
13.0665998459,80.2099761963,80019,80029,10
13.0660400391,80.2104492188,80029,80039,10
13.0653400421,80.2110290527,80039,80049,10
13.0650501251,80.2112579346,80049,80059,10
13.0649995804,80.2113571167,80059,80070,11
13.0645704269,80.2114868164,80070,80080,10
13.0638504028,80.2116928101,80080,80090,10
13.0631103516,80.211730957,80090,80100,10
13.0621700287,80.211730957,80100,80110,10
13.0611896515,80.2116470337,80110,80120,10
13.0588598251,80.2116165161,80120,80130,10
13.0588598251,80.2116165161,80130,80140,10
13.0580701828,80.2116317749,80140,80149,9
13.05727005,80.2116012573,80149,80160,11
13.056139946,80.2115707397,80160,80169,9
13.0551204681,80.2115631104,80169,80181,12
13.0544900894,80.2116088867,80181,80191,10
13.0540704727,80.2117080688,80191,80201,10
13.0533103943,80.2118682861,80201,80211,10
13.0524702072,80.2120819092,80211,80221,10
13.0516901016,80.2122268677,80221,80231,10
13.0508403778,80.2122268677,80231,80241,10
13.0500097275,80.2121505737,80241,80251,10
13.0495996475,80.2121810913,80251,80271,20
13.0495996475,80.2121810913,80271,80282,11
13.0493097305,80.2121582031,80282,80292,10
13.048740387,80.2121963501,80292,80302,10
13.047949791,80.2122497559,80302,80312,10
13.0471096039,80.2123184204,80312,80322,10
13.0462398529,80.2123718262,80322,80330,8
13.0454502106,80.2124099731,80330,80342,12
13.0446500778,80.2124481201,80342,80352,10
13.0438699722,80.2124099731,80352,80362,10
13.0430202484,80.2123718262,80362,80372,10
13.0422496796,80.2123718262,80372,80382,10
13.0412998199,80.2124023438,80382,80393,11
13.0402202606,80.2124404907,80393,80403,10
13.0391597748,80.2124710083,80403,80413,10
13.0382995605,80.2124176025,80413,80423,10
13.0377597809,80.2124404907,80423,80453,30
13.0377597809,80.2124404907,80453,80463,10
13.0375900269,80.2124023438,80463,80473,10
13.0371999741,80.2123718262,80473,80483,10
13.0366802216,80.212348938,80483,80493,10
13.035949707,80.2123413086,80493,80504,11
13.0353403091,80.2123718262,80504,80514,10
13.0351600647,80.2123413086,80514,80524,10
13.0349197388,80.2123031616,80524,80534,10
13.0346498489,80.2122116089,80534,80544,10
13.034239769,80.2121734619,80544,80574,30
13.034239769,80.2121734619,80574,80584,10
13.0337896347,80.2120895386,80584,80594,10
13.0332899094,80.2119369507,80594,80604,10
13.0326700211,80.2118225098,80604,80615,11
13.0320196152,80.2116165161,80615,80625,10
13.0320596695,80.2111434937,80625,80635,10
13.0320701599,80.2104110718,80635,80645,10
13.0320701599,80.2097015381,80645,80655,10
13.0314798355,80.2095031738,80655,80665,10
13.0306797028,80.2092666626,80665,80675,10
13.029999733,80.2090835571,80675,80685,10
13.0295000076,80.2089080811,80685,80695,10
13.0294399261,80.2089004517,80695,80705,10
13.0290699005,80.2088165283,80705,80714,9
13.0284795761,80.208656311,80714,80726,12
13.0276002884,80.2083206177,80726,80736,10
13.0269203186,80.2078781128,80736,80746,10
13.0261898041,80.2074432373,80746,80756,10
13.0252199173,80.2070465088,80756,80766,10
13.0242900848,80.2069015503,80766,80776,10
13.0242500305,80.2068862915,80776,80786,10
13.0238704681,80.2068099976,80786,80796,10
13.0232496262,80.2066574097,80796,80806,10
13.0223903656,80.2064971924,80806,80816,10
13.0216302872,80.2064437866,80816,80826,10
13.0207500458,80.2064437866,80826,80837,11
13.0196800232,80.2064285278,80837,80847,10
13.0191698074,80.2063827515,80847,80857,10
13.0191402435,80.2063827515,80857,80866,9
13.0190601349,80.2063217163,80866,80877,11
13.0189504623,80.2062988281,80877,80887,10
13.0185403824,80.206161499,80887,80897,10
13.017950058,80.205947876,80897,80907,10
13.0173101425,80.2057037354,80907,80917,10
13.0156898499,80.2051620483,80917,80927,10
13.0156898499,80.2051620483,80927,80937,10
13.0147895813,80.2048034668,80937,80946,9
13.0139799118,80.2044906616,80946,80958,12
13.0135602951,80.2045288086,80958,80968,10
13.013420105,80.2050323486,80968,80978,10
13.0132102966,80.2057189941,80978,80988,10
13.0130395889,80.206489563,80988,80998,10
13.0129699707,80.2071990967,80998,81008,10
13.0128498077,80.2078704834,81008,81018,10
13.012840271,80.2083969116,81018,81028,10
13.0128602982,80.2087173462,81028,81038,10
13.0129804611,80.2092437744,81038,81048,10
13.0131702423,80.209777832,81048,81059,11
13.0130996704,80.2103805542,81059,81069,10
13.0129299164,80.2110595703,81069,81079,10
13.0125999451,80.2117004395,81079,81089,10
13.0122404099,80.2122879028,81089,81099,10
13.0119495392,80.2127304077,81099,81109,10
13.0117197037,80.2127532959,81109,81119,10
13.0113897324,80.2125167847,81119,81129,10
13.0108299255,80.2121276855,81129,81139,10
13.0103797913,80.2117996216,81139,81148,9
13.0101203918,80.2115783691,81148,81160,12
13.0094604492,80.2110671997,81160,81210,50
13.0094604492,80.2110671997,81210,81220,10
13.009180069,80.211151123,81220,81230,10
13.0090398788,80.2114105225,81230,81240,10
13.0090303421,80.2114181519,81240,81250,10
13.0090999603,80.2119598389,81250,81260,10
13.0093002319,80.2125320435,81260,81271,11
13.0095396042,80.213180542,81271,81281,10
13.0097799301,80.2137908936,81281,81291,10
13.0100402832,80.2144393921,81291,81301,10
13.0101804733,80.2151794434,81301,81311,10
13.0103597641,80.2159500122,81311,81321,10
13.010720253,80.216758728,81321,81331,10
13.0111103058,80.2175292969,81331,81341,10
13.0114603043,80.2184829712,81341,81351,10
13.0117998123,80.219543457,81351,81361,10
13.012169838,80.2206115723,81361,81371,10
13.0125398636,80.2214736938,81371,81382,11
13.0130195618,80.2221221924,81382,81392,10
13.0135202408,80.2227630615,81392,81402,10
13.0140304565,80.2233200073,81402,81412,10
13.0144100189,80.2236709595,81412,81422,10
13.0146598816,80.2238311768,81422,81432,10
13.0152101517,80.2247924805,81432,81442,10
13.0154495239,80.2253189087,81442,81452,10
13.0152997971,80.2257766724,81452,81462,10
13.0148296356,80.2259979248,81462,81472,10
13.0146398544,80.2261199951,81472,81482,10
13.0142097473,80.226272583,81482,81493,11
13.0134401321,80.2265777588,81493,81503,10
13.0125703812,80.2269210815,81503,81513,10
13.0116996765,80.2272567749,81513,81523,10
13.0107498169,80.2276077271,81523,81533,10
13.0098600388,80.2279663086,81533,81543,10
13.0095100403,80.2275466919,81543,81553,10
13.0098199844,80.226890564,81553,81563,10
13.0101900101,80.2260894775,81563,81573,10
13.0105800629,80.2251586914,81573,81583,10
13.0109796524,80.2242202759,81583,81593,10
13.0112104416,80.2234802246,81593,81604,11
13.0111103058,80.2230987549,81604,81614,10
13.0105600357,80.2227935791,81614,81624,10
13.0098800659,80.2224273682,81624,81634,10
13.0090904236,80.2220077515,81634,81644,10
13.0082702637,80.221572876,81644,81654,10
13.007399559,80.2210922241,81654,81664,10
13.0065498352,80.2206573486,81664,81674,10
13.0055198669,80.2204437256,81674,81684,10
13.0045099258,80.2202224731,81684,81694,10
13.003660202,80.2200317383,81694,81704,10
13.0028400421,80.2197875977,81704,81715,11
13.0021400452,80.2191772461,81715,81725,10
13.001540184,80.2185592651,81725,81735,10
13.0007801056,80.2180099487,81735,81745,10
12.9999504089,80.2175521851,81745,81755,10
12.999130249,80.2170791626,81755,81765,10
12.9975996017,80.2165374756,81765,81785,20
12.9975996017,80.2165374756,81785,81795,10
12.9973402023,80.2164993286,81795,81805,10
12.9968500137,80.2165527344,81805,81816,11
12.9960699081,80.2166595459,81816,81826,10
12.995300293,80.2169113159,81826,81836,10
12.99477005,80.2172622681,81836,81846,10
12.9941997528,80.2176589966,81846,81856,10
12.993689537,80.2180099487,81856,81866,10
12.9931001663,80.2184066772,81866,81876,10
12.9925403595,80.2189025879,81876,81886,10
12.9918203354,80.2194366455,81886,81896,10
12.9912500381,80.2195587158,81896,81906,10
12.9910202026,80.2194671631,81906,81916,10
12.9906902313,80.2193374634,81916,81927,11
12.9900503159,80.2191085815,81927,81937,10
12.9893102646,80.2188415527,81937,81947,10
12.9883804321,80.2185516357,81947,81957,10
12.987950325,80.2184524536,81957,81967,10
12.987859726,80.218421936,81967,81977,10
12.9874696732,80.2183685303,81977,81987,10
12.9869403839,80.2182769775,81987,81997,10
12.9869003296,80.2182617188,81997,82007,10
12.9866199493,80.2182006836,82007,82017,10
12.9860601425,80.2180633545,82017,82027,10
12.9851799011,80.2179412842,82027,82038,11
12.9840497971,80.2179794312,82038,82058,20
12.9840497971,80.2179794312,82058,82068,10
12.9837598801,80.2179794312,82068,82078,10
12.9832601547,80.2180023193,82078,82088,10
12.9826202393,80.2179794312,82088,82098,10
12.9818201065,80.2179718018,82098,82108,10
12.9811296463,80.2181167603,82108,82118,10
12.980389595,80.2183837891,82118,82128,10
12.9797401428,80.2186279297,82128,82138,10
12.9791402817,80.2188873291,82138,82149,11
12.9785995483,80.2191085815,82149,82159,10
12.9779996872,80.2193527222,82159,82169,10
12.9771699905,80.2196884155,82169,82179,10
12.9762496948,80.2200775146,82179,82189,10
12.9755096436,80.2205886841,82189,82229,40
12.9755096436,80.2205886841,82229,82239,10
12.9754695892,80.2207870483,82239,82249,10
12.9757299423,80.2210006714,82249,82260,11
12.9760103226,80.2211990356,82260,82270,10
12.9762802124,80.2212219238,82270,82280,10
12.9766597748,80.2212371826,82280,82290,10
12.9771795273,80.2211914063,82290,82300,10
12.9777202606,80.2211532593,82300,82310,10
12.9782400131,80.2211532593,82310,82320,10
12.9788799286,80.2211380005,82320,82330,10
12.9796199799,80.2210769653,82330,82340,10
12.9803695679,80.2210235596,82340,82350,10
12.9808797836,80.2210006714,82350,82360,10
12.9811601639,80.2210693359,82360,82371,11
12.9816198349,80.221321106,82371,82381,10
12.9820804596,80.2216415405,82381,82391,10
12.9826002121,80.2218399048,82391,82401,10
12.9831695557,80.2220535278,82401,82411,10
12.9837598801,80.2224197388,82411,82421,10
12.9843196869,80.2227630615,82421,82431,10
12.9849395752,80.2231216431,82431,82441,10
12.9854602814,80.223197937,82441,82451,10
12.9858398438,80.2229690552,82451,82461,10
12.9865102768,80.2229537964,82461,82470,9
12.9870004654,80.2230300903,82470,82482,12
12.9876899719,80.2229766846,82482,82492,10
12.9882698059,80.2226028442,82492,82502,10
12.9887304306,80.2221679688,82502,82512,10
12.989279747,80.2215499878,82512,82522,10
12.9898796082,80.2207336426,82522,82532,10
12.9906301498,80.2201690674,82532,82542,10
12.9912395477,80.2197113037,82542,82552,10
12.9914999008,80.2195510864,82552,82562,10
12.9919996262,80.2192230225,82562,82572,10
12.9926900864,80.2186889648,82572,82582,10
12.993350029,80.2181625366,82582,82593,11
12.993929863,80.2177276611,82593,82603,10
12.9944200516,80.2174224854,82603,82613,10
12.9949903488,80.2170028687,82613,82623,10
12.9956197739,80.2166595459,82623,82633,10
12.9963502884,80.2164764404,82633,82643,10
12.9970197678,80.2164077759,82643,82653,10
12.997300148,80.2162017822,82653,82663,10
12.9978199005,80.2157592773,82663,82673,10
12.9984197617,80.2152786255,82673,82683,10
12.9989900589,80.2148208618,82683,82694,11
12.9992704391,80.21459198,82694,82704,10
12.9996900558,80.2142105103,82704,82714,10
13.0000295639,80.2139205933,82714,82724,10
13.0005397797,80.2134628296,82724,82734,10
13.0011196136,80.2129974365,82734,82744,10
13.0017004013,80.2125473022,82744,82754,10
13.0021696091,80.2122268677,82754,82764,10
13.0026302338,80.212059021,82764,82774,10
13.0031204224,80.2119979858,82774,82784,10
13.003569603,80.2119216919,82784,82794,10
13.0036401749,80.2115020752,82794,82805,11
13.0036001205,80.2107620239,82805,82815,10
13.0035200119,80.2100830078,82815,82825,10
13.0035400391,80.2093811035,82825,82835,10
13.0037698746,80.2086791992,82835,82845,10
13.0045003891,80.2088699341,82845,82855,10
13.0053596497,80.2092437744,82855,82865,10
13.0061197281,80.2095108032,82865,82875,10
13.0067996979,80.2097167969,82875,82885,10
13.0072097778,80.2098007202,82885,82895,10
13.0076503754,80.2098693848,82895,82904,9
13.0079402924,80.2099380493,82904,82916,12
13.0081195831,80.2098083496,82916,82926,10
13.008020401,80.2093200684,82926,82936,10
13.007900238,80.2085494995,82936,82946,10
13.0077800751,80.2076568604,82946,82956,10
13.0076599121,80.2065963745,82956,82966,10
13.0074100494,80.2056121826,82966,82976,10
13.007060051,80.204788208,82976,82986,10
13.0066604614,80.2039718628,82986,82996,10
13.0061197281,80.2032165527,82996,83006,10
13.00578022,80.2026901245,83006,83016,10
13.0054597855,80.2019729614,83016,83027,11
13.0047197342,80.2013168335,83027,83037,10
13.0040302277,80.2010192871,83037,83047,10
13.0032396317,80.2008209229,83047,83057,10
13.0024204254,80.2005691528,83057,83067,10
13.0018501282,80.1999969482,83067,83077,10
13.0017004013,80.1993865967,83077,83087,10
13.0017900467,80.1985778809,83087,83097,10
13.0019197464,80.1977310181,83097,83107,10
13.0019302368,80.1969070435,83107,83117,10
13.0013904572,80.1960296631,83117,83127,10
13.0006904602,80.1951370239,83127,83138,11
13.0000400543,80.1941604614,83138,83148,10
12.9993896484,80.1933364868,83148,83158,10
12.9987401962,80.1926727295,83158,83168,10
12.9982595444,80.1922683716,83168,83178,10
12.997759819,80.1926498413,83178,83188,10
12.9971399307,80.1931304932,83188,83198,10
12.996919632,80.1932983398,83198,83208,10
12.9966802597,80.1933517456,83208,83218,10
12.9967098236,80.193069458,83218,83228,10
12.996629715,80.1925811768,83228,83238,10
12.9964895248,80.1920700073,83238,83249,11
12.9964103699,80.1916885376,83249,83259,10
12.9963903427,80.1915283203,83259,83269,10
12.9963998795,80.1914825439,83269,83279,10
12.9965896606,80.1913299561,83279,83289,10
12.9968395233,80.1911621094,83289,83945,656
12.9968395233,80.1911621094,83945,83955,10
12.9970598221,80.191078186,83955,83965,10
12.997179985,80.1912002563,83965,83975,10
12.9971103668,80.1911621094,83975,83985,10
12.9969797134,80.1912078857,83985,85580,1595
