13.0333995819,80.2305679321,18,2440,2422
13.0332899094,80.2302398682,2440,2683,243
13.0332098007,80.2305603027,2683,4968,2285
13.0332603455,80.2304000854,4968,5079,111
13.0332603455,80.2304000854,5079,5089,10
13.0333499908,80.2304916382,5089,5326,237
13.0333499908,80.2304916382,5326,5336,10
13.0332603455,80.2305908203,5336,6660,1324
13.0333299637,80.23046875,6660,6768,108
13.0333595276,80.2304763794,6768,6883,115
13.0333900452,80.230506897,6883,7273,390
13.0333003998,80.2303924561,7273,18883,11610
13.0333003998,80.2303924561,18883,18893,10
13.033249855,80.2306594849,18893,18953,60
13.033249855,80.2306594849,18953,18964,11
13.0331802368,80.2305297852,18964,19015,51
13.0331802368,80.2305297852,19015,19025,10
13.0332098007,80.2304916382,19025,19035,10
13.0327596664,80.2305297852,19035,19045,10
13.0321903229,80.2305908203,19045,19055,10
13.0314397812,80.2306518555,19055,19065,10
13.0308599472,80.2306976318,19065,19075,10
13.0304403305,80.2307434082,19075,19086,11
13.02987957,80.2308120728,19086,19096,10
13.0297603607,80.2308425903,19096,19107,11
13.0293397903,80.2308807373,19107,19117,10
13.0286598206,80.2309494019,19117,19127,10
13.0279998779,80.231010437,19127,19137,10
13.0276603699,80.2311019897,19137,19148,11
13.0277004242,80.2316436768,19148,19158,10
13.0277500153,80.2321395874,19158,19168,10
13.0278396606,80.2326583862,19168,19178,10
13.0274000168,80.2328567505,19178,19188,10
13.026889801,80.2329788208,19188,19198,10
13.0267000198,80.2330093384,19198,19208,10
13.0264902115,80.2329788208,19208,19219,11
13.026260376,80.2325286865,19219,19229,10
13.0260400772,80.2317428589,19229,19237,8
13.0258798599,80.231048584,19237,19249,12
13.0253200531,80.2299423218,19249,19259,10
13.024720192,80.2291412354,19259,19269,10
13.0242300034,80.2285232544,19269,19279,10
13.0239200592,80.2281570435,19279,19289,10
13.0236196518,80.2277984619,19289,19299,10
13.0232200623,80.2273864746,19299,19309,10
13.0226602554,80.226890564,19309,19319,10
13.0220098495,80.226272583,19319,19330,11
13.0212497711,80.2257003784,19330,19340,10
13.0205202103,80.2251815796,19340,19350,10
13.0198001862,80.2247161865,19350,19359,9
13.0190200806,80.2244796753,19359,19371,12
13.0178604126,80.2248916626,19371,19381,10
13.0170402527,80.2252197266,19381,19391,10
13.0164403915,80.2253723145,19391,19401,10
13.0159902573,80.2255096436,19401,19411,10
13.0154304504,80.2258300781,19411,19421,10
13.0147104263,80.2261276245,19421,19431,10
13.0142803192,80.2263183594,19431,19442,11
13.0142498016,80.2263336182,19442,19452,10
13.0138502121,80.2264785767,19452,19462,10
13.0130901337,80.2267684937,19462,19472,10
13.0122203827,80.2271194458,19472,19482,10
13.0112600327,80.2274932861,19482,19492,10
13.0102500916,80.227897644,19492,19502,10
13.0093603134,80.2282867432,19502,19512,10
13.0090904236,80.2289810181,19512,19522,10
13.0088996887,80.2299423218,19522,19532,10
13.0086898804,80.2310562134,19532,19541,9
13.0085096359,80.2320785522,19541,19553,12
13.0083198547,80.2332000732,19553,19563,10
13.0081501007,80.2340164185,19563,19573,10
13.0079803467,80.2348937988,19573,19583,10
13.0077896118,80.2358169556,19583,19593,10
13.0075998306,80.2367706299,19593,19604,11
13.0073699951,80.2378921509,19604,19615,11
13.0072202682,80.238822937,19615,19625,10
13.0070104599,80.2396469116,19625,19635,10
13.0069198608,80.240196228,19635,19645,10
13.0068798065,80.2407226563,19645,19655,10
13.0068101883,80.2409667969,19655,19666,11
13.006770134,80.2416763306,19666,19676,10
13.006770134,80.2426071167,19676,19686,10
13.0067195892,80.2434463501,19686,19696,10
13.0067100525,80.2443771362,19696,19706,10
13.0067501068,80.2453308105,19706,19716,10
13.0067901611,80.2463226318,19716,19726,10
13.006819725,80.2472000122,19726,19736,10
13.0068702698,80.2490997314,19736,19746,10
13.0069103241,80.2496185303,19746,19756,10
13.0069103241,80.2496185303,19756,19766,10
13.0069103241,80.2497177124,19766,19777,11
13.0068902969,80.250328064,19777,19787,10
13.0068798065,80.2511520386,19787,19797,10
13.0067396164,80.2518768311,19797,19807,10
13.0065898895,80.2528381348,19807,19817,10
13.0065698624,80.2538986206,19817,19827,10
13.0066003799,80.2548217773,19827,19837,10
13.0066299438,80.2555999756,19837,19847,10
13.0066404343,80.2565002441,19847,19857,10
13.0066900253,80.2573318481,19857,19867,10
13.0069503784,80.2580795288,19867,19877,10
13.0074996948,80.2585830688,19877,19887,10
13.0082902908,80.2589416504,19887,19898,11
13.0093002319,80.2590866089,19898,19908,10
13.010430336,80.2591018677,19908,19918,10
13.0115499496,80.2590789795,19918,19928,10
13.0127096176,80.2591094971,19928,19938,10
13.0139598846,80.2591629028,19938,19948,10
13.0151796341,80.2592163086,19948,19958,10
13.0162000656,80.2595672607,19958,19967,9
13.0169200897,80.2600479126,19967,19978,11
13.0178203583,80.2606582642,19978,19988,10
13.018529892,80.2611312866,19988,19998,10
13.0191898346,80.261680603,19998,20009,11
13.0197896957,80.262260437,20009,20019,10
13.0204601288,80.2627563477,20019,20029,10
13.0212497711,80.2629470825,20029,20038,9
13.021780014,80.2631835938,20038,20049,11
13.0221796036,80.263381958,20049,20059,10
13.0233097076,80.2639389038,20059,20069,10
13.0238800049,80.2642822266,20069,20079,10
13.0238800049,80.2642822266,20079,20089,10
13.0245599747,80.2647476196,20089,20099,10
13.0249595642,80.265083313,20099,20109,10
13.0254201889,80.2653884888,20109,20120,11
13.0260696411,80.2657928467,20120,20130,10
13.0263004303,80.2657699585,20130,20140,10
13.0263299942,80.2655334473,20140,20150,10
13.0263500214,80.2652664185,20150,20160,10
13.0263795853,80.2649230957,20160,20170,10
13.0264797211,80.2643432617,20170,20180,10
13.0265398026,80.2637405396,20180,20190,10
13.0267000198,80.2634811401,20190,20200,10
13.027179718,80.2634811401,20200,20210,10
13.0276899338,80.2636108398,20210,20220,10
13.0283498764,80.2637786865,20220,20231,11
13.0283498764,80.2637786865,20231,20241,10
13.0287399292,80.2638626099,20241,20251,10
13.0292396545,80.263999939,20251,20261,10
13.0293197632,80.264251709,20261,20271,10
13.0293703079,80.2645797729,20271,20281,10
13.0293302536,80.2652511597,20281,20291,10
13.0292797089,80.2660217285,20291,20301,10
13.0291996002,80.2664718628,20301,20311,10
13.0295095444,80.2665634155,20311,20321,10
13.030090332,80.2666091919,20321,20331,10
13.0307598114,80.2667236328,20331,20341,10
13.0313997269,80.2668228149,20341,20352,11
13.032119751,80.2671508789,20352,20362,10
13.0325803757,80.2673721313,20362,20372,10
13.0330600739,80.2676010132,20372,20382,10
13.0334396362,80.2676925659,20382,20392,10
13.0334796906,80.2677612305,20392,20402,10
13.0338001251,80.267829895,20402,20412,10
13.0343599319,80.2679290771,20412,20422,10
13.0345897675,80.2679367065,20422,20432,10
13.034620285,80.2680664063,20432,20442,10
13.0345001221,80.2681121826,20442,20454,12
13.0341596603,80.2679901123,20454,20464,10
13.0334796906,80.2678909302,20464,20514,50
13.0334796906,80.2678909302,20514,20524,10
13.0332202911,80.2677993774,20524,20534,10
13.0328798294,80.2677230835,20534,20544,10
13.03262043,80.2675476074,20544,20554,10
13.0323696136,80.2674026489,20554,20564,10
13.0318098068,80.2671432495,20564,20575,11
13.0312204361,80.2669067383,20575,20585,10
13.0305700302,80.2667770386,20585,20595,10
13.0298995972,80.2666702271,20595,20605,10
13.0293998718,80.2666015625,20605,20615,10
13.0289697647,80.2664337158,20615,20625,10
13.0284900665,80.2663421631,20625,20633,8
13.0281801224,80.2662734985,20633,20646,13
13.0276603699,80.2662200928,20646,20656,10
13.0269603729,80.2661437988,20656,20666,10
13.0264196396,80.2660217285,20666,20676,10
13.0259103775,80.2657699585,20676,20687,11
13.0253801346,80.2654190063,20687,20697,10
13.025270462,80.2653503418,20697,20707,10
13.0250597,80.2651596069,20707,20717,10
13.0246400833,80.2648162842,20717,20726,9
13.0241804123,80.2644805908,20726,20737,11
13.023440361,80.2640686035,20737,20747,10
13.0228595734,80.2637329102,20747,20757,10
13.0223302841,80.2634735107,20757,20767,10
13.0220804214,80.2633590698,20767,20777,10
13.0218000412,80.2632217407,20777,20788,11
13.0210599899,80.2630310059,20788,20798,10
13.0203399658,80.2630233765,20798,20807,9
13.0198202133,80.2629776001,20807,20818,11
13.0191898346,80.2629165649,20818,20827,9
13.0189399719,80.2627410889,20827,20839,12
13.0188398361,80.2619476318,20839,20849,10
13.018699646,80.2613601685,20849,20859,10
13.0180101395,80.2608184814,20859,20869,10
13.017250061,80.2603225708,20869,20880,11
13.016409874,80.2597808838,20880,20890,10
13.016119957,80.2596588135,20890,20900,10
13.0158500671,80.2595367432,20900,20910,10
13.0152196884,80.2593612671,20910,20919,9
13.0145101547,80.2592926025,20919,20930,11
13.0134401321,80.2592468262,20930,20940,10
13.0123701096,80.2592086792,20940,20950,10
13.0113897324,80.2591781616,20950,20960,10
13.0105104446,80.2592086792,20960,20970,10
13.0094499588,80.2592010498,20970,20980,10
13.0088195801,80.2591705322,20980,20991,11
13.0085296631,80.2591629028,20991,21001,10
13.007900238,80.259262085,21001,21011,10
13.0073404312,80.2591629028,21011,21021,10
13.0071601868,80.258682251,21021,21031,10
13.0069198608,80.2582168579,21031,21041,10
13.0066404343,80.2577590942,21041,21051,10
13.006529808,80.2574691772,21051,21061,10
13.0065402985,80.2571792603,21061,21071,10
13.0065402985,80.2564697266,21071,21081,10
13.0065498352,80.2556381226,21081,21092,11
13.0065603256,80.254699707,21092,21101,9
13.0065402985,80.2538604736,21101,21112,11
13.0065698624,80.2532501221,21112,21122,10
13.0065603256,80.2531585693,21122,21131,9
13.0065603256,80.2528305054,21131,21142,11
13.0066204071,80.252166748,21142,21152,10
13.0067396164,80.2515182495,21152,21162,10
13.0068302155,80.2505874634,21162,21172,10
13.0067796707,80.2493972778,21172,21182,10
13.0066699982,80.2483291626,21182,21192,10
13.0066604614,80.2476577759,21192,21203,11
13.0066795349,80.2469406128,21203,21213,10
13.0066299438,80.2464981079,21213,21223,10
13.0066900253,80.2459793091,21223,21233,10
13.0066795349,80.2453079224,21233,21243,10
13.0066900253,80.2444229126,21243,21253,10
13.0066795349,80.2437286377,21253,21263,10
13.0066404343,80.2432327271,21263,21273,10
13.0066099167,80.2427215576,21273,21283,10
13.0065898895,80.2416229248,21283,21293,10
13.0066699982,80.2409591675,21293,21304,11
13.006770134,80.2403488159,21304,21314,10
13.0068998337,80.2397994995,21314,21324,10
13.0070199966,80.2391433716,21324,21334,10
13.0072002411,80.238243103,21334,21344,10
13.0073900223,80.2373428345,21344,21354,10
13.0075302124,80.2365188599,21354,21364,10
13.0077295303,80.2355117798,21364,21373,9
13.0078897476,80.2347335815,21373,21384,11
13.0081396103,80.2334976196,21384,21394,10
13.0083703995,80.2323608398,21394,21405,11
13.0086202621,80.2311325073,21405,21415,10
13.0088100433,80.2300872803,21415,21425,10
13.0090198517,80.2291412354,21425,21433,8
13.0091695786,80.2284011841,21433,21445,12
13.0096101761,80.2273178101,21445,21455,10
13.0099802017,80.2264785767,21455,21465,10
13.0103797913,80.2257232666,21465,21475,10
13.0107498169,80.2249603271,21475,21485,10
13.0111103058,80.2240905762,21485,21495,10
13.0114803314,80.223197937,21495,21505,10
13.0119199753,80.2222366333,21505,21516,11
13.0122404099,80.2215118408,21516,21526,10
13.0123195648,80.2214813232,21526,21547,21
13.0128202438,80.2221069336,21547,21559,12
13.0134496689,80.2228012085,21559,21569,10
13.0138301849,80.223197937,21569,21579,10
13.0141201019,80.2236175537,21579,21589,10
13.0144796371,80.2239685059,21589,21599,10
13.0150899887,80.2246780396,21599,21609,10
13.0155696869,80.2251434326,21609,21619,10
13.0163202286,80.2253189087,21619,21630,11
13.0172700882,80.2250137329,21630,21640,10
13.0181903839,80.224647522,21640,21650,10
13.0190496445,80.2244033813,21650,21660,10
13.0196304321,80.2245330811,21660,21669,9
13.0196695328,80.2245788574,21669,21679,10
13.0199298859,80.2247467041,21679,21690,11
13.0205497742,80.2251968384,21690,21699,9
13.0210800171,80.2255783081,21699,21710,11
13.0219497681,80.2262268066,21710,21720,10
13.0227203369,80.2268829346,21720,21731,11
13.0233697891,80.2275466919,21731,21741,10
13.0242004395,80.2282791138,21741,21751,10
13.0247402191,80.2290420532,21751,21760,9
13.0252399445,80.2297286987,21760,21771,11
13.0258398056,80.2306518555,21771,21780,9
13.0260601044,80.2312774658,21780,21789,9
13.0263004303,80.2313079834,21789,21801,12
13.0271196365,80.2310791016,21801,21811,10
13.0278902054,80.2309799194,21811,21821,10
13.0286397934,80.2308883667,21821,21832,11
13.0293302536,80.2308120728,21832,21841,9
13.029540062,80.2307891846,21841,21852,11
13.0304498672,80.2306976318,21852,21862,10
13.0309896469,80.2306594849,21862,21870,8
13.031539917,80.2306137085,21870,21882,12
13.0325803757,80.2305221558,21882,21892,10
13.0334196091,80.23046875,21892,21902,10
13.0339403152,80.2304000854,21902,21912,10
13.0341300964,80.2304077148,21912,21922,10
13.0345602036,80.2303390503,21922,21932,10
13.0350198746,80.2301330566,21932,21953,21
13.0350198746,80.2301330566,21953,21976,23
13.0343999863,80.2298965454,21976,22059,83
13.0341901779,80.2299194336,22059,23323,1264
13.0343103409,80.2302703857,23323,23343,20
13.0343103409,80.2302703857,23343,23353,10
13.0340099335,80.230430603,23353,23363,10
13.0336999893,80.2304382324,23363,23373,10
13.0331802368,80.2304611206,23373,23383,10
13.0325498581,80.2305221558,23383,23393,10
13.0319404602,80.2305831909,23393,23404,11
13.0311203003,80.2306365967,23404,23414,10
13.0307197571,80.2306671143,23414,23424,10
13.0302600861,80.2307434082,23424,23434,10
13.0299196243,80.2307815552,23434,23443,9
13.0298900604,80.2307891846,23443,23454,11
13.0296401978,80.230796814,23454,23464,10
13.0291500092,80.2308425903,23464,23474,10
13.0285997391,80.2309036255,23474,23484,10
13.0279598236,80.2309494019,23484,23494,10
13.027680397,80.2310180664,23494,23504,10
13.0277004242,80.2314605713,23504,23515,11
13.027759552,80.2320709229,23515,23525,10
13.0278596878,80.2326507568,23525,23535,10
13.0273599625,80.2328491211,23535,23565,30
13.0273599625,80.2328491211,23565,23574,9
13.0269804001,80.2329177856,23574,23585,11
13.0266704559,80.2329711914,23585,23595,10
13.0263204575,80.232673645,23595,23605,10
13.026140213,80.231842041,23605,23615,10
13.0258998871,80.2308120728,23615,23627,12
13.0251998901,80.229637146,23627,23637,10
13.0246295929,80.2289505005,23637,23647,10
13.0240097046,80.2282485962,23647,23667,20
13.0240097046,80.2282485962,23667,23677,10
13.0237197876,80.227897644,23677,23687,10
13.0231599808,80.2273788452,23687,23697,10
13.0226602554,80.2269134521,23697,23707,10
13.0224199295,80.2266082764,23707,23718,11
13.0218000412,80.2260894775,23718,23728,10
13.021030426,80.2254867554,23728,23738,10
13.0199298859,80.2248001099,23738,23768,30
13.0199298859,80.2248001099,23768,23778,10
13.0195798874,80.224609375,23778,23788,10
13.0188102722,80.2245101929,23788,23798,10
13.017829895,80.2248916626,23798,23808,10
13.0168104172,80.2253036499,23808,23818,10
13.0162296295,80.2255630493,23818,23829,11
13.015370369,80.2258529663,23829,23839,10
13.0146198273,80.2261505127,23839,23848,9
13.0143098831,80.2262802124,23848,23859,11
13.0141801834,80.2263183594,23859,23869,10
13.0136404037,80.2265319824,23869,23879,10
13.0127801895,80.2268600464,23879,23889,10
13.0117502213,80.2272720337,23889,23899,10
13.0106601715,80.2277069092,23899,23909,10
13.0095701218,80.2281570435,23909,23919,10
13.0091199875,80.2288894653,23919,23929,10
13.0088796616,80.2300796509,23929,23940,11
13.008600235,80.2315216064,23940,23950,10
13.0083703995,80.2326812744,23950,23960,10
13.0082798004,80.2334823608,23960,23970,10
13.0082597733,80.2335891724,23970,23980,10
13.0081996918,80.2337722778,23980,23990,10
13.0080699921,80.2342605591,23990,24000,10
13.0079202652,80.2350463867,24000,24010,10
13.0077400208,80.2359695435,24010,24020,10
13.007519722,80.2370605469,24020,24030,10
13.0073204041,80.2380905151,24030,24040,10
13.0071802139,80.2388687134,24040,24051,11
13.0070199966,80.239692688,24051,24061,10
13.0069198608,80.2403182983,24061,24071,10
13.0068998337,80.2405166626,24071,24081,10
13.0068302155,80.2406005859,24081,24091,10
13.0067796707,80.2409973145,24091,24101,10
13.0067501068,80.2417831421,24101,24111,10
13.0067100525,80.2427978516,24111,24121,10
13.0066795349,80.2437820435,24121,24131,10
13.006649971,80.2448806763,24131,24141,10
13.0067300797,80.2459487915,24141,24151,10
13.0067501068,80.2469787598,24151,24162,11
13.0067396164,80.2479782104,24162,24172,10
13.0067996979,80.2489700317,24172,24182,10
13.0068502426,80.2494430542,24182,24192,10
13.0068597794,80.2494735718,24192,24202,10
13.0068798065,80.2498626709,24202,24212,10
13.0068702698,80.2506332397,24212,24222,10
13.0068397522,80.2511978149,24222,24232,10
13.0068101883,80.2514572144,24232,24242,10
13.0066900253,80.2519989014,24242,24252,10
13.0066099167,80.2528381348,24252,24262,10
13.0066099167,80.2537231445,24262,24273,11
13.0066604614,80.254699707,24273,24283,10
13.0066604614,80.2556915283,24283,24293,10
13.0066404343,80.2566680908,24293,24303,10
13.0067300797,80.2573623657,24303,24313,10
13.0070104599,80.2579269409,24313,24329,16
13.0076999664,80.2586288452,24329,24341,12
13.0077600479,80.258682251,24341,24349,8
13.0080604553,80.2588272095,24349,24361,12
13.0088996887,80.2590789795,24361,24372,11
13.0098600388,80.2590713501,24372,24384,12
13.0111598969,80.2590637207,24384,24394,10
13.0122804642,80.2590789795,24394,24403,9
13.0133399963,80.2591171265,24403,24414,11
13.0146903992,80.2591781616,24414,24424,10
13.0157804489,80.2593231201,24424,24434,10
13.0163698196,80.2596206665,24434,24444,10
13.0164699554,80.2596969604,24444,24454,10
13.0165395737,80.2597808838,24454,24464,10
13.0169401169,80.260093689,24464,24474,10
13.0176296234,80.2605514526,24474,24484,10
13.0183801651,80.2610778809,24484,24495,11
13.019109726,80.2616577148,24495,24505,10
13.0197401047,80.2622528076,24505,24515,10
13.0202198029,80.2626495361,24515,24525,10
13.0203104019,80.2626876831,24525,24535,10
13.0203695297,80.2627182007,24535,24545,10
13.0207500458,80.2628631592,24545,24555,10
13.0213804245,80.2630691528,24555,24565,10
13.0219602585,80.263343811,24565,24575,10
13.0222501755,80.263458252,24575,24585,10
13.0226802826,80.2637329102,24585,24595,10
13.0229196548,80.2638168335,24595,24605,10
13.0231199265,80.2639770508,24605,24616,11
13.0236597061,80.264289856,24616,24626,10
13.0244197845,80.2646789551,24626,24636,10
13.0249004364,80.2651062012,24636,24646,10
13.0254402161,80.2654800415,24646,24656,10
13.0259895325,80.2658615112,24656,24666,10
13.0262403488,80.26587677,24666,24676,10
13.0263299942,80.2655410767,24676,24686,10
13.0264101028,80.2648773193,24686,24696,10
13.0265398026,80.2642364502,24696,24706,10
13.0265798569,80.2641372681,24706,24717,11
13.0266304016,80.2638015747,24717,24727,10
13.026720047,80.2634735107,24727,24737,10
13.0270395279,80.2635192871,24737,24747,10
13.0276203156,80.263633728,24747,24757,10
13.0281600952,80.2637786865,24757,24767,10
13.0287504196,80.263961792,24767,24777,10
13.0292301178,80.2640762329,24777,24787,10
13.0293598175,80.2643585205,24787,24797,10
13.0294103622,80.2647781372,24797,24807,10
13.0293598175,80.2654571533,24807,24818,11
13.0293197632,80.2658615112,24818,24827,9
13.0292797089,80.2660980225,24827,24838,11
13.0293703079,80.266456604,24838,24848,10
13.0298299789,80.2665786743,24848,24858,10
13.0304603577,80.2667236328,24858,24868,10
13.0311203003,80.2668914795,24868,24878,10
13.0317201614,80.2671737671,24878,24888,10
13.0323200226,80.2674484253,24888,24898,10
13.0328798294,80.2677307129,24898,24908,10
13.0333795547,80.2678222656,24908,24918,10
13.0333995819,80.267829895,24918,24929,11
13.0334701538,80.2678222656,24929,24939,10
13.0338497162,80.267906189,24939,24949,10
13.0344896317,80.2680206299,24949,24969,20
13.0344896317,80.2680206299,24969,24979,10
13.0344800949,80.2681808472,24979,24989,10
13.0343103409,80.268081665,24989,24999,10
13.0333995819,80.2678909302,24999,25393,394
13.0331401825,80.2677993774,25393,25847,454
13.0331401825,80.2677993774,25847,25857,10
13.0329999924,80.2678070068,25857,25867,10
13.0327196121,80.2677230835,25867,25877,10
13.0324602127,80.267539978,25877,25887,10
13.0318698883,80.2672424316,25887,25897,10
13.0311803818,80.2669906616,25897,25907,10
13.030500412,80.2667922974,25907,25918,11
13.0299596786,80.2666625977,25918,25928,10
13.0296201706,80.2666320801,25928,25938,10
13.0293197632,80.2665634155,25938,25948,10
13.028960228,80.266456604,25948,25958,10
13.0284900665,80.2663803101,25958,25968,10
13.0279998779,80.2663421631,25968,25978,10
13.0274400711,80.2664031982,25978,25988,10
13.0269203186,80.266242981,25988,25998,10
13.0264396667,80.2660369873,25998,26008,10
13.0259399414,80.2657623291,26008,26019,11
13.025560379,80.2655181885,26019,26029,10
13.0255298615,80.2655029297,26029,26039,10
13.0252304077,80.2652816772,26039,26049,10
13.0248003006,80.2649765015,26049,26059,10
13.0242595673,80.2645797729,26059,26069,10
13.0237102509,80.2642593384,26069,26079,10
13.022939682,80.2638015747,26079,26089,10
13.0221300125,80.2634506226,26089,26119,30
13.0221300125,80.2634506226,26119,26130,11
13.0218601227,80.2632980347,26130,26140,10
13.0214004517,80.263130188,26140,26156,16
13.02023983,80.2630233765,26156,26169,13
13.0193595886,80.2629318237,26169,26179,10
13.018989563,80.2626800537,26179,26188,9
13.0188598633,80.2620162964,26188,26199,11
13.0185403824,80.2612380981,26199,26209,10
13.0181598663,80.2610015869,26209,26219,10
13.0174303055,80.2604904175,26219,26229,10
13.0165996552,80.2599563599,26229,26239,10
13.0160598755,80.2596969604,26239,26250,11
13.0158500671,80.2595672607,26250,26260,10
13.0152196884,80.2593765259,26260,26270,10
13.0143404007,80.2593002319,26270,26280,10
13.0132303238,80.259262085,26280,26290,10
13.0119800568,80.2591934204,26290,26300,10
13.0107898712,80.2591934204,26300,26310,10
13.0097999573,80.2592163086,26310,26320,10
13.0089998245,80.2592163086,26320,26330,10
13.0087003708,80.2592010498,26330,26340,10
13.0080604553,80.2592391968,26340,26351,11
13.0074596405,80.259147644,26351,26361,10
13.0072402954,80.2587127686,26361,26371,10
13.0069999695,80.2582473755,26371,26381,10
13.0067796707,80.2578811646,26381,26391,10
13.0066299438,80.2576522827,26391,26401,10
13.0065803528,80.2569198608,26401,26411,10
13.0066003799,80.2562103271,26411,26421,10
13.0065898895,80.2553787231,26421,26431,10
13.0066003799,80.2545776367,26431,26441,10
13.0065898895,80.2537765503,26441,26451,10
13.0065898895,80.2536468506,26451,26468,17
13.0066299438,80.2532272339,26468,26480,12
13.0066204071,80.2529983521,26480,26490,10
13.0066099167,80.2526092529,26490,26520,30
13.0066099167,80.2526092529,26520,26530,10
13.0066795349,80.2519607544,26530,26591,61
13.0066795349,80.2519607544,26591,26601,10
13.0067501068,80.2515563965,26601,26611,10
13.0068101883,80.2509002686,26611,26621,10
13.0067996979,80.2499771118,26621,26631,10
13.0067796707,80.2489700317,26631,26641,10
13.0066900253,80.2479782104,26641,26651,10
13.0066900253,80.2474899292,26651,26712,61
13.0066900253,80.2474899292,26712,26722,10
13.0067195892,80.2473602295,26722,26732,10
13.0067195892,80.2469329834,26732,26742,10
13.0066795349,80.2460632324,26742,26752,10
13.0066604614,80.2450332642,26752,26762,10
13.0066299438,80.2440032959,26762,26772,10
13.0065898895,80.2429428101,26772,26782,10
13.0065603256,80.241897583,26782,26792,10
13.0065603256,80.241569519,26792,26803,11
13.0066003799,80.2411422729,26803,26813,10
13.0067195892,80.2404785156,26813,26823,10
13.0069303513,80.2397537231,26823,26833,10
13.0070800781,80.2387619019,26833,26843,10
13.007229805,80.2379379272,26843,26853,10
13.007399559,80.2371520996,26853,26863,10
13.0074300766,80.2367172241,26863,26873,10
13.0074596405,80.236579895,26873,26883,10
13.0075902939,80.2361068726,26883,26893,10
13.0077400208,80.2353515625,26893,26904,11
13.0079402924,80.2343826294,26904,26914,10
13.0083599091,80.2322616577,26914,26924,10
13.0083599091,80.2322616577,26924,26934,10
13.0085601807,80.2312164307,26934,26944,10
13.0087604523,80.230178833,26944,26954,10
13.0089597702,80.2291793823,26954,26964,10
13.009180069,80.2282028198,26964,26974,10
13.0095701218,80.2272796631,26974,26984,10
13.0100097656,80.2263565063,26984,26995,11
13.0104799271,80.2254867554,26995,27005,10
13.0108604431,80.224647522,27005,27016,11
13.0112600327,80.2236785889,27016,27026,10
13.0115995407,80.22290802,27026,27036,10
13.0119400024,80.2220230103,27036,27046,10
13.0122699738,80.2214736938,27046,27056,10
13.0125198364,80.2217330933,27056,27066,10
13.013010025,80.2223510742,27066,27076,10
13.0136203766,80.2229995728,27076,27086,10
13.0141096115,80.223449707,27086,27096,10
13.0143404007,80.2237701416,27096,27106,10
13.0146198273,80.2240829468,27106,27116,10
13.0154800415,80.224937439,27116,27137,21
13.0154800415,80.224937439,27137,27147,10
13.0158395767,80.2252807617,27147,27157,10
13.0165700912,80.2253189087,27157,27167,10
13.0174598694,80.2249832153,27167,27177,10
13.0183897018,80.224609375,27177,27187,10
13.0193004608,80.2244262695,27187,27197,10
13.0199203491,80.2247009277,27197,27207,10
13.0207901001,80.2253112793,27207,27217,10
13.0215797424,80.2258834839,27217,27227,10
13.0219697952,80.2261581421,27227,27238,11
13.0220298767,80.2262191772,27238,27248,10
13.0223798752,80.2265472412,27248,27257,9
13.0228996277,80.2270278931,27257,27268,11
13.0236797333,80.2277679443,27268,27278,10
13.0243396759,80.2284469604,27278,27288,10
13.0248403549,80.2291412354,27288,27297,9
13.0253601074,80.2298202515,27297,27308,11
13.0257997513,80.2304916382,27308,27318,10
13.0259504318,80.2307434082,27318,27328,10
13.0260000229,80.2309570313,27328,27339,11
13.0260295868,80.2312164307,27339,27349,10
13.0262498856,80.2313690186,27349,27359,10
13.0268297195,80.2311706543,27359,27369,10
13.0276603699,80.231010437,27369,27379,10
13.0282096863,80.2309494019,27379,27389,10
13.0284099579,80.2309265137,27389,27399,10
13.0286502838,80.2309417725,27399,27409,10
13.0289802551,80.2309188843,27409,27419,10
13.0292596817,80.2308883667,27419,27429,10
13.0292701721,80.2308883667,27429,27439,10
13.0295295715,80.2308578491,27439,27449,10
13.0300703049,80.230796814,27449,27460,11
13.0307798386,80.2307434082,27460,27469,9
13.0314598083,80.2306900024,27469,27480,11
13.0324401855,80.2306213379,27480,27490,10
13.0333299637,80.2305603027,27490,27500,10
13.0343799591,80.23046875,27500,27520,20
13.0343799591,80.23046875,27520,27530,10
13.0344800949,80.2303695679,27530,27540,10
13.0348997116,80.2302703857,27540,27550,10
13.0351200104,80.2300109863,27550,27561,11
13.0350599289,80.2298202515,27561,27571,10
13.0348997116,80.2297973633,27571,27581,10
13.0343503952,80.2297592163,27581,27631,50
13.0343503952,80.2297592163,27631,27641,10
13.0337200165,80.2297821045,27641,27762,121
13.0337200165,80.2297821045,27762,27772,10
13.0334300995,80.2298965454,27772,27934,162
13.0334300995,80.2298965454,27934,27944,10
13.0333900452,80.230140686,27944,27984,40
13.0333900452,80.230140686,27984,27994,10
13.0334300995,80.2302780151,27994,28075,81
13.0333595276,80.2301025391,28075,28529,454
13.033659935,80.2298583984,28529,28630,101
13.0335998535,80.2296066284,28630,28651,21
13.0335998535,80.2296066284,28651,28661,10
13.0337200165,80.2295837402,28661,28751,90
13.0339097977,80.2298965454,28751,28973,222
13.034040451,80.2298812866,28973,29155,182
13.0339403152,80.2298431396,29155,29720,565
13.0342597961,80.2299423218,29720,29831,111
13.0342102051,80.2303314209,29831,29851,20
13.0342102051,80.2303314209,29851,29862,11
13.033829689,80.2304916382,29862,29872,10
13.0336198807,80.2304992676,29872,29882,10
13.0334596634,80.23046875,29882,29892,10
13.032910347,80.2304992676,29892,29902,10
13.0322599411,80.2305984497,29902,29912,10
13.0314903259,80.2306594849,29912,29922,10
13.0309801102,80.2306976318,29922,29932,10
13.0306997299,80.2307434082,29932,29942,10
13.0299196243,80.2308731079,29942,29983,41
13.0299196243,80.2308731079,29983,29993,10
13.0296096802,80.2308273315,29993,30003,10
13.029250145,80.2308807373,30003,30013,10
13.0285797119,80.2309417725,30013,30023,10
13.0279397964,80.2310180664,30023,30033,10
13.0277500153,80.231262207,30033,30043,10
13.0277500153,80.2317581177,30043,30053,10
13.0278396606,80.2323913574,30053,30063,10
13.0277795792,80.2328414917,30063,30073,10
13.0270700455,80.2329406738,30073,30104,31
13.0270700455,80.2329406738,30104,30114,10
13.0267696381,80.2329711914,30114,30124,10
13.02643013,80.2328491211,30124,30134,10
13.0261898041,80.232170105,30134,30144,10
13.02602005,80.2316131592,30144,30154,10
13.0260295868,80.2314987183,30154,30164,10
13.0259103775,80.2310409546,30164,30174,10
13.0255804062,80.2302780151,30174,30185,11
13.0249900818,80.2294921875,30185,30195,10
13.0247602463,80.2292175293,30195,30205,10
13.0245199203,80.2289199829,30205,30215,10
13.024020195,80.2283172607,30215,30235,20
13.024020195,80.2283172607,30235,30245,10
13.024020195,80.2282562256,30245,30255,10
13.0238800049,80.2281112671,30255,30265,10
13.0235595703,80.2277679443,30265,30275,10
13.0231895447,80.2274398804,30275,30285,10
13.0227203369,80.2270278931,30285,30295,10
13.0223798752,80.2266769409,30295,30306,11
13.0220499039,80.2263565063,30306,30316,10
13.0218601227,80.2261962891,30316,30326,10
13.0214395523,80.2258605957,30326,30336,10
13.020939827,80.225479126,30336,30346,10
13.0203695297,80.2251205444,30346,30356,10
13.019900322,80.224822998,30356,30382,26
13.019900322,80.224822998,30382,30394,12
13.0195798874,80.2246932983,30394,30402,8
13.0190296173,80.2245483398,30402,30415,13
13.0179100037,80.2248687744,30415,30425,10
13.0170202255,80.2252426147,30425,30435,10
13.0163698196,80.2255020142,30435,30445,10
13.0157499313,80.2257080078,30445,30455,10
13.0150098801,80.2259979248,30455,30465,10
13.0142498016,80.2263183594,30465,30505,40
13.0142498016,80.2263183594,30505,30523,18
13.0140304565,80.2264175415,30523,30536,13
13.0133600235,80.2266693115,30536,30546,10
13.012840271,80.2268600464,30546,30556,10
13.0120401382,80.2271881104,30556,30566,10
13.0112495422,80.2275009155,30566,30576,10
13.0104703903,80.2278137207,30576,30586,10
13.0097503662,80.2281112671,30586,30596,10
13.00922966,80.2284927368,30596,30606,10
13.0091199875,80.2290115356,30606,30616,10
13.0090503693,80.2293624878,30616,30626,10
13.0089302063,80.2299423218,30626,30637,11
13.0087795258,80.2306900024,30637,30647,10
13.0086202621,80.2315216064,30647,30657,10
13.0084400177,80.2324676514,30657,30667,10
13.0082302094,80.2336883545,30667,30697,30
13.0082302094,80.2336883545,30697,30707,10
13.0081796646,80.2338180542,30707,30717,10
13.0080795288,80.2342376709,30717,30726,9
13.0079803467,80.23487854,30726,30737,11
13.0077896118,80.2358398438,30737,30748,11
13.007610321,80.2367401123,30748,30758,10
13.0074596405,80.2374420166,30758,30768,10
13.0073204041,80.2382507324,30768,30778,10
13.0071697235,80.2390594482,30778,30787,9
13.0070199966,80.2397079468,30787,30798,11
13.0069198608,80.2402191162,30798,30808,10
13.0068798065,80.240562439,30808,30818,10
13.0068998337,80.2406387329,30818,30828,10
13.0068101883,80.2410125732,30828,30838,10
13.006770134,80.2416763306,30838,30849,11
13.0067796707,80.2424163818,30849,30859,10
13.0067596436,80.2429504395,30859,30869,10
13.0067596436,80.2432327271,30869,30879,10
13.0067501068,80.2435073853,30879,30889,10
13.0067501068,80.2437667847,30889,30899,10
13.0067300797,80.2440567017,30899,30929,30
13.0067300797,80.2440567017,30929,30939,10
13.0067300797,80.244392395,30939,30949,10
13.0067300797,80.2445602417,30949,30959,10
13.0066795349,80.2450408936,30959,30970,11
13.0067195892,80.2456665039,30970,30979,9
13.0067501068,80.2461929321,30979,30990,11
13.006770134,80.2468185425,30990,31000,10
13.0067195892,80.2476119995,31000,31010,10
13.006770134,80.2485275269,31010,31020,10
13.0068597794,80.2493972778,31020,31050,30
13.0068597794,80.2493972778,31050,31060,10
13.0068702698,80.2495727539,31060,31071,11
13.0068397522,80.2501602173,31071,31081,10
13.0068397522,80.2509384155,31081,31091,10
13.0068397522,80.2513198853,31091,31121,30
13.0068397522,80.2513198853,31121,31131,10
13.0068101883,80.2515411377,31131,31141,10
13.0066995621,80.251991272,31141,31151,10
13.0065803528,80.2528076172,31151,31161,10
13.0065698624,80.2537384033,31161,31171,10
13.0066003799,80.2546386719,31171,31181,10
13.0066299438,80.2553710938,31181,31192,11
13.0066204071,80.2564315796,31192,31202,10
13.0066604614,80.2573776245,31202,31242,40
13.0066604614,80.2573776245,31242,31258,16
13.0066995621,80.2578887939,31258,31270,12
13.0077495575,80.2587280273,31270,31302,32
13.0077495575,80.2587280273,31302,31312,10
13.0078802109,80.2587585449,31312,31322,10
13.0082101822,80.2588806152,31322,31331,9
13.0088195801,80.2590637207,31331,31342,11
13.0092096329,80.2590408325,31342,31352,10
13.0100803375,80.2590484619,31352,31362,10
13.0111103058,80.2590484619,31362,31372,10
13.0122499466,80.2590713501,31372,31382,10
13.0135097504,80.2591400146,31382,31392,10
13.0146999359,80.2591781616,31392,31403,11
13.0157899857,80.2593002319,31403,31413,10
13.0165100098,80.259727478,31413,31433,20
13.0165100098,80.259727478,31433,31443,10
13.0165395737,80.259803772,31443,31453,10
13.0167798996,80.259979248,31453,31463,10
13.0173101425,80.2603378296,31463,31473,10
13.0178699493,80.2607192993,31473,31483,10
13.0184297562,80.2611236572,31483,31493,10
13.0188598633,80.2614593506,31493,31503,10
13.019370079,80.2618789673,31503,31514,11
13.0202598572,80.2626800537,31514,31533,19
13.0202598572,80.2626800537,31533,31544,11
13.0205802917,80.262840271,31544,31554,10
13.0212802887,80.2630462646,31554,31564,10
13.0219202042,80.2633209229,31564,31574,10
13.0222196579,80.263458252,31574,31584,10
13.0230102539,80.2638778687,31584,31604,20
13.0230102539,80.2638778687,31604,31614,10
13.0232496262,80.2641220093,31614,31625,11
13.0237102509,80.2643203735,31625,31635,10
13.0242595673,80.2646636963,31635,31645,10
13.0248403549,80.2650375366,31645,31655,10
13.0252799988,80.2653503418,31655,31665,10
13.0259199142,80.2657623291,31665,31675,10
13.0262002945,80.2658233643,31675,31685,10
13.0262804031,80.2653427124,31685,31695,10
13.0263700485,80.2646865845,31695,31705,10
13.0264797211,80.2640075684,31705,31715,10
13.0265102386,80.2639465332,31715,31725,10
13.0265302658,80.2638778687,31725,31735,10
13.0265798569,80.2634811401,31735,31746,11
13.02684021,80.263381958,31746,31762,16
13.0275802612,80.2635269165,31762,31774,12
13.0282201767,80.2637405396,31774,31784,10
13.0283298492,80.2637786865,31784,31792,8
13.0285797119,80.2638626099,31792,31804,12
13.0291204453,80.2639694214,31804,31814,10
13.0293197632,80.2641296387,31814,31824,10
13.0293197632,80.2646484375,31824,31834,10
13.029299736,80.2652130127,31834,31844,10
13.0292596817,80.2659072876,31844,31854,10
13.0292396545,80.2661209106,31854,31865,11
13.0291996002,80.2664413452,31865,31875,10
13.0292100906,80.2665023804,31875,31885,10
13.0295495987,80.2665786743,31885,31895,10
13.0300998688,80.2666397095,31895,31905,10
13.0306396484,80.2667236328,31905,31915,10
13.0312204361,80.2668685913,31915,31925,10
13.0315999985,80.2670211792,31925,31935,10
13.0321903229,80.2673110962,31935,31945,10
13.0326595306,80.2675628662,31945,31955,10
13.0333404541,80.2677688599,31955,31996,41
13.0333404541,80.2677688599,31996,32006,10
13.0336799622,80.267868042,32006,32016,10
13.0338697433,80.2679214478,32016,32026,10
13.034119606,80.2679672241,32026,32036,10
13.0344800949,80.2679901123,32036,32067,31
13.0344800949,80.2679901123,32067,32077,10
13.0344495773,80.2680892944,32077,32097,20
13.0344495773,80.2680892944,32097,32107,10
13.0342702866,80.2680130005,32107,32117,10
13.0339202881,80.2678909302,32117,32127,10
13.0335197449,80.2678375244,32127,32228,101
13.0335197449,80.2678375244,32228,32238,10
13.0331802368,80.2677764893,32238,32248,10
13.0330600739,80.2677612305,32248,32258,10
13.0328197479,80.2677230835,32258,32268,10
13.0326099396,80.267578125,32268,32278,10
13.0321798325,80.2673034668,32278,32288,10
13.0316200256,80.2670669556,32288,32299,11
13.0306596756,80.2667617798,32299,32319,20
13.0306596756,80.2667617798,32319,32329,10
13.0298995972,80.2666397095,32329,32359,30
13.0298995972,80.2666397095,32359,32369,10
13.0295000076,80.2665863037,32369,32379,10
13.0292301178,80.2664794922,32379,32389,10
13.028719902,80.2663803101,32389,32400,11
13.0280504227,80.26612854,32400,32410,10
13.0274095535,80.2660293579,32410,32420,10
13.0266399384,80.2659606934,32420,32440,20
13.0266399384,80.2659606934,32440,32450,10
13.0263595581,80.2659912109,32450,32460,10
13.0261201859,80.26587677,32460,32470,10
13.0258398056,80.2657012939,32470,32480,10
13.0252895355,80.2653427124,32480,32500,20
13.0252895355,80.2653427124,32500,32511,11
13.0249996185,80.2650985718,32511,32521,10
13.0244998932,80.2647781372,32521,32531,10
13.0238399506,80.2643966675,32531,32541,10
13.0234203339,80.2641525269,32541,32551,10
13.0227804184,80.2637405396,32551,32561,10
13.0222997665,80.2635116577,32561,32571,10
13.0221595764,80.2634429932,32571,32581,10
13.0220003128,80.2633514404,32581,32591,10
13.0216999054,80.2632217407,32591,32601,10
13.0209703445,80.2630233765,32601,32611,10
13.0202999115,80.2629928589,32611,32622,11
13.0197896957,80.2629470825,32622,32632,10
13.0192699432,80.2628631592,32632,32642,10
13.0190095901,80.2626495361,32642,32652,10
13.0188703537,80.2618637085,32652,32662,10
13.0187301636,80.2612075806,32662,32672,10
13.0182199478,80.2609634399,32672,32682,10
13.0177402496,80.2606582642,32682,32692,10
13.0171804428,80.2602462769,32692,32702,10
13.0165195465,80.2598419189,32702,32712,10
13.0160799026,80.2596588135,32712,32722,10
13.0160598755,80.2596511841,32722,32732,10
13.0160303116,80.2596282959,32732,32743,11
13.0156002045,80.2594680786,32743,32753,10
13.0149002075,80.2593383789,32753,32769,16
13.0135097504,80.259262085,32769,32781,12
13.012339592,80.2592010498,32781,32791,10
13.0116100311,80.2591629028,32791,32801,10
13.0107002258,80.2591629028,32801,32811,10
13.0100002289,80.2592468262,32811,32821,10
13.0098600388,80.259262085,32821,32831,10
13.0096797943,80.2592163086,32831,32841,10
13.0092897415,80.2591629028,32841,32852,11
13.0089502335,80.2591400146,32852,32862,10
13.0087299347,80.2591094971,32862,32872,10
13.0082302094,80.2590713501,32872,32882,10
13.0077199936,80.2591400146,32882,32892,10
13.0074396133,80.2589035034,32892,32902,10
13.0072698593,80.2585983276,32902,32912,10
13.0072603226,80.2585296631,32912,32922,10
13.0070400238,80.2581787109,32922,32932,10
13.0066204071,80.2576980591,32932,33013,81
13.0066204071,80.2576980591,33013,33023,10
13.0064001083,80.2574996948,33023,33033,10
13.0064001083,80.2571029663,33033,33043,10
13.0064001083,80.2563705444,33043,33053,10
13.0064401627,80.2554626465,33053,33063,10
13.0065002441,80.2546386719,33063,33074,11
13.0064897537,80.2536697388,33074,33084,10
13.0065002441,80.2531661987,33084,33094,10
13.0065002441,80.2531585693,33094,33104,10
13.0065002441,80.253112793,33104,33114,10
13.0065002441,80.2527084351,33114,33124,10
13.0066604614,80.2517776489,33124,33195,71
13.0066604614,80.2517776489,33195,33205,10
13.0067901611,80.2512969971,33205,33215,10
13.0067796707,80.250579834,33215,33225,10
13.0067796707,80.2497406006,33225,33235,10
13.0067901611,80.2495574951,33235,33245,10
13.006770134,80.2492370605,33245,33255,10
13.0066900253,80.2485961914,33255,33296,41
13.0066900253,80.2485961914,33296,33306,10
13.0067396164,80.2484207153,33306,33316,10
13.0067396164,80.2482833862,33316,33326,10
13.0066995621,80.2479782104,33326,33336,10
13.0066900253,80.2474517822,33336,33346,10
13.0066795349,80.2469482422,33346,33356,10
13.0066299438,80.2464675903,33356,33376,20
13.0066299438,80.2464675903,33376,33386,10
13.0066795349,80.2461166382,33386,33396,10
13.0066699982,80.2454376221,33396,33407,11
13.0066404343,80.2448501587,33407,33417,10
13.0066204071,80.2446136475,33417,33427,10
13.0066003799,80.244178772,33427,33437,10
13.0066204071,80.2438278198,33437,33447,10
13.0066204071,80.2435379028,33447,33457,10
13.0066003799,80.2431182861,33457,33467,10
13.0065698624,80.2424621582,33467,33477,10
13.0065498352,80.2417678833,33477,33487,10
13.0065498352,80.2416687012,33487,33497,10
13.0065603256,80.2415618896,33497,33507,10
13.0066003799,80.2410583496,33507,33518,11
13.0066795349,80.2405166626,33518,33528,10
13.0067195892,80.2403106689,33528,33538,10
13.006819725,80.2397689819,33538,33548,10
13.0069904327,80.2388763428,33548,33558,10
13.0071601868,80.2380371094,33558,33568,10
13.0073204041,80.2373962402,33568,33578,10
13.007399559,80.2367401123,33578,33598,20
13.007399559,80.2367401123,33598,33608,10
13.007519722,80.2364196777,33608,33619,11
13.0076398849,80.2358627319,33619,33629,10
13.0076999664,80.2354507446,33629,33639,10
13.0078296661,80.2348175049,33639,33649,10
13.0080003738,80.2340698242,33649,33659,10
13.0081796646,80.2332382202,33659,33669,10
13.0083398819,80.2323913574,33669,33679,10
13.0085000992,80.2315292358,33679,33689,10
13.008649826,80.230682373,33689,33699,10
13.0088195801,80.2298202515,33699,33709,10
13.0088796616,80.2295608521,33709,33719,10
13.0089597702,80.2291412354,33719,33730,11
13.0091295242,80.2283630371,33730,33740,10
13.0094499588,80.2275924683,33740,33750,10
13.0098495483,80.2267227173,33750,33760,10
13.0101804733,80.2260437012,33760,33770,10
13.0104999542,80.2254180908,33770,33780,10
13.0107297897,80.2249526978,33780,33790,10
13.0108203888,80.224609375,33790,33800,10
13.0110397339,80.2241668701,33800,33810,10
13.0110797882,80.2240905762,33810,33820,10
13.011179924,80.2238388062,33820,33830,10
13.0113601685,80.2233505249,33830,33841,11
13.0116500854,80.2225875854,33841,33851,10
13.0118999481,80.2218093872,33851,33861,10
13.0122404099,80.2213668823,33861,33871,10
13.0123996735,80.2214202881,33871,33881,10
13.0125904083,80.2218170166,33881,33891,10
13.0127801895,80.2222824097,33891,33901,10
13.0133199692,80.2227096558,33901,33911,10
13.0137395859,80.2231369019,33911,33921,10
13.0140304565,80.2233276367,33921,33931,10
13.014169693,80.2234573364,33931,33941,10
13.0143299103,80.2236328125,33941,33952,11
13.0145998001,80.2240066528,33952,33962,10
13.0149497986,80.2245178223,33962,33972,10
13.0153503418,80.2248764038,33972,33992,20
13.0153503418,80.2248764038,33992,34002,10
13.0155601501,80.2250213623,34002,34012,10
13.0158195496,80.2252731323,34012,34028,16
13.0167999268,80.2252426147,34028,34040,12
13.0178604126,80.2248382568,34040,34048,8
13.0184803009,80.2245864868,34048,34060,12
13.0197296143,80.2245635986,34060,34111,51
13.0197296143,80.2245635986,34111,34121,10
13.0198898315,80.2247314453,34121,34131,10
13.0202703476,80.2250137329,34131,34141,10
13.0206203461,80.2252426147,34141,34151,10
13.020819664,80.2253799438,34151,34161,10
13.0211696625,80.225692749,34161,34182,21
13.0211696625,80.225692749,34182,34192,10
13.0214395523,80.2258987427,34192,34202,10
13.0217103958,80.22605896,34202,34242,40
13.0217103958,80.22605896,34242,34252,10
13.021900177,80.2262191772,34252,34262,10
13.0221595764,80.2264022827,34262,34272,10
13.0223903656,80.2265930176,34272,34283,11
13.0226297379,80.2267913818,34283,34333,50
13.0226297379,80.2267913818,34333,34343,10
13.0227804184,80.2270812988,34343,34359,16
13.0229597092,80.2272567749,34359,34371,12
13.0230398178,80.2273483276,34371,34379,8
13.023150444,80.227432251,34379,34391,12
13.0232601166,80.2275238037,34391,34402,11
13.0235004425,80.227722168,34402,34412,10
13.0237398148,80.2278823853,34412,34422,10
13.0240001678,80.2281723022,34422,34482,60
13.0240001678,80.2281723022,34482,34492,10
13.0243501663,80.2284927368,34492,34503,11
13.024479866,80.2286834717,34503,34513,10
13.0245895386,80.2288284302,34513,34523,10
13.0247097015,80.2290420532,34523,34533,10
13.0248203278,80.2292098999,34533,34543,10
13.0250902176,80.2295379639,34543,34553,10
13.0254802704,80.2299804688,34553,34583,30
13.0254802704,80.2299804688,34583,34593,10
13.0256099701,80.2301712036,34593,34603,10
13.0257196426,80.2304000854,34603,34614,11
13.025850296,80.230682373,34614,34624,10
13.0259399414,80.230796814,34624,34634,10
13.0260095596,80.2312088013,34634,34644,10
13.0263395309,80.2313079834,34644,34654,10
13.0270700455,80.2311172485,34654,34664,10
13.0278196335,80.2309799194,34664,34674,10
13.0284204483,80.2308883667,34674,34684,10
13.0285701752,80.2308883667,34684,34694,10
13.0288896561,80.2308807373,34694,34704,10
13.029250145,80.2308578491,34704,34714,10
13.0295000076,80.2308425903,34714,34725,11
13.0299196243,80.230796814,34725,34735,10
13.0303001404,80.230758667,34735,34745,10
13.0305500031,80.2307434082,34745,34755,10
13.0308704376,80.23072052,34755,34765,10
13.0313596725,80.2306671143,34765,34775,10
13.0319595337,80.2306137085,34775,34785,10
13.032500267,80.2305603027,34785,34795,10
13.0332803726,80.230506897,34795,34805,10
13.0337495804,80.23046875,34805,34836,31
13.0337495804,80.23046875,34836,34846,10
13.0340995789,80.23046875,34846,34855,9
13.0347995758,80.2302780151,34855,34906,51
13.0347995758,80.2302780151,34906,34916,10
13.0350799561,80.2299728394,34916,34926,10
13.0350599289,80.2297897339,34926,34936,10
13.0345497131,80.2297210693,34936,34977,41
13.0342798233,80.2299575806,34977,35370,393
13.0342302322,80.2303009033,35370,35431,61
13.0342302322,80.2303009033,35431,35441,10
13.0339298248,80.2304534912,35441,35451,10
13.0338602066,80.2304382324,35451,35461,10
13.0335702896,80.2304611206,35461,35471,10
13.0331802368,80.2304992676,35471,35481,10
13.032699585,80.230506897,35481,35491,10
13.0322799683,80.2305603027,35491,35502,11
13.03221035,80.2305603027,35502,35512,10
13.0319700241,80.2305526733,35512,35522,10
13.0311899185,80.2306213379,35522,35572,50
13.0311899185,80.2306213379,35572,35582,10
13.030790329,80.2306594849,35582,35598,16
13.029999733,80.2307815552,35598,35621,23
13.029999733,80.2307815552,35621,35631,10
13.0296802521,80.2308120728,35631,35641,10
13.0291996002,80.2308425903,35641,35651,10
13.0284700394,80.2309112549,35651,35661,10
13.0280199051,80.2309494019,35661,35671,10
13.0279197693,80.2314300537,35671,35681,10
13.027879715,80.2320098877,35681,35691,10
13.0279197693,80.232421875,35691,35701,10
13.0279197693,80.2326431274,35701,35711,10
13.0278501511,80.2327728271,35711,35721,10
13.0277700424,80.2327804565,35721,35732,11
13.0273599625,80.2329025269,35732,35742,10
13.0270595551,80.2329483032,35742,35752,10
13.0266799927,80.232963562,35752,35762,10
13.0263700485,80.232460022,35762,35772,10
13.0261898041,80.2319488525,35772,35782,10
13.0261001587,80.2316665649,35782,35792,10
13.0261096954,80.2315826416,35792,35802,10
13.0260295868,80.2312393188,35802,35812,10
13.0258197784,80.2305908203,35812,35822,10
13.0253601074,80.2298583984,35822,35833,11
13.0248603821,80.2292404175,35833,35843,10
13.0246295929,80.2289810181,35843,35853,10
13.0244102478,80.2287216187,35853,35863,10
13.0242395401,80.2285003662,35863,35873,10
13.0239696503,80.228187561,35873,35883,10
13.0239601135,80.2281723022,35883,35893,10
13.0239200592,80.2281036377,35893,35903,10
13.0237398148,80.2278823853,35903,35913,10
13.0234498978,80.2275772095,35913,35923,10
13.0231304169,80.2272491455,35923,35933,10
13.0225896835,80.2267837524,35933,35943,10
13.0219402313,80.2262496948,35943,35954,11
13.0214500427,80.2258529663,35954,35964,10
13.0209598541,80.2254714966,35964,35974,10
13.0204401016,80.2251205444,35974,35984,10
13.0197401047,80.2246398926,35984,35994,10
13.0188302994,80.2244491577,35994,36004,10
13.0179595947,80.2248001099,36004,36020,16
13.0169296265,80.2252807617,36020,36032,12
13.0165996552,80.2254180908,36032,36040,8
13.0163602829,80.2255096436,36040,36052,12
13.0157699585,80.2256698608,36052,36063,11
13.015080452,80.2259292603,36063,36073,10
13.0145998001,80.2261505127,36073,36093,20
13.0145998001,80.2261505127,36093,36103,10
13.0143995285,80.2262496948,36103,36113,10
13.0143098831,80.2262802124,36113,36123,10
13.0139503479,80.2264022827,36123,36133,10
13.0133495331,80.226600647,36133,36143,10
13.0125999451,80.2268829346,36143,36153,10
13.0117797852,80.2272491455,36153,36163,10
13.0109300613,80.2276000977,36163,36174,11
13.0101604462,80.2279129028,36174,36184,10
13.0094804764,80.2282180786,36184,36194,10
13.0091600418,80.2287902832,36194,36204,10
13.009059906,80.2293701172,36204,36214,10
13.0089302063,80.2300415039,36214,36234,20
13.0089302063,80.2300415039,36234,36244,10
13.0088701248,80.2303466797,36244,36254,10
13.0088195801,80.2306137085,36254,36264,10
13.0087995529,80.2306976318,36264,36274,10
13.0087604523,80.2308502197,36274,36285,11
13.0087003708,80.2311325073,36285,36295,10
13.0086898804,80.2311630249,36295,36305,10
13.008649826,80.2314224243,36305,36315,10
13.0085697174,80.2317428589,36315,36325,10
13.0085000992,80.2320632935,36325,36335,10
13.0084495544,80.232421875,36335,36355,20
13.0084495544,80.232421875,36355,36365,10
13.0083904266,80.2326889038,36365,36375,10
13.0083303452,80.233001709,36375,36385,10
13.0082798004,80.2334594727,36385,36406,21
13.0081996918,80.2337417603,36406,36476,70
13.0081996918,80.2337417603,36476,36486,10
13.008099556,80.2341308594,36486,36496,10
13.008020401,80.2345733643,36496,36507,11
13.0078802109,80.2351913452,36507,36517,10
13.0078001022,80.2356491089,36517,36537,20
13.0078001022,80.2356491089,36537,36547,10
13.0076704025,80.2362365723,36547,36567,20
13.0076704025,80.2362365723,36567,36577,10
13.0075902939,80.2366333008,36577,36587,10
13.0074996948,80.237159729,36587,36597,10
13.0073299408,80.2380371094,36597,36618,21
13.0073299408,80.2380371094,36618,36628,10
13.0073099136,80.2381896973,36628,36638,10
13.0072698593,80.2384033203,36638,36648,10
13.0072402954,80.2385635376,36648,36658,10
13.0072202682,80.2386322021,36658,36668,10
13.0071401596,80.2389068604,36668,36678,10
13.007060051,80.2393188477,36678,36688,10
13.006939888,80.2399215698,36688,36698,10
13.0068397522,80.2406082153,36698,36718,20
13.0068397522,80.2406082153,36718,36729,11
13.0067901611,80.2410583496,36729,36739,10
13.0067501068,80.2415237427,36739,36749,10
13.0067396164,80.2418365479,36749,36829,80
13.0067396164,80.2418365479,36829,36840,11
13.0067596436,80.2424087524,36840,36850,10
13.0067396164,80.2426681519,36850,36860,10
13.0066995621,80.2432327271,36860,36900,40
13.0066995621,80.2436294556,36900,36920,20
13.0066995621,80.2439804077,36920,36981,61
13.0066995621,80.2439804077,36981,36991,10
13.0067796707,80.2442626953,36991,37001,10
13.0067796707,80.2442474365,37001,37011,10
13.0067195892,80.2445068359,37011,37021,10
13.0067195892,80.2449874878,37021,37031,10
13.0067100525,80.2454833984,37031,37041,10
13.0067100525,80.2459793091,37041,37051,10
13.0067300797,80.2465362549,37051,37062,11
13.0067396164,80.2469863892,37062,37072,10
13.0067396164,80.2473602295,37072,37082,10
13.0067195892,80.2480010986,37082,37092,10
13.0067501068,80.2487106323,37092,37102,10
13.0068397522,80.2491989136,37102,37112,10
13.0068597794,80.2493591309,37112,37122,10
13.0068702698,80.2495498657,37122,37132,10
13.0068397522,80.2500762939,37132,37142,10
13.0068101883,80.2508773804,37142,37213,71
13.0068101883,80.2508773804,37213,37223,10
13.0068101883,80.2511978149,37223,37233,10
13.0067100525,80.2516403198,37233,37243,10
13.0065498352,80.252281189,37243,37253,10
13.0065202713,80.2528533936,37253,37262,9
13.0065097809,80.2530822754,37262,37273,11
13.0065402985,80.2537231445,37273,37284,11
13.0066003799,80.2546234131,37284,37294,10
13.0066204071,80.2554092407,37294,37304,10
13.0066099167,80.2562637329,37304,37314,10
13.0066299438,80.2566604614,37314,37324,10
13.0066900253,80.2571563721,37324,37334,10
13.006939888,80.2578811646,37334,37344,10
13.0074701309,80.2585220337,37344,37364,20
13.0074701309,80.2585220337,37364,37374,10
13.0078802109,80.2587432861,37374,37384,10
13.0085296631,80.2590026855,37384,37395,11
13.0092496872,80.2590484619,37395,37405,10
13.0101995468,80.2590637207,37405,37414,9
13.0111703873,80.2590789795,37414,37425,11
13.0125303268,80.2591094971,37425,37435,10
13.013710022,80.2591400146,37435,37445,10
13.0144796371,80.2591400146,37445,37455,10
13.0149297714,80.259147644,37455,37465,10
13.0151796341,80.2591629028,37465,37475,10
13.0153999329,80.2591781616,37475,37485,10
13.0155601501,80.2592010498,37485,37495,10
13.0157604218,80.259262085,37495,37506,11
13.0160503387,80.2593917847,37506,37536,30
13.0160503387,80.2593917847,37536,37546,10
13.0162000656,80.2594680786,37546,37556,10
13.0163803101,80.2595901489,37556,37566,10
13.0165395737,80.2597198486,37566,37576,10
13.016699791,80.2598495483,37576,37586,10
13.0169401169,80.2600097656,37586,37596,10
13.0173397064,80.2602920532,37596,37606,10
13.0176897049,80.2605514526,37606,37617,11
13.0179195404,80.2607116699,37617,37627,10
13.0183401108,80.2610321045,37627,37637,10
13.0187702179,80.2613601685,37637,37647,10
13.0191297531,80.2616424561,37647,37657,10
13.0194997787,80.2619781494,37657,37667,10
13.0199604034,80.2624435425,37667,37677,10
13.0202999115,80.2626724243,37677,37687,10
13.0203695297,80.2627029419,37687,37697,10
13.0207500458,80.262840271,37697,37707,10
13.0214395523,80.2630691528,37707,37717,10
13.0220003128,80.2633285522,37717,37728,11
13.022480011,80.2635726929,37728,37738,10
13.0228796005,80.2638015747,37738,37748,10
13.0229597092,80.2638397217,37748,37758,10
13.0233201981,80.2640609741,37758,37768,10
13.0239801407,80.2644271851,37768,37778,10
13.0245103836,80.2647781372,37778,37788,10
13.0249300003,80.2651062012,37788,37798,10
13.0253295898,80.2653808594,37798,37808,10
13.0255899429,80.2655410767,37808,37818,10
13.0258398056,80.2656784058,37818,37839,21
13.0258398056,80.2656784058,37839,37849,10
13.0260400772,80.2657928467,37849,37859,10
13.0262403488,80.265838623,37859,37869,10
13.026309967,80.2655181885,37869,37879,10
13.0263395309,80.2649917603,37879,37889,10
13.0265102386,80.2638931274,37889,37909,20
13.0265102386,80.2638931274,37909,37919,10
13.0265703201,80.2635116577,37919,37929,10
13.0266704559,80.2633285522,37929,37939,10
13.0269603729,80.2633895874,37939,37950,11
13.0275201797,80.2635498047,37950,37960,10
13.028169632,80.2637176514,37960,37970,10
13.0283002853,80.2637481689,37970,37980,10
13.0285997391,80.2638702393,37980,37990,10
13.0289802551,80.263999939,37990,38000,10
13.0291900635,80.2641677856,38000,38010,10
13.0292701721,80.2645263672,38010,38020,10
13.0292701721,80.26512146,38020,38030,10
13.0292596817,80.2655792236,38030,38040,10
13.0292596817,80.2660217285,38040,38050,10
13.0291996002,80.2662734985,38050,38061,11
13.0293197632,80.2665328979,38061,38071,10
13.0296897888,80.2666015625,38071,38081,10
13.0302000046,80.2666702271,38081,38091,10
13.0307998657,80.2667770386,38091,38101,10
13.0313396454,80.266960144,38101,38111,10
13.031999588,80.2671966553,38111,38127,16
13.0327196121,80.2675933838,38127,38139,12
13.0333099365,80.2677230835,38139,38149,10
13.0333795547,80.2677536011,38149,38159,10
13.0336799622,80.2678375244,38159,38169,10
13.0343999863,80.2679824829,38169,38210,41
13.0343999863,80.2679824829,38210,38220,10
13.0343999863,80.2681121826,38220,38228,8
13.0342903137,80.2680587769,38228,38239,11
13.0339202881,80.2679595947,38239,38249,10
13.0333795547,80.2678604126,38249,38301,52
13.033249855,80.267829895,38301,38644,343
13.033249855,80.267829895,38644,38654,10
13.0331001282,80.2677688599,38654,38664,10
13.0328798294,80.2677230835,38664,38674,10
13.0328197479,80.2677078247,38674,38684,10
13.0326404572,80.267616272,38684,38694,10
13.0325899124,80.2675628662,38694,38704,10
13.0321397781,80.267326355,38704,38714,10
13.0316200256,80.2670516968,38714,38724,10
13.0309000015,80.2668228149,38724,38735,11
13.0298204422,80.2666015625,38735,38755,20
13.0298204422,80.2666015625,38755,38765,10
13.0295000076,80.2665786743,38765,38775,10
13.0294399261,80.2665634155,38775,38785,10
13.0292596817,80.2665481567,38785,38795,10
13.0290498734,80.266418457,38795,38805,10
13.0286397934,80.2663269043,38805,38815,10
13.028380394,80.2662811279,38815,38825,10
13.0279598236,80.2661972046,38825,38835,10
13.0273103714,80.26612854,38835,38846,11
13.026599884,80.2660369873,38846,38856,10
13.0264997482,80.2660064697,38856,38866,10
13.0263595581,80.2659378052,38866,38876,10
13.0260801315,80.2658081055,38876,38886,10
13.0256595612,80.2655410767,38886,38896,10
13.02546978,80.2654418945,38896,38906,10
13.0252799988,80.2653503418,38906,38916,10
13.0250396729,80.2651596069,38916,38926,10
13.024600029,80.2648162842,38926,38936,10
13.0239295959,80.2643814087,38936,38946,10
13.0233802795,80.2640762329,38946,38957,11
13.0227403641,80.263671875,38957,38967,10
13.0222301483,80.263458252,38967,38983,16
13.0219202042,80.263343811,38983,38995,12
13.0210800171,80.2630767822,38995,39003,8
13.0204000473,80.2630462646,39003,39015,12
13.019610405,80.2629776001,39015,39025,10
13.0190496445,80.2628936768,39025,39035,10
13.0188798904,80.2623596191,39035,39045,10
13.0187301636,80.2614974976,39045,39055,10
13.0185604095,80.2612075806,39055,39065,10
13.0183000565,80.2610626221,39065,39076,11
13.017829895,80.2607421875,39076,39085,9
13.0173902512,80.2604370117,39085,39096,11
13.0169000626,80.2601165771,39096,39106,10
13.0163803101,80.2598114014,39106,39115,9
13.0160398483,80.2596664429,39115,39126,11
13.0160198212,80.2596588135,39126,39136,10
13.0157804489,80.2595596313,39136,39146,10
13.0151996613,80.2593917847,39146,39156,10
13.0144300461,80.2593078613,39156,39166,10
13.0135602951,80.2592697144,39166,39177,11
13.0124797821,80.2592315674,39177,39187,10
13.0115604401,80.2592010498,39187,39197,10
13.0108098984,80.2591934204,39197,39207,10
13.0101099014,80.2592391968,39207,39217,10
13.0099201202,80.2592163086,39217,39227,10
13.0096197128,80.2592391968,39227,39237,10
13.0092401505,80.2592163086,39237,39247,10
13.0089502335,80.2592086792,39247,39257,10
13.0087003708,80.2591934204,39257,39267,10
13.0081701279,80.2591781616,39267,39277,10
13.0075702667,80.2593383789,39277,39294,17
13.0071897507,80.2586898804,39294,39306,12
13.0070800781,80.2584915161,39306,39314,8
13.0067796707,80.2578277588,39314,39365,51
13.006529808,80.2576828003,39365,39448,83
13.006529808,80.2576828003,39448,39458,10
13.0064401627,80.2575683594,39458,39468,10
13.0064201355,80.2571792603,39468,39477,9
13.0064201355,80.2568206787,39477,39488,11
13.0064496994,80.2561416626,39488,39498,10
13.0064601898,80.2553634644,39498,39508,10
13.0065002441,80.2547225952,39508,39519,11
13.0064897537,80.2540817261,39519,39529,10
13.0064601898,80.2531890869,39529,39549,20
13.0064601898,80.2531890869,39549,39559,10
13.006480217,80.2528305054,39559,39569,10
13.006529808,80.252281189,39569,39630,61
13.006529808,80.252281189,39630,39640,10
13.0065898895,80.2519989014,39640,39650,10
13.0066995621,80.2515182495,39650,39660,10
13.0067501068,80.2507705688,39660,39670,10
13.0067300797,80.2500915527,39670,39680,10
13.0067195892,80.249786377,39680,39690,10
13.0067195892,80.2496185303,39690,39700,10
13.0066995621,80.249206543,39700,39710,10
13.0066404343,80.2485427856,39710,39841,131
13.0066404343,80.2485427856,39841,39852,11
13.0066995621,80.2483291626,39852,39862,10
13.0066604614,80.248008728,39862,39872,10
13.0066604614,80.247543335,39872,39882,10
13.0066604614,80.2470626831,39882,39892,10
13.0065803528,80.2467193604,39892,39902,10
13.0065698624,80.246711731,39902,39912,10
13.0065603256,80.2466201782,39912,39922,10
13.006649971,80.2462234497,39922,39932,10
13.0066404343,80.2454833984,39932,39942,10
13.0065898895,80.2446289063,39942,39952,10
13.0065803528,80.243812561,39952,39963,11
13.0065402985,80.243270874,39963,39973,10
13.006529808,80.24269104,39973,39983,10
13.0065002441,80.2419891357,39983,39993,10
13.0065097809,80.241897583,39993,40003,10
13.0065498352,80.2414016724,40003,40013,10
13.0066404343,80.2407989502,40013,40023,10
13.0068702698,80.2400588989,40023,40033,10
13.0069999695,80.2392501831,40033,40043,10
13.0071697235,80.2381973267,40043,40060,17
13.0073900223,80.2370300293,40060,40072,12
13.0073795319,80.2369766235,40072,40082,10
13.0074100494,80.2367782593,40082,40092,10
13.0074996948,80.2364578247,40092,40102,10
13.0076398849,80.2358703613,40102,40112,10
13.0077695847,80.2353210449,40112,40122,10
13.0079097748,80.2346191406,40122,40132,10
13.008099556,80.2337417603,40132,40142,10
13.0082902908,80.232749939,40142,40152,10
13.0084896088,80.2316970825,40152,40162,10
13.0086603165,80.230796814,40162,40172,10
13.0088701248,80.2297286987,40172,40183,11
13.0091199875,80.2284698486,40183,40193,10
13.0094804764,80.2274932861,40193,40203,10
13.009929657,80.2265319824,40203,40213,10
13.0102996826,80.2258834839,40213,40223,10
13.0106201172,80.2252120972,40223,40233,10
13.0108203888,80.2247314453,40233,40243,10
13.0110998154,80.2240829468,40243,40253,10
13.0113697052,80.2233963013,40253,40263,10
13.0116195679,80.2227401733,40263,40273,10
13.0120296478,80.2217025757,40273,40283,10
13.0123195648,80.2214431763,40283,40294,11
13.0124197006,80.2215194702,40294,40304,10
13.0128803253,80.2220535278,40304,40314,10
13.013469696,80.2227401733,40314,40324,10
13.0139598846,80.2233734131,40324,40334,10
13.0144195557,80.2238693237,40334,40344,10
13.0150098801,80.2244720459,40344,40354,10
13.0153503418,80.2248077393,40354,40364,10
13.0156002045,80.2249908447,40364,40374,10
13.0156698227,80.2250595093,40374,40384,10
13.0160198212,80.2252807617,40384,40394,10
13.0167999268,80.225189209,40394,40405,11
13.0178403854,80.2247924805,40405,40415,10
13.0187196732,80.2244415283,40415,40424,9
13.0194196701,80.224319458,40424,40455,31
13.0194196701,80.224319458,40455,40465,10
13.0196695328,80.2245178223,40465,40475,10
13.0199604034,80.2247161865,40475,40485,10
13.0203800201,80.2250366211,40485,40495,10
13.0207004547,80.2252807617,40495,40505,10
13.0210103989,80.2255020142,40505,40516,11
13.0215196609,80.2258911133,40516,40526,10
13.0218601227,80.2260971069,40526,40546,20
13.0218601227,80.2260971069,40546,40556,10
13.0220899582,80.2263183594,40556,40566,10
13.0223302841,80.2265319824,40566,40576,10
13.0225601196,80.2267303467,40576,40586,10
13.0227098465,80.2268829346,40586,40596,10
13.0228395462,80.2270202637,40596,40606,10
13.0229597092,80.2271194458,40606,40616,10
13.0230998993,80.2272491455,40616,40626,10
13.023229599,80.2273712158,40626,40637,11
13.0233602524,80.2274780273,40637,40647,10
13.0234899521,80.2275619507,40647,40657,10
13.0234899521,80.2275695801,40657,40667,10
13.0237197876,80.2277374268,40667,40677,10
13.0239896774,80.2279968262,40677,40687,10
13.0242595673,80.2284088135,40687,40697,10
13.0245599747,80.2287979126,40697,40707,10
13.0248098373,80.2291488647,40707,40717,10
13.0252504349,80.2296600342,40717,40788,71
13.0252504349,80.2296600342,40788,40798,10
13.0255002975,80.2298812866,40798,40808,10
13.0256299973,80.2301635742,40808,40818,10
13.0257797241,80.23046875,40818,40828,10
13.0258903503,80.230682373,40828,40838,10
13.0259895325,80.2309417725,40838,40849,11
13.0260400772,80.2312698364,40849,40859,10
13.0263795853,80.2312774658,40859,40869,10
13.0270700455,80.2311172485,40869,40879,10
13.0274295807,80.2310180664,40879,40899,20
13.0274295807,80.2310180664,40899,40909,10
13.027759552,80.2309188843,40909,40939,30
13.027759552,80.2309188843,40939,40949,10
13.0284900665,80.2308502197,40949,40970,21
13.0287799835,80.2308578491,40970,41020,50
13.0287799835,80.2308578491,41020,41030,10
13.0291404724,80.2308807373,41030,41040,10
13.0295095444,80.2308120728,41040,41050,10
13.0298900604,80.2307662964,41050,41060,10
13.0302095413,80.230758667,41060,41071,11
13.0304698944,80.23072052,41071,41081,10
13.0305099487,80.23072052,41081,41091,10
13.0309801102,80.2306594849,41091,41101,10
13.031539917,80.2305984497,41101,41111,10
13.0321598053,80.2305908203,41111,41121,10
13.0328798294,80.2305374146,41121,41131,10
13.0333404541,80.2305221558,41131,41190,59
13.0333404541,80.2305221558,41190,41200,10
13.033659935,80.2305526733,41200,41210,10
13.033780098,80.2305221558,41210,41220,10
13.034070015,80.2304534912,41220,41230,10
13.0343198776,80.2304611206,41230,41240,10
13.0347995758,80.2303009033,41240,41260,20
13.0347995758,80.2303009033,41260,41270,10
13.0349397659,80.2302474976,41270,41280,10
13.0350399017,80.2301635742,41280,41290,10
13.0351295471,80.2299804688,41290,41301,11
13.0349397659,80.229850769,41301,41311,10
13.0342798233,80.2298202515,41311,41392,81
13.0342502594,80.2301864624,41392,41596,204
13.0342502594,80.2301864624,41596,41606,10
13.0338401794,80.2304382324,41606,41616,10
13.0335998535,80.2304534912,41616,41627,11
13.0332202911,80.2304992676,41627,41637,10
13.0325498581,80.2305526733,41637,41647,10
13.0318002701,80.2306213379,41647,41657,10
13.0311603546,80.2306671143,41657,41667,10
13.0306901932,80.23072052,41667,41677,10
13.0303001404,80.2307662964,41677,41687,10
13.0299196243,80.230796814,41687,41727,40
13.0299196243,80.230796814,41727,41738,11
13.0295696259,80.2308807373,41738,41748,10
13.0292797089,80.2308883667,41748,41758,10
13.0287504196,80.2309112549,41758,41768,10
13.0280504227,80.2309570313,41768,41778,10
13.0277004242,80.2310791016,41778,41788,10
13.0277004242,80.2315597534,41788,41798,10
13.0277500153,80.2321472168,41798,41808,10
13.0278596878,80.232749939,41808,41818,10
13.0273103714,80.2328414917,41818,41828,10
13.0268602371,80.2329406738,41828,41838,10
13.0264396667,80.2328720093,41838,41849,11
13.0262699127,80.2324523926,41849,41859,10
13.0261602402,80.2320327759,41859,41869,10
13.0260400772,80.2315216064,41869,41879,10
13.025850296,80.2307815552,41879,41889,10
13.0255002975,80.2301635742,41889,41899,10
13.0251998901,80.2298812866,41899,41960,61
13.0251998901,80.2298812866,41960,41970,10
13.0249996185,80.2295532227,41970,41980,10
13.0248804092,80.2294235229,41980,41990,10
13.0247001648,80.2292404175,41990,42000,10
13.0245599747,80.2290725708,42000,42010,10
13.0244102478,80.2288208008,42010,42020,10
13.0240497589,80.2284088135,42020,42030,10
13.0239200592,80.2282562256,42030,42040,10
13.0237998962,80.2281036377,42040,42050,10
13.0234298706,80.2276916504,42050,42060,10
13.022939682,80.2272796631,42060,42070,10
13.0225095749,80.2267990112,42070,42081,11
13.0218801498,80.2262268066,42081,42091,10
13.0211601257,80.2257003784,42091,42101,10
13.0204200745,80.2252197266,42101,42111,10
13.0199699402,80.2249221802,42111,42127,16
13.0196304321,80.2247085571,42127,42139,12
13.0187902451,80.2245635986,42139,42149,10
13.0179700851,80.2248535156,42149,42159,10
13.0170898438,80.2252120972,42159,42169,10
13.0164699554,80.2254562378,42169,42179,10
13.0161399841,80.2255706787,42179,42190,11
13.015709877,80.2257080078,42190,42200,10
13.0151100159,80.2259597778,42200,42210,10
13.0145597458,80.2261810303,42210,42220,10
13.01445961,80.2262191772,42220,42230,10
13.0142803192,80.2262802124,42230,42240,10
13.0137195587,80.2264785767,42240,42261,21
13.0124702454,80.2269592285,42261,42273,12
13.0116100311,80.2273025513,42273,42283,10
13.0109300613,80.2275772095,42283,42293,10
13.0098400116,80.2280426025,42293,42304,11
13.0091495514,80.2286376953,42304,42314,10
13.0089502335,80.2296600342,42314,42324,10
13.0087099075,80.2307662964,42324,42334,10
13.0085296631,80.2318115234,42334,42344,10
13.0083599091,80.2328186035,42344,42354,10
13.0082197189,80.2335968018,42354,42364,10
13.0080699921,80.2343826294,42364,42374,10
13.008020401,80.2347106934,42374,42384,10
13.0079097748,80.2350921631,42384,42394,10
13.0078001022,80.2356414795,42394,42403,9
13.0076503754,80.2363433838,42403,42414,11
13.0074901581,80.2372817993,42414,42425,11
13.0073900223,80.2377319336,42425,42434,9
13.0073404312,80.2380599976,42434,42445,11
13.0071697235,80.2388763428,42445,42526,81
13.0071697235,80.2388763428,42526,42536,10
13.0070695877,80.2393798828,42536,42546,10
13.0069303513,80.2399673462,42546,42647,101
13.0069303513,80.2399673462,42647,42657,10
13.0068998337,80.2401809692,42657,42667,10
13.0068101883,80.2406234741,42667,42677,10
13.0067996979,80.2406768799,42677,42687,10
13.0068101883,80.2407531738,42687,42697,10
13.0067501068,80.2412109375,42697,42707,10
13.0067396164,80.2419815063,42707,42717,10
13.0067396164,80.2425384521,42717,42727,10
13.0067396164,80.2425689697,42727,42737,10
13.0067195892,80.2427825928,42737,42748,11
13.0067100525,80.2429962158,42748,42758,10
13.0067195892,80.2431564331,42758,42768,10
13.0067195892,80.2433319092,42768,42778,10
13.0066900253,80.2435379028,42778,42788,10
13.0066604614,80.2440185547,42788,42798,10
13.0066795349,80.2445983887,42798,42808,10
13.006649971,80.244720459,42808,42818,10
13.0066299438,80.2449111938,42818,42828,10
13.006649971,80.245010376,42828,42838,10
13.0066795349,80.2453689575,42838,42848,10
13.0067300797,80.2459182739,42848,42859,11
13.0067596436,80.2464065552,42859,42869,10
13.0067796707,80.246673584,42869,42879,10
13.0067796707,80.2468719482,42879,42889,10
13.006770134,80.2472763062,42889,42899,10
13.0067396164,80.2479629517,42899,42909,10
13.0067901611,80.2488479614,42909,42919,10
13.0068798065,80.2495193481,42919,42929,10
13.0068798065,80.2495574951,42929,42939,10
13.0069198608,80.2496490479,42939,42949,10
13.0068702698,80.2500610352,42949,42959,10
13.0068302155,80.2507781982,42959,42970,11
13.0068302155,80.251159668,42970,42980,10
13.0068397522,80.2512969971,42980,42990,10
13.0066995621,80.2516784668,42990,43000,10
13.0065803528,80.2523193359,43000,43010,10
13.0065402985,80.2531814575,43010,43020,10
13.0065498352,80.2539672852,43020,43030,10
13.0066003799,80.2547836304,43030,43040,10
13.0066003799,80.2553787231,43040,43050,10
13.0066003799,80.2562713623,43050,43060,10
13.0066003799,80.2567901611,43060,43070,10
13.0066099167,80.2568511963,43070,43081,11
13.0066299438,80.2570419312,43081,43091,10
13.0066299438,80.2574081421,43091,43101,10
13.0068101883,80.2579574585,43101,43111,10
13.0071601868,80.2584228516,43111,43121,10
13.0076503754,80.2586975098,43121,43131,10
13.0077199936,80.2587432861,43131,43141,10
13.0078296661,80.2587890625,43141,43151,10
13.0081701279,80.2589111328,43151,43161,10
13.0087795258,80.2590484619,43161,43171,10
13.0095300674,80.2590713501,43171,43181,10
13.010430336,80.2590484619,43181,43192,11
13.0114097595,80.2590408325,43192,43202,10
13.0124101639,80.2590789795,43202,43212,10
13.0135402679,80.2591171265,43212,43222,10
13.0147304535,80.2591629028,43222,43232,10
13.0158004761,80.2593307495,43232,43242,10
13.0162601471,80.2595596313,43242,43252,10
13.0163097382,80.2595977783,43252,43262,10
13.0165100098,80.2597808838,43262,43272,10
13.0166196823,80.2599029541,43272,43289,17
13.0173397064,80.2603607178,43289,43300,11
13.0179796219,80.2607879639,43300,43311,11
13.0186395645,80.2612380981,43311,43320,9
13.0190601349,80.2615585327,43320,43332,12
13.0195503235,80.2620010376,43332,43342,10
13.0200395584,80.2624435425,43342,43352,10
13.0202503204,80.262588501,43352,43362,10
13.0204801559,80.2627334595,43362,43372,10
13.0210399628,80.2629013062,43372,43382,10
13.021780014,80.2631607056,43382,43391,9
13.0221500397,80.263381958,43391,43402,11
13.0226802826,80.263671875,43402,43412,10
13.0229701996,80.2638397217,43412,43423,11
13.0231599808,80.2639083862,43423,43433,10
13.0236797333,80.2642211914,43433,43443,10
13.0243301392,80.2646026611,43443,43453,10
13.0246496201,80.264831543,43453,43463,10
13.0249996185,80.265083313,43463,43473,10
13.0253000259,80.2653198242,43473,43483,10
13.025560379,80.2654876709,43483,43493,10
13.0260295868,80.2657165527,43493,43503,10
13.0263299942,80.2658004761,43503,43513,10
13.0263795853,80.2654037476,43513,43524,11
13.0264596939,80.2646713257,43524,43534,10
13.026550293,80.2641601563,43534,43544,10
13.0265798569,80.263999939,43544,43554,10
13.0266399384,80.2636795044,43554,43564,10
13.0269203186,80.2635574341,43564,43574,10
13.0274801254,80.2636184692,43574,43584,10
13.0280599594,80.2637176514,43584,43594,10
13.0283203125,80.2637786865,43594,43604,10
13.0284900665,80.2638168335,43604,43614,10
13.0289096832,80.2639312744,43614,43624,10
13.0292901993,80.2640686035,43624,43635,11
13.0293197632,80.2644119263,43635,43645,10
13.0292797089,80.2649612427,43645,43655,10
13.0292196274,80.2653503418,43655,43665,10
13.0292196274,80.2659683228,43665,43675,10
13.0292100906,80.2661209106,43675,43685,10
13.0291404724,80.2663269043,43685,43695,10
13.0291500092,80.266418457,43695,43705,10
13.0293998718,80.2665710449,43705,43715,10
13.0296602249,80.2666091919,43715,43725,10
13.0301504135,80.2666625977,43725,43735,10
13.0307598114,80.2667694092,43735,43746,11
13.0312700272,80.2669372559,43746,43756,10
13.0316696167,80.2670516968,43756,43766,10
13.0320396423,80.2672271729,43766,43776,10
13.0322504044,80.2673110962,43776,43786,10
13.0326404572,80.2674636841,43786,43796,10
13.0330200195,80.2676391602,43796,43806,10
13.0333795547,80.2677383423,43806,43826,20
13.0333795547,80.2677383423,43826,43836,10
13.0338497162,80.2678909302,43836,43846,10
13.0345697403,80.2679824829,43846,43875,29
13.0345401764,80.2681427002,43875,43895,20
13.0345401764,80.2681427002,43895,43905,10
13.0343704224,80.2680587769,43905,43915,10
13.0340795517,80.2680130005,43915,43924,9
13.0335798264,80.2679290771,43924,43986,62
13.0333204269,80.2678070068,43986,44298,312
13.0333204269,80.2678070068,44298,44309,11
13.0328903198,80.2676620483,44309,44319,10
13.0326700211,80.267578125,44319,44329,10
13.0322599411,80.2674026489,44329,44339,10
13.0316095352,80.2671508789,44339,44349,10
13.0305099487,80.2667999268,44349,44369,20
13.0305099487,80.2667999268,44369,44379,10
13.0301599503,80.2667236328,44379,44389,10
13.0299100876,80.2666625977,44389,44409,20
13.0299100876,80.2666625977,44409,44420,11
13.0295095444,80.2666015625,44420,44430,10
13.0294799805,80.2666015625,44430,44440,10
13.0291500092,80.2664413452,44440,44450,10
13.0288496017,80.2663574219,44450,44460,10
13.0284204483,80.2662734985,44460,44470,10
13.0267496109,80.2660522461,44470,44498,28
13.0264101028,80.2659988403,44498,44518,20
13.0264101028,80.2659988403,44518,44529,11
13.0259799957,80.2658233643,44529,44538,9
13.0252799988,80.2653579712,44538,44560,22
13.0252799988,80.2653579712,44560,44570,10
13.0250701904,80.2651824951,44570,44580,10
13.0247402191,80.2649612427,44580,44590,10
13.0241804123,80.2645797729,44590,44600,10
13.0236997604,80.2643508911,44600,44610,10
13.0229797363,80.2638778687,44610,44620,10
13.0222196579,80.2634963989,44620,44641,21
13.0222196579,80.2634963989,44641,44651,10
13.0218601227,80.2633132935,44651,44661,10
13.0213098526,80.2631225586,44661,44671,10
13.0204496384,80.2630462646,44671,44681,10
13.0199298859,80.2629928589,44681,44691,10
13.0193195343,80.2629318237,44691,44701,10
13.0189695358,80.262802124,44701,44711,10
13.0188398361,80.26222229,44711,44721,10
13.0187196732,80.2615203857,44721,44731,10
13.0184898376,80.2612228394,44731,44741,10
13.0180702209,80.2609634399,44741,44752,11
13.0174102783,80.2604827881,44752,44762,10
13.0167598724,80.2600631714,44762,44772,10
13.0161304474,80.2597198486,44772,44782,10
13.0160303116,80.2596664429,44782,44792,10
13.015999794,80.2596282959,44792,44802,10
13.0156402588,80.2594985962,44802,44812,10
13.0149898529,80.2593383789,44812,44822,10
13.0142002106,80.2593002319,44822,44832,10
13.0133495331,80.259262085,44832,44842,10
13.0124197006,80.2592163086,44842,44852,10
13.0115299225,80.2591934204,44852,44863,11
13.0105199814,80.2592315674,44863,44873,10
13.0099897385,80.2592391968,44873,44883,10
13.0097904205,80.2592086792,44883,44893,10
13.0093603134,80.2591781616,44893,44903,10
13.0090198517,80.2591400146,44903,44913,10
13.0084104538,80.2590408325,44913,44923,10
13.0084104538,80.2590408325,44923,44933,10
13.0080299377,80.2592010498,44933,44943,10
13.007610321,80.2590637207,44943,44953,10
13.0073099136,80.2586364746,44953,44963,10
13.0072097778,80.2585372925,44963,44974,11
13.0069599152,80.2582092285,44974,44984,10
13.0066604614,80.2577819824,44984,45074,90
13.0066604614,80.2577819824,45074,45086,12
13.0065202713,80.2575302124,45086,45095,9
13.0065698624,80.2572479248,45095,45105,10
13.0065603256,80.2567520142,45105,45116,11
13.0065803528,80.2559127808,45116,45126,10
13.0066299438,80.255279541,45126,45136,10
13.0066299438,80.2545089722,45136,45146,10
13.0066795349,80.2532424927,45146,45166,20
13.0066795349,80.2532424927,45166,45176,10
13.0066404343,80.2530899048,45176,45186,10
13.0066204071,80.2527923584,45186,45197,11
13.0066099167,80.2522201538,45197,45277,80
13.0066099167,80.2522201538,45277,45287,10
13.0066404343,80.2518386841,45287,45297,10
13.0067396164,80.2512435913,45297,45308,11
13.0068397522,80.2503814697,45308,45318,10
13.0069303513,80.2495269775,45318,45328,10
13.0068702698,80.2489776611,45328,45338,10
13.0068101883,80.2488479614,45338,45348,10
13.0067501068,80.248626709,45348,45358,10
13.0067300797,80.2484207153,45358,45368,10
13.0067195892,80.248008728,45368,45435,67
13.0067195892,80.248008728,45435,45447,12
13.0066604614,80.2475585938,45447,45455,8
13.0066795349,80.2471694946,45455,45467,12
13.006649971,80.2465362549,45467,45487,20
13.006649971,80.2465362549,45487,45497,10
13.0066604614,80.2462615967,45497,45508,11
13.0066299438,80.2456436157,45508,45517,9
13.0066404343,80.245262146,45517,45527,10
13.0065898895,80.2448196411,45527,45538,11
13.0066003799,80.2444992065,45538,45547,9
13.0065803528,80.2442169189,45547,45558,11
13.0065698624,80.243850708,45558,45568,10
13.0065898895,80.2434616089,45568,45577,9
13.0065498352,80.242980957,45577,45588,11
13.0065498352,80.2424316406,45588,45598,10
13.0065603256,80.2419509888,45598,45608,10
13.0065803528,80.2417221069,45608,45649,41
13.0065803528,80.2417221069,45649,45659,10
13.0066204071,80.2414093018,45659,45669,10
13.0066204071,80.2411727905,45669,45679,10
13.0067100525,80.2405319214,45679,45719,40
13.0067100525,80.2405319214,45719,45729,10
13.0067796707,80.2401580811,45729,45739,10
13.0068902969,80.2395935059,45739,45750,11
13.007060051,80.2385864258,45750,45760,10
13.0073099136,80.2375030518,45760,45770,10
13.0074100494,80.2367477417,45770,45780,10
13.0074300766,80.236656189,45780,45790,10
13.0075397491,80.2363586426,45790,45800,10
13.0076999664,80.2357025146,45800,45810,10
13.0078697205,80.2348098755,45810,45820,10
13.0080604553,80.2339401245,45820,45830,10
13.008310318,80.2325134277,45830,45840,10
13.0085601807,80.2312088013,45840,45850,10
13.0088195801,80.2299118042,45850,45860,10
13.0090799332,80.2287368774,45860,45871,11
13.0094804764,80.2275390625,45871,45881,10
13.0099496841,80.2265014648,45881,45891,10
13.0103797913,80.2256088257,45891,45901,10
13.0106897354,80.2250213623,45901,45911,10
13.0108499527,80.2246017456,45911,45921,10
13.0110397339,80.2240829468,45921,45931,10
13.0113296509,80.2233581543,45931,45941,10
13.0116796494,80.2225494385,45941,45951,10
13.0119800568,80.2216567993,45951,45961,10
13.0122995377,80.2214584351,45961,45971,10
13.0124597549,80.2216796875,45971,45982,11
13.0129404068,80.2223129272,45982,45992,10
13.0135698318,80.2229919434,45992,46002,10
13.01404953,80.2235412598,46002,46012,10
13.0145597458,80.2240829468,46012,46022,10
13.0149202347,80.2244415283,46022,46032,10
13.0151796341,80.2247085571,46032,46042,10
13.0155801773,80.2250518799,46042,46062,20
13.0155801773,80.2250518799,46062,46072,10
13.0158700943,80.2253417969,46072,46082,10
13.0165596008,80.2253265381,46082,46092,10
13.017370224,80.2250137329,46092,46103,11
13.0183897018,80.2245788574,46103,46113,10
13.0191001892,80.2243499756,46113,46123,10
13.0195398331,80.2244110107,46123,46132,9
13.0197696686,80.2245407104,46132,46143,11
13.0201797485,80.2248535156,46143,46153,10
13.0205698013,80.2251281738,46153,46163,10
13.0209798813,80.2254333496,46163,46173,10
13.0218601227,80.2260818481,46173,46193,20
13.0218601227,80.2260818481,46193,46204,11
13.0221004486,80.2262802124,46204,46214,10
13.0225696564,80.2266998291,46214,46224,10
13.0231599808,80.2272720337,46224,46234,10
13.0237503052,80.2278366089,46234,46244,10
13.024310112,80.2284164429,46244,46254,10
13.0248003006,80.2291412354,46254,46264,10
13.025349617,80.2298278809,46264,46274,10
13.0257902145,80.230506897,46274,46284,10
13.0259599686,80.2310028076,46284,46286,2
13.0259599686,80.2310028076,46286,46333,47
13.0259599686,80.2310180664,46333,46343,10
13.0261497498,80.2313308716,46343,46353,10
13.0266895294,80.2311782837,46353,46363,10
13.0275602341,80.231010437,46363,46373,10
13.0282402039,80.2309494019,46373,46383,10
13.0282897949,80.2309417725,46383,46393,10
13.0289001465,80.2308807373,46393,46403,10
13.0293102264,80.2308425903,46403,46455,52
13.0293102264,80.2308425903,46455,46465,10
13.0296001434,80.2308120728,46465,46475,10
13.0300703049,80.2307662964,46475,46485,10
13.0306100845,80.2306976318,46485,46494,9
13.0311002731,80.230682373,46494,46505,11
13.0317602158,80.2306289673,46505,46515,10
13.0323400497,80.2305908203,46515,46525,10
13.0330600739,80.2305221558,46525,46536,11
13.0338697433,80.2304916382,46536,46546,10
13.0343704224,80.2304077148,46546,46566,20
13.0343704224,80.2304077148,46566,46576,10
13.0345401764,80.2303771973,46576,46586,10
13.0348300934,80.2302932739,46586,46596,10
13.034910202,80.2300186157,46596,47515,919
13.034910202,80.2300186157,47515,47525,10
13.0345096588,80.2300033569,47525,48262,737
13.0341796875,80.2299575806,48262,48779,517
13.0341796875,80.2299575806,48779,48789,10
13.0341396332,80.2303237915,48789,48799,10
13.0339803696,80.2304000854,48799,48809,10
13.0337200165,80.2304229736,48809,48819,10
13.033539772,80.2304382324,48819,48829,10
13.0334396362,80.2304611206,48829,48839,10
13.033080101,80.2305374146,48839,48849,10
13.0326099396,80.2305374146,48849,48860,11
13.0319404602,80.2306213379,48860,48870,10
13.03125,80.2306976318,48870,48880,10
13.0306997299,80.2307434082,48880,48890,10
13.0303602219,80.2307662964,48890,48900,10
13.0299196243,80.2308120728,48900,48910,10
13.029800415,80.2308425903,48910,48920,10
13.0296897888,80.2308502197,48920,48930,10
13.029299736,80.2308807373,48930,48940,10
13.0286102295,80.2309112549,48940,48950,10
13.0279598236,80.231010437,48950,48960,10
13.0277299881,80.2312774658,48960,48970,10
13.0277299881,80.2317962646,48970,48981,11
13.0278196335,80.2324295044,48981,48991,10
13.0275602341,80.2327880859,48991,49001,10
13.0269002914,80.2329177856,49001,49031,30
13.0266895294,80.2330169678,49031,49061,30
13.0266895294,80.2330169678,49061,49071,10
13.0265197754,80.2330322266,49071,49081,10
13.0263395309,80.2329101563,49081,49092,11
13.0261602402,80.2323379517,49092,49102,10
13.02602005,80.2316589355,49102,49112,10
13.0258998871,80.231048584,49112,49122,10
13.0255498886,80.2302398682,49122,49132,10
13.0249595642,80.2294235229,49132,49142,10
13.0246601105,80.2290802002,49142,49152,10
13.0246200562,80.2290420532,49152,49162,10
13.0245399475,80.2289428711,49162,49172,10
13.0239801407,80.2282485962,49172,49192,20
13.0239801407,80.2282485962,49192,49203,11
13.0238399506,80.2280731201,49203,49213,10
13.0234699249,80.2276687622,49213,49223,10
13.023150444,80.2273406982,49223,49233,10
13.0227499008,80.2269363403,49233,49243,10
13.0222997665,80.2265396118,49243,49253,10
13.0216598511,80.226020813,49253,49263,10
13.0210199356,80.2255172729,49263,49273,10
13.0205001831,80.2251586914,49273,49283,10
13.0200996399,80.224899292,49283,49293,10
13.0196504593,80.2246322632,49293,49303,10
13.0188999176,80.2245101929,49303,49314,11
13.017829895,80.2248764038,49314,49324,10
13.0170202255,80.2252197266,49324,49334,10
13.0164203644,80.225479126,49334,49350,16
13.0156402588,80.2257537842,49350,49362,12
13.0150098801,80.2260284424,49362,49372,10
13.0146903992,80.2261505127,49372,49382,10
13.014380455,80.2262573242,49382,49392,10
13.0143098831,80.2262878418,49392,49402,10
13.0142097473,80.2263031006,49402,49412,10
13.0137901306,80.2264633179,49412,49423,11
13.0130996704,80.2267227173,49423,49433,10
13.0123100281,80.2270431519,49433,49443,10
13.0114002228,80.2274093628,49443,49453,10
13.0104198456,80.2278137207,49453,49463,10
13.0095701218,80.2281570435,49463,49473,10
13.0091495514,80.228767395,49473,49483,10
13.0089702606,80.2297286987,49483,49493,10
13.0087499619,80.2307434082,49493,49503,10
13.0085802078,80.2316207886,49503,49513,10
13.0083999634,80.2325973511,49513,49523,10
13.0082597733,80.2335586548,49523,49544,21
13.0082597733,80.2335586548,49544,49554,10
13.0081396103,80.2338027954,49554,49564,10
13.0080604553,80.2342987061,49564,49574,10
13.0079298019,80.234992981,49574,49584,10
13.0077600479,80.2359237671,49584,49594,10
13.0075597763,80.2369003296,49594,49604,10
13.0073795319,80.2378463745,49604,49614,10
13.007229805,80.2386779785,49614,49624,10
13.0070495605,80.2394866943,49624,49634,10
13.0069198608,80.2400436401,49634,49675,41
13.0069198608,80.2400436401,49675,49685,10
13.0069503784,80.2400894165,49685,49695,10
13.0068798065,80.2405776978,49695,49723,28
13.0068798065,80.2405776978,49723,49731,8
13.0067901611,80.2408828735,49731,49743,12
13.0067195892,80.2415771484,49743,49753,10
13.0067100525,80.2423706055,49753,49764,11
13.0066900253,80.2433319092,49764,49774,10
13.0067195892,80.244140625,49774,49784,10
13.0067100525,80.2450714111,49784,49794,10
13.0067195892,80.2459335327,49794,49804,10
13.0067396164,80.2466278076,49804,49814,10
13.0067596436,80.2473678589,49814,49824,10
13.0067396164,80.2482223511,49824,49834,10
13.006819725,80.2491226196,49834,49844,10
13.0068798065,80.2496185303,49844,49854,10
13.0068798065,80.2496414185,49854,49864,10
13.0068502426,80.24974823,49864,49875,11
13.0068302155,80.2500991821,49875,49885,10
13.006819725,80.250579834,49885,49905,20
13.006819725,80.250579834,49905,49915,10
13.0067996979,80.2508392334,49915,49925,10
13.0068101883,80.2510604858,49925,49935,10
13.0067996979,80.251373291,49935,49945,10
13.0066900253,80.2518768311,49945,49955,10
13.0065498352,80.2526168823,49955,49965,10
13.0065498352,80.2533798218,49965,49975,10
13.0065603256,80.2542724609,49975,49991,16
13.0066003799,80.255279541,49991,50004,13
13.0066099167,80.256362915,50004,50012,8
13.0066604614,80.2569122314,50012,50034,22
13.0066604614,80.2569122314,50034,50043,9
13.0066604614,80.2571487427,50043,50054,11
13.0068101883,80.2577667236,50054,50064,10
13.0071897507,80.2582626343,50064,50074,10
13.0076503754,80.2586212158,50074,50084,10
13.0076704025,80.2586364746,50084,50094,10
13.0079097748,80.2587966919,50094,50105,11
13.0085802078,80.258972168,50105,50115,10
13.0092401505,80.2590332031,50115,50125,10
13.010020256,80.2590332031,50125,50135,10
13.0109300613,80.2590408325,50135,50145,10
13.0120000839,80.2590408325,50145,50155,10
13.0132198334,80.2591018677,50155,50165,10
13.0144500732,80.2591629028,50165,50175,10
13.015540123,80.259262085,50175,50185,10
13.0162296295,80.2595367432,50185,50195,10
13.016409874,80.2596817017,50195,50206,11
13.0164804459,80.259727478,50206,50216,10
13.0167503357,80.2599563599,50216,50226,10
13.0172700882,80.260307312,50226,50236,10
13.0177898407,80.2606430054,50236,50246,10
13.0181999207,80.2610015869,50246,50256,10
13.0185899734,80.2613601685,50256,50266,10
13.0189695358,80.2615966797,50266,50276,10
13.0192499161,80.2617797852,50276,50286,10
13.019490242,80.2620315552,50286,50296,10
13.0198402405,80.2623291016,50296,50306,10
13.0201396942,80.262550354,50306,50316,10
13.0203199387,80.2626800537,50316,50327,11
13.0207595825,80.2628631592,50327,50337,10
13.0214500427,80.2631225586,50337,50347,10
13.0218801498,80.2633132935,50347,50357,10
13.0221700668,80.263458252,50357,50367,10
13.0224399567,80.2636184692,50367,50377,10
13.0228204727,80.2638397217,50377,50393,16
13.023059845,80.2639389038,50393,50405,12
13.0235500336,80.2642974854,50405,50415,10
13.0240497589,80.2646484375,50415,50425,10
13.0245304108,80.264831543,50425,50436,11
13.0250902176,80.2651824951,50436,50446,10
13.0256900787,80.2656478882,50446,50456,10
13.0261497498,80.2657623291,50456,50465,9
13.0262403488,80.265411377,50465,50476,11
13.0263299942,80.2648773193,50476,50486,10
13.02643013,80.2642364502,50486,50495,9
13.0264797211,80.2639694214,50495,50506,11
13.0265197754,80.2638397217,50506,50516,10
13.0266799927,80.2633895874,50516,50526,10
13.0271596909,80.2635803223,50526,50536,10
13.0277395248,80.263671875,50536,50547,11
13.0282297134,80.2637863159,50547,50557,10
13.0284404755,80.2638702393,50557,50567,10
13.0288496017,80.2640609741,50567,50577,10
13.0291595459,80.2642364502,50577,50587,10
13.0292596817,80.2645797729,50587,50597,10
13.0292396545,80.2651977539,50597,50607,10
13.0292396545,80.2658996582,50607,50637,30
13.0292396545,80.2658996582,50637,50647,10
13.0292196274,80.2664108276,50647,50658,11
13.0295600891,80.2666015625,50658,50668,10
13.0299196243,80.2667007446,50668,50679,11
13.0304002762,80.2668075562,50679,50689,10
13.0309801102,80.2669906616,50689,50699,10
13.0315904617,80.2672195435,50699,50709,10
13.0320901871,80.2674026489,50709,50719,10
13.0322904587,80.2674636841,50719,50729,10
13.0325603485,80.2675476074,50729,50739,10
13.0328598022,80.2676773071,50739,50749,10
13.0331802368,80.2677307129,50749,50759,10
13.0334501266,80.267829895,50759,50790,31
13.0334501266,80.267829895,50790,50800,10
13.0336999893,80.2678909302,50800,50810,10
13.033949852,80.2679595947,50810,50820,10
13.034330368,80.2680206299,50820,50860,40
13.034330368,80.2680206299,50860,50870,10
13.034529686,80.2682037354,50870,50891,21
13.034529686,80.2682037354,50891,50901,10
13.0343503952,80.2680435181,50901,50911,10
13.034119606,80.2679901123,50911,50921,10
13.0338201523,80.2679367065,50921,50931,10
13.0335798264,80.2678833008,50931,51012,81
13.0332202911,80.2678604126,51012,51516,504
13.0332202911,80.2678604126,51516,51526,10
13.0329999924,80.2678070068,51526,51536,10
13.0326404572,80.2677001953,51536,51547,11
13.0323600769,80.2675018311,51547,51557,10
13.0318098068,80.2671966553,51557,51567,10
13.0312795639,80.266960144,51567,51577,10
13.030380249,80.2667617798,51577,51597,20
13.030380249,80.2667617798,51597,51607,10
13.0300703049,80.2666931152,51607,51617,10
13.029800415,80.2666320801,51617,51627,10
13.0296401978,80.2666168213,51627,51637,10
13.0291996002,80.266456604,51637,51647,10
13.0288095474,80.2663803101,51647,51658,11
13.0282897949,80.2663192749,51658,51668,10
13.0277996063,80.2662811279,51668,51678,10
13.0271396637,80.2661972046,51678,51688,10
13.0265197754,80.2660293579,51688,51698,10
13.0260095596,80.2658233643,51698,51708,10
13.0255098343,80.2654800415,51708,51718,10
13.0252399445,80.2652893066,51718,51728,10
13.0250196457,80.26512146,51728,51738,10
13.0247097015,80.2649078369,51738,51748,10
13.0246200562,80.2648162842,51748,51758,10
13.0242099762,80.2645111084,51758,51769,11
13.0235500336,80.2641677856,51769,51779,10
13.022939682,80.2638015747,51779,51789,10
13.0220403671,80.2633590698,51789,51809,20
13.0220403671,80.2633590698,51809,51819,10
13.0216903687,80.2631835938,51819,51829,10
13.0209903717,80.2630004883,51829,51839,10
13.0203199387,80.2629776001,51839,51849,10
13.0198698044,80.2629699707,51849,51859,10
13.0192499161,80.2629089355,51859,51869,10
13.0189599991,80.2626571655,51869,51880,11
13.0188398361,80.2618637085,51880,51890,10
13.0186595917,80.2613220215,51890,51900,10
13.018239975,80.2610015869,51900,51910,10
13.0177602768,80.2606811523,51910,51920,10
13.01720047,80.2603302002,51920,51930,10
13.0167102814,80.2599868774,51930,51940,10
13.0162000656,80.2596969604,51940,51950,10
13.0160999298,80.2596588135,51950,51960,10
13.0160198212,80.2596206665,51960,51970,10
13.0154495239,80.2593994141,51970,51980,10
13.0146198273,80.2592926025,51980,51996,16
13.0129203796,80.2592391968,51996,52009,13
13.0115404129,80.2591705322,52009,52019,10
13.0107498169,80.2591934204,52019,52029,10
13.0097503662,80.2592315674,52029,52038,9
13.0096302032,80.2592391968,52038,52049,11
13.0091295242,80.2592086792,52049,52059,10
13.0088396072,80.2591934204,52059,52068,9
13.0085000992,80.2591629028,52068,52079,11
13.0078601837,80.259262085,52079,52089,10
13.0073795319,80.2590179443,52089,52099,10
13.0072002411,80.2586135864,52099,52111,12
13.0067596436,80.2577972412,52111,52151,40
13.0067195892,80.2576370239,52151,52181,30
13.0067195892,80.2576370239,52181,52191,10
13.0066099167,80.257522583,52191,52201,10
13.0065002441,80.2571716309,52201,52212,11
13.0065097809,80.2568664551,52212,52222,10
13.0065002441,80.2565002441,52222,52232,10
13.006480217,80.255821228,52232,52241,9
13.0065002441,80.2552566528,52241,52252,11
13.006529808,80.2545471191,52252,52262,10
13.0065097809,80.2537612915,52262,52272,10
13.006529808,80.253326416,52272,52282,10
13.0065402985,80.2531280518,52282,52292,10
13.006529808,80.2528686523,52292,52343,51
13.006529808,80.2528686523,52343,52353,10
13.0065498352,80.2525863647,52353,52363,10
13.0066099167,80.2522506714,52363,52373,10
13.0067396164,80.2516937256,52373,52383,10
13.0068101883,80.2509689331,52383,52393,10
13.0067901611,80.2502593994,52393,52403,10
13.0067596436,80.2496414185,52403,52413,10
13.0067796707,80.2495117188,52413,52423,10
13.0067100525,80.2486190796,52423,52464,41
13.0067100525,80.2486190796,52464,52474,10
13.0066995621,80.2483520508,52474,52484,10
13.0066604614,80.2480316162,52484,52494,10
13.0066795349,80.2474899292,52494,52504,10
13.0066604614,80.2469100952,52504,52514,10
13.006649971,80.2466506958,52514,52524,10
13.0066795349,80.2461624146,52524,52534,10
13.0066795349,80.2454299927,52534,52545,11
13.006649971,80.2446670532,52545,52555,10
13.0066404343,80.2441482544,52555,52565,10
13.0066404343,80.243598938,52565,52575,10
13.0066299438,80.2431869507,52575,52585,10
13.0066099167,80.2424621582,52585,52595,10
13.0066099167,80.2414016724,52595,52605,10
13.0067195892,80.2405776978,52605,52615,10
13.0068798065,80.2397384644,52615,52625,10
13.0069904327,80.2389907837,52625,52635,10
13.0071697235,80.2381591797,52635,52645,10
13.0073795319,80.2368469238,52645,52666,21
13.0073795319,80.2368469238,52666,52676,10
13.0073795319,80.2367401123,52676,52686,10
13.0074996948,80.2364273071,52686,52696,10
13.0076303482,80.2358169556,52696,52706,10
13.0077896118,80.2350387573,52706,52716,10
13.0079698563,80.2341384888,52716,52726,10
13.0081796646,80.2331008911,52726,52736,10
13.0083999634,80.2319564819,52736,52746,10
13.0086202621,80.2308807373,52746,52756,10
13.0088701248,80.2295837402,52756,52766,10
13.0091600418,80.2282791138,52766,52777,11
13.0096302032,80.2271499634,52777,52787,10
13.0101099014,80.2261505127,52787,52797,10
13.0105695724,80.2251968384,52797,52807,10
13.0107402802,80.2248306274,52807,52817,10
13.0109996796,80.224281311,52817,52827,10
13.0112695694,80.2235031128,52827,52837,10
13.0115499496,80.2228469849,52837,52847,10
13.0118598938,80.2220611572,52847,52857,10
13.0122098923,80.2213973999,52857,52867,10
13.0124797821,80.2216796875,52867,52877,10
13.0129203796,80.2222518921,52877,52888,11
13.0136299133,80.2230911255,52888,52898,10
13.0140600204,80.2237091064,52898,52908,10
13.0146999359,80.2244110107,52908,52918,10
13.0152997971,80.2248916626,52918,52928,10
13.0153598785,80.2249069214,52928,52938,10
13.0155000687,80.2250289917,52938,52948,10
13.0156402588,80.2251586914,52948,52958,10
13.0158700943,80.2253036499,52958,52968,10
13.0164299011,80.2253494263,52968,52978,10
13.0171604156,80.2250900269,52978,52989,11
13.0180797577,80.2247161865,52989,52999,10
13.0189199448,80.2244110107,52999,53009,10
13.0197200775,80.2245483398,53009,53039,30
13.0197200775,80.2245483398,53039,53049,10
13.0199699402,80.224822998,53049,53059,10
13.0204696655,80.2251586914,53059,53069,10
13.020939827,80.2255401611,53069,53079,10
13.0215196609,80.2259597778,53079,53089,10
13.0218000412,80.2261123657,53089,53099,10
13.0218095779,80.2261276245,53099,53109,10
13.0220298767,80.2263336182,53109,53120,11
13.0222396851,80.2265014648,53120,53130,10
13.0225200653,80.2267379761,53130,53140,10
13.0230102539,80.227180481,53140,53150,10
13.0235996246,80.2276992798,53150,53160,10
13.0240097046,80.2281265259,53160,53170,10
13.0242595673,80.2284317017,53170,53180,10
13.024600029,80.2288818359,53180,53190,10
13.0248804092,80.2292633057,53190,53200,10
13.0252199173,80.2296981812,53200,53210,10
13.0256795883,80.2303695679,53210,53221,11
13.0259895325,80.2309799194,53221,53231,10
13.0261096954,80.2313079834,53231,53241,10
13.0266199112,80.2312393188,53241,53251,10
13.0272397995,80.2310791016,53251,53261,10
13.0277395248,80.2309799194,53261,53271,10
13.0282001495,80.2309265137,53271,53281,10
13.0283403397,80.2309112549,53281,53291,10
13.0290298462,80.2308578491,53291,53311,20
13.0290298462,80.2308578491,53311,53321,10
13.029299736,80.2308578491,53321,53332,11
13.029589653,80.2308273315,53332,53342,10
13.0298900604,80.230796814,53342,53352,10
13.0302200317,80.2307815552,53352,53362,10
13.0305995941,80.2307434082,53362,53372,10
13.0311098099,80.2307128906,53372,53381,9
13.031709671,80.2306518555,53381,53392,11
13.0324001312,80.2305831909,53392,53401,9
13.0329399109,80.2305374146,53401,53412,11
13.0339803696,80.23046875,53412,53432,20
13.0339803696,80.23046875,53432,53443,11
13.0342702866,80.2304763794,53443,53453,10
13.0345497131,80.2303924561,53453,53543,90
13.0349302292,80.2302703857,53543,53564,21
13.0349302292,80.2302703857,53564,53574,10
13.0349397659,80.2299880981,53574,53584,10
13.0346603394,80.2300491333,53584,53725,141
13.0342903137,80.2300720215,53725,55451,1726
13.0340995789,80.2304229736,55451,55471,20
13.0340995789,80.2304229736,55471,55481,10
13.033829689,80.2304916382,55481,55491,10
13.0334997177,80.2304916382,55491,55501,10
13.0331001282,80.2305221558,55501,55511,10
13.032699585,80.2305526733,55511,55521,10
13.0322399139,80.2306137085,55521,55531,10
13.0316801071,80.2306594849,55531,55541,10
13.0311098099,80.2307128906,55541,55552,11
13.0305995941,80.230758667,55552,55562,10
13.0300998688,80.230796814,55562,55572,10
13.0298204422,80.2308425903,55572,55582,10
13.0297203064,80.2308425903,55582,55592,10
13.0294799805,80.2308883667,55592,55602,10
13.0291500092,80.2309188843,55602,55612,10
13.0286598206,80.2309799194,55612,55622,10
13.0281600952,80.2310180664,55622,55632,10
13.0276699066,80.2311019897,55632,55642,10
13.0277099609,80.2314529419,55642,55652,10
13.0277900696,80.2319335938,55652,55663,11
13.0278997421,80.2325286865,55663,55673,10
13.0276203156,80.2327728271,55673,55683,10
13.027179718,80.2328796387,55683,55693,10
13.0268802643,80.2329711914,55693,55703,10
13.0265903473,80.2330093384,55703,55713,10
13.0262804031,80.2326278687,55713,55723,10
13.026140213,80.2319412231,55723,55733,10
13.0259304047,80.2311782837,55733,55743,10
13.0256795883,80.2305831909,55743,55753,10
13.0252895355,80.2299423218,55753,55763,10
13.0247898102,80.2293014526,55763,55773,10
13.024020195,80.2283401489,55773,55794,21
13.024020195,80.2283401489,55794,55804,10
13.0238599777,80.2281417847,55804,55820,16
13.0234603882,80.2276611328,55820,55832,12
13.0231103897,80.2272872925,55832,55842,10
13.0227603912,80.2269592285,55842,55852,10
13.0225095749,80.2267227173,55852,55862,10
13.0221595764,80.2264175415,55862,55872,10
13.021490097,80.2258987427,55872,55882,10
13.020939827,80.225440979,55882,55893,11
13.0205202103,80.2251586914,55893,55903,10
13.0201196671,80.224899292,55903,55913,10
13.019659996,80.2245864868,55913,55921,8
13.0190696716,80.2244491577,55921,55933,12
13.0179300308,80.224822998,55933,55943,10
13.0170898438,80.2251815796,55943,55953,10
13.0165996552,80.2253799438,55953,55973,20
13.0165996552,80.2253799438,55973,55983,10
13.0164699554,80.2254180908,55983,55993,10
13.0163202286,80.2254867554,55993,56004,11
13.0158195496,80.2256774902,56004,56014,10
13.0151596069,80.2258987427,56014,56024,10
13.0144996643,80.2261505127,56024,56034,10
13.0141801834,80.2262802124,56034,56044,10
13.013999939,80.2263870239,56044,56054,10
13.0137796402,80.2264633179,56054,56064,10
13.0131502151,80.2267074585,56064,56074,10
13.0122699738,80.2270507813,56074,56084,10
13.0113801956,80.2274017334,56084,56094,10
13.01060009,80.227722168,56094,56110,16
13.0093803406,80.2282333374,56110,56123,13
13.0090303421,80.2289581299,56123,56133,10
13.0089101791,80.229637146,56133,56143,10
13.0087203979,80.2306213379,56143,56153,10
13.0085601807,80.2314071655,56153,56163,10
13.0083599091,80.2324371338,56163,56173,10
13.0082302094,80.2333908081,56173,56183,10
13.0081796646,80.2335891724,56183,56193,10
13.0081195831,80.2338180542,56193,56203,10
13.008020401,80.2343063354,56203,56213,10
13.007900238,80.2349014282,56213,56223,10
13.007809639,80.2353515625,56223,56244,21
13.0074396133,80.2370681763,56244,56256,12
13.0072402954,80.2381820679,56256,56266,10
13.0071401596,80.2387313843,56266,56276,10
13.0069999695,80.2395324707,56276,56286,10
13.006939888,80.2398376465,56286,56296,10
13.0068702698,80.2403488159,56296,56316,20
13.0068702698,80.2403488159,56316,56326,10
13.0068101883,80.2407684326,56326,56336,10
13.0067596436,80.2414703369,56336,56347,11
13.0067396164,80.2423706055,56347,56357,10
13.0067195892,80.2431182861,56357,56367,10
13.0067100525,80.2438812256,56367,56377,10
13.0066795349,80.244720459,56377,56387,10
13.0067195892,80.2456970215,56387,56397,10
13.0067596436,80.2464523315,56397,56407,10
13.0067901611,80.2469177246,56407,56417,10
13.0067501068,80.2471694946,56417,56427,10
13.0067100525,80.2474975586,56427,56437,10
13.0066995621,80.2479019165,56437,56447,10
13.0067195892,80.248588562,56447,56458,11
13.0068502426,80.2495727539,56458,56478,20
13.0068502426,80.2495727539,56478,56488,10
13.0068798065,80.2498931885,56488,56497,9
13.006819725,80.2504806519,56497,56508,11
13.006819725,80.2511978149,56508,56518,10
13.0067300797,80.2517929077,56518,56528,10
13.0065898895,80.2525787354,56528,56538,10
13.0065803528,80.253578186,56538,56548,10
13.0065803528,80.2544784546,56548,56558,10
13.0066299438,80.2550811768,56558,56569,11
13.0066404343,80.2558364868,56569,56579,10
13.0066404343,80.2566223145,56579,56589,10
13.0067596436,80.2574768066,56589,56599,10
13.0071802139,80.2583007813,56599,56609,10
13.007610321,80.2586135864,56609,56619,10
13.0076999664,80.2586669922,56619,56629,10
13.0079698563,80.2588195801,56629,56639,10
13.0086202621,80.2590332031,56639,56649,10
13.0093402863,80.2590408325,56649,56659,10
13.0102596283,80.2590408325,56659,56669,10
13.0112304688,80.2590484619,56669,56680,11
13.0123796463,80.2590789795,56680,56690,10
13.0134897232,80.2591400146,56690,56700,10
13.0146999359,80.2591781616,56700,56710,10
13.0157403946,80.2593383789,56710,56720,10
13.0161600113,80.2595214844,56720,56730,10
13.0161600113,80.2595062256,56730,56740,10
13.0163898468,80.2597122192,56740,56750,10
13.0167999268,80.2600479126,56750,56760,10
13.0175104141,80.2605285645,56760,56770,10
13.0181398392,80.2609786987,56770,56780,10
13.0187397003,80.261390686,56780,56791,11
13.0192403793,80.2618026733,56791,56801,10
13.0197401047,80.2622909546,56801,56811,10
13.0201597214,80.262588501,56811,56821,10
13.0202503204,80.2627029419,56821,56831,10
13.0207195282,80.2628631592,56831,56841,10
13.0214595795,80.2631225586,56841,56851,10
13.0219497681,80.2633972168,56851,56861,10
13.0223197937,80.2635803223,56861,56871,10
13.0228796005,80.2637634277,56871,56881,10
13.0229301453,80.2638015747,56881,56891,10
13.0231599808,80.263961792,56891,56902,11
13.0236797333,80.2642364502,56902,56912,10
13.0242099762,80.2645721436,56912,56922,10
13.0247602463,80.2649993896,56922,56932,10
13.0253696442,80.2654037476,56932,56942,10
13.0259504318,80.2657623291,56942,56952,10
13.0262203217,80.2656402588,56952,56962,10
13.026309967,80.2650985718,56962,56972,10
13.0263996124,80.264541626,56972,56982,10
13.0264797211,80.263999939,56982,56992,10
13.0264997482,80.2639312744,56992,57002,10
13.0265398026,80.2637634277,57002,57013,11
13.026599884,80.263381958,57013,57023,10
13.0268602371,80.2633590698,57023,57033,10
13.0272798538,80.263458252,57033,57043,10
13.0278100967,80.2636795044,57043,57053,10
13.028169632,80.2637634277,57053,57063,10
13.0284700394,80.2638778687,57063,57073,10
13.0289096832,80.263999939,57073,57083,10
13.0291595459,80.2642974854,57083,57093,10
13.0292100906,80.2647781372,57093,57103,10
13.0291795731,80.2653274536,57103,57113,10
13.0292100906,80.2657318115,57113,57124,11
13.0292196274,80.265953064,57124,57134,10
13.0291900635,80.2663421631,57134,57144,10
13.029419899,80.2665328979,57144,57154,10
13.0296001434,80.2665786743,57154,57164,10
13.0297403336,80.2665634155,57164,57174,10
13.0301198959,80.2666168213,57174,57184,10
13.0306596756,80.2667694092,57184,57194,10
13.0312995911,80.2669296265,57194,57204,10
13.0319404602,80.2672424316,57204,57214,10
13.0323801041,80.2674484253,57214,57224,10
13.0326595306,80.2676086426,57224,57234,10
13.0333404541,80.2677383423,57234,57261,27
13.0333404541,80.2677383423,57261,57273,12
13.0335798264,80.267829895,57273,57283,10
13.0338802338,80.2679214478,57283,57293,10
13.0343103409,80.2680282593,57293,57301,8
13.0345201492,80.2681121826,57301,57315,14
13.0344104767,80.2682113647,57315,57325,10
13.0343399048,80.2680892944,57325,57335,10
13.0340900421,80.2680435181,57335,57345,10
13.0338602066,80.2679824829,57345,57356,11
13.0333404541,80.267868042,57356,57624,268
13.0330896378,80.2677612305,57624,58139,515
13.0330896378,80.2677612305,58139,58149,10
13.0328397751,80.2676620483,58149,58159,10
13.0325803757,80.2675476074,58159,58169,10
13.0324602127,80.2674179077,58169,58179,10
13.0322599411,80.2673416138,58179,58189,10
13.0318403244,80.2671432495,58189,58199,10
13.0313596725,80.2669372559,58199,58209,10
13.0306901932,80.2667922974,58209,58219,10
13.0303001404,80.2667236328,58219,58229,10
13.0300798416,80.2666702271,58229,58240,11
13.0297203064,80.2666091919,58240,58249,9
13.0293102264,80.2664871216,58249,58260,11
13.0287904739,80.2663421631,58260,58270,10
13.0279998779,80.2662200928,58270,58280,10
13.0271997452,80.2660980225,58280,58290,10
13.0264902115,80.2660293579,58290,58310,20
13.0264902115,80.2660293579,58310,58320,10
13.0263299942,80.2659683228,58320,58330,10
13.0261297226,80.2658996582,58330,58341,11
13.0257997513,80.2656784058,58341,58351,10
13.0255298615,80.2654876709,58351,58361,10
13.0254201889,80.265411377,58361,58371,10
13.0251398087,80.2652206421,58371,58381,10
13.0247802734,80.2649383545,58381,58391,10
13.024310112,80.2645874023,58391,58401,10
13.0237703323,80.2642974854,58401,58411,10
13.0235204697,80.2641372681,58411,58421,10
13.0228700638,80.2637863159,58421,58431,10
13.0222797394,80.2634887695,58431,58441,10
13.0219697952,80.2633209229,58441,58452,11
13.0213699341,80.2630996704,58452,58462,10
13.020529747,80.2630310059,58462,58472,10
13.0201997757,80.2630310059,58472,58482,10
13.0197200775,80.2629776001,58482,58492,10
13.0191802979,80.2629165649,58492,58502,10
13.0188903809,80.2626571655,58502,58512,10
13.0188102722,80.2619628906,58512,58522,10
13.0186796188,80.2613601685,58522,58532,10
13.0181303024,80.2609634399,58532,58542,10
13.0173501968,80.2604598999,58542,58552,10
13.0166196823,80.2599716187,58552,58562,10
13.0158004761,80.2595367432,58562,58573,11
13.0146598816,80.2593002319,58573,58583,10
13.0134801865,80.259262085,58583,58599,16
13.0115299225,80.2591781616,58599,58611,12
13.0097799301,80.2592391968,58611,58640,29
13.0097799301,80.2592391968,58640,58651,11
13.0092802048,80.2592086792,58651,58661,10
13.0088195801,80.2592010498,58661,58671,10
13.0084695816,80.2591781616,58671,58682,11
13.0076599121,80.2593307495,58682,58691,9
13.0073204041,80.2589797974,58691,58702,11
13.0071802139,80.2586669922,58702,58712,10
13.007109642,80.2585372925,58712,58722,10
13.006939888,80.2582397461,58722,58732,10
13.0067195892,80.2578125,58732,58752,20
13.0067195892,80.2578125,58752,58762,10
13.0065402985,80.257598877,58762,58772,10
13.0064897537,80.2574005127,58772,58782,10
13.0065002441,80.2569732666,58782,58793,11
13.0065097809,80.2562789917,58793,58803,10
13.0065002441,80.2557067871,58803,58813,10
13.0065202713,80.2552337646,58813,58822,9
13.0065402985,80.2545928955,58822,58832,10
13.0065202713,80.2537002563,58832,58843,11
13.0065202713,80.2531814575,58843,58853,10
13.0065002441,80.2530212402,58853,58863,10
13.0065002441,80.2529067993,58863,58873,10
13.0065002441,80.2527389526,58873,58883,10
13.006529808,80.2524108887,58883,58893,10
13.0066299438,80.2518081665,58893,58904,11
13.0067100525,80.2509078979,58904,58913,9
13.0067100525,80.2498779297,58913,58924,11
13.0066900253,80.248878479,58924,58934,10
13.0066099167,80.2477493286,58934,59015,81
13.0066099167,80.2477493286,59015,59025,10
13.0066099167,80.247467041,59025,59035,10
13.0066299438,80.2470397949,59035,59045,10
13.0066204071,80.2464065552,59045,59055,10
13.0066003799,80.2455825806,59055,59065,10
13.0065803528,80.245262146,59065,59075,10
13.0065803528,80.2446212769,59075,59085,10
13.0065803528,80.2438964844,59085,59095,10
13.0065603256,80.2432403564,59095,59105,10
13.0065402985,80.2425384521,59105,59116,11
13.0065402985,80.241607666,59116,59126,10
13.0066995621,80.2404174805,59126,59146,20
13.0066995621,80.2404174805,59146,59156,10
13.0067796707,80.240020752,59156,59166,10
13.0069103241,80.2393798828,59166,59176,10
13.0070495605,80.238571167,59176,59186,10
13.0072202682,80.237739563,59186,59196,10
13.0073204041,80.2369613647,59196,59227,31
13.0073204041,80.2369613647,59227,59237,10
13.0073604584,80.236831665,59237,59247,10
13.0074300766,80.2366104126,59247,59257,10
13.0075101852,80.2363128662,59257,59267,10
13.0076398849,80.2356796265,59267,59277,10
13.0077104568,80.2352905273,59277,59287,10
13.0077295303,80.235168457,59287,59297,10
13.0078296661,80.2346420288,59297,59307,10
13.0079898834,80.2338562012,59307,59317,10
13.0081796646,80.2328796387,59317,59327,10
13.0083999634,80.2317581177,59327,59338,11
13.008649826,80.2304992676,59338,59348,10
13.008890152,80.2293167114,59348,59358,10
13.0091295242,80.2282333374,59358,59368,10
13.0095396042,80.2272415161,59368,59378,10
13.0100402832,80.2261886597,59378,59388,10
13.0104598999,80.2253112793,59388,59399,11
13.0105600357,80.2250900269,59399,59409,10
13.0106296539,80.2249298096,59409,59419,10
13.010840416,80.2244567871,59419,59429,10
13.0111303329,80.2237319946,59429,59439,10
13.0112600327,80.2234191895,59439,59449,10
13.011349678,80.2232208252,59449,59460,11
13.0115499496,80.2227630615,59460,59470,10
13.0118198395,80.2221374512,59470,59480,10
13.0120697021,80.2215576172,59480,59490,10
13.0123701096,80.2216873169,59490,59500,10
13.012720108,80.2221679688,59500,59510,10
13.0130901337,80.2224807739,59510,59520,10
13.013420105,80.2228088379,59520,59530,10
13.0138902664,80.2234191895,59530,59540,10
13.0142097473,80.2238388062,59540,59550,10
13.0150499344,80.2246932983,59550,59571,21
13.0150499344,80.2246932983,59571,59581,10
13.0152101517,80.2248306274,59581,59591,10
13.0154800415,80.2249984741,59591,59601,10
13.0155200958,80.2250366211,59601,59611,10
13.0158195496,80.2252578735,59611,59621,10
13.016579628,80.2253036499,59621,59637,16
13.0180397034,80.2247085571,59637,59649,12
13.0191802979,80.224319458,59649,59657,8
13.0194597244,80.224281311,59657,59669,12
13.0195598602,80.2244186401,59669,59680,11
13.0197496414,80.2246017456,59680,59690,10
13.020190239,80.2249221802,59690,59700,10
13.0208101273,80.2253417969,59700,59710,10
13.0212097168,80.2256622314,59710,59720,10
13.02161026,80.2259674072,59720,59730,10
13.0219602585,80.2261734009,59730,59740,10
13.0221004486,80.2262878418,59740,59750,10
13.0225000381,80.2266769409,59750,59760,10
13.0231199265,80.2272491455,59760,59770,10
13.023730278,80.2277984619,59770,59780,10
13.0242395401,80.228302002,59780,59801,21
13.0242395401,80.228302002,59801,59811,10
13.0244398117,80.2285690308,59811,59821,10
13.0247097015,80.2289505005,59821,59831,10
13.0249996185,80.2293624878,59831,59841,10
13.0254001617,80.2298965454,59841,59851,10
13.0258197784,80.2305603027,59851,59861,10
13.0260295868,80.2311019897,59861,59870,9
13.0260400772,80.2312316895,59870,59881,11
13.0260801315,80.2314224243,59881,59890,9
13.0263595581,80.231338501,59890,59902,12
13.0271100998,80.2311401367,59902,59912,10
13.0275096893,80.231048584,59912,59922,10
13.027879715,80.2309112549,59922,59931,9
13.0282802582,80.2309036255,59931,59942,11
13.0282897949,80.2309036255,59942,59952,10
13.0285196304,80.2308807373,59952,59962,10
13.0291795731,80.2308425903,59962,60023,61
13.0291795731,80.2308425903,60023,60033,10
13.0294799805,80.2308273315,60033,60043,10
13.0298299789,80.230796814,60043,60053,10
13.0303201675,80.23072052,60053,60063,10
13.0305900574,80.2306976318,60063,60073,10
13.030960083,80.2306365967,60073,60083,10
13.0316200256,80.2306137085,60083,60093,10
13.0323400497,80.2305526733,60093,60102,9
13.0333003998,80.230506897,60102,60134,32
13.0333003998,80.230506897,60134,60144,10
13.0335597992,80.23046875,60144,60154,10
13.0338401794,80.2304534912,60154,60164,10
13.0341796875,80.2304534912,60164,60174,10
13.0345897675,80.2304000854,60174,60224,50
13.0345897675,80.2304000854,60224,60235,11
13.0348300934,80.2303390503,60235,60245,10
13.0348300934,80.2300796509,60245,60346,101
13.0345201492,80.2301025391,60346,62404,2058
13.0342502594,80.2301330566,62404,62536,132
13.0342502594,80.2301330566,62536,62546,10
13.0340099335,80.2304000854,62546,62556,10
13.033780098,80.2304000854,62556,62566,10
13.0335798264,80.2304382324,62566,62575,9
13.0333995819,80.2304763794,62575,62586,11
13.0329399109,80.230506897,62586,62596,10
13.0321998596,80.2305908203,62596,62606,10
13.0317602158,80.2306365967,62606,62616,10
13.0312299728,80.2306976318,62616,62626,10
13.03083992,80.2307434082,62626,62636,10
13.0304803848,80.2307662964,62636,62646,10
13.0298900604,80.2308273315,62646,62657,11
13.0297203064,80.2308578491,62657,62667,10
13.0294303894,80.2308807373,62667,62677,10
13.028840065,80.2309036255,62677,62687,10
13.0280799866,80.2309799194,62687,62697,10
13.0276203156,80.2311325073,62697,62707,10
13.027680397,80.2317123413,62707,62717,10
13.0277700424,80.2323226929,62717,62727,10
13.0278596878,80.2328109741,62727,62737,10
13.0270996094,80.2329483032,62737,62757,20
13.0270996094,80.2329483032,62757,62768,11
13.0268602371,80.2329864502,62768,62778,10
13.0266103745,80.233039856,62778,62788,10
13.0262804031,80.2326889038,62788,62798,10
13.0261802673,80.2322769165,62798,62808,10
13.0261201859,80.2319488525,62808,62818,10
13.0259895325,80.2314834595,62818,62828,10
13.025850296,80.2308807373,62828,62838,10
13.0255002975,80.2302017212,62838,62848,10
13.0250301361,80.2295532227,62848,62858,10
13.0245895386,80.2289962769,62858,62868,10
13.0240802765,80.2284011841,62868,62889,21
13.0240802765,80.2284011841,62889,62899,10
13.0238399506,80.2280731201,62899,62909,10
13.0234804153,80.2276916504,62909,62919,10
13.0230998993,80.2272796631,62919,62929,10
13.022600174,80.2268218994,62929,62945,16
13.0218601227,80.2261886597,62945,62957,12
13.0211696625,80.2256393433,62957,62965,8
13.0206899643,80.2253036499,62965,62976,11
13.0200300217,80.224861145,62976,62987,11
13.0191802979,80.2244567871,62987,62998,11
13.0180902481,80.2247695923,62998,63008,10
13.0171699524,80.225151062,63008,63018,10
13.0165596008,80.2254104614,63018,63028,10
13.0163402557,80.2254867554,63028,63038,10
13.0162200928,80.2255401611,63038,63048,10
13.0156002045,80.2257614136,63048,63058,10
13.0149803162,80.2260131836,63058,63068,10
13.0142803192,80.2262802124,63068,63088,20
13.0142803192,80.2262802124,63088,63099,11
13.0138301849,80.2264709473,63099,63109,10
13.0131902695,80.2267227173,63109,63119,10
13.0124702454,80.2269973755,63119,63141,22
13.0105495453,80.2277832031,63141,63153,12
13.0095901489,80.2281723022,63153,63163,10
13.0091199875,80.2287521362,63163,63173,10
13.0089197159,80.2296066284,63173,63183,10
13.0087003708,80.2308502197,63183,63193,10
13.0085201263,80.231842041,63193,63202,9
13.0083599091,80.2326583862,63202,63214,12
13.0082798004,80.2333374023,63214,63224,10
13.0082597733,80.2333831787,63224,63234,10
13.0082302094,80.2334823608,63234,63244,10
13.0081501007,80.2337875366,63244,63254,10
13.0080604553,80.2342910767,63254,63264,10
13.0079603195,80.2348175049,63264,63274,10
13.0079402924,80.2349014282,63274,63283,9
13.0078697205,80.235206604,63283,63294,11
13.0077199936,80.2359695435,63294,63304,10
13.0075397491,80.2368774414,63304,63314,10
13.007349968,80.2377929688,63314,63325,11
13.0072002411,80.2385787964,63325,63335,10
13.0071201324,80.2389907837,63335,63345,10
13.0070199966,80.2394866943,63345,63355,10
13.0069799423,80.2398223877,63355,63436,81
13.0069799423,80.2398223877,63436,63446,10
13.0069904327,80.2399520874,63446,63456,10
13.0069198608,80.2403564453,63456,63466,10
13.0068902969,80.2406234741,63466,63486,20
13.0068902969,80.2406234741,63486,63496,10
13.0068597794,80.2407836914,63496,63506,10
13.0067501068,80.2413024902,63506,63516,10
13.0067396164,80.2421112061,63516,63526,10
13.0067300797,80.2429199219,63526,63536,10
13.0067100525,80.243637085,63536,63547,11
13.0066995621,80.2444915771,63547,63557,10
13.0067195892,80.2451324463,63557,63566,9
13.0067396164,80.2455368042,63566,63577,11
13.0067596436,80.2460708618,63577,63587,10
13.0067796707,80.2466583252,63587,63597,10
13.0067796707,80.2471618652,63597,63607,10
13.0067596436,80.2478790283,63607,63617,10
13.0067901611,80.2486190796,63617,63627,10
13.0068902969,80.2496337891,63627,63647,20
13.0068902969,80.2496337891,63647,63658,11
13.0068798065,80.2497329712,63658,63668,10
13.0068397522,80.2501907349,63668,63678,10
13.006819725,80.2507705688,63678,63688,10
13.006819725,80.2511978149,63688,63698,10
13.0067796707,80.2515563965,63698,63708,10
13.0066299438,80.2522201538,63708,63718,10
13.0065803528,80.2529220581,63718,63728,10
13.0065803528,80.2537612915,63728,63738,10
13.0066404343,80.2546920776,63738,63748,10
13.0066204071,80.2553405762,63748,63759,11
13.0066299438,80.2560501099,63759,63769,10
13.0066299438,80.2566833496,63769,63779,10
13.0066699982,80.2570266724,63779,63799,20
13.0066699982,80.2570266724,63799,63809,10
13.0066795349,80.2572174072,63809,63819,10
13.006819725,80.2577896118,63819,63829,10
13.007229805,80.258430481,63829,63839,10
13.0076999664,80.2586975098,63839,63859,20
13.0076999664,80.2586975098,63859,63869,10
13.0078496933,80.2587738037,63869,63880,11
13.0083303452,80.2589569092,63880,63890,10
13.0088996887,80.2591018677,63890,63900,10
13.0096797943,80.2591171265,63900,63910,10
13.0106401443,80.2591094971,63910,63920,10
13.0113801956,80.2591171265,63920,63930,10
13.0122804642,80.2591171265,63930,63940,10
13.0133399963,80.2591629028,63940,63950,10
13.0144395828,80.2592086792,63950,63960,10
13.0154495239,80.2592773438,63960,63970,10
13.0164003372,80.2596817017,63970,64001,31
13.0164003372,80.2596817017,64001,64011,10
13.0164699554,80.2597808838,64011,64021,10
13.0165500641,80.2598724365,64021,64031,10
13.0167503357,80.260017395,64031,64041,10
13.017250061,80.2603530884,64041,64051,10
13.0179300308,80.2608108521,64051,64061,10
13.0185098648,80.2611999512,64061,64071,10
13.0188398361,80.2614593506,64071,64081,10
13.0191602707,80.2617721558,64081,64091,10
13.0195102692,80.2621078491,64091,64102,11
13.0198698044,80.2624969482,64102,64112,10
13.0202302933,80.2627334595,64112,64142,30
13.0202302933,80.2627334595,64142,64152,10
13.0204801559,80.262840271,64152,64162,10
13.0210599899,80.2630081177,64162,64172,10
13.0218496323,80.2633132935,64172,64182,10
13.0222597122,80.2634963989,64182,64192,10
13.0225095749,80.2636489868,64192,64203,11
13.0230102539,80.2639083862,64203,64223,20
13.0230102539,80.2639083862,64223,64233,10
13.0231895447,80.2640686035,64233,64243,10
13.0236101151,80.264289856,64243,64253,10
13.024189949,80.2646102905,64253,64263,10
13.0246095657,80.2649383545,64263,64273,10
13.0250396729,80.2652587891,64273,64283,10
13.02546978,80.2655487061,64283,64293,10
13.0260696411,80.2658920288,64293,64303,10
13.026140213,80.2659225464,64303,64313,10
13.0263595581,80.2657165527,64313,64324,11
13.0263900757,80.2651824951,64324,64334,10
13.0265302658,80.2642593384,64334,64354,20
13.0265302658,80.2642593384,64354,64364,10
13.026550293,80.2640228271,64364,64374,10
13.026599884,80.2638015747,64374,64384,10
13.0267400742,80.2635726929,64384,64394,10
13.0271701813,80.2636108398,64394,64404,10
13.027680397,80.2637176514,64404,64414,10
13.0282297134,80.2638626099,64414,64424,10
13.0283298492,80.2638778687,64424,64435,11
13.0285100937,80.263961792,64435,64451,16
13.0289897919,80.2641220093,64451,64463,12
13.0291996002,80.2644195557,64463,64473,10
13.0292396545,80.2648086548,64473,64483,10
13.0292396545,80.2654800415,64483,64493,10
13.0292396545,80.2660217285,64493,64513,20
13.0292396545,80.2660217285,64513,64523,10
13.0292196274,80.2663574219,64523,64543,20
13.0292196274,80.2663574219,64543,64554,11
13.0292901993,80.2666320801,64554,64564,10
13.0297002792,80.2666702271,64564,64574,10
13.0301399231,80.2667007446,64574,64584,10
13.0306501389,80.2667922974,64584,64594,10
13.0312700272,80.2669830322,64594,64604,10
13.0318202972,80.2671966553,64604,64614,10
13.0322504044,80.2674026489,64614,64624,10
13.0325698853,80.2675476074,64624,64634,10
13.0328302383,80.2677078247,64634,64661,27
13.0328302383,80.2677078247,64661,64673,12
13.0333499908,80.2678527832,64673,64753,80
13.0333499908,80.2678527832,64753,64764,11
13.0338497162,80.2679595947,64764,64784,20
13.0338497162,80.2679595947,64784,64794,10
13.0344200134,80.2680435181,64794,64813,19
13.0344200134,80.2680435181,64813,64824,11
13.0344104767,80.2681274414,64824,64844,20
13.0344104767,80.2681274414,64844,64854,10
13.0342197418,80.2680587769,64854,64865,11
13.0339403152,80.2679977417,64865,64876,11
13.0334596634,80.2678985596,64876,64926,50
13.0331401825,80.2678222656,64926,64956,30
13.0328397751,80.267791748,64956,64987,31
13.0328397751,80.267791748,64987,64997,10
13.0326700211,80.2677001953,64997,65007,10
13.0326099396,80.2676010132,65007,65017,10
13.0324401855,80.2675170898,65017,65027,10
13.0321302414,80.2673187256,65027,65037,10
13.0317001343,80.2670898438,65037,65047,10
13.0314102173,80.2670135498,65047,65057,10
13.0309696198,80.2668685913,65057,65067,10
13.0304403305,80.2667694092,65067,65077,10
13.0300998688,80.2666778564,65077,65087,10
13.0298995972,80.2666625977,65087,65098,11
13.0295295715,80.2666015625,65098,65108,10
13.0292196274,80.266456604,65108,65118,10
13.0286998749,80.2663421631,65118,65128,10
13.0282201767,80.266242981,65128,65138,10
13.0276699066,80.2661437988,65138,65148,10
13.0270299911,80.2660827637,65148,65158,10
13.0265197754,80.2659835815,65158,65168,10
13.0264797211,80.2659683228,65168,65178,10
13.0261201859,80.2658920288,65178,65188,10
13.0256500244,80.2656173706,65188,65198,10
13.0253000259,80.265411377,65198,65209,11
13.0253000259,80.2654037476,65209,65219,10
13.0250902176,80.2652587891,65219,65229,10
13.0248203278,80.2650680542,65229,65239,10
13.0243997574,80.2647171021,65239,65249,10
13.024020195,80.2644577026,65249,65259,10
13.0235500336,80.2641677856,65259,65269,10
13.0230197906,80.2638626099,65269,65279,10
13.0222797394,80.2635269165,65279,65299,20
13.0222797394,80.2635269165,65299,65310,11
13.0219497681,80.263381958,65310,65320,10
13.0215902328,80.2631912231,65320,65330,10
13.0207996368,80.2630691528,65330,65340,10
13.0201997757,80.2630310059,65340,65350,10
13.0196895599,80.2629776001,65350,65360,10
13.0191202164,80.2629165649,65360,65370,10
13.0189399719,80.262550354,65370,65380,10
13.0188398361,80.2618789673,65380,65396,16
13.0185003281,80.2612686157,65396,65408,12
13.0184698105,80.2612228394,65408,65416,8
13.0182695389,80.2610702515,65416,65429,13
13.017999649,80.2609176636,65429,65439,10
13.0176496506,80.2606811523,65439,65449,10
13.0171203613,80.260307312,65449,65459,10
13.0167198181,80.2600402832,65459,65469,10
13.0163402557,80.2598266602,65469,65479,10
13.0159702301,80.2596588135,65479,65509,30
13.0159702301,80.2596588135,65509,65519,10
13.0159101486,80.2596206665,65519,65530,11
13.0154800415,80.2594680786,65530,65540,10
13.014960289,80.2593536377,65540,65550,10
13.0143404007,80.2593231201,65550,65560,10
13.0136003494,80.2593002319,65560,65570,10
13.0128297806,80.2592697144,65570,65580,10
13.0120601654,80.2592391968,65580,65590,10
13.011300087,80.2592163086,65590,65600,10
13.0106496811,80.2592391968,65600,65610,10
13.0098800659,80.2593231201,65610,65630,20
13.0098800659,80.2593231201,65630,65641,11
13.0095901489,80.2593002319,65641,65651,10
13.0092496872,80.259262085,65651,65661,10
13.0088596344,80.2592468262,65661,65671,10
13.0085000992,80.2592391968,65671,65681,10
13.0080699921,80.2592468262,65681,65691,10
13.0077400208,80.2593688965,65691,65701,10
13.0074396133,80.2591705322,65701,65711,10
13.0072603226,80.2588500977,65711,65721,10
13.0072603226,80.2588272095,65721,65731,10
13.007229805,80.2586975098,65731,65741,10
13.0070400238,80.258392334,65741,65752,11
13.0068502426,80.2580032349,65752,65762,10
13.0068101883,80.2578887939,65762,65772,10
13.0066995621,80.2576675415,65772,65782,10
13.0065803528,80.2572479248,65782,65792,10
13.0065402985,80.2568511963,65792,65802,10
13.0065498352,80.256362915,65802,65812,10
13.0065402985,80.2557830811,65812,65822,10
13.0065803528,80.2552032471,65822,65832,10
13.0065498352,80.2545394897,65832,65842,10
13.0065603256,80.2537231445,65842,65903,61
13.0065603256,80.2537231445,65903,65913,10
13.0066299438,80.2532806396,65913,65943,30
13.0066299438,80.2532806396,65943,65953,10
13.0065603256,80.2530212402,65953,65963,10
13.0065402985,80.2526473999,65963,65974,11
13.0065803528,80.2521820068,65974,66034,60
13.0065803528,80.2521820068,66034,66044,10
13.0066604614,80.2518463135,66044,66054,10
13.0067100525,80.2513198853,66054,66064,10
13.0067300797,80.2506103516,66064,66074,10
13.0067396164,80.2497406006,66074,66085,11
13.0066900253,80.2488021851,66085,66095,10
13.0066404343,80.2482376099,66095,66145,50
13.0066404343,80.2482376099,66145,66155,10
13.0066003799,80.2479019165,66155,66165,10
13.0066299438,80.2473907471,66165,66175,10
13.0066404343,80.2470397949,66175,66185,10
13.0065803528,80.2466201782,66185,66206,21
13.0065803528,80.2466201782,66206,66216,10
13.0066299438,80.2464599609,66216,66226,10
13.0066299438,80.2463302612,66226,66236,10
13.0066299438,80.2462005615,66236,66246,10
13.0066404343,80.2460098267,66246,66266,20
13.0066404343,80.2460098267,66266,66276,10
13.0066299438,80.2456817627,66276,66286,10
13.0066299438,80.2456207275,66286,66296,10
13.0066299438,80.2454376221,66296,66307,11
13.0066404343,80.2451477051,66307,66317,10
13.0066204071,80.2449264526,66317,66327,10
13.0066204071,80.2446975708,66327,66337,10
13.0066204071,80.2444610596,66337,66347,10
13.0066204071,80.2442321777,66347,66357,10
13.0066204071,80.2441329956,66357,66367,10
13.0066404343,80.243812561,66367,66377,10
13.0066204071,80.2434997559,66377,66387,10
13.0065698624,80.2424316406,66387,66397,10
13.0065698624,80.2424316406,66397,66407,10
13.0065402985,80.2417831421,66407,66418,11
13.0065498352,80.2417068481,66418,66428,10
13.0065603256,80.2414474487,66428,66438,10
13.0066795349,80.2407531738,66438,66488,50
13.0066795349,80.2407531738,66488,66504,16
13.0066204071,80.2404632568,66504,66516,12
13.0067100525,80.2403030396,66516,66524,8
13.0067996979,80.2399978638,66524,66537,13
13.0069303513,80.239112854,66537,66547,10
13.0070695877,80.2384796143,66547,66557,10
13.0071697235,80.237991333,66557,66567,10
13.0072803497,80.2375183105,66567,66577,10
13.0073604584,80.2369232178,66577,66607,30
13.0073604584,80.2369232178,66607,66617,10
13.007399559,80.2368087769,66617,66627,10
13.0074100494,80.2367324829,66627,66637,10
13.0074501038,80.2366104126,66637,66648,11
13.0075502396,80.2361907959,66648,66658,10
13.0076704025,80.2357177734,66658,66668,10
13.007809639,80.2350692749,66668,66678,10
13.0079698563,80.2342605591,66678,66688,10
13.0081701279,80.2332305908,66688,66698,10
13.0083904266,80.232208252,66698,66708,10
13.0085897446,80.2312469482,66708,66718,10
13.0087604523,80.2303924561,66718,66728,10
13.0089197159,80.2296066284,66728,66737,9
13.0091199875,80.2286224365,66737,66748,11
13.0093898773,80.2277832031,66748,66758,10
13.009759903,80.2269515991,66758,66769,11
13.0101604462,80.22605896,66769,66780,11
13.0104503632,80.2254180908,66780,66789,9
13.0106401443,80.2250213623,66789,66800,11
13.0108003616,80.2246017456,66800,66811,11
13.0110397339,80.2240524292,66811,66821,10
13.0112400055,80.2235717773,66821,66831,10
13.0114498138,80.2231369019,66831,66840,9
13.0116596222,80.222618103,66840,66852,12
13.0120000839,80.2217636108,66852,66862,10
13.0123500824,80.2216491699,66862,66872,10
13.0126800537,80.2221298218,66872,66882,10
13.013130188,80.2226028442,66882,66892,10
13.0136203766,80.2231292725,66892,66902,10
13.013999939,80.2235107422,66902,66912,10
13.0142002106,80.2237625122,66912,66922,10
13.0142602921,80.2238693237,66922,66932,10
13.0143003464,80.2239379883,66932,66942,10
13.0145902634,80.2242507935,66942,66952,10
13.0149297714,80.2246170044,66952,66963,11
13.0151901245,80.2248764038,66963,66973,10
13.0154600143,80.2250366211,66973,66983,10
13.0154895782,80.2250595093,66983,66993,10
13.0156497955,80.2251815796,66993,67003,10
13.0158596039,80.2253570557,67003,67013,10
13.0163602829,80.225402832,67013,67023,10
13.0170898438,80.2251815796,67023,67033,10
13.0178604126,80.2248687744,67033,67043,10
13.0186395645,80.2245635986,67043,67053,10
13.0193595886,80.2244720459,67053,67063,10
13.0198202133,80.2246780396,67063,67074,11
13.0202703476,80.2250213623,67074,67084,10
13.0207099915,80.2253189087,67084,67094,10
13.0210199356,80.2255935669,67094,67095,1
13.0210504532,80.2256164551,67095,67096,1
13.0210800171,80.2256469727,67096,67105,9
13.0213403702,80.2258605957,67105,67170,65
13.0227403641,80.2269210815,67170,67180,10
13.0232801437,80.2274169922,67180,67191,11
13.0237903595,80.227897644,67191,67201,10
13.0243196487,80.2285232544,67201,67231,30
13.0243196487,80.2285232544,67231,67241,10
13.0243902206,80.2286300659,67241,67251,10
13.0245399475,80.2288818359,67251,67261,10
13.024720192,80.2291412354,67261,67271,10
13.0249500275,80.2294616699,67271,67281,10
13.0252895355,80.2298736572,67281,67292,11
13.0256795883,80.2304000854,67292,67302,10
13.0258703232,80.230796814,67302,67312,10
13.0259599686,80.2311477661,67312,67322,10
13.02602005,80.2314834595,67322,67341,19
13.02602005,80.2314834595,67341,67352,11
13.0263900757,80.2314224243,67352,67362,10
13.0269603729,80.231262207,67362,67372,10
13.0272798538,80.2311706543,67372,67433,61
13.0272798538,80.2311706543,67433,67443,10
13.0278902054,80.2310562134,67443,67463,20
13.0278902054,80.2310562134,67463,67473,10
13.0280895233,80.231048584,67473,67483,10
13.0284099579,80.2310028076,67483,67544,61
13.0287399292,80.2309494019,67544,67574,30
13.0287399292,80.2309494019,67574,67584,10
13.0288696289,80.2309417725,67584,67594,10
13.0290803909,80.2309188843,67594,67604,10
13.029250145,80.2309265137,67604,67614,10
13.0293998718,80.2309265137,67614,67624,10
13.0298700333,80.2308883667,67624,67635,11
13.0305404663,80.2308273315,67635,67675,40
13.0305404663,80.2308273315,67675,67685,10
13.0309200287,80.2308273315,67685,67695,10
13.0313596725,80.2307891846,67695,67705,10
13.0318098068,80.2307662964,67705,67715,10
13.0322904587,80.2307128906,67715,67725,10
13.0327396393,80.2306671143,67725,67736,11
13.0331602097,80.2306365967,67736,67746,10
13.0339698792,80.2305908203,67746,67806,60
13.0339698792,80.2305908203,67806,67816,10
13.0341596603,80.2305526733,67816,67826,10
13.0343103409,80.230506897,67826,67836,10
13.0345697403,80.2304611206,67836,67897,61
13.0345697403,80.2304611206,67897,67907,10
13.0349302292,80.2302780151,67907,67958,51
13.0346097946,80.2300491333,67958,68048,90
13.0342597961,80.2301330566,68048,68560,512
13.0340299606,80.2304763794,68560,68591,31
13.033539772,80.2305679321,68591,68622,31
13.033539772,80.2305679321,68622,68632,10
13.0331802368,80.2306518555,68632,68642,10
13.0327596664,80.2306594849,68642,68652,10
13.0322704315,80.2306900024,68652,68662,10
13.0317401886,80.2307281494,68662,68671,9
13.0313901901,80.2307510376,68671,68682,11
13.031129837,80.2307891846,68682,68691,9
13.0308904648,80.230796814,68691,68783,92
13.0308904648,80.230796814,68783,68793,10
13.030500412,80.230796814,68793,68803,10
13.0301799774,80.2308273315,68803,68813,10
13.0297803879,80.2309036255,68813,68833,20
13.0297803879,80.2309036255,68833,68844,11
13.0293798447,80.2309570313,68844,68854,10
13.0288000107,80.2309875488,68854,68864,10
13.0282001495,80.2310180664,68864,68874,10
13.0277900696,80.2310791016,68874,68884,10
13.0277395248,80.2315597534,68884,68894,10
13.0277996063,80.2322235107,68894,68904,10
13.0278701782,80.2327804565,68904,68914,10
13.027759552,80.2329330444,68914,68924,10
13.0276098251,80.2329406738,68924,68934,10
13.0273704529,80.2329788208,68934,68945,11
13.0271100998,80.2330169678,68945,68955,10
13.0268697739,80.233039856,68955,68965,10
13.0265398026,80.2330169678,68965,68975,10
13.0263299942,80.2326965332,68975,68985,10
13.0262002945,80.232383728,68985,68995,10
13.0260801315,80.2320327759,68995,69005,10
13.0259799957,80.2316665649,69005,69015,10
13.0258598328,80.2312011719,69015,69025,10
13.0256996155,80.2307281494,69025,69035,10
13.0253896713,80.23021698,69035,69045,10
13.0251398087,80.2298736572,69045,69055,10
13.0248298645,80.2294387817,69055,69076,21
13.0248298645,80.2294387817,69076,69092,16
13.024720192,80.2293319702,69092,69104,12
13.0244598389,80.2289962769,69104,69114,10
13.0242595673,80.228729248,69114,69124,10
13.0239601135,80.2284011841,69124,69134,10
13.0239095688,80.2283401489,69134,69144,10
13.023900032,80.2282714844,69144,69154,10
13.0238800049,80.2282409668,69154,69164,10
13.0237903595,80.2281036377,69164,69175,11
13.023639679,80.2279510498,69175,69185,10
13.0234203339,80.2277603149,69185,69245,60
13.0234203339,80.2277603149,69245,69255,10
13.0231304169,80.2274780273,69255,69265,10
13.0229301453,80.2272567749,69265,69275,10
13.0225696564,80.2269515991,69275,69286,11
13.0223999023,80.2267837524,69286,69296,10
13.0220098495,80.2264480591,69296,69306,10
13.021490097,80.2260284424,69306,69316,10
13.020939827,80.2255783081,69316,69326,10
13.0204401016,80.2252731323,69326,69336,10
13.0200901031,80.2250366211,69336,69346,10
13.0196199417,80.2247314453,69346,69356,10
13.0189800262,80.2246170044,69356,69366,10
13.0182304382,80.2248306274,69366,69377,11
13.0173397064,80.2251815796,69377,69387,10
13.0166501999,80.2254562378,69387,69397,10
13.0163402557,80.2255706787,69397,69407,10
13.0159797668,80.2257080078,69407,69417,10
13.0154399872,80.2258911133,69417,69427,10
13.0148897171,80.2260971069,69427,69437,10
13.0145301819,80.2262802124,69437,69498,61
13.0145301819,80.2262802124,69498,69508,10
13.0142602921,80.226348877,69508,69518,10
13.0138397217,80.2265090942,69518,69528,10
13.0132398605,80.2267608643,69528,69538,10
13.0126600266,80.2269821167,69538,69548,10
13.0120897293,80.2271881104,69548,69558,10
13.0114297867,80.2274475098,69558,69568,10
13.0106496811,80.2277832031,69568,69578,10
13.0099096298,80.2280807495,69578,69588,10
13.0092802048,80.2284164429,69588,69598,10
13.0090398788,80.2291564941,69598,69609,11
13.0088596344,80.2301177979,69609,69619,10
13.0087099075,80.2308578491,69619,69629,10
13.0085802078,80.2315673828,69629,69639,10
13.0084295273,80.2323608398,69639,69649,10
13.008310318,80.2330169678,69649,69658,9
13.0082702637,80.2335281372,69658,69669,11
13.0082502365,80.233581543,69669,69679,10
13.0082197189,80.2336883545,69679,69689,10
13.008099556,80.2340316772,69689,69699,10
13.0080299377,80.2344589233,69699,69709,10
13.0079803467,80.2346572876,69709,69720,11
13.0079402924,80.2347488403,69720,69730,10
13.0078802109,80.2351531982,69730,69740,10
13.0077800751,80.2356185913,69740,69750,10
13.0076503754,80.2362976074,69750,69760,10
13.0074796677,80.2371826172,69760,69770,10
13.0073099136,80.2379837036,69770,69780,10
13.0071496964,80.2388000488,69780,69820,40
13.0071496964,80.2388000488,69820,69831,11
13.0071296692,80.2390365601,69831,69841,10
13.0069904327,80.2397384644,69841,69942,101
13.0069904327,80.2397384644,69942,69952,10
13.0070199966,80.2399673462,69952,69962,10
13.0069103241,80.2404098511,69962,69972,10
13.0067901611,80.2408218384,69972,69982,10
13.0067901611,80.241027832,69982,69992,10
13.0067596436,80.2411575317,69992,70002,10
13.0067300797,80.2417221069,70002,70012,10
13.0067100525,80.2425537109,70012,70022,10
13.0066900253,80.2431488037,70022,70032,10
13.0066900253,80.2432022095,70032,70042,10
13.0066604614,80.2433013916,70042,70053,11
13.006649971,80.2436904907,70053,70063,10
13.0066404343,80.2441711426,70063,70073,10
13.006649971,80.2450485229,70073,70093,20
13.006649971,80.2450485229,70093,70103,10
13.0066404343,80.2453765869,70103,70113,10
13.0066604614,80.245552063,70113,70123,10
13.0066604614,80.245880127,70123,70133,10
13.0066795349,80.2461776733,70133,70143,10
13.0066900253,80.2465591431,70143,70152,9
13.0066900253,80.2469711304,70152,70164,12
13.0066795349,80.2476882935,70164,70174,10
13.0066795349,80.2484588623,70174,70184,10
13.0068101883,80.2497177124,70184,70214,30
13.0068101883,80.2497177124,70214,70224,10
13.006819725,80.2498474121,70224,70234,10
13.0067796707,80.2503204346,70234,70244,10
13.006770134,80.2509613037,70244,70254,10
13.0067396164,80.2516479492,70254,70265,11
13.0065498352,80.2523880005,70265,70275,10
13.0065097809,80.2532424927,70275,70285,10
13.0065097809,80.2540283203,70285,70295,10
13.0065498352,80.2545776367,70295,70305,10
13.0065603256,80.2546691895,70305,70315,10
13.0065498352,80.2548522949,70315,70325,10
13.0065402985,80.2551498413,70325,70335,10
13.0065603256,80.2557907104,70335,70345,10
13.0065803528,80.2562713623,70345,70355,10
13.0065498352,80.2565078735,70355,70365,10
13.0065498352,80.2569580078,70365,70376,11
13.0067195892,80.2577896118,70376,70386,10
13.0071401596,80.258430481,70386,70396,10
13.0076799393,80.2587509155,70396,70416,20
13.0076799393,80.2587509155,70416,70426,10
13.007900238,80.2588577271,70426,70436,10
13.0083999634,80.2590408325,70436,70446,10
13.008890152,80.2591705322,70446,70456,10
13.0094203949,80.2591781616,70456,70466,10
13.0101804733,80.2591934204,70466,70477,11
13.0110998154,80.2591781616,70477,70486,9
13.0119304657,80.2591934204,70486,70497,11
13.013010025,80.2592391968,70497,70507,10
13.0139904022,80.2592926025,70507,70517,10
13.0150299072,80.2593307495,70517,70527,10
13.0159196854,80.2595367432,70527,70537,10
13.0163202286,80.2597579956,70537,70557,20
13.0163202286,80.2597579956,70557,70567,10
13.0164699554,80.2599105835,70567,70577,10
13.0168800354,80.2601699829,70577,70587,10
13.0174198151,80.2605514526,70587,70597,10
13.0180501938,80.2609710693,70597,70608,11
13.0187501907,80.2614593506,70608,70618,10
13.019200325,80.2618408203,70618,70628,10
13.019610405,80.2622528076,70628,70638,10
13.0200500488,80.2626190186,70638,70648,10
13.0201597214,80.2627105713,70648,70658,10
13.02023983,80.2627868652,70658,70668,10
13.0206403732,80.2629394531,70668,70678,10
13.0211801529,80.2630996704,70678,70688,10
13.0217199326,80.2632980347,70688,70698,10
13.02202034,80.263420105,70698,70709,11
13.022359848,80.2635879517,70709,70719,10
13.0227203369,80.2637634277,70719,70729,10
13.0229501724,80.2638931274,70729,70739,10
13.0230197906,80.263961792,70739,70749,10
13.0234098434,80.2641983032,70749,70759,10
13.0240097046,80.264503479,70759,70769,10
13.0244197845,80.264793396,70769,70779,10
13.0247602463,80.2650680542,70779,70789,10
13.0250301361,80.2652816772,70789,70799,10
13.0254096985,80.2655105591,70799,70809,10
13.0258598328,80.2658233643,70809,70830,21
13.0258598328,80.2658233643,70830,70840,10
13.0261602402,80.2659683228,70840,70850,10
13.0263004303,80.2657623291,70850,70860,10
13.0263299942,80.2653579712,70860,70870,10
13.0263595581,80.2647705078,70870,70880,10
13.0264396667,80.2642593384,70880,70890,10
13.0264501572,80.2641601563,70890,70900,10
13.0265102386,80.2638397217,70900,70910,10
13.0265598297,80.263458252,70910,70920,10
13.0268497467,80.2634811401,70920,70930,10
13.0272397995,80.2635803223,70930,70941,11
13.0275602341,80.2636413574,70941,70951,10
13.0279302597,80.2637634277,70951,70967,16
13.0282402039,80.2638473511,70967,70979,12
13.0285301208,80.263961792,70979,70989,10
13.028840065,80.2640609741,70989,70999,10
13.0292701721,80.264213562,70999,71009,10
13.0292901993,80.2645187378,71009,71017,8
13.0292901993,80.2648010254,71017,71029,12
13.0292396545,80.2654037476,71029,71040,11
13.0292196274,80.2659988403,71040,71070,30
13.0292196274,80.2659988403,71070,71080,10
13.0291204453,80.2663497925,71080,71090,10
13.0291004181,80.266418457,71090,71100,10
13.0292396545,80.2666625977,71100,71110,10
13.0294399261,80.2666702271,71110,71120,10
13.0297203064,80.266708374,71120,71130,10
13.0302696228,80.2667770386,71130,71140,10
13.0309295654,80.2668991089,71140,71150,10
13.0314397812,80.2670822144,71150,71161,11
13.0319499969,80.2673034668,71161,71171,10
13.0324001312,80.2674713135,71171,71181,10
13.032409668,80.2674789429,71181,71191,10
13.03262043,80.2676315308,71191,71201,10
13.0328102112,80.267791748,71201,71211,10
13.0330896378,80.2678375244,71211,71221,10
13.0334796906,80.2679367065,71221,71251,30
13.0334796906,80.2679367065,71251,71262,11
13.033659935,80.2680130005,71262,71272,10
13.0338897705,80.2680587769,71272,71282,10
13.0341501236,80.268081665,71282,71292,10
13.0344896317,80.2680892944,71292,71352,60
13.0344896317,80.2680892944,71352,71363,11
13.0345802307,80.2682418823,71363,71373,10
13.0344200134,80.2682418823,71373,71383,10
13.0342998505,80.2681503296,71383,71393,10
13.0340099335,80.2680664063,71393,71403,10
13.0336799622,80.2679901123,71403,71413,10
13.0333795547,80.2679367065,71413,71675,262
13.033200264,80.2678604126,71675,72079,404
13.033200264,80.2678604126,72079,72089,10
13.0328598022,80.2677764893,72089,72099,10
13.03262043,80.2676773071,72099,72109,10
13.0324296951,80.267539978,72109,72119,10
13.0322198868,80.2674102783,72119,72129,10
13.0318202972,80.2671966553,72129,72140,11
13.0313100815,80.2670211792,72140,72150,10
13.0307703018,80.2668533325,72150,72160,10
13.0301904678,80.2667312622,72160,72170,10
13.0297603607,80.2666778564,72170,72180,10
13.0297403336,80.2666778564,72180,72190,10
13.029419899,80.2666320801,72190,72200,10
13.0291795731,80.2665176392,72200,72210,10
13.0290803909,80.2664794922,72210,72220,10
13.0287504196,80.2663879395,72220,72229,9
13.028380394,80.2662963867,72229,72241,12
13.0278596878,80.2662277222,72241,72251,10
13.0273303986,80.2660903931,72251,72261,10
13.0268497467,80.2660903931,72261,72271,10
13.0263595581,80.2660293579,72271,72281,10
13.0260095596,80.26587677,72281,72291,10
13.0256595612,80.2656173706,72291,72301,10
13.0253095627,80.2654418945,72301,72311,10
13.0252599716,80.2654190063,72311,72321,10
13.0251398087,80.26537323,72321,72331,10
13.0248603821,80.2650985718,72331,72342,11
13.0246896744,80.2649917603,72342,72351,9
13.0244903564,80.2648086548,72351,72362,11
13.0240001678,80.2644805908,72362,72372,10
13.0236301422,80.264289856,72372,72382,10
13.0232496262,80.2640304565,72382,72392,10
13.0227098465,80.2637481689,72392,72402,10
13.0221004486,80.2634811401,72402,72422,20
13.0221004486,80.2634811401,72422,72432,10
13.0217399597,80.2632980347,72432,72442,10
13.0211400986,80.2631072998,72442,72452,10
13.0204200745,80.2630691528,72452,72469,17
13.019610405,80.2630233765,72469,72481,12
13.0190095901,80.2629470825,72481,72491,10
13.018819809,80.2626495361,72491,72501,10
13.0187101364,80.2617797852,72501,72510,9
13.0185203552,80.2613601685,72510,72521,11
13.0180501938,80.2609481812,72521,72531,10
13.0175199509,80.260597229,72531,72541,10
13.0169496536,80.2602233887,72541,72551,10
13.0159797668,80.2596893311,72551,72571,20
13.0159797668,80.2596893311,72571,72582,11
13.0157604218,80.2595825195,72582,72592,10
13.0151901245,80.2594070435,72592,72602,10
13.0144500732,80.2593307495,72602,72612,10
13.0136098862,80.2593002319,72612,72622,10
13.0127096176,80.2592773438,72622,72632,10
13.0118999481,80.2592391968,72632,72642,10
13.0111598969,80.2592163086,72642,72652,10
13.0103998184,80.259262085,72652,72662,10
13.0096797943,80.2592468262,72662,72673,11
13.009059906,80.2592163086,72673,72683,10
13.0087099075,80.2591781616,72683,72693,10
13.0083398819,80.2591781616,72693,72703,10
13.0078001022,80.2593078613,72703,72713,10
13.0073699951,80.2593231201,72713,72723,10
13.0071401596,80.2588577271,72723,72733,10
13.0071201324,80.2587890625,72733,72743,10
13.0070104599,80.2585067749,72743,72752,9
13.006819725,80.2581787109,72752,72763,11
13.0065402985,80.2577209473,72763,72884,121
13.0065402985,80.2577209473,72884,72895,11
13.0063800812,80.257522583,72895,72905,10
13.0064096451,80.2572631836,72905,72915,10
13.0064201355,80.2570571899,72915,72925,10
13.0064296722,80.256477356,72925,72935,10
13.0064401627,80.2557830811,72935,72945,10
13.0064496994,80.2551879883,72945,72955,10
13.0064401627,80.2545318604,72955,72965,10
13.0064401627,80.2533798218,72965,72985,20
13.0064401627,80.2533798218,72985,72995,10
13.0064601898,80.2531280518,72995,73006,11
13.006480217,80.2525405884,73006,73016,10
13.0065698624,80.2518463135,73016,73026,10
13.0066699982,80.2510223389,73026,73036,10
13.0066699982,80.250038147,73036,73046,10
13.0066404343,80.2495193481,73046,73056,10
13.0066404343,80.24949646,73056,73066,10
13.006649971,80.2492370605,73066,73076,10
13.0066404343,80.248840332,73076,73086,10
13.0065803528,80.2483062744,73086,73106,20
13.0065803528,80.2483062744,73106,73117,11
13.0066003799,80.2481918335,73117,73127,10
13.0065698624,80.2477416992,73127,73137,10
13.0065803528,80.2472305298,73137,73147,10
13.0065803528,80.2469787598,73147,73157,10
13.0065698624,80.2468185425,73157,73167,10
13.0065202713,80.2466201782,73167,73177,10
13.0065202713,80.2465591431,73177,73187,10
13.0065698624,80.2461395264,73187,73197,10
13.0065498352,80.2454986572,73197,73207,10
13.0065498352,80.2450790405,73207,73217,10
13.0065498352,80.2447814941,73217,73227,10
13.0065498352,80.244430542,73227,73237,10
13.0065603256,80.244102478,73237,73248,11
13.0065498352,80.2437362671,73248,73258,10
13.006529808,80.243347168,73258,73268,10
13.0065002441,80.2429504395,73268,73278,10
13.006480217,80.2422637939,73278,73288,10
13.006480217,80.2417602539,73288,73298,10
13.0064897537,80.2415771484,73298,73308,10
13.0065202713,80.2411575317,73308,73318,10
13.006529808,80.241027832,73318,73328,10
13.0065803528,80.2407302856,73328,73339,11
13.0066699982,80.2403717041,73339,73349,10
13.006819725,80.2397613525,73349,73359,10
13.0069799423,80.2389068604,73359,73369,10
13.0070896149,80.2381515503,73369,73379,10
13.007229805,80.237487793,73379,73389,10
13.0072898865,80.2369613647,73389,73399,10
13.0073099136,80.2368164063,73399,73409,10
13.0073404312,80.2367477417,73409,73419,10
13.0074596405,80.2363433838,73419,73429,10
13.0075597763,80.2357711792,73429,73445,16
13.0076799393,80.2351837158,73445,73458,13
13.0077896118,80.2345581055,73458,73466,8
13.0079202652,80.2340011597,73466,73478,12
13.008099556,80.2331085205,73478,73488,10
13.0082597733,80.2323379517,73488,73498,10
13.0083904266,80.2316207886,73498,73508,10
13.0085401535,80.230682373,73508,73518,10
13.0087003708,80.2298126221,73518,73527,9
13.0088701248,80.2290115356,73527,73538,11
13.0090799332,80.2281417847,73538,73548,10
13.0093402863,80.2274627686,73548,73558,10
13.0096998215,80.2267608643,73558,73569,11
13.0100402832,80.22605896,73569,73579,10
13.0102701187,80.2255706787,73579,73589,10
13.0104503632,80.2251968384,73589,73599,10
13.0105695724,80.2249526978,73599,73609,10
13.0106697083,80.2247695923,73609,73619,10
13.0108098984,80.2244567871,73619,73629,10
13.0109596252,80.2241134644,73629,73639,10
13.0110397339,80.2238693237,73639,73649,10
13.011059761,80.2238235474,73649,73659,10
13.0111999512,80.2235565186,73659,73669,10
13.0113897324,80.2231292725,73669,73680,11
13.0115995407,80.22265625,73680,73690,10
13.0118703842,80.2220687866,73690,73700,10
13.0122003555,80.2215805054,73700,73710,10
13.0123195648,80.2216033936,73710,73720,10
13.0125999451,80.222038269,73720,73730,10
13.0129995346,80.2225494385,73730,73740,10
13.0134897232,80.2230834961,73740,73750,10
13.0139102936,80.2235870361,73750,73760,10
13.0144500732,80.2241973877,73760,73770,10
13.015130043,80.2248306274,73770,73780,10
13.0154695511,80.2250366211,73780,73791,11
13.0154800415,80.2250518799,73791,73801,10
13.0156803131,80.225227356,73801,73811,10
13.0161399841,80.2253723145,73811,73821,10
13.0167398453,80.2252426147,73821,73833,12
13.0176200867,80.2248916626,73833,73843,10
13.0183801651,80.2245864868,73843,73853,10
13.0193004608,80.2244262695,73853,73863,10
13.0200500488,80.224822998,73863,73873,10
13.0206804276,80.2252731323,73873,73883,10
13.0211496353,80.2256393433,73883,73893,10
13.0219802856,80.2262420654,73893,73924,31
13.0219802856,80.2262420654,73924,73934,10
13.0222797394,80.2265167236,73934,73944,10
13.0227098465,80.2269134521,73944,73954,10
13.0233402252,80.2274780273,73954,73964,10
13.0239095688,80.2279891968,73964,73974,10
13.0243597031,80.2285003662,73974,73994,20
13.0243597031,80.2285003662,73994,74005,11
13.0244703293,80.2287368774,74005,74015,10
13.0247898102,80.2292098999,74015,74025,10
13.0252599716,80.2298202515,74025,74035,10
13.025639534,80.2304000854,74035,74044,9
13.0258102417,80.2307662964,74044,74055,11
13.0259399414,80.2310714722,74055,74065,10
13.025970459,80.2313537598,74065,74075,10
13.0263299942,80.231300354,74075,74085,10
13.0269804001,80.2311477661,74085,74095,10
13.027589798,80.2309799194,74095,74105,10
13.028169632,80.2308807373,74105,74116,11
13.0284795761,80.2308578491,74116,74126,10
13.0286598206,80.2309036255,74126,74136,10
13.0289201736,80.2308578491,74136,74146,10
13.0289402008,80.2308578491,74146,74156,10
13.0290899277,80.2308502197,74156,74166,10
13.0293598175,80.2308273315,74166,74176,10
13.0298299789,80.230796814,74176,74186,10
13.030380249,80.2307434082,74186,74196,10
13.0305500031,80.2307281494,74196,74206,10
13.0306901932,80.2307281494,74206,74217,11
13.0311002731,80.230682373,74217,74227,10
13.0317296982,80.2306518555,74227,74237,10
13.0323400497,80.2305908203,74237,74247,10
13.0330295563,80.2305526733,74247,74257,10
13.0339603424,80.2304534912,74257,74338,81
13.0339603424,80.2304534912,74338,74348,10
13.0342597961,80.2304000854,74348,74358,10
13.0346298218,80.2303619385,74358,74368,10
13.0348300934,80.2302627563,74368,74378,10
13.0348997116,80.2301025391,74378,74388,10
13.0347204208,80.2300262451,74388,74398,10
13.0344295502,80.2300796509,74398,74489,91
13.0341501236,80.2301712036,74489,74620,131
13.0341501236,80.2301712036,74620,74630,10
13.0339803696,80.2304611206,74630,74640,10
13.0337600708,80.2304534912,74640,74650,10
13.0333995819,80.2304992676,74650,74661,11
13.0331201553,80.2305526733,74661,74671,10
13.032699585,80.2305908203,74671,74681,10
13.0323600769,80.2305984497,74681,74691,10
13.0318403244,80.2306976318,74691,74701,10
13.0312795639,80.2307281494,74701,74711,10
13.0308599472,80.2307891846,74711,74721,10
13.0305404663,80.230796814,74721,74731,10
13.0297603607,80.2308883667,74731,74751,20
13.0297603607,80.2308883667,74751,74767,16
13.0291795731,80.2309799194,74767,74780,13
13.0284404755,80.2311019897,74780,74790,10
13.0278997421,80.2310180664,74790,74800,10
13.0277204514,80.2312774658,74800,74810,10
13.0277099609,80.2316970825,74810,74819,9
13.0277500153,80.232170105,74819,74829,10
13.0278100967,80.2326583862,74829,74840,11
13.0274295807,80.2328720093,74840,74850,10
13.0270500183,80.2329406738,74850,74870,20
13.0270500183,80.2329406738,74870,74880,10
13.0268201828,80.2330169678,74880,74891,11
13.0265398026,80.2330322266,74891,74901,10
13.0263004303,80.232749939,74901,74911,10
13.0261201859,80.2321777344,74911,74921,10
13.0259599686,80.2315216064,74921,74931,10
13.0257396698,80.2308807373,74931,74941,10
13.0254201889,80.2301635742,74941,74951,10
13.0249700546,80.2295532227,74951,74961,10
13.0245399475,80.229019165,74961,74971,10
13.0239601135,80.2283782959,74971,74992,21
13.0239601135,80.2283782959,74992,75002,10
13.0238103867,80.2281723022,75002,75012,10
13.0234804153,80.2277832031,75012,75022,10
13.0232200623,80.2275619507,75022,75031,9
13.0231704712,80.2275238037,75031,75042,11
13.0228595734,80.2271881104,75042,75052,10
13.0225496292,80.2268981934,75052,75062,10
13.0223197937,80.2266464233,75062,75072,10
13.0219697952,80.2263717651,75072,75082,10
13.0214996338,80.2259979248,75082,75093,11
13.0209703445,80.2255783081,75093,75102,9
13.0204696655,80.225227356,75102,75113,11
13.0197401047,80.2247390747,75113,75123,10
13.0191001892,80.2244415283,75123,75133,10
13.0181903839,80.2247390747,75133,75143,10
13.0173301697,80.2251205444,75143,75153,10
13.0166597366,80.2253875732,75153,75163,10
13.0163803101,80.2255172729,75163,75173,10
13.0161600113,80.2256011963,75173,75183,10
13.0158596039,80.2257232666,75183,75193,10
13.0154304504,80.2258529663,75193,75209,16
13.0143404007,80.2262878418,75209,75232,23
13.0143404007,80.2262878418,75232,75242,10
13.0141401291,80.2263565063,75242,75252,10
13.0136804581,80.2265472412,75252,75262,10
13.0129404068,80.2268371582,75262,75272,10
13.0122203827,80.2271194458,75272,75282,10
13.0114202499,80.2274398804,75282,75292,10
13.0105800629,80.2277832031,75292,75303,11
13.0096597672,80.2281570435,75303,75313,10
13.0091199875,80.2285995483,75313,75323,10
13.0089797974,80.229347229,75323,75334,11
13.0087900162,80.2303695679,75334,75344,10
13.008649826,80.2311477661,75344,75354,10
13.0084695816,80.2320632935,75354,75364,10
13.0082798004,80.2329711914,75364,75374,10
13.0082197189,80.2335510254,75374,75383,9
13.0081596375,80.2337265015,75383,75404,21
13.0081596375,80.2337265015,75404,75414,10
13.008099556,80.2340316772,75414,75425,11
13.0080299377,80.2345275879,75425,75435,10
13.0079402924,80.2349014282,75435,75445,10
13.0078401566,80.2352981567,75445,75455,10
13.0077600479,80.2358169556,75455,75465,10
13.0075902939,80.2365264893,75465,75475,10
13.0074195862,80.2373962402,75475,75485,10
13.0072498322,80.238319397,75485,75495,10
13.0071001053,80.2390289307,75495,75505,10
13.0069599152,80.239616394,75505,75515,10
13.0069198608,80.2398223877,75515,75525,10
13.0068998337,80.2400817871,75525,75536,11
13.0068397522,80.2405471802,75536,75546,10
13.0068101883,80.240737915,75546,75556,10
13.0067195892,80.2411727905,75556,75566,10
13.0066795349,80.2419967651,75566,75596,30
13.0066795349,80.2419967651,75596,75606,10
13.0066604614,80.2422866821,75606,75636,30
13.0066604614,80.2422866821,75636,75647,11
13.0066604614,80.2427368164,75647,75677,30
13.0066604614,80.2427368164,75677,75687,10
13.0066404343,80.2431182861,75687,75747,60
13.0066404343,80.2431182861,75747,75758,11
13.0066204071,80.2435073853,75758,75768,10
13.0066204071,80.2437820435,75768,75778,10
13.0066404343,80.2440567017,75778,75788,10
13.0066299438,80.2440795898,75788,75798,10
13.006649971,80.2442779541,75798,75808,10
13.0066299438,80.2444381714,75808,75818,10
13.0066204071,80.2445220947,75818,75828,10
13.0066299438,80.2447128296,75828,75838,10
13.0066299438,80.2449264526,75838,75848,10
13.0066299438,80.2452011108,75848,75859,11
13.0066404343,80.2453918457,75859,75869,10
13.006649971,80.2456817627,75869,75879,10
13.0066604614,80.2457504272,75879,75889,10
13.0066699982,80.2459564209,75889,75899,10
13.0066699982,80.2461013794,75899,75909,10
13.0066699982,80.2464370728,75909,75939,30
13.0066699982,80.2464370728,75939,75949,10
13.0066795349,80.2467880249,75949,75959,10
13.0067100525,80.2470474243,75959,75970,11
13.0067195892,80.2472763062,75970,75980,10
13.0066604614,80.2477111816,75980,75990,10
13.0066604614,80.2483596802,75990,76000,10
13.0067501068,80.2490997314,76000,76010,10
13.006819725,80.2495498657,76010,76020,10
13.0068702698,80.2496337891,76020,76030,10
13.0068502426,80.25,76030,76040,10
13.0067996979,80.2504501343,76040,76050,10
13.0068101883,80.2506790161,76050,76060,10
13.0067796707,80.2511901855,76060,76070,10
13.0067195892,80.2516708374,76070,76081,11
13.0065402985,80.2524795532,76081,76091,10
13.0065202713,80.2531890869,76091,76101,10
13.0065002441,80.2540664673,76101,76111,10
13.0065498352,80.2548370361,76111,76121,10
13.0065603256,80.255607605,76121,76131,10
13.0065603256,80.2565078735,76131,76141,10
13.0066299438,80.2573394775,76141,76212,71
13.0066299438,80.2573394775,76212,76222,10
13.0067100525,80.2577972412,76222,76232,10
13.0069704056,80.2582626343,76232,76242,10
13.007610321,80.2586975098,76242,76262,20
13.007610321,80.2586975098,76262,76272,10
13.0078802109,80.2588272095,76272,76282,10
13.0083398819,80.2589797974,76282,76292,10
13.0088701248,80.2591094971,76292,76303,11
13.0095996857,80.2591094971,76303,76313,10
13.0104398727,80.2591171265,76313,76323,10
13.0114202499,80.2591094971,76323,76333,10
13.0124597549,80.2591323853,76333,76343,10
13.0133600235,80.2591629028,76343,76353,10
13.0143098831,80.2592010498,76353,76363,10
13.0152397156,80.2592468262,76363,76373,10
13.0160102844,80.2594833374,76373,76383,10
13.0163898468,80.2596893311,76383,76393,10
13.0164499283,80.2597198486,76393,76404,11
13.0167999268,80.2600097656,76404,76414,10
13.0173501968,80.260383606,76414,76424,10
13.0179595947,80.2608337402,76424,76434,10
13.0185203552,80.2612075806,76434,76444,10
13.0187797546,80.2614212036,76444,76454,10
13.0190401077,80.2616577148,76454,76464,10
13.0194101334,80.2619781494,76464,76474,10
13.0198698044,80.2624435425,76474,76484,10
13.0201196671,80.2626190186,76484,76494,10
13.0202598572,80.2627410889,76494,76504,10
13.0207395554,80.2629013062,76504,76514,10
13.0213804245,80.2630996704,76514,76525,11
13.021900177,80.263343811,76525,76535,10
13.0221796036,80.263458252,76535,76545,10
13.0225200653,80.2636184692,76545,76555,10
13.0229196548,80.2638092041,76555,76565,10
13.0229597092,80.2638473511,76565,76575,10
13.0232801437,80.2640533447,76575,76585,10
13.0236997604,80.264289856,76585,76595,10
13.0242099762,80.2645797729,76595,76605,10
13.0246496201,80.2649307251,76605,76615,10
13.0249996185,80.2651977539,76615,76631,16
13.0256996155,80.2656402588,76631,76644,13
13.0262403488,80.2658233643,76644,76654,10
13.0262899399,80.2654418945,76654,76664,10
13.0263299942,80.2649993896,76664,76674,10
13.0263900757,80.2645721436,76674,76684,10
13.0264797211,80.2640228271,76684,76693,9
13.0264797211,80.263999939,76693,76704,11
13.0265703201,80.2635498047,76704,76714,10
13.0265798569,80.263420105,76714,76724,10
13.0269002914,80.263420105,76724,76735,11
13.0274095535,80.2635192871,76735,76746,11
13.0280504227,80.2637176514,76746,76756,10
13.0282802582,80.2637786865,76756,76766,10
13.0286197662,80.2638778687,76766,76776,10
13.0290899277,80.2640228271,76776,76786,10
13.0291404724,80.2640304565,76786,76796,10
13.029299736,80.2641983032,76796,76806,10
13.029299736,80.2645263672,76806,76816,10
13.0292596817,80.2650299072,76816,76826,10
13.0292196274,80.2655487061,76826,76836,10
13.0292196274,80.2659683228,76836,76847,11
13.0292196274,80.2660217285,76847,76857,10
13.0291900635,80.2661209106,76857,76867,10
13.0291404724,80.2663421631,76867,76877,10
13.029129982,80.2665023804,76877,76887,10
13.0293102264,80.2665863037,76887,76897,10
13.0297498703,80.2666015625,76897,76907,10
13.030090332,80.2666702271,76907,76917,10
13.0305404663,80.2667236328,76917,76927,10
13.0308904648,80.2667922974,76927,76937,10
13.031370163,80.2669372559,76937,76947,10
13.0316095352,80.267036438,76947,76958,11
13.031829834,80.2671432495,76958,76968,10
13.0322303772,80.2673187256,76968,76978,10
13.0325803757,80.2675323486,76978,76988,10
13.0329399109,80.2676773071,76988,76997,9
13.0335302353,80.267829895,76997,77018,21
13.0335302353,80.267829895,77018,77028,10
13.0337400436,80.2678985596,77028,77038,10
13.034040451,80.2679595947,77038,77048,10
13.0344696045,80.2679977417,77048,77058,10
13.0345697403,80.2680206299,77058,77069,11
13.0345897675,80.268119812,77069,77079,10
13.034529686,80.2681884766,77079,77089,10
13.0344600677,80.268157959,77089,77099,10
13.034330368,80.2680587769,77099,77109,10
13.0338401794,80.2679367065,77109,77210,101
13.0335597992,80.2678222656,77210,77785,575
13.0333404541,80.2678222656,77785,77815,30
13.0333404541,80.2678222656,77815,77825,10
13.0327501297,80.2676467896,77825,77846,21
13.0327501297,80.2676467896,77846,77856,10
13.0323400497,80.2674179077,77856,77866,10
13.0319299698,80.2671585083,77866,77876,10
13.0315504074,80.2669906616,77876,77886,10
13.0311803818,80.2667999268,77886,77896,10
13.0307197571,80.2667007446,77896,77906,10
13.0303401947,80.2666625977,77906,77916,10
13.0298995972,80.2666168213,77916,77926,10
13.0297203064,80.2666015625,77926,77937,11
13.0293998718,80.2665481567,77937,77947,10
13.0291700363,80.2664413452,77947,77957,10
13.0288200378,80.2663574219,77957,77967,10
13.0287599564,80.2663497925,77967,77977,10
13.0284795761,80.2662963867,77977,77987,10
13.0280895233,80.2662124634,77987,77997,10
13.0275602341,80.2661209106,77997,78007,10
13.027009964,80.2660217285,78007,78017,10
13.0264501572,80.2659606934,78017,78027,10
13.0260295868,80.2657775879,78027,78037,10
13.0255203247,80.2654724121,78037,78048,11
13.0253200531,80.2653427124,78048,78058,10
13.0250501633,80.2651977539,78058,78068,10
13.0247001648,80.2649383545,78068,78078,10
13.0242795944,80.2646026611,78078,78088,10
13.0238399506,80.2643432617,78088,78098,10
13.0233297348,80.2640380859,78098,78108,10
13.0228004456,80.2637329102,78108,78118,10
13.0222396851,80.2634735107,78118,78128,10
13.0221099854,80.2634124756,78128,78138,10
13.021900177,80.2633132935,78138,78148,10
13.0213699341,80.2631072998,78148,78159,11
13.0205497742,80.2630386353,78159,78169,10
13.0200996399,80.2630233765,78169,78179,10
13.0196199417,80.2629470825,78179,78189,10
13.0191202164,80.2629165649,78189,78199,10
13.0189399719,80.2625808716,78199,78209,10
13.0188102722,80.2619018555,78209,78219,10
13.0185899734,80.2613372803,78219,78229,10
13.0180501938,80.2609405518,78229,78239,10
13.0173902512,80.2604598999,78239,78249,10
13.0166397095,80.2599411011,78249,78259,10
13.0160503387,80.2596664429,78259,78270,11
13.0158004761,80.2595825195,78270,78280,10
13.0152101517,80.2593994141,78280,78290,10
13.0145397186,80.2593383789,78290,78300,10
13.0136899948,80.2593002319,78300,78310,10
13.0127696991,80.2592773438,78310,78320,10
13.0118598938,80.2592468262,78320,78330,10
13.0110998154,80.2592391968,78330,78340,10
13.0103998184,80.2592697144,78340,78350,10
13.0098600388,80.2592773438,78350,78360,10
13.0094604492,80.2592010498,78360,78370,10
13.0089597702,80.2591705322,78370,78381,11
13.0086402893,80.2591781616,78381,78391,10
13.0080003738,80.2591934204,78391,78401,10
13.0074901581,80.2593078613,78401,78411,10
13.0071897507,80.2587966919,78411,78421,10
13.0071201324,80.2586212158,78421,78431,10
13.006770134,80.2578964233,78431,78492,61
13.0065803528,80.2577362061,78492,78512,20
13.0065803528,80.2577362061,78512,78522,10
13.0064897537,80.2574768066,78522,78532,10
13.006480217,80.2571563721,78532,78542,10
13.0064897537,80.2567214966,78542,78552,10
13.006480217,80.2562332153,78552,78562,10
13.0064601898,80.2557373047,78562,78572,10
13.0065002441,80.255241394,78572,78582,10
13.0065202713,80.2545471191,78582,78593,11
13.0064897537,80.2536697388,78593,78603,10
13.0064897537,80.2530212402,78603,78613,10
13.0064697266,80.2525863647,78613,78623,10
13.0065202713,80.2523803711,78623,78633,10
13.0065803528,80.2518463135,78633,78643,10
13.0066900253,80.2511978149,78643,78653,10
13.0066795349,80.2504730225,78653,78663,10
13.0067300797,80.2498703003,78663,78673,10
13.0067396164,80.2493591309,78673,78682,9
13.0066995621,80.2488098145,78682,78693,11
13.0066404343,80.2481689453,78693,78704,11
13.0066299438,80.2479782104,78704,78714,10
13.0066299438,80.2478408813,78714,78724,10
13.0066299438,80.2473526001,78724,78734,10
13.0066404343,80.2466506958,78734,78744,10
13.0066204071,80.2462692261,78744,78754,10
13.0066099167,80.2455978394,78754,78764,10
13.0065603256,80.2449111938,78764,78774,10
13.0065402985,80.2443237305,78774,78784,10
13.0065402985,80.2437210083,78784,78794,10
13.0065202713,80.2431488037,78794,78804,10
13.0064897537,80.2423171997,78804,78814,10
13.0065002441,80.2415771484,78814,78825,11
13.0065498352,80.2411193848,78825,78835,10
13.0066404343,80.2404327393,78835,78875,40
13.0066404343,80.2404327393,78875,78885,10
13.0067300797,80.2401123047,78885,78895,10
13.0068101883,80.2395324707,78895,78905,10
13.0069599152,80.2387771606,78905,78921,16
13.0072402954,80.2375335693,78921,78934,13
13.007349968,80.2367782593,78934,78944,10
13.0073795319,80.2367630005,78944,78954,10
13.0074701309,80.236366272,78954,78964,10
13.0075998306,80.2357635498,78964,78974,10
13.0077199936,80.2350997925,78974,78983,9
13.0079097748,80.2341918945,78983,78994,11
13.0081701279,80.2329864502,78994,79004,10
13.0083904266,80.2319335938,79004,79014,10
13.0086202621,80.2306976318,79014,79024,10
13.0088195801,80.229637146,79024,79035,11
13.0090503693,80.2285385132,79035,79044,9
13.0093202591,80.227722168,79044,79055,11
13.0097999573,80.2266082764,79055,79065,10
13.0102396011,80.2256393433,79065,79075,10
13.01060009,80.224899292,79075,79085,10
13.0108995438,80.2241821289,79085,79095,10
13.011179924,80.2235488892,79095,79105,10
13.0112800598,80.2232818604,79105,79115,10
13.0114803314,80.2228469849,79115,79125,10
13.0116596222,80.2222366333,79125,79135,10
13.0119199753,80.2216110229,79135,79145,10
13.0123500824,80.2215576172,79145,79156,11
13.0128698349,80.2222671509,79156,79166,10
13.0133399963,80.2228088379,79166,79176,10
13.0138998032,80.2234191895,79176,79186,10
13.014380455,80.2239685059,79186,79196,10
13.0150203705,80.2246322632,79196,79206,10
13.0155200958,80.2250366211,79206,79226,20
13.0155200958,80.2250366211,79226,79236,10
13.0158596039,80.2253112793,79236,79246,10
13.0164699554,80.2253265381,79246,79256,10
13.0173397064,80.2249984741,79256,79267,11
13.0184297562,80.2245635986,79267,79277,10
13.0193300247,80.2243804932,79277,79287,10
13.0198402405,80.2246017456,79287,79297,10
13.0201702118,80.2248382568,79297,79307,10
13.0206804276,80.2252120972,79307,79317,10
13.0211896896,80.2256164551,79317,79327,10
13.0216703415,80.2259979248,79327,79337,10
13.02202034,80.2262420654,79337,79347,10
13.0220298767,80.2262420654,79347,79357,10
13.0222997665,80.2265396118,79357,79368,11
13.0228099823,80.2269897461,79368,79378,10
13.0234804153,80.2276077271,79378,79388,10
13.024020195,80.2281188965,79388,79398,10
13.0242004395,80.228302002,79398,79408,10
13.0243501663,80.2285308838,79408,79418,10
13.0246400833,80.2289810181,79418,79428,10
13.0249500275,80.2294006348,79428,79438,10
13.025349617,80.2299118042,79438,79448,10
13.0257396698,80.2305526733,79448,79458,10
13.0259599686,80.2311935425,79458,79468,10
13.0261001587,80.2313995361,79468,79479,11
13.0265703201,80.2312393188,79479,79489,10
13.0271997452,80.2310791016,79489,79499,10
13.0277395248,80.23097229,79499,79509,10
13.0281801224,80.2309188843,79509,79519,10
13.0286903381,80.2308807373,79519,79529,10
13.0293598175,80.2308273315,79529,79539,10
13.029800415,80.2307815552,79539,79549,10
13.0304298401,80.2307434082,79549,79559,10
13.0309200287,80.2306976318,79559,79569,10
13.0313796997,80.2306594849,79569,79579,10
13.031999588,80.2306137085,79579,79590,11
13.0326099396,80.2305603027,79590,79600,10
13.0332899094,80.2304992676,79600,79610,10
13.0339298248,80.230430603,79610,79620,10
13.0346298218,80.2303237915,79620,79640,20
13.0346298218,80.2303237915,79640,79650,10
13.0348100662,80.2302474976,79650,79660,10
13.0349302292,80.2301712036,79660,79670,10
13.0350799561,80.2299880981,79670,79680,10
13.0350704193,80.2298126221,79680,79690,10
13.0348997116,80.2297897339,79690,79701,11
13.0346097946,80.2297668457,79701,79721,20
13.0343103409,80.2297286987,79721,79751,30
13.0340099335,80.2298965454,79751,80377,626
13.0340099335,80.2298965454,80377,80387,10
13.0338497162,80.2297363281,80387,80397,10
13.0333003998,80.2299423218,80397,80468,71
13.0335197449,80.2300186157,80468,81056,588
13.0335903168,80.2302017212,81056,81106,50
13.0334596634,80.2300033569,81106,81702,596
13.033490181,80.230178833,81702,81783,81
13.033490181,80.230178833,81783,81793,10
13.0334396362,80.2299423218,81793,82116,323
13.0333795547,80.2302093506,82116,82267,151
13.0333795547,80.2300109863,82267,83650,1383
13.0334100723,80.2297668457,83650,83801,151
13.0334596634,80.229927063,83801,84195,394
13.033539772,80.2297592163,84195,84397,202
13.0335197449,80.2300033569,84397,84832,435
13.0336303711,80.2299804688,84832,85047,215
13.0339403152,80.2300033569,85047,85545,498
13.0339403152,80.2300033569,85545,85555,10
13.0341501236,80.2301635742,85555,85575,20
13.0341501236,80.2301635742,85575,85586,11
13.0341300964,80.2304534912,85586,85596,10
13.0339002609,80.2305297852,85596,85606,10
13.0336503983,80.230506897,85606,85616,10
13.0334196091,80.2305526733,85616,85626,10
13.0331497192,80.2305603027,85626,85747,121
13.0328798294,80.2305297852,85747,86171,424
13.0326595306,80.2303390503,86171,86221,50
