12.9943799973,80.2066421509,20,19273,19253
12.9943704605,80.2065887451,19273,21053,1780
12.9943704605,80.2065887451,21053,21063,10
12.9943304062,80.2065429688,21063,23095,2032
12.9943304062,80.2065429688,23095,23106,11
12.9944200516,80.206741333,23106,23116,10
12.9946098328,80.2066879272,23116,23146,30
12.9946098328,80.2066879272,23146,23156,10
12.9947795868,80.2065887451,23156,23166,10
12.9951601028,80.2066879272,23166,23176,10
12.995639801,80.2068023682,23176,23186,10
12.9959201813,80.2068710327,23186,23197,11
12.9962396622,80.2069396973,23197,23207,10
12.9967498779,80.2070617676,23207,23217,10
12.997420311,80.2071762085,23217,23227,10
12.9980897903,80.2073135376,23227,23237,10
12.9986000061,80.2074432373,23237,23247,10
12.9989995956,80.2075271606,23247,23257,10
12.9995002747,80.2076263428,23257,23267,10
13.0000896454,80.2077484131,23267,23277,10
13.0006799698,80.2078781128,23277,23287,10
13.0013999939,80.2082214355,23287,23298,11
13.0022497177,80.2086715698,23298,23308,10
13.0030002594,80.2090682983,23308,23318,10
13.0035400391,80.2094116211,23318,23328,10
13.0034999847,80.2096786499,23328,23338,10
13.0036296844,80.2099761963,23338,23347,9
13.0037002563,80.2103881836,23347,23357,10
13.0037603378,80.2109909058,23357,23368,11
13.0037899017,80.2115783691,23368,23378,10
13.0037403107,80.2120132446,23378,23389,11
13.0032196045,80.2120895386,23389,23399,10
13.0025901794,80.2121200562,23399,23409,10
13.0022201538,80.2122879028,23409,23419,10
13.0018596649,80.2125091553,23419,23429,10
13.001250267,80.2129516602,23429,23439,10
13.0005302429,80.2135696411,23439,23449,10
12.9999599457,80.2141036987,23449,23459,10
12.9997797012,80.2142410278,23459,23469,10
12.9994802475,80.2145004272,23469,23480,11
12.9991502762,80.2147674561,23480,23490,10
12.998840332,80.2150268555,23490,23500,10
12.998290062,80.2154922485,23500,23510,10
12.9976596832,80.2160415649,23510,23520,10
12.997300148,80.2164535522,23520,23530,10
12.9968900681,80.216506958,23530,23540,10
12.9962596893,80.2165985107,23540,23550,10
12.9955797195,80.2167892456,23550,23560,10
12.995010376,80.2171096802,23560,23570,10
12.9943399429,80.2175979614,23570,23581,11
12.993689537,80.2180404663,23581,23591,10
12.992939949,80.2185897827,23591,23601,10
12.9920196533,80.2192611694,23601,23611,10
12.9913101196,80.2197723389,23611,23621,10
12.9906797409,80.2202377319,23621,23631,10
12.9899902344,80.2208404541,23631,23641,10
12.9894199371,80.2215423584,23641,23651,10
12.98898983,80.2220611572,23651,23661,10
12.9885396957,80.2225418091,23661,23678,17
12.9875297546,80.2230911255,23678,23690,12
12.9868497849,80.2229919434,23690,23700,10
12.9864702225,80.2229385376,23700,23710,10
12.9860095978,80.2229614258,23710,23720,10
12.9855203629,80.2232513428,23720,23730,10
12.9849596024,80.2231826782,23730,23740,10
12.9844799042,80.2229003906,23740,23750,10
12.9839200974,80.2225723267,23750,23759,9
12.983499527,80.222328186,23759,23771,12
12.9829797745,80.2219772339,23771,23781,10
12.9824104309,80.2218017578,23781,23791,10
12.9818401337,80.2214889526,23791,23801,10
12.9811496735,80.2210998535,23801,23811,10
12.9803495407,80.2210617065,23811,23821,10
12.9796800613,80.2211227417,23821,23831,10
12.9788999557,80.2211608887,23831,23841,10
12.9781103134,80.2211685181,23841,23851,10
12.977399826,80.2212219238,23851,23861,10
12.9767398834,80.2212371826,23861,23872,11
12.9761896133,80.2212524414,23872,23882,10
12.9759998322,80.2212905884,23882,23892,10
12.9757995605,80.2211685181,23892,24256,364
12.9757995605,80.2211685181,24256,24266,10
12.9755296707,80.2208633423,24266,24276,10
12.9753599167,80.220741272,24276,24286,10
12.9748802185,80.2204971313,24286,24296,10
12.9741001129,80.2201766968,24296,24306,10
12.97315979,80.2198104858,24306,24316,10
12.9721002579,80.2194366455,24316,24326,10
12.9713497162,80.2192077637,24326,24336,10
12.9710302353,80.2191390991,24336,24347,11
12.9705495834,80.2188568115,24347,24357,10
12.9698495865,80.2185668945,24357,24367,10
12.9690999985,80.2182769775,24367,24383,16
12.9678401947,80.2177886963,24383,24395,12
12.9669704437,80.2174606323,24395,24405,10
12.9661197662,80.2171096802,24405,24415,10
12.9652795792,80.2167816162,24415,24425,10
12.9644403458,80.2164535522,24425,24436,11
12.9636697769,80.2161102295,24436,24446,10
12.9632701874,80.2159118652,24446,24456,10
12.9629802704,80.2157974243,24456,24466,10
12.9628696442,80.2157516479,24466,24476,10
12.962439537,80.2155838013,24476,24486,10
12.9617300034,80.2153015137,24486,24496,10
12.9608898163,80.2149810791,24496,24506,10
12.9597196579,80.2145080566,24506,24516,10
12.9586496353,80.2140731812,24516,24527,11
12.9574604034,80.2135925293,24527,24537,10
12.9563703537,80.2131576538,24537,24547,10
12.9553003311,80.2127609253,24547,24557,10
12.9542303085,80.2123184204,24557,24567,10
12.9531602859,80.2118988037,24567,24577,10
12.9520797729,80.2115097046,24577,24587,10
12.9510402679,80.211151123,24587,24597,10
12.9499597549,80.2107391357,24597,24607,10
12.9489202499,80.2103118896,24607,24617,10
12.9482803345,80.2100296021,24617,24628,11
12.9472999573,80.2096405029,24628,24638,10
12.9462404251,80.2092437744,24638,24648,10
12.9452495575,80.2087631226,24648,24664,16
12.9437599182,80.2081604004,24664,24676,12
12.9429197311,80.207611084,24676,24686,10
12.9427099228,80.2073287964,24686,24695,9
12.9422502518,80.2068328857,24695,24707,12
12.9413204193,80.2061309814,24707,24717,10
12.9411001205,80.2060165405,24717,24727,10
12.9408597946,80.2059020996,24727,24738,11
12.9402704239,80.2057037354,24738,24747,9
12.939620018,80.2055130005,24747,24758,11
12.9387302399,80.2052383423,24758,24767,9
12.9376897812,80.2049484253,24767,24778,11
12.9364795685,80.2045974731,24778,24788,10
12.9354801178,80.2042922974,24788,24798,10
12.9345302582,80.203956604,24798,24808,10
12.9337100983,80.203918457,24808,24819,11
12.9329004288,80.203666687,24819,24829,10
12.9319400787,80.2033233643,24829,24839,10
12.9309101105,80.2029876709,24839,24849,10
12.929980278,80.202796936,24849,24859,10
12.9294204712,80.2027435303,24859,24869,10
12.9290800095,80.2026672363,24869,24879,10
12.9285802841,80.2025527954,24879,24895,16
12.9284496307,80.2013397217,24895,24907,12
12.9283800125,80.200088501,24907,24918,11
12.9280195236,80.1989974976,24918,24927,9
12.9274902344,80.1981811523,24927,24937,10
12.9265699387,80.1976394653,24937,24949,12
12.9262504578,80.1975784302,24949,24959,10
12.9259195328,80.197517395,24959,24969,10
12.9254999161,80.197517395,24969,24979,10
12.9251804352,80.1975097656,24979,24989,10
12.9244203568,80.1975097656,24989,24998,9
12.9236297607,80.197479248,24998,25010,12
12.9225196838,80.1973419189,25010,25020,10
12.9216499329,80.1971435547,25020,25030,10
12.920920372,80.1968765259,25030,25040,10
12.9201803207,80.1966171265,25040,25050,10
12.9196901321,80.1964263916,25050,25060,10
12.9195804596,80.1963806152,25060,25070,10
12.9191999435,80.1961288452,25070,25080,10
12.9186401367,80.1956634521,25080,25090,10
12.9180002213,80.1950683594,25090,25100,10
12.9173002243,80.1944122314,25100,25111,11
12.9170198441,80.1937789917,25111,25121,10
12.9170503616,80.1929397583,25121,25131,10
12.9171800613,80.1920776367,25131,25141,10
12.91726017,80.1913833618,25141,25151,10
12.9172801971,80.1912918091,25151,25161,10
12.9173402786,80.1912384033,25161,25171,10
12.9173803329,80.1908874512,25171,25181,10
12.9174404144,80.1902008057,25181,25191,10
12.9176998138,80.1893005371,25191,25202,11
12.9183797836,80.1883621216,25202,25212,10
12.9190797806,80.1875534058,25212,25222,10
12.9198703766,80.1866378784,25222,25232,10
12.9205999374,80.1857299805,25232,25242,10
12.9204301834,80.1846237183,25242,25252,10
12.9202899933,80.1840362549,25252,25262,10
12.920129776,80.18334198,25262,25272,10
12.919960022,80.1826782227,25272,25282,10
12.9199495316,80.1826477051,25282,25293,11
12.9198999405,80.1824798584,25293,25303,10
12.9197998047,80.1820220947,25303,25313,10
12.9196596146,80.1812667847,25313,25323,10
12.9194498062,80.1803131104,25323,25333,10
12.9190797806,80.1792373657,25333,25343,10
12.9183998108,80.1782989502,25343,25353,10
12.9182596207,80.1772232056,25353,25363,10
12.9184598923,80.1760864258,25363,25373,10
12.9187498093,80.1749725342,25373,25383,10
12.9190196991,80.173828125,25383,25394,11
12.9193601608,80.1725616455,25394,25404,10
12.9196195602,80.1715698242,25404,25414,10
12.9197797775,80.1709976196,25414,25424,10
12.9198198318,80.1708984375,25424,25434,10
12.919960022,80.1704483032,25434,25444,10
12.9201698303,80.1697769165,25444,25454,10
12.920419693,80.1689605713,25454,25464,10
12.9206695557,80.1681900024,25464,25474,10
12.920920372,80.1674499512,25474,25485,11
12.9210300446,80.1670837402,25485,25495,10
12.9210996628,80.1668624878,25495,25505,10
12.9212903976,80.1662902832,25505,25515,10
12.9215698242,80.165512085,25515,25525,10
12.9218997955,80.1644821167,25525,25535,10
12.922129631,80.1635894775,25535,25545,10
12.9221897125,80.1634216309,25545,25555,10
12.9223203659,80.1630401611,25555,25565,10
12.922539711,80.1623535156,25565,25575,10
12.922829628,80.1615066528,25575,25586,11
12.9231595993,80.1604919434,25586,25596,10
12.9233798981,80.159362793,25596,25606,10
12.9234895706,80.1581268311,25606,25616,10
12.9235897064,80.156867981,25616,25626,10
12.923620224,80.1557235718,25626,25636,10
12.9233798981,80.1548690796,25636,25646,10
12.9233198166,80.1546401978,25646,25656,10
12.923210144,80.1541290283,25656,25666,10
12.9230203629,80.1533584595,25666,25677,11
12.9227104187,80.1520233154,25677,25737,60
12.9227104187,80.1520233154,25737,25747,10
12.9226903915,80.1515426636,25747,25757,10
12.922659874,80.1507492065,25757,25767,10
12.9226303101,80.1496734619,25767,25778,11
12.9225597382,80.1483764648,25778,25788,10
12.922539711,80.1474227905,25788,25798,10
12.9225502014,80.1465835571,25798,25808,10
12.9225301743,80.1455078125,25808,25818,10
12.9224996567,80.1443634033,25818,25828,10
12.9224500656,80.1432189941,25828,25838,10
12.922419548,80.1422271729,25838,25848,10
12.9223804474,80.1415328979,25848,25864,16
12.9223804474,80.1413497925,25864,25877,13
12.9223899841,80.1405792236,25877,25887,10
12.922369957,80.1396865845,25887,25897,10
12.9223899841,80.1386566162,25897,25907,10
12.9224500656,80.137802124,25907,25917,10
12.9224996567,80.1367797852,25917,25927,10
12.922539711,80.1355895996,25927,25937,10
12.9225902557,80.1344680786,25937,25947,10
12.9226303101,80.133392334,25947,25959,12
12.922659874,80.1323394775,25959,25969,10
12.9226799011,80.1315002441,25969,25979,10
12.9226999283,80.131111145,25979,25989,10
12.9227199554,80.1309967041,25989,25999,10
12.9227399826,80.1305999756,25999,26009,10
12.9227800369,80.1300125122,26009,26019,10
12.9228096008,80.1293792725,26019,26029,10
12.9228696823,80.1287384033,26029,26039,10
12.9229001999,80.1280670166,26039,26049,10
12.9229297638,80.1272964478,26049,26060,11
12.9229202271,80.1262969971,26060,26070,10
12.9229602814,80.125541687,26070,26080,10
12.9229898453,80.1247329712,26080,26090,10
12.92304039,80.1237716675,26090,26100,10
12.9230804443,80.1227416992,26100,26110,10
12.923119545,80.1217422485,26110,26120,10
12.9231700897,80.1209030151,26120,26130,10
12.9231996536,80.1205291748,26130,26140,10
12.9232196808,80.1204910278,26140,26151,11
12.9232797623,80.1201095581,26151,26161,10
12.9233398438,80.119430542,26161,26171,10
12.9234104156,80.1184768677,26171,26180,9
12.9235897064,80.1175994873,26180,26191,11
12.9238300323,80.1165924072,26191,26201,10
12.9240198135,80.1158065796,26201,26211,10
12.924079895,80.1155090332,26211,26221,10
12.9239397049,80.1152191162,26221,26231,10
12.9241199493,80.1150283813,26231,26241,10
12.9244699478,80.1153182983,26241,26252,11
12.9248800278,80.1157684326,26252,26262,10
12.925359726,80.1162567139,26262,26272,10
12.9258804321,80.1167984009,26272,26282,10
12.9262504578,80.1172790527,26282,26292,10
12.9263896942,80.1174621582,26292,26301,9
12.9264802933,80.1175537109,26301,26311,10
12.926659584,80.1177520752,26311,26322,11
12.9269199371,80.1179122925,26322,26383,61
12.9269199371,80.1179122925,26383,26393,10
12.9271001816,80.118057251,26393,26403,10
12.9272499084,80.1182098389,26403,26423,20
12.9272499084,80.1182098389,26423,26433,10
12.9273195267,80.1184005737,26433,26444,11
12.927570343,80.1186828613,26444,26454,10
12.9278898239,80.1190032959,26454,26464,10
12.9281797409,80.1193313599,26464,26474,10
12.9284601212,80.1195831299,26474,26484,10
12.9287700653,80.1198425293,26484,26494,10
12.928899765,80.119972229,26494,26504,10
12.9289903641,80.1200790405,26504,26514,10
12.9291296005,80.1201629639,26514,26877,363
12.9291296005,80.1201629639,26877,26887,10
12.9293498993,80.1204605103,26887,26897,10
12.9298000336,80.1209030151,26897,26907,10
12.9304199219,80.1214904785,26907,26918,11
12.931189537,80.1222305298,26918,26928,10
12.9315795898,80.1225662231,26928,26938,10
12.9317398071,80.1227493286,26938,26968,30
12.9317398071,80.1227493286,26968,26978,10
12.9317502975,80.1228027344,26978,26988,10
12.9315004349,80.1228179932,26988,26998,10
12.9311304092,80.1223831177,26998,27008,10
12.930560112,80.1218338013,27008,27025,17
12.9293003082,80.1205596924,27025,27037,12
12.9284000397,80.119682312,27037,27047,10
12.9279098511,80.1192169189,27047,27057,10
12.9275999069,80.1189193726,27057,27067,10
12.9274597168,80.1187362671,27067,27076,9
12.9274396896,80.1187210083,27076,27088,12
12.9271602631,80.1184234619,27088,27120,32
12.9271602631,80.1184234619,27120,27129,9
12.9270095825,80.1182022095,27129,27140,11
12.9265203476,80.1177215576,27140,27150,10
12.9260702133,80.1173629761,27150,27160,10
12.9254798889,80.1168365479,27160,27171,11
12.9249601364,80.1163024902,27171,27181,10
12.9245004654,80.1158905029,27181,27191,10
12.9242601395,80.1157073975,27191,27201,10
12.9240198135,80.1159896851,27201,27213,12
12.9238395691,80.1167602539,27213,27223,10
12.9236602783,80.1175537109,27223,27233,10
12.9234600067,80.118522644,27233,27243,10
12.9233999252,80.1194381714,27243,27253,10
12.9233703613,80.1199417114,27253,27263,10
12.9233703613,80.1204223633,27263,27273,10
12.9233198166,80.1208190918,27273,27293,20
12.9233198166,80.1208190918,27293,27304,11
12.9232797623,80.1210708618,27304,27314,10
12.9232397079,80.1215209961,27314,27324,10
12.9231996536,80.1221923828,27324,27334,10
12.9231700897,80.1229782104,27334,27344,10
12.9231300354,80.123878479,27344,27354,10
12.923119545,80.1247329712,27354,27364,10
12.923119545,80.1253433228,27364,27374,10
12.9231100082,80.1254882813,27374,27384,10
12.9230499268,80.1257476807,27384,27395,11
12.9230098724,80.1261901855,27395,27405,10
12.9229898453,80.1269073486,27405,27415,10
12.922949791,80.127746582,27415,27425,10
12.9229297638,80.1283569336,27425,27435,10
12.9229001999,80.1290130615,27435,27445,10
12.9228496552,80.1298904419,27445,27455,10
12.9228401184,80.130859375,27455,27465,10
12.922829628,80.1312789917,27465,27475,10
12.9228200912,80.1313705444,27475,27485,10
12.9227895737,80.1317901611,27485,27496,11
12.9227695465,80.1325378418,27496,27506,10
12.9227600098,80.1332473755,27506,27516,10
12.9227399826,80.133392334,27516,27526,10
12.9227199554,80.1338806152,27526,27536,10
12.9226799011,80.1346817017,27536,27546,10
12.9226303101,80.1355667114,27546,27556,10
12.9225702286,80.1365280151,27556,27566,10
12.9225301743,80.1374969482,27566,27576,10
12.9224901199,80.1384124756,27576,27587,11
12.9224796295,80.1386795044,27587,27597,10
12.9224500656,80.1390380859,27597,27607,10
12.9224395752,80.1396713257,27607,27617,10
12.9224596024,80.1405105591,27617,27627,10
12.9224596024,80.1414718628,27627,27637,10
12.9224901199,80.1423110962,27637,27647,10
12.9225101471,80.1426620483,27647,27657,10
12.922539711,80.1430664063,27657,27667,10
12.9225702286,80.1435394287,27667,27677,10
12.9225797653,80.1436233521,27677,27688,11
12.9225502014,80.1439590454,27688,27698,10
12.9225702286,80.1446609497,27698,27708,10
12.9226102829,80.1456375122,27708,27718,10
12.922659874,80.1467590332,27718,27728,10
12.9226799011,80.1473770142,27728,27738,10
12.9226799011,80.1476593018,27738,27748,10
12.9226703644,80.1482391357,27748,27758,10
12.9226799011,80.1490097046,27758,27768,10
12.9227199554,80.1500015259,27768,27779,11
12.9227600098,80.1512374878,27779,27809,30
12.9227600098,80.1512374878,27809,27819,10
12.9227600098,80.1514205933,27819,27829,10
12.9227695465,80.15184021,27829,27839,10
12.9228601456,80.1525115967,27839,27849,10
12.9230604172,80.1533203125,27849,27859,10
12.9232902527,80.1541976929,27859,27869,10
12.9233798981,80.1545562744,27869,27880,11
12.9233903885,80.1545715332,27880,27890,10
12.9234304428,80.1547164917,27890,27900,10
12.9235296249,80.1551971436,27900,27910,10
12.9237003326,80.1559371948,27910,27920,10
12.9236602783,80.1569595337,27920,27930,10
12.9235496521,80.1581115723,27930,27940,10
12.9234600067,80.1592483521,27940,27950,10
12.9233598709,80.1601867676,27950,27960,10
12.9232997894,80.1604385376,27960,27971,11
12.9231595993,80.1608428955,27971,27981,10
12.922949791,80.1615219116,27981,27991,10
12.922659874,80.1624221802,27991,28001,10
12.922369957,80.1633529663,28001,28011,10
12.9221496582,80.1640625,28011,28021,10
12.9221000671,80.1641693115,28021,28031,10
12.9219799042,80.1645431519,28031,28041,10
12.9217596054,80.165222168,28041,28051,10
12.9214801788,80.1660690308,28051,28061,10
12.9211997986,80.1669616699,28061,28072,11
12.9208898544,80.1679763794,28072,28082,10
12.9207897186,80.1682815552,28082,28098,16
12.9206495285,80.1686630249,28098,28110,12
12.920419693,80.1693572998,28110,28118,8
12.9202404022,80.1699829102,28118,28129,11
12.9199895859,80.1708297729,28129,28140,11
12.9199304581,80.1710205078,28140,28150,10
12.9198999405,80.1710968018,28150,28160,10
12.9197702408,80.1714935303,28160,28171,11
12.9195804596,80.1722488403,28171,28181,10
12.9193601608,80.1730422974,28181,28191,10
12.9190397263,80.1742019653,28191,28200,9
12.9188098907,80.1752090454,28200,28211,11
12.9185400009,80.1762313843,28211,28221,10
12.9184398651,80.1768875122,28221,28231,10
12.918419838,80.1770172119,28231,28241,10
12.9183397293,80.177482605,28241,28251,10
12.9184503555,80.178237915,28251,28262,11
12.9191198349,80.1791610718,28262,28272,10
12.9194803238,80.1799163818,28272,28282,10
12.9195098877,80.1800918579,28282,28292,10
12.9196100235,80.1806488037,28292,28302,10
12.9197902679,80.1814498901,28302,28312,10
12.919960022,80.1821899414,28312,28322,10
12.9201202393,80.1829299927,28322,28332,10
12.9203395844,80.1837921143,28332,28363,31
12.9203395844,80.1837921143,28363,28373,10
12.9203701019,80.1840896606,28373,28383,10
12.9204797745,80.1846389771,28383,28393,10
12.9206895828,80.1854934692,28393,28413,20
12.9206895828,80.1854934692,28413,28423,10
12.9206600189,80.1857910156,28423,28433,10
12.9203195572,80.1862869263,28433,28443,10
12.919839859,80.1868362427,28443,28454,11
12.9192399979,80.1875228882,28454,28464,10
12.9188604355,80.18800354,28464,28474,10
12.9186201096,80.1882629395,28474,28484,10
12.9184799194,80.1884002686,28484,28494,10
12.9181203842,80.1887893677,28494,28504,10
12.9177303314,80.1894302368,28504,28514,10
12.9175195694,80.1902770996,28514,28524,10
12.9174203873,80.19090271,28524,28534,10
12.9173402786,80.1915130615,28534,28545,11
12.9172296524,80.1923294067,28545,28555,10
12.9171304703,80.1932067871,28555,28585,30
12.9171304703,80.1932067871,28585,28595,10
12.9170799255,80.1934967041,28595,28605,10
12.917140007,80.1940231323,28605,28615,10
12.9172496796,80.1943206787,28615,28625,10
12.9176597595,80.194770813,28625,28635,10
12.9182500839,80.1952972412,28635,28646,11
12.9189796448,80.1959381104,28646,28656,10
12.9195203781,80.1963272095,28656,28666,10
12.9202604294,80.1966400146,28666,28676,10
12.9208202362,80.1968231201,28676,28686,10
12.9208402634,80.1968078613,28686,28696,10
12.9211597443,80.1969223022,28696,28706,10
12.9217700958,80.1971511841,28706,28716,10
12.9225301743,80.197303772,28716,28726,10
12.9232301712,80.1974105835,28726,28737,11
12.9236898422,80.1974563599,28737,28767,30
12.9236898422,80.1974563599,28767,28777,10
12.9238395691,80.1974487305,28777,28787,10
12.9241504669,80.1974563599,28787,28797,10
12.9247303009,80.1974716187,28797,28807,10
12.9252099991,80.1974563599,28807,28817,10
12.9253902435,80.1974716187,28817,28827,10
12.9258899689,80.1974716187,28827,28838,11
12.9264602661,80.1975479126,28838,28848,10
12.9265003204,80.1975479126,28848,28858,10
12.9268503189,80.1976928711,28858,28868,10
12.9273700714,80.1979980469,28868,28878,10
12.9278802872,80.1985626221,28878,28888,10
12.9282598495,80.1993408203,28888,28898,10
12.9285097122,80.2002487183,28898,28908,10
12.9285497665,80.2011032104,28908,28918,10
12.9285697937,80.2018966675,28918,28928,10
12.9286804199,80.2025604248,28928,28939,11
12.9294300079,80.2027282715,28939,28959,20
12.9294300079,80.2027282715,28959,28969,10
12.9296703339,80.2027511597,28969,28979,10
12.9301300049,80.202796936,28979,28989,10
12.930680275,80.2029037476,28989,28999,10
12.931189537,80.2030487061,28999,29009,10
12.9319200516,80.2032928467,29009,29019,10
12.9326896667,80.2035369873,29019,29030,11
12.9333200455,80.2037963867,29030,29040,10
12.933839798,80.2038574219,29040,29050,10
12.9339199066,80.2038726807,29050,29060,10
12.9340200424,80.2038726807,29060,29070,10
12.9344501495,80.203918457,29070,29080,10
12.9349603653,80.2040100098,29080,29090,10
12.9356203079,80.2042770386,29090,29100,10
12.9363803864,80.2045516968,29100,29110,10
12.9372901917,80.2048110962,29110,29121,11
12.9382600784,80.205078125,29121,29131,10
12.9389696121,80.205291748,29131,29141,10
12.9397602081,80.2055282593,29141,29151,10
12.9401597977,80.2056427002,29151,29161,10
12.940199852,80.205657959,29161,29171,10
12.9405698776,80.2057800293,29171,29181,10
12.9411201477,80.2059936523,29181,29191,10
12.9418096542,80.206413269,29191,29201,10
12.9425697327,80.2070236206,29201,29211,10
12.942990303,80.2075576782,29211,29222,11
12.9435596466,80.2080535889,29222,29232,10
12.9444198608,80.208366394,29232,29262,30
12.9444198608,80.208366394,29262,29272,10
12.9444198608,80.2083969116,29272,29282,10
12.944729805,80.2085189819,29282,29292,10
12.9453201294,80.2087173462,29292,29302,10
12.9460897446,80.2089385986,29302,29313,11
12.9470796585,80.2093200684,29313,29323,10
12.9480104446,80.2096405029,29323,29333,10
12.94851017,80.209777832,29333,29343,10
12.9487800598,80.2098922729,29343,29353,10
12.9489202499,80.2099609375,29353,29363,10
12.9490804672,80.2100067139,29363,29373,10
12.949640274,80.2102432251,29373,29383,10
12.9504699707,80.2106018066,29383,29393,10
12.9512901306,80.2109680176,29393,29403,10
12.9520597458,80.2113418579,29403,29414,11
12.9530200958,80.211730957,29414,29424,10
12.9537000656,80.2119827271,29424,29434,10
12.9538402557,80.2120285034,29434,29444,10
12.9538602829,80.2120513916,29444,29454,10
12.9541797638,80.2121887207,29454,29464,10
12.9547996521,80.2124328613,29464,29474,10
12.9555702209,80.2127380371,29474,29484,10
12.9563398361,80.2130432129,29484,29494,10
12.9571895599,80.2133712769,29494,29504,10
12.9581604004,80.2137680054,29504,29515,11
12.9591197968,80.2141494751,29515,29525,10
12.9599599838,80.2145080566,29525,29535,10
12.9606800079,80.2147979736,29535,29545,10
12.9614095688,80.2150878906,29545,29555,10
12.962220192,80.2154006958,29555,29565,10
12.9629602432,80.2156906128,29565,29574,9
12.9632797241,80.2158203125,29574,29584,10
12.9635801315,80.2159423828,29584,29595,11
12.9642295837,80.216178894,29595,29777,182
12.9642295837,80.216178894,29777,29787,10
12.9643001556,80.2162094116,29787,29798,11
12.9647502899,80.2164382935,29798,29808,10
12.9654302597,80.2166976929,29808,29818,10
12.9660997391,80.2169723511,29818,29828,10
12.9667797089,80.2172393799,29828,29838,10
12.9674501419,80.2175216675,29838,29848,10
12.9680099487,80.2177734375,29848,29858,10
12.9687595367,80.2180404663,29858,29868,10
12.9696702957,80.2183990479,29868,29878,10
12.9705896378,80.2187805176,29878,29888,10
12.9710998535,80.2189407349,29888,29899,11
12.9711198807,80.2189483643,29899,29909,10
12.971329689,80.2190475464,29909,29919,10
12.9718599319,80.2192993164,29919,29929,10
12.9725399017,80.2195663452,29929,29939,10
12.9733495712,80.2198791504,29939,29949,10
12.9740104675,80.2201385498,29949,29959,10
12.9745998383,80.2203979492,29959,30010,51
12.9745998383,80.2203979492,30010,30020,10
12.9746398926,80.2205200195,30020,30030,10
12.9749097824,80.2206268311,30030,30040,10
12.9751996994,80.2207183838,30040,30050,10
12.9754199982,80.220741272,30050,30060,10
12.9755802155,80.2208099365,30060,30293,233
12.9758501053,80.2210388184,30293,31273,980
12.9758501053,80.2210388184,31273,31283,10
12.9756803513,80.2209701538,31283,31293,10
12.9757995605,80.2211227417,31293,31303,10
12.975810051,80.2211380005,31303,31313,10
12.9759397507,80.2212600708,31313,31323,10
12.9761800766,80.2216033936,31323,31333,10
12.976559639,80.2222213745,31333,31343,10
12.9769201279,80.2227630615,31343,31354,11
12.9771003723,80.2227783203,31354,31364,10
12.9771900177,80.2227630615,31364,31374,10
12.9774703979,80.2227325439,31374,31384,10
12.9775400162,80.2225189209,31384,31394,10
12.977519989,80.2220687866,31394,31404,10
12.9774904251,80.221572876,31404,31414,10
12.9774398804,80.2212677002,31414,31424,10
12.9772996902,80.2212295532,31424,31434,10
12.9768896103,80.2212524414,31434,31444,10
12.9764003754,80.2212295532,31444,31455,11
12.976099968,80.221282959,31455,31502,47
12.976099968,80.221282959,31502,31512,10
12.9759197235,80.2213287354,31512,31523,11
12.9757795334,80.221206665,31523,31533,10
12.9756002426,80.2211074829,31533,31575,42
12.9756002426,80.2211074829,31575,31585,10
12.9752397537,80.2208023071,31585,31595,10
12.9746704102,80.2204971313,31595,31605,10
12.973950386,80.2201919556,31605,31615,10
12.9731302261,80.2198562622,31615,31625,10
12.9722795486,80.219543457,31625,31635,10
12.9716396332,80.2193069458,31635,31646,11
12.9710702896,80.2191772461,31646,31656,10
12.9710302353,80.2191696167,31656,31666,10
12.9709997177,80.2191619873,31666,31676,10
12.9706602097,80.2189712524,31676,31686,10
12.9700403214,80.2186889648,31686,31696,10
12.9693603516,80.2184066772,31696,31706,10
12.9686803818,80.2181472778,31706,31716,10
12.9680595398,80.2179031372,31716,31726,10
12.9674797058,80.217666626,31726,31737,11
12.9667301178,80.2173614502,31737,31747,10
12.9659204483,80.2170410156,31747,31757,10
12.9651002884,80.2167205811,31757,31767,10
12.9642496109,80.2163619995,31767,31777,10
12.9635696411,80.2160491943,31777,31787,10
12.9630804062,80.2158432007,31787,31797,10
12.9629497528,80.2157897949,31797,31806,9
12.9627399445,80.2156982422,31806,31816,10
12.9622001648,80.2154769897,31816,31827,11
12.9613704681,80.2151565552,31827,31838,11
12.9603796005,80.2147521973,31838,31848,10
12.9595003128,80.2144012451,31848,31858,10
12.958530426,80.2139892578,31858,31868,10
12.9575195313,80.2136001587,31868,31878,10
12.9565095901,80.2132034302,31878,31888,10
12.9554395676,80.2127838135,31888,31898,10
12.9545001984,80.2124176025,31898,31906,8
12.9540195465,80.2122421265,31906,31918,12
12.953909874,80.2121963501,31918,31928,10
12.9537496567,80.2121505737,31928,31939,11
12.953209877,80.2119293213,31939,31949,10
12.9524698257,80.2116470337,31949,31959,10
12.9515600204,80.2113113403,31959,31969,10
12.950630188,80.2109909058,31969,31979,10
12.949669838,80.2106323242,31979,31989,10
12.9489202499,80.2103424072,31989,31999,10
12.9488296509,80.210319519,31999,32009,10
12.9486999512,80.2103118896,32009,32019,10
12.9485797882,80.2102737427,32019,32030,11
12.9483604431,80.2101669312,32030,32040,10
12.9479198456,80.2099914551,32040,32050,10
12.9471502304,80.2096710205,32050,32060,10
12.9462795258,80.209312439,32060,32070,10
12.9454202652,80.2089004517,32070,32080,10
12.9446802139,80.2085418701,32080,32090,10
12.9442996979,80.2084121704,32090,32100,10
12.9441699982,80.2083587646,32100,32110,10
12.9437799454,80.208190918,32110,32120,10
12.9432497025,80.2079391479,32120,32131,11
12.9428300858,80.2075195313,32131,32141,10
12.9428195953,80.2074966431,32141,32151,10
12.9426803589,80.2072982788,32151,32161,10
12.9423398972,80.2069396973,32161,32171,10
12.941860199,80.2065429688,32171,32181,10
12.9413204193,80.206161499,32181,32191,10
12.9411201477,80.2060470581,32191,32201,10
12.9410600662,80.2060165405,32201,32211,10
12.9406900406,80.2058563232,32211,32222,11
12.940079689,80.2056732178,32222,32232,10
12.9393997192,80.2054672241,32232,32242,10
12.9386100769,80.2052230835,32242,32252,10
12.9376802444,80.2049484253,32252,32262,10
12.9367303848,80.2046737671,32262,32272,10
12.9357500076,80.2043991089,32272,32282,10
12.9348402023,80.2040100098,32282,32292,10
12.9338598251,80.2039413452,32292,32312,20
12.9338598251,80.2039413452,32312,32323,11
12.9335603714,80.2039108276,32323,32333,10
12.9330396652,80.2037582397,32333,32343,10
12.9323196411,80.2034835815,32343,32353,10
12.9314804077,80.2032012939,32353,32363,10
12.9307003021,80.2029571533,32363,32373,10
12.9297304153,80.2028198242,32373,32393,20
12.9297304153,80.2028198242,32393,32403,10
12.9296197891,80.202796936,32403,32413,10
12.9292402267,80.2027511597,32413,32424,11
12.9287004471,80.2026672363,32424,32434,10
12.9284696579,80.2022018433,32434,32444,10
12.9284496307,80.2015075684,32444,32454,10
12.9284200668,80.2006912231,32454,32464,10
12.928319931,80.199798584,32464,32480,16
12.9278001785,80.1985778809,32480,32492,12
12.9270200729,80.1978378296,32492,32500,8
12.9265003204,80.1976165771,32500,32512,12
12.9264001846,80.1976165771,32512,32523,11
12.9263296127,80.1975784302,32523,32533,10
12.9259996414,80.1975326538,32533,32543,10
12.9256095886,80.1975326538,32543,32553,10
12.9254398346,80.1975326538,32553,32563,10
12.9250402451,80.197517395,32563,32573,10
12.9242696762,80.1975326538,32573,32583,10
12.9234800339,80.1975021362,32583,32593,10
12.9230604172,80.1974411011,32593,32603,10
12.9224700928,80.1973571777,32603,32614,11
12.9220695496,80.1973114014,32614,32624,10
12.9220104218,80.197303772,32624,32634,10
12.921620369,80.1971588135,32634,32644,10
12.9211797714,80.1970062256,32644,32654,10
12.9210700989,80.1969604492,32654,32664,10
12.9207000732,80.1968307495,32664,32674,10
12.9201202393,80.1966323853,32674,32684,10
12.9194402695,80.1963500977,32684,32694,10
12.9188299179,80.1958694458,32694,32705,11
12.9182500839,80.1953430176,32705,32715,10
12.9176597595,80.1948318481,32715,32725,10
12.9172897339,80.1944580078,32725,32765,40
12.9172897339,80.1944580078,32765,32775,10
12.9173002243,80.1944198608,32775,32785,10
12.9171104431,80.1941070557,32785,32802,17
12.9170398712,80.1930999756,32802,32814,12
12.9171495438,80.1922988892,32814,32824,10
12.9172496796,80.1915206909,32824,32844,20
12.9172496796,80.1915206909,32844,32854,10
12.9172697067,80.1914520264,32854,32864,10
12.9173297882,80.1910934448,32864,32874,10
12.9173803329,80.1903533936,32874,32883,9
12.917550087,80.1895675659,32883,32894,11
12.9180202484,80.1886672974,32894,32905,11
12.9183797836,80.1882476807,32905,32915,10
12.918390274,80.1882400513,32915,32925,10
12.9185600281,80.1880569458,32925,32935,10
12.9189996719,80.1875991821,32935,32945,10
12.9195899963,80.186920166,32945,32955,10
12.9202604294,80.1861724854,32955,32965,10
12.9205799103,80.1852798462,32965,32975,10
12.9203395844,80.1843414307,32975,32986,11
12.9201202393,80.1833496094,32986,32995,9
12.9200000763,80.1829223633,32995,33026,31
12.9200000763,80.1829223633,33026,33036,10
12.919960022,80.1827697754,33036,33046,10
12.9198703766,80.1822662354,33046,33056,10
12.9197101593,80.1815795898,33056,33066,10
12.9195203781,80.1807785034,33066,33076,10
12.9193296432,80.1798782349,33076,33086,10
12.9189996719,80.1791534424,33086,33097,11
12.918589592,80.1785507202,33097,33107,10
12.9181804657,80.1778869629,33107,33117,10
12.9182796478,80.1770019531,33117,33127,10
12.9183397293,80.1764602661,33127,33137,10
12.918390274,80.1762619019,33137,33147,10
12.918510437,80.1757507324,33147,33157,10
12.9186897278,80.1750411987,33157,33167,10
12.9188995361,80.1741790771,33167,33177,10
12.9191904068,80.1731185913,33177,33187,10
12.9194602966,80.1720962524,33187,33198,11
12.9195899963,80.1715393066,33198,33208,10
12.9195995331,80.1715164185,33208,33218,10
12.9197998047,80.1709365845,33218,33238,20
12.9197998047,80.1709365845,33238,33248,10
12.9198598862,80.1707763672,33248,33258,10
12.9200201035,80.1702423096,33258,33268,10
12.9202404022,80.1695709229,33268,33278,10
12.920539856,80.1686325073,33278,33289,11
12.9208297729,80.1676864624,33289,33299,10
12.9209804535,80.1671218872,33299,33319,20
12.9209804535,80.1671218872,33319,33329,10
12.9211101532,80.1667785645,33329,33339,10
12.9212999344,80.1662063599,33339,33349,10
12.9215497971,80.1654663086,33349,33359,10
12.9218502045,80.1645889282,33359,33369,10
12.9219703674,80.1640777588,33369,33379,10
12.9220399857,80.1638793945,33379,33390,11
12.9221897125,80.1634368896,33390,33400,10
12.9222698212,80.1631317139,33400,33410,10
12.9222898483,80.1630630493,33410,33420,10
12.9223604202,80.1628494263,33420,33430,10
12.9224796295,80.1624679565,33430,33440,10
12.9226799011,80.1618728638,33440,33450,10
12.9229001999,80.1611785889,33450,33460,10
12.9230604172,80.1606216431,33460,33470,10
12.9230899811,80.1605377197,33470,33480,10
12.9231796265,80.1602935791,33480,33491,11
12.9232196808,80.1601409912,33491,33501,10
12.9233102798,80.1596679688,33501,33511,10
12.9233903885,80.1589126587,33511,33521,10
12.9234895706,80.1579437256,33521,33531,10
12.9235801697,80.1569366455,33531,33541,10
12.9236602783,80.1559906006,33541,33551,10
12.9234600067,80.1552581787,33551,33561,10
12.9233798981,80.1549682617,33561,33571,10
12.9233798981,80.1549606323,33571,33582,11
12.9233999252,80.1548995972,33582,33592,10
12.9233398438,80.1545562744,33592,33602,10
12.9231901169,80.1539993286,33602,33612,10
12.9230203629,80.1533203125,33612,33622,10
12.9226999283,80.1522216797,33622,33683,61
12.9226999283,80.1522216797,33683,33693,10
12.9227399826,80.1519927979,33693,33703,10
12.9227199554,80.1516494751,33703,33713,10
12.9226999283,80.1510391235,33713,33722,9
12.9226703644,80.1502609253,33722,33733,11
12.9226398468,80.1491622925,33733,33743,10
12.9225902557,80.1482315063,33743,33753,10
12.9225597382,80.1474533081,33753,33763,10
12.9225702286,80.1468963623,33763,33774,11
12.9225902557,80.1468276978,33774,33784,10
12.9225902557,80.1465377808,33784,33794,10
12.9225797653,80.1459884644,33794,33804,10
12.922539711,80.1452865601,33804,33814,10
12.9225196838,80.1445236206,33814,33824,10
12.9225196838,80.1436462402,33824,33834,10
12.9224901199,80.1429824829,33834,33844,10
12.9224796295,80.1425476074,33844,33854,10
12.9224500656,80.1421890259,33854,33865,11
12.9224500656,80.1421432495,33865,33875,10
12.9224500656,80.1418609619,33875,33885,10
12.922419548,80.1414718628,33885,33895,10
12.922419548,80.141418457,33895,33905,10
12.922419548,80.1413803101,33905,33915,10
12.9224100113,80.1409988403,33915,33925,10
12.922419548,80.1404190063,33925,33935,10
12.922419548,80.1399230957,33935,33945,10
12.9224100113,80.1392288208,33945,33955,10
12.9224395752,80.138458252,33955,33966,11
12.9224700928,80.1376266479,33966,33976,10
12.9224996567,80.1369934082,33976,33986,10
12.9225502014,80.1361618042,33986,33996,10
12.9225702286,80.1352233887,33996,34006,10
12.9226102829,80.1344604492,34006,34016,10
12.9226503372,80.1335983276,34016,34026,10
12.9226703644,80.1328582764,34026,34036,10
12.9226999283,80.132232666,34036,34046,10
12.9226999283,80.131362915,34046,34067,21
12.9226999283,80.131362915,34067,34077,10
12.9227304459,80.1312408447,34077,34087,10
12.9227695465,80.1309967041,34087,34097,10
12.9227800369,80.1305999756,34097,34107,10
12.9228000641,80.1299972534,34107,34117,10
12.9228401184,80.1293334961,34117,34127,10
12.9229001999,80.1285171509,34127,34137,10
12.9229297638,80.1276702881,34137,34147,10
12.9229202271,80.127243042,34147,34158,11
12.9229097366,80.126701355,34158,34167,9
12.9228801727,80.126159668,34167,34178,11
12.9228897095,80.1260070801,34178,34188,10
12.9229001999,80.1258926392,34188,34198,10
12.9229602814,80.1255722046,34198,34208,10
12.9229803085,80.125038147,34208,34218,10
12.9230003357,80.1243515015,34218,34228,10
12.9230203629,80.1236190796,34228,34238,10
12.9230499268,80.1228027344,34238,34248,10
12.9231004715,80.1219100952,34248,34258,10
12.9231595993,80.1212692261,34258,34269,11
12.9231700897,80.1208496094,34269,34307,38
12.9231700897,80.1208496094,34307,34317,10
12.9232702255,80.1206893921,34317,34327,10
12.9232997894,80.1202011108,34327,34337,10
12.9233598709,80.1194534302,34337,34347,10
12.9234104156,80.1184997559,34347,34357,10
12.9235801697,80.1176223755,34357,34368,11
12.923789978,80.1167602539,34368,34378,10
12.9239797592,80.1159667969,34378,34388,10
12.924079895,80.1155319214,34388,34398,10
12.9239397049,80.1151504517,34398,34408,10
12.924200058,80.1150436401,34408,34418,10
12.924539566,80.1153869629,34418,34428,10
12.9250097275,80.1158676147,34428,34438,10
12.9255599976,80.1164398193,34438,34448,10
12.9261102676,80.1170578003,34448,34459,11
12.9265403748,80.1176223755,34459,34469,10
12.9271602631,80.1181030273,34469,34580,111
12.9271602631,80.1181030273,34580,34590,10
12.9272603989,80.1182327271,34590,34600,10
12.9273004532,80.1183776855,34600,34610,10
12.9275398254,80.1186523438,34610,34620,10
12.9279003143,80.1190338135,34620,34630,10
12.9283599854,80.1194992065,34630,34640,10
12.9288101196,80.1199264526,34640,34651,11
12.929189682,80.1202468872,34651,35297,646
12.929189682,80.1202468872,35297,35307,10
12.9295501709,80.12059021,35307,35317,10
12.9299602509,80.1210098267,35317,35328,11
12.9305801392,80.12159729,35328,35338,10
12.9311199188,80.1221313477,35338,35348,10
12.9315004349,80.122467041,35348,35408,60
12.9315004349,80.122467041,35408,35418,10
12.931599617,80.1225280762,35418,35429,11
12.9316797256,80.1228485107,35429,35439,10
12.9312400818,80.1224899292,35439,35449,10
12.9306402206,80.121887207,35449,35459,10
12.929889679,80.1211624146,35459,35469,10
12.9290599823,80.1203384399,35469,35479,10
12.9282798767,80.1195297241,35479,35489,10
12.9276800156,80.1189880371,35489,35530,41
12.9276800156,80.1189880371,35530,35540,10
12.9275999069,80.118850708,35540,35550,10
12.9272003174,80.1183776855,35550,35580,30
12.9272003174,80.1183776855,35580,35590,10
12.9271802902,80.1183166504,35590,35600,10
12.9269304276,80.118057251,35600,35611,11
12.9264202118,80.1175765991,35611,35621,10
12.9257602692,80.1171035767,35621,35631,10
12.9252500534,80.1166229248,35631,35641,10
12.9248104095,80.1161727905,35641,35651,10
12.9244403839,80.1157989502,35651,35661,10
12.924200058,80.1156768799,35661,35671,10
12.9239797592,80.1161804199,35671,35681,10
12.9238100052,80.1169281006,35681,35690,9
12.923620224,80.1177368164,35690,35701,11
12.9234399796,80.1188583374,35701,35712,11
12.9233798981,80.1202011108,35712,35732,20
12.9233798981,80.1202011108,35732,35742,10
12.9233598709,80.1206130981,35742,35782,40
12.9233598709,80.1206130981,35782,35792,10
12.9232702255,80.1210479736,35792,35802,10
12.9232196808,80.1214675903,35802,35813,11
12.9232397079,80.1217422485,35813,35823,10
12.9232397079,80.1222381592,35823,35833,10
12.9231996536,80.1229400635,35833,35843,10
12.9231996536,80.1237487793,35843,35853,10
12.9231395721,80.1246871948,35853,35863,10
12.9231004715,80.125541687,35863,35924,61
12.9231004715,80.125541687,35924,35934,10
12.9230699539,80.1257781982,35934,35944,10
12.9230203629,80.1263427734,35944,35954,10
12.9230003357,80.127166748,35954,35964,10
12.9229602814,80.1278762817,35964,35974,10
12.9229001999,80.1285171509,35974,35984,10
12.9228601456,80.1292114258,35984,35994,10
12.922829628,80.1298828125,35994,36004,10
12.9228200912,80.1305618286,36004,36015,11
12.9228200912,80.1312408447,36015,36025,10
12.9228200912,80.1312637329,36025,36035,10
12.9228096008,80.1315002441,36035,36045,10
12.9227895737,80.1320266724,36045,36055,10
12.9227399826,80.1327819824,36055,36065,10
12.9226999283,80.1337127686,36065,36075,10
12.9226503372,80.1346893311,36075,36085,10
12.9226102829,80.1355133057,36085,36095,10
12.9225702286,80.1363830566,36095,36106,11
12.9225196838,80.1372375488,36106,36116,10
12.9224796295,80.1379928589,36116,36126,10
12.9224500656,80.1384887695,36126,36136,10
12.9224500656,80.1385803223,36136,36146,10
12.9224300385,80.1389389038,36146,36156,10
12.922419548,80.1396408081,36156,36166,10
12.9224395752,80.1405410767,36166,36176,10
12.9224500656,80.1416320801,36176,36186,10
12.9224996567,80.1426620483,36186,36197,11
12.9225597382,80.1436233521,36197,36217,20
12.9225597382,80.1436233521,36217,36227,10
12.9225301743,80.1439819336,36227,36237,10
12.9225597382,80.1446762085,36237,36247,10
12.9225997925,80.1455917358,36247,36257,10
12.9226398468,80.1466369629,36257,36267,10
12.9226799011,80.1471862793,36267,36277,10
12.9226799011,80.1472167969,36277,36287,10
12.9226799011,80.1473236084,36287,36298,11
12.9226703644,80.1478271484,36298,36308,10
12.9226503372,80.1485366821,36308,36318,10
12.9226999283,80.1494827271,36318,36328,10
12.9226999283,80.1505203247,36328,36338,10
12.9227304459,80.1512069702,36338,36348,10
12.9227695465,80.1516265869,36348,36358,10
12.922750473,80.1517562866,36358,36368,10
12.9228000641,80.1521606445,36368,36378,10
12.9229402542,80.15284729,36378,36388,10
12.9231595993,80.1537399292,36388,36399,11
12.9234304428,80.1546325684,36399,36419,20
12.9234304428,80.1546325684,36419,36429,10
12.9234800339,80.1549606323,36429,36439,10
12.9236001968,80.1555633545,36439,36449,10
12.9236803055,80.1564102173,36449,36459,10
12.9236001968,80.1573486328,36459,36469,10
12.923500061,80.1583633423,36469,36479,10
12.9234399796,80.1592788696,36479,36490,11
12.9233598709,80.1601715088,36490,36506,16
12.9233198166,80.1603469849,36506,36518,12
12.9231595993,80.1607971191,36518,36528,10
12.9229803085,80.1613616943,36528,36538,10
12.922659874,80.162322998,36538,36548,10
12.9223499298,80.1633071899,36548,36558,10
12.922129631,80.1640472412,36558,36568,10
12.9221000671,80.1641464233,36568,36578,10
12.9220695496,80.1642379761,36578,36589,11
12.9218997955,80.1647567749,36589,36599,10
12.9216499329,80.1655197144,36599,36609,10
12.9213495255,80.1663894653,36609,36619,10
12.9210596085,80.1673202515,36619,36629,10
12.9208602905,80.1679763794,36629,36639,10
12.9208202362,80.1680831909,36639,36648,9
12.9207401276,80.1681518555,36648,36659,11
12.9206399918,80.1685714722,36659,36668,9
12.9204397202,80.1692276001,36668,36679,11
12.9201602936,80.1701507568,36679,36690,11
12.9199399948,80.1709213257,36690,36700,10
12.9199199677,80.1709594727,36700,36710,10
12.919839859,80.1712112427,36710,36720,10
12.9196796417,80.1717300415,36720,36730,10
12.9194803238,80.172492981,36730,36740,10
12.9193000793,80.1730422974,36740,36750,10
12.919210434,80.1733932495,36750,36760,10
12.9190797806,80.1738967896,36760,36770,10
12.9189195633,80.1745681763,36770,36781,11
12.9187097549,80.1755371094,36781,36791,10
12.9184799194,80.1764373779,36791,36801,10
12.9184398651,80.1767120361,36801,36811,10
12.9183998108,80.1769180298,36811,36821,10
12.9183101654,80.1775131226,36821,36831,10
12.9185495377,80.178352356,36831,36841,10
12.9191102982,80.1791534424,36841,36851,10
12.9194803238,80.1801605225,36851,36861,10
12.919719696,80.1812820435,36861,36871,10
12.9198904037,80.1820602417,36871,36882,11
12.9200601578,80.1828994751,36882,36892,10
12.9202804565,80.1838607788,36892,36932,40
12.9202804565,80.1838607788,36932,36942,10
12.9203195572,80.1841201782,36942,36952,10
12.9204797745,80.1846618652,36952,36962,10
12.9205303192,80.1848526001,36962,36972,10
12.920539856,80.1849899292,36972,36983,11
12.9206199646,80.1854705811,36983,36993,10
12.9203796387,80.186126709,36993,37003,10
12.9197797775,80.1868362427,37003,37013,10
12.9191303253,80.1875686646,37013,37023,10
12.9189100266,80.1878814697,37023,37033,10
12.9187602997,80.1880111694,37033,37043,10
12.9184103012,80.188369751,37043,37053,10
12.9179401398,80.1889266968,37053,37063,10
12.9175701141,80.1897277832,37063,37073,10
12.9174098969,80.1905975342,37073,37084,11
12.917309761,80.1915435791,37084,37094,10
12.9172401428,80.1921615601,37094,37104,10
12.9172201157,80.1922073364,37104,37114,10
12.9171695709,80.1925506592,37114,37124,10
12.9170999527,80.1934585571,37124,37154,30
12.9170999527,80.1934585571,37154,37164,10
12.9171199799,80.1937789917,37164,37174,10
12.9172401428,80.1942367554,37174,37185,11
12.9177303314,80.1948013306,37185,37195,10
12.9183597565,80.1953735352,37195,37205,10
12.9190502167,80.1959915161,37205,37215,10
12.9198102951,80.1964416504,37215,37225,10
12.9208402634,80.1967697144,37225,37245,20
12.9208402634,80.1967697144,37245,37255,10
12.9210395813,80.1968536377,37255,37265,10
12.9215602875,80.1970367432,37265,37276,11
12.922419548,80.1972579956,37276,37286,10
12.923119545,80.1973571777,37286,37296,10
12.9232196808,80.1973724365,37296,37306,10
12.9235601425,80.1974182129,37306,37316,10
12.9241304398,80.1974563599,37316,37326,10
12.9248895645,80.1974487305,37326,37336,10
12.9253101349,80.1974411011,37336,37346,10
12.925620079,80.1974487305,37346,37356,10
12.9264802933,80.1975326538,37356,37377,21
12.9264802933,80.1975326538,37377,37387,10
12.9268198013,80.1976699829,37387,37397,10
12.9273796082,80.1979904175,37397,37407,10
12.9279003143,80.1985778809,37407,37417,10
12.9282903671,80.1994018555,37417,37427,10
12.9285001755,80.2003173828,37427,37437,10
12.9285202026,80.201210022,37437,37447,10
12.928560257,80.2019882202,37447,37457,10
12.9287395477,80.2025909424,37457,37468,11
12.9293603897,80.2026901245,37468,37478,10
12.9294395447,80.2027130127,37478,37488,10
12.9297599792,80.2027816772,37488,37498,10
12.9303798676,80.2028579712,37498,37508,10
12.9311304092,80.2030410767,37508,37518,10
12.9320297241,80.2033309937,37518,37528,10
12.9328203201,80.2035827637,37528,37538,10
12.9335403442,80.2038269043,37538,37548,10
12.9339599609,80.2038574219,37548,37558,10
12.9340000153,80.2038574219,37558,37569,11
12.9344301224,80.2039108276,37569,37579,10
12.9350099564,80.2040100098,37579,37589,10
12.9356203079,80.2042770386,37589,37599,10
12.9358701706,80.2043609619,37599,37609,10
12.9362897873,80.2044906616,37609,37619,10
12.936920166,80.2046737671,37619,37629,10
12.9376296997,80.2048721313,37629,37639,10
12.9384098053,80.205078125,37639,37649,10
12.939209938,80.2053375244,37649,37660,11
12.9399499893,80.2055435181,37660,37670,10
12.940030098,80.2055664063,37670,37680,10
12.9402198792,80.2056427002,37680,37690,10
12.9406499863,80.2057723999,37690,37700,10
12.9411697388,80.2059783936,37700,37710,10
12.941740036,80.2063293457,37710,37720,10
12.94231987,80.20677948,37720,37730,10
12.9427099228,80.2071380615,37730,37740,10
12.9427995682,80.2072906494,37740,37750,10
12.9430599213,80.2076568604,37750,37761,11
12.9436903,80.2080764771,37761,37771,10
12.9442996979,80.2083129883,37771,37781,10
12.9443998337,80.2083435059,37781,37791,10
12.9445295334,80.2083892822,37791,37801,10
12.9449996948,80.2085494995,37801,37811,10
12.945690155,80.208770752,37811,37821,10
12.9463596344,80.2089996338,37821,37831,10
12.9465799332,80.2090835571,37831,37841,10
12.9471502304,80.2092819214,37841,37852,11
12.9479799271,80.209602356,37852,37862,10
12.9484596252,80.2097320557,37862,37872,10
12.9488697052,80.2098999023,37872,37892,20
12.9488697052,80.2098999023,37892,37902,10
12.9490804672,80.2099685669,37902,37912,10
12.949640274,80.2101974487,37912,37922,10
12.9504203796,80.2105178833,37922,37932,10
12.9513101578,80.2108917236,37932,37942,10
12.9521198273,80.2112808228,37942,37953,11
12.9530801773,80.2116775513,37953,37963,10
12.9532899857,80.2117767334,37963,37973,10
12.9534397125,80.2118377686,37973,37983,10
12.9536800385,80.2119216919,37983,37993,10
12.9537601471,80.2119522095,37993,38003,10
12.9541397095,80.2121200562,38003,38013,10
12.9547595978,80.2123794556,38013,38023,10
12.955499649,80.212677002,38023,38033,10
12.9563302994,80.2130203247,38033,38043,10
12.9573402405,80.2134170532,38043,38054,11
12.9584999084,80.2138824463,38054,38064,10
12.9594497681,80.2142562866,38064,38074,10
12.960269928,80.21459198,38074,38084,10
12.9610204697,80.2148895264,38084,38094,10
12.9618396759,80.2152175903,38094,38104,10
12.9627103806,80.2155609131,38104,38114,10
12.9633798599,80.2157897949,38114,38124,10
12.9636697769,80.2158966064,38124,38134,10
12.9641799927,80.2161102295,38134,38155,21
12.9641799927,80.2161102295,38155,38165,10
12.9643802643,80.216217041,38165,38175,10
12.9648599625,80.2164306641,38175,38185,10
12.9655399323,80.2167205811,38185,38195,10
12.9662103653,80.2170028687,38195,38205,10
12.9668798447,80.2172698975,38205,38215,10
12.967499733,80.2175216675,38215,38225,10
12.9680204391,80.2177200317,38225,38235,10
12.9687204361,80.2179718018,38235,38246,11
12.9697198868,80.2183609009,38246,38256,10
12.9706602097,80.21875,38256,38266,10
12.9711503983,80.2189025879,38266,38276,10
12.971159935,80.2189025879,38276,38286,10
12.9714002609,80.219039917,38286,38296,10
12.9719200134,80.2192687988,38296,38306,10
12.9726200104,80.2195587158,38306,38316,10
12.9733200073,80.2198028564,38316,38326,10
12.9737596512,80.2199707031,38326,38336,10
12.9741201401,80.2201385498,38336,38347,11
12.9745903015,80.2203292847,38347,38357,10
12.9749603271,80.2204818726,38357,38367,10
12.9751796722,80.2205963135,38367,38377,10
12.9754800797,80.2206878662,38377,38387,10
12.9755496979,80.220741272,38387,38397,10
12.9757204056,80.2209472656,38397,38458,61
12.9757204056,80.2209472656,38458,38468,10
12.9759302139,80.2211990356,38468,38478,10
12.9760704041,80.2213363647,38478,38488,10
12.9763002396,80.2217102051,38488,38498,10
12.9766302109,80.2221832275,38498,38508,10
12.9768600464,80.2225723267,38508,38518,10
12.9771003723,80.2227401733,38518,38528,10
12.9774398804,80.2226867676,38528,38539,11
12.9775495529,80.2224731445,38539,38549,10
12.9775295258,80.2220687866,38549,38559,10
12.9774999619,80.2215881348,38559,38569,10
12.9774503708,80.2212905884,38569,38579,10
12.9771499634,80.2212600708,38579,38589,10
12.9765396118,80.2212371826,38589,38599,10
12.976149559,80.2212982178,38599,38609,10
12.9758901596,80.221282959,38609,38619,10
12.9756202698,80.2210693359,38619,39428,809
12.9756202698,80.2210693359,39428,39438,10
12.9755897522,80.2209625244,39438,39448,10
12.9753303528,80.2207489014,39448,39458,10
12.9747400284,80.2204589844,39458,39468,10
12.9739599228,80.2201385498,39468,39478,10
12.9730997086,80.219833374,39478,39488,10
12.9722099304,80.2194976807,39488,39498,10
12.9710302353,80.2191772461,39498,39529,31
12.9710302353,80.2191772461,39529,39539,10
12.9708595276,80.2190933228,39539,39549,10
12.9704904556,80.2188720703,39549,39559,10
12.9700098038,80.2186813354,39559,39569,10
12.9695196152,80.2184829712,39569,39579,10
12.9690198898,80.2182922363,39579,39589,10
12.968580246,80.2181167603,39589,39599,10
12.9680995941,80.2179336548,39599,39610,11
12.9675798416,80.2177200317,39610,39620,10
12.9670696259,80.2175216675,39620,39630,10
12.9664297104,80.2172622681,39630,39640,10
12.9657001495,80.2169723511,39640,39650,10
12.9648799896,80.2166366577,39650,39660,10
12.9640798569,80.2163085938,39660,39670,10
12.9634504318,80.2160263062,39670,39680,10
12.9629602432,80.2158203125,39680,39690,10
12.9628801346,80.2157897949,39690,39700,10
12.9625902176,80.2156677246,39700,39711,11
12.961979866,80.2154388428,39711,39721,10
12.9612798691,80.2151565552,39721,39731,10
12.9604501724,80.2148284912,39731,39741,10
12.9595098495,80.2144470215,39741,39751,10
12.958530426,80.2140274048,39751,39761,10
12.9574403763,80.2136077881,39761,39771,10
12.9563798904,80.2131729126,39771,39781,10
12.9553098679,80.2127838135,39781,39791,10
12.9544000626,80.2124176025,39791,39801,10
12.9538297653,80.2122116089,39801,39812,11
12.9537801743,80.2121887207,39812,39822,10
12.953499794,80.2120666504,39822,39832,10
12.9528903961,80.2118530273,39832,39842,10
12.9520998001,80.2115478516,39842,39852,10
12.9512701035,80.2112579346,39852,39862,10
12.9504203796,80.2109603882,39862,39872,10
12.9495201111,80.2106018066,39872,39882,10
12.9487695694,80.210319519,39882,39892,10
12.9486598969,80.2102890015,39892,39903,11
12.9484100342,80.2101974487,39903,39913,10
12.9478998184,80.2100067139,39913,39923,10
12.9471302032,80.2096862793,39923,39933,10
12.9462995529,80.2093429565,39933,39943,10
12.945520401,80.2089691162,39943,39953,10
12.9447898865,80.2086105347,39953,39963,10
12.9442796707,80.2084274292,39963,39973,10
12.9441604614,80.2083816528,39973,39983,10
12.9437198639,80.2081832886,39983,39993,10
12.9434404373,80.2080612183,39993,40004,11
12.9432001114,80.2079315186,40004,40014,10
12.942779541,80.2074813843,40014,40024,10
12.9422502518,80.2068710327,40024,40034,10
12.9411001205,80.2060775757,40034,40054,20
12.9411001205,80.2060775757,40054,40064,10
12.941069603,80.2060394287,40064,40074,10
12.940779686,80.205909729,40074,40084,10
12.9403400421,80.2057571411,40084,40094,10
12.9399299622,80.2056427002,40094,40105,11
12.9393396378,80.2054672241,40105,40115,10
12.9387102127,80.2052764893,40115,40125,10
12.9380702972,80.2050933838,40125,40135,10
12.937379837,80.2049026489,40135,40145,10
12.9366703033,80.2046890259,40145,40155,10
12.9358797073,80.2044830322,40155,40165,10
12.9351797104,80.2041702271,40165,40175,10
12.9345197678,80.2040100098,40175,40185,10
12.9338998795,80.2039718628,40185,40196,11
12.933839798,80.203956604,40196,40206,10
12.9337797165,80.2039489746,40206,40216,10
12.9334402084,80.2039108276,40216,40226,10
12.9330101013,80.2037582397,40226,40236,10
12.9324903488,80.2035598755,40236,40246,10
12.931810379,80.203338623,40246,40256,10
12.931019783,80.2030792236,40256,40266,10
12.9302797318,80.2029037476,40266,40276,10
12.9296398163,80.2028198242,40276,40286,10
12.9295196533,80.2028121948,40286,40297,11
12.9294700623,80.202796936,40297,40307,10
12.9290704727,80.2027435303,40307,40317,10
12.9285202026,80.2025222778,40317,40327,10
12.928440094,80.2018127441,40327,40337,10
12.9284200668,80.2009429932,40337,40347,10
12.9283399582,80.1999664307,40347,40357,10
12.9280195236,80.1990737915,40357,40373,16
12.9263296127,80.1976165771,40373,40396,23
12.9263296127,80.1976165771,40396,40406,10
12.9259395599,80.1975402832,40406,40416,10
12.9254703522,80.1975402832,40416,40426,10
12.9252004623,80.197517395,40426,40436,10
12.9246797562,80.197517395,40436,40446,10
12.923910141,80.1975097656,40446,40456,10
12.9229402542,80.1974182129,40456,40466,10
12.9222002029,80.1973419189,40466,40476,10
12.922129631,80.1973266602,40476,40486,10
12.9218797684,80.1972579956,40486,40498,12
12.921090126,80.1969833374,40498,40518,20
12.921090126,80.1969833374,40518,40528,10
12.920999527,80.196937561,40528,40538,10
12.9206800461,80.1968231201,40538,40548,10
12.920129776,80.1966400146,40548,40558,10
12.919500351,80.1964035034,40558,40568,10
12.9189100266,80.1959686279,40568,40578,10
12.9183702469,80.1954803467,40578,40589,11
12.9177103043,80.1948928833,40589,40599,10
12.9171600342,80.1943206787,40599,40619,20
12.9171600342,80.1943206787,40619,40629,10
12.9170799255,80.1941070557,40629,40639,10
12.9169902802,80.1935882568,40639,40649,10
12.9170598984,80.1928329468,40649,40659,10
12.917140007,80.1922607422,40659,40669,10
12.9172000885,80.1917419434,40669,40679,10
12.9172496796,80.1913223267,40679,40700,21
12.9172496796,80.1913223267,40700,40710,10
12.9172697067,80.1912384033,40710,40720,10
12.9173297882,80.19090271,40720,40730,10
12.9173803329,80.1902694702,40730,40740,10
12.9175596237,80.189491272,40740,40750,10
12.9180202484,80.1886825562,40750,40760,10
12.918419838,80.1882095337,40760,40770,10
12.9184503555,80.1881790161,40770,40780,10
12.9185695648,80.1880569458,40780,40791,11
12.9190301895,80.1875762939,40791,40801,10
12.9196500778,80.1869125366,40801,40811,10
12.9203596115,80.1860809326,40811,40821,10
12.9205503464,80.1850891113,40821,40831,10
12.9202899933,80.1841506958,40831,40841,10
12.9201002121,80.1833190918,40841,40851,10
12.9199399948,80.1826782227,40851,40860,9
12.9199304581,80.1826171875,40860,40871,11
12.9199104309,80.1825332642,40871,40882,11
12.9198503494,80.1821517944,40882,40892,10
12.9196996689,80.1815032959,40892,40902,10
12.9195203781,80.1806869507,40902,40912,10
12.9193096161,80.1797332764,40912,40922,10
12.9188699722,80.1789779663,40922,40932,10
12.9187498093,80.1788024902,40932,40942,10
12.9187202454,80.1787490845,40942,40952,10
12.9184703827,80.1784210205,40952,40962,10
12.9181699753,80.1778411865,40962,40972,10
12.9182596207,80.177116394,40972,40983,11
12.9183797836,80.1764297485,40983,40993,10
12.9183998108,80.1763381958,40993,41003,10
12.9184799194,80.1759567261,41003,41013,10
12.9186697006,80.1753463745,41013,41023,10
12.9188404083,80.1745834351,41023,41033,10
12.9190797806,80.1736221313,41033,41043,10
12.9193601608,80.1726074219,41043,41053,10
12.9195995331,80.1716995239,41053,41062,9
12.9197597504,80.171081543,41062,41073,11
12.919839859,80.1708374023,41073,41084,11
12.9199895859,80.1703567505,41084,41094,10
12.9201898575,80.1697006226,41094,41104,10
12.9204397202,80.1689071655,41104,41114,10
12.9207000732,80.1680908203,41114,41124,10
12.9209699631,80.1671600342,41124,41144,20
12.9209699631,80.1671600342,41144,41154,10
12.921090126,80.1668395996,41154,41164,10
12.9212799072,80.1662597656,41164,41175,11
12.9215602875,80.1654205322,41175,41184,9
12.9218397141,80.1646118164,41184,41195,11
12.9220695496,80.1637496948,41195,41205,10
12.9221696854,80.1634368896,41205,41215,10
12.9223203659,80.1629714966,41215,41225,10
12.922539711,80.162322998,41225,41235,10
12.9227695465,80.1615982056,41235,41245,10
12.9230098724,80.1608581543,41245,41255,10
12.923119545,80.1604309082,41255,41265,10
12.9231395721,80.1603927612,41265,41276,11
12.9232597351,80.1600189209,41276,41286,10
12.9233398438,80.1593780518,41286,41296,10
12.9234399796,80.1585388184,41296,41306,10
12.9235296249,80.1575775146,41306,41316,10
12.9235897064,80.1567764282,41316,41326,10
12.9236402512,80.156288147,41326,41335,9
12.9235801697,80.1556625366,41335,41346,11
12.9233598709,80.1549835205,41346,41367,21
12.9233598709,80.1549835205,41367,41377,10
12.9233398438,80.1547393799,41377,41387,10
12.9232501984,80.1543502808,41387,41397,10
12.9231004715,80.1537017822,41397,41407,10
12.9229001999,80.152923584,41407,41417,10
12.9227199554,80.1522598267,41417,41437,20
12.9227199554,80.1522598267,41437,41447,10
12.9226999283,80.1521911621,41447,41457,10
12.9226703644,80.1517562866,41457,41468,11
12.922659874,80.1510162354,41468,41478,10
12.9226303101,80.1501617432,41478,41488,10
12.9225997925,80.1491775513,41488,41498,10
12.9225702286,80.1483078003,41498,41508,10
12.9225597382,80.1474914551,41508,41524,16
12.922539711,80.1469192505,41524,41536,12
12.922539711,80.1468276978,41536,41544,8
12.9225301743,80.1464996338,41544,41556,12
12.9225196838,80.145690918,41556,41567,11
12.9224996567,80.1447296143,41567,41577,10
12.9224796295,80.1437606812,41577,41587,10
12.9224395752,80.1428070068,41587,41596,9
12.9224004745,80.1423416138,41596,41607,11
12.9223899841,80.1419219971,41607,41617,10
12.9223804474,80.1415481567,41617,41627,10
12.922369957,80.1415176392,41627,41637,10
12.922369957,80.1413803101,41637,41647,10
12.922369957,80.1409988403,41647,41656,9
12.9223604202,80.1405563354,41656,41667,11
12.9223604202,80.1399230957,41667,41678,11
12.9223604202,80.1391220093,41678,41688,10
12.922369957,80.1387634277,41688,41698,10
12.9224004745,80.1385269165,41698,41708,10
12.9224100113,80.1384506226,41708,41718,10
12.9224395752,80.1382598877,41718,41728,10
12.9224596024,80.1377105713,41728,41738,10
12.9224796295,80.1370162964,41738,41748,10
12.9225196838,80.1362228394,41748,41759,11
12.9225597382,80.1352386475,41759,41769,10
12.9225797653,80.1344833374,41769,41779,10
12.9226303101,80.1335525513,41779,41789,10
12.9226303101,80.1329574585,41789,41799,10
12.9226303101,80.1328811646,41799,41809,10
12.922659874,80.1325683594,41809,41819,10
12.9226703644,80.1320800781,41819,41828,9
12.9226903915,80.1314620972,41828,41839,11
12.9226999283,80.1312637329,41839,41849,10
12.9227104187,80.1311798096,41849,41860,11
12.9227399826,80.1309585571,41860,41870,10
12.9227399826,80.1305389404,41870,41880,10
12.9227800369,80.1298980713,41880,41890,10
12.922829628,80.1292037964,41890,41900,10
12.9228601456,80.1284484863,41900,41910,10
12.9228801727,80.1277236938,41910,41920,10
12.9228801727,80.1269226074,41920,41930,10
12.9228696823,80.1261520386,41930,41940,10
12.9228801727,80.1259002686,41940,41950,10
12.9229297638,80.1258468628,41950,41961,11
12.9229602814,80.1254882813,41961,41971,10
12.9229803085,80.1249313354,41971,41981,10
12.9230203629,80.1242370605,41981,41991,10
12.9230499268,80.1234664917,41991,42001,10
12.9230804443,80.1225585938,42001,42011,10
12.923119545,80.1216201782,42011,42021,10
12.9231901169,80.1206436157,42021,42062,41
12.9231901169,80.1206436157,42062,42072,10
12.9232702255,80.1204833984,42072,42082,10
12.9233102798,80.1200180054,42082,42092,10
12.9233703613,80.1192626953,42092,42102,10
12.92345047,80.118309021,42102,42112,10
12.9236297607,80.1174621582,42112,42122,10
12.9238195419,80.1166305542,42122,42132,10
12.9240198135,80.1158218384,42132,42142,10
12.9240598679,80.115447998,42142,42153,11
12.9239597321,80.1150970459,42153,42163,10
12.9241199493,80.1150283813,42163,42173,10
12.9244699478,80.1153106689,42173,42183,10
12.9249000549,80.1157836914,42183,42193,10
12.9254598618,80.1163482666,42193,42203,10
12.9259901047,80.1169204712,42203,42213,10
12.9262504578,80.1173171997,42213,42223,10
12.9263896942,80.1174926758,42223,42233,10
12.9265699387,80.1176681519,42233,42243,10
12.9267196655,80.1178131104,42243,42353,110
12.9267196655,80.1178131104,42353,42363,10
12.9270200729,80.1180496216,42363,42403,40
12.9270200729,80.1180496216,42403,42413,10
12.9272098541,80.1182022095,42413,42444,31
12.9272098541,80.1182022095,42444,42454,10
12.927280426,80.1184310913,42454,42464,10
12.9275302887,80.1186599731,42464,42474,10
12.9278898239,80.1190338135,42474,42483,9
12.9282999039,80.1194229126,42483,42494,11
12.9286603928,80.1197967529,42494,42504,10
12.9288396835,80.1199874878,42504,42514,10
12.9289798737,80.1200866699,42514,42888,374
12.9289798737,80.1200866699,42888,42898,10
12.929189682,80.1204605103,42898,42908,10
12.9294595718,80.1206893921,42908,42918,10
12.9296798706,80.12084198,42918,42929,11
12.9298095703,80.1209335327,42929,42939,10
12.9300098419,80.121131897,42939,42949,10
12.930390358,80.1214981079,42949,42959,10
12.9309396744,80.1220397949,42959,42969,10
12.9316196442,80.1226425171,42969,43050,81
12.9316196442,80.1226425171,43050,43060,10
12.9315700531,80.1228790283,43060,43070,10
12.9312000275,80.1225128174,43070,43080,10
12.9306697845,80.1219711304,43080,43090,10
12.9299898148,80.121307373,43090,43100,10
12.929189682,80.1204910278,43100,43110,10
12.9283800125,80.119682312,43110,43120,10
12.927479744,80.118812561,43120,43141,21
12.927479744,80.118812561,43141,43151,10
12.9274501801,80.1187973022,43151,43161,10
12.9273300171,80.1186065674,43161,43171,10
12.9270896912,80.1183624268,43171,43180,9
12.9269104004,80.1181716919,43180,43191,11
12.9267501831,80.1179962158,43191,43201,10
12.9263496399,80.1176071167,43201,43211,10
12.9259395599,80.1173324585,43211,43222,11
12.9253902435,80.1168212891,43222,43232,10
12.9249095917,80.1163406372,43232,43242,10
12.9245300293,80.1159820557,43242,43252,10
12.9243402481,80.1157989502,43252,43262,10
12.9241800308,80.1157302856,43262,43272,10
12.9239597321,80.1161270142,43272,43282,10
12.923789978,80.1168518066,43282,43292,10
12.9235601425,80.1177978516,43292,43302,10
12.9233999252,80.1188964844,43302,43312,10
12.9233398438,80.1202316284,43312,43333,21
12.9233398438,80.1202316284,43333,43343,10
12.9233398438,80.1203384399,43343,43353,10
12.9232797623,80.1206207275,43353,43363,10
12.9232597351,80.1210021973,43363,43383,20
12.9232597351,80.1210021973,43383,43393,10
12.9232196808,80.1211395264,43393,43403,10
12.9231996536,80.1214523315,43403,43413,10
12.9231700897,80.1220016479,43413,43424,11
12.9231395721,80.1228103638,43424,43434,10
12.9231004715,80.1237106323,43434,43444,10
12.9230499268,80.1245880127,43444,43454,10
12.92304039,80.125289917,43454,43464,10
12.9230298996,80.125579834,43464,43474,10
12.9229898453,80.1258392334,43474,43484,10
12.9229803085,80.1262588501,43484,43494,10
12.9229602814,80.1269683838,43494,43504,10
12.9229297638,80.1276016235,43504,43515,11
12.9229001999,80.1282501221,43515,43525,10
12.9228601456,80.1287994385,43525,43535,10
12.9228200912,80.1294174194,43535,43545,10
12.9228000641,80.130027771,43545,43555,10
12.9228000641,80.1306991577,43555,43565,10
12.9228000641,80.1312484741,43565,43575,10
12.9227895737,80.1312713623,43575,43585,10
12.9227695465,80.1315612793,43585,43595,10
12.922750473,80.1321411133,43595,43605,10
12.9226999283,80.1329421997,43605,43616,11
12.922659874,80.1342391968,43616,43636,20
12.922659874,80.1342391968,43636,43646,10
12.9226503372,80.1344985962,43646,43656,10
12.9225902557,80.1350479126,43656,43666,10
12.9225597382,80.1358032227,43666,43676,10
12.9224996567,80.1366577148,43676,43686,10
12.9224796295,80.1375579834,43686,43696,10
12.9224500656,80.138420105,43696,43706,10
12.9224395752,80.1386184692,43706,43717,11
12.9224004745,80.1388015747,43717,43727,10
12.9223899841,80.1393432617,43727,43737,10
12.9224004745,80.1401367188,43737,43747,10
12.9224100113,80.1409835815,43747,43757,10
12.9224300385,80.1419677734,43757,43766,9
12.9224596024,80.1424331665,43766,43777,11
12.9224796295,80.1426391602,43777,43787,10
12.9225101471,80.1433410645,43787,43808,21
12.922539711,80.1434936523,43808,43828,20
12.922539711,80.1434936523,43828,43838,10
12.922539711,80.1436080933,43838,43848,10
12.9225101471,80.1439819336,43848,43858,10
12.9224996567,80.1445922852,43858,43868,10
12.9225301743,80.1454315186,43868,43878,10
12.9225702286,80.1462631226,43878,43888,10
12.9226303101,80.147277832,43888,43908,20
12.9226303101,80.147277832,43908,43919,11
12.9226102829,80.1476974487,43919,43929,10
12.9225797653,80.1483764648,43929,43939,10
12.9226398468,80.1492462158,43939,43949,10
12.922659874,80.1501464844,43949,43959,10
12.9226903915,80.1510620117,43959,43969,10
12.9227304459,80.1517791748,43969,43979,10
12.9227600098,80.1521224976,43979,43989,10
12.9227895737,80.1521987915,43989,43999,10
12.9228801727,80.1526031494,43999,44010,11
12.9230499268,80.1533126831,44010,44020,10
12.9231996536,80.1539230347,44020,44030,10
12.9233503342,80.1544570923,44030,44040,10
12.9234199524,80.1546707153,44040,44050,10
12.92345047,80.1548233032,44050,44060,10
12.9235601425,80.1553573608,44060,44070,10
12.9237003326,80.1561584473,44070,44080,10
12.923620224,80.1571731567,44080,44090,10
12.9235200882,80.158241272,44090,44101,11
12.9234199524,80.1594161987,44101,44111,10
12.923330307,80.1602020264,44111,44121,10
12.9232997894,80.1603393555,44121,44131,10
12.9232597351,80.1604309082,44131,44141,10
12.923119545,80.1608734131,44141,44151,10
12.9229402542,80.1614837646,44151,44161,10
12.9226903915,80.1622390747,44161,44171,10
12.922369957,80.1632080078,44171,44181,10
12.9221200943,80.1640625,44181,44191,10
12.9220695496,80.1642303467,44191,44202,11
12.9219303131,80.1645812988,44202,44212,10
12.9216899872,80.1652832031,44212,44222,10
12.9214200974,80.1661911011,44222,44232,10
12.9211101532,80.1671218872,44232,44242,10
12.9208803177,80.1679229736,44242,44252,10
12.9207897186,80.1681518555,44252,44262,10
12.9207201004,80.1683425903,44262,44272,10
12.920539856,80.168838501,44272,44282,10
12.9203500748,80.1694564819,44282,44293,11
12.9200401306,80.1705093384,44293,44303,10
12.9198999405,80.1709594727,44303,44313,10
12.9198598862,80.171043396,44313,44323,10
12.9197998047,80.1712265015,44323,44333,10
12.919670105,80.1716918945,44333,44343,10
12.919500351,80.1724014282,44343,44353,10
12.9192495346,80.1732635498,44353,44363,10
12.9189796448,80.174331665,44363,44373,10
12.9187297821,80.1754226685,44373,44383,10
12.9184799194,80.1763916016,44383,44394,11
12.918419838,80.1766967773,44394,44404,10
12.9183702469,80.1768798828,44404,44414,10
12.9182796478,80.1775131226,44414,44424,10
12.9185400009,80.1783676147,44424,44434,10
12.9190998077,80.1791000366,44434,44444,10
12.9191799164,80.1792221069,44444,44454,10
12.9193601608,80.1795883179,44454,44464,10
12.9195203781,80.1803207397,44464,44474,10
12.9197301865,80.181312561,44474,44484,10
12.9199800491,80.1824035645,44484,44495,11
12.9202003479,80.1833572388,44495,44505,10
12.9203500748,80.1838989258,44505,44525,20
12.9203500748,80.1838989258,44525,44535,10
12.9203596115,80.1839599609,44535,44545,10
12.9204101563,80.1843566895,44545,44555,10
12.9206199646,80.185256958,44555,44575,20
12.9206199646,80.185256958,44575,44585,10
12.9206495285,80.1854019165,44585,44596,11
12.920630455,80.185798645,44596,44606,10
12.9202804565,80.1863098145,44606,44616,10
12.9197702408,80.186882019,44616,44626,10
12.9191999435,80.1875228882,44626,44636,10
12.9188203812,80.1879806519,44636,44646,10
12.9185695648,80.1882171631,44646,44656,10
12.9184799194,80.188293457,44656,44666,10
12.9182100296,80.188621521,44666,44676,10
12.9177999496,80.189163208,44676,44687,11
12.9175195694,80.1900024414,44687,44696,9
12.9174098969,80.1905288696,44696,44707,11
12.9173603058,80.191116333,44707,44717,10
12.9173002243,80.1917037964,44717,44727,10
12.9172201157,80.1923370361,44727,44737,10
12.9171304703,80.1931228638,44737,44767,30
12.9171304703,80.1931228638,44767,44777,10
12.9170598984,80.1933898926,44777,44788,11
12.9170999527,80.1939468384,44788,44798,10
12.9174098969,80.1945266724,44798,44808,10
12.9179496765,80.1950378418,44808,44818,10
12.9185495377,80.195602417,44818,44828,10
12.9191198349,80.1960983276,44828,44838,10
12.9197597504,80.1964569092,44838,44847,9
12.9203500748,80.1966629028,44847,44858,11
12.9205598831,80.1967391968,44858,44867,9
12.9205799103,80.1967468262,44867,44878,11
12.9209098816,80.1968383789,44878,44889,11
12.9210300446,80.1968765259,44889,44899,10
12.921500206,80.1970596313,44899,44909,10
12.9222002029,80.1972732544,44909,44919,10
12.9229602814,80.1973724365,44919,44929,10
12.9231300354,80.1973800659,44929,44939,10
12.9232501984,80.1974029541,44939,44949,10
12.9234800339,80.1974334717,44949,44959,10
12.9238796234,80.1974716187,44959,44969,10
12.9245300293,80.1974716187,44969,44980,11
12.9252195358,80.1974563599,44980,44990,10
12.9254798889,80.1974716187,44990,45000,10
12.9260702133,80.1974868774,45000,45010,10
12.9263801575,80.1975402832,45010,45020,10
12.9264497757,80.1975784302,45020,45030,10
12.9267501831,80.1976928711,45030,45040,10
12.9272603989,80.1979675293,45040,45050,10
12.9277601242,80.1984634399,45050,45060,10
12.928150177,80.1991882324,45060,45070,10
12.9284296036,80.2000579834,45070,45081,11
12.9284896851,80.2010116577,45081,45091,10
12.9285202026,80.201789856,45091,45101,10
12.9286603928,80.2025527954,45101,45111,10
12.9295101166,80.2027206421,45111,45131,20
12.9295101166,80.2027206421,45131,45141,10
12.9297304153,80.2027816772,45141,45151,10
12.9302396774,80.2028579712,45151,45161,10
12.9308595657,80.2029800415,45161,45171,10
12.9315595627,80.2031936646,45171,45181,10
12.9322500229,80.2034072876,45181,45192,11
12.9329004288,80.2036209106,45192,45202,10
12.9331998825,80.2037582397,45202,45212,10
12.9335803986,80.2038726807,45212,45222,10
12.9339799881,80.2039031982,45222,45242,20
12.9339799881,80.2039031982,45242,45252,10
12.934220314,80.2039413452,45252,45262,10
12.9347696304,80.2039871216,45262,45273,11
12.935549736,80.2042922974,45273,45283,10
12.9364004135,80.2045593262,45283,45293,10
12.9372701645,80.2048187256,45293,45303,10
12.938170433,80.2050704956,45303,45313,10
12.9389200211,80.205291748,45313,45323,10
12.939740181,80.2055435181,45323,45333,10
12.9400396347,80.205619812,45333,45343,10
12.9400701523,80.2056427002,45343,45353,10
12.9404802322,80.2057571411,45353,45363,10
12.9411201477,80.2060089111,45363,45374,11
12.9419498444,80.2065429688,45374,45384,10
12.9426202774,80.2070999146,45384,45394,10
12.9431495667,80.2077865601,45394,45404,10
12.9438896179,80.208190918,45404,45414,10
12.9443798065,80.2083587646,45414,45424,10
12.9444599152,80.2083969116,45424,45434,10
12.9445400238,80.2084274292,45434,45444,10
12.9449596405,80.2085800171,45444,45454,10
12.9456501007,80.2088012695,45454,45464,10
12.9464197159,80.2090606689,45464,45475,11
12.9472503662,80.2093734741,45475,45485,10
12.9481201172,80.2096633911,45485,45495,10
12.9484796524,80.2097702026,45495,45505,10
12.9489603043,80.2099227905,45505,45524,19
12.9489603043,80.2099227905,45524,45535,11
12.9490404129,80.2099227905,45535,45545,10
12.9494800568,80.2100906372,45545,45555,10
12.9502401352,80.2104034424,45555,45566,11
12.9511899948,80.2108306885,45566,45576,10
12.9519796371,80.2112426758,45576,45586,10
12.9528598785,80.2116012573,45586,45596,10
12.9537401199,80.2119598389,45596,45616,20
12.9537401199,80.2119598389,45616,45626,10
12.9539403915,80.212059021,45626,45636,10
12.9544801712,80.2122802734,45636,45646,10
12.9552297592,80.2125930786,45646,45656,10
12.9560403824,80.2129135132,45656,45667,11
12.9569997787,80.2132797241,45667,45677,10
12.9580202103,80.2136993408,45677,45687,10
12.9590501785,80.2141189575,45687,45697,10
12.9600496292,80.2145385742,45697,45707,10
12.9610595703,80.2149429321,45707,45717,10
12.9618797302,80.2152633667,45717,45727,10
12.9628400803,80.2156524658,45727,45737,10
12.9633798599,80.2158279419,45737,45747,10
12.9638395309,80.2160110474,45747,45757,10
12.9642400742,80.2161636353,45757,45768,11
12.9642496109,80.2161636353,45768,45778,10
12.9644498825,80.2162780762,45778,45788,10
12.964969635,80.2165222168,45788,45798,10
12.9656400681,80.2167892456,45798,45808,10
12.9662599564,80.2170410156,45808,45818,10
12.9668798447,80.2172927856,45818,45828,10
12.9674797058,80.2175369263,45828,45838,10
12.9680500031,80.2177810669,45838,45848,10
12.9688396454,80.2180862427,45848,45859,11
12.9698801041,80.21849823,45859,45869,10
12.9708204269,80.2188568115,45869,45879,10
12.9712600708,80.21900177,45879,45899,20
12.9712600708,80.21900177,45899,45909,10
12.9715595245,80.2191390991,45909,45919,10
12.9721002579,80.219367981,45919,45929,10
12.9728002548,80.2196426392,45929,45939,10
12.9736003876,80.2199478149,45939,45949,10
12.9742898941,80.2202224731,45949,45960,11
12.9749202728,80.2204971313,45960,45990,30
12.9749202728,80.2204971313,45990,46000,10
12.9753398895,80.220703125,46000,46010,10
12.9756002426,80.2208709717,46010,46020,10
12.9759397507,80.2211303711,46020,47687,1667
12.9759397507,80.2211303711,47687,47697,10
12.9755401611,80.2210235596,47697,47748,51
12.9755401611,80.2210235596,47748,47758,10
12.9752998352,80.220741272,47758,47768,10
12.9749202728,80.2205886841,47768,47778,10
12.9743900299,80.2203598022,47778,47788,10
12.9738101959,80.2201309204,47788,47798,10
12.9731397629,80.2198562622,47798,47809,11
12.9722795486,80.219543457,47809,47819,10
12.9716396332,80.2193222046,47819,47829,10
12.9710197449,80.2191390991,47829,47849,20
12.9710197449,80.2191390991,47849,47859,10
12.9709396362,80.219078064,47859,47869,10
12.970749855,80.2190093994,47869,47900,31
12.970749855,80.2190093994,47900,47910,10
12.9705896378,80.2189025879,47910,47920,10
12.9702796936,80.2187271118,47920,47930,10
12.9697599411,80.218536377,47930,47940,10
12.9691400528,80.2182998657,47940,47950,10
12.9686002731,80.2181015015,47950,47960,10
12.9680700302,80.2179031372,47960,47970,10
12.9675798416,80.2177124023,47970,47980,10
12.9670495987,80.2174987793,47980,47990,10
12.9664001465,80.2172393799,47990,48001,11
12.9656000137,80.2169189453,48001,48011,10
12.9648399353,80.2166213989,48011,48021,10
12.9640798569,80.2163009644,48021,48031,10
12.9634504318,80.216003418,48031,48041,10
12.9630098343,80.2158203125,48041,48051,10
12.9629602432,80.2157974243,48051,48061,10
12.9626398087,80.2156677246,48061,48071,10
12.9620599747,80.215461731,48071,48081,10
12.9613704681,80.2151870728,48081,48097,16
12.9600296021,80.2146530151,48097,48110,13
12.9589700699,80.2142181396,48110,48118,8
12.9582004547,80.2139129639,48118,48129,11
12.9570903778,80.2134628296,48129,48140,11
12.9560203552,80.2130508423,48140,48150,10
12.9550600052,80.212677002,48150,48159,9
12.9538297653,80.2121963501,48159,48180,21
12.9538297653,80.2121963501,48180,48191,11
12.9534702301,80.2120437622,48191,48201,10
12.9528398514,80.2118225098,48201,48211,10
12.9520196915,80.2115020752,48211,48221,10
12.9511003494,80.2111663818,48221,48231,10
12.9501104355,80.2108078003,48231,48241,10
12.9491796494,80.2104568481,48241,48251,10
12.9485702515,80.2102203369,48251,48261,10
12.9485197067,80.2102127075,48261,48271,10
12.9482603073,80.2101287842,48271,48281,10
12.9476299286,80.2098999023,48281,48292,11
12.9467000961,80.2095184326,48292,48302,10
12.9457998276,80.2091522217,48302,48312,10
12.9449300766,80.2087020874,48312,48322,10
12.944270134,80.208442688,48322,48332,10
12.9441900253,80.2084121704,48332,48342,10
12.9438400269,80.2082366943,48342,48352,10
12.9432601929,80.2079620361,48352,48362,10
12.9427700043,80.2074432373,48362,48372,10
12.9422998428,80.2069091797,48372,48382,10
12.941619873,80.2063598633,48382,48393,11
12.9410495758,80.2060394287,48393,48403,10
12.9410104752,80.2060089111,48403,48413,10
12.9406795502,80.205871582,48413,48423,10
12.940079689,80.2056808472,48423,48433,10
12.9393396378,80.2054595947,48433,48443,10
12.9385004044,80.2052001953,48443,48453,10
12.9375801086,80.2049331665,48453,48463,10
12.9367904663,80.2046966553,48463,48473,10
12.9364404678,80.2046127319,48473,48484,11
12.9359903336,80.2044830322,48484,48494,10
12.9354896545,80.2043075562,48494,48504,10
12.9349098206,80.2040481567,48504,48514,10
12.9338197708,80.2039489746,48514,48534,20
12.9338197708,80.2039489746,48534,48544,10
12.9336700439,80.2039337158,48544,48554,10
12.9333000183,80.2038726807,48554,48564,10
12.9328203201,80.203666687,48564,48574,10
12.9321403503,80.2034301758,48574,48585,11
12.9313097,80.2031478882,48585,48597,12
12.9310302734,80.2030563354,48597,48607,10
12.9306001663,80.2029418945,48607,48617,10
12.9300498962,80.2028579712,48617,48627,10
12.929599762,80.2028121948,48627,48636,9
12.9295701981,80.2028121948,48636,48646,10
12.9294395447,80.2028121948,48646,48657,11
12.9289903641,80.2027511597,48657,48667,10
12.9285097122,80.2024993896,48667,48678,11
12.9284696579,80.201751709,48678,48688,10
12.928440094,80.2009124756,48688,48698,10
12.9283704758,80.1999893188,48698,48708,10
12.9280796051,80.1991424561,48708,48718,10
12.9275999069,80.1983032227,48718,48728,10
12.9267997742,80.1977462769,48728,48738,10
12.9263496399,80.1976165771,48738,48758,20
12.9263496399,80.1976165771,48758,48768,10
12.9261598587,80.197593689,48768,48779,11
12.925740242,80.1975402832,48779,48789,10
12.9254703522,80.1975479126,48789,48799,10
12.925160408,80.1975326538,48799,48809,10
12.9245796204,80.197517395,48809,48819,10
12.9239196777,80.197517395,48819,48829,10
12.9232797623,80.197479248,48829,48839,10
12.9226999283,80.1973876953,48839,48849,10
12.9221801758,80.1973419189,48849,48859,10
12.9221096039,80.1973190308,48859,48870,11
12.9217300415,80.1971969604,48870,48880,10
12.9212198257,80.1970291138,48880,48890,10
12.921090126,80.1969833374,48890,48900,10
12.9210395813,80.1969604492,48900,48910,10
12.9207296371,80.1968383789,48910,48920,10
12.9202203751,80.1966629028,48920,48930,10
12.9196195602,80.1964416504,48930,48940,10
12.9190502167,80.1960601807,48940,48950,10
12.9185199738,80.1955871582,48950,48960,10
12.918009758,80.1951293945,48960,48971,11
12.9174203873,80.1945877075,48971,48981,10
12.9170799255,80.1941375732,48981,48991,10
12.916970253,80.1936187744,48991,49001,10
12.9170198441,80.1929016113,49001,49011,10
12.9171199799,80.1922683716,49011,49021,10
12.9172401428,80.1913833618,49021,49041,20
12.9172401428,80.1913833618,49041,49051,10
12.91726017,80.1913299561,49051,49061,10
12.917309761,80.1909713745,49061,49072,11
12.9173603058,80.1902694702,49072,49082,10
12.9175395966,80.1894989014,49082,49092,10
12.9180002213,80.1886825562,49092,49102,10
12.9184303284,80.1881713867,49102,49112,10
12.9184503555,80.1881484985,49112,49122,10
12.9185495377,80.1880187988,49122,49132,10
12.9188804626,80.1876983643,49132,49142,10
12.9194002151,80.1871109009,49142,49152,10
12.9200496674,80.186378479,49152,49163,11
12.9205799103,80.1854171753,49163,49173,10
12.9203596115,80.1844406128,49173,49183,10
12.9201402664,80.1834106445,49183,49193,10
12.9199199677,80.1825485229,49193,49213,20
12.9199199677,80.1825485229,49213,49223,10
12.9198799133,80.1824035645,49223,49233,10
12.9197702408,80.1819076538,49233,49243,10
12.9196100235,80.1811981201,49243,49253,10
12.9194297791,80.1803436279,49253,49264,11
12.9191102982,80.1793136597,49264,49280,16
12.9187002182,80.1787414551,49280,49292,12
12.9184999466,80.1784820557,49292,49300,8
12.9182500839,80.1781082153,49300,49312,12
12.9182300568,80.1772079468,49312,49322,10
12.9183397293,80.1765899658,49322,49332,10
12.9184703827,80.1759872437,49332,49342,10
12.9186601639,80.1752624512,49342,49352,10
12.9188499451,80.1744689941,49352,49363,11
12.9191303253,80.1733932495,49363,49372,9
12.919380188,80.1724319458,49372,49383,11
12.919670105,80.1713867188,49383,49393,10
12.9198503494,80.1707611084,49393,49412,19
12.9198503494,80.1707611084,49412,49423,11
12.9198799133,80.1706695557,49423,49433,10
12.920009613,80.1703033447,49433,49443,10
12.9202098846,80.1696777344,49443,49453,10
12.9204502106,80.1689224243,49453,49464,11
12.9207601547,80.1679229736,49464,49474,10
12.9209804535,80.167098999,49474,49494,20
12.9209804535,80.167098999,49494,49504,10
12.9210596085,80.1668624878,49504,49514,10
12.9212503433,80.166343689,49514,49524,10
12.921500206,80.1656494141,49524,49534,10
12.9217596054,80.1648635864,49534,49544,10
12.9221000671,80.1636428833,49544,49565,21
12.9221000671,80.1636428833,49565,49575,10
12.9221200943,80.1635818481,49575,49585,10
12.9222297668,80.1632614136,49585,49595,10
12.9223899841,80.1627578735,49595,49605,10
12.9225997925,80.1621170044,49605,49615,10
12.922829628,80.1614303589,49615,49625,10
12.9230499268,80.1607437134,49625,49635,10
12.9231100082,80.1605224609,49635,49645,10
12.9231300354,80.1604690552,49645,49656,11
12.9232501984,80.1600799561,49656,49666,10
12.9233398438,80.1594161987,49666,49676,10
12.9234199524,80.1586227417,49676,49686,10
12.9235200882,80.1576919556,49686,49696,10
12.9236001968,80.1568222046,49696,49706,10
12.9236402512,80.1559829712,49706,49716,10
12.9233503342,80.154838562,49716,49736,20
12.9233503342,80.154838562,49736,49746,10
12.9233503342,80.1548309326,49746,49757,11
12.9232797623,80.1544876099,49757,49767,10
12.9231395721,80.153968811,49767,49777,10
12.9229898453,80.1532897949,49777,49787,10
12.9227800369,80.1525497437,49787,49797,10
12.9226799011,80.1520767212,49797,49837,40
12.9226799011,80.1520767212,49837,49848,11
12.9226903915,80.1516723633,49848,49858,10
12.9226799011,80.1511230469,49858,49868,10
12.9226503372,80.1503601074,49868,49878,10
12.9226102829,80.1494216919,49878,49888,10
12.9225597382,80.1484222412,49888,49898,10
12.922539711,80.1475372314,49898,49908,10
12.9225196838,80.1468200684,49908,49928,20
12.9225196838,80.1468200684,49928,49938,10
12.9225196838,80.1465530396,49938,49949,11
12.9225196838,80.1459732056,49949,49959,10
12.9224796295,80.1452636719,49959,49969,10
12.9224500656,80.144493103,49969,49979,10
12.9224004745,80.1433792114,49979,50039,60
12.9224004745,80.1433792114,50039,50050,11
12.9224100113,80.1431808472,50050,50060,10
12.9223899841,80.1427612305,50060,50070,10
12.9223804474,80.1423187256,50070,50080,10
12.9223604202,80.1418075562,50080,50090,10
12.9223499298,80.1415100098,50090,50100,10
12.9223499298,80.1414337158,50100,50110,10
12.9223403931,80.1414108276,50110,50120,10
12.9223403931,80.1411209106,50120,50130,10
12.9223403931,80.1406021118,50130,50141,11
12.9223299026,80.1398696899,50141,50151,10
12.9223299026,80.1390991211,50151,50161,10
12.922369957,80.1384963989,50161,50171,10
12.922369957,80.138458252,50171,50181,10
12.9224004745,80.1381072998,50181,50191,10
12.922419548,80.1374893188,50191,50201,10
12.9224596024,80.1367111206,50201,50211,10
12.9224996567,80.1358032227,50211,50221,10
12.9225301743,80.1349411011,50221,50231,10
12.9225702286,80.1341400146,50231,50242,11
12.9225997925,80.1332168579,50242,50252,10
12.9225997925,80.1327133179,50252,50262,10
12.9225997925,80.1326599121,50262,50272,10
12.9226303101,80.132598877,50272,50282,10
12.9226398468,80.132232666,50282,50292,10
12.922659874,80.1316604614,50292,50302,10
12.9226799011,80.1312484741,50302,50322,20
12.9226799011,80.1312484741,50322,50332,10
12.9226999283,80.1309814453,50332,50343,11
12.9227304459,80.1303787231,50343,50353,10
12.9227600098,80.1297988892,50353,50363,10
12.9228000641,80.1292190552,50363,50373,10
12.9228401184,80.1286392212,50373,50383,10
12.9228601456,80.1280288696,50383,50393,10
12.9228496552,80.1273498535,50393,50403,10
12.9228496552,80.1266708374,50403,50413,10
12.9228601456,80.1257476807,50413,50433,20
12.9228601456,80.1257476807,50433,50444,11
12.9229097366,80.1254119873,50444,50454,10
12.9229202271,80.124961853,50454,50464,10
12.922949791,80.124382019,50464,50474,10
12.9229698181,80.1236724854,50474,50484,10
12.9230003357,80.1228790283,50484,50494,10
12.9230499268,80.1219787598,50494,50504,10
12.9231300354,80.1206970215,50504,50545,41
12.9231300354,80.1206970215,50545,50555,10
12.9231901169,80.1206130981,50555,50565,10
12.9232301712,80.1202774048,50565,50575,10
12.9232902527,80.1195831299,50575,50585,10
12.923330307,80.1186981201,50585,50595,10
12.9234695435,80.1178588867,50595,50605,10
12.9236497879,80.117149353,50605,50615,10
12.9238004684,80.1165390015,50615,50625,10
12.9239597321,80.1158828735,50625,50636,11
12.9240503311,80.1155471802,50636,50646,10
12.9239196777,80.115272522,50646,50656,10
12.9240198135,80.1150588989,50656,50666,10
12.9242801666,80.1151199341,50666,50676,10
12.9245500565,80.1154327393,50676,50686,10
12.9249401093,80.115852356,50686,50696,10
12.9254703522,80.1163711548,50696,50706,10
12.9259500504,80.116859436,50706,50716,10
12.9262695313,80.1173171997,50716,50726,10
12.9265699387,80.1176300049,50726,50817,91
12.9265699387,80.1176300049,50817,50827,10
12.926609993,80.1176681519,50827,50838,11
12.9266796112,80.1177368164,50838,50848,10
12.9267702103,80.1178283691,50848,50858,10
12.9270801544,80.1181488037,50858,50868,10
12.927479744,80.118560791,50868,50878,10
12.9279603958,80.1190567017,50878,50888,10
12.9285402298,80.1196212769,50888,50898,10
12.9288797379,80.1199417114,50898,50908,10
12.9289999008,80.1200637817,50908,50918,10
12.9291801453,80.1202392578,50918,50929,11
12.9294300079,80.1204376221,50929,51110,181
12.9294300079,80.1204376221,51110,51120,10
12.9294900894,80.1204986572,51120,51131,11
12.9297199249,80.1207427979,51131,51141,10
12.9300699234,80.1210708618,51141,51151,10
12.9304199219,80.1214370728,51151,51161,10
12.9308204651,80.1218566895,51161,51171,10
12.9310998917,80.1221313477,51171,51181,10
12.9312200546,80.1222381592,51181,51201,20
12.9312200546,80.1222381592,51201,51211,10
12.9313602448,80.1223678589,51211,51222,11
12.9317798615,80.1228103638,51222,51252,30
12.9317798615,80.1228103638,51252,51262,10
12.9319095612,80.1227035522,51262,51272,10
12.9320402145,80.1222991943,51272,51282,10
12.9321899414,80.1219406128,51282,51291,9
12.932220459,80.1218566895,51291,51302,11
12.9323396683,80.1215896606,51302,51312,10
12.9323997498,80.1214370728,51312,51323,11
12.9327402115,80.1213531494,51323,51585,262
12.9327402115,80.1213531494,51585,51595,10
12.9329595566,80.1213531494,51595,51605,10
12.93309021,80.121421814,51605,51616,11
12.9331903458,80.1213531494,51616,51626,10
12.933139801,80.1212310791,51626,51646,20
12.933139801,80.1212310791,51646,51656,10
12.9330396652,80.1212692261,51656,51666,10
12.9329099655,80.1212615967,51666,51676,10
12.9326696396,80.1211395264,51676,51787,111
12.9324302673,80.1214599609,51787,51813,26
12.9324302673,80.1214599609,51813,51826,13
12.9323196411,80.1216583252,51826,51836,10
12.9322395325,80.1218109131,51836,51845,9
12.9321603775,80.1220397949,51845,51875,30
12.9321603775,80.1220397949,51875,51886,11
12.9319095612,80.1226501465,51886,51908,22
12.9319095612,80.1226501465,51908,51919,11
12.9318599701,80.1228103638,51919,51928,9
12.9318399429,80.1228637695,51928,51939,11
12.9316997528,80.1229400635,51939,51948,9
12.9315004349,80.1228713989,51948,51959,11
12.9312496185,80.1225509644,51959,51969,10
12.9308395386,80.1221008301,51969,51979,10
12.9302501678,80.1215591431,51979,51989,10
12.9294300079,80.1207962036,51989,52060,71
12.9294300079,80.1207962036,52060,52070,10
12.9293403625,80.1206665039,52070,52080,10
12.9289903641,80.1202774048,52080,52090,10
12.9284801483,80.119758606,52090,52100,10
12.9280004501,80.1192626953,52100,52111,11
12.9274501801,80.1187210083,52111,52131,20
12.9274501801,80.1187210083,52131,52141,10
12.9273700714,80.1185836792,52141,52161,20
12.9273700714,80.1185836792,52161,52171,10
12.9272699356,80.1184921265,52171,52181,10
12.9271402359,80.118347168,52181,52191,10
12.9270896912,80.1183013916,52191,52202,11
12.9267997742,80.1179733276,52202,52212,10
12.9263601303,80.1175689697,52212,52222,10
12.9262199402,80.1174697876,52222,52232,10
12.9258098602,80.1172103882,52232,52242,10
12.9252996445,80.1166992188,52242,52252,10
12.9247703552,80.1161804199,52252,52262,10
12.924369812,80.1157836914,52262,52272,10
12.9241695404,80.1156768799,52272,52282,10
12.9239597321,80.1161193848,52282,52292,10
12.9238004684,80.1168365479,52292,52303,11
12.9235696793,80.1178436279,52303,52313,10
12.9234304428,80.1188735962,52313,52323,10
12.9233598709,80.1198120117,52323,52333,10
12.9233598709,80.1203765869,52333,52343,10
12.9233503342,80.1206130981,52343,52353,10
12.9233398438,80.1206207275,52353,52369,16
12.9232501984,80.1208572388,52369,52381,12
12.9231796265,80.1212387085,52381,52390,9
12.9231700897,80.1218185425,52390,52400,10
12.9231395721,80.1226196289,52400,52412,12
12.923119545,80.123840332,52412,52422,10
12.9230604172,80.1248016357,52422,52432,10
12.92304039,80.1253433228,52432,52461,29
12.92304039,80.1253433228,52461,52471,10
12.9230298996,80.125579834,52471,52482,11
12.9229898453,80.1260223389,52482,52491,9
12.9229898453,80.1266174316,52491,52503,12
12.9229602814,80.1274871826,52503,52513,10
12.9229602814,80.1279983521,52513,52523,10
12.9229202271,80.1285018921,52523,52533,10
12.9228801727,80.1291427612,52533,52543,10
12.922829628,80.1298294067,52543,52553,10
12.9228000641,80.1305007935,52553,52563,10
12.9228401184,80.1310119629,52563,52573,10
12.9228096008,80.1311798096,52573,52583,10
12.9227600098,80.1316680908,52583,52594,11
12.9227304459,80.1324920654,52594,52604,10
12.9226999283,80.1333084106,52604,52614,10
12.922659874,80.1342468262,52614,52624,10
12.9225997925,80.1352462769,52624,52634,10
12.9225702286,80.1361465454,52634,52644,10
12.922539711,80.1369628906,52644,52654,10
12.9224901199,80.1377563477,52654,52664,10
12.9224596024,80.1384887695,52664,52674,10
12.9224100113,80.139289856,52674,52684,10
12.9224395752,80.1401519775,52684,52695,11
12.9224300385,80.1410598755,52695,52705,10
12.9224395752,80.141960144,52705,52715,10
12.9224996567,80.1426773071,52715,52765,50
12.9224996567,80.1426773071,52765,52775,10
12.9224796295,80.1430206299,52775,52785,10
12.9225196838,80.1435165405,52785,52796,11
12.9225196838,80.1436462402,52796,52806,10
12.9225196838,80.1441497803,52806,52816,10
12.922539711,80.1449127197,52816,52826,10
12.9225902557,80.145866394,52826,52836,10
12.9226198196,80.1467895508,52836,52846,10
12.9226303101,80.1473464966,52846,52856,10
12.9226303101,80.1478424072,52856,52866,10
12.9226198196,80.1485595703,52866,52876,10
12.922659874,80.149520874,52876,52886,10
12.9226903915,80.1505584717,52886,52897,11
12.9227199554,80.1517028809,52897,52907,10
12.9228897095,80.1527404785,52907,52917,10
12.9231595993,80.1537704468,52917,52927,10
12.9234104156,80.1546936035,52927,52947,20
12.9234104156,80.1546936035,52947,52963,16
12.9235496521,80.1553497314,52963,52975,12
12.9236803055,80.1563796997,52975,52985,10
12.9235801697,80.1574172974,52985,52995,10
12.9234895706,80.1584625244,52995,53007,12
12.9233798981,80.1597824097,53007,53017,10
12.9233102798,80.1603012085,53017,53027,10
12.9232797623,80.1604232788,53027,53037,10
12.923119545,80.1608581543,53037,53047,10
12.9228897095,80.161567688,53047,53057,10
12.9226198196,80.1623764038,53057,53067,10
12.9222698212,80.1634674072,53067,53077,10
12.9220399857,80.1642608643,53077,53088,11
12.9219799042,80.1644287109,53088,53098,10
12.9218101501,80.1649703979,53098,53108,10
12.9215402603,80.1657867432,53108,53118,10
12.921210289,80.166809082,53118,53128,10
12.9209098816,80.1678237915,53128,53138,10
12.9205799103,80.168762207,53138,53148,10
12.9202699661,80.1697692871,53148,53158,10
12.9199895859,80.1706466675,53158,53168,10
12.9199304581,80.1708908081,53168,53178,10
12.9197797775,80.1713180542,53178,53189,11
12.9195699692,80.17212677,53189,53199,10
12.9193096161,80.1730804443,53199,53209,10
12.9190502167,80.1741333008,53209,53219,10
12.9187898636,80.175239563,53219,53229,10
12.9185199738,80.1762924194,53229,53239,10
12.9184598923,80.1767120361,53239,53249,10
12.9183998108,80.1770019531,53249,53259,10
12.918299675,80.1777267456,53259,53269,10
12.918680191,80.1784973145,53269,53279,10
12.9191904068,80.1792221069,53279,53290,11
12.9194602966,80.1799163818,53290,53300,10
12.9196395874,80.1808395386,53300,53310,10
12.9198598862,80.1819000244,53310,53320,10
12.9200496674,80.1828536987,53320,53330,10
12.9202003479,80.1834716797,53330,53340,10
12.9202699661,80.1838378906,53340,53350,10
12.9204101563,80.1843795776,53350,53360,10
12.920539856,80.1849212646,53360,53370,10
12.920630455,80.185218811,53370,53381,11
12.920630455,80.185256958,53381,53391,10
12.9206495285,80.1856307983,53391,53401,10
12.9203596115,80.1861495972,53401,53411,10
12.9198598862,80.1867370605,53411,53421,10
12.919260025,80.1874237061,53421,53431,10
12.9186897278,80.1880874634,53431,53441,10
12.9180402756,80.1888275146,53441,53451,10
12.9175796509,80.1896820068,53451,53461,10
12.9174003601,80.1906433105,53461,53471,10
12.9172801971,80.1916122437,53471,53482,11
12.9171895981,80.1924209595,53482,53492,10
12.9171304703,80.1929779053,53492,53502,10
12.9171199799,80.1930999756,53502,53512,10
12.9170999527,80.1931991577,53512,53522,10
12.917090416,80.1937026978,53522,53532,10
12.9173002243,80.1943511963,53532,53542,10
12.9179096222,80.1949386597,53542,53552,10
12.9185600281,80.1955490112,53552,53562,10
12.9191904068,80.1960983276,53562,53572,10
12.9199399948,80.196472168,53572,53583,11
12.9205102921,80.1966781616,53583,53593,10
12.920800209,80.1967697144,53593,53603,10
12.9211597443,80.1968994141,53603,53621,18
12.9221200943,80.1972198486,53621,53633,12
12.9229698181,80.1973419189,53633,53643,10
12.9231395721,80.1973724365,53643,53652,9
12.9232397079,80.1974029541,53652,53663,11
12.9237203598,80.1974563599,53663,53673,10
12.9244298935,80.1974563599,53673,53684,11
12.9251098633,80.1974487305,53684,53694,10
12.9252996445,80.1974487305,53694,53703,9
12.9256801605,80.1974563599,53703,53714,11
12.9263296127,80.197517395,53714,53724,10
12.9264001846,80.1975326538,53724,53734,10
12.9265699387,80.1975784302,53734,53744,10
12.9270401001,80.1977996826,53744,53754,10
12.9275798798,80.1982192993,53754,53764,10
12.927980423,80.1988677979,53764,53775,11
12.9283399582,80.19972229,53775,53785,10
12.9284696579,80.2005691528,53785,53795,10
12.9285097122,80.2013702393,53795,53805,10
12.9285202026,80.2019424438,53805,53815,10
12.9286003113,80.2024383545,53815,53825,10
12.9291200638,80.2026596069,53825,53835,10
12.9296398163,80.2027435303,53835,53845,10
12.9303102493,80.2028427124,53845,53855,10
12.9310503006,80.2030029297,53855,53865,10
12.9318799973,80.2032775879,53865,53876,11
12.9327602386,80.2035598755,53876,53886,10
12.9333696365,80.2037887573,53886,53902,16
12.9341402054,80.2038803101,53902,53914,12
12.9342803955,80.2039108276,53914,53924,10
12.9344396591,80.2039337158,53924,53933,9
12.9348201752,80.2039794922,53933,53945,12
12.9356498718,80.2043228149,53945,53955,10
12.9364004135,80.2045516968,53955,53965,10
12.9372501373,80.204788208,53965,53976,11
12.9382095337,80.2050628662,53976,53986,10
12.9390001297,80.2052993774,53986,53996,10
12.9396896362,80.2054977417,53996,54006,10
12.940079689,80.205619812,54006,54016,10
12.9401397705,80.2056274414,54016,54026,10
12.940489769,80.2057418823,54026,54036,10
12.9410400391,80.2059402466,54036,54055,19
12.9422397614,80.2067718506,54055,54067,12
12.9428596497,80.2074279785,54067,54078,11
12.9434700012,80.2080078125,54078,54088,10
12.9442501068,80.2083129883,54088,54108,20
12.9442501068,80.2083129883,54108,54118,10
12.9444999695,80.2083969116,54118,54128,10
12.9451503754,80.2086410522,54128,54138,10
12.9460000992,80.2089614868,54138,54148,10
12.9469404221,80.2093276978,54148,54158,10
12.947810173,80.2096786499,54158,54169,11
12.9487695694,80.2100601196,54169,54178,9
12.9495897293,80.2103881836,54178,54189,11
12.9505300522,80.2107620239,54189,54199,10
12.9515399933,80.2111587524,54199,54209,10
12.9523696899,80.211479187,54209,54219,10
12.9532003403,80.211807251,54219,54229,10
12.954079628,80.2121734619,54229,54239,10
12.9549999237,80.2125396729,54239,54249,10
12.9558801651,80.2128829956,54249,54259,10
12.9567804337,80.213218689,54259,54270,11
12.9577999115,80.2136383057,54270,54280,10
12.9587497711,80.2140197754,54280,54290,10
12.9596300125,80.2143783569,54290,54300,10
12.9603395462,80.2146606445,54300,54310,10
12.9609003067,80.2148971558,54310,54320,10
12.9617004395,80.2152175903,54320,54330,10
12.9625597,80.2155532837,54330,54340,10
12.9632101059,80.2157897949,54340,54350,10
12.9636001587,80.2159423828,54350,54361,11
12.9643201828,80.2162780762,54361,54371,10
12.9652204514,80.2166519165,54371,54381,10
12.9661197662,80.2170028687,54381,54391,10
12.9669599533,80.2173309326,54391,54401,10
12.9677095413,80.2176437378,54401,54411,10
12.9683198929,80.217880249,54411,54421,10
12.9691200256,80.2181930542,54421,54431,10
12.9700403214,80.2185592651,54431,54441,10
12.9709596634,80.2188873291,54441,54451,10
12.9713897705,80.2190322876,54451,54462,11
12.9714202881,80.219039917,54462,54472,10
12.9717102051,80.2191619873,54472,54482,10
12.9721899033,80.2193832397,54482,54492,10
12.9728002548,80.2196273804,54492,54502,10
12.9736204147,80.2199478149,54502,54512,10
12.9743900299,80.2202835083,54512,54522,10
12.9748802185,80.220451355,54522,54532,10
12.9749002457,80.2204589844,54532,54542,10
12.9750299454,80.2205200195,54542,54553,11
12.9751796722,80.2205963135,54553,54560,7
12.9753599167,80.2206420898,54560,54573,13
12.9756202698,80.2208786011,54573,54583,10
12.9757604599,80.2210235596,54583,54593,10
12.9757795334,80.2210998535,54593,54603,10
12.9759702682,80.2213592529,54603,54613,10
12.976269722,80.2218170166,54613,54623,10
12.9765996933,80.2223205566,54623,54633,10
12.9770202637,80.2226715088,54633,54643,10
12.9774398804,80.2225723267,54643,54654,11
12.9774303436,80.2221832275,54654,54664,10
12.9774303436,80.2217330933,54664,54674,10
12.9774103165,80.221282959,54674,54684,10
12.9771499634,80.2212295532,54684,54694,10
12.9766197205,80.2212295532,54694,54704,10
12.9762001038,80.2212600708,54704,54714,10
12.9760904312,80.2212982178,54714,54724,10
12.9757900238,80.2211608887,54724,54745,21
12.9757099152,80.221031189,54745,55674,929
12.9757099152,80.221031189,55674,55684,10
12.975399971,80.2206878662,55684,55694,10
12.9749202728,80.2204971313,55694,55704,10
12.9742803574,80.2202529907,55704,55714,10
12.9729099274,80.2197418213,55714,55725,11
12.9729099274,80.2197418213,55725,55735,10
12.9722499847,80.2194976807,55735,55745,10
12.9717597961,80.2193603516,55745,55755,10
12.9712495804,80.2192230225,55755,55837,82
12.9712495804,80.2192230225,55837,55847,10
12.9710302353,80.219078064,55847,55857,10
12.9706001282,80.2188568115,55857,55867,10
12.9699401855,80.2185897827,55867,55877,10
12.9692697525,80.2183303833,55877,55887,10
12.9685897827,80.2180786133,55887,55897,10
12.9679203033,80.2178115845,55897,55907,10
12.9672603607,80.2175598145,55907,55918,11
12.9662904739,80.2171707153,55918,55928,10
12.9653301239,80.216796875,55928,55938,10
12.9643697739,80.2164001465,55938,55948,10
12.9629602432,80.2157897949,55948,55968,20
12.9629602432,80.2157897949,55968,55978,10
12.9628200531,80.2157287598,55978,55988,10
12.9623603821,80.2155532837,55988,55998,10
12.9616699219,80.2152862549,55998,56008,10
12.9608001709,80.2149429321,56008,56019,11
12.959690094,80.2145004272,56019,56029,10
12.9586400986,80.2140579224,56029,56039,10
12.9576301575,80.2136611938,56039,56049,10
12.9566602707,80.2132720947,56049,56059,10
12.9555902481,80.212852478,56059,56069,10
12.9545898438,80.2124786377,56069,56079,10
12.9538898468,80.2122192383,56079,56089,10
12.9537401199,80.2121582031,56089,56099,10
12.9536600113,80.2121200562,56099,56110,11
12.9531602859,80.2119293213,56110,56120,10
12.9524803162,80.2116699219,56120,56130,10
12.9516000748,80.2113494873,56130,56140,10
12.9506998062,80.2110519409,56140,56150,10
12.9497804642,80.2106933594,56150,56160,10
12.9489402771,80.2103729248,56160,56170,10
12.9486598969,80.2102584839,56170,56180,10
12.948559761,80.2102279663,56180,56190,10
12.9482498169,80.2100982666,56190,56200,10
12.9476804733,80.2098770142,56200,56211,11
12.9468097687,80.2095336914,56211,56221,10
12.9459104538,80.2091598511,56221,56231,10
12.9450998306,80.2087631226,56231,56241,10
12.9442596436,80.2084197998,56241,56261,20
12.9442596436,80.2084197998,56261,56271,10
12.9441404343,80.2083511353,56271,56281,10
12.9437799454,80.208190918,56281,56291,10
12.9432001114,80.2079162598,56291,56301,10
12.9427404404,80.2074203491,56301,56312,11
12.9421901703,80.2068099976,56312,56322,10
12.9409399033,80.2059783936,56322,56342,20
12.9409399033,80.2059783936,56342,56352,10
12.9407396317,80.2058868408,56352,56362,10
12.9404296875,80.2057723999,56362,56372,10
12.9398803711,80.205619812,56372,56382,10
12.939209938,80.205406189,56382,56392,10
12.9384498596,80.2051696777,56392,56403,11
12.9375,80.2049026489,56403,56413,10
12.9365901947,80.2046432495,56413,56423,10
12.935669899,80.2043762207,56423,56433,10
12.9348897934,80.2040176392,56433,56443,10
12.9341497421,80.2039337158,56443,56453,10
12.9336700439,80.203918457,56453,56483,30
12.9336700439,80.203918457,56483,56493,10
12.9333600998,80.2038726807,56493,56504,11
12.9328804016,80.2036895752,56504,56514,10
12.9322595596,80.2034683228,56514,56524,10
12.9315500259,80.2032318115,56524,56534,10
12.9308099747,80.2029876709,56534,56544,10
12.9300603867,80.2028503418,56544,56554,10
12.929479599,80.2027816772,56554,56564,10
12.9294595718,80.2027816772,56564,56574,10
12.9293603897,80.2027587891,56574,56584,10
12.9289598465,80.2026901245,56584,56594,10
12.9284601212,80.2024230957,56594,56605,11
12.928440094,80.2016677856,56605,56615,10
12.9284095764,80.2007980347,56615,56625,10
12.9282903671,80.1998214722,56625,56635,10
12.9279403687,80.198890686,56635,56645,10
12.9273395538,80.1980895996,56645,56655,10
12.9265804291,80.1976623535,56655,56665,10
12.9261302948,80.1975708008,56665,56675,10
12.9261198044,80.1975708008,56675,56685,10
12.9258298874,80.1975326538,56685,56696,11
12.9254398346,80.197517395,56696,56706,10
12.9251098633,80.1975021362,56706,56716,10
12.9244699478,80.1975097656,56716,56726,10
12.9236402512,80.197479248,56726,56736,10
12.9226903915,80.1973724365,56736,56746,10
12.9221000671,80.197303772,56746,56756,10
12.9220199585,80.1972808838,56756,56766,10
12.9216899872,80.1971817017,56766,56776,10
12.9211797714,80.1969985962,56776,56786,10
12.9210796356,80.1969604492,56786,56797,11
12.9207296371,80.1968307495,56797,56807,10
12.9201602936,80.1966323853,56807,56817,10
12.9194698334,80.1963577271,56817,56827,10
12.9187803268,80.1958389282,56827,56837,10
12.9181404114,80.1952514648,56837,56847,10
12.9174499512,80.1946334839,56847,56857,10
12.9170703888,80.1941375732,56857,56867,10
12.9169797897,80.1937179565,56867,56877,10
12.9170198441,80.1930007935,56877,56887,10
12.9170999527,80.1923217773,56887,56898,11
12.9171695709,80.1918182373,56898,56908,10
12.9172401428,80.1913909912,56908,56928,20
12.9172401428,80.1913909912,56928,56938,10
12.9172697067,80.191368103,56938,56948,10
12.917309761,80.1910018921,56948,56958,10
12.9173498154,80.1903610229,56958,56968,10
12.9175300598,80.1895675659,56968,56978,10
12.9179401398,80.1887588501,56978,56989,11
12.9183702469,80.1882476807,56989,56999,10
12.9184103012,80.1882019043,56999,57009,10
12.9185400009,80.1881027222,57009,57019,10
12.9189300537,80.1876983643,57019,57029,10
12.9194698334,80.1870803833,57029,57039,10
12.9201698303,80.1862716675,57039,57049,10
12.9205303192,80.1853103638,57049,57059,10
12.9203100204,80.1844329834,57059,57069,10
12.9201402664,80.18359375,57069,57079,10
12.9199104309,80.1826629639,57079,57100,21
12.9199104309,80.1826629639,57100,57110,10
12.9198703766,80.182510376,57110,57120,10
12.9197597504,80.1820220947,57120,57130,10
12.9196100235,80.1812896729,57130,57140,10
12.9194402695,80.1803970337,57140,57150,10
12.9191503525,80.179397583,57150,57160,10
12.9187602997,80.1788406372,57160,57170,10
12.9186897278,80.1787414551,57170,57180,10
12.918390274,80.1783599854,57180,57191,11
12.9181604385,80.1776428223,57191,57201,10
12.918299675,80.1768035889,57201,57211,10
12.9183397293,80.1765518188,57211,57221,10
12.9183797836,80.1764297485,57221,57231,10
12.9184703827,80.1759796143,57231,57241,10
12.9186401367,80.1753921509,57241,57251,10
12.918800354,80.174621582,57251,57261,10
12.9190502167,80.1736526489,57261,57271,10
12.9193296432,80.1725769043,57271,57282,11
12.9195995331,80.17162323,57282,57292,10
12.9196395874,80.1714477539,57292,57302,10
12.9196996689,80.1712722778,57302,57312,10
12.9197902679,80.1708984375,57312,57322,10
12.9199695587,80.1703491211,57322,57332,10
12.9202203751,80.1695404053,57332,57342,10
12.9205303192,80.1685714722,57342,57352,10
12.9208498001,80.1675415039,57352,57362,10
12.9209604263,80.1671295166,57362,57372,10
12.9210100174,80.1669692993,57372,57383,11
12.9211797714,80.1664810181,57383,57393,10
12.921380043,80.1658630371,57393,57403,10
12.921620369,80.1651229858,57403,57413,10
12.9219198227,80.1642837524,57413,57423,10
12.9221000671,80.1635818481,57423,57443,20
12.9221000671,80.1635818481,57443,57453,10
12.9221601486,80.1633987427,57453,57463,10
12.9223098755,80.162940979,57463,57473,10
12.9225196838,80.1623001099,57473,57484,11
12.9227695465,80.1615219116,57484,57494,10
12.9229602814,80.1609191895,57494,57504,10
12.9230604172,80.1605300903,57504,57514,10
12.9230804443,80.1604614258,57514,57524,10
12.923119545,80.1603775024,57524,57534,10
12.9232397079,80.1599578857,57534,57544,10
12.9233198166,80.1592636108,57544,57554,10
12.9234104156,80.1583709717,57554,57564,10
12.9235095978,80.1573562622,57564,57575,11
12.9236001968,80.1563491821,57575,57585,10
12.923500061,80.1554870605,57585,57595,10
12.9233198166,80.1549987793,57595,57605,10
12.9233198166,80.1549377441,57605,57614,9
12.9232902527,80.1546630859,57614,57625,11
12.9231700897,80.154083252,57625,57635,10
12.9230003357,80.1534194946,57635,57645,10
12.9228000641,80.152633667,57645,57655,10
12.922659874,80.1519393921,57655,57696,41
12.922659874,80.1519393921,57696,57706,10
12.922659874,80.1517410278,57706,57716,10
12.9226398468,80.1511917114,57716,57726,10
12.9226198196,80.1504135132,57726,57736,10
12.9225902557,80.1494827271,57736,57746,10
12.922539711,80.1484832764,57746,57756,10
12.9225196838,80.1475601196,57756,57766,10
12.9224996567,80.1468887329,57766,57777,11
12.9224996567,80.146812439,57777,57787,10
12.9224996567,80.1465835571,57787,57797,10
12.9224996567,80.1461105347,57797,57807,10
12.9224796295,80.1453170776,57807,57817,10
12.9224596024,80.1444702148,57817,57827,10
12.9224395752,80.1435089111,57827,57837,10
12.9224004745,80.1426391602,57837,57847,10
12.922369957,80.1418991089,57847,57857,10
12.9223403931,80.1415405273,57857,57868,11
12.9223403931,80.1415328979,57868,57878,10
12.9223499298,80.1412887573,57878,57888,10
12.9223403931,80.1407928467,57888,57898,10
12.9223499298,80.1400909424,57898,57908,10
12.9223403931,80.1392211914,57908,57917,9
12.9223804474,80.1385421753,57917,57928,11
12.9223899841,80.1382827759,57928,57938,10
12.9224004745,80.138168335,57938,57948,10
12.9224300385,80.1376571655,57948,57958,10
12.9224796295,80.1368637085,57958,57969,11
12.9224996567,80.1357727051,57969,57979,10
12.9225597382,80.1346206665,57979,57989,10
12.9225997925,80.1334991455,57989,57999,10
12.9225997925,80.132850647,57999,58009,10
12.9226198196,80.1327667236,58009,58019,10
12.9226303101,80.1324234009,58019,58029,10
12.922659874,80.1318511963,58029,58039,10
12.9226703644,80.1314468384,58039,58049,10
12.9226703644,80.1313781738,58049,58059,10
12.9226799011,80.1312866211,58059,58070,11
12.9227199554,80.1307601929,58070,58080,10
12.9227600098,80.1301193237,58080,58090,10
12.9227895737,80.1295166016,58090,58100,10
12.9228200912,80.1288375854,58100,58110,10
12.9228496552,80.1281967163,58110,58120,10
12.9228801727,80.1277389526,58120,58130,10
12.9228801727,80.127281189,58130,58140,10
12.9228801727,80.1266326904,58140,58150,10
12.9228801727,80.1259078979,58150,58160,10
12.9229001999,80.1257629395,58160,58171,11
12.9229202271,80.12550354,58171,58181,10
12.9229402542,80.124961853,58181,58191,10
12.9229803085,80.1242523193,58191,58201,10
12.9230003357,80.1234588623,58201,58211,10
12.9230499268,80.1225585938,58211,58221,10
12.9231004715,80.12159729,58221,58231,10
12.9231300354,80.1209564209,58231,58241,10
12.9231395721,80.1209182739,58241,58251,10
12.9231796265,80.1207962036,58251,58262,11
12.9232196808,80.1206207275,58262,58272,10
12.9232397079,80.1205596924,58272,58282,10
12.9232597351,80.1202087402,58282,58292,10
12.9233102798,80.1195373535,58292,58302,10
12.9233703613,80.1187210083,58302,58318,16
12.9235801697,80.1175613403,58318,58330,12
12.923740387,80.1168823242,58330,58338,8
12.9238500595,80.1164093018,58338,58350,12
12.9240198135,80.1157226563,58350,58360,10
12.9240398407,80.1154708862,58360,58371,11
12.923910141,80.1151733398,58371,58381,10
12.9240903854,80.1150436401,58381,58391,10
12.9243602753,80.1152420044,58391,58401,10
12.9245595932,80.1154785156,58401,58411,10
12.9250001907,80.1159362793,58411,58420,9
12.925450325,80.1164016724,58420,58430,10
12.9259700775,80.1169586182,58430,58441,11
12.9263000488,80.1174163818,58441,58451,10
12.9266395569,80.1177597046,58451,58462,11
12.9270601273,80.1180725098,58462,58581,119
12.9270601273,80.1180725098,58581,58589,8
12.9272603989,80.1183776855,58589,58601,12
12.9275302887,80.1186599731,58601,58610,9
12.9280004501,80.119140625,58610,58621,11
12.9284896851,80.119682312,58621,58629,8
12.9287395477,80.1199417114,58629,58640,11
12.9291801453,80.1202774048,58640,59563,923
12.9291801453,80.1202774048,59563,59573,10
12.9293298721,80.1204376221,59573,59583,10
12.9295396805,80.1206283569,59583,59593,10
12.9298400879,80.1209106445,59593,59603,10
12.9301996231,80.1212615967,59603,59613,10
12.9306001663,80.1216583252,59613,59623,10
12.9309997559,80.1220474243,59623,59634,11
12.9314203262,80.1224517822,59634,59684,50
12.9314203262,80.1224517822,59684,59694,10
12.9314699173,80.1224594116,59694,59704,10
12.9316701889,80.1226577759,59704,59714,10
12.9316501617,80.1229095459,59714,59724,10
12.9312801361,80.1225662231,59724,59735,11
12.9306497574,80.121963501,59735,59745,10
12.9299697876,80.1212921143,59745,59755,10
12.9293403625,80.1206512451,59755,59765,10
12.9286603928,80.1199493408,59765,59775,10
12.9279699326,80.1192932129,59775,59785,10
12.927479744,80.1188278198,59785,59795,10
12.9274101257,80.1187286377,59795,59805,10
12.9272899628,80.118560791,59805,59815,10
12.9270095825,80.1182785034,59815,59825,10
12.9267702103,80.1180267334,59825,59836,11
12.9265604019,80.1178131104,59836,59846,10
12.9263601303,80.1176223755,59846,59856,10
12.9261198044,80.1174163818,59856,59866,10
12.925860405,80.1172485352,59866,59876,10
12.9255304337,80.1169509888,59876,59886,10
12.9251699448,80.1165771484,59886,59896,10
12.9247303009,80.1161270142,59896,59906,10
12.9243602753,80.1157608032,59906,59916,10
12.9241504669,80.1156997681,59916,59927,11
12.9239597321,80.1161422729,59927,59937,10
12.9238195419,80.1167526245,59937,59947,10
12.9236602783,80.1174621582,59947,59957,10
12.9234600067,80.118347168,59957,59967,10
12.9233903885,80.1193389893,59967,59977,10
12.9233503342,80.1201705933,59977,59987,10
12.9233503342,80.1206588745,59987,59997,10
12.923330307,80.1207733154,59997,60007,10
12.9232997894,80.120880127,60007,60017,10
12.9232702255,80.1210784912,60017,60028,11
12.9232397079,80.1213607788,60028,60038,10
12.923210144,80.121887207,60038,60048,10
12.9231796265,80.1226425171,60048,60058,10
12.9231300354,80.1235275269,60058,60068,10
12.9230804443,80.1244888306,60068,60078,10
12.92304039,80.1253433228,60078,60088,10
12.92304039,80.1255111694,60088,60098,10
12.9230298996,80.125579834,60098,60108,10
12.9230098724,80.1260375977,60108,60118,10
12.9229803085,80.1268692017,60118,60129,11
12.9229402542,80.1278991699,60129,60139,10
12.9229001999,80.1284790039,60139,60149,10
12.9228696823,80.1291427612,60149,60159,10
12.922829628,80.1296691895,60159,60169,10
12.9228096008,80.1299133301,60169,60179,10
12.9228096008,80.1300506592,60179,60189,10
12.9228096008,80.1304397583,60189,60199,10
12.922829628,80.1310195923,60199,60209,10
12.9228200912,80.1311264038,60209,60220,11
12.9228000641,80.1313934326,60220,60230,10
12.9227800369,80.1318969727,60230,60240,10
12.9227399826,80.1326599121,60240,60250,10
12.9227304459,80.1332397461,60250,60260,10
12.9227304459,80.1332702637,60260,60270,10
12.9226999283,80.1336898804,60270,60280,10
12.9226503372,80.1344528198,60280,60290,10
12.9226102829,80.135307312,60290,60300,10
12.9225797653,80.1361465454,60300,60310,10
12.922539711,80.1370162964,60310,60321,11
12.9224996567,80.1380233765,60321,60331,10
12.9224796295,80.1385498047,60331,60341,10
12.9224596024,80.1386795044,60341,60351,10
12.9224300385,80.139213562,60351,60361,10
12.9224300385,80.1400375366,60361,60377,16
12.9224596024,80.1416625977,60377,60389,12
12.9224796295,80.1423873901,60389,60398,9
12.9224796295,80.1425323486,60398,60409,11
12.9225101471,80.1428985596,60409,60420,11
12.9225597382,80.1434707642,60420,60430,10
12.9225702286,80.1435623169,60430,60440,10
12.9225702286,80.1436080933,60440,60450,10
12.922539711,80.1439819336,60450,60460,10
12.9225597382,80.1448287964,60460,60470,10
12.9225997925,80.1456985474,60470,60480,10
12.9226503372,80.1464385986,60480,60490,10
12.922659874,80.1467437744,60490,60500,10
12.9226799011,80.147102356,60500,60521,21
12.9226703644,80.1472167969,60521,60551,30
12.9226703644,80.1472167969,60551,60560,9
12.9226398468,80.1474075317,60560,60571,11
12.922659874,80.1479110718,60571,60581,10
12.9226398468,80.14868927,60581,60591,10
12.9226799011,80.1495132446,60591,60601,10
12.9227104187,80.1504364014,60601,60612,11
12.9227600098,80.1514816284,60612,60621,9
12.9228096008,80.1523208618,60621,60632,11
12.9230499268,80.1533203125,60632,60642,10
12.9233398438,80.1543884277,60642,60651,9
12.92345047,80.1547393799,60651,60662,11
12.9234600067,80.1547393799,60662,60672,10
12.923500061,80.1549606323,60672,60682,10
12.9235601425,80.1553573608,60682,60692,10
12.9237298965,80.1560897827,60692,60702,10
12.9236698151,80.157081604,60702,60712,10
12.9235401154,80.158203125,60712,60723,11
12.92345047,80.1594161987,60723,60733,10
12.9233703613,80.1602478027,60733,60743,10
12.923330307,80.1603927612,60743,60753,10
12.9232196808,80.1606903076,60753,60763,10
12.9230003357,80.1613311768,60763,60773,10
12.9227304459,80.1621780396,60773,60783,10
12.9224300385,80.1630935669,60783,60793,10
12.9221496582,80.1639709473,60793,60804,11
12.9220600128,80.1642990112,60804,60814,10
12.9220104218,80.1644287109,60814,60824,10
12.9218397141,80.1649703979,60824,60834,10
12.9215803146,80.1657714844,60834,60844,10
12.9212598801,80.1667480469,60844,60854,10
12.9209499359,80.16771698,60854,60864,10
12.9207496643,80.1683425903,60864,60874,10
12.9205799103,80.1688613892,60874,60890,16
12.9202003479,80.1701202393,60890,60902,12
12.9199495316,80.1709518433,60902,60913,11
12.9199399948,80.1709823608,60913,60923,10
12.9198598862,80.1712265015,60923,60932,9
12.9197301865,80.1716766357,60932,60943,11
12.9195203781,80.1724472046,60943,60952,9
12.9193401337,80.1731414795,60952,60963,11
12.9190597534,80.1742019653,60963,60973,10
12.9187898636,80.1753616333,60973,60983,10
12.918510437,80.176361084,60983,60993,10
12.9183797836,80.1771469116,60993,61004,11
12.9184103012,80.1781997681,61004,61014,10
12.9189195633,80.1788635254,61014,61024,10
12.918970108,80.1789398193,61024,61034,10
12.9190797806,80.179107666,61034,61044,10
12.9193696976,80.1796264648,61044,61054,10
12.9195699692,80.180480957,61054,61064,10
12.9197797775,80.1814575195,61064,61074,10
12.9199895859,80.1824264526,61074,61084,10
12.9202098846,80.1833724976,61084,61095,11
12.9203701019,80.1839828491,61095,61135,40
12.9203701019,80.1839828491,61135,61145,10
12.9203796387,80.1841583252,61145,61155,10
12.9204702377,80.1845703125,61155,61165,10
12.9206399918,80.1851882935,61165,61175,10
12.9206895828,80.1854095459,61175,61185,10
12.92070961,80.185546875,61185,61196,11
12.9205303192,80.1860733032,61196,61206,10
12.9200296402,80.186630249,61206,61216,10
12.9194297791,80.1872787476,61216,61226,10
12.9190301895,80.1877593994,61226,61236,10
12.9186496735,80.1882095337,61236,61246,10
12.9185600281,80.1883010864,61246,61256,10
12.9183197021,80.1885375977,61256,61266,10
12.9179201126,80.1890029907,61266,61276,10
12.9175901413,80.1896972656,61276,61287,11
12.9174203873,80.1907424927,61287,61297,10
12.9173002243,80.19165802,61297,61307,10
12.9172000885,80.1924285889,61307,61317,10
12.9171600342,80.1927871704,61317,61327,10
12.9171495438,80.1927871704,61327,61337,10
12.917140007,80.1928710938,61337,61347,10
12.917140007,80.1930999756,61347,61357,10
12.917140007,80.1931533813,61357,61367,10
12.917090416,80.1934814453,61367,61377,10
12.9171495438,80.1940383911,61377,61388,11
12.9174804688,80.1946029663,61388,61398,10
12.9180603027,80.1951522827,61398,61408,10
12.9187202454,80.1957473755,61408,61418,10
12.9194097519,80.1962890625,61418,61428,10
12.9201698303,80.1966323853,61428,61438,10
12.920920372,80.1968612671,61438,61448,10
12.9210596085,80.1969070435,61448,61458,10
12.9214601517,80.1970672607,61458,61468,10
12.9221801758,80.1972808838,61468,61478,10
12.9230499268,80.1974029541,61478,61489,11
12.9239902496,80.1974868774,61489,61499,10
12.9243402481,80.197479248,61499,61509,10
12.9246196747,80.197479248,61509,61519,10
12.9252195358,80.1974868774,61519,61529,10
12.9254903793,80.1974868774,61529,61539,10
12.9264202118,80.1975631714,61539,61559,20
12.9264202118,80.1975631714,61559,61569,10
12.9267501831,80.1976928711,61569,61579,10
12.9273004532,80.1979980469,61579,61590,11
12.9279003143,80.1986618042,61590,61600,10
12.9282903671,80.1994934082,61600,61610,10
12.9285001755,80.2004318237,61610,61620,10
12.9285402298,80.2013092041,61620,61630,10
12.9285898209,80.2021789551,61630,61640,10
12.9290504456,80.2027130127,61640,61650,10
12.929599762,80.2027587891,61650,61670,20
12.929599762,80.2027587891,61670,61687,17
12.9301099777,80.2028274536,61687,61699,12
12.9308300018,80.2029724121,61699,61709,10
12.931429863,80.203163147,61709,61719,10
12.9324598312,80.2035064697,61719,61729,10
12.9332895279,80.2038116455,61729,61739,10
12.9338998795,80.2039108276,61739,61749,10
12.9340295792,80.203918457,61749,61759,10
12.934129715,80.2039337158,61759,61769,10
12.9346504211,80.2039794922,61769,61779,10
12.9353704453,80.2042007446,61779,61790,11
12.9362297058,80.2045288086,61790,61800,10
12.9371099472,80.204788208,61800,61809,9
12.9379396439,80.2050094604,61809,61820,11
12.9389600754,80.2053222656,61820,61830,10
12.9398498535,80.205581665,61830,61840,10
12.9401197433,80.205657959,61840,61850,10
12.9404296875,80.2057571411,61850,61860,10
12.9409599304,80.205947876,61860,61870,10
12.9416799545,80.2063598633,61870,61881,11
12.9424800873,80.2070007324,61881,61891,10
12.9430599213,80.2077178955,61891,61901,10
12.943810463,80.2081985474,61901,61911,10
12.9443798065,80.2083969116,61911,61921,10
12.9444599152,80.2084274292,61921,61931,10
12.944899559,80.2086029053,61931,61941,10
12.945599556,80.2088623047,61941,61951,10
12.9464797974,80.209197998,61951,61961,10
12.9473800659,80.2095489502,61961,61972,11
12.948340416,80.2099304199,61972,61982,10
12.9492397308,80.2102813721,61982,61992,10
12.9501800537,80.2106628418,61992,62002,10
12.9511003494,80.2110214233,62002,62012,10
12.9518203735,80.2113037109,62012,62022,10
12.9524803162,80.2115707397,62022,62032,10
12.9530601501,80.2117996216,62032,62042,10
12.9535999298,80.2120437622,62042,62052,10
12.9543399811,80.2123413086,62052,62062,10
12.9552402496,80.2126998901,62062,62073,11
12.9561395645,80.2130432129,62073,62083,10
12.9569196701,80.2133178711,62083,62093,10
12.9577598572,80.2136764526,62093,62103,10
12.9586696625,80.2140426636,62103,62113,10
12.9595499039,80.2143783569,62113,62123,10
12.9604196548,80.2147369385,62123,62133,10
12.9612798691,80.2150878906,62133,62143,10
12.9621896744,80.2154464722,62143,62153,10
12.9629802704,80.2157592773,62153,62163,10
12.9634799957,80.215927124,62163,62174,11
12.9638900757,80.2161331177,62174,62190,16
12.9648799896,80.2165527344,62190,62202,12
12.9658403397,80.2169265747,62202,62212,10
12.9665899277,80.2172164917,62212,62222,10
12.967209816,80.2174682617,62222,62232,10
12.9678897858,80.2177429199,62232,62242,10
12.9685602188,80.2180023193,62242,62252,10
12.9694595337,80.2183609009,62252,62263,11
12.9704904556,80.2187728882,62263,62272,9
12.971039772,80.2189407349,62272,62283,11
12.9712600708,80.2190170288,62283,62293,10
12.9714603424,80.2191009521,62293,62303,10
12.9719800949,80.2193374634,62303,62313,10
12.9726200104,80.219619751,62313,62323,10
12.9734401703,80.2199401855,62323,62333,10
12.9742803574,80.2202835083,62333,62343,10
12.9751796722,80.2206802368,62343,62404,61
12.9751796722,80.2206802368,62404,62414,10
12.9752702713,80.2207794189,62414,62424,10
12.9755897522,80.2208862305,62424,62434,10
12.975810051,80.2210464478,62434,64165,1731
12.975810051,80.2210464478,64165,64175,10
12.9758396149,80.2212295532,64175,64185,10
12.9758701324,80.221282959,64185,64195,10
12.9759998322,80.2214508057,64195,64206,11
12.9762401581,80.2218093872,64206,64216,10
12.9764795303,80.2221832275,64216,64226,10
12.9767198563,80.2225418091,64226,64236,10
12.9769496918,80.2228088379,64236,64246,10
12.9774904251,80.2226715088,64246,64276,30
12.9774904251,80.2226715088,64276,64286,10
12.9774904251,80.2222824097,64286,64296,10
12.9774904251,80.2219085693,64296,64307,11
12.9774799347,80.2214508057,64307,64317,10
12.9773597717,80.221321106,64317,64327,10
12.9770002365,80.221321106,64327,64337,10
12.9766702652,80.2212982178,64337,64347,10
12.976269722,80.221282959,64347,64357,10
12.9759502411,80.221321106,64357,64367,10
12.9756698608,80.2211227417,64367,64458,91
12.9756698608,80.2211227417,64458,64468,10
12.9752902985,80.2208023071,64468,64488,20
12.9752902985,80.2208023071,64488,64499,11
12.9750204086,80.2206726074,64499,64509,10
12.9746599197,80.2205200195,64509,64519,10
12.9742298126,80.2203369141,64519,64529,10
12.973739624,80.2201385498,64529,64539,10
12.9731998444,80.2199172974,64539,64549,10
12.9725799561,80.2196884155,64549,64559,10
12.9719495773,80.2194824219,64559,64569,10
12.9710597992,80.2192230225,64569,64600,31
12.9710597992,80.2192230225,64600,64610,10
12.9707202911,80.219039917,64610,64620,10
12.970199585,80.218788147,64620,64630,10
12.9695196152,80.2185211182,64630,64640,10
12.9688596725,80.2182617188,64640,64650,10
12.9682397842,80.2180099487,64650,64660,10
12.9676399231,80.2177581787,64660,64670,10
12.9668998718,80.2174606323,64670,64680,10
12.9659795761,80.2171173096,64680,64691,11
12.9648895264,80.2166900635,64691,64701,10
12.9639396667,80.2162780762,64701,64711,10
12.963350296,80.2160186768,64711,64721,10
12.9629497528,80.2158584595,64721,64731,10
12.9628896713,80.2158432007,64731,64741,10
12.9628000259,80.2157974243,64741,64751,10
12.9624099731,80.2156524658,64751,64761,10
12.9618597031,80.2154388428,64761,64771,10
12.9610204697,80.2151184082,64771,64782,11
12.9600896835,80.2147369385,64782,64792,10
12.9592103958,80.2143783569,64792,64802,10
12.9582996368,80.2139968872,64802,64812,10
12.9574604034,80.2136688232,64812,64822,10
12.956580162,80.2133102417,64822,64832,10
12.9556598663,80.2129516602,64832,64842,10
12.9547796249,80.212600708,64842,64852,10
12.953789711,80.2122421265,64852,64883,31
12.953789711,80.2122421265,64883,64893,10
12.9534797668,80.2120895386,64893,64903,10
12.9528903961,80.2118530273,64903,64913,10
12.9521198273,80.2115707397,64913,64923,10
12.9512996674,80.2112579346,64923,64933,10
12.9505701065,80.2109985352,64933,64943,10
12.949669838,80.2106704712,64943,64953,10
12.9488897324,80.2103881836,64953,64963,10
12.9487304688,80.2103424072,64963,64974,11
12.948679924,80.2103424072,64974,64984,10
12.94851017,80.2102890015,64984,64994,10
12.9483804703,80.2102508545,64994,65004,10
12.948220253,80.2101593018,65004,65014,10
12.947719574,80.2099533081,65014,65024,10
12.9469604492,80.2096405029,65024,65034,10
12.9460401535,80.2092666626,65034,65044,10
12.9451999664,80.2088470459,65044,65054,10
12.944439888,80.2085418701,65054,65064,10
12.9441795349,80.208442688,65064,65075,11
12.9439096451,80.2083129883,65075,65085,10
12.9433803558,80.2080764771,65085,65095,10
12.9428501129,80.2076187134,65095,65105,10
12.9426603317,80.2073516846,65105,65115,10
12.9423303604,80.2069778442,65115,65125,10
12.9417896271,80.2065200806,65125,65135,10
12.9411497116,80.2061233521,65135,65145,10
12.9410200119,80.2060623169,65145,65155,10
12.9409399033,80.2060089111,65155,65166,11
12.9404697418,80.2058410645,65166,65176,10
12.9398202896,80.2056427002,65176,65186,10
12.9391002655,80.205406189,65186,65196,10
12.9384403229,80.2052230835,65196,65206,10
12.9381999969,80.2051391602,65206,65216,10
12.9378004074,80.2050323486,65216,65226,10
12.9372196198,80.2048721313,65226,65236,10
12.9365100861,80.2046737671,65236,65246,10
12.9357004166,80.2044372559,65246,65256,10
12.9349803925,80.2041091919,65256,65267,11
12.9341697693,80.2040023804,65267,65277,10
12.9336795807,80.2039794922,65277,65297,20
12.9336795807,80.2039794922,65297,65307,10
12.9335002899,80.203956604,65307,65317,10
12.9331302643,80.2038421631,65317,65327,10
12.9326896667,80.2036590576,65327,65337,10
12.9320602417,80.2034378052,65337,65347,10
12.9313201904,80.2032012939,65347,65357,10
12.9307804108,80.2030334473,65357,65367,10
12.930150032,80.2029190063,65367,65378,11
12.9294300079,80.2028274536,65378,65388,10
12.9293403625,80.2028198242,65388,65398,10
12.9292602539,80.202796936,65398,65408,10
12.9288597107,80.2027282715,65408,65418,10
12.9285001755,80.2024002075,65418,65428,10
12.9284696579,80.2018508911,65428,65438,10
12.9284496307,80.2012176514,65438,65448,10
12.9284095764,80.2003707886,65448,65459,11
12.9281396866,80.1993637085,65459,65469,10
12.9276800156,80.1984710693,65469,65479,10
12.9269199371,80.1978530884,65479,65489,10
12.9261102676,80.1976089478,65489,65509,20
12.9261102676,80.1976089478,65509,65519,10
12.9257698059,80.1975784302,65519,65529,10
12.9254398346,80.1975784302,65529,65539,10
12.9250602722,80.1975631714,65539,65550,11
12.9242801666,80.1975631714,65550,65560,10
12.9234600067,80.1975326538,65560,65570,10
12.9226303101,80.1974182129,65570,65580,10
12.9220199585,80.1973495483,65580,65590,10
12.9219999313,80.1973419189,65590,65600,10
12.9216804504,80.197227478,65600,65610,10
12.9211902618,80.1970596313,65610,65620,10
12.921090126,80.1970214844,65620,65630,10
12.9209699631,80.1969833374,65630,65640,10
12.9205503464,80.1968307495,65640,65651,11
12.9198503494,80.1965789795,65651,65661,10
12.9191598892,80.1962127686,65661,65671,10
12.9186096191,80.1957397461,65671,65681,10
12.9182195663,80.1953811646,65681,65691,10
12.9176902771,80.1949005127,65691,65701,10
12.9171800613,80.1943588257,65701,65711,10
12.9170303345,80.1940917969,65711,65721,10
12.9169998169,80.1939468384,65721,65731,10
12.9169797897,80.1935424805,65731,65741,10
12.9170398712,80.1929016113,65741,65752,11
12.9170799255,80.1926193237,65752,65762,10
12.917090416,80.1924667358,65762,65778,16
12.9171600342,80.1921081543,65778,65790,12
12.9172000885,80.1918106079,65790,65798,8
12.9172401428,80.1914672852,65798,65820,22
12.9172401428,80.1914672852,65820,65830,10
12.9172897339,80.1912384033,65830,65840,10
12.917309761,80.1910705566,65840,65851,11
12.9173402786,80.1908416748,65851,65861,10
12.9173402786,80.190612793,65861,65871,10
12.9173698425,80.1903305054,65871,65880,9
12.9174699783,80.1898422241,65880,65891,11
12.9177398682,80.1891098022,65891,65901,10
12.9181404114,80.1885528564,65901,65911,10
12.9184103012,80.1882400513,65911,65921,10
12.9184799194,80.1881713867,65921,65931,10
12.9186000824,80.1880569458,65931,65942,11
12.9188804626,80.18775177,65942,65952,10
12.9193496704,80.1872406006,65952,65962,10
12.920009613,80.1864929199,65962,65972,10
12.9205503464,80.1856765747,65972,65982,10
12.9204502106,80.184967041,65982,65992,10
12.920249939,80.1841964722,65992,66002,10
12.9200601578,80.1832733154,66002,66012,10
12.9199399948,80.1827926636,66012,66033,21
12.9199399948,80.1827926636,66033,66043,10
12.9199199677,80.1827163696,66043,66053,10
12.9198904037,80.1826095581,66053,66063,10
12.9198303223,80.1823425293,66063,66073,10
12.9196996689,80.1817703247,66073,66083,10
12.9195604324,80.1810836792,66083,66093,10
12.9193897247,80.1802368164,66093,66103,10
12.9190998077,80.179359436,66103,66113,10
12.9187202454,80.1788406372,66113,66123,10
12.9185495377,80.1786270142,66123,66134,11
12.9182195663,80.1781082153,66134,66144,10
12.9181995392,80.1773529053,66144,66154,10
12.9182901382,80.1767272949,66154,66164,10
12.918299675,80.1767196655,66164,66174,10
12.9183597565,80.1764984131,66174,66184,10
12.9184598923,80.1760177612,66184,66194,10
12.9186401367,80.1753768921,66194,66204,10
12.9188203812,80.1745910645,66204,66214,10
12.9190502167,80.1736679077,66214,66224,10
12.9193096161,80.1727523804,66224,66235,11
12.9195604324,80.1717987061,66235,66245,10
12.9197797775,80.1710128784,66245,66275,30
12.9197797775,80.1710128784,66275,66285,10
12.9198999405,80.1706924438,66285,66295,10
12.9200801849,80.1701431274,66295,66305,10
12.9203195572,80.1694107056,66305,66315,10
12.9205904007,80.1685409546,66315,66326,11
12.9208402634,80.1677474976,66326,66336,10
12.9209403992,80.1673736572,66336,66346,10
12.9209604263,80.1673202515,66346,66356,10
12.9210796356,80.1669464111,66356,66366,10
12.9212799072,80.1663284302,66366,66376,10
12.9215297699,80.1655883789,66376,66386,10
12.9218196869,80.1647415161,66386,66396,10
12.9220304489,80.1640014648,66396,66406,10
12.9221401215,80.1635894775,66406,66416,10
12.9221801758,80.1635131836,66416,66427,11
12.9223098755,80.1630935669,66427,66437,10
12.9224996567,80.1624984741,66437,66447,10
12.9227104187,80.1618423462,66447,66457,10
12.922949791,80.1611099243,66457,66467,10
12.9230699539,80.1606521606,66467,66477,10
12.9230804443,80.1606292725,66477,66487,10
12.9231700897,80.1604003906,66487,66497,10
12.9232902527,80.1598129272,66497,66507,10
12.9233703613,80.1590118408,66507,66518,11
12.9234800339,80.1579589844,66518,66528,10
12.9235696793,80.1570205688,66528,66538,10
12.9236402512,80.1563034058,66538,66548,10
12.9235801697,80.155632019,66548,66558,10
12.9235401154,80.1554412842,66558,66568,10
12.9233999252,80.1551437378,66568,66599,31
12.9233999252,80.1551437378,66599,66608,9
12.9233398438,80.1549377441,66608,66620,12
12.9232196808,80.1543807983,66620,66629,9
12.9230804443,80.153793335,66629,66640,11
12.9229001999,80.1530838013,66640,66649,9
12.9226903915,80.1523284912,66649,66721,72
12.9226903915,80.1523284912,66721,66731,10
12.9226799011,80.1521835327,66731,66741,10
12.9226303101,80.1519088745,66741,66751,10
12.9226198196,80.1515579224,66751,66761,10
12.9226102829,80.1509399414,66761,66771,10
12.9225902557,80.1501922607,66771,66781,10
12.9225702286,80.1494293213,66781,66791,10
12.9225301743,80.1486434937,66791,66801,10
12.922539711,80.1478805542,66801,66812,11
12.9225196838,80.1472930908,66812,66822,10
12.9225196838,80.1472473145,66822,66832,10
12.9225196838,80.1470794678,66832,66842,10
12.9225196838,80.1466064453,66842,66852,10
12.9225196838,80.1459884644,66852,66868,16
12.9224700928,80.1449508667,66868,66880,12
12.9224596024,80.144203186,66880,66890,10
12.9224395752,80.1436004639,66890,66921,31
12.9224395752,80.1436004639,66921,66931,10
12.922419548,80.1435775757,66931,66941,10
12.9224100113,80.1432571411,66941,66951,10
12.9224004745,80.1428527832,66951,66961,10
12.9224004745,80.1426620483,66961,66971,10
12.9223899841,80.1423187256,66971,66981,10
12.9223604202,80.1417770386,66981,67012,31
12.9223604202,80.1417770386,67012,67022,10
12.9223604202,80.1415176392,67022,67032,10
12.9223403931,80.1410217285,67032,67042,10
12.9223299026,80.1407012939,67042,67052,10
12.9223403931,80.1404800415,67052,67062,10
12.9223403931,80.1399307251,67062,67072,10
12.9223299026,80.1392593384,67072,67082,10
12.9223604202,80.1385803223,67082,67092,10
12.9223899841,80.1381912231,67092,67102,10
12.9224004745,80.1380310059,67102,67113,11
12.922419548,80.1374588013,67113,67123,10
12.9224596024,80.1367416382,67123,67133,10
12.9224996567,80.1359405518,67133,67143,10
12.9225196838,80.135093689,67143,67153,10
12.9225597382,80.1341705322,67153,67163,10
12.9225902557,80.1333007813,67163,67173,10
12.9225797653,80.1329421997,67173,67183,10
12.9225902557,80.1328582764,67183,67194,11
12.9226198196,80.1324234009,67194,67204,10
12.9226303101,80.1318283081,67204,67214,10
12.9226398468,80.131401062,67214,67224,10
12.9226503372,80.131362915,67224,67234,10
12.9226799011,80.1309967041,67234,67244,10
12.9227104187,80.1304168701,67244,67254,10
12.9227399826,80.1298294067,67254,67264,10
12.9227695465,80.1293182373,67264,67274,10
12.9228096008,80.1287307739,67274,67284,10
12.9228496552,80.1281433105,67284,67295,11
12.9228401184,80.1276321411,67295,67305,10
12.9228496552,80.127281189,67305,67315,10
12.9228696823,80.126739502,67315,67325,10
12.9228801727,80.1258392334,67325,67355,30
12.9228801727,80.1258392334,67355,67365,10
12.9228696823,80.1256637573,67365,67375,10
12.9229001999,80.125213623,67375,67386,11
12.9229202271,80.12449646,67386,67396,10
12.9229602814,80.1238021851,67396,67406,10
12.9229898453,80.1230392456,67406,67416,10
12.9230298996,80.1221466064,67416,67426,10
12.9230899811,80.1213378906,67426,67456,30
12.9230899811,80.1213378906,67456,67466,10
12.9230899811,80.1212387085,67466,67476,10
12.9231100082,80.1209411621,67476,67527,51
12.9231100082,80.1209411621,67527,67537,10
12.9231500626,80.1207199097,67537,67547,10
12.9231700897,80.1204910278,67547,67557,10
12.9232301712,80.1200408936,67557,67567,10
12.9232997894,80.1192932129,67567,67577,10
12.9233598709,80.1183929443,67577,67588,11
12.9235601425,80.1175231934,67588,67598,10
12.9237298965,80.1168212891,67598,67608,10
12.9238595963,80.1163024902,67608,67618,10
12.9239997864,80.1157608032,67618,67628,10
12.9240102768,80.1155166626,67628,67638,10
12.923910141,80.115196228,67638,67648,10
12.9240999222,80.1151123047,67648,67658,10
12.9243097305,80.115272522,67658,67668,10
12.9246101379,80.1156005859,67668,67679,11
12.9250497818,80.1160583496,67679,67689,10
12.9254999161,80.1165008545,67689,67698,9
12.9258699417,80.116897583,67698,67709,11
12.9261598587,80.1172790527,67709,67719,10
12.9263401031,80.1175079346,67719,67728,9
12.9264097214,80.1175994873,67728,67739,11
12.9266395569,80.117767334,67739,67860,121
12.9266395569,80.117767334,67860,67871,11
12.9267301559,80.1178207397,67871,67881,10
12.9268798828,80.1179504395,67881,67891,10
12.9271602631,80.1181793213,67891,67961,70
12.9271602631,80.1181793213,67961,67972,11
12.9273700714,80.1185379028,67972,67982,10
12.9275102615,80.1186828613,67982,67992,10
12.9276504517,80.118812561,67992,68002,10
12.9278802872,80.1190338135,68002,68012,10
12.9281196594,80.1192703247,68012,68022,10
12.9282598495,80.1194076538,68022,68032,10
12.9284296036,80.1195983887,68032,68052,20
12.9284296036,80.1195983887,68052,68063,11
12.9286499023,80.1198501587,68063,68073,10
12.9288597107,80.1200714111,68073,68083,10
12.9291601181,80.120300293,68083,69245,1162
12.9291601181,80.120300293,69245,69255,10
12.9293804169,80.1205368042,69255,69265,10
12.9295501709,80.1207504272,69265,69275,10
12.9298696518,80.1210327148,69275,69285,10
12.9301795959,80.1213531494,69285,69295,10
12.9305400848,80.1216888428,69295,69305,10
12.9308395386,80.121963501,69305,69315,10
12.9310903549,80.1221923828,69315,69326,11
12.931429863,80.1225204468,69326,69356,30
12.931429863,80.1225204468,69356,69366,10
12.9315795898,80.1226806641,69366,69376,10
12.9316797256,80.1229400635,69376,69386,10
12.9313602448,80.1227798462,69386,69396,10
12.9309101105,80.1222915649,69396,69406,10
12.9303302765,80.1217498779,69406,69417,11
12.9295902252,80.1210098267,69417,69427,10
12.9288702011,80.120262146,69427,69437,10
12.9282398224,80.1196289063,69437,69447,10
12.9278898239,80.1193084717,69447,69457,10
12.9276103973,80.1190719604,69457,69507,50
12.9276103973,80.1190719604,69507,69518,11
12.9273996353,80.1187896729,69518,69568,50
12.9273996353,80.1187896729,69568,69578,10
12.9270296097,80.1184005737,69578,69588,10
12.9267597198,80.1181335449,69588,69598,10
12.9264097214,80.1177825928,69598,69609,11
12.9260196686,80.1174621582,69609,69619,10
12.9256896973,80.1172180176,69619,69629,10
12.9254102707,80.1169433594,69629,69639,10
12.9251499176,80.1166763306,69639,69649,10
12.9248600006,80.1163864136,69649,69659,10
12.9245700836,80.1160964966,69659,69669,10
12.9243001938,80.115852356,69669,69679,10
12.9240598679,80.1158599854,69679,69689,10
12.923910141,80.1163406372,69689,69690,1
12.9238996506,80.1164016724,69690,69730,40
12.9236803055,80.1174621582,69730,69740,10
12.9236698151,80.1175384521,69740,69750,10
12.9235496521,80.1179733276,69750,69760,10
12.9234199524,80.1186904907,69760,69770,10
12.9233703613,80.1194763184,69770,69780,10
12.9233398438,80.1201019287,69780,69790,10
12.9233398438,80.1205215454,69790,69800,10
12.9233102798,80.1207962036,69800,69835,35
12.9233102798,80.1207962036,69835,69846,11
12.9231901169,80.1210327148,69846,69856,10
12.9231901169,80.1212768555,69856,69866,10
12.9231796265,80.1215820313,69866,69876,10
12.9231595993,80.1220397949,69876,69886,10
12.9231395721,80.1226196289,69886,69896,10
12.923119545,80.1232833862,69896,69907,11
12.9230899811,80.1240386963,69907,69917,10
12.9230604172,80.1248016357,69917,69927,10
12.9230203629,80.1256027222,69927,69937,10
12.9229898453,80.1262283325,69937,69947,10
12.9229698181,80.1268997192,69947,69957,10
12.9229803085,80.1274108887,69957,69977,20
12.9229803085,80.1274108887,69977,69987,10
12.9229402542,80.1276626587,69987,69998,11
12.9229097366,80.1280670166,69998,70008,10
12.9228801727,80.128326416,70008,70018,10
12.9228696823,80.1286087036,70018,70028,10
12.9228401184,80.1290512085,70028,70038,10
12.9228096008,80.1295166016,70038,70048,10
12.9227800369,80.1300430298,70048,70058,10
12.9227600098,80.1307067871,70058,70068,10
12.9227800369,80.1313018799,70068,70078,10
12.9227800369,80.1313476563,70078,70088,10
12.9227600098,80.1315078735,70088,70099,11
12.9227399826,80.1320495605,70099,70109,10
12.9227104187,80.1326599121,70109,70119,10
12.9226999283,80.1332626343,70119,70129,10
12.9226903915,80.1333770752,70129,70139,10
12.922659874,80.1336669922,70139,70149,10
12.9226398468,80.1343002319,70149,70159,10
12.9225997925,80.1350402832,70159,70169,10
12.9225597382,80.1356735229,70169,70179,10
12.9225196838,80.1364135742,70179,70190,11
12.9224796295,80.1371994019,70190,70200,10
12.9224500656,80.1379013062,70200,70210,10
12.922419548,80.1383209229,70210,70220,10
12.9224100113,80.1387023926,70220,70230,10
12.9223804474,80.1389923096,70230,70240,10
12.922369957,80.139541626,70240,70250,10
12.9223804474,80.1401062012,70250,70260,10
12.9223899841,80.1404037476,70260,70270,10
12.9223899841,80.1407470703,70270,70280,10
12.9224004745,80.1412887573,70280,70291,11
12.922419548,80.1415786743,70291,70301,10
12.922419548,80.1418609619,70301,70317,16
12.922419548,80.1423416138,70317,70329,12
12.9224700928,80.1429977417,70329,70390,61
12.9224700928,80.1429977417,70390,70400,10
12.9224596024,80.1432495117,70400,70410,10
12.9224996567,80.1437530518,70410,70430,20
12.9224996567,80.1437530518,70430,70440,10
12.9224700928,80.1440200806,70440,70450,10
12.9224796295,80.1445922852,70450,70460,10
12.9225101471,80.1454162598,70460,70470,10
12.9225597382,80.1462936401,70470,70481,11
12.9225997925,80.1471786499,70481,70491,10
12.9226198196,80.1474075317,70491,70501,10
12.9226198196,80.1474761963,70501,70511,10
12.9225997925,80.1477508545,70511,70521,10
12.9225797653,80.1483230591,70521,70531,10
12.9225902557,80.1490707397,70531,70541,10
12.9226398468,80.1500091553,70541,70551,10
12.922659874,80.150970459,70551,70561,10
12.9226999283,80.151802063,70561,70571,10
12.9227399826,80.1521911621,70571,70582,11
12.922750473,80.1522598267,70582,70592,10
12.9228096008,80.1526031494,70592,70602,10
12.9229602814,80.1531829834,70602,70612,10
12.9231395721,80.1539306641,70612,70622,10
12.9233398438,80.1546173096,70622,70632,10
12.9233798981,80.1547698975,70632,70642,10
12.9233798981,80.1547927856,70642,70652,10
12.92345047,80.1551513672,70652,70662,10
12.9235897064,80.1557693481,70662,70672,10
12.9236297607,80.156578064,70672,70683,11
12.9235601425,80.1573791504,70683,70693,10
12.9234895706,80.1581878662,70693,70703,10
12.9234104156,80.1591186523,70703,70713,10
12.9233198166,80.1600112915,70713,70723,10
12.9232397079,80.1604690552,70723,70733,10
12.9232196808,80.1605300903,70733,70743,10
12.9230899811,80.1609191895,70743,70753,10
12.9228696823,80.1615829468,70753,70764,11
12.9225597382,80.1625289917,70764,70774,10
12.9222698212,80.1634368896,70774,70784,10
12.92208004,80.1641235352,70784,70794,10
12.9220399857,80.1642303467,70794,70804,10
12.9219398499,80.1645507813,70804,70814,10
12.9217300415,80.1651916504,70814,70824,10
12.9214601517,80.1660308838,70824,70834,10
12.9211597443,80.1669235229,70834,70844,10
12.9209299088,80.1676712036,70844,70854,10
12.9207801819,80.1681594849,70854,70870,16
12.9206695557,80.1684188843,70870,70883,13
12.9204597473,80.169090271,70883,70893,10
12.9202899933,80.169631958,70893,70903,10
12.9200401306,80.1704483032,70903,70912,9
12.9199104309,80.1708984375,70912,70923,11
12.9198904037,80.1709289551,70923,70933,10
12.9198303223,80.1711425781,70933,70943,10
12.919670105,80.1716766357,70943,70953,10
12.9194803238,80.1724319458,70953,70964,11
12.9191999435,80.1734237671,70964,70974,10
12.918970108,80.174369812,70974,70984,10
12.9187498093,80.1753005981,70984,70994,10
12.9185199738,80.1761169434,70994,71004,10
12.9183998108,80.1767196655,71004,71014,10
12.9183797836,80.1768798828,71014,71024,10
12.9183101654,80.1772384644,71024,71034,10
12.9182395935,80.1779327393,71034,71044,10
12.9186201096,80.1785964966,71044,71054,10
12.9189596176,80.1790618896,71054,71065,11
12.9190797806,80.1792221069,71065,71075,10
12.9193296432,80.1797180176,71075,71085,10
12.919500351,80.1805419922,71085,71095,10
12.9197101593,80.1814880371,71095,71105,10
12.9199199677,80.1824188232,71105,71115,10
12.9201097488,80.1832580566,71115,71125,10
12.9202899933,80.183921814,71125,71156,31
12.9202899933,80.183921814,71156,71166,10
12.92029953,80.1840209961,71166,71176,10
12.9203701019,80.184387207,71176,71186,10
12.9204902649,80.1849594116,71186,71196,10
12.9205904007,80.185333252,71196,71206,10
12.9205904007,80.1853408813,71206,71215,9
12.9206104279,80.1854171753,71215,71225,10
12.9205904007,80.1858291626,71225,71236,11
12.9201602936,80.1864089966,71236,71246,10
12.9196195602,80.1870193481,71246,71257,11
12.9190797806,80.1876602173,71257,71267,10
12.9187402725,80.188079834,71267,71277,10
12.9186096191,80.1882400513,71277,71287,10
12.9183998108,80.1884384155,71287,71297,10
12.9179897308,80.1888809204,71297,71307,10
12.917599678,80.1895599365,71307,71317,10
12.9174098969,80.1903533936,71317,71327,10
12.9173202515,80.1911468506,71327,71337,10
12.9172000885,80.1919784546,71337,71348,11
12.9170999527,80.1927108765,71348,71358,10
12.9170703888,80.1932220459,71358,71408,50
12.9170703888,80.1932220459,71408,71418,10
12.9169902802,80.1933898926,71418,71428,10
12.9169797897,80.1936569214,71428,71438,10
12.9170598984,80.1940917969,71438,71449,11
12.9173498154,80.1945724487,71449,71459,10
12.9178199768,80.1950073242,71459,71469,10
12.9183502197,80.1954879761,71469,71479,10
12.9188203812,80.195930481,71479,71489,10
12.9193496704,80.1963272095,71489,71498,9
12.9198999405,80.1965789795,71498,71508,10
12.9204797745,80.1967926025,71508,71519,11
12.9208097458,80.1968917847,71519,71529,10
12.9209604263,80.1969528198,71529,71540,11
12.9215202332,80.1971588135,71540,71550,10
12.9221000671,80.1973266602,71550,71560,10
12.9227800369,80.1974411011,71560,71570,10
12.9234399796,80.1975326538,71570,71580,10
12.9241399765,80.1975631714,71580,71590,10
12.9249095917,80.1975479126,71590,71600,10
12.9252700806,80.1975479126,71600,71610,10
12.9257001877,80.1975479126,71610,71620,10
12.9262399673,80.197593689,71620,71630,10
12.9262695313,80.1976013184,71630,71641,11
12.9264202118,80.1976394653,71641,71651,10
12.9267396927,80.197769165,71651,71661,10
12.9272403717,80.198059082,71661,71671,10
12.9277095795,80.1984863281,71671,71681,10
12.9279899597,80.1990280151,71681,71691,10
12.92827034,80.1996383667,71691,71701,10
12.9284200668,80.2003936768,71701,71711,10
12.9284601212,80.2011566162,71711,71721,10
12.9285001755,80.2018203735,71721,71731,10
12.9285402298,80.2024230957,71731,71742,11
12.929019928,80.2027206421,71742,71752,10
12.9293603897,80.2027587891,71752,71768,16
12.9294595718,80.2027816772,71768,71780,12
12.9295797348,80.202796936,71780,71790,10
12.9298801422,80.2028503418,71790,71799,9
12.9303302765,80.2029266357,71799,71810,11
12.9309396744,80.2030563354,71810,71819,9
12.9315500259,80.2032623291,71819,71831,12
12.932299614,80.2035217285,71831,71841,10
12.9327201843,80.2036437988,71841,71851,10
12.9331197739,80.2037963867,71851,71861,10
12.9336004257,80.203918457,71861,71871,10
12.9338197708,80.2039413452,71871,71881,10
12.934009552,80.2039718628,71881,71891,10
12.9343795776,80.2040023804,71891,71901,10
12.934920311,80.2040786743,71901,71911,10
12.9355201721,80.2043533325,71911,71921,10
12.9360904694,80.204536438,71921,71932,11
12.9368000031,80.204750061,71932,71942,10
12.9375095367,80.2049484253,71942,71952,10
12.9381198883,80.2051086426,71952,71962,10
12.9382696152,80.2051620483,71962,71972,10
12.9386796951,80.205291748,71972,71982,10
12.9392995834,80.2054824829,71982,71992,10
12.9398498535,80.2056427002,71992,72002,10
12.9399299622,80.2056732178,72002,72012,10
12.9402999878,80.2057876587,72012,72023,11
12.9409198761,80.2060089111,72023,72033,10
12.9415302277,80.2063369751,72033,72043,10
12.9420900345,80.2067565918,72043,72053,10
12.9426002502,80.2071990967,72053,72063,10
12.9429702759,80.2077102661,72063,72073,10
12.9435596466,80.2081375122,72073,72083,10
12.9440402985,80.2083206177,72083,72093,10
12.9441299438,80.2083435059,72093,72103,10
12.9443998337,80.2084503174,72103,72113,10
12.9449796677,80.2086715698,72113,72124,11
12.945810318,80.2089080811,72124,72134,10
12.9465703964,80.2092132568,72134,72144,10
12.9473600388,80.2095108032,72144,72154,10
12.9480800629,80.2097167969,72154,72164,10
12.9483604431,80.2098007202,72164,72174,10
12.948559761,80.2098922729,72174,72184,10
12.9489202499,80.2100296021,72184,72194,10
12.9490404129,80.2100830078,72194,72204,10
12.9491796494,80.2101516724,72204,72215,11
12.949760437,80.2103805542,72215,72225,10
12.9504995346,80.2107009888,72225,72235,10
12.9511995316,80.2110214233,72235,72245,10
12.9518604279,80.2113265991,72245,72255,10
12.9525203705,80.2115936279,72255,72265,10
12.9528999329,80.2117614746,72265,72275,10
12.9530801773,80.2118377686,72275,72285,10
12.9533500671,80.2119293213,72285,72295,10
12.9534597397,80.2119598389,72295,72305,10
12.9537601471,80.212097168,72305,72316,11
12.9544696808,80.2123794556,72316,72326,10
12.9552602768,80.2126922607,72326,72336,10
12.956029892,80.2130126953,72336,72346,10
12.9568395615,80.2133102417,72346,72356,10
12.9577198029,80.2136688232,72356,72366,10
12.9585399628,80.214012146,72366,72376,10
12.9590597153,80.2142181396,72376,72386,10
12.9596500397,80.2144622803,72386,72396,10
12.9603900909,80.2147598267,72396,72406,10
12.9611797333,80.2150802612,72406,72417,11
12.9620599747,80.215423584,72417,72427,10
12.9628601074,80.2157287598,72427,72437,10
12.9633598328,80.2159118652,72437,72467,30
12.9633598328,80.2159118652,72467,72477,10
12.9635000229,80.2159500122,72477,72487,10
12.9639596939,80.2161483765,72487,72497,10
12.9641304016,80.216217041,72497,72508,11
12.9644699097,80.2163772583,72508,72518,10
12.9649896622,80.2166137695,72518,72528,10
12.9655799866,80.2168426514,72528,72538,10
12.9661502838,80.2170562744,72538,72548,10
12.9666996002,80.2172927856,72548,72558,10
12.9672603607,80.2175216675,72558,72568,10
12.9677400589,80.2177429199,72568,72578,10
12.9683103561,80.2179718018,72578,72588,10
12.9690799713,80.21824646,72588,72599,11
12.970000267,80.2186203003,72599,72609,10
12.9707403183,80.2188873291,72609,72619,10
12.9710798264,80.2189865112,72619,72629,10
12.9711198807,80.2189865112,72629,72639,10
12.971449852,80.2191390991,72639,72649,10
12.9719295502,80.2193527222,72649,72659,10
12.9725103378,80.2195892334,72659,72669,10
12.9730701447,80.219833374,72669,72679,10
12.9734201431,80.2199783325,72679,72710,31
12.9734201431,80.2199783325,72710,72720,10
12.9735803604,80.2200469971,72720,72730,10
12.973950386,80.2202072144,72730,72740,10
12.9744195938,80.220413208,72740,72750,10
12.9748802185,80.2206115723,72750,72942,192
12.9748802185,80.2206115723,72942,72952,10
12.9749698639,80.2205810547,72952,72962,10
12.9751596451,80.2206573486,72962,72972,10
12.9753599167,80.2207107544,72972,72982,10
12.9755601883,80.2208404541,72982,72993,11
12.9757099152,80.2209625244,72993,73498,505
12.9757099152,80.2209625244,73498,73508,10
12.9760103226,80.2212677002,73508,73528,20
12.9760103226,80.2212677002,73528,73538,10
12.9762401581,80.2212600708,73538,73548,10
12.9763898849,80.2212371826,73548,73558,10
12.9765996933,80.2212295532,73558,73569,11
12.9769802094,80.2212295532,73569,73579,10
12.9773397446,80.2212219238,73579,73589,10
12.9777698517,80.221206665,73589,73605,16
12.9784803391,80.2211608887,73605,73617,12
12.9790296555,80.2211227417,73617,73626,9
12.9793701172,80.2210998535,73626,73637,11
12.9798603058,80.2210617065,73637,73648,11
12.9803495407,80.221031189,73648,73658,10
12.9807796478,80.2210006714,73658,73669,11
12.9811601639,80.2211227417,73669,73679,10
12.9815502167,80.2213516235,73679,73689,10
12.9818897247,80.2216110229,73689,73699,10
12.9821195602,80.2217330933,73699,73710,11
12.9823598862,80.2218170166,73710,73720,10
12.9825601578,80.2218780518,73720,73730,10
12.9828901291,80.2220001221,73730,73750,20
12.9828901291,80.2220001221,73750,73761,11
12.983039856,80.2220611572,73761,73771,10
12.9832201004,80.2221908569,73771,73781,10
12.9834699631,80.222366333,73781,73801,20
12.9834699631,80.222366333,73801,73811,10
12.9837503433,80.2225494385,73811,73821,10
12.9839897156,80.2226715088,73821,73831,10
12.9843196869,80.2228775024,73831,73840,9
12.9846601486,80.2230987549,73840,73851,11
12.9850196838,80.2232666016,73851,73862,11
12.9853200912,80.2233276367,73862,73872,10
12.98554039,80.2231369019,73872,73882,10
12.9858703613,80.2229995728,73882,73892,10
12.9862298965,80.2229919434,73892,73902,10
12.9865598679,80.2229919434,73902,73912,10
12.9870195389,80.2230529785,73912,73932,20
12.9870195389,80.2230529785,73932,73942,10
12.9872198105,80.2230834961,73942,73953,11
12.9875402451,80.2230834961,73953,73963,10
12.9879598618,80.22290802,73963,73973,10
12.988360405,80.2225799561,73973,73983,10
12.9886903763,80.2222518921,73983,73993,10
12.9890298843,80.221862793,73993,74003,10
12.9893703461,80.2214431763,74003,74013,10
12.9897403717,80.2210006714,74013,74023,10
12.9901895523,80.2205505371,74023,74033,10
12.9905195236,80.2202835083,74033,74043,10
12.9905900955,80.2202224731,74043,74054,11
12.9908704758,80.2199935913,74054,74064,10
12.9911403656,80.2197799683,74064,74074,10
12.9913396835,80.219619751,74074,74084,10
12.9917201996,80.2193527222,74084,74094,10
12.992190361,80.2190093994,74094,74104,10
12.9927101135,80.2186431885,74104,74114,10
12.9932603836,80.2182312012,74114,74124,10
12.9937801361,80.2178573608,74124,74134,10
12.9942998886,80.2174682617,74134,74145,11
12.9947900772,80.2171020508,74145,74155,10
12.9952001572,80.2168579102,74155,74165,10
12.9956598282,80.2166595459,74165,74175,10
12.9961395264,80.216583252,74175,74185,10
12.996629715,80.2165222168,74185,74195,10
12.9970703125,80.2164611816,74195,74215,20
12.9970703125,80.2164611816,74215,74225,10
12.9973297119,80.216293335,74225,74241,16
12.9978904724,80.2157897949,74241,74254,13
12.9984197617,80.2152786255,74254,74264,10
12.998840332,80.2148895264,74264,74274,10
12.9990701675,80.2147064209,74274,74284,10
12.9993696213,80.2144470215,74284,74294,10
12.9996995926,80.2141799927,74294,74304,10
12.9999704361,80.2139434814,74304,74314,10
13.0003299713,80.2136306763,74314,74324,10
13.0006504059,80.2133483887,74324,74334,10
13.00096035,80.2130889893,74334,74344,10
13.0011997223,80.2129135132,74344,74355,11
13.0014600754,80.2127227783,74355,74366,11
13.0018396378,80.2124633789,74366,74376,10
13.0022602081,80.2121963501,74376,74385,9
13.002579689,80.212097168,74385,74396,11
13.0029697418,80.2120666504,74396,74406,10
13.0034103394,80.2120437622,74406,74416,10
13.0036001205,80.2119369507,74416,74426,10
13.0036201477,80.2117767334,74426,74437,11
13.0036096573,80.2114334106,74437,74447,10
13.0035800934,80.2110366821,74447,74457,10
13.0035200119,80.2106170654,74457,74467,10
13.0034704208,80.2101974487,74467,74477,10
13.0034399033,80.2098770142,74477,74487,10
13.0034303665,80.2095108032,74487,74497,10
13.003279686,80.2093200684,74497,74507,10
13.0029201508,80.2091217041,74507,74517,10
13.002579689,80.2089385986,74517,74527,10
13.0021800995,80.2087097168,74527,74538,11
13.0018396378,80.2085418701,74538,74770,232
13.0018396378,80.2085418701,74770,74780,10
13.0017204285,80.208480835,74780,74790,10
13.0014696121,80.2083511353,74790,74800,10
13.0010900497,80.208152771,74800,74821,21
13.0010900497,80.208152771,74821,74831,10
13.0008401871,80.2080230713,74831,74841,10
13.0006399155,80.2079162598,74841,74851,10
13.0004997253,80.207862854,74851,74861,10
13.0002202988,80.2078018188,74861,74871,10
12.9998998642,80.2077407837,74871,74881,10
12.9995603561,80.2076568604,74881,74891,10
12.9992799759,80.2076187134,74891,74901,10
12.9989595413,80.2075500488,74901,74911,10
12.9986200333,80.2074813843,74911,74922,11
12.9982299805,80.2073898315,74922,74932,10
12.9977903366,80.2072982788,74932,74948,16
12.9971199036,80.2071609497,74948,74960,12
12.9966201782,80.2070617676,74960,74970,10
12.9963197708,80.2070007324,74970,74980,10
12.9959402084,80.2069168091,74980,74990,10
12.9956798553,80.2068634033,74990,75000,10
12.9953098297,80.20677948,75000,75010,10
12.9948596954,80.2066726685,75010,75021,11
12.9945402145,80.2066268921,75021,75031,10
12.9944601059,80.20677948,75031,75041,10
12.994310379,80.2068634033,75041,75051,10
12.9941396713,80.2068862915,75051,75081,30
