13.026550293,80.2655563354,16,3268,3252
13.026550293,80.2655563354,3268,3278,10
13.026720047,80.2657470703,3278,3338,60
13.0265798569,80.2656173706,3338,4761,1423
13.0265798569,80.2656173706,4761,4772,11
13.026720047,80.2655029297,4772,4782,10
13.0268096924,80.2656936646,4782,4812,30
13.0266895294,80.2656478882,4812,4953,141
13.0266895294,80.2656478882,4953,4963,10
13.0266103745,80.2654876709,4963,5105,142
13.0267095566,80.2655792236,5105,5185,80
13.0267095566,80.2655792236,5185,5195,10
13.0266895294,80.2655715942,5195,5226,31
13.0267000198,80.265663147,5226,5379,153
13.0267000198,80.265663147,5379,5389,10
13.0266895294,80.2656402588,5389,5399,10
13.0267000198,80.2656478882,5399,5408,9
13.0267095566,80.2656021118,5408,5419,11
13.0267601013,80.265586853,5419,5440,21
13.0267496109,80.265586853,5440,5561,121
13.0266895294,80.2655563354,5561,5682,121
13.026720047,80.2656021118,5682,5763,81
13.026720047,80.2654876709,5763,5793,30
13.026720047,80.2654876709,5793,5803,10
13.0268001556,80.2654876709,5803,5823,20
13.0268001556,80.2654876709,5823,5833,10
13.02643013,80.2655029297,5833,5864,31
13.026720047,80.2655792236,5864,5954,90
13.0267601013,80.2655792236,5954,5985,31
13.026720047,80.2656173706,5985,6035,50
13.026720047,80.2656173706,6035,6045,10
13.0266399384,80.2656021118,6045,6126,81
13.0266399384,80.2656402588,6126,6146,20
13.0266399384,80.2656402588,6146,6156,10
13.0267095566,80.2655487061,6156,6197,41
13.0267801285,80.2655715942,6197,6237,40
13.0266399384,80.2656021118,6237,6257,20
13.0266399384,80.2656021118,6257,6267,10
13.0264501572,80.2657394409,6267,6277,10
13.0264997482,80.2657165527,6277,6287,10
13.026599884,80.2657394409,6287,6449,162
13.026720047,80.2655410767,6449,6469,20
13.0266399384,80.2655410767,6469,6489,20
13.0266304016,80.265586853,6489,6540,51
13.0266304016,80.265586853,6540,6550,10
13.0266504288,80.2656021118,6550,6560,10
13.0266799927,80.265586853,6560,6590,30
13.026599884,80.2656402588,6590,6631,41
13.026720047,80.265663147,6631,6691,60
13.0266895294,80.2655410767,6691,6782,91
13.0266504288,80.2655410767,6782,6832,50
13.0266504288,80.2655410767,6832,6843,11
13.0266304016,80.2656478882,6843,6893,50
13.0266304016,80.2656478882,6893,6903,10
13.0266399384,80.2655487061,6903,6913,10
13.0266304016,80.2656326294,6913,6974,61
13.0266599655,80.2654266357,6974,7044,70
13.0266599655,80.2654266357,7044,7054,10
13.0267000198,80.2655792236,7054,7155,101
13.0265703201,80.265586853,7155,7226,71
13.0266895294,80.2656326294,7226,7256,30
13.0266895294,80.2656326294,7256,7266,10
13.0266504288,80.2656021118,7266,7317,51
13.0266704559,80.2655334473,7317,7337,20
13.0266704559,80.2655334473,7337,7347,10
13.026599884,80.2656402588,7347,7438,91
13.026599884,80.2656402588,7438,7448,10
13.0266399384,80.2655487061,7448,7468,20
13.0266399384,80.2655487061,7468,7478,10
13.0266199112,80.2656326294,7478,7488,10
13.0266304016,80.2656402588,7488,7499,11
13.026720047,80.2657012939,7499,7509,10
13.0266599655,80.2656097412,7509,7519,10
13.0266504288,80.2656021118,7519,7539,20
13.0267000198,80.265586853,7539,7569,30
13.0266799927,80.2656402588,7569,7589,20
13.0266799927,80.2656402588,7589,7599,10
13.0266895294,80.2656326294,7599,7610,11
13.0265302658,80.2657623291,7610,7630,20
13.0265302658,80.2657623291,7630,7640,10
13.0266599655,80.265663147,7640,7670,30
13.0266599655,80.265663147,7670,7680,10
13.0266103745,80.2657012939,7680,7690,10
13.0265398026,80.2657699585,7690,7700,10
13.026550293,80.2657928467,7700,7710,10
13.0268201828,80.265663147,7710,7781,71
13.0266704559,80.2655181885,7781,7821,40
13.0266199112,80.2655410767,7821,7902,81
13.0266399384,80.2655487061,7902,7922,20
13.0265798569,80.265586853,7922,7973,51
13.0267601013,80.2655715942,7973,8013,40
13.0267601013,80.2655715942,8013,8023,10
13.0266799927,80.2655792236,8023,8033,10
13.0266895294,80.2656402588,8033,8044,11
13.0267000198,80.2656097412,8044,8114,70
13.0267000198,80.2656097412,8114,8124,10
13.0267095566,80.2657394409,8124,8175,51
13.0266399384,80.2657394409,8175,8225,50
13.0266304016,80.2655792236,8225,8266,41
13.0266599655,80.2656326294,8266,8286,20
13.0267400742,80.2656021118,8286,8326,40
13.0267400742,80.2656021118,8326,8336,10
13.0268802643,80.2654037476,8336,8377,41
13.0268802643,80.2654037476,8377,8387,10
13.0267295837,80.2655715942,8387,8397,10
13.0266599655,80.2656173706,8397,8407,10
13.0266895294,80.2656021118,8407,8427,20
13.0266895294,80.2656021118,8427,8437,10
13.0266399384,80.2655563354,8437,8447,10
13.0266399384,80.2655563354,8447,8467,20
13.0265703201,80.2655181885,8467,8498,31
13.0265703201,80.2655334473,8498,8619,121
13.0265398026,80.2656173706,8619,8740,121
13.0265398026,80.2654876709,8740,8760,20
13.0265398026,80.2654876709,8760,8770,10
13.0265398026,80.2656326294,8770,8851,81
13.0263996124,80.2657012939,8851,8881,30
13.0263996124,80.2657012939,8881,8891,10
13.0267000198,80.2657699585,8891,8942,51
13.0267000198,80.2657699585,8942,8952,10
13.026599884,80.2656173706,8952,8962,10
13.026599884,80.2655792236,8962,8983,21
13.0265903473,80.2656173706,8983,9013,30
13.0265703201,80.265586853,9013,9055,42
13.0265703201,80.265586853,9055,9065,10
13.0266304016,80.2656097412,9065,9075,10
13.026599884,80.2656784058,9075,9166,91
13.0265598297,80.2657012939,9166,9196,30
13.026599884,80.2658081055,9196,9236,40
13.026599884,80.2658081055,9236,9247,11
13.0265102386,80.2657165527,9247,9317,70
13.0265102386,80.2657165527,9317,9327,10
13.026599884,80.2655792236,9327,9368,41
13.0266799927,80.2654800415,9368,9398,30
13.0266399384,80.2655792236,9398,9509,111
13.0266399384,80.2656402588,9509,9549,40
13.0266599655,80.2655181885,9549,9590,41
13.0266599655,80.2655181885,9590,9600,10
13.0266895294,80.265586853,9600,9610,10
13.0266599655,80.2656402588,9610,9640,30
13.0266599655,80.2656402588,9640,9650,10
13.0265798569,80.2657928467,9650,9923,273
13.0266399384,80.265663147,9923,9983,60
13.0266399384,80.265663147,9983,9993,10
13.0267601013,80.2656707764,9993,10064,71
13.0267601013,80.2656707764,10064,10074,10
13.0266304016,80.2655792236,10074,10115,41
13.0266304016,80.2655792236,10115,10125,10
13.0266599655,80.2655105591,10125,10135,10
13.026599884,80.2655792236,10135,10165,30
13.026599884,80.2655792236,10165,10175,10
13.0265398026,80.2655792236,10175,10185,10
13.0265197754,80.2657089233,10185,10195,10
13.026550293,80.2657012939,10195,10205,10
13.0265102386,80.2657318115,10205,10216,11
13.0263900757,80.2659683228,10216,10226,10
13.0265598297,80.2657165527,10226,10256,30
13.0265598297,80.2657165527,10256,10266,10
13.0266199112,80.2656784058,10266,10276,10
13.0265703201,80.2657318115,10276,10316,40
13.0265703201,80.2657318115,10316,10327,11
13.0266599655,80.2656402588,10327,10357,30
13.0264596939,80.2654571533,10357,10397,40
13.026599884,80.265586853,10397,10468,71
13.0265798569,80.2654800415,10468,10559,91
13.0266799927,80.2655563354,10559,10599,40
13.0266799927,80.2655563354,10599,10609,10
13.0265798569,80.2655563354,10609,10619,10
13.0265398026,80.2654571533,10619,10629,10
13.0265398026,80.2654571533,10629,10660,31
13.0265302658,80.2655181885,10660,10690,30
13.0265302658,80.2655181885,10690,10700,10
13.0264501572,80.2655487061,10700,10720,20
13.0265798569,80.2656707764,10720,10740,20
13.0265798569,80.2656707764,10740,10750,10
13.0265798569,80.265663147,10750,10771,21
13.0265798569,80.265663147,10771,10781,10
13.0266304016,80.2654418945,10781,10801,20
13.0266304016,80.2654418945,10801,10811,10
13.0267095566,80.2654571533,10811,10821,10
13.0267601013,80.2653808594,10821,10831,10
13.0266799927,80.2655181885,10831,10841,10
13.0266895294,80.2655334473,10841,10851,10
13.0266399384,80.2654418945,10851,10912,61
13.0266399384,80.2654418945,10912,10922,10
13.0266399384,80.2655029297,10922,10932,10
13.0267801285,80.2657165527,10932,10942,10
13.0269002914,80.265838623,10942,10952,10
13.0269203186,80.265838623,10952,10962,10
13.0269298553,80.2659835815,10962,10973,11
13.0267496109,80.2656478882,10973,11023,50
13.0267496109,80.2656478882,11023,11033,10
13.0265703201,80.2654571533,11033,11184,151
13.0266399384,80.2654724121,11184,11275,91
13.0266399384,80.2654724121,11275,11285,10
13.0267696381,80.2657470703,11285,11295,10
13.0267801285,80.2660217285,11295,11306,11
13.0267801285,80.2665023804,11306,11316,10
13.0268697739,80.2654800415,11316,11326,10
13.0266799927,80.2650527954,11326,11336,10
13.0268201828,80.2652587891,11336,11346,10
13.0269603729,80.2653198242,11346,11356,10
13.02684021,80.2655029297,11356,11366,10
13.0267000198,80.2658233643,11366,11376,10
13.0264596939,80.2663192749,11376,11447,71
13.0264596939,80.2663192749,11447,11457,10
13.0266199112,80.2653427124,11457,11467,10
13.0266895294,80.2657623291,11467,11477,10
13.0265703201,80.2654190063,11477,11487,10
13.026599884,80.2654190063,11487,11497,10
13.0267801285,80.2652893066,11497,11507,10
13.0267095566,80.2651824951,11507,11518,11
13.0267496109,80.2656173706,11518,11528,10
13.026720047,80.2654724121,11528,11538,10
13.0268096924,80.26537323,11538,11548,10
13.026889801,80.2652893066,11548,11558,10
13.027009964,80.2647171021,11558,11568,10
13.0267295837,80.2654724121,11568,11578,10
13.0267696381,80.265663147,11578,11588,10
13.026720047,80.2655792236,11588,11598,10
13.0267295837,80.2655334473,11598,11608,10
13.0267095566,80.2655334473,11608,11618,10
13.0266895294,80.265586853,11618,11629,11
13.0265703201,80.2655563354,11629,11639,10
13.0265798569,80.2655715942,11639,11649,10
13.0266504288,80.2656478882,11649,11659,10
13.0266599655,80.2656478882,11659,11669,10
13.0266399384,80.2656402588,11669,11679,10
13.0265703201,80.2657012939,11679,11689,10
13.0265302658,80.2656402588,11689,11699,10
13.0265598297,80.2656097412,11699,11709,10
13.0265598297,80.2656784058,11709,11719,10
13.0266103745,80.2657165527,11719,11729,10
13.0266599655,80.2656784058,11729,11740,11
13.0266895294,80.2657089233,11740,11750,10
13.0266599655,80.2657318115,11750,11760,10
13.0266399384,80.2656173706,11760,11770,10
13.0266599655,80.2656173706,11770,11780,10
13.0267801285,80.2657012939,11780,11790,10
13.0267400742,80.2657012939,11790,11830,40
13.0267400742,80.2657012939,11830,11841,11
13.0268201828,80.2657394409,11841,11851,10
13.0266199112,80.2656097412,11851,11861,10
13.0266504288,80.2656707764,11861,11871,10
13.0264196396,80.2656173706,11871,11881,10
13.0267000198,80.2657012939,11881,11891,10
13.0266599655,80.2656021118,11891,11901,10
13.0265598297,80.2655487061,11901,11911,10
13.0264596939,80.2654571533,11911,11921,10
13.0269002914,80.265838623,11921,11931,10
13.0266199112,80.2659072876,11931,11941,10
13.0263595581,80.2658615112,11941,11952,11
13.0266704559,80.2658081055,11952,11962,10
13.0264596939,80.2658309937,11962,11972,10
13.026599884,80.2653884888,11972,11982,10
13.0265102386,80.2658996582,11982,11992,10
13.0266504288,80.2655487061,11992,12002,10
13.026720047,80.2657012939,12002,12012,10
13.0268096924,80.2655410767,12012,12022,10
13.026599884,80.2652893066,12022,12032,10
13.026550293,80.26587677,12032,12042,10
13.0267696381,80.2658004761,12042,12052,10
13.0266199112,80.2656173706,12052,12083,31
13.0266199112,80.2656173706,12083,12093,10
13.0266599655,80.2667388916,12093,12103,10
13.0266399384,80.2656402588,12103,12113,10
13.0265703201,80.2655181885,12113,12123,10
13.0266199112,80.2654571533,12123,12133,10
13.0266399384,80.2655563354,12133,12143,10
13.0266895294,80.2655105591,12143,12153,10
13.0267601013,80.2654037476,12153,12163,10
13.0267696381,80.2653884888,12163,12174,11
13.0267801285,80.2654571533,12174,12184,10
13.0267496109,80.2654266357,12184,12194,10
13.026599884,80.265411377,12194,12204,10
13.0266199112,80.2655715942,12204,12214,10
13.0266199112,80.2656326294,12214,12224,10
13.0266199112,80.2656402588,12224,12234,10
13.0266504288,80.2656478882,12234,12244,10
13.026599884,80.2657623291,12244,12254,10
13.0266599655,80.2657623291,12254,12264,10
13.0266799927,80.2657928467,12264,12275,11
13.0266704559,80.2658004761,12275,12285,10
13.0266399384,80.2657089233,12285,12295,10
13.0267400742,80.2657012939,12295,12305,10
13.0267801285,80.2657394409,12305,12315,10
13.0267601013,80.2658004761,12315,12325,10
13.0267696381,80.2656936646,12325,12335,10
13.0266504288,80.2656784058,12335,12355,20
13.0266504288,80.2656784058,12355,12365,10
13.0266199112,80.2657012939,12365,12375,10
13.0265798569,80.2656173706,12375,12396,21
13.0265798569,80.2656173706,12396,12406,10
13.0268602371,80.2656478882,12406,12416,10
13.0272598267,80.2657699585,12416,12497,81
13.0272598267,80.2657699585,12497,12507,10
13.0269098282,80.2656402588,12507,12517,10
13.026720047,80.2655715942,12517,12527,10
13.0266399384,80.2656784058,12527,12537,10
13.0268697739,80.2656326294,12537,12547,10
13.0269002914,80.2655715942,12547,12557,10
13.0267095566,80.265663147,12557,12567,10
13.0266799927,80.2656402588,12567,12577,10
13.0267601013,80.2656021118,12577,12587,10
13.0267000198,80.2656402588,12587,12597,10
13.0266895294,80.2656173706,12597,12608,11
13.0267896652,80.2656173706,12608,12618,10
13.027179718,80.2658081055,12618,12648,30
13.027179718,80.2658081055,12648,12658,10
13.0265302658,80.2657394409,12658,12668,10
13.0266504288,80.2655487061,12668,12678,10
13.0266504288,80.2658233643,12678,12688,10
13.0267801285,80.2656173706,12688,12698,10
13.0268602371,80.2658004761,12698,12708,10
13.0266199112,80.2656402588,12708,12719,11
13.0267601013,80.2656021118,12719,12729,10
13.0269298553,80.2656784058,12729,12739,10
13.0269002914,80.2655029297,12739,12749,10
13.0266304016,80.265838623,12749,12759,10
13.0266399384,80.2657165527,12759,12769,10
13.026720047,80.2655487061,12769,12779,10
13.0266799927,80.2656402588,12779,12789,10
13.0266704559,80.2658233643,12789,12799,10
13.0267496109,80.2656402588,12799,12809,10
13.0266599655,80.2657012939,12809,12820,11
13.02684021,80.2655792236,12820,12830,10
13.0267801285,80.2657012939,12830,12840,10
13.0267400742,80.2658996582,12840,12850,10
13.0268602371,80.2656021118,12850,12860,10
13.0269002914,80.2655715942,12860,12870,10
13.0266895294,80.2657165527,12870,12880,10
13.0268697739,80.2656478882,12880,12890,10
13.0268802643,80.2654037476,12890,12900,10
13.0269002914,80.2652893066,12900,12910,10
13.0268096924,80.26537323,12910,12920,10
13.0266799927,80.2655487061,12920,12931,11
13.0268001556,80.2655563354,12931,12941,10
13.0269804001,80.2652816772,12941,12951,10
13.0269298553,80.2655029297,12951,12961,10
13.0271596909,80.2651824951,12961,12971,10
13.0266704559,80.2656936646,12971,13011,40
13.0266704559,80.2656936646,13011,13021,10
13.0268497467,80.2656402588,13021,13031,10
13.0270500183,80.2653121948,13031,13042,11
13.0269804001,80.2654418945,13042,13052,10
13.0268602371,80.2654571533,13052,13062,10
13.0270595551,80.2652511597,13062,13072,10
13.0268697739,80.2656784058,13072,13082,10
13.0269002914,80.2655105591,13082,13092,10
13.0268697739,80.2655181885,13092,13102,10
13.0270395279,80.2654571533,13102,13112,10
13.0268497467,80.2655487061,13112,13122,10
13.0268297195,80.2653579712,13122,13132,10
13.027009964,80.2652206421,13132,13142,10
13.0270595551,80.265007019,13142,13153,11
13.0267400742,80.2654266357,13153,13163,10
13.0266599655,80.2654724121,13163,13173,10
13.0265102386,80.2657775879,13173,13284,111
13.0265102386,80.2657775879,13284,13294,10
13.027879715,80.2654266357,13294,13304,10
13.0269603729,80.2654800415,13304,13314,10
13.0267400742,80.2655029297,13314,13324,10
13.0268697739,80.2655105591,13324,13334,10
13.0267601013,80.2656097412,13334,13344,10
13.0272397995,80.2654418945,13344,13354,10
13.0265598297,80.2657318115,13354,13365,11
13.0269002914,80.265586853,13365,13375,10
13.026720047,80.2655334473,13375,13425,50
13.026720047,80.2655334473,13425,13435,10
13.0260696411,80.266418457,13435,13445,10
13.0268802643,80.2653198242,13445,13455,10
13.027009964,80.2652130127,13455,13465,10
13.0269098282,80.265296936,13465,13476,11
13.0264396667,80.2658691406,13476,13486,10
13.0269603729,80.265411377,13486,13496,10
13.026889801,80.2654418945,13496,13506,10
13.0267801285,80.2653198242,13506,13516,10
13.026720047,80.2653808594,13516,13526,10
13.0263595581,80.26587677,13526,13587,61
13.0263595581,80.26587677,13587,13597,10
13.0275001526,80.2648468018,13597,13607,10
13.0269804001,80.2655105591,13607,13617,10
13.0271596909,80.2650985718,13617,13627,10
13.0271596909,80.2652893066,13627,13637,10
13.0270900726,80.2652816772,13637,13647,10
13.0269699097,80.2654037476,13647,13657,10
13.0268297195,80.2656936646,13657,13667,10
13.0270204544,80.265411377,13667,13677,10
13.0270500183,80.2654571533,13677,13687,10
13.0267496109,80.2655410767,13687,13698,11
13.0270996094,80.2653808594,13698,13708,10
13.027299881,80.2649230957,13708,13718,10
13.0269203186,80.2656402588,13718,13728,10
13.0271396637,80.2651672363,13728,13738,10
13.0267000198,80.2657012939,13738,13748,10
13.0270004272,80.2655029297,13748,13889,141
13.0270004272,80.2655029297,13889,13899,10
13.0267295837,80.2653808594,13899,13910,11
13.0269603729,80.2652664185,13910,13920,10
13.0265598297,80.2658233643,13920,13930,10
13.026720047,80.2658309937,13930,13940,10
13.026720047,80.2654724121,13940,13950,10
13.0269203186,80.2653198242,13950,13960,10
13.0269298553,80.2655792236,13960,13970,10
13.0267601013,80.2656021118,13970,13980,10
13.0266799927,80.2657012939,13980,13990,10
13.0268001556,80.2657089233,13990,14000,10
13.0270595551,80.2656021118,14000,14010,10
13.0268602371,80.2656021118,14010,14192,182
13.0268602371,80.2656021118,14192,14202,10
13.0270795822,80.2651062012,14202,14212,10
13.0282001495,80.2640609741,14212,17212,3000
13.0282001495,80.2640609741,17212,17222,10
13.0270700455,80.2651596069,17222,17232,10
13.0270700455,80.2650909424,17232,17242,10
13.0267601013,80.2657775879,17242,17384,142
13.0266504288,80.2656784058,17384,17444,60
13.0266399384,80.2657318115,17444,18001,557
13.0266304016,80.2656173706,18001,18173,172
13.0266304016,80.2656173706,18173,18183,10
13.0266199112,80.265586853,18183,18243,60
13.0266304016,80.2655410767,18243,18274,31
13.0266304016,80.2655410767,18274,18284,10
13.0266504288,80.2656097412,18284,18304,20
13.0266895294,80.2656936646,18304,20498,2194
13.0266895294,80.2655715942,20498,20862,364
13.0266399384,80.2655487061,20862,21579,717
13.0266399384,80.2655487061,21579,21589,10
13.0265197754,80.2655563354,21589,21852,263
13.0266599655,80.2655029297,21852,22044,192
13.0266599655,80.2655410767,22044,22094,50
13.026550293,80.26537323,22094,22266,172
13.026550293,80.26537323,22266,22276,10
13.0263299942,80.2653884888,22276,22286,10
13.0263299942,80.2654266357,22286,22296,10
13.0263299942,80.2656021118,22296,22306,10
13.0262804031,80.2658615112,22306,22316,10
13.0261001587,80.2658462524,22316,22326,10
13.025759697,80.2656707764,22326,22336,10
13.0253295898,80.2653808594,22336,22346,10
13.0252599716,80.2653198242,22346,22356,10
13.0250101089,80.2651367188,22356,22366,10
13.0245895386,80.2648620605,22366,22376,10
13.0240297318,80.2644424438,22376,22387,11
13.0233802795,80.2641067505,22387,22397,10
13.0227403641,80.2637329102,22397,22407,10
13.0221500397,80.2634429932,22407,22417,10
13.0220298767,80.2633590698,22417,22427,10
13.0217504501,80.2632293701,22427,22436,9
13.0210504532,80.2630615234,22436,22447,11
13.0200796127,80.2630081177,22447,22457,10
13.0192604065,80.2629089355,22457,22467,10
13.0189399719,80.2626724243,22467,22477,10
13.018819809,80.26197052,22477,22487,10
13.0185499191,80.2612380981,22487,22498,11
13.0174999237,80.2604675293,22498,22508,10
13.0165395737,80.2598724365,22508,22518,10
13.0161399841,80.2596817017,22518,22528,10
13.0158195496,80.259552002,22528,22538,10
13.0151901245,80.2593688965,22538,22548,10
13.0142002106,80.2593002319,22548,22558,10
13.0130300522,80.2592468262,22558,22568,10
13.0117397308,80.2592010498,22568,22579,11
13.0104503632,80.2592086792,22579,22590,11
13.0092401505,80.2591781616,22590,22600,10
13.008769989,80.2592163086,22600,22610,10
13.0083198547,80.2592086792,22610,22620,10
13.0077896118,80.2593231201,22620,22630,10
13.0072698593,80.2589263916,22630,22640,10
13.0071201324,80.2585296631,22640,22650,10
13.0068101883,80.2580108643,22650,22660,10
13.0064296722,80.2575302124,22660,22670,10
13.0064296722,80.2566833496,22670,22680,10
13.0064601898,80.2556991577,22680,22691,11
13.006480217,80.2545776367,22691,22701,10
13.006480217,80.2540283203,22701,22710,9
13.0064897537,80.2533493042,22710,22721,11
13.0065002441,80.2525100708,22721,22731,10
13.0066204071,80.2518768311,22731,22741,10
13.0067300797,80.2511901855,22741,22751,10
13.0067396164,80.250289917,22751,22761,10
13.0066995621,80.2498016357,22761,22771,10
13.0067100525,80.2496185303,22771,22781,10
13.0066900253,80.2489700317,22781,22791,10
13.0066204071,80.2482910156,22791,22802,11
13.0065803528,80.2475509644,22802,22822,20
13.0065803528,80.2475509644,22822,22832,10
13.0066003799,80.2472915649,22832,22842,10
13.0065898895,80.2468032837,22842,22852,10
13.0066299438,80.2463531494,22852,22862,10
13.0066299438,80.2454833984,22862,22872,10
13.0066604614,80.2444763184,22872,22882,10
13.0066604614,80.2434234619,22882,22892,10
13.0066299438,80.2422332764,22892,22902,10
13.0066795349,80.2410888672,22902,22913,11
13.0069103241,80.239982605,22913,22923,10
13.0071201324,80.2388305664,22923,22933,10
13.0073795319,80.2375793457,22933,22943,10
13.0074996948,80.2368011475,22943,22953,10
13.0075302124,80.236656189,22953,22963,10
13.007519722,80.236656189,22963,22973,10
13.0075902939,80.2362213135,22973,22983,10
13.0078001022,80.2352981567,22983,22993,10
13.0080404282,80.2341003418,22993,23003,10
13.0083198547,80.2327804565,23003,23013,10
13.0086202621,80.231262207,23013,23024,11
13.0089702606,80.2295303345,23024,23034,10
13.0092601776,80.2281188965,23034,23044,10
13.0098199844,80.2267990112,23044,23054,10
13.0104198456,80.2255477905,23054,23064,10
13.0108699799,80.224609375,23064,23074,10
13.0112400055,80.223739624,23074,23084,10
13.0113401413,80.2232589722,23084,23094,10
13.0116500854,80.2225875854,23094,23104,10
13.0119199753,80.2218093872,23104,23114,10
13.0123300552,80.2216415405,23114,23124,10
13.0127401352,80.2222366333,23124,23135,11
13.013420105,80.2229614258,23135,23145,10
13.0140695572,80.2235488892,23145,23155,10
13.0145196915,80.2239379883,23155,23165,10
13.0152397156,80.2248306274,23165,23175,10
13.015999794,80.2253799438,23175,23185,10
13.017080307,80.2251586914,23185,23195,10
13.0182800293,80.2246704102,23195,23211,16
13.0196504593,80.2245025635,23211,23223,12
13.0197000504,80.2245407104,23223,23231,8
13.019900322,80.2246704102,23231,23244,13
13.0207901001,80.2253189087,23244,23254,10
13.0216503143,80.2259597778,23254,23264,10
13.0223503113,80.2265167236,23264,23273,9
13.0231199265,80.2272109985,23273,23284,11
13.0240402222,80.2281036377,23284,23294,10
13.0246200562,80.2288894653,23294,23304,10
13.0252895355,80.2298126221,23304,23314,10
13.0259103775,80.2308731079,23314,23324,10
13.0260601044,80.2314071655,23324,23335,11
13.0264396667,80.231300354,23335,23346,11
13.0273199081,80.2310409546,23346,23356,10
13.0280399323,80.2309570313,23356,23366,10
13.0282897949,80.2309494019,23366,23376,10
13.0286302567,80.2308883667,23376,23386,10
13.0291004181,80.2308273315,23386,23396,10
13.0293102264,80.2308120728,23396,23406,10
13.0298204422,80.2307662964,23406,23416,10
13.0301799774,80.2307434082,23416,23428,12
13.0304803848,80.2307281494,23428,23438,10
13.0309000015,80.2306976318,23438,23448,10
13.0314302444,80.2306671143,23448,23459,11
13.0322198868,80.2305831909,23459,23469,10
13.0330200195,80.2305221558,23469,23479,10
13.034239769,80.2304077148,23479,23499,20
13.034239769,80.2304077148,23499,23509,10
13.0343999863,80.2303695679,23509,23519,10
13.0347995758,80.2302703857,23519,23529,10
13.0350704193,80.2303009033,23529,23539,10
13.0347604752,80.2303314209,23539,24751,1212
13.0347604752,80.2303314209,24751,24761,10
13.0345401764,80.2303695679,24761,24771,10
13.0344600677,80.2303924561,24771,24781,10
13.0342102051,80.2304611206,24781,24791,10
13.034119606,80.2304763794,24791,24801,10
13.0338697433,80.2304992676,24801,24811,10
13.0335102081,80.2305297852,24811,24821,10
13.0332698822,80.2305603027,24821,24831,10
13.0327396393,80.2306289673,24831,24841,10
13.0319404602,80.2306976318,24841,24851,10
13.0310697556,80.2307662964,24851,24862,11
13.0299100876,80.2308273315,24862,24882,20
13.0299100876,80.2308273315,24882,24892,10
13.0295801163,80.2308425903,24892,24902,10
13.0290603638,80.2308807373,24902,24912,10
13.0284700394,80.2309494019,24912,24922,10
13.0278396606,80.231048584,24922,24932,10
13.0277004242,80.2313232422,24932,24942,10
13.0277004242,80.2318878174,24942,24952,10
13.0278100967,80.2325286865,24952,24963,11
13.0275402069,80.2328720093,24963,24973,10
13.0269899368,80.2329483032,24973,24983,10
13.0265703201,80.2329483032,24983,24993,10
13.026260376,80.2321777344,24993,25003,10
13.0259895325,80.231010437,25003,25013,10
13.0253095627,80.2297210693,25013,25022,9
13.0242795944,80.2285308838,25022,25043,21
13.0242795944,80.2285308838,25043,25053,10
13.0241603851,80.2284088135,25053,25063,10
13.0240402222,80.228302002,25063,25074,11
13.0238103867,80.228012085,25074,25084,10
13.023639679,80.2278900146,25084,25094,10
13.0233802795,80.2276229858,25094,25104,10
13.0231199265,80.2273178101,25104,25114,10
13.0228099823,80.2271499634,25114,25124,10
13.0226097107,80.2269515991,25124,25133,9
13.0225095749,80.2268600464,25133,25144,11
13.0219697952,80.2264633179,25144,25154,10
13.0212898254,80.2258377075,25154,25164,10
13.0204696655,80.2252120972,25164,25174,10
13.0191402435,80.2245178223,25174,25235,61
13.0191402435,80.2245178223,25235,25245,10
13.0186595917,80.2245864868,25245,25255,10
13.0177402496,80.2249526978,25255,25265,10
13.0164899826,80.2254562378,25265,25275,10
13.0152301788,80.2258987427,25275,25285,10
13.0144901276,80.2261886597,25285,25295,10
13.01445961,80.2261962891,25295,25306,11
13.013999939,80.2264099121,25306,25316,10
13.0130996704,80.2267303467,25316,25326,10
13.0119400024,80.2271575928,25326,25336,10
13.0104598999,80.2277984619,25336,25346,10
13.0092096329,80.228477478,25346,25356,10
13.0089197159,80.2297592163,25356,25366,10
13.0086202621,80.2313308716,25366,25376,10
13.0083799362,80.2326431274,25376,25386,10
13.0082902908,80.2334289551,25386,25396,10
13.0082902908,80.2335586548,25396,25406,10
13.0081796646,80.2338867188,25406,25417,11
13.0079898834,80.2347793579,25417,25427,10
13.0077295303,80.2360229492,25427,25437,10
13.0074300766,80.2374725342,25437,25447,10
13.0071601868,80.2389373779,25447,25457,10
13.0069599152,80.2399520874,25457,25467,10
13.0069503784,80.2401733398,25467,25477,10
13.0069599152,80.2402420044,25477,25487,10
13.0068798065,80.2406768799,25487,25497,10
13.0067596436,80.2413635254,25497,25508,11
13.0067300797,80.2425384521,25508,25518,10
13.0066900253,80.2437667847,25518,25528,10
13.006649971,80.2451934814,25528,25538,10
13.0066299438,80.2463531494,25538,25548,10
13.0066604614,80.2474975586,25548,25558,10
13.0067100525,80.2486190796,25558,25569,11
13.006819725,80.24949646,25569,25579,10
13.0068502426,80.2495803833,25579,25589,10
13.0068702698,80.2501373291,25589,25599,10
13.0068502426,80.2511367798,25599,25609,10
13.0066299438,80.2521362305,25609,25620,11
13.0065202713,80.2534866333,25620,25630,10
13.0065698624,80.2548065186,25630,25640,10
13.0066099167,80.2557678223,25640,25650,10
13.006649971,80.2568206787,25650,25660,10
13.0066404343,80.2572784424,25660,25670,10
13.0066404343,80.2572937012,25670,25680,10
13.0066795349,80.2574081421,25680,25690,10
13.0068502426,80.2579193115,25690,25700,10
13.0073099136,80.2585067749,25700,25710,10
13.0076599121,80.2586517334,25710,25720,10
13.0078201294,80.258682251,25720,25731,11
13.0084600449,80.2589263916,25731,25741,10
13.0093097687,80.2590789795,25741,25751,10
13.0105895996,80.2591018677,25751,25761,10
13.0121803284,80.2591094971,25761,25771,10
13.0139503479,80.2591781616,25771,25781,10
13.0155000687,80.2593002319,25781,25791,10
13.0163002014,80.2596130371,25791,25801,10
13.0164003372,80.2596588135,25801,25811,10
13.0166702271,80.2598419189,25811,25821,10
13.0173597336,80.2602767944,25821,25831,10
13.0182504654,80.2609100342,25831,25842,11
13.0191898346,80.2616195679,25842,25852,10
13.0198602676,80.262260437,25852,25862,10
13.0202999115,80.2626190186,25862,25872,10
13.020409584,80.2626113892,25872,25882,10
13.0207595825,80.2627868652,25882,25892,10
13.0214099884,80.2630310059,25892,25902,10
13.02202034,80.2633132935,25902,25912,10
13.0222997665,80.2634506226,25912,25922,10
13.0228004456,80.263710022,25922,25932,10
13.0229101181,80.2638092041,25932,25943,11
13.0232696533,80.2640533447,25943,25953,10
13.0237998962,80.2643432617,25953,25963,10
13.0244102478,80.2647171021,25963,25973,10
13.0250301361,80.2651824951,25973,25983,10
13.0255804062,80.2655181885,25983,25993,10
13.0261201859,80.265838623,25993,26003,10
13.0263204575,80.2657318115,26003,26019,16
13.02643013,80.2650604248,26019,26031,12
13.0265102386,80.264503479,26031,26039,8
13.0265703201,80.2640991211,26039,26050,11
13.0265798569,80.2639389038,26050,26062,12
13.0266895294,80.2634506226,26062,26072,10
13.0270900726,80.2634963989,26072,26082,10
13.027759552,80.263633728,26082,26092,10
13.0283498764,80.2638015747,26092,26102,10
13.029009819,80.2639770508,26102,26112,10
13.0293502808,80.2641525269,26112,26122,10
13.0293998718,80.2645797729,26122,26132,10
13.0293798447,80.2652587891,26132,26142,10
13.0292596817,80.2660369873,26142,26152,10
13.0292701721,80.2664794922,26152,26163,11
13.0297603607,80.2666015625,26163,26173,10
13.0305099487,80.2667388916,26173,26183,10
13.0313100815,80.2669219971,26183,26193,10
13.0319595337,80.2672119141,26193,26203,10
13.0323801041,80.2674407959,26203,26213,10
13.0328397751,80.2676773071,26213,26223,10
13.0333404541,80.2678222656,26223,26239,16
13.033539772,80.2678527832,26239,26251,12
13.0340795517,80.2679519653,26251,26259,8
13.0345001221,80.2679977417,26259,26272,13
13.034620285,80.2679901123,26272,26281,9
13.0346403122,80.2680587769,26281,26292,11
13.0345096588,80.268081665,26292,26302,10
13.0341596603,80.2680130005,26302,26311,9
13.0337495804,80.2679595947,26311,26322,11
13.0334596634,80.2678909302,26322,26885,563
13.0333099365,80.2678833008,26885,27200,315
13.0333099365,80.2678833008,27200,27210,10
13.0332298279,80.2678375244,27210,27220,10
13.0328702927,80.2677307129,27220,27230,10
13.0326004028,80.2675704956,27230,27240,10
13.0324001312,80.2674407959,27240,27251,11
13.0316095352,80.2670593262,27251,27261,10
13.0306196213,80.2667770386,27261,27271,10
13.0298900604,80.2666625977,27271,27281,10
13.0298204422,80.2666397095,27281,27291,10
13.0294904709,80.2665863037,27291,27301,10
13.0289697647,80.2664108276,27301,27311,10
13.028169632,80.2662582397,27311,27321,10
13.0272502899,80.2660827637,27321,27331,10
13.0265798569,80.2659988403,27331,27341,10
13.0261001587,80.2658996582,27341,27352,11
13.0256795883,80.2656402588,27352,27362,10
13.0253200531,80.2654037476,27362,27381,19
13.0253200531,80.2654037476,27381,27392,11
13.0250597,80.2651901245,27392,27402,10
13.0248098373,80.2649993896,27402,27412,10
13.0245895386,80.264831543,27412,27422,10
13.0244398117,80.2646789551,27422,27432,10
13.0238800049,80.2643432617,27432,27442,10
13.0231599808,80.2639007568,27442,27452,10
13.0225296021,80.2635803223,27452,27463,11
13.0221700668,80.2634811401,27463,27473,10
13.0221099854,80.2634429932,27473,27483,10
13.021900177,80.2633209229,27483,27493,10
13.0217599869,80.2632293701,27493,27503,10
13.0211200714,80.2630691528,27503,27513,10
13.0203304291,80.2630081177,27513,27523,10
13.0196695328,80.2629470825,27523,27533,10
13.0190601349,80.2629013062,27533,27543,10
13.0188999176,80.2623291016,27543,27553,10
13.0187902451,80.2614974976,27553,27563,10
13.0182199478,80.2610092163,27563,27574,11
13.0173797607,80.2604370117,27574,27584,10
13.0165700912,80.2599487305,27584,27594,10
13.0160799026,80.2596817017,27594,27614,20
13.0160799026,80.2596817017,27614,27624,10
13.0156898499,80.2594985962,27624,27634,10
13.0149402618,80.2593536377,27634,27644,10
13.0140199661,80.2593002319,27644,27654,10
13.0128602982,80.2592468262,27654,27664,10
13.0116701126,80.2591781616,27664,27675,11
13.0105400085,80.2592086792,27675,27685,10
13.0099096298,80.2592697144,27685,27695,10
13.0096797943,80.2592468262,27695,27705,10
13.0091199875,80.2592163086,27705,27715,10
13.0087499619,80.2592163086,27715,27725,10
13.0082302094,80.2592086792,27725,27735,10
13.0076503754,80.2594070435,27735,27745,10
13.0072898865,80.2587966919,27745,27755,10
13.0072202682,80.2586364746,27755,27765,10
13.007060051,80.2583770752,27765,27775,10
13.0065097809,80.2577590942,27775,27806,31
13.0065097809,80.2577590942,27806,27816,10
13.0065898895,80.2573776245,27816,27826,10
13.0065803528,80.257232666,27826,27836,10
13.0065202713,80.256690979,27836,27846,10
13.0065202713,80.2557907104,27846,27856,10
13.0065498352,80.2549133301,27856,27866,10
13.0065402985,80.2539596558,27866,27876,10
13.0065202713,80.2532501221,27876,27886,10
13.0065202713,80.2532119751,27886,27897,11
13.0065202713,80.2530288696,27897,27907,10
13.006529808,80.2525787354,27907,27953,46
13.006529808,80.2525787354,27953,27965,12
13.0065498352,80.2524337769,27965,27975,10
13.006649971,80.2519073486,27975,27985,10
13.0067796707,80.2511367798,27985,27995,10
13.0067501068,80.2501831055,27995,28005,10
13.0067501068,80.24974823,28005,28016,11
13.0067596436,80.249458313,28016,28026,10
13.0066795349,80.2484512329,28026,28137,111
13.0066795349,80.2484512329,28137,28147,10
13.0066699982,80.2483291626,28147,28157,10
13.0066604614,80.2480773926,28157,28167,10
13.0066604614,80.2475204468,28167,28177,10
13.0066795349,80.2470092773,28177,28187,10
13.0066604614,80.246887207,28187,28197,10
13.0066099167,80.2467422485,28197,28207,10
13.0065898895,80.2466506958,28207,28217,10
13.0066604614,80.2462615967,28217,28228,11
13.0066795349,80.2453613281,28228,28238,10
13.0066699982,80.2444534302,28238,28248,10
13.0066604614,80.2437820435,28248,28258,10
13.0066299438,80.2432403564,28258,28268,10
13.0065898895,80.2422637939,28268,28278,10
13.0065803528,80.2415924072,28278,28288,10
13.0065898895,80.241569519,28288,28298,10
13.0066299438,80.2412261963,28298,28308,10
13.0067100525,80.2405014038,28308,28318,10
13.0068702698,80.2396469116,28318,28329,11
13.007109642,80.2383728027,28329,28339,10
13.0074100494,80.237159729,28339,28349,10
13.0074901581,80.2365036011,28349,28359,10
13.0074996948,80.2364807129,28359,28369,10
13.0076198578,80.2359771729,28369,28379,10
13.0078201294,80.2350387573,28379,28389,10
13.008099556,80.2338180542,28389,28399,10
13.0084104538,80.2322235107,28399,28409,10
13.0087203979,80.2306213379,28409,28419,10
13.0089998245,80.2292098999,28419,28428,9
13.0092697144,80.2279968262,28428,28440,12
13.0098896027,80.2266464233,28440,28450,10
13.0104398727,80.2255401611,28450,28459,9
13.0108804703,80.224609375,28459,28470,11
13.0113201141,80.2235031128,28470,28480,10
13.0116996765,80.2224807739,28480,28490,10
13.0120296478,80.2217178345,28490,28498,8
13.012260437,80.2215499878,28498,28510,12
13.0125303268,80.2218017578,28510,28520,10
13.0129699707,80.2222824097,28520,28530,10
13.0134601593,80.2227935791,28530,28541,11
13.0141000748,80.2235031128,28541,28551,10
13.0144701004,80.2240524292,28551,28561,10
13.015130043,80.2247619629,28561,28571,10
13.0157899857,80.2251968384,28571,28601,30
13.0157899857,80.2251968384,28601,28611,10
13.0160503387,80.2253036499,28611,28621,10
13.0167703629,80.2252502441,28621,28631,10
13.0177497864,80.2248764038,28631,28641,10
13.0189695358,80.2244110107,28641,28652,11
13.020190239,80.224861145,28652,28662,10
13.0211200714,80.2255401611,28662,28672,10
13.0219402313,80.2261276245,28672,28692,20
13.0219402313,80.2261276245,28692,28702,10
13.0221595764,80.2262878418,28702,28712,10
13.0225296021,80.2266082764,28712,28722,10
13.0232200623,80.2272415161,28722,28732,10
13.0239696503,80.2279586792,28732,28742,10
13.0245103836,80.2286300659,28742,28752,10
13.0247898102,80.2290267944,28752,28763,11
13.0252304077,80.2296066284,28763,28773,10
13.0256900787,80.2302703857,28773,28783,10
13.0259304047,80.23072052,28783,28793,10
13.0260095596,80.2311401367,28793,28803,10
13.0262804031,80.2313308716,28803,28813,10
13.0270204544,80.2311477661,28813,28823,10
13.0279197693,80.2309799194,28823,28833,10
13.0284204483,80.2309188843,28833,28843,10
13.0284404755,80.2309188843,28843,28853,10
13.0288696289,80.2308807373,28853,28863,10
13.0295000076,80.2308197021,28863,28874,11
13.0302600861,80.2307510376,28874,28884,10
13.03083992,80.2306976318,28884,28894,10
13.0313997269,80.2306594849,28894,28904,10
13.0321598053,80.2306213379,28904,28914,10
13.0328502655,80.2305526733,28914,28924,10
13.033490181,80.2304992676,28924,28934,10
13.0341396332,80.2304382324,28934,28944,10
13.0346498489,80.2303390503,28944,28954,10
13.0347795486,80.2300796509,28954,29156,202
13.0347499847,80.2299575806,29156,29237,81
13.0347499847,80.2299575806,29237,29247,10
13.0345201492,80.2300033569,29247,29408,161
13.0345096588,80.2300415039,29408,29620,212
13.0344600677,80.2299880981,29620,29873,253
13.0344104767,80.2299575806,29873,30307,434
13.0343999863,80.2300567627,30307,30428,121
13.0343999863,80.2300567627,30428,30438,10
13.0341997147,80.2300415039,30438,30448,10
13.0341796875,80.2300186157,30448,30458,10
13.0341596603,80.2301712036,30458,30468,10
13.0341300964,80.2302627563,30468,30478,10
13.0340995789,80.230430603,30478,30488,10
13.0337600708,80.2305297852,30488,30499,11
13.0332803726,80.2305984497,30499,30721,222
13.0332803726,80.2305984497,30721,30736,15
13.0266895294,80.2327575684,30736,30749,13
13.0264902115,80.2330780029,30749,30759,10
13.0260400772,80.2326583862,30759,30769,10
13.0254201889,80.2315826416,30769,30809,40
13.0254201889,80.2315826416,30809,30820,11
13.0246295929,80.229133606,30820,30829,9
13.0245895386,80.2290420532,30829,30840,11
13.0242595673,80.2286071777,30840,30849,9
13.0240001678,80.2282485962,30849,30869,20
13.0240001678,80.2282485962,30869,30880,11
13.0239896774,80.2284088135,30880,30890,10
13.0235700607,80.2277984619,30890,30900,10
13.0230503082,80.2272796631,30900,30920,20
13.0216703415,80.225440979,30920,30940,20
13.0216703415,80.225440979,30940,30951,11
13.0199804306,80.2248001099,30951,30961,10
13.0192203522,80.224609375,30961,30971,10
13.0177097321,80.2248306274,30971,30981,10
13.0165996552,80.2254867554,30981,31072,91
13.0165996552,80.2254867554,31072,31082,10
13.011300087,80.2275238037,31082,31092,10
13.0106401443,80.2276687622,31092,31102,10
13.0097103119,80.2280731201,31102,31112,10
13.0091104507,80.2286605835,31112,31122,10
13.0088596344,80.2296981812,31122,31138,16
13.0085000992,80.231880188,31138,31150,12
13.0082798004,80.2332763672,31150,31160,10
13.0081996918,80.2337112427,31160,31171,11
13.0081996918,80.2337188721,31171,31182,11
13.0081501007,80.2338867188,31182,31192,10
13.0080003738,80.2344818115,31192,31202,10
13.0078201294,80.2353363037,31202,31212,10
13.0076398849,80.2363433838,31212,31222,10
13.0074396133,80.2374420166,31222,31231,9
13.0072498322,80.2384567261,31231,31241,10
13.0072002411,80.238899231,31241,31252,11
13.0072402954,80.2392578125,31252,31262,10
13.0069999695,80.2398223877,31262,31273,11
13.0070495605,80.2400131226,31273,31283,10
13.0070800781,80.2401199341,31283,31293,10
13.0071001053,80.2398834229,31293,31323,30
13.0073204041,80.2398910522,31323,31384,61
13.0068101883,80.2423477173,31384,31715,331
13.0068101883,80.2423477173,31715,31725,10
13.0066795349,80.2567214966,31725,31734,9
13.0066995621,80.2567596436,31734,31745,11
13.0066900253,80.2570800781,31745,31755,10
13.0061702728,80.2576370239,31755,31775,20
13.0076599121,80.2585067749,31775,31795,20
13.0076599121,80.2585067749,31795,31805,10
13.0084896088,80.2589416504,31805,31816,11
13.0096597672,80.2591400146,31816,31846,30
13.0096597672,80.2591400146,31846,31856,10
13.012720108,80.2590408325,31856,31866,10
13.0140695572,80.2591629028,31866,31876,10
13.0166597366,80.2591781616,31876,31896,20
13.0166597366,80.2591781616,31896,31906,10
13.0163002014,80.2595901489,31906,31916,10
13.016289711,80.2595825195,31916,31926,10
13.0165395737,80.2597579956,31926,31937,11
13.0170202255,80.2601623535,31937,31967,30
13.0170202255,80.2601623535,31967,31977,10
13.0181703568,80.260887146,31977,31993,16
13.0194501877,80.2608795166,31993,32128,135
13.0194501877,80.2608795166,32128,32137,9
13.0233802795,80.2640762329,32137,32147,10
13.0241003036,80.2644577026,32147,32158,11
13.024720192,80.2650604248,32158,32168,10
13.0252599716,80.2653808594,32168,32178,10
13.0258998871,80.2657470703,32178,32188,10
13.0263395309,80.2658691406,32188,32198,10
13.0264501572,80.2655334473,32198,32257,59
13.0264501572,80.2655334473,32257,32267,10
13.0273504257,80.2632980347,32267,32277,10
13.0274200439,80.2634124756,32277,32287,10
13.0279903412,80.2632217407,32287,32317,30
13.0279903412,80.2632217407,32317,32327,10
13.0290699005,80.2645492554,32327,32337,10
13.0290603638,80.2648620605,32337,32347,10
13.0292797089,80.2662582397,32347,32368,21
13.0292797089,80.2662582397,32368,32378,10
13.0291996002,80.2663421631,32378,32388,10
13.0292396545,80.2665710449,32388,32398,10
13.0295095444,80.2667007446,32398,32408,10
13.0303401947,80.2666397095,32408,32418,10
13.0311203003,80.2668685913,32418,32428,10
13.0317201614,80.2670288086,32428,32438,10
13.0324602127,80.267326355,32438,32448,10
13.0336999893,80.2678375244,32448,32479,31
13.0336999893,80.2678375244,32479,32489,10
13.0340299606,80.2679367065,32489,32499,10
13.0345497131,80.2679519653,32499,32509,10
13.034620285,80.268081665,32509,32519,10
13.0344104767,80.2680435181,32519,32529,10
13.0339002609,80.2678833008,32529,32539,10
13.0334196091,80.267829895,32539,32549,10
13.0333900452,80.267829895,32549,32566,17
13.0333099365,80.2678222656,32566,32587,21
13.0333099365,80.2678222656,32587,32597,10
13.0332403183,80.2678375244,32597,32739,142
13.0332403183,80.2678375244,32739,32749,10
13.0333595276,80.2677764893,32749,33062,313
13.0333595276,80.2677764893,33062,33072,10
13.0330095291,80.2677383423,33072,33082,10
13.0327196121,80.2676315308,33082,33092,10
13.0325899124,80.2674865723,33092,33102,10
13.0322704315,80.2673110962,33102,33112,10
13.0318202972,80.2670593262,33112,33122,10
13.0312995911,80.2668609619,33122,33132,10
13.0306997299,80.2667617798,33132,33143,11
13.0299596786,80.2666625977,33143,33153,10
13.0294904709,80.2665405273,33153,33183,30
13.0294904709,80.2665405273,33183,33193,10
13.0285997391,80.2660598755,33193,33203,10
13.0283899307,80.2665023804,33203,33213,10
13.0279598236,80.2662887573,33213,33223,10
13.0274801254,80.2662277222,33223,33355,132
13.0274801254,80.2662277222,33355,33365,10
13.0221796036,80.2637634277,33365,33375,10
13.0220003128,80.2633209229,33375,33385,10
13.0217695236,80.2631530762,33385,33395,10
13.0210800171,80.2630386353,33395,33405,10
13.0203304291,80.2630386353,33405,33421,16
13.0193395615,80.2629165649,33421,33433,12
13.0189599991,80.2626190186,33433,33441,8
13.0188798904,80.2621383667,33441,33453,12
13.0187597275,80.2611999512,33453,33463,10
13.0183296204,80.2609786987,33463,33474,11
13.0179195404,80.2608718872,33474,33484,10
13.0173797607,80.2604675293,33484,33494,10
13.015999794,80.2595596313,33494,33514,20
13.015999794,80.2595596313,33514,33524,10
13.0161304474,80.2596588135,33524,33534,10
13.0157804489,80.2595062256,33534,33544,10
13.0151100159,80.2592468262,33544,33554,10
13.0141897202,80.2592926025,33554,33565,11
13.0131797791,80.259437561,33565,33575,10
13.0125703812,80.2592163086,33575,33585,10
13.0113897324,80.2591934204,33585,33595,10
13.0105304718,80.259147644,33595,33605,10
13.0097198486,80.2590789795,33605,33615,10
13.0099601746,80.2592468262,33615,33625,10
13.009519577,80.2592010498,33625,33635,10
13.0089101791,80.2592086792,33635,33645,10
13.0082902908,80.2591400146,33645,33655,10
13.0083904266,80.2592773438,33655,33665,10
13.0078601837,80.259262085,33665,33675,10
13.0074100494,80.2592468262,33675,33685,10
13.0072603226,80.2588500977,33685,33696,11
13.0069599152,80.2583618164,33696,33706,10
13.0067596436,80.2582015991,33706,33716,10
13.0066604614,80.2577667236,33716,33726,10
13.0065202713,80.2573699951,33726,33797,71
13.0065202713,80.2573699951,33797,33807,10
13.0064296722,80.2574462891,33807,33817,10
13.0064601898,80.257522583,33817,33827,10
13.0065698624,80.2574615479,33827,33847,20
13.0065698624,80.2574615479,33847,33857,10
13.0065898895,80.2557067871,33857,33867,10
13.006480217,80.2549972534,33867,33877,10
13.0063199997,80.2543792725,33877,33908,31
13.0061903,80.2528915405,33908,34039,131
13.0061903,80.2528915405,34039,34049,10
13.0069198608,80.2495574951,34049,34059,10
13.0067596436,80.2495422363,34059,34614,555
13.0067596436,80.2495422363,34614,34624,10
13.0075597763,80.236541748,34624,34634,10
13.005979538,80.236366272,34634,34695,61
13.005979538,80.236366272,34695,34705,10
13.0088796616,80.2298431396,34705,34715,10
13.0090904236,80.2286300659,34715,34725,10
13.0094804764,80.2275314331,34725,34735,10
13.0099000931,80.2265625,34735,34745,10
13.0103597641,80.2257003784,34745,34755,10
13.0105895996,80.2251968384,34755,34765,10
13.0107698441,80.2248535156,34765,34775,10
13.0108299255,80.2245864868,34775,34786,11
13.0111103058,80.2239379883,34786,34796,10
13.0115003586,80.2229919434,34796,34806,10
13.0118503571,80.2220687866,34806,34816,10
13.0123996735,80.2214202881,34816,34826,10
13.0126495361,80.2219696045,34826,34836,10
13.0130996704,80.2225418091,34836,34846,10
13.0136203766,80.2230682373,34846,34856,10
13.0141401291,80.2238311768,34856,34866,10
13.0145797729,80.2245178223,34866,34876,10
13.015250206,80.224822998,34876,34886,10
13.0155200958,80.224937439,34886,34907,21
13.0157299042,80.2250976563,34907,34927,20
13.0157299042,80.2250976563,34927,34937,10
13.0158004761,80.2251815796,34937,34947,10
13.0160903931,80.2253265381,34947,34957,10
13.0165596008,80.2252807617,34957,34967,10
13.0171804428,80.2250823975,34967,34977,10
13.0178403854,80.224822998,34977,34988,11
13.0181398392,80.224937439,34988,34998,10
13.0182199478,80.2252426147,34998,35018,20
13.0182199478,80.2252426147,35018,35028,10
13.0195999146,80.2246704102,35028,35038,10
13.0200395584,80.2245178223,35038,35078,40
13.0200395584,80.2245178223,35078,35088,10
13.0201396942,80.2247314453,35088,35098,10
13.0201396942,80.2249298096,35098,35108,10
13.0203399658,80.2249908447,35108,35119,11
13.0206403732,80.225189209,35119,35129,10
13.0208501816,80.2253112793,35129,35139,10
13.0210199356,80.225440979,35139,35149,10
13.0211200714,80.2255630493,35149,35159,10
13.0212097168,80.2256774902,35159,35169,10
13.0213098526,80.2257766724,35169,35179,10
13.0216798782,80.2259063721,35179,35199,20
13.0216798782,80.2259063721,35199,35209,10
13.0216197968,80.2261428833,35209,35219,10
13.0219402313,80.2261123657,35219,35230,11
13.0220804214,80.2262268066,35230,35240,10
13.0221099854,80.2262420654,35240,35250,10
13.022190094,80.2263412476,35250,35260,10
13.022359848,80.2265090942,35260,35270,10
13.022600174,80.2266616821,35270,35280,10
13.0227804184,80.226852417,35280,35290,10
13.0228900909,80.2269668579,35290,35310,20
13.0228900909,80.2269668579,35310,35320,10
13.0231800079,80.2273178101,35320,35331,11
13.0233898163,80.2274932861,35331,35341,10
13.023639679,80.2276687622,35341,35351,10
13.0239896774,80.2279510498,35351,35360,9
13.024140358,80.2281112671,35360,35371,11
13.0242595673,80.2283096313,35371,35381,10
13.0246696472,80.2288665771,35381,35431,50
13.0246696472,80.2288665771,35431,35442,11
13.0247402191,80.2289276123,35442,35452,10
13.0249795914,80.2292861938,35452,35462,10
13.0252895355,80.2296218872,35462,35472,10
13.0254497528,80.2298431396,35472,35482,10
13.0256004333,80.2300415039,35482,35492,10
13.0257797241,80.2302093506,35492,35502,10
13.0258197784,80.2303390503,35502,35512,10
13.0259199142,80.2305908203,35512,35522,10
13.0259599686,80.2306976318,35522,35532,10
13.0260601044,80.2310409546,35532,35542,10
13.0260896683,80.2312164307,35542,35553,11
13.0263795853,80.2313232422,35553,35563,10
13.027009964,80.2311630249,35563,35573,10
13.0280303955,80.2308883667,35573,35583,10
13.0284996033,80.2309417725,35583,35593,10
13.0285100937,80.2310180664,35593,35603,10
13.0284996033,80.231010437,35603,35613,10
13.0293397903,80.2307815552,35613,35643,30
13.0293397903,80.2307815552,35643,35653,10
13.0295200348,80.2307891846,35653,35664,11
13.0299196243,80.23072052,35664,35674,10
13.0303001404,80.2306213379,35674,35684,10
13.0304098129,80.2306289673,35684,35694,10
13.0305995941,80.2307662964,35694,35704,10
13.0305595398,80.2306594849,35704,35714,10
13.0306901932,80.230682373,35714,35724,10
13.0311603546,80.2306594849,35724,35734,10
13.0319795609,80.230682373,35734,35744,10
13.0325803757,80.2306137085,35744,35754,10
13.0334300995,80.2305221558,35754,35763,9
13.0339603424,80.2304000854,35763,35775,12
13.0342798233,80.2303619385,35775,35785,10
13.034910202,80.2301635742,35785,35815,30
13.0350399017,80.2300720215,35815,35835,20
13.0350399017,80.2300720215,35835,35845,10
13.0350799561,80.2298965454,35845,35865,20
13.0350799561,80.2298965454,35865,35882,17
13.0348997116,80.2298965454,35882,35894,12
13.0346002579,80.2298812866,35894,35904,10
13.0343503952,80.2298965454,35904,35914,10
13.0347499847,80.2297668457,35914,35954,40
13.0347499847,80.2297668457,35954,35963,9
13.0348701477,80.2297973633,35963,35974,11
13.0349502563,80.2299804688,35974,35984,10
13.0345697403,80.2298431396,35984,36015,31
13.0345697403,80.2298431396,36015,36025,10
13.0345697403,80.2299575806,36025,36035,10
13.0342702866,80.2300872803,36035,36045,10
13.0343399048,80.2299499512,36045,36075,30
13.0343399048,80.2300872803,36075,36106,31
13.0343399048,80.2300872803,36106,36116,10
13.0342798233,80.2303771973,36116,36126,10
13.0343399048,80.23046875,36126,36136,10
13.0344600677,80.23021698,36136,36146,10
13.0344104767,80.2298431396,36146,36187,41
13.0344104767,80.2298431396,36187,36196,9
13.0321397781,80.2306671143,36196,36206,10
13.0317201614,80.2307281494,36206,36217,11
13.0315999985,80.2306976318,36217,36237,20
13.0315999985,80.2306976318,36237,36247,10
13.0314798355,80.2307662964,36247,36257,10
13.0313100815,80.2307891846,36257,36267,10
13.0313796997,80.230682373,36267,36287,20
13.0312700272,80.2305526733,36287,36367,80
13.0312700272,80.2305526733,36367,36378,11
13.0285196304,80.2310791016,36378,36388,10
13.0278596878,80.2311019897,36388,36398,10
13.0277996063,80.2311630249,36398,36408,10
13.0277996063,80.2311935425,36408,36418,10
13.0277900696,80.2311401367,36418,36429,11
13.0276403427,80.2312164307,36429,36439,10
13.0275697708,80.231338501,36439,36489,50
13.0275697708,80.231338501,36489,36499,10
13.0275802612,80.2313079834,36499,36509,10
13.0275497437,80.231338501,36509,36519,10
13.0276002884,80.2315292358,36519,36529,10
13.0276203156,80.231628418,36529,36560,31
13.0276098251,80.2317199707,36560,36681,121
13.0276098251,80.2317199707,36681,36691,10
13.0277004242,80.2319564819,36691,36701,10
13.0277500153,80.2321929932,36701,36711,10
13.0277996063,80.2323226929,36711,36721,10
13.0278596878,80.2325897217,36721,36731,10
13.027759552,80.2328033447,36731,36762,31
13.027759552,80.2328033447,36762,36772,10
13.0274400711,80.2329406738,36772,36782,10
13.0272197723,80.233001709,36782,36863,81
13.0272197723,80.233001709,36863,36873,10
13.0270795822,80.2329864502,36873,36883,10
13.0270395279,80.2331237793,36883,36893,10
13.0269403458,80.2330169678,36893,36903,10
13.0268201828,80.232963562,36903,36913,10
13.0267000198,80.2328109741,36913,36923,10
13.0270395279,80.2329177856,36923,36933,10
13.0272102356,80.2321395874,36933,37075,142
13.0272102356,80.2321395874,37075,37084,9
13.0248804092,80.2293624878,37084,37095,11
13.0246801376,80.229133606,37095,37105,10
13.0244398117,80.228843689,37105,37115,10
13.0241804123,80.2284927368,37115,37125,10
13.0239896774,80.2282791138,37125,37135,10
13.0239400864,80.2282028198,37135,37145,10
13.0238199234,80.2280502319,37145,37155,10
13.0237197876,80.2278671265,37155,37165,10
13.0227003098,80.2269973755,37165,37176,11
13.0219802856,80.225982666,37176,37185,9
13.0213499069,80.2250518799,37185,37195,10
13.0202598572,80.2249984741,37195,37206,11
13.0192298889,80.2247085571,37206,37216,10
13.0186700821,80.2245483398,37216,37226,10
13.0169200897,80.2251663208,37226,37236,10
13.0163803101,80.2254562378,37236,37246,10
13.01583004,80.2256317139,37246,37256,10
13.0151195526,80.2259674072,37256,37266,10
13.0142097473,80.2261734009,37266,37276,10
13.0136995316,80.2263336182,37276,37286,10
13.0140304565,80.22631073,37286,37296,10
13.01404953,80.2263793945,37296,37307,11
13.0133695602,80.2266235352,37307,37317,10
13.0126104355,80.2269363403,37317,37327,10
13.0114402771,80.227432251,37327,37337,10
13.0100803375,80.2278671265,37337,37367,30
13.0100803375,80.2278671265,37367,37377,10
13.0096197128,80.2281036377,37377,37387,10
13.0090904236,80.2286300659,37387,37397,10
13.0089702606,80.2294235229,37397,37407,10
13.008769989,80.2304763794,37407,37418,11
13.0086698532,80.2310791016,37418,37428,10
13.0086402893,80.231262207,37428,37438,10
13.008600235,80.2314910889,37438,37448,10
13.0085601807,80.2317199707,37448,37458,10
13.0085296631,80.2318191528,37458,37468,10
13.0085296631,80.231880188,37468,37478,10
13.0084600449,80.2320785522,37478,37488,10
13.0083799362,80.232421875,37488,37498,10
13.0083398819,80.2327804565,37498,37508,10
13.0082798004,80.2330703735,37508,37517,9
13.0082998276,80.2330093384,37517,37529,12
13.0082998276,80.2333068848,37529,37539,10
13.0082902908,80.2333984375,37539,37549,10
13.0082397461,80.2334289551,37549,37559,10
13.0082302094,80.2334899902,37559,37569,10
13.0081996918,80.2336502075,37569,37579,10
13.008099556,80.2339630127,37579,37599,20
13.008099556,80.2339630127,37599,37609,10
13.0080604553,80.2342300415,37609,37619,10
13.0079698563,80.2347335815,37619,37629,10
13.0078496933,80.2352981567,37629,37640,11
13.0077600479,80.2357177734,37640,37650,10
13.0077495575,80.2357788086,37650,37660,10
13.0077199936,80.2359695435,37660,37670,10
13.0076799393,80.2361984253,37670,37680,10
13.0076198578,80.2364501953,37680,37690,10
13.0075902939,80.2366485596,37690,37700,10
13.007519722,80.2369766235,37700,37710,10
13.0074596405,80.2372817993,37710,37720,10
13.0073795319,80.2376785278,37720,37730,10
13.0072698593,80.2382202148,37730,37740,10
13.0071601868,80.2388381958,37740,37751,11
13.0070104599,80.2395401001,37751,37771,20
13.0070104599,80.2395401001,37771,37781,10
13.0069999695,80.2399368286,37781,37811,30
13.0069999695,80.2399368286,37811,37821,10
13.0069503784,80.2402420044,37821,37831,10
13.0068302155,80.2407302856,37831,37842,11
13.0068597794,80.241027832,37842,37851,9
13.0067901611,80.2411804199,37851,37862,11
13.0067796707,80.2417831421,37862,37872,10
13.0067300797,80.2422866821,37872,37882,10
13.0067396164,80.2425537109,37882,37892,10
13.0066900253,80.2426376343,37892,37902,10
13.0066900253,80.2429885864,37902,37912,10
13.0066404343,80.2433166504,37912,37922,10
13.0066995621,80.2434997559,37922,37932,10
13.0066204071,80.2437210083,37932,37942,10
13.0065402985,80.2436599731,37942,37952,10
13.0066099167,80.2443389893,37952,37962,10
13.0066699982,80.2453689575,37962,37993,31
13.0066900253,80.2455215454,37993,38013,20
13.0066900253,80.2455215454,38013,38023,10
13.0067396164,80.2458496094,38023,38033,10
13.0067300797,80.2459030151,38033,38043,10
13.0066204071,80.2457199097,38043,38054,11
13.0065097809,80.2454910278,38054,38064,10
13.0064601898,80.2453918457,38064,38073,9
13.0066795349,80.2475814819,38073,38084,11
13.0067501068,80.2488021851,38084,38094,10
13.006770134,80.249710083,38094,38104,10
13.0068702698,80.2496414185,38104,38114,10
13.0068397522,80.2496566772,38114,38124,10
13.006819725,80.250289917,38124,38134,10
13.0067901611,80.251159668,38134,38144,10
13.0066604614,80.2518463135,38144,38154,10
13.0065202713,80.2528762817,38154,38164,10
13.0065097809,80.2541885376,38164,38174,10
13.0065803528,80.2554397583,38174,38185,11
13.0066204071,80.2564620972,38185,38195,10
13.0066404343,80.2568511963,38195,38205,10
13.006649971,80.2570266724,38205,38215,10
13.0067596436,80.2575683594,38215,38225,10
13.0070695877,80.2581787109,38225,38235,10
13.0075998306,80.2585830688,38235,38245,10
13.0076799393,80.2586212158,38245,38255,10
13.0078201294,80.2587280273,38255,38265,10
13.0083599091,80.2589187622,38265,38275,10
13.0090799332,80.2590637207,38275,38285,10
13.0099496841,80.2590789795,38285,38296,11
13.0109901428,80.2590789795,38296,38306,10
13.012140274,80.2590637207,38306,38316,10
13.0135002136,80.2591171265,38316,38326,10
13.0150699615,80.2591934204,38326,38336,10
13.0160799026,80.2594299316,38336,38346,10
13.016500473,80.2596817017,38346,38356,10
13.016500473,80.2596893311,38356,38366,10
13.0165195465,80.2596969604,38366,38375,9
13.0167999268,80.2599716187,38375,38386,11
13.0176401138,80.2605285645,38386,38396,10
13.0183897018,80.2610321045,38396,38407,11
13.0188598633,80.2613677979,38407,38417,10
13.0192403793,80.261680603,38417,38427,10
13.0196695328,80.2621536255,38427,38437,10
13.020190239,80.2626037598,38437,38447,10
13.0202302933,80.2626266479,38447,38457,10
13.0205097198,80.2627563477,38457,38467,10
13.0206604004,80.2628173828,38467,38477,10
13.0211400986,80.2629699707,38477,38487,10
13.0218496323,80.2632293701,38487,38497,10
13.022190094,80.2633972168,38497,38507,10
13.0226898193,80.2636795044,38507,38518,11
13.0228996277,80.2637863159,38518,38528,10
13.0231399536,80.263923645,38528,38539,11
13.0237598419,80.2642974854,38539,38549,10
13.0244598389,80.2646713257,38549,38559,10
13.0249300003,80.265083313,38559,38569,10
13.0255002975,80.2654724121,38569,38579,10
13.0260400772,80.2657623291,38579,38589,10
13.0261602402,80.2658233643,38589,38599,10
13.0263299942,80.2658004761,38599,38609,10
13.0263595581,80.2654571533,38609,38619,10
13.0264196396,80.2648773193,38619,38630,11
13.0265102386,80.2641296387,38630,38660,30
13.0265102386,80.2641296387,38660,38670,10
13.0265598297,80.2639694214,38670,38680,10
13.0265903473,80.2637481689,38680,38690,10
13.026599884,80.2634811401,38690,38700,10
13.0267801285,80.2634277344,38700,38710,10
13.0271596909,80.2634811401,38710,38720,10
13.0275602341,80.2635421753,38720,38730,10
13.0279598236,80.2636795044,38730,38741,11
13.0282297134,80.2637405396,38741,38751,10
13.0285997391,80.2638397217,38751,38761,10
13.0290803909,80.2639312744,38761,38771,10
13.029299736,80.263999939,38771,38781,10
13.0293598175,80.2641983032,38781,38791,10
13.0293397903,80.2646484375,38791,38801,10
13.0293397903,80.2651901245,38801,38811,10
13.0292901993,80.2656784058,38811,38821,10
13.0291900635,80.2660827637,38821,38831,10
13.0291795731,80.2664489746,38831,38890,59
13.0291795731,80.2664489746,38890,38900,10
13.0293197632,80.2664489746,38900,38910,10
13.0293197632,80.2664871216,38910,38930,20
13.0293197632,80.2664871216,38930,38940,10
13.0302696228,80.2666702271,38940,38950,10
13.0314998627,80.2669906616,38950,38961,11
13.0319299698,80.2671737671,38961,38971,10
13.0326700211,80.267616272,38971,38981,10
13.0334701538,80.2678222656,38981,39021,40
13.0334701538,80.2678222656,39021,39031,10
13.0339403152,80.2679367065,39031,39041,10
13.0344896317,80.2679824829,39041,39051,10
13.0345802307,80.2680511475,39051,39061,10
13.0344400406,80.268119812,39061,39082,21
13.0344400406,80.268119812,39082,39092,10
13.0342798233,80.2680130005,39092,39102,10
13.033949852,80.2679290771,39102,39120,18
13.0333499908,80.2677993774,39120,39173,53
13.0332698822,80.2677764893,39173,39193,20
13.0332698822,80.2677764893,39193,39203,10
13.0332899094,80.2675628662,39203,39213,10
13.0332298279,80.2677536011,39213,39223,10
13.0332403183,80.2677307129,39223,39294,71
13.0332403183,80.2677307129,39294,39304,10
13.0332403183,80.2679901123,39304,39314,10
13.033249855,80.2679290771,39314,39354,40
13.033249855,80.2679290771,39354,39364,10
13.0333299637,80.2678222656,39364,39375,11
13.0333404541,80.2677536011,39375,39384,9
13.0332803726,80.2677612305,39384,39395,11
13.0333003998,80.2677612305,39395,39465,70
13.0332403183,80.2676773071,39465,39829,364
13.0332403183,80.2676773071,39829,39839,10
13.0329198837,80.2674026489,39839,39849,10
13.0328197479,80.2676467896,39849,39859,10
13.0326099396,80.267539978,39859,39869,10
13.0322904587,80.2673797607,39869,39879,10
13.031920433,80.2672271729,39879,39889,10
13.0315198898,80.2670822144,39889,39899,10
13.0309400558,80.266960144,39899,39909,10
13.03028965,80.2667694092,39909,39919,10
13.0291004181,80.2668762207,39919,40353,434
13.0291004181,80.2668762207,40353,40363,10
13.0157299042,80.2602996826,40363,40373,10
13.0153999329,80.2594833374,40373,40434,61
13.0153999329,80.2594833374,40434,40444,10
13.0101995468,80.2588806152,40444,40454,10
13.0100402832,80.2592697144,40454,40464,10
13.0098896027,80.259147644,40464,40474,10
13.0092096329,80.2592010498,40474,40484,10
13.0088396072,80.2592086792,40484,40495,11
13.0086297989,80.259262085,40495,40505,10
13.0081501007,80.2592010498,40505,40515,10
13.0076503754,80.2594528198,40515,40525,10
13.0072402954,80.2596893311,40525,40535,10
13.0070800781,80.258682251,40535,40545,10
13.0069799423,80.2586669922,40545,40555,10
13.0066795349,80.2581634521,40555,40565,10
13.0065803528,80.2575531006,40565,40656,91
13.0065803528,80.2575531006,40656,40666,10
13.0066404343,80.2575378418,40666,40676,10
13.0060396194,80.2580184937,40676,40707,31
13.0060396194,80.2580184937,40707,40717,10
13.0065002441,80.2576217651,40717,40727,10
13.0065002441,80.2572402954,40727,40737,10
13.0064897537,80.2565231323,40737,40747,10
13.0065498352,80.2555007935,40747,40757,10
13.0065097809,80.2549285889,40757,40767,10
13.0065402985,80.2540283203,40767,40777,10
13.0065202713,80.253288269,40777,40787,10
13.0065202713,80.2532730103,40787,40797,10
13.0065202713,80.2531814575,40797,40807,10
13.0065002441,80.2528991699,40807,40818,11
13.0065803528,80.2521820068,40818,40828,10
13.0067596436,80.2508621216,40828,40838,10
13.0067396164,80.2497634888,40838,40848,10
13.0067596436,80.2496109009,40848,40858,10
13.0067396164,80.2490997314,40858,40868,10
13.0066795349,80.2484970093,40868,40908,40
13.0066795349,80.2484970093,40908,40918,10
13.0066795349,80.2481613159,40918,40928,10
13.006649971,80.2477722168,40928,40939,11
13.0066604614,80.2471466064,40939,40949,10
13.0065803528,80.2465591431,40949,40969,20
13.0065803528,80.2465591431,40969,40979,10
13.0065803528,80.2465133667,40979,40989,10
13.0066003799,80.2460632324,40989,40999,10
13.0066099167,80.2455062866,40999,41009,10
13.0066099167,80.2451477051,41009,41019,10
13.0066003799,80.2448196411,41019,41029,10
13.0066003799,80.2446975708,41029,41039,10
13.0066099167,80.244392395,41039,41050,11
13.0066099167,80.2441329956,41050,41060,10
13.0066204071,80.2438583374,41060,41070,10
13.0066099167,80.243560791,41070,41080,10
13.0066204071,80.2428817749,41080,41090,10
13.0066404343,80.2420578003,41090,41100,10
13.0066003799,80.2416000366,41100,41110,10
13.0065803528,80.2415466309,41110,41120,10
13.0066099167,80.2411270142,41120,41130,10
13.0066795349,80.2406768799,41130,41140,10
13.0067100525,80.2401504517,41140,41150,10
13.0069303513,80.2392272949,41150,41161,11
13.0071601868,80.2380828857,41161,41171,10
13.0073795319,80.2371826172,41171,41181,10
13.0074195862,80.2367782593,41181,41191,10
13.0074300766,80.2367401123,41191,41201,10
13.0075597763,80.2362594604,41201,41211,10
13.0077600479,80.2354888916,41211,41221,10
13.0079202652,80.2350082397,41221,41231,10
13.0084896088,80.2342071533,41231,41241,10
13.0083198547,80.2323913574,41241,41251,10
13.008649826,80.2309570313,41251,41261,10
13.0088796616,80.2297363281,41261,41272,11
13.0090703964,80.228767395,41272,41282,10
13.0093297958,80.2278366089,41282,41292,10
13.0098104477,80.2268218994,41292,41302,10
13.0103197098,80.2258071899,41302,41312,10
13.0105800629,80.2253189087,41312,41322,10
13.0106401443,80.2252120972,41322,41332,10
13.0108203888,80.2248001099,41332,41342,10
13.0110301971,80.2242279053,41342,41352,10
13.0112199783,80.223739624,41352,41362,10
13.0113201141,80.2234725952,41362,41372,10
13.0116195679,80.22290802,41372,41383,11
13.0118398666,80.2221603394,41383,41393,10
13.0122299194,80.2216186523,41393,41403,10
13.0124597549,80.2217025757,41403,41412,9
13.0127601624,80.2220916748,41412,41423,11
13.0132398605,80.2221908569,41423,41433,10
13.0136804581,80.2228317261,41433,41443,10
13.0141000748,80.2232666016,41443,41453,10
13.0141401291,80.2233200073,41453,41463,10
13.0144996643,80.2237091064,41463,41473,10
13.0149097443,80.2242279053,41473,41483,10
13.0152902603,80.2247390747,41483,41494,11
13.0155601501,80.2249221802,41494,41504,10
13.0156097412,80.2249984741,41504,41514,10
13.0158500671,80.2251281738,41514,41524,10
13.0164699554,80.2252197266,41524,41534,10
13.0172796249,80.2250213623,41534,41544,10
13.0181398392,80.2247085571,41544,41554,10
13.0191001892,80.2244567871,41554,41564,10
13.0198001862,80.2245788574,41564,41584,20
13.0198001862,80.2245788574,41584,41594,10
13.0199899673,80.2247390747,41594,41605,11
13.0206098557,80.2250976563,41605,41615,10
13.0213298798,80.2257080078,41615,41625,10
13.0220098495,80.2261734009,41625,41645,20
13.0220098495,80.2261734009,41645,41655,10
13.0221595764,80.2263717651,41655,41665,10
13.0226802826,80.2268066406,41665,41675,10
13.0232200623,80.2273178101,41675,41685,10
13.0234603882,80.2274932861,41685,41695,10
13.0236797333,80.2276306152,41695,41706,11
13.0238199234,80.227722168,41706,41716,10
13.0238800049,80.2277832031,41716,41726,10
13.0240497589,80.2279434204,41726,41736,10
13.0241699219,80.2281036377,41736,41746,10
13.0242996216,80.2282562256,41746,41756,10
13.0243902206,80.2284317017,41756,41766,10
13.0244998932,80.2286224365,41766,41776,10
13.0246095657,80.2287826538,41776,41786,10
13.0247602463,80.2290115356,41786,41796,10
13.0249900818,80.2293167114,41796,41806,10
13.0253696442,80.2297897339,41806,41817,11
13.0257902145,80.2304382324,41817,41897,80
13.0257902145,80.2304382324,41897,41907,10
13.0259799957,80.2308731079,41907,41917,10
13.0260295868,80.2310791016,41917,41928,11
13.0262298584,80.231338501,41928,41938,10
13.0269002914,80.2311706543,41938,41948,10
13.0276899338,80.2309799194,41948,41958,10
13.0284204483,80.2308883667,41958,41968,10
13.0285797119,80.2308731079,41968,41978,10
13.0289096832,80.2308197021,41978,41988,10
13.0295000076,80.2307891846,41988,41998,10
13.0300598145,80.2307434082,41998,42008,10
13.0304403305,80.2306900024,42008,42018,10
13.030790329,80.2306671143,42018,42028,10
13.0313301086,80.2306289673,42028,42039,11
13.0320196152,80.2305908203,42039,42049,10
13.0326004028,80.2305374146,42049,42059,10
13.0330400467,80.2305221558,42059,42069,10
13.0335702896,80.2304916382,42069,42079,10
13.0340003967,80.2304534912,42079,42109,30
13.0340003967,80.2304534912,42109,42119,10
13.0340995789,80.2305221558,42119,42129,10
13.0342102051,80.2304534912,42129,42139,10
13.0344295502,80.2304382324,42139,42150,11
13.0347499847,80.2303466797,42150,42160,10
13.0348100662,80.2303085327,42160,42170,10
13.0349597931,80.2301712036,42170,42180,10
13.0348300934,80.2300720215,42180,42190,10
13.0343399048,80.2300796509,42190,42299,109
13.0343399048,80.2300796509,42299,42309,10
13.0341396332,80.2301101685,42309,42319,10
13.0342903137,80.2300186157,42319,42349,30
13.0342903137,80.2300186157,42349,42359,10
13.0342702866,80.2300262451,42359,42370,11
13.0342903137,80.2300186157,42370,42380,10
13.0343999863,80.2299423218,42380,42541,161
13.0343198776,80.2301635742,42541,42592,51
13.0343198776,80.2301635742,42592,42602,10
13.0342597961,80.2301101685,42602,42612,10
13.0342798233,80.2300491333,42612,42854,242
13.0342798233,80.2300491333,42854,42864,10
13.0341396332,80.2304000854,42864,42874,10
13.0340003967,80.2303924561,42874,42884,10
13.0336503983,80.2304382324,42884,42904,20
13.0336503983,80.2304382324,42904,42914,10
13.0333900452,80.230430603,42914,42925,11
13.0328397751,80.2305221558,42925,42935,10
13.0321702957,80.2305908203,42935,42945,10
13.0313196182,80.2306900024,42945,42955,10
13.0305700302,80.230758667,42955,42965,10
13.0298099518,80.2308120728,42965,43015,50
13.0298099518,80.2308120728,43015,43025,10
13.0293598175,80.2308731079,43025,43036,11
13.028840065,80.2309188843,43036,43046,10
13.0281200409,80.231010437,43046,43056,10
13.0277500153,80.2312316895,43056,43066,10
13.027759552,80.2318191528,43066,43076,10
13.0278596878,80.2324295044,43076,43086,10
13.0276203156,80.2328567505,43086,43096,10
13.0269298553,80.2329788208,43096,43106,10
13.0265903473,80.2329864502,43106,43116,10
13.0262699127,80.2324829102,43116,43126,10
13.0260896683,80.2317199707,43126,43136,10
13.0258398056,80.2308578491,43136,43147,11
13.0251102448,80.2296905518,43147,43167,20
13.0251102448,80.2296905518,43167,43177,10
13.0249996185,80.2295227051,43177,43187,10
13.024720192,80.2291717529,43187,43197,10
13.0244398117,80.2288208008,43197,43207,10
13.0242500305,80.2285690308,43207,43227,20
13.0242500305,80.2285690308,43227,43237,10
13.0241203308,80.2283782959,43237,43248,11
13.0240402222,80.2283096313,43248,43258,10
13.023730278,80.2279281616,43258,43268,10
13.0232896805,80.2274780273,43268,43278,10
13.0228500366,80.2270965576,43278,43288,10
13.0223398209,80.2266387939,43288,43298,10
13.021780014,80.2261886597,43298,43314,16
13.0207796097,80.2254180908,43314,43326,12
13.0199403763,80.2248382568,43326,43334,8
13.0192403793,80.2245178223,43334,43345,11
13.0180797577,80.2247924805,43345,43356,11
13.0170202255,80.225227356,43356,43365,9
13.0165596008,80.2254333496,43365,43377,12
13.0161600113,80.2255706787,43377,43387,10
13.015540123,80.2257919312,43387,43397,10
13.015080452,80.2259979248,43397,43407,10
13.0148897171,80.2260818481,43407,43417,10
13.0144901276,80.2262420654,43417,43437,20
13.0144901276,80.2262420654,43437,43447,10
13.0141401291,80.2263412476,43447,43457,10
13.0135498047,80.2265701294,43457,43467,10
13.0129499435,80.2268218994,43467,43478,11
13.0120801926,80.227142334,43478,43488,10
13.0110998154,80.2275085449,43488,43498,10
13.0101203918,80.227897644,43498,43508,10
13.0093402863,80.2282714844,43508,43518,10
13.0090303421,80.2291412354,43518,43528,10
13.0087795258,80.2302398682,43528,43538,10
13.0085601807,80.2313919067,43538,43548,10
13.0083503723,80.232421875,43548,43558,10
13.0081996918,80.2335891724,43558,43578,20
13.0081996918,80.2335891724,43578,43589,11
13.0080900192,80.2340621948,43589,43605,16
13.007900238,80.23487854,43605,43617,12
13.0078001022,80.2352828979,43617,43627,10
13.0077295303,80.2356491089,43627,43637,10
13.0076999664,80.2358703613,43637,43647,10
13.0076599121,80.2360610962,43647,43657,10
13.0075798035,80.2365188599,43657,43677,20
13.0075798035,80.2365188599,43677,43687,10
13.0075702667,80.236656189,43687,43698,11
13.007519722,80.236869812,43698,43707,9
13.0075101852,80.2369232178,43707,43718,11
13.0074100494,80.2373733521,43718,43728,10
13.0072202682,80.2383422852,43728,43788,60
13.0072202682,80.2383422852,43788,43798,10
13.0071296692,80.2387313843,43798,43809,11
13.0070104599,80.2392196655,43809,43819,10
13.0069904327,80.2394790649,43819,43859,40
13.0069904327,80.2394790649,43859,43869,10
13.0069799423,80.2397003174,43869,43879,10
13.0068702698,80.2403182983,43879,43889,10
13.0067996979,80.2406234741,43889,43899,10
13.0067796707,80.2406997681,43899,43909,10
13.0067396164,80.2409973145,43909,43920,11
13.0066900253,80.2418899536,43920,43930,10
13.0066995621,80.2427597046,43930,43940,10
13.0066699982,80.2431411743,43940,43950,10
13.006649971,80.243347168,43950,43960,10
13.0066299438,80.243560791,43960,43970,10
13.0065803528,80.2439117432,43970,44000,30
13.0065803528,80.2439117432,44000,44010,10
13.0066604614,80.2442016602,44010,44020,10
13.0066299438,80.2445373535,44020,44031,11
13.0065803528,80.2451705933,44031,44041,10
13.0066099167,80.2457733154,44041,44051,10
13.0066795349,80.2462692261,44051,44071,20
13.0066795349,80.2462692261,44071,44081,10
13.0066995621,80.2467269897,44081,44091,10
13.0066995621,80.2473297119,44091,44101,10
13.0066900253,80.2481994629,44101,44111,10
13.0068597794,80.24949646,44111,44131,20
13.0068597794,80.24949646,44131,44142,11
13.0068597794,80.249671936,44142,44152,10
13.006819725,80.2502365112,44152,44162,10
13.006770134,80.2509613037,44162,44182,20
13.006770134,80.2509613037,44182,44192,10
13.0068597794,80.2511291504,44192,44202,10
13.0067901611,80.2514190674,44202,44212,10
13.0066604614,80.2519378662,44212,44222,10
13.0065603256,80.2525482178,44222,44232,10
13.0065603256,80.2526626587,44232,44242,10
13.0065402985,80.2532806396,44242,44253,11
13.0065498352,80.2543029785,44253,44263,10
13.0065698624,80.2550506592,44263,44273,10
13.0066003799,80.255821228,44273,44283,10
13.0065803528,80.2565994263,44283,44293,10
13.0065698624,80.2571792603,44293,44354,61
13.0066900253,80.2574462891,44354,44374,20
13.0066900253,80.2574462891,44374,44384,10
13.0066995621,80.2575836182,44384,44394,10
13.0069303513,80.2579803467,44394,44404,10
13.0073099136,80.2584991455,44404,44414,10
13.0077800751,80.2586898804,44414,44434,20
13.0077800751,80.2586898804,44434,44444,10
13.0079803467,80.2587966919,44444,44454,10
13.0084400177,80.2589797974,44454,44465,11
13.0089702606,80.2590713501,44465,44475,10
13.0095500946,80.2590637207,44475,44485,10
13.0102701187,80.2590713501,44485,44495,10
13.0111303329,80.2590713501,44495,44505,10
13.0120897293,80.2590789795,44505,44521,16
13.0138397217,80.2591400146,44521,44533,12
13.0151996613,80.2592010498,44533,44543,10
13.0162096024,80.2595367432,44543,44584,41
13.0162096024,80.2595367432,44584,44594,10
13.016409874,80.2597122192,44594,44604,10
13.0167198181,80.2599487305,44604,44614,10
13.0171804428,80.2602386475,44614,44624,10
13.0177402496,80.2606582642,44624,44634,10
13.0182800293,80.2610397339,44634,44644,10
13.0187597275,80.2613830566,44644,44654,10
13.0190401077,80.2615966797,44654,44664,10
13.0193796158,80.2619018555,44664,44674,10
13.0198097229,80.2623519897,44674,44684,10
13.0201797485,80.2626419067,44684,44705,21
13.0201797485,80.2626419067,44705,44715,10
13.0206003189,80.2628173828,44715,44725,10
13.0211496353,80.2629928589,44725,44735,10
13.0217504501,80.2632217407,44735,44745,10
13.02202034,80.2633666992,44745,44755,10
13.0223398209,80.2635192871,44755,44765,10
13.0226602554,80.2636871338,44765,44775,10
13.0229101181,80.2638397217,44775,44785,10
13.0229597092,80.2638626099,44785,44795,10
13.0232000351,80.2639923096,44795,44806,11
13.0237903595,80.264289856,44806,44816,10
13.0242795944,80.2645797729,44816,44826,10
13.0246696472,80.2648620605,44826,44836,10
13.0250597,80.2651672363,44836,44846,10
13.0254898071,80.2654724121,44846,44856,10
13.0258998871,80.2657394409,44856,44866,10
13.0261297226,80.2658233643,44866,44876,10
13.026260376,80.2658462524,44876,44886,10
13.0263299942,80.2655334473,44886,44896,10
13.0262498856,80.2650985718,44896,44906,10
13.0264196396,80.2640380859,44906,44927,21
13.0264196396,80.2640380859,44927,44937,10
13.0265398026,80.2638931274,44937,44947,10
13.0266304016,80.2634887695,44947,44957,10
13.0269203186,80.2634429932,44957,44967,10
13.0274496078,80.2635574341,44967,44977,10
13.0279998779,80.2637023926,44977,44987,10
13.0283203125,80.2637863159,44987,44997,10
13.0283899307,80.2638168335,44997,45007,10
13.028719902,80.263923645,45007,45017,10
13.0291404724,80.2640380859,45017,45029,12
13.0292596817,80.264251709,45029,45040,11
13.0292797089,80.2642974854,45040,45050,10
13.0292396545,80.2647171021,45050,45060,10
13.0291595459,80.2652206421,45060,45070,10
13.029129982,80.2657623291,45070,45079,9
13.0291595459,80.2660522461,45079,45090,11
13.029129982,80.2664031982,45090,45110,20
13.029129982,80.2664031982,45110,45120,10
13.0292797089,80.2665481567,45120,45131,11
13.0296602249,80.2666091919,45131,45141,10
13.030090332,80.2666625977,45141,45151,10
13.0306196213,80.2667617798,45151,45161,10
13.03125,80.2669219971,45161,45171,10
13.0319900513,80.2672195435,45171,45181,10
13.0324897766,80.2674865723,45181,45191,10
13.0330696106,80.2677688599,45191,45201,10
13.0337095261,80.2678833008,45201,45231,30
13.0337095261,80.2678833008,45231,45242,11
13.0338697433,80.2678985596,45242,45252,10
13.0339803696,80.2679214478,45252,45262,10
13.0342597961,80.2679672241,45262,45272,10
13.0345201492,80.2679824829,45272,45282,10
13.034529686,80.2679824829,45282,45292,10
13.0344600677,80.2681121826,45292,45353,61
13.0344600677,80.2681121826,45353,45363,10
13.0341300964,80.2679977417,45363,45373,10
13.0337600708,80.2679290771,45373,45383,10
13.0334100723,80.2678604126,45383,45423,40
13.0334100723,80.2678604126,45423,45433,10
13.033200264,80.2678222656,45433,45443,10
13.0327997208,80.2677078247,45443,45453,10
13.032500267,80.2675170898,45453,45464,11
13.032119751,80.267326355,45464,45474,10
13.0318498611,80.2672119141,45474,45484,10
13.0313997269,80.2670516968,45484,45494,10
13.0309200287,80.2668762207,45494,45504,10
13.0304403305,80.2667922974,45504,45514,10
13.0298299789,80.2666625977,45514,45534,20
13.0298299789,80.2666625977,45534,45544,10
13.0294303894,80.2665710449,45544,45554,10
13.0291500092,80.2664413452,45554,45564,10
13.028719902,80.2663726807,45564,45575,11
13.0281801224,80.2662582397,45575,45585,10
13.0276603699,80.2661972046,45585,45595,10
13.0270204544,80.2660827637,45595,45605,10
13.0263395309,80.265953064,45605,45625,20
13.0263395309,80.265953064,45625,45635,10
13.0261602402,80.26587677,45635,45645,10
13.0258398056,80.2657470703,45645,45655,10
13.0253095627,80.2654037476,45655,45686,31
13.0253095627,80.2654037476,45686,45696,10
13.0250797272,80.2651901245,45696,45706,10
13.0247602463,80.2649765015,45706,45716,10
13.0246200562,80.2648620605,45716,45726,10
13.0242996216,80.2646636963,45726,45736,10
13.0238399506,80.2643737793,45736,45746,10
13.0235099792,80.2641906738,45746,45756,10
13.0229701996,80.2639007568,45756,45766,10
13.0222196579,80.2635269165,45766,45797,31
13.0222196579,80.2635269165,45797,45807,10
13.0218296051,80.2632827759,45807,45817,10
13.0213603973,80.263130188,45817,45827,10
13.0207595825,80.2630462646,45827,45843,16
13.019780159,80.2629623413,45843,45855,12
13.019109726,80.2629013062,45855,45865,10
13.0189504623,80.2624435425,45865,45875,10
13.0187997818,80.261680603,45875,45885,10
13.0184202194,80.261177063,45885,45895,10
13.017780304,80.2607498169,45895,45906,11
13.0170001984,80.2602081299,45906,45916,10
13.016289711,80.259803772,45916,45925,9
13.016169548,80.2597579956,45925,45936,11
13.0159797668,80.2596588135,45936,45946,10
13.0154895782,80.2594680786,45946,45956,10
13.0148696899,80.2593612671,45956,45965,9
13.0140104294,80.2593002319,45965,45976,11
13.0128698349,80.259262085,45976,45986,10
13.0115499496,80.2592010498,45986,45995,9
13.0107002258,80.2592010498,45995,46006,11
13.0100297928,80.2592391968,46006,46017,11
13.0098304749,80.2592163086,46017,46027,10
13.0095596313,80.2591629028,46027,46037,10
13.0090799332,80.259147644,46037,46047,10
13.008769989,80.2591781616,46047,46057,10
13.0084104538,80.2591629028,46057,46067,10
13.0078401566,80.2592926025,46067,46077,10
13.0074100494,80.259147644,46077,46087,10
13.0072002411,80.2587509155,46087,46097,10
13.0071897507,80.258682251,46097,46107,10
13.0071201324,80.2585067749,46107,46117,10
13.0066099167,80.2577590942,46117,46138,21
13.0066099167,80.2577590942,46138,46148,10
13.0065097809,80.2575836182,46148,46228,80
13.0065097809,80.2575836182,46228,46239,11
13.0066604614,80.2572631836,46239,46249,10
13.0065603256,80.2566070557,46249,46259,10
13.0065202713,80.2558898926,46259,46269,10
13.0065498352,80.2553482056,46269,46279,10
13.0065803528,80.2548370361,46279,46288,9
13.0065202713,80.2541275024,46288,46299,11
13.0065202713,80.2532577515,46299,46319,20
13.0065202713,80.2532577515,46319,46329,10
13.0064897537,80.2528610229,46329,46350,21
13.0064897537,80.2528610229,46350,46360,10
13.0065002441,80.252571106,46360,46370,10
13.0065498352,80.2521514893,46370,46380,10
13.0066299438,80.2515411377,46380,46389,9
13.0066299438,80.2509002686,46389,46400,11
13.0065898895,80.2501602173,46400,46409,9
13.0066604614,80.2498626709,46409,46419,10
13.0066604614,80.2496185303,46419,46430,11
13.0067100525,80.2494735718,46430,46440,10
13.0066604614,80.2488327026,46440,46491,51
13.0066604614,80.2488327026,46491,46501,10
13.0066995621,80.2486724854,46501,46511,10
13.0066404343,80.2484817505,46511,46521,10
13.0066204071,80.2482681274,46521,46531,10
13.0066204071,80.2480926514,46531,46541,10
13.0066003799,80.2479400635,46541,46551,10
13.0065603256,80.2475891113,46551,46602,51
13.0065603256,80.2475891113,46602,46612,10
13.0065803528,80.2473068237,46612,46620,8
13.0066003799,80.2468719482,46620,46632,12
13.0065402985,80.2465286255,46632,46642,10
13.0065803528,80.246383667,46642,46652,10
13.0066699982,80.2460174561,46652,46662,10
13.0066404343,80.2453308105,46662,46673,11
13.0065402985,80.2444763184,46673,46683,10
13.0065202713,80.2442626953,46683,46693,10
13.0063896179,80.2431869507,46693,46703,10
13.0060796738,80.24243927,46703,46713,10
13.0063495636,80.2418670654,46713,46723,10
13.0063695908,80.2416915894,46723,46733,10
13.0064201355,80.2416381836,46733,46743,10
13.0063896179,80.2412490845,46743,46753,10
13.006310463,80.2406997681,46753,46773,20
13.006310463,80.2406997681,46773,46784,11
13.0074195862,80.2371673584,46784,46794,10
13.0074195862,80.2367401123,46794,46814,20
13.0074195862,80.2367401123,46814,46824,10
13.0075397491,80.2363815308,46824,46834,10
13.0076599121,80.2357406616,46834,46844,10
13.0077800751,80.2351379395,46844,46854,10
13.007900238,80.234413147,46854,46864,10
13.0081396103,80.2334823608,46864,46874,10
13.0083198547,80.2324523926,46874,46884,10
13.0083303452,80.2314987183,46884,46895,11
13.0086698532,80.2305297852,46895,46905,10
13.0089597702,80.2294387817,46905,46915,10
13.0091695786,80.2285079956,46915,46925,10
13.0095100403,80.2275238037,46925,46935,10
13.0098800659,80.2264099121,46935,46945,10
13.0103902817,80.225479126,46945,46955,10
13.0107498169,80.2248001099,46955,46965,10
13.011059761,80.2239303589,46965,46975,10
13.0114603043,80.2228775024,46975,46985,10
13.0116996765,80.2218933105,46985,46995,10
13.0122299194,80.2214126587,46995,47006,11
13.0126399994,80.2218933105,47006,47016,10
13.0130796432,80.2224502563,47016,47026,10
13.0136098862,80.2230377197,47026,47036,10
13.0140199661,80.2233505249,47036,47046,10
13.0141897202,80.2234725952,47046,47056,10
13.0143003464,80.2235870361,47056,47066,10
13.0147800446,80.2240905762,47066,47076,10
13.0150995255,80.2245483398,47076,47086,10
13.0150995255,80.2245635986,47086,47096,10
13.0151100159,80.2246627808,47096,47106,10
13.0156297684,80.2250518799,47106,47127,21
13.0156297684,80.2250518799,47127,47137,10
13.0159196854,80.2252807617,47137,47147,10
13.0165596008,80.2252731323,47147,47157,10
13.0173597336,80.2249603271,47157,47167,10
13.0182504654,80.2246017456,47167,47176,9
13.018989563,80.224319458,47176,47187,11
13.0195398331,80.2244033813,47187,47197,10
13.0200796127,80.2247772217,47197,47207,10
13.0205402374,80.2251205444,47207,47217,10
13.0210599899,80.2255096436,47217,47227,10
13.0219602585,80.2261734009,47227,47247,20
13.0219602585,80.2261734009,47247,47258,11
13.0222396851,80.2264022827,47258,47268,10
13.0227804184,80.2268600464,47268,47278,10
13.023349762,80.2273864746,47278,47288,10
13.0238199234,80.2277984619,47288,47298,10
13.0242395401,80.2282028198,47298,47308,10
13.0244102478,80.2283935547,47308,47318,10
13.024479866,80.2285614014,47318,47328,10
13.0247898102,80.2290725708,47328,47339,11
13.0253295898,80.2297973633,47339,47348,9
13.0257501602,80.2304611206,47348,47359,11
13.0259599686,80.2311935425,47359,47369,10
13.0263395309,80.2312011719,47369,47379,10
13.0270996094,80.2309875488,47379,47389,10
13.0279302597,80.2309265137,47389,47399,10
13.0284500122,80.2308807373,47399,47409,10
13.0284700394,80.2308807373,47409,47418,9
13.0286102295,80.2309112549,47418,47428,10
13.0290203094,80.2308578491,47428,47439,11
13.0293798447,80.230796814,47439,47450,11
13.0299196243,80.2307434082,47450,47460,10
13.0305500031,80.2306976318,47460,47470,10
13.0308799744,80.230682373,47470,47480,10
13.0312995911,80.2306518555,47480,47490,10
13.0320100784,80.2305984497,47490,47500,10
13.0328903198,80.2305526733,47500,47510,10
13.0335197449,80.2304611206,47510,47518,8
13.0339403152,80.2304000854,47518,47561,43
13.0339403152,80.2304000854,47561,47571,10
13.034239769,80.2304229736,47571,47591,20
13.034239769,80.2304229736,47591,47601,10
13.0345201492,80.2303314209,47601,47611,10
13.0347099304,80.2302627563,47611,47621,10
13.0349197388,80.2301330566,47621,47631,10
13.0350503922,80.2299804688,47631,47641,10
13.0350103378,80.2298202515,47641,47682,41
13.0350103378,80.2298202515,47682,47692,10
13.0346002579,80.2297973633,47692,47732,40
13.0343799591,80.2296524048,47732,47803,71
13.0344295502,80.2297897339,47803,47904,101
13.0344295502,80.2297897339,47904,47914,10
13.0341997147,80.2298736572,47914,47924,10
13.0342197418,80.2300491333,47924,47995,71
13.0340795517,80.2304000854,47995,48025,30
13.0340795517,80.2304000854,48025,48035,10
13.0336704254,80.2304534912,48035,48045,10
13.0335597992,80.23046875,48045,48055,10
13.0330600739,80.2304992676,48055,48065,10
13.0322904587,80.2305526733,48065,48075,10
13.0315103531,80.2306289673,48075,48085,10
13.0309200287,80.2306976318,48085,48116,31
13.0309200287,80.2306976318,48116,48126,10
13.0307397842,80.2307434082,48126,48136,10
13.0303602219,80.2307891846,48136,48146,10
13.0299196243,80.2308197021,48146,48156,10
13.0297803879,80.2308197021,48156,48166,10
13.0294399261,80.2308425903,48166,48176,10
13.0286903381,80.2309188843,48176,48186,10
13.0279798508,80.2309265137,48186,48196,10
13.0276899338,80.2311477661,48196,48205,9
13.0276899338,80.2316665649,48205,48217,12
13.0278196335,80.2322998047,48217,48227,10
13.0278396606,80.2327270508,48227,48237,10
13.0271902084,80.2328186035,48237,48247,10
13.0268096924,80.2329025269,48247,48257,10
13.02643013,80.2328567505,48257,48267,10
13.0262298584,80.2323226929,48267,48277,10
13.0261602402,80.2320404053,48277,48287,10
13.02602005,80.2315597534,48287,48297,10
13.0258703232,80.2309799194,48297,48307,10
13.0254602432,80.2301330566,48307,48317,10
13.0248098373,80.229309082,48317,48328,11
13.0239801407,80.2282714844,48328,48358,30
13.0239801407,80.2282714844,48358,48368,10
13.0238199234,80.2280731201,48368,48378,10
13.0234203339,80.2276611328,48378,48388,10
13.0230197906,80.2272415161,48388,48398,10
13.0223503113,80.2266921997,48398,48408,10
13.0215396881,80.2260131836,48408,48418,10
13.0207700729,80.2254486084,48418,48428,10
13.0204401016,80.2252120972,48428,48439,11
13.020070076,80.2249679565,48439,48449,10
13.0193099976,80.224609375,48449,48459,10
13.0183897018,80.2247467041,48459,48469,10
13.0175600052,80.2250671387,48469,48479,10
13.0169401169,80.2253036499,48479,48489,10
13.0164003372,80.2255172729,48489,48499,10
13.0157604218,80.2257232666,48499,48509,10
13.0151500702,80.2259674072,48509,48519,10
13.0142297745,80.2263031006,48519,48539,20
13.0142297745,80.2263031006,48539,48550,11
13.0139102936,80.2264175415,48550,48560,10
13.0131597519,80.2266769409,48560,48570,10
13.0122098923,80.2270507813,48570,48580,10
13.0112104416,80.2274475098,48580,48590,10
13.010219574,80.2278366089,48590,48600,10
13.0093002319,80.2282485962,48600,48610,10
13.0090103149,80.2291107178,48610,48620,10
13.0087900162,80.2301712036,48620,48630,10
13.0085697174,80.2313919067,48630,48640,10
13.0083503723,80.2326202393,48640,48650,10
13.0082502365,80.2334213257,48650,48661,11
13.0081996918,80.2335891724,48661,48671,10
13.0081300735,80.2337188721,48671,48681,10
13.0080404282,80.2342987061,48681,48691,10
13.0078697205,80.2351303101,48691,48701,10
13.0077104568,80.2359924316,48701,48711,10
13.0075597763,80.2367401123,48711,48721,10
13.0074195862,80.2374801636,48721,48731,10
13.0072898865,80.2381134033,48731,48741,10
13.0071697235,80.2387924194,48741,48751,10
13.0069904327,80.2397689819,48751,48782,31
13.0069904327,80.2397689819,48782,48792,10
13.0069799423,80.2399673462,48792,48802,10
13.0069799423,80.240020752,48802,48812,10
13.0068397522,80.2405166626,48812,48822,10
13.0067901611,80.2408218384,48822,48832,10
13.0067796707,80.2408828735,48832,48842,10
13.0066995621,80.2413864136,48842,48852,10
13.0066795349,80.2424316406,48852,48862,10
13.0066699982,80.243560791,48862,48872,10
13.0066795349,80.2446136475,48872,48883,11
13.0066699982,80.2454376221,48883,48893,10
13.0066795349,80.2455596924,48893,48903,10
13.0066795349,80.2457427979,48903,48913,10
13.0066900253,80.2460098267,48913,48923,10
13.0067396164,80.2465362549,48923,48933,10
13.0067396164,80.247467041,48933,48943,10
13.0067501068,80.2484817505,48943,48953,10
13.0068702698,80.2496566772,48953,48973,20
13.0068702698,80.2496566772,48973,48983,10
13.0068101883,80.2498168945,48983,48994,11
13.0067996979,80.2503128052,48994,49004,10
13.0068101883,80.2503890991,49004,49014,10
13.0068502426,80.2506484985,49014,49024,10
13.0068702698,80.2510528564,49024,49034,10
13.0068702698,80.2512817383,49034,49044,10
13.0067596436,80.2516708374,49044,49054,10
13.0065803528,80.2524108887,49054,49064,10
13.0065402985,80.2534866333,49064,49074,10
13.0065402985,80.2544403076,49074,49084,10
13.0065803528,80.2552337646,49084,49094,10
13.0066099167,80.2560577393,49094,49105,11
13.0066404343,80.2568817139,49105,49155,50
13.0066404343,80.2568817139,49155,49165,10
13.0066204071,80.2569732666,49165,49175,10
13.0066795349,80.2572784424,49175,49185,10
13.0069198608,80.2578125,49185,49195,10
13.0073404312,80.2584228516,49195,49205,10
13.0077295303,80.2586593628,49205,49216,11
13.0077295303,80.2586669922,49216,49226,10
13.0077695847,80.2587280273,49226,49242,16
13.008600235,80.2590026855,49242,49254,12
13.0092601776,80.2590332031,49254,49264,10
13.0099201202,80.2590484619,49264,49274,10
13.0111598969,80.2590026855,49274,49284,10
13.0123500824,80.2590866089,49284,49294,10
13.0140695572,80.2591629028,49294,49304,10
13.0154399872,80.2592391968,49304,49314,10
13.0165300369,80.2597579956,49314,49345,31
13.0165300369,80.2597579956,49345,49355,10
13.0165596008,80.2598266602,49355,49365,10
13.0166196823,80.2598800659,49365,49375,10
13.0167102814,80.2599411011,49375,49385,10
13.0171804428,80.2602462769,49385,49395,10
13.0178098679,80.2606887817,49395,49405,10
13.0184497833,80.2611465454,49405,49415,10
13.0188903809,80.2614974976,49415,49425,10
13.019200325,80.261756897,49425,49436,11
13.0195102692,80.2620162964,49436,49446,10
13.0202798843,80.2626724243,49446,49476,30
13.0202798843,80.2626724243,49476,49486,10
13.0205802917,80.262802124,49486,49496,10
13.0211601257,80.2629776001,49496,49506,10
13.0218000412,80.2632217407,49506,49516,10
13.0220804214,80.2633590698,49516,49526,10
13.0222997665,80.2634735107,49526,49536,10
13.0229597092,80.2638626099,49536,49577,41
13.0229597092,80.2638626099,49577,49587,10
13.0233697891,80.2640914917,49587,49597,10
13.0238704681,80.2643814087,49597,49613,16
13.0248203278,80.2650299072,49613,49625,12
13.025560379,80.2655410767,49625,49633,8
13.0260601044,80.2658309937,49633,49645,12
13.0263595581,80.2655487061,49645,49656,11
13.0264396667,80.2649230957,49656,49668,12
13.0265903473,80.2639083862,49668,49688,20
13.0265903473,80.2639083862,49688,49698,10
13.0266103745,80.2636795044,49698,49707,9
13.0267400742,80.263381958,49707,49718,11
13.0271902084,80.2634429932,49718,49728,10
13.0278396606,80.2636566162,49728,49738,10
13.0281801224,80.2637786865,49738,49748,10
13.0282802582,80.2638092041,49748,49759,11
13.0286798477,80.2639770508,49759,49769,10
13.0291595459,80.2641220093,49769,49779,10
13.0292596817,80.2643203735,49779,49789,10
13.0292797089,80.2648086548,49789,49799,10
13.0293197632,80.2654876709,49799,49809,10
13.0292396545,80.2661590576,49809,49819,10
13.0292396545,80.2661895752,49819,49829,10
13.0291795731,80.2663879395,49829,49839,10
13.0293502808,80.2665176392,49839,49849,10
13.0296897888,80.2665863037,49849,49859,10
13.0302495956,80.2667007446,49859,49870,11
13.0307502747,80.2668228149,49870,49880,10
13.0313396454,80.2669906616,49880,49890,10
13.0319795609,80.2672119141,49890,49899,9
13.0324296951,80.2674636841,49899,49910,11
13.0326700211,80.267616272,49910,49920,10
13.0330600739,80.2677307129,49920,49930,10
13.0336198807,80.2678527832,49930,49960,30
13.0336198807,80.2678527832,49960,49970,10
13.033780098,80.2679519653,49970,49981,11
13.0341300964,80.2679901123,49981,49991,10
13.0344495773,80.2680435181,49991,50021,30
13.0344295502,80.2681121826,50021,50041,20
13.0344295502,80.2681121826,50041,50051,10
13.0342197418,80.2680130005,50051,50061,10
13.0339698792,80.2679672241,50061,50071,10
13.0338001251,80.2679367065,50071,50081,10
13.0333795547,80.2678604126,50081,50092,11
13.0328598022,80.2677536011,50092,50101,9
13.0326595306,80.2676315308,50101,50112,11
13.0324001312,80.2674865723,50112,50122,10
13.0318002701,80.2671890259,50122,50132,10
13.0311899185,80.2669525146,50132,50142,10
13.0306501389,80.2668075562,50142,50152,10
13.0303602219,80.2667388916,50152,50162,10
13.0301799774,80.2667007446,50162,50172,10
13.0299196243,80.2666931152,50172,50182,10
13.0297298431,80.2666473389,50182,50192,10
13.0294303894,80.2666168213,50192,50223,31
13.0294303894,80.2666168213,50223,50233,10
13.0291900635,80.2664413452,50233,50243,10
13.0290002823,80.266418457,50243,50253,10
13.0286197662,80.2663803101,50253,50263,10
13.0283603668,80.2663421631,50263,50273,10
13.0281801224,80.2662963867,50273,50283,10
13.0279998779,80.266242981,50283,50293,10
13.0278396606,80.2662124634,50293,50303,10
13.0269002914,80.2660675049,50303,50485,182
13.0267000198,80.2658233643,50485,50657,172
13.0266199112,80.2657089233,50657,50697,40
13.0266304016,80.2657394409,50697,50768,71
13.0266304016,80.2657394409,50768,50778,10
13.026599884,80.2657165527,50778,50899,121
13.0265798569,80.2656021118,50899,52978,2079
13.0265798569,80.2656021118,52978,52988,10
13.0265102386,80.2653198242,52988,52998,10
13.0265398026,80.2654495239,52998,53603,605
13.0265398026,80.2654495239,53603,53614,11
13.0264797211,80.2653808594,53614,53624,10
13.0263996124,80.2653427124,53624,53634,10
13.0263004303,80.2655181885,53634,53644,10
13.0262498856,80.2657623291,53644,53654,10
13.0260000229,80.2657775879,53654,53664,10
13.025179863,80.265296936,53664,53704,40
13.025179863,80.265296936,53704,53714,10
13.0250797272,80.2651977539,53714,53725,11
13.0248203278,80.2649383545,53725,53735,10
13.0243902206,80.2646331787,53735,53745,10
13.0238704681,80.2642822266,53745,53755,10
13.0233201981,80.2640304565,53755,53765,10
13.0227098465,80.2637176514,53765,53775,10
13.0222501755,80.2635116577,53775,53785,10
13.0221099854,80.2634277344,53785,53795,10
13.0220003128,80.2633590698,53795,53805,10
13.0217103958,80.2632217407,53805,53815,10
13.0210895538,80.2630767822,53815,53825,10
13.0203399658,80.2630233765,53825,53836,11
13.0197095871,80.2629928589,53836,53846,10
13.0191202164,80.2629394531,53846,53856,10
13.0189199448,80.262550354,53856,53866,10
13.0188398361,80.2618179321,53866,53876,10
13.0185699463,80.2612304688,53876,53886,10
13.0180101395,80.2608566284,53886,53896,10
13.017370224,80.2604293823,53896,53905,9
13.016699791,80.259979248,53905,53916,11
13.0160398483,80.2596664429,53916,53926,10
13.0160303116,80.2596817017,53926,53936,10
13.0157899857,80.2595901489,53936,53947,11
13.0151395798,80.2593994141,53947,53957,10
13.0143995285,80.2593307495,53957,53967,10
13.0135803223,80.2593002319,53967,53977,10
13.0126495361,80.259262085,53977,53987,10
13.0117101669,80.2592163086,53987,53997,10
13.0108003616,80.2592086792,53997,54007,10
13.0099401474,80.2592163086,54007,54017,10
13.0091600418,80.2592773438,54017,54027,10
13.0087604523,80.2592926025,54027,54037,10
13.0082798004,80.2592697144,54037,54047,10
13.0077695847,80.2594985962,54047,54058,11
13.0073204041,80.2589797974,54058,54068,10
13.0070295334,80.2584228516,54068,54078,10
13.006939888,80.2582092285,54078,54088,10
13.006529808,80.2575836182,54088,54199,111
13.006529808,80.2575836182,54199,54209,10
13.0064401627,80.2574691772,54209,54219,10
13.0064496994,80.2570800781,54219,54229,10
13.0064401627,80.2564620972,54229,54239,10
13.0064601898,80.2556533813,54239,54249,10
13.0065202713,80.2549819946,54249,54259,10
13.0065097809,80.2543792725,54259,54269,10
13.0065402985,80.2540588379,54269,54290,21
13.0065402985,80.2540588379,54290,54300,10
13.0065803528,80.25390625,54300,54330,30
13.0065803528,80.25390625,54330,54340,10
13.0066604614,80.2537536621,54340,54350,10
13.0067195892,80.2533493042,54350,54360,10
13.0066795349,80.2528915405,54360,54380,20
13.0066795349,80.2528915405,54380,54391,11
13.0065803528,80.2526702881,54391,54441,50
13.0065803528,80.2526702881,54441,54451,10
13.0065698624,80.2523269653,54451,54461,10
13.0066795349,80.2517471313,54461,54471,10
13.0067796707,80.2510223389,54471,54481,10
13.0068101883,80.2502365112,54481,54491,10
13.006819725,80.2495422363,54491,54502,11
13.0067100525,80.2484130859,54502,54552,50
13.0067100525,80.2484130859,54552,54562,10
13.0066604614,80.2482299805,54562,54572,10
13.0066604614,80.2477264404,54572,54582,10
13.0066604614,80.2471008301,54582,54592,10
13.0066003799,80.2465896606,54592,54602,10
13.0066003799,80.2464981079,54602,54613,11
13.0066204071,80.2459869385,54613,54623,10
13.0066299438,80.245262146,54623,54633,10
13.0066699982,80.244468689,54633,54643,10
13.0066404343,80.2436904907,54643,54653,10
13.0066003799,80.2430725098,54653,54663,10
13.0065803528,80.2422409058,54663,54673,10
13.0065603256,80.2417068481,54673,54683,10
13.0065603256,80.2415237427,54683,54693,10
13.0066299438,80.2409591675,54693,54703,10
13.0067396164,80.2403411865,54703,54734,31
13.0067396164,80.2403411865,54734,54744,10
13.0067596436,80.2402191162,54744,54754,10
13.006819725,80.2397613525,54754,54764,10
13.0069999695,80.2389068604,54764,54774,10
13.0071802139,80.23802948,54774,54784,10
13.007349968,80.237197876,54784,54794,10
13.007399559,80.2367706299,54794,54804,10
13.007399559,80.2367630005,54804,54814,10
13.0074501038,80.2365875244,54814,54824,10
13.0074901581,80.2364883423,54824,54835,11
13.0075597763,80.2360610962,54835,54845,10
13.0076599121,80.2355804443,54845,54855,10
13.0077896118,80.2350082397,54855,54865,10
13.0079402924,80.2343215942,54865,54875,10
13.008099556,80.2334899902,54875,54885,10
13.0082597733,80.2325363159,54885,54895,10
13.008480072,80.2315826416,54895,54905,10
13.0087099075,80.2305297852,54905,54915,10
13.0089197159,80.2294616699,54915,54925,10
13.009180069,80.2282104492,54925,54935,10
13.0096197128,80.227180481,54935,54946,11
13.0101203918,80.2261428833,54946,54956,10
13.0105104446,80.2253570557,54956,54966,10
13.0107498169,80.2248382568,54966,54976,10
13.0109996796,80.2242584229,54976,54986,10
13.0112304688,80.2235565186,54986,54996,10
13.0115604401,80.2229385376,54996,55006,10
13.0117797852,80.2222824097,55006,55016,10
13.0122299194,80.2217025757,55016,55026,10
13.0125303268,80.2216796875,55026,55036,10
13.0126600266,80.2220611572,55036,55046,10
13.0131502151,80.2225418091,55046,55057,11
13.0138196945,80.2233581543,55057,55067,10
13.0142002106,80.2238311768,55067,55077,10
13.0145301819,80.2242279053,55077,55087,10
13.015130043,80.2248077393,55087,55103,16
13.0153598785,80.2249832153,55103,55115,12
13.01583004,80.2252807617,55115,55125,10
13.0164299011,80.2252807617,55125,55134,9
13.0170202255,80.2250671387,55134,55149,15
13.0183296204,80.2245483398,55149,55159,10
13.0191402435,80.2243270874,55159,55170,11
13.0196695328,80.2244796753,55170,55180,10
13.0200195313,80.2247390747,55180,55190,10
13.0205001831,80.225112915,55190,55200,10
13.0209598541,80.225440979,55200,55210,10
13.0215396881,80.2258377075,55210,55220,10
13.0218696594,80.22605896,55220,55243,23
13.0220804214,80.22631073,55243,55255,12
13.0225000381,80.2266998291,55255,55265,10
13.0229301453,80.2270584106,55265,55274,9
13.0235004425,80.2276000977,55274,55286,12
13.0241498947,80.2282867432,55286,55296,10
13.0245895386,80.2289276123,55296,55316,20
13.0245895386,80.2289276123,55316,55326,10
13.0247297287,80.229133606,55326,55336,10
13.0251302719,80.229637146,55336,55346,10
13.0256299973,80.2303390503,55346,55356,10
13.0259304047,80.2311325073,55356,55366,10
13.0261802673,80.2312393188,55366,55376,10
13.0268201828,80.2310333252,55376,55387,11
13.0281000137,80.230796814,55387,55426,39
13.0281000137,80.230796814,55426,55437,11
13.0284900665,80.2308273315,55437,55447,10
13.0288095474,80.230758667,55447,55457,10
13.0293197632,80.2307128906,55457,55467,10
13.0299797058,80.2306594849,55467,55477,10
13.0304002762,80.2306289673,55477,55488,11
13.0307598114,80.2306213379,55488,55498,10
13.0313501358,80.2305603027,55498,55508,10
13.0320796967,80.230506897,55508,55518,10
13.0328102112,80.2304611206,55518,55528,10
13.0333595276,80.2304077148,55528,55548,20
13.0333595276,80.2304077148,55548,55558,10
13.0335597992,80.2303924561,55558,55568,10
13.0338602066,80.2303390503,55568,55578,10
13.0341501236,80.2303009033,55578,55588,10
13.0344295502,80.2302627563,55588,55639,51
13.0344295502,80.2302627563,55639,55649,10
13.0347204208,80.230178833,55649,55659,10
13.0349397659,80.2299880981,55659,55669,10
13.0349197388,80.2298278809,55669,55679,10
13.0345897675,80.2298202515,55679,55861,182
13.0345897675,80.2298202515,55861,55871,10
13.034239769,80.2300262451,55871,56032,161
13.0341796875,80.230178833,56032,56073,41
13.0341796875,80.230178833,56073,56083,10
13.0338001251,80.2304382324,56083,56093,10
13.0334796906,80.2304382324,56093,56103,10
13.0333900452,80.2304229736,56103,56113,10
13.0329198837,80.2305297852,56113,56123,10
13.0322399139,80.2306518555,56123,56133,10
13.0313997269,80.23072052,56133,56144,11
13.0306596756,80.2307662964,56144,56153,9
13.0297803879,80.2308197021,56153,56174,21
13.0297803879,80.2308197021,56174,56184,10
13.0295295715,80.2308807373,56184,56194,10
13.0289297104,80.2309188843,56194,56204,10
13.0282201767,80.231010437,56204,56214,10
13.027759552,80.2310562134,56214,56224,10
13.027680397,80.2315292358,56224,56234,10
13.0277395248,80.2321929932,56234,56244,10
13.0277395248,80.2327270508,56244,56255,11
13.027130127,80.2328262329,56255,56265,10
13.0269002914,80.2328872681,56265,56275,10
13.026720047,80.2329483032,56275,56285,10
13.0263795853,80.2328186035,56285,56295,10
13.0261802673,80.2322311401,56295,56305,10
13.0260696411,80.2317581177,56305,56315,10
13.0259799957,80.231338501,56315,56325,10
13.0256900787,80.2305374146,56325,56335,10
13.0251398087,80.2297210693,56335,56345,10
13.0247602463,80.2292709351,56345,56355,10
13.0247497559,80.2292480469,56355,56366,11
13.0246601105,80.229133606,56366,56376,10
13.0243501663,80.2287063599,56376,56386,10
13.0239801407,80.2282867432,56386,56396,10
13.0239696503,80.2282714844,56396,56406,10
13.0238304138,80.2280883789,56406,56416,10
13.0234603882,80.2276992798,56416,56426,10
13.0230998993,80.2272872925,56426,56436,10
13.0226802826,80.2268829346,56436,56446,10
13.0223302841,80.2265701294,56446,56456,10
13.0219402313,80.2262268066,56456,56466,10
13.0214996338,80.2258911133,56466,56477,11
13.0210895538,80.2255630493,56477,56487,10
13.0207500458,80.2252731323,56487,56497,10
13.0204601288,80.2250900269,56497,56517,20
13.0204601288,80.2250900269,56517,56527,10
13.0200500488,80.224822998,56527,56537,10
13.0195398331,80.2244873047,56537,56547,10
13.0187397003,80.2244491577,56547,56557,10
13.0178899765,80.2248001099,56557,56567,10
13.0170202255,80.225151062,56567,56577,10
13.0164699554,80.225402832,56577,56588,11
13.0159797668,80.2256011963,56588,56598,10
13.01541996,80.2257995605,56598,56608,10
13.0152101517,80.2259368896,56608,56618,10
13.0148801804,80.2261276245,56618,56628,10
13.0144996643,80.226272583,56628,56678,50
13.0144996643,80.226272583,56678,56688,10
13.0141296387,80.2263870239,56688,56699,11
13.0134897232,80.2266235352,56699,56709,10
13.0128202438,80.2268981934,56709,56719,10
13.0120296478,80.2271881104,56719,56735,16
13.0107603073,80.2276687622,56735,56747,12
13.009759903,80.2280807495,56747,56757,10
13.009180069,80.2284698486,56757,56766,9
13.0089302063,80.2295074463,56766,56778,12
13.0086803436,80.2308197021,56778,56788,10
13.0085000992,80.231880188,56788,56798,10
13.0082397461,80.2334976196,56798,56819,21
13.0082397461,80.2334976196,56819,56829,10
13.0081701279,80.2335968018,56829,56839,10
13.0080795288,80.2339935303,56839,56849,10
13.0079698563,80.234703064,56849,56858,9
13.0078296661,80.2353591919,56858,56869,11
13.0076503754,80.2362823486,56869,56879,10
13.0074300766,80.2373962402,56879,56889,10
13.0072603226,80.2382888794,56889,56899,10
13.0070896149,80.2391281128,56899,56910,11
13.0069198608,80.2399673462,56910,56940,30
13.0069198608,80.2399673462,56940,56950,10
13.0069198608,80.2402420044,56950,56960,10
13.0068502426,80.2406005859,56960,56970,10
13.0068397522,80.2406234741,56970,56980,10
13.0067796707,80.2409591675,56980,56990,10
13.0066995621,80.2414932251,56990,57000,10
13.0066995621,80.2422485352,57000,57010,10
13.0066604614,80.242980957,57010,57020,10
13.0066404343,80.2437667847,57020,57031,11
13.0066404343,80.2448272705,57031,57041,10
13.0066699982,80.2457427979,57041,57051,10
13.0066995621,80.2463912964,57051,57060,9
13.0067100525,80.2464904785,57060,57071,11
13.0067300797,80.2466583252,57071,57081,10
13.0067396164,80.2471618652,57081,57091,10
13.0067396164,80.2479705811,57091,57101,10
13.0067596436,80.2488021851,57101,57111,10
13.0068702698,80.2496185303,57111,57132,21
13.0068702698,80.2496185303,57132,57142,10
13.0068902969,80.249961853,57142,57152,10
13.0068702698,80.2505264282,57152,57162,10
13.0068702698,80.2511901855,57162,57172,10
13.0066900253,80.2519836426,57172,57182,10
13.0065603256,80.2528762817,57182,57192,10
13.0065603256,80.2538909912,57192,57202,10
13.0066204071,80.2548599243,57202,57212,10
13.0066299438,80.2558364868,57212,57222,10
13.0066604614,80.2567596436,57222,57232,10
13.0066795349,80.2570800781,57232,57283,51
13.0066795349,80.2570800781,57283,57293,10
13.0066404343,80.2573623657,57293,57303,10
13.0068597794,80.2578201294,57303,57313,10
13.007229805,80.2583618164,57313,57323,10
13.0076398849,80.2586364746,57323,57333,10
13.0076599121,80.2586364746,57333,57343,10
13.0081195831,80.2588577271,57343,57354,11
13.0088100433,80.2590484619,57354,57364,10
13.00963974,80.2590637207,57364,57374,10
13.0106801987,80.2590637207,57374,57384,10
13.0117902756,80.2590713501,57384,57394,10
13.012960434,80.2591018677,57394,57404,10
13.0141601563,80.2591781616,57404,57414,10
13.0153102875,80.2592391968,57414,57424,10
13.0161800385,80.2594985962,57424,57434,10
13.0164499283,80.259727478,57434,57444,10
13.0164899826,80.2597808838,57444,57454,10
13.0167999268,80.259979248,57454,57465,11
13.0173997879,80.2603988647,57465,57475,10
13.017950058,80.2608032227,57475,57485,10
13.0185604095,80.2612075806,57485,57495,10
13.0191297531,80.2616424561,57495,57505,10
13.019659996,80.2621612549,57505,57515,10
13.0201997757,80.2626266479,57515,57531,16
13.0205497742,80.2628326416,57531,57543,12
13.0213403702,80.2630767822,57543,57551,8
13.0216798782,80.2631988525,57551,57563,12
13.02202034,80.2633590698,57563,57573,10
13.0223999023,80.2635574341,57573,57584,11
13.0228796005,80.2638626099,57584,57594,10
13.0236597061,80.2642822266,57594,57604,10
13.0243196487,80.2646179199,57604,57614,10
13.0248003006,80.2649688721,57614,57624,10
13.0251703262,80.2652435303,57624,57634,10
13.0256700516,80.2655563354,57634,57644,10
13.0262098312,80.26587677,57644,57654,10
13.0263900757,80.2655792236,57654,57664,10
13.0263996124,80.2653198242,57664,57674,10
13.0264196396,80.2649230957,57674,57685,11
13.0264797211,80.2643585205,57685,57695,10
13.0265302658,80.2638473511,57695,57705,10
13.0265598297,80.263710022,57705,57715,10
13.0266799927,80.263458252,57715,57725,10
13.0270795822,80.2633972168,57725,57735,10
13.0276603699,80.2636108398,57735,57745,10
13.0282001495,80.2637786865,57745,57755,10
13.0283603668,80.2638092041,57755,57765,10
13.0286998749,80.2639083862,57765,57775,10
13.0290699005,80.263999939,57775,57785,10
13.0293197632,80.2643203735,57785,57795,10
13.0293197632,80.2649230957,57795,57806,11
13.0292596817,80.2653427124,57806,57816,10
13.0292596817,80.26537323,57816,57826,10
13.0292596817,80.2660903931,57826,57856,30
13.0292596817,80.2660903931,57856,57866,10
13.0291900635,80.2664337158,57866,57876,10
13.0294599533,80.2665481567,57876,57886,10
13.0299196243,80.2666397095,57886,57896,10
13.0302400589,80.2667007446,57896,57907,11
13.0306901932,80.2667388916,57907,57917,10
13.0311002731,80.2667999268,57917,57927,10
13.0317401886,80.2670288086,57927,57937,10
13.0321302414,80.2673034668,57937,57947,10
13.0326795578,80.2676010132,57947,57957,10
13.0334100723,80.2677993774,57957,57977,20
13.0334100723,80.2677993774,57977,57987,10
13.0335597992,80.2679290771,57987,57997,10
13.033659935,80.267906189,57997,58008,11
13.0339899063,80.2679290771,58008,58018,10
13.0343999863,80.2680664063,58018,58028,10
13.034620285,80.2680587769,58028,58038,10
13.0344104767,80.2679214478,58038,58048,10
13.0344896317,80.2679519653,58048,58058,10
13.0344200134,80.2681274414,58058,58068,10
13.0344104767,80.268119812,58068,58078,10
13.0342302322,80.2679977417,58078,58088,10
13.0340204239,80.2679595947,58088,58098,10
13.0338897705,80.2679367065,58098,58108,10
13.0335998535,80.2678909302,58108,58118,10
13.0332698822,80.2677993774,58118,58129,11
13.032790184,80.2677230835,58129,58139,10
13.0324296951,80.2674713135,58139,58149,10
13.0318403244,80.2671737671,58149,58159,10
13.0306196213,80.2667007446,58159,58179,20
13.0297203064,80.2665405273,58179,58199,20
13.0297203064,80.2665405273,58199,58210,11
13.0297603607,80.2666625977,58210,58219,9
13.0288896561,80.2663574219,58219,58230,11
13.0283403397,80.2662506104,58230,58240,10
13.027759552,80.2661514282,58240,58250,10
13.0273704529,80.2660827637,58250,58260,10
13.0261001587,80.2659606934,58260,58270,10
13.0263795853,80.2660522461,58270,58280,10
13.0263595581,80.2659835815,58280,58391,111
13.0263595581,80.2659835815,58391,58401,10
13.022359848,80.2635726929,58401,58411,10
13.02202034,80.2633895874,58411,58421,10
13.0220098495,80.2633590698,58421,58431,10
13.0217599869,80.2632217407,58431,58441,10
13.0211801529,80.2630767822,58441,58452,11
13.0203800201,80.2630233765,58452,58462,10
13.0200300217,80.2630004883,58462,58472,10
13.0198097229,80.2628479004,58472,58482,10
13.018989563,80.262802124,58482,58502,20
13.018989563,80.262802124,58502,58512,10
13.0179901123,80.2608184814,58512,58522,10
13.017370224,80.2604064941,58522,58532,10
13.0165500641,80.2599029541,58532,58542,10
13.0160398483,80.2596511841,58542,58552,10
13.0160503387,80.2596588135,58552,58563,11
13.0159702301,80.2596282959,58563,58573,10
13.0154495239,80.259437561,58573,58583,10
13.0147399902,80.2592391968,58583,58593,10
13.0135297775,80.2592468262,58593,58603,10
13.0125999451,80.2592163086,58603,58613,10
13.0114603043,80.2592086792,58613,58623,10
13.0104198456,80.2592315674,58623,58633,10
13.009929657,80.259262085,58633,58643,10
13.0097999573,80.2592391968,58643,58653,10
13.0094203949,80.2592315674,58653,58663,10
13.0088596344,80.2592468262,58663,58674,11
13.0085296631,80.2593994141,58674,58684,10
13.0079498291,80.2593383789,58684,58694,10
13.0073299408,80.2591629028,58694,58704,10
13.007109642,80.2585601807,58704,58714,10
13.007060051,80.2584915161,58714,58724,10
13.0066299438,80.2577819824,58724,58734,10
13.0058298111,80.2568817139,58734,58754,20
13.0058298111,80.2568817139,58754,58764,10
13.0064897537,80.2571411133,58764,58775,11
13.0063800812,80.2565612793,58775,58785,10
13.0063800812,80.2560577393,58785,58795,10
13.0063896179,80.2546920776,58795,58866,71
13.0063896179,80.2546920776,58866,58875,9
13.0060596466,80.2529220581,58875,58886,11
13.0062599182,80.251991272,58886,58896,10
13.0059995651,80.2511062622,58896,59199,303
13.0059995651,80.2511062622,59199,59209,10
13.0070104599,80.2392425537,59209,59219,10
13.0072698593,80.2383728027,59219,59320,101
13.0072698593,80.2383728027,59320,59330,10
13.0086898804,80.2305526733,59330,59340,10
13.0088300705,80.2301635742,59340,59349,9
13.0092201233,80.2284622192,59349,59360,11
13.0096902847,80.2271728516,59360,59370,10
13.0101699829,80.2261734009,59370,59380,10
13.0107498169,80.2252197266,59380,59390,10
13.0111999512,80.2241592407,59390,59400,10
13.0112895966,80.223739624,59400,59410,10
13.0114202499,80.2232818604,59410,59420,10
13.0117197037,80.2225189209,59420,59431,11
13.0119400024,80.2216873169,59431,59441,10
13.012339592,80.2216033936,59441,59451,10
13.0127897263,80.2220611572,59451,59461,10
13.0133895874,80.2226715088,59461,59471,10
13.0138397217,80.2233123779,59471,59481,10
13.0143203735,80.2238922119,59481,59491,10
13.0146799088,80.224281311,59491,59501,10
13.0154104233,80.224861145,59501,59511,10
13.01583004,80.2254486084,59511,59527,16
13.0157003403,80.2250671387,59527,59540,13
13.0156202316,80.2247619629,59540,59550,10
13.0156803131,80.2244033813,59550,59560,10
13.0168104172,80.2252578735,59560,59570,10
13.0175800323,80.2251815796,59570,59862,292
13.0285301208,80.2307281494,59862,59933,71
13.030579567,80.2308578491,59933,60065,132
13.030579567,80.2308578491,60065,60074,9
13.0339803696,80.2304382324,60074,60085,11
13.0339698792,80.2304534912,60085,60387,302
13.0339698792,80.2304534912,60387,60397,10
13.0344400406,80.2303466797,60397,60458,61
13.0344400406,80.2303466797,60458,60468,10
13.0345096588,80.2300262451,60468,60518,50
13.0345697403,80.2300033569,60518,60680,162
13.0346002579,80.2299804688,60680,60751,71
13.0346403122,80.2299804688,60751,60821,70
13.0345697403,80.2299575806,60821,60882,61
13.0345697403,80.2299575806,60882,60892,10
13.034529686,80.2299804688,60892,61074,182
13.034529686,80.2299804688,61074,61084,10
13.0342998505,80.2299499512,61084,61144,60
13.0342998505,80.2299499512,61144,61154,10
13.0341997147,80.230178833,61154,61235,81
13.0341997147,80.230178833,61235,61245,10
13.0337896347,80.2305221558,61245,61255,10
13.0333795547,80.2304763794,61255,61265,10
13.0329198837,80.2304229736,61265,61326,61
13.0329198837,80.2304229736,61326,61336,10
13.0311203003,80.2306900024,61336,61346,10
13.0309896469,80.2306137085,61346,61356,10
13.0306901932,80.2303466797,61356,61366,10
13.0304403305,80.2301635742,61366,61376,10
13.02987957,80.230796814,61376,61387,11
13.0298404694,80.2307434082,61387,61396,9
13.029589653,80.2308197021,61396,61407,11
13.0289802551,80.2308807373,61407,61417,10
13.0284204483,80.2309265137,61417,61427,10
13.0279798508,80.2309799194,61427,61437,10
13.0277795792,80.2309799194,61437,61447,10
13.027680397,80.2313232422,61447,61457,10
13.0277099609,80.2317962646,61457,61467,10
13.0278100967,80.2323226929,61467,61477,10
13.0278596878,80.2327575684,61477,61487,10
13.0275201797,80.2328720093,61487,61497,10
13.027009964,80.2329483032,61497,61548,51
13.027009964,80.2329483032,61548,61558,10
13.0268201828,80.2330627441,61558,61568,10
13.0265197754,80.2330474854,61568,61578,10
13.0262899399,80.2325592041,61578,61588,10
13.0261201859,80.2318191528,61588,61598,10
13.0259304047,80.2310791016,61598,61608,10
13.0255899429,80.2302322388,61608,61619,11
13.0250301361,80.2294235229,61619,61629,10
13.0246400833,80.2289810181,61629,61639,10
13.024020195,80.2282333374,61639,61659,20
13.024020195,80.2282333374,61659,61669,10
13.0239896774,80.2282562256,61669,61679,10
13.0237197876,80.2279586792,61679,61689,10
13.0233898163,80.2276382446,61689,61699,10
13.0229301453,80.227180481,61699,61709,10
13.0222196579,80.226600647,61709,61719,10
13.0214099884,80.2259292603,61719,61730,11
13.0205602646,80.2252731323,61730,61740,10
13.0199699402,80.224822998,61740,61749,9
13.019900322,80.2247467041,61749,61760,11
13.0197296143,80.224609375,61760,61770,10
13.019080162,80.2244262695,61770,61780,10
13.0181598663,80.2247161865,61780,61790,10
13.0172796249,80.2251968384,61790,61800,10
13.0163803101,80.2254867554,61800,61809,9
13.0157003403,80.2256317139,61809,61819,10
13.0150699615,80.2259368896,61819,61830,11
13.0141897202,80.226348877,61830,61851,21
13.0141897202,80.226348877,61851,61861,10
13.0140104294,80.2263793945,61861,61871,10
13.0134801865,80.2265777588,61871,61881,10
13.0127696991,80.226852417,61881,61891,10
13.0119199753,80.2272033691,61891,61901,10
13.0109500885,80.2275924683,61901,61911,10
13.0099697113,80.2279663086,61911,61921,10
13.0092000961,80.2284393311,61921,61931,10
13.0089797974,80.2293395996,61931,61941,10
13.0088596344,80.2302932739,61941,61952,11
13.0086097717,80.2314224243,61952,61962,10
13.0084295273,80.232383728,61962,61972,10
13.0082798004,80.2334594727,61972,61992,20
13.0082798004,80.2334594727,61992,62002,10
13.0082597733,80.2335205078,62002,62018,16
13.0080795288,80.2342529297,62018,62030,12
13.0079603195,80.2348175049,62030,62040,10
13.0079498291,80.2348403931,62040,62050,10
13.007900238,80.2350997925,62050,62060,10
13.0077896118,80.2356567383,62060,62071,11
13.0077295303,80.2366104126,62071,62081,10
13.0074501038,80.2375030518,62081,62091,10
13.0072002411,80.2385025024,62091,62101,10
13.0070495605,80.2391815186,62101,62111,10
13.006819725,80.2399291992,62111,62120,9
13.0069799423,80.2400588989,62120,62192,72
13.0069799423,80.2400588989,62192,62202,10
13.0069904327,80.2399291992,62202,62212,10
13.0069904327,80.2402191162,62212,62222,10
13.0069904327,80.2404022217,62222,62232,10
13.0068101883,80.2408599854,62232,62242,10
13.0068101883,80.2410583496,62242,62252,10
13.0066003799,80.2415466309,62252,62262,10
13.0067195892,80.2424926758,62262,62273,11
13.0066404343,80.2434234619,62273,62283,10
13.0066900253,80.2440109253,62283,62293,10
13.0067501068,80.2448425293,62293,62303,10
13.0066795349,80.2454833984,62303,62313,10
13.0067501068,80.2461776733,62313,62323,10
13.0067396164,80.246421814,62323,62333,10
13.0067396164,80.2464981079,62333,62343,10
13.006770134,80.2466430664,62343,62353,10
13.0067501068,80.2469863892,62353,62363,10
13.0067396164,80.2474975586,62363,62373,10
13.0067300797,80.2482223511,62373,62383,10
13.0066995621,80.2489776611,62383,62394,11
13.0068998337,80.2495269775,62394,62404,10
13.0069198608,80.2495422363,62404,62414,10
13.0070199966,80.2496566772,62414,62424,10
13.0069103241,80.249961853,62424,62434,10
13.0068302155,80.250213623,62434,62444,10
13.0067796707,80.2505493164,62444,62454,10
13.0068101883,80.2506027222,62454,62464,10
13.006770134,80.2507629395,62464,62474,10
13.0066995621,80.2508621216,62474,62505,31
13.0066995621,80.2508621216,62505,62515,10
13.0067796707,80.2510604858,62515,62525,10
13.006819725,80.2513198853,62525,62535,10
13.0068101883,80.2515182495,62535,62545,10
13.0066604614,80.2520294189,62545,62555,10
13.0065498352,80.2528686523,62555,62565,10
13.0065603256,80.2537231445,62565,62575,10
13.0066003799,80.2547225952,62575,62585,10
13.0066299438,80.2557296753,62585,62595,10
13.0066099167,80.2566375732,62595,62605,10
13.0066299438,80.2569885254,62605,62636,31
13.0066299438,80.2569885254,62636,62646,10
13.0065698624,80.2571411133,62646,62656,10
13.0066995621,80.2575073242,62656,62665,9
13.0068101883,80.2578582764,62665,62676,11
13.0078001022,80.2585678101,62676,62696,20
13.0078001022,80.2585678101,62696,62706,10
13.0078496933,80.258682251,62706,62717,11
13.0082101822,80.2588424683,62717,62727,10
13.0087203979,80.2590179443,62727,62737,10
13.0094299316,80.2590408325,62737,62747,10
13.0102796555,80.2589874268,62747,62757,10
13.0112304688,80.2590179443,62757,62767,10
13.0123195648,80.2591018677,62767,62777,10
13.0134401321,80.2591094971,62777,62787,10
13.0145797729,80.259147644,62787,62797,10
13.0156202316,80.2592926025,62797,62807,10
13.0163602829,80.2595977783,62807,62817,10
13.0164699554,80.2596969604,62817,62828,11
13.0164499283,80.2597427368,62828,62838,10
13.0167398453,80.2599487305,62838,62848,10
13.0173301697,80.2603378296,62848,62858,10
13.0179901123,80.2608184814,62858,62868,10
13.0185003281,80.261138916,62868,62878,10
13.0187797546,80.2613830566,62878,62888,10
13.0192804337,80.2617721558,62888,62898,10
13.019610405,80.2621765137,62898,62908,10
13.02023983,80.2626495361,62908,62918,10
13.0202503204,80.2626495361,62918,62928,10
13.0204296112,80.2627410889,62928,62939,11
13.0210199356,80.2629470825,62939,62949,10
13.0217504501,80.2632522583,62949,62959,10
13.0221395493,80.263381958,62959,62969,10
13.0225496292,80.2636489868,62969,62979,10
13.0229902267,80.2639083862,62979,62989,10
13.0230197906,80.263923645,62989,62999,10
13.0232200623,80.2639694214,62999,63009,10
13.0233802795,80.2639694214,63009,63019,10
13.0242700577,80.2646408081,63019,63031,12
13.0248003006,80.2649993896,63031,63041,10
13.0252399445,80.2653808594,63041,63052,11
13.0255403519,80.2654571533,63052,63062,10
13.0257797241,80.2655792236,63062,63072,10
13.0260801315,80.2657623291,63072,63082,10
13.0262699127,80.2659378052,63082,63092,10
13.0260095596,80.2654571533,63092,63101,9
13.0259399414,80.265007019,63101,63132,31
13.0259399414,80.265007019,63132,63143,11
13.0265398026,80.263381958,63143,63154,11
13.0270004272,80.2634124756,63154,63164,10
13.0273895264,80.2635192871,63164,63175,11
13.0280799866,80.2637329102,63175,63185,10
13.0283699036,80.2637786865,63185,63194,9
13.0283603668,80.2637786865,63194,63205,11
13.0286998749,80.263923645,63205,63215,10
13.0293598175,80.2641601563,63215,63225,10
13.0295696259,80.2644577026,63225,63235,10
13.0293598175,80.2649536133,63235,63245,10
13.0292596817,80.2656478882,63245,63256,11
13.0291500092,80.2663803101,63256,63266,10
13.0290899277,80.2663803101,63266,63276,10
13.0290803909,80.2665176392,63276,63286,10
13.029009819,80.2665023804,63286,63296,10
13.0295295715,80.2665405273,63296,63306,10
13.0300703049,80.2665481567,63306,63316,10
13.0307798386,80.2667922974,63316,63326,10
13.031999588,80.2671508789,63326,63387,61
13.031999588,80.2671508789,63387,63397,10
13.0336704254,80.2676086426,63397,63407,10
13.0336704254,80.2674179077,63407,63417,10
13.033659935,80.2674102783,63417,63427,10
13.0336303711,80.2674179077,63427,63437,10
13.0344104767,80.2680435181,63437,63447,10
13.034740448,80.2679977417,63447,63458,11
13.0348796844,80.2682571411,63458,63467,9
13.0341796875,80.2680892944,63467,63478,11
13.0342197418,80.2679290771,63478,63488,10
13.0336198807,80.2678833008,63488,63498,10
13.0332403183,80.2677612305,63498,63528,30
13.033200264,80.2677230835,63528,63558,30
13.033200264,80.2677230835,63558,63569,11
13.0331897736,80.2678604126,63569,63730,161
13.0331897736,80.2678604126,63730,63740,10
13.0331401825,80.2676773071,63740,63760,20
13.0331401825,80.2676773071,63760,63770,10
13.0331001282,80.2676086426,63770,63791,21
13.0331001282,80.2676086426,63791,63801,10
13.0331401825,80.2676315308,63801,63831,30
13.0329904556,80.2678222656,63831,63932,101
13.033200264,80.2676086426,63932,64255,323
13.033200264,80.2676086426,64255,64265,10
13.0327596664,80.267616272,64265,64275,10
13.0325698853,80.2674865723,64275,64285,10
13.0323400497,80.2674407959,64285,64295,10
13.0319004059,80.2672576904,64295,64305,10
13.031370163,80.2670288086,64305,64315,10
13.030790329,80.2667922974,64315,64325,10
13.0303001404,80.2666015625,64325,64335,10
13.0299100876,80.2666091919,64335,64345,10
13.0295200348,80.2667617798,64345,64356,11
13.0289297104,80.2670593262,64356,64638,282
13.0289297104,80.2670593262,64638,64648,10
13.019109726,80.2629089355,64648,64658,10
13.018910408,80.2626495361,64658,64668,10
13.0190095901,80.2623519897,64668,64679,11
13.0188398361,80.2616424561,64679,64689,10
13.0184698105,80.2611694336,64689,64699,10
13.0181798935,80.2609710693,64699,64709,10
13.0181303024,80.2609176636,64709,64719,10
13.0177497864,80.260887146,64719,64729,10
13.0174102783,80.2606811523,64729,64739,10
13.0171203613,80.2605133057,64739,64749,10
13.01679039,80.2602920532,64749,64759,10
13.0160198212,80.2596817017,64759,64779,20
13.0160198212,80.2596817017,64779,64790,11
13.0156402588,80.2595672607,64790,64800,10
13.0148696899,80.2593612671,64800,64810,10
13.013999939,80.2590789795,64810,64820,10
13.0120897293,80.2586288452,64820,64850,30
13.0120897293,80.2586288452,64850,64860,10
13.0100603104,80.2592468262,64860,64881,21
13.0101604462,80.2593002319,64881,64931,50
13.0101604462,80.2593002319,64931,64941,10
13.0071401596,80.2585906982,64941,64951,10
13.0071496964,80.2586593628,64951,64961,10
13.0069904327,80.2588119507,64961,65002,41
13.0069904327,80.2588119507,65002,65012,10
13.0065698624,80.2579498291,65012,65022,10
13.0067596436,80.2578430176,65022,65042,20
13.0068798065,80.2577972412,65042,65371,329
13.0068798065,80.2577972412,65371,65383,12
13.0065898895,80.2457580566,65383,65391,8
13.0066299438,80.245552063,65391,65403,12
13.0066299438,80.2453308105,65403,65413,10
13.0065498352,80.2452087402,65413,65423,10
13.006529808,80.2446136475,65423,65464,41
13.006529808,80.2446136475,65464,65474,10
13.0066699982,80.2434768677,65474,65484,10
13.0063495636,80.2427368164,65484,65494,10
13.0062103271,80.2424926758,65494,65535,41
13.0062103271,80.2424926758,65535,65544,9
13.0066003799,80.240737915,65544,65555,11
13.0065803528,80.2408981323,65555,65565,10
13.0066099167,80.2406463623,65565,65575,10
13.0069103241,80.2403182983,65575,65807,232
13.0103397369,80.2257080078,65807,65837,30
13.0103397369,80.2257080078,65837,65847,10
13.0106401443,80.2252120972,65847,65857,10
13.0108003616,80.2248001099,65857,65867,10
13.0109596252,80.2244873047,65867,65877,10
13.011179924,80.2238006592,65877,65894,17
13.0108804703,80.2229919434,65894,65914,20
13.0108804703,80.2229919434,65914,65926,12
13.0109300613,80.2235565186,65926,65955,29
13.0109300613,80.2235565186,65955,65966,11
13.0133495331,80.2227783203,65966,65976,10
13.0137195587,80.2231903076,65976,65986,10
13.0139799118,80.2235336304,65986,65997,11
13.0142402649,80.2238388062,65997,66007,10
13.0146303177,80.2243881226,66007,66017,10
13.0151596069,80.2247161865,66017,66027,10
13.0158596039,80.2249679565,66027,66037,10
13.0164604187,80.2251815796,66037,66047,10
13.0155200958,80.2250823975,66047,66057,10
13.0157403946,80.2250976563,66057,66067,10
13.016169548,80.2254562378,66067,66078,11
13.0174198151,80.225440979,66078,67400,1322
13.0174198151,80.225440979,67400,67410,10
13.034239769,80.2298431396,67410,67763,353
13.034239769,80.2298431396,67763,67773,10
13.0341596603,80.230178833,67773,67783,10
13.0341701508,80.2303619385,67783,67803,20
13.0341701508,80.2303619385,67803,67813,10
13.0338401794,80.2304992676,67813,67823,10
13.0334796906,80.2304992676,67823,67833,10
13.0334396362,80.2305221558,67833,67844,11
13.0333995819,80.2305374146,67844,67854,10
13.033200264,80.2306289673,67854,67864,10
13.0327701569,80.23072052,67864,67874,10
13.0322799683,80.2307815552,67874,67884,10
13.0313997269,80.2309265137,67884,68033,149
13.0313997269,80.2309265137,68033,68043,10
13.0281200409,80.2310409546,68043,68053,10
13.0277395248,80.2312316895,68053,68063,10
13.0274896622,80.2312316895,68063,68074,11
13.0272703171,80.231262207,68074,68084,10
13.0278902054,80.2317504883,68084,68094,10
13.0275201797,80.2319717407,68094,68103,9
13.0273704529,80.2321624756,68103,68629,526
13.0273704529,80.2321624756,68629,68639,10
13.024140358,80.2290267944,68639,68649,10
13.0235996246,80.2285385132,68649,68679,30
13.0235996246,80.2285385132,68679,68689,10
13.0239200592,80.2282409668,68689,68699,10
13.0241804123,80.2276992798,68699,68730,31
13.0241804123,80.2276992798,68730,68740,10
13.0212402344,80.225982666,68740,68750,10
13.0210895538,80.2258834839,68750,68760,10
13.02023983,80.2251205444,68760,68770,10
13.019949913,80.2249069214,68770,68790,20
13.019949913,80.2249069214,68790,68800,10
13.0195198059,80.2246170044,68800,68810,10
13.0188999176,80.2245864868,68810,68821,11
13.0180997849,80.2247924805,68821,68831,10
13.0171899796,80.2251815796,68831,68841,10
13.016409874,80.2255630493,68841,68851,10
13.0157604218,80.2257232666,68851,68861,10
13.0151596069,80.2259292603,68861,68871,10
13.0145998001,80.2261199951,68871,68881,10
13.0142002106,80.2262496948,68881,68891,10
13.0143699646,80.2263183594,68891,68901,10
13.0143995285,80.22631073,68901,68921,20
13.0143995285,80.22631073,68921,68932,11
13.0141296387,80.2264099121,68932,68942,10
13.0135698318,80.2265930176,68942,68958,16
13.0125198364,80.2270278931,68958,68970,12
13.011639595,80.2273712158,68970,68978,8
13.0109996796,80.2276611328,68978,68990,12
13.0099401474,80.2282409668,68990,68999,9
13.0098400116,80.2271499634,68999,69009,10
13.0091199875,80.2289276123,69009,69020,11
13.0088596344,80.2298278809,69020,69030,10
13.0087203979,80.2306365967,69030,69041,11
13.0085096359,80.2316436768,69041,69052,11
13.0083398819,80.2326583862,69052,69062,10
13.0081796646,80.2336883545,69062,69082,20
13.0081796646,80.2336883545,69082,69092,10
13.0081100464,80.2338485718,69092,69102,10
13.0080003738,80.2342681885,69102,69112,10
13.0079202652,80.2346801758,69112,69122,10
13.0078601837,80.2350997925,69122,69132,10
13.0077800751,80.2355117798,69132,69142,10
13.0076303482,80.2360229492,69142,69153,11
13.0075397491,80.2369232178,69153,69163,10
13.0073003769,80.2378387451,69163,69173,10
13.0071697235,80.2387466431,69173,69183,10
13.0069799423,80.2396469116,69183,69193,10
13.0068998337,80.2401580811,69193,69203,10
13.0069599152,80.2401885986,69203,69234,31
13.0069599152,80.2401885986,69234,69244,10
13.0069599152,80.240196228,69244,69253,9
13.0070199966,80.2402572632,69253,69274,21
13.0070199966,80.2402572632,69274,69284,10
13.0067396164,80.2408828735,69284,69294,10
13.0067996979,80.2408905029,69294,69304,10
13.0067901611,80.2409820557,69304,69314,10
13.0066995621,80.2416534424,69314,69323,9
13.0066204071,80.2423934937,69323,69334,11
13.0063695908,80.2433013916,69334,69344,10
13.0066900253,80.243812561,69344,69354,10
13.0066099167,80.2439727783,69354,69365,11
13.0066299438,80.2444915771,69365,69375,10
13.0066204071,80.2450180054,69375,69385,10
13.0066404343,80.2451324463,69385,69395,10
13.0066604614,80.2454299927,69395,69405,10
13.0066604614,80.2454605103,69405,69415,10
13.0066604614,80.2456665039,69415,69425,10
13.0066795349,80.2460021973,69425,69435,10
13.0066900253,80.2464904785,69435,69445,10
13.0066995621,80.246963501,69445,69455,10
13.0066604614,80.2475128174,69455,69465,10
13.0066204071,80.248588562,69465,69476,11
13.006819725,80.2496185303,69476,69496,20
13.006819725,80.2496185303,69496,69504,8
13.0068101883,80.2496795654,69504,69516,12
13.0068502426,80.2498474121,69516,69526,10
13.006819725,80.2507095337,69526,69536,10
13.0068101883,80.250869751,69536,69546,10
13.006819725,80.2512207031,69546,69556,10
13.0067300797,80.2515792847,69556,69577,21
13.0067300797,80.2515792847,69577,69587,10
13.0066204071,80.253036499,69587,69597,10
13.0065402985,80.2535476685,69597,69607,10
13.0065898895,80.2544631958,69607,69617,10
13.0066003799,80.2548980713,69617,69627,10
13.0065402985,80.255531311,69627,69637,10
13.0065698624,80.2562484741,69637,69647,10
13.0066204071,80.2567825317,69647,69657,10
13.006649971,80.2571029663,69657,69667,10
13.0066699982,80.2572174072,69667,69688,21
13.0066604614,80.257232666,69688,69738,50
13.0074501038,80.2585983276,69738,69758,20
13.0074501038,80.2585983276,69758,69769,11
13.0073604584,80.2586593628,69769,69778,9
13.0087499619,80.2591018677,69778,69788,10
13.0086402893,80.2590789795,69788,69799,11
13.0085601807,80.2590332031,69799,69809,10
13.0106401443,80.2591400146,69809,69819,10
13.0111904144,80.2591705322,69819,69829,10
13.012049675,80.259147644,69829,69839,10
13.0130500793,80.2592086792,69839,69849,10
13.0141401291,80.259262085,69849,69865,16
13.0156602859,80.2593612671,69865,69877,12
13.0163297653,80.259803772,69877,69888,11
13.0163202286,80.2597503662,69888,69898,10
13.0163803101,80.2597885132,69898,69908,10
13.0165996552,80.2599105835,69908,69918,10
13.01679039,80.260017395,69918,69928,10
13.0176296234,80.2606506348,69928,69937,9
13.0178804398,80.2608032227,69937,69948,11
13.0182104111,80.261100769,69948,69958,10
13.0185804367,80.2612915039,69958,69968,10
13.0188798904,80.2615966797,69968,69978,10
13.0193099976,80.261932373,69978,69988,10
13.0198001862,80.2625732422,69988,69998,10
13.0201797485,80.2628097534,69998,70008,10
13.020190239,80.2627563477,70008,70019,11
13.0204296112,80.2629089355,70019,70029,10
13.0209598541,80.2630691528,70029,70039,10
13.0216302872,80.2632293701,70039,70049,10
13.0220403671,80.2635421753,70049,70059,10
13.0222597122,80.263710022,70059,70069,10
13.0225000381,80.2638702393,70069,70079,10
13.0229501724,80.263999939,70079,70100,21
13.0231304169,80.2641067505,70100,70130,30
13.0248203278,80.2653274536,70130,70150,20
13.0248203278,80.2653274536,70150,70160,10
13.0253295898,80.2657928467,70160,70170,10
13.0247898102,80.2660293579,70170,70221,51
13.0247898102,80.2660293579,70221,70232,11
13.0263996124,80.2653198242,70232,70565,333
13.0263996124,80.2653198242,70565,70575,10
13.0330200195,80.2678604126,70575,70585,10
13.0331401825,80.267868042,70585,70595,10
13.0336704254,80.267829895,70595,70656,61
13.0343198776,80.2681427002,70656,70999,343
13.0343198776,80.2681427002,70999,71009,10
13.0333499908,80.2679290771,71009,71241,232
13.0333499908,80.2679290771,71241,71251,10
13.0331401825,80.2677764893,71251,71261,10
13.032910347,80.2677383423,71261,71270,9
13.0328598022,80.2677536011,71270,71281,11
13.032699585,80.2677078247,71281,71291,10
13.0325803757,80.2676010132,71291,71301,10
13.0323600769,80.2674865723,71301,71311,10
13.0318698883,80.2672424316,71311,71322,11
13.0311698914,80.266960144,71322,71332,10
13.0305595398,80.2667236328,71332,71342,10
13.02987957,80.2665100098,71342,71352,10
13.0291595459,80.2662963867,71352,71754,402
13.0291595459,80.2662963867,71754,71764,10
13.0161800385,80.2598571777,71764,71774,10
13.0160198212,80.2596969604,71774,71784,10
13.0157203674,80.2595367432,71784,71895,111
13.0157203674,80.2595367432,71895,71905,10
13.0082798004,80.2589797974,71905,71915,10
13.0077800751,80.2591781616,71915,71925,10
13.0074100494,80.2589569092,71925,71935,10
13.0069999695,80.2583999634,71935,72046,111
13.0069999695,80.2583999634,72046,72056,10
13.0064401627,80.2556762695,72056,72067,11
13.0064401627,80.2545623779,72067,72153,86
13.0064401627,80.2545623779,72153,72165,12
13.0066204071,80.2495803833,72165,72256,91
13.0066204071,80.2495803833,72256,72266,10
13.0065498352,80.2473526001,72266,72418,152
13.0065498352,80.2473526001,72418,72428,10
13.0064201355,80.2417526245,72428,72438,10
13.0062503815,80.2416915894,72438,72801,363
13.0062503815,80.2416915894,72801,72811,10
13.0104398727,80.2254714966,72811,72821,10
13.0105304718,80.2252731323,72821,72831,10
13.0106697083,80.2249526978,72831,72842,11
13.0109395981,80.224357605,72842,72902,60
13.0109395981,80.224357605,72902,72912,10
13.0136203766,80.2232437134,72912,72922,10
13.0138101578,80.2240524292,72922,72981,59
13.0138101578,80.2240524292,72981,72991,10
13.016119957,80.2257537842,72991,73007,16
13.016119957,80.2257537842,73007,73021,14
13.0182600021,80.2246627808,73021,73031,10
13.018989563,80.2243881226,73031,73041,10
13.0198698044,80.2240219116,73041,73062,21
13.0198698044,80.2240219116,73062,73072,10
13.0199203491,80.224609375,73072,73082,10
13.0205497742,80.2252807617,73082,73198,116
13.0205497742,80.2252807617,73198,73208,10
13.0244998932,80.2287902832,73208,73217,9
13.0248003006,80.2292098999,73217,73228,11
13.0252103806,80.2297210693,73228,73238,10
13.0255804062,80.2299804688,73238,73247,9
13.025970459,80.2314376831,73247,73281,34
13.025970459,80.2314376831,73281,73291,10
13.0287504196,80.2310180664,73291,73301,10
13.0286102295,80.2309875488,73301,73311,10
13.0287399292,80.231086731,73311,73320,9
13.0287704468,80.2311096191,73320,73331,11
13.0294504166,80.2307815552,73331,73340,9
13.030090332,80.2307281494,73340,73351,11
13.030670166,80.2307434082,73351,73360,9
13.031129837,80.2306976318,73360,73370,10
13.0316295624,80.2308425903,73370,73412,42
13.0316295624,80.2308425903,73412,73422,10
13.0334796906,80.23046875,73422,73432,10
13.0338497162,80.2304077148,73432,73442,10
13.0342998505,80.2304763794,73442,73452,10
13.034620285,80.2303314209,73452,73462,10
13.0347204208,80.2303009033,73462,73844,382
13.0347204208,80.2303009033,73844,73854,10
13.0298204422,80.231048584,73854,73863,9
13.0295200348,80.2307434082,73863,73893,30
13.0295000076,80.23072052,73893,74005,112
13.0295000076,80.23072052,74005,74015,10
13.0267696381,80.2332687378,74015,74025,10
13.0267801285,80.2330780029,74025,74035,10
13.0267295837,80.2331237793,74035,74046,11
13.0262498856,80.2325820923,74046,74056,10
13.0260400772,80.231880188,74056,74066,10
13.0260400772,80.2307434082,74066,74419,353
13.0260400772,80.2307434082,74419,74429,10
13.0101604462,80.2278823853,74429,74439,10
13.0093202591,80.2282409668,74439,74449,10
13.0090198517,80.2290115356,74449,74459,10
13.0087795258,80.2301101685,74459,74469,10
13.0085897446,80.2311019897,74469,74480,11
13.0083799362,80.2322006226,74480,74490,10
13.0082502365,80.2330093384,74490,74500,10
13.0081501007,80.2336578369,74500,74510,10
13.008099556,80.2340393066,74510,74520,10
13.0081996918,80.2338790894,74520,74530,10
13.0079603195,80.2344818115,74530,74540,10
13.0081396103,80.2349090576,74540,74550,10
13.008099556,80.2358932495,74550,74560,10
13.0081300735,80.237159729,74560,74752,192
13.0081300735,80.237159729,74752,74762,10
13.0066795349,80.2420425415,74762,74772,10
13.0066604614,80.2428817749,74772,74782,10
13.006649971,80.2431182861,74782,74792,10
13.0066099167,80.2432632446,74792,74803,11
13.0066404343,80.2434921265,74803,74833,30
13.0066404343,80.2434921265,74833,74843,10
13.0066404343,80.2437362671,74843,74853,10
13.006649971,80.244102478,74853,74863,10
13.0066404343,80.2444076538,74863,74873,10
13.0066299438,80.2445602417,74873,74893,20
13.0066299438,80.2445602417,74893,74903,10
13.0066404343,80.2449417114,74903,74914,11
13.0066204071,80.2451171875,74914,74924,10
13.0066404343,80.2453613281,74924,74964,40
13.0066699982,80.2456893921,74964,74984,20
13.0066699982,80.2456893921,74984,74994,10
13.0066995621,80.2460174561,74994,75035,41
13.0066995621,80.2460174561,75035,75045,10
13.0067195892,80.2464370728,75045,75055,10
13.0067195892,80.2466125488,75055,75065,10
13.0067300797,80.2468490601,75065,75075,10
13.0067195892,80.2474365234,75075,75085,10
13.0066900253,80.2482681274,75085,75095,10
13.0068397522,80.2496032715,75095,75115,20
13.0068397522,80.2496032715,75115,75125,10
13.0068502426,80.2496795654,75125,75136,11
13.0067996979,80.2501907349,75136,75146,10
13.0067901611,80.2508621216,75146,75156,10
13.0067396164,80.2515792847,75156,75166,10
13.0065803528,80.2523727417,75166,75175,9
13.0065202713,80.2530975342,75175,75186,11
13.0065202713,80.2540512085,75186,75196,10
13.0066204071,80.2548828125,75196,75206,10
13.0063800812,80.2565689087,75206,75267,61
13.0063800812,80.2565689087,75267,75283,16
13.0067796707,80.2574386597,75283,75295,12
13.0066795349,80.2574234009,75295,75303,8
13.0067396164,80.2573699951,75303,75315,12
13.0067501068,80.2578811646,75315,75325,10
13.0070800781,80.2584228516,75325,75335,10
13.007519722,80.2586364746,75335,75346,11
13.0076904297,80.2586975098,75346,75356,10
13.0076398849,80.2585296631,75356,75364,8
13.0078401566,80.2585220337,75364,75376,12
13.0093297958,80.2591018677,75376,75386,10
13.0105304718,80.2589035034,75386,75396,10
13.0116100311,80.2588119507,75396,75406,10
13.0123596191,80.2588500977,75406,75416,10
13.0132198334,80.2588806152,75416,75527,111
13.0132198334,80.2588806152,75527,75537,10
13.0201396942,80.2626037598,75537,75548,11
13.0195999146,80.2625427246,75548,75578,30
13.0195999146,80.2625427246,75578,75588,10
13.0218400955,80.2639312744,75588,75598,10
13.0229301453,80.2640228271,75598,75638,40
13.0229301453,80.2640228271,75638,75648,10
13.0247497559,80.2651901245,75648,75658,10
13.0253000259,80.265411377,75658,75669,11
13.0257997513,80.2657318115,75669,75679,10
13.02602005,80.2658233643,75679,75689,10
13.0262002945,80.2659378052,75689,75699,10
13.0264196396,80.2660675049,75699,75911,212
13.0264196396,80.2660675049,75911,75921,10
13.0291099548,80.2665786743,75921,75944,23
13.0299797058,80.2667312622,75944,75956,12
13.0301504135,80.2666168213,75956,75966,10
13.0308198929,80.266708374,75966,75976,10
13.0316095352,80.266998291,75976,75986,10
13.0323495865,80.2673873901,75986,75996,10
13.0327301025,80.2676086426,75996,76007,11
13.0332298279,80.2677688599,76007,76017,10
13.033659935,80.2679824829,76017,76027,10
13.0333003998,80.2677764893,76027,76037,10
13.0336303711,80.2678985596,76037,76047,10
13.0339603424,80.2679290771,76047,76057,10
13.034239769,80.2679595947,76057,76067,10
13.0344800949,80.2679977417,76067,76138,71
13.0344800949,80.2679977417,76138,76148,10
13.0342102051,80.2680435181,76148,76158,10
13.0339698792,80.2679824829,76158,76168,10
13.0336704254,80.2678985596,76168,76178,10
13.0333499908,80.2678527832,76178,76905,727
13.0333499908,80.2678527832,76905,76915,10
13.0331001282,80.2676773071,76915,76925,10
13.0327596664,80.267616272,76925,76935,10
13.0325803757,80.2675094604,76935,76945,10
13.0322999954,80.2674026489,76945,76955,10
13.0318698883,80.2672424316,76955,76965,10
13.0315999985,80.2671279907,76965,76976,11
13.0312004089,80.266960144,76976,76986,10
13.0306396484,80.2668304443,76986,76996,10
13.0300102234,80.2667236328,76996,77006,10
13.0297298431,80.2666473389,77006,77016,10
13.0294704437,80.2666015625,77016,77026,10
13.0292196274,80.2665176392,77026,77036,10
13.0290803909,80.2664413452,77036,77046,10
13.0287303925,80.2663497925,77046,77056,10
13.0283002853,80.2662582397,77056,77066,10
13.0277299881,80.2661972046,77066,77075,9
13.0272598267,80.2661209106,77075,77087,12
13.026599884,80.2659988403,77087,77107,20
13.026599884,80.2659988403,77107,77117,10
13.0263996124,80.2659378052,77117,77127,10
13.0261096954,80.2658462524,77127,77137,10
13.0253400803,80.2653579712,77137,77157,20
13.0253400803,80.2653579712,77157,77167,10
13.0250101089,80.26512146,77167,77177,10
13.024600029,80.2648468018,77177,77187,10
13.0239801407,80.2643966675,77187,77198,11
13.0233602524,80.2640914917,77198,77208,10
13.0228395462,80.2637786865,77208,77218,10
13.0222797394,80.2635421753,77218,77228,10
13.0221204758,80.2634735107,77228,77238,10
13.0219402313,80.2633209229,77238,77248,10
13.0214595795,80.2631225586,77248,77258,10
13.0206403732,80.2630310059,77258,77268,10
13.020070076,80.2630081177,77268,77278,10
13.0195198059,80.2629470825,77278,77288,10
13.0190401077,80.2628936768,77288,77299,11
13.0188398361,80.262298584,77299,77309,10
13.0187101364,80.2615890503,77309,77319,10
13.0185203552,80.2612380981,77319,77329,10
13.0184202194,80.2611236572,77329,77339,10
13.0180702209,80.2609024048,77339,77349,10
13.017539978,80.2605514526,77349,77359,10
13.0169401169,80.2601394653,77359,77369,10
13.0162296295,80.2597198486,77369,77379,10
13.0156002045,80.2594680786,77379,77389,10
13.0148696899,80.2593231201,77389,77400,11
13.0139598846,80.2592926025,77400,77411,11
13.0129899979,80.2592391968,77411,77421,10
13.012169838,80.2592086792,77421,77431,10
13.0113601685,80.2591781616,77431,77441,10
13.0105104446,80.2592086792,77441,77451,10
13.0098800659,80.2592468262,77451,77461,10
13.0096998215,80.2592315674,77461,77471,10
13.009180069,80.2592086792,77471,77481,10
13.0087499619,80.2592163086,77481,77491,10
13.0082798004,80.2592086792,77491,77501,10
13.0076904297,80.2593612671,77501,77511,10
13.0071802139,80.2587432861,77511,77532,21
13.0071802139,80.2587432861,77532,77542,10
13.0070495605,80.2584686279,77542,77552,10
13.0067796707,80.2579879761,77552,77562,10
13.0065803528,80.2577285767,77562,77572,10
13.0065202713,80.25756073,77572,77622,50
13.0065202713,80.25756073,77622,77633,11
13.0064897537,80.2574615479,77633,77643,10
13.0064897537,80.2572174072,77643,77653,10
13.0064401627,80.2567977905,77653,77663,10
13.0063896179,80.2560424805,77663,77672,9
13.0064401627,80.2553787231,77672,77682,10
13.0065097809,80.2548065186,77682,77692,10
13.0065097809,80.2541503906,77692,77703,11
13.0065202713,80.2532730103,77703,77723,20
13.0065202713,80.2532730103,77723,77734,11
13.0065002441,80.2527999878,77734,77744,10
13.0065803528,80.2520294189,77744,77753,9
13.0066795349,80.2513427734,77753,77764,11
13.0067501068,80.2503509521,77764,77774,10
13.0067596436,80.2493972778,77774,77784,10
13.0067100525,80.2484817505,77784,77794,10
13.0066204071,80.2477264404,77794,77855,61
13.0066204071,80.2477264404,77855,77865,10
13.0066995621,80.2476119995,77865,77875,10
13.0066900253,80.2472229004,77875,77885,10
13.0066795349,80.2468490601,77885,77895,10
13.0066099167,80.2466125488,77895,77905,10
13.0066099167,80.2465591431,77905,77915,10
13.0066204071,80.2464981079,77915,77925,10
13.006649971,80.2460632324,77925,77935,10
13.0066299438,80.2452087402,77935,77945,10
13.0066099167,80.2443008423,77945,77956,11
13.0065603256,80.243347168,77956,77966,10
13.0065603256,80.2425079346,77966,77976,10
13.0065498352,80.2416992188,77976,77986,10
13.0065498352,80.2416000366,77986,77996,10
13.0065698624,80.2412414551,77996,78006,10
13.0066604614,80.2406082153,78006,78016,10
13.0067996979,80.239730835,78016,78026,10
13.0070104599,80.2388763428,78026,78035,9
13.0071601868,80.2382507324,78035,78046,11
13.0073404312,80.2374420166,78046,78056,10
13.0074300766,80.236656189,78056,78077,21
13.0074300766,80.236656189,78077,78087,10
13.0075502396,80.2364425659,78087,78097,10
13.0076799393,80.2361373901,78097,78107,10
13.0077295303,80.2355194092,78107,78117,10
13.0078601837,80.2348327637,78117,78127,10
13.0079698563,80.2341766357,78127,78137,10
13.0081596375,80.2332611084,78137,78147,10
13.0083398819,80.2322998047,78147,78157,10
13.0085296631,80.2312698364,78157,78168,11
13.0087499619,80.2301483154,78168,78178,10
13.008939743,80.2291488647,78178,78188,10
13.0091104507,80.2282333374,78188,78198,10
13.009469986,80.2273483276,78198,78208,10
13.0098600388,80.2265701294,78208,78218,10
13.010219574,80.2259292603,78218,78228,10
13.010720253,80.2252426147,78228,78238,10
13.0111904144,80.224357605,78238,78248,10
13.0112600327,80.2237091064,78248,78258,10
13.0113296509,80.2232818604,78258,78268,10
13.0109596252,80.2234268188,78268,78279,11
13.0111398697,80.2233123779,78279,78289,10
13.011300087,80.2229537964,78289,78299,10
13.0117397308,80.2220916748,78299,78309,10
13.0122003555,80.2215194702,78309,78319,10
13.0125799179,80.2219467163,78319,78329,10
13.0130500793,80.2226104736,78329,78339,10
13.0136003494,80.223197937,78339,78349,10
13.0142097473,80.2238616943,78349,78359,10
13.0147104263,80.224319458,78359,78369,10
13.0149803162,80.2249832153,78369,78379,10
13.0152196884,80.2250595093,78379,78390,11
13.0155897141,80.2249069214,78390,78400,10
13.0158395767,80.2252807617,78400,78410,10
13.0156898499,80.2252120972,78410,78420,10
13.0163002014,80.2253494263,78420,78430,10
13.0170297623,80.2251205444,78430,78440,10
13.0178899765,80.2247619629,78440,78450,10
13.0187997818,80.2244110107,78450,78460,10
13.0194501877,80.2243804932,78460,78470,10
13.0202703476,80.2248764038,78470,78480,10
13.0209197998,80.2253417969,78480,78490,10
13.0214300156,80.2257614136,78490,78501,11
13.0219602585,80.2262115479,78501,78531,30
13.0219602585,80.2262115479,78531,78541,10
13.0221395493,80.2263793945,78541,78551,10
13.022480011,80.2266616821,78551,78561,10
13.023059845,80.2272415161,78561,78571,10
13.0237102509,80.2278137207,78571,78581,10
13.0242795944,80.2284469604,78581,78601,20
13.0242795944,80.2284469604,78601,78612,11
13.0245399475,80.2287902832,78612,78622,10
13.0249004364,80.2292861938,78622,78632,10
13.025349617,80.2298965454,78632,78642,10
13.025759697,80.2305908203,78642,78652,10
13.0259599686,80.2311630249,78652,78662,10
13.0261802673,80.2314224243,78662,78672,10
13.026260376,80.2314300537,78672,78682,10
13.0266599655,80.2312088013,78682,78692,10
13.0272598267,80.2310409546,78692,78702,10
13.0279302597,80.2309188843,78702,78712,10
13.0284500122,80.2308425903,78712,78723,11
13.0285196304,80.2308578491,78723,78733,10
13.0287399292,80.2308578491,78733,78743,10
13.0292596817,80.2307891846,78743,78753,10
13.0297403336,80.2307434082,78753,78769,16
13.0306396484,80.2306594849,78769,78781,12
13.0312099457,80.2306137085,78781,78789,8
13.0316495895,80.2305831909,78789,78801,12
13.0324897766,80.2304992676,78801,78811,10
13.0332298279,80.2304382324,78811,78821,10
13.0337295532,80.2304000854,78821,78832,11
13.0341901779,80.2303619385,78832,78841,9
13.0346002579,80.2302627563,78841,78882,41
13.0346002579,80.2302627563,78882,78892,10
13.0348901749,80.23021698,78892,78902,10
13.0349998474,80.2300872803,78902,78912,10
13.0350103378,80.2300415039,78912,78922,10
13.0349798203,80.2298202515,78922,78933,11
13.034620285,80.2297897339,78933,78943,10
13.034330368,80.2297515869,78943,78953,10
13.0341997147,80.2301712036,78953,79245,292
13.0340499878,80.2303619385,79245,79276,31
13.0340499878,80.2303619385,79276,79286,10
13.034040451,80.2304763794,79286,79296,10
13.0336198807,80.2304992676,79296,79306,10
13.0334701538,80.230506897,79306,79316,10
13.0332803726,80.230506897,79316,79326,10
13.0327796936,80.2305221558,79326,79336,10
13.0322303772,80.2305831909,79336,79346,10
13.0315198898,80.2306518555,79346,79356,10
13.03083992,80.23072052,79356,79367,11
13.0304203033,80.2307662964,79367,79377,10
13.0298404694,80.2308425903,79377,79387,10
13.0295495987,80.2308578491,79387,79397,10
13.0290203094,80.2309036255,79397,79407,10
13.0283298492,80.2309570313,79407,79417,10
13.0278396606,80.231010437,79417,79427,10
13.0276002884,80.2311325073,79427,79437,10
13.0276403427,80.2317199707,79437,79447,10
13.0277700424,80.2324295044,79447,79457,10
13.0276899338,80.2328567505,79457,79467,10
13.027130127,80.2329483032,79467,79478,11
13.0266704559,80.233039856,79478,79488,10
13.0263004303,80.2326583862,79488,79498,10
13.0260801315,80.2318725586,79498,79508,10
13.0258798599,80.2309799194,79508,79518,10
13.0254402161,80.2300567627,79518,79528,10
13.0249004364,80.2293701172,79528,79538,10
13.0246400833,80.2290725708,79538,79558,20
13.0246400833,80.2290725708,79558,79568,10
13.0245304108,80.2289428711,79568,79578,10
13.0242004395,80.2285766602,79578,79589,11
13.0239696503,80.2283172607,79589,79599,10
13.0239095688,80.2282333374,79599,79609,10
13.0235996246,80.2278671265,79609,79619,10
13.023229599,80.2275009155,79619,79629,10
13.0228500366,80.2271194458,79629,79639,10
13.0222501755,80.2265930176,79639,79649,10
13.0215797424,80.2260437012,79649,79659,10
13.020939827,80.2255630493,79659,79669,10
13.020359993,80.225151062,79669,79679,10
13.0199899673,80.2249221802,79679,79689,10
13.0198097229,80.2247924805,79689,79700,11
13.0193901062,80.2245788574,79700,79710,10
13.0187196732,80.2245483398,79710,79720,10
13.0179595947,80.2248382568,79720,79730,10
13.0171604156,80.2251586914,79730,79740,10
13.0164804459,80.225440979,79740,79750,10
13.0159797668,80.2256011963,79750,79760,10
13.0154399872,80.2257995605,79760,79770,10
13.0150403976,80.2259597778,79770,79780,10
13.0150003433,80.225982666,79780,79790,10
13.0147895813,80.2260665894,79790,79801,11
13.0143299103,80.2261962891,79801,79811,10
13.0142002106,80.2262496948,79811,79821,10
13.0141401291,80.2262878418,79821,79831,10
13.013759613,80.2264480591,79831,79841,10
13.0131397247,80.2266921997,79841,79851,10
13.0123596191,80.2269973755,79851,79861,10
13.0115804672,80.2272796631,79861,79871,10
13.0107002258,80.2276229858,79871,79881,10
13.0098400116,80.2279281616,79881,79891,10
13.0091199875,80.2283935547,79891,79901,10
13.0089101791,80.2293167114,79901,79912,11
13.0086803436,80.2304992676,79912,79922,10
13.0085000992,80.2314834595,79922,79932,10
13.0083198547,80.2324829102,79932,79942,10
13.0082197189,80.2332763672,79942,79952,10
13.0081701279,80.2335205078,79952,79962,10
13.0081195831,80.2336730957,79962,79972,10
13.0080003738,80.234161377,79972,79982,10
13.0078496933,80.2348709106,79982,79992,10
13.0076599121,80.2358169556,79992,80002,10
13.0074901581,80.2369003296,80002,80012,10
13.0073900223,80.2380218506,80012,80023,11
13.0072898865,80.2390823364,80023,80033,10
13.0070199966,80.2398681641,80033,80043,10
13.0066003799,80.2413330078,80043,80336,293
13.0066003799,80.2413330078,80336,80346,10
13.0101099014,80.2589416504,80346,80356,10
13.0111398697,80.2590026855,80356,80366,10
13.0122098923,80.2590637207,80366,80376,10
13.0133695602,80.2591400146,80376,80386,10
13.0146198273,80.2592010498,80386,80396,10
13.0156698227,80.2592697144,80396,80406,10
13.0163698196,80.2595977783,80406,80416,10
13.0164899826,80.2594909668,80416,80426,10
13.0168104172,80.2599716187,80426,80436,10
13.017370224,80.2603683472,80436,80446,10
13.0179700851,80.2608032227,80446,80457,11
13.0187397003,80.2613601685,80457,80467,10
13.0193796158,80.2618789673,80467,80477,10
13.0199098587,80.2623596191,80477,80487,10
13.0202798843,80.2626495361,80487,80497,10
13.0204296112,80.2627029419,80497,80507,10
13.0209598541,80.2629089355,80507,80517,10
13.0216302872,80.2631225586,80517,80527,10
13.0220403671,80.2632904053,80527,80537,10
13.0223798752,80.2634811401,80537,80547,10
13.0229997635,80.2637863159,80547,80558,11
13.023639679,80.2641372681,80558,80569,11
13.0242204666,80.264503479,80569,80579,10
13.0247898102,80.2649612427,80579,80589,10
13.0252799988,80.2653198242,80589,80599,10
13.0258703232,80.2656784058,80599,80609,10
13.0262403488,80.2658081055,80609,80619,10
13.0263299942,80.2655181885,80619,80629,10
13.0263395309,80.2652511597,80629,80639,10
13.0263299942,80.265007019,80639,80649,10
13.0264196396,80.2645568848,80649,80659,10
13.0264997482,80.2641372681,80659,80670,11
13.0265102386,80.2638778687,80670,80680,10
13.0265102386,80.2637405396,80680,80690,10
13.0265703201,80.2633895874,80690,80700,10
13.0269498825,80.2634277344,80700,80710,10
13.0274600983,80.2635498047,80710,80720,10
13.0281000137,80.2637405396,80720,80730,10
13.028719902,80.2639083862,80730,80740,10
13.0292196274,80.2640609741,80740,80748,8
13.0292596817,80.2642211914,80748,80760,12
13.0292396545,80.264831543,80760,80770,10
13.0292396545,80.2654800415,80770,80781,11
13.0292196274,80.2659378052,80781,80791,10
13.0292301178,80.2659912109,80791,80801,10
13.0291595459,80.2663269043,80801,80811,10
13.0292396545,80.2664718628,80811,80821,10
13.029709816,80.2665786743,80821,80831,10
13.0305099487,80.2667007446,80831,80841,10
13.0313596725,80.2669372559,80841,80851,10
13.032119751,80.267250061,80851,80861,10
13.0325803757,80.267539978,80861,80871,10
13.0331401825,80.2677536011,80871,80881,10
13.0335102081,80.2678222656,80881,80892,11
13.0336303711,80.2678604126,80892,80902,10
13.0339803696,80.2679367065,80902,80912,10
13.0345497131,80.2680282593,80912,80932,20
13.0345497131,80.2680282593,80932,80942,10
13.0343904495,80.2680969238,80942,80952,10
13.0342597961,80.2680282593,80952,80962,10
13.0339202881,80.2679367065,80962,80972,10
13.0334196091,80.2678604126,80972,80982,10
13.0329198837,80.2677612305,80982,80993,11
13.0325498581,80.2675323486,80993,81003,10
13.0322799683,80.2673721313,81003,81013,10
13.0317897797,80.2671585083,81013,81023,10
13.0312204361,80.2669067383,81023,81033,10
13.030579567,80.2667694092,81033,81043,10
13.0299701691,80.2666625977,81043,81053,10
13.0294599533,80.2665786743,81053,81063,10
13.0291004181,80.2664413452,81063,81073,10
13.0286197662,80.2663421631,81073,81083,10
13.0282802582,80.2662887573,81083,81093,10
13.0277500153,80.266166687,81093,81104,11
13.0271501541,80.2661132813,81104,81114,10
13.0267696381,80.2660522461,81114,81124,10
13.0263595581,80.2659835815,81124,81134,10
13.026140213,80.2660903931,81134,81144,10
13.0260601044,80.2663269043,81144,81638,494
13.0261802673,80.2665100098,81638,81770,132
13.0263996124,80.2664413452,81770,81850,80
13.0263996124,80.2664413452,81850,81860,10
13.0263004303,80.2664108276,81860,82042,182
13.0265197754,80.2663574219,82042,82305,263
13.0261602402,80.2663803101,82305,82375,70
13.0261602402,80.2663803101,82375,82385,10
13.0260400772,80.2661972046,82385,82395,10
13.0261898041,80.2659835815,82395,82405,10
13.0262804031,80.2658004761,82405,82415,10
13.026309967,80.2656021118,82415,82426,11
13.0263595581,80.2651824951,82426,82436,10
13.0264196396,80.2647399902,82436,82446,10
13.0265197754,80.2640762329,82446,82466,20
13.0265197754,80.2640762329,82466,82476,10
13.0265798569,80.2636795044,82476,82486,10
13.0266504288,80.2634506226,82486,82496,10
13.0268697739,80.2634506226,82496,82506,10
13.0272903442,80.2634963989,82506,82517,11
13.027759552,80.2636413574,82517,82527,10
13.028380394,80.2638397217,82527,82537,10
13.0290002823,80.2639770508,82537,82547,10
13.0292901993,80.2641830444,82547,82557,10
13.029299736,80.2647628784,82557,82567,10
13.0292797089,80.2654495239,82567,82577,10
13.0292396545,80.2660293579,82577,82587,10
13.0292396545,80.2660522461,82587,82597,10
13.0291996002,80.2663269043,82597,82607,10
13.029419899,80.2665176392,82607,82617,10
13.0298204422,80.2666168213,82617,82628,11
13.0305995941,80.2667388916,82628,82638,10
13.0314702988,80.2670516968,82638,82648,10
13.0323095322,80.2674331665,82648,82658,10
13.0330495834,80.2677612305,82658,82668,10
13.0338602066,80.2679290771,82668,82678,10
13.0340099335,80.2679595947,82678,82688,10
13.0341100693,80.2679977417,82688,82698,10
13.034529686,80.2680206299,82698,82708,10
13.0351400375,80.2679290771,82708,82718,10
13.035900116,80.2678070068,82718,82728,10
13.0366697311,80.2677001953,82728,82739,11
13.036740303,80.2676773071,82739,82749,10
13.0369701385,80.2670593262,82749,82769,20
13.0369701385,80.2670593262,82769,82779,10
13.0370397568,80.2668533325,82779,82789,10
13.0372104645,80.2662963867,82789,82799,10
13.0374202728,80.265411377,82799,82809,10
13.0376701355,80.2644729614,82809,82819,10
13.0382099152,80.2644729614,82819,82829,10
13.0384597778,80.2645568848,82829,82839,10
13.0387096405,80.2645797729,82839,82850,11
13.0393295288,80.2646789551,82850,82866,16
13.040430069,80.2646331787,82866,82878,12
13.0408000946,80.2646179199,82878,82888,10
13.0411901474,80.2646636963,82888,82897,9
13.0413703918,80.2651290894,82897,82908,11
13.0412502289,80.2658081055,82908,82918,10
13.0411100388,80.2667236328,82918,82928,10
13.0410404205,80.2670669556,82928,82938,10
13.0410203934,80.2671966553,82938,82948,10
13.0409603119,80.2676086426,82948,82959,11
13.0409002304,80.2680587769,82959,82969,10
13.0411100388,80.268119812,82969,82979,10
13.0415201187,80.2682723999,82979,82989,10
13.0415201187,80.2682723999,82989,82999,10
13.042140007,80.2682189941,82999,83009,10
13.042840004,80.2679367065,83009,83019,10
13.0436296463,80.2674407959,83019,83029,10
13.0443201065,80.2670593262,83029,83039,10
13.0450801849,80.2667007446,83039,83049,10
13.0459699631,80.2665634155,83049,83059,10
13.0465803146,80.2663803101,83059,83070,11
13.0469398499,80.2663726807,83070,83080,10
13.0471200943,80.2662582397,83080,83090,10
13.0471897125,80.2663574219,83090,83100,10
13.0476303101,80.2663269043,83100,83108,8
13.0482196808,80.2658309937,83108,83120,12
13.0489196777,80.2648773193,83120,83130,10
13.0494203568,80.2641372681,83130,83140,10
13.0501499176,80.2641372681,83140,83150,10
13.0510196686,80.2640991211,83150,83160,10
13.0518102646,80.2639083862,83160,83171,11
13.0523796082,80.2637405396,83171,83181,10
13.052570343,80.2637786865,83181,83191,10
13.0531997681,80.2638626099,83191,83214,23
13.0542297363,80.2641906738,83214,83226,12
13.0545902252,80.2642974854,83226,83236,10
13.0549497604,80.2643585205,83236,83246,10
13.0558204651,80.2645263672,83246,83256,10
13.056810379,80.2646408081,83256,83266,10
13.0576896667,80.265083313,83266,83276,10
13.0579595566,80.2645263672,83276,83287,11
13.057849884,80.2637634277,83287,83297,10
13.057800293,80.2627716064,83297,83307,10
13.0576095581,80.2615509033,83307,83317,10
13.0577602386,80.2609634399,83317,83327,10
13.0584402084,80.2609024048,83327,83336,9
13.0589399338,80.2608795166,83336,83347,11
13.0595397949,80.260597229,83347,83357,10
13.0600204468,80.2606124878,83357,83367,10
13.0605401993,80.2612228394,83367,83377,10
13.0612001419,80.2618331909,83377,83387,10
13.0617198944,80.2624282837,83387,83398,11
13.0622997284,80.2631835938,83398,83408,10
13.0626802444,80.2636108398,83408,83418,10
13.0628595352,80.2638397217,83418,83428,10
13.0632600784,80.2643890381,83428,83438,10
13.0637197495,80.2651290894,83438,83447,9
13.0641202927,80.2656707764,83447,83458,11
13.0646600723,80.2663116455,83458,83468,10
13.065290451,80.266960144,83468,83478,10
13.0659103394,80.2676010132,83478,83488,10
13.066450119,80.2682113647,83488,83499,11
13.0669403076,80.2685089111,83499,83509,10
13.0670700073,80.2686233521,83509,83519,10
13.0674800873,80.2689208984,83519,83529,10
13.0680103302,80.2693023682,83529,83539,10
13.0682296753,80.2695083618,83539,83549,10
13.068189621,80.2699584961,83549,83559,10
13.0681200027,80.2706832886,83559,83569,10
13.0682497025,80.271446228,83569,83579,10
13.0687599182,80.2718505859,83579,83589,10
13.0693302155,80.2722320557,83589,83598,9
13.0698204041,80.2727279663,83598,83610,12
13.0703001022,80.2733078003,83610,83620,10
13.0707197189,80.2738494873,83620,83630,10
13.0714197159,80.2741317749,83630,83640,10
13.0720396042,80.2746200562,83640,83650,10
13.0726604462,80.2753067017,83650,83660,10
13.0734195709,80.2761001587,83660,83670,10
13.0743198395,80.2763290405,83670,83680,10
13.0753602982,80.2762908936,83680,83690,10
13.0763902664,80.2762298584,83690,83700,10
13.077460289,80.2761688232,83700,83711,11
13.078209877,80.2757720947,83711,83721,10
13.0785598755,80.275177002,83721,83731,10
13.0792798996,80.2751998901,83731,83741,10
13.0801000595,80.2752609253,83741,83751,10
13.0810003281,80.275177002,83751,83761,10
13.0814599991,80.275138855,83761,83771,10
13.081489563,80.275138855,83771,83781,10
13.0816497803,80.2751617432,83781,83789,8
13.0819597244,80.2755584717,83789,83832,43
13.0819597244,80.2755584717,83832,83842,10
13.0819702148,80.2757415771,83842,83852,10
13.0818595886,80.275932312,83852,83861,9
13.0818004608,80.2761306763,83861,83872,11
13.0818500519,80.2766799927,83872,83882,10
13.0819196701,80.2771987915,83882,83892,10
13.0820598602,80.2780075073,83892,83902,10
13.0820999146,80.2785186768,83902,83912,10
13.0821399689,80.2790679932,83912,83922,10
13.0822095871,80.2798309326,83922,83933,11
13.0823001862,80.2808990479,83933,83943,10
13.0824298859,80.2817611694,83943,83953,10
13.0831699371,80.2822418213,83953,83963,10
13.0839300156,80.2827377319,83963,83973,10
13.0841598511,80.282913208,83973,83983,10
13.0841598511,80.2828979492,83983,83993,10
13.0843400955,80.2829971313,83993,84034,41
13.0846595764,80.2832183838,84034,84054,20
13.0846595764,80.2832183838,84054,84064,10
13.0847501755,80.2833633423,84064,84074,10
13.0848798752,80.2834472656,84074,84084,10
13.0849599838,80.2836380005,84084,84094,10
13.0852403641,80.2838363647,84094,84104,10
13.0854902267,80.2836074829,84104,84114,10
13.0859003067,80.2835769653,84114,84124,10
13.0862703323,80.2836074829,84124,84134,10
13.0866298676,80.283821106,84134,84145,11
13.0871696472,80.2837524414,84145,84155,10
13.0879001617,80.2836074829,84155,84346,191
13.0879497528,80.2837600708,84346,84447,101
13.0879497528,80.2837600708,84447,84457,10
13.0879497528,80.2838592529,84457,84528,71
13.0880804062,80.283706665,84528,84558,30
13.0880804062,80.283706665,84558,84568,10
13.0883102417,80.283493042,84568,84578,10
13.0883197784,80.2829589844,84578,84590,12
13.0882997513,80.2822189331,84590,84601,11
13.0880203247,80.2815475464,84601,84611,10
13.0872898102,80.2813034058,84611,84621,10
13.0864801407,80.2810592651,84621,84631,10
13.0857801437,80.2808227539,84631,84641,10
13.0855703354,80.280166626,84641,84651,10
13.085269928,80.2795181274,84651,84661,10
13.084280014,80.2792205811,84661,84671,10
13.0833501816,80.2790222168,84671,84681,10
13.08314991,80.2789230347,84681,84692,11
13.0830802917,80.2788467407,84692,84702,10
13.0826997757,80.2786865234,84702,84712,10
13.0821800232,80.2784576416,84712,84742,30
13.0821800232,80.2784576416,84742,84752,10
13.0820503235,80.2783737183,84752,84762,10
13.0819301605,80.2779693604,84762,84772,10
13.0818595886,80.2772827148,84772,84782,10
13.0817604065,80.2764282227,84782,84792,10
13.0815496445,80.2752914429,84792,84893,101
13.0815496445,80.2752914429,84893,84904,11
13.0815401077,80.2749862671,84904,84914,10
13.0815401077,80.2747802734,84914,84924,10
13.0814800262,80.2743988037,84924,84934,10
13.0814199448,80.2739562988,84934,84944,10
13.0813798904,80.2735595703,84944,85136,192
13.0813798904,80.2735595703,85136,85146,10
13.081319809,80.2731399536,85146,85156,10
13.0813903809,80.272819519,85156,85166,10
13.0813798904,80.2722015381,85166,85176,10
13.0811700821,80.2714080811,85176,85186,10
13.0808200836,80.2709579468,85186,85196,10
13.0807199478,80.2703399658,85196,85206,10
13.080739975,80.2695770264,85206,85216,10
13.0807800293,80.2687606812,85216,85226,10
13.0807504654,80.267906189,85226,85237,11
13.0807199478,80.2677383423,85237,85247,10
13.0806999207,80.2675933838,85247,85257,10
13.0806903839,80.2669906616,85257,85267,10
13.0806903839,80.2662506104,85267,85277,10
13.0806798935,80.2653427124,85277,85287,10
13.0806703568,80.2652206421,85287,85297,10
13.0806303024,80.2649917603,85297,85307,10
13.080499649,80.2643966675,85307,85317,10
13.0803203583,80.2635498047,85317,85327,10
13.0801200867,80.262802124,85327,85348,21
13.0801200867,80.262802124,85348,85358,10
13.0800600052,80.2624511719,85358,85368,10
13.0799398422,80.2617874146,85368,85378,10
13.0796403885,80.2610168457,85378,85388,10
13.0794200897,80.2600479126,85388,85398,10
13.0793199539,80.259437561,85398,85408,10
13.0793199539,80.2593231201,85408,85418,10
13.0792703629,80.2588806152,85418,85428,10
13.079199791,80.2581710815,85428,85438,10
13.0791101456,80.2573318481,85438,85449,11
13.0790500641,80.2563400269,85449,85459,10
13.0789604187,80.2555389404,85459,85469,10
13.0788602829,80.2548065186,85469,85479,10
13.0787801743,80.254119873,85479,85489,10
13.0787096024,80.2537078857,85489,85499,10
13.0787401199,80.2536087036,85499,85509,10
13.0787801743,80.2532119751,85509,85519,10
13.0787601471,80.2526626587,85519,85529,10
13.0786104202,80.2516479492,85529,85640,111
13.0786399841,80.2512588501,85640,85751,111
13.0786399841,80.2512588501,85751,85761,10
13.0786304474,80.2509765625,85761,85772,11
13.0785303116,80.2506027222,85772,85782,10
13.0787000656,80.2502212524,85782,85792,10
13.078669548,80.2496490479,85792,85802,10
13.0785398483,80.2489471436,85802,85812,10
13.0784101486,80.2486419678,85812,85822,10
13.0783004761,80.2481994629,85822,85832,10
13.0781402588,80.2473678589,85832,85842,10
13.0780496597,80.2469863892,85842,85852,10
13.0780200958,80.2468032837,85852,85862,10
13.0779399872,80.2462615967,85862,85872,10
13.0778903961,80.2452697754,85872,85883,11
13.0777597427,80.2442932129,85883,85893,10
13.0777797699,80.244102478,85893,85903,10
13.0778398514,80.2437820435,85903,85913,10
13.0777597427,80.2432327271,85913,85923,10
13.0776395798,80.2425079346,85923,85933,10
13.077460289,80.2417602539,85933,85943,10
13.0772600174,80.2411422729,85943,85953,10
13.0771799088,80.2407913208,85953,85963,10
13.0770196915,80.2400131226,85963,85983,20
13.0770196915,80.2400131226,85983,85994,11
13.0769395828,80.2394866943,85994,86004,10
13.0767402649,80.2388076782,86004,86014,10
13.0765104294,80.2379837036,86014,86024,10
13.076379776,80.2373504639,86024,86034,10
13.076379776,80.237197876,86034,86044,10
13.0762500763,80.2367401123,86044,86054,10
13.0761499405,80.2359619141,86054,86064,10
13.075920105,80.2349319458,86064,86074,10
13.0756397247,80.234161377,86074,86084,10
13.0753698349,80.2332611084,86084,86094,10
13.0750703812,80.2322463989,86094,86105,11
13.0748596191,80.2312164307,86105,86115,10
13.0745601654,80.2304611206,86115,86125,10
13.074549675,80.2303771973,86125,86135,10
13.0744895935,80.2301101685,86135,86145,10
13.0743198395,80.2295532227,86145,86155,10
13.0741596222,80.2287597656,86155,86165,10
13.0740404129,80.2278366089,86165,86175,10
13.0739402771,80.2268218994,86175,86185,10
13.0738697052,80.2257385254,86185,86195,10
13.0739097595,80.2249069214,86195,86206,11
13.0739402771,80.2247695923,86206,86216,10
13.0739603043,80.2244033813,86216,86226,10
13.0740203857,80.223777771,86226,86236,10
13.0741300583,80.2228927612,86236,86246,10
13.0741701126,80.222038269,86246,86256,10
13.0743198395,80.2211914063,86256,86266,10
13.074379921,80.2204971313,86266,86276,10
13.0743999481,80.2203979492,86276,86286,10
13.0744400024,80.2202606201,86286,86302,16
13.0746202469,80.2194595337,86302,86314,12
13.0747804642,80.2185211182,86314,86325,11
13.0748701096,80.2177505493,86325,86334,9
13.0749797821,80.2169189453,86334,86346,12
13.0750102997,80.2163772583,86346,86356,10
13.075050354,80.2162628174,86356,86366,10
13.0751199722,80.2157897949,86366,86376,10
13.0752000809,80.2150726318,86376,86386,10
