12.9982700348,80.257019043,15,1499,1484
12.998290062,80.2571411133,1499,1660,161
12.9982595444,80.257019043,1660,3407,1747
12.9982595444,80.257019043,3407,3417,10
12.9984998703,80.2571334839,3417,3619,202
12.998339653,80.2570571899,3619,17114,13495
12.9982995987,80.2570495605,17114,17225,111
12.9983997345,80.257019043,17225,17518,293
12.998339653,80.2570724487,17518,17599,81
12.9983196259,80.2570495605,17599,18450,851
12.9983301163,80.2570724487,18450,18612,162
12.9983997345,80.2570266724,18612,18645,33
12.9983701706,80.256690979,18645,18675,30
12.9981403351,80.256439209,18675,18707,32
12.9978199005,80.2564086914,18707,18737,30
12.9976902008,80.2562026978,18737,18770,33
12.9976301193,80.2559432983,18770,18800,30
12.9927597046,80.256111145,18800,18876,76
12.9901895523,80.2560119629,18876,18898,22
12.9871501923,80.2556762695,18898,18938,40
12.986000061,80.2554931641,18938,18968,30
12.9813699722,80.2527999878,18968,19044,76
12.9786701202,80.2525863647,19044,19077,33
12.9774599075,80.2516708374,19077,19108,31
12.9739303589,80.2504806519,19108,19137,29
12.9695301056,80.249168396,19137,19169,32
12.9659500122,80.2476425171,19169,19199,30
12.9613704681,80.2456893921,19199,19239,40
12.9580602646,80.2442016602,19239,19269,30
12.9562501907,80.2436065674,19269,19342,73
12.9537296295,80.2424621582,19342,19372,30
12.9505796432,80.241317749,19372,19402,30
12.9467697144,80.2398605347,19402,19433,31
12.9433603287,80.237197876,19433,19463,30
12.9390497208,80.2354278564,19463,19493,30
12.9351596832,80.2335586548,19493,19523,30
12.9281396866,80.231262207,19523,19598,75
12.9260797501,80.231010437,19598,19628,30
12.9235401154,80.2306976318,19628,19659,31
12.9192199707,80.2300720215,19659,19689,30
12.9151496887,80.2295303345,19689,19719,30
12.9077796936,80.2284317017,19719,19796,77
12.9039497375,80.2281265259,19796,19829,33
12.900560379,80.2279586792,19829,19860,31
12.900349617,80.2279510498,19860,19890,30
12.8998003006,80.2279205322,19890,19919,29
12.8978204727,80.2277908325,19919,19951,32
12.8940496445,80.2275924683,19951,19982,31
12.8852996826,80.2267990112,19982,20053,71
12.8840503693,80.2267379761,20053,20084,31
12.880610466,80.2267684937,20084,20114,30
12.8768196106,80.2269668579,20114,20145,31
12.8724603653,80.2267379761,20145,20222,77
12.8697299957,80.2265472412,20222,20251,29
12.865480423,80.2266311646,20251,20281,30
12.8614997864,80.2266311646,20281,20312,31
12.8582897186,80.2262878418,20312,20342,30
12.8483104706,80.226600647,20342,20416,74
12.8454303741,80.2266387939,20416,20445,29
12.8443002701,80.2266921997,20445,20476,31
12.8407201767,80.227432251,20476,20507,31
12.8348903656,80.2286529541,20507,20577,70
12.8323202133,80.2291564941,20577,20610,33
12.8303098679,80.2297134399,20610,20641,31
12.8267498016,80.2313308716,20641,20671,30
12.822640419,80.2308120728,20671,20702,31
12.8191604614,80.2305297852,20702,20732,30
12.8177204132,80.2299499512,20732,20761,29
12.8141403198,80.2291488647,20761,20792,31
12.8103599548,80.2278137207,20792,20822,30
12.8072004318,80.2255935669,20822,20853,31
12.8051395416,80.224029541,20853,20883,30
12.8032398224,80.2238311768,20883,20914,31
12.800330162,80.2235107422,20914,20943,29
12.7966804504,80.2230529785,20943,20974,31
12.7933101654,80.2225112915,20974,21004,30
12.7898197174,80.2217178345,21004,21035,31
12.7871704102,80.2207336426,21035,21065,30
12.7861499786,80.2203216553,21065,21095,30
12.7843399048,80.2194366455,21095,21126,31
12.7814598083,80.2178268433,21126,21155,29
12.7779798508,80.216003418,21155,21185,30
12.7744102478,80.2145233154,21185,21216,31
12.7712898254,80.2133331299,21216,21246,30
12.7708597183,80.2128829956,21246,21277,31
12.7714595795,80.2109527588,21277,21308,31
12.7725496292,80.2082366943,21308,21338,30
12.7725496292,80.2082366943,21338,21368,30
12.7732801437,80.2055892944,21368,21378,10
12.7733898163,80.2048416138,21378,21388,10
12.7734804153,80.2040405273,21388,21399,11
12.7735900879,80.2033309937,21399,21409,10
12.7737598419,80.2027435303,21409,21419,10
12.7738199234,80.2020263672,21419,21429,10
12.7738800049,80.2013168335,21429,21439,10
12.7739400864,80.2006225586,21439,21449,10
12.7740001678,80.1998214722,21449,21459,10
12.7740802765,80.1989974976,21459,21469,10
12.7741498947,80.1982116699,21469,21479,10
12.7741603851,80.1974182129,21479,21489,10
12.7742099762,80.1966629028,21489,21499,10
12.7742395401,80.1959381104,21499,21510,11
12.774310112,80.1951675415,21510,21520,10
12.7745103836,80.1943664551,21520,21530,10
12.7746896744,80.1936416626,21530,21540,10
12.7749700546,80.1929779053,21540,21550,10
12.7753801346,80.1923065186,21550,21560,10
12.7752599716,80.191619873,21560,21570,10
12.7749900818,80.1908569336,21570,21580,10
12.7744197845,80.1902084351,21580,21590,10
12.7736701965,80.1895675659,21590,21600,10
12.7726898193,80.1891937256,21600,21611,11
12.7716197968,80.1887893677,21611,21621,10
12.7710599899,80.1882095337,21621,21631,10
12.770939827,80.1873016357,21631,21641,10
12.7708396912,80.1863632202,21641,21651,10
12.7707700729,80.1854095459,21651,21661,10
12.7706003189,80.184677124,21661,21671,10
12.770070076,80.1845397949,21671,21681,10
12.7694597244,80.1843185425,21681,21691,10
12.7689599991,80.1840362549,21691,21701,10
12.7685604095,80.1836624146,21701,21711,10
12.7681903839,80.1834182739,21711,21722,11
12.7675895691,80.1832122803,21722,21732,10
12.7670297623,80.1829986572,21732,21742,10
12.7664699554,80.1827392578,21742,21752,10
12.7658596039,80.1826324463,21752,21762,10
12.7653303146,80.1825790405,21762,21772,10
12.7646999359,80.1825027466,21772,21782,10
12.7641201019,80.1824188232,21782,21792,10
12.7636203766,80.1823577881,21792,21802,10
12.7634601593,80.1827774048,21802,21812,10
12.7632703781,80.183380127,21812,21823,11
12.7630901337,80.1839065552,21823,21833,10
12.7630996704,80.1843338013,21833,21843,10
12.7630701065,80.1847381592,21843,21853,10
12.7628002167,80.1849822998,21853,21863,10
12.7623996735,80.1849212646,21863,21873,10
12.7619600296,80.1849212646,21873,21883,10
12.7615404129,80.184677124,21883,23148,1265
12.7615404129,80.184677124,23148,23158,10
12.7617101669,80.1848983765,23158,23168,10
12.7619400024,80.184928894,23168,23178,10
12.7622499466,80.1849365234,23178,23188,10
12.7625703812,80.1849594116,23188,23198,10
12.7629098892,80.1850128174,23198,23209,11
12.7630596161,80.1846618652,23209,23219,10
12.7630701065,80.1843795776,23219,23229,10
12.7630300522,80.1841506958,23229,23239,10
12.7630701065,80.1838912964,23239,23249,10
12.7631797791,80.1836013794,23249,23259,10
12.7631902695,80.1835632324,23259,23269,10
12.7632398605,80.1834335327,23269,23279,10
12.7633600235,80.1829833984,23279,23289,10
12.7634601593,80.1825790405,23289,23299,10
12.7637701035,80.1824417114,23299,23309,10
12.7642097473,80.1825027466,23309,23320,11
12.7649202347,80.1825790405,23320,23328,8
12.7655496597,80.1826477051,23328,23339,11
12.7662200928,80.1827392578,23339,23350,11
12.7669200897,80.1829833984,23350,23360,10
12.7675600052,80.1832427979,23360,23370,10
12.7681398392,80.1834335327,23370,23380,10
12.7685899734,80.1837081909,23380,23390,10
12.7689599991,80.1840362549,23390,23400,10
12.7692203522,80.1842269897,23400,23410,10
12.7700195313,80.1845397949,23410,23421,11
12.7700195313,80.1845397949,23421,23431,10
12.7705898285,80.1846923828,23431,23439,8
12.7706604004,80.1847076416,23439,23459,20
12.7708101273,80.1857299805,23459,23469,10
12.7708902359,80.1865615845,23469,23479,10
12.7709903717,80.1875076294,23479,23489,10
12.7711400986,80.1884994507,23489,23499,10
12.7718296051,80.1889190674,23499,23509,10
12.7726697922,80.1891937256,23509,23519,10
12.7737102509,80.1895904541,23519,23529,10
12.7745199203,80.1902770996,23529,23540,11
12.775179863,80.1911468506,23540,23550,10
12.775349617,80.1920318604,23550,23560,10
12.7751197815,80.1928787231,23560,23570,10
12.7747297287,80.1936721802,23570,23580,10
12.7746696472,80.1938323975,23580,23590,10
12.7746400833,80.1939315796,23590,23600,10
12.7745199203,80.1945037842,23600,23610,10
12.7743396759,80.1953277588,23610,23620,10
12.7742595673,80.196182251,23620,23631,11
12.7742300034,80.1971206665,23631,23641,10
12.7742004395,80.1979675293,23641,23651,10
12.7741298676,80.1988220215,23651,23661,10
12.7740497589,80.1997680664,23661,23671,10
12.7739696503,80.2007369995,23671,23681,10
12.7739295959,80.2012023926,23681,23691,10
12.7739095688,80.201423645,23691,23701,10
12.773850441,80.2020492554,23701,23711,10
12.7737398148,80.2029495239,23711,23721,10
12.7735204697,80.2040786743,23721,23731,10
12.7733898163,80.2051925659,23731,23742,11
12.7730998993,80.2064208984,23742,23752,10
12.7727804184,80.2075195313,23752,23762,10
12.772480011,80.2085876465,23762,23772,10
12.7721300125,80.2097320557,23772,23782,10
12.7715597153,80.2108306885,23782,23792,10
12.7711200714,80.211807251,23792,23802,10
12.770939827,80.2127685547,23802,23812,10
12.7709102631,80.213180542,23812,23822,10
12.7710399628,80.2132034302,23822,23832,10
12.7714395523,80.2133407593,23832,23843,11
12.7722396851,80.2136230469,23843,23853,10
12.7731800079,80.2139892578,23853,23863,10
12.7743501663,80.2144699097,23863,23873,10
12.7756500244,80.2149963379,23873,23883,10
12.7770204544,80.2155532837,23883,23893,10
12.7783899307,80.2161483765,23893,23903,10
12.7797298431,80.2168426514,23903,23913,10
12.7810897827,80.2175674438,23913,23923,10
12.7824802399,80.2183303833,23923,23933,10
12.7837896347,80.2190628052,23933,23943,10
12.784910202,80.2196807861,23943,23953,10
12.785900116,80.2201690674,23953,23964,11
12.7864904404,80.2204284668,23964,23994,30
12.7864904404,80.2204284668,23994,24004,10
12.7867298126,80.2205429077,24004,24014,10
12.7869796753,80.2206802368,24014,24024,10
12.7876396179,80.2209014893,24024,24034,10
12.7885103226,80.2212371826,24034,24044,10
12.7894096375,80.2215499878,24044,24055,11
12.7899904251,80.2217330933,24055,24065,10
12.7908201218,80.2219467163,24065,24075,10
12.7919502258,80.2222366333,24075,24085,10
12.7932596207,80.2224884033,24085,24095,10
12.7944602966,80.2226715088,24095,24105,10
12.7954797745,80.2228317261,24105,24115,10
12.7963104248,80.2229385376,24115,24125,10
12.7964200974,80.2229690552,24125,24135,10
12.796620369,80.2230072021,24135,24145,10
12.7971601486,80.2231216431,24145,24155,10
12.7979402542,80.2232513428,24155,24165,10
12.7988996506,80.2233505249,24165,24176,11
12.7999696732,80.2234268188,24176,24186,10
12.8001899719,80.2234420776,24186,24196,10
12.8004999161,80.2234725952,24196,24206,10
12.8011798859,80.2235412598,24206,24216,10
12.8014602661,80.2235794067,24216,24226,10
12.8019599915,80.2236480713,24226,24236,10
12.8027801514,80.2237625122,24236,24246,10
12.8035802841,80.2238388062,24246,24256,10
12.8039102554,80.2238693237,24256,24266,10
12.8041601181,80.2238922119,24266,24277,11
12.8045701981,80.2239303589,24277,24287,10
12.8050603867,80.2240066528,24287,24297,10
12.8055000305,80.2241210938,24297,24307,10
12.8055696487,80.2241516113,24307,24317,10
12.8059196472,80.2244186401,24317,24327,10
12.8065500259,80.2249679565,24327,24337,10
12.8073396683,80.2256622314,24337,24347,10
12.8081703186,80.2263565063,24347,24357,10
12.8090801239,80.2271118164,24357,24367,10
12.8100996017,80.2276687622,24367,24378,11
12.8112802505,80.2281570435,24378,24388,10
12.8124303818,80.2285614014,24388,24398,10
12.8136501312,80.2289810181,24398,24408,10
12.8149003983,80.2292480469,24408,24418,10
12.8162002563,80.2294082642,24418,24428,10
12.817489624,80.2297515869,24428,24438,10
12.8186101913,80.2303009033,24438,24448,10
12.819560051,80.2304534912,24448,24458,10
12.8197603226,80.2304382324,24458,24468,10
12.8201398849,80.230430603,24468,24478,10
12.8208999634,80.2304077148,24478,24488,10
12.8218402863,80.230506897,24488,24499,11
12.8230495453,80.2308807373,24499,24509,10
12.8242301941,80.2311935425,24509,24519,10
12.8254404068,80.2313766479,24519,24529,10
12.8266897202,80.231300354,24529,24539,10
12.8278503418,80.2308425903,24539,24549,10
12.8289804459,80.2302093506,24549,24559,10
12.8300600052,80.2297592163,24559,24569,10
12.830909729,80.2294006348,24569,24579,10
12.8310499191,80.229347229,24579,24590,11
12.8312101364,80.229309082,24590,24600,10
12.8316698074,80.2291564941,24600,24610,10
12.8323202133,80.229019165,24610,24620,10
12.8331899643,80.2288589478,24620,24630,10
12.8341798782,80.2286682129,24630,24640,10
12.8352499008,80.2284927368,24640,24650,10
12.8363199234,80.2283325195,24650,24660,10
12.8374099731,80.2281723022,24660,24670,10
12.8384599686,80.2279586792,24670,24680,10
12.839220047,80.2277832031,24680,24691,11
12.8395700455,80.2276992798,24691,24701,10
12.8400001526,80.2275695801,24701,24711,10
12.8407001495,80.2273788452,24711,24721,10
12.8415899277,80.227142334,24721,24731,10
12.8425798416,80.2268981934,24731,24741,10
12.843580246,80.2267074585,24741,24751,10
12.8446102142,80.2265625,24751,24761,10
12.8453598022,80.2265167236,24761,24771,10
12.8453798294,80.2265090942,24771,24781,10
12.8455600739,80.2265090942,24781,24791,10
12.8459997177,80.2265090942,24791,24802,11
12.8467798233,80.2265090942,24802,24812,10
12.8477201462,80.2265090942,24812,24822,10
12.8487701416,80.2265014648,24822,24832,10
12.8497600555,80.2265014648,24832,24842,10
12.8500299454,80.2264862061,24842,24852,10
12.8503599167,80.2264862061,24852,24862,10
12.8510198593,80.2265167236,24862,24872,10
12.8518896103,80.2265930176,24872,24882,10
12.8529396057,80.2266235352,24882,24892,10
12.8540496826,80.2265396118,24892,24901,9
12.8550395966,80.2264404297,24901,24912,11
12.8562698364,80.2263183594,24912,24923,11
12.8575201035,80.2261962891,24923,24933,10
12.8586397171,80.2262115479,24933,24943,10
12.8596897125,80.226348877,24943,24953,10
12.860619545,80.2264709473,24953,24963,10
12.860830307,80.2264862061,24963,24973,10
12.8611898422,80.2265167236,24973,24983,10
12.8619003296,80.2265167236,24983,24993,10
12.862859726,80.2264862061,24993,25003,10
12.8639497757,80.2265090942,25003,25013,10
12.8650999069,80.2265625,25013,25024,11
12.8664302826,80.2265167236,25024,25034,10
12.867650032,80.2263870239,25034,25044,10
12.8688697815,80.2263717651,25044,25054,10
12.8700799942,80.2265090942,25054,25064,10
12.8713102341,80.226600647,25064,25074,10
12.872420311,80.2266082764,25074,25084,10
12.8729696274,80.2266235352,25084,25094,10
12.8733797073,80.2266387939,25094,25104,10
12.8741102219,80.2266998291,25104,25114,10
12.8750801086,80.2268066406,25114,25124,10
12.8761501312,80.226890564,25124,25135,11
12.8765697479,80.2268829346,25135,25145,10
12.876709938,80.2268829346,25145,25155,10
12.8769102097,80.2268676758,25155,25165,10
12.8775596619,80.2268066406,25165,25175,10
12.8785200119,80.2267303467,25175,25185,10
12.8797397614,80.2266998291,25185,25195,10
12.8811302185,80.2266693115,25195,25205,10
12.8825597763,80.2266616821,25205,25215,10
12.8838396072,80.2266464233,25215,25226,11
12.8849000931,80.2266387939,25226,25236,10
12.885219574,80.2266464233,25236,25246,10
12.8853902817,80.2266769409,25246,25256,10
12.8859901428,80.2268066406,25256,25266,10
12.886879921,80.2270431519,25266,25276,10
12.8880596161,80.2272491455,25276,25286,10
12.8893604279,80.2272796631,25286,25296,10
12.8907804489,80.2272872925,25296,25306,10
12.8921604156,80.2273025513,25306,25316,10
12.8934297562,80.227432251,25316,25326,10
12.8946199417,80.2275619507,25326,25337,11
12.8957595825,80.2276229858,25337,25347,10
12.8967504501,80.2276687622,25347,25357,10
12.8979997635,80.2277374268,25357,25367,10
12.8993501663,80.2278213501,25367,25377,10
12.9007101059,80.2278594971,25377,25488,111
12.9007101059,80.2278594971,25488,25498,10
12.9010295868,80.2278823853,25498,25508,10
12.9015398026,80.2279205322,25508,25518,10
12.9023504257,80.2279510498,25518,25528,10
12.9028301239,80.2279663086,25528,25538,10
12.9028997421,80.2279815674,25538,25548,10
12.9034004211,80.228012085,25548,25559,11
12.9043302536,80.2280731201,25559,25569,10
12.9054498672,80.2281417847,25569,25579,10
12.9064102173,80.2281723022,25579,25589,10
12.9069004059,80.2282333374,25589,25599,10
12.9070501328,80.2282562256,25599,25609,10
12.9075498581,80.2283172607,25609,25619,10
12.9083795547,80.2284469604,25619,25629,10
12.9094896317,80.2286224365,25629,25639,10
12.9108104706,80.2288284302,25639,25649,10
12.9121398926,80.2290267944,25649,25660,11
12.9133396149,80.2291793823,25660,25670,10
12.9139995575,80.2292709351,25670,25680,10
12.9140396118,80.2292785645,25680,25690,10
12.9144897461,80.2293395996,25690,25700,10
12.9152002335,80.2294464111,25700,25710,10
12.9161596298,80.2295913696,25710,25720,10
12.9173603058,80.2297592163,25720,25730,10
12.9185600281,80.229927063,25730,25740,10
12.9197902679,80.2300720215,25740,25750,10
12.9211597443,80.2302322388,25750,25760,10
12.9225797653,80.2304382324,25760,25771,11
12.9241199493,80.2306594849,25771,25781,10
12.9254398346,80.2308273315,25781,25791,10
12.9262895584,80.2309188843,25791,25801,10
12.9263601303,80.2309265137,25801,25811,10
12.926779747,80.23097229,25811,25821,10
12.9275102615,80.2310562134,25821,25831,10
12.9284696579,80.2312011719,25831,25841,10
12.9296197891,80.2314224243,25841,25851,10
12.9308004379,80.2317199707,25851,25861,10
12.932009697,80.2321014404,25861,25870,9
12.9329204559,80.2324295044,25870,25882,12
12.9336395264,80.2327194214,25882,25892,10
12.9337902069,80.2327880859,25892,25902,10
12.9343500137,80.233039856,25902,25912,10
12.9351797104,80.2334136963,25912,25922,10
12.9362096786,80.2338867188,25922,25932,10
12.9373903275,80.2344589233,25932,25942,10
12.9385700226,80.2350387573,25942,25952,10
12.9394598007,80.2354736328,25952,25962,10
12.9396696091,80.2355880737,25962,25972,10
12.9398097992,80.2356567383,25972,25983,11
12.9404001236,80.2358779907,25983,25993,10
12.9412298203,80.236076355,25993,26003,10
12.9422798157,80.2363510132,26003,26013,10
12.9433298111,80.2369537354,26013,26023,10
12.9442396164,80.2378997803,26023,26033,10
12.9451398849,80.2388687134,26033,26043,10
12.9460897446,80.2394714355,26043,26053,10
12.9470701218,80.2398605347,26053,26063,10
12.9473400116,80.239982605,26063,26074,11
12.9475803375,80.2400817871,26074,26084,10
12.9481601715,80.2403488159,26084,26094,10
12.9487495422,80.2406005859,26094,26104,10
12.949090004,80.2407302856,26104,26114,10
12.9495897293,80.2409133911,26114,26124,10
12.9502096176,80.2410888672,26124,26134,10
12.9508399963,80.2412414551,26134,26144,10
12.9510097504,80.2413101196,26144,26154,10
12.9511404037,80.2413864136,26154,26164,10
12.9515199661,80.2415237427,26164,26174,10
12.9521503448,80.2417526245,26174,26185,11
12.9531698227,80.242149353,26185,26195,10
12.9543104172,80.2425918579,26195,26205,10
12.9551801682,80.2429428101,26205,26215,10
12.956029892,80.243309021,26215,26225,10
12.9563903809,80.2434387207,26225,26235,10
12.9568395615,80.2436218262,26235,26245,10
12.9576196671,80.2439193726,26245,26255,10
12.9585199356,80.2443008423,26255,26265,10
12.9589195251,80.2444534302,26265,26275,10
12.958990097,80.2444915771,26275,26286,11
12.9594802856,80.244720459,26286,26296,10
12.9602098465,80.2450485229,26296,26306,10
12.9612102509,80.2455062866,26306,26316,10
12.9623498917,80.2460708618,26316,26326,10
12.9631996155,80.2464904785,26326,26336,10
12.9633703232,80.24659729,26336,26346,10
12.9633903503,80.2466125488,26346,26356,10
12.963809967,80.2468185425,26356,26366,10
12.9645795822,80.2471008301,26366,26376,10
12.9655799866,80.2474365234,26376,26386,10
12.9663600922,80.247718811,26386,26397,11
12.9666500092,80.247833252,26397,26407,10
12.9666595459,80.2478408813,26407,26417,10
12.9668197632,80.2479476929,26417,26427,10
12.9672002792,80.2481307983,26427,26437,10
12.9679498672,80.2484512329,26437,26447,10
12.9689302444,80.248840332,26447,26457,10
12.9700803757,80.2492980957,26457,26467,10
12.971280098,80.2496795654,26467,26477,10
12.9724702835,80.25,26477,26487,10
12.9736404419,80.2503204346,26487,26497,10
12.9747695923,80.2506408691,26497,26508,11
12.9759597778,80.2509765625,26508,26518,10
12.9770898819,80.2513427734,26518,26528,10
12.9780397415,80.2519836426,26528,26538,10
12.9788503647,80.2524871826,26538,26548,10
12.9794998169,80.2525863647,26548,26558,10
12.9799203873,80.2526626587,26558,26568,10
12.9806203842,80.2526779175,26568,26578,10
12.981590271,80.2526626587,26578,26588,10
12.9828195572,80.2526016235,26588,26598,10
12.9840497971,80.2523574829,26598,26609,11
12.985329628,80.2520065308,26609,26619,10
12.9863796234,80.2517471313,26619,26629,10
12.9873104095,80.2515106201,26629,26669,40
12.9873104095,80.2515106201,26669,26679,10
12.9873399734,80.2514801025,26679,26689,10
12.9876403809,80.2514038086,26689,26699,10
12.987950325,80.2517089844,26699,26709,10
12.9880399704,80.252243042,26709,26719,10
12.9879703522,80.2531433105,26719,26730,11
12.9878702164,80.2543106079,26730,26740,10
12.9877700806,80.2553787231,26740,26750,10
12.9879798889,80.2557983398,26750,26760,10
12.9885196686,80.255859375,26760,26770,10
12.9887199402,80.2558822632,26770,26780,10
12.9889602661,80.2558898926,26780,26790,10
12.9894104004,80.2559509277,26790,26800,10
12.9900999069,80.2560195923,26800,26810,10
12.9906797409,80.2560195923,26810,26821,11
12.9914197922,80.2560424805,26821,26831,10
12.9924497604,80.2560501099,26831,26841,10
12.9934902191,80.2559814453,26841,26851,10
12.9943799973,80.2559280396,26851,26861,10
12.99518013,80.2558822632,26861,26871,10
12.996049881,80.2558822632,26871,26881,10
12.9967498779,80.255859375,26881,26901,20
12.9967498779,80.255859375,26901,26911,10
12.9970903397,80.255859375,26911,26922,11
12.9976301193,80.2558898926,26922,26932,10
12.9983301163,80.2559509277,26932,26942,10
12.9989299774,80.2560195923,26942,26952,10
12.9989404678,80.2560272217,26952,26962,10
12.9992103577,80.2560882568,26962,26992,30
12.9992103577,80.2560882568,26992,27002,10
12.9995203018,80.2561721802,27002,27012,10
13.0002202988,80.2563171387,27012,27022,10
13.0011796951,80.2565002441,27022,27033,11
13.0021696091,80.256652832,27033,27043,10
13.003080368,80.2568206787,27043,27053,10
13.0038995743,80.2569580078,27053,27063,10
13.0047903061,80.2571105957,27063,27073,10
13.0057296753,80.2572937012,27073,27083,10
13.0065603256,80.2573394775,27083,27093,10
13.0065603256,80.2566223145,27093,27103,10
13.0065402985,80.2555923462,27103,27113,10
13.0065603256,80.2549591064,27113,27123,10
13.006529808,80.2542037964,27123,27133,10
13.006529808,80.2532577515,27133,27144,11
13.0067501068,80.2526397705,27144,27174,30
13.0067501068,80.2526397705,27174,27184,10
13.0066795349,80.2531814575,27184,27446,262
13.0067195892,80.2533035278,27446,28133,687
13.0065898895,80.2532196045,28133,28789,656
13.0065898895,80.2532196045,28789,28799,10
13.0067100525,80.2535934448,28799,28809,10
13.0066795349,80.254119873,28809,28819,10
13.006649971,80.2545318604,28819,28829,10
13.0066604614,80.2545700073,28829,28839,10
13.0066900253,80.2546920776,28839,28849,10
13.0066699982,80.2551803589,28849,28859,10
13.006649971,80.2559814453,28859,28870,11
13.006649971,80.2566299438,28870,28880,10
13.0066604614,80.2568969727,28880,28890,10
13.0067300797,80.2573471069,28890,28900,10
13.0065603256,80.2574996948,28900,28910,10
13.0061998367,80.2575073242,28910,28920,10
13.005610466,80.2574005127,28920,28930,10
13.0050096512,80.2572021484,28930,28940,10
13.0043497086,80.2570877075,28940,28950,10
13.0038604736,80.2569885254,28950,28960,10
13.0033903122,80.2568893433,28960,28971,11
13.0032396317,80.2568511963,28971,28981,10
13.002869606,80.2567977905,28981,28991,10
13.0022296906,80.2566833496,28991,29001,10
13.0017204285,80.2565994263,29001,29011,10
13.0009202957,80.256477356,29011,29021,10
13.0001497269,80.2563323975,29021,29031,10
12.999420166,80.2562408447,29031,29051,20
12.999420166,80.2562408447,29051,29061,10
12.9991502762,80.2561798096,29061,29071,10
12.9989204407,80.2561264038,29071,29082,11
12.9988498688,80.2561035156,29082,29092,10
12.9987802505,80.2560501099,29092,29102,10
12.9985704422,80.2560272217,29102,29112,10
12.9983501434,80.2559814453,29112,29122,10
12.9980201721,80.2559509277,29122,29132,10
12.9975299835,80.2559204102,29132,29172,40
12.9975299835,80.2559204102,29172,29182,10
12.997209549,80.255897522,29182,29203,21
12.997209549,80.255897522,29203,29213,10
12.9968595505,80.255897522,29213,29223,10
12.9965600967,80.255859375,29223,29233,10
12.9962100983,80.255859375,29233,29243,10
12.9959697723,80.2558288574,29243,29253,10
12.9958095551,80.2558517456,29253,29263,10
12.9954299927,80.255859375,29263,29273,10
12.9949998856,80.2558288574,29273,29283,10
12.9947099686,80.2558517456,29283,29294,11
12.9943504333,80.2559661865,29294,29304,10
12.993689537,80.2560501099,29304,29314,10
12.9927101135,80.2561035156,29314,29324,10
12.9915504456,80.2561035156,29324,29334,10
12.9909000397,80.256072998,29334,29344,10
12.9904098511,80.2560119629,29344,29354,10
12.9896602631,80.2559585571,29354,29364,10
12.9887304306,80.2559127808,29364,29374,10
12.9879703522,80.2558288574,29374,29455,81
12.9879703522,80.2558288574,29455,29465,10
12.9876403809,80.2557907104,29465,29475,10
12.9870100021,80.2556915283,29475,29485,10
12.9862804413,80.255569458,29485,29495,10
12.9861602783,80.2555465698,29495,29506,11
12.9860496521,80.2554779053,29506,29516,10
12.9856901169,80.2554397583,29516,29526,10
12.9850196838,80.2552719116,29526,29536,10
12.9843397141,80.2550811768,29536,29546,10
12.9839000702,80.2549819946,29546,29556,10
12.9834403992,80.2548675537,29556,29566,10
12.9828996658,80.2546768188,29566,29576,10
12.9824495316,80.2545166016,29576,29586,10
12.9820804596,80.2540893555,29586,29596,10
12.9818601608,80.2534103394,29596,29606,10
12.9813995361,80.252822876,29606,29617,11
12.9805898666,80.2528076172,29617,29627,10
12.9801702499,80.2527389526,29627,29637,10
12.979809761,80.2527084351,29637,29647,10
12.9791603088,80.2526397705,29647,29657,10
12.9786996841,80.2526016235,29657,29667,10
12.9786901474,80.2525863647,29667,29677,10
12.9785203934,80.2525100708,29677,29687,10
12.9780597687,80.2521820068,29687,29697,10
12.977399826,80.2516174316,29697,29707,10
12.9764003754,80.2512130737,29707,29717,10
12.9752197266,80.2508773804,29717,29727,10
12.973950386,80.2505187988,29727,29738,11
12.972530365,80.2501220703,29738,29748,10
12.9711904526,80.2497787476,29748,29758,10
12.9698095322,80.2493133545,29758,29768,10
12.9684801102,80.2487869263,29768,29778,10
12.9673299789,80.2483291626,29778,29788,10
12.966340065,80.2478408813,29788,29798,10
12.9654998779,80.2474975586,29798,29808,10
12.9653701782,80.2474365234,29808,29818,10
12.9650802612,80.247253418,29818,29828,10
12.9644699097,80.2470703125,29828,29839,11
12.9635095596,80.2467422485,29839,29849,10
12.9624795914,80.2462310791,29849,29859,10
12.9612798691,80.2456512451,29859,29869,10
12.9601402283,80.2451171875,29869,29879,10
12.9595403671,80.2448730469,29879,29889,10
12.9595403671,80.2448577881,29889,29899,10
12.9591703415,80.2446899414,29899,29909,10
12.958530426,80.2443771362,29909,29919,10
12.9578104019,80.244102478,29919,29929,10
12.957110405,80.2437973022,29929,29939,10
12.956489563,80.243560791,29939,29950,11
12.956199646,80.2434692383,29950,29960,10
12.9555301666,80.2431793213,29960,29970,10
12.9547100067,80.2428436279,29970,29980,10
12.9537801743,80.2424468994,29980,29990,10
12.9528398514,80.2420730591,29990,30000,10
12.9522304535,80.2418670654,30000,30010,10
12.9516601563,80.2416610718,30010,30020,10
12.9514198303,80.2416305542,30020,30030,10
12.9513502121,80.2415924072,30030,30040,10
12.9509601593,80.2414016724,30040,30049,9
12.9503803253,80.2412109375,30049,30061,12
12.9495601654,80.2409591675,30061,30071,10
12.9490098953,80.2407913208,30071,30081,10
12.9483804703,80.2405090332,30081,30091,10
12.9477996826,80.240272522,30091,30101,10
12.9475603104,80.2401809692,30101,30111,10
12.9472703934,80.2400512695,30111,30121,10
12.9467000961,80.2398910522,30121,30131,10
12.9465198517,80.2398071289,30131,30141,10
12.9464797974,80.2397766113,30141,30151,10
12.9461402893,80.239616394,30151,30162,11
12.9455699921,80.2393264771,30162,30172,10
12.9449701309,80.2388687134,30172,30182,10
12.9443397522,80.2381896973,30182,30192,10
12.9436798096,80.2375030518,30192,30202,10
12.9432497025,80.2370529175,30202,30212,10
12.9425897598,80.2366027832,30212,30222,10
12.9416503906,80.2362976074,30222,30232,10
12.9406900406,80.2360610962,30232,30242,10
12.9401597977,80.2359313965,30242,30252,10
12.9401302338,80.2359085083,30252,30261,9
12.9399995804,80.2358627319,30261,30273,12
12.9395503998,80.2356872559,30273,30283,10
12.93887043,80.2353210449,30283,30293,10
12.9380197525,80.23487854,30293,30303,10
12.9370803833,80.2344207764,30303,30313,10
12.9362297058,80.2340316772,30313,30323,10
12.9354496002,80.2336578369,30323,30333,10
12.9345598221,80.2332611084,30333,30343,10
12.9339199066,80.2330093384,30343,30363,20
12.9339199066,80.2330093384,30363,30374,11
12.9335403442,80.2328262329,30374,30384,10
12.9329395294,80.2325592041,30384,30394,10
12.9321603775,80.2322692871,30394,30404,10
12.9312000275,80.2319564819,30404,30414,10
12.9301204681,80.2316513062,30414,30424,10
12.9290704727,80.2314071655,30424,30434,10
12.9280595779,80.2312393188,30434,30444,10
12.9270000458,80.2311172485,30444,30453,9
12.9262800217,80.231048584,30453,30464,11
12.926199913,80.2310333252,30464,30474,10
12.926030159,80.2310180664,30474,30485,11
12.9254398346,80.2309875488,30485,30495,10
12.9246797562,80.2309188843,30495,30505,10
12.9238395691,80.2307891846,30505,30515,10
12.9228000641,80.2306213379,30515,30525,10
12.9215898514,80.2304229736,30525,30535,10
12.9203796387,80.2302703857,30535,30544,9
12.9194803238,80.2301330566,30544,30555,11
12.9186201096,80.2300109863,30555,30565,10
12.917719841,80.2298965454,30565,30575,10
12.9169301987,80.2297973633,30575,30586,11
12.9159002304,80.2296600342,30586,30596,10
12.9150800705,80.2294769287,30596,30606,10
12.9140195847,80.229309082,30606,30616,10
12.9133701324,80.2293014526,30616,30626,10
12.9132995605,80.2292785645,30626,30636,10
12.9132404327,80.2292785645,30636,30646,10
12.9128599167,80.2292098999,30646,30656,10
12.912229538,80.2291183472,30656,30666,10
12.911359787,80.2289810181,30666,30676,10
12.9103403091,80.2288284302,30676,30686,10
12.9093904495,80.2287063599,30686,30696,10
12.9088001251,80.2286224365,30696,30707,11
12.9085998535,80.2285995483,30707,30717,10
12.9082899094,80.2285385132,30717,30727,10
12.9078502655,80.2284698486,30727,30737,10
12.9072599411,80.2283706665,30737,30747,10
12.906709671,80.2283172607,30747,30757,10
12.9063501358,80.2282562256,30757,30767,10
12.9055099487,80.2282409668,30767,30787,20
12.9055099487,80.2282409668,30787,30797,10
12.9051303864,80.2282104492,30797,30808,11
12.9047203064,80.2282333374,30808,30838,30
12.9047203064,80.2282333374,30838,30848,10
12.904540062,80.2282104492,30848,30858,10
12.9040403366,80.2281799316,30858,30868,10
12.9036302567,80.2281570435,30868,30878,10
12.9034795761,80.2281494141,30878,30888,10
12.9034099579,80.2281417847,30888,30898,10
12.9030599594,80.2281188965,30898,30908,10
12.9025297165,80.2281112671,30908,31040,132
12.9021997452,80.2279434204,31040,31080,40
12.9021997452,80.2279434204,31080,31090,10
12.9021902084,80.2279815674,31090,31100,10
12.9020299911,80.2279891968,31100,31110,10
12.9020204544,80.2279891968,31110,31120,10
12.9017801285,80.2279891968,31120,31131,11
12.9015197754,80.2279968262,31131,31141,10
12.901309967,80.2279663086,31141,31151,10
12.9009103775,80.2279815674,31151,31161,10
12.9004402161,80.2279815674,31161,31171,10
12.8998403549,80.2279281616,31171,31181,10
12.8992395401,80.2278900146,31181,31191,10
12.8988895416,80.227897644,31191,31211,20
12.8988895416,80.227897644,31211,31221,10
12.8986902237,80.227897644,31221,31230,9
12.8985004425,80.2278671265,31230,31242,12
12.8983097076,80.2278518677,31242,31252,10
12.8978500366,80.2278137207,31252,31262,10
12.8971395493,80.2277603149,31262,31272,10
12.896320343,80.227722168,31272,31282,10
12.8954000473,80.2276763916,31282,31292,10
12.8944797516,80.2276382446,31292,31302,10
12.893289566,80.2275695801,31302,31332,30
12.893289566,80.2275695801,31332,31343,11
12.8930997849,80.2274932861,31343,31353,10
12.8930797577,80.2274932861,31353,31363,10
12.8929901123,80.2275009155,31363,31373,10
12.8926000595,80.2274627686,31373,31383,10
12.8921804428,80.2274169922,31383,31393,10
12.8915700912,80.2273864746,31393,31403,10
12.8907604218,80.2273864746,31403,31413,10
12.8897800446,80.2273864746,31413,31423,10
12.8890199661,80.2274017334,31423,31433,10
12.8883399963,80.2273712158,31433,31443,10
12.8875102997,80.2272796631,31443,31454,11
12.8864402771,80.2270584106,31454,31464,10
12.8856801987,80.2268829346,31464,31474,10
12.8853797913,80.2268066406,31474,31484,10
12.885020256,80.2267532349,31484,31494,10
12.8844804764,80.2267303467,31494,31504,10
12.8836803436,80.2267074585,31504,31514,10
12.8827199936,80.2267227173,31514,31524,10
12.8815803528,80.2267303467,31524,31534,10
12.8803596497,80.2267379761,31534,31544,10
12.8793401718,80.2267913818,31544,31554,10
12.8785400391,80.2268295288,31554,31565,11
12.8779697418,80.226890564,31565,31575,10
12.8778400421,80.2268981934,31575,31585,10
12.8775596619,80.2269134521,31585,31595,10
12.8773202896,80.2269363403,31595,31625,30
12.8773202896,80.2269363403,31625,31635,10
12.8772001266,80.2269821167,31635,31645,10
12.8769598007,80.2269897461,31645,31655,10
12.8767499924,80.2269973755,31655,31666,11
12.8764801025,80.2270126343,31666,31676,10
12.8764295578,80.2270126343,31676,31686,10
12.8763599396,80.2269897461,31686,31696,10
12.8760404587,80.2269973755,31696,31706,10
12.8754301071,80.2269668579,31706,31716,10
12.8746004105,80.2268600464,31716,31726,10
12.8737401962,80.2267532349,31726,31736,10
12.8729896545,80.2267303467,31736,31746,10
12.8727998734,80.2267303467,31746,31756,10
12.8727703094,80.2267303467,31756,31767,11
12.8723497391,80.2267227173,31767,31777,10
12.8716602325,80.2266921997,31777,31787,10
12.8707799911,80.2266464233,31787,31797,10
12.8697500229,80.2265472412,31797,31807,10
12.8685998917,80.2264175415,31807,31817,10
12.867600441,80.2264404297,31817,31827,10
12.8667097092,80.2265396118,31827,31837,10
12.8657197952,80.2266387939,31837,31847,10
12.8646602631,80.2266082764,31847,31857,10
12.8635997772,80.2265472412,31857,31867,10
12.8625497818,80.2265625,31867,31877,10
12.8615102768,80.226600647,31877,31888,11
12.8608999252,80.2265701294,31888,31898,10
12.8608999252,80.2265625,31898,31908,10
12.8608102798,80.2265090942,31908,31918,10
12.8604402542,80.2265167236,31918,31928,10
12.8602895737,80.2265167236,31928,31938,10
12.8599700928,80.2264709473,31938,31948,10
12.8597602844,80.2264480591,31948,31958,10
12.8596000671,80.2264633179,31958,31968,10
12.8594398499,80.2264175415,31968,31978,10
12.8592300415,80.2263870239,31978,31989,11
12.8589401245,80.2263183594,31989,31999,10
12.8584299088,80.2262573242,31999,32009,10
12.8577003479,80.2262573242,32009,32019,10
12.8568496704,80.2263412476,32019,32029,10
12.8558702469,80.2264404297,32029,32039,10
12.8547401428,80.2265701294,32039,32049,10
12.8535003662,80.2266921997,32049,32059,10
12.852230072,80.2266769409,32059,32069,10
12.8510704041,80.2266387939,32069,32078,9
12.8503198624,80.2266235352,32078,32110,32
12.8503198624,80.2266235352,32110,32120,10
12.8499698639,80.2266082764,32120,32130,10
12.8493299484,80.226600647,32130,32140,10
12.8484697342,80.226600647,32140,32150,10
12.8474502563,80.226600647,32150,32160,10
12.8466796875,80.2266235352,32160,32170,10
12.8464899063,80.2266235352,32170,32180,10
12.8462495804,80.2266235352,32180,32190,10
12.8459196091,80.2266235352,32190,32201,11
12.8456401825,80.226600647,32201,32211,10
12.8452396393,80.2266311646,32211,32251,40
12.8452396393,80.2266311646,32251,32261,10
12.8449201584,80.2266616821,32261,32271,10
12.8443202972,80.2266769409,32271,32281,10
12.8435401917,80.2267379761,32281,32291,10
12.8426198959,80.2269515991,32291,32302,11
12.8414297104,80.2272491455,32302,32312,10
12.8406095505,80.2274932861,32312,32372,60
12.8401603699,80.2276000977,32372,32443,71
12.8398103714,80.2276992798,32443,32463,20
12.8398103714,80.2276992798,32463,32473,10
12.8394298553,80.2278137207,32473,32483,10
12.8387699127,80.2279891968,32483,32493,10
12.8379001617,80.2282333374,32493,32503,10
12.8368701935,80.2283782959,32503,32513,10
12.8357896805,80.2285003662,32513,32524,11
12.8345098495,80.2286834717,32524,32534,10
12.8333597183,80.2288894653,32534,32544,10
12.8326702118,80.229057312,32544,32675,131
12.8326702118,80.229057312,32675,32685,10
12.8324203491,80.2291030884,32685,32695,10
12.831990242,80.2291488647,32695,32705,10
12.8316001892,80.2292404175,32705,32715,10
12.8309001923,80.2294616699,32715,32725,10
12.8299999237,80.2297897339,32725,32735,10
12.8289299011,80.2302398682,32735,32746,11
12.8276901245,80.2309265137,32746,32756,10
12.8265600204,80.2313308716,32756,32766,10
12.8253097534,80.2313995361,32766,32776,10
12.8239803314,80.2312011719,32776,32786,10
12.8226203918,80.2307815552,32786,32796,10
12.8213396072,80.23046875,32796,32806,10
12.8202495575,80.2304611206,32806,32816,10
12.8192796707,80.230506897,32816,32826,10
12.8189296722,80.2304916382,32826,32836,10
12.8188800812,80.23046875,32836,32847,11
12.8184604645,80.2302627563,32847,32857,10
12.8177204132,80.2299499512,32857,32867,10
12.8167104721,80.2295837402,32867,32877,10
12.8154602051,80.2293701172,32877,32887,10
12.8140897751,80.2291412354,32887,32897,10
12.8127098083,80.2286987305,32897,32907,10
12.8113899231,80.2282104492,32907,32917,10
12.8102197647,80.2277374268,32917,32927,10
12.8090696335,80.2271499634,32927,32937,10
12.8079900742,80.226272583,32937,32947,10
12.8070297241,80.2254486084,32947,32958,11
12.8062095642,80.2247161865,32958,32968,10
12.8049697876,80.2240066528,32968,32988,20
12.8049697876,80.2240066528,32988,32998,10
12.8047103882,80.2239608765,32998,33008,10
12.8040895462,80.2238922119,33008,33018,10
12.8032598495,80.2238235474,33018,33028,10
12.8021802902,80.2236785889,33028,33038,10
12.8010196686,80.2235870361,33038,33058,20
12.8010196686,80.2235870361,33058,33069,11
12.8008403778,80.2235717773,33069,33079,10
12.8002595901,80.2235336304,33079,33089,10
12.7994604111,80.2234573364,33089,33099,10
12.7983798981,80.2233200073,33099,33109,10
12.797249794,80.2231674194,33109,33119,10
12.7962799072,80.2229919434,33119,33129,10
12.7958898544,80.2229385376,33129,33139,10
12.7956199646,80.2228775024,33139,33149,10
12.7949399948,80.2227706909,33149,33159,10
12.793970108,80.2226028442,33159,33170,11
12.7926397324,80.2223892212,33170,33180,10
12.7913999557,80.2220993042,33180,33190,10
12.7902402878,80.2218322754,33190,33200,10
12.7894496918,80.2215805054,33200,33210,10
12.7885904312,80.2212600708,33210,33220,10
12.7878103256,80.2209472656,33220,33230,10
12.7869997025,80.2206497192,33230,33250,20
12.7869997025,80.2206497192,33250,33260,10
12.7868204117,80.2205505371,33260,33270,10
12.7868003845,80.2205429077,33270,33281,11
12.7866201401,80.220489502,33281,33291,10
12.7862997055,80.2203521729,33291,33301,10
12.7859897614,80.2201919556,33301,33311,10
12.7855701447,80.2199783325,33311,33321,10
12.785200119,80.219833374,33321,33331,10
12.7847299576,80.2196273804,33331,33351,20
12.7847299576,80.2196273804,33351,33361,10
12.7844800949,80.2195129395,33361,33371,10
12.783949852,80.2192001343,33371,33381,10
12.783200264,80.2187805176,33381,33392,11
12.7821302414,80.2181930542,33392,33402,10
12.7810201645,80.2175827026,33402,33412,10
12.77987957,80.2169570923,33412,33422,10
12.7787399292,80.2163391113,33422,33432,10
12.7775802612,80.2157974243,33432,33442,10
12.7763996124,80.2153015137,33442,33452,10
12.7752103806,80.2148590088,33452,33462,10
12.7739095688,80.2143173218,33462,33472,10
12.7725696564,80.2137908936,33472,33482,10
12.7713699341,80.2133636475,33482,33492,10
12.7707595825,80.2129974365,33492,33503,11
12.7708396912,80.2128829956,33503,33513,10
12.7709703445,80.2125015259,33513,33523,10
12.7710800171,80.2117767334,33523,33533,10
12.7714796066,80.2108612061,33533,33543,10
12.7719802856,80.2099304199,33543,33553,10
12.7723903656,80.2088012695,33553,33563,10
12.7727203369,80.207611084,33563,33573,10
12.7729701996,80.2066421509,33573,33583,10
12.7732696533,80.2055206299,33583,33593,10
12.7734498978,80.2043991089,33593,33604,11
12.7734804153,80.2041015625,33604,33614,10
12.7735595703,80.2035217285,33614,33624,10
12.7737598419,80.2026824951,33624,33634,10
12.7738599777,80.2015686035,33634,33644,10
12.7739696503,80.2004165649,33644,33654,10
12.7740697861,80.19921875,33654,33664,10
12.7741699219,80.1980361938,33664,33674,10
12.7742004395,80.1971435547,33674,33684,10
12.7742204666,80.1967010498,33684,33694,10
12.7742204666,80.1966094971,33694,33704,10
12.7742395401,80.1960601807,33704,33715,11
12.7743196487,80.1951828003,33715,33725,10
12.7744998932,80.1943206787,33725,33735,10
12.7746200562,80.1937866211,33735,33745,10
12.7748403549,80.1931381226,33745,33755,10
12.7753601074,80.1923828125,33755,33765,10
12.775270462,80.1916427612,33765,33775,10
12.7749900818,80.1908187866,33775,33785,10
12.7743396759,80.1901016235,33785,33795,10
12.7735700607,80.1895217896,33795,33805,10
12.7725801468,80.1891098022,33805,33816,11
12.7715101242,80.1887435913,33816,33826,10
12.7710599899,80.1880722046,33826,33836,10
12.770939827,80.1871566772,33836,33846,10
12.7708301544,80.1862869263,33846,33856,10
12.7707595825,80.1854629517,33856,33866,10
12.7706203461,80.1846923828,33866,33876,10
12.7700901031,80.1845397949,33876,33886,10
12.7693996429,80.1843032837,33886,33896,10
12.7688598633,80.1839599609,33896,33906,10
12.7684202194,80.1835479736,33906,33916,10
12.767950058,80.1833267212,33916,33927,11
12.7672901154,80.1831130981,33927,33937,10
12.7666797638,80.1828231812,33937,33947,10
12.7660398483,80.1826477051,33947,33957,10
12.7654495239,80.1826019287,33957,33967,10
12.7647800446,80.182510376,33967,33977,10
12.7641401291,80.1824111938,33977,33987,10
12.763589859,80.1823577881,33987,33997,10
12.7634000778,80.1829071045,33997,34007,10
12.7632303238,80.1834793091,34007,34017,10
12.7631797791,80.1836013794,34017,34027,10
12.7630796432,80.1839065552,34027,34037,10
12.7630596161,80.1843185425,34037,34048,11
12.7630395889,80.1847686768,34048,34058,10
12.7627801895,80.184967041,34058,34068,10
12.7623996735,80.1849136353,34068,34078,10
12.7619600296,80.1849136353,34078,34088,10
12.7615604401,80.1848602295,34088,34098,10
12.7615499496,80.1846923828,34098,34986,888
12.7615499496,80.1846923828,34986,34996,10
12.7618103027,80.1848907471,34996,35007,11
12.762260437,80.1849136353,35007,35017,10
12.7626800537,80.1849594116,35017,35027,10
12.763010025,80.1848220825,35027,35037,10
12.7630395889,80.1844177246,35037,35047,10
12.7630195618,80.1840286255,35047,35057,10
12.7631196976,80.1836624146,35057,35067,10
12.7631797791,80.1835021973,35067,35077,10
12.7632598877,80.1831817627,35077,35087,10
12.763420105,80.1826019287,35087,35097,10
12.7638196945,80.1824188232,35097,35107,10
12.7644395828,80.1824874878,35107,35118,11
12.7652301788,80.1825714111,35118,35128,10
12.7659702301,80.1826705933,35128,35138,10
12.7666301727,80.1828079224,35138,35148,10
12.7673397064,80.1831436157,35148,35158,10
12.767999649,80.1833572388,35158,35168,10
12.7685699463,80.1836929321,35168,35178,10
12.7690496445,80.1841125488,35178,35188,10
12.7692499161,80.1842193604,35188,35198,10
12.7694702148,80.1843109131,35198,35208,10
12.7699604034,80.1845016479,35208,35218,10
12.7705402374,80.1846466064,35218,35229,11
12.7707195282,80.184967041,35229,35239,10
12.7707700729,80.1856613159,35239,35249,10
12.7708597183,80.1864776611,35249,35259,10
12.7709598541,80.1873092651,35259,35269,10
12.7711000443,80.1883392334,35269,35279,10
12.7718200684,80.188911438,35279,35289,10
12.7728099823,80.1892700195,35289,35299,10
12.7737598419,80.1895980835,35299,35309,10
12.7744398117,80.1901931763,35309,35319,10
12.7750701904,80.1909408569,35319,35329,10
12.7753095627,80.1917037964,35329,35340,11
12.7753896713,80.1924667358,35340,35350,10
12.7749595642,80.1930618286,35350,35360,10
12.7747001648,80.1937332153,35360,35370,10
12.7746801376,80.1937866211,35370,35380,10
12.7746400833,80.1939315796,35380,35390,10
12.7745103836,80.1945419312,35390,35400,10
12.774310112,80.1953582764,35400,35410,10
12.7742395401,80.1962738037,35410,35420,10
12.7742004395,80.1972579956,35420,35430,10
12.7741699219,80.1982803345,35430,35441,11
12.7740602493,80.1994476318,35441,35451,10
12.7739801407,80.2005004883,35451,35461,10
12.7739200592,80.2011566162,35461,35471,10
12.7739200592,80.201171875,35471,35481,10
12.7738895416,80.2015228271,35481,35491,10
12.7738399506,80.2022323608,35491,35501,10
12.7736797333,80.2032089233,35501,35511,10
12.7734804153,80.2043762207,35511,35521,10
12.7733297348,80.2054824829,35521,35531,10
12.7730503082,80.2065505981,35531,35540,9
12.7728099823,80.2074432373,35540,35552,12
12.7725095749,80.2084503174,35552,35562,10
12.772190094,80.2094726563,35562,35572,10
12.7717103958,80.2105102539,35572,35582,10
12.7712497711,80.2114486694,35582,35592,10
12.7709999084,80.2122497559,35592,35602,10
12.770819664,80.2129821777,35602,35612,10
12.770939827,80.2131195068,35612,35622,10
12.7712602615,80.2132415771,35622,35632,10
12.7719202042,80.213470459,35632,35642,10
12.7727499008,80.2137680054,35642,35652,10
12.773730278,80.2141876221,35652,35663,11
12.7750196457,80.2147064209,35663,35673,10
12.776260376,80.2152175903,35673,35683,10
12.7774000168,80.2156906128,35683,35693,10
12.7785196304,80.216178894,35693,35703,10
12.7795600891,80.2167205811,35703,35713,10
12.7806301117,80.217300415,35713,35723,10
12.7817802429,80.2179336548,35723,35733,10
12.7828502655,80.2185211182,35733,35743,10
12.7838897705,80.2190933228,35743,35753,10
12.7847700119,80.219581604,35753,35764,11
12.7854995728,80.2199630737,35764,35774,10
12.786239624,80.2202987671,35774,35794,20
12.786239624,80.2202987671,35794,35804,10
12.7863798141,80.2204208374,35804,35814,10
12.7864303589,80.220451355,35814,35824,10
12.786649704,80.2205276489,35824,35844,20
12.786649704,80.2205276489,35844,35854,10
12.7869100571,80.2206192017,35854,35864,10
12.7872896194,80.220741272,35864,35875,11
12.7879400253,80.2209625244,35875,35885,10
12.7887001038,80.2211990356,35885,35895,10
12.7895097733,80.2214736938,35895,35905,10
12.7900800705,80.2216796875,35905,35915,10
12.7908201218,80.2218780518,35915,35925,10
12.7918701172,80.2221603394,35925,35935,10
12.7930297852,80.2223968506,35935,35945,10
12.7941904068,80.2225570679,35945,35955,10
12.7952899933,80.2227325439,35955,35965,10
12.7960700989,80.2228775024,35965,35975,10
12.7966499329,80.2229690552,35975,35986,11
12.7974395752,80.2231216431,35986,35996,10
12.7983798981,80.2232437134,35996,36006,10
12.7995195389,80.2233734131,36006,36016,10
12.8005895615,80.2234725952,36016,36026,10
12.8013896942,80.2235412598,36026,36036,10
12.8021602631,80.2236328125,36036,36046,10
12.8031902313,80.2237701416,36046,36056,10
12.8038797379,80.2238388062,36056,36066,10
12.804479599,80.2238922119,36066,36076,10
12.8055200577,80.2241134644,36076,36097,21
12.8055200577,80.2241134644,36097,36107,10
12.8056402206,80.2242202759,36107,36117,10
12.8060703278,80.2245483398,36117,36127,10
12.8067398071,80.225151062,36127,36137,10
12.80768013,80.2259597778,36137,36147,10
12.8087301254,80.2268295288,36147,36157,10
12.8099498749,80.2276000977,36157,36167,10
12.8113298416,80.2281723022,36167,36177,10
12.8127603531,80.2286834717,36177,36187,10
12.8142299652,80.2291412354,36187,36198,11
12.8159303665,80.2294006348,36198,36208,10
12.817440033,80.2297363281,36208,36218,10
12.8187799454,80.2303619385,36218,36228,10
12.8198699951,80.230430603,36228,36238,10
12.8200101852,80.230430603,36238,36248,10
12.8206195831,80.2304229736,36248,36258,10
12.8215904236,80.23046875,36258,36268,10
12.8227996826,80.2307662964,36268,36278,10
12.8241500854,80.2311401367,36278,36288,10
12.8255796432,80.2313537598,36288,36298,10
12.827050209,80.2312011719,36298,36309,11
12.8282499313,80.2305908203,36309,36319,10
12.8293504715,80.2300262451,36319,36329,10
12.8309497833,80.2293930054,36329,36440,111
12.8309497833,80.2293930054,36440,36450,10
12.8312597275,80.2292785645,36450,36460,10
12.8316898346,80.2291488647,36460,36470,10
12.832449913,80.2289810181,36470,36480,10
12.8335103989,80.2287902832,36480,36490,10
12.8347797394,80.2285614014,36490,36500,10
12.8361701965,80.2283477783,36500,36510,10
12.8376197815,80.2281188965,36510,36520,10
12.8387804031,80.2278366089,36520,36531,11
12.8392896652,80.2276306152,36531,36541,10
12.8395204544,80.2275466919,36541,36551,10
12.8395299911,80.2275466919,36551,36561,10
12.8397502899,80.2275085449,36561,36571,10
12.8403596878,80.227432251,36571,36581,10
12.8412504196,80.2272033691,36581,36591,10
12.8423700333,80.2269363403,36591,36601,10
12.8436603546,80.2266998291,36601,36611,10
12.8449001312,80.2265396118,36611,36620,9
12.8453903198,80.2265167236,36620,36632,12
12.8455896378,80.2265167236,36632,36652,20
12.8455896378,80.2265167236,36652,36662,10
12.8459501266,80.2265167236,36662,36672,10
12.8466300964,80.2265090942,36672,36682,10
12.8475799561,80.2265167236,36682,36692,10
12.8486003876,80.2265167236,36692,36702,10
12.8494901657,80.2265090942,36702,36712,10
12.8503799438,80.2265090942,36712,36722,10
12.8515195847,80.2265319824,36722,36732,10
12.8528404236,80.226600647,36732,36743,11
12.8544101715,80.2264785767,36743,36753,10
12.8558797836,80.22631073,36753,36763,10
12.8572702408,80.2261734009,36763,36773,10
12.8581800461,80.2261199951,36773,36783,10
12.8584699631,80.2261505127,36783,36793,10
12.859120369,80.2262191772,36793,36803,10
12.8600597382,80.2263717651,36803,36813,10
12.860830307,80.2264785767,36813,36823,10
12.8617296219,80.2264862061,36823,36833,10
12.8629198074,80.2264175415,36833,36843,10
12.8642501831,80.2264480591,36843,36854,11
12.8658399582,80.2264862061,36854,36864,10
12.8672304153,80.2263717651,36864,36874,10
12.8687200546,80.22631073,36874,36884,10
12.8702497482,80.2264785767,36884,36894,10
12.8717002869,80.2265701294,36894,36904,10
12.8727502823,80.2265701294,36904,36914,10
12.8729095459,80.2265777588,36914,36924,10
12.8731498718,80.226600647,36924,36934,10
12.8737802505,80.2266387939,36934,36944,10
12.8746795654,80.2267379761,36944,36953,9
12.8755998611,80.226852417,36953,36965,12
12.876449585,80.2268600464,36965,36975,10
12.8768396378,80.2268371582,36975,36985,10
12.877530098,80.2267837524,36985,36995,10
12.8784999847,80.2266998291,36995,37005,10
12.8797101974,80.2266693115,37005,37015,10
12.8810596466,80.2266616821,37015,37025,10
12.8824996948,80.2266464233,37025,37035,10
12.8838796616,80.2266235352,37035,37045,10
12.8849601746,80.2266082764,37045,37055,10
12.8852396011,80.2266082764,37055,37066,11
12.8855600357,80.2266616821,37066,37076,10
12.8861999512,80.2268371582,37076,37086,10
12.887140274,80.2270736694,37086,37096,10
12.8882799149,80.2272262573,37096,37106,10
12.8895196915,80.2272720337,37106,37116,10
12.8908395767,80.2272491455,37116,37126,10
12.8920202255,80.2272567749,37126,37136,10
12.892950058,80.2273330688,37136,37146,10
12.894109726,80.2274703979,37146,37156,10
12.8954000473,80.2275466919,37156,37165,9
12.896490097,80.2276229858,37165,37177,12
12.8980102539,80.2276992798,37177,37187,10
12.8993797302,80.2277908325,37187,37207,20
12.8993797302,80.2277908325,37207,37217,10
12.8996095657,80.2278366089,37217,37227,10
12.9001102448,80.2278594971,37227,37237,10
12.900639534,80.2278823853,37237,37247,10
12.9010801315,80.2279129028,37247,37257,10
12.901550293,80.2279510498,37257,37267,10
12.9022598267,80.2279586792,37267,37277,10
12.902680397,80.2279510498,37277,37288,11
12.9027700424,80.2279586792,37288,37298,10
12.9032802582,80.2279815674,37298,37308,10
12.904009819,80.228012085,37308,37318,10
12.9049100876,80.2281036377,37318,37328,10
12.9055995941,80.2281417847,37328,37338,10
12.9060697556,80.2281799316,37338,37348,10
12.9063596725,80.228187561,37348,37358,10
12.9067001343,80.2282028198,37358,37368,10
12.9070501328,80.2282409668,37368,37378,10
12.9074401855,80.2283172607,37378,37389,11
12.9083995819,80.2284469604,37389,37399,10
12.9095697403,80.2286376953,37399,37409,10
12.9109296799,80.228843689,37409,37419,10
12.9122495651,80.2290115356,37419,37429,10
12.9136600494,80.2291793823,37429,37449,20
12.9136600494,80.2291793823,37449,37459,10
12.9138202667,80.2292327881,37459,37469,10
12.9142599106,80.229309082,37469,37479,10
12.9150896072,80.2294311523,37479,37489,10
12.9162101746,80.229598999,37489,37500,11
12.9176502228,80.2297821045,37500,37510,10
12.918800354,80.2299423218,37510,37520,10
12.9194002151,80.2300186157,37520,37530,10
12.9201602936,80.2301101685,37530,37540,10
12.9211502075,80.2302322388,37540,37550,10
12.9223804474,80.2304077148,37550,37560,10
12.9237003326,80.2305984497,37560,37570,10
12.9249601364,80.2307434082,37570,37580,10
12.926030159,80.2308807373,37580,37590,10
12.9262504578,80.2309036255,37590,37600,10
12.9266796112,80.2309494019,37600,37611,11
12.9275102615,80.2310562134,37611,37621,10
12.9284696579,80.2311782837,37621,37631,10
12.9294996262,80.2313766479,37631,37641,10
12.9307003021,80.2316818237,37641,37651,10
12.9318199158,80.2320404053,37651,37661,10
12.9327497482,80.2323226929,37661,37671,10
12.9335298538,80.2326202393,37671,37691,20
12.9335298538,80.2326202393,37691,37701,10
12.9338197708,80.2328262329,37701,37711,10
12.9354600906,80.233581543,37711,37722,11
12.9354600906,80.233581543,37722,37732,10
12.9357099533,80.2337188721,37732,37742,10
12.9361200333,80.2339172363,37742,37753,11
12.9369802475,80.2342910767,37753,37763,10
12.9379301071,80.2347335815,37763,37773,10
12.9390001297,80.2352600098,37773,37783,10
12.9396495819,80.2355880737,37783,37793,10
12.9396800995,80.2356185913,37793,37803,10
12.9398298264,80.2357177734,37803,37813,10
12.9401702881,80.2358398438,37813,37824,11
12.9409999847,80.2360610962,37824,37834,10
12.9420099258,80.236289978,37834,37844,10
12.9431200027,80.2368011475,37844,37854,10
12.9440698624,80.23777771,37854,37864,10
12.945019722,80.2387924194,37864,37874,10
12.9460201263,80.2394638062,37874,37884,10
12.9469995499,80.2398376465,37884,37894,10
12.9472799301,80.2399597168,37894,37904,10
12.9475402832,80.2400588989,37904,37914,10
12.9482498169,80.2403488159,37914,37985,71
12.9482498169,80.2403488159,37985,37995,10
12.9483804703,80.2403869629,37995,38005,10
12.9486703873,80.2405090332,38005,38015,10
12.9490604401,80.2406768799,38015,38025,10
12.9496002197,80.2408905029,38025,38035,10
12.9503498077,80.2411193848,38035,38046,11
12.9510803223,80.2413635254,38046,38056,10
12.9514598846,80.2414703369,38056,38066,10
12.9519796371,80.2416610718,38066,38076,10
12.9527301788,80.2419433594,38076,38086,10
12.9535198212,80.2422485352,38086,38096,10
12.9542303085,80.2425308228,38096,38106,10
12.9550199509,80.2428283691,38106,38116,10
12.9558095932,80.2430877686,38116,38126,10
12.9563703537,80.2432479858,38126,38136,10
12.9564695358,80.2433013916,38136,38147,11
12.9571504593,80.2436218262,38147,38157,10
12.9579200745,80.2439804077,38157,38167,10
12.9585399628,80.2442398071,38167,38177,10
12.9589700699,80.2444381714,38177,38187,10
12.9590997696,80.2445297241,38187,38197,10
12.9595899582,80.2447814941,38197,38207,10
12.9603595734,80.2451095581,38207,38217,10
12.9613399506,80.245552063,38217,38227,10
12.962220192,80.2459716797,38227,38237,10
12.9625396729,80.2461395264,38237,38247,10
12.9625797272,80.2461700439,38247,38258,11
12.9628601074,80.2462921143,38258,38268,10
12.9631900787,80.2464370728,38268,38348,80
12.9631900787,80.2464370728,38348,38358,10
12.9633703232,80.2465896606,38358,38369,11
12.9638700485,80.2467880249,38369,38379,10
12.9644699097,80.2470092773,38379,38389,10
12.9653196335,80.2472686768,38389,38399,10
12.9667196274,80.2478485107,38399,38419,20
12.9667196274,80.2478485107,38419,38429,10
12.9670200348,80.248008728,38429,38439,10
12.9675703049,80.2482528687,38439,38449,10
12.9684095383,80.248588562,38449,38458,9
12.9693803787,80.2489395142,38458,38470,12
12.9707698822,80.2495117188,38470,38480,10
12.9718198776,80.2498092651,38480,38490,10
12.9728002548,80.2500534058,38490,38500,10
12.9736995697,80.2503204346,38500,38510,10
12.9744596481,80.250541687,38510,38520,10
12.9754800797,80.2508087158,38520,38530,10
12.9765901566,80.2511062622,38530,38540,10
12.9776096344,80.2515716553,38540,38550,10
12.9785604477,80.2522964478,38550,38570,20
12.9785604477,80.2522964478,38570,38581,11
12.9786195755,80.2523269653,38581,38591,10
12.9790697098,80.2524871826,38591,38601,10
12.9794301987,80.2525405884,38601,38621,20
12.9794301987,80.2525405884,38621,38631,10
12.9797296524,80.2525787354,38631,38641,10
12.9801101685,80.2526092529,38641,38651,10
12.9806804657,80.2526092529,38651,38661,10
12.9818296432,80.2525634766,38661,38893,232
12.9818296432,80.2525634766,38893,38904,11
12.9820899963,80.252532959,38904,38914,10
12.9824895859,80.2525177002,38914,38924,10
12.9828701019,80.2525024414,38924,38934,10
12.9832897186,80.252456665,38934,38944,10
12.9839296341,80.2523117065,38944,38954,10
12.9845399857,80.2521514893,38954,38964,10
12.9851303101,80.2520065308,38964,38974,10
12.9856901169,80.2518386841,38974,38984,10
12.9861402512,80.2517318726,38984,38994,10
12.986579895,80.2516403198,38994,39004,10
12.9870004654,80.2515411377,39004,39015,11
12.9873199463,80.2514419556,39015,39297,282
12.9873199463,80.2514419556,39297,39307,10
12.9876003265,80.251411438,39307,39317,10
12.9879102707,80.2515563965,39317,39327,10
12.9880399704,80.2521972656,39327,39338,11
12.9879398346,80.2533035278,39338,39348,10
12.987859726,80.2542572021,39348,39358,10
12.987830162,80.2551422119,39358,39368,10
12.987859726,80.2557220459,39368,39378,10
12.9883899689,80.2557983398,39378,39388,10
12.9888696671,80.255859375,39388,39398,10
12.9891004562,80.255897522,39398,39408,10
12.9896802902,80.2558898926,39408,39418,10
12.9904899597,80.2558898926,39418,39428,10
12.9914398193,80.2559585571,39428,39438,10
12.9926595688,80.2559585571,39438,39449,11
12.9937295914,80.2559127808,39449,39459,10
12.9945697784,80.255859375,39459,39469,10
12.9955997467,80.2558135986,39469,39499,30
12.9955997467,80.2558135986,39499,39509,10
12.9956197739,80.2558364868,39509,39519,10
12.9956502914,80.2558364868,39519,39529,10
12.9959602356,80.255821228,39529,39539,10
12.9963302612,80.2558135986,39539,39549,10
12.9971704483,80.2558288574,39549,39580,31
12.9975404739,80.2558898926,39580,39630,50
12.9975404739,80.2558898926,39630,39640,10
12.9977302551,80.2559814453,39640,39650,10
12.9977302551,80.2562332153,39650,39660,10
12.9977798462,80.2566680908,39660,39671,11
12.9978399277,80.2570800781,39671,39711,40
12.9978399277,80.2570800781,39711,39721,10
12.9976196289,80.2570571899,39721,39842,121
12.9976196289,80.2570571899,39842,39852,10
12.9975004196,80.2567672729,39852,39883,31
12.9975700378,80.2565765381,39883,39963,80
12.9975700378,80.2565765381,39963,39973,10
12.9977703094,80.2565231323,39973,39983,10
12.9979600906,80.2569274902,39983,39994,11
12.9974803925,80.256980896,39994,40004,10
12.9971399307,80.2569198608,40004,40093,89
12.9971399307,80.2569198608,40093,40105,12
12.9970598221,80.2571334839,40105,40206,101
12.9970703125,80.2569503784,40206,40236,30
12.9970703125,80.2569503784,40236,40246,10
12.9973497391,80.2568206787,40246,40256,10
12.9975996017,80.256652832,40256,40266,10
12.9976396561,80.2565002441,40266,40305,39
12.9976396561,80.2565002441,40305,40317,12
12.997710228,80.2561721802,40317,40327,10
12.9976396561,80.2559890747,40327,40337,10
12.9972400665,80.2559585571,40337,40347,10
12.9967002869,80.2559280396,40347,40357,10
12.995929718,80.2559127808,40357,40367,10
12.9952096939,80.2559204102,40367,40377,10
12.9945402145,80.2559280396,40377,40387,10
12.9941902161,80.2559890747,40387,40397,10
12.9935998917,80.2560119629,40397,40407,10
12.9926595688,80.2560577393,40407,40416,9
12.9916496277,80.2560501099,40416,40428,12
12.9906997681,80.2560272217,40428,40438,10
12.9900598526,80.2559967041,40438,40448,10
12.9892196655,80.2559585571,40448,40458,10
12.9882698059,80.2559127808,40458,40468,10
12.9880599976,80.2558898926,40468,40478,10
12.987950325,80.2558670044,40478,40488,10
12.9877796173,80.255821228,40488,40498,10
12.9874296188,80.2557373047,40498,40508,10
12.9868097305,80.2556304932,40508,40518,10
12.9861402512,80.255531311,40518,40539,21
12.9861402512,80.255531311,40539,40549,10
12.9857902527,80.2554473877,40549,40559,10
12.9851398468,80.2553100586,40559,40569,10
12.9846200943,80.2551803589,40569,40579,10
12.9843301773,80.2550888062,40579,40589,10
12.9838399887,80.254989624,40589,40599,10
12.9833202362,80.2548522949,40599,40609,10
12.9826097488,80.2546310425,40609,40619,10
12.982000351,80.2540435791,40619,40629,10
12.9817495346,80.253112793,40629,40640,11
12.9809703827,80.2527999878,40640,40650,10
12.9805402756,80.2527999878,40650,40660,10
12.9799203873,80.252746582,40660,40670,10
12.9786901474,80.2526092529,40670,40690,20
12.9786901474,80.2526092529,40690,40700,10
12.9784097672,80.2524414063,40700,40710,10
12.9778203964,80.2519683838,40710,40720,10
12.9769001007,80.251373291,40720,40730,10
12.9756402969,80.2509765625,40730,40740,10
12.9742603302,80.2506027222,40740,40751,11
12.9728097916,80.2501983643,40751,40761,10
12.9717102051,80.2499313354,40761,40771,10
12.971159935,80.2498321533,40771,40781,10
12.971039772,80.2498168945,40781,40791,10
12.9709396362,80.2498321533,40791,40801,10
12.970580101,80.2497329712,40801,40811,10
12.9698696136,80.2494430542,40811,40821,10
12.9688997269,80.2490692139,40821,40831,10
12.9677295685,80.2485275269,40831,40841,10
12.9668197632,80.2481307983,40841,40851,10
12.9661998749,80.2478179932,40851,40862,11
12.9654302597,80.2475280762,40862,40872,10
12.9653100967,80.2474822998,40872,40882,10
12.9650497437,80.2473526001,40882,40892,10
12.9644203186,80.2471084595,40892,40912,20
12.9644203186,80.2471084595,40912,40922,10
12.9641103745,80.2470016479,40922,40952,30
12.9641103745,80.2470016479,40952,40963,11
12.9638900757,80.2469100952,40963,40973,10
12.9635696411,80.2467803955,40973,40983,10
12.9630002975,80.2464981079,40983,40993,10
12.9620895386,80.2460632324,40993,41003,10
12.9610795975,80.2455825806,41003,41013,10
12.9601602554,80.2451629639,41013,41023,10
12.9592599869,80.2447509766,41023,41033,10
12.9582004547,80.2442932129,41033,41043,10
12.9577798843,80.2441177368,41043,41053,10
12.9572200775,80.2439575195,41053,41062,9
12.9568595886,80.2438735962,41062,41114,52
12.9568595886,80.2438735962,41114,41124,10
12.9563999176,80.2437210083,41124,41144,20
12.9563999176,80.2437210083,41144,41154,10
12.9559803009,80.243522644,41154,41164,10
12.9553003311,80.2431335449,41164,41173,9
12.9545001984,80.2427520752,41173,41185,12
12.953499794,80.2423400879,41185,41195,10
12.9524898529,80.2419433594,41195,41205,10
12.9517698288,80.2417068481,41205,41215,10
12.9516801834,80.2416610718,41215,41225,10
12.9512395859,80.2415237427,41225,41235,10
12.9504804611,80.2412872314,41235,41245,10
12.9494800568,80.2409667969,41245,41255,10
12.9485797882,80.2406234741,41255,41265,10
12.9475297928,80.2401885986,41265,41275,10
12.9470701218,80.2400131226,41275,41286,11
12.9465999603,80.2398071289,41286,41296,10
12.9458703995,80.2394866943,41296,41306,10
12.9450101852,80.2389602661,41306,41316,10
12.9441404343,80.2380371094,41316,41326,10
12.9432001114,80.2369995117,41326,41336,10
12.9418697357,80.2363510132,41336,41346,10
12.9404697418,80.2360076904,41346,41387,41
12.9368495941,80.2343902588,41387,41406,19
12.9344596863,80.2332992554,41406,41417,11
12.9337501526,80.232963562,41417,41427,10
12.933719635,80.2329406738,41427,41437,10
12.933380127,80.232749939,41437,41447,10
12.9327096939,80.2324676514,41447,41457,10
12.9317598343,80.2321472168,41457,41467,10
12.9305496216,80.2317581177,41467,41477,10
12.9293699265,80.2314834595,41477,41487,10
12.9282102585,80.2312393188,41487,41497,10
12.9269599915,80.2310791016,41497,41508,11
12.9258298874,80.2309570313,41508,41518,10
12.9246702194,80.2308425903,41518,41528,10
12.9233198166,80.2306594849,41528,41538,10
12.9218902588,80.2304229736,41538,41548,10
12.920419693,80.2302322388,41548,41558,10
12.9190502167,80.2300491333,41558,41568,10
12.9176301956,80.2298583984,41568,41578,10
12.9162397385,80.2296829224,41578,41588,10
12.9148101807,80.2294921875,41588,41598,10
12.9133901596,80.2293319702,41598,41629,31
12.9133901596,80.2293319702,41629,41639,10
12.9131803513,80.2292861938,41639,41649,10
12.9125995636,80.2291870117,41649,41659,10
12.9116201401,80.2290420532,41659,41669,10
12.9104099274,80.2288818359,41669,41679,10
12.909070015,80.2286834717,41679,41689,10
12.9077701569,80.2284698486,41689,41699,10
12.9068803787,80.2283630371,41699,41740,41
12.9068803787,80.2283630371,41740,41750,10
12.9067697525,80.2283096313,41750,41760,10
12.9063100815,80.2282791138,41760,41770,10
12.905500412,80.2282485962,41770,41780,10
12.9044599533,80.2281723022,41780,41790,10
12.9035100937,80.2281265259,41790,41800,10
12.9028997421,80.2281188965,41800,41810,10
12.9028501511,80.2281188965,41810,41820,10
12.902680397,80.2281112671,41820,41831,11
12.9022302628,80.2280807495,41831,41841,10
12.9018201828,80.2280731201,41841,41851,10
12.9013996124,80.2279968262,41851,41861,10
12.90102005,80.2279205322,41861,41871,10
12.9005002975,80.2279510498,41871,41881,10
12.8999099731,80.2279434204,41881,41891,10
12.8993797302,80.2279281616,41891,41901,10
12.8992795944,80.2279205322,41901,41911,10
12.8989601135,80.2279281616,41911,41921,10
12.8982696533,80.2278594971,41921,41931,10
12.8973398209,80.2277908325,41931,41942,11
12.8960504532,80.2277297974,41942,41952,10
12.8949098587,80.2276687622,41952,41962,10
12.8937101364,80.2275924683,41962,41972,10
12.8930101395,80.2275085449,41972,41982,10
12.8925600052,80.2274627686,41982,41992,10
12.892539978,80.2274703979,41992,42002,10
12.8922796249,80.2274398804,42002,42012,10
12.8917303085,80.2273864746,42012,42022,10
12.8908596039,80.2273712158,42022,42032,10
12.8897104263,80.2273788452,42032,42042,10
12.8883895874,80.2273712158,42042,42053,11
12.8868598938,80.2271728516,42053,42063,10
12.8856401443,80.2268676758,42063,42073,10
12.8848600388,80.2267684937,42073,42083,10
12.8847303391,80.2267608643,42083,42093,10
12.8842401505,80.2267303467,42093,42103,10
12.8834295273,80.2267303467,42103,42113,10
12.8823299408,80.2267303467,42113,42123,10
12.8810300827,80.2267303467,42123,42133,10
12.8796100616,80.2267532349,42133,42143,10
12.8781995773,80.2268295288,42143,42153,10
12.8769798279,80.2269287109,42153,42164,11
12.8764400482,80.2269897461,42164,42174,10
12.8761396408,80.2270126343,42174,42184,10
12.8754701614,80.2269821167,42184,42194,10
12.8745203018,80.2268600464,42194,42204,10
12.8733997345,80.2267532349,42204,42214,10
12.8727397919,80.2267303467,42214,42224,10
12.8727197647,80.2267303467,42224,42234,10
12.8723602295,80.2267227173,42234,42244,10
12.8716897964,80.2266998291,42244,42253,9
12.8708696365,80.2266616821,42253,42265,12
12.8694696426,80.2265167236,42265,42275,10
12.8682098389,80.2264175415,42275,42285,10
12.866979599,80.2264862061,42285,42295,10
12.8657903671,80.2266311646,42295,42305,10
12.8644895554,80.2265777588,42305,42315,10
12.8631000519,80.2265167236,42315,42325,10
12.8617601395,80.226600647,42325,42335,10
12.8605203629,80.2265777588,42335,42345,10
12.8593397141,80.2264175415,42345,42355,10
12.8583297729,80.2263031006,42355,42365,10
12.8571100235,80.2263412476,42365,42376,11
12.8556098938,80.2265014648,42376,42386,10
12.8541698456,80.2266464233,42386,42396,10
12.8526697159,80.2267227173,42396,42406,10
12.8511600494,80.2266387939,42406,42416,10
12.8499498367,80.2265930176,42416,42426,10
12.8498897552,80.226600647,42426,42436,10
12.8494501114,80.2266235352,42436,42446,10
12.8486700058,80.2266082764,42446,42456,10
12.8475599289,80.2266235352,42456,42466,10
12.8463096619,80.2266387939,42466,42476,10
12.8454999924,80.2266616821,42476,42507,31
12.8454999924,80.2266616821,42507,42517,10
12.8452100754,80.2266235352,42517,42527,10
12.8445396423,80.2266769409,42527,42537,10
12.8436002731,80.2267837524,42537,42547,10
12.84237957,80.2269821167,42547,42557,10
12.8410396576,80.2272720337,42557,42567,10
12.8401298523,80.2275772095,42567,42577,10
12.8398199081,80.2276916504,42577,42586,9
12.839630127,80.2277374268,42586,42598,12
12.8388795853,80.2279281616,42598,42608,10
12.8379497528,80.2281570435,42608,42618,10
12.8367300034,80.2283477783,42618,42628,10
12.8353595734,80.2285919189,42628,42638,10
12.8340702057,80.2287979126,42638,42648,10
12.8329696655,80.2289962769,42648,42658,10
12.8323802948,80.2291412354,42658,42668,10
12.8322696686,80.2291564941,42668,42678,10
12.8317403793,80.2292709351,42678,42688,10
12.8310899734,80.2294616699,42688,42699,11
12.8301496506,80.2297668457,42699,42709,10
12.8290100098,80.2302398682,42709,42719,10
12.8277597427,80.2309188843,42719,42729,10
12.8263702393,80.2313766479,42729,42739,10
12.8248500824,80.2314224243,42739,42749,10
12.8234796524,80.2310791016,42749,42759,10
12.8220901489,80.2306365967,42759,42769,10
12.8206796646,80.2304763794,42769,42779,10
12.8194904327,80.2304992676,42779,42789,10
12.8183898926,80.2302627563,42789,42799,10
12.8171901703,80.2297134399,42799,42810,11
12.8156499863,80.2293777466,42810,42820,10
12.814160347,80.2291412354,42820,42830,10
12.8126897812,80.2286834717,42830,42840,10
12.8112201691,80.2281417847,42840,42850,10
12.8097400665,80.2275314331,42850,42860,10
12.8084201813,80.2266311646,42860,42870,10
12.80727005,80.2256622314,42870,42880,10
12.8064603806,80.2249298096,42880,42890,10
12.8058900833,80.2244262695,42890,42900,10
12.805270195,80.2240905762,42900,42909,9
12.8051996231,80.224067688,42909,42921,12
12.8047399521,80.223991394,42921,42931,10
12.8040800095,80.2239532471,42931,42941,10
12.8032197952,80.2238616943,42941,42951,10
12.8021602631,80.2237167358,42951,42961,10
12.8012599945,80.2236480713,42961,42971,10
12.8011198044,80.2236480713,42971,42981,10
12.8009500504,80.2236175537,42981,42991,10
12.800359726,80.2235794067,42991,43001,10
12.7996702194,80.2235336304,43001,43011,10
12.798740387,80.2233581543,43011,43021,10
12.7971200943,80.2231521606,43021,43032,11
12.7960500717,80.2229537964,43032,43042,10
12.7958898544,80.2229232788,43042,43052,10
12.7957201004,80.2229003906,43052,43062,10
12.7951402664,80.2228012085,43062,43072,10
12.7942695618,80.22265625,43072,43082,10
12.7931995392,80.2225189209,43082,43092,10
12.7919998169,80.2222900391,43092,43102,10
12.7907400131,80.2219696045,43102,43112,10
12.7897796631,80.2217330933,43112,43122,10
12.7891597748,80.2215118408,43122,43131,9
12.7885198593,80.2212371826,43131,43143,12
12.787779808,80.220993042,43143,43153,10
12.7872896194,80.2208023071,43153,43163,10
12.7872600555,80.2207870483,43163,43171,8
12.7871799469,80.2207565308,43171,43183,12
12.786939621,80.2206573486,43183,43193,10
12.7867097855,80.2205734253,43193,43213,20
12.7867097855,80.2205734253,43213,43223,10
12.7863397598,80.2203826904,43223,43233,10
12.7860298157,80.2202529907,43233,43244,11
12.7856302261,80.2200775146,43244,43254,10
12.7851200104,80.219833374,43254,43264,10
12.7847003937,80.2196273804,43264,43314,50
12.7847003937,80.2196273804,43314,43324,10
12.7843399048,80.2193984985,43324,43334,10
12.7836904526,80.219039917,43334,43344,10
12.7827796936,80.2185592651,43344,43355,11
12.7815504074,80.2178726196,43355,43365,10
12.7803201675,80.2172012329,43365,43375,10
12.7791795731,80.2166290283,43375,43385,10
12.7781801224,80.2161178589,43385,43395,10
12.7770900726,80.2156219482,43395,43405,10
12.7758903503,80.2151184082,43405,43415,10
12.7746496201,80.2146072388,43415,43425,10
12.7734098434,80.2141189575,43425,43435,10
12.7722101212,80.2136535645,43435,43445,10
12.7710895538,80.2132720947,43445,43455,10
12.7707195282,80.2131195068,43455,43466,11
12.7708101273,80.2129364014,43466,43476,10
12.7708997726,80.2127838135,43476,43486,10
12.7709598541,80.212562561,43486,43496,10
12.7710199356,80.2121429443,43496,43506,10
12.7712602615,80.2113876343,43506,43516,10
12.7716798782,80.2105484009,43516,43526,10
12.7721595764,80.2095413208,43526,43536,10
12.7724895477,80.2084503174,43536,43546,10
12.7728004456,80.207359314,43546,43556,10
12.7730503082,80.2064208984,43556,43566,10
12.7730903625,80.2063064575,43566,43577,11
12.7731599808,80.2060699463,43577,43587,10
12.7732896805,80.2054901123,43587,43597,10
12.7734298706,80.2047424316,43597,43607,10
12.7735300064,80.203742981,43607,43617,10
12.7737798691,80.2026062012,43617,43627,10
12.7738704681,80.2015914917,43627,43637,10
12.7739200592,80.2009429932,43637,43647,10
12.7739896774,80.2001495361,43647,43657,10
12.7740602493,80.1992416382,43657,43667,10
12.7741603851,80.1981735229,43667,43678,11
12.7741804123,80.1973266602,43678,43688,10
12.7742300034,80.1964569092,43688,43698,10
12.7742900848,80.1954574585,43698,43708,10
12.7743997574,80.1948623657,43708,43718,10
12.7744398117,80.1946868896,43718,43728,10
12.7745399475,80.1941375732,43728,43738,10
12.7747497559,80.1934127808,43738,43748,10
12.7751197815,80.192779541,43748,43758,10
12.7753295898,80.1920928955,43758,43768,10
12.7752599716,80.1915512085,43768,43778,10
12.7749700546,80.1908035278,43778,43789,11
12.7748804092,80.1906661987,43789,43799,10
12.7747802734,80.190536499,43799,43809,10
12.7743997574,80.1901626587,43809,43819,10
12.7739295959,80.189666748,43819,43829,10
12.7732400894,80.1894378662,43829,43839,10
12.7724599838,80.1890792847,43839,43849,10
12.7715902328,80.1887588501,43849,43859,10
12.7710895538,80.1881790161,43859,43869,10
12.7709703445,80.1873321533,43869,43879,10
12.7708597183,80.1865081787,43879,43889,10
12.7707901001,80.1858978271,43889,43900,11
12.7707595825,80.1850585938,43900,43910,10
12.7704801559,80.1846313477,43910,43920,10
12.7698602676,80.1845016479,43920,43930,10
12.7692499161,80.1842422485,43930,43940,10
12.7688903809,80.1839981079,43940,43950,10
12.7685098648,80.1836471558,43950,43960,10
12.7681102753,80.1834106445,43960,43970,10
12.7676401138,80.1832427979,43970,43980,10
12.767539978,80.1831970215,43980,43990,10
12.7674703598,80.1831817627,43990,44000,10
12.7670497894,80.1830215454,44000,44011,11
12.7664203644,80.1827392578,44011,44021,10
12.7657899857,80.1826324463,44021,44031,10
12.7651901245,80.1825485229,44031,44041,10
12.7645702362,80.1824798584,44041,44051,10
12.7640199661,80.1824111938,44051,44061,10
12.7635803223,80.1824798584,44061,44071,10
12.763420105,80.1828994751,44071,44081,10
12.763250351,80.1834182739,44081,44091,10
12.7632303238,80.1834564209,44091,44101,10
12.7631902695,80.1835403442,44101,44111,10
12.7630395889,80.1838531494,44111,44122,11
12.7629899979,80.1842422485,44122,44132,10
12.763010025,80.1846084595,44132,44142,10
12.7629003525,80.1849365234,44142,44152,10
12.7625799179,80.1849365234,44152,44162,10
12.7621603012,80.184928894,44162,44172,10
12.761759758,80.1849212646,44172,44182,10
12.7615404129,80.184677124,44182,44747,565
12.7615404129,80.184677124,44747,44757,10
12.7617101669,80.1848907471,44757,44768,11
12.7620000839,80.1849136353,44768,44778,10
12.7622900009,80.1849136353,44778,44788,10
12.7625703812,80.1849517822,44788,44798,10
12.7628602982,80.1849899292,44798,44808,10
12.763010025,80.1847076416,44808,44818,10
12.7630300522,80.184387207,44818,44828,10
12.763010025,80.1841278076,44828,44838,10
12.7630596161,80.183883667,44838,44848,10
12.7631502151,80.1836013794,44848,44858,10
12.7631998062,80.1834716797,44858,44868,10
12.7633199692,80.1830673218,44868,44879,11
12.7634601593,80.1825180054,44879,44889,10
12.7638397217,80.1824417114,44889,44899,10
12.7644395828,80.1824874878,44899,44909,10
12.765080452,80.1825485229,44909,44919,10
12.7657804489,80.1826477051,44919,44929,10
12.7664499283,80.182762146,44929,44939,10
12.7670402527,80.1830215454,44939,44949,10
12.7676496506,80.1832427979,44949,44959,10
12.768289566,80.1835021973,44959,44969,10
12.7687597275,80.1838912964,44969,44979,10
12.7691802979,80.1841964722,44979,44990,11
12.7692899704,80.1842498779,44990,45000,10
12.7696800232,80.1844177246,45000,45010,10
12.7702302933,80.1845932007,45010,45020,10
12.7706203461,80.1846923828,45020,45030,10
12.7706699371,80.184753418,45030,45040,10
12.7707395554,80.1851882935,45040,45050,10
12.7707595825,80.1859588623,45050,45060,10
12.7708797455,80.1868133545,45060,45070,10
12.7710199356,80.1878814697,45070,45080,10
12.7714195251,80.1887512207,45080,45089,9
12.7722702026,80.1890487671,45089,45101,12
12.773639679,80.1895675659,45101,45111,10
12.7745704651,80.1903533936,45111,45121,10
12.7751903534,80.1912918091,45121,45131,10
12.7753696442,80.1921691895,45131,45141,10
12.7751903534,80.1927719116,45141,45151,10
12.7747602463,80.1935119629,45151,45161,10
12.7746801376,80.1937713623,45161,45171,10
12.774600029,80.1940917969,45171,45181,10
12.7744598389,80.1948165894,45181,45191,10
12.7742595673,80.1958312988,45191,45202,11
12.7742099762,80.1970977783,45202,45212,10
12.7741699219,80.1982269287,45212,45222,10
12.7740602493,80.1993789673,45222,45232,10
12.7739601135,80.2005615234,45232,45242,10
12.7738704681,80.2016220093,45242,45252,10
12.7737798691,80.2027587891,45252,45262,10
12.7735300064,80.2038803101,45262,45272,10
12.7733898163,80.2050094604,45272,45282,10
12.7732000351,80.2059783936,45282,45292,10
12.7728996277,80.2069778442,45292,45302,10
12.772649765,80.207901001,45302,45313,11
12.772359848,80.2089080811,45313,45323,10
12.7720003128,80.2099533081,45323,45333,10
12.7715997696,80.2106933594,45333,45343,10
12.7714595795,80.2109603882,45343,45353,10
12.7712097168,80.2115478516,45353,45363,10
12.7709598541,80.2121200562,45363,45373,10
12.7708501816,80.2127609253,45373,45383,10
12.7709503174,80.2131118774,45383,45393,10
12.7709598541,80.2131195068,45393,45402,9
12.7711601257,80.2132415771,45402,45413,11
12.7717599869,80.2134475708,45413,45424,11
12.7726402283,80.2137832642,45424,45434,10
12.7736501694,80.2141571045,45434,45444,10
12.7746295929,80.2145385742,45444,45454,10
12.775639534,80.2149734497,45454,45464,10
12.7767295837,80.2154006958,45464,45474,10
12.7778396606,80.2158584595,45474,45484,10
12.7788896561,80.2163696289,45484,45494,10
12.7799797058,80.2169876099,45494,45504,10
12.7811498642,80.2176208496,45504,45514,10
12.7822799683,80.21824646,45514,45524,10
12.7832698822,80.218788147,45524,45535,11
12.7841396332,80.219291687,45535,45545,10
12.7847499847,80.2196426392,45545,45555,10
12.7853002548,80.219909668,45555,45565,10
12.7857103348,80.220123291,45565,45575,10
12.7860097885,80.2202301025,45575,45585,10
12.7863702774,80.2203903198,45585,45625,40
12.7863702774,80.2203903198,45625,45634,9
12.7869701385,80.2206497192,45634,45666,32
12.7869701385,80.2206497192,45666,45676,10
12.7871103287,80.2207183838,45676,45686,10
12.7874403,80.2208328247,45686,45696,10
12.7879199982,80.2209777832,45696,45706,10
12.7885398865,80.221206665,45706,45716,10
12.7892799377,80.2214889526,45716,45726,10
12.7897796631,80.2216720581,45726,45736,10
12.7900104523,80.2217483521,45736,45747,11
12.7905197144,80.221862793,45747,45757,10
12.7913198471,80.2220306396,45757,45767,10
12.7924098969,80.2223129272,45767,45777,10
12.7934904099,80.2224578857,45777,45787,10
12.7945404053,80.22265625,45787,45797,10
12.7955598831,80.2228317261,45797,45807,10
12.7963199615,80.2229232788,45807,45817,10
12.7964200974,80.2229537964,45817,45827,10
12.7967500687,80.2229995728,45827,45837,10
12.7973804474,80.2231369019,45837,45847,10
12.7981996536,80.2232437134,45847,45858,11
12.7993097305,80.2233505249,45858,45868,10
12.8002700806,80.223449707,45868,45878,10
12.8009500504,80.2235107422,45878,45888,10
12.8013801575,80.2235565186,45888,45898,10
12.8016395569,80.2235794067,45898,45908,10
12.80189991,80.2236175537,45908,45918,10
12.8024597168,80.2237014771,45918,45928,10
12.8028097153,80.223739624,45928,45938,10
12.8033103943,80.2238006592,45938,45948,10
12.8038797379,80.2238388062,45948,45958,10
12.8043899536,80.2238922119,45958,45969,11
12.8049898148,80.2239685059,45969,45979,10
12.8054599762,80.2240982056,45979,45989,10
12.8054704666,80.2240982056,45989,45999,10
12.8056297302,80.2241897583,45999,46009,10
12.8059997559,80.2244796753,46009,46019,10
12.8066902161,80.2250671387,46019,46029,10
12.8076400757,80.2258682251,46029,46039,10
12.8086500168,80.2267303467,46039,46049,10
12.8097295761,80.2274780273,46049,46059,10
12.810959816,80.228012085,46059,46069,10
12.8122396469,80.228477478,46069,46080,11
12.8135900497,80.2289428711,46080,46090,10
12.8147497177,80.2292098999,46090,46100,10
12.8159103394,80.2293777466,46100,46110,10
12.817150116,80.2296295166,46110,46120,10
12.8183498383,80.2301712036,46120,46130,10
12.8194198608,80.2304382324,46130,46140,10
12.8197402954,80.230430603,46140,46150,10
12.819899559,80.2304229736,46150,46160,10
12.820520401,80.2304000854,46160,46170,10
12.8214597702,80.230430603,46170,46180,10
12.822640419,80.2307281494,46180,46191,11
12.8241195679,80.2311401367,46191,46201,10
12.8255195618,80.2313537598,46201,46211,10
12.826880455,80.2312011719,46211,46221,10
12.8282003403,80.2305984497,46221,46231,10
12.8294696808,80.2299575806,46231,46241,10
12.8305397034,80.2295379639,46241,46251,10
12.8308801651,80.2294082642,46251,46261,10
12.8311500549,80.2293624878,46261,46271,10
12.8317203522,80.2291870117,46271,46281,10
12.8325004578,80.229019165,46281,46292,11
12.8336896896,80.2287979126,46292,46302,10
12.8349895477,80.2285690308,46302,46312,10
12.8363800049,80.2283477783,46312,46322,10
12.8378000259,80.2281188965,46322,46332,10
12.8389501572,80.2278137207,46332,46342,10
12.8395299911,80.2276229858,46342,46352,10
12.8402099609,80.2275085449,46352,46362,10
12.8411502838,80.2272567749,46362,46372,10
12.8422403336,80.2270278931,46372,46382,10
12.8436002731,80.2267608643,46382,46391,9
12.8447198868,80.2265930176,46391,46403,12
12.8455295563,80.2265319824,46403,46413,10
12.8455896378,80.2265167236,46413,46423,10
12.8460702896,80.2265167236,46423,46433,10
12.8469295502,80.2265090942,46433,46443,10
12.8480501175,80.2265014648,46443,46453,10
12.8493299484,80.2265167236,46453,46463,10
12.8507204056,80.2265319824,46463,46473,10
12.8521795273,80.2266082764,46473,46483,10
12.853679657,80.226600647,46483,46493,10
12.8551702499,80.2264404297,46493,46502,9
12.8565101624,80.2262878418,46502,46514,12
12.8580904007,80.2261581421,46514,46524,10
12.8592700958,80.226272583,46524,46534,10
12.8603601456,80.2264175415,46534,46544,10
12.8607902527,80.2264633179,46544,46554,10
12.8608703613,80.2264862061,46554,46564,10
12.861240387,80.2265167236,46564,46574,10
12.8620004654,80.2265090942,46574,46584,10
12.8630599976,80.2264404297,46584,46594,10
12.8643398285,80.2264862061,46594,46604,10
12.8657598495,80.2265167236,46604,46613,9
12.8670701981,80.2264328003,46613,46625,12
12.8688201904,80.2263412476,46625,46635,10
12.8702402115,80.2265014648,46635,46645,10
12.8714799881,80.2265701294,46645,46655,10
12.8729200363,80.2266082764,46655,46675,20
12.8729200363,80.2266082764,46675,46685,10
12.873049736,80.2266311646,46685,46695,10
12.8735599518,80.2266464233,46695,46705,10
12.8743495941,80.2267303467,46705,46715,10
12.8753204346,80.2268676758,46715,46726,11
12.8763399124,80.2268981934,46726,46736,10
12.8765802383,80.2268676758,46736,46746,10
12.8769197464,80.2268829346,46746,46756,10
12.877699852,80.2268218994,46756,46766,10
12.8787899017,80.2267379761,46766,46776,10
12.8800897598,80.2266998291,46776,46786,10
12.8814697266,80.2266769409,46786,46796,10
12.8828601837,80.2266464233,46796,46806,10
12.88422966,80.2266235352,46806,46816,10
12.8850498199,80.2266082764,46816,46826,10
12.8850803375,80.2266235352,46826,46837,11
12.885430336,80.2266769409,46837,46847,10
12.8861398697,80.226852417,46847,46857,10
12.8870897293,80.2270889282,46857,46867,10
12.8881998062,80.2272491455,46867,46877,10
12.8894300461,80.2272796631,46877,46887,10
12.8908100128,80.2272872925,46887,46897,10
12.8921203613,80.2273025513,46897,46907,10
12.8934202194,80.2274398804,46907,46917,10
12.8947601318,80.2275772095,46917,46927,10
12.8960695267,80.2276306152,46927,46937,10
12.8973999023,80.2276916504,46937,46948,11
12.8988599777,80.2277679443,46948,46958,10
12.8998403549,80.2278137207,46958,46968,10
12.9005002975,80.2278213501,46968,47018,50
12.9005002975,80.2278213501,47018,47028,10
12.9007701874,80.2278366089,47028,47038,10
12.9011602402,80.2278594971,47038,47048,10
12.9016599655,80.2278900146,47048,47059,11
12.9022502899,80.2279434204,47059,47069,10
12.9027395248,80.2279434204,47069,47079,10
12.9035997391,80.2280197144,47079,47089,10
12.9047298431,80.2280807495,47089,47099,10
12.9061899185,80.2281188965,47099,47129,30
12.9061899185,80.2281188965,47129,47139,10
12.90625,80.2280807495,47139,47148,9
12.90666008,80.2281036377,47148,47160,12
12.9076700211,80.228302002,47160,47170,10
12.9088201523,80.2285079956,47170,47180,10
12.9101896286,80.2287521362,47180,47190,10
12.9116201401,80.2289810181,47190,47200,10
12.913020134,80.2291793823,47200,47210,10
12.914270401,80.2293395996,47210,47220,10
12.9153499603,80.2294921875,47220,47230,10
12.9165401459,80.2296218872,47230,47240,10
12.917889595,80.2298126221,47240,47250,10
12.9193296432,80.2300186157,47250,47260,10
12.9208202362,80.2302093506,47260,47271,11
12.9224004745,80.2304229736,47271,47281,10
12.9237604141,80.2306213379,47281,47291,10
12.9251003265,80.230796814,47291,47301,10
12.9264497757,80.2309494019,47301,47311,10
12.9277095795,80.2310714722,47311,47321,10
12.9287700653,80.2312164307,47321,47331,10
12.9298801422,80.2314682007,47331,47341,10
12.9310398102,80.2317886353,47341,47351,10
12.9322395325,80.2321929932,47351,47361,10
12.9332103729,80.2325210571,47361,47371,10
12.9334497452,80.2326278687,47371,47382,11
12.9336795807,80.232749939,47382,47392,10
12.9343299866,80.2330474854,47392,47402,10
12.935259819,80.2334899902,47402,47412,10
12.9360303879,80.2338485718,47412,47422,10
12.9368801117,80.2342605591,47422,47432,10
12.9379997253,80.2347793579,47432,47442,10
12.9391403198,80.2353591919,47442,47452,10
12.9398097992,80.2356491089,47452,47462,10
12.9399995804,80.2357330322,47462,47471,9
12.9404201508,80.2358779907,47471,47483,12
12.9413499832,80.2361068726,47483,47493,10
12.9423503876,80.2363815308,47493,47503,10
12.9432401657,80.2368927002,47503,47513,10
12.9440402985,80.2377166748,47513,47523,10
12.9448299408,80.2385787964,47523,47533,10
12.9456596375,80.2392883301,47533,47543,10
12.9466495514,80.2397079468,47543,47553,10
12.9472904205,80.2399597168,47553,47563,10
12.9473495483,80.2399902344,47563,47573,10
12.947640419,80.2401428223,47573,47583,10
12.9482803345,80.2403793335,47583,47594,11
12.9487895966,80.2405319214,47594,47614,20
12.9487895966,80.2405319214,47614,47624,10
12.9489803314,80.2406616211,47624,47634,10
12.9495401382,80.2408599854,47634,47644,10
12.9504003525,80.2411422729,47644,47654,10
12.9511299133,80.2413711548,47654,47664,10
12.9512300491,80.2414016724,47664,47674,10
12.9517602921,80.2415924072,47674,47684,10
12.952580452,80.2418899536,47684,47693,9
12.9534502029,80.2422027588,47693,47705,12
12.954369545,80.2425765991,47705,47715,10
12.9550600052,80.2428436279,47715,47725,10
12.9558601379,80.2431030273,47725,47735,10
12.9562997818,80.2432403564,47735,47745,10
12.9564504623,80.2433013916,47745,47755,10
12.9570398331,80.243598938,47755,47765,10
12.9577999115,80.2439727783,47765,47775,10
12.9585599899,80.2442779541,47775,47785,10
12.9587497711,80.2444076538,47785,47795,10
12.9588298798,80.244468689,47795,47806,11
12.9591798782,80.2446212769,47806,47816,10
12.9598903656,80.2449798584,47816,47826,10
12.9608802795,80.2454223633,47826,47836,10
12.9619903564,80.2459564209,47836,47846,10
12.9628095627,80.2463302612,47846,47856,10
12.9634504318,80.2466430664,47856,47866,10
12.9639596939,80.2468566895,47866,47876,10
12.9647502899,80.2471084595,47876,47886,10
12.9652996063,80.2472991943,47886,47896,10
12.9660396576,80.2476119995,47896,47906,10
12.9665899277,80.2478485107,47906,47917,11
12.9668502808,80.2479705811,47917,47927,10
12.967089653,80.2480621338,47927,47937,10
12.9677000046,80.2483291626,47937,47947,10
12.9686002731,80.2487030029,47947,47957,10
12.9696302414,80.2490921021,47957,47967,10
12.9704999924,80.2494735718,47967,47977,10
12.9714698792,80.2497634888,47977,47987,10
12.9725599289,80.250038147,47987,47997,10
12.9733695984,80.2502822876,47997,48007,10
12.9740200043,80.2504196167,48007,48017,10
12.9749202728,80.2506790161,48017,48028,11
12.9762001038,80.2510223389,48028,48038,10
12.9772996902,80.2514190674,48038,48048,10
12.978099823,80.2520294189,48048,48058,10
12.9788703918,80.2524795532,48058,48068,10
12.9795303345,80.252571106,48068,48078,10
12.9798603058,80.2526016235,48078,48088,10
12.9804897308,80.2526168823,48088,48098,10
12.9813404083,80.2526016235,48098,48108,10
12.982049942,80.252571106,48108,48118,10
12.982339859,80.2525482178,48118,48128,10
12.9826698303,80.2525482178,48128,48139,11
12.9830303192,80.2525177002,48139,48149,10
12.9832601547,80.2525024414,48149,48159,10
12.9834299088,80.2524719238,48159,48169,10
12.9837398529,80.2524108887,48169,48179,10
12.9843797684,80.2522125244,48179,48189,10
12.9853096008,80.251953125,48189,48199,10
12.9861803055,80.2517089844,48199,48522,323
12.9861803055,80.2517089844,48522,48532,10
12.9863796234,80.2516174316,48532,48542,10
12.9866600037,80.2515792847,48542,48552,10
12.9868803024,80.2515182495,48552,48562,10
12.9871301651,80.2514572144,48562,48573,11
12.9874200821,80.2513809204,48573,48583,10
12.9877300262,80.2513427734,48583,48593,10
12.9879398346,80.2517471313,48593,48602,9
12.9880104065,80.252281189,48602,48613,11
12.9879302979,80.2530517578,48613,48623,10
12.9878501892,80.25390625,48623,48633,10
12.9878101349,80.2546234131,48633,48643,10
12.9877996445,80.2546615601,48643,48653,10
12.9877796173,80.255027771,48653,48662,9
12.9877595901,80.2553405762,48662,48674,12
12.9879398346,80.2557296753,48674,48684,10
12.9880895615,80.2557678223,48684,48694,10
12.9884300232,80.2557983398,48694,48704,10
12.9888401031,80.2558364868,48704,48714,10
12.9894504547,80.2559127808,48714,48724,10
12.990070343,80.2559814453,48724,48734,10
12.9904603958,80.2559509277,48734,48744,10
12.9907798767,80.2559814453,48744,48754,10
12.9912204742,80.2559967041,48754,48764,10
12.9917001724,80.2560272217,48764,48774,10
12.9925403595,80.2559967041,48774,48785,11
12.9938297272,80.2558898926,48785,48795,10
12.9949398041,80.2558898926,48795,48835,40
12.9949398041,80.2558898926,48835,48845,10
12.9951601028,80.2558517456,48845,48855,10
12.9954204559,80.255821228,48855,48865,10
12.9960803986,80.2558517456,48865,48906,41
12.9960803986,80.2558517456,48906,48916,10
12.9962797165,80.2559204102,48916,48926,10
12.9966001511,80.2558670044,48926,48936,10
12.9969501495,80.255859375,48936,48946,10
12.9975004196,80.2558822632,48946,48966,20
12.9975004196,80.2558822632,48966,48976,10
12.9976902008,80.2560272217,48976,48986,10
12.9976997375,80.2563095093,48986,48997,11
12.9976100922,80.2566986084,48997,49007,10
12.9975299835,80.2571411133,49007,51419,2412
12.9975299835,80.2571411133,51419,51429,10
12.9977302551,80.2570571899,51429,51439,10
12.9976902008,80.2565765381,51439,51449,10
12.9976902008,80.2562713623,51449,51459,10
12.9977197647,80.2560577393,51459,51489,30
12.9977197647,80.2560577393,51489,51499,10
12.9981098175,80.2559585571,51499,51510,11
12.9985599518,80.2560424805,51510,51520,10
12.9986200333,80.2560501099,51520,51530,10
12.9988698959,80.2560806274,51530,51540,10
12.9993000031,80.2561416626,51540,51550,10
12.9997301102,80.256187439,51550,51560,10
13.0001602173,80.2563171387,51560,51570,10
13.0002498627,80.2563476563,51570,51580,10
13.0004301071,80.2563934326,51580,51590,10
13.00096035,80.2564620972,51590,51600,10
13.0015001297,80.2565383911,51600,51610,10
13.001999855,80.2566070557,51610,51621,11
13.002699852,80.256729126,51621,51631,10
13.0032901764,80.2568435669,51631,51641,10
13.0037002563,80.2569122314,51641,51651,10
13.004240036,80.2570877075,51651,51661,10
13.00481987,80.2571182251,51661,51671,10
13.0053796768,80.2572097778,51671,51681,10
13.0056200027,80.2573623657,51681,51691,10
13.0059499741,80.2574386597,51691,51701,10
13.006360054,80.2574920654,51701,51711,10
13.0064601898,80.2571563721,51711,51721,10
13.0064697266,80.2565002441,51721,51732,11
13.0064897537,80.2556304932,51732,51742,10
13.0065603256,80.2549362183,51742,51752,10
13.0065498352,80.2543869019,51752,51762,10
13.0065498352,80.2541809082,51762,51772,10
13.0065603256,80.2537994385,51772,51782,10
13.0065603256,80.2531585693,51782,51792,10
13.0065498352,80.2528991699,51792,51802,10
13.0066204071,80.2526168823,51802,51812,10
13.0066995621,80.252822876,51812,51822,10
13.0066699982,80.2531585693,51822,51833,11
13.0066699982,80.2531967163,51833,51843,10
13.0066204071,80.2537078857,51843,52065,222
13.0066204071,80.2537078857,52065,52075,10
13.0066795349,80.2539596558,52075,52085,10
13.0066795349,80.2543029785,52085,52095,10
13.0066404343,80.2548599243,52095,52115,20
13.0066099167,80.255279541,52115,52125,10
13.0066099167,80.255279541,52125,52135,10
13.0066003799,80.2561035156,52135,52144,9
13.0066404343,80.2571029663,52144,52196,52
13.0066404343,80.2571029663,52196,52206,10
13.0066604614,80.2573013306,52206,52216,10
13.0066204071,80.2575378418,52216,52226,10
13.0062999725,80.2575683594,52226,52236,10
13.0057497025,80.2574310303,52236,52246,10
13.0050897598,80.257270813,52246,52256,10
13.0043401718,80.2571105957,52256,52267,11
13.0036001205,80.256942749,52267,52277,10
13.0030298233,80.2568130493,52277,52287,10
13.0022001266,80.256652832,52287,52347,60
13.0022001266,80.256652832,52347,52357,10
13.0021400452,80.2566604614,52357,52367,10
13.0018796921,80.2566375732,52367,52378,11
13.001159668,80.2565307617,52378,52388,10
13.0002603531,80.256401062,52388,52398,10
12.9993696213,80.2562026978,52398,52408,10
12.9987297058,80.256072998,52408,52438,30
12.9987297058,80.256072998,52438,52448,10
12.9986400604,80.2560806274,52448,52458,10
12.9984798431,80.256072998,52458,52468,10
12.9979896545,80.2559661865,52468,52478,10
12.9974603653,80.2559432983,52478,52499,21
12.9974603653,80.2559432983,52499,52509,10
12.9971399307,80.255897522,52509,52519,10
12.9968004227,80.255897522,52519,52529,10
12.9963998795,80.2559127808,52529,52539,10
12.9960603714,80.2558898926,52539,52549,10
12.9956998825,80.2559280396,52549,52559,10
12.9952402115,80.2559280396,52559,52569,10
12.994509697,80.2559204102,52569,52579,10
12.9936199188,80.2559967041,52579,52589,10
12.9925699234,80.2560424805,52589,52600,11
12.9915599823,80.2560195923,52600,52610,10
12.9909896851,80.2560119629,52610,52620,10
12.9905395508,80.2559814453,52620,52630,10
12.9899196625,80.2559814453,52630,52640,10
12.9890499115,80.2558822632,52640,52650,10
12.988409996,80.2558288574,52650,52660,10
12.9881496429,80.2557983398,52660,52680,20
12.9881496429,80.2557983398,52680,52690,10
12.9878997803,80.2557907104,52690,52711,21
12.9878997803,80.2557907104,52711,52721,10
12.987830162,80.2557983398,52721,52731,10
12.9874696732,80.2557525635,52731,52741,10
12.986749649,80.2556228638,52741,52751,10
12.9861402512,80.2555084229,52751,52761,10
12.9860401154,80.2554626465,52761,52771,10
12.9856004715,80.2554016113,52771,52781,10
12.9848203659,80.2552185059,52781,52791,10
12.984000206,80.2550201416,52791,52801,10
12.9831495285,80.2547683716,52801,52812,11
12.9823598862,80.2545166016,52812,52822,10
12.9818696976,80.2538299561,52822,52832,10
12.9816198349,80.2529296875,52832,52842,10
12.9806804657,80.2527770996,52842,52852,10
12.9799499512,80.2527389526,52852,52862,10
12.9795398712,80.2526931763,52862,52872,10
12.9788503647,80.2526168823,52872,52882,10
12.9785604477,80.2525405884,52882,52892,10
12.9781303406,80.2522277832,52892,52902,10
12.9774599075,80.251663208,52902,52912,10
12.9764299393,80.2512130737,52912,52923,11
12.9750299454,80.2508163452,52923,52933,10
12.9736700058,80.2504501343,52933,52943,10
12.9722700119,80.2500534058,52943,52952,9
12.9709596634,80.2496871948,52952,52963,11
12.9693803787,80.249130249,52963,52973,10
12.9679498672,80.248588562,52973,52983,10
12.9666900635,80.248008728,52983,52993,10
12.9656600952,80.2475814819,52993,53003,10
12.9652004242,80.2473983765,53003,53013,10
12.9651699066,80.2473602295,53013,53023,10
12.9648199081,80.2472229004,53023,53034,11
12.9641704559,80.2470016479,53034,53044,10
12.9637899399,80.2468719482,53044,53064,20
12.9637899399,80.2468719482,53064,53074,10
12.9636201859,80.2467422485,53074,53084,10
12.9631204605,80.2464981079,53084,53094,10
12.9623003006,80.2461090088,53094,53104,10
12.9612398148,80.2456130981,53104,53114,10
12.9601402283,80.2451095581,53114,53124,10
12.9594202042,80.2448196411,53124,53135,11
12.9591999054,80.2446975708,53135,53145,10
12.9586296082,80.244430542,53145,53155,10
12.957909584,80.2441177368,53155,53165,10
12.9570302963,80.243850708,53165,53185,20
12.9570302963,80.243850708,53185,53195,10
12.9567899704,80.2438430786,53195,53276,81
12.9567899704,80.2438430786,53276,53286,10
12.9564304352,80.2437210083,53286,53296,10
12.9563102722,80.2436981201,53296,53306,10
12.9558801651,80.2434463501,53306,53316,10
12.9551496506,80.2430496216,53316,53326,10
12.9541702271,80.2426071167,53326,53336,10
12.9530801773,80.2421722412,53336,53346,10
12.9520397186,80.2417831421,53346,53357,11
12.9517097473,80.2416610718,53357,53367,10
12.9513597488,80.2415313721,53367,53377,10
12.9507102966,80.2413024902,53377,53387,10
12.9500398636,80.2411193848,53387,53397,10
12.9495801926,80.2409896851,53397,53407,10
12.9490604401,80.2408218384,53407,53417,10
12.9482603073,80.2404632568,53417,53427,10
12.9473199844,80.2400588989,53427,53437,10
12.9467601776,80.2398834229,53437,53447,10
12.9465303421,80.2397766113,53447,53458,11
12.9458799362,80.2394866943,53458,53468,10
12.9451398849,80.2390365601,53468,53478,10
12.9444103241,80.2382583618,53478,53488,10
12.9435796738,80.2373428345,53488,53498,10
12.9425897598,80.2365875244,53498,53508,10
12.9412403107,80.2361831665,53508,53518,10
12.9401197433,80.2359008789,53518,53528,10
12.9396896362,80.2357330322,53528,53538,10
12.9394397736,80.2356033325,53538,53548,10
12.9388198853,80.2352981567,53548,53558,10
12.937959671,80.2349014282,53558,53569,11
12.9367704391,80.2343063354,53569,53579,10
12.9360704422,80.2339782715,53579,53589,10
12.9359798431,80.2339477539,53589,53599,10
12.9357595444,80.2338409424,53599,53609,10
12.9351501465,80.2335510254,53609,53619,10
12.9342803955,80.2331619263,53619,53629,10
12.9338197708,80.2329483032,53629,53639,10
12.9337596893,80.2329330444,53639,53649,10
12.9332895279,80.2326965332,53649,53659,10
12.9325504303,80.2323913574,53659,53669,10
12.9315795898,80.2320709229,53669,53680,11
12.9302597046,80.2316436768,53680,53690,10
12.9293498993,80.2314376831,53690,53700,10
12.9283304214,80.2312469482,53700,53710,10
12.9271097183,80.2311019897,53710,53720,10
12.9261903763,80.231010437,53720,53730,10
12.926030159,80.2309494019,53730,53740,10
12.9255800247,80.2309036255,53740,53750,10
12.9248399734,80.2308578491,53750,53760,10
12.9238700867,80.2307434082,53760,53770,10
12.922659874,80.2305679321,53770,53780,10
12.9213895798,80.2303695679,53780,53791,11
12.9199800491,80.2301864624,53791,53801,10
12.9186201096,80.2300109863,53801,53811,10
12.9174804688,80.2298583984,53811,53821,10
12.9164199829,80.2297286987,53821,53831,10
12.9152803421,80.2295837402,53831,53841,10
12.9141998291,80.2294387817,53841,53851,10
12.9133996964,80.2293319702,53851,53861,10
12.913310051,80.2293167114,53861,53871,10
12.9130096436,80.2292709351,53871,53881,10
12.9123601913,80.2291564941,53881,53891,10
12.911359787,80.2289962769,53891,53902,11
12.9099597931,80.2287597656,53902,53912,10
12.9086303711,80.2285614014,53912,53922,10
12.9076004028,80.2283706665,53922,53932,10
12.9073600769,80.2283325195,53932,53942,10
12.9073295593,80.2283172607,53942,53952,10
12.9069595337,80.228302002,53952,53962,10
12.9064502716,80.2282562256,53962,53972,10
12.9056997299,80.2282714844,53972,53982,10
12.9045495987,80.2281570435,53982,53992,10
12.9033498764,80.2281188965,53992,54003,11
12.902009964,80.2280502319,54003,54013,10
12.9012098312,80.2279968262,54013,54033,20
12.9012098312,80.2279968262,54033,54043,10
12.9009399414,80.2279891968,54043,54053,10
12.9002799988,80.2279510498,54053,54063,10
12.8995199203,80.227897644,54063,54083,20
12.8995199203,80.227897644,54083,54093,10
12.8992004395,80.227897644,54093,54103,10
12.8985395432,80.2278671265,54103,54114,11
12.8975696564,80.2277908325,54114,54124,10
12.8964796066,80.2277526855,54124,54134,10
12.8952102661,80.2276916504,54134,54144,10
12.8939304352,80.2276000977,54144,54154,10
12.8928804398,80.2274627686,54154,54164,10
12.8921804428,80.2274017334,54164,54174,10
12.8912296295,80.2273788452,54174,54184,10
12.8900203705,80.2273788452,54184,54194,10
12.8886804581,80.2273788452,54194,54204,10
12.887260437,80.2272415161,54204,54214,10
12.8859500885,80.2269363403,54214,54225,11
12.8847703934,80.2267532349,54225,54235,10
12.8846101761,80.2267532349,54235,54245,10
12.88422966,80.2267532349,54245,54255,10
12.8834896088,80.2267532349,54255,54265,10
12.8824796677,80.2267532349,54265,54275,10
12.8812503815,80.2267608643,54275,54285,10
12.8798799515,80.2267684937,54285,54295,10
12.8784198761,80.2268295288,54295,54305,10
12.8770399094,80.2269515991,54305,54315,10
12.8764600754,80.2269973755,54315,54325,10
12.8762798309,80.2270126343,54325,54336,11
12.875579834,80.2269973755,54336,54346,10
12.8746700287,80.226890564,54346,54356,10
12.8734903336,80.2267532349,54356,54366,10
12.8723096848,80.2266998291,54366,54376,10
12.8709897995,80.2266616821,54376,54386,10
12.8695898056,80.2265319824,54386,54396,10
12.8682203293,80.2264175415,54396,54406,10
12.8668203354,80.2265472412,54406,54416,10
12.8654499054,80.2266464233,54416,54426,10
12.8641300201,80.2266235352,54426,54436,10
12.8629198074,80.2265472412,54436,54447,11
12.861579895,80.2266387939,54447,54457,10
12.8610200882,80.2266311646,54457,54467,10
12.8607501984,80.2266082764,54467,54477,10
12.8600597382,80.2265090942,54477,54487,10
12.8590497971,80.226348877,54487,54497,10
12.8582401276,80.226272583,54497,54507,10
12.8572101593,80.2263183594,54507,54517,10
12.8559703827,80.2264480591,54517,54527,10
12.8546199799,80.226600647,54527,54537,10
12.8532600403,80.2267379761,54537,54548,11
12.8518199921,80.2267227173,54548,54556,8
12.8507699966,80.2266464233,54556,54568,12
12.8493795395,80.2266082764,54568,54578,10
12.84815979,80.2266235352,54578,54588,10
12.8467702866,80.2266616821,54588,54598,10
12.8452701569,80.2266693115,54598,54618,20
12.8452701569,80.2266693115,54618,54628,10
12.8451099396,80.2266311646,54628,54638,10
12.8445701599,80.2266769409,54638,54648,10
12.8438196182,80.2267532349,54648,54659,11
12.8425798416,80.2269668579,54659,54669,10
12.8412704468,80.2272796631,54669,54679,10
12.8402099609,80.2275695801,54679,54689,10
12.839630127,80.2276763916,54689,54699,10
12.8390197754,80.2278823853,54699,54709,10
12.8382101059,80.2281036377,54709,54719,10
12.8371400833,80.2283172607,54719,54729,10
12.8358697891,80.2285232544,54729,54739,10
12.8344802856,80.2287521362,54739,54749,10
12.8331298828,80.2289886475,54749,54759,10
12.8322696686,80.2291717529,54759,54770,11
12.8321800232,80.2291793823,54770,54780,10
12.8317403793,80.2292633057,54780,54790,10
12.8309898376,80.2294769287,54790,54800,10
12.8299598694,80.2298278809,54800,54810,10
12.8287801743,80.2303314209,54810,54820,10
12.8275699615,80.2309799194,54820,54830,10
12.8262701035,80.2313613892,54830,54840,10
12.8248796463,80.2313995361,54840,54850,10
12.8236598969,80.2311401367,54850,54860,10
12.8223800659,80.2307434082,54860,54870,10
12.8210296631,80.23046875,54870,54881,11
12.8197402954,80.230506897,54881,54891,10
12.8189001083,80.230506897,54891,54901,10
12.8187999725,80.23046875,54901,54911,10
12.8183603287,80.2302627563,54911,54921,10
12.8175697327,80.2298965454,54921,54931,10
12.8164596558,80.2295379639,54931,54941,10
12.8151502609,80.2293395996,54941,54951,10
12.8137598038,80.2290725708,54951,54961,10
12.8123598099,80.2285766602,54961,54971,10
12.8109397888,80.2280731201,54971,54980,9
12.8097496033,80.2275695801,54980,54992,12
12.8084602356,80.2267227173,54992,55002,10
12.8074197769,80.2258377075,55002,55012,10
12.8064203262,80.2249603271,55012,55022,10
12.805560112,80.2242431641,55022,55032,10
12.8046598434,80.2239608765,55032,55042,10
12.8035802841,80.2238616943,55042,55052,10
12.8023195267,80.2237091064,55052,55062,10
12.8011102676,80.2236022949,55062,55072,10
12.7998600006,80.2234802246,55072,55082,10
12.7985496521,80.2233276367,55082,55093,11
12.7972698212,80.22315979,55093,55103,10
12.7960596085,80.2229537964,55103,55113,10
12.7947998047,80.2227630615,55113,55123,10
12.793419838,80.2225418091,55123,55133,10
12.7920198441,80.2222900391,55133,55143,10
12.7906503677,80.2219467163,55143,55153,10
12.7896604538,80.2217102051,55153,55163,10
12.789059639,80.2214736938,55163,55173,10
12.7882204056,80.2211303711,55173,55183,10
12.7873897552,80.2208023071,55183,55193,10
12.7862300873,80.2203521729,55193,55214,21
12.7862300873,80.2203521729,55214,55224,10
12.7859802246,80.2202682495,55224,55234,10
12.7859401703,80.2202377319,55234,55244,10
12.7858495712,80.2201766968,55244,55254,10
12.7854404449,80.2199935913,55254,55264,10
12.7846603394,80.2196273804,55264,55294,30
12.7846603394,80.2196273804,55294,55304,10
12.7843704224,80.2194671631,55304,55315,11
12.7836303711,80.2190628052,55315,55325,10
12.782699585,80.2185516357,55325,55335,10
12.7816400528,80.2179794312,55335,55345,10
12.7805995941,80.2174224854,55345,55355,10
12.7796297073,80.2168884277,55355,55365,10
12.7787399292,80.2164001465,55365,55375,10
12.7776699066,80.2158889771,55375,55385,10
12.7764997482,80.2154006958,55385,55395,10
12.7753000259,80.2149200439,55395,55405,10
12.7741699219,80.2144622803,55405,55415,10
12.7730503082,80.2139968872,55415,55426,11
12.7717895508,80.2135314941,55426,55436,10
12.7708301544,80.213180542,55436,55446,10
12.7707595825,80.2129135132,55446,55466,20
12.7707595825,80.2129135132,55466,55476,10
12.7708902359,80.212600708,55476,55486,10
12.7709197998,80.2120819092,55486,55496,10
12.7710695267,80.2116394043,55496,55506,10
12.7713699341,80.2110137939,55506,55516,10
12.7717895508,80.2102279663,55516,55527,11
12.7721996307,80.2092666626,55527,55537,10
12.7725296021,80.2082214355,55537,55547,10
12.7728300095,80.2071533203,55547,55557,10
12.773059845,80.2063369751,55557,55567,10
12.7730703354,80.2062988281,55567,55577,10
12.7731304169,80.2060623169,55577,55587,10
12.7732801437,80.2054214478,55587,55597,10
12.7734298706,80.2044525146,55597,55607,10
12.7735900879,80.2032775879,55607,55617,10
12.7737998962,80.202041626,55617,55627,10
12.7738704681,80.2010421753,55627,55638,11
12.7738704681,80.200881958,55638,55648,10
12.7739295959,80.2003173828,55648,55658,10
12.7740001678,80.1995162964,55658,55668,10
12.7741003036,80.1984481812,55668,55678,10
12.774140358,80.1974029541,55678,55688,10
12.7742204666,80.1958312988,55688,55708,20
12.7742204666,80.1958312988,55708,55718,10
12.7742204666,80.1956863403,55718,55728,10
12.7742996216,80.1951065063,55728,55738,10
12.7746295929,80.193687439,55738,55759,21
12.7746295929,80.193687439,55759,55769,10
12.7747097015,80.1934432983,55769,55779,10
12.7750301361,80.1928482056,55779,55789,10
12.7753095627,80.1921234131,55789,55799,10
12.7751903534,80.1914215088,55799,55809,10
12.774720192,80.1905212402,55809,55819,10
12.7738304138,80.1896286011,55819,55829,10
12.7726602554,80.1891784668,55829,55839,10
12.7715196609,80.1887588501,55839,55849,10
12.7709999084,80.1879730225,55849,55860,11
12.7708702087,80.1869506836,55860,55870,10
12.7708501816,80.1868362427,55870,55880,10
12.7708101273,80.1865081787,55880,55890,10
12.7707300186,80.1857910156,55890,55900,10
12.7706804276,80.184928894,55900,55910,10
12.7703104019,80.1846084595,55910,55920,10
12.7696695328,80.1844329834,55920,55930,10
12.7690696716,80.1841583252,55930,55940,10
12.7689695358,80.18409729,55940,55950,10
12.7687797546,80.1839294434,55950,55961,11
12.7683601379,80.1835174561,55961,55971,10
12.7677602768,80.1832885742,55971,55981,10
12.7670898438,80.183052063,55981,55991,10
12.766409874,80.1827468872,55991,56001,10
12.765709877,80.1826324463,56001,56011,10
12.7649898529,80.1825485229,56011,56021,10
12.7642097473,80.1824264526,56021,56031,10
12.7636499405,80.1823425293,56031,56041,10
12.7634000778,80.1827697754,56041,56051,10
12.7632102966,80.1834182739,56051,56060,9
12.7631797791,80.1835021973,56060,56072,12
12.7630701065,80.183807373,56072,56082,10
12.7630395889,80.1842193604,56082,56092,10
12.7630596161,80.1846237183,56092,56102,10
12.7628602982,80.1849822998,56102,56112,10
12.7623996735,80.1849136353,56112,56122,10
12.7619104385,80.1849136353,56122,56132,10
12.7615203857,80.1846618652,56132,57868,1736
12.7615203857,80.1846618652,57868,57878,10
12.7616100311,80.1849212646,57878,57888,10
12.7618503571,80.184928894,57888,57898,10
12.7621097565,80.1849594116,57898,57908,10
12.7624502182,80.1849594116,57908,57918,10
12.7627801895,80.1849975586,57918,57928,10
12.7629804611,80.1847610474,57928,57939,11
12.7630195618,80.184387207,57939,57949,10
12.7629899979,80.1840820313,57949,57959,10
12.7631502151,80.1835479736,57959,57989,30
12.7631502151,80.1835479736,57989,57999,10
12.7632799149,80.1831512451,57999,58009,10
12.7633695602,80.1827392578,58009,58019,10
12.7636003494,80.1824264526,58019,58029,10
12.76404953,80.1824569702,58029,58039,10
12.7645597458,80.182510376,58039,58050,11
12.7651700974,80.1825866699,58050,58060,10
12.7658195496,80.1826782227,58060,58070,10
12.7663402557,80.182762146,58070,58080,10
12.7669401169,80.1829986572,58080,58090,10
12.7675199509,80.1832275391,58090,58100,10
12.7681598663,80.1834335327,58100,58110,10
12.7685604095,80.1837234497,58110,58120,10
12.7689504623,80.1840667725,58120,58130,10
12.769200325,80.1842422485,58130,58140,10
12.7693901062,80.1843185425,58140,58149,9
12.7698497772,80.1845092773,58149,58161,12
12.7704801559,80.184677124,58161,58171,10
12.7707195282,80.1848678589,58171,58181,10
12.7707901001,80.1854934692,58181,58191,10
12.7708501816,80.186340332,58191,58201,10
12.770939827,80.1870422363,58201,58211,10
12.7709503174,80.187171936,58211,58221,10
12.7709903717,80.1876602173,58221,58231,10
12.7711200714,80.1884307861,58231,58241,10
12.7716798782,80.1888427734,58241,58251,10
12.7725200653,80.1891326904,58251,58261,10
12.7735204697,80.1895523071,58261,58272,11
12.774430275,80.1902313232,58272,58282,10
12.7749300003,80.1907501221,58282,58292,10
12.7752199173,80.191368103,58292,58302,10
12.7753696442,80.1921310425,58302,58312,10
12.7752399445,80.1927185059,58312,58322,10
12.7747802734,80.1934204102,58322,58332,10
12.7746601105,80.1938018799,58332,58342,10
12.7745599747,80.1941986084,58342,58352,10
12.7743902206,80.1949920654,58352,58362,10
12.7742595673,80.1960601807,58362,58372,10
12.7742204666,80.1971282959,58372,58383,11
12.7741603851,80.1982879639,58383,58393,10
12.7740402222,80.19947052,58393,58403,10
12.7739601135,80.2005386353,58403,58413,10
12.7738800049,80.2015304565,58413,58423,10
12.7737903595,80.2026290894,58423,58433,10
12.7735500336,80.2037124634,58433,58443,10
12.7734203339,80.2048110962,58443,58453,10
12.7732400894,80.2058410645,58453,58463,10
12.773059845,80.2064971924,58463,58473,10
12.7729997635,80.2066879272,58473,58484,11
12.7727899551,80.2073898315,58484,58494,10
12.7725296021,80.2083129883,58494,58504,10
12.7722797394,80.2092132568,58504,58514,10
12.7718801498,80.2101669312,58514,58524,10
12.7713298798,80.2112426758,58524,58534,10
12.7709999084,80.2122268677,58534,58544,10
12.7708301544,80.2130203247,58544,58554,10
12.7708301544,80.2130966187,58554,58564,10
12.7710504532,80.2132415771,58564,58574,10
12.7716903687,80.2134399414,58574,58584,10
12.7726297379,80.2137832642,58584,58595,11
12.7739095688,80.214302063,58595,58605,10
12.7752199173,80.2148208618,58605,58615,10
12.7765798569,80.2153701782,58615,58625,10
12.7779798508,80.2159423828,58625,58635,10
12.7793397903,80.2166290283,58635,58645,10
12.780670166,80.2173614502,58645,58655,10
12.7819900513,80.2180709839,58655,58665,10
12.7831201553,80.2186889648,58665,58675,10
12.7836999893,80.2190093994,58675,58685,10
12.7838201523,80.219078064,58685,58695,10
12.7839698792,80.2191925049,58695,58716,21
12.784040451,80.2192230225,58716,58786,70
12.784040451,80.2192230225,58786,58796,10
12.7844200134,80.2194824219,58796,58827,31
12.7844200134,80.2194824219,58827,58837,10
12.7845802307,80.2195281982,58837,58867,30
12.7845802307,80.2195281982,58867,58877,10
12.7846603394,80.2195892334,58877,58907,30
12.7849798203,80.2197723389,58907,59049,142
12.7853298187,80.2199172974,59049,59170,121
12.7853298187,80.2199172974,59170,59180,10
12.785779953,80.2201690674,59180,59190,10
12.7859897614,80.2202682495,59190,59210,20
12.7859897614,80.2202682495,59210,59220,10
12.786190033,80.2203369141,59220,59230,10
12.7865495682,80.2204818726,59230,59240,10
12.786740303,80.2205581665,59240,59251,11
12.787150383,80.2207107544,59251,59261,10
12.7877397537,80.220916748,59261,59271,10
12.7882604599,80.2211380005,59271,59281,10
12.7890396118,80.2214508057,59281,59291,10
12.7896499634,80.2216491699,59291,59301,10
12.7901201248,80.2218093872,59301,59311,10
12.7909803391,80.2220306396,59311,59321,10
12.7921600342,80.2223129272,59321,59331,10
12.7935695648,80.2225265503,59331,59332,1
12.7937202454,80.2225494385,59332,59351,19
12.7960500717,80.2228775024,59351,59362,11
12.7963199615,80.2229537964,59362,59372,10
12.7963895798,80.2229690552,59372,59382,10
12.7969503403,80.2230834961,59382,59392,10
12.7978096008,80.2232437134,59392,59402,10
12.7989196777,80.2233581543,59402,59412,10
12.7999897003,80.2234573364,59412,59422,10
12.8009300232,80.2235336304,59422,59432,10
12.8019304276,80.2236328125,59432,59442,10
12.8025903702,80.2237091064,59442,59452,10
12.8031702042,80.2238006592,59452,59463,11
12.8038396835,80.2238464355,59463,59473,10
12.8044395447,80.2239074707,59473,59483,10
12.804980278,80.2239837646,59483,59493,10
12.8052797318,80.2240371704,59493,59503,10
12.8057899475,80.2242965698,59503,59513,10
12.8064403534,80.2248687744,59513,59523,10
12.8072595596,80.2255935669,59523,59533,10
12.8082103729,80.2264022827,59533,59543,10
12.809220314,80.2272186279,59543,59553,10
12.8102703094,80.2277526855,59553,59563,10
12.8112401962,80.2281570435,59563,59574,11
12.8124103546,80.2285766602,59574,59584,10
12.8135995865,80.2289733887,59584,59594,10
12.8148202896,80.2292633057,59594,59604,10
12.8160495758,80.2294464111,59604,59614,10
12.8172998428,80.2297210693,59614,59624,10
12.8182897568,80.230178833,59624,59634,10
12.8191699982,80.2304916382,59634,59644,10
12.8200101852,80.23046875,59644,59654,10
12.8211898804,80.2304534912,59654,59664,10
12.8225498199,80.2307128906,59664,59673,9
12.8238401413,80.2311019897,59673,59685,12
12.825460434,80.2313766479,59685,59695,10
12.8267498016,80.2312469482,59695,59705,10
12.8280000687,80.2307662964,59705,59715,10
12.8289499283,80.2302398682,59715,59725,10
12.8298597336,80.2298202515,59725,59735,10
12.8308200836,80.2294387817,59735,59765,30
12.8308200836,80.2294387817,59765,59775,10
12.831029892,80.2294311523,59775,59786,11
12.8315896988,80.2292480469,59786,59796,10
12.8322696686,80.2291183472,59796,59806,10
12.8333101273,80.2288894653,59806,59816,10
12.8346004486,80.2286300659,59816,59826,10
12.8360004425,80.2284317017,59826,59836,10
12.837439537,80.2282180786,59836,59846,10
12.8386096954,80.2279510498,59846,59856,10
12.8392601013,80.2277069092,59856,59885,29
12.8392601013,80.2277069092,59885,59897,12
12.8395795822,80.2276077271,59897,59907,10
12.8401298523,80.2275238037,59907,59917,10
12.8409500122,80.2273025513,59917,59927,10
12.8419904709,80.2270202637,59927,59937,10
12.8432598114,80.2267837524,59937,59947,10
12.8446102142,80.2266464233,59947,59957,10
12.8453903198,80.2265701294,59957,59967,10
12.845410347,80.2265777588,59967,59977,10
12.8458299637,80.2265701294,59977,59987,10
12.8465595245,80.2265472412,59987,59997,10
12.8476400375,80.2265319824,59997,60008,11
12.8490200043,80.2265319824,60008,60018,10
12.8499202728,80.2265090942,60018,60028,10
12.8500299454,80.2265090942,60028,60038,10
12.8503303528,80.2265396118,60038,60048,10
12.8510599136,80.2265701294,60048,60058,10
12.8520298004,80.2266235352,60058,60068,10
12.853269577,80.2266693115,60068,60078,10
12.8546304703,80.2265167236,60078,60088,10
12.8560695648,80.2263717651,60088,60098,10
12.8573598862,80.2262420654,60098,60109,11
12.8585395813,80.2262191772,60109,60119,10
12.8596601486,80.226348877,60119,60129,10
12.8609895706,80.2265090942,60129,60139,10
12.8624200821,80.2264785767,60139,60149,10
12.8639097214,80.2264785767,60149,60159,10
12.86536026,80.2265396118,60159,60169,10
12.8665704727,80.2264862061,60169,60179,10
12.8679304123,80.2263565063,60179,60189,10
12.8693799973,80.2264328003,60189,60199,10
12.8708400726,80.2265777588,60199,60208,9
12.8720197678,80.2266235352,60208,60220,12
12.8729801178,80.2266311646,60220,60230,10
12.8730602264,80.2266387939,60230,60240,10
12.8735704422,80.2266616821,60240,60250,10
12.8743495941,80.2267303467,60250,60260,10
12.87541008,80.2268829346,60260,60270,10
12.8764801025,80.2269134521,60270,60280,10
12.8767995834,80.226852417,60280,60290,10
12.8771295547,80.2267913818,60290,60300,10
12.8779096603,80.2267379761,60300,60310,10
12.8789596558,80.2266769409,60310,60320,10
12.8802404404,80.2266769409,60320,60331,11
12.8817300797,80.2266693115,60331,60341,10
12.882900238,80.2266387939,60341,60351,10
12.8840303421,80.2266082764,60351,60361,10
12.8850002289,80.2266235352,60361,60371,10
12.8853197098,80.2266464233,60371,60381,10
12.8857603073,80.2267608643,60381,60391,10
12.8865404129,80.2269592285,60391,60401,10
12.8876399994,80.227180481,60401,60411,10
12.888879776,80.2272796631,60411,60421,10
12.8902301788,80.2273025513,60421,60432,11
12.8916501999,80.2273101807,60432,60442,10
12.8923196793,80.2273025513,60442,60462,20
12.8923196793,80.2273025513,60462,60472,10
12.8926401138,80.2273406982,60472,60482,10
12.8933496475,80.2274398804,60482,60492,10
12.8942804337,80.2275466919,60492,60502,10
12.8954601288,80.2276000977,60502,60512,10
12.8968000412,80.2276535034,60512,60522,10
12.8980503082,80.2277069092,60522,60532,10
12.899140358,80.2277679443,60532,60543,11
12.8997802734,80.2277374268,60543,60563,20
12.8997802734,80.2277374268,60563,60573,10
12.8999795914,80.2277984619,60573,60593,20
12.8999795914,80.2277984619,60593,60603,10
12.9001398087,80.2278366089,60603,60613,10
12.9005699158,80.2278594971,60613,60623,10
12.9009199142,80.2278823853,60623,60633,10
12.9012899399,80.2279281616,60633,60643,10
12.9017696381,80.2279586792,60643,60654,11
12.9026002884,80.2279815674,60654,60674,20
12.9026002884,80.2279815674,60674,60684,10
12.9028301239,80.2280197144,60684,60694,10
12.9034004211,80.2279891968,60694,60704,10
12.9042196274,80.2280731201,60704,60714,10
12.9051704407,80.2281265259,60714,60724,10
12.9061803818,80.2282028198,60724,60734,10
12.9068603516,80.2282791138,60734,60744,10
12.9076099396,80.2283706665,60744,60754,10
12.9086799622,80.2285385132,60754,60765,11
12.9101495743,80.2287902832,60765,60775,10
12.9115896225,80.2289886475,60775,60785,10
12.9128799438,80.2291488647,60785,60795,10
12.9136199951,80.2292480469,60795,60805,10
12.9138803482,80.2292785645,60805,60815,10
12.9141902924,80.2293624878,60815,60825,10
12.914899826,80.2294464111,60825,60835,10
12.9159698486,80.2296218872,60835,60845,10
12.9172201157,80.2297821045,60845,60854,9
12.9183797836,80.2299423218,60854,60866,12
12.9200201035,80.2301635742,60866,60876,10
12.9214801788,80.2303390503,60876,60886,10
12.9229297638,80.2305679321,60886,60896,10
12.9241895676,80.2307434082,60896,60906,10
12.9252004623,80.2308578491,60906,60916,10
12.9263896942,80.2309799194,60916,60926,10
12.9275903702,80.2311096191,60926,60936,10
12.9284801483,80.2311782837,60936,60946,10
12.9286403656,80.2312011719,60946,60956,10
12.9290800095,80.2313232422,60956,60966,10
12.9298000336,80.2314834595,60966,60977,11
12.9308795929,80.2317810059,60977,60987,10
12.9320898056,80.2321624756,60987,60997,10
12.9331598282,80.2325363159,60997,61007,10
12.9338598251,80.2328186035,61007,61017,10
12.9347600937,80.2332077026,61017,61027,10
12.935500145,80.2335510254,61027,61037,10
12.9358596802,80.2337265015,61037,61047,10
12.9364700317,80.2340621948,61047,61057,10
12.9372997284,80.2344665527,61057,61067,10
12.938369751,80.2350234985,61067,61077,10
12.9392595291,80.2354202271,61077,61088,11
12.9393596649,80.2354736328,61088,61098,10
12.939499855,80.2355575562,61098,61108,10
12.9398002625,80.2356567383,61108,61118,10
12.9406900406,80.2359695435,61118,61128,10
12.9417104721,80.2362594604,61128,61138,10
12.9427499771,80.236579895,61138,61148,10
12.9436101913,80.2372589111,61148,61158,10
12.9443998337,80.2381286621,61158,61168,10
12.9452400208,80.2390365601,61168,61178,10
12.9462203979,80.2395935059,61178,61189,11
12.9469804764,80.2398681641,61189,61199,10
12.9470396042,80.2398910522,61199,61209,10
12.9470901489,80.2399368286,61209,61219,10
12.9475097656,80.2400970459,61219,61229,10
12.9482698441,80.2404174805,61229,61239,10
12.948849678,80.2406616211,61239,61259,20
12.948849678,80.2406616211,61259,61269,10
12.9490003586,80.2407073975,61269,61279,10
12.949549675,80.2408828735,61279,61288,9
12.9503297806,80.2410964966,61288,61300,12
12.950969696,80.2412719727,61300,61310,10
12.951210022,80.2413635254,61310,61320,10
12.9516601563,80.2415313721,61320,61330,10
12.9522199631,80.2417526245,61330,61340,10
12.9531097412,80.2421112061,61340,61350,10
12.9539499283,80.2424468994,61350,61360,10
12.9547595978,80.2427597046,61360,61370,10
12.9554595947,80.2430267334,61370,61390,20
12.9554595947,80.2430267334,61390,61400,10
12.9557695389,80.2431182861,61400,61421,21
12.9557695389,80.2431182861,61421,61431,10
12.9558601379,80.2431564331,61431,61481,50
12.9562301636,80.2433013916,61481,61512,31
12.9562301636,80.2433013916,61512,61522,10
12.9566898346,80.2434768677,61522,61532,10
12.9573202133,80.2437667847,61532,61542,10
12.9579601288,80.2440719604,61542,61552,10
12.9585895538,80.2443695068,61552,61562,10
12.9591798782,80.2446212769,61562,61572,10
12.9597396851,80.2448806763,61572,61582,10
12.9605998993,80.2452468872,61582,61592,10
12.9617004395,80.2457733154,61592,61602,10
12.963060379,80.2464599609,61602,61633,31
12.963060379,80.2464599609,61633,61643,10
12.9634599686,80.2467193604,61643,61653,10
12.9639396667,80.2469100952,61653,61663,10
12.9645996094,80.2471313477,61663,61673,10
12.9654998779,80.2473831177,61673,61683,10
12.9664096832,80.247718811,61683,61693,10
12.9668998718,80.2479705811,61693,61703,10
12.9669704437,80.2480316162,61703,61713,10
12.9674196243,80.248260498,61713,61723,10
12.9682302475,80.2485961914,61723,61734,11
12.9693603516,80.2490386963,61734,61744,10
12.9705600739,80.2495117188,61744,61754,10
12.9715795517,80.2498016357,61754,61764,10
12.9727802277,80.2501068115,61764,61774,10
12.9738397598,80.2503967285,61774,61784,10
12.9748497009,80.2506713867,61784,61794,10
12.9760398865,80.2510223389,61794,61804,10
12.977230072,80.2514190674,61804,61814,10
12.9781198502,80.2520599365,61814,61824,10
12.978509903,80.2523193359,61824,61835,11
12.9787902832,80.2524490356,61835,61845,10
12.9798603058,80.2526092529,61845,61905,60
12.9798603058,80.2526092529,61905,61915,10
12.9800100327,80.2526321411,61915,61925,10
12.9805202484,80.2526168823,61925,61935,10
12.9813699722,80.2526092529,61935,61946,11
12.9826498032,80.2525787354,61946,61956,10
12.9844303131,80.2521972656,61956,61976,20
12.9844303131,80.2521972656,61976,61986,10
12.9847402573,80.2521362305,61986,61996,10
12.9853000641,80.251991272,61996,62006,10
12.9859304428,80.2517700195,62006,62016,10
12.986579895,80.251663208,62016,62026,10
12.9872198105,80.2514877319,62026,62036,10
12.9876699448,80.2513885498,62036,62046,10
12.9879398346,80.2515869141,62046,62057,11
12.9880104065,80.2518692017,62057,62067,10
12.9880304337,80.2520065308,62067,62077,10
12.9880504608,80.2524032593,62077,62087,10
12.9879903793,80.2530212402,62087,62097,10
12.9879302979,80.2536392212,62097,62107,10
12.9878797531,80.2540435791,62107,62117,10
12.9877901077,80.2549819946,62117,62289,172
12.9877901077,80.2549819946,62289,62299,10
12.9877195358,80.2550964355,62299,62309,10
12.9877004623,80.2554092407,62309,62319,10
12.9877195358,80.2557525635,62319,62329,10
12.9881095886,80.2558288574,62329,62339,10
12.9882202148,80.255859375,62339,62349,10
12.9884901047,80.255897522,62349,62359,10
12.9888496399,80.2559127808,62359,62369,10
12.9892702103,80.2559661865,62369,62380,11
12.9898996353,80.2560424805,62380,62390,10
12.9904603958,80.2560119629,62390,62400,10
12.9908103943,80.2560195923,62400,62410,10
12.9914102554,80.2560272217,62410,62420,10
12.9924201965,80.2560577393,62420,62430,10
12.993350029,80.2559890747,62430,62440,10
12.9937200546,80.2559661865,62440,62450,10
12.9939498901,80.2559967041,62450,62460,10
12.9942502975,80.2559661865,62460,62470,10
12.9945201874,80.2559585571,62470,62479,9
12.9946899414,80.2559585571,62479,62491,12
12.9950304031,80.2559432983,62491,62501,10
12.9954395294,80.2558898926,62501,62612,111
12.9954395294,80.2558898926,62612,62622,10
12.995880127,80.2559204102,62622,62632,10
12.9962701797,80.2558898926,62632,62642,10
12.9967002869,80.2558288574,62642,62652,10
12.997010231,80.2558288574,62652,62662,10
12.9975404739,80.2558898926,62662,62672,10
12.9984397888,80.2559814453,62672,62691,19
12.9984397888,80.2559814453,62691,62703,12
12.9987802505,80.2560424805,62703,62723,20
12.9987802505,80.2560424805,62723,62733,10
12.9989004135,80.2560806274,62733,62743,10
12.9992799759,80.256149292,62743,62753,10
12.9998598099,80.2562637329,62753,62763,10
13.0003995895,80.2563476563,62763,62773,10
13.0010700226,80.2564697266,62773,62783,10
13.0015201569,80.2565612793,62783,62793,10
13.0019397736,80.2566299438,62793,62804,11
13.0023803711,80.256690979,62804,62814,10
13.0028495789,80.2567901611,62814,62824,10
13.0032997131,80.2568588257,62824,62834,10
13.0037298203,80.2569503784,62834,62844,10
13.0043001175,80.2570495605,62844,62854,10
13.0049104691,80.2571792603,62854,62864,10
13.0055303574,80.2573013306,62864,62874,10
13.0062303543,80.2573928833,62874,62904,30
13.0062303543,80.2573928833,62904,62915,11
13.006480217,80.2572479248,62915,62925,10
13.0065202713,80.256652832,62925,62935,10
13.0065002441,80.2558670044,62935,62945,10
13.0065097809,80.255279541,62945,62955,10
13.0065002441,80.2546691895,62955,62965,10
13.0065202713,80.2543563843,62965,62975,10
13.0065002441,80.2538833618,62975,62985,10
13.0065002441,80.2537307739,62985,62995,10
13.006529808,80.2535705566,62995,63005,10
13.006529808,80.2532806396,63005,63014,9
13.0065202713,80.2529983521,63014,63026,12
13.0065498352,80.252746582,63026,63036,10
13.0066699982,80.2526168823,63036,63046,10
13.0066795349,80.2529830933,63046,63056,10
13.0066604614,80.2534332275,63056,63066,10
13.0066604614,80.2536392212,63066,63137,71
13.0066099167,80.2536621094,63137,63793,656
13.0066099167,80.2536621094,63793,63803,10
13.0065898895,80.2537689209,63803,63813,10
13.0066003799,80.2539672852,63813,63823,10
13.0066099167,80.2542419434,63823,63833,10
13.0066003799,80.2544403076,63833,63843,10
13.0065898895,80.2549285889,63843,63853,10
13.0065603256,80.2557220459,63853,63863,10
13.0065803528,80.2566375732,63863,63873,10
13.0066099167,80.2571563721,63873,63964,91
13.0066099167,80.2571563721,63964,63974,10
13.0066604614,80.2573013306,63974,63984,10
13.0065603256,80.2575378418,63984,63994,10
13.0060100555,80.2574615479,63994,64005,11
13.0052499771,80.257270813,64005,64015,10
13.0043697357,80.2571105957,64015,64025,10
13.0033798218,80.2568817139,64025,64035,10
13.0025596619,80.2567062378,64035,64045,10
13.001540184,80.2565765381,64045,64055,10
13.0005903244,80.256439209,64055,64065,10
12.9998102188,80.2563095093,64065,64106,41
12.9998102188,80.2563095093,64106,64116,10
12.9992799759,80.2562332153,64116,64126,10
12.9985799789,80.2561035156,64126,64166,40
12.9985799789,80.2561035156,64166,64176,10
12.9982004166,80.2559661865,64176,64186,10
12.9973297119,80.2559432983,64186,64237,51
12.9971504211,80.255821228,64237,64257,20
12.9971504211,80.255821228,64257,64267,10
12.9969701767,80.2558288574,64267,64277,10
12.9967899323,80.2558670044,64277,64287,10
12.9966897964,80.2558898926,64287,64297,10
12.9962396622,80.255859375,64297,64307,10
12.9955997467,80.2558670044,64307,64317,10
12.9948396683,80.2559204102,64317,64328,11
12.994020462,80.2559890747,64328,64338,10
12.9930696487,80.2560577393,64338,64348,10
12.9919900894,80.256072998,64348,64358,10
12.9911298752,80.2560272217,64358,64368,10
12.9904499054,80.2560195923,64368,64378,10
12.9897499084,80.2559967041,64378,64388,10
12.9888000488,80.2559204102,64388,64398,10
12.9879903793,80.255821228,64398,64560,162
12.9879903793,80.255821228,64560,64570,10
12.9878702164,80.2558288574,64570,64580,10
12.9874696732,80.2557525635,64580,64590,10
12.9868202209,80.2556381226,64590,64600,10
12.986240387,80.2555389404,64600,64630,30
12.986240387,80.2555389404,64630,64640,10
12.9860897064,80.255531311,64640,64651,11
12.9857501984,80.2554626465,64651,64661,10
12.9851398468,80.255317688,64661,64671,10
12.9845600128,80.2551422119,64671,64681,10
12.9838695526,80.2549591064,64681,64691,10
12.9832496643,80.2547912598,64691,64701,10
12.9827299118,80.2546615601,64701,64711,10
12.9821195602,80.2542037964,64711,64721,10
12.9818401337,80.2534866333,64721,64731,10
12.9814596176,80.2528076172,64731,64741,10
12.9807796478,80.2527618408,64741,64751,10
12.9803695679,80.2527389526,64751,64762,11
12.9801797867,80.2527008057,64762,64772,10
12.9798202515,80.2526702881,64772,64782,10
12.9786300659,80.2525405884,64782,64802,20
12.9786300659,80.2525405884,64802,64812,10
12.9782600403,80.2523269653,64812,64822,10
12.9777002335,80.2518463135,64822,64832,10
12.9768400192,80.2513122559,64832,64842,10
12.9756698608,80.2509613037,64842,64852,10
12.9743795395,80.250617981,64852,64863,11
12.9729204178,80.2502365112,64863,64873,10
12.9717302322,80.2499084473,64873,64883,10
12.9707603455,80.249671936,64883,64893,10
12.9697303772,80.2492828369,64893,64903,10
12.9688501358,80.2488937378,64903,64913,10
12.9681396484,80.2485961914,64913,64923,10
12.9677000046,80.2484588623,64923,64933,10
12.9674100876,80.2483673096,64933,64943,10
12.9671201706,80.248260498,64943,64953,10
12.9668197632,80.2480773926,64953,64963,10
12.9666404724,80.2479705811,64963,64974,11
12.9662103653,80.2477722168,64974,64984,10
12.9656496048,80.247543335,64984,64994,10
12.9652700424,80.2473907471,64994,65004,10
12.965259552,80.2473831177,65004,65014,10
12.965089798,80.2472686768,65014,65024,10
12.9645595551,80.2470779419,65024,65034,10
12.9638595581,80.2468490601,65034,65064,30
12.9638595581,80.2468490601,65064,65075,11
12.9633598328,80.2466201782,65075,65085,10
12.9626502991,80.2462768555,65085,65095,10
12.9616699219,80.2458114624,65095,65105,10
12.9606199265,80.2453231812,65105,65115,10
12.9597396851,80.2449493408,65115,65125,10
12.95952034,80.2448501587,65125,65135,10
12.9594802856,80.2448196411,65135,65145,10
12.9590702057,80.2446212769,65145,65155,10
12.9583597183,80.2443084717,65155,65165,10
12.9576997757,80.2440567017,65165,65175,10
12.9569702148,80.2438278198,65175,65186,11
12.9564504623,80.2436828613,65186,65196,10
12.9564399719,80.2436828613,65196,65206,10
12.9562702179,80.2436218262,65206,65216,10
12.9559402466,80.2434616089,65216,65226,10
12.9552698135,80.2431030273,65226,65236,10
12.9543800354,80.2427062988,65236,65246,10
12.953619957,80.242401123,65246,65256,10
12.9528198242,80.2420501709,65256,65266,10
12.9518203735,80.2417068481,65266,65286,20
12.9518203735,80.2417068481,65286,65297,11
12.951379776,80.2415084839,65297,65307,10
12.9506397247,80.2412414551,65307,65317,10
12.9497003555,80.2409820557,65317,65327,10
12.9487695694,80.2406616211,65327,65337,10
12.9478197098,80.2402572632,65337,65347,10
12.9474802017,80.2401275635,65347,65357,10
12.9473800659,80.2400894165,65357,65367,10
12.9470796585,80.2399368286,65367,65377,10
12.9464101791,80.2396621704,65377,65387,10
12.9455099106,80.2392730713,65387,65397,10
12.9447498322,80.2386322021,65397,65408,11
12.9439296722,80.2378005981,65408,65418,10
12.9434995651,80.2373123169,65418,65428,10
12.9430503845,80.2368621826,65428,65438,10
12.9422502518,80.2364196777,65438,65448,10
12.9413795471,80.2361907959,65448,65458,10
12.9405899048,80.2360076904,65458,65468,10
12.9400501251,80.2358779907,65468,65478,10
12.9400396347,80.2358703613,65478,65488,10
12.9398899078,80.235786438,65488,65498,10
12.9394197464,80.2355880737,65498,65509,11
12.9385404587,80.2351531982,65509,65519,10
12.9375095367,80.2346496582,65519,65529,10
12.9364299774,80.2341308594,65529,65539,10
12.9357995987,80.2338409424,65539,65549,10
12.9351501465,80.2335205078,65549,65559,10
12.9339704514,80.233001709,65559,65579,20
12.9339704514,80.233001709,65579,65589,10
12.9336299896,80.2328109741,65589,65599,10
12.9329004288,80.2324829102,65599,65609,10
12.9318799973,80.232131958,65609,65620,11
12.9305295944,80.2316970825,65620,65630,10
12.9294595718,80.2314300537,65630,65640,10
12.9285097122,80.2312393188,65640,65650,10
12.9273500443,80.231086731,65650,65660,10
12.9264202118,80.231010437,65660,65670,10
12.9261903763,80.2309875488,65670,65680,10
12.9261598587,80.231010437,65680,65690,10
12.925740242,80.2309494019,65690,65700,10
12.9250001907,80.2308502197,65700,65710,10
12.9240398407,80.2307281494,65710,65721,11
12.9227199554,80.2305221558,65721,65731,10
12.9213600159,80.2303237915,65731,65741,10
12.9199199677,80.230140686,65741,65751,10
12.9185600281,80.2299575806,65751,65761,10
12.9174804688,80.2298431396,65761,65771,10
12.9164199829,80.2296905518,65771,65781,10
12.9153604507,80.2295379639,65781,65791,10
12.9135398865,80.229309082,65791,65811,20
12.9135398865,80.229309082,65811,65821,10
12.9132995605,80.2292785645,65821,65832,11
12.9125699997,80.2291564941,65832,65842,10
12.911740303,80.2290267944,65842,65852,10
12.9108104706,80.2288894653,65852,65862,10
12.9098396301,80.2287216187,65862,65872,10
12.9088001251,80.228553772,65872,65882,10
12.9076299667,80.2284011841,65882,65983,101
12.9076299667,80.2284011841,65983,65993,10
12.9072599411,80.2283935547,65993,66003,10
12.9067296982,80.228302002,66003,66013,10
12.9060697556,80.2282333374,66013,66023,10
12.9050703049,80.228187561,66023,66033,10
12.904299736,80.2281494141,66033,66044,11
12.9034795761,80.2281036377,66044,66054,10
12.9024295807,80.2280426025,66054,66064,10
12.9012498856,80.2279968262,66064,66205,141
12.9012498856,80.2279968262,66205,66215,10
12.9011201859,80.2279968262,66215,66225,10
12.9006500244,80.2279510498,66225,66235,10
12.9000501633,80.2279205322,66235,66245,10
12.8994598389,80.2278823853,66245,66266,21
12.8994598389,80.2278823853,66266,66276,10
12.8990802765,80.2278594971,66276,66286,10
12.8983697891,80.2277984619,66286,66296,10
12.8974599838,80.2277374268,66296,66306,10
12.8963499069,80.2276687622,66306,66316,10
12.8950996399,80.2276306152,66316,66326,10
12.8939504623,80.2275619507,66326,66336,10
12.8929395676,80.2274398804,66336,66346,10
12.8922901154,80.2273788452,66346,66356,10
12.8915300369,80.2273635864,66356,66367,11
12.8903799057,80.2273483276,66367,66377,10
12.8892097473,80.2273712158,66377,66387,10
12.888299942,80.2273483276,66387,66397,10
12.887169838,80.2271881104,66397,66407,10
12.8859300613,80.2268981934,66407,66417,10
12.8849201202,80.2267303467,66417,66427,10
12.8848199844,80.2267227173,66427,66437,10
12.88463974,80.2266921997,66437,66447,10
12.8840398788,80.2266769409,66447,66457,10
12.8831701279,80.2266921997,66457,66467,10
12.8820295334,80.2266998291,66467,66478,11
12.8805904388,80.2266998291,66478,66488,10
12.8791799545,80.2267303467,66488,66498,10
12.877869606,80.2268218994,66498,66508,10
12.8768901825,80.2269210815,66508,66518,10
12.8764295578,80.2269821167,66518,66528,10
12.8763399124,80.2269821167,66528,66538,10
12.8758497238,80.2269821167,66538,66547,9
12.8751802444,80.2269210815,66547,66558,11
12.8740901947,80.2267837524,66558,66568,10
12.8731203079,80.2266998291,66568,66579,11
12.872759819,80.2266998291,66579,66589,10
12.8724899292,80.2266921997,66589,66599,10
12.8718099594,80.2266616821,66599,66609,10
12.870880127,80.2266235352,66609,66619,10
12.869720459,80.2265167236,66619,66629,10
12.8684101105,80.2263793945,66629,66639,10
12.8669996262,80.2264709473,66639,66649,10
12.8655700684,80.226600647,66649,66659,10
12.8642396927,80.2265472412,66659,66669,10
12.8628997803,80.2265319824,66669,66678,9
12.8618202209,80.2265777588,66678,66690,12
12.860449791,80.2265319824,66690,66700,10
12.8593597412,80.2263793945,66700,66710,10
12.8584899902,80.2262420654,66710,66720,10
12.8576803207,80.2262191772,66720,66730,10
12.8567895889,80.2263031006,66730,66740,10
12.855799675,80.2264404297,66740,66750,10
12.8545598984,80.2265777588,66750,66760,10
12.8531799316,80.2266998291,66760,66770,10
12.8517303467,80.2266693115,66770,66780,10
12.8505601883,80.2266235352,66780,66790,10
12.8500003815,80.2266235352,66790,66801,11
12.8496599197,80.2266082764,66801,66811,10
12.8489198685,80.2265930176,66811,66821,10
12.8478403091,80.2265777588,66821,66831,10
12.8466596603,80.226600647,66831,66841,10
12.8453197479,80.226600647,66841,66861,20
12.8453197479,80.226600647,66861,66871,10
12.8449401855,80.2266235352,66871,66881,10
12.8441896439,80.2266464233,66881,66891,10
12.8432397842,80.2267913818,66891,66902,11
12.841919899,80.2270812988,66902,66912,10
12.8406400681,80.2274169922,66912,66922,10
12.8399200439,80.2276306152,66922,66932,10
12.8395395279,80.2277526855,66932,66942,10
12.83893013,80.227897644,66942,66952,10
12.8379802704,80.2281036377,66952,66962,10
12.8367900848,80.2283096313,66962,66972,10
12.8354501724,80.2285003662,66972,66982,10
12.8340396881,80.2287216187,66982,66992,10
12.8323497772,80.2290802002,66992,67013,21
12.8323497772,80.2290802002,67013,67023,10
12.8322401047,80.2291030884,67023,67033,10
12.8320503235,80.2291183472,67033,67043,10
12.8318796158,80.2291717529,67043,67053,10
12.8316001892,80.2292633057,67053,67063,10
12.831489563,80.2292785645,67063,67073,10
12.8313102722,80.2293167114,67073,67083,10
12.831199646,80.2293395996,67083,67093,10
12.8307800293,80.2295074463,67093,67102,9
12.8301801682,80.2297210693,67102,67113,11
12.8292598724,80.2300720215,67113,67124,11
12.8282499313,80.2305831909,67124,67134,10
12.8273096085,80.231086731,67134,67144,10
12.8262796402,80.2313232422,67144,67154,10
12.8251895905,80.2313766479,67154,67164,10
12.8241300583,80.2312316895,67164,67174,10
12.8232002258,80.2309494019,67174,67184,10
12.8222303391,80.2306365967,67184,67194,10
12.8212404251,80.2304382324,67194,67204,10
12.8202400208,80.2304534912,67204,67214,10
12.8193702698,80.2304763794,67214,67225,11
12.8191299438,80.2304916382,67225,67235,10
12.8189096451,80.2304611206,67235,67245,10
12.8183803558,80.2302322388,67245,67255,10
12.817609787,80.2298736572,67255,67265,10
12.8167104721,80.2295303345,67265,67275,10
12.8157196045,80.2293701172,67275,67285,10
12.8146896362,80.2292175293,67285,67295,10
12.8136701584,80.2289962769,67295,67305,10
12.8127202988,80.2286834717,67305,67315,10
12.8117303848,80.2283172607,67315,67325,10
12.8107004166,80.2279281616,67325,67336,11
12.8094997406,80.2274017334,67336,67346,10
12.8086299896,80.2268218994,67346,67356,10
12.8079395294,80.2262420654,67356,67366,10
12.8072900772,80.225692749,67366,67376,10
12.8066902161,80.2251815796,67376,67386,10
12.8060903549,80.2246627808,67386,67396,10
12.8055295944,80.2241973877,67396,67406,10
12.8050603867,80.2240066528,67406,67416,10
12.8050298691,80.2240066528,67416,67426,10
12.804690361,80.2239303589,67426,67437,11
12.8040800095,80.2238769531,67437,67447,10
12.8034801483,80.2238311768,67447,67457,10
12.8027200699,80.223739624,67457,67467,10
12.8018903732,80.2236404419,67467,67477,10
12.8011598587,80.2235794067,67477,67487,10
12.8010597229,80.2235717773,67487,67497,10
12.8008003235,80.2235412598,67497,67507,10
12.8001699448,80.2234725952,67507,67517,10
12.7992801666,80.2234115601,67517,67527,10
12.7981395721,80.2232437134,67527,67537,10
12.7970399857,80.2230911255,67537,67548,11
12.7960300446,80.2229232788,67548,67558,10
12.7958498001,80.2229003906,67558,67568,10
12.7954597473,80.2228393555,67568,67578,10
12.7947301865,80.2227020264,67578,67588,10
12.7937602997,80.2225494385,67588,67598,10
12.7925701141,80.222366333,67598,67608,10
12.7913703918,80.2220993042,67608,67618,10
12.7902698517,80.2218399048,67618,67628,10
12.7896299362,80.2216415405,67628,67638,10
12.7892799377,80.2215118408,67638,67648,10
12.7886695862,80.221282959,67648,67659,11
12.7875404358,80.2208633423,67659,67689,30
12.7875404358,80.2208633423,67689,67699,10
12.787320137,80.2207870483,67699,67709,10
12.7868204117,80.2205963135,67709,67719,10
12.7865495682,80.2204818726,67719,67729,10
12.7861700058,80.2203292847,67729,67739,10
12.7859201431,80.220199585,67739,67749,10
12.7855396271,80.2200317383,67749,67760,11
12.7850399017,80.2197723389,67760,67770,10
12.7847900391,80.2196578979,67770,67800,30
12.7847900391,80.2196578979,67800,67810,10
12.7845201492,80.2195281982,67810,67820,10
12.7840499878,80.21925354,67820,67830,10
12.7833299637,80.2188491821,67830,67840,10
12.7824401855,80.2183532715,67840,67850,10
12.7814903259,80.2178268433,67850,67860,10
12.7805299759,80.2173080444,67860,67871,11
12.7794399261,80.2167129517,67871,67881,10
12.7783899307,80.2161483765,67881,67891,10
12.7773103714,80.2156677246,67891,67901,10
12.7762098312,80.2152175903,67901,67911,10
12.7751197815,80.2147827148,67911,67921,10
12.7740497589,80.2143478394,67921,67931,10
12.7729797363,80.2139205933,67931,67941,10
12.7719202042,80.2135314941,67941,67951,10
12.7709598541,80.2131881714,67951,67961,10
12.7706699371,80.2130432129,67961,67972,11
12.7707395554,80.2128829956,67972,67982,10
12.770819664,80.2126998901,67982,67992,10
12.7709102631,80.2122802734,67992,68002,10
12.7710103989,80.2116622925,68002,68012,10
12.7712001801,80.2112503052,68012,68022,10
12.7715196609,80.2106704712,68022,68032,10
12.7719402313,80.2098922729,68032,68042,10
12.7722702026,80.2090072632,68042,68052,10
12.7725200653,80.2080383301,68052,68062,10
12.7727603912,80.2072067261,68062,68072,10
12.7729501724,80.206489563,68072,68083,11
12.7730302811,80.206237793,68083,68093,10
12.7731103897,80.2059707642,68093,68103,10
12.7732496262,80.2053375244,68103,68113,10
12.7733697891,80.2045288086,68113,68123,10
12.7734804153,80.2035980225,68123,68133,10
12.7737102509,80.2026290894,68133,68143,10
12.7737998962,80.2016906738,68143,68153,10
12.7738399506,80.2010574341,68153,68163,10
12.773850441,80.2009811401,68163,68173,10
12.773900032,80.2005310059,68173,68184,11
12.7739696503,80.1997375488,68184,68194,10
12.7740402222,80.1988830566,68194,68204,10
12.7741098404,80.1979980469,68204,68214,10
12.7741098404,80.1973724365,68214,68224,10
12.7741498947,80.1966323853,68224,68234,10
12.7742004395,80.1958007813,68234,68244,10
12.7743301392,80.1949386597,68244,68254,10
12.774479866,80.1942367554,68254,68264,10
12.7745599747,80.193862915,68264,68274,10
12.774600029,80.1937332153,68274,68283,9
12.7746496201,80.1936035156,68283,68295,12
12.7748804092,80.1930007935,68295,68305,10
12.7753095627,80.1923904419,68305,68315,10
12.7752399445,80.1917190552,68315,68325,10
12.7750301361,80.1909332275,68325,68335,10
12.7743301392,80.1901016235,68335,68345,10
12.7734498978,80.1894683838,68345,68355,10
12.7725696564,80.1891098022,68355,68365,10
12.7717199326,80.1888122559,68365,68375,10
12.7710399628,80.1883621216,68375,68385,10
12.7709197998,80.1875610352,68385,68395,10
12.7708597183,80.1868896484,68395,68406,11
12.7708396912,80.1867294312,68406,68416,10
12.7707796097,80.1863479614,68416,68426,10
12.7707395554,80.1858596802,68426,68436,10
12.7707195282,80.1851501465,68436,68446,10
12.7704401016,80.1846313477,68446,68455,9
12.7699604034,80.1845016479,68455,68466,11
12.769109726,80.184173584,68466,68486,20
12.769109726,80.184173584,68486,68496,10
12.7689599991,80.1840591431,68496,68507,11
12.7685403824,80.1836624146,68507,68517,10
12.7681398392,80.1834030151,68517,68527,10
12.7676696777,80.1832275391,68527,68537,10
12.7672300339,80.1830825806,68537,68547,10
12.7667503357,80.1828613281,68547,68557,10
12.7661895752,80.1826705933,68557,68567,10
12.7656803131,80.1826019287,68567,68577,10
12.7651195526,80.1825180054,68577,68587,10
12.7645301819,80.1824417114,68587,68597,10
12.7640199661,80.1823577881,68597,68606,9
12.7636499405,80.1822891235,68606,68618,12
12.7634000778,80.1825866699,68618,68628,10
12.7632598877,80.1830825806,68628,68638,10
12.7631797791,80.1834335327,68638,68648,10
12.7631797791,80.1834411621,68648,68658,10
12.7630996704,80.1837005615,68658,68668,10
12.7630195618,80.1839599609,68668,68678,10
12.763010025,80.1842269897,68678,68688,10
12.7630395889,80.1844329834,68688,68708,20
12.7630395889,80.1844329834,68708,68718,10
12.7630195618,80.184677124,68718,68729,11
12.7628097534,80.1849975586,68729,68739,10
12.7624397278,80.1849212646,68739,68749,10
12.7620296478,80.1849136353,68749,68759,10
12.7616796494,80.1848678589,68759,68769,10
12.7614803314,80.184677124,68769,68779,10
12.7614898682,80.1846389771,68779,68789,10
12.7614803314,80.1847610474,68789,69445,656
12.7614803314,80.1847610474,69445,69455,10
12.7616996765,80.1848907471,69455,69464,9
12.761879921,80.1848983765,69464,69475,11
12.7622203827,80.1849136353,69475,69486,11
12.7625303268,80.184928894,69486,69496,10
12.7628202438,80.1849822998,69496,69506,10
12.7629804611,80.184753418,69506,69516,10
12.763010025,80.1845016479,69516,69526,10
12.7629804611,80.1842193604,69526,69536,10
12.7629899979,80.1839828491,69536,69546,10
12.7630596161,80.1837615967,69546,69556,10
12.7631196976,80.1836013794,69556,69566,10
12.7631998062,80.1833572388,69566,69576,10
12.7632904053,80.1830291748,69576,69587,11
12.7634096146,80.1826324463,69587,69597,10
12.7636804581,80.1824035645,69597,69607,10
12.7641496658,80.182472229,69607,69617,10
12.7646398544,80.1825180054,69617,69627,10
12.7651596069,80.1825790405,69627,69637,10
12.7656402588,80.1826324463,69637,69647,10
12.7660703659,80.1827011108,69647,69657,10
12.7664804459,80.1827926636,69657,69667,10
12.7669095993,80.1829681396,69667,69677,10
12.7673301697,80.1831436157,69677,69688,11
12.7677698135,80.1832885742,69688,69698,10
12.7681598663,80.1834335327,69698,69708,10
12.7684803009,80.1836166382,69708,69718,10
12.7687797546,80.183921814,69718,69728,10
12.7690696716,80.1841430664,69728,69738,10
12.7691297531,80.1841812134,69738,69748,10
12.7694301605,80.1843109131,69748,69758,10
12.7698202133,80.184463501,69758,69768,10
12.7702598572,80.1845779419,69768,69778,10
12.7705698013,80.1846694946,69778,69788,10
12.7706699371,80.1847381592,69788,69798,10
12.7707395554,80.1850891113,69798,69809,11
12.7707595825,80.1857681274,69809,69819,10
12.7708396912,80.1864700317,69819,69829,10
12.7709102631,80.1871032715,69829,69839,10
12.7709903717,80.1878204346,69839,69849,10
12.7712202072,80.188659668,69849,69859,10
12.7720403671,80.1889801025,69859,69869,10
12.7728796005,80.1893005371,69869,69879,10
12.7737703323,80.1895980835,69879,69889,10
12.774479866,80.1902618408,69889,69899,10
12.7750501633,80.1909713745,69899,69910,11
12.7752599716,80.1916732788,69910,69920,10
12.775349617,80.192199707,69920,69930,10
12.7751903534,80.1927108765,69930,69940,10
12.7747802734,80.1932830811,69940,69950,10
12.7746696472,80.1936569214,69950,69960,10
12.774600029,80.193862915,69960,69970,10
12.7745399475,80.1941299438,69970,69979,9
12.7745199203,80.1942520142,69979,69990,11
12.7743997574,80.1948318481,69990,70000,10
12.7742204666,80.1959228516,70000,70021,21
12.7742204666,80.1959228516,70021,70031,10
12.774189949,80.1962890625,70031,70041,10
12.7741699219,80.1969299316,70041,70051,10
12.7741203308,80.1976699829,70051,70061,10
12.7741098404,80.1984176636,70061,70071,10
12.7740402222,80.1991119385,70071,70081,10
12.7739801407,80.1998214722,70081,70091,10
12.7739095688,80.2006072998,70091,70101,10
12.773850441,80.2011566162,70101,70111,10
12.7738399506,80.2013702393,70111,70122,11
12.7737903595,80.2019805908,70122,70132,10
12.7737197876,80.2027587891,70132,70142,10
12.7735300064,80.2035369873,70142,70152,10
12.7734699249,80.2041778564,70152,70162,10
12.7733697891,80.2047576904,70162,70172,10
12.7732496262,80.2054901123,70172,70182,10
12.773059845,80.2062911987,70182,70192,10
12.7728099823,80.2071380615,70192,70202,10
12.7725896835,80.2079315186,70202,70212,10
12.7723903656,80.2087173462,70212,70222,10
12.7721204758,80.2095718384,70222,70233,11
12.7717504501,80.2103805542,70233,70243,10
12.7713899612,80.2110595703,70243,70253,10
12.7710800171,80.2117767334,70253,70263,10
12.770939827,80.2125167847,70263,70273,10
12.7707796097,80.2130203247,70273,70283,10
12.7707796097,80.2130279541,70283,70293,10
12.7710399628,80.213218689,70293,70303,10
12.7716598511,80.213432312,70303,70313,10
12.7725400925,80.2137298584,70313,70322,9
12.7733001709,80.2140197754,70322,70334,12
12.774140358,80.2143478394,70334,70344,10
12.7749300003,80.2146606445,70344,70354,10
12.7758197784,80.2150192261,70354,70364,10
12.7767000198,80.2153778076,70364,70374,10
12.7776203156,80.2157592773,70374,70384,10
12.7785100937,80.2161712646,70384,70394,10
12.7793903351,80.2166290283,70394,70403,9
12.7802095413,80.2170791626,70403,70414,11
12.7812204361,80.217628479,70414,70424,10
12.7820997238,80.2181167603,70424,70434,10
12.7829399109,80.2185821533,70434,70445,11
12.7838096619,80.2190704346,70445,70455,10
12.7845401764,80.2194900513,70455,70465,10
12.7851896286,80.2198181152,70465,70475,10
12.7857704163,80.2201080322,70475,70485,10
12.7860803604,80.2202529907,70485,70495,10
12.7862100601,80.2202987671,70495,70505,10
12.786529541,80.2204284668,70505,70525,20
12.786529541,80.2204284668,70525,70535,10
12.7867097855,80.2205429077,70535,70546,11
12.7871799469,80.2207107544,70546,70556,10
12.7876996994,80.2208786011,70556,70566,10
12.7882995605,80.2211227417,70566,70576,10
12.7889604568,80.2213821411,70576,70586,10
12.7895498276,80.2215881348,70586,70596,10
12.7899398804,80.2217102051,70596,70606,10
12.7906198502,80.2218780518,70606,70616,10
12.7915000916,80.2220993042,70616,70626,10
12.7925395966,80.2223434448,70626,70636,10
12.7935400009,80.2224884033,70636,70645,9
12.7944002151,80.222618103,70645,70657,12
12.7955303192,80.2228088379,70657,70667,10
12.7962398529,80.22290802,70667,70677,10
12.7963399887,80.2229309082,70677,70687,10
12.7966604233,80.2229766846,70687,70697,10
12.7972602844,80.2230911255,70697,70707,10
12.7980499268,80.2232131958,70707,70717,10
12.7989301682,80.2233200073,70717,70727,10
12.7998800278,80.2234115601,70727,70737,10
12.8007802963,80.2235031128,70737,70746,9
12.8013896942,80.2235412598,70746,70758,12
12.8015699387,80.2235870361,70758,70768,10
12.8020601273,80.2236480713,70768,70778,10
12.8026895523,80.2237319946,70778,70788,10
12.8032903671,80.2238006592,70788,70798,10
12.8039503098,80.2238464355,70798,70808,10
12.8046102524,80.2238998413,70808,70818,10
12.8055200577,80.2241134644,70818,70838,20
12.8055200577,80.2241134644,70838,70848,10
12.8056602478,80.2241973877,70848,70858,10
12.8060998917,80.2245635986,70858,70869,11
12.8067598343,80.2251586914,70869,70879,10
12.8074903488,80.2257766724,70879,70889,10
12.8082895279,80.2264633179,70889,70899,10
12.8091096878,80.2271194458,70899,70909,10
12.8100404739,80.2276077271,70909,70919,10
12.8111696243,80.2280807495,70919,70929,10
12.8124504089,80.2285385132,70929,70939,10
12.8137197495,80.2289733887,70939,70948,9
12.8147497177,80.2291870117,70948,70959,11
12.8159999847,80.2293624878,70959,70969,10
12.817199707,80.229637146,70969,70980,11
12.8184204102,80.230178833,70980,70990,10
12.8192901611,80.230430603,70990,71000,10
12.819729805,80.2304000854,71000,71010,10
12.8198699951,80.2304000854,71010,71020,10
12.8205003738,80.2303771973,71020,71030,10
12.8214302063,80.230430603,71030,71040,10
12.8225898743,80.2307128906,71040,71050,10
12.8239002228,80.2310791016,71050,71060,10
12.825220108,80.231338501,71060,71070,10
12.8264198303,80.2312774658,71070,71081,11
12.8275203705,80.2309494019,71081,71091,10
12.8283100128,80.2304763794,71091,71101,10
12.8290500641,80.2300796509,71101,71111,10
12.8300199509,80.2297134399,71111,71121,10
12.8309898376,80.2293319702,71121,71161,40
12.8311595917,80.2292785645,71161,71303,142
12.8311595917,80.2292785645,71303,71313,10
12.8315401077,80.2291793823,71313,71323,10
12.8318395615,80.2291030884,71323,71333,10
12.832280159,80.2289886475,71333,71343,10
12.833029747,80.2288513184,71343,71353,10
12.8339595795,80.2286987305,71353,71363,10
12.8348903656,80.2285385132,71363,71373,10
12.8358697891,80.2283782959,71373,71383,10
12.8368701935,80.2282333374,71383,71392,9
12.8376703262,80.2280883789,71392,71404,12
12.8385801315,80.2278823853,71404,71414,10
12.8390798569,80.2277526855,71414,71424,10
12.83934021,80.2276000977,71424,71434,10
12.8397798538,80.2275009155,71434,71444,10
12.8403997421,80.2274017334,71444,71454,10
12.8411998749,80.2272033691,71454,71464,10
12.8421001434,80.2269821167,71464,71474,10
12.843079567,80.2267837524,71474,71484,10
12.8439903259,80.2266387939,71484,71494,10
12.8451404572,80.2265319824,71494,71525,31
12.8451404572,80.2265319824,71525,71535,10
12.8453197479,80.2265319824,71535,71545,10
12.8458204269,80.2265090942,71545,71555,10
12.8465995789,80.2264862061,71555,71565,10
12.8475599289,80.2264862061,71565,71575,10
12.8486299515,80.2264862061,71575,71585,10
12.84953022,80.2264785767,71585,71595,10
12.8499202728,80.2264785767,71595,71605,10
12.8499097824,80.2264785767,71605,71616,11
12.8500299454,80.2264785767,71616,71626,10
12.8504104614,80.2264785767,71626,71636,10
12.8509502411,80.2265014648,71636,71646,10
12.8515701294,80.2265167236,71646,71656,10
12.852230072,80.2265625,71656,71666,10
12.8528995514,80.2265777588,71666,71676,10
12.8535499573,80.2265396118,71676,71686,10
12.854180336,80.2264709473,71686,71696,10
12.8547296524,80.2264175415,71696,71706,10
12.8552303314,80.2263717651,71706,71716,10
12.8558101654,80.2263183594,71716,71727,11
12.8564596176,80.2262268066,71727,71737,10
12.8570299149,80.2261810303,71737,71747,10
12.8572998047,80.2261505127,71747,71757,10
12.857460022,80.2261428833,71757,71767,10
12.8576803207,80.2261199951,71767,71868,101
12.8576803207,80.2261199951,71868,71878,10
12.8578395844,80.2261199951,71878,71888,10
12.8583498001,80.2261581421,71888,71898,10
12.8590898514,80.2262268066,71898,71908,10
12.8599004745,80.2263412476,71908,71917,9
12.8605003357,80.2264175415,71917,71928,11
12.8606004715,80.2264328003,71928,71939,11
12.8609199524,80.2264404297,71939,71949,10
12.8615598679,80.2264480591,71949,71959,10
12.8623895645,80.2264328003,71959,71969,10
12.8633699417,80.2264404297,71969,71979,10
12.8645601273,80.2264862061,71979,71989,10
12.8659095764,80.2264862061,71989,71999,10
12.8673295975,80.2263793945,71999,72009,10
12.8686704636,80.2263183594,72009,72019,10
12.8698701859,80.2264480591,72019,72029,10
12.8709497452,80.2265396118,72029,72039,10
12.8727397919,80.2265625,72039,72050,11
12.8727397919,80.2265625,72050,72060,10
12.8729801178,80.2265625,72060,72069,9
12.8732099533,80.2265777588,72069,72089,20
12.87458992,80.2267227173,72089,72098,9
12.8753595352,80.2268066406,72098,72108,10
12.8758201599,80.2268295288,72108,72118,10
12.8758296967,80.2268295288,72118,72128,10
12.8760004044,80.2268371582,72128,72137,9
12.8762302399,80.2268371582,72137,72149,12
12.8764095306,80.2268371582,72149,72159,10
12.8766298294,80.2268295288,72159,72169,10
12.8768100739,80.2268066406,72169,72179,10
12.8770399094,80.2267913818,72179,72189,10
12.8776702881,80.2267532349,72189,72199,10
12.8785200119,80.2266921997,72199,72209,10
12.8795700073,80.2266464233,72209,72219,10
12.8807601929,80.2266387939,72219,72229,10
12.8818597794,80.2266387939,72229,72239,10
12.8829898834,80.2266311646,72239,72249,10
12.8840703964,80.2266235352,72249,72260,11
12.8847503662,80.226600647,72260,72270,10
12.885219574,80.2266311646,72270,72280,10
12.8852596283,80.2266311646,72280,72290,10
12.8856296539,80.2267074585,72290,72300,10
12.886300087,80.226890564,72300,72310,10
12.8871603012,80.2270889282,72310,72320,10
12.8882198334,80.2272262573,72320,72330,10
12.8892297745,80.2272796631,72330,72340,10
12.8903999329,80.2272567749,72340,72349,9
12.8914403915,80.2272567749,72349,72361,12
12.8924198151,80.2272872925,72361,72371,10
12.8929796219,80.2273483276,72371,72381,10
12.8937597275,80.2274398804,72381,72391,10
12.8947601318,80.2275238037,72391,72401,10
12.8959598541,80.2275924683,72401,72411,10
12.8972196579,80.2276382446,72411,72421,10
12.8983602524,80.2277069092,72421,72431,10
12.8993396759,80.2277679443,72431,72441,10
12.900179863,80.2278137207,72441,72451,10
12.9006900787,80.2278366089,72451,72461,10
12.9009799957,80.2278594971,72461,72472,11
12.9013299942,80.2278900146,72472,72482,10
12.9018697739,80.2278900146,72482,72492,10
12.9023599625,80.2279205322,72492,72502,10
12.9023799896,80.2279281616,72502,72512,10
12.9024896622,80.2279510498,72512,72522,10
12.9029302597,80.2279968262,72522,72532,10
12.903719902,80.2280426025,72532,72542,10
12.904540062,80.2280883789,72542,72552,10
12.9051399231,80.2281188965,72552,72562,10
12.9055900574,80.2281265259,72562,72572,10
12.906080246,80.2281570435,72572,72583,11
12.9065198898,80.2281723022,72583,72593,10
12.9069299698,80.2282028198,72593,72603,10
12.9072303772,80.2282104492,72603,72613,10
12.9075803757,80.2282791138,72613,72623,10
12.9082098007,80.2283706665,72623,72633,10
12.9091300964,80.2285232544,72633,72643,10
12.9103002548,80.2287063599,72643,72653,10
12.9115104675,80.2288970947,72653,72663,10
12.9125204086,80.2290420532,72663,72673,10
12.913189888,80.2291183472,72673,72684,11
12.9137496948,80.2291870117,72684,72694,10
12.9139204025,80.2292175293,72694,72704,10
12.9142904282,80.2292861938,72704,72714,10
12.9149799347,80.2293777466,72714,72724,10
12.9158000946,80.2294998169,72724,72734,10
12.9167499542,80.2296295166,72734,72744,10
12.917719841,80.2297897339,72744,72754,10
12.9188299179,80.229927063,72754,72764,10
12.9199104309,80.2300567627,72764,72774,10
12.9211797714,80.2302093506,72774,72784,10
12.9224796295,80.2304077148,72784,72795,11
12.9237499237,80.2305908203,72795,72805,10
12.9247198105,80.2306976318,72805,72815,10
12.9256496429,80.2308425903,72815,72825,10
12.926320076,80.2309188843,72825,72835,10
12.9263496399,80.2309188843,72835,72845,10
12.9267396927,80.2309799194,72845,72855,10
12.9274101257,80.2310714722,72855,72865,10
12.9281702042,80.2311477661,72865,72875,10
12.9286003113,80.2312011719,72875,72885,10
12.9290800095,80.231300354,72885,72896,11
12.9298801422,80.2314834595,72896,72906,10
12.9308204651,80.2317276001,72906,72916,10
12.9317302704,80.2320327759,72916,72926,10
12.9325399399,80.2322921753,72926,72936,10
12.9332399368,80.2325515747,72936,72946,10
12.933549881,80.2326889038,72946,72956,10
12.9336204529,80.2327270508,72956,72966,10
12.9339895248,80.2328796387,72966,72976,10
12.9347000122,80.2332077026,72976,72986,10
12.9354896545,80.2335662842,72986,72996,10
12.9357004166,80.2336883545,72996,73007,11
12.9357700348,80.2337188721,73007,73017,10
12.9362001419,80.2339172363,73017,73027,10
12.936920166,80.2342681885,73027,73037,10
12.9378900528,80.2347488403,73037,73047,10
12.9387903214,80.2351837158,73047,73057,10
12.939450264,80.2354888916,73057,73067,10
12.9395599365,80.2355499268,73067,73077,10
12.939620018,80.2356033325,73077,73087,10
12.9399499893,80.2357406616,73087,73097,10
12.9407196045,80.2359619141,73097,73108,11
12.9416904449,80.2361831665,73108,73118,10
12.9426403046,80.2364807129,73118,73128,10
12.9434299469,80.2370376587,73128,73138,10
12.9441003799,80.2377700806,73138,73148,10
12.9447498322,80.2385101318,73148,73158,10
12.9455299377,80.2392425537,73158,73168,10
12.946439743,80.2396316528,73168,73178,10
12.94713974,80.2398986816,73178,73188,10
12.9472503662,80.2399368286,73188,73198,10
12.9474802017,80.2400588989,73198,73208,10
12.9477300644,80.2401809692,73208,73219,11
12.9481897354,80.2403564453,73219,73229,10
12.9487199783,80.240562439,73229,73239,10
12.9493598938,80.2407913208,73239,73249,10
12.950050354,80.2409820557,73249,73259,10
12.9505300522,80.2411193848,73259,73269,10
12.9509000778,80.2412414551,73269,73279,10
12.9509897232,80.2412796021,73279,73289,10
12.9512996674,80.2414016724,73289,73299,10
12.9517297745,80.2415390015,73299,73309,10
12.9523801804,80.2417831421,73309,73320,11
12.9532403946,80.2421188354,73320,73330,10
12.9539003372,80.2423782349,73330,73340,10
12.9545097351,80.2426300049,73340,73350,10
12.9551801682,80.2428970337,73350,73360,10
12.9558401108,80.2431869507,73360,73370,10
12.956199646,80.243347168,73370,73400,30
12.956199646,80.243347168,73400,73410,10
12.956489563,80.2434616089,73410,73420,10
12.9571695328,80.2436904907,73420,73431,11
12.9577302933,80.2439193726,73431,73441,10
12.9581298828,80.2440872192,73441,73451,10
12.958820343,80.2443466187,73451,73461,10
12.9589996338,80.2444534302,73461,73471,10
12.9595298767,80.2446899414,73471,73481,10
12.9603300095,80.2450637817,73481,73491,10
12.9612903595,80.2455062866,73491,73501,10
12.9621601105,80.2459411621,73501,73511,10
12.9626398087,80.2461776733,73511,73521,10
12.9626703262,80.2461929321,73521,73531,10
12.9629402161,80.2463378906,73531,73542,11
12.9633398056,80.2465591431,73542,73552,10
12.963760376,80.2467727661,73552,73562,10
12.9644203186,80.2470092773,73562,73572,10
12.9652004242,80.2472763062,73572,73582,10
12.9659204483,80.2475128174,73582,73592,10
12.9661798477,80.2475967407,73592,73602,10
12.9663496017,80.2476730347,73602,73612,10
12.9664297104,80.2477111816,73612,73622,10
12.9668798447,80.2479705811,73622,73632,10
12.9676303864,80.2483215332,73632,73643,11
12.9685602188,80.2487182617,73643,73653,10
12.9694595337,80.2490615845,73653,73663,10
12.9704303741,80.2494277954,73663,73673,10
12.9714002609,80.2497329712,73673,73683,10
12.9725503922,80.2500228882,73683,73693,10
12.9736404419,80.2503128052,73693,73703,10
12.9746599197,80.2506027222,73703,73713,10
12.9756803513,80.250869751,73713,73723,10
12.9767303467,80.2511825562,73723,73733,10
12.9776296616,80.2516403198,73733,73742,9
12.9782400131,80.2521133423,73742,73754,12
12.9784202576,80.2522506714,73754,73764,10
12.9788599014,80.2524871826,73764,73774,10
12.9794101715,80.252571106,73774,73784,10
12.9794998169,80.2525787354,73784,73794,10
12.9795598984,80.2525787354,73794,73804,10
12.9799699783,80.2526016235,73804,73814,10
12.9807395935,80.2526016235,73814,73824,10
12.9817800522,80.2525787354,73824,73834,10
12.9830503464,80.2525177002,73834,73844,10
12.9841804504,80.252281189,73844,73855,11
12.985250473,80.2519836426,73855,73865,10
12.985619545,80.2518692017,73865,73875,10
12.9857397079,80.2518310547,73875,73885,10
12.9861497879,80.2517089844,73885,73895,10
12.9867200851,80.2515792847,73895,73905,10
12.9871196747,80.2514572144,73905,73915,10
12.9876298904,80.2513198853,73915,73925,10
12.9879302979,80.2515563965,73925,73935,10
12.9879999161,80.2518692017,73935,73945,10
12.9880104065,80.2520294189,73945,73955,10
12.9879999161,80.2525405884,73955,73966,11
12.9879398346,80.2532196045,73966,73976,10
12.9878997803,80.2537612915,73976,73986,10
12.9878396988,80.2540588379,73986,73996,10
12.9877996445,80.2545089722,73996,74006,10
12.987739563,80.2553024292,74006,74016,10
12.9877300262,80.2556915283,74016,74026,10
12.9881601334,80.2557601929,74026,74036,10
12.9887199402,80.2557983398,74036,74046,10
12.988820076,80.2558517456,74046,74056,10
12.9891300201,80.2558822632,74056,74066,10
12.9898004532,80.2559280396,74066,74077,11
12.9905700684,80.2559280396,74077,74087,10
12.9912099838,80.2559432983,74087,74097,10
12.9921398163,80.2559509277,74097,74107,10
12.9930400848,80.2557983398,74107,74117,10
12.9941301346,80.2558135986,74117,74127,10
12.9950799942,80.2557830811,74127,74137,10
12.9959402084,80.2557907104,74137,74147,10
12.9967002869,80.2557830811,74147,74157,10
12.9974603653,80.255821228,74157,74178,21
12.9974603653,80.255821228,74178,74188,10
12.9976501465,80.2558898926,74188,74198,10
12.9976997375,80.2560195923,74198,74208,10
12.9977197647,80.2562408447,74208,74218,10
12.9977798462,80.256729126,74218,75227,1009
12.9977798462,80.256729126,75227,75237,10
12.9978199005,80.2568588257,75237,75246,9
12.9981498718,80.2568588257,75246,76792,1546
12.9982595444,80.2568664551,76792,77246,454
12.9982595444,80.2568664551,77246,77256,10
12.9978599548,80.2569274902,77256,77266,10
