12.9867801666,80.2591400146,13,165,152
12.9867601395,80.2591018677,165,2161,1996
12.9867601395,80.2590713501,2161,2757,596
12.9868497849,80.2590637207,2757,3263,506
12.9867897034,80.2590637207,3263,3769,506
12.9867897034,80.2590637207,3769,3779,10
12.9865999222,80.2587203979,3779,4355,576
12.9864997864,80.2587203979,4355,4588,233
12.9865398407,80.258682251,4588,5094,506
12.9865999222,80.2589263916,5094,7402,2308
12.9865999222,80.2589263916,7402,7412,10
12.9867401123,80.2590866089,7412,7423,11
12.9866800308,80.2592468262,7423,8151,728
12.9864997864,80.2593078613,8151,8758,607
12.9866695404,80.2591781616,8758,9051,293
12.9868297577,80.2591400146,9051,9213,162
12.9867897034,80.2592697144,9213,11419,2206
12.9865398407,80.2592926025,11419,13252,1833
12.9867200851,80.2593002319,13252,14445,1193
12.9865398407,80.2591323853,14445,14769,324
12.9867095947,80.259262085,14769,15872,1103
12.9866695404,80.2592163086,15872,16155,283
12.986700058,80.2593002319,16155,16803,648
12.986579895,80.2592468262,16803,16975,172
12.9866895676,80.2592468262,16975,17369,394
12.986700058,80.2592391968,17369,17531,162
12.9867401123,80.2592697144,17531,18604,1073
12.9867200851,80.2592391968,18604,18806,202
12.9867200851,80.2592391968,18806,18816,10
12.9865999222,80.2592773438,18816,20154,1338
12.9867601395,80.2593002319,20154,20563,409
12.9867601395,80.2593002319,20563,20573,10
12.9866895676,80.2595062256,20573,20613,40
12.9866895676,80.2595062256,20613,20623,10
12.9869804382,80.2595214844,20623,20634,11
12.9871997833,80.2595672607,20634,20644,10
12.9872903824,80.2593917847,20644,20654,10
12.9873399734,80.2590179443,20654,20663,9
12.9873600006,80.2586517334,20663,20674,11
12.9873895645,80.2581710815,20674,20684,10
12.9873895645,80.2579116821,20684,20694,10
12.987449646,80.2574462891,20694,21625,931
12.9875497818,80.2572784424,21625,21787,162
12.9875497818,80.2572784424,21787,21797,10
12.9875402451,80.2571182251,21797,21807,10
12.987569809,80.2566680908,21807,21817,10
12.9876499176,80.2559967041,21817,21828,11
12.987739563,80.2555389404,21828,21838,10
12.9878101349,80.2547988892,21838,21848,10
12.9878902435,80.2537994385,21848,21858,10
12.9879703522,80.2527770996,21858,21868,10
12.9878396988,80.2515487671,21868,21919,51
12.9878396988,80.2515487671,21919,21929,10
12.9877796173,80.2514190674,21929,21939,10
12.9880800247,80.2511901855,21939,21948,9
12.9888896942,80.2510223389,21948,21959,11
12.989979744,80.2507476807,21959,21969,10
12.9909000397,80.2505493164,21969,21979,10
12.992389679,80.2501907349,21979,21989,10
12.9952898026,80.2495117188,21989,22000,11
12.9952898026,80.2495117188,22000,22010,10
12.9982004166,80.2487564087,22010,22020,10
12.9982004166,80.2487564087,22020,22030,10
12.9996795654,80.2483901978,22030,22040,10
13.0010700226,80.248046875,22040,22050,10
13.0021800995,80.2477722168,22050,22060,10
13.0027999878,80.2476577759,22060,22070,10
13.0044002533,80.2473907471,22070,22080,10
13.0044002533,80.2473907471,22080,22091,11
13.005610466,80.2471694946,22091,22101,10
13.0065097809,80.2465362549,22101,22111,10
13.0066299438,80.2454605103,22111,22121,10
13.0066404343,80.244430542,22121,22131,10
13.006649971,80.2434997559,22131,22141,10
13.0066204071,80.2424468994,22141,22151,10
13.0066404343,80.2412719727,22151,22160,9
13.0067396164,80.2403793335,22160,22171,11
13.0069303513,80.2395706177,22171,22182,11
13.0071201324,80.2385025024,22182,22192,10
13.0073795319,80.2374191284,22192,22202,10
13.007610321,80.2362365723,22202,22212,10
13.0078601837,80.2349624634,22212,22222,10
13.0081195831,80.2336120605,22222,22232,10
13.0083904266,80.2322387695,22232,22242,10
13.008649826,80.2308883667,22242,22252,10
13.008939743,80.2294616699,22252,22262,10
13.0092601776,80.2280578613,22262,22273,11
13.0098400116,80.2267227173,22273,22283,10
13.0103998184,80.2257003784,22283,22293,10
13.0108699799,80.2246398926,22293,22303,10
13.0113201141,80.2235412598,22303,22313,10
13.0114898682,80.2230834961,22313,22323,10
13.0117197037,80.2224502563,22323,22333,10
13.0121202469,80.2215576172,22333,22343,10
13.0122804642,80.2214813232,22343,22353,10
13.0125999451,80.2218322754,22353,22364,11
13.0132198334,80.2224731445,22364,22374,10
13.0138998032,80.2232437134,22374,22384,10
13.0144395828,80.223739624,22384,22394,10
13.0150604248,80.2245635986,22394,22404,10
13.0158100128,80.2252197266,22404,22414,10
13.0167102814,80.2252426147,22414,22424,10
13.0176200867,80.2249221802,22424,22434,10
13.0187196732,80.2244796753,22434,22445,11
13.0199098587,80.2246398926,22445,22455,10
13.0208501816,80.2253265381,22455,22465,10
13.0217103958,80.2259902954,22465,22475,10
13.022600174,80.2267532349,22475,22485,10
13.0234603882,80.2275314331,22485,22495,10
13.0237798691,80.2278366089,22495,22505,10
13.024140358,80.2282180786,22505,22515,10
13.0244197845,80.2285766602,22515,22525,10
13.0242500305,80.2286224365,22525,22535,10
13.024020195,80.2283401489,22535,22546,11
13.0233602524,80.2275772095,22546,22566,20
13.0233602524,80.2275772095,22566,22576,10
13.0231199265,80.2273635864,22576,22586,10
13.0228900909,80.2271270752,22586,22596,10
13.0225000381,80.2267379761,22596,22606,10
13.0219497681,80.2262496948,22606,22616,10
13.0212497711,80.225692749,22616,22627,11
13.0204696655,80.2250976563,22627,22637,10
13.0198001862,80.2246704102,22637,22647,10
13.0188903809,80.2244415283,22647,22657,10
13.0178003311,80.2248382568,22657,22667,10
13.0167598724,80.2253036499,22667,22677,10
13.0160598755,80.2255706787,22677,22687,10
13.0153102875,80.2258224487,22687,22697,10
13.0145196915,80.2261428833,22697,22708,11
13.0143995285,80.2261734009,22708,22718,10
13.0140399933,80.2263183594,22718,22728,10
13.0134000778,80.2265701294,22728,22738,10
13.0125703812,80.2269134521,22738,22748,10
13.0116100311,80.2273101807,22748,22758,10
13.0104904175,80.2277526855,22758,22768,10
13.009349823,80.2282867432,22768,22778,10
13.0090103149,80.2292861938,22778,22788,10
13.0087900162,80.2304992676,22788,22799,11
13.0084600449,80.231918335,22799,22809,10
13.0082302094,80.2334594727,22809,22829,20
13.0082302094,80.2334594727,22829,22839,10
13.0081300735,80.2337188721,22839,22849,10
13.0080499649,80.2342300415,22849,22859,10
13.0078697205,80.2350234985,22859,22869,10
13.0076799393,80.2360229492,22869,22879,10
13.0074300766,80.2372436523,22879,22890,11
13.0071802139,80.2384796143,22890,22900,10
13.0069999695,80.2394714355,22900,22910,10
13.006770134,80.2404785156,22910,22920,10
13.0066299438,80.241569519,22920,22930,10
13.0066299438,80.2427597046,22930,22940,10
13.0066099167,80.243927002,22940,22950,10
13.0066604614,80.2451782227,22950,22960,10
13.0067195892,80.2462310791,22960,22970,10
13.0067300797,80.2473068237,22970,22981,11
13.0067195892,80.2473602295,22981,22991,10
13.0066900253,80.247428894,22991,23001,10
13.0062599182,80.2474365234,23001,23011,10
13.0061101913,80.2473983765,23011,23021,10
13.005610466,80.2473602295,23021,23031,10
13.0048398972,80.2473678589,23031,23041,10
13.0038995743,80.2474975586,23041,23051,10
13.0027503967,80.2476806641,23051,23062,11
13.0013999939,80.2480010986,23062,23072,10
13.0000495911,80.2483215332,23072,23082,10
12.9985399246,80.2486877441,23082,23092,10
12.9969501495,80.2490768433,23092,23102,10
12.9953098297,80.2495193481,23102,23112,10
12.9937400818,80.2499389648,23112,23122,10
12.9921302795,80.250328064,23122,23132,10
12.991060257,80.2506332397,23132,23156,24
12.9903697968,80.2508010864,23156,23167,11
12.9893903732,80.2510375977,23167,23177,10
12.9881401062,80.2513198853,23177,23187,10
12.9871501923,80.2515792847,23187,23197,10
12.98595047,80.2518768311,23197,23207,10
12.984869957,80.252166748,23207,23217,10
12.9831495285,80.2526016235,23217,23227,10
12.9816799164,80.2526702881,23227,23238,11
12.9802999496,80.2527084351,23238,23248,10
12.9792804718,80.2526779175,23248,23258,10
12.9786996841,80.2526016235,23258,23268,10
12.9785404205,80.2525405884,23268,23278,10
12.9781198502,80.252243042,23278,23288,10
12.9774904251,80.2516708374,23288,23298,10
12.9765396118,80.2511978149,23298,23308,10
12.9753704071,80.2508468628,23308,23318,10
12.9740800858,80.2504806519,23318,23329,11
12.9725904465,80.2500762939,23329,23339,10
12.9712295532,80.2497177124,23339,23349,10
12.9697504044,80.2492370605,23349,23359,10
12.968290329,80.2486572266,23359,23369,10
12.9670200348,80.2481002808,23369,23379,10
12.9657497406,80.247543335,23379,23389,10
12.9652099609,80.2473297119,23389,23399,10
12.9651098251,80.2472763062,23399,23409,10
12.9646196365,80.2471237183,23409,23420,11
12.9638204575,80.2468338013,23420,23430,10
12.9629201889,80.2463912964,23430,23440,10
12.9618196487,80.24584198,23440,23450,10
12.9606199265,80.2452774048,23450,23460,10
12.9596004486,80.2448806763,23460,23470,10
12.9594202042,80.2447662354,23470,23480,10
12.9589595795,80.2445526123,23480,23490,10
12.9582395554,80.2442321777,23490,23501,11
12.9575195313,80.2439575195,23501,23511,10
12.9567499161,80.2436828613,23511,23521,10
12.9562797546,80.2434997559,23521,23531,10
12.9556999207,80.2432479858,23531,23541,10
12.9549398422,80.2428665161,23541,23551,10
12.9539804459,80.242477417,23551,23561,10
12.9528398514,80.2420120239,23561,23571,10
12.95154953,80.2415466309,23571,23581,10
12.9501800537,80.2410964966,23581,23592,11
12.9487800598,80.2406387329,23592,23602,10
12.9475402832,80.2401199341,23602,23612,10
12.9465303421,80.2397003174,23612,23622,10
12.9454097748,80.2391891479,23622,23632,10
12.9444303513,80.2382507324,23632,23642,10
12.9434499741,80.2371902466,23642,23652,10
12.9422302246,80.2364120483,23652,23662,10
12.9407396317,80.2360534668,23662,23672,10
12.9398403168,80.2358016968,23672,23683,11
12.939499855,80.2356567383,23683,23693,10
12.9388799667,80.2353134155,23693,23703,10
12.9380197525,80.23487854,23703,23713,10
12.9369897842,80.2343597412,23713,23723,10
12.9358196259,80.2338104248,23723,23733,10
12.9345598221,80.233253479,23733,23743,10
12.9338998795,80.2329483032,23743,23753,10
12.9336795807,80.2328491211,23753,23763,10
12.9331102371,80.2325973511,23763,23774,11
12.9321804047,80.2322463989,23774,23784,10
12.9311304092,80.2319107056,23784,23794,10
12.9299497604,80.2315292358,23794,23804,10
12.9286603928,80.2312698364,23804,23814,10
12.9272603989,80.2310562134,23814,23824,10
12.9258298874,80.2308883667,23824,23834,10
12.9244098663,80.23072052,23834,23844,10
12.9229898453,80.2305374146,23844,23855,11
12.9212703705,80.2302703857,23855,23865,10
12.9197702408,80.2300872803,23865,23875,10
12.9183597565,80.2299118042,23875,23885,10
12.9169902802,80.2297592163,23885,23952,67
12.9080295563,80.2284317017,23952,23963,11
12.9071598053,80.2282867432,23963,23973,10
12.9067602158,80.2282562256,23973,23983,10
12.9060897827,80.2281799316,23983,23993,10
12.9051399231,80.2281265259,23993,24003,10
12.903960228,80.2280807495,24003,24013,10
12.9026298523,80.2280197144,24013,24023,10
12.9012002945,80.2279205322,24023,24074,51
12.9012002945,80.2279205322,24074,24084,10
12.9011001587,80.2279129028,24084,24094,10
12.9006795883,80.2278823853,24094,24104,10
12.8999300003,80.2278366089,24104,24114,10
12.899189949,80.2278366089,24114,24125,11
12.8988800049,80.2278518677,24125,24135,10
12.8981800079,80.2277908325,24135,24145,10
12.8973197937,80.2277297974,24145,24155,10
12.8962602615,80.2276763916,24155,24165,10
12.8951501846,80.2276306152,24165,24175,10
12.8939599991,80.2275390625,24175,24185,10
12.8926401138,80.2273788452,24185,24195,10
12.891289711,80.2273330688,24195,24205,10
12.8897695541,80.2273330688,24205,24216,11
12.8879699707,80.2272796631,24216,24226,10
12.8864202499,80.2270126343,24226,24236,10
12.8849401474,80.2267227173,24236,24246,10
12.8835096359,80.2266769409,24246,24256,10
12.8819198608,80.2266998291,24256,24266,10
12.88022995,80.2267074585,24266,24276,10
12.8784799576,80.2267837524,24276,24286,10
12.8769798279,80.2269134521,24286,24297,11
12.8757400513,80.2269515991,24297,24307,10
12.8744401932,80.2267990112,24307,24317,10
12.8730602264,80.2266769409,24317,24327,10
12.8717298508,80.2266387939,24327,24337,10
12.8702402115,80.2265625,24337,24347,10
12.8686599731,80.2263793945,24347,24357,10
12.8669996262,80.2264633179,24357,24367,10
12.8654098511,80.2265777588,24367,24377,10
12.8637599945,80.2265167236,24377,24388,11
12.8619298935,80.2265701294,24388,24398,10
12.8602695465,80.2265014648,24398,24408,10
12.8587999344,80.2262878418,24408,24418,10
12.8573598862,80.226272583,24418,24428,10
12.8558197021,80.2264099121,24428,24438,10
12.8542604446,80.2265777588,24438,24448,10
12.852809906,80.2266998291,24448,24458,10
12.8513097763,80.2266082764,24458,24468,10
12.8498401642,80.2265472412,24468,24479,11
12.8482198715,80.2265701294,24479,24489,10
12.8467998505,80.2265930176,24489,24499,10
12.8456001282,80.2266082764,24499,24509,10
12.8450403214,80.2266387939,24509,24519,10
12.8448600769,80.2266464233,24519,24529,10
12.8442401886,80.2266921997,24529,24539,10
12.8433599472,80.2267990112,24539,24549,10
12.842300415,80.2270202637,24549,24559,10
12.841050148,80.2273406982,24559,24570,11
12.8400497437,80.2276611328,24570,24580,10
12.839679718,80.2277984619,24580,24590,10
12.8393001556,80.2278900146,24590,24600,10
12.8385601044,80.2280273438,24600,24610,10
12.8376197815,80.2282409668,24610,24620,10
12.8364696503,80.2284011841,24620,24630,10
12.835149765,80.2285995483,24630,24640,10
12.8336696625,80.228843689,24640,24651,11
12.8322896957,80.2291488647,24651,24661,10
12.8320302963,80.2292022705,24661,24671,10
12.8316802979,80.2292785645,24671,24681,10
12.8310203552,80.2294616699,24681,24691,10
12.8301000595,80.2297973633,24691,24701,10
12.8290300369,80.23021698,24701,24711,10
12.827870369,80.2308578491,24711,24721,10
12.8265199661,80.231338501,24721,24731,10
12.8250303268,80.2313995361,24731,24742,11
12.8234701157,80.231048584,24742,24752,10
12.8220996857,80.2306289673,24752,24762,10
12.8207397461,80.2304534912,24762,24772,10
12.8194198608,80.2305221558,24772,24782,10
12.8188400269,80.23046875,24782,24792,10
12.818400383,80.2302703857,24792,24802,10
12.8176202774,80.2298965454,24802,24812,10
12.8165597916,80.2295532227,24812,24822,10
12.8152799606,80.229347229,24822,24833,11
12.8137302399,80.229019165,24833,24843,10
12.8122301102,80.2285232544,24843,24853,10
12.8107099533,80.2279434204,24853,24863,10
12.8093395233,80.2273330688,24863,24873,10
12.808259964,80.2264785767,24873,24883,10
12.8072004318,80.2255783081,24883,24893,10
12.8063201904,80.2248077393,24893,24903,10
12.8054304123,80.2241210938,24903,24914,11
12.8043403625,80.2238998413,24914,24924,10
12.8033704758,80.2238311768,24924,24934,10
12.802359581,80.2237167358,24934,24944,10
12.8012599945,80.2236175537,24944,24954,10
12.8001804352,80.2235107422,24954,24964,10
12.7989702225,80.2234268188,24964,24974,10
12.7975196838,80.2232284546,24974,24984,10
12.7960300446,80.2229385376,24984,24994,10
12.7948198318,80.2227401733,24994,25005,11
12.7934799194,80.2225189209,25005,25015,10
12.7918796539,80.2222290039,25015,25025,10
12.7904396057,80.2218704224,25025,25035,10
12.7895202637,80.2216186523,25035,25045,10
12.789150238,80.2214736938,25045,25055,10
12.7885799408,80.2212371826,25055,25065,10
12.7879104614,80.2209625244,25065,25075,10
12.7873401642,80.2207489014,25075,25085,10
12.786860466,80.2205734253,25085,25096,11
12.7866802216,80.2205123901,25096,25106,10
12.7866296768,80.2204971313,25106,25116,10
12.7862901688,80.2203826904,25116,25126,10
12.786239624,80.2203826904,25126,25136,10
12.7862195969,80.2204818726,25136,25146,10
12.7862195969,80.2209396362,25146,25156,10
12.7862195969,80.2212295532,25156,25166,10
12.7862501144,80.2218322754,25166,25945,779
12.7862501144,80.2218322754,25945,25955,10
12.7862300873,80.2214202881,25955,25966,11
12.7862100601,80.2209014893,25966,25976,10
12.7862195969,80.2204666138,25976,26006,30
12.7862195969,80.2204666138,26006,26016,10
12.7863998413,80.2203598022,26016,26026,10
12.7864599228,80.220413208,26026,26036,10
12.7867002487,80.2205200195,26036,26046,10
12.7871904373,80.2207183838,26046,26057,11
12.787610054,80.2208786011,26057,26067,10
12.7879800797,80.2210388184,26067,26077,10
12.7885799408,80.2212677002,26077,26087,10
12.7892904282,80.2215423584,26087,26097,10
12.7898302078,80.2217407227,26097,26107,10
12.7902803421,80.2218399048,26107,26117,10
12.7909803391,80.2220077515,26117,26127,10
12.7918300629,80.2222213745,26127,26137,10
12.7929000854,80.2224502563,26137,26148,11
12.7941398621,80.2226409912,26148,26158,10
12.7950201035,80.2227783203,26158,26168,10
12.7955503464,80.222869873,26168,26178,10
12.7960596085,80.2229385376,26178,26188,10
12.7964496613,80.2229995728,26188,26198,10
12.7968502045,80.2230682373,26198,26208,10
12.7975101471,80.223197937,26208,26218,10
12.7982997894,80.2232971191,26218,26228,10
12.7990999222,80.2233886719,26228,26239,11
12.8001203537,80.2234802246,26239,26249,10
12.8011398315,80.2235870361,26249,26259,10
12.8020401001,80.2236785889,26259,26269,10
12.8029699326,80.2238006592,26269,26279,10
12.8039503098,80.2238998413,26279,26289,10
12.8049402237,80.2239990234,26289,26299,10
12.8055496216,80.2241821289,26299,26309,10
12.8056697845,80.2242279053,26309,26320,11
12.8058204651,80.2243499756,26320,26330,10
12.8062601089,80.2247314453,26330,26340,10
12.8068704605,80.2252807617,26340,26350,10
12.8076696396,80.2259597778,26350,26360,10
12.8085699081,80.2267227173,26360,26370,10
12.8096199036,80.2274780273,26370,26380,10
12.8108997345,80.2280273438,26380,26390,10
12.8121995926,80.2285232544,26390,26400,10
12.8135099411,80.2289581299,26400,26411,11
12.8150997162,80.229309082,26411,26421,10
12.8165597916,80.2295227051,26421,26431,10
12.8179397583,80.2300109863,26431,26441,10
12.8191699982,80.2304992676,26441,26451,10
12.819849968,80.2304763794,26451,26461,10
12.8199596405,80.2304763794,26461,26471,10
12.8204698563,80.2304611206,26471,26481,10
12.8212499619,80.2304763794,26481,26491,10
12.8221797943,80.2306518555,26491,26502,11
12.8233699799,80.231010437,26502,26512,10
12.8245897293,80.2313079834,26512,26522,10
12.8259000778,80.2313919067,26522,26532,10
12.8272895813,80.2311706543,26532,26542,10
12.8285999298,80.2304611206,26542,26552,10
12.8299303055,80.2298583984,26552,26562,10
12.8310604095,80.2294311523,26562,26572,10
12.8313102722,80.2293167114,26572,26582,10
12.8315896988,80.2292480469,26582,26593,11
12.8321895599,80.2291030884,26593,26603,10
12.8329696655,80.2289276123,26603,26613,10
12.8339595795,80.2287826538,26613,26623,10
12.8350801468,80.2285995483,26623,26633,10
12.8362798691,80.2284164429,26633,26643,10
12.8374004364,80.2282409668,26643,26653,10
12.8385696411,80.2279663086,26653,26663,10
12.8392400742,80.2277984619,26663,26674,11
12.8394804001,80.2277069092,26674,26684,10
12.8396596909,80.2276382446,26684,26694,10
12.8401699066,80.2275390625,26694,26704,10
12.8409004211,80.2273635864,26704,26714,10
12.841750145,80.2271270752,26714,26724,10
12.8427801132,80.2269134521,26724,26734,10
12.8439302444,80.2266998291,26734,26744,10
12.8448801041,80.2266082764,26744,26754,10
12.8455896378,80.2265396118,26754,26765,11
12.8456401825,80.2265396118,26765,26775,10
12.8459100723,80.2265701294,26775,26785,10
12.8464803696,80.2265701294,26785,26795,10
12.8472499847,80.2265701294,26795,26805,10
12.8481397629,80.2265625,26805,26815,10
12.8491401672,80.2265625,26815,26825,10
12.8502397537,80.2265625,26825,26835,10
12.8514404297,80.2266082764,26835,26845,10
12.8527002335,80.2266616821,26845,26856,11
12.8542900085,80.2265625,26856,26866,10
12.8557796478,80.2264099121,26866,26876,10
12.8572702408,80.2262573242,26876,26886,10
12.8585300446,80.2262191772,26886,26896,10
12.8597402573,80.2263717651,26896,26906,10
12.8607597351,80.2264862061,26906,26916,10
12.8608398438,80.2265014648,26916,26926,10
12.8611001968,80.2265167236,26926,26936,10
12.861700058,80.2265319824,26936,26947,11
12.8626098633,80.2264785767,26947,26957,10
12.8635702133,80.2264709473,26957,26967,10
12.864689827,80.2265167236,26967,26977,10
12.8659601212,80.2265319824,26977,26989,12
12.8672800064,80.2264328003,26989,26999,10
12.8683996201,80.2263336182,26999,27009,10
12.8694896698,80.2264709473,27009,27019,10
12.8704395294,80.2265777588,27019,27030,11
12.8715696335,80.2266311646,27030,27040,10
12.8728199005,80.2266464233,27040,27050,10
12.8739099503,80.2267074585,27050,27060,10
12.875120163,80.2268676758,27060,27070,10
12.8762998581,80.2269287109,27070,27080,10
12.8768396378,80.2268981934,27080,27090,10
12.8768997192,80.2268981934,27090,27101,11
12.8770799637,80.2268981934,27101,27110,9
12.8776502609,80.2268371582,27110,27122,12
12.8786096573,80.2267837524,27122,27132,10
12.8795404434,80.2267379761,27132,27142,10
12.8805904388,80.2267303467,27142,27152,10
12.8817501068,80.2267227173,27152,27162,10
12.8830003738,80.2266998291,27162,27172,10
12.8843002319,80.2266769409,27172,27182,10
12.885219574,80.2266998291,27182,27192,10
12.8854398727,80.2267074585,27192,27202,10
12.8855304718,80.2267303467,27202,27213,11
12.8860197067,80.2268600464,27213,27223,10
12.8867301941,80.2270507813,27223,27233,10
12.8875799179,80.2272186279,27233,27243,10
12.8885498047,80.2273406982,27243,27253,10
12.8896398544,80.2273635864,27253,27263,10
12.89083004,80.2273635864,27263,27273,10
12.8919897079,80.2273635864,27273,27283,10
12.892829895,80.2274169922,27283,27293,10
12.8937397003,80.2275390625,27293,27304,11
12.8948802948,80.2276229858,27304,27314,10
12.8960399628,80.2276687622,27314,27324,10
12.8973197937,80.227722168,27324,27334,10
12.8986501694,80.2277984619,27334,27344,10
12.8998403549,80.2278366089,27344,27354,10
12.9005002975,80.2278366089,27354,27445,91
12.9005002975,80.2278366089,27445,27455,10
12.900759697,80.2278594971,27455,27465,10
12.9009799957,80.227897644,27465,27476,11
12.9012002945,80.2279281616,27476,27486,10
12.9016199112,80.2279586792,27486,27496,10
12.9022397995,80.2279815674,27496,27506,10
12.9028997421,80.228012085,27506,27516,10
12.9029397964,80.228012085,27516,27526,10
12.9033403397,80.2279891968,27526,27536,10
12.9039802551,80.2280578613,27536,27546,10
12.904800415,80.2281188965,27546,27556,10
12.9057397842,80.2282028198,27556,27567,11
12.9065198898,80.2282562256,27567,27577,10
12.9067001343,80.2282791138,27577,27587,10
12.9067201614,80.2282791138,27587,27597,10
12.9068202972,80.2282867432,27597,27607,10
12.9072504044,80.2282791138,27607,27617,10
12.9074897766,80.228302002,27617,27627,10
12.9078903198,80.2283782959,27627,27637,10
12.9085597992,80.2285003662,27637,27647,10
12.9094600677,80.2286529541,27647,27658,11
12.9106302261,80.228843689,27658,27668,10
12.9118099213,80.2290115356,27668,27678,10
12.9130802155,80.2291870117,27678,27688,10
12.9137802124,80.2292633057,27688,27698,10
12.9137802124,80.2292709351,27698,27708,10
12.9139204025,80.2293167114,27708,27718,10
12.9143695831,80.2293930054,27718,27728,10
12.915019989,80.2294769287,27728,27739,11
12.9159402847,80.2295913696,27739,27749,10
12.9169101715,80.2297210693,27749,27759,10
12.9180002213,80.2298583984,27759,27769,10
12.9191703796,80.2300567627,27769,27779,10
12.9204702377,80.23021698,27779,27789,10
12.9218301773,80.2304000854,27789,27799,10
12.9232501984,80.2306137085,27799,27809,10
12.9246397018,80.230796814,27809,27819,10
12.925860405,80.2309036255,27819,27830,11
12.9262104034,80.2309417725,27830,27840,10
12.9265804291,80.2309875488,27840,27850,10
12.9272003174,80.2310714722,27850,27860,10
12.9280195236,80.2311630249,27860,27870,10
12.9289398193,80.2313079834,27870,27880,10
12.9299402237,80.2315292358,27880,27890,10
12.9310398102,80.2318496704,27890,27900,10
12.9321298599,80.2322006226,27900,27923,23
12.9331703186,80.2325363159,27923,27933,10
12.9334402084,80.2327270508,27933,27943,10
12.9337100983,80.2329025269,27943,27953,10
12.9343900681,80.2331771851,27953,27963,10
12.935210228,80.2335205078,27963,27973,10
12.9357204437,80.2337722778,27973,27983,10
12.9358701706,80.2338180542,27983,27993,10
12.9362401962,80.2339782715,27993,28004,11
12.9368801117,80.2342910767,28004,28014,10
12.9376497269,80.2346572876,28014,28024,10
12.9385299683,80.2351074219,28024,28034,10
12.939499855,80.2356033325,28034,28044,10
12.9397802353,80.2357788086,28044,28054,10
12.940079689,80.2358627319,28054,28064,10
12.9405202866,80.236000061,28064,28074,10
12.9414300919,80.2362213135,28074,28084,10
12.9422903061,80.2364425659,28084,28095,11
12.9432401657,80.2369308472,28095,28105,10
12.943980217,80.2377090454,28105,28115,10
12.9447402954,80.2385177612,28115,28125,10
12.9456596375,80.2393417358,28125,28135,10
12.9467802048,80.2397766113,28135,28145,10
12.9469404221,80.2398605347,28145,28155,10
12.9472303391,80.2400131226,28155,28165,10
12.9476995468,80.240196228,28165,28175,10
12.9486503601,80.2406005859,28175,28196,21
12.9486503601,80.2406005859,28196,28206,10
12.948849678,80.2406387329,28206,28216,10
12.9492902756,80.2408218384,28216,28226,10
12.9499998093,80.2410430908,28226,28236,10
12.9507398605,80.2413024902,28236,28246,10
12.9514799118,80.2415237427,28246,28256,10
12.9522199631,80.2417984009,28256,28267,11
12.952750206,80.2419891357,28267,28277,10
12.9530096054,80.2420806885,28277,28287,10
12.9535598755,80.2423019409,28287,28297,10
12.95429039,80.2425689697,28297,28307,10
12.9550600052,80.2428817749,28307,28317,10
12.9558401108,80.2431488037,28317,28327,10
12.9563102722,80.2433624268,28327,28337,10
12.9564399719,80.2433929443,28337,28347,10
12.9568996429,80.2436218262,28347,28358,11
12.9576702118,80.2439575195,28358,28368,10
12.9584798813,80.2442932129,28368,28378,10
12.9592199326,80.2446212769,28378,28388,10
12.9600496292,80.2450027466,28388,28398,10
12.9610004425,80.2454528809,28398,28408,10
12.9620599747,80.2459793091,28408,28418,10
12.9631795883,80.2465286255,28418,28428,10
12.9642095566,80.2470092773,28428,28438,10
12.9652795792,80.2473678589,28438,28449,11
12.9663000107,80.2477493286,28449,28459,10
12.9669799805,80.2480316162,28459,28469,10
12.967040062,80.2480697632,28469,28479,10
12.9672002792,80.2481994629,28479,28489,10
12.9677400589,80.2484512329,28489,28499,10
12.9684801102,80.2487716675,28499,28509,10
12.9693698883,80.2491073608,28509,28519,10
12.9703502655,80.2494812012,28519,28529,10
12.9714803696,80.2498092651,28529,28540,11
12.9728403091,80.2501602173,28540,28550,10
12.9741401672,80.2505111694,28550,28560,10
12.9754295349,80.2508926392,28560,28570,10
12.9766798019,80.2512435913,28570,28580,10
12.977809906,80.2518234253,28580,28590,10
12.9785604477,80.2523574829,28590,28600,10
12.9786195755,80.2524032593,28600,28610,10
12.9787197113,80.2524795532,28610,28621,11
12.9792203903,80.2526168823,28621,28631,10
12.9797201157,80.2526397705,28631,28661,30
12.9797201157,80.2526397705,28661,28671,10
12.9798202515,80.2527313232,28671,28681,10
12.9801702499,80.2527084351,28681,28691,10
12.9808397293,80.2526779175,28691,28701,10
12.9817199707,80.2526397705,28701,28712,11
12.9828395844,80.2526016235,28712,28722,10
12.9839897156,80.2523880005,28722,28732,10
12.985159874,80.2520828247,28732,28742,10
12.9861001968,80.2518234253,28742,28752,10
12.9867801666,80.2516708374,28752,28762,10
12.9875097275,80.251411438,28762,28873,111
12.9875097275,80.251411438,28873,28883,10
12.9876899719,80.2513809204,28883,28894,11
12.9881601334,80.2512969971,28894,28904,10
12.9888496399,80.2510986328,28904,28914,10
12.9896001816,80.250869751,28914,28924,10
12.9897203445,80.2508392334,28924,28934,10
12.989979744,80.2508010864,28934,28944,10
12.990530014,80.2506713867,28944,28954,10
12.9912595749,80.2504882813,28954,28964,10
12.992099762,80.2502822876,28964,28974,10
12.9930696487,80.2500534058,28974,28985,11
12.9942598343,80.2497406006,28985,28995,10
12.9954204559,80.2494506836,28995,29005,10
12.9965801239,80.249130249,29005,29015,10
12.9969596863,80.2490005493,29015,29025,10
12.9969701767,80.2490081787,29025,29035,10
12.9973297119,80.248916626,29035,29045,10
12.9979696274,80.2487716675,29045,29055,10
12.9988203049,80.2485580444,29055,29065,10
12.9997901917,80.248336792,29065,29076,11
13.0009899139,80.2480392456,29076,29086,10
13.0021896362,80.2477493286,29086,29096,10
13.0034303665,80.2475204468,29096,29106,10
13.0047597885,80.2473373413,29106,29116,10
13.0059604645,80.2470703125,29116,29126,10
13.0066003799,80.2463531494,29126,29136,10
13.0066099167,80.2461776733,29136,29146,10
13.0066404343,80.2459182739,29146,29157,11
13.0066604614,80.245300293,29157,29167,10
13.0066299438,80.2445297241,29167,29177,10
13.0066299438,80.2436294556,29177,29187,10
13.0066003799,80.2426681519,29187,29197,10
13.0066099167,80.241607666,29197,29207,10
13.0067195892,80.2406387329,29207,29217,10
13.0069503784,80.2396087646,29217,29227,10
13.0071001053,80.2384185791,29227,29237,10
13.007349968,80.2373199463,29237,29248,11
13.0074396133,80.2366027832,29248,29258,10
13.0074396133,80.2365875244,29258,29268,10
13.0075397491,80.2363967896,29268,29278,10
13.0076599121,80.2359237671,29278,29288,10
13.0077896118,80.2352371216,29288,29298,10
13.0079402924,80.2343978882,29298,29308,10
13.0081396103,80.2333068848,29308,29318,10
13.0084104538,80.232093811,29318,29328,10
13.0086898804,80.230682373,29328,29339,11
13.0090198517,80.229057312,29339,29349,10
13.0093898773,80.2276992798,29349,29359,10
13.0100002289,80.2264022827,29359,29369,10
13.0105695724,80.2252578735,29369,29379,10
13.0109395981,80.2244033813,29379,29389,10
13.0113401413,80.2234573364,29389,29399,10
13.0116901398,80.2225723267,29399,29409,10
13.0120897293,80.2215270996,29409,29419,10
13.0123996735,80.2215194702,29419,29430,11
13.0126199722,80.2218399048,29430,29440,10
13.0130901337,80.2223815918,29440,29450,10
13.0136995316,80.2230606079,29450,29460,10
13.014289856,80.2238235474,29460,29470,10
13.0149698257,80.2245483398,29470,29480,10
13.0157804489,80.2252731323,29480,29500,20
13.0157804489,80.2252731323,29500,29511,11
13.0161504745,80.2253799438,29511,29521,10
13.0168800354,80.2252426147,29521,29531,10
13.0178203583,80.2248687744,29531,29541,10
13.0188903809,80.2244415283,29541,29551,10
13.0195903778,80.2244110107,29551,29561,10
13.0195999146,80.2244262695,29561,29571,10
13.019659996,80.2245178223,29571,29581,10
13.0200195313,80.2247467041,29581,29591,10
13.0205402374,80.2250976563,29591,29602,11
13.0209703445,80.225402832,29602,29612,10
13.0212402344,80.2256393433,29612,29622,10
13.0217103958,80.2259979248,29622,29632,10
13.0221500397,80.2262420654,29632,30188,556
13.0222101212,80.2263793945,30188,30573,385
13.0222101212,80.2263793945,30573,30583,10
13.0223302841,80.2266235352,30583,30593,10
13.0227603912,80.2269821167,30593,30603,10
13.0232095718,80.2274017334,30603,30613,10
13.0235595703,80.2276992798,30613,30623,10
13.0239896774,80.2280807495,30623,30633,10
13.0244102478,80.2285385132,30633,30694,61
13.0244102478,80.2285385132,30694,30704,10
13.0242795944,80.2286300659,30704,30714,10
13.024020195,80.2283401489,30714,30724,10
13.0236301422,80.227897644,30724,30734,10
13.0234203339,80.2276992798,30734,31058,324
13.0234298706,80.2273406982,31058,31200,142
13.0234298706,80.2273406982,31200,31210,10
13.0231399536,80.2272415161,31210,31220,10
13.0228204727,80.2269668579,31220,31230,10
13.022600174,80.2267227173,31230,31240,10
13.0223197937,80.2265014648,31240,31250,10
13.0218696594,80.2261199951,31250,31260,10
13.0213098526,80.2257080078,31260,31270,10
13.0206604004,80.2252731323,31270,31281,11
13.0199098587,80.2247695923,31281,31291,10
13.0191202164,80.2244567871,31291,31301,10
13.0181798935,80.2247390747,31301,31311,10
13.01720047,80.225151062,31311,31321,10
13.0163602829,80.2254867554,31321,31331,10
13.0158395767,80.2256774902,31331,31341,10
13.015250206,80.2259292603,31341,31351,10
13.0147104263,80.2261810303,31351,31361,10
13.0142002106,80.2263717651,31361,31372,11
13.0141401291,80.2263565063,31372,31382,10
13.0139102936,80.2264328003,31382,31392,10
13.013469696,80.2265930176,31392,31402,10
13.0128698349,80.2268218994,31402,31412,10
13.0122098923,80.2270889282,31412,31422,10
13.011590004,80.2273406982,31422,31432,10
13.0110998154,80.2275390625,31432,31442,10
13.0106601715,80.2277526855,31442,31736,294
13.0106601715,80.2277526855,31736,31746,10
13.0104703903,80.2277984619,31746,31756,10
13.0101604462,80.2279663086,31756,31766,10
13.00963974,80.2281723022,31766,31776,10
13.0091695786,80.2286224365,31776,31786,10
13.0090103149,80.2294692993,31786,31796,10
13.0087995529,80.2304611206,31796,31806,10
13.0085296631,80.2314376831,31806,31817,11
13.0083599091,80.2326507568,31817,31827,10
13.0082798004,80.2334823608,31827,31837,10
13.0082397461,80.2335510254,31837,31847,10
13.0082101822,80.2337112427,31847,31857,10
13.0081596375,80.2339019775,31857,31867,10
13.0080699921,80.2344436646,31867,31877,10
13.0078601837,80.2351837158,31877,31887,10
13.0077199936,80.2359313965,31887,31897,10
13.0075397491,80.2367401123,31897,31908,11
13.0074901581,80.2370376587,31908,31938,30
13.0074901581,80.2370376587,31938,31948,10
13.0074195862,80.2374572754,31948,31958,10
13.0073404312,80.2378768921,31958,31989,31
13.0073404312,80.2378768921,31989,31999,10
13.0072202682,80.2382965088,31999,32009,10
13.0071296692,80.2387008667,32009,32039,30
13.0071296692,80.2387008667,32039,32049,10
13.0070400238,80.2392425537,32049,32090,41
13.0070400238,80.2392425537,32090,32100,10
13.0069503784,80.2396621704,32100,32110,10
13.0068798065,80.239982605,32110,32120,10
13.0067796707,80.2405319214,32120,32150,30
13.0067796707,80.2405319214,32150,32160,10
13.0066900253,80.2410888672,32160,32181,21
13.0066900253,80.2410888672,32181,32191,10
13.0066604614,80.2413330078,32191,32201,10
13.0066404343,80.2417373657,32201,32211,10
13.0066299438,80.2421569824,32211,32221,10
13.0066299438,80.2424163818,32221,32231,10
13.0066404343,80.2428817749,32231,32272,41
13.0066003799,80.2431488037,32272,32302,30
13.0066003799,80.2431488037,32302,32312,10
13.0066003799,80.2434234619,32312,32322,10
13.0066099167,80.2436981201,32322,32332,10
13.0066099167,80.244140625,32332,32342,10
13.0066003799,80.2443618774,32342,32353,11
13.0066204071,80.2446289063,32353,32363,10
13.0066995621,80.2451400757,32363,32373,10
13.0066995621,80.2456207275,32373,32383,10
13.0066995621,80.24584198,32383,32403,20
13.0066995621,80.24584198,32403,32413,10
13.0067396164,80.2461624146,32413,32423,10
13.0067396164,80.2465362549,32423,32434,11
13.0067195892,80.2471694946,32434,32444,10
13.0059995651,80.2474365234,32444,32464,20
13.0059995651,80.2474365234,32464,32474,10
13.0058097839,80.2473373413,32474,32484,10
13.0054302216,80.2473068237,32484,32494,10
13.0047998428,80.2473297119,32494,32504,10
13.0040102005,80.247428894,32504,32514,10
13.0031099319,80.2475967407,32514,32525,11
13.0020198822,80.2478637695,32525,32535,10
13.0009202957,80.2481613159,32535,32545,10
12.9997701645,80.2484283447,32545,32555,10
12.9986200333,80.2487182617,32555,32565,10
12.9983997345,80.2487564087,32565,32575,10
12.9982995987,80.2487564087,32575,32585,10
12.9978399277,80.2488708496,32585,32595,10
12.9971399307,80.2490615845,32595,32605,10
12.9962596893,80.2492904663,32605,32616,11
12.9951696396,80.2495803833,32616,32626,10
12.9941396713,80.2498168945,32626,32636,10
12.9936103821,80.2499694824,32636,32767,131
12.9936103821,80.2499694824,32767,32777,10
12.9933099747,80.2500610352,32777,32787,10
12.9930000305,80.2501220703,32787,32798,11
12.9929199219,80.2501373291,32798,32808,10
12.9925699234,80.2501983643,32808,32818,10
12.9919996262,80.2503585815,32818,32828,10
12.9915399551,80.2504806519,32828,32838,10
12.9913196564,80.250541687,32838,32848,10
12.9912204742,80.250579834,32848,32858,10
12.9909496307,80.2506408691,32858,32868,10
12.9907302856,80.2506866455,32868,32878,10
12.9904298782,80.2507324219,32878,32889,11
12.9904203415,80.2507629395,32889,32899,10
12.9902095795,80.2507705688,32899,33212,313
12.9902095795,80.2507705688,33212,33222,10
12.9899396896,80.2509307861,33222,33232,10
12.9895095825,80.2509994507,33232,33243,11
12.9891901016,80.2510528564,33243,33253,10
12.9890804291,80.2510604858,33253,33263,10
12.9888496399,80.251121521,33263,33273,10
12.9884796143,80.2511901855,33273,33283,10
12.9882001877,80.2512817383,33283,33293,10
12.9878997803,80.2513580322,33293,33303,10
12.9874200821,80.2515029907,33303,33313,10
12.9870700836,80.2516098022,33313,33323,10
12.9865999222,80.2517471313,33323,33334,11
12.9859399796,80.2518386841,33334,33344,10
12.9851303101,80.2520828247,33344,33354,10
12.9842100143,80.2523269653,33354,33364,10
12.9831895828,80.252571106,33364,33374,10
12.9821395874,80.2526016235,33374,33384,10
12.981180191,80.2526321411,33384,33394,10
12.9806699753,80.2526626587,33394,33404,10
12.9804201126,80.2526397705,33404,33414,10
12.9800796509,80.2526092529,33414,33425,11
12.9796600342,80.252571106,33425,33435,10
12.9786901474,80.2525100708,33435,33455,20
12.9786901474,80.2525100708,33455,33465,10
12.978509903,80.2524490356,33465,33475,10
12.978099823,80.2521362305,33475,33485,10
12.9774999619,80.2516174316,33485,33495,10
12.9766902924,80.2512207031,33495,33506,11
12.9756097794,80.250869751,33506,33516,10
12.97453022,80.2505722046,33516,33526,10
12.9735498428,80.2503128052,33526,33536,10
12.9728403091,80.2501296997,33536,33546,10
12.972240448,80.2499923706,33546,33556,10
12.9714603424,80.2497787476,33556,33566,10
12.9705896378,80.2495422363,33566,33576,10
12.9696502686,80.2491836548,33576,33586,10
12.9686603546,80.2487564087,33586,33597,11
12.9676103592,80.248336792,33597,33607,10
12.9666595459,80.2478866577,33607,33617,10
12.9657297134,80.2475204468,33617,33627,10
12.9649801254,80.2473068237,33627,33647,20
12.9649801254,80.2473068237,33647,33657,10
12.9646701813,80.2471618652,33657,33667,10
12.9641399384,80.2469711304,33667,33677,10
12.9635601044,80.2467575073,33677,33688,11
12.9628200531,80.2464065552,33688,33698,10
12.9619998932,80.2459793091,33698,33708,10
12.9610795975,80.2455062866,33708,33718,10
12.9600696564,80.2450637817,33718,33728,10
12.9594202042,80.2448120117,33728,33738,10
12.9594097137,80.2447967529,33738,33748,10
12.9591999054,80.2446670532,33748,33758,10
12.9591503143,80.2446136475,33758,33768,10
12.9588899612,80.2444763184,33768,33779,11
12.9583301544,80.2442474365,33779,33789,10
12.9577198029,80.2440109253,33789,33799,10
12.9569597244,80.2437667847,33799,33809,10
12.956489563,80.243598938,33809,33819,10
12.9564800262,80.243598938,33819,33829,10
12.9561395645,80.2434692383,33829,33839,10
12.955619812,80.2432022095,33839,33849,10
12.9549198151,80.2428665161,33849,33859,10
12.9540901184,80.2425231934,33859,33870,11
12.9531002045,80.2421035767,33870,33880,10
12.9517202377,80.2416229248,33880,33910,30
12.9517202377,80.2416229248,33910,33920,10
12.9516296387,80.2415008545,33920,33930,10
12.951210022,80.2413635254,33930,33940,10
12.9505500793,80.2411880493,33940,33950,10
12.9497203827,80.2409515381,33950,33961,11
12.9490003586,80.2406997681,33961,33971,10
12.9483699799,80.2404403687,33971,33981,10
12.9476003647,80.2401275635,33981,33991,10
12.9471502304,80.2399368286,33991,34001,10
12.94713974,80.2399291992,34001,34011,10
12.9470500946,80.2398834229,34011,34021,10
12.946680069,80.2397689819,34021,34031,10
12.9461402893,80.2395401001,34031,34042,11
12.9454402924,80.2392272949,34042,34052,10
12.944849968,80.2386703491,34052,34062,10
12.9442300797,80.2379989624,34062,34072,10
12.9435796738,80.2372589111,34072,34082,10
12.9427995682,80.236618042,34082,34092,10
12.9416999817,80.2362594604,34092,34102,10
12.9405202866,80.2359619141,34102,34112,10
12.9398202896,80.235748291,34112,34133,21
12.9398202896,80.235748291,34133,34143,10
12.9396896362,80.2356491089,34143,34153,10
12.9392204285,80.235458374,34153,34163,10
12.9385795593,80.235168457,34163,34173,10
12.9378499985,80.2348175049,34173,34183,10
12.9370603561,80.2344207764,34183,34193,10
12.9362001419,80.2340011597,34193,34203,10
12.9352903366,80.2335662842,34203,34213,10
12.9340801239,80.233039856,34213,34254,41
12.9340801239,80.233039856,34254,34264,10
12.9338102341,80.2328720093,34264,34274,10
12.933259964,80.2326202393,34274,34284,10
12.932559967,80.2323303223,34284,34294,10
12.9317598343,80.2320709229,34294,34304,10
12.9308395386,80.2317810059,34304,34315,11
12.9298601151,80.2314987183,34315,34325,10
12.9292697906,80.2313537598,34325,34335,10
12.9287996292,80.2312927246,34335,34345,10
12.9281797409,80.2311935425,34345,34355,10
12.9273700714,80.2310791016,34355,34365,10
12.9261398315,80.2309875488,34365,34395,30
12.9261398315,80.2309875488,34395,34406,11
12.9259195328,80.2309875488,34406,34416,10
12.9254703522,80.2309265137,34416,34426,10
12.9248800278,80.2308807373,34426,34436,10
12.9241304398,80.230796814,34436,34446,10
12.9230203629,80.2306518555,34446,34578,132
12.9230203629,80.2306518555,34578,34588,10
12.9228897095,80.2305908203,34588,34598,10
12.922419548,80.230506897,34598,34608,10
12.9217500687,80.2304000854,34608,34618,10
12.9209403992,80.2302627563,34618,34628,10
12.9200401306,80.2301635742,34628,34638,10
12.9190196991,80.2300109863,34638,34648,10
12.9179401398,80.2298583984,34648,34658,10
12.917090416,80.2297363281,34658,34669,11
12.9161195755,80.2296066284,34669,34679,10
12.915140152,80.2294769287,34679,34689,10
12.9141597748,80.2293395996,34689,34699,10
12.9135503769,80.2293014526,34699,34729,30
12.9135503769,80.2293014526,34729,34739,10
12.9132699966,80.2292480469,34739,34749,10
12.912730217,80.2291488647,34749,34760,11
12.9119100571,80.2290267944,34760,34770,10
12.9110202789,80.2289123535,34770,34780,10
12.9100599289,80.2287521362,34780,34790,10
12.9089002609,80.228553772,34790,34820,30
12.9089002609,80.228553772,34820,34830,10
12.9088001251,80.2285308838,34830,34840,10
12.9084997177,80.2284393311,34840,34851,11
12.9078903198,80.2283477783,34851,34861,10
12.9071998596,80.2282714844,34861,34871,10
12.9066896439,80.2282333374,34871,34881,10
12.9060697556,80.2281723022,34881,34891,10
12.9053602219,80.2281570435,34891,34901,10
12.9046497345,80.2281265259,34901,34911,10
12.9034700394,80.2281188965,34911,35063,152
12.9034700394,80.2281188965,35063,35073,10
12.9030599594,80.2281036377,35073,35083,10
12.902759552,80.2280731201,35083,35093,10
12.9025602341,80.2280578613,35093,35103,10
12.9022197723,80.2280502319,35103,35114,11
12.9018802643,80.2280197144,35114,35124,10
12.9016504288,80.2279815674,35124,35134,10
12.9013795853,80.2279815674,35134,35144,10
12.9011697769,80.228012085,35144,35154,10
12.9009599686,80.2279586792,35154,35164,10
12.9008102417,80.227897644,35164,35174,10
12.9005899429,80.2278900146,35174,35184,10
12.900270462,80.2278823853,35184,35194,10
12.8998003006,80.2278900146,35194,35205,11
12.899140358,80.2278594971,35205,35215,10
12.898850441,80.2278671265,35215,35225,10
12.8987998962,80.2278671265,35225,35235,10
12.8986997604,80.2278671265,35235,35245,10
12.8984899521,80.2278289795,35245,35255,10
12.8983802795,80.2278213501,35255,35265,10
12.8979902267,80.2277908325,35265,35275,10
12.8973903656,80.2277526855,35275,35285,10
12.8966503143,80.227722168,35285,35296,11
12.8957300186,80.2276763916,35296,35306,10
12.8948297501,80.2276382446,35306,35316,10
12.8938598633,80.2275772095,35316,35326,10
12.8930501938,80.2275009155,35326,35356,30
12.8930501938,80.2275009155,35356,35366,10
12.892950058,80.2274703979,35366,35376,10
12.8926801682,80.2274398804,35376,35387,11
12.8923597336,80.2274017334,35387,35397,10
12.891869545,80.2273483276,35397,35407,10
12.8911800385,80.2273406982,35407,35417,10
12.8903503418,80.2273406982,35417,35427,10
12.8894195557,80.2273178101,35427,35437,10
12.8884496689,80.2273101807,35437,35447,10
12.8874101639,80.2272109985,35447,35457,10
12.8863201141,80.2269668579,35457,35467,10
12.8852996826,80.2267379761,35467,35478,11
12.8849496841,80.2267227173,35478,35488,10
12.8848800659,80.2267227173,35488,35498,10
12.8844804764,80.2266998291,35498,35508,10
12.8838596344,80.2266998291,35508,35518,10
12.8830604553,80.2267074585,35518,35528,10
12.8821601868,80.2267227173,35528,35538,10
12.8811798096,80.2267227173,35538,35548,10
12.8801298141,80.2267303467,35548,35558,10
12.8789796829,80.2267608643,35558,35569,11
12.8777799606,80.2268600464,35569,35579,10
12.8770799637,80.2269134521,35579,35589,10
12.8768997192,80.2269210815,35589,35599,10
12.8766403198,80.2269668579,35599,35629,30
12.8766403198,80.2269668579,35629,35639,10
12.8763198853,80.2269821167,35639,35650,11
12.8757696152,80.2269592285,35650,35660,10
12.8750896454,80.2268981934,35660,35670,10
12.874250412,80.2267913818,35670,35680,10
12.8733797073,80.2266998291,35680,35690,10
12.8725099564,80.2266464233,35690,35700,10
12.8715896606,80.2266387939,35700,35710,10
12.8707199097,80.2265777588,35710,35720,10
12.8698196411,80.2264862061,35720,35730,10
12.8688402176,80.2263793945,35730,35741,11
12.867650032,80.2264099121,35741,35751,10
12.8665599823,80.2265396118,35751,35761,10
12.8654603958,80.2266235352,35761,35771,10
12.8642997742,80.2265777588,35771,35781,10
12.8630599976,80.2265396118,35781,35791,10
12.8617801666,80.2265777588,35791,35801,10
12.8608398438,80.2265396118,35801,35811,10
12.8600301743,80.2264480591,35811,35821,10
12.8592395782,80.2263412476,35821,35832,11
12.8590602875,80.2263183594,35832,35842,10
12.8587598801,80.226272583,35842,35852,10
12.8582496643,80.2262420654,35852,35862,10
12.8575897217,80.2262802124,35862,35872,10
12.8567695618,80.2263565063,35872,35882,10
12.8558197021,80.2264633179,35882,35892,10
12.8548002243,80.2265777588,35892,35902,10
12.8536996841,80.2266921997,35902,35912,10
12.852519989,80.2267074585,35912,35923,11
12.8511896133,80.2266616821,35923,35933,10
12.8500003815,80.2266082764,35933,35943,10
12.8488998413,80.2265777588,35943,35953,10
12.8478097916,80.226600647,35953,35963,10
12.8466997147,80.2266082764,35963,35973,10
12.8459796906,80.2266464233,35973,36003,30
12.8459796906,80.2266464233,36003,36014,11
12.8458204269,80.2266082764,36014,36024,10
12.8456001282,80.2265701294,36024,36034,10
12.8452796936,80.2265777588,36034,36044,10
12.8447303772,80.2266387939,36044,36054,10
12.8439798355,80.2266769409,36054,36064,10
12.8431196213,80.2268295288,36064,36074,10
12.842209816,80.2269973755,36074,36084,10
12.8410997391,80.2273101807,36084,36094,10
12.8402299881,80.2275695801,36094,36105,11
12.8397397995,80.2277374268,36105,36115,10
12.8397197723,80.2277374268,36115,36125,10
12.839509964,80.2277908325,36125,36135,10
12.8390197754,80.227897644,36135,36145,10
12.838350296,80.2280502319,36145,36155,10
12.8375301361,80.2282333374,36155,36165,10
12.8366098404,80.2283706665,36165,36175,10
12.8355703354,80.2285308838,36175,36186,11
12.8343296051,80.228729248,36186,36196,10
12.8331203461,80.2289505005,36196,36206,10
12.8322401047,80.2290878296,36206,36246,40
12.8321199417,80.2291488647,36246,36266,20
12.8319501877,80.2291793823,36266,36347,81
12.8319501877,80.2291793823,36347,36357,10
12.8315496445,80.2287216187,36357,36378,21
12.8315496445,80.2287216187,36378,36388,10
12.8315496445,80.2286682129,36388,36398,10
12.8315095901,80.2283172607,36398,36408,10
12.8313999176,80.2277832031,36408,36418,10
12.8312501907,80.2270431519,36418,36428,10
12.8311004639,80.2261886597,36428,36438,10
12.8311004639,80.2253036499,36438,36448,10
12.8311004639,80.2246627808,36448,36459,11
12.8311195374,80.2241973877,36459,36469,10
12.8311300278,80.2235565186,36469,36479,10
12.8311300278,80.2227172852,36479,36489,10
12.8311300278,80.22215271,36489,36499,10
12.8311395645,80.2217407227,36499,36509,10
12.8311595917,80.2211074829,36509,36519,10
12.8311595917,80.2203292847,36519,36529,10
12.8311595917,80.2197189331,36529,36539,10
12.8309602737,80.2194137573,36539,36550,11
12.8302402496,80.2194366455,36550,36560,10
12.8294000626,80.2194519043,36560,36570,10
12.8284702301,80.2194595337,36570,36580,10
12.8277397156,80.2194366455,36580,36590,10
12.8271903992,80.2194671631,36590,36641,51
12.8271903992,80.2194671631,36641,36651,10
12.8270196915,80.2194519043,36651,36661,10
12.82654953,80.2194595337,36661,36671,10
12.8260803223,80.2194366455,36671,36681,10
12.8256597519,80.2194213867,36681,36691,10
12.8249702454,80.2194290161,36691,36701,10
12.8246002197,80.2194137573,36701,36710,9
12.8245697021,80.2193908691,36710,36722,12
12.8242397308,80.219291687,36722,36732,10
12.8236703873,80.2194366455,36732,36742,10
12.8229503632,80.2194519043,36742,36752,10
12.8226699829,80.2192687988,36752,36762,10
12.8226604462,80.2191390991,36762,36772,10
12.822640419,80.2189025879,36772,36782,10
12.8226604462,80.2183914185,36782,36792,10
12.8226699829,80.2175979614,36792,36802,10
12.8226804733,80.2166290283,36802,36813,11
12.8227796555,80.2158966064,36813,36823,10
12.8229103088,80.2159194946,36823,36833,10
12.823220253,80.2159500122,36833,36843,10
12.8238897324,80.2159500122,36843,36853,10
12.8245601654,80.2159423828,36853,36863,10
12.8248300552,80.216003418,36863,36924,61
12.8248300552,80.216003418,36924,36934,10
12.8252897263,80.2159576416,36934,37177,243
12.8252897263,80.2159576416,37177,37187,10
12.8254899979,80.216003418,37187,37197,10
12.825799942,80.2160263062,37197,37207,10
12.8259296417,80.2163391113,37207,37217,10
12.825920105,80.217010498,37217,37227,10
12.8259000778,80.2177963257,37227,37237,10
12.8258895874,80.2186584473,37237,37247,10
12.8259000778,80.2192306519,37247,37258,11
12.8261404037,80.2193832397,37258,37268,10
12.8268003464,80.2193832397,37268,37278,10
12.8274297714,80.219367981,37278,37288,10
12.8275098801,80.219367981,37288,37298,10
12.8276796341,80.219367981,37298,37308,10
12.8281602859,80.2193832397,37308,37318,10
12.828909874,80.2193984985,37318,37328,10
12.8298301697,80.2194137573,37328,37338,10
12.8307304382,80.2194213867,37338,37349,11
12.8310804367,80.2194900513,37349,37359,10
12.831199646,80.2200393677,37359,37369,10
12.8311796188,80.2209625244,37369,37379,10
12.8311595917,80.2219772339,37379,37389,10
12.8311500549,80.2223205566,37389,37399,10
12.8311395645,80.2229766846,37399,37409,10
12.8311395645,80.2238464355,37409,37419,10
12.8311395645,80.2246017456,37419,37429,10
12.8311300278,80.2249908447,37429,37440,11
12.8311300278,80.2257614136,37440,37450,10
12.831199646,80.2266693115,37450,37460,10
12.831410408,80.2276916504,37460,37470,10
12.8315896988,80.2285308838,37470,37480,10
12.8316898346,80.2289810181,37480,37490,10
12.8319501877,80.2291183472,37490,37500,10
12.8326301575,80.2289886475,37500,37510,10
12.8335399628,80.2288208008,37510,37521,11
12.8347702026,80.2285995483,37521,37531,10
12.8360500336,80.2284088135,37531,37541,10
12.8373804092,80.2282028198,37541,37551,10
12.8386602402,80.2279281616,37551,37561,10
12.8394498825,80.2276763916,37561,37591,30
12.8394498825,80.2276763916,37591,37601,10
12.8400802612,80.2275238037,37601,37612,11
12.8409204483,80.2273025513,37612,37622,10
12.8418903351,80.2270278931,37622,37632,10
12.8430299759,80.2268295288,37632,37642,10
12.8442802429,80.2266464233,37642,37652,10
12.8453502655,80.2265472412,37652,37662,10
12.8454303741,80.2265472412,37662,37672,10
12.8455295563,80.2265396118,37672,37682,10
12.8457698822,80.2265167236,37682,37692,10
12.8458404541,80.2265319824,37692,37703,11
12.8463096619,80.2265319824,37703,37713,10
12.8479204178,80.2265090942,37713,37723,10
12.8479204178,80.2265090942,37723,37733,10
12.8489398956,80.2265014648,37733,37743,10
12.8500900269,80.2265014648,37743,37753,10
12.8513298035,80.2265472412,37753,37763,10
12.8526296616,80.2266235352,37763,37773,10
12.8539600372,80.2265701294,37773,37783,10
12.8552904129,80.2264328003,37783,37794,11
12.8567495346,80.2262802124,37794,37804,10
12.8580598831,80.2261581421,37804,37814,10
12.8591995239,80.2262420654,37814,37824,10
12.8604402542,80.2264099121,37824,37834,10
12.8609695435,80.2264633179,37834,37844,10
12.8612604141,80.2264785767,37844,37854,10
12.8619003296,80.2264709473,37854,37864,10
12.8627700806,80.2264328003,37864,37874,10
12.8637800217,80.2264404297,37874,37885,11
12.8651599884,80.2264862061,37885,37895,10
12.8665800095,80.2264404297,37895,37905,10
12.8680295944,80.2263183594,37905,37915,10
12.8694601059,80.2264022827,37915,37925,10
12.8709001541,80.2265472412,37925,37935,10
12.8722600937,80.2265777588,37935,37945,10
12.8729000092,80.2265930176,37945,37955,10
12.8729095459,80.2265930176,37955,37965,10
12.8731098175,80.2266235352,37965,37976,11
12.8737201691,80.2266387939,37976,37986,10
12.8744897842,80.2267227173,37986,37996,10
12.8754301071,80.2268295288,37996,38006,10
12.8768196106,80.2268295288,38006,38026,20
12.8768196106,80.2268295288,38026,38036,10
12.877120018,80.2268218994,38036,38046,10
12.8777303696,80.2267913818,38046,38056,10
12.8786802292,80.2266998291,38056,38067,11
12.8797101974,80.2266693115,38067,38077,10
12.8808803558,80.2266693115,38077,38087,10
12.8821697235,80.2266464233,38087,38097,10
12.8835601807,80.2266464233,38097,38107,10
12.8848400116,80.2266235352,38107,38117,10
12.8852996826,80.2266387939,38117,38127,10
12.8853702545,80.2266464233,38127,38137,10
12.8857803345,80.2267379761,38137,38148,11
12.8865404129,80.2269363403,38148,38158,10
12.8874101639,80.227142334,38158,38168,10
12.8884496689,80.2272567749,38168,38178,10
12.8896598816,80.2272720337,38178,38188,10
12.8909902573,80.2272796631,38188,38198,10
12.8919200897,80.2272567749,38198,38208,10
12.8923101425,80.2272567749,38208,38218,10
12.8928203583,80.2273406982,38218,38228,10
12.8933897018,80.2274398804,38228,38239,11
12.8943004608,80.2275390625,38239,38249,10
12.8953104019,80.2275772095,38249,38259,10
12.8964700699,80.2276306152,38259,38269,10
12.8977603912,80.2276916504,38269,38279,10
12.8990097046,80.2277679443,38279,38289,10
12.8999500275,80.2277679443,38289,38299,10
12.9004001617,80.2277832031,38299,38330,31
12.9004001617,80.2277832031,38330,38340,10
12.9007501602,80.2277984619,38340,38350,10
12.9011497498,80.2278594971,38350,38360,10
12.9014196396,80.227897644,38360,38370,10
12.9019203186,80.2279281616,38370,38380,10
12.9029903412,80.2279281616,38380,38400,20
12.9029903412,80.2279281616,38400,38410,10
12.9030504227,80.2279281616,38410,38421,11
12.9035596848,80.2279815674,38421,38431,10
12.904250145,80.2280502319,38431,38441,10
12.9050397873,80.2281036377,38441,38451,10
12.905960083,80.2281494141,38451,38461,10
12.906920433,80.2282028198,38461,38471,10
12.9072999954,80.2282562256,38471,38481,10
12.9078397751,80.2283477783,38481,38491,10
12.908659935,80.2284927368,38491,38501,10
12.9096498489,80.2286682129,38501,38512,11
12.9109296799,80.2288818359,38512,38522,10
12.912229538,80.2290725708,38522,38532,10
12.9139900208,80.2292785645,38532,38552,20
12.9139900208,80.2292785645,38552,38562,10
12.9143400192,80.2293319702,38562,38572,10
12.9149799347,80.2294235229,38572,38582,10
12.9158096313,80.2295532227,38582,38593,11
12.9169101715,80.2297210693,38593,38603,10
12.9180698395,80.229888916,38603,38613,10
12.9193201065,80.2300567627,38613,38623,10
12.9206895828,80.23021698,38623,38633,10
12.9220399857,80.2304000854,38633,38643,10
12.9233903885,80.2305984497,38643,38653,10
12.9246997833,80.2307662964,38653,38663,10
12.9259700775,80.2309036255,38663,38673,10
12.9264097214,80.2309494019,38673,38684,11
12.9266395569,80.23097229,38684,38694,10
12.9272003174,80.2310409546,38694,38704,10
12.9279899597,80.2311401367,38704,38714,10
12.9287900925,80.2312774658,38714,38724,10
12.9295701981,80.2314300537,38724,38734,10
12.9304704666,80.2316589355,38734,38744,10
12.9315004349,80.2319793701,38744,38754,10
12.9326400757,80.2323532104,38754,38764,10
12.9336299896,80.2327270508,38764,38775,11
12.9337997437,80.2328109741,38775,38785,10
12.9340600967,80.2329177856,38785,38795,10
12.9346599579,80.2331924438,38795,38805,10
12.9354200363,80.233543396,38805,38815,10
12.9362697601,80.2339401245,38815,38825,10
12.9372596741,80.2344207764,38825,38835,10
12.9383802414,80.2349777222,38835,38845,10
12.939499855,80.2355575562,38845,38855,10
12.9399595261,80.235748291,38855,38866,11
12.9401597977,80.2358398438,38866,38876,10
12.9406795502,80.236000061,38876,38886,10
12.9414196014,80.2361602783,38886,38896,10
12.9422798157,80.2363815308,38896,38906,10
12.9431600571,80.2368392944,38906,38916,10
12.9439401627,80.2376480103,38916,38924,8
12.9446296692,80.2384033203,38924,38936,12
12.9458999634,80.2394332886,38936,38946,10
12.9470901489,80.2398986816,38946,38957,11
12.9474401474,80.2400436401,38957,38967,10
12.9476699829,80.2401275635,38967,38977,10
12.9481801987,80.2403182983,38977,38987,10
12.9483995438,80.2404022217,38987,38997,10
12.9487895966,80.240562439,38997,39007,10
12.9493198395,80.2407684326,39007,39017,10
12.9497699738,80.2409210205,39017,39027,10
12.9504404068,80.2411270142,39027,39037,10
12.9509601593,80.2412872314,39037,39048,11
12.9515695572,80.2415008545,39048,39058,10
12.952249527,80.2417831421,39058,39068,10
12.9530296326,80.2420883179,39068,39078,10
12.9537696838,80.2423782349,39078,39088,10
12.9546203613,80.2427215576,39088,39098,10
12.955160141,80.2429428101,39098,39108,10
12.9559202194,80.2431716919,39108,39118,10
12.9561901093,80.2432785034,39118,39129,11
12.9563302994,80.2433166504,39129,39149,20
12.9563302994,80.2433166504,39149,39159,10
12.9564599991,80.243347168,39159,39169,10
12.9568996429,80.2435531616,39169,39179,10
12.9575500488,80.243888855,39179,39189,10
12.9581203461,80.244140625,39189,39199,10
12.9588499069,80.2444381714,39199,39209,10
12.959569931,80.2447891235,39209,39220,11
12.9603900909,80.2451400757,39220,39230,10
12.9611701965,80.2454833984,39230,39240,10
12.9620704651,80.2459182739,39240,39250,10
12.9632701874,80.2464981079,39250,39402,152
12.9632701874,80.2464981079,39402,39412,10
12.9635295868,80.246711731,39412,39422,10
12.9639196396,80.246887207,39422,39432,10
12.9645700455,80.2471084595,39432,39442,10
12.965379715,80.2473831177,39442,39452,10
12.9661197662,80.2476501465,39452,39462,10
12.9668998718,80.2479629517,39462,39472,10
12.9669799805,80.248008728,39472,39482,10
12.9670696259,80.2481079102,39482,39493,11
12.9676198959,80.2483520508,39493,39503,10
12.9683799744,80.2486495972,39503,39513,10
12.9692697525,80.2490234375,39513,39523,10
12.9703197479,80.2494277954,39523,39533,10
12.9715099335,80.2498016357,39533,39543,10
12.9728403091,80.2501373291,39543,39553,10
12.9740104675,80.2504425049,39553,39563,10
12.9751901627,80.2508010864,39563,39574,11
12.9766101837,80.2511978149,39574,39584,10
12.977640152,80.251663208,39584,39594,10
12.9784603119,80.2522735596,39594,39604,10
12.9786100388,80.2523574829,39604,39614,10
12.9787197113,80.2524414063,39614,39624,10
12.9792299271,80.2525787354,39624,39634,10
12.9800395966,80.2526473999,39634,39644,10
12.9810199738,80.2526321411,39644,39654,10
12.9821596146,80.2525863647,39654,39665,11
12.9833297729,80.2524795532,39665,39927,262
12.9833297729,80.2524795532,39927,39938,11
12.9834604263,80.2524490356,39938,39948,10
12.9839200974,80.2523269653,39948,39958,10
12.9846000671,80.2521514893,39958,39968,10
12.9854202271,80.2519302368,39968,39978,10
12.9861497879,80.2517318726,39978,39988,10
12.9867801666,80.2516021729,39988,39998,10
12.9873600006,80.2514190674,39998,40008,10
12.987950325,80.2512893677,40008,40018,10
12.9885997772,80.251121521,40018,40029,11
12.9894695282,80.2508621216,40029,40039,10
12.9895296097,80.2508621216,40039,40049,10
12.9896697998,80.2509002686,40049,40059,10
12.9901695251,80.2507705688,40059,40069,10
12.9909095764,80.2506027222,40069,40079,10
12.9918203354,80.2503967285,40079,40089,10
12.9928302765,80.2501296997,40089,40099,10
12.9939899445,80.2498321533,40099,40110,11
12.9954004288,80.24949646,40110,40120,10
12.9965600967,80.249130249,40120,40130,10
12.9968595505,80.2490386963,40130,40140,10
12.9972696304,80.2489471436,40140,40150,10
12.9979896545,80.2487792969,40150,40160,10
12.9989099503,80.248550415,40160,40170,10
12.9999904633,80.2482910156,40170,40180,10
13.0011997223,80.2479934692,40180,40190,10
13.0022802353,80.247718811,40190,40201,11
13.0032997131,80.2475585938,40201,40211,10
13.0043697357,80.2474136353,40211,40221,10
13.0055398941,80.2472000122,40221,40231,10
13.0064601898,80.2466506958,40231,40241,10
13.0066003799,80.2461013794,40241,40251,10
13.0066003799,80.2459716797,40251,40261,10
13.0066299438,80.2455215454,40261,40271,10
13.0066299438,80.2452316284,40271,40281,10
13.0066099167,80.2449798584,40281,40292,11
13.0066204071,80.2446975708,40292,40302,10
13.0066204071,80.2444381714,40302,40312,10
13.0066299438,80.2440872192,40312,40322,10
13.006649971,80.2436676025,40322,40332,10
13.0066299438,80.2432403564,40332,40342,10
13.0066003799,80.2425765991,40342,40352,10
13.0065803528,80.2416687012,40352,40362,10
13.0066404343,80.2407684326,40362,40372,10
13.0067396164,80.2403411865,40372,40383,11
13.0069303513,80.2397003174,40383,40393,10
13.007060051,80.2388381958,40393,40403,10
13.0072002411,80.2379226685,40403,40413,10
13.0073604584,80.237159729,40413,40423,10
13.0074396133,80.2365570068,40423,40433,10
13.0074996948,80.2364807129,40433,40443,10
13.007610321,80.2360992432,40443,40453,10
13.0077199936,80.2354507446,40453,40463,10
13.0078601837,80.2346801758,40463,40474,11
13.0080404282,80.2337722778,40474,40484,10
13.0081996918,80.233001709,40484,40493,9
13.0083599091,80.2322006226,40493,40504,11
13.0085401535,80.2312316895,40504,40514,10
13.0087299347,80.2302322388,40514,40524,10
13.0089101791,80.2292709351,40524,40534,10
13.0090799332,80.2284393311,40534,40544,10
13.0093603134,80.2276306152,40544,40554,10
13.0097503662,80.2268218994,40554,40565,11
13.0101995468,80.2259902954,40565,40575,10
13.0105895996,80.2252731323,40575,40585,10
13.0107803345,80.2248001099,40585,40595,10
13.0109901428,80.2242736816,40595,40605,10
13.0112895966,80.2235565186,40605,40625,20
13.0112895966,80.2235565186,40625,40635,10
13.0114202499,80.2232513428,40635,40646,11
13.0115404129,80.2229614258,40646,40656,10
13.0117301941,80.2224197388,40656,40666,10
13.0121097565,80.2216415405,40666,40676,10
13.0124797821,80.2216796875,40676,40686,10
13.012960434,80.2222671509,40686,40696,10
13.0135698318,80.2229232788,40696,40706,10
13.0140895844,80.2235565186,40706,40716,10
13.0148496628,80.2242965698,40716,40726,10
13.0150499344,80.224571228,40726,40737,11
13.0152301788,80.2247314453,40737,40747,10
13.0156097412,80.2250900269,40747,40757,10
13.0163097382,80.2253570557,40757,40767,10
13.01720047,80.225112915,40767,40777,10
13.0182199478,80.2246932983,40777,40787,10
13.019200325,80.2243499756,40787,40797,10
13.0195798874,80.2243804932,40797,40858,61
13.0195798874,80.2243804932,40858,40868,10
13.0199804306,80.2247467041,40868,40878,10
13.0204696655,80.2250900269,40878,40888,10
13.0210399628,80.2255172729,40888,40898,10
13.0217504501,80.2260818481,40898,40908,10
13.0223398209,80.2264633179,40908,40919,11
13.0224704742,80.2265930176,40919,40929,10
13.0228004456,80.2269592285,40929,40959,30
13.0230703354,80.2272415161,40959,40989,30
13.0230703354,80.2272415161,40989,40999,10
13.0233097076,80.2274398804,40999,41010,11
13.0235204697,80.2276306152,41010,41020,10
13.0239200592,80.2279510498,41020,41060,40
13.0239200592,80.2279510498,41060,41070,10
13.0242700577,80.2283401489,41070,41101,31
13.0244503021,80.2285308838,41101,41192,91
13.0244503021,80.2285308838,41192,41202,10
13.0242795944,80.2286224365,41202,41212,10
13.0239801407,80.2282562256,41212,41222,10
13.0234298706,80.2276992798,41222,41465,243
13.0234298706,80.2276992798,41465,41475,10
13.0231199265,80.2274169922,41475,41485,10
13.0228900909,80.2272033691,41485,41495,10
13.0226402283,80.2269363403,41495,41505,10
13.0223197937,80.226600647,41505,41515,10
13.0217599869,80.2261123657,41515,41525,10
13.0210800171,80.2255935669,41525,41535,10
13.0204296112,80.2251586914,41535,41546,11
13.0197401047,80.2246780396,41546,41556,10
13.018819809,80.2244720459,41556,41566,10
13.0177402496,80.2248764038,41566,41576,10
13.016699791,80.2253189087,41576,41586,10
13.0162200928,80.2255401611,41586,41596,10
13.0157604218,80.225692749,41596,41606,10
13.015250206,80.2259216309,41606,41616,10
13.0149898529,80.2259979248,41616,41627,11
13.0144395828,80.2262115479,41627,41647,20
13.0144395828,80.2262115479,41647,41657,10
13.0141296387,80.2263031006,41657,41667,10
13.0136804581,80.2264785767,41667,41677,10
13.0130796432,80.2267303467,41677,41687,10
13.0123996735,80.2270126343,41687,41697,10
13.0116195679,80.2273101807,41697,41707,10
13.0108098984,80.2276535034,41707,41718,11
13.009929657,80.228012085,41718,41728,10
13.0093002319,80.2283477783,41728,41738,10
13.0090904236,80.2290802002,41738,41748,10
13.008939743,80.2299118042,41748,41758,10
13.0087795258,80.2308425903,41758,41768,10
13.0085601807,80.2317810059,41768,41778,10
13.0083599091,80.2326965332,41778,41788,10
13.0082798004,80.2334823608,41788,41798,10
13.0082197189,80.2336578369,41798,41809,11
13.008099556,80.2339324951,41809,41819,10
13.0080604553,80.2343521118,41819,41829,10
13.0079402924,80.234916687,41829,41839,10
13.0077896118,80.2356414795,41839,41849,10
13.007610321,80.2364883423,41849,41859,10
13.0074300766,80.2372970581,41859,41869,10
13.0073299408,80.23777771,41869,41879,10
13.0073003769,80.2379608154,41879,41889,10
13.0072402954,80.2381668091,41889,41900,11
13.0071897507,80.23853302,41900,41910,10
13.0071001053,80.2390213013,41910,41920,10
13.0069704056,80.2395629883,41920,41930,10
13.0068998337,80.2399368286,41930,41940,10
13.0068998337,80.2399597168,41940,41950,10
13.0068302155,80.2403030396,41950,41991,41
13.0068302155,80.2403030396,41991,42001,10
13.0067796707,80.2406005859,42001,42021,20
13.0067796707,80.2406005859,42021,42031,10
13.0067300797,80.2409210205,42031,42041,10
13.0066900253,80.2411193848,42041,42051,10
13.0066604614,80.2415390015,42051,42061,10
13.0066604614,80.2418289185,42061,42071,10
13.0066604614,80.2418365479,42071,42082,11
13.0066795349,80.2422637939,42082,42102,20
13.0066795349,80.2422637939,42102,42112,10
13.0066795349,80.2425384521,42112,42122,10
13.0066795349,80.2427825928,42122,42132,10
13.0066699982,80.2430725098,42132,42142,10
13.0066900253,80.2433319092,42142,42152,10
13.0066900253,80.2434997559,42152,42163,11
13.0066604614,80.2438201904,42163,42173,10
13.0066604614,80.2442321777,42173,42183,10
13.0066604614,80.2445373535,42183,42193,10
13.0066404343,80.2447814941,42193,42203,10
13.0066604614,80.2452163696,42203,42213,10
13.0066995621,80.2457962036,42213,42223,10
13.0067396164,80.2461471558,42223,42233,10
13.0067501068,80.246383667,42233,42254,21
13.0067501068,80.246383667,42254,42264,10
13.0067396164,80.2468566895,42264,42274,10
13.0065803528,80.2473373413,42274,42284,10
13.0061597824,80.2473526001,42284,42294,10
13.0060195923,80.2473068237,42294,42304,10
13.0054798126,80.2472915649,42304,42314,10
13.0046796799,80.2473526001,42314,42324,10
13.0037603378,80.2474899292,42324,42334,10
13.0026197433,80.2476882935,42334,42345,11
13.0013799667,80.2480010986,42345,42355,10
13.0001497269,80.2483062744,42355,42365,10
12.9989900589,80.2485961914,42365,42375,10
12.9980602264,80.2488632202,42375,42385,10
12.9979000092,80.2489013672,42385,42395,10
12.9974803925,80.2489929199,42395,42405,10
12.996720314,80.2491836548,42405,42415,10
12.9958200455,80.2493972778,42415,42425,10
12.9947595596,80.2496795654,42425,42436,11
12.9934196472,80.2500228882,42436,42446,10
12.9920701981,80.2503433228,42446,42456,10
12.9911298752,80.2506332397,42456,42466,10
12.9909801483,80.2506790161,42466,42476,10
12.9906196594,80.2507629395,42476,42486,10
12.9904003143,80.2508392334,42486,42739,253
12.9904003143,80.2508392334,42739,42749,10
12.9900798798,80.2507629395,42749,42759,10
12.9896602631,80.250869751,42759,42769,10
12.9892301559,80.2510070801,42769,42779,10
12.9889602661,80.2510910034,42779,42790,11
12.9885196686,80.2512207031,42790,42800,10
12.9879999161,80.2513809204,42800,42810,10
12.9873800278,80.2515487671,42810,42820,10
12.9865999222,80.2517623901,42820,42830,10
12.9857501984,80.2519378662,42830,42840,10
12.9846801758,80.2522277832,42840,42850,10
12.9836301804,80.2525177002,42850,42860,10
12.9824399948,80.2526473999,42860,42870,10
12.9814300537,80.2526779175,42870,42881,11
12.9811601639,80.2526702881,42881,42891,10
12.9808301926,80.2526779175,42891,42901,10
12.9803600311,80.2527084351,42901,42911,10
12.9799995422,80.2527008057,42911,42921,10
12.9794502258,80.2526626587,42921,42931,10
12.9787101746,80.2525863647,42931,42941,10
12.9786100388,80.2525634766,42941,42951,10
12.9782896042,80.2523574829,42951,42961,10
12.9777498245,80.2518768311,42961,42972,11
12.976940155,80.2513504028,42972,42982,10
12.9760398865,80.2510681152,42982,42992,10
12.9751195908,80.2508010864,42992,43002,10
12.9745101929,80.2506332397,43002,43012,10
12.9743795395,80.2505874634,43012,43022,10
12.9740600586,80.2505187988,43022,43031,9
12.9736700058,80.2503967285,43031,43042,11
12.9728803635,80.2501983643,43042,43052,10
12.9719200134,80.2499694824,43052,43063,11
12.9715099335,80.2498779297,43063,43073,10
12.9713897705,80.2498626709,43073,43083,10
12.9711103439,80.249786377,43083,43103,20
12.9711103439,80.249786377,43103,43113,10
12.9705295563,80.2496795654,43113,43123,10
12.9698600769,80.2494277954,43123,43133,10
12.9689903259,80.2490997314,43133,43143,10
12.9680404663,80.2486495972,43143,43154,11
12.9673995972,80.2483901978,43154,43164,10
12.9668598175,80.2481231689,43164,43174,10
12.9661598206,80.2477798462,43174,43184,10
12.9653196335,80.247467041,43184,43194,10
12.9650297165,80.2473602295,43194,43204,10
12.9649295807,80.2473373413,43204,43214,10
12.9642095566,80.2471008301,43214,43245,31
12.9642095566,80.2471008301,43245,43255,10
12.9640903473,80.2470626831,43255,43265,10
12.9638299942,80.2469329834,43265,43275,10
12.9632997513,80.2466583252,43275,43285,10
12.9625396729,80.2462921143,43285,43295,10
12.961640358,80.2458496094,43295,43305,10
12.9607801437,80.2454299927,43305,43315,10
12.9598999023,80.2450408936,43315,43326,11
12.9592399597,80.244758606,43326,43336,10
12.9589796066,80.2446365356,43336,43346,10
12.958439827,80.2443771362,43346,43356,10
12.9577598572,80.2440872192,43356,43366,10
12.9568195343,80.2437973022,43366,43386,20
12.9566602707,80.2437515259,43386,43427,41
12.9566602707,80.2437515259,43427,43437,10
12.9563302994,80.243637085,43437,43447,10
12.9562501907,80.243598938,43447,43457,10
12.9558095932,80.2433929443,43457,43467,10
12.9551401138,80.2430496216,43467,43477,10
12.9543199539,80.2426834106,43477,43487,10
12.9533395767,80.2422637939,43487,43497,10
12.9522600174,80.2418518066,43497,43508,11
12.9516401291,80.2416381836,43508,43518,10
12.9515399933,80.241607666,43518,43528,10
12.9510803223,80.2414321899,43528,43538,10
12.9503498077,80.2411880493,43538,43548,10
12.9494304657,80.2408981323,43548,43558,10
12.9484300613,80.2405166626,43558,43568,10
12.9474201202,80.2401199341,43568,43578,10
12.9471302032,80.2400131226,43578,43588,10
12.9469995499,80.2399520874,43588,43599,11
12.946439743,80.2397232056,43599,43609,10
12.9457101822,80.2394104004,43609,43619,10
12.9449300766,80.2388763428,43619,43629,10
12.9441995621,80.2380828857,43629,43639,10
12.9433803558,80.2371520996,43639,43649,10
12.9422798157,80.2364425659,43649,43659,10
12.9409103394,80.2360916138,43659,43669,10
12.9398002625,80.2357788086,43669,43679,10
12.939620018,80.235710144,43679,43690,11
12.9392900467,80.2355422974,43690,43700,10
12.9386501312,80.2352294922,43700,43710,10
12.9378404617,80.2348327637,43710,43720,10
12.9368600845,80.234336853,43720,43730,10
12.9359798431,80.2339324951,43730,43740,10
12.935790062,80.23387146,43740,43750,10
12.9354496002,80.2337112427,43750,43760,10
12.9347400665,80.2333679199,43760,43771,11
12.933839798,80.2329788208,43771,43781,10
12.9337100983,80.2329025269,43781,43791,10
12.9334001541,80.2327423096,43791,43801,10
12.9328203201,80.2324829102,43801,43811,10
12.9320402145,80.2322235107,43811,43821,10
12.9310798645,80.231918335,43821,43831,10
12.9299602509,80.2315979004,43831,43841,10
12.9293003082,80.2314300537,43841,43851,10
12.928850174,80.2313537598,43851,43862,11
12.9281997681,80.2312316895,43862,43872,10
12.9273700714,80.2311172485,43872,43882,10
12.9263496399,80.2310028076,43882,43892,10
12.9252099991,80.2308578491,43892,43902,10
12.9241399765,80.2307281494,43902,43912,10
12.9230203629,80.2305908203,43912,43922,10
12.9217596054,80.2303924561,43922,43932,10
12.9203596115,80.2302093506,43932,43942,10
12.9189596176,80.2300262451,43942,43953,11
12.9176101685,80.2298583984,43953,43963,10
12.9166202545,80.2297210693,43963,43973,10
12.9155502319,80.2295684814,43973,43983,10
12.9144296646,80.2294311523,43983,43993,10
12.9134101868,80.2293319702,43993,44013,20
12.9134101868,80.2293319702,44013,44023,10
12.9131402969,80.2292633057,44023,44033,10
12.9125204086,80.2291564941,44033,44044,11
12.9115800858,80.2290420532,44044,44054,10
12.9105596542,80.2288970947,44054,44064,10
12.9093999863,80.2286987305,44064,44074,10
12.9081802368,80.2285003662,44074,44084,10
12.906999588,80.2283706665,44084,44155,71
12.906999588,80.2283706665,44155,44165,10
12.9065904617,80.2282867432,44165,44175,10
12.9062795639,80.2282791138,44175,44185,10
12.9059495926,80.2282562256,44185,44195,10
12.9051904678,80.2282180786,44195,44205,10
12.9042797089,80.2281570435,44205,44215,10
12.903169632,80.2281036377,44215,44226,11
12.9019002914,80.2280502319,44226,44236,10
12.9012899399,80.2279815674,44236,44327,91
12.9012899399,80.2279815674,44327,44337,10
12.90102005,80.2279891968,44337,44347,10
12.900560379,80.2279434204,44347,44357,10
12.9000101089,80.2279205322,44357,44367,10
12.8993597031,80.227897644,44367,44377,10
12.8992700577,80.2278823853,44377,44387,10
12.8992099762,80.2278823853,44387,44397,10
12.8988304138,80.2278594971,44397,44408,11
12.8980998993,80.2278289795,44408,44418,10
12.8972501755,80.2277832031,44418,44428,10
12.8962497711,80.2277297974,44428,44438,10
12.8950901031,80.2276916504,44438,44448,10
12.8938703537,80.2276000977,44448,44458,10
12.8927097321,80.2274475098,44458,44468,10
12.8916101456,80.2273635864,44468,44478,10
12.8903398514,80.2273635864,44478,44489,11
12.88904953,80.2273635864,44489,44499,10
12.8880596161,80.2273330688,44499,44509,10
12.8869104385,80.2271575928,44509,44519,10
12.8856401443,80.2268371582,44519,44529,10
12.8847799301,80.2267379761,44529,44539,10
12.8846998215,80.2267379761,44539,44549,10
12.8842697144,80.2267303467,44549,44559,10
12.8835401535,80.2267303467,44559,44569,10
12.8825998306,80.2267379761,44569,44580,11
12.8813800812,80.2267532349,44580,44590,10
12.8801298141,80.2267608643,44590,44600,10
12.8788099289,80.2268066406,44600,44610,10
12.8775196075,80.2268981934,44610,44620,10
12.8765201569,80.2269973755,44620,44630,10
12.8763799667,80.2270126343,44630,44640,10
12.8758897781,80.2269973755,44640,44650,10
12.8751096725,80.2269287109,44650,44660,10
12.8741397858,80.2267990112,44660,44671,11
12.8728904724,80.2267227173,44671,44681,10
12.871629715,80.2266921997,44681,44691,10
12.8702402115,80.2265930176,44691,44701,10
12.8687601089,80.2264099121,44701,44711,10
12.8672103882,80.2264709473,44711,44721,10
12.8656597137,80.2266082764,44721,44731,10
12.8641395569,80.2265625,44731,44741,10
12.8625898361,80.2265777588,44741,44751,10
12.8610801697,80.2266235352,44751,44762,11
12.8594503403,80.2264022827,44762,44772,10
12.8582801819,80.2262573242,44772,44782,10
12.8570804596,80.2263031006,44782,44792,10
12.8557701111,80.2264404297,44792,44802,10
12.8543195724,80.2265930176,44802,44812,10
12.8527803421,80.2267227173,44812,44822,10
12.851149559,80.2266616821,44822,44832,10
12.8494501114,80.2266235352,44832,44842,10
12.8479003906,80.2266387939,44842,44853,11
12.846329689,80.2266464233,44853,44863,10
12.8454799652,80.2266387939,44863,44873,10
12.8454399109,80.2266235352,44873,44883,10
12.8450803757,80.2266235352,44883,44893,10
12.8444004059,80.2266769409,44893,44903,10
12.8434000015,80.2267913818,44903,44913,10
12.8423299789,80.2269287109,44913,44923,10
12.8410396576,80.2272567749,44923,44933,10
12.8400697708,80.2275619507,44933,44944,11
12.8395700455,80.227722168,44944,44954,10
12.8392400742,80.2278366089,44954,44964,10
12.8386001587,80.2280197144,44964,44974,10
12.8378000259,80.2282104492,44974,44984,10
12.836810112,80.2283782959,44984,44994,10
12.8356199265,80.228553772,44994,45004,10
12.8343095779,80.2287368774,45004,45014,10
12.832159996,80.2291564941,45014,45035,21
12.832159996,80.2291564941,45035,45045,10
12.8320798874,80.2291870117,45045,45055,10
12.8317804337,80.2292633057,45055,45065,10
12.8311901093,80.2294082642,45065,45075,10
12.8303604126,80.2297210693,45075,45085,10
12.8293199539,80.2301177979,45085,45095,10
12.8281803131,80.230682373,45095,45104,9
12.8271303177,80.2312393188,45104,45116,12
12.8258800507,80.2314529419,45116,45126,10
12.8258399963,80.2314376831,45126,45136,10
12.8255996704,80.2313995361,45136,45146,10
12.8249797821,80.2313919067,45146,45156,10
12.8241500854,80.2312393188,45156,45166,10
12.8231496811,80.2309494019,45166,45176,10
12.821969986,80.2305908203,45176,45186,10
12.8206300735,80.2304611206,45186,45196,10
12.8191995621,80.2304992676,45196,45207,11
12.8177404404,80.2299499512,45207,45217,10
12.8163099289,80.2294769287,45217,45227,10
12.8147096634,80.2292480469,45227,45237,10
12.8132600784,80.2288818359,45237,45247,10
12.8119401932,80.2284164429,45247,45257,10
12.8107700348,80.2279586792,45257,45267,10
12.8095502853,80.2274398804,45267,45277,10
12.808429718,80.2266693115,45277,45287,10
12.8073701859,80.225730896,45287,45298,11
12.8065004349,80.2249603271,45298,45308,10
12.8057603836,80.2243118286,45308,45318,10
12.8048200607,80.2239608765,45318,45328,10
12.8040399551,80.2238998413,45328,45338,10
12.8032903671,80.2238311768,45338,45348,10
12.8023500443,80.2237091064,45348,45358,10
12.8011598587,80.2236022949,45358,45368,10
12.7998304367,80.2234802246,45368,45378,10
12.7983598709,80.2233581543,45378,45389,11
12.7967700958,80.2231369019,45389,45399,10
12.7957801819,80.2229385376,45399,45409,10
12.7957000732,80.22290802,45409,45419,10
12.7952404022,80.2227935791,45419,45429,10
12.7944402695,80.2226715088,45429,45439,10
12.7934799194,80.2225418091,45439,45449,10
12.7923498154,80.2223434448,45449,45459,10
12.7910995483,80.222038269,45459,45469,10
12.789899826,80.2217178345,45469,45480,11
12.7892398834,80.221496582,45480,45490,10
12.788479805,80.221206665,45490,45500,10
12.7876596451,80.2208786011,45500,45520,20
12.7876596451,80.2208786011,45520,45530,10
12.7875404358,80.2208023071,45530,45540,10
12.7874698639,80.2207794189,45540,45550,10
12.7872600555,80.220703125,45550,45560,10
12.7866601944,80.2204971313,45560,45591,31
12.7866601944,80.2204971313,45591,45601,10
12.7863197327,80.2203674316,45601,45611,10
12.786239624,80.2203979492,45611,45621,10
12.7861995697,80.2206497192,45621,45631,10
12.7861995697,80.2211380005,45631,45641,10
12.7862300873,80.2216186523,45641,45652,11
12.7862300873,80.2220611572,45652,45975,323
12.7862300873,80.2220611572,45975,45985,10
12.786239624,80.2218399048,45985,45995,10
12.786239624,80.2215499878,45995,46006,11
12.7862100601,80.2211074829,46006,46016,10
12.7861795425,80.2205734253,46016,46046,30
12.7861795425,80.2205734253,46046,46056,10
12.7864704132,80.2203903198,46056,46066,10
12.7864999771,80.2203979492,46066,46076,10
12.7867298126,80.2205200195,46076,46086,10
12.7870998383,80.2206726074,46086,46097,11
12.7878198624,80.2209320068,46097,46107,10
12.7885904312,80.2212524414,46107,46117,10
12.7894096375,80.2215576172,46117,46127,10
12.7900695801,80.2217712402,46127,46137,10
12.7909202576,80.2219772339,46137,46147,10
12.791970253,80.2222366333,46147,46157,10
12.7932300568,80.2224578857,46157,46167,10
12.7945404053,80.2226715088,46167,46177,10
12.7957801819,80.2228775024,46177,46188,11
12.796500206,80.2229766846,46188,46198,10
12.7965097427,80.2229766846,46198,46208,10
12.7966098785,80.2229995728,46208,46218,10
12.7970399857,80.2230834961,46218,46228,10
12.797750473,80.223197937,46228,46238,10
12.7985696793,80.2232818604,46238,46248,10
12.7994403839,80.2233810425,46248,46258,10
12.8004598618,80.2234802246,46258,46268,10
12.8013896942,80.2235565186,46268,46279,11
12.8015804291,80.2236175537,46279,46289,10
12.8020000458,80.2236480713,46289,46299,10
12.8026800156,80.2237472534,46299,46309,10
12.8035402298,80.2238388062,46309,46319,10
12.8043498993,80.2239074707,46319,46329,10
12.8050203323,80.223991394,46329,46339,10
12.8053197861,80.2240829468,46339,46349,10
12.8056201935,80.2241897583,46349,46359,10
12.8057498932,80.2242584229,46359,46370,11
12.8062295914,80.2246780396,46370,46380,10
12.8068799973,80.2252578735,46380,46390,10
12.8076696396,80.2259292603,46390,46400,10
12.808549881,80.2266921997,46400,46410,10
12.8095397949,80.2274093628,46410,46420,10
12.8107299805,80.2279510498,46420,46430,10
12.8120698929,80.2284393311,46430,46440,10
12.8134803772,80.2289428711,46440,46450,10
12.8148097992,80.2292480469,46450,46461,11
12.8161096573,80.2294082642,46461,46471,10
12.8170995712,80.2296066284,46471,46481,10
12.8179397583,80.2300033569,46481,46491,10
12.8188199997,80.2304000854,46491,46501,10
12.8197402954,80.2304382324,46501,46511,10
12.8199195862,80.2304382324,46511,46521,10
12.820400238,80.230430603,46521,46531,10
12.8212099075,80.2304382324,46531,46541,10
12.8221797943,80.2305984497,46541,46552,11
12.8234195709,80.2309799194,46552,46562,10
12.8245897293,80.231262207,46562,46572,10
12.8258304596,80.2313537598,46572,46582,10
12.8271198273,80.2311935425,46582,46592,10
12.8282604218,80.2305908203,46592,46602,10
12.8291797638,80.2301101685,46602,46612,10
12.8304700851,80.229598999,46612,46622,10
12.8310804367,80.2293624878,46622,46633,11
12.8311004639,80.229347229,46633,46643,10
12.8314304352,80.2292633057,46643,46653,10
12.8318996429,80.229133606,46653,46663,10
12.8325796127,80.2289962769,46663,46673,10
12.8334302902,80.2288513184,46673,46683,10
12.8343896866,80.2286834717,46683,46693,10
12.8353700638,80.2285079956,46693,46703,10
12.8365001678,80.2283477783,46703,46713,10
12.8377399445,80.2281417847,46713,46724,11
12.8390102386,80.2278518677,46724,46734,10
12.8394002914,80.227722168,46734,46754,20
12.8394002914,80.227722168,46754,46764,10
12.8396396637,80.2276611328,46764,46774,10
12.8401002884,80.2275238037,46774,46784,10
12.8408203125,80.2273330688,46784,46794,10
12.8417396545,80.2270889282,46794,46804,10
12.8426504135,80.2268981934,46804,46815,11
12.8436098099,80.2267227173,46815,46825,10
12.844420433,80.226600647,46825,46835,10
12.8452796936,80.2265396118,46835,46845,10
12.8455495834,80.2265167236,46845,46855,10
12.8456497192,80.2265167236,46855,46865,10
12.8460998535,80.2265167236,46865,46875,10
12.8468999863,80.2265090942,46875,46885,10
12.847869873,80.2265319824,46885,46895,10
12.8489303589,80.2265090942,46895,46906,11
12.8502197266,80.2265396118,46906,46916,10
12.8515100479,80.2265930176,46916,46926,10
12.8528404236,80.2266464233,46926,46936,10
12.8543195724,80.2265319824,46936,46946,10
12.8558502197,80.2263717651,46946,46956,10
12.857339859,80.2262191772,46956,46966,10
12.8585996628,80.2261962891,46966,46976,10
12.8598604202,80.226348877,46976,46986,10
12.8610696793,80.2265014648,46986,46997,11
12.8623800278,80.2264709473,46997,47007,10
12.8636703491,80.2264633179,47007,47017,10
12.8651695251,80.2265396118,47017,47027,10
12.8666496277,80.2264633179,47027,47037,10
12.8681201935,80.2263412476,47037,47047,10
12.8696804047,80.2264633179,47047,47057,10
12.8712797165,80.226600647,47057,47067,10
12.8730297089,80.2266235352,47067,47088,21
12.8730297089,80.2266235352,47088,47098,10
12.873339653,80.2266387939,47098,47108,10
12.8739500046,80.2266769409,47108,47118,10
12.8747396469,80.2267913818,47118,47128,10
12.8756599426,80.2268981934,47128,47138,10
12.8765897751,80.2268981934,47138,47148,10
12.8768196106,80.2268600464,47148,47158,10
12.877120018,80.2268371582,47158,47169,11
12.8779001236,80.2267837524,47169,47179,10
12.8788404465,80.2266998291,47179,47189,10
12.8798904419,80.2266769409,47189,47199,10
12.8810596466,80.2266769409,47199,47209,10
12.8823299408,80.2266693115,47209,47219,10
12.8836803436,80.2266464233,47219,47229,10
12.8849802017,80.2266387939,47229,47239,10
12.8852996826,80.2266464233,47239,47249,10
12.8854799271,80.2266921997,47249,47260,11
12.8860502243,80.2268295288,47260,47270,10
12.8868503571,80.2270431519,47270,47280,10
12.8877897263,80.2272109985,47280,47290,10
12.888879776,80.2272872925,47290,47300,10
12.8901100159,80.2272872925,47300,47310,10
12.8914003372,80.2273101807,47310,47320,10
12.8925104141,80.2273330688,47320,47330,10
12.8936195374,80.2274780273,47330,47340,10
12.8948001862,80.2275772095,47340,47351,11
12.8962697983,80.2276306152,47351,47361,10
12.8977403641,80.2276992798,47361,47371,10
12.8992004395,80.2277908325,47371,47381,10
12.9008102417,80.2278900146,47381,47472,91
12.9008102417,80.2278900146,47472,47482,10
12.9010601044,80.2278823853,47482,47492,10
12.901550293,80.2279129028,47492,47502,10
12.902759552,80.2279281616,47502,47522,20
12.902759552,80.2279281616,47522,47533,11
12.9031000137,80.2279815674,47533,47543,10
12.9037704468,80.228012085,47543,47553,10
12.9046802521,80.2280731201,47553,47563,10
12.9057102203,80.2281417847,47563,47573,10
12.9064502716,80.2282028198,47573,47583,10
12.906920433,80.2282180786,47583,47593,10
12.9076700211,80.2283172607,47593,47603,10
12.9084997177,80.2284622192,47603,47613,10
12.9097499847,80.2286682129,47613,47624,11
12.9111499786,80.2288894653,47624,47634,10
12.9125299454,80.2290802002,47634,47644,10
12.9137601852,80.2292327881,47644,47654,10
12.9141702652,80.2293014526,47654,47664,10
12.9142198563,80.2293014526,47664,47674,10
12.9146795273,80.2293701172,47674,47684,10
12.9153604507,80.2294769287,47684,47694,10
12.9162397385,80.2296218872,47694,47705,11
12.917429924,80.2297668457,47705,47715,10
12.9186296463,80.2299499512,47715,47725,10
12.919960022,80.2301177979,47725,47735,10
12.9213895798,80.2303009033,47735,47745,10
12.9228801727,80.2305221558,47745,47755,10
12.9244403839,80.23072052,47755,47765,10
12.9259195328,80.2308883667,47765,47775,10
12.9272298813,80.231048584,47775,47785,10
12.9285802841,80.2312316895,47785,47796,11
12.929980278,80.2315216064,47796,47806,10
12.9313097,80.2319030762,47806,47816,10
12.9325504303,80.2322769165,47816,47826,10
12.9334497452,80.2326278687,47826,47836,10
12.9335002899,80.2326583862,47836,47846,10
12.9337596893,80.2327804565,47846,47856,10
12.9342498779,80.2330169678,47856,47866,10
12.9349403381,80.2333297729,47866,47876,10
12.9357404709,80.2336807251,47876,47887,11
12.9367103577,80.2341766357,47887,47897,10
12.9377603531,80.2346878052,47897,47907,10
12.9389400482,80.2352676392,47907,47917,10
12.9395799637,80.2355880737,47917,47927,10
12.9395999908,80.2356033325,47927,47937,10
12.9398097992,80.2357025146,47937,47947,10
12.9402303696,80.2358474731,47947,47957,10
12.9409799576,80.236038208,47957,47967,10
12.9418802261,80.2362823486,47967,47978,11
12.9429798126,80.2367324829,47978,47988,10
12.9438495636,80.2375564575,47988,47998,10
12.9447498322,80.2385482788,47998,48008,10
12.9457798004,80.2393875122,48008,48018,10
12.9469099045,80.2398376465,48018,48028,10
12.9471302032,80.239906311,48028,48038,10
12.9474401474,80.2400131226,48038,48048,10
12.9480400085,80.2402420044,48048,48058,10
12.9482803345,80.2403335571,48058,48069,11
12.9486703873,80.2404937744,48069,48079,10
12.9492702484,80.240737915,48079,48089,10
12.9500102997,80.2409973145,48089,48099,10
12.9508304596,80.2412414551,48099,48109,10
12.9511604309,80.2413406372,48109,48119,10
12.951259613,80.2413787842,48119,48129,10
12.9518203735,80.241569519,48129,48139,10
12.9524097443,80.2418212891,48139,48150,11
12.9533500671,80.2421569824,48150,48160,10
12.954000473,80.2423782349,48160,48170,10
12.9546403885,80.2426528931,48170,48180,10
12.9553403854,80.2429199219,48180,48190,10
12.9563703537,80.243309021,48190,48210,20
12.9563703537,80.243309021,48210,48220,10
12.9568901062,80.243522644,48220,48230,10
12.9575996399,80.2438583374,48230,48241,11
12.9584999084,80.2442321777,48241,48251,10
12.9592199326,80.2445602417,48251,48261,10
12.9594402313,80.2446517944,48261,48321,60
12.9594402313,80.2446517944,48321,48332,11
12.9598398209,80.2449188232,48332,48342,10
12.9604301453,80.2451629639,48342,48352,10
12.9612798691,80.2455368042,48352,48362,10
12.9622402191,80.2460174561,48362,48372,10
12.9633703232,80.2465667725,48372,48412,40
12.9633703232,80.2465667725,48412,48423,11
12.9634504318,80.2465896606,48423,48433,10
12.9635801315,80.2466812134,48433,48443,10
12.96393013,80.2468414307,48443,48453,10
12.9645204544,80.2470626831,48453,48463,10
12.9652795792,80.2473068237,48463,48473,10
12.9668102264,80.2479019165,48473,48493,20
12.9668102264,80.2479019165,48493,48503,10
12.966919899,80.2480773926,48503,48514,11
12.9676599503,80.2483596802,48514,48524,10
12.968580246,80.2487030029,48524,48534,10
12.9695501328,80.2490768433,48534,48544,10
12.9706497192,80.2495117188,48544,48554,10
12.9719200134,80.2498626709,48554,48564,10
12.9731903076,80.2501831055,48564,48574,10
12.9744100571,80.2505264282,48574,48584,10
12.9757003784,80.2509002686,48584,48594,10
12.9769201279,80.2512435913,48594,48605,11
12.9779195786,80.2518463135,48605,48615,10
12.9784603119,80.2522888184,48615,48625,10
12.9785404205,80.2523727417,48625,48635,10
12.9790201187,80.2525634766,48635,48645,10
12.9797096252,80.2526397705,48645,48655,10
12.9798898697,80.2526779175,48655,48665,10
12.9802103043,80.2526779175,48665,48675,10
12.9808702469,80.2526779175,48675,48686,11
12.9818201065,80.2526397705,48686,48696,10
12.9823999405,80.2526016235,48696,48706,10
12.9826803207,80.252571106,48706,48716,10
12.9829702377,80.2525405884,48716,48726,10
12.9831399918,80.2525177002,48726,48736,10
12.9834499359,80.2525024414,48736,48746,10
12.9839696884,80.2523422241,48746,48756,10
12.9847602844,80.2521286011,48756,48766,10
12.9856901169,80.2518692017,48766,48777,11
12.9862203598,80.2517166138,48777,48787,10
12.9863595963,80.251701355,48787,48797,10
12.9872198105,80.2514724731,48797,48999,202
12.9872198105,80.2514724731,48999,49009,10
12.987279892,80.2514266968,49009,49019,10
12.9875202179,80.251373291,49019,49029,10
12.987859726,80.2512969971,49029,49039,10
12.9884195328,80.2511672974,49039,49050,11
12.9892501831,80.2509231567,49050,49060,10
12.9897003174,80.250831604,49060,49070,10
12.9898395538,80.250831604,49070,49080,10
12.9900503159,80.2507781982,49080,49090,10
12.9904298782,80.2507019043,49090,49100,10
12.9912700653,80.2504806519,49100,49110,10
12.9921197891,80.2502593994,49110,49120,10
12.9931201935,80.2500076294,49120,49130,10
12.99421978,80.2497329712,49130,49141,11
12.9955396652,80.2494277954,49141,49151,10
12.9968099594,80.2491836548,49151,49162,11
12.998000145,80.2488632202,49162,49171,9
12.9994401932,80.2484207153,49171,49182,11
13.0009803772,80.248008728,49182,49192,10
13.0022201538,80.2477035522,49192,49202,10
13.0033597946,80.2474975586,49202,49212,10
13.0045795441,80.2473297119,49212,49223,11
13.0059499741,80.2470092773,49223,49233,10
13.0065097809,80.246421814,49233,49253,20
13.0065097809,80.246421814,49253,49263,10
13.0065898895,80.2463226318,49263,49273,10
13.0066299438,80.2459335327,49273,49283,10
13.0066604614,80.2453308105,49283,49293,10
13.0066604614,80.2446594238,49293,49303,10
13.0066404343,80.2441635132,49303,49314,11
13.0066204071,80.243637085,49314,49324,10
13.0066099167,80.2431793213,49324,49334,10
13.0066404343,80.2425079346,49334,49344,10
13.0066299438,80.2417068481,49344,49354,10
13.0066900253,80.2409820557,49354,49364,10
13.0067996979,80.2403411865,49364,49374,10
13.0069198608,80.2397384644,49374,49384,10
13.007060051,80.2390594482,49384,49394,10
13.0072202682,80.2382202148,49394,49405,11
13.0073204041,80.2375411987,49405,49415,10
13.0073900223,80.2368164063,49415,49425,10
13.0074300766,80.236656189,49425,49435,10
13.0075397491,80.2363510132,49435,49445,10
13.0076599121,80.2357635498,49445,49455,10
13.0078001022,80.2349319458,49455,49465,10
13.0080604553,80.2339172363,49465,49474,9
13.0082597733,80.2328414917,49474,49485,11
13.0085601807,80.2313613892,49485,49496,11
13.0088596344,80.2297973633,49496,49506,10
13.0091400146,80.2284088135,49506,49516,10
13.0095996857,80.2272109985,49516,49526,10
13.0101203918,80.2261428833,49526,49536,10
13.0104703903,80.2252883911,49536,49546,10
13.0106697083,80.2248535156,49546,49556,10
13.0108995438,80.224319458,49556,49566,10
13.0112104416,80.2236175537,49566,49576,10
13.0114097595,80.223197937,49576,49587,11
13.0115499496,80.2228088379,49587,49597,10
13.0118398666,80.2220611572,49597,49607,10
13.0123500824,80.2214584351,49607,49617,10
13.0126600266,80.2218704224,49617,49627,10
13.0129995346,80.2223205566,49627,49637,10
13.0133895874,80.2227935791,49637,49647,10
13.0138196945,80.2233123779,49647,49657,10
13.0141096115,80.2235870361,49657,49668,11
13.0145797729,80.224067688,49668,49678,10
13.015130043,80.2247314453,49678,49688,10
13.0156002045,80.2250976563,49688,49698,10
13.0156097412,80.2251205444,49698,49708,10
13.0159397125,80.2253494263,49708,49718,10
13.0166902542,80.2252731323,49718,49728,10
13.0175895691,80.2249069214,49728,49738,10
13.0186100006,80.2245025635,49738,49748,10
13.0194301605,80.224357605,49748,49779,31
13.0194301605,80.224357605,49779,49789,10
13.0195703506,80.2244491577,49789,49799,10
13.019610405,80.2244796753,49799,49809,10
13.0198602676,80.2246704102,49809,49819,10
13.0203104019,80.2249908447,49819,49829,10
13.0208396912,80.2253570557,49829,49839,10
13.0213098526,80.2257385254,49839,49850,11
13.0217599869,80.2260437012,49850,49860,10
13.0217695236,80.2260437012,49860,49870,10
13.021900177,80.2261123657,49870,49880,10
13.0222396851,80.2264099121,49880,49890,10
13.0227203369,80.2268066406,49890,49900,10
13.0231199265,80.2272415161,49900,49930,30
13.0231704712,80.2274780273,49930,50113,183
13.0232095718,80.2275085449,50113,50649,536
13.0232095718,80.2275085449,50649,50659,10
13.0233001709,80.2275466919,50659,50669,10
13.0234603882,80.2276992798,50669,50679,10
13.0238599777,80.2279968262,50679,50689,10
13.0243301392,80.2284698486,50689,50730,41
13.0243301392,80.2284698486,50730,50740,10
13.0243701935,80.2285919189,50740,50750,10
13.0242004395,80.2285919189,50750,50760,10
13.0239896774,80.2282867432,50760,50770,10
13.0238599777,80.2281265259,50770,50780,10
13.0233898163,80.2276763916,50780,51114,334
13.0233697891,80.2274398804,51114,51508,394
13.0233697891,80.2274398804,51508,51518,10
13.0233001709,80.2274093628,51518,51528,10
13.0230503082,80.2271499634,51528,51539,11
13.0228004456,80.2269210815,51539,51549,10
13.022480011,80.2266082764,51549,51559,10
13.0220003128,80.2261810303,51559,51569,10
13.0213499069,80.2257080078,51569,51579,10
13.0207195282,80.2252578735,51579,51589,10
13.0201997757,80.2249298096,51589,51599,10
13.0196199417,80.2245483398,51599,51609,10
13.0187797546,80.2244720459,51609,51620,11
13.0178804398,80.2248535156,51620,51630,10
13.016960144,80.225227356,51630,51640,10
13.0164604187,80.225440979,51640,51650,10
13.0160799026,80.2255706787,51650,51660,10
13.0154895782,80.2257766724,51660,51670,10
13.015080452,80.226020813,51670,51680,10
13.0150098801,80.2260665894,51680,51690,10
13.0146799088,80.2261810303,51690,51700,10
13.0140399933,80.2264480591,51700,51711,11
13.0137500763,80.2265625,51711,51721,10
13.0134897232,80.2266082764,51721,51731,10
13.0129699707,80.2267990112,51731,51741,10
13.0123100281,80.2270507813,51741,51751,10
13.0115203857,80.2273406982,51751,51761,10
13.0105695724,80.2276992798,51761,51771,10
13.0097103119,80.2280807495,51771,51781,10
13.0090999603,80.2287826538,51781,51791,10
13.0088701248,80.229888916,51791,51802,11
13.008649826,80.2311172485,51802,51812,10
13.0083999634,80.2323379517,51812,51822,10
13.0082302094,80.2335662842,51822,51842,20
13.0082302094,80.2335662842,51842,51852,10
13.0081701279,80.2338027954,51852,51862,10
13.0080604553,80.2342529297,51862,51872,10
13.0079698563,80.2347335815,51872,51882,10
13.0078401566,80.2351989746,51882,51893,11
13.0076904297,80.2361221313,51893,51903,10
13.0074596405,80.2372512817,51903,51913,10
13.007229805,80.2383422852,51913,51923,10
13.0070400238,80.2393417358,51923,51933,10
13.0068397522,80.2402877808,51933,51943,10
13.0066795349,80.2412719727,51943,51953,10
13.006649971,80.2422790527,51953,51963,10
13.0066699982,80.2432403564,51963,51973,10
13.0066900253,80.2440490723,51973,51984,11
13.0066795349,80.2449188232,51984,51994,10
13.0066995621,80.2458496094,51994,52004,10
13.0067501068,80.24659729,52004,52014,10
13.0067396164,80.246963501,52014,52024,10
13.0066604614,80.2473678589,52024,52034,10
13.0063199997,80.2473983765,52034,52044,10
13.0061302185,80.2473602295,52044,52054,10
13.0055103302,80.2473373413,52054,52064,10
13.0045404434,80.2473907471,52064,52075,11
13.0034599304,80.2475585938,52075,52085,10
13.0023097992,80.2477798462,52085,52095,10
13.0012102127,80.2480392456,52095,52105,10
12.9999704361,80.248336792,52105,52115,10
12.9980897903,80.2488632202,52115,52125,10
12.9980897903,80.2488632202,52125,52135,10
12.9979200363,80.2489013672,52135,52145,10
12.9973297119,80.2490234375,52145,52156,11
12.9963998795,80.2491989136,52156,52166,10
12.9953603745,80.2494430542,52166,52176,10
12.9941997528,80.2497634888,52176,52186,10
12.9927396774,80.2501296997,52186,52199,13
12.9912395477,80.250541687,52199,52209,10
12.9908399582,80.2506408691,52209,52219,10
12.9904899597,80.2507171631,52219,52229,10
12.9896602631,80.2509307861,52229,52250,21
12.9896602631,80.2509307861,52250,52260,10
12.9895000458,80.2509536743,52260,52270,10
12.9889698029,80.2511062622,52270,52280,10
12.9878997803,80.2513580322,52280,52411,131
12.9878997803,80.2513580322,52411,52421,10
12.9878196716,80.251411438,52421,52432,11
12.9874095917,80.2515182495,52432,52442,10
12.9866304398,80.251739502,52442,52452,10
12.9856595993,80.2519683838,52452,52462,10
12.984459877,80.2522964478,52462,52472,10
12.9832000732,80.2526016235,52472,52482,10
12.9819698334,80.2526931763,52482,52492,10
12.9807100296,80.2527313232,52492,52502,10
12.9802303314,80.2528076172,52502,52513,11
12.9799203873,80.2527923584,52513,52523,10
12.9793996811,80.2527084351,52523,52533,10
12.9786596298,80.2525787354,52533,52543,10
12.9779195786,80.2520370483,52543,52553,10
12.9769802094,80.2513580322,52553,52563,10
12.975689888,80.2509613037,52563,52573,10
12.9743299484,80.250579834,52573,52583,10
12.9730501175,80.2502212524,52583,52593,10
12.9716396332,80.2498397827,52593,52604,11
12.9700403214,80.2493362427,52604,52614,10
12.9686603546,80.2488021851,52614,52624,10
12.9674196243,80.248336792,52624,52634,10
12.9665203094,80.2478866577,52634,52644,10
12.9655895233,80.2475128174,52644,52654,10
12.9649801254,80.2473068237,52654,52664,10
12.9647598267,80.2472305298,52664,52674,10
12.9638795853,80.2468566895,52674,52705,31
12.9638795853,80.2468566895,52705,52715,10
12.963760376,80.2468414307,52715,52725,10
12.9636001587,80.2467803955,52725,52735,10
12.9631700516,80.2465286255,52735,52745,10
12.962439537,80.2461776733,52745,52755,10
12.9615297318,80.2457199097,52755,52765,10
12.9604301453,80.2452163696,52765,52775,10
12.9593601227,80.2447814941,52775,52786,11
12.9590997696,80.2446365356,52786,52796,10
12.958609581,80.244392395,52796,52806,10
12.9579601288,80.2441177368,52806,52816,10
12.9572601318,80.2438964844,52816,52846,30
12.9572601318,80.2438964844,52846,52856,10
12.9571800232,80.2438812256,52856,52866,10
12.9569501877,80.2438201904,52866,52877,11
12.9567804337,80.2437820435,52877,52887,10
12.956700325,80.2437591553,52887,52897,10
12.9564800262,80.2436676025,52897,52968,71
12.9564800262,80.2436676025,52968,52978,10
12.9559698105,80.2434997559,52978,52988,10
12.9553403854,80.2431411743,52988,52998,10
12.9545097351,80.2427368164,52998,53008,10
12.9536504745,80.2423782349,53008,53018,10
12.952580452,80.2419586182,53018,53028,10
12.9516096115,80.2416305542,53028,53038,10
12.9515104294,80.2415771484,53038,53048,10
12.9511098862,80.2414321899,53048,53059,11
12.9502801895,80.2411575317,53059,53069,10
12.949379921,80.2408370972,53069,53079,10
12.9488401413,80.2406463623,53079,53089,10
12.9480800629,80.2403411865,53089,53099,10
12.9472904205,80.2400283813,53099,53109,10
12.9471302032,80.2399673462,53109,53119,10
12.9470100403,80.2399291992,53119,53129,10
12.9465103149,80.2397232056,53129,53140,11
12.945690155,80.2393722534,53140,53150,10
12.9449300766,80.238822937,53150,53160,10
12.9441795349,80.2379989624,53160,53170,10
12.9433603287,80.2371063232,53170,53180,10
12.9422597885,80.2363967896,53180,53190,10
12.9408798218,80.2360305786,53190,53200,10
12.9396800995,80.2356872559,53200,53210,10
12.938750267,80.2352600098,53210,53220,10
12.9385700226,80.2351226807,53220,53231,11
12.9380702972,80.2348480225,53231,53241,10
12.9373598099,80.2345199585,53241,53251,10
12.9364795685,80.2341003418,53251,53261,10
12.9358596802,80.2338104248,53261,53271,10
12.9358501434,80.2338104248,53271,53281,10
12.9355602264,80.2336807251,53281,53291,10
12.9349603653,80.2333831787,53291,53301,10
12.9341402054,80.2330093384,53301,53311,10
12.9336795807,80.2328109741,53311,53322,11
12.9335298538,80.2327270508,53322,53332,10
12.9329996109,80.2324829102,53332,53342,10
12.9321804047,80.232170105,53342,53352,10
12.931139946,80.231842041,53352,53362,10
12.9300098419,80.2314910889,53362,53372,10
12.9289197922,80.231262207,53372,53382,10
12.9276504517,80.2310562134,53382,53392,10
12.9262599945,80.2309036255,53392,53402,10
12.9249200821,80.2307510376,53402,53413,11
12.9234600067,80.2305603027,53413,53423,10
12.9220104218,80.2303771973,53423,53433,10
12.9207000732,80.2301864624,53433,53443,10
12.9198102951,80.2300872803,53443,53453,10
12.9187498093,80.2299423218,53453,53463,10
12.9175395966,80.2297973633,53463,53473,10
12.9162998199,80.2296218872,53473,53483,10
12.9149503708,80.2294311523,53483,53493,10
12.9136600494,80.2292633057,53493,53504,11
12.9132204056,80.2292175293,53504,53514,10
12.9128303528,80.2291488647,53514,53524,10
12.9120998383,80.2290496826,53524,53534,10
12.9111499786,80.2289123535,53534,53544,10
12.9102497101,80.2287826538,53544,53554,10
12.9087400436,80.2285385132,53554,53564,10
12.9077596664,80.2283477783,53564,53574,10
12.9071798325,80.2282791138,53574,53584,10
12.9064598083,80.2282409668,53584,53595,11
12.9060096741,80.2282333374,53595,53605,10
12.905579567,80.2282028198,53605,53615,10
12.904800415,80.2281570435,53615,53625,10
12.9038200378,80.2280883789,53625,53635,10
12.9027299881,80.2280273438,53635,53645,10
12.9018602371,80.2279815674,53645,53655,10
12.9014797211,80.2280197144,53655,53665,10
12.90102005,80.2279510498,53665,53675,10
12.900349617,80.2278823853,53675,53686,11
12.8995199203,80.2278594971,53686,53696,10
12.8992395401,80.2278289795,53696,53706,10
12.8990602493,80.2278137207,53706,53716,10
12.8985795975,80.2277832031,53716,53726,10
12.8978395462,80.2277526855,53726,53736,10
12.8969402313,80.2276992798,53736,53746,10
12.8958597183,80.2276535034,53746,53756,10
12.8946399689,80.2275924683,53756,53767,11
12.8931598663,80.2274398804,53767,53777,10
12.8921003342,80.2273483276,53777,53787,10
12.8909702301,80.2273330688,53787,53797,10
12.8896799088,80.2273178101,53797,53807,10
12.8883304596,80.2273025513,53807,53817,10
12.8869895935,80.227142334,53817,53827,10
12.8856601715,80.2268066406,53827,53837,10
12.8846902847,80.2266616821,53837,53847,10
12.8837203979,80.2266998291,53847,53858,11
12.8823900223,80.2266998291,53858,53868,10
12.8809900284,80.2266998291,53868,53878,10
12.8795204163,80.2267227173,53878,53888,10
12.8780202866,80.2267990112,53888,53898,10
12.8767795563,80.2269210815,53898,53908,10
12.87637043,80.2269592285,53908,53918,10
12.8759803772,80.2269592285,53918,53928,10
12.8753099442,80.2269287109,53928,53938,10
12.8743801117,80.2268066406,53938,53949,11
12.8731603622,80.2266998291,53949,53959,10
12.8718795776,80.2266769409,53959,53969,10
12.8704500198,80.2265930176,53969,53979,10
12.8690299988,80.2264480591,53979,53989,10
12.8674898148,80.2264175415,53989,53999,10
12.8658599854,80.2265701294,53999,54009,10
12.8645095825,80.2265396118,54009,54019,10
12.8625497818,80.2265090942,54019,54029,10
12.861289978,80.226600647,54029,54040,11
12.8608398438,80.2265930176,54040,54050,10
12.8602600098,80.2265090942,54050,54060,10
12.8593597412,80.2263793945,54060,54070,10
12.8583202362,80.2262420654,54070,54080,10
12.8571395874,80.2262573242,54080,54090,10
12.8558301926,80.2263870239,54090,54100,10
12.8543901443,80.2265396118,54100,54110,10
12.8528203964,80.2266693115,54110,54120,10
12.8511600494,80.226600647,54120,54131,11
12.8493003845,80.2265625,54131,54141,10
12.8476800919,80.2265625,54141,54151,10
12.8463497162,80.2265625,54151,54161,10
12.8458404541,80.2265625,54161,54171,10
12.8454303741,80.226600647,54171,54181,10
12.8453302383,80.2265777588,54181,54191,10
12.8449697495,80.226600647,54191,54201,10
12.8443098068,80.2266464233,54201,54211,10
12.8434200287,80.2267303467,54211,54222,11
12.8422498703,80.2269821167,54222,54232,10
12.8410196304,80.2272567749,54232,54242,10
12.8399896622,80.2275619507,54242,54303,61
12.8399896622,80.2275619507,54303,54313,10
12.8395795822,80.227722168,54313,54323,10
12.8390398026,80.2278823853,54323,54333,10
12.8381795883,80.2280883789,54333,54343,10
12.8371200562,80.2282791138,54343,54353,10
12.8358898163,80.2284622192,54353,54363,10
12.8345603943,80.2286682129,54363,54373,10
12.8334102631,80.2288894653,54373,54383,10
12.8324699402,80.2291030884,54383,54394,11
12.8322296143,80.229133606,54394,54404,10
12.8322000504,80.2291183472,54404,54414,10
12.8318195343,80.2292022705,54414,54424,10
12.8310804367,80.2294006348,54424,54434,10
12.8301095963,80.2297286987,54434,54444,10
12.8289804459,80.230178833,54444,54454,10
12.8277902603,80.2308425903,54454,54464,10
12.8266096115,80.231300354,54464,54474,10
12.8254203796,80.2314224243,54474,54485,11
12.8239898682,80.2311935425,54485,54495,10
12.822719574,80.230796814,54495,54505,10
12.8213396072,80.2304611206,54505,54515,10
12.8198900223,80.2304611206,54515,54525,10
12.8188400269,80.23046875,54525,54535,10
12.8186197281,80.2303771973,54535,54545,10
12.8180999756,80.2301025391,54545,54555,10
12.8172702789,80.2297210693,54555,54565,10
12.8161802292,80.2294311523,54565,54576,11
12.814740181,80.2292098999,54576,54586,10
12.8134202957,80.2288970947,54586,54596,10
12.8122501373,80.2284927368,54596,54606,10
12.8110599518,80.2280578613,54606,54616,10
12.8098402023,80.2275466919,54616,54626,10
12.8086395264,80.2267990112,54626,54636,10
12.8074798584,80.2258377075,54636,54646,10
12.806520462,80.2249832153,54646,54656,10
12.8056697845,80.2242431641,54656,54667,11
12.8047504425,80.2238998413,54667,54677,10
12.8044500351,80.2238769531,54677,54687,10
12.8038196564,80.2238311768,54687,54697,10
12.8029899597,80.2237625122,54697,54707,10
12.8019104004,80.2236175537,54707,54717,10
12.8006601334,80.2235031128,54717,54727,10
12.7992601395,80.2233886719,54727,54737,10
12.7979001999,80.2232437134,54737,54747,10
12.7967596054,80.2230377197,54747,54758,11
12.7958097458,80.222869873,54758,54768,10
12.7953500748,80.2227935791,54768,54778,10
12.7946195602,80.2226715088,54778,54788,10
12.7936697006,80.2225189209,54788,54798,10
12.7925596237,80.2223510742,54798,54808,10
12.7915897369,80.2221298218,54808,54818,10
12.7902002335,80.2218093872,54818,54828,10
12.7894001007,80.2215423584,54828,54838,10
12.7887601852,80.2212982178,54838,54849,11
12.7881298065,80.2210388184,54849,54859,10
12.7874403,80.2207794189,54859,54869,10
12.7864303589,80.2203903198,54869,54899,30
12.7864303589,80.2203903198,54899,54909,10
12.7863502502,80.2203292847,54909,54919,10
12.7862997055,80.2203216553,54919,54930,11
12.786239624,80.2203216553,54930,54940,10
12.7861404419,80.2203826904,54940,54950,10
12.7861204147,80.2205963135,54950,54960,10
12.7861604691,80.2209701538,54960,54970,10
12.7861700058,80.2215423584,54970,54980,10
12.7862300873,80.2218017578,54980,55688,708
12.7862300873,80.2218017578,55688,55698,10
12.7861604691,80.2217483521,55698,55708,10
12.7861604691,80.2214584351,55708,55718,10
12.7861499786,80.2210388184,55718,55729,11
12.7861404419,80.2206268311,55729,55739,10
12.7861499786,80.2204208374,55739,55749,10
12.786359787,80.2204208374,55749,55759,10
12.7867002487,80.2205734253,55759,55769,10
12.7871198654,80.2207183838,55769,55779,10
12.7875995636,80.2208786011,55779,55791,12
12.7881202698,80.2210693359,55791,55801,10
12.7888803482,80.2213592529,55801,55811,10
12.789560318,80.2216186523,55811,55822,11
12.7903699875,80.221862793,55822,55832,10
12.7911901474,80.2220535278,55832,55841,9
12.7920303345,80.2222595215,55841,55852,11
12.7930002213,80.222442627,55852,55862,10
12.7940502167,80.2226028442,55862,55872,10
12.7951002121,80.2227783203,55872,55882,10
12.7963600159,80.2229614258,55882,55953,71
12.7963600159,80.2229614258,55953,55963,10
12.7967996597,80.2231063843,55963,55973,10
12.797419548,80.2232437134,55973,55983,10
12.7982196808,80.2233276367,55983,55994,11
12.7992801666,80.2234268188,55994,56004,10
12.800450325,80.2235183716,56004,56014,10
12.8015203476,80.2236099243,56014,56024,10
12.8023996353,80.2237091064,56024,56034,10
12.8030900955,80.2238006592,56034,56044,10
12.8039102554,80.2238769531,56044,56054,10
12.8048000336,80.2239532471,56054,56064,10
12.8055400848,80.2241592407,56064,56074,10
12.8057003021,80.2242584229,56074,56085,11
12.806189537,80.2246704102,56085,56095,10
12.8068304062,80.2252502441,56095,56105,10
12.8076496124,80.2259521484,56105,56115,10
12.8086004257,80.2267532349,56115,56125,10
12.8097400665,80.2275238037,56125,56135,10
12.8110303879,80.2280731201,56135,56145,10
12.8122901917,80.2285308838,56145,56155,10
12.813659668,80.2289962769,56155,56165,10
12.815030098,80.2292785645,56165,56176,11
12.8166303635,80.2295227051,56176,56186,10
12.8180103302,80.2300186157,56186,56196,10
12.8191995621,80.2304763794,56196,56206,10
12.8204097748,80.2304611206,56206,56216,10
12.8216896057,80.230506897,56216,56226,10
12.8228702545,80.2308273315,56226,56236,10
12.8240995407,80.2311706543,56236,56246,10
12.825340271,80.2313766479,56246,56256,10
12.8267402649,80.2312774658,56256,56267,11
12.8280200958,80.2306976318,56267,56277,10
12.829000473,80.2301712036,56277,56287,10
12.8301897049,80.2296981812,56287,56297,10
12.8312196732,80.2292785645,56297,56307,10
12.831489563,80.2291870117,56307,56317,10
12.8317499161,80.2291488647,56317,56327,10
12.8323001862,80.2290115356,56327,56337,10
12.8331403732,80.2288513184,56337,56347,10
12.8341999054,80.2286834717,56347,56358,11
12.835559845,80.2284622192,56358,56368,10
12.8369703293,80.2282562256,56368,56378,10
12.838350296,80.228012085,56378,56388,10
12.8391799927,80.2277297974,56388,56398,10
12.8393802643,80.2276229858,56398,56408,10
12.839389801,80.2276229858,56408,56418,10
12.8395204544,80.2275924683,56418,56428,10
12.8398704529,80.2275314331,56428,56439,11
12.8405799866,80.2273864746,56439,56449,10
12.8414697647,80.2271728516,56449,56459,10
12.8425102234,80.2269363403,56459,56469,10
12.8437900543,80.2266998291,56469,56479,10
12.8450603485,80.2265472412,56479,56489,10
12.8455896378,80.2265167236,56489,56499,10
12.8457803726,80.2265167236,56499,56509,10
12.8463697433,80.2265319824,56509,56519,10
12.8472204208,80.2265167236,56519,56530,11
12.8483800888,80.2265090942,56530,56540,10
12.8496103287,80.2265319824,56540,56550,10
12.8509597778,80.2265625,56550,56560,10
12.8524303436,80.2266311646,56560,56570,10
12.8539600372,80.2265625,56570,56580,10
12.8555002213,80.2264022827,56580,56590,10
12.8570604324,80.2262420654,56590,56600,10
12.8582801819,80.2261886597,56600,56610,10
12.8590202332,80.2262420654,56610,56621,11
12.8600597382,80.2263793945,56621,56631,10
12.8608398438,80.2264633179,56631,56641,10
12.8610200882,80.2264785767,56641,56651,10
12.8616304398,80.2265014648,56651,56661,10
12.8624601364,80.2264633179,56661,56671,10
12.8634796143,80.2264404297,56671,56681,10
12.8647499084,80.2265090942,56681,56691,10
12.8660202026,80.2265090942,56691,56701,10
12.8673601151,80.2263870239,56701,56712,11
12.8689403534,80.2263565063,56712,56722,10
12.8704500198,80.2265396118,56722,56732,10
12.8718996048,80.2266235352,56732,56742,10
12.8731403351,80.2266235352,56742,56752,10
12.8743896484,80.2267303467,56752,56762,10
12.8757696152,80.2268829346,56762,56772,10
12.8767795563,80.2268600464,56772,56782,10
12.8777999878,80.2267837524,56782,56792,10
12.8790302277,80.2266921997,56792,56803,11
12.8805799484,80.2266769409,56803,56813,10
12.8820896149,80.2266693115,56813,56823,10
12.8835496902,80.2266616821,56823,56833,10
12.8845100403,80.2266082764,56833,56843,10
12.8848800659,80.2266235352,56843,56853,10
12.8853197098,80.2266921997,56853,56863,10
12.8858699799,80.2267990112,56863,56873,10
12.8866996765,80.2270126343,56873,56883,10
12.8876695633,80.2271881104,56883,56894,11
12.8892402649,80.2273101807,56894,56904,10
12.8907403946,80.2273101807,56904,56914,10
12.8921804428,80.2273025513,56914,56924,10
12.8930597305,80.2274169922,56924,56934,10
12.8941001892,80.2275466919,56934,56944,10
12.8951702118,80.2276229858,56944,56954,10
12.8963403702,80.2276611328,56954,56964,10
12.8975696564,80.227722168,56964,56974,10
12.8988199234,80.2277908325,56974,56985,11
12.8996801376,80.2278366089,56985,56995,10
12.9005203247,80.2279129028,56995,57005,10
12.9010696411,80.2279434204,57005,57015,10
12.9014501572,80.2279510498,57015,57025,10
12.9020299911,80.2279815674,57025,57035,10
12.9026403427,80.2280197144,57035,57045,10
12.9027996063,80.2280273438,57045,57055,10
12.9033098221,80.2280578613,57055,57066,11
12.9041595459,80.2281036377,57066,57076,10
12.9050798416,80.2281723022,57076,57086,10
12.9056596756,80.228187561,57086,57126,40
12.9056596756,80.228187561,57126,57136,10
12.9060297012,80.2282562256,57136,57146,10
12.9063596725,80.2282562256,57146,57157,11
12.906829834,80.2283096313,57157,57167,10
12.9075803757,80.2284011841,57167,57177,10
12.9085798264,80.2285614014,57177,57187,10
12.9097995758,80.2287368774,57187,57197,10
12.9111404419,80.2289276123,57197,57207,10
12.9125204086,80.2291564941,57207,57217,10
12.913649559,80.2293167114,57217,57227,10
12.9142999649,80.2294006348,57227,57237,10
12.9151000977,80.2294998169,57237,57248,11
12.9162502289,80.2296295166,57248,57258,10
12.9174604416,80.2297515869,57258,57268,10
12.9188299179,80.2299194336,57268,57278,10
12.9199895859,80.2301025391,57278,57288,10
12.9212903976,80.2302703857,57288,57298,10
12.9226703644,80.2304763794,57298,57308,10
12.9240903854,80.230682373,57308,57318,10
12.9254398346,80.2308578491,57318,57328,10
12.9268398285,80.2310409546,57328,57339,11
12.9281702042,80.2311935425,57339,57349,10
12.9283895493,80.2312164307,57349,57359,10
12.928560257,80.231262207,57359,57369,10
12.9290895462,80.2313690186,57369,57379,10
12.9299001694,80.2315597534,57379,57389,10
12.9309101105,80.231842041,57389,57399,10
12.931810379,80.2321166992,57399,57409,10
12.93268013,80.2323989868,57409,57419,10
12.9335603714,80.2327423096,57419,57430,11
12.9346599579,80.2332077026,57430,57440,10
12.9355802536,80.2336196899,57440,57450,10
12.936340332,80.2339935303,57450,57460,10
12.9372797012,80.2344207764,57460,57470,10
12.9384002686,80.2350006104,57470,57480,10
12.9396095276,80.2356185913,57480,57490,10
12.9408502579,80.236000061,57490,57500,10
12.942150116,80.236328125,57500,57510,10
12.9433202744,80.2369766235,57510,57521,11
12.9443798065,80.2381210327,57521,57531,10
12.9453697205,80.2391433716,57531,57541,10
12.946559906,80.2396697998,57541,57551,10
12.9473695755,80.240020752,57551,57561,10
12.9474802017,80.2400588989,57561,57571,10
12.9478998184,80.2402420044,57571,57581,10
12.9485702515,80.2404937744,57581,57591,10
12.9486904144,80.2405014038,57591,57602,11
12.9488401413,80.2406005859,57602,57612,10
12.9492502213,80.2407913208,57612,57622,10
12.9499597549,80.2410430908,57622,57632,10
12.9507398605,80.2412872314,57632,57642,10
12.9514198303,80.2415237427,57642,57652,10
12.9519100189,80.2416763306,57652,57662,10
12.9526195526,80.2419586182,57662,57672,10
12.9535503387,80.2423019409,57672,57682,10
12.9545001984,80.24269104,57682,57693,11
12.9556303024,80.2431182861,57693,57703,10
12.9563398361,80.2434463501,57703,57713,10
12.9565896988,80.2435684204,57713,57723,10
12.9572296143,80.2438201904,57723,57733,10
12.9580898285,80.2441711426,57733,57743,10
12.9590597153,80.2445831299,57743,57753,10
12.9601202011,80.2450790405,57753,57763,10
12.9613399506,80.2456512451,57763,57773,10
12.9625701904,80.2462234497,57773,57784,11
12.9631204605,80.2464828491,57784,57794,10
12.9633302689,80.24659729,57794,57804,10
12.9637002945,80.2467803955,57804,57814,10
12.9643096924,80.2470169067,57814,57824,10
12.9650802612,80.2472915649,57824,57834,10
12.9659996033,80.2476119995,57834,57844,10
12.9667797089,80.2479171753,57844,57854,10
12.9668397903,80.2479400635,57854,57864,10
12.9669799805,80.2480621338,57864,57875,11
12.9675302505,80.248336792,57875,57885,10
12.9683198929,80.2486877441,57885,57895,10
12.9693603516,80.2490615845,57895,57905,10
12.9705600739,80.2495193481,57905,57915,10
12.971830368,80.2499008179,57915,57925,10
12.9731397629,80.2502593994,57925,57935,10
12.9739704132,80.2504806519,57935,57945,10
12.9748096466,80.2507095337,57945,57955,10
12.9758901596,80.2510223389,57955,57966,11
12.9770298004,80.2513427734,57966,57976,10
12.9779195786,80.2519378662,57976,57986,10
12.9786195755,80.2524490356,57986,57996,10
12.9793996811,80.2526168823,57996,58006,10
12.9803600311,80.2526626587,58006,58016,10
12.9815101624,80.2526397705,58016,58026,10
12.9828500748,80.2525787354,58026,58036,10
12.9841604233,80.2523498535,58036,58046,10
12.985250473,80.2520217896,58046,58057,11
12.9860496521,80.2518005371,58057,58067,10
12.986700058,80.2516403198,58067,58239,172
12.986700058,80.2516403198,58239,58249,10
12.9867200851,80.2516326904,58249,58259,10
12.9870901108,80.2515182495,58259,58269,10
12.9875001907,80.2513885498,58269,58279,10
12.9879598618,80.2512969971,58279,58289,10
12.9887104034,80.2511062622,58289,58299,10
12.9897499084,80.250869751,58299,58309,10
12.990940094,80.2505722046,58309,58320,11
12.9922199249,80.2502593994,58320,58330,10
12.9934797287,80.2499313354,58330,58340,10
12.994720459,80.2496109009,58340,58350,10
12.9959602356,80.2492980957,58350,58360,10
12.9972000122,80.2489929199,58360,58370,10
12.9985103607,80.2486572266,58370,58380,10
12.9998703003,80.248298645,58380,58390,10
13.0013198853,80.2479400635,58390,58400,10
13.0025997162,80.2476272583,58400,58411,11
13.0040597916,80.2474212646,58411,58421,10
13.0052604675,80.2472610474,58421,58431,10
13.0061397552,80.246963501,58431,58441,10
13.006529808,80.246421814,58441,58451,10
13.0065803528,80.246307373,58451,58461,10
13.0066003799,80.2459182739,58461,58471,10
13.0066204071,80.2451934814,58471,58481,10
13.0066404343,80.244392395,58481,58491,10
13.0066604614,80.2438430786,58491,58502,11
13.0066404343,80.2432403564,58502,58512,10
13.0066099167,80.242767334,58512,58522,10
13.0065803528,80.2419967651,58522,58532,10
13.0065803528,80.2413024902,58532,58542,10
13.0066204071,80.2407836914,58542,58552,10
13.0067901611,80.2400817871,58552,58562,10
13.0069904327,80.2392501831,58562,58572,10
13.0071802139,80.2382202148,58572,58582,10
13.0073204041,80.237487793,58582,58593,11
13.0074300766,80.2367401123,58593,58603,10
13.0074996948,80.2365036011,58603,58613,10
13.0075998306,80.2360305786,58613,58623,10
13.0076704025,80.2355804443,58623,58633,10
13.0077400208,80.2352371216,58633,58643,10
13.0078201294,80.2347564697,58643,58653,10
13.0079603195,80.2340316772,58653,58663,10
13.0081701279,80.2330093384,58663,58674,11
13.0084295273,80.2317504883,58674,58684,10
13.0085697174,80.2310409546,58684,58694,10
13.0087404251,80.230140686,58694,58704,10
13.0089902878,80.2289810181,58704,58714,10
13.0092802048,80.2278823853,58714,58724,10
13.009759903,80.2267990112,58724,58734,10
13.0101995468,80.2257995605,58734,58744,10
13.0104398727,80.2252502441,58744,58754,10
13.0105695724,80.2250213623,58754,58765,11
13.0108203888,80.2244491577,58765,58775,10
13.0111703873,80.2236633301,58775,58785,10
13.0115003586,80.2229537964,58785,58795,10
13.0117397308,80.2221298218,58795,58805,10
13.0122003555,80.2215805054,58805,58815,10
13.0124197006,80.221786499,58815,58825,10
13.012840271,80.2222824097,58825,58835,10
13.0134000778,80.2228927612,58835,58845,10
13.0138902664,80.2235031128,58845,58856,11
13.0141000748,80.2237167358,58856,58866,10
13.0145998001,80.2242584229,58866,58876,10
13.0151395798,80.2248001099,58876,58886,10
13.0154304504,80.2250213623,58886,58896,10
13.0156602859,80.2252120972,58896,58906,10
13.0163402557,80.2253570557,58906,58916,10
13.0172395706,80.2250366211,58916,58926,10
13.0183095932,80.224609375,58926,58936,10
13.019370079,80.2243270874,58936,58947,11
13.0195798874,80.2244262695,58947,58957,10
13.0196504593,80.2245178223,58957,58967,10
13.0200004578,80.2247695923,58967,58977,10
13.0205202103,80.2251434326,58977,58987,10
13.0209903717,80.2255096436,58987,58997,10
13.0214595795,80.2258987427,58997,59007,10
13.0220298767,80.2263183594,59007,59017,10
13.0225896835,80.2268218994,59017,59027,10
13.0232200623,80.2273788452,59027,59038,11
13.0238599777,80.227897644,59038,59048,10
13.0242595673,80.2283477783,59048,59068,20
13.0242595673,80.2283477783,59068,59078,10
13.0243797302,80.228477478,59078,59088,10
13.0243701935,80.2286682129,59088,59098,10
13.0239896774,80.2283096313,59098,59108,10
13.0236196518,80.2278671265,59108,59118,10
13.0234003067,80.2276611328,59118,59129,11
13.0232095718,80.2274703979,59129,59139,10
13.0230998993,80.2273635864,59139,59149,10
13.022769928,80.2270507813,59149,59159,10
13.0226402283,80.2269210815,59159,59169,10
13.0225200653,80.2267990112,59169,59179,10
13.0223903656,80.2266616821,59179,59189,10
13.0220003128,80.2263031006,59189,59199,10
13.0214004517,80.2258300781,59199,59209,10
13.0199899673,80.2248916626,59209,59240,31
13.0199899673,80.2248916626,59240,59250,10
13.0196800232,80.2246780396,59250,59260,10
13.019080162,80.2244720459,59260,59270,10
13.0181999207,80.2247009277,59270,59280,10
13.0171403885,80.225151062,59280,59290,10
13.0162200928,80.2254867554,59290,59301,11
13.0153999329,80.2258071899,59301,59311,10
13.0147895813,80.2260894775,59311,59321,10
13.0143499374,80.2262268066,59321,59331,10
13.0142402649,80.2262573242,59331,59341,10
13.013879776,80.2263870239,59341,59351,10
13.0132102966,80.2266464233,59351,59361,10
13.0125303268,80.2269210815,59361,59371,10
13.0112304688,80.227432251,59371,59381,10
13.0102901459,80.2277908325,59381,59392,11
13.0092096329,80.2283477783,59392,59402,10
13.0090103149,80.2292175293,59402,59412,10
13.0088195801,80.2303009033,59412,59422,10
13.0086202621,80.2313919067,59422,59432,10
13.0084400177,80.2323608398,59432,59442,10
13.0082998276,80.2332763672,59442,59452,10
13.0082502365,80.2336273193,59452,59462,10
13.0081796646,80.2337493896,59462,59472,10
13.0081195831,80.2341766357,59472,59483,11
13.0080404282,80.2346878052,59483,59493,10
13.007900238,80.2352371216,59493,59503,10
13.0077896118,80.2358398438,59503,59513,10
13.0075998306,80.2367401123,59513,59523,10
13.0073795319,80.237701416,59523,59533,10
13.0071697235,80.2387313843,59533,59543,10
13.0069799423,80.2396392822,59543,59553,10
13.0068101883,80.2404403687,59553,59563,10
13.0067300797,80.2408905029,59563,59574,11
13.0066604614,80.2414932251,59574,59584,10
13.0066604614,80.242401123,59584,59594,10
13.0066995621,80.2433319092,59594,59604,10
13.0067195892,80.2444000244,59604,59614,10
13.0067100525,80.2455825806,59614,59624,10
13.0067300797,80.2466583252,59624,59634,10
13.0067195892,80.2474517822,59634,59665,31
13.0067195892,80.2474517822,59665,59675,10
13.006360054,80.2475280762,59675,59685,10
13.0060997009,80.247467041,59685,59695,10
13.0057001114,80.2474212646,59695,59705,10
13.004940033,80.2474136353,59705,59715,10
13.0039596558,80.2475128174,59715,59725,10
13.0027704239,80.2476882935,59725,59735,10
13.0015602112,80.2479629517,59735,59746,11
13.0002202988,80.2482910156,59746,59756,10
12.9991397858,80.2485580444,59756,59766,10
12.998049736,80.248840332,59766,59776,10
12.9968595505,80.2491226196,59776,59786,10
12.9956302643,80.249458313,59786,59796,10
12.994389534,80.249786377,59796,59806,10
12.9931297302,80.2501068115,59806,59816,10
12.9919204712,80.2503967285,59816,59826,10
12.9909296036,80.2506408691,59826,59837,11
12.989689827,80.2509613037,59837,59847,10
12.9885797501,80.2512512207,59847,59857,10
12.9880504608,80.251411438,59857,59988,131
12.9880504608,80.251411438,59988,59998,10
12.9878797531,80.2514572144,59998,60008,10
12.9873600006,80.2515792847,60008,60019,11
12.9864797592,80.2518234253,60019,60029,10
12.9855804443,80.2519989014,60029,60039,10
12.9844999313,80.252281189,60039,60049,10
12.9833602905,80.2525787354,60049,60059,10
12.9821300507,80.2526779175,60059,60069,10
12.9809103012,80.2527236938,60069,60079,10
12.9800195694,80.2527923584,60079,60089,10
12.9788599014,80.2526626587,60089,60099,10
12.9784603119,80.252532959,60099,60110,11
12.9779396057,80.2521209717,60110,60120,10
12.9771900177,80.2515106201,60120,60130,10
12.9760904312,80.251121521,60130,60140,10
12.9749202728,80.2507705688,60140,60150,10
12.9737300873,80.2504196167,60150,60160,10
12.9724397659,80.2500686646,60160,60170,10
12.9711198807,80.2497177124,60170,60180,10
12.9699602127,80.2493209839,60180,60191,11
12.9686899185,80.2488174438,60191,60201,10
12.9676198959,80.2483978271,60201,60211,10
12.9667396545,80.2479705811,60211,60221,10
12.9661502838,80.2477111816,60221,60231,10
12.9654998779,80.247467041,60231,60241,10
12.9650802612,80.2473373413,60241,60251,10
12.9648303986,80.2472610474,60251,60261,10
12.9642400742,80.2470321655,60261,60271,10
12.9637804031,80.2468185425,60271,60282,11
12.96352005,80.246711731,60282,60292,10
12.9628696442,80.2463912964,60292,60302,10
12.9619598389,80.2459564209,60302,60312,10
12.9608802795,80.2454299927,60312,60322,10
12.9598197937,80.244972229,60322,60332,10
12.9588804245,80.2445373535,60332,60342,10
12.9578695297,80.2441101074,60342,60352,10
12.9569797516,80.2438430786,60352,60362,10
12.9563503265,80.243637085,60362,60403,41
12.9563503265,80.243637085,60403,60413,10
12.955909729,80.2434692383,60413,60423,10
12.9552202225,80.2430877686,60423,60433,10
12.9542703629,80.2426681519,60433,60443,10
12.9532499313,80.2422409058,60443,60453,10
12.952249527,80.2418365479,60453,60464,11
12.9515399933,80.2416305542,60464,60474,10
12.9512796402,80.2415237427,60474,60484,10
12.9506196976,80.2413024902,60484,60494,10
12.9497404099,80.2410430908,60494,60504,10
12.9492301941,80.2408905029,60504,60514,10
12.9491596222,80.2408599854,60514,60524,10
12.9489297867,80.2407608032,60524,60534,10
12.9483098984,80.2404937744,60534,60544,10
12.9474201202,80.2401199341,60544,60555,11
12.9467000961,80.2398376465,60555,60565,10
12.9463796616,80.2397079468,60565,60575,10
12.9457902908,80.239440918,60575,60585,10
12.945110321,80.2390136719,60585,60595,10
12.9443998337,80.238243103,60595,60605,10
12.9436197281,80.2373962402,60605,60615,10
12.942700386,80.236618042,60615,60625,10
12.9414396286,80.2362136841,60625,60635,10
12.9401597977,80.2358932495,60635,60646,11
12.9388303757,80.2352905273,60646,60656,10
12.9374904633,80.23462677,60656,60666,10
12.9363298416,80.2340774536,60666,60676,10
12.9352502823,80.2335662842,60676,60686,10
12.9341497421,80.2331008911,60686,60696,10
12.9336996078,80.2328796387,60696,60706,10
12.9332103729,80.2326507568,60706,60716,10
12.9323997498,80.2323303223,60716,60727,11
12.9313001633,80.2319793701,60727,60737,10
12.9302301407,80.2316436768,60737,60747,10
12.9290504456,80.2313690186,60747,60757,10
12.9277000427,80.2311325073,60757,60767,10
12.9264202118,80.2309799194,60767,60777,10
12.925160408,80.2308425903,60777,60787,10
12.9238004684,80.2306671143,60787,60797,10
12.9223098755,80.2304763794,60797,60807,10
12.9209098816,80.2302780151,60807,60818,11
12.9194202423,80.2300796509,60818,60828,10
12.9181003571,80.2299194336,60828,60838,10
12.9168901443,80.2297286987,60838,60848,10
12.9157896042,80.2295837402,60848,60858,10
12.9146099091,80.2294311523,60858,60868,10
12.9135904312,80.2293319702,60868,60878,10
12.9131603241,80.2292785645,60878,60888,10
12.9125900269,80.2291717529,60888,60898,10
12.9117498398,80.2290420532,60898,60909,11
12.910490036,80.2288513184,60909,60919,10
12.9077396393,80.2284088135,60919,60929,10
12.9077396393,80.2284088135,60929,60939,10
12.906829834,80.2283172607,60939,60949,10
12.9065599442,80.228302002,60949,60959,10
12.9059295654,80.2282485962,60959,60969,10
12.9050197601,80.228187561,60969,60979,10
12.903840065,80.2281112671,60979,60991,12
12.902469635,80.2280273438,60991,61001,10
12.9011602402,80.2280273438,61001,61051,50
12.9011602402,80.2280273438,61051,61061,10
12.9008398056,80.2279891968,61061,61072,11
12.9003601074,80.2279510498,61072,61082,10
12.8996295929,80.2279205322,61082,61093,11
12.8993797302,80.2279205322,61093,61103,10
12.8992300034,80.2279129028,61103,61113,10
12.8987197876,80.2278518677,61113,61123,10
12.8979301453,80.2277832031,61123,61133,10
12.8969202042,80.2277069092,61133,61143,10
12.8956699371,80.2276611328,61143,61153,10
12.8943004608,80.2276000977,61153,61163,10
12.8930101395,80.2274627686,61163,61174,11
12.8920602798,80.2273635864,61174,61184,10
12.8910799026,80.2273406982,61184,61194,10
12.889840126,80.2273483276,61194,61204,10
12.8884496689,80.2273406982,61204,61214,10
12.8870601654,80.227180481,61214,61224,10
12.8856601715,80.2268218994,61224,61234,10
12.8843402863,80.2266921997,61234,61244,10
12.8833703995,80.2267303467,61244,61254,10
12.8832197189,80.2267379761,61254,61265,11
12.8827295303,80.2267532349,61265,61275,10
12.8819198608,80.2267532349,61275,61285,10
12.880900383,80.2267532349,61285,61295,10
12.8795995712,80.2267532349,61295,61305,10
12.8781499863,80.2268218994,61305,61315,10
12.8768100739,80.2269363403,61315,61325,10
12.8763799667,80.2269897461,61325,61335,10
12.8759098053,80.2269897461,61335,61345,10
12.875169754,80.2269363403,61345,61356,11
12.8740901947,80.2267913818,61356,61366,10
12.8729696274,80.2267074585,61366,61376,10
12.8717699051,80.2266921997,61376,61386,10
12.8704595566,80.2266235352,61386,61396,10
12.8690795898,80.2264404297,61396,61406,10
12.8675899506,80.2264175415,61406,61416,10
12.8660402298,80.2265701294,61416,61426,10
12.8644304276,80.2265625,61426,61436,10
12.8627996445,80.2265319824,61436,61447,11
12.861120224,80.226600647,61447,61457,10
12.8598403931,80.2264633179,61457,61467,10
12.8591499329,80.2263793945,61467,61477,10
12.8587999344,80.22631073,61477,61487,10
12.8581600189,80.2262573242,61487,61497,10
12.8572597504,80.2262802124,61497,61507,10
12.8561601639,80.2263717651,61507,61517,10
12.8548202515,80.2265167236,61517,61528,11
12.8531503677,80.2267074585,61528,61538,10
12.8516597748,80.2266616821,61538,61548,10
12.8500900269,80.2265777588,61548,61558,10
12.8484697342,80.2265701294,61558,61568,10
12.8470401764,80.2265930176,61568,61578,10
12.8459596634,80.2266235352,61578,61588,10
12.8458404541,80.2266235352,61588,61598,10
12.8456802368,80.2266235352,61598,61608,10
12.8451299667,80.2266311646,61608,61619,11
12.844209671,80.2266998291,61619,61629,10
12.8431797028,80.2268295288,61629,61639,10
12.8419399261,80.2271194458,61639,61649,10
12.8406095505,80.2274627686,61649,61659,10
12.8399295807,80.2276611328,61659,61669,10
12.839679718,80.2277374268,61669,61679,10
12.8392896652,80.2278518677,61679,61689,10
12.8385696411,80.2280197144,61689,61699,10
12.8376398087,80.2282028198,61699,61710,11
12.8363599777,80.2284011841,61710,61720,10
12.834980011,80.2286071777,61720,61730,10
12.8335800171,80.2288589478,61730,61740,10
12.8322601318,80.2290878296,61740,61750,10
12.8317604065,80.2291793823,61750,61760,10
12.831580162,80.2290115356,61760,61770,10
12.8315401077,80.2287216187,61770,61780,10
12.8314695358,80.2282791138,61780,61790,10
12.831319809,80.2275695801,61790,61801,11
12.8311004639,80.2265090942,61801,61811,10
12.8310604095,80.2252731323,61811,61821,10
12.8310699463,80.2246627808,61821,61831,10
12.8310804367,80.2241592407,61831,61841,10
12.8310804367,80.2233276367,61841,61851,10
12.8310804367,80.2223434448,61851,61861,10
12.8310804367,80.2219772339,61861,61871,10
12.8310899734,80.2212982178,61871,61881,10
12.8310899734,80.2203369141,61881,61892,11
12.8310804367,80.2196426392,61892,61902,10
12.830619812,80.2194290161,61902,61912,10
12.8297300339,80.2194519043,61912,61922,10
12.828619957,80.2194900513,61922,61932,10
12.8276596069,80.2194976807,61932,61942,10
12.8276100159,80.2194900513,61942,61952,10
12.8272104263,80.2194824219,61952,61962,10
12.8264398575,80.2194824219,61962,61972,10
12.8260097504,80.2194671631,61972,61983,11
12.8258304596,80.2192230225,61983,61993,10
12.8258600235,80.2188110352,61993,62003,10
12.8258600235,80.2180023193,62003,62013,10
12.8258695602,80.2169418335,62013,62023,10
12.8257398605,80.2160186768,62023,62033,10
12.8254098892,80.2160186768,62033,62043,10
12.8247900009,80.216003418,62043,62257,214
12.8247900009,80.216003418,62257,62267,10
12.8245296478,80.2160110474,62267,62277,10
12.8240404129,80.216003418,62277,62287,10
12.823220253,80.2159881592,62287,62297,10
12.8227701187,80.216003418,62297,62307,10
12.8226804733,80.2164916992,62307,62317,10
12.8226804733,80.2173461914,62317,62327,10
12.8226804733,80.2183914185,62327,62338,11
12.8226995468,80.2192077637,62338,62348,10
12.822930336,80.2194366455,62348,62358,10
12.8236598969,80.2194595337,62358,62368,10
12.824640274,80.2194595337,62368,62378,10
12.8253602982,80.2194519043,62378,62388,10
12.825510025,80.2194595337,62388,62398,10
12.8261203766,80.2194519043,62398,62408,10
12.826669693,80.2194519043,62408,62419,11
12.8271799088,80.2194366455,62419,62470,51
12.8271799088,80.2194366455,62470,62480,10
12.827580452,80.2194137573,62480,62490,10
12.8276500702,80.2194213867,62490,62500,10
12.8280601501,80.2194519043,62500,62511,11
12.8288097382,80.2194595337,62511,62521,10
12.8296804428,80.2194595337,62521,62531,10
12.8306398392,80.2194519043,62531,62541,10
12.8310003281,80.2194824219,62541,62551,10
12.8311796188,80.2200012207,62551,62561,10
12.8311901093,80.2209014893,62561,62571,10
12.831199646,80.2218780518,62571,62581,10
12.831199646,80.2222366333,62581,62591,10
12.8311901093,80.2227935791,62591,62602,11
12.8311595917,80.2237472534,62602,62612,10
12.8311395645,80.2246398926,62612,62622,10
12.8311300278,80.2250976563,62622,62632,10
12.8311300278,80.2259216309,62632,62642,10
12.8312397003,80.2269363403,62642,62652,10
12.831489563,80.2281417847,62652,62662,10
12.8317203522,80.2291030884,62662,62672,10
12.8318300247,80.2292098999,62672,62682,10
12.8321800232,80.2291183472,62682,62693,11
12.8329601288,80.2289733887,62693,62703,10
12.8339195251,80.2287979126,62703,62713,10
12.8350896835,80.2285995483,62713,62723,10
12.8364200592,80.2284011841,62723,62733,10
12.8377895355,80.2281799316,62733,62743,10
12.8388795853,80.227897644,62743,62753,10
12.8393201828,80.2277526855,62753,62773,20
12.8393201828,80.2277526855,62773,62784,11
12.8395500183,80.2276535034,62784,62794,10
12.8399600983,80.2275619507,62794,62804,10
12.8406400681,80.2274169922,62804,62814,10
12.8414802551,80.2272033691,62814,62824,10
12.8424396515,80.2269668579,62824,62834,10
12.8433904648,80.2267990112,62834,62844,10
12.8441801071,80.2266693115,62844,62854,10
12.8447999954,80.2265777588,62854,62864,10
12.8451700211,80.2265472412,62864,62875,11
12.8452701569,80.2265625,62875,62885,10
12.8454504013,80.2265396118,62885,62895,10
12.8455896378,80.2265472412,62895,62905,10
12.8458795547,80.2265396118,62905,62915,10
12.8463201523,80.2265472412,62915,62925,10
12.8469696045,80.2265396118,62925,62935,10
12.847820282,80.2265396118,62935,62945,10
12.848859787,80.2265472412,62945,62956,11
12.8500499725,80.2265472412,62956,62966,10
12.8512401581,80.2265777588,62966,62976,10
12.8525295258,80.2266464233,62976,62986,10
12.8538398743,80.2266235352,62986,62996,10
12.8551397324,80.2264785767,62996,63006,10
12.8564901352,80.2263412476,63006,63016,10
12.8577804565,80.2261886597,63016,63026,10
12.858830452,80.2262420654,63026,63036,10
12.8599596024,80.2264328003,63036,63047,11
12.8611402512,80.2265472412,63047,63057,10
12.8623199463,80.2265014648,63057,63067,10
12.8636302948,80.2264785767,63067,63077,10
12.8650798798,80.2265625,63077,63087,10
12.8665103912,80.2265167236,63087,63097,10
12.867890358,80.2263870239,63097,63107,10
12.8692903519,80.2264480591,63107,63117,10
12.8706798553,80.2266082764,63117,63127,10
12.8719396591,80.2266616821,63127,63138,11
12.8727998734,80.2266387939,63138,63148,10
12.8728303909,80.2266387939,63148,63158,10
12.8732595444,80.2266616821,63158,63168,10
12.8739004135,80.2266998291,63168,63178,10
12.874710083,80.2267913818,63178,63188,10
12.8755102158,80.2268981934,63188,63198,10
12.8762197495,80.2269210815,63198,63208,10
12.8767299652,80.2268981934,63208,63218,10
12.8769397736,80.2268829346,63218,63229,11
12.8775901794,80.2268295288,63229,63239,10
12.8784704208,80.2267684937,63239,63249,10
12.8795499802,80.2267303467,63249,63259,10
12.8808002472,80.2267227173,63259,63269,10
12.8821401596,80.2267227173,63269,63279,10
12.8835000992,80.2266998291,63279,63289,10
12.8845996857,80.2266769409,63289,63299,10
12.8850002289,80.2266769409,63299,63309,10
12.8855800629,80.2267608643,63309,63320,11
12.8864803314,80.2269897461,63320,63330,10
12.8874998093,80.2272186279,63330,63340,10
12.888710022,80.2273406982,63340,63350,10
12.889960289,80.2273483276,63350,63360,10
12.8913002014,80.2273330688,63360,63370,10
12.8923997879,80.2273635864,63370,63380,10
12.8932800293,80.2274780273,63380,63390,10
12.8943195343,80.2276077271,63390,63401,11
12.8955402374,80.2276611328,63401,63411,10
12.8967399597,80.2277069092,63411,63421,10
12.8979301453,80.2277679443,63421,63431,10
12.8990001678,80.2278137207,63431,63441,10
12.8995800018,80.2278213501,63441,63461,20
12.8995800018,80.2278213501,63461,63471,10
12.8997497559,80.2278213501,63471,63481,10
12.9003000259,80.2278594971,63481,63492,11
12.9008398056,80.2278900146,63492,63502,10
12.9011602402,80.2279281616,63502,63512,10
12.9016199112,80.2279586792,63512,63522,10
12.9021701813,80.2279968262,63522,63532,10
12.902469635,80.2279968262,63532,63552,20
12.902469635,80.2279968262,63552,63562,10
12.9027099609,80.2280502319,63562,63572,10
12.9028501511,80.2280578613,63572,63583,11
12.903169632,80.2280502319,63583,63593,10
12.9036598206,80.2280807495,63593,63603,10
12.9044399261,80.2281417847,63603,63613,10
12.9051904678,80.228187561,63613,63633,20
12.9051904678,80.228187561,63633,63643,10
12.905380249,80.2282409668,63643,63653,10
12.9057302475,80.2282485962,63653,63663,10
12.9060497284,80.2282791138,63663,63674,11
12.9065799713,80.2283096313,63674,63754,80
12.9065799713,80.2283096313,63754,63765,11
12.9068002701,80.2283401489,63765,63775,10
12.9073600769,80.2284088135,63775,63785,10
12.908249855,80.2285308838,63785,63795,10
12.9094200134,80.2287063599,63795,63805,10
12.910779953,80.2289199829,63805,63815,10
12.9119701385,80.2290496826,63815,63825,10
12.9133195877,80.2292175293,63825,63835,10
12.9139699936,80.229309082,63835,63846,11
12.914059639,80.2293319702,63846,63856,10
12.9145498276,80.2294235229,63856,63866,10
12.9152898788,80.2295303345,63866,63876,10
12.9162197113,80.2296676636,63876,63886,10
12.9171104431,80.2297821045,63886,63896,10
12.9177503586,80.2298736572,63896,63906,10
12.9185199738,80.2299804688,63906,63916,10
12.919500351,80.2301177979,63916,63926,10
12.9207000732,80.2302780151,63926,63937,11
12.9221401215,80.23046875,63937,63947,10
12.9232902527,80.2306518555,63947,63957,10
12.9245195389,80.230796814,63957,63967,10
12.9258003235,80.2309188843,63967,63977,10
12.9264202118,80.2309875488,63977,63987,10
12.9266004562,80.231010437,63987,63997,10
12.9271402359,80.2310791016,63997,64007,10
12.9279499054,80.2311630249,64007,64017,10
12.9285898209,80.2312469482,64017,64028,11
12.9291696548,80.2313995361,64028,64038,10
12.9300098419,80.231590271,64038,64048,10
12.9310398102,80.231880188,64048,64058,10
12.9322299957,80.2322692871,64058,64068,10
12.9332199097,80.2325973511,64068,64078,10
12.933719635,80.2328186035,64078,64088,10
12.9337701797,80.2328567505,64088,64098,10
12.934009552,80.2329711914,64098,64108,10
12.9346199036,80.2332229614,64108,64119,11
12.9354801178,80.2336120605,64119,64129,10
12.9364204407,80.2340621948,64129,64139,10
12.9374904633,80.2345504761,64139,64149,10
12.9384899139,80.2350387573,64149,64159,10
12.9390697479,80.2353363037,64159,64169,10
12.9394102097,80.2354888916,64169,64179,10
12.9394598007,80.2355270386,64179,64189,10
12.9396495819,80.2356491089,64189,64199,10
12.9400596619,80.2358093262,64199,64210,11
12.9407501221,80.236038208,64210,64220,10
12.9415397644,80.2362365723,64220,64230,10
12.9424800873,80.2365112305,64230,64240,10
12.9433603287,80.2370681763,64240,64250,10
12.9441003799,80.2378616333,64250,64260,10
12.9448900223,80.2387313843,64260,64270,10
12.9458999634,80.2394790649,64270,64280,10
12.9470300674,80.2398834229,64280,64301,21
12.9470300674,80.2398834229,64301,64311,10
12.9473600388,80.240020752,64311,64321,10
12.9478998184,80.2402801514,64321,64331,10
12.9484395981,80.2405014038,64331,64341,10
12.9488897324,80.2406768799,64341,64351,10
12.9493703842,80.2408599854,64351,64361,10
12.9499998093,80.2410583496,64361,64371,10
12.9507198334,80.2413024902,64371,64382,11
12.9514503479,80.2415313721,64382,64392,10
12.9520902634,80.2417526245,64392,64402,10
12.9528198242,80.2420196533,64402,64412,10
12.9536800385,80.2423782349,64412,64422,10
12.9543504715,80.2426528931,64422,64432,10
12.9552898407,80.2430267334,64432,64442,10
12.9563598633,80.2434921265,64442,64462,20
12.9563598633,80.2434921265,64462,64473,11
12.9567499161,80.2436599731,64473,64483,10
12.9574403763,80.2439193726,64483,64493,10
12.9582500458,80.2442321777,64493,64503,10
12.9587898254,80.2444381714,64503,64513,10
12.9588403702,80.2444763184,64513,64523,10
12.9591503143,80.2446212769,64523,64533,10
12.959690094,80.2448883057,64533,64543,10
12.9604301453,80.2452163696,64543,64553,10
12.9613199234,80.2456207275,64553,64564,11
12.9623699188,80.2461395264,64564,64574,10
12.9631299973,80.2464981079,64574,64624,50
12.9631299973,80.2464981079,64624,64634,10
12.9634199142,80.2466812134,64634,64644,10
12.9639196396,80.2469024658,64644,64655,11
12.9647397995,80.2471923828,64655,64665,10
12.9656200409,80.2474899292,64665,64675,10
12.9663896561,80.2477874756,64675,64685,10
12.9668998718,80.2479782104,64685,64705,20
12.9668998718,80.2479782104,64705,64715,10
12.9670200348,80.248046875,64715,64725,10
12.9674100876,80.2482376099,64725,64736,11
12.9681196213,80.2485427856,64736,64746,10
12.9689102173,80.2488632202,64746,64756,10
12.9698200226,80.2492218018,64756,64766,10
12.9708499908,80.2496032715,64766,64776,10
12.9719495773,80.2499008179,64776,64786,10
12.9729795456,80.250213623,64786,64796,10
12.9739398956,80.2504730225,64796,64806,10
12.9749202728,80.2506866455,64806,64816,10
12.9756498337,80.2508926392,64816,64827,11
12.9763698578,80.2510986328,64827,64837,10
12.9771003723,80.2513427734,64837,64847,10
12.9778604507,80.2518463135,64847,64857,10
12.9785203934,80.2523269653,64857,64867,10
12.9785804749,80.2523727417,64867,64877,10
12.9786100388,80.2524032593,64877,64887,10
12.9790802002,80.2525634766,64887,64928,41
12.9790802002,80.2525634766,64928,64938,10
12.9794397354,80.2525787354,64938,64948,10
12.9799699783,80.2526397705,64948,64958,10
12.9806804657,80.2526397705,64958,64968,10
12.9814300537,80.2526092529,64968,64978,10
12.9822597504,80.2526016235,64978,64988,10
12.9831895828,80.252532959,64988,64998,10
12.983880043,80.2523574829,64998,65059,61
12.983880043,80.2523574829,65059,65069,10
12.9840097427,80.2523574829,65069,65079,10
12.9843702316,80.2522583008,65079,65089,10
12.9848899841,80.2521133423,65089,65100,11
12.9855098724,80.2519073486,65100,65292,192
12.9855098724,80.2519073486,65292,65302,10
12.985830307,80.2518692017,65302,65312,10
12.9860801697,80.2517700195,65312,65322,10
12.9865398407,80.251663208,65322,65332,10
12.9869699478,80.2515487671,65332,65342,10
12.9874601364,80.2513809204,65342,65352,10
12.9878997803,80.2512893677,65352,65363,11
12.9886198044,80.2511062622,65363,65373,10
12.9896202087,80.2508621216,65373,65393,20
12.9896202087,80.2508621216,65393,65403,10
12.9898796082,80.2508621216,65403,65413,10
12.9902601242,80.2507476807,65413,65423,10
12.9910802841,80.250541687,65423,65433,10
12.9918804169,80.250328064,65433,65443,10
12.9928302765,80.2500915527,65443,65454,11
12.9940099716,80.2497787476,65454,65464,10
12.9951696396,80.24949646,65464,65474,10
12.9963998795,80.2491607666,65474,65484,10
12.9969501495,80.2490234375,65484,65494,10
12.9970502853,80.2490005493,65494,65504,10
12.9974899292,80.2488937378,65504,65514,10
12.9982004166,80.2487182617,65514,65524,10
12.9991197586,80.2484817505,65524,65535,11
13.0002698898,80.2482223511,65535,65545,10
13.0013399124,80.2479400635,65545,65555,10
13.0022001266,80.247718811,65555,65565,10
13.0029201508,80.2475814819,65565,65575,10
13.0037603378,80.2474365234,65575,65585,10
13.0047101974,80.2473220825,65585,65595,10
13.0056495667,80.2471237183,65595,65605,10
13.0065097809,80.2464065552,65605,65626,21
13.0065097809,80.2464065552,65626,65636,10
13.0065603256,80.2461471558,65636,65646,10
13.0065898895,80.2456207275,65646,65656,10
13.0065803528,80.2449874878,65656,65666,10
13.0065898895,80.2445678711,65666,65676,10
13.0065898895,80.2442398071,65676,65686,10
13.0065803528,80.2439880371,65686,65696,10
13.0065803528,80.2436828613,65696,65706,10
13.0065803528,80.2433166504,65706,65717,11
13.0065898895,80.2428588867,65717,65727,10
13.0066003799,80.242401123,65727,65737,10
13.0066003799,80.241897583,65737,65747,10
13.0066099167,80.2414169312,65747,65757,10
13.0066699982,80.2408370972,65757,65767,10
13.0067501068,80.2403335571,65767,65777,10
13.0068798065,80.2397003174,65777,65787,10
13.0069904327,80.2391204834,65787,65797,10
13.0071601868,80.23828125,65797,65808,11
13.0073404312,80.2372436523,65808,65818,10
13.0074100494,80.236618042,65818,65828,10
13.0074300766,80.2365493774,65828,65838,10
13.0074796677,80.2364807129,65838,65848,10
13.0075702667,80.2360916138,65848,65858,10
13.0076999664,80.2354278564,65858,65868,10
13.0078802109,80.2345809937,65868,65878,10
13.0080900192,80.2336425781,65878,65888,10
13.0083198547,80.2325286865,65888,65899,11
13.0085601807,80.2312393188,65899,65909,10
13.0088195801,80.2299499512,65909,65919,10
13.0090703964,80.2286376953,65919,65929,10
13.009469986,80.2275085449,65929,65939,10
13.0099697113,80.2263793945,65939,65949,10
13.0103702545,80.2254714966,65949,65959,10
13.0105695724,80.2250366211,65959,65969,10
13.0108003616,80.2245635986,65969,65979,10
13.0112800598,80.2233886719,65979,66010,31
13.0112800598,80.2233886719,66010,66020,10
13.0114297867,80.2229995728,66020,66030,10
13.0116100311,80.2225265503,66030,66040,10
13.011879921,80.2217712402,66040,66050,10
13.0122499466,80.2214202881,66050,66060,10
13.0125198364,80.2218322754,66060,66071,11
13.0129003525,80.2222595215,66071,66081,10
13.0132398605,80.2226104736,66081,66091,10
13.0136003494,80.2230377197,66091,66101,10
13.0139703751,80.2234573364,66101,66111,10
13.0141601563,80.2236862183,66111,66121,10
13.0145397186,80.2241592407,66121,66131,10
13.0150403976,80.2246780396,66131,66141,10
13.0155601501,80.2250900269,66141,66162,21
13.0155601501,80.2250900269,66162,66172,10
13.0157403946,80.2252578735,66172,66182,10
13.0162200928,80.2253723145,66182,66192,10
13.0168504715,80.2251815796,66192,66202,10
13.0176696777,80.2248382568,66202,66212,10
13.0185403824,80.2244796753,66212,66222,10
13.0195798874,80.2244186401,66222,66273,51
13.0195798874,80.2244186401,66273,66283,10
13.019780159,80.2246627808,66283,66293,10
13.0201101303,80.2249221802,66293,66303,10
13.0206403732,80.2252883911,66303,66313,10
13.0211801529,80.2257232666,66313,66323,10
13.0218000412,80.2261810303,66323,66333,10
13.0225200653,80.2267532349,66333,66344,11
13.0232400894,80.2273864746,66344,66354,10
13.0236301422,80.227722168,66354,66364,10
13.0239601135,80.2279968262,66364,66374,10
13.0242595673,80.2283401489,66374,66384,10
13.0243902206,80.2285003662,66384,66394,10
13.0242996216,80.2286224365,66394,66404,10
13.0240602493,80.2284317017,66404,66414,10
13.023730278,80.2279815674,66414,66424,10
13.0234603882,80.2277297974,66424,66627,203
13.0234603882,80.2277297974,66627,66637,10
13.0233697891,80.2275619507,66637,66647,10
13.0233402252,80.2275314331,66647,66657,10
13.0231599808,80.2273635864,66657,66667,10
13.0228595734,80.2270889282,66667,66677,10
13.0225601196,80.2267990112,66677,66687,10
13.0220804214,80.2263717651,66687,66698,11
13.0213804245,80.2258071899,66698,66708,10
13.0207099915,80.2252807617,66708,66718,10
13.0200796127,80.2248382568,66718,66728,10
13.0193395615,80.2244110107,66728,66738,10
13.0184497833,80.2245407104,66738,66748,10
13.0177097321,80.2248764038,66748,66758,10
13.0169000626,80.2252120972,66758,66768,10
13.0164604187,80.2254104614,66768,66779,11
13.0162000656,80.2255096436,66779,66789,10
13.0157299042,80.2256469727,66789,66799,10
13.0152797699,80.2258377075,66799,66809,10
13.014840126,80.2260284424,66809,66819,10
13.0144796371,80.2261581421,66819,66839,20
13.0144796371,80.2261581421,66839,66849,10
13.0142402649,80.2262268066,66849,66859,10
13.0138301849,80.2263870239,66859,66870,11
13.0131397247,80.2266693115,66870,66880,10
13.012339592,80.2269668579,66880,66890,10
13.0114202499,80.2273330688,66890,66900,10
13.0104904175,80.2276916504,66900,66910,10
13.0095996857,80.2280578613,66910,66920,10
13.009059906,80.2287521362,66920,66930,10
13.0088796616,80.2296676636,66930,66940,10
13.0086898804,80.230682373,66940,66950,10
13.008480072,80.2316436768,66950,66961,11
13.0082902908,80.2326889038,66961,66971,10
13.0081996918,80.2333602905,66971,66981,10
13.0081996918,80.2333831787,66981,66991,10
13.0081501007,80.2336425781,66991,67001,10
13.0080604553,80.2340011597,67001,67011,10
13.0079698563,80.2345199585,67011,67021,10
13.007809639,80.2352676392,67021,67031,10
13.0076303482,80.2362594604,67031,67041,10
13.0074300766,80.2372283936,67041,67052,11
13.0072202682,80.2381362915,67052,67062,10
13.0070800781,80.2388000488,67062,67072,10
13.0069599152,80.2394332886,67072,67082,10
13.0068397522,80.2400436401,67082,67092,10
13.0067100525,80.2407608032,67092,67102,10
13.0066204071,80.2415390015,67102,67112,10
13.0066204071,80.2424316406,67112,67122,10
13.0066299438,80.2432785034,67122,67132,10
13.0066204071,80.2439880371,67132,67143,11
13.0066204071,80.2442779541,67143,67153,10
13.0066404343,80.2448272705,67153,67163,10
13.0066404343,80.2453918457,67163,67173,10
13.0066795349,80.2461013794,67173,67183,10
13.0066795349,80.2470092773,67183,67193,10
13.0064001083,80.2473602295,67193,67203,10
13.00578022,80.2473373413,67203,67224,21
13.00578022,80.2473373413,67224,67234,10
13.0054798126,80.2473297119,67234,67244,10
13.0048904419,80.2473297119,67244,67254,10
13.0040302277,80.2473983765,67254,67264,10
13.0030097961,80.247543335,67264,67274,10
13.0019397736,80.2477722168,67274,67284,10
13.0007600784,80.2480697632,67284,67294,10
12.999540329,80.2483825684,67294,67304,10
12.9984102249,80.2486724854,67304,67315,11
12.9972295761,80.2489776611,67315,67325,10
12.9959897995,80.2492980957,67325,67335,10
12.9946699142,80.2496414185,67335,67345,10
12.9933395386,80.2499771118,67345,67355,10
12.9923095703,80.2502365112,67355,67365,10
12.9911804199,80.250541687,67365,67375,10
12.9909496307,80.2506027222,67375,67385,10
12.9906702042,80.2506637573,67385,67395,10
12.9903001785,80.2507476807,67395,67406,11
12.9896001816,80.2509307861,67406,67416,10
12.9892101288,80.2510223389,67416,67426,10
12.9889001846,80.2510986328,67426,67436,10
12.9887895584,80.2511291504,67436,67446,10
12.9885702133,80.2511825562,67446,67456,10
12.988240242,80.2512969971,67456,67658,202
12.988240242,80.2512969971,67658,67668,10
12.9880599976,80.2512969971,67668,67679,11
12.9877996445,80.2513504028,67679,67689,10
12.9873600006,80.2514572144,67689,67699,10
12.9868202209,80.2516098022,67699,67709,10
12.9861402512,80.2517929077,67709,67719,10
12.9853000641,80.2519989014,67719,67729,10
12.9842300415,80.2522888184,67729,67739,10
12.9829902649,80.2525634766,67739,67749,10
12.9817495346,80.2526168823,67749,67760,11
12.9806995392,80.2526397705,67760,67770,10
12.9801397324,80.2526626587,67770,67780,10
12.9797201157,80.2526321411,67780,67790,10
12.9791402817,80.2525863647,67790,67800,10
12.9788198471,80.2525634766,67800,67810,10
12.978679657,80.252532959,67810,67820,10
12.9782495499,80.2523193359,67820,67830,10
12.9776697159,80.2517929077,67830,67840,10
12.9768295288,80.2512664795,67840,67851,11
12.9756002426,80.2509002686,67851,67861,10
12.9743499756,80.2505493164,67861,67871,10
12.9731702805,80.2502212524,67871,67881,10
12.9720001221,80.2499008179,67881,67891,10
12.971159935,80.249671936,67891,67901,10
12.9704399109,80.249458313,67901,67911,10
12.9696397781,80.2491531372,67911,67921,10
12.9687700272,80.2488021851,67921,67931,10
12.9678897858,80.2484588623,67931,67942,11
12.9669799805,80.2480621338,67942,67952,10
12.9663801193,80.2477722168,67952,67962,10
12.9659500122,80.2475967407,67962,67972,10
12.965379715,80.2473907471,67972,67982,10
12.9653196335,80.2473678589,67982,67992,10
12.9650697708,80.2473068237,67992,68002,10
12.9645004272,80.2471008301,68002,68012,10
12.963809967,80.2468032837,68012,68063,51
12.963809967,80.2468032837,68063,68073,10
12.9635400772,80.2466964722,68073,68083,10
12.9631004333,80.2464599609,68083,68093,10
12.9623804092,80.2461013794,68093,68103,10
12.9614896774,80.2456665039,68103,68113,10
12.9604902267,80.2452011108,68113,68124,11
12.9596395493,80.2448196411,68124,68134,10
12.9589700699,80.2445220947,68134,68144,10
12.9581899643,80.2441864014,68144,68154,10
12.9575099945,80.2439498901,68154,68164,10
12.9563598633,80.243637085,68164,68184,20
12.9563598633,80.243637085,68184,68194,10
12.9561901093,80.2436218262,68194,68205,11
12.9556303024,80.243270874,68205,68215,10
12.9549598694,80.2428970337,68215,68225,10
12.9543800354,80.2426605225,68225,68235,10
12.9539699554,80.2425003052,68235,68245,10
12.9535799026,80.2423095703,68245,68255,10
12.95291996,80.2420501709,68255,68265,10
12.9523496628,80.2418365479,68265,68275,10
12.9516401291,80.2416381836,68275,68285,10
12.9516000748,80.2416229248,68285,68296,11
12.9514799118,80.241607666,68296,68306,10
12.9509601593,80.2414474487,68306,68336,30
12.9506902695,80.2413482666,68336,68356,20
12.9506902695,80.2413482666,68356,68366,10
12.950630188,80.241317749,68366,68376,10
12.9502801895,80.2412033081,68376,68387,11
12.9498796463,80.2410888672,68387,68397,10
12.9495201111,80.2409820557,68397,68407,10
12.9490604401,80.2408065796,68407,68417,10
12.9483699799,80.2405014038,68417,68427,10
12.9475097656,80.2401275635,68427,68437,10
12.9471101761,80.2399520874,68437,68447,10
12.9470396042,80.2399291992,68447,68457,10
12.9467496872,80.2398223877,68457,68467,10
12.9462203979,80.2396011353,68467,68478,11
12.9454603195,80.2392501831,68478,68488,10
12.9447803497,80.2386779785,68488,68498,10
12.9440202713,80.2378692627,68498,68508,10
12.9433097839,80.2370834351,68508,68518,10
12.9423103333,80.2364425659,68518,68528,10
12.9414396286,80.2361831665,68528,68538,10
12.9405097961,80.2359466553,68538,68548,10
12.939740181,80.2357177734,68548,68558,10
12.9395103455,80.2356262207,68558,68569,11
12.9392499924,80.235496521,68569,68579,10
12.938659668,80.2351837158,68579,68589,10
12.937959671,80.2348403931,68589,68599,10
12.9370803833,80.2343978882,68599,68609,10
12.9361696243,80.2339324951,68609,68619,10
12.9356803894,80.2337036133,68619,68629,10
12.9350204468,80.2334213257,68629,68639,10
12.9337396622,80.2328872681,68639,68660,21
12.9337396622,80.2328872681,68660,68670,10
12.9334602356,80.2327423096,68670,68680,10
12.9329996109,80.2325286865,68680,68690,10
12.93227005,80.2322616577,68690,68700,10
12.9313697815,80.2319412231,68700,68710,10
12.930270195,80.2316131592,68710,68720,10
12.9293003082,80.2313690186,68720,68730,10
12.9286203384,80.2312393188,68730,68741,11
12.9278202057,80.2311172485,68741,68751,10
12.9269104004,80.2310180664,68751,68761,10
12.9258403778,80.2308883667,68761,68771,10
12.9246702194,80.230758667,68771,68781,10
12.9234104156,80.2305908203,68781,68791,10
12.9221601486,80.2304077148,68791,68801,10
12.9209003448,80.2302627563,68801,68811,10
12.9197301865,80.2300796509,68811,68821,10
12.9187698364,80.2299499512,68821,68832,11
12.9176998138,80.2297973633,68832,68842,10
12.916680336,80.2296524048,68842,68852,10
12.9155702591,80.2294998169,68852,68862,10
12.9143800735,80.229347229,68862,68872,10
12.9135398865,80.2292633057,68872,68892,20
12.9135398865,80.2292633057,68892,68902,10
12.9132404327,80.2292175293,68902,68912,10
12.9126501083,80.2291412354,68912,68923,11
12.911740303,80.2290115356,68923,68933,10
12.9108495712,80.2288665771,68933,68943,10
12.9099197388,80.2287063599,68943,68953,10
12.9089298248,80.228553772,68953,68963,10
12.9080400467,80.2284088135,68963,69024,61
12.9080400467,80.2284088135,69024,69034,10
12.9078102112,80.2283401489,69034,69044,10
12.9076004028,80.2283096313,69044,69054,10
12.9071998596,80.2282562256,69054,69064,10
12.9068002701,80.2282180786,69064,69074,10
12.9063196182,80.2281570435,69074,69084,10
12.9055204391,80.2281265259,69084,69095,11
12.9045000076,80.2280807495,69095,69105,10
12.9036397934,80.2280807495,69105,69145,40
12.9036397934,80.2280807495,69145,69155,10
12.9035396576,80.2281036377,69155,69165,10
12.9032001495,80.2280807495,69165,69175,10
12.9028396606,80.2280578613,69175,69186,11
12.9024095535,80.2280426025,69186,69196,10
12.902009964,80.2280197144,69196,69206,10
12.9016599655,80.2279891968,69206,69216,10
12.9014101028,80.2279815674,69216,69368,152
12.9014101028,80.2279815674,69368,69378,10
12.9012899399,80.2280807495,69378,69388,10
12.9010801315,80.2280578613,69388,69398,10
12.9006996155,80.2279815674,69398,69408,10
12.9002799988,80.2279281616,69408,69418,10
12.8999004364,80.2279205322,69418,69428,10
12.8995599747,80.2278900146,69428,69448,20
12.8995599747,80.2278900146,69448,69459,11
12.8992900848,80.2278594971,69459,69469,10
12.8988399506,80.2278213501,69469,69479,10
12.8981199265,80.2277832031,69479,69489,10
12.8972501755,80.2277374268,69489,69499,10
12.8962202072,80.2276916504,69499,69509,10
12.8950500488,80.2276382446,69509,69519,10
12.8938798904,80.2275619507,69519,69529,10
12.8929004669,80.2274398804,69529,69540,11
12.8926000595,80.2274169922,69540,69550,10
12.8924398422,80.2274093628,69550,69560,10
12.8920001984,80.2273483276,69560,69570,10
12.8912496567,80.2273101807,69570,69580,10
12.8902902603,80.2273101807,69580,69590,10
12.8892002106,80.2273178101,69590,69600,10
12.888299942,80.2272872925,69600,69610,10
12.8873796463,80.2271881104,69610,69620,10
12.8864603043,80.2270126343,69620,69631,11
12.8853702545,80.2267303467,69631,69641,10
12.8844804764,80.2266464233,69641,69651,10
12.8836698532,80.2266998291,69651,69661,10
12.8835296631,80.2266998291,69661,69671,10
12.8830900192,80.2267074585,69671,69681,10
12.8823604584,80.2267227173,69681,69691,10
12.8814201355,80.2267227173,69691,69701,10
12.8802900314,80.2267303467,69701,69711,10
12.8789997101,80.2267532349,69711,69722,11
12.8776302338,80.226852417,69722,69732,10
12.8767900467,80.2269210815,69732,69742,10
12.8764600754,80.2269668579,69742,69752,10
12.8763904572,80.2269668579,69752,69762,10
12.8760204315,80.2269668579,69762,69772,10
12.8753099442,80.2269287109,69772,69782,10
12.8743495941,80.2268218994,69782,69792,10
12.873169899,80.2267074585,69792,69802,10
12.8725996017,80.2267227173,69802,69813,11
12.8722696304,80.2266998291,69813,69823,10
12.8715600967,80.2266616821,69823,69833,10
12.8705997467,80.2265930176,69833,69843,10
12.8694400787,80.2264709473,69843,69853,10
12.8681297302,80.2263565063,69853,69863,10
12.8667402267,80.2265014648,69863,69873,10
12.8652801514,80.226600647,69873,69883,10
12.8639297485,80.2265625,69883,69894,11
12.8623104095,80.2265701294,69894,69904,10
12.8613004684,80.2266235352,69904,69914,10
12.8611297607,80.2265930176,69914,69924,10
12.8606595993,80.2265472412,69924,69934,10
12.8598604202,80.2264404297,69934,69944,10
12.8588695526,80.2263031006,69944,69954,10
12.8576803207,80.2262191772,69954,69964,10
12.8563995361,80.2263336182,69964,69974,10
12.8550195694,80.2264709473,69974,69985,11
12.8533697128,80.2266464233,69985,69995,10
12.8518199921,80.2266387939,69995,70005,10
12.8503303528,80.226600647,70005,70015,10
12.848859787,80.2265701294,70015,70025,10
12.8475399017,80.2265777588,70025,70035,10
12.8465099335,80.2266082764,70035,70045,10
12.8456802368,80.2266082764,70045,70055,10
12.8455400467,80.226600647,70055,70065,10
12.845290184,80.2265930176,70065,70076,11
12.8445901871,80.2266464233,70076,70086,10
12.8436803818,80.2267227173,70086,70096,10
12.8425703049,80.2268981934,70096,70106,10
12.8413295746,80.2272186279,70106,70116,10
12.8397397995,80.2276077271,70116,70136,20
12.8397397995,80.2276077271,70136,70146,10
12.8394899368,80.2276992798,70146,70156,10
12.8389501572,80.2278594971,70156,70167,11
12.8380403519,80.2280807495,70167,70177,10
12.8369998932,80.2282791138,70177,70187,10
12.8357601166,80.2284698486,70187,70197,10
12.8345403671,80.2286529541,70197,70207,10
12.8334102631,80.2288818359,70207,70217,10
12.8323097229,80.2290725708,70217,70227,10
12.8318195343,80.2291793823,70227,70237,10
12.8318099976,80.2291793823,70237,70247,10
12.8316698074,80.2292022705,70247,70258,11
12.8312101364,80.229309082,70258,70268,10
12.8305797577,80.2295379639,70268,70278,10
12.8297300339,80.2298583984,70278,70288,10
12.8287401199,80.2302780151,70288,70298,10
12.8277196884,80.2308502197,70298,70308,10
12.8266601563,80.2312774658,70308,70318,10
12.825460434,80.2313766479,70318,70328,10
12.824259758,80.2312774658,70328,70339,11
12.8229398727,80.2308883667,70339,70349,10
12.8217401505,80.2305297852,70349,70359,10
12.8204698563,80.2304534912,70359,70369,10
12.8193702698,80.2304992676,70369,70379,10
12.8187198639,80.2304534912,70379,70389,10
12.8184995651,80.2303390503,70389,70399,10
12.8179197311,80.2300415039,70399,70409,10
12.8170795441,80.2296600342,70409,70419,10
12.8159799576,80.2294235229,70419,70430,11
12.8145704269,80.2292175293,70430,70440,10
12.8133497238,80.2289123535,70440,70450,10
12.8124198914,80.2285919189,70450,70460,10
12.8113203049,80.2282028198,70460,70470,10
12.8102302551,80.2277526855,70470,70480,10
12.8093099594,80.2273330688,70480,70490,10
12.8084096909,80.2266464233,70490,70500,10
12.8075199127,80.2258987427,70500,70510,10
12.8067998886,80.2252731323,70510,70521,11
12.8060598373,80.2245788574,70521,70531,10
12.8053998947,80.2240982056,70531,70541,10
12.8050298691,80.2239990234,70541,70551,10
12.8049497604,80.2239608765,70551,70561,10
12.8045196533,80.2238998413,70561,70571,10
12.8040895462,80.2238922119,70571,70581,10
12.8036298752,80.2238616943,70581,70591,10
12.8028898239,80.2237930298,70591,70601,10
12.8019304276,80.2236633301,70601,70612,11
12.8010902405,80.2236099243,70612,70622,10
12.8009500504,80.2236022949,70622,70632,10
12.8004102707,80.2235412598,70632,70642,10
12.7995796204,80.2234725952,70642,70652,10
12.7985496521,80.2233581543,70652,70662,10
12.7973098755,80.2232131958,70662,70672,10
12.7962903976,80.2230300903,70672,70682,10
12.796090126,80.2229919434,70682,70692,10
12.7957296371,80.2229232788,70692,70703,11
12.7950000763,80.2227783203,70703,70713,10
12.7941102982,80.2226333618,70713,70723,10
12.7930603027,80.2224807739,70723,70733,10
12.7919998169,80.2222824097,70733,70743,10
12.7910203934,80.222038269,70743,70753,10
12.7899599075,80.2217636108,70753,70763,10
12.7890796661,80.2214508057,70763,70773,10
12.7882699966,80.2211380005,70773,70784,11
12.7875995636,80.2208633423,70784,70794,10
12.7869701385,80.2206420898,70794,70824,30
12.7869701385,80.2206420898,70824,70834,10
12.7867498398,80.2205963135,70834,70844,10
12.7865200043,80.2205123901,70844,70854,10
12.786359787,80.2204437256,70854,70864,10
12.7861795425,80.2204208374,70864,70875,11
12.7861700058,80.2208633423,70875,70885,10
12.7861795425,80.2213592529,70885,70895,10
12.7862195969,80.2217178345,70895,70905,10
12.7861995697,80.2218399048,70905,70915,10
12.7861995697,80.2220687866,70915,71957,1042
12.7861995697,80.2220687866,71957,71967,10
12.7861404419,80.2216796875,71967,71977,10
12.7861099243,80.2213592529,71977,71987,10
12.7861299515,80.2210083008,71987,71997,10
12.7861204147,80.2206802368,71997,72028,31
12.7861204147,80.2206802368,72028,72038,10
12.786190033,80.2202987671,72038,72048,10
12.7863798141,80.2203521729,72048,72058,10
12.7864398956,80.2203826904,72058,72068,10
12.786740303,80.2205200195,72068,72078,10
12.7871599197,80.2206878662,72078,72088,10
12.7876996994,80.2208862305,72088,72098,10
12.7883701324,80.2211532593,72098,72109,11
12.7892599106,80.2214813232,72109,72119,10
12.7896900177,80.2216415405,72119,72129,10
12.7900800705,80.2217636108,72129,72139,10
12.7907304764,80.2219161987,72139,72149,10
12.7916202545,80.2221374512,72149,72159,10
12.7926998138,80.2223968506,72159,72169,10
12.7938203812,80.2225494385,72169,72179,10
12.7950000763,80.2227325439,72179,72190,11
12.7961997986,80.2229309082,72190,72200,10
12.7965803146,80.2229766846,72200,72210,10
12.7968797684,80.2230377197,72210,72220,10
12.7975196838,80.2231826782,72220,72230,10
12.7983398438,80.2232818604,72230,72240,10
12.7992601395,80.2233810425,72240,72250,10
12.8002195358,80.2234573364,72250,72260,10
12.8011398315,80.2235488892,72260,72270,10
12.8020296097,80.2236404419,72270,72281,11
12.8029603958,80.2237625122,72281,72291,10
12.803730011,80.2238388062,72291,72301,10
12.8044900894,80.2238998413,72301,72311,10
12.805270195,80.2240371704,72311,72321,10
12.8056201935,80.2241821289,72321,72331,10
12.8059196472,80.2244110107,72331,72341,10
12.8064804077,80.2249069214,72341,72351,10
12.8072299957,80.2255706787,72351,72361,10
12.8081302643,80.2263412476,72361,72372,11
12.8092098236,80.2272109985,72372,72382,10
12.8102903366,80.2277374268,72382,72392,10
12.8113603592,80.2281799316,72392,72402,10
12.8124704361,80.2285766602,72402,72412,10
12.8136396408,80.2289810181,72412,72422,10
12.8148803711,80.2292480469,72422,72432,10
12.8161802292,80.2294311523,72432,72442,10
12.8174104691,80.2297363281,72442,72452,10
12.8183498383,80.2301635742,72452,72463,11
12.8193302155,80.2304534912,72463,72473,10
12.8199501038,80.2304229736,72473,72483,10
12.8202400208,80.2304077148,72483,72493,10
12.8209295273,80.2304000854,72493,72503,10
12.8218297958,80.2304992676,72503,72513,10
12.8228902817,80.2308120728,72513,72523,10
12.8239803314,80.2311096191,72523,72533,10
12.8251895905,80.2313537598,72533,72544,11
12.8266000748,80.2312698364,72544,72554,10
12.8276796341,80.2308883667,72554,72564,10
12.828669548,80.2303390503,72564,72574,10
12.8297395706,80.2298583984,72574,72584,10
12.830909729,80.2293624878,72584,72685,101
12.830909729,80.2293624878,72685,72695,10
12.8311195374,80.2293395996,72695,72705,10
12.8311395645,80.2293395996,72705,72715,10
12.8313102722,80.2293014526,72715,72726,11
12.8314199448,80.2292404175,72726,72736,10
12.8315696716,80.2291564941,72736,72746,10
12.831580162,80.2291488647,72746,72756,10
12.8317098618,80.2291183472,72756,72766,10
12.8320798874,80.2290420532,72766,72776,10
12.8327503204,80.2289199829,72776,72786,10
12.8336601257,80.2287826538,72786,72796,10
12.8347396851,80.2285919189,72796,72806,10
12.835940361,80.2284088135,72806,72817,11
12.8373403549,80.228187561,72817,72827,10
12.8385095596,80.2279510498,72827,72837,10
12.8391599655,80.2277069092,72837,72847,10
12.8394203186,80.2275772095,72847,72857,10
12.8394298553,80.2275772095,72857,72867,10
12.839630127,80.2275009155,72867,72877,10
12.8400402069,80.2274475098,72877,72887,10
12.8406200409,80.2273178101,72887,72897,10
12.8414497375,80.2270965576,72897,72908,11
12.84237957,80.2268829346,72908,72918,10
12.8434200287,80.2266998291,72918,72928,10
12.8441896439,80.2266082764,72928,72938,10
12.8443603516,80.2265930176,72938,72948,10
12.8447198868,80.2265472412,72948,72958,10
12.8449201584,80.2265396118,72958,72968,10
12.8449602127,80.2265396118,72968,72978,10
12.8452100754,80.2265396118,72978,72989,11
12.8454303741,80.2265396118,72989,72999,10
12.8458003998,80.2265014648,72999,73009,10
12.8464403152,80.2265090942,73009,73019,10
12.847240448,80.2265319824,73019,73029,10
12.8480100632,80.2265167236,73029,73039,10
12.848690033,80.2265167236,73039,73049,10
12.8494300842,80.2265090942,73049,73059,10
12.8501796722,80.2265014648,73059,73069,10
12.8506803513,80.2264709473,73069,73080,11
12.8508796692,80.2264785767,73080,73090,10
12.8514099121,80.2265167236,73090,73100,10
12.8521499634,80.2265625,73100,73110,10
12.8530797958,80.2266082764,73110,73120,10
12.8541698456,80.2265090942,73120,73130,10
12.8552598953,80.2263870239,73130,73140,10
12.8562402725,80.2262878418,73140,73150,10
12.8570804596,80.2261962891,73150,73160,10
12.8577899933,80.2261505127,73160,73171,11
12.85820961,80.2261428833,73171,73181,10
12.8586301804,80.2261810303,73181,73191,10
12.8593397141,80.2262802124,73191,73201,10
12.8602800369,80.2264404297,73201,73211,10
12.8614301682,80.2265167236,73211,73221,10
12.8627300262,80.2264633179,73221,73231,10
12.8641395569,80.2264709473,73231,73241,10
12.8655900955,80.2265167236,73241,73251,10
12.8668899536,80.2264328003,73251,73262,11
12.8683795929,80.22631073,73262,73272,10
12.8697900772,80.2264404297,73272,73282,10
12.8711204529,80.2265625,73282,73292,10
12.8722801208,80.226600647,73292,73302,10
12.8730096817,80.2265930176,73302,73312,10
12.8730802536,80.226600647,73312,73322,10
12.8734703064,80.2266082764,73322,73332,10
12.8741598129,80.2266616821,73332,73343,11
12.8750600815,80.2267684937,73343,73353,10
12.8752202988,80.2267913818,73353,73363,10
12.8753595352,80.2267990112,73363,73373,10
12.8756103516,80.2268218994,73373,73403,30
12.8756103516,80.2268218994,73403,73413,10
12.8759698868,80.2268371582,73413,73444,31
12.8759698868,80.2268371582,73444,73454,10
12.8763504028,80.2268371582,73454,73464,10
12.8765602112,80.2268371582,73464,73474,10
12.8767204285,80.2268295288,73474,73484,10
12.876950264,80.2267990112,73484,73494,10
12.877579689,80.2267608643,73494,73504,10
12.8784799576,80.2266998291,73504,73514,10
12.8795499802,80.2266464233,73514,73525,11
12.8808202744,80.2266387939,73525,73535,10
12.881939888,80.2266311646,73535,73545,10
12.8829298019,80.2266235352,73545,73555,10
12.8838300705,80.226600647,73555,73565,10
12.8845901489,80.2265930176,73565,73575,10
12.8851099014,80.226600647,73575,73585,10
12.885219574,80.2266235352,73585,73595,10
12.8856096268,80.2266769409,73595,73605,10
12.8862800598,80.2268676758,73605,73616,11
12.8872404099,80.2270889282,73616,73626,10
12.8883199692,80.2272262573,73626,73636,10
12.8895702362,80.2272720337,73636,73646,10
12.8908596039,80.2272796631,73646,73656,10
12.8920602798,80.2272872925,73656,73666,10
12.892999649,80.2273712158,73666,73676,10
12.8952302933,80.2275695801,73676,73686,10
12.8952302933,80.2275695801,73686,73696,10
12.8965101242,80.2276229858,73696,73707,11
12.8979797363,80.2276992798,73707,73717,10
12.8992395401,80.2277832031,73717,73727,10
12.9000196457,80.2277679443,73727,73759,32
12.9000196457,80.2277679443,73759,73788,29
12.9002599716,80.2277832031,73788,73799,11
12.9007396698,80.2278213501,73799,73809,10
12.9011001587,80.2278594971,73809,73818,9
12.9015598297,80.2278823853,73818,73829,11
12.9022397995,80.227897644,73829,73839,10
12.9026203156,80.2279205322,73839,73859,20
12.9026203156,80.2279205322,73859,73869,10
12.9028301239,80.2279281616,73869,73880,11
12.9033403397,80.2279281616,73880,73890,10
12.9040803909,80.2279968262,73890,73900,10
12.9049701691,80.2280731201,73900,73910,10
12.9062700272,80.2281112671,73910,74011,101
12.9062700272,80.2281112671,74011,74021,10
12.906539917,80.2281417847,74021,74031,10
12.9068098068,80.228187561,74031,74041,10
12.9073801041,80.2282562256,74041,74051,10
12.9081697464,80.2283782959,74051,74062,11
12.9092702866,80.2285690308,74062,74072,10
12.9104404449,80.2287597656,74072,74082,10
12.911740303,80.2289505005,74082,74092,10
12.9130897522,80.229133606,74092,74102,10
12.9140796661,80.2292404175,74102,74112,10
12.9142103195,80.2292480469,74112,74122,10
12.9143896103,80.2292633057,74122,74132,10
12.9149103165,80.2293395996,74132,74142,10
12.9156599045,80.2294769287,74142,74153,11
12.9166603088,80.2296295166,74153,74163,10
12.9177398682,80.2297821045,74163,74173,10
12.9186601639,80.2298965454,74173,74183,10
12.9201498032,80.2300872803,74183,74193,10
12.9213495255,80.2302398682,74193,74203,10
12.9226903915,80.2304382324,74203,74213,10
12.9241304398,80.2306518555,74213,74223,10
12.9253702164,80.230796814,74223,74234,11
12.9265203476,80.2309417725,74234,74244,10
12.927740097,80.2310791016,74244,74254,10
12.9288902283,80.2312393188,74254,74263,9
12.9299402237,80.2314834595,74263,74274,11
12.9312000275,80.231842041,74274,74284,10
12.9323501587,80.2322235107,74284,74294,10
12.9333496094,80.2325973511,74294,74304,10
12.9338502884,80.2328109741,74304,74314,10
12.9338998795,80.2328414917,74314,74325,11
12.9343900681,80.2330703735,74325,74335,10
12.9351396561,80.2334136963,74335,74345,10
12.9358997345,80.2337493896,74345,74355,10
12.9363203049,80.2339630127,74355,74365,10
12.9368896484,80.2342529297,74365,74375,10
12.9376602173,80.2346420288,74375,74385,10
12.9386396408,80.2351074219,74385,74395,10
12.939620018,80.2355728149,74395,74405,10
12.9398002625,80.2356491089,74405,74416,11
12.9399595261,80.235710144,74416,74426,10
12.9404602051,80.2358932495,74426,74436,10
12.9412002563,80.236076355,74436,74446,10
12.9420900345,80.2363204956,74446,74455,9
12.9429502487,80.2366790771,74455,74466,11
12.9437999725,80.237449646,74466,74476,10
12.9443902969,80.2380981445,74476,74486,10
12.9454698563,80.2391662598,74486,74496,10
12.9466896057,80.2397003174,74496,74507,11
12.9473600388,80.239982605,74507,74517,10
12.9475898743,80.2400665283,74517,74527,10
12.9482002258,80.2403335571,74527,74537,10
12.9490003586,80.2406463623,74537,74547,10
12.9498796463,80.2409591675,74547,74557,10
12.9508495331,80.2412414551,74557,74567,10
12.951499939,80.2414474487,74567,74577,10
12.9517097473,80.2415466309,74577,74588,11
12.9523000717,80.2417831421,74588,74598,10
12.9530601501,80.2420806885,74598,74608,10
12.953909874,80.2424316406,74608,74618,10
12.95470047,80.2427520752,74618,74628,10
12.9554300308,80.2430496216,74628,74638,10
12.9563999176,80.2433700562,74638,74658,20
12.9563999176,80.2433700562,74658,74668,10
12.9568004608,80.2435073853,74668,74679,11
12.9576196671,80.243888855,74679,74689,10
12.9584798813,80.2442474365,74689,74699,10
12.9590902328,80.2445068359,74699,74709,10
12.9591999054,80.2445831299,74709,74719,10
12.9596300125,80.2447891235,74719,74729,10
12.9603204727,80.2451019287,74729,74739,10
12.9611597061,80.2454910278,74739,74749,10
12.9621095657,80.2459869385,74749,74759,10
12.9633398056,80.2466125488,74759,74820,61
12.9633398056,80.2466125488,74820,74830,10
12.9636096954,80.2467269897,74830,74840,10
12.964099884,80.2469482422,74840,74850,10
12.9648303986,80.2472229004,74850,74861,11
12.9658603668,80.2475585938,74861,74871,10
12.9666404724,80.2478408813,74871,74881,10
12.9667701721,80.2479019165,74881,74891,10
12.9671201706,80.2481002808,74891,74901,10
12.9677400589,80.2483673096,74901,74911,10
12.9686203003,80.2487335205,74911,74921,10
12.9695501328,80.2491073608,74921,74931,10
12.9705095291,80.2494888306,74931,74941,10
12.9714097977,80.2497787476,74941,74952,11
12.9725799561,80.2500762939,74952,74962,10
12.9737796783,80.2503890991,74962,74972,10
12.9750003815,80.2507171631,74972,74982,10
12.9763002396,80.2511062622,74982,74992,10
12.9774303436,80.2515182495,74992,75002,10
12.978269577,80.252166748,75002,75012,10
12.9787397385,80.2524185181,75012,75022,10
12.9787797928,80.2524414063,75022,75033,11
12.9792299271,80.2525634766,75033,75043,10
12.9794397354,80.2525634766,75043,75053,10
12.9796199799,80.2526016235,75053,75063,10
12.9800596237,80.2526397705,75063,75073,10
12.9807395935,80.2526168823,75073,75083,10
12.9816198349,80.2526016235,75083,75093,10
12.982749939,80.252571106,75093,75103,10
12.984000206,80.2523498535,75103,75113,10
12.9854202271,80.2519226074,75113,75154,41
12.985619545,80.2518615723,75154,75184,30
12.985619545,80.2518615723,75184,75194,10
12.9858503342,80.2518615723,75194,75204,10
12.9863004684,80.251739502,75204,75215,11
12.9870300293,80.2515182495,75215,75245,30
12.987159729,80.251449585,75245,75316,71
12.987159729,80.251449585,75316,75326,10
12.9872303009,80.2514419556,75326,75336,10
12.9875802994,80.2513427734,75336,75346,10
12.9879798889,80.2514572144,75346,75356,10
12.9880800247,80.2520065308,75356,75366,10
12.9880599976,80.2527084351,75366,75376,10
12.987950325,80.2536773682,75376,75387,11
12.987830162,80.2545166016,75387,75397,10
12.9877700806,80.2553482056,75397,75417,20
12.987660408,80.2554397583,75417,75447,30
12.987660408,80.2554397583,75447,75457,10
12.9876403809,80.2555770874,75457,75467,10
12.9876098633,80.2559661865,75467,75478,11
12.9875497818,80.256652832,75478,75488,10
12.9875297546,80.257232666,75488,75498,10
12.9874696732,80.2580108643,75498,75508,10
12.9874296188,80.2584915161,75508,75518,10
12.987279892,80.2585678101,75518,75528,10
12.9872598648,80.2585678101,75528,75538,10
12.9869098663,80.2585296631,75538,75589,51
12.986749649,80.2586517334,75589,75943,354
12.986749649,80.2586517334,75943,75953,10
12.9868297577,80.2585067749,75953,75963,10
12.986749649,80.2587738037,75963,75973,10
12.986749649,80.2590332031,75973,75983,10
12.9867296219,80.2593307495,75983,76024,41
12.9867296219,80.2593307495,76024,76034,10
12.9869804382,80.259437561,76034,76155,121
12.9869804382,80.259437561,76155,76165,10
12.9870195389,80.2592391968,76165,77976,1811
12.9870195389,80.2592391968,77976,77986,10
12.9869499207,80.2591934204,77986,78431,445
12.9869699478,80.2590026855,78431,81203,2772
12.9869804382,80.259262085,81203,82235,1032
12.9870500565,80.2589874268,82235,82670,435
12.9871101379,80.2591094971,82670,82882,212
