12.9865503311,80.2595367432,19,5833,5814
12.9865999222,80.2595825195,5833,6925,1092
12.9866104126,80.2594833374,6925,8068,1143
12.9866399765,80.2595214844,8068,9453,1385
12.9866600037,80.2595062256,9453,17967,8514
12.9866800308,80.2595672607,17967,18301,334
12.9866800308,80.2595596313,18301,18877,576
12.9865999222,80.2595596313,18877,19425,548
12.9866399765,80.2594909668,19425,19779,354
12.9866399765,80.2595825195,19779,20032,253
12.9866504669,80.2595291138,20032,21843,1811
12.9866399765,80.2594833374,21843,22349,506
12.9866399765,80.2594833374,22349,22359,10
12.9869098663,80.2594985962,22359,22369,10
12.9870500565,80.2595214844,22369,22379,10
12.9871702194,80.259552002,22379,22389,10
12.9872999191,80.2593612671,22389,22399,10
12.9873199463,80.2592086792,22399,22409,10
12.9873199463,80.2590713501,22409,22420,11
12.9873504639,80.2588272095,22420,22430,10
12.9870700836,80.2585830688,22430,22531,101
12.9870700836,80.2585830688,22531,22541,10
12.9867296219,80.2585830688,22541,23107,566
12.9867296219,80.2585830688,23107,23117,10
12.9868202209,80.258682251,23117,23127,10
12.9868097305,80.2585220337,23127,23158,31
12.9872303009,80.2585525513,23158,23188,30
12.9872303009,80.2585525513,23188,23198,10
12.9873800278,80.2583389282,23198,23208,10
12.9874401093,80.2579269409,23208,23218,10
12.9875001907,80.2573013306,23218,23229,11
12.9875602722,80.2565002441,23229,23239,10
12.9875898361,80.2559204102,23239,23249,10
12.9877195358,80.2554397583,23249,23259,10
12.9877595901,80.254737854,23259,23269,10
12.987830162,80.2538986206,23269,23279,10
12.9878997803,80.2529907227,23279,23289,10
12.9879198074,80.2520599365,23289,23299,10
12.9878101349,80.251411438,23299,23309,10
12.98898983,80.2509613037,23309,23320,11
12.98898983,80.2509613037,23320,23330,10
12.9894800186,80.250831604,23330,23340,10
12.989569664,80.2508163452,23340,23350,10
12.9900798798,80.2507019043,23350,23360,10
12.9909696579,80.25050354,23360,23370,10
12.9919700623,80.25025177,23370,23382,12
12.9931001663,80.2499771118,23382,23392,10
12.9945898056,80.2496032715,23392,23402,10
12.9959201813,80.2492675781,23402,23413,11
12.9974603653,80.2488708496,23413,23423,10
12.9987602234,80.2485580444,23423,23433,10
13.0002603531,80.2481765747,23433,23443,10
13.0016298294,80.2478485107,23443,23453,10
13.0027704239,80.2475891113,23453,23463,10
13.0040197372,80.2473831177,23463,23473,10
13.0053596497,80.2471923828,23473,23483,10
13.0064201355,80.2466964722,23483,23493,10
13.0066003799,80.246131897,23493,23504,11
13.0066299438,80.2453765869,23504,23514,10
13.0066404343,80.244430542,23514,23524,10
13.0066404343,80.2434387207,23524,23534,10
13.0066003799,80.2424163818,23534,23544,10
13.0065803528,80.241317749,23544,23554,10
13.0066995621,80.2403564453,23554,23564,10
13.0068798065,80.2398834229,23564,23574,10
13.0069799423,80.2390975952,23574,23584,10
13.0071601868,80.2381668091,23584,23595,11
13.007399559,80.2370986938,23595,23605,10
13.0075998306,80.2360687256,23605,23615,10
13.0078201294,80.2350006104,23615,23625,10
13.0080795288,80.2338180542,23625,23635,10
13.008310318,80.2325973511,23635,23645,10
13.0085296631,80.2313766479,23645,23655,10
13.0087499619,80.2302398682,23655,23665,10
13.0089502335,80.2292709351,23665,23675,10
13.0093002319,80.2278518677,23675,23685,10
13.0098896027,80.2265777588,23685,23696,11
13.0104799271,80.2253875732,23696,23706,10
13.0109500885,80.2241668701,23706,23716,10
13.0113697052,80.2233123779,23716,23726,10
13.0117998123,80.2233963013,23726,23736,10
13.012430191,80.2237091064,23736,23746,10
13.0130195618,80.2240371704,23746,23756,10
13.0139303207,80.2245178223,23756,23766,10
13.0147600174,80.224937439,23766,23776,10
13.0153398514,80.2252807617,23776,23787,11
13.0158901215,80.2253112793,23787,23797,10
13.016699791,80.2252807617,23797,23807,10
13.0176496506,80.2248916626,23807,23817,10
13.0186595917,80.2244796753,23817,23827,10
13.0197696686,80.2245407104,23827,23867,40
13.0197696686,80.2245407104,23867,23878,11
13.0201196671,80.2248077393,23878,23888,10
13.0206604004,80.2251968384,23888,23898,10
13.021320343,80.2257537842,23898,23908,10
13.0221204758,80.2263793945,23908,23918,10
13.0229701996,80.2271118164,23918,23928,10
13.0237503052,80.2278213501,23928,23938,10
13.0242900848,80.2283401489,23938,23948,10
13.0243597031,80.2285766602,23948,23958,10
13.0240697861,80.2284011841,23958,23969,11
13.0234699249,80.2277526855,23969,24049,80
13.0234699249,80.2277526855,24049,24060,11
13.0234003067,80.2275695801,24060,24070,10
13.0233001709,80.2274475098,24070,24080,10
13.0230102539,80.2271881104,24080,24100,20
13.0230102539,80.2271881104,24100,24110,10
13.0227804184,80.2269821167,24110,24120,10
13.0226602554,80.2268829346,24120,24130,10
13.0225200653,80.2266998291,24130,24140,10
13.0220804214,80.226348877,24140,24151,11
13.0214500427,80.2258605957,24151,24161,10
13.0209503174,80.2254486084,24161,24171,10
13.0204000473,80.2250976563,24171,24181,10
13.0200796127,80.2249069214,24181,24322,141
13.0200796127,80.2249069214,24322,24333,11
13.0199098587,80.2248001099,24333,24423,90
13.0199098587,80.2248001099,24423,24434,11
13.019780159,80.2247085571,24434,24444,10
13.0195198059,80.2245483398,24444,24454,10
13.0189199448,80.2245025635,24454,24464,10
13.018239975,80.2247390747,24464,24474,10
13.0175104141,80.2250366211,24474,24484,10
13.0167303085,80.2253570557,24484,24494,10
13.0162200928,80.2255401611,24494,24504,10
13.0155801773,80.2257537842,24504,24514,10
13.0143699646,80.2262573242,24514,24535,21
13.0143699646,80.2262573242,24535,24545,10
13.0139799118,80.2264099121,24545,24555,10
13.0132598877,80.2266921997,24555,24565,10
13.012339592,80.2270278931,24565,24575,10
13.0112895966,80.227432251,24575,24585,10
13.0101499557,80.2279205322,24585,24595,10
13.0092401505,80.2284469604,24595,24605,10
13.0090303421,80.2293701172,24605,24616,11
13.0088300705,80.2304992676,24616,24626,10
13.008649826,80.2314834595,24626,24636,10
13.0084600449,80.2324829102,24636,24646,10
13.0083303452,80.2334136963,24646,24656,10
13.0082798004,80.2335891724,24656,24666,10
13.0081701279,80.2339096069,24666,24676,10
13.008020401,80.2346420288,24676,24686,10
13.0078201294,80.2356491089,24686,24696,10
13.0075798035,80.2368621826,24696,24707,11
13.0073204041,80.2381896973,24707,24717,10
13.0071401596,80.2392196655,24717,24727,10
13.006939888,80.2401580811,24727,24737,10
13.0068798065,80.2406921387,24737,24747,10
13.0068597794,80.2409133911,24747,24757,10
13.0067901611,80.2415237427,24757,24767,10
13.0067596436,80.24243927,24767,24777,10
13.0066995621,80.2433319092,24777,24787,10
13.0066404343,80.2440338135,24787,24798,11
13.0066604614,80.2450637817,24798,24808,10
13.0066995621,80.2459411621,24808,24818,10
13.0067195892,80.2461776733,24818,24828,10
13.0067300797,80.2463531494,24828,24838,10
13.0067300797,80.2464981079,24838,24848,10
13.0067396164,80.2468795776,24848,24858,10
13.0066795349,80.2473220825,24858,24868,10
13.006360054,80.2473907471,24868,24878,10
13.0059204102,80.2473678589,24878,24889,11
13.0052700043,80.2473602295,24889,24899,10
13.0044202805,80.2474136353,24899,24909,10
13.0033998489,80.2475509644,24909,24919,10
13.0024900436,80.2477111816,24919,24929,10
13.0012998581,80.248008728,24929,24939,10
13.0001296997,80.2483062744,24939,24949,10
12.9989204407,80.2485961914,24949,24959,10
12.9979095459,80.248878479,24959,24969,10
12.9978399277,80.2489013672,24969,24980,11
12.9977197647,80.2489471436,24980,24990,10
12.9974603653,80.2490005493,24990,25000,10
12.9967002869,80.249168396,25000,25010,10
12.9957199097,80.2493972778,25010,25020,10
12.9945001602,80.2497177124,25020,25030,10
12.9931201935,80.2500686646,25030,25040,10
12.9918498993,80.2503967285,25040,25050,10
12.9911003113,80.250617981,25050,25060,10
12.9910202026,80.2506637573,25060,25071,11
12.9903802872,80.250793457,25071,25081,10
12.9894800186,80.2509765625,25081,25091,10
12.9887695313,80.2511825562,25091,25121,30
12.9887695313,80.2511825562,25121,25131,10
12.988240242,80.2512588501,25131,25141,10
12.9875898361,80.2514419556,25141,25151,10
12.9867801666,80.2516784668,25151,25162,11
12.9856796265,80.2519683838,25162,25172,10
12.98458004,80.252281189,25172,25182,10
12.983499527,80.2525787354,25182,25192,10
12.982460022,80.2527084351,25192,25202,10
12.9814195633,80.2527389526,25202,25212,10
12.9806499481,80.2527618408,25212,25222,10
12.9804000854,80.2527923584,25222,25232,10
12.9800300598,80.2528076172,25232,25242,10
12.97976017,80.252746582,25242,25252,10
12.9790897369,80.2526931763,25252,25263,11
12.9786100388,80.2526016235,25263,25273,10
12.9781398773,80.2522888184,25273,25283,10
12.9773902893,80.2516098022,25283,25293,10
12.9762296677,80.2511520386,25293,25303,10
12.9748497009,80.2507476807,25303,25313,10
12.9734802246,80.2503585815,25313,25323,10
12.9720401764,80.2499923706,25323,25333,10
12.9706201553,80.2495880127,25333,25343,10
12.9692001343,80.2490692139,25343,25354,11
12.9676303864,80.2484283447,25354,25364,10
12.9667701721,80.248046875,25364,25374,10
12.9660396576,80.2477111816,25374,25384,10
12.9653596878,80.2474365234,25384,25394,10
12.9652700424,80.2474212646,25394,25404,10
12.9648103714,80.247253418,25404,25414,10
12.9639396667,80.2469177246,25414,25424,10
12.9631996155,80.24659729,25424,25434,10
12.9623804092,80.2462005615,25434,25445,11
12.961350441,80.2456817627,25445,25455,10
12.9603595734,80.2452011108,25455,25465,10
12.9593801498,80.2448196411,25465,25485,20
12.9593801498,80.2448196411,25485,25495,10
12.9593000412,80.2447509766,25495,25505,10
12.9588003159,80.2445068359,25505,25515,10
12.9580097198,80.244178772,25515,25525,10
12.9573402405,80.2439193726,25525,25536,11
12.9565401077,80.243637085,25536,25546,10
12.9563999176,80.2435913086,25546,25556,10
12.9560003281,80.2434234619,25556,25566,10
12.955280304,80.2430725098,25566,25576,10
12.9545898438,80.2427825928,25576,25586,10
12.953789711,80.2424621582,25586,25596,10
12.9528102875,80.2420578003,25596,25606,10
12.9517002106,80.2416763306,25606,25637,31
12.9517002106,80.2416763306,25637,25647,10
12.9515800476,80.2416305542,25647,25657,10
12.9510602951,80.2414093018,25657,25667,10
12.9501600266,80.2411422729,25667,25677,10
12.9495801926,80.2409362793,25677,25687,10
12.9492397308,80.240852356,25687,25697,10
12.9486503601,80.2406082153,25697,25707,10
12.9477596283,80.2402420044,25707,25718,11
12.9470300674,80.239982605,25718,25728,10
12.9466896057,80.2398376465,25728,25738,10
12.9459104538,80.2395019531,25738,25748,10
12.9449796677,80.238899231,25748,25758,10
12.9440803528,80.2379226685,25758,25768,10
12.9434700012,80.2373199463,25768,25778,10
12.9434499741,80.2373123169,25778,25788,10
12.9432601929,80.2370986938,25788,25798,10
12.9426403046,80.236618042,25798,25809,11
12.9414396286,80.2362365723,25809,25819,10
12.9402503967,80.2359237671,25819,25829,10
12.9396800995,80.2357635498,25829,25839,10
12.9395103455,80.2356796265,25839,25849,10
12.9388999939,80.2353668213,25849,25859,10
12.9381198883,80.2349624634,25859,25869,10
12.9372501373,80.2345428467,25869,25879,10
12.9363002777,80.2340774536,25879,25889,10
12.9358100891,80.2338562012,25889,25900,11
12.9358100891,80.2338485718,25900,25910,10
12.9356002808,80.233757019,25910,25920,10
12.9350004196,80.2334976196,25920,25930,10
12.9341697693,80.2331314087,25930,25940,10
12.9333496094,80.232749939,25940,25950,10
12.9323797226,80.2323608398,25950,25960,10
12.9312295914,80.2319717407,25960,25970,10
12.9300403595,80.2315979004,25970,25980,10
12.9288396835,80.2313537598,25980,25991,11
12.927359581,80.2311401367,25991,26001,10
12.9263000488,80.2310333252,26001,26011,10
12.926150322,80.2310180664,26011,26021,10
12.9259500504,80.2310180664,26021,26031,10
12.925239563,80.2309036255,26031,26041,10
12.9242401123,80.2307891846,26041,26051,10
12.9230499268,80.2306365967,26051,26061,10
12.9218101501,80.2304382324,26061,26071,10
12.9205703735,80.2302703857,26071,26081,10
12.9193897247,80.2301177979,26081,26092,11
12.9181003571,80.2299575806,26092,26102,10
12.917090416,80.2298126221,26102,26112,10
12.9160404205,80.2296600342,26112,26122,10
12.9149103165,80.2294769287,26122,26132,10
12.9132795334,80.2293167114,26132,26152,20
12.9132795334,80.2293167114,26152,26162,10
12.9129199982,80.2292404175,26162,26172,10
12.9119901657,80.2290496826,26172,26183,11
12.9108800888,80.2288970947,26183,26193,10
12.9095897675,80.2286987305,26193,26203,10
12.9083299637,80.2285003662,26203,26213,10
12.9075603485,80.2284011841,26213,26233,20
12.9075603485,80.2284011841,26233,26243,10
12.9072704315,80.2284011841,26243,26253,10
12.9067201614,80.2283401489,26253,26263,10
12.9062595367,80.2283096313,26263,26274,11
12.9061403275,80.2282867432,26274,26284,10
12.905579567,80.2282333374,26284,26294,10
12.9047203064,80.2281799316,26294,26304,10
12.9037399292,80.2281417847,26304,26314,10
12.9026699066,80.2281036377,26314,26324,10
12.9015197754,80.2280426025,26324,26334,10
12.9008302689,80.2279815674,26334,26344,10
12.9006204605,80.2279586792,26344,26354,10
12.9003095627,80.2279510498,26354,26365,11
12.8995599747,80.2279205322,26365,26385,20
12.8995599747,80.2279205322,26385,26395,10
12.8994102478,80.2279281616,26395,26405,10
12.8987598419,80.2278671265,26405,26415,10
12.8978500366,80.2278213501,26415,26425,10
12.8967599869,80.2277603149,26425,26435,10
12.8956403732,80.227722168,26435,26445,10
12.8944301605,80.2276611328,26445,26456,11
12.8930702209,80.2275085449,26456,26466,10
12.8924999237,80.2274627686,26466,26476,10
12.8921003342,80.227432251,26476,26486,10
12.8912601471,80.2274093628,26486,26496,10
12.8901700974,80.2274169922,26496,26506,10
12.8888998032,80.2274169922,26506,26516,10
12.8875303268,80.2273025513,26516,26526,10
12.8861198425,80.2270126343,26526,26536,10
12.8851499557,80.2267990112,26536,26547,11
12.8847398758,80.2267837524,26547,26557,10
12.8845596313,80.2267837524,26557,26567,10
12.8838596344,80.2267684937,26567,26577,10
12.8828802109,80.2267608643,26577,26587,10
12.8816995621,80.2267837524,26587,26597,10
12.8805198669,80.2267913818,26597,26607,10
12.8792600632,80.2268066406,26607,26617,10
12.8779401779,80.2268981934,26617,26627,10
12.8771295547,80.2269210815,26627,26638,11
12.8768796921,80.2269592285,26638,26648,10
12.876660347,80.2269821167,26648,26658,10
12.8765802383,80.2269821167,26658,26668,10
12.8763799667,80.2270431519,26668,26678,10
12.8762798309,80.2270278931,26678,26688,10
12.8760499954,80.2270431519,26688,26698,10
12.8753404617,80.2269897461,26698,26708,10
12.8743000031,80.2268676758,26708,26718,10
12.8731298447,80.2267684937,26718,26729,11
12.8719100952,80.2267303467,26729,26739,10
12.8706102371,80.2266769409,26739,26749,10
12.8692798615,80.2265319824,26749,26759,10
12.8678703308,80.2264404297,26759,26769,10
12.8666400909,80.2265625,26769,26779,10
12.8656797409,80.2266464233,26779,26789,10
12.8647003174,80.2266387939,26789,26799,10
12.8630199432,80.2265701294,26799,26809,10
12.8614702225,80.2266387939,26809,26820,11
12.8599300385,80.2265014648,26820,26830,10
12.8593502045,80.2264328003,26830,26840,10
12.8588895798,80.2263565063,26840,26850,10
12.8580198288,80.2263031006,26850,26860,10
12.8569002151,80.2263565063,26860,26870,10
12.8556900024,80.2264862061,26870,26880,10
12.8544998169,80.2266235352,26880,26890,10
12.8533401489,80.2267379761,26890,26900,10
12.8521900177,80.2267227173,26900,26910,10
12.8510103226,80.2266998291,26910,26921,11
12.8500099182,80.2266616821,26921,26931,10
12.849820137,80.2266464233,26931,26941,10
12.8492698669,80.2266387939,26941,26951,10
12.8482503891,80.2266235352,26951,26961,10
12.8469600677,80.2266387939,26961,26971,10
12.8461999893,80.2266387939,26971,26981,10
12.8457899094,80.2266616821,26981,26991,10
12.8453397751,80.2266616821,26991,27001,10
12.8452301025,80.2266693115,27001,27012,11
12.8445901871,80.2267227173,27012,27022,10
12.843629837,80.2267913818,27022,27032,10
12.8424701691,80.2269821167,27032,27042,10
12.8410997391,80.2273025513,27042,27052,10
12.8402004242,80.2275390625,27052,27062,10
12.8399896622,80.2276000977,27062,27072,10
12.8398199081,80.2276611328,27072,27092,20
12.8398199081,80.2276611328,27092,27103,11
12.8392400742,80.2278289795,27103,27113,10
12.838350296,80.2280578613,27113,27123,10
12.8371801376,80.2283096313,27123,27133,10
12.8358402252,80.2285232544,27133,27143,10
12.834400177,80.2287368774,27143,27153,10
12.8322601318,80.2291488647,27153,27173,20
12.8322601318,80.2291488647,27173,27183,10
12.8317804337,80.2292633057,27183,27194,11
12.8308200836,80.2295532227,27194,27204,10
12.8297100067,80.2299575806,27204,27214,10
12.8285198212,80.2304916382,27214,27224,10
12.8276100159,80.2310180664,27224,27234,10
12.8264799118,80.2313690186,27234,27244,10
12.8250904083,80.2314605713,27244,27254,10
12.8236103058,80.2311401367,27254,27264,10
12.8221998215,80.2306900024,27264,27274,10
12.8208703995,80.2304992676,27274,27285,11
12.819439888,80.2305526733,27285,27295,10
12.8185796738,80.2304077148,27295,27305,10
12.8179101944,80.2300796509,27305,27315,10
12.8172302246,80.2297821045,27315,27325,10
12.8161802292,80.2295227051,27325,27335,10
12.8148899078,80.2293319702,27335,27345,10
12.8135900497,80.2290420532,27345,27355,10
12.8121995926,80.2285614014,27355,27365,10
12.8107404709,80.2280197144,27365,27376,11
12.8091402054,80.2272415161,27376,27386,10
12.8078699112,80.2262191772,27386,27396,10
12.8070898056,80.2255630493,27396,27406,10
12.8069601059,80.2254333496,27406,27416,10
12.8067398071,80.2252426147,27416,27436,20
12.8067398071,80.2252426147,27436,27446,10
12.806520462,80.2250518799,27446,27456,10
12.8062000275,80.2247619629,27456,27467,11
12.8056602478,80.2243118286,27467,27477,10
12.8049201965,80.224029541,27477,27497,20
12.8049201965,80.224029541,27497,27507,10
12.8044395447,80.2239532471,27507,27517,10
12.8035697937,80.2238769531,27517,27527,10
12.802479744,80.2237625122,27527,27537,10
12.8012399673,80.2236480713,27537,27547,10
12.8009004593,80.2236404419,27547,27558,11
12.8005399704,80.2235870361,27558,27568,10
12.7996902466,80.2235031128,27568,27578,10
12.7985696793,80.2233963013,27578,27588,10
12.797249794,80.2232437134,27588,27598,10
12.7962799072,80.2230606079,27598,27608,10
12.7960596085,80.2230300903,27608,27618,10
12.7958803177,80.2229995728,27618,27628,10
12.7952003479,80.222869873,27628,27638,10
12.7941598892,80.2227020264,27638,27649,11
12.7927598953,80.2224807739,27649,27659,10
12.7913703918,80.2221603394,27659,27669,10
12.7899999619,80.2218093872,27669,27679,10
12.7889204025,80.2214431763,27679,27689,10
12.7882499695,80.2211685181,27689,27709,20
12.7882499695,80.2211685181,27709,27719,10
12.7879800797,80.2210083008,27719,27729,10
12.7877397537,80.2209396362,27729,27740,11
12.7875795364,80.2208633423,27740,27750,10
12.7871398926,80.2207107544,27750,27780,30
12.7871398926,80.2207107544,27780,27790,10
12.7868404388,80.2205810547,27790,27800,10
12.7863502502,80.2204208374,27800,27820,20
12.7863502502,80.2204208374,27820,27831,11
12.78606987,80.2202987671,27831,27841,10
12.78565979,80.2201538086,27841,27851,10
12.7850704193,80.2198562622,27851,27871,20
12.7850704193,80.2198562622,27871,27881,10
12.7848300934,80.2197113037,27881,27891,10
12.7844400406,80.2195129395,27891,27901,10
12.7836999893,80.219078064,27901,27911,10
12.7827196121,80.218536377,27911,27921,10
12.7816495895,80.2179489136,27921,27932,11
12.7804403305,80.2172927856,27932,27942,10
12.7796001434,80.2168426514,27942,27952,10
12.7788801193,80.2164611816,27952,27962,10
12.7779397964,80.2160186768,27962,27972,10
12.7767801285,80.2155303955,27972,27982,10
12.7755002975,80.2150115967,27982,27992,10
12.7741003036,80.2144470215,27992,28002,10
12.7727203369,80.2138900757,28002,28012,10
12.7711400986,80.2133712769,28012,28570,558
12.7711400986,80.2133712769,28570,28580,10
12.7711000443,80.2132415771,28580,28590,10
12.7707700729,80.2130966187,28590,28600,10
12.7708997726,80.2127609253,28600,28610,10
12.771030426,80.2121582031,28610,28620,10
12.7712697983,80.2113800049,28620,28630,10
12.7716197968,80.2106781006,28630,28640,10
12.7717199326,80.2105026245,28640,28651,11
12.7720804214,80.2098312378,28651,28661,10
12.7723999023,80.2089004517,28661,28671,10
12.7726697922,80.2078704834,28671,28681,10
12.7729101181,80.2070465088,28681,28691,10
12.7731199265,80.2063598633,28691,28701,10
12.7733097076,80.2055664063,28701,28711,10
12.7734603882,80.2047271729,28711,28721,10
12.7735500336,80.2038803101,28721,28731,10
12.7737703323,80.2028198242,28731,28742,11
12.7738800049,80.2017288208,28742,28752,10
12.7739400864,80.2008209229,28752,28762,10
12.774020195,80.1998214722,28762,28772,10
12.7741203308,80.1987609863,28772,28782,10
12.7741699219,80.1977386475,28782,28792,10
12.7742300034,80.1968078613,28792,28802,10
12.7742595673,80.1959228516,28802,28812,10
12.7744102478,80.1949081421,28812,28822,10
12.7746200562,80.1939086914,28822,28832,10
12.7747097015,80.1936416626,28832,28843,11
12.7749099731,80.1931228638,28843,28853,10
12.7754096985,80.1923294067,28853,28863,10
12.7752895355,80.1915664673,28863,28873,10
12.7749099731,80.1906433105,28873,28883,10
12.7743196487,80.1900405884,28883,28893,10
12.7734003067,80.1894607544,28893,28903,10
12.7722196579,80.1890029907,28903,28913,10
12.7712202072,80.1885910034,28913,28923,10
12.7709798813,80.1875686646,28923,28934,11
12.7708396912,80.1864929199,28934,28944,10
12.7707700729,80.1856918335,28944,28954,10
12.7706899643,80.184753418,28954,28964,10
12.7703304291,80.1845932007,28964,28974,10
12.7697000504,80.1844177246,28974,28984,10
12.7691297531,80.184173584,28984,28994,10
12.7687597275,80.1838912964,28994,29004,10
12.7683496475,80.1835174561,29004,29015,11
12.7678604126,80.1833267212,29015,29026,11
12.7668199539,80.1829299927,29026,29167,141
12.7668199539,80.1829299927,29167,29177,10
12.7666501999,80.1827926636,29177,29187,10
12.7661104202,80.1826629639,29187,29197,10
12.7655696869,80.1826019287,29197,29208,11
12.7648000717,80.182510376,29208,29218,10
12.7641496658,80.1824111938,29218,29228,10
12.7637195587,80.1823501587,29228,29238,10
12.7635002136,80.1827011108,29238,29248,10
12.7633104324,80.1832504272,29248,29258,10
12.7631597519,80.1837005615,29258,29268,10
12.7630796432,80.1841506958,29268,29278,10
12.7630996704,80.1844787598,29278,29288,10
12.7630500793,80.1848373413,29288,29299,11
12.7628002167,80.1850128174,29299,29309,10
12.7624101639,80.1849365234,29309,29319,10
12.7619400024,80.1849365234,29319,29329,10
12.7615203857,80.1848373413,29329,29339,10
12.7613201141,80.1846923828,29339,29359,20
12.7613201141,80.1846923828,29359,29369,10
12.7615003586,80.1847991943,29369,29440,71
12.7615003586,80.1847991943,29440,29450,10
12.7616100311,80.1848983765,29450,29460,10
12.7618598938,80.1849517822,29460,29470,10
12.7622299194,80.184967041,29470,29480,10
12.762550354,80.1849899292,29480,29491,11
12.7629404068,80.1850204468,29491,29501,10
12.7630701065,80.1846389771,29501,29511,10
12.7630500793,80.1842575073,29511,29521,10
12.7630701065,80.1839294434,29521,29531,10
12.7631902695,80.1835632324,29531,29541,10
12.7631998062,80.1835479736,29541,29551,10
12.7632799149,80.1833267212,29551,29561,10
12.7634296417,80.1828079224,29561,29571,10
12.7636203766,80.1824111938,29571,29582,11
12.7642097473,80.182472229,29582,29592,10
12.764840126,80.1825408936,29592,29602,10
12.7656698227,80.1826324463,29602,29612,10
12.7662096024,80.1826934814,29612,29622,10
12.7668504715,80.1828918457,29622,29632,10
12.7674999237,80.1831893921,29632,29642,10
12.7681398392,80.1834106445,29642,29652,10
12.7685899734,80.1837005615,29652,29662,10
12.7692804337,80.1842498779,29662,29683,21
12.7692804337,80.1842498779,29683,29693,10
12.7695398331,80.1843566895,29693,29703,10
12.7700796127,80.1845397949,29703,29713,10
12.7706699371,80.1847076416,29713,29733,20
12.7706699371,80.1847076416,29733,29743,10
12.7707796097,80.1848983765,29743,29753,10
12.7708396912,80.1853713989,29753,29764,11
12.7708797455,80.186340332,29764,29774,10
12.770939827,80.1868591309,29774,29784,10
12.7709598541,80.186920166,29784,29794,10
12.7709703445,80.1870727539,29794,29804,10
12.7710103989,80.1874923706,29804,29814,10
12.771109581,80.1882781982,29814,29824,10
12.7715902328,80.1888275146,29824,29834,10
12.7724504471,80.1891098022,29834,29844,10
12.7733802795,80.1895294189,29844,29855,11
12.7743501663,80.1901092529,29855,29865,10
12.7750396729,80.1909103394,29865,29875,10
12.7753400803,80.1919021606,29875,29885,10
12.7753601074,80.1926193237,29885,29895,10
12.7748699188,80.1932678223,29895,29905,10
12.7746896744,80.1938400269,29905,29915,10
12.7746696472,80.1938705444,29915,29925,10
12.7746400833,80.1938934326,29925,29935,10
12.7745304108,80.1943893433,29935,29946,11
12.7743396759,80.1952819824,29946,29956,10
12.7742795944,80.195930481,29956,29966,10
12.7742700577,80.1960296631,29966,29976,10
12.7742395401,80.1965637207,29976,29986,10
12.774189949,80.1973419189,29986,29996,10
12.7741699219,80.1982116699,29996,30006,10
12.7740898132,80.1991119385,30006,30016,10
12.7740097046,80.2001266479,30016,30026,10
12.7739095688,80.2013168335,30026,30047,21
12.7739095688,80.2013168335,30047,30057,10
12.773900032,80.2013702393,30057,30067,10
12.7738599777,80.2018203735,30067,30077,10
12.7738103867,80.2025680542,30077,30087,10
12.7735996246,80.2034835815,30087,30097,10
12.7734899521,80.2042694092,30097,30107,10
12.7733402252,80.2053833008,30107,30117,10
12.7731399536,80.2062530518,30117,30128,11
12.773059845,80.2065200806,30128,30138,10
12.7730302811,80.2065734863,30138,30148,10
12.7728900909,80.2070236206,30148,30158,10
12.7727499008,80.207572937,30158,30168,10
12.7725696564,80.2081985474,30168,30178,10
12.7723398209,80.2090377808,30178,30188,10
12.7721395493,80.2096633911,30188,30198,10
12.7719297409,80.2101287842,30198,30208,10
12.7715597153,80.2108306885,30208,30218,10
12.7712202072,80.2115402222,30218,30229,11
12.7709903717,80.2124176025,30229,30239,10
12.7710103989,80.213180542,30239,30340,101
12.7710103989,80.213180542,30340,30350,10
12.7711801529,80.213218689,30350,30360,10
12.7715301514,80.2133483887,30360,30370,10
12.7721395493,80.2135696411,30370,30380,10
12.7729597092,80.2138824463,30380,30390,10
12.7738599777,80.2142333984,30390,30400,10
12.7748403549,80.2146224976,30400,30411,11
12.7760095596,80.2151184082,30411,30421,10
12.7771196365,80.2155838013,30421,30431,10
12.7782802582,80.2160720825,30431,30441,10
12.7793903351,80.2166595459,30441,30451,10
12.7805404663,80.2172775269,30451,30461,10
12.78166008,80.217880249,30461,30471,10
12.782790184,80.2185134888,30471,30481,10
12.7838401794,80.2191009521,30481,30491,10
12.7846298218,80.219543457,30491,30502,11
12.7854604721,80.2199630737,30502,30512,10
12.7860202789,80.2202224731,30512,30532,20
12.786239624,80.2203369141,30532,30593,61
12.786239624,80.2203369141,30593,30603,10
12.7864303589,80.2204208374,30603,30613,10
12.7867803574,80.2205276489,30613,30643,30
12.7867803574,80.2205276489,30643,30653,10
12.7869195938,80.2206192017,30653,30663,10
12.7871999741,80.2207183838,30663,30673,10
12.7874603271,80.2208099365,30673,30684,11
12.788020134,80.2210006714,30684,30694,10
12.7887401581,80.221282959,30694,30704,10
12.7895002365,80.2215576172,30704,30714,10
12.7900695801,80.2217407227,30714,30724,10
12.7908000946,80.2219161987,30724,30734,10
12.7917203903,80.2221603394,30734,30744,10
12.7927999496,80.2223968506,30744,30754,10
12.7939596176,80.2225723267,30754,30764,10
12.7951498032,80.2227630615,30764,30775,11
12.7964200974,80.2229614258,30775,30805,30
12.7964200974,80.2229614258,30805,30815,10
12.7967395782,80.2230300903,30815,30825,10
12.7973299026,80.2231369019,30825,30835,10
12.798119545,80.2232589722,30835,30845,10
12.7989397049,80.2233505249,30845,30855,10
12.7998695374,80.2234268188,30855,30865,10
12.801199913,80.2235412598,30865,30886,21
12.801199913,80.2235412598,30886,30896,10
12.8013496399,80.2235870361,30896,30906,10
12.8019199371,80.2236404419,30906,30916,10
12.8027200699,80.2237625122,30916,30926,10
12.8036003113,80.2238464355,30926,30936,10
12.8044996262,80.2239227295,30936,30946,10
12.8053798676,80.2240524292,30946,30977,31
12.8053798676,80.2240524292,30977,30987,10
12.8055496216,80.2241287231,30987,30997,10
12.8059797287,80.2244262695,30997,31007,10
12.8066196442,80.2249984741,31007,31017,10
12.8073596954,80.2256469727,31017,31027,10
12.8081798553,80.226348877,31027,31037,10
12.8090801239,80.2270965576,31037,31047,10
12.8101596832,80.2276763916,31047,31058,11
12.8114595413,80.2282104492,31058,31068,10
12.8124599457,80.2285614014,31068,31078,10
12.8134403229,80.2288970947,31078,31088,10
12.8144798279,80.2291870117,31088,31098,10
12.8156299591,80.2293624878,31098,31108,10
12.8168296814,80.2295608521,31108,31118,10
12.8179998398,80.2300186157,31118,31128,10
12.8195199966,80.2304382324,31128,31159,31
12.8195199966,80.2304382324,31159,31169,10
12.8196802139,80.2304382324,31169,31179,10
12.8202199936,80.2304382324,31179,31189,10
12.821100235,80.2304382324,31189,31199,10
12.8221302032,80.2305831909,31199,31209,10
12.8232498169,80.2309112549,31209,31219,10
12.8244199753,80.2311935425,31219,31229,10
12.825969696,80.2313232422,31229,31250,21
12.825969696,80.2313232422,31250,31260,10
12.8262395859,80.2313232422,31260,31270,10
12.8269500732,80.2312469482,31270,31280,10
12.8278999329,80.2308197021,31280,31290,10
12.8289499283,80.2302398682,31290,31300,10
12.8301200867,80.2297668457,31300,31310,10
12.8311595917,80.2293395996,31310,31371,61
12.8311595917,80.2293395996,31371,31381,10
12.8313102722,80.2292861938,31381,31391,10
12.8313598633,80.2292861938,31391,31401,10
12.8316497803,80.2292404175,31401,31411,10
12.8322095871,80.2290802002,31411,31421,10
12.8330698013,80.2289199829,31421,31432,11
12.8340997696,80.2287368774,31432,31442,10
12.8351402283,80.2285614014,31442,31452,10
12.8364095688,80.2283706665,31452,31462,10
12.8377599716,80.2281494141,31462,31472,10
12.8388395309,80.2278823853,31472,31482,10
12.8395004272,80.2276306152,31482,31523,41
12.8395004272,80.2276306152,31523,31533,10
12.8396596909,80.2275314331,31533,31543,10
12.840259552,80.2274627686,31543,31553,10
12.8411998749,80.2272415161,31553,31563,10
12.8423500061,80.2269973755,31563,31573,10
12.843580246,80.2267608643,31573,31583,10
12.8445901871,80.2266311646,31583,31593,10
12.8455200195,80.2265396118,31593,31614,21
12.8455200195,80.2265396118,31614,31624,10
12.8456296921,80.2265472412,31624,31634,10
12.8461904526,80.2265472412,31634,31644,10
12.8471002579,80.2265625,31644,31654,10
12.8482198715,80.2265396118,31654,31664,10
12.8495101929,80.2265090942,31664,31674,10
12.8500995636,80.2265014648,31674,31684,10
12.8501701355,80.2265319824,31684,31694,10
12.8507204056,80.2265625,31694,31705,11
12.8517599106,80.226600647,31705,31715,10
12.8529396057,80.2266387939,31715,31725,10
12.8543395996,80.2265319824,31725,31735,10
12.8558597565,80.2263793945,31735,31745,10
12.8574495316,80.2261962891,31745,31755,10
12.8587303162,80.2261962891,31755,31765,10
12.860039711,80.2263793945,31765,31775,10
12.8608398438,80.2264709473,31775,31785,10
12.8608703613,80.2264785767,31785,31796,11
12.8614301682,80.2265167236,31796,31806,10
12.8623695374,80.2264785767,31806,31816,10
12.863530159,80.2264633179,31816,31826,10
12.8648996353,80.2265167236,31826,31836,10
12.8664398193,80.2265014648,31836,31846,10
12.8681402206,80.226348877,31846,31856,10
12.869799614,80.2264709473,31856,31866,10
12.8710298538,80.2265777588,31866,31876,10
12.8720798492,80.2266082764,31876,31887,11
12.8728904724,80.2266082764,31887,31917,30
12.8728904724,80.2266082764,31917,31927,10
12.8733100891,80.2266311646,31927,31937,10
12.8740501404,80.2266693115,31937,31947,10
12.8750400543,80.2267990112,31947,31957,10
12.875749588,80.2268371582,31957,31967,10
12.8759098053,80.226852417,31967,31978,11
12.8761100769,80.2268600464,31978,32210,232
12.8761100769,80.2268600464,32210,32220,10
12.876540184,80.2268829346,32220,32230,10
12.876660347,80.226890564,32230,32240,10
12.8768100739,80.2268829346,32240,32250,10
12.8773698807,80.226852417,32250,32261,11
12.8783998489,80.2267684937,32261,32271,10
12.8795404434,80.2267227173,32271,32281,10
12.8808403015,80.2266998291,32281,32291,10
12.8822603226,80.2266769409,32291,32301,10
12.8836898804,80.2266616821,32301,32311,10
12.8847303391,80.2266387939,32311,32321,10
12.8852796555,80.2266616821,32321,32331,10
12.885310173,80.2266616821,32331,32341,10
12.8853702545,80.2266693115,32341,32352,11
12.8858699799,80.2267684937,32352,32362,10
12.8866996765,80.2269973755,32362,32372,10
12.8877401352,80.2272033691,32372,32382,10
12.888999939,80.2272872925,32382,32392,10
12.8904495239,80.2273025513,32392,32402,10
12.8916902542,80.2273025513,32402,32412,10
12.892370224,80.2273178101,32412,32422,10
12.8930997849,80.2273864746,32422,32432,10
12.894109726,80.2275390625,32432,32443,11
12.8953199387,80.2276229858,32443,32453,10
12.8966598511,80.2276687622,32453,32463,10
12.8979997635,80.2277297974,32463,32473,10
12.8991298676,80.2277908325,32473,32483,10
12.9002599716,80.2278137207,32483,32554,71
12.9002599716,80.2278137207,32554,32564,10
12.90046978,80.2278594971,32564,32574,10
12.9007997513,80.2278671265,32574,32584,10
12.9010696411,80.227897644,32584,32594,10
12.90143013,80.2279434204,32594,32604,10
12.9019298553,80.2279586792,32604,32614,10
12.9028301239,80.2279891968,32614,32635,21
12.9028301239,80.2279891968,32635,32645,10
12.9029798508,80.2279891968,32645,32655,10
12.9035701752,80.2280197144,32655,32665,10
12.904299736,80.2280731201,32665,32675,10
12.9050798416,80.2281036377,32675,32685,10
12.9056196213,80.2281265259,32685,32695,10
12.9056301117,80.2281188965,32695,32705,10
12.9059696198,80.2281570435,32705,32716,11
12.9061403275,80.2281570435,32716,32726,10
12.9063901901,80.2281723022,32726,32736,10
12.9071903229,80.2282333374,32736,32756,20
12.9071903229,80.2282333374,32756,32766,10
12.9076404572,80.228302002,32766,32776,10
12.9084396362,80.2284393311,32776,32786,10
12.9094104767,80.2285995483,32786,32796,10
12.9108104706,80.2288284302,32796,32807,11
12.9123401642,80.229057312,32807,32817,10
12.9139995575,80.2292785645,32817,32837,20
12.9139995575,80.2292785645,32837,32847,10
12.9140901566,80.2293014526,32847,32857,10
12.9146604538,80.2293777466,32857,32867,10
12.9155197144,80.2295074463,32867,32877,10
12.916560173,80.2296524048,32877,32887,10
12.9177904129,80.2298202515,32887,32897,10
12.9191198349,80.2300033569,32897,32908,11
12.9201202393,80.2301330566,32908,32918,10
12.9209299088,80.2302322388,32918,32928,10
12.9218397141,80.2303390503,32928,32938,10
12.9229001999,80.2305221558,32938,32948,10
12.9240999222,80.230682373,32948,32958,10
12.9251804352,80.2308425903,32958,32968,10
12.9261798859,80.2309265137,32968,32978,10
12.9262800217,80.2309417725,32978,32988,10
12.9263601303,80.2309494019,32988,32999,11
12.9269304276,80.2310333252,32999,33009,10
12.92786026,80.2311401367,33009,33019,10
12.9287004471,80.2312698364,33019,33029,10
12.9288196564,80.2312774658,33029,33039,10
12.929309845,80.2313690186,33039,33049,10
12.9301795959,80.2315597534,33049,33059,10
12.9312496185,80.231880188,33059,33069,10
12.9325199127,80.2322769165,33069,33079,10
12.9334802628,80.2326278687,33079,33090,11
12.9336099625,80.2326889038,33090,33100,10
12.9336595535,80.2327194214,33100,33110,10
12.9339504242,80.2328796387,33110,33120,10
12.9348297119,80.2332687378,33120,33130,10
12.9358901978,80.2337799072,33130,33140,10
12.9370603561,80.2343521118,33140,33150,10
12.9383296967,80.2349624634,33150,33160,10
12.939740181,80.2356414795,33160,33181,21
12.939740181,80.2356414795,33181,33191,10
12.9401102066,80.2358016968,33191,33201,10
12.9409704208,80.2360534668,33201,33211,10
12.9419898987,80.2362976074,33211,33221,10
12.9430398941,80.2367401123,33221,33231,10
12.9437999725,80.2374267578,33231,33241,10
12.9443798065,80.23802948,33241,33251,10
12.9453296661,80.2389984131,33251,33261,10
12.9461898804,80.2395019531,33261,33272,11
12.9474201202,80.2399902344,33272,33292,20
12.9474201202,80.2399902344,33292,33302,10
12.9477300644,80.2401275635,33302,33312,10
12.9483699799,80.2404022217,33312,33322,10
12.9488401413,80.240562439,33322,33514,192
12.9488401413,80.240562439,33514,33524,10
12.9490299225,80.2406005859,33524,33534,10
12.9494199753,80.2407989502,33534,33544,10
12.9502096176,80.2410430908,33544,33555,11
12.9511203766,80.241317749,33555,33565,10
12.9511804581,80.2413406372,33565,33575,10
12.9513101578,80.2414169312,33575,33585,10
12.951789856,80.2416000366,33585,33595,10
12.9524803162,80.2418518066,33595,33605,10
12.9533500671,80.2421875,33605,33615,10
12.9537601471,80.2423324585,33615,33625,10
12.9538497925,80.2423706055,33625,33635,10
12.9542303085,80.2425384521,33635,33646,11
12.9548797607,80.2427978516,33646,33656,10
12.9555997849,80.2430725098,33656,33666,10
12.9563903809,80.2433319092,33666,33676,10
12.9566898346,80.2434616089,33676,33686,10
12.9573602676,80.2437896729,33686,33696,10
12.9581699371,80.2441635132,33696,33706,10
12.9588804245,80.2444000244,33706,33716,10
12.9589796066,80.2444610596,33716,33726,10
12.9590196609,80.2444763184,33726,33737,11
12.9594898224,80.2447509766,33737,33747,10
12.9603395462,80.2451324463,33747,33757,10
12.9613399506,80.2455978394,33757,33767,10
12.9621200562,80.2459716797,33767,33777,10
12.9623804092,80.2460784912,33777,33787,10
12.9630203247,80.246421814,33787,33878,91
12.9630203247,80.246421814,33878,33888,10
12.9632396698,80.2467803955,33888,33898,10
12.9636096954,80.2469177246,33898,33908,10
12.9641895294,80.2470932007,33908,33919,11
12.9649000168,80.2473068237,33919,33929,10
12.9656400681,80.247543335,33929,33939,10
12.9665298462,80.2478408813,33939,33959,20
12.9665298462,80.2478408813,33959,33969,10
12.9666700363,80.2478790283,33969,33979,10
12.9670095444,80.2480621338,33979,33989,10
12.967590332,80.2483215332,33989,33999,10
12.9684200287,80.248588562,33999,34010,11
12.9693403244,80.2489700317,34010,34020,10
12.9702196121,80.2493209839,34020,34030,10
12.9711399078,80.249671936,34030,34040,10
12.9723300934,80.25,34040,34050,10
12.9735803604,80.2503585815,34050,34060,10
12.9744195938,80.250579834,34060,34070,10
12.975979805,80.2510375977,34070,34080,10
12.9773797989,80.2515029907,34080,34090,10
12.9781703949,80.2521209717,34090,34101,11
12.9786195755,80.2523803711,34101,34111,10
12.9786300659,80.2523803711,34111,34121,10
12.9789600372,80.252532959,34121,34131,10
12.9795303345,80.2526092529,34131,34171,40
12.9795303345,80.2526092529,34171,34181,10
12.9798898697,80.2526397705,34181,34192,11
12.9806203842,80.2526397705,34192,34323,131
12.9806203842,80.2526397705,34323,34333,10
12.9808597565,80.2526168823,34333,34343,10
12.9814996719,80.2525863647,34343,34353,10
12.9819602966,80.252571106,34353,34363,10
12.9825401306,80.2525482178,34363,34373,10
12.9829902649,80.2525100708,34373,34384,11
12.9834299088,80.252456665,34384,34394,10
12.9839401245,80.2523574829,34394,34404,10
12.9849004745,80.2520904541,34404,34798,394
12.9849004745,80.2520904541,34798,34808,10
12.9852399826,80.251991272,34808,34818,10
12.9855203629,80.2518997192,34818,34828,10
12.9858503342,80.2517929077,34828,34839,11
12.9863500595,80.2516708374,34839,34849,10
12.9865999222,80.2516326904,34849,34859,10
12.9870796204,80.2515029907,34859,34869,10
12.9875602722,80.2513427734,34869,34879,10
12.9880199432,80.2512207031,34879,34889,10
12.9888696671,80.2510070801,34889,34899,10
12.9894695282,80.250831604,34899,34909,10
12.9895000458,80.250831604,34909,34919,10
12.9897003174,80.2508010864,34919,34930,11
12.9905796051,80.2506027222,34930,34940,10
12.9916696548,80.2503204346,34940,34950,10
12.9929504395,80.2500076294,34950,34960,10
12.9941902161,80.2496871948,34960,34970,10
12.9954204559,80.2493972778,34970,34980,10
12.9964504242,80.2491226196,34980,34990,10
12.996720314,80.2490386963,34990,35000,10
12.996919632,80.2490005493,35000,35010,10
12.9976797104,80.2488098145,35010,35021,11
12.9989404678,80.2484970093,35021,35031,10
13.0001802444,80.2481613159,35031,35041,10
13.0015602112,80.2478027344,35041,35051,10
13.002579689,80.2476119995,35051,35061,10
13.0036096573,80.247428894,35061,35071,10
13.0049104691,80.2472610474,35071,35081,10
13.0059404373,80.2470169067,35081,35091,10
13.0064296722,80.2465591431,35091,35101,10
13.0065603256,80.2462768555,35101,35112,11
13.0066099167,80.2462005615,35112,35122,10
13.0066404343,80.2455978394,35122,35132,10
13.0065898895,80.2448577881,35132,35142,10
13.0065603256,80.243927002,35142,35152,10
13.0065898895,80.2431869507,35152,35162,10
13.0065402985,80.2422103882,35162,35172,10
13.006529808,80.2413024902,35172,35192,20
13.006529808,80.2413024902,35192,35203,11
13.0065698624,80.241027832,35203,35213,10
13.0066099167,80.2407684326,35213,35233,20
13.0066099167,80.2407684326,35233,35243,10
13.0067996979,80.2401275635,35243,35253,10
13.0069503784,80.2392578125,35253,35263,10
13.0071001053,80.2382583618,35263,35273,10
13.007349968,80.2370986938,35273,35283,10
13.0074100494,80.236656189,35283,35294,11
13.0074996948,80.2364807129,35294,35304,10
13.0076503754,80.2358169556,35304,35314,10
13.0078601837,80.2347412109,35314,35324,10
13.0081300735,80.2334213257,35324,35334,10
13.0083999634,80.2320709229,35334,35344,10
13.0086297989,80.2307128906,35344,35354,10
13.0088396072,80.2293701172,35354,35364,10
13.0091199875,80.2282180786,35364,35374,10
13.00963974,80.2270812988,35374,35384,10
13.0102300644,80.2259368896,35384,35395,11
13.0106201172,80.2251663208,35395,35405,10
13.0106801987,80.2250595093,35405,35415,10
13.0108299255,80.224609375,35415,35425,10
13.0112895966,80.2233276367,35425,35475,50
13.0112895966,80.2233276367,35475,35486,11
13.0115804672,80.2228775024,35486,35496,10
13.0117502213,80.2219314575,35496,35506,10
13.0122003555,80.2214126587,35506,35516,10
13.0124397278,80.2218017578,35516,35526,10
13.0126600266,80.22215271,35526,35536,10
13.0129995346,80.2225036621,35536,35546,10
13.0134801865,80.2229232788,35546,35556,10
13.0139102936,80.2233886719,35556,35566,10
13.0141401291,80.2237167358,35566,35577,11
13.0146799088,80.2244110107,35577,35587,10
13.0154495239,80.2249603271,35587,35607,20
13.0154495239,80.2249603271,35607,35617,10
13.0157804489,80.2252578735,35617,35627,10
13.0163602829,80.2253265381,35627,35637,10
13.0169200897,80.2251434326,35637,35647,10
13.0174999237,80.224899292,35647,35657,10
13.0180301666,80.2246704102,35657,35668,11
13.0180797577,80.224647522,35668,35678,10
13.0183000565,80.2245635986,35678,35688,10
13.0186901093,80.2244033813,35688,35698,10
13.0190296173,80.224319458,35698,35708,10
13.0193300247,80.224319458,35708,35718,10
13.019610405,80.2244796753,35718,35748,30
13.019610405,80.2244796753,35748,35759,11
13.0197401047,80.2246627808,35759,35769,10
13.020070076,80.224899292,35769,35779,10
13.0204601288,80.2251281738,35779,35789,10
13.0206804276,80.2252578735,35789,35799,10
13.0211200714,80.2256469727,35799,35819,20
13.0211200714,80.2256469727,35819,35829,10
13.0213899612,80.2258911133,35829,35839,10
13.0215702057,80.2259597778,35839,35850,11
13.0216197968,80.2259902954,35850,35860,10
13.0218400955,80.2261276245,35860,35870,10
13.0218801498,80.2261428833,35870,35880,10
13.022069931,80.2262573242,35880,35890,10
13.0222101212,80.2263793945,35890,35910,20
13.0222101212,80.2263793945,35910,35920,10
13.0224199295,80.2265396118,35920,35961,41
13.0226802826,80.2267990112,35961,36021,60
13.0229301453,80.2270889282,36021,36052,31
13.0229301453,80.2270889282,36052,36062,10
13.0231599808,80.2273330688,36062,36072,10
13.0233097076,80.2274780273,36072,36082,10
13.0236301422,80.2277374268,36082,36092,10
13.0239496231,80.2280807495,36092,36102,10
13.0241098404,80.2282409668,36102,36112,10
13.0243797302,80.2285690308,36112,36122,10
13.0246200562,80.2288589478,36122,36133,11
13.0247497559,80.2290420532,36133,36143,10
13.0248203278,80.2291183472,36143,36153,10
13.0248498917,80.2291717529,36153,36163,10
13.0249996185,80.2293319702,36163,36173,10
13.0252599716,80.2296600342,36173,36183,10
13.0255203247,80.2300033569,36183,36193,10
13.0256500244,80.2301712036,36193,36203,10
13.0257301331,80.2303466797,36203,36213,10
13.0258598328,80.2305984497,36213,36224,11
13.0259799957,80.2309875488,36224,36234,10
13.0262298584,80.2311706543,36234,36244,10
13.0269098282,80.2310714722,36244,36254,10
13.028380394,80.2308578491,36254,36274,20
13.028380394,80.2308578491,36274,36284,10
13.0285997391,80.2308578491,36284,36294,10
13.0289897919,80.2308502197,36294,36304,10
13.0295095444,80.2307891846,36304,36315,11
13.0300598145,80.2307434082,36315,36325,10
13.0301904678,80.23072052,36325,36335,10
13.0304498672,80.23072052,36335,36345,10
13.0309200287,80.2306671143,36345,36355,10
13.0314903259,80.2306289673,36355,36365,10
13.0322999954,80.2305679321,36365,36375,10
13.0335998535,80.2304611206,36375,36426,51
13.0335998535,80.2304611206,36426,36436,10
13.0338201523,80.2304382324,36436,36446,10
13.0341596603,80.2304382324,36446,36456,10
13.0345497131,80.2303390503,36456,36466,10
13.0348796844,80.2301712036,36466,36476,10
13.0350399017,80.2299804688,36476,36486,10
13.0350198746,80.2297821045,36486,36497,11
13.0344600677,80.2297592163,36497,36527,30
13.0344600677,80.2297592163,36527,36537,10
13.0341997147,80.2300109863,36537,37154,617
13.0342102051,80.2302322388,37154,37487,333
13.0342102051,80.2302322388,37487,37498,11
13.0339002609,80.2304000854,37498,37508,10
13.0336303711,80.2304229736,37508,37518,10
13.033200264,80.23046875,37518,37528,10
13.0327701569,80.2304992676,37528,37538,10
13.0322399139,80.2305679321,37538,37548,10
13.0312795639,80.2306594849,37548,37588,40
13.0312795639,80.2306594849,37588,37599,11
13.030960083,80.2306976318,37599,37609,10
13.0307798386,80.2306976318,37609,37619,10
13.0305099487,80.2307281494,37619,37629,10
13.0301198959,80.2307662964,37629,37639,10
13.0300197601,80.2307891846,37639,37649,10
13.0296897888,80.2308425903,37649,37679,30
13.0296897888,80.2308425903,37679,37690,11
13.0294799805,80.2308731079,37690,37700,10
13.0290002823,80.2309417725,37700,37710,10
13.028429985,80.2309494019,37710,37770,60
13.0281295776,80.231010437,37770,37791,21
13.0281295776,80.231010437,37791,37801,10
13.0280504227,80.2310333252,37801,37811,10
13.0279197693,80.2310180664,37811,37821,10
13.0277500153,80.2310409546,37821,37831,10
13.0276403427,80.2312011719,37831,37841,10
13.027680397,80.231552124,37841,37851,10
13.0277500153,80.2318725586,37851,37861,10
13.0278396606,80.2323608398,37861,38033,172
13.0278396606,80.2323608398,38033,38043,10
13.0279397964,80.2326431274,38043,38054,11
13.0279302597,80.2327728271,38054,38064,10
13.0276098251,80.2328567505,38064,38074,10
13.0272703171,80.2329025269,38074,38084,10
13.02684021,80.232963562,38084,38145,61
13.02684021,80.232963562,38145,38155,10
13.026550293,80.2330780029,38155,38165,10
13.0263204575,80.2328720093,38165,38175,10
13.0261602402,80.2322311401,38175,38185,10
13.026049614,80.2318496704,38185,38195,10
13.0259504318,80.2314376831,38195,38205,10
13.0257301331,80.2308197021,38205,38215,10
13.0253400803,80.2300415039,38215,38225,10
13.0248804092,80.2293777466,38225,38236,11
13.0245800018,80.2289733887,38236,38246,10
13.0245199203,80.2288894653,38246,38256,10
13.0243396759,80.2286911011,38256,38266,10
13.0242900848,80.2286529541,38266,38276,10
13.0241699219,80.2284698486,38276,38286,10
13.0238199234,80.2280426025,38286,38296,10
13.0230703354,80.2273406982,38296,38357,61
13.0230703354,80.2273406982,38357,38367,10
13.022939682,80.2271575928,38367,38377,10
13.022600174,80.2268371582,38377,38387,10
13.0221004486,80.2264022827,38387,38397,10
13.0216598511,80.22605896,38397,38407,10
13.0211801529,80.2257003784,38407,38417,10
13.0206003189,80.2252578735,38417,38428,11
13.0201501846,80.2249603271,38428,38438,10
13.0200004578,80.224861145,38438,38448,10
13.0196199417,80.2246398926,38448,38458,10
13.0190601349,80.2244873047,38458,38468,10
13.0183200836,80.2247009277,38468,38478,10
13.0175304413,80.2249984741,38478,38488,10
13.0168199539,80.2252883911,38488,38498,10
13.0163803101,80.2254562378,38498,38508,10
13.0159397125,80.2256011963,38508,38519,11
13.015370369,80.2258071899,38519,38529,10
13.0145196915,80.2261734009,38529,38549,20
13.0145196915,80.2261734009,38549,38559,10
13.0142602921,80.2262573242,38559,38569,10
13.0139102936,80.2263565063,38569,38579,10
13.0136203766,80.2264862061,38579,38589,10
13.0131597519,80.2266616821,38589,38599,10
13.0125904083,80.2269210815,38599,38610,11
13.0116100311,80.2273330688,38610,38620,10
13.0106096268,80.227722168,38620,38630,10
13.0097198486,80.2280731201,38630,38640,10
13.0091695786,80.228553772,38640,38650,10
13.0090398788,80.2294006348,38650,38660,10
13.0088996887,80.2301712036,38660,38680,20
13.0088996887,80.2301712036,38680,38690,10
13.0088396072,80.2303009033,38690,38701,11
13.0087995529,80.2304763794,38701,38711,10
13.008769989,80.230758667,38711,38721,10
13.0087404251,80.2309799194,38721,38731,10
13.0087003708,80.2312316895,38731,38741,10
13.008649826,80.2313232422,38741,38751,10
13.0085897446,80.2316818237,38751,38761,10
13.0085401535,80.2320709229,38761,38771,10
13.008480072,80.2322463989,38771,38781,10
13.0084695816,80.2322998047,38781,38792,11
13.0083999634,80.2325592041,38792,38802,10
13.0083703995,80.2327804565,38802,38812,10
13.0083198547,80.2333984375,38812,38842,30
13.0083198547,80.2333984375,38842,38852,10
13.0081796646,80.2337417603,38852,38862,10
13.0081396103,80.2338409424,38862,38872,10
13.008099556,80.2340621948,38872,38883,11
13.0080795288,80.2342224121,38883,38893,10
13.0080404282,80.2343978882,38893,38903,10
13.0079803467,80.2347412109,38903,38923,20
13.0079803467,80.2347412109,38923,38933,10
13.007900238,80.2351531982,38933,38943,10
13.0078601837,80.2353591919,38943,38963,20
13.0078601837,80.2353591919,38963,38974,11
13.0077495575,80.2357330322,38974,38984,10
13.0077104568,80.2360687256,38984,38994,10
13.0076503754,80.2364425659,38994,39004,10
13.0075902939,80.2367706299,39004,39014,10
13.0075502396,80.2369918823,39014,39024,10
13.0074901581,80.2372512817,39024,39034,10
13.0074300766,80.237663269,39034,39044,10
13.0073900223,80.2380905151,39044,39054,10
13.0073099136,80.2384796143,39054,39085,31
13.0073099136,80.2384796143,39085,39095,10
13.0071697235,80.2388076782,39095,39105,10
13.0070800781,80.2393035889,39105,39115,10
13.0069303513,80.2397994995,39115,39125,10
13.0068397522,80.2402801514,39125,39135,10
13.006819725,80.2404403687,39135,39145,10
13.0067796707,80.2407913208,39145,39155,10
13.0067195892,80.2413864136,39155,39166,11
13.0067195892,80.2420120239,39166,39176,10
13.0067195892,80.2421264648,39176,39186,10
13.0067195892,80.24243927,39186,39206,20
13.0067195892,80.24243927,39206,39216,10
13.0067300797,80.2428436279,39216,39236,20
13.0067300797,80.2428436279,39236,39246,10
13.0067195892,80.2432403564,39246,39257,11
13.0067195892,80.2435379028,39257,39267,10
13.0067195892,80.2440032959,39267,39277,10
13.0067100525,80.2444992065,39277,39287,10
13.0067100525,80.2449188232,39287,39297,10
13.0067300797,80.2454528809,39297,39307,10
13.0067396164,80.2459869385,39307,39317,10
13.0067396164,80.2460708618,39317,39327,10
13.0067396164,80.246383667,39327,39368,41
13.0067396164,80.246383667,39368,39378,10
13.0067501068,80.2467727661,39378,39388,10
13.0067596436,80.2471618652,39388,39398,10
13.0063800812,80.2473983765,39398,39418,20
13.0063800812,80.2473983765,39418,39428,10
13.006070137,80.2473983765,39428,39439,11
13.0053796768,80.2473831177,39439,39449,10
13.0045003891,80.2474365234,39449,39459,10
13.003490448,80.2475585938,39459,39469,10
13.0024795532,80.2477111816,39469,39479,10
13.0013904572,80.2479934692,39479,39489,10
13.0001602173,80.2483062744,39489,39499,10
12.9988002777,80.2486801147,39499,39509,10
12.998000145,80.2489013672,39509,39519,10
12.9979896545,80.2489013672,39519,39530,11
12.9974498749,80.2489929199,39530,39540,10
12.9965896606,80.249168396,39540,39550,10
12.9955501556,80.2493896484,39550,39560,10
12.9944601059,80.2497177124,39560,39570,10
12.9932203293,80.2500762939,39570,39792,222
12.9932203293,80.2500762939,39792,39802,10
12.9927501678,80.2501983643,39802,39813,11
12.992099762,80.2503662109,39813,39823,10
12.991519928,80.2505187988,39823,39833,10
12.9908800125,80.2506866455,39833,39843,10
12.9906702042,80.2507324219,39843,39853,10
12.9902200699,80.250831604,39853,39883,30
12.9902200699,80.250831604,39883,39893,10
12.9900197983,80.250793457,39893,40035,142
12.9898796082,80.2507476807,40035,40197,162
12.989859581,80.2508773804,40197,40268,71
12.989859581,80.2508773804,40268,40278,10
12.9895601273,80.2509078979,40278,40288,10
12.9889698029,80.2510604858,40288,40298,10
12.9886798859,80.251159668,40298,40308,10
12.9882698059,80.2513122559,40308,40317,9
12.9878997803,80.2514190674,40317,40328,11
12.9871397018,80.2516098022,40328,40338,10
12.9864902496,80.2518005371,40338,40348,10
12.9856996536,80.2519989014,40348,40359,11
12.9845399857,80.2522964478,40359,40369,10
12.9834403992,80.2525787354,40369,40379,10
12.9824800491,80.2526931763,40379,40389,10
12.9815502167,80.2527084351,40389,40399,10
12.980629921,80.2527389526,40399,40409,10
12.9800300598,80.2527694702,40409,40419,10
12.9794502258,80.2527084351,40419,40429,10
12.9788198471,80.2526473999,40429,40439,10
12.9787902832,80.2526473999,40439,40450,11
12.9784698486,80.2524871826,40450,40460,10
12.9778499603,80.2520294189,40460,40470,10
12.9769601822,80.2513809204,40470,40480,10
12.9757404327,80.2510070801,40480,40490,10
12.9745998383,80.2506866455,40490,40500,10
12.9737195969,80.2504501343,40500,40510,10
12.9728603363,80.2502212524,40510,40520,10
12.9719295502,80.2499771118,40520,40530,10
12.971540451,80.2499008179,40530,40541,11
12.9714202881,80.2499008179,40541,40551,10
12.9711999893,80.2498626709,40551,40561,10
12.9710597992,80.2498626709,40561,40571,10
12.9708795547,80.2498397827,40571,40581,10
12.9703903198,80.2496795654,40581,40591,10
12.9695501328,80.2493362427,40591,40601,10
12.9685001373,80.2489471436,40601,40611,10
12.9674797058,80.2484893799,40611,40621,10
12.9667301178,80.2481536865,40621,40632,11
12.9662799835,80.2479171753,40632,40642,10
12.9657201767,80.2476882935,40642,40652,10
12.9650402069,80.2474365234,40652,40662,10
12.9649801254,80.2474212646,40662,40672,10
12.9645996094,80.2472610474,40672,40682,10
12.964099884,80.2470321655,40682,40692,10
12.9639501572,80.2469711304,40692,40702,10
12.9639196396,80.246963501,40702,40712,10
12.9638395309,80.2469329834,40712,40723,11
12.9635000229,80.2468032837,40723,40733,10
12.96296978,80.2465515137,40733,40743,10
12.9620399475,80.2461013794,40743,40753,10
12.9609098434,80.2455596924,40753,40763,10
12.9599304199,80.2451095581,40763,40773,10
12.9593801498,80.2449035645,40773,40783,10
12.9593400955,80.2449035645,40783,40793,10
12.9589395523,80.2446899414,40793,40803,10
12.9581804276,80.2443466187,40803,40813,10
12.9574699402,80.2440795898,40813,40824,11
12.956489563,80.243812561,40824,40854,30
12.956489563,80.243812561,40854,40864,10
12.9563703537,80.2437591553,40864,40874,10
12.9563703537,80.2437515259,40874,40884,10
12.9561300278,80.2436599731,40884,40894,10
12.9555597305,80.2433166504,40894,40904,10
12.95470047,80.2429122925,40904,40915,11
12.9537496567,80.2425231934,40915,40925,10
12.9530000687,80.2421875,40925,40935,10
12.952249527,80.2419204712,40935,40945,10
12.9517803192,80.2417831421,40945,40955,10
12.9517002106,80.2417526245,40955,40965,10
12.9513998032,80.2416381836,40965,40975,10
12.9507598877,80.2413864136,40975,40985,10
12.9498901367,80.2411270142,40985,40995,10
12.9494600296,80.2409591675,40995,41006,11
12.9494400024,80.2409515381,41006,41016,10
12.9493398666,80.2409210205,41016,41026,10
12.9488801956,80.2407608032,41026,41036,10
12.94810009,80.2404403687,41036,41046,10
12.9472999573,80.2401275635,41046,41056,10
12.94713974,80.2400665283,41056,41066,10
12.9468603134,80.2399597168,41066,41076,10
12.9461898804,80.2397003174,41076,41086,10
12.9453001022,80.2392730713,41086,41097,11
12.9443397522,80.2383117676,41097,41107,10
12.9434995651,80.2373962402,41107,41117,10
12.942609787,80.2366790771,41117,41127,10
12.9414997101,80.236289978,41127,41137,10
12.9406204224,80.2360610962,41137,41147,10
12.9397201538,80.2358016968,41147,41157,10
12.939499855,80.2357406616,41157,41167,10
12.9391899109,80.2355880737,41167,41176,9
12.9385595322,80.2352600098,41176,41188,12
12.9374103546,80.2346801758,41188,41198,10
12.9363203049,80.2341690063,41198,41208,10
12.9356498718,80.2338485718,41208,41218,10
12.9349098206,80.2335128784,41218,41228,10
12.9340295792,80.2331314087,41228,41238,10
12.9337396622,80.2329864502,41238,41248,10
12.9336795807,80.2329483032,41248,41258,10
12.9331598282,80.2326965332,41258,41268,10
12.9323196411,80.2323684692,41268,41279,11
12.9310998917,80.2319793701,41279,41289,10
12.9300603867,80.2316589355,41289,41299,10
12.9292402267,80.2314605713,41299,41309,10
12.9281702042,80.2312469482,41309,41319,10
12.9269399643,80.2311019897,41319,41329,10
12.9261598587,80.2310180664,41329,41340,11
12.9261398315,80.2310180664,41340,41350,10
12.925620079,80.2309494019,41350,41360,10
12.9247503281,80.2308578491,41360,41371,11
12.9235401154,80.2307128906,41371,41381,10
12.9224796295,80.2305603027,41381,41391,10
12.9211702347,80.2303619385,41391,41401,10
12.9198703766,80.2302017212,41401,41411,10
12.9187202454,80.2300491333,41411,41421,10
12.9175796509,80.229888916,41421,41431,10
12.9166698456,80.2297592163,41431,41441,10
12.9157304764,80.229637146,41441,41451,10
12.9146604538,80.2295227051,41451,41462,11
12.9135398865,80.2293624878,41462,41472,10
12.9134101868,80.2293395996,41472,41482,10
12.9133300781,80.2293319702,41482,41492,10
12.9128303528,80.2292404175,41492,41502,10
12.9118995667,80.229133606,41502,41512,10
12.9108695984,80.2289810181,41512,41522,10
12.9098901749,80.2287979126,41522,41532,10
12.9086799622,80.2285919189,41532,41542,10
12.9073095322,80.2284011841,41542,41623,81
12.9073095322,80.2284011841,41623,41633,10
12.9071903229,80.2283630371,41633,41643,10
12.9066696167,80.2283172607,41643,41654,11
12.90583992,80.2282485962,41654,41664,10
12.904709816,80.2282104492,41664,41674,10
12.9035797119,80.2281494141,41674,41684,10
12.9023399353,80.2280807495,41684,41694,10
12.9012804031,80.2280426025,41694,41775,81
12.9012804031,80.2280426025,41775,41785,10
12.9010000229,80.2279434204,41785,41795,10
12.9007797241,80.2279281616,41795,41805,10
12.9000997543,80.227897644,41805,41815,10
12.8992500305,80.227897644,41815,41836,21
12.8992500305,80.227897644,41836,41846,10
12.8989696503,80.2279129028,41846,41856,10
12.8982801437,80.2278594971,41856,41866,10
12.897310257,80.2277984619,41866,41876,10
12.8961801529,80.2277526855,41876,41886,10
12.895070076,80.2276992798,41886,41896,10
12.8939399719,80.2276306152,41896,41906,10
12.8927602768,80.2274932861,41906,41916,10
12.8918199539,80.2274017334,41916,41927,11
12.8906297684,80.2274017334,41927,41937,10
12.889380455,80.2273864746,41937,41947,10
12.8880596161,80.2273330688,41947,41957,10
12.8866996765,80.2271194458,41957,41967,10
12.8854999542,80.2268218994,41967,41977,10
12.8847999573,80.2267532349,41977,41987,10
12.8847703934,80.2267532349,41987,41997,10
12.8845996857,80.2267608643,41997,42007,10
12.8840398788,80.2267379761,42007,42018,11
12.8830604553,80.2267303467,42018,42028,10
12.8818798065,80.2267379761,42028,42038,10
12.8807001114,80.2267303467,42038,42048,10
12.8794202805,80.2267608643,42048,42058,10
12.8779201508,80.226852417,42058,42068,10
12.8770103455,80.2269287109,42068,42078,10
12.8765697479,80.2269821167,42078,42088,10
12.8765497208,80.2269821167,42088,42098,10
12.8761796951,80.2269973755,42098,42109,11
12.8751602173,80.2269363403,42109,42119,10
12.8738698959,80.2267837524,42119,42129,10
12.8727798462,80.2267379761,42129,42139,10
12.8726902008,80.2267379761,42139,42149,10
12.872179985,80.2267227173,42149,42159,10
12.8712100983,80.2266693115,42159,42169,10
12.8699102402,80.2265701294,42169,42179,10
12.8685703278,80.2264175415,42179,42189,10
12.8671503067,80.2265014648,42189,42199,10
12.8657503128,80.2266082764,42199,42210,11
12.8639802933,80.2265625,42210,42220,10
12.8622598648,80.2265472412,42220,42230,10
12.8606595993,80.2265625,42230,42240,10
12.8592700958,80.2263793945,42240,42250,10
12.8582897186,80.226272583,42250,42260,10
12.8575000763,80.2262573242,42260,42270,10
12.8569898605,80.22631073,42270,42280,10
12.8560600281,80.2264099121,42280,42290,10
12.8548603058,80.2265396118,42290,42301,11
12.8533000946,80.2266769409,42301,42311,10
12.8518295288,80.2266464233,42311,42321,10
12.8503503799,80.226600647,42321,42331,10
12.8500204086,80.2266235352,42331,42341,10
12.8499698639,80.2266235352,42341,42351,10
12.84953022,80.2266235352,42351,42361,10
12.8486499786,80.2266082764,42361,42371,10
12.8475103378,80.2266235352,42371,42381,10
12.8464298248,80.2266464233,42381,42392,11
12.8452796936,80.2266616821,42392,42412,20
12.8452796936,80.2266616821,42412,42422,10
12.8450202942,80.2266616821,42422,42432,10
12.8442201614,80.2267227173,42432,42442,10
12.8430995941,80.2268676758,42442,42452,10
12.8417100906,80.2270736694,42452,42462,10
12.8404302597,80.2274398804,42462,42472,10
12.8398895264,80.2276306152,42472,42483,11
12.8397598267,80.2276763916,42483,42493,10
12.8392801285,80.2278289795,42493,42503,10
12.8383903503,80.2280578613,42503,42513,10
12.8372097015,80.2282867432,42513,42523,10
12.8359603882,80.2284622192,42523,42533,10
12.8347997665,80.2286529541,42533,42543,10
12.8335504532,80.2288818359,42543,42553,10
12.8320198059,80.2291793823,42553,42574,21
12.8320198059,80.2291793823,42574,42584,10
12.8316698074,80.2292861938,42584,42594,10
12.8308601379,80.2295303345,42594,42604,10
12.8296899796,80.2299575806,42604,42614,10
12.8283100128,80.2305831909,42614,42624,10
12.8269996643,80.2312393188,42624,42634,10
12.8252897263,80.2313766479,42634,42644,10
12.8236198425,80.2311019897,42644,42654,10
12.8221702576,80.2306518555,42654,42665,11
12.8205003738,80.2304611206,42665,42675,10
12.8193502426,80.2304916382,42675,42685,10
12.81828022,80.23021698,42685,42695,10
12.8170995712,80.2296981812,42695,42705,10
12.8158998489,80.2294311523,42705,42715,10
12.8147497177,80.2292633057,42715,42725,10
12.8134803772,80.2289581299,42725,42735,10
12.8121700287,80.2285079956,42735,42745,10
12.8109397888,80.2280502319,42745,42756,11
12.8098802567,80.2276229858,42756,42766,10
12.8091897964,80.2272720337,42766,42776,10
12.8082199097,80.2265319824,42776,42786,10
12.8072004318,80.2256317139,42786,42796,10
12.8064403534,80.224937439,42796,42806,10
12.8052997589,80.2241134644,42806,42816,10
12.8052997589,80.2241134644,42816,42826,10
12.804889679,80.2240219116,42826,42836,10
12.8044700623,80.2239379883,42836,42846,10
12.8038597107,80.2238922119,42846,42857,11
12.8028497696,80.2238006592,42857,42867,10
12.8018398285,80.2236709595,42867,42877,10
12.8010797501,80.2235794067,42877,42887,10
12.7999696732,80.2235031128,42887,42897,10
12.7985296249,80.2233428955,42897,42907,10
12.7970399857,80.2231216431,42907,42917,10
12.7957897186,80.2229385376,42917,42927,10
12.7956800461,80.22290802,42927,42937,10
12.795009613,80.2227783203,42937,42948,11
12.7937402725,80.2225723267,42948,42958,10
12.7924203873,80.2223815918,42958,42968,10
12.7910604477,80.2220611572,42968,42978,10
12.7899599075,80.2217636108,42978,42988,10
12.7893199921,80.2215576172,42988,42998,10
12.7890901566,80.2214584351,42998,43008,10
12.7884502411,80.2212219238,43008,43018,10
12.7880001068,80.2210464478,43018,43028,10
12.7877998352,80.220993042,43028,43039,11
12.7873697281,80.2208404541,43039,43049,10
12.7873096466,80.2208099365,43049,43059,10
12.7869596481,80.2206726074,43059,43069,10
12.7868099213,80.2206115723,43069,43079,10
12.7866096497,80.2205429077,43079,43089,10
12.7864704132,80.2204818726,43089,43099,10
12.7862596512,80.2205810547,43099,43119,20
12.7862596512,80.2205810547,43119,43130,11
12.786239624,80.2207336426,43130,43140,10
12.7862501144,80.2209625244,43140,43150,10
12.7862195969,80.2212982178,43150,43160,10
12.7862300873,80.2220077515,43160,43959,799
12.7862596512,80.2216415405,43959,43979,20
12.7862596512,80.2216415405,43979,43989,10
12.786239624,80.2212905884,43989,43999,10
12.7862100601,80.2210083008,43999,44009,10
12.7862100601,80.2209777832,44009,44019,10
12.7862195969,80.2206802368,44019,44029,10
12.7862501144,80.2204589844,44029,44040,11
12.7865400314,80.2204971313,44040,44100,60
12.7865400314,80.2204971313,44100,44110,10
12.7868204117,80.2206268311,44110,44120,10
12.7871799469,80.220741272,44120,44130,10
12.7877197266,80.2209091187,44130,44141,11
12.7883701324,80.2211532593,44141,44151,10
12.7890396118,80.2214126587,44151,44161,10
12.7895803452,80.2216110229,44161,44171,10
12.7899999619,80.2217407227,44171,44181,10
12.7906599045,80.2219009399,44181,44191,10
12.7914199829,80.2220916748,44191,44201,10
12.7923202515,80.2223129272,44201,44211,10
12.7932796478,80.2224731445,44211,44221,10
12.7942495346,80.2226104736,44221,44232,11
12.7952804565,80.2227783203,44232,44242,10
12.7960700989,80.22290802,44242,44252,10
12.7964296341,80.2229385376,44252,44262,10
12.7964401245,80.2229385376,44262,44272,10
12.7966604233,80.2229919434,44272,44282,10
12.7972297668,80.2231063843,44282,44292,10
12.7979803085,80.2232208252,44292,44302,10
12.7987699509,80.2233123779,44302,44312,10
12.7996902466,80.2233963013,44312,44323,11
12.8007602692,80.2235031128,44323,44333,10
12.801440239,80.2235794067,44333,44343,10
12.8015403748,80.2236099243,44343,44353,10
12.8020296097,80.2236633301,44353,44363,10
12.802740097,80.2237625122,44363,44373,10
12.803440094,80.2238388062,44373,44383,10
12.8041200638,80.2238922119,44383,44393,10
12.8047704697,80.2239379883,44393,44403,10
12.8053998947,80.2240829468,44403,44414,11
12.8057098389,80.2242202759,44414,44424,10
12.8060798645,80.2245330811,44424,44434,10
12.8066396713,80.2249832153,44434,44444,10
12.8073196411,80.2255706787,44444,44454,10
12.8080997467,80.2262191772,44454,44464,10
12.8088998795,80.2268981934,44464,44474,10
12.8098201752,80.2274780273,44474,44484,10
12.8108501434,80.2279281616,44484,44494,10
12.8119401932,80.2283401489,44494,44505,11
12.8131904602,80.2287826538,44505,44515,10
12.8141803741,80.2290878296,44515,44525,10
12.8152303696,80.2292633057,44525,44535,10
12.8163499832,80.2294235229,44535,44545,10
12.8173599243,80.2296905518,44545,44555,10
12.8181400299,80.2300796509,44555,44565,10
12.8189697266,80.2304229736,44565,44575,10
12.8198204041,80.2304382324,44575,44585,10
12.8207101822,80.2304077148,44585,44596,11
12.8218297958,80.2304916382,44596,44606,10
12.8228797913,80.2307815552,44606,44616,10
12.8239402771,80.2310791016,44616,44626,10
12.8250198364,80.2313232422,44626,44636,10
12.8260602951,80.231300354,44636,44646,10
12.82695961,80.2312011719,44646,44656,10
12.8278999329,80.2307662964,44656,44666,10
12.8288202286,80.2302474976,44666,44676,10
12.8298397064,80.2298126221,44676,44687,11
12.8309202194,80.2294006348,44687,44697,10
12.8311395645,80.2293319702,44697,44707,10
12.8312997818,80.2292785645,44707,44717,10
12.8314599991,80.2292327881,44717,44727,10
12.8316001892,80.2291870117,44727,44737,10
12.8318595886,80.2291183472,44737,44747,10
12.8324604034,80.2289886475,44747,44757,10
12.8332996368,80.228843689,44757,44767,10
12.8342895508,80.2286834717,44767,44777,10
12.8354701996,80.228477478,44777,44788,11
12.8366298676,80.2283096313,44788,44798,10
12.8377599716,80.2281188965,44798,44808,10
12.8388204575,80.2278823853,44808,44818,10
12.8396501541,80.2276763916,44818,44848,30
12.8396501541,80.2276763916,44848,44858,10
12.8400297165,80.2275466919,44858,44868,10
12.840669632,80.2273788452,44868,44879,11
12.8416004181,80.227142334,44879,44889,10
12.8425502777,80.2269515991,44889,44899,10
12.843580246,80.2267532349,44899,44909,10
12.8446798325,80.226600647,44909,44919,10
12.8454399109,80.2265625,44919,44929,10
12.845459938,80.2265625,44929,44939,10
12.8458995819,80.2265396118,44939,44949,10
12.8466501236,80.2265396118,44949,44959,10
12.8475399017,80.2265396118,44959,44970,11
12.8486003876,80.2265396118,44970,44980,10
12.8496599197,80.2265396118,44980,44990,10
12.850230217,80.2265014648,44990,45000,10
12.8502502441,80.2265090942,45000,45010,10
12.8506803513,80.2265167236,45010,45020,10
12.8514204025,80.2265625,45020,45030,10
12.8523597717,80.2266235352,45030,45040,10
12.8534097672,80.2266387939,45040,45050,10
12.8544797897,80.2265396118,45050,45061,11
12.8556995392,80.2264099121,45061,45071,10
12.8568601608,80.2262802124,45071,45081,10
12.8580102921,80.2261810303,45081,45091,10
12.8590097427,80.2262420654,45091,45101,10
12.8600997925,80.2264022827,45101,45111,10
12.8607797623,80.2264785767,45111,45121,10
12.8607997894,80.2264785767,45121,45131,10
12.8611297607,80.2265167236,45131,45141,10
12.8618602753,80.2265014648,45141,45152,11
12.8628997803,80.2264633179,45152,45162,10
12.8639802933,80.2264709473,45162,45172,10
12.8651800156,80.2265167236,45172,45182,10
12.8664102554,80.2264785767,45182,45192,10
12.8676204681,80.226348877,45192,45202,10
12.8688402176,80.2263183594,45202,45212,10
12.870059967,80.2264633179,45212,45222,10
12.871219635,80.2265625,45222,45232,10
12.8722600937,80.2265930176,45232,45243,11
12.8729000092,80.2266082764,45243,45253,10
12.8730401993,80.2266235352,45253,45263,10
12.8736095428,80.2266387939,45263,45273,10
12.8744497299,80.2267303467,45273,45283,10
12.8754501343,80.2268600464,45283,45293,10
12.8764200211,80.2268676758,45293,45303,10
12.8767404556,80.2268371582,45303,45313,10
12.8768396378,80.2268371582,45313,45323,10
12.8773603439,80.2268218994,45323,45334,11
12.8782396317,80.2267532349,45334,45344,10
12.8792295456,80.2266921997,45344,45354,10
12.8802995682,80.2266616821,45354,45364,10
12.8814001083,80.2266616821,45364,45374,10
12.8824796677,80.2266464233,45374,45384,10
12.8836097717,80.2266387939,45384,45394,10
12.8852100372,80.2266387939,45394,45414,20
12.8852100372,80.2266387939,45414,45424,10
12.8854503632,80.2266769409,45424,45435,11
12.8861198425,80.226852417,45435,45445,10
12.8869400024,80.2270812988,45445,45455,10
12.8878698349,80.2272186279,45455,45465,10
12.8888702393,80.2272796631,45465,45475,10
12.8899402618,80.2272872925,45475,45485,10
12.8910598755,80.2272872925,45485,45495,10
12.8921899796,80.2273101807,45495,45505,10
12.8932504654,80.2274169922,45505,45515,10
12.8943099976,80.2275619507,45515,45526,11
12.8955202103,80.2276229858,45526,45536,10
12.8966999054,80.2276611328,45536,45546,10
12.8978700638,80.227722168,45546,45556,10
12.8990097046,80.2277832031,45556,45566,10
12.9000101089,80.2278289795,45566,45576,10
12.9007196426,80.2278366089,45576,45637,61
12.9007196426,80.2278366089,45637,45647,10
12.9007701874,80.2279281616,45647,45657,10
12.9011602402,80.2279586792,45657,45667,10
12.9017601013,80.2279891968,45667,45677,10
12.9027500153,80.2279815674,45677,45697,20
12.9027500153,80.2279815674,45697,45708,11
12.9028301239,80.2279815674,45708,45718,10
12.9031400681,80.228012085,45718,45728,10
12.9035701752,80.2280197144,45728,45738,10
12.9042196274,80.2280578613,45738,45748,10
12.9049501419,80.2281036377,45748,45758,10
12.9057397842,80.2281494141,45758,45768,10
12.9061203003,80.2281494141,45768,45778,10
12.9063596725,80.2281417847,45778,45799,21
12.9063596725,80.2281417847,45799,45809,10
12.9064302444,80.2281417847,45809,45819,10
12.9068202972,80.2281570435,45819,45829,10
12.9069299698,80.2281723022,45829,45839,10
12.9070701599,80.2282180786,45839,45849,10
12.9076404572,80.2283096313,45849,45859,10
12.9084596634,80.2284317017,45859,45869,10
12.9093503952,80.2285766602,45869,45879,10
12.9104995728,80.228767395,45879,45890,11
12.9116601944,80.2289505005,45890,45900,10
12.9127197266,80.2291030884,45900,45910,10
12.9139099121,80.2292480469,45910,45930,20
12.9139099121,80.2292480469,45930,45940,10
12.9143600464,80.2293395996,45940,45950,10
12.915019989,80.2294311523,45950,45960,10
12.9159097672,80.2295684814,45960,45970,10
12.9168300629,80.2296981812,45970,45981,11
12.9179000854,80.2298736572,45981,45991,10
12.9188995361,80.2299880981,45991,46001,10
12.9198703766,80.230140686,46001,46011,10
12.9208602905,80.2302627563,46011,46021,10
12.9219102859,80.2303924561,46021,46031,10
12.9227895737,80.2305374146,46031,46041,10
12.9241695404,80.2307281494,46041,46051,10
12.9252796173,80.2308731079,46051,46061,10
12.9261598587,80.2309188843,46061,46071,10
12.9263401031,80.2309417725,46071,46082,11
12.9263601303,80.2309417725,46082,46092,10
12.9267702103,80.2309875488,46092,46102,10
12.9275102615,80.2310791016,46102,46112,10
12.9283895493,80.2312011719,46112,46122,10
12.9292898178,80.2313613892,46122,46132,10
12.9302797318,80.231590271,46132,46142,10
12.9313097,80.231880188,46142,46152,10
12.9323101044,80.2322235107,46152,46162,10
12.9337596893,80.232749939,46162,46183,21
12.9337596893,80.232749939,46183,46193,10
12.9342803955,80.2330093384,46193,46203,10
12.9349603653,80.2333374023,46203,46213,10
12.9356899261,80.2336807251,46213,46223,10
12.9363698959,80.2340011597,46223,46233,10
12.9371795654,80.2343978882,46233,46243,10
12.938079834,80.2348403931,46243,46253,10
12.9390201569,80.2352981567,46253,46264,11
12.939789772,80.2356262207,46264,46274,10
12.9398803711,80.2356796265,46274,46284,10
12.9404001236,80.2358627319,46284,46294,10
12.941160202,80.2360610962,46294,46304,10
12.9421195984,80.2362976074,46304,46314,10
12.9430999756,80.2367477417,46314,46324,10
12.9439001083,80.2375717163,46324,46334,10
12.9446201324,80.2383804321,46334,46344,10
12.945520401,80.2392120361,46344,46355,11
12.9465503693,80.2396621704,46355,46365,10
12.9472999573,80.2399291992,46365,46375,10
12.9473600388,80.2399520874,46375,46385,10
12.9475803375,80.2400588989,46385,46395,10
12.9481401443,80.2402877808,46395,46405,10
12.9489202499,80.2406005859,46405,46466,61
12.9489202499,80.2406005859,46466,46476,10
12.9492902756,80.2407608032,46476,46486,10
12.9499197006,80.2409667969,46486,46496,10
12.9507398605,80.2412185669,46496,46506,10
12.9511499405,80.2413330078,46506,46516,10
12.9511804581,80.2413635254,46516,46526,10
12.9516000748,80.2415237427,46526,46537,11
12.9523296356,80.2417907715,46537,46547,10
12.9531402588,80.2421035767,46547,46557,10
12.9538402557,80.2423782349,46557,46567,10
12.9544696808,80.2426376343,46567,46577,10
12.955160141,80.2429122925,46577,46587,10
12.9559497833,80.2431793213,46587,46597,10
12.9564304352,80.243347168,46597,46617,20
12.9564304352,80.243347168,46617,46628,11
12.9569301605,80.2435836792,46628,46638,10
12.9577503204,80.2439422607,46638,46648,10
12.9586000443,80.2443008423,46648,46658,10
12.9588699341,80.2444076538,46658,46668,10
12.9591197968,80.2445602417,46668,46678,10
12.9597196579,80.2448425293,46678,46688,10
12.9605197906,80.2452011108,46688,46698,10
12.9614400864,80.2456283569,46698,46708,10
12.9624700546,80.2461395264,46708,46719,11
12.9631700516,80.2464828491,46719,46729,10
12.9631795883,80.2464904785,46729,46739,10
12.9632501602,80.2465286255,46739,46749,10
12.9634103775,80.2466201782,46749,46759,10
12.9637899399,80.2468032837,46759,46769,10
12.9644804001,80.2470626831,46769,46779,10
12.9653596878,80.2473526001,46779,46789,10
12.9663200378,80.2477111816,46789,46799,10
12.9670200348,80.2480010986,46799,46820,21
12.9670200348,80.2480010986,46820,46830,10
12.967300415,80.2481765747,46830,46840,10
12.968000412,80.2484588623,46840,46850,10
12.9688501358,80.2487792969,46850,46860,10
12.9698400497,80.2491836548,46860,46870,10
12.9708995819,80.2495803833,46870,46880,10
12.9720697403,80.2499008179,46880,46890,10
12.9731397629,80.2501525879,46890,46900,10
12.9735202789,80.2502822876,46900,46911,11
12.9736499786,80.2503204346,46911,46921,10
12.9738798141,80.2503890991,46921,46931,10
12.9744796753,80.2505569458,46931,46941,10
12.9753704071,80.2508163452,46941,46951,10
12.9764204025,80.2511291504,46951,46961,10
12.9774198532,80.2514801025,46961,46971,10
12.9785499573,80.2523117065,46971,46991,20
12.9785499573,80.2523117065,46991,47002,11
12.9788198471,80.2524490356,47002,47012,10
12.9796600342,80.2525863647,47012,47042,30
12.9796600342,80.2525863647,47042,47052,10
12.9799098969,80.2526016235,47052,47062,10
12.9804496765,80.2526092529,47062,47072,10
12.9810695648,80.2525863647,47072,47082,10
12.9818601608,80.252571106,47082,47093,11
12.9824800491,80.2525405884,47093,47133,40
12.9824800491,80.2525405884,47133,47143,10
12.9827098846,80.2525100708,47143,47163,20
12.9827098846,80.2525100708,47163,47173,10
12.9828395844,80.2525024414,47173,47184,11
12.9829702377,80.2524795532,47184,47194,10
12.9831199646,80.2524719238,47194,47204,10
12.9831895828,80.2524719238,47204,47214,10
12.983420372,80.2524490356,47214,47224,10
12.9835395813,80.2524414063,47224,47234,10
12.9838600159,80.2523498535,47234,47244,10
12.9845504761,80.2521514893,47244,47254,10
12.985710144,80.2518386841,47254,47416,162
12.985710144,80.2518386841,47416,47426,10
12.9860200882,80.2516403198,47426,47436,10
12.9863100052,80.2516021729,47436,47446,10
12.9865999222,80.2515563965,47446,47457,11
12.9869403839,80.2514724731,47457,47467,10
12.9872198105,80.2513809204,47467,47477,10
12.9874200821,80.2513275146,47477,47487,10
12.9876003265,80.2512969971,47487,47497,10
12.9879703522,80.2512207031,47497,47507,10
12.9885997772,80.2511291504,47507,47517,10
12.9893398285,80.2509231567,47517,47537,20
12.9893398285,80.2509231567,47537,47548,11
12.9895896912,80.250831604,47548,47558,10
12.9901695251,80.2506637573,47558,47568,10
12.9910001755,80.2504425049,47568,47578,10
12.9919595718,80.2501983643,47578,47588,10
12.9930896759,80.2499389648,47588,47598,10
12.9942798615,80.2496414185,47598,47608,10
12.9954595566,80.2493667603,47608,47618,10
12.9966402054,80.2490997314,47618,47628,10
12.9967899323,80.2490386963,47628,47638,10
12.996919632,80.2489700317,47638,47649,11
12.9978103638,80.2487487793,47649,47659,10
12.9987697601,80.2485198975,47659,47669,10
12.9998197556,80.2482299805,47669,47679,10
13.0010404587,80.2479095459,47679,47689,10
13.0021400452,80.2476501465,47689,47699,10
13.0030202866,80.2474822998,47699,47709,10
13.0040998459,80.2472915649,47709,47719,10
13.0052604675,80.2471389771,47719,47729,10
13.006480217,80.2464599609,47729,47750,21
13.006480217,80.2464599609,47750,47760,10
13.0065898895,80.2460632324,47760,47770,10
13.0066099167,80.2454299927,47770,47780,10
13.0065498352,80.244758606,47780,47790,10
13.0065498352,80.2444381714,47790,47800,10
13.0065498352,80.2440490723,47800,47810,10
13.0065402985,80.2434310913,47810,47820,10
13.0064897537,80.2425765991,47820,47831,11
13.0065002441,80.2414474487,47831,47841,10
13.0065498352,80.2408981323,47841,47851,10
13.0066204071,80.2405929565,47851,47861,10
13.0067501068,80.2401428223,47861,47871,10
13.0069599152,80.2392883301,47871,47881,10
13.0071401596,80.23828125,47881,47891,10
13.0073604584,80.2372970581,47891,47901,10
13.007399559,80.2367401123,47901,47911,10
13.0074100494,80.2367401123,47911,47922,11
13.0075798035,80.2363815308,47922,47932,10
13.0076999664,80.2357177734,47932,47942,10
13.0078601837,80.2348327637,47942,47952,10
13.0080499649,80.2338180542,47952,47962,10
13.0082702637,80.2326889038,47962,47972,10
13.0085000992,80.2315597534,47972,47982,10
13.0087099075,80.2304992676,47982,47992,10
13.0089597702,80.2293624878,47992,48002,10
13.0090799332,80.2286300659,48002,48013,11
13.0091199875,80.2283706665,48013,48023,10
13.0093002319,80.2278823853,48023,48033,10
13.0096197128,80.2272033691,48033,48043,10
13.0100002289,80.2264404297,48043,48053,10
13.0104103088,80.225730896,48053,48063,10
13.0106601715,80.2250976563,48063,48073,10
13.0109195709,80.2244567871,48073,48083,10
13.0112695694,80.2235488892,48083,48093,10
13.0115604401,80.2227096558,48093,48104,11
13.0119400024,80.2217407227,48104,48114,10
13.012260437,80.2213516235,48114,48124,10
13.0124397278,80.2216262817,48124,48134,10
13.0128602982,80.2221832275,48134,48144,10
13.0134296417,80.2228164673,48144,48154,10
13.013999939,80.223449707,48154,48164,10
13.0142202377,80.2237091064,48164,48174,10
13.0145301819,80.2240371704,48174,48184,10
13.0149097443,80.2244491577,48184,48195,11
13.0151596069,80.2247161865,48195,48205,10
13.0155801773,80.2250366211,48205,48235,30
13.0155801773,80.2250366211,48235,48245,10
13.0158596039,80.2252731323,48245,48255,10
13.0163898468,80.2253036499,48255,48265,10
13.0169897079,80.2250823975,48265,48275,10
13.0177202225,80.2247772217,48275,48285,10
13.0185003281,80.2244720459,48285,48296,11
13.0194702148,80.2242965698,48296,48356,60
13.0194702148,80.2242965698,48356,48366,10
13.0196199417,80.2243423462,48366,48376,10
13.0198001862,80.2244873047,48376,48387,11
13.0200996399,80.2247695923,48387,48397,10
13.0206203461,80.2251434326,48397,48407,10
13.0210895538,80.2255172729,48407,48417,10
13.0214500427,80.2258377075,48417,48427,10
13.0219497681,80.2261886597,48427,48437,10
13.0225095749,80.2266387939,48437,48447,10
13.0230503082,80.2271270752,48447,48457,10
13.0236101151,80.2276229858,48457,48467,10
13.0240602493,80.2280426025,48467,48478,11
13.0243501663,80.2283401489,48478,48488,10
13.0243701935,80.2283706665,48488,48498,10
13.0244102478,80.2284469604,48498,48508,10
13.0243902206,80.2286224365,48508,48518,10
13.0243797302,80.2286224365,48518,48528,10
13.0241699219,80.2285079956,48528,48538,10
13.0239200592,80.228187561,48538,48548,10
13.023639679,80.227897644,48548,48711,163
13.0235099792,80.2276611328,48711,49156,445
13.0235099792,80.2276611328,49156,49166,10
13.0234298706,80.2276382446,49166,49176,10
13.0232400894,80.2274475098,49176,49186,10
13.0229997635,80.227180481,49186,49196,10
13.022600174,80.2268218994,49196,49207,11
13.0221004486,80.2263793945,49207,49217,10
13.0215797424,80.2259521484,49217,49227,10
13.0210695267,80.2255630493,49227,49237,10
13.0204896927,80.225151062,49237,49247,10
13.0200195313,80.224861145,49247,49257,10
13.0199699402,80.2248306274,49257,49267,10
13.0198898315,80.2248001099,49267,49277,10
13.0195198059,80.2245864868,49277,49287,10
13.0188703537,80.2245178223,49287,49298,11
13.0180797577,80.2247924805,49298,49308,10
13.01720047,80.2251434326,49308,49318,10
13.0164403915,80.225440979,49318,49328,10
13.0157699585,80.2256774902,49328,49338,10
13.0152597427,80.2258987427,49338,49348,10
13.0144796371,80.2262268066,49348,49368,20
13.0144796371,80.2262268066,49368,49378,10
13.014380455,80.2262573242,49378,49389,11
13.0139904022,80.2264175415,49389,49399,10
13.0135097504,80.2265777588,49399,49409,10
13.0131502151,80.2267303467,49409,49419,10
13.0125102997,80.2269821167,49419,49429,10
13.0117902756,80.2272796631,49429,49439,10
13.0109996796,80.2276229858,49439,49449,10
13.0101604462,80.2279510498,49449,49459,10
13.0093803406,80.2283096313,49459,49469,10
13.0090904236,80.2290725708,49469,49480,11
13.0089502335,80.2300491333,49480,49490,10
13.0088100433,80.2309417725,49490,49500,10
13.0086402893,80.2318191528,49500,49510,10
13.0084695816,80.2327270508,49510,49520,10
13.0082902908,80.2337265015,49520,49540,20
13.0082902908,80.2337265015,49540,49550,10
13.0082101822,80.2338180542,49550,49560,10
13.0081501007,80.2342071533,49560,49571,11
13.0080299377,80.2349624634,49571,49581,10
13.0078601837,80.2358398438,49581,49591,10
13.0076303482,80.2368469238,49591,49601,10
13.007399559,80.2378997803,49601,49611,10
13.0072402954,80.2388534546,49611,49621,10
13.0070295334,80.2397003174,49621,49631,10
13.0069599152,80.2400665283,49631,49682,51
13.0069599152,80.2400665283,49682,49692,10
13.0068798065,80.2406082153,49692,49722,30
13.0068798065,80.2406082153,49722,49732,10
13.0067901611,80.2410202026,49732,49742,10
13.0067396164,80.2416992188,49742,49752,10
13.0067396164,80.2425537109,49752,49763,11
13.006770134,80.2435379028,49763,49773,10
13.0067901611,80.244392395,49773,49783,10
13.0067901611,80.245262146,49783,49793,10
13.0068101883,80.2461395264,49793,49803,10
13.006819725,80.2468566895,49803,49813,10
13.0066404343,80.2474365234,49813,49823,10
13.0062398911,80.2474212646,49823,49843,20
13.0060596466,80.2473983765,49843,49864,21
13.0060596466,80.2473983765,49864,49874,10
13.0058298111,80.2473983765,49874,49884,10
13.0053701401,80.2473907471,49884,49894,10
13.0046100616,80.2474365234,49894,49904,10
13.0036697388,80.2475509644,49904,49914,10
13.0028400421,80.2476806641,49914,49924,10
13.0016002655,80.2479629517,49924,49934,10
13.0005598068,80.2482070923,49934,49945,11
12.9993801117,80.2484970093,49945,49955,10
12.9984197617,80.2487716675,49955,49965,10
12.9980802536,80.248878479,49965,49975,10
12.9978103638,80.2489395142,49975,49985,10
12.9971504211,80.2490997314,49985,49995,10
12.9962596893,80.2492980957,49995,50005,10
12.9952802658,80.2495422363,50005,50015,10
12.9942703247,80.2498168945,50015,50025,10
12.9932403564,80.2500686646,50025,50036,11
12.992099762,80.2503433228,50036,50046,10
12.9910402298,80.2506484985,50046,50066,20
12.9910402298,80.2506484985,50066,50076,10
12.9906797409,80.2507171631,50076,50086,10
12.9901304245,80.250869751,50086,50177,91
12.9901304245,80.250869751,50177,50187,10
12.989780426,80.2509384155,50187,50197,10
12.9893598557,80.2510604858,50197,50207,10
12.9890003204,80.251159668,50207,50218,11
12.9885797501,80.2512893677,50218,50228,10
12.9883203506,80.2514190674,50228,50238,10
12.9880199432,80.251701355,50238,50248,10
12.9880599976,80.252281189,50248,50258,10
12.9879999161,80.2530517578,50258,50268,10
12.9879102707,80.2538986206,50268,50278,10
12.987830162,80.2547683716,50278,50288,10
12.9877796173,80.2553024292,50288,50298,10
12.987739563,80.255859375,50298,50308,10
12.9876699448,80.2561035156,50308,50319,11
12.9876098633,80.2563705444,50319,50329,10
12.9875802994,80.2567825317,50329,50339,10
12.9875402451,80.2572631836,50339,50349,10
12.9875202179,80.2579879761,50349,50359,10
12.987449646,80.2584915161,50359,50369,10
12.9872999191,80.2585372925,50369,50379,10
12.9872903824,80.2585372925,50379,50389,10
12.987159729,80.2585220337,50389,50399,10
12.9869098663,80.2585372925,50399,50642,243
12.9867401123,80.2588577271,50642,50672,30
12.9867401123,80.2588577271,50672,50683,11
12.9867296219,80.2590637207,50683,50693,10
12.9868402481,80.2592086792,50693,50723,30
12.9868402481,80.2592086792,50723,50733,10
12.9870700836,80.2592086792,50733,50743,10
12.9872398376,80.2591629028,50743,50753,10
12.9872999191,80.2588272095,50753,50763,10
12.9873504639,80.2584228516,50763,50774,11
12.9873800278,80.2579421997,50774,50784,10
12.9874200821,80.2573623657,50784,50794,10
12.9874801636,80.2570037842,50794,50804,10
12.9875402451,80.2565383911,50804,50814,10
12.9875802994,80.2559661865,50814,50854,40
12.9875802994,80.2559661865,50854,50865,11
12.9876003265,80.2557830811,50865,50875,10
12.9877195358,80.2552032471,50875,50885,10
12.9877996445,80.2543106079,50885,50895,10
12.9878797531,80.2533493042,50895,50905,10
12.9879398346,80.2523803711,50905,50915,10
12.9877901077,80.2515869141,50915,51168,253
12.9877901077,80.2515869141,51168,51178,10
12.9877300262,80.2514572144,51178,51188,10
12.9880504608,80.2511825562,51188,51198,10
12.9887199402,80.251083374,51198,51208,10
12.9892501831,80.2509307861,51208,51218,10
12.9894599915,80.250869751,51218,51228,10
12.9897203445,80.2508392334,51228,51239,11
12.9899396896,80.250793457,51239,51249,10
12.9905500412,80.2506637573,51249,51259,10
12.9914598465,80.2504196167,51259,51269,10
12.9924602509,80.2501602173,51269,51279,10
12.9934396744,80.2499008179,51279,51289,10
12.9944200516,80.2496566772,51289,51299,10
12.9953603745,80.2494277954,51299,51309,10
12.9963598251,80.2491836548,51309,51319,10
12.9974098206,80.2489089966,51319,51330,11
12.9986696243,80.2486114502,51330,51340,10
12.9998197556,80.2483215332,51340,51350,10
13.0009698868,80.2480316162,51350,51360,10
13.0019798279,80.2477798462,51360,51370,10
13.0029201508,80.2475509644,51370,51380,10
13.0039396286,80.2473678589,51380,51390,10
13.0049600601,80.247253418,51390,51400,10
13.0058498383,80.2470397949,51400,51410,10
13.0063896179,80.2466430664,51410,51421,11
13.0065803528,80.2459030151,51421,51431,10
13.0066204071,80.2451629639,51431,51441,10
13.0066204071,80.2445602417,51441,51451,10
13.0066299438,80.2440490723,51451,51461,10
13.0066003799,80.2434082031,51461,51471,10
13.0065898895,80.2426528931,51471,51481,10
13.0065898895,80.2418365479,51481,51491,10
13.0066099167,80.2413330078,51491,51500,9
13.0066204071,80.2409973145,51500,51512,12
13.0067195892,80.2403335571,51512,51522,10
13.0068998337,80.2395019531,51522,51532,10
13.0070295334,80.2387619019,51532,51542,10
13.0072002411,80.237953186,51542,51552,10
13.007349968,80.2372665405,51552,51562,10
13.0074596405,80.2367324829,51562,51572,10
13.0075998306,80.2361373901,51572,51582,10
13.0077199936,80.2355422974,51582,51592,10
13.0078001022,80.235168457,51592,51603,11
13.0079402924,80.2344894409,51603,51613,10
13.0081300735,80.2335128784,51613,51623,10
13.0083503723,80.2323608398,51623,51633,10
13.0086097717,80.2311325073,51633,51643,10
13.0088596344,80.2298812866,51643,51654,11
13.0090503693,80.2288970947,51654,51664,10
13.0095596313,80.2274169922,51664,51674,10
13.0100297928,80.2263870239,51674,51684,10
13.0104904175,80.2255020142,51684,51695,11
13.0108604431,80.2245483398,51695,51705,10
13.0112199783,80.2236862183,51705,51715,10
13.0115203857,80.2229385376,51715,51724,9
13.0117397308,80.2221984863,51724,51735,11
13.0121498108,80.221496582,51735,51745,10
13.0123796463,80.2216491699,51745,51755,10
13.0128002167,80.2221679688,51755,51765,10
13.013420105,80.2227935791,51765,51775,10
13.0139398575,80.2234573364,51775,51785,10
13.0143604279,80.2239227295,51785,51796,11
13.014840126,80.2243881226,51796,51806,10
13.0151596069,80.2247390747,51806,51816,10
13.0153398514,80.2248382568,51816,51826,10
13.0155096054,80.2250213623,51826,51836,10
13.0160799026,80.2252883911,51836,51846,10
13.0168895721,80.225151062,51846,51856,10
13.017829895,80.2247772217,51856,51866,10
13.0187797546,80.2244110107,51866,51876,10
13.0194597244,80.224357605,51876,51887,11
13.0195798874,80.2244110107,51887,51897,10
13.0196304321,80.2245101929,51897,51907,10
13.0199203491,80.2247314453,51907,51917,10
13.0205001831,80.2251434326,51917,51927,10
13.0210895538,80.2255477905,51927,51937,10
13.0216999054,80.226020813,51937,51947,10
13.0222797394,80.2264862061,51947,51957,10
13.0229101181,80.2270431519,51957,51967,10
13.0234298706,80.2275085449,51967,51978,11
13.024020195,80.2280502319,51978,52018,40
13.024020195,80.2280502319,52018,52028,10
13.0242795944,80.2284088135,52028,52038,10
13.0242004395,80.2285766602,52038,52048,10
13.0238704681,80.2281723022,52048,52058,10
13.0233602524,80.2276306152,52058,52534,476
13.0233602524,80.2276306152,52534,52544,10
13.0233001709,80.2274017334,52544,52554,10
13.0229902267,80.2270889282,52554,52564,10
13.0225296021,80.2266769409,52564,52574,10
13.0219497681,80.2261962891,52574,52584,10
13.0213403702,80.2257385254,52584,52594,10
13.0207099915,80.2252502441,52594,52604,10
13.0204401016,80.2250976563,52604,52615,11
13.0200996399,80.2248764038,52615,52625,10
13.0198602676,80.2247314453,52625,52635,10
13.0194301605,80.2245101929,52635,52645,10
13.0186901093,80.2245178223,52645,52655,10
13.0178604126,80.2248687744,52655,52665,10
13.0169801712,80.2252426147,52665,52675,10
13.0162696838,80.2255172729,52675,52685,10
13.0155696869,80.2257537842,52685,52695,10
13.0151100159,80.2259597778,52695,52705,10
13.0145998001,80.2261505127,52705,52716,11
13.0141496658,80.226348877,52716,52726,10
13.0141096115,80.2263565063,52726,52736,10
13.01404953,80.2264022827,52736,52746,10
13.0136804581,80.2265319824,52746,52756,10
13.0132799149,80.2266921997,52756,52766,10
13.012720108,80.2268829346,52766,52776,10
13.0119400024,80.2272033691,52776,52786,10
13.0110397339,80.2275619507,52786,52796,10
13.0101995468,80.227897644,52796,52807,11
13.0094299316,80.2282409668,52807,52817,10
13.0091495514,80.2288208008,52817,52827,10
13.0089597702,80.2296600342,52827,52837,10
13.008769989,80.2305908203,52837,52847,10
13.0086402893,80.2313690186,52847,52857,10
13.0084896088,80.2321090698,52857,52867,10
13.0083198547,80.2331771851,52867,52877,10
13.0082502365,80.2336578369,52877,52887,10
13.0082397461,80.2336730957,52887,52898,11
13.0081501007,80.2339477539,52898,52908,10
13.0080900192,80.2342605591,52908,52918,10
13.0080003738,80.2347412109,52918,52928,10
13.007900238,80.2352828979,52928,52938,10
13.0077400208,80.236038208,52938,52948,10
13.0075502396,80.2369308472,52948,52958,10
13.007349968,80.2379074097,52958,52968,10
13.0072202682,80.2387237549,52968,52978,10
13.0070800781,80.2393798828,52978,52989,11
13.006939888,80.2400894165,52989,52999,10
13.0068998337,80.240562439,52999,53009,10
13.0068798065,80.2406921387,53009,53019,10
13.0068101883,80.2409973145,53019,53029,10
13.0067300797,80.2418670654,53029,53039,10
13.0067100525,80.2429199219,53039,53049,10
13.0066900253,80.2437515259,53049,53059,10
13.0066995621,80.2446517944,53059,53069,10
13.0066900253,80.2454528809,53069,53080,11
13.0067396164,80.2462997437,53080,53090,10
13.0067596436,80.2468185425,53090,53100,10
13.0066604614,80.2473373413,53100,53110,10
13.0061302185,80.2473983765,53110,53120,10
13.0060901642,80.2473983765,53120,53130,10
13.0058002472,80.2473526001,53130,53140,10
13.0051403046,80.2473297119,53140,53150,10
13.0041399002,80.2473983765,53150,53160,10
13.0030097961,80.2475814819,53160,53171,11
13.0017404556,80.2478790283,53171,53181,10
13.0005197525,80.2481918335,53181,53191,10
12.9992704391,80.2485122681,53191,53201,10
12.9981203079,80.2488098145,53201,53211,10
12.9977798462,80.2488708496,53211,53221,10
12.9972600937,80.2489776611,53221,53231,10
12.9963798523,80.2491607666,53231,53241,10
12.9953699112,80.2494277954,53241,53251,10
12.9943199158,80.2497329712,53251,53262,11
12.9931402206,80.2500534058,53262,53272,10
12.9920301437,80.250328064,53272,53282,10
12.9911499023,80.250579834,53282,53292,10
12.9910802841,80.250617981,53292,53302,10
12.9906101227,80.2507019043,53302,53312,10
12.9898796082,80.2508621216,53312,53322,10
12.9894504547,80.2509307861,53322,53332,10
12.9892101288,80.2509536743,53332,53342,10
12.9886903763,80.251121521,53342,53353,11
12.9879999161,80.2512893677,53353,53363,10
12.9875602722,80.2514190674,53363,53373,10
12.9872503281,80.2515182495,53373,53383,10
12.9870595932,80.2515869141,53383,53393,10
12.9868001938,80.2516784668,53393,53403,10
12.9866800308,80.2517166138,53403,53413,10
12.9866199493,80.2517471313,53413,53423,10
12.9863395691,80.2518463135,53423,53433,10
12.9856300354,80.2520217896,53433,53443,10
12.9845399857,80.2523117065,53443,53454,11
12.9834899902,80.252571106,53454,53464,10
12.9823799133,80.2526931763,53464,53474,10
12.9812898636,80.2527236938,53474,53483,9
12.9804096222,80.2527694702,53483,53494,11
12.9793395996,80.2527084351,53494,53504,10
12.9786396027,80.2526092529,53504,53514,10
12.9785299301,80.252571106,53514,53524,10
12.9782304764,80.2523727417,53524,53534,10
12.9776802063,80.2518386841,53534,53545,11
12.9767198563,80.2512817383,53545,53555,10
12.9756803513,80.2509918213,53555,53565,10
12.9746398926,80.2507019043,53565,53575,10
12.9735898972,80.2504196167,53575,53585,10
12.9724702835,80.2500991821,53585,53595,10
12.9713697433,80.2498016357,53595,53605,10
12.9702701569,80.2494812012,53605,53615,10
12.9692201614,80.2490615845,53615,53625,10
12.9681596756,80.2486724854,53625,53636,11
12.967089653,80.2481994629,53636,53646,10
12.9662303925,80.2478027344,53646,53656,10
12.9653596878,80.2474594116,53656,53666,10
12.9649896622,80.2473602295,53666,53676,10
12.9649496078,80.2473602295,53676,53686,10
12.964509964,80.2471618652,53686,53696,10
12.9639501572,80.246963501,53696,53706,10
12.9635801315,80.2468414307,53706,53716,10
12.9630804062,80.2465515137,53716,53727,11
12.9622898102,80.2461471558,53727,53737,10
12.9615402222,80.2457809448,53737,53747,10
12.9607601166,80.2454223633,53747,53757,10
12.959980011,80.2450637817,53757,53767,10
12.9593801498,80.2448196411,53767,53777,10
12.959280014,80.244758606,53777,53787,10
12.958820343,80.2445373535,53787,53797,10
12.9580602646,80.2442092896,53797,53807,10
12.9568395615,80.2437973022,53807,53898,91
12.9564800262,80.2436676025,53898,53979,81
12.9564800262,80.2436676025,53979,53989,10
12.9562101364,80.243560791,53989,54000,11
12.9555196762,80.2432098389,54000,54010,10
12.9546804428,80.2428207397,54010,54020,10
12.9538297653,80.242477417,54020,54030,10
12.9528799057,80.2420883179,54030,54040,10
12.9519195557,80.2417221069,54040,54050,10
12.9515800476,80.2416229248,54050,54060,10
12.9515104294,80.2415771484,54060,54070,10
12.9514102936,80.2415390015,54070,54080,10
12.9509000778,80.2413711548,54080,54090,10
12.9500999451,80.2411422729,54090,54101,11
12.9493503571,80.2409210205,54101,54111,10
12.9492998123,80.2409133911,54111,54121,10
12.9491100311,80.2408370972,54121,54131,10
12.948679924,80.2406616211,54131,54151,20
12.948679924,80.2406616211,54151,54161,10
12.9482097626,80.2404632568,54161,54171,10
12.9475803375,80.240196228,54171,54181,10
12.9471197128,80.240020752,54181,54192,11
12.9470596313,80.2399978638,54192,54202,10
12.9465799332,80.2397994995,54202,54212,10
12.945810318,80.2394638062,54212,54222,10
12.9449396133,80.2388534546,54222,54232,10
12.9441404343,80.2379608154,54232,54242,10
12.9433202744,80.2370681763,54242,54252,10
12.94231987,80.2364196777,54252,54262,10
12.941160202,80.2361221313,54262,54272,10
12.940079689,80.2358703613,54272,54283,11
12.9396400452,80.2357025146,54283,54293,10
12.9395704269,80.2356567383,54293,54303,10
12.9391002655,80.2354431152,54303,54313,10
12.9383497238,80.2350387573,54313,54323,10
12.9374198914,80.234588623,54323,54333,10
12.9364700317,80.23412323,54333,54343,10
12.9355602264,80.2336883545,54343,54353,10
12.9345598221,80.2332305908,54353,54363,10
12.9338197708,80.2329025269,54363,54374,11
12.9337396622,80.2328720093,54374,54384,10
12.9335002899,80.2327804565,54384,54394,10
12.9328804016,80.2324981689,54394,54404,10
12.9319696426,80.2321624756,54404,54414,10
12.9308795929,80.2318191528,54414,54424,10
12.9297599792,80.2315216064,54424,54434,10
12.9288301468,80.2313308716,54434,54444,10
12.9282398224,80.2312316895,54444,54454,10
12.9273004532,80.2311172485,54454,54465,11
12.9262199402,80.2310028076,54465,54475,10
12.9260396957,80.23097229,54475,54485,10
12.9258804321,80.2309417725,54485,54495,10
12.9252796173,80.2308502197,54495,54505,10
12.9244098663,80.2307510376,54505,54515,10
12.9233999252,80.2306213379,54515,54525,10
12.9223003387,80.23046875,54525,54535,10
12.9211997986,80.2303009033,54535,54545,10
12.9202003479,80.230178833,54545,54556,11
12.9189596176,80.2300186157,54556,54566,10
12.9177799225,80.2298812866,54566,54576,10
12.9166002274,80.2297134399,54576,54586,10
12.9153404236,80.2295608521,54586,54596,10
12.9141902924,80.2293930054,54596,54606,10
12.9133796692,80.229309082,54606,54616,10
12.9132204056,80.2292785645,54616,54626,10
12.9129800797,80.2292098999,54626,54636,10
12.9122800827,80.2291030884,54636,54647,11
12.9111604691,80.2289505005,54647,54657,10
12.9099903107,80.228767395,54657,54667,10
12.9087600708,80.2285919189,54667,54677,10
12.9076499939,80.2284164429,54677,54687,10
12.9071702957,80.2283477783,54687,54697,10
12.9071598053,80.2283477783,54697,54707,10
12.9070396423,80.2283401489,54707,54717,10
12.9065904617,80.2282791138,54717,54727,10
12.9061603546,80.2282409668,54727,54738,11
12.9057798386,80.2282333374,54738,54748,10
12.9049797058,80.2281570435,54748,54758,10
12.903960228,80.2281112671,54758,54768,10
12.9029798508,80.2280578613,54768,54778,10
12.9020004272,80.2280197144,54778,54788,10
12.9013700485,80.2280197144,54788,54828,40
12.9013700485,80.2280197144,54828,54839,11
12.9010295868,80.2279586792,54839,54849,10
12.9004898071,80.227897644,54849,54859,10
12.8998003006,80.2278823853,54859,54869,10
12.8992595673,80.2278671265,54869,54879,10
12.8992395401,80.2278671265,54879,54889,10
12.8988304138,80.2278671265,54889,54899,10
12.8980197906,80.2277908325,54899,54909,10
12.8971099854,80.2277374268,54909,54919,10
12.8960199356,80.2276992798,54919,54930,11
12.8948802948,80.2276611328,54930,54940,10
12.893819809,80.2275924683,54940,54950,10
12.8929300308,80.2274932861,54950,54960,10
12.8924303055,80.2274169922,54960,54970,10
12.8917598724,80.2274017334,54970,54980,10
12.8907203674,80.2273788452,54980,54990,10
12.8894996643,80.2273788452,54990,55000,10
12.8883199692,80.2273483276,55000,55010,10
12.8870697021,80.2272109985,55010,55021,11
12.8858003616,80.2269134521,55021,55031,10
12.8850297928,80.2267684937,55031,55041,10
12.8849496841,80.2267684937,55041,55051,10
12.8844299316,80.2267532349,55051,55061,10
12.8835096359,80.2267303467,55061,55071,10
12.8822898865,80.2267379761,55071,55081,10
12.880900383,80.2267379761,55081,55091,10
12.87940979,80.2267684937,55091,55101,10
12.8779602051,80.2268676758,55101,55112,11
12.8767299652,80.2269821167,55112,55122,10
12.8764400482,80.2269973755,55122,55132,10
12.8760900497,80.2270126343,55132,55142,10
12.8753099442,80.2269668579,55142,55152,10
12.8742198944,80.2268371582,55152,55162,10
12.8731098175,80.2267532349,55162,55172,10
12.8726396561,80.2267379761,55172,55182,10
12.8725204468,80.2267379761,55182,55192,10
12.8719301224,80.2267227173,55192,55203,11
12.870880127,80.2266769409,55203,55213,10
12.8698101044,80.2265625,55213,55223,10
12.8687095642,80.2264328003,55223,55233,10
12.8675498962,80.2264480591,55233,55243,10
12.866350174,80.2265701294,55243,55253,10
12.8651399612,80.2266082764,55253,55263,10
12.8638601303,80.2265625,55263,55273,10
12.8626003265,80.2265625,55273,55283,10
12.8614397049,80.2266311646,55283,55294,11
12.8609399796,80.2266235352,55294,55304,10
12.860619545,80.2265777588,55304,55314,10
12.8598403931,80.2264709473,55314,55324,10
12.8589096069,80.2263412476,55324,55334,10
12.8578195572,80.2262496948,55334,55344,10
12.8565998077,80.226348877,55344,55354,10
12.8552799225,80.2264862061,55354,55364,10
12.8538799286,80.2266387939,55364,55374,10
12.8524799347,80.2267227173,55374,55385,11
12.8511199951,80.2266693115,55385,55395,10
12.8503599167,80.2266311646,55395,55405,10
12.8501501083,80.2266082764,55405,55415,10
12.8494701385,80.226600647,55415,55425,10
12.8484802246,80.2266082764,55425,55435,10
12.8474798203,80.2266082764,55435,55445,10
12.8464698792,80.2266235352,55445,55455,10
12.8459997177,80.2266311646,55455,55465,10
12.8457603455,80.2266235352,55465,55475,10
12.8452997208,80.2266235352,55475,55486,11
12.8452596664,80.2266082764,55486,55496,10
12.8448095322,80.2266311646,55496,55506,10
12.8439998627,80.2266693115,55506,55516,10
12.8429403305,80.2268295288,55516,55526,10
12.8418302536,80.2270736694,55526,55536,10
12.840760231,80.2273635864,55536,55546,10
12.8400602341,80.2275924683,55546,55556,10
12.8396902084,80.2277832031,55556,55566,10
12.839679718,80.2277832031,55566,55577,11
12.83934021,80.2278823853,55577,55587,10
12.838640213,80.2279891968,55587,55597,10
12.8376502991,80.2282028198,55597,55607,10
12.8366098404,80.2284011841,55607,55617,10
12.8354797363,80.2285614014,55617,55627,10
12.8343400955,80.2287521362,55627,55637,10
12.8332195282,80.2289505005,55637,55647,10
12.8323402405,80.2291183472,55647,55657,10
12.8321695328,80.2291564941,55657,55668,11
12.8320398331,80.2292022705,55668,55678,10
12.8314695358,80.229309082,55678,55688,10
12.8305397034,80.2296218872,55688,55698,10
12.8293600082,80.2300567627,55698,55708,10
12.8285598755,80.2304077148,55708,55718,10
12.8282499313,80.2306137085,55718,55728,10
12.8275203705,80.2310409546,55728,55738,10
12.8264398575,80.2313613892,55738,55748,10
12.8251800537,80.2314224243,55748,55759,11
12.8238601685,80.2312011719,55759,55769,10
12.8226203918,80.2308120728,55769,55779,10
12.8212995529,80.2304992676,55779,55790,11
12.8200397491,80.230506897,55790,55800,10
12.8189601898,80.2305297852,55800,55810,10
12.818860054,80.230506897,55810,55820,10
12.8184499741,80.2303009033,55820,55831,11
12.817609787,80.2298965454,55831,55840,9
12.8164901733,80.2295227051,55840,55852,12
12.8149595261,80.2293014526,55852,55862,10
12.8137102127,80.2290420532,55862,55872,10
12.8127698898,80.228729248,55872,55882,10
12.8116197586,80.2283172607,55882,55892,10
12.8106498718,80.2279434204,55892,55902,10
12.8099498749,80.2276382446,55902,55912,10
12.8090896606,80.2271881104,55912,55922,10
12.8082199097,80.2265014648,55922,55932,10
12.8072900772,80.2257003784,55932,55943,11
12.8063898087,80.224899292,55943,55953,10
12.8056097031,80.2242431641,55953,55963,10
12.8049402237,80.2239990234,55963,55973,10
12.8048801422,80.2239837646,55973,55983,10
12.8044996262,80.2239227295,55983,55993,10
12.8037204742,80.2238616943,55993,56003,10
12.8027496338,80.2237625122,56003,56013,10
12.8016796112,80.2236404419,56013,56023,10
12.8005895615,80.2235412598,56023,56034,11
12.7993803024,80.2234573364,56034,56044,10
12.7985401154,80.2233276367,56044,56054,10
12.797369957,80.223197937,56054,56064,10
12.7962503433,80.2230072021,56064,56074,10
12.795920372,80.2229537964,56074,56084,10
12.7954702377,80.222869873,56084,56094,10
12.794549942,80.2227020264,56094,56104,10
12.7933998108,80.2225189209,56104,56114,10
12.79226017,80.2223434448,56114,56125,11
12.7910699844,80.2220535278,56125,56135,10
12.7900400162,80.2218017578,56135,56145,10
12.7893400192,80.2215805054,56145,56155,10
12.7885398865,80.2212600708,56155,56165,10
12.7877502441,80.2209396362,56165,56175,10
12.78703022,80.2206802368,56175,56195,20
12.78703022,80.2206802368,56195,56205,10
12.7867002487,80.2205429077,56205,56246,41
12.7867002487,80.2205429077,56246,56256,10
12.7865400314,80.220489502,56256,56266,10
12.7863798141,80.2204284668,56266,56276,10
12.7861700058,80.2204818726,56276,56286,10
12.7862195969,80.2209701538,56286,56296,10
12.7862195969,80.2212219238,56296,56306,10
12.7861995697,80.2217636108,56306,56357,51
12.7861995697,80.2217636108,56357,56367,10
12.7862501144,80.2220993042,56367,56377,10
12.7863101959,80.2222213745,56377,57793,1416
12.7863101959,80.2222213745,57793,57803,10
12.7862997055,80.2218933105,57803,57813,10
12.7862701416,80.2217407227,57813,57823,10
12.786239624,80.2213973999,57823,57833,10
12.7862100601,80.221031189,57833,57843,10
12.786190033,80.2208099365,57843,57853,10
12.7861700058,80.2205200195,57853,57864,11
12.7862796783,80.2203598022,57864,57874,10
12.78647995,80.2204589844,57874,57884,10
12.7866401672,80.2205123901,57884,57894,10
12.7867803574,80.2205810547,57894,57904,10
12.7870502472,80.2206268311,57904,57914,10
12.787229538,80.2207107544,57914,57924,10
12.7874698639,80.2208328247,57924,57934,10
12.7877998352,80.2209014893,57934,57944,10
12.7882499695,80.2210617065,57944,57955,11
12.7889204025,80.2213668823,57955,57965,10
12.7894496918,80.2215881348,57965,57975,10
12.7897195816,80.2216796875,57975,57985,10
12.7903699875,80.2218399048,57985,57995,10
12.7913103104,80.2221374512,57995,58005,10
12.7924003601,80.2224197388,58005,58015,10
12.7934703827,80.2225494385,58015,58025,10
12.7945203781,80.2226791382,58025,58035,10
12.7955198288,80.2228469849,58035,58046,11
12.7963600159,80.2229919434,58046,58066,20
12.7963600159,80.2229919434,58066,58076,10
12.7965097427,80.2229995728,58076,58086,10
12.7969799042,80.2230987549,58086,58096,10
12.7976503372,80.2232131958,58096,58106,10
12.7984104156,80.2232818604,58106,58116,10
12.7991800308,80.2233581543,58116,58126,10
12.7999601364,80.2234420776,58126,58137,11
12.800860405,80.2235107422,58137,58147,10
12.8013601303,80.2235565186,58147,58167,20
12.8013601303,80.2235565186,58167,58177,10
12.8017597198,80.2236480713,58177,58187,10
12.8022403717,80.2237167358,58187,58197,10
12.8028297424,80.2238235474,58197,58207,10
12.8033800125,80.2238464355,58207,58217,10
12.8040599823,80.2238998413,58217,58228,11
12.804690361,80.2237625122,58228,58238,10
12.8054704666,80.2240982056,58238,58258,20
12.8054704666,80.2240982056,58258,58268,10
12.8056201935,80.2241973877,58268,58278,10
12.8059797287,80.2245025635,58278,58288,10
12.8065795898,80.2249832153,58288,58298,10
12.8072004318,80.2255172729,58298,58308,10
12.8078699112,80.2260971069,58308,58318,10
12.8085899353,80.2267227173,58318,58329,11
12.8094100952,80.2273406982,58329,58339,10
12.8102197647,80.2277526855,58339,58349,10
12.8110799789,80.2281036377,58349,58359,10
12.8120098114,80.2284393311,58359,58369,10
12.8129796982,80.2287979126,58369,58379,10
12.8139200211,80.2291030884,58379,58389,10
12.8148698807,80.2293014526,58389,58399,10
12.8158502579,80.2294616699,58399,58409,10
12.8168296814,80.2296066284,58409,58420,11
12.8178396225,80.2299804688,58420,58430,10
12.8186798096,80.2303314209,58430,58440,10
12.8194904327,80.2304382324,58440,58450,10
12.8197603226,80.2304534912,58450,58460,10
12.819849968,80.2304382324,58460,58470,10
12.8203496933,80.2304382324,58470,58480,10
12.821149826,80.2304534912,58480,58490,10
12.8220596313,80.2305908203,58490,58500,10
12.8229799271,80.2308578491,58500,58511,11
12.8239898682,80.2311325073,58511,58521,10
12.8247995377,80.2313232422,58521,58531,10
12.8260602951,80.2313919067,58531,58551,20
12.8260602951,80.2313919067,58551,58561,10
12.8262500763,80.2313613892,58561,58571,10
12.8267297745,80.2312469482,58571,58581,10
12.827460289,80.2310028076,58581,58591,10
12.82833004,80.2305374146,58591,58602,11
12.82929039,80.2300796509,58602,58612,10
12.8301401138,80.2297668457,58612,58622,10
12.8310899734,80.2294006348,58622,58662,40
12.8310899734,80.2294006348,58662,58672,10
12.831410408,80.2292861938,58672,58682,10
12.831609726,80.2292404175,58682,58693,11
12.8319196701,80.2291412354,58693,58703,10
12.8324699402,80.2289962769,58703,58713,10
12.8331804276,80.2288589478,58713,58723,10
12.8340396881,80.2287216187,58723,58733,10
12.8350000381,80.2285614014,58733,58743,10
12.8359603882,80.2284011841,58743,58753,10
12.8368902206,80.2282714844,58753,58763,10
12.8377895355,80.2281112671,58763,58773,10
12.8386497498,80.2279205322,58773,58784,11
12.8392896652,80.2277832031,58784,58794,10
12.8394899368,80.2277374268,58794,58804,10
12.8395900726,80.2277374268,58804,58814,10
12.8399000168,80.2276306152,58814,58824,10
12.8404998779,80.2274703979,58824,58834,10
12.8411903381,80.2272567749,58834,58844,10
12.8419599533,80.2270278931,58844,58854,10
12.8428297043,80.2268218994,58854,58864,10
12.8437595367,80.2266693115,58864,58875,11
12.84471035,80.2265777588,58875,58885,10
12.8454399109,80.2265167236,58885,58915,30
12.8454399109,80.2265167236,58915,58925,10
12.8457202911,80.2265396118,58925,58935,10
12.8462200165,80.2265472412,58935,58945,10
12.8470602036,80.2265625,58945,58955,10
12.8479995728,80.2265625,58955,58965,10
12.8490495682,80.2265319824,58965,58976,11
12.8499498367,80.2265319824,58976,58996,20
12.8499498367,80.2265319824,58996,59006,10
12.8502902985,80.2265396118,59006,59016,10
12.850859642,80.2265625,59016,59026,10
12.8516302109,80.226600647,59026,59036,10
12.8524503708,80.2266616821,59036,59046,10
12.8531999588,80.2266693115,59046,59056,10
12.8541002274,80.2265777588,59056,59067,11
12.8551597595,80.2264328003,59067,59077,10
12.8561296463,80.2263183594,59077,59087,10
12.8570699692,80.2261962891,59087,59097,10
12.8580198288,80.2261505127,59097,59107,10
12.859000206,80.2262268066,59107,59117,10
12.8600196838,80.2264022827,59117,59127,10
12.8607797623,80.2265167236,59127,59137,10
12.8608703613,80.2265472412,59137,59147,10
12.8609800339,80.2266235352,59147,59158,11
12.8615102768,80.2265625,59158,59168,10
12.8623695374,80.2265167236,59168,59178,10
12.8633403778,80.2265014648,59178,59188,10
12.8644304276,80.2265701294,59188,59198,10
12.8655500412,80.2266082764,59198,59208,10
12.8665704727,80.2265090942,59208,59218,10
12.8676395416,80.2263870239,59218,59228,10
12.8687000275,80.2263565063,59228,59238,10
12.8697795868,80.2264709473,59238,59249,11
12.8709602356,80.226600647,59249,59259,10
12.8719902039,80.2266693115,59259,59269,10
12.8728103638,80.2266769409,59269,59279,10
12.872879982,80.2266769409,59279,59289,10
12.8730201721,80.2267303467,59289,59299,10
12.8733797073,80.2267532349,59299,59309,10
12.8740901947,80.2267913818,59309,59319,10
12.875,80.2268981934,59319,59328,9
12.8758897781,80.2269821167,59328,59340,12
12.8766899109,80.2269287109,59340,59350,10
12.8767204285,80.2269287109,59350,59360,10
12.8768396378,80.2268600464,59360,59370,10
12.8774003983,80.2268371582,59370,59380,10
12.8782501221,80.2267608643,59380,59390,10
12.8792800903,80.2267227173,59390,59400,10
12.8801403046,80.2266998291,59400,59410,10
12.8813896179,80.2266769409,59410,59420,10
12.8824996948,80.2266921997,59420,59431,11
12.8837499619,80.2266693115,59431,59441,10
12.88463974,80.2266464233,59441,59451,10
12.8851299286,80.2266693115,59451,59461,10
12.8853597641,80.2266998291,59461,59471,10
12.8853902817,80.2266998291,59471,59481,10
12.8857603073,80.2267837524,59481,59491,10
12.8864002228,80.2269668579,59491,59501,10
12.8872299194,80.2271728516,59501,59511,10
12.888130188,80.2272872925,59511,59521,10
12.8890895844,80.2273178101,59521,59532,11
12.8901996613,80.2273101807,59532,59542,10
12.8912200928,80.2273025513,59542,59552,10
12.8922395706,80.2273330688,59552,59562,10
12.8932104111,80.227432251,59562,59572,10
12.8943099976,80.2275695801,59572,59582,10
12.8954296112,80.2276535034,59582,59592,10
12.8965702057,80.2276763916,59592,59602,10
12.8977203369,80.2277374268,59602,59612,10
12.8988599777,80.2278137207,59612,59623,11
12.8998298645,80.2278594971,59623,59633,10
12.9001502991,80.2278671265,59633,59693,60
12.9001502991,80.2278671265,59693,59703,10
12.9003801346,80.2279205322,59703,59714,11
12.9007997513,80.2279434204,59714,59724,10
12.9012203217,80.2279663086,59724,59733,9
12.9015102386,80.228012085,59733,59744,11
12.9020700455,80.2280273438,59744,59754,10
12.9024200439,80.2280273438,59754,59764,10
12.9026002884,80.2280502319,59764,59774,10
12.9026098251,80.2280502319,59774,59784,10
12.9029798508,80.2280502319,59784,59794,10
12.9034700394,80.2280578613,59794,59805,11
12.9041204453,80.2281112671,59805,59815,10
12.9048995972,80.2281723022,59815,59825,10
12.9057502747,80.2282180786,59825,59835,10
12.9069004059,80.2282562256,59835,59855,20
12.9069004059,80.2282562256,59855,59865,10
12.9071903229,80.2283172607,59865,59875,10
12.9078598022,80.2284317017,59875,59885,10
12.9088802338,80.2285919189,59885,59896,11
12.910200119,80.2287826538,59896,59906,10
12.9113903046,80.2289733887,59906,59916,10
12.9125299454,80.2291183472,59916,59926,10
12.9135503769,80.2292327881,59926,59936,10
12.9139003754,80.2292785645,59936,59946,10
12.9139404297,80.2292785645,59946,59956,10
12.9143295288,80.2293624878,59956,59966,10
12.9149398804,80.2294616699,59966,59976,10
12.9158296585,80.2295913696,59976,59987,11
12.9168996811,80.2297363281,59987,59997,10
12.9176397324,80.2298431396,59997,60007,10
12.9183797836,80.2299118042,60007,60017,10
12.9191102982,80.2300415039,60017,60027,10
12.9198999405,80.2301483154,60027,60037,10
12.9208803177,80.2302322388,60037,60047,10
12.9219102859,80.2303695679,60047,60057,10
12.9229402542,80.2305374146,60057,60067,10
12.9239597321,80.230682373,60067,60078,11
12.9250402451,80.2308197021,60078,60088,10
12.9259500504,80.2308883667,60088,60098,10
12.9263696671,80.2309494019,60098,60108,10
12.9264802933,80.2309799194,60108,60118,10
12.9270200729,80.2310409546,60118,60128,10
12.9278297424,80.2311172485,60128,60138,10
12.928560257,80.2312164307,60138,60148,10
12.9287004471,80.2312393188,60148,60158,10
12.9288702011,80.2312927246,60158,60169,11
12.9294595718,80.2314071655,60169,60179,10
12.9302301407,80.2315826416,60179,60189,10
12.9311304092,80.2318496704,60189,60199,10
12.9319801331,80.2321395874,60199,60209,10
12.9329099655,80.2324371338,60209,60219,10
12.9335803986,80.2327194214,60219,60229,10
12.9337100983,80.2327804565,60229,60239,10
12.9338998795,80.2328720093,60239,60270,31
12.9338998795,80.2328720093,60270,60280,10
12.9341602325,80.233001709,60280,60290,10
12.9345302582,80.2331619263,60290,60300,10
12.9347000122,80.233253479,60300,60320,20
12.9347000122,80.233253479,60320,60330,10
12.9349403381,80.2333602905,60330,60340,10
12.9353399277,80.2335586548,60340,60350,10
12.9358596802,80.2338027954,60350,60361,11
12.9365196228,80.2341079712,60361,60371,10
12.9368495941,80.2342605591,60371,60381,10
12.9372196198,80.2344512939,60381,60391,10
12.9378700256,80.2347564697,60391,60401,10
12.9386997223,80.2351608276,60401,60411,10
12.9394302368,80.2355422974,60411,60421,10
12.939740181,80.2356567383,60421,60431,10
12.9398403168,80.2357025146,60431,60441,10
12.9403800964,80.2359008789,60441,60452,11
12.9412202835,80.2361373901,60452,60462,10
12.942150116,80.2363586426,60462,60472,10
12.9430303574,80.2367324829,60472,60482,10
12.9437503815,80.2373809814,60482,60492,10
12.9444103241,80.2380981445,60492,60502,10
12.945110321,80.2388687134,60502,60512,10
12.9459400177,80.239440918,60512,60522,10
12.9467496872,80.2398071289,60522,60532,10
12.9472799301,80.2400512695,60532,60543,11
12.9475002289,80.2401123047,60543,60553,10
12.9476099014,80.2401428223,60553,60563,10
12.9480800629,80.2403335571,60563,60573,10
12.9487199783,80.2406005859,60573,60583,10
12.9494600296,80.2409210205,60583,60593,10
12.9502401352,80.2411575317,60593,60603,10
12.9509000778,80.2413864136,60603,60613,10
12.951379776,80.2415084839,60613,60623,10
12.9517202377,80.241607666,60623,60634,11
12.9520998001,80.2417221069,60634,60644,10
12.9527397156,80.2419586182,60644,60654,10
12.953669548,80.2423400879,60654,60664,10
12.9545001984,80.2426834106,60664,60674,10
12.9554195404,80.2430419922,60674,60725,51
12.9554195404,80.2430419922,60725,60735,10
12.9557104111,80.2431716919,60735,60765,30
12.9557104111,80.2431716919,60765,60775,10
12.9560098648,80.2432785034,60775,60785,10
12.9560203552,80.2432937622,60785,60795,10
12.9562196732,80.2433624268,60795,60856,61
12.9562196732,80.2433624268,60856,60866,10
12.9567203522,80.2435684204,60866,60876,10
12.957449913,80.2438583374,60876,60886,10
12.9582901001,80.2442092896,60886,60896,10
12.9589195251,80.244430542,60896,60906,10
12.9589796066,80.2444763184,60906,60917,11
12.9593000412,80.2446517944,60917,60927,10
12.9599504471,80.2449417114,60927,60937,10
12.9608001709,80.2453308105,60937,60947,10
12.9617004395,80.2457580566,60947,60957,10
12.9625396729,80.2461700439,60957,60967,10
12.9632196426,80.2465591431,60967,61018,51
12.9632196426,80.2465591431,61018,61028,10
12.9633302689,80.2465896606,61028,61038,10
12.9636898041,80.2467498779,61038,61048,10
12.9644498825,80.2470474243,61048,61058,10
12.9653100967,80.2473220825,61058,61068,10
12.9661998749,80.2476577759,61068,61078,10
12.966799736,80.2478866577,61078,61088,10
12.966919899,80.2479629517,61088,61099,11
12.9670600891,80.2480621338,61099,61109,10
12.9673995972,80.2482223511,61109,61119,10
12.9681396484,80.2485275269,61119,61129,10
12.9691200256,80.248916626,61129,61139,10
12.9701299667,80.2493515015,61139,61149,10
12.9711103439,80.2497177124,61149,61159,10
12.9721403122,80.25,61159,61169,10
12.9731397629,80.2502670288,61169,61179,10
12.9740400314,80.2504806519,61179,61190,11
12.9750404358,80.2507781982,61190,61200,10
12.9759902954,80.2510223389,61200,61210,10
12.9769601822,80.2512969971,61210,61220,10
12.9777803421,80.2517623901,61220,61230,10
12.9783802032,80.2522277832,61230,61240,10
12.9784803391,80.2523117065,61240,61250,10
12.978890419,80.2525024414,61250,61260,10
12.979590416,80.2526016235,61260,61291,31
12.979590416,80.2526016235,61291,61301,10
12.9798402786,80.2526626587,61301,61311,10
12.980340004,80.2526702881,61311,61321,10
12.9809303284,80.2526397705,61321,61331,10
12.9817495346,80.2526168823,61331,61341,10
12.9827404022,80.2525787354,61341,61351,10
12.9837799072,80.2524490356,61351,61361,10
12.9847202301,80.2521820068,61361,61372,11
12.9857501984,80.2518768311,61372,61412,40
12.9857501984,80.2518768311,61412,61422,10
12.9860801697,80.2517776489,61422,61432,10
12.9864902496,80.2516937256,61432,61442,10
12.9871301651,80.2515182495,61442,61452,10
12.987739563,80.2513427734,61452,61462,10
12.9884595871,80.251159668,61462,61473,11
12.9893398285,80.2509307861,61473,61483,10
12.9895401001,80.2508773804,61483,61493,10
12.9896202087,80.2508773804,61493,61502,9
12.9900503159,80.2507781982,61502,61513,11
12.9908800125,80.2505874634,61513,61523,10
12.9918203354,80.2503585815,61523,61533,10
12.992770195,80.2501220703,61533,61543,10
12.9938001633,80.2498626709,61543,61553,10
12.9948501587,80.2496109009,61553,61564,11
12.9959697723,80.2493362427,61564,61574,10
12.9968900681,80.2490692139,61574,61584,10
12.9970903397,80.2490234375,61584,61594,10
12.9974603653,80.248916626,61594,61604,10
12.9981899261,80.2487411499,61604,61614,10
12.999130249,80.2485198975,61614,61624,10
13.0000696182,80.2482681274,61624,61634,10
13.0009698868,80.2480621338,61634,61644,10
13.0018396378,80.2478485107,61644,61655,11
13.0027198792,80.2476425171,61655,61665,10
13.0036802292,80.247467041,61665,61675,10
13.004650116,80.2473526001,61675,61685,10
13.0055303574,80.2471923828,61685,61695,10
13.0062503815,80.2468719482,61695,61705,10
13.0064897537,80.2464599609,61705,61715,10
13.0065202713,80.2464065552,61715,61725,10
13.0065803528,80.2462997437,61725,61735,10
13.0066099167,80.24584198,61735,61746,11
13.0066795349,80.2452011108,61746,61756,10
13.0066604614,80.2446517944,61756,61766,10
13.0066299438,80.2439575195,61766,61776,10
13.0066099167,80.2433319092,61776,61786,10
13.0065803528,80.2425231934,61786,61796,10
13.0065603256,80.2416534424,61796,61806,10
13.0066900253,80.2405319214,61806,61837,31
13.0066900253,80.2405319214,61837,61847,10
13.0067396164,80.2403793335,61847,61857,10
13.0068397522,80.2400131226,61857,61867,10
13.0069904327,80.2392883301,61867,61877,10
13.0071001053,80.2385025024,61877,61887,10
13.0072803497,80.2377090454,61887,61897,10
13.0074300766,80.2367019653,61897,61917,20
13.0074300766,80.2367019653,61917,61928,11
13.0074396133,80.2366104126,61928,61938,10
13.0075302124,80.2363815308,61938,61948,10
13.0076198578,80.2359085083,61948,61958,10
13.0077495575,80.2352828979,61958,61968,10
13.0078802109,80.2345581055,61968,61978,10
13.0080099106,80.2339096069,61978,61988,10
13.0082502365,80.2327804565,61988,61998,10
13.0084695816,80.2317962646,61998,62008,10
13.0086698532,80.2307815552,62008,62019,11
13.0088796616,80.2296676636,62019,62029,10
13.009059906,80.2287063599,62029,62039,10
13.0093297958,80.2278518677,62039,62048,9
13.0096998215,80.2270431519,62048,62059,11
13.0101604462,80.2260665894,62059,62069,10
13.0104703903,80.2254714966,62069,62079,10
13.0106296539,80.225112915,62079,62089,10
13.0108804703,80.2246017456,62089,62099,10
13.0111303329,80.2239608765,62099,62110,11
13.0114402771,80.2232818604,62110,62120,10
13.011759758,80.2224197388,62120,62130,10
13.0120697021,80.2217483521,62130,62140,10
13.0123500824,80.2216567993,62140,62150,10
13.012720108,80.22215271,62150,62160,10
13.0132904053,80.2227630615,62160,62170,10
13.0138502121,80.2233810425,62170,62180,10
13.0143098831,80.2239227295,62180,62190,10
13.0148200989,80.2244415283,62190,62200,10
13.0151100159,80.2247619629,62200,62211,11
13.0151195526,80.2247695923,62211,62221,10
13.0152997971,80.2249526978,62221,62231,10
13.0154399872,80.2249984741,62231,62241,10
13.0155801773,80.2250595093,62241,62251,10
13.0156002045,80.2250900269,62251,62261,10
13.0158395767,80.2253036499,62261,62271,10
13.016409874,80.2253570557,62271,62281,10
13.01720047,80.2250900269,62281,62291,10
13.0180101395,80.2247619629,62291,62302,11
13.0187997818,80.2244415283,62302,62312,10
13.0194396973,80.2244262695,62312,62322,10
13.0198602676,80.2245864868,62322,62332,10
13.020359993,80.2249832153,62332,62342,10
13.020819664,80.2253036499,62342,62352,10
13.0210800171,80.2255020142,62352,62362,10
13.0214195251,80.2257614136,62362,62372,10
13.021900177,80.22605896,62372,62382,10
13.02202034,80.2261581421,62382,62393,11
13.022069931,80.2262420654,62393,62403,10
13.0223197937,80.2264785767,62403,62413,10
13.0226402283,80.2267608643,62413,62423,10
13.0231895447,80.2272415161,62423,62433,10
13.0237503052,80.2276992798,62433,62443,10
13.0242795944,80.2283172607,62443,62453,10
13.0246801376,80.2288894653,62453,62463,10
13.0249204636,80.2292480469,62463,62473,10
13.0252599716,80.2296981812,62473,62484,11
13.0256996155,80.2303009033,62484,62494,10
13.0259304047,80.2307815552,62494,62504,10
13.0260000229,80.2311096191,62504,62514,10
13.0260696411,80.2313766479,62514,62524,10
13.0264396667,80.2312927246,62524,62534,10
13.0272197723,80.2311172485,62534,62544,10
13.0280504227,80.2309494019,62544,62554,10
13.0285100937,80.2308883667,62554,62575,21
13.0285100937,80.2308883667,62575,62585,10
13.0290699005,80.2308731079,62585,62595,10
13.0295000076,80.2308273315,62595,62605,10
13.0298595428,80.2307891846,62605,62615,10
13.0299196243,80.2307891846,62615,62625,10
13.0301399231,80.2307662964,62625,62635,10
13.0303497314,80.230758667,62635,62716,81
13.0303497314,80.230758667,62716,62726,10
13.0307197571,80.2307510376,62726,62736,10
13.0311098099,80.2306976318,62736,62746,10
13.0315198898,80.230682373,62746,62757,11
13.031920433,80.2306365967,62757,62767,10
13.0322399139,80.2305984497,62767,62777,10
13.0328397751,80.2305603027,62777,62787,10
13.0332803726,80.2304992676,62787,62817,30
13.0332803726,80.2304992676,62817,62827,10
13.0334196091,80.2304992676,62827,62837,10
13.0337295532,80.2304763794,62837,62868,31
13.0337295532,80.2304763794,62868,62878,10
13.0339803696,80.2304992676,62878,62888,10
13.0340995789,80.2304763794,62888,62898,10
13.034239769,80.23046875,62898,62908,10
13.0343999863,80.2304382324,62908,62918,10
13.0346298218,80.2303695679,62918,62928,10
13.034819603,80.2300796509,62928,63101,173
13.0345201492,80.2300567627,63101,63162,61
13.0343399048,80.2299804688,63162,64861,1699
13.0341396332,80.2303237915,64861,64941,80
13.0341396332,80.2303237915,64941,64952,11
13.0340003967,80.2305526733,64952,64962,10
13.0336799622,80.2305221558,64962,64972,10
13.0335798264,80.2305297852,64972,64982,10
13.0333299637,80.2305374146,64982,64992,10
13.0329198837,80.2305603027,64992,65002,10
13.0323200226,80.2306137085,65002,65012,10
13.0316696167,80.2306900024,65012,65073,61
13.0316696167,80.2306900024,65073,65083,10
13.0312595367,80.2306976318,65083,65093,10
13.0310602188,80.23072052,65093,65103,10
13.030790329,80.2307434082,65103,65113,10
13.0303096771,80.2308120728,65113,65164,51
13.0299797058,80.2308731079,65164,65194,30
13.0299797058,80.2308731079,65194,65204,10
13.0295495987,80.2309265137,65204,65214,10
13.0290899277,80.23097229,65214,65225,11
13.0283403397,80.2310333252,65225,65235,10
13.0278701782,80.231086731,65235,65245,10
13.0276899338,80.2312774658,65245,65255,10
13.0277395248,80.2318572998,65255,65265,10
13.0278196335,80.232421875,65265,65275,10
13.0278396606,80.2328414917,65275,65284,9
13.0272798538,80.2329330444,65284,65366,82
13.0270395279,80.2330932617,65366,65406,40
13.0270395279,80.2330932617,65406,65417,11
13.02684021,80.2331008911,65417,65427,10
13.026599884,80.2331237793,65427,65437,10
13.0263996124,80.2330627441,65437,65447,10
13.0263204575,80.2328796387,65447,65457,10
13.0262298584,80.2326278687,65457,65467,10
13.0261602402,80.2322616577,65467,65477,10
13.026049614,80.2318191528,65477,65487,10
13.0258903503,80.2312088013,65487,65497,10
13.025639534,80.2305297852,65497,65508,11
13.0252304077,80.2299423218,65508,65518,10
13.0251197815,80.2297897339,65518,65528,10
13.0249700546,80.2296218872,65528,65538,10
13.0247898102,80.2293777466,65538,65548,10
13.0246295929,80.2291717529,65548,65558,10
13.0244503021,80.2289276123,65558,65568,10
13.0243301392,80.2287368774,65568,65578,10
13.0240898132,80.2284698486,65578,65588,10
13.0240497589,80.2284164429,65588,65599,11
13.0239601135,80.2282867432,65599,65609,10
13.0236597061,80.2279510498,65609,65619,10
13.0233802795,80.2276992798,65619,65639,20
13.0233802795,80.2276992798,65639,65649,10
13.023229599,80.2275238037,65649,65659,10
13.0228900909,80.2271881104,65659,65669,10
13.0224599838,80.2267608643,65669,65679,10
13.021900177,80.2262878418,65679,65690,11
13.0213098526,80.2258377075,65690,65700,10
13.0208597183,80.2254562378,65700,65710,10
13.020409584,80.2251663208,65710,65720,10
13.0198602676,80.2248382568,65720,65750,30
13.0198602676,80.2248382568,65750,65760,10
13.0195999146,80.2246627808,65760,65770,10
13.0189199448,80.2245407104,65770,65781,11
13.0180101395,80.2248764038,65781,65791,10
13.0171604156,80.2252197266,65791,65801,10
13.0164003372,80.2255172729,65801,65811,10
13.0158195496,80.2257080078,65811,65821,10
13.015250206,80.2259368896,65821,65831,10
13.0147399902,80.2261428833,65831,65841,10
13.0142402649,80.2263412476,65841,65851,10
13.0142002106,80.2263565063,65851,65861,10
13.0141601563,80.2263717651,65861,65872,11
13.0136604309,80.2265625,65872,65882,10
13.012960434,80.2268218994,65882,65892,10
13.012169838,80.2271194458,65892,65902,10
13.0114498138,80.227432251,65902,65912,10
13.0106601715,80.2277603149,65912,65922,10
13.0098600388,80.2280731201,65922,65932,10
13.00922966,80.2285232544,65932,65942,10
13.0090503693,80.2293395996,65942,65952,10
13.0088701248,80.2302474976,65952,65963,11
13.0087099075,80.2310791016,65963,65973,10
13.0085601807,80.2318267822,65973,65983,10
13.008480072,80.2323226929,65983,65993,10
13.0084695816,80.2323532104,65993,66003,10
13.0084400177,80.2325286865,66003,66013,10
13.0083503723,80.2329788208,66013,66023,10
13.0082702637,80.2336807251,66023,66074,51
13.0082702637,80.2336807251,66074,66084,10
13.0081396103,80.2339401245,66084,66094,10
13.008099556,80.2342071533,66094,66104,10
13.0079898834,80.2347793579,66104,66114,10
13.0078601837,80.2354278564,66114,66124,10
13.0077295303,80.2360992432,66124,66134,10
13.0075902939,80.2368392944,66134,66144,10
13.0074300766,80.2377090454,66144,66155,11
13.0073003769,80.2383880615,66155,66165,10
13.0071601868,80.2390899658,66165,66175,10
13.0069999695,80.2398986816,66175,66276,101
13.0069999695,80.2398986816,66276,66286,10
13.0069198608,80.2401885986,66286,66296,10
13.0068798065,80.2406616211,66296,66306,10
13.0068798065,80.2407531738,66306,66316,10
13.0068702698,80.2409362793,66316,66326,10
13.0068101883,80.2414932251,66326,66337,11
13.006770134,80.2422790527,66337,66347,10
13.0067396164,80.2430267334,66347,66357,10
13.0067100525,80.2437210083,66357,66367,10
13.0067100525,80.2444763184,66367,66377,10
13.0067100525,80.2452316284,66377,66387,10
13.0067195892,80.2457962036,66387,66397,10
13.0067501068,80.246711731,66397,66407,10
13.0067796707,80.2470932007,66407,66417,10
13.0067300797,80.2474517822,66417,66448,31
13.0067300797,80.2474517822,66448,66458,10
13.0066299438,80.2474975586,66458,66468,10
13.0060997009,80.247543335,66468,66498,30
13.0060997009,80.247543335,66498,66508,10
13.0058603287,80.247467041,66508,66519,11
13.005399704,80.2474212646,66519,66529,10
13.0046796799,80.2474365234,66529,66539,10
13.0037603378,80.2475509644,66539,66549,10
13.002790451,80.247718811,66549,66559,10
13.001830101,80.2479476929,66559,66569,10
13.0008401871,80.2481994629,66569,66579,10
12.9997997284,80.2484664917,66579,66590,11
12.9988203049,80.2487335205,66590,66600,10
12.9981298447,80.2489471436,66600,66611,11
12.9980602264,80.2489624023,66611,66621,10
12.9976396561,80.2490386963,66621,66631,10
12.9969902039,80.249168396,66631,66641,10
12.9959602356,80.2493972778,66641,66651,10
12.9949798584,80.2496414185,66651,66661,10
12.9939498901,80.2499389648,66661,66671,10
12.992939949,80.2501907349,66671,66681,10
12.9919099808,80.2504501343,66681,66691,10
12.9911499023,80.2506790161,66691,66702,11
12.9910297394,80.2507095337,66702,66712,10
12.990819931,80.2507629395,66712,66722,10
12.9902200699,80.2508926392,66722,66732,10
12.9894695282,80.2510604858,66732,66742,10
12.988820076,80.2512588501,66742,66944,202
12.988820076,80.2512588501,66944,66954,10
12.9882698059,80.2513198853,66954,66964,10
12.987859726,80.2514419556,66964,66974,10
12.9875602722,80.2515335083,66974,66985,11
12.9872903824,80.2516174316,66985,66995,10
12.9868402481,80.251739502,66995,67005,10
12.9862804413,80.2519073486,67005,67015,10
12.9855499268,80.2520904541,67015,67025,10
12.9847698212,80.2522888184,67025,67035,10
12.9839200974,80.2525100708,67035,67045,10
12.9829797745,80.2527084351,67045,67055,10
12.9820299149,80.2527694702,67055,67065,10
12.981180191,80.2527770996,67065,67076,11
12.9804601669,80.2528305054,67076,67086,10
12.9801597595,80.2528610229,67086,67096,10
12.9798603058,80.252822876,67096,67106,10
12.9793100357,80.2527618408,67106,67116,10
12.978890419,80.2527236938,67116,67126,10
12.9788103104,80.2527008057,67126,67136,10
12.9785003662,80.252571106,67136,67146,10
12.9779500961,80.2521591187,67146,67156,10
12.9771795273,80.2515182495,67156,67167,11
12.9759101868,80.251121521,67167,67177,10
12.9747695923,80.2508010864,67177,67187,10
12.9737195969,80.25050354,67187,67197,10
12.9726696014,80.2502212524,67197,67207,10
12.9717102051,80.2499694824,67207,67217,10
12.9707202911,80.2496871948,67217,67227,10
12.9697303772,80.2493362427,67227,67237,10
12.9687404633,80.2489624023,67237,67247,10
12.9677696228,80.2486114502,67247,67258,11
12.9670295715,80.2482681274,67258,67268,10
12.9667396545,80.2481079102,67268,67278,10
12.9663696289,80.2479476929,67278,67288,10
12.9657802582,80.2477035522,67288,67298,10
12.9652500153,80.2475280762,67298,67308,10
12.965180397,80.2474975586,67308,67318,10
12.9651203156,80.2474899292,67318,67328,10
12.9646501541,80.2473220825,67328,67338,10
12.9639902115,80.2470779419,67338,67389,51
12.9639902115,80.2470779419,67389,67399,10
12.9635801315,80.246887207,67399,67409,10
12.9630203247,80.2465591431,67409,67419,10
12.9621601105,80.246131897,67419,67429,10
12.9612398148,80.2456893921,67429,67439,10
12.960269928,80.245262146,67439,67450,11
12.9594898224,80.2449417114,67450,67460,10
12.9593896866,80.2448883057,67460,67470,10
12.9593296051,80.2448577881,67470,67480,10
12.9589099884,80.2446517944,67480,67490,10
12.9582004547,80.2443466187,67490,67500,10
12.9576597214,80.2441177368,67500,67510,10
12.956990242,80.2439498901,67510,67520,10
12.9566402435,80.2438735962,67520,67581,61
12.9566402435,80.2438735962,67581,67591,10
12.9562301636,80.2437362671,67591,67601,10
12.9557199478,80.2434234619,67601,67611,10
12.954990387,80.2430496216,67611,67621,10
12.9543199539,80.2427597046,67621,67632,11
12.9535503387,80.2424163818,67632,67642,10
12.9526996613,80.2420806885,67642,67652,10
12.9516000748,80.2417068481,67652,67672,20
12.9516000748,80.2417068481,67672,67682,10
12.9513196945,80.2415924072,67682,67692,10
12.9506597519,80.2413635254,67692,67702,10
12.949839592,80.2411117554,67702,67712,10
12.9492702484,80.2409591675,67712,67723,11
12.9488801956,80.2408218384,67723,67733,10
12.9481801987,80.2405166626,67733,67743,10
12.9474201202,80.240196228,67743,67753,10
12.9472198486,80.2401275635,67753,67763,10
12.9471597672,80.2400970459,67763,67773,10
12.9467802048,80.2399215698,67773,67783,10
12.9460802078,80.2396392822,67783,67793,10
12.9452104568,80.2391815186,67793,67803,10
12.9444799423,80.2384719849,67803,67814,11
12.9436998367,80.2375869751,67814,67824,10
12.9428901672,80.2368164063,67824,67834,10
12.9418897629,80.2364196777,67834,67844,10
12.9408397675,80.2361679077,67844,67854,10
12.9399595261,80.2359390259,67854,67864,10
12.9397201538,80.2358627319,67864,67874,10
12.9396495819,80.2358169556,67874,67884,10
12.9392595291,80.2356262207,67884,67894,10
12.9385204315,80.2352523804,67894,67905,11
12.9375600815,80.2347717285,67905,67915,10
12.9367399216,80.2343597412,67915,67925,10
12.9360704422,80.2340316772,67925,67935,10
12.9354400635,80.2337417603,67935,67945,10
12.9346199036,80.2333679199,67945,67955,10
12.9338998795,80.2330703735,67955,67965,10
12.9338598251,80.2330703735,67965,67975,10
12.9338197708,80.233039856,67975,67985,10
12.9334497452,80.2328491211,67985,67996,11
12.9326295853,80.2324905396,67996,68006,10
12.9316396713,80.2321624756,68006,68016,10
12.9305295944,80.2318115234,68016,68026,10
12.9294595718,80.2315597534,68026,68036,10
12.9284496307,80.2313766479,68036,68046,10
12.9273300171,80.2312088013,68046,68056,10
12.9264001846,80.2311019897,68056,68065,9
12.9260597229,80.231086731,68065,68076,11
12.9260501862,80.231086731,68076,68086,10
12.9259996414,80.2310714722,68086,68097,11
12.9255304337,80.2310028076,68097,68107,10
12.9248199463,80.2309036255,68107,68117,10
12.9238996506,80.2307891846,68117,68127,10
12.9228496552,80.2306518555,68127,68137,10
12.9217395782,80.2304763794,68137,68147,10
12.9205904007,80.2303237915,68147,68157,10
12.9195899963,80.2302017212,68157,68167,10
12.9186697006,80.2300872803,68167,68177,10
12.9176197052,80.2299728394,68177,68188,11
12.916469574,80.2297973633,68188,68198,10
12.9153604507,80.229637146,68198,68208,10
12.9143199921,80.2294998169,68208,68218,10
12.9133300781,80.2293930054,68218,68238,20
12.9133300781,80.2293930054,68238,68248,10
12.9131698608,80.2293701172,68248,68258,10
12.912610054,80.2292709351,68258,68268,10
12.9118404388,80.2291412354,68268,68279,11
12.9108104706,80.2289962769,68279,68289,10
12.9098396301,80.228843689,68289,68299,10
12.9089403152,80.2286987305,68299,68309,10
12.9081201553,80.2285919189,68309,68329,20
12.9081201553,80.2285919189,68329,68339,10
12.9079904556,80.2285614014,68339,68349,10
12.9076700211,80.2285232544,68349,68359,10
12.9072799683,80.2284622192,68359,68370,11
12.9068899155,80.2284164429,68370,68379,9
12.9066495895,80.2283935547,68379,68390,11
12.9063396454,80.2283630371,68390,68400,10
12.906129837,80.2283325195,68400,68410,10
12.9055299759,80.228302002,68410,68420,10
12.9047002792,80.2282562256,68420,68430,10
12.9041004181,80.2282333374,68430,68440,10
12.9037704468,80.2282333374,68440,68450,10
12.9037303925,80.2282333374,68450,68461,11
12.9036397934,80.2282104492,68461,68471,10
12.9032201767,80.2282028198,68471,68481,10
12.9028196335,80.2281723022,68481,68491,10
12.9024496078,80.2281570435,68491,68501,10
12.9021596909,80.2281494141,68501,68511,10
12.9019603729,80.2281265259,68511,68521,10
12.9013700485,80.2281036377,68521,68673,152
12.9013700485,80.2281036377,68673,68683,10
12.9010000229,80.2281494141,68683,68693,10
12.9003295898,80.2281036377,68693,68703,10
12.899600029,80.2280426025,68703,68744,41
12.899600029,80.2280426025,68744,68754,10
12.899140358,80.2279586792,68754,68764,10
12.8984804153,80.2279205322,68764,68774,10
12.8976297379,80.2278594971,68774,68784,10
12.8965997696,80.2277984619,68784,68794,10
12.8954801559,80.2277526855,68794,68804,10
12.8943996429,80.2276992798,68804,68814,10
12.8933601379,80.2276306152,68814,68824,10
12.8925504684,80.2275390625,68824,68835,11
12.8920097351,80.2275009155,68835,68845,10
12.891169548,80.2274780273,68845,68855,10
12.8901195526,80.2274703979,68855,68865,10
12.8889799118,80.2274627686,68865,68875,10
12.8879003525,80.2274017334,68875,68885,10
12.8868398666,80.2272415161,68885,68895,10
12.8858203888,80.2269897461,68895,68905,10
12.8848304749,80.2268218994,68905,68926,21
12.8848304749,80.2268218994,68926,68936,10
12.8845796585,80.2268066406,68936,68946,10
12.8839197159,80.2267990112,68946,68956,10
12.8829603195,80.2268066406,68956,68966,10
12.8817796707,80.2268218994,68966,68976,10
12.8805999756,80.2268295288,68976,68986,10
12.8793401718,80.2268371582,68986,68996,10
12.8781700134,80.2269134521,68996,69006,10
12.876950264,80.2270202637,69006,69017,11
12.8764295578,80.2270584106,69017,69027,10
12.8764200211,80.2270584106,69027,69037,10
12.8763599396,80.2270584106,69037,69047,10
12.8760404587,80.2270584106,69047,69057,10
12.8755302429,80.2270507813,69057,69067,10
12.8746595383,80.2269515991,69067,69077,10
12.8736495972,80.2268371582,69077,69087,10
12.8728303909,80.2268066406,69087,69097,10
12.8726100922,80.2268066406,69097,69108,11
12.8723697662,80.2267913818,69108,69118,10
12.8717098236,80.2267608643,69118,69128,10
12.870759964,80.2267227173,69128,69138,10
12.8696498871,80.2266082764,69138,69148,10
12.8684597015,80.2264785767,69148,69158,10
12.8672504425,80.2265625,69158,69168,10
12.8661403656,80.2266693115,69168,69178,10
12.8649997711,80.2266998291,69178,69188,10
12.8640003204,80.2266616821,69188,69199,11
12.8627195358,80.2266387939,69199,69209,10
12.8616504669,80.2266998291,69209,69219,10
12.8609695435,80.2266998291,69219,69229,10
12.8609399796,80.2266921997,69229,69239,10
12.8606901169,80.2266616821,69239,69249,10
12.860039711,80.2265777588,69249,69259,10
12.85916996,80.2264633179,69259,69269,10
12.8582296371,80.2263565063,69269,69279,10
12.8571300507,80.2263793945,69279,69290,11
12.8558597565,80.2265167236,69290,69300,10
12.8546495438,80.2266311646,69300,69310,10
12.8534898758,80.2267608643,69310,69319,9
12.8521404266,80.2267608643,69319,69330,11
12.850810051,80.2267227173,69330,69340,10
12.8503398895,80.2266998291,69340,69350,10
12.8502702713,80.2267227173,69350,69360,10
12.8496999741,80.2266998291,69360,69370,10
12.8488197327,80.2266998291,69370,69380,10
12.8477096558,80.2266921997,69380,69391,11
12.8464202881,80.2267303467,69391,69401,10
12.845459938,80.2267379761,69401,69431,30
12.845459938,80.2267379761,69431,69441,10
12.845199585,80.2267227173,69441,69451,10
12.844619751,80.2267837524,69451,69461,10
12.8437900543,80.2268218994,69461,69471,10
12.8428001404,80.2269592285,69471,69482,11
12.841509819,80.2272415161,69482,69492,10
12.8403596878,80.2275695801,69492,69502,10
12.8397197723,80.2277374268,69502,69512,10
12.8394002914,80.2278366089,69512,69522,10
12.8387002945,80.2280426025,69522,69532,10
12.8377199173,80.2282867432,69532,69542,10
12.8365602493,80.2284698486,69542,69552,10
12.8353796005,80.2286376953,69552,69562,10
12.8342103958,80.2288208008,69562,69573,11
12.8330602646,80.2290267944,69573,69583,10
12.8321695328,80.2292327881,69583,69623,40
12.8321695328,80.2292327881,69623,69633,10
12.831990242,80.2292633057,69633,69643,10
12.8316297531,80.2293395996,69643,69653,10
12.8310604095,80.2294921875,69653,69664,11
12.830329895,80.2297668457,69664,69674,10
12.8296003342,80.2300491333,69674,69684,10
12.8288497925,80.2303695679,69684,69694,10
12.8281497955,80.2307510376,69694,69704,10
12.8276395798,80.2310562134,69704,69714,10
12.8270101547,80.2313537598,69714,69724,10
12.8262996674,80.2314834595,69724,69734,10
12.825799942,80.2315216064,69734,69755,21
12.825799942,80.2315216064,69755,69765,10
12.8255300522,80.2314987183,69765,69775,10
12.8249998093,80.2315063477,69775,69785,10
12.8242797852,80.2313690186,69785,69795,10
12.823559761,80.2311630249,69795,69805,10
12.8228397369,80.2309417725,69805,69815,10
12.8221197128,80.2307128906,69815,69825,10
12.8214101791,80.2305831909,69825,69835,10
12.8206195831,80.2305603027,69835,69846,11
12.8198003769,80.2306137085,69846,69856,10
12.8187999725,80.2305831909,69856,69876,20
12.8187999725,80.2305831909,69876,69886,10
12.8187503815,80.2305374146,69886,69896,10
12.818400383,80.2303771973,69896,69906,10
12.8177404404,80.2300720215,69906,69916,10
12.81690979,80.2297210693,69916,69926,10
12.8159103394,80.2295227051,69926,69937,11
12.8147296906,80.2293395996,69937,69947,10
12.8136901855,80.2291107178,69947,69957,10
12.8127202988,80.2287979126,69957,69967,10
12.8117303848,80.2284393311,69967,69977,10
12.8106603622,80.2280426025,69977,69987,10
12.809630394,80.2276000977,69987,69997,10
12.8087596893,80.2270431519,69997,70007,10
12.807970047,80.2263870239,70007,70017,10
12.8071699142,80.2257080078,70017,70028,11
12.8064203262,80.2250595093,70028,70038,10
12.8057498932,80.2244796753,70038,70048,10
12.8049201965,80.2240982056,70048,70078,30
12.8049201965,80.2240982056,70078,70088,10
12.804599762,80.224029541,70088,70098,10
12.804019928,80.2239990234,70098,70108,10
12.8032398224,80.2239227295,70108,70118,10
12.8011102676,80.2236785889,70118,70129,11
12.8007898331,80.2236785889,70129,70149,20
12.8007898331,80.2236785889,70149,70159,10
12.8005895615,80.2236480713,70159,70169,10
12.8000602722,80.2236022949,70169,70179,10
12.7993202209,80.2236022949,70179,70191,12
12.7983398438,80.2233810425,70191,70201,10
12.7969198227,80.2232131958,70201,70212,11
12.7960700989,80.2230606079,70212,70223,11
12.795920372,80.2230377197,70223,70233,10
12.7958602905,80.2230300903,70233,70243,10
12.7954502106,80.2229537964,70243,70253,10
12.794719696,80.2228164673,70253,70263,10
12.7937602997,80.22265625,70263,70273,10
12.7926797867,80.2225036621,70273,70283,10
12.7916202545,80.2222671509,70283,70293,10
12.7906703949,80.2220306396,70293,70304,11
12.7902297974,80.2219161987,70304,70314,10
12.7898797989,80.2218399048,70314,70324,10
12.7894201279,80.2217025757,70324,70334,10
12.7889795303,80.2215194702,70334,70344,10
12.7883901596,80.2212982178,70344,70354,10
12.7877902985,80.2210693359,70354,70364,10
12.7872400284,80.2208633423,70364,70374,10
12.7867803574,80.2206878662,70374,70415,41
12.7867803574,80.2206878662,70415,70425,10
12.7866401672,80.2206115723,70425,70435,10
12.7862100601,80.2204589844,70435,70445,10
12.7856998444,80.2202377319,70445,70455,10
12.7852201462,80.2200012207,70455,70465,10
12.7846002579,80.2197113037,70465,70496,31
12.7846002579,80.2197113037,70496,70506,10
12.7845201492,80.2196273804,70506,70516,10
12.7841997147,80.2194366455,70516,70526,10
12.7836799622,80.2191467285,70526,70536,10
12.7830400467,80.218788147,70536,70546,10
12.7823200226,80.2183914185,70546,70556,10
12.781539917,80.2179718018,70556,70566,10
12.780790329,80.2175598145,70566,70576,10
12.7800197601,80.2171478271,70576,70587,11
12.7791795731,80.2166976929,70587,70597,10
12.778380394,80.216293335,70597,70607,10
12.7775602341,80.2159118652,70607,70617,10
12.776720047,80.2155685425,70617,70627,10
12.7758598328,80.2152328491,70627,70637,10
12.7749900818,80.214881897,70637,70647,10
12.7741203308,80.2145309448,70647,70657,10
12.7733001709,80.2142028809,70657,70667,10
12.7725200653,80.2138977051,70667,70678,11
12.7715797424,80.2135620117,70678,70688,10
12.7707796097,80.2132873535,70688,70698,10
12.7707700729,80.2129669189,70698,70718,20
12.7707700729,80.2129669189,70718,70728,10
12.7709197998,80.212677002,70728,70738,10
12.7709798813,80.212097168,70738,70748,10
12.7712402344,80.2113800049,70748,70758,10
12.7716197968,80.210647583,70758,70769,11
12.7720804214,80.2097015381,70769,70779,10
12.7723703384,80.2088012695,70779,70789,10
12.7726297379,80.2078475952,70789,70799,10
12.7728796005,80.2069091797,70799,70809,10
12.7730503082,80.2063674927,70809,70819,10
12.773059845,80.2063369751,70819,70829,10
12.7731895447,80.2058792114,70829,70839,10
12.773349762,80.2051391602,70839,70849,10
12.7734804153,80.2040481567,70849,70860,11
12.773730278,80.2027282715,70860,70870,10
12.7738199234,80.2016601563,70870,70880,10
12.7738895416,80.2006988525,70880,70890,10
12.7739801407,80.199760437,70890,70900,10
12.7740497589,80.1988830566,70900,70910,10
12.7741003036,80.1979827881,70910,70920,10
12.7741098404,80.1974411011,70920,70930,10
12.7741603851,80.1966400146,70930,70940,10
12.7742204666,80.1956329346,70940,70951,11
12.774430275,80.1945495605,70951,70961,10
12.7745304108,80.1940307617,70961,70971,10
12.7746095657,80.1937637329,70971,70980,9
12.7746601105,80.1935806274,70980,70991,11
12.774769783,80.1932373047,70991,71001,10
12.775179863,80.1927032471,71001,71011,10
12.775270462,80.1921081543,71011,71022,11
12.7752103806,80.1916809082,71022,71032,10
12.7749204636,80.1908569336,71032,71043,11
12.7741498947,80.1899795532,71043,71053,10
12.7732696533,80.1895065308,71053,71063,10
12.7722997665,80.1890869141,71063,71073,10
12.7712202072,80.1887130737,71073,71083,10
12.770939827,80.1878967285,71083,71093,10
12.770819664,80.1868209839,71093,71103,10
12.7707195282,80.1861495972,71103,71113,10
12.7707195282,80.1853790283,71113,71123,10
12.7704896927,80.184677124,71123,71134,11
12.7698898315,80.1845397949,71134,71144,10
12.7693195343,80.1843185425,71144,71154,10
12.7690200806,80.1841964722,71154,71164,10
12.7686700821,80.1839065552,71164,71174,10
12.7683696747,80.1836166382,71174,71185,11
12.7680196762,80.1834411621,71185,71194,9
12.767539978,80.1832809448,71194,71205,11
12.7671098709,80.1831283569,71205,71215,10
12.7667102814,80.1829376221,71215,71226,11
12.7662096024,80.182762146,71226,71236,10
12.76583004,80.1827087402,71236,71246,10
12.7654800415,80.1826477051,71246,71256,10
12.765080452,80.1826019287,71256,71266,10
12.7646598816,80.1825637817,71266,71276,10
12.7643003464,80.182510376,71276,71286,10
12.7640199661,80.182472229,71286,71296,10
12.7636404037,80.1824035645,71296,71306,10
12.7634296417,80.1827468872,71306,71316,10
12.763250351,80.1832962036,71316,71327,11
12.7631397247,80.1836166382,71327,71337,10
12.7631101608,80.1836624146,71337,71347,10
12.7630195618,80.1839294434,71347,71357,10
12.7629699707,80.1841506958,71357,71367,10
12.7629995346,80.184387207,71367,71377,10
12.763010025,80.1846084595,71377,71387,10
12.7629899979,80.1848068237,71387,71397,10
12.7629404068,80.185043335,71397,71407,10
12.7627401352,80.1850814819,71407,71418,11
12.7624797821,80.1849975586,71418,71428,10
12.7621002197,80.1850204468,71428,71438,10
12.7615003586,80.1847686768,71438,73320,1882
12.7615003586,80.1847686768,73320,73329,9
12.7615604401,80.1849365234,73329,73340,11
12.7619104385,80.1849899292,73340,73350,10
12.7621898651,80.1849975586,73350,73360,10
12.7624797821,80.1849899292,73360,73371,11
12.7627496719,80.1850204468,73371,73382,11
12.7629699707,80.1847610474,73382,73392,10
12.7629995346,80.1844863892,73392,73402,10
12.7629804611,80.1842575073,73402,73412,10
12.762960434,80.18409729,73412,73422,10
12.7629995346,80.183921814,73422,73432,10
12.7630500793,80.1837615967,73432,73442,10
12.7631397247,80.1835403442,73442,73452,10
12.7631902695,80.1833267212,73452,73462,10
12.7632703781,80.1830596924,73462,73473,11
12.7633495331,80.182762146,73473,73483,10
12.7634496689,80.1824569702,73483,73493,10
12.763710022,80.1824035645,73493,73503,10
12.7640199661,80.1824493408,73503,73511,8
12.7642803192,80.1824874878,73511,73523,12
12.7645998001,80.1825408936,73523,73533,10
12.7649402618,80.1825790405,73533,73543,10
12.7652702332,80.1826095581,73543,73553,10
12.7655801773,80.1826477051,73553,73564,11
12.7658901215,80.1826782227,73564,73574,10
12.7661504745,80.1827163696,73574,73584,10
12.7664499283,80.182800293,73584,73594,10
12.7666797638,80.1828765869,73594,73604,10
12.7670297623,80.1830368042,73604,73614,10
12.7672796249,80.1831588745,73614,73624,10
12.7676000595,80.1832733154,73624,73634,10
12.7678899765,80.183380127,73634,73644,10
12.7681903839,80.1834716797,73644,73655,11
12.7684698105,80.1836395264,73655,73665,10
12.7686500549,80.1838302612,73665,73675,10
12.7688398361,80.1840133667,73675,73685,10
12.7690401077,80.1841812134,73685,73695,10
12.7693395615,80.1843338013,73695,73705,10
12.7696304321,80.1844482422,73705,73715,10
12.7700796127,80.1846008301,73715,73725,10
12.7705001831,80.1847076416,73725,73735,10
12.7705898285,80.1847381592,73735,73746,11
12.7707004547,80.1849899292,73746,73756,10
12.7707500458,80.1854476929,73756,73768,12
12.7707595825,80.1860580444,73768,73778,10
12.7708396912,80.1866989136,73778,73789,11
12.7709197998,80.1874237061,73789,73799,10
12.7710103989,80.1880569458,73799,73809,10
12.7713899612,80.1887817383,73809,73819,10
12.77202034,80.1890411377,73819,73829,10
12.7726697922,80.189239502,73829,73840,11
12.773440361,80.1895675659,73840,73850,10
12.7740097046,80.1898117065,73850,73860,10
12.774479866,80.1903305054,73860,73870,10
12.7748804092,80.1907577515,73870,73880,10
12.7751502991,80.1912918091,73880,73890,10
12.7752895355,80.1919403076,73890,73900,10
12.7753601074,80.1923675537,73900,73910,10
12.7750997543,80.1928634644,73910,73920,10
12.774720192,80.1934509277,73920,73931,11
12.7746896744,80.193572998,73931,73941,10
12.7745800018,80.1939468384,73941,73951,10
12.7745199203,80.1941680908,73951,73961,10
12.7745103836,80.194229126,73961,73971,10
12.7744398117,80.1946182251,73971,73981,10
12.7742700577,80.1953735352,73981,73991,10
12.7742004395,80.1961364746,73991,74001,10
12.7741699219,80.1968917847,74001,74011,10
12.7741203308,80.1977005005,74011,74022,11
12.7741098404,80.1983795166,74022,74032,10
12.7740402222,80.1990966797,74032,74042,10
12.7739601135,80.1998977661,74042,74052,10
12.773900032,80.2006835938,74052,74062,10
12.7738399506,80.2014923096,74062,74072,10
12.7737703323,80.2022781372,74072,74082,10
12.7736597061,80.2030410767,74082,74092,10
12.7734899521,80.2037811279,74092,74103,11
12.7734003067,80.2046279907,74103,74113,10
12.7733602524,80.2049636841,74113,74123,10
12.7733402252,80.2052001953,74123,74133,10
12.7732095718,80.2057571411,74133,74143,10
12.773059845,80.2063827515,74143,74153,10
12.7728204727,80.2071762085,74153,74163,10
12.7726097107,80.207901001,74163,74171,8
12.7724599838,80.2084579468,74171,74183,12
12.7721796036,80.2094192505,74183,74194,11
12.7718200684,80.2102737427,74194,74204,10
12.7714004517,80.2110519409,74204,74214,10
12.7710695267,80.2117614746,74214,74225,11
12.770939827,80.2124786377,74225,74236,11
12.7707595825,80.2130966187,74236,74247,11
12.7709999084,80.2132263184,74247,74257,10
12.7715597153,80.2134170532,74257,74267,10
12.7723903656,80.2137374878,74267,74277,10
12.7731800079,80.214050293,74277,74288,11
12.7740602493,80.2144012451,74288,74298,10
12.7750501633,80.2147979736,74298,74308,10
12.7759399414,80.2151565552,74308,74318,10
12.7767000198,80.2154693604,74318,74328,10
12.7775201797,80.2157974243,74328,74338,10
12.7783498764,80.2161712646,74338,74348,10
12.7791996002,80.2165985107,74348,74358,10
12.7800197601,80.217048645,74358,74368,10
12.78083992,80.2174911499,74368,74379,11
12.7817201614,80.2179718018,74379,74389,10
12.7825403214,80.218421936,74389,74399,10
12.7833595276,80.2188796997,74399,74409,10
12.7840795517,80.219291687,74409,74419,10
12.784620285,80.2195892334,74419,74429,10
12.7852697372,80.2199325562,74429,74439,10
12.7859601974,80.2202682495,74439,74449,10
12.78647995,80.2204589844,74449,74470,21
12.78647995,80.2204589844,74470,74480,10
12.7867202759,80.2205734253,74480,74490,10
12.7872896194,80.2207794189,74490,74500,10
12.7878198624,80.2209777832,74500,74510,10
12.7883996964,80.221206665,74510,74520,10
12.789059639,80.2214584351,74520,74530,10
12.7896404266,80.2216796875,74530,74540,10
12.7902002335,80.2218322754,74540,74551,11
12.7910804749,80.222038269,74551,74561,10
12.7918796539,80.2222518921,74561,74571,10
12.7927703857,80.222442627,74571,74581,10
12.7936697006,80.2225570679,74581,74591,10
12.7946100235,80.2227096558,74591,74601,10
12.7955904007,80.2228622437,74601,74611,10
12.7964401245,80.2229919434,74611,74631,20
12.7964401245,80.2229919434,74631,74642,11
12.7968597412,80.2230606079,74642,74652,10
12.7975301743,80.2231903076,74652,74662,10
12.7983598709,80.2232971191,74662,74672,10
12.799249649,80.2233963013,74672,74682,10
12.8001098633,80.2235031128,74682,74692,10
12.8009796143,80.2235794067,74692,74702,10
12.8017501831,80.2236328125,74702,74712,10
12.8025197983,80.223739624,74712,74722,10
12.8032302856,80.2238388062,74722,74732,10
12.8039798737,80.2238998413,74732,74743,11
12.8046197891,80.2239532471,74743,74753,10
12.8055496216,80.2241668701,74753,74773,20
12.8055496216,80.2241668701,74773,74783,10
12.8057804108,80.2243423462,74783,74793,10
12.8062095642,80.2247085571,74793,74803,10
12.8067598343,80.2252120972,74803,74813,10
12.8073997498,80.2257766724,74813,74823,10
12.8081502914,80.2264175415,74823,74834,11
12.8090000153,80.2271194458,74834,74844,10
12.809709549,80.2275390625,74844,74854,10
12.810839653,80.2280197144,74854,74864,10
12.8118200302,80.2283782959,74864,74874,10
12.8128299713,80.2287521362,74874,74884,10
12.8138303757,80.2290725708,74884,74894,10
12.8148899078,80.2293014526,74894,74904,10
12.8159999847,80.2294616699,74904,74914,10
12.8171596527,80.2296905518,74914,74925,11
12.81828022,80.2301864624,74925,74935,10
12.8192100525,80.2304992676,74935,74945,10
12.8197803497,80.2304763794,74945,74955,10
12.8199300766,80.23046875,74955,74965,10
12.8205604553,80.2304534912,74965,74975,10
12.8214797974,80.2304763794,74975,74985,10
12.8223800659,80.2306671143,74985,74995,10
12.8233604431,80.23097229,74995,75005,10
12.8243598938,80.2312164307,75005,75016,11
12.8254203796,80.2313766479,75016,75026,10
12.8264198303,80.2313232422,75026,75036,10
12.8274402618,80.2310791016,75036,75046,10
12.8283996582,80.230506897,75046,75056,10
12.8294000626,80.2300262451,75056,75066,10
12.8304004669,80.2296524048,75066,75076,10
12.8308801651,80.2294387817,75076,75107,31
12.8308801651,80.2294387817,75107,75117,10
12.8311595917,80.229347229,75117,75137,20
12.8311595917,80.229347229,75137,75147,10
12.8314800262,80.2292633057,75147,75156,9
12.8318300247,80.2291564941,75156,75167,11
12.8324604034,80.2290420532,75167,75177,10
12.8331604004,80.2289123535,75177,75187,10
12.8339500427,80.2287597656,75187,75198,11
12.8349103928,80.2285919189,75198,75208,10
12.8358097076,80.2284622192,75208,75218,10
12.836689949,80.2283401489,75218,75228,10
12.8375396729,80.2282180786,75228,75238,10
12.8380403519,80.2281188965,75238,75299,61
12.8384103775,80.2280197144,75299,75339,40
12.8386497498,80.2279663086,75339,75369,30
12.8386497498,80.2279663086,75369,75379,10
12.8390398026,80.2278594971,75379,75400,21
12.8390398026,80.2278594971,75400,75410,10
12.8392000198,80.2278289795,75410,75420,10
12.8393802643,80.2277908325,75420,75430,10
12.8394899368,80.2277526855,75430,75440,10
12.8395004272,80.2277526855,75440,75450,10
12.8396100998,80.2276992798,75450,75460,10
12.8400602341,80.2275695801,75460,75470,10
12.840669632,80.2274017334,75470,75481,11
12.8414697647,80.227180481,75481,75491,10
12.8422899246,80.2269973755,75491,75501,10
12.8432998657,80.2267990112,75501,75511,10
12.8443403244,80.2266616821,75511,75521,10
12.8452396393,80.2265777588,75521,75541,20
12.8452396393,80.2265777588,75541,75551,10
12.8452796936,80.2265701294,75551,75561,10
12.8455600739,80.2265625,75561,75572,11
12.8461503983,80.2265396118,75572,75582,10
12.8469600677,80.2265396118,75582,75592,10
12.8479404449,80.2265396118,75592,75602,10
12.8488998413,80.2265396118,75602,75612,10
12.8499403,80.2265396118,75612,75642,30
12.8499403,80.2265396118,75642,75652,10
12.8501195908,80.2265625,75652,75663,11
12.8506097794,80.2265625,75663,75673,10
12.8513002396,80.2265930176,75673,75683,10
12.8521203995,80.2266311646,75683,75693,10
12.8529396057,80.2266616821,75693,75703,10
12.8538198471,80.2266235352,75703,75713,10
12.8546600342,80.2265167236,75713,75723,10
12.8553800583,80.2264328003,75723,75733,10
12.8561000824,80.2263565063,75733,75743,10
12.8568296432,80.2262802124,75743,75754,11
12.8576498032,80.2262191772,75754,75764,10
12.8582201004,80.2262115479,75764,75774,10
12.8585996628,80.2262420654,75774,75784,10
12.8593196869,80.2263412476,75784,75794,10
12.8602104187,80.2264785767,75794,75804,10
12.8608398438,80.2265472412,75804,75814,10
12.8609304428,80.2265625,75814,75824,10
12.8613901138,80.2265625,75824,75834,10
12.8621997833,80.2265319824,75834,75845,11
12.8632802963,80.2264862061,75845,75855,10
12.8644304276,80.2265396118,75855,75865,10
12.8656702042,80.2265701294,75865,75875,10
12.8668203354,80.2264785767,75875,75885,10
12.868060112,80.2263717651,75885,75895,10
12.8693599701,80.2264480591,75895,75905,10
12.870470047,80.2265701294,75905,75915,10
12.8716802597,80.2266387939,75915,75925,10
12.8727197647,80.2266616821,75925,75936,11
12.873049736,80.2266616821,75936,75946,10
12.8735399246,80.2266998291,75946,75956,10
12.8743200302,80.2267684937,75956,75966,10
12.8753499985,80.2268981934,75966,75976,10
12.876159668,80.2269210815,75976,75986,10
12.8763799667,80.2268981934,75986,75996,10
12.8764896393,80.2268981934,75996,76006,10
12.8768396378,80.2268981934,76006,76016,10
12.8775396347,80.2268600464,76016,76027,11
12.8786697388,80.2267837524,76027,76037,10
12.879940033,80.2267303467,76037,76047,10
12.8813199997,80.2267227173,76047,76057,10
12.8827199936,80.2267074585,76057,76067,10
12.8838500977,80.2266769409,76067,76077,10
12.8847398758,80.2266387939,76077,76087,10
12.8851604462,80.2266616821,76087,76097,10
12.8852500916,80.2266769409,76097,76107,10
12.8855495453,80.2267532349,76107,76118,11
12.8863401413,80.2269592285,76118,76128,10
12.8872900009,80.227180481,76128,76138,10
12.8883695602,80.2273101807,76138,76148,10
12.8896198273,80.2273178101,76148,76158,10
12.890879631,80.2273178101,76158,76168,10
12.891960144,80.2273101807,76168,76178,10
12.8924703598,80.2273330688,76178,76188,10
12.8931798935,80.227432251,76188,76198,10
12.8941602707,80.2275466919,76198,76208,10
12.8950796127,80.2276306152,76208,76219,11
12.8961601257,80.2276763916,76219,76229,10
12.8972501755,80.227722168,76229,76239,10
12.8983602524,80.2277526855,76239,76249,10
12.8993797302,80.2278213501,76249,76259,10
12.9000597,80.2278366089,76259,76350,91
12.9000597,80.2278366089,76350,76360,10
12.9002504349,80.2278900146,76360,76370,10
12.9005403519,80.227897644,76370,76380,10
12.900850296,80.2279205322,76380,76390,10
12.9012804031,80.2279586792,76390,76401,11
12.9019002914,80.2279815674,76401,76411,10
12.9025096893,80.2279891968,76411,76421,10
12.9028196335,80.2279968262,76421,76431,10
12.9029197693,80.2279891968,76431,76441,10
12.9034795761,80.2280197144,76441,76451,10
12.904299736,80.2280883789,76451,76461,10
12.9051103592,80.2281265259,76461,76471,10
12.9054698944,80.2281570435,76471,76532,61
12.9054698944,80.2281570435,76532,76542,10
12.9056396484,80.2281570435,76542,76552,10
12.9061203003,80.2281799316,76552,76562,10
12.9065103531,80.228187561,76562,76572,10
12.906709671,80.2282028198,76572,76583,11
12.9069404602,80.2282180786,76583,76593,10
12.9070596695,80.2282333374,76593,76603,10
12.9075899124,80.228302002,76603,76613,10
12.9084997177,80.2284622192,76613,76623,10
12.9096403122,80.2286376953,76623,76633,10
12.9105701447,80.2287979126,76633,76643,10
12.9119100571,80.2289962769,76643,76653,10
12.9129295349,80.2291488647,76653,76663,10
12.9137001038,80.2292480469,76663,76674,11
12.9140501022,80.2293014526,76674,76684,10
12.9141197205,80.2293167114,76684,76694,10
12.9146003723,80.2293930054,76694,76704,10
12.9153900146,80.2294998169,76704,76714,10
12.9164199829,80.2296524048,76714,76724,10
12.9174499512,80.2297973633,76724,76734,10
12.9184103012,80.2299575806,76734,76744,10
12.9195604324,80.2301025391,76744,76754,10
12.9208498001,80.2302474976,76754,76765,11
12.9223203659,80.2304534912,76765,76775,10
12.923620224,80.2306518555,76775,76785,10
12.9248600006,80.230796814,76785,76795,10
12.9259500504,80.2308883667,76795,76805,10
12.9264698029,80.2309494019,76805,76815,10
12.9265604019,80.2309570313,76815,76825,10
12.9271202087,80.2310409546,76825,76835,10
12.927980423,80.2311325073,76835,76845,10
12.9287996292,80.231262207,76845,76855,10
12.9296302795,80.2314376831,76855,76866,11
12.9307498932,80.2317276001,76866,76876,10
12.9317903519,80.2320709229,76876,76886,10
12.93268013,80.2323608398,76886,76896,10
12.9336700439,80.2327728271,76896,76916,20
12.9336700439,80.2327728271,76916,76926,10
12.9337701797,80.2328262329,76926,76936,10
12.9343099594,80.2330780029,76936,76946,10
12.9351997375,80.2334823608,76946,76957,11
12.9360904694,80.2338790894,76957,76967,10
12.9367904663,80.2342224121,76967,76977,10
12.9376497269,80.2346191406,76977,76987,10
12.9386301041,80.2350997925,76987,76997,10
12.9393796921,80.2354812622,76997,77007,10
12.9394702911,80.2355270386,77007,77017,10
12.9396600723,80.2356414795,77017,77027,10
12.9402503967,80.2358932495,77027,77037,10
12.9409999847,80.2360916138,77037,77048,11
12.9421396255,80.2363586426,77048,77058,10
12.9431400299,80.2368392944,77058,77068,10
12.9438896179,80.2375793457,77068,77078,10
12.9446601868,80.2384262085,77078,77088,10
12.9455404282,80.2392425537,77088,77098,10
12.9464797974,80.2396621704,77098,77108,10
12.9470396042,80.2398834229,77108,77118,10
12.9471998215,80.2399520874,77118,77128,10
12.9476604462,80.2401428223,77128,77139,11
12.9479703903,80.2402572632,77139,77149,10
12.9481601715,80.2403411865,77149,77159,10
12.948559761,80.2405166626,77159,77169,10
12.949139595,80.2407608032,77169,77179,10
12.9499197006,80.2410202026,77179,77189,10
12.9507102966,80.2412567139,77189,77199,10
12.9510202408,80.2413482666,77199,77209,10
12.9512195587,80.2414398193,77209,77219,10
12.9518604279,80.2416763306,77219,77230,11
12.9528303146,80.2420425415,77230,77240,10
12.9537000656,80.2423629761,77240,77250,10
12.9539499283,80.2424697876,77250,77260,10
12.9545001984,80.2426986694,77260,77270,10
12.9553203583,80.243019104,77270,77280,10
12.9559497833,80.2432022095,77280,77290,10
12.9560604095,80.2432327271,77290,77300,10
12.9562301636,80.2432937622,77300,77310,10
12.9563999176,80.2433624268,77310,77321,11
12.9571199417,80.2436828613,77321,77331,10
12.9580001831,80.2440719604,77331,77341,10
12.9586200714,80.2443237305,77341,77351,10
12.9588003159,80.244430542,77351,77361,10
12.9593296051,80.244682312,77361,77371,10
12.9602203369,80.2451019287,77371,77381,10
12.9611997604,80.245552063,77381,77392,11
12.9621295929,80.2460098267,77392,77402,10
12.9632196426,80.2465820313,77402,77463,61
12.9632196426,80.2465820313,77463,77473,10
12.9634895325,80.2468032837,77473,77483,10
12.9641199112,80.2470169067,77483,77493,10
12.9649295807,80.2472915649,77493,77504,11
12.9659204483,80.2476119995,77504,77514,10
12.9664402008,80.2477874756,77514,77524,10
12.9666004181,80.2478713989,77524,77534,10
12.9668598175,80.2480010986,77534,77544,10
12.9675102234,80.2483215332,77544,77554,10
12.968580246,80.2487487793,77554,77564,10
12.9697704315,80.2492294312,77564,77574,10
12.9710302353,80.2496795654,77574,77584,10
12.9723396301,80.2500076294,77584,77595,11
12.9736404419,80.2503509521,77595,77605,10
12.9748001099,80.2506637573,77605,77615,10
12.9759597778,80.2509765625,77615,77625,10
12.9771795273,80.2513809204,77625,77635,10
12.9781503677,80.2520904541,77635,77645,10
12.9785900116,80.2523803711,77645,77655,10
12.9787101746,80.252456665,77655,77665,10
12.9792003632,80.2525863647,77665,77675,10
12.9794597626,80.2526168823,77675,77685,10
12.9797000885,80.2526397705,77685,77696,11
12.9802598953,80.2526626587,77696,77706,10
12.9808597565,80.2526397705,77706,77716,10
12.9817495346,80.2526168823,77716,77726,10
12.9828300476,80.2525482178,77726,77736,10
12.984000206,80.2523422241,77736,77746,10
12.9849901199,80.2520675659,77746,77756,10
12.9859600067,80.2517700195,77756,77837,81
12.9859600067,80.2517700195,77837,77847,10
12.9862003326,80.2516937256,77847,77857,10
12.9865503311,80.2516174316,77857,77867,10
12.9872102737,80.2514266968,77867,77948,81
12.9872102737,80.2514266968,77948,77958,10
12.9873199463,80.2513809204,77958,77969,11
12.9876899719,80.2512969971,77969,77979,10
12.9878997803,80.2515487671,77979,77989,10
12.9879903793,80.2520980835,77989,77999,10
12.9879398346,80.2528076172,77999,78009,10
12.987859726,80.2536773682,78009,78019,10
12.9877700806,80.2546005249,78019,78029,10
12.9876899719,80.2550811768,78029,78080,51
12.9876899719,80.2550811768,78080,78090,10
12.9876003265,80.2555084229,78090,78100,10
12.9875602722,80.2559280396,78100,78110,10
12.9875097275,80.2565383911,78110,78120,10
12.9874401093,80.2571182251,78120,78130,10
12.9873800278,80.2579116821,78130,78140,10
12.9873399734,80.2583999634,78140,78151,11
12.9872503281,80.2585906982,78151,78211,60
12.9872503281,80.2585906982,78211,78221,10
12.9868001938,80.2586898804,78221,78231,10
12.9865102768,80.2587203979,78231,82995,4764
12.9865102768,80.2587203979,82995,83005,10
12.9866504669,80.2587966919,83005,83015,10
