13.0143098831,80.2258682251,12,2158,2146
13.0143098831,80.2258682251,2158,2168,10
13.0146503448,80.2257614136,2168,2998,830
13.0148601532,80.2254867554,2998,10130,7132
13.0147895813,80.2255706787,10130,10252,122
13.0148296356,80.2254486084,10252,13650,3398
13.0147199631,80.2257232666,13650,13750,100
13.0148296356,80.2254714966,13750,20727,6977
13.0148601532,80.2254180908,20727,20880,153
13.0148000717,80.225479126,20880,21901,1021
13.0148000717,80.225479126,21901,21911,10
13.014380455,80.2253417969,21911,21921,10
13.0142498016,80.2255935669,21921,21931,10
13.0142498016,80.2259292603,21931,21941,10
13.0142402649,80.22605896,21941,21950,9
13.0142602921,80.2262115479,21950,21962,12
13.0136804581,80.2264709473,21962,21992,30
13.0133304596,80.2266464233,21992,22002,10
13.0133304596,80.2266464233,22002,22012,10
13.012720108,80.2268600464,22012,22022,10
13.0099000931,80.227897644,22022,22044,22
13.0099000931,80.227897644,22044,22054,10
13.00963974,80.227432251,22054,22065,11
13.0114402771,80.2232208252,22065,22105,40
13.0121498108,80.2210998535,22105,22135,30
13.0111103058,80.2178573608,22135,22166,31
13.0083198547,80.2133789063,22166,22221,55
13.0078601837,80.2131195068,22221,22252,31
13.0070695877,80.2127914429,22252,22283,31
13.004699707,80.2123413086,22283,22313,30
12.9996004105,80.2144393921,22313,22389,76
12.9980602264,80.2157516479,22389,22418,29
12.9969100952,80.2165374756,22418,22449,31
12.9969100952,80.2165374756,22449,22470,21
12.9963998795,80.2165985107,22470,22480,10
12.9959602356,80.2166824341,22480,22490,10
12.9952898026,80.2169189453,22490,22500,10
12.9946498871,80.2173614502,22500,22510,10
12.9940395355,80.2178192139,22510,22520,10
12.9933395386,80.2182922363,22520,22530,10
12.9925203323,80.2189102173,22530,22538,8
12.991900444,80.2193527222,22538,22551,13
12.9913396835,80.2197570801,22551,22561,10
12.9910497665,80.2199707031,22561,22571,10
12.9907197952,80.2202301025,22571,22581,10
12.9900903702,80.2207794189,22581,22591,10
12.9894199371,80.2215805054,22591,22601,10
12.988699913,80.2224502563,22601,22611,10
12.9879302979,80.2230911255,22611,22621,10
12.9871301651,80.2230834961,22621,22631,10
12.9862203598,80.2229766846,22631,22641,10
12.9855499268,80.2232284546,22641,22652,11
12.9849596024,80.22315979,22652,22662,10
12.9842996597,80.2228012085,22662,22672,10
12.983590126,80.2223815918,22672,22682,10
12.9832897186,80.2222137451,22682,22692,10
12.9832897186,80.2222213745,22692,22702,10
12.9830503464,80.2220535278,22702,22712,10
12.9827003479,80.2218780518,22712,22722,10
12.9820995331,80.2216796875,22722,22732,10
12.9814195633,80.2212295532,22732,22742,10
12.9806003571,80.221031189,22742,22753,11
12.9795799255,80.2211227417,22753,22763,10
12.9786100388,80.2211914063,22763,22773,10
12.9776697159,80.2212219238,22773,22783,10
12.9770898819,80.2212371826,22783,22793,10
12.9764204025,80.2212371826,22793,22803,10
12.976149559,80.2214889526,22803,22813,10
12.9763202667,80.2216873169,22813,22823,10
12.9763498306,80.2217407227,22823,22833,10
12.9765796661,80.2221832275,22833,22843,10
12.9770202637,80.2229385376,22843,22854,11
12.9776000977,80.2239227295,22854,22864,10
12.9781599045,80.2248077393,22864,22874,10
12.9787397385,80.2257232666,22874,22884,10
12.9793395996,80.2266387939,22884,22894,10
12.9798803329,80.2275619507,22894,22904,10
12.980389595,80.2284164429,22904,22914,10
12.9808397293,80.2292175293,22914,22924,10
12.9813899994,80.2300109863,22924,22934,10
12.9816999435,80.2304992676,22934,22944,10
12.9818401337,80.2307815552,22944,22955,11
12.9820404053,80.2315063477,22955,22965,10
12.982049942,80.2323913574,22965,22975,10
12.9818096161,80.2331771851,22975,22985,10
12.9816799164,80.2334976196,22985,22995,10
12.9815196991,80.2338409424,22995,23005,10
12.9812602997,80.2346115112,23005,23015,10
12.9812803268,80.2356033325,23015,23025,10
12.9813404083,80.2367019653,23025,23035,10
12.9813499451,80.2379302979,23035,23045,10
12.9813804626,80.238609314,23045,23056,11
12.9813604355,80.2387008667,23056,23066,10
12.9813699722,80.2391586304,23066,23076,10
12.9813995361,80.2397079468,23076,23086,10
12.9814100266,80.2401733398,23086,23096,10
12.9814100266,80.2410202026,23096,23106,10
12.9814195633,80.2420425415,23106,23116,10
12.9814300537,80.2427520752,23116,23126,10
12.9814195633,80.2427825928,23126,23136,10
12.9813995361,80.2432403564,23136,23146,10
12.9813404083,80.2440338135,23146,23156,10
12.9812097549,80.2450637817,23156,23166,10
12.9810695648,80.2462081909,23166,23176,10
12.9809503555,80.247467041,23176,23186,10
12.9808502197,80.2488021851,23186,23198,12
12.9805898666,80.2503814697,23198,23206,8
12.9803304672,80.2514038086,23206,23218,12
12.9801597595,80.2521514893,23218,23228,10
12.9801397324,80.2522201538,23228,23238,10
12.9801502228,80.252456665,23238,23249,11
12.9805603027,80.2526473999,23249,23259,10
12.9813404083,80.2526168823,23259,23269,10
12.9823598862,80.2526092529,23269,23279,10
12.9835195541,80.2524795532,23279,23288,9
12.9846200943,80.2521896362,23288,23297,9
12.9857397079,80.2518997192,23297,23308,11
12.986989975,80.2515716553,23308,23318,10
12.9875097275,80.2514190674,23318,23370,52
12.9875097275,80.2514190674,23370,23380,10
12.9876699448,80.2513809204,23380,23390,10
12.9879398346,80.251701355,23390,23400,10
12.9880304337,80.2525100708,23400,23410,10
12.9879198074,80.2536315918,23410,23420,10
12.9878196716,80.2548294067,23420,23427,7
12.9877195358,80.2556762695,23427,23501,74
12.9877195358,80.2556762695,23501,23511,10
12.9877595901,80.2557525635,23511,23521,10
12.9876699448,80.2561569214,23521,23531,10
12.9876203537,80.256942749,23531,23541,10
12.9875297546,80.2580337524,23541,23552,11
12.9874296188,80.258972168,23552,23562,10
12.9873104095,80.2594299316,23562,23572,10
12.9873104095,80.2594604492,23572,23581,9
12.9873104095,80.2595214844,23581,23592,11
12.9871797562,80.2596282959,23592,23602,10
12.9870901108,80.2595672607,23602,23612,10
12.9868803024,80.2595672607,23612,23653,41
12.9868803024,80.2595672607,23653,23663,10
12.9867897034,80.2595367432,23663,23673,10
12.9866199493,80.2594528198,23673,23683,10
12.9866399765,80.2592163086,23683,23733,50
12.9870100021,80.2591094971,23733,23935,202
12.9870100021,80.2591094971,23935,23946,11
12.9873199463,80.2591094971,23946,23956,10
12.9873895645,80.2586517334,23956,23966,10
12.9874601364,80.2578125,23966,23976,10
12.9875602722,80.2567901611,23976,23986,10
12.9876203537,80.255897522,23986,23996,10
12.9877595901,80.2551803589,23996,24006,10
12.9878396988,80.2541809082,24006,24016,10
12.9879102707,80.2531967163,24016,24026,10
12.9879703522,80.2522125244,24026,24037,11
12.987830162,80.2516784668,24037,24047,10
12.9876098633,80.2515792847,24047,24057,10
12.9868602753,80.2516937256,24057,24067,10
12.9858398438,80.2519302368,24067,24077,10
12.9846096039,80.252243042,24077,24087,10
12.9832801819,80.252571106,24087,24097,10
12.9818601608,80.2526626587,24097,24109,12
12.9804000854,80.2527084351,24109,24119,10
12.979929924,80.2527236938,24119,24128,9
12.9799203873,80.2524185181,24128,24140,12
12.9799604416,80.2522125244,24140,24150,10
12.9801197052,80.251663208,24150,24160,10
12.980389595,80.2507629395,24160,24168,8
12.9806003571,80.2498626709,24168,24180,12
12.9807701111,80.2483215332,24180,24188,8
12.9808597565,80.2472381592,24188,24198,10
12.981010437,80.24584198,24198,24208,10
12.9811401367,80.2444610596,24208,24218,10
12.9812803268,80.2436294556,24218,24228,10
12.9813604355,80.2432022095,24228,24241,13
12.9813804626,80.2427597046,24241,24251,10
12.9813804626,80.2423324585,24251,24261,10
12.9813699722,80.2415924072,24261,24271,10
12.9813604355,80.2407684326,24271,24281,10
12.9813404083,80.2398834229,24281,24291,10
12.9813098907,80.239112854,24291,24301,10
12.981300354,80.2384033203,24301,24311,10
12.981300354,80.2380599976,24311,24321,10
12.981300354,80.2377166748,24321,24331,10
12.9812803268,80.2370834351,24331,24342,11
12.9812402725,80.2362213135,24342,24352,10
12.9812202454,80.2353820801,24352,24362,10
12.9812202454,80.2344436646,24362,24372,10
12.9815502167,80.2335586548,24372,24382,10
12.9816598892,80.2333068848,24382,24392,10
12.9818000793,80.2329864502,24392,24402,10
12.9819602966,80.2325134277,24402,24412,10
12.9819803238,80.2320709229,24412,24422,10
12.9819698334,80.2315597534,24422,24432,10
12.9818601608,80.2310714722,24432,24443,11
12.9816503525,80.2305908203,24443,24453,10
12.9812698364,80.2299423218,24453,24463,10
12.9809598923,80.2294387817,24463,24473,10
12.9808397293,80.2291564941,24473,24483,10
12.9804601669,80.228553772,24483,24493,10
12.9799804688,80.2277526855,24493,24503,10
12.9794397354,80.2268371582,24503,24513,10
12.9788398743,80.2258834839,24513,24523,10
12.9782800674,80.224937439,24523,24533,10
12.9778604507,80.2243423462,24533,24544,11
12.9775295258,80.2237701416,24544,24554,10
12.9771900177,80.223197937,24554,24564,10
12.9769697189,80.2227706909,24564,24574,10
12.9772100449,80.2226791382,24574,24584,10
12.977519989,80.2225036621,24584,24594,10
12.9775104523,80.2219161987,24594,24604,10
12.9774599075,80.2212905884,24604,24614,10
12.9769802094,80.221282959,24614,24624,10
12.9765901566,80.221282959,24624,24756,132
12.9765901566,80.221282959,24756,24766,10
12.9764099121,80.2210693359,24766,25142,376
12.9764099121,80.2210693359,25142,25152,10
12.9763202667,80.2211227417,25152,25162,10
12.976099968,80.2211380005,25162,25172,10
12.9762001038,80.2215118408,25172,25202,30
12.9762001038,80.2215118408,25202,25212,10
12.9763202667,80.2216796875,25212,25222,10
12.9764604568,80.2219619751,25222,25232,10
12.9767799377,80.2225265503,25232,25243,11
12.9772596359,80.2233200073,25243,25253,10
12.9777803421,80.2241287231,25253,25263,10
12.9782304764,80.224861145,25263,25273,10
12.9785900116,80.2254180908,25273,25283,10
12.9786701202,80.2255096436,25283,25293,10
12.9789600372,80.2259979248,25293,25303,10
12.9794197083,80.2267913818,25303,25313,10
12.9797496796,80.2273483276,25313,25323,10
12.9798803329,80.2275619507,25323,25334,11
12.9801797867,80.2280426025,25334,25344,10
12.9805698395,80.2286834717,25344,25354,10
12.9808502197,80.229133606,25354,25364,10
12.9811000824,80.2295532227,25364,25374,10
12.9815702438,80.2302627563,25374,25384,10
12.9817304611,80.2304992676,25384,25394,10
12.9817895889,80.2306365967,25394,25404,10
12.9819898605,80.2312011719,25404,25414,10
12.9820699692,80.2321090698,25414,25424,10
12.9818496704,80.2330627441,25424,25435,11
12.9816398621,80.233543396,25435,25445,10
12.9814500809,80.2339172363,25445,25455,10
12.9812402725,80.2347335815,25455,25465,10
12.9812698364,80.2358093262,25465,25475,10
12.9812898636,80.2369918823,25475,25485,10
12.9813098907,80.2378921509,25485,25495,10
12.9813203812,80.2383728027,25495,25505,10
12.9813499451,80.2386627197,25505,25515,10
12.9813499451,80.2387313843,25515,25525,10
12.9813404083,80.2392120361,25525,25536,11
12.9813499451,80.2400131226,25536,25546,10
12.9813699722,80.2409362793,25546,25556,10
12.9813604355,80.2419433594,25556,25566,10
12.9813804626,80.2427062988,25566,25576,10
12.9813804626,80.2427978516,25576,25586,10
12.9813804626,80.2429428101,25586,25596,10
12.9813804626,80.2434997559,25596,25606,10
12.9812803268,80.2443237305,25606,25616,10
12.9811601639,80.2453613281,25616,25626,10
12.9810304642,80.2464981079,25626,25637,11
12.980919838,80.2477798462,25637,25647,10
12.9808397293,80.2489013672,25647,25657,10
12.9806699753,80.25,25657,25667,10
12.9804296494,80.2509765625,25667,25677,10
12.9801397324,80.2522506714,25677,25707,30
12.9801397324,80.2522506714,25707,25717,10
12.9801197052,80.252532959,25717,25727,10
12.9803800583,80.2526779175,25727,25738,11
12.9810695648,80.2526626587,25738,25748,10
12.9818897247,80.2526397705,25748,25758,10
12.9828300476,80.2525787354,25758,25768,10
12.9838600159,80.2524185181,25768,25778,10
12.9849300385,80.2521362305,25778,25788,10
12.9860401154,80.2518386841,25788,25798,10
12.9872198105,80.2515182495,25798,25808,10
12.9880599976,80.2519836426,25808,25838,30
12.9880599976,80.2519836426,25838,25848,10
12.9880895615,80.2520370483,25848,25858,10
12.9880695343,80.2524795532,25858,25868,10
12.9879703522,80.2533798218,25868,25880,12
12.9878396988,80.2546920776,25880,25890,10
12.987739563,80.2556228638,25890,25949,59
12.987739563,80.2556228638,25949,25961,12
12.9876804352,80.2558364868,25961,25971,10
12.9876003265,80.2563095093,25971,25979,8
12.9875802994,80.2567367554,25979,25989,10
12.9875202179,80.257522583,25989,25999,10
12.9874601364,80.258430481,25999,26009,10
12.9873199463,80.2592926025,26009,26062,53
12.9872999191,80.259437561,26062,26112,50
12.9871702194,80.2596130371,26112,26173,61
12.9871702194,80.2596130371,26173,26183,10
12.9868001938,80.2595977783,26183,26254,71
12.9868297577,80.259262085,26254,26990,736
12.9868297577,80.259262085,26990,27002,12
12.986989975,80.2590408325,27002,27010,8
12.9871397018,80.2590789795,27010,27022,12
12.9873399734,80.258972168,27022,27033,11
12.9874000549,80.2584686279,27033,27043,10
12.9874401093,80.2580184937,27043,27053,10
12.9875001907,80.2574920654,27053,27063,10
12.9875602722,80.2567367554,27063,27073,10
12.9875898361,80.2559814453,27073,27083,10
12.9877195358,80.2554092407,27083,27091,8
12.9877300262,80.2550201416,27091,27103,12
12.9877500534,80.2548675537,27103,27113,10
12.9877796173,80.254737854,27113,27123,10
12.9877996445,80.2545394897,27123,27136,13
12.9878196716,80.2540817261,27136,27146,10
12.9878797531,80.2533111572,27146,27156,10
12.9878196716,80.2517776489,27156,27186,30
12.9878196716,80.2517776489,27186,27196,10
12.9874801636,80.2516021729,27196,27206,10
12.9868803024,80.2516784668,27206,27216,10
12.9860401154,80.2518768311,27216,27226,10
12.9849996567,80.2521514893,27226,27237,11
12.9836597443,80.2525100708,27237,27247,10
12.9822902679,80.2526626587,27247,27257,10
12.9809398651,80.2527084351,27257,27266,9
12.9800395966,80.2527313232,27266,27277,11
12.9798898697,80.2523117065,27277,27287,10
12.9799203873,80.2521820068,27287,27297,10
12.9800796509,80.2517318726,27297,27307,10
12.9803199768,80.2509918213,27307,27317,10
12.9805698395,80.250038147,27317,27327,10
12.9807300568,80.2489395142,27327,27338,11
12.9808301926,80.2476119995,27338,27348,10
12.9809503555,80.2463226318,27348,27358,10
12.9811000824,80.244972229,27358,27366,8
12.9811697006,80.2439880371,27366,27378,12
12.9813404083,80.243347168,27378,27388,10
12.9813499451,80.2428283691,27388,27398,10
12.9813604355,80.2427368164,27398,27408,10
12.9813699722,80.2423324585,27408,27418,10
12.9813604355,80.241607666,27418,27428,10
12.9813499451,80.2406311035,27428,27439,11
12.9813404083,80.2396087646,27439,27449,10
12.9813098907,80.2388000488,27449,27459,10
12.9812898636,80.238067627,27459,27469,10
12.9812898636,80.2380371094,27469,27479,10
12.9812803268,80.2377624512,27479,27489,10
12.9812698364,80.237159729,27489,27499,10
12.9812402725,80.2363128662,27499,27509,10
12.9812097549,80.2353591919,27509,27519,10
12.9812202454,80.2343826294,27519,27530,11
12.9815998077,80.2334213257,27530,27551,21
12.9815998077,80.2334213257,27551,27560,9
12.9816703796,80.2332611084,27560,27570,10
12.9818401337,80.2329177856,27570,27580,10
12.9819803238,80.2324523926,27580,27590,10
12.9819803238,80.2321166992,27590,27601,11
12.9819602966,80.2315292358,27601,27610,9
12.9818201065,80.23097229,27610,27620,10
12.9815397263,80.2304077148,27620,27632,12
12.9810400009,80.2296218872,27632,27640,8
12.9808502197,80.2293014526,27640,27652,12
12.9806900024,80.2290878296,27652,27661,9
12.9806804657,80.229057312,27661,27671,10
12.980509758,80.228767395,27671,27681,10
12.9802999496,80.2283172607,27681,27690,9
12.9799900055,80.2277984619,27690,27701,11
12.9794797897,80.2269515991,27701,27711,10
12.9790000916,80.2261581421,27711,27721,10
12.9784803391,80.2253112793,27721,27733,12
12.9779901505,80.224571228,27733,27743,10
12.977689743,80.2240982056,27743,27753,10
12.9773101807,80.2234725952,27753,27763,10
12.9770498276,80.2230606079,27763,27773,10
12.976940155,80.222869873,27773,27783,10
12.9771299362,80.2227401733,27783,27793,10
12.9771900177,80.2227325439,27793,27803,10
12.9773397446,80.2226791382,27803,27813,10
12.9775295258,80.2225418091,27813,27823,10
12.977519989,80.2220687866,27823,27834,11
12.9775104523,80.2219009399,27834,27844,10
12.9774999619,80.2215881348,27844,27854,10
12.9775400162,80.2212524414,27854,27864,10
12.97797966,80.2212295532,27864,27874,10
12.9787902832,80.2211608887,27874,27884,10
12.9797296524,80.2211074829,27884,27894,10
12.9806604385,80.2210235596,27894,27904,10
12.9813995361,80.2211990356,27904,27914,10
12.9817895889,80.2214813232,27914,27924,10
12.9822597504,80.2217483521,27924,27935,11
12.9830303192,80.2220306396,27935,27955,20
12.9830303192,80.2220306396,27955,27965,10
12.9833898544,80.2222595215,27965,27975,10
12.983830452,80.2225418091,27975,27985,10
12.9843301773,80.2228164673,27985,27995,10
12.9849004745,80.2231674194,27995,28005,10
12.9853897095,80.2233200073,28005,28015,10
12.9857597351,80.2229995728,28015,28025,10
12.9864196777,80.2229614258,28025,28036,11
12.9865903854,80.2229614258,28036,28046,10
12.9867401123,80.2229690552,28046,28056,10
12.9872102737,80.2230529785,28056,28066,10
12.9876899719,80.2230529785,28066,28076,10
12.9883003235,80.2226791382,28076,28086,10
12.9888801575,80.2220687866,28086,28096,10
12.9893198013,80.2213897705,28096,28106,10
12.9903202057,80.2203826904,28106,28126,20
12.9903202057,80.2203826904,28126,28137,11
12.9906196594,80.2202072144,28137,28147,10
12.9911298752,80.2198410034,28147,28157,10
12.9913301468,80.2196731567,28157,28167,10
12.9914197922,80.2195663452,28167,28177,10
12.9916400909,80.2194137573,28177,28187,10
12.992190361,80.2190628052,28187,28197,10
12.9929599762,80.218536377,28197,28207,10
12.9937200546,80.2180023193,28207,28217,10
12.9944000244,80.2174606323,28217,28228,11
12.9952001572,80.2169113159,28228,28238,10
12.9960899353,80.2165679932,28238,28248,10
12.9969301224,80.2164611816,28248,28258,10
12.9975795746,80.2160415649,28258,28278,20
12.9975795746,80.2160415649,28278,28288,10
12.9977397919,80.2159500122,28288,28298,10
12.9980201721,80.2156982422,28298,28308,10
12.9984798431,80.2152862549,28308,28318,10
12.9990196228,80.2148208618,28318,28328,10
12.9992904663,80.2145614624,28328,28339,11
12.9997596741,80.2141723633,28339,28349,10
13.0002298355,80.2137908936,28349,28359,10
13.0008001328,80.2133102417,28359,28369,10
13.0012197495,80.2129364014,28369,28379,10
13.0017595291,80.2125167847,28379,28389,10
13.0024003983,80.2121734619,28389,28399,10
13.0030403137,80.212059021,28399,28409,10
13.0037002563,80.2120132446,28409,28419,10
13.0043201447,80.2121505737,28419,28430,11
13.0049200058,80.2125320435,28430,28442,12
13.0059204102,80.2129364014,28442,28450,8
13.0065402985,80.2127304077,28450,28462,12
13.0074195862,80.2128067017,28462,28470,8
13.0078601837,80.2130508423,28470,28482,12
13.0078802109,80.2130737305,28482,28492,10
13.0079202652,80.2131118774,28492,28501,9
13.0081996918,80.2132797241,28501,28512,11
13.0087404251,80.2136993408,28512,28521,9
13.0092401505,80.21434021,28521,28533,12
13.0098600388,80.215171814,28533,28541,8
13.0102100372,80.2157363892,28541,28551,10
13.010720253,80.216506958,28551,28561,10
13.0110502243,80.2172927856,28561,28573,12
13.0114603043,80.2182769775,28573,28581,8
13.0117702484,80.2190704346,28581,28593,12
13.0121603012,80.2203369141,28593,28601,8
13.0124101639,80.2210769653,28601,28613,12
13.0127897263,80.2218170166,28613,28621,8
13.0131998062,80.2222518921,28621,28634,13
13.0137996674,80.2230377197,28634,28644,10
13.0142402649,80.2236328125,28644,28654,10
13.0145397186,80.2240219116,28654,28664,10
13.0150604248,80.224609375,28664,28674,10
13.0156602859,80.2250671387,28674,28704,30
13.0156602859,80.2250671387,28704,28714,10
13.0159196854,80.2252807617,28714,28721,7
13.0163602829,80.2253265381,28721,28735,14
13.0174703598,80.2249603271,28735,28745,10
13.0183601379,80.2246017456,28745,28755,10
13.0192298889,80.2244110107,28755,28765,10
13.0199899673,80.2247390747,28765,28775,10
13.0207700729,80.2252807617,28775,28785,10
13.021490097,80.2257995605,28785,28795,10
13.0220003128,80.2261276245,28795,28805,10
13.02202034,80.2261505127,28805,28815,10
13.0221796036,80.2263183594,28815,28825,10
13.0226697922,80.2267532349,28825,28836,11
13.0234298706,80.2274780273,28836,28846,10
13.0242099762,80.2282562256,28846,28856,10
13.0247802734,80.2290115356,28856,28866,10
13.0252599716,80.229637146,28866,28876,10
13.0257396698,80.2303314209,28876,28886,10
13.0259799957,80.2309112549,28886,28896,10
13.0260696411,80.231338501,28896,28906,10
13.02643013,80.231300354,28906,28916,10
13.0272197723,80.2310791016,28916,28927,11
13.0281095505,80.2309417725,28927,28937,10
13.028429985,80.2309188843,28937,28949,12
13.0286102295,80.2309112549,28949,28959,10
13.0291595459,80.2308425903,28959,28969,10
13.029589653,80.2307891846,28969,28979,10
13.0302495956,80.2307281494,28979,28989,10
13.0308504105,80.2306900024,28989,28999,10
13.0315504074,80.2306365967,28999,29009,10
13.0323801041,80.2305679321,29009,29019,10
13.0332098007,80.2304992676,29019,29030,11
13.0339899063,80.2304382324,29030,29040,10
13.0347700119,80.2302627563,29040,29070,30
13.0347700119,80.2302627563,29070,29080,10
13.0349397659,80.230178833,29080,29090,10
13.0349197388,80.2299499512,29090,29171,81
13.0349197388,80.2299499512,29171,29182,11
13.0345602036,80.229927063,29182,29647,465
13.0345401764,80.2299575806,29647,29929,282
13.0345201492,80.2299575806,29929,30315,386
13.0345401764,80.229927063,30315,30447,132
13.0342502594,80.2299118042,30447,30497,50
13.0342502594,80.2299118042,30497,30507,10
13.0341701508,80.2302780151,30507,30517,10
13.0341596603,80.2304000854,30517,30527,10
13.0341300964,80.2304534912,30527,30537,10
13.0339603424,80.230430603,30537,30548,11
13.0334997177,80.23046875,30548,30558,10
13.0328102112,80.2305221558,30558,30568,10
13.0321102142,80.2306213379,30568,30578,10
13.0314102173,80.2306900024,30578,30588,10
13.03083992,80.230758667,30588,30598,10
13.0304403305,80.2307891846,30598,30608,10
13.0300998688,80.2308425903,30608,30618,10
13.0299396515,80.2308578491,30618,30628,10
13.0296497345,80.2309036255,30628,30638,10
13.0293998718,80.2309112549,30638,30649,11
13.0287704468,80.2309875488,30649,30659,10
13.0279998779,80.2310562134,30659,30669,10
13.0276899338,80.2312164307,30669,30679,10
13.0277099609,80.2317733765,30679,30689,10
13.0278196335,80.2324295044,30689,30699,10
13.0275297165,80.2328720093,30699,30723,24
13.0275297165,80.2328720093,30723,30739,16
13.0270299911,80.2329406738,30739,30750,11
13.0259799957,80.2313690186,30750,30790,40
12.976269722,80.2218017578,30790,32195,1405
12.976269722,80.2218017578,32195,32205,10
12.9763498306,80.2220687866,32205,32215,10
12.9764404297,80.2221832275,32215,32225,10
12.9766197205,80.2223892212,32225,32245,20
12.9766197205,80.2223892212,32245,32255,10
12.9768104553,80.2225494385,32255,32265,10
12.9769496918,80.2227783203,32265,32275,10
12.977230072,80.2232666016,32275,32285,10
12.9774799347,80.2236785889,32285,32295,10
12.9778499603,80.2242736816,32295,32306,11
12.9781503677,80.2247314453,32306,32316,10
12.9783401489,80.2250518799,32316,32326,10
12.978679657,80.2256393433,32326,32336,10
12.979060173,80.2262802124,32336,32346,10
12.9794197083,80.226852417,32346,32356,10
12.9797801971,80.2274017334,32356,32366,10
12.9802103043,80.2281112671,32366,32376,10
12.9804801941,80.2285766602,32376,32386,10
12.9806900024,80.2289733887,32386,32397,11
12.980890274,80.229309082,32397,32407,10
12.9812097549,80.2298583984,32407,32417,10
12.9816503525,80.2305526733,32417,32427,10
12.981760025,80.2307510376,32427,32437,10
12.9819097519,80.2312011719,32437,32447,10
12.9820299149,80.2318878174,32447,32457,10
12.9820404053,80.2322616577,32457,32467,10
12.982000351,80.2326278687,32467,32477,10
12.981880188,80.233001709,32477,32487,10
12.9816799164,80.2334365845,32487,32498,11
12.9814300537,80.2339477539,32498,32508,10
12.9812698364,80.2343826294,32508,32518,10
12.9812402725,80.2350387573,32518,32528,10
12.9812602997,80.2356719971,32528,32538,10
12.9812898636,80.2365570068,32538,32548,10
12.9813098907,80.2374572754,32548,32558,10
12.9813299179,80.2378768921,32558,32568,10
12.9813404083,80.2381210327,32568,32578,10
12.9813404083,80.2382888794,32578,32588,10
12.9813499451,80.2386169434,32588,32599,11
12.9813499451,80.2386627197,32599,32609,10
12.9813499451,80.2389984131,32609,32619,10
12.9813604355,80.2391815186,32619,32629,10
12.9813604355,80.2394638062,32629,32639,10
12.9813699722,80.2396469116,32639,32649,10
12.9813699722,80.240020752,32649,32659,10
12.9813899994,80.2408294678,32659,32669,10
12.9813995361,80.2417602539,32669,32679,10
12.9814300537,80.2425384521,32679,32700,21
12.9814300537,80.2425384521,32700,32710,10
12.9814300537,80.2426376343,32710,32720,10
12.9813995361,80.2429580688,32720,32730,10
12.9813899994,80.2435302734,32730,32740,10
12.9812602997,80.2443084717,32740,32750,10
12.9811296463,80.2453231812,32750,32760,10
12.9809999466,80.2463989258,32760,32770,10
12.980890274,80.2476272583,32770,32780,10
12.980799675,80.248878479,32780,32790,10
12.9806604385,80.2499237061,32790,32800,10
12.9804096222,80.2509536743,32800,32812,12
12.9801797867,80.2519989014,32812,32820,8
12.9801397324,80.2522506714,32820,32831,11
12.9801397324,80.2523193359,32831,32840,9
12.980219841,80.2525405884,32840,32851,11
12.980629921,80.2526321411,32851,32860,9
12.9812202454,80.2526016235,32860,32871,11
12.9824104309,80.252571106,32871,32972,101
12.9824104309,80.252571106,32972,32981,9
12.9824895859,80.2525634766,32981,32992,11
12.9829397202,80.252532959,32992,33004,12
12.9832201004,80.2525024414,33004,33014,10
12.9834003448,80.2524871826,33014,33024,10
12.9838104248,80.2524032593,33024,33034,10
12.9843797684,80.252243042,33034,33044,10
12.9847602844,80.2521362305,33044,33054,10
12.9851903915,80.2520217896,33054,33064,10
12.9858598709,80.2518234253,33064,33448,384
12.9858598709,80.2518234253,33448,33458,10
12.9860296249,80.251701355,33458,33468,10
12.9863004684,80.2516479492,33468,33478,10
12.9864597321,80.2516403198,33478,33488,10
12.9867897034,80.2515792847,33488,33499,11
12.9872598648,80.251449585,33499,33509,10
12.9876499176,80.2513504028,33509,33519,10
12.9879999161,80.2516479492,33519,33529,10
12.9880599976,80.2521362305,33529,33539,10
12.9880104065,80.2526321411,33539,33549,10
12.987950325,80.253326416,33549,33559,10
12.9878702164,80.2540512085,33559,33569,10
12.9877500534,80.2553634644,33569,33763,194
12.9877500534,80.2553634644,33763,33772,9
12.9877500534,80.2556228638,33772,33783,11
12.9876499176,80.2561798096,33783,33792,9
12.9876203537,80.2567901611,33792,33802,10
12.9875497818,80.2576217651,33802,33814,12
12.9874401093,80.2587890625,33814,33822,8
12.9872398376,80.2595672607,33822,33842,20
12.9872398376,80.2595672607,33842,33852,10
12.9871301651,80.2595977783,33852,33862,10
12.9870996475,80.2593383789,33862,34008,146
12.9873399734,80.2589111328,34008,34039,31
12.9874401093,80.2577819824,34039,34067,28
12.9875497818,80.2571411133,34067,34271,204
12.9875497818,80.2571411133,34271,34281,10
12.9875402451,80.2567596436,34281,34291,10
12.9875898361,80.2561187744,34291,34301,10
12.9876003265,80.2560272217,34301,34311,10
12.9877099991,80.2554321289,34311,34483,172
12.9877099991,80.2554321289,34483,34493,10
12.9877700806,80.255317688,34493,34503,10
12.9877796173,80.2550506592,34503,34513,10
12.9877796173,80.254737854,34513,34524,11
12.9878196716,80.25440979,34524,34534,10
12.9878396988,80.2540206909,34534,34544,10
12.987859726,80.2536392212,34544,34554,10
12.9878797531,80.2532196045,34554,34564,10
12.9879102707,80.2529067993,34564,34594,30
12.9879398346,80.2526016235,34594,34947,353
12.9879398346,80.2526016235,34947,34957,10
12.9879302979,80.2524795532,34957,34967,10
12.9879302979,80.2522583008,34967,34977,10
12.987859726,80.2518615723,34977,34987,10
12.9877004623,80.2516403198,34987,34997,10
12.987569809,80.2516403198,34997,35007,10
12.9872102737,80.251663208,35007,35017,10
12.9863796234,80.2518386841,35017,35030,13
12.9849004745,80.2521896362,35030,35040,10
12.9836196899,80.252532959,35040,35050,10
12.9822397232,80.2526702881,35050,35060,10
12.9809303284,80.2527236938,35060,35068,8
12.9804296494,80.2527236938,35068,35080,12
12.9802103043,80.2527084351,35080,35090,10
12.9799995422,80.2526779175,35090,35100,10
12.9799203873,80.252456665,35100,35110,10
12.9799499512,80.2521591187,35110,35120,10
12.9799804688,80.2520294189,35120,35131,11
12.9801502228,80.2514877319,35131,35141,10
12.9804000854,80.2506027222,35141,35151,10
12.9806604385,80.2494888306,35151,35161,10
12.9807500839,80.2482528687,35161,35171,10
12.9808197021,80.2473526001,35171,35181,10
12.980919838,80.2464294434,35181,35191,10
12.9810495377,80.2452163696,35191,35201,10
12.981180191,80.2440109253,35201,35211,10
12.9813098907,80.2435836792,35211,35221,10
12.9813404083,80.2434082031,35221,35232,11
12.9813404083,80.2429962158,35232,35242,10
12.9813499451,80.2428588867,35242,35252,10
12.9813499451,80.2427902222,35252,35262,10
12.9813804626,80.242477417,35262,35272,10
12.9813699722,80.2419509888,35272,35282,10
12.9814100266,80.2413024902,35282,35292,10
12.9814300537,80.2404937744,35292,35302,10
12.9814195633,80.240020752,35302,35312,10
12.9814100266,80.239906311,35312,35323,11
12.9814100266,80.2396316528,35323,35333,10
12.9813899994,80.2391586304,35333,35343,10
12.9813604355,80.2385406494,35343,35353,10
12.9813404083,80.2381362915,35353,35373,20
12.9813404083,80.2381362915,35373,35383,10
12.9813404083,80.237701416,35383,35393,10
12.9813203812,80.2370834351,35393,35403,10
12.981300354,80.2361602783,35403,35413,10
12.9812698364,80.2353897095,35413,35424,11
12.9812602997,80.2343673706,35424,35434,10
12.9815196991,80.2336425781,35434,35444,10
12.9816198349,80.2333908081,35444,35454,10
12.9816198349,80.2333831787,35454,35464,10
12.981760025,80.2331237793,35464,35474,10
12.9819402695,80.2325897217,35474,35484,10
12.982000351,80.2321014404,35484,35494,10
12.9820203781,80.2315597534,35494,35504,10
12.9819803238,80.2310333252,35504,35514,10
12.9817199707,80.2305374146,35514,35525,11
12.9812698364,80.2298431396,35525,35535,10
12.9809999466,80.2294235229,35535,35545,10
12.9808597565,80.2292175293,35545,35555,10
12.9807500839,80.2290496826,35555,35565,10
12.9806995392,80.2289733887,35565,35575,10
12.9805202484,80.2286605835,35575,35585,10
12.9802999496,80.2281799316,35585,35595,10
12.9798803329,80.2275314331,35595,35605,10
12.9794397354,80.2268218994,35605,35615,10
12.9791097641,80.2262191772,35615,35625,10
12.9787397385,80.2256011963,35625,35636,11
12.9782104492,80.2247314453,35636,35646,10
12.9778003693,80.2241210938,35646,35656,10
12.9773197174,80.2233734131,35656,35666,10
12.9769697189,80.2227783203,35666,35676,10
12.9771699905,80.2226715088,35676,35686,10
12.9772195816,80.22265625,35686,35696,10
12.9774999619,80.2226104736,35696,35705,9
12.9775295258,80.2222900391,35705,35716,11
12.977519989,80.2215499878,35716,35726,10
12.9775400162,80.2212677002,35726,35737,11
12.9780101776,80.2212524414,35737,35747,10
12.9787397385,80.2211837769,35747,35757,10
12.9795598984,80.2211227417,35757,35767,10
12.9804601669,80.2210235596,35767,35777,10
12.9813299179,80.2211227417,35777,35787,10
12.9819803238,80.2215881348,35787,35797,10
12.9826002121,80.2218475342,35797,35807,10
12.9830198288,80.2219772339,35807,35817,10
12.9831495285,80.2220611572,35817,35827,10
12.9834003448,80.2222290039,35827,35837,10
12.9835395813,80.2223510742,35837,35847,10
12.9840097427,80.2226333618,35847,35857,10
12.9846696854,80.2230377197,35857,35868,11
12.9853897095,80.2233123779,35868,35879,11
12.9858798981,80.2229995728,35879,35888,9
12.9864597321,80.2229614258,35888,35898,10
12.9865198135,80.2229614258,35898,35908,10
12.9868402481,80.2229919434,35908,35918,10
12.9873504639,80.2230606079,35918,35928,10
12.9880304337,80.222869873,35928,35938,10
12.9886798859,80.2223205566,35938,35948,10
12.9892301559,80.2217025757,35948,35958,10
12.9898099899,80.2209014893,35958,35968,10
12.9904098511,80.2203598022,35968,35978,10
12.9904403687,80.2203369141,35978,35988,10
12.9907798767,80.2200927734,35988,35998,10
12.9914197922,80.219581604,35998,36008,10
12.9921998978,80.2190322876,36008,36018,10
12.9930295944,80.2184524536,36018,36031,13
12.9939498901,80.2177734375,36031,36041,10
12.9944400787,80.2174301147,36041,36051,10
12.9948101044,80.2171478271,36051,36061,10
12.9952201843,80.2168807983,36061,36071,10
12.9958295822,80.2166366577,36071,36081,10
12.9964103699,80.2165222168,36081,36091,10
12.9965400696,80.2164916992,36091,36101,10
12.9969100952,80.2164535522,36101,36111,10
12.9972295761,80.2163925171,36111,36121,10
12.9975299835,80.2160873413,36121,36132,11
12.9975996017,80.2160263062,36132,36142,10
12.9978599548,80.2158126831,36142,36152,10
12.9983701706,80.2153625488,36152,36162,10
12.9989795685,80.21484375,36162,36172,10
12.9992904663,80.21459198,36172,36182,10
12.9997596741,80.2141799927,36182,36192,10
13.0002098083,80.2137832642,36192,36202,10
13.0007896423,80.2132568359,36202,36212,10
13.0013599396,80.2128295898,36212,36223,11
13.0020198822,80.212348938,36223,36233,10
13.0025196075,80.2121276855,36233,36243,10
13.0026102066,80.212097168,36243,36253,10
13.0029802322,80.2120666504,36253,36263,10
13.0035200119,80.2120285034,36263,36273,10
13.0040597916,80.2120132446,36273,36283,10
13.0046596527,80.2122879028,36283,36293,10
13.0053100586,80.212677002,36293,36303,10
13.0060796738,80.212852478,36303,36313,10
13.0063896179,80.2127532959,36313,36323,10
13.0067396164,80.2127227783,36323,36334,11
13.0068998337,80.2127227783,36334,36344,10
13.0071697235,80.2127609253,36344,36354,10
13.0072498322,80.2127685547,36354,36364,10
13.007349968,80.2128067017,36364,36374,10
13.007519722,80.2128219604,36374,36384,10
13.0077199936,80.212928772,36384,36404,20
13.0077199936,80.212928772,36404,36414,10
13.007809639,80.2130126953,36414,36425,11
13.0081396103,80.2132415771,36425,36435,10
13.0086402893,80.2135162354,36435,36445,10
13.0089902878,80.2139892578,36445,36455,10
13.0094604492,80.2146377563,36455,36465,10
13.0096797943,80.2149810791,36465,36475,10
13.0100002289,80.2153625488,36475,36485,10
13.0105199814,80.2160186768,36485,36495,10
13.0108299255,80.216796875,36495,36505,10
13.0111703873,80.2175674438,36505,36514,9
13.0114002228,80.2182617188,36514,36526,12
13.0117998123,80.2193527222,36526,36536,10
13.0120897293,80.2202911377,36536,36546,10
13.0122995377,80.2209396362,36546,36556,10
13.0123796463,80.2214813232,36556,36566,10
13.0127401352,80.222038269,36566,36576,10
13.0131597519,80.2224731445,36576,36586,10
13.0136404037,80.2229995728,36586,36596,10
13.0141401291,80.2235565186,36596,36606,10
13.0144195557,80.2238388062,36606,36616,10
13.015080452,80.2245025635,36616,36627,11
13.0154800415,80.2248535156,36627,36637,10
13.0156402588,80.2250213623,36637,36647,10
13.0161399841,80.2253112793,36647,36657,10
13.0167703629,80.2251968384,36657,36667,10
13.0173301697,80.2249908447,36667,36677,10
13.0180196762,80.2246704102,36677,36687,10
13.0185604095,80.2244567871,36687,36697,10
13.0188598633,80.2243423462,36697,36707,10
13.0191297531,80.2242965698,36707,36717,10
13.019490242,80.2243499756,36717,36728,11
13.0198001862,80.2245407104,36728,36738,10
13.0200099945,80.2247009277,36738,36748,10
13.0205202103,80.2250595093,36748,36768,20
13.0205202103,80.2250595093,36768,36778,10
13.0207099915,80.2251815796,36778,36788,10
13.0209102631,80.2253417969,36788,36798,10
13.021109581,80.2255172729,36798,36808,10
13.0212898254,80.225730896,36808,36818,10
13.0215997696,80.2259216309,36818,36828,10
13.0216398239,80.2259368896,36828,36839,11
13.0218095779,80.2260131836,36839,36849,10
13.0219297409,80.2260971069,36849,36859,10
13.0220499039,80.2261962891,36859,36869,10
13.0222597122,80.226348877,36869,36919,50
13.0222597122,80.226348877,36919,36931,12
13.0224504471,80.2265625,36931,36941,10
13.022649765,80.2267227173,36941,36951,10
13.0228500366,80.2269134521,36951,36961,10
13.0230102539,80.2270812988,36961,36971,10
13.0232000351,80.2272796631,36971,36979,8
13.0233602524,80.2274093628,36979,36991,12
13.0237102509,80.2277069092,36991,37001,10
13.0240001678,80.2279891968,37001,37008,7
13.024310112,80.2283477783,37008,37062,54
13.024310112,80.2283477783,37062,37072,10
13.024479866,80.2285614014,37072,37082,10
13.0246400833,80.2287826538,37082,37092,10
13.0248403549,80.2290802002,37092,37102,10
13.0251398087,80.2294616699,37102,37112,10
13.0255498886,80.2300109863,37112,37173,61
13.0255498886,80.2300109863,37173,37183,10
13.0256996155,80.2302398682,37183,37193,10
13.0258598328,80.2305831909,37193,37203,10
13.0260095596,80.2309875488,37203,37213,10
13.0261602402,80.231300354,37213,37223,10
13.0267295837,80.2311782837,37223,37234,11
13.0276498795,80.2309875488,37234,37244,10
13.0283498764,80.2309112549,37244,37294,50
13.0283498764,80.2309112549,37294,37304,10
13.028719902,80.2308807373,37304,37314,10
13.0292797089,80.2308273315,37314,37324,10
13.0297498703,80.2307815552,37324,37335,11
13.02987957,80.2307815552,37335,37345,10
13.0303201675,80.2307281494,37345,37355,10
13.0309896469,80.2306671143,37355,37365,10
13.0315999985,80.2306137085,37365,37375,10
13.0321102142,80.2305831909,37375,37385,10
13.0327396393,80.2305221558,37385,37395,10
13.033490181,80.2304763794,37395,37405,10
13.0340795517,80.2304534912,37405,37415,10
13.0348396301,80.23021698,37415,37446,31
13.0348396301,80.23021698,37446,37456,10
13.0349998474,80.2300491333,37456,37466,10
13.0350799561,80.229927063,37466,37476,10
13.0350704193,80.2298126221,37476,37486,10
13.0347795486,80.2297821045,37486,37496,10
13.0343399048,80.2297210693,37496,37587,91
13.0342197418,80.2300720215,37587,37627,40
13.0342197418,80.2300720215,37627,37638,11
13.034239769,80.2303009033,37638,37648,10
13.0342102051,80.2303466797,37648,37658,10
13.0341596603,80.2304000854,37658,37668,10
13.0339698792,80.2304229736,37668,37678,10
13.033490181,80.2304382324,37678,37688,10
13.0326795578,80.2305221558,37688,37698,10
13.0316400528,80.2306289673,37698,37708,10
13.0308904648,80.23072052,37708,37718,10
13.030579567,80.2307281494,37718,37728,10
13.0300798416,80.230758667,37728,37740,12
13.029800415,80.2308120728,37740,37750,10
13.0293197632,80.2308578491,37750,37758,8
13.0287303925,80.2309036255,37758,37808,50
13.0287303925,80.2309036255,37808,37819,11
13.0284099579,80.2309112549,37819,37829,10
13.0282297134,80.2309494019,37829,37839,10
13.0279998779,80.23097229,37839,37849,10
13.0277996063,80.2309875488,37849,37859,10
13.0276498795,80.2312011719,37859,37869,10
13.0277299881,80.2317428589,37869,37879,10
13.0277795792,80.2321472168,37879,38032,153
13.0277795792,80.2321472168,38032,38043,11
13.0278100967,80.2325820923,38043,38053,10
13.0278196335,80.2326278687,38053,38063,10
13.0277099609,80.2328186035,38063,38073,10
13.0272502899,80.2328720093,38073,38083,10
13.0269203186,80.2329025269,38083,38144,61
13.0269203186,80.2329025269,38144,38154,10
13.0265598297,80.2330703735,38154,38164,10
13.0262804031,80.2326889038,38164,38174,10
13.0260896683,80.2319335938,38174,38184,10
13.0259504318,80.2314224243,38184,38194,10
13.0256900787,80.2305984497,38194,38204,10
13.0250797272,80.2296600342,38204,38214,10
13.024600029,80.229057312,38214,38224,10
13.0243501663,80.2287368774,38224,38233,9
13.0243301392,80.2287063599,38233,38244,11
13.0241699219,80.2284393311,38244,38255,11
13.0236196518,80.2277832031,38255,38265,10
13.0228595734,80.2270812988,38265,38275,10
13.0221595764,80.2264404297,38275,38285,10
13.0217199326,80.22605896,38285,38295,10
13.0212802887,80.2257385254,38295,38305,10
13.020819664,80.2253875732,38305,38315,10
13.0201997757,80.2249984741,38315,38325,10
13.0194597244,80.2245407104,38325,38335,10
13.0184803009,80.2245864868,38335,38346,11
13.0173501968,80.2250671387,38346,38356,10
13.016699791,80.2253570557,38356,38366,10
13.0164403915,80.225479126,38366,38376,10
13.0160598755,80.2256088257,38376,38386,10
13.0153799057,80.2258529663,38386,38396,10
13.014670372,80.2261428833,38396,38406,10
13.0144395828,80.2262268066,38406,38416,10
13.0142698288,80.2262802124,38416,38426,10
13.0137996674,80.2264480591,38426,38435,9
13.0131597519,80.2266921997,38435,38447,12
13.012169838,80.2270965576,38447,38457,10
13.0114097595,80.2273788452,38457,38467,10
13.010430336,80.2277526855,38467,38477,10
13.009519577,80.2277984619,38477,38487,10
13.0097103119,80.2271194458,38487,38497,10
13.0101203918,80.2262420654,38497,38507,10
13.0104904175,80.2254180908,38507,38517,10
13.0109300613,80.2243728638,38517,38527,10
13.0113801956,80.2232818604,38527,38536,9
13.0117301941,80.2223587036,38536,38545,9
13.0120401382,80.2214431763,38545,38558,13
13.0120096207,80.2205886841,38558,38568,10
13.0117397308,80.2196807861,38568,38578,10
13.0114297867,80.2187194824,38578,38588,10
13.011179924,80.2180175781,38588,38598,10
13.0108995438,80.2172927856,38598,38608,10
13.0105400085,80.2164764404,38608,38618,10
13.0101003647,80.2157363892,38618,38628,10
13.00963974,80.2149200439,38628,38638,10
13.0090799332,80.2141799927,38638,38649,11
13.0083198547,80.2133712769,38649,38669,20
13.0083198547,80.2133712769,38669,38679,10
13.008020401,80.2132263184,38679,38689,10
13.007900238,80.213142395,38689,38699,10
13.0076503754,80.2129135132,38699,38709,10
13.0070800781,80.2127609253,38709,38719,10
13.0062599182,80.2127990723,38719,38730,11
13.0055198669,80.2128372192,38730,38740,10
13.0047101974,80.2123413086,38740,38749,9
13.0038700104,80.2120819092,38749,38759,10
13.0030498505,80.2120666504,38759,38769,10
13.0023298264,80.2122192383,38769,38779,10
13.0017004013,80.2126312256,38779,38789,10
13.0010004044,80.2131576538,38789,38799,10
13.0003700256,80.2137298584,38799,38810,11
12.9996995926,80.2143173218,38810,38820,10
12.9991903305,80.2147674561,38820,38830,10
12.9988498688,80.2150421143,38830,38840,10
12.9982500076,80.2154922485,38840,38850,10
12.9975004196,80.2161636353,38850,38860,10
12.9973497391,80.2163162231,38860,38870,10
12.9970998764,80.2165222168,38870,38880,10
12.9964599609,80.2165603638,38880,38890,10
12.9962100983,80.2166290283,38890,38900,10
12.9957704544,80.216758728,38900,38910,10
12.9955596924,80.2168273926,38910,38920,10
12.9954004288,80.2169036865,38920,38930,10
12.9952096939,80.2170028687,38930,38940,10
12.995059967,80.217086792,38940,38953,13
12.9945898056,80.2174072266,38953,38963,10
12.9940795898,80.2177886963,38963,38973,10
12.9934196472,80.2182693481,38973,38983,10
12.9927396774,80.2187805176,38983,38992,9
12.991979599,80.2193374634,38992,39003,11
12.9912700653,80.2198486328,39003,39013,10
12.9907999039,80.2201919556,39013,39022,9
12.9906997681,80.2202682495,39022,39033,11
12.9901599884,80.2206497192,39033,39043,10
12.9895200729,80.2213668823,39043,39054,11
12.9891004562,80.2219161987,39054,39064,10
12.9886102676,80.2224502563,39064,39074,10
12.9879398346,80.2229995728,39074,39084,10
12.9877099991,80.2231369019,39084,39094,10
12.9876003265,80.2231521606,39094,39104,10
12.9871397018,80.2230911255,39104,39114,10
12.9865198135,80.2229919434,39114,39124,10
12.9858198166,80.2230072021,39124,39134,10
12.9852600098,80.2232513428,39134,39144,10
12.9844799042,80.2229232788,39144,39156,12
12.9837903976,80.2225265503,39156,39166,10
12.9834403992,80.2223129272,39166,39196,30
12.9834403992,80.2223129272,39196,39206,10
12.9830303192,80.2220687866,39206,39216,10
12.9827003479,80.2219009399,39216,39226,10
12.9823102951,80.221786499,39226,39236,10
12.9818897247,80.2215270996,39236,39257,21
12.9818897247,80.2215270996,39257,39267,10
12.9813899994,80.2212677002,39267,39277,10
12.9806699753,80.2211227417,39277,39287,10
12.9797801971,80.2211685181,39287,39297,10
12.9788703918,80.2211914063,39297,39307,10
12.9778604507,80.2211990356,39307,39317,10
12.9768295288,80.2212371826,39317,39327,10
12.9761800766,80.2212982178,39327,39337,10
12.9764099121,80.2218399048,39337,39368,31
12.9764099121,80.2218399048,39368,39378,10
12.9764299393,80.222038269,39378,39388,10
12.9766597748,80.2224502563,39388,39398,10
12.9769897461,80.2229919434,39398,39408,10
12.9774398804,80.2237167358,39408,39418,10
12.9779596329,80.2244491577,39418,39428,10
12.978219986,80.224899292,39428,39438,10
12.9785900116,80.225479126,39438,39448,10
12.9790802002,80.2262268066,39448,39459,11
12.9794597626,80.2268676758,39459,39469,10
12.9798297882,80.2274932861,39469,39479,10
12.9803104401,80.2282867432,39479,39489,10
12.9807901382,80.2290802002,39489,39499,10
12.9810800552,80.2296218872,39499,39510,11
12.9817199707,80.2305603027,39510,39530,20
12.9817199707,80.2305603027,39530,39540,10
12.981880188,80.2310028076,39540,39550,10
12.9820404053,80.2317581177,39550,39561,11
12.9820604324,80.2322998047,39561,39571,10
12.9819402695,80.2327804565,39571,39581,10
12.9818000793,80.2331390381,39581,39591,10
12.9816598892,80.2334365845,39591,39601,10
12.9816398621,80.2334899902,39601,39611,10
12.9813995361,80.2339630127,39611,39621,10
12.9812202454,80.2347564697,39621,39631,10
12.9812498093,80.2356185913,39631,39641,10
12.9813299179,80.2362518311,39641,39651,10
12.9813404083,80.2366867065,39651,39663,12
12.9813098907,80.2370910645,39663,39671,8
12.9813098907,80.2373580933,39671,39683,12
12.9813203812,80.237701416,39683,39693,10
12.9813203812,80.23777771,39693,39703,10
12.9813299179,80.2379837036,39703,39713,10
12.9813299179,80.2384719849,39713,39723,10
12.9813499451,80.2390899658,39723,39733,10
12.9813604355,80.2393798828,39733,39743,10
12.9813699722,80.239616394,39743,39753,10
12.9813699722,80.2400817871,39753,39764,11
12.9813804626,80.2409362793,39764,39774,10
12.9814100266,80.2419433594,39774,39784,10
12.9814100266,80.2424697876,39784,39794,10
12.9814195633,80.2426986694,39794,39804,10
12.9814195633,80.2427520752,39804,39814,10
12.9814100266,80.2432022095,39814,39824,10
12.9813203812,80.2439727783,39824,39834,10
12.981180191,80.244972229,39834,39844,10
12.9810400009,80.24609375,39844,39854,10
12.980919838,80.2473068237,39854,39865,11
12.9808101654,80.2487411499,39865,39875,10
12.9806404114,80.2500762939,39875,39885,10
12.9803104401,80.2513427734,39885,39895,10
12.9801502228,80.2521209717,39895,39905,10
12.9801197052,80.252243042,39905,39915,10
12.9800796509,80.2523880005,39915,39925,10
12.9802503586,80.2526321411,39925,39935,10
12.9806203842,80.2526397705,39935,39996,61
12.9806203842,80.2526397705,39996,40006,10
12.9810199738,80.252571106,40006,40016,10
12.9817199707,80.2525634766,40016,40026,10
12.9824399948,80.2525405884,40026,40036,10
12.9832296371,80.2524795532,40036,40046,10
12.9838495255,80.2523574829,40046,40056,10
12.984629631,80.2521362305,40056,40067,11
12.9854402542,80.2519226074,40067,40077,10
12.986120224,80.2517318726,40077,40087,10
12.9868497849,80.2515487671,40087,40097,10
12.9872999191,80.2514190674,40097,40451,354
12.9872999191,80.2514190674,40451,40461,10
12.9873199463,80.251411438,40461,40473,12
12.987739563,80.2513580322,40473,40481,8
12.987950325,80.2517471313,40481,40491,10
12.9879903793,80.252532959,40491,40501,10
12.9879102707,80.2534866333,40501,40511,10
12.9877996445,80.2545318604,40511,40521,10
12.9877004623,80.2555084229,40521,40594,73
12.9877004623,80.2555084229,40594,40604,10
12.9876899719,80.2556686401,40604,40614,10
12.9876203537,80.2560119629,40614,40624,10
12.9875802994,80.2566375732,40624,40634,10
12.9875297546,80.2572402954,40634,40644,10
12.9874696732,80.2580184937,40644,40652,8
12.9874200821,80.2585906982,40652,40664,12
12.9871797562,80.2595977783,40664,40685,21
12.9871797562,80.2595977783,40685,40695,10
12.9870300293,80.2594070435,40695,40826,131
12.987039566,80.2590637207,40826,40917,91
12.987039566,80.2590637207,40917,40927,10
12.9870700836,80.2590332031,40927,40937,10
12.9870901108,80.2590179443,40937,40947,10
12.9873104095,80.2588729858,40947,40957,10
12.9873695374,80.2584686279,40957,40967,10
12.9873800278,80.2583007813,40967,40978,11
12.9874801636,80.2577514648,40978,40988,10
12.9875202179,80.2570724487,40988,40998,10
12.9875602722,80.256401062,40998,41008,10
12.9875802994,80.255897522,41008,41018,10
12.9877099991,80.2553863525,41018,41028,10
12.9877195358,80.2550506592,41028,41038,10
12.9877195358,80.2549133301,41038,41048,10
12.9877796173,80.2542877197,41048,41058,10
12.9878501892,80.2534713745,41058,41068,10
12.9879398346,80.2526626587,41068,41301,233
12.9879398346,80.2526626587,41301,41311,10
12.9879198074,80.2523269653,41311,41321,10
12.9878702164,80.251953125,41321,41331,10
12.9878396988,80.2518463135,41331,41341,10
12.9877996445,80.2516784668,41341,41351,10
12.9873895645,80.2516098022,41351,41361,10
12.9866800308,80.2517318726,41361,41371,10
12.9856796265,80.2519607544,41371,41381,10
12.984459877,80.2522888184,41381,41391,10
12.9830999374,80.2526092529,41391,41401,10
12.9816598892,80.2526931763,41401,41411,10
12.9804201126,80.2527236938,41411,41422,11
12.9798603058,80.2525100708,41422,41432,10
12.9799003601,80.2522583008,41432,41442,10
12.9799804688,80.2519607544,41442,41452,10
12.9802103043,80.2512664795,41452,41462,10
12.9805002213,80.2502212524,41462,41472,10
12.9806995392,80.2490692139,41472,41481,9
12.9807796478,80.248008728,41481,41494,13
12.9808998108,80.2463531494,41494,41504,10
12.9810695648,80.2449188232,41504,41514,10
12.9811697006,80.2438583374,41514,41522,8
12.9813098907,80.2434997559,41522,41534,12
12.9813499451,80.2429885864,41534,41542,8
12.9813404083,80.2428817749,41542,41554,12
12.9813404083,80.2427597046,41554,41562,8
12.9813604355,80.24243927,41562,41573,11
12.9813499451,80.2416000366,41573,41582,9
12.9813404083,80.2406997681,41582,41595,13
12.9813098907,80.2397537231,41595,41605,10
12.981300354,80.2394638062,41605,41615,10
12.9812803268,80.238822937,41615,41625,10
12.9812602997,80.2381286621,41625,41635,10
12.9812498093,80.2379989624,41635,41645,10
12.9812498093,80.237663269,41645,41655,10
12.9812202454,80.2369308472,41655,41665,10
12.9812002182,80.2359771729,41665,41675,10
12.981180191,80.2349700928,41675,41685,10
12.9812498093,80.2341766357,41685,41696,11
12.9815502167,80.2334899902,41696,41706,10
12.981590271,80.2334136963,41706,41716,10
12.9817695618,80.2330474854,41716,41726,10
12.9819898605,80.2323989868,41726,41736,10
12.9819803238,80.2317428589,41736,41746,10
12.9818601608,80.2311401367,41746,41756,10
12.9817495346,80.2308502197,41756,41766,10
12.9816703796,80.23072052,41766,41776,10
12.9813499451,80.2302017212,41776,41786,10
12.9808998108,80.2294692993,41786,41797,11
12.9806404114,80.2290420532,41797,41807,10
12.9805803299,80.2289199829,41807,41817,10
12.9803199768,80.2284622192,41817,41827,10
12.9799995422,80.2278671265,41827,41837,10
12.979590416,80.2272033691,41837,41847,10
12.9792499542,80.2266387939,41847,41857,10
12.9788599014,80.2259979248,41857,41867,10
12.9784803391,80.2253417969,41867,41877,10
12.9781599045,80.2248687744,41877,41886,9
12.97797966,80.2245864868,41886,41898,12
12.9777402878,80.2242889404,41898,41908,10
12.9775896072,80.2240829468,41908,41918,10
12.9772500992,80.2234802246,41918,41928,10
12.976940155,80.2229232788,41928,41938,10
12.9770803452,80.2227325439,41938,41948,10
12.9771203995,80.2227096558,41948,41958,10
12.9774503708,80.22265625,41958,41968,10
12.9775495529,80.2223892212,41968,41978,10
12.9775295258,80.2217178345,41978,41988,10
12.977519989,80.2212982178,41988,41999,11
12.9779596329,80.2212600708,41999,42009,10
12.9787101746,80.2211990356,42009,42019,10
12.9795799255,80.2211074829,42019,42029,10
12.9803495407,80.2210617065,42029,42039,10
12.9806604385,80.2210083008,42039,42049,10
12.9807901382,80.220993042,42049,42059,10
12.9808998108,80.220993042,42059,42069,10
12.9811897278,80.2210769653,42069,42079,10
12.9815196991,80.2212524414,42079,42089,10
12.9818201065,80.2214202881,42089,42100,11
12.9819803238,80.2215270996,42100,42110,10
12.9823198318,80.2216567993,42110,42120,10
12.9826898575,80.2217712402,42120,42150,30
12.9826898575,80.2217712402,42150,42160,10
12.9829397202,80.2219009399,42160,42170,10
12.9830799103,80.2219772339,42170,42180,10
12.9832897186,80.2221298218,42180,42189,9
12.9835300446,80.2222824097,42189,42201,12
12.9840898514,80.2226409912,42201,42211,10
12.9846496582,80.2230224609,42211,42221,10
12.9852800369,80.2232437134,42221,42231,10
12.9858798981,80.2229614258,42231,42241,10
12.9865102768,80.2229309082,42241,42251,10
12.9868001938,80.2229690552,42251,42261,10
12.987159729,80.2230529785,42261,42271,10
12.9876804352,80.2230529785,42271,42281,10
12.9883203506,80.2226409912,42281,42291,10
12.9889001846,80.2220916748,42291,42302,11
12.9894399643,80.2213973999,42302,42311,9
12.9903001785,80.2204284668,42311,42342,31
12.9903001785,80.2204284668,42342,42352,10
12.990530014,80.2203369141,42352,42362,10
12.9910001755,80.2199630737,42362,42373,11
12.9914398193,80.2195968628,42373,42383,10
12.9917201996,80.2194290161,42383,42393,10
12.9923200607,80.21900177,42393,42403,10
12.9932003021,80.2183609009,42403,42413,10
12.9941396713,80.2176818848,42413,42423,10
12.9949197769,80.2171020508,42423,42433,10
12.9956703186,80.2167129517,42433,42443,10
12.996629715,80.2165222168,42443,42453,10
12.9971103668,80.2164382935,42453,42463,10
12.9974498749,80.2161712646,42463,42473,10
12.9974803925,80.2161407471,42473,42482,9
12.9976596832,80.2160186768,42482,42493,11
12.998169899,80.2155990601,42493,42505,12
12.9989299774,80.2149200439,42505,42515,10
12.9992399216,80.2146530151,42515,42525,10
12.9997301102,80.2141876221,42525,42535,10
13.0002202988,80.2137832642,42535,42545,10
13.0008201599,80.2132492065,42545,42554,9
13.0014400482,80.2127990723,42554,42565,11
13.0021600723,80.2123336792,42565,42575,10
13.0026903152,80.2121276855,42575,42585,10
13.0033597946,80.2120666504,42585,42595,10
13.0040397644,80.2120513916,42595,42606,11
13.0048599243,80.2124176025,42606,42616,10
13.005689621,80.2128601074,42616,42626,10
13.0065002441,80.2127075195,42626,42636,10
13.0073099136,80.2127990723,42636,42646,10
13.0077295303,80.2129516602,42646,42656,10
13.0077495575,80.2129592896,42656,42666,10
13.0079603195,80.2131271362,42666,42676,10
13.0085296631,80.2133865356,42676,42686,10
13.0090999603,80.2141418457,42686,42696,10
13.0095996857,80.214881897,42696,42707,11
13.0100402832,80.2154388428,42707,42717,10
13.01060009,80.2161407471,42717,42727,10
13.0108804703,80.2169570923,42727,42737,10
13.011179924,80.2176818848,42737,42747,10
13.0114097595,80.21824646,42747,42757,10
13.0116596222,80.2190322876,42757,42767,10
13.0120201111,80.2201385498,42767,42777,10
13.0122995377,80.2209396362,42777,42787,10
13.0124597549,80.2213134766,42787,42797,10
13.0126399994,80.2215194702,42797,42808,11
13.0131101608,80.2221221924,42808,42818,10
13.0134801865,80.2225875854,42818,42828,10
13.0139799118,80.2232284546,42828,42848,20
13.0139799118,80.2232284546,42848,42858,10
13.0142803192,80.2235794067,42858,42868,10
13.0145196915,80.2238616943,42868,42878,10
13.0148897171,80.2242889404,42878,42888,10
13.0149898529,80.2244110107,42888,42898,10
13.0151700974,80.2246170044,42898,42909,11
13.0154695511,80.2249908447,42909,42919,10
13.0160903931,80.2253112793,42919,42929,10
13.0168800354,80.225151062,42929,42939,10
13.0178098679,80.2247695923,42939,42949,10
13.0187301636,80.2244262695,42949,42959,10
13.0193796158,80.2243804932,42959,42969,10
13.0194396973,80.2243881226,42969,42979,10
13.019659996,80.2244873047,42979,42989,10
13.0199804306,80.2246932983,42989,42999,10
13.0204801559,80.2250595093,42999,43010,11
13.0209999084,80.2254714966,43010,43020,10
13.0215797424,80.2259292603,43020,43030,10
13.0220603943,80.2262496948,43030,43040,10
13.0221300125,80.2262878418,43040,43050,10
13.0224895477,80.2266311646,43050,43060,10
13.0229902267,80.2270812988,43060,43070,10
13.0232601166,80.2273635864,43070,43080,10
13.0235795975,80.2276306152,43080,43090,10
13.0238895416,80.2278900146,43090,43100,10
13.0239801407,80.2279815674,43100,43111,11
13.0242595673,80.228302002,43111,43121,10
13.0243997574,80.2284698486,43121,43131,10
13.0244598389,80.2285690308,43131,43141,10
13.0246095657,80.2287597656,43141,43151,10
13.0246200562,80.2287826538,43151,43161,10
13.0246295929,80.2288513184,43161,43168,7
13.0247297287,80.2290267944,43168,43181,13
13.0250997543,80.2294998169,43181,43191,10
13.0255002975,80.2299880981,43191,43201,10
13.0258197784,80.2304763794,43201,43262,61
13.0258197784,80.2304763794,43262,43272,10
13.0258598328,80.2307128906,43272,43282,10
13.0259799957,80.2311019897,43282,43292,10
13.0263595581,80.2312774658,43292,43302,10
13.0271596909,80.231086731,43302,43312,10
13.0280399323,80.2309265137,43312,43324,12
13.0293197632,80.2308120728,43324,43352,28
13.0293197632,80.2308120728,43352,43362,10
13.0295000076,80.2308120728,43362,43373,11
13.030090332,80.230758667,43373,43382,9
13.0305995941,80.23072052,43382,43393,11
13.0307102203,80.2306976318,43393,43403,10
13.0310096741,80.2306900024,43403,43413,10
13.03166008,80.2305984497,43413,43423,10
13.0326404572,80.2305221558,43423,43433,10
13.0336399078,80.2304534912,43433,43443,10
13.0345401764,80.2303695679,43443,43473,30
13.0345401764,80.2303695679,43473,43483,10
13.0348300934,80.2303085327,43483,43493,10
13.0350799561,80.230140686,43493,43516,23
13.0350799561,80.230140686,43516,43526,10
13.0348701477,80.2298583984,43526,43586,60
13.0348701477,80.2298583984,43586,43596,10
13.0345001221,80.2297973633,43596,43788,192
13.0345001221,80.2297973633,43788,43798,10
13.0342302322,80.2300720215,43798,43819,21
13.0342302322,80.2300720215,43819,43829,10
13.0342197418,80.2301177979,43829,43839,10
13.0342102051,80.2302932739,43839,43849,10
13.0342102051,80.2303619385,43849,43859,10
13.0341300964,80.2304763794,43859,43869,10
13.0340099335,80.2304382324,43869,43879,10
13.0338001251,80.2304534912,43879,43889,10
13.033490181,80.23046875,43889,43899,10
13.0329799652,80.2305374146,43899,43909,10
13.0323495865,80.2305984497,43909,43920,11
13.0315799713,80.2306594849,43920,43930,10
13.0310401917,80.2307128906,43930,43940,10
13.030790329,80.2307281494,43940,43950,10
13.030380249,80.230758667,43950,43960,10
13.0298900604,80.2308120728,43960,43980,20
13.0298900604,80.2308120728,43980,43990,10
13.0295295715,80.2308578491,43990,44000,10
13.0290603638,80.2309265137,44000,44010,10
13.0284500122,80.2310028076,44010,44021,11
13.0279598236,80.231048584,44021,44031,10
13.0276899338,80.2311935425,44031,44041,10
13.0277395248,80.2317581177,44041,44051,10
13.0278301239,80.232421875,44051,44061,10
13.0277004242,80.2328414917,44061,44071,10
13.0271100998,80.2329406738,44071,44081,10
13.0269098282,80.233001709,44081,44091,10
13.0264396667,80.2328796387,44091,44101,10
13.0261697769,80.2321166992,44101,44111,10
13.025970459,80.2312698364,44111,44122,11
13.0254898071,80.230140686,44122,44132,10
13.0247602463,80.2291717529,44132,44142,10
13.0242300034,80.2284622192,44142,44152,10
13.0237197876,80.2278671265,44152,44162,10
13.0230798721,80.2272796631,44162,44172,10
13.0222702026,80.2265777588,44172,44182,10
13.0213098526,80.2258071899,44182,44192,10
13.0203504562,80.2250976563,44192,44203,11
13.0198898315,80.2247695923,44203,44213,10
13.0198802948,80.2247467041,44213,44223,10
13.0194797516,80.2245330811,44223,44233,10
13.0186300278,80.2245635986,44233,44244,11
13.0174303055,80.2250671387,44244,44253,9
13.0164203644,80.225479126,44253,44264,11
13.0156602859,80.2257537842,44264,44274,10
13.0147199631,80.2261199951,44274,44284,10
13.0142297745,80.2263336182,44284,44294,10
13.0139198303,80.2264328003,44294,44304,10
13.0131797791,80.2266769409,44304,44314,10
13.0122299194,80.2270584106,44314,44324,10
13.0111398697,80.2274627686,44324,44336,12
13.0099201202,80.2279205322,44336,44346,10
13.0094900131,80.2276229858,44346,44356,10
13.0098104477,80.2269363403,44356,44366,10
13.0102596283,80.2259216309,44366,44376,10
13.0106201172,80.2250595093,44376,44386,10
13.0108804703,80.224357605,44386,44396,10
13.011179924,80.2235794067,44396,44406,10
13.0115003586,80.2229003906,44406,44413,7
13.0116195679,80.2223205566,44413,44427,14
13.0119800568,80.2212982178,44427,44437,10
13.0119895935,80.2208099365,44437,44447,10
13.0117702484,80.2200775146,44447,44457,10
13.0115098953,80.2191314697,44457,44467,10
13.0112104416,80.21824646,44467,44477,10
13.0108804703,80.2174224854,44477,44487,10
13.0105895996,80.2167205811,44487,44497,10
13.0102596283,80.2160720825,44497,44507,10
13.0099000931,80.2153320313,44507,44517,10
13.0095100403,80.2147598267,44517,44528,11
13.0090103149,80.2141036987,44528,44538,10
13.0084896088,80.2134933472,44538,44546,8
13.0083599091,80.2134094238,44546,44558,12
13.008099556,80.2132797241,44558,44568,10
13.0080900192,80.2132797241,44568,44578,10
13.0080299377,80.2132492065,44578,44588,10
13.0078201294,80.2130584717,44588,44598,10
13.0076303482,80.2129211426,44598,44608,10
13.0071201324,80.2127990723,44608,44618,10
13.0063695908,80.2128295898,44618,44629,11
13.0055704117,80.2128982544,44629,44639,10
13.0048303604,80.2124176025,44639,44649,10
13.0040597916,80.2121734619,44649,44659,10
13.0033998489,80.2121276855,44659,44667,8
13.0029401779,80.2121505737,44667,44679,12
13.0025501251,80.2121963501,44679,44689,10
13.0023202896,80.2123031616,44689,44699,10
13.0021400452,80.2123718262,44699,44709,10
13.0018796921,80.2125167847,44709,44719,10
13.0017595291,80.2126235962,44719,44730,11
13.0013799667,80.2128829956,44730,44740,10
13.0007400513,80.2133636475,44740,44750,10
12.9999904633,80.2140274048,44750,44760,10
12.9994697571,80.2144775391,44760,44770,10
12.9991197586,80.2147903442,44770,44780,10
12.9987001419,80.2151412964,44780,44788,8
12.9982299805,80.2154998779,44788,44800,12
12.9975500107,80.2161026001,44800,44810,10
12.997420311,80.2162094116,44810,44820,10
12.9973497391,80.2163162231,44820,44831,11
12.9972801208,80.2164230347,44831,44841,10
12.9969701767,80.2165527344,44841,44851,10
12.9963197708,80.2166137695,44851,44861,10
12.9954395294,80.2168426514,44861,44871,10
12.9946699142,80.217338562,44871,44881,10
12.9940395355,80.2178192139,44881,44891,10
12.9933900833,80.2182998657,44891,44901,10
12.9927196503,80.2187423706,44901,44911,10
12.9919996262,80.2192764282,44911,44921,10
12.9913301468,80.2197875977,44921,44932,11
12.9907598495,80.2201919556,44932,44942,10
12.9905004501,80.220413208,44942,44952,10
12.9900102615,80.2208023071,44952,44962,10
12.98939991,80.2214202881,44962,44972,10
12.9888496399,80.2220611572,44972,44982,10
12.9883003235,80.2226715088,44982,44992,10
12.9877004623,80.2230911255,44992,45002,10
12.9875602722,80.2230987549,45002,45012,10
12.9873199463,80.2230911255,45012,45021,9
12.9871196747,80.2230529785,45021,45033,12
12.9870100021,80.2230529785,45033,45043,10
12.986700058,80.2229995728,45043,45053,10
12.9860401154,80.2229995728,45053,45063,10
12.985449791,80.2233200073,45063,45073,10
12.9848604202,80.2231369019,45073,45083,10
12.9842100143,80.2227783203,45083,45093,10
12.9837703705,80.2225189209,45093,45103,10
12.9836101532,80.2224578857,45103,45113,10
12.9832801819,80.2222518921,45113,45123,10
12.9832201004,80.2221984863,45123,45133,10
12.9829397202,80.2220611572,45133,45143,10
12.9824800491,80.2218933105,45143,45153,10
12.9819498062,80.2216491699,45153,45163,10
12.9815101624,80.2213516235,45163,45174,11
12.980919838,80.2211380005,45174,45184,10
12.9807596207,80.2211227417,45184,45194,10
12.980389595,80.2211074829,45194,45204,10
12.9797401428,80.2211532593,45204,45214,10
12.9788198471,80.2211837769,45214,45225,11
12.9778299332,80.2211914063,45225,45234,9
12.9768400192,80.2212600708,45234,45246,12
12.9761400223,80.2213821411,45246,45255,9
12.9763002396,80.2216415405,45255,45265,10
12.9764003754,80.2218093872,45265,45275,10
12.9764204025,80.2219161987,45275,45285,10
12.9765796661,80.2222824097,45285,45295,10
12.9769802094,80.2229232788,45295,45305,10
12.9775400162,80.2238235474,45305,45314,9
12.9780302048,80.2245178223,45314,45325,11
12.9784698486,80.2252883911,45325,45337,12
12.9788999557,80.2260284424,45337,45347,10
12.9792604446,80.2266387939,45347,45357,10
12.979640007,80.2272491455,45357,45367,10
12.9800100327,80.2278366089,45367,45377,10
12.9804201126,80.2285308838,45377,45387,10
12.9807500839,80.2290878296,45387,45397,10
12.9809904099,80.2294921875,45397,45407,10
12.9813899994,80.2301101685,45407,45417,10
12.9817695618,80.2306365967,45417,45427,10
12.9817695618,80.2306518555,45427,45438,11
12.9818496704,80.2309188843,45438,45448,10
12.9819698334,80.2315979004,45448,45458,10
12.9820404053,80.2320632935,45458,45468,10
12.9820299149,80.2322921753,45468,45478,10
12.982000351,80.2325210571,45478,45488,10
12.9819297791,80.232749939,45488,45498,10
12.9818696976,80.2329177856,45498,45508,10
12.981710434,80.2332992554,45508,45518,10
12.9815196991,80.2337265015,45518,45528,10
12.9814500809,80.233833313,45528,45539,11
12.9812602997,80.234336853,45539,45549,10
12.9812202454,80.235206604,45549,45559,10
12.9812698364,80.2362670898,45559,45569,10
12.981300354,80.237159729,45569,45579,10
12.9813098907,80.237701416,45579,45589,10
12.9813299179,80.2382507324,45589,45599,10
12.9813499451,80.2389373779,45599,45609,10
12.9813499451,80.2390365601,45609,45619,10
12.9813499451,80.2394180298,45619,45629,10
12.9813699722,80.2398223877,45629,45640,11
12.9813804626,80.2405929565,45640,45650,10
12.9813995361,80.2416305542,45650,45660,10
12.9814100266,80.2424621582,45660,45670,10
12.9814100266,80.242767334,45670,45680,10
12.9813899994,80.2431106567,45680,45690,10
12.9813203812,80.2438201904,45690,45700,10
12.9811897278,80.2448120117,45700,45710,10
12.9810600281,80.2460174561,45710,45720,10
12.9809303284,80.2473831177,45720,45730,10
12.9808301926,80.2487792969,45730,45741,11
12.9806499481,80.2500991821,45741,45751,10
12.9803199768,80.2513427734,45751,45761,10
12.9801397324,80.252166748,45761,45773,12
12.9801101685,80.2523803711,45773,45783,10
12.9803304672,80.2526168823,45783,45793,10
12.9809303284,80.2526168823,45793,45803,10
12.981880188,80.2525863647,45803,45813,10
12.9829902649,80.252532959,45813,45823,10
12.9837903976,80.2524032593,45823,45833,10
12.9850502014,80.2520294189,45833,45914,81
12.9850502014,80.2520294189,45914,45924,10
12.9853401184,80.2519378662,45924,45934,10
12.9855499268,80.2518768311,45934,46318,384
12.9855499268,80.2518768311,46318,46329,11
12.9856796265,80.2518768311,46329,46339,10
12.9859695435,80.2517929077,46339,46350,11
12.9862098694,80.2517166138,46350,46360,10
12.9862203598,80.2517166138,46360,46370,10
12.9863796234,80.251663208,46370,46380,10
12.9864702225,80.2516403198,46380,46390,10
12.9866399765,80.2515869141,46390,46420,30
12.9868297577,80.2515487671,46420,46471,51
12.9868297577,80.2515487671,46471,46481,10
12.9871797562,80.2514572144,46481,46491,10
12.9875001907,80.251373291,46491,46501,10
12.9877901077,80.251373291,46501,46511,10
12.9879798889,80.2518386841,46511,46521,10
12.9879999161,80.2527389526,46521,46531,10
12.9878997803,80.2537689209,46531,46540,9
12.9877004623,80.255279541,46540,46572,32
12.9877004623,80.255279541,46572,46582,10
12.9876203537,80.2553710938,46582,46592,10
12.9876098633,80.2557830811,46592,46602,10
12.9875202179,80.2564926147,46602,46612,10
12.9874296188,80.2572021484,46612,46622,10
12.9873800278,80.2580413818,46622,46632,10
12.9873199463,80.2587280273,46632,46642,10
12.9872303009,80.2594299316,46642,46673,31
12.9872303009,80.2594299316,46673,46683,10
12.9871196747,80.2595977783,46683,46693,10
12.9870004654,80.2595825195,46693,46703,10
12.9868297577,80.259552002,46703,46713,10
12.9866399765,80.2593002319,46713,46764,51
12.9866399765,80.2593002319,46764,46774,10
12.9868803024,80.2590637207,46774,46784,10
12.9870100021,80.2590866089,46784,46794,10
12.9872102737,80.2591018677,46794,46804,10
12.9872999191,80.2589569092,46804,46814,10
12.9873504639,80.2586669922,46814,46824,10
12.9873895645,80.2581481934,46824,46834,10
12.9874200821,80.257850647,46834,46844,10
12.9874601364,80.2573471069,46844,46854,10
12.9875202179,80.2568206787,46854,46865,11
12.987569809,80.256362915,46865,46965,100
12.987569809,80.256362915,46965,46976,11
12.9875802994,80.2559509277,46976,46986,10
12.9876699448,80.2556228638,46986,46996,10
12.987739563,80.2549591064,46996,47006,10
12.9878396988,80.2539367676,47006,47016,10
12.9879102707,80.2527236938,47016,47026,10
12.987859726,80.2519226074,47026,47035,9
12.9878501892,80.2518234253,47035,47046,11
12.9874296188,80.2516403198,47046,47056,10
12.9868202209,80.2517471313,47056,47068,12
12.9863100052,80.2518463135,47068,47078,10
12.9855098724,80.2520370483,47078,47086,8
12.9845895767,80.252281189,47086,47098,12
12.9829702377,80.2526397705,47098,47106,8
12.9819602966,80.2526779175,47106,47118,12
12.9809799194,80.2527084351,47118,47128,10
12.9806003571,80.2527084351,47128,47136,8
12.9803199768,80.2527084351,47136,47148,12
12.9798898697,80.2525787354,47148,47158,10
12.9799098969,80.2521820068,47158,47169,11
12.9799499512,80.2520370483,47169,47179,10
12.980099678,80.251663208,47179,47189,10
12.9803304672,80.2509384155,47189,47199,10
12.9805603027,80.2499694824,47199,47209,10
12.9807195663,80.2489624023,47209,47219,10
12.9807796478,80.2479019165,47219,47229,10
12.9808797836,80.2468338013,47229,47239,10
12.9809999466,80.24584198,47239,47249,10
12.9811296463,80.2446975708,47249,47259,10
12.9811897278,80.2438278198,47259,47270,11
12.9813098907,80.2435684204,47270,47280,10
12.9813404083,80.2431793213,47280,47290,10
12.9813699722,80.2427978516,47290,47300,10
12.9813699722,80.2426376343,47300,47310,10
12.9813604355,80.2423400879,47310,47320,10
12.9813499451,80.2416763306,47320,47330,10
12.9813604355,80.2407531738,47330,47340,10
12.9813604355,80.2397766113,47340,47350,10
12.9813203812,80.2390670776,47350,47360,10
12.981300354,80.2384719849,47360,47371,11
12.9812803268,80.237953186,47371,47381,10
12.9812698364,80.2378005981,47381,47391,10
12.9812698364,80.2377700806,47391,47401,10
12.9812498093,80.2373886108,47401,47411,10
12.9812602997,80.236656189,47411,47421,10
12.9812297821,80.235786438,47421,47431,10
12.9811897278,80.23487854,47431,47441,10
12.9813098907,80.2340316772,47441,47451,10
12.9815502167,80.2334823608,47451,47472,21
12.9815502167,80.2334823608,47472,47482,10
12.981710434,80.2331237793,47482,47492,10
12.9819097519,80.2326126099,47492,47502,10
12.9819498062,80.2324295044,47502,47512,10
12.9819498062,80.2321472168,47512,47522,10
12.9819602966,80.2316589355,47522,47532,10
12.9819097519,80.231262207,47532,47542,10
12.9817199707,80.23072052,47542,47552,10
12.9813299179,80.2300567627,47552,47562,10
12.9808998108,80.2293395996,47562,47573,11
12.9805898666,80.2288589478,47573,47593,20
12.9805898666,80.2288589478,47593,47603,10
12.9804801941,80.2286529541,47603,47613,10
12.9803304672,80.2283325195,47613,47623,10
12.9800395966,80.2278366089,47623,47633,10
12.9796199799,80.2271575928,47633,47643,10
12.9792604446,80.2265701294,47643,47653,10
12.9788599014,80.2258834839,47653,47663,10
12.9784202576,80.2251281738,47663,47674,11
12.9779500961,80.2244796753,47674,47684,10
12.9777803421,80.2242126465,47684,47694,10
12.9777097702,80.2240829468,47694,47704,10
12.9774503708,80.2236480713,47704,47714,10
12.9770698547,80.2230300903,47714,47724,10
12.9769601822,80.2228317261,47724,47734,10
12.9771099091,80.2227020264,47734,47744,10
12.9771995544,80.2227020264,47744,47754,10
12.9772500992,80.22265625,47754,47764,10
12.9774799347,80.2225494385,47764,47775,11
12.9774599075,80.2220611572,47775,47785,10
12.9774599075,80.2214584351,47785,47795,10
12.9774398804,80.2213287354,47795,47805,10
12.977689743,80.2212295532,47805,47815,10
12.9780302048,80.2211837769,47815,47825,10
12.9786100388,80.2211303711,47825,47835,10
12.9792098999,80.2210617065,47835,47846,11
12.9799404144,80.2210235596,47846,47856,10
12.9806499481,80.2209625244,47856,47866,10
12.9811601639,80.2210693359,47866,47876,10
12.9816503525,80.2213821411,47876,47886,10
12.9820203781,80.2216262817,47886,47896,10
12.9823904037,80.2217636108,47896,47906,10
12.9827404022,80.2218704224,47906,47916,10
12.9829702377,80.2219924927,47916,47926,10
12.983130455,80.2221298218,47926,47936,10
12.9833602905,80.2222518921,47936,47946,10
12.9835796356,80.2223968506,47946,47956,10
12.9839801788,80.2226333618,47956,47966,10
12.9844303131,80.2228927612,47966,47979,13
12.9851503372,80.2232131958,47979,47989,10
12.9854698181,80.2231369019,47989,47999,10
12.9859399796,80.2229537964,47999,48009,10
12.9865198135,80.2229766846,48009,48019,10
12.9866399765,80.2229995728,48019,48029,10
12.9868803024,80.2230224609,48029,48039,10
12.9869403839,80.2230300903,48039,48049,10
12.9872198105,80.2230606079,48049,48059,10
12.9876298904,80.2230377197,48059,48069,10
12.9882698059,80.2226715088,48069,48080,11
12.9889497757,80.2220535278,48080,48090,10
12.9895401001,80.2213668823,48090,48100,10
12.9899997711,80.2207107544,48100,48110,10
12.9904699326,80.2203674316,48110,48120,10
12.9907903671,80.2201080322,48120,48130,10
12.9910202026,80.2199172974,48130,48140,10
12.9915103912,80.219543457,48140,48150,10
12.9920501709,80.2191390991,48150,48160,10
12.9926395416,80.2187194824,48160,48170,10
12.9932699203,80.2182388306,48170,48181,11
12.9939203262,80.2177505493,48181,48191,10
12.9943799973,80.2174072266,48191,48201,10
12.9947395325,80.2171325684,48201,48211,10
12.9948797226,80.217048645,48211,48221,10
12.9952402115,80.2168121338,48221,48231,10
12.9957895279,80.2166137695,48231,48240,9
12.9963998795,80.2164916992,48240,48251,11
12.997130394,80.2164077759,48251,48261,10
12.9975099564,80.2161026001,48261,48271,10
12.9978504181,80.2158203125,48271,48282,11
12.9983797073,80.2153701782,48282,48292,10
12.9988098145,80.2150115967,48292,48302,10
12.9991703033,80.2147064209,48302,48312,10
12.9995002747,80.2144317627,48312,48322,10
12.9998598099,80.2140884399,48322,48332,10
13.0002698898,80.2137298584,48332,48342,10
13.000749588,80.2133026123,48342,48352,10
13.0011100769,80.2129974365,48352,48362,10
13.0014801025,80.2127304077,48362,48370,8
13.0018501282,80.2124481201,48370,48383,13
13.0026397705,80.2121200562,48383,48393,10
13.0032501221,80.212059021,48393,48403,10
13.0039300919,80.212020874,48403,48413,10
13.004529953,80.2122879028,48413,48423,10
13.0051403046,80.2126312256,48423,48433,10
13.005900383,80.212928772,48433,48443,10
13.0066699982,80.2127304077,48443,48453,10
13.0077199936,80.2129135132,48453,48473,20
13.0077199936,80.2129135132,48473,48484,11
13.0078496933,80.2130813599,48484,48494,10
13.0082597733,80.2133178711,48494,48504,10
13.0087404251,80.2137374878,48504,48514,10
13.0092496872,80.2143783569,48514,48524,10
13.00963974,80.2149581909,48524,48533,9
13.0099697113,80.2153930664,48533,48544,11
13.0105199814,80.2159805298,48544,48554,10
13.0107698441,80.2166976929,48554,48564,10
13.011059761,80.2173995972,48564,48574,10
13.0113697052,80.2182922363,48574,48585,11
13.0117397308,80.2193908691,48585,48595,10
13.0120801926,80.220413208,48595,48605,10
13.0124397278,80.2212600708,48605,48615,10
13.0127000809,80.2217788696,48615,48625,10
13.0129404068,80.2220993042,48625,48635,10
13.0132598877,80.2224578857,48635,48645,10
13.0137500763,80.2229919434,48645,48655,10
13.0141401291,80.2235107422,48655,48665,10
13.0145397186,80.2239074707,48665,48675,10
13.014960289,80.2244796753,48675,48686,11
13.0152101517,80.2247390747,48686,48696,10
13.0155897141,80.2250976563,48696,48706,10
13.0158500671,80.2252426147,48706,48716,10
13.0165901184,80.2252426147,48716,48726,10
13.0174703598,80.2249069214,48726,48736,10
13.0184001923,80.2245178223,48736,48746,10
13.0193395615,80.2243499756,48746,48756,10
13.0198802948,80.2246017456,48756,48766,10
13.0200996399,80.2247695923,48766,48776,10
13.0202302933,80.2248916626,48776,48786,10
13.0207004547,80.2252426147,48786,48796,10
13.0213003159,80.2257003784,48796,48806,10
13.0219898224,80.2262115479,48806,48816,10
13.0226898193,80.2267913818,48816,48827,11
13.0233402252,80.2273712158,48827,48837,10
13.0239095688,80.2278823853,48837,48847,10
13.0241603851,80.2281570435,48847,48857,10
13.0242900848,80.2283096313,48857,48887,30
13.0242900848,80.2283096313,48887,48897,10
13.0243396759,80.228477478,48897,48907,10
13.0242795944,80.2286300659,48907,48917,10
13.0239801407,80.2282409668,48917,48927,10
13.0234699249,80.2276611328,48927,48937,10
13.0228004456,80.2270278931,48937,48947,10
13.0220804214,80.2263793945,48947,48957,10
13.0214996338,80.2259216309,48957,48967,10
13.0212697983,80.2257537842,48967,48980,13
13.0206604004,80.2252883911,48980,48990,10
13.020359993,80.225112915,48990,49000,10
13.0198802948,80.2247695923,49000,49010,10
13.0192203522,80.2244567871,49010,49020,10
13.0183401108,80.224647522,49020,49030,10
13.0175304413,80.2249908447,49030,49040,10
13.0167503357,80.2253112793,49040,49050,10
13.0161800385,80.2255630493,49050,49060,10
13.015540123,80.225769043,49060,49070,10
13.0149297714,80.225982666,49070,49077,7
13.0145196915,80.2260665894,49077,49101,24
13.0145196915,80.2260665894,49101,49111,10
13.0144300461,80.2260894775,49111,49121,10
13.0142498016,80.2261734009,49121,49131,10
13.0141601563,80.2260437012,49131,49141,10
13.0141496658,80.2257614136,49141,49151,10
13.014289856,80.225440979,49151,49161,10
13.0141801834,80.2253189087,49161,49171,10
13.014169693,80.2255783081,49171,49303,132
13.014169693,80.2255783081,49303,49313,10
13.0141897202,80.2257080078,49313,49323,10
13.0143003464,80.2258605957,49323,49333,10
13.01445961,80.2259674072,49333,50162,829
13.01445961,80.2259674072,50162,50172,10
13.0146598816,80.2257003784,50172,50182,10
13.0145998001,80.2254562378,50182,50192,10
13.0144796371,80.2253112793,50192,50203,11
13.0142297745,80.2256698608,50203,50213,10
13.0142402649,80.2258300781,50213,50223,10
13.0142297745,80.2259368896,50223,50233,10
13.0142097473,80.2261428833,50233,50253,20
13.0142097473,80.2261428833,50253,50263,10
13.0141401291,80.2262878418,50263,50273,10
13.0137796402,80.2264175415,50273,50283,10
13.0134096146,80.2265777588,50283,50293,10
13.0128803253,80.2267990112,50293,50304,11
13.0122203827,80.2270889282,50304,50314,10
13.0114898682,80.2273635864,50314,50324,10
13.0107002258,80.2276611328,50324,50334,10
13.0099401474,80.2279663086,50334,50344,10
13.0094995499,80.2276535034,50344,50354,10
13.0097503662,80.2270812988,50354,50364,10
13.0100803375,80.2263412476,50364,50374,10
13.0104503632,80.2255477905,50374,50384,10
13.0108098984,80.2247619629,50384,50394,10
13.0110902786,80.224029541,50394,50405,11
13.0112600327,80.2235794067,50405,50415,10
13.0112695694,80.2235794067,50415,50425,10
13.0112495422,80.2235183716,50425,50435,10
13.0113697052,80.2232589722,50435,50445,10
13.0116300583,80.2233886719,50445,50455,10
13.0121898651,80.2237091064,50455,50465,10
13.0126104355,80.224029541,50465,50475,10
13.0133304596,80.224357605,50475,50485,10
13.0140399933,80.2246780396,50485,50494,9
13.0144701004,80.2249526978,50494,50506,12
13.0152101517,80.2252807617,50506,50536,30
13.0152101517,80.2252807617,50536,50546,10
13.0156698227,80.2253189087,50546,50556,10
13.0161895752,80.2253799438,50556,50566,10
13.016869545,80.2252120972,50566,50576,10
13.0176401138,80.224899292,50576,50586,10
13.0185499191,80.2245101929,50586,50596,10
13.0193901062,80.2243423462,50596,50606,10
13.0196304321,80.2244491577,50606,50627,21
13.0196304321,80.2244491577,50627,50637,10
13.0198297501,80.224647522,50637,50647,10
13.0201501846,80.2248687744,50647,50657,10
13.0205602646,80.2251434326,50657,50667,10
13.0208902359,80.2253875732,50667,50677,10
13.0213603973,80.2257766724,50677,50687,10
13.0220403671,80.2262802124,50687,50697,10
13.0227899551,80.2269134521,50697,50707,10
13.0235500336,80.2275695801,50707,50717,10
13.0240297318,80.2279891968,50717,50727,10
13.0243196487,80.2283096313,50727,50737,10
13.0243501663,80.2283935547,50737,50747,10
13.0244398117,80.228553772,50747,50757,10
13.0242004395,80.2285690308,50757,50767,10
13.0240097046,80.2283172607,50767,50777,10
13.0238199234,80.2280807495,50777,50788,11
13.0234899521,80.227722168,50788,50798,10
13.0230503082,80.2274169922,50798,50888,90
13.0230503082,80.2274169922,50888,50898,10
13.0228595734,80.2273025513,50898,50911,13
13.022600174,80.2269210815,50911,50921,10
13.022310257,80.2265930176,50921,50931,10
13.0219097137,80.2262268066,50931,50941,10
13.0213298798,80.2257766724,50941,50951,10
13.0208797455,80.2254562378,50951,50961,10
13.0206403732,80.2252883911,50961,50971,10
13.02023983,80.2250289917,50971,50981,10
13.0197601318,80.2247009277,50981,50991,10
13.018989563,80.2244415283,50991,50998,7
13.0183601379,80.2246627808,50998,51012,14
13.0171604156,80.2251815796,51012,51022,10
13.0166501999,80.225402832,51022,51032,10
13.0164804459,80.2254714966,51032,51042,10
13.0162401199,80.2255630493,51042,51052,10
13.0156497955,80.2257614136,51052,51062,10
13.014960289,80.2260513306,51062,51072,10
13.0144500732,80.2262496948,51072,51082,10
13.0141296387,80.2264099121,51082,51092,10
13.0139703751,80.2264862061,51092,51101,9
13.0139398575,80.2264785767,51101,51113,12
13.0134601593,80.226600647,51113,51123,10
13.0127601624,80.2268600464,51123,51133,10
13.0118703842,80.2272033691,51133,51143,10
13.010840416,80.2276077271,51143,51153,10
13.0099201202,80.2279510498,51153,51163,10
13.0095100403,80.2275619507,51163,51173,10
13.0098695755,80.2268218994,51173,51183,10
13.0102796555,80.2259292603,51183,51193,10
13.0105695724,80.2253417969,51193,51203,10
13.0107898712,80.2248764038,51203,51214,11
13.011059761,80.2241592407,51214,51224,10
13.0112895966,80.2235488892,51224,51244,20
13.0112895966,80.2235488892,51244,51254,10
13.0113201141,80.2231674194,51254,51264,10
13.0115995407,80.2225875854,51264,51274,10
13.0119104385,80.2216873169,51274,51284,10
13.0121297836,80.2210998535,51284,51294,10
13.0119495392,80.2204589844,51294,51302,8
13.0117797852,80.2199172974,51302,51315,13
13.0114898682,80.219039917,51315,51325,10
13.0111598969,80.2180786133,51325,51335,10
13.0107803345,80.2171096802,51335,51343,8
13.0104703903,80.2164306641,51343,51355,12
13.0099897385,80.2155227661,51355,51365,10
13.0095500946,80.2147979736,51365,51375,10
13.0093603134,80.2145385742,51375,51385,10
13.0089998245,80.2140731812,51385,51395,10
13.0085601807,80.2135391235,51395,51405,10
13.0085000992,80.2134933472,51405,51415,10
13.008190155,80.2133102417,51415,51436,21
13.008190155,80.2133102417,51436,51446,10
13.0078697205,80.2131271362,51446,51476,30
13.0078697205,80.2131271362,51476,51486,10
13.0077695847,80.2130508423,51486,51496,10
13.0074100494,80.212852478,51496,51506,10
13.0067501068,80.2127609253,51506,51516,10
13.0059995651,80.2129669189,51516,51527,11
13.0052604675,80.212677002,51527,51537,10
13.0045995712,80.2122879028,51537,51547,10
13.0038003922,80.2120819092,51547,51557,10
13.0032596588,80.212097168,51557,51567,10
13.0029401779,80.2121124268,51567,51577,10
13.0024995804,80.2121887207,51577,51587,10
13.0019598007,80.2124481201,51587,51597,10
13.0013799667,80.212890625,51597,51607,10
13.0008296967,80.2132873535,51607,51618,11
13.000120163,80.2139587402,51618,51628,10
12.9996700287,80.2143707275,51628,51638,10
12.9991598129,80.2147979736,51638,51648,10
12.9988603592,80.2150802612,51648,51658,10
12.9982299805,80.215637207,51658,51668,10
12.9975700378,80.216178894,51668,51678,10
12.9974002838,80.2163772583,51678,51688,10
12.9973201752,80.216468811,51688,51698,10
12.9972295761,80.2165603638,51698,51708,10
12.9969701767,80.216583252,51708,51718,10
12.9962997437,80.2166595459,51718,51728,10
12.9954996109,80.2168579102,51728,51738,10
12.9948501587,80.2172622681,51738,51748,10
12.9942502975,80.2176818848,51748,51759,11
12.9938001633,80.2180023193,51759,51769,10
12.9932899475,80.2183532715,51769,51779,10
12.9928102493,80.218711853,51779,51789,10
12.992099762,80.2192382813,51789,51799,10
12.991399765,80.2197570801,51799,51809,10
12.990819931,80.2201766968,51809,51819,10
12.9907798767,80.2202072144,51819,51829,10
12.9905595779,80.2203521729,51829,51839,10
12.990070343,80.220741272,51839,51849,10
12.9895095825,80.2213592529,51849,51859,10
12.9890003204,80.2219772339,51859,51869,10
12.9884700775,80.2225799561,51869,51879,10
12.9879102707,80.2230377197,51879,51889,10
12.9876403809,80.2231292725,51889,51899,10
12.9875602722,80.2231369019,51899,51909,10
12.9873399734,80.2231063843,51909,51922,13
12.9869098663,80.2230529785,51922,51932,10
12.9865398407,80.2230300903,51932,51942,10
12.9858999252,80.2230606079,51942,51952,10
12.9855203629,80.2233276367,51952,51962,10
12.9852600098,80.2232818604,51962,51972,10
12.9846897125,80.2230377197,51972,51982,10
12.9843301773,80.2228088379,51982,51992,10
12.9839696884,80.2226104736,51992,52002,10
12.9834003448,80.2222976685,52002,52009,7
12.9832496643,80.2221908569,52009,52023,14
12.9831600189,80.2221069336,52023,52033,10
12.9827699661,80.2219390869,52033,52043,10
12.9821796417,80.2217636108,52043,52053,10
12.9819202423,80.2215576172,52053,52063,10
12.9814500809,80.2212524414,52063,52073,10
12.9807395935,80.2210388184,52073,52083,10
12.980219841,80.2210998535,52083,52093,10
12.9794197083,80.2211532593,52093,52103,10
12.9786701202,80.2211608887,52103,52113,10
12.9778795242,80.2211837769,52113,52124,11
12.9771099091,80.2212295532,52124,52134,10
12.9765100479,80.2212524414,52134,52144,10
12.9761104584,80.2213821411,52144,52154,10
12.9763002396,80.2216491699,52154,52184,30
12.9763002396,80.2216491699,52184,52194,10
12.9764995575,80.2219161987,52194,52204,10
12.9767503738,80.2224197388,52204,52214,10
12.9770698547,80.2229690552,52214,52225,11
12.9775600433,80.2237625122,52225,52235,10
12.9780197144,80.2244567871,52235,52245,10
12.9782104492,80.2247619629,52245,52255,10
12.9785003662,80.225227356,52255,52265,10
12.9785804749,80.2253494263,52265,52275,10
12.9787302017,80.2256164551,52275,52285,10
12.9790296555,80.2261276245,52285,52295,10
12.9794101715,80.2267990112,52295,52305,10
12.9798402786,80.2275390625,52305,52315,10
12.9802904129,80.2282867432,52315,52326,11
12.9807596207,80.2290725708,52326,52336,10
12.9811096191,80.229637146,52336,52346,10
12.9815397263,80.2302932739,52346,52354,8
12.9816799164,80.2304992676,52354,52367,13
12.9818000793,80.230758667,52367,52377,10
12.9819898605,80.2314376831,52377,52387,10
12.9820299149,80.2322692871,52387,52397,10
12.9817800522,80.2331237793,52397,52407,10
12.981590271,80.2335662842,52407,52417,10
12.9814395905,80.2338485718,52417,52426,9
12.9812297821,80.2344436646,52426,52438,12
12.9812202454,80.2355194092,52438,52448,10
12.9812803268,80.236366272,52448,52458,10
12.9812898636,80.2372283936,52458,52468,10
12.9813203812,80.2381210327,52468,52478,10
12.9813404083,80.2386779785,52478,52488,10
12.9813404083,80.2387390137,52488,52498,10
12.9813299179,80.2392730713,52498,52508,10
12.9813499451,80.2398376465,52508,52518,10
12.9813804626,80.2406463623,52518,52529,11
12.9813899994,80.241569519,52529,52539,10
12.9813995361,80.2426834106,52539,52559,20
12.9813995361,80.2426834106,52559,52569,10
12.9813899994,80.2428131104,52569,52579,10
12.9813899994,80.2432479858,52579,52589,10
12.9813203812,80.2439422607,52589,52599,10
12.9812097549,80.2448577881,52599,52609,10
12.9810800552,80.2459564209,52609,52619,10
12.9809598923,80.2471008301,52619,52630,11
12.9808702469,80.2483901978,52630,52640,10
12.9807596207,80.2495269775,52640,52650,10
12.9805202484,80.2506790161,52650,52660,10
12.9802503586,80.2517166138,52660,52670,10
12.9801397324,80.2522201538,52670,52689,19
12.9801397324,80.2522201538,52689,52700,11
12.980099678,80.252456665,52700,52710,10
12.9802999496,80.2526397705,52710,52720,10
12.9807500839,80.2526626587,52720,52732,12
12.981710434,80.2526321411,52732,52740,8
12.982339859,80.2526016235,52740,52752,12
12.9827899933,80.2525405884,52752,52762,10
12.9830799103,80.2525177002,52762,52772,10
12.9833602905,80.2524795532,52772,53004,232
12.9833602905,80.2524795532,53004,53014,10
12.9837198257,80.2523803711,53014,53024,10
12.9839496613,80.2523269653,53024,53035,11
12.9843902588,80.2522125244,53035,53045,10
12.9846897125,80.2521286011,53045,53055,10
12.9850301743,80.2520370483,53055,53065,10
12.9854097366,80.2519302368,53065,53115,50
12.9854097366,80.2519302368,53115,53125,10
12.9855604172,80.2519302368,53125,53136,11
12.9858398438,80.2518310547,53136,53146,10
12.9860696793,80.2517700195,53146,53236,90
12.9860696793,80.2517700195,53236,53247,11
12.9866895676,80.2516174316,53247,53257,10
12.9875898361,80.2513504028,53257,53378,121
12.9875898361,80.2513504028,53378,53388,10
12.987739563,80.2513580322,53388,53398,10
12.9879102707,80.2514877319,53398,53408,10
12.9880304337,80.2520294189,53408,53418,10
12.9879798889,80.2529373169,53418,53428,10
12.987859726,80.2540817261,53428,53438,10
12.9877195358,80.2554092407,53438,53479,41
12.9877195358,80.2554092407,53479,53489,10
12.9876804352,80.2555618286,53489,53499,10
12.9876203537,80.2559661865,53499,53509,10
12.987569809,80.2565078735,53509,53519,10
12.9875097275,80.2571334839,53519,53529,10
12.9874296188,80.2578582764,53529,53539,10
12.9873600006,80.2586288452,53539,53549,10
12.9872398376,80.2594299316,53549,53569,20
12.9872398376,80.2594299316,53569,53579,10
12.9871997833,80.2596206665,53579,53589,10
12.9870996475,80.2596511841,53589,53599,10
12.9869203568,80.2595825195,53599,53610,11
12.9866895676,80.2595214844,53610,53620,10
12.9865598679,80.2592926025,53620,53680,60
12.9865598679,80.2592926025,53680,53690,10
12.9865999222,80.259147644,53690,53700,10
12.9866895676,80.2590332031,53700,53710,10
12.9869403839,80.2590408325,53710,53813,103
12.9869403839,80.2590408325,53813,53823,10
12.9872303009,80.2590866089,53823,53833,10
12.9872999191,80.2588119507,53833,53843,10
12.9873600006,80.2582473755,53843,53854,11
12.9874296188,80.257522583,53854,53864,10
12.9875001907,80.2568969727,53864,53874,10
12.987569809,80.2562179565,53874,53904,30
12.987569809,80.2562179565,53904,53914,10
12.9875602722,80.2559280396,53914,53924,10
12.9876899719,80.2554626465,53924,53934,10
12.9877300262,80.2549285889,53934,53944,10
12.9877195358,80.2548904419,53944,53955,11
12.9877700806,80.2544708252,53955,53965,10
12.9878396988,80.2537536621,53965,53975,10
12.9879102707,80.2528686523,53975,53985,10
12.9879102707,80.2520523071,53985,53995,10
12.9877996445,80.251701355,53995,54015,20
12.9877996445,80.251701355,54015,54025,10
12.9876804352,80.2515487671,54025,54035,10
12.9872703552,80.2515716553,54035,54045,10
12.9869604111,80.2516326904,54045,54056,11
12.9866399765,80.2517318726,54056,54066,10
12.986410141,80.2518005371,54066,54076,10
12.9858798981,80.2519226074,54076,54086,10
12.985039711,80.2521514893,54086,54096,10
12.9841299057,80.2523574829,54096,54106,10
12.9829902649,80.2526016235,54106,54116,10
12.9818201065,80.2526473999,54116,54126,10
12.9808397293,80.2526779175,54126,54136,10
12.9800300598,80.2526931763,54136,54177,41
12.9800300598,80.2526931763,54177,54187,10
12.9798498154,80.2522506714,54187,54207,20
12.9798498154,80.2522506714,54207,54217,10
12.9799098969,80.2520523071,54217,54227,10
12.9800796509,80.2515487671,54227,54237,10
12.9803199768,80.2508163452,54237,54247,10
12.9805498123,80.2499237061,54247,54258,11
12.9806995392,80.2488632202,54258,54268,10
12.9807701111,80.2479171753,54268,54278,10
12.9808397293,80.2469711304,54278,54288,10
12.9809503555,80.2459411621,54288,54298,10
12.9810695648,80.2449035645,54298,54308,10
12.9811401367,80.2439880371,54308,54318,10
12.9812097549,80.2436676025,54318,54328,10
12.981300354,80.2433929443,54328,54338,10
12.9813098907,80.2428207397,54338,54359,21
12.9813098907,80.2428207397,54359,54369,10
12.9813499451,80.2424087524,54369,54389,20
12.9813499451,80.2424087524,54389,54399,10
12.9813203812,80.2420730591,54399,54409,10
12.9813098907,80.2414703369,54409,54419,10
12.9813098907,80.2406234741,54419,54429,10
12.9812898636,80.2397994995,54429,54439,10
12.9812803268,80.2391586304,54439,54449,10
12.9812202454,80.2378997803,54449,54470,21
12.9812202454,80.2378997803,54470,54480,10
12.9812002182,80.2376785278,54480,54490,10
12.981180191,80.2370605469,54490,54500,10
12.9811697006,80.2363128662,54500,54510,10
12.9811601639,80.2356796265,54510,54520,10
12.9811296463,80.2349624634,54520,54530,10
12.9812002182,80.2341690063,54530,54540,10
12.9815196991,80.2334594727,54540,54550,10
12.9815998077,80.2333068848,54550,54558,8
12.9816198349,80.2332611084,54558,54570,12
12.9818601608,80.232749939,54570,54580,10
12.9819498062,80.232208252,54580,54591,11
12.9819297791,80.2316894531,54591,54601,10
12.9819097519,80.2313079834,54601,54611,10
12.9817495346,80.2308197021,54611,54621,10
12.9814596176,80.2303237915,54621,54631,10
12.9810400009,80.2296295166,54631,54641,10
12.9808197021,80.2292709351,54641,54651,10
12.9807100296,80.2291030884,54651,54661,10
12.980629921,80.2289886475,54661,54671,10
12.9806003571,80.2289428711,54671,54681,10
12.9803800583,80.2285614014,54681,54691,10
12.9802303314,80.2282028198,54691,54701,10
12.9799098969,80.2276611328,54701,54711,10
12.9794797897,80.2269668579,54711,54721,10
12.9790897369,80.2263031006,54721,54731,10
12.9786195755,80.2255172729,54731,54741,10
12.9781703949,80.2247695923,54741,54754,13
12.9777297974,80.2241897583,54754,54764,10
12.9776802063,80.2241287231,54764,54774,10
12.9775600433,80.2238998413,54774,54784,10
12.9772701263,80.2233963013,54784,54794,10
12.9769601822,80.2228469849,54794,54804,10
12.9770898819,80.2226333618,54804,54824,20
12.9770898819,80.2226333618,54824,54834,10
12.977399826,80.222618103,54834,54844,10
12.9774703979,80.2222900391,54844,54854,10
12.9774503708,80.2218093872,54854,54865,11
12.9774198532,80.2212905884,54865,54875,10
12.9774599075,80.2211914063,54875,54885,10
12.9778499603,80.2211608887,54885,54895,10
12.9783601761,80.2211380005,54895,54905,10
12.9791297913,80.2210922241,54905,54915,10
12.9799804688,80.2210388184,54915,54925,10
12.9807796478,80.2210006714,54925,54935,10
12.9814901352,80.2212600708,54935,54945,10
12.982000351,80.2216415405,54945,54956,11
12.9828100204,80.2219085693,54956,54976,20
12.9828100204,80.2219085693,54976,54986,10
12.9831695557,80.2221298218,54986,54996,10
12.9834699631,80.2223510742,54996,55006,10
12.9839000702,80.2225570679,55006,55016,10
12.9844102859,80.2228622437,55016,55026,10
12.9850997925,80.2231903076,55026,55036,10
12.9854698181,80.2230606079,55036,55046,10
12.9860200882,80.22290802,55046,55057,11
12.9863100052,80.2229232788,55057,55067,10
12.986410141,80.2229003906,55067,55077,10
12.9865903854,80.2229385376,55077,55087,10
12.9869203568,80.2229995728,55087,55097,10
12.9874095917,80.2229919434,55097,55107,10
12.9878997803,80.2227325439,55107,55117,10
12.988360405,80.2224502563,55117,55127,10
12.9888696671,80.2219696045,55127,55137,10
12.9893398285,80.2213668823,55137,55147,10
12.9897203445,80.2208328247,55147,55158,11
12.9903001785,80.2203369141,55158,55168,10
12.9903802872,80.2203216553,55168,55178,10
12.9907503128,80.2200622559,55178,55188,10
12.9911899567,80.2196884155,55188,55198,10
12.9915704727,80.2194213867,55198,55208,10
12.9919099808,80.2192230225,55208,55218,10
12.9923496246,80.2188873291,55218,55228,10
12.9929103851,80.2184371948,55228,55238,10
12.993519783,80.2180099487,55238,55248,10
12.9939498901,80.2177200317,55248,55259,11
12.9943599701,80.2174224854,55259,55269,10
12.9947099686,80.2171936035,55269,55279,10
12.9952096939,80.2168502808,55279,55289,10
12.9958400726,80.2165908813,55289,55299,10
12.9966001511,80.2164382935,55299,55309,10
12.9971704483,80.2163009644,55309,55319,10
12.9974803925,80.2160415649,55319,55329,10
12.9975004196,80.2160415649,55329,55339,10
12.9977502823,80.2158203125,55339,55349,10
12.9982404709,80.2153320313,55349,55359,10
12.998840332,80.2148132324,55359,55370,11
12.9991397858,80.2146072388,55370,55380,10
12.9995498657,80.2142333984,55380,55390,10
13.0000400543,80.2138519287,55390,55400,10
13.0005998611,80.2133636475,55400,55410,10
13.0009202957,80.2130813599,55410,55420,10
13.0013599396,80.2127075195,55420,55430,10
13.0019903183,80.2123184204,55430,55440,10
13.0024795532,80.2121276855,55440,55450,10
13.0029096603,80.212059021,55450,55460,10
13.0033903122,80.212020874,55460,55471,11
13.0037698746,80.2120666504,55471,55481,10
13.0044803619,80.2122192383,55481,55491,10
13.0051803589,80.2126312256,55491,55501,10
13.0059404373,80.2128601074,55501,55511,10
13.0066003799,80.2126998901,55511,55521,10
13.0073604584,80.2127685547,55521,55531,10
13.0077896118,80.2130203247,55531,55541,10
13.0078201294,80.2130508423,55541,55551,10
13.0079202652,80.2131271362,55551,55561,10
13.0082998276,80.2132797241,55561,55572,11
13.0089197159,80.2139663696,55572,55581,9
13.0094003677,80.2146377563,55581,55592,11
13.009759903,80.2150878906,55592,55602,10
13.0101499557,80.2156066895,55602,55612,10
13.0106697083,80.2164230347,55612,55622,10
13.0109596252,80.2172164917,55622,55632,10
13.011300087,80.2181015015,55632,55641,9
13.0116195679,80.2189331055,55641,55653,12
13.0120000839,80.2202301025,55653,55662,9
13.0122804642,80.2211380005,55662,55674,12
13.0127096176,80.2220001221,55674,55684,10
13.0133399963,80.2227478027,55684,55696,12
13.0140104294,80.2235183716,55696,55706,10
13.0142402649,80.2237625122,55706,55716,10
13.0149698257,80.2245330811,55716,55726,10
13.0149698257,80.2245330811,55726,55736,10
13.0150499344,80.2246398926,55736,55745,9
13.0152902603,80.224861145,55745,55756,11
13.0155696869,80.2250595093,55756,55768,12
13.0155696869,80.2250671387,55768,55778,10
13.0157299042,80.225189209,55778,55788,10
13.0161600113,80.2253265381,55788,55798,10
13.0167398453,80.2252120972,55798,55808,10
13.0175895691,80.2248764038,55808,55818,10
13.0184698105,80.2245178223,55818,55828,10
13.0193099976,80.2243728638,55828,55838,10
13.0200099945,80.2247314453,55838,55848,10
13.0207195282,80.225227356,55848,55858,10
13.0213003159,80.2257003784,55858,55869,11
13.0218095779,80.2260818481,55869,55879,10
13.021900177,80.2261276245,55879,55889,10
13.0221395493,80.2263336182,55889,55899,10
13.0226802826,80.2268218994,55899,55909,10
13.0233697891,80.2274703979,55909,55919,10
13.0240297318,80.2280883789,55919,55929,10
13.0246496201,80.2288894653,55929,55949,20
13.0246496201,80.2288894653,55949,55959,10
13.0247402191,80.2290267944,55959,55970,11
13.0251398087,80.2295379639,55970,55980,10
13.0255899429,80.2301635742,55980,55990,10
13.0258197784,80.2305297852,55990,56000,10
13.0258197784,80.2305603027,56000,56010,10
13.0259199142,80.2308807373,56010,56020,10
13.0259599686,80.2311477661,56020,56030,10
13.026260376,80.2312698364,56030,56040,10
13.0269804001,80.2310791016,56040,56050,10
13.027680397,80.2309188843,56050,56060,10
13.0280103683,80.2308883667,56060,56071,11
13.0283603668,80.2308273315,56071,56081,10
13.0285596848,80.2308425903,56081,56091,10
13.0290803909,80.2308273315,56091,56101,10
13.0295095444,80.230796814,56101,56111,10
13.029999733,80.2307434082,56111,56121,10
13.0304803848,80.2306976318,56121,56131,10
13.030579567,80.2306976318,56131,56141,10
13.0309000015,80.2306671143,56141,56151,10
13.0314502716,80.2306213379,56151,56161,10
13.0320997238,80.2305603027,56161,56171,10
13.0328502655,80.2305221558,56171,56181,10
13.0335302353,80.230506897,56181,56191,10
13.0339603424,80.2304534912,56191,56201,10
13.0344400406,80.2303314209,56201,56262,61
13.0344400406,80.2303314209,56262,56272,10
13.0346097946,80.2303390503,56272,56282,10
13.0347700119,80.2302703857,56282,56292,10
13.0349302292,80.2301635742,56292,56302,10
13.0350198746,80.2299880981,56302,56312,10
13.0349597931,80.2298812866,56312,56322,10
13.0344400406,80.2297973633,56322,56455,133
13.0341997147,80.2300491333,56455,56678,223
13.0341997147,80.2300491333,56678,56688,10
13.0341701508,80.2304229736,56688,56698,10
13.034070015,80.2304534912,56698,56708,10
13.0338497162,80.2304382324,56708,56718,10
13.0333595276,80.2304763794,56718,56728,10
13.0326595306,80.2305603027,56728,56738,10
13.0319004059,80.2306289673,56738,56748,10
13.0311403275,80.2307128906,56748,56758,10
13.0305900574,80.2307434082,56758,56768,10
13.0296602249,80.2308425903,56768,56789,21
13.0296602249,80.2308425903,56789,56799,10
13.0295495987,80.2308807373,56799,56809,10
13.0290803909,80.2309036255,56809,56819,10
13.0283403397,80.2309570313,56819,56829,10
13.0276699066,80.2310180664,56829,56839,10
13.027589798,80.231338501,56839,56849,10
13.0276498795,80.2319107056,56849,56859,10
13.0277700424,80.2325592041,56859,56869,10
13.0275297165,80.2328109741,56869,56880,11
13.0268802643,80.2329483032,56880,56890,10
13.0266304016,80.233001709,56890,56900,10
13.026309967,80.232749939,56900,56910,10
13.026140213,80.232093811,56910,56920,10
13.0260601044,80.2317886353,56920,56930,10
13.026049614,80.2317504883,56930,56940,10
13.025970459,80.2314224243,56940,56950,10
13.0257902145,80.230758667,56950,56960,10
13.0253696442,80.2300567627,56960,56972,12
13.0245599747,80.2290420532,56972,56993,21
13.0245599747,80.2290420532,56993,57003,10
13.0243902206,80.2288131714,57003,57013,10
13.0240097046,80.2283630371,57013,57023,10
13.0235700607,80.2278366089,57023,57033,10
13.0230102539,80.2274017334,57033,57063,30
13.0230102539,80.2274017334,57063,57073,10
13.0227499008,80.2271575928,57073,57085,12
13.0226097107,80.2268981934,57085,57095,10
13.022480011,80.2267303467,57095,57105,10
13.0221099854,80.2263870239,57105,57115,10
13.0215597153,80.2259597778,57115,57125,10
13.0209598541,80.2254867554,57125,57135,10
13.0204000473,80.2251434326,57135,57145,10
13.0200796127,80.224937439,57145,57155,10
13.0197200775,80.2246932983,57155,57165,10
13.0190601349,80.2244873047,57165,57175,10
13.0182695389,80.2247009277,57175,57186,11
13.0173797607,80.2250518799,57186,57196,10
13.0166196823,80.2253570557,57196,57206,10
13.0161399841,80.2255477905,57206,57216,10
13.01541996,80.2257995605,57216,57226,10
13.0143404007,80.226272583,57226,57246,20
13.0143404007,80.226272583,57246,57256,10
13.0140600204,80.2263793945,57256,57266,10
13.0134401321,80.2266082764,57266,57276,10
13.0125703812,80.2269210815,57276,57287,11
13.0114603043,80.2273483276,57287,57297,10
13.0104999542,80.2277297974,57297,57307,10
13.0097303391,80.2279815674,57307,57317,10
13.0094804764,80.2276229858,57317,57327,10
13.009759903,80.2270736694,57327,57337,10
13.0101604462,80.2262573242,57337,57347,10
13.0105199814,80.2254486084,57347,57357,10
13.0108003616,80.2248077393,57357,57367,10
13.0110197067,80.2242736816,57367,57377,10
13.0112304688,80.2238006592,57377,57388,11
13.0114202499,80.2232513428,57388,57398,10
13.0116701126,80.2225875854,57398,57408,10
13.0119104385,80.2219772339,57408,57458,50
13.0121297836,80.2216491699,57458,57478,20
13.0121297836,80.2216491699,57478,57489,11
13.0121603012,80.2214508057,57489,57499,10
13.0122003555,80.2213592529,57499,57509,10
13.0122098923,80.2211914063,57509,57519,10
13.0120697021,80.2207489014,57519,57529,10
13.0118103027,80.2199172974,57529,57539,10
13.0114898682,80.2189483643,57539,57549,10
13.0111398697,80.2179489136,57549,57559,10
13.0107698441,80.2171096802,57559,57569,10
13.0104703903,80.2164535522,57569,57579,10
13.0101604462,80.2159118652,57579,57590,11
13.009759903,80.2151412964,57590,57600,10
13.0092697144,80.2145080566,57600,57610,10
13.008769989,80.2138290405,57610,57620,10
13.0084896088,80.2135467529,57620,57640,20
13.0084896088,80.2135467529,57640,57650,10
13.0082998276,80.213432312,57650,57660,10
13.0080604553,80.2133102417,57660,57670,10
13.0078296661,80.2131271362,57670,57680,10
13.0076599121,80.2129669189,57680,57691,11
13.0071697235,80.2128219604,57691,57701,10
13.0064401627,80.2127914429,57701,57711,10
13.0057096481,80.2129974365,57711,57721,10
13.0049695969,80.212562561,57721,57731,10
13.0041599274,80.2121582031,57731,57741,10
13.0032701492,80.2121124268,57741,57751,10
13.0027399063,80.2121276855,57751,57761,10
13.0024595261,80.2121810913,57761,57771,10
13.0020399094,80.212387085,57771,57781,10
13.0014600754,80.2127990723,57781,57792,11
13.0011396408,80.2130508423,57792,57802,10
13.0007200241,80.2134094238,57802,57812,10
13.0001401901,80.2139434814,57812,57822,10
12.9996595383,80.2143478394,57822,57832,10
12.9991703033,80.2147827148,57832,57842,10
12.9989099503,80.2149963379,57842,57852,10
12.9983501434,80.2154769897,57852,57862,10
12.9976797104,80.2160720825,57862,57872,10
12.9973697662,80.2163696289,57872,57882,10
12.9972896576,80.2164382935,57882,57892,10
12.9972295761,80.216506958,57892,57902,10
12.9968299866,80.2165679932,57902,57912,10
12.9960203171,80.2166976929,57912,57922,10
12.9953699112,80.2169189453,57922,57932,10
12.9950199127,80.2171173096,57932,57952,20
12.9950199127,80.2171173096,57952,57963,11
12.9946298599,80.217376709,57963,57972,9
12.9941797256,80.2177276611,57972,57983,11
12.9937200546,80.2180709839,57983,57993,10
12.9930801392,80.2185287476,57993,58003,10
12.9923200607,80.219078064,58003,58013,10
12.9916000366,80.219619751,58013,58023,10
12.991060257,80.2200088501,58023,58033,10
12.99077034,80.2202377319,58033,58043,10
12.9907197952,80.2202911377,58043,58053,10
12.9903697968,80.2205276489,58053,58063,10
12.9898300171,80.2210235596,58063,58073,10
12.9893598557,80.2215805054,58073,58083,10
12.989109993,80.2219009399,58083,58096,13
12.9885797501,80.2224807739,58096,58106,10
12.9879302979,80.2229995728,58106,58116,10
12.9874000549,80.2231216431,58116,58126,10
12.9870901108,80.2230911255,58126,58136,10
12.9869804382,80.2230682373,58136,58146,10
12.986579895,80.2229995728,58146,58156,10
12.9859695435,80.2229995728,58156,58163,7
12.9855499268,80.223197937,58163,58176,13
12.9849700928,80.2232131958,58176,58186,10
12.9843301773,80.2228622437,58186,58197,11
12.983830452,80.2225799561,58197,58207,10
12.9833202362,80.2222595215,58207,58227,20
12.9833202362,80.2222595215,58227,58237,10
12.983039856,80.2220535278,58237,58247,10
12.9827098846,80.2219009399,58247,58257,10
12.982509613,80.2218475342,58257,58267,10
12.982000351,80.2216262817,58267,58277,10
12.9813995361,80.221206665,58277,58287,10
12.9806900024,80.2210617065,58287,58298,11
12.9799604416,80.2211074829,58298,58308,10
12.9791297913,80.2211837769,58308,58318,10
12.9783000946,80.2212219238,58318,58328,10
12.9775400162,80.2212524414,58328,58338,10
12.9769201279,80.221282959,58338,58348,10
12.9764499664,80.2212905884,58348,58358,10
12.9761600494,80.2213592529,58358,58378,20
12.9761600494,80.2213592529,58378,58387,9
12.9762601852,80.2217178345,58387,58409,22
12.9762601852,80.2217178345,58409,58419,10
12.9763298035,80.2219009399,58419,58429,10
12.976559639,80.2222900391,58429,58439,10
12.9769897461,80.2229614258,58439,58449,10
12.9774999619,80.2237701416,58449,58459,10
12.9780397415,80.2246017456,58459,58469,10
12.9785499573,80.2254333496,58469,58479,10
12.9791202545,80.2263793945,58479,58489,10
12.9795198441,80.2270278931,58489,58500,11
12.9799404144,80.2276687622,58500,58510,10
12.9803104401,80.2283172607,58510,58520,10
12.9805698395,80.2288131714,58520,58530,10
12.980919838,80.2293930054,58530,58540,10
12.981300354,80.2300033569,58540,58550,10
12.9816904068,80.2306594849,58550,58560,10
12.9818201065,80.2308578491,58560,58570,10
12.9818696976,80.2309494019,58570,58580,10
12.9820203781,80.2314605713,58580,58590,10
12.9820404053,80.232131958,58590,58601,11
12.9819202423,80.2328033447,58601,58611,10
12.9817800522,80.2331924438,58611,58621,10
12.9817695618,80.2332229614,58621,58631,10
12.9816904068,80.2333908081,58631,58641,10
12.9814796448,80.2338027954,58641,58651,10
12.9812297821,80.2345962524,58651,58661,10
12.9812097549,80.2355499268,58661,58671,10
12.9812202454,80.2366714478,58671,58681,10
12.9812803268,80.2376174927,58681,58691,10
12.981300354,80.2382736206,58691,58702,11
12.9813098907,80.2385482788,58702,58712,10
12.981300354,80.2386169434,58712,58722,10
12.9813203812,80.2390213013,58722,58732,10
12.9813499451,80.2396774292,58732,58742,10
12.9813499451,80.2404174805,58742,58752,10
12.9813699722,80.2412490845,58752,58762,10
12.9813699722,80.2420806885,58762,58772,10
12.9813995361,80.2426528931,58772,58783,11
12.9814100266,80.2426681519,58783,58793,10
12.9814300537,80.242729187,58793,58803,10
12.9814195633,80.2431488037,58803,58813,10
12.9813604355,80.2438583374,58813,58823,10
12.9812202454,80.2447662354,58823,58834,11
12.9810695648,80.2459411621,58834,58844,10
12.9809398651,80.2471313477,58844,58854,10
12.9808597565,80.2483673096,58854,58864,10
12.9807500839,80.2496414185,58864,58874,10
12.9804601669,80.2509002686,58874,58884,10
12.980219841,80.2518386841,58884,58893,9
12.9801702499,80.2521286011,58893,58904,11
12.9801197052,80.2523117065,58904,58914,10
12.9802103043,80.2525863647,58914,58924,10
12.9806699753,80.2526779175,58924,58934,10
12.981590271,80.2526702881,58934,58944,10
12.9826803207,80.2526321411,58944,58954,10
12.9839096069,80.2524032593,58954,58964,10
12.9850301743,80.2520904541,58964,58974,10
12.9858598709,80.2518386841,58974,58984,10
12.9864597321,80.2516784668,58984,58997,13
12.9876804352,80.2513275146,58997,59138,141
12.9876804352,80.2513275146,59138,59148,10
12.9876899719,80.2512969971,59148,59158,10
12.9879102707,80.2515411377,59158,59168,10
12.9880199432,80.2520599365,59168,59178,10
12.9879999161,80.2528381348,59178,59188,10
12.9879198074,80.253616333,59188,59199,11
12.9878396988,80.2543792725,59199,59209,10
12.9878196716,80.2546615601,59209,59219,10
12.9877796173,80.2550506592,59219,59229,10
12.987739563,80.2554779053,59229,59239,10
12.9876699448,80.2559280396,59239,59249,10
12.9876003265,80.256439209,59249,59259,10
12.9875802994,80.2569503784,59259,59269,10
12.987569809,80.2570724487,59269,59279,10
12.9875402451,80.2574691772,59279,59289,10
12.9875001907,80.2582321167,59289,59300,11
12.9874401093,80.2590179443,59300,59308,8
12.9872703552,80.2595825195,59308,59331,23
12.9872703552,80.2595825195,59331,59341,10
12.9871301651,80.2596817017,59341,59351,10
12.9869699478,80.2596282959,59351,59361,10
12.9867801666,80.2595901489,59361,59371,10
12.9865102768,80.2595062256,59371,60079,708
12.9865102768,80.2595062256,60079,60089,10
12.986579895,80.2591323853,60089,60180,91
12.9869403839,80.2590408325,60180,60271,91
12.9869403839,80.2590408325,60271,60281,10
12.9873104095,80.2591018677,60281,60291,10
12.9873600006,80.2589035034,60291,60301,10
12.9873600006,80.2586364746,60301,60322,21
12.9873600006,80.2586364746,60322,60332,10
12.9873800278,80.2582702637,60332,60342,10
12.9873800278,80.2580413818,60342,60352,10
12.9874000549,80.257850647,60352,60362,10
12.9874095917,80.2573776245,60362,60372,10
12.9874696732,80.2567596436,60372,60493,121
12.9874696732,80.2567596436,60493,60503,10
12.9875402451,80.2564086914,60503,60513,10
12.9875497818,80.2562179565,60513,60524,11
12.9875497818,80.2559890747,60524,60534,10
12.9876298904,80.2556686401,60534,60544,10
12.9876899719,80.2551574707,60544,60554,10
12.9877004623,80.2548828125,60554,60564,10
12.987739563,80.25440979,60564,60574,10
12.9878101349,80.2536087036,60574,60584,10
12.9878902435,80.2526473999,60584,60594,10
12.9878196716,80.2518463135,60594,60614,20
12.9878196716,80.2518463135,60614,60624,10
12.9875898361,80.2516098022,60624,60634,10
12.9870100021,80.251663208,60634,60644,10
12.9861803055,80.2518692017,60644,60654,10
12.9851303101,80.2521362305,60654,60664,10
12.9839897156,80.2524490356,60664,60676,12
12.982629776,80.2526779175,60676,60685,9
12.9815998077,80.2527008057,60685,60695,10
12.9807100296,80.2527389526,60695,60706,11
12.9801797867,80.2527694702,60706,60745,39
12.9801797867,80.2527694702,60745,60755,10
12.9800596237,80.2527694702,60755,60765,10
12.9798698425,80.2526702881,60765,60775,10
12.9798803329,80.2524185181,60775,60785,10
12.9798803329,80.2524108887,60785,60795,10
12.9799203873,80.252281189,60795,60805,10
12.9799404144,80.2520599365,60805,60815,10
12.9800901413,80.2516403198,60815,60828,13
12.9804201126,80.2506027222,60828,60838,10
12.9806203842,80.2497024536,60838,60848,10
12.9807300568,80.2487335205,60848,60858,10
12.980799675,80.2477111816,60858,60868,10
12.980890274,80.2466430664,60868,60878,10
12.981010437,80.2455825806,60878,60888,10
12.9811201096,80.2445373535,60888,60898,10
12.9811496735,80.244140625,60898,60908,10
12.9811601639,80.2439880371,60908,60918,10
12.9811697006,80.2438201904,60918,60929,11
12.9812803268,80.243598938,60929,60949,20
12.9812803268,80.243598938,60949,60959,10
12.981300354,80.2433013916,60959,60969,10
12.9813098907,80.2429962158,60969,60979,10
12.9813203812,80.2429580688,60979,60989,10
12.9813404083,80.2427062988,60989,60999,10
12.9813499451,80.2423095703,60999,61009,10
12.9813404083,80.2416915894,61009,61019,10
12.9813404083,80.2409133911,61019,61030,11
12.9813203812,80.239982605,61030,61040,10
12.9813098907,80.2393493652,61040,61050,10
12.981300354,80.2388305664,61050,61060,10
12.981300354,80.238243103,61060,61070,10
12.9812698364,80.2377090454,61070,61080,10
12.9812498093,80.2371063232,61080,61090,10
12.9812297821,80.2363510132,61090,61100,10
12.9812002182,80.2354812622,61100,61110,10
12.9811697006,80.234588623,61110,61119,9
12.9813404083,80.2339096069,61119,61131,12
12.9816904068,80.2331771851,61131,61141,10
12.9818201065,80.2329025269,61141,61151,10
12.9819402695,80.2325363159,61151,61161,10
12.9819498062,80.2321166992,61161,61171,10
12.9819498062,80.2316207886,61171,61181,10
12.981880188,80.2312164307,61181,61190,9
12.9817495346,80.2308578491,61190,61201,11
12.9814901352,80.2303695679,61201,61211,10
12.9810695648,80.2296981812,61211,61221,10
12.9808101654,80.2292861938,61221,61232,11
12.9806604385,80.229057312,61232,61242,10
12.9806404114,80.2290267944,61242,61252,10
12.9804601669,80.2286987305,61252,61262,10
12.9802904129,80.2283325195,61262,61272,10
12.9799699783,80.2277679443,61272,61282,10
12.9796800613,80.2272872925,61282,61292,10
12.9793300629,80.2267227173,61292,61302,10
12.9789600372,80.2260971069,61302,61311,9
12.9785604477,80.2254486084,61311,61323,12
12.9780597687,80.2246704102,61323,61333,10
12.9778499603,80.2244110107,61333,61343,10
12.9776496887,80.2240524292,61343,61353,10
12.9773902893,80.2236022949,61353,61363,10
12.9769296646,80.2228469849,61363,61383,20
12.9769296646,80.2228469849,61383,61393,10
12.9770097733,80.2227401733,61393,61403,10
12.9774198532,80.2227020264,61403,61413,10
12.9774904251,80.2223434448,61413,61423,10
12.9774703979,80.2217636108,61423,61434,11
12.9774103165,80.221282959,61434,61444,10
12.9769201279,80.221282959,61444,61454,10
12.9765996933,80.2212371826,61454,61464,10
12.9765701294,80.2212371826,61464,61474,10
12.9761199951,80.2213287354,61474,61525,51
12.9762201309,80.2216262817,61525,61756,231
12.9763402939,80.2218704224,61756,61826,70
12.9764699936,80.2220001221,61826,61960,134
12.9764699936,80.2220001221,61960,61970,10
12.9765501022,80.2221832275,61970,61980,10
12.9767799377,80.2225570679,61980,61990,10
12.9771003723,80.2230911255,61990,62000,10
12.9775104523,80.2237472534,62000,62010,10
12.9779500961,80.2244186401,62010,62020,10
12.9783096313,80.2250137329,62020,62030,10
12.9786100388,80.2254486084,62030,62041,11
12.9786396027,80.2254867554,62041,62051,10
12.9788599014,80.2258834839,62051,62061,10
12.9792203903,80.2265014648,62061,62071,10
12.9796895981,80.2272796631,62071,62081,10
12.9800701141,80.2278823853,62081,62091,10
12.9804801941,80.2285766602,62091,62100,9
12.9807195663,80.2290115356,62100,62111,11
12.9809503555,80.2293930054,62111,62121,10
12.981180191,80.2297973633,62121,62131,10
12.9815797806,80.2303314209,62131,62142,11
12.9816904068,80.2304992676,62142,62152,10
12.9818296432,80.2307815552,62152,62162,10
12.9820299149,80.2313995361,62162,62172,10
12.9820995331,80.232131958,62172,62182,10
12.9820804596,80.2323303223,62182,62192,10
12.982000351,80.2327423096,62192,62202,10
12.9817800522,80.2333068848,62202,62212,10
12.9816503525,80.2335662842,62212,62222,10
12.9816102982,80.2336425781,62222,62230,8
12.9814300537,80.2340011597,62230,62243,13
12.9812402725,80.2350006104,62243,62253,10
12.9812402725,80.2359313965,62253,62263,10
12.9812803268,80.2368774414,62263,62273,10
12.9813203812,80.2377624512,62273,62283,10
12.9813604355,80.2387619019,62283,62303,20
12.9813604355,80.2387619019,62303,62313,10
12.9813604355,80.2389984131,62313,62323,10
12.9813699722,80.2396316528,62323,62333,10
12.9813899994,80.2403335571,62333,62344,11
12.9814100266,80.2412414551,62344,62354,10
12.9814195633,80.2420425415,62354,62364,10
12.9814395905,80.2428588867,62364,62394,30
12.9814395905,80.2428588867,62394,62404,10
12.9814195633,80.2430114746,62404,62414,10
12.9814100266,80.2434692383,62414,62424,10
12.9813098907,80.2441177368,62424,62434,10
12.981180191,80.2450408936,62434,62445,11
12.9810400009,80.2462692261,62445,62455,10
12.9809503555,80.2473678589,62455,62465,10
12.9808597565,80.248550415,62465,62475,10
12.9807796478,80.2495193481,62475,62485,10
12.9805698395,80.2505722046,62485,62495,10
12.9802999496,80.2516174316,62495,62505,10
12.9801702499,80.2521820068,62505,62515,10
12.9801597595,80.2522277832,62515,62525,10
12.9801197052,80.2523269653,62525,62536,11
12.9802103043,80.2525787354,62536,62546,10
12.9807100296,80.2526779175,62546,62557,11
12.9816198349,80.2526397705,62557,62566,9
12.9825601578,80.2526092529,62566,62576,10
12.9836902618,80.2524490356,62576,62586,10
12.9847297668,80.2521514893,62586,62596,10
12.9854001999,80.2519302368,62596,62677,81
12.9854001999,80.2519302368,62677,62688,11
12.985619545,80.2518768311,62688,62698,10
12.9860601425,80.2517471313,62698,62707,9
12.986530304,80.2516403198,62707,62717,10
12.9871501923,80.2514724731,62717,62727,10
12.9875402451,80.2513580322,62727,62737,10
12.9878902435,80.2514572144,62737,62749,12
12.9880304337,80.2519607544,62749,62759,10
12.9880399704,80.2520599365,62759,62769,10
12.9880399704,80.2524795532,62769,62779,10
12.9879703522,80.2533187866,62779,62789,10
12.9878997803,80.2541427612,62789,62850,61
12.9878997803,80.2541427612,62850,62860,10
12.9878797531,80.2543029785,62860,62870,10
12.9878196716,80.2548522949,62870,62880,10
12.9877500534,80.2553634644,62880,62890,10
12.9877195358,80.2558288574,62890,62900,10
12.987660408,80.2561187744,62900,62910,10
12.9876298904,80.2562713623,62910,62920,10
12.9876098633,80.2563781738,62920,62930,10
12.9875602722,80.2568588257,62930,62941,11
12.9874897003,80.2577819824,62941,62951,10
12.9874296188,80.2586593628,62951,62961,10
12.9873304367,80.2592163086,62961,62981,20
12.9873304367,80.2592163086,62981,62991,10
12.9872398376,80.2592926025,62991,63001,10
12.9872598648,80.2595062256,63001,63031,30
12.9872598648,80.2595062256,63031,63042,11
12.9872598648,80.2596435547,63042,63052,10
12.9871397018,80.2596588135,63052,63062,10
12.9869203568,80.2596206665,63062,63072,10
12.9867601395,80.259437561,63072,63183,111
12.986749649,80.2591094971,63183,63697,514
12.986749649,80.2591094971,63697,63707,10
12.9871196747,80.2591705322,63707,63717,10
12.9873304367,80.2591094971,63717,63729,12
12.9873800278,80.2586135864,63729,63737,8
12.9874095917,80.2582702637,63737,63747,10
12.9874200821,80.2579498291,63747,63760,13
12.9874801636,80.2572402954,63760,63767,7
12.9875402451,80.2568511963,63767,63780,13
12.9875898361,80.2561187744,63780,63931,151
12.9875898361,80.2561187744,63931,63941,10
12.9876899719,80.2555999756,63941,63951,10
12.9877300262,80.2550582886,63951,63962,11
12.9877195358,80.2549209595,63962,63972,10
12.9877595901,80.2546234131,63972,63982,10
12.9878196716,80.2539215088,63982,63992,10
12.9878797531,80.2530288696,63992,64002,10
12.9878997803,80.2521133423,64002,64012,10
12.9877996445,80.2517623901,64012,64022,10
12.9877901077,80.251739502,64022,64032,10
12.9875802994,80.2516326904,64032,64042,10
12.9870796204,80.251663208,64042,64053,11
12.9862604141,80.2518692017,64053,64063,10
12.9852895737,80.2521133423,64063,64073,10
12.984120369,80.2524337769,64073,64083,10
12.9828100204,80.2526779175,64083,64093,10
12.9814901352,80.2527236938,64093,64103,10
12.9805202484,80.2527313232,64103,64113,10
12.9801502228,80.2527389526,64113,64123,10
12.9800701141,80.252746582,64123,64133,10
12.9798898697,80.2526702881,64133,64143,10
12.9798898697,80.2524185181,64143,64164,21
12.9798898697,80.2524185181,64164,64174,10
12.979929924,80.252166748,64174,64184,10
12.9800596237,80.2517471313,64184,64194,10
12.9802999496,80.2510375977,64194,64204,10
12.9805498123,80.2501220703,64204,64214,10
12.9807100296,80.2490615845,64214,64224,10
12.9807901382,80.2479400635,64224,64234,10
12.980890274,80.2467498779,64234,64244,10
12.9810199738,80.2455291748,64244,64255,11
12.9811296463,80.2444381714,64255,64265,10
12.9811601639,80.2439880371,64265,64275,10
12.981180191,80.243812561,64275,64285,10
12.981300354,80.243598938,64285,64295,10
12.9813098907,80.2432785034,64295,64305,10
12.9813098907,80.243270874,64305,64315,10
12.9813203812,80.2431411743,64315,64345,30
12.9813203812,80.2431411743,64345,64356,11
12.9813098907,80.2428588867,64356,64376,20
12.9813098907,80.2428588867,64376,64386,10
12.9813604355,80.2425613403,64386,64396,10
12.9813299179,80.2419662476,64396,64406,10
12.9813299179,80.2412185669,64406,64416,10
12.9813299179,80.2408370972,64416,64426,10
12.9813203812,80.2405929565,64426,64436,10
12.9813098907,80.2402801514,64436,64446,10
12.9813098907,80.2398986816,64446,64457,11
12.9812898636,80.2393188477,64457,64467,10
12.9812698364,80.2386779785,64467,64477,10
12.9812602997,80.238319397,64477,64487,10
12.9812602997,80.2381973267,64487,64498,11
12.9812498093,80.2379608154,64498,64508,10
12.9812498093,80.2378387451,64508,64518,10
12.9812402725,80.2373580933,64518,64528,10
12.9812202454,80.2365875244,64528,64539,11
12.9812002182,80.2356796265,64539,64548,9
12.9811897278,80.235496521,64548,64560,12
12.9811897278,80.2353973389,64560,64570,10
12.9811697006,80.2351379395,64570,64580,10
12.9811601639,80.2349395752,64580,64588,8
12.9811601639,80.2348175049,64588,64610,22
12.9811601639,80.2348175049,64610,64620,10
12.9811601639,80.2345733643,64620,64630,10
12.981180191,80.2343826294,64630,64640,10
12.9811897278,80.234336853,64640,64648,8
12.9812402725,80.2341537476,64648,64661,13
12.981300354,80.2340316772,64661,64671,10
12.9813804626,80.2338562012,64671,64681,10
12.9814796448,80.2336730957,64681,64701,20
12.9814796448,80.2336730957,64701,64711,10
12.9815597534,80.2334976196,64711,64721,10
12.9816198349,80.2333602905,64721,64731,10
12.9816999435,80.2332229614,64731,64741,10
12.981880188,80.2328033447,64741,64751,10
12.9819803238,80.2323074341,64751,64762,11
12.9819498062,80.2317810059,64762,64772,10
12.9819097519,80.2314300537,64772,64782,10
12.981760025,80.2309494019,64782,64792,10
12.9815502167,80.2305374146,64792,64802,10
12.9811897278,80.2299499512,64802,64812,10
12.980919838,80.2295227051,64812,64822,10
12.9807901382,80.2292709351,64822,64831,9
12.9806699753,80.2291183472,64831,64842,11
12.9806499481,80.2291030884,64842,64852,10
12.9804601669,80.228767395,64852,64863,11
12.9802703857,80.2283401489,64863,64873,10
12.9799499512,80.2277984619,64873,64883,10
12.9795799255,80.2272033691,64883,64893,10
12.9792098999,80.2265930176,64893,64903,10
12.9788103104,80.2259063721,64903,64913,10
12.9784898758,80.2253723145,64913,64923,10
12.9782896042,80.2250366211,64923,64933,10
12.9780902863,80.2247161865,64933,64943,10
12.9779100418,80.2245407104,64943,64953,10
12.9777803421,80.2243118286,64953,64964,11
12.9775400162,80.2238998413,64964,64974,10
12.9772195816,80.2233505249,64974,64984,10
12.9770097733,80.2229766846,64984,65004,20
12.9770097733,80.2229766846,65004,65014,10
12.9770898819,80.2227401733,65014,65044,30
12.9770898819,80.2227401733,65044,65054,10
12.9773902893,80.2227325439,65054,65065,11
12.9775104523,80.2224884033,65065,65075,10
12.9774799347,80.2219924927,65075,65085,10
12.9774599075,80.2215118408,65085,65095,10
12.9774703979,80.2212982178,65095,65105,10
12.9778404236,80.2212677002,65105,65115,10
12.9784297943,80.2212295532,65115,65125,10
12.9790697098,80.2211914063,65125,65135,10
12.9798402786,80.2211380005,65135,65145,10
12.9806995392,80.2210464478,65145,65155,10
12.9813899994,80.2212524414,65155,65166,11
12.9817800522,80.2215270996,65166,65176,10
12.9821901321,80.2218017578,65176,65186,10
12.9824895859,80.2219009399,65186,65196,10
12.9828796387,80.2220230103,65196,65216,20
12.9828796387,80.2220230103,65216,65226,10
12.9829998016,80.222076416,65226,65236,10
12.9833202362,80.2222900391,65236,65267,31
12.9833202362,80.2222900391,65267,65277,10
12.9835596085,80.2224807739,65277,65287,10
12.9839200974,80.2226791382,65287,65297,10
12.9840698242,80.2227630615,65297,65307,10
12.9844198227,80.2229919434,65307,65317,10
12.9850797653,80.2233123779,65317,65327,10
12.9854898453,80.2232818604,65327,65337,10
12.9859600067,80.2230377197,65337,65347,10
12.9864702225,80.2230300903,65347,65357,10
12.9865102768,80.2230300903,65357,65368,11
12.986749649,80.2230606079,65368,65378,10
12.9870004654,80.2230987549,65378,65389,11
12.9875402451,80.2231521606,65389,65399,10
12.9880895615,80.2229232788,65399,65407,8
12.9885702133,80.2225265503,65407,65418,11
12.9890804291,80.2220230103,65418,65428,10
12.9893198013,80.2217025757,65428,65438,10
12.9897298813,80.2211608887,65438,65448,10
12.9904603958,80.2204208374,65448,65468,20
12.9904603958,80.2204208374,65468,65479,11
12.9907598495,80.2201766968,65479,65490,11
12.9912595749,80.2197875977,65490,65540,50
12.9912595749,80.2197875977,65540,65549,9
12.9915304184,80.2195587158,65549,65560,11
12.9920902252,80.2191696167,65560,65571,11
12.9928503036,80.2186431885,65571,65581,10
12.9935398102,80.2181167603,65581,65591,10
12.9940900803,80.2177200317,65591,65601,10
12.994389534,80.2175064087,65601,65611,10
12.9945001602,80.2174224854,65611,65621,10
12.9945697784,80.2173614502,65621,65631,10
12.9948101044,80.2171783447,65631,65641,10
12.9952201843,80.2169265747,65641,65651,10
12.9958095551,80.2166900635,65651,65662,11
12.9965600967,80.2165679932,65662,65672,10
12.996919632,80.2165222168,65672,65682,10
12.9972200394,80.2163925171,65682,65692,10
12.9975500107,80.2161102295,65692,65712,20
12.9975500107,80.2161102295,65712,65722,10
12.9977903366,80.215927124,65722,65732,10
12.9982700348,80.2155380249,65732,65742,10
12.9989004135,80.2149810791,65742,65752,10
12.9991998672,80.2147598267,65752,65763,11
12.9996900558,80.21434021,65763,65771,8
13.0000095367,80.2140426636,65771,65784,13
13.0007095337,80.2134094238,65784,65794,10
13.0011997223,80.2130126953,65794,65804,10
13.0017299652,80.2126312256,65804,65814,10
13.0023002625,80.2123184204,65814,65824,10
13.0025997162,80.2121887207,65824,65834,10
13.0030298233,80.2121582031,65834,65844,10
13.0036096573,80.2121200562,65844,65854,10
13.0041799545,80.2121734619,65854,65865,11
13.0048303604,80.2124633789,65865,65875,10
13.0053901672,80.2128219604,65875,65885,10
13.0060796738,80.212928772,65885,65895,10
13.0066900253,80.2127990723,65895,65905,10
13.0072002411,80.2128372192,65905,65915,10
13.0077695847,80.2130203247,65915,65945,30
13.0077695847,80.2130203247,65945,65955,10
13.0079097748,80.2132034302,65955,65966,11
13.0080404282,80.2132797241,65966,65976,10
13.0083799362,80.213432312,65976,65986,10
13.0087499619,80.2138366699,65986,65996,10
13.0092601776,80.2144927979,65996,66006,10
13.0095596313,80.2149200439,66006,66016,10
13.0098199844,80.2152404785,66016,66026,10
13.0101900101,80.2156906128,66026,66036,10
13.0105600357,80.2162628174,66036,66046,10
13.0107698441,80.216796875,66046,66055,9
13.0109996796,80.2173461914,66055,66067,12
13.0113201141,80.218208313,66067,66077,10
13.011590004,80.2189407349,66077,66087,10
13.0119199753,80.2199401855,66087,66097,10
13.0122098923,80.2207870483,66097,66107,10
13.0124597549,80.2213821411,66107,66117,10
13.0126104355,80.2216720581,66117,66127,10
13.0126304626,80.2218933105,66127,66137,10
13.0128698349,80.2221984863,66137,66147,10
13.0131797791,80.2224884033,66147,66157,10
13.0134801865,80.2228164673,66157,66168,11
13.0138597488,80.2232589722,66168,66178,10
13.0140399933,80.2234725952,66178,66188,10
13.0141601563,80.2236175537,66188,66198,10
13.0143098831,80.2238235474,66198,66208,10
13.0145196915,80.2240066528,66208,66218,10
13.0148601532,80.2245101929,66218,66228,10
13.015250206,80.2249221802,66228,66238,10
13.0152997971,80.2249526978,66238,66248,10
13.0154600143,80.225112915,66248,66258,10
13.0158500671,80.2253799438,66258,66268,10
13.0164899826,80.225402832,66268,66278,10
13.0172595978,80.2251281738,66278,66288,10
13.0181798935,80.2247390747,66288,66300,12
13.019109726,80.2244262695,66300,66310,10
13.019610405,80.2245407104,66310,66319,9
13.0198802948,80.2247085571,66319,66329,10
13.0202999115,80.2250289917,66329,66340,11
13.0207195282,80.2253189087,66340,66349,9
13.0209798813,80.2255477905,66349,66359,10
13.0214099884,80.2258911133,66359,66369,10
13.0218496323,80.2261810303,66369,66381,12
13.0219202042,80.2262191772,66381,66389,8
13.0219898224,80.2262802124,66389,66399,10
13.0223197937,80.226600647,66399,66409,10
13.0228900909,80.2270965576,66409,66419,10
13.0235500336,80.2276916504,66419,66429,10
13.0239601135,80.2280197144,66429,66439,10
13.0241804123,80.2283096313,66439,66449,10
13.0244598389,80.2286911011,66449,66459,10
13.0247402191,80.2291107178,66459,66472,13
13.0248603821,80.2292633057,66472,66482,10
13.0250301361,80.2294692993,66482,66492,10
13.0253400803,80.2298583984,66492,66502,10
13.0256299973,80.2302398682,66502,66512,10
13.0257997513,80.2305679321,66512,66522,10
13.0259103775,80.2308502197,66522,66532,10
13.0259799957,80.2311172485,66532,66542,10
13.0260095596,80.2313690186,66542,66552,10
13.0262498856,80.2314300537,66552,66562,10
13.0269002914,80.2312469482,66562,66664,102
13.0273303986,80.2311477661,66664,66714,50
13.0273303986,80.2311477661,66714,66724,10
13.0277996063,80.2310409546,66724,66734,10
13.0279598236,80.2310333252,66734,66744,10
13.0282201767,80.231010437,66744,66754,10
13.028670311,80.2309570313,66754,66825,71
13.0289201736,80.23097229,66825,66864,39
13.0289201736,80.23097229,66864,66876,12
13.0291795731,80.2309799194,66876,66886,10
13.0294103622,80.2309494019,66886,66896,10
13.0298404694,80.2308807373,66896,66906,10
13.0300502777,80.2308502197,66906,66916,10
13.0301904678,80.2308425903,66916,66926,10
13.0304403305,80.2308273315,66926,66946,20
13.0304403305,80.2308273315,66946,66956,10
13.0307502747,80.2308197021,66956,66967,11
13.0312795639,80.230758667,66967,66977,10
13.0318803787,80.2307128906,66977,66987,10
13.0324001312,80.2306671143,66987,66997,10
13.0327997208,80.2306365967,66997,67007,10
13.0329504013,80.2306289673,67007,67017,10
13.033200264,80.2306213379,67017,67027,10
13.0335798264,80.2305984497,67027,67037,10
13.0340003967,80.2305603027,67037,67088,51
13.0342102051,80.2305374146,67088,67128,40
13.0342102051,80.2305374146,67128,67138,10
13.0345096588,80.23046875,67138,67148,10
13.034740448,80.2304229736,67148,67158,10
13.0350103378,80.2302093506,67158,67179,21
13.0350103378,80.2302093506,67179,67189,10
13.0349502563,80.2298965454,67189,67199,10
13.0344495773,80.229850769,67199,67290,91
13.0341701508,80.2301025391,67290,67483,193
13.0341701508,80.2301025391,67483,67493,10
13.0341701508,80.2302017212,67493,67503,10
13.0341300964,80.2304534912,67503,67523,20
13.0341300964,80.2304534912,67523,67533,10
13.0340299606,80.2306137085,67533,67543,10
13.0337495804,80.2305908203,67543,67553,10
13.0334501266,80.2305984497,67553,67563,10
13.0332403183,80.2305908203,67563,67574,11
13.0326404572,80.2306365967,67574,67584,10
13.0320701599,80.2307128906,67584,67594,10
13.0313901901,80.2307815552,67594,67604,10
13.0309801102,80.2308120728,67604,67654,50
13.0309801102,80.2308120728,67654,67664,10
13.0308103561,80.2308197021,67664,67675,11
13.0305995941,80.2308273315,67675,67685,10
13.0301799774,80.2308731079,67685,67695,10
13.0300397873,80.2308883667,67695,67705,10
13.0299301147,80.2309112549,67705,67715,10
13.0298500061,80.2309188843,67715,67725,10
13.0295495987,80.2309570313,67725,67735,10
13.0289897919,80.2309875488,67735,67745,10
13.0282802582,80.2310409546,67745,67755,10
13.027759552,80.231086731,67755,67765,10
13.027680397,80.2313766479,67765,67776,11
13.0277395248,80.2320175171,67776,67786,10
13.027879715,80.2328109741,67786,67927,141
13.027879715,80.2328109741,67927,67937,10
13.0275602341,80.2329711914,67937,67947,10
13.0274400711,80.233001709,67947,67957,10
13.0271997452,80.2330474854,67957,67967,10
13.0268697739,80.2331008911,67967,68149,182
13.0268697739,80.2331008911,68149,68159,10
13.0265302658,80.2332382202,68159,68180,21
13.0265302658,80.2332382202,68180,68189,9
13.0263204575,80.2329406738,68189,68199,10
13.0262298584,80.2326507568,68199,68211,12
13.0262002945,80.2323303223,68211,68221,10
13.0260801315,80.231880188,68221,68229,8
13.025970459,80.2315216064,68229,68241,12
13.0258302689,80.2309036255,68241,68251,10
13.0254802704,80.2302703857,68251,68262,11
13.0251302719,80.2298736572,68262,68283,21
13.0251302719,80.2298736572,68283,68293,10
13.0249700546,80.2296829224,68293,68303,10
13.0248298645,80.2294998169,68303,68313,10
13.0246801376,80.229309082,68313,68323,10
13.0244503021,80.2290115356,68323,68333,10
13.0241003036,80.228553772,68333,68343,10
13.0236701965,80.2280273438,68343,68353,10
13.0231599808,80.2276229858,68353,68414,61
13.0231599808,80.2276229858,68414,68424,10
13.0226297379,80.2271118164,68424,68444,20
13.0226297379,80.2271118164,68444,68454,10
13.0225095749,80.226890564,68454,68464,10
13.0222501755,80.2266235352,68464,68474,10
13.0217895508,80.2262420654,68474,68485,11
13.0212802887,80.2258605957,68485,68495,10
13.0208396912,80.2255020142,68495,68505,10
13.0206699371,80.225402832,68505,68515,10
13.0203399658,80.2251968384,68515,68525,10
13.0198001862,80.2248306274,68525,68535,10
13.0190601349,80.2245635986,68535,68545,10
13.0182104111,80.2248306274,68545,68555,10
13.0172595978,80.2252426147,68555,68565,10
13.0165500641,80.2255401611,68565,68575,10
13.0162601471,80.2256164551,68575,68586,11
13.0157499313,80.2257995605,68586,68596,10
13.0152301788,80.226020813,68596,68606,10
13.0147304535,80.2262115479,68606,68616,10
13.0143098831,80.2263717651,68616,68636,20
13.0143098831,80.2263717651,68636,68646,10
13.0140399933,80.2264709473,68646,68656,10
13.013420105,80.2266998291,68656,68666,10
13.0125799179,80.2270202637,68666,68677,11
13.0116500854,80.2273864746,68677,68687,10
13.0108098984,80.2277297974,68687,68697,10
13.010020256,80.2280197144,68697,68707,10
13.0094604492,80.2278671265,68707,68717,10
13.0096797943,80.2273101807,68717,68727,10
13.0100002289,80.2265930176,68727,68737,10
13.010310173,80.2259216309,68737,68747,10
13.0106201172,80.2252426147,68747,68757,10
13.0108203888,80.2247161865,68757,68767,10
13.0110902786,80.224029541,68767,68778,11
13.0113201141,80.2233428955,68778,68788,10
13.0116300583,80.2226333618,68788,68798,10
13.0118103027,80.2219772339,68798,68808,10
13.0118999481,80.2216262817,68808,68818,10
13.0119800568,80.2213973999,68818,68828,10
13.0120601654,80.2211532593,68828,68838,10
13.0119495392,80.220703125,68838,68848,10
13.0117301941,80.2199401855,68848,68858,10
13.011469841,80.2191390991,68858,68868,10
13.0112400055,80.2184677124,68868,68878,10
13.0109500885,80.2176971436,68878,68889,11
13.01060009,80.2168731689,68889,68899,10
13.010310173,80.2163085938,68899,68909,10
13.0100097656,80.2157287598,68909,68919,10
13.009759903,80.2152709961,68919,68929,10
13.009519577,80.2149581909,68929,68939,10
13.009180069,80.2145004272,68939,68949,10
13.0087404251,80.2138900757,68949,68959,10
13.0083799362,80.2135467529,68959,69010,51
13.0083799362,80.2135467529,69010,69020,10
13.0081195831,80.2133178711,69020,69029,9
13.0080003738,80.2133102417,69029,69040,11
13.0078697205,80.2132415771,69040,69050,10
13.0078001022,80.2131881714,69050,69060,10
13.0074996948,80.2129821777,69060,69070,10
13.007060051,80.2128829956,69070,69081,11
13.0064601898,80.212852478,69081,69093,12
13.0058698654,80.2130508423,69093,69100,7
13.0054798126,80.2129135132,69100,69114,14
13.0048503876,80.212562561,69114,69122,8
13.0043001175,80.2123184204,69122,69134,12
13.003569603,80.2121810913,69134,69144,10
13.0030603409,80.2121582031,69144,69154,10
13.0027198792,80.2121963501,69154,69164,10
13.0024404526,80.212272644,69164,69174,10
13.0020399094,80.2124481201,69174,69185,11
13.0016202927,80.2127532959,69185,69195,10
13.0012598038,80.2130203247,69195,69205,10
13.0008096695,80.2134017944,69205,69215,10
13.0003099442,80.2138595581,69215,69225,10
12.9998197556,80.2143173218,69225,69235,10
12.9994001389,80.2146911621,69235,69245,10
12.9991197586,80.2149429321,69245,69255,10
12.9987201691,80.2153015137,69255,69265,10
12.9982404709,80.215713501,69265,69275,10
12.9974002838,80.2164916992,69275,69296,21
12.9974002838,80.2164916992,69296,69306,10
12.9972896576,80.2166290283,69306,69366,60
12.9972896576,80.2166290283,69366,69375,9
12.997010231,80.2166900635,69375,69387,12
12.9969797134,80.2166900635,69387,69397,10
12.9967002869,80.2166824341,69397,69407,10
12.9964504242,80.2166976929,69407,69417,10
12.9961395264,80.2167434692,69417,69427,10
12.9959096909,80.2167892456,69427,69437,10
12.9956502914,80.2168502808,69437,69447,10
12.9954595566,80.2169113159,69447,69457,10
12.995300293,80.2169799805,69457,69467,10
12.9951200485,80.2171020508,69467,69477,10
12.9949703217,80.2172088623,69477,69488,11
12.9946899414,80.217376709,69488,69498,10
12.9943199158,80.2176589966,69498,69508,10
12.9940099716,80.2179031372,69508,69518,10
12.9934997559,80.2182617188,69518,69528,10
12.9929704666,80.2186126709,69528,69538,10
12.9923095703,80.2191314697,69538,69548,10
12.9917497635,80.219581604,69548,69558,10
12.991350174,80.2198410034,69558,69568,10
12.9909696579,80.220123291,69568,69577,9
12.99077034,80.2202835083,69577,69589,12
12.9907598495,80.2202911377,69589,69599,10
12.990530014,80.2204818726,69599,69609,10
12.9902801514,80.2206878662,69609,69619,10
12.9900398254,80.2208786011,69619,69629,10
12.9899396896,80.2209701538,69629,69639,10
12.9898195267,80.2210235596,69639,69649,10
12.9897098541,80.2211227417,69649,69659,10
12.9897003174,80.2211380005,69659,69669,10
12.9894504547,80.2214584351,69669,69700,31
12.9894504547,80.2214584351,69700,69710,10
12.9893198013,80.2215576172,69710,69760,50
12.9891500473,80.2218322754,69760,69781,21
12.9891500473,80.2218322754,69781,69791,10
12.9890098572,80.2220230103,69791,69802,11
12.9888296127,80.2222290039,69802,69882,80
12.9888296127,80.2222290039,69882,69891,9
12.9886598587,80.2224578857,69891,69902,11
12.9885702133,80.2225494385,69902,69912,10
12.988409996,80.2227020264,69912,69923,11
12.9883298874,80.2227783203,69923,69932,9
12.988240242,80.2228393555,69932,69942,10
12.9880399704,80.2229995728,69942,69973,31
12.9880399704,80.2229995728,69973,69984,11
12.9878396988,80.2231674194,69984,70004,20
12.9876699448,80.2232208252,70004,70064,60
12.9876699448,80.2232208252,70064,70074,10
12.9872198105,80.223197937,70074,70085,11
12.9870500565,80.2231826782,70085,70095,10
12.9868402481,80.2231369019,70095,70105,10
12.9865102768,80.2231063843,70105,70115,10
12.9858102798,80.2231292725,70115,70125,10
12.9854602814,80.2234191895,70125,70134,9
12.9854402542,80.2234420776,70134,70143,9
12.9850797653,80.2233581543,70143,70155,12
12.9845600128,80.2231216431,70155,70165,10
12.984120369,80.2228622437,70165,70175,10
12.9836902618,80.222618103,70175,70196,21
12.9836902618,80.222618103,70196,70206,10
12.9834899902,80.2224807739,70206,70216,10
12.9832696915,80.222328186,70216,70226,10
12.9832401276,80.2223129272,70226,70236,10
12.983130455,80.2222518921,70236,70246,10
12.982919693,80.2221221924,70246,70256,10
12.9826698303,80.2220077515,70256,70266,10
12.9822902679,80.2219161987,70266,70276,10
12.9818696976,80.2216796875,70276,70287,11
12.9817895889,80.2215805054,70287,70297,10
12.9814596176,80.2213668823,70297,70307,10
12.9809598923,80.2211990356,70307,70317,10
12.9803104401,80.221206665,70317,70327,10
12.9795703888,80.2212524414,70327,70337,10
12.9787597656,80.221282959,70337,70347,10
12.9780397415,80.2212982178,70347,70357,10
12.9772996902,80.2213592529,70357,70367,10
12.9764900208,80.2213821411,70367,70376,9
12.976099968,80.2214279175,70376,70388,12
12.9761104584,80.2216186523,70388,70398,10
12.9762897491,80.2218017578,70398,70418,20
12.9762897491,80.2218017578,70418,70428,10
12.9763402939,80.2218780518,70428,70438,10
12.9765300751,80.2222137451,70438,70458,20
12.9765300751,80.2222137451,70458,70468,10
12.9766302109,80.2224273682,70468,70478,10
12.9767303467,80.2226028442,70478,70489,11
12.9770097733,80.2230377197,70489,70499,10
12.9774198532,80.2237014771,70499,70509,10
12.9778404236,80.2243728638,70509,70519,10
12.9780597687,80.2247009277,70519,70529,10
12.9782600403,80.2250366211,70529,70539,10
12.9785299301,80.225440979,70539,70549,10
12.9785699844,80.2255172729,70549,70559,10
12.9787197113,80.2257919312,70559,70569,10
12.9790296555,80.2263336182,70569,70579,10
12.9792604446,80.2267227173,70579,70590,11
12.9794797897,80.2270889282,70590,70600,10
12.9797897339,80.2275772095,70600,70610,10
12.980099678,80.2281036377,70610,70620,10
12.9803104401,80.2284469604,70620,70630,10
12.9805202484,80.2288208008,70630,70640,10
12.9806804657,80.2290878296,70640,70650,10
12.9808101654,80.2292861938,70650,70660,10
12.9809503555,80.2295684814,70660,70670,10
12.9812803268,80.2300415039,70670,70680,10
12.9816398621,80.2305679321,70680,70691,11
12.9816904068,80.2306594849,70691,70701,10
12.9818296432,80.2310409546,70701,70713,12
12.9819803238,80.2318572998,70713,70723,10
12.9819803238,80.232460022,70723,70731,8
12.9819097519,80.2328186035,70731,70742,11
12.9818696976,80.2329483032,70742,70753,11
12.9818000793,80.2330780029,70753,70763,10
12.981760025,80.2331771851,70763,70772,9
12.9816904068,80.2333374023,70772,70783,11
12.9815998077,80.2335510254,70783,70792,9
12.981590271,80.2335662842,70792,70802,10
12.9814901352,80.233757019,70802,70814,12
12.9812297821,80.2343215942,70814,70824,10
12.9811697006,80.2348480225,70824,70832,8
12.981180191,80.2355194092,70832,70842,10
12.9812097549,80.2363967896,70842,70852,10
12.9812498093,80.2372436523,70852,70862,10
12.9812698364,80.237991333,70862,70872,10
12.981300354,80.2386398315,70872,70882,10
12.981300354,80.2387695313,70882,70895,13
12.9813098907,80.2397079468,70895,70915,20
12.9813098907,80.2397079468,70915,70925,10
12.9813203812,80.2397766113,70925,70935,10
12.9813299179,80.2401885986,70935,70945,10
12.9813203812,80.2409210205,70945,70955,10
12.9813404083,80.2417373657,70955,70965,10
12.9813404083,80.2422637939,70965,70975,10
12.9813499451,80.2426681519,70975,70985,10
12.9813499451,80.2429580688,70985,70996,11
12.9813499451,80.2430267334,70996,71006,10
12.9813404083,80.2432174683,71006,71016,10
12.9813098907,80.2437820435,71016,71026,10
12.981180191,80.2445983887,71026,71036,10
12.9810600281,80.2455978394,71036,71046,10
12.9809303284,80.2467498779,71046,71056,10
12.9808397293,80.2479476929,71056,71065,9
12.9807500839,80.2490463257,71065,71076,11
12.9805698395,80.25025177,71076,71087,11
12.9802799225,80.2514038086,71087,71095,8
12.9800901413,80.2523193359,71095,71117,22
12.9800901413,80.2523193359,71117,71127,10
12.9800796509,80.2525405884,71127,71137,10
12.9804401398,80.2527236938,71137,71147,10
12.9811697006,80.2526931763,71147,71157,10
12.9819898605,80.2526397705,71157,71218,61
12.9819898605,80.2526397705,71218,71228,10
12.9823598862,80.2526168823,71228,71238,10
12.9828596115,80.2525863647,71238,71248,10
12.98320961,80.2525482178,71248,71258,10
12.9835996628,80.2524795532,71258,71268,10
12.9840402603,80.2523803711,71268,71278,10
12.9845600128,80.2522201538,71278,71289,11
12.9852199554,80.2520294189,71289,71299,10
12.9855899811,80.2519378662,71299,71309,10
12.9859600067,80.2518310547,71309,71319,10
12.9862003326,80.2517623901,71319,71329,10
12.9866504669,80.251663208,71329,71339,10
12.9872303009,80.2514877319,71339,71349,10
12.9876403809,80.2513885498,71349,71359,10
12.9878702164,80.2516021729,71359,71369,10
12.9878997803,80.2518234253,71369,71378,9
12.9879598618,80.2520675659,71378,71390,12
12.9879703522,80.252166748,71390,71400,10
12.9879302979,80.2526397705,71400,71410,10
12.987859726,80.2534408569,71410,71420,10
12.9878196716,80.2542037964,71420,71430,10
12.9877700806,80.2547531128,71430,71440,10
12.987739563,80.2549514771,71440,71460,20
12.987739563,80.2549514771,71460,71470,10
12.9877099991,80.2551879883,71470,71531,61
12.9876203537,80.255531311,71531,71612,81
12.9876203537,80.255531311,71612,71624,12
12.9876298904,80.2555923462,71624,71633,9
12.9876098633,80.255821228,71633,71643,10
12.9875297546,80.2562026978,71643,71654,11
12.9874897003,80.2567825317,71654,71674,20
12.9874897003,80.2567825317,71674,71683,9
12.9874801636,80.2568588257,71683,71695,12
12.9874401093,80.2573928833,71695,71705,10
12.9873800278,80.2581329346,71705,71715,10
12.9873304367,80.2588729858,71715,71725,10
12.9871997833,80.2595367432,71725,71772,47
12.9871997833,80.2595367432,71772,71785,13
12.9869804382,80.2596969604,71785,71796,11
12.9867601395,80.2596588135,71796,71806,10
12.9866895676,80.2593765259,71806,72189,383
12.9866895676,80.2593765259,72189,72200,11
12.9870700836,80.259147644,72200,72210,10
12.987159729,80.2591629028,72210,72220,10
12.9872598648,80.2590103149,72220,72230,10
12.9872903824,80.2587203979,72230,72240,10
12.9873104095,80.2583618164,72240,72250,10
12.9873399734,80.2580108643,72250,72259,9
12.9873800278,80.2574920654,72259,72290,31
12.9873800278,80.2574920654,72290,72301,11
12.9874000549,80.2571334839,72301,72311,10
12.9874601364,80.2567825317,72311,72321,10
12.9875001907,80.2562789917,72321,72331,10
12.9875001907,80.2559585571,72331,72341,10
12.9876203537,80.2555084229,72341,72351,10
12.9876298904,80.2551269531,72351,72371,20
12.9876298904,80.2551269531,72371,72381,10
12.987660408,80.2547073364,72381,72392,11
12.9877195358,80.2539978027,72392,72402,10
12.9877901077,80.2531433105,72402,72412,10
12.9877796173,80.2519989014,72412,72562,150
12.9877796173,80.2519989014,72562,72573,11
12.9877004623,80.2517776489,72573,72583,10
12.9872703552,80.251663208,72583,72593,10
12.9866104126,80.2517929077,72593,72603,10
12.98595047,80.2519607544,72603,72615,12
12.9847803116,80.2522583008,72615,72623,8
12.9839000702,80.2525024414,72623,72633,10
12.9826898575,80.2527084351,72633,72643,10
12.9813899994,80.2527389526,72643,72653,10
12.9802598953,80.2527770996,72653,72663,10
12.9797801971,80.2526931763,72663,72675,12
12.9798202515,80.2524032593,72675,72684,9
12.9798297882,80.2523803711,72684,72696,12
12.9798803329,80.2522583008,72696,72706,10
12.9799804688,80.2518463135,72706,72716,10
12.9801998138,80.2511672974,72716,72724,8
12.980389595,80.2504806519,72724,72734,10
12.9806003571,80.2495574951,72734,72746,12
12.9806995392,80.2483520508,72746,72756,10
12.9807796478,80.2472000122,72756,72766,10
12.9809103012,80.2459487915,72766,72776,10
12.9810495377,80.2447433472,72776,72786,10
12.9811000824,80.2439193726,72786,72795,9
12.981180191,80.2436981201,72795,72807,12
12.9812498093,80.2433700562,72807,72817,10
12.9812602997,80.2431182861,72817,72837,20
12.9812602997,80.2431182861,72837,72847,10
12.9812698364,80.2429275513,72847,72857,10
12.981300354,80.2425689697,72857,72867,10
12.981300354,80.2422180176,72867,72877,10
12.9812898636,80.2415924072,72877,72886,9
12.9812803268,80.2408676147,72886,72898,12
12.9812602997,80.2401428223,72898,72908,10
12.9812602997,80.2400131226,72908,72918,10
12.9812602997,80.2397079468,72918,72928,10
12.9812402725,80.2393188477,72928,72938,10
12.9812202454,80.2387008667,72938,72948,10
12.9812002182,80.2383117676,72948,72958,10
12.9812002182,80.23828125,72958,72968,10
12.9812002182,80.2379989624,72968,72978,10
12.9811897278,80.2378997803,72978,72988,10
12.9811897278,80.2375183105,72988,72999,11
12.9811697006,80.2367630005,72999,73009,10
12.9811601639,80.2358322144,73009,73019,10
12.9811401367,80.2348937988,73019,73029,10
12.9812402725,80.2340621948,73029,73039,10
12.9814300537,80.2336273193,73039,73069,30
12.9814300537,80.2336273193,73069,73079,10
12.9815301895,80.2333984375,73079,73088,9
12.9816799164,80.2331237793,73088,73100,12
12.9819097519,80.2324981689,73100,73110,10
12.9819097519,80.2321929932,73110,73120,10
12.9819202423,80.2319412231,73120,73130,10
12.9818696976,80.2315292358,73130,73138,8
12.9818096161,80.2311782837,73138,73150,12
12.9815998077,80.2306900024,73150,73160,10
12.9812498093,80.2301177979,73160,73170,10
12.980890274,80.2295684814,73170,73180,10
12.9807796478,80.2293701172,73180,73190,10
12.9806804657,80.2292022705,73190,73201,11
12.9806003571,80.2290725708,73201,73211,10
12.980509758,80.2289276123,73211,73219,8
12.9803304672,80.2285995483,73219,73231,12
12.9800796509,80.2281036377,73231,73241,10
12.9799804688,80.2279205322,73241,73251,10
12.9798898697,80.2277603149,73251,73261,10
12.9797697067,80.2275695801,73261,73271,10
12.9796600342,80.2273864746,73271,73281,10
12.9795398712,80.2272109985,73281,73292,11
12.9794797897,80.2270889282,73292,73302,10
12.9793395996,80.226890564,73302,73312,10
12.9791498184,80.2265472412,73312,73322,10
12.9789400101,80.2261962891,73322,73332,10
12.9787101746,80.2258071899,73332,73342,10
12.9784002304,80.2252883911,73342,73352,10
12.9782104492,80.2249603271,73352,73362,10
12.9781904221,80.224937439,73362,73372,10
12.9781398773,80.2248916626,73372,73382,10
12.9780302048,80.2247314453,73382,73392,10
12.9778995514,80.2245864868,73392,73403,11
12.9776697159,80.2242202759,73403,73413,10
12.9772996902,80.2236404419,73413,73423,10
12.9769697189,80.2230377197,73423,73433,10
12.9769001007,80.2228012085,73433,73443,10
12.9770498276,80.2227401733,73443,73455,12
12.977230072,80.2227020264,73455,73465,10
12.9774398804,80.2226104736,73465,73475,10
12.9774398804,80.2222824097,73475,73484,9
12.9774103165,80.221321106,73484,73504,20
12.9774103165,80.221321106,73504,73516,12
12.977640152,80.2212219238,73516,73526,10
12.9781198502,80.2211990356,73526,73534,8
12.9787597656,80.2211532593,73534,73544,10
12.9794502258,80.2210998535,73544,73554,10
12.9801101685,80.2210464478,73554,73564,10
12.9807395935,80.221031189,73564,73576,12
12.981300354,80.2211914063,73576,73584,8
12.9816598892,80.2214202881,73584,73597,13
12.9819402695,80.2216262817,73597,73607,10
12.9822101593,80.2217483521,73607,73617,10
12.9823598862,80.2218017578,73617,73627,10
12.9826898575,80.2218933105,73627,73647,20
12.9826898575,80.2218933105,73647,73657,10
12.9828901291,80.2219696045,73657,73667,10
12.9832296371,80.2221984863,73667,73698,31
12.9832296371,80.2221984863,73698,73708,10
12.9835500717,80.2224273682,73708,73718,10
12.9841098785,80.2227478027,73718,73728,10
12.9841098785,80.2227478027,73728,73738,10
12.9844799042,80.2229690552,73738,73746,8
12.9848403931,80.2231826782,73746,73759,13
12.9852695465,80.2233200073,73759,73769,10
12.9855298996,80.2231216431,73769,73779,10
12.9862699509,80.2229919434,73779,73800,21
12.9862699509,80.2229919434,73800,73810,10
12.9864501953,80.2229690552,73810,73820,10
12.9867897034,80.2230072021,73820,73850,30
12.9867897034,80.2230072021,73850,73860,10
12.9872303009,80.2230682373,73860,73870,10
12.9874696732,80.2230911255,73870,73880,10
12.9879398346,80.2228775024,73880,73890,10
12.9885196686,80.2223815918,73890,73901,11
12.9890604019,80.2217636108,73901,73911,10
12.9895200729,80.2211608887,73911,73921,10
12.9903898239,80.2203598022,73921,73941,20
12.9903898239,80.2203598022,73941,73951,10
12.9906597137,80.220161438,73951,73961,10
12.9912700653,80.2196884155,73961,73981,20
12.9912700653,80.2196884155,73981,73991,10
12.9916095734,80.2194137573,73991,74002,11
12.9921197891,80.2190628052,74002,74012,10
12.9927902222,80.2185821533,74012,74022,10
12.9934396744,80.2181091309,74022,74032,10
12.9939002991,80.2177886963,74032,74042,10
12.9943199158,80.2174835205,74042,74052,10
12.9948196411,80.2171173096,74052,74062,10
12.9954204559,80.2167816162,74062,74072,10
12.9958896637,80.2166290283,74072,74082,10
12.9961299896,80.2165679932,74082,74103,21
12.9961299896,80.2165679932,74103,74113,10
12.9964799881,80.2165222168,74113,74123,10
12.9967699051,80.2164916992,74123,74133,10
12.997010231,80.216468811,74133,74143,10
12.9972696304,80.2162399292,74143,74153,10
12.9974098206,80.2161178589,74153,74163,10
12.9975404739,80.2160186768,74163,74173,10
12.9979400635,80.2156600952,74173,74183,10
12.9985599518,80.2151184082,74183,74193,10
12.9990100861,80.2147293091,74193,74204,11
12.9994001389,80.2144012451,74204,74214,10
12.999879837,80.214012146,74214,74226,12
13.0004901886,80.213470459,74226,74236,10
13.0010299683,80.2130126953,74236,74246,10
13.001449585,80.2127075195,74246,74256,10
13.0018596649,80.2124099731,74256,74266,10
13.0021495819,80.2122573853,74266,74275,9
13.0024595261,80.2121505737,74275,74285,10
13.0028600693,80.2120895386,74285,74297,12
13.0033998489,80.212059021,74297,74307,10
13.0036201477,80.212020874,74307,74317,10
13.0037202835,80.2119903564,74317,74327,10
13.0041503906,80.2121200562,74327,74337,10
13.0046396255,80.2123413086,74337,74347,10
13.0052995682,80.2127304077,74347,74357,10
13.0060300827,80.2128829956,74357,74367,10
13.0065898895,80.2127380371,74367,74377,10
13.0071601868,80.2128067017,74377,74387,10
13.0077896118,80.2131118774,74387,74418,31
13.0077896118,80.2131118774,74418,74428,10
13.0080299377,80.2132492065,74428,74438,10
13.0083503723,80.2133712769,74438,74448,10
13.0086698532,80.2137298584,74448,74458,10
13.0092000961,80.2144165039,74458,74468,10
13.0095300674,80.2149124146,74468,74478,10
13.0098495483,80.2152709961,74478,74488,10
13.0103302002,80.2158432007,74488,74499,11
13.0107498169,80.2167282104,74499,74509,10
13.0111103058,80.2176132202,74509,74517,8
13.0114002228,80.2185211182,74517,74529,12
13.0119400024,80.2201385498,74529,74539,10
13.0123701096,80.221206665,74539,74549,10
13.0127801895,80.221862793,74549,74561,12
13.0133304596,80.2225265503,74561,74571,10
13.0137300491,80.2230300903,74571,74581,10
13.0140695572,80.2234725952,74581,74591,10
13.0142698288,80.223739624,74591,74602,11
13.014749527,80.2243499756,74602,74612,10
13.0152702332,80.2248764038,74612,74622,10
13.0155801773,80.2250976563,74622,74632,10
13.0156698227,80.2251968384,74632,74642,10
13.0160598755,80.2253799438,74642,74652,10
13.0165996552,80.2253036499,74652,74662,10
13.0172700882,80.2250518799,74662,74672,10
13.0181303024,80.2247009277,74672,74682,10
13.0190200806,80.2243881226,74682,74691,9
13.0196895599,80.2245635986,74691,74704,13
13.0204401016,80.2251205444,74704,74714,10
13.0210800171,80.2255783081,74714,74724,10
13.0216598511,80.2259902954,74724,74734,10
13.021900177,80.2261581421,74734,74744,10
13.0220403671,80.2262802124,74744,74754,10
13.0224895477,80.2267074585,74754,74764,10
13.0231599808,80.2273330688,74764,74775,11
13.0238704681,80.2279891968,74775,74783,8
13.0242004395,80.2282791138,74783,74796,13
13.0242395401,80.2283325195,74796,74804,8
13.0243301392,80.2284622192,74804,74814,10
13.0245304108,80.2287979126,74814,74825,11
13.0248699188,80.2292861938,74825,74835,10
13.0252895355,80.2298278809,74835,74846,11
13.0257501602,80.2305603027,74846,74856,10
13.0259799957,80.2311019897,74856,74886,30
13.0259799957,80.2311019897,74886,74895,9
13.0259399414,80.231300354,74895,74905,10
13.0260801315,80.2314300537,74905,74915,10
13.0267801285,80.2312164307,74915,74925,10
13.027680397,80.2310333252,74925,74937,12
13.0284004211,80.2309494019,74937,74945,8
13.0284795761,80.2309188843,74945,74955,10
13.0290403366,80.2308197021,74955,74998,43
13.0290403366,80.2308197021,74998,75008,10
13.0293197632,80.2308273315,75008,75018,10
13.0297498703,80.230796814,75018,75028,10
13.0302095413,80.2307434082,75028,75038,10
13.0305595398,80.2307281494,75038,75048,10
13.03083992,80.2307128906,75048,75058,10
13.0312404633,80.2306671143,75058,75068,10
13.0317897797,80.2306213379,75068,75078,10
13.0323801041,80.2305831909,75078,75088,10
13.0331096649,80.2305297852,75088,75099,11
13.0336799622,80.2304763794,75099,75109,10
13.0340900421,80.2304382324,75109,75119,10
13.0345401764,80.2303390503,75119,75230,111
13.0345401764,80.2303390503,75230,75240,10
13.0348997116,80.23021698,75240,75250,10
13.0350198746,80.2300415039,75250,75260,10
13.0349597931,80.2298965454,75260,75270,10
13.0347299576,80.229888916,75270,75280,10
13.0344600677,80.229850769,75280,75290,10
13.0342102051,80.2298812866,75290,75331,41
13.0341901779,80.2301635742,75331,75381,50
13.0341901779,80.2301635742,75381,75391,10
13.0342102051,80.2303466797,75391,75402,11
13.0340795517,80.2304992676,75402,75412,10
13.033949852,80.2304611206,75412,75422,10
13.0336999893,80.2304611206,75422,75432,10
13.0332403183,80.2305297852,75432,75442,10
13.0325498581,80.2305984497,75442,75452,10
13.0320396423,80.2306671143,75452,75462,10
13.0315504074,80.2307128906,75462,75472,10
13.0310697556,80.230758667,75472,75513,41
13.0310697556,80.230758667,75513,75523,10
13.0307102203,80.2307662964,75523,75533,10
13.0303697586,80.230796814,75533,75543,10
13.0299797058,80.2308578491,75543,75553,10
13.0298299789,80.2308883667,75553,75563,10
13.0295600891,80.2309494019,75563,75573,10
13.0289297104,80.2310180664,75573,75583,10
13.0281400681,80.2311096191,75583,75592,9
13.027680397,80.2311782837,75592,75604,12
13.0276098251,80.2316665649,75604,75614,10
13.027680397,80.2322769165,75614,75624,10
13.0277700424,80.2328186035,75624,75634,10
13.0269804001,80.2329788208,75634,75696,62
13.0269804001,80.2329788208,75696,75707,11
13.0269002914,80.2330627441,75707,75717,10
13.0266895294,80.2330780029,75717,75727,10
13.0263700485,80.2330169678,75727,75737,10
13.0261802673,80.232460022,75737,75746,9
13.026049614,80.2319335938,75746,75756,10
13.0258903503,80.2312469482,75756,75766,10
13.025560379,80.2303771973,75766,75775,9
13.0251197815,80.2297210693,75775,75786,11
13.0246801376,80.2291793823,75786,75798,12
13.0243196487,80.2287063599,75798,75808,10
13.0239896774,80.2282485962,75808,75818,10
13.0231895447,80.2275619507,75818,75858,40
13.0231895447,80.2275619507,75858,75868,10
13.0228796005,80.2273635864,75868,75878,10
13.0227003098,80.2271575928,75878,75888,10
13.0225696564,80.2268981934,75888,75899,11
13.0221099854,80.2264862061,75899,75909,10
13.0216598511,80.2261123657,75909,75919,10
13.0210800171,80.2256622314,75919,75929,10
13.0203504562,80.2251663208,75929,75939,10
13.019490242,80.2246398926,75939,75949,10
13.0184803009,80.2246627808,75949,75959,10
13.0174703598,80.2250900269,75959,75969,10
13.0166702271,80.2254104614,75969,75979,10
13.0163097382,80.2255325317,75979,75989,10
13.0157804489,80.2257080078,75989,76000,11
13.0152101517,80.2259368896,76000,76010,10
13.0145702362,80.2261962891,76010,76030,20
13.0145702362,80.2261962891,76030,76040,10
13.01445961,80.2262420654,76040,76050,10
13.0143203735,80.226272583,76050,76060,10
13.0141601563,80.2263031006,76060,76070,10
13.0136098862,80.2265014648,76070,76080,10
13.0127696991,80.2268295288,76080,76090,10
13.0117502213,80.2272415161,76090,76101,11
13.0104999542,80.2277069092,76101,76111,10
13.0095996857,80.2279434204,76111,76121,10
13.0095701218,80.2273864746,76121,76131,10
13.0099201202,80.2266616821,76131,76141,10
13.0103302002,80.2257995605,76141,76151,10
13.010720253,80.2249526978,76151,76161,10
13.0110797882,80.2240524292,76161,76171,10
13.0114097595,80.2232589722,76171,76181,10
13.0117101669,80.2224578857,76181,76191,10
13.0120401382,80.2215194702,76191,76202,11
13.0120801926,80.2208633423,76202,76212,10
13.0117998123,80.2200012207,76212,76222,10
13.0114898682,80.2190170288,76222,76232,10
13.011179924,80.2180328369,76232,76242,10
13.0107603073,80.2170715332,76242,76252,10
13.0104198456,80.2163467407,76252,76262,10
13.0100803375,80.2157669067,76262,76272,10
13.0097198486,80.2151031494,76272,76282,10
13.0093202591,80.21459198,76282,76292,10
13.008890152,80.2140274048,76292,76303,11
13.0084495544,80.2135314941,76303,76313,10
13.0082998276,80.2134399414,76313,76323,10
13.008190155,80.2133178711,76323,76333,10
13.0080699921,80.2130966187,76333,76343,10
13.0080099106,80.2132110596,76343,76383,40
13.0080099106,80.2132110596,76383,76393,10
13.0078001022,80.2130737305,76393,76404,11
13.0074300766,80.2128601074,76404,76414,10
13.0068798065,80.2127914429,76414,76424,10
13.0062398911,80.2128601074,76424,76434,10
13.0057001114,80.2129898071,76434,76444,10
13.0051603317,80.212677002,76444,76454,10
13.004650116,80.2124099731,76454,76464,10
13.0039300919,80.2121734619,76464,76474,10
13.0032997131,80.2121505737,76474,76484,10
13.0027799606,80.2121582031,76484,76493,9
13.0023002625,80.212272644,76493,76505,12
13.0018396378,80.2125091553,76505,76515,10
13.0015201569,80.2127532959,76515,76525,10
13.0012302399,80.2129364014,76525,76535,10
13.0007896423,80.2132797241,76535,76545,10
13.00041008,80.2136383057,76545,76555,10
12.9999103546,80.2141189575,76555,76565,10
12.9994897842,80.2144699097,76565,76575,10
12.9991397858,80.2147293091,76575,76586,11
12.9989004135,80.2149429321,76586,76594,8
12.9985103607,80.2152328491,76594,76605,11
12.9975004196,80.216178894,76605,76627,22
12.9975004196,80.216178894,76627,76635,8
12.9972696304,80.2164611816,76635,76647,12
12.9968996048,80.2165298462,76647,76657,10
12.9962997437,80.2166290283,76657,76667,10
12.9955301285,80.2168197632,76667,76676,9
12.9951496124,80.2170181274,76676,76686,10
12.9949703217,80.2171325684,76686,76696,10
12.9946804047,80.2173233032,76696,76708,12
12.9942302704,80.2175979614,76708,76718,10
12.9938402176,80.2179031372,76718,76728,10
12.9932403564,80.2183227539,76728,76736,8
12.9927501678,80.2186737061,76736,76746,10
12.9920196533,80.21925354,76746,76756,10
12.9914398193,80.2196578979,76756,76766,10
12.9909200668,80.2200164795,76766,76776,10
12.9907999039,80.2201309204,76776,76786,10
12.9905595779,80.2203063965,76786,76799,13
12.9899997711,80.2207565308,76799,76809,10
12.9894800186,80.2213516235,76809,76819,10
12.9889698029,80.2220001221,76819,76829,10
12.9885196686,80.2224578857,76829,76839,10
12.9882297516,80.2227706909,76839,76849,10
12.9877500534,80.2230529785,76849,76859,10
12.9876203537,80.2230911255,76859,76869,10
12.9872903824,80.2230834961,76869,76879,10
12.9870100021,80.2230529785,76879,76886,7
12.9868803024,80.2230224609,76886,76900,14
12.9863395691,80.2229690552,76900,76910,10
12.9857301712,80.2230377197,76910,76920,10
12.984919548,80.2231521606,76920,76930,10
12.984919548,80.2231521606,76930,76939,9
12.9845399857,80.2229690552,76939,76950,11
12.9842500687,80.2228164673,76950,76970,20
12.9837398529,80.2225418091,76970,76981,11
12.9835796356,80.2224273682,76981,76991,10
12.9832601547,80.2221984863,76991,77002,11
12.9831895828,80.2221603394,77002,77012,10
12.9829998016,80.2220687866,77012,77022,10
12.9826898575,80.2219009399,77022,77032,10
12.9824104309,80.2218322754,77032,77042,10
12.9820404053,80.2216415405,77042,77052,10
12.9814596176,80.2212600708,77052,77062,10
12.9808101654,80.2210464478,77062,77072,10
12.9800701141,80.2211227417,77072,77082,10
12.9792003632,80.2211837769,77082,77091,9
12.9784698486,80.2212219238,77091,77103,12
12.977519989,80.2212219238,77103,77113,10
12.976940155,80.2212677002,77113,77123,10
12.9764900208,80.2212677002,77123,77133,10
12.976099968,80.2213668823,77133,77143,10
12.9762802124,80.2217636108,77143,77163,20
12.9762802124,80.2217636108,77163,77173,10
12.9763202667,80.2219390869,77173,77183,10
12.9765396118,80.2223129272,77183,77192,9
12.9768600464,80.2227935791,77192,77204,12
12.9774398804,80.2237167358,77204,77214,10
12.9779500961,80.2244873047,77214,77224,10
12.9783401489,80.2250976563,77224,77234,10
12.9787502289,80.2257919312,77234,77244,10
12.9790897369,80.22631073,77244,77254,10
12.9792003632,80.2265014648,77254,77264,10
12.9794397354,80.2269210815,77264,77274,10
12.9797801971,80.2275390625,77274,77284,10
12.9802398682,80.2282333374,77284,77294,10
12.9806404114,80.2289123535,77294,77305,11
12.9809598923,80.2294692993,77305,77315,10
12.9813699722,80.2300720215,77315,77325,10
12.9816198349,80.2304382324,77325,77335,10
12.9816999435,80.2305984497,77335,77345,10
12.9819097519,80.2311325073,77345,77355,10
12.9820203781,80.2318496704,77355,77365,10
12.9820203781,80.2322998047,77365,77375,10
12.9819297791,80.2327423096,77375,77385,10
12.9816904068,80.2333297729,77385,77395,10
12.9815998077,80.2335510254,77395,77406,11
12.9814901352,80.233757019,77406,77416,10
12.9812297821,80.2344436646,77416,77426,10
12.9812002182,80.2353591919,77426,77436,10
12.9812097549,80.2363433838,77436,77447,11
12.9812402725,80.2373504639,77447,77456,9
12.9812498093,80.2378997803,77456,77467,11
12.9812698364,80.2381515503,77467,77477,10
12.9813098907,80.2386779785,77477,77486,9
12.981300354,80.2387619019,77486,77496,10
12.981300354,80.2392272949,77496,77508,12
12.9813098907,80.2397003174,77508,77516,8
12.9813203812,80.2398910522,77516,77527,11
12.9813404083,80.2405395508,77527,77538,11
12.9813699722,80.2414398193,77538,77548,10
12.9813699722,80.2422180176,77548,77558,10
12.9813804626,80.242767334,77558,77568,10
12.9813804626,80.2428817749,77568,77577,9
12.9813699722,80.2431869507,77577,77588,11
12.9813404083,80.2437133789,77588,77599,11
12.9812202454,80.2446212769,77599,77609,10
12.981089592,80.2456893921,77609,77619,10
12.9809598923,80.2469100952,77619,77629,10
12.9808502197,80.2482376099,77629,77639,10
12.9807300568,80.2495117188,77639,77649,10
12.9805202484,80.2504501343,77649,77659,10
12.9803199768,80.2511978149,77659,77669,10
12.9801597595,80.2520065308,77669,77700,31
12.9801597595,80.2520065308,77700,77710,10
12.9801101685,80.2521820068,77710,77720,10
12.9800300598,80.2523193359,77720,77730,10
12.9801702499,80.252571106,77730,77740,10
12.9806203842,80.2526702881,77740,77750,10
12.9813098907,80.2526397705,77750,77760,10
12.982219696,80.2526092529,77760,77770,10
12.9833498001,80.2525024414,77770,77780,10
12.9844102859,80.252243042,77780,77790,10
12.985250473,80.2519836426,77790,77851,61
12.985250473,80.2519836426,77851,77861,10
12.9854602814,80.2519226074,77861,77871,10
12.9857902527,80.2518386841,77871,77881,10
12.9862203598,80.2517166138,77881,77891,10
12.986530304,80.2516403198,77891,77972,81
12.986530304,80.2516403198,77972,77982,10
12.9869003296,80.2515563965,77982,77991,9
12.9874601364,80.2513885498,77991,78093,102
12.9874601364,80.2513885498,78093,78104,11
12.9875497818,80.2513427734,78104,78114,10
12.987830162,80.2513580322,78114,78124,10
12.9879398346,80.2517471313,78124,78134,10
12.9879903793,80.2523880005,78134,78144,10
12.9878902435,80.2533187866,78144,78154,10
12.9877901077,80.2543792725,78154,78164,10
12.9876804352,80.2554168701,78164,78235,71
12.9876804352,80.2554168701,78235,78245,10
12.9876699448,80.2555618286,78245,78255,10
12.9876298904,80.2559127808,78255,78265,10
12.9875602722,80.2564315796,78265,78275,10
12.9875202179,80.2569503784,78275,78285,10
12.9874401093,80.2576217651,78285,78295,10
12.9874000549,80.2583312988,78295,78306,11
12.9873199463,80.2590179443,78306,78316,10
12.9872198105,80.2594223022,78316,78336,20
12.9872198105,80.2594223022,78336,78346,10
12.9870595932,80.2595977783,78346,78366,20
12.9870595932,80.2595977783,78366,78376,10
12.9867801666,80.2595291138,78376,78386,10
12.9865903854,80.2594833374,78386,78396,10
12.9865598679,80.2592468262,78396,78408,12
12.9866600037,80.2590637207,78408,78488,80
12.9870004654,80.2591400146,78488,78598,110
12.9870004654,80.2591400146,78598,78610,12
12.9872703552,80.2591323853,78610,78620,10
12.9873600006,80.2589187622,78620,78630,10
12.9873800278,80.2583389282,78630,78640,10
12.9874296188,80.2578201294,78640,78650,10
12.9874801636,80.2571487427,78650,78660,10
12.9875802994,80.2565002441,78660,78670,10
12.9875898361,80.2562103271,78670,78680,10
12.987569809,80.256072998,78680,78690,10
12.9875898361,80.2557830811,78690,78701,11
12.9876804352,80.2553482056,78701,78711,10
12.9877004623,80.2549362183,78711,78721,10
12.9877004623,80.2548599243,78721,78731,10
12.987739563,80.2543487549,78731,78741,10
12.9877901077,80.2535476685,78741,78751,10
12.987830162,80.2526397705,78751,78761,10
12.9877996445,80.2519378662,78761,78771,10
12.9877500534,80.2517318726,78771,78781,10
12.9877004623,80.2516326904,78781,78791,10
12.987279892,80.2516326904,78791,78802,11
12.986749649,80.251739502,78802,78812,10
12.9860095978,80.2519073486,78812,78822,10
12.9850597382,80.2521591187,78822,78832,10
12.9839496613,80.252456665,78832,78842,10
12.982749939,80.2526702881,78842,78852,10
12.9814796448,80.2527084351,78852,78862,10
12.9804801941,80.252746582,78862,78872,10
12.980099678,80.2527694702,78872,78882,10
12.9799499512,80.252746582,78882,78892,10
12.979809761,80.2525634766,78892,78903,11
12.9798297882,80.2524337769,78903,78913,10
12.9798402786,80.2523727417,78913,78923,10
12.9798898697,80.2520980835,78923,78933,10
12.980050087,80.2516403198,78933,78943,10
12.9802904129,80.2509078979,78943,78953,10
12.9805402756,80.2499923706,78953,78962,9
12.9806995392,80.2490386963,78962,78974,12
12.9808101654,80.2477035522,78974,78984,10
12.980919838,80.2464904785,78984,78994,10
12.9810495377,80.2452087402,78994,79005,11
12.9811601639,80.2440185547,79005,79015,10
12.9812297821,80.2436599731,79015,79025,10
12.981300354,80.2433929443,79025,79035,10
12.981300354,80.2431182861,79035,79045,10
12.9813203812,80.2428817749,79045,79055,10
12.9813499451,80.24269104,79055,79065,10
12.9813404083,80.2421035767,79065,79075,10
12.9813299179,80.2412261963,79075,79085,10
12.9813203812,80.2403793335,79085,79095,10
12.9813098907,80.2397003174,79095,79106,11
12.981300354,80.2392272949,79106,79116,10
12.9812803268,80.2385177612,79116,79126,10
12.9812498093,80.2379989624,79126,79136,10
12.9812498093,80.2377471924,79136,79146,10
12.9812202454,80.2370986938,79146,79156,10
12.9812097549,80.2362365723,79156,79166,10
12.9811897278,80.2353820801,79166,79176,10
12.9811897278,80.2345275879,79176,79186,10
12.981300354,80.2339401245,79186,79196,10
12.9813804626,80.2337722778,79196,79207,11
12.9814596176,80.2336273193,79207,79217,10
12.9815797806,80.2333908081,79217,79227,10
12.9816102982,80.2333526611,79227,79237,10
12.9817695618,80.2330474854,79237,79247,10
12.9818696976,80.2327804565,79247,79257,10
12.9819202423,80.2325897217,79257,79267,10
12.9819602966,80.232383728,79267,79277,10
12.9819297791,80.2321166992,79277,79287,10
12.9819498062,80.2317276001,79287,79297,10
12.9819202423,80.2314300537,79297,79307,10
12.9818000793,80.2310028076,79307,79319,12
12.9815797806,80.2305526733,79319,79329,10
12.9811897278,80.2298965454,79329,79339,10
12.980890274,80.2294082642,79339,79348,9
12.9807500839,80.2291870117,79348,79358,10
12.980629921,80.2289810181,79358,79369,11
12.9803695679,80.228553772,79369,79378,9
12.9802703857,80.2282714844,79378,79389,11
12.9799203873,80.2276992798,79389,79399,10
12.9794998169,80.2270431519,79399,79410,11
12.9791402817,80.2264404297,79410,79420,10
12.9788703918,80.2259674072,79420,79428,8
12.9785604477,80.2254333496,79428,79438,10
12.9780797958,80.2246627808,79438,79448,10
12.9778795242,80.2244567871,79448,79460,12
12.9775295258,80.2238616943,79460,79470,10
12.9771795273,80.2232894897,79470,79478,8
12.9769697189,80.2229385376,79478,79488,10
12.9769601822,80.2227325439,79488,79501,13
12.9771003723,80.2226791382,79501,79511,10
12.9773902893,80.2226791382,79511,79521,10
12.9774799347,80.2224273682,79521,79531,10
12.9774599075,80.222328186,79531,79541,10
12.9774503708,80.2222137451,79541,79551,10
12.9774503708,80.2218399048,79551,79561,10
12.9774103165,80.2213134766,79561,79571,10
12.9774303436,80.2212371826,79571,79581,10
12.9777402878,80.2211914063,79581,79591,10
12.9783601761,80.2211608887,79591,79602,11
12.9792299271,80.2210998535,79602,79612,10
12.9800701141,80.2210388184,79612,79622,10
12.9807300568,80.2209625244,79622,79632,10
12.9812898636,80.2211303711,79632,79642,10
12.9818401337,80.2214889526,79642,79652,10
12.9824304581,80.2218017578,79652,79662,10
12.9828596115,80.2219390869,79662,79672,10
12.9829998016,80.2220077515,79672,79682,10
12.9832601547,80.2221832275,79682,79692,10
12.983420372,80.222328186,79692,79703,11
12.9838695526,80.2225875854,79703,79713,10
12.9843397141,80.222869873,79713,79723,10
12.9849100113,80.2231903076,79723,79733,10
12.9854402542,80.2232437134,79733,79743,10
12.9860401154,80.2229766846,79743,79753,10
12.9865102768,80.2229690552,79753,79763,10
12.9865198135,80.2229690552,79763,79773,10
12.9866800308,80.2229537964,79773,79783,10
12.9869098663,80.2229995728,79783,79793,10
12.9872303009,80.2230606079,79793,79804,11
12.9877796173,80.2229766846,79804,79814,10
12.988360405,80.2225418091,79814,79824,10
12.9889097214,80.222038269,79824,79834,10
12.9894199371,80.2214202881,79834,79844,10
12.9903001785,80.2204284668,79844,79874,30
12.9903001785,80.2204284668,79874,79884,10
12.9905700684,80.2202224731,79884,79893,9
12.9909200668,80.2199401855,79893,79905,12
12.9913196564,80.2196426392,79905,79915,10
12.991519928,80.2194824219,79915,79925,10
12.9919996262,80.2191314697,79925,79935,10
12.9926700592,80.2186508179,79935,79945,10
12.9933204651,80.2181625366,79945,79955,10
12.9939403534,80.2177276611,79955,79965,10
12.9943199158,80.2174377441,79965,79975,10
12.9945898056,80.2172470093,79975,79985,10
12.9948301315,80.2170791626,79985,79995,10
12.9951000214,80.2169113159,79995,80006,11
12.9957103729,80.2166366577,80006,80016,10
12.996339798,80.2164916992,80016,80026,10
12.9969501495,80.2164306641,80026,80036,10
12.997179985,80.2163696289,80036,80046,10
12.9975795746,80.216003418,80046,80066,20
12.9975795746,80.216003418,80066,80076,10
12.9979000092,80.2157287598,80076,80086,10
12.9983997345,80.2152709961,80086,80096,10
12.9989700317,80.2147979736,80096,80107,11
12.9992599487,80.2145614624,80107,80117,10
12.9996404648,80.2142410278,80117,80127,10
12.9999799728,80.2139587402,80127,80137,10
13.0003700256,80.2136306763,80137,80145,8
13.0007295609,80.2133102417,80145,80157,12
13.0012702942,80.2128982544,80157,80167,10
13.0016498566,80.2125930786,80167,80177,10
13.0020999908,80.2123031616,80177,80187,10
13.0025997162,80.212097168,80187,80197,10
13.0031499863,80.2120666504,80197,80208,11
13.003660202,80.2119903564,80208,80218,10
13.0040597916,80.2120513916,80218,80228,10
13.0046596527,80.2123184204,80228,80238,10
13.005279541,80.2126693726,80238,80248,10
13.0059099197,80.212928772,80248,80259,11
13.0065803528,80.2127075195,80259,80268,9
13.0070800781,80.2127532959,80268,80278,10
13.0076398849,80.2128677368,80278,80288,10
13.0078201294,80.2130432129,80288,80298,10
13.0080003738,80.2131576538,80298,80309,11
13.0084896088,80.2133712769,80309,80318,9
13.0088396072,80.2138214111,80318,80330,12
13.0093898773,80.2145690918,80330,80339,9
13.0095996857,80.2149124146,80339,80349,10
13.0099401474,80.2153015137,80349,80360,11
13.0104799271,80.215927124,80360,80369,9
13.0107402802,80.216583252,80369,80380,11
13.01101017,80.2173080444,80380,80389,9
13.0112695694,80.2179336548,80389,80401,12
13.011639595,80.2189407349,80401,80411,10
13.0119199753,80.2197265625,80411,80419,8
13.0121097565,80.2203292847,80419,80429,10
13.0124197006,80.2211074829,80429,80441,12
13.0128297806,80.2217025757,80441,80451,10
13.0132398605,80.2222290039,80451,80461,10
13.0136499405,80.2227706909,80461,80471,10
13.0140895844,80.2233200073,80471,80481,10
13.0144100189,80.223739624,80481,80491,10
13.0147800446,80.2241973877,80491,80502,11
13.0152301788,80.2247314453,80502,80512,10
13.0154895782,80.2249069214,80512,80522,10
13.0155000687,80.2249069214,80522,80532,10
13.0157604218,80.225151062,80532,80542,10
13.0162801743,80.2253036499,80542,80552,10
13.0169696808,80.2250976563,80552,80562,10
13.0177602768,80.2247772217,80562,80572,10
13.0185499191,80.2244567871,80572,80582,10
13.0192899704,80.2243270874,80582,80592,10
13.0197896957,80.2245178223,80592,80603,11
13.0203504562,80.2249298096,80603,80613,10
13.0209598541,80.2253723145,80613,80623,10
13.0216197968,80.2258834839,80623,80633,10
13.02202034,80.2261581421,80633,80643,10
13.022069931,80.2262496948,80643,80653,10
13.0222396851,80.2263870239,80653,80663,10
13.0226697922,80.2267532349,80663,80673,10
13.0231304169,80.2272033691,80673,80683,10
13.0236902237,80.2276992798,80683,80693,10
13.0242204666,80.2282409668,80693,80704,11
13.0246696472,80.2288818359,80704,80714,10
13.0251398087,80.2295074463,80714,80724,10
13.0256204605,80.2302017212,80724,80734,10
13.0259399414,80.2309494019,80734,80744,10
13.0261802673,80.231300354,80744,80754,10
13.0267801285,80.2311325073,80754,80764,10
13.027469635,80.23097229,80764,80774,10
13.028169632,80.2308883667,80774,80784,10
13.028719902,80.2308197021,80784,80794,10
13.0293502808,80.2307815552,80794,80805,11
13.0299901962,80.23072052,80805,80815,10
13.0305995941,80.2306671143,80815,80825,10
13.0311698914,80.2306289673,80825,80835,10
13.0318098068,80.2305984497,80835,80845,10
13.0324802399,80.2305526733,80845,80855,10
13.0331802368,80.2304916382,80855,80865,10
13.034040451,80.2304229736,80865,80916,51
13.0344295502,80.2303314209,80916,80946,30
13.0344295502,80.2303314209,80946,80956,10
13.0346002579,80.2302932739,80956,80966,10
13.0349197388,80.2301177979,80966,81027,61
13.0349197388,80.2301177979,81027,81037,10
13.0351200104,80.2302093506,81037,81047,10
13.0349302292,80.2303390503,81047,81057,10
13.0346899033,80.2303390503,81057,81067,10
13.0345401764,80.2303771973,81067,81077,10
13.0342798233,80.2304382324,81077,81087,10
13.0339803696,80.2304611206,81087,81097,10
13.033539772,80.2304763794,81097,81199,102
13.033539772,80.2304763794,81199,81210,11
13.0332202911,80.2304229736,81210,81705,495
13.0332202911,80.2304229736,81705,81715,10
13.0331096649,80.2303695679,81715,81725,10
13.0326595306,80.230430603,81725,81735,10
13.0322504044,80.230506897,81735,81745,10
13.0317296982,80.2305908203,81745,81755,10
13.031129837,80.2306594849,81755,81765,10
13.0307197571,80.2307128906,81765,81775,10
13.0303602219,80.2307510376,81775,81785,10
13.0298995972,80.230796814,81785,81795,10
13.0294704437,80.2308578491,81795,81806,11
13.0289802551,80.2309036255,81806,81816,10
13.0285196304,80.2309494019,81816,81826,10
13.0280704498,80.2309875488,81826,81836,10
13.0277204514,80.2310409546,81836,81846,10
13.0276498795,80.2313308716,81846,81856,10
13.0276699066,80.2317123413,81856,81866,10
13.0277099609,80.2321090698,81866,81876,10
13.0277900696,80.2324829102,81876,81886,10
13.0276899338,80.2328186035,81886,81896,10
13.0272798538,80.2329177856,81896,81907,11
13.0268602371,80.2330169678,81907,81947,40
13.0268602371,80.2330169678,81947,81957,10
13.0266895294,80.2330093384,81957,81967,10
13.02643013,80.2330093384,81967,81977,10
13.0262403488,80.2325820923,81977,81987,10
13.0260896683,80.2319793701,81987,81997,10
13.0259199142,80.2313537598,81997,82008,11
13.0256996155,80.2306213379,82008,82018,10
13.0254001617,80.2301101685,82018,82028,10
13.0250501633,80.2296066284,82028,82038,10
13.0247497559,80.2292327881,82038,82048,10
13.024430275,80.2288208008,82048,82058,10
13.024140358,80.2283782959,82058,82068,10
13.0237503052,80.2278900146,82068,82078,10
13.0233297348,80.2274780273,82078,82088,10
13.0228700638,80.2270584106,82088,82098,10
13.022359848,80.2266235352,82098,82109,11
13.0217599869,80.2261199951,82109,82119,10
13.0212097168,80.2257232666,82119,82129,10
13.0206699371,80.2252883911,82129,82139,10
13.0201597214,80.2249603271,82139,82149,10
13.0195999146,80.2245788574,82149,82159,10
13.0189199448,80.2244491577,82159,82169,10
13.0182199478,80.2246932983,82169,82179,10
13.0175504684,80.2249679565,82179,82189,10
13.0169200897,80.2252426147,82189,82200,11
13.0163297653,80.225479126,82200,82211,11
13.015709877,80.2257003784,82211,82219,8
13.015250206,80.2258834839,82219,82229,10
13.0149002075,80.2259521484,82229,82239,10
13.0145902634,80.2260665894,82239,82635,396
13.0145902634,80.2260665894,82635,82645,10
13.0144395828,80.2260818481,82645,82655,10
13.0144195557,80.2260971069,82655,82665,10
13.014289856,80.2261810303,82665,82675,10
13.0141801834,80.2260818481,82675,82685,10
13.0141601563,80.2256317139,82685,82807,122
13.0142202377,80.2254104614,82807,82998,191
13.0142202377,80.2254104614,82998,83009,11
13.01445961,80.2250976563,83009,84386,1377
13.01445961,80.2250976563,84386,84396,10
13.0144300461,80.2251968384,84396,84406,10
13.0144901276,80.2252502441,84406,84416,10
13.0145902634,80.2254333496,84416,84427,11
13.0148000717,80.2254867554,84427,85387,960
13.0148000717,80.2254867554,85387,85397,10
13.0148200989,80.225479126,85397,85407,10
13.0147199631,80.2255172729,85407,85417,10
13.0145902634,80.225402832,85417,85427,10
