latitude,longitude,Time_Start,Time_Stop,TimeTaken
13.0136804581,80.2264709473,21962,21992,30
13.0099000931,80.227897644,22022,22044,22
13.0121498108,80.2210998535,22105,22135,30
13.004699707,80.2123413086,22283,22313,30
12.9980602264,80.2157516479,22389,22418,29
12.9969100952,80.2165374756,22449,22470,21
12.9762001038,80.2215118408,25172,25202,30
12.9801397324,80.2522506714,25677,25707,30
12.9880599976,80.2519836426,25808,25838,30
12.9878196716,80.2517776489,27156,27186,30
12.9815998077,80.2334213257,27530,27551,21
12.9830303192,80.2220306396,27935,27955,20
12.9903202057,80.2203826904,28106,28126,20
12.9975795746,80.2160415649,28258,28278,20
13.0156602859,80.2250671387,28674,28704,30
13.0347700119,80.2302627563,29040,29070,30
13.0275297165,80.2328720093,30699,30723,24
13.0275297165,80.2328720093,30723,30739,16
12.9766197205,80.2223892212,32225,32245,20
12.9814300537,80.2425384521,32679,32700,21
12.9872398376,80.2595672607,33822,33842,20
12.9874401093,80.2577819824,34039,34067,28
12.9879102707,80.2529067993,34564,34594,30
12.9813404083,80.2381362915,35353,35373,20
13.0077199936,80.212928772,36384,36404,20
13.0205202103,80.2250595093,36748,36768,20
13.0083198547,80.2133712769,38649,38669,20
12.9834403992,80.2223129272,39166,39196,30
12.9818897247,80.2215270996,39236,39257,21
12.9817199707,80.2305603027,39510,39530,20
12.9871797562,80.2595977783,40664,40685,21
12.9826898575,80.2217712402,42120,42150,30
13.0139799118,80.2232284546,42828,42848,20
13.0293197632,80.2308120728,43324,43352,28
13.0345401764,80.2303695679,43443,43473,30
13.0350799561,80.230140686,43493,43516,23
13.0342302322,80.2300720215,43798,43819,21
13.0298900604,80.2308120728,43960,43980,20
12.9866399765,80.2515869141,46390,46420,30
12.9815502167,80.2334823608,47451,47472,21
12.9805898666,80.2288589478,47573,47593,20
13.0077199936,80.2129135132,48453,48473,20
13.0242900848,80.2283096313,48857,48887,30
13.0145196915,80.2260665894,49077,49101,24
13.0142097473,80.2261428833,50233,50253,20
13.0152101517,80.2252807617,50506,50536,30
13.0196304321,80.2244491577,50606,50627,21
13.0112895966,80.2235488892,51224,51244,20
13.008190155,80.2133102417,51415,51436,21
13.0078697205,80.2131271362,51446,51476,30
12.9763002396,80.2216491699,52154,52184,30
12.9813995361,80.2426834106,52539,52559,20
12.9801397324,80.2522201538,52670,52689,19
12.9872398376,80.2594299316,53549,53569,20
12.987569809,80.2562179565,53874,53904,30
12.9877996445,80.251701355,53995,54015,20
12.9798498154,80.2522506714,54187,54207,20
12.9813098907,80.2428207397,54338,54359,21
12.9813499451,80.2424087524,54369,54389,20
12.9812202454,80.2378997803,54449,54470,21
12.9770898819,80.2226333618,54804,54824,20
12.9828100204,80.2219085693,54956,54976,20
13.0246496201,80.2288894653,55929,55949,20
13.0296602249,80.2308425903,56768,56789,21
13.0245599747,80.2290420532,56972,56993,21
13.0230102539,80.2274017334,57033,57063,30
13.0143404007,80.226272583,57226,57246,20
13.0121297836,80.2216491699,57458,57478,20
13.0084896088,80.2135467529,57620,57640,20
12.9950199127,80.2171173096,57932,57952,20
12.9833202362,80.2222595215,58207,58227,20
12.9761600494,80.2213592529,58358,58378,20
12.9762601852,80.2217178345,58387,58409,22
12.9872703552,80.2595825195,59308,59331,23
12.9873600006,80.2586364746,60301,60322,21
12.9878196716,80.2518463135,60594,60614,20
12.9812803268,80.243598938,60929,60949,20
12.9769296646,80.2228469849,61363,61383,20
12.9813604355,80.2387619019,62283,62303,20
12.9814395905,80.2428588867,62364,62394,30
12.9873304367,80.2592163086,62961,62981,20
12.9872598648,80.2595062256,63001,63031,30
12.9798898697,80.2524185181,64143,64164,21
12.9813203812,80.2431411743,64315,64345,30
12.9813098907,80.2428588867,64356,64376,20
12.9811601639,80.2348175049,64588,64610,22
12.9814796448,80.2336730957,64681,64701,20
12.9770097733,80.2229766846,64984,65004,20
12.9770898819,80.2227401733,65014,65044,30
12.9828796387,80.2220230103,65196,65216,20
12.9904603958,80.2204208374,65448,65468,20
12.9975500107,80.2161102295,65692,65712,20
13.0077695847,80.2130203247,65915,65945,30
13.0304403305,80.2308273315,66926,66946,20
13.0350103378,80.2302093506,67158,67179,21
13.0341300964,80.2304534912,67503,67523,20
13.0265302658,80.2332382202,68159,68180,21
13.0251302719,80.2298736572,68262,68283,21
13.0226297379,80.2271118164,68424,68444,20
13.0143098831,80.2263717651,68616,68636,20
12.9974002838,80.2164916992,69275,69296,21
12.9891500473,80.2218322754,69760,69781,21
12.9878396988,80.2231674194,69984,70004,20
12.9836902618,80.222618103,70175,70196,21
12.9762897491,80.2218017578,70398,70418,20
12.9765300751,80.2222137451,70438,70458,20
12.9813098907,80.2397079468,70895,70915,20
12.9800901413,80.2523193359,71095,71117,22
12.987739563,80.2549514771,71440,71460,20
12.9874897003,80.2567825317,71654,71674,20
12.9876298904,80.2551269531,72351,72371,20
12.9812602997,80.2431182861,72817,72837,20
12.9814300537,80.2336273193,73039,73069,30
12.9774103165,80.221321106,73484,73504,20
12.9826898575,80.2218933105,73627,73647,20
12.9862699509,80.2229919434,73779,73800,21
12.9867897034,80.2230072021,73820,73850,30
12.9903898239,80.2203598022,73921,73941,20
12.9912700653,80.2196884155,73961,73981,20
12.9961299896,80.2165679932,74082,74103,21
13.0259799957,80.2311019897,74856,74886,30
13.0145702362,80.2261962891,76010,76030,20
12.9975004196,80.216178894,76605,76627,22
12.9842500687,80.2228164673,76950,76970,20
12.9762802124,80.2217636108,77143,77163,20
12.9872198105,80.2594223022,78316,78336,20
12.9870595932,80.2595977783,78346,78366,20
12.9903001785,80.2204284668,79844,79874,30
12.9975795746,80.216003418,80046,80066,20
13.0344295502,80.2303314209,80916,80946,30
12.9873399734,80.2557373047,19640,19670,30
12.9855098724,80.2553863525,19670,19700,30
12.9831600189,80.2547836304,19700,19730,30
12.9656295776,80.247543335,19896,19926,30
12.9627199173,80.2463912964,19926,19956,30
12.9599895477,80.2450866699,19956,19986,30
12.956029892,80.2434768677,20017,20047,30
12.9463195801,80.2396697998,20120,20150,30
12.9404296875,80.2360229492,20181,20211,30
12.9373502731,80.2345504761,20211,20241,30
12.9269599915,80.231086731,20303,20333,30
12.9197702408,80.2301864624,20364,20394,30
12.9161500931,80.2296905518,20394,20424,30
12.9126396179,80.2292022705,20424,20454,30
12.9013795853,80.2280273438,20534,20564,30
12.8995199203,80.2278823853,20564,20594,30
12.8937797546,80.2276077271,20625,20654,29
12.8868999481,80.227180481,20686,20716,30
12.8847799301,80.2267303467,20716,20746,30
12.8825902939,80.2267303467,20746,20775,29
12.8765697479,80.2254104614,20837,20867,30
12.8769397736,80.2230987549,20867,20896,29
12.8785896301,80.2155685425,20958,20988,30
12.8790502548,80.2132720947,20988,21018,30
12.87940979,80.2110977173,21018,21048,30
12.8774299622,80.2106628418,21079,21108,29
12.8753595352,80.2102966309,21322,21340,18
12.8764600754,80.226890564,21644,21664,20
12.885219574,80.2266616821,21755,21775,20
12.9022798538,80.2279281616,21977,21997,20
12.9079303741,80.2283782959,22088,22118,30
12.9107303619,80.2288208008,22118,22148,30
12.9138298035,80.2292480469,22148,22178,30
12.9203701019,80.2301635742,22255,22285,30
12.9234600067,80.2305831909,22285,22315,30
12.9295101166,80.2313766479,22346,22376,30
12.9325895309,80.2322921753,22376,22406,30
12.9325895309,80.2322921753,22406,22427,21
12.9509801865,80.2412872314,22658,22679,21
12.9563302994,80.2433013916,22759,22779,20
13.0070896149,80.2097625732,24212,24242,30
13.0136804581,80.2042388916,24444,24474,30
12.9832296371,80.2222137451,26602,26622,20
12.9787597656,80.2209777832,26753,26783,30
12.9763698578,80.2217483521,26864,26884,20
12.9815702438,80.2335968018,27106,27126,20
12.965259552,80.247467041,27681,27701,20
12.9639196396,80.2469711304,27731,27752,21
12.9595298767,80.2449188232,27812,27832,20
12.9472799301,80.2401123047,28236,28256,20
12.9432601929,80.2371063232,28316,28336,20
12.9397001266,80.235748291,28387,28407,20
12.9340200424,80.2331085205,28498,28518,20
12.9257202148,80.2310409546,28629,28659,30
12.919260025,80.2301635742,28750,28780,30
12.9131498337,80.2293014526,28861,28881,20
12.9128503799,80.2292709351,28891,28911,20
12.8986301422,80.2279205322,29153,29174,21
12.8931903839,80.2275695801,29244,29264,20
12.8764295578,80.2266311646,29496,29516,20
12.8790597916,80.2136077881,30585,30605,20
12.8855895996,80.2267227173,31170,31191,21
12.8942403793,80.2275085449,31362,31382,20
12.9033403397,80.2279586792,31715,31735,20
12.9266500473,80.2309494019,32249,32270,21
12.9438695908,80.2375030518,32572,32592,20
12.9511604309,80.2413482666,32945,32965,20
12.9561595917,80.2431869507,33076,33096,20
12.9563302994,80.243270874,33096,33117,21
12.9670801163,80.248046875,33480,33500,20
12.9813404083,80.24269104,33863,33883,20
12.9812698364,80.23777771,33964,33984,20
12.9806604385,80.2288894653,34165,34186,21
12.977350235,80.2226867676,34327,34347,20
12.982919693,80.2219619751,34468,34488,20
12.9866199493,80.2229385376,34589,34609,20
12.9959697723,80.216583252,34801,34821,20
12.9968900681,80.216468811,34861,34881,20
12.9975795746,80.2160415649,34900,34922,22
13.0035896301,80.2119522095,35043,35063,20
13.0072097778,80.2097396851,35174,35194,20
13.0128803253,80.2081680298,35577,35597,20
12.9973402023,80.216506958,36807,36828,21
12.9908103943,80.2202301025,36928,36949,21
12.9832000732,80.22215271,37130,37150,20
12.9820404053,80.2319564819,37634,37654,20
12.9815797806,80.233543396,37765,37785,20
12.9812698364,80.2361679077,37836,37856,20
12.9812898636,80.236579895,37866,37886,20
12.9813203812,80.2386932373,38078,38098,20
12.9726696014,80.2501831055,38612,38633,21
12.9594898224,80.2448806763,38945,38965,20
12.9572296143,80.2439422607,39106,39127,21
12.9570198059,80.243888855,39137,39157,20
12.9568996429,80.2438735962,39157,39177,20
12.8764801025,80.2266998291,41547,41567,20
12.8764896393,80.226852417,41577,41597,20
12.9043598175,80.2280578613,42071,42091,20
12.9631795883,80.2465133667,43009,43029,20
12.9799699783,80.2522735596,43251,43271,20
12.9774398804,80.2213287354,43826,43846,20
13.0067501068,80.2096862793,44451,44481,30
12.9960403442,80.2166519165,45792,45822,30
12.9955997467,80.2168197632,45832,45862,30
12.9832496643,80.2221832275,46195,46215,20
12.9725503922,80.2501678467,47002,47022,20
12.9492197037,80.2408676147,47365,47385,20
12.9338903427,80.233001709,47617,47637,20
12.9192199707,80.2301177979,47809,47829,20
12.9067401886,80.2283325195,47990,48020,30
12.8995599747,80.2278900146,48172,48202,30
12.8932304382,80.2275238037,48283,48303,20
12.8790798187,80.2109832764,48686,48706,20
12.8745698929,80.2101364136,48767,48787,20
12.8764696121,80.226890564,51106,51136,30
12.9487304688,80.2405395508,52205,52235,30
12.9563999176,80.243347168,52366,52396,30
12.9863500595,80.2229919434,53526,53546,20
13.0074901581,80.2098312378,54010,54040,30
13.0150203705,80.2259368896,55130,55150,20
12.9832296371,80.22215271,55806,55826,20
12.9762496948,80.2217712402,55957,55977,20
12.959400177,80.2448272705,56784,56804,20
12.9563999176,80.2436676025,56855,56875,20
12.9516401291,80.2416915894,56935,56955,20
12.9340000153,80.233039856,57238,57258,20
12.8764801025,80.2269210815,58105,58125,20
12.8745203018,80.2101135254,58397,58418,21
12.8754501343,80.2104263306,58792,58812,20
12.876449585,80.2268295288,59044,59074,30
12.8995599747,80.2278213501,59397,59417,20
12.9351797104,80.2334594727,60082,60103,21
12.9557695389,80.2432174683,60617,60637,20
12.9562997818,80.2434005737,60718,60748,30
12.9633197784,80.2465286255,60869,60899,30
12.9813804626,80.2429504395,61293,61313,20
12.9813098907,80.2404022217,61363,61383,20
12.9772195816,80.2227096558,61847,61867,20
12.9862003326,80.2229537964,62150,62170,20
12.9944095612,80.2174835205,62422,62452,30
12.9957199097,80.2166595459,62513,62533,20
13.0035495758,80.2118682861,62724,62745,21
13.0073604584,80.2097473145,62845,62866,21
13.013589859,80.2047119141,63128,63148,20
13.0097799301,80.2111206055,64015,64035,20
13.0098304749,80.2112197876,64076,64106,30
13.0096502304,80.2110824585,64257,64287,30
13.0106697083,80.2249832153,64691,64721,30
12.9974298477,80.2164764404,64983,65003,20
12.9875497818,80.2231063843,65235,65256,21
12.9832296371,80.2221603394,65377,65407,30
12.9816198349,80.233581543,65911,65931,20
12.9813299179,80.2386779785,66042,66062,20
12.959400177,80.2448272705,66990,67010,20
12.935790062,80.2338180542,67565,67585,20
12.9338703156,80.2329483032,67615,67636,21
12.9030399323,80.2280197144,68150,68170,20
12.8995304108,80.2278366089,68271,68291,20
12.8793001175,80.2109603882,68846,68866,20
12.8792495728,80.2109375,69369,69389,20
12.8849201202,80.2265472412,69762,69783,21
12.8985595703,80.2276916504,70025,70045,20
12.9031801224,80.2278671265,70206,70236,30
12.9509296417,80.2412109375,71275,71305,30
12.9631204605,80.2464370728,71558,71588,30
12.966340065,80.2477416992,71648,71669,21
12.979929924,80.2521820068,71870,71890,20
12.9812602997,80.2341766357,72223,72242,19
12.9828395844,80.2218475342,72838,72859,21
12.9832201004,80.2220687866,72859,72889,30
13.0036497116,80.2119522095,73423,73444,21
13.0079202652,80.2085800171,73635,73664,29
12.9763097763,80.2215881348,75279,75299,20
12.9814500809,80.2406082153,75612,75632,20
12.9976997375,80.256149292,76338,76358,20
12.9866399765,80.2587203979,1920,1950,30
12.9873104095,80.2594985962,19001,19031,30
12.9873399734,80.2591094971,19031,19061,30
12.9877099991,80.2548828125,19138,19168,30
12.9879102707,80.2526321411,19168,19198,30
12.9847202301,80.252243042,19229,19259,30
12.980890274,80.2466812134,19369,19399,30
12.9812402725,80.2437286377,19399,19429,30
12.9813699722,80.2428207397,19429,19458,29
12.981300354,80.2381668091,19490,19520,30
12.9812602997,80.2299423218,19628,19658,30
12.9808301926,80.2291488647,19658,19688,30
12.9784603119,80.225227356,19719,19749,30
12.9753503799,80.2207870483,19830,19860,30
12.9743404388,80.2204208374,19860,19890,30
12.9721097946,80.2194976807,19890,19920,30
12.9666404724,80.2172927856,19982,20012,30
12.9644498825,80.2164230347,20012,20040,28
12.9637899399,80.2147369385,20073,20103,30
12.9651603699,80.2074737549,20181,20211,30
12.9653701782,80.2056732178,20211,20241,30
12.9655704498,80.2045288086,20241,20270,29
12.9654397964,80.2007827759,20302,20332,30
12.9650602341,80.200050354,20332,20362,30
12.964799881,80.1983413696,20362,20391,29
12.9650802612,80.1931762695,20452,20482,30
12.9659204483,80.1887588501,20513,20543,30
12.964969635,80.1882095337,20543,20573,30
12.9632501602,80.1876831055,20573,20603,30
12.9616203308,80.1873626709,20603,20632,29
12.958820343,80.1870193481,20664,20694,30
12.9569396973,80.18699646,20694,20724,30
12.955739975,80.186920166,20724,20754,30
12.9559202194,80.185508728,20785,20814,29
12.9561100006,80.1858901978,21239,21269,30
12.9562301636,80.186920166,21300,21330,30
12.9581699371,80.1870117188,21361,21391,30
12.9639797211,80.2138366699,21996,22026,30
12.9640798569,80.2161102295,22078,22098,20
12.9676399231,80.2176132202,22138,22168,30
12.9740800858,80.2201766968,22241,22271,30
12.9800596237,80.2278594971,22412,22442,30
12.9800596237,80.2278594971,22442,22462,20
12.9874401093,80.2514572144,22896,22916,20
12.9874000549,80.2585830688,23098,23118,20
12.9872598648,80.2585983276,23118,23148,30
12.9871702194,80.2591400146,28010,28030,20
12.987569809,80.2562103271,28111,28141,30
12.980389595,80.2527694702,28343,28363,20
12.9811601639,80.2443237305,28505,28525,20
12.9816398621,80.2333831787,28807,28827,20
12.963549614,80.2160110474,29332,29362,30
12.9648103714,80.1963424683,29715,29745,30
12.9614295959,80.1873321533,31349,31379,30
12.9659500122,80.1885986328,31531,31551,20
12.9653100967,80.19165802,31601,31622,21
12.9653596878,80.2011795044,31904,31924,20
12.9655799866,80.2044906616,31985,32005,20
12.9641103745,80.2161331177,32428,32449,21
12.9711799622,80.2189483643,32630,32650,20
12.9816799164,80.2305297852,33034,33054,20
12.9813299179,80.238609314,33234,33256,22
12.9813804626,80.2426834106,33326,33356,30
12.9801702499,80.2520599365,33558,33588,30
12.9878196716,80.2546768188,34335,34365,30
12.9873104095,80.2592697144,34466,34496,30
12.9866895676,80.2587585449,35565,35586,21
12.9874095917,80.2584991455,35747,35777,30
12.9876203537,80.2560272217,35959,35979,20
12.9875898361,80.2516021729,36735,36756,21
12.9813299179,80.2428512573,37068,37089,21
12.9812602997,80.2379302979,37361,37391,30
12.9812602997,80.2376098633,37401,37421,20
12.9812402725,80.2372665405,37431,37452,21
12.9816303253,80.2333526611,37593,37613,20
12.9756298065,80.2209625244,37916,37936,20
12.9710197449,80.2191619873,38047,38067,20
12.963640213,80.2154006958,38188,38208,20
12.9652204514,80.2069168091,38359,38380,21
12.9647903442,80.1962738037,38591,38612,21
12.9658603668,80.1889419556,38733,38753,20
12.9558000565,80.1869125366,38975,39005,30
12.9556398392,80.186416626,39035,39054,19
12.9654998779,80.1883926392,39378,39408,30
12.9647903442,80.1970596313,39610,39630,20
12.9653596878,80.2012023926,39701,39721,20
12.9655704498,80.2045974731,39792,39812,20
12.9652500153,80.2070388794,39852,39872,20
12.9641504288,80.2161178589,40074,40104,30
12.9749803543,80.2205581665,40296,40316,20
12.9801197052,80.2522201538,41012,41032,20
12.9872598648,80.2594528198,41476,41506,30
12.9874897003,80.25756073,56971,57000,29
12.987569809,80.2560501099,57000,57030,30
12.9877300262,80.254989624,57061,57090,29
12.9860897064,80.2518920898,57152,57182,30
12.9799499512,80.2527008057,57213,57243,30
12.9798898697,80.2523803711,57243,57273,30
12.9808397293,80.2474822998,57304,57334,30
12.9811496735,80.2444381714,57334,57364,30
12.9812498093,80.2436904907,57364,57393,29
12.9813404083,80.2412261963,57425,57454,29
12.9812498093,80.237953186,57486,57516,30
12.9812202454,80.2362823486,57516,57546,30
12.9811897278,80.2343673706,57546,57575,29
12.9819402695,80.2315597534,57637,57667,30
12.9813804626,80.23021698,57667,57697,30
12.9807195663,80.2291793823,57697,57727,30
12.9807195663,80.2291793823,57727,57747,20
12.9757299423,80.2211837769,57889,57909,20
12.9558200836,80.1855010986,58988,59009,21
12.9659004211,80.1886291504,59503,59533,30
12.9648103714,80.1970977783,59704,59725,21
12.9655895233,80.2046127319,59866,59886,20
12.9764204025,80.2218399048,60421,60441,20
12.9872903824,80.259437561,61500,61520,20
12.9871196747,80.2596435547,61540,61560,20
12.986700058,80.2594985962,61571,61591,20
12.9876899719,80.2550735474,62781,62801,20
12.9875802994,80.2516098022,62852,62872,20
12.9799203873,80.252243042,63033,63063,30
12.9813499451,80.2428207397,63184,63205,21
12.9757699966,80.2211532593,63810,63830,20
12.9742603302,80.2203826904,63880,63901,21
12.9708499908,80.2191009521,63961,63981,20
12.9667301178,80.2173461914,64052,64081,29
12.9636201859,80.215423584,64153,64173,20
12.9645299911,80.2112579346,64254,64274,20
12.9652204514,80.2070007324,64365,64385,20
12.9655199051,80.2002792358,64516,64536,20
12.9647502899,80.1964035034,64617,64647,30
12.9658603668,80.188911438,64778,64797,19
12.9555397034,80.1867828369,65101,65121,20
12.9659204483,80.188659668,65847,65868,21
12.9647703171,80.1969985962,66039,66069,30
12.9652795792,80.206199646,66291,66311,20
12.9652299881,80.20703125,66332,66352,20
12.9817800522,80.2331008911,67542,67562,20
12.9813203812,80.2427825928,67744,67764,20
12.9800901413,80.2521514893,67875,67895,20
12.9872198105,80.2592315674,68561,68581,20
12.9874696732,80.2516174316,69217,69237,20
12.9799699783,80.2526779175,69328,69358,30
12.9798498154,80.2522201538,69378,69398,20
12.9815502167,80.2333984375,69832,69852,20
12.974360466,80.2203598022,70306,70336,30
12.9709196091,80.2191009521,70407,70437,30
12.9635696411,80.2160186768,70720,70750,30
12.9636201859,80.2153396606,70770,70790,20
12.9642496109,80.2119522095,70911,70932,21
12.9646196365,80.2111206055,71002,71022,20
12.9647102356,80.2102966309,71063,71083,20
12.9651699066,80.2070236206,71204,71234,30
12.9655303955,80.204498291,71295,71325,30
12.9654798508,80.2002792358,71406,71436,30
12.9647598267,80.1962814331,71527,71557,30
12.9647197723,80.1960906982,71567,71587,20
12.9658603668,80.1887512207,71759,71779,20
12.9555501938,80.1868515015,72132,72152,20
12.9555997849,80.1864395142,72172,72193,21
12.9559803009,80.1867980957,72283,72303,20
12.9654998779,80.2045593262,72939,72959,20
12.965180397,80.2070922852,73070,73090,20
12.9813299179,80.2385482788,74180,74200,20
12.9814195633,80.2426681519,74281,74301,20
12.9983701706,80.256690979,18645,18675,30
12.9978199005,80.2564086914,18707,18737,30
12.9976301193,80.2559432983,18770,18800,30
12.9901895523,80.2560119629,18876,18898,22
12.986000061,80.2554931641,18938,18968,30
12.9739303589,80.2504806519,19108,19137,29
12.9659500122,80.2476425171,19169,19199,30
12.9580602646,80.2442016602,19239,19269,30
12.9537296295,80.2424621582,19342,19372,30
12.9505796432,80.241317749,19372,19402,30
12.9433603287,80.237197876,19433,19463,30
12.9390497208,80.2354278564,19463,19493,30
12.9351596832,80.2335586548,19493,19523,30
12.9260797501,80.231010437,19598,19628,30
12.9192199707,80.2300720215,19659,19689,30
12.9151496887,80.2295303345,19689,19719,30
12.900349617,80.2279510498,19860,19890,30
12.8998003006,80.2279205322,19890,19919,29
12.880610466,80.2267684937,20084,20114,30
12.8697299957,80.2265472412,20222,20251,29
12.865480423,80.2266311646,20251,20281,30
12.8582897186,80.2262878418,20312,20342,30
12.8454303741,80.2266387939,20416,20445,29
12.8267498016,80.2313308716,20641,20671,30
12.8191604614,80.2305297852,20702,20732,30
12.8177204132,80.2299499512,20732,20761,29
12.8103599548,80.2278137207,20792,20822,30
12.8051395416,80.224029541,20853,20883,30
12.800330162,80.2235107422,20914,20943,29
12.7933101654,80.2225112915,20974,21004,30
12.7871704102,80.2207336426,21035,21065,30
12.7861499786,80.2203216553,21065,21095,30
12.7814598083,80.2178268433,21126,21155,29
12.7779798508,80.216003418,21155,21185,30
12.7712898254,80.2133331299,21216,21246,30
12.7725496292,80.2082366943,21308,21338,30
12.7725496292,80.2082366943,21338,21368,30
12.7706604004,80.1847076416,23439,23459,20
12.7864904404,80.2204284668,23964,23994,30
12.9967498779,80.255859375,26881,26901,20
12.9992103577,80.2560882568,26962,26992,30
13.0067501068,80.2526397705,27144,27174,30
12.999420166,80.2562408447,29031,29051,20
12.997209549,80.255897522,29182,29203,21
12.9339199066,80.2330093384,30343,30363,20
12.9055099487,80.2282409668,30767,30787,20
12.9047203064,80.2282333374,30808,30838,30
12.8988895416,80.227897644,31191,31211,20
12.893289566,80.2275695801,31302,31332,30
12.8773202896,80.2269363403,31595,31625,30
12.8398103714,80.2276992798,32443,32463,20
12.8049697876,80.2240066528,32968,32988,20
12.8010196686,80.2235870361,33038,33058,20
12.7869997025,80.2206497192,33230,33250,20
12.7847299576,80.2196273804,33331,33351,20
12.786239624,80.2202987671,35774,35794,20
12.786649704,80.2205276489,35824,35844,20
12.8055200577,80.2241134644,36076,36097,21
12.8455896378,80.2265167236,36632,36652,20
12.8993797302,80.2277908325,37187,37207,20
12.9136600494,80.2291793823,37429,37449,20
12.9335298538,80.2326202393,37671,37691,20
12.9667196274,80.2478485107,38399,38419,20
12.9785604477,80.2522964478,38550,38570,20
12.9794301987,80.2525405884,38601,38621,20
12.9955997467,80.2558135986,39469,39499,30
12.9970703125,80.2569503784,40206,40236,30
12.9861402512,80.255531311,40518,40539,21
12.9786901474,80.2526092529,40670,40690,20
12.9644203186,80.2471084595,40892,40912,20
12.9641103745,80.2470016479,40922,40952,30
12.9563999176,80.2437210083,41124,41144,20
12.9368495941,80.2343902588,41387,41406,19
12.7867097855,80.2205734253,43193,43213,20
12.8729200363,80.2266082764,46655,46675,20
12.9061899185,80.2281188965,47099,47129,30
12.9487895966,80.2405319214,47594,47614,20
12.9975004196,80.2558822632,48946,48966,20
12.9977197647,80.2560577393,51459,51489,30
13.0066404343,80.2548599243,52095,52115,20
12.9987297058,80.256072998,52408,52438,30
12.9974603653,80.2559432983,52478,52499,21
12.9881496429,80.2557983398,52660,52680,20
12.9878997803,80.2557907104,52690,52711,21
12.9637899399,80.2468719482,53044,53064,20
12.9570302963,80.243850708,53165,53185,20
12.9012098312,80.2279968262,54013,54033,20
12.8995199203,80.227897644,54063,54083,20
12.8452701569,80.2266693115,54598,54618,20
12.7862300873,80.2203521729,55193,55214,21
12.7846603394,80.2196273804,55264,55294,30
12.7707595825,80.2129135132,55446,55466,20
12.7742204666,80.1958312988,55688,55708,20
12.7746295929,80.193687439,55738,55759,21
12.7631502151,80.1835479736,57959,57989,30
12.7839698792,80.2191925049,58695,58716,21
12.7845802307,80.2195281982,58837,58867,30
12.7846603394,80.2195892334,58877,58907,30
12.7859897614,80.2202682495,59190,59210,20
12.7937202454,80.2225494385,59332,59351,19
12.8308200836,80.2294387817,59735,59765,30
12.8392601013,80.2277069092,59856,59885,29
12.8923196793,80.2273025513,60442,60462,20
12.8997802734,80.2277374268,60543,60563,20
12.8999795914,80.2277984619,60573,60593,20
12.9026002884,80.2279815674,60654,60674,20
12.948849678,80.2406616211,61239,61259,20
12.9554595947,80.2430267334,61370,61390,20
12.9557695389,80.2431182861,61400,61421,21
12.9844303131,80.2521972656,61956,61976,20
12.9984397888,80.2559814453,62672,62691,19
12.9987802505,80.2560424805,62703,62723,20
13.0062303543,80.2573928833,62874,62904,30
12.9971504211,80.255821228,64237,64257,20
12.986240387,80.2555389404,64600,64630,30
12.9786300659,80.2525405884,64782,64802,20
12.9638595581,80.2468490601,65034,65064,30
12.9518203735,80.2417068481,65266,65286,20
12.9339704514,80.233001709,65559,65579,20
12.9135398865,80.229309082,65791,65811,20
12.8994598389,80.2278823853,66245,66266,21
12.8453197479,80.226600647,66841,66861,20
12.8323497772,80.2290802002,66992,67013,21
12.7875404358,80.2208633423,67659,67689,30
12.7847900391,80.2196578979,67770,67800,30
12.769109726,80.184173584,68466,68486,20
12.7630395889,80.1844329834,68688,68708,20
12.7742204666,80.1959228516,70000,70021,21
12.786529541,80.2204284668,70505,70525,20
12.8055200577,80.2241134644,70818,70838,20
12.8732099533,80.2265777588,72069,72089,20
12.956199646,80.243347168,73370,73400,30
12.9974603653,80.255821228,74157,74178,21
13.0035200119,80.2008132935,25235,25255,20
13.0350103378,80.2111282349,25639,25659,20
13.0482597351,80.2120666504,25831,25851,20
13.0495901108,80.2119598389,25881,25901,20
13.0633001328,80.2115402222,26073,26093,20
13.0674200058,80.2086868286,26154,26174,20
13.0687704086,80.2049865723,26305,26325,20
13.0872802734,80.192817688,26769,26790,21
13.0877199173,80.1883010864,26891,26921,30
13.0996198654,80.1697311401,27335,27355,20
13.0886201859,80.1719589233,27708,27729,21
13.0882797241,80.1783294678,27809,27829,20
13.0878295898,80.1896591187,28001,28021,20
13.0680103302,80.205368042,28910,28930,20
13.0650701523,80.2113494873,29132,29152,20
13.0577697754,80.2115707397,29243,29263,20
13.0497999191,80.2121429443,29404,29425,21
13.0379695892,80.2123718262,29677,29697,20
13.0297298431,80.2090301514,29949,29970,21
13.0192699432,80.2063903809,30131,30151,20
13.0090999603,80.2114334106,30565,30585,20
12.9756202698,80.2207794189,31657,31678,21
12.9865598679,80.2229614258,32980,33000,20
12.9960002899,80.2165908813,33232,33262,30
12.997590065,80.2160797119,33303,33323,20
13.0036802292,80.2119064331,33474,33495,21
13.0073795319,80.2098236084,33616,33646,30
13.0151100159,80.2046203613,33908,33929,21
13.0186100006,80.2058868408,33989,34009,20
13.035030365,80.2112731934,34322,34342,20
13.0350103378,80.2117233276,34353,34375,22
13.0355796814,80.2123031616,34415,34445,30
13.0358104706,80.2123031616,34456,34486,30
13.0437803268,80.2122192383,34597,34617,20
13.0487098694,80.2119979858,34698,34718,20
13.0493297577,80.2119903564,34738,34767,29
13.0687103271,80.2048492432,35223,35253,30
13.0843601227,80.1985168457,35737,35758,21
13.0849399567,80.1985092163,35768,35788,20
13.0871400833,80.1979370117,35849,35869,20
13.088640213,80.1698532104,36454,36484,30
13.099650383,80.1697311401,36686,36705,19
13.0874700546,80.1926269531,37798,37818,20
13.0701198578,80.2046737671,38504,38524,20
13.0679302216,80.2051620483,38666,38686,20
13.0698204041,80.204826355,38758,38788,30
13.0546102524,80.2115631104,39030,39050,20
13.0513296127,80.2121505737,39101,39131,30
13.0352096558,80.2123336792,39545,39565,20
13.0343198776,80.2121200562,39585,39605,20
13.010140419,80.211517334,40212,40242,30
12.9828996658,80.2219009399,41920,41940,20
12.9928798676,80.2184906006,42140,42159,19
13.0071296692,80.2097167969,42495,42515,20
13.0348901749,80.2118606567,43143,43160,17
13.0437602997,80.2122879028,43285,43306,21
13.0484600067,80.2120819092,43366,43396,30
13.0494499207,80.2119903564,43417,43437,20
13.0632400513,80.2115402222,43617,43640,23
13.0877599716,80.1889877319,44450,44470,20
13.088139534,80.1796264648,44613,44643,30
13.0884799957,80.1720504761,44794,44815,21
13.0995702744,80.1697311401,45230,45251,21
13.0879297256,80.1852722168,47859,47879,20
13.0495901108,80.2121505737,49267,49287,20
13.0345602036,80.2121582031,49600,49630,30
13.0343999863,80.2121276855,49630,49650,20
12.9992103577,80.2171020508,50883,50904,21
12.9965801239,80.2165603638,50924,50944,20
12.9763002396,80.2212982178,52236,52257,21
12.9864397049,80.2229537964,52459,52479,20
13.0483102798,80.2120895386,53732,53752,20
13.0634803772,80.2114868164,53994,54015,21
13.0687704086,80.2049179077,54165,54186,21
13.0717401505,80.2025375366,54279,54309,30
13.0876598358,80.1889190674,54794,54814,20
13.0880498886,80.178817749,55026,55046,20
13.0995597839,80.1696777344,55431,55451,20
13.099360466,80.1701965332,55572,55592,20
13.0929098129,80.2003173828,56281,56311,30
13.0700702667,80.2046890259,56765,56785,20
13.0682296753,80.2049636841,57230,57249,19
13.0693798065,80.204750061,57291,57311,20
13.0296897888,80.209022522,58089,58109,20
13.0096101761,80.2112121582,58595,58625,30
13.0105104446,80.2252883911,59019,59039,20
12.9863004684,80.2229232788,61089,61109,20
12.9974403381,80.2160568237,61321,61340,19
13.0070800781,80.2097396851,61584,61604,20
13.0314397812,80.209312439,62189,62210,21
13.0694999695,80.2053604126,63027,63047,20
13.072930336,80.2012786865,63320,63340,20
13.0877599716,80.188873291,63956,63986,30
13.0880899429,80.1797637939,64188,64208,20
13.0881099701,80.1789398193,64228,64249,21
13.0885801315,80.1710281372,64390,64420,30
13.0874900818,80.2004928589,66863,66883,20
13.0861301422,80.2004623413,66903,66922,19
13.084280014,80.1987991333,67004,67024,20
13.0700597763,80.2048492432,67287,67317,30
13.0355396271,80.2123718262,68438,68468,30
13.0342903137,80.2122421265,68549,68579,30
13.0295801163,80.2090530396,68700,68720,20
13.0242300034,80.2069625854,68791,68811,20
13.0191802979,80.2064590454,68872,68892,20
13.0143995285,80.204750061,68973,68993,20
13.0140600204,80.2045974731,69003,69033,30
13.010720253,80.2121887207,69255,69275,20
13.0100698471,80.2116394043,69306,69336,30
12.9958400726,80.2168426514,70214,70234,20
12.9916200638,80.219619751,70356,70376,20
12.9768104553,80.2199630737,70669,70689,20
12.9758396149,80.2203292847,70961,70981,20
12.9754400253,80.2207336426,70992,71012,20
13.0149002075,80.2046508789,72879,72899,20
13.0163202286,80.2051467896,73010,73031,21
13.0167703629,80.2052230835,73041,73061,20
13.0296497345,80.2089309692,73253,73273,20
13.0313396454,80.2094116211,73313,73333,20
13.0349798203,80.21118927,73414,73434,20
13.0436897278,80.212272644,73566,73586,20
13.0494804382,80.2119827271,73707,73737,30
13.0541801453,80.2114486694,73808,73828,20
13.0718002319,80.2024002075,74252,74282,30
13.0787801743,80.1987380981,74585,74605,20
13.0800104141,80.1986465454,74646,74666,20
13.0807600021,80.198600769,74706,74727,21
13.0819597244,80.1985702515,74777,74797,20
13.0829000473,80.1984786987,74858,74878,20
13.0849199295,80.1984481812,74989,75009,20
13.087100029,80.1980209351,75080,75100,20
13.088060379,80.1792373657,75453,75474,21
13.0886602402,80.1700668335,77018,77048,30
13.0681495667,80.2049865723,78209,78239,30
13.0695295334,80.204750061,78270,78300,30
13.0577201843,80.2116394043,78552,78573,21
13.0377197266,80.2123794556,78916,78936,20
13.0343999863,80.2121505737,79007,79027,20
13.014289856,80.2045974731,79441,79471,30
13.0094003677,80.2110366821,79754,79774,20
13.0093002319,80.2109222412,79784,79814,30
12.997420311,80.2164535522,80400,80420,20
12.9868803024,80.21824646,80612,80632,20
12.9840097427,80.217956543,80672,80693,21
12.9755001068,80.2206115723,80824,80844,20
12.9963598251,80.1914367676,84720,84750,30
13.0760002136,80.2753601074,8138,8168,30
13.0869703293,80.2837295532,32393,32415,22
13.0882301331,80.2835617065,33561,33581,20
13.0826797485,80.278678894,33691,33713,22
13.0818195343,80.2768936157,33753,33774,21
13.0817604065,80.2764205933,33804,33834,30
13.0816602707,80.2759475708,33844,33864,20
13.0739898682,80.2764968872,34096,34117,21
13.0710000992,80.2744522095,34238,34268,30
13.0470104218,80.2486419678,34887,34907,20
13.0354499817,80.2460708618,35179,35209,30
13.0291404724,80.2368392944,35360,35380,20
13.0240097046,80.2282409668,35584,35604,20
13.0144701004,80.2262496948,35765,35785,20
13.0091600418,80.2287979126,35866,35886,20
13.0089998245,80.2296905518,35917,35937,20
13.0087499619,80.2308807373,36018,36038,20
13.0086402893,80.2314300537,36048,36068,20
12.9984903336,80.2560806274,37190,37210,20
12.9980401993,80.2559661865,37220,37250,30
12.9850902557,80.2596282959,37615,37635,20
12.9835395813,80.2594909668,37665,37695,30
12.9791698456,80.2591171265,37778,37808,30
12.8974895477,80.2474136353,38929,38949,20
12.8502397537,80.2411804199,39626,39647,21
12.7872104645,80.2465591431,41229,41259,30
12.7852802277,80.2446975708,41292,41321,29
12.7955904007,80.2410583496,41383,41413,30
12.7955904007,80.2410583496,41413,41433,20
12.9204902649,80.2513122559,42816,42837,21
12.9384698868,80.2526168823,43038,43058,20
12.9636802673,80.2565002441,43382,43403,21
12.98279953,80.2593994141,43695,43715,20
12.9865598679,80.2576522827,43796,43816,20
12.9950199127,80.2559127808,44119,44139,20
13.0067396164,80.248588562,44614,44635,21
13.0066699982,80.2406082153,44816,44845,29
13.0073900223,80.2368927002,44907,44927,20
13.0154600143,80.2249526978,45209,45231,22
13.0224599838,80.2266235352,45382,45402,20
13.0257902145,80.2304916382,45483,45503,20
13.0312404633,80.2399520874,45715,45745,30
13.0438203812,80.2478103638,46252,46270,18
13.0468997955,80.2483673096,46301,46322,21
13.0567998886,80.2568206787,46524,46543,19
13.0628499985,80.2638931274,46696,46716,20
13.0687303543,80.2719192505,47020,47040,20
13.0709896088,80.2740402222,47091,47110,19
13.0713300705,80.2741165161,47121,47151,30
13.0820198059,80.2757720947,47375,47395,20
13.0882196426,80.2822418213,49437,49467,30
13.0874996185,80.2813796997,49498,49528,30
13.0862102509,80.2810287476,49558,49579,21
13.0815200806,80.2756271362,49801,49821,20
13.0708198547,80.2743225098,50033,50053,20
13.0656099319,80.2677001953,50203,50224,21
13.060549736,80.26537323,50355,50377,22
13.0317296982,80.2414321899,51174,51194,20
13.0240097046,80.2282867432,51435,51455,20
13.0140895844,80.2264404297,51611,51631,20
13.0069503784,80.2400283813,51855,51875,20
13.0066204071,80.2550125122,52069,52089,20
12.9972200394,80.2559509277,52462,52492,30
12.9886198044,80.2559204102,52623,52644,21
12.9852895737,80.2596435547,52755,52785,30
12.9831399918,80.2594604492,52825,52845,20
12.9765100479,80.2590637207,52925,52946,21
12.9608201981,80.256072998,53159,53179,20
12.9383897781,80.2527389526,53452,53472,20
12.8690099716,80.2435836792,54210,54231,21
12.8153800964,80.2413024902,54967,54987,20
12.7960700989,80.2410812378,56676,56706,30
12.8031301498,80.242401123,56737,56767,30
12.8063402176,80.2429580688,56767,56797,30
12.8083496094,80.243309021,56797,56827,30
12.8128004074,80.2423706055,56858,56888,30
12.8154001236,80.2413024902,56888,56918,30
12.8154001236,80.2413024902,56918,56938,20
12.9546003342,80.2551803589,58716,58736,20
12.9827299118,80.2594604492,59200,59221,21
12.9865903854,80.2578811646,59321,59342,21
12.9886198044,80.255897522,59505,59525,20
12.9988098145,80.256072998,59777,59798,21
13.0112800598,80.223449707,60697,60717,20
13.0152301788,80.2248306274,60818,60838,20
13.0264196396,80.2325363159,61100,61120,20
13.030960083,80.239402771,61252,61282,30
13.0714998245,80.2741775513,62474,62504,30
13.0821504593,80.2758178711,62829,62859,30
13.081870079,80.276260376,63070,63086,16
13.0823497772,80.280921936,63138,63168,30
13.0852403641,80.2837677002,63207,63237,30
13.0859003067,80.2835922241,63237,63266,29
13.0883102417,80.283416748,64628,64656,28
13.0707798004,80.2743682861,65123,65143,20
13.0687999725,80.2720794678,65193,65213,20
13.0664796829,80.2694091797,65294,65314,20
13.0652303696,80.2677001953,65374,65394,20
13.0584602356,80.2654571533,65628,65658,30
13.0566902161,80.2584762573,65820,65840,20
13.0498600006,80.2499694824,66153,66173,20
13.0493097305,80.2499084473,66203,66223,20
13.0488700867,80.2498397827,66233,66254,21
13.0458602905,80.2484893799,66516,66546,30
13.0399599075,80.2472763062,66720,66750,30
13.0353403091,80.2461166382,66841,66861,20
13.0263299942,80.2327575684,67295,67325,30
13.0262098312,80.2322616577,67335,67355,20
13.0245704651,80.2290878296,67406,67427,21
13.0198497772,80.224822998,67609,67627,18
13.0143098831,80.2263717651,67730,67750,20
13.0068397522,80.2509613037,68306,68326,20
13.0066204071,80.2548294067,68398,68418,20
12.9899997711,80.2560806274,69064,69084,20
12.9861402512,80.2598800659,69346,69366,20
12.9782896042,80.2592468262,69588,69608,20
12.9767103195,80.2592468262,69651,69681,30
12.96971035,80.2578964233,69812,69831,19
12.9610204697,80.2562789917,70014,70044,30
12.9139604568,80.2504577637,70721,70742,21
12.7867202759,80.2487792969,73533,73563,30
12.785030365,80.2448272705,73621,73641,20
12.8519802094,80.2413406372,74287,74307,20
12.9293603897,80.2515716553,75156,75176,20
12.9467496872,80.2540206909,75388,75416,28
12.9767398834,80.2591323853,75954,75974,20
12.9869403839,80.2580566406,76146,76166,20
12.9990501404,80.256111145,76489,76519,30
13.0407304764,80.2471923828,78068,78088,20
13.0819797516,80.2757415771,79031,79051,20
13.0882501602,80.2822189331,79666,79696,30
13.0865001678,80.2810516357,79696,79726,30
13.085439682,80.2797012329,79726,79755,29
13.085439682,80.2797012329,79755,79775,20
13.0758199692,80.2748794556,80787,80807,20
13.0142402649,80.2259979248,21422,21451,29
13.0095701218,80.2277374268,21513,21542,29
13.0116100311,80.2233810425,21574,21604,30
13.0161104202,80.2253265381,21697,21727,30
13.0184202194,80.2245330811,21758,21778,20
13.0242795944,80.2281494141,22204,22231,27
13.0258302689,80.2305603027,22357,22387,30
13.0296201706,80.230758667,22418,22447,29
13.0317296982,80.2306137085,22479,22509,30
13.034239769,80.2300872803,23097,23117,20
13.0341796875,80.2304000854,23127,23147,20
12.9167995453,80.1923675537,25081,25101,20
12.8563899994,80.17212677,26022,26042,20
12.8100299835,80.1595993042,28295,28325,30
12.8115701675,80.1594467163,28376,28406,30
12.8759498596,80.1708068848,29437,29457,20
12.8826503754,80.1706390381,29570,29590,20
12.8915901184,80.1766586304,29752,29782,30
12.9064397812,80.1888275146,30458,30480,22
12.9124803543,80.1918487549,30601,30621,20
12.9171695709,80.1931610107,30843,30863,20
12.9230699539,80.1973190308,31015,31035,20
12.9264097214,80.197517395,31106,31126,20
12.929599762,80.2027206421,31227,31247,20
12.9298496246,80.2027435303,31257,31277,20
12.9446697235,80.2084503174,31803,31822,19
12.9490499496,80.2098922729,31904,31924,20
12.9626703262,80.2155303955,32106,32126,20
12.9642000198,80.2161483765,32167,32197,30
12.967300415,80.2174606323,32268,32298,30
12.9713096619,80.2189483643,32368,32388,20
12.9865598679,80.2229385376,32854,32874,20
12.9869604111,80.2229919434,32885,32905,20
12.9906101227,80.2202072144,32975,32996,21
12.9962596893,80.2165298462,33157,33177,20
12.9969701767,80.2164535522,33198,33218,20
12.9976902008,80.216468811,33238,33258,20
13.0048398972,80.2202072144,33379,33399,20
13.0156202316,80.2250366211,33663,33680,17
13.0342798233,80.2298126221,34624,34644,20
13.0230798721,80.2274093628,35501,35524,23
12.9876499176,80.2230987549,36240,36261,21
12.9166402817,80.1923065186,37831,37861,30
12.8976802826,80.1821289063,38163,38183,20
12.8717699051,80.1735076904,38644,38663,19
12.8276195526,80.1651382446,39302,39322,20
12.8115901947,80.1594314575,39553,39574,21
12.8099899292,80.1595611572,39604,39634,30
12.8275003433,80.1650390625,40828,40848,20
12.8278398514,80.1651382446,40858,40875,17
12.8564901352,80.1720962524,41242,41262,20
12.8939800262,80.18019104,41845,41865,20
12.9065904617,80.1889419556,42107,42127,20
12.9122800827,80.1918487549,42217,42237,20
12.91685009,80.1922836304,42319,42339,20
12.917140007,80.1931610107,42451,42472,21
12.9443998337,80.2083129883,43118,43138,20
12.9737997055,80.2199325562,43625,43646,21
12.9975004196,80.2164306641,44363,44384,21
13.0158500671,80.2251968384,44678,44699,21
13.0192499161,80.2242889404,44749,44770,21
13.0236997604,80.2278518677,44934,44953,19
13.0112304688,80.2233734131,49773,49794,21
13.0149497986,80.2260818481,50421,50441,20
13.0142097473,80.226348877,50461,50491,30
13.0139904022,80.2264404297,50491,50511,20
13.0102701187,80.2227783203,50703,50723,20
13.0046195984,80.2202987671,50814,50834,20
12.9974403381,80.2165374756,50947,50965,18
12.9874897003,80.2231216431,51199,51219,20
12.975520134,80.2209701538,51482,51512,30
12.9709100723,80.2191772461,51583,51603,20
12.9534196854,80.2120513916,51825,51845,20
12.9336204529,80.2039413452,52170,52190,20
12.9219703674,80.1972808838,52443,52463,20
12.9061203003,80.1887283325,53019,53039,20
12.8972797394,80.182258606,53211,53231,20
12.8931798935,80.1836090088,53302,53322,20
12.8901996613,80.1845703125,53373,53393,20
12.8872404099,80.1842422485,53443,53463,20
12.8861103058,80.1890792847,53544,53574,30
12.884059906,80.1899108887,53615,53645,30
12.8816995621,80.1924591064,53706,53726,20
12.8143100739,80.2049179077,55114,55134,20
12.7865695953,80.2205123901,55761,55791,30
12.7922697067,80.2169036865,57752,57772,20
12.8099899292,80.2021408081,58216,58237,21
12.8111095428,80.2035522461,58267,58297,30
12.8145904541,80.2049789429,58378,58398,20
12.8244895935,80.1946563721,58703,58723,20
12.8934001923,80.1835174561,60161,60183,22
12.9171199799,80.1921768188,60607,60636,29
12.9171600342,80.1930465698,60718,60748,30
12.9827203751,80.2218399048,61931,61951,20
12.9832601547,80.2221221924,61961,61981,20
12.9866199493,80.2229614258,62071,62091,20
13.0243196487,80.2283401489,63528,63558,30
13.0199699402,80.2248916626,64043,64063,20
13.0149497986,80.2260665894,64154,64173,19
12.9972295761,80.2165374756,64643,64673,30
12.9907197952,80.2202682495,64834,64852,18
12.9830904007,80.2221069336,65088,65108,20
12.9628801346,80.2157516479,65754,65774,20
12.9537296295,80.2121276855,65907,65927,20
12.9411401749,80.2060928345,66289,66311,22
12.9337997437,80.203918457,66444,66464,20
12.929599762,80.2027893066,66564,66594,30
12.9216604233,80.1971282959,66849,66879,30
12.9171600342,80.1943435669,67000,67019,19
12.916970253,80.193031311,67081,67101,20
12.9170198441,80.1924667358,67121,67142,21
12.8902397156,80.1845397949,68093,68123,30
12.8872203827,80.1841964722,68184,68214,30
12.8841600418,80.1898574829,68416,68436,20
12.8791704178,80.1925735474,68599,68629,30
12.8586397171,80.1997680664,69164,69194,30
12.8462896347,80.2000579834,69448,69477,29
12.8352403641,80.2009887695,69681,69711,30
12.8244495392,80.1947631836,69914,69934,20
12.8144903183,80.2049331665,70334,70353,19
12.8110198975,80.2034912109,70506,70526,20
12.790430069,80.2202911377,71113,71133,20
12.7863903046,80.2204437256,71234,71264,30
12.7998504639,80.1979675293,72770,72790,20
12.8060903549,80.2005081177,72912,72930,18
12.8084802628,80.2003936768,72983,73013,30
12.8104696274,80.2026901245,73082,73098,16
12.811050415,80.2034606934,73098,73118,20
12.811050415,80.2040786743,73125,73148,23
12.8208303452,80.203666687,73394,73423,29
12.8214797974,80.2001037598,73511,73540,29
12.8225297928,80.1983184814,73540,73570,30
12.8238801956,80.1964874268,73570,73599,29
12.8244600296,80.1946563721,73599,73625,26
12.8286504745,80.1945495605,73665,73694,29
12.8342599869,80.1968612671,73732,73762,30
12.834690094,80.1990966797,73762,73791,29
12.8430900574,80.2003707886,73943,73972,29
12.8473796844,80.1998901367,74036,74066,30
12.8492898941,80.1996917725,74066,74096,30
12.8517999649,80.1994628906,74096,74126,30
12.8554296494,80.1994628906,74157,74187,30
12.8554296494,80.1994628906,74187,74207,20
12.8934402466,80.1834487915,75269,75289,20
12.8976202011,80.1820983887,75370,75390,20
12.9172201157,80.1916885376,75775,75793,18
12.9172096252,80.193069458,75906,75936,30
12.9337997437,80.2038421631,76340,76360,20
12.9488296509,80.2098388672,76632,76652,20
12.9633197784,80.2157897949,76866,76886,20
12.9641504288,80.2161407471,76906,76927,21
12.9762496948,80.2211990356,77169,77199,30
12.98458004,80.2229995728,77392,77412,20
13.0196304321,80.2244110107,78150,78172,22
13.0142002106,80.2263031006,78829,78859,30
13.0102396011,80.2227630615,79071,79092,21
12.9972400665,80.2165374756,79314,79334,20
12.9907503128,80.2202224731,79454,79475,21
12.9875402451,80.2230987549,79555,79575,20
12.9830999374,80.2221679688,79688,79708,20
12.9710102081,80.2191085815,79971,79991,20
12.9441204071,80.208366394,80566,80586,20
12.9336500168,80.2039108276,80770,80790,20
12.9293699265,80.2027893066,80861,80881,20
12.9218797684,80.1972503662,81073,81093,20
12.9096002579,80.1913986206,81547,81567,20
12.9060897827,80.1887817383,81629,81659,30
12.897480011,80.1822128296,81851,81871,20
12.8932600021,80.1836166382,81952,81972,20
12.8861503601,80.1889877319,82164,82184,20
12.8817796707,80.1924591064,82316,82336,20
12.8785600662,80.1927719116,82396,82417,21
12.8561601639,80.1996383667,83004,83024,20
12.8147497177,80.2050476074,83876,83896,20
12.806189537,80.200630188,84209,84229,20
12.7860803604,80.2220306396,84664,84694,30
12.9973201752,80.1914672852,18685,18715,30
12.9962997437,80.1912765503,18837,18867,30
12.9961500168,80.1906814575,18867,18897,30
12.9959201813,80.189781189,18897,18927,30
13.0030097961,80.2007217407,19067,19097,30
13.0046701431,80.2011489868,19157,19187,30
13.0176000595,80.205406189,19328,19358,30
13.0213603973,80.2062606812,19390,19420,30
13.0319700241,80.2094497681,19524,19554,30
13.0369501114,80.2123031616,19648,19678,30
13.0466299057,80.2121810913,19760,19790,30
13.0491399765,80.2119598389,19821,19851,30
13.0495796204,80.2118911743,19851,19881,30
13.0507202148,80.2119522095,19881,19911,30
13.056599617,80.2114181519,19943,19973,30
13.0578298569,80.2114334106,19973,20001,28
13.0631904602,80.2115097046,20034,20064,30
13.0691003799,80.2051773071,20175,20205,30
13.0698299408,80.204826355,20357,20387,30
13.0706501007,80.2038726807,20387,20417,30
13.0791501999,80.1987380981,20529,20559,30
13.081319809,80.1985473633,20559,20588,29
13.0853796005,80.1984481812,20620,20650,30
13.0871295929,80.1979370117,20681,20711,30
13.087220192,80.1959991455,20711,20741,30
13.0872898102,80.1930465698,20741,20770,29
13.0878601074,80.1861190796,20832,20862,30
13.0880899429,80.1812896729,20893,20922,29
13.0882797241,80.1752700806,20984,21014,30
13.0884599686,80.1730804443,21014,21044,30
13.0886201859,80.1697311401,21075,21105,30
13.0900802612,80.1695785522,21105,21135,30
13.0927696228,80.1697616577,21135,21164,29
13.0987796783,80.1701126099,21226,21256,30
13.0994796753,80.1700973511,21256,21286,30
13.0997495651,80.1701278687,21286,21316,30
13.0882797241,80.1785507202,23033,23053,20
13.0878200531,80.1897964478,23174,23195,21
13.0873403549,80.1982879639,23336,23354,18
13.0342102051,80.212097168,24527,24547,20
12.9829998016,80.2219467163,27000,27021,21
13.0074195862,80.2098388672,27546,27566,20
13.0314998627,80.2093811035,28020,28040,20
13.0350599289,80.21118927,28101,28131,30
13.0369501114,80.2122802734,28192,28212,20
13.043970108,80.2122268677,28303,28323,20
13.0484895706,80.212020874,28383,28404,21
13.0996599197,80.1700210571,30039,30069,30
13.0993795395,80.1696777344,31775,31795,20
13.0878400803,80.1896820068,32845,32875,30
13.0873003006,80.1983184814,33037,33057,20
13.0844202042,80.1987075806,33471,33491,20
13.0639896393,80.2117004395,34107,34137,30
13.0382299423,80.2124176025,34662,34682,20
13.035949707,80.2123565674,34743,34773,30
13.0357999802,80.2123336792,34773,34793,20
13.034330368,80.2121124268,34914,34944,30
13.0296001434,80.2089920044,35086,35106,20
13.0235004425,80.206741333,35207,35227,20
13.0100097656,80.2113571167,35752,35772,20
12.999540329,80.2172393799,36608,36628,20
12.9829902649,80.2219619751,38041,38061,20
12.9968996048,80.2164764404,38364,38394,30
12.9974498749,80.216178894,38405,38425,20
13.007399559,80.2097625732,38677,38697,20
13.031539917,80.2093200684,39263,39283,20
13.035030365,80.2112731934,39363,39384,21
13.0430803299,80.2122573853,39515,39545,30
13.0484800339,80.2120437622,39747,39767,20
13.0687398911,80.2049865723,40191,40220,29
13.0719604492,80.2022628784,40302,40332,30
13.0829000473,80.1984786987,40555,40575,20
13.0881500244,80.1798095703,41140,41160,20
13.0996303558,80.1700592041,41534,41564,30
13.0996904373,80.1697692871,41574,41594,20
13.0888299942,80.1695632935,42250,42270,20
13.0885601044,80.1718597412,42311,42331,20
13.0880203247,80.1852722168,42533,42553,20
13.0878295898,80.1897506714,42624,42644,20
13.0872497559,80.1977920532,42755,42775,20
13.0650997162,80.2112808228,43785,43805,20
13.0498800278,80.2121200562,44168,44188,20
13.0496397018,80.2121429443,44198,44219,21
13.0192699432,80.2063903809,44753,44774,21
13.0144500732,80.2046813965,44854,44875,21
13.0097303391,80.2112503052,45158,45178,20
13.0094299316,80.2110366821,45189,45219,30
13.0153799057,80.2251815796,45441,45461,20
12.9951295853,80.2169876099,45966,45996,30
12.9839897156,80.2179718018,46168,46188,20
12.9802598953,80.2184829712,46248,46269,21
12.9829502106,80.2219467163,46692,46713,21
12.9848003387,80.2230834961,46783,46803,20
12.9864397049,80.2229690552,46864,46884,20
13.0072898865,80.2097930908,47359,47389,30
13.0150403976,80.2045974731,47591,47611,20
13.0187501907,80.205909729,47682,47702,20
13.0316200256,80.2093887329,47934,47954,20
13.0349798203,80.2112884521,48025,48055,30
13.0486001968,80.212020874,48328,48348,20
13.0633497238,80.2115325928,48590,48610,20
13.0687398911,80.2049026489,48772,48802,30
13.0808296204,80.1985931396,49105,49125,20
13.0828504562,80.1985015869,49226,49246,20
13.0879402161,80.1835632324,49791,49821,30
13.0986995697,80.1694564819,50760,50780,20
13.0987796783,80.1692428589,51971,51991,20
13.0890102386,80.1695632935,52564,52594,30
13.0878000259,80.1897583008,52947,52967,20
13.0697603226,80.2049102783,53987,54007,20
13.0649995804,80.2113189697,54098,54118,20
13.0639095306,80.2117385864,54138,54168,30
13.0507001877,80.2121810913,54370,54390,20
13.0498104095,80.2121429443,54401,54421,20
13.0344295502,80.2121200562,54724,54744,20
13.0296297073,80.2089691162,54875,54895,20
12.9839801788,80.2179489136,56197,56217,20
12.9823904037,80.2218170166,58347,58367,20
12.9826002121,80.2218322754,58367,58387,20
12.9973897934,80.216217041,58741,58761,20
12.9988698959,80.2149429321,58791,58811,20
13.0072002411,80.2098312378,59023,59044,21
13.0316095352,80.2093734741,59579,59599,20
13.0349397659,80.2120666504,59690,59720,30
13.0482397079,80.2120513916,59891,59912,21
13.049489975,80.2119903564,59942,59972,30
13.0673999786,80.2087402344,60225,60245,20
13.0687799454,80.2051773071,60346,60376,30
13.071849823,80.2023696899,60477,60497,20
13.0832395554,80.1985092163,60780,60810,30
13.0847702026,80.1985015869,60871,60891,20
13.087269783,80.1931533813,61052,61072,20
13.0877199173,80.1890563965,61143,61163,20
13.0877304077,80.1887283325,61173,61194,21
13.0880203247,80.183052063,61294,61315,21
13.0882701874,80.1785812378,63455,63475,20
13.0878095627,80.189743042,63717,63737,20
13.0928897858,80.2004776001,64080,64101,21
13.0888299942,80.2004470825,64202,64222,20
13.0880699158,80.2004623413,64252,64272,20
13.0859498978,80.200378418,64343,64363,20
13.0842895508,80.1987075806,64454,64474,20
13.0700998306,80.2047424316,64747,64777,30
13.0699701309,80.2049179077,64787,64807,20
13.0651597977,80.2112808228,65090,65110,20
13.0510396957,80.2121582031,65342,65372,30
13.0496902466,80.2122421265,65413,65443,30
13.0357599258,80.2124633789,65736,65766,30
13.0342597961,80.2121963501,65817,65847,30
13.0340499878,80.2121429443,65857,65877,20
13.029589653,80.2089920044,66008,66029,21
13.0190696716,80.2063980103,66251,66271,20
13.0143995285,80.2046890259,66372,66392,20
13.0149803162,80.226020813,66988,67008,20
12.996339798,80.2166671753,67492,67513,21
12.9918498993,80.2194213867,67644,67674,30
12.9869604111,80.2183303833,67765,67785,20
12.9829101563,80.222076416,69097,69118,21
12.988820076,80.2221832275,69582,69602,20
12.9974803925,80.2162399292,69875,69895,20
13.004940033,80.2091522217,70147,70168,21
13.0129404068,80.2040176392,70441,70461,20
13.0160198212,80.2050094604,70562,70592,30
13.0186796188,80.2060165405,70673,70693,20
13.0314302444,80.2093887329,71006,71026,20
13.0481700897,80.212097168,71592,71612,20
13.0486497879,80.2120437622,71622,71642,20
13.0545301437,80.2114868164,71812,71832,20
13.062959671,80.2115631104,71963,71983,20
13.0630903244,80.211517334,71983,72003,20
13.0694198608,80.2053833008,72165,72185,20
13.0788202286,80.1987686157,72690,72720,30
13.0807104111,80.1986083984,72811,72831,20
13.0827503204,80.1985015869,72942,72962,20
13.0839004517,80.1984481812,73033,73053,20
13.0841703415,80.1984710693,73063,73084,21
13.08452034,80.1984786987,73094,73114,20
13.0848302841,80.1984481812,73124,73154,30
13.0872297287,80.1929931641,73316,73336,20
13.0876598358,80.1891021729,73397,73417,20
13.0993499756,80.1702575684,75001,75022,21
13.0881700516,80.1788101196,75415,75436,21
13.0928497314,80.2005615234,76011,76041,30
13.0831804276,80.1987228394,76233,76253,20
13.0698299408,80.2051010132,76546,76566,20
13.0650997162,80.2113418579,76909,76930,21
13.0547304153,80.2116394043,77091,77111,20
13.0496397018,80.2121734619,77222,77242,20
13.0450696945,80.2124328613,77313,77333,20
13.034330368,80.2121887207,77555,77576,21
13.0297498703,80.2090682983,77717,77737,20
13.0190896988,80.2063903809,77899,77919,20
12.9972896576,80.216506958,78908,78928,20
12.9965000153,80.1913986206,24522,24542,20
12.9959096909,80.1896972656,24572,24592,20
13.0349798203,80.2110595703,25067,25087,20
13.0687198639,80.2050476074,25824,25844,20
13.0687599182,80.2049407959,25844,25864,20
13.0688495636,80.204826355,25874,25894,20
13.0827703476,80.1984710693,26197,26227,30
13.0880899429,80.1798095703,26631,26651,20
13.0992298126,80.1701126099,26942,26971,29
13.0882797241,80.1794281006,28687,28707,20
13.0880002975,80.1853179932,28778,28798,20
13.0878200531,80.1898727417,28909,28929,20
13.0699596405,80.2049713135,29746,29767,21
13.0350599289,80.2123336792,30635,30655,20
13.0139102936,80.2044677734,31089,31109,20
13.0096797943,80.2111816406,31321,31351,30
13.009469986,80.2110137939,31361,31390,29
13.0112600327,80.2234115601,31805,31835,30
12.9975004196,80.2165222168,32168,32189,21
12.9908599854,80.2193984985,32310,32330,20
12.9757604599,80.2203216553,32572,32601,29
12.9757995605,80.2209625244,32633,32663,30
12.9829301834,80.2219772339,33097,33117,20
12.9976396561,80.2160263062,33521,33551,30
13.0036802292,80.2118988037,33692,33713,21
13.0188999176,80.2060623169,34187,34207,20
13.0216999054,80.2063064575,34217,34247,30
13.0442495346,80.2122192383,34893,34913,20
13.0485801697,80.212020874,35075,35095,20
13.0688695908,80.2052536011,35448,35468,20
13.0833902359,80.1984481812,35882,35902,20
13.084690094,80.1985092163,35973,35993,20
13.0853099823,80.1984176636,36013,36034,21
13.0872402191,80.1928329468,36165,36195,30
13.0877504349,80.1887283325,36266,36296,30
13.0881004333,80.1797485352,36447,36467,20
13.0995502472,80.1700515747,36952,36972,20
13.0886201859,80.1717910767,37850,37870,20
13.0882797241,80.1784667969,37971,38001,30
13.0857601166,80.2003707886,38738,38768,30
13.0833997726,80.1986236572,38869,38899,30
13.0496101379,80.2121582031,39787,39808,21
13.0381698608,80.2124023438,40100,40120,20
13.0338802338,80.2121124268,40262,40282,20
13.0303096771,80.2091903687,40393,40413,20
13.0098695755,80.2113189697,40978,41008,30
12.9859600067,80.2180175781,41905,41925,20
12.9760103226,80.2201766968,42026,42046,20
13.0074501038,80.2098312378,43428,43448,20
13.0211896896,80.2062835693,43802,43822,20
13.0350503922,80.2112197876,44054,44084,30
13.0635900497,80.2114868164,44538,44568,30
13.0687999725,80.2048187256,44720,44750,30
13.0720300674,80.202293396,44821,44851,30
13.0840396881,80.1984481812,45073,45103,30
13.0847902298,80.1984405518,45134,45164,30
13.0873403549,80.1929702759,45295,45315,20
13.0996904373,80.1698989868,46052,46072,20
13.0835399628,80.1987075806,48746,48766,20
13.0639896393,80.211730957,49341,49362,21
13.0495100021,80.2121582031,49594,49614,20
13.0448303223,80.2124404907,49695,49725,30
13.034239769,80.2121582031,49886,49907,21
13.0296497345,80.2089691162,50018,50038,20
13.0094804764,80.2110366821,50482,50512,30
13.0105600357,80.225112915,50835,50855,20
12.9839897156,80.2179794312,51339,51360,21
12.9757699966,80.2209472656,51572,51602,30
12.9964199066,80.1914367676,52722,52742,20
12.996509552,80.1912994385,55174,55204,30
13.0036001205,80.2007675171,55436,55466,30
13.0367698669,80.2121963501,56001,56021,20
13.0687103271,80.2049102783,56627,56657,30
13.0996999741,80.1697235107,57767,57787,20
13.0679597855,80.2052536011,59251,59281,30
13.0375404358,80.2124481201,59856,59876,20
13.00963974,80.2112121582,60472,60492,20
13.0094404221,80.2110366821,60502,60522,20
12.982919693,80.2219009399,62732,62762,30
12.9864902496,80.2229766846,62843,62863,20
13.0073795319,80.209777832,63408,63428,20
13.0298404694,80.2088928223,63913,63933,20
13.031539917,80.2092819214,63963,63983,20
13.0483903885,80.2119979858,64377,64407,30
13.0635204315,80.211517334,64700,64720,20
13.0674104691,80.2087173462,64781,64800,19
13.0833101273,80.1984786987,65356,65386,30
13.0872497559,80.193107605,65638,65659,21
13.0877199173,80.188949585,65719,65739,20
13.0877199173,80.1884002686,65749,65770,21
13.0881204605,80.1800384521,65881,65911,30
13.0879297256,80.1878509521,67354,67374,20
13.0871696472,80.2004776001,67980,68000,20
13.0863800049,80.2004699707,68030,68060,30
13.0843000412,80.1987609863,68171,68192,21
13.0679597855,80.2052078247,68636,68666,30
13.0339698792,80.2122116089,69604,69625,21
13.0139102936,80.2045516968,70018,70048,30
13.0102701187,80.2258300781,70876,70896,20
12.9976797104,80.2166137695,71270,71290,20
12.9974298477,80.2165908813,71290,71320,30
12.9960803986,80.2167129517,71381,71401,20
12.9754800797,80.2206726074,71815,71845,30
12.9759397507,80.2212524414,72824,72854,30
12.9827699661,80.2219161987,73036,73066,30
12.9868097305,80.2229919434,73217,73246,29
12.9912700653,80.2197189331,73369,73399,30
12.9974098206,80.2162094116,73550,73570,20
13.0438899994,80.2122879028,74620,74650,30
13.0484800339,80.2120285034,74711,74731,20
13.0825099945,80.1984405518,75619,75639,20
13.0835103989,80.1984405518,75720,75740,20
13.0837602615,80.1984405518,75750,75769,19
13.0850801468,80.1984176636,75821,75841,20
13.0870304108,80.1981201172,75922,75942,20
13.0680398941,80.2053222656,79787,79807,20
13.069729805,80.2048721313,79908,79938,30
13.0495996475,80.2121810913,80251,80271,20
13.0377597809,80.2124404907,80423,80453,30
13.034239769,80.2121734619,80544,80574,30
12.9975996017,80.2165374756,81765,81785,20
12.9840497971,80.2179794312,82038,82058,20
12.9970703125,80.2568130493,16103,16123,20
12.9973096848,80.2568588257,39892,39922,30
13.0837898254,80.1987228394,306,326,20
13.067990303,80.2052688599,578,599,21
13.0697698593,80.2049331665,639,659,20
12.9974403381,80.1915893555,48235,48255,20
12.9961004257,80.1906890869,54467,54497,30
12.9733600616,80.1532592773,55011,55041,30
12.9504995346,80.1397018433,55435,55465,30
12.9087295532,80.0985107422,56524,56554,30
12.880979538,80.0809936523,56957,56987,30
12.845410347,80.0614395142,57542,57562,20
12.8198404312,80.0368118286,57996,58016,20
12.7609996796,80.003616333,58914,58934,20
12.7485399246,79.9968109131,59074,59093,19
12.743229866,79.9926300049,59134,59155,21
12.7242898941,79.9820785522,59427,59457,30
12.6968202591,79.9768981934,59921,59941,20
12.6968898773,79.9766998291,61837,61857,20
12.7612199783,80.0035171509,62935,62956,21
12.8201599121,80.0367279053,63672,63692,20
12.8434801102,80.0591506958,64035,64055,20
12.8788700104,80.0799407959,64661,64681,20
12.8803300858,80.0805206299,64731,64751,20
12.9038095474,80.0942306519,65024,65044,20
12.906129837,80.095993042,65125,65145,20
12.90625,80.0960464478,65155,65185,30
12.9237098694,80.1147537231,65548,65568,20
12.9059696198,80.0961380005,68634,68654,20
12.8814001083,80.0810775757,69098,69128,30
12.8618803024,80.0734863281,69784,69804,20
12.8451795578,80.0612182617,69996,70026,30
12.8198204041,80.0367965698,70429,70449,20
12.7993803024,80.0232162476,70742,70772,30
12.7870798111,80.0153579712,70964,70984,20
12.7578697205,80.0027008057,71335,71364,29
12.7578697205,80.0027008057,71364,71394,30
12.752120018,79.9994735718,71426,71446,20
12.7432003021,79.9926223755,71537,71557,20
12.7428503036,79.9922485352,71577,71597,20
12.727230072,79.9826278687,71807,71837,30
12.6998996735,79.9687423706,72200,72220,20
12.6965799332,79.9770126343,72422,72442,20
12.6904201508,79.98021698,72715,72745,30
12.6914596558,79.9805679321,74580,74599,19
12.7572498322,80.002281189,75972,75991,19
12.7736101151,80.0087966919,76181,76201,20
12.8200597763,80.0366821289,76756,76776,20
12.8451900482,80.0609893799,77119,77139,20
12.905960083,80.0959014893,77906,77936,30
12.9271001816,80.1182403564,78370,78390,20
12.9511404037,80.1398391724,78995,79015,20
12.9526996613,80.1412506104,79066,79086,20
12.9685897827,80.1496429443,79297,79318,21
12.9959602356,80.1895370483,80044,80064,20
12.9963903427,80.19140625,80104,80125,21
12.9972896576,80.2559280396,18376,18406,30
12.9966697693,80.2588272095,19552,19582,30
13.0001602173,80.2662506104,19767,19797,30
12.9965896606,80.267791748,20766,20794,28
12.9956703186,80.2673568726,20794,20823,29
12.9961299896,80.2633972168,20857,20887,30
12.9962501526,80.2620010376,20887,20916,29
12.9971399307,80.2558517456,20979,21009,30
12.9979000092,80.2559127808,21009,21039,30
12.9989595413,80.2560424805,21039,21069,30
13.0029096603,80.2567672729,21100,21129,29
13.0051403046,80.2571792603,21129,21159,30
13.0066604614,80.2516937256,21221,21251,30
13.0066299438,80.247428894,21282,21311,29
13.0066099167,80.2444992065,21342,21372,30
13.0065803528,80.2432098389,21372,21402,30
13.0072603226,80.2377471924,21433,21463,30
13.007519722,80.2364196777,21463,21493,30
13.0087203979,80.2303619385,21526,21555,29
13.00963974,80.2271270752,21555,21584,29
13.0110998154,80.2239990234,21618,21640,22
13.01541996,80.224899292,21720,21740,20
13.0303602219,80.2282791138,22125,22155,30
13.0281295776,80.2255935669,22230,22260,30
13.0287904739,80.2240219116,22260,22289,29
13.0314102173,80.2226104736,22353,22383,30
13.0321598053,80.2205886841,22414,22434,20
13.0488595963,80.207069397,23728,23748,20
13.0494804382,80.2121963501,25174,25194,20
13.0397901535,80.1931915283,25750,25770,20
13.0386695862,80.1928710938,25790,25810,20
13.0297803879,80.2308425903,26967,26987,20
13.0140104294,80.2264175415,27647,27667,20
13.0067195892,80.2438201904,27990,28010,20
12.9961099625,80.2640609741,28658,28673,15
12.9987697601,80.2559967041,30792,30812,20
13.0067300797,80.2494125366,31227,31247,20
13.0065803528,80.2464904785,31398,31428,30
13.0065402985,80.2417678833,31541,31561,20
13.0074195862,80.2367095947,31642,31672,30
13.0191402435,80.2242965698,32059,32079,20
13.0259399414,80.2307434082,32262,32292,30
13.028550148,80.2308807373,32343,32363,20
13.0303602219,80.2282180786,32474,32494,20
13.0322198868,80.2197189331,32797,32817,20
13.030500412,80.2166366577,32908,32928,20
13.0301399231,80.2093200684,33119,33139,20
13.0316896439,80.2093582153,33182,33202,20
13.0352697372,80.2086410522,33273,33293,20
13.0355501175,80.2053985596,33354,33374,20
13.0363101959,80.201461792,33444,33465,21
13.0388803482,80.1928329468,33707,33727,20
13.0471096039,80.211807251,34246,34267,21
13.0392103195,80.1968917847,35533,35553,20
13.0387001038,80.1928405762,35644,35664,20
13.0372695923,80.1959228516,35725,35745,20
13.0368700027,80.1985702515,35784,35806,22
13.0364103317,80.2016830444,35857,35877,20
13.0354404449,80.2083435059,36009,36039,30
13.0326700211,80.2118911743,36140,36160,20
13.0307703018,80.2093429565,36240,36260,20
13.030090332,80.2095336914,36281,36301,20
13.0322504044,80.2203063965,36606,36626,20
13.0241003036,80.2284011841,37585,37606,21
13.0082597733,80.2333984375,37960,37990,30
13.0074100494,80.2375793457,38172,38202,30
13.0067100525,80.243850708,38375,38393,18
13.0066995621,80.2440414429,38403,38423,20
12.9977397919,80.2560501099,39042,39062,20
13.0000696182,80.2665634155,39729,39749,20
13.0064897537,80.2532424927,41124,41144,20
13.0066099167,80.2465209961,41315,41335,20
13.0156602859,80.2250823975,41822,41842,20
13.02546978,80.2299194336,42074,42094,20
13.0288095474,80.2240524292,42510,42530,20
13.0321903229,80.2197799683,42671,42691,20
13.0354995728,80.2056274414,43226,43246,20
13.0363502502,80.2015304565,43470,43490,20
13.0368099213,80.198387146,43532,43552,20
13.0388202667,80.1928482056,43693,43713,20
13.0417098999,80.1938934326,43784,43804,20
13.041009903,80.1993331909,43905,43925,20
13.0443096161,80.2119979858,44240,44260,20
13.0488796234,80.2067718506,44512,44532,20
13.0492200851,80.2072677612,44998,45028,30
13.049539566,80.2121963501,45140,45156,16
13.0450801849,80.2124023438,45218,45238,20
13.038769722,80.1928482056,45756,45777,21
13.0363502502,80.2017288208,45958,45978,20
13.0357704163,80.2058792114,46048,46071,23
13.0354003906,80.2085189819,46111,46131,20
13.032500267,80.2119064331,46222,46252,30
13.0321702957,80.2202987671,46666,46687,21
13.0290002823,80.2241973877,46818,46838,20
13.0303297043,80.2280578613,46979,47001,22
13.0306797028,80.2304229736,47049,47069,20
13.0200500488,80.2248764038,47455,47475,20
13.0068397522,80.2511367798,48063,48083,20
12.9968299866,80.2570419312,48570,48590,20
12.9961795807,80.2676696777,48815,48845,30
12.9988603592,80.2559814453,50969,50999,30
13.0008201599,80.2564086914,51080,51100,20
13.0065002441,80.2532501221,51302,51322,20
13.0066204071,80.2481002808,51495,51525,30
13.0074100494,80.2367401123,51747,51766,19
13.0194501877,80.224319458,52111,52131,20
13.0285596848,80.2308807373,52342,52363,21
13.0303401947,80.2282333374,52465,52485,20
13.0296096802,80.2273635864,52516,52546,30
13.0303602219,80.2144927979,52980,53001,21
13.0301303864,80.2091903687,53152,53172,20
13.0359897614,80.2039489746,53406,53426,20
13.0489196777,80.2068099976,54418,54448,30
13.049079895,80.2072601318,55104,55124,20
13.0440702438,80.2087631226,55399,55419,20
13.0397396088,80.1931381226,55743,55763,20
13.0303401947,80.2283325195,56990,57010,20
13.0144701004,80.2262191772,57679,57700,21
13.0068302155,80.2407608032,57942,57962,20
13.0068798065,80.2493667603,58083,58104,21
12.9997196198,80.2563323975,58600,58620,20
12.9962701797,80.2624206543,58791,58812,21
12.9957199097,80.2677307129,59834,59864,30
12.995639801,80.2673492432,59874,59894,20
12.999130249,80.2560882568,60278,60308,30
12.999130249,80.2560882568,60308,60329,21
13.0058898926,80.2573928833,60453,60472,19
12.9486703873,80.1434020996,37347,37367,20
13.0121297836,80.2204284668,47177,47197,20
13.0195798874,80.2244110107,47348,47368,20
13.0543899536,80.2537307739,48751,48771,20
13.054599762,80.2540588379,48781,48802,21
13.2417898178,80.120262146,16320,16350,30
13.2369203568,80.1188430786,16451,16471,20
13.2286300659,80.128036499,16724,16744,20
13.248550415,80.138458252,17248,17278,30
13.2477703094,80.1572189331,17682,17702,20
13.2407398224,80.1604995728,17783,17803,20
13.2327699661,80.1634292603,17874,17904,30
13.2298898697,80.1645965576,17904,17932,28
13.2089796066,80.17237854,18238,18268,30
13.2074604034,80.1731185913,18268,18298,30
13.2015600204,80.1771316528,18404,18434,30
13.1989898682,80.1791229248,18465,18495,30
13.1975002289,80.1803207397,18495,18525,30
13.1936502457,80.1837463379,18603,18631,28
13.1878004074,80.1892776489,18766,18796,30
13.1841402054,80.1921005249,18827,18857,30
13.1817302704,80.193107605,18857,18887,30
13.1783504486,80.1950073242,18887,18917,30
13.1709699631,80.1991271973,18948,18978,30
13.1699495316,80.1997375488,18978,19008,30
13.1678695679,80.2008972168,19008,19038,30
13.1589298248,80.2036590576,19126,19156,30
13.1570997238,80.204460144,19187,19217,30
13.1531200409,80.2086105347,19249,19279,30
13.1442098618,80.2208633423,19413,19443,30
13.1436901093,80.2212982178,19443,19473,30
13.1421899796,80.2233810425,19473,19503,30
13.1388196945,80.2279586792,19583,19613,30
13.137840271,80.2293014526,19613,19643,30
13.135219574,80.2329101563,19674,19704,30
13.1316404343,80.2378082275,19783,19800,17
13.1297903061,80.2401275635,19813,19843,30
13.1289997101,80.2413330078,19843,19873,30
13.1286497116,80.242149353,19934,19964,30
13.127989769,80.2430725098,19964,19994,30
13.1240901947,80.2477416992,20066,20096,30
13.1217298508,80.2522201538,20127,20157,30
13.1208400726,80.2542266846,20157,20187,30
13.118929863,80.2594070435,20327,20357,30
13.1204795837,80.2593307495,20388,20417,29
13.1203899384,80.2586975098,22382,22412,30
13.1203804016,80.2545394897,23099,23119,20
13.1289997101,80.2412719727,23441,23462,21
13.1582698822,80.2037124634,24127,24148,21
13.1707201004,80.1991500854,24309,24329,20
13.1929197311,80.1843185425,24813,24843,30
13.2041397095,80.1750869751,25074,25096,22
13.2480201721,80.1570587158,25903,25923,20
13.2494001389,80.1563568115,25963,25993,30
13.2496204376,80.1554794312,26145,26165,20
13.2496404648,80.1463928223,26367,26387,20
13.2485599518,80.1384506226,26514,26544,30
13.2485599518,80.1384506226,26544,26573,29
13.2343902588,80.1315612793,27027,27057,30
13.231760025,80.1291427612,27118,27138,20
13.2420597076,80.120262146,28006,28026,20
13.2410097122,80.1201705933,30053,30083,30
13.2320604324,80.1230392456,30356,30376,20
13.2286100388,80.1279907227,30526,30552,26
13.2367401123,80.136390686,30805,30824,19
13.2416496277,80.1368026733,30957,30977,20
13.2509002686,80.1419067383,31249,31279,30
13.2498998642,80.1444625854,31338,31357,19
13.2496700287,80.148109436,31448,31478,30
13.2496700287,80.1561203003,31680,31700,20
13.1970596313,80.1808776855,33038,33057,19
13.1968402863,80.1812515259,33069,33099,30
13.1939096451,80.1835327148,33210,33230,20
13.1931495667,80.1841964722,33290,33311,21
13.1919498444,80.1853485107,33351,33371,20
13.1712799072,80.198928833,33855,33885,30
13.158659935,80.2037277222,34168,34188,20
13.1389799118,80.2278366089,34531,34551,20
13.1300001144,80.2413787842,35126,35156,30
13.1295604706,80.2419204712,35217,35247,30
13.1239204407,80.2484207153,35580,35610,30
13.0758600235,80.2751083374,6213,6243,30
13.0758895874,80.2751235962,6405,6435,30
13.0785303116,80.2752075195,21076,21106,30
13.0808696747,80.2752075195,21106,21135,29
13.0819702148,80.2770385742,21228,21256,28
13.082110405,80.2783584595,21318,21348,30
13.0823001862,80.2802963257,21379,21399,20
13.0644102097,80.2835998535,22106,22136,30
13.063369751,80.2833480835,22136,22166,30
13.053899765,80.2813491821,22247,22277,30
13.0428104401,80.2796783447,22380,22409,29
13.0394496918,80.2789764404,22441,22461,20
12.9564504623,80.2436828613,23723,23744,21
12.9311504364,80.2385177612,24208,24228,20
12.928440094,80.238861084,24299,24319,20
12.9663896561,80.247718811,25672,25693,21
12.9786396027,80.2523803711,25814,25834,20
12.9986600876,80.2559967041,26238,26268,30
12.9993095398,80.2561035156,26287,26309,22
13.0064897537,80.2574768066,26410,26430,20
13.0326595306,80.2774887085,27066,27096,30
13.0809001923,80.2883224487,27743,27763,20
13.0888299942,80.2901992798,27854,27874,20
13.0888004303,80.2892837524,30651,30671,20
13.0624704361,80.2831192017,30964,30984,20
13.05671978,80.2819213867,31055,31075,20
13.0434598923,80.279838562,31247,31277,30
13.0390501022,80.2788467407,31327,31347,20
13.0339899063,80.2774200439,31448,31469,21
13.0259399414,80.2752380371,31640,31661,21
13.0242795944,80.2742919922,31691,31721,30
13.0209102631,80.2699279785,31782,31802,20
13.0160799026,80.2596817017,31984,32004,20
12.9997997284,80.2563171387,32367,32388,21
12.998459816,80.2560272217,32418,32438,20
12.9897298813,80.2559967041,32660,32680,20
12.9860801697,80.2555007935,32842,32862,20
12.9785900116,80.2525482178,33064,33084,20
12.9649095535,80.2473220825,33216,33246,30
12.9641704559,80.2470016479,33266,33286,20
12.9593200684,80.2447967529,33347,33367,20
12.9472198486,80.2400665283,33811,33830,19
12.9396095276,80.2357177734,33922,33942,20
12.9340696335,80.2350311279,34165,34185,20
12.9311704636,80.2385101318,34357,34387,30
12.9286403656,80.2388916016,34458,34478,20
12.9313001633,80.23853302,35144,35164,20
12.9398603439,80.2356719971,35609,35629,20
12.9474802017,80.2400283813,35720,35740,20
12.9561004639,80.2432098389,35982,36012,30
12.9563302994,80.2432937622,36023,36053,30
12.9589996338,80.2444534302,36093,36112,19
12.9668903351,80.2479629517,36235,36255,20
12.9787302017,80.2524032593,36386,36416,30
12.9815502167,80.2525405884,36467,36487,20
12.9816999435,80.2525405884,36487,36507,20
12.9888296127,80.2558898926,36931,36952,21
12.9906101227,80.2559890747,36982,37012,30
12.9991703033,80.2560424805,37184,37214,30
13.0006904602,80.256401062,37265,37295,30
13.0084495544,80.2589263916,37466,37487,21
13.0161800385,80.2594528198,37598,37618,20
13.0215196609,80.2704620361,37891,37911,20
13.0254602432,80.2749099731,38002,38022,20
13.0326900482,80.2774581909,38204,38224,20
13.0389099121,80.2786712646,38355,38375,20
13.0458202362,80.2800369263,38466,38486,20
13.0563297272,80.2817077637,38628,38658,30
13.0573797226,80.2819290161,38678,38708,30
13.0631399155,80.2830963135,38788,38809,21
13.0678701401,80.2841491699,38888,38908,20
13.0879898071,80.2837295532,39677,39707,30
13.0888700485,80.2900009155,41161,41181,20
13.0310297012,80.2773590088,41969,41989,20
13.024140358,80.2742004395,42110,42140,30
13.0072498322,80.2587814331,42554,42574,20
12.9986200333,80.2561035156,42786,42807,21
12.9567699432,80.243850708,43584,43604,20
12.9254598618,80.238243103,44422,44452,30
12.9281396866,80.2387466431,44513,44543,30
12.9311504364,80.2385025024,44634,44664,30
12.9357204437,80.2339019775,44887,44917,30
12.9947500229,80.2558822632,46452,46482,30
12.9957199097,80.2558364868,46634,46654,20
12.9992704391,80.2560501099,46776,46796,20
13.0165996552,80.259803772,47058,47079,21
13.0254497528,80.2749328613,47391,47412,21
13.0320196152,80.2775192261,47715,47745,30
13.0324001312,80.2774505615,47755,47775,20
13.0342502594,80.2774734497,47927,47957,30
13.0353002548,80.2776565552,47987,48007,20
13.0457601547,80.2800598145,48250,48270,20
13.05189991,80.2809677124,48340,48359,19
13.056520462,80.281791687,48379,48409,30
13.0631799698,80.2831878662,48479,48500,21
13.0852203369,80.2841033936,48995,49025,30
13.0864200592,80.283706665,56784,56804,20
13.0885295868,80.28175354,58359,58379,20
13.0888004303,80.2893371582,58723,58743,20
13.0888299942,80.2899703979,58763,58783,20
13.0681295395,80.2844085693,59131,59160,29
13.0625495911,80.2831497192,59211,59232,21
13.0567398071,80.2819290161,59312,59333,21
13.0434799194,80.279800415,59504,59524,20
13.0309200287,80.2773208618,59817,59847,30
13.025970459,80.2752685547,59949,59971,22
13.020939827,80.2699890137,60072,60102,30
12.9984302521,80.2561035156,60657,60677,20
12.9652004242,80.2474365234,61364,61384,20
12.9635601044,80.2468185425,61435,61455,20
12.9515104294,80.2416229248,61768,61788,20
12.9409103394,80.2361602783,61990,62020,30
12.9259901047,80.2382736206,62616,62646,30
12.9281702042,80.2388000488,64676,64696,20
12.939620018,80.2356262207,65060,65090,30
12.9418201447,80.2363128662,65130,65149,19
12.956199646,80.2433395386,65502,65532,30
12.9664497375,80.2478179932,65734,65764,30
12.9880104065,80.2520065308,66290,66310,20
12.9885702133,80.2559509277,66471,66492,21
12.9941396713,80.2560272217,66603,66623,20
12.995059967,80.2559280396,66653,66673,20
13.0084400177,80.2590408325,67087,67107,20
13.0165596008,80.2598419189,67208,67229,21
13.0213699341,80.2704315186,67471,67491,20
13.0253896713,80.2749862671,67643,67663,20
13.0521297455,80.2810974121,68208,68226,18
13.0564498901,80.2818527222,68267,68287,20
13.0632600784,80.2832870483,68368,68398,30
13.0881500244,80.2835998535,70609,70630,21
13.0887002945,80.2893981934,70993,71013,20
13.0624399185,80.2831878662,71437,71458,21
13.0308198929,80.2773208618,71983,72013,30
13.0259304047,80.2753219604,72104,72124,20
13.0033597946,80.256942749,72649,72669,20
12.9986801147,80.2561416626,72841,72861,20
12.9985103607,80.2560882568,72861,72881,20
12.9860401154,80.2555465698,73316,73336,20
12.9799404144,80.2527999878,73487,73507,20
12.9784898758,80.2525787354,73528,73548,20
12.9649496078,80.2473678589,73699,73719,20
12.9564504623,80.2437820435,73921,73942,21
12.9563398361,80.2437286377,73952,73972,20
12.9515600204,80.2416915894,74033,74053,20
12.9286003113,80.2389373779,74648,74669,21
12.9259004593,80.2382736206,74729,74749,20
12.988240242,80.2559204102,76537,76557,20
12.99903965,80.2560424805,76769,76789,20
13.0062904358,80.2573471069,76910,76931,21
13.0064401627,80.2574081421,76941,76961,20
13.0252199173,80.2748794556,77375,77395,20
13.0328702927,80.2774581909,77526,77547,21
13.0637702942,80.2833709717,78011,78041,30
13.088809967,80.2902297974,78324,78344,20
12.9871301651,80.2591171265,24061,24091,30
12.9874095917,80.2583312988,24122,24142,20
12.9876403809,80.2563476563,24172,24192,20
13.034529686,80.2451400757,25413,25443,30
13.0346899033,80.2451324463,25443,25463,20
13.0357704163,80.2460327148,25493,25513,20
13.0773096085,80.2609176636,26411,26431,20
13.0985603333,80.2423095703,27127,27157,30
13.0239601135,80.2282791138,30532,30552,20
13.0082597733,80.2336196899,30865,30885,20
13.0067195892,80.2432785034,31117,31147,30
13.0066995621,80.2438812256,31157,31178,21
13.0067396164,80.2464904785,31238,31268,30
12.9870195389,80.2590866089,32600,32620,20
13.0203199387,80.2249832153,34385,34405,20
13.0221004486,80.226272583,34496,34526,30
13.0223302841,80.2264404297,34526,34546,20
13.0356197357,80.2462310791,35131,35151,20
13.0505199432,80.25,35605,35635,30
13.0512695313,80.2501220703,35665,35686,21
13.0515403748,80.250213623,35696,35716,20
13.0568504333,80.2568664551,36069,36089,20
13.0755195618,80.2581710815,36734,36754,20
13.079079628,80.2545471191,36885,36906,21
13.079460144,80.2545623779,36916,36936,20
13.0939397812,80.2410888672,37480,37499,19
13.0969200134,80.2419433594,37561,37591,30
13.0983800888,80.2422866821,37631,37652,21
13.0855903625,80.2528762817,38569,38599,30
13.0736398697,80.2616119385,39335,39356,21
13.0565004349,80.2573471069,39930,39949,19
13.035200119,80.2460479736,40475,40495,20
13.0261802673,80.2321624756,40898,40918,20
13.0239601135,80.2282791138,40989,41009,20
13.0082397461,80.2336425781,41332,41352,20
13.0067501068,80.2427215576,41614,41634,20
13.0067396164,80.2461166382,41725,41745,20
13.0066699982,80.2569732666,41886,41906,20
12.9984502792,80.256072998,42148,42168,20
12.9872303009,80.2596130371,42854,42874,20
12.9867601395,80.2590637207,43298,43318,20
12.9885101318,80.255897522,43419,43439,20
13.0065603256,80.2528991699,44074,44094,20
13.0193004608,80.2243118286,44780,44800,20
13.0241699219,80.2282867432,44901,44921,20
13.0388803482,80.2468338013,45405,45435,30
13.066450119,80.2682189941,46242,46262,20
13.0702199936,80.2658996582,46403,46423,20
13.0771598816,80.2640686035,46625,46645,20
13.0789299011,80.2546386719,46917,46947,30
13.0984201431,80.2422866821,47673,47694,21
13.098739624,80.2415084839,48930,48950,20
13.0859098434,80.2450714111,49394,49414,20
13.0839099884,80.2545928955,49656,49676,20
13.0815601349,80.2548370361,49726,49746,20
13.077630043,80.2618179321,50049,50079,30
13.0656604767,80.2677383423,50543,50563,20
13.0588302612,80.2655105591,50755,50775,20
13.0246095657,80.2290496826,51854,51874,20
13.0082197189,80.2336807251,52196,52216,20
13.0069799423,80.2399368286,52287,52317,30
12.9984798431,80.2560806274,52852,52882,30
12.9977903366,80.2559585571,52892,52922,30
12.9962701797,80.2559127808,52963,52993,30
12.9987697601,80.2559967041,53981,54001,20
13.0257997513,80.23072052,55130,55160,30
13.0349998474,80.2457962036,55483,55503,20
13.0663995743,80.2682113647,56239,56259,20
13.0670499802,80.2685699463,56269,56290,21
13.0985298157,80.2423171997,57560,57580,20
13.0935697556,80.2411193848,58673,58693,20
13.0739202499,80.2619628906,59581,59611,30
13.0734796524,80.2614822388,59621,59641,20
13.0716495514,80.2646026611,59722,59742,20
13.0565004349,80.2574386597,60246,60266,20
13.0351800919,80.2461090088,60901,60922,21
13.0239400864,80.2282562256,61436,61456,20
13.0067100525,80.2437286377,61920,61940,20
13.006819725,80.249382019,62041,62071,30
13.0066404343,80.255241394,62202,62222,20
12.9994001389,80.2562179565,62485,62505,20
12.9983797073,80.2560882568,62515,62535,20
12.9978103638,80.2559967041,62555,62585,30
12.9890003204,80.2559967041,62777,62797,20
12.9888296127,80.2559814453,62797,62817,20
12.9872903824,80.2594070435,63019,63039,20
13.0066003799,80.2410964966,65096,65117,21
13.0255203247,80.2302093506,65742,65762,20
13.0568199158,80.256942749,66629,66649,20
13.0604095459,80.2609786987,66760,66780,20
13.0669298172,80.2685699463,67032,67053,21
13.0702695847,80.2659988403,67184,67204,20
13.0747299194,80.2588119507,67365,67385,20
13.0755195618,80.2582015991,67406,67436,30
13.081319809,80.2511062622,67819,67839,20
13.0856704712,80.2463531494,68111,68132,21
13.0953798294,80.2415390015,68474,68495,21
13.0981197357,80.2423782349,68565,68585,20
13.0672903061,80.2706375122,70819,70838,19
13.0564098358,80.257270813,71201,71221,20
13.0353002548,80.2461395264,71816,71846,30
13.0324201584,80.2428436279,71907,71927,20
13.0266895294,80.2335968018,72119,72139,20
13.026049614,80.2320175171,72209,72228,19
13.0149497986,80.22605896,72593,72613,20
13.0144395828,80.2262573242,72623,72643,20
13.0024900436,80.2567596436,73167,73187,20
13.0002298355,80.2564086914,73268,73288,20
12.9975500107,80.2559890747,73389,73409,20
12.9896297455,80.2560195923,73571,73601,30
12.987279892,80.2591781616,73791,73813,22
12.987159729,80.2596282959,73843,73863,20
12.9874601364,80.2570571899,74073,74103,30
12.9875097275,80.256401062,74174,74203,29
12.9881095886,80.2558288574,74235,74254,19
13.0060195923,80.2573776245,74647,74668,21
13.0154800415,80.2250137329,75424,75444,20
13.0192899704,80.2243118286,75494,75515,21
13.0567398071,80.2568206787,76301,76321,20
13.0773696899,80.2609786987,77007,77027,20
13.0755300522,80.2586517334,77078,77108,30
13.0789499283,80.2547836304,77229,77249,20
13.0846796036,80.2501525879,77471,77491,20
13.0964097977,80.241859436,78349,78377,28
13.0777702332,80.2621688843,78994,79014,20
13.0396795273,80.2471313477,79901,79921,20
12.9957103729,80.2558670044,81172,81192,20
12.9954996109,80.2559127808,81192,81212,20
12.9915399551,80.2197189331,17836,17866,30
12.9840097427,80.2226333618,17971,18001,30
12.9820899963,80.2216720581,18001,18031,30
12.9759502411,80.221282959,18071,18101,30
12.9754199982,80.2208328247,18101,18131,30
12.9742002487,80.2202911377,18131,18161,30
12.9650802612,80.2167434692,18263,18293,30
12.9572000504,80.2135314941,18358,18388,30
12.948559761,80.2101287842,18466,18495,29
12.9451799393,80.2088088989,18495,18525,30
12.9410600662,80.2060623169,18557,18587,30
12.9397802353,80.205619812,18587,18617,30
12.9319200516,80.2033462524,18690,18720,30
12.9295501709,80.202796936,18720,18750,30
12.9196996689,80.1964874268,18913,18943,30
12.9177103043,80.1948623657,18943,18973,30
12.9170198441,80.1937026978,18973,19003,30
12.9157104492,80.1922531128,19034,19064,30
12.9062099457,80.1888198853,19138,19168,30
12.9053001404,80.1882324219,19168,19198,30
12.9039897919,80.1862411499,19198,19228,30
12.9001998901,80.1834869385,19259,19289,30
12.8958702087,80.1812210083,19320,19349,29
12.8875703812,80.1732177734,19494,19524,30
12.8678998947,80.1759796143,19725,19755,30
12.8654603958,80.1757202148,19755,19785,30
12.8645496368,80.1753616333,19785,19815,30
12.8593797684,80.1727905273,19846,19876,30
12.8573799133,80.1723480225,19876,19906,30
12.8563699722,80.17212677,19906,19936,30
12.855340004,80.171836853,19936,19961,25
12.8390903473,80.169960022,20081,20111,30
12.8374795914,80.1692504883,20111,20141,30
12.8365697861,80.1687316895,20141,20171,30
12.8278398514,80.1652526855,20989,21019,30
12.8277702332,80.1651992798,21019,21048,29
12.8278598785,80.1651687622,21383,21413,30
12.8278598785,80.1651687622,21413,21433,20
12.8100204468,80.1595306396,21716,21746,30
12.8116102219,80.1594314575,22662,22692,30
12.8275003433,80.1651306152,22924,22944,20
12.8384895325,80.1696929932,23176,23197,21
12.875869751,80.1708374023,23691,23709,18
12.8915996552,80.1766433716,24015,24035,20
12.8915996552,80.1766433716,24035,24055,20
12.9296102524,80.2030792236,25024,25044,20
12.9706001282,80.2187194824,25861,25891,30
12.9755001068,80.2209625244,25972,25992,20
12.975279808,80.2207183838,25992,26022,30
12.9763097763,80.2211685181,26073,26103,30
12.9783496857,80.2211914063,26154,26174,20
12.9873304367,80.2229766846,26345,26375,30
13.0217695236,80.226020813,26991,27021,30
13.0294704437,80.2308502197,27193,27213,20
13.0344600677,80.2303924561,27294,27324,30
13.0342102051,80.23021698,28514,28534,20
13.0228996277,80.2273483276,28938,28958,20
13.014289856,80.2262802124,29099,29119,20
12.99077034,80.2203292847,29644,29664,20
12.9802103043,80.2211608887,29927,29947,20
12.9708995819,80.219078064,30149,30179,30
12.9705400467,80.2189712524,30199,30229,30
12.9628801346,80.2157592773,30431,30451,20
12.9220399857,80.1973190308,31409,31430,21
12.9213104248,80.1970367432,31450,31470,20
12.9166297913,80.1923065186,31682,31702,20
12.8972797394,80.1819381714,32146,32176,30
12.8972797394,80.1819381714,32176,32196,20
12.8914899826,80.176612854,32297,32317,20
12.8914899826,80.176612854,32317,32337,20
12.8276100159,80.1651229858,33356,33377,21
12.8276100159,80.1651077271,33377,33397,20
12.8116598129,80.1594085693,33649,33669,20
12.8100099564,80.1595687866,33709,33730,21
12.811630249,80.1594467163,34607,34627,20
12.8268404007,80.1648406982,34880,34900,20
12.8359498978,80.167678833,35082,35101,19
12.8564100266,80.17212677,35394,35424,30
12.8798599243,80.1701507568,35814,35834,20
12.9041595459,80.1857681274,36328,36348,20
12.9295196533,80.2027206421,37156,37175,19
12.9976501465,80.2164306641,38679,38699,20
13.0022497177,80.2192611694,38770,38800,30
13.0112695694,80.2230224609,38941,38961,20
13.0156497955,80.2250213623,39112,39131,19
13.017539978,80.2248687744,39203,39223,20
13.0216703415,80.2259063721,39445,39465,20
13.0218801498,80.2260284424,39475,39496,21
13.0227403641,80.2267837524,39556,39576,20
13.0240602493,80.2279510498,39647,39667,20
13.0254602432,80.2299194336,39718,39747,29
13.0285596848,80.2308502197,39839,39859,20
13.0302200317,80.2304382324,39980,40000,20
13.0347204208,80.2303619385,40111,40131,20
13.0334196091,80.2304916382,40696,40726,30
13.0277500153,80.2322235107,40878,40898,20
13.0229597092,80.2274475098,41130,41150,20
13.0132598877,80.2264633179,41584,41604,20
12.9907798767,80.220161438,42058,42078,20
12.9714002609,80.2193374634,42562,42592,30
12.9443902969,80.2083435059,42964,42984,20
12.9408102036,80.2059173584,43044,43073,29
12.9335899353,80.2038726807,43145,43165,20
12.9317903519,80.2033309937,43186,43206,20
12.928730011,80.2032470703,43226,43246,20
12.9165000916,80.1920928955,43579,43599,20
12.9165000916,80.1920928955,43599,43619,20
12.9144802094,80.1922607422,43640,43670,30
12.9096403122,80.1914520264,43690,43710,20
12.8913002014,80.1759872437,44124,44154,30
12.8565101624,80.1721572876,44715,44735,20
12.8276195526,80.1651611328,45230,45250,20
12.8171396255,80.1601867676,45402,45422,20
12.8494701385,80.1706619263,47227,47247,20
12.8806295395,80.1705322266,47666,47696,30
12.8824996948,80.1709518433,47727,47757,30
12.8946504593,80.1803665161,47969,47989,20
12.9164600372,80.192237854,48322,48342,20
12.9170503616,80.1931304932,48473,48503,30
12.9262104034,80.1974334717,48685,48705,20
12.9295597076,80.2028274536,48796,48816,20
12.9403095245,80.2057037354,48978,49008,30
12.9452800751,80.2086410522,49099,49129,30
12.9759397507,80.2211914063,49583,49613,30
13.0345096588,80.2299118042,51166,51187,21
13.0342502594,80.2298278809,51590,51620,30
13.0342102051,80.2303237915,51620,51640,20
13.023059845,80.2273712158,51984,52004,20
12.990650177,80.2202835083,52700,52720,20
12.9757404327,80.2211074829,53043,53062,19
12.9710798264,80.2187271118,53174,53194,20
12.9443101883,80.2082214355,53507,53527,20
12.9408798218,80.205871582,53588,53608,20
12.9335098267,80.2039108276,53709,53729,20
12.8961696625,80.1814117432,54445,54465,20
12.8573799133,80.1723632813,55147,55167,20
12.8564100266,80.1721420288,55167,55187,20
12.8564100266,80.1721420288,55187,55208,21
12.8268499374,80.1647491455,57507,57527,20
12.8278303146,80.1651687622,57578,57608,30
12.8290195465,80.1652984619,57648,57669,21
12.8357496262,80.1678619385,57780,57810,30
12.8384895325,80.1698303223,57901,57921,20
12.9170799255,80.1918716431,59370,59390,20
13.0341796875,80.2304916382,63760,63790,30
13.0266895294,80.2329864502,64123,64153,30
13.0143404007,80.2262496948,64506,64526,20
12.9893302917,80.2218933105,65152,65172,20
12.9868001938,80.2226715088,65233,65263,30
12.9834604263,80.2223129272,65323,65343,20
12.9832496643,80.2221603394,65353,65374,21
12.9757604599,80.2211837769,65555,65575,20
12.9485797882,80.2101516724,66120,66140,20
12.9443397522,80.2083969116,66221,66251,30
12.9410800934,80.2060699463,66352,66372,20
12.9295396805,80.2027664185,66645,66665,20
12.9172496796,80.1945571899,67008,67028,20
12.9169902802,80.1927108765,67129,67159,30
12.9167299271,80.1922988892,67179,67200,21
12.9166698456,80.1924133301,67250,67280,30
12.9094400406,80.1913604736,67401,67421,20
12.905380249,80.1884002686,67744,67774,30
12.9039802551,80.185218811,67783,67802,19
12.893289566,80.1800613403,67983,68003,20
12.8798599243,80.1703491211,68326,68346,20
12.8778495789,80.1702270508,68385,68407,22
12.8753204346,80.1711883545,68437,68457,20
12.8347797394,80.1675796509,69093,69113,20
12.8347797394,80.1675796509,69113,69133,20
12.8115701675,80.1595077515,69547,69567,20
12.8099498749,80.1596603394,69597,69618,21
12.8099498749,80.1597290039,69618,69648,30
12.8563299179,80.172203064,70878,70898,20
12.8665704727,80.1757736206,71069,71089,20
12.8809204102,80.170753479,71247,71267,20
12.8897304535,80.1743392944,71418,71438,20
12.8975496292,80.1821365356,71640,71660,20
12.9170999527,80.1922225952,72004,72034,30
12.9174604416,80.1904602051,72104,72125,21
12.9369897842,80.2048568726,72679,72698,19
12.9753103256,80.2208709717,73487,73507,20
12.9761695862,80.2211074829,73567,73587,20
12.9861898422,80.2229309082,73961,73981,20
13.0010900497,80.2185974121,74374,74404,30
13.0244102478,80.2284164429,74838,74858,20
13.0175800323,80.225189209,74990,75010,20
13.0146503448,80.2257537842,75393,75413,20
13.0146598816,80.2255401611,75454,75474,20
13.014289856,80.2257080078,75484,75504,20
12.9979400635,80.256980896,19783,19800,17
12.9978504181,80.2563705444,19890,19920,30
12.9970397949,80.2559509277,19982,20012,30
12.9958496094,80.255897522,20012,20039,27
12.9882698059,80.2558670044,20103,20133,30
12.9866504669,80.2591171265,20272,20301,29
12.9873800278,80.2589035034,20332,20362,30
12.9875297546,80.2566986084,20393,20423,30
12.9876899719,80.2557830811,20423,20453,30
12.9901800156,80.2560119629,20484,20514,30
12.9916200638,80.2560195923,20514,20544,30
12.9988203049,80.2560195923,20649,20679,30
13.0023899078,80.2566604614,20710,20740,30
13.0044498444,80.2570495605,20740,20769,29
13.006529808,80.2527236938,20831,20860,29
13.006649971,80.247543335,20891,20921,30
13.0065898895,80.242477417,20952,20982,30
13.0074195862,80.2367706299,21013,21043,30
13.0085802078,80.2313613892,21074,21103,29
13.0112304688,80.2237472534,21134,21163,29
13.0154399872,80.224899292,21225,21254,29
13.0214395523,80.2257766724,21347,21377,30
13.0238103867,80.2278594971,21377,21406,29
13.0601196289,80.2605819702,22063,22093,30
13.0659999847,80.2678375244,22208,22238,30
13.0671195984,80.268699646,22238,22268,30
13.0728597641,80.2621078491,22378,22408,30
13.0728597641,80.2621078491,22408,22438,30
13.09375,80.2411117554,25327,25347,20
13.0652704239,80.267616272,26498,26518,20
13.0584001541,80.2653579712,26639,26659,20
13.0482902527,80.2496185303,26940,26960,20
13.0241003036,80.2283782959,27505,27526,21
13.0198698044,80.2247009277,27617,27647,30
13.0069198608,80.2401504517,27950,27970,20
13.006939888,80.2401733398,27970,28000,30
12.9866800308,80.2594680786,28919,28949,30
12.986579895,80.2594985962,29314,29344,30
12.9865999222,80.259437561,29980,30000,20
12.9871397018,80.259147644,30081,30101,20
12.9887599945,80.2558822632,30313,30333,20
12.9988203049,80.256072998,30475,30505,30
13.0066299438,80.2465820313,31063,31084,21
13.0066995621,80.2405471802,31185,31205,20
13.0074300766,80.2367706299,31265,31286,21
13.0157403946,80.2252120972,31609,31639,30
13.0194101334,80.2243499756,31750,31780,30
13.024140358,80.2282104492,31901,31922,21
13.0295600891,80.2371673584,32175,32195,20
13.0350399017,80.2459335327,32367,32387,20
13.0353298187,80.2461013794,32397,32417,20
13.0356998444,80.2462005615,32427,32448,21
13.0408401489,80.2471923828,32609,32629,20
13.0469503403,80.2484207153,32750,32771,21
13.056810379,80.2568283081,33004,33032,28
13.072930336,80.2619400024,33579,33600,21
13.0795297623,80.2545623779,33811,33832,21
13.088350296,80.2419815063,34298,34318,20
13.0986700058,80.2422866821,34621,34641,20
13.0958003998,80.241607666,35258,35278,20
13.0936899185,80.2410583496,35349,35369,20
13.0879497528,80.2427978516,35470,35490,20
13.085729599,80.2452011108,35571,35600,29
13.0858802795,80.2493972778,35682,35701,19
13.0840196609,80.2545166016,35874,35894,20
13.0737104416,80.2616271973,36511,36531,20
13.057009697,80.2594070435,37086,37116,30
13.0565500259,80.2573165894,37165,37186,21
13.0468902588,80.2485580444,37412,37432,20
13.0240001678,80.228302002,38089,38109,20
13.0080604553,80.2342224121,38535,38565,30
13.0066003799,80.2548904419,39112,39132,20
12.9983100891,80.2560195923,39475,39495,20
12.9977397919,80.2559814453,39505,39525,20
12.9879102707,80.2557525635,40808,40828,20
13.0040998459,80.257019043,41294,41314,20
13.0112495422,80.2236480713,41954,41975,21
13.0306997299,80.2390289307,42570,42599,29
13.0618095398,80.2626724243,43573,43593,20
13.0631103516,80.2641983032,43623,43643,20
13.0789299011,80.2548828125,44430,44450,20
13.0943603516,80.2412109375,44987,45006,19
13.0985097885,80.2417907715,45118,45138,20
13.0937004089,80.2411117554,45320,45341,21
13.0858898163,80.249961853,45585,45615,30
13.0839796066,80.2545471191,45766,45787,21
13.0715303421,80.2647171021,46425,46445,20
13.0652799606,80.2676086426,46719,46740,21
13.0564804077,80.2573471069,47033,47053,20
13.0563402176,80.2570037842,47053,47083,30
13.047129631,80.2486190796,47297,47317,20
13.0378799438,80.2466430664,47519,47539,20
13.0350198746,80.2459106445,47600,47630,30
13.0291700363,80.2367935181,47892,47913,21
13.0239200592,80.2281494141,48074,48093,19
13.0198001862,80.2247161865,48176,48196,20
13.0082597733,80.2333374023,48398,48418,20
13.0067901611,80.2406234741,48590,48610,20
12.9982404709,80.2559967041,49085,49105,20
12.9886198044,80.2559280396,49237,49257,20
12.987159729,80.2591323853,51500,51530,30
13.0065603256,80.2533111572,52188,52207,19
13.0152797699,80.2248687744,52914,52935,21
13.0356798172,80.2460632324,53492,53512,20
13.0389795303,80.2468109131,53583,53613,30
13.0469703674,80.2484283447,53764,53785,21
13.0670604706,80.2687072754,54452,54472,20
13.077249527,80.2608566284,54896,54916,20
13.0797901154,80.2546234131,55249,55271,22
13.0942602158,80.2411499023,55800,55818,18
13.0972299576,80.2420501709,55870,55899,29
13.0983495712,80.2423019409,55929,55949,20
13.0791597366,80.2546768188,57244,57274,30
13.079079628,80.2564086914,57325,57345,20
13.0681800842,80.2705307007,57991,58011,20
13.0468702316,80.2486572266,58790,58810,20
13.0239801407,80.2282867432,59723,59742,19
13.008190155,80.233543396,60076,60096,20
13.0069198608,80.2401504517,60268,60298,30
12.9996700287,80.2562484741,60854,60875,21
12.9986400604,80.2560577393,60915,60935,20
12.9872703552,80.2593688965,61359,61389,30
13.0001296997,80.2563171387,63010,63040,30
13.0065603256,80.2466201782,63697,63727,30
13.0155296326,80.2250823975,64364,64394,30
13.0194501877,80.2244033813,64464,64484,20
13.0566596985,80.2568511963,65688,65708,20
13.0670204163,80.268661499,66072,66092,20
13.0730800629,80.2608413696,66344,66365,21
13.0741596222,80.259262085,66435,66455,20
13.0754899979,80.2581863403,66516,66536,20
13.0846395493,80.25025177,67152,67172,20
13.0933904648,80.2411422729,67586,67606,20
13.094039917,80.2412414551,67658,67688,30
13.0943002701,80.2412872314,67688,67708,20
13.0975399017,80.2422332764,67799,67818,19
13.0984697342,80.242401123,67850,67880,30
13.0856800079,80.2468109131,68556,68577,21
13.0839595795,80.2546081543,68829,68849,20
13.0792503357,80.2546463013,68960,68980,20
13.0736503601,80.2617034912,69465,69485,20
13.0652399063,80.2677230835,69899,69919,20
13.0488004684,80.2498703003,70525,70545,20
13.0414896011,80.247543335,70929,70959,30
13.0402002335,80.2472915649,70990,71010,20
13.0351200104,80.2460632324,71151,71171,20
13.0268802643,80.2338790894,71596,71626,30
13.0067501068,80.251121521,72706,72736,30
13.0019598007,80.256652832,73039,73060,21
12.9985399246,80.256072998,73140,73160,20
12.9870996475,80.2596206665,73766,73786,20
12.9875001907,80.2570495605,74463,74493,30
12.9881496429,80.2558288574,74564,74584,20
13.0065603256,80.24659729,75361,75381,20
13.01541996,80.2249526978,75938,75968,30
13.0311899185,80.2399215698,76443,76463,20
13.061829567,80.2627868652,77230,77251,21
13.0662698746,80.268157959,77402,77432,30
13.0704097748,80.2658081055,77604,77624,20
13.0785503387,80.2566223145,78361,78391,30
13.0884504318,80.2418365479,78968,78988,20
13.0838899612,80.2545318604,79966,79995,29
13.0838899612,80.2545318604,79995,80016,21
13.071439743,80.2646408081,80581,80602,21
13.0583600998,80.2653274536,80994,81016,22
13.0565299988,80.257270813,81127,81147,20
13.0239496231,80.228187561,81894,81914,20
13.0143003464,80.2262573242,82106,82126,20
12.9874000549,80.2585601807,82985,83015,30
12.987279892,80.2585525513,83025,83055,30
12.9976797104,80.2570571899,83429,83449,20
13.0067796707,80.2497634888,28134,28164,30
13.0703296661,80.2847824097,42810,42840,30
13.083439827,80.2891769409,43024,43054,30
13.0850801468,80.2891387939,43054,43074,20
13.0885801315,80.2904281616,43177,43207,30
13.0852003098,80.2865829468,43300,43330,30
13.0043697357,80.2201690674,49210,49231,21
12.9941997528,80.2176971436,67393,67413,20
13.0003595352,80.2178726196,67560,67590,30
13.0146503448,80.2250366211,67805,67835,30
13.0070695877,80.2393722534,68289,68309,20
13.0066699982,80.2445220947,68547,68577,30
13.0066099167,80.2564468384,68782,68811,29
13.0235500336,80.2733306885,69378,69398,20
13.0389699936,80.2788391113,69891,69921,30
13.0614500046,80.2829208374,70282,70312,30
13.0751600266,80.2867126465,70522,70552,30
13.0852098465,80.2886886597,70887,70917,30
13.0858602524,80.2836227417,71022,71052,30
13.0879802704,80.2840499878,71267,71288,21
13.0887203217,80.2895736694,71749,71779,30
13.0627403259,80.283241272,72249,72279,30
13.0545196533,80.281539917,72384,72414,30
13.0527896881,80.2812423706,72414,72435,21
13.0259504318,80.2753067017,72882,72912,30
13.0235204697,80.2734375,72989,73019,30
13.0179195404,80.2609176636,73214,73244,30
13.0165395737,80.260017395,73244,73264,20
13.0066795349,80.2497024536,73504,73534,30
13.0082302094,80.2325592041,73893,73912,19
12.9984998703,80.2168197632,74227,74257,30
12.995639801,80.2168121338,74343,74373,30
12.9838199615,80.2226104736,74701,74721,20
12.978269577,80.2212524414,74824,74854,30
12.9872903824,80.2592163086,3286,3316,30
12.9870996475,80.2595596313,16964,16994,30
12.9867095947,80.2595367432,17004,17034,30
12.9874000549,80.2586593628,17176,17196,20
12.9871397018,80.2584609985,18175,18195,20
12.9868602753,80.2586975098,24337,24367,30
12.9872598648,80.2585830688,24388,24408,20
12.9618396759,80.2459411621,24852,24868,16
12.9424200058,80.2365570068,25103,25119,16
12.925740242,80.2382583618,25636,25656,20
12.9281597137,80.2387771606,25707,25727,20
12.9284200668,80.238861084,25737,25753,16
12.9487800598,80.2406234741,26271,26301,30
12.997420311,80.2558898926,27140,27163,23
12.9989500046,80.2560882568,27163,27186,23
13.0007696152,80.2564086914,27226,27256,30
13.0336503983,80.2764129639,27961,27981,20
13.0389299393,80.2786865234,30040,30060,20
13.0631504059,80.2831802368,30373,30393,20
13.0888395309,80.2901611328,32938,32958,20
13.087439537,80.2898330688,32998,33014,16
13.0643701553,80.2836074829,33309,33329,20
13.0456695557,80.2801437378,33662,33691,29
13.0389795303,80.2788314819,33802,33822,20
13.032959938,80.2774734497,33943,33959,16
13.0310001373,80.2772216797,33982,34003,21
13.0260295868,80.2751998901,34125,34148,23
13.0242996216,80.2742233276,34170,34189,19
13.0210695267,80.270072937,34282,34302,20
13.0028600693,80.2567596436,34767,34783,16
12.9987602234,80.2560882568,34865,34885,20
12.9920597076,80.2561416626,35098,35118,20
12.9863195419,80.2555618286,35441,35471,30
12.966799736,80.2480010986,35905,35925,20
12.9657096863,80.2474975586,36006,36026,20
12.9646701813,80.2471618652,36339,36369,30
12.9565095901,80.2437591553,36521,36551,30
12.9499998093,80.2411193848,36662,36692,30
12.9391202927,80.2354202271,36914,36930,16
12.9312400818,80.2385406494,37165,37185,20
12.9285001755,80.2388687134,37266,37286,20
12.9256095886,80.2381286621,37326,37346,20
12.9281101227,80.2387695313,37609,37629,20
12.931139946,80.2384719849,37710,37730,20
12.9397802353,80.2356185913,38033,38063,30
12.9472198486,80.2399291992,38164,38194,30
12.9475002289,80.240020752,38204,38234,30
12.9664297104,80.247718811,38729,38749,20
12.9888000488,80.255897522,39597,39617,20
13.013469696,80.259147644,40293,40309,16
13.0163803101,80.2596435547,40330,40352,22
13.0457201004,80.2800369263,41149,41169,20
13.0631599426,80.2831573486,41422,41442,20
13.0637998581,80.2832870483,41452,41472,20
13.0808601379,80.2882614136,41714,41730,16
13.088470459,80.2868881226,43089,43105,16
13.0888500214,80.2899017334,43198,43218,20
13.0642004013,80.2835388184,43551,43571,20
13.05671978,80.2819213867,43692,43712,20
13.0343103409,80.2775421143,44066,44096,30
13.0088996887,80.2592010498,44833,44849,16
12.9985599518,80.256111145,45164,45184,20
12.9976196289,80.2559509277,45204,45234,30
12.9976196289,80.2559509277,45234,45250,16
12.9861602783,80.255531311,45485,45505,20
12.9565200806,80.2437286377,46090,46110,20
12.9472799301,80.2401199341,46282,46302,20
12.9333696365,80.2361831665,46585,46601,16
12.9257202148,80.2382507324,46837,46857,20
12.9351797104,80.2351226807,47190,47206,16
12.96296978,80.2463607788,47683,47703,20
12.9877796173,80.2549362183,48601,48631,30
12.9887599945,80.2558822632,48692,48712,20
12.9945802689,80.2559127808,48813,48843,30
12.9986801147,80.2559814453,48995,49014,19
12.9989299774,80.256072998,49025,49045,20
13.0253295898,80.274848938,49803,49833,30
13.0321998596,80.2775497437,49995,50015,20
13.0326404572,80.2774810791,50025,50045,20
13.038860321,80.2787017822,50187,50207,20
13.038860321,80.2787017822,50207,50223,16
13.0457601547,80.2800521851,50316,50336,20
13.0638904572,80.2833709717,50630,50650,20
13.0883903503,80.2839736938,51697,51718,21
13.0888004303,80.289352417,51968,51988,20
13.0802497864,80.2882995605,52129,52150,21
13.0312204361,80.2774810791,52897,52918,21
13.0209999084,80.2700119019,53140,53160,20
13.0072402954,80.2588806152,53453,53483,30
12.997300148,80.2560119629,53705,53731,26
12.9872198105,80.2585296631,53945,53965,20
12.9876098633,80.2563705444,54843,54863,20
12.9888000488,80.2558898926,54904,54924,20
12.9963197708,80.2558135986,55045,55075,30
12.9988899231,80.2560501099,55126,55146,20
13.0084600449,80.2589187622,55358,55378,20
13.0163402557,80.2595977783,55459,55479,20
13.0214796066,80.2704925537,55729,55745,16
13.0253000259,80.274810791,55866,55886,20
13.0326099396,80.2774734497,56027,56047,20
13.0385704041,80.2785873413,56148,56168,20
13.0457201004,80.2800827026,56269,56289,20
13.0807695389,80.2882766724,56794,56814,20
13.0885095596,80.2901000977,56905,56935,30
13.0882997513,80.2831268311,58853,58873,20
13.0879096985,80.2901000977,59398,59414,16
13.0456800461,80.2800979614,59901,59921,20
13.0360202789,80.2778091431,60062,60082,20
13.0354404449,80.2777328491,60133,60153,20
13.033490181,80.2769775391,60890,60920,30
13.0318603516,80.2775802612,60970,61000,30
13.0312795639,80.2774581909,61021,61041,20
13.028840065,80.2763977051,61091,61112,21
13.0146198273,80.2592697144,61505,61521,16
12.9785203934,80.2525634766,62309,62329,20
12.9639701843,80.246963501,62531,62561,30
12.9637298584,80.2468795776,62571,62587,16
12.9405498505,80.2360610962,62974,62990,16
12.9351797104,80.2353515625,63063,63093,30
12.9282598495,80.2388305664,63416,63436,20
12.9256000519,80.2381591797,63497,63517,20
12.9256401062,80.238319397,63779,63799,20
12.9282302856,80.2388000488,63870,63890,20
12.9356899261,80.2340011597,64254,64284,30
12.9396400452,80.2356414795,64355,64375,20
12.9586601257,80.2444229126,64900,64920,20
12.9662799835,80.2477416992,65051,65071,20
12.9793395996,80.2525863647,65263,65293,30
12.9816904068,80.2526397705,65344,65364,20
12.9817895889,80.2526321411,65364,65384,20
12.9880104065,80.2519302368,65525,65545,20
12.9877996445,80.2549285889,65586,65616,30
12.9990501404,80.2561264038,66078,66099,21
12.9991998672,80.2561721802,66109,66139,30
13.0163497925,80.2596893311,66533,66563,30
13.0326795578,80.277557373,67199,67219,20
13.0328702927,80.277557373,67219,67239,20
13.0389003754,80.278793335,67370,67391,21
13.0457496643,80.2801437378,67582,67603,21
13.0563802719,80.2818527222,67774,67794,20
13.0625295639,80.2831268311,67936,67956,20
13.0630302429,80.2832336426,67966,67985,19
13.0808200836,80.2883300781,68309,68329,20
13.0853595734,80.283821106,68703,68723,20
13.0885095596,80.281829834,70034,70064,30
13.0883598328,80.2847213745,70145,70165,20
13.0624103546,80.2831878662,70841,70862,21
13.0389995575,80.2789001465,71265,71286,21
13.0335197449,80.2774200439,71386,71407,21
13.0308504105,80.2773284912,71467,71487,20
13.0259599686,80.2753219604,71579,71600,21
13.0207395554,80.2698669434,71781,71801,20
12.9995298386,80.2563323975,72387,72417,30
12.9984798431,80.256111145,72467,72484,17
12.9864902496,80.2556304932,72869,72889,20
12.9860401154,80.2555389404,72910,72930,20
12.9651699066,80.2474212646,73253,73283,30
12.9566698074,80.2438278198,73475,73495,20
12.9516401291,80.2416915894,73626,73646,20
12.9471101761,80.2400665283,73707,73727,20
12.9335699081,80.2360229492,74012,74032,20
12.9258203506,80.2382202148,74375,74395,20
12.9282398224,80.2388381958,74666,74686,20
12.9311199188,80.2385406494,74767,74787,20
12.9351596832,80.2352371216,74979,74995,16
12.9395799637,80.2356262207,75118,75138,20
12.9780502319,80.2520370483,75784,75800,16
12.9856996536,80.2518768311,75894,75914,20
12.9886398315,80.255897522,76192,76222,30
12.9886398315,80.255897522,76222,76239,17
13.0339002609,80.2773666382,77342,77358,16
13.0887899399,80.2901763916,78119,78149,30
13.0888795853,80.2902374268,78149,78179,30
13.0779695511,80.2875976563,79106,79122,16
13.0625495911,80.2831268311,79316,79336,20
13.0567398071,80.2819213867,79407,79427,20
13.0390501022,80.2788467407,79609,79629,20
13.0307798386,80.2772369385,79740,79760,20
13.0269498825,80.2757034302,79821,79837,16
13.0041503906,80.257019043,80374,80390,16
12.9986400604,80.2561187744,80452,80473,21
12.9310998917,80.23853302,81793,81813,20
12.9289398193,80.2389984131,81894,81914,20
12.9354400635,80.2346572876,82419,82435,16
12.9457101822,80.2393417358,82550,82573,23
12.979180336,80.2525177002,82970,82986,16
12.9873895645,80.2586593628,83192,83212,20
13.0318498611,80.2124176025,20866,20886,20
13.0299701691,80.2308273315,22134,22154,20
13.0205698013,80.1846008301,23382,23402,20
13.0197200775,80.1430892944,24249,24266,17
13.0096502304,80.1144866943,24763,24781,18
12.9898300171,80.09400177,25612,25628,16
12.9971504211,80.0963363647,25802,25822,20
13.0036401749,80.0999526978,25983,25999,16
13.0225400925,80.1459884644,26810,26830,20
13.0336503983,80.1612167358,27223,27244,21
13.0249700546,80.1767501831,27486,27516,30
13.0243396759,80.1778717041,27546,27562,16
13.0209302902,80.1840209961,27746,27766,20
13.0168504715,80.1893997192,27857,27877,20
13.0143003464,80.193687439,27949,27969,20
13.008600235,80.197769165,28110,28131,21
13.0085897446,80.2023696899,28191,28219,28
13.0093297958,80.2109603882,28411,28427,16
13.0193595886,80.2242889404,28722,28752,30
13.0243997574,80.2284393311,28873,28893,20
13.0292797089,80.2308425903,29015,29035,20
13.0278997421,80.2268600464,29186,29202,16
13.0243797302,80.2165908813,30547,30568,21
13.0245399475,80.2166213989,30568,30588,20
13.0293397903,80.2200469971,30830,30846,16
13.0290498734,80.224281311,31050,31070,20
13.029800415,80.2308502197,31272,31300,28
13.0224199295,80.2267379761,31522,31542,20
13.01445961,80.2262420654,31694,31724,30
13.0080699921,80.2133026123,32057,32087,30
13.0075101852,80.2098388672,32410,32430,20
13.0073404312,80.1965637207,32713,32733,20
13.0074396133,80.1961593628,32753,32773,20
13.015250206,80.1919174194,33026,33042,16
13.0206203461,80.1843719482,33194,33215,21
13.0238895416,80.1783599854,33427,33443,16
13.0281400681,80.1512985229,34232,34253,21
13.0191602707,80.1425476074,34464,34485,21
13.0111103058,80.1151275635,35029,35046,17
13.0035200119,80.0996704102,35310,35330,20
13.0005598068,80.0977935791,35391,35407,16
12.9981002808,80.0965194702,35469,35490,21
13.0294504166,80.1687164307,37649,37665,16
13.0250301361,80.176612854,37768,37787,19
13.0218296051,80.1823272705,37900,37920,20
13.0086297989,80.1979598999,38364,38384,20
13.0086698532,80.2009124756,38445,38461,16
13.0093402863,80.2108917236,38594,38616,22
13.0153999329,80.224861145,38871,38891,20
13.017829895,80.2247619629,39002,39022,20
13.0220298767,80.2261962891,39224,39243,19
13.0232000351,80.2273025513,39325,39355,30
13.0262699127,80.2312927246,39537,39553,16
13.0284900665,80.2308807373,39565,39585,20
13.0299196243,80.230758667,39646,39666,20
13.0284700394,80.2271499634,39807,39837,30
13.0287103653,80.2240219116,39898,39918,20
13.0296697617,80.2201690674,40180,40201,21
13.0284795761,80.2198791504,40241,40261,20
13.0250597,80.2197570801,40342,40362,20
13.0262203217,80.2196731567,41380,41410,30
13.0276699066,80.2197570801,41461,41477,16
13.0311603546,80.2241973877,41681,41697,16
13.0223903656,80.2267913818,42415,42435,20
13.021780014,80.2262268066,42466,42482,16
13.0079603195,80.2083435059,43261,43277,16
13.0179300308,80.1870422363,43622,43638,16
13.0206003189,80.1845321655,43669,43691,22
13.0230998993,80.1466064453,44568,44585,17
13.019080162,80.1425476074,44657,44677,20
13.0125198364,80.1324386597,44850,44866,16
13.0099401474,80.1199569702,45050,45070,20
12.9983596802,80.0966415405,45554,45584,30
12.9975204468,80.0964508057,45927,45948,21
13.0205497742,80.1440429688,46987,47006,19
13.0336303711,80.1611480713,47421,47441,20
13.0250597,80.1765594482,47693,47713,20
13.0238199234,80.178817749,47754,47774,20
13.0209197998,80.1839294434,47895,47915,20
13.0111703873,80.1956787109,48157,48177,20
13.0107603073,80.1958999634,48198,48214,16
13.008649826,80.1963577271,48241,48256,15
13.0085697174,80.1978607178,48256,48276,20
13.0085897446,80.2012176514,48327,48350,23
13.0154600143,80.2249069214,48823,48843,20
13.01720047,80.2250289917,48884,48907,23
13.028380394,80.2308883667,49161,49191,30
13.0303401947,80.2282714844,49323,49353,30
13.028719902,80.2272033691,49403,49423,20
13.0286798477,80.2239685059,49493,49514,21
13.0311403275,80.2231903076,49575,49595,20
13.0313501358,80.222618103,49615,49645,30
13.0319595337,80.2201004028,49696,49716,20
13.0280303955,80.2198486328,49807,49827,20
13.0250101089,80.2197418213,49918,49938,20
13.0313501358,80.2168579102,50473,50489,16
13.0356998444,80.2053222656,50693,50723,30
13.0344696045,80.2056732178,81716,81737,21
12.8987798691,80.1803436279,514,535,21
12.8989200592,80.1801681519,535,555,20
12.898900032,80.1806793213,1050,1070,20
12.8987598419,80.180480957,1322,1352,30
12.8985204697,80.1802597046,3190,3210,20
12.8986997604,80.1803207397,3241,3261,20
12.8985099792,80.1803436279,5482,5502,20
12.8985204697,80.1803131104,6239,6260,21
12.8983697891,80.1803588867,6684,6714,30
12.8986597061,80.1803436279,7481,7501,20
12.8989496231,80.1803970337,7501,7522,21
12.898850441,80.1804122925,8208,8228,20
12.898639679,80.1802597046,13884,13914,30
12.8986101151,80.1803283691,15974,15994,20
12.8988704681,80.1801223755,26384,26414,30
12.8986501694,80.1802368164,27908,27929,21
12.8986597061,80.1802597046,27929,27959,30
12.8989295959,80.1803436279,28262,28292,30
12.8987102509,80.1802368164,28646,28666,20
12.8988704681,80.1803588867,28676,28706,30
12.8987903595,80.180267334,28959,28979,20
12.8988399506,80.1804199219,29231,29251,20
12.8988199234,80.180519104,29433,29453,20
12.8988704681,80.180480957,29484,29514,30
12.8989095688,80.1804199219,29514,29534,20
12.8986797333,80.1803588867,30929,30950,21
12.8986902237,80.1803665161,34514,34544,30
12.898730278,80.1804428101,39502,39523,21
12.8986902237,80.1802978516,40290,40310,20
12.8987798691,80.180519104,59852,59882,30
12.8988103867,80.1804122925,61235,61255,20
12.8987197876,80.1803207397,66192,66212,20
12.8987598419,80.1801528931,75255,75285,30
12.8985595703,80.1803436279,75770,75800,30
12.8987398148,80.1803131104,81833,81863,30
12.8988599777,80.1802902222,83804,83825,21
12.9946098328,80.2066879272,23116,23146,30
12.9885396957,80.2225418091,23661,23678,17
12.9690999985,80.2182769775,24367,24383,16
12.9452495575,80.2087631226,24648,24664,16
12.9285802841,80.2025527954,24879,24895,16
12.9223804474,80.1415328979,25848,25864,16
12.9272499084,80.1182098389,26403,26423,20
12.9317398071,80.1227493286,26938,26968,30
12.930560112,80.1218338013,27008,27025,17
12.9233198166,80.1208190918,27273,27293,20
12.9227600098,80.1512374878,27779,27809,30
12.9207897186,80.1682815552,28082,28098,16
12.9206895828,80.1854934692,28393,28413,20
12.9171304703,80.1932067871,28555,28585,30
12.9236898422,80.1974563599,28737,28767,30
12.9294300079,80.2027282715,28939,28959,20
12.9444198608,80.208366394,29232,29262,30
12.9338598251,80.2039413452,32292,32312,20
12.9297304153,80.2028198242,32373,32393,20
12.928319931,80.199798584,32464,32480,16
12.9171104431,80.1941070557,32785,32802,17
12.9172496796,80.1915206909,32824,32844,20
12.9197998047,80.1709365845,33218,33238,20
12.9209804535,80.1671218872,33299,33319,20
12.9226999283,80.131362915,34046,34067,21
12.9272003174,80.1183776855,35550,35580,30
12.9233798981,80.1202011108,35712,35732,20
12.9225597382,80.1436233521,36197,36217,20
12.9234304428,80.1546325684,36399,36419,20
12.9233598709,80.1601715088,36490,36506,16
12.9170999527,80.1934585571,37124,37154,30
12.9208402634,80.1967697144,37225,37245,20
12.9264802933,80.1975326538,37356,37377,21
12.9488697052,80.2098999023,37872,37892,20
12.9641799927,80.2161102295,38134,38155,21
12.9411001205,80.2060775757,40034,40054,20
12.9280195236,80.1990737915,40357,40373,16
12.9263296127,80.1976165771,40373,40396,23
12.921090126,80.1969833374,40498,40518,20
12.9171600342,80.1943206787,40599,40619,20
12.9172496796,80.1913223267,40679,40700,21
12.9209699631,80.1671600342,41124,41144,20
12.9233598709,80.1549835205,41346,41367,21
12.9227199554,80.1522598267,41417,41437,20
12.9225597382,80.1474914551,41508,41524,16
12.927479744,80.118812561,43120,43141,21
12.9233398438,80.1202316284,43312,43333,21
12.9232597351,80.1210021973,43363,43383,20
12.922659874,80.1342391968,43616,43636,20
12.9225101471,80.1433410645,43787,43808,21
12.922539711,80.1434936523,43808,43828,20
12.9226303101,80.147277832,43888,43908,20
12.9203500748,80.1838989258,44505,44525,20
12.9206199646,80.185256958,44555,44575,20
12.9171304703,80.1931228638,44737,44767,30
12.9295101166,80.2027206421,45111,45131,20
12.9339799881,80.2039031982,45222,45242,20
12.9489603043,80.2099227905,45505,45524,19
12.9537401199,80.2119598389,45596,45616,20
12.9712600708,80.21900177,45879,45899,20
12.9749202728,80.2204971313,45960,45990,30
12.9710197449,80.2191390991,47829,47849,20
12.9613704681,80.2151870728,48081,48097,16
12.9538297653,80.2121963501,48159,48180,21
12.9338197708,80.2039489746,48514,48534,20
12.9263496399,80.1976165771,48738,48758,20
12.9172401428,80.1913833618,49021,49041,20
12.9199199677,80.1825485229,49193,49213,20
12.9191102982,80.1793136597,49264,49280,16
12.9198503494,80.1707611084,49393,49412,19
12.9209804535,80.167098999,49474,49494,20
12.9221000671,80.1636428833,49544,49565,21
12.9233503342,80.154838562,49716,49736,20
12.9225196838,80.1468200684,49908,49928,20
12.9226799011,80.1312484741,50302,50322,20
12.9228601456,80.1257476807,50413,50433,20
12.9312200546,80.1222381592,51181,51201,20
12.9317798615,80.1228103638,51222,51252,30
12.933139801,80.1212310791,51626,51646,20
12.9324302673,80.1214599609,51787,51813,26
12.9321603775,80.1220397949,51845,51875,30
12.9319095612,80.1226501465,51886,51908,22
12.9274501801,80.1187210083,52111,52131,20
12.9273700714,80.1185836792,52141,52161,20
12.9233398438,80.1206207275,52353,52369,16
12.92304039,80.1253433228,52432,52461,29
12.9234104156,80.1546936035,52927,52947,20
12.9234104156,80.1546936035,52947,52963,16
12.9211597443,80.1968994141,53603,53621,18
12.9333696365,80.2037887573,53886,53902,16
12.9410400391,80.2059402466,54036,54055,19
12.9442501068,80.2083129883,54088,54108,20
12.9757900238,80.2211608887,54724,54745,21
12.9629602432,80.2157897949,55948,55968,20
12.9442596436,80.2084197998,56241,56261,20
12.9409399033,80.2059783936,56322,56342,20
12.9336700439,80.203918457,56453,56483,30
12.9172401428,80.1913909912,56908,56928,20
12.9199104309,80.1826629639,57079,57100,21
12.9221000671,80.1635818481,57423,57443,20
12.9233703613,80.1187210083,58302,58318,16
12.9224300385,80.1400375366,60361,60377,16
12.9226799011,80.147102356,60500,60521,21
12.9226703644,80.1472167969,60521,60551,30
12.9205799103,80.1688613892,60874,60890,16
12.9264202118,80.1975631714,61539,61559,20
12.929599762,80.2027587891,61650,61670,20
12.929599762,80.2027587891,61670,61687,17
12.9638900757,80.2161331177,62174,62190,16
12.9774904251,80.2226715088,64246,64276,30
12.9752902985,80.2208023071,64468,64488,20
12.9336795807,80.2039794922,65277,65297,20
12.9261102676,80.1976089478,65489,65509,20
12.917090416,80.1924667358,65762,65778,16
12.9172401428,80.1914672852,65798,65820,22
12.9199399948,80.1827926636,66012,66033,21
12.9197797775,80.1710128784,66245,66275,30
12.9225196838,80.1459884644,66852,66868,16
12.9228801727,80.1258392334,67325,67355,30
12.9230899811,80.1213378906,67426,67456,30
12.9284296036,80.1195983887,68032,68052,20
12.931429863,80.1225204468,69326,69356,30
12.9229803085,80.1274108887,69957,69977,20
12.922419548,80.1418609619,70301,70317,16
12.9224996567,80.1437530518,70410,70430,20
12.9207801819,80.1681594849,70854,70870,16
12.9293603897,80.2027587891,71752,71768,16
12.9633598328,80.2159118652,72437,72467,30
12.9760103226,80.2212677002,73508,73528,20
12.9777698517,80.221206665,73589,73605,16
12.9828901291,80.2220001221,73730,73750,20
12.9834699631,80.222366333,73781,73801,20
12.9870195389,80.2230529785,73912,73932,20
12.9970703125,80.2164611816,74195,74215,20
12.9973297119,80.216293335,74225,74241,16
13.0010900497,80.208152771,74800,74821,21
12.9977903366,80.2072982788,74932,74948,16
12.9941396713,80.2068862915,75051,75081,30
13.0985298157,80.241027832,1256,1277,21
13.09897995,80.2407073975,19846,19866,20
13.0988397598,80.2418518066,21644,21664,20
13.1002502441,80.2146377563,22270,22300,30
13.0890798569,80.2303619385,22555,22578,23
13.0790300369,80.233581543,22763,22785,22
13.076669693,80.2379837036,22878,22908,30
13.0468502045,80.2368392944,23717,23733,16
13.0084199905,80.2326507568,24604,24620,16
13.0069303513,80.240737915,24712,24733,21
13.0067195892,80.2462310791,24804,24825,21
12.9992904663,80.2562026978,25178,25195,17
13.0003499985,80.2665023804,26953,26974,21
12.9956903458,80.2674026489,27057,27077,20
12.9968595505,80.2563705444,27269,27289,20
12.9988203049,80.2560119629,27329,27349,20
12.9990797043,80.2560577393,27359,27376,17
13.0066604614,80.2483825684,27691,27707,16
13.0220298767,80.2261810303,28204,28224,20
13.0221595764,80.2263183594,28234,28250,16
13.0343904495,80.2303771973,28454,28484,30
13.047949791,80.2399215698,28838,28854,16
13.0540304184,80.2422485352,28947,28967,20
13.0699396133,80.2421188354,29241,29261,20
13.0699396133,80.2421188354,29261,29277,16
13.0764703751,80.2376327515,29441,29461,20
13.0764598846,80.2375335693,29461,29481,20
13.0762395859,80.233757019,29602,29618,16
13.0802898407,80.2335205078,29681,29700,19
13.0826101303,80.2311935425,29762,29781,19
13.0840997696,80.2339706421,29853,29872,19
13.0963497162,80.2193984985,30206,30226,20
13.1003198624,80.2145385742,30368,30398,30
13.0912103653,80.2276535034,31963,31993,30
13.090669632,80.2282104492,32013,32029,16
13.0839195251,80.2339324951,32467,32487,20
13.0835800171,80.2338790894,32497,32513,16
13.0758895874,80.2340774536,32679,32709,30
13.0765304565,80.2372817993,32770,32790,20
13.0693397522,80.243347168,33335,33355,20
13.0665597916,80.243347168,33446,33466,20
13.0678100586,80.2464981079,33587,33608,21
13.0631999969,80.2441711426,33779,33799,20
13.0614900589,80.2431411743,33850,33866,16
13.044719696,80.2325592041,34404,34420,16
13.0241098404,80.2283630371,35199,35229,30
13.007229805,80.2385864258,35914,35934,20
13.0068798065,80.2491912842,36206,36227,21
13.0067796707,80.2579269409,36863,36883,20
13.0154695511,80.2249221802,37880,37900,20
13.0168304443,80.2251968384,37931,37947,16
13.0180997849,80.2246398926,37947,37969,22
13.0204401016,80.2249984741,38152,38182,30
13.0209302902,80.2253494263,38201,38223,22
13.0212202072,80.2256317139,38233,38254,21
13.0219202042,80.2261123657,38294,38314,20
13.0293197632,80.230796814,38627,38648,21
13.0333499908,80.23046875,38708,38738,30
13.034239769,80.2303771973,38759,38789,30
13.0349197388,80.2383880615,39031,39047,16
13.0446100235,80.2404785156,39282,39302,20
13.0539503098,80.2421798706,39544,39574,30
13.0624704361,80.2432937622,39736,39756,20
13.070110321,80.2420501709,39968,39988,20
13.0763998032,80.2373199463,40130,40150,20
13.0889196396,80.2304382324,40614,40635,21
13.0964002609,80.2192230225,40826,40847,21
13.1002998352,80.2145233154,40978,40998,20
13.088809967,80.2308883667,41897,41917,20
13.0765695572,80.2373962402,42331,42347,16
13.0755796432,80.2521896362,42601,42618,17
13.0677995682,80.2464828491,42913,42934,21
13.0605897903,80.2428817749,43469,43485,16
13.0468301773,80.2369766235,44022,44038,16
13.0336198807,80.230430603,44353,44373,20
13.0269603729,80.2329406738,44525,44555,30
13.0262699127,80.232421875,44585,44605,20
13.0240402222,80.2283401489,44706,44727,21
13.0071001053,80.2392501831,45161,45191,30
12.9998197556,80.2563171387,45968,45989,21
12.9958295822,80.2677078247,46837,46867,30
12.9961795807,80.262512207,46968,46988,20
12.9968204498,80.2563400269,47089,47119,30
12.9988002777,80.2559814453,47160,47180,20
13.0065202713,80.2529830933,47422,47438,16
13.0066900253,80.2403869629,47774,47804,30
13.0113401413,80.2232437134,48016,48046,30
13.0243997574,80.2285003662,48329,48349,20
13.024479866,80.2286224365,48359,48375,16
13.02602005,80.2312469482,48396,48418,22
13.0291595459,80.2307815552,48468,48498,30
13.040309906,80.2399215698,48912,48933,21
13.0408000946,80.2405014038,48963,48983,20
13.0541000366,80.2422332764,49306,49326,20
13.0577602386,80.2427368164,49397,49413,16
13.0652303696,80.2435379028,49578,49608,30
13.069729805,80.2421188354,49709,49739,30
13.0768098831,80.2391433716,50033,50063,30
13.0764198303,80.2375030518,50124,50144,20
13.0854196548,80.2343063354,50568,50584,16
13.1002702713,80.2145309448,51071,51101,30
13.100569725,80.2146377563,51111,51132,21
13.1002597809,80.2146530151,51414,51434,20
13.0954303741,80.222366333,51646,51667,21
13.0888299942,80.2309188843,51848,51868,20
13.0794696808,80.2335891724,52141,52157,16
13.0765199661,80.2371902466,52361,52381,20
13.0778198242,80.2517929077,52603,52620,17
13.0662603378,80.243522644,52884,52900,16
13.0511598587,80.2406234741,53468,53498,30
13.0451402664,80.232711792,53771,53791,20
13.0355796814,80.2303924561,53932,53962,30
13.0334596634,80.2304763794,54023,54043,20
13.0296897888,80.2308578491,54114,54144,30
13.0065698624,80.2576217651,55790,55810,20
13.006529808,80.2527008057,55911,55941,30
13.0066204071,80.2519073486,55961,55978,17
13.0073795319,80.2367095947,56272,56293,21
13.0152997971,80.2248306274,56616,56636,20
13.0154695511,80.224937439,56636,56656,20
13.0259895325,80.2311096191,56929,56949,20
13.0409698486,80.2405471802,57628,57645,17
13.0433702469,80.2408676147,57677,57697,20
13.0465202332,80.239692688,57778,57798,20
13.054019928,80.2422180176,58000,58020,20
13.080280304,80.2335205078,58898,58919,21
13.0971899033,80.2168502808,59504,59524,20
13.0986995697,80.2140579224,60706,60726,20
13.0861101151,80.2344665527,61171,61187,16
13.0765199661,80.2372970581,61482,61502,20
13.0771503448,80.2402114868,61573,61593,20
13.0692901611,80.2433319092,61967,61987,20
13.0678596497,80.2465667725,62107,62128,21
13.0623703003,80.2449874878,62300,62318,18
13.0631198883,80.2443389893,62318,62340,22
13.0613603592,80.2431106567,62421,62441,20
13.0508804321,80.2405700684,62785,62805,20
13.0452098846,80.2326583862,63047,63067,20
13.033490181,80.2304992676,63361,63381,20
13.0313596725,80.2306976318,63442,63458,16
13.0246200562,80.2291030884,63763,63793,30
13.0198297501,80.2248535156,63935,63954,19
13.0112600327,80.2275085449,64167,64183,16
13.0066099167,80.254699707,64772,64792,20
13.0000896454,80.2564468384,65085,65101,16
12.9962301254,80.2677688599,65437,65458,21
13.0000801086,80.2666320801,65518,65538,20
12.9988002777,80.2560195923,66437,66457,20
13.0060596466,80.2574462891,66619,66639,20
13.0064897537,80.2532806396,66740,66760,20
13.0064897537,80.253112793,66770,66786,16
13.0065498352,80.2468032837,67007,67028,21
13.0066204071,80.2407302856,67159,67189,30
13.007349968,80.2369232178,67270,67290,20
13.0153799057,80.2249679565,67644,67664,20
13.0163803101,80.2254104614,67694,67710,16
13.0194501877,80.2244110107,67743,67763,20
13.0217895508,80.2261199951,67824,67844,20
13.0250797272,80.2295379639,67956,67986,30
13.0331001282,80.2305374146,68390,68406,16
13.0400295258,80.239982605,68842,68872,30
13.0409603119,80.2406463623,68923,68943,20
13.0409603119,80.2406463623,68943,68959,16
13.0615196228,80.2432937622,69508,69528,20
13.0624303818,80.2434387207,69548,69568,20
13.065779686,80.2435379028,69730,69750,20
13.0693397522,80.2423324585,69841,69857,16
13.0763301849,80.2373809814,70132,70152,20
13.0802602768,80.2335891724,70344,70364,20
13.0817604065,80.2336425781,70414,70431,17
13.0840101242,80.2340087891,70574,70594,20
13.088809967,80.2306289673,70735,70756,21
13.0913801193,80.2273330688,70816,70836,20
13.1001796722,80.2148513794,72977,72997,20
13.0822896957,80.2336578369,73624,73641,17
13.0758304596,80.2340621948,73776,73799,23
13.0766096115,80.2379379272,73851,73872,21
13.0692596436,80.2433624268,74276,74304,28
13.0613603592,80.2431488037,74678,74698,20
13.0528202057,80.2418899536,74879,74900,21
13.0452699661,80.2327270508,75243,75263,20
13.0335302353,80.2305221558,75546,75566,20
13.0282402039,80.231086731,75697,75713,16
13.0235004425,80.2277984619,75948,75968,20
13.0164003372,80.2254714966,76099,76115,16
13.007519722,80.2369918823,76361,76377,16
13.0073003769,80.2381820679,76409,76429,20
13.0066795349,80.244140625,76833,76854,21
12.9965000153,80.259803772,77631,77647,16
12.9968700409,80.2560424805,78881,78901,20
13.0030498505,80.2567825317,79053,79069,16
13.0066003799,80.2488708496,79354,79374,20
13.0150499344,80.224609375,79950,79970,20
13.0533399582,80.2419433594,80980,80997,17
13.0704698563,80.2419204712,81333,81349,16
13.09953022,80.2305679321,83732,83748,16
13.0989198685,80.2414703369,84316,84336,20
12.981300354,80.237953186,18215,18235,20
12.9816703796,80.2332992554,18306,18326,20
12.9829998016,80.2220001221,18914,18934,20
13.022600174,80.2271194458,22863,22879,16
13.0079898834,80.2132415771,23318,23348,30
12.9978704453,80.2094116211,23621,23637,16
12.9757204056,80.2202606201,25133,25150,17
12.9915399551,80.2126617432,25467,25497,30
12.9937000275,80.2101135254,25608,25629,21
13.0079097748,80.2130889893,25985,26007,22
13.0188798904,80.2244033813,26270,26286,16
13.0284700394,80.2308578491,26511,26541,30
13.0347299576,80.2298126221,26733,26749,16
13.023059845,80.2274169922,28035,28056,21
13.0225696564,80.2268981934,28086,28102,16
13.0198297501,80.2247924805,28145,28175,30
12.9972200394,80.2104721069,28963,28983,20
12.9952001572,80.2102432251,29034,29050,16
12.9938898087,80.2101135254,29082,29102,20
12.9841299057,80.2180099487,29436,29456,20
12.9840898514,80.2180023193,29466,29482,16
12.9893398285,80.2146835327,30735,30756,21
12.9929504395,80.2128295898,30907,30923,16
12.995059967,80.2101974487,31036,31057,21
12.9971199036,80.2104187012,31090,31110,20
12.9986000061,80.2074203491,31252,31272,20
13.0040903091,80.2120437622,31434,31454,20
13.0122203827,80.2205734253,31777,31807,30
13.0155296326,80.2249984741,31939,31969,30
13.0293397903,80.230796814,32424,32444,20
13.0342798233,80.229927063,32666,32696,30
13.0341501236,80.23046875,32868,32888,20
13.014380455,80.2262573242,33737,33757,20
13.0082101822,80.2133331299,34111,34141,30
13.0060396194,80.2129898071,34242,34259,17
12.9939203262,80.2101516724,34656,34676,20
12.989279747,80.2146682739,34858,34878,20
12.9872598648,80.2183303833,34969,34989,20
12.9809598923,80.2181167603,36170,36186,16
12.9916000366,80.212638855,36421,36451,30
12.9958696365,80.2102584839,36633,36649,16
12.9985399246,80.2073516846,36844,36864,20
13.004119873,80.212020874,37016,37036,20
13.0054798126,80.2127609253,37066,37083,17
13.015540123,80.2249221802,37428,37448,20
13.0195102692,80.2243423462,37529,37549,20
13.0208301544,80.2252807617,37600,37630,30
13.0218000412,80.2260284424,37711,37727,16
13.0297603607,80.2307662964,38356,38373,17
13.0348396301,80.2302093506,38486,38516,30
13.0298204422,80.2308120728,39000,39021,21
13.0278196335,80.232749939,39102,39122,20
13.0230302811,80.2273864746,39486,39502,16
13.003490448,80.2098236084,40181,40211,30
12.9938001633,80.2101287842,40504,40524,20
12.9770202637,80.2227706909,41232,41252,20
12.9774799347,80.2214431763,41302,41323,21
12.9893798828,80.2146835327,41718,41734,16
12.9930696487,80.2124023438,41849,41872,23
12.9949598312,80.2101821899,41976,41996,20
12.9971399307,80.2104034424,42047,42067,20
12.9984197617,80.2074813843,42148,42168,20
13.0077495575,80.2129135132,42340,42360,20
13.0123701096,80.2210769653,42562,42592,30
13.0154695511,80.2248764038,42704,42724,20
13.0162401199,80.2253112793,42744,42760,16
13.0258598328,80.2306900024,43025,43055,30
13.0259895325,80.2313232422,43126,43142,16
13.0293798447,80.2308120728,43195,43225,30
13.0269603729,80.2329483032,44024,44044,20
13.0230998993,80.2274475098,44155,44176,21
13.0140600204,80.2264099121,44327,44347,20
13.0117397308,80.2222366333,44499,44515,16
13.0079498291,80.2132263184,44709,44729,20
12.9952096939,80.2170028687,44993,45023,30
12.9806699753,80.2289581299,45559,45579,20
12.9873304367,80.2584762573,46872,46902,30
12.9871997833,80.2591094971,50459,50489,30
12.9873895645,80.2584915161,50509,50529,20
12.9812002182,80.2358398438,51075,51091,16
12.9778604507,80.2244033813,51325,51346,21
12.9876203537,80.2177276611,51740,51756,16
13.0196800232,80.2245025635,52596,52617,21
13.0259199142,80.2306976318,52738,52768,30
13.0080699921,80.2132797241,54160,54180,20
13.0038795471,80.212059021,54261,54278,17
12.993639946,80.2102203369,54542,54572,30
12.9918203354,80.2127609253,54633,54649,16
12.98939991,80.2146835327,55673,55693,20
12.9915103912,80.2126235962,55754,55774,20
12.9970703125,80.2104110718,55956,55976,20
13.0052900314,80.2126464844,56249,56265,16
13.0078201294,80.2130584717,56285,56307,22
13.0153799057,80.2247924805,56509,56529,20
13.0219898224,80.2261734009,56661,56677,16
13.0292701721,80.2308120728,56884,56910,26
13.0349798203,80.2300796509,57094,57124,30
13.029800415,80.2308731079,57559,57579,20
13.0270204544,80.2329483032,57670,57700,30
13.02602005,80.2316589355,57741,57761,20
13.0230302811,80.2274398804,57842,57862,20
13.0143604279,80.2263031006,58024,58044,20
13.0082998276,80.213432312,58357,58377,20
13.0082197189,80.2133789063,58377,58398,21
13.0040903091,80.2121582031,58488,58509,21
12.9754495621,80.2208328247,60946,60962,16
12.9874000549,80.2182388306,61146,61166,20
12.9893798828,80.2146835327,61226,61247,21
12.9938001633,80.2101364136,61398,61418,20
12.998169899,80.2088775635,61529,61546,17
13.0040798187,80.2120437622,61730,61760,30
13.0078697205,80.2130813599,61820,61841,21
13.0290498734,80.2308425903,62376,62396,20
13.0335597992,80.2304763794,62609,62629,20
13.0338602066,80.230430603,62629,62651,22
13.0346603394,80.2298126221,62758,62779,21
13.0307798386,80.2307662964,63205,63225,20
13.0297803879,80.2308731079,63245,63265,20
13.0231304169,80.2274475098,63568,63589,21
13.012049675,80.2214508057,63912,63932,20
12.9983797073,80.2075881958,64307,64327,20
12.9981603622,80.2090530396,64357,64378,21
12.9975595474,80.2100219727,64398,64414,16
12.9970598221,80.2104797363,64414,64434,20
12.9836196899,80.217880249,65791,65811,20
12.9937696457,80.2101364136,66125,66145,20
12.9988803864,80.2075424194,66377,66397,20
13.0078401566,80.2131271362,66650,66671,21
13.0122003555,80.2206115723,66802,66824,22
13.0153102875,80.2249221802,66935,66955,20
13.0255498886,80.2300872803,67208,67228,20
13.0267601013,80.231262207,67279,67299,20
13.0272903442,80.2311096191,67329,67349,20
13.0349998474,80.230140686,67802,67821,19
13.0297803879,80.2308807373,68388,68408,20
13.0276899338,80.2318115234,68459,68489,30
13.0232896805,80.2276000977,68873,68902,29
13.0199203491,80.224937439,68973,68993,20
13.0139503479,80.2264785767,69085,69105,20
13.0138902664,80.2264862061,69115,69132,17
13.0082502365,80.213470459,69438,69458,20
13.007900238,80.2132797241,69468,69498,30
13.0072898865,80.2129211426,69519,69539,20
13.0036201477,80.211769104,69631,69651,20
12.9983701706,80.207611084,69782,69803,21
12.9892101288,80.2147674561,70156,70176,20
12.9874200821,80.2182922363,70239,70259,20
12.9771404266,80.2197494507,70441,70457,16
12.9754896164,80.220741272,70863,70884,21
12.9774103165,80.2216110229,71399,71429,30
12.9765796661,80.221282959,71460,71490,30
12.9857797623,80.217956543,71914,71931,17
12.9982995987,80.2074813843,72367,72387,20
12.9986896515,80.2074737549,72407,72428,21
13.0039596558,80.2120513916,72569,72589,20
13.0077800751,80.2130966187,72660,72680,20
13.021900177,80.2261810303,73024,73044,20
13.0244398117,80.2286376953,73115,73131,16
13.0258598328,80.2308120728,73153,73183,30
13.0290298462,80.2308197021,73264,73283,19
13.033829689,80.2304229736,73385,73406,21
13.0297603607,80.2308731079,73813,73833,20
13.0261802673,80.2323684692,73954,73974,20
13.0230398178,80.2275085449,74087,74107,20
13.0229301453,80.2273864746,74107,74127,20
13.0088100433,80.2139663696,74563,74583,20
12.9989595413,80.2075576782,74936,74957,21
12.9983901978,80.2075881958,74977,74997,20
12.9971599579,80.2104568481,75068,75088,20
12.9914503098,80.2127075195,75260,75290,30
12.9764003754,80.2201309204,75624,75654,30
12.9868001938,80.2516326904,76441,76457,16
12.9877996445,80.2542419434,76530,76550,20
12.996720314,80.1912231445,23903,23923,20
12.9965295792,80.1913604736,23933,23963,30
12.9959402084,80.1895370483,24024,24054,30
13.0083703995,80.2099761963,24357,24373,16
13.0083799362,80.213432312,24617,24638,21
13.0044603348,80.2013473511,24971,24991,20
12.9914703369,80.194152832,25233,25249,16
12.9821195602,80.1970977783,25383,25413,30
12.9821195602,80.1970977783,25413,25431,18
12.9559698105,80.1869277954,25949,25969,20
12.9541501999,80.1866531372,26030,26046,16
12.9495897293,80.1854782104,26078,26098,20
12.9395503998,80.1825790405,26290,26311,21
12.9355802536,80.1823806763,26381,26397,16
12.9224500656,80.1428527832,27451,27473,22
12.9227600098,80.1304779053,27619,27642,23
12.9231796265,80.1210021973,27744,27765,21
12.9232301712,80.1207504272,27775,27796,21
12.9234800339,80.1171188354,27866,27896,30
12.923620224,80.1171188354,27937,27967,30
12.9236097336,80.1175765991,27987,28004,17
12.9225702286,80.1435623169,28450,28476,26
12.9228000641,80.1517105103,28571,28591,20
12.9315795898,80.1815872192,29096,29116,20
12.9387302399,80.1823272705,29197,29217,20
12.948559761,80.1850967407,29379,29409,30
12.9555196762,80.1868362427,29510,29530,20
12.9555196762,80.1868362427,29530,29546,16
12.9683904648,80.1895980835,29760,29780,20
12.9683904648,80.1895980835,29780,29796,16
12.9759397507,80.1928634644,29941,29964,23
13.0034399033,80.2007522583,30521,30537,16
13.0124998093,80.2213821411,30924,30940,16
13.02202034,80.2261810303,31167,31187,20
13.0291595459,80.2308502197,31371,31397,26
13.0309295654,80.2306976318,32654,32674,20
13.0276699066,80.2312927246,32735,32751,16
13.0270795822,80.2329177856,32986,33007,21
13.0244197845,80.2287063599,33138,33158,20
13.0243597031,80.2286300659,33168,33185,17
13.0101995468,80.226020813,33463,33479,16
13.0081100464,80.2132568359,33723,33743,20
13.0062503815,80.2128372192,33784,33804,20
13.0037202835,80.2115783691,33865,33881,16
13.0039100647,80.2010574341,34176,34193,17
12.9821596146,80.196937561,34548,34568,20
12.9815597534,80.1957015991,34619,34649,30
12.9576797485,80.1870117188,35174,35190,16
12.9558897018,80.186920166,35202,35221,19
12.9460296631,80.1834869385,35424,35454,30
12.9394903183,80.1825714111,35565,35586,21
12.922659874,80.1620025635,36100,36117,17
12.9226703644,80.1506118774,36250,36269,19
12.9224901199,80.1427230835,37733,37763,30
12.931429863,80.1815032959,38411,38427,16
12.9385595322,80.1822433472,38530,38550,20
12.9561500549,80.1868515015,38924,38944,20
12.9672698975,80.1890411377,39176,39192,16
12.9687995911,80.189781189,39214,39235,21
12.99559021,80.1932830811,39800,39816,16
13.0304403305,80.2306365967,41256,41276,20
13.0338001251,80.2304000854,41793,41813,20
13.0301704407,80.2307662964,41894,41914,20
13.0301704407,80.2307662964,41914,41930,16
13.0277004242,80.2321777344,41993,42013,20
13.0183496475,80.2246704102,42356,42372,16
13.0086402893,80.2136383057,42668,42688,20
13.0085601807,80.2135467529,42699,42719,20
12.9618196487,80.1874237061,44011,44027,16
12.9250202179,80.1827316284,44605,44621,16
12.923500061,80.118522644,45866,45882,16
12.9226303101,80.1500396729,47075,47091,16
12.9414100647,80.1827316284,47822,47838,16
12.9604301453,80.1871414185,48203,48224,21
12.9614601135,80.1872711182,48254,48270,16
12.971039772,80.1907730103,48464,48494,30
12.9760599136,80.1929702759,48605,48622,17
13.0196304321,80.2244110107,49752,49782,30
13.0242900848,80.2284011841,52298,52328,30
13.0230102539,80.2273712158,52368,52389,21
13.0101203918,80.2262878418,52631,52647,16
13.0111598969,80.2236328125,52669,52689,20
13.0084295273,80.2135162354,52861,52880,19
13.0082597733,80.2133865356,52880,52901,21
13.0039701462,80.2011032104,53265,53285,20
12.9820899963,80.1969985962,53679,53699,20
12.9556999207,80.186920166,54234,54254,20
12.9231700897,80.1205596924,55971,55991,20
12.9389200211,80.1823577881,58039,58059,20
12.9559803009,80.186920166,58372,58392,20
12.96833992,80.1896209717,58645,58665,20
12.9795198441,80.1945495605,58917,58933,16
13.003780365,80.2008514404,59401,59421,20
13.0111398697,80.2175674438,59734,59750,16
13.0339698792,80.2305374146,60355,60376,21
13.0348396301,80.2303009033,60406,60436,30
13.0350198746,80.2299880981,60446,60466,20
13.0313997269,80.2306976318,61314,61334,20
13.0230998993,80.227432251,61668,61698,30
13.0084896088,80.2135162354,62152,62182,30
12.9821100235,80.1970291138,63010,63030,20
12.9815196991,80.1956787109,63081,63101,20
12.9721097946,80.1913299561,63313,63333,20
12.9648199081,80.1882019043,63505,63525,20
12.9394598007,80.1826171875,64161,64191,30
12.9369897842,80.1822967529,64252,64268,16
12.9307603836,80.1816101074,64320,64341,21
12.9209699631,80.183883667,64482,64502,20
12.9198198318,80.1709136963,64714,64730,16
12.9224500656,80.1434020996,65137,65167,30
12.9231796265,80.1206817627,65480,65500,20
12.923620224,80.116897583,65581,65611,30
12.9226999283,80.1500167847,66843,66859,16
12.9198799133,80.1711578369,67125,67145,20
12.9212503433,80.1837768555,67357,67373,16
12.9314603806,80.1816101074,67491,67511,20
12.9388198853,80.1823577881,67622,67642,20
12.9559402466,80.1869735718,68016,68046,30
12.9653196335,80.1884231567,68268,68289,21
12.9681596756,80.1895980835,68359,68379,20
12.9699897766,80.1904983521,68430,68446,16
12.9725399017,80.1915817261,68509,68529,20
12.97797966,80.1939468384,68650,68670,20
13.0036401749,80.2008895874,69326,69347,21
13.0123796463,80.2212982178,69791,69807,16
13.0219297409,80.2262191772,70021,70041,20
13.0317001343,80.23072052,70455,70475,20
13.0341596603,80.2303009033,71454,71475,21
13.0339803696,80.2305297852,71485,71505,20
13.0318498611,80.23072052,71545,71561,16
13.0268201828,80.2330169678,71836,71853,17
13.0082597733,80.2134475708,72620,72640,20
13.0043802261,80.2013320923,73145,73165,20
12.9825897217,80.1962738037,73721,73737,16
12.9687700272,80.1898574829,74062,74078,16
12.9403600693,80.182800293,74697,74717,20
12.9223403931,80.1420288086,75838,75858,20
12.923119545,80.1207122803,76161,76191,30
12.9235801697,80.1168365479,76272,76292,20
12.9477996826,80.1847763062,78070,78086,16
12.9535799026,80.1865310669,78168,78190,22
12.9657201767,80.1884613037,78432,78452,20
12.9789495468,80.1941680908,78755,78771,16
12.9963302612,80.1914367676,79722,79743,21
12.9885196686,80.2233810425,22066,22086,20
13.0057096481,80.2423706055,22539,22560,21
12.9883403778,80.2233734131,24490,24510,20
12.9883203506,80.2233581543,26580,26600,20
12.9865198135,80.2353210449,28034,28055,21
12.9901399612,80.2276306152,28236,28256,20
12.9987001419,80.2391662598,28761,28782,21
12.9991798401,80.2393417358,29711,29731,20
12.9883298874,80.2233581543,30165,30185,20
12.9865198135,80.2353515625,31538,31559,21
12.9883098602,80.2300491333,31690,31710,20
12.9900102615,80.2276611328,31771,31791,20
12.9909896851,80.2319869995,32134,32154,20
12.9918603897,80.2337417603,33548,33568,20
12.9902000427,80.2274780273,33730,33750,20
12.9883003235,80.2237319946,33942,33972,30
12.9899196625,80.2277526855,36032,36052,20
12.986579895,80.2384567261,36254,36284,30
12.9917898178,80.2335968018,36628,36648,20
12.998749733,80.2391586304,36819,36840,21
12.9991798401,80.2393188477,37122,37143,21
12.9939203262,80.2345199585,37243,37264,21
12.9918298721,80.2337417603,37314,37334,20
12.9901599884,80.2274780273,37466,37486,20
12.9866504669,80.2332687378,38678,38699,21
12.988240242,80.2300567627,38769,38789,20
12.9900398254,80.2276306152,38840,38860,20
12.9883098602,80.2233505249,38941,38971,30
12.9909801483,80.2320327759,39153,39183,30
12.9917898178,80.2336425781,39213,39234,21
12.9938402176,80.2344818115,40607,40627,20
12.986530304,80.2353668213,42374,42394,20
12.9900798798,80.2276611328,42576,42596,20
12.9902496338,80.2274627686,42788,42808,20
12.9908704758,80.230140686,42838,42859,21
12.9960002899,80.2358779907,43071,43091,20
12.9987297058,80.2391662598,43172,43202,30
12.9961900711,80.2361602783,44202,44222,20
12.9940099716,80.2346191406,44262,44282,20
12.991900444,80.2337722778,44323,44353,30
12.9910097122,80.2317581177,44393,44414,21
12.9902000427,80.2275390625,44494,44515,21
12.9867296219,80.2333221436,45807,45827,20
12.9882602692,80.2300872803,45898,45918,20
12.9900197983,80.2276306152,45969,45989,20
12.9909496307,80.2320404053,46342,46362,20
12.9917697906,80.2336425781,46413,46433,20
12.9938497543,80.2344207764,46473,46494,21
12.9986801147,80.239151001,46595,46625,30
13.0057601929,80.2422866821,46756,46776,20
12.9991798401,80.2393722534,47756,47786,30
12.9938898087,80.2345275879,47917,47937,20
12.9918203354,80.2337417603,47988,48008,20
12.990819931,80.2300262451,48089,48109,20
12.989859581,80.227722168,48351,48372,21
12.9864597321,80.2351837158,48533,48553,20
12.9901895523,80.2275695801,50229,50250,21
12.9910001755,80.2319717407,50351,50371,20
12.9920196533,80.2337112427,50411,50441,30
12.9939098358,80.2344284058,50482,50502,20
12.9909200668,80.2317504883,51552,51572,20
12.9883098602,80.2233581543,51734,51764,30
12.9864997864,80.235206604,52007,52027,20
12.9864797592,80.2353210449,53228,53248,20
12.9882497787,80.2301101685,53360,53390,30
12.9901103973,80.2276229858,53430,53450,20
12.9883203506,80.2233505249,53521,53551,30
12.9901695251,80.2275390625,53622,53642,20
12.9919996262,80.2336425781,53763,53784,21
12.9991703033,80.2393188477,55066,55096,30
12.9909200668,80.2317428589,55318,55339,21
12.9883098602,80.2233963013,57792,57812,20
12.9910001755,80.2320709229,58004,58024,20
12.9988603592,80.2392425537,58226,58247,21
12.9991397858,80.2393417358,59418,59438,20
12.998550415,80.2391815186,59529,59549,20
12.9940595627,80.2346420288,59640,59670,30
12.9917802811,80.2337417603,59721,59751,30
12.9862003326,80.2333679199,60327,60357,30
12.9864997864,80.2352523804,60387,60408,21
12.9883298874,80.2233886719,61639,61660,21
12.9918298721,80.2337036133,61912,61942,30
12.993929863,80.2345123291,61983,62003,20
12.9939603806,80.2345199585,63558,63588,30
12.9907999039,80.2300567627,63811,63841,30
12.9901599884,80.2274780273,63891,63912,21
12.9899301529,80.2277374268,64184,64204,20
12.9865598679,80.2333602905,64315,64336,21
12.9864702225,80.2352600098,64376,64396,20
12.9887399673,80.2413330078,64558,64578,20
12.9885101318,80.2411804199,64588,64618,30
12.986579895,80.2384796143,64679,64709,30
12.9864902496,80.2353820801,64750,64770,20
12.9882698059,80.230140686,64861,64881,20
12.9900398254,80.2277832031,64921,64942,21
12.9902000427,80.2275772095,65133,65154,21
12.9908504486,80.2302703857,65194,65213,19
12.9910001755,80.2321166992,65244,65265,21
12.9917802811,80.2337417603,65305,65325,20
12.9987001419,80.2392425537,65517,65537,20
13.0025196075,80.2401275635,65608,65628,20
12.9939603806,80.2345962524,66931,66951,20
12.9917802811,80.2338409424,66991,67012,21
12.9864797592,80.2352828979,67567,67597,30
12.9864597321,80.2353973389,68738,68759,21
12.9917402267,80.2337799072,69294,69314,20
12.9959697723,80.2360305786,69435,69455,20
12.9961099625,80.2361907959,69455,69476,21
13.0024900436,80.2401428223,69647,69667,20
12.9991598129,80.2394180298,70364,70384,20
12.9939203262,80.2345962524,70496,70516,20
12.9864301682,80.2352828979,71091,71112,21
12.9864397049,80.2353515625,72081,72101,20
12.9882802963,80.2234420776,72354,72374,20
12.9919595718,80.2337265015,72606,72636,30
12.9882802963,80.2233963013,74505,74525,20
12.9864501953,80.2352218628,74766,74787,21
12.9864597321,80.2353363037,75716,75737,21
12.9882898331,80.2300186157,75838,75857,19
12.9959602356,80.2359237671,76575,76595,20
12.9883899689,80.2235870361,77776,77797,21
13.0261602402,80.2663497925,16635,16656,21
13.0161104202,80.2597427368,19927,19947,20
13.0268497467,80.2329788208,23028,23048,20
13.0161399841,80.2597427368,25279,25299,20
13.0065002441,80.2575531006,25471,25491,20
13.006649971,80.2519607544,25572,25602,30
13.0298995972,80.2308273315,28348,28378,30
13.0239696503,80.2283096313,28620,28641,21
13.0142202377,80.2263336182,28792,28812,20
13.0082397461,80.2336578369,28943,28964,21
13.0067396164,80.2454833984,29226,29246,20
13.0068798065,80.2496185303,29297,29317,20
13.0165300369,80.2597503662,29630,29660,30
13.033370018,80.2677764893,30145,30175,30
13.022190094,80.2634887695,31235,31255,20
13.0161104202,80.2596893311,31386,31406,20
13.0072603226,80.2588577271,31568,31588,20
13.0066099167,80.2467727661,32022,32052,30
13.0065402985,80.2417221069,32163,32183,20
13.0074300766,80.2366485596,32264,32284,20
13.0155897141,80.2250595093,32577,32597,20
13.0294303894,80.2308120728,33031,33052,21
13.0240097046,80.2282409668,34273,34303,30
13.0143098831,80.2262802124,34454,34475,21
13.0086603165,80.2314224243,34767,34788,21
13.0082502365,80.2335968018,34919,34939,20
13.008020401,80.2347183228,34969,34989,20
13.0078001022,80.235748291,35010,35030,20
13.006770134,80.2414321899,35272,35292,20
13.0069198608,80.2492218018,35615,35645,30
13.0077295303,80.2586975098,35888,35908,20
13.0129203796,80.2590637207,35999,36019,20
13.0134000778,80.2590866089,36039,36069,30
13.013999939,80.2591094971,36089,36110,21
13.0162000656,80.2595214844,36201,36231,30
13.0230197906,80.2638015747,36443,36473,30
13.0265598297,80.2638626099,36564,36584,20
13.0293703079,80.2655563354,36685,36715,30
13.0297803879,80.2666397095,37200,37220,20
13.0252103806,80.265296936,37321,37341,20
13.0066995621,80.2489776611,38027,38047,20
13.0139598846,80.2233276367,38764,38794,30
13.0162000656,80.2253036499,38885,38905,20
13.0218601227,80.22605896,39117,39137,20
13.022649765,80.2266769409,39208,39228,20
13.0239896774,80.2279434204,39309,39329,20
13.0143003464,80.2262802124,41469,41489,20
13.0082597733,80.2334823608,41590,41610,20
13.0069704056,80.2400665283,41812,41842,30
13.0067501068,80.2426300049,41903,41923,20
13.0067195892,80.2429504395,41933,41953,20
13.0068702698,80.2496185303,42115,42135,20
13.0265302658,80.2640304565,42609,42629,20
13.0332803726,80.2677230835,42862,42892,30
13.0345897675,80.2680892944,42942,42962,20
13.029999733,80.2666702271,43296,43316,20
13.02546978,80.2654571533,43427,43447,20
13.0065803528,80.2532272339,43982,44002,20
13.0155801773,80.2250137329,44648,44668,20
13.0196695328,80.2244873047,44719,44739,20
13.0283098221,80.2309112549,44981,45000,19
13.0342702866,80.2304382324,45233,45253,20
13.0239496231,80.2282333374,46061,46081,20
13.0066099167,80.2567214966,46828,46848,20
13.0076999664,80.2586288452,46888,46909,21
13.0165300369,80.2597198486,47010,47030,20
13.0264501572,80.2641067505,47282,47302,20
13.032910347,80.2676925659,47544,47565,21
13.0333795547,80.2677688599,47575,47595,20
13.0345096588,80.2679977417,47625,47645,20
13.0252199173,80.2653427124,50784,50804,20
13.0065002441,80.2531814575,51390,51410,20
13.0065002441,80.2529525757,51420,51450,30
13.0066900253,80.2487487793,51531,51561,30
13.0066604614,80.2405319214,51723,51743,20
13.0066995621,80.2404022217,51743,51773,30
13.0150299072,80.2245407104,52116,52137,21
13.0155000687,80.2249832153,52147,52167,20
13.0219602585,80.2261962891,52288,52308,20
13.0340595245,80.2304000854,53015,53045,30
13.029540062,80.2308425903,53146,53175,29
13.0240097046,80.2283172607,53368,53398,30
13.0146303177,80.2261810303,53600,53620,20
13.0068798065,80.2406463623,53883,53903,20
13.0076398849,80.2585906982,54266,54286,20
13.0163803101,80.2596435547,54387,54408,21
13.0292196274,80.2659378052,54781,54801,20
13.033659935,80.2678222656,54912,54942,30
13.0297203064,80.2666702271,55750,55770,20
13.0252304077,80.2652893066,55871,55890,19
13.0221796036,80.2634429932,55942,55962,20
13.0065498352,80.252456665,56507,56537,30
13.0065898895,80.2448120117,56729,56759,30
13.007349968,80.237121582,56901,56931,30
13.0197200775,80.2245101929,57314,57335,21
13.0345401764,80.2303924561,57769,57799,30
13.033539772,80.230506897,58394,58414,20
13.0200796127,80.2249832153,58909,58929,20
13.0141401291,80.226348877,59020,59040,20
13.0068798065,80.2407836914,59272,59293,21
13.0066900253,80.2570571899,59555,59585,30
13.0076799393,80.2586898804,59616,59636,20
13.0164499283,80.2596969604,59757,59777,20
13.0202302933,80.2626190186,59838,59858,20
13.0264997482,80.2638702393,60039,60060,21
13.0293197632,80.2659835815,60181,60201,20
13.0292196274,80.266418457,60211,60231,20
13.0292596817,80.2665481567,60231,60251,20
13.033490181,80.2678527832,60383,60403,20
13.0344896317,80.2681884766,60504,60534,30
13.0300102234,80.2667236328,61745,61765,20
13.025179863,80.2652893066,61917,61937,20
13.0220003128,80.263381958,62028,62058,30
13.0071496964,80.258682251,62381,62401,20
13.0066795349,80.2578125,62422,62452,30
13.0065202713,80.2549285889,62533,62563,30
13.006480217,80.2543029785,62634,62654,20
13.0065698624,80.2475891113,62957,62987,30
13.0065698624,80.2465209961,63098,63128,30
13.0113296509,80.2236099243,63603,63633,30
13.0154104233,80.2249298096,63754,63774,20
13.0195102692,80.2244567871,63835,63855,20
13.0302801132,80.23072052,64289,64309,20
13.0340995789,80.2304992676,65036,65066,30
13.0142202377,80.2263336182,65954,65975,21
13.0077400208,80.2587127686,67004,67034,30
13.0086202621,80.2590484619,67055,67075,20
13.0162096024,80.2595672607,67176,67206,30
13.0202102661,80.2626800537,67327,67357,30
13.0222997665,80.2635498047,67408,67428,20
13.0229501724,80.2639389038,67448,67468,20
13.0280704498,80.2638092041,67650,67670,20
13.0292196274,80.2659988403,67761,67781,20
13.0344495773,80.2681808472,68024,68054,30
13.0329999924,80.267791748,68548,68569,21
13.0264501572,80.2660522461,68730,68750,20
13.0254201889,80.265586853,68781,68811,30
13.022190094,80.2636108398,68892,68912,20
13.0188102722,80.26171875,69023,69043,20
13.0160799026,80.2597808838,69114,69144,30
13.0070400238,80.2584991455,69316,69336,20
13.0064296722,80.2576065063,69437,69467,30
13.0064401627,80.25340271,69558,69578,20
13.0065498352,80.2467422485,69901,69931,30
13.0073604584,80.2367706299,70194,70224,30
13.0106201172,80.2250213623,70456,70476,20
13.0109300613,80.2242202759,70497,70517,20
13.01541996,80.2250366211,70648,70678,30
13.0194501877,80.2244873047,70739,70759,20
13.02202034,80.22631073,70830,70850,20
13.0350103378,80.2299880981,71486,71506,20
13.0297698975,80.2309112549,71991,72011,20
13.025970459,80.2317199707,72202,72223,21
13.0238800049,80.2283172607,72344,72364,20
13.0082101822,80.2335510254,72798,72818,20
13.0068302155,80.2497024536,73121,73141,20
13.0163002014,80.2596664429,73383,73404,21
13.0201702118,80.2627029419,73484,73505,21
13.0292301178,80.2660522461,73828,73848,20
13.0338602066,80.2679519653,73969,73999,30
13.0266895294,80.2660903931,74322,74342,20
13.0106601715,80.2249221802,75412,75433,21
13.0113601685,80.2231521606,75463,75483,20
13.0196504593,80.2245407104,75665,75685,20
13.0306596756,80.2307128906,75988,76008,20
13.0341396332,80.2304000854,76482,76503,21
13.0337600708,80.2304077148,76513,76533,20
13.0240802765,80.2284469604,76876,76896,20
13.0145101547,80.2261962891,77048,77068,20
13.0079603195,80.2347793579,77219,77239,20
13.0066795349,80.2432022095,77706,77726,20
13.0506296158,80.2069015503,18841,18862,21
13.050740242,80.2069473267,19125,19145,20
13.0493202209,80.2069015503,19377,19407,30
13.0499095917,80.211769104,19508,19528,20
13.0687503815,80.2048416138,20248,20268,20
13.0691299438,80.2047195435,20278,20307,29
13.0692396164,80.2047195435,20307,20328,21
13.0094804764,80.2110595703,21461,21481,20
13.009180069,80.2113189697,21501,21521,20
12.9799404144,80.2522735596,24820,24836,16
12.9757003784,80.221031189,25363,25383,20
12.9839000702,80.2178421021,25534,25551,17
13.0073604584,80.2098388672,25989,26009,20
13.0348901749,80.2120132446,26574,26604,30
13.0485095978,80.2120132446,26826,26846,20
13.0617599487,80.2115783691,27069,27085,16
13.0507297516,80.2121582031,28794,28824,30
13.034119606,80.2121200562,29176,29197,21
13.0175800323,80.2058181763,29560,29576,16
13.0117998123,80.2128601074,29791,29808,17
13.0104598999,80.2227630615,30285,30301,16
12.9975795746,80.2165374756,30455,30475,20
12.9763898849,80.221862793,30889,30909,20
12.9816598892,80.2303924561,31080,31097,17
12.9813499451,80.2427902222,31492,31512,20
12.9872999191,80.2593917847,32209,32237,28
12.9866600037,80.2592391968,32287,32308,21
12.9874601364,80.2582702637,33589,33609,20
12.9813604355,80.2429428101,34638,34658,20
12.9754800797,80.2208480835,35183,35203,20
12.9838399887,80.2178573608,35355,35383,28
12.9873695374,80.2182006836,35443,35464,21
12.9961004257,80.2166213989,35625,35645,20
13.0150899887,80.2046737671,36210,36231,21
13.0635595322,80.211517334,37250,37280,30
13.068860054,80.2047195435,38401,38431,30
13.0502500534,80.2120819092,38835,38865,30
13.0495700836,80.2121276855,38936,38956,20
13.0341100693,80.2121276855,39349,39370,21
13.0305995941,80.2092437744,39460,39489,29
13.0295495987,80.2089309692,39509,39539,30
13.0119600296,80.2126235962,40003,40023,20
13.0105199814,80.2118682861,40064,40084,20
13.0101203918,80.2115707397,40104,40120,16
13.0094203949,80.2110290527,40183,40202,19
13.0092096329,80.2112426758,40213,40243,30
13.0101804733,80.2149276733,40304,40320,16
13.0112800598,80.2234191895,40616,40636,20
12.9891796112,80.2188034058,40979,40995,16
12.9869098663,80.2182693481,40995,41017,22
12.9763298035,80.2217483521,41229,41259,30
12.9799604416,80.2522964478,43872,43893,21
12.9816303253,80.2308120728,44236,44252,16
12.9757900238,80.2211914063,44476,44496,20
12.9753503799,80.2206420898,44526,44546,20
12.9920902252,80.2191772461,44819,44835,16
13.0071897507,80.2098236084,45190,45210,20
13.014960289,80.2045974731,45452,45473,21
13.0203399658,80.2062835693,45604,45620,16
13.0296802521,80.2088470459,45714,45734,20
13.0349798203,80.2100982666,45815,45832,17
13.0349798203,80.2112197876,45832,45854,22
13.0369701385,80.2122802734,45945,45965,20
13.0689496994,80.2063064575,46570,46586,16
13.0639200211,80.211730957,47638,47658,20
13.0546102524,80.2115402222,47790,47810,20
13.0496997833,80.2121963501,47891,47921,30
13.0343103409,80.2121429443,48234,48254,20
13.0296001434,80.2089385986,48395,48416,21
13.0192499161,80.2063674927,48567,48587,20
13.0095500946,80.2111282349,48890,48910,20
12.9974403381,80.2165298462,49475,49495,20
12.9869804382,80.2182769775,49636,49657,21
12.9756803513,80.2203903198,49838,49868,30
12.9756803513,80.2203903198,49868,49885,17
12.9763298035,80.2216873169,49907,49928,21
12.9816999435,80.2305374146,50070,50090,20
12.9815998077,80.233543396,50141,50161,20
12.9814195633,80.2428283691,50292,50312,20
12.9801197052,80.2521972656,50422,50444,22
12.9845104218,80.252166748,50684,50704,20
12.9853096008,80.2519226074,50815,50845,30
12.980050087,80.2527236938,53531,53551,20
12.981710434,80.230758667,53975,53991,16
12.9973802567,80.2161712646,54689,54709,20
13.0145797729,80.2044677734,55184,55204,20
13.0184497833,80.2058563232,55274,55292,18
13.0349197388,80.2112197876,55577,55597,20
13.0433797836,80.2125473022,55708,55728,20
13.0442800522,80.2121887207,55789,55805,16
13.0483798981,80.2119598389,55848,55868,20
13.068860054,80.2047805786,58068,58088,20
13.0578899384,80.2116928101,58391,58407,16
13.034119606,80.2121429443,58841,58861,20
13.0295696259,80.2089767456,58982,58998,16
13.0125198364,80.2119216919,59374,59390,16
13.0154600143,80.2253570557,59736,59756,20
12.9840202332,80.2179794312,60412,60432,20
12.9816102982,80.2335891724,60785,60806,21
12.9872903824,80.2593078613,61512,61532,20
12.9872198105,80.2595825195,61552,61572,20
12.9875602722,80.2571182251,62753,62773,20
12.9799203873,80.2523727417,63037,63057,20
12.9813404083,80.2432785034,63198,63218,20
12.9813604355,80.2428894043,63238,63259,21
12.9813604355,80.2405776978,63309,63325,16
12.9764604568,80.2220611572,63791,63807,16
12.976149559,80.2216567993,63820,63849,29
12.9756298065,80.220993042,63890,63910,20
12.9874401093,80.2182388306,64152,64169,17
13.0010204315,80.2130432129,64433,64449,16
13.0134000778,80.2040176392,64845,64874,29
13.0184497833,80.2058029175,65006,65036,30
13.0349397659,80.2115707397,65369,65390,21
13.0485496521,80.2119598389,65872,65892,20
13.0543403625,80.2114486694,66023,66043,20
13.0652799606,80.2110900879,67417,67437,20
13.0513896942,80.2121505737,67709,67730,21
13.0513896942,80.2121505737,67730,67746,16
13.035369873,80.2122421265,68172,68192,20
13.0344600677,80.2121582031,68232,68262,30
13.02987957,80.2089996338,68404,68424,20
13.0293903351,80.2088470459,68454,68470,16
13.0137796402,80.2043991089,68724,68745,21
13.012960434,80.2092132568,68856,68872,16
13.009519577,80.2111282349,69066,69096,30
13.0063295364,80.2205963135,69621,69637,16
12.9976396561,80.2165527344,69851,69871,20
12.9952201843,80.2168884277,69962,69982,20
12.9917402267,80.2194213867,70063,70083,20
12.9759197235,80.2202606201,70636,70656,20
12.9798603058,80.2523422241,72904,72924,20
12.9815597534,80.2334289551,73308,73328,20
12.9810600281,80.229598999,73419,73439,20
12.979180336,80.2264328003,73540,73560,20
12.9786500931,80.2255401611,73590,73610,20
12.9781103134,80.2246322632,73651,73671,20
12.9753303528,80.2206420898,73921,73951,30
12.9837303162,80.2177963257,74093,74113,20
12.987950325,80.2183380127,74194,74210,16
12.9974603653,80.2161331177,74364,74387,23
13.0036802292,80.2118988037,74511,74532,21
13.0074396133,80.2098007202,74644,74664,20
13.008099556,80.2099609375,74694,74710,16
13.0150995255,80.2045974731,74904,74924,20
13.0616703033,80.2115631104,75832,75848,16
13.0593595505,80.2116012573,76577,76593,16
13.050740242,80.2122268677,76686,76716,30
13.0493297577,80.2068786621,77221,77241,20
13.025970459,80.2308197021,22919,22935,16
13.030380249,80.2282562256,23088,23107,19
13.0315504074,80.2093734741,23604,23624,20
13.0357398987,80.205619812,23745,23761,16
13.0495595932,80.2095336914,24491,24507,16
13.0498304367,80.2116088867,26679,26700,21
13.0386800766,80.1928787231,27288,27308,20
13.0368995667,80.1986312866,27412,27432,20
13.0364303589,80.201789856,27482,27502,20
13.0358104706,80.205947876,27675,27698,23
13.0300798416,80.2095184326,27982,28003,21
13.0307197571,80.2169265747,28197,28218,21
13.0322198868,80.2203826904,28349,28369,20
13.0312204361,80.2240371704,28420,28440,20
13.0304203033,80.2282180786,28662,28682,20
13.0297803879,80.2308578491,28753,28783,30
13.0268697739,80.2329788208,28874,28904,30
13.0246696472,80.2291717529,28965,28985,20
13.0239295959,80.2282409668,29015,29035,20
13.0142002106,80.2263565063,29197,29217,20
13.0082597733,80.2336425781,29338,29358,20
13.0067396164,80.2439727783,29590,29610,20
13.0069198608,80.2496032715,29701,29721,20
13.0068597794,80.2510223389,29752,29772,20
12.9968795776,80.256942749,30163,30179,16
13.0001401901,80.2664489746,30424,30454,30
12.9958000183,80.2659988403,31940,31956,16
12.9989099503,80.2559890747,32200,32220,20
12.9991397858,80.2560577393,32231,32251,20
13.0065002441,80.2531280518,32452,32473,21
13.006649971,80.2481918335,32684,32701,17
13.0066299438,80.2408218384,32834,32855,21
13.0089797974,80.2290267944,33016,33032,16
13.0115499496,80.2232131958,33075,33095,20
13.0232896805,80.2274398804,33429,33449,20
13.0245895386,80.2287826538,33500,33516,16
13.0307302475,80.2306213379,33730,33751,21
13.0321798325,80.219909668,34043,34064,21
13.0301399231,80.2092437744,34349,34379,30
13.0302400589,80.2090988159,34379,34400,21
13.0352897644,80.2086715698,34511,34531,20
13.0362796783,80.2015991211,34662,34682,20
13.0369997025,80.1965026855,34773,34791,18
13.0392799377,80.1968536377,40695,40715,20
13.0370397568,80.1970901489,40866,40882,16
13.0364704132,80.2012710571,40933,40955,22
13.0290403366,80.2242584229,41621,41637,16
13.030670166,80.230682373,41791,41811,20
13.0239696503,80.2282791138,42174,42194,20
13.0084495544,80.2323684692,42456,42472,16
13.0067396164,80.2447280884,42808,42829,21
13.0003700256,80.2564315796,43222,43242,20
12.9989299774,80.2561035156,43283,43299,16
12.9976997375,80.2572021484,43351,43371,20
12.9976797104,80.2560272217,53966,53986,20
13.0062599182,80.2573928833,54198,54218,20
13.0070495605,80.2384033203,54863,54879,16
13.0073404312,80.2369232178,54879,54902,23
13.0191802979,80.2242279053,55235,55255,20
13.0283603668,80.2308502197,55498,55524,26
13.0286998749,80.2308120728,55524,55545,21
13.0353403091,80.2081604004,56354,56371,17
13.038649559,80.1928634644,56627,56657,30
13.0408496857,80.2001037598,56869,56885,16
13.0488004684,80.2070465088,57309,57339,30
13.0446596146,80.2124023438,57793,57823,30
13.0440702438,80.2089996338,57924,57944,20
13.0392398834,80.1968917847,58176,58196,20
13.0367097855,80.1996765137,58408,58425,17
13.030579567,80.209312439,58759,58780,21
13.0322599411,80.218963623,59032,59048,16
13.0295200348,80.2273178101,59272,59288,16
13.0300397873,80.2308120728,59381,59400,19
13.0269603729,80.2329483032,59492,59522,30
13.006649971,80.2568435669,60259,60279,20
12.9977302551,80.2560272217,60531,60561,30
12.9975795746,80.2567596436,60622,60652,30
13.0000801086,80.2666931152,61510,61530,20
12.9962100983,80.2625274658,62145,62165,20
12.9988002777,80.2560195923,62367,62387,20
13.0056800842,80.2572784424,62529,62549,20
13.0065202713,80.2550201416,62670,62686,16
13.0065097809,80.2537384033,62789,62809,20
13.0066699982,80.248916626,62971,62991,20
13.0113201141,80.2232971191,63606,63635,29
13.0155601501,80.2249984741,63737,63758,21
13.0193395615,80.224281311,63818,63848,30
13.0247497559,80.2290878296,64010,64026,16
13.0303497314,80.2282867432,64341,64361,20
13.0287599564,80.2240524292,64492,64521,29
13.0311899185,80.2232284546,64593,64613,20
13.0304203033,80.2164993286,64815,64835,20
13.0303602219,80.2145996094,64875,64896,21
13.0352401733,80.2086334229,65279,65307,28
13.0362596512,80.2016601563,65469,65489,20
13.0370597839,80.1964187622,65600,65620,20
13.0387601852,80.1929168701,65711,65731,20
13.0409603119,80.2000732422,65943,65959,16
13.041270256,80.2052230835,66052,66072,20
13.0441598892,80.208732605,66143,66163,20
13.0470304489,80.2122573853,66334,66354,20
13.0488195419,80.2108688354,66445,66465,20
13.0494699478,80.2092437744,66526,66542,16
13.049249649,80.2082595825,67513,67543,30
13.0494604111,80.212272644,67684,67714,30
13.0434904099,80.2069091797,68108,68124,16
13.0381202698,80.2043685913,68268,68289,21
13.0389003754,80.199256897,68389,68406,17
13.0397195816,80.1932678223,68531,68551,20
13.0386199951,80.1929397583,68581,68601,20
13.0372200012,80.1961593628,68662,68682,20
13.0363502502,80.2018508911,68803,68823,20
13.0354204178,80.208480835,68975,68995,20
13.0300102234,80.2096405029,69348,69368,20
13.0321998596,80.2198867798,69691,69711,20
13.0321798325,80.2203979492,69721,69741,20
13.0289497375,80.2242431641,69893,69913,20
13.0270996094,80.2330093384,70428,70448,20
13.0239095688,80.2283477783,70578,70599,21
13.0146303177,80.2262191772,70801,70817,16
13.0143203735,80.2263183594,70829,70848,19
13.0082397461,80.2335281372,70972,70993,21
13.0068397522,80.2406768799,71093,71114,21
13.006819725,80.2496414185,71275,71295,20
13.0066204071,80.2571334839,71477,71497,20
12.9996299744,80.256362915,71628,71658,30
12.9973402023,80.2560424805,71719,71735,16
12.9961595535,80.2624969482,71919,71939,20
12.9961595535,80.2677612305,72030,72060,30
13.0000600815,80.2665100098,72131,72161,30
12.9955797195,80.2676010132,72807,72827,20
12.99559021,80.2674102783,72827,72857,30
12.9961299896,80.2626190186,72928,72948,20
12.998840332,80.2560501099,73160,73190,30
13.0064601898,80.2532577515,73473,73493,20
13.0065202713,80.2465667725,73685,73705,20
13.0073795319,80.2366867065,73886,73906,20
13.010840416,80.2245483398,74078,74108,30
13.0155296326,80.2250289917,74290,74310,20
13.0175304413,80.2249069214,74350,74366,16
13.0193595886,80.224281311,74379,74399,20
13.0195598602,80.2243804932,74409,74429,20
13.0259799957,80.2312927246,74570,74591,21
13.03028965,80.2283630371,74802,74823,21
13.0287504196,80.2240371704,74954,74974,20
13.0303096771,80.2243118286,75014,75031,17
13.0311203003,80.2232284546,75053,75072,19
13.0321502686,80.2197570801,75154,75174,20
13.0304002762,80.2166976929,75254,75275,21
13.0316696167,80.2094116211,75527,75557,30
13.0352401733,80.2086715698,75628,75648,20
13.035320282,80.2080078125,75668,75684,16
13.0470399857,80.2118988037,76635,76651,16
13.0440301895,80.2088470459,77997,78013,16
13.040769577,80.2051086426,78096,78116,20
13.0392103195,80.1968765259,78308,78324,16
13.039730072,80.1931381226,78376,78406,30
13.0386400223,80.1928329468,78427,78447,20
13.0382604599,80.1928024292,78467,78490,23
13.0371599197,80.1960983276,78521,78543,22
13.0363397598,80.2017593384,78664,78683,19
13.0351600647,80.2099304199,78855,78876,21
13.0303497314,80.2163314819,79259,79279,20
13.0321998596,80.2203292847,79400,79420,20
13.0311403275,80.2239837646,79501,79517,16
13.0296802521,80.2308425903,79785,79808,23
13.0218601227,80.2261962891,80072,80090,18
13.0067996979,80.2507019043,80639,80656,17
12.9985103607,80.2560806274,80849,80869,20
12.9985103607,80.2560806274,80869,80891,22
13.0002298355,80.2652282715,81206,81227,21
13.0974502563,80.2421875,21684,21704,20
13.1002998352,80.2147598267,22212,22242,30
13.0860700607,80.2344284058,22669,22689,20
13.0745601654,80.2405319214,23043,23059,16
13.063659668,80.2476425171,23283,23299,16
13.0269804001,80.2329483032,24231,24251,20
13.0067195892,80.2464599609,24796,24826,30
13.0068597794,80.2491912842,24867,24883,16
12.9964199066,80.2609634399,25329,25346,17
13.0002498627,80.266418457,27165,27185,20
13.0065402985,80.2574005127,27809,27826,17
13.0074396133,80.2367706299,28332,28352,20
13.0156202316,80.2251281738,28635,28655,20
13.0344295502,80.2304382324,29029,29059,30
13.0346803665,80.2303771973,29069,29098,29
13.052359581,80.2408981323,29635,29656,21
13.0766897202,80.2385025024,30413,30433,20
13.0759496689,80.2347793579,30534,30554,20
13.0832004547,80.2319107056,30829,30845,16
13.0889797211,80.2303771973,30978,30997,19
13.0963001251,80.2196426392,31201,31217,16
13.0983600616,80.2142791748,31280,31300,20
13.1002902985,80.2145996094,32360,32390,30
13.0911197662,80.2277374268,32723,32743,20
13.0887899399,80.2309875488,32814,32834,20
13.0860500336,80.2344207764,32925,32945,20
13.0837202072,80.2338180542,32996,33016,20
13.0789403915,80.233543396,33218,33234,16
13.0764799118,80.2371826172,33357,33377,20
13.0777702332,80.2440795898,33509,33529,20
13.0785303116,80.2509994507,33650,33680,30
13.0661697388,80.2435531616,34044,34074,30
13.0678396225,80.2466125488,34155,34175,20
13.0669403076,80.2478485107,34215,34235,20
13.0632600784,80.2442321777,34356,34377,21
13.0590000153,80.2425308228,34508,34524,16
13.0538797379,80.2422485352,34617,34637,20
13.0511302948,80.2405471802,34738,34768,30
13.0451498032,80.2325973511,35011,35031,20
13.0343599319,80.2303924561,35345,35365,20
13.0313196182,80.230682373,35486,35506,20
13.0272798538,80.2329330444,35708,35724,16
13.0144701004,80.2261962891,36049,36079,30
13.0087499619,80.2304992676,36211,36231,20
13.0085201263,80.2317504883,36271,36291,20
13.0083198547,80.232963562,36322,36352,30
13.0076599121,80.2362670898,36503,36524,21
13.0072498322,80.2384033203,36594,36614,20
13.0066795349,80.244430542,36836,36857,21
13.0065898895,80.2448120117,36867,36887,20
13.0068702698,80.24949646,37038,37059,21
12.9968099594,80.2568817139,37533,37553,20
12.9959402084,80.265083313,37694,37710,16
13.0000801086,80.2667236328,37824,37844,20
12.9957103729,80.2673110962,38278,38298,20
12.9962501526,80.2625274658,38379,38399,20
12.9968795776,80.256187439,38530,38560,30
13.0066299438,80.2464065552,39338,39358,20
13.0066099167,80.2411193848,39479,39499,20
13.0074195862,80.236907959,39580,39610,30
13.0112600327,80.2236862183,39792,39822,30
13.0153198242,80.224861145,39943,39959,16
13.0230102539,80.2271270752,40224,40244,20
13.024479866,80.2286071777,40335,40355,20
13.0332298279,80.2305908203,40739,40769,30
13.0334701538,80.2305603027,40769,40789,20
13.0539398193,80.2422103882,41627,41648,21
13.0689401627,80.2424316406,42000,42020,20
13.0762901306,80.2366027832,42232,42248,16
13.0834703445,80.2336196899,42574,42594,20
13.096329689,80.2195587158,42937,42953,16
13.0911598206,80.2276306152,44338,44367,29
13.0887002945,80.2311019897,44429,44448,19
13.0825500488,80.2336425781,44600,44620,20
13.0763502121,80.2371292114,44903,44923,20
13.0777997971,80.2447891235,45079,45104,25
13.0677995682,80.2465896606,45611,45631,20
13.0531997681,80.2419204712,46105,46135,30
13.0520601273,80.2408599854,46166,46196,30
13.0099897385,80.2279510498,47357,47373,16
13.0066099167,80.2533035278,47759,47780,21
13.0065698624,80.2571411133,47971,48001,30
13.0067100525,80.240447998,48557,48587,30
13.0067100525,80.240447998,48587,48603,16
13.0186300278,80.2244720459,48979,48995,16
13.0288896561,80.2308883667,49229,49257,28
13.0344696045,80.2303771973,49368,49388,20
13.0348300934,80.2303237915,49409,49439,30
13.0341501236,80.2369232178,49560,49576,16
13.0539999008,80.2422485352,50064,50084,20
13.0648899078,80.2435531616,50326,50346,20
13.0648899078,80.2435531616,50346,50363,17
13.0681400299,80.2427062988,50455,50475,20
13.0681400299,80.2427062988,50475,50496,21
13.0758895874,80.2404785156,50619,50639,20
13.0768499374,80.2391967773,50740,50760,20
13.0764703751,80.2373428345,50811,50831,20
13.0805101395,80.233543396,51033,51053,20
13.0819997787,80.2333831787,51144,51164,20
13.084569931,80.23412323,51345,51362,17
13.0889396667,80.2304916382,51425,51445,20
13.0979299545,80.2152862549,51718,51738,20
13.0984096527,80.2141723633,51809,51839,30
13.1002597809,80.2147064209,52828,52848,20
13.0957803726,80.2211685181,53000,53016,16
13.091170311,80.2276229858,53110,53130,20
13.0823602676,80.2336196899,53443,53463,20
13.0693101883,80.2432937622,54129,54149,20
13.0498895645,80.2403335571,54856,54872,16
13.036939621,80.23072052,55248,55264,16
13.0334196091,80.230430603,55417,55436,19
13.0277500153,80.23097229,55558,55576,18
13.0239095688,80.2282104492,55759,55780,21
13.0143003464,80.2262802124,56012,56028,16
13.0082101822,80.2336807251,56151,56171,20
13.0068302155,80.2405471802,56292,56312,20
13.0020799637,80.2566223145,56656,56675,19
13.0001602173,80.2563323975,56716,56736,20
12.9960203171,80.2677230835,56999,57019,20
12.9986000061,80.2560195923,57968,57988,20
13.0066204071,80.2468185425,58472,58493,21
13.0068798065,80.2396621704,58634,58650,16
13.0073795319,80.2371673584,58671,58694,23
13.0153398514,80.224937439,59037,59067,30
13.0217599869,80.2260665894,59198,59228,30
13.02602005,80.2311782837,59350,59380,30
13.0344400406,80.230430603,59622,59652,30
13.0342998505,80.2375793457,59905,59925,20
13.0444602966,80.2406997681,60157,60187,30
13.0491504669,80.2401885986,60308,60325,17
13.052359581,80.2408828735,60377,60407,30
13.0537595749,80.2421875,60458,60478,20
13.0605201721,80.2428970337,60629,60646,17
13.0766296387,80.2381591797,61051,61072,21
13.0764398575,80.2373123169,61102,61132,30
13.0803403854,80.233543396,61304,61324,20
13.0831699371,80.231262207,61435,61451,16
13.0834999084,80.2337112427,61463,61483,20
13.0889101028,80.2305603027,61645,61665,20
13.0964202881,80.2193222046,61897,61917,20
13.0964202881,80.219329834,61928,61944,16
13.0982599258,80.2144699097,62047,62067,20
13.0911798477,80.2276611328,63433,63453,20
13.0824298859,80.2336273193,63715,63735,20
13.0820703506,80.2335586548,63746,63766,20
13.0810604095,80.2334594727,63806,63822,16
13.0764703751,80.2372970581,63976,63996,20
13.067779541,80.2465896606,64672,64702,30
13.0587396622,80.2426605225,65046,65066,20
13.0451698303,80.2326889038,65783,65813,30
13.0334396362,80.2304992676,66106,66126,20
13.0271902084,80.2330093384,66651,66671,20
13.0233201981,80.2275772095,66893,66909,16
13.0065803528,80.2551727295,67891,67911,20
13.0065402985,80.2562789917,67932,67948,16
13.0001802444,80.2564468384,68222,68243,21
12.9968204498,80.2566986084,68354,68374,20
12.9961099625,80.2677764893,68626,68646,20
13.0000896454,80.2667007446,68737,68757,20
13.0002698898,80.2659683228,68798,68818,20
12.9956197739,80.2674713135,69747,69777,30
12.9961395264,80.2626419067,69858,69888,30
12.9968004227,80.2563323975,70019,70035,16
12.9989004135,80.2561416626,70220,70250,30
13.0064601898,80.2533035278,70533,70553,20
13.0065498352,80.2468338013,70765,70785,20
13.0067100525,80.2403030396,70927,70943,16
13.007349968,80.2370300293,70975,70995,20
13.0073699951,80.2369003296,71005,71034,29
13.0152301788,80.224937439,71338,71359,21
13.0219898224,80.2262802124,71500,71516,16
13.0245704651,80.2289505005,71569,71599,30
13.0281896591,80.23097229,71750,71771,21
13.0331802368,80.2305603027,72011,72031,20
13.0409097672,80.2406082153,72617,72637,20
13.0464200974,80.2396087646,72829,72849,20
13.0539703369,80.2422866821,73000,73020,20
13.0576000214,80.2428207397,73081,73101,20
13.0576000214,80.2428207397,73101,73117,16
13.0624103546,80.2433700562,73210,73230,20
13.0656499863,80.243598938,73301,73331,30
13.0763998032,80.2374725342,73654,73674,20
13.0913696289,80.2273330688,74209,74230,21
13.094420433,80.2240066528,74310,74327,17
13.096280098,80.2195587158,74399,74419,20
13.0971403122,80.2171707153,77337,77353,16
13.0692996979,80.2433166504,78395,78411,16
13.0529003143,80.2419204712,78877,78907,30
13.0205602646,80.2251968384,79857,79873,16
13.006480217,80.2537231445,80746,80762,16
13.0220298767,80.2262496948,81420,81450,30
13.0220298767,80.2262496948,81450,81466,16
13.0342798233,80.2304077148,81693,81723,30
13.0447597504,80.2403793335,82056,82075,19
13.0688695908,80.242401123,82501,82531,30
13.0770702362,80.2336502075,82774,82790,16
13.1002397537,80.2145004272,83339,83358,19
13.0985097885,80.2340164185,84258,84274,16
13.0988101959,80.2417068481,84508,84528,20
13.0989198685,80.240196228,84952,84972,20
13.0142402649,80.2259979248,22237,22257,20
13.0084295273,80.2134628296,23084,23114,30
12.9880800247,80.2229614258,23508,23525,17
12.9756498337,80.2210083008,23708,23738,30
12.9723701477,80.2195281982,23788,23805,17
12.9299497604,80.2028427124,24401,24421,20
12.9263296127,80.1976013184,24512,24532,20
12.91726017,80.1914520264,24724,24740,16
12.9233903885,80.1549377441,25177,25197,20
12.9227104187,80.1518936157,25258,25274,16
12.9227199554,80.1312637329,25578,25595,17
12.9231796265,80.12084198,25707,25729,22
12.9236297607,80.1176834106,25900,25920,20
12.923330307,80.1209030151,25991,26011,20
12.9225702286,80.143371582,26525,26553,28
12.9199304581,80.1709823608,26886,26906,20
12.9206800461,80.1853790283,27067,27087,20
12.9171495438,80.193107605,27198,27228,30
12.9171895981,80.1941299438,27269,27285,16
12.929400444,80.2027282715,27488,27509,21
12.9307203293,80.2029571533,27539,27555,16
12.9443902969,80.2083587646,27809,27839,30
12.9713001251,80.2189788818,28232,28252,20
12.9746103287,80.2203903198,28313,28333,20
12.9746103287,80.2204666138,28333,28353,20
12.9762201309,80.2212524414,28414,28444,30
12.9904298782,80.2203369141,28787,28807,20
12.9974098206,80.2161712646,28928,28948,20
13.0153598785,80.2248764038,29391,29411,20
13.0232601166,80.2273025513,29573,29590,17
13.0257797241,80.2304229736,29630,29653,23
13.0289096832,80.2308425903,29714,29737,23
13.0345401764,80.2297821045,29889,29910,21
13.0277795792,80.2320785522,30263,30279,16
13.0247001648,80.2291717529,30422,30452,30
13.0201196671,80.2249526978,30543,30559,16
13.0083599091,80.213432312,30934,30964,30
12.9756603241,80.2210998535,31791,31821,30
12.9710798264,80.2191925049,31932,31952,20
12.9199399948,80.1825790405,33206,33226,20
12.9234199524,80.1546173096,36361,36381,20
12.919960022,80.1709594727,36623,36643,20
12.9206104279,80.1852035522,36835,36855,20
13.0131902695,80.2222137451,39072,39088,16
13.0151395798,80.224609375,39151,39171,20
13.0170602798,80.2250671387,39211,39231,20
13.0192403793,80.2242965698,39322,39352,30
13.0225400925,80.2266693115,39534,39554,20
13.0226602554,80.2267608643,39554,39574,20
13.0228099823,80.2268981934,39584,39604,20
13.0238199234,80.2278137207,39654,39675,21
13.0299100876,80.2307128906,39947,39967,20
13.0346498489,80.2303237915,40108,40138,30
13.0341901779,80.2303771973,40682,40702,20
13.0251598358,80.2296829224,41025,41055,30
13.0231895447,80.2275238037,41136,41166,30
12.9587602615,80.2140426636,46707,46723,16
12.9760599136,80.2211532593,47008,47028,20
12.9828796387,80.2219161987,47149,47169,20
12.9904298782,80.2203979492,47360,47377,17
13.0196399689,80.2244491577,47973,47993,20
13.0219802856,80.2261505127,48044,48064,20
13.028840065,80.2308425903,48265,48286,21
13.0349798203,80.2301483154,48457,48487,30
13.0143604279,80.2247924805,49717,49733,16
13.0260801315,80.2317810059,51186,51202,16
13.0230398178,80.2274017334,51285,51306,21
13.0193996429,80.2245483398,51386,51403,17
13.0113601685,80.2232437134,51627,51647,20
13.0083799362,80.213432312,51778,51799,21
13.0062198639,80.212852478,51919,51935,16
12.9974403381,80.2163009644,52079,52099,20
12.9832801819,80.2221908569,52482,52512,30
12.974240303,80.2201766968,57910,57931,21
12.975979805,80.2211837769,57981,58001,20
12.9826602936,80.221862793,58132,58148,16
12.9904203415,80.2203216553,58322,58342,20
13.0078201294,80.2130966187,58695,58715,20
13.0153999329,80.2249221802,58926,58947,21
13.0287399292,80.2308197021,59249,59269,20
13.0339698792,80.23046875,59390,59410,20
13.0081996918,80.2133331299,61608,61629,21
13.000749588,80.2134017944,61780,61796,16
12.9963798523,80.2166213989,61970,61990,20
12.9959001541,80.2167205811,62000,62020,20
12.9885101318,80.2225570679,62222,62238,16
12.9833602905,80.2222518921,62331,62352,21
12.9711503983,80.2191772461,62644,62664,20
12.9709396362,80.219078064,62674,62690,16
12.9411201477,80.2060699463,63085,63105,20
12.9295597076,80.2027893066,63297,63317,20
12.9202604294,80.1842498779,63740,63760,20
12.9197998047,80.1709976196,63943,63959,16
12.9233398438,80.1548995972,64142,64163,21
12.9231395721,80.120880127,64697,64727,30
12.9233598709,80.1206665039,64918,64935,17
12.9234304428,80.1547393799,66136,66156,20
12.9206800461,80.1856231689,66569,66589,20
12.9293603897,80.202796936,67074,67094,20
12.930100441,80.2029037476,67114,67135,21
12.9761104584,80.2213592529,68474,68494,20
12.9829597473,80.2220687866,68655,68676,21
12.9869203568,80.2231369019,68907,68928,21
12.995759964,80.2167510986,69139,69169,30
13.0085296631,80.2135314941,69593,69609,16
13.0180902481,80.2248001099,69823,69840,17
13.0291795731,80.2309417725,70144,70160,16
13.0337200165,80.2306213379,70434,70454,20
13.0348901749,80.2302627563,70495,70515,20
13.027299881,80.2329788208,71528,71558,30
13.0230703354,80.2275085449,71739,71759,20
13.015879631,80.2257232666,71951,71967,16
13.0145902634,80.2262191772,71979,71999,20
13.0107498169,80.2246322632,72121,72141,20
13.0085601807,80.213722229,72373,72403,30
12.9895200729,80.2213134766,73016,73032,16
12.987660408,80.2231292725,73206,73236,30
12.9834299088,80.2223815918,73357,73377,20
12.976360321,80.221321106,73528,73558,30
12.976360321,80.221321106,73558,73575,17
12.9297199249,80.2028503418,74363,74383,20
12.9290599823,80.2027435303,74403,74419,16
12.9169502258,80.1937408447,74784,74804,20
12.9198799133,80.1827163696,75016,75032,16
12.9233398438,80.1550216675,75377,75397,20
12.9224796295,80.1428222656,76877,76893,16
12.9252796173,80.197479248,77685,77702,17
12.9632196426,80.2158432007,78289,78305,16
13.0143604279,80.2253723145,79486,79507,21
12.9757299423,80.2207565308,35165,35185,20
12.9770803452,80.2227935791,35670,35690,20
12.9761400223,80.2212371826,35761,35777,16
12.9875097275,80.218132019,36001,36021,20
12.992939949,80.2128295898,36223,36243,20
12.9939899445,80.2100906372,36304,36324,20
12.9963598251,80.2165985107,36536,36556,20
12.9975004196,80.2161636353,36607,36627,20
13.0151796341,80.2045974731,37262,37283,21
13.0646495819,80.211769104,40268,40290,22
13.0637102127,80.2116317749,40310,40340,30
13.0508804321,80.2121963501,40481,40511,30
13.0359201431,80.212348938,40824,40854,30
13.0295000076,80.2089080811,41105,41125,20
13.0189695358,80.2062911987,41276,41296,20
13.0096197128,80.2111816406,41690,41720,30
13.0094404221,80.2110900879,41720,41740,20
13.0092000961,80.2120437622,41781,41801,20
13.0152797699,80.2247619629,42063,42079,16
12.9766702652,80.2222976685,44664,44684,20
12.9769001007,80.2221603394,44874,44904,30
12.9769802094,80.2222824097,45098,45118,20
12.9753799438,80.2208633423,45471,45492,21
13.0632095337,80.2119216919,52151,52171,20
13.0081596375,80.2035369873,56911,56927,16
13.0495996475,80.212020874,57715,57738,23
13.0552902222,80.2121429443,57841,57861,20
13.0679597855,80.2082214355,60413,60429,16
13.0495195389,80.2121963501,60806,60827,21
13.044839859,80.2124481201,60907,60928,21
13.0339202881,80.2120819092,61160,61176,16
13.0127096176,80.2116317749,61672,61688,16
13.0123195648,80.2214813232,21526,21547,21
13.0350198746,80.2301330566,21932,21953,21
13.0350198746,80.2301330566,21953,21976,23
13.0343103409,80.2302703857,23323,23343,20
13.0273599625,80.2328491211,23535,23565,30
13.0240097046,80.2282485962,23647,23667,20
13.0199298859,80.2248001099,23738,23768,30
13.0070104599,80.2579269409,24313,24329,16
13.0344896317,80.2680206299,24949,24969,20
13.0221300125,80.2634506226,26089,26119,30
13.0214004517,80.263130188,26140,26156,16
13.0065898895,80.2536468506,26451,26468,17
13.0066099167,80.2526092529,26490,26520,30
13.0154800415,80.224937439,27116,27137,21
13.0343799591,80.23046875,27500,27520,20
13.0335998535,80.2296066284,28630,28651,21
13.0342102051,80.2303314209,29831,29851,20
13.024020195,80.2283172607,30215,30235,20
13.019900322,80.224822998,30356,30382,26
13.0142498016,80.2263183594,30505,30523,18
13.0082302094,80.2336883545,30667,30697,30
13.0067300797,80.2440567017,30899,30929,30
13.0068597794,80.2493972778,31020,31050,30
13.0068397522,80.2513198853,31091,31121,30
13.0066604614,80.2573776245,31242,31258,16
13.0165100098,80.259727478,31413,31433,20
13.0202598572,80.2626800537,31514,31533,19
13.0230102539,80.2638778687,31584,31604,20
13.02684021,80.263381958,31746,31762,16
13.0344495773,80.2680892944,32077,32097,20
13.0306596756,80.2667617798,32299,32319,20
13.0298995972,80.2666397095,32329,32359,30
13.0266399384,80.2659606934,32420,32440,20
13.0252895355,80.2653427124,32480,32500,20
13.0149002075,80.2593383789,32753,32769,16
13.0066299438,80.2464675903,33356,33376,20
13.007399559,80.2367401123,33578,33598,20
13.0153503418,80.2248764038,33972,33992,20
13.0158195496,80.2252731323,34012,34028,16
13.0211696625,80.225692749,34161,34182,21
13.0227804184,80.2270812988,34343,34359,16
13.0254802704,80.2299804688,34553,34583,30
13.030790329,80.2306594849,35582,35598,16
13.029999733,80.2307815552,35598,35621,23
13.0179595947,80.2248001099,36004,36020,16
13.0145998001,80.2261505127,36073,36093,20
13.0089302063,80.2300415039,36214,36234,20
13.0084495544,80.232421875,36335,36355,20
13.0082798004,80.2334594727,36385,36406,21
13.0078001022,80.2356491089,36517,36537,20
13.0076704025,80.2362365723,36547,36567,20
13.0073299408,80.2380371094,36597,36618,21
13.0068397522,80.2406082153,36698,36718,20
13.0066995621,80.2436294556,36900,36920,20
13.0074701309,80.2585220337,37344,37364,20
13.0160503387,80.2593917847,37506,37536,30
13.0258398056,80.2656784058,37818,37839,21
13.0265102386,80.2638931274,37889,37909,20
13.031999588,80.2671966553,38111,38127,16
13.0298204422,80.2666015625,38735,38755,20
13.0222301483,80.263458252,38967,38983,16
13.0075702667,80.2593383789,39277,39294,17
13.0064601898,80.2531890869,39529,39549,20
13.0071697235,80.2381973267,40043,40060,17
13.0218601227,80.2260971069,40526,40546,20
13.0274295807,80.2310180664,40879,40899,20
13.027759552,80.2309188843,40909,40939,30
13.0284900665,80.2308502197,40949,40970,21
13.0347995758,80.2303009033,41240,41260,20
13.0199699402,80.2249221802,42111,42127,16
13.0137195587,80.2264785767,42240,42261,21
13.0166196823,80.2599029541,43272,43289,17
13.0333795547,80.2677383423,43806,43826,20
13.0345697403,80.2679824829,43846,43875,29
13.0345401764,80.2681427002,43875,43895,20
13.0305099487,80.2667999268,44349,44369,20
13.0299100876,80.2666625977,44389,44409,20
13.0267496109,80.2660522461,44470,44498,28
13.0264101028,80.2659988403,44498,44518,20
13.0252799988,80.2653579712,44538,44560,22
13.0222196579,80.2634963989,44620,44641,21
13.0066795349,80.2532424927,45146,45166,20
13.006649971,80.2465362549,45467,45487,20
13.0155801773,80.2250518799,46042,46062,20
13.0218601227,80.2260818481,46173,46193,20
13.0343704224,80.2304077148,46546,46566,20
13.0269002914,80.2329177856,49001,49031,30
13.0266895294,80.2330169678,49031,49061,30
13.0239801407,80.2282485962,49172,49192,20
13.0164203644,80.225479126,49334,49350,16
13.0082597733,80.2335586548,49523,49544,21
13.0068798065,80.2405776978,49695,49723,28
13.006819725,80.250579834,49885,49905,20
13.0065603256,80.2542724609,49975,49991,16
13.0066604614,80.2569122314,50012,50034,22
13.0228204727,80.2638397217,50377,50393,16
13.0292396545,80.2658996582,50607,50637,30
13.034529686,80.2682037354,50870,50891,21
13.030380249,80.2667617798,51577,51597,20
13.0220403671,80.2633590698,51789,51809,20
13.0146198273,80.2592926025,51980,51996,16
13.0067195892,80.2576370239,52151,52181,30
13.0073795319,80.2368469238,52645,52666,21
13.0197200775,80.2245483398,53009,53039,30
13.0290298462,80.2308578491,53291,53311,20
13.0339803696,80.23046875,53412,53432,20
13.0349302292,80.2302703857,53543,53564,21
13.0340995789,80.2304229736,55451,55471,20
13.024020195,80.2283401489,55773,55794,21
13.0238599777,80.2281417847,55804,55820,16
13.0165996552,80.2253799438,55953,55973,20
13.01060009,80.227722168,56094,56110,16
13.007809639,80.2353515625,56223,56244,21
13.0068702698,80.2403488159,56296,56316,20
13.0068502426,80.2495727539,56458,56478,20
13.0333404541,80.2677383423,57234,57261,27
13.0264902115,80.2660293579,58290,58310,20
13.0134801865,80.259262085,58583,58599,16
13.0097799301,80.2592391968,58611,58640,29
13.0067195892,80.2578125,58732,58752,20
13.0066995621,80.2404174805,59126,59146,20
13.0150499344,80.2246932983,59550,59571,21
13.016579628,80.2253036499,59621,59637,16
13.0242395401,80.228302002,59780,59801,21
13.0270996094,80.2329483032,62737,62757,20
13.0240802765,80.2284011841,62868,62889,21
13.022600174,80.2268218994,62929,62945,16
13.0142803192,80.2262802124,63068,63088,20
13.0124702454,80.2269973755,63119,63141,22
13.0068902969,80.2406234741,63466,63486,20
13.0068902969,80.2496337891,63627,63647,20
13.0066699982,80.2570266724,63779,63799,20
13.0076999664,80.2586975098,63839,63859,20
13.0202302933,80.2627334595,64112,64142,30
13.0230102539,80.2639083862,64203,64223,20
13.0265302658,80.2642593384,64334,64354,20
13.0285100937,80.263961792,64435,64451,16
13.0292396545,80.2660217285,64493,64513,20
13.0292196274,80.2663574219,64523,64543,20
13.0328302383,80.2677078247,64634,64661,27
13.0338497162,80.2679595947,64764,64784,20
13.0344200134,80.2680435181,64794,64813,19
13.0344104767,80.2681274414,64824,64844,20
13.0331401825,80.2678222656,64926,64956,30
13.0222797394,80.2635269165,65279,65299,20
13.0188398361,80.2618789673,65380,65396,16
13.0159702301,80.2596588135,65479,65509,30
13.0098800659,80.2593231201,65610,65630,20
13.0066299438,80.2532806396,65913,65943,30
13.0065803528,80.2466201782,66185,66206,21
13.0066404343,80.2460098267,66246,66266,20
13.0066795349,80.2407531738,66488,66504,16
13.0073604584,80.2369232178,66577,66607,30
13.0243196487,80.2285232544,67201,67231,30
13.02602005,80.2314834595,67322,67341,19
13.0278902054,80.2310562134,67443,67463,20
13.0287399292,80.2309494019,67544,67574,30
13.0297803879,80.2309036255,68813,68833,20
13.0248298645,80.2294387817,69055,69076,21
13.0248298645,80.2294387817,69076,69092,16
13.006649971,80.2450485229,70073,70093,20
13.0068101883,80.2497177124,70184,70214,30
13.0076799393,80.2587509155,70396,70416,20
13.0163202286,80.2597579956,70537,70557,20
13.0258598328,80.2658233643,70809,70830,21
13.0279302597,80.2637634277,70951,70967,16
13.0292196274,80.2659988403,71040,71070,30
13.0334796906,80.2679367065,71221,71251,30
13.0221004486,80.2634811401,72402,72422,20
13.0204200745,80.2630691528,72452,72469,17
13.0159797668,80.2596893311,72551,72571,20
13.0064401627,80.2533798218,72965,72985,20
13.0065803528,80.2483062744,73086,73106,20
13.0075597763,80.2357711792,73429,73445,16
13.0243597031,80.2285003662,73974,73994,20
13.0297603607,80.2308883667,74731,74751,20
13.0297603607,80.2308883667,74751,74767,16
13.0270500183,80.2329406738,74850,74870,20
13.0239601135,80.2283782959,74971,74992,21
13.0154304504,80.2258529663,75193,75209,16
13.0143404007,80.2262878418,75209,75232,23
13.0081596375,80.2337265015,75383,75404,21
13.0066795349,80.2419967651,75566,75596,30
13.0066604614,80.2422866821,75606,75636,30
13.0066604614,80.2427368164,75647,75677,30
13.0066699982,80.2464370728,75909,75939,30
13.007610321,80.2586975098,76242,76262,20
13.0249996185,80.2651977539,76615,76631,16
13.0335302353,80.267829895,76997,77018,21
13.0333404541,80.2678222656,77785,77815,30
13.0327501297,80.2676467896,77825,77846,21
13.0065803528,80.2577362061,78492,78512,20
13.0069599152,80.2387771606,78905,78921,16
13.0155200958,80.2250366211,79206,79226,20
13.0346298218,80.2303237915,79620,79640,20
13.0346097946,80.2297668457,79701,79721,20
13.0343103409,80.2297286987,79721,79751,30
13.0341501236,80.2301635742,85555,85575,20
12.9899597168,80.2277069092,30848,30869,21
12.9921197891,80.2337036133,32360,32390,30
12.9940500259,80.2345275879,32430,32447,17
12.9919395447,80.2337417603,33791,33811,20
12.9882202148,80.2301177979,35711,35727,16
12.989979744,80.2277069092,35759,35779,20
12.990940094,80.2313537598,36083,36104,21
12.9896097183,80.2248764038,37731,37747,16
13.0255203247,80.2671890259,707,727,20
13.0248498917,80.2677612305,818,848,30
13.0255403519,80.2670822144,889,909,20
13.0260601044,80.2663116455,4888,4908,20
13.0161104202,80.2597122192,18633,18663,30
13.0344800949,80.2304000854,19917,19937,20
13.0067100525,80.2578430176,24334,24354,20
13.0197696686,80.2245483398,25203,25233,30
13.0240297318,80.2283477783,27081,27101,20
13.0142002106,80.2263565063,27354,27374,20
13.0165195465,80.259727478,28172,28192,20
13.0202302933,80.2626419067,28273,28293,20
13.0264396667,80.2646408081,28465,28485,20
13.0334596634,80.267829895,28737,28758,21
13.0297603607,80.2666702271,29545,29566,21
13.0221204758,80.2634811401,29757,29778,21
13.0161600113,80.2597198486,29919,29939,20
13.0072202682,80.2587585449,30111,30131,20
13.0066099167,80.246421814,30525,30545,20
13.0074300766,80.2367324829,30727,30747,20
13.0156002045,80.2250213623,31050,31070,20
13.0219202042,80.2261123657,31212,31232,20
13.0285301208,80.2308807373,31444,31474,30
13.0342197418,80.2304000854,31989,32009,20
13.0298595428,80.2308120728,32141,32161,20
13.0197896957,80.2247009277,32676,32706,30
13.0142202377,80.2263336182,32817,32838,21
13.0083198547,80.2334594727,32969,32989,20
13.0079698563,80.2350234985,33080,33100,20
13.0079202652,80.235206604,33110,33130,20
13.0076999664,80.2363815308,33171,33191,20
13.0072402954,80.2388534546,33252,33272,20
13.0068101883,80.2414169312,33403,33423,20
13.0067195892,80.2570266724,33817,33847,30
13.0080299377,80.2588195801,33898,33918,20
13.0157003403,80.2592697144,34171,34191,20
13.0163202286,80.2596130371,34211,34231,20
13.0260295868,80.2657928467,34524,34554,30
13.0292396545,80.2663803101,34736,34756,20
13.0333795547,80.2677688599,34837,34867,30
13.0345897675,80.268119812,34948,34968,20
13.0221204758,80.2634429932,36200,36220,20
13.0160799026,80.2596817017,36372,36392,20
13.007229805,80.2586669922,36544,36564,20
13.0067300797,80.24949646,36958,36978,20
13.0155496597,80.2249984741,37835,37856,21
13.0198497772,80.2245407104,38018,38038,20
13.0205202103,80.2250671387,38068,38089,21
13.0207004547,80.225189209,38099,38119,20
13.0208902359,80.2253265381,38129,38159,30
13.0220804214,80.2262420654,38280,38301,21
13.0340795517,80.2304534912,38775,38795,20
13.034119606,80.2302780151,39371,39401,30
13.0200996399,80.2249832153,40108,40128,20
13.0084295273,80.232421875,40420,40441,21
13.0067396164,80.2429199219,40815,40835,20
13.0066995621,80.2432022095,40845,40866,21
13.0068502426,80.2507095337,41017,41037,20
13.0163402557,80.2595901489,41350,41370,20
13.0201997757,80.262588501,41451,41471,20
13.0344800949,80.2679672241,42007,42027,20
13.0345497131,80.2681427002,42027,42057,30
13.0343103409,80.268081665,42067,42087,20
13.0299797058,80.2667236328,42259,42279,20
13.0285797119,80.2663192749,42320,42340,20
13.016119957,80.2597198486,42693,42713,20
13.0065698624,80.2417221069,43360,43380,20
13.0066900253,80.2407302856,43400,43420,20
13.0155200958,80.2249832153,43895,43915,20
13.0195798874,80.2244262695,43986,44006,20
13.0243396759,80.2284317017,44137,44157,20
13.0344104767,80.2304000854,44592,44612,20
13.0270500183,80.2329101563,44975,44995,20
13.024020195,80.2283401489,45137,45157,20
13.0170898438,80.2252502441,45379,45409,30
13.0144100189,80.2262878418,45490,45510,20
13.0163402557,80.2595977783,46449,46470,21
13.0344200134,80.2679672241,49004,49024,20
13.0344495773,80.2681427002,49034,49055,21
13.0297403336,80.2666625977,49247,49267,20
13.0252199173,80.2653427124,49358,49378,20
13.0161600113,80.2597198486,49620,49640,20
13.0065097809,80.2534332275,49943,49963,20
13.006529808,80.2532119751,49974,49994,20
13.0066604614,80.2404403687,50418,50448,30
13.0112800598,80.2235183716,50701,50731,30
13.0152301788,80.2247619629,50852,50872,20
13.0068397522,80.2408676147,52781,52801,20
13.0068902969,80.2496414185,52942,52972,30
13.0068798065,80.251083374,53003,53023,20
13.0163803101,80.2596588135,53376,53397,21
13.0265102386,80.2640609741,53710,53730,20
13.0291996002,80.2661590576,53850,53871,21
13.025270462,80.2653427124,54669,54689,20
13.0220499039,80.2633895874,54760,54780,20
13.0065603256,80.2464599609,55477,55497,20
13.0292301178,80.2307662964,56355,56385,30
13.0243597031,80.2287521362,58163,58193,30
13.0239696503,80.2282867432,58213,58233,20
13.014289856,80.2263031006,58415,58435,20
13.0082702637,80.2335891724,58577,58597,20
13.0070800781,80.2395629883,58698,58718,20
13.0066795349,80.256729126,59122,59152,30
13.0202598572,80.2626800537,59425,59445,20
13.0282802582,80.2638092041,59698,59718,20
13.029299736,80.2658996582,59809,59829,20
13.0337095261,80.2679290771,60051,60081,30
13.0345602036,80.2680282593,60112,60142,30
13.0333299637,80.2678604126,60213,60243,30
13.0252399445,80.2653427124,60536,60556,20
13.0220899582,80.2634277344,60617,60637,20
13.0071697235,80.2587203979,60940,60970,30
13.0064897537,80.2531814575,61202,61222,20
13.0065498352,80.2467803955,61384,61404,20
13.0073900223,80.236831665,61657,61677,20
13.0155897141,80.2250595093,62010,62030,20
13.0219497681,80.2261505127,62152,62172,20
13.0285100937,80.2309112549,62364,62384,20
13.0336103439,80.2304992676,62616,62646,30
13.0339002609,80.2304992676,62646,62667,21
13.014380455,80.2263031006,63858,63878,20
13.0082702637,80.2334365845,64010,64040,30
13.0077600479,80.2587203979,64504,64525,21
13.0292100906,80.2665023804,65131,65151,20
13.0334100723,80.2678909302,65282,65302,20
13.0326700211,80.2677001953,66050,66070,20
13.0222101212,80.2635192871,66353,66373,20
13.0064897537,80.2532272339,66858,66878,20
13.0220003128,80.2263031006,68140,68160,20
13.0243301392,80.228477478,68221,68251,30
13.0340595245,80.2304992676,69645,69665,20
13.0335197449,80.2305603027,69675,69695,20
13.0239095688,80.2283477783,70454,70474,20
13.015130043,80.2260284424,70696,70716,20
13.0143604279,80.2263031006,70737,70767,30
13.0066795349,80.2457122803,71191,71221,30
13.0067596436,80.2509231567,71363,71393,30
13.0076398849,80.2586975098,71534,71555,21
13.0163297653,80.2596969604,71666,71686,20
13.0230197906,80.2639389038,71848,71868,20
13.032699585,80.2676010132,72686,72716,30
13.025179863,80.2653579712,72938,72958,20
13.02202034,80.263458252,73049,73070,21
13.0064096451,80.2528381348,73625,73655,30
13.0065202713,80.2467803955,73827,73847,20
13.0073404312,80.2368392944,74049,74069,20
13.015080452,80.2247619629,74423,74443,20
13.0219802856,80.2262191772,74594,74615,21
13.0243396759,80.2285308838,74655,74685,30
13.0284500122,80.2309112549,74796,74817,21
13.0239601135,80.2283172607,75796,75817,21
13.0067100525,80.2421264648,76534,76554,20
13.0066795349,80.2445907593,76675,76705,30
13.0067596436,80.2515563965,76867,76897,30
13.0344295502,80.2679824829,77796,77826,30
13.075220108,80.2749862671,1184,1204,20
13.0754098892,80.2747802734,17258,17278,20
12.9968595505,80.2560882568,20135,20165,30
12.9870901108,80.2590408325,21316,21336,20
12.9919900894,80.2530822754,21570,21594,24
12.9969501495,80.2558364868,21686,21706,20
13.0010004044,80.2672805786,21979,22000,21
13.0327196121,80.2774887085,22778,22799,21
13.0565099716,80.2818069458,23155,23175,20
13.0880098343,80.2839431763,24627,24647,20
13.0769500732,80.2873001099,25101,25117,16
13.0741701126,80.2861480713,25117,25139,22
13.0566997528,80.2819137573,25341,25362,21
13.0455904007,80.2801208496,25523,25539,16
13.0227098465,80.2721633911,25905,25922,17
13.0134000778,80.2592697144,26176,26192,16
12.9906702042,80.2560195923,26583,26600,17
12.9873199463,80.2594299316,26682,26704,22
12.9740600586,80.2584381104,28067,28097,30
12.9766597748,80.2590713501,28854,28874,20
12.9875602722,80.2560424805,29237,29253,16
12.9958496094,80.2558898926,29438,29458,20
12.9989595413,80.256072998,29529,29549,20
13.0058403015,80.2573623657,29670,29700,30
13.0085897446,80.2590026855,29751,29771,20
13.0164604187,80.2596893311,29862,29892,30
13.023900032,80.2736434937,30265,30295,30
13.0299501419,80.2767562866,30427,30447,20
13.0629501343,80.2831573486,31032,31052,20
13.0747299194,80.2862930298,31173,31194,21
13.0747299194,80.2862930298,31194,31210,16
13.0888595581,80.2902374268,31424,31454,30
13.0884599686,80.2850112915,32473,32493,20
13.0739803314,80.2861328125,32897,32927,30
13.062620163,80.2831268311,33038,33058,20
13.0569400787,80.2819366455,33149,33169,20
13.0485095978,80.2805023193,33290,33306,16
13.0456800461,80.280128479,33318,33337,19
13.0311698914,80.2773590088,33581,33597,16
13.0262098312,80.2752990723,33680,33700,20
13.0209302902,80.2698898315,33861,33881,20
13.0147695541,80.2593307495,34134,34150,16
13.0072498322,80.2604064941,34243,34264,21
13.007399559,80.2612304688,34284,34304,20
13.0032501221,80.2686767578,34455,34476,21
13.0010795593,80.2673110962,34516,34535,19
12.9956998825,80.2673492432,34637,34657,20
12.9962396622,80.2625427246,34718,34748,30
12.9964399338,80.2613601685,34778,34794,16
12.994389534,80.2526016235,35049,35069,20
12.9907503128,80.2559280396,35170,35190,20
12.9883403778,80.255821228,35973,35993,20
12.9890003204,80.255859375,36003,36033,30
12.9906597137,80.255859375,36074,36090,16
12.99518013,80.2528686523,36183,36203,20
12.9954204559,80.2531967163,36213,36236,23
12.9968900681,80.2554321289,36248,36268,20
12.9968500137,80.256942749,36329,36359,30
12.9962396622,80.2624206543,36451,36471,20
12.9962797165,80.2677001953,36592,36613,21
13.0010795593,80.267288208,36693,36713,20
13.0034599304,80.2687835693,36764,36784,20
13.0075397491,80.2667617798,36875,36891,16
13.0253601074,80.2749099731,37630,37650,20
13.0319595337,80.2775802612,37821,37841,20
13.0368003845,80.2780609131,37952,37969,17
13.0631399155,80.2831497192,38404,38425,21
13.0641298294,80.2834472656,38505,38521,16
13.0795202255,80.2881164551,40491,40507,16
13.050909996,80.2809066772,40852,40872,20
13.0309400558,80.2772827148,41245,41266,21
13.0190000534,80.2635498047,41591,41607,16
12.9957304001,80.2673416138,42146,42166,20
12.9968204498,80.2573013306,42348,42368,20
12.9872303009,80.2595977783,42953,42974,21
12.9870195389,80.2591171265,43024,43052,28
12.9871702194,80.2591629028,43062,43082,20
12.9951601028,80.2529373169,43386,43402,16
12.996219635,80.2624435425,43667,43686,19
12.9962902069,80.2677612305,43778,43798,20
13.0010995865,80.2673416138,43878,43899,21
13.0223798752,80.2716064453,44635,44665,30
13.0235004425,80.2731781006,44797,44827,30
13.0457601547,80.2800827026,45442,45458,16
13.0539503098,80.2813034058,45613,45643,30
13.0631399155,80.283203125,46236,46256,20
13.0884199142,80.2901306152,46670,46690,20
13.0888500214,80.2901611328,46700,46721,21
13.0875701904,80.2839813232,47013,47033,20
13.0887699127,80.2900466919,49021,49051,30
13.0800504684,80.2882080078,49172,49192,20
13.0754098892,80.2868423462,49253,49269,16
13.0625400543,80.2831573486,49463,49483,20
13.0502595901,80.2808303833,49675,49695,20
13.0390796661,80.2788772583,49856,49886,30
13.0242996216,80.2743301392,50199,50215,16
13.0160398483,80.2596664429,50530,50550,20
13.0151796341,80.2593688965,50570,50587,17
13.0008897781,80.267250061,50943,50973,30
12.9956798553,80.2673492432,51074,51104,30
12.9961996078,80.2625427246,51185,51215,30
12.9968500137,80.2562179565,51316,51336,20
12.9943199158,80.2525634766,51417,51437,20
12.9932098389,80.2528610229,51457,51473,16
12.9894199371,80.2559585571,51546,51566,20
12.9962396622,80.2677230835,52625,52646,21
13.0214796066,80.2704467773,53342,53362,20
13.0251398087,80.2748031616,53463,53493,30
13.0321998596,80.2774810791,53644,53664,20
13.0388803482,80.278678894,53786,53806,20
13.0563402176,80.2817611694,54139,54159,20
13.0630197525,80.2831802368,54260,54280,20
13.0877799988,80.2838973999,55370,55400,30
13.0880498886,80.281539917,55541,55571,30
13.0884895325,80.2817306519,55592,55612,20
13.0883998871,80.2848129272,55723,55743,20
13.0887498856,80.2893371582,55874,55894,20
13.0741100311,80.2861404419,56255,56276,21
13.0624599457,80.2830963135,56397,56417,20
13.0502300262,80.2807693481,56588,56609,21
13.0308303833,80.2772293091,56941,56962,21
13.0241804123,80.2742080688,57093,57113,20
13.0233697891,80.2730789185,57143,57159,16
13.0188903809,80.2630081177,57313,57343,30
13.0137195587,80.2592697144,57464,57480,16
13.0009098053,80.267250061,57805,57825,20
12.9956598282,80.267326355,57916,57946,30
12.9962100983,80.262550354,58017,58037,20
12.9885797501,80.2559585571,58400,58429,29
12.987159729,80.2596588135,58551,58571,20
12.9870595932,80.2592086792,59612,59632,20
12.9968099594,80.2570571899,60098,60117,19
13.0010299683,80.267326355,60531,60551,20
13.0164699554,80.2597427368,60985,61005,20
13.0199298859,80.2624511719,61076,61092,16
13.0191402435,80.263999939,61124,61144,20
13.0248699188,80.2746963501,61427,61447,20
13.0258903503,80.2751998901,61568,61588,20
13.0300998688,80.2768630981,62073,62103,30
13.0305500031,80.2770767212,62113,62133,20
13.0305500031,80.2770767212,62133,62149,16
13.0327501297,80.2775421143,62232,62252,20
13.0884199142,80.2901992798,63222,63252,30
13.0852203369,80.2841796875,63424,63444,20
13.0883703232,80.2837219238,64342,64362,20
13.0884399414,80.2847976685,64443,64459,16
13.0887804031,80.2893371582,64582,64602,20
13.0799999237,80.2882385254,64895,64915,20
13.0664701462,80.2842102051,65107,65127,20
13.0624399185,80.2831726074,65248,65268,20
13.0616397858,80.2829818726,65288,65318,30
13.0566701889,80.2819519043,65399,65419,20
13.0456399918,80.2802200317,65591,65611,20
13.037560463,80.2784194946,65752,65768,16
13.0330400467,80.2775192261,65851,65871,20
13.0309696198,80.2773284912,65912,65932,20
13.0259103775,80.2752380371,66023,66053,30
13.0208597183,80.2699584961,66184,66200,16
13.0160703659,80.2597732544,66425,66455,30
13.0010204315,80.2673873901,66924,66944,20
12.9961795807,80.2627410889,67257,67287,30
12.9943599701,80.2526626587,67580,67600,20
12.9907302856,80.2559585571,67701,67721,20
12.9887399673,80.2560424805,67761,67781,20
12.986579895,80.2592773438,68357,68377,20
12.9871702194,80.2592391968,68447,68467,20
12.9884500504,80.2559280396,68708,68738,30
12.9924602509,80.2530670166,68879,68899,20
12.9951295853,80.253036499,68960,68980,20
12.9967899323,80.2571334839,69101,69121,20
12.9965801239,80.2592315674,69182,69198,16
13.0010404587,80.2674331665,69503,69523,20
13.0078496933,80.2654495239,69715,69731,16
13.0283403397,80.2764205933,70556,70576,20
13.0299501419,80.2769165039,70606,70633,27
13.0327196121,80.2776184082,70685,70705,20
13.0389499664,80.2788391113,70806,70826,20
13.0565004349,80.2819290161,71159,71180,21
13.0631198883,80.2833023071,71291,71311,20
13.0880203247,80.2815170288,72904,72925,21
13.088350296,80.2850799561,73147,73163,16
13.057510376,80.2820968628,73882,73902,20
13.0509500504,80.2809066772,74013,74033,20
13.0502700806,80.2808303833,74053,74073,20
13.0389604568,80.2788619995,74305,74326,21
13.0259199142,80.2752685547,74588,74608,20
13.0208101273,80.2699127197,74739,74760,21
13.0013303757,80.2675476074,75345,75362,17
12.9955997467,80.2674789429,75455,75485,30
12.9961700439,80.2626190186,75566,75586,20
12.9884595871,80.2559585571,76039,76059,20
12.9885196686,80.255821228,76897,76917,20
12.9968004227,80.2570495605,77297,77318,21
12.9960899353,80.2677230835,77523,77543,20
13.0299301147,80.2767562866,78461,78478,17
13.0362596512,80.2779006958,78621,78641,20
13.0638799667,80.2833786011,79115,79135,20
13.0759096146,80.2763214111,80677,80693,16
13.0141897202,80.2259902954,18154,18174,20
12.9336795807,80.203918457,19605,19635,30
12.919960022,80.1826171875,20170,20200,30
12.9232397079,80.1204223633,20867,20890,23
12.9206495285,80.1852264404,22953,22973,20
12.9171600342,80.1931533813,23094,23114,20
12.9280195236,80.1988677979,23306,23326,20
12.9294996262,80.2027435303,23348,23368,20
12.9443702698,80.2083587646,23590,23611,21
12.9762296677,80.2212371826,24085,24106,21
13.0078601837,80.2130508423,24672,24692,20
13.0292100906,80.2308731079,25158,25188,30
13.034239769,80.2301635742,26984,27005,21
13.027680397,80.2328186035,27318,27339,21
13.0231599808,80.2275390625,27500,27516,16
13.0227003098,80.227142334,27536,27558,22
13.0102396011,80.2259902954,27934,27950,16
13.0114603043,80.2232666016,27962,27983,21
13.0109195709,80.2172775269,28063,28084,21
13.0081396103,80.2133102417,28116,28145,29
12.9974603653,80.2163391113,28358,28378,20
12.9855499268,80.2232284546,28591,28611,20
12.9832401276,80.2221908569,28661,28681,20
12.9832401276,80.2221908569,28681,28697,16
12.9442396164,80.2083969116,29396,29416,20
12.933719635,80.2039337158,29649,29669,20
12.9252195358,80.197517395,29901,29917,16
12.9172697067,80.1914367676,30111,30141,30
12.9198503494,80.1710510254,30454,30474,20
12.9224300385,80.138130188,31031,31047,16
12.9228801727,80.1258621216,31200,31220,20
12.9232397079,80.1204986572,31291,31311,20
12.9233999252,80.1202697754,31453,31473,20
12.9231300354,80.1255493164,31917,31937,20
12.9225196838,80.1434402466,32190,32210,20
12.9206495285,80.1853485107,32886,32906,20
12.9171600342,80.1932296753,33058,33078,20
12.9341201782,80.2038803101,33552,33573,21
12.9442996979,80.2083435059,33825,33845,20
12.9629297256,80.2156295776,34098,34118,20
12.9670600891,80.2173690796,34370,34390,20
12.9712400436,80.218963623,34501,34522,21
12.9760704041,80.2212295532,34693,34723,30
12.9834403992,80.2222595215,34855,34871,16
12.9898099899,80.2208786011,34984,35002,18
12.9959201813,80.2166213989,35206,35226,20
13.0174598694,80.224937439,35812,35828,16
13.0194797516,80.224357605,35850,35880,30
13.0215597153,80.2259521484,35972,36002,30
13.0219497681,80.2261734009,36043,36073,30
13.0294103622,80.2307891846,36346,36376,30
13.0302095413,80.23072052,36396,36416,20
13.0347700119,80.2302474976,36578,36598,20
13.0103797913,80.216178894,38806,38822,16
12.9832401276,80.2221832275,39379,39399,20
12.9754896164,80.2208633423,39531,39561,30
12.9538898468,80.2121887207,39853,39870,17
12.9202299118,80.1862106323,40620,40636,16
12.9235401154,80.1167602539,41670,41691,21
12.9224596024,80.1425933838,42719,42749,30
12.9225597382,80.1436386108,42790,42806,16
12.9171600342,80.1928634644,43494,43511,17
12.917140007,80.1930465698,43523,43542,19
12.9755601883,80.220916748,44623,44639,16
12.9759502411,80.2212905884,44639,44661,22
12.9826097488,80.2218399048,44782,44803,21
12.9895601273,80.2211532593,44984,45001,17
13.0186595917,80.2244796753,45618,45635,17
13.025759697,80.2305297852,45801,45824,23
13.0291099548,80.2308883667,45897,45926,29
13.0277900696,80.2309875488,48037,48053,16
13.0138702393,80.2264099121,48470,48486,16
12.9974298477,80.2163696289,49035,49055,20
12.9909000397,80.2200622559,49158,49179,21
12.9837303162,80.2224884033,49310,49330,20
12.9833498001,80.2222671509,49340,49360,20
12.9712600708,80.2192001343,49603,49623,20
12.9442396164,80.2083969116,49936,49956,20
12.9336996078,80.2039413452,50128,50148,20
12.9284496307,80.2017974854,50279,50295,16
12.9198999405,80.1824035645,50711,50727,16
12.9197797775,80.1709976196,50830,50850,20
12.9223299026,80.1630706787,50931,50953,22
12.9224500656,80.1428909302,51197,51214,17
12.9231595993,80.1209869385,51478,51508,30
12.9234600067,80.1170501709,51579,51599,20
12.9225196838,80.1437225342,53015,53036,21
12.9225196838,80.1437225342,53036,53052,16
12.9235095978,80.1581268311,53235,53252,17
12.9232997894,80.1603775024,53252,53274,22
12.9170999527,80.1930389404,53708,53728,20
12.9278297424,80.1985397339,53910,53926,16
12.9423599243,80.2069015503,54211,54227,16
12.944270134,80.2083206177,54239,54259,20
12.9749898911,80.2205581665,54632,54653,21
12.9761400223,80.2212371826,54683,54703,20
12.9862804413,80.2229232788,54875,54891,16
12.9904098511,80.2203063965,54953,54974,21
12.997469902,80.2161026001,55145,55162,17
13.0077199936,80.2129211426,55355,55375,20
13.0240497589,80.2280883789,55724,55746,22
13.0286998749,80.230796814,55839,55859,20
13.0347204208,80.2302398682,56039,56069,30
13.0299396515,80.2307891846,57058,57078,20
13.029709816,80.2308502197,57089,57109,20
13.0272197723,80.2329025269,57200,57230,30
13.0230302811,80.2273864746,57361,57381,20
13.0226697922,80.2270584106,57401,57417,16
13.008649826,80.2136535645,57945,57975,30
13.0085601807,80.2135467529,57985,58005,20
13.0079898834,80.2132415771,58066,58096,30
12.9949197769,80.2171401978,58348,58364,16
12.9832000732,80.2221298218,58589,58609,20
12.9701700211,80.2187194824,58982,58998,16
12.9303798676,80.20287323,59556,59574,18
12.91726017,80.1913909912,59949,59970,21
12.9203300476,80.1843795776,60091,60121,30
12.9200201035,80.1829528809,60151,60168,17
12.9198198318,80.1708908081,60321,60341,20
12.922750473,80.1521911621,60573,60593,20
12.9227199554,80.1517028809,60614,60630,16
12.9226999283,80.1312026978,60986,61002,16
12.9233398438,80.1201934814,62084,62105,21
12.9230499268,80.1253967285,62589,62609,20
12.9229402542,80.1279373169,62801,62821,20
12.9228000641,80.1311035156,62922,62942,20
12.9225196838,80.1441497803,63185,63201,16
12.9227600098,80.1517486572,63294,63314,20
12.9236698151,80.1566619873,63415,63431,16
12.9194602966,80.180229187,63736,63752,16
12.9206600189,80.1855621338,63815,63845,30
12.9340200424,80.2039794922,64431,64452,21
12.9348697662,80.2040710449,64472,64490,18
12.975520134,80.2208480835,65148,65168,20
12.9761199951,80.2213134766,65209,65229,20
12.9911804199,80.2198486328,65582,65602,20
12.9970197678,80.2165298462,65724,65754,30
12.9975996017,80.2161026001,65774,65790,16
13.0037202835,80.212097168,65913,65934,21
13.0130300522,80.2222671509,66236,66253,17
13.0153198242,80.2249832153,66337,66358,21
13.0288600922,80.2308807373,66996,67016,20
13.0349197388,80.2303009033,67234,67256,22
13.0340795517,80.2304077148,67731,67747,16
13.030790329,80.2308425903,67789,67809,20
13.0251502991,80.2297515869,68345,68366,21
13.0198802948,80.2249221802,68557,68578,21
13.0099601746,80.2266235352,68739,68755,16
13.0083198547,80.213470459,69030,69050,20
13.0081996918,80.2134017944,69050,69070,20
13.0080795288,80.2133712769,69070,69090,20
12.9975404739,80.2162094116,69313,69343,30
12.9899997711,80.2208404541,69636,69666,30
12.9893598557,80.2214736938,69777,69807,30
12.9889202118,80.2221679688,69898,69918,20
12.9825696945,80.2219772339,70332,70352,20
12.9756002426,80.2211608887,70504,70524,20
12.9709300995,80.2192230225,70615,70635,20
12.9689998627,80.2183685303,70686,70702,16
12.9411296844,80.2061386108,71087,71108,21
12.9334402084,80.2039718628,71229,71249,20
12.9298400879,80.2028808594,71320,71340,20
12.9198799133,80.1826629639,71875,71895,20
12.9224300385,80.1625213623,72178,72194,16
12.9226703644,80.1522598267,72357,72374,17
12.9231901169,80.1201477051,72841,72861,20
12.9235200882,80.1169967651,73013,73033,20
12.9228696823,80.1528167725,74458,74475,17
12.9171600342,80.1923522949,74961,74977,16
12.9284696579,80.2013702393,75252,75269,17
12.975060463,80.2206192017,75960,75980,20
12.9752902985,80.2206878662,75990,76020,30
13.0075597763,80.2128372192,76787,76804,17
13.0537204742,80.2259216309,130,147,17
13.0516901016,80.2303085327,300,330,30
13.0365800858,80.2305984497,623,639,16
13.0266799927,80.2330169678,833,853,20
13.0173902512,80.2250595093,994,1010,16
13.0066604614,80.244102478,1276,1296,20
13.0067996979,80.2506637573,1346,1363,17
12.9978504181,80.2563705444,1556,1576,20
12.9978504181,80.2563705444,1576,1593,17
13.0209903717,80.2254714966,11889,11905,16
13.0455198288,80.2259063721,13028,13044,16
13.0520296097,80.2293777466,14207,14223,16
13.028260231,80.2662200928,15348,15367,19
13.0284795761,80.2502975464,15610,15630,20
13.0291500092,80.2485275269,15630,15646,16
13.0241498947,80.2431335449,15729,15751,22
12.9977197647,80.2559890747,16205,16225,20
12.9946403503,80.2559432983,16598,16614,16
13.0260601044,80.2312774658,17334,17350,16
13.0457000732,80.2296218872,17707,17723,16
13.0533800125,80.2242202759,17987,18008,21
13.0491399765,80.2069320679,18435,18464,29
13.0512304306,80.2166290283,18648,18670,22
13.053609848,80.2503890991,19348,19368,20
13.0200796127,80.2630081177,20056,20075,19
12.9978704453,80.2563323975,25083,25103,20
12.9974002838,80.2559509277,25123,25143,20
12.9881496429,80.255821228,25274,25295,21
12.9881496429,80.255821228,25295,25311,16
12.9652795792,80.2473983765,25636,25652,16
12.9635601044,80.2467575073,25674,25704,30
12.9521903992,80.2418212891,25886,25902,16
12.9073896408,80.2283935547,26410,26430,20
12.9073896408,80.2283935547,26430,26446,16
12.8793802261,80.2110366821,27014,27034,20
12.8747301102,80.2101516724,27145,27165,20
12.8792200089,80.2109985352,27357,27387,30
12.8854503632,80.2266998291,27700,27726,26
12.8924303055,80.2273483276,27799,27819,20
12.9005002975,80.2278518677,28029,28049,20
12.9024600983,80.2279586792,28090,28120,30
12.9140195847,80.2292709351,28382,28402,20
12.9336500168,80.232749939,28665,28685,20
12.9472904205,80.239982605,28917,28937,20
12.974360466,80.25050354,29431,29452,21
12.978969574,80.2525405884,29522,29538,16
12.9798498154,80.2525405884,29538,29561,23
12.9812097549,80.244102478,29742,29772,30
12.9812297821,80.2438964844,29783,29813,30
12.9813699722,80.2433319092,29823,29843,20
12.9816598892,80.2333221436,30124,30144,20
12.9820203781,80.2323303223,30164,30184,20
12.9769601822,80.2228622437,30396,30416,20
12.977230072,80.2227020264,30426,30446,20
12.9827804565,80.2219161987,30588,30608,20
12.9903697968,80.2204437256,30790,30810,20
12.9941301346,80.2176437378,30901,30921,20
12.9975299835,80.2161178589,31022,31052,30
12.9992198944,80.2146606445,31102,31119,17
13.003660202,80.2119522095,31212,31234,22
13.0066204071,80.2097015381,31405,31425,20
13.0136203766,80.2045822144,31677,31698,21
13.0122203827,80.2123184204,31839,31855,16
13.0122003555,80.2269668579,33602,33619,17
12.9977798462,80.2165527344,33965,33985,20
12.9820299149,80.2317428589,34783,34803,20
12.9652996063,80.2474136353,35591,35611,20
12.9641704559,80.2470092773,35732,35752,20
12.8844995499,80.2267303467,37397,37413,16
12.8792104721,80.2109832764,38232,38262,30
12.8764400482,80.2267379761,38424,38452,28
12.8852901459,80.2266387939,38554,38574,20
12.9027996063,80.2279510498,38935,38956,21
12.9562702179,80.243270874,39934,39954,20
12.963060379,80.2464370728,40065,40085,20
12.9669504166,80.2480010986,40146,40166,20
12.9803600311,80.2509384155,40388,40404,16
12.9812402725,80.2366027832,40658,40675,17
12.9805698395,80.2288970947,40838,40860,22
12.9797296524,80.2273635864,40872,40892,20
12.9772796631,80.2226791382,40972,40993,21
12.988120079,80.2228164673,41286,41302,16
13.0078601837,80.2080612183,41920,41937,17
13.0131597519,80.2103271484,42211,42227,16
12.9974603653,80.2165298462,43682,43702,20
12.9763498306,80.2217178345,44156,44186,30
12.9775495529,80.2238006592,44237,44253,16
12.9816198349,80.2334976196,44457,44477,20
12.9807100296,80.2496032715,44709,44725,16
12.949640274,80.2410125732,45382,45402,20
12.9387197495,80.2352828979,45604,45620,16
12.9244604111,80.2308273315,45844,45860,16
12.9016199112,80.2280502319,46165,46195,30
12.8764200211,80.2266082764,46558,46578,20
12.8790998459,80.2109298706,46730,46750,20
12.8773202896,80.2216033936,47456,47472,16
12.8764400482,80.2268066406,47504,47524,20
12.8959503174,80.2275924683,47787,47803,16
12.9002599716,80.2278137207,47835,47865,30
12.9195699692,80.2300186157,48189,48205,16
12.9799604416,80.2522964478,48984,49004,20
12.9812097549,80.2438201904,49085,49101,16
12.9813604355,80.2427978516,49101,49121,20
12.9816799164,80.2332687378,49276,49296,20
12.9817895889,80.2309188843,49326,49342,16
12.9771499634,80.2226409912,49516,49536,20
12.9904499054,80.2203826904,49980,50000,20
13.0068397522,80.2097015381,50384,50404,20
13.0069704056,80.2097473145,50414,50434,20
13.012960434,80.2109909058,50787,50803,16
13.0120697021,80.2202682495,52926,52942,16
13.0103998184,80.2227401733,53186,53206,20
12.9832401276,80.2221298218,53741,53771,30
12.982170105,80.2217330933,53801,53817,16
12.9761800766,80.2215576172,53900,53930,30
12.980509758,80.2287216187,54072,54088,16
12.9813499451,80.242767334,54312,54328,16
12.949090004,80.2407836914,55026,55046,20
12.9391698837,80.2354812622,55238,55258,20
12.9373598099,80.2345809937,55288,55304,16
12.8995895386,80.2278594971,55933,55963,30
12.8927602768,80.2274703979,56064,56080,16
12.8779602051,80.2185897827,56385,56401,16
12.879119873,80.2109527588,56443,56464,21
12.876449585,80.226890564,57543,57563,20
12.8949403763,80.2275466919,57886,57902,16
12.9396400452,80.2356491089,58709,58729,20
12.9471597672,80.2399520874,58820,58840,20
12.9588699341,80.244468689,59093,59113,20
12.9816398621,80.2333297729,59858,59879,21
12.9836196899,80.222442627,60322,60338,16
13.007519722,80.2045898438,61069,61085,16
13.0136003494,80.2046966553,61198,61218,20
13.0150995255,80.2247695923,62550,62570,20
12.9832201004,80.2221374512,63488,63508,20
12.9763298035,80.2217483521,63640,63670,30
12.9820404053,80.2318878174,63892,63908,16
12.9817495346,80.2332763672,63940,63960,20
12.9626598358,80.246383667,64634,64651,17
12.9594898224,80.2449188232,64673,64693,20
12.9563999176,80.2436294556,64742,64764,22
12.9469604492,80.2399902344,64965,64992,27
12.9340000153,80.2330932617,65226,65246,20
12.9134101868,80.2293701172,65538,65559,21
12.9067001343,80.2283782959,65690,65706,16
12.9059696198,80.2283401489,65718,65738,20
12.8994197845,80.2279434204,65849,65879,30
12.8884401321,80.2274169922,66051,66071,20
12.879070282,80.2110214233,66485,66505,20
12.874710083,80.2101898193,66586,66609,23
12.8764400482,80.2268981934,67146,67176,30
12.9192399979,80.2300872803,68134,68154,20
12.926440239,80.2310409546,68255,68275,20
12.9336204529,80.2328186035,68396,68426,30
12.9395599365,80.2356567383,68547,68567,20
12.9436798096,80.237411499,68648,68668,20
12.9471197128,80.2399597168,68828,68848,20
12.9511604309,80.2414627075,69141,69171,30
12.9589500427,80.2445602417,69352,69373,21
12.9787302017,80.252571106,69827,69843,16
12.979929924,80.2524185181,69843,69873,30
12.9812803268,80.2429428101,70036,70057,21
12.9813098907,80.2399597168,70117,70133,16
12.9812602997,80.2385025024,70156,70176,20
12.9812602997,80.2380599976,70186,70205,19
12.9816303253,80.2333602905,70297,70317,20
12.9773902893,80.2237625122,70620,70650,30
12.9770698547,80.2232666016,70680,70700,20
12.9769001007,80.2229309082,70711,70731,20
12.9771604538,80.2227706909,70741,70761,20
12.9829797745,80.222076416,70963,70979,16
12.9912595749,80.2197723389,71213,71233,20
13.0064601898,80.2029571533,71899,71915,16
13.0129899979,80.2108230591,72139,72155,16
13.0105199814,80.2252120972,73298,73328,30
12.9975099564,80.2165603638,73641,73661,20
12.9957399368,80.2167510986,73742,73772,30
12.9950504303,80.2170333862,73792,73822,30
12.9907398224,80.2201690674,73893,73923,30
12.9839200974,80.222618103,74216,74236,20
12.9763202667,80.221862793,74488,74518,30
12.9780302048,80.2246704102,74589,74605,16
12.9785404205,80.2254714966,74605,74626,21
12.9555501938,80.2433319092,75626,75642,16
12.9313402176,80.2320404053,76068,76084,16
12.8749198914,80.2101898193,77245,77265,20
12.8764400482,80.2268829346,77528,77549,21
12.8829803467,80.2266464233,77629,77645,16
12.9058799744,80.2281570435,78001,78031,30
12.9813804626,80.2424926758,79474,79490,16
13.0067996979,80.2097015381,80602,80630,28
13.009059906,80.2108001709,80926,80945,19
13.0069198608,80.2400970459,81430,81450,20
12.9977798462,80.256942749,21247,21267,20
12.9977798462,80.2567977905,21267,21287,20
12.9977703094,80.2562179565,21702,21732,30
13.0003700256,80.2657012939,22066,22086,20
12.9957704544,80.2673416138,23196,23216,20
12.9962797165,80.2625579834,23287,23307,20
12.9969701767,80.2559280396,23398,23418,20
13.0047798157,80.2571105957,23549,23565,16
13.0067501068,80.2532196045,23618,23638,20
13.0074796677,80.236618042,23921,23937,16
13.0112895966,80.2234573364,24060,24081,21
13.0261001587,80.2312698364,24455,24471,16
13.0284004211,80.2308883667,24493,24513,20
13.028550148,80.2240905762,24745,24761,16
13.0356798172,80.2060775757,25430,25446,16
13.0369501114,80.1975326538,25600,25623,23
13.0466899872,80.2121582031,26222,26242,20
13.0468597412,80.2121582031,26252,26282,30
13.0498695374,80.2120666504,28291,28307,16
13.049539566,80.2121582031,28307,28329,22
13.0398197174,80.1932601929,28925,28945,20
13.0386695862,80.1928405762,28965,28985,20
13.0372400284,80.1960372925,29066,29086,20
13.0363702774,80.2018203735,29217,29238,21
13.0354404449,80.2084197998,29359,29389,30
13.0325202942,80.2119064331,29490,29510,20
13.0306396484,80.2092666626,29591,29621,30
13.0300397873,80.2095718384,29651,29670,19
13.0307197571,80.2169494629,29873,29894,21
13.0322198868,80.2203521729,29994,30015,21
13.0311403275,80.2239303589,30085,30105,20
13.0290203094,80.2242279053,30156,30176,20
13.0303602219,80.2282562256,30327,30348,21
13.0305700302,80.2307434082,30408,30424,16
13.0210103989,80.2255172729,30759,30776,17
13.019900322,80.2247619629,30776,30798,22
13.0082397461,80.233581543,31040,31070,30
13.0068998337,80.2405700684,31242,31272,30
13.0066995621,80.2456588745,31403,31423,20
13.0068798065,80.2496032715,31494,31514,20
13.0066003799,80.2550888062,31595,31615,20
13.0002002716,80.2563934326,31847,31868,21
12.9962100983,80.2677383423,32211,32231,20
13.0000896454,80.2666625977,32291,32312,21
12.9956998825,80.2673187256,33533,33553,20
12.9962301254,80.2625732422,33644,33664,20
12.9965295792,80.2594985962,33724,33745,21
12.9988803864,80.2560424805,34017,34047,30
13.0036802292,80.2569503784,34199,34215,16
13.0066204071,80.2531661987,34318,34337,19
13.0067501068,80.249671936,34480,34500,20
13.0067596436,80.249458313,34500,34521,21
13.0066995621,80.249458313,34581,34611,30
13.0066099167,80.2416915894,35045,35066,21
13.0151700974,80.2247695923,35439,35469,30
13.0225200653,80.2266082764,35792,35812,20
13.0230998993,80.227180481,35853,35883,30
13.023639679,80.2276382446,35903,35923,20
13.0240898132,80.2279891968,35984,36004,20
13.0295600891,80.2308197021,36236,36262,26
13.0307998657,80.2306365967,36295,36315,20
13.0311899185,80.2241821289,36587,36604,17
13.0304298401,80.2158889771,36807,36824,17
13.035369873,80.2083587646,37239,37259,20
13.0363702774,80.2016372681,37401,37421,20
13.0371799469,80.1961212158,37552,37572,20
13.0401802063,80.2044296265,37959,37975,16
13.0441398621,80.2090072632,38088,38108,20
13.0466499329,80.2122268677,38270,38300,30
13.0489797592,80.2072296143,38512,38532,20
13.049489975,80.2121582031,39105,39125,20
13.0373697281,80.1949310303,39822,39838,16
13.0364303589,80.2018203735,39972,39992,20
13.0354404449,80.2083969116,40133,40154,21
13.0302801132,80.2091217041,40396,40426,30
13.0303602219,80.2147216797,40598,40618,20
13.0312004089,80.2238616943,40850,40870,20
13.0285596848,80.2270812988,41021,41042,21
13.030380249,80.2307434082,41193,41213,20
13.0275201797,80.2329025269,41324,41344,20
13.0267496109,80.2329864502,41375,41397,22
13.024140358,80.2285003662,41529,41559,30
13.024140358,80.2283782959,41569,41585,16
13.0141897202,80.2263412476,41739,41759,20
13.0067100525,80.243347168,42264,42294,30
13.0068798065,80.2495880127,42435,42455,20
13.0065803528,80.2551269531,42587,42607,20
13.0029802322,80.2567520142,42728,42748,20
13.0011501312,80.256690979,42847,42867,20
12.9976797104,80.2562408447,43180,43200,20
12.9967002869,80.2581787109,43281,43297,16
13.0001001358,80.2665176392,43541,43561,20
12.9957304001,80.2674179077,43884,43914,30
12.9962301254,80.2626495361,43995,44015,20
12.9987802505,80.2560577393,44288,44318,30
12.9992904663,80.2561035156,44379,44395,16
13.0065002441,80.25756073,44499,44519,20
13.0065002441,80.2532806396,44590,44610,20
13.0068101883,80.2497024536,44721,44741,20
13.0065803528,80.2467269897,44943,44973,30
13.0073900223,80.2369232178,45167,45187,20
13.0076599121,80.2356796265,45217,45233,16
13.0110397339,80.2239074707,45367,45387,20
13.0154895782,80.2250213623,45508,45528,20
13.0173797607,80.2249679565,45568,45584,16
13.028169632,80.2309036255,45859,45875,16
13.0286903381,80.2240066528,46191,46221,30
13.032119751,80.2198410034,46363,46383,20
13.0303602219,80.2145614624,46524,46544,20
13.031539917,80.2093734741,46736,46756,20
13.0356702805,80.2057113647,46907,46924,17
13.0378303528,80.192779541,47188,47208,20
13.0408201218,80.1993637085,47450,47471,21
13.0410203934,80.2049331665,47592,47612,20
13.0431404114,80.2055435181,47642,47663,21
13.0431404114,80.2055435181,47663,47679,16
13.0441503525,80.2089691162,47691,47711,20
13.0470895767,80.2119522095,47862,47882,20
13.0489196777,80.2072677612,48024,48054,30
13.0494804382,80.2121429443,48942,48972,30
13.0407896042,80.205116272,49285,49305,20
13.0368003845,80.198600769,49830,49850,20
13.0353803635,80.2083892822,50052,50082,30
13.032699585,80.2119369507,50183,50203,20
13.0300397873,80.2095413208,50345,50375,30
13.0303401947,80.2146224976,50536,50557,21
13.0306301117,80.2169189453,50607,50627,20
13.0321903229,80.2202377319,50728,50748,20
13.0311203003,80.2237472534,50809,50829,20
13.0290203094,80.2242202759,50890,50910,20
13.0298299789,80.230796814,51152,51182,30
13.016119957,80.2256011963,51656,51673,17
13.0082502365,80.2334671021,51866,51887,21
13.0068902969,80.2405395508,52018,52038,20
13.0068397522,80.2495803833,52179,52199,20
13.0065803528,80.2548980713,52331,52351,20
13.0017795563,80.2566070557,52583,52613,30
13.0017204285,80.2565994263,52613,52634,21
12.9978199005,80.2559585571,52775,52805,30
13.0001001358,80.2665100098,53148,53178,30
13.0002603531,80.265838623,53198,53219,21
13.000459671,80.2660522461,54165,54186,21
12.9959201813,80.2671508789,54418,54438,20
12.9988203049,80.2560272217,54690,54710,20
13.0062303543,80.25730896,54922,54952,30
13.0066003799,80.2524490356,55104,55134,30
13.0067596436,80.2403182983,55477,55507,30
13.0067596436,80.2403182983,55507,55523,16
13.0154399872,80.2249832153,55830,55850,20
13.0183401108,80.2245025635,55901,55917,16
13.0303602219,80.2283172607,56353,56373,20
13.0303401947,80.2280426025,56383,56399,16
13.0286397934,80.2271728516,56421,56442,21
13.0288000107,80.2240066528,56512,56532,20
13.0304698944,80.2098693848,57017,57047,30
13.0300703049,80.2089920044,57078,57108,30
13.0352602005,80.2088394165,57188,57209,21
13.0354003906,80.2087020874,57209,57239,30
13.0363397598,80.2015228271,57350,57380,30
13.0363998413,80.201499939,57380,57400,20
13.0367803574,80.1984100342,57421,57441,20
13.0413503647,80.196762085,57693,57713,20
13.040430069,80.2050933838,57844,57861,17
13.0469398499,80.2121582031,58115,58145,30
13.0450601578,80.2124099731,59306,59326,20
13.0441598892,80.209777832,59482,59506,24
13.0397701263,80.1932373047,59931,59951,20
13.0363702774,80.2018814087,60173,60194,21
13.0300598145,80.2095489502,60538,60558,20
13.0322303772,80.2202682495,60841,60861,20
13.0306997299,80.2305908203,61174,61204,30
13.0247297287,80.229133606,61476,61497,21
13.0200796127,80.2248382568,61628,61648,20
13.0082502365,80.2336196899,61880,61900,20
13.0068597794,80.2495880127,62213,62241,28
12.9996995926,80.2562866211,62695,62716,21
12.9968900681,80.2568969727,62817,62837,20
12.9961595535,80.2633514404,62958,62974,16
13.0004997253,80.2668380737,63682,63703,21
13.0001897812,80.2664794922,63783,63804,21
13.0059099197,80.2574234009,64893,64914,21
13.0065097809,80.2532272339,65003,65025,22
13.0067796707,80.2496566772,65085,65105,20
13.0066204071,80.2468566895,65267,65287,20
13.0065803528,80.2456970215,65338,65358,20
13.0065803528,80.2416992188,65459,65479,20
13.0073900223,80.2370605469,65620,65650,30
13.0152301788,80.2248382568,65973,65993,20
13.0191402435,80.2243423462,66064,66094,30
13.0251903534,80.2296600342,66286,66306,20
13.0302000046,80.230796814,66711,66731,20
13.0306196213,80.2307891846,66741,66761,20
13.0303401947,80.2285003662,66812,66832,20
13.0287399292,80.2240829468,66994,67014,20
13.0311803818,80.2231521606,67084,67105,21
13.0321798325,80.2203369141,67165,67195,30
13.0322198868,80.2197723389,67216,67236,20
13.0303401947,80.2145767212,67377,67407,30
13.0300397873,80.2096862793,67539,67569,30
13.0351295471,80.2096328735,67710,67726,16
13.0352401733,80.2089080811,67738,67759,21
13.041390419,80.1966629028,68364,68384,20
13.0410995483,80.2052612305,68566,68586,20
13.0441303253,80.2089004517,68676,68697,21
13.0442304611,80.2116470337,68748,68768,20
13.0467195511,80.2122879028,68818,68839,21
13.0469303131,80.2123031616,68849,68869,20
13.0469903946,80.2112731934,68909,68925,16
13.0485401154,80.2108917236,68958,68978,20
13.0471601486,80.2123794556,70086,70116,30
13.0439996719,80.2079467773,70511,70527,16
13.0395202637,80.1949615479,70862,70878,16
13.0321598053,80.2191696167,71798,71828,30
13.03221035,80.2203216553,71828,71848,20
13.03221035,80.2203521729,71848,71868,20
13.0303096771,80.2275009155,72110,72127,17
13.0298299789,80.2308273315,72381,72401,20
13.014380455,80.2262420654,72896,72916,20
13.0023603439,80.2567214966,73794,73823,29
12.9995298386,80.2562713623,73915,73935,20
12.9984502792,80.2672576904,74309,74335,26
12.9956502914,80.2674407959,74973,74993,20
13.0064201355,80.2574691772,75598,75619,21
13.0065698624,80.2465362549,75942,75962,20
13.0069999695,80.2387924194,76093,76109,16
13.0074195862,80.2367019653,76121,76141,20
13.0193004608,80.224319458,76515,76535,20
13.0225696564,80.2268066406,76606,76622,16
13.0258197784,80.2306213379,76694,76714,20
13.0286102295,80.227180481,77028,77048,20
13.0288200378,80.2240371704,77139,77159,20
13.0311498642,80.2232437134,77229,77250,21
13.0321798325,80.2198181152,77350,77371,21
13.0303602219,80.2145462036,77532,77552,20
13.0355300903,80.205329895,77936,77956,20
13.0367603302,80.1983566284,78087,78107,20
13.0370597839,80.1962280273,78158,78174,16
13.0388402939,80.1928787231,78247,78267,20
13.0404396057,80.2027435303,78529,78545,16
13.0441303253,80.2090911865,78657,78679,22
13.0490503311,80.2073974609,79406,79436,30
13.0142498016,80.2262802124,81593,81614,21
13.0131702423,80.2266769409,81634,81651,17
13.0003099442,80.256439209,82228,82244,16
12.9986400604,80.2561264038,82244,82265,21
13.0003595352,80.2645263672,83015,83035,20
12.997759819,80.2560119629,83186,83206,20
13.0493898392,80.2069091797,22794,22815,21
13.0695199966,80.2053909302,23198,23218,20
13.0680103302,80.2053604126,23279,23309,30
13.0690002441,80.204750061,23490,23511,21
13.0341901779,80.2121429443,24155,24176,21
13.0295600891,80.2089385986,24287,24308,21
13.0190696716,80.2063369751,24469,24489,20
13.0131196976,80.2060775757,24620,24636,16
13.009349823,80.2110977173,24820,24837,17
12.9758701324,80.2202682495,25707,25727,20
12.9762296677,80.2215805054,25757,25787,30
12.9801197052,80.2522735596,26312,26332,20
12.9804601669,80.2526321411,26352,26368,16
12.9874801636,80.2582473755,26612,26628,16
12.9872198105,80.2595825195,26628,26651,23
12.9870996475,80.2595596313,26659,26681,22
12.9813699722,80.2427520752,28410,28426,16
12.9813804626,80.2423019409,28426,28446,20
12.9812698364,80.2378616333,28499,28518,19
12.9819803238,80.2316131592,28670,28686,16
12.9755296707,80.220916748,28900,28930,30
12.9838495255,80.2177963257,29172,29193,21
12.991900444,80.2193374634,29324,29340,16
12.9975996017,80.2160720825,29423,29444,21
13.0072498322,80.2098236084,29706,29736,30
13.0081396103,80.2095794678,29777,29793,16
13.0303096771,80.2090301514,30269,30286,17
13.0350399017,80.2113037109,30388,30409,21
13.0367803574,80.2122573853,30459,30480,21
13.0367803574,80.2122573853,30480,30497,17
13.0485601425,80.2120513916,30760,30781,21
13.0575799942,80.2113876343,30902,30919,17
13.0631198883,80.2115478516,30981,31001,20
13.0652399063,80.2112731934,31668,31688,20
13.0519304276,80.2121734619,31940,31970,30
13.0512199402,80.212272644,31991,32007,16
13.0349702835,80.2122497559,32412,32442,30
13.0340795517,80.212097168,32463,32493,30
13.0337400436,80.212059021,32513,32529,16
13.0305404663,80.2092666626,32602,32622,20
13.0295801163,80.2090072632,32642,32672,30
13.0295801163,80.2090072632,32672,32693,21
13.0242900848,80.2069091797,32776,32796,20
13.0191402435,80.2063827515,32907,32928,21
13.0169200897,80.2055511475,32998,33014,16
13.0096197128,80.2111282349,33330,33360,30
13.0122404099,80.2207183838,33582,33598,16
13.015080452,80.2247390747,33671,33691,20
12.9976501465,80.2165222168,34094,34115,21
12.9963102341,80.2166213989,34155,34171,16
12.9763097763,80.221786499,34647,34667,20
12.9820804596,80.2321777344,34960,34980,20
12.9816398621,80.233543396,35030,35051,21
12.9801197052,80.252281189,35404,35424,20
12.9880199432,80.2517776489,35888,35908,20
12.9877195358,80.2555084229,36019,36035,16
12.9874000549,80.2586975098,37237,37257,20
12.987859726,80.2529983521,37518,37548,30
12.9803199768,80.250869751,37861,37878,17
12.9813404083,80.2401199341,38061,38091,30
12.9813404083,80.2397079468,38102,38122,20
12.9976396561,80.2159805298,39290,39306,16
13.0068702698,80.2096862793,39520,39540,20
13.0297002792,80.2088165283,40145,40165,20
13.0317497253,80.2093582153,40215,40232,17
13.0496101379,80.2119903564,40619,40649,30
13.0695199966,80.2053375244,40991,41011,20
13.0682001114,80.2049636841,41304,41324,20
13.0683498383,80.2049865723,41324,41344,20
13.0697002411,80.2048187256,41384,41406,22
13.0546998978,80.211517334,41688,41708,20
13.0373802185,80.2124404907,42192,42208,16
13.0351200104,80.2122421265,42241,42261,20
13.0341701508,80.212097168,42281,42310,29
13.0243396759,80.2069015503,42543,42563,20
13.0093898773,80.2111434937,42957,42977,20
13.0125398636,80.2217330933,43158,43174,16
13.0153598785,80.2250976563,43217,43237,20
12.9762096405,80.2216186523,44175,44195,20
12.9794597626,80.2269592285,44316,44332,16
12.9813499451,80.2428436279,44586,44607,21
12.9828901291,80.2525405884,44788,44818,30
12.9871702194,80.2595825195,45383,45403,20
12.9870500565,80.2591094971,47116,47136,20
12.9875602722,80.2563171387,47207,47227,20
12.9875802994,80.2561416626,47237,47267,30
12.9798603058,80.252243042,47479,47499,20
12.9799499512,80.2519378662,47509,47525,16
12.9806499481,80.2289428711,47951,47971,20
12.9960803986,80.2165603638,48596,48613,17
12.9975700378,80.2160720825,48613,48635,22
12.9991903305,80.2147293091,48715,48736,21
13.007519722,80.2049179077,49058,49074,16
13.0350198746,80.2113189697,49591,49611,20
13.0349502563,80.2118835449,49631,49651,20
13.0369997025,80.2123031616,49702,49722,20
13.0496501923,80.2120285034,50053,50069,16
13.0695800781,80.2056427002,51190,51206,16
13.0586595535,80.2116012573,51401,51421,20
13.0576295853,80.2116088867,51441,51462,21
13.0495700836,80.2121582031,51623,51643,20
13.0342102051,80.2121200562,51875,51895,20
13.0312299728,80.2094421387,51986,52002,16
13.0190496445,80.2063293457,52199,52219,20
13.0096797943,80.2112426758,52532,52562,30
12.9951400757,80.2169876099,53207,53228,21
12.9762401581,80.2215805054,53591,53611,20
12.981300354,80.2386779785,53893,53923,30
12.9801397324,80.2520675659,54095,54115,20
12.9872303009,80.2593307495,54829,54859,30
12.9811201096,80.2443771362,56494,56514,20
12.9813404083,80.2430496216,56605,56635,30
12.981300354,80.2398300171,56706,56726,20
12.9873504639,80.2182235718,57402,57430,28
13.0074100494,80.2098312378,57885,57905,20
13.0240001678,80.2066116333,58309,58325,16
13.0350399017,80.2113418579,58528,58549,21
13.0353498459,80.2122497559,58589,58605,16
13.048330307,80.2120437622,58839,58859,20
13.0490598679,80.2119598389,58889,58905,16
13.0681400299,80.2050018311,60755,60775,20
13.0521602631,80.2122497559,61159,61175,16
13.0509595871,80.2122192383,61187,61217,30
13.0495700836,80.2122421265,61249,61270,21
13.034070015,80.2121429443,61564,61594,30
13.0142202377,80.2046508789,61998,62018,20
13.0129804611,80.2072906494,62078,62095,17
13.011590004,80.2189025879,62460,62476,16
12.975810051,80.2203598022,63377,63393,16
12.9763803482,80.2218322754,63425,63445,20
12.9818601608,80.2330780029,63667,63687,20
12.9814300537,80.2427215576,63858,63879,21
12.9872503281,80.2596130371,64514,64544,30
12.9877700806,80.2551269531,65049,65079,30
12.9877796173,80.2517166138,65129,65149,20
12.9798698425,80.2524185181,65281,65311,30
12.9811897278,80.2437362671,65412,65442,30
12.9813404083,80.2420578003,65563,65579,16
12.9806404114,80.2290267944,65934,65951,17
12.9764795303,80.2221374512,66117,66140,23
12.9758396149,80.2212905884,66140,66162,22
13.0035800934,80.212097168,66899,66920,21
13.0054397583,80.2093429565,67021,67041,20
13.0073900223,80.2099075317,67152,67172,20
13.0075798035,80.2062835693,67253,67269,16
13.0165596008,80.2051467896,67543,67559,16
13.0314998627,80.2093963623,67895,67915,20
13.0314998627,80.2093963623,67915,67932,17
13.0349903107,80.2113418579,68013,68034,21
13.0359296799,80.2123336792,68125,68155,30
13.0482702255,80.2121429443,68498,68514,16
13.0499000549,80.2119827271,68557,68577,20
13.0633001328,80.2115402222,68789,68809,20
13.0636196136,80.2115707397,68819,68839,20
13.0697402954,80.2050018311,69475,69495,20
13.0617303848,80.2117767334,69717,69733,16
13.0578603745,80.211730957,69775,69796,21
13.0349302292,80.2124023438,70583,70604,21
13.0303401947,80.2092971802,70765,70782,17
13.0296297073,80.2090988159,70814,70835,21
13.0191802979,80.206451416,71006,71026,20
13.0181102753,80.2061004639,71046,71062,16
12.9988698959,80.2170410156,72153,72183,30
12.9971399307,80.2166137695,72324,72344,20
12.9762496948,80.2217636108,72916,72938,22
12.9813203812,80.2428512573,73331,73351,20
12.987159729,80.2595672607,74067,74087,20
12.987159729,80.2595672607,74087,74104,17
12.9877500534,80.2516708374,75316,75346,30
12.9798698425,80.2523574829,75508,75528,20
12.9813404083,80.2428665161,75669,75689,20
12.9813098907,80.2396621704,75760,75776,16
12.9812602997,80.2380828857,75796,75818,22
12.9815797806,80.2333908081,75960,75980,20
12.9764604568,80.2220993042,76252,76268,16
12.9837503433,80.2178573608,76472,76502,30
12.9873199463,80.21824646,76553,76573,20
12.9975500107,80.2160568237,76754,76774,20
12.9982204437,80.2154769897,76795,76811,16
13.0036401749,80.2119064331,76904,76924,20
13.0036401749,80.2119064331,76924,76945,21
13.0073900223,80.2098236084,77028,77048,20
13.0149297714,80.2046279907,77270,77290,20
13.0336999893,80.2098312378,77596,77612,16
13.0485601425,80.2119979858,77886,77906,20
13.0517597198,80.2120819092,77977,77993,16
13.069439888,80.2047805786,78550,78580,30
13.0505800247,80.2122116089,78953,78983,30
13.0470304489,80.2120819092,79276,79292,16
13.0506401062,80.2068786621,83648,83668,20
12.9961595535,80.2626876831,21404,21424,20
12.9981498718,80.2559432983,21586,21605,19
12.9987602234,80.2559890747,21626,21646,20
13.0065603256,80.24659729,21959,21979,20
13.0285997391,80.2240066528,22903,22921,18
13.0386800766,80.192817688,23744,23764,20
13.0494203568,80.2121887207,25682,25702,20
13.0408802032,80.2051773071,26035,26055,20
13.0387401581,80.2002868652,26186,26202,16
13.0397996902,80.1931610107,26326,26346,20
13.0364198685,80.2017364502,26578,26598,20
13.0324897766,80.2119293213,26820,26840,20
13.0301399231,80.2095031738,26921,26941,20
13.0322599411,80.220413208,27235,27255,20
13.0308599472,80.2243423462,27366,27382,16
13.014169693,80.2263793945,28091,28107,16
13.0082197189,80.2337265015,28230,28249,19
13.0068998337,80.2406692505,28351,28371,20
13.0067195892,80.2431716919,28412,28440,28
12.9978399277,80.2560272217,28934,28955,21
12.9970197678,80.2560272217,28975,28995,20
13.0003204346,80.2659683228,29328,29358,30
12.9985904694,80.2559890747,31367,31387,20
13.0073604584,80.237197876,32103,32119,16
13.019370079,80.2242889404,32565,32586,21
13.0306997299,80.2306213379,32929,32949,20
13.0314397812,80.217376709,33431,33449,18
13.0352497101,80.2086334229,33845,33865,20
13.0353498459,80.2079086304,33885,33901,16
13.0369796753,80.196937561,34126,34142,16
13.0378799438,80.1927108765,34214,34235,21
13.0387096405,80.1928329468,34255,34275,20
13.0470600128,80.2117996216,34830,34850,20
13.0494604111,80.2108078003,34931,34947,16
13.0489301682,80.2071990967,35002,35023,21
13.0491600037,80.2073669434,35522,35542,20
13.0494203568,80.2121582031,35663,35684,21
13.0397796631,80.2050018311,36017,36033,16
13.0389003754,80.1992874146,36167,36187,20
13.0392398834,80.1969528198,36237,36258,21
13.0397701263,80.1931686401,36328,36349,21
13.0386199951,80.1928482056,36379,36399,20
13.036860466,80.1985168457,36571,36591,20
13.0363998413,80.201789856,36672,36692,20
13.0354299545,80.2084121704,36843,36863,20
13.031539917,80.2095336914,37055,37071,16
13.0300397873,80.2095794678,37133,37153,20
13.0307703018,80.2168884277,37366,37386,20
13.0311899185,80.2238616943,37558,37578,20
13.0291500092,80.224281311,37638,37654,16
13.0239295959,80.2282409668,38556,38576,20
13.0108804703,80.2276306152,38818,38834,16
13.0087604523,80.2308120728,38876,38897,21
13.0085601807,80.2317733765,38917,38947,30
13.0071802139,80.2389068604,39199,39220,21
13.0070104599,80.2397079468,39250,39270,20
13.0069303513,80.2405471802,39290,39310,20
13.0067396164,80.2431869507,39361,39391,30
13.0066299438,80.2547988892,39664,39684,20
13.0020198822,80.2566833496,39835,39861,26
12.9967699051,80.2576065063,40379,40395,16
13.000120163,80.2664413452,40649,40670,21
12.9960298538,80.2640762329,41253,41269,16
13.0064601898,80.2574081421,41735,41755,20
13.0195398331,80.2243728638,42522,42542,20
13.030090332,80.230758667,42863,42883,20
13.030380249,80.2282867432,42964,42984,20
13.0352697372,80.2086486816,43681,43701,20
13.0355195999,80.2069625854,43731,43747,16
13.0363397598,80.2014694214,43830,43850,20
13.0402297974,80.2044906616,44284,44314,30
13.0418195724,80.2052536011,44385,44401,16
13.0488100052,80.2071380615,44757,44784,27
13.0382099152,80.204246521,45625,45641,16
13.039730072,80.1932067871,45865,45885,20
13.0386400223,80.1928710938,45916,45936,20
13.0375995636,80.1934661865,45976,45993,17
13.0363397598,80.2017669678,46146,46166,20
13.0354700089,80.2082290649,46297,46327,30
13.0325298309,80.2119216919,46438,46459,21
13.0300798416,80.2095184326,46580,46600,20
13.0306997299,80.2168579102,46822,46841,19
13.0311002731,80.2242889404,47024,47040,16
13.0288600922,80.2271575928,47153,47171,18
13.0300197601,80.2307891846,47284,47305,21
13.0240097046,80.2283401489,47621,47651,30
13.0234003067,80.2276611328,47672,47688,16
13.014289856,80.2263031006,47812,47832,20
13.0066795349,80.2442703247,48246,48266,20
13.0065603256,80.2550201416,48458,48478,20
13.0015001297,80.2565994263,48680,48710,30
13.0015001297,80.2565994263,48710,48726,16
12.9968395233,80.2571029663,48850,48880,30
12.9968395233,80.2561264038,49877,49898,21
12.9987897873,80.2559967041,49948,49978,30
13.0004796982,80.256362915,50029,50059,30
13.0058898926,80.2573471069,50180,50200,20
13.0064601898,80.2553100586,50261,50277,16
13.006480217,80.2532196045,50289,50308,19
13.0065698624,80.2406005859,50652,50673,21
13.0073795319,80.236869812,50733,50753,20
13.0112800598,80.2232513428,50955,50971,16
13.0156097412,80.2250671387,51074,51095,21
13.0193595886,80.224281311,51156,51176,20
13.0256299973,80.230178833,51348,51364,16
13.0284996033,80.2308731079,51417,51437,20
13.0293197632,80.230796814,51458,51488,30
13.0303297043,80.2282409668,51569,51589,20
13.0321798325,80.2198104858,51881,51902,21
13.035490036,80.205657959,52416,52432,16
13.0387401581,80.1928405762,52698,52714,16
13.0470695496,80.2117233276,53211,53232,21
13.0489196777,80.2071380615,53363,53393,30
13.0495195389,80.2122421265,55197,55216,19
13.0309495926,80.2102127075,56490,56506,16
13.0302200317,80.2308273315,57175,57205,30
13.0270395279,80.2329788208,57357,57373,16
13.0200195313,80.224899292,57536,57556,20
13.0131702423,80.2267303467,57678,57694,16
13.0068597794,80.2513580322,58106,58126,20
13.0025196075,80.2567596436,58409,58429,20
12.9990301132,80.256187439,58490,58510,20
13.0000200272,80.2666931152,58853,58869,16
12.9956502914,80.2673568726,59498,59518,20
12.9961996078,80.2625579834,59589,59609,20
12.9988098145,80.2560501099,59841,59861,20
13.0064601898,80.2566986084,60063,60079,16
13.0065803528,80.2464675903,60375,60395,20
13.0073299408,80.2373504639,60567,60587,20
13.007399559,80.2367401123,60617,60633,16
13.011349678,80.2233581543,60797,60817,20
13.0153799057,80.2248687744,60938,60958,20
13.0192203522,80.2242584229,61029,61059,30
13.0243701935,80.2285079956,61160,61190,30
13.0285596848,80.2309112549,61281,61301,20
13.0301303864,80.2307434082,61342,61372,30
13.0303497314,80.2282409668,61443,61473,30
13.0287599564,80.224029541,61594,61614,20
13.0287599564,80.224029541,61614,61630,16
13.0311803818,80.22315979,61683,61703,20
13.0304298401,80.2166290283,61885,61905,20
13.030380249,80.2145996094,61945,61965,20
13.0301399231,80.2098464966,62096,62113,17
13.0316896439,80.2093505859,62145,62165,20
13.0352697372,80.2085723877,62246,62276,30
13.0370798111,80.1963729858,62549,62569,20
13.0414304733,80.196647644,62791,62811,20
13.0410604477,80.1993408203,62882,62898,16
13.041560173,80.2052383423,63024,63047,23
13.0441799164,80.2088623047,63089,63109,20
13.0487699509,80.2107772827,63373,63389,16
13.048789978,80.2069625854,63522,63543,21
13.0490198135,80.2068481445,63543,63563,20
13.0392198563,80.1970214844,65339,65355,16
13.0386199951,80.1929626465,65458,65478,20
13.0372400284,80.1961135864,65549,65569,20
13.0354604721,80.2084121704,65872,65902,30
13.0307302475,80.2169494629,66356,66376,20
13.0311803818,80.2239379883,66558,66574,16
13.0239095688,80.2283172607,67593,67613,20
13.0069198608,80.240852356,68290,68310,20
13.0065603256,80.2525024414,68693,68709,16
12.9977798462,80.2560882568,69105,69125,20
13.0010004044,80.2565002441,70851,70881,30
13.0064601898,80.252822876,71083,71113,30
13.006529808,80.2465286255,71204,71234,30
13.0065002441,80.2414016724,71366,71386,20
13.0141401291,80.2237167358,71769,71785,16
13.0153799057,80.2249603271,71818,71838,20
13.0190200806,80.2243423462,71920,71940,20
13.0255804062,80.2302780151,72121,72138,17
13.0258798599,80.2308502197,72138,72160,22
13.0286397934,80.2308731079,72241,72271,30
13.0302801132,80.2283477783,72392,72412,20
13.0286998749,80.2240524292,72553,72574,21
13.0311098099,80.2231674194,72644,72664,20
13.0306396484,80.2100219727,73058,73074,16
13.0435600281,80.2069015503,74105,74122,17
13.0491304398,80.2073822021,75537,75557,20
13.0441198349,80.2103500366,75880,75896,16
13.0387601852,80.1929397583,76291,76312,21
13.0350103378,80.2106323242,76665,76685,20
13.030380249,80.2092514038,76836,76857,21
13.030090332,80.2095489502,76877,76897,20
13.0304498672,80.2139663696,77038,77054,16
13.0311803818,80.2240066528,77288,77305,17
13.0268297195,80.2329788208,77742,77758,16
13.026140213,80.2320632935,77780,77800,20
13.0239095688,80.2282180786,77861,77880,19
13.008939743,80.2294387817,78133,78149,16
13.0067100525,80.2426986694,78618,78638,20
13.0994596481,80.2307128906,23266,23286,20
13.0912799835,80.2275695801,23831,23851,20
13.0694999695,80.2422027588,24416,24436,20
13.0353403091,80.2303085327,25244,25260,16
13.0335102081,80.2304763794,25292,25313,21
13.029800415,80.2308273315,25365,25395,30
13.0277700424,80.2311019897,25445,25462,17
13.0224599838,80.2266693115,25625,25646,21
13.0082702637,80.2335968018,25901,25921,20
13.0067796707,80.2466125488,26112,26129,17
13.0021400452,80.2566299438,26353,26383,30
12.9963598251,80.2615966797,26595,26611,16
13.0003595352,80.2662887573,26815,26835,20
12.9957199097,80.2675170898,26906,26926,20
12.9986000061,80.2559890747,27188,27208,20
13.0065898895,80.2521286011,27459,27489,30
13.0065603256,80.2416000366,27772,27792,20
13.0074300766,80.2367401123,27851,27872,21
13.0130996704,80.2224578857,28054,28070,16
13.0219602585,80.2261199951,28375,28395,20
13.0284996033,80.2309188843,28526,28555,29
13.029299736,80.2308578491,28575,28604,29
13.0490598679,80.2401123047,29181,29197,16
13.056810379,80.2425689697,29371,29401,30
13.0623598099,80.2433166504,29492,29512,20
13.0699996948,80.2420806885,29703,29723,20
13.0764503479,80.2374191284,29875,29905,30
13.0757398605,80.2340011597,29955,29975,20
13.0999097824,80.2160186768,30813,30829,16
13.0837097168,80.2338790894,32396,32416,20
13.0824203491,80.2336425781,32447,32476,29
13.0796298981,80.2334823608,32537,32558,21
13.0760202408,80.2345504761,32628,32658,30
13.0765104294,80.2373275757,32709,32729,20
13.0693302155,80.2433395386,33193,33223,30
13.0663204193,80.2449493408,33355,33375,20
13.0667104721,80.2460021973,33405,33421,16
13.0631904602,80.2442474365,33605,33624,19
13.0588798523,80.2425918579,33726,33746,20
13.0568199158,80.2426681519,33797,33813,16
13.0537700653,80.2422103882,33835,33865,30
13.0510196686,80.2405014038,33987,34007,20
13.0468301773,80.2329864502,34199,34219,20
13.0453300476,80.2326583862,34250,34270,20
13.0268001556,80.2330627441,35067,35087,20
13.024020195,80.2282485962,35198,35228,30
13.0213403702,80.225769043,35279,35295,16
13.0148496628,80.2260894775,35378,35396,18
13.0143604279,80.2262573242,35408,35438,30
13.008649826,80.2312164307,35559,35580,21
13.0079803467,80.2349472046,35812,35842,30
13.0067300797,80.2431030273,36094,36114,20
13.0068798065,80.2492828369,36205,36225,20
13.0066299438,80.2546386719,36326,36346,20
13.0066900253,80.2568283081,36387,36407,20
13.0019798279,80.2566070557,36518,36534,16
12.9968795776,80.2569122314,36718,36748,30
12.9962797165,80.2622909546,36819,36839,20
12.9961700439,80.2676696777,36940,36960,20
13.0000896454,80.2666015625,37030,37047,17
12.9961996078,80.2625808716,37614,37634,20
12.9986896515,80.2559280396,37877,37897,20
13.0064897537,80.253288269,38139,38160,21
13.0067100525,80.2493286133,38482,38499,17
13.0153999329,80.2248764038,39126,39146,20
13.0173397064,80.2249526978,39207,39227,20
13.0218601227,80.2260818481,39439,39459,20
13.0228004456,80.2269210815,39530,39560,30
13.0256500244,80.2301864624,39701,39731,30
13.0300798416,80.2307281494,39863,39883,20
13.0342102051,80.237159729,40196,40216,20
13.0341901779,80.2373199463,40216,40246,30
13.0342597961,80.2377624512,40296,40317,21
13.0512304306,80.2405090332,40719,40739,20
13.0525503159,80.2412490845,40840,40857,17
13.0623197556,80.2432403564,41060,41080,20
13.0687799454,80.2424468994,41222,41252,30
13.069899559,80.2420806885,41272,41292,20
13.0766296387,80.2380905151,41455,41485,30
13.0802698135,80.2334213257,41708,41728,20
13.0983104706,80.2143630981,42283,42303,20
13.0888299942,80.2308731079,43413,43433,20
13.0886602402,80.2312774658,43443,43464,21
13.0841598511,80.2339630127,43565,43585,20
13.0825300217,80.2336730957,43635,43655,20
13.0796604156,80.2335510254,43696,43716,20
13.0747098923,80.2522583008,44200,44216,16
13.0678195953,80.2466201782,44572,44593,21
13.0520200729,80.2408828735,45280,45310,30
13.050160408,80.2404022217,45391,45411,20
13.0355300903,80.2304000854,45814,45835,21
13.0308599472,80.23072052,45946,45966,20
13.0297203064,80.2308502197,45986,46006,20
13.0198497772,80.2247467041,46289,46309,20
13.0173797607,80.225112915,46349,46365,16
13.0068397522,80.2495269775,46811,46831,20
13.006770134,80.251083374,46862,46882,20
13.0066099167,80.2540817261,46942,46963,21
13.0066099167,80.2577667236,47074,47104,30
13.0065402985,80.2466430664,47326,47346,20
13.0258598328,80.2307815552,47992,48022,30
13.0317201614,80.2306213379,48143,48163,20
13.0342998505,80.2304000854,48204,48233,29
13.0348596573,80.2304077148,48253,48273,20
13.0354003906,80.2391662598,48465,48481,16
13.0539798737,80.2422332764,48908,48928,20
13.0621204376,80.2432785034,49110,49130,20
13.0690898895,80.2423477173,49301,49321,20
13.0700597763,80.2421112061,49342,49362,20
13.077050209,80.2406387329,49453,49473,20
13.0771503448,80.2405014038,49483,49509,26
13.0770998001,80.2401580811,49521,49541,20
13.0757799149,80.2340774536,49884,49901,17
13.0840301514,80.2339630127,50155,50175,20
13.0761203766,80.2338790894,53356,53372,16
13.0693397522,80.2434387207,53889,53909,20
13.0677900314,80.2464981079,54050,54071,21
13.0630998611,80.2442932129,54302,54319,17
13.053150177,80.2419815063,54564,54584,20
13.0451002121,80.2326583862,54937,54957,20
13.0276603699,80.2311019897,55392,55408,16
13.0239496231,80.2282791138,55531,55552,21
13.0200796127,80.2249069214,55642,55663,21
13.0193395615,80.2244796753,55683,55699,16
13.006819725,80.2407531738,56074,56094,20
13.0066003799,80.2550506592,56306,56327,21
13.001540184,80.2566070557,56488,56518,30
13.0001096725,80.256401062,56559,56575,16
13.0000295639,80.2667007446,56889,56910,21
13.0003004074,80.2664413452,58080,58100,20
12.9985704422,80.2559814453,58504,58524,20
13.0010004044,80.2565002441,58615,58635,20
13.0054998398,80.2573013306,58807,58837,30
13.0196399689,80.2244796753,59735,59755,20
13.0218896866,80.2261428833,59816,59836,20
13.0283899307,80.2309265137,60017,60037,20
13.0297603607,80.2308197021,60118,60134,16
13.0335903168,80.2304992676,60197,60227,30
13.0345697403,80.2304000854,60338,60358,20
13.034239769,80.2369232178,60469,60490,21
13.0404195786,80.2405090332,60691,60707,16
13.0537900925,80.2421875,61133,61161,28
13.0577602386,80.2427978516,61232,61254,22
13.0624303818,80.2433700562,61335,61355,20
13.0668897629,80.2432174683,61517,61533,16
13.0765304565,80.2379837036,61757,61777,20
13.0757598877,80.23412323,61888,61918,30
13.083530426,80.2336502075,62191,62211,20
13.0840902328,80.2340011597,62241,62257,16
13.0888595581,80.2305526733,62371,62391,20
13.0980997086,80.2148284912,62745,62775,30
13.0912399292,80.2276992798,65239,65269,30
13.0888299942,80.2309799194,65330,65350,20
13.0692996979,80.2434005737,66218,66238,20
13.0631399155,80.2443771362,66641,66662,21
13.0625896454,80.2434387207,66702,66718,16
13.0614299774,80.2432022095,66738,66761,23
13.0548496246,80.2424697876,66961,66983,22
13.04666996,80.2370376587,67416,67432,16
13.0452098846,80.2327194214,67556,67586,30
13.0361099243,80.2306365967,67717,67747,30
13.0355796814,80.2304916382,67768,67784,16
13.0336799622,80.2305374146,67826,67856,30
13.0299797058,80.2309036255,67989,68009,20
13.0242395401,80.2286682129,68655,68675,20
13.0144996643,80.2262573242,68866,68887,21
13.0087795258,80.2303237915,68977,68993,16
13.0082798004,80.2333297729,69006,69026,20
13.0066795349,80.2451782227,69248,69268,20
13.0067195892,80.2476272583,69318,69335,17
13.0076398849,80.2588729858,70366,70382,16
13.0155601501,80.2251281738,71423,71444,21
13.0197095871,80.2246017456,71514,71530,16
13.0327796936,80.2305831909,72017,72037,20
13.0409002304,80.2405776978,72582,72602,20
13.0539798737,80.2422790527,72864,72885,21
13.0624399185,80.243347168,73046,73066,20
13.0661001205,80.2434616089,73137,73167,30
13.0665302277,80.2433166504,73197,73213,16
13.0699796677,80.2420425415,73286,73306,20
13.076259613,80.2370834351,73498,73528,30
13.0761203766,80.2360687256,73559,73577,18
13.0802001953,80.2334899902,73690,73710,20
13.0833997726,80.2334213257,73821,73851,30
13.0834102631,80.2335586548,73861,73877,16
13.0839796066,80.2339630127,73877,73900,23
13.091219902,80.2276306152,76039,76059,20
13.088809967,80.2309036255,76130,76160,30
13.0719995499,80.2510223389,76887,76903,16
13.0612297058,80.2430877686,77359,77379,20
13.0332698822,80.2305221558,78187,78207,20
13.0277099609,80.2319412231,78349,78365,16
13.0240001678,80.2283172607,78468,78488,20
13.0236797333,80.227897644,78518,78534,16
13.014380455,80.2262268066,78627,78657,30
13.0077695847,80.2355422974,78809,78839,30
13.0065803528,80.254989624,79404,79424,20
13.0000200272,80.2563400269,79687,79717,30
12.9963502884,80.2611083984,79878,79895,17
12.9961395264,80.2631378174,80966,80982,16
13.0065002441,80.2532196045,81423,81443,20
13.0108995438,80.2245025635,81871,81887,16
13.0341100693,80.23046875,82294,82310,16
13.0348300934,80.2313308716,82353,82373,20
13.0655498505,80.243560791,83049,83079,30
12.9972801208,80.2570419312,22494,22514,20
12.9972600937,80.2568817139,22524,22544,20
12.997759819,80.2561569214,23211,23231,20
12.901720047,80.2280578613,24487,24509,22
12.8915300369,80.2274169922,24671,24687,16
12.8771495819,80.22215271,24891,24907,16
12.875459671,80.2102737427,25020,25041,21
12.8792495728,80.2109985352,26174,26193,19
12.8852500916,80.2266387939,26689,26709,20
12.8885202408,80.2272567749,26749,26769,20
12.8896102905,80.2272720337,26790,26806,16
12.8940696716,80.2274780273,26828,26848,20
12.9026498795,80.2279510498,27021,27041,20
12.9068698883,80.2282028198,27162,27180,18
12.9241399765,80.2306594849,27394,27411,17
12.9336500168,80.232749939,27503,27525,22
12.9396600723,80.2356414795,27636,27652,16
12.9588003159,80.244392395,27977,27997,20
12.9799804688,80.2522506714,28314,28334,20
12.9809398651,80.2462768555,28405,28421,16
12.9816398621,80.2333831787,28657,28687,30
12.9806098938,80.2289505005,28788,28808,20
12.9777698517,80.2242584229,28879,28899,20
12.9830598831,80.2219924927,29071,29091,20
12.9865598679,80.2229537964,29161,29182,21
13.0136995316,80.2045822144,29899,29929,30
13.0105304718,80.2228469849,31778,31808,30
13.0003595352,80.2178115845,31939,31955,16
12.9975204468,80.2165374756,31967,31988,21
12.9908103943,80.2201766968,32079,32099,20
12.9832496643,80.2221984863,32270,32291,21
12.9761695862,80.2213973999,32392,32413,21
12.980340004,80.2282867432,32635,32651,16
12.9817304611,80.2305603027,32693,32713,20
12.9669399261,80.2481765747,33440,33457,17
12.9594602585,80.2448425293,33590,33610,20
12.9564800262,80.2436676025,33681,33701,20
12.9512395859,80.2415237427,33802,33832,30
12.9398097992,80.2358093262,34044,34064,20
12.9132699966,80.229309082,34459,34479,20
12.8987998962,80.227897644,35136,35166,30
12.8765096664,80.2268981934,35469,35489,20
12.8765201569,80.2259063721,35529,35545,16
12.8792104721,80.2109603882,36961,36991,30
12.8851804733,80.2265930176,37314,37335,21
12.8885498047,80.2272109985,37375,37395,20
12.9028997421,80.2279205322,37678,37706,28
12.905670166,80.2280731201,37757,37786,29
12.9069900513,80.2281799316,37817,37837,20
12.9140100479,80.2292404175,37908,37928,20
12.9249200821,80.2307281494,38069,38086,17
12.9287796021,80.2311935425,38128,38147,19
12.9398202896,80.2356414795,38300,38320,20
12.9473400116,80.2399597168,38441,38461,20
12.9479799271,80.2402191162,38481,38502,21
12.9510402679,80.2412796021,38562,38582,20
12.9563398361,80.2432403564,38663,38693,30
12.9666795731,80.247833252,38994,39014,20
12.9799499512,80.2522888184,39216,39237,21
12.9813699722,80.2427978516,39348,39368,20
12.9816303253,80.2333297729,39550,39570,20
12.9771995544,80.2226715088,39792,39822,30
12.9956798553,80.2166671753,40236,40252,16
13.0055103302,80.2092514038,40487,40507,20
13.0072097778,80.2097625732,40557,40573,16
13.013759613,80.2042999268,40767,40787,20
13.0136995316,80.2045593262,40798,40828,30
13.0130796432,80.2108078003,40929,40945,16
13.0090303421,80.2114715576,42225,42245,20
13.012049675,80.2200164795,42407,42423,16
13.0086603165,80.2218399048,42729,42745,16
12.9975004196,80.216583252,42879,42899,20
12.9886398315,80.2224197388,43082,43098,16
12.98279953,80.2219390869,43424,43445,21
12.976269722,80.2216033936,43556,43576,20
12.9813404083,80.2426376343,44000,44030,30
12.9471797943,80.2400665283,44848,44868,20
12.9132995605,80.2293624878,45302,45322,20
12.9103403091,80.2288665771,45363,45379,16
12.9063100815,80.2283172607,45409,45431,22
12.8764295578,80.2266464233,45805,45825,20
12.8745803833,80.2101364136,46027,46047,20
12.8746900558,80.2100067139,47590,47610,20
12.8764600754,80.2268829346,47893,47913,20
12.8941202164,80.2274627686,48135,48165,30
12.9057798386,80.2280731201,48356,48377,21
12.9068498611,80.2281112671,48398,48418,20
12.9472303391,80.2399368286,48923,48943,20
12.9486503601,80.2405700684,48973,48993,20
12.9798803329,80.252456665,49468,49488,20
12.9813404083,80.2429962158,49619,49635,16
12.9806604385,80.2290267944,49890,49910,20
13.0055103302,80.2092819214,50728,50744,16
13.0093402863,80.2110214233,52119,52139,20
12.9975004196,80.2165374756,52715,52735,20
12.990819931,80.2202529907,52866,52886,20
12.9831895828,80.2221221924,53098,53119,21
12.976269722,80.2216186523,53230,53260,30
12.9816799164,80.2304611206,53401,53421,20
12.9816198349,80.233543396,53472,53492,20
12.9813098907,80.2386627197,53553,53583,30
12.9805002213,80.2506027222,53734,53751,17
12.9635696411,80.2468414307,53995,54025,30
12.9564399719,80.2437362671,54177,54197,20
12.9051504135,80.2282180786,54944,54960,16
12.8789300919,80.2108917236,55568,55588,20
12.8745498657,80.2100982666,55649,55669,20
12.876449585,80.2268981934,56870,56890,20
12.9138402939,80.2292404175,57454,57474,20
12.9588499069,80.244430542,58221,58241,20
12.9668197632,80.2479629517,58352,58373,21
12.9775600433,80.2516021729,58514,58530,16
12.9799098969,80.2524795532,58530,58552,22
12.9811897278,80.2354736328,58835,58851,16
12.9828300476,80.2219314575,59228,59258,30
12.9904098511,80.2203979492,59409,59430,21
12.9974002838,80.216217041,59601,59617,16
13.0123701096,80.2210388184,61345,61361,16
13.014960289,80.2259902954,61484,61504,20
12.9979696274,80.216583252,61888,61908,20
12.997300148,80.2165374756,61949,61969,20
12.9969396591,80.2165527344,61989,62009,20
12.9962596893,80.2166519165,62030,62060,30
12.9879102707,80.2230072021,62282,62302,20
12.9833498001,80.2222366333,62413,62433,20
12.9831495285,80.2220993042,62453,62470,17
12.9763002396,80.2216796875,62563,62593,30
12.9763002396,80.2216796875,62593,62612,19
12.9816398621,80.2335510254,62806,62826,20
12.9815797806,80.2336578369,62836,62859,23
12.9787197113,80.2526626587,63128,63151,23
12.9651203156,80.2473831177,63315,63345,30
12.9637804031,80.2468795776,63365,63385,20
12.959400177,80.2448196411,63446,63466,20
12.9339103699,80.2330780029,63941,63961,20
12.8763904572,80.2267303467,64819,64839,20
12.878490448,80.2160263062,64930,64946,16
12.879070282,80.2109603882,64969,64988,19
12.8764600754,80.2268295288,65726,65746,20
12.9029397964,80.2280502319,66232,66252,20
12.9052696228,80.2281799316,66424,66444,20
12.9071598053,80.2283172607,66504,66525,21
12.9137296677,80.229309082,66615,66636,21
12.9262399673,80.2310028076,67040,67060,20
12.9276599884,80.2311706543,67110,67126,16
12.9394798279,80.2355804443,67331,67352,21
12.9558401108,80.2432785034,67917,67947,30
12.9559803009,80.2433166504,67957,67978,21
12.9561300278,80.2433929443,67978,68008,30
12.9586000443,80.2444076538,68068,68089,21
12.9624595642,80.2462310791,68159,68175,16
12.9799604416,80.2523880005,68490,68511,21
12.9813098907,80.2431716919,68652,68672,20
12.981300354,80.2429504395,68682,68703,21
12.9812002182,80.2381591797,68824,68854,30
12.9811496735,80.2350006104,68915,68945,30
12.9815502167,80.2334594727,69127,69147,20
12.9805297852,80.2290267944,69268,69288,20
12.9777202606,80.224357605,69379,69399,20
12.9784097672,80.2212600708,69551,69571,20
12.9829998016,80.2221069336,69652,69672,20
12.9863004684,80.2230834961,69854,69874,20
12.9864196777,80.2230834961,69884,69900,16
12.9903097153,80.2205581665,70013,70043,30
12.9960803986,80.2166595459,70154,70175,21
12.9964704514,80.216583252,70185,70205,20
13.0034599304,80.2121200562,70407,70427,20
13.0072202682,80.2098922729,70538,70568,30
13.013589859,80.2047119141,70821,70837,16
13.0150499344,80.2259597778,72142,72172,30
13.0097198486,80.2224578857,72364,72380,16
12.9987401962,80.2169876099,72554,72574,20
12.9762401581,80.2217483521,73432,73462,30
12.9817199707,80.2332000732,73695,73715,20
12.9813499451,80.2426605225,73896,73917,21
12.9654102325,80.2474975586,74219,74240,21
12.9516201019,80.2416992188,74512,74532,20
12.9497098923,80.2410736084,74573,74593,20
12.9473600388,80.2401504517,74633,74654,21
12.9338102341,80.2330169678,74876,74896,20
12.8996801376,80.2279891968,75512,75542,30
12.8763999939,80.2269821167,75835,75855,20
12.8763799667,80.226600647,75865,75885,20
12.8789100647,80.2109680176,76047,76067,20
12.8745002747,80.2101593018,76138,76168,30
12.8746595383,80.2101516724,76199,76229,30
12.8764400482,80.2268981934,76522,76542,20
12.9025001526,80.2279586792,76865,76895,30
12.9048204422,80.2280731201,76925,76946,21
12.9069004059,80.2282028198,77047,77067,20
12.9138898849,80.2292404175,77148,77178,30
12.9396400452,80.2356185913,77531,77552,21
12.9806203842,80.2290115356,78783,78804,21
12.9769201279,80.2228088379,78925,78945,20
12.9851303101,80.2232818604,79147,79163,16
13.0092201233,80.2112197876,79953,79973,20
13.0072498322,80.238243103,80367,80387,20
12.9988899231,80.2561416626,80811,80827,16
12.9763498306,80.2217102051,25562,25582,20
12.9490995407,80.240852356,26572,26592,20
12.9007797241,80.2278823853,28024,28044,20
12.9027004242,80.2279968262,28084,28104,20
12.9057302475,80.2281494141,28155,28175,20
12.908780098,80.2285308838,28316,28333,17
12.9139795303,80.2292861938,28356,28376,20
12.9396800995,80.2356109619,28709,28729,20
12.9666004181,80.2478179932,29285,29305,20
12.9799900055,80.2523498535,29476,29493,17
12.9816503525,80.2333679199,29938,29958,20
12.9771299362,80.2227172852,30200,30220,20
12.9807796478,80.2291717529,31937,31957,20
12.9818897247,80.233001709,32088,32104,16
12.9813499451,80.2386474609,32258,32288,30
12.9813404083,80.2389984131,32308,32328,20
12.9813995361,80.242767334,32439,32460,21
12.9636001587,80.2468032837,32874,32904,30
12.9563798904,80.243637085,33045,33065,20
12.9473800659,80.2400894165,33217,33234,17
12.8988399506,80.2279205322,34103,34133,30
12.9028501511,80.2279510498,35479,35499,20
12.9247503281,80.23072052,35982,35998,16
12.947259903,80.2399520874,36283,36303,20
12.9563999176,80.2433166504,36485,36505,20
12.9703998566,80.249420166,36828,36844,16
12.9813604355,80.2400588989,37199,37229,30
12.9813699722,80.2396469116,37250,37280,30
12.9813299179,80.2387466431,37320,37341,21
12.981300354,80.23802948,37371,37391,20
12.981300354,80.2377166748,37401,37421,20
12.9815597534,80.2334136963,37593,37613,20
12.9813699722,80.2427368164,39389,39409,20
12.9808597565,80.2477111816,39480,39496,16
12.9636602402,80.2468338013,39801,39817,16
12.9397602081,80.235786438,40273,40293,20
12.9076404572,80.2284622192,40687,40707,20
12.8923597336,80.2274017334,41010,41026,16
12.9024600983,80.228012085,41693,41723,30
12.9061403275,80.2281494141,41784,41814,30
12.9243297577,80.230682373,42057,42073,16
12.9336795807,80.232749939,42176,42196,20
12.9562702179,80.2433013916,42600,42628,28
12.9669904709,80.2480010986,42830,42850,20
12.9801197052,80.251739502,43012,43028,16
12.9819602966,80.2312774658,43413,43430,17
12.9767398834,80.221321106,43674,43704,30
12.982049942,80.231918335,45372,45388,16
12.9650802612,80.2473678589,45976,45994,18
12.9299297333,80.2315826416,46682,46698,16
12.9012403488,80.2280197144,47075,47095,20
12.9003400803,80.2277832031,48044,48064,20
12.9068899155,80.228187561,48195,48215,20
12.9140796661,80.2292633057,48296,48316,20
12.928730011,80.2312011719,48528,48548,20
12.9337701797,80.232749939,48691,48711,20
12.9474201202,80.2400131226,48893,48923,30
12.9487400055,80.240562439,48953,48983,30
12.9563999176,80.2432937622,49114,49135,21
12.9631595612,80.2464828491,49236,49266,30
12.9666500092,80.2478637695,49317,49347,30
12.9807701111,80.2486877441,49559,49575,16
12.9792203903,80.2265319824,50001,50017,16
12.9813404083,80.2299804688,52177,52194,17
12.9262199402,80.2309875488,53629,53649,20
12.9011201859,80.228012085,54000,54030,30
12.9026203156,80.2279510498,55010,55030,20
12.9059200287,80.2280883789,55091,55111,20
12.9396400452,80.2356185913,55565,55585,20
12.9562997818,80.2432785034,55870,55890,20
12.9798898697,80.2523422241,56203,56223,20
12.9811697006,80.2440567017,56354,56375,21
12.9806404114,80.229019165,56698,56718,20
12.9770898819,80.2226791382,56849,56869,20
12.9772396088,80.2226715088,56879,56895,16
12.9774503708,80.221321106,56918,56937,19
12.9815502167,80.2303695679,58170,58187,17
12.9261102676,80.2310333252,59503,59519,16
12.9133195877,80.2293395996,59661,59683,22
12.8998498917,80.2279205322,59864,59885,21
12.9285001755,80.2312393188,61419,61435,16
12.956319809,80.243347168,61931,61952,21
12.9589500427,80.2444610596,61994,62014,20
12.9811496735,80.2439575195,62549,62569,20
12.9815998077,80.2333831787,62801,62817,16
12.9770698547,80.2226715088,63102,63122,20
12.9635400772,80.2468032837,65513,65543,30
12.9563703537,80.2435913086,65684,65704,20
12.9518203735,80.2416763306,65765,65785,20
12.9437303543,80.2375793457,65926,65943,17
12.9398202896,80.2358016968,65965,65985,20
12.9338197708,80.2329788208,66066,66086,20
12.9062404633,80.2282409668,66581,66601,20
12.8939199448,80.2274475098,67033,67053,20
12.9069900513,80.2282562256,67427,67447,20
12.9139604568,80.2292785645,67558,67588,30
12.9263296127,80.2309036255,67820,67841,21
12.9562397003,80.2432785034,68901,68921,20
12.9587802887,80.2443771362,68971,68992,21
12.9634103775,80.2466201782,69103,69119,16
12.979180336,80.2525634766,69414,69430,16
12.9813404083,80.2427368164,69634,69654,20
12.9812297821,80.23828125,69785,69801,16
12.9783802032,80.2251815796,70167,70187,20
12.9769697189,80.2227401733,70290,70320,30
12.9762897491,80.2218780518,72077,72097,20
12.9806699753,80.2289962769,72259,72275,16
12.9816303253,80.2304763794,72297,72317,20
12.9786596298,80.2526168823,72771,72792,21
12.9696702957,80.2492828369,72943,72959,16
12.9652700424,80.247428894,73012,73032,20
12.9593000412,80.2447891235,73204,73224,20
12.9564399719,80.2437133789,73335,73355,20
12.9397697449,80.2357635498,73658,73678,20
12.9260196686,80.2309570313,73893,73916,23
12.9002799988,80.2279281616,74403,74423,20
12.9001197815,80.2277984619,75150,75170,20
12.9028396606,80.2279510498,75221,75241,20
12.9068603516,80.2281570435,75352,75372,20
12.9140300751,80.2292480469,75453,75473,20
12.9337396622,80.2327270508,75746,75766,20
12.9761800766,80.2216033936,77977,77997,20
12.9813098907,80.2411422729,78391,78407,16
12.9876203537,80.2559585571,79162,79178,16
13.0912399292,80.2276000977,21114,21134,20
13.0899200439,80.2289886475,21164,21187,23
13.0888395309,80.2309112549,21199,21219,20
13.0823802948,80.2336578369,21341,21361,20
13.0239896774,80.2283096313,22936,22958,22
13.016869545,80.2252807617,23091,23115,24
12.9960603714,80.2677001953,24045,24065,20
12.996919632,80.2560501099,25174,25195,21
13.0154495239,80.2249679565,25991,26011,20
13.0190696716,80.2244262695,26062,26078,16
13.0306997299,80.23072052,26312,26328,16
13.0343599319,80.2304229736,26360,26379,19
13.0393800735,80.2398300171,26582,26598,16
13.0657596588,80.2435302734,27099,27129,30
13.0763998032,80.2369918823,27351,27370,19
13.0964403152,80.2192001343,28057,28087,30
13.1004199982,80.2146072388,28248,28268,20
13.0973796844,80.2166976929,30214,30234,20
13.0891304016,80.2301864624,30506,30523,17
13.0882797241,80.2324981689,30616,30637,21
13.0825595856,80.2337036133,30778,30808,30
13.0762996674,80.2362976074,30979,30995,16
13.0764703751,80.2371673584,30995,31018,23
13.0785799026,80.2514190674,31261,31277,16
13.067779541,80.2465286255,31633,31663,30
13.0660495758,80.2478179932,31723,31739,16
13.053730011,80.2422180176,32054,32074,20
13.0511703491,80.2405776978,32175,32195,20
13.0451803207,80.2326126099,32437,32457,20
13.0335302353,80.230430603,32709,32739,30
13.0312595367,80.2306289673,32780,32800,20
13.0289201736,80.2308731079,32860,32876,16
13.0277299881,80.2313919067,32889,32919,30
13.0245199203,80.2288818359,33352,33373,21
13.0239601135,80.2281799316,33393,33423,30
13.0230197906,80.227142334,33453,33469,16
13.0071601868,80.2391967773,34007,34027,20
13.0067300797,80.2457733154,34450,34470,20
13.0066900253,80.2568588257,34942,34962,20
13.0069599152,80.2500076294,35406,35436,30
13.0066204071,80.2465591431,35890,35910,20
13.0066099167,80.2413024902,36011,36031,20
13.0074596405,80.2366714478,36172,36192,20
13.0102396011,80.2259063721,36313,36333,20
13.0195798874,80.2244186401,36656,36686,30
13.0210599899,80.225479126,36736,36757,21
13.0391197205,80.239730835,37783,37799,16
13.0451202393,80.2401733398,38005,38029,24
13.0690402985,80.2423629761,38644,38673,29
13.0757799149,80.2341766357,38956,38976,20
13.1002197266,80.2145004272,39924,39954,30
13.1004695892,80.2145767212,39964,39994,30
13.0986795425,80.2140808105,40640,40670,30
13.0939702988,80.2247161865,40871,40888,17
13.0795698166,80.2334976196,41293,41313,20
13.0771503448,80.2400817871,41595,41611,16
13.0693998337,80.2434997559,41957,41977,20
13.0676898956,80.2464370728,42098,42118,20
13.0679597855,80.2471923828,42149,42169,20
13.0632801056,80.2442169189,42511,42527,16
13.0516901016,80.2407302856,42894,42915,21
13.0515203476,80.2406463623,42925,42945,20
13.0337200165,80.2304382324,43669,43689,20
13.0198402405,80.2247924805,44062,44078,16
13.0072002411,80.2383422852,44483,44513,30
13.0036096573,80.2569503784,45158,45178,20
13.0003900528,80.2564315796,45310,45330,20
12.9978103638,80.2559280396,45410,45427,17
12.9967803955,80.2568969727,45469,45489,20
12.9961395264,80.2623977661,45581,45601,20
12.9961500168,80.2676773071,45702,45732,30
12.9976301193,80.2675323486,45762,45778,16
13.0000600815,80.2666015625,45800,45821,21
12.9957895279,80.2673873901,46214,46234,20
12.9988298416,80.2559967041,46647,46667,20
13.0218896866,80.2261199951,47736,47756,20
13.0221099854,80.2263183594,47766,47782,16
13.0344696045,80.2303237915,48147,48167,20
13.0348901749,80.2303390503,48217,48238,21
13.0343999863,80.2376327515,48439,48455,16
13.0401000977,80.2398986816,48568,48586,18
13.062040329,80.2432403564,49143,49163,20
13.0624198914,80.2433013916,49173,49203,30
13.0654296875,80.2435379028,49264,49284,20
13.0699195862,80.2421722412,49375,49395,20
13.0770998001,80.2404785156,49586,49607,21
13.0758199692,80.2342376709,49869,49889,20
13.1002197266,80.2145080566,50756,50776,20
13.0911998749,80.2276382446,52533,52553,20
13.082400322,80.2336273193,52805,52824,19
13.0761003494,80.2338790894,52955,52976,21
13.0764503479,80.2371826172,53047,53077,30
13.0651397705,80.2478713989,53712,53728,16
13.0500802994,80.2404022217,54194,54214,20
13.0472698212,80.2397994995,54275,54291,16
13.0368995667,80.2307815552,54576,54606,30
13.0132398605,80.2266616821,55141,55161,20
13.0132398605,80.2266616821,55161,55177,16
13.0068702698,80.2581176758,56651,56671,20
13.0065698624,80.2467269897,56923,56953,30
13.0073900223,80.2368774414,57114,57130,16
13.0112199783,80.2236785889,57294,57324,30
13.0219497681,80.2261810303,57596,57616,20
13.0285396576,80.2308502197,57788,57804,16
13.0331401825,80.2305221558,57876,57896,20
13.0338096619,80.23046875,57917,57937,20
13.0342798233,80.2304077148,57947,57977,30
13.0342102051,80.2373275757,58159,58175,16
13.0399904251,80.2398529053,58289,58312,23
13.0444803238,80.2404327393,58415,58444,29
13.0624399185,80.243309021,58868,58888,20
13.0659303665,80.2435073853,58969,58985,16
13.0699901581,80.2421112061,59057,59078,21
13.0764503479,80.2373504639,59320,59336,16
13.0802097321,80.233543396,59519,59540,21
13.0840301514,80.2339782715,59711,59741,30
13.0888795853,80.2305679321,59882,59903,21
13.0913801193,80.2273101807,59963,59983,20
13.1001996994,80.2145233154,60306,60326,20
13.0837097168,80.233833313,62161,62181,20
13.076499939,80.2372817993,62413,62433,20
13.0693397522,80.243347168,62937,62957,20
13.0678195953,80.2465209961,63089,63109,20
13.0630598068,80.2443389893,63301,63321,20
13.0609197617,80.2430114746,63391,63408,17
13.0537004471,80.2422103882,63591,63611,20
13.0452404022,80.2326889038,64045,64065,20
13.0422897339,80.2322387695,64125,64141,16
13.0356302261,80.2303237915,64396,64412,16
13.0334501266,80.2304382324,64454,64484,30
13.0297403336,80.2308425903,64637,64658,21
13.0240297318,80.2283401489,65051,65081,30
13.0144300461,80.2262268066,65252,65273,21
13.0135002136,80.226600647,65303,65319,16
13.0068702698,80.240737915,65907,65937,30
13.0068101883,80.2496414185,66149,66179,30
13.0065803528,80.2548980713,66270,66300,30
13.0024595261,80.2566986084,66450,66471,21
13.0001497269,80.2563705444,66522,66552,30
12.9968299866,80.257019043,66663,66693,30
12.996219635,80.2624969482,66804,66834,30
13.0000495911,80.2666168213,67056,67086,30
12.9956903458,80.2674026489,67790,67820,30
12.9961795807,80.2626495361,67921,67941,20
12.9965200424,80.2594909668,68002,68022,20
13.0031700134,80.2568664551,68383,68399,16
13.0051803589,80.2572021484,68431,68451,20
13.0064601898,80.2532806396,68572,68592,20
13.0066900253,80.2497406006,68744,68764,20
13.0065803528,80.2468109131,68875,68895,20
13.0073604584,80.2370223999,69096,69117,21
13.0156698227,80.2252197266,69469,69490,21
13.0159101486,80.2253036499,69500,69516,16
13.0219497681,80.2262191772,69610,69630,20
13.0228395462,80.2270736694,69660,69683,23
13.0258598328,80.230796814,69796,69816,20
13.0270004272,80.2312164307,69887,69917,30
13.0279102325,80.2310180664,69957,69978,21
13.0300397873,80.230796814,70028,70048,20
13.0409803391,80.2406616211,70805,70825,20
13.0442199707,80.2408828735,70896,70926,30
13.0523004532,80.2409667969,71118,71148,30
13.0624504089,80.2434234619,71420,71440,20
13.0698699951,80.2422103882,71642,71662,20
13.0757703781,80.2340698242,71995,72011,16
13.0839500427,80.2340164185,72285,72305,20
13.0951004028,80.2227020264,72668,72688,20
13.0663795471,80.2457809448,75453,75469,16
13.0630998611,80.2443466187,75653,75674,21
13.0558996201,80.2423477173,75855,75871,16
13.0367603302,80.2307510376,76498,76528,30
13.0359802246,80.2305221558,76549,76579,30
13.0334396362,80.23046875,76730,76750,20
13.0239601135,80.2283172607,77023,77044,21
13.0075397491,80.2367935181,77478,77498,20
13.0065803528,80.2438430786,77902,77918,16
13.0061302185,80.2575073242,78394,78410,16
13.0001401901,80.2563781738,78482,78503,21
12.9961395264,80.2623596191,78705,78725,20
13.0000896454,80.2661972046,79812,79832,20
13.0000095367,80.2657394409,79903,79923,20
12.9987201691,80.2560501099,80306,80326,20
12.9996404648,80.2562332153,80346,80362,16
13.0065202713,80.2539672852,80516,80534,18
13.0067195892,80.249671936,80606,80627,21
13.0273799896,80.2309799194,81417,81433,16
13.0332899094,80.2305526733,81532,81547,15
13.0342302322,80.2304611206,81547,81567,20
13.0349502563,80.230506897,81587,81607,20
13.0349197388,80.2307891846,81618,81641,23
13.0976400375,80.2403106689,84121,84137,16
13.0268096924,80.2656936646,4782,4812,30
13.0267601013,80.265586853,5419,5440,21
13.026720047,80.2654876709,5763,5793,30
13.0268001556,80.2654876709,5803,5823,20
13.0266399384,80.2656402588,6126,6146,20
13.0266399384,80.2656021118,6237,6257,20
13.026720047,80.2655410767,6449,6469,20
13.0266399384,80.2655410767,6469,6489,20
13.0266799927,80.265586853,6560,6590,30
13.0266895294,80.2656326294,7226,7256,30
13.0266704559,80.2655334473,7317,7337,20
13.0266399384,80.2655487061,7448,7468,20
13.0266504288,80.2656021118,7519,7539,20
13.0267000198,80.265586853,7539,7569,30
13.0266799927,80.2656402588,7569,7589,20
13.0265302658,80.2657623291,7610,7630,20
13.0266599655,80.265663147,7640,7670,30
13.0266399384,80.2655487061,7902,7922,20
13.0266599655,80.2656326294,8266,8286,20
13.0266895294,80.2656021118,8407,8427,20
13.0266399384,80.2655563354,8447,8467,20
13.0265398026,80.2654876709,8740,8760,20
13.0263996124,80.2657012939,8851,8881,30
13.026599884,80.2655792236,8962,8983,21
13.0265903473,80.2656173706,8983,9013,30
13.0265598297,80.2657012939,9166,9196,30
13.0266799927,80.2654800415,9368,9398,30
13.0266599655,80.2656402588,9610,9640,30
13.026599884,80.2655792236,10135,10165,30
13.0265598297,80.2657165527,10226,10256,30
13.0266599655,80.2656402588,10327,10357,30
13.0265302658,80.2655181885,10660,10690,30
13.0264501572,80.2655487061,10700,10720,20
13.0265798569,80.2656707764,10720,10740,20
13.0265798569,80.265663147,10750,10771,21
13.0266304016,80.2654418945,10781,10801,20
13.0266504288,80.2656784058,12335,12355,20
13.0265798569,80.2656173706,12375,12396,21
13.027179718,80.2658081055,12618,12648,30
13.0266504288,80.2656097412,18284,18304,20
13.0065803528,80.2475509644,22802,22822,20
13.0182800293,80.2246704102,23195,23211,16
13.034239769,80.2304077148,23479,23499,20
13.0299100876,80.2308273315,24862,24882,20
13.0242795944,80.2285308838,25022,25043,21
13.0263204575,80.2657318115,26003,26019,16
13.0333404541,80.2678222656,26223,26239,16
13.0253200531,80.2654037476,27362,27381,19
13.0160799026,80.2596817017,27594,27614,20
13.0157899857,80.2251968384,28571,28601,30
13.0219402313,80.2261276245,28672,28692,20
13.0332803726,80.2305984497,30721,30736,15
13.0240001678,80.2282485962,30849,30869,20
13.0230503082,80.2272796631,30900,30920,20
13.0216703415,80.225440979,30920,30940,20
13.0088596344,80.2296981812,31122,31138,16
13.0071001053,80.2398834229,31293,31323,30
13.0061702728,80.2576370239,31755,31775,20
13.0076599121,80.2585067749,31775,31795,20
13.0096597672,80.2591400146,31816,31846,30
13.0166597366,80.2591781616,31876,31896,20
13.0170202255,80.2601623535,31937,31967,30
13.0181703568,80.260887146,31977,31993,16
13.0279903412,80.2632217407,32287,32317,30
13.0292797089,80.2662582397,32347,32368,21
13.0333900452,80.267829895,32549,32566,17
13.0333099365,80.2678222656,32566,32587,21
13.0294904709,80.2665405273,33153,33183,30
13.0203304291,80.2630386353,33405,33421,16
13.015999794,80.2595596313,33494,33514,20
13.0065698624,80.2574615479,33827,33847,20
13.0155200958,80.224937439,34886,34907,21
13.0157299042,80.2250976563,34907,34927,20
13.0182199478,80.2252426147,34998,35018,20
13.0216798782,80.2259063721,35179,35199,20
13.0228900909,80.2269668579,35290,35310,20
13.0293397903,80.2307815552,35613,35643,30
13.034910202,80.2301635742,35785,35815,30
13.0350399017,80.2300720215,35815,35835,20
13.0350799561,80.2298965454,35845,35865,20
13.0350799561,80.2298965454,35865,35882,17
13.0343399048,80.2299499512,36045,36075,30
13.0315999985,80.2306976318,36217,36237,20
13.0313796997,80.230682373,36267,36287,20
13.0100803375,80.2278671265,37337,37367,30
13.008099556,80.2339630127,37579,37599,20
13.0070104599,80.2395401001,37751,37771,20
13.0069999695,80.2399368286,37781,37811,30
13.0066900253,80.2455215454,37993,38013,20
13.0265102386,80.2641296387,38630,38660,30
13.0293197632,80.2664871216,38910,38930,20
13.0344400406,80.268119812,39061,39082,21
13.033949852,80.2679290771,39102,39120,18
13.0332698822,80.2677764893,39173,39193,20
13.0065803528,80.2465591431,40949,40969,20
13.0198001862,80.2245788574,41564,41584,20
13.0220098495,80.2261734009,41625,41645,20
13.0340003967,80.2304534912,42079,42109,30
13.0342903137,80.2300186157,42319,42349,30
13.0336503983,80.2304382324,42884,42904,20
13.0251102448,80.2296905518,43147,43167,20
13.0242500305,80.2285690308,43207,43227,20
13.021780014,80.2261886597,43298,43314,16
13.0144901276,80.2262420654,43417,43437,20
13.0081996918,80.2335891724,43558,43578,20
13.0080900192,80.2340621948,43589,43605,16
13.0075798035,80.2365188599,43657,43677,20
13.0065803528,80.2439117432,43970,44000,30
13.0066795349,80.2462692261,44051,44071,20
13.0068597794,80.24949646,44111,44131,20
13.006770134,80.2509613037,44162,44182,20
13.0066900253,80.2574462891,44354,44374,20
13.0077800751,80.2586898804,44414,44434,20
13.0120897293,80.2590789795,44505,44521,16
13.0201797485,80.2626419067,44684,44705,21
13.0264196396,80.2640380859,44906,44927,21
13.029129982,80.2664031982,45090,45110,20
13.0337095261,80.2678833008,45201,45231,30
13.0298299789,80.2666625977,45514,45534,20
13.0263395309,80.265953064,45605,45625,20
13.0207595825,80.2630462646,45827,45843,16
13.0066099167,80.2577590942,46117,46138,21
13.0065202713,80.2532577515,46299,46319,20
13.0064897537,80.2528610229,46329,46350,21
13.006310463,80.2406997681,46753,46773,20
13.0074195862,80.2367401123,46794,46814,20
13.0156297684,80.2250518799,47106,47127,21
13.0219602585,80.2261734009,47227,47247,20
13.034239769,80.2304229736,47571,47591,20
13.0340795517,80.2304000854,47995,48025,30
13.0239801407,80.2282714844,48328,48358,30
13.0142297745,80.2263031006,48519,48539,20
13.0068702698,80.2496566772,48953,48973,20
13.0077695847,80.2587280273,49226,49242,16
13.0202798843,80.2626724243,49446,49476,30
13.0238704681,80.2643814087,49597,49613,16
13.0265903473,80.2639083862,49668,49688,20
13.0336198807,80.2678527832,49930,49960,30
13.0344495773,80.2680435181,49991,50021,30
13.0344295502,80.2681121826,50021,50041,20
13.0065402985,80.2540588379,54269,54290,21
13.0065803528,80.25390625,54300,54330,30
13.0066795349,80.2528915405,54360,54380,20
13.015130043,80.2248077393,55087,55103,16
13.0170202255,80.2250671387,55134,55149,15
13.0218696594,80.22605896,55220,55243,23
13.0245895386,80.2289276123,55296,55316,20
13.0333595276,80.2304077148,55528,55548,20
13.0297803879,80.2308197021,56153,56174,21
13.0204601288,80.2250900269,56497,56517,20
13.0120296478,80.2271881104,56719,56735,16
13.0082397461,80.2334976196,56798,56819,21
13.0069198608,80.2399673462,56910,56940,30
13.0068702698,80.2496185303,57111,57132,21
13.0201997757,80.2626266479,57515,57531,16
13.0292596817,80.2660903931,57826,57856,30
13.0334100723,80.2677993774,57957,57977,20
13.0306196213,80.2667007446,58159,58179,20
13.0297203064,80.2665405273,58179,58199,20
13.018989563,80.262802124,58482,58502,20
13.0058298111,80.2568817139,58734,58754,20
13.01583004,80.2254486084,59511,59527,16
13.024020195,80.2282333374,61639,61659,20
13.0141897202,80.226348877,61830,61851,21
13.0082798004,80.2334594727,61972,61992,20
13.0082597733,80.2335205078,62002,62018,16
13.0078001022,80.2585678101,62676,62696,20
13.0332403183,80.2677612305,63498,63528,30
13.033200264,80.2677230835,63528,63558,30
13.0331401825,80.2676773071,63740,63760,20
13.0331001282,80.2676086426,63770,63791,21
13.0331401825,80.2676315308,63801,63831,30
13.0160198212,80.2596817017,64759,64779,20
13.0120897293,80.2586288452,64820,64850,30
13.0100603104,80.2592468262,64860,64881,21
13.0067596436,80.2578430176,65022,65042,20
13.0103397369,80.2257080078,65807,65837,30
13.011179924,80.2238006592,65877,65894,17
13.0108804703,80.2229919434,65894,65914,20
13.0109300613,80.2235565186,65926,65955,29
13.0341701508,80.2303619385,67783,67803,20
13.0235996246,80.2285385132,68649,68679,30
13.019949913,80.2249069214,68770,68790,20
13.0143995285,80.22631073,68901,68921,20
13.0135698318,80.2265930176,68942,68958,16
13.0081796646,80.2336883545,69062,69082,20
13.0070199966,80.2402572632,69253,69274,21
13.006819725,80.2496185303,69476,69496,20
13.0067300797,80.2515792847,69556,69577,21
13.0066699982,80.2572174072,69667,69688,21
13.0074501038,80.2585983276,69738,69758,20
13.0141401291,80.259262085,69849,69865,16
13.0229501724,80.263999939,70079,70100,21
13.0231304169,80.2641067505,70100,70130,30
13.0248203278,80.2653274536,70130,70150,20
13.016119957,80.2257537842,72991,73007,16
13.0198698044,80.2240219116,73041,73062,21
13.0295200348,80.2307434082,73863,73893,30
13.0066404343,80.2434921265,74803,74833,30
13.0066299438,80.2445602417,74873,74893,20
13.0066699982,80.2456893921,74964,74984,20
13.0068397522,80.2496032715,75095,75115,20
13.0063800812,80.2565689087,75267,75283,16
13.0195999146,80.2625427246,75548,75578,30
13.0291099548,80.2665786743,75921,75944,23
13.026599884,80.2659988403,77087,77107,20
13.0253400803,80.2653579712,77137,77157,20
13.0071802139,80.2587432861,77511,77532,21
13.0065202713,80.2532730103,77703,77723,20
13.0074300766,80.236656189,78056,78077,21
13.0219602585,80.2262115479,78501,78531,30
13.0242795944,80.2284469604,78581,78601,20
13.0297403336,80.2307434082,78753,78769,16
13.0246400833,80.2290725708,79538,79558,20
13.0345497131,80.2680282593,80912,80932,20
13.0265197754,80.2640762329,82446,82466,20
13.0369701385,80.2670593262,82749,82769,20
13.0393295288,80.2646789551,82850,82866,16
13.0531997681,80.2638626099,83191,83214,23
13.0846595764,80.2832183838,84034,84054,20
13.0880804062,80.283706665,84528,84558,30
13.0821800232,80.2784576416,84712,84742,30
13.0801200867,80.262802124,85327,85348,21
13.0770196915,80.2400131226,85963,85983,20
13.0744400024,80.2202606201,86286,86302,16
12.997710228,80.2560195923,20221,20241,20
12.8996200562,80.2279205322,21425,21455,30
12.9076595306,80.2283477783,24345,24362,17
12.9319295883,80.2320785522,24546,24562,16
12.9488897324,80.240562439,24756,24776,20
13.0004701614,80.2481384277,25463,25479,16
13.0073795319,80.236869812,25644,25664,20
13.0198097229,80.224571228,25940,25960,20
13.0233802795,80.2276763916,26536,26556,20
13.0142202377,80.2263336182,26748,26764,16
12.9303102493,80.2316970825,28273,28290,17
12.9066896439,80.2282791138,28545,28565,20
12.8397798538,80.2277679443,29383,29403,20
12.7868995667,80.2206268311,30030,30050,20
12.7865400314,80.2204437256,31395,31415,20
12.8015499115,80.2235794067,31688,31708,20
12.8055400848,80.2241287231,31779,31799,20
12.8311004639,80.2293395996,32102,32122,20
12.8314599991,80.2292098999,32132,32152,20
12.874710083,80.2267303467,32607,32627,20
12.9059400558,80.2281265259,33364,33380,16
12.9288301468,80.231262207,33614,33630,16
12.956319809,80.243347168,34088,34108,20
12.9783697128,80.2521972656,34512,34528,16
13.0063400269,80.2467727661,35459,35479,20
13.0066404343,80.2420272827,35631,35661,30
13.0151996613,80.2246932983,36014,36035,21
13.0218601227,80.2260894775,36297,36327,30
13.0234298706,80.2276306152,36489,36509,20
13.0083703995,80.232749939,38026,38046,20
13.0079298019,80.2350006104,38127,38147,20
13.0067501068,80.2406616211,38399,38416,17
13.0066900253,80.2440185547,38529,38549,20
12.9911003113,80.2506484985,38842,38872,30
12.978099823,80.252243042,39811,39827,16
12.9472703934,80.2400970459,40295,40315,20
12.9337396622,80.2329406738,40487,40517,30
12.9094200134,80.2286987305,40810,40826,16
12.8993797302,80.2279205322,41101,41122,21
12.8890695572,80.2274017334,41243,41259,16
12.8763399124,80.2270126343,41372,41392,20
12.8315496445,80.2288894653,41867,41887,20
12.8276596069,80.219543457,42059,42089,30
12.8274002075,80.2194366455,42784,42805,21
12.9027795792,80.2279815674,43776,43806,30
12.9570198059,80.2435913086,44513,44529,16
12.979590416,80.2526168823,44814,44844,30
12.9858398438,80.2518920898,44925,44945,20
13.0066099167,80.2409133911,45392,45422,30
13.0151996613,80.2247314453,45725,45745,20
13.0189800262,80.2243423462,45795,45812,17
13.0216598511,80.2258834839,46783,46803,20
13.0142002106,80.2263870239,47419,47439,20
13.0082197189,80.2333984375,47631,47651,20
13.0061597824,80.247428894,47884,47914,30
12.9636001587,80.2468414307,48842,48862,20
12.9594202042,80.2448425293,48912,48929,17
12.9173603058,80.2298736572,49516,49537,21
12.913310051,80.229309082,49587,49607,20
12.9129400253,80.2292175293,49617,49633,16
12.8993396759,80.227897644,49767,49788,21
12.8848896027,80.2267532349,49929,49949,20
12.8452396393,80.2266464233,50363,50384,21
12.7969198227,80.2230987549,50899,50915,16
12.78703022,80.2206420898,51028,51048,20
12.7864904404,80.2204437256,51836,51856,20
12.7870597839,80.2206573486,51866,51896,30
12.7964696884,80.2229919434,52017,52033,16
12.8310604095,80.2293319702,52413,52433,20
12.8454303741,80.2265319824,52585,52605,20
12.8598499298,80.2263793945,52736,52752,16
12.8899898529,80.2272720337,53057,53074,17
12.913860321,80.2292327881,53389,53409,20
12.9588899612,80.2444000244,53964,53984,20
12.9630699158,80.2464065552,54045,54065,20
13.0195398331,80.2244033813,55681,55707,26
13.0243196487,80.2284088135,55821,55851,30
13.0176401138,80.2249832153,56538,56554,16
13.008939743,80.2295532227,56667,56690,23
13.0069303513,80.2400817871,56803,56824,21
12.9565095901,80.243598938,57581,57609,28
12.8728199005,80.2267608643,58629,58649,20
12.872759819,80.2267532349,58659,58675,16
12.7888202667,80.2213973999,59536,59552,16
12.7875204086,80.2208633423,59667,59687,20
12.7872896194,80.2207870483,59697,59717,20
12.7865200043,80.2204971313,59748,59768,20
12.7962398529,80.2229385376,61091,61111,20
12.8394699097,80.227722168,61606,61626,20
12.8746700287,80.2268066406,62070,62086,16
12.9067296982,80.2282333374,62483,62499,16
12.9488201141,80.2405700684,63039,63061,22
12.9562397003,80.2433166504,63182,63202,20
12.9894504547,80.2509078979,63949,63969,20
13.006529808,80.2461776733,64202,64222,20
13.0065402985,80.2411117554,64323,64343,20
13.0073404312,80.2372436523,64394,64414,20
13.0117902756,80.2222366333,64636,64652,16
13.0156698227,80.2251815796,64714,64735,21
13.0243797302,80.2285232544,64927,64957,30
13.0205001831,80.2252426147,65533,65553,20
13.0172300339,80.2252120972,65623,65640,17
13.0060501099,80.2474594116,66278,66298,20
12.9566602707,80.2438812256,67387,67417,30
12.9502401352,80.2412796021,67548,67578,30
12.9357700348,80.2339477539,67800,67821,21
12.9260101318,80.2310791016,67942,67961,19
12.8990697861,80.2279586792,68497,68517,20
12.8969602585,80.2277984619,68548,68564,16
12.8451595306,80.2267303467,69073,69093,20
12.8253698349,80.2195663452,69996,70016,20
12.8316297531,80.2288589478,70785,70806,21
12.8457603455,80.2265396118,71018,71038,20
12.8859395981,80.2268600464,71583,71599,16
12.9029502869,80.2279968262,71793,71813,20
12.9453201294,80.2391662598,72439,72456,17
12.9794797897,80.2526626587,73144,73165,21
13.0194196701,80.2243423462,74114,74144,30
13.0243902206,80.2284698486,74225,74255,30
13.0081300735,80.233757019,74518,74534,16
13.0067195892,80.2463531494,74779,74799,20
13.0687503815,80.204788208,308,328,20
13.0694704056,80.2048110962,358,388,30
13.0750303268,80.2177505493,853,873,20
13.0814504623,80.2735595703,2943,2964,21
13.0723896027,80.2021179199,3873,3893,20
13.0771503448,80.2108535767,5742,5772,30
13.0819797516,80.2755279541,6580,6600,20
13.0880002975,80.2836608887,8065,8085,20
13.0814199448,80.273399353,12458,12488,30
13.0724401474,80.2020874023,13438,13458,20
13.0691604614,80.2047424316,14710,14740,30
13.0751399994,80.2171783447,15205,15225,20
13.0819501877,80.2759933472,16568,16589,21
13.0821895599,80.2784729004,17225,17245,20
13.0815496445,80.2753372192,17457,17477,20
13.0748500824,80.2775802612,17649,17669,20
13.0341596603,80.2679977417,18315,18336,21
13.0264196396,80.2661819458,20407,20428,21
13.0161399841,80.2597198486,20680,20700,20
13.0065498352,80.2465667725,21155,21174,19
13.0343904495,80.2304000854,21923,21943,20
13.0265302658,80.2642364502,24731,24752,21
13.0261697769,80.266166687,24964,24994,30
13.0253000259,80.26537323,25812,25832,20
13.0221595764,80.2634277344,25893,25913,20
13.0065603256,80.2524185181,26489,26509,20
13.0153598785,80.224861145,27175,27196,21
13.02202034,80.2262191772,27317,27347,30
13.0284900665,80.2309188843,27499,27519,20
13.0348100662,80.2303009033,27630,27650,20
13.0298700333,80.2308425903,29145,29165,20
13.0240297318,80.2283477783,29377,29397,20
13.0143203735,80.2262802124,29559,29579,20
13.0083198547,80.233253479,29791,29811,20
13.0068702698,80.2407608032,30003,30023,20
13.0067195892,80.2462615967,30175,30205,30
13.0165195465,80.2597427368,30589,30609,20
13.0230102539,80.2638397217,30761,30781,20
13.0333499908,80.2677612305,31114,31144,30
13.0298995972,80.2666931152,31700,31720,20
13.0293798447,80.2665786743,31720,31750,30
13.0253000259,80.2653198242,31882,31902,20
13.0222196579,80.263420105,31972,31993,21
13.0072603226,80.2588119507,32326,32346,20
13.006480217,80.2533035278,32538,32558,20
13.007349968,80.2369766235,33053,33073,20
13.0151195526,80.2246780396,33346,33366,20
13.0220403671,80.2261962891,33518,33538,20
13.0198497772,80.2247390747,35386,35416,30
13.0144901276,80.2262268066,35537,35557,20
13.0087499619,80.2306976318,35729,35759,30
13.0084495544,80.2323608398,35860,35881,21
13.0084104538,80.2325668335,35881,35911,30
13.0073204041,80.2381210327,36083,36113,30
13.007229805,80.2386932373,36123,36143,20
13.0068798065,80.2495269775,36517,36537,20
13.0077695847,80.2586364746,36668,36688,20
13.0135402679,80.2590713501,36789,36810,21
13.0345401764,80.2679672241,37607,37628,21
13.0264797211,80.2659988403,38031,38052,21
13.0066699982,80.257850647,38526,38546,20
13.0064897537,80.2531585693,38637,38658,21
13.0066795349,80.2406997681,39253,39274,21
13.0077695847,80.2353363037,39385,39405,20
13.01060009,80.225151062,39516,39536,20
13.0113201141,80.2234420776,39577,39597,20
13.0192499161,80.2242965698,39789,39819,30
13.0208997726,80.2253265381,39910,39930,20
13.0221595764,80.2262878418,40001,40021,20
13.0288600922,80.2308425903,40354,40374,20
13.0335998535,80.2304763794,40485,40506,21
13.0342998505,80.2299575806,41192,41212,20
13.02987957,80.2308425903,41394,41414,20
13.0240001678,80.2283096313,41768,41788,20
13.0198297501,80.2247390747,41879,41899,20
13.0143203735,80.226272583,41970,41990,20
13.0082798004,80.2334976196,42121,42141,20
13.0067596436,80.2431564331,42424,42454,30
13.0067100525,80.2454223633,42505,42525,20
13.0066299438,80.2570724487,42757,42778,21
13.0076799393,80.258682251,42818,42838,20
13.0165300369,80.2597198486,42939,42969,30
13.0346403122,80.2680130005,43545,43575,30
13.0298900604,80.2666931152,43989,44009,20
13.0252599716,80.2653884888,44100,44121,21
13.0111398697,80.2237625122,45363,45383,20
13.0219602585,80.2261734009,45625,45645,20
13.0258903503,80.2307434082,45756,45777,21
13.034819603,80.2302627563,46181,46201,20
13.0341796875,80.2303237915,46352,46372,20
13.0341396332,80.23046875,46372,46393,21
13.027680397,80.2328109741,46574,46595,21
13.016289711,80.2596130371,47726,47746,20
13.0201396942,80.2625808716,47837,47857,20
13.0228700638,80.2637634277,47907,47927,20
13.0260095596,80.2657928467,47988,48018,30
13.0292301178,80.2658615112,48180,48200,20
13.0332803726,80.2677612305,48321,48342,21
13.0065002441,80.2531814575,51674,51694,20
13.0066299438,80.2410430908,52088,52118,30
13.0112800598,80.2234420776,52350,52371,21
13.0076704025,80.2585906982,54986,55006,20
13.0335197449,80.2678375244,55551,55572,21
13.029709816,80.2666702271,56985,57006,21
13.0187997818,80.2621383667,57238,57258,20
13.0072202682,80.2589035034,57460,57480,20
13.0065002441,80.2532196045,57622,57652,30
13.0065402985,80.2467498779,57864,57884,20
13.0065402985,80.2416915894,57985,58005,20
13.0066204071,80.2407913208,58026,58046,20
13.0073900223,80.2368011475,58106,58127,21
13.0152797699,80.224822998,58399,58419,20
13.0293598175,80.2308578491,58793,58813,20
13.0300703049,80.2308120728,60308,60328,20
13.0082998276,80.2333831787,60924,60954,30
13.0068902969,80.2406921387,61075,61095,20
13.0069103241,80.2495880127,61196,61217,21
13.0066995621,80.2571868896,61398,61419,21
13.0066204071,80.257232666,61419,61449,30
13.0261697769,80.2658462524,61833,61853,20
13.0265102386,80.2640380859,61893,61913,20
13.0291900635,80.266456604,62075,62095,20
13.0263996124,80.2659835815,62954,62984,30
13.0252103806,80.2652893066,63013,63034,21
13.0160703659,80.2596969604,63267,63287,20
13.0065002441,80.2534103394,63711,63731,20
13.0065603256,80.24659729,63923,63943,20
13.0065498352,80.2417907715,64054,64075,21
13.007399559,80.2367401123,64216,64236,20
13.0219802856,80.2262115479,64711,64731,20
13.0259599686,80.2310791016,64852,64872,20
13.0335102081,80.2305526733,65913,65933,20
13.0298204422,80.2308578491,66003,66024,21
13.0261802673,80.2322692871,66337,66357,20
13.0261497498,80.2320022583,66367,66397,30
13.0200195313,80.2249832153,66569,66589,20
13.0082397461,80.2335968018,66882,66902,20
13.0068798065,80.2495422363,67205,67235,30
13.0075597763,80.2586364746,67437,67458,21
13.0162696838,80.2596664429,67559,67579,20
13.0201997757,80.2626876831,67690,67709,19
13.0229997635,80.2639694214,67791,67811,20
13.0281896591,80.2638397217,67993,68013,20
13.0335197449,80.2679214478,68235,68265,30
13.0344800949,80.2680664063,68296,68315,19
13.0297498703,80.2667007446,69447,69467,20
13.0220804214,80.2635269165,69689,69710,21
13.0187797546,80.2617797852,69800,69821,21
13.0065402985,80.2468185425,70497,70517,20
13.0065603256,80.2411727905,70629,70649,20
13.0073204041,80.2370834351,70709,70730,21
13.0073604584,80.2368164063,70740,70760,20
13.0102901459,80.2256698608,70921,70942,21
13.0153799057,80.2249679565,71123,71144,21
13.0196800232,80.2245788574,71245,71275,30
13.0337696075,80.2305221558,71780,71800,20
13.0143995285,80.2262420654,73194,73224,30
13.0081796646,80.2335205078,73335,73355,20
13.0066003799,80.256980896,73830,73860,30
13.0076398849,80.2586517334,73901,73921,20
13.0264501572,80.2641677856,74345,74365,20
13.0336799622,80.2678985596,74587,74608,21
13.0344200134,80.268157959,74709,74729,20
13.0266103745,80.2660598755,75759,75789,30
13.0220098495,80.2633972168,75900,75920,20
13.0066404343,80.2476501465,76567,76597,30
13.0113601685,80.2232971191,77011,77031,20
13.024600029,80.2288894653,77375,77395,20
13.0297803879,80.2308578491,78455,78476,21
13.0078296661,80.235206604,79071,79092,21
13.0070199966,80.2393188477,79213,79233,20
13.0069303513,80.2398300171,79243,79263,20
13.0335903168,80.267829895,80171,80192,21
13.0264997482,80.2660217285,80405,80435,30
13.026140213,80.2660675049,80445,80465,20
13.0265102386,80.2663116455,82535,82556,21
12.9902496338,80.2277374268,43188,43208,20
12.9881095886,80.2330780029,43399,43416,17
12.9982795715,80.2380828857,43762,43792,30
12.9919395447,80.2338027954,44458,44478,20
12.9900398254,80.2276229858,45935,45955,20
12.9917402267,80.2336273193,46065,46086,21
12.9882602692,80.2301330566,46965,46985,20
12.9909200668,80.2319412231,47156,47177,21
12.991689682,80.2335510254,47207,47223,16
12.9973402023,80.2380218506,47872,47892,20
12.9925403595,80.2337036133,48558,48575,17
12.989979744,80.2276916504,49344,49360,16
12.9917297363,80.2336196899,49473,49492,19
12.9901895523,80.2273864746,50614,50630,16
13.0080099106,80.2132568359,21446,21466,20
12.9971103668,80.216506958,21671,21691,20
12.9628200531,80.2157363892,22168,22188,20
12.91726017,80.1914901733,22787,22807,20
12.923119545,80.1605300903,23171,23187,16
12.9227600098,80.1307830811,23502,23519,17
12.9232797623,80.1203994751,23632,23655,23
12.9234600067,80.1169433594,23677,23697,20
12.9234600067,80.1547164917,25354,25370,16
12.9338998795,80.2038726807,26181,26201,20
12.9449901581,80.2086029053,26383,26399,16
12.9694795609,80.2182998657,26644,26660,16
12.9830102921,80.2219924927,26915,26935,20
13.0078897476,80.2130737305,27368,27390,22
13.0153398514,80.2249069214,27541,27561,20
13.0197296143,80.224571228,27622,27642,20
13.0283699036,80.2309417725,27824,27840,16
13.0299901962,80.230796814,29967,29987,20
13.0208301544,80.225440979,30330,30346,16
12.9756402969,80.2210617065,31462,31492,30
12.9711198807,80.2191772461,31573,31593,20
12.9711198807,80.2191772461,31593,31609,16
12.9442195892,80.2083969116,31904,31924,20
12.9319496155,80.203338623,32177,32193,16
12.9296398163,80.202796936,32205,32225,20
12.9263896942,80.1975784302,32357,32377,20
12.9171199799,80.1942214966,32569,32599,30
12.9226903915,80.1320571899,33649,33666,17
12.9234199524,80.1202011108,33961,33981,20
13.0232696533,80.2273330688,38674,38694,20
13.0348901749,80.230140686,39077,39107,30
13.0289201736,80.2309188843,39855,39871,16
12.9761400223,80.221321106,41357,41378,21
12.9224500656,80.1519165039,42863,42883,20
12.9642496109,80.2162322998,45170,45186,16
12.9918003082,80.219329834,45612,45630,18
12.9975795746,80.2159729004,45731,45751,20
13.012260437,80.2207870483,46064,46080,16
13.0317401886,80.2306137085,46537,46567,30
13.0272502899,80.2329330444,46890,46910,20
13.0261201859,80.2316131592,46961,46981,20
13.0145397186,80.2260818481,47173,47193,20
13.0144395828,80.225440979,47234,47250,16
13.0264997482,80.232963562,50914,50930,16
13.0246295929,80.2291030884,50973,50993,20
13.0209102631,80.2254867554,51124,51140,16
13.0138998032,80.2265167236,51263,51284,21
12.9760799408,80.2212219238,52011,52041,30
12.975810051,80.2211303711,52041,52061,20
12.9280595779,80.1990280151,55998,56014,16
12.9460096359,80.2089691162,56350,56366,16
13.0258903503,80.2306671143,57782,57812,30
13.0259304047,80.230796814,57822,57839,17
13.0288600922,80.2309036255,57871,57891,20
13.0248498917,80.2293930054,60081,60101,20
13.0085697174,80.2135772705,60677,60707,30
13.0080003738,80.2132720947,60727,60748,21
12.9832897186,80.2222366333,61253,61273,20
12.9759998322,80.2213363647,61394,61414,20
12.9757900238,80.2211990356,61414,61434,20
12.9757900238,80.2211990356,61434,61451,17
12.9171600342,80.1943206787,62342,62362,20
12.9172801971,80.1913070679,62453,62473,20
12.9173402786,80.1906585693,62493,62509,16
12.9233598709,80.1549301147,62986,63006,20
12.9231901169,80.1206512451,63582,63612,30
12.9222297668,80.1636505127,65249,65265,16
12.9203596115,80.1839828491,65492,65512,20
12.9171495438,80.193031311,65674,65704,30
12.9297103882,80.2028121948,66017,66033,16
12.9383096695,80.2051391602,66187,66207,20
12.973279953,80.2198486328,66854,66884,30
12.9955797195,80.216758728,67761,67781,20
12.9962396622,80.2166213989,67811,67831,20
12.997469902,80.216217041,67872,67892,20
12.9996500015,80.2143325806,67943,67959,16
13.0077495575,80.2130432129,68112,68132,20
13.0273799896,80.2310562134,68871,68900,29
13.0335597992,80.2305831909,69183,69204,21
13.0277500153,80.232421875,70467,70483,16
13.0249595642,80.2296600342,70639,70659,20
13.0248603821,80.2295379639,70669,70685,16
13.0199699402,80.2249679565,70839,70869,30
13.0081100464,80.2133865356,71374,71394,20
13.0078496933,80.2132415771,71435,71465,30
12.9962396622,80.2166900635,71779,71799,20
12.9907302856,80.2202072144,71961,71981,20
12.9871397018,80.2231216431,72072,72102,30
12.9828500748,80.2219772339,72244,72260,16
12.9305400848,80.2029571533,73093,73109,16
12.9259004593,80.1975402832,73234,73254,20
12.9171199799,80.1943283081,73405,73426,21
12.9172201157,80.1912612915,73496,73517,21
12.9226303101,80.1330490112,74345,74361,16
12.9225101471,80.1433410645,75191,75212,21
12.9202804565,80.1837921143,75747,75777,30
13.0078401566,80.2130508423,77504,77524,20
13.0151195526,80.2258987427,78100,78120,20
12.9972801208,80.2570724487,815,835,20
12.9563903809,80.2437210083,19930,19960,30
12.9010000229,80.2279968262,20537,20558,21
12.8747797012,80.2097167969,21114,21144,30
12.8792200089,80.2109909058,21736,21756,20
12.9643201828,80.2469100952,23230,23252,22
12.977060318,80.2227401733,23984,24004,20
12.9776201248,80.2211914063,24054,24074,20
13.0066795349,80.2096786499,24691,24711,20
13.0137195587,80.2042236328,24923,24943,20
13.0098400116,80.2114181519,25387,25408,21
13.0096902847,80.2112503052,25408,25428,20
13.0094995499,80.2110290527,26296,26316,20
12.9952001572,80.217048645,26973,26993,20
12.9876499176,80.2230911255,27145,27165,20
12.9761295319,80.2213973999,27387,27417,30
12.9762802124,80.2216796875,27427,27448,21
12.9812803268,80.2371292114,27762,27778,16
12.956489563,80.2437133789,28507,28527,20
12.9359998703,80.2339477539,28921,28941,20
12.9107303619,80.2289428711,29304,29320,16
12.8990001678,80.2278823853,29545,29565,20
12.8903398514,80.2274169922,29696,29713,17
12.888299942,80.2273635864,29713,29735,22
12.8787002563,80.2153930664,30068,30084,16
12.8793001175,80.2109985352,30115,30136,21
12.8748102188,80.209777832,30308,30328,20
12.8746700287,80.2097320557,30328,30358,30
12.8746795654,80.2100372314,30368,30389,21
12.8746995926,80.209777832,30600,30621,21
12.8734197617,80.2100067139,30691,30711,20
12.8738899231,80.2098922729,30721,30742,21
12.8748903275,80.2099075317,30883,30913,30
12.8747797012,80.2098464966,30944,30964,20
12.879240036,80.2109909058,31125,31145,20
12.8764696121,80.2267227173,31540,31560,20
12.8942403793,80.2275085449,31832,31852,20
12.919549942,80.2300033569,32478,32498,20
12.9261798859,80.2308883667,32569,32589,20
12.9408597946,80.2359924316,32821,32837,16
12.943570137,80.2371368408,32849,32869,20
12.9467897415,80.2397537231,32920,32940,20
12.9480400085,80.240272522,32970,32990,20
12.9509296417,80.2412796021,33222,33243,21
12.9615602493,80.2456970215,33475,33491,16
12.966340065,80.2477111816,33644,33664,20
12.9743795395,80.2504272461,33785,33801,16
12.981180191,80.2348022461,34136,34154,18
12.9781198502,80.2247314453,34377,34394,17
12.9769897461,80.2229309082,34426,34446,20
12.9829902649,80.2219619751,34608,34628,20
12.9945402145,80.2174224854,34860,34880,20
12.9962100983,80.2164764404,35001,35021,20
13.0060396194,80.2094573975,35304,35320,16
13.0140199661,80.2042617798,35564,35584,20
13.0141897202,80.2040481567,35594,35624,30
13.0105800629,80.2117996216,35887,35907,20
13.0095796585,80.2110290527,36159,36189,30
13.0095596313,80.2108001709,36321,36341,20
13.0091400146,80.2118377686,36492,36512,20
12.9767799377,80.221206665,37581,37598,17
12.9764795303,80.2217788696,37610,37640,30
12.9764299393,80.2219619751,37640,37670,30
12.9796104431,80.2270812988,37771,37792,21
12.9816799164,80.2305831909,37834,37855,21
12.9819803238,80.2326812744,38117,38147,30
12.9816598892,80.2334594727,38178,38198,20
12.9813604355,80.2391204834,38369,38390,21
12.9814300537,80.2428436279,38470,38490,20
12.9799404144,80.252456665,38642,38672,30
12.9492301941,80.2409210205,39570,39590,20
12.9338798523,80.2330093384,39852,39882,30
12.9334497452,80.232749939,39893,39909,16
12.9134702682,80.2292785645,40123,40143,20
12.902879715,80.2281417847,40314,40334,20
12.9000101089,80.2280273438,40415,40435,20
12.8764200211,80.2266387939,40788,40804,16
12.8750801086,80.2096099854,41250,41271,21
12.8768396378,80.2269592285,41846,41876,30
12.9561595917,80.2432479858,43045,43065,20
12.9668703079,80.2479095459,43327,43348,21
13.0064001083,80.2095718384,44891,44907,16
13.007349968,80.2098312378,44907,44927,20
13.0127696991,80.2112121582,45314,45331,17
13.0104503632,80.2117996216,45383,45404,21
13.0154495239,80.2251205444,46178,46198,20
13.0098800659,80.2265701294,46330,46346,16
12.9950304031,80.2170791626,46711,46731,20
12.9890804291,80.2216567993,46862,46878,16
12.976360321,80.2217636108,47183,47202,19
12.9816303253,80.2303771973,47415,47435,20
12.9814195633,80.242477417,47657,47677,20
12.9645299911,80.2472000122,48061,48077,16
12.9565200806,80.2437210083,48190,48210,20
12.9564599991,80.2436981201,48210,48230,20
12.9435796738,80.2373580933,48442,48458,16
12.9338102341,80.2329330444,48601,48621,20
12.9108600616,80.2289428711,48905,48921,16
12.8990697861,80.227897644,49135,49155,20
12.8931903839,80.2275314331,49216,49246,30
12.8842401505,80.2267303467,49387,49403,16
12.8765201569,80.2269515991,49456,49486,30
12.8791599274,80.2109680176,49668,49688,20
12.8747196198,80.2096633911,49879,49900,21
12.8746204376,80.2098693848,50101,50121,20
12.8743200302,80.2099533081,50263,50282,19
12.8746099472,80.2098007202,50708,50728,20
12.8746004105,80.2097320557,50738,50758,20
12.8746004105,80.2099304199,50798,50819,21
12.8746404648,80.2097167969,50839,50859,20
12.874710083,80.2092971802,50879,50899,20
12.8871898651,80.2271575928,51817,51833,16
12.9005203247,80.2278137207,51987,52017,30
12.9193696976,80.2300415039,52431,52447,16
12.9487304688,80.2406005859,52852,52872,20
12.956319809,80.2432937622,52993,53014,21
12.972990036,80.250213623,53256,53272,16
12.9799604416,80.2523498535,53345,53366,21
12.9812402725,80.237953186,53567,53588,21
13.0059499741,80.209487915,54596,54612,16
13.0136003494,80.2042236328,54857,54877,20
12.9785995483,80.2526092529,57489,57509,20
12.9718999863,80.2500228882,57600,57616,16
12.9208803177,80.2303237915,58284,58300,16
12.90762043,80.2284622192,58443,58464,21
12.8763399124,80.2104415894,59229,59245,16
12.8749399185,80.2101898193,59245,59265,20
12.8746404648,80.2098083496,59631,59651,20
12.8854398727,80.226600647,60055,60071,16
12.9137096405,80.2292404175,60437,60458,21
12.923620224,80.230682373,60609,60625,16
12.9262199402,80.231010437,60625,60647,22
12.9396400452,80.2356796265,60869,60885,16
12.9471597672,80.2399215698,60987,61008,21
12.9484796524,80.240447998,61039,61059,20
12.9509897232,80.241317749,61109,61129,20
12.9558200836,80.2430496216,61230,61250,20
12.9798402786,80.2525787354,61755,61771,16
12.9830799103,80.2220916748,62550,62570,20
12.9869403839,80.2229995728,62661,62681,20
12.9934997559,80.2180862427,62822,62842,20
12.9968595505,80.2164993286,62963,62980,17
13.0072803497,80.2098617554,63234,63254,20
13.0101995468,80.2115402222,63679,63709,30
13.0097703934,80.2113418579,63778,63808,30
13.0099802017,80.2113876343,63808,63829,21
13.0099802017,80.2113571167,63849,63869,20
13.0098695755,80.211479187,64041,64061,20
13.0099000931,80.2111816406,64071,64101,30
13.0098600388,80.2113037109,64364,64384,20
13.0096902847,80.2112121582,64384,64404,20
13.0105495453,80.2163619995,64535,64551,16
13.0154600143,80.2253036499,64676,64696,20
13.0111303329,80.2236785889,64897,64913,16
12.9764499664,80.2218017578,65652,65682,30
12.9785995483,80.225402832,65763,65783,20
12.9813404083,80.2395324707,66136,66157,21
12.9813804626,80.2395629883,66167,66197,30
12.9592695236,80.244758606,66822,66839,17
12.9502296448,80.2412185669,67113,67133,20
12.9471797943,80.2400436401,67254,67274,20
12.9398403168,80.2357788086,67405,67426,21
12.9191198349,80.2302017212,67757,67777,20
12.9133996964,80.2293395996,67840,67861,21
12.902680397,80.2282104492,68143,68163,20
12.8764600754,80.2269973755,68647,68664,17
12.8790597916,80.210899353,68839,68859,20
12.8746595383,80.2101516724,68940,68960,20
12.8746995926,80.2102203369,69102,69132,30
12.8763999939,80.226852417,69778,69798,20
12.883649826,80.2267379761,69878,69894,16
12.9071598053,80.2281723022,70484,70504,20
12.9138898849,80.2292022705,70575,70595,20
12.9334402084,80.2326278687,70877,70897,20
12.9666795731,80.2478408813,71623,71643,20
12.9769897461,80.2513122559,71794,71810,16
12.9799203873,80.2520904541,71843,71863,20
12.9812498093,80.2340621948,72226,72246,20
12.9771404266,80.22265625,72610,72630,20
12.9774398804,80.2220535278,72660,72676,16
12.9835996628,80.2223510742,72891,72911,20
12.9868402481,80.2229614258,72992,73012,20
12.9951696396,80.2169570923,74941,74961,20
12.9931297302,80.2184524536,75002,75018,16
12.9792499542,80.2264404297,75465,75481,16
12.9857597351,80.2517089844,75947,75977,30
12.9858798981,80.2516708374,75977,75998,21
12.9975299835,80.255897522,76542,76563,21
12.9864997864,80.2352981567,27918,27948,30
12.9866695404,80.2333221436,27987,28009,22
12.9915103912,80.2334671021,28556,28576,20
12.9866399765,80.2333068848,29172,29192,20
12.9900503159,80.2276763916,29354,29374,20
12.9987602234,80.2391815186,29850,29870,20
13.0056695938,80.2422332764,29991,30021,30
12.9991998672,80.2393417358,30143,30163,20
12.990940094,80.231842041,30365,30385,20
12.9901895523,80.2274169922,30466,30486,20
12.9884996414,80.2234573364,30557,30587,30
12.9888296127,80.2233734131,59279,59309,30
12.9861803055,80.2344207764,61526,61546,20
12.9874601364,80.2584228516,18864,18884,20
12.9874601364,80.2582397461,18884,18904,20
12.9484596252,80.1982269287,19938,19958,20
12.9673700333,80.1490936279,20639,20669,30
12.9734201431,80.1530227661,20800,20820,20
12.9486103058,80.2092208862,22295,22315,20
12.9797897339,80.2526779175,23144,23164,20
12.9652795792,80.2474136353,25469,25490,21
12.9517602921,80.2416610718,25732,25752,20
12.9491701126,80.2393417358,25893,25914,21
12.9489898682,80.1854019165,26529,26550,21
12.949139595,80.1840896606,26570,26590,20
12.9548397064,80.142539978,27218,27238,20
12.9532604218,80.1416931152,27288,27309,21
12.9278802872,80.1191711426,27905,27925,20
12.9316196442,80.1226806641,28793,28823,30
12.9560899734,80.1429977417,29480,29500,20
12.9512500763,80.1747970581,29974,29994,20
12.9493198395,80.1839370728,30095,30116,21
12.9485797882,80.2093582153,30530,30550,20
12.9500598907,80.2330703735,30772,30802,30
12.9499902725,80.235710144,30853,30883,30
12.9492101669,80.2400588989,30974,30994,20
12.9588403702,80.2444076538,31297,31317,20
12.9670295715,80.2480316162,31479,31499,20
12.987449646,80.2588424683,33892,33912,20
12.9875602722,80.2560424805,34043,34063,20
12.9811697006,80.2527084351,34752,34782,30
12.9712200165,80.2497787476,34964,34984,20
12.9595098495,80.2448577881,35206,35226,20
12.9564504623,80.2437133789,35287,35307,20
12.9492397308,80.2394104004,35549,35570,21
12.9497299194,80.2359771729,35640,35660,20
12.9499797821,80.2337722778,35701,35721,20
12.94851017,80.2086410522,35933,35953,20
12.9544000626,80.1589813232,36539,36559,20
12.9683504105,80.1494827271,36902,36922,20
12.9733600616,80.1529769897,37195,37225,30
12.9692697525,80.1501235962,37296,37326,30
12.967040062,80.2479782104,39043,39063,20
12.9593296051,80.2448730469,41062,41092,30
12.9569597244,80.2439422607,41132,41153,21
12.9568004608,80.2438583374,41163,41183,20
12.9565601349,80.2437820435,41193,41223,30
12.9516000748,80.2416763306,41294,41314,20
12.9499902725,80.2338790894,41579,41599,20
12.9485502243,80.2087173462,41811,41831,20
12.9484796524,80.1957321167,41983,42003,20
12.9491996765,80.1837921143,42184,42205,21
12.9587497711,80.1500473022,42629,42649,20
12.9515800476,80.1405029297,42841,42871,30
12.9377803802,80.1287765503,43053,43073,20
12.9367904663,80.1278991699,43103,43133,30
12.9267501831,80.1178207397,43527,43557,30
12.9376296997,80.1275177002,44345,44365,20
12.9504899979,80.1393814087,44567,44587,20
12.9817800522,80.252571106,46788,46808,20
12.986579895,80.2591781616,47769,47789,20
12.9497003555,80.2359390259,48944,48974,30
12.9672698975,80.1490097046,50055,50075,20
12.9682798386,80.149520874,50106,50126,20
12.9675502777,80.1492767334,50712,50732,20
12.9545202255,80.1588592529,50974,51004,30
12.9496002197,80.23777771,52014,52044,30
12.9813804626,80.2526016235,52500,52520,20
12.9871997833,80.259552002,53136,53166,30
12.9865903854,80.2593002319,53348,53368,20
12.9876899719,80.2551422119,54600,54630,30
12.9785404205,80.252571106,54842,54862,20
12.9650001526,80.2473373413,54973,54993,20
12.9593400955,80.2447814941,55064,55084,20
12.9568996429,80.2437973022,55125,55155,30
12.9566898346,80.2437210083,55155,55175,20
12.9499597549,80.2338790894,55478,55498,20
12.949259758,80.2210083008,55612,55632,20
12.9484996796,80.2086715698,55703,55723,20
12.9489402771,80.1852874756,55986,56016,30
12.95195961,80.1407470703,56605,56635,30
12.9272499084,80.1184997559,57029,57049,20
12.9262399673,80.1175003052,57099,57120,21
12.9374198914,80.1281585693,58069,58099,30
12.9560699463,80.1430435181,58412,58442,30
12.9585800171,80.1504516602,58553,58573,20
12.9485797882,80.2090988159,59169,59189,20
12.9499797821,80.2358627319,59432,59452,20
12.9667701721,80.2479629517,59866,59886,20
12.9872703552,80.2591171265,61946,61966,20
12.9636898041,80.246887207,62652,62673,21
12.9593296051,80.2448272705,62723,62743,20
12.9563798904,80.2437286377,62905,62925,20
12.9491596222,80.2393875122,63066,63086,20
12.9497203827,80.2359466553,63137,63157,20
12.9500102997,80.2338409424,63187,63208,21
12.9484996796,80.208732605,63432,63452,20
12.9543895721,80.159072876,64048,64078,30
12.9673299789,80.1490631104,64361,64381,20
12.9492397308,80.1850585938,65885,65915,30
12.9486103058,80.1955032349,66037,66057,20
12.9485797882,80.2093734741,66249,66279,30
12.948559761,80.2098236084,66299,66329,30
12.9485301971,80.2101135254,66339,66360,21
12.9500799179,80.2331314087,66532,66552,20
12.9491596222,80.2404174805,66775,66795,20
12.9532804489,80.2422332764,66916,66936,20
12.9658899307,80.2476119995,67199,67219,20
12.9878797531,80.2516021729,67946,67966,20
12.9870996475,80.2597122192,68168,68188,20
12.9876499176,80.2516403198,68996,69026,30
12.9798002243,80.2527999878,69218,69248,30
12.9673900604,80.2484664917,69400,69420,20
12.9656095505,80.2476501465,69491,69511,20
12.965470314,80.2475814819,69511,69531,20
12.9594697952,80.2449417114,69692,69713,21
12.956489563,80.2438430786,69844,69864,20
12.9496498108,80.2360687256,70177,70199,22
12.9497900009,80.2352828979,70219,70239,20
12.949930191,80.2338485718,70270,70290,20
12.9484596252,80.2086181641,70593,70613,20
12.949139595,80.1838989258,70936,70956,20
12.9543199539,80.1591491699,71239,71259,20
12.9504003525,80.1396331787,71714,71734,20
12.9423599243,80.1331710815,71835,71855,20
12.9262104034,80.1175994873,72218,72239,21
12.9422302246,80.1328735352,73268,73289,21
12.950220108,80.139251709,73400,73420,20
12.9509296417,80.1397399902,73440,73470,30
12.9525403976,80.1411514282,73531,73551,20
12.9585800171,80.1504211426,73743,73762,19
12.9544801712,80.158782959,73844,73864,20
12.9492197037,80.1840209961,74096,74117,21
12.9490604401,80.2406616211,74823,74843,20
12.987159729,80.2596435547,75702,75732,30
13.0757703781,80.2749099731,8220,8240,20
13.075920105,80.2749099731,8291,8321,30
13.0813999176,80.2751464844,18131,18152,21
13.008020401,80.213218689,20107,20127,20
13.0144500732,80.2262268066,21968,21989,21
13.0883197784,80.2830276489,25462,25492,30
13.0883903503,80.281036377,25502,25523,21
13.088809967,80.2893371582,25704,25724,20
13.0432796478,80.277557373,41231,41251,20
13.0412597656,80.2682571411,41484,41504,20
13.0382204056,80.2677078247,41615,41635,20
13.0344400406,80.2680435181,41868,41898,30
13.0265798569,80.2640686035,42141,42161,20
13.0270595551,80.2560119629,42333,42353,20
13.0286502838,80.2499389648,42444,42464,20
13.0291700363,80.2489776611,42515,42535,20
13.0295495987,80.2462615967,42586,42616,30
13.0189199448,80.2414703369,42838,42858,20
13.0114202499,80.2232437134,43284,43304,20
13.015080452,80.2259674072,45175,45195,20
13.0082101822,80.2337265015,45316,45337,21
13.0069599152,80.2400817871,45448,45478,30
13.0187797546,80.2412719727,45670,45690,20
13.0232400894,80.2427215576,45751,45771,20
13.0289697647,80.249382019,46257,46277,20
13.0270004272,80.2591400146,46519,46540,21
13.0292196274,80.2660903931,46701,46722,21
13.0339698792,80.2678985596,46853,46883,30
13.0370702744,80.2665634155,46964,46984,20
13.041680336,80.268081665,47197,47227,30
13.0441198349,80.2688598633,47330,47350,20
13.0433998108,80.2735290527,47411,47441,30
13.0564603806,80.2817764282,47816,47836,20
13.0631504059,80.2831573486,47927,47957,30
13.074760437,80.2862930298,48139,48159,20
13.0887699127,80.2901535034,48382,48402,20
13.0878601074,80.2814788818,48941,48971,30
13.0759601593,80.2755432129,49800,49821,21
12.9938297272,80.2344436646,22894,22914,20
13.0057601929,80.2423706055,23187,23217,30
12.9883203506,80.2237167358,27655,27685,30
12.9872303009,80.2585525513,23158,23188,30
13.0230102539,80.2271881104,24080,24100,20
13.0143699646,80.2262573242,24514,24535,21
12.9887695313,80.2511825562,25091,25121,30
12.9593801498,80.2448196411,25465,25485,20
12.9132795334,80.2293167114,26132,26152,20
12.9075603485,80.2284011841,26213,26233,20
12.8995599747,80.2279205322,26365,26385,20
12.8398199081,80.2276611328,27072,27092,20
12.8322601318,80.2291488647,27153,27173,20
12.8067398071,80.2252426147,27416,27436,20
12.8049201965,80.224029541,27477,27497,20
12.7882499695,80.2211685181,27689,27709,20
12.7871398926,80.2207107544,27750,27780,30
12.7863502502,80.2204208374,27800,27820,20
12.7850704193,80.2198562622,27851,27871,20
12.7613201141,80.1846923828,29339,29359,20
12.7692804337,80.1842498779,29662,29683,21
12.7706699371,80.1847076416,29713,29733,20
12.7739095688,80.2013168335,30026,30047,21
12.7860202789,80.2202224731,30512,30532,20
12.7867803574,80.2205276489,30613,30643,30
12.7964200974,80.2229614258,30775,30805,30
12.801199913,80.2235412598,30865,30886,21
12.825969696,80.2313232422,31229,31250,21
12.8455200195,80.2265396118,31593,31614,21
12.8728904724,80.2266082764,31887,31917,30
12.9028301239,80.2279891968,32614,32635,21
12.9071903229,80.2282333374,32736,32756,20
12.9139995575,80.2292785645,32817,32837,20
12.939740181,80.2356414795,33160,33181,21
12.9474201202,80.2399902344,33272,33292,20
12.9665298462,80.2478408813,33939,33959,20
13.006529808,80.2413024902,35172,35192,20
13.0066099167,80.2407684326,35213,35233,20
13.0154495239,80.2249603271,35587,35607,20
13.019610405,80.2244796753,35718,35748,30
13.0211200714,80.2256469727,35799,35819,20
13.0222101212,80.2263793945,35890,35910,20
13.028380394,80.2308578491,36254,36274,20
13.0344600677,80.2297592163,36497,36527,30
13.0296897888,80.2308425903,37649,37679,30
13.0281295776,80.231010437,37770,37791,21
13.0145196915,80.2261734009,38529,38549,20
13.0088996887,80.2301712036,38660,38680,20
13.0083198547,80.2333984375,38812,38842,30
13.0079803467,80.2347412109,38903,38923,20
13.0078601837,80.2353591919,38943,38963,20
13.0067195892,80.24243927,39186,39206,20
13.0067300797,80.2428436279,39216,39236,20
13.0063800812,80.2473983765,39398,39418,20
12.9902200699,80.250831604,39853,39883,30
12.956489563,80.243812561,40824,40854,30
12.8992500305,80.227897644,41815,41836,21
12.8452796936,80.2266616821,42392,42412,20
12.8320198059,80.2291793823,42553,42574,21
12.7862596512,80.2205810547,43099,43119,20
12.7862596512,80.2216415405,43959,43979,20
12.8396501541,80.2276763916,44818,44848,30
12.8852100372,80.2266387939,45394,45414,20
12.9027500153,80.2279815674,45677,45697,20
12.9063596725,80.2281417847,45778,45799,21
12.9139099121,80.2292480469,45910,45930,20
12.9337596893,80.232749939,46162,46183,21
12.9564304352,80.243347168,46597,46617,20
12.9670200348,80.2480010986,46799,46820,21
12.9785499573,80.2523117065,46971,46991,20
12.9796600342,80.2525863647,47012,47042,30
12.9827098846,80.2525100708,47143,47163,20
12.9893398285,80.2509231567,47517,47537,20
13.006480217,80.2464599609,47729,47750,21
13.0155801773,80.2250366211,48205,48235,30
13.0144796371,80.2262268066,49348,49368,20
13.0082902908,80.2337265015,49520,49540,20
13.0068798065,80.2406082153,49692,49722,30
13.0062398911,80.2474212646,49823,49843,20
13.0060596466,80.2473983765,49843,49864,21
12.9910402298,80.2506484985,50046,50066,20
12.9867401123,80.2588577271,50642,50672,30
12.9868402481,80.2592086792,50693,50723,30
12.948679924,80.2406616211,54131,54151,20
12.78703022,80.2206802368,56175,56195,20
12.7963600159,80.2229919434,58046,58066,20
12.8013601303,80.2235565186,58147,58167,20
12.8054704666,80.2240982056,58238,58258,20
12.8260602951,80.2313919067,58531,58551,20
12.8454399109,80.2265167236,58885,58915,30
12.8499498367,80.2265319824,58976,58996,20
12.9069004059,80.2282562256,59835,59855,20
12.9347000122,80.233253479,60300,60320,20
12.9557104111,80.2431716919,60735,60765,30
13.0074300766,80.2367019653,61897,61917,20
13.0285100937,80.2308883667,62554,62575,21
13.0332803726,80.2304992676,62787,62817,30
13.0299797058,80.2308731079,65164,65194,30
13.0233802795,80.2276992798,65619,65639,20
13.0198602676,80.2248382568,65720,65750,30
13.0060997009,80.247543335,66468,66498,30
12.9516000748,80.2417068481,67652,67672,20
12.9133300781,80.2293930054,68218,68238,20
12.9081201553,80.2285919189,68309,68329,20
12.8848304749,80.2268218994,68905,68926,21
12.845459938,80.2267379761,69401,69431,30
12.825799942,80.2315216064,69734,69755,21
12.8187999725,80.2305831909,69856,69876,20
12.8049201965,80.2240982056,70048,70078,30
12.8007898331,80.2236785889,70129,70149,20
12.7707700729,80.2129669189,70698,70718,20
12.78647995,80.2204589844,74449,74470,21
12.7964401245,80.2229919434,74611,74631,20
12.8055496216,80.2241668701,74753,74773,20
12.8311595917,80.229347229,75117,75137,20
12.8386497498,80.2279663086,75339,75369,30
12.8390398026,80.2278594971,75379,75400,21
12.8452396393,80.2265777588,75521,75541,20
12.8499403,80.2265396118,75612,75642,30
12.9336700439,80.2327728271,76896,76916,20
13.019780159,80.2245407104,24259,24289,30
13.0066900253,80.247177124,25160,25180,20
12.9595098495,80.2448501587,25787,25808,21
12.8276996613,80.2194900513,27620,27640,20
12.845459938,80.2265625,28987,29007,20
12.8457803726,80.2265625,29017,29037,20
12.8769302368,80.2268676758,29351,29371,20
12.9027099609,80.2279815674,29695,29716,21
12.9471797943,80.2399368286,30414,30434,20
12.9561395645,80.2432785034,30728,30748,20
12.9794397354,80.2525863647,31143,31173,30
13.0113401413,80.2235565186,32216,32236,20
13.0153102875,80.2249069214,32368,32398,30
13.0243797302,80.2285232544,33360,33380,20
13.0231103897,80.2272796631,33492,33512,20
13.0200500488,80.2247314453,33593,33613,20
13.0086698532,80.2312927246,33816,33846,30
13.007060051,80.2396316528,34231,34261,30
13.0067796707,80.2410202026,34302,34332,30
13.0067501068,80.2420425415,34383,34413,30
12.9909801483,80.250617981,34869,34889,20
12.9665203094,80.2478790283,35901,35921,20
12.9655799866,80.2474594116,36002,36023,21
12.9654102325,80.2474212646,36033,36063,30
12.9341001511,80.2330474854,36934,36954,20
12.8324804306,80.2290420532,38576,38596,20
12.786860466,80.2205886841,39203,39224,21
12.786239624,80.2203292847,39254,39274,20
12.7862501144,80.2219161987,39325,39345,20
12.8313398361,80.2293167114,40803,40823,20
12.8392801285,80.2276992798,40914,40934,20
12.9057502747,80.2281265259,41795,41825,30
13.0066699982,80.2406997681,43506,43526,20
13.0153903961,80.2249298096,43911,43931,20
12.9492197037,80.240852356,46209,46239,30
12.9010400772,80.227897644,46928,46948,20
12.8277101517,80.2194824219,47950,47970,20
12.9064702988,80.228187561,49676,49696,20
12.9820804596,80.2525787354,50840,50860,20
12.9825696945,80.2525634766,50881,50911,30
13.014550209,80.22605896,52299,52329,30
13.0069599152,80.2396011353,53949,53979,30
12.8315296173,80.2289581299,56298,56318,20
12.8270301819,80.2194671631,58627,58648,21
12.9028396606,80.2280502319,59742,59762,20
12.9340496063,80.2329788208,60167,60187,20
12.935259819,80.233581543,60289,60309,20
12.9487600327,80.2406082153,60511,60531,20
12.9794597626,80.2526397705,61139,61169,30
13.0064496994,80.2466583252,61615,61635,20
13.0113601685,80.2233734131,61929,61949,20
13.0082197189,80.2335586548,63295,63316,21
13.0079202652,80.2349624634,63346,63366,20
12.9801301956,80.2527236938,64480,64510,30
12.9471797943,80.240020752,65047,65067,20
12.9398498535,80.2357788086,65158,65178,20
12.9071798325,80.2284164429,65644,65664,20
12.8456296921,80.2265777588,66484,66504,20
12.7861404419,80.2204208374,67284,67314,30
12.7863798141,80.2203826904,68793,68813,20
12.8453598022,80.2265396118,69876,69896,20
12.8498897552,80.2265319824,69977,69997,20
12.928730011,80.231262207,71486,71506,20
12.9562597275,80.2433319092,71992,72022,30
12.9665603638,80.2478485107,72255,72275,20
12.9784498215,80.2523193359,72397,72417,20
12.9827404022,80.2525100708,72488,72508,20
12.9856996536,80.2517929077,72751,72781,30
13.0073900223,80.2369766235,73217,73237,20
13.0156402588,80.2250976563,73551,73571,20
13.0144996643,80.2261199951,74432,74462,30
13.0066604614,80.2437286377,74806,74826,20
13.0066699982,80.2448577881,74867,74887,20
12.9788999557,80.2525634766,75424,75444,20
12.9493103027,80.2408599854,75920,75950,30
12.8322296143,80.229133606,77337,77357,20
12.7861604691,80.2205429077,77934,77955,21
13.016960144,80.2252120972,83444,83465,21
12.9869098663,80.2591171265,20291,20311,20
12.9874200821,80.2578887939,20371,20392,21
12.8394804001,80.2276992798,22964,22984,20
12.9634304047,80.2465362549,24288,24309,21
12.9796600342,80.2526016235,24511,24541,30
13.0066604614,80.2407608032,25027,25048,21
13.0082302094,80.233581543,26018,26039,21
13.0068998337,80.2400436401,26120,26140,20
12.9339504242,80.2330627441,27456,27477,21
12.913310051,80.2293319702,27679,27699,20
12.9073801041,80.2284469604,27800,27830,30
12.8987398148,80.227897644,28164,28194,30
12.8766899109,80.2270126343,28478,28498,20
12.7876996994,80.2209091187,29640,29661,21
12.7873001099,80.2207489014,29671,29691,20
12.7868204117,80.2206192017,29711,29731,20
12.7861700058,80.2205429077,30662,30692,30
12.8392496109,80.2277069092,31511,31531,20
12.8923101425,80.2273330688,32381,32401,20
12.9029502869,80.2279129028,32603,32633,30
12.9336700439,80.232711792,32997,33018,21
12.9396600723,80.2355804443,33088,33109,21
13.0156297684,80.225112915,35525,35545,20
13.0225896835,80.2266616821,35879,35899,20
13.0143003464,80.2262802124,36658,36678,20
13.0085897446,80.2316665649,36820,36840,20
13.0082902908,80.2335281372,36880,36900,20
13.006819725,80.2410202026,37204,37224,20
13.0067901611,80.2414016724,37224,37254,30
13.0067195892,80.243927002,37345,37366,21
13.0060796738,80.247467041,37497,37517,20
12.9669103622,80.2481613159,38468,38488,20
12.9650402069,80.2473602295,38579,38599,20
12.9573602676,80.2440338135,38761,38781,20
12.9564599991,80.2437362671,38882,38902,20
12.9397096634,80.235786438,39206,39226,20
12.9338502884,80.2330093384,39297,39317,20
12.9133796692,80.2293319702,39529,39550,21
12.9023799896,80.2281036377,39732,39752,20
12.8993196487,80.2279510498,39823,39843,20
12.845199585,80.2266616821,40459,40480,21
12.8256502151,80.2194595337,41046,41066,20
12.8228902817,80.2194900513,41107,41127,20
12.9058799744,80.2281570435,42785,42815,30
12.9666700363,80.247833252,43816,43837,21
13.0111703873,80.2232589722,45041,45061,20
13.0156002045,80.225112915,45203,45223,20
13.0243797302,80.2284164429,45425,45455,30
12.9892196655,80.2509613037,46972,47002,30
12.947259903,80.2400665283,48074,48094,20
12.9070301056,80.2283477783,48580,48610,30
12.9014902115,80.228012085,48681,48701,20
12.8995103836,80.2278594971,48751,48772,21
12.8763799667,80.2269897461,49004,49024,20
12.8727397919,80.2267379761,49065,49085,20
12.8452301025,80.2266387939,49338,49368,30
12.8315401077,80.2287979126,49611,49631,20
12.8239498138,80.2159805298,50056,50076,20
12.8274698257,80.2193832397,52018,52038,20
12.8393697739,80.2276382446,52321,52341,20
12.8452796936,80.2265319824,52422,52442,20
12.933839798,80.2327804565,53403,53423,20
12.9667596817,80.2479019165,53888,53908,20
12.9859895706,80.251701355,54485,54505,20
12.9895496368,80.2508392334,54555,54575,20
13.0104398727,80.2253570557,55061,55081,20
12.9785499573,80.252571106,56689,56709,20
12.9638299942,80.2468338013,56881,56901,20
12.9564399719,80.2436828613,57012,57032,20
12.7861795425,80.2208786011,60066,60096,30
12.7864103317,80.2204208374,60116,60137,21
12.831029892,80.2293624878,60703,60733,30
12.9064598083,80.2281799316,61785,61815,30
12.9851303101,80.2520217896,63160,63190,30
13.0064201355,80.2466278076,63716,63746,30
13.006529808,80.2423400879,63868,63888,20
13.0142402649,80.226348877,64950,64970,20
13.0066404343,80.2455596924,65516,65536,20
13.0060396194,80.2473983765,65587,65607,20
12.9570198059,80.2439422607,66537,66567,30
12.8991804123,80.2280273438,67812,67832,20
12.876709938,80.2270736694,68115,68136,21
12.8226499557,80.219291687,69561,69582,21
12.8394002914,80.2277603149,70391,70411,20
12.892080307,80.2273406982,71028,71058,30
12.9027099609,80.2280273438,71290,71311,21
12.939330101,80.2355270386,71867,71887,20
12.9562397003,80.2433929443,72170,72200,30
12.9628896713,80.246421814,72291,72312,21
12.9894800186,80.2509002686,72918,72939,21
13.0064496994,80.2464904785,73110,73131,21
13.0103902817,80.2256469727,73474,73495,21
13.0110502243,80.2240829468,73525,73545,20
13.0242996216,80.2284011841,73940,73970,30
13.0066795349,80.243057251,74920,74941,21
13.0066900253,80.2432327271,74941,74971,30
13.0066900253,80.2436523438,74981,75001,20
13.0066604614,80.2442474365,75042,75072,30
13.0067195892,80.2451019287,75123,75143,20
13.0067596436,80.2471008301,75234,75254,20
12.9872398376,80.2585983276,75669,75689,20
12.9870500565,80.2584762573,76397,76427,30
12.9797801971,80.2526779175,1002,1023,21
12.9789199829,80.2526168823,24282,24302,20
12.9653100967,80.2473983765,24423,24444,21
12.9594497681,80.2447967529,24524,24545,21
12.9132604599,80.2292480469,25101,25122,21
12.8996095657,80.2278671265,25263,25283,20
12.8766202927,80.2269821167,25476,25506,30
12.845199585,80.2266311646,25799,25820,21
12.7866001129,80.2204971313,26477,26498,21
12.7863702774,80.2203292847,28016,28046,30
12.8311796188,80.2293395996,28583,28613,30
12.8855199814,80.2266998291,29220,29240,20
12.9029197693,80.228012085,29463,29483,20
12.9073095322,80.2282791138,29584,29605,21
12.9338197708,80.2328262329,29969,29989,20
12.9475698471,80.2401123047,30192,30212,20
12.9510498047,80.2413635254,30404,30434,30
12.9589700699,80.2444763184,30576,30599,23
12.96296978,80.2463989258,30651,30681,30
12.966460228,80.2477874756,30742,30772,30
12.9785003662,80.2523269653,30894,30914,20
13.0065803528,80.2463989258,31562,31592,30
13.007399559,80.2369918823,31754,31774,20
13.0109996796,80.2244491577,31906,31926,20
13.014749527,80.2250137329,32017,32047,30
13.0085601807,80.2319412231,33130,33150,20
13.0084600449,80.2323532104,33161,33181,20
13.0083599091,80.2329788208,33191,33211,20
13.007900238,80.2348937988,33333,33363,30
13.0067195892,80.2457504272,33930,33950,20
13.0059604645,80.2473297119,34011,34031,20
12.9981603622,80.2488021851,34122,34142,20
12.9813404083,80.2526931763,34759,34780,21
12.9788198471,80.252571106,34861,34881,20
12.9595603943,80.2447891235,35235,35255,20
12.9565401077,80.2436523438,35336,35356,20
12.9517202377,80.2415924072,35437,35458,21
12.9502801895,80.2411193848,35488,35518,30
12.9396896362,80.2356185913,35721,35741,20
12.9340200424,80.2329406738,35812,35842,30
12.9299602509,80.2314682007,35903,35933,30
12.8994703293,80.2278594971,36611,36631,20
12.8986597061,80.2278671265,36662,36682,20
12.8930797577,80.2274932861,36793,36814,21
12.8454198837,80.226600647,37583,37603,20
12.8397397995,80.2276077271,37805,37825,20
12.9795398712,80.2526321411,41106,41126,20
13.0243597031,80.2284622192,42563,42593,30
13.0233001709,80.2275314331,43008,43028,20
13.0082397461,80.2335891724,43352,43373,21
13.0075998306,80.2364425659,43433,43453,20
13.0072803497,80.2380828857,43504,43524,20
13.0066995621,80.2464370728,43919,43939,20
12.9565095901,80.2437210083,44941,44971,30
12.899720192,80.2278671265,45761,45781,20
12.8767004013,80.2269821167,46024,46044,20
12.845410347,80.2266082764,46297,46317,20
12.8323001862,80.2291107178,46469,46489,20
12.8054504395,80.2241134644,47986,48007,21
12.8395900726,80.2276992798,48371,48391,20
12.8458404541,80.2265396118,48472,48492,20
12.8768997192,80.2268371582,48755,48776,21
12.8853197098,80.2266616821,48857,48877,20
12.9059696198,80.2281570435,49120,49140,20
12.9398202896,80.235710144,49494,49514,20
12.9475402832,80.2400817871,49585,49605,20
12.9563598633,80.2432785034,49737,49757,20
12.9564695358,80.2437210083,53360,53380,20
12.9132604599,80.2292633057,53926,53947,21
12.9070196152,80.2282867432,54007,54028,21
12.7105503082,80.1056137085,56750,56771,21
12.7051496506,80.0918121338,59078,59098,20
12.7106800079,80.1104736328,59341,59361,20
12.7222204208,80.1873626709,60060,60080,20
12.8310899734,80.2293777466,61325,61345,20
12.8395500183,80.2276077271,61436,61456,20
12.8453702927,80.2265625,61517,61537,20
12.8501195908,80.2265625,61588,61608,20
12.8609104156,80.2265396118,61720,61740,20
12.8767404556,80.2269134521,61902,61922,20
12.9030504227,80.2280197144,62246,62266,20
12.9873104095,80.2591781616,63835,63856,21
12.9872398376,80.2593994141,63876,63906,30
12.9871101379,80.2592010498,66396,66426,30
12.9876098633,80.2563705444,66497,66527,30
12.9652996063,80.2474594116,67034,67055,21
12.9568595886,80.2438812256,67217,67247,30
12.9338302612,80.2330322266,67712,67733,21
12.9288702011,80.2314300537,67814,67834,20
12.9133996964,80.2293701172,68036,68056,20
12.8993501663,80.2279205322,68532,68562,30
12.8764295578,80.2270507813,68826,68846,20
12.8723201752,80.2267913818,68886,68907,21
12.8452196121,80.2266998291,69190,69210,20
12.78703022,80.2207489014,70010,70030,20
12.7866401672,80.2205886841,70040,70060,20
12.7857398987,80.2201919556,74619,74649,30
12.7865600586,80.2205200195,74670,74690,20
12.8310699463,80.2294006348,75206,75226,20
12.8375597,80.2282028198,75408,75429,21
12.8381595612,80.2280807495,75439,75469,30
12.8391704559,80.2277832031,75520,75550,30
12.9357004166,80.2337188721,76906,76926,20
12.9484901428,80.2405014038,77108,77129,21
12.9629802704,80.2463912964,77311,77341,30
12.9877099991,80.2551498413,77880,77900,20
12.9872102737,80.2592697144,77971,78001,30
12.9872198105,80.2595367432,78011,78031,20
12.9867401123,80.2585678101,84438,84468,30
12.9871997833,80.2591171265,18523,18543,20
12.9651298523,80.2473602295,19191,19211,20
12.8452196121,80.2266387939,20385,20406,21
12.7861995697,80.222076416,21198,21228,30
12.7863798141,80.220413208,21299,21318,19
12.8054895401,80.2241363525,21562,21583,21
12.9489002228,80.2406311035,23306,23336,30
12.9668598175,80.2479629517,23579,23600,21
12.9868898392,80.2515563965,23802,23832,30
13.0155296326,80.2250213623,24440,24460,20
13.0198497772,80.2247619629,26192,26222,30
13.0143098831,80.2262802124,26313,26333,20
12.9787101746,80.2526626587,27153,27174,21
12.9636001587,80.2468414307,27356,27386,30
12.9594202042,80.2448272705,27447,27467,20
12.954000473,80.2425765991,27548,27569,21
12.9517002106,80.2416992188,27609,27629,20
12.9473400116,80.2401428223,27690,27710,20
12.9398202896,80.2358322144,27801,27822,21
12.9339199066,80.2330093384,27893,27923,30
12.9259901047,80.2310180664,28004,28024,20
12.9132604599,80.2293167114,28156,28186,30
12.8993997574,80.2279205322,28530,28551,21
12.8849697113,80.2267684937,28713,28733,20
12.8764295578,80.2270202637,28854,28875,21
12.8611803055,80.2266387939,29057,29087,30
12.845410347,80.2266616821,29330,29350,20
12.8315601349,80.2287521362,29563,29583,20
12.8226699829,80.2160415649,29968,29988,20
12.8454399109,80.2265319824,32074,32104,30
12.8851203918,80.2266311646,32874,32904,30
12.9030704498,80.2279815674,33259,33279,20
12.9563903809,80.2433319092,34109,34129,20
12.9660596848,80.2476730347,34392,34413,21
12.9663200378,80.2477874756,34423,34443,20
13.0190896988,80.2242965698,36144,36164,20
13.0193595886,80.224281311,36174,36195,21
13.0217399597,80.2260437012,36306,36326,20
13.0220003128,80.2261962891,36336,36357,21
13.0225000381,80.2266387939,36377,36397,20
13.0143404007,80.2262573242,37349,37369,20
13.008310318,80.2334289551,37602,37632,30
13.0071802139,80.2388000488,37814,37835,21
12.9654302597,80.2474594116,39353,39374,21
12.9569396973,80.2438583374,39525,39546,21
12.9027795792,80.2281036377,40315,40335,20
12.8996295929,80.2279205322,40416,40437,21
12.8322095871,80.2291717529,41115,41135,20
12.7862997055,80.2203979492,41611,41641,30
12.7865495682,80.220451355,41955,41975,20
12.8197402954,80.2304382324,42299,42319,20
12.8767499924,80.226852417,42876,42896,20
12.9027795792,80.2279815674,43191,43211,20
12.9050703049,80.2281112671,43242,43272,30
12.913860321,80.2292785645,43434,43454,20
12.9487495422,80.240562439,43819,43839,20
12.993639946,80.2500305176,47018,47038,20
12.8315401077,80.2288665771,49784,49804,20
12.8274803162,80.2194824219,49966,49996,30
12.8274803162,80.2193984985,52659,52679,20
12.8275604248,80.2193984985,52679,52700,21
12.831700325,80.2291030884,52902,52922,20
12.9026002884,80.2279281616,53752,53773,21
12.9487400055,80.2405471802,54421,54441,20
12.9785604477,80.2523269653,54937,54957,20
12.9866399765,80.2516021729,55311,55332,21
13.006480217,80.2464675903,55544,55565,21
13.0151100159,80.2251586914,55881,55902,21
13.0062103271,80.247428894,57491,57511,20
12.9784803391,80.2525100708,58200,58220,20
12.9593601227,80.2448272705,58443,58463,20
12.9397802353,80.2358016968,58838,58858,20
12.8993797302,80.2278823853,59405,59425,20
12.8453702927,80.2266616821,59992,60012,20
12.8396902084,80.2277832031,60073,60103,30
12.8254804611,80.2194595337,61400,61420,20
12.8274097443,80.2194671631,61471,61501,30
12.8276195526,80.2194824219,61511,61532,21
12.8317499161,80.2291412354,61856,61876,20
12.845199585,80.226600647,62028,62048,20
12.8456401825,80.226600647,62058,62078,20
12.9396600723,80.2356491089,63425,63445,20
12.94851017,80.2405014038,63567,63587,20
12.9509601593,80.2413406372,63627,63648,21
12.9561500549,80.2433013916,63729,63749,20
12.9894599915,80.2509536743,64589,64609,20
13.0065002441,80.2464675903,64792,64812,20
13.0065698624,80.2448425293,64873,64893,20
13.0143899918,80.2263183594,66695,66715,20
13.0062503815,80.2473983765,67211,67232,21
12.9651899338,80.2474594116,68113,68133,20
12.959400177,80.2448806763,68234,68254,20
12.9472703934,80.2401580811,68538,68558,20
12.9358301163,80.2339401245,68750,68771,21
12.9339199066,80.2330932617,68801,68831,30
12.8049497604,80.2240829468,70990,71010,20
12.7861604691,80.2204284668,71365,71385,20
12.7866697311,80.2205200195,71942,71962,20
12.8998804092,80.2278900146,73977,73997,20
12.9287395477,80.231300354,74443,74463,20
12.939740181,80.235710144,74625,74645,20
12.9630498886,80.2464828491,75040,75070,30
12.9872598648,80.2585906982,75688,75708,20
13.0821199417,80.2755966187,21753,21783,30
13.0820798874,80.2782211304,21834,21854,20
12.7862997055,80.2216415405,25646,25666,20
12.8454704285,80.2265396118,28159,28179,20
12.8767595291,80.2268829346,28493,28514,21
12.9025001526,80.2279968262,28858,28888,30
12.9072399139,80.2283096313,29000,29030,30
12.9142999649,80.2293395996,29111,29131,20
12.9561300278,80.2432479858,29921,29942,21
12.965959549,80.2475662231,30144,30164,20
12.97838974,80.252243042,30326,30347,21
12.9897499084,80.2508392334,30863,30883,20
13.0066003799,80.2464065552,31106,31127,21
13.0073604584,80.2372894287,31278,31299,21
13.0156898499,80.2251968384,31562,31592,30
13.0225801468,80.2266998291,31704,31734,30
13.0306596756,80.2390899658,32018,32038,20
13.0358200073,80.2462005615,32180,32210,30
13.0469903946,80.2484588623,32372,32392,20
13.0607404709,80.261428833,32666,32686,20
13.0710897446,80.2741394043,32970,32990,20
13.07213974,80.2748794556,34399,34429,30
13.0711898804,80.2744522095,34460,34490,30
13.0566396713,80.2577514648,34986,35006,20
13.048789978,80.249710083,35219,35239,20
13.0472202301,80.248588562,35270,35290,20
13.0245895386,80.2289123535,35867,35888,21
13.023440361,80.2276000977,35918,35938,20
13.0145797729,80.2261505127,36110,36131,21
13.0089197159,80.2300872803,36272,36293,21
13.0088396072,80.2305221558,36293,36323,30
13.0066604614,80.2431411743,36718,36738,20
13.0060300827,80.247428894,36951,36981,30
12.994720459,80.2496032715,37123,37153,30
12.967590332,80.248336792,38440,38460,20
12.9671897888,80.2481918335,38470,38490,20
12.9667901993,80.248008728,38500,38521,21
12.9665803909,80.2479019165,38521,38551,30
12.9571800232,80.243927002,38784,38804,20
12.9564599991,80.2436904907,38895,38916,21
12.9022302628,80.2280426025,39726,39746,20
12.8991804123,80.2278594971,39817,39837,20
12.8447599411,80.2266769409,40455,40475,20
12.8322000504,80.2291717529,40658,40678,20
12.7875699997,80.2208786011,41164,41184,20
12.7250900269,80.188041687,42015,42035,20
12.9629602432,80.2464523315,46258,46278,20
12.9666996002,80.2479019165,46339,46359,20
12.9785003662,80.2523117065,46481,46501,20
12.9820604324,80.2525787354,46785,46805,20
12.9860601425,80.2517166138,47079,47109,30
13.006529808,80.2464599609,47352,47372,20
13.0067300797,80.2404174805,47463,47484,21
13.029589653,80.2372436523,48213,48243,30
13.0335597992,80.2445220947,48466,48496,30
13.0342702866,80.2450332642,48669,48689,20
13.0655298233,80.2671585083,49793,49813,20
13.0710000992,80.2740783691,49995,50016,21
13.0758600235,80.276222229,50097,50117,20
13.0719404221,80.2747192383,53267,53287,20
13.0679798126,80.2711715698,53399,53419,20
13.0654296875,80.2675704956,53510,53530,20
13.035320282,80.2460021973,54280,54310,30
13.0233001709,80.2275009155,54644,54665,21
13.006649971,80.2457885742,55090,55110,20
13.0063400269,80.2474365234,55151,55171,20
12.9569396973,80.2438430786,55862,55882,20
12.933839798,80.2329483032,56247,56267,20
12.9066696167,80.2283096313,56571,56591,20
12.8189697266,80.2304992676,57634,57654,20
12.7869596481,80.2206497192,57999,58029,30
12.7865104675,80.2204208374,58910,58930,20
12.8012504578,80.2235870361,59113,59133,20
12.8055496216,80.2241592407,59204,59224,20
12.8453998566,80.2265930176,59711,59732,21
12.8766002655,80.2268981934,60096,60116,20
12.8998498917,80.2278671265,60359,60380,21
12.9026203156,80.228012085,60440,60461,21
12.9137802124,80.2292709351,60623,60643,20
12.9397296906,80.2357025146,60937,60957,20
12.9560899734,80.2431793213,61322,61352,30
12.9563798904,80.2432937622,61372,61392,20
12.9627599716,80.2462921143,61494,61514,20
13.0066604614,80.2406234741,62294,62314,20
13.0224103928,80.2265625,62871,62891,20
13.0296401978,80.2372436523,63064,63084,20
13.0356302261,80.2461700439,63307,63327,20
13.0827903748,80.2780609131,65535,65555,20
13.0818195343,80.2774810791,66001,66031,30
13.0654296875,80.2676391602,66538,66559,21
13.0590896606,80.2654571533,66762,66783,21
13.0567703247,80.2588272095,66945,66965,20
13.0479698181,80.2492218018,67542,67562,20
13.0471496582,80.2485733032,67664,67684,20
13.0453500748,80.2481536865,67795,67816,21
13.0350599289,80.2459030151,68049,68069,20
13.0280103683,80.2355804443,68282,68312,30
13.0277795792,80.2352981567,68322,68342,20
13.0259199142,80.2314300537,68626,68646,20
13.0143899918,80.2261199951,68960,68980,20
13.0068798065,80.2398376465,69244,69274,30
13.0066404343,80.2445907593,69406,69426,20
12.9909801483,80.2506027222,69750,69770,20
12.9785003662,80.2525024414,70217,70236,19
12.9650297165,80.2473220825,70440,70460,20
12.9593696594,80.2447891235,70582,70602,20
12.9568595886,80.2437896729,70653,70683,30
12.95154953,80.2416000366,70815,70835,20
12.9339199066,80.2329864502,71129,71149,20
12.9027996063,80.2280807495,71635,71655,20
12.8850297928,80.2267379761,71939,71959,20
12.7869997025,80.2205963135,73144,73164,20
12.7848796844,80.2196578979,73225,73245,20
12.7222499847,80.1876220703,74015,74035,20
12.7861700058,80.2202606201,76051,76081,30
12.8308897018,80.2294235229,76618,76638,20
12.8394603729,80.2276916504,76740,76770,30
12.9053201675,80.2281265259,77563,77593,30
12.9060897827,80.2282028198,77634,77654,20
12.9629297256,80.2464523315,78475,78495,20
13.0225801468,80.2267227173,79771,79791,20
13.0259599686,80.2312469482,79872,79893,21
13.0390195847,80.2468719482,80217,80237,20
13.0669498444,80.2685394287,80774,80794,20
13.0709600449,80.2740402222,80905,80926,21
13.075969696,80.2754821777,85393,85413,20
13.0147895813,80.2249832153,21409,21429,20
13.0143995285,80.2252807617,24189,24209,20
13.0233697891,80.2276077271,24706,24726,20
13.0201196671,80.224937439,24817,24838,21
13.0070104599,80.2396774292,25132,25152,20
12.9638996124,80.2469787598,25811,25831,20
12.949139595,80.2409133911,26054,26074,20
12.9337301254,80.2329711914,26287,26307,20
12.9021396637,80.2281417847,26733,26763,30
12.8452196121,80.2266693115,27424,27444,20
12.8274202347,80.2195205688,27809,27829,20
12.8228502274,80.2194595337,27920,27941,21
12.8451795578,80.2265319824,28712,28732,20
12.8853702545,80.2266311646,29229,29249,20
12.933719635,80.2327194214,29888,29908,20
12.9395799637,80.2355270386,29989,30009,20
12.9511203766,80.2413024902,30364,30394,30
12.9589004517,80.2443695068,30526,30546,20
12.9665899277,80.2477264404,30731,30751,20
12.9786701202,80.2523574829,30893,30913,20
13.0064897537,80.2464675903,31582,31602,20
13.0073404312,80.237159729,31775,31795,20
13.0149297714,80.2243728638,32079,32109,30
13.0085802078,80.2318267822,34319,34340,21
13.0077600479,80.2360076904,34542,34563,21
13.0074100494,80.237663269,34603,34623,20
13.0069198608,80.2405776978,34735,34755,20
13.0068101883,80.2416610718,34836,34856,20
13.0066795349,80.2450180054,34958,34978,20
12.9673900604,80.2484512329,36549,36569,20
12.966799736,80.2481231689,36630,36650,20
12.9652500153,80.2474594116,36721,36741,20
12.9644804001,80.2471466064,36823,36843,20
12.9565200806,80.2437591553,37066,37096,30
12.9131803513,80.2293319702,37817,37837,20
12.9032001495,80.2281417847,37979,37999,20
12.899020195,80.2279281616,38100,38121,21
12.8764200211,80.2270126343,38435,38455,20
12.8459796906,80.2266693115,38861,38881,20
12.8453397751,80.2266998291,38891,38921,30
12.840379715,80.2276000977,39002,39023,21
12.840180397,80.2276687622,39033,39063,30
12.8322095871,80.2292175293,39185,39215,30
12.8049602509,80.2240829468,39499,39519,20
12.7863798141,80.220451355,39762,39783,21
12.7861700058,80.2209320068,40279,40300,21
12.7861099243,80.220741272,40300,40330,30
12.8053798676,80.2240219116,40593,40614,21
12.8314304352,80.2292098999,40867,40897,30
12.8728103638,80.2265777588,41387,41407,20
12.9009199142,80.2278213501,41731,41752,21
12.9263601303,80.2308578491,42117,42137,20
13.007399559,80.2368774414,43991,44012,21
13.0106801987,80.2244186401,44143,44164,21
13.0143203735,80.22631073,45127,45148,21
13.0070400238,80.2392883301,45371,45391,20
13.006649971,80.2429504395,45482,45502,20
13.0066604614,80.2437210083,45523,45543,20
12.9909801483,80.2506790161,45837,45857,20
12.9565000534,80.2437362671,46577,46607,30
12.956410408,80.2437210083,46607,46637,30
12.9516496658,80.2417221069,46708,46729,21
12.9068498611,80.2283782959,47357,47377,20
12.8997001648,80.2279281616,47499,47529,30
12.8763399124,80.2270202637,47803,47823,20
12.8452701569,80.2265090942,49676,49696,20
12.8728103638,80.2265701294,49959,49980,21
12.9024400711,80.227897644,50304,50324,20
13.0112304688,80.2233428955,52658,52688,30
13.0151996613,80.2252731323,54239,54259,20
13.0148801804,80.2261428833,55130,55151,21
13.0070199966,80.2396011353,55384,55404,20
12.9563903809,80.2436981201,56277,56297,20
12.8398103714,80.2277908325,57766,57786,20
12.8277597427,80.2195205688,58080,58101,21
12.8227100372,80.2182006836,59318,59333,15
12.8256196976,80.2193908691,59383,59404,21
12.8272895813,80.2194213867,59434,59464,30
12.8277397156,80.2193908691,59525,59545,20
12.9486904144,80.240562439,61248,61268,20
12.9561901093,80.2432098389,61481,61511,30
12.9586896896,80.2443771362,61552,61572,20
12.9895000458,80.2508468628,62069,62088,19
13.0073795319,80.2368469238,62393,62413,20
13.0201301575,80.2247619629,62768,62788,20
13.0244102478,80.2284088135,62849,62869,20
12.9911203384,80.2506408691,64543,64563,20
12.9801502228,80.2527770996,64989,65009,20
12.9337797165,80.2329483032,65779,65800,21
12.8322000504,80.229133606,67188,67218,30
12.7861700058,80.2205505371,67948,67978,30
12.7861099243,80.2205734253,69458,69478,20
12.8310604095,80.2292709351,70197,70218,21
12.9006004333,80.2277374268,71211,71231,20
12.9631595612,80.2463989258,72275,72305,30
13.0195102692,80.2242965698,73572,73592,20
13.0233097076,80.2275390625,73987,74008,21
13.0143699646,80.226272583,74160,74180,20
13.0067195892,80.2435379028,74453,74474,21
12.956700325,80.2436828613,75345,75365,20
12.9263000488,80.2310409546,75872,75892,20
12.9022302628,80.2280578613,76227,76247,20
12.8997097015,80.2279586792,76298,76318,20
12.892780304,80.2275390625,76399,76419,20
12.8927097321,80.2275314331,76419,76440,21
12.8848800659,80.2267913818,76531,76551,20
12.8396997452,80.2277603149,77017,77037,20
12.8250703812,80.2160415649,77443,77473,30
12.8255596161,80.2193527222,77615,77635,20
12.8457403183,80.2264328003,78223,78243,20
12.9472398758,80.2398986816,79581,79611,30
12.956199646,80.243309021,79794,79814,20
12.9795303345,80.2525405884,80138,80158,20
12.9855804443,80.2518234253,80321,80341,20
13.0072002411,80.2377319336,80848,80878,30
13.0200901031,80.2247390747,81253,81273,20
13.0219802856,80.2261505127,81304,81334,30
13.0146198273,80.2261276245,81577,81607,30
13.0141496658,80.2257003784,81841,81861,20
12.998840332,80.2559814453,19201,19221,20
12.7862300873,80.2205581665,25018,25038,20
12.7865104675,80.2204666138,25049,25069,20
12.9064903259,80.2282409668,26565,26586,21
12.956319809,80.2434463501,27263,27293,30
12.9794597626,80.2525863647,27647,27668,21
12.9869003296,80.2516098022,27769,27799,30
12.989569664,80.2509307861,27850,27870,20
13.0065898895,80.2463226318,28062,28082,20
13.0202703476,80.224861145,28517,28537,20
13.0242795944,80.228302002,29356,29377,21
13.0198402405,80.2247390747,30135,30165,30
13.0066795349,80.2453613281,30711,30732,21
13.0061197281,80.2474365234,30792,30813,21
12.9786396027,80.2525787354,31611,31632,21
12.9650802612,80.2473831177,31773,31793,20
12.9593801498,80.2448196411,31894,31915,21
12.9565000534,80.243598938,31985,32006,21
12.9472904205,80.2400588989,32269,32289,20
12.9398803711,80.2358322144,32390,32420,30
12.9339704514,80.2329864502,32511,32531,20
12.9289398193,80.2313613892,32602,32622,20
12.9261703491,80.231010437,32663,32693,30
12.8851900101,80.2267379761,33492,33512,20
12.8609895706,80.2266082764,33866,33886,20
12.8497495651,80.2266464233,33998,34018,20
12.8276100159,80.2194824219,34564,34594,30
12.8252601624,80.2194366455,34645,34665,20
12.8247900009,80.2159729004,34807,34837,30
12.9048204422,80.2280578613,36184,36204,20
12.9357299805,80.2336578369,36760,36780,20
12.9469203949,80.2397994995,36932,36962,30
12.9563302994,80.2432403564,37256,37286,30
12.9664402008,80.2477493286,37569,37589,20
13.006649971,80.2404327393,38651,38671,20
13.0150499344,80.2245788574,39035,39055,20
13.0186901093,80.2243804932,39167,39187,20
13.0218296051,80.2260131836,39359,39379,20
13.0220003128,80.2261581421,39389,39409,20
13.0236797333,80.2276992798,39520,39541,21
13.0086898804,80.231048584,40309,40329,20
13.007060051,80.2394790649,40552,40572,20
13.0067300797,80.2430267334,40653,40673,20
13.0067596436,80.2460632324,40744,40774,30
13.0061702728,80.2473983765,40805,40825,20
12.9910001755,80.2506790161,41088,41108,20
12.9642496109,80.2469863892,41907,41927,20
12.9516801834,80.2416763306,42271,42291,20
12.9471998215,80.2400588989,42382,42402,20
12.9339599609,80.233039856,42584,42605,21
12.9132299423,80.2293395996,42827,42857,30
12.8992996216,80.2279205322,43262,43282,20
12.8764696121,80.2269973755,43535,43555,20
12.8398199081,80.2276687622,43980,44000,20
12.7958402634,80.2229690552,44475,44495,20
12.7863397598,80.2217788696,45082,45112,30
12.8766899109,80.2268676758,46356,46376,20
12.8851699829,80.2266464233,46457,46477,20
12.9059801102,80.2281265259,46730,46750,20
12.9562997818,80.2432785034,47407,47428,21
13.0201501846,80.2248077393,48894,48914,20
13.014380455,80.2262878418,50856,50876,20
13.0068998337,80.239982605,51088,51108,20
12.9911699295,80.2506637573,51402,51422,20
12.9568996429,80.2438430786,52029,52049,20
12.9076595306,80.2284011841,52797,52817,20
12.8454999924,80.2266235352,53545,53565,20
12.8277196884,80.2194824219,54010,54031,21
12.9668598175,80.2479400635,56529,56549,20
13.0243301392,80.2284164429,58137,58167,30
13.0198402405,80.2247009277,58359,58389,30
13.0082902908,80.2333984375,58582,58602,20
13.0071001053,80.2393493652,58703,58723,20
13.0068998337,80.2402267456,58774,58804,30
13.0068502426,80.2406387329,58814,58834,20
13.0062999725,80.2474212646,58935,58956,21
12.9564599991,80.2435302734,59785,59805,20
12.786740303,80.2205734253,61878,61898,20
12.786190033,80.2210922241,64651,64671,20
12.7864398956,80.2203826904,64742,64762,20
12.8453702927,80.2265472412,65561,65581,20
12.9027299881,80.2279510498,66542,66562,20
12.9139003754,80.2292480469,66865,66886,21
12.9562997818,80.2434768677,67856,67877,21
12.9587898254,80.2444381714,67917,67937,20
12.9666795731,80.2478637695,68170,68190,20
12.978509903,80.2523117065,68332,68362,30
12.9894304276,80.2508773804,68766,68787,21
13.0065402985,80.2463226318,69009,69029,20
13.0150604248,80.2246932983,69515,69535,20
13.0062999725,80.2473602295,70576,70597,21
12.9640798569,80.2470016479,71416,71446,30
12.956609726,80.2435684204,71648,71669,21
12.9133396149,80.2293014526,72265,72285,20
12.839799881,80.227722168,73307,73327,20
12.8248500824,80.2159423828,73873,73893,20
12.8226604462,80.2191772461,73974,74004,30
12.8254203796,80.21925354,74055,74075,20
12.8314504623,80.2275466919,74582,74612,30
12.8317098618,80.2289581299,74673,74693,20
12.8387203217,80.2278823853,74784,74804,20
12.8453798294,80.2265014648,74915,74936,21
12.9066295624,80.2281570435,75836,75856,20
12.9972696304,80.2558898926,77384,77404,20
12.9879903793,80.2558288574,78830,78850,20
12.9872398376,80.2590789795,79690,79720,30
12.9873695374,80.2583236694,79730,79750,20
12.9648799896,80.2472686768,80519,80549,30
12.9593601227,80.2447891235,80630,80650,20
12.9515199661,80.2415924072,80812,80832,20
12.9469604492,80.2399291992,80903,80923,20
12.9337301254,80.2329025269,81136,81156,20
12.9260196686,80.231010437,81247,81267,20
12.9061899185,80.2282791138,81540,81560,20
12.9008398056,80.2274627686,81722,81752,30
12.901599884,80.2182388306,81884,81904,20
12.9231901169,80.1206130981,83249,83269,20
12.9264297485,80.1175308228,83421,83441,20
12.9271602631,80.1183166504,84756,84776,20
12.9233102798,80.1203994751,84938,84958,20
13.0142402649,80.2261962891,20588,20618,30
13.0140304565,80.2264328003,20629,20659,30
13.0084695816,80.2323074341,20791,20812,21
12.9068202972,80.2283401489,22037,22057,20
12.7869596481,80.2206802368,23303,23323,20
12.9488201141,80.240562439,25760,25780,20
12.9666900635,80.2478637695,26043,26063,20
12.9876003265,80.251373291,26337,26367,30
13.0201101303,80.2247924805,27067,27087,20
13.0244598389,80.2285003662,27188,27218,30
13.0235300064,80.2277984619,27249,27269,20
13.0067300797,80.2455215454,27714,27734,20
12.9801502228,80.2528076172,28230,28250,20
12.9566802979,80.2437210083,28624,28644,20
12.9564800262,80.2436599731,28654,28675,21
12.9498796463,80.2410736084,28786,28816,30
12.9338903427,80.2329788208,29049,29069,20
12.9132299423,80.2293319702,29291,29312,21
12.8988399506,80.2279510498,29585,29615,30
12.8398599625,80.2276763916,30404,30434,30
12.8253097534,80.2194976807,30879,30899,20
12.8244800568,80.2160415649,31051,31071,20
12.8395004272,80.2276763916,32699,32720,21
12.9587497711,80.2444381714,34704,34725,21
12.9632501602,80.2465820313,34796,34826,30
12.9665403366,80.2478179932,34866,34887,21
12.9798297882,80.252746582,35119,35139,20
13.0077295303,80.2352981567,35867,35888,21
13.0224103928,80.2265319824,36535,36555,20
13.0226697922,80.2267837524,36555,36575,20
13.0229301453,80.2270431519,36585,36606,21
13.01445961,80.2262573242,37617,37637,20
13.0066995621,80.2456893921,38355,38385,30
13.0061998367,80.247428894,38426,38446,20
12.9901199341,80.2508392334,38760,38790,30
12.9785900116,80.2525634766,39326,39346,20
12.9648704529,80.247253418,39538,39568,30
12.9569396973,80.2438201904,39700,39730,30
12.9567804337,80.2437515259,39740,39761,21
12.9082403183,80.2285308838,40438,40458,20
12.899720192,80.2279205322,40620,40640,20
12.7861795425,80.2205886841,41965,41985,20
12.7864704132,80.2203979492,42481,42511,30
12.8395700455,80.2276992798,43087,43107,20
12.9025602341,80.2279815674,43846,43866,20
12.9631004333,80.2464675903,44564,44584,20
12.9797000885,80.2526092529,44816,44837,21
12.985619545,80.2518920898,44928,44948,20
13.0105400085,80.2251586914,45738,45758,20
13.0195999146,80.2244567871,45980,46000,20
13.0145101547,80.2251968384,47558,47578,20
13.0069799423,80.2398986816,51846,51876,30
13.0067596436,80.2473220825,51967,51987,20
12.989689827,80.2509536743,52129,52149,20
12.9573802948,80.2439727783,52685,52715,30
12.9572896957,80.2439117432,52715,52735,20
12.9565896988,80.2437515259,52867,52887,20
12.8272800446,80.2194366455,54384,54404,20
12.8258199692,80.2162704468,54475,54505,30
12.8254404068,80.2194213867,54990,55011,21
12.9022598267,80.2279434204,56337,56357,20
12.9065599442,80.2282333374,56479,56499,20
13.0060501099,80.2473983765,59583,59603,20
12.9564199448,80.2437210083,60261,60281,20
12.7875204086,80.2208633423,62101,62121,20
12.7963600159,80.2229614258,62839,62859,20
12.9334402084,80.2326889038,64710,64730,20
12.9474802017,80.2400665283,64983,65013,30
12.9588298798,80.2443771362,65317,65337,20
12.9665002823,80.2477798462,65509,65529,20
13.0064401627,80.2464370728,66429,66449,20
13.0073204041,80.2372207642,66663,66693,30
13.0149402618,80.2244796753,67007,67028,21
13.0243301392,80.2283782959,67736,67766,30
13.0240802765,80.2283935547,67776,67796,20
13.0082302094,80.2333984375,68373,68394,21
13.0067300797,80.246963501,68839,68869,30
12.9908599854,80.2506408691,69081,69102,21
12.9788799286,80.2526321411,69648,69668,20
12.9133796692,80.2292861938,70568,70598,30
12.7871999741,80.2207489014,72145,72166,21
12.7861404419,80.2206192017,72226,72247,21
12.8308000565,80.2294006348,73258,73288,30
12.8394603729,80.2276306152,73531,73551,20
12.8499498367,80.2264709473,73723,73743,20
12.8762598038,80.2268218994,74047,74077,30
12.9026098251,80.227897644,74512,74532,20
12.9563798904,80.243309021,75361,75381,20
12.9784803391,80.252243042,75715,75735,20
12.9798002243,80.2526321411,75756,75786,30
12.9893903732,80.2508926392,76018,76039,21
13.0194597244,80.2243804932,76716,76746,30
13.0233602524,80.2275772095,22546,22566,20
13.0082302094,80.2334594727,22809,22829,20
12.991060257,80.2506332397,23132,23156,24
12.7862195969,80.2204666138,25976,26006,30
12.9321298599,80.2322006226,27900,27923,23
12.9486503601,80.2406005859,28175,28196,21
12.9797201157,80.2526397705,28631,28661,30
13.0157804489,80.2252731323,29480,29500,20
13.0074901581,80.2370376587,31908,31938,30
13.0071296692,80.2387008667,32009,32039,30
13.0067796707,80.2405319214,32120,32150,30
13.0066900253,80.2410888672,32160,32181,21
13.0066003799,80.2431488037,32272,32302,30
13.0066995621,80.24584198,32383,32403,20
13.0059995651,80.2474365234,32444,32464,20
12.9786901474,80.2525100708,33435,33455,20
12.9649801254,80.2473068237,33627,33647,20
12.9517202377,80.2416229248,33880,33910,30
12.9398202896,80.235748291,34112,34133,21
12.9261398315,80.2309875488,34365,34395,30
12.9135503769,80.2293014526,34699,34729,30
12.9089002609,80.228553772,34790,34820,30
12.8930501938,80.2275009155,35326,35356,30
12.8766403198,80.2269668579,35599,35629,30
12.8459796906,80.2266464233,35973,36003,30
12.8321199417,80.2291488647,36246,36266,20
12.8315496445,80.2287216187,36357,36378,21
12.8394498825,80.2276763916,37561,37591,30
12.8768196106,80.2268295288,38006,38026,20
12.9029903412,80.2279281616,38380,38400,20
12.9139900208,80.2292785645,38532,38552,20
12.9563302994,80.2433166504,39129,39149,20
13.0112895966,80.2235565186,40605,40625,20
13.0228004456,80.2269592285,40929,40959,30
13.0230703354,80.2272415161,40959,40989,30
13.0144395828,80.2262115479,41627,41647,20
13.0067796707,80.2406005859,42001,42021,20
13.0066795349,80.2422637939,42082,42102,20
13.0067501068,80.246383667,42233,42254,21
12.9711103439,80.249786377,43083,43103,20
12.9568195343,80.2437973022,43366,43386,20
12.9134101868,80.2293319702,43993,44013,20
12.832159996,80.2291564941,45014,45035,21
12.7876596451,80.2208786011,45500,45520,20
12.7861795425,80.2205734253,46016,46046,30
12.8394002914,80.227722168,46734,46754,20
12.8730297089,80.2266235352,47067,47088,21
12.902759552,80.2279281616,47502,47522,20
12.9563703537,80.243309021,48190,48210,20
12.9668102264,80.2479019165,48473,48493,20
13.0065097809,80.246421814,49233,49253,20
13.0231199265,80.2272415161,49900,49930,30
13.0082302094,80.2335662842,51822,51842,20
12.9896602631,80.2509307861,52229,52250,21
12.9572601318,80.2438964844,52816,52846,30
12.7864303589,80.2203903198,54869,54899,30
13.0242595673,80.2283477783,59048,59068,20
12.8393201828,80.2277526855,62753,62773,20
12.8995800018,80.2278213501,63441,63461,20
12.902469635,80.2279968262,63532,63552,20
12.9051904678,80.228187561,63613,63633,20
12.9470300674,80.2398834229,64280,64301,21
12.9563598633,80.2434921265,64442,64462,20
12.9668998718,80.2479782104,64685,64705,20
12.9896202087,80.2508621216,65373,65393,20
13.0065097809,80.2464065552,65605,65626,21
13.0155601501,80.2250900269,66141,66162,21
13.0144796371,80.2261581421,66819,66839,20
13.00578022,80.2473373413,67203,67224,21
12.9563598633,80.243637085,68164,68184,20
12.9509601593,80.2414474487,68306,68336,30
12.9506902695,80.2413482666,68336,68356,20
12.9337396622,80.2328872681,68639,68660,21
12.9135398865,80.2292633057,68872,68892,20
12.8995599747,80.2278900146,69428,69448,20
12.8397397995,80.2276077271,70116,70136,20
12.7869701385,80.2206420898,70794,70824,30
12.8756103516,80.2268218994,73373,73403,30
12.9000196457,80.2277679443,73759,73788,29
12.9026203156,80.2279205322,73839,73859,20
12.9563999176,80.2433700562,74638,74658,20
12.985619545,80.2518615723,75154,75184,30
12.9870300293,80.2515182495,75215,75245,30
12.9877700806,80.2553482056,75397,75417,20
12.987660408,80.2554397583,75417,75447,30
