latitude,longitude,Time_Start,Time_Stop,TimeTaken
12.9877700806,80.2513580322,23140,23192,52
12.9872903824,80.2594985962,23313,23373,60
12.9866600037,80.2590713501,24183,24233,50
12.9799499512,80.2527236938,24538,24579,41
12.9765501022,80.2212600708,25164,25265,101
12.9763202667,80.2216796875,25630,25681,51
12.9875802994,80.2514190674,26165,26206,41
12.987569809,80.2560501099,27773,27804,31
13.0345802307,80.2297668457,29756,29807,51
13.0342102051,80.2303085327,30717,30859,142
12.9872903824,80.2594985962,33312,33383,71
12.9821996689,80.2217025757,34823,34864,41
13.0351295471,80.2299728394,36188,36220,32
13.0345802307,80.2297210693,36238,36351,113
13.0343399048,80.2297592163,36361,36503,142
13.0341701508,80.229850769,36503,36644,141
12.9763698578,80.2217712402,38186,38217,31
12.9871902466,80.2595977783,38965,39056,91
12.9868402481,80.2595825195,39056,39157,101
12.9875001907,80.2563095093,40281,40372,91
12.9799003601,80.2527236938,40553,40614,61
13.0292901993,80.2308197021,42485,42535,50
13.0339899063,80.2304763794,42636,42707,71
13.0346097946,80.2298431396,42767,42848,81
13.0300397873,80.230796814,43566,43617,51
13.0147695541,80.2260971069,44032,44080,48
12.9877004623,80.2513809204,45724,45835,111
12.987159729,80.259262085,45986,46097,111
12.9871501923,80.2596511841,46128,46178,50
12.9867801666,80.2595367432,46188,46239,51
12.9865598679,80.259147644,46259,46299,40
12.9868297577,80.2590866089,46309,46350,41
12.9870796204,80.2591629028,46360,46441,81
12.9974498749,80.2161178589,47917,47958,41
13.0078496933,80.2130966187,48170,48210,40
13.0337696075,80.2304534912,48858,48910,52
13.0345697403,80.2302932739,48971,49011,40
13.0150899887,80.2259063721,49648,49679,31
13.0142498016,80.2261734009,49709,49749,40
13.0146903992,80.2249908447,50233,50264,31
13.0230703354,80.2274398804,50538,50578,40
13.0226202011,80.2270126343,50599,50750,151
12.987279892,80.251449585,52440,52531,91
12.9866504669,80.2594528198,52763,52844,81
12.9868297577,80.2590332031,52884,53035,151
13.0292797089,80.2307662964,55011,55052,41
13.0334701538,80.2304611206,55163,55254,91
13.0349302292,80.2297821045,55304,55375,71
13.0346498489,80.2298126221,55385,55435,50
13.0344295502,80.2297668457,55446,55486,40
13.0342302322,80.2300109863,55506,55617,111
13.0268201828,80.2329330444,56073,56144,71
13.0226402283,80.2269973755,56366,56436,70
13.0083198547,80.2134017944,56925,56966,41
12.9949502945,80.2171325684,57238,57278,40
12.9872598648,80.2595291138,58349,58382,33
12.9865703583,80.259147644,60321,60444,123
12.976269722,80.2216873169,61586,61758,172
12.9872198105,80.2514801025,62315,62416,101
12.9877595901,80.2551269531,62508,62650,142
12.986989975,80.259552002,62791,62854,63
12.9868001938,80.2591323853,63288,63399,111
12.9878501892,80.2520980835,64491,64653,162
13.0077104568,80.2129211426,66009,66040,31
13.0293302536,80.2307815552,66669,66709,40
13.0339002609,80.23046875,66800,66841,41
13.034529686,80.2303390503,66861,66901,40
13.0349998474,80.2298202515,66921,66972,51
13.0348701477,80.2297821045,66982,67083,101
13.0345096588,80.2297363281,67083,67214,131
13.0341701508,80.2299118042,67214,67335,121
13.0341701508,80.2301101685,67345,67385,40
13.0299196243,80.2307891846,67516,67549,33
13.0229997635,80.2273635864,67831,67862,31
13.0084400177,80.213470459,68336,68417,81
13.0080404282,80.2132415771,68427,68479,52
13.00522995,80.2126464844,68550,68610,60
12.9842996597,80.2228088379,69219,69250,31
12.9836797714,80.2224731445,69280,69340,60
12.9870901108,80.251411438,70092,70156,64
12.9877300262,80.2552566528,70238,70398,160
12.9867296219,80.2590408325,70531,70642,111
12.9873199463,80.2583618164,70683,70774,91
12.9875602722,80.256362915,70844,70885,41
12.9878196716,80.2528991699,70997,71129,132
12.9878101349,80.2519073486,71160,71230,70
13.0077495575,80.2129516602,72666,72706,40
13.0339002609,80.2303237915,73325,73396,71
13.0342102051,80.2297363281,73445,73578,133
13.034119606,80.2303695679,73598,73638,40
13.0293903351,80.2308578491,73711,73751,40
12.9834403992,80.2222671509,74917,74958,41
12.9872903824,80.251449585,75687,75747,60
12.9872198105,80.2595901489,75929,75980,51
12.9878797531,80.2529830933,76678,76718,40
12.9878997803,80.252166748,76748,76900,152
13.0149698257,80.2258987427,78572,78632,60
13.0142002106,80.2255401611,78914,78987,73
12.9977197647,80.2563018799,17352,17423,71
12.9975004196,80.2559814453,17433,17544,111
12.8747596741,80.2099227905,19580,19702,122
12.9014596939,80.2279205322,20398,20459,61
13.0097103119,80.2112121582,23313,23372,59
12.8996200562,80.2279586792,27155,27206,51
12.8767499924,80.2245025635,28860,28920,60
12.8922996521,80.2273330688,29182,29233,51
12.9008197784,80.2278671265,29354,29404,50
13.0143899918,80.2262573242,34063,34114,51
12.9828100204,80.2218933105,34799,34850,51
12.9799699783,80.2525787354,35515,35596,81
12.874540329,80.2098693848,37985,38126,141
12.874540329,80.2098693848,38126,38197,71
12.9006900787,80.2278213501,40312,40393,81
12.9867296219,80.2229614258,42430,42480,50
13.0098600388,80.2113494873,43358,43479,121
13.0091104507,80.2116394043,43519,43559,40
13.0099201202,80.2108688354,43559,43650,91
13.0095100403,80.2111663818,43650,43741,91
13.0150098801,80.2260284424,44931,44981,50
12.984749794,80.2230682373,45647,45687,40
12.9812898636,80.2383804321,46211,46242,31
12.9564199448,80.2436828613,46847,46887,40
12.8746299744,80.2098236084,48499,48600,101
12.8747701645,80.2097473145,48600,48730,130
13.0074796677,80.2097396851,53428,53469,41
13.0098199844,80.211227417,53832,53912,80
13.0094804764,80.2110366821,53912,53973,61
12.9565696716,80.2436599731,55857,55907,50
12.8992099762,80.2278900146,56794,56825,31
12.8744897842,80.2100982666,57420,57460,40
12.8793001175,80.2110671997,59176,59216,40
12.9008102417,80.2279129028,59741,59781,40
12.9993696213,80.2144775391,62161,62201,40
13.0082998276,80.2095718384,62423,62474,51
13.0100698471,80.2115020752,62807,62887,80
13.0095901489,80.2112426758,62938,62998,60
13.0097198486,80.2112503052,63027,63089,62
13.0094203949,80.2112121582,63270,63311,41
13.0098600388,80.2108535767,63361,63402,41
13.009519577,80.2109680176,63422,63543,121
12.8746700287,80.2099075317,67415,67496,81
12.8763999939,80.2266616821,67879,67910,31
12.9005203247,80.2278366089,68323,68394,71
12.9561004639,80.2432174683,69392,69442,50
12.9812898636,80.2429122925,69957,69997,40
12.9833097458,80.2221679688,70752,70794,42
13.011179924,80.2123718262,71873,72014,141
13.0111398697,80.2122268677,72014,72135,121
13.0068998337,80.2399291992,73093,73133,40
13.0065898895,80.256980896,73386,73426,40
13.0017404556,80.2565765381,73527,73577,50
12.9975700378,80.2567977905,74394,74485,91
12.9975996017,80.2566070557,74495,74606,111
12.9976301193,80.2565002441,74606,74646,40
12.9867897034,80.259147644,70551,70702,151
12.773900032,80.2010574341,21843,21944,101
13.0019903183,80.2566070557,29665,29707,42
12.9878196716,80.2558135986,29939,30020,81
12.7868099213,80.2205963135,32462,32493,31
12.7846603394,80.219619751,32553,32584,31
12.7857398987,80.2201004028,35078,35128,50
12.8923101425,80.2272872925,36541,36572,31
12.9633598328,80.2466201782,37571,37621,50
12.9797000885,80.2525863647,37864,37914,50
12.9877500534,80.2513504028,38005,38106,101
12.9967298508,80.255859375,38318,38368,50
12.9976396561,80.255897522,38387,38429,42
12.9976396561,80.257019043,38459,38580,121
12.9975700378,80.2569198608,38580,38732,152
12.9976797104,80.256072998,38974,39024,50
12.9982595444,80.2559204102,39044,39075,31
13.0042600632,80.2570877075,40871,40922,51
13.0032196045,80.2568588257,40972,41053,81
13.0018796921,80.2566299438,41103,41154,51
12.956580162,80.2437515259,41901,41970,69
12.9337997437,80.2329788208,42254,42304,50
12.9071302414,80.2284011841,42626,42668,42
12.8498096466,80.2266235352,43384,43425,41
12.7886199951,80.2212982178,44151,44202,51
12.7876396179,80.2208786011,44252,44293,41
12.7848300934,80.2197418213,44414,44454,40
12.7856397629,80.220123291,46422,46463,41
12.7861404419,80.2202911377,46473,46533,60
12.8393201828,80.2277374268,47189,47250,61
12.900759697,80.2278518677,47926,48047,121
12.9027204514,80.2279434204,48077,48108,31
12.9343595505,80.233039856,48511,48552,41
12.9562997818,80.2433013916,48886,48926,40
12.9877300262,80.254699707,49461,49532,71
12.997209549,80.2567977905,49835,49936,101
12.9972400665,80.2567520142,49936,49996,60
12.9972200394,80.256729126,49996,50107,111
12.9972896576,80.2567520142,50107,50299,192
13.006649971,80.2538223267,51682,51722,40
12.9985799789,80.2560272217,52035,52075,40
12.9862203598,80.2554931641,52316,52348,32
12.9014797211,80.2279815674,53498,53539,41
12.7877397537,80.220916748,54982,55022,40
12.7848501205,80.2197113037,55143,55204,61
12.7707901001,80.2128677368,55365,55396,31
12.7630996704,80.1837463379,57000,57031,31
12.7710599899,80.1880187988,57211,57281,70
12.8394002914,80.2277603149,58583,58654,71
12.9007396698,80.2277984619,59340,59380,40
12.9872598648,80.2514572144,60652,60693,41
13.0065898895,80.2535400391,61672,61833,161
12.9971599579,80.2558898926,63065,63105,40
12.8995599747,80.2278900146,64548,64589,41
12.8764400482,80.2269897461,64871,64902,31
12.7868404388,80.2205734253,66062,66093,31
12.7864398956,80.2204437256,66113,66153,40
12.7846298218,80.2195968628,66204,66264,60
12.7866697311,80.2205429077,69030,69061,31
12.8390798569,80.2277908325,69777,69868,91
12.8394298553,80.2276992798,69868,69908,40
12.8499097824,80.2264709473,70060,70120,60
12.8577604294,80.2261734009,70282,70363,81
12.900560379,80.2278213501,70908,70948,40
12.9061002731,80.2281570435,71079,71110,31
12.9867801666,80.2515563965,72291,72331,40
12.9953203201,80.255821228,72896,72947,51
12.9970502853,80.1917114258,23280,23431,151
12.9972600937,80.19165802,23431,23592,161
12.9965896606,80.1912002563,23633,23714,81
13.0090398788,80.2108001709,24116,24148,32
12.9762001038,80.2211837769,25016,25198,182
13.0687904358,80.2048797607,27207,27308,101
13.0720300674,80.2022628784,27419,27469,50
13.0997400284,80.169883728,28337,28418,81
13.0992803574,80.1695785522,29175,29216,41
13.0993700027,80.1696395874,29216,29276,60
13.0996303558,80.169708252,29276,29367,91
13.0877599716,80.1904220581,29811,29881,70
13.0680303574,80.2050170898,30699,30789,90
13.06828022,80.2049026489,30789,30830,41
13.0498695374,80.2122268677,31223,31254,31
13.0447502136,80.2124404907,31324,31375,51
13.0097198486,80.2112503052,32142,32181,39
12.9757604599,80.2209777832,33252,33414,162
12.9760599136,80.2213516235,34605,34666,61
13.0439796448,80.2122192383,36119,36210,91
13.049779892,80.2119369507,36321,36361,40
13.0688199997,80.2052383423,36765,36856,91
13.0720300674,80.2021484375,36957,37007,50
13.0996799469,80.1698303223,37926,38027,101
13.099439621,80.1700897217,38037,38219,182
13.087389946,80.1926422119,38714,38755,41
13.0679302216,80.2052078247,39502,39663,161
13.0641202927,80.2116470337,39905,39936,31
13.0387201309,80.2124328613,40309,40350,41
13.0114803314,80.2183532715,41309,41351,42
12.9757003784,80.2203903198,42159,42230,71
12.9756002426,80.2207183838,42240,42280,40
12.9759101868,80.2209396362,42280,42351,71
13.0349502563,80.2112731934,44744,44775,31
13.0440797806,80.2122879028,44906,45007,101
13.0496797562,80.2119979858,45097,45128,31
13.068860054,80.2051773071,45533,45573,40
13.0996704102,80.169883728,46643,46683,40
13.0991401672,80.1696014404,48621,48653,32
13.0992803574,80.1698684692,48653,48724,71
13.0993404388,80.1701889038,48724,48772,48
13.0877399445,80.1897735596,49321,49352,31
13.0680799484,80.2054214478,50190,50291,101
13.0680303574,80.2050628662,50291,50342,51
13.0495500565,80.2121810913,50796,50828,32
13.0444898605,80.2123794556,50899,50980,81
13.0375204086,80.2123565674,51060,51111,51
13.0094804764,80.2110290527,51798,51839,41
12.975520134,80.220703125,52902,52972,70
12.9759397507,80.2210998535,52982,53023,41
12.9763402939,80.2211990356,53023,53113,90
12.9766902924,80.2212677002,53113,53194,81
13.0438995361,80.2122421265,54720,54751,31
13.0687999725,80.205329895,55255,55306,51
13.0690402985,80.2046737671,55358,55389,31
13.0993299484,80.1700897217,56305,56396,91
13.0995998383,80.169670105,56436,56467,31
13.0989704132,80.1692428589,56507,56567,60
13.0988502502,80.1696166992,56911,56961,50
13.0991296768,80.1696395874,56971,57042,71
13.0994901657,80.169670105,57042,57193,151
13.0882501602,80.1784591675,57557,57607,50
13.0877799988,80.1898193359,57771,57811,40
13.0679998398,80.205406189,58640,58761,121
13.0497102737,80.2122497559,59195,59235,40
13.0445604324,80.2124481201,59306,59377,71
13.0375995636,80.2124328613,59457,59508,51
13.0099897385,80.2115097046,60186,60226,40
13.0094203949,80.2109985352,60267,60307,40
12.9758501053,80.2203063965,61347,61407,60
12.9756097794,80.2207794189,61438,61488,50
13.0435695648,80.2121963501,64029,64069,40
13.0687103271,80.205116272,64685,64746,61
13.0876703262,80.1883926392,65543,65583,40
13.0880002975,80.1798400879,65725,65775,50
13.0997695923,80.169883728,66179,66260,81
13.0882101059,80.1792907715,67451,67491,40
13.0878000259,80.1895828247,67723,67774,51
13.087389946,80.1925811768,67824,67855,31
13.0699901581,80.2047424316,68743,68793,50
13.0682201385,80.2053985596,68854,68904,50
13.0679101944,80.2051773071,68915,68975,60
13.0510396957,80.2121582031,69460,69520,60
13.0497198105,80.2121200562,69561,69611,50
13.0447597504,80.2123336792,69682,69722,40
13.037730217,80.2123184204,69823,69874,51
12.9760704041,80.2211380005,72226,72357,131
13.0438604355,80.2121810913,74497,74557,60
13.0687999725,80.2051315308,75193,75244,51
13.0993404388,80.1701278687,76374,76415,41
13.0996103287,80.1696929932,76465,76506,41
13.098859787,80.1693496704,76566,76637,71
13.0994100571,80.1696395874,76677,76708,31
13.0993099213,80.1702575684,76748,76859,111
13.0990104675,80.1701889038,76859,76899,40
13.0880203247,80.184463501,77282,77317,35
13.0843000412,80.1986694336,77852,77893,41
13.0830202103,80.1986312866,77923,77963,40
13.0698795319,80.2049636841,78196,78246,50
13.0679597855,80.2052230835,78317,78367,50
13.0498304367,80.2122268677,78862,78922,60
13.0375499725,80.212348938,79134,79205,71
13.0039997101,80.2010803223,79801,79841,40
12.9965600967,80.1922683716,80053,80093,40
12.9968204498,80.1912384033,81254,81416,162
12.9972400665,80.19090271,81719,81769,50
12.9272403717,80.1182479858,31448,31488,40
13.0346899033,80.2299728394,33634,33665,31
13.0348300934,80.2300186157,33725,33775,50
13.0346803665,80.2299880981,33846,33886,40
13.034330368,80.2302093506,33997,34047,50
13.0343799591,80.229850769,34108,34178,70
13.0341501236,80.2299880981,34571,34612,41
13.0341997147,80.2294311523,34692,34803,111
13.0342102051,80.2297821045,35035,35146,111
13.0279302597,80.2328567505,35166,35287,121
13.0209102631,80.2254333496,35287,35458,171
13.0108995438,80.2233810425,35508,35680,172
13.0077695847,80.2131881714,35700,35861,161
13.0078296661,80.2098999023,35921,36093,172
13.0021400452,80.1962814331,36113,36224,111
12.8846597672,80.06980896,38356,38417,61
12.8845500946,80.0699462891,38477,38528,51
12.8862800598,80.0697097778,38639,38719,80
12.897600174,80.089630127,39092,39173,81
12.9064397812,80.0962982178,39374,39414,40
12.9406499863,80.1307296753,40261,40301,40
12.945400238,80.1356582642,40311,40351,40
12.9805297852,80.1657028198,40976,41036,60
12.9894599915,80.1788635254,41167,41198,31
13.0003204346,80.194480896,41449,41480,31
13.0347900391,80.229850769,42658,42689,31
13.0348997116,80.2301712036,42809,42840,31
13.0344104767,80.2299728394,42930,42991,61
13.0341396332,80.2294692993,43142,43192,50
13.0343399048,80.2300033569,43212,43263,51
13.0332403183,80.229637146,43766,43807,41
13.0334796906,80.2296676636,43908,44069,161
13.0329904556,80.2297210693,45026,45096,70
13.0335597992,80.2296829224,45127,45167,40
13.0337095261,80.2297210693,46063,46104,41
13.0331497192,80.2297592163,46759,46809,50
13.0332298279,80.2299118042,47161,47202,41
13.0332298279,80.2299118042,47202,47272,70
13.0332298279,80.2296676636,47282,47323,41
13.0333795547,80.2298965454,47635,47685,50
13.0334596634,80.2300186157,47776,47856,80
13.0329904556,80.2293777466,47897,47937,40
13.0345602036,80.2304763794,48058,48179,121
13.0340795517,80.2304382324,48290,48411,121
13.0084400177,80.2099304199,49334,49496,162
13.0011701584,80.1967697144,49506,49677,171
12.9936199188,80.1847381592,49687,49768,81
12.9830503464,80.1697311401,49838,49899,61
12.9694299698,80.1503677368,50120,50171,51
12.9594898224,80.1450119019,50290,50322,32
12.9375200272,80.1285018921,50694,50725,31
12.9060096741,80.0961837769,51349,51389,40
12.9055700302,80.0957794189,51410,51450,40
12.8858299255,80.0699081421,51972,52062,90
12.8819503784,80.0735702515,52254,52294,40
12.8802604675,80.0766677856,52526,52606,80
12.8804101944,80.0765304565,52637,52677,40
12.8803796768,80.0766601563,52767,52828,61
12.8802499771,80.0767211914,52848,52888,40
12.880200386,80.076713562,52888,53070,182
12.8802099228,80.076789856,53110,53160,50
12.880279541,80.0767364502,53180,53231,51
12.8804702759,80.0766525269,53231,53291,60
12.8803195953,80.0768280029,53352,53422,70
12.8803195953,80.0766525269,53451,53513,62
12.8802604675,80.0769195557,53684,53765,81
12.880200386,80.0764694214,53976,54007,31
12.8803796768,80.0764312744,54047,54097,50
12.8803901672,80.0763473511,54278,54339,61
12.8805799484,80.0751190186,54399,54430,31
12.8803501129,80.0766677856,54500,54550,50
12.8803396225,80.0766983032,54671,54863,192
12.880490303,80.076789856,55276,55397,121
12.8803195953,80.076751709,55951,55991,40
12.8801898956,80.0765991211,56072,56253,181
12.8803901672,80.0766906738,56323,56354,31
12.8803195953,80.0767288208,56374,56424,50
12.8803300858,80.0767669678,56424,56485,61
12.8803396225,80.0765304565,56505,56555,50
12.8803100586,80.0766983032,56555,56605,50
12.8802995682,80.076713562,57311,57371,60
12.8802700043,80.0765380859,57401,57462,61
12.8803300858,80.0766677856,57462,57522,60
12.8803300858,80.0767974854,57522,57703,181
12.8802499771,80.0766677856,57714,57754,40
12.8804101944,80.0767593384,57754,57865,111
12.8804197311,80.0768508911,57965,58106,141
12.8802700043,80.0766906738,58106,58147,41
12.8803901672,80.0768585205,58187,58258,71
12.8802995682,80.0766220093,58439,58560,121
12.8803300858,80.076789856,58580,58620,40
12.8803796768,80.0768280029,58748,58788,40
12.8803596497,80.0768127441,58798,58869,71
12.8804597855,80.077003479,58909,58940,31
12.880279541,80.0767364502,58990,59040,50
12.8802900314,80.0767593384,59040,59161,121
12.8964595795,80.0891418457,60058,60118,60
12.9066200256,80.0963287354,60269,60320,51
12.9111003876,80.1008224487,60330,60380,50
12.9316596985,80.122428894,60783,60823,40
12.9361400604,80.1265487671,60844,60884,40
12.9420604706,80.1327362061,60944,60975,31
12.9443798065,80.1349334717,60975,61065,90
13.0261697769,80.2313613892,62818,62889,71
13.0308904648,80.231552124,62939,63010,71
13.0341100693,80.2301483154,63322,63382,60
13.0339298248,80.2297973633,63382,63433,51
13.0343599319,80.2303085327,63443,63483,40
13.0340995789,80.2301025391,63483,63664,181
13.034070015,80.2299423218,63685,63725,40
13.0342597961,80.2301330566,63725,63916,191
13.034119606,80.2301712036,64067,64118,51
13.0333299637,80.2300262451,64219,64339,120
13.01679039,80.2254180908,64622,64682,60
13.0341901779,80.2302322388,72509,72640,131
13.0349798203,80.2308883667,82221,82292,71
13.0347795486,80.2300033569,82404,82444,40
13.0347900391,80.2302017212,82444,82635,191
13.0348396301,80.2301177979,82645,82766,121
13.0347795486,80.2298278809,82776,82807,31
13.0347604752,80.2301483154,82807,82877,70
13.0347700119,80.2300491333,82938,82998,60
13.0348501205,80.2299423218,83048,83079,31
13.0348501205,80.2301330566,83079,83139,60
13.0348100662,80.2299804688,83159,83220,61
13.0347795486,80.2301483154,83310,83371,61
13.0348796844,80.2300262451,83461,83582,121
13.0348901749,80.2300033569,83582,83673,91
13.034819603,80.2299423218,83683,83794,111
13.0347900391,80.2300796509,83794,83834,40
13.0348901749,80.2299499512,83834,83885,51
13.0348300934,80.2300491333,84368,84408,40
13.0347003937,80.2299575806,84459,84499,40
13.0347499847,80.2299575806,84499,84560,61
13.034819603,80.2299194336,84711,84751,40
13.0348997116,80.2300872803,84751,84842,91
13.0348901749,80.2300262451,84842,84912,70
13.0347900391,80.2299194336,84912,85013,101
13.0348596573,80.2300033569,85013,85083,70
13.0348796844,80.2298812866,85083,85174,91
13.0348796844,80.2299804688,85456,85517,61
13.0347995758,80.2299194336,85517,85597,80
13.0347900391,80.2300872803,85597,85708,111
13.0349197388,80.2298126221,85718,85849,131
13.0348396301,80.2300796509,85889,85930,41
13.0348796844,80.229927063,85970,86010,40
13.0347604752,80.2300720215,86131,86212,81
13.0347995758,80.2299423218,86232,86292,60
13.0760498047,80.2755508423,20400,20490,90
13.0759496689,80.2760696411,20521,20581,60
13.0759096146,80.2762069702,20591,20672,81
13.0873804092,80.2839279175,20934,20985,51
13.0877304077,80.2839202881,20995,21106,111
13.0878896713,80.2839431763,21116,21257,141
13.0069303513,80.2401580811,25407,25447,40
13.0431404114,80.2796096802,26345,26406,61
13.0876703262,80.2839431763,27175,27265,90
13.08796978,80.2840805054,27276,27438,162
12.9765396118,80.221282959,30034,30166,132
12.976559639,80.2220611572,30196,30327,131
12.9765300751,80.2222900391,30327,30388,61
12.976650238,80.2221603394,30398,30498,100
12.9765996933,80.2220993042,30498,30579,81
12.9765501022,80.2221221924,30800,30853,53
13.0138902664,80.2245407104,32317,32367,50
13.0142097473,80.2247695923,32377,32458,81
13.0148296356,80.2250671387,32498,32579,81
13.0238103867,80.2735519409,33440,33480,40
13.0431003571,80.2796401978,33852,33915,63
13.0638198853,80.2833786011,34157,34197,40
13.086689949,80.2838973999,34674,34714,40
13.0874300003,80.2839202881,35208,35350,142
13.0878000259,80.2839508057,35350,35481,131
13.0881595612,80.2839508057,35481,35531,50
13.0887804031,80.2900085449,35742,35804,62
13.0066299438,80.2518768311,37160,37210,50
13.000459671,80.2178268433,37704,37746,42
13.000459671,80.2178268433,37746,37777,31
12.9765195847,80.2212371826,38222,38262,40
13.006819725,80.2513809204,40051,40082,31
13.0066699982,80.2572631836,40152,40213,61
13.0430297852,80.2795791626,40942,40983,41
13.0866098404,80.2839126587,41800,41952,152
13.0065498352,80.2524414063,43984,44035,51
13.0066900253,80.2484588623,44095,44145,50
12.9774599075,80.222076416,45714,45772,58
12.9814901352,80.2212600708,45802,45841,39
12.9831495285,80.2220916748,45871,45903,32
12.9842100143,80.2227935791,45961,45992,31
12.9889602661,80.2219619751,46052,46085,33
13.0112695694,80.2231063843,46488,46519,31
13.0068798065,80.2400894165,46841,46891,50
13.0066299438,80.2571868896,47115,47175,60
13.0428495407,80.2795181274,47882,47913,31
13.0888204575,80.2901535034,48508,48552,44
13.0876598358,80.2838973999,51193,51224,31
13.0877599716,80.2838821411,51224,51314,90
13.0881595612,80.283706665,51314,51345,31
13.0884504318,80.2815322876,51404,51436,32
13.006649971,80.2479400635,53063,53113,50
12.9951400757,80.2170028687,53749,53789,40
13.006939888,80.2399215698,56981,57015,34
13.0066699982,80.2572021484,57237,57287,50
13.0065803528,80.2572784424,57287,57328,41
13.0238704681,80.27368927,57761,57831,70
13.0865898132,80.2838363647,58983,59026,43
13.0876302719,80.2839889526,59510,59560,50
13.0230703354,80.2726821899,60956,61000,44
13.0066995621,80.2403793335,61607,61668,61
13.0069704056,80.2399978638,63955,64047,92
13.0237197876,80.2734527588,64753,64784,31
13.0429201126,80.279586792,65217,65257,40
13.0888004303,80.2902297974,66010,66060,50
13.0852203369,80.2842102051,66162,66202,40
13.0867099762,80.2839508057,66253,66313,60
13.088470459,80.2849884033,66710,66768,58
13.064740181,80.2837371826,67276,67339,63
13.0614700317,80.2829437256,67396,67448,52
13.0597200394,80.2826004028,67448,67480,32
13.0565700531,80.2819595337,67538,67571,33
13.0490703583,80.2806777954,67620,67689,69
13.0464096069,80.2803192139,67689,67720,31
13.0440502167,80.2800216675,67748,67779,31
13.0339403152,80.2775115967,68023,68063,40
13.0064697266,80.2527770996,68769,68812,43
13.0066204071,80.2484130859,68872,68913,41
12.9839096069,80.22265625,71246,71278,32
13.0113201141,80.2231674194,71825,71875,50
13.0065803528,80.2570724487,72390,72460,70
13.0237398148,80.2735900879,72885,72922,37
13.0286302567,80.2764511108,73046,73077,31
13.0301799774,80.2769470215,73248,73309,61
13.033539772,80.2773590088,73501,73551,50
13.0349998474,80.277671814,73611,73674,63
13.0887804031,80.2902908325,74532,74572,40
13.0865402222,80.2838821411,74733,74793,60
13.0875597,80.2839813232,74835,74866,31
13.0881500244,80.2837219238,74926,75068,142
13.0887403488,80.2901992798,75289,75330,41
13.0065603256,80.2479934692,76970,77020,50
12.9910402298,80.2199325562,77746,77778,32
12.9832601547,80.2222213745,77969,78000,31
13.0430498123,80.279510498,81007,81049,42
13.0148000717,80.2255706787,1815,1865,50
13.014749527,80.2255630493,2190,2281,91
13.0144300461,80.224937439,3807,3849,42
13.0147304535,80.2250137329,5061,5193,132
13.0146999359,80.2250518799,5607,5758,151
13.0146198273,80.2250595093,5758,5921,163
13.014670372,80.2250289917,5921,6032,111
13.0146303177,80.2250213623,6032,6112,80
13.0146198273,80.2250671387,6486,6668,182
13.014670372,80.2250213623,10761,10802,41
13.0146503448,80.2249908447,20105,20266,161
13.0151395798,80.2260131836,25806,25846,40
12.9755802155,80.2210083008,26655,26705,50
12.9167003632,80.1923522949,27756,27787,31
12.8266601563,80.1645812988,29202,29292,90
12.8100299835,80.159576416,29555,29595,40
12.8564300537,80.1721191406,31910,31941,31
12.8802099228,80.1703414917,32234,32276,42
12.881819725,80.1709671021,32304,32336,32
12.9755401611,80.2208175659,34268,34320,52
13.034620285,80.2302627563,35526,35637,111
13.0343103409,80.2298965454,36517,36648,131
13.0151596069,80.2259292603,37124,37155,31
13.0141801834,80.2254333496,37235,37397,162
12.9166402817,80.1923294067,39347,39389,42
12.9097003937,80.1914825439,39480,39570,90
12.9095497131,80.1913299561,39581,39621,40
12.8740501404,80.1720123291,40237,40302,65
12.871219635,80.1738967896,40302,40333,31
12.8100004196,80.159576416,41333,41376,43
12.8801002502,80.1702804565,43326,43395,69
12.8817501068,80.1709518433,43425,43459,34
12.9760799408,80.2212219238,45429,45470,41
13.0220003128,80.2261734009,46390,46431,41
13.0331602097,80.2304763794,46694,46745,51
13.0334796906,80.2304382324,46755,46815,60
13.0347995758,80.2301864624,46886,46936,50
13.0332403183,80.2304763794,48493,48549,56
13.0230302811,80.2274093628,48906,48957,51
12.9973497391,80.2165374756,49532,49572,40
12.9832401276,80.2222137451,49856,49897,41
12.9754495621,80.2209472656,50028,50078,50
12.9166698456,80.1923370361,51150,51181,31
12.8099899292,80.159576416,52840,52871,31
12.8806400299,80.1705703735,55016,55085,69
12.9171304703,80.1930618286,55886,55976,90
12.9761104584,80.2212219238,57070,57110,40
13.0292396545,80.2308425903,58211,58262,51
13.0349302292,80.2302017212,58413,58514,101
13.0343103409,80.2298278809,59242,59373,131
13.0342597961,80.2302017212,59373,59495,122
13.0268802643,80.2329864502,59686,59737,51
13.0230302811,80.2274093628,59878,59918,40
12.9757499695,80.2211914063,60919,60950,31
12.8116598129,80.1594467163,63756,63787,31
12.8100099564,80.1595993042,63837,63888,51
12.8277702332,80.1651535034,65201,65233,32
12.8563404083,80.1720809937,65708,65769,61
12.8800096512,80.1702194214,66070,66134,64
12.9749603271,80.2205276489,68389,68520,131
12.976149559,80.2211608887,68550,68601,51
12.9822597504,80.2216796875,68712,68762,50
13.0341701508,80.2303237915,70110,70154,44
13.0341596603,80.2301330566,70983,71134,151
13.0270004272,80.2329330444,71356,71397,41
12.9756402969,80.2210693359,72754,72814,60
12.9710798264,80.2191619873,72896,72928,32
12.9166603088,80.1923065186,74080,74163,83
12.9096298218,80.1913528442,74315,74355,40
12.8972597122,80.1819763184,74607,74638,31
12.868519783,80.175743103,75005,75071,66
12.8110799789,80.1597290039,75869,75900,31
12.8112602234,80.1595306396,75910,76031,121
12.8821201324,80.1709289551,76874,76945,71
13.0142202377,80.225440979,79557,79609,52
13.0141601563,80.2254486084,80194,80386,192
13.068110466,80.2049789429,84219,84339,120
13.0651798248,80.211227417,84605,84646,41
13.0496196747,80.2119293213,22739,22780,41
13.0687704086,80.2051467896,23153,23220,67
13.0719404221,80.2023620605,23310,23377,67
13.074760437,80.1992721558,23377,23455,78
13.0795402527,80.1986999512,23485,23516,31
13.0831699371,80.1984710693,23546,23667,121
13.0835504532,80.1984481812,23667,23698,31
13.0837898254,80.1984405518,23698,23758,60
13.0841598511,80.1984405518,23758,23877,119
13.0864896774,80.1983718872,23907,23938,31
13.0877895355,80.1882476807,24028,24102,74
13.0880498886,80.1834793091,24132,24163,31
13.0881500244,80.1786727905,24192,24224,32
13.0881500244,80.1786727905,24224,24256,32
13.0993404388,80.1701126099,24508,24548,40
13.0878696442,80.1896972656,25274,25345,71
13.0911798477,80.198600769,25515,25585,70
13.0927000046,80.2005996704,25615,25646,31
13.0853300095,80.2001266479,25706,25741,35
13.0832099915,80.198638916,25771,25871,100
13.0791196823,80.1987991333,25931,25962,31
13.0703401566,80.2043991089,26022,26099,77
13.0692901611,80.2050170898,26159,26190,31
13.0683097839,80.2054672241,26220,26281,61
13.0685300827,80.2048797607,26281,26403,122
13.0688800812,80.2047729492,26403,26498,95
13.0697097778,80.2048416138,26498,26552,54
13.068860054,80.2067871094,26582,26660,78
13.0659799576,80.2105789185,26690,26721,31
13.059129715,80.2116775513,26780,26812,32
13.0531301498,80.2119216919,26841,26872,31
13.0494298935,80.2122116089,26902,26933,31
13.044549942,80.2124633789,26992,27054,62
13.0190496445,80.2063980103,27417,27448,31
12.9756803513,80.2208404541,28639,28740,101
12.9760799408,80.2211074829,29043,29204,161
13.0687999725,80.2051696777,31587,31647,60
13.0873003006,80.1929779053,32162,32202,40
13.0881204605,80.1796035767,32363,32464,101
13.0994195938,80.1700134277,33292,33463,171
13.0877895355,80.190032959,33887,33956,69
13.0874300003,80.1926422119,33996,34036,40
13.0834197998,80.1986923218,34471,34511,40
13.0698795319,80.2050628662,34763,34804,41
13.0679702759,80.205291748,34874,35016,142
13.0638599396,80.2117233276,35258,35308,50
13.0095500946,80.2110290527,36409,36499,90
12.9755496979,80.2206497192,37388,37448,60
12.9758996964,80.2210693359,37872,38024,152
12.9758796692,80.2209701538,38034,38155,121
13.0441102982,80.2122421265,39931,40042,111
13.0635404587,80.2114715576,40355,40396,41
13.0687303543,80.205039978,40577,40628,51
13.088060379,80.1800308228,41403,41487,84
13.0993995667,80.1697998047,41860,41901,41
13.0878896713,80.1879119873,42738,42789,51
13.0679597855,80.2052688599,43647,43758,111
13.0496196747,80.2121734619,44232,44263,31
13.0446100235,80.2124176025,44333,44374,41
13.0376596451,80.2124023438,44464,44525,61
13.0094804764,80.2110977173,45191,45262,71
12.9759998322,80.2212524414,46372,46524,152
13.071969986,80.2021484375,48694,48734,40
13.0994501114,80.1700286865,49663,49713,50
13.0996198654,80.1697387695,49723,49764,41
13.0993700027,80.1696090698,53094,53135,41
13.0994701385,80.1700820923,53155,53215,60
13.0682401657,80.2054367065,54536,54576,40
13.0681200027,80.2054519653,54576,54636,60
13.0679702759,80.205039978,54647,54697,50
12.9756298065,80.2204208374,57005,57115,110
12.9755802155,80.2207183838,57127,57177,50
12.9761104584,80.2211990356,57692,57813,121
13.0687704086,80.2048797607,59862,59902,40
13.0880804062,80.1799697876,60609,60659,50
13.0679397583,80.2052764893,63556,63657,101
12.9759197235,80.2202835083,66009,66090,81
12.9968595505,80.2165222168,67190,67221,31
13.0074195862,80.2098999023,67513,67554,41
13.0439996719,80.2123031616,68472,68553,81
13.0495796204,80.2119979858,68664,68703,39
13.0687398911,80.2052612305,69128,69229,101
13.0686998367,80.2048873901,69229,69361,132
13.0706996918,80.2037887573,69451,69532,81
13.0996103287,80.1698226929,70744,70784,40
13.0881795883,80.1794128418,71925,71995,70
13.0878200531,80.188041687,72138,72179,41
13.0877399445,80.1897735596,72209,72250,41
13.0873603821,80.1925125122,72310,72341,31
13.0830402374,80.1987075806,72785,72825,40
13.0699701309,80.2049026489,73128,73178,50
13.0682697296,80.2054824829,73239,73320,81
13.0678901672,80.205406189,73330,73441,111
13.0687599182,80.204788208,73481,73522,41
13.0693597794,80.2047729492,73542,73592,50
13.0652399063,80.2111968994,73703,73734,31
13.0376596451,80.2124633789,74208,74279,71
13.009519577,80.21118927,75016,75066,50
12.9757204056,80.2204208374,76086,76247,161
12.9969797134,80.1907577515,78749,78819,70
12.9970302582,80.1915817261,19018,19159,141
12.9971399307,80.1916427612,19159,19341,182
12.9969701767,80.1916503906,21470,21581,111
12.9969501495,80.191619873,22641,22752,111
12.9968500137,80.1917800903,24952,25002,50
12.9968299866,80.1912689209,25023,25103,80
13.0696401596,80.2051620483,26224,26264,40
13.068810463,80.2049636841,26282,26459,177
13.0700397491,80.204750061,26488,26519,31
13.0720100403,80.2022323608,26549,26580,31
13.0772399902,80.19896698,26610,26680,70
13.0838003159,80.1984863281,26740,26771,31
13.0861501694,80.1984024048,26800,26831,31
13.0870800018,80.1981887817,26831,26862,31
13.0872802734,80.1936798096,26891,26922,31
13.0874996185,80.1913223267,26951,26982,31
13.0881500244,80.1784210205,27082,27152,70
13.0990800858,80.1693878174,28646,28717,71
13.0989999771,80.1692199707,28717,28767,50
13.0994596481,80.1700897217,28888,28969,81
13.0878095627,80.1897735596,29413,29514,101
13.0680103302,80.2052001953,30230,30261,31
13.0378398895,80.2124023438,30826,30876,50
13.009519577,80.2110824585,31431,31462,31
13.0094604492,80.2109527588,31462,31502,40
12.9758300781,80.2211227417,32479,32620,141
12.9761104584,80.2212295532,32630,32822,192
12.9865503311,80.2229385376,33034,33135,101
13.0995197296,80.1700592041,35779,35819,40
13.0994596481,80.1698074341,35860,35940,80
13.0882396698,80.1791763306,37273,37323,50
13.0878095627,80.189666748,37444,37535,91
13.0874204636,80.1925811768,37585,37616,31
13.0699300766,80.2049102783,38332,38373,41
13.0679702759,80.2054290771,38423,38473,50
13.069149971,80.2046966553,38544,38615,71
13.0697202682,80.2048187256,38635,38695,60
13.0375404358,80.2123413086,39180,39271,91
13.0095796585,80.2111434937,39896,39987,91
12.9757795334,80.2203063965,41006,41047,41
12.9755001068,80.2206192017,41057,41138,81
12.986530304,80.2228927612,42560,42591,31
13.0071401596,80.2097396851,43085,43125,40
13.0542602539,80.2114868164,44034,44074,40
13.0686903,80.2049407959,44357,44407,50
13.0720300674,80.2022628784,44488,44538,50
13.0825595856,80.1985092163,44678,44710,32
13.0881595612,80.1787719727,45194,45261,67
13.0993404388,80.1700897217,45574,45614,40
13.0996904373,80.1697387695,45644,45685,41
13.0881795883,80.1788864136,48237,48268,31
13.0879201889,80.1858062744,48357,48399,42
13.0873403549,80.1926879883,48480,48530,50
13.0830497742,80.198600769,48964,49004,40
13.0444898605,80.2124176025,49691,49751,60
13.0374403,80.2123031616,49852,49923,71
12.9756002426,80.2208480835,51507,51689,182
12.9756298065,80.2209777832,51689,51759,70
12.9968395233,80.1908416748,52879,53041,162
12.9969797134,80.191116333,53061,53182,121
12.9965600967,80.1913223267,53202,53243,41
13.0547399521,80.2114105225,54179,54250,71
13.0718097687,80.2023773193,54674,54725,51
13.0995197296,80.1699829102,56834,56874,40
13.0873804092,80.1925964355,57348,57379,31
13.0830898285,80.1986923218,57813,57873,60
13.0679302216,80.2052612305,58156,58196,40
13.0445404053,80.2125015259,58691,58771,80
13.0376300812,80.2124481201,58852,58923,71
12.9756402969,80.2203903198,60578,60618,40
12.9760398865,80.2211914063,61486,61526,40
12.9761600494,80.2212982178,61526,61607,81
13.0074396133,80.2098617554,62313,62354,41
13.0439901352,80.2122497559,63070,63151,81
13.0687398911,80.2050704956,63726,63777,51
13.0831403732,80.1987380981,67431,67491,60
13.069849968,80.2050933838,67784,67845,61
13.0386400223,80.2124481201,68652,68692,40
13.0096597672,80.2112731934,69449,69490,41
12.9759197235,80.2202911377,70691,70812,121
12.9754600525,80.2205429077,70822,70862,40
12.9756803513,80.2208862305,70862,70993,131
13.0438699722,80.212272644,73092,73203,111
13.0496196747,80.2119522095,73304,73345,41
13.0872602463,80.1928787231,74344,74384,40
13.088060379,80.1797027588,74596,74657,61
13.0877504349,80.189666748,75927,75959,32
13.0679397583,80.2053985596,76746,76796,50
13.0685596466,80.20728302,76927,76978,51
13.0448198318,80.2124481201,77472,77513,41
13.0375299454,80.2124023438,77624,77684,60
13.0095701218,80.2111129761,78411,78482,71
12.9756402969,80.2209320068,79561,79652,91
12.9973201752,80.1910934448,84506,84627,121
12.9146203995,80.2504196167,1492,1532,40
12.915140152,80.2503128052,1563,1603,40
13.0003404617,80.2661590576,3722,3822,100
12.9977302551,80.2562179565,4438,4478,40
12.9978199005,80.2567901611,4498,4539,41
12.9977703094,80.2571182251,4539,4730,191
12.9979801178,80.2563934326,31545,31707,162
12.9974403381,80.257019043,31737,31828,91
12.9971599579,80.256942749,39251,39384,133
12.9972801208,80.2569122314,41149,41199,50
12.9973096848,80.2570114136,41754,41815,61
12.9974803925,80.2567977905,42269,42369,100
12.9973802567,80.2571182251,59952,60103,151
12.997300148,80.2570037842,80906,81067,161
12.9972896576,80.1918563843,19,170,151
12.9972000122,80.1917724609,4315,4446,131
12.9972896576,80.1919937134,8339,8481,142
12.9971399307,80.1916732788,15107,15258,151
12.9971199036,80.1919021606,21138,21319,181
13.0438299179,80.2122192383,24799,24849,50
13.0482196808,80.212020874,24920,24970,50
13.0497903824,80.2119216919,25010,25051,41
13.0696201324,80.2051696777,25353,25384,31
13.0687799454,80.205116272,25433,25596,163
13.0690402985,80.2047119141,25596,25658,62
13.0708398819,80.2036819458,25658,25736,78
13.0727500916,80.2014694214,25736,25813,77
13.0736303329,80.2005081177,25813,25844,31
13.0828504562,80.1984786987,25934,25965,31
13.087100029,80.1982421875,25995,26071,76
13.0872898102,80.1930999756,26071,26141,70
13.087679863,80.1898269653,26141,26172,31
13.0878295898,80.1869812012,26202,26233,31
13.0881204605,80.1796035767,26263,26321,58
13.0881500244,80.1786270142,26321,26353,32
13.0885601044,80.1719207764,26412,26443,31
13.0996398926,80.1700820923,26624,26695,71
13.0882196426,80.1794204712,27340,27371,31
13.0696601868,80.2049636841,28177,28208,31
13.0679702759,80.2052536011,28278,28329,51
13.0095596313,80.2111129761,29579,29610,31
12.9756402969,80.2207794189,30497,30568,71
13.0441703796,80.2122573853,33240,33321,81
13.0635700226,80.2115097046,33632,33684,52
13.0996799469,80.1698913574,34934,34975,41
13.088259697,80.179359436,36251,36313,62
13.087439537,80.1926269531,36515,36565,50
13.0679597855,80.2051773071,37372,37483,111
13.0637903214,80.2117080688,37694,37735,41
13.0447797775,80.2124023438,38057,38098,41
13.0377197266,80.2124023438,38189,38229,40
13.0094499588,80.2110824585,38935,38975,40
13.0153799057,80.2253036499,39227,39258,31
12.9756097794,80.2207870483,40024,40064,40
13.0687303543,80.2051467896,43241,43281,40
13.0991096497,80.1695404053,46347,46417,70
13.0381298065,80.2123794556,48535,48585,50
13.0094499588,80.2110595703,49291,49340,49
12.9760904312,80.2211914063,50794,50874,80
13.0349998474,80.2113189697,52215,52246,31
13.069609642,80.2052993774,52820,52861,41
13.0996599197,80.1697921753,53950,54000,50
13.0993795395,80.1696395874,54010,54061,51
13.0994997025,80.1699905396,54797,54898,101
13.0873403549,80.1926574707,55385,55425,40
13.0681295395,80.2054519653,56181,56222,41
13.0679101944,80.2052078247,56232,56383,151
13.0445098877,80.2124404907,56907,56968,61
13.0375699997,80.2124023438,57049,57099,50
13.0093803406,80.2110595703,57775,57815,40
12.9756498337,80.2207870483,58904,59076,172
12.9761896133,80.221282959,60568,60608,40
13.0437297821,80.2122879028,62061,62101,40
13.0484199524,80.212020874,62171,62202,31
13.0497703552,80.2118988037,62232,62282,50
13.0687303543,80.2051086426,62666,62765,99
13.0880899429,80.1796264648,63482,63523,41
13.0995998383,80.1697235107,63886,63946,60
13.0994195938,80.1697311401,64662,64693,31
13.0832195282,80.1987075806,66075,66136,61
13.0700397491,80.2048873901,66408,66448,40
13.0682401657,80.2054977417,66519,66559,40
13.0679798126,80.2053985596,66569,66650,81
13.0681200027,80.2050018311,66660,66711,51
13.0444498062,80.2124862671,67417,67467,50
13.0375499725,80.2125015259,67548,67618,70
12.9756603241,80.2203826904,69535,69696,161
13.0686502457,80.2051086426,72550,72621,71
13.0718698502,80.2024002075,72731,72853,122
13.0872297287,80.1930084229,73226,73266,40
13.0878696442,80.1879272461,74849,74880,31
13.0682401657,80.2055282593,75818,75888,70
13.0689401627,80.2047729492,76009,76060,51
13.0693502426,80.204788208,76080,76120,40
13.0375099182,80.2124786377,76766,76826,60
13.0099496841,80.2114486694,77482,77522,40
13.0094604492,80.2110900879,77532,77593,61
12.9756298065,80.2203369141,78652,78712,60
12.9758901596,80.2211074829,78752,78813,61
12.9964704514,80.1913375854,80305,80336,31
13.04708004,80.2122268677,43457,43491,34
13.0492801666,80.2070617676,43733,43824,91
13.0498199463,80.2118301392,44654,44715,61
13.0444402695,80.2124176025,44856,44896,40
13.0069103241,80.2400970459,47369,47439,70
13.0067796707,80.2512588501,47591,47631,40
13.0065803528,80.2570266724,47732,47763,31
13.0023202896,80.2567367554,47843,47894,51
13.0003204346,80.2664413452,50283,50334,51
13.006649971,80.2517776489,51094,51155,61
13.0066099167,80.2479629517,51236,51276,40
13.0113801956,80.2231216431,51682,51722,40
13.0153999329,80.224899292,51834,51874,40
13.0304498672,80.2164916992,52603,52643,40
13.0498895645,80.2119674683,54477,54568,91
13.0444803238,80.212348938,54649,54699,50
13.0319900513,80.2105026245,55641,55681,40
13.0300502777,80.2095413208,55711,55752,41
13.0145397186,80.2262115479,56814,56847,33
13.0068798065,80.2406768799,57129,57160,31
13.0066604614,80.2570724487,57442,57473,31
12.9995002747,80.2562637329,57584,57624,40
12.9968395233,80.2561416626,59313,59373,60
12.9988098145,80.2560195923,59414,59454,40
13.0066099167,80.2477798462,59876,59940,64
12.9483499527,80.1434020996,29492,29603,111
12.9483804703,80.1433792114,29603,29755,152
12.9484395981,80.1434783936,29755,29866,111
12.9484701157,80.1433868408,29866,29906,40
12.9483699799,80.1433334351,29906,29947,41
12.9483699799,80.1433410645,29947,30007,60
12.9483995438,80.143371582,30007,30128,121
12.9484596252,80.1434783936,30149,30239,90
12.9483804703,80.1433181763,30744,30886,142
12.9482803345,80.143157959,30886,31017,131
12.9483699799,80.1433334351,31017,31088,71
12.9484596252,80.1433563232,33157,33208,51
12.9484300613,80.1433563232,39154,39195,41
12.9483604431,80.1433792114,39195,39296,101
12.9483804703,80.1433181763,46443,46615,172
12.948340416,80.143371582,49230,49381,151
12.9482498169,80.1432037354,49381,49472,91
12.9484500885,80.1435394287,59769,59809,40
12.948390007,80.1434326172,61202,61323,121
12.9482698441,80.1433563232,61646,61677,31
12.9483699799,80.1433105469,64189,64301,112
12.9484195709,80.1434326172,64301,64443,142
12.9483804703,80.1434020996,64443,64493,50
12.9483604431,80.1435317993,66199,66310,111
12.948340416,80.1434783936,74155,74286,131
13.0754203796,80.2753601074,9978,10009,31
13.0756397247,80.2753829956,10039,10130,91
13.0757598877,80.2753982544,10130,10301,171
13.0758895874,80.2753829956,15744,15775,31
13.0820598602,80.2777786255,22409,22480,71
13.0759401321,80.2756729126,22722,22753,31
13.0759401321,80.2757492065,23722,23753,31
13.0810098648,80.2751922607,23874,24025,151
13.0816602707,80.2752227783,24035,24076,41
13.08796978,80.2838973999,24298,24419,121
12.9884700775,80.2558898926,25843,25883,40
12.9255199432,80.2383117676,26822,26903,81
13.0239400864,80.2736663818,28802,28852,50
13.0878801346,80.2839202881,29882,29913,31
12.9312095642,80.2385101318,34154,34194,40
12.935549736,80.2342681885,35628,35739,111
12.948849678,80.2405929565,36012,36062,50
12.9989500046,80.2560272217,36920,36961,41
13.0237998962,80.2735595703,37506,37547,41
13.0638599396,80.2833480835,38253,38294,41
13.0884504318,80.285118103,40990,41040,50
13.0740003586,80.2861480713,41321,41389,68
13.0027399063,80.2568283081,42571,42641,70
13.0015296936,80.2565994263,42682,42742,60
12.9974002838,80.2559661865,42904,42944,40
12.9567499161,80.2438201904,43540,43601,61
12.9255399704,80.2383499146,44388,44419,31
12.9296197891,80.2380523682,44560,44600,40
12.9329395294,80.2362213135,44752,44802,50
12.9634103775,80.2466583252,45358,45418,60
12.9789495468,80.252532959,45630,45691,61
12.9868097305,80.2515487671,45792,45872,80
12.9877595901,80.2554321289,45943,46044,101
12.9991102219,80.2560272217,46276,46317,41
13.0063400269,80.2574462891,46438,46488,50
13.0237998962,80.2735519409,46912,46943,31
13.0330200195,80.2774200439,47175,47215,40
13.0430803299,80.279548645,47367,47417,50
13.0772800446,80.2873382568,47820,47889,69
13.0883197784,80.2836837769,48131,48171,40
13.0821800232,80.2785186768,48313,48353,40
13.0760297775,80.2746887207,48515,48636,121
13.0757398605,80.2751083374,48676,48858,182
13.0758695602,80.2756195068,50897,50928,31
13.0811901093,80.2751617432,51049,51099,50
13.0878295898,80.2839431763,51392,51493,101
13.088470459,80.2849502563,51695,51746,51
12.9283504486,80.2388381958,54532,54603,71
12.9356899261,80.2339477539,56551,56602,51
12.9488601685,80.2406082153,56804,56854,50
12.9560804367,80.2432403564,56965,57016,51
12.9990997314,80.2560195923,57773,57824,51
13.0331802368,80.2773971558,58591,58631,40
13.0431003571,80.2795333862,58783,58832,49
13.0877504349,80.2839736938,59742,59823,81
13.0884399414,80.2851867676,61024,61085,61
13.0625,80.2831192017,61580,61620,40
13.0567398071,80.2819213867,61721,61752,31
13.0240697861,80.2740325928,62297,62357,60
13.0013999939,80.2565689087,62881,62913,32
13.0001296997,80.2563781738,62913,62953,40
12.9564399719,80.243637085,63730,63770,40
12.9255895615,80.2383880615,64548,64669,121
12.9282598495,80.238822937,64739,64770,31
12.9558401108,80.2431564331,65527,65578,51
12.9873504639,80.251449585,66032,66133,101
12.9878997803,80.253868103,66193,66224,31
12.9941997528,80.2560195923,66385,66446,61
12.9955701828,80.2559204102,66496,66557,61
12.9966096878,80.2559432983,66587,66658,71
12.9992103577,80.2561569214,66708,66759,51
13.006360054,80.2575531006,66961,67011,50
13.0239095688,80.2737731934,67476,67536,60
13.0322599411,80.2775878906,67728,67789,61
13.0329399109,80.2775268555,67799,67839,40
13.0429601669,80.2795791626,68082,68132,50
13.055970192,80.2817611694,68334,68385,51
13.069609642,80.2846374512,68657,68724,67
13.0875797272,80.2840118408,69360,69401,41
13.0883798599,80.2851333618,70602,70642,40
13.067150116,80.2843322754,70984,71054,70
13.065779686,80.2839813232,71054,71085,31
13.0625200272,80.2831726074,71125,71186,61
13.051320076,80.2809829712,71398,71438,40
13.0395803452,80.2790374756,71610,71650,40
13.0390100479,80.2789077759,71660,71691,31
13.0383701324,80.2786865234,71731,71771,40
13.0380296707,80.2785720825,71782,71842,60
13.0376501083,80.2784729004,71842,71953,111
13.036860466,80.278213501,71982,72054,72
13.0365200043,80.2780685425,72054,72115,61
13.0349798203,80.2777328491,72206,72256,50
13.0347003937,80.2776794434,72256,72337,81
13.034330368,80.2776107788,72337,72377,40
13.0342197418,80.2775726318,72377,72458,81
13.0185403824,80.2661895752,72872,72913,41
13.0071201324,80.2587890625,73155,73195,40
12.9985103607,80.256111145,73397,73438,41
12.9895296097,80.2560424805,73569,73660,91
12.9816799164,80.2533493042,73892,73973,81
12.9311504364,80.2385787964,74932,74983,51
12.9256801605,80.2382965088,75134,75183,49
12.9877901077,80.2547912598,76295,76386,91
12.9990997314,80.2561264038,76669,76709,40
13.0063400269,80.2574234009,76830,76861,31
13.0734395981,80.28515625,78163,78214,51
13.088760376,80.2901611328,78497,78547,50
13.0872402191,80.2836380005,78719,78769,50
12.9976701736,80.255897522,194,245,51
12.9978704453,80.2562332153,668,779,111
12.9977798462,80.256362915,23332,23393,61
13.0771398544,80.260559082,26197,26287,90
13.0789899826,80.2548599243,26459,26509,50
13.0985202789,80.2420883179,27034,27074,40
13.0777997971,80.2621231079,29342,29393,51
13.0069503784,80.2401504517,31025,31067,42
12.9871501923,80.2595977783,31672,31722,50
12.9865903854,80.2591934204,31763,31833,70
12.9867401123,80.2590026855,31833,31894,61
12.9868097305,80.2590789795,33036,33077,41
12.9991798401,80.256072998,33428,33460,32
13.031080246,80.239616394,34559,34650,91
13.0856599808,80.2453384399,36091,36132,41
13.097410202,80.2420806885,36342,36374,32
13.0792999268,80.2546463013,38199,38239,40
13.0777301788,80.2619171143,38400,38431,31
13.0673799515,80.2706298828,38792,38882,90
13.0316896439,80.2414474487,39608,39659,51
13.0069799423,80.2400970459,40324,40374,50
13.0067396164,80.2572784424,40586,40657,71
13.0038995743,80.2570419312,40717,40768,51
13.0026102066,80.2568130493,40828,40879,51
13.0013504028,80.2566070557,40919,41000,81
12.9975795746,80.2568588257,41161,41282,121
12.9973096848,80.2559127808,41322,41363,41
12.9879598618,80.2558517456,41534,41584,50
12.9865598679,80.2591934204,41776,41857,81
12.9875402451,80.256729126,43041,43121,80
12.996629715,80.255897522,43293,43343,50
13.0066299438,80.2520828247,43686,43757,71
13.0065898895,80.247756958,43827,43867,40
13.0310201645,80.2394180298,44714,44765,51
13.0788698196,80.2547988892,46156,46197,41
13.0855703354,80.2454376221,46600,46640,40
13.0970802307,80.2420196533,46902,46963,61
13.0986795425,80.2419509888,47023,47084,61
13.0856399536,80.2516708374,47880,47921,41
13.0794000626,80.2545776367,48122,48153,31
13.0069904327,80.2398681641,50159,50199,40
13.0066699982,80.2570800781,50451,50512,61
12.9872598648,80.2593688965,50966,51036,70
12.9875802994,80.2558822632,53766,53946,180
12.9884500504,80.2558517456,53946,53987,41
12.9925203323,80.2560424805,54047,54078,31
12.9967002869,80.2557983398,54098,54138,40
13.0058498383,80.2573623657,54289,54330,41
13.006649971,80.2479324341,54491,54531,40
13.0193195343,80.2242279053,55035,55076,41
13.031080246,80.2396316528,55368,55459,91
13.0755796432,80.2588424683,56518,56549,31
13.0970602036,80.2419815063,57204,57263,59
13.0976295471,80.2422714233,58579,58619,40
13.0778198242,80.2621383667,59325,59395,70
13.0778303146,80.2624588013,59405,59436,31
13.03125,80.2404632568,60595,60656,61
13.0198602676,80.224822998,60968,60999,31
13.0069503784,80.2401123047,61251,61301,50
13.0066299438,80.2572174072,61573,61604,31
12.9971103668,80.255897522,61825,61886,61
12.9872999191,80.2591323853,62067,62108,41
12.9871797562,80.2596206665,62128,62309,181
12.986579895,80.2591171265,62884,63005,121
12.9869403839,80.2591629028,63005,63106,101
12.9872703552,80.2591018677,63106,63197,91
12.9873695374,80.2587509155,63207,63348,141
12.9873800278,80.2580337524,63600,63640,40
12.9875602722,80.2561416626,63911,63943,32
12.9875602722,80.2560119629,63953,64094,141
12.9965696335,80.2558517456,64296,64336,40
13.0053596497,80.2572479248,64527,64558,31
13.0065603256,80.2521972656,64679,64729,50
13.0066003799,80.2480392456,64790,64830,40
13.0066204071,80.2406082153,64971,65032,61
13.0259895325,80.2312393188,65637,65677,40
13.0855998993,80.2454299927,67774,67805,31
13.0900096893,80.2408218384,67956,68006,50
13.0863199234,80.2447967529,69429,69490,61
13.0790596008,80.2563781738,69984,70065,81
13.0311603546,80.2404327393,71388,71458,70
13.0066204071,80.2572479248,72245,72305,60
12.9871301651,80.2596511841,72961,73001,40
12.9865598679,80.2592697144,73576,73767,191
12.9868297577,80.2590789795,73777,73848,71
12.9873895645,80.2573623657,73898,74060,162
12.9985399246,80.2560272217,74312,74352,40
13.0011196136,80.256477356,74401,74433,32
13.0064201355,80.2573776245,74503,74554,51
13.0064401627,80.2532272339,74634,74675,41
13.0065698624,80.2519378662,74705,74765,60
13.0065698624,80.2475204468,74836,74907,71
13.0387496948,80.2468719482,75975,76036,61
13.0754404068,80.258682251,77115,77196,81
13.0983400345,80.2423095703,78002,78033,31
13.0764398575,80.260017395,78779,78819,40
13.039560318,80.2470703125,79868,79918,50
12.9873895645,80.2584609985,81219,81290,71
13.0142803192,80.2257766724,5034,5165,131
12.9517002106,80.2113037109,18639,18680,41
12.9474496841,80.2095489502,18680,18720,40
12.9327898026,80.2036895752,18872,18932,60
12.9216995239,80.1972122192,19073,19194,121
12.9151296616,80.1923217773,19225,19325,100
12.9093599319,80.1911087036,19356,19527,171
12.9093599319,80.1911087036,19527,19679,152
12.9011602402,80.1827316284,19679,19820,141
12.8899297714,80.1744766235,19820,19880,60
12.8277902603,80.1651687622,20607,20768,161
12.8099899292,80.1597824097,21646,21686,40
12.8098802567,80.1597900391,21797,21878,81
12.8100204468,80.1596908569,22483,22594,111
12.8099403381,80.1596679688,22618,22769,151
12.8115701675,80.1594314575,22850,22890,40
12.8789796829,80.169960022,23697,23765,68
12.9048995972,80.1850204468,24219,24370,151
12.9181804657,80.1955108643,24592,24632,40
12.9298200607,80.2027435303,24854,24885,31
12.9435596466,80.2083206177,25066,25107,41
12.9655199051,80.2166900635,25430,25469,39
12.9682197571,80.217880249,25469,25510,41
12.9870700836,80.2230072021,25853,25924,71
12.9903097153,80.2202987671,25934,25985,51
12.9980602264,80.2165679932,26075,26126,51
13.0034198761,80.2199401855,26146,26227,81
13.0116901398,80.2221374512,26267,26398,131
13.018409729,80.224571228,26408,26469,61
13.0222702026,80.2264709473,26479,26519,40
13.0343103409,80.2298431396,27175,27236,61
13.0107803345,80.2243881226,29445,29536,91
12.9989595413,80.2172775269,29637,29697,60
12.9959802628,80.2166366577,29717,29768,51
12.9757299423,80.2213287354,30081,30141,60
12.967300415,80.2179336548,30282,30433,151
12.9553003311,80.2121963501,30444,30505,61
12.9294595718,80.2027511597,30878,30959,81
12.9061899185,80.1886978149,31403,31534,131
12.8975000381,80.1820526123,31564,31665,101
12.891409874,80.1763687134,31696,31756,60
12.8811197281,80.171333313,31847,31887,40
12.872179985,80.1733398438,31896,31964,68
12.8563604355,80.1721725464,32166,32256,90
12.8402099609,80.1696777344,32337,32388,51
12.8371200562,80.1691818237,32388,32448,60
12.8345899582,80.1675415039,32458,32519,61
12.8271999359,80.1649703979,32579,32660,81
12.809969902,80.159538269,32751,32933,182
12.8101797104,80.1596679688,34445,34556,111
12.8102502823,80.1596603394,34556,34667,111
12.8274002075,80.1650695801,34990,35061,71
12.8630599976,80.1742477417,35578,35629,51
12.8800096512,80.1702804565,35659,35818,159
12.8831396103,80.1709899902,35899,35970,71
12.8899297714,80.1743621826,35980,36060,80
12.8921804428,80.1782226563,36071,36141,70
12.8982000351,80.182258606,36182,36242,60
12.8989696503,80.1829605103,36242,36293,51
12.9040803909,80.1863098145,36313,36393,80
12.90762043,80.1896972656,36404,36444,40
12.9174699783,80.1918487549,36656,36817,161
12.9233398438,80.1973724365,36827,36888,61
12.926199913,80.1975021362,36898,36989,91
12.9342603683,80.2038803101,37130,37200,70
12.9405002594,80.205581665,37211,37311,100
12.9452104568,80.208656311,37322,37372,50
12.9737701416,80.2205429077,37745,37776,31
12.9751300812,80.2203979492,37786,37896,110
12.9819602966,80.2216567993,37927,37987,60
12.9856595993,80.2234573364,38018,38209,191
12.995880127,80.216178894,38230,38330,100
13.0023403168,80.2194137573,38340,38431,91
13.0158596039,80.225227356,38714,38804,90
13.0222101212,80.2264480591,38845,38936,91
13.0267000198,80.2311706543,38996,39107,111
13.031129837,80.2305908203,39137,39238,101
13.0349597931,80.2301864624,39259,39319,60
13.0139598846,80.2254486084,41014,41064,50
13.0013303757,80.2181015015,41407,41488,81
12.9870195389,80.2229919434,41649,41740,91
12.9781503677,80.2215576172,41942,42012,70
12.9679298401,80.2176971436,42174,42234,60
12.9631204605,80.2157669067,42234,42295,61
12.9476995468,80.2098007202,42456,42537,81
12.9361696243,80.2044296265,42668,42749,81
12.9287395477,80.2026596069,42809,42849,40
12.925160408,80.1975402832,42910,43011,101
12.9019699097,80.184173584,43445,43535,90
12.8941001892,80.1803894043,43556,43707,151
12.869389534,80.175163269,43918,43985,67
12.8266897202,80.1650314331,44681,44732,51
12.817609787,80.1602172852,44792,44903,111
12.8099403381,80.1595993042,44923,44954,31
12.8106002808,80.1596374512,44964,45095,131
12.8278903961,80.1651535034,46295,46356,61
12.836230278,80.1680679321,46416,46507,91
12.8388900757,80.1698913574,46537,46646,109
12.8542098999,80.1710128784,46697,46828,131
12.8813295364,80.1707992554,46888,47070,182
12.8875799179,80.1732330322,47070,47151,81
12.904009819,80.1846466064,47463,47593,130
12.9137201309,80.1920394897,47635,47746,111
12.9444999695,80.2094421387,48391,48442,51
12.9486999512,80.2097396851,48452,48512,60
12.9602003098,80.2146530151,48603,48694,91
12.9866504669,80.2229537964,49128,49188,60
12.9946298599,80.2171783447,49279,49319,40
12.997759819,80.216583252,49350,49427,77
13.0351104736,80.2299804688,50356,50517,161
13.0347204208,80.2300872803,50527,50577,50
13.0347604752,80.2299728394,50577,50759,182
13.0346498489,80.2299194336,51243,51344,101
13.0294103622,80.2308502197,52596,52676,80
13.0196399689,80.2246017456,52919,53029,110
13.0124797821,80.2267227173,53060,53100,40
13.0114803314,80.2231216431,53161,53322,161
13.00137043,80.2183074951,53352,53413,61
12.99518013,80.2169723511,53484,53534,50
12.9892396927,80.2215499878,53615,53655,40
12.985830307,80.2230987549,53705,53736,31
12.9325799942,80.2043380737,54724,54865,141
12.9283399582,80.200378418,54886,54946,60
12.9059896469,80.1885986328,55451,55491,40
12.9047603607,80.1836395264,55501,55552,51
12.8972597122,80.1819992065,55552,55622,70
12.8362703323,80.168586731,56570,56610,40
12.8274698257,80.1651382446,56701,56732,31
12.8179197311,80.1604232788,56883,56923,40
12.8098802567,80.159576416,57075,57115,40
12.8278598785,80.1651611328,58610,58650,40
12.8669395447,80.1761627197,59324,59364,40
12.8718700409,80.1736221313,59375,59571,196
12.8900203705,80.1744918823,59672,59712,40
12.8918504715,80.177192688,59723,59884,161
12.8983402252,80.1825180054,59894,59995,101
12.9052495956,80.1886978149,60015,60055,40
12.9103498459,80.1919631958,60116,60207,91
12.9153795242,80.1926193237,60207,60267,60
12.9175100327,80.1902618408,60298,60438,140
12.949090004,80.2102737427,60983,61014,31
12.9631299973,80.215637207,61155,61195,40
13.022480011,80.2272415161,62487,62587,100
13.0311403275,80.2306213379,62688,62799,111
13.0345697403,80.2297210693,62931,62971,40
13.0344295502,80.2297973633,63011,63082,71
13.022769928,80.2272720337,64353,64433,80
13.0148601532,80.2261505127,64484,64524,40
13.0143404007,80.226020813,64545,64605,60
13.0109596252,80.2268295288,64605,64776,171
13.0047197342,80.220199585,64817,64867,50
12.9984197617,80.2165985107,64888,64968,80
12.8829402924,80.1707992554,67389,67571,182
12.8560400009,80.1721496582,67983,68023,40
13.0201997757,80.2252731323,73952,73992,40
13.0142803192,80.2255630493,74557,74588,31
13.0142803192,80.2255630493,74588,74678,90
13.0141601563,80.2257995605,75757,75798,41
13.0142202377,80.2256011963,75798,75919,121
13.0141401291,80.2257919312,76978,77129,151
13.0142402649,80.2257385254,77138,77230,92
12.9871101379,80.2591094971,20931,21023,92
13.098449707,80.2420806885,24012,24194,182
13.0311698914,80.240020752,26860,26908,48
13.006649971,80.2572021484,27667,27758,91
12.9872303009,80.2595825195,28213,28253,40
12.986700058,80.2596282959,30000,30060,60
12.9865903854,80.2596664429,30060,30242,182
12.9869298935,80.2590866089,30515,30585,70
12.9872999191,80.259147644,30585,30626,41
13.0066699982,80.2519226074,31163,31213,50
13.0148096085,80.2244033813,31729,31780,51
13.0151796341,80.2247695923,31800,31891,91
13.0154399872,80.2250289917,31901,31992,91
13.0310001373,80.2395935059,32345,32386,41
13.0357599258,80.2461776733,32476,32507,31
13.0754404068,80.2583999634,33496,33617,121
13.0789299011,80.2547912598,33728,33759,31
13.0977602005,80.2422409058,35416,35467,51
13.0146303177,80.2261810303,37531,37562,31
13.0069198608,80.2400283813,37783,37815,32
13.0028600693,80.2567977905,38138,38178,40
13.0013799667,80.2565612793,38209,38290,81
12.9976196289,80.257019043,38391,38441,50
12.9975996017,80.2568664551,38441,38552,111
12.9975996017,80.2567367554,38582,38735,153
12.9870996475,80.2596206665,39048,39088,40
12.9867401123,80.2595672607,39108,39179,71
12.9867095947,80.2590484619,40139,40250,111
12.9972801208,80.2558898926,40623,40654,31
13.0065898895,80.2520370483,40958,41028,70
13.0066299438,80.2478485107,41089,41149,60
13.0264997482,80.232711792,41880,41921,41
13.0388498306,80.2468109131,42213,42264,51
13.0389900208,80.2466964722,42264,42304,40
13.0789403915,80.254737854,43396,43438,42
13.0985202789,80.2423019409,44045,44085,40
13.0976800919,80.2422409058,44732,44853,121
13.0839195251,80.2545623779,45358,45391,33
13.031129837,80.2400436401,46916,47007,91
13.0068397522,80.2399978638,47613,47664,51
13.001709938,80.2565994263,47987,48027,40
12.9866695404,80.2594833374,48450,48614,164
12.9865999222,80.2590866089,50354,50425,71
12.987569809,80.2561721802,50536,50596,60
13.0011196136,80.256439209,50960,51000,40
13.0066404343,80.2482070923,51242,51292,50
13.0772695541,80.260848999,53247,53278,31
13.0971698761,80.2420578003,54017,54107,90
13.0985803604,80.2418899536,54178,54289,111
13.0974798203,80.2421722412,55724,55815,91
13.0776901245,80.2619171143,56605,56665,60
13.006649971,80.2571563721,58841,58892,51
13.0020303726,80.2566375732,58982,59023,41
12.986749649,80.2590484619,60630,60731,101
12.9875001907,80.2565994263,60791,60862,71
12.9875898361,80.2564468384,60862,60963,101
12.9992599487,80.2561569214,61215,61256,41
13.0066299438,80.2475967407,61560,61610,50
13.0754404068,80.2583389282,63484,63545,61
13.078909874,80.2547531128,63635,63676,41
13.0974798203,80.2422180176,65100,65294,194
13.077750206,80.2621765137,66074,66114,40
13.0661897659,80.2683563232,66506,66576,70
13.0653896332,80.2677307129,66576,66607,31
13.0066299438,80.257232666,68626,68808,182
13.0014200211,80.2566223145,68919,68969,50
12.9971904755,80.2559509277,69080,69161,81
12.9893102646,80.2560119629,69282,69323,41
12.9890499115,80.2559967041,69333,69444,111
12.9872303009,80.2595825195,69575,69626,51
12.9870700836,80.2591781616,70353,70393,40
12.9873600006,80.2583694458,70423,70454,31
12.9953203201,80.2559585571,70989,71059,70
12.9989004135,80.2561187744,71140,71201,61
13.0058603287,80.2574462891,71322,71391,69
13.0064897537,80.2526092529,71503,71534,31
13.0066204071,80.2476119995,71615,71685,70
13.0066699982,80.2405776978,71796,71837,41
13.0309801102,80.2396392822,72554,72594,40
13.0390701294,80.2469177246,72786,72867,81
13.0669603348,80.2686004639,73422,73472,50
13.0789299011,80.2546386719,74159,74199,40
13.0793600082,80.2545776367,74208,74270,62
13.0797395706,80.2546463013,74270,74310,40
13.085559845,80.2454299927,74664,74704,40
13.039440155,80.2470397949,77168,77208,40
13.0266599655,80.2333908081,77521,77561,40
13.0066099167,80.2573928833,78319,78420,101
12.9889001846,80.2559204102,78692,78743,51
12.9873800278,80.2583999634,78824,78884,60
12.9871702194,80.2585220337,78904,78935,31
13.0758399963,80.275718689,11806,11969,163
13.0757904053,80.2756881714,11989,12091,102
13.0757303238,80.2757415771,12091,12122,31
13.075799942,80.275718689,12122,12293,171
13.0758399963,80.2758026123,12293,12440,147
13.0762901306,80.2755966187,13719,13778,59
13.0759897232,80.2754364014,14583,14687,104
13.075799942,80.2756729126,14717,14765,48
13.0757398605,80.2758331299,15059,15182,123
13.0829296112,80.2820663452,24422,24537,115
13.0829296112,80.2820663452,24537,24595,58
13.0877504349,80.2835617065,24629,24778,149
13.0878601074,80.2833709717,24778,24922,144
13.0880498886,80.2835464478,24922,25026,104
13.0874700546,80.2813262939,25026,25084,58
13.0856704712,80.2802200317,25084,25117,33
13.0820503235,80.2768630981,25117,25267,150
13.0817403793,80.2757110596,25267,25422,155
13.0783004761,80.2755966187,25422,25525,103
13.0736598969,80.2764511108,25525,25583,58
13.0691404343,80.2720870972,25604,25738,134
13.0676202774,80.2706985474,25738,25769,31
13.0641002655,80.2673568726,25769,25856,87
13.0575799942,80.2613220215,25896,25980,84
13.0556001663,80.2553710938,26010,26068,58
13.044500351,80.2479705811,26078,26223,145
13.0357303619,80.2462768555,26253,26331,78
13.0310897827,80.2400131226,26361,26454,93
13.0291204453,80.236831665,26484,26542,58
13.0236597061,80.227897644,26566,26695,129
13.0231199265,80.2274475098,26695,26726,31
13.0194101334,80.2246017456,26726,26831,105
12.9232597351,80.1218490601,29634,29726,92
12.9233198166,80.1220626831,29726,29811,85
12.9233703613,80.1218719482,29811,29937,126
12.9233703613,80.1218566895,29937,30105,168
12.9233999252,80.1218566895,30105,30266,161
12.9996404648,80.2142562866,45647,45734,87
13.005279541,80.2126998901,45764,45851,87
13.0258598328,80.2306900024,46315,46430,115
13.0608100891,80.2613601685,47147,47240,93
13.0612297058,80.2619476318,47240,47271,31
12.9293603897,80.2027893066,66144,66178,34
12.926199913,80.1976394653,66178,66297,119
12.9210796356,80.1969985962,66327,66404,77
12.916970253,80.1940383911,66434,66521,87
12.9172201157,80.1912765503,66551,66609,58
12.9173202515,80.1902999878,66633,66762,129
12.9186000824,80.1753997803,66793,66897,104
12.9192304611,80.1727981567,66897,66928,31
12.919960022,80.1703796387,66928,66987,59
12.9210300446,80.1669769287,66987,67031,44
12.9230804443,80.1604309082,67060,67124,64
12.9233102798,80.1549835205,67124,67206,82
12.9225997925,80.150680542,67236,67341,105
12.9225101471,80.1482772827,67341,67372,31
12.9224796295,80.1466903687,67372,67426,54
12.922419548,80.1424407959,67426,67552,126
12.9234800339,80.155166626,69162,69193,31
12.9218597412,80.1648178101,69213,69316,103
12.9218597412,80.1648178101,69316,69374,58
12.9199399948,80.1825866699,69395,69530,135
12.9182500839,80.1886672974,69560,69665,105
12.9173603058,80.1945571899,69715,69819,104
12.9197998047,80.1965484619,69819,69877,58
12.9208202362,80.1968917847,69877,69911,34
12.9267101288,80.1976928711,69911,70030,119
12.9296197891,80.2028198242,70060,70153,93
12.938079834,80.2050704956,70204,70319,115
12.940779686,80.2059326172,70319,70377,58
12.951379776,80.211151123,70398,70533,135
12.9607601166,80.2148971558,70563,70639,76
12.9633102417,80.2159118652,70639,70670,31
12.9720497131,80.2193832397,70690,70806,116
12.975060463,80.2207336426,70806,70864,58
12.9756402969,80.2204208374,70864,70898,34
12.9812498093,80.2180786133,70898,71017,119
12.9221601486,80.1633377075,74691,74810,119
12.9229602814,80.1608810425,74810,74841,31
12.9227695465,80.1530380249,74841,74946,105
12.9225702286,80.1520767212,74946,74997,51
12.9224796295,80.1487197876,74997,75064,67
12.9223899841,80.1438522339,75094,75151,57
12.9228200912,80.1288375854,76002,76095,93
12.9225702286,80.1350784302,76125,76172,47
12.9224500656,80.143989563,76172,76319,147
12.9233503342,80.1547470093,76349,76442,93
12.9205198288,80.1688537598,76492,76595,103
12.9189395905,80.1744918823,76595,76653,58
12.9203701019,80.1838989258,76653,76756,103
12.9193696976,80.1873474121,76756,76820,64
12.9176101685,80.189491272,76820,76851,31
12.9174098969,80.1946411133,76851,76955,104
12.9191198349,80.1961669922,76955,76986,31
12.9249696732,80.197517395,76986,77073,87
12.9263601303,80.1975784302,77073,77104,31
12.9282398224,80.1995620728,77104,77157,53
12.93309021,80.2037582397,77157,77283,126
12.9400701523,80.205657959,77334,77438,104
12.946100235,80.2090606689,77467,77560,93
12.9534597397,80.2119674683,77590,77637,47
12.9671297073,80.2174301147,77637,77785,148
12.9749202728,80.2205200195,77815,77901,86
12.980389595,80.2182235718,77931,78024,93
12.9827404022,80.2177963257,78024,78055,31
12.9861297607,80.2179412842,78055,78112,57
12.9941596985,80.2175369263,78136,78265,129
12.9945297241,80.2172775269,78265,78296,31
12.9981002808,80.2155303955,78296,78400,104
12.9993000031,80.2144927979,78400,78431,31
13.0020704269,80.2122573853,78431,78494,63
13.0097198486,80.2150497437,78550,78660,110
13.0109500885,80.2172088623,78660,78692,32
13.0144796371,80.2237701416,78692,78784,92
13.0192604065,80.2243118286,78814,78870,56
13.0260400772,80.2314300537,78892,79027,135
13.0309000015,80.2393722534,79056,79149,93
13.0682697296,80.2695999146,80018,80104,86
13.0682201385,80.2714614868,80104,80135,31
13.073220253,80.2758865356,80135,80239,104
13.0753602982,80.2762680054,80239,80270,31
13.0753602982,80.2762680054,80270,80318,48
13.0819101334,80.2753219604,80328,80453,125
13.0818595886,80.2769699097,80453,80484,31
13.086230278,80.2835235596,80504,80607,103
13.0879602432,80.2815628052,80637,80743,106
13.082859993,80.2787704468,80773,80821,48
13.0806598663,80.2752838135,80821,80967,146
13.0762195587,80.2754974365,80997,81153,156
13.0761299133,80.2755203247,81153,81256,103
13.0759496689,80.2753219604,83113,83199,86
13.0761299133,80.2747573853,83199,83311,112
13.076210022,80.274848938,83311,83441,130
13.0759897232,80.2749633789,83470,83563,93
12.9867200851,80.2591323853,2465,2525,60
12.9865999222,80.2590332031,9712,9863,151
12.986700058,80.2590484619,18484,18555,71
12.9869003296,80.2590103149,19655,19696,41
12.9872398376,80.2591018677,19696,19766,70
13.029999733,80.2767410278,20713,20745,32
13.0881795883,80.2836608887,23114,23184,70
13.088809967,80.2901992798,23517,23558,41
12.9877700806,80.2557830811,25203,25282,79
12.7863397598,80.2217483521,29212,29252,40
12.9396896362,80.2355728149,31537,31577,40
12.9796600342,80.2525787354,32244,32284,40
12.9877996445,80.2554397583,32466,32526,60
13.0888395309,80.2902908325,34161,34202,41
13.0880002975,80.2839813232,34393,34444,51
12.997209549,80.2559585571,37233,37264,31
12.9567403793,80.2437820435,37952,37991,39
12.9015102386,80.2280502319,38715,38766,51
12.8398895264,80.2276687622,39523,39573,50
12.7872800827,80.2208023071,40259,40300,41
12.7862796783,80.2219161987,40411,40461,50
12.786239624,80.2221908569,40471,40663,192
12.7861995697,80.220413208,40996,41036,40
12.7864198685,80.2203826904,41046,41077,31
12.9006099701,80.2278518677,42630,42696,66
12.9797697067,80.2526016235,43882,43914,32
12.9878501892,80.2543487549,44056,44106,50
12.9876899719,80.2556533813,44137,44248,111
12.9872598648,80.2585906982,44308,44339,31
12.9870100021,80.2585372925,44349,44409,60
12.9867801666,80.2586975098,44409,44540,131
12.9868497849,80.2588577271,44783,44904,121
12.9868497849,80.2587509155,48880,48951,71
12.9866895676,80.2587509155,54543,54694,151
12.9867200851,80.2591171265,55300,55400,100
12.9875898361,80.2558364868,55491,55592,101
13.0066003799,80.251953125,56058,56109,51
13.0066204071,80.2479324341,56169,56230,61
13.037779808,80.1352996826,59518,59569,51
13.0368995667,80.1422424316,59669,59700,31
13.009180069,80.2113876343,61070,61141,71
12.9996700287,80.2563095093,62077,62108,31
12.9872102737,80.2595825195,62451,62511,60
12.9870004654,80.2590866089,63813,63844,31
12.9871902466,80.2590713501,63844,63904,60
12.9874696732,80.2578277588,64237,64358,121
12.9875402451,80.2576370239,64369,64429,60
12.9958000183,80.2558898926,64863,64914,51
12.9966001511,80.2558517456,64944,65025,81
13.0080499649,80.2132797241,65972,66023,51
13.0344495773,80.1561737061,67514,67625,111
13.0376195908,80.1351623535,68422,68493,71
13.0368003845,80.1421737671,68614,68654,40
13.0362300873,80.1487121582,68765,68806,41
13.0216798782,80.1824264526,69359,69414,55
13.0092496872,80.211151123,70001,70112,111
13.0065803528,80.2569732666,70971,71021,50
13.0014801025,80.2565307617,71132,71173,41
12.9910898209,80.2559814453,71395,71435,40
12.9872703552,80.2594528198,71655,71705,50
12.9874696732,80.2570724487,72311,72422,111
12.9875402451,80.256729126,72422,72563,141
12.9878902435,80.2557296753,72614,72664,50
12.9967403412,80.2557983398,72856,72917,61
12.9987001419,80.2559814453,72957,73018,61
13.006480217,80.2529525757,73290,73330,40
13.0064601898,80.2525787354,73330,73361,31
13.0065803528,80.2479476929,73452,73522,70
13.0081796646,80.2133178711,74148,74188,40
13.0346298218,80.1560134888,75358,75459,101
13.0378303528,80.1357574463,75722,75782,60
13.0368204117,80.1422119141,76216,76247,31
13.0356998444,80.154296875,76418,76459,41
13.0092897415,80.2111206055,77567,77617,50
13.0068502426,80.2401428223,78191,78241,50
12.9872598648,80.2592163086,79018,79059,41
13.0371904373,80.2123184204,35874,35905,31
13.0521697998,80.220123291,36228,36308,80
13.0821399689,80.278213501,38129,38169,40
13.0876903534,80.283821106,38401,38492,91
13.0876998901,80.283821106,38855,38916,61
13.0823202133,80.2786178589,39105,39156,51
13.0815200806,80.2752990723,39248,39288,40
13.0674295425,80.2549362183,39853,39894,41
13.0538597107,80.2274398804,41070,41102,32
13.0533504486,80.2245101929,41155,41195,40
13.0438499451,80.2175598145,41447,41506,59
13.0417003632,80.2160568237,41556,41587,31
13.0364599228,80.2012863159,42656,42692,36
13.034529686,80.2054367065,61676,61737,61
13.0440397263,80.2122192383,63371,63452,81
13.0832996368,80.198677063,65820,65871,51
13.0687303543,80.2055282593,66183,66333,150
13.0697402954,80.2049331665,66807,66868,61
13.0501699448,80.2122192383,67211,67251,40
13.0382604599,80.2125091553,67443,67481,38
13.0348596573,80.2123184204,67565,67609,44
13.0094900131,80.2111434937,68269,68330,61
12.9758996964,80.2203216553,69540,69719,179
12.9867296219,80.2516708374,70545,70595,50
12.9877595901,80.2545394897,70706,70888,182
12.9865503311,80.2591781616,72432,72523,91
12.9869203568,80.2591171265,72523,72583,60
12.9872598648,80.2590103149,72583,72634,51
12.9874095917,80.2574462891,72704,72835,131
12.9874401093,80.2570571899,72835,73017,182
12.9877796173,80.2519073486,73138,73219,81
12.9756498337,80.2211074829,73897,73947,50
12.9753599167,80.2208404541,73968,74028,60
12.9974498749,80.2161102295,74450,74500,50
13.043800354,80.2122268677,75374,75445,71
13.0679302216,80.2052764893,76655,76705,50
13.0688400269,80.2068481445,76857,76897,40
13.0495195389,80.2122268677,77230,77301,71
13.019109726,80.2063598633,77949,77980,31
13.009469986,80.2110900879,78260,78311,51
12.9973297119,80.2165222168,78894,78934,40
12.9877796173,80.2513580322,80113,80173,60
12.9877004623,80.2557067871,80224,80295,71
12.9872303009,80.2585296631,80375,80537,162
12.975859642,80.2212371826,81377,81408,31
13.007349968,80.2098083496,82122,82162,40
13.0186901093,80.205909729,82445,82485,40
13.0433301926,80.2122192383,82858,82908,50
13.0436096191,80.2121963501,82918,82969,51
13.0348300934,80.2056808472,84756,84847,91
13.0346403122,80.2057723999,84887,85058,171
12.8986902237,80.1803970337,14,55,41
12.898730278,80.1804122925,489,580,91
12.8987197876,80.1805419922,580,681,101
12.8985795975,80.1805877686,691,822,131
12.898639679,80.1804199219,822,973,151
12.8988704681,80.1805496216,984,1034,50
12.8986797333,80.1802978516,1347,1458,111
12.8986797333,80.1804428101,1458,1529,71
12.8986597061,80.1804428101,1559,1630,71
12.898639679,80.1803207397,1650,1700,50
12.898730278,80.1803512573,1700,1761,61
12.8986501694,80.1802597046,2165,2246,81
12.8986101151,80.1804428101,2256,2387,131
12.8986797333,80.1803970337,2407,2438,31
12.8985996246,80.1803665161,2710,2852,142
12.8986797333,80.1803207397,2852,2963,111
12.8987598419,80.180229187,2963,3064,101
12.8987798691,80.1802978516,3793,3833,40
12.898900032,80.1803436279,3833,3933,100
12.8987598419,80.1803131104,3933,4015,82
12.8986196518,80.1803817749,4035,4156,121
12.898639679,80.1804275513,4156,4217,61
12.8989896774,80.1804962158,4217,4388,171
12.8987197876,80.1805419922,4822,4903,81
12.8986501694,80.1802825928,4903,5095,192
12.8986701965,80.1801605225,5105,5176,71
12.8987197876,80.1801986694,5186,5236,50
12.8986101151,80.1802978516,5236,5287,51
12.8985795975,80.1803588867,5287,5369,82
12.8987598419,80.180519104,5369,5531,162
12.8986597061,80.1804275513,5541,5612,71
12.8986597061,80.1804962158,5612,5753,141
12.8985004425,80.1804275513,5774,5905,131
12.8986997604,80.1806793213,5905,6056,151
12.8987798691,80.1804885864,6056,6087,31
12.8986597061,80.1804580688,6087,6208,121
12.8988199234,80.1804504395,6238,6309,71
12.8989095688,80.1802368164,6309,6389,80
12.8988399506,80.1802978516,6389,6480,91
12.8988103867,80.1803665161,6955,7056,101
12.8989200592,80.180519104,7056,7127,71
12.8987398148,80.1803970337,7127,7318,191
12.8985500336,80.1801986694,7328,7379,51
12.8988704681,80.1804962158,7591,7712,121
12.8985795975,80.180519104,7712,7793,81
12.898639679,80.1803817749,7793,7874,81
12.8985996246,80.1803894043,8227,8288,61
12.8987798691,80.1804580688,8308,8379,71
12.8987102509,80.1801834106,9015,9085,70
12.8988895416,80.1806488037,9893,9933,40
12.898730278,80.1801681519,10883,11004,121
12.8988103867,80.1804122925,11317,11468,151
12.8988103867,80.1802902222,11842,12003,161
12.8988399506,80.1804275513,12003,12064,61
12.8988399506,80.1802902222,12074,12114,40
12.8988304138,80.1802597046,12124,12266,142
12.8989400864,80.1804885864,12266,12417,151
12.8988103867,80.1804122925,13145,13287,142
12.8988399506,80.1803817749,13983,14024,41
12.898730278,80.1805267334,14872,14953,81
12.8987398148,80.1804580688,15649,15760,111
12.8989095688,80.1801376343,15760,15892,132
12.8989095688,80.1802978516,16699,16760,61
12.8987798691,80.1804885864,17356,17457,101
12.8987798691,80.1803817749,17457,17497,40
12.8987197876,80.1802368164,17507,17588,81
12.8987102509,80.1804962158,17901,17982,81
12.898730278,80.1804580688,17982,18143,161
12.8986196518,80.1803817749,18143,18244,101
12.8987998962,80.1804504395,18244,18376,132
12.8988304138,80.1804504395,18376,18446,70
12.8987102509,80.180267334,18446,18517,71
12.8987598419,80.1803588867,18527,18638,111
12.898639679,80.1804504395,18648,18800,152
12.8988704681,80.1803283691,18810,18901,91
12.898730278,80.1803894043,18901,19032,131
12.8987197876,80.1803817749,19032,19082,50
12.8988599777,80.1804199219,19082,19113,31
12.8988399506,80.1804428101,19113,19264,151
12.8986997604,80.1803283691,19264,19365,101
12.898900032,80.1803665161,19577,19648,71
12.8987503052,80.1804733276,19648,19769,121
12.8987998962,80.1804199219,19769,19961,192
12.8987197876,80.1803817749,19961,20143,182
12.898730278,80.1805877686,20143,20183,40
12.8988199234,80.1803512573,21152,21203,51
12.8987998962,80.1803894043,21203,21314,111
12.8988103867,80.1804428101,21324,21364,40
12.8988800049,80.1803512573,21364,21395,31
12.8989801407,80.1803894043,21405,21516,111
12.8987102509,80.1804504395,21516,21647,131
12.8987798691,80.1802902222,22566,22697,131
12.8988304138,80.1803588867,22960,23040,80
12.8988704681,80.1803970337,23333,23404,71
12.8988895416,80.1803588867,24353,24494,141
12.898850441,80.1803894043,24706,24898,192
12.8988599777,80.1804122925,25464,25534,70
12.898850441,80.1803512573,25888,25938,50
12.8989400864,80.1802978516,26261,26383,122
12.8989095688,80.1804199219,27041,27142,101
12.8988399506,80.1803588867,27394,27485,91
12.898850441,80.1804275513,28273,28374,101
12.8988895416,80.1804733276,28434,28465,31
12.898900032,80.1803131104,28465,28525,60
12.8986597061,80.1802978516,28525,28596,71
12.8988103867,80.1804962158,28596,28636,40
12.8986597061,80.180519104,28687,28758,71
12.898730278,80.1803817749,28758,28808,50
12.898730278,80.1803436279,28838,28889,51
12.8986997604,80.1803436279,28889,28949,60
12.8988304138,80.1803970337,28959,28990,31
12.8989095688,80.180229187,28990,29111,121
12.8988800049,80.1804199219,29111,29172,61
12.8989601135,80.1804122925,29232,29273,41
12.8988399506,80.1805419922,29283,29343,60
12.8989400864,80.1803588867,29363,29394,31
12.8988103867,80.1803436279,29404,29575,171
12.8988895416,80.1805725098,29636,29707,71
12.8988704681,80.1804580688,29707,29798,91
12.8987598419,80.1803436279,29828,29888,60
12.8987703323,80.1803512573,29888,30050,162
12.8986902237,80.1804962158,30050,30181,131
12.8988304138,80.1805267334,30201,30313,112
12.8987398148,80.1804962158,30313,30363,50
12.8988103867,80.1803894043,30595,30676,81
12.8986797333,80.1804199219,31191,31302,111
12.8985300064,80.1802825928,31625,31676,51
12.8988304138,80.1804580688,31676,31857,181
12.898639679,80.1802368164,31857,31938,81
12.8987598419,80.1801605225,31948,32069,121
12.8986101151,80.1803512573,32069,32120,51
12.8987102509,80.1803817749,32594,32756,162
12.8987197876,80.1803588867,33523,33574,51
12.8988599777,80.1804122925,35050,35100,50
12.8989095688,80.1804428101,36029,36100,71
12.8990001678,80.1803817749,36100,36181,81
12.8986101151,80.180267334,36574,36706,132
12.8986597061,80.1803894043,36706,36776,70
12.898900032,80.180229187,37453,37534,81
12.8988599777,80.1803207397,37917,37988,71
12.8988304138,80.180267334,38200,38392,192
12.8987598419,80.1802520752,38392,38493,101
12.8985395432,80.1805267334,39008,39058,50
12.8987102509,80.1804504395,39058,39230,172
12.8986902237,80.1803283691,39230,39341,111
12.898730278,80.1806030273,39371,39492,121
12.8987102509,80.1804733276,39704,39816,112
12.8985595703,80.1804428101,40108,40209,101
12.8987798691,80.1803283691,40209,40250,41
12.8986997604,80.1802902222,40250,40290,40
12.8987798691,80.1803207397,40290,40330,40
12.8987197876,80.180519104,40330,40492,162
12.8988599777,80.1804428101,40492,40623,131
12.8987102509,80.1806030273,40623,40694,71
12.8987998962,80.1803512573,40694,40754,60
12.8989696503,80.1804580688,40754,40845,91
12.898639679,80.1804733276,40845,40906,61
12.8985395432,80.1804962158,40906,40997,91
12.8986196518,80.1806030273,40997,41138,141
12.8987197876,80.1804962158,41746,41847,101
12.8986997604,80.1803970337,41847,41908,61
12.8988199234,80.1804504395,41908,42039,131
12.8986597061,80.1805267334,42523,42614,91
12.8986196518,80.1805496216,43321,43371,50
12.8986501694,80.180480957,43371,43432,61
12.8985500336,80.1804580688,43432,43503,71
12.8985900879,80.1803665161,44654,44755,101
12.8985500336,80.1804199219,45855,45986,131
12.8985900879,80.1804122925,45986,46118,132
12.898639679,80.1803894043,46118,46208,90
12.898639679,80.1803283691,47117,47168,51
12.8987998962,80.1803207397,47561,47682,121
12.898730278,80.1802978516,47682,47763,81
12.8986196518,80.1803588867,47763,47844,81
12.8987598419,80.1804428101,47844,47965,121
12.8989400864,80.180519104,47985,48056,71
12.898639679,80.1803207397,48056,48187,131
12.8987998962,80.180480957,48187,48278,91
12.8987598419,80.1803207397,48784,48935,151
12.8988599777,80.1803207397,48935,48996,61
12.8987703323,80.1803817749,49652,49693,41
12.8987398148,80.1803970337,49693,49773,80
12.8986597061,80.1803436279,49783,49834,51
12.8985700607,80.1802978516,49874,49935,61
12.8987503052,80.1802978516,49945,50076,131
12.8987102509,80.1804580688,50086,50117,31
12.8987598419,80.1802978516,51005,51096,91
12.898850441,80.180519104,51348,51409,61
12.8987798691,80.1803817749,52489,52540,51
12.898639679,80.1804580688,52540,52620,80
12.898730278,80.1803436279,52620,52721,101
12.8986997604,80.1804428101,52721,52802,81
12.8987598419,80.1803665161,53973,54115,142
12.8986997604,80.1803588867,54115,54155,40
12.8988895416,80.1804504395,54518,54559,41
12.898730278,80.1804275513,54892,54963,71
12.8987598419,80.1804122925,54963,55134,171
12.8987998962,80.1804580688,55134,55225,91
12.898730278,80.1803817749,56903,56984,81
12.8988399506,80.1804580688,57307,57458,151
12.8988800049,80.1804122925,57458,57529,71
12.8988704681,80.1803283691,57529,57620,91
12.8988599777,80.180480957,57620,57701,81
12.8989095688,80.1803283691,57701,57802,101
12.898639679,80.1803207397,58508,58640,132
12.8987703323,80.1804580688,59155,59235,80
12.8988199234,80.1806564331,59235,59276,41
12.8987798691,80.1806030273,59581,59621,40
12.8988704681,80.180480957,60048,60189,141
12.898730278,80.1803970337,60219,60331,112
12.8986997604,80.1802902222,60381,60452,71
12.8986997604,80.1802597046,60452,60512,60
12.8987503052,80.1804733276,60523,60654,131
12.8987503052,80.1801681519,60654,60765,111
12.8987503052,80.180480957,60774,60896,122
12.8986797333,80.1804885864,60896,60957,61
12.8988599777,80.1804275513,60957,61108,151
12.8988800049,80.1803283691,61118,61199,81
12.8986301422,80.1802902222,61209,61320,111
12.8987503052,80.1803665161,61320,61381,61
12.8986501694,80.1804275513,61381,61421,40
12.8987598419,80.1806564331,61421,61502,81
12.8986501694,80.1804580688,61552,61603,51
12.8987903595,80.1805267334,62380,62461,81
12.898730278,80.1804504395,62461,62552,91
12.8987598419,80.1805801392,62855,63026,171
12.8987798691,80.1803512573,63572,63642,70
12.8986701965,80.1804962158,63642,63753,111
12.898730278,80.180557251,63753,63804,51
12.8988199234,80.180557251,64107,64228,121
12.8987998962,80.1804199219,64228,64299,71
12.8987798691,80.1804504395,64299,64430,131
12.8985595703,80.1803512573,64763,64824,61
12.8987503052,80.1806106567,64834,64935,101
12.8986997604,80.1804275513,64935,65116,181
12.8987197876,80.1802825928,65116,65278,162
12.8987903595,80.1803665161,65288,65338,50
12.8988599777,80.180557251,65338,65389,51
12.8988704681,80.1804428101,65389,65429,40
12.898850441,80.1802902222,65429,65470,41
12.8987998962,80.1804199219,66702,66783,81
12.8986701965,80.1806335449,67803,67894,91
12.8987903595,80.1802368164,68378,68520,142
12.8987903595,80.1804122925,68530,68712,182
12.8988304138,80.1802978516,68712,68843,131
12.8986797333,80.1803817749,69217,69369,152
12.898440361,80.1806030273,69874,69965,91
12.8988199234,80.1805725098,70197,70348,151
12.8987102509,80.180557251,70348,70439,91
12.8987998962,80.180770874,70470,70510,40
12.8986997604,80.1806030273,70510,70550,40
12.898730278,80.1802978516,70813,70873,60
12.8985996246,80.1803817749,70883,70964,81
12.8987102509,80.1804428101,70974,71116,142
12.8985996246,80.1804428101,71146,71186,40
12.898639679,80.1805267334,71186,71368,182
12.8987998962,80.1804428101,71368,71429,61
12.8986997604,80.1802520752,71439,71590,151
12.8986196518,80.1803970337,71590,71742,152
12.8988399506,80.1804580688,72135,72176,41
12.8987798691,80.1804580688,72196,72388,192
12.8988199234,80.1803894043,72388,72438,50
12.8986997604,80.1803512573,72761,72953,192
12.8987102509,80.180519104,72963,73034,71
12.8988704681,80.1804580688,73034,73216,182
12.8987503052,80.1805419922,73216,73327,111
12.8986301422,80.1803436279,73327,73428,101
12.8986797333,80.1804580688,73428,73478,50
12.8988103867,80.1807022095,73741,73885,144
12.8987798691,80.1805725098,73885,73986,101
12.8988199234,80.1804428101,73986,74037,51
12.8987998962,80.1804580688,74037,74117,80
12.8986196518,80.1804199219,74117,74188,71
12.898730278,80.1806030273,75703,75854,151
12.898850441,80.1803817749,75854,76006,152
12.8986301422,80.1804733276,76329,76369,40
12.898639679,80.1803817749,76369,76520,151
12.8986997604,80.1804962158,76520,76561,41
12.8987197876,80.1803665161,76561,76732,171
12.8987903595,80.1804733276,76732,76793,61
12.8986997604,80.1803817749,76793,76975,182
12.898730278,80.1806030273,76975,77035,60
12.8987197876,80.180480957,77035,77116,81
12.8984498978,80.1803283691,77644,77744,100
12.8984899521,80.1803512573,78068,78149,81
12.8987998962,80.1803817749,78401,78593,192
12.8988199234,80.1804428101,78856,78957,101
12.8986101151,80.1802062988,79199,79310,111
12.8987503052,80.1802368164,79310,79391,81
12.8987197876,80.1803817749,79724,79855,131
12.8986597061,80.1803512573,80441,80562,121
12.8986196518,80.1802825928,80562,80603,41
12.8987598419,80.1803588867,81006,81128,122
12.8988704681,80.1805496216,81128,81299,171
12.898639679,80.1803207397,81299,81380,81
12.8987598419,80.1804199219,81380,81511,131
12.898730278,80.1803283691,81511,81582,71
12.8987903595,80.1803512573,81582,81683,101
12.8986797333,80.180267334,81713,81744,31
12.8986597061,80.1802520752,81754,81824,70
12.8987398148,80.1802978516,82178,82319,141
12.8986301422,80.1805496216,82642,82733,91
12.8986701965,80.1803894043,82763,82945,182
12.8987598419,80.180557251,82945,83137,192
12.898850441,80.1801986694,83137,83309,172
12.8986797333,80.1803817749,83309,83450,141
12.898639679,80.180480957,83460,83511,51
12.8986301422,80.1804580688,83511,83551,40
12.8986997604,80.180519104,83773,83813,40
12.8986701965,80.1805496216,84258,84419,161
12.8988199234,80.1805877686,84429,84500,71
12.8987903595,80.1803436279,84500,84674,174
12.8987798691,80.1804580688,84674,84845,171
12.898900032,80.180519104,85108,85178,70
12.8985595703,80.1806182861,85178,85229,51
12.8988304138,80.1805496216,85229,85330,101
12.8988199234,80.1804885864,85340,85502,162
12.8988895416,80.1803512573,85502,85562,60
12.8987998962,80.1803665161,85572,85754,182
12.9945802689,80.2068405151,8343,8474,131
12.9388599396,80.1823577881,24253,24313,60
12.9615097046,80.1873168945,24788,24819,31
12.9945497513,80.2002410889,25566,25607,41
12.9558801651,80.186958313,28435,28466,31
12.9203500748,80.1836776733,29767,29838,71
12.9388399124,80.1823272705,30181,30232,51
12.9487695694,80.1851272583,30464,30505,41
12.9950799942,80.2024993896,31667,31827,160
12.994600296,80.2067489624,31917,31958,41
12.9397201538,80.1826324463,35522,35572,50
12.9209699631,80.1838378906,35906,35946,40
12.9488296509,80.1851196289,37371,37452,81
12.995010376,80.2067337036,38814,38874,60
12.9948596954,80.2004165649,39450,39491,41
12.949259758,80.1854400635,41073,41154,81
12.9209403992,80.1837997437,41740,41780,40
12.9202404022,80.1834564209,43073,43114,41
12.9314899445,80.1815490723,43356,43397,41
12.9388999939,80.1823806763,43548,43579,31
12.9487895966,80.1851425171,43801,43851,50
12.9561195374,80.1869430542,43993,44033,40
12.9654998779,80.1884231567,44245,44276,31
12.9683704376,80.1895980835,44357,44397,40
12.9810695648,80.1953964233,44791,44841,50
12.9941902161,80.2001495361,45165,45256,91
12.9949102402,80.2004394531,45276,45326,50
13.0239295959,80.2279586792,46266,46408,142
13.0243902206,80.2285003662,46438,46488,50
13.0140600204,80.2255401611,46942,47073,131
13.0083398819,80.2133865356,51087,51137,50
12.9947900772,80.2066116333,51498,51548,50
12.9492998123,80.1853790283,53101,53162,61
12.9387397766,80.1823272705,55506,55636,130
12.9945201874,80.2002182007,56899,56939,40
12.9558200836,80.186958313,60340,60374,34
12.9204702377,80.1840209961,61091,61131,40
12.9796695709,80.1946411133,63167,63258,91
12.9799499512,80.1948776245,63258,63329,71
12.9805803299,80.1952209473,63390,63430,40
12.9808502197,80.1953430176,63450,63541,91
12.9944200516,80.2002563477,63824,63865,41
12.9950504303,80.2025222778,63976,64016,40
12.9945602417,80.206703186,64238,64289,51
12.9944000244,80.2002868652,64491,64663,172
12.9816102982,80.1957168579,64996,65027,31
12.9207801819,80.1838912964,66378,66418,40
12.9385204315,80.1822814941,67190,67251,61
12.9813699722,80.1955566406,68501,68532,31
12.9945402145,80.2064208984,69084,69125,41
12.9944801331,80.2066421509,69175,69226,51
12.9946899414,80.2002563477,69398,69438,40
12.9942998886,80.2002182007,69458,69490,32
12.9775400162,80.1937637329,69854,69885,31
12.9748802185,80.1923294067,69945,70087,142
12.9732503891,80.1917266846,70158,70269,111
12.9728899002,80.1915817261,70279,70400,121
12.9725198746,80.1914367676,70410,70531,121
12.9721698761,80.1912994385,70531,70602,71
12.9718704224,80.1911468506,70612,70643,31
12.9668197632,80.1889190674,70855,70926,71
12.9487304688,80.1851119995,72947,72988,41
12.994600296,80.2002182007,74087,74158,71
12.9945602417,80.2066726685,74350,74401,51
13.0992002487,80.2416000366,10249,10431,182
13.0877399445,80.188331604,12933,13004,71
13.0639295578,80.1680297852,14097,14178,81
13.0750198364,80.2160263062,15668,15699,31
13.1028699875,80.2494277954,16475,16507,32
13.0751399994,80.2172775269,18714,18754,40
13.0988798141,80.2411804199,21618,21669,51
13.0197601318,80.2246932983,24626,24683,57
12.9968996048,80.2559814453,26965,27015,50
13.0066900253,80.2518310547,27246,27296,50
13.0155696869,80.2249908447,27761,27801,40
13.0343904495,80.2304077148,28175,28225,50
13.1005601883,80.2146377563,30091,30132,41
13.0571098328,80.2428131104,33936,33977,41
13.0352802277,80.2303237915,34512,34562,50
13.0069198608,80.2495422363,35410,35441,31
13.0066900253,80.2572631836,36047,36087,40
13.0065498352,80.2576599121,36158,36208,50
13.0343599319,80.2303771973,37295,37327,32
13.0655498505,80.2434997559,38122,38153,31
13.0688295364,80.2424316406,38223,38254,31
13.1000900269,80.2144622803,39352,39393,41
13.0992898941,80.214302063,41200,41250,50
13.0988998413,80.2142028809,41250,41291,41
13.0356702805,80.2304382324,43564,43675,111
13.0270004272,80.2329483032,43978,44019,41
13.0145301819,80.2262268066,44422,44453,31
13.0022802353,80.256729126,45142,45193,51
12.9956598282,80.2675476074,45546,45597,51
12.9999504089,80.2667236328,45653,45736,83
13.0003099442,80.2662277222,46301,46332,31
12.9967699051,80.256072998,46705,46745,40
13.0065803528,80.2518463135,47067,47129,62
13.0066099167,80.2478027344,47210,47250,40
13.0765399933,80.2381286621,49419,49459,40
13.075750351,80.2340927124,49550,49611,61
13.1002101898,80.2146530151,50992,51032,40
13.0527296066,80.241859436,52616,52666,50
13.0352096558,80.2303009033,53115,53158,43
13.0065202713,80.257522583,56308,56421,113
13.0065803528,80.2467498779,56643,56683,40
13.0342998505,80.2303771973,57530,57622,92
13.034620285,80.2304000854,57632,57673,41
13.0342903137,80.2373275757,57784,57844,60
13.0342702866,80.2375030518,57844,57895,51
13.0446596146,80.2405166626,58077,58137,60
13.075799942,80.2340393066,58840,58900,60
13.0352697372,80.2302932739,62960,63041,81
13.0269603729,80.233001709,63272,63343,71
13.0066404343,80.2569198608,64300,64331,31
12.9972000122,80.2559280396,64563,64603,40
12.9957304001,80.2671813965,64856,64936,80
12.9968395233,80.2561569214,66108,66209,101
13.0064401627,80.2526321411,66610,66661,51
13.0065498352,80.2478485107,66738,66800,62
13.0291700363,80.2307815552,67738,67789,51
13.0339298248,80.2304077148,67890,67930,40
13.0342197418,80.2304534912,67930,67961,31
13.0341396332,80.2369613647,68092,68142,50
13.0523004532,80.2407836914,68607,68647,40
13.0980195999,80.2146835327,70095,70147,52
13.1001596451,80.2144699097,70227,70258,31
13.1004400253,80.2145767212,70278,70328,50
13.047249794,80.2333374023,73366,73426,60
13.0352401733,80.2302398682,73637,73687,50
13.0066404343,80.2570877075,74806,74856,50
12.9993600845,80.2562332153,75028,75066,38
13.0002698898,80.2660675049,75579,75761,182
13.0065402985,80.251991272,77274,77334,60
13.0065898895,80.2406082153,77567,77607,40
13.0699501038,80.2419967651,79323,79354,31
12.9866695404,80.2592315674,6437,6498,61
12.9872903824,80.2591629028,18113,18153,40
13.0269002914,80.2329711914,22802,22842,40
12.9837598801,80.2177963257,25289,25320,31
13.0154399872,80.2248916626,26189,26229,40
13.027009964,80.2329406738,28108,28179,71
13.014550209,80.2261962891,28401,28432,31
12.9936304092,80.2102584839,29117,29177,60
12.9756498337,80.2208175659,29622,29784,162
12.9757204056,80.2208786011,30309,30491,182
13.0155496597,80.2250289917,31813,31853,40
13.0293598175,80.230796814,32207,32257,50
13.0347795486,80.2302703857,32378,32449,71
13.0349903107,80.2298278809,32469,32520,51
13.0342302322,80.2297821045,32843,32874,31
13.0147304535,80.2261276245,33388,33428,40
13.0084104538,80.2134475708,33701,33741,40
12.9757604599,80.2202911377,34701,34772,71
12.9758901596,80.221206665,35974,36005,31
12.9757003784,80.2210388184,36015,36065,50
13.0153198242,80.2248764038,37195,37235,40
13.0219898224,80.2261810303,37367,37407,40
13.0347499847,80.2297821045,37802,37852,50
13.0342197418,80.2299575806,37883,38024,141
13.0087404251,80.2137985229,38924,39004,80
12.9928998947,80.2129974365,39578,39609,31
12.9755401611,80.2209625244,41245,41346,101
13.0345001221,80.2303390503,42989,43151,162
13.0346698761,80.2298431396,43403,43575,172
13.0342903137,80.229850769,43585,43646,61
13.0230998993,80.2274780273,44017,44048,31
12.981300354,80.2395782471,45629,45660,31
12.9875602722,80.2513809204,45943,46073,130
12.987660408,80.2555923462,46124,46316,192
12.9869003296,80.2585830688,46417,46589,172
12.9866104126,80.2590103149,49753,49793,40
12.9867296219,80.2590866089,49793,49894,101
12.9868001938,80.2590789795,50319,50470,151
12.9875097275,80.2563400269,50541,50602,61
12.9799804688,80.2527236938,50794,50854,60
12.9815702438,80.2334289551,51197,51277,80
12.9983196259,80.2076187134,52215,52276,61
13.0006198883,80.2078475952,52336,52377,41
13.0346899033,80.2303085327,53246,53326,80
13.0342502594,80.2300567627,53983,54034,51
13.0084199905,80.2134475708,54902,54983,81
13.0079498291,80.2131881714,55003,55034,31
12.9757204056,80.2202606201,55863,55954,91
12.998169899,80.2085037231,57134,57175,41
13.0154399872,80.2248764038,57639,57670,31
13.0334796906,80.2304916382,58054,58124,70
13.0347499847,80.2302703857,58165,58215,50
13.0348396301,80.2298431396,58246,58292,46
13.034239769,80.2301177979,58547,58587,40
12.9757604599,80.2210083008,60323,60464,141
12.9760503769,80.2212982178,60606,60646,40
12.975520134,80.2209777832,60666,60767,101
13.0075302124,80.2128372192,61745,61776,31
13.0341796875,80.2304382324,62443,62483,40
13.0347299576,80.2297973633,62544,62736,192
13.0343503952,80.2297973633,62736,62928,192
13.0269804001,80.2329788208,63392,63463,71
13.0082101822,80.2133331299,64017,64066,49
12.9953203201,80.2102432251,64500,64611,111
13.0077400208,80.2129669189,67370,67411,41
13.0346097946,80.2302627563,68239,68318,79
13.0343799591,80.2297134399,68358,68398,40
13.034239769,80.2297210693,68398,68530,132
13.0341796875,80.2301025391,68540,68611,71
13.0267601013,80.2329483032,68829,68872,43
13.0083799362,80.213432312,69539,69589,50
13.0080795288,80.2132797241,69589,69626,37
12.9760198593,80.2201385498,70692,70833,141
12.9756803513,80.2202835083,70833,70904,71
12.9754800797,80.2208786011,71389,71468,79
12.9935703278,80.2101211548,72042,72073,31
12.9988899231,80.2074508667,72315,72346,31
13.0077600479,80.2129592896,72525,72556,31
13.0348997116,80.2300796509,73180,73221,41
13.034330368,80.2296981812,73261,73392,131
13.0341997147,80.2300491333,73392,73443,51
13.0334596634,80.230430603,73483,73514,31
12.9758901596,80.2202987671,75148,75247,99
12.9757604599,80.2210464478,75277,75317,40
12.9872398376,80.2595596313,76210,76251,41
12.9972200394,80.1918029785,8420,8572,152
12.9970397949,80.1919403076,8572,8673,101
12.9971599579,80.1918563843,8673,8733,60
12.9970998764,80.19165802,15137,15197,60
12.9969501495,80.1914520264,19306,19377,71
12.9963302612,80.1912384033,19447,19558,111
12.9234399796,80.1546096802,25230,25271,41
13.0096502304,80.2133789063,27380,27445,65
13.0347204208,80.2300720215,28225,28305,80
13.0346899033,80.229927063,28305,28366,61
13.0343198776,80.229888916,29456,29598,142
12.9598197937,80.1871337891,31635,31681,46
12.949259758,80.1854095459,31784,31825,41
12.920800209,80.1838912964,32270,32320,50
12.9234399796,80.1169662476,33279,33320,41
13.008890152,80.2105407715,37392,37430,38
13.0147199631,80.2240600586,37695,37736,41
13.0153999329,80.2248916626,37796,37827,31
13.0186395645,80.2244720459,37919,37989,70
13.0220003128,80.2261962891,38009,38060,51
13.0292100906,80.2307891846,38211,38252,41
13.034620285,80.2303085327,38373,38433,60
13.0347204208,80.229888916,38484,38595,111
13.0343198776,80.2298583984,38948,39019,71
13.0341396332,80.2302474976,39493,39544,51
13.0231103897,80.2274703979,39847,39887,40
12.9493398666,80.1854476929,41957,42008,51
12.9209299088,80.1838378906,42470,42510,40
12.9207401276,80.1839599609,42510,42561,51
12.9227399826,80.1522369385,42943,42984,41
12.9224395752,80.1436386108,43123,43173,50
12.9232301712,80.1206207275,43486,43517,31
12.9234399796,80.1170196533,43577,43618,41
12.9224700928,80.1428909302,44465,44506,41
12.9388599396,80.1823883057,45335,45366,31
12.9488296509,80.1851501465,45537,45568,31
13.0093202591,80.2109222412,46960,46991,31
13.0195302963,80.2243728638,47302,47342,40
13.0142202377,80.2255630493,49496,49536,40
13.0229597092,80.2273406982,50079,50199,120
13.0226898193,80.2272415161,50199,50259,60
13.0148000717,80.2261123657,50400,50459,59
13.0083799362,80.213432312,50753,50813,60
12.9560403824,80.1869125366,52235,52286,51
12.9493303299,80.1854171753,52375,52455,80
12.939499855,80.1825866699,52617,52667,50
12.9203796387,80.1840286255,52920,52990,70
12.9226398468,80.1521224976,53404,53475,71
12.9223804474,80.1431884766,53606,53657,51
12.9236001968,80.116859436,54080,54111,31
12.9233198166,80.1205978394,54181,54282,101
12.9232797623,80.1217575073,54313,54484,171
12.9224500656,80.142616272,54726,54757,31
12.9388399124,80.1822891235,55512,55552,40
12.995880127,80.189491272,56652,56688,36
13.0347995758,80.2299804688,57731,57812,81
13.0341796875,80.2301330566,59104,59144,40
13.0230302811,80.2274169922,59497,59548,51
12.9559803009,80.1869812012,61411,61450,39
12.9494104385,80.1854400635,61541,61581,40
12.9231595993,80.1209106445,62869,62909,40
12.9224300385,80.1421127319,64234,64274,40
12.9384202957,80.1822891235,65128,65197,69
12.9488697052,80.1852035522,65399,65459,60
13.0092496872,80.2108764648,67097,67137,40
13.0290699005,80.2308197021,67741,67789,48
13.0349597931,80.2301712036,67981,68041,60
13.0342798233,80.2297286987,68072,68142,70
13.0313396454,80.2306213379,69242,69282,40
13.0085201263,80.2135391235,70166,70197,31
12.982219696,80.1971282959,71054,71095,41
12.9756803513,80.1927337646,71347,71438,91
12.9747200012,80.1922912598,71489,71539,50
12.9743900299,80.1921081543,71539,71630,91
12.9730997086,80.1916503906,71721,71761,40
12.9711704254,80.1908493042,71862,71893,31
12.9233903885,80.1170578003,74068,74159,91
12.9488401413,80.1851730347,76380,76461,81
12.9680404663,80.1894378662,76874,76915,41
13.0037403107,80.2008209229,77776,77816,40
13.0092000961,80.2108764648,77998,78038,40
13.0243396759,80.2284164429,78432,78491,59
12.9973897934,80.1912307739,80560,80752,192
12.9883499146,80.2233581543,30149,30190,41
12.9865598679,80.2385025024,30503,30625,122
12.9883403778,80.2233428955,31756,31796,40
13.005979538,80.2423019409,32261,32301,40
12.9885196686,80.2233428955,36180,36220,40
13.0056695938,80.2423019409,36726,36777,51
12.9991903305,80.2393493652,40734,40785,51
12.9883298874,80.2233734131,41176,41209,33
12.9919300079,80.2338027954,44657,44698,41
12.9864797592,80.2352828979,45193,45224,31
12.9865703583,80.2384719849,52002,52043,41
12.991809845,80.2337265015,54131,54172,41
13.0059204102,80.2423095703,56875,56915,40
12.9883298874,80.2233963013,63423,63463,40
12.9917802811,80.2337036133,63644,63675,31
13.0059204102,80.2423324585,63928,63978,50
12.9883203506,80.2233200073,67027,67058,31
12.9917602539,80.2336578369,67240,67281,41
13.0058803558,80.2423171997,67573,67614,41
12.9917402267,80.2337112427,68745,68785,40
13.0058498383,80.2423019409,71106,71157,51
12.9883003235,80.2233276367,72649,72680,31
12.9864301682,80.2351608276,72921,72952,31
12.9882898331,80.2233428955,77839,77911,72
13.0263595581,80.263343811,1334,1374,40
13.0262002945,80.2663497925,1455,1617,162
13.0265598297,80.2662124634,1627,1779,152
13.0263500214,80.2652511597,1840,1920,80
13.0263795853,80.2650985718,4503,4583,80
13.0264797211,80.2650375366,5007,5169,162
13.0265197754,80.2650222778,5169,5361,192
13.0265302658,80.2649765015,9838,9899,61
13.0263595581,80.2651367188,9909,10000,91
13.0264196396,80.2651519775,10000,10040,40
13.0266399384,80.2651519775,10565,10646,81
13.0264797211,80.2651596069,10646,10817,171
13.0266199112,80.2650299072,10817,10928,111
13.0265302658,80.2650375366,16463,16655,192
13.0263595581,80.2650222778,18613,18714,101
13.0263996124,80.2650375366,19229,19320,91
13.0263395309,80.2649993896,20289,20390,101
13.026309967,80.2651062012,20693,20733,40
13.007109642,80.2403488159,23402,23442,40
12.9344501495,80.1254501343,26448,26488,40
13.00922966,80.2113571167,28051,28101,50
13.0083198547,80.2334136963,28384,28420,36
13.0444803238,80.2667770386,29634,29673,39
13.0639600754,80.2834396362,30058,30099,41
13.0888395309,80.2901763916,30363,30413,50
13.0868997574,80.2839736938,30585,30686,101
13.0433397293,80.274597168,32604,32644,40
13.0270204544,80.2568130493,33218,33268,50
13.0295600891,80.2459869385,33481,33552,71
13.0069599152,80.2403106689,33843,33913,70
13.0082702637,80.2133407593,34234,34345,111
12.9688100815,80.1497192383,37785,37825,40
13.0094203949,80.2110214233,38794,38834,40
13.0091400146,80.2114028931,38844,38925,81
13.0075302124,80.240196228,39460,39501,41
13.0344696045,80.2679824829,40409,40530,121
13.0444297791,80.2668075562,40824,40864,40
13.0888395309,80.2902374268,41569,41609,40
13.0867500305,80.2838592529,41801,41872,71
13.0878095627,80.2839279175,42800,42881,81
13.0375099182,80.2676620483,43979,44030,51
13.0370502472,80.2676010132,44050,44121,71
13.0341596603,80.2679367065,44161,44201,40
13.0285902023,80.2501220703,44642,44674,32
13.0294399261,80.2462387085,44775,44815,40
12.9938602448,80.185546875,46053,46084,31
12.9379796982,80.1288833618,46920,46970,50
13.0091295242,80.2113571167,49315,49355,40
13.017999649,80.2410430908,49850,49888,38
13.0294399261,80.2456283569,49999,50080,81
13.0270595551,80.2560882568,50249,50300,51
13.026309967,80.2663879395,50581,50661,80
13.0260696411,80.2662811279,51842,52024,182
13.0066404343,80.2577590942,52428,52468,40
13.0065402985,80.2575531006,52468,52519,51
13.0066099167,80.2480621338,52670,52720,50
13.0066404343,80.2405319214,52811,52842,31
13.0348796844,80.2301864624,53590,53752,162
13.0350999832,80.2298736572,53752,53893,141
13.0350103378,80.2297210693,53893,53944,51
13.0346002579,80.2297592163,53954,54024,70
13.034239769,80.2300186157,54045,54115,70
13.0269298553,80.2329711914,54297,54343,46
13.0332403183,80.2677612305,55726,55757,31
13.0343799591,80.2680435181,55807,55847,40
13.0332298279,80.2678222656,55878,55938,60
13.006649971,80.2520370483,56685,56756,71
13.0338897705,80.2304916382,57795,57877,82
13.0298204422,80.2308807373,58370,58461,91
13.0258598328,80.2310180664,58612,58663,51
13.0069599152,80.2401123047,59155,59206,51
13.0068397522,80.2513580322,59407,59448,41
13.0228700638,80.2637634277,59830,59861,31
13.0333595276,80.2677993774,60122,60153,31
13.0265903473,80.2660598755,62142,62233,91
13.0065803528,80.2577209473,62808,62859,51
13.0065803528,80.2521591187,63002,63042,40
13.0066404343,80.2481994629,63123,63194,71
13.0066900253,80.2403335571,63365,63396,31
13.0219402313,80.2261428833,63890,63921,31
13.0345401764,80.2303619385,64312,64413,101
13.0348596573,80.2300262451,64444,64514,70
13.033659935,80.2304382324,65322,65362,40
13.0298595428,80.2308120728,65483,65524,41
13.0240097046,80.2283325195,65735,65776,41
13.01445961,80.2261962891,66059,66095,36
13.0088796616,80.2299575806,66210,66250,40
13.0332803726,80.2677383423,67551,67621,70
13.0344696045,80.2681503296,67702,67773,71
13.0263204575,80.2659378052,68509,68581,72
13.0065202713,80.2576217651,69066,69217,151
13.0064096451,80.2525634766,69338,69389,51
13.0345897675,80.2302780151,70616,70748,132
13.0346603394,80.2300262451,70778,70950,172
13.0067501068,80.251411438,72359,72398,39
13.0333204269,80.2677307129,73175,73216,41
13.0334196091,80.2678222656,73337,73398,61
13.0066204071,80.2519683838,74831,74902,71
13.0294704437,80.2307662964,75769,75802,33
13.0341596603,80.2304077148,76864,76955,91
13.0268096924,80.2329864502,77187,77258,71
13.0066795349,80.2571792603,78097,78137,40
13.0264396667,80.2640914917,78561,78601,40
13.0333204269,80.2677536011,78803,78834,31
13.0264196396,80.2663726807,83546,83677,131
13.0509004593,80.2060317993,1145,1296,151
13.0510597229,80.2060012817,1569,1659,90
13.0509996414,80.2059707642,8985,9086,101
13.0510597229,80.2060317993,9096,9177,81
13.0510101318,80.2059936523,9187,9238,51
13.0510101318,80.2062072754,10015,10156,141
13.0510997772,80.2060012817,16395,16466,71
13.0511598587,80.2060165405,17253,17324,71
13.0510396957,80.2060012817,17324,17405,81
13.0509595871,80.2060470581,17405,17546,141
13.0509796143,80.2059783936,19261,19342,81
13.0510196686,80.2059707642,19786,19978,192
13.0497703552,80.2068405151,20099,20200,101
13.0698204041,80.2049102783,21398,21448,50
13.0628995895,80.2117385864,21602,21653,51
12.9871501923,80.2182922363,23288,23328,40
12.987660408,80.2513809204,24095,24126,31
12.9877595901,80.2555007935,24186,24226,40
12.9873304367,80.2593383789,24287,24327,40
12.986869812,80.2590789795,25135,25175,40
12.9756202698,80.2209091187,25920,26010,90
13.0690698624,80.2051925659,27662,27713,51
13.0690202713,80.2053070068,27713,27874,161
13.0680103302,80.2051467896,28339,28409,70
13.0680999756,80.2049789429,28419,28500,81
13.0503702164,80.2121429443,28863,28894,31
13.0093097687,80.2111206055,29749,29790,41
12.9757499695,80.2203292847,30627,30676,49
12.9868202209,80.2590637207,33450,33571,121
12.9875802994,80.2561035156,33712,33752,40
12.9799900055,80.252746582,33964,33995,31
12.9758195877,80.2211227417,34640,34671,31
13.0301799774,80.2089691162,35758,35789,31
13.0371198654,80.2122802734,35990,36021,31
13.0442399979,80.2122192383,36100,36202,102
13.0679197311,80.2051086426,37744,37875,131
12.9877195358,80.2552108765,41042,41132,90
12.9872198105,80.2594985962,41213,41263,50
12.9879398346,80.2520599365,42625,42726,101
12.9799404144,80.2527084351,42826,42857,31
12.9756698608,80.2211303711,43492,43583,91
13.0025196075,80.2121124268,44148,44195,47
13.044090271,80.2123031616,45062,45149,87
13.0687503815,80.2052536011,45615,45716,101
13.0641298294,80.2116317749,46947,46987,40
13.044500351,80.2123413086,47300,47371,71
13.0377502441,80.2123565674,47451,47492,41
13.0094804764,80.2110977173,48135,48166,31
12.9755601883,80.2204208374,49177,49217,40
12.9762897491,80.2217025757,49247,49278,31
12.9875297546,80.2513427734,49843,49943,100
12.9877099991,80.2553024292,50004,50055,51
12.9869403839,80.2595672607,50387,50428,41
12.9869098663,80.2590789795,52859,52960,101
12.9875202179,80.2561264038,53071,53142,71
13.0439996719,80.2122497559,55437,55506,69
13.0686702728,80.2051773071,55971,56029,58
13.0444498062,80.2124404907,58110,58170,60
13.0376195908,80.2124023438,58251,58322,71
13.0099601746,80.2114562988,58935,59006,71
12.9763202667,80.2217102051,60084,60125,41
12.9872198105,80.2595596313,60920,60980,60
12.9867801666,80.2595062256,60990,61031,41
12.987039566,80.2590484619,61424,61535,111
12.9800395966,80.252746582,61800,61850,50
13.0439596176,80.2122192383,64118,64199,81
13.0687398911,80.205291748,64770,64834,64
13.0682601929,80.2049179077,66653,66754,101
13.0696401596,80.204788208,66814,66865,51
13.0501403809,80.212097168,67178,67256,78
13.0379695892,80.2124099731,67428,67479,51
13.0248003006,80.2069396973,67776,67827,51
13.0100698471,80.2114334106,68142,68183,41
13.0097398758,80.2111816406,68193,68243,50
12.9759502411,80.2201919556,69351,69492,141
12.9862003326,80.2516021729,70146,70187,41
12.9877099991,80.2545700073,70277,70388,111
12.9872903824,80.2588577271,70509,70550,41
12.9871702194,80.2593536377,70560,70610,50
12.9868202209,80.2590026855,70671,70812,141
12.9874200821,80.2574996948,70893,70953,60
12.9874401093,80.257270813,70964,71153,189
12.9755802155,80.2209320068,72122,72162,40
12.9753904343,80.2207565308,72182,72223,41
13.0685100555,80.2051315308,74337,74377,40
13.0698003769,80.2049102783,75628,75669,41
13.0503902435,80.2069015503,76601,76765,164
13.0507497787,80.2070236206,76815,76936,121
13.0506401062,80.2071533203,76936,77017,81
12.9270496368,80.1180496216,906,1057,151
12.9270296097,80.1181564331,1068,1158,90
12.9978399277,80.2563781738,7926,8107,181
12.9977703094,80.2565231323,16272,16403,131
12.9977397919,80.2564620972,17816,17887,71
12.9977703094,80.256187439,22094,22135,41
12.9986200333,80.2559967041,22165,22316,151
13.0139198303,80.2232208252,22982,23013,31
13.0493602753,80.2069473267,24938,25070,132
13.0493001938,80.20728302,25474,25524,50
13.0494499207,80.20728302,26473,26553,80
13.044549942,80.2123794556,26814,26883,69
13.0392198563,80.1968917847,27238,27279,41
13.0067596436,80.2573776245,29462,29543,81
13.0003404617,80.2656936646,29956,29996,40
13.0002403259,80.2661819458,30986,31157,171
13.0066204071,80.2518920898,32590,32641,51
13.0066099167,80.2477035522,32701,32760,59
13.0153598785,80.224899292,33225,33265,40
13.0492401123,80.2069396973,35448,35519,71
13.0492801666,80.207359314,36478,36589,111
13.049200058,80.2073822021,36589,36649,60
13.0496501923,80.2121887207,36730,36800,70
13.0268802643,80.2329788208,38681,38731,50
13.0149002075,80.2260284424,39034,39075,41
13.006939888,80.2400283813,39337,39417,80
13.0066995621,80.2572784424,39720,39789,69
13.0020904541,80.2566604614,39920,39960,40
12.9975795746,80.2568511963,40091,40159,68
12.9975204468,80.2566833496,40159,40210,51
12.9976196289,80.2560424805,40231,40281,50
12.9968004227,80.2567901611,42328,42409,81
12.9987096786,80.2560119629,42489,42550,61
13.0066003799,80.2521820068,42792,42853,61
13.0066604614,80.2480621338,42913,42964,51
13.0151796341,80.224822998,43428,43549,121
13.0155200958,80.2249984741,43549,43680,131
13.0496196747,80.2121887207,46568,46599,31
13.0367603302,80.1985626221,47291,47341,50
13.0081596375,80.2337036133,49099,49130,31
13.0066795349,80.2572021484,49562,49642,80
12.9961500168,80.2676773071,50013,50044,31
12.9968595505,80.2561264038,51053,51103,50
13.0066299438,80.2480392456,51493,51534,41
13.0497303009,80.2116394043,55682,55753,71
13.0446100235,80.2123794556,55874,55924,50
13.0068998337,80.2401275635,58295,58336,41
13.0066795349,80.2571334839,58648,58729,81
13.0015096664,80.2565765381,58820,58858,38
12.9971504211,80.2559585571,58919,58959,40
12.9961395264,80.2677764893,59191,59227,36
13.0003404617,80.2665405273,60057,60228,171
12.9968795776,80.256111145,60551,60622,71
13.0066204071,80.2410888672,61188,61256,68
13.0292797089,80.2308197021,61852,61902,50
13.0469503403,80.2121505737,63585,63641,56
13.0306596756,80.2304992676,67181,67231,50
13.0267601013,80.2329711914,67352,67423,71
13.0065498352,80.256362915,68246,68297,51
13.0015802383,80.2565307617,68428,68488,60
12.9971103668,80.2558822632,68569,68609,40
12.9957399368,80.2665863037,68809,68910,101
12.9956197739,80.2672805786,70385,70426,41
12.9958696365,80.2649688721,70486,70627,141
13.0006504059,80.2563400269,70968,70999,31
13.0064001083,80.2574386597,71140,71180,40
13.0065603256,80.2475814819,71352,71412,60
13.0292196274,80.2307510376,72230,72280,50
13.0301103592,80.2091598511,72973,73014,41
13.0493497849,80.207321167,76142,76304,162
13.0445899963,80.2124481201,76554,76615,61
13.02684021,80.2329025269,78524,78595,71
12.9979400635,80.2559432983,80177,80248,71
12.9977798462,80.2565078735,80268,80308,40
13.0992002487,80.2406234741,1912,2094,182
13.0989999771,80.2403869629,2104,2296,192
13.0992898941,80.2406997681,17825,17916,91
12.9969501495,80.2559814453,23270,23311,41
13.0155200958,80.2250289917,24029,24069,40
13.100060463,80.2154693604,26096,26147,51
13.0269002914,80.233001709,29560,29620,60
13.0001497269,80.2665405273,30815,30846,31
13.0003004074,80.2661819458,30896,31027,131
12.9969396591,80.2559967041,32377,32439,62
12.9969997406,80.255821228,32439,32479,40
13.0066795349,80.2477035522,32853,32903,50
13.0155801773,80.2250900269,33368,33409,41
13.0290603638,80.2308578491,33708,33760,52
13.034330368,80.2304077148,33851,33921,70
13.0346002579,80.2303924561,33932,33972,40
13.0342197418,80.2371826172,34083,34174,91
13.0656099319,80.2435302734,34768,34800,32
13.0983695984,80.2141723633,35837,35878,41
13.1004295349,80.2145614624,35928,35979,51
13.0999698639,80.2156600952,36039,36201,162
13.0268297195,80.232963562,40137,40178,41
13.0066204071,80.2520828247,41617,41678,61
13.0066604614,80.247833252,41748,41789,41
13.0293397903,80.2307891846,42583,42623,40
13.0343103409,80.2304077148,42805,42876,71
13.0442800522,80.2407531738,43168,43209,41
13.0766296387,80.2383499146,43832,43863,31
13.0757904053,80.2340927124,43964,44014,50
13.0473098755,80.2335891724,49196,49228,32
13.035369873,80.2303085327,49451,49552,101
13.0068798065,80.2400665283,50378,50418,40
13.0066699982,80.2572021484,50711,50801,90
13.0002698898,80.2662277222,52110,52191,81
12.9956598282,80.2673492432,52292,52323,31
12.9992103577,80.256111145,52656,52696,40
13.0066604614,80.2519989014,52928,52979,51
13.0066604614,80.2477035522,53049,53100,51
13.0339298248,80.2304763794,54107,54167,60
13.0341701508,80.2369613647,54329,54379,50
13.0445098877,80.2405776978,54602,54642,40
13.0522499084,80.2408218384,54834,54870,36
13.0758495331,80.2340393066,55469,55519,50
13.0837202072,80.2338790894,58383,58414,31
13.0353002548,80.2302703857,59978,60049,71
13.02684021,80.2329788208,60281,60342,61
13.0068998337,80.2400817871,60824,60864,40
13.0067195892,80.2518463135,62972,63033,61
13.0066795349,80.2475128174,63083,63184,101
13.0293703079,80.2308731079,63987,64028,41
13.0339698792,80.2304916382,64109,64199,90
13.034239769,80.2373580933,64381,64450,69
13.0655498505,80.2436294556,65088,65138,50
13.0983104706,80.2144012451,66058,66108,50
13.082449913,80.2337188721,67277,67310,33
13.0536899567,80.2422637939,68562,68593,31
13.0527801514,80.2418670654,68613,68653,40
13.0353899002,80.2304229736,69146,69283,137
13.0335197449,80.2305221558,69346,69396,50
13.0309801102,80.23072052,69436,69497,61
13.0296201706,80.2308883667,69545,69586,41
13.0065603256,80.2571334839,70626,70696,70
13.0014200211,80.2566375732,70807,70868,61
12.9967498779,80.2570495605,71019,71050,31
12.9956798553,80.2671127319,71262,71312,50
13.0001802444,80.2664489746,71473,71544,71
12.996509552,80.2677764893,71655,71746,91
12.9968004227,80.256477356,72019,72069,50
13.0064601898,80.2532424927,72422,72463,41
13.0065498352,80.2520217896,72503,72564,61
13.0336198807,80.2305221558,73553,73604,51
13.0340995789,80.2372512817,73814,73885,71
13.0984296799,80.2141113281,75694,75765,71
13.100399971,80.2146911621,75835,75876,41
13.0986795425,80.240852356,82804,82945,141
13.0986700058,80.2401504517,82975,83016,41
13.0081701279,80.2133178711,22293,22343,50
12.9225702286,80.1436462402,25684,25735,51
12.9171495438,80.1931228638,26309,26350,41
13.0349597931,80.230178833,28354,28385,31
13.0346002579,80.2299118042,28858,28939,81
13.0266599655,80.2330474854,30914,30945,31
13.0146598816,80.2261581421,31197,31237,40
13.0082702637,80.2133789063,31519,31559,40
13.0080900192,80.2132797241,31559,31600,41
12.9224004745,80.1432571411,33873,33910,37
13.0139598846,80.2233886719,38338,38378,40
13.0153398514,80.2248916626,38458,38499,41
13.034819603,80.2299804688,40147,40228,81
13.0350999832,80.2298583984,40278,40399,121
13.0343799591,80.2297515869,40440,40530,90
13.0342302322,80.2300567627,40530,40591,61
13.0082597733,80.2133712769,41372,41442,70
13.0078001022,80.2130279541,47468,47509,41
13.0338497162,80.2304382324,48111,48162,51
13.0270004272,80.232963562,48414,48454,40
13.0140895844,80.2255706787,48746,48877,131
13.0144796371,80.2256164551,49723,49763,40
13.0143899918,80.2256088257,49763,49874,111
13.0145101547,80.2257614136,49874,50065,191
13.0334300995,80.2305221558,50630,50700,70
13.0338802338,80.2304992676,50710,50761,51
13.0348997116,80.2298583984,50841,50942,101
13.0343198776,80.2297592163,51234,51335,101
13.034239769,80.2301330566,51345,51456,111
13.0230398178,80.2274017334,51758,51799,41
12.9171199799,80.1931304932,57155,57195,40
12.9750995636,80.2205963135,58242,58339,97
13.0077896118,80.2130203247,59034,59084,50
13.0338201523,80.2304763794,59690,59740,50
13.0348396301,80.2299804688,59801,59851,50
13.0341796875,80.2301177979,60980,61030,50
13.02684021,80.2329330444,61240,61301,61
13.026140213,80.2320327759,61333,61375,42
13.0233201981,80.2275924683,61446,61496,50
13.0087404251,80.2137985229,61935,62006,71
13.0084199905,80.2134628296,62016,62057,41
13.008020401,80.2132568359,62067,62098,31
12.9301204681,80.2028427124,63531,63577,46
12.9224100113,80.1431121826,64595,64655,60
12.9223203659,80.1414794922,64685,64726,41
12.9228801727,80.1257476807,64925,64956,31
12.923119545,80.1256484985,66094,66125,31
12.9748802185,80.2205886841,68268,68309,41
12.9959001541,80.2166595459,68933,68974,41
13.0345401764,80.2304000854,70101,70142,41
13.0341396332,80.2302322388,70687,70858,171
13.027009964,80.2329788208,71068,71149,81
13.0230398178,80.2274398804,71259,71300,41
13.008480072,80.2136001587,71751,71822,71
12.9226303101,80.1519393921,74277,74317,40
12.9223899841,80.1433181763,74458,74529,71
12.9233798981,80.1169891357,74941,74981,40
13.0342197418,80.2304229736,78994,79035,41
13.0348501205,80.230178833,79055,79115,60
13.0144300461,80.2253265381,80083,80133,50
13.068110466,80.2052307129,39594,39634,40
13.0681400299,80.2051391602,39644,39725,81
13.0680704117,80.2051773071,39735,39806,71
13.0680799484,80.2050628662,39806,39947,141
13.0686998367,80.2048416138,40895,40926,31
13.0698003769,80.2048873901,40986,41027,41
13.0500602722,80.2121505737,41373,41413,40
13.0376501083,80.2123794556,41595,41675,80
12.9908103943,80.2096710205,43551,43611,60
12.975399971,80.220916748,45346,45406,60
12.9970197678,80.2104415894,46052,46112,60
13.0073404312,80.2097930908,46556,46587,31
13.0352096558,80.2113571167,47161,47218,57
13.0682401657,80.2054519653,48539,48580,41
13.068110466,80.2053604126,48580,48611,31
13.0682697296,80.2055435181,48954,49075,121
13.0377502441,80.2123794556,49862,49922,60
13.0354995728,80.205657959,50180,50223,43
13.0346899033,80.2058181763,50657,50818,161
13.0355195999,80.2052230835,50858,50949,91
13.0442800522,80.2121276855,51201,51301,100
13.0687303543,80.2051773071,51701,51774,73
13.0685396194,80.2054672241,52046,52238,192
13.0683403015,80.2052536011,52238,52419,181
13.0679597855,80.2051925659,52429,52490,61
13.0381498337,80.2122879028,53045,53085,40
13.0100698471,80.2113876343,53731,53771,40
13.0096597672,80.2110671997,53801,53852,51
13.0084400177,80.2134170532,54366,54397,31
12.9982995987,80.2080383301,54699,54730,31
12.9756603241,80.2210006714,55446,55496,50
12.9756002426,80.2211380005,55496,55537,41
12.983710289,80.2181625366,56466,56506,40
12.9896602631,80.2142105103,56608,56688,80
12.997759819,80.2159805298,57130,57241,111
13.0032997131,80.2092285156,57292,57402,110
13.0106296539,80.2164077759,61806,61965,159
13.0339899063,80.2303695679,2881,3032,151
13.0337200165,80.2303466797,3456,3517,61
13.033780098,80.2303237915,3890,4011,121
13.0339803696,80.2303237915,4021,4072,51
13.0339899063,80.2302703857,4082,4233,151
13.0338802338,80.2303009033,4233,4314,81
13.0339002609,80.2303390503,8129,8251,122
13.033490181,80.2678833008,21271,21302,31
13.0066404343,80.2475585938,21857,21907,50
13.0335102081,80.2298431396,23118,23229,111
13.0066604614,80.2574386597,26917,26998,81
13.0066995621,80.2476806641,27189,27240,51
13.0349597931,80.2300872803,27984,28044,60
13.0345001221,80.2300186157,29286,29417,131
13.0269403458,80.2329406738,29810,29851,41
13.0326299667,80.2675476074,31252,31283,31
13.0333995819,80.2678375244,31323,31363,40
13.0338001251,80.2678985596,31363,31404,41
13.0341701508,80.2679824829,31414,31454,40
13.0345602036,80.2680130005,31454,31515,61
13.0335597992,80.267906189,31565,31606,41
13.0332202911,80.2677688599,31606,31747,141
13.0066604614,80.2577133179,32805,32866,61
13.0066404343,80.2518081665,32957,33038,81
13.0066699982,80.247543335,33118,33179,61
13.0153398514,80.2248764038,33603,33653,50
13.0294504166,80.230796814,34016,34077,61
13.0349197388,80.23021698,34159,34250,91
13.0351600647,80.2300415039,34250,34300,50
13.0346002579,80.2297821045,34532,34583,51
13.0342798233,80.2302017212,34784,34875,91
13.0269098282,80.2329025269,35095,35146,51
13.0146799088,80.2261428833,35388,35438,50
13.0069599152,80.239906311,35640,35741,101
13.0336503983,80.2678375244,36608,36649,41
13.033659935,80.267868042,36740,36821,81
13.0174198151,80.2605209351,38648,38679,31
13.0067195892,80.2578582764,38921,38961,40
13.0065603256,80.2520065308,39072,39103,31
13.0335798264,80.2304992676,40191,40282,91
13.0349397659,80.230140686,40343,40454,111
13.0350399017,80.2298126221,40454,40514,60
13.0346803665,80.2297897339,40514,40585,71
13.0342903137,80.2297973633,40595,40706,111
13.0069198608,80.2399215698,42076,42137,61
13.0164804459,80.2596969604,42528,42559,31
13.0334396362,80.2677688599,43023,43063,40
13.033659935,80.2678985596,43162,43263,101
13.0065402985,80.2575378418,44523,44554,31
13.0066995621,80.2484283447,44755,44796,41
13.0332803726,80.2305831909,45754,45785,31
13.0334997177,80.2305526733,45785,45835,50
13.034040451,80.2304992676,45855,45906,51
13.0341997147,80.2298431396,49517,49679,162
13.0341501236,80.2302093506,49679,49780,101
13.0268001556,80.2329711914,49961,50022,61
13.0246200562,80.2290267944,50092,50123,31
13.0068998337,80.2401275635,50574,50634,60
13.033780098,80.2679214478,51658,51700,42
13.006649971,80.2479019165,52668,52709,41
13.0348300934,80.2302398682,53554,53655,101
13.0256299973,80.2304382324,56479,56550,71
13.0069599152,80.2399520874,57075,57115,40
13.0067100525,80.257232666,57398,57469,71
13.0333003998,80.2677230835,58124,58155,31
13.0336198807,80.267906189,58245,58286,41
13.0265197754,80.2659988403,59043,59103,60
13.0065898895,80.2576065063,59507,59667,160
13.0066003799,80.2475509644,59869,59930,61
13.0339002609,80.2304763794,60863,60914,51
13.0348901749,80.2303237915,60954,61065,111
13.0268697739,80.232963562,62443,62506,63
13.0331001282,80.2676010132,64508,64579,71
13.0066003799,80.2577133179,65154,65235,81
13.0291795731,80.2308425903,66232,66282,50
13.0334796906,80.2305297852,66424,66464,40
13.0336503983,80.2304611206,66464,66512,48
13.0340995789,80.2303466797,68299,68339,40
13.025270462,80.2299728394,68710,68741,31
13.0197896957,80.2246780396,68932,68963,31
13.0142297745,80.2261962891,69049,69082,33
13.0068998337,80.2400436401,69345,69396,51
13.0333595276,80.2677612305,70516,70566,50
13.0344200134,80.2679672241,70586,70637,51
13.0264196396,80.2659225464,71495,71553,58
13.0066099167,80.2576370239,71998,72120,122
13.0065402985,80.2521514893,72251,72311,60
13.0334796906,80.2304077148,73349,73409,60
13.0348501205,80.2301177979,73460,73510,50
13.0345201492,80.2298965454,73526,73579,53
13.0268697739,80.2328872681,74812,74863,51
13.0069303513,80.2401123047,75458,75498,40
13.0066795349,80.2570571899,75741,75809,68
13.0336399078,80.267868042,76666,76797,131
13.0332899094,80.2678375244,76797,76969,172
13.0331802368,80.2677536011,76969,77120,151
13.0066404343,80.2577819824,77635,77675,40
13.0064697266,80.2531433105,77766,77806,40
13.006529808,80.2523422241,77827,77887,60
13.0066795349,80.2517623901,77907,77958,51
13.0343904495,80.2296829224,78995,79036,41
13.0331201553,80.2305526733,85232,85404,172
13.0144195557,80.2256088257,5175,5256,81
13.0342702866,80.2298278809,23165,23267,102
13.0082702637,80.2133789063,24013,24074,61
12.9234600067,80.1170425415,26358,26399,41
12.9753799438,80.2206192017,29677,29748,71
13.0347995758,80.2299423218,31017,31107,90
13.0346603394,80.2300186157,31309,31430,121
13.0082302094,80.2133407593,33374,33424,50
13.008020401,80.2132720947,33424,33465,41
12.9173002243,80.19140625,35060,35091,31
12.9224901199,80.1433105469,35742,35793,51
12.9224395752,80.1426391602,38214,38245,31
12.9234104156,80.1546707153,38452,38485,33
12.9747104645,80.2204284668,39962,40033,71
13.0333404541,80.2304992676,41343,41393,50
13.0341997147,80.23021698,42634,42684,50
13.0140600204,80.2255783081,43259,43380,121
13.008310318,80.2134094238,43693,43741,48
12.922419548,80.1433105469,46102,46163,61
12.9752597809,80.2205963135,49337,49397,60
12.9760704041,80.2211990356,49417,49448,31
13.033780098,80.2304916382,50605,50656,51
13.0349197388,80.2301712036,50726,50767,41
13.0275402069,80.2328414917,50958,50999,41
13.0142698288,80.2257232666,51328,51521,193
13.0085802078,80.2136077881,58259,58290,31
13.0081701279,80.2133483887,58320,58360,40
13.0079698563,80.2132415771,58360,58411,51
12.9942798615,80.2002487183,58875,58994,119
12.9558200836,80.186958313,59942,59982,40
12.9205303192,80.1839981079,60635,60686,51
12.9203996658,80.1840515137,61342,61382,40
12.9314603806,80.1815338135,61554,61594,40
12.9388799667,80.1823501587,61745,61785,40
12.9804496765,80.1951217651,62611,62782,171
12.9814195633,80.195602417,63095,63155,60
12.9816598892,80.1957778931,64547,64588,41
12.9202299118,80.1834564209,66560,66601,41
12.9202899933,80.1836776733,66601,66661,60
12.9203796387,80.1840209961,66661,66702,41
12.9386396408,80.1823883057,67074,67144,70
12.9707202911,80.1907806396,68013,68073,60
12.994600296,80.200340271,68758,68798,40
12.9946098328,80.2061767578,69000,69051,51
12.9753303528,80.1926422119,70959,71000,41
12.9747896194,80.1924209595,71030,71110,80
12.9743404388,80.1922073364,71131,71181,50
12.9741201401,80.1921234131,71191,71262,71
12.9736003876,80.1919631958,71272,71322,50
12.9733400345,80.1918563843,71322,71393,71
12.9557199478,80.1870193481,71956,71996,40
12.9394102097,80.1826400757,72369,72400,31
12.9203500748,80.18409729,72730,72781,51
12.9202003479,80.1835403442,72942,73013,71
12.9202604294,80.1837921143,73023,73063,40
12.9947004318,80.2066268921,74894,74935,41
13.0077896118,80.2130889893,75284,75347,63
13.014670372,80.2260971069,75579,75670,91
13.0141496658,80.2255630493,75720,75851,131
13.0262203217,80.2664031982,17774,17916,142
13.034910202,80.2303314209,20038,20078,40
13.0268602371,80.2329864502,21916,21957,41
13.0065898895,80.2576599121,24754,24825,71
13.0067300797,80.2572402954,28410,28441,31
13.033539772,80.267906189,29299,29400,101
13.0333595276,80.267868042,29410,29592,182
13.033249855,80.267906189,30259,30299,40
13.0065498352,80.257598877,31026,31087,61
13.0066099167,80.2576828003,31087,31127,40
13.0066204071,80.2478713989,31339,31370,31
13.0154600143,80.2249221802,31965,32006,41
13.0345802307,80.2302932739,32501,32551,50
13.0345602036,80.2297515869,32834,32905,71
13.0067195892,80.2570877075,34147,34197,50
13.0293197632,80.2660293579,34833,34864,31
13.0345201492,80.2679901123,35005,35086,81
13.0252799988,80.2653427124,36035,36076,41
13.0066404343,80.2577209473,36550,36661,111
13.0066099167,80.2520980835,36782,36833,51
13.0220098495,80.2261962891,37631,37772,141
13.0339899063,80.2304077148,38055,38095,40
13.0341501236,80.2301712036,38883,38923,40
13.0268201828,80.232963562,39145,39216,71
13.0143003464,80.2263183594,39549,39580,31
13.0065202713,80.2576980591,42336,42377,41
13.0340003967,80.2304534912,43801,43871,70
13.0341997147,80.2302398682,44225,44285,60
13.0298900604,80.2308578491,44386,44437,51
13.0066604614,80.251663208,45497,45537,40
13.006649971,80.2573623657,45628,45699,71
13.0344400406,80.2679519653,48223,48254,31
13.0333995819,80.2678909302,48304,48385,81
13.0098104477,80.2592697144,48981,49061,80
13.0064897537,80.2523727417,49304,49354,50
13.0344104767,80.2303619385,50505,50546,41
13.0349197388,80.2301635742,50576,50637,61
13.0349302292,80.2297821045,50647,50768,121
13.0346097946,80.2298278809,50768,50919,151
13.034239769,80.2297821045,50919,51101,182
13.0198001862,80.2247085571,51606,51646,40
13.0069599152,80.2400283813,52010,52071,61
13.0067195892,80.2572631836,52323,52394,71
13.033780098,80.2678527832,53090,53131,41
13.0326499939,80.2676620483,54211,54272,61
13.0066003799,80.2576904297,54938,54989,51
13.0066995621,80.2518081665,55120,55191,71
13.0066404343,80.2474975586,55251,55312,61
13.0344800949,80.2297515869,56433,56554,121
13.0342197418,80.2302932739,57089,57170,81
13.0269603729,80.2329864502,57402,57463,61
13.0068502426,80.2515029907,58230,58281,51
13.0066900253,80.2571029663,58362,58412,50
13.0336999893,80.2678909302,59058,59089,31
13.0345401764,80.2682037354,59139,59200,61
13.0066099167,80.2518692017,60906,60967,61
13.0342302322,80.2304382324,62047,62078,31
13.0349397659,80.2298126221,62148,62229,81
13.0345697403,80.2297973633,62229,62270,41
13.0269203186,80.232963562,63158,63229,71
13.0069503784,80.2400817871,63835,63906,71
13.0344495773,80.2680206299,64926,64966,40
13.0067100525,80.2578125,67642,67713,71
13.0064897537,80.2523498535,67885,67965,80
13.0245199203,80.2287216187,68965,68996,31
13.0291996002,80.230796814,69127,69177,50
13.0344600677,80.2303314209,69309,69349,40
13.0345201492,80.2297515869,69419,69511,92
13.0342102051,80.230140686,69915,70005,90
13.0314302444,80.2306213379,70086,70167,81
13.0068798065,80.2399978638,70955,71036,81
13.0334796906,80.2677688599,72136,72167,31
13.0345201492,80.2679367065,72227,72308,81
13.0065803528,80.2518386841,74056,74117,61
13.0342998505,80.2297592163,75399,75480,81
13.0341396332,80.2298431396,75490,75561,71
13.0341997147,80.230178833,75561,75642,81
13.0069503784,80.2400817871,76409,76490,81
13.0067195892,80.2573699951,76753,76823,70
13.0344800949,80.2679977417,77611,77702,91
13.0262002945,80.266418457,78338,78470,132
13.026309967,80.2663574219,78480,78611,131
13.0815696716,80.275177002,18840,18871,31
13.0821399689,80.2756881714,18901,18972,71
12.987279892,80.2594833374,21160,21322,162
12.9969501495,80.2558364868,22280,22331,51
13.0239496231,80.2736968994,23309,23350,41
13.0876197815,80.2839126587,25247,25317,70
13.0072498322,80.2601699829,27012,27058,46
12.9968996048,80.2559204102,27502,27573,71
12.987279892,80.2595291138,27927,28058,131
12.9969396591,80.2558288574,29569,29611,42
13.0747203827,80.2862701416,31373,31404,31
13.0867795944,80.2839431763,31777,31878,101
13.0434904099,80.2797470093,33309,33349,40
12.9969501495,80.2561416626,34627,34658,31
12.9866895676,80.2590789795,35061,35142,81
12.9872903824,80.2591629028,35465,35586,121
13.0238599777,80.273651123,37059,37109,50
13.0887804031,80.2901763916,38239,38290,51
13.0877304077,80.2839431763,39640,39700,60
13.0881004333,80.283821106,39731,39781,50
13.0887699127,80.2902832031,40043,40094,51
13.0241098404,80.2741394043,41164,41205,41
12.9957304001,80.2673568726,41971,42002,31
12.9962396622,80.2625808716,42069,42100,31
12.9969100952,80.2561187744,42202,42394,192
12.986579895,80.259262085,42818,42899,81
12.9869098663,80.2590789795,42909,43030,121
12.9878702164,80.2557830811,43211,43242,31
12.996919632,80.2556762695,43524,43564,40
13.0877304077,80.2839736938,45934,46015,81
13.0881099701,80.2839508057,46015,46136,121
13.0760202408,80.2746810913,46530,46651,121
13.0758895874,80.2750015259,46671,46792,121
13.0820102692,80.2814178467,47064,47095,31
13.0865898132,80.2838363647,47236,47286,50
12.9968500137,80.2562484741,50027,50068,41
12.9873800278,80.2588729858,50480,50652,172
12.987279892,80.2593231201,50672,50712,40
12.9872303009,80.2595367432,50722,50783,61
12.9866104126,80.2591018677,50844,50965,121
12.986989975,80.2590789795,50965,51005,40
12.9875297546,80.2559814453,51065,51116,51
12.9887104034,80.2558288574,51136,51174,38
13.087770462,80.2838897705,54765,54836,71
13.0880899429,80.2839813232,54836,54886,50
13.0883998871,80.2849197388,55037,55068,31
13.0739202499,80.2860870361,55490,55521,31
12.9962997437,80.2621002197,57286,57335,49
12.9879798889,80.2558364868,57708,57748,40
12.9871797562,80.2595596313,57817,57867,50
12.9875497818,80.2563781738,58311,58392,81
12.9969501495,80.2557601929,58672,58713,41
12.9961500168,80.2677688599,58975,59015,40
13.0237703323,80.2734680176,59780,59811,31
13.0431003571,80.2795791626,60213,60253,40
13.0866699219,80.2839202881,61220,61260,40
13.0869598389,80.2839736938,61280,61381,101
13.0875396729,80.2839584351,61977,62088,111
13.0888500214,80.2902603149,62441,62497,56
13.0644302368,80.2835998535,62953,63014,61
12.9957504272,80.2676620483,64685,64786,101
12.99559021,80.2674407959,64786,64826,40
12.9968500137,80.2562103271,65028,65119,91
12.9872102737,80.2594528198,65584,65624,40
12.9865598679,80.2592468262,66230,66261,31
12.9868001938,80.2590789795,66271,66311,40
12.9968595505,80.2553482056,66785,66866,81
12.996919632,80.2556610107,66876,66997,121
12.9962100983,80.2623672485,67169,67209,40
12.9962701797,80.2677536011,67320,67371,51
13.0238800049,80.2736816406,68317,68377,60
13.0327501297,80.2774810791,68638,68707,69
13.0866098404,80.2838973999,70138,70189,51
13.0877103806,80.2838897705,70239,70421,182
13.0887002945,80.2901000977,70794,70844,50
13.0384597778,80.2785873413,71874,71965,91
13.0376796722,80.2783279419,71996,72056,60
13.037320137,80.2782211304,72066,72137,71
13.0361204147,80.2778167725,72238,72278,40
13.0357303619,80.2776794434,72298,72369,71
13.0353498459,80.277671814,72369,72429,60
13.0349798203,80.2776031494,72439,72490,51
13.0342702866,80.2774810791,72540,72571,31
13.0311603546,80.2774200439,72671,72703,32
12.9959001541,80.2676773071,73762,73833,71
12.9968700409,80.2561035156,74105,74194,89
12.9883804321,80.2558517456,74447,74528,81
12.9880800247,80.2557983398,74528,74669,141
12.9871997833,80.2595291138,74780,74811,31
12.9867801666,80.2595367432,74831,74942,111
12.9866695404,80.2590637207,74972,75073,101
13.0732002258,80.2852020264,77569,77610,41
13.0852003098,80.2842178345,78003,78043,40
13.0873203278,80.2836227417,78114,78215,101
13.0758399963,80.2752609253,78619,78719,100
13.0147199631,80.2258377075,10556,10737,181
13.0141897202,80.2259216309,19028,19078,50
13.0079698563,80.2131881714,19976,20007,31
12.9756498337,80.2210235596,20558,20590,32
12.9760799408,80.2212295532,25019,25080,61
13.034740448,80.2298965454,26221,26394,173
13.0345897675,80.2298812866,27012,27063,51
12.9232196808,80.1206970215,30077,30168,91
12.9225196838,80.1428604126,32730,32761,31
12.9203195572,80.1838989258,33322,33362,40
12.9642295837,80.2161636353,34391,34522,131
13.0338602066,80.2304611206,36116,36156,40
13.0343503952,80.2298431396,36659,36841,182
13.0341701508,80.230178833,36851,36962,111
13.0267696381,80.2329483032,37120,37182,62
13.0143995285,80.2262420654,37513,37594,81
13.0148496628,80.2255325317,38048,38109,61
13.0149202347,80.2256164551,40602,40733,131
13.0148000717,80.2255325317,40733,40814,81
13.0150604248,80.2255325317,41916,41987,71
13.0146398544,80.2251968384,61566,61616,50
13.0145702362,80.2250213623,74533,74604,71
13.0145597458,80.2249908447,74604,74664,60
12.9983196259,80.2571029663,18754,18855,101
12.9982500076,80.2570571899,19158,19349,191
12.997759819,80.2568206787,23426,23476,50
12.9977502823,80.2566070557,23476,23607,131
12.9879102707,80.2557830811,24818,24859,41
12.9007701874,80.227897644,27762,27842,80
13.0101604462,80.2116317749,30858,31040,182
13.0101900101,80.2116165161,31050,31121,71
13.0102100372,80.2115402222,33542,33583,41
13.0066604614,80.2570877075,35389,35470,81
12.9971199036,80.2571334839,39254,39295,41
12.9972000122,80.2570571899,39295,39385,90
12.9971704483,80.2570266724,39628,39728,100
12.9981498718,80.2570800781,76921,76982,61
13.0003900528,80.2650527954,20,141,121
13.0004997253,80.2654037476,141,182,41
13.0005598068,80.2650375366,182,232,50
13.0004997253,80.2652206421,232,263,31
13.000459671,80.265083313,263,434,171
13.0004901886,80.2652816772,434,586,152
13.000289917,80.2652587891,596,757,161
13.0004301071,80.2651824951,757,808,51
13.0003099442,80.2653427124,808,898,90
13.0004196167,80.2654495239,929,969,40
13.000459671,80.265411377,979,1070,91
13.0003900528,80.2653198242,1120,1211,91
13.000459671,80.2652816772,1241,1403,162
13.0002498627,80.2651977539,1413,1453,40
13.0003700256,80.2652511597,1453,1544,91
13.0004997253,80.2655563354,1544,1575,31
13.0004701614,80.2652130127,1575,1766,191
13.0003404617,80.26512146,1766,1827,61
13.0004701614,80.2650375366,1827,1867,40
13.0004501343,80.2650222778,1877,2008,131
13.0004396439,80.2651824951,2008,2120,112
13.0005302429,80.2651367188,2120,2180,60
13.0003204346,80.2651367188,2977,3149,172
13.0004796982,80.2651367188,3220,3310,90
13.0005502701,80.2648925781,3310,3371,61
13.0006103516,80.26512146,4209,4370,161
13.0005502701,80.2649612427,4370,4471,101
13.0004701614,80.2651824951,6440,6480,40
13.0006799698,80.2650604248,6844,6894,50
13.0005397797,80.2650299072,7106,7227,121
13.0005197525,80.2651367188,7227,7399,172
13.0006303787,80.26512146,8014,8146,132
13.0007400513,80.2650680542,8156,8226,70
13.0005197525,80.2650985718,8236,8337,101
13.0003995895,80.2649230957,8337,8509,172
13.0005302429,80.2650985718,8519,8650,131
13.0006599426,80.2652206421,8670,8741,71
13.0005702972,80.2652206421,8771,8872,101
13.000670433,80.265007019,9649,9821,172
13.0006198883,80.2651901245,9821,9932,111
13.0005903244,80.2651901245,10285,10316,31
13.0006599426,80.265007019,10316,10457,141
13.000459671,80.2652816772,10457,10608,151
13.0007295609,80.2650680542,10608,10689,81
13.0006999969,80.2651824951,10689,10790,101
13.0005998611,80.2650985718,10790,10951,161
13.0005702972,80.2651596069,10951,11062,111
13.000459671,80.2655334473,11062,11113,51
13.0004997253,80.2654418945,11123,11234,111
13.0005702972,80.2652435303,11244,11436,192
13.0005397797,80.2648696899,11486,11557,71
13.0005302429,80.2649917603,11557,11618,61
13.000459671,80.2651977539,11618,11759,141
13.0004901886,80.2651290894,11759,11829,70
13.000459671,80.2651977539,11829,12001,172
13.0004396439,80.2651901245,12274,12385,111
13.0006198883,80.2650222778,13777,13929,152
13.000459671,80.2650985718,13939,14020,81
13.0005102158,80.26512146,14030,14100,70
13.0004396439,80.2649612427,14696,14795,99
13.000459671,80.2651367188,14795,14916,121
13.0004997253,80.2654418945,14916,15108,192
13.000459671,80.2651596069,15108,15209,101
13.0004196167,80.2653808594,15966,16147,181
13.0006799698,80.2652893066,16147,16190,43
13.0004901886,80.2654190063,16190,16291,101
13.0004796982,80.26512146,16947,17027,80
13.0005197525,80.2651901245,17027,17088,61
13.00041008,80.2651596069,17098,17290,192
13.0005903244,80.265083313,17542,17582,40
13.000579834,80.2652206421,17683,17835,152
13.0005197525,80.2651367188,18481,18561,80
13.0005302429,80.26512146,18773,18854,81
13.0004396439,80.265411377,19379,19561,182
13.0003299713,80.2656478882,19561,19641,80
13.0001096725,80.2657623291,19884,19995,111
13.0003204346,80.2656326294,20550,20711,161
13.0001001358,80.2657165527,20721,20812,91
13.0003700256,80.2656173706,20812,20853,41
13.0005903244,80.2655487061,20853,20964,111
13.0006303787,80.2655181885,20964,21075,111
13.0005102158,80.2656021118,21105,21246,141
13.0003995895,80.2655029297,22296,22417,121
13.0003299713,80.2655792236,22417,22467,50
13.0005397797,80.2650909424,22800,22912,112
13.0005197525,80.2650985718,22912,23083,171
13.0293798447,80.2241821289,24948,25070,122
13.0494203568,80.20703125,27233,27365,132
13.0491600037,80.2070922852,27819,27900,81
13.0491504669,80.2073669434,27900,27940,40
13.0446500778,80.2123718262,28123,28173,50
13.0354003906,80.2086029053,28958,28989,31
13.0309200287,80.2110671997,29231,29332,101
13.0303897858,80.2146606445,29332,29372,40
13.0290403366,80.2242279053,29596,29659,63
13.0269298553,80.2329711914,29946,29987,41
13.0069503784,80.2401275635,30570,30620,50
13.0068397522,80.2574462891,30893,30984,91
13.0003700256,80.2659835815,31618,31658,40
13.0003499985,80.2660827637,32152,32223,71
13.0003595352,80.2660217285,32223,32374,151
12.9968996048,80.2561569214,33896,33927,31
12.9967403412,80.2561416626,33927,33977,50
12.9988203049,80.2560119629,34017,34048,31
13.0066604614,80.2518310547,34301,34362,61
13.0066404343,80.2405929565,34582,34622,40
13.0156202316,80.2250595093,34945,34985,40
13.0179395676,80.2247314453,35036,35167,131
13.0192604065,80.2242965698,35197,35228,31
13.0285196304,80.2235717773,35732,35874,142
13.0302000046,80.2091827393,36255,36305,50
13.0388298035,80.192817688,36871,36911,40
13.0416402817,80.1940765381,36941,36992,51
13.0493402481,80.206817627,37635,37706,71
13.0490903854,80.2071075439,38171,38251,80
13.0367498398,80.1987380981,39236,39267,31
12.9966001511,80.2593994141,43861,43911,50
13.0066404343,80.2475585938,44466,44517,51
13.0441904068,80.2119293213,47089,47129,40
13.0482196808,80.2107162476,47269,47340,71
13.0492897034,80.2071609497,47442,47483,41
13.0497903824,80.2117004395,48118,48189,71
13.0319499969,80.2117385864,49318,49359,41
13.0268697739,80.233001709,50226,50276,50
13.0144195557,80.2262420654,50593,50624,31
13.006939888,80.2400131226,50898,50958,60
13.0065498352,80.2548904419,51210,51241,31
13.0066699982,80.2572097778,51281,51321,40
13.0066900253,80.2574462891,51321,51362,41
13.000289917,80.266166687,52087,52118,31
13.0003004074,80.2661972046,54824,54855,31
13.0002403259,80.2671203613,54955,54986,31
12.9954500198,80.2676315308,55056,55238,182
13.0066299438,80.2482833862,55702,55733,31
13.0092201233,80.2276611328,55993,56033,40
13.012430191,80.221862793,56114,56265,151
13.0396699905,80.1905822754,57734,57765,31
13.0443401337,80.2121810913,58055,58086,31
13.0492401123,80.2068023682,58316,58417,101
13.0490999222,80.2072677612,59153,59204,51
13.0498199463,80.2115783691,59315,59365,50
13.0448799133,80.2124099731,59486,59527,41
13.0269098282,80.2329177856,61129,61180,51
13.0068998337,80.2401580811,61735,61815,80
12.9968099594,80.2570114136,62340,62371,31
12.9961595535,80.2677230835,62562,62601,39
13.0002698898,80.2662734985,62722,62823,101
13.0003204346,80.2661819458,63741,63832,91
12.9956197739,80.2677307129,63953,64003,50
12.9956197739,80.2674636841,64020,64062,42
12.9989004135,80.2559814453,64355,64405,50
13.0065803528,80.2520675659,64676,64726,50
13.0066404343,80.2478866577,64787,64827,40
13.0067300797,80.240447998,64978,65039,61
13.0293302536,80.2308120728,65795,65855,60
13.0301103592,80.2093582153,66591,66632,41
13.0488901138,80.2069625854,68063,68094,31
13.0491600037,80.206993103,68114,68165,51
13.0491600037,80.2073364258,69082,69203,121
13.0498504639,80.2117462158,69563,69615,52
13.0495595932,80.2122421265,69685,69786,101
13.0493097305,80.2124862671,69786,69817,31
13.0068902969,80.240196228,72237,72327,90
13.0001897812,80.2662811279,73195,73256,61
12.9967403412,80.2570037842,73619,73690,71
12.998550415,80.2560577393,73751,73784,33
12.9991798401,80.2561264038,73814,73854,40
13.0064401627,80.2526626587,74077,74137,60
13.0153398514,80.2249603271,74722,74753,31
13.0191898346,80.2243423462,74813,74844,31
13.031129837,80.2232131958,75396,75427,31
13.032119751,80.219833374,75487,75528,41
13.0302696228,80.2090072632,75851,75901,50
13.0327396393,80.2096328735,75952,75992,40
13.0354299545,80.2058029175,76123,76174,51
13.0487203598,80.2070617676,77182,77223,41
13.0329704285,80.2185592651,80177,80217,40
13.0133304596,80.2257537842,80903,80992,89
12.9979095459,80.2569274902,82423,82504,81
13.0749101639,80.2753601074,18125,18297,172
13.0759296417,80.2760772705,18388,18428,40
13.0821199417,80.2755737305,18539,18711,172
13.0818004608,80.2768783569,18802,18833,31
13.0815896988,80.2756881714,18853,18893,40
13.0815296173,80.2754211426,18903,18934,31
12.9396800995,80.2357635498,21045,21076,31
12.7224798203,80.1874008179,23312,23352,40
12.7223596573,80.1874237061,23352,23383,31
12.7221603394,80.1876220703,24485,24555,70
12.9007701874,80.2278366089,26292,26333,41
12.9487800598,80.2405700684,26889,26929,40
13.0155801773,80.224937439,27903,27943,40
13.0265703201,80.2328872681,28186,28226,40
13.0817298889,80.2751693726,29147,29228,81
13.081609726,80.2759170532,31766,31806,40
13.07172966,80.2745666504,31968,32008,40
13.014960289,80.2260437012,33082,33122,40
13.0066995621,80.2473297119,33466,33516,50
12.9069795609,80.2283172607,34827,34868,41
12.8994197845,80.2278900146,34948,34989,41
12.786239624,80.2219009399,36434,36475,41
12.7861700058,80.2209396362,37921,38023,102
12.7862501144,80.2203216553,38033,38124,91
12.7918395996,80.2221374512,38215,38295,80
12.8452997208,80.2265090942,38920,38968,48
12.9006996155,80.2277908325,39584,39624,40
12.9784698486,80.252281189,40701,40744,43
13.0310697556,80.2397079468,41944,41975,31
13.0381002426,80.2465591431,42126,42167,41
13.0714302063,80.274269104,42892,42933,41
13.0810899734,80.275177002,43074,43113,39
13.0819396973,80.275680542,43143,43205,62
13.0312299728,80.2404632568,47852,47892,40
12.9012498856,80.2280426025,50016,50097,81
12.8188896179,80.2304992676,50996,51027,31
12.7861604691,80.2205963135,51429,51469,40
12.7861995697,80.2206497192,52582,52653,71
12.8395204544,80.2276763916,53350,53381,31
13.0819396973,80.2753372192,57077,57178,101
13.0717496872,80.2746429443,59038,59089,51
13.0685195923,80.2719726563,59159,59190,31
13.0398197174,80.2471084595,59775,59816,41
13.0143404007,80.2263183594,60390,60439,49
12.988360405,80.2513198853,60976,61027,51
12.8764801025,80.2270126343,62644,62723,79
12.787730217,80.2209396362,63885,63956,71
12.7875003815,80.2209625244,63997,64037,40
12.7848100662,80.2196731567,64189,64229,40
12.741900444,80.1974563599,67211,67242,31
12.7862100601,80.2203826904,67717,67757,40
12.8386697769,80.2279205322,68414,68485,71
12.9008197784,80.2278671265,69191,69282,91
12.9488697052,80.2406463623,69929,69979,50
12.9795799255,80.2526473999,70487,70527,40
13.0389099121,80.2468490601,71768,71828,60
13.0764503479,80.2760391235,73316,73407,91
13.0500097275,80.2069015503,17,78,61
13.0501499176,80.2069473267,2186,2236,50
13.0501403809,80.2069091797,2741,2811,70
13.050330162,80.2069168091,7270,7441,171
13.0501003265,80.2070999146,10286,10427,141
13.0501804352,80.2069168091,18083,18264,181
13.0502500534,80.2070388794,18557,18728,171
13.0501203537,80.207069397,18728,18890,162
13.050160408,80.2069778442,18890,19001,111
13.0494699478,80.2068786621,22551,22602,51
13.0491399765,80.207321167,22854,22965,111
13.0696802139,80.2048187256,23795,23858,63
12.9877700806,80.2551803589,26781,26821,40
12.9865903854,80.2591171265,28618,28658,40
12.9871101379,80.2591171265,28678,28729,51
12.9754104614,80.2208328247,29594,29645,51
13.0441598892,80.2122421265,31014,31075,61
13.0446796417,80.2124176025,32586,32657,71
13.037560463,80.212348938,32737,32828,91
13.0102500916,80.2116012573,33543,33583,40
13.0103197098,80.2113189697,33604,33684,80
12.9759597778,80.2202606201,34723,34784,61
12.9871101379,80.2515182495,35510,35550,40
12.9877300262,80.2553405762,35641,35722,81
12.9872999191,80.2593002319,35800,35841,41
12.9755096436,80.2209091187,37927,37977,50
13.0440998077,80.2122421265,39446,39568,122
13.0681495667,80.2052307129,40818,40909,91
13.0696697235,80.2048110962,40990,41030,40
13.0502595901,80.2121429443,41379,41411,32
13.0377101898,80.2123184204,41593,41683,90
12.9760503769,80.2202301025,43458,43499,41
12.987279892,80.2514419556,44275,44356,81
12.9877195358,80.2553710938,44437,44588,151
12.9871501923,80.2595672607,44679,44719,40
12.9868202209,80.258972168,47040,47131,91
12.9800300598,80.2527313232,47413,47502,89
12.9756603241,80.221031189,48239,48279,40
12.9755001068,80.2208709717,48279,48350,71
13.0501098633,80.2121200562,51919,51959,40
13.0096101761,80.2111282349,52916,52947,31
12.9865598679,80.2594833374,54998,55142,144
12.9876003265,80.2562637329,56242,56312,70
13.009929657,80.2114028931,60973,61023,50
13.0099201202,80.2140579224,61116,61183,67
12.9762496948,80.2216415405,62103,62143,40
12.9813604355,80.2387237549,62443,62484,41
12.986869812,80.2515563965,62818,62858,40
12.9877996445,80.2551498413,63204,63325,121
12.9869499207,80.2591094971,65118,65209,91
12.9872999191,80.2590332031,65219,65250,31
12.9753398895,80.2205505371,66387,66418,31
13.0073795319,80.2098236084,67272,67333,61
13.0697202682,80.2048492432,69852,69933,81
13.0510101318,80.2121734619,70319,70400,81
13.0096797943,80.2111968994,71376,71427,51
12.9762401581,80.2216415405,72615,72655,40
12.9877195358,80.2513198853,73460,73591,131
12.9876804352,80.2555389404,73652,73824,172
12.986579895,80.2593002319,74408,74469,61
12.9868402481,80.2590026855,74479,74549,70
12.9870595932,80.2590789795,74549,74590,41
12.9875097275,80.256439209,74640,74802,162
12.9878902435,80.252532959,74902,74993,91
12.9755897522,80.2210006714,75799,75910,111
12.9752702713,80.2208328247,75910,75971,61
12.9960899353,80.2165603638,76402,76433,31
12.996339798,80.2165298462,76433,76473,40
13.043800354,80.2121963501,77641,77702,61
13.0495595932,80.2119064331,77853,77903,50
13.0693101883,80.2055435181,78297,78347,50
13.0686101913,80.2054367065,78418,78589,171
13.0697202682,80.2048797607,78710,78751,41
13.0444202423,80.2125091553,79313,79395,82
13.0493803024,80.2068099976,79667,79708,41
13.0506801605,80.2069702148,79748,79849,101
13.0501699448,80.2071609497,86173,86345,172
12.9981899261,80.2561721802,17868,18062,194
12.9981403351,80.2561721802,18112,18223,111
12.9981803894,80.2561798096,18223,18314,91
12.9982700348,80.2562179565,18324,18395,71
12.9956502914,80.2674179077,20451,20522,71
13.0489196777,80.2071609497,23650,23681,31
13.0445299149,80.212562561,26212,26252,40
13.02684021,80.233001709,28115,28176,61
13.0067996979,80.2572784424,29013,29074,61
13.0003795624,80.2660598755,29567,29607,40
13.0003299713,80.266456604,30667,30828,161
13.0002603531,80.266456604,30838,30989,151
13.0064697266,80.2573776245,31433,31464,31
13.0067195892,80.2403411865,31797,31837,40
13.0155296326,80.224937439,32190,32251,61
13.0301399231,80.2091598511,33188,33239,51
13.049369812,80.2069396973,34357,34498,141
13.0494203568,80.2071533203,34508,34599,91
13.0492801666,80.2072982788,35548,35608,60
13.0447902679,80.2124023438,35810,35861,51
13.0359601974,80.2049179077,36779,36839,60
13.0028095245,80.2568283081,39025,39076,51
13.0013504028,80.2566070557,39126,39197,71
12.9977703094,80.2560577393,39267,39318,51
12.9977197647,80.2570800781,39348,39447,99
12.997590065,80.2568893433,39457,39568,111
13.0002698898,80.2663574219,39972,40083,111
13.0002403259,80.2665405273,40083,40164,81
12.9968595505,80.256187439,40830,40910,80
13.0066003799,80.2518768311,41231,41282,51
13.0066204071,80.2477264404,41351,41403,52
13.0152902603,80.2247695923,41887,41938,51
13.0293798447,80.2308120728,42271,42311,40
13.0494403839,80.2074890137,44631,44702,71
13.0497398376,80.20728302,44702,44833,131
13.0065898895,80.2571792603,48276,48336,60
13.0016298294,80.2565917969,48437,48478,41
12.9987401962,80.2559661865,50435,50466,31
13.0492200851,80.2068481445,53540,53601,61
13.0490598679,80.2069778442,53601,53762,161
13.0492296219,80.2072982788,55004,55044,40
13.0446100235,80.212348938,55276,55347,71
13.0442495346,80.2123184204,55357,55407,50
13.0066299438,80.254989624,58070,58101,31
13.0067901611,80.25730896,58141,58201,60
12.9961595535,80.2676925659,58645,58676,31
13.0001401901,80.2665786743,59188,59249,61
12.9968595505,80.2561264038,59987,60078,91
12.9987602234,80.2559967041,60118,60158,40
12.9989595413,80.2560195923,60158,60209,51
13.0065698624,80.2520599365,60461,60542,81
13.0490398407,80.2068862915,63391,63479,88
13.049200058,80.207321167,64307,64489,182
13.0374002457,80.1949005127,65646,65693,47
13.0306997299,80.2305984497,66836,66876,40
13.0268001556,80.232963562,67018,67068,50
13.0066604614,80.2568283081,67936,68007,71
12.9990797043,80.256187439,68208,68239,31
12.995759964,80.2669906616,68580,68681,101
12.9957103729,80.2677307129,69296,69458,162
12.9968004227,80.2563400269,69720,69841,121
13.029999733,80.2307815552,71256,71307,51
13.0442895889,80.2122268677,73060,73100,40
13.0490999222,80.2074203491,75744,75785,41
13.049779892,80.2118988037,75886,75942,56
13.0495004654,80.2122802734,75963,76005,42
13.044549942,80.2124710083,76096,76166,70
13.0069103241,80.2400817871,78618,78719,101
12.9979200363,80.2559967041,79729,79860,131
12.9978904724,80.2564926147,79900,80100,200
12.9984502792,80.2568588257,80938,81129,191
13.0989103317,80.2405090332,524,613,89
13.0988998413,80.2404174805,623,805,182
12.9962596893,80.2677536011,29337,29368,31
13.0003404617,80.2661895752,29489,29580,91
13.0002803802,80.2667999268,29954,30014,60
12.9956798553,80.267578125,31076,31107,31
12.9961996078,80.2626419067,31177,31258,81
12.9963798523,80.2610778809,31299,31430,131
12.9976701736,80.2558822632,31571,31753,182
12.9977197647,80.256362915,31783,31834,51
12.9974403381,80.256980896,31864,31904,40
12.9976501465,80.2562637329,34540,34701,161
12.9988098145,80.2560272217,34752,34823,71
13.0066900253,80.2519378662,35101,35135,34
13.0067100525,80.247467041,35205,35276,71
13.100279808,80.2149581909,38263,38454,191
13.0974998474,80.2417831421,39008,39078,70
13.0980701447,80.2406692505,40573,40674,101
13.0980997086,80.2406005859,40674,40856,182
13.0984601974,80.2407989502,58356,58548,192
13.0980997086,80.2410202026,59830,59941,111
13.0987796783,80.2407226563,59941,60032,91
13.0984601974,80.2411117554,73696,73747,51
13.0983800888,80.240852356,73949,74070,121
13.0983800888,80.2409210205,80161,80241,80
13.1002998352,80.2147903442,21514,21555,41
13.0146198273,80.2261886597,23738,23769,31
13.0066404343,80.257232666,24233,24273,40
13.0066995621,80.2517700195,26542,26582,40
13.0066795349,80.2474822998,26663,26723,60
13.1003198624,80.2147903442,30311,30452,141
13.0859804153,80.2343978882,31713,31744,31
13.0824098587,80.2336425781,31824,31855,31
13.0353002548,80.2303314209,33349,33398,49
13.0066900253,80.2571029663,34447,34507,60
12.9969100952,80.2561035156,36192,36293,101
13.0066404343,80.247543335,36767,36816,49
13.0151901245,80.224822998,37197,37229,32
13.0293598175,80.2308197021,37551,37592,41
13.0444602966,80.2406234741,38084,38135,51
13.0699796677,80.2421035767,38659,38690,31
13.1000204086,80.2144622803,39729,39769,40
13.1003799438,80.2145614624,39779,39820,41
13.100230217,80.2147903442,42070,42140,70
13.0529203415,80.2419128418,43793,43833,40
13.0268697739,80.2329406738,44570,44620,50
13.0065698624,80.2572021484,45640,45701,61
13.0066204071,80.2577819824,45802,45852,50
13.0291795731,80.2308502197,46778,46809,31
13.0335197449,80.2304992676,46888,46920,32
13.0337295532,80.2304763794,46920,46970,50
13.034119606,80.230430603,47000,47051,51
13.0524702072,80.2411422729,47604,47674,70
13.0654602051,80.2435073853,47896,47927,31
13.1003704071,80.2145309448,48986,49036,50
13.1002597809,80.2149963379,52981,53052,71
13.0352201462,80.2303009033,55287,55368,81
13.0269603729,80.2329406738,55610,55660,50
13.0017700195,80.2565765381,56565,56606,41
12.9971599579,80.2559432983,56725,56765,40
12.9963197708,80.2677001953,56996,57027,31
12.9956798553,80.2674484253,57824,57855,31
13.0073604584,80.2371902466,58730,58761,31
13.0334997177,80.2305297852,59447,59538,91
13.0342998505,80.2304229736,59578,59629,51
13.0342903137,80.2373504639,59739,59770,31
13.0342102051,80.237449646,59780,59820,40
13.1005496979,80.2147064209,61576,61626,50
13.0986099243,80.2140274048,63191,63222,31
13.0571403503,80.2427978516,64750,64811,61
13.0352602005,80.2303390503,65434,65503,69
13.0068397522,80.2512283325,66553,66604,51
13.0065498352,80.2522277832,67675,67776,101
13.0066204071,80.2477493286,67853,67915,62
13.034239769,80.230506897,69053,69103,50
13.0346403122,80.230430603,69114,69194,80
13.0341997147,80.2373199463,69336,69416,80
13.0447502136,80.2404632568,69669,69739,70
13.0522298813,80.2408981323,69881,69922,41
13.0654001236,80.2436218262,70256,70296,40
13.0983800888,80.2141265869,71444,71515,71
13.1002902985,80.2146072388,71566,71606,40
13.0352201462,80.2303466797,75054,75126,72
13.0069904327,80.2395706177,75820,75860,40
13.0066204071,80.2574615479,76143,76244,101
13.0064601898,80.2526168823,78562,78613,51
13.0065097809,80.2520980835,78633,78694,61
13.006529808,80.2475967407,78764,78815,51
13.0343399048,80.2303924561,79791,79835,44
13.0448503494,80.2403030396,80208,80269,61
13.0758399963,80.233833313,81095,81136,41
13.0987901688,80.2418136597,82257,82315,58
13.0989599228,80.2404022217,83133,83284,151
13.0992603302,80.2406921387,84232,84374,142
12.9977397919,80.2568435669,7450,7612,162
12.9977703094,80.256942749,7622,7733,111
12.9977502823,80.2566833496,24191,24351,160
12.9977502823,80.256187439,24361,24472,111
12.9877996445,80.2557907104,24644,24714,70
12.8747396469,80.2098770142,26345,26497,152
13.0107402802,80.2120819092,29830,29941,111
13.0105495453,80.211769104,30305,30405,100
13.0105199814,80.211769104,30405,30577,172
13.0097503662,80.2112579346,31132,31203,71
12.9814195633,80.2428436279,33219,33250,31
12.9799699783,80.2526397705,33371,33462,91
12.9636297226,80.2468338013,33714,33745,31
12.9069404602,80.2283782959,34641,34712,71
12.9435997009,80.2371826172,37669,37703,34
13.007060051,80.2097320557,39592,39623,31
13.010430336,80.2118530273,40014,40085,71
13.0098400116,80.2114028931,40620,40681,61
12.9799499512,80.2525863647,42663,42714,51
12.9567499161,80.2437973022,42997,43098,101
12.9010295868,80.2280273438,43753,43854,101
12.8926296234,80.2274398804,43985,44026,41
12.9335699081,80.2326889038,46844,46875,31
12.9487495422,80.2405166626,47167,47198,31
13.0070199966,80.2097091675,48954,48985,31
13.0110702515,80.2123413086,49358,49540,182
12.9799203873,80.2526092529,52790,52840,50
12.9013299942,80.2280273438,53910,53950,40
12.9007997513,80.2277984619,56818,56879,61
12.9562196732,80.2432632446,57736,57807,71
12.9813499451,80.2427978516,58227,58259,32
13.0082101822,80.2037277222,59520,59587,67
13.0102996826,80.2117767334,59779,59930,151
13.0094604492,80.2111282349,60354,60516,162
12.9563903809,80.2437210083,62482,62513,31
12.9010601044,80.2280197144,63341,63411,70
12.8925504684,80.2274398804,63553,63603,50
12.8922595978,80.2273178101,65257,65297,40
12.9007101059,80.2278137207,65398,65439,41
12.9563503265,80.2433624268,66346,66406,60
12.9964599609,80.216468811,68113,68153,40
12.9842796326,80.2228317261,71183,71223,40
12.984000206,80.2226791382,71223,71264,41
12.9799003601,80.2525863647,72019,72090,71
12.9293003082,80.2314071655,72826,72891,65
12.9067001343,80.2282791138,73074,73115,41
12.874879837,80.2101669312,74754,74945,191
12.9007701874,80.2278594971,75501,75561,60
12.9034900665,80.228012085,75622,75723,101
12.9098596573,80.2286834717,75844,75885,41
12.9488801956,80.2406387329,76441,76480,39
12.9563999176,80.2433624268,76602,76703,101
12.9634199142,80.2466201782,76814,76855,41
13.0087203979,80.2307434082,79114,79164,50
13.0066995621,80.2573394775,79487,79568,81
12.9978199005,80.2559814453,79709,79861,152
12.9977302551,80.256980896,80255,80396,141
12.9979600906,80.2564086914,80447,80598,151
12.9872903824,80.2585906982,82275,82316,41
12.9873199463,80.2584609985,82316,82474,158
13.0261201859,80.2658233643,83644,83686,42
13.0508298874,80.2155303955,85110,85147,37
12.78606987,80.222038269,152,213,61
12.7863502502,80.2218704224,808,1000,192
12.786359787,80.2203369141,18046,18087,41
13.0067195892,80.2570266724,24886,24984,98
12.9848003387,80.255241394,25390,25456,66
12.7866096497,80.2204818726,27594,27627,33
12.7862997055,80.2216415405,27678,27723,45
12.7864103317,80.2220611572,28531,28582,51
12.8394899368,80.2276611328,31401,31433,32
13.005979538,80.2573394775,33865,33915,50
13.0066099167,80.2477493286,34117,34157,40
13.029129982,80.2308120728,35015,35046,31
13.0344800949,80.2303237915,35146,35187,41
13.0347299576,80.2302932739,35187,35268,81
13.0350999832,80.2298965454,35500,35581,81
13.0350704193,80.2297286987,35591,35651,60
13.0347003937,80.2297821045,35651,35712,61
13.0343198776,80.2297210693,35712,35904,192
13.0114002228,80.227432251,38201,38232,31
13.0069904327,80.2398605347,38424,38464,40
13.0035400391,80.2569198608,38856,38897,41
13.0031700134,80.2568511963,38897,38937,40
13.0018796921,80.2566299438,38988,39048,60
12.9879198074,80.2558288574,39291,39331,40
12.9878196716,80.2558822632,39331,39442,111
12.9014101028,80.2280502319,40741,40782,41
12.7876396179,80.2209396362,42244,42285,41
12.7868404388,80.2206268311,42335,42396,61
12.786649704,80.2205429077,42466,42567,101
12.7862901688,80.2203979492,42567,42688,121
12.7861604691,80.221031189,43284,43324,40
12.7861404419,80.2206115723,43324,43355,31
12.78647995,80.2204818726,43365,43415,50
12.9004497528,80.2278137207,44758,44828,70
12.987739563,80.2513198853,46160,46252,92
12.9870300293,80.2584533691,46456,46645,189
12.9869298935,80.2587585449,47332,47372,40
12.986749649,80.2585983276,48876,48957,81
12.9867601395,80.258682251,49290,49351,61
12.9867696762,80.2590103149,54781,54852,71
12.9862098694,80.2555999756,54983,55023,40
12.8397502899,80.2276992798,57167,57218,51
12.7866601944,80.2205505371,57841,57912,71
12.7863101959,80.2203903198,57912,58003,91
12.7861404419,80.2206420898,59477,59568,91
12.7861604691,80.2202682495,59568,59608,40
12.78647995,80.2203979492,59618,59729,111
12.8392801285,80.2277832031,60393,60444,51
12.8454999924,80.2265167236,60525,60565,40
12.9487895966,80.240562439,62065,62106,41
12.9632797241,80.2465209961,62417,62467,50
12.987859726,80.2546768188,63202,63333,131
12.9992303848,80.256111145,63586,63636,50
13.0291996002,80.2308273315,64737,64787,50
13.0346403122,80.2303237915,64939,65059,120
13.0349597931,80.2301025391,65069,65129,60
13.0344600677,80.2298736572,66159,66341,182
13.0342102051,80.2298965454,66341,66411,70
13.0341901779,80.2302322388,66411,66502,91
13.0335702896,80.2304611206,66512,66543,31
13.0200004578,80.224861145,66945,66976,31
13.0068998337,80.2400588989,67339,67390,51
13.0065898895,80.2567596436,67682,67771,89
13.0025196075,80.2566986084,67923,68044,121
12.9911804199,80.2559585571,68337,68417,80
12.9908399582,80.2559585571,68417,68458,41
12.9863395691,80.2555618286,68579,68619,40
12.9563798904,80.243560791,69154,69185,31
12.9132795334,80.2293014526,69903,69934,31
12.9066801071,80.2283096313,70014,70055,41
12.8993701935,80.2278366089,70156,70197,41
12.8396997452,80.2276000977,71065,71096,31
12.7861299515,80.2203369141,71730,71780,50
12.7861795425,80.2217330933,71821,71881,60
12.7864198685,80.2203292847,73831,73871,40
12.900759697,80.2278137207,75194,75244,50
12.9633798599,80.2465515137,76102,76143,41
12.9669399261,80.2479782104,76193,76254,61
12.9874000549,80.251411438,76516,76607,91
13.0011301041,80.2564163208,76961,77001,40
13.0064697266,80.2521209717,77213,77253,40
13.034070015,80.2304000854,78202,78253,51
13.0343799591,80.2297286987,78314,78475,161
13.0341300964,80.2303771973,78727,78768,41
13.0267095566,80.2329406738,79008,79069,61
13.0251502991,80.2297821045,79129,79160,31
13.0233001709,80.2274780273,79220,79261,41
12.9984798431,80.2559661865,80179,80210,31
12.7862195969,80.2203216553,83010,83051,41
13.0759296417,80.2761001587,22467,22527,60
13.0767498016,80.2762069702,22558,22698,140
13.0820198059,80.2752914429,22820,22921,101
13.0816202164,80.2758636475,23103,23204,101
13.0739202499,80.276512146,23356,23396,40
12.9010896683,80.2279815674,25919,25969,50
13.0153999329,80.2248687744,33172,33203,31
13.0820102692,80.2752075195,34664,34775,111
13.0824699402,80.2785568237,36926,36977,51
13.0815896988,80.2758026123,37027,37078,51
13.0310697556,80.2401199341,38140,38241,101
12.9880895615,80.251411438,39230,39311,81
12.8993396759,80.2279586792,40562,40593,31
12.8453502655,80.2266693115,41187,41227,40
12.786359787,80.2204818726,42023,42114,91
12.7845897675,80.2196578979,42164,42204,40
12.7222604752,80.1876220703,43030,43071,41
12.8391599655,80.2277526855,47464,47541,77
12.8920202255,80.2272186279,48128,48159,31
12.9002103806,80.227722168,48260,48300,40
12.9064397812,80.2281036377,48421,48462,41
12.939620018,80.2355880737,48853,48904,51
12.9634504318,80.2465362549,49207,49265,58
12.9798002243,80.2525787354,49478,49538,60
12.9875497818,80.2513122559,49629,49728,99
13.038769722,80.2468338013,51121,51161,40
13.0761098862,80.2747268677,52009,52152,143
13.0819702148,80.2752990723,52335,52454,119
13.082159996,80.2755203247,52464,52636,172
13.0815401077,80.2758636475,53110,53181,71
13.0397396088,80.2470779419,54080,54120,40
13.0311899185,80.2402572632,54282,54352,70
12.839799881,80.2276763916,57113,57144,31
12.7862195969,80.2214431763,57868,57930,62
12.7863197327,80.2219619751,58365,58516,151
12.7863302231,80.2219085693,59304,59364,60
12.7862501144,80.2215270996,59374,59405,31
12.786190033,80.2203903198,59475,59576,101
12.8393802643,80.2277526855,60253,60304,51
12.9488801956,80.2406082153,61745,61795,50
12.956410408,80.2433319092,61926,61957,31
12.9862699509,80.2517471313,62399,62438,39
13.0260400772,80.2313766479,63389,63429,40
13.0388698578,80.2467803955,63764,63834,70
13.0709896088,80.2740631104,64569,64600,31
13.0793304443,80.2752304077,64744,64791,47
13.0823402405,80.2785873413,65659,65720,61
13.0686502457,80.2719116211,66033,66094,61
13.0314702988,80.2409896851,66959,66999,40
13.0068798065,80.2399978638,67776,67827,51
13.0066404343,80.247253418,67927,67968,41
12.9881095886,80.2513275146,68198,68289,91
12.9010000229,80.2279586792,69650,69739,89
12.7864599228,80.220451355,71245,71336,91
12.7861003876,80.2204437256,71336,71457,121
12.7861404419,80.2203292847,72326,72397,71
12.9875202179,80.2513122559,75023,75094,71
13.0820598602,80.2755279541,77320,77362,42
13.0749902725,80.275138855,81887,81937,50
13.09856987,80.2403793335,19358,19399,41
13.0991001129,80.2407073975,19439,19608,169
13.0985002518,80.2422790527,19699,19861,162
13.0066604614,80.2474594116,25996,26074,78
13.0156602859,80.2250595093,26468,26508,40
13.0656795502,80.2435379028,27713,27763,50
13.1003198624,80.2149887085,29951,30042,91
13.0070104599,80.2399291992,33456,33506,50
13.0066995621,80.2570571899,35091,35151,60
13.0066099167,80.2465286255,35484,35524,40
13.0154600143,80.2249832153,36048,36099,51
13.0341396332,80.2303771973,36540,36621,81
13.0963802338,80.2192764282,38513,38553,40
13.1004800797,80.2145462036,38723,38763,40
13.0352602005,80.2303466797,42527,42646,119
13.0269498825,80.2329483032,42883,42943,60
13.006819725,80.2514572144,43687,43727,40
13.0036697388,80.2570037842,43947,44028,81
13.0022602081,80.256690979,44058,44139,81
12.9969100952,80.2561721802,45255,45346,91
13.0329198837,80.2304992676,46776,46826,50
13.034330368,80.2303695679,46896,46937,41
13.0345697403,80.2303619385,46947,46997,50
13.0341796875,80.2371063232,47118,47179,61
13.0524997711,80.2412414551,47602,47663,61
13.0757799149,80.2340698242,48248,48319,71
13.0861196518,80.2344284058,52115,52155,40
13.0528001785,80.2418289185,53273,53313,40
13.0360202789,80.230506897,53727,53767,40
13.0355596542,80.2303085327,53777,53818,41
13.0269002914,80.2329788208,54060,54111,51
13.0066900253,80.2577514648,55380,55420,40
13.0066204071,80.2520980835,55521,55592,71
13.0066404343,80.2476196289,55652,55703,51
13.0291996002,80.2307434082,56378,56428,50
13.0342597961,80.2373199463,56681,56782,101
13.0445404053,80.240562439,56951,56982,31
13.0757799149,80.2341690063,57655,57716,61
13.0964202881,80.2192687988,58188,58230,42
13.0570402145,80.2428512573,61080,61111,31
13.0527601242,80.2418136597,61191,61242,51
13.0353803635,80.2303314209,61673,61744,71
13.0268497467,80.2329483032,61993,62025,32
13.0012998581,80.2565689087,63002,63072,70
12.9957704544,80.2669219971,63456,63526,70
12.9957304001,80.2674331665,63536,63587,51
12.9968204498,80.2563400269,64927,64978,51
12.9986200333,80.2559890747,65028,65068,40
13.0342798233,80.2303771973,66528,66639,111
13.0342197418,80.2371826172,66780,66851,71
13.0444202423,80.2406082153,67083,67143,60
13.0564804077,80.2425384521,67466,67506,40
13.0656404495,80.2434768677,67706,67766,60
13.1004400253,80.2145233154,69095,69135,40
13.0336198807,80.2304229736,72855,72886,31
13.0269498825,80.2329101563,73097,73148,51
13.0240001678,80.2283172607,73238,73279,41
13.0068998337,80.2400436401,73709,73771,62
12.9957199097,80.2674102783,74607,74658,51
12.9956798553,80.2673416138,75575,75606,31
12.9989995956,80.2559967041,75908,75948,40
13.0065097809,80.2529296875,76190,76231,41
13.0065202713,80.2524795532,76251,76301,50
13.0066900253,80.2518234253,76311,76372,61
13.0341796875,80.2304000854,77348,77408,60
13.0653896332,80.2435073853,78330,78373,43
13.0834302902,80.2332992554,78937,78988,51
13.0971298218,80.2169723511,79411,79442,31
13.0983495712,80.2141113281,79482,79542,60
13.0988798141,80.2404708862,80610,80660,50
13.0988798141,80.2403106689,80660,80812,152
13.0761203766,80.2753829956,9455,9536,81
13.0760698318,80.2752990723,12767,12908,141
13.075969696,80.2755508423,13161,13292,131
13.0758199692,80.2753601074,13352,13383,31
13.0757598877,80.2756576538,13433,13484,51
13.0757198334,80.2756195068,13484,13645,161
13.0757198334,80.2754974365,13645,13746,101
13.0757799149,80.2755508423,13746,13787,41
13.0757303238,80.2754974365,13787,13877,90
13.0757703781,80.2754135132,13887,13988,101
13.075799942,80.2755737305,14130,14200,70
13.0755395889,80.2756881714,14200,14281,81
13.0757198334,80.2753829956,15533,15695,162
13.075799942,80.2754821777,15776,15816,40
13.0757102966,80.2755584717,15836,15907,71
13.0757398605,80.2759094238,15988,16028,40
13.0757703781,80.2758636475,16038,16079,41
13.0756101608,80.2758712769,16079,16170,91
13.0757303238,80.2755432129,16180,16211,31
13.0755901337,80.2754592896,16251,16372,121
13.0756502151,80.2754821777,16504,16574,70
13.0758495331,80.2755432129,16605,16726,121
13.0758304596,80.2755432129,16786,16817,31
13.0753898621,80.2751235962,16978,17089,111
13.0756998062,80.2755508423,17220,17271,51
13.0754995346,80.2753601074,17402,17513,111
13.0756902695,80.2755432129,17523,17564,41
13.0756196976,80.2754516602,17634,17685,51
13.0756196976,80.2757034302,19331,19442,111
13.0757598877,80.2755432129,19714,19795,81
13.0757799149,80.2755432129,19815,19946,131
13.0758800507,80.2755508423,21582,21663,81
13.0788202286,80.2751083374,24022,24062,40
13.0813598633,80.2751617432,24122,24209,87
13.0819702148,80.2752685547,24229,24260,31
13.0820598602,80.275932312,24980,25061,81
13.0816297531,80.2759780884,25213,25293,80
13.0816001892,80.2755889893,25293,25334,41
13.0234498978,80.2276535034,26413,26453,40
13.0145101547,80.2261886597,26590,26622,32
13.0067396164,80.2473831177,26996,27027,31
12.9012203217,80.2280197144,28505,28596,91
12.7863197327,80.2203903198,29966,30017,51
12.7863502502,80.2203369141,31845,31915,70
12.9008903503,80.2278594971,33094,33165,71
12.9027900696,80.2279815674,33205,33246,41
12.9632701874,80.2465286255,34094,34152,58
12.979590416,80.2525863647,34394,34425,31
13.0384597778,80.2466583252,35812,35862,50
13.0817499161,80.2751235962,36756,36808,52
13.0821800232,80.2757263184,37361,37452,91
13.0821800232,80.2783203125,38774,38805,31
13.0314598083,80.2408905029,39954,39995,41
12.8996601105,80.2279281616,42401,42441,40
12.8398199081,80.2276306152,43158,43229,71
12.7883996964,80.2211990356,43895,43935,40
12.7881498337,80.2210617065,43945,44016,71
12.7862901688,80.2203979492,44168,44208,40
12.7861404419,80.2203979492,46025,46126,101
12.83934021,80.2276916504,46812,46852,40
12.9006996155,80.2277908325,47589,47640,51
12.9561595917,80.2433013916,48466,48497,31
12.9797096252,80.2526092529,48860,48921,61
12.9874801636,80.2513580322,49022,49082,60
13.0819101334,80.2752914429,51133,51224,91
13.0761299133,80.2747268677,51517,51608,91
13.076259613,80.2747497559,51618,51769,151
13.0823402405,80.2784729004,53695,53756,61
13.0815601349,80.2757110596,53806,53857,51
13.071849823,80.2746429443,54018,54049,31
13.0396604538,80.2469863892,54827,54867,40
13.0068798065,80.2399902344,55652,55693,41
12.9881095886,80.251373291,55965,56085,120
12.901049614,80.2279891968,57085,57156,71
12.7415800095,80.1971511841,58891,59002,111
12.7222499847,80.1875,59305,59355,50
12.7222604752,80.1875762939,60445,60607,162
12.7295503616,80.1889801025,60748,60779,31
12.786190033,80.2203369141,61364,61445,81
12.7892303467,80.221496582,61525,61667,142
12.8393297195,80.2277984619,62291,62371,80
12.9003400803,80.2278823853,63106,63147,41
12.9560499191,80.243347168,63914,63995,81
12.9796600342,80.2526321411,64378,64419,41
12.9871501923,80.2515106201,64509,64570,61
13.0065803528,80.2410430908,64871,64921,50
13.0242300034,80.2283096313,65466,65497,31
13.0259504318,80.2310409546,65557,65588,31
13.0265102386,80.232963562,65628,65678,50
13.0310297012,80.2395629883,65789,65860,71
13.0389003754,80.2468185425,66052,66112,60
13.0820302963,80.2755279541,67112,67253,141
13.082280159,80.2785415649,68302,68363,61
13.0739803314,80.2763671875,68555,68605,50
13.0719499588,80.2747268677,68655,68696,41
13.0396795273,80.2470397949,69524,69564,40
12.9878902435,80.2513427734,70788,70909,121
12.9565000534,80.2436599731,71341,71391,50
12.9169998169,80.2297592163,71969,72015,46
12.9071598053,80.2283096313,72076,72107,31
12.8925895691,80.2274169922,72351,72412,61
12.7845096588,80.2195281982,73742,73783,41
12.9007396698,80.2277984619,77998,78059,61
13.0389099121,80.2467498779,80194,80235,41
13.0759096146,80.2756881714,82004,82045,41
13.0264997482,80.2661132813,4794,4986,192
13.026599884,80.2660217285,5248,5401,153
13.0265598297,80.2660598755,5401,5441,40
13.0266199112,80.2660522461,5441,5512,71
13.0265598297,80.2660522461,5784,5835,51
13.0265903473,80.2660369873,5835,5885,50
13.0266199112,80.2660217285,5915,6016,101
13.0265302658,80.2659988403,6077,6208,131
13.0265798569,80.2660827637,6238,6269,31
13.0265302658,80.2661209106,6289,6329,40
13.0266504288,80.2660522461,6359,6390,31
13.0265798569,80.2660598755,6400,6481,81
13.0266799927,80.2660827637,6642,6713,71
13.0266599655,80.266166687,6894,6925,31
13.0266799927,80.2660522461,6925,6975,50
13.0264902115,80.2661972046,7056,7137,81
13.0266799927,80.2660064697,7137,7227,90
13.0265798569,80.2660064697,7227,7258,31
13.026720047,80.2660217285,7258,7318,60
13.0264997482,80.2659301758,7328,7399,71
13.0265398026,80.2660903931,7419,7601,182
13.0266103745,80.2662277222,7651,7682,31
13.026550293,80.26612854,7924,8045,121
13.0265798569,80.2660369873,8065,8186,121
13.0266199112,80.2659072876,8186,8237,51
13.0266304016,80.2659988403,8257,8378,121
13.026720047,80.2665405273,18778,18859,81
13.0265703201,80.2660293579,19353,19384,31
13.0264101028,80.2661437988,20454,20534,80
13.0267601013,80.2659835815,21130,21251,121
13.026720047,80.2661972046,21261,21332,71
13.0267400742,80.2659606934,21796,21897,101
13.0264596939,80.2661209106,22694,22886,192
13.026599884,80.2660675049,23148,23280,132
13.0261001587,80.2661972046,24311,24402,91
13.0776596069,80.2618789673,26461,26502,41
13.0790195465,80.2546005249,26813,26844,31
13.0777797699,80.262046814,29755,29795,40
13.022190094,80.2764968872,33053,33124,71
13.0391397476,80.2786483765,33525,33606,81
13.0439100266,80.2692108154,33798,33859,61
13.0446901321,80.2637481689,33949,34060,111
13.0998401642,80.2253112793,36312,36493,181
13.0978097916,80.2341918945,38853,38904,51
13.0975999832,80.2399902344,38934,39000,66
13.097319603,80.2420883179,39000,39103,103
13.0945196152,80.2412796021,39123,39255,132
13.0745401382,80.2636566162,40082,40139,57
13.0727500916,80.2611999512,40170,40211,41
13.0670604706,80.2702331543,40424,40576,152
13.0599298477,80.26587677,40596,40656,60
13.0422401428,80.2797393799,41320,41382,62
13.0352602005,80.2777786255,41412,41493,81
13.0304002762,80.2769622803,41523,41554,31
13.0258398056,80.2750778198,41634,41712,78
13.022310257,80.2761688232,41955,42036,81
13.0224199295,80.2761917114,42772,42853,81
13.0254402161,80.2751464844,43166,43217,51
13.0395498276,80.2789916992,43497,43548,51
13.0431404114,80.2746582031,43649,43709,60
13.0445203781,80.2637634277,43881,43921,40
13.0541000366,80.2532272339,44264,44295,31
13.0567998886,80.2568588257,44314,44345,31
13.0664596558,80.2683334351,44607,44638,31
13.0682001114,80.2695083618,44688,44748,60
13.072810173,80.2618637085,44839,44880,41
13.0731401443,80.2611618042,44880,45051,171
13.0773801804,80.2608566284,45051,45102,51
13.1008195877,80.2145080566,46612,46652,40
13.1053600311,80.2086105347,46814,46861,47
13.1051998138,80.2078781128,47246,47277,31
13.1051301956,80.207862854,47277,47317,40
13.105389595,80.2086181641,47347,47378,31
13.1051797867,80.2081222534,47387,47438,51
13.1050395966,80.2080001831,47539,47610,71
13.1052398682,80.2081298828,48692,48773,81
13.1017599106,80.211479187,48945,49126,181
13.0999403,80.2257232666,49126,49157,31
13.0851602554,80.2455291748,49702,49772,70
13.0858602524,80.2503204346,49792,49863,71
13.0825796127,80.2544631958,49994,50075,81
13.0777797699,80.2621002197,50226,50265,39
13.0778303146,80.2622528076,50265,50325,60
13.0722398758,80.2638778687,50496,50618,122
13.0564403534,80.2572174072,51030,51070,40
13.0539102554,80.2529830933,51110,51150,40
13.0466098785,80.2545776367,51211,51292,81
13.0447397232,80.2694702148,51443,51474,31
13.0436201096,80.2732772827,51504,51635,131
13.0435199738,80.2794799805,51665,51776,111
13.0344600677,80.2774810791,51786,51918,132
13.0275001526,80.2758865356,51918,51968,50
13.0238399506,80.2738113403,52008,52039,31
13.0221996307,80.2763137817,52595,52635,40
13.0222997665,80.2762527466,52665,52696,31
13.0221300125,80.2762832642,52736,52786,50
13.0221204758,80.2762374878,53291,53342,51
13.0221595764,80.2762832642,53362,53432,70
13.0256795883,80.2748565674,53543,53634,91
13.0334300995,80.2771072388,53755,53816,61
13.0427398682,80.2796173096,53937,54017,80
13.0453796387,80.2615432739,54339,54451,112
13.0472602844,80.2544631958,54451,54552,101
13.0604400635,80.2609863281,54723,54794,71
13.0664596558,80.2683181763,54885,54925,40
13.068810463,80.2674179077,54945,55005,60
13.079000473,80.2565307617,55420,55481,61
13.0874204636,80.2432479858,55859,55959,100
13.1022901535,80.22631073,56274,56385,111
13.0990495682,80.2243499756,56385,56416,31
13.1005802155,80.2146987915,56516,56547,31
13.1031398773,80.2081680298,56668,56756,88
13.1000003815,80.2258224487,58733,58784,51
13.0995597839,80.2306976318,58804,58843,39
13.0983800888,80.2352523804,58915,58996,81
13.094039917,80.2411193848,59084,59115,31
13.0783395767,80.256362915,59678,59739,61
13.077750206,80.2625732422,59779,59816,37
13.0775499344,80.2639007568,59898,60088,190
13.0716495514,80.2647323608,60108,60148,40
13.0689201355,80.2672576904,60169,60229,60
13.0673398972,80.2705917358,60249,60280,31
13.062379837,80.2669906616,60381,60431,50
13.0459299088,80.2575683594,60946,60986,40
13.0430498123,80.2766189575,61410,61466,56
13.0403795242,80.2792434692,61539,61600,61
13.0321598053,80.2752990723,61731,61892,161
13.0226202011,80.2763290405,61943,62024,81
13.0223398209,80.2764434814,62044,62135,91
13.0240001678,80.2736434937,63277,63378,101
13.0332202911,80.2774429321,63525,63578,53
13.0433397293,80.2745437622,63841,63881,40
13.0445404053,80.266998291,64031,64062,31
13.0445699692,80.2637863159,64123,64163,40
13.0516500473,80.2513885498,64435,64466,31
13.0524902344,80.2507781982,64506,64567,61
13.0663604736,80.2678527832,64888,64928,40
13.0765104294,80.2610931396,65473,65504,31
13.105509758,80.2082366943,67518,67669,151
13.1027603149,80.2091674805,68053,68093,40
13.1008501053,80.2137680054,68142,68302,160
13.0973997116,80.2420578003,68896,68937,41
13.0924196243,80.2410202026,69080,69127,47
13.0376501083,80.2784805298,72073,72143,70
13.0365400314,80.2779998779,72244,72285,41
13.0360298157,80.2778625488,72305,72365,60
13.0356903076,80.2777633667,72375,72436,61
13.0352802277,80.2777481079,72456,72537,81
13.0342702866,80.2775802612,72587,72618,31
13.02546978,80.2750473022,72870,73021,151
13.0223197937,80.2763595581,73140,73191,51
13.0222997665,80.2764892578,73201,73241,40
13.0226097107,80.2770614624,73312,73433,121
13.0523004532,80.2508163452,75009,75069,60
13.0795497894,80.2546615601,76077,76127,50
13.0996198654,80.2299804688,76934,76965,31
13.1003599167,80.2149505615,77207,77247,40
13.1051998138,80.2078933716,77502,77542,40
13.1053104401,80.2083511353,77593,77653,60
13.0771102905,80.2568969727,79468,79569,101
13.0775899887,80.2618484497,79706,79769,63
13.0711803436,80.2647094727,79991,80081,90
13.0571403503,80.2595214844,80445,80566,121
13.051440239,80.2510986328,80576,80626,50
13.0263595581,80.266418457,81857,82051,194
13.0267801285,80.2658615112,82141,82172,31
12.9968996048,80.2571105957,30326,30407,81
12.9969100952,80.2570877075,30447,30591,144
12.9971504211,80.2570037842,33509,33600,91
12.9968795776,80.2571411133,38277,38317,40
12.9968395233,80.2571411133,40256,40357,101
12.9969501495,80.2571029663,48600,48721,121
12.9968795776,80.2569732666,49468,49600,132
12.9969301224,80.2570571899,49600,49670,70
12.9969100952,80.2571029663,49670,49832,162
12.9970598221,80.2569732666,50296,50337,41
12.9969100952,80.2570571899,63185,63326,141
12.9968996048,80.256980896,65800,65992,192
12.997010231,80.2572631836,76913,77034,121
13.0152997971,80.2248764038,21721,21752,31
13.034119606,80.230430603,22065,22116,51
13.0343799591,80.2297363281,22186,22318,132
13.0341596603,80.2300567627,22318,22499,181
13.0067396164,80.2573394775,24458,24559,101
13.0065803528,80.2577133179,26102,26143,41
13.0067300797,80.2481384277,26303,26335,32
13.0254402161,80.2301635742,29576,29636,60
13.0336103439,80.267868042,31059,31219,160
13.0334796906,80.2678604126,31219,31330,111
13.0065402985,80.2576904297,31966,32088,122
13.0066003799,80.2518768311,32189,32249,60
13.014960289,80.2245025635,32784,32815,31
13.0349397659,80.2297821045,33340,33391,51
13.0341997147,80.2299423218,33714,33865,151
13.0106496811,80.2277526855,35078,35217,139
13.0068998337,80.2495803833,35569,35609,40
13.0066995621,80.2570495605,35710,35801,91
13.0333404541,80.2677612305,36445,36486,41
13.0149297714,80.2245483398,38479,38541,62
13.0155000687,80.2249603271,38561,38592,31
13.029419899,80.230796814,38945,38985,40
13.0348396301,80.2299880981,39066,39107,41
13.0346698761,80.2299804688,39107,39228,121
13.034119606,80.2301864624,40046,40106,60
13.0268001556,80.2329864502,40349,40419,70
13.0197896957,80.2247314453,40621,40660,39
13.014289856,80.2262573242,40730,40761,31
13.0106601715,80.227722168,40833,40887,54
13.006819725,80.2513809204,41230,41261,31
13.0067195892,80.2572402954,41331,41372,41
13.033370018,80.2677764893,42046,42077,31
13.0345001221,80.2679824829,42127,42178,51
13.0065202713,80.2576828003,43571,43682,111
13.0337400436,80.2304992676,44762,44863,101
13.0342702866,80.2298965454,44944,45055,111
13.0341796875,80.2302703857,45065,45105,40
13.0270996094,80.2329025269,45314,45356,42
13.0147895813,80.2260894775,45659,45699,40
13.0267896652,80.2657623291,47073,47144,71
13.0334701538,80.2678985596,50469,50660,191
13.0162000656,80.2597579956,51044,51075,31
13.0065002441,80.2575378418,51236,51327,91
13.0339097977,80.23046875,52446,52577,131
13.0349502563,80.2297973633,52628,52698,70
13.0345201492,80.2297363281,52709,52870,161
13.0066604614,80.2571792603,54948,54989,41
13.0294103622,80.2664794922,55524,55590,66
13.0065498352,80.2576904297,57673,57744,71
13.0066404343,80.2474975586,57895,57966,71
13.0340795517,80.2304916382,58823,58863,40
13.0348796844,80.2303009033,58893,58934,41
13.0350704193,80.2299118042,58954,59055,101
13.034740448,80.2298202515,59065,59186,121
13.0268096924,80.2329788208,60277,60344,67
13.0082101822,80.2337188721,60747,60778,31
13.0068101883,80.2515411377,61109,61149,40
13.0066795349,80.2573013306,61250,61291,41
13.0335197449,80.2678604126,61927,61974,47
13.0065202713,80.2576217651,63873,63984,111
13.033200264,80.2304992676,64993,65024,31
13.0337896347,80.2304534912,65044,65104,60
13.0348300934,80.2299880981,65135,65226,91
13.034119606,80.2302017212,66175,66215,40
13.0069904327,80.2397384644,67065,67104,39
13.0066795349,80.2572402954,67418,67529,111
13.0343704224,80.2680511475,68377,68408,31
13.0064601898,80.2520523071,69741,69802,61
13.029250145,80.2307815552,70621,70671,50
13.0069904327,80.2394485474,72780,72821,41
13.0066404343,80.2572402954,73164,73245,81
13.0163497925,80.2596130371,73386,73417,31
13.0263795853,80.2659988403,75589,75640,51
13.0065002441,80.2532424927,76193,76233,40
13.0065002441,80.2526779175,76260,76311,51
13.0065898895,80.2520370483,76332,76383,51
13.0340099335,80.2304611206,78190,78230,40
13.0068502426,80.2400970459,78984,79044,60
13.0145101547,80.2255096436,11220,11301,81
13.0147600174,80.2258834839,20059,20170,111
13.0146999359,80.2258605957,20493,20554,61
13.0147399902,80.2258071899,32440,32541,101
13.0147600174,80.2256698608,39461,39582,121
13.0146999359,80.2255783081,46230,46411,181
13.0147104263,80.2255935669,48310,48421,111
13.0147800446,80.2257537842,49280,49411,131
13.0146198273,80.2256088257,49411,49472,61
13.0145196915,80.2254867554,49472,49512,40
13.0146303177,80.2255783081,49512,49583,71
13.0147600174,80.2256698608,49593,49725,132
13.0146503448,80.2256774902,49725,49785,60
13.0148000717,80.2258682251,60726,60908,182
13.0145597458,80.2256774902,67010,67112,102
12.9984502792,80.2571182251,4058,4129,71
12.9983100891,80.2571563721,4129,4186,57
12.9977302551,80.2562484741,19717,19757,40
12.8747701645,80.2098388672,21548,21721,173
13.0070199966,80.2096862793,24286,24317,31
13.0094099045,80.2108001709,25438,25488,50
12.9799804688,80.2525863647,26860,26901,41
12.9800195694,80.2526931763,26901,26973,72
12.8746795654,80.2097930908,28859,28930,71
12.8746700287,80.209777832,28960,29051,91
12.8746204376,80.2098922729,29807,29898,91
12.8777599335,80.2198410034,30171,30231,60
12.9005899429,80.2277908325,30677,30748,71
12.9633998871,80.2465820313,31714,31745,31
13.010840416,80.2121963501,33974,34055,81
13.0107898712,80.2119216919,34095,34216,121
13.010840416,80.2119979858,34216,34257,41
13.0106697083,80.2121582031,34267,34408,141
13.0108003616,80.2121582031,34408,34458,50
13.0108203888,80.2121276855,34458,34549,91
13.0095796585,80.2111282349,34810,34860,50
13.0094804764,80.2110595703,34951,34991,40
12.9816799164,80.2304992676,36251,36291,40
12.9799499512,80.2526321411,36632,36723,91
12.963760376,80.246887207,36965,36996,31
12.9568099976,80.2438201904,37117,37187,70
12.9070701599,80.2283096313,37964,38025,61
12.9013004303,80.2279891968,38126,38186,60
12.8993797302,80.2279205322,38236,38267,31
12.8925304413,80.2274627686,38368,38408,40
12.8750095367,80.2096633911,39031,39132,101
12.8743000031,80.2097473145,39223,39304,81
12.8747797012,80.2100906372,39818,39869,51
12.87541008,80.2094192505,39909,39960,51
12.876449585,80.2268600464,40292,40323,31
12.8922595978,80.2272796631,40502,40573,71
12.9813098907,80.2397994995,42196,42257,61
13.0070199966,80.2097167969,43356,43417,61
13.0097999573,80.2111968994,43859,43919,60
13.0097904205,80.2111816406,44192,44252,60
13.0095300674,80.211227417,44302,44403,101
13.00963974,80.2112731934,44403,44494,91
13.0096998215,80.2112579346,44535,44605,70
13.0095996857,80.2112197876,44615,44666,51
13.0096702576,80.2111968994,44746,44777,31
13.0094604492,80.2111434937,44777,44948,171
13.0092401505,80.211151123,44999,45040,41
13.0095701218,80.2109527588,45070,45101,31
13.0094404221,80.2109680176,45131,45191,60
12.9848899841,80.22315979,46135,46166,31
12.9764099121,80.2216873169,46378,46418,40
12.8992395401,80.2278594971,48252,48291,39
12.8790998459,80.2108917236,48867,48907,40
12.8746995926,80.2099609375,49069,49129,60
12.8746700287,80.2098388672,49140,49180,40
12.8747596741,80.2098617554,49583,49614,31
12.874830246,80.2097473145,49624,49745,121
12.874710083,80.2098007202,49856,49896,40
12.8746595383,80.2097091675,50350,50411,61
12.8747901917,80.2097015381,50511,50552,41
12.8746099472,80.2097167969,50592,50633,41
12.8741903305,80.2116775513,50683,50714,31
12.87458992,80.2099075317,50835,50876,41
12.8746004105,80.2097167969,50916,50987,71
12.9007701874,80.2279129028,51591,51708,117
12.9065198898,80.2282028198,51823,51873,50
13.0097999573,80.2112731934,54681,54741,60
13.0096502304,80.2111587524,54974,55024,50
13.0096197128,80.2112197876,55034,55155,121
12.9564599991,80.2437362671,57057,57096,39
12.8749799728,80.2102279663,58524,58555,31
12.8746595383,80.2098312378,58604,58635,31
12.8746795654,80.2097015381,58655,58696,41
12.8746204376,80.2098083496,58726,58777,51
12.8745698929,80.2097320557,58787,58888,101
12.874540329,80.2093963623,58988,59019,31
12.8742799759,80.2081604004,59150,59190,40
12.874830246,80.2102584839,59241,59382,141
12.8745498657,80.2099075317,59392,59432,40
12.8746404648,80.2098312378,59785,59816,31
12.8748903275,80.2101364136,59836,59907,71
12.9397296906,80.2356414795,61186,61226,40
12.9561004639,80.2432632446,61529,61569,40
12.9633703232,80.2465591431,61700,61741,41
13.0070199966,80.209777832,63322,63363,41
13.0136098862,80.2047576904,63564,63653,89
13.010020256,80.211517334,63864,63926,62
13.0100498199,80.2113800049,63946,64027,81
13.0095100403,80.2110366821,64541,64602,61
12.976360321,80.2217330933,65707,65738,31
12.9799404144,80.2525405884,66250,66341,91
12.963549614,80.2468032837,66603,66634,31
12.9067697525,80.2282409668,67529,67570,41
12.8921899796,80.2272186279,69354,69396,42
12.90625,80.2281570435,69658,69719,61
12.9487400055,80.2406082153,70453,70504,51
12.9632997513,80.24659729,70806,70867,61
12.9832296371,80.2221374512,71942,71978,36
13.0069303513,80.2096633911,72579,72673,94
13.0095100403,80.2111129761,73117,73188,71
13.0094003677,80.2108306885,73188,73379,191
12.9909601212,80.2200393677,74144,74175,31
12.9764003754,80.2216491699,74538,74579,41
12.9876699448,80.2513275146,75211,75313,102
12.9877195358,80.2555007935,75374,75485,111
12.9967002869,80.2557373047,75666,75727,61
12.9976596832,80.256439209,77657,77768,111
12.9984197617,80.2571105957,80119,80291,172
12.9986600876,80.257232666,81547,81671,124
12.9984502792,80.2570877075,84166,84230,64
12.9988203049,80.257232666,84239,84346,107
12.9985399246,80.2570877075,84346,84394,48
13.0333404541,80.2302703857,4635,4696,61
13.0332698822,80.2303009033,4696,4736,40
13.0332403183,80.2301635742,6181,6302,121
13.033370018,80.2303085327,6302,6383,81
13.0332698822,80.2303237915,9588,9709,121
13.0332403183,80.2303924561,10143,10174,31
13.0331497192,80.230430603,10174,10214,40
13.033249855,80.2303924561,10214,10396,182
13.0333900452,80.2304611206,10396,10507,111
13.0332403183,80.2302703857,10507,10638,131
13.0333404541,80.2302017212,10648,10749,101
13.033370018,80.2301635742,11942,12093,151
13.0333204269,80.2302398682,12528,12560,32
13.0333795547,80.2303390503,12570,12610,40
13.0332899094,80.2302474976,12984,13156,172
13.0330696106,80.2302398682,13156,13237,81
13.0333204269,80.2303390503,13237,13338,101
13.032910347,80.2300872803,13368,13399,31
13.0331201553,80.2301712036,13399,13510,111
13.0335102081,80.2303771973,13520,13611,91
13.0330896378,80.23046875,15106,15207,101
13.0332803726,80.2305984497,15207,15247,40
13.0331802368,80.2305221558,15257,15308,51
13.0339603424,80.2298583984,25213,25384,171
13.0342798233,80.2300415039,25384,25506,122
13.0485897064,80.2119674683,26394,26425,31
13.0497703552,80.2118988037,26445,26485,40
13.0687599182,80.205039978,26945,27086,141
13.0719804764,80.2022399902,27197,27228,31
13.069319725,80.1240234375,28952,29023,71
13.0679998398,80.2053604126,30457,30548,91
13.0345897675,80.2297973633,32434,32474,40
13.0342302322,80.230140686,33434,33525,91
13.0350999832,80.2299499512,34425,34597,172
13.0346498489,80.2298202515,34597,34657,60
13.0345697403,80.2298583984,34657,34748,91
13.0343799591,80.2297821045,34748,34900,152
13.0343103409,80.2301177979,34900,34991,91
13.0348596573,80.2302398682,35011,35051,40
13.0471696854,80.2329711914,35253,35304,51
13.0535402298,80.2243881226,35677,35728,51
13.0444297791,80.2126235962,36019,36089,70
13.0474796295,80.2120895386,36140,36201,61
13.0687704086,80.2052764893,37616,37666,50
13.0681495667,80.2054595947,37676,37727,51
13.0679101944,80.2052230835,37737,37848,111
13.0681200027,80.2049026489,37848,37969,121
13.0499095917,80.2118682861,39139,39200,61
13.0500297546,80.2129211426,39220,39260,40
13.0522499084,80.2198486328,39422,39458,36
13.0525598526,80.2405090332,40077,40127,50
13.0345201492,80.2297973633,40693,40875,182
13.0333900452,80.2299804688,40905,40966,61
13.0339298248,80.2298431396,41876,41917,41
13.0342502594,80.2300491333,42432,42604,172
13.0363397598,80.2305908203,42654,42694,40
13.0471401215,80.2329330444,42856,42896,40
13.0444202423,80.2128219604,43632,43702,70
13.0697698593,80.1241607666,45804,45855,51
13.0698099136,80.1239776611,45865,45915,50
13.0697898865,80.123916626,46269,46330,61
13.0679798126,80.2053604126,47913,47954,41
13.052189827,80.2196731567,48529,48560,31
13.0524902344,80.2406005859,49183,49224,41
13.0351896286,80.2303009033,49608,49709,101
13.0348901749,80.2301177979,49719,49881,162
13.0345802307,80.229927063,49881,50042,161
13.0346097946,80.2299804688,50699,50780,81
13.0342197418,80.2298736572,52790,52962,172
13.0268802643,80.2330093384,58494,58545,51
13.0144395828,80.2263031006,58829,58876,47
13.0069999695,80.2400436401,59059,59099,40
13.0067195892,80.256942749,59312,59363,51
13.0065202713,80.2576217651,60656,60777,121
13.0066003799,80.2475204468,60969,61050,81
13.0343103409,80.230430603,61979,62050,71
13.034819603,80.2298583984,62100,62181,81
13.0346498489,80.2298202515,62181,62262,81
13.0342597961,80.2297973633,62272,62373,101
13.0342197418,80.2302398682,62383,62545,162
13.0107698441,80.2590866089,63625,63672,47
13.033200264,80.2677001953,64945,64985,40
13.0332098007,80.267791748,65611,65733,122
13.0065402985,80.2577209473,66438,66478,40
13.0065002441,80.2522964478,66591,66662,71
13.0065603256,80.2476730347,66733,66793,60
13.0150299072,80.224609375,67312,67343,31
13.0345001221,80.2302932739,67848,67898,50
13.0340995789,80.230178833,68666,68727,61
13.0308799744,80.2306976318,68828,68868,40
13.0268201828,80.2329406738,69050,69100,50
13.0066003799,80.2568511963,70038,70069,31
13.0335798264,80.2677764893,70827,70864,37
13.0265302658,80.2659988403,72352,72414,62
13.0064601898,80.25756073,72958,73050,92
13.0065402985,80.2519226074,73272,73343,71
13.0065603256,80.2474365234,73434,73515,81
13.0344104767,80.2297210693,74618,74790,172
13.0342302322,80.2300567627,74800,74850,50
13.034119606,80.2303466797,74860,74911,51
13.0333995819,80.2677993774,76840,77022,182
13.0065002441,80.2576599121,78911,78960,49
13.0065402985,80.2522506714,79101,79142,41
12.9883499146,80.2238998413,30820,30911,91
12.9864501953,80.2587814331,2109,2150,41
12.9866895676,80.259262085,17274,17445,171
12.9870996475,80.2591934204,19667,19717,50
12.9874000549,80.2587585449,19727,19758,31
12.9872398376,80.2595901489,23516,23547,31
12.9869804382,80.2595672607,23547,23597,50
12.9374799728,80.1284408569,26981,27012,31
12.9268398285,80.1178817749,27385,27416,31
12.9875297546,80.251411438,30747,30818,71
12.9868001938,80.2586975098,31030,31101,71
12.9871797562,80.2586364746,31323,31505,182
12.9878196716,80.2518768311,33393,33443,50
12.9564304352,80.2437362671,33847,33908,61
12.968290329,80.1494903564,35367,35417,50
12.9690198898,80.149810791,35437,35629,192
12.9733400345,80.1529922485,35730,35770,40
12.9692802429,80.150062561,35851,35882,31
12.9492301941,80.185043335,36457,36497,40
12.9798297882,80.2526397705,37608,37658,50
12.9877004623,80.2555007935,37811,37902,91
12.9872703552,80.2593536377,37972,38023,51
12.9875097275,80.256187439,39224,39275,51
12.9565496445,80.2437515259,39770,39810,40
12.9491901398,80.2393417358,39951,39982,31
12.9490404129,80.185333252,40658,40759,101
12.9424495697,80.1332015991,41607,41638,31
12.9375696182,80.1285400391,41708,41759,51
12.9265003204,80.1177825928,42041,42072,31
12.9267597198,80.1178436279,42223,42324,101
12.927069664,80.1180419922,42324,42405,81
12.9315004349,80.1225967407,43091,43132,41
12.9511203766,80.139831543,43495,43536,41
12.9499101639,80.2350387573,44707,44767,60
12.9498596191,80.2355499268,44787,44868,81
12.9793395996,80.2526321411,45405,45436,31
12.9798603058,80.2526779175,45456,45536,80
12.9869604111,80.2515792847,45607,45658,51
12.9876804352,80.2553482056,45738,45849,111
12.9872398376,80.2595596313,45930,46082,152
12.9867801666,80.2590866089,49071,49121,50
12.9875297546,80.2560272217,49212,49252,40
12.987830162,80.2519378662,49343,49394,51
12.9497900009,80.2360610962,49998,50040,42
12.9682798386,80.1494903564,51100,51150,50
12.9675197601,80.1492462158,51352,51393,41
12.9634599686,80.2466506958,52586,52626,40
12.9871397018,80.2515182495,52889,52959,70
12.9866199493,80.2594223022,53151,53212,61
12.9875898361,80.2560806274,54545,54686,141
12.9259796143,80.1169586182,56959,57029,70
12.9266395569,80.1177368164,57069,57140,71
12.9269695282,80.1179504395,57140,57201,61
12.9316101074,80.122718811,57928,57968,40
12.9499702454,80.2357635498,59352,59383,31
12.9563598633,80.2434234619,59574,59605,31
12.9871397018,80.2514801025,60008,60059,51
12.987739563,80.255607605,60140,60210,70
12.9876499176,80.2556762695,60220,60321,101
12.9872999191,80.259552002,60372,60412,40
12.9874401093,80.2574768066,62906,63098,192
12.9876003265,80.2560195923,63512,63563,51
12.9490299225,80.240737915,64017,64067,50
12.9544200897,80.1588973999,64845,64885,40
12.9729795456,80.1528091431,65572,65632,60
12.9674596786,80.1492462158,65764,65804,40
12.9491996765,80.1852416992,66359,66410,51
12.9499902725,80.2353591919,66976,67057,81
12.9498901367,80.2356185913,67067,67178,111
12.9562797546,80.243347168,67360,67410,50
12.9797401428,80.2526321411,67743,67784,41
12.9872398376,80.2514419556,67875,67955,80
12.987859726,80.2536392212,68006,68046,40
12.987859726,80.2538070679,68046,68187,141
12.9872598648,80.2591323853,68319,68379,60
12.9869699478,80.2591171265,68470,68571,101
12.9873199463,80.2584915161,68601,68632,31
12.9490404129,80.2407302856,69369,69429,60
12.9489202499,80.1852416992,69985,70065,80
12.9374599457,80.1284408569,70884,70935,51
12.9268798828,80.1178817749,71429,71480,51
12.9270496368,80.118019104,71490,71540,50
12.929189682,80.1202316284,71874,72035,161
12.9290895462,80.1202011108,72035,72085,50
12.9293298721,80.1204223633,72096,72136,40
12.9299402237,80.1210327148,72146,72186,40
12.9358196259,80.1267623901,72298,72348,50
12.9512701035,80.1399230957,72711,72742,31
12.9632101059,80.2465133667,74189,74229,40
12.9983100891,80.2382278442,288,329,41
12.9908895493,80.2331695557,491,551,60
12.9982500076,80.2381515503,1087,1198,111
12.9983701706,80.2381210327,1198,1239,41
12.9982204437,80.2381515503,1249,1299,50
12.998049736,80.2381973267,1309,1360,51
12.9982004166,80.2380828857,1360,1471,111
12.9912996292,80.2337112427,1643,1754,111
12.991060257,80.2331619263,1805,1946,141
12.9910697937,80.2332229614,1946,2017,71
12.9982795715,80.2380828857,3978,4009,31
12.9913597107,80.2337036133,4170,4271,101
12.9909200668,80.233039856,4918,5070,152
12.9909496307,80.233039856,5434,5505,71
12.9907197952,80.2329406738,5505,5565,60
12.9907398224,80.2329711914,6010,6101,91
12.9881401062,80.2236480713,17217,17257,40
12.9881401062,80.2236480713,17267,17328,61
12.9881401062,80.2236633301,17692,17864,172
12.9881496429,80.2236785889,17864,17955,91
12.9882097244,80.2237319946,19339,19481,142
12.9882698059,80.223739624,30707,30889,182
12.9936800003,80.2329788208,34265,34387,122
12.9938001633,80.2330627441,34700,34821,121
12.9937200546,80.2330780029,36661,36853,192
12.9935998917,80.2332611084,38451,38552,101
12.9935998917,80.2331695557,39249,39421,172
12.9935798645,80.2331008911,39421,39563,142
12.9936599731,80.2331390381,39563,39654,91
12.993639946,80.233253479,39664,39755,91
12.9934196472,80.2340164185,39805,39836,31
12.9934396744,80.2343215942,39836,39876,40
12.9973402023,80.2399368286,40129,40179,50
12.9984502792,80.2399368286,40665,40756,91
12.9984502792,80.2399291992,41616,41778,162
12.9883499146,80.2237014771,48930,48961,31
12.9917497635,80.2336196899,50023,50114,91
12.9884004593,80.2513885498,50650,50710,60
12.8920898438,80.2272720337,64377,64417,40
12.90046978,80.2278213501,64508,64548,40
12.9563302994,80.2433166504,65155,65307,152
12.9858798981,80.2517089844,65630,65701,71
12.9883298874,80.2236404419,66773,66854,81
12.9881801605,80.2236862183,66864,66915,51
12.990940094,80.2328567505,68643,68694,51
12.9908304214,80.2330780029,71386,71518,132
13.0021696091,80.2395935059,71750,71801,51
12.9909896851,80.233039856,72559,72599,40
12.9909200668,80.2330169678,72619,72731,112
12.9907197952,80.2329711914,72731,72791,60
12.9909696579,80.233253479,72791,72872,81
12.9910097122,80.2330627441,72872,72903,31
12.9908895493,80.233039856,72913,72973,60
12.9909000397,80.2329177856,73024,73186,162
12.9910802841,80.2331771851,73428,73459,31
12.9982204437,80.2379989624,73671,73711,40
12.9907197952,80.229637146,75816,75866,50
12.9909200668,80.2330780029,76331,76362,31
12.9908800125,80.2330703735,76362,76524,162
12.9908895493,80.2330627441,76756,76928,172
12.991060257,80.2329177856,76928,77009,81
12.9909696579,80.233001709,77009,77090,81
12.9908895493,80.2330627441,77090,77241,151
12.9908599854,80.2330474854,79940,80082,142
12.9883298874,80.2233276367,80294,80335,41
12.9983196259,80.2380828857,81904,81964,60
12.9901504517,80.2271881104,82197,82268,71
12.9910202026,80.2328796387,82733,82803,70
12.9909601212,80.2331008911,83652,83723,71
12.991109848,80.2330169678,83733,83834,101
12.9911403656,80.233039856,84421,84481,60
12.9912204742,80.2330703735,84765,84897,132
12.9914503098,80.2334899902,86251,86312,61
13.075969696,80.2757568359,18024,18075,51
13.0760002136,80.2759170532,21108,21260,152
13.0759000778,80.2761383057,21260,21391,131
13.0875997543,80.2838973999,21745,21796,51
13.0878601074,80.2839279175,21846,21907,61
13.0435800552,80.279800415,22706,22756,50
13.0435400009,80.279838562,22756,22787,31
13.0059204102,80.2402191162,23858,23899,41
13.0090303421,80.2297363281,24010,24060,50
13.0048103333,80.2125701904,24283,24323,40
13.0046701431,80.2076263428,24354,24404,50
13.0157003403,80.205406189,24596,24657,61
13.0143499374,80.2260818481,26497,26659,162
13.0295000076,80.2456436157,27093,27154,61
13.0294599533,80.2454605103,27154,27185,31
13.0293998718,80.2665405273,27548,27589,41
13.086640358,80.2838668823,28914,28945,31
13.0868501663,80.2839126587,28955,29016,61
13.0877799988,80.2839279175,29824,29865,41
13.0887699127,80.2902984619,30158,30208,50
13.0436496735,80.279800415,30808,30859,51
13.0371198654,80.2676391602,31253,31304,51
13.0107498169,80.224861145,32668,32719,51
13.0077295303,80.2129669189,32891,32982,91
13.0038604736,80.2079772949,33022,33063,41
13.0082302094,80.2099304199,33133,33194,61
13.0132598877,80.2100601196,33427,33467,40
13.0101604462,80.2116394043,33518,33558,40
13.0093297958,80.2111587524,34822,34974,152
13.0090999603,80.2114715576,34974,35014,40
13.0294103622,80.2455825806,35883,35934,51
13.0444297791,80.2693710327,36895,36935,40
13.0638399124,80.2833328247,37400,37450,50
13.0893001556,80.2900924683,37804,37835,31
13.0877399445,80.2838973999,38199,38340,141
13.0880899429,80.2838516235,38340,38391,51
13.081609726,80.2783508301,38542,38583,41
13.0817298889,80.2767868042,38653,38684,31
13.0717802048,80.2746505737,39189,39240,51
13.0583295822,80.2653579712,39553,39584,31
13.0266599655,80.2655563354,40342,40383,41
13.0867500305,80.2839202881,42914,42955,41
13.0372896194,80.267578125,44501,44552,51
13.0271596909,80.2567825317,45077,45128,51
13.0285797119,80.2498931885,45229,45280,51
13.0073003769,80.2403411865,45714,45755,41
13.0100002289,80.2114715576,46735,46786,51
13.0098400116,80.2114562988,47089,47120,31
13.0106496811,80.2273101807,48212,48313,101
13.0177001953,80.2408828735,48545,48576,31
13.0284500122,80.2458114624,48707,48798,91
13.029419899,80.2464294434,48798,48829,31
13.0260000229,80.262802124,49081,49112,31
13.0371799469,80.2664489746,49344,49375,31
13.0376796722,80.2636184692,49395,49496,101
13.0807504654,80.2884674072,50457,50488,31
13.0849304199,80.2891235352,50518,50690,172
13.0864400864,80.2834320068,50750,50932,182
13.0879001617,80.2836914063,50993,51114,121
13.0756196976,80.2748794556,52024,52085,61
13.08796978,80.2837677002,53177,53247,70
13.0885000229,80.2852020264,53430,53591,161
13.0434799194,80.2797470093,54198,54248,50
13.0436401367,80.2763519287,54299,54380,81
13.0272703171,80.2571334839,55088,55128,40
13.0268297195,80.255859375,55128,55168,40
13.0280399323,80.2511978149,55260,55381,121
13.0298299789,80.2461776733,55421,55462,41
13.0210599899,80.2420578003,55512,55553,41
13.0196800232,80.2421264648,55593,55633,40
13.0149898529,80.2404022217,55654,55694,40
13.0044603348,80.2121963501,56250,56291,41
13.0057201385,80.2095565796,56321,56432,111
13.0075101852,80.2055282593,56453,56544,91
13.0092601776,80.2110824585,58019,58050,31
13.0091600418,80.2112503052,58050,58151,101
13.0123996735,80.2212677002,58202,58384,182
13.012169838,80.2269973755,58384,58424,40
13.017660141,80.2405319214,58667,58859,192
13.0293703079,80.2461624146,58879,58920,41
13.0270900726,80.2563400269,59132,59202,70
13.0270795822,80.2602310181,59263,59294,31
13.0279102325,80.2633666992,59334,59417,83
13.0300998688,80.2665176392,59448,59519,71
13.0340499878,80.2678985596,59539,59620,81
13.0412302017,80.2657928467,59802,59893,91
13.0433197021,80.2673187256,59914,59945,31
13.0444698334,80.269859314,59975,60015,40
13.0434503555,80.2741165161,60036,60127,91
13.0432701111,80.2757034302,60157,60218,61
13.043680191,80.2800521851,60238,60278,40
13.0564899445,80.281867981,60400,60501,101
13.0640697479,80.2830886841,60582,60683,101
13.0725698471,80.2853622437,60774,60824,50
13.0733804703,80.2852630615,60854,60895,41
13.0769100189,80.287437439,60935,61057,122
13.0893697739,80.2899169922,61127,61269,142
13.0737199783,80.2860107422,62189,62311,122
13.0625400543,80.2830963135,62362,62403,41
13.0625896454,80.2830734253,62403,62555,152
13.0541696548,80.2816925049,62555,62686,131
13.0431203842,80.2781524658,62727,62798,71
13.043390274,80.2745132446,62818,62858,40
13.0433998108,80.274520874,62858,62969,111
13.0409297943,80.2682418823,63081,63121,40
13.0351295471,80.267791748,63232,63263,31
13.0317296982,80.2668914795,63374,63464,90
13.0268697739,80.2659683228,63464,63495,31
13.0263996124,80.2647628784,63515,63677,162
13.0262403488,80.2557830811,63697,63778,81
13.0188102722,80.2413635254,64091,64122,31
13.0080003738,80.2130508423,64769,64870,101
13.0110902786,80.2035522461,65194,65285,91
13.0128297806,80.2087020874,65325,65406,81
13.010430336,80.211769104,65456,65517,61
13.010430336,80.2117233276,65517,65699,182
13.0093202591,80.2110900879,65699,65749,50
13.009180069,80.21144104,65749,65830,81
13.00963974,80.2135925293,65861,65972,111
13.0085296631,80.229637146,66164,66306,142
13.0067396164,80.2406997681,66336,66427,91
13.0173902512,80.2407608032,66478,66518,40
13.0186195374,80.2411804199,66518,66629,111
13.0251197815,80.2434082031,66649,66690,41
13.0271396637,80.2546920776,66953,66993,40
13.027130127,80.256729126,67013,67044,31
13.0298500061,80.2666931152,67418,67478,60
13.0359697342,80.267829895,67559,67630,71
13.0556602478,80.2816009521,68461,68501,40
13.056019783,80.2818222046,68512,68623,111
13.062040329,80.2828979492,68623,68795,172
13.0694904327,80.284576416,68865,68917,52
13.0731496811,80.2857971191,68928,68999,71
13.0786104202,80.2875137329,69080,69191,111
13.0860700607,80.289352417,69191,69232,41
13.0886297226,80.2901306152,69241,69282,41
13.085439682,80.2839584351,69393,69434,41
13.0815496445,80.2762298584,70974,71156,182
13.0645503998,80.2677383423,71490,71551,61
13.0606603622,80.2644577026,71571,71642,71
13.0583600998,80.2650985718,71642,71723,81
13.0345096588,80.2676620483,72865,73027,162
13.0525999069,80.2637329102,73444,73586,142
13.0575399399,80.2610778809,73606,73657,51
13.0616703033,80.2623825073,73707,73798,91
13.0657596588,80.2673416138,73879,73960,81
13.068189621,80.2702636719,73970,74021,51
13.0745801926,80.2761383057,74193,74233,40
13.0777301788,80.2741012573,74283,74435,152
13.0817098618,80.2758102417,74445,74546,101
13.074760437,80.2860870361,75365,75396,31
13.0592002869,80.2823486328,75618,75699,81
13.0441598892,80.2702789307,76133,76164,31
13.0414896011,80.2682113647,76285,76417,132
13.0341596603,80.2677764893,76487,76639,152
13.0259895325,80.2645187378,76740,76780,40
13.0268201828,80.2594528198,76841,76892,51
13.0271701813,80.2551193237,76902,76983,81
13.028840065,80.2494430542,77003,77104,101
13.0271501541,80.2438278198,77124,77165,41
13.0102996826,80.2252731323,77640,77751,111
13.0070199966,80.2097167969,78064,78095,31
13.0078001022,80.2098999023,78125,78267,142
12.9881496429,80.2236633301,1444,1555,111
12.9880895615,80.2236633301,3068,3168,100
12.9881000519,80.2237625122,3168,3310,142
12.9881801605,80.2236785889,3834,3885,51
12.9884004593,80.2237625122,6285,6336,51
12.9881801605,80.2237625122,6346,6396,50
12.9881401062,80.2238082886,6396,6467,71
12.9881801605,80.2237701416,9019,9059,40
12.9881000519,80.2236404419,9069,9121,52
12.9881601334,80.223739624,9121,9273,152
12.9883403778,80.2237319946,9283,9424,141
12.9881496429,80.2237701416,21611,21792,181
12.9882297516,80.2236862183,21792,21984,192
12.988240242,80.2236480713,23507,23608,101
12.9882097244,80.2235488892,25798,25949,151
12.9883403778,80.2236709595,26827,26958,131
12.9883003235,80.2237091064,26958,27129,171
12.9883003235,80.2236480713,27129,27301,172
12.9883203506,80.2236404419,27311,27442,131
12.988240242,80.2236175537,27442,27553,111
12.9883003235,80.2236633301,28057,28118,61
12.9882202148,80.2235336304,29015,29197,182
12.9882297516,80.2236480713,29207,29328,121
12.9883298874,80.2236404419,29328,29449,121
12.9883499146,80.2238006592,29479,29560,81
12.9882001877,80.223777771,29560,29621,61
12.9883499146,80.223777771,33475,33515,40
13.0068302155,80.2512435913,36249,36280,31
13.0429601669,80.2796325684,37006,37066,60
13.0814504623,80.275138855,37550,37601,51
13.0225200653,80.2766265869,40345,40386,41
13.0066404343,80.2517700195,40819,40890,71
13.0066795349,80.247467041,40940,41011,71
12.9884195328,80.2233581543,50694,50725,31
13.0057601929,80.2423019409,51229,51269,40
13.0059204102,80.2423782349,61428,61468,40
12.9883403778,80.2233886719,64388,64419,31
13.0055904388,80.2423019409,65488,65639,151
13.0056600571,80.2423324585,65639,65720,81
12.988360405,80.2234725952,66254,66295,41
12.9883203506,80.2234191895,68010,68062,52
12.9883203506,80.223449707,71733,71783,50
12.9901504517,80.2276611328,73377,73548,171
12.9882802963,80.2233810425,73639,73670,31
13.0988302231,80.2416229248,17833,17873,40
13.0998697281,80.1700820923,19029,19079,50
13.099650383,80.1709976196,19110,19282,172
13.0777397156,80.2619094849,21105,21176,71
13.0778598785,80.2622909546,21186,21227,41
13.0683898926,80.2716827393,21551,21600,49
13.0642204285,80.2833633423,21733,21783,50
12.9870004654,80.2590789795,24254,24294,40
12.9876403809,80.255859375,24375,24456,81
13.0773801804,80.261100769,26357,26458,101
13.0772104263,80.2607727051,26458,26489,31
13.0995798111,80.169670105,28374,28465,91
13.0994997025,80.1698989868,28465,28566,101
13.099360466,80.1699295044,28566,28688,122
13.099439621,80.1700820923,28688,28728,40
13.0777797699,80.2620620728,31306,31437,131
13.077870369,80.2622909546,31437,31487,50
12.9871702194,80.2595977783,33552,33592,40
12.987039566,80.2591018677,35441,35512,71
12.9875402451,80.2559127808,35593,35663,70
12.9991798401,80.256072998,35906,35956,50
13.075460434,80.2584609985,37966,38007,41
13.0789699554,80.2547988892,38118,38168,50
13.0856800079,80.2454528809,38512,38573,61
13.0997200012,80.170249939,40260,40351,91
13.0993204117,80.1699981689,40402,40543,141
13.0974798203,80.2419433594,42423,42524,101
13.0778598785,80.2624664307,43282,43332,50
13.078040123,80.2634429932,43362,43443,81
13.0772600174,80.2608566284,43807,43847,40
13.0789003372,80.2547302246,44049,44100,51
13.0813798904,80.2514190674,44221,44261,40
13.0813598633,80.2510299683,44261,44292,31
13.0988998413,80.2403030396,44898,44979,81
13.099149704,80.2404403687,45918,46009,91
13.0988903046,80.2413635254,46049,46140,91
13.0986795425,80.241859436,46171,46221,50
13.0683002472,80.2715911865,50369,50419,50
13.0642204285,80.2832107544,50662,50702,40
13.0208797455,80.2699432373,51382,51422,40
13.0013599396,80.2565307617,51868,51928,60
12.9878396988,80.255821228,52213,52264,51
12.9869699478,80.2591094971,53698,53779,81
13.0060501099,80.2574081421,54284,54324,40
13.0238103867,80.2735595703,54718,54749,31
13.0331802368,80.2774429321,54962,55002,40
13.0985803604,80.234161377,60033,60064,31
13.0839195251,80.2546081543,60609,60650,41
13.0790901184,80.2547225952,60761,60801,40
13.0778398514,80.2622299194,60993,61033,40
13.0642004013,80.2833175659,61639,61710,71
12.9994297028,80.2562713623,63016,63057,41
12.9871797562,80.2595825195,63319,63370,51
12.9866895676,80.2590637207,64602,64653,51
12.9870595932,80.2591323853,64663,64734,71
12.9933395386,80.2559585571,65016,65107,91
12.9945697784,80.2559204102,65138,65208,70
12.9962501526,80.2558288574,65249,65299,50
12.9991703033,80.256111145,65400,65441,41
13.0010595322,80.2564926147,65481,65521,40
13.0063400269,80.2574615479,65592,65653,61
13.0430002213,80.2795181274,66633,66664,31
13.0668802261,80.2684783936,67496,67537,41
13.0754699707,80.2586517334,68022,68053,31
13.0794696808,80.2545089722,68246,68306,60
13.0798196793,80.2546234131,68306,68377,71
13.085559845,80.2453308105,68710,68771,61
13.0908403397,80.2407608032,69003,69044,41
13.1003599167,80.2149276733,69855,69895,40
13.0996398926,80.1703796387,70765,70805,40
13.0996198654,80.1697769165,70825,70876,51
13.0996904373,80.186416626,71563,71623,60
13.0878400803,80.2428894043,72860,72930,70
13.079079628,80.256401062,73487,73558,71
13.0777196884,80.2620010376,73720,73752,32
13.0792798996,80.2545166016,74149,74188,39
13.0796604156,80.2545623779,74199,74259,60
13.0989704132,80.2402572632,76048,76119,71
13.0983800888,80.2406463623,76159,76199,40
12.9868803024,80.2590637207,12,184,172
12.9868898392,80.2590637207,7082,7254,172
12.9869403839,80.2590026855,11906,11967,61
12.9874696732,80.2576599121,21927,22119,192
12.9875602722,80.2574005127,22119,22221,102
12.9876298904,80.2573776245,22221,22301,80
13.0243501663,80.2283630371,22999,23050,51
13.0231304169,80.2274017334,23110,23161,51
13.006939888,80.2400970459,23757,23808,51
12.9879798889,80.2513198853,24131,24202,71
12.7614803314,80.1847763062,28281,28413,132
12.7616796494,80.1848220825,28413,28485,72
12.7615404129,80.1847915649,28485,28555,70
12.7616195679,80.1848068237,28555,28657,102
12.7709798813,80.2131729126,29739,29770,31
12.9872198105,80.2514801025,32661,32742,81
13.0292196274,80.2308425903,33714,33764,50
13.0348300934,80.2297897339,34189,34269,80
13.0309801102,80.230682373,35695,35735,40
13.027299881,80.2328262329,35837,35877,40
13.0232696533,80.2274475098,35978,36039,61
13.0231304169,80.2272033691,36039,36079,40
12.9880800247,80.251373291,36848,36949,101
12.9565896988,80.2437667847,37343,37414,71
12.901550293,80.2280197144,38131,38192,61
12.8995399475,80.2279281616,38243,38293,50
12.8926401138,80.2274627686,38374,38414,40
12.7862195969,80.2218704224,39769,39911,142
12.786359787,80.2219467163,39911,40062,151
12.7861795425,80.2208862305,41175,41215,40
12.7865600586,80.2204284668,41255,41296,41
12.9003200531,80.2278213501,42651,42701,50
12.902179718,80.2279586792,42742,42782,40
12.9489002228,80.2406387329,43469,43520,51
13.0155601501,80.2250518799,44865,44915,50
13.0158596039,80.2252883911,44915,44955,40
13.0194797516,80.2243804932,45016,45087,71
13.0230998993,80.2274627686,45279,45340,61
12.9878501892,80.2542572021,46037,46078,41
12.9877796173,80.2515792847,52680,52822,142
13.023440361,80.2277374268,53640,53701,61
13.0231199265,80.2273101807,53721,53883,162
12.8993396759,80.2278518677,56238,56269,31
12.8398399353,80.2275619507,56896,56976,80
12.8049097061,80.2239990234,57330,57361,31
12.7862100601,80.2215194702,57694,57755,61
12.786239624,80.2217407227,58422,58594,172
12.7864198685,80.2220001221,59941,60062,121
12.7861995697,80.2204437256,60123,60163,40
12.7866697311,80.2204971313,60173,60214,41
12.8393297195,80.2278137207,60901,60972,71
12.8922796249,80.2273101807,61639,61670,31
12.9064302444,80.2281799316,61902,61963,61
12.958820343,80.244430542,62852,62883,31
12.9666404724,80.2478485107,63006,63047,41
13.0336503983,80.2304916382,64482,64573,91
13.0340299606,80.2304077148,64583,64614,31
13.0341796875,80.2303085327,66282,66322,40
12.9881095886,80.2514266968,67465,67505,40
12.9011497498,80.2280807495,68738,68860,122
12.7865400314,80.2205581665,70378,70510,132
12.9563398361,80.2434310913,76840,76881,41
12.9797201157,80.2526397705,77224,77265,41
12.9875497818,80.2514038086,77356,77447,91
12.9876499176,80.2553482056,77518,77588,70
12.9868001938,80.2584609985,78256,78316,60
12.9872703552,80.259262085,83251,83321,70
12.9873199463,80.2592163086,84282,84393,111
13.0143699646,80.2253417969,4768,4849,81
13.0143699646,80.2254562378,14054,14176,122
13.0143604279,80.2259368896,23118,23169,51
13.0244102478,80.2284698486,23493,23533,40
13.0233297348,80.2275314331,23574,23614,40
12.9879798889,80.2513122559,24272,24353,81
12.9011096954,80.2279891968,25275,25366,91
12.7862596512,80.2203826904,27644,27685,41
12.7864599228,80.2203598022,27685,27745,60
12.9874696732,80.2514190674,30114,30165,51
13.0237197876,80.2277374268,30977,31068,91
13.0243902206,80.2286300659,31990,32071,81
13.0145301819,80.2261734009,32789,32830,41
13.0085697174,80.2315216064,33012,33103,91
13.0069303513,80.239982605,33245,33336,91
12.7862100601,80.2205123901,36819,36859,40
12.9005804062,80.2278366089,38238,38359,121
12.9062795639,80.2281799316,38461,38532,71
12.9488296509,80.2406387329,39058,39109,51
12.9633302689,80.2466430664,39372,39422,50
12.9871702194,80.2514801025,39767,39848,81
13.0067396164,80.2403182983,40172,40222,50
13.0243797302,80.2284927368,40779,40819,40
13.0069198608,80.2399673462,41882,41974,92
12.9881601334,80.2513580322,42267,42328,61
12.9567499161,80.2438278198,42753,42864,111
12.9011602402,80.2279891968,43583,43644,61
12.8928098679,80.2274703979,43765,43816,51
12.786239624,80.2203979492,45033,45083,50
12.7862100601,80.2206497192,46400,46460,60
12.7862701416,80.2202835083,46460,46511,51
12.8392696381,80.2277069092,47007,47058,51
12.9875602722,80.2513427734,48758,48870,112
13.0197095871,80.2245025635,49508,49548,40
13.0141496658,80.2258224487,49842,49913,71
13.0148200989,80.2255172729,49953,50125,172
13.0146198273,80.2256774902,50135,50247,112
13.0141201019,80.2255096436,53447,53629,182
13.0232200623,80.2274017334,54065,54196,131
13.0143003464,80.2262420654,54368,54399,31
12.9879598618,80.251373291,54905,55006,101
12.8400497437,80.2275466919,56950,56990,40
12.8396596909,80.2276535034,57000,57041,41
12.7861995697,80.2213897705,57749,57841,92
12.8395004272,80.2277374268,59217,59268,51
12.9783496857,80.2522125244,61262,61293,31
13.0243597031,80.2283935547,62730,62761,31
13.023150444,80.227432251,62821,62882,61
13.0231895447,80.2273864746,62882,62955,73
13.0231599808,80.2272186279,62955,63066,111
13.0088195801,80.2303466797,63319,63431,112
13.0069599152,80.2398529053,63562,63593,31
12.9879598618,80.251411438,63917,64028,111
12.7869300842,80.2206115723,66691,66751,60
12.7862596512,80.2203369141,66772,66822,50
12.7861795425,80.221496582,67470,67521,51
12.7861404419,80.2210693359,67531,67632,101
12.7861204147,80.2205581665,67642,67734,92
12.838760376,80.2278594971,68412,68493,81
12.9005002975,80.2278366089,69242,69282,40
12.9487304688,80.2406234741,69941,69981,40
12.9561595917,80.2434082031,70104,70144,40
12.9796600342,80.2525863647,70480,70541,61
13.0243902206,80.2285079956,71624,71665,41
13.0068597794,80.2399978638,72424,72485,61
12.9879999161,80.2513580322,72799,72849,50
12.90102005,80.2279663086,73975,74036,61
12.7861700058,80.2206802368,75524,75564,40
12.786239624,80.2220916748,75645,75716,71
12.7862997055,80.2219390869,75726,75838,112
12.7864398956,80.2220611572,75838,75959,121
12.8393001556,80.2277984619,76810,76850,40
13.0142202377,80.225402832,79402,79442,40
12.9872903824,80.2586135864,9767,9868,101
12.9872598648,80.2584609985,19585,19666,81
12.9871797562,80.2585372925,19888,19989,101
13.023440361,80.2276992798,21102,21172,70
12.9666500092,80.2477874756,26895,26926,31
12.9876804352,80.2513122559,27249,27340,91
13.0241699219,80.2281570435,28099,28230,131
13.0067300797,80.2473526001,30404,30444,40
12.9882898331,80.2513122559,30676,30717,41
12.9068098068,80.2283401489,31789,31870,81
12.9010896683,80.228012085,31941,32012,71
12.8398303986,80.2276992798,32750,32790,40
13.0067100525,80.2404327393,37633,37664,31
13.0148096085,80.2243423462,37987,38098,111
13.0195503235,80.2243728638,38220,38260,40
13.0212001801,80.2257232666,38331,38523,192
13.0213603973,80.2258682251,39089,39160,71
13.006939888,80.2400512695,40434,40535,101
13.0066795349,80.2474212646,40626,40666,40
12.9881401062,80.251411438,40939,41040,101
12.9564800262,80.2437515259,41485,41526,41
12.9072399139,80.2284317017,42173,42223,50
12.9015302658,80.2281036377,42304,42345,41
12.8050003052,80.2240524292,43487,43518,31
12.7884902954,80.2212600708,43710,43780,70
12.787320137,80.2207794189,43861,43912,51
12.786939621,80.2206573486,43922,43973,51
12.7861700058,80.2206878662,44043,44074,31
12.7861795425,80.2210769653,44468,44508,40
12.7861700058,80.2205200195,44519,44559,40
12.8394298553,80.2277297974,45197,45237,40
12.9632501602,80.2465133667,46956,46987,31
12.9871196747,80.2514572144,47280,47371,91
13.0195398331,80.2243804932,48109,48180,71
13.0230998993,80.2273864746,49595,49676,81
13.0229902267,80.2272796631,49676,49777,101
13.0145397186,80.2262268066,50030,50090,60
13.0090303421,80.2293701172,50202,50313,111
13.0068998337,80.2400436401,50454,50525,71
12.9882602692,80.2514419556,50839,50930,91
12.7865104675,80.2204284668,53275,53306,31
12.7862195969,80.2207107544,53892,53932,40
12.7863798141,80.2203903198,53963,54003,40
12.8393096924,80.2277297974,54590,54681,91
12.8453598022,80.2265090942,54741,54772,31
12.9059696198,80.2281036377,55550,55591,41
12.9563598633,80.2433013916,56277,56308,31
12.9632997513,80.2464981079,56410,56470,60
12.987039566,80.2515106201,56774,56834,60
13.0195503235,80.2244033813,57572,57633,61
13.0243196487,80.2283630371,57714,57764,50
13.0229902267,80.2273635864,58149,58300,151
13.0143604279,80.2262802124,58573,58604,31
13.0069799423,80.2400436401,58836,58887,51
12.9567804337,80.2438201904,59706,59857,151
12.9564399719,80.2436981201,59867,59898,31
12.9073495865,80.2284469604,60525,60565,40
12.7872896194,80.2207870483,62011,62102,91
12.7866897583,80.2205581665,62132,62193,61
12.7861795425,80.2207794189,62233,62264,31
12.7861700058,80.2210235596,63376,63447,71
12.8315200806,80.2291793823,64063,64104,41
12.8391895294,80.2277908325,64185,64286,101
12.8453197479,80.2265625,64346,64377,31
12.8543195724,80.2265319824,64559,64660,101
12.9007301331,80.227897644,65186,65287,101
12.9631004333,80.2465286255,66156,66187,31
12.9868001938,80.2516098022,66551,66611,60
13.0194702148,80.2243881226,67481,67521,40
12.9879598618,80.2515029907,69361,69473,112
12.906920433,80.2284164429,70554,70615,61
12.8925895691,80.2275238037,70827,70868,41
12.7862596512,80.2204284668,72182,72213,31
12.9562397003,80.2434234619,75762,75802,40
12.9797096252,80.2527236938,76115,76166,51
12.9876403809,80.2514266968,76257,76388,131
12.9876298904,80.2557525635,76458,76631,173
12.9868202209,80.2585983276,76732,76904,172
12.9865999222,80.2587432861,79786,79907,121
12.9873304367,80.2585296631,80716,80776,60
12.9876804352,80.2548828125,80847,80999,152
12.9843301773,80.2523803711,81110,81161,51
12.9786701202,80.2526016235,81231,81272,41
12.9011802673,80.2279586792,82445,82495,50
12.9233398438,80.1206283569,85286,85347,61
12.9869604111,80.2593307495,18778,18919,141
12.987859726,80.2515563965,21976,22077,101
13.0199804306,80.224822998,24164,24235,71
12.9879798889,80.2513427734,24852,24953,101
12.8454704285,80.2265396118,29477,29517,40
12.9005203247,80.2278366089,30145,30205,60
12.9872903824,80.2515029907,31390,31461,71
13.0155200958,80.2250823975,32078,32119,41
13.0244102478,80.228477478,32291,32372,81
13.0069799423,80.2400894165,33768,33819,51
12.8994703293,80.2278594971,35289,35320,31
12.7862195969,80.2213897705,38163,38224,61
12.786190033,80.2207565308,38254,38345,91
12.7862100601,80.2203674316,38355,38396,41
12.8394498825,80.2276763916,39104,39145,41
12.9796600342,80.2526168823,40875,40915,40
12.9875802994,80.2513885498,41006,41128,122
13.0067796707,80.2403182983,41445,41505,60
13.0197601318,80.2245483398,41890,41930,40
13.0148696899,80.2260284424,43175,43226,51
13.0087404251,80.2307434082,43347,43509,162
13.0068902969,80.2400817871,43671,43711,40
12.956580162,80.2437667847,44541,44582,41
12.9069700241,80.2283172607,45249,45290,41
12.8397397995,80.2276611328,46099,46130,31
12.7866201401,80.2204818726,46848,46899,51
12.7862997055,80.2203369141,46909,46970,61
12.7861604691,80.220741272,47526,47607,81
12.786190033,80.2203674316,47617,47668,51
12.8392601013,80.2277679443,48346,48386,40
12.8923101425,80.2272872925,48983,49024,41
12.9633598328,80.2465667725,50046,50096,50
12.9875001907,80.257850647,50541,50693,152
12.9873695374,80.258392334,50724,50774,50
12.9869403839,80.2584991455,50784,50886,102
12.9866695404,80.2590789795,54987,55028,41
12.9867200851,80.2586898804,55058,55109,51
12.9866800308,80.2590026855,55402,55493,91
12.9875802994,80.2566375732,55584,55615,31
12.9876203537,80.2557983398,55645,55695,50
12.9966001511,80.2558898926,55878,55918,40
12.9991197586,80.2561187744,55979,56019,40
13.0064096451,80.2574920654,56141,56201,60
13.0239400864,80.2737731934,56667,56717,50
13.0869398117,80.2837371826,58094,58164,70
13.0390796661,80.2788467407,60006,60037,31
12.9890899658,80.2559585571,61089,61160,71
12.9849100113,80.2595977783,61382,61413,31
12.9844398499,80.2594985962,61443,61484,41
12.9839401245,80.2594680786,61504,61625,121
12.9188604355,80.2508926392,62738,62769,31
12.9152498245,80.2503204346,62890,62921,31
12.9739198685,80.2583770752,64440,64480,40
12.9862804413,80.2579421997,64753,64794,41
12.9928598404,80.2560424805,65077,65118,41
12.9939699173,80.2559814453,65178,65229,51
12.9954099655,80.2559204102,65269,65320,51
13.023730278,80.2734985352,66160,66221,61
13.0326404572,80.2775115967,66453,66484,31
13.0430698395,80.279586792,66716,66797,81
13.0888004303,80.2901687622,67693,67744,51
13.0887298584,80.2901000977,69019,69059,40
13.0642299652,80.2834777832,69494,69525,31
13.0624799728,80.2830123901,69565,69596,31
13.035369873,80.2776870728,70244,70286,42
13.0349798203,80.2776412964,70286,70367,81
13.0338401794,80.2773284912,70427,70478,51
13.0333404541,80.2773284912,70498,70529,31
12.9988899231,80.2560195923,71409,71450,41
12.9780797958,80.2590637207,72087,72157,70
12.9500303268,80.2547225952,72704,72735,31
12.9873800278,80.2577514648,73706,73818,112
12.9875497818,80.2560806274,73878,74030,152
12.9990797043,80.2560501099,74293,74334,41
13.0326404572,80.2774734497,75153,75224,71
13.088809967,80.2901916504,76135,76186,51
13.0242500305,80.2743225098,79122,79183,61
12.9987201691,80.2560577393,79689,79730,41
12.9146795273,80.2504196167,81068,81240,172
12.9870901108,80.2580108643,82677,82799,122
12.9875898361,80.2558517456,82849,82890,41
12.9874200821,80.2583465576,82961,83123,162
12.9872303009,80.2585525513,83123,83264,141
12.9872303009,80.2586212158,83264,83345,81
12.9867401123,80.2585220337,20689,20740,51
12.9869203568,80.2590789795,20760,20831,71
12.9863195419,80.2555999756,20953,21034,81
12.9864902496,80.258682251,21509,21570,61
12.9864597321,80.2587203979,30625,30756,131
12.9864397049,80.2586517334,32123,32275,152
12.9866199493,80.2586212158,33652,33804,152
12.9864797592,80.2587814331,38138,38169,31
12.9863901138,80.2588272095,45430,45592,162
12.9864501953,80.2586975098,50796,50897,101
12.9866600037,80.2589416504,72909,72949,40
12.9868001938,80.2596206665,78691,78853,162
12.9866800308,80.2594985962,80180,80332,152
12.9864997864,80.2597122192,80818,80940,122
13.0760097504,80.2758026123,21505,21606,101
13.0820798874,80.2753295898,21748,21839,91
13.068570137,80.2718887329,22234,22265,31
12.7863998413,80.2203521729,26974,27005,31
12.9140195847,80.229309082,28483,28514,31
12.948849678,80.2406005859,28878,28919,41
13.0155496597,80.2250518799,29992,30023,31
13.0820598602,80.2753219604,31261,31433,172
13.0819997787,80.2757492065,32598,32790,192
13.0718002319,80.2746200562,34056,34097,41
13.0313301086,80.2403106689,34836,34907,71
12.9879198074,80.251373291,35727,35869,142
12.8993902206,80.2278823853,36932,36963,31
12.7865600586,80.2204818726,38190,38271,81
12.7254199982,80.1881027222,38919,38950,31
12.7245397568,80.1878585815,42181,42212,31
12.7860803604,80.2202377319,42819,42860,41
12.8053998947,80.2240982056,43143,43184,41
12.8921899796,80.2272796631,44085,44116,31
12.9023399353,80.2279815674,44257,44318,61
12.9634504318,80.2466506958,45139,45179,40
12.9793901443,80.2526016235,45382,45453,71
12.9870796204,80.2515029907,45534,45645,111
13.0813798904,80.2750930786,47569,47620,51
13.0820503235,80.2757263184,47650,47701,51
13.0762300491,80.2758026123,48797,48939,142
13.0819396973,80.2752990723,50630,50681,51
13.081580162,80.2757492065,51208,51268,60
13.0232601166,80.2274169922,52495,52535,40
13.0063295364,80.2474517822,53062,53103,41
12.845410347,80.2265777588,54936,54976,40
12.7863502502,80.2203598022,55594,55634,40
12.7861995697,80.2214431763,55675,55726,51
12.7862596512,80.2218093872,55736,55786,50
12.7866096497,80.2204589844,57356,57397,41
12.8394002914,80.2277374268,58035,58146,111
12.9562902451,80.2432785034,59493,59544,51
13.0758199692,80.2763366699,61721,61762,41
13.0814695358,80.275177002,61843,61944,101
13.03125,80.2403182983,64993,65054,61
13.0069198608,80.2398681641,65631,65672,41
13.0061197281,80.2473907471,65793,65824,31
12.9883003235,80.2512817383,66026,66067,41
12.8396997452,80.2276306152,68023,68074,51
12.7886600494,80.2212677002,68662,68702,40
12.7881202698,80.2210617065,68732,68763,31
12.7877197266,80.2209320068,68773,68824,51
12.7873897552,80.2207794189,68824,68905,81
12.78703022,80.2206420898,68905,68955,50
12.7866401672,80.220489502,68955,69006,51
12.7862195969,80.2203216553,69016,69067,51
12.7846803665,80.2195968628,69097,69138,41
12.7221899033,80.1874389648,69988,70049,61
12.7253503799,80.1880264282,71786,71867,81
12.7296600342,80.188949585,71928,71959,31
13.0265798569,80.2329406738,75598,75638,40
13.0814199448,80.275138855,76853,76924,71
13.0820703506,80.2758026123,76945,77026,81
13.0760698318,80.275680542,86315,86366,51
13.0142498016,80.2256622314,8464,8626,162
13.0141401291,80.2256317139,9054,9226,172
13.0142202377,80.225769043,9236,9388,152
13.0141897202,80.2257995605,9398,9469,71
13.0141000748,80.2258224487,18814,18936,122
13.0142602921,80.2257385254,18936,19077,141
13.0141401291,80.225692749,19726,19797,71
13.0141401291,80.225692749,19801,19990,189
13.0142498016,80.2256698608,20000,20071,71
13.0143995285,80.2255325317,22533,22594,61
13.0143404007,80.2253875732,24388,24530,142
13.0143404007,80.2255020142,24530,24581,51
13.014380455,80.2256164551,30480,30520,40
13.014380455,80.2254180908,31069,31130,61
13.0142698288,80.2261428833,32387,32438,51
13.0139303207,80.2245483398,32610,32661,51
13.0142498016,80.2247772217,32661,32742,81
13.0148696899,80.2250595093,32752,32813,61
13.0242595673,80.2283401489,33015,33056,41
13.0069599152,80.240020752,34059,34140,81
12.9881696701,80.251411438,34487,34578,91
12.9011201859,80.2280426025,35723,35784,61
12.7861795425,80.2210769653,38277,38378,101
12.7861499786,80.2207336426,38378,38409,31
12.7861604691,80.220489502,38419,38490,71
12.8393602371,80.2276535034,39158,39209,51
12.9488201141,80.2405471802,40648,40689,41
12.9796800613,80.2525634766,41125,41165,40
12.9873800278,80.2513809204,41256,41347,91
13.0193996429,80.224281311,42108,42148,40
13.0230503082,80.2274627686,42290,42422,132
13.006939888,80.2400588989,42827,42928,101
12.9880695343,80.2514266968,43273,43395,122
12.9565296173,80.243812561,43830,43901,71
12.9010295868,80.2280197144,44621,44712,91
12.7876596451,80.2209625244,45989,46029,40
12.7868700027,80.2206573486,46080,46161,81
13.0193996429,80.2242507935,51705,51755,50
13.0141201019,80.2255325317,52537,52658,121
13.0142602921,80.2261123657,52699,52750,51
12.786239624,80.2216491699,55810,55972,162
12.7862195969,80.2217025757,56378,56438,60
12.7861700058,80.2209396362,56448,56509,61
12.7861700058,80.2203903198,56540,56590,50
12.8923397064,80.2272491455,57887,57928,41
12.9561300278,80.2432327271,58779,58860,81
12.9875097275,80.2513885498,59286,59398,112
13.019200325,80.2242889404,60066,60107,41
13.0243597031,80.2283401489,60228,60259,31
13.0069704056,80.2400283813,61100,61171,71
12.9135904312,80.2293930054,62569,62600,31
12.9013299942,80.2280578613,62782,62833,51
12.8397903442,80.2277526855,63613,63644,31
12.7873401642,80.2208023071,64333,64383,50
12.7872600555,80.2207565308,64394,64444,50
12.7862901688,80.2203979492,64485,64606,121
12.7861299515,80.2209396362,65681,65873,192
12.7861404419,80.2206192017,65883,66035,152
12.838640213,80.2278213501,66868,66980,112
12.8389997482,80.2277069092,66980,67071,91
12.8393697739,80.2276229858,67071,67112,41
12.8557701111,80.2263183594,67375,67446,71
12.900560379,80.2277832031,68044,68105,61
12.9031400681,80.2279205322,68155,68186,31
13.0193500519,80.2242507935,70334,70365,31
13.0243396759,80.2283325195,70486,70567,81
13.0069303513,80.2399215698,71611,71682,71
12.9637403488,80.246887207,72361,72392,31
12.9564399719,80.243637085,72523,72554,31
12.7863397598,80.2204284668,74735,74836,101
12.8500204086,80.2264099121,76873,76944,71
12.9633798599,80.2465362549,78423,78484,61
12.9875202179,80.2512893677,78768,78849,81
13.0229902267,80.2270812988,79660,79731,71
13.0142297745,80.2258071899,82416,82447,31
13.01445961,80.2254486084,83166,83288,122
13.0144300461,80.2254486084,84190,84312,122
12.9974899292,80.2571792603,349,389,40
12.9973602295,80.2572021484,7883,7944,61
12.9973402023,80.2573165894,17876,17916,40
12.9973297119,80.2572402954,19372,19433,61
12.997130394,80.257270813,20819,20970,151
12.9977197647,80.2562408447,22629,22679,50
13.019780159,80.2245178223,29293,29333,40
13.0240602493,80.2278518677,29687,29738,51
13.024020195,80.2278671265,29738,29829,91
13.0240497589,80.2280578613,29829,29889,60
13.0243597031,80.2284164429,29910,29960,50
13.0230503082,80.227180481,30031,30092,61
13.0230302811,80.2273025513,30092,30193,101
12.9972000122,80.256980896,30850,30951,101
12.9971399307,80.257019043,31204,31335,131
12.9968299866,80.256942749,31912,32013,101
12.9969797134,80.2568206787,33297,33469,172
12.9975204468,80.2562637329,33692,33783,91
12.9971504211,80.2560119629,33823,33854,31
12.9009799957,80.2279968262,34966,35037,71
12.9138803482,80.2292633057,38050,38090,40
12.9563102722,80.2433776855,38626,38657,31
12.9633798599,80.2465667725,38768,38819,51
12.9869804382,80.2515335083,39142,39203,61
13.0151500702,80.2247009277,39779,39830,51
13.0192604065,80.224281311,39921,39981,60
12.9565200806,80.2437591553,41882,41913,31
12.8994503021,80.2279815674,42641,42691,50
12.7882099152,80.2211380005,43895,43935,40
12.7876796722,80.2209625244,43965,43996,31
12.7873497009,80.2208023071,44006,44046,40
12.7862701416,80.2204437256,44117,44157,40
12.7862596512,80.2217636108,44188,44299,111
12.8319196701,80.2290878296,46038,46089,51
12.8622102737,80.2264633179,46453,46524,71
12.9139900208,80.2292709351,47140,47171,31
12.9871702194,80.251449585,48152,48233,81
13.0195598602,80.2243499756,48930,48961,31
13.0220098495,80.2261810303,49021,49203,182
12.9880800247,80.251411438,52085,52217,132
12.9562597275,80.2432403564,57394,57464,70
12.9877700806,80.2555007935,58011,58081,70
12.9968004227,80.2569732666,61783,61934,151
12.9968795776,80.2570037842,62976,63077,101
12.9968500137,80.2568969727,74627,74748,121
12.9975595474,80.2568817139,75213,75294,81
12.9975795746,80.2566375732,75294,75405,111
13.0145101547,80.2256011963,19208,19339,131
13.0143003464,80.2259368896,19349,19511,162
12.9879798889,80.2514266968,20553,20603,50
12.9011201859,80.228012085,21655,21705,50
12.7863998413,80.2219924927,23495,23526,31
12.9874696732,80.2513809204,26024,26074,50
12.9883003235,80.2513198853,28309,28350,41
12.786239624,80.2204589844,30959,30999,40
12.7862796783,80.2217636108,31039,31151,112
12.7862901688,80.2217788696,31849,31919,70
12.7862701416,80.222038269,32182,32294,112
12.7861995697,80.2204589844,32385,32425,40
12.8395299911,80.2276611328,33092,33123,31
12.9006204605,80.2278137207,33820,33891,71
12.9795398712,80.2525863647,35125,35175,50
12.987159729,80.2514724731,35266,35337,71
13.0066604614,80.2405014038,35711,35742,31
13.0244102478,80.2284622192,36308,36369,61
13.0069999695,80.2397994995,37602,37663,61
12.8926401138,80.2274627686,39463,39524,61
12.8397302628,80.2276687622,40161,40211,50
12.786239624,80.2203521729,40899,40949,50
12.7861604691,80.2205963135,42092,42173,81
12.845410347,80.2265090942,43032,43063,31
12.9004602432,80.2277984619,43740,43771,31
13.019490242,80.2243804932,45926,45997,71
13.0141201019,80.225479126,46351,46513,162
13.0145301819,80.2252502441,48050,48101,51
13.0143003464,80.225189209,48101,48252,151
13.0243997574,80.2284011841,50042,50093,51
13.0233097076,80.2275390625,50396,50447,51
13.0069198608,80.240020752,50801,50841,40
12.9068202972,80.2283325195,52075,52125,50
12.9012002945,80.2280197144,52196,52247,51
12.8397197723,80.2277069092,52944,52985,41
12.7867603302,80.2204971313,53591,53622,31
12.8393096924,80.2277679443,54734,54805,71
12.9562196732,80.2433013916,56140,56180,40
12.9870004654,80.2515182495,56524,56615,91
13.0196895599,80.2244262695,57272,57313,41
13.0234804153,80.2277374268,57424,57464,40
12.7880897522,80.2210769653,60690,60781,91
12.7872600555,80.2207717896,60821,60862,41
12.7861795425,80.2211608887,62429,62561,132
12.7865200043,80.2204589844,62591,62631,40
12.8391599655,80.2277984619,63309,63370,61
12.8607301712,80.2265014648,63622,63754,132
12.986240387,80.2517318726,65392,65493,101
13.0222196579,80.2263793945,66454,66565,111
12.9879598618,80.2514038086,67971,68102,131
12.956489563,80.2435913086,68547,68598,51
12.787229538,80.2207489014,70458,70539,81
12.7862195969,80.2203216553,70630,70671,41
12.7861700058,80.2203521729,71237,71298,61
12.9005002975,80.2278137207,72542,72583,41
12.9632196426,80.2464828491,73351,73382,31
13.0244102478,80.2284088135,74406,74467,61
12.9874000549,80.2584991455,19001,19042,41
12.9869203568,80.2585220337,19052,19113,61
12.9868803024,80.2585983276,19113,19173,60
12.9868001938,80.2586517334,19173,19224,51
12.9871301651,80.2591400146,19254,19285,31
12.7861795425,80.2204666138,21551,21602,51
13.0234498978,80.2277374268,24933,25034,101
13.0233602524,80.2275238037,25034,25105,71
12.8397102356,80.2276306152,27289,27320,31
12.7862195969,80.2215805054,27926,28028,102
12.7863101959,80.2220916748,28594,28695,101
13.01541996,80.2249832153,33226,33257,31
13.0235204697,80.2277374268,33500,33560,60
13.0234603882,80.2273635864,34400,34582,182
13.0068597794,80.2400131226,35067,35098,31
12.9070196152,80.2283172607,36483,36514,31
12.7866601944,80.2205429077,38000,38031,31
12.7865896225,80.2204284668,38031,38081,50
12.7861995697,80.2204208374,38091,38122,31
12.7862195969,80.2212677002,38152,38213,61
12.900639534,80.2278213501,41095,41176,81
12.9024295807,80.2279586792,41216,41257,41
12.9870004654,80.2515792847,42389,42420,31
13.0148897171,80.2244567871,43077,43108,31
13.0243797302,80.2285003662,43340,43371,31
13.0149202347,80.2260284424,44301,44352,51
13.0087003708,80.2308807373,44463,44554,91
12.9882297516,80.2514038086,45070,45130,60
12.9010601044,80.2279891968,46354,46415,61
12.8712596893,80.2267074585,46819,46870,51
12.7879104614,80.2210083008,47830,47861,31
12.7877597809,80.2209091187,47871,47942,71
12.7866001129,80.2204971313,48012,48043,31
12.7861795425,80.2203826904,49732,49782,50
12.8394603729,80.2277603149,50500,50541,41
12.9022798538,80.2279663086,51360,51391,31
12.9872703552,80.251449585,52645,52746,101
13.02023983,80.2249526978,53575,53615,40
13.0230998993,80.2272872925,54222,54404,182
12.9878196716,80.2513809204,55102,55213,111
12.8925800323,80.2273635864,56298,56348,50
12.8399801254,80.2276229858,56904,56985,81
12.7864999771,80.2204208374,58917,59049,132
12.8394603729,80.2277069092,59779,59839,60
12.9563398361,80.2433776855,61407,61457,50
12.9633398056,80.2466125488,61569,61629,60
12.9866695404,80.2516937256,61953,62004,51
13.0201997757,80.2248001099,62722,62762,40
13.0234298706,80.2277069092,62894,62954,60
13.0143299103,80.2262573242,63227,63268,41
13.0087099075,80.2309799194,63379,63419,40
12.9880800247,80.2513504028,63935,64046,111
12.7868299484,80.2205505371,66818,66868,50
12.7862501144,80.2216415405,67000,67040,40
12.7861499786,80.2212905884,69063,69215,152
12.7861003876,80.2207489014,69225,69296,71
12.8561601639,80.2262496948,70338,70378,40
12.9062299728,80.2281265259,71076,71116,40
12.9872503281,80.2514190674,72279,72320,41
13.0202102661,80.2248382568,73018,73058,40
13.0243396759,80.2283706665,73129,73169,40
12.9877004623,80.2551727295,74040,74202,162
12.9870100021,80.2587432861,76347,76387,40
